[{"mapping": [4, 8, 10, 12, 7, 9, 2, 6, 0, 11, 3, 5, 1, 13], "R": [[0.9794370646903476, 0.1966918969914165, 0.04489247118030136], [-0.19912646887134486, 0.97823249978806, 0.05839371330231421], [-0.03242970406256454, -0.06613224641823034, 0.9972837310806255]], "T": [-0.005015529569640253, 0.04838027945964871, 0.18405419837487844], "aligned_model": [[0.6148116833155505, 0.1637144989373097, -0.8472525333079143, -0.5332392429565417, -0.023900820508595138, -0.26929734599692945, 0.5637207785526384, 0.677817491165408, -0.029285396195652392, -0.3640756016993547, 0.44938920758386014, 0.03774008582901918, -0.1786570940228192, -0.044274866517776804], [-0.39795168331596226, -0.7067153296644462, -0.3682338114773277, 0.26714622125213405, -0.4235249473058526, 0.12561672064215829, 0.36441465785501226, -0.2776244761804523, 0.7446121409748424, -0.5359625718786453, 0.2444528481002348, -0.23333167600212454, 0.4977736387441699, -0.06769211189545016], [-0.3904074903241398, 0.07478421080163755, -0.1799491716759455, 0.09327435864707627, -0.40615193952358575, -0.4948661396792853, -0.22572565582173845, 0.293627230100484, -0.14773580021710844, 0.3132096765216363, 0.35219755529650454, 0.8849190868829158, 0.5017621289466501, 0.07669607486808146]], "inverted": true, "swapped": false, "error_lsq": 0.046262282578059324, "error_max": 0.30822923917982165, "target": "203.xyz", "model": "0.xyz", "model_rescale": 3.8414455957264533, "target_rescale": 4.026502006881672},
{"mapping": [11, 13, 8, 6, 12, 10, 1, 0, 5, 9, 4, 7, 2, 14], "R": [[-0.9643400554465682, 0.08321087196630181, -0.2512453148775474], [0.061866591103619695, -0.8521205941267289, -0.5196758778030098], [-0.2573339899168544, -0.5166879559770278, 0.8165860479960173]], "T": [0.01943203070676728, -0.019326488573946393, 0.09693526383585235], "aligned_model": [[0.5029392269366006, 0.06327853345396933, -0.5301526094406589, -0.682794101345437, -0.04005791593772489, -0.26505173257383935, 0.7453674598015526, 0.6371200990602573, -0.17356630440931656, -0.3660327474622234, 0.3478176396100231, 0.12090562520508147, -0.210108544983273, 0.06754621626319049], [-0.46544141997702115, -0.7762285569920546, -0.4786780193237652, 0.3181154966193883, -0.342047614088821, 0.2358819553532042, 0.18638063570579713, -0.2735589374544677, 0.5961806306510815, -0.39252800588514636, 0.30274609315730194, -0.173107137617536, 0.4837240318079762, 0.011540467892352958], [-0.4447912920049789, 0.09206251711977412, -0.23661427073494243, 0.15205821618262283, -0.5919780581878411, -0.4707961330309903, -0.32638520929800185, 0.378617144078644, -0.03806626877848804, 0.5184174250967893, 0.3871926992451752, 0.7125728388216924, 0.5856642538433948, 0.027680262470332742]], "inverted": false, "swapped": false, "error_lsq": 0.0385284082914862, "error_max": 0.20383471573482503, "target": "203.xyz", "model": "1.xyz", "model_rescale": 4.316132596720782, "target_rescale": 4.026502006881672},
{"mapping": [4, 1, 2, 8, 5, 6, 3, 10, 9, 7, 11, 13], "R": [[0.03324356030871867, 0.7771357832669, -0.6284543261559608], [0.005436550131196316, -0.628933182018551, -0.7774403491449948], [-0.9994324937786803, 0.022428261683918815, -0.025132915811065026]], "T": [-0.10673180374338906, 0.004333302150608313, -0.040404227994485814], "aligned_model": [[-0.29434779928646787, 0.5337714034963181, 0.15056524450923045, -0.6826934827081822, -0.5604580418090008, -0.4818333326766352, -0.08207689731939533, -0.11638933308298857, 0.6008449104789649, 0.19760434326800327, 0.39118975063344763, -0.058368210871513664], [-0.7059957032005921, -0.31408463138930987, -0.4462349716151384, 0.40708094650337917, -0.24937725323673435, -0.08078427338944127, 0.3054274337885596, 0.5686026000559462, 0.016795427412958336, 0.09663946968786111, 0.46175970842265834, -0.04705232529916639], [0.033668906027995826, 0.10424846481008962, -0.6836031134268336, -0.05663759558988976, -0.33686895813205964, 0.504888439014155, -0.6340250642082579, 0.427191525156699, -0.4600296627739563, 0.6195271303178377, -0.0506640718874123, -0.018437538098946913]], "inverted": true, "swapped": true, "error_lsq": 0.03892879846023994, "error_max": 0.19906866280315264, "target": "203.xyz", "model": "2.xyz", "model_rescale": 3.795458400668931, "target_rescale": 4.026502006881672},
{"mapping": [6, 7, 10, 9, 5, 3, 11, 4, 1, 2, 8, 13], "R": [[0.4296578473117334, 0.6504316619578054, 0.6263647398810495], [0.7338868254480531, -0.6556810417729528, 0.17746126026069697], [0.5261219076195427, 0.3834332074590604, -0.7590617324963965]], "T": [0.034922969344803975, 0.04761137597875034, -0.002211615709080343], "aligned_model": [[-0.17109901401695815, -0.29333542554662195, -0.6719163205592164, 0.29369930222583646, 0.3320913991480918, 0.024537813321693983, -0.306667412202056, 0.6141916103542407, 0.33798864373387083, 0.7469875814272423, -0.39066206746053556, 0.07748771531797723], [-0.16267619588355703, -0.6049705414182143, -0.1414609222156665, -0.05529244175833549, 0.4708379859001788, 0.5635065424069613, -0.11441849988702821, -0.09394988821256986, -0.5320853023943324, 0.25274159341123503, 0.5156219307867479, -0.012085215445710028], [-0.6010641274840685, -0.057289595854595, -0.04426849505139196, 0.7719661613068933, -0.30337277227203113, 0.41897191138464407, 0.5584419193964304, -0.43771378198887584, 0.32130298753181313, 0.36358057762090074, -0.3088784380535344, 0.00709508410291557]], "inverted": true, "swapped": true, "error_lsq": 0.04502716166741058, "error_max": 0.19048778093704966, "target": "203.xyz", "model": "3.xyz", "model_rescale": 3.7530521520055578, "target_rescale": 4.026502006881672},
{"mapping": [2, 0, 1, 7, 9, 6, 3, 5, 8, 10, 13], "R": [[0.41705850792435717, -0.26144147626999015, 0.8704657118196428], [0.8132651058965328, 0.5349452707339852, -0.22898345977481593], [-0.4057857421090721, 0.8034188893753442, 0.43572470631796656]], "T": [-0.10391546972526994, -0.02790258456727311, 0.07980183575608123], "aligned_model": [[-0.4302020148797967, -0.09243030633672622, 0.2696265846114475, 0.4606458475030309, 0.23692127117548717, -0.18112123035717223, -0.19609274994233838, -0.6992202270675394, -0.3298299244337639, 0.38464793571893724, -0.08474558354636108], [-0.7596145004663949, 0.14983697761134368, -0.33769535136988943, 0.33244780812313335, -0.7747184792829074, 0.6125839236157594, -0.4679561838097061, -0.03649309886792544, 0.3591126790478288, 0.4364243556866147, -0.04672477197351025], [-0.12281383285700843, -0.7479971590838582, -0.46522432480732, -0.21696142040010002, 0.025011763280733693, -0.09080459650257415, 0.5712358766102836, 0.1403520644045566, 0.621450142107937, 0.3676302363905106, 0.01095202810215605]], "inverted": false, "swapped": true, "error_lsq": 0.044560832193303035, "error_max": 0.23823401268915412, "target": "203.xyz", "model": "4.xyz", "model_rescale": 3.7855080009869324, "target_rescale": 4.026502006881672},
{"mapping": [0, 5, 6, 8, 1, 12, 2, 3, 14, 7, 9, 10, 15, 16], "R": [[-0.2281787317298684, 0.5103370180895155, 0.8291505257512959], [-0.8636408486480338, 0.28708935058455926, -0.4143720421643332], [-0.4495096783525942, -0.8106391507621858, 0.37524021148979986]], "T": [-0.10390591894148518, -0.04776813246218655, -0.015580489955420482], "aligned_model": [[0.3944186379430883, 0.284956059359043, -0.6682215903392568, -0.6190119000832471, 0.09213963489848762, -0.1703006377665636, 0.5639599244519541, 0.5508252738948952, 0.12675612953244844, -0.3689044446859814, 0.3896608872100029, -0.028965001165728727, -0.25696984884899077, -0.07313228022194912], [-0.5667385309594473, -0.6869131942341129, -0.3460790248283316, 0.09475368440157197, -0.2836230502717914, 0.34000168631598165, 0.16957739230755503, -0.13337639434015314, 0.5826044757200408, -0.6548110295648775, 0.29819937070114794, -0.14000087235344705, 0.5631144290217562, -0.0037293220676023336], [-0.31693782736385523, 0.2932612113481169, -0.15209240363902143, 0.4423094901418253, -0.7077094790564209, -0.570820592944243, -0.2447132586063217, 0.19986067608422964, -0.0999771295817342, 0.3346254127737081, 0.3633816636554512, 0.7033362330447911, 0.5161262300716474, -0.015016101104990479]], "inverted": true, "swapped": false, "error_lsq": 0.03966218932271465, "error_max": 0.22702546247906844, "target": "203.xyz", "model": "5.xyz", "model_rescale": 4.2253639853439635, "target_rescale": 4.026502006881672},
{"mapping": [4, 3, 0, 12, 1, 9, 10, 2, 8, 7, 5, 6, 11, 13], "R": [[0.9438686235534748, 0.3298445122125273, 0.017737509254369135], [0.3160242394112841, -0.886086681157148, -0.3390856434301371], [-0.0961285679482864, 0.3256577824023104, -0.9405882771888139]], "T": [0.028257831443967117, -0.02264400257104967, 0.006101868647275098], "aligned_model": [[0.3845174410152147, 0.0633044722670052, -0.5173377050306812, -0.7718133909497128, 0.16274234906802248, -0.40417658690367536, 0.7185515453836031, 0.6210227348182497, 0.07994724833520359, -0.4780586226559571, 0.4472716284482154, 0.04934320028659796, -0.17485751803299288, 0.03675404812910968], [-0.5585501260344916, -0.6648181295216381, -0.5044060197710322, 0.11249032301727449, -0.09057228620211374, 0.19940489515480916, 0.23148343108710553, -0.2233224198301638, 0.6564041388165861, -0.486074240028542, 0.33521908188605615, -0.17355221756752637, 0.47611938165068324, -0.07684619280871616], [-0.2885080932159555, 0.30508948768962335, -0.3304891572119179, 0.46758699041644197, -0.7122333210522336, -0.36307449616018417, -0.25356389795834217, 0.24803068919432544, -0.2804058999352402, 0.40393007195202224, 0.31771495751488643, 0.6310019294493656, 0.5678251369740597, 0.032729727166331574]], "inverted": true, "swapped": false, "error_lsq": 0.044535225716603184, "error_max": 0.3005048225159833, "target": "203.xyz", "model": "6.xyz", "model_rescale": 3.89814844738969, "target_rescale": 4.026502006881672},
{"mapping": [3, 12, 8, 9, 5, 10, 11, 2, 1, 7, 6, 0, 13], "R": [[-0.40228310024852776, 0.4348390710733755, -0.8056570545352889], [0.8120891855541699, 0.5757944774146112, -0.09471997933277149], [0.4227049348663897, -0.6923696281949976, -0.5847604945554395]], "T": [0.04178819959534062, 0.0966954048827374, 0.00394459748067429], "aligned_model": [[0.17219325982702072, -0.163036622756287, 0.3861187443326413, -0.3691876506860401, 0.6358379027027381, -0.3500922952016815, -0.5278988450113548, 0.2639092486590503, -0.44122520517486163, -0.5285739901421945, 0.14770237593088337, -0.08724824997322335, 0.010133128397532061], [-0.30365496136381187, 0.19238062870222136, 0.5057419630122914, -0.6117681958053187, 0.03082319366357933, 0.6345135481482789, -0.047415500756775836, -0.6808991101463469, -0.22059477102205408, 0.4859296938626684, 0.7070520457956397, 0.19790813989480072, 0.07376459148531314], [-0.5121613434044812, -0.7845307429698146, -0.4524745433695055, -0.07405407927238321, 0.0338391332151909, -0.3031713730721426, -0.3306578142676027, 0.17402503828646051, 0.4495719479725411, 0.24855440396274373, 0.25201154310615187, 0.8346551449962573, 0.06666771565288018]], "inverted": false, "swapped": true, "error_lsq": 0.0336755752069045, "error_max": 0.17996216193209552, "target": "203.xyz", "model": "7.xyz", "model_rescale": 3.7474275329858107, "target_rescale": 4.026502006881672},
{"mapping": [13, 1, 2, 3, 4, 8, 11, 12, 5, 1, 10, 0, 6, 14], "R": [[0.046683278850572246, -0.793213015646054, -0.6071521912053459], [0.6292464415190309, 0.49541073735915614, -0.5988464887973328], [0.7758025440222509, -0.3540922381512342, 0.5222538650595638]], "T": [0.11134229778085031, 0.021965653796554636, 0.02453496168272852], "aligned_model": [[0.5487054379310727, -0.14927595890383383, -0.5273870065243678, -0.5541627716474935, -0.07926857051404393, -0.3038435217149233, 0.6704493846693564, 0.6162857131202126, -0.21284642573041446, -0.14927595890383383, 0.5477305814941864, -0.13704147680766057, -0.15280594039301304, 0.09994735810295788], [-0.5631210674161308, -0.6018243548262057, -0.4773684254350678, 0.23537036425215122, -0.3139423428961701, 0.1683074063570209, 0.25153336497200607, -0.31726584649193373, 0.6527964923486727, -0.6018243548262057, 0.2864431996735272, -0.03266100262756035, 0.5760992286947487, -0.029563041930562105], [-0.49939140813567895, 0.3528122369774178, -0.20191558256374958, 0.1848345845929233, -0.6559495425429537, -0.49644022256665454, -0.12099127982230005, 0.12747550431194304, -0.07534290724555862, 0.3528122369774178, 0.5856768806772775, 0.632428592638052, 0.5631440851089251, -0.003519053583878294]], "inverted": true, "swapped": false, "error_lsq": 0.049575016404782894, "error_max": 0.3504779431802208, "target": "203.xyz", "model": "8.xyz", "model_rescale": 4.019505241142653, "target_rescale": 4.026502006881672},
{"mapping": [11, 9, 1, 7, 10, 6, 4, 12, 8, 3, 2, 5, 13], "R": [[0.7127947743892376, 0.3681059028468, -0.5970105978060514], [-0.3819224313084747, -0.5102249909094658, -0.7705879022634987], [-0.5882676823239741, 0.7772827689719992, -0.2230978058888124]], "T": [0.09699984389945787, -0.020139187916998647, 0.03257768102818294], "aligned_model": [[-0.35930778932750107, -0.679784129930044, -0.16672724781946352, 0.3214901181206179, 0.29239855390249986, 0.7498364033861087, 0.4445486162221173, -0.20636899936215936, 0.385072183873767, -0.40017860032904723, -0.41592529813585605, 0.2634834839224625, 0.09116347721767434], [-0.47339499446738503, 0.07880322899102887, 0.16769622620658203, -0.38484244225621445, -0.7195500977586765, -0.12631277850860223, 0.6170999603773245, -0.690673103394882, -0.34026244139679673, -0.06707437627144403, 0.6247348786927639, 0.3623155788049586, 0.01483858909540154], [-0.17625855517589367, -0.21985582056711417, -0.6214289081697398, -0.5617673111115653, -0.06632944773479094, -0.0558635233156695, -0.10303207359476703, 0.39472936960533467, 0.5882182774701382, 0.47332922146041095, 0.09553467799762892, 0.46169238627144826, -0.032264799091541854]], "inverted": false, "swapped": true, "error_lsq": 0.04756042301343079, "error_max": 0.24734906740563453, "target": "203.xyz", "model": "9.xyz", "model_rescale": 3.877068213659057, "target_rescale": 4.026502006881672},
{"mapping": [1, 8, 12, 10, 5, 3, 4, 7, 13, 11, 2, 9, 14, 15], "R": [[-0.8061459610585113, -0.5706005787915766, -0.15666419167048717], [0.01634215592306304, -0.2861309287961396, 0.9580511601819837], [-0.5914910171835542, 0.7697688426202871, 0.23998813621133042]], "T": [-0.05047021695194426, -0.013624027564646944, 0.02135034308364466], "aligned_model": [[0.44734415741979544, 0.2430276670034402, -0.6134902001163252, -0.6208015237334166, 0.008321256160665647, -0.06626876504522722, 0.5059197615556241, 0.7321637337605815, -0.033445573024021125, -0.4840342704251405, 0.41145617619708114, 0.0035040109313010104, -0.2439074929684623, -0.07257809353769468], [-0.6039004440077849, -0.5638873351996702, -0.327190360105802, 0.047295636995756375, -0.37080296668972024, 0.22854942269816234, 0.18045671503822797, -0.23654255925308448, 0.7582488573961415, -0.5379742013075165, 0.29381159133382856, -0.019185920968813656, 0.48241886642723236, -0.09831768250866643], [-0.3744541680874071, 0.47565444849363686, -0.35664419307766043, 0.4387491624814288, -0.6714427070960364, -0.5650486410510278, -0.31159640477858486, 0.08520953849654658, 0.06085865771623957, 0.30724260092813055, 0.385304605999122, 0.6791505802117725, 0.5923538581394244, 0.00029678644759817754]], "inverted": false, "swapped": false, "error_lsq": 0.046611965892207334, "error_max": 0.3651265692437774, "target": "203.xyz", "model": "10.xyz", "model_rescale": 4.260839863003843, "target_rescale": 4.026502006881672},
{"mapping": [2, 5, 6, 4, 7, 1, 9, 3, 8, 10, 11, 13], "R": [[-0.9091271260032687, 0.3708343999774463, 0.18965683894445834], [-0.0601243008747991, -0.5674075811218238, 0.8212391279827075], [0.4121564474921549, 0.7352077833366896, 0.5381417825367196]], "T": [0.0029872927920193133, -0.055020610014688616, -0.017127299042462338], "aligned_model": [[0.3802343104538437, 0.23854138840428746, -0.4751759397515583, -0.3124595837254586, -0.6056161544169174, -0.3406335954058228, 0.29236495372577465, 0.6571517631012413, 0.2530313875325006, -0.2046022136721644, 0.11963918841245437, -0.04357685556405048], [0.08190366207819669, -0.5537783807639901, -0.4533361491557084, -0.4371986098575357, 0.24524466128562167, 0.4656249363254453, 0.6383174179124951, 0.06937638628860376, -0.493423605726984, 0.0823055039157404, 0.5517537539143926, -0.02371107068334337], [-0.7395224664974105, -0.24925406483465645, 0.22369401581472959, -0.5645641733414509, 0.2587221662886375, -0.39582459331601194, -0.35246081208905466, -0.0014597912476924796, 0.47224148513470116, 0.672210812507505, 0.25762215480837425, -0.06522665583216583]], "inverted": false, "swapped": true, "error_lsq": 0.033757206427096904, "error_max": 0.19186273363844034, "target": "203.xyz", "model": "11.xyz", "model_rescale": 3.890672605050136, "target_rescale": 4.026502006881672},
{"mapping": [3, 4, 2, 11, 0, 1, 8, 7, 6, 10, 5, 12, 9, 13], "R": [[-0.09138089407460676, 0.9313710763255448, -0.352416586417725], [0.9016195727960522, 0.22762719956762983, 0.3677879877974034], [0.4227666947019243, -0.2841368969373649, -0.8605431689634259]], "T": [-0.030999320892738977, 0.057618504953499274, 0.0078965464611764], "aligned_model": [[0.6013268257135053, -0.08020228578348415, -0.5801592422472632, -0.5640821277098775, 0.0919028626177825, -0.37296522330027765, 0.5950522061812145, 0.6566640106714874, -0.1141533404192942, -0.49896739960349396, 0.4681107939660816, 0.11153625394732776, -0.14783383279235365, 0.05098134293684764], [-0.47885956780141403, -0.6360529598718161, -0.393183608351617, 0.11958204085676806, -0.13647986760261382, 0.09330803388741282, 0.28133245808636237, -0.29727167059882453, 0.5795441046041775, -0.44557771892631826, 0.30419636135727685, -0.25256895706625926, 0.5663007016572232, -0.0712897303820669], [-0.3988196663620989, -0.07845164957210968, -0.01976152802389721, 0.12932720646752632, -0.536084532995297, -0.690017394870641, -0.26995700931987004, 0.365857823689358, -0.22174974984558887, 0.5800328431802529, 0.5510913879425666, 0.6701649928300377, 0.585315402758106, 0.07868599894483852]], "inverted": true, "swapped": false, "error_lsq": 0.04904598213321919, "error_max": 0.320255241845307, "target": "203.xyz", "model": "12.xyz", "model_rescale": 4.124412569039231, "target_rescale": 4.026502006881672},
{"mapping": [4, 6, 8, 1, 5, 2, 7, 9, 10, 11, 3, 12, 13], "R": [[-0.7109290455339989, 0.6978513651381371, -0.08708251484055779], [0.6513928614860205, 0.7000985350053814, 0.2924882583769356], [0.26507967145967953, 0.15121346983042666, -0.9522957809003834]], "T": [0.10855088651651915, 0.10195040200452665, 0.08729821111081257], "aligned_model": [[-0.10423875326738472, -0.10545603017066296, 0.6016987077026186, -0.4835133514107808, 0.48950277864799685, 0.26050341639442665, -0.5120117862513156, 0.013128005273042767, -0.01485416675248355, 0.002071034404923469, 0.6397164225594063, 0.535206497124498, 0.04554553325547235], [-0.2505686909391881, 0.53911797981731, 0.5789749211531252, -0.261182748234715, -0.0838022794371481, -0.7089323442683215, 0.47114737576131327, -0.4296854525615703, 0.7809180524734783, 0.20900218671856263, -0.0889927305099511, 0.5280204857276858, 0.06346862080789636], [0.7002457986919498, 0.5437801931064014, 0.24044479932481114, -0.13665042984216938, 0.5097901973760495, 0.03936130418225359, -0.03617599819289405, -0.5333171355126703, -0.15950741937783317, -0.571846698866157, -0.26633313813661563, -0.46878766903734204, 0.09069427725205567]], "inverted": false, "swapped": true, "error_lsq": 0.041062857124292244, "error_max": 0.2619932681403142, "target": "203.xyz", "model": "13.xyz", "model_rescale": 3.9028299243045295, "target_rescale": 4.026502006881672},
{"mapping": [7, 10, 11, 12, 9, 1, 3, 4, 2, 13, 0, 5, 8, 15], "R": [[-0.5042932472926518, -0.8517590569579352, 0.14210851355622994], [0.004712416399668018, -0.16727852453331138, -0.9858984168572513], [0.8635196082699619, -0.496512239647813, 0.08837127368780145]], "T": [0.003411534167486619, -0.017299539499053593, 0.0183548018636294], "aligned_model": [[0.5536225075931431, 0.20453354319646985, -0.5986129440744359, -0.6444349277311234, -0.020096052526049454, -0.36258402658117417, 0.5546936854093214, 0.5728222303516568, -0.039568624231007404, -0.41171028688365996, 0.5495142001877241, -0.02445821061576224, -0.14487419604514615, 0.02836394612824557], [-0.6105876793436636, -0.7187049318746888, -0.20983024067698902, 0.033016196049569915, -0.4817271908496048, 0.26225365714049786, 0.19387442038857217, -0.19304687846667867, 0.7162163566920243, -0.48449085573581213, 0.4805959356350995, -0.11513711487180268, 0.4510942549557165, -0.09054630919395018], [-0.3889596021032375, 0.16979130697220998, -0.3642091078813956, 0.26735997755791013, -0.6018063114710579, -0.4400075171632378, -0.18210216016489503, 0.34122878006497936, -0.029152098422797208, 0.5103481956357194, 0.393972138059995, 0.5201046596872773, 0.6142790882366489, -0.06521322418493611]], "inverted": false, "swapped": false, "error_lsq": 0.038009751940827764, "error_max": 0.30834764455561203, "target": "203.xyz", "model": "14.xyz", "model_rescale": 3.942246331269136, "target_rescale": 4.026502006881672},
{"mapping": [9, 5, 1, 12, 2, 0, 6, 10, 8, 3, 11, 4, 13, 14], "R": [[0.5315513949775217, 0.8203136547773874, 0.21104175483353155], [-0.620250109011529, 0.20728336798497746, 0.756520592996642], [0.5768387268280775, -0.5330282479780694, 0.6189813972073739]], "T": [0.07955990548278374, -0.058506059680253616, 0.06950634180033312], "aligned_model": [[0.6915230362596814, -0.10693029738663606, -0.6583017169434018, -0.6805895564892688, -0.04651217183638301, -0.2668559253837189, 0.5306224589216249, 0.6550760774098603, 0.09621004838492439, -0.3596793671897025, 0.4374830004713038, 0.14526032982835974, -0.22773060402440376, 0.007635532155962715], [-0.42942072670746073, -0.6215106833477432, -0.3683173471277455, 0.14143628242622014, -0.35151916406116673, 0.12171913937584421, 0.21139386067537386, -0.301220375299324, 0.6397204230338162, -0.502016351051526, 0.470067026336015, -0.1509212860014974, 0.4276704444305178, -0.05410162283303348], [-0.2993916691541795, -0.15638468536069688, -0.05784603588199898, 0.2937207781315503, -0.6239610839818565, -0.5535766644023061, -0.12150673423290469, 0.414283679929062, -0.26372552622232237, 0.42575823764169013, 0.39602215377523153, 0.6446644566760682, 0.6440799194409678, 0.003497298464877646]], "inverted": false, "swapped": false, "error_lsq": 0.05024481143208107, "error_max": 0.39922353798809584, "target": "203.xyz", "model": "15.xyz", "model_rescale": 4.355366556412066, "target_rescale": 4.026502006881672},
{"mapping": [4, 1, 2, 8, 5, 6, 3, 10, 9, 7, 11, 13], "R": [[0.03324356030871867, 0.7771357832669, -0.6284543261559608], [0.005436550131196316, -0.628933182018551, -0.7774403491449948], [-0.9994324937786803, 0.022428261683918815, -0.025132915811065026]], "T": [-0.10673180374338906, 0.004333302150608313, -0.040404227994485814], "aligned_model": [[-0.29434779928646787, 0.5337714034963181, 0.15056524450923045, -0.6826934827081822, -0.5604580418090008, -0.4818333326766352, -0.08207689731939533, -0.11638933308298857, 0.6008449104789649, 0.19760434326800327, 0.39118975063344763, -0.058368210871513664], [-0.7059957032005921, -0.31408463138930987, -0.4462349716151384, 0.40708094650337917, -0.24937725323673435, -0.08078427338944127, 0.3054274337885596, 0.5686026000559462, 0.016795427412958336, 0.09663946968786111, 0.46175970842265834, -0.04705232529916639], [0.033668906027995826, 0.10424846481008962, -0.6836031134268336, -0.05663759558988976, -0.33686895813205964, 0.504888439014155, -0.6340250642082579, 0.427191525156699, -0.4600296627739563, 0.6195271303178377, -0.0506640718874123, -0.018437538098946913]], "inverted": true, "swapped": true, "error_lsq": 0.03892879846023994, "error_max": 0.19906866280315264, "target": "203.xyz", "model": "16.xyz", "model_rescale": 3.795458400668931, "target_rescale": 4.026502006881672},
{"mapping": [3, 12, 8, 9, 5, 10, 11, 2, 1, 7, 6, 0, 13], "R": [[-0.40228310024852776, 0.4348390710733755, -0.8056570545352889], [0.8120891855541699, 0.5757944774146112, -0.09471997933277149], [0.4227049348663897, -0.6923696281949976, -0.5847604945554395]], "T": [0.04178819959534062, 0.0966954048827374, 0.00394459748067429], "aligned_model": [[0.17219325982702072, -0.163036622756287, 0.3861187443326413, -0.3691876506860401, 0.6358379027027381, -0.3500922952016815, -0.5278988450113548, 0.2639092486590503, -0.44122520517486163, -0.5285739901421945, 0.14770237593088337, -0.08724824997322335, 0.010133128397532061], [-0.30365496136381187, 0.19238062870222136, 0.5057419630122914, -0.6117681958053187, 0.03082319366357933, 0.6345135481482789, -0.047415500756775836, -0.6808991101463469, -0.22059477102205408, 0.4859296938626684, 0.7070520457956397, 0.19790813989480072, 0.07376459148531314], [-0.5121613434044812, -0.7845307429698146, -0.4524745433695055, -0.07405407927238321, 0.0338391332151909, -0.3031713730721426, -0.3306578142676027, 0.17402503828646051, 0.4495719479725411, 0.24855440396274373, 0.25201154310615187, 0.8346551449962573, 0.06666771565288018]], "inverted": false, "swapped": true, "error_lsq": 0.0336755752069045, "error_max": 0.17996216193209552, "target": "203.xyz", "model": "17.xyz", "model_rescale": 3.7474275329858107, "target_rescale": 4.026502006881672},
{"mapping": [6, 9, 7, 11, 2, 1, 0, 4, 3, 12, 8, 5, 10, 13], "R": [[-0.4187219029704871, 0.9080748728078469, -0.0084848893797565], [0.5349906754930719, 0.2542176058884822, 0.805703658916723], [0.7337962558559704, 0.33282643259113454, -0.592258069307982]], "T": [-0.038574857455982416, -0.03185628208218804, 0.04605803137870043], "aligned_model": [[0.46887241437428406, 0.08040884004585178, -0.6493420872355368, -0.6951300113547336, 0.099149309488401, -0.23756793515067146, 0.6002770073555803, 0.7323098201904403, -0.12520591718649446, -0.4443351274335836, 0.4388127494394368, 0.13709199371149963, -0.21142544745805383, 0.02329523539178196], [-0.5631577534437793, -0.6829561387814713, -0.3932401544774698, 0.26727651449719064, -0.3069312087285313, 0.31661502644653605, 0.19665963719855012, -0.22555380312901818, 0.641247913683792, -0.46998789142142766, 0.4271114086356741, -0.2095664574158166, 0.28943599401402276, -0.05397346722996077], [-0.18892031720124788, 0.14422127394454035, -0.20649764532704454, 0.08057703637075372, -0.5936282685993959, -0.5174026318193181, -0.4426045927731136, 0.2857326152020367, 0.04218731549712354, 0.4962093609546686, 0.32588687706562625, 0.7248659479899362, 0.6320045454226946, -0.036997391904076804]], "inverted": true, "swapped": false, "error_lsq": 0.03892804952469258, "error_max": 0.22626724805906823, "target": "203.xyz", "model": "18.xyz", "model_rescale": 3.922800546911778, "target_rescale": 4.026502006881672},
{"mapping": [4, 10, 7, 3, 13, 12, 8, 6, 5, 9, 1, 2, 0, 14], "R": [[-0.2771627648157045, -0.9257989329039338, -0.2570547366489331], [-0.914384883343256, 0.336319808171756, -0.22536475266699033], [0.295095047252669, 0.17258424744237558, -0.9397518771578455]], "T": [0.07129838904141966, -0.048327658045479414, 0.002277466668652778], "aligned_model": [[0.49594569941496697, 0.28428735907627567, -0.6372220418420369, -0.5173526274875027, 0.030486507341929037, -0.4036725809023028, 0.4953292026960067, 0.7326252532554234, 0.03347450547903076, -0.42319147622286934, 0.4901502781402328, -0.07061467806325092, -0.2755663524094221, -0.01746820429827861], [-0.5804354393381685, -0.7396960611099697, -0.3182856803932192, 0.15397661627018253, -0.28631686281293767, 0.3408703496571991, 0.21119908025344772, -0.19366630573106983, 0.7114848131806204, -0.5259371860679681, 0.27109454353640655, -0.2419534064064884, 0.5136755523192331, -0.08303039350897728], [-0.24349297494800934, 0.35899314778017033, -0.2493819942094828, 0.14962808566356994, -0.6407694021881087, -0.4891912841970546, -0.3544218397519906, 0.1337735809492973, -0.05926993447275465, 0.43829592706686205, 0.5223885856334202, 0.6771839148111868, 0.5144101431840999, -0.012511830498023256]], "inverted": false, "swapped": false, "error_lsq": 0.03669549129500636, "error_max": 0.258842053530051, "target": "203.xyz", "model": "19.xyz", "model_rescale": 3.9282355846067225, "target_rescale": 4.026502006881672},
{"mapping": [12, 7, 8, 4, 9, 11, 10, 2, 0, 6, 1, 5, 3, 13], "R": [[0.6431712623535029, -0.7369545776354005, 0.20791507349115043], [-0.7571370144358014, -0.6526136717705502, 0.0289644055592696], [0.11434276826211145, -0.1760492712861641, -0.9777179477874833]], "T": [-0.04688494043290586, -0.14977790299440266, 0.06728857844919076], "aligned_model": [[0.38085036551494383, 0.2599467349911585, -0.698627469728253, -0.5586855788367604, -0.12793706070790542, -0.13659971407043325, 0.6493628928229248, 0.7172355449400004, -0.046897142380360086, -0.3851447324871378, 0.3178917663877946, 0.09921543168828084, -0.30124577602758107, 0.04784558207153008], [-0.60754940564031, -0.6835867291162012, -0.3791945947852651, 0.2120745034278322, -0.3653593435347348, 0.30283045448667045, 0.14091218893176752, -0.10925704615900353, 0.6477935754181819, -0.4540971630267333, 0.38940635785021205, -0.1758869589095567, 0.33653303593469275, -0.021639255029261395], [-0.5074131743570565, 0.16215815466070205, -0.25086427186591465, -0.013276844876556601, -0.584923060155386, -0.4808538350305608, -0.348611137989738, 0.3725657547245833, 0.0034393429744013215, 0.5361320012567063, 0.43839379712053184, 0.7496837357545911, 0.5822228510850654, 0.08698081152181436]], "inverted": false, "swapped": false, "error_lsq": 0.044361114758405894, "error_max": 0.2523091486804693, "target": "203.xyz", "model": "20.xyz", "model_rescale": 4.067790424073018, "target_rescale": 4.026502006881672},
{"mapping": [4, 8, 1, 9, 5, 13, 6, 2, 11, 7, 3, 0, 12, 14], "R": [[0.5673892231084448, 0.7647946724897431, 0.3052189024809935], [-0.41646814710319496, 0.5862800410282407, -0.6948596951474131], [-0.71036874364574, 0.26714195182193146, 0.6511615971691987]], "T": [0.02554041982180391, -0.035829046051439925, 0.014748555057936916], "aligned_model": [[0.5725598109360375, -0.04000516966565666, -0.6946290521246368, -0.6936586308754488, -0.005791610842605578, -0.27157555211766493, 0.6431556841205324, 0.6984496797844564, 0.030322883344240964, -0.41733906281016886, 0.5037890602488052, 0.17716698406212159, -0.24745708128836005, -0.03777709859345027], [-0.5538444402068217, -0.6021328920684003, -0.3676878984018012, 0.06762134027832747, -0.3570738510846998, 0.23102645103782693, 0.1982087901694266, -0.17622067697949734, 0.6052964598636534, -0.5005257567332132, 0.49999987843431565, -0.30684577718568445, 0.4855122615638841, 0.00964573116097437], [-0.2589343488643506, 0.0016479287296441575, -0.1962745125718955, 0.29061200409256843, -0.4795046188837923, -0.5602590518212267, -0.3189198120637282, 0.29971390270709874, -0.06872280342459931, 0.39498359835873864, 0.4707207233587919, 0.653510909915316, 0.5053496886269874, 0.011710516663630488]], "inverted": true, "swapped": false, "error_lsq": 0.04190997842837868, "error_max": 0.2933101073446169, "target": "203.xyz", "model": "21.xyz", "model_rescale": 4.186013935880536, "target_rescale": 4.026502006881672},
{"mapping": [8, 12, 10, 4, 2, 6, 5, 3, 7, 11, 9, 1, 13], "R": [[0.8683163710182215, -0.1394787564637721, -0.4759961725865729], [0.41757427981005996, -0.31235109453588505, 0.8532693095285595], [-0.267690867724053, -0.9396714693112453, -0.21297682761180672]], "T": [0.06195951703401544, -0.1076857381875291, 0.006997332681530433], "aligned_model": [[-0.011767229960600693, -0.45353095045759556, 0.2047641758732655, 0.4953192248721961, -0.33865827609680665, 0.6521042983836212, 0.024285895420108193, -0.5926252929873421, 0.5193048618637345, -0.26776471268678975, -0.45965139026966, 0.19282013071807477, 0.09397330075101998], [-0.3684538749658439, 0.18657590993569897, 0.3555603713502823, -0.548262367308763, -0.4069140829664938, -0.19114010104644827, -0.704877400411088, -0.2135485772370382, 0.4622406493401321, 0.48124170481348283, 0.25240657631844343, 0.2988944212983389, -0.08476656957461055], [-0.6416669784300759, -0.5591138690945492, -0.5426832729509035, 0.4111575537638833, 0.6649381568389928, -0.29309391632934895, -0.0014108802573484288, -0.055955216928527306, -0.04466953280650897, -0.03443279017644093, 0.5315554352833158, 0.5987124787767402, 0.06954239364611653]], "inverted": false, "swapped": true, "error_lsq": 0.044225158458757144, "error_max": 0.2564389374913675, "target": "203.xyz", "model": "22.xyz", "model_rescale": 4.166573947596378, "target_rescale": 4.026502006881672},
{"mapping": [0, 1, 13, 12, 7, 10, 8, 4, 9, 6, 3, 2, 11, 15], "R": [[0.457206454179824, 0.8049409055427406, 0.3781962411769124], [-0.5609969770571896, 0.5909959565457645, -0.5796603928847063], [-0.6901048108722383, 0.05285752482466044, 0.7217765804460566]], "T": [-0.047962456084766944, 0.013082209826468842, 0.05797787633991296], "aligned_model": [[0.46444780452116224, 0.11893556065622284, -0.6317015457843489, -0.5968047660911585, 0.04089798450316233, -0.30295499004712473, 0.6130637478761736, 0.656417441752019, -0.007967277658813485, -0.400513665359909, 0.34287588643512923, 0.14897653096849678, -0.18339546834689457, -0.045066399245914816], [-0.5527358078685701, -0.6558860316705296, -0.2596760797221282, 0.1541488877377199, -0.3104943795029656, 0.09362812022842643, 0.2647703915650936, -0.1504882300963594, 0.6027263656261442, -0.4983350731213256, 0.3027205342061727, -0.23963614944281686, 0.5379699300388479, -0.05573285812941892], [-0.2319211724950821, 0.23888007296416466, -0.4912622619738954, 0.3869971255627331, -0.5735216569826901, -0.6416165754999043, -0.3341656650722592, 0.18815922704532423, -0.04770713449917558, 0.4976000317276897, 0.41122238526097465, 0.6497191250760191, 0.6309037945756492, 0.062346829133634624]], "inverted": true, "swapped": false, "error_lsq": 0.04190497351733744, "error_max": 0.3551903764816634, "target": "203.xyz", "model": "23.xyz", "model_rescale": 4.274766983524099, "target_rescale": 4.026502006881672},
{"mapping": [5, 1, 9, 3, 11, 12, 8, 10, 6, 7, 13], "R": [[-0.6112669181865551, 0.1103576272572908, 0.7836925091111003], [-0.29300727715905067, 0.8883087583649467, -0.3536301533296701], [-0.7351867043564856, -0.4457900222282544, -0.5106581692474739]], "T": [0.07613590475595988, 0.05734492779832788, -0.10204640685446384], "aligned_model": [[0.26693116259240807, 0.1056371361310431, -0.4836811407343645, -0.49217312048581463, -0.4545711574397264, -0.5697839315756488, 0.03779984772677951, -0.026963095308182056, 0.6181216947071365, 0.2750093312938282, 0.10356797705061589], [-0.3752568800824992, 0.7730039653449232, 0.5576414236894952, -0.19725328989915025, 0.3730582867857848, -0.22996824340963617, -0.5828011190271796, 0.03801266309436964, -0.08162729954414223, 0.5180389930690896, 0.12273803122242853], [-0.4688988658145117, -0.24176240359439485, -0.43851915221004256, -0.33838480212433386, 0.1735350601515667, 0.31393549069763615, 0.18595433681865128, 0.623305753495074, 0.2615857904077469, 0.43167698130506726, -0.12286175511088193]], "inverted": true, "swapped": true, "error_lsq": 0.04514239863424154, "error_max": 0.2679919372502333, "target": "203.xyz", "model": "24.xyz", "model_rescale": 3.7841303162186577, "target_rescale": 4.026502006881672},
{"mapping": [10, 14, 11, 3, 7, 6, 8, 9, 4, 13, 2, 12, 5, 15], "R": [[-0.7432805988653864, 0.15228950120742052, -0.6514152739783644], [-0.07631727157462825, -0.9866900677576244, -0.14359103122360806], [-0.6646123873429662, -0.0570141913075141, 0.7450099036790271]], "T": [0.12533189056186145, -0.046469098521490886, -0.10059516471351757], "aligned_model": [[0.38158644167384226, 0.23758121604638371, -0.48930327159125364, -0.5850114339690426, 0.00652335809386817, -0.4511132349281073, 0.6208033889913527, 0.5159153467432573, -0.08954748285130432, -0.4001643240934505, 0.47624326595847655, 0.04194361459875423, -0.11200173080943676, 0.06375569031486214], [-0.7404382185635576, -0.6681176098046596, -0.4573432247100313, 0.2026990885578046, -0.27170306354209856, 0.26144627438369356, 0.2665023913780957, -0.24870262397341772, 0.6628149900302837, -0.44665418804193086, 0.3980677075286256, -0.1337809199973594, 0.42796643996135075, -0.019777423358508246], [-0.34141786036248534, 0.37925083105830415, -0.3075580576110204, 0.1863359480559956, -0.6988925437100804, -0.4086951365904141, -0.1781491742354667, 0.2850042044078597, -0.014297543267738896, 0.31857737706313105, 0.3974422461415694, 0.6481337232630332, 0.5979192713828058, -0.11801916077231066]], "inverted": false, "swapped": false, "error_lsq": 0.03933785579008021, "error_max": 0.2499058997243155, "target": "203.xyz", "model": "25.xyz", "model_rescale": 4.19342608120988, "target_rescale": 4.026502006881672},
{"mapping": [4, 1, 2, 8, 5, 6, 3, 10, 9, 7, 11, 13], "R": [[0.03324356030871867, 0.7771357832669, -0.6284543261559608], [0.005436550131196316, -0.628933182018551, -0.7774403491449948], [-0.9994324937786803, 0.022428261683918815, -0.025132915811065026]], "T": [-0.10673180374338906, 0.004333302150608313, -0.040404227994485814], "aligned_model": [[-0.29434779928646787, 0.5337714034963181, 0.15056524450923045, -0.6826934827081822, -0.5604580418090008, -0.4818333326766352, -0.08207689731939533, -0.11638933308298857, 0.6008449104789649, 0.19760434326800327, 0.39118975063344763, -0.058368210871513664], [-0.7059957032005921, -0.31408463138930987, -0.4462349716151384, 0.40708094650337917, -0.24937725323673435, -0.08078427338944127, 0.3054274337885596, 0.5686026000559462, 0.016795427412958336, 0.09663946968786111, 0.46175970842265834, -0.04705232529916639], [0.033668906027995826, 0.10424846481008962, -0.6836031134268336, -0.05663759558988976, -0.33686895813205964, 0.504888439014155, -0.6340250642082579, 0.427191525156699, -0.4600296627739563, 0.6195271303178377, -0.0506640718874123, -0.018437538098946913]], "inverted": true, "swapped": true, "error_lsq": 0.03892879846023994, "error_max": 0.19906866280315264, "target": "203.xyz", "model": "26.xyz", "model_rescale": 3.795458400668931, "target_rescale": 4.026502006881672},
{"mapping": [2, 1, 9, 3, 12, 6, 0, 5, 7, 11, 8, 10, 13], "R": [[0.14306462057844588, 0.6674696866022457, -0.7307644844995174], [-0.23624521297010387, -0.6939853724851385, -0.6801268279706174], [-0.9611039036896352, 0.269941697860415, 0.05840176426085825]], "T": [-0.20188519845315042, -0.11914668174532742, -0.06758130569636453], "aligned_model": [[0.05430715260677113, 0.36421186540325867, 0.5413353657432989, -0.06767144973138525, -0.06791641145523511, -0.6429875360157414, -0.17487004615284887, -0.6530964982287605, 0.03859708120140029, 0.3567652879817196, -0.7060622531097924, -0.17850829616984035, -0.16442787925158858], [-0.7371292404463777, -0.46840613321725943, -0.2915829808284167, 0.02707095684562333, 0.6148756734564748, -0.026695160426244147, -0.6683543863994421, -0.3798294696936231, 0.09021428769924825, 0.2597246199309179, 0.33419086365087836, 0.5370532064384935, -0.16925073375335783], [-0.5527424984816722, 0.2326031213988388, -0.37546851280905946, -0.7033944146550134, -0.4082655856119214, 0.4245281286471324, 0.5763251436379097, -0.3618273392498842, 0.5919538141209818, -0.10803160405058518, -0.25330047644357967, 0.2579860820803126, -0.028229196484033672]], "inverted": true, "swapped": true, "error_lsq": 0.039385149786338364, "error_max": 0.19651521669282637, "target": "203.xyz", "model": "27.xyz", "model_rescale": 3.6321398670334006, "target_rescale": 4.026502006881672},
