[{"mapping": [5, 8, 11, 3, 2, 6, 1, 0, 12, 9, 4, 10, 7, 13], "R": [[0.8969496528410614, 0.4008582881063766, 0.18653137303071712], [-0.4421041325430751, 0.8083687197345943, 0.3886951877023794], [0.005025560330385662, -0.4311063045364543, 0.9022871482694894]], "T": [-0.12907601880221561, -0.1078686101472712, -0.07335729984268416], "aligned_model": [[-0.19855670083578042, -0.10831368717022843, 0.33196925312615433, -0.6338388835016452, -0.6957964768572976, -0.7296348776143707, -0.10367591632889697, -0.21861081998551515, 0.34378796502229203, 0.19736400111821042, -0.5525681825975359, 0.8252652917340876, 0.07204517368417798, -0.05111108024428679], [-0.08719809236776419, 0.6542260796724924, 0.2817842593292238, -0.22664586959355437, -0.10404228239922542, 0.32302849010177936, -0.6682757177762297, -0.6261169678908158, -0.4089719886429978, -0.008687254075945533, 0.6537370241873365, 0.17848462671601098, 0.5184079485095845, 0.024114821081179544], [-0.8264485459480119, -0.24470414386504058, -0.42359970073742126, -0.1389828958901719, 0.4463267648038145, -0.2688132546940386, -0.20879297437587951, 0.491279391892641, 0.07105951439194991, 0.5749814571095987, 0.31909074966809825, 0.07718641933349893, 0.29909728864461826, -0.018205649892547464]], "inverted": false, "swapped": false, "error_lsq": 0.05580096607070071, "error_max": 0.3745652946974711, "target": "204.xyz", "model": "0.xyz", "model_rescale": 3.8414455957264533, "target_rescale": 3.7858972681077097},
{"mapping": [11, 12, 8, 0, 4, 1, 13, 7, 9, 2, 3, 6, 10, 14], "R": [[-0.939369316096175, -0.04466444005414269, -0.33998584642842855], [-0.3428719644586863, 0.13653801813669902, 0.9294063619276255], [0.004909578927610486, 0.9896274336324518, -0.1435738090210092]], "T": [-0.07433472752797543, 0.02335392221942191, 0.07299976830977316], "aligned_model": [[-0.48890497030797186, 0.026131862536501876, 0.5360921443357697, -0.6409176310222884, -0.4453644600033005, -0.8288956982369691, 0.0008519247477944136, -0.1425698544029182, 0.3701964997214555, 0.07982753410630677, -0.58693367325535, 0.567020347488124, 0.1593644375635735, -0.12757340372136322], [0.11477682233636606, 0.3645716251443601, 0.056975321233729184, -0.42018880163481875, -0.037834514989236935, 0.401004456131577, -0.44731402670638665, -0.5612039213632857, -0.4937477072826373, -0.019133163779241444, 0.5352286856092713, 0.26613327585459734, 0.6535037241025476, 0.09107330219423267], [-0.6659445931042078, -0.6021050290058124, -0.4275509615224137, -0.015153706330095107, 0.465950334691146, -0.11809106581710961, -0.5166320234152532, 0.3310522767289265, 0.09552914379760148, 0.7934396146741841, 0.3706630503648934, 0.4468299797470281, -0.0561405733056979, 0.04762797293791841]], "inverted": true, "swapped": false, "error_lsq": 0.04881139553042467, "error_max": 0.28890074700101953, "target": "204.xyz", "model": "1.xyz", "model_rescale": 4.316132596720782, "target_rescale": 3.7858972681077097},
{"mapping": [5, 3, 4, 12, 10, 1, 9, 2, 7, 0, 8, 13], "R": [[0.09299660500995312, 0.9889457467583959, 0.11549000573686681], [-0.9940878278998954, 0.09875151895779519, -0.04513898453439691], [-0.05604482025924491, -0.11060943663181266, 0.9922824853085446]], "T": [0.0211524392455548, 0.18430464181505615, -0.03291090912730628], "aligned_model": [[-0.26968538298641226, 0.3765346316576766, 0.16387301077695313, -0.5584289439853589, -0.6432236745186869, -0.2984414902751154, -0.03908633157803678, -0.21281946038320934, 0.6639582469286247, 0.2085377614646237, 0.262881979805494, -0.0562917922747718], [-0.5502715468362056, -0.36538400940414895, -0.4916432493677244, 0.32223636292803837, -0.36150274696244467, 0.053952112161397975, 0.2811575450950592, 0.7151349347361401, 0.1461238357278469, -0.31287411497525974, 0.5517432426077016, 0.024104062030579798], [0.1315245723062427, 0.02167906037728419, -0.5796742268301909, -0.07233794890320921, -0.37251560504665565, 0.5084341093711935, -0.7121308760882594, 0.48710060499774804, -0.4075453066999193, 0.6132998503293715, -0.1090417702180854, -0.059534002386098996]], "inverted": true, "swapped": true, "error_lsq": 0.04780798117397323, "error_max": 0.2870198776594166, "target": "204.xyz", "model": "2.xyz", "model_rescale": 3.795458400668931, "target_rescale": 3.7858972681077097},
{"mapping": [10, 5, 4, 6, 12, 8, 3, 1, 0, 2, 9, 13], "R": [[0.5672711655401075, 0.3379414539570153, -0.7509986674050673], [0.8206218590711939, -0.15537717829388317, 0.5499433578833085], [0.06916060411322267, -0.9282529322134402, -0.3654631372325324]], "T": [0.09300411430209835, 0.1864761556913485, 0.12528393777124894], "aligned_model": [[-0.25517060527228996, -0.050590506830787724, -0.7308215232537911, 0.07521274680707268, 0.3034050373309935, 0.14091810344128883, -0.24223515455455433, 0.5650736935733145, 0.31608204751119495, 0.8503678379825559, -0.39394870411546123, 0.015010853124029125], [-0.11435086754475726, -0.5312938055078575, -0.10750061920332649, 0.015028339166172383, 0.3169001894484612, 0.543675819747965, -0.3073248615726293, -0.20933584772373465, -0.5705084035978145, 0.36880697882903984, 0.61962756905802, 0.06204455419017131], [-0.676532838316196, -0.21444346899794856, 0.019861864910198396, 0.8026618334162261, -0.4180532079768142, 0.38863323772249203, 0.39952720332004066, -0.05546356872869487, 0.40295088491698716, 0.11572959279048717, -0.09743957611130316, 0.021339473693625183]], "inverted": false, "swapped": true, "error_lsq": 0.05136487804787109, "error_max": 0.33607008163931423, "target": "204.xyz", "model": "3.xyz", "model_rescale": 3.7530521520055578, "target_rescale": 3.7858972681077097},
{"mapping": [1, 8, 6, 7, 0, 9, 5, 12, 10, 4, 13], "R": [[-0.5573790452774786, -0.8302113980046507, -0.0088110447014223], [0.1649964783653951, -0.12116195908696314, 0.9788237542056422], [-0.8136982008168536, 0.5441220582676032, 0.2045150940494192]], "T": [-0.15106298108254862, -0.046086719983693895, -0.17904659971709633], "aligned_model": [[-0.43064941278987934, -0.10472887843451739, 0.4146586328287631, 0.4715461540700883, 0.17372815750319154, -0.17181608567970238, -0.07693615437749046, -0.7182158510429901, -0.4349346052532301, 0.35555012326815844, -0.1400024776471866], [-0.6000897013100437, 0.10700113480007109, -0.3110773233809877, 0.3054282882136762, -0.7874847670378197, 0.638280829418795, -0.3657207028093133, 0.02770427718648865, 0.1706929698804338, 0.33719409474794243, -0.05472574139489676], [-0.014430030947757827, -0.5957688858882424, -0.49256013327143955, -0.38833844386214733, 0.03244328879956973, -0.10448572608385066, 0.5582234823518836, -0.007620983851776175, 0.6736292723047268, 0.431415371479272, 0.00032356621507817485]], "inverted": false, "swapped": true, "error_lsq": 0.04110750497212734, "error_max": 0.20007884861482797, "target": "204.xyz", "model": "4.xyz", "model_rescale": 3.7855080009869324, "target_rescale": 3.7858972681077097},
{"mapping": [2, 0, 5, 14, 13, 12, 9, 15, 10, 8, 11, 7, 4, 16], "R": [[-0.3338231427154306, 0.7213979117139244, -0.6067513183853679], [-0.9421393757469225, -0.27622546760195393, 0.18992863848109087], [-0.03058604346417243, 0.6350468833266335, 0.7718678319002139]], "T": [-0.11995510571942052, 0.08121592755047759, 0.015757930334503803], "aligned_model": [[-0.3948116823340391, 0.09728599593509842, 0.5848083805603945, -0.633087766532933, -0.5498391096309588, -0.7812534458455014, -0.09830166671785716, -0.23296447221088792, 0.4295512440841987, 0.04665013813325018, -0.5964596044777569, 0.5498124120637526, 0.20759709370090973, -0.15066245717830534], [-0.05121792761500367, 0.5227142047118859, 0.18830483110823054, -0.32483939551676244, 0.044816791918598234, 0.24138224032136396, -0.5322341479852097, -0.6660192201968664, -0.3923353487596848, -0.22207080162564197, 0.6185680179763683, 0.2888890395157876, 0.7430750171792172, 0.04481177581879157], [-0.657072526672603, -0.5895184183988269, -0.3675743534100596, -0.15603073503103537, 0.5977738106862642, 0.005933440015834471, -0.34496932487877724, 0.34467528126336255, 0.08472338766499056, 0.6285953692936974, 0.35727282295023094, 0.2796761422205332, -0.024897770324419935, -0.009112704938083468]], "inverted": false, "swapped": false, "error_lsq": 0.044671454922128984, "error_max": 0.26514579443416464, "target": "204.xyz", "model": "5.xyz", "model_rescale": 4.2253639853439635, "target_rescale": 3.7858972681077097},
{"mapping": [1, 9, 8, 4, 3, 0, 10, 2, 5, 6, 7, 11, 12, 13], "R": [[0.3158288432490647, -0.6834222715221749, -0.6581687781712443], [-0.9279830105471878, -0.36705706070914207, -0.06416109661892971], [-0.1977363747714016, 0.6310333691422634, -0.7501314638923156]], "T": [-0.09533347228390093, 0.0235818813299714, -0.04488449129995911], "aligned_model": [[-0.4132187214648136, -0.050700231784801486, 0.43345128366588564, -0.6790891256704754, -0.5800179910021029, -0.6992007601896473, 0.0876735673713272, -0.15693319066547773, 0.37661919562553625, -0.005370663547845045, -0.41087939492342823, 0.5610772983285868, 0.15030913649765276, -0.13539534269103226], [-0.13586211076911991, 0.45604559600039685, -0.00012155727411918352, -0.3696434675420253, -0.036930192592346076, 0.5321508235930645, -0.659542444002112, -0.571579913382976, -0.36605292525140865, 0.01318680219286655, 0.5159784504313912, 0.2699761798474871, 0.8432512701424223, 0.012988565457553196], [-0.6869377318454459, -0.47334620116606785, -0.5603354632382783, -0.1191439981003404, 0.469341800251598, -0.1854710443175105, -0.37406841248286704, 0.25869338148823773, 0.11693844651832438, 0.5919173644582999, 0.49118230068554725, 0.2927077756363111, 0.32813771482703213, -0.00014151227373244285]], "inverted": true, "swapped": false, "error_lsq": 0.04841027038565209, "error_max": 0.3620114805225421, "target": "204.xyz", "model": "6.xyz", "model_rescale": 3.89814844738969, "target_rescale": 3.7858972681077097},
{"mapping": [1, 2, 12, 0, 10, 8, 6, 5, 3, 7, 9, 4, 13], "R": [[0.08533188917897033, -0.9390967097091545, -0.3328901297764594], [-0.6492165843896298, 0.20103790492501408, -0.7335540793539517], [0.7558017565754995, 0.2787133484367066, -0.5925222140650832]], "T": [-0.09249832596116125, 0.2007356676607381, -0.146529409050172], "aligned_model": [[0.11007615413357627, -0.07458926200098426, 0.4501485234086, -0.34085617217556663, 0.7120298189929454, -0.36649055780974205, -0.7640904160297423, 0.2678550238215087, -0.35666743293704245, -0.6162613736202436, 0.10659831045640092, 0.006896220442357159, 0.013982964222155489], [-0.2938464215577614, 0.18771246233576308, 0.2940635959847098, -0.5976280915487017, 0.026273898636295506, 0.52465811855099, 0.014559283710945836, -0.44523988413263815, -0.20300681710931137, 0.47599866641394273, 0.7499254361957378, 0.12660871626666811, 0.10370230172384517], [-0.5022520929843328, -0.9252753792306548, -0.3774374548310988, -0.17520010888463586, 0.27410134446249046, -0.2852474930842507, -0.09310545680302243, 0.17609869436610212, 0.2991620421182559, 0.3061410711154897, 0.21829943493865991, 0.7257381863243338, -0.038747756671040245]], "inverted": true, "swapped": true, "error_lsq": 0.03742655860566081, "error_max": 0.23750173817493755, "target": "204.xyz", "model": "7.xyz", "model_rescale": 3.7474275329858107, "target_rescale": 3.7858972681077097},
{"mapping": [11, 12, 13, 7, 6, 10, 9, 5, 8, 3, 0, 2, 1, 14], "R": [[-0.9418622835497021, 0.24189522851228817, 0.23319977969442496], [-0.008070935813886633, -0.7101362200909158, 0.7040180458696172], [0.33590221616063887, 0.6612059038892304, 0.670802842749192]], "T": [-0.05597488367975611, 0.08432027230620484, -0.04151842906783965], "aligned_model": [[-0.30652725079985177, -0.11028362907422415, 0.5012024211924211, -0.5990619819320885, -0.6697689448249508, -0.7724162661845883, -0.13335419839758433, -0.25061370673881656, 0.37294838275380576, -0.0468359779381187, -0.3509898379861586, 0.6482163419150347, 0.196438370919848, -0.0006286633553632473], [-0.10784328454136727, 0.47989928096678003, 0.27795244965964205, -0.32080401722173424, -0.052751902156246144, 0.28145020228903184, -0.6183023743824412, -0.5119016640715321, -0.40513777031705345, -0.07372341366442678, 0.46575753156157884, 0.2477343315056653, 0.7358180950117423, 0.10569761221143541], [-0.5770337270193302, -0.511848554490559, -0.7198781120689098, -0.1108606649011411, 0.4794481417299121, -0.19355426638191722, -0.32555064221001107, 0.3043957151385703, 0.1626040142839307, 0.6578192652624989, 0.4075751375909373, 0.389758812275948, 0.23532079496342362, -0.04872149373224422]], "inverted": true, "swapped": false, "error_lsq": 0.0444339106385836, "error_max": 0.2695626651617118, "target": "204.xyz", "model": "8.xyz", "model_rescale": 4.019505241142653, "target_rescale": 3.7858972681077097},
{"mapping": [5, 12, 1, 0, 3, 6, 2, 4, 7, 9, 11, 8, 13], "R": [[0.09029435746393558, -0.8100305762761181, -0.5793939890160715], [0.9770657820559, 0.18470317553278567, -0.10595845640437465], [0.19284549915843985, -0.556538590257572, 0.8081308130546978]], "T": [0.010448137414141374, 0.00520867014847827, 0.03638807210471096], "aligned_model": [[-0.26440170373126076, -0.48728382682453547, -0.017523177480122647, 0.41702166893511633, 0.26376774706056694, 0.6840047560447102, 0.1405605077281383, -0.23206073037060976, 0.373801598006604, -0.36050470463086265, -0.3391662854527215, 0.23366757642814692, -0.09218265397199381], [-0.5857202887903005, 0.2803325408282611, 0.06272660748364647, -0.3986796442337023, -0.599055646460663, -0.17386812435331378, 0.6634851221706717, -0.7716592285617977, -0.2665122702254268, -0.00969309342053231, 0.7165434392505938, 0.2767486983231842, -0.1312698838965624], [-0.43951987449652946, -0.14544695889817966, -0.6024356776530025, -0.5730875334746826, -0.009742089122163684, 0.08934733217251023, -0.35943828922757093, 0.37386482051473324, 0.6272772371999515, 0.6164922733684225, 0.30818440039456696, 0.3114867803665865, -0.020278927100763247]], "inverted": false, "swapped": true, "error_lsq": 0.05164758887992286, "error_max": 0.2522553392354929, "target": "204.xyz", "model": "9.xyz", "model_rescale": 3.877068213659057, "target_rescale": 3.7858972681077097},
{"mapping": [10, 11, 8, 6, 3, 12, 14, 13, 2, 4, 5, 7, 1, 15], "R": [[-0.9821044884400993, 0.03625468089437581, -0.18481442557078026], [0.18210158437459711, -0.06761447566698742, -0.9809522392290767], [-0.04806024088653735, -0.9970525968039625, 0.05980244520421096]], "T": [-0.11756836898324362, 0.006474547254462754, -0.019855417094763163], "aligned_model": [[-0.35061678930635226, -0.1963414815760269, 0.4856329584603677, -0.686122246371602, -0.5104846759670961, -0.7175336407345143, -0.05094394161467941, -0.2387125313738927, 0.394845732138817, 0.10010828221481467, -0.3889097124054701, 0.5899347281752116, 0.17737276246524203, -0.1299043845554544], [-0.24029150316646214, 0.3548675390364354, 0.3451426139568855, -0.22690265811831364, 0.015297790533453065, 0.41794450990672904, -0.6830754035354049, -0.7165420982555488, -0.398417995984203, -0.014724352118632416, 0.6106268306234972, 0.22134113204720582, 0.727084575554261, 0.09149409637117228], [-0.6427564763364689, -0.665666841795004, -0.36157904076512964, -0.07070955796749978, 0.4784419527682891, -0.18994174294401028, -0.379860413840763, 0.22552086170534705, 0.09782710221248425, 0.6206585655266461, 0.39531844539218663, 0.32591659980004634, 0.36307737896361214, -0.04677241227862817]], "inverted": false, "swapped": false, "error_lsq": 0.045001034099437946, "error_max": 0.30426063023931954, "target": "204.xyz", "model": "10.xyz", "model_rescale": 4.260839863003843, "target_rescale": 3.7858972681077097},
{"mapping": [6, 7, 9, 8, 12, 1, 0, 3, 4, 10, 5, 13], "R": [[0.7773294176532087, 0.6016821269891766, 0.18367796414568563], [0.2494505693123695, -0.5628366915966462, 0.788028725404269], [0.5775234972887754, -0.5667393374862224, -0.587599466835207]], "T": [-0.18154778209656597, -0.02673061547242396, -0.1891474652133397], "aligned_model": [[0.32549537591259814, 0.26156935321114155, -0.3419152137709704, -0.28574790272337003, -0.6829856564525824, -0.2684808595848435, 0.35286107064475936, 0.46374245007613946, 0.3650438789456557, -0.269634040573664, 0.16013958541179774, -0.12118939200253118], [-0.08423980183581477, -0.6091941535415061, -0.596829206159954, -0.32148762156392163, 0.15017087393783668, 0.6083026605541223, 0.5954739650623173, 0.047782009093295094, -0.31457348743352487, 0.1703454614146256, 0.48757115373666515, 0.039756652268793366], [-0.666799670753025, -0.3284006282147078, 0.162447247000579, -0.507739439945184, 0.08244073804352259, -0.22605097729717272, -0.35394115106802193, -0.09176899851678821, 0.439031550560391, 0.709759930829979, 0.33044013702706765, -0.033240660271134925]], "inverted": true, "swapped": true, "error_lsq": 0.04542692619612981, "error_max": 0.2443920338431346, "target": "204.xyz", "model": "11.xyz", "model_rescale": 3.890672605050136, "target_rescale": 3.7858972681077097},
{"mapping": [9, 6, 8, 12, 10, 11, 5, 7, 7, 4, 2, 3, 0, 13], "R": [[0.3696881523821597, -0.905123180958145, -0.20995879900702963], [0.1668713409302509, 0.2869698746028575, -0.9432932983153015], [0.91404848097046, 0.313688250278249, 0.2571284816448102]], "T": [-0.14033576475803922, 0.22127747580165086, -0.10488599056113955], "aligned_model": [[-0.6026712017509571, -0.09677850070130524, 0.5161410838439341, -0.40386509037802076, -0.8307590390486447, -0.6435422691272867, -0.0747369429117856, 0.21680279787721723, 0.21680279787721723, -0.09380182127512066, -0.5421952369696855, 0.635802586140388, 0.29125343757470246, -0.11012754160128788], [-0.10609136758183818, 0.522220976981256, 0.1072096457167254, -0.4330252219974013, -0.02935148502516799, 0.4437332290275727, -0.47305700100275844, -0.5138178949153203, -0.5138178949153203, 0.2281994946339189, 0.5052610219462534, 0.10702638081272471, 0.5595839423184326, 0.09977125085199674], [-0.6386424894477815, -0.5943695120276036, -0.3791444876537023, 0.13505654617679042, 0.40505648732756316, -0.11255513082732159, -0.4492239215652482, 0.13811815200787753, 0.13811815200787753, 0.5942876084715726, 0.4083648679667362, 0.3825759090377284, 0.11414376743976141, 0.007688471526858087]], "inverted": false, "swapped": false, "error_lsq": 0.05863101917653134, "error_max": 0.40360429363818584, "target": "204.xyz", "model": "12.xyz", "model_rescale": 4.124412569039231, "target_rescale": 3.7858972681077097},
{"mapping": [3, 6, 2, 4, 1, 5, 7, 10, 8, 9, 12, 11, 13], "R": [[0.5019534516625633, 0.7407310241560845, -0.4464977964298559], [0.8229112631890907, -0.5679143155907593, -0.01704062978925802], [-0.26619501362830555, -0.3588744627300163, -0.8946224537309962]], "T": [0.14184728718430129, 0.19581302525177305, 0.04800481370301259], "aligned_model": [[-0.3095537550068801, -0.21413512734101092, 0.8150738842482015, -0.538648258033079, 0.6209465650447832, 0.14642412272056668, -0.5486001481563572, 0.21601955285675173, 0.07290559822284967, -0.15071519582379622, 0.5977324280325669, 0.541364846640741, 0.11848379410442056], [-0.11115274434200825, 0.46125628439239574, 0.545566791609354, -0.3251326011572011, -0.07358330861329823, -0.5873612573525847, 0.4754835236453253, -0.6045470375387844, 0.6344435511309343, 0.2509152837867942, 0.0339681201601936, 0.6294553275671634, 0.018173443220193874], [0.41330372711470087, 0.587790045793095, 0.22513153795899696, -0.15636325127491998, 0.37978182930285154, 0.24254257089156905, 0.056651405456836466, -0.4086733230300421, 0.0022827245959655615, -0.5730587036146748, -0.30195117780476843, -0.5473444248204901, 0.03160512039871863]], "inverted": false, "swapped": true, "error_lsq": 0.04810877125551964, "error_max": 0.2401058588105604, "target": "204.xyz", "model": "13.xyz", "model_rescale": 3.9028299243045295, "target_rescale": 3.7858972681077097},
{"mapping": [11, 1, 2, 14, 10, 9, 12, 13, 5, 4, 7, 0, 3, 15], "R": [[-0.30883455837720963, 0.5516754504406616, 0.7747744271289854], [0.949980881624705, 0.21870161002322108, 0.2229482682614955], [-0.046449328299801806, 0.8048750233137717, -0.5916237459282319]], "T": [0.007893842875746834, 0.06130474872929071, -0.02968174441833988], "aligned_model": [[-0.4606809054868193, -0.043452761727807446, 0.6057485187047129, -0.7867152665826217, -0.4810861832318572, -0.6879872840345085, 0.036414297442505975, -0.24518392215005913, 0.155194154280277, 0.1258016179413336, -0.5809381364947668, 0.7236551654258384, 0.20684094229320038, -0.08928517683006391], [-0.08885609217177837, 0.23507324062978674, 0.2535993952753775, -0.322703524614988, -0.09870999278477133, 0.38302545361372403, -0.518671837386444, -0.6792995862088417, -0.34800240155962836, 0.14168543332729264, 0.5584257276127095, 0.2580357498253815, 0.6104538512094411, 0.11978966008381317], [-0.5808134123478539, -0.6536743670999864, -0.41405438269393535, -0.09437070755639743, 0.5094345868265678, -0.14409634891636303, -0.4131579916485034, 0.11212169600404062, 0.24026659996933258, 0.6328889884135203, 0.44652786096752933, 0.3393698124050972, 0.18836586532957372, -0.019333779211514125]], "inverted": true, "swapped": false, "error_lsq": 0.04471056292200043, "error_max": 0.26216432459174976, "target": "204.xyz", "model": "14.xyz", "model_rescale": 3.942246331269136, "target_rescale": 3.7858972681077097},
{"mapping": [9, 5, 3, 6, 8, 7, 10, 11, 4, 13, 0, 12, 1, 14], "R": [[-0.37569035440748016, 0.9233547243819051, -0.07920107680327532], [0.594739839608635, 0.30575921131590944, 0.7435024061008603], [0.7107329180412834, 0.2322226467360352, -0.6640266271433951]], "T": [-0.09639287219857078, 0.006804933556835209, -0.03281296013852131], "aligned_model": [[-0.5718745840816686, 0.038513741617773836, 0.5729144976058225, -0.5835795337316022, -0.612465232936155, -0.9128741857724866, -0.057982608083489484, -0.23523436944942877, 0.3376654468177336, 0.32812343683225087, -0.44690617432205276, 0.411923944159507, 0.3192149171468342, -0.10911423625367411], [-0.10465299475109974, 0.4311106392928754, 0.21061147968884203, -0.26675126406756744, 0.028701854986441906, 0.24466741439668618, -0.5681833152565401, -0.597177544847058, -0.3852821210044536, -0.26359192636565154, 0.6102139105572915, 0.36210521446967747, 0.7020712640080404, 0.10000246574358995], [-0.6728571601859741, -0.48507884633552695, -0.19724673702123524, -0.008204975580674484, 0.5434081515906776, -0.1208993547881132, -0.45342404104379147, 0.3277965642487041, -0.07186541538525174, 0.6056236365695804, 0.19903939455733488, 0.4995891273419769, -0.010090043139164395, -0.006315880387434476]], "inverted": true, "swapped": false, "error_lsq": 0.05734813594284887, "error_max": 0.36479737474089374, "target": "204.xyz", "model": "15.xyz", "model_rescale": 4.355366556412066, "target_rescale": 3.7858972681077097},
{"mapping": [5, 3, 4, 12, 10, 1, 9, 2, 7, 0, 8, 13], "R": [[0.09299660500995312, 0.9889457467583959, 0.11549000573686681], [-0.9940878278998954, 0.09875151895779519, -0.04513898453439691], [-0.05604482025924491, -0.11060943663181266, 0.9922824853085446]], "T": [0.0211524392455548, 0.18430464181505615, -0.03291090912730628], "aligned_model": [[-0.26968538298641226, 0.3765346316576766, 0.16387301077695313, -0.5584289439853589, -0.6432236745186869, -0.2984414902751154, -0.03908633157803678, -0.21281946038320934, 0.6639582469286247, 0.2085377614646237, 0.262881979805494, -0.0562917922747718], [-0.5502715468362056, -0.36538400940414895, -0.4916432493677244, 0.32223636292803837, -0.36150274696244467, 0.053952112161397975, 0.2811575450950592, 0.7151349347361401, 0.1461238357278469, -0.31287411497525974, 0.5517432426077016, 0.024104062030579798], [0.1315245723062427, 0.02167906037728419, -0.5796742268301909, -0.07233794890320921, -0.37251560504665565, 0.5084341093711935, -0.7121308760882594, 0.48710060499774804, -0.4075453066999193, 0.6132998503293715, -0.1090417702180854, -0.059534002386098996]], "inverted": true, "swapped": true, "error_lsq": 0.04780798117397323, "error_max": 0.2870198776594166, "target": "204.xyz", "model": "16.xyz", "model_rescale": 3.795458400668931, "target_rescale": 3.7858972681077097},
{"mapping": [1, 2, 12, 0, 10, 8, 6, 5, 3, 7, 9, 4, 13], "R": [[0.08533188917897033, -0.9390967097091545, -0.3328901297764594], [-0.6492165843896298, 0.20103790492501408, -0.7335540793539517], [0.7558017565754995, 0.2787133484367066, -0.5925222140650832]], "T": [-0.09249832596116125, 0.2007356676607381, -0.146529409050172], "aligned_model": [[0.11007615413357627, -0.07458926200098426, 0.4501485234086, -0.34085617217556663, 0.7120298189929454, -0.36649055780974205, -0.7640904160297423, 0.2678550238215087, -0.35666743293704245, -0.6162613736202436, 0.10659831045640092, 0.006896220442357159, 0.013982964222155489], [-0.2938464215577614, 0.18771246233576308, 0.2940635959847098, -0.5976280915487017, 0.026273898636295506, 0.52465811855099, 0.014559283710945836, -0.44523988413263815, -0.20300681710931137, 0.47599866641394273, 0.7499254361957378, 0.12660871626666811, 0.10370230172384517], [-0.5022520929843328, -0.9252753792306548, -0.3774374548310988, -0.17520010888463586, 0.27410134446249046, -0.2852474930842507, -0.09310545680302243, 0.17609869436610212, 0.2991620421182559, 0.3061410711154897, 0.21829943493865991, 0.7257381863243338, -0.038747756671040245]], "inverted": true, "swapped": true, "error_lsq": 0.03742655860566081, "error_max": 0.23750173817493755, "target": "204.xyz", "model": "17.xyz", "model_rescale": 3.7474275329858107, "target_rescale": 3.7858972681077097},
{"mapping": [3, 1, 0, 10, 12, 11, 8, 5, 4, 9, 7, 6, 2, 13], "R": [[0.80140477737058, -0.5970808776743813, -0.03528184126717474], [0.5457000858648314, 0.7540421916024086, -0.3655568212611449], [0.24487098459133008, 0.27370567915011806, 0.9301201009043111]], "T": [-0.15889746286774697, 0.06274805542847399, -0.005653423672153478], "aligned_model": [[-0.4006107241087342, -0.18895741258664023, 0.5453457130103881, -0.6307958415306546, -0.5907175572736656, -0.8235028896009884, 0.031127734078202768, -0.23906443047262502, 0.46733885723888635, 0.0670527289693556, -0.5013989421886555, 0.5148086485418939, 0.29273870135812796, -0.06503952588552667], [-0.021387361542734892, 0.5772828704778767, 0.15020074651922488, -0.4271581149554677, -0.05870768629477459, 0.27779822820859756, -0.4861882559837633, -0.5734741202012127, -0.4627287475273197, 0.04602509153924868, 0.6308258814646642, 0.1340711286464996, 0.6066898487707779, 0.1105955677294573], [-0.6342113862027077, -0.46703042822987023, -0.44784791349640857, -0.12288496762904316, 0.5926916541744175, -0.18947320429986386, -0.4292260877541034, 0.32903230535189754, 0.13901178622734556, 0.6239424936777064, 0.35127738512036644, 0.36317161091249733, 0.05747204209705571, -0.016450869508181323]], "inverted": false, "swapped": false, "error_lsq": 0.043417376992592425, "error_max": 0.2395753641189584, "target": "204.xyz", "model": "18.xyz", "model_rescale": 3.922800546911778, "target_rescale": 3.7858972681077097},
{"mapping": [10, 2, 1, 11, 7, 9, 4, 13, 8, 12, 3, 5, 0, 14], "R": [[0.8924055816202274, 0.3187150798877166, 0.31942600981327485], [0.008940696983487928, -0.7202442678121583, 0.6936629286773062], [0.4511455882866565, -0.6161727781522766, -0.6455995396788882]], "T": [-0.0025724791483758697, -0.022985553061230478, -0.022695909403921515], "aligned_model": [[-0.41585808398200186, -0.2546445734964886, 0.4989629355978672, -0.6197864918177383, -0.6512667694961954, -0.6922291238149862, -0.14837687091672042, -0.20219885185300362, 0.47136123719281886, 0.013614555229024258, -0.21491351942270043, 0.568185138795282, 0.21031143481479775, -0.08483595728059054], [-0.13177254050106876, 0.4892959459092762, 0.30569111051436376, -0.3710432620853215, 0.016896443047941835, 0.36035877546201883, -0.6359090202865599, -0.5973684854062918, -0.3994314800366374, -0.01401115102629432, 0.45937221341410944, 0.2568304780856456, 0.7703346527478279, -0.0053986029879354545], [-0.7067726941761973, -0.4553115446406443, -0.456766067917468, -0.09443367158180266, 0.4418642730430272, -0.22310555031781487, -0.3789725459628023, 0.29675252958376086, 0.06711472805216981, 0.7636065035344425, 0.3397837608139328, 0.3997640892447163, 0.13146675114548456, 0.024483859620303194]], "inverted": true, "swapped": false, "error_lsq": 0.04416953730267609, "error_max": 0.35972280962105835, "target": "204.xyz", "model": "19.xyz", "model_rescale": 3.9282355846067225, "target_rescale": 3.7858972681077097},
{"mapping": [0, 11, 10, 3, 6, 4, 1, 5, 2, 7, 8, 12, 9, 13], "R": [[-0.711488531923268, 0.4053309547212502, -0.5740129668277827], [0.2619543464467902, -0.6049978193500691, -0.751902625982445], [-0.6520460024563515, -0.6853352870868544, 0.3242708049675005]], "T": [-0.14459931271424314, 0.0689370653685181, 0.11430507431184281], "aligned_model": [[-0.32393650090948695, -0.11580372958635049, 0.5601150087318638, -0.7029369980316429, -0.5539538606569973, -0.6530464334947383, -0.11564110556334498, -0.28870596434264273, 0.38936959997719695, 0.22280648562089922, -0.5262539221137357, 0.5826219191242543, 0.10638344257286719, -0.10269288177877736], [-0.014754250368197441, 0.5087157532641218, 0.06176611104647503, -0.3483528410101584, -0.1316175489513227, 0.3103448308086322, -0.5157961374994909, -0.5881989631513164, -0.5541968431899635, -0.061017878528682706, 0.684826968178426, 0.4539281817786788, 0.712199578748076, -0.014001884274203832], [-0.6609567684208688, -0.4506096904014726, -0.3812356924816972, -0.16939059419657962, 0.5823336576384037, -0.1730477768921214, -0.3534013507123792, 0.3016434452512278, 0.04152085456862534, 0.6003323042959404, 0.3459102682715396, 0.3281402106111004, 0.15487378968328835, -0.016638236773899334]], "inverted": true, "swapped": false, "error_lsq": 0.04554592776313681, "error_max": 0.27610669656812725, "target": "204.xyz", "model": "20.xyz", "model_rescale": 4.067790424073018, "target_rescale": 3.7858972681077097},
{"mapping": [4, 5, 13, 2, 0, 8, 6, 3, 11, 12, 7, 10, 9, 14], "R": [[-0.22978039275995837, -0.03477144154599147, -0.9726211584969211], [-0.14883555075035948, -0.9863510386907788, 0.07042447945465245], [-0.9617946506068311, 0.1609427703453476, 0.2214689024166785]], "T": [-0.11902871024513119, 0.05456522013212872, -0.037848042596218476], "aligned_model": [[-0.6251858475536638, -0.10916909218209624, 0.49191386038698504, -0.6664804589616344, -0.697633094294956, -0.5083784517558806, -0.06356622786001943, -0.15217702514455766, 0.40039513943252814, 0.16127801590398622, -0.44937376374910804, 0.5985559807073256, 0.15282472927080215, -0.05467870465034605], [-0.06909403026304892, 0.3170614819121397, 0.2109156270217679, -0.4479466486177154, 0.012341847610909423, 0.4296929721084688, -0.5451610812652942, -0.6902048155639212, -0.3023842131676425, -0.07189123489153923, 0.6366419597154443, 0.38989358108391764, 0.553028065886072, 0.08095156528151616], [-0.6469341094862866, -0.5664921774743582, -0.3418665136338573, -0.07658221525698375, 0.37189844377336095, -0.2191043396116421, -0.46774242399148636, 0.3719858259401099, 0.10643716257797971, 0.6639003248091486, 0.29188332089578783, 0.17170844908495647, 0.4928876715733929, -0.002504998759013888]], "inverted": true, "swapped": false, "error_lsq": 0.04795763485112879, "error_max": 0.38230605868688716, "target": "204.xyz", "model": "21.xyz", "model_rescale": 4.186013935880536, "target_rescale": 3.7858972681077097},
{"mapping": [4, 10, 9, 6, 0, 7, 3, 5, 11, 12, 1, 8, 13], "R": [[-0.5114026940446945, 0.7891611371179952, -0.34013524396401695], [-0.760441854811134, -0.5999394321891293, -0.24859779394835183], [-0.4002442628885897, 0.1315194942478797, 0.906921800740037]], "T": [0.08727993480751181, 0.06176367027395089, 0.11815062777621692], "aligned_model": [[-0.003829253714112524, -0.5673912897210376, 0.3728358359592675, 0.40232665868399287, -0.3378727853981631, 0.6585625845467837, -0.01858086100478848, -0.6215508623954575, 0.3635476459311836, -0.2161087535178807, -0.4272647115318343, 0.5061753732365928, -0.05227554565132067], [-0.44033272622926123, 0.18237605410628752, 0.2655871959461095, -0.4637893896779721, -0.5089931965899767, -0.35897280656338093, -0.5810766783339283, -0.2794283449788329, 0.8503381754434667, 0.5663350505509437, 0.11633460629675596, 0.16491015265411224, 0.005668566921769903], [-0.6000576728605711, -0.5233249495575074, -0.47452361293491824, 0.4544410424580481, 0.5578892822673502, -0.1090606469320015, 0.034580544343004796, -0.06177922798062292, 0.055484496021678806, 0.0188669083449447, 0.4982194514013916, 0.2327264497375146, 0.019417497027034034]], "inverted": true, "swapped": true, "error_lsq": 0.049017176624699836, "error_max": 0.3173265840956638, "target": "204.xyz", "model": "22.xyz", "model_rescale": 4.166573947596378, "target_rescale": 3.7858972681077097},
{"mapping": [2, 3, 11, 1, 0, 4, 6, 5, 12, 10, 8, 14, 9, 15], "R": [[-0.7464011135943054, -0.3053846350761844, -0.5912914698222584], [-0.10961859391752564, 0.9327781557696226, -0.34337832777647215], [0.6564062320642041, -0.1914814267191662, -0.7297024885039567]], "T": [-0.05339542235495101, 0.06429615403495725, 0.046761532741986654], "aligned_model": [[-0.31717462126489193, -0.17647481714151725, 0.4027074380415283, -0.5643112877313802, -0.8184673122615294, -0.7100745569493784, -0.0329846885538759, -0.28793438758026557, 0.49725655182037, 0.1496322404239552, -0.4713617834777174, 0.6537877444107069, 0.24913375090568854, -0.09540921109232803], [-0.1011588941515286, 0.47912584001996456, 0.34268501082081304, -0.4057342378946861, -0.0669043733171876, 0.31760488794917663, -0.6061542099451235, -0.6189772031318723, -0.17492393017639407, 0.07009473709105743, 0.6941545845937507, -0.014307059727279692, 0.5787919891144647, 0.00954793560591953], [-0.5497737976795476, -0.37060454903828605, -0.533379098986233, -0.11490315120680186, 0.3001529053956549, -0.1640955583782384, -0.31266487607008536, 0.4580898376012005, -0.21579800312740913, 0.7676549906712113, 0.33427086936428324, 0.39272578906016437, 0.11171768175167018, 0.04608138108352526]], "inverted": true, "swapped": false, "error_lsq": 0.050690758388426946, "error_max": 0.33977779426533933, "target": "204.xyz", "model": "23.xyz", "model_rescale": 4.274766983524099, "target_rescale": 3.7858972681077097},
{"mapping": [10, 12, 11, 9, 8, 7, 4, 3, 5, 1, 13], "R": [[-0.5993261827387817, 0.7007016114290973, -0.38707283348799765], [0.7314168272532805, 0.282818594965015, -0.620518385829751], [-0.32532683795608625, -0.6550044992843037, -0.6820055384106594]], "T": [-0.1418348973281875, 0.25204012854948943, 0.14646798076123396], "aligned_model": [[0.4789549689443798, 0.09057089257987294, -0.520617051214597, -0.4629462656204877, -0.5684065269600806, -0.6569958827276006, 0.0008864240808244828, 0.04609464351284784, 0.602181839381805, 0.3681852645591431, 0.0019863974219679337], [-0.16453061508902705, 0.4774798217311711, 0.6348887531597041, -0.13363394450636823, 0.37954083678979955, -0.20878023135740353, -0.6171982456648101, -0.1774301065732259, -0.04755635170366834, 0.6252242646319328, 0.14758234982537904], [-0.39733477130315736, -0.3551880014595496, -0.4954445156221721, -0.3252225495957925, 0.17841196820191102, 0.42442799084674093, 0.12973143611457438, 0.6065462192775375, 0.23539990890666243, 0.2596029703600917, 0.11863577829473121]], "inverted": false, "swapped": true, "error_lsq": 0.04679535604823329, "error_max": 0.27358674052831167, "target": "204.xyz", "model": "24.xyz", "model_rescale": 3.7841303162186577, "target_rescale": 3.7858972681077097},
{"mapping": [0, 7, 10, 1, 4, 6, 8, 2, 9, 12, 3, 14, 13, 15], "R": [[0.46909387545357795, -0.8709381716852473, -0.14634765838065844], [-0.7901453486085499, -0.3398711097106403, -0.5100568172824779], [0.39448861084220943, 0.3549004506697854, -0.8475992012916053]], "T": [-0.09261662282589647, 0.05401337689273977, -0.0418408234953614], "aligned_model": [[-0.28983654207732135, -0.17030171195109348, 0.5030097236499407, -0.6248913286596006, -0.742558275535784, -0.6895085453435371, -0.19448618488324906, -0.14777177325817903, 0.372046719713521, 0.22682150425355965, -0.4707337275859048, 0.6538180465606793, 0.19810981916042178, -0.14539266449408822], [-0.1653959287983995, 0.3611572369485725, 0.19665034548447224, -0.38467287752820106, -0.10628743576000294, 0.4605629838577393, -0.5099462383259008, -0.5408830833634133, -0.25354879749109493, 0.04413599292640885, 0.5064108962796139, 0.1691429559544058, 0.6287186637003384, 0.09780036296653605], [-0.7158540350707628, -0.6096728728355448, -0.5215689296680203, -0.3198235594970293, 0.2876797986119134, -0.06337921138369251, -0.18685781687044484, 0.41842989997367847, 0.13601922124349286, 0.6459335775127647, 0.5071271420305541, 0.20081000933526885, 0.4022221973884004, -0.031591000329470334]], "inverted": true, "swapped": false, "error_lsq": 0.04904559253038502, "error_max": 0.2992597469951175, "target": "204.xyz", "model": "25.xyz", "model_rescale": 4.19342608120988, "target_rescale": 3.7858972681077097},
{"mapping": [5, 3, 4, 12, 10, 1, 9, 2, 7, 0, 8, 13], "R": [[0.09299660500995312, 0.9889457467583959, 0.11549000573686681], [-0.9940878278998954, 0.09875151895779519, -0.04513898453439691], [-0.05604482025924491, -0.11060943663181266, 0.9922824853085446]], "T": [0.0211524392455548, 0.18430464181505615, -0.03291090912730628], "aligned_model": [[-0.26968538298641226, 0.3765346316576766, 0.16387301077695313, -0.5584289439853589, -0.6432236745186869, -0.2984414902751154, -0.03908633157803678, -0.21281946038320934, 0.6639582469286247, 0.2085377614646237, 0.262881979805494, -0.0562917922747718], [-0.5502715468362056, -0.36538400940414895, -0.4916432493677244, 0.32223636292803837, -0.36150274696244467, 0.053952112161397975, 0.2811575450950592, 0.7151349347361401, 0.1461238357278469, -0.31287411497525974, 0.5517432426077016, 0.024104062030579798], [0.1315245723062427, 0.02167906037728419, -0.5796742268301909, -0.07233794890320921, -0.37251560504665565, 0.5084341093711935, -0.7121308760882594, 0.48710060499774804, -0.4075453066999193, 0.6132998503293715, -0.1090417702180854, -0.059534002386098996]], "inverted": true, "swapped": true, "error_lsq": 0.04780798117397323, "error_max": 0.2870198776594166, "target": "204.xyz", "model": "26.xyz", "model_rescale": 3.795458400668931, "target_rescale": 3.7858972681077097},
{"mapping": [2, 8, 11, 12, 10, 0, 6, 1, 7, 9, 5, 4, 13], "R": [[0.6414987341874225, -0.21768127739402163, 0.7355910790024861], [-0.6937707249213904, 0.24456251253343958, 0.6774004419140718], [-0.3273553959811618, -0.9448830821511403, 0.005865644600432436]], "T": [-0.05531832531496512, -0.1469909981430916, -0.02059340798620831], "aligned_model": [[-0.07769015435748844, 0.2708450608648971, 0.6017221321954473, 0.027540876294467963, -0.2363370541296812, -0.8503311241340477, -0.23123995522361604, -0.5568660039749987, 0.23267063328651055, 0.4951929698118563, -0.7025664528898711, -0.12066620765975994, -0.15259833726245953], [-0.8055698161037833, -0.40774667967977496, -0.3442915853086954, -0.06613783376769572, 0.6280159797598909, -0.29719866068614365, -0.4461263603749651, -0.34653088381608577, -0.028937106984978575, 0.26681952631209094, 0.3167588700633971, 0.6523581514226188, 0.0004679024210393623], [-0.43617621119153593, 0.1370902126096725, -0.5017076958436286, -0.6063334095753707, -0.49094336248291537, 0.19219904641828045, 0.5861366104319518, -0.3681854833893339, 0.656262300932032, -0.013728883934420847, -0.15187084099574355, 0.34409197707849276, -0.054697597958054414]], "inverted": false, "swapped": true, "error_lsq": 0.05105614659498796, "error_max": 0.32000825939549027, "target": "204.xyz", "model": "27.xyz", "model_rescale": 3.6321398670334006, "target_rescale": 3.7858972681077097},
