[{"mapping": [5, 12, 1, 0, 3, 4, 2, 11, 7, 8, 9, 13], "R": [[-0.8290971678106469, -0.5473702966327798, -0.11394579716912379], [0.46613931666542885, -0.7892660562013047, 0.39971643697392045], [-0.30872645462780074, 0.27828914979312747, 0.9095290678809376]], "T": [0.003635443493309338, -0.0559001812369745, -0.26357978179775443], "aligned_model": [[-0.027603557992822297, -0.40699128411782587, 0.028534742409508235, 0.2269071173487818, 0.506303014838324, 0.37955599136222123, 0.6280531570519237, -0.5422096245142445, -0.2215800059236813, -0.1305236307373385, -0.2459798110299797, -0.08186052759175595], [-0.6120029787846403, 0.3363980175281842, 0.23930139935536066, 0.682336986450703, -0.1092255064754475, -0.3791027579482382, 0.20703600325696825, -0.48930512261819364, -0.18985142986334919, -0.6976206476427032, 0.389285230390059, -0.09427191688987563], [-0.7756101166290092, -0.37586344842201724, -0.7588374573084331, -0.23974538482870403, -0.39655356945550346, 0.5535053194666227, 0.10004822494499277, -0.22787040821809376, 0.4454544534905053, 0.16159702544870114, 0.2620106916204469, -0.13032096938144636]], "inverted": false, "swapped": false, "error_lsq": 0.05359850887650311, "error_max": 0.3161675789411362, "target": "205.xyz", "model": "0.xyz", "model_rescale": 3.8414455957264533, "target_rescale": 3.803095510939363},
{"mapping": [11, 13, 12, 8, 10, 2, 5, 0, 4, 1, 9, 14], "R": [[0.636701278806259, -0.3849727561072088, -0.6681373052162962], [0.7694655556173321, 0.2606254400803635, 0.5830927359360837], [-0.05034123841330168, -0.8853645334200689, 0.46216382666418065]], "T": [0.0170897070804559, -0.03204916613812182, 0.010802869281606106], "aligned_model": [[-0.256356155904487, -0.5423074513397094, 0.16661141872969915, 0.12189203409631875, 0.6253454504172113, 0.2368434077902753, 0.6181676292358337, -0.6037592501741139, -0.05794766334865012, 0.03309773342935976, -0.28048028751104115, 0.051498715682414556], [-0.31587596367477533, 0.29066409383208935, 0.07477719230214262, 0.6158366320216393, 0.011236029741285, -0.003160979145115095, -0.17802410651764594, -0.40567544357347146, -0.4288517118638213, -0.8202786161946162, 0.5407617877426113, -0.09843163791149491], [-0.7447996129446509, -0.3864098843280599, -0.7298191198295365, -0.42915492675742356, -0.29989415826439825, 0.7147052142805603, 0.23822193897687483, 0.03242106978218763, 0.37513015016087276, -0.3454778744090841, 0.23182184906954784, -0.03893028500882799]], "inverted": false, "swapped": false, "error_lsq": 0.060853720402740265, "error_max": 0.2675627075959208, "target": "205.xyz", "model": "1.xyz", "model_rescale": 4.316132596720782, "target_rescale": 3.803095510939363},
{"mapping": [1, 5, 9, 7, 10, 6, 6, 0, 4, 2, 3, 11], "R": [[-0.6001914634371075, -0.700695560182139, 0.3857407667829031], [0.44821251209261176, -0.6940629859296179, -0.5633667682479094], [0.662476981653592, -0.16523408699025124, 0.7306311964840022]], "T": [0.020013751076252882, -0.08982465122233493, -0.228512968102306], "aligned_model": [[0.04523930388408235, -0.5146608085880635, -0.13810435415134426, 0.1467010371346295, 0.6316061336872008, 0.46686151559312455, 0.46686151559312455, -0.6228235374603481, -0.3176252377842325, -0.08134101629400756, 0.005473359610598012, 0.024417669878346926], [-0.44531037771692905, 0.27029966094901525, 0.17129352048182436, 0.7801872525345381, 0.018548745069294936, -0.13664984654361265, -0.13664984654361265, -0.3842717805368874, -0.2622940944669635, -0.8975840464168164, 0.4096275755695321, -0.10421948562055595], [-0.6378915620089212, -0.24242256722951103, -0.9043587126602816, -0.39431628125455076, -0.33549784132170435, 0.4601309452730383, 0.4601309452730383, -0.2915618942769463, 0.4427425238565308, -0.033635128542832515, 0.19734271051168437, -0.10284877689148186]], "inverted": true, "swapped": false, "error_lsq": 0.05956073189601498, "error_max": 0.3634109674892837, "target": "205.xyz", "model": "2.xyz", "model_rescale": 3.795458400668931, "target_rescale": 3.803095510939363},
{"mapping": [8, 7, 1, 0, 6, 10, 2, 9, 5, 3, 4, 11], "R": [[0.9594454221441868, 0.2392213301834985, -0.14912289264831663], [0.13202033748488512, 0.08608287187557581, 0.9875020859016099], [0.24906848940992277, -0.9671416102902879, 0.051009736601637115]], "T": [0.049971201470479794, 0.004070993188889885, -0.10685242624598142], "aligned_model": [[-0.04484207290354055, -0.5704372603339224, 0.3327912723517298, 0.05906798348837975, 0.37480406415293516, 0.31260311122112483, 0.8111036478157977, -0.6633323821404231, -0.14810547587625644, -0.047702933510768146, -0.2860571818363957, -0.017287191325549935], [-0.46673137981255497, 0.25545636325772725, 0.21554340812390954, 0.7856926005089958, -0.43957281328920556, 0.15791922068420988, 0.035256597931598715, -0.49105636117607443, -0.4214071751890049, -0.7868235072805255, 0.3155541158250288, 0.12314620717472322], [-0.7232277223197456, -0.47454935695498446, -0.6279676411341356, -0.1413901694118881, -0.318890349542856, 0.5612538065324895, -0.020654000551528995, -0.13137880744394798, 0.4161758461010237, -0.15174872919920898, 0.34149779762884186, -0.11130631297599726]], "inverted": true, "swapped": false, "error_lsq": 0.07391977664120315, "error_max": 0.40488015275612865, "target": "205.xyz", "model": "3.xyz", "model_rescale": 3.7530521520055578, "target_rescale": 3.803095510939363},
{"mapping": [1, 0, 2, 4, 3, 9, 10, 8, 5, 6, 11], "R": [[-0.8323788544633901, -0.3678087689274443, 0.4145626034054356], [-0.4831956572434135, 0.8479789376481324, -0.21783865158931454], [-0.27141738975850516, -0.3816391368887932, -0.8835633365704221]], "T": [-0.15381948958784436, -0.07911242133555345, 0.09633198467731878], "aligned_model": [[-0.33049659490799344, -0.2089352505433149, 0.29275972551034973, 0.49280254179178656, 0.4328801522210824, -0.3790440517762894, -0.22638755936005522, -0.5851190388425074, -0.3135863275221972, 0.2752691849971777, -0.11194317912283368], [-0.5657204632762053, 0.14776635511616876, -0.4869863699315723, 0.28977875495059036, -0.7591124617088796, 0.5865960238423277, -0.43304032120692587, 0.1265315088520027, 0.38062504051557616, 0.21928283643206603, -0.0385175452708023], [-0.24867487409389483, -0.7354320547322635, -0.45606411189153445, -0.1649661947768249, 0.09120164004659502, -0.27866817021817114, 0.47927706678624343, 0.24136165356228062, 0.770512002690257, 0.46011275319541883, -0.06582893332278954]], "inverted": true, "swapped": true, "error_lsq": 0.053218034315048214, "error_max": 0.2661121607521489, "target": "205.xyz", "model": "4.xyz", "model_rescale": 3.7855080009869324, "target_rescale": 3.803095510939363},
{"mapping": [10, 5, 3, 2, 14, 11, 12, 7, 6, 8, 1, 16], "R": [[-0.7209967469729249, 0.5061046178212492, -0.4733094195919487], [0.250000592794953, 0.827031056722724, 0.5035070355201272], [0.6462688252241726, 0.24469929921457034, -0.72281315601424]], "T": [0.042193721569661675, -0.10384433382577053, -0.12228849348026831], "aligned_model": [[-0.23408789736358954, -0.6436712681529004, -0.07729575868919605, 0.3324512052511667, 0.6792033174742221, 0.2335842044325526, 0.5604894592771681, -0.6434804779265485, -0.22653064039863052, 0.04318235240584265, 0.003324026586504353, 0.08543705820651906], [-0.45488416421685096, 0.13662653751982062, 0.29656051836150743, 0.5141673235625276, 0.008815462339325189, -0.11643924083010605, 0.10138069548333055, -0.4055928462811756, -0.4085338861485761, -0.8055096555030857, 0.504726037604929, -0.08833950513281787], [-0.6979652939446502, -0.47847134052159507, -0.6770991132881379, -0.4044194419381452, -0.32033884966883197, 0.6494933926037479, 0.267990225680107, -0.10931932804489394, 0.38862105042846024, -0.1768290557083902, 0.32630395944107393, -0.15015184431068307]], "inverted": true, "swapped": false, "error_lsq": 0.04758469876217061, "error_max": 0.3266619534646212, "target": "205.xyz", "model": "5.xyz", "model_rescale": 4.2253639853439635, "target_rescale": 3.803095510939363},
{"mapping": [3, 6, 7, 12, 0, 8, 9, 2, 5, 4, 11, 13], "R": [[-0.5218597300794865, -0.4672476562874206, 0.713682036915094], [-0.5735002441899859, -0.4271636283434441, -0.6990198169826735], [0.6314743795558073, -0.7740871154556032, -0.045047149190950486]], "T": [0.06232281461666513, -0.17308891027739226, -0.002095346078306845], "aligned_model": [[-0.19565919757801506, -0.43533924456404044, 0.07241792872670641, 0.21369309071671574, 0.6651020900944721, 0.25592330386288603, 0.6235510527810574, -0.5020097790557796, -0.44176527040813196, 0.0604538482567197, -0.23972252417362241, 0.03596028244414272], [-0.30485080624291055, 0.10511361920162332, 0.20549596612912402, 0.7059990693001466, -0.19637900898883393, -0.07840294318041348, 0.01198981621293102, -0.5332308221753346, -0.13000783438438984, -0.822250157361948, 0.5067590073774642, -0.18725862912863092], [-0.6494697021149802, -0.2998432185587099, -0.6992056645030735, -0.27711376027035006, -0.5304677201508549, 0.7045999870018151, 0.15076130956022032, -0.04679589474002442, 0.37840496914708033, -0.28404834651436456, 0.22622287699774168, -0.055230475126437924]], "inverted": true, "swapped": false, "error_lsq": 0.04875742552982048, "error_max": 0.26753070179807337, "target": "205.xyz", "model": "6.xyz", "model_rescale": 3.89814844738969, "target_rescale": 3.803095510939363},
{"mapping": [4, 0, 7, 3, 11, 9, 8, 2, 5, 10, 6, 12], "R": [[0.2994352461380769, 0.13776150484945168, -0.9441187961013401], [0.49585213098698944, 0.8229290513867116, 0.2773417396992894], [0.815149800690579, -0.5511892090429397, 0.1781046273085791]], "T": [-0.0336265690300951, -0.03338458872516016, -0.19436605080240069], "aligned_model": [[-0.08437123201305365, -0.4956439031194535, 0.1372180911019767, 0.030200729997279477, 0.698460497645953, 0.33779318176657164, 0.5475356477052359, -0.5549168159383898, -0.32408334079599177, -0.046572076458365017, -0.07535803451988261, -0.05765716426876929], [-0.44800540865907806, 0.31349594966138983, 0.25637472671754447, 0.7695334913790658, -0.35079373351986737, -0.30757357393807816, 0.25505187407901087, -0.5087226693603527, -0.18220893756268697, -0.7296952403403019, 0.41572821667348514, -0.20020741837130307], [-0.6852940936359155, -0.325607288825852, -0.7583929302722429, -0.254620255722265, -0.3308956477012495, 0.5703650445119366, -0.0026849169393417527, -0.25647910979410093, 0.5099511937353487, 0.03777087718805802, 0.3095506326312911, -0.19584914444760487]], "inverted": true, "swapped": false, "error_lsq": 0.05124831024492107, "error_max": 0.3034470987598743, "target": "205.xyz", "model": "7.xyz", "model_rescale": 3.7474275329858107, "target_rescale": 3.803095510939363},
{"mapping": [7, 0, 3, 2, 8, 13, 4, 10, 12, 11, 1, 14], "R": [[0.7489648381452445, -0.5640346958239958, 0.34773054672950543], [0.2520836329966019, -0.24278082319224065, -0.9367557386348552], [0.61278504648637, 0.7892542896917515, -0.039650384687499596]], "T": [-0.01657874622340784, -0.12299531653156524, -0.17218746311686703], "aligned_model": [[-0.16298513965680644, -0.5351227166020377, 0.013159940460920685, 0.3664186322767454, 0.5998053878189344, 0.35941878275782735, 0.6844989481033664, -0.670638885502154, -0.2581634754882169, -0.0244186696312806, -0.27203346867291867, 0.012666245238731038], [-0.6494590072876638, 0.22802222825115964, 0.2969006291424495, 0.6230342177044813, 0.0020771526659558587, -0.21928066571764832, 0.08435171352630579, -0.5023291007381944, -0.28867843695775997, -0.7230488341069357, 0.5205176909618027, -0.08913031068512528], [-0.5787323956905117, -0.3773997231444688, -0.7526506766846423, -0.0990954802500421, -0.43607719881386553, 0.638655813000465, 0.10660120503368789, -0.23197520479029143, 0.3707936976900653, -0.009847488876846472, 0.12010641984159795, -0.13256460658708605]], "inverted": false, "swapped": false, "error_lsq": 0.04914472161499278, "error_max": 0.39923991943919407, "target": "205.xyz", "model": "8.xyz", "model_rescale": 4.019505241142653, "target_rescale": 3.803095510939363},
{"mapping": [5, 2, 6, 10, 11, 7, 9, 3, 0, 4, 1, 12], "R": [[0.06480175283824127, 0.16430091233543445, 0.98427940293132], [-0.6874303919391244, 0.7223342220738491, -0.07531751362989564], [-0.723353433023936, -0.671742868832049, 0.1597539642881362]], "T": [0.050031547842613946, -0.014571897950959228, -0.1336650826311478], "aligned_model": [[-0.017892815230901207, -0.5229294179488936, -0.02738840288012903, 0.2523343547884938, 0.5597483161465738, 0.21721624144660906, 0.6605322492640469, -0.6019950345645791, -0.3104682042163289, -0.11328037805944889, -0.04507576610423272, 0.06180443846190099], [-0.4780680893692907, 0.07040201944476769, 0.2889761320361727, 0.8531302237501215, -0.1366324878023924, -0.43090684594082906, 0.1721964365001484, -0.5526611371238379, -0.21159877085908338, -0.7780767310469784, 0.5280841873804613, -0.0418676602104326], [-0.614375266196793, -0.2539452857335092, -0.789352952496007, -0.3442508383580001, -0.4691342354721759, 0.6526544957735279, 0.11076597971719726, -0.287879589933527, 0.3701865008620238, 0.14559153043343148, 0.25721120733429714, -0.15965718520240343]], "inverted": false, "swapped": false, "error_lsq": 0.04794879867543442, "error_max": 0.27978928558311045, "target": "205.xyz", "model": "9.xyz", "model_rescale": 3.877068213659057, "target_rescale": 3.803095510939363},
{"mapping": [12, 10, 6, 13, 3, 7, 4, 11, 8, 0, 2, 15], "R": [[0.08861249007096422, -0.9960543506193938, -0.004853577608421422], [-0.2875343620659902, -0.030244765282382347, 0.9572926641337631], [-0.9536623182420113, -0.08343251635418472, -0.2890799162516853]], "T": [0.024813541340372725, -0.013124628304873716, -0.11539106098642916], "aligned_model": [[-0.033677776385255015, -0.5842552897806556, 0.023447035154770937, 0.21839107508956648, 0.5662243925081049, 0.2991080745776317, 0.6295263924051231, -0.5732426160066788, -0.35685431739489193, -0.12605900315067844, 0.04278284909796671, 0.0072147649881068275], [-0.5000577511968991, 0.1436438711490729, 0.15328465675581268, 0.7144029630373039, -0.01242392389678227, -0.1168652684798358, 0.09540285937338314, -0.4314081511992944, -0.31982767067267137, -0.7947801322106398, 0.4528587115047278, -0.10125288740534957], [-0.6790133771653305, -0.4435214862683592, -0.7092013485625906, -0.29108920618751083, -0.44650303899294774, 0.6463746234789789, 0.16857166882218105, -0.22504051788437948, 0.48091911435763857, -0.11965535065866574, 0.35672332022654274, -0.12075004043749507]], "inverted": false, "swapped": false, "error_lsq": 0.04209392475464039, "error_max": 0.19266138809544692, "target": "205.xyz", "model": "10.xyz", "model_rescale": 4.260839863003843, "target_rescale": 3.803095510939363},
{"mapping": [1, 7, 0, 6, 3, 4, 5, 8, 9, 2, 10, 11], "R": [[0.7193761966384059, -0.1635568349857435, 0.6750904009386506], [-0.4398302340735447, -0.8594847307521875, 0.26045222747876584], [0.5376311494927285, -0.48428830187532523, -0.6902300976934005]], "T": [-0.02265778838927173, -0.08114299471865578, -0.0961795373696099], "aligned_model": [[-0.08900387761793999, -0.4373302771144764, 0.16012042243208324, 0.20083985074587185, 0.5728767523223385, 0.3185402928938273, 0.5603273097491556, -0.6569270165593759, -0.3209807707202777, 0.1123244898997206, -0.26622388866097724, -0.04195770626683885], [-0.4791154072706019, 0.2531134605994971, 0.35812240636257914, 0.7122399256922388, -0.32013768192311215, -0.23256684590058774, 0.21578651291705392, -0.4072501296081967, -0.325694113500001, -0.7527668664369422, 0.34003961899084834, -0.07879360316394794], [-0.6965767379234905, -0.47818081806750756, -0.8335209118474796, -0.250606483060849, -0.39958227585465117, 0.533707393137116, 0.07285343305817697, -0.01269247352509513, 0.6016251700329253, -0.06364823509778228, 0.2995660283029125, -0.15512972842621392]], "inverted": true, "swapped": false, "error_lsq": 0.04995942152243867, "error_max": 0.27366105638489935, "target": "205.xyz", "model": "11.xyz", "model_rescale": 3.890672605050136, "target_rescale": 3.803095510939363},
{"mapping": [4, 0, 3, 8, 7, 9, 5, 2, 11, 10, 6, 13], "R": [[0.312112597861548, 0.48459704596372555, -0.8171605896635902], [0.22327029702419854, 0.7986244633660804, 0.5588822246054764], [0.9234371124894437, -0.3568818705909154, 0.14106462958760188]], "T": [-0.07011499414820038, 0.0009487805289870518, -0.01585606899912989], "aligned_model": [[-0.22855664936646194, -0.3798581273913488, 0.04676144444563368, 0.20148667640334467, 0.6359835305653914, 0.2959439549609459, 0.6859904760194879, -0.5208487423863757, -0.35868747973801146, -0.049581415057306344, -0.24180490138975946, 0.025776814037570844], [-0.38030763028358067, 0.2851122264793332, 0.26755287947657247, 0.6326784838352432, -0.06553056354281911, -0.11535559779245971, 0.07562007361317113, -0.5365529312874624, -0.31771423432425416, -0.8926063262906634, 0.4052812950168501, -0.07520039814110283], [-0.582068780734885, -0.4305907638843752, -0.8923977442935809, -0.23112603985510463, -0.48911027181773437, 0.6611184898889944, 0.15057979794875634, -0.13202461749759192, 0.3275707316737549, 0.010185199188164948, 0.35709987668462523, -0.13142151657296156]], "inverted": true, "swapped": false, "error_lsq": 0.04310671605750907, "error_max": 0.23216107241534686, "target": "205.xyz", "model": "12.xyz", "model_rescale": 4.124412569039231, "target_rescale": 3.803095510939363},
{"mapping": [8, 1, 6, 3, 9, 5, 7, 2, 4, 10, 0, 12], "R": [[0.2225586356187242, 0.5009360301187785, 0.8363795474785181], [0.8762955962621105, 0.27321023622495816, -0.3968150637180189], [-0.42728641645056387, 0.8212303334331613, -0.3781627397908134]], "T": [0.08364737971572445, -0.002795555133186814, -0.10495805279649596], "aligned_model": [[-0.12214599719009417, -0.6545893625088435, -0.021067333792922652, 0.3494878728636879, 0.5480718241385303, 0.26066266670209925, 0.6340066274061579, -0.5301196372777305, -0.45785139716748136, 0.15876403244087597, -0.10467269745552213, 0.05205898294435347], [-0.321063487123503, 0.17965798529518245, 0.29307408157522913, 0.644049262322799, -0.07179555444316653, -0.013806893639088297, -0.2003386225698438, -0.5982889469934067, -0.22399075682385078, -0.7118569871631554, 0.42491143822341465, -0.11757424190178313], [-0.714261532506525, -0.39578706944294995, -0.6958123509385266, -0.2452220542334541, -0.5387670055835301, 0.6314455170411661, 0.1212257430540926, -0.21018724432949043, 0.4205207889588555, 0.08530241705599499, 0.2390908823306126, -0.07973373067818397]], "inverted": true, "swapped": false, "error_lsq": 0.05846662559806998, "error_max": 0.28399720464169304, "target": "205.xyz", "model": "13.xyz", "model_rescale": 3.9028299243045295, "target_rescale": 3.803095510939363},
{"mapping": [1, 9, 11, 14, 12, 4, 5, 6, 3, 2, 10, 15], "R": [[0.9926074791895259, -0.0794292948098145, -0.09176807387665287], [0.11015710868005638, 0.272194024841519, 0.9559162224001774], [-0.05094903006206788, -0.958958497520404, 0.2789315263091363]], "T": [0.09248531898354544, -0.15017942808056545, -0.024784065728262736], "aligned_model": [[-0.12122246526195109, -0.4983840316032135, 0.0001871570530677935, 0.10155154027405974, 0.6080818053564672, 0.10635981780987365, 0.540091202378981, -0.5249346996377474, -0.3085592919483317, 0.14898550764805346, 0.06128123222664692, -0.0008321931927953302], [-0.3911314548561677, 0.2844153933141723, 0.11416730592659635, 0.65275309341904, -0.090613194037313, -0.04858082784415585, -0.027042946167989357, -0.32306763954423234, -0.45116104861503353, -0.8700872713033119, 0.5186740448962539, -0.08534817842903127], [-0.5891154041177021, -0.27547552592928387, -0.7084934644218368, -0.39662788016215933, -0.4883058192228405, 0.6451774977923838, 0.19105896433557396, -0.20729557000077126, 0.34570578484945, -0.16862493440970938, 0.3023457841868583, -0.0325350721719009]], "inverted": false, "swapped": false, "error_lsq": 0.0480278080868315, "error_max": 0.2480309166109724, "target": "205.xyz", "model": "14.xyz", "model_rescale": 3.942246331269136, "target_rescale": 3.803095510939363},
{"mapping": [0, 5, 1, 3, 12, 11, 13, 7, 6, 8, 4, 14], "R": [[-0.3158380378296506, -0.6922782157065259, 0.6488429747774922], [0.7897005603253713, -0.5708690320529741, -0.22468104785383072], [0.5259461558769216, 0.4414288394533026, 0.7269946497858149]], "T": [-0.10921568969021946, 0.014541887971441791, -0.022527871252853646], "aligned_model": [[-0.17050511178644323, -0.43632149388413166, 0.08939449555660743, 0.12250581708573098, 0.5865472661443436, 0.15573588020832707, 0.6770241167342115, -0.6678083878763683, -0.3451008587947346, 0.06404855031353697, 0.13967951534515982, -0.10259420794312904], [-0.4792350495302966, 0.3302980771872774, 0.24735074229990495, 0.6229293268417617, 0.07107354638608207, -0.22840771090579412, 0.02238483544438466, -0.6231020543181114, -0.35731901118587, -0.7372113862101288, 0.4371754959962613, -0.022959535246643376], [-0.563956929947317, -0.4653363851995275, -0.772858110176428, -0.32702384499132925, -0.44772704699051985, 0.5978648935907057, 0.18410054275143206, -0.13372098490470785, 0.322243136827685, 0.038196458146492515, 0.29855776716924154, -0.11252513554766501]], "inverted": false, "swapped": false, "error_lsq": 0.050460040696270934, "error_max": 0.26783821456103324, "target": "205.xyz", "model": "15.xyz", "model_rescale": 4.355366556412066, "target_rescale": 3.803095510939363},
{"mapping": [1, 5, 9, 7, 10, 6, 6, 0, 4, 2, 3, 11], "R": [[-0.6001914634371075, -0.700695560182139, 0.3857407667829031], [0.44821251209261176, -0.6940629859296179, -0.5633667682479094], [0.662476981653592, -0.16523408699025124, 0.7306311964840022]], "T": [0.020013751076252882, -0.08982465122233493, -0.228512968102306], "aligned_model": [[0.04523930388408235, -0.5146608085880635, -0.13810435415134426, 0.1467010371346295, 0.6316061336872008, 0.46686151559312455, 0.46686151559312455, -0.6228235374603481, -0.3176252377842325, -0.08134101629400756, 0.005473359610598012, 0.024417669878346926], [-0.44531037771692905, 0.27029966094901525, 0.17129352048182436, 0.7801872525345381, 0.018548745069294936, -0.13664984654361265, -0.13664984654361265, -0.3842717805368874, -0.2622940944669635, -0.8975840464168164, 0.4096275755695321, -0.10421948562055595], [-0.6378915620089212, -0.24242256722951103, -0.9043587126602816, -0.39431628125455076, -0.33549784132170435, 0.4601309452730383, 0.4601309452730383, -0.2915618942769463, 0.4427425238565308, -0.033635128542832515, 0.19734271051168437, -0.10284877689148186]], "inverted": true, "swapped": false, "error_lsq": 0.05956073189601498, "error_max": 0.3634109674892837, "target": "205.xyz", "model": "16.xyz", "model_rescale": 3.795458400668931, "target_rescale": 3.803095510939363},
{"mapping": [4, 0, 7, 3, 11, 9, 8, 2, 5, 10, 6, 12], "R": [[0.2994352461380769, 0.13776150484945168, -0.9441187961013401], [0.49585213098698944, 0.8229290513867116, 0.2773417396992894], [0.815149800690579, -0.5511892090429397, 0.1781046273085791]], "T": [-0.0336265690300951, -0.03338458872516016, -0.19436605080240069], "aligned_model": [[-0.08437123201305365, -0.4956439031194535, 0.1372180911019767, 0.030200729997279477, 0.698460497645953, 0.33779318176657164, 0.5475356477052359, -0.5549168159383898, -0.32408334079599177, -0.046572076458365017, -0.07535803451988261, -0.05765716426876929], [-0.44800540865907806, 0.31349594966138983, 0.25637472671754447, 0.7695334913790658, -0.35079373351986737, -0.30757357393807816, 0.25505187407901087, -0.5087226693603527, -0.18220893756268697, -0.7296952403403019, 0.41572821667348514, -0.20020741837130307], [-0.6852940936359155, -0.325607288825852, -0.7583929302722429, -0.254620255722265, -0.3308956477012495, 0.5703650445119366, -0.0026849169393417527, -0.25647910979410093, 0.5099511937353487, 0.03777087718805802, 0.3095506326312911, -0.19584914444760487]], "inverted": true, "swapped": false, "error_lsq": 0.05124831024492107, "error_max": 0.3034470987598743, "target": "205.xyz", "model": "17.xyz", "model_rescale": 3.7474275329858107, "target_rescale": 3.803095510939363},
{"mapping": [4, 9, 5, 12, 8, 1, 3, 6, 2, 0, 7, 13], "R": [[-0.7965898263655873, -0.21461682773870178, -0.5651409255948646], [-0.5374493963409122, 0.6794140516008951, 0.4995444853664645], [0.276754033220174, 0.7016667041684628, -0.6565600059078638]], "T": [0.11570213989043103, 0.048547054266236345, -0.06537471519848344], "aligned_model": [[-0.09920278965956313, -0.47930226306944984, 0.1422243226917113, -0.09159432741736485, 0.5667372441530731, 0.28942548354841086, 0.7569547979895304, -0.5299145959777566, -0.3670456836828026, 0.08097448873773587, -0.21609245701203683, 0.05944136080162337], [-0.43031374358959135, 0.18172975157111054, 0.2675445055031451, 0.7234364677269829, -0.35355143770728253, -0.1464981186385665, -0.07430735361302399, -0.3327876736034578, -0.28458651226581555, -0.7791902992458526, 0.5469714346235157, -0.035469744002335934], [-0.7085963174108144, -0.3409764123141384, -0.7542554210115343, -0.3119297345224005, -0.45491109179778083, 0.5751688018278804, 0.11980358875397785, -0.24637655813878384, 0.33438682559130256, 0.04770602864010835, 0.3916862922918605, -0.033891641181616014]], "inverted": false, "swapped": false, "error_lsq": 0.049733855854089064, "error_max": 0.2720913518521864, "target": "205.xyz", "model": "18.xyz", "model_rescale": 3.922800546911778, "target_rescale": 3.803095510939363},
{"mapping": [13, 11, 4, 10, 8, 0, 1, 7, 3, 12, 2, 14], "R": [[0.7347593261138199, 0.5196368460620578, 0.43601178986747935], [-0.6699790789519676, 0.45540178296715356, 0.5862910965015682], [0.10609790975999059, -0.7229016283596372, 0.6827565226781405]], "T": [0.12519590789469034, -0.07133135041476206, -0.1203483955257332], "aligned_model": [[-0.11539702703705687, -0.4256014551198576, 0.12139407596275341, -0.07987302069981178, 0.5807506664565499, 0.2362723007820282, 0.7028029424806014, -0.6260578675055098, -0.2081906972303819, -0.07229288527831262, -0.03348049821758098, 0.03227904650968959], [-0.3672015852668445, 0.1361860816690793, 0.2653325329155092, 0.6881295832775827, -0.3108563296639574, -0.21838156193372876, 0.2367221620314255, -0.34283705099464107, -0.32837255236312585, -0.8309064939315368, 0.44873395627822804, -0.09357146525916243], [-0.691653559697813, -0.5213501324874993, -0.7610590282040961, -0.2985799078448552, -0.4512385590074197, 0.69480858684775, 0.2252759250917293, -0.10969764164489279, 0.36124524605316566, -0.0687943220779921, 0.3460021568545615, -0.10714440315457645]], "inverted": true, "swapped": false, "error_lsq": 0.044358186900893985, "error_max": 0.27696582649891904, "target": "205.xyz", "model": "19.xyz", "model_rescale": 3.9282355846067225, "target_rescale": 3.803095510939363},
{"mapping": [5, 1, 2, 10, 7, 8, 9, 3, 4, 6, 11, 13], "R": [[-0.728109166492336, -0.5227762735981027, -0.4433531430278996], [0.0369383128743576, 0.615931308625792, -0.7869334051217519], [0.6844651946679476, -0.5893501427991691, -0.4291547581826016]], "T": [0.0917412502767956, -0.09465766820673371, -0.07588535518684758], "aligned_model": [[-0.1614863063848765, -0.4827376654949561, 0.05497490577641353, 0.1419755403889752, 0.5730891057567027, 0.3200466401159302, 0.555610385989246, -0.6083219532440619, -0.280592369940671, 0.09280603048740137, -0.07967756927905369, -0.0130811630679388], [-0.47364899907778646, 0.11918386330797978, 0.17433298544754494, 0.7270086104823166, -0.21724496107945582, -0.37387478010537634, 0.19346022994208123, -0.3680525960023399, -0.1811390430847858, -0.7451488175125558, 0.42159760508760713, 0.006503179353598065], [-0.6049709134100328, -0.5068686159288014, -0.8537082620998548, -0.3300022407999023, -0.451883192987352, 0.5938429722128281, 0.34865949160495835, -0.11489552915860132, 0.4273606005790872, -0.13674737105025608, 0.3904399094341239, -0.1434124876681349]], "inverted": true, "swapped": false, "error_lsq": 0.04176607375357874, "error_max": 0.25282380793680653, "target": "205.xyz", "model": "20.xyz", "model_rescale": 4.067790424073018, "target_rescale": 3.803095510939363},
{"mapping": [9, 5, 8, 4, 0, 3, 2, 10, 11, 12, 6, 14], "R": [[-0.1558023971390402, 0.4015270402640278, 0.9024974509562556], [0.986084910145588, 0.009590610925471976, 0.16596556921616085], [0.05798416187974803, 0.9157969513592445, -0.397433995591994]], "T": [-0.04861324644634999, -0.02660209833397944, -0.18972152815061144], "aligned_model": [[-0.21557125848889222, -0.3572852035197901, 0.09352035984210477, 0.17050591949833774, 0.6294801382257181, 0.3799310375476573, 0.5593551584129325, -0.6797171605618963, -0.32302515881850524, 0.04133928276957915, -0.08871696106021931, -0.0972105727439156], [-0.6872476924852448, 0.41275390924113137, 0.23534113762663408, 0.7421674238530366, -0.16872014232223315, -0.27907763571720096, 0.29387781345474745, -0.5444543948203614, -0.30803767468650534, -0.755847561021151, 0.42979363922599395, -0.08757154559001873], [-0.5635160179604725, -0.4349847385634198, -0.6758816620807543, -0.24848127294524439, -0.3460860150326727, 0.5004602713268431, 0.09556600465038861, -0.25917417507991225, 0.3236247221430147, 0.02735786869652812, 0.39135637153808694, -0.19242699596432317]], "inverted": true, "swapped": false, "error_lsq": 0.05153794606400119, "error_max": 0.29623697309724795, "target": "205.xyz", "model": "21.xyz", "model_rescale": 4.186013935880536, "target_rescale": 3.803095510939363},
{"mapping": [7, 4, 6, 3, 0, 8, 2, 10, 9, 1, 11, 12], "R": [[-0.515265155548893, 0.14586793495701533, 0.8445261186183356], [-0.7523974104812428, 0.39484423589041195, -0.527253417329122], [-0.41036563718018054, -0.907094578825986, -0.09369882008975222]], "T": [0.058529975819448556, -0.043591250608179304, -0.07774584597416685], "aligned_model": [[-0.27127597283718763, -0.5219999159507487, 0.08401784486393042, 0.1376080534954864, 0.6255840084778197, 0.1603673365713015, 0.698753399346645, -0.7276847717412139, -0.2060907821252322, 0.3055719896217302, -0.21726675277531018, 0.04502114415589011], [-0.4643210464823045, 0.24342381367954674, 0.13821277712320792, 0.8043461755939127, -0.2207006014123238, -0.03202887038171775, -0.11806159582861919, -0.32186605627462506, -0.4343684310989853, -0.71239700478565, 0.4029524992900452, -0.002214382663659094], [-0.5802776509131842, -0.40671931967935976, -0.6032460962589893, -0.43423909080977763, -0.4886843363957686, 0.6819669905780475, 0.28867923301860055, -0.10474465867567562, 0.3256395899438529, -0.2414295120131572, 0.2736809922654876, -0.09281178033201426]], "inverted": true, "swapped": false, "error_lsq": 0.04964894257799079, "error_max": 0.3205553071946321, "target": "205.xyz", "model": "22.xyz", "model_rescale": 4.166573947596378, "target_rescale": 3.803095510939363},
{"mapping": [1, 7, 5, 13, 6, 11, 12, 4, 3, 2, 9, 15], "R": [[0.6911520614658055, 0.7157875567920675, -0.09978477575867936], [-0.16037083769606672, 0.28652746508835186, 0.9445545014273689], [0.7046914376861897, -0.6368282227505986, 0.31282549825755085]], "T": [-0.06343882821307816, 0.02813996623867139, -0.023701382166385912], "aligned_model": [[-0.051267958361799953, -0.43202155546528564, 0.04580129571806592, 0.17998042554802995, 0.5101363493191744, 0.2962475650582603, 0.5605488281010916, -0.5835035742700949, -0.24379459725588976, 0.09429933505130413, -0.20654950981924952, -0.05727102252049536], [-0.3966360211829077, 0.3991406762944835, 0.22708842620417535, 0.6934374629621605, -0.2928845359161452, -0.2135733709235917, 0.08549242521507716, -0.4865680708206315, -0.37475567786366176, -0.6239065982794443, 0.2628546476626824, 0.0032879134066307533], [-0.5959917728809488, -0.5114460837876579, -0.8234188865404043, -0.4873170059837768, -0.40718856148527904, 0.6353082448951175, 0.1679531389024534, -0.09049816247654575, 0.3844328464305383, -0.07626742385865694, 0.5100378026573781, -0.08778977514415597]], "inverted": false, "swapped": false, "error_lsq": 0.048067007580605274, "error_max": 0.2804324905172209, "target": "205.xyz", "model": "23.xyz", "model_rescale": 4.274766983524099, "target_rescale": 3.803095510939363},
{"mapping": [4, 6, 5, 9, 8, 7, 0, 1, 2, 10, 11], "R": [[-0.4647195135691534, -0.6879203993942063, 0.5574955585521422], [-0.13175022496233962, -0.5688829793818445, -0.8117967935339537], [0.8756013087761019, -0.4507079762628473, 0.1737373540797323]], "T": [-0.010150569258499276, 0.23453406128623705, 0.0770504400864489], "aligned_model": [[0.4030304893151088, 0.18246829981929735, -0.44013945083389977, -0.4870425340298529, -0.49962428793935193, -0.5162045972052232, -0.08067907320624962, 0.10550725990683277, 0.6320796251352316, 0.05682142670322016, 0.023677546292961683], [-0.11959920163799387, 0.5077045807820906, 0.7801912530070332, -0.28633150997818607, 0.3330939550515979, -0.24283956911236404, -0.6263043006427365, 0.020654243888822782, -0.21057900737791668, 0.6929393309828343, 0.06665675628030168], [-0.4942187914672689, -0.46495427079022844, -0.3798636260854046, -0.2914493077746234, 0.08366543281810393, 0.47391255292848605, 0.09511112465846254, 0.6496852354731892, 0.32271349046013387, 0.32716517264038897, 0.05779942116033815]], "inverted": true, "swapped": true, "error_lsq": 0.05174251457425743, "error_max": 0.3207122130243117, "target": "205.xyz", "model": "24.xyz", "model_rescale": 3.7841303162186577, "target_rescale": 3.803095510939363},
{"mapping": [3, 2, 4, 1, 6, 10, 7, 12, 14, 13, 8, 15], "R": [[0.9203803046865816, 0.09818376754481556, -0.37849708391973247], [-0.29644829780614196, -0.45600342041343145, -0.8391539115675339], [-0.254987257471577, 0.8845455490600567, -0.3905901562573829]], "T": [0.05366665457921024, -0.012300882888582727, -0.022847558983983995], "aligned_model": [[0.06772108590463449, -0.5926290121543785, -0.013118410084983517, 0.21826248125845552, 0.5396106429509451, 0.24020095554459234, 0.667309068556152, -0.5745637353153893, -0.3551810180839525, -0.056088248004364155, -0.12126537360936485, 0.09234714414076423], [-0.4754130449986089, 0.29581809903196027, 0.22375076133695093, 0.6691743572496575, -0.10787845963490578, -0.14826600172485124, 0.011858948582555033, -0.4233537631817194, -0.4956463779057491, -0.7847579716624266, 0.550106567595684, -0.03241583792971944], [-0.6818858628017872, -0.25982357479329743, -0.7274919510389954, -0.27091227780048044, -0.5489177246764523, 0.7201016629015997, 0.1908457970477306, -0.13024408240877425, 0.455189756834653, -0.07997815177759005, 0.027693798264132, -0.07676302902267643]], "inverted": false, "swapped": false, "error_lsq": 0.05004272695081922, "error_max": 0.2942549322120326, "target": "205.xyz", "model": "25.xyz", "model_rescale": 4.19342608120988, "target_rescale": 3.803095510939363},
{"mapping": [1, 5, 9, 7, 10, 6, 6, 0, 4, 2, 3, 11], "R": [[-0.6001914634371075, -0.700695560182139, 0.3857407667829031], [0.44821251209261176, -0.6940629859296179, -0.5633667682479094], [0.662476981653592, -0.16523408699025124, 0.7306311964840022]], "T": [0.020013751076252882, -0.08982465122233493, -0.228512968102306], "aligned_model": [[0.04523930388408235, -0.5146608085880635, -0.13810435415134426, 0.1467010371346295, 0.6316061336872008, 0.46686151559312455, 0.46686151559312455, -0.6228235374603481, -0.3176252377842325, -0.08134101629400756, 0.005473359610598012, 0.024417669878346926], [-0.44531037771692905, 0.27029966094901525, 0.17129352048182436, 0.7801872525345381, 0.018548745069294936, -0.13664984654361265, -0.13664984654361265, -0.3842717805368874, -0.2622940944669635, -0.8975840464168164, 0.4096275755695321, -0.10421948562055595], [-0.6378915620089212, -0.24242256722951103, -0.9043587126602816, -0.39431628125455076, -0.33549784132170435, 0.4601309452730383, 0.4601309452730383, -0.2915618942769463, 0.4427425238565308, -0.033635128542832515, 0.19734271051168437, -0.10284877689148186]], "inverted": true, "swapped": false, "error_lsq": 0.05956073189601498, "error_max": 0.3634109674892837, "target": "205.xyz", "model": "26.xyz", "model_rescale": 3.795458400668931, "target_rescale": 3.803095510939363},
{"mapping": [10, 8, 5, 6, 7, 2, 0, 11, 9, 4, 1, 12], "R": [[0.3067616835703978, 0.6575033370990444, 0.6881763082209935], [-0.11055513583675408, 0.7427572909456402, -0.6603704783583308], [-0.9453437636294917, 0.1264949344863826, 0.30053984780077625]], "T": [-0.06317650108484897, -0.09832294120977736, -0.0292280426667597], "aligned_model": [[0.019952261300954066, -0.5402032711071072, 0.037245398099952934, 0.0794848716397114, 0.5781571770001654, 0.2696423735619417, 0.6917227449722801, -0.6567035765562124, -0.13150768781358985, -0.16365577699069478, -0.13592587485901175, 0.06439694185472127], [-0.4979653712185333, 0.36839221462419647, 0.19642654013149397, 0.6645496328496286, -0.17636892300531143, -0.06662697668881706, 0.11768010670525231, -0.4319550426384219, -0.3008802238169126, -0.916251502612782, 0.4025131778165236, -0.07653635538748918], [-0.6132331501017318, -0.32141656760087395, -0.7147195840393746, -0.31004849804027124, -0.5219835973883015, 0.7850580719214311, 0.2441636245191835, -0.2482938394312284, 0.34316380243522876, -0.16979818953740006, 0.27773104425749007, -0.13280875626609034]], "inverted": true, "swapped": false, "error_lsq": 0.040077241459330316, "error_max": 0.24530017193343925, "target": "205.xyz", "model": "27.xyz", "model_rescale": 3.6321398670334006, "target_rescale": 3.803095510939363},
{"mapping": [9, 8, 12, 7, 6, 5, 1, 10, 0, 11, 3, 14], "R": [[0.3800953960235205, -0.9199501731152548, -0.09601650330508543], [0.3282063710848002, 0.03709103984390735, 0.9438775517738749], [-0.8647589652042178, -0.3902767399532159, 0.31603164137538564]], "T": [0.0537521638856206, -0.08556527625673228, -0.13103172335984986], "aligned_model": [[-0.032150060712769914, -0.3467828785174058, -0.030249863381235857, 0.07482783500121831, 0.5869004303243545, 0.16542351023951912, 0.58417461218789, -0.6280140055485433, -0.33114863667990824, -0.009254002543162186, -0.029743522972738183, 0.10862216370589256], [-0.5178863273042951, 0.19984913745594446, 0.2930674821724092, 0.6749884254849233, -0.1220554276236787, -0.12629001880862523, -0.02549987863585386, -0.4519052939992237, -0.21590774962010495, -0.7114744387380894, 0.4011457206371639, -0.11505435426174243], [-0.6333179742670465, -0.2895874171927042, -0.8611622764250857, -0.279359963617558, -0.6952380969390184, 0.739508526896502, 0.2718471300092204, -0.2062747603274272, 0.3425439385795912, -0.0014409068158230676, 0.3461484897052493, -0.11585232887783779]], "inverted": false, "swapped": false, "error_lsq": 0.04173016982447673, "error_max": 0.2876667064109358, "target": "205.xyz", "model": "28.xyz", "model_rescale": 4.156811204709835, "target_rescale": 3.803095510939363},
{"mapping": [9, 7, 8, 10, 2, 0, 9, 4, 6, 11], "R": [[-0.20986128290368283, 0.8202329008533856, 0.5321430543525494], [0.7900755081346523, -0.17835248422011696, 0.5864904797337156], [0.5759678232191372, 0.5435148385556303, -0.610616644783006]], "T": [0.13881385650863434, 0.023602779261629864, -0.0006652572904333083], "aligned_model": [[-0.5658132055495231, -0.1800708029258515, 0.1444645866575962, 0.6647551941861856, -0.026395725480456933, -0.614609710393061, -0.5658132055495231, -0.3627036497111349, 0.1596339675715882, -0.010522074695230837], [0.13567864268174706, -0.5100750909080695, 0.10538452688638399, 0.01891769550962154, -0.4571991351568209, -0.3984848236018835, 0.13567864268174706, 0.31930914272562855, 0.6122417457970661, -0.04273101598921668], [-0.35486669407421406, -0.5056170408093896, -0.4932321533272724, -0.023941388442760548, 0.641573727758026, 0.022532326871182905, -0.35486669407421406, 0.5317964103959328, 0.24133465616073752, 0.05407357651707061]], "inverted": false, "swapped": true, "error_lsq": 0.06396784651515666, "error_max": 0.3482453989985221, "target": "205.xyz", "model": "29.xyz", "model_rescale": 4.117894457231895, "target_rescale": 3.803095510939363},
