[{"mapping": [5, 3, 10, 9, 0, 4, 1, 11, 2, 14, 13, 6, 8, 15], "R": [[-0.8175040652504756, -0.1323461029436961, 0.5605101358000252], [0.37328315509867793, -0.8628968064637098, 0.3406886959003884], [0.4385735849529957, 0.48774338583967236, 0.7548242180475729]], "T": [-0.07302555017401863, 0.1665393722361519, 0.22204481849213809], "aligned_model": [[0.3584591616935595, 0.20285862021785034, -0.6763225943126365, -0.3321887777764166, -0.680978279746929, -0.1581883685129505, -0.6990310647619351, -0.01164959937643048, -0.41126394442454867, 0.300470905755723, 0.6099779438096218, 0.3562326201825578, 0.5944266786643635, -0.08131120028352545], [-0.5241430794916547, -0.3720171099087699, -0.3128851749882506, -0.3845910212112481, 0.3174376651422177, 0.38951068813771544, 0.1622160210876594, 0.3506212746729245, 0.7403094795010143, -0.08438056972389546, 0.4332161579289795, 0.5427818988659125, -0.08331328378670205, 0.06051038558413194], [0.27806108591039963, -0.38239581464433803, 0.327006493881959, -0.19772537624515307, 0.5374549914219542, -0.5896438931206657, -0.16416713191186694, 0.7977041989658943, 0.016756361849424223, 0.707307103774312, 0.4554714470934282, -0.18181917096841405, 0.10673689642323927, 0.1868408947496604]], "inverted": true, "swapped": true, "error_lsq": 0.04130831276893336, "error_max": 0.27066163435399304, "target": "206.xyz", "model": "0.xyz", "model_rescale": 3.8414455957264533, "target_rescale": 4.3579811759337685},
{"mapping": [8, 13, 4, 12, 6, 2, 1, 3, 10, 9, 0, 14, 7, 5, 15], "R": [[-0.7717335068511197, -0.23004491044923525, 0.5928800330418258], [0.0008745585605803019, -0.9326634015418334, -0.3607467457535012], [0.635945461144741, -0.27788184287718487, 0.7199687853293243]], "T": [-0.0008996727546024376, 0.027278468225759286, -0.14714309377063986], "aligned_model": [[-0.6363924533825791, -0.708815339734689, 0.05610457747317356, -0.2039726743789134, -0.47100087949552494, 0.27004565924591806, 0.620406057165708, -0.21639125497726028, 0.652795848411097, 0.31725609549259043, 0.5872245054820874, -0.3422929693947544, 0.27976095853191135, -0.35182619411482285, 0.0191422171806031], [0.1669752305195391, 0.0692927165231459, -0.7215545357889759, -0.2674902055649885, -0.4888170155850058, -0.540248223394235, -0.3002342383660588, -0.0226992923387085, 0.38268597020792927, 0.07757342881879649, 0.10525694405943375, 0.5808436966370031, 0.6586096996000598, 0.5734825568299269, 0.07336779588515277], [0.16566433064445232, -0.44578750296932, 0.24248124512029115, -0.6837604731664846, -0.1074260362704215, -0.44758073976835444, 0.07143385671497973, 0.6790343934315254, 0.0791307367777774, 0.5187132192448224, -0.5211614110557822, -0.26943806621744915, -0.4168007743226563, 0.34770112223451943, -0.047022113058364776]], "inverted": false, "swapped": true, "error_lsq": 0.040223079554436915, "error_max": 0.27685721299710814, "target": "206.xyz", "model": "1.xyz", "model_rescale": 4.316132596720782, "target_rescale": 4.3579811759337685},
{"mapping": [0, 2, 1, 14, 10, 11, 3, 13, 4, 12, 6, 15], "R": [[0.057858197854547155, 0.9523614503929196, 0.299432958684442], [0.9346665571799424, 0.05371480092376535, -0.3514443726268983], [-0.35078605421313136, 0.3002039106461055, -0.8870325564500818]], "T": [-0.12646254056544826, 0.03320530517453681, -0.06488884841159348], "aligned_model": [[-0.25025847793651645, 0.41923588501416886, 0.1435625909785615, -0.646993648678448, -0.5396502836793989, -0.40971845758868947, -0.06823191098475609, -0.10362491650478198, 0.6098322691394893, 0.19127586282779013, 0.42771241206846344, -0.175332770024102], [-0.636879712606424, -0.36409439586638903, -0.5061165118786012, 0.35778987373053606, -0.48118855048571807, -0.03936927950435871, 0.5020311776227734, 0.6058526324085042, 0.048658861712770556, 0.026487708797298358, 0.4490238044227232, 0.0505808193878653], [0.10100578146123301, 0.10868209857946937, -0.48593477497975657, 0.1833693412308785, -0.4766011550624054, 0.4675920353753148, -0.7778510732323294, 0.4485814557935681, -0.4813484727377073, 0.4964333476707955, 0.029515787077362077, -0.16418590996700172]], "inverted": false, "swapped": true, "error_lsq": 0.04543587220137665, "error_max": 0.2509439016213797, "target": "206.xyz", "model": "2.xyz", "model_rescale": 3.795458400668931, "target_rescale": 4.3579811759337685},
{"mapping": [5, 10, 9, 2, 8, 6, 1, 11, 0, 12, 3, 15], "R": [[0.3136581877266352, -0.26110224722420355, 0.9129316281992393], [-0.7913455374458498, -0.6032419546480714, 0.09935484143670995], [0.524776887483226, -0.7536078294755473, -0.3958338764135436]], "T": [0.15570281947215145, 0.006059788820439932, 0.04493159701850677], "aligned_model": [[-0.13136085740461992, -0.2590217770990214, -0.5730818006215603, 0.2890133911720708, 0.10526801399256436, 0.24353574820941767, -0.29865109499208553, 0.6963407289171873, 0.29865961295337295, 0.7021268529507272, -0.5389269128431915, 0.059401920508703424], [0.1330761965787777, -0.6495973901634663, -0.10174632581923383, 0.006257498543481483, 0.5288999654034774, 0.6680834370612972, -0.26617069575614105, -0.22423428325158448, -0.609169727396776, 0.18357994193235513, 0.42473827917875695, -0.0079478510212351], [-0.7086069922347653, -0.009376283570772331, -0.021160192741821876, 0.7290287758977669, -0.4503554152700253, 0.25214453929025504, 0.5553376608272412, -0.10905595997187084, 0.3497534974086064, 0.3381768830553914, -0.22654859676060332, -0.010566485290301665]], "inverted": true, "swapped": true, "error_lsq": 0.04771439809341258, "error_max": 0.24509040452502492, "target": "206.xyz", "model": "3.xyz", "model_rescale": 3.7530521520055578, "target_rescale": 4.3579811759337685},
{"mapping": [13, 0, 2, 1, 6, 10, 8, 14, 5, 9, 15], "R": [[0.028563338243264458, 0.5688588637809935, 0.8219390055266864], [-0.34864467082973627, -0.7649677535547852, 0.5415452238948936], [0.9368196353676763, -0.30203299342810647, 0.1764795786215268]], "T": [-0.06861059254364313, -0.09825871992997204, -0.07180911537430328], "aligned_model": [[-0.4750338641581462, -0.10543415354373616, 0.3556068691232256, 0.5087894858875561, 0.21896377823603771, -0.04170409799168798, -0.25531232968121076, -0.6958552906861375, -0.4140950163042817, 0.2970598312900853, -0.054785609726499124], [-0.7325527488710972, 0.2502786934197553, -0.29893656082469344, 0.29136840978261597, -0.7105153821936577, 0.6727235999668599, -0.3936810696788397, -0.11973514233883908, 0.10412391569039997, 0.42504861791236626, -0.020918974550524383], [0.08500121879179366, -0.679284292015693, -0.587103834110492, -0.3081586774937962, 0.105306379233076, -0.17026964658239574, 0.5599209227064567, 0.13805454826291624, 0.6395564092709289, 0.3017573135325086, 0.008050435650013538]], "inverted": false, "swapped": true, "error_lsq": 0.04957120123414442, "error_max": 0.2587925085946003, "target": "206.xyz", "model": "4.xyz", "model_rescale": 3.7855080009869324, "target_rescale": 4.3579811759337685},
{"mapping": [4, 5, 7, 9, 10, 14, 8, 1, 14, 3, 0, 11, 6, 13, 12, 16], "R": [[-0.9918272063980368, 0.03089564947217853, -0.12379116080059384], [-0.0018013836370264664, -0.9735327911205508, -0.22854028010401634], [-0.12757565467462223, -0.22644947219351663, 0.9656319634713939]], "T": [0.08206720140991647, -0.0019292867120464553, 0.021005015557722384], "aligned_model": [[-0.6573979585268614, -0.33403336551827423, -0.38029355001771686, 0.6099153431798963, 0.277081531111992, 0.6605304023617646, 0.3123038326406966, -0.3659068630085119, 0.6605304023617646, 0.17552952962584595, -0.4370215528843901, -0.1830858919639181, -0.3211983840776423, 0.3256525315162899, 0.22044813464194263, 0.12694202389294812], [-0.0001880005810565577, 0.0659560421524398, 0.5376954515087885, -0.13698757429481065, 0.4698550326000667, -0.3350845322626738, 0.647736358380221, -0.5806049232486686, -0.3350845322626738, -0.2836101600145455, -0.4608700591883321, -0.12094456768663109, 0.34366643487700116, 0.22676270659521475, -0.4184611551763437, -0.0307092920029182], [0.03475379832688305, 0.711913942223388, 0.2584858554486032, 0.4793167189149825, 0.5409600533603586, -0.08892817342318597, -0.12124658264057461, -0.17279303468205404, -0.08892817342318597, 0.6489678203632614, 0.3793262622687828, -0.7192418542561034, -0.35849140451456823, -0.6218276205378006, -0.4990115061813736, 0.02769185325269822]], "inverted": true, "swapped": false, "error_lsq": 0.03587155899645644, "error_max": 0.28869071602672797, "target": "206.xyz", "model": "5.xyz", "model_rescale": 4.2253639853439635, "target_rescale": 4.3579811759337685},
{"mapping": [5, 3, 1, 10, 9, 2, 0, 7, 6, 8, 4, 12, 11, 15], "R": [[-0.056090228788331364, 0.7086811666011996, 0.7032957346232351], [-0.5449074442457487, -0.6119753702713994, 0.5732033002231847], [0.836618051108174, -0.35107997705073823, 0.4204914818091018]], "T": [0.09322189546167961, 0.027473531674816268, 0.09443433362558262], "aligned_model": [[0.5616877752116687, -0.11461059892514167, -0.45086633517255115, 0.16208140310106675, -0.13761592869106698, -0.4241945628299618, 0.09213129691166211, 0.6611130736174574, -0.2500070812538413, 0.32426058492270293, -0.7153552267615811, 0.03084917677124907, 0.532573008522512, 0.10201556733360831], [0.028270215455541706, 0.04467565932940966, -0.4649906241531818, -0.7442444773663759, -0.4347984560857201, 0.060580999386826595, -0.4425097536043499, -0.39124050581452907, 0.6293270889276579, 0.4754747423425348, 0.15627741869679113, 0.44437957363936353, 0.11488826752482574, -0.030991001643804035], [-0.574070126135665, -0.7350313859799081, 0.14451745258227755, 0.027041040357522278, -0.4348442449933807, 0.5602076712451686, 0.6149868435011364, 0.3230014855211296, 0.0001300240181639073, -0.4224126298048292, -0.11868552468691537, 0.5826806065692143, 0.5047587660896502, -0.0007217693521159307]], "inverted": true, "swapped": true, "error_lsq": 0.03708539884953869, "error_max": 0.2538385448789231, "target": "206.xyz", "model": "6.xyz", "model_rescale": 3.89814844738969, "target_rescale": 4.3579811759337685},
{"mapping": [12, 13, 14, 2, 7, 8, 6, 0, 1, 3, 5, 9, 15], "R": [[-0.5047847739245169, -0.7164979913690945, -0.4814799688232394], [0.8453163974652131, -0.5233562596526272, -0.10741700823820166], [-0.17502148493944517, -0.4612253829164924, 0.8698497720659164]], "T": [-0.04260066313909233, -0.012358697776129232, -0.022934851137313306], "aligned_model": [[-0.09382105859718476, -0.057688507844518955, 0.38871923116633805, -0.3065370278036242, 0.6904950017685056, -0.2425165674492737, -0.6219287302316059, 0.35643204451393223, -0.2535353566256646, -0.5297257116081864, 0.09079165735681913, -0.22671345330854004, -0.045339720432774], [-0.3719326042309122, 0.25059765151419205, 0.4089852278289208, -0.6551427295456556, -0.009763905336334072, 0.6293344900612803, 0.019417519729437317, -0.5480638844651623, -0.4228507116768067, 0.5900205789159889, 0.7845622537285029, 0.22795683690988466, 0.06066054203714957], [-0.5560094273390782, -0.7459317993131237, -0.2956477964015004, -0.07703643777245778, 0.08944304477335749, -0.28652208201497104, -0.4131865651956962, 0.19073134778590856, 0.5498339747444666, 0.33949035919636494, 0.09317980685780436, 0.6519490127957029, 0.06198159271951803]], "inverted": false, "swapped": true, "error_lsq": 0.05065076827688604, "error_max": 0.345918492912809, "target": "206.xyz", "model": "7.xyz", "model_rescale": 3.7474275329858107, "target_rescale": 4.3579811759337685},
{"mapping": [12, 2, 4, 6, 9, 8, 13, 14, 3, 5, 11, 7, 0, 10, 15], "R": [[-0.08878935662692511, -0.20475725575177073, 0.9747773675905598], [-0.9687887422026873, -0.20964310584088763, -0.1322805395918914], [0.2314407551212887, -0.9560984438803313, -0.17975244776774912]], "T": [0.001050463763778946, -0.010038676028877112, -0.03825290948614797], "aligned_model": [[-0.46924074918921593, 0.06921806241947946, 0.4345758219509569, -0.2141324036442944, 0.6812150906697427, -0.24248669519409724, -0.7064000479651613, -0.4105927873764327, 0.4398071221742631, 0.017360092509440907, -0.46981274181257804, -0.09515226738049949, 0.13375762966901228, 0.5561869848900249, 0.0778506106181051], [0.12326882467480671, 0.24299192491700897, -0.4051127967410139, -0.4983510183661528, -0.20444368831685486, -0.6363969287464686, -0.31270855474316794, -0.040918594530589485, -0.7163160241022274, -0.45258294432043256, 0.346695721354725, 0.5204623229128889, 0.6750748673860157, 0.39732939102425624, -0.049874540423201004], [-0.4591337859607937, -0.6840774918962136, -0.6479902962799787, -0.49010966504119974, 0.17784909655670272, 0.225526801360115, -0.03652382446184364, 0.4789860776432385, 0.16216800064672482, 0.6474931765603754, 0.10339908600348206, 0.4710392492848256, -0.10802850788289796, 0.3232811471469697, 0.03291559201675401]], "inverted": false, "swapped": true, "error_lsq": 0.040023483880899484, "error_max": 0.25843724527463197, "target": "206.xyz", "model": "8.xyz", "model_rescale": 4.019505241142653, "target_rescale": 4.3579811759337685},
{"mapping": [14, 10, 12, 13, 8, 6, 2, 5, 3, 9, 1, 4, 15], "R": [[0.5242431315367158, 0.8403254150296384, -0.137921484518706], [-0.6937533943683463, 0.5153739966581885, 0.5030863458403175], [0.49383738906544505, -0.1680560633355176, 0.8531598869714826]], "T": [-0.07043185984089452, -0.02283351188487729, -0.13418861699225218], "aligned_model": [[-0.24452691437116203, -0.7752922345813137, 0.28349849453714054, 0.37971799353636604, 0.25919673715020497, 0.627670157788928, 0.16153988019631887, -0.2322902125939299, 0.11316803522754652, -0.32317618197763753, -0.25234187936260266, 0.4403401677285088, -0.11780327153719167], [-0.6066746619219494, 0.15879798731448308, 0.1465445405105487, -0.4905543857456994, -0.6393670916237008, -0.02577997933349937, 0.6138126805079079, -0.74573902316207, -0.3273820995450302, 0.023396515806497507, 0.5899610504112306, 0.4276570024486506, -0.06129430755331031], [-0.3925688192022536, 0.1396982645259098, -0.6461747559875364, -0.5473478664600375, 0.04593933057546154, -0.09453979662695111, -0.2973800239429018, 0.20869419582400697, 0.6436576886521284, 0.5594253950345052, 0.22975208629941632, 0.3677851973149411, -0.04023740196280966]], "inverted": false, "swapped": true, "error_lsq": 0.052386800618550416, "error_max": 0.31335691391993997, "target": "206.xyz", "model": "9.xyz", "model_rescale": 3.877068213659057, "target_rescale": 4.3579811759337685},
{"mapping": [1, 0, 5, 10, 12, 9, 6, 7, 14, 11, 8, 4, 3, 13, 2, 15], "R": [[0.1672694850297919, 0.6343461181483111, 0.7547356635061293], [0.9147619425723732, -0.38539055035137937, 0.12118049397935071], [0.3677383686795365, 0.6701336628539339, -0.6447397661932164]], "T": [0.08550454589518974, 0.0030633935379645594, -0.016723149657780573], "aligned_model": [[-0.7677634755656885, -0.33117247087478163, -0.5402990730124367, 0.707562435298932, 0.04546863137014687, 0.4245486328757706, 0.4510958046271547, -0.480752377667899, 0.8002254297999387, 0.22985772387211406, -0.13534332929659407, -0.3410024014825538, -0.10749719819216833, 0.5177053710125636, 0.1763704698857199, 0.04099199268560744], [-0.0863960954619824, 0.04254760025054849, 0.4455565184476685, -0.013776755790690993, 0.535127654131474, -0.5591689124251968, 0.49963589368396855, -0.5222635829289124, -0.23519467761100737, -0.12204726359631318, -0.6545649782019702, 0.020627098820873168, 0.5441738615214892, 0.14824810703532212, -0.46488866283907526, 0.011511424358882276], [0.1130354476818223, 0.6604675891667732, 0.13678615694052645, 0.3238222526911988, 0.5062490903901552, 0.05102081770835075, -0.008763327902723633, -0.28067623967538935, -0.22148812781901603, 0.6961336099672479, 0.32102539070035974, -0.5419602578672299, -0.2863731653190337, -0.6410326415752289, -0.47837194987213405, 0.06107330928443319]], "inverted": false, "swapped": false, "error_lsq": 0.04045746193409177, "error_max": 0.2700072647645322, "target": "206.xyz", "model": "10.xyz", "model_rescale": 4.260839863003843, "target_rescale": 4.3579811759337685},
{"mapping": [7, 5, 3, 9, 4, 1, 0, 14, 8, 6, 12, 15], "R": [[-0.1293397414871007, -0.39842678556136557, -0.9080348714775701], [-0.8269340415747988, 0.5486889657180488, -0.12296548208349597], [0.5472214562284805, 0.7349806224972841, -0.400439961038713]], "T": [0.07164671260427197, 0.142279101227716, -0.037308648219318], "aligned_model": [[0.5842410791754811, 0.2657812612625675, -0.40514396837625005, -0.4199135216736553, -0.7152328861911728, -0.5094987198988261, 0.1560186966506395, 0.6535137499814538, 0.19414804249586465, -0.15089703736149285, 0.271573516850402, 0.034308436179118426], [0.17676905040367452, -0.6469646677736666, -0.5625214342334709, -0.25221582976805534, 0.21904191812888862, 0.40074761219654365, 0.6508201501926117, -0.17294894218485532, -0.442012167300158, 0.14701198793117615, 0.6026285803741038, 0.05272224756614223], [-0.5722125995121913, -0.11323741763768064, 0.04889164565083987, -0.4244256731715054, 0.26391459929467276, -0.40680192476551563, -0.512837578159965, -0.03591694323181437, 0.3686616488366669, 0.6255480608666217, 0.36789877631817314, -0.09330451709279705]], "inverted": false, "swapped": true, "error_lsq": 0.04734631310756182, "error_max": 0.24968508897986544, "target": "206.xyz", "model": "11.xyz", "model_rescale": 3.890672605050136, "target_rescale": 4.3579811759337685},
{"mapping": [8, 13, 14, 3, 5, 1, 12, 9, 4, 0, 7, 11, 10, 15], "R": [[-0.8530702324016619, 0.5216878968910225, 0.010626232991848478], [0.35975523643052554, 0.5732813175343898, 0.7361553510142075], [0.37795151600567994, 0.6318150593357651, -0.676729179469566]], "T": [-0.013550427127911296, -0.03269997213682937, 0.030511000659435863], "aligned_model": [[0.6138230604983702, 0.18961204451739888, 0.3611213742907984, 0.6409216345538036, 0.7822436526715374, -0.36419345565863426, -0.412527731894787, 0.2905383328796103, -0.147501898449829, -0.5498293522722432, -0.03965537167725597, -0.17971847477862124, -0.04119292541141555, 0.06623494552496148], [-0.09135929968173823, 0.19901108833984224, 0.4926235366653861, -0.5621585466211957, 0.11702370667286824, -0.4424571668352799, 0.05867215344791885, -0.40021106379165583, -0.8668246277275837, 0.238055398613547, 0.6264174354654554, 0.5214087366136582, 0.09834421709455557, -0.056393048428013536], [-0.32187562608803477, -0.6745657797902033, -0.11644531156966458, 0.1816519193499614, 0.13372791049253802, 0.5307207309028205, -0.4680405732562548, 0.5958276633011163, -0.015320649630046021, 0.39239058980560526, 0.3695501624227158, -0.15493062167842309, 0.7966020435555728, 0.10549797753915767]], "inverted": true, "swapped": true, "error_lsq": 0.042731853129791296, "error_max": 0.26735824958570065, "target": "206.xyz", "model": "12.xyz", "model_rescale": 4.124412569039231, "target_rescale": 4.3579811759337685},
{"mapping": [6, 4, 1, 8, 2, 12, 3, 11, 9, 5, 0, 10, 15], "R": [[-0.9930547707916764, 0.01811835117988752, 0.1162495056265347], [0.10398025288499359, -0.32715022094386903, 0.9392341773734337], [0.05504842611614101, 0.9447986337240862, 0.3229941369363163]], "T": [0.12937593099808956, -0.021963839537697233, -0.07736859468326972], "aligned_model": [[-0.2524837568651951, 0.006051039950139267, 0.5444698418645441, -0.5800810800178379, 0.5545515601201714, 0.27487332031069767, -0.5035078455587575, 0.3346376250813343, 0.02267093281256223, -0.4684822994412111, 0.8203091365998163, 0.5263618530247524, 0.08792797962874126], [-0.23095508318548316, 0.35932209736681575, 0.5140535987886262, -0.11671921587227493, -0.10370219598860717, -0.5712636082144972, 0.5492091542246131, -0.5122439117163586, 0.706752900462238, 0.17834232273523695, -0.011670751353935402, 0.5153864518197041, 0.07097361744239974], [0.46983609874426424, 0.6677619197025103, 0.20801468665286416, -0.1717450354451719, 0.4688046591950231, 0.2278947354786695, -0.008643231917472835, -0.3715283543973431, -0.14594892508970075, -0.5958298811523101, -0.19722580605287066, -0.4754753835466493, -0.1242174012039736]], "inverted": false, "swapped": true, "error_lsq": 0.04476354049396747, "error_max": 0.25172934646710143, "target": "206.xyz", "model": "13.xyz", "model_rescale": 3.9028299243045295, "target_rescale": 4.3579811759337685},
{"mapping": [13, 11, 12, 6, 1, 7, 2, 10, 3, 9, 14, 5, 8, 0, 4, 15], "R": [[0.8528519080496907, 0.359793237615762, 0.3784077815029309], [-0.3329646586192885, -0.18350531312898022, 0.9249109882383146], [0.40221655739979517, -0.9148085188821773, -0.036704423903045985]], "T": [0.06985338283865686, 0.03561945082944485, -0.00699765445690665], "aligned_model": [[-0.7050081683348425, -0.19764015765990114, -0.4981041220084389, 0.5975178947997277, 0.21096575622754682, 0.431684579563662, 0.38344956374046, -0.1834339731941297, 0.6554168301560532, 0.22112507535732975, -0.48696242675378953, -0.28783196650355647, -0.18268105404746174, 0.43434665301397724, 0.19229202510519106, 0.10485965587399748], [-0.13121986187411325, 0.09610844181881714, 0.40378190497975186, 0.008333611003590292, 0.3965971107936425, -0.7855129760053979, 0.6972601115424957, -0.6578156336227746, -0.05214847446441442, -0.4347544637209201, -0.4334197476902527, 0.019490447457832842, 0.5849930702097522, 0.2693727112271694, -0.3419479216983934, -0.04999110056170824], [-0.07337213784349786, 0.679038041479216, 0.15462217416189405, 0.3994920846646605, 0.5145204975053549, 0.11729103575279193, -0.08470763432297951, -0.10871245659326256, -0.20219418540335904, 0.5902549822193698, 0.49600238254394774, -0.37292507864280994, -0.4875412467284256, -0.7139067564601722, -0.5563745123286785, 0.059460764496061934]], "inverted": true, "swapped": false, "error_lsq": 0.043046426580358156, "error_max": 0.3154403725476046, "target": "206.xyz", "model": "14.xyz", "model_rescale": 3.942246331269136, "target_rescale": 4.3579811759337685},
{"mapping": [5, 7, 14, 0, 2, 11, 6, 8, 3, 13, 12, 4, 10, 1, 15], "R": [[0.5289103512414468, -0.724635156184551, 0.44176660214534225], [-0.8481611259323687, -0.4331709458538319, 0.3049354622296885], [-0.0296064994010872, -0.5359727811087875, -0.8437159670788065]], "T": [-0.052254060936268484, -0.024213136128577905, -0.023168645395516826], "aligned_model": [[-0.7509134707480011, -0.15358073904121292, -0.22677862010024702, 0.2154945206115701, 0.4926931367517362, 0.2434762270730203, 0.19015265705320705, -0.3791761036965715, -0.7290405874896032, 0.19606742361555202, 0.5634987834460616, 0.0002483867532646761, -0.44297645779307326, -0.08270074034259205, -0.1621703795609013], [0.24242944111567438, -0.5255594734776564, 0.10825656883002883, -0.6715783629534885, -0.17104259620419576, -0.14125487148546478, 0.5745990155585702, 0.5913970204870793, 0.3567238556657964, 0.5657917456190705, 0.14506257365840064, 0.21980669176410636, -0.6945047852924012, -0.4654850908257865, -0.036497042578082686], [-0.35048484266922314, -0.5602436240291423, -0.6476146886205402, -0.05617400195754217, 0.3857743324785991, -0.5407415440359595, 0.2443946699356283, -0.21121347362517826, 0.3350919366925395, -0.4501685887039527, -0.11416092868323469, 0.7852280978461857, 0.03047170232959551, 0.5645501036718704, -0.005346670269128894]], "inverted": true, "swapped": true, "error_lsq": 0.04210400412479822, "error_max": 0.2958355129685081, "target": "206.xyz", "model": "15.xyz", "model_rescale": 4.355366556412066, "target_rescale": 4.3579811759337685},
{"mapping": [0, 2, 1, 14, 10, 11, 3, 13, 4, 12, 6, 15], "R": [[0.057858197854547155, 0.9523614503929196, 0.299432958684442], [0.9346665571799424, 0.05371480092376535, -0.3514443726268983], [-0.35078605421313136, 0.3002039106461055, -0.8870325564500818]], "T": [-0.12646254056544826, 0.03320530517453681, -0.06488884841159348], "aligned_model": [[-0.25025847793651645, 0.41923588501416886, 0.1435625909785615, -0.646993648678448, -0.5396502836793989, -0.40971845758868947, -0.06823191098475609, -0.10362491650478198, 0.6098322691394893, 0.19127586282779013, 0.42771241206846344, -0.175332770024102], [-0.636879712606424, -0.36409439586638903, -0.5061165118786012, 0.35778987373053606, -0.48118855048571807, -0.03936927950435871, 0.5020311776227734, 0.6058526324085042, 0.048658861712770556, 0.026487708797298358, 0.4490238044227232, 0.0505808193878653], [0.10100578146123301, 0.10868209857946937, -0.48593477497975657, 0.1833693412308785, -0.4766011550624054, 0.4675920353753148, -0.7778510732323294, 0.4485814557935681, -0.4813484727377073, 0.4964333476707955, 0.029515787077362077, -0.16418590996700172]], "inverted": false, "swapped": true, "error_lsq": 0.04543587220137665, "error_max": 0.2509439016213797, "target": "206.xyz", "model": "16.xyz", "model_rescale": 3.795458400668931, "target_rescale": 4.3579811759337685},
{"mapping": [12, 13, 14, 2, 7, 8, 6, 0, 1, 3, 5, 9, 15], "R": [[-0.5047847739245169, -0.7164979913690945, -0.4814799688232394], [0.8453163974652131, -0.5233562596526272, -0.10741700823820166], [-0.17502148493944517, -0.4612253829164924, 0.8698497720659164]], "T": [-0.04260066313909233, -0.012358697776129232, -0.022934851137313306], "aligned_model": [[-0.09382105859718476, -0.057688507844518955, 0.38871923116633805, -0.3065370278036242, 0.6904950017685056, -0.2425165674492737, -0.6219287302316059, 0.35643204451393223, -0.2535353566256646, -0.5297257116081864, 0.09079165735681913, -0.22671345330854004, -0.045339720432774], [-0.3719326042309122, 0.25059765151419205, 0.4089852278289208, -0.6551427295456556, -0.009763905336334072, 0.6293344900612803, 0.019417519729437317, -0.5480638844651623, -0.4228507116768067, 0.5900205789159889, 0.7845622537285029, 0.22795683690988466, 0.06066054203714957], [-0.5560094273390782, -0.7459317993131237, -0.2956477964015004, -0.07703643777245778, 0.08944304477335749, -0.28652208201497104, -0.4131865651956962, 0.19073134778590856, 0.5498339747444666, 0.33949035919636494, 0.09317980685780436, 0.6519490127957029, 0.06198159271951803]], "inverted": false, "swapped": true, "error_lsq": 0.05065076827688604, "error_max": 0.345918492912809, "target": "206.xyz", "model": "17.xyz", "model_rescale": 3.7474275329858107, "target_rescale": 4.3579811759337685},
{"mapping": [8, 9, 5, 4, 13, 12, 14, 10, 6, 11, 2, 1, 0, 15], "R": [[0.49298641655409814, -0.7820584615928907, -0.38124658128842337], [-0.529562565037959, -0.6173977307568016, 0.5817074279797099], [-0.6903099903692302, -0.08487994290356805, -0.7185175798051988]], "T": [0.037795785775930915, -0.02535199072433537, 0.05335816096257785], "aligned_model": [[0.5102384909810727, 0.11639118960257859, 0.7881019858092251, -0.5361513542410233, 0.29966283588674963, -0.268808731576057, 0.6322185005370253, 0.12521444636595136, -0.19912911734901356, 0.19588156661041284, -0.6470510487230045, -0.4552807960543704, -0.2413284640234694, 0.0948881440567991], [-0.46410553003425725, 0.44683196145500376, -0.014501740120226304, -0.1491974082468671, -0.7197364522095855, -0.4510514656527591, -0.15978093507872337, 0.7473824136627445, -0.6249381965777576, -0.12082933361995309, -0.06632463597594286, 0.4668068158606492, 0.43501828382492574, 0.03483446422398266], [-0.2714617374985697, -0.5105411060294865, -0.26801701880257056, -0.555784245151942, 0.2567153331389754, 0.4286701030743983, 0.3112930373915022, 0.04489108912240371, -0.21736330046068636, 0.632089393366725, 0.17610486513230264, -0.18268518218840107, 0.5028125600623016, -0.02192907249529763]], "inverted": false, "swapped": true, "error_lsq": 0.0389557439722828, "error_max": 0.2349003071165825, "target": "206.xyz", "model": "18.xyz", "model_rescale": 3.922800546911778, "target_rescale": 4.3579811759337685},
{"mapping": [4, 9, 3, 6, 7, 2, 10, 13, 0, 8, 5, 14, 12, 11, 15], "R": [[-0.7716082841658749, 0.5146855876733608, 0.37379058528529285], [-0.49929751688126006, -0.8541418510815837, 0.14540869254323763], [0.3941099408068799, -0.07443415931044876, 0.9160441640472061]], "T": [-0.0033481255969694534, 0.04046488822910492, 0.011578585668837486], "aligned_model": [[-0.36205921523702705, 0.04809367128603462, 0.4176780813861605, 0.021906042571181065, 0.09085310086874203, -0.6515348201120825, -0.15880685268568664, 0.40823865083784455, -0.5026330537294007, 0.6407042171212509, 0.7584770237132117, 0.531335358674984, -0.23856077601186657, 0.04483580750726315, 0.04752360069700898], [0.5497661639623964, -0.22580034255734904, 0.20133583286712037, 0.7373688570495354, -0.6099559189388034, 0.2889206544049679, -0.666096142383218, 0.4894442163047722, -0.4012435762886251, 0.3534247494700703, -0.1434687772339166, -0.1401832487418901, 0.408507226262341, -0.11475197197654675, -0.009656217166275502], [-0.5609124995086023, -0.6765884535885263, -0.7153059382579129, -0.03955088604838391, 0.3552989383959209, 0.07390385401316596, -0.27379181826325066, 0.48180423382746845, 0.229451452951379, -0.08044015962826803, -0.21678510781923138, 0.3571501812005035, 0.48624191204507683, 0.596918582052977, -0.07473512420898722]], "inverted": true, "swapped": true, "error_lsq": 0.04163995934878475, "error_max": 0.30492702738646105, "target": "206.xyz", "model": "19.xyz", "model_rescale": 3.9282355846067225, "target_rescale": 4.3579811759337685},
{"mapping": [0, 1, 9, 2, 12, 4, 6, 3, 13, 14, 10, 11, 5, 15], "R": [[-0.7594442587081904, 0.3731917861606602, -0.5328905222063754], [-0.6445853716878462, -0.32076581795155384, 0.6939877438686594], [0.08805746147379305, 0.8705384430202304, 0.48415772502636445]], "T": [-0.08113532101241025, -0.08579440974577297, 0.07675047081893864], "aligned_model": [[-0.5402447535214179, -0.03479984722378296, 0.5142021862468599, -0.5114055186904721, -0.6105347099365376, 0.16924088431229892, -0.036720786996785014, 0.7524255239838177, -0.23387795988560076, -0.050257900960199636, 0.07356813139355914, -0.5277841167825671, 0.5491775730713485, 0.019534114074154757], [-0.6006024533172598, -0.7196386824425236, -0.5199669332473285, -0.27092983908545437, 0.2239669116183114, -0.17537100962448143, 0.3939665751850322, -0.019394466086905607, 0.6612567428657111, 0.24485454699594394, -0.7857947121552602, 0.07196219695849641, 0.14419432671845367, -0.1256211169578992], [0.20344538247717808, -0.2935949465049586, 0.012060612269305312, -0.4393436364521576, -0.12292335746174714, -0.7264277575110674, -0.42998800625973493, -0.10289084984760812, 0.1801068127307493, 0.6491644448963738, 0.3782444039065807, 0.45708530060277736, 0.5416912891678979, 0.10555346523009373]], "inverted": true, "swapped": true, "error_lsq": 0.041776380625052456, "error_max": 0.2621599494499212, "target": "206.xyz", "model": "20.xyz", "model_rescale": 4.067790424073018, "target_rescale": 4.3579811759337685},
{"mapping": [9, 0, 3, 8, 4, 2, 6, 10, 1, 7, 11, 13, 14, 12, 15], "R": [[-0.003407951251198915, -0.9044336401530794, -0.4266007224885114], [-0.9800759237775619, -0.08170043042427766, 0.18104204843087315], [-0.1985939815297239, 0.4187180796525727, -0.8861352042844443]], "T": [0.07369500903605669, 0.03148519480663345, 0.03321907194834563], "aligned_model": [[0.07181696983271679, 0.14832043790960764, -0.01495564707459246, 0.22173364439318638, -0.6982071668130365, -0.4863928639643918, -0.42352021112537275, 0.3874601415635441, -0.2918866842891599, 0.7071818480413727, 0.404347126866208, 0.16281383169047972, 0.6473429593669979, -0.18062452713457505, 0.11301409464453059], [-0.0003452035702372763, 0.7271537774952013, -0.547676064928117, -0.6750189898653214, -0.108933102056714, 0.4061720822183238, -0.407226943209003, 0.5055291045332513, 0.4737140311374334, 0.412298534485403, 0.2101434512781212, -0.45239000347985747, -0.20673090764705096, 0.10165069920563825, 0.0025546743307764477], [-0.7057671283426221, 0.08155810183364462, -0.589851498142359, 0.04551313057278249, -0.2834151187629401, 0.21118538529508296, 0.2551105374065405, -0.49750306487040974, -0.4270470989978524, 0.09437791001107403, 0.5104897297909184, 0.6248447134594135, 0.26151936322164854, 0.6218478194803666, -0.06761320833414676]], "inverted": false, "swapped": true, "error_lsq": 0.03915883616067992, "error_max": 0.24796893762377045, "target": "206.xyz", "model": "21.xyz", "model_rescale": 4.186013935880536, "target_rescale": 4.3579811759337685},
{"mapping": [2, 1, 4, 13, 7, 6, 11, 0, 3, 9, 10, 5, 15], "R": [[0.8593821811321106, 0.40018861868033995, -0.31829441753090487], [0.4553378642663496, -0.3157006127720323, 0.8324665473523384], [0.23265789502610026, -0.8603384174695937, -0.4535285121223795]], "T": [0.05389757774964896, -0.143128443288499, 0.033456114977385744], "aligned_model": [[-0.11757474082508981, -0.40315700789490627, 0.2733574248376342, 0.6497678181285319, -0.4293054161351661, 0.6388344954146936, -0.055329393898330075, -0.598480688246593, 0.44051510748573336, -0.12212796961186087, -0.6081111096217166, 0.34644261030411666, 0.04374290548617808], [-0.37525304942718885, 0.20557852572625435, 0.25373581230325754, -0.587073671850472, -0.3496617552752592, -0.2024840608724569, -0.6731707541254086, -0.38252243607417546, 0.6177460296248161, 0.5752364208413614, 0.21631742810182591, 0.26180120545090535, -0.04129303487736641], [-0.6009539329838817, -0.4254184014171606, -0.6807872721475337, 0.23332998127649393, 0.5568332601451501, -0.3450314682527098, 0.30942983447936806, -0.061166861400458176, 0.089138797107474, 0.04263403262410407, 0.22678313490384852, 0.6790632024656995, 0.07902525453495149]], "inverted": false, "swapped": true, "error_lsq": 0.0532532585660851, "error_max": 0.3091831356861112, "target": "206.xyz", "model": "22.xyz", "model_rescale": 4.166573947596378, "target_rescale": 4.3579811759337685},
{"mapping": [2, 11, 3, 10, 9, 13, 8, 6, 7, 14, 12, 1, 4, 0, 5, 15], "R": [[-0.639470454690604, 0.07645685947162592, 0.7650045007825304], [-0.15584091338154157, -0.9872766891788719, -0.03159665679170117], [0.7528553295914158, -0.13942412862823184, 0.6432493801489895]], "T": [0.003443037128428028, 0.014408351690173453, 0.10095763044325248], "aligned_model": [[-0.6083283966774817, -0.5393899072769341, -0.36033695845184976, 0.7193908697578195, 0.12982532491918736, 0.5746804844184366, 0.36588726697068047, -0.4346691120551913, 0.6153827732235075, 0.3361811285557576, -0.28707643184583986, -0.21320560181537573, -0.1740799637066659, 0.24028646817138855, 0.3292519472341536, -0.0038037260857667343], [0.047304191168489884, 0.1276167399705153, 0.4843957388873144, -0.1481942713876799, 0.3346544099301605, -0.6104817338227877, 0.7277304467641399, -0.5537307275035335, -0.04160585537033229, -0.4024583453129015, -0.41073966021683767, -0.16455069026935093, 0.550402413426599, 0.20338050764291712, -0.5385291403829426, -0.016066794128692687], [-0.17736379473484984, 0.6618583192622056, 0.19152596214524562, 0.24901275877576548, 0.5928103988573569, 0.10460437377716894, -0.016876613961885792, -0.15278113954962994, -0.26480433538354464, 0.685325051389433, 0.5062093563466006, -0.5541271651457369, -0.36920134620441913, -0.6572972582876973, -0.42740840286789605, 0.03946179008199455]], "inverted": false, "swapped": false, "error_lsq": 0.042787816860024544, "error_max": 0.2866014362488395, "target": "206.xyz", "model": "23.xyz", "model_rescale": 4.274766983524099, "target_rescale": 4.3579811759337685},
{"mapping": [11, 2, 6, 8, 4, 3, 5, 9, 10, 1, 15], "R": [[0.8856491471904424, 0.45284997278418354, 0.1027253144565976], [0.4570120300124922, -0.8108619581931977, -0.3655720027285383], [-0.08225322184998929, 0.37071523694671327, -0.925097087116179]], "T": [0.07731107617773317, 0.07037882456947388, -0.15740020471559468], "aligned_model": [[0.42348001174727357, 0.1675593965320531, -0.5213494188925331, -0.4804197983175358, -0.4239377215791983, -0.5246823226948021, -0.18025232923777576, -0.008881822064529962, 0.5996890854191075, 0.2668708985182021, 0.061818724527813645], [-0.09240117446517686, 0.7543311681389114, 0.33891100610527974, -0.37614031946421156, 0.6590928561531113, -0.17654812072518178, -0.6743899446545636, -0.02078989302198804, -0.05230928978981224, 0.5440360303949899, 0.011794212572125026], [-0.6293182234745831, -0.2565219993207902, -0.399109155247965, -0.26118686108824046, 0.18607164226131456, 0.3976985885824007, 0.05553100599559729, 0.571555455621774, 0.40553941487458556, 0.37248392546600995, -0.06317735964852556]], "inverted": true, "swapped": true, "error_lsq": 0.05044664191245016, "error_max": 0.26313145942119903, "target": "206.xyz", "model": "24.xyz", "model_rescale": 3.7841303162186577, "target_rescale": 4.3579811759337685},
{"mapping": [13, 11, 14, 0, 10, 1, 9, 3, 8, 7, 11, 5, 12, 2, 4, 15], "R": [[-0.30348241207325777, -0.23960624743004694, -0.9222186680796963], [-0.7327217424163658, 0.6774052290919511, 0.06512298971336289], [0.6091118729367561, 0.6954933513638882, -0.3811452799866539]], "T": [0.13178827568407628, -0.03235188028636346, 0.06861910586303999], "aligned_model": [[-0.6378622276140574, -0.41710707534906843, -0.24958500429897282, 0.734021643477979, 0.17574651613814693, 0.74656998490902, 0.17911899716003016, -0.46693469318520187, 0.6823941236308564, 0.23187650156881837, -0.41710707534906843, -0.19917741528353614, -0.3214781855863389, 0.34828164792795235, 0.19940280971584193, 0.10183561747342415], [0.10665336234302267, -0.2517697559350648, 0.6605748408900431, -0.21913626333677477, 0.4346401941709318, -0.4248612618960804, 0.5214370698710943, -0.4747335617125795, 0.03443893372110668, -0.2614952748144758, -0.2517697559350648, -0.12396550443807172, 0.3434827604541577, 0.15111331756193477, -0.5605994546729859, -0.09488241687611575], [0.0863854382227563, 0.5585142565051935, 0.12949556030354684, 0.447771468793412, 0.6892971067358381, -0.07635064668561475, -0.11363980342314611, -0.23932754880302864, -0.13590466050627453, 0.6688534033533101, 0.5585142565051935, -0.7384790298774684, -0.40936598212085795, -0.6301399147443375, -0.4539582738623673, 0.06928232410395611]], "inverted": false, "swapped": false, "error_lsq": 0.04928322119655948, "error_max": 0.3716463501694879, "target": "206.xyz", "model": "25.xyz", "model_rescale": 4.19342608120988, "target_rescale": 4.3579811759337685},
{"mapping": [0, 2, 1, 14, 10, 11, 3, 13, 4, 12, 6, 15], "R": [[0.057858197854547155, 0.9523614503929196, 0.299432958684442], [0.9346665571799424, 0.05371480092376535, -0.3514443726268983], [-0.35078605421313136, 0.3002039106461055, -0.8870325564500818]], "T": [-0.12646254056544826, 0.03320530517453681, -0.06488884841159348], "aligned_model": [[-0.25025847793651645, 0.41923588501416886, 0.1435625909785615, -0.646993648678448, -0.5396502836793989, -0.40971845758868947, -0.06823191098475609, -0.10362491650478198, 0.6098322691394893, 0.19127586282779013, 0.42771241206846344, -0.175332770024102], [-0.636879712606424, -0.36409439586638903, -0.5061165118786012, 0.35778987373053606, -0.48118855048571807, -0.03936927950435871, 0.5020311776227734, 0.6058526324085042, 0.048658861712770556, 0.026487708797298358, 0.4490238044227232, 0.0505808193878653], [0.10100578146123301, 0.10868209857946937, -0.48593477497975657, 0.1833693412308785, -0.4766011550624054, 0.4675920353753148, -0.7778510732323294, 0.4485814557935681, -0.4813484727377073, 0.4964333476707955, 0.029515787077362077, -0.16418590996700172]], "inverted": false, "swapped": true, "error_lsq": 0.04543587220137665, "error_max": 0.2509439016213797, "target": "206.xyz", "model": "26.xyz", "model_rescale": 3.795458400668931, "target_rescale": 4.3579811759337685},
