[{"mapping": [3, 1, 2, 6, 0, 7, 12, 9, 8, 5, 11, 13], "R": [[-0.25197263579235585, 0.6468164148504973, 0.719818252263585], [-0.7817076966119667, 0.30243815026376897, -0.5454028257376774], [-0.5704760011336727, -0.7001140555259403, 0.4294152318974661]], "T": [0.10041718126933266, -0.006806079665239929, 0.06614323353047187], "aligned_model": [[0.31779595515643877, 0.6584298720266368, -8.549099239774094e-05, -0.12063077146164933, 0.3805654980644939, -0.6433035930780912, 0.24307342090066017, -0.28440967199827105, -0.5363669078756252, 0.37133343229359694, -0.20362288749900684, -0.05365671182365367], [-0.34708057480503524, 0.13754814748702593, -0.0690178189415593, -0.7015308040041885, 0.4818033868396656, 0.12681812957258198, 0.5198304124366344, 0.5843471304969664, -0.38812323530195797, -0.5337354337911374, -0.05925369819463791, 0.030986483503315534], [-0.26576043083379536, 0.09491487721026413, -0.6936509213392337, -0.16416448273901535, -0.46129410342933824, 0.045686865692948955, 0.25959351255453395, -0.1318197601913319, 0.3104430130057086, 0.5366228836036921, 0.692139020047617, 0.10319481773035434]], "inverted": true, "swapped": false, "error_lsq": 0.047065139959827675, "error_max": 0.28828902293565145, "target": "208.xyz", "model": "0.xyz", "model_rescale": 3.8414455957264533, "target_rescale": 3.9134083858044413},
{"mapping": [9, 8, 2, 7, 6, 3, 10, 5, 0, 13, 11, 14], "R": [[0.7824752427148081, 0.4595473026615807, 0.420177071191263], [0.5492858738154299, -0.1915804508786429, -0.8133768866078969], [-0.29328744154024355, 0.86724460647363, -0.40232980150266867]], "T": [-0.03613442516679994, -0.03260708234707718, 0.04743360861683544], "aligned_model": [[0.44991418689648766, 0.7054292016952247, -0.17672231184793474, -0.0920920891484456, 0.3462648399889442, -0.7099005269564941, 0.10869985028267867, -0.21022054662415138, -0.4280056340555482, 0.35332254937401386, -0.1311819207911135, -0.08638545510052999], [-0.43021157687440525, 0.10586450518942322, 0.012270654244797313, -0.5975523619034447, 0.3772917736481234, 0.36665983511295275, 0.6238256499882884, 0.5102138237618284, -0.6000420065375169, -0.5133503681533431, -0.09141781267339175, 0.0190400094943612], [-0.21935674472537414, 0.28240467973183925, -0.6756333056416951, -0.25366533373238065, -0.4964238209047399, 0.046001567716184, 0.17588749522265518, -0.28326606055375264, 0.27097763551137743, 0.4856757320749079, 0.8922842899233048, 0.10101915669007862]], "inverted": false, "swapped": false, "error_lsq": 0.039309074435101274, "error_max": 0.19553653064628743, "target": "208.xyz", "model": "1.xyz", "model_rescale": 4.316132596720782, "target_rescale": 3.9134083858044413},
{"mapping": [5, 7, 0, 4, 9, 8, 10, 1, 6, 3, 6, 11], "R": [[-0.36610164632064157, 0.40621657224358887, 0.8372321547790584], [0.9304923570156132, 0.1478166906942644, 0.3351629446817253], [0.012391856069409402, 0.9017418269032804, -0.43209734958257934]], "T": [0.002507209710840997, 0.046358281945201724, -0.07271826909070075], "aligned_model": [[0.4751683056331861, 0.8183067078531434, -0.0827776596519029, -0.27139461268525084, 0.4870793361024507, -0.6257535475818718, -0.02354573843844175, -0.20657742165382992, -0.36378110409784525, 0.3359756202089686, -0.36378110409784525, -0.04979663787762932], [-0.2721029488064206, 0.14329865737914255, -0.20636059651067964, -0.6736173802405242, 0.494916662302744, 0.40849338809673774, 0.4481091038810143, 0.44706552571857483, -0.28601124474206674, -0.3805343607258824, -0.28601124474206674, -0.05465343631289987], [-0.37427061086016555, 0.2815907234867542, -0.7305736621036535, -0.10341955057972621, -0.4102634349090619, 0.17463310355860226, 0.4122078279136976, -0.3732421202563839, 0.5841373709828094, 0.29819748909741106, 0.5841373709828094, -0.0172292160006886]], "inverted": false, "swapped": false, "error_lsq": 0.05669121310384478, "error_max": 0.3437895239976155, "target": "208.xyz", "model": "2.xyz", "model_rescale": 3.795458400668931, "target_rescale": 3.9134083858044413},
{"mapping": [1, 7, 2, 6, 0, 5, 4, 10, 3, 8, 9, 11], "R": [[0.32309052899392476, -0.6784918409122127, -0.6597433833620331], [0.08315767012235309, 0.7147894165237367, -0.6943780612357204], [0.9427074371056207, 0.16948425248739976, 0.2873634913911987]], "T": [0.037503107353697475, 0.012517943856455199, -0.0371559086071432], "aligned_model": [[0.475369470552406, 0.6163950569223767, -0.1895720700762682, -0.18938080267360866, 0.5810823285598854, -0.5653555304981118, 0.012826249707991212, -0.3941544862919779, -0.4346246254094583, 0.18001178246318375, -0.10011208123413107, 0.13663685169084455], [-0.3259326014029635, 0.12689373574267204, -0.1771911940458845, -0.5243177668982439, 0.46419337819152523, 0.19106613757308563, 0.6391198927354858, 0.4854890361129479, -0.4695395814909803, -0.6777461862302997, -0.055663309021603644, 0.10622058403193213], [-0.3371444389752061, 0.44771993691513723, -0.74438473876502, -0.124490939666404, -0.3728922284577678, 0.2767017356158608, 0.09594474383802969, -0.3962948832922754, 0.38920775277571645, 0.30017129940526965, 0.8178107687746057, -0.026443716855541546]], "inverted": false, "swapped": false, "error_lsq": 0.048656053669784066, "error_max": 0.245927333986175, "target": "208.xyz", "model": "3.xyz", "model_rescale": 3.7530521520055578, "target_rescale": 3.9134083858044413},
{"mapping": [2, 5, 7, 6, 4, 10, 0, 3, 9, 1, 11], "R": [[0.5063351130698197, 0.8534506419054493, 0.12347775145243622], [-0.12049152349152492, -0.07176551061214557, 0.9901169144365071], [0.8538773600695033, -0.5162089822133616, 0.06649617013769343]], "T": [-0.11336375405396548, -0.03202816255642372, -0.022236452714626945], "aligned_model": [[-0.37630500643435033, -0.19351271565030848, 0.21288145679150178, 0.4934200013484883, 0.39524355997410077, -0.13893230461770184, -0.2330586420212029, -0.7509209789753317, -0.3682251653330754, 0.4469817452905267, -0.14937234792744156], [-0.7162198278745535, 0.1634537239265668, -0.29243614743975244, 0.20051015624378607, -0.6138974971336569, 0.7007783289256625, -0.42055267992374545, -0.13641650461143046, 0.34976737863514357, 0.24383901053862694, -0.011622582972300646], [-0.11420703450276314, -0.731465059119578, -0.4925450194834135, -0.23621216225565667, 0.13481541478626313, -0.1183942986523883, 0.49084602578016434, 0.12304540016667671, 0.5966382556281661, 0.46875612745767975, -0.02844687255983399]], "inverted": false, "swapped": true, "error_lsq": 0.049036574730759834, "error_max": 0.29791710278242445, "target": "208.xyz", "model": "4.xyz", "model_rescale": 3.7855080009869324, "target_rescale": 3.9134083858044413},
{"mapping": [10, 7, 15, 9, 8, 12, 6, 13, 2, 5, 1, 16], "R": [[0.3838663290308188, -0.8644145977250063, 0.32470608968160547], [0.38031671715647375, -0.17242916720411947, -0.9086404002401702], [0.8414308266802009, 0.4722876089177117, 0.26256157063642166]], "T": [-0.03268764696638676, -0.009844915684136358, 0.10547478464312415], "aligned_model": [[0.48105079211385954, 0.6972927201816994, -0.08366174186605005, -0.1615392197065649, 0.2968269226496482, -0.6533340772777212, 0.2380827545893141, -0.26230981921402086, -0.5101773770007918, 0.5236551553849678, -0.36500323785767863, -0.07176072828353024], [-0.3468053588382803, 0.10667297883196737, -0.0665244570819591, -0.6094876246996205, 0.29766102668560057, 0.25784618912302465, 0.5651717991278385, 0.5802156021549448, -0.5447877722843203, -0.48478569236845626, 0.06609737073574365, -0.03868193608880991], [-0.2863092758226375, 0.22762925943544557, -0.7152000461650032, -0.25610496171443464, -0.4350528444209963, 0.18424498179326773, 0.25419006763438545, -0.24661878555541222, 0.28331006084781185, 0.45190975622313095, 0.7814208299553682, 0.0824862491014788]], "inverted": true, "swapped": false, "error_lsq": 0.04056310211962077, "error_max": 0.21338617692648296, "target": "208.xyz", "model": "5.xyz", "model_rescale": 4.2253639853439635, "target_rescale": 3.9134083858044413},
{"mapping": [5, 10, 11, 6, 8, 0, 1, 9, 3, 2, 4, 13], "R": [[-0.9546890544081066, 0.2840111440783086, 0.08891838635898303], [0.12704350158388183, 0.6591159301952629, -0.7412328509099819], [-0.2691259149518332, -0.6963503863732421, -0.6653325343759878]], "T": [-0.06073985127516733, 0.0003947504905913203, -0.03415224055953889], "aligned_model": [[0.4543813583208829, 0.6699460044273085, 0.010091430614197525, -0.1946877113955684, 0.405978717790621, -0.7476495671130694, 0.08028105518283994, -0.24249658278770447, -0.4373019631094867, 0.2754929075657241, -0.05671302707617583, -0.08820047870643737], [-0.3110826783512529, 0.08456799505330805, -0.2931935500043855, -0.612765737148067, 0.44004035283076187, 0.3391312756203477, 0.5831617680304466, 0.5376578621971683, -0.4678080990482119, -0.46811544425139734, -0.00683045861730466, -0.04217116101373963], [-0.230043070352719, 0.22570448836096582, -0.7513290863455477, -0.1749007939837117, -0.40123587848259124, 0.20349299536390614, 0.3891697281211929, -0.2597830603396142, 0.34267204251277616, 0.30880160668859935, 0.6735503051803668, -0.0001939854112186709]], "inverted": false, "swapped": false, "error_lsq": 0.03764409742356564, "error_max": 0.21909460486722068, "target": "208.xyz", "model": "6.xyz", "model_rescale": 3.89814844738969, "target_rescale": 3.9134083858044413},
{"mapping": [9, 11, 5, 6, 10, 0, 4, 2, 3, 8, 7, 12], "R": [[0.08592859808313663, -0.4541665928201283, -0.8867632051442045], [-0.9460489594838124, -0.3163004131004177, 0.07032364418956766], [-0.31242221798563324, 0.8328785953778984, -0.45684308364062653]], "T": [-0.05174270786970832, 0.026346136925847755, 0.08130310603200315], "aligned_model": [[0.5279821819685788, 0.6951913407732385, -0.083924506865324, -0.26245931798377914, 0.3774281113901217, -0.6430240357569377, 0.06716388219518599, -0.20475313646061938, -0.47378904492992585, 0.2780909850472551, -0.17383661060684097, 0.02505229494217852], [-0.3719065803618312, 0.043554530282345225, -0.16531967249235463, -0.5705046832104286, 0.3901017300756722, 0.03847176030606626, 0.6274882072813472, 0.6050731447037035, -0.5335301119158159, -0.5189532335028885, 0.0830285503377196, 0.15508848379413825], [-0.4693871011712661, 0.39296601270996157, -0.6702320916389369, -0.1569057513861607, -0.39028775414256817, 0.11665488134618994, 0.28126615879954975, -0.2971287950174217, 0.48229863222519137, 0.3083385744978708, 0.7240743425307884, 0.0042481825592067535]], "inverted": true, "swapped": false, "error_lsq": 0.03908365195575244, "error_max": 0.2474528657981179, "target": "208.xyz", "model": "7.xyz", "model_rescale": 3.7474275329858107, "target_rescale": 3.9134083858044413},
{"mapping": [8, 6, 4, 2, 9, 12, 7, 11, 1, 3, 0, 14], "R": [[-0.41488844079634374, -0.8719500597866369, 0.25994359952047175], [-0.4301579465619604, 0.43971914641018806, 0.7884232450212851], [-0.8017678733294173, 0.21529088582282396, -0.5575106382648203]], "T": [-0.0747754964356092, 0.0508847483669726, 0.03173959770680297], "aligned_model": [[0.3269076530977371, 0.4653593400284318, -0.17835167849865374, -0.14219948260604537, 0.3560222371599504, -0.6350751364876792, 0.3446182611271751, -0.1497248697582177, -0.5103742068804353, 0.42905211999864434, -0.06790637757837333, -0.10920571588940241], [-0.26464580350071265, 0.15973930802756553, -0.3398623243661406, -0.7702059432028792, 0.46948995962933565, 0.3087625032713088, 0.575121516825637, 0.633980611574317, -0.4719878038839353, -0.3886921066837009, -0.14110442123748215, 0.011996628844360278], [-0.4202575638723045, 0.6345191110255676, -0.6381966272469398, -0.14104228258183588, -0.43679367744163317, 0.046092147388848065, 0.1464667463569918, -0.17040332534245262, 0.3505810592692519, 0.29070766215983573, 0.6620619054095199, 0.0021701361875555505]], "inverted": false, "swapped": false, "error_lsq": 0.055267058038171855, "error_max": 0.3334280662946571, "target": "208.xyz", "model": "8.xyz", "model_rescale": 4.019505241142653, "target_rescale": 3.9134083858044413},
{"mapping": [5, 4, 6, 11, 3, 1, 0, 2, 9, 8, 7, 12], "R": [[-0.786357747409841, 0.6055374556190269, 0.12233512549940745], [0.3961141639086676, 0.34226582941583505, 0.8520256282326417], [0.4740622978464519, 0.7184556297063345, -0.5090053495827097]], "T": [-0.1253621259906313, -0.03747251716993856, -0.05049267108661512], "aligned_model": [[0.42241994806393507, 0.5911649958327849, -0.2872772950980679, -0.032310947712371696, 0.5340740678891325, -0.7059740082246535, 0.03491705701743786, -0.08903998027548898, -0.4538223315144437, 0.1042303015910897, 0.10692861577298118, -0.09618827962920333], [-0.19913843166746187, 0.1509341532731689, -0.1884934367797722, -0.6451667945552266, 0.4560673807095739, 0.24716760495623552, 0.46842698109604936, 0.4517950436049676, -0.48982722025294145, -0.4790763690806011, 0.07053463764317523, -0.06063142364949408], [-0.403088261779571, 0.3219136681009914, -0.7426183806365549, -0.14692226948456305, -0.2954887591048075, 0.14489193745566262, 0.3250367674659135, -0.3810529801388055, 0.342990717910158, 0.4060270837552752, 0.8178157164553819, -0.06359994868667608]], "inverted": true, "swapped": false, "error_lsq": 0.05280624813143242, "error_max": 0.3220394541541978, "target": "208.xyz", "model": "9.xyz", "model_rescale": 3.877068213659057, "target_rescale": 3.9134083858044413},
{"mapping": [5, 7, 12, 3, 0, 10, 8, 11, 13, 4, 2, 15], "R": [[0.35936603306586057, 0.5631161328585144, 0.7441480196795387], [0.3453100425275134, -0.8210588233541368, 0.45455844852116367], [0.8669584931287968, 0.0936089178806836, -0.4895103080478017]], "T": [-0.0901778785023033, -0.049945750443838074, 0.07978355817082979], "aligned_model": [[0.42855687848220314, 0.5780701788840653, -0.17395344402390117, -0.0024651113398682367, 0.28962376786726096, -0.7058714071143115, 0.24874922551697576, -0.2274306943385902, -0.5240320117182113, 0.33942530566822887, -0.07092974543509012, -0.05062079873562998], [-0.3192496042744528, 0.05413320502456827, -0.04587619574525227, -0.6382121096976057, 0.35798696125030166, 0.28021467718173976, 0.6175294562094965, 0.5640013593118759, -0.5450755927566702, -0.4894326326649258, -0.048059049939915874, -0.0053683486014863835], [-0.43923968644422, 0.5368379031285805, -0.6626181585968659, -0.14159960237949476, -0.4886420286728876, -0.043205670281372455, 0.26667444203703417, -0.306073782346776, 0.48506805862256736, 0.36330263028256354, 0.7430944262290431, 0.01230675973423255]], "inverted": true, "swapped": false, "error_lsq": 0.0401918188680269, "error_max": 0.2394842477547657, "target": "208.xyz", "model": "10.xyz", "model_rescale": 4.260839863003843, "target_rescale": 3.9134083858044413},
{"mapping": [7, 1, 6, 10, 0, 4, 3, 5, 9, 8, 2, 11], "R": [[-0.7247756643384883, 0.597210462745652, 0.34356935190704563], [0.5232865085082903, 0.1527657769695312, 0.8383518637183904], [0.4481868654879416, 0.7874022355658001, -0.42323309538606985]], "T": [0.008004109384512065, -0.051507349605138544, 0.0540446714822619], "aligned_model": [[0.48334929459150433, 0.6254673488989261, -0.02038836412922699, -0.30445633508840814, 0.5665333613112129, -0.6851702664727902, 0.08048526220903113, -0.4037088918275373, -0.4900295513649721, 0.21132009639505975, -0.0035085212577815727, 0.06922871044811374], [-0.3379309989320865, 0.1675074557178305, 0.09733424001659986, -0.4821746636154785, 0.3270920577948315, 0.049304336057763284, 0.641702427145071, 0.3780782225692037, -0.5492943064854514, -0.6177278679588526, 0.1563624666761162, -0.04766124368787364], [-0.2946874281142754, 0.3606915466318367, -0.7707555366292985, -0.2779612431112964, -0.5069738958696747, 0.2672327276436358, 0.18835684262069652, -0.2662045175260911, 0.42808194165398755, 0.44605275951096746, 0.7075083085397041, 0.04456378596221201]], "inverted": true, "swapped": false, "error_lsq": 0.05187000383114795, "error_max": 0.2688168925272944, "target": "208.xyz", "model": "11.xyz", "model_rescale": 3.890672605050136, "target_rescale": 3.9134083858044413},
{"mapping": [12, 4, 9, 5, 10, 6, 2, 11, 8, 7, 0, 13], "R": [[-0.6431010554744929, -0.3123035041457588, -0.6992049440227618], [-0.19072765261569516, -0.8189657566728628, 0.5412190424633564], [-0.7416495095227261, 0.48141625512182873, 0.46711282826440814]], "T": [-0.13153925136437794, 0.041260777546069244, 0.1055239074536819], "aligned_model": [[0.42936864015428744, 0.46152509508317197, -0.3534558906785178, -0.12095555994210466, 0.5581760385691595, -0.7027982136035369, 0.25839156719052514, -0.14460958068305374, -0.4420278606492288, 0.35039389784059305, -0.18120779153093525, 0.016321801962771276], [-0.25047878542132995, 0.22492534592440908, -0.11154521471533987, -0.6356144163772265, 0.38001762943600015, 0.1079755276589667, 0.6358125756484301, 0.49229924042089734, -0.4932529577729, -0.6581780688820834, 0.12777608969535637, -0.03714484031750648], [-0.2886873447661765, 0.43048398364809715, -0.6246978054157216, -0.27749063425751563, -0.3517256071136731, 0.06987725094328509, 0.11064736146840062, -0.20936597074862845, 0.47577103586638814, 0.17961783487715932, 0.6875399524461291, 0.12393523436466046]], "inverted": true, "swapped": false, "error_lsq": 0.05070138117566233, "error_max": 0.24350589724121544, "target": "208.xyz", "model": "12.xyz", "model_rescale": 4.124412569039231, "target_rescale": 3.9134083858044413},
{"mapping": [4, 1, 5, 10, 0, 9, 6, 3, 11, 2, 8, 12], "R": [[-0.04807979622079128, -0.16795132911835878, -0.9846221022517949], [0.9964113591711619, 0.060684532121786705, -0.059006701956964], [0.06966158561248315, -0.9839256773804295, 0.16443091218325745]], "T": [-0.051909967135746485, 0.09007144149558528, -0.10410684270209047], "aligned_model": [[0.5123999327293082, 0.6071273067343709, -0.03004847363287437, -0.287012940711519, 0.3382189360301574, -0.6099065530945053, -0.016833772547748205, -0.13601072659750277, -0.38765238345605696, 0.3046613000885816, -0.11460815931059777, -0.05121232251848169], [-0.40754252037523964, 0.20979642401928045, -0.14447802266771503, -0.6094471249055611, 0.3207807155653712, 0.2746490716003597, 0.5479343291133293, 0.7842468067345088, -0.595477928969579, -0.5409674437939288, -0.026838264876467788, -0.030063916146684577], [-0.3326039709445261, 0.3587107229955371, -0.8240057960523126, -0.10727533973153273, -0.46651553901991705, 0.14731348369111663, 0.38245666959578584, -0.24482286993172034, 0.5345260345244983, 0.3617712210565772, 0.6010861650287352, -0.0847354898998368]], "inverted": true, "swapped": false, "error_lsq": 0.0396861847169668, "error_max": 0.253936167975165, "target": "208.xyz", "model": "13.xyz", "model_rescale": 3.9028299243045295, "target_rescale": 3.9134083858044413},
{"mapping": [4, 3, 10, 5, 7, 11, 6, 9, 8, 0, 2, 15], "R": [[-0.5914262522846045, -0.8055641516111862, 0.03579644881181514], [-0.8025041184917219, 0.592354186337414, 0.0714398889442345], [-0.07875358983825126, 0.013524628183057212, -0.9968023658278999]], "T": [-0.13439879624836143, -0.04435162617635324, 0.059180810880713766], "aligned_model": [[0.37730234937318524, 0.4530659060846785, -0.019490077684640256, -0.22540834810316812, 0.39648685528760524, -0.7075530645449806, 0.0855268563881029, -0.1358455302291202, -0.2999484729191911, 0.4136899925631882, -0.10090406855251549, -0.10780025395001264], [-0.3816336132826741, 0.06620841097910025, -0.08936102646465058, -0.5170005869008418, 0.4086004501525665, 0.41822149617357735, 0.5487416283980731, 0.64648233035411, -0.6966932986045586, -0.5480163282631321, -0.12102298755274563, 0.04806565030884963], [-0.23024287962494744, 0.23624336179165167, -0.6757496227881509, -0.1152383825940889, -0.518420087127351, 0.0010690259250859674, 0.2696121795973973, -0.2923754547851353, 0.4380618034435228, 0.4240601836817169, 0.790719856398488, -0.0018346926057845742]], "inverted": false, "swapped": false, "error_lsq": 0.04515510626446873, "error_max": 0.2923139755453689, "target": "208.xyz", "model": "14.xyz", "model_rescale": 3.942246331269136, "target_rescale": 3.9134083858044413},
{"mapping": [5, 10, 2, 1, 9, 8, 11, 6, 12, 3, 13, 14], "R": [[0.9715060953366615, 0.029250112831924212, -0.23520275853619002], [0.09881817542071046, 0.8520036711795144, 0.5141251914691125], [0.21543183360458892, -0.5227180647308352, 0.8248363170192102]], "T": [0.039614858236231926, 0.026341530738489684, 0.03476659174743085], "aligned_model": [[0.29392978619250787, 0.6476700948501273, -0.072182287569338, -0.13340873648794596, 0.47992447776355396, -0.6259895005277503, -0.06372988473940278, -0.024301791153766517, -0.39877088476633904, 0.30975385792285937, -0.25832661205035923, -0.025446375721015088], [-0.4001055291987423, 0.37165414680957415, -0.17510900661264397, -0.754351239874981, 0.39466316446944716, 0.41904165038379315, 0.5749080738831795, 0.5653997783284395, -0.5442095145526825, -0.6031325936194093, -0.03808724639035879, -0.02807955832794262], [-0.36051353762742055, 0.17628882481250568, -0.6929469493043718, -0.09647010038249437, -0.5297056566490912, -0.005213152032933599, 0.48477285447955654, -0.09984491212363214, 0.4225367597748116, 0.2523330829927768, 0.7884307473674668, -0.013762669994768807]], "inverted": false, "swapped": false, "error_lsq": 0.04750332908018586, "error_max": 0.26028236892217244, "target": "208.xyz", "model": "15.xyz", "model_rescale": 4.355366556412066, "target_rescale": 3.9134083858044413},
{"mapping": [5, 7, 0, 4, 9, 8, 10, 1, 6, 3, 6, 11], "R": [[-0.36610164632064157, 0.40621657224358887, 0.8372321547790584], [0.9304923570156132, 0.1478166906942644, 0.3351629446817253], [0.012391856069409402, 0.9017418269032804, -0.43209734958257934]], "T": [0.002507209710840997, 0.046358281945201724, -0.07271826909070075], "aligned_model": [[0.4751683056331861, 0.8183067078531434, -0.0827776596519029, -0.27139461268525084, 0.4870793361024507, -0.6257535475818718, -0.02354573843844175, -0.20657742165382992, -0.36378110409784525, 0.3359756202089686, -0.36378110409784525, -0.04979663787762932], [-0.2721029488064206, 0.14329865737914255, -0.20636059651067964, -0.6736173802405242, 0.494916662302744, 0.40849338809673774, 0.4481091038810143, 0.44706552571857483, -0.28601124474206674, -0.3805343607258824, -0.28601124474206674, -0.05465343631289987], [-0.37427061086016555, 0.2815907234867542, -0.7305736621036535, -0.10341955057972621, -0.4102634349090619, 0.17463310355860226, 0.4122078279136976, -0.3732421202563839, 0.5841373709828094, 0.29819748909741106, 0.5841373709828094, -0.0172292160006886]], "inverted": false, "swapped": false, "error_lsq": 0.05669121310384478, "error_max": 0.3437895239976155, "target": "208.xyz", "model": "16.xyz", "model_rescale": 3.795458400668931, "target_rescale": 3.9134083858044413},
{"mapping": [9, 11, 5, 6, 10, 0, 4, 2, 3, 8, 7, 12], "R": [[0.08592859808313663, -0.4541665928201283, -0.8867632051442045], [-0.9460489594838124, -0.3163004131004177, 0.07032364418956766], [-0.31242221798563324, 0.8328785953778984, -0.45684308364062653]], "T": [-0.05174270786970832, 0.026346136925847755, 0.08130310603200315], "aligned_model": [[0.5279821819685788, 0.6951913407732385, -0.083924506865324, -0.26245931798377914, 0.3774281113901217, -0.6430240357569377, 0.06716388219518599, -0.20475313646061938, -0.47378904492992585, 0.2780909850472551, -0.17383661060684097, 0.02505229494217852], [-0.3719065803618312, 0.043554530282345225, -0.16531967249235463, -0.5705046832104286, 0.3901017300756722, 0.03847176030606626, 0.6274882072813472, 0.6050731447037035, -0.5335301119158159, -0.5189532335028885, 0.0830285503377196, 0.15508848379413825], [-0.4693871011712661, 0.39296601270996157, -0.6702320916389369, -0.1569057513861607, -0.39028775414256817, 0.11665488134618994, 0.28126615879954975, -0.2971287950174217, 0.48229863222519137, 0.3083385744978708, 0.7240743425307884, 0.0042481825592067535]], "inverted": true, "swapped": false, "error_lsq": 0.03908365195575244, "error_max": 0.2474528657981179, "target": "208.xyz", "model": "17.xyz", "model_rescale": 3.7474275329858107, "target_rescale": 3.9134083858044413},
{"mapping": [1, 2, 11, 3, 7, 5, 9, 12, 8, 0, 4, 13], "R": [[0.8107654820195319, 0.45091354257970095, -0.37327779237969766], [0.19233682551708112, 0.397067326387064, 0.8974096522022932], [0.5528705804396254, -0.7993838348591078, 0.23520120290997384]], "T": [-0.009093232039478129, -0.011715315588638944, -0.009249600751042069], "aligned_model": [[0.46352328947272864, 0.6669440998542506, -0.0684923193917035, -0.1656984919427838, 0.36906262657774963, -0.6337250359541811, 0.04860162302261794, -0.30580533770848023, -0.42800609330231876, 0.3596820046533398, -0.2490613502855397, 0.07209712871745214], [-0.42598929436755156, 0.04055760733897404, -0.10120764146200535, -0.6130059667490163, 0.42441785934386594, 0.2804205225083956, 0.5847134599624481, 0.6211511985156446, -0.49492059214554995, -0.5237339226130333, 0.01970408901977869, -0.02951519405427697], [-0.2982636331267513, 0.20068798812787916, -0.7235321315730917, -0.282221259915472, -0.49319720365145686, 0.20918047572173, 0.28852243495760194, -0.275104495361729, 0.3191999792377884, 0.5393706336951768, 0.7848876325154146, 0.05637487068531441]], "inverted": false, "swapped": false, "error_lsq": 0.035931934433474984, "error_max": 0.23962152904708872, "target": "208.xyz", "model": "18.xyz", "model_rescale": 3.922800546911778, "target_rescale": 3.9134083858044413},
{"mapping": [3, 5, 7, 9, 12, 4, 8, 13, 10, 2, 6, 14], "R": [[0.6840451172918449, -0.6338279540073476, 0.36103241160323274], [0.6835304256294533, 0.3841582843088454, -0.6206517299063162], [0.2546928242962585, 0.671330423350338, 0.6960222898271657]], "T": [0.07018446851323959, 0.015521269630988575, 0.11464029585511183], "aligned_model": [[0.47186046035172535, 0.7655451257652688, -0.02461907780136946, -0.11108554695823439, 0.4515331287759021, -0.6092835085787645, 0.09184001668770972, -0.2950568583495985, -0.5426761759648171, 0.10181909454341903, -0.23238241563516612, 0.061627900877056704], [-0.26486647700522087, 0.32377622412733514, -0.139515784011801, -0.7163007197006865, 0.3892908872692047, 0.1990676876392831, 0.5750316987613318, 0.46247980162533797, -0.4521014358251414, -0.6826374768855745, 0.1068337644420313, -0.018466045138426198], [-0.29668482215002867, 0.17777633596055675, -0.6632972457654169, -0.19247685335115594, -0.46284002139645253, 0.28346304205653267, 0.3613582946903434, -0.2577044243291751, 0.35198283956596155, 0.271810833444503, 0.7277333400345578, 0.02478397255217854]], "inverted": true, "swapped": false, "error_lsq": 0.045415008115154275, "error_max": 0.30117540669671783, "target": "208.xyz", "model": "19.xyz", "model_rescale": 3.9282355846067225, "target_rescale": 3.9134083858044413},
{"mapping": [11, 12, 4, 0, 8, 5, 7, 6, 1, 10, 2, 13], "R": [[-0.1713422005954059, -0.32923497013037856, -0.928572121452272], [-0.5528503154315182, -0.7479992957888583, 0.36722415801066716], [-0.8154743276292609, 0.5762823855911451, -0.05385381170338932]], "T": [0.028029068989696863, 0.09168934487539408, -0.04773764425501928], "aligned_model": [[0.39747732845857536, 0.743210039650407, -0.04172847303099359, -0.16494048410257553, 0.3624481107517928, -0.6005347328303664, 0.12645300786817923, -0.3394438063078817, -0.4723087853660582, 0.3714405464985477, -0.22738059340195732, -0.025570014474537522], [-0.4583926646760926, 0.22829471459372974, -0.12445709525159744, -0.6585317781234169, 0.3869883227994689, 0.27418404367084487, 0.525495321724751, 0.599108431238711, -0.39433688597753896, -0.48522106538697, -0.06463127226333816, -0.04590794705087807], [-0.32028293896613524, 0.3911809101904349, -0.6374684698792804, -0.24805740459485787, -0.6638415293848764, 0.19576468469002017, 0.3884078350119827, -0.23303095436580354, 0.22601649859615927, 0.4921487184525085, 0.7197556647543981, 0.015312276807854783]], "inverted": true, "swapped": false, "error_lsq": 0.03822726585562562, "error_max": 0.24464373855486982, "target": "208.xyz", "model": "20.xyz", "model_rescale": 4.067790424073018, "target_rescale": 3.9134083858044413},
{"mapping": [13, 4, 10, 11, 1, 0, 8, 7, 3, 6, 2, 14], "R": [[-0.8530134821757984, 0.3723634275903431, 0.3656685343579488], [0.006302298257370609, 0.7079621364304838, -0.7062222698396452], [-0.5218508218475796, -0.6001125654191526, -0.6062479926259957]], "T": [0.010625607410719246, -0.025073886874966856, 0.006202620111611282], "aligned_model": [[0.44188598290960057, 0.4822669958980452, 0.004976914443598768, -0.11501994908521468, 0.25266702745321673, -0.49220523917546044, 0.19816401192104355, -0.23847819677018053, -0.5488898358265443, 0.3047883761658027, -0.1544514278057601, -0.006582516415015702], [-0.32644876544452345, 0.18723160407139625, -0.2379486788409666, -0.6286641239946814, 0.4538461531441357, 0.3455398295198366, 0.5043815425260043, 0.6451854620933086, -0.5410932964997407, -0.5317644518098913, -0.041553100005581475, -0.046120049461623014], [-0.4556536087832113, 0.6185369029310938, -0.7849605974148762, -0.18853893622843115, -0.6145683904315128, 0.3442331549193664, 0.10456008976495693, -0.20678483743463455, 0.38621769128685873, 0.4581869556583667, 0.7315990217553369, -0.06692215471090873]], "inverted": false, "swapped": false, "error_lsq": 0.051082161026441676, "error_max": 0.30785916858336004, "target": "208.xyz", "model": "21.xyz", "model_rescale": 4.186013935880536, "target_rescale": 3.9134083858044413},
{"mapping": [10, 1, 4, 11, 7, 5, 0, 6, 8, 9, 2, 12], "R": [[0.9486008619730615, -0.2378186865456747, 0.2088029621285466], [0.0782463086569459, 0.8155374829561848, 0.573390032242498], [-0.3066495065144033, -0.5275802178087999, 0.79222799365542]], "T": [-0.03468385151688343, -0.020044525621654694, 0.014863786437596721], "aligned_model": [[0.4988277897937637, 0.5249448837819626, -0.033033279270869895, -0.41661280945434476, 0.5629594038532355, -0.6955766927062821, 0.010368165278384328, -0.10889504552652102, -0.2273568108217206, 0.337898433959796, -0.2593445175469782, -0.06505737762729381], [-0.42939957189399225, 0.2803564755541948, -0.08646085243297334, -0.4829238003572139, 0.22569101622761478, 0.2621653962197537, 0.6453550556173805, 0.42103418584642266, -0.590397621887897, -0.48672079145556507, 0.04072388547653712, -0.016831251616588747], [-0.47919411231037135, 0.37776618799028344, -0.7084634534148911, -0.18221240903244734, -0.33264207346048624, 0.30142440584250846, 0.29235640629615633, -0.3164896773899587, 0.4894610968343617, 0.18470625372603316, 0.7188055370224776, -0.019612870791261415]], "inverted": true, "swapped": false, "error_lsq": 0.0525118629480398, "error_max": 0.2643647584421471, "target": "208.xyz", "model": "22.xyz", "model_rescale": 4.166573947596378, "target_rescale": 3.9134083858044413},
{"mapping": [6, 14, 1, 2, 5, 8, 10, 7, 3, 12, 9, 15], "R": [[0.37371882102766407, 0.8926839964989397, 0.2518918918988341], [-0.7278005205258862, 0.11386541156659583, 0.676269968556211], [0.5750136043016215, -0.43606186538546443, 0.6922495246835547]], "T": [-0.043363272555524315, -0.07057811164856943, 0.08631490732135115], "aligned_model": [[0.40441528988948006, 0.5453069615970924, -0.08747648212082854, -0.17673571606011929, 0.31920811417769573, -0.7488722434457733, 0.17365321761047525, -0.09349541997591634, -0.4677955696080234, 0.4823376732769721, -0.18716470767447185, -0.03425897395345091], [-0.46070052886351537, 0.19254506926051074, -0.19736195422871017, -0.6419502040835722, 0.33175914045596927, 0.2894223099372732, 0.623499725697445, 0.5843855942780387, -0.4524874629413537, -0.4021536638782835, -0.015143760937022119, -0.06922213939910687], [-0.3895070032375436, 0.5448029772983537, -0.6137414781717054, -0.2431618938182007, -0.5443424531309503, 0.24982615669760466, 0.26548251545738805, -0.19634913242215635, 0.2745411664615893, 0.29386616350544587, 0.6665711837208523, 0.017917088951727306]], "inverted": false, "swapped": false, "error_lsq": 0.04060151187890557, "error_max": 0.22748512843153199, "target": "208.xyz", "model": "23.xyz", "model_rescale": 4.274766983524099, "target_rescale": 3.9134083858044413},
{"mapping": [1, 7, 4, 0, 2, 3, 9, 8, 10, 5, 11], "R": [[-0.13391108882496286, 0.48015503903834655, 0.8669019314638751], [-0.5277586398834958, 0.7058568371318109, -0.47247956940231733], [-0.8387721015377394, -0.520785237847964, 0.15888391272121927]], "T": [-0.02254429584993517, 0.13950016943905916, -0.002762130508959744], "aligned_model": [[0.31126196966528485, 0.048439748383597936, -0.330773457971737, -0.5589189853382326, -0.6873302506884267, -0.44075937850929336, -0.004755219285193235, 0.12991032949761622, 0.6108257864933846, 0.3216749754692502, -0.019680813758175927], [-0.24644346870717684, 0.7463573554397906, 0.4120533842216765, -0.15119486834812587, 0.4557734966841299, -0.11249491346995524, -0.6285613016754611, -0.19458786941776599, -0.11952362015365844, 0.6287024899342875, 0.12550584673574244], [-0.6116827943795264, -0.15150360229889123, -0.675538571995332, -0.24010235891872064, 0.05844033456734939, 0.44453819433885067, 0.056341204453555685, 0.7518654680086783, 0.27769187871367446, 0.43294008776127474, 0.03657659377066414]], "inverted": false, "swapped": true, "error_lsq": 0.05418907483876598, "error_max": 0.2964458105885829, "target": "208.xyz", "model": "24.xyz", "model_rescale": 3.7841303162186577, "target_rescale": 3.9134083858044413},
{"mapping": [11, 10, 3, 6, 13, 2, 9, 12, 1, 7, 8, 15], "R": [[-0.4064428122190844, -0.9136757686779559, -0.0009111126105173228], [0.8272292736876435, -0.3675638778009762, -0.4249570854687834], [0.3879380996365993, -0.17347445191340402, 0.9052130386730454]], "T": [0.004279418595079922, -0.02619197462229849, 0.11567454974312155], "aligned_model": [[0.554558407116871, 0.6870431048520477, -0.2041932442502416, -0.08955720709752686, 0.3286823513897668, -0.627855450694428, 0.005029085240309345, -0.1413964578083053, -0.4606860147663148, 0.4261552915432054, -0.3437161622674037, -0.004941559544848301], [-0.2951955770245923, 0.12139560198148847, -0.1533391612311369, -0.6248187560844616, 0.2654248046447205, 0.3728452749516141, 0.5266178399258183, 0.6054289800592192, -0.4539674199934741, -0.4976113150552035, -0.009379487574656474, -0.07480865930166256], [-0.34720520337717786, 0.458175296075472, -0.6520328355390507, -0.27785704547879486, -0.5337270120929871, 0.21551346203710411, 0.3068327446114593, -0.2780327210424832, 0.5079139000379977, 0.2659746275552145, 0.5932456958756309, 0.06710438265001972]], "inverted": true, "swapped": false, "error_lsq": 0.04012291833233013, "error_max": 0.20254875040068782, "target": "208.xyz", "model": "25.xyz", "model_rescale": 4.19342608120988, "target_rescale": 3.9134083858044413},
{"mapping": [5, 7, 0, 4, 9, 8, 10, 1, 6, 3, 6, 11], "R": [[-0.36610164632064157, 0.40621657224358887, 0.8372321547790584], [0.9304923570156132, 0.1478166906942644, 0.3351629446817253], [0.012391856069409402, 0.9017418269032804, -0.43209734958257934]], "T": [0.002507209710840997, 0.046358281945201724, -0.07271826909070075], "aligned_model": [[0.4751683056331861, 0.8183067078531434, -0.0827776596519029, -0.27139461268525084, 0.4870793361024507, -0.6257535475818718, -0.02354573843844175, -0.20657742165382992, -0.36378110409784525, 0.3359756202089686, -0.36378110409784525, -0.04979663787762932], [-0.2721029488064206, 0.14329865737914255, -0.20636059651067964, -0.6736173802405242, 0.494916662302744, 0.40849338809673774, 0.4481091038810143, 0.44706552571857483, -0.28601124474206674, -0.3805343607258824, -0.28601124474206674, -0.05465343631289987], [-0.37427061086016555, 0.2815907234867542, -0.7305736621036535, -0.10341955057972621, -0.4102634349090619, 0.17463310355860226, 0.4122078279136976, -0.3732421202563839, 0.5841373709828094, 0.29819748909741106, 0.5841373709828094, -0.0172292160006886]], "inverted": false, "swapped": false, "error_lsq": 0.05669121310384478, "error_max": 0.3437895239976155, "target": "208.xyz", "model": "26.xyz", "model_rescale": 3.795458400668931, "target_rescale": 3.9134083858044413},
{"mapping": [7, 0, 5, 10, 6, 11, 1, 8, 4, 3, 9, 12], "R": [[0.017303596017941514, 0.9208748639252814, 0.3894740948451415], [-0.593698561329007, 0.3228894148630771, -0.7370647488825165], [-0.8045014629201833, -0.21847633913074915, 0.5523092298697448]], "T": [-0.04124251164996505, 0.08075275233806428, 0.15729379050096556], "aligned_model": [[0.38219314515639324, 0.7733228856151115, 0.023366162484887112, -0.26482106803149197, 0.34726791600248264, -0.752171184151695, 0.17428335801764305, -0.3256214164844021, -0.5075926228641655, 0.32774172760688397, -0.10647835468184019, 0.05763159504332527], [-0.47455669836365527, -0.004210639480108247, 0.005465388869072829, -0.4977593325226288, 0.5101703487268547, 0.016222262026450912, 0.6290420176043461, 0.5668522843559711, -0.5727744138130781, -0.4881992000530683, 0.09460768837972205, -0.0022675804322056653], [-0.25808766928718907, 0.3006033425973056, -0.5890425947896477, -0.19345230756103513, -0.4307939029537199, 0.1126750705685767, 0.21457076361417418, -0.304861587660222, 0.3902809135561787, 0.4492199213940731, 0.5814713661065253, 0.053321975727384965]], "inverted": true, "swapped": false, "error_lsq": 0.05060663339090888, "error_max": 0.2808850127920991, "target": "208.xyz", "model": "27.xyz", "model_rescale": 3.6321398670334006, "target_rescale": 3.9134083858044413},
{"mapping": [3, 2, 7, 8, 4, 9, 13, 6, 10, 0, 11, 14], "R": [[0.5328610113205114, 0.7489127192965263, -0.3939402003989502], [-0.5504792735019822, 0.6603553206465145, 0.510787059290434], [0.6426754329046757, -0.0553225936640912, 0.7641385336253277]], "T": [0.005079651153727289, -0.072171980888909, -0.019827883231130865], "aligned_model": [[0.46872041242520635, 0.5646576260006132, 0.013023772070718049, -0.2654629369295732, 0.3482263148478387, -0.5473845569925814, -0.01548602777036041, -0.2570577053700705, -0.4287638552543572, 0.22596308602354898, -0.015340866854516393, 0.03802688151666557], [-0.4843024910163466, 0.13814491342328789, -0.24549683169354933, -0.4517638383198054, 0.4268993341877405, 0.1851040918329301, 0.6483968041577933, 0.6155560487550125, -0.514448085870563, -0.5427578116747581, 0.028079427513343885, -0.020819435997412532], [-0.31435422682700437, 0.5056080860035096, -0.7753295516874369, -0.24286677131999046, -0.585199833386332, 0.2543335333510139, 0.3633626839554332, -0.26927046319207365, 0.450111785137482, 0.325383904347955, 0.6142529428284126, -0.00012679789856405096]], "inverted": true, "swapped": false, "error_lsq": 0.045022596608640025, "error_max": 0.20341023912398584, "target": "208.xyz", "model": "28.xyz", "model_rescale": 4.156811204709835, "target_rescale": 3.9134083858044413},
{"mapping": [0, 3, 2, 5, 10, 9, 4, 1, 6, 11], "R": [[0.919388095718508, -0.3906849502021629, -0.045725257097466866], [-0.3576949945143817, -0.8787404688116309, 0.3160213274006547], [-0.16364541041670655, -0.27419055081867594, -0.9476495773709284]], "T": [-0.05400053972300328, -0.014212033282782595, -0.04748500738615953], "aligned_model": [[-0.5933112549583779, -0.1296603833231755, -0.017870338694095787, 0.6788115371873054, 0.1376304516757408, -0.5816742895380418, -0.347286063483902, -0.5725161011179261, 0.10952809065618324, -0.04072627429312223], [-0.04498468654710552, -0.5637839137099222, 0.05350946194810593, -0.04762626880726003, -0.3278408960230375, -0.5062712734348181, 0.6567581822753628, 0.286965034602598, 0.4658286859504368, -0.05383399562815633], [-0.4172535739014063, -0.4090500694334026, -0.7822117134925273, 0.05004544390852447, 0.5942469737893108, 0.22300750045177686, -0.34023265105876804, 0.47366513986759967, 0.41171592328437046, -0.045146246440378276]], "inverted": true, "swapped": true, "error_lsq": 0.06365058564340538, "error_max": 0.2920300396001619, "target": "208.xyz", "model": "29.xyz", "model_rescale": 4.117894457231895, "target_rescale": 3.9134083858044413},
