[{"mapping": [9, 1, 0, 11, 5, 8, 10, 12, 3, 7, 2, 6, 13], "R": [[-0.6200671025083675, -0.40489589541107424, -0.6719941236842346], [-0.2521175858808696, -0.7082684921228419, 0.6593879479908914], [-0.7429357383222861, 0.5782863105290498, 0.337092616024468]], "T": [0.16207106652591766, -0.08520406055336888, -0.09951828914172409], "aligned_model": [[-0.4265253724350201, 0.3757143415090851, 0.1549877715520949, -0.19714679292964818, 0.5417175952484639, -0.02051193570660012, -0.7987159757676633, -0.20509004361338487, 0.6538819442752155, -0.3665018125588536, 0.4130720087575558, 0.6183771885287168, 0.030805439494232367], [0.35101077596779007, -0.1020363674476226, 0.5632021343925502, -0.6583250530435039, -0.7395951238410539, -0.4033470077386484, -0.37788305579582265, -0.07673411110989503, 0.07549095259692384, 0.043550184899899924, 0.6005758549264602, -0.11671370340813447, -0.09282530301432632], [-0.09577393264850442, -0.6353516008367476, -0.5177666219162796, 0.0724023270116762, -0.09302907041128108, 0.5904292770361159, -0.1811037642353097, -0.5470010118599379, -0.02535981643748894, 0.4252936183539655, 0.14123610839446304, 0.513130182347094, -0.0033355771882289525]], "inverted": false, "swapped": false, "error_lsq": 0.049091420147170356, "error_max": 0.28265518186736216, "target": "209.xyz", "model": "0.xyz", "model_rescale": 3.8414455957264533, "target_rescale": 3.642279646202875},
{"mapping": [6, 7, 2, 13, 0, 11, 8, 9, 4, 12, 5, 1, 14], "R": [[0.8486993992614835, 0.5099104124380907, 0.14035918559329727], [-0.5170661030929271, 0.7442241115123216, 0.4228157008390187], [0.1111394382093597, -0.43141840842842133, 0.8952799462422892]], "T": [0.07275215953423401, -0.01288575388385408, -0.031768262306716], "aligned_model": [[-0.3231825818258094, 0.3112054839923231, 0.29487583936679423, -0.2378112864088915, 0.5616501774041787, 0.06310283026364616, -0.7045820656309911, -0.2549593462176984, 0.5922817139765199, -0.3753313855833495, 0.14661842971403866, 0.5998019920653115, 0.10039455523812184], [0.599917524810727, -0.2529618232378772, 0.49120596800866695, -0.7028774087597761, -0.5451569846304541, -0.5769516143348072, -0.13884408705529575, -0.2079050566894569, 0.09601586681468519, -0.20713691890313496, 0.6327287485338983, -0.120758991691826, -0.0009050454807324991], [-0.31057822624088033, -0.5780818124896941, -0.5228459897547303, -0.0798188906569032, -0.08819019553756188, 0.6069820783181071, 0.032949572885930374, -0.597526444328381, -0.15028709590890005, 0.5545568739023532, 0.0779972759104125, 0.6457859641302018, 0.05282700737958219]], "inverted": true, "swapped": false, "error_lsq": 0.04516996420516099, "error_max": 0.30306186681897956, "target": "209.xyz", "model": "1.xyz", "model_rescale": 4.316132596720782, "target_rescale": 3.642279646202875},
{"mapping": [8, 4, 11, 0, 10, 2, 9, 7, 5, 1, 3, 12], "R": [[0.19369794999102863, -0.9719888986902228, 0.1331115509346998], [-0.9547811706941585, -0.2179600978915433, -0.20220363947021663], [0.225552699512033, -0.08792597198824176, -0.9702551227346123]], "T": [-0.11284254328217141, 0.09968610323684582, -0.10966497262684238], "aligned_model": [[-0.11445959321552997, 0.5423072671242493, 0.19327650824733855, -0.5318966174667198, -0.6620936532785358, -0.5697319160921621, -0.1140017876960427, 0.0236515874591178, 0.5158612303774395, -0.07521358283561418, 0.4464539464612474, -0.05634483445300723], [-0.5916462057741421, -0.20267358308233122, -0.5344727405586448, 0.47622896615285104, -0.3459894077241258, -0.12470844185141453, 0.257691444597718, 0.5415957820961881, 0.06761950973461232, -0.15232437999152967, 0.5645412352518154, 0.056914248889983525], [0.12578497345016187, 0.12947788527802467, -0.6540826879042483, 0.02672975773434874, -0.2793798584665008, 0.39992105551352974, -0.7653436455123336, 0.4677130070098803, -0.5067487234548533, 0.6665922752076925, -0.09854247268178087, -0.0628631049644999]], "inverted": false, "swapped": true, "error_lsq": 0.04904786705295295, "error_max": 0.33213477346937187, "target": "209.xyz", "model": "2.xyz", "model_rescale": 3.795458400668931, "target_rescale": 3.642279646202875},
{"mapping": [2, 0, 7, 5, 8, 4, 3, 10, 9, 11, 1, 12], "R": [[-0.41082142435211894, -0.3705411602528046, -0.8330216118755873], [-0.8717050883676511, 0.42734196911746253, 0.2398105092458524], [0.26712543159954205, 0.8246684727751601, -0.49856385128029823]], "T": [0.04735353837046908, -0.13454973745058008, 0.055655376235215645], "aligned_model": [[-0.11242692231253293, -0.22511011789156754, -0.691243880795837, 0.2583132954978046, 0.3149268539478217, -0.048796191800050646, -0.35406180616986593, 0.5534142032093183, 0.43675182754805775, 0.8094968751109389, -0.378146624838491, 0.03018631423796853], [0.005999289502860439, -0.5623747221725766, -0.09481196583297279, 0.04944334172546169, 0.45195215623700313, 0.5477616873146466, -0.14151275002549973, -0.2093267532927849, -0.5504318465293454, 0.21833232145546272, 0.4226936827821107, -0.05195539587465649], [-0.6324542853263139, -0.22492207410229548, 0.04243020048932748, 0.7453036447695526, -0.28756423703365963, 0.37665118539242187, 0.6621566580380147, -0.461468967402488, 0.41661603552763865, 0.35039042394004055, -0.36378463002724776, 0.06541747637410922]], "inverted": true, "swapped": true, "error_lsq": 0.048637575947587254, "error_max": 0.26917333884634836, "target": "209.xyz", "model": "3.xyz", "model_rescale": 3.7530521520055578, "target_rescale": 3.642279646202875},
{"mapping": [4, 11, 8, 10, 1, 9, 7, 3, 6, 0, 12], "R": [[-0.2543210565296292, -0.9011269095000557, 0.3511283144101762], [0.5720829596483225, -0.43290697065321637, -0.6966438416004773], [0.779770406905564, 0.023703327503407312, 0.6256167075611051]], "T": [-0.014743337888980447, 0.02839731327788632, 0.021741904043944566], "aligned_model": [[-0.399346553438514, -0.22214752905776095, 0.316303919225207, 0.5749564247355019, 0.29267302797038947, -0.2809531940446492, -0.11260082100913688, -0.6708404347249733, -0.3825027176778153, 0.25607279176119563, -0.0334153112942395], [-0.5547565780035086, 0.15578979759740197, -0.3843822207016079, 0.27391298142523973, -0.7208912918250119, 0.6307955320048088, -0.38081517739702675, -0.08186544429994155, 0.36414726933695607, 0.2144225299148313, -0.049154039737795155], [-0.27799775990768066, -0.8344190726454607, -0.4816470343778882, -0.32622768088111365, 0.1292700464146985, -0.12362058211828596, 0.6302229586699644, 0.31568967324743386, 0.5696704181967167, 0.4992852108449394, -0.007395400198007655]], "inverted": true, "swapped": true, "error_lsq": 0.04878759231774087, "error_max": 0.31210731842931444, "target": "209.xyz", "model": "4.xyz", "model_rescale": 3.7855080009869324, "target_rescale": 3.642279646202875},
{"mapping": [12, 0, 1, 9, 5, 10, 14, 2, 4, 8, 6, 7, 16], "R": [[-0.8628837735209733, 0.30134897996341137, -0.4057343782195654], [-0.47768783275226945, -0.2240946774027488, 0.8494680158782897], [0.16506340549814713, 0.9268065428312264, 0.3373184020040781]], "T": [-0.039739328739567224, -0.016386149475487076, 0.03612242217518137], "aligned_model": [[-0.4313154954816135, 0.4694401938443662, 0.18729306332511605, -0.38941881578284687, 0.5964431828924939, 0.05763619063373788, -0.6740456172241568, -0.2685665742902146, 0.6423016686616211, -0.17092794123017874, 0.26539877728467165, 0.5740318720367082, -0.0842061483155099], [0.42856200883570733, -0.15114991231561622, 0.34066102459996084, -0.6310782172625201, -0.5114706164901313, -0.5832423083456871, -0.11487391807742872, -0.31852158842659944, 0.2382244030249462, 0.016741550575928334, 0.47455168405156173, -0.08390075622511972, -0.03813317656038505], [-0.29817460901898646, -0.5392460035546988, -0.5916335395069797, -0.04629078908304464, -0.036447730323291086, 0.48351081881951347, -0.17754341589348205, -0.5980210598556712, -0.09423987407938912, 0.7267757197172346, 0.33935145760990143, 0.4604998047593622, 0.01522933801906804]], "inverted": false, "swapped": false, "error_lsq": 0.04460381580709027, "error_max": 0.2404453223958939, "target": "209.xyz", "model": "5.xyz", "model_rescale": 4.2253639853439635, "target_rescale": 3.642279646202875},
{"mapping": [11, 2, 5, 7, 4, 0, 12, 6, 10, 9, 8, 1, 13], "R": [[-0.7680826545408389, -0.24796237130484616, -0.5903928338067598], [-0.5026815926244115, 0.8046341165648377, 0.31603030692721323], [0.39668659194644296, 0.5395170070320314, -0.7426716279036891]], "T": [0.09081845344279224, -0.08258489283701806, -0.014514069837365497], "aligned_model": [[-0.47159228733259284, 0.4781256312013672, 0.19895529993980451, -0.45901855725152374, 0.6384791190322756, -0.08511484848462539, -0.8400452814044023, -0.2079078935838162, 0.7523225857745174, -0.09946556117350894, 0.16986976402089543, 0.6066939051962211, 0.09276248041958234], [0.3570174690008293, -0.16161699031887292, 0.3489294569675453, -0.6445071570920593, -0.5308917930067776, -0.6608223448640316, -0.11911471948260946, -0.23422164617247143, 0.3100515294646379, 0.05165629937823696, 0.5964714697404484, -0.11231244767701132, -0.13426894855324784], [-0.3243490435576631, -0.5566567536960881, -0.4648950805306578, -0.12088063710423821, -0.01433847715135125, 0.5125073449768932, 0.044663995191889766, -0.5635922361790354, -0.14397988455054103, 0.5497267684396184, 0.2656612722925867, 0.506729225294282, -0.04682637581615852]], "inverted": false, "swapped": false, "error_lsq": 0.044508458383487055, "error_max": 0.20857544868694905, "target": "209.xyz", "model": "6.xyz", "model_rescale": 3.89814844738969, "target_rescale": 3.642279646202875},
{"mapping": [4, 3, 7, 1, 6, 5, 2, 0, 8, 10, 11, 9, 12], "R": [[-0.83098045058468, -0.34913641850709676, 0.4330995867212529], [0.5109969238601081, -0.17131464251392992, 0.8423380776539972], [-0.21989459873218706, 0.9212790318531959, 0.3207667546926406]], "T": [0.04425689889848031, 0.00011887977776374459, -0.10029043649661529], "aligned_model": [[-0.431923839962727, 0.5298193745621121, 0.1026749607866291, -0.3255237606593433, 0.4804420532965057, 0.04025948137807628, -0.6243450467891418, -0.1344362510351648, 0.69969390597181, -0.2735476333264131, 0.32144572674887417, 0.4594452365270777, -0.06993985114410106], [0.43429363587707964, -0.19537521188296908, 0.3864322820974021, -0.760125824307241, -0.5161518748536396, -0.6073352250802077, -0.1414559818443542, -0.340795304158999, 0.1605874029765626, 0.07899246976748875, 0.6876573090345692, -0.16317488226137294, 0.042821382020297796], [-0.11578151418566585, -0.7154270709308368, -0.6281388662370225, -0.10961061683420645, -0.12443313773054099, 0.38299016022665094, 0.0853862752912947, -0.5506865564020068, -0.05192769116628507, 0.5567353614379679, 0.2249750415870868, 0.673595647246284, 0.016093085306817106]], "inverted": false, "swapped": false, "error_lsq": 0.03758849227496614, "error_max": 0.19282152375024786, "target": "209.xyz", "model": "7.xyz", "model_rescale": 3.7474275329858107, "target_rescale": 3.642279646202875},
{"mapping": [0, 7, 10, 8, 9, 4, 3, 5, 11, 2, 12, 13, 14], "R": [[-0.16514986496956846, -0.5670624255850223, -0.8069484045403179], [0.39427534755624283, -0.7879206852945992, 0.4729988837135806], [-0.9040312342004215, -0.240044160884035, 0.3537037297167536]], "T": [0.03252907694742543, 0.033985975647210453, -0.010899642947176387], "aligned_model": [[-0.41635817924011637, 0.25860097417126754, 0.2695730875479273, -0.15834195608744536, 0.4369562519058893, 0.05915179555906891, -0.6226528185974064, -0.17272438580047286, 0.6269760389661463, -0.5329386894237392, 0.4338738534751088, 0.5653254271429102, 0.02662295673505613], [0.47446013114443614, -0.07608796659802933, 0.5437124066797798, -0.6095774067099797, -0.5357050412537783, -0.4570789630861955, -0.16052589262669473, -0.4330023675241864, 0.0144020042111343, -0.16945464116646497, 0.4438332571743741, 0.0028803435348007944, 0.028514313605420588], [-0.2076125993033545, -0.6438710928943453, -0.5200680455739407, 0.1099504190871434, -0.31459561839932493, 0.5976825640273682, -0.22777830449664355, -0.5137061339493496, -0.19181186751857293, 0.5785472303802877, 0.21623510775841986, 0.7124759977553747, 0.04832246073647432]], "inverted": true, "swapped": false, "error_lsq": 0.05656911203741339, "error_max": 0.3048712191739141, "target": "209.xyz", "model": "8.xyz", "model_rescale": 4.019505241142653, "target_rescale": 3.642279646202875},
{"mapping": [0, 8, 7, 5, 11, 6, 3, 4, 9, 2, 1, 10, 12], "R": [[0.30251026257476754, -0.4351077195067563, -0.8480382146239492], [0.9176731446207929, 0.3734255660216448, 0.1357547284008916], [0.2576112200171622, -0.8192890937068822, 0.5122517352378859]], "T": [0.08680439756598905, -0.07430916850363478, 0.044923792118411604], "aligned_model": [[-0.29187586458907305, 0.3996247204926307, 0.09295772312613713, -0.21568530685733595, 0.46196016466425666, 0.11663859606115733, -0.7474884114115007, -0.3906396318746125, 0.7288388110451264, -0.38968782572474914, 0.2754651208977872, 0.650837829101731, 0.08311843142263936], [0.3941759601250593, -0.1627675575593811, 0.4307097532868901, -0.6583884730401471, -0.5488869595928928, -0.5273993832444269, -0.24591892104014867, -0.06689761076949667, 0.05797277513216509, -0.004376790287086471, 0.5004279360000037, 0.008369599583311765, -0.11065015120923366], [-0.19955324438812677, -0.5470690206384966, -0.7064096992779075, -0.08877760604926241, -0.10096518831102477, 0.612269379810068, -0.06894635087163345, -0.63300462505157, -0.1490694055120157, 0.38848861254839273, 0.3455725811551429, 0.761310745960697, 0.029923938235273097]], "inverted": true, "swapped": false, "error_lsq": 0.04787705711130671, "error_max": 0.24704560293334968, "target": "209.xyz", "model": "9.xyz", "model_rescale": 3.877068213659057, "target_rescale": 3.642279646202875},
{"mapping": [8, 1, 7, 12, 3, 6, 11, 0, 4, 10, 2, 13, 15], "R": [[0.13828043636114623, 0.9219372877591494, -0.3618150886282584], [0.9762642273885294, -0.18837408144858359, -0.10688013734965297], [-0.16669336891805042, -0.33844769592612967, -0.9261028441167024]], "T": [0.07912073948155965, -0.060785065646479806, 0.0694915262335813], "aligned_model": [[-0.33086011497424905, 0.22343804303535322, 0.3635883879379004, -0.23409497995238895, 0.5345018409910525, 0.08490525724511554, -0.6462932636722216, -0.3813670704407778, 0.7004763861602673, -0.44094178501782477, 0.33748441739223123, 0.537065022126889, 0.026162215522847282], [0.45570025241027834, -0.046156177045407136, 0.49844877041531954, -0.7269281861738001, -0.502063645198455, -0.5227924279477075, -0.15132907702043868, -0.31805830520428297, 0.06521599891229582, -0.1245486664793605, 0.5276520404633287, 0.005173796491826928, -0.09394419623898079], [-0.3311099603083341, -0.7859996319420566, -0.4526408736442014, -0.058353973441331794, 0.043750307443144384, 0.47792794926482013, -0.03165975797192157, -0.5267697359276903, -0.16742949819335973, 0.5476964543554383, 0.23485579093151948, 0.688825812755445, 0.004677234288065296]], "inverted": true, "swapped": false, "error_lsq": 0.04052925409890958, "error_max": 0.21844980797842786, "target": "209.xyz", "model": "10.xyz", "model_rescale": 4.260839863003843, "target_rescale": 3.642279646202875},
{"mapping": [2, 10, 9, 0, 3, 7, 1, 8, 11, 5, 4, 12], "R": [[-0.9405475360263317, -0.3348031677149317, 0.057246583853044736], [-0.20216005647139798, 0.6872243862010886, 0.6977492060748033], [-0.27294989291494065, 0.6446933239134592, -0.7140510304306956]], "T": [-0.10126964657649215, -0.0745856338611688, -0.09120419558620602], "aligned_model": [[0.3043539579130189, 0.368745563359951, -0.40890225220436915, -0.36681498611649455, -0.6289860221891356, -0.40827680023971724, 0.3197787198493378, 0.618344827990409, 0.3312630942511545, -0.2599573911571203, 0.14695653059885738, -0.05760659296176164], [0.021824533543573985, -0.5884671782611928, -0.5732436685779098, -0.1883447322831327, 0.3231625806251093, 0.5045970608029546, 0.5316901905511435, 0.041131254638814604, -0.3748957523329475, -0.002463225041456421, 0.4855079538887641, -0.007420512020786849], [-0.6785314485124432, -0.30124715817142766, 0.24283756556065483, -0.5937366894099978, 0.212668067031207, -0.4340950778898633, -0.4414161813894412, -0.044898006471787544, 0.6264212097868345, 0.6323901413666686, 0.3588079135840112, -0.06302225808891082]], "inverted": true, "swapped": true, "error_lsq": 0.034501587862939054, "error_max": 0.18523676547574552, "target": "209.xyz", "model": "11.xyz", "model_rescale": 3.890672605050136, "target_rescale": 3.642279646202875},
{"mapping": [4, 1, 2, 8, 6, 5, 3, 0, 11, 7, 10, 9, 13], "R": [[0.7327116501217449, -0.6112838324924175, 0.2991081976630731], [-0.4752077148905663, -0.7741878428177416, -0.41810382890102593], [0.4871460412282503, 0.1642110232797856, -0.8577432450034509]], "T": [0.15041308987917237, -0.12399198610966378, -0.02593519850757429], "aligned_model": [[-0.2706600204378218, 0.2688167054643996, 0.2667945309590596, -0.23546642925058406, 0.48976591500182076, 0.05872944644670236, -0.7493050760180993, -0.18628635590930995, 0.6123797456960025, -0.5028153941639928, 0.30907708821951907, 0.6888278296196966, 0.024206370726801846], [0.3955043971571116, -0.23414017342711346, 0.4986539468642873, -0.7309249995083722, -0.5627605129787574, -0.3698808197279887, -0.20650202147341373, -0.24804793426310315, 0.15770334583569168, -0.08385981477848492, 0.7225817460653846, -0.22908316898445072, -0.04287381339617405], [-0.2354059300331347, -0.7869517890213845, -0.34893912416460865, 0.017886711549883725, -0.18207674919783745, 0.7062566976943894, -0.21767062043257435, -0.4949108318625448, -0.1259187610009291, 0.5205500499075266, 0.21422965334303654, 0.526229475601086, 0.05049133522662812]], "inverted": true, "swapped": false, "error_lsq": 0.0533696906083531, "error_max": 0.30498411688235466, "target": "209.xyz", "model": "12.xyz", "model_rescale": 4.124412569039231, "target_rescale": 3.642279646202875},
{"mapping": [6, 11, 8, 7, 10, 5, 3, 9, 2, 0, 1, 4, 12], "R": [[0.9195184755666233, 0.3390386513807494, 0.1988430686786848], [-0.39164160355801225, 0.7475926089093681, 0.536397376453869], [0.03320583464004925, -0.5711025161685137, 0.8202068571841195]], "T": [-0.07157206323194565, -0.10612307741267402, 0.03134905310279594], "aligned_model": [[-0.36947064077548575, 0.6141600884249739, 0.1849753223069775, -0.16441734051450826, 0.5049632525602548, -0.018607506686772586, -0.7720254568050859, -0.3484617422388211, 0.7283936722524317, -0.2549801344037441, 0.12298073040122293, 0.5021987383343077, 0.04435537349844344], [0.41680428401810865, -0.14654291650732862, 0.28581624478666806, -0.7114970913528894, -0.5209050384108881, -0.6662415558508504, 0.006918894762584449, -0.22126295497606802, 0.19696562506923215, -0.016074048389060763, 0.6696073181652156, -0.08937410674510954, -0.13784447718499715], [-0.2609114932401113, -0.6888526645624903, -0.5122161477567753, -0.10273947082181172, -0.16908204920514147, 0.538505759589349, 0.10442388956875377, -0.5332004896784805, -0.07154688524121545, 0.5745065304470468, 0.18384778350680142, 0.5687341989722393, 0.01230115603137201]], "inverted": false, "swapped": false, "error_lsq": 0.04181643266493448, "error_max": 0.23022942393349374, "target": "209.xyz", "model": "13.xyz", "model_rescale": 3.9028299243045295, "target_rescale": 3.642279646202875},
{"mapping": [3, 8, 4, 1, 12, 11, 6, 2, 5, 9, 10, 14, 15], "R": [[-0.9294534061587378, 0.0009478527504007545, -0.3689382974903582], [0.23915936178805308, 0.7629860661900815, -0.6005456372907191], [0.2809255514349872, -0.6464142359005937, -0.7093866859308823]], "T": [0.06436611215305295, -0.025736924583637633, -0.11186493369154435], "aligned_model": [[-0.4080508899312272, 0.45572948833909177, 0.16073288169539696, -0.26702671520537063, 0.523547891808911, 0.0639527487011988, -0.5733323780946005, -0.22095364431993958, 0.5303884430691371, -0.27729924510464715, 0.3592984329395788, 0.41660418287612444, 0.010473159580540493], [0.3025698725869995, -0.23640377243662525, 0.6161753331428231, -0.5724266359573373, -0.5474867983101782, -0.5375539286527825, -0.10768302399866128, -0.4147329778752994, 0.10904828801816158, 0.030595029430012077, 0.5070758753524738, -0.09369196783117484, 0.010884883916205491], [-0.35212784866472635, -0.7434988043425529, -0.30686589007688914, 0.004358597472919085, -0.0776676902455571, 0.4209576182094311, 0.06429900863424334, -0.6681242946424296, -0.2754435606774077, 0.5816312458730113, 0.31764414470923785, 0.6970609630465107, -0.01845337168625448]], "inverted": true, "swapped": false, "error_lsq": 0.04411287679610605, "error_max": 0.2753577632136688, "target": "209.xyz", "model": "14.xyz", "model_rescale": 3.942246331269136, "target_rescale": 3.642279646202875},
{"mapping": [2, 9, 7, 3, 10, 4, 1, 5, 6, 13, 8, 11, 14], "R": [[0.38990779463669945, 0.7963218991075676, 0.46243198925167656], [-0.9036698260627269, 0.4274479393852859, 0.025867055863278893], [-0.1770670978621, -0.42797160199829865, 0.8862773554241943]], "T": [0.029078607931982043, -0.09254590973551358, 0.023626301385372337], "aligned_model": [[-0.23183567337302988, 0.4821271652345307, 0.2987169703925979, -0.4819720976863766, 0.5440823385015257, 0.1166494929659035, -0.7734915762098704, -0.3229124026107109, 0.518374705331656, -0.0827650192912223, 0.2068033903717467, 0.5446374627808257, -0.0443504000533818], [0.2355707253482936, -0.14616088242675618, 0.5480627518834198, -0.5957044587241559, -0.5791054219046028, -0.5841543046745317, -0.11466930312946866, -0.28023995947035973, 0.17191808209769893, -0.15049420777921288, 0.6165637122758068, -0.022943514787951813, -0.03227304132356245], [-0.6142695602032221, -0.639724846621291, -0.4742644539790907, 0.07060056420309346, -0.060227825885697694, 0.3307362215157108, -0.08606914415302766, -0.46998572275948286, -0.035004027212651556, 0.8267843458004873, 0.2774340474560786, 0.5170486341400448, 0.000711885308585361]], "inverted": false, "swapped": false, "error_lsq": 0.05680396767530814, "error_max": 0.4003221743799995, "target": "209.xyz", "model": "15.xyz", "model_rescale": 4.355366556412066, "target_rescale": 3.642279646202875},
{"mapping": [8, 4, 11, 0, 10, 2, 9, 7, 5, 1, 3, 12], "R": [[0.19369794999102863, -0.9719888986902228, 0.1331115509346998], [-0.9547811706941585, -0.2179600978915433, -0.20220363947021663], [0.225552699512033, -0.08792597198824176, -0.9702551227346123]], "T": [-0.11284254328217141, 0.09968610323684582, -0.10966497262684238], "aligned_model": [[-0.11445959321552997, 0.5423072671242493, 0.19327650824733855, -0.5318966174667198, -0.6620936532785358, -0.5697319160921621, -0.1140017876960427, 0.0236515874591178, 0.5158612303774395, -0.07521358283561418, 0.4464539464612474, -0.05634483445300723], [-0.5916462057741421, -0.20267358308233122, -0.5344727405586448, 0.47622896615285104, -0.3459894077241258, -0.12470844185141453, 0.257691444597718, 0.5415957820961881, 0.06761950973461232, -0.15232437999152967, 0.5645412352518154, 0.056914248889983525], [0.12578497345016187, 0.12947788527802467, -0.6540826879042483, 0.02672975773434874, -0.2793798584665008, 0.39992105551352974, -0.7653436455123336, 0.4677130070098803, -0.5067487234548533, 0.6665922752076925, -0.09854247268178087, -0.0628631049644999]], "inverted": false, "swapped": true, "error_lsq": 0.04904786705295295, "error_max": 0.33213477346937187, "target": "209.xyz", "model": "16.xyz", "model_rescale": 3.795458400668931, "target_rescale": 3.642279646202875},
{"mapping": [4, 3, 7, 1, 6, 5, 2, 0, 8, 10, 11, 9, 12], "R": [[-0.83098045058468, -0.34913641850709676, 0.4330995867212529], [0.5109969238601081, -0.17131464251392992, 0.8423380776539972], [-0.21989459873218706, 0.9212790318531959, 0.3207667546926406]], "T": [0.04425689889848031, 0.00011887977776374459, -0.10029043649661529], "aligned_model": [[-0.431923839962727, 0.5298193745621121, 0.1026749607866291, -0.3255237606593433, 0.4804420532965057, 0.04025948137807628, -0.6243450467891418, -0.1344362510351648, 0.69969390597181, -0.2735476333264131, 0.32144572674887417, 0.4594452365270777, -0.06993985114410106], [0.43429363587707964, -0.19537521188296908, 0.3864322820974021, -0.760125824307241, -0.5161518748536396, -0.6073352250802077, -0.1414559818443542, -0.340795304158999, 0.1605874029765626, 0.07899246976748875, 0.6876573090345692, -0.16317488226137294, 0.042821382020297796], [-0.11578151418566585, -0.7154270709308368, -0.6281388662370225, -0.10961061683420645, -0.12443313773054099, 0.38299016022665094, 0.0853862752912947, -0.5506865564020068, -0.05192769116628507, 0.5567353614379679, 0.2249750415870868, 0.673595647246284, 0.016093085306817106]], "inverted": false, "swapped": false, "error_lsq": 0.03758849227496614, "error_max": 0.19282152375024786, "target": "209.xyz", "model": "17.xyz", "model_rescale": 3.7474275329858107, "target_rescale": 3.642279646202875},
{"mapping": [6, 5, 9, 8, 10, 3, 0, 4, 12, 1, 7, 11, 13], "R": [[-0.7222848939180856, 0.47431307964675185, 0.5033206080558933], [0.6748220252088841, 0.6426571193533988, 0.3627768752792435], [-0.1513927551460778, 0.6016800889346477, -0.7842584422681559]], "T": [0.05560693820871489, -0.03235435479992996, 0.035490292318415995], "aligned_model": [[-0.3975346741151401, 0.40735706148790685, 0.12562781654514016, -0.16891060413606596, 0.5294382522550265, 0.022129936103588446, -0.7694814566959381, -0.3185761236193546, 0.7142694776395878, -0.22568435394262754, 0.381990011840179, 0.5155054569183883, -0.04206644392649639], [0.36649531200282914, -0.2750374237234843, 0.41542767693639426, -0.6877173347298005, -0.5328361953184791, -0.5543472557523389, -0.1678145499055434, -0.22229244359527564, 0.22388232232354252, 0.020813160364704902, 0.5695732343010429, -0.09809871485529797, 0.008322389336322754], [-0.4446976229108171, -0.5481163521787251, -0.45676217797214563, -0.1567223215642315, -0.002472631749256965, 0.46791587319283223, 0.040187835983104714, -0.6808450905061016, -0.20893423132987676, 0.6652258249832983, 0.3494593174821505, 0.5885795196729293, 0.030952174506375957]], "inverted": false, "swapped": false, "error_lsq": 0.042558936874979164, "error_max": 0.27047668162302013, "target": "209.xyz", "model": "18.xyz", "model_rescale": 3.922800546911778, "target_rescale": 3.642279646202875},
{"mapping": [11, 6, 4, 2, 1, 0, 9, 10, 8, 3, 13, 5, 14], "R": [[-0.8666863008737642, -0.49746519235767295, -0.03719191135575592], [0.048346388529798945, -0.15796495023698331, 0.9862604631702282], [-0.49650526945227547, 0.8529803379264792, 0.16095670385837457]], "T": [0.1185859797627852, -0.001044459230852307, 0.04628333455471362], "aligned_model": [[-0.3552872826544474, 0.45593881105100864, 0.15846989198716344, -0.3118576535124601, 0.45898395227502997, 0.07121139785493005, -0.6689657630699548, -0.27753500365912975, 0.6935965706319351, -0.21656286208961542, 0.13601165171797752, 0.5919788856974535, 0.038081760124303365], [0.4296935715156178, -0.1579868621820452, 0.34875622393711403, -0.556336413796608, -0.6424980855316721, -0.6201232215179956, -0.19851050883832988, -0.14103891661203508, 0.20007731033342155, -0.133148934899194, 0.6843009143015584, -0.18147328215311262, 0.03465838282789742], [-0.2654096117939422, -0.5345177684838709, -0.5861057029001326, -0.09335221448325443, -0.09741596798683283, 0.6056935335598379, -0.012983836193641102, -0.6422588686969892, -0.011192818911441638, 0.5748407154496284, 0.0037179524371314665, 0.6171408620126013, 0.08561384360044262]], "inverted": false, "swapped": false, "error_lsq": 0.03982879395509671, "error_max": 0.2326361524051576, "target": "209.xyz", "model": "19.xyz", "model_rescale": 3.9282355846067225, "target_rescale": 3.642279646202875},
{"mapping": [7, 1, 5, 10, 0, 11, 12, 2, 3, 9, 6, 4, 13], "R": [[0.8080489683059147, 0.1522453175997594, 0.5691030030571752], [-0.34557029793570854, -0.6598761058621961, 0.6671916472024881], [0.47711427772009973, -0.7357886165068688, -0.48060074678940673]], "T": [0.033322585981730386, 0.055402750921775046, 0.07922440005864102], "aligned_model": [[-0.45228219119340285, 0.3982168443228266, 0.2732998842159135, -0.3349934835510124, 0.556044764219938, 0.12587018187280852, -0.7916827990435721, -0.19049513299222964, 0.7576505611009569, -0.393941701394122, 0.22991233790255788, 0.5142751335514786, 0.08218995734205348], [0.36630283784763357, -0.2615707839349707, 0.4079724021193928, -0.6712949807650782, -0.5489105622096497, -0.5460940525654068, -0.12195189180651991, -0.10544901537049636, 0.10821434533147967, -0.1339997458861301, 0.6780949730577194, -0.04234377074306217, -0.06259957769029519], [-0.15662918315307417, -0.49338432737810795, -0.47376356512252277, -0.20093274990651538, 0.037225207841855845, 0.45737742360260103, 0.18269319076161739, -0.6971444222892347, -0.11804442438440908, 0.5891231627301357, 0.05798952336553635, 0.47734261042888604, -0.01808232888723213]], "inverted": true, "swapped": false, "error_lsq": 0.045879117054054674, "error_max": 0.294889227678637, "target": "209.xyz", "model": "20.xyz", "model_rescale": 4.067790424073018, "target_rescale": 3.642279646202875},
{"mapping": [5, 10, 13, 7, 12, 0, 8, 1, 11, 2, 6, 3, 14], "R": [[0.5476507447698837, -0.5946972139993647, 0.5885693548039905], [-0.824577741079956, -0.26426382784590596, 0.5002361224538936], [-0.14195143771187793, -0.7592758740758352, -0.6350983674816899]], "T": [0.010281523556057603, -0.03138425101793048, 0.003870917410653294], "aligned_model": [[-0.38663737420603045, 0.4163853315123209, 0.18921287879659993, -0.3694246351317805, 0.6146561387909549, -0.15708197329879373, -0.5477572899284594, -0.32597646980868017, 0.6283327069173688, -0.10510841178855612, 0.16407949540159317, 0.5965265548379759, 0.056857404259681235], [0.3169069555817634, -0.14567607569860758, 0.3409036442020184, -0.6541557761842949, -0.5021902578887911, -0.5332043125793929, -0.1443817143568449, -0.27927168550949777, 0.1432935334431063, 0.05473607972631468, 0.6059159083005866, -0.08215925875081033, -0.05434686290093331], [-0.259975145403527, -0.6984850447112985, -0.5613801756990204, -0.15310939251792652, -0.005450844851522845, 0.47781618350783167, -0.027627537294563045, -0.7023779643571892, -0.07051093750446963, 0.7339328209452781, 0.34702043800504995, 0.6182679214217476, -0.05435020393085341]], "inverted": false, "swapped": false, "error_lsq": 0.04110539209812501, "error_max": 0.2353128117296807, "target": "209.xyz", "model": "21.xyz", "model_rescale": 4.186013935880536, "target_rescale": 3.642279646202875},
{"mapping": [11, 3, 3, 2, 0, 1, 8, 5, 6, 9, 4, 7, 12], "R": [[-0.4377177517048555, -0.8936500778711607, -0.09895811317580361], [-0.07748790960236451, -0.07215799608229301, 0.9943786237982211], [-0.8957671537335485, 0.4429252328805127, -0.03766224063755741]], "T": [0.007153076953891176, -0.06709545722214867, 0.10226195150531395], "aligned_model": [[-0.35370127217966063, 0.3382546378169526, 0.3382546378169526, -0.36439732614615483, 0.41638592149621034, 0.18705825737301385, -0.753710445374844, -0.06020985720937105, 0.5268952917916576, -0.38176624788295077, 0.33448478929991465, 0.5253331920193187, 0.021182777533155287], [0.3919940862872556, 0.2849133389997653, 0.2849133389997653, -0.6618840352355171, -0.6458675428862093, -0.6118619369181014, -0.15299303171706619, -0.35316424923306006, 0.0027935199605493566, -0.03196946685193765, 0.5807547781124642, 0.01357376171590903, -0.0348323838492008], [-0.13854275871354133, -0.6843766049569483, -0.6843766049569483, -0.13831246169363826, -0.03680563210153151, 0.5561196875750963, 0.0651615769921587, -0.613395548597347, -0.08438319309020972, 0.5849198881512361, 0.1298331581886018, 0.615395058357286, 0.07253355245532189]], "inverted": false, "swapped": false, "error_lsq": 0.049593589621468585, "error_max": 0.34560745954938427, "target": "209.xyz", "model": "22.xyz", "model_rescale": 4.166573947596378, "target_rescale": 3.642279646202875},
{"mapping": [6, 11, 2, 14, 9, 10, 13, 12, 3, 7, 4, 8, 15], "R": [[-0.21982908529120804, 0.9737162533737804, 0.059597241343526064], [0.3296448619305605, 0.01664573283403209, 0.9439582536220549], [0.9181554543010744, 0.22715540384095145, -0.3246397761258497]], "T": [0.05746001390406384, -0.011302815109654016, -0.017313276155780905], "aligned_model": [[-0.42284974854766266, 0.4515686310127454, 0.1742775123125137, -0.2628615312309025, 0.45133578160224697, -0.24124868585724474, -0.6709463854228939, -0.15521871105267449, 0.6126743121080332, -0.2502216357966879, 0.47802204342651444, 0.5946627842495199, 0.014869989550686934], [0.3742609357623087, -0.2004691016968665, 0.5429304778389138, -0.7210635152348497, -0.4643982537081202, -0.5204769105600784, -0.36824319570124786, -0.2495904721713894, 0.1437993853461263, -0.018441151403670017, 0.5330981704208324, -0.026932078313411698, 0.04189588680606903], [-0.4642481238393923, -0.6738099184669895, -0.38061531061481113, -0.15735476822290156, -0.02125908703878976, 0.4436163131669584, 0.2252373804469358, -0.5894741868024466, -0.18792113793158827, 0.6281870679514805, 0.24077325902570826, 0.5870442752043892, -0.006405645269016937]], "inverted": true, "swapped": false, "error_lsq": 0.051102998793832635, "error_max": 0.309598084278503, "target": "209.xyz", "model": "23.xyz", "model_rescale": 4.274766983524099, "target_rescale": 3.642279646202875},
{"mapping": [9, 0, 6, 5, 7, 4, 11, 8, 10, 2, 12], "R": [[-0.07578247590660508, -0.9582750168992504, -0.2756193177776299], [0.5316970369764262, -0.27267322938695343, 0.8018401155131729], [-0.8435373597037381, -0.0857805453610033, 0.5301758395302594]], "T": [-0.04967324876504629, 0.14926140037035024, 0.001799070881174085], "aligned_model": [[0.11748714244745949, 0.14660905999741602, -0.2888508181226063, -0.45931050732402645, -0.5118819001540791, -0.6043809069634852, 0.07675758192898315, 0.10591799023019478, 0.6406594409931952, 0.25752969450058727, -0.1006420735755637], [-0.16950695528427795, 0.6645228334781277, 0.4577913592760298, -0.4205792563396435, 0.7202914153439519, -0.1946860089784726, -0.7283438078587683, -0.12263454543541397, 0.030387194466473172, 0.5523352330417666, 0.1260090695337105], [-0.5685742216790425, -0.17701166143808303, -0.627330491142317, -0.24609435171192495, 0.08879348418542254, 0.3914547573682883, 0.07978179409839248, 0.6615290265773891, 0.19779980047166204, 0.5135964604724662, 0.06562183681932404]], "inverted": true, "swapped": true, "error_lsq": 0.058962491223400276, "error_max": 0.3004784671912478, "target": "209.xyz", "model": "24.xyz", "model_rescale": 3.7841303162186577, "target_rescale": 3.642279646202875},
{"mapping": [8, 12, 9, 4, 3, 6, 1, 2, 13, 7, 10, 11, 15], "R": [[-0.1609730369892805, -0.4950805597650465, -0.8538049664327186], [0.3541405674263276, -0.8364516920750584, 0.41824995556213795], [-0.921234030996145, -0.23504000971643055, 0.3099742795250821]], "T": [0.012900671017040642, 0.027400091159047374, -0.015491813372577901], "aligned_model": [[-0.5185412879471604, 0.49242255305735194, 0.09758804170968591, -0.2570033473194651, 0.4278084826980597, 0.012749634476609255, -0.6982560375918707, -0.2254536551146645, 0.787847785143033, -0.07503374922686293, 0.17101584625636085, 0.5344132472024689, 0.024506843010648562], [0.13449333065860272, -0.0562202900621529, 0.3878923999202526, -0.6493908544418235, -0.6631044680297328, -0.5439522327489595, -0.18234411412456902, -0.12981466817573545, -0.07755198729731544, 0.18904131514325903, 0.7394686774908418, -0.051172649294292466, -0.030974281653758047], [-0.25119982330148605, -0.5970743981505906, -0.46827658906110065, -0.1761472823017157, -0.007951973936132251, 0.42675579984417233, 0.041952924886794314, -0.7135346219372307, -0.036516294496403, 0.6081629088459856, 0.2550872416107625, 0.5424315922135077, 0.020080633392973272]], "inverted": true, "swapped": false, "error_lsq": 0.045442063173804725, "error_max": 0.2780167485006857, "target": "209.xyz", "model": "25.xyz", "model_rescale": 4.19342608120988, "target_rescale": 3.642279646202875},
{"mapping": [8, 4, 11, 0, 10, 2, 9, 7, 5, 1, 3, 12], "R": [[0.19369794999102863, -0.9719888986902228, 0.1331115509346998], [-0.9547811706941585, -0.2179600978915433, -0.20220363947021663], [0.225552699512033, -0.08792597198824176, -0.9702551227346123]], "T": [-0.11284254328217141, 0.09968610323684582, -0.10966497262684238], "aligned_model": [[-0.11445959321552997, 0.5423072671242493, 0.19327650824733855, -0.5318966174667198, -0.6620936532785358, -0.5697319160921621, -0.1140017876960427, 0.0236515874591178, 0.5158612303774395, -0.07521358283561418, 0.4464539464612474, -0.05634483445300723], [-0.5916462057741421, -0.20267358308233122, -0.5344727405586448, 0.47622896615285104, -0.3459894077241258, -0.12470844185141453, 0.257691444597718, 0.5415957820961881, 0.06761950973461232, -0.15232437999152967, 0.5645412352518154, 0.056914248889983525], [0.12578497345016187, 0.12947788527802467, -0.6540826879042483, 0.02672975773434874, -0.2793798584665008, 0.39992105551352974, -0.7653436455123336, 0.4677130070098803, -0.5067487234548533, 0.6665922752076925, -0.09854247268178087, -0.0628631049644999]], "inverted": false, "swapped": true, "error_lsq": 0.04904786705295295, "error_max": 0.33213477346937187, "target": "209.xyz", "model": "26.xyz", "model_rescale": 3.795458400668931, "target_rescale": 3.642279646202875},
{"mapping": [5, 8, 8, 4, 9, 3, 10, 11, 1, 7, 6, 0, 12], "R": [[0.874970501055913, -0.46139352110241405, 0.14677411545187757], [-0.43771569087703865, -0.624213477522629, 0.647118620068333], [-0.20695795766773906, -0.630455036591685, -0.7481275630493611]], "T": [0.17344004709993036, -0.18958537239180276, -0.0586738954219979], "aligned_model": [[-0.25187309322110496, 0.20942616574530187, 0.20942616574530187, -0.3769045882772091, 0.38263983359787657, 0.014070856099243856, -0.5377850877558265, -0.15062914777541667, 0.7051494030714259, -0.3253830948931258, 0.33691061213709295, 0.4694693877211398, 0.08954694415949416], [0.4315869304493378, 0.3109225031544204, 0.3109225031544204, -0.8143380433217243, -0.5641602172474265, -0.5528273156215788, -0.20893439271324363, -0.413719596476545, 0.06270446220101564, 0.06920427032755636, 0.6160185179733114, -0.07728450622280639, -0.10372493827212018], [-0.047988824831293006, -0.5868297208061549, -0.5868297208061549, -0.13396044876399887, -0.07609299545637059, 0.5640084557702453, -0.020322213956342067, -0.6555973396425355, -0.12182586043287381, 0.5281919260932595, 0.015263279739690341, 0.7101097783393401, 0.05564380236272527]], "inverted": false, "swapped": false, "error_lsq": 0.0536801432584961, "error_max": 0.4335716409558288, "target": "209.xyz", "model": "27.xyz", "model_rescale": 3.6321398670334006, "target_rescale": 3.642279646202875},
{"mapping": [3, 10, 0, 12, 9, 6, 7, 8, 11, 4, 2, 13, 14], "R": [[0.31787664541250205, -0.05538449805227219, 0.9465130721108889], [0.8331640693035733, 0.4927978865887872, -0.25097385639770486], [-0.4525395805040763, 0.868379410366876, 0.20279331282878116]], "T": [0.032798536292873326, -0.01923273345262127, -0.06532097771583649], "aligned_model": [[-0.4669313327521586, 0.4561522007826502, 0.1719956609992957, -0.30391713774162343, 0.4932285925491006, 0.05187496232343014, -0.7193629691339567, -0.21170772552718767, 0.6551500179318563, -0.4417060312890899, 0.441891877152774, 0.5903710995887773, 0.05702514147032656], [0.4181016257143036, -0.1505400810805987, 0.41443519472988033, -0.7738368333063317, -0.5035273794634507, -0.5169807989517937, -0.20572946676118778, -0.23728073321447768, 0.13657008828802486, -0.015674017965114743, 0.6023170157278435, -0.10510551140384028, 0.0036210750713599853], [-0.24016032179646185, -0.7042276126935847, -0.49189803143439725, -0.0918716500880308, -0.05940317733378063, 0.531160698786048, -0.0842794118055729, -0.4649475202842656, -0.09581606679798732, 0.6138697195459594, 0.21710106726330847, 0.5247773484812693, -0.010534924232967709]], "inverted": true, "swapped": false, "error_lsq": 0.03452757396528512, "error_max": 0.17993125848992567, "target": "209.xyz", "model": "28.xyz", "model_rescale": 4.156811204709835, "target_rescale": 3.642279646202875},
