[{"mapping": [1, 5, 10, 13, 12, 6, 11, 12, 3, 7, 0, 2, 8, 14], "R": [[0.40143506846378163, -0.3410844033465919, 0.8500066562099254], [-0.14987591115400933, 0.8910947453831054, 0.4283542529336836], [-0.903541419672189, -0.29935194093962064, 0.3065963443885909]], "T": [0.03408745980146224, 0.07649524204750399, 0.04906716077393336], "aligned_model": [[0.15153496712948472, 0.24709593942565108, -0.5569571047695714, -0.39065142283609117, -0.44010339995782866, -0.10940395698926486, -0.5936861383611469, -0.44010339995782866, -0.2900725673043253, 0.4463050449520892, 0.44117840319260404, 0.3713631372944913, 0.5593306699688203, -0.024338070658780082], [-0.6740900586463788, -0.3466913779601619, -0.4169849209103379, -0.4214130639053777, 0.3335624589934181, 0.3848232346518179, 0.21206687929444695, 0.3335624589934181, 0.8624466084920177, -0.14197776189800906, 0.5071548164112835, 0.7031793850068442, -0.14198200959346635, 0.04161668288052022], [0.35912020572515857, -0.30307853792557493, 0.32912157157977595, -0.19954439470193733, 0.5931933790267523, -0.6081245654212126, -0.025450586127742425, 0.5931933790267523, 0.07982009659471112, 0.6313129561631277, 0.4405608699681902, -0.16826676173672206, 0.08850264496710798, 0.08722783004144696]], "inverted": true, "swapped": true, "error_lsq": 0.049671789708065135, "error_max": 0.3585171646406783, "target": "21.xyz", "model": "0.xyz", "model_rescale": 3.8414455957264533, "target_rescale": 4.186013935880536},
{"mapping": [1, 2, 11, 12, 0, 7, 13, 3, 4, 5, 6, 8, 10, 9, 14], "R": [[-0.6017470863141631, 0.23662314012385502, 0.7628302128720006], [0.1230857424179845, 0.9711699478351844, -0.20415394298229717], [-0.7891453250991409, -0.028955517258925742, -0.6135236213011194]], "T": [0.01938234818854344, 0.06217441636995476, 0.04922381138935627], "aligned_model": [[0.13113933943749645, 0.1123236258780932, -0.10634831658853168, 0.2902407127110789, -0.5789866145593725, -0.523300044957984, -0.4761747180634945, 0.38927065723731025, -0.10036236008218825, 0.577703737464492, 0.48435401114620724, 0.17061437269414298, 0.6698242771994481, -0.33659740747733935, 0.06474268186815688], [-0.09711448009576949, 0.7665482184964192, -0.6420689867261522, -0.6497608805484127, 0.06963646333847083, 0.38209245447423024, -0.48213612037315806, 0.35223497234505213, 0.4909123974399662, 0.40961419541084726, 0.3510669862565218, -0.49190566961597254, -0.14934334444354713, 0.09604604695462636, 0.03507288701472564], [-0.7937680708600845, 0.24878381088267443, -0.41391594209797156, 0.0036889540050839206, -0.3599415241196401, 0.17612247647055707, 0.2308724676393476, -0.5772140504425395, -0.26328568171022737, 0.00580018648903257, 0.6063320679197745, 0.5918346577408978, 0.07303209262520938, 0.6302924873572106, -0.023384358278183505]], "inverted": true, "swapped": false, "error_lsq": 0.04093014315134379, "error_max": 0.24511675853847945, "target": "21.xyz", "model": "1.xyz", "model_rescale": 4.316132596720782, "target_rescale": 4.186013935880536},
{"mapping": [6, 11, 3, 8, 2, 5, 0, 1, 12, 13, 9, 14], "R": [[0.7731007605087308, -0.15102572606563908, 0.6160409435801886], [0.43638422986506253, 0.8314881837247547, -0.3437967484592968], [-0.4603086117225039, 0.5346200804238981, 0.7087293923505968]], "T": [-0.10084820651205112, 0.006518753667371537, -0.018980546667024145], "aligned_model": [[-0.2831571635859932, 0.4186152352859766, 0.18991854490124982, -0.5447006250992854, -0.5088657401251572, -0.44733292329401675, -0.2852877683801723, -0.050761080214557344, 0.5683098262071193, 0.16648279303939129, 0.4055076973185719, -0.03092024142134639], [-0.7058282870038391, -0.37240537054796297, -0.5155266676780098, 0.3618966454054917, -0.35210167212242127, 0.051798337123073954, 0.23519494195522112, 0.6821899552622618, 0.088067238591579, -0.08674070567458414, 0.596129474388035, 0.030102538042135328], [0.06397751811845442, 0.04889061585533805, -0.6245119587140779, 0.02425695213997192, -0.5275422577794098, 0.4567969446211673, -0.6656236309484493, 0.44390692172393914, -0.3831113456275946, 0.6213008875470805, -0.01540337795096497, 0.006321192223966654]], "inverted": false, "swapped": true, "error_lsq": 0.04044439758404367, "error_max": 0.20160424240754363, "target": "21.xyz", "model": "2.xyz", "model_rescale": 3.795458400668931, "target_rescale": 4.186013935880536},
{"mapping": [3, 0, 4, 1, 11, 13, 8, 12, 7, 10, 6, 14], "R": [[-0.8687557745281749, -0.23440511497218125, -0.43625410748648474], [0.4116960859075027, 0.14778604883223545, -0.8992583703357997], [0.2752630325205204, -0.9608400105352788, -0.031886314966962204]], "T": [-0.02875577765741235, 0.007567129376325801, 0.060119681744913556], "aligned_model": [[-0.007937323590857512, -0.12108344276209723, -0.8165749480239568, 0.3190992706386956, 0.28302311764328314, 0.1957884771013144, -0.27824697944826415, 0.598799618496987, 0.18561334232499524, 0.682349499779048, -0.4929307456129286, 0.04540393919734618], [-0.05090760178553586, -0.6634813688851499, -0.0032243778813249666, -0.04665852742600186, 0.4241421829135166, 0.6124108935935516, -0.29200547456272286, -0.14196962607561692, -0.5941839229207659, 0.35323106228054535, 0.4583109636778821, 0.030104842361331798], [-0.7883449989794208, -0.15348636863356807, 0.20741867329053246, 0.8013089590540821, -0.32366593444557434, 0.3319052656517548, 0.47626664127145846, -0.35319236795130327, 0.4456135321058461, 0.2749045775008079, -0.2989464648882635, 0.06898991666274872]], "inverted": true, "swapped": true, "error_lsq": 0.04267600845684504, "error_max": 0.20990552736914977, "target": "21.xyz", "model": "3.xyz", "model_rescale": 3.7530521520055578, "target_rescale": 4.186013935880536},
{"mapping": [9, 3, 0, 2, 7, 6, 1, 11, 13, 5, 14], "R": [[-0.5031073981850902, 0.18573865158926947, -0.8440284943040899], [-0.7438394357738514, -0.5902774221621968, 0.313489168350663], [-0.43998390843196494, 0.7855403988283172, 0.43513267187098303]], "T": [-0.027314577191590056, -0.013120232383672277, 0.026891633810872687], "aligned_model": [[-0.3700049665507673, -0.25538522585581225, 0.3698150593860208, 0.4102087975791051, 0.2698055311112241, -0.038998156943409995, -0.04590531588359341, -0.6174561051893306, -0.4699320461980667, 0.18034166896850282, -0.09428963797866727], [-0.7048070877534954, 0.23291201961081692, -0.33124241636714746, 0.3107855742480354, -0.6942556788153302, 0.7185434077801232, -0.5362957576841737, 0.20150124390506097, 0.15413311471312685, 0.16499568241710452, -0.049066743739775216], [0.11734875414062487, -0.754899212162154, -0.4686326918586928, -0.4804349439459571, 0.09351071565125933, -0.08305705568481188, 0.6587514722562742, -0.12706567464600005, 0.5428757412138197, 0.5499783619767353, 0.0444553103042189]], "inverted": false, "swapped": true, "error_lsq": 0.055859925444034515, "error_max": 0.2407742821799105, "target": "21.xyz", "model": "4.xyz", "model_rescale": 3.7855080009869324, "target_rescale": 4.186013935880536},
{"mapping": [10, 2, 8, 7, 13, 12, 6, 9, 14, 3, 0, 4, 5, 1, 16], "R": [[-0.06284968336813346, 0.22300713481396164, -0.9727886384629465], [0.5450633300175692, -0.80884156473708, -0.220638367977627], [-0.8360358147655422, -0.5440984662501263, -0.0707175752806638]], "T": [-0.0358797344926403, 0.014959321537444708, -0.039575858899420086], "aligned_model": [[0.43513291743745697, 0.1853133266978509, -0.22267437186070854, 0.2820978317867981, -0.7144514749318889, -0.570475189211031, -0.33384678799137285, 0.314722083728379, -0.25174534508841334, 0.5644540494061281, 0.41682406939558003, 0.11784859646919386, 0.721031677441201, -0.13811602854006166, -0.03767140083159647], [-0.2231932302719008, 0.7039254532919588, -0.4189418713223385, -0.6619091595034732, -0.10922647083542548, 0.3863280237840201, -0.52906711943867, 0.4576894923474555, 0.5942166662284586, 0.3634395378929738, 0.1552464004896621, -0.38317405679907096, -0.19713568433087564, 0.2388321911630152, 0.0638649672320579], [-0.5419648693910496, 0.1093703950148455, -0.5612533380462673, 0.006345798216525936, -0.26090349143853586, 0.1588132783946473, 0.16371687243917946, -0.47314520763580914, -0.31445831617252307, -0.06360692458180076, 0.5799826006059793, 0.5644590715304265, 0.15330770076635222, 0.6763379748923508, -0.06175197097318026]], "inverted": false, "swapped": false, "error_lsq": 0.037714867385292526, "error_max": 0.23109339986722713, "target": "21.xyz", "model": "5.xyz", "model_rescale": 4.2253639853439635, "target_rescale": 4.186013935880536},
{"mapping": [12, 2, 8, 7, 0, 5, 1, 9, 6, 11, 4, 13, 10, 14], "R": [[-0.8922389112201627, 0.03744090200915903, -0.4500087823158558], [0.3811399166659435, 0.5968678226254258, -0.7060319866962551], [0.24216128763395778, -0.8014655208872831, -0.5468189184733278]], "T": [-0.007975949313290327, 0.016376371596312854, -0.03696930540167764], "aligned_model": [[0.700194955340384, -0.42097602536514883, -0.3722058237743379, 0.0695780825803817, -0.06854878647427504, -0.38896172572616483, 0.12650697073463885, 0.6041359136613708, -0.3395497375029026, 0.4125858353125084, -0.8062181674980649, 0.16149340801235096, 0.634015187250008, 0.06201206620703444], [-0.033157050962923144, 0.06561333949330792, -0.3922143535240769, -0.7200835215931204, -0.4638311062859629, 0.06526735047712012, -0.41867081962378033, -0.39946947482210443, 0.6488797786115504, 0.5033431822143568, 0.06960211321793805, 0.39081626570332145, 0.10883928386037292, 0.020164159868990505], [-0.32516069449797264, -0.6540013869925795, 0.12289974920470037, 0.054004070204759586, -0.5567670921468421, 0.4112779826135892, 0.6456384786923135, 0.20060425939695503, -0.23076085783644812, -0.10039930341524678, -0.08645542742146967, 0.5297743824378642, 0.4636151649761814, -0.0027111162843557607]], "inverted": true, "swapped": true, "error_lsq": 0.043037514377902486, "error_max": 0.25888700227667055, "target": "21.xyz", "model": "6.xyz", "model_rescale": 3.89814844738969, "target_rescale": 4.186013935880536},
{"mapping": [5, 1, 10, 4, 11, 7, 8, 6, 2, 0, 12, 3, 14], "R": [[-0.1353985470810039, 0.21240430705027494, -0.9677559836006417], [-0.9713800109725194, -0.22085395867953933, 0.08743227789897912], [-0.19516174761305338, 0.951897021364217, 0.23622860323540423]], "T": [-0.024669607986663046, 0.054617365231932516, -0.06032807342554005], "aligned_model": [[-0.0563612868137462, -0.05610052524895177, 0.5709799361735107, -0.45085725552871897, 0.5612818536527572, -0.509796076198491, -0.48793688365195476, 0.20474370394116612, -0.4216192999507039, -0.5925955369106554, 0.24335653496659684, 0.11466826577045075, 0.02886837070296231], [-0.3325368729818886, 0.33766348210496866, 0.4752574620170754, -0.6239744268100891, 0.13127723399097968, 0.5236978383935483, -0.030314481430321047, -0.5530168493794545, -0.24599926909165937, 0.33085125122612785, 0.6931561939015979, 0.15154394123393133, 0.10617576229566908], [-0.504820316534554, -0.8298747545579879, -0.43389246020783356, -0.07903004102375263, 0.20200073380618674, -0.37857291116462893, -0.38179021652368383, 0.2942238920735654, 0.4926479773728113, 0.26465347836675057, 0.26745846972786286, 0.7732996687065192, -0.08402848920495935]], "inverted": true, "swapped": true, "error_lsq": 0.040134126151709686, "error_max": 0.26645680451752507, "target": "21.xyz", "model": "7.xyz", "model_rescale": 3.7474275329858107, "target_rescale": 4.186013935880536},
{"mapping": [8, 6, 4, 13, 2, 0, 1, 5, 3, 7, 10, 12, 11, 0, 14], "R": [[0.1843373723370169, -0.14661931038431236, -0.971865479879964], [0.8504490914558431, 0.5194783252042829, 0.08293740100150429], [0.49270282727199266, -0.8418105769502913, 0.22045152876041257]], "T": [0.11521284941592663, -0.03579484874369518, 0.010955396634548116], "aligned_model": [[0.07275521476106421, 0.10449571968430986, -0.018388310179798445, 0.22582744926800363, -0.5829282098550805, -0.28658508866401705, -0.563843972119001, 0.3091441931302512, -0.2772687984246937, 0.6350967195815818, 0.417180175392801, 0.23191241764274337, 0.7040188754988774, -0.28658508866401705, 0.08361265685449018], [-0.022049348820478508, 0.7671106031001047, -0.5580189408919211, -0.9272904801040677, -0.2542797833381182, 0.3442103372081228, -0.21857318160474565, 0.5179918186463353, 0.48726469514424664, 0.4015651135832321, 0.2675188460746569, -0.4477896289862492, -0.17715578988452702, 0.3442103372081228, -0.08381945740686671], [-0.6696463417910157, 0.1598381589932698, -0.5561941194369766, -0.022387942392973585, -0.40552136209884515, 0.3692397993531028, 0.27605110428231294, -0.3998151292897055, -0.28315581811365187, 0.05906627709818177, 0.6371182318988888, 0.45512217907997116, 0.1516838712160937, 0.3692397993531028, -0.005389134530614173]], "inverted": true, "swapped": false, "error_lsq": 0.05046299239133691, "error_max": 0.3440874102486471, "target": "21.xyz", "model": "8.xyz", "model_rescale": 4.019505241142653, "target_rescale": 4.186013935880536},
{"mapping": [6, 11, 5, 4, 2, 8, 1, 3, 0, 12, 10, 7, 14], "R": [[-0.24531603761285387, 0.521626085580563, -0.8171451942781209], [0.33043505045782423, 0.8374177047816176, 0.4353668167731929], [0.9113905414907839, -0.16321095110373846, -0.37779553507280766]], "T": [-0.0021108029013384468, -0.04457354521476844, -0.024663351696562995], "aligned_model": [[-0.30976734344889334, -0.6459987526881129, 0.20369480859038855, 0.4379116221006841, 0.19018361676584183, 0.5482963123948799, 0.28305401350146986, -0.4302890413793726, 0.4003331332079013, -0.400819319912642, -0.4493915654321273, 0.53898687777237, -0.04649358973121118], [-0.5589705091503752, -0.05901128760481696, 0.1365292872967873, -0.46926055712399883, -0.7616279262964495, 0.050756926530110054, 0.7217450961310172, -0.6555589069004684, -0.35052986903277195, 0.057554368553982015, 0.6360026985780043, 0.30096926268648017, 0.014779644446558542], [-0.45859896817383783, 0.03218832983714965, -0.5474557915737035, -0.542827130966426, 0.026108710260399938, -0.13925831368550814, -0.09352457947185541, 0.3841218003704636, 0.47422304391433556, 0.6215682434684964, 0.06501784704913299, 0.35543850976433594, -0.00029820674910431555]], "inverted": false, "swapped": true, "error_lsq": 0.051396099560804, "error_max": 0.28420869002150634, "target": "21.xyz", "model": "9.xyz", "model_rescale": 3.877068213659057, "target_rescale": 4.186013935880536},
{"mapping": [5, 13, 1, 0, 7, 2, 8, 3, 4, 6, 10, 11, 12, 9, 15], "R": [[-0.9892053208885045, -0.1291618356003975, -0.06921021131456442], [0.024632578830433474, 0.3190186413046088, -0.9474282783199602], [0.14445092310550756, -0.9389059200604165, -0.31239334834383004]], "T": [0.06791984252295932, 0.12888746349774316, 0.05516657183255597], "aligned_model": [[0.32477898717078135, 0.06950426675357602, -0.2123517186155295, 0.2519018548043632, -0.6624534830772225, -0.4962205366012956, -0.42908799890672567, 0.3679397413062657, -0.2577990157820519, 0.6094808567282727, 0.37792715347352224, 0.29234745720782485, 0.7275302507805871, -0.2884933066911862, 0.09343944535633356], [-0.22212100999340556, 0.9004181922283624, -0.4324905420399794, -0.6390896817275157, -0.0521017007958246, 0.4592558810297807, -0.4065431454982943, 0.37199647959559756, 0.3536431673414371, 0.4150541259121427, 0.15771399896397562, -0.4189259419676171, -0.21295653004784498, 0.12383187647447313, 0.043209970452559615], [-0.5943038844552819, 0.10391408651718656, -0.5441740634650332, -0.04547019680762431, -0.26119445148867276, 0.1689984623045327, 0.3034007441691531, -0.4484676300979848, -0.4939079027873963, 0.12675486934243724, 0.692563840002175, 0.49583424119690855, -0.02390307536875414, 0.6106748184020901, 0.04452971615740506]], "inverted": true, "swapped": false, "error_lsq": 0.03488525633076065, "error_max": 0.19292102082671259, "target": "21.xyz", "model": "10.xyz", "model_rescale": 4.260839863003843, "target_rescale": 4.186013935880536},
{"mapping": [10, 11, 3, 12, 0, 7, 1, 13, 6, 2, 8, 14], "R": [[-0.5700256830768531, 0.314624337897971, 0.7590008212347537], [-0.18132127437946038, 0.852831163912807, -0.4896954168833271], [-0.801369650092999, -0.4167619606698654, -0.42908758086017146]], "T": [0.0493338019295313, 0.0647034987554061, 0.046894495291158085], "aligned_model": [[0.3898935755871287, 0.19835844072428027, -0.4136204142056572, -0.3373680457423075, -0.6298786151750723, -0.30763668742894035, 0.3289911960482031, 0.6870799835301415, 0.310164093340994, -0.34583232122800966, 0.012201723504733121, 0.06654572013863665], [-0.04368330327943515, -0.5211882417100191, -0.6344670638789645, -0.3220863425085861, 0.22814042196375195, 0.6530123463814987, 0.6645757283249552, -0.039149356910822386, -0.38400676645489645, -0.08658316218011675, 0.6100205448793126, 0.048493700906255835], [-0.6903694759325921, -0.1823537968848961, 0.19034809322097845, -0.4896399086382164, 0.1750229234563007, -0.2414260324914096, -0.43813143327847104, -0.22258258592542474, 0.5743255900063664, 0.6590039731385048, 0.2094319515392656, -0.027451220814901443]], "inverted": false, "swapped": true, "error_lsq": 0.042708694999367754, "error_max": 0.2580211576925068, "target": "21.xyz", "model": "11.xyz", "model_rescale": 3.890672605050136, "target_rescale": 4.186013935880536},
{"mapping": [5, 13, 1, 4, 8, 3, 11, 2, 6, 12, 7, 9, 0, 14], "R": [[-0.7289901823130811, 0.567065749145834, -0.3834185053395504], [0.6317569820089148, 0.7730006075605761, -0.05790661787713004], [0.2635458779304442, -0.2844406737030663, -0.9217576001147032]], "T": [0.08644435256740735, -0.029338613256669224, 0.06012185956932269], "aligned_model": [[0.5807482397961312, 0.058118176033058605, 0.4046747234222432, 0.7218395262152153, 0.5966664445366281, -0.5421199833880997, -0.45666600126429024, 0.15879805564460395, 0.07514366691003799, -0.6164179387133986, 0.3033101363161756, -0.1924225807463854, 0.07766342992484923, 0.04053994010692416], [-0.06453152523696803, 0.025105309989030062, 0.6591857948496354, -0.4964567875198477, 0.15851358067993487, -0.470798452499979, -0.20483384323227216, -0.5443442043318896, -0.7522615092018669, 0.24236888983990798, 0.5969012699133933, 0.6943401851336104, 0.07061732852651235, 0.01834648291856437], [-0.26064479529805273, -0.6372711372565409, -0.2528776161271632, 0.20346089582388097, 0.23203133232987166, 0.4258609777272021, -0.24362939029768005, 0.5923399674454186, -0.09739538938219311, 0.19859026446447015, 0.40284156687394357, 0.009405691206047583, 0.7632503930685268, 0.0188276747791297]], "inverted": false, "swapped": true, "error_lsq": 0.04788969161821647, "error_max": 0.24775362737895687, "target": "21.xyz", "model": "12.xyz", "model_rescale": 4.124412569039231, "target_rescale": 4.186013935880536},
{"mapping": [12, 0, 2, 9, 3, 11, 7, 13, 8, 1, 6, 4, 14], "R": [[-0.6864250147355236, -0.7220853003087946, 0.08610178989599682], [-0.35483565247923354, 0.2292336235480913, -0.9063904266731024], [0.6347537781494278, -0.6527210467825977, -0.4135733021026104]], "T": [0.1398913198076871, 0.08809571629686667, -0.07414830969890439], "aligned_model": [[-0.17925473355194554, 0.001158479607415025, 0.6282377853137413, -0.5948475267946858, 0.5234695685235216, 0.3000428312006973, -0.4906006426476909, 0.12225272636879064, -0.02724711126695817, -0.5108309194211108, 0.8684994865949709, 0.6344524555428849, 0.09196590804012755], [-0.33413672851142423, 0.558027080090074, 0.49870249637014796, -0.14753517832478047, -0.1295654356276844, -0.518268559646022, 0.4831396617819333, -0.40442061044497685, 0.5810917722185959, 0.11434639038823513, -0.030810139474161044, 0.6502962930616668, 0.026618334626873436], [0.4798186803590516, 0.44002650677345156, 0.30878997948687076, 0.019054738867692433, 0.6533380246784437, 0.08303347117260405, -0.01861342315410079, -0.5713807030437232, -0.3069304619970966, -0.5733242013058878, -0.12463038027455468, -0.3601767859769073, -0.07730736461800476]], "inverted": false, "swapped": true, "error_lsq": 0.04245661339273485, "error_max": 0.28404355823128513, "target": "21.xyz", "model": "13.xyz", "model_rescale": 3.9028299243045295, "target_rescale": 4.186013935880536},
{"mapping": [5, 7, 8, 12, 0, 3, 2, 10, 4, 9, 9, 1, 11, 6, 15], "R": [[-0.1953140181583263, -0.7574246929231809, -0.6230250948887006], [0.6106362630466813, 0.4031847391499256, -0.6815903611180185], [0.7674475803357734, -0.513565867895085, 0.38376335256240257]], "T": [0.0494391444032196, -0.044166524359364495, -0.05855541006872098], "aligned_model": [[0.06365400528339542, 0.1900966870292941, -0.29083178402609167, 0.3986724842963537, -0.7339936403622587, -0.43743893206701795, -0.45798292535545837, 0.4136655440298891, -0.2427179094938109, 0.5030097608728846, 0.5030097608728846, 0.15216260114027563, 0.6445887323374689, -0.03747933611569976, 0.10002890546540663], [-0.13949696998826427, 0.8365834528631177, -0.5986630099259362, -0.6259116817556238, -0.03823542394681659, 0.29353922607056304, -0.5091930124516266, 0.4919434350171108, 0.40245893203127603, 0.3858506618130909, 0.3858506618130909, -0.36548776552438667, -0.2755676396575324, 0.15592761924913665, 0.041296654320647136], [-0.5613594250899868, 0.09994660620287552, -0.4747963286697147, -0.21298641444923513, -0.3295061492211232, 0.13533633812431606, 0.20302245224034546, -0.42635677401578687, -0.47632715569636425, 0.3999250932630064, 0.3999250932630064, 0.4967817012024113, 0.3130723339956633, 0.5713777401044539, -0.002805537632726972]], "inverted": true, "swapped": false, "error_lsq": 0.04193352266152265, "error_max": 0.3235630051662513, "target": "21.xyz", "model": "14.xyz", "model_rescale": 3.942246331269136, "target_rescale": 4.186013935880536},
{"mapping": [0, 11, 2, 1, 9, 10, 5, 8, 6, 13, 13, 3, 12, 4, 14], "R": [[0.7141107442995216, 0.5722923289107532, -0.4031467910648555], [-0.09418624262295143, -0.49211281562839937, -0.8654212433230768], [-0.6936676412926831, 0.6559774896779582, -0.2975209849056874]], "T": [-0.03596915841830679, 0.047830402531397156, -0.008910765631910874], "aligned_model": [[0.25320419028981206, 0.0697968655049085, -0.22297573747665644, 0.31460200720151726, -0.7895278170415694, -0.5791944170728702, -0.28001601546379623, 0.34315787010490456, -0.23797021196344276, 0.5867053544366596, 0.5867053544366596, 0.07132138640396316, 0.7025667966851423, -0.062264924538821875, 0.012333252401104652], [-0.25095931930090337, 0.7517097654735968, -0.4642601252582562, -0.6798121968598992, 0.05738231447244936, 0.35758099684236566, -0.5380191896692214, 0.4367956640547771, 0.46075814931792225, 0.38005644958171336, 0.38005644958171336, -0.4246559239707615, -0.2228282752453507, 0.21358760550465805, -0.01649722459695617], [-0.6153932133520134, 0.07756706542384181, -0.5431763825084737, 0.056492148428963274, -0.29214285266398027, 0.33454433147227636, -0.007938616619721757, -0.5601000687383846, -0.32746317833487504, 0.3946138943425049, 0.3946138943425049, 0.5219313396695459, 0.21331610341485263, 0.552780483426877, -0.06439537468277705]], "inverted": true, "swapped": false, "error_lsq": 0.04667444711160591, "error_max": 0.29465886339018194, "target": "21.xyz", "model": "15.xyz", "model_rescale": 4.355366556412066, "target_rescale": 4.186013935880536},
{"mapping": [6, 11, 3, 8, 2, 5, 0, 1, 12, 13, 9, 14], "R": [[0.7731007605087308, -0.15102572606563908, 0.6160409435801886], [0.43638422986506253, 0.8314881837247547, -0.3437967484592968], [-0.4603086117225039, 0.5346200804238981, 0.7087293923505968]], "T": [-0.10084820651205112, 0.006518753667371537, -0.018980546667024145], "aligned_model": [[-0.2831571635859932, 0.4186152352859766, 0.18991854490124982, -0.5447006250992854, -0.5088657401251572, -0.44733292329401675, -0.2852877683801723, -0.050761080214557344, 0.5683098262071193, 0.16648279303939129, 0.4055076973185719, -0.03092024142134639], [-0.7058282870038391, -0.37240537054796297, -0.5155266676780098, 0.3618966454054917, -0.35210167212242127, 0.051798337123073954, 0.23519494195522112, 0.6821899552622618, 0.088067238591579, -0.08674070567458414, 0.596129474388035, 0.030102538042135328], [0.06397751811845442, 0.04889061585533805, -0.6245119587140779, 0.02425695213997192, -0.5275422577794098, 0.4567969446211673, -0.6656236309484493, 0.44390692172393914, -0.3831113456275946, 0.6213008875470805, -0.01540337795096497, 0.006321192223966654]], "inverted": false, "swapped": true, "error_lsq": 0.04044439758404367, "error_max": 0.20160424240754363, "target": "21.xyz", "model": "16.xyz", "model_rescale": 3.795458400668931, "target_rescale": 4.186013935880536},
{"mapping": [5, 1, 10, 4, 11, 7, 8, 6, 2, 0, 12, 3, 14], "R": [[-0.1353985470810039, 0.21240430705027494, -0.9677559836006417], [-0.9713800109725194, -0.22085395867953933, 0.08743227789897912], [-0.19516174761305338, 0.951897021364217, 0.23622860323540423]], "T": [-0.024669607986663046, 0.054617365231932516, -0.06032807342554005], "aligned_model": [[-0.0563612868137462, -0.05610052524895177, 0.5709799361735107, -0.45085725552871897, 0.5612818536527572, -0.509796076198491, -0.48793688365195476, 0.20474370394116612, -0.4216192999507039, -0.5925955369106554, 0.24335653496659684, 0.11466826577045075, 0.02886837070296231], [-0.3325368729818886, 0.33766348210496866, 0.4752574620170754, -0.6239744268100891, 0.13127723399097968, 0.5236978383935483, -0.030314481430321047, -0.5530168493794545, -0.24599926909165937, 0.33085125122612785, 0.6931561939015979, 0.15154394123393133, 0.10617576229566908], [-0.504820316534554, -0.8298747545579879, -0.43389246020783356, -0.07903004102375263, 0.20200073380618674, -0.37857291116462893, -0.38179021652368383, 0.2942238920735654, 0.4926479773728113, 0.26465347836675057, 0.26745846972786286, 0.7732996687065192, -0.08402848920495935]], "inverted": true, "swapped": true, "error_lsq": 0.040134126151709686, "error_max": 0.26645680451752507, "target": "21.xyz", "model": "17.xyz", "model_rescale": 3.7474275329858107, "target_rescale": 4.186013935880536},
{"mapping": [1, 5, 8, 13, 9, 12, 7, 2, 10, 0, 11, 6, 3, 14], "R": [[0.07069678577539074, -0.6447080074320573, 0.7611527768024071], [0.7135499180308411, 0.5658961478752048, 0.4130472906316958], [-0.6970283200553682, 0.51391938567541, 0.5000383845944235]], "T": [0.041245593365091315, 0.06398322421645473, -0.015938070467406813], "aligned_model": [[0.4532195250312559, 0.21392342994679453, 0.5823683821879615, -0.3001434271295085, 0.17842772927808337, -0.252636843097101, 0.6779393346063836, 0.10207499071815235, -0.25854534138006796, 0.4360481875017256, -0.5829092222785255, -0.40531052661481937, -0.4414157017998226, 0.011807130912364613], [-0.5279924558400495, 0.15774792794426407, 0.14489089423432722, -0.23983000781693775, -0.6791690216377303, -0.3732603475663352, -0.27852272411268353, 0.7231980724543453, -0.6746631337303431, 0.2231044167555391, -0.08599142463567853, 0.6290667212634151, 0.3500813705857826, -0.008252046386681894], [-0.40727855537534535, -0.5725857740880942, -0.1765866716872487, -0.546291312942985, 0.1655989795723044, 0.5403577495522669, 0.16838423537784425, 0.3238523058225794, -0.20518334752927503, 0.5526297682896606, 0.06133174763584836, -0.18571785656998502, 0.6235390139105891, -0.017255563306504917]], "inverted": true, "swapped": true, "error_lsq": 0.03772385111763322, "error_max": 0.22885578770758322, "target": "21.xyz", "model": "18.xyz", "model_rescale": 3.922800546911778, "target_rescale": 4.186013935880536},
{"mapping": [8, 10, 5, 12, 0, 2, 3, 6, 1, 4, 11, 7, 13, 9, 14], "R": [[0.029763211835588388, -0.6359321996155276, 0.7711707908844753], [0.5256800623552871, -0.646242462022768, -0.5532008245844299], [0.8501615277483284, 0.42185414276845545, 0.31506262705328947]], "T": [0.08242625326275563, 0.01978353982866703, -0.07208214088155125], "aligned_model": [[0.43136224878115914, 0.15615103488617585, -0.19644989229256685, 0.14518447674407717, -0.7061914928937917, -0.44874465744538594, -0.34819070579014744, 0.2869525975018036, -0.3194304398967003, 0.668444727288375, 0.46481896125885, 0.13137671474948578, 0.6965135697492052, -0.2684561480845561, 0.07510295935153197], [-0.07779175660937972, 0.7438586726635209, -0.4730292558212555, -0.7627975940463736, -0.22018278594454516, 0.42667570633503393, -0.36330619102904677, 0.5705600543979774, 0.378839730156949, 0.4389601025455025, 0.1744172433371654, -0.3886626734691741, -0.23037590348269493, 0.24518072197784, -0.021450931083672044], [-0.5651474373466614, 0.27559659854332946, -0.5838412288024495, -0.024730067486210053, -0.20970789653342903, 0.1837013442010959, 0.20533547981421524, -0.4334434246741075, -0.5795985192238993, -0.0032308775543717777, 0.5085277517136959, 0.6127437948287912, 0.10716843086873938, 0.6270750922348204, 0.014800533037581928]], "inverted": false, "swapped": false, "error_lsq": 0.040609353640428184, "error_max": 0.24194719680743196, "target": "21.xyz", "model": "19.xyz", "model_rescale": 3.9282355846067225, "target_rescale": 4.186013935880536},
{"mapping": [5, 13, 11, 1, 8, 10, 9, 12, 0, 2, 6, 4, 3, 14], "R": [[-0.6118014448879695, 0.6905984683883657, -0.3857107044050453], [-0.5628356209671426, -0.037437640383242765, 0.8257205864292508], [0.5558012736613005, 0.7222687716786448, 0.4115978202739875]], "T": [-0.0717523364273139, -0.08938520693109014, 0.060164084972312334], "aligned_model": [[-0.553604870822137, -0.05456635019052203, 0.49260737773536134, -0.5028524149859201, -0.6060792882645123, 0.20280494554035458, 0.08018445956023454, 0.5751177763396111, -0.07855221294585316, -0.05454283818955019, 0.0616973112664749, -0.6183773575219765, 0.6233783496397082, -0.034692068076597096], [-0.4287296204128025, -0.6906102902387561, -0.3989059086131417, -0.09610324804252164, 0.10936218112132234, -0.3614770841178809, 0.19810977225621595, 0.20347739097430778, 0.5864359143602009, 0.16107570527363357, -0.5426832202726191, -0.2085517686815817, 0.09404000922576927, -0.10255774540731011], [0.026554190686190887, -0.2981047333135617, -0.0008875508749097011, -0.6379853914789755, 0.04743298102310768, -0.6622424009074609, -0.6457479112680256, -0.2275934915651165, 0.27851610171791874, 0.7606604062809356, 0.6296103118685821, 0.6341613947309074, 0.5150195961147191, -0.007210345770629081]], "inverted": true, "swapped": true, "error_lsq": 0.04763480824102605, "error_max": 0.2804651809698327, "target": "21.xyz", "model": "20.xyz", "model_rescale": 4.067790424073018, "target_rescale": 4.186013935880536},
{"mapping": [0, 1, 2, 3, 4, 5, 6, 7, 8, 9, 10, 11, 12, 13, 14], "R": [[1.0, 0.0, 0.0], [0.0, 1.0, 0.0], [0.0, 0.0, 1.0]], "T": [0.0, 0.0, 0.0], "aligned_model": [[0.25485569717187057, 0.12050356442348809, -0.23783962864198496, 0.2757109311336364, -0.7205255993409758, -0.46711277839754517, -0.4899865197339698, 0.3278607575183114, -0.20796392781642284, 0.6471143530558249, 0.4163459861089527, 0.2049993891908749, 0.7205255993409758, -0.1287502163765803, 0.052706346271059516], [-0.12771171051716756, 0.8017171111720287, -0.5084548051205412, -0.8017171111720287, -0.041543244399977315, 0.34433774518641247, -0.5204237571516239, 0.5095775438576722, 0.3856412866099135, 0.41569400547969465, 0.32197632894800504, -0.357237988909236, -0.227925113154051, 0.22438931508296833, 0.022575534015778217], [-0.6505354119006727, 0.1266241126090523, -0.48849560257612057, -0.07055616740030561, -0.3486968802202422, 0.10818174686863292, 0.19138763326440697, -0.4353182831955112, -0.3649653401544723, 0.11176496475317767, 0.6279124819605024, 0.4983859184312902, 0.12612244203839357, 0.6505354119006727, 0.052902547242336624]], "inverted": false, "swapped": false, "error_lsq": 0.0, "error_max": 0.0, "target": "21.xyz", "model": "21.xyz", "model_rescale": 4.186013935880536, "target_rescale": 4.186013935880536},
{"mapping": [13, 10, 11, 4, 8, 6, 5, 1, 3, 9, 7, 0, 14], "R": [[0.4102636376939538, 0.9050926818357707, 0.1117630747315799], [-0.9105247278664748, 0.39963764188634987, 0.1059928069785856], [0.05126858228785276, -0.14524803776591988, 0.9880660605421805]], "T": [0.09976684858670634, -0.016769630140694314, 0.033709016190292374], "aligned_model": [[-0.12321058410828373, -0.43264061891505856, 0.2832954002408938, 0.47194422399280944, -0.12316457161644814, 0.7504321642859462, -0.032342061642511244, -0.6894515724934253, 0.7201665434620859, -0.5544534382526981, -0.4473048944064739, 0.1835055956075568, 0.051797849268832734], [-0.29262637696030314, 0.16709561821557034, 0.2598278079418968, -0.6192644000539306, -0.32155900246372293, -0.2752192620606814, -0.591164177087286, -0.24086573583238977, 0.5621467724007079, 0.394470735641702, 0.12424993565623539, 0.33527326535061946, 0.016591478797675165], [-0.5698699967152685, -0.5612890346879562, -0.5211273398220109, 0.40915082020164617, 0.4609945379789347, -0.20586422397188317, 0.0007808954732806822, 0.01886581840749048, -0.027159975241117407, -0.0495200490923275, 0.521038419458385, 0.6448650122358428, -0.017985322889670086]], "inverted": true, "swapped": true, "error_lsq": 0.052669223788281636, "error_max": 0.3639797909830489, "target": "21.xyz", "model": "22.xyz", "model_rescale": 4.166573947596378, "target_rescale": 4.186013935880536},
{"mapping": [14, 8, 12, 6, 11, 3, 2, 10, 9, 7, 0, 1, 5, 4, 15], "R": [[0.7201532404425166, -0.6287772728033227, -0.29328902380784566], [0.409049691676066, 0.7262171196747393, -0.5525278679225518], [0.5604084760421263, 0.27793494975864685, 0.7801887615717111]], "T": [0.012017961463799479, 0.03954097834449724, -0.060729601577090196], "aligned_model": [[0.21394970757274573, -0.03970806959797384, -0.1595617661873952, 0.09703520357529498, -0.6919351574487126, -0.5379410075934451, -0.3306292180063897, 0.5556570802954922, -0.27817278195708717, 0.6509162069614657, 0.422288641927485, 0.23490141220126848, 0.7702460562087223, -0.1882199507382188, 0.04961759669426348], [0.017467045885167926, 0.7943544210001349, -0.4073553468920066, -0.7072911407427118, -0.1319385674078025, 0.18301272246215425, -0.36138344199777006, 0.38759229433561293, 0.4365786175922741, 0.3271440131399128, 0.21992905300057944, -0.3306851773264283, -0.2562225500505745, 0.267114223335969, 0.002578973593335407], [-0.8253955905156718, 0.22503293046328557, -0.5081951608981041, 0.05810425896075503, -0.3723994576561396, 0.13519804580682185, 0.35719594055144815, -0.4405427438152597, -0.4051125450215638, 0.08238983779676512, 0.6218345888927519, 0.506151886841457, 0.10861050829687777, 0.6085750450866113, -0.016197971168893564]], "inverted": true, "swapped": false, "error_lsq": 0.041902143035147735, "error_max": 0.27960859468822846, "target": "21.xyz", "model": "23.xyz", "model_rescale": 4.274766983524099, "target_rescale": 4.186013935880536},
{"mapping": [7, 5, 4, 0, 6, 3, 12, 11, 10, 13, 14], "R": [[0.32071496458243803, 0.8218815689294685, 0.47079995555110354], [-0.9287701180006505, 0.175369792253895, 0.3265447961212726], [0.18581705896376488, -0.5419927329945129, 0.8195827584687196]], "T": [-0.05266648984199695, 0.10909353217307576, -0.061152496361114785], "aligned_model": [[0.26634792425139886, 0.13146025985086746, -0.48205993450975015, -0.3821663979676592, -0.5474339039663808, -0.6563762259720699, 0.05046784273957829, -0.04588736855940775, 0.6411094773379008, 0.39673487441146127, 0.007698156342136241], [-0.24820015430535952, 0.6386465477987521, 0.6571455962958636, -0.36243455335293895, 0.5354083994339098, -0.31061525440144366, -0.5588956663708591, 0.01879280150785244, -0.016089703152355514, 0.48045294684862866, 0.08137557094143325], [-0.6331970596707254, -0.24591468011953238, -0.4583082585292991, -0.4777447486010123, 0.28672354847155185, 0.36677752785396894, 0.2996349853636148, 0.5790287869759653, 0.3563291038450785, 0.32647374632139387, -0.020236517889426923]], "inverted": false, "swapped": true, "error_lsq": 0.049171843232036605, "error_max": 0.25541571400669916, "target": "21.xyz", "model": "24.xyz", "model_rescale": 3.7841303162186577, "target_rescale": 4.186013935880536},
{"mapping": [1, 3, 0, 8, 7, 11, 10, 4, 6, 5, 12, 9, 2, 13, 15], "R": [[-0.7328212257194636, -0.6601526514599323, 0.16483788370834074], [0.5314400280845071, -0.4040328144335147, 0.7445327268901425], [-0.4249053396752759, 0.6332108350552401, 0.646915365935981]], "T": [-0.006565633367212831, -0.0667070071328156, 0.031292503240098565], "aligned_model": [[0.23487998723253573, 0.11032641313551207, -0.254835788500666, 0.3240386485714305, -0.5879423753708916, -0.6284510767559524, -0.5506074229478547, 0.4618273260423584, -0.18969272939148676, 0.6901189603851654, 0.39045393042859783, 0.23639344392135556, 0.7379823069164976, -0.18570969982349952, -0.020337969935586578], [-0.2522806567070146, 0.7291184891982908, -0.49564590415937615, -0.47201007850016063, -0.14574907962028047, 0.36232201512887474, -0.5363670823068943, 0.33314997750422004, 0.48420942403110456, 0.43275401899676413, 0.15797783532255297, -0.39868129274737263, -0.1736225689349029, 0.42165800789176633, -0.0059379651697246405], [-0.6471637051330863, 0.07601292907554912, -0.5124935778977346, -0.24418528668659212, -0.24899127212753414, 0.16774821957713898, 0.32910628776756135, -0.3899280687538112, -0.39880284062955423, 0.21705580868375846, 0.6371506499727527, 0.4471105752137871, 0.08616011837917967, 0.615592950633891, 0.0008767855458355553]], "inverted": false, "swapped": false, "error_lsq": 0.04335290726089041, "error_max": 0.375751735498543, "target": "21.xyz", "model": "25.xyz", "model_rescale": 4.19342608120988, "target_rescale": 4.186013935880536},
{"mapping": [6, 11, 3, 8, 2, 5, 0, 1, 12, 13, 9, 14], "R": [[0.7731007605087308, -0.15102572606563908, 0.6160409435801886], [0.43638422986506253, 0.8314881837247547, -0.3437967484592968], [-0.4603086117225039, 0.5346200804238981, 0.7087293923505968]], "T": [-0.10084820651205112, 0.006518753667371537, -0.018980546667024145], "aligned_model": [[-0.2831571635859932, 0.4186152352859766, 0.18991854490124982, -0.5447006250992854, -0.5088657401251572, -0.44733292329401675, -0.2852877683801723, -0.050761080214557344, 0.5683098262071193, 0.16648279303939129, 0.4055076973185719, -0.03092024142134639], [-0.7058282870038391, -0.37240537054796297, -0.5155266676780098, 0.3618966454054917, -0.35210167212242127, 0.051798337123073954, 0.23519494195522112, 0.6821899552622618, 0.088067238591579, -0.08674070567458414, 0.596129474388035, 0.030102538042135328], [0.06397751811845442, 0.04889061585533805, -0.6245119587140779, 0.02425695213997192, -0.5275422577794098, 0.4567969446211673, -0.6656236309484493, 0.44390692172393914, -0.3831113456275946, 0.6213008875470805, -0.01540337795096497, 0.006321192223966654]], "inverted": false, "swapped": true, "error_lsq": 0.04044439758404367, "error_max": 0.20160424240754363, "target": "21.xyz", "model": "26.xyz", "model_rescale": 3.795458400668931, "target_rescale": 4.186013935880536},
{"mapping": [2, 6, 4, 8, 1, 12, 3, 0, 11, 5, 9, 10, 14], "R": [[0.9430923424966263, 0.04918971877808324, -0.32887262745743917], [-0.15774752102737855, -0.8044529621958706, -0.5726876559032911], [-0.29273290408483843, 0.5919761846399082, -0.7509138723483769]], "T": [-0.0578082008276985, -0.052797737467683334, -0.07599759175451634], "aligned_model": [[0.030854448241429577, 0.49283598593422867, 0.5090806158084891, -0.0006757097735681228, -0.16924722430396272, -0.6846405850259394, -0.30159682164058177, -0.5058218443130029, -0.06966363229651759, 0.40136242204657385, -0.6517882255255207, -0.25979560947473823, -0.09122743685563298], [-0.7790997249683564, -0.4391429942672061, -0.3995728495713984, 0.015615598675518857, 0.683671172251452, -0.05026287708271725, -0.6946553726046578, -0.4878865469752316, -0.022421287036002144, 0.21247424983666968, 0.447695637299927, 0.6314923487162558, 0.003974148982660228], [-0.2114460659118466, 0.23236133033008702, -0.5241678562015873, -0.6392234706244069, -0.4202358672884605, 0.36455728961767453, 0.4263279015556908, -0.41428671752311974, 0.5697337563950123, -0.33534144207439165, -0.0487210167753655, 0.32678645243306037, -0.03420763183292091]], "inverted": true, "swapped": true, "error_lsq": 0.048611614624046035, "error_max": 0.2634177415178628, "target": "21.xyz", "model": "27.xyz", "model_rescale": 3.6321398670334006, "target_rescale": 4.186013935880536},
