[{"mapping": [2, 1, 12, 5, 3, 6, 11, 0, 9, 8, 4, 7, 13], "R": [[-0.8579041359792445, -0.5051437479304033, -0.09396960889846936], [0.31865216318786443, -0.6665461584598276, 0.6739265668736776], [-0.40306487364368615, 0.5482207699178061, 0.7327978541626112]], "T": [-0.02140245833404828, -0.06861082654006802, -0.2016724955423861], "aligned_model": [[0.6059942390353207, -0.02720871320438055, -0.45097880413979563, -0.05090735833814817, 0.47741440174258376, 0.5194502214396524, -0.5482358395179521, 0.17383570615289795, -0.2675021306725674, -0.11397656120564909, 0.3981969244659886, -0.21356511947438356, -0.10010970173348499], [0.31416603064900017, 0.04767026278305815, 0.2549681106756495, -0.7628187230942172, -0.15071467398163363, -0.5106240070126756, -0.47901820072434026, 0.6414551351140407, 0.518651747328562, -0.537675026343403, -0.09585090835040468, 0.03289903434905088, -0.06302012254940345], [0.024410469627862752, -0.766906172080842, -0.4158701670706582, -0.5010153051757718, -0.33449193740356153, 0.10921174538621148, 0.0009952535663143025, -0.4321086554839648, 0.16068201646524993, 0.4163792365667276, 0.6565807086508023, 0.5223190391327133, -0.05914609054755779]], "inverted": false, "swapped": false, "error_lsq": 0.04296493079397807, "error_max": 0.25485175898483536, "target": "210.xyz", "model": "0.xyz", "model_rescale": 3.8414455957264533, "target_rescale": 3.900410450479651},
{"mapping": [10, 13, 0, 9, 8, 6, 7, 12, 1, 2, 5, 4, 14], "R": [[-0.9078479974788466, -0.12371535377978997, 0.4006326555746419], [0.41097205811411947, -0.45202237762062103, 0.7916929566313228], [0.08315035131070095, 0.8833856923050895, 0.4612111639017044]], "T": [-0.0034408364989942514, -0.03870595838596749, -0.03817156431327007], "aligned_model": [[0.6092754087745623, -0.15422369202279806, -0.6920509405475914, -0.0313596271100962, 0.5520840109930784, 0.5526264420357698, -0.4900469786454965, 0.4211055456791885, -0.261293448328911, -0.05330069478519203, 0.32627660921029683, -0.38462941644440735, 0.007944045741678576], [0.2210557255603852, -0.007806491871937521, 0.13388112272226438, -0.6092958629593082, -0.1286199377940856, -0.5255059532542806, -0.4512933294707743, 0.4567953912634981, 0.7486330082307372, -0.5619698386659564, -0.05580832986368614, -0.05536772006891961, 0.045390875015347165], [0.12146543246886682, -0.7805708868402816, -0.18496118773361842, -0.41120960784668864, -0.5927975803154739, 0.2144984191093634, -0.11525026293842572, -0.4338081725057467, 0.21104174469764853, 0.47981842955190135, 0.5321938447599593, 0.34942988958623566, -0.00880992036021458]], "inverted": true, "swapped": false, "error_lsq": 0.037296320171011324, "error_max": 0.18945822607273333, "target": "210.xyz", "model": "1.xyz", "model_rescale": 4.316132596720782, "target_rescale": 3.900410450479651},
{"mapping": [3, 4, 1, 11, 2, 9, 8, 10, 7, 5, 0, 12], "R": [[0.8714853119943582, 0.25755424951715966, -0.41734776809484614], [0.20856286591762901, 0.5755711727230759, 0.7907081358443256], [0.44386358483020644, -0.7761337730609564, 0.4478855706269653]], "T": [-0.11733736979410628, 0.04000086457560848, -0.07735272431909965], "aligned_model": [[-0.1257586938157636, 0.48956350284689365, 0.09673952552043472, -0.5816566728537604, -0.525721692012448, -0.527415505648506, -0.13435467748634405, -0.15216483534208855, 0.4473898247976863, 0.2511506639012495, 0.4234909645116166, -0.06345384978718958], [-0.725783823746327, -0.3555819549563046, -0.5306880334100493, 0.3484173224983274, -0.22947518440741332, -0.06657304914665996, 0.4320926075005528, 0.6283278759225042, 0.05600143536019093, 0.03735068994205693, 0.4171237075843624, 0.0015648345997399532], [0.14024937713913868, 0.01443225823149727, -0.46515492124681546, -0.06883200777222684, -0.6710148039791654, 0.5525759941491031, -0.6372734271093002, 0.446338533791083, -0.5430637191496985, 0.7225088672353622, -0.008319803224774394, -0.03318788685478254]], "inverted": false, "swapped": true, "error_lsq": 0.03636185590076521, "error_max": 0.21877789457223096, "target": "210.xyz", "model": "2.xyz", "model_rescale": 3.795458400668931, "target_rescale": 3.900410450479651},
{"mapping": [3, 4, 5, 8, 6, 11, 0, 1, 7, 2, 9, 12], "R": [[-0.7085661941680974, 0.45269611050603886, -0.5412949103906691], [-0.6891503363851886, -0.27906050178008407, 0.6687279343697473], [0.15167650557129642, 0.8468715769695853, 0.5097085145244569]], "T": [0.020786576591941372, 0.06931908454694413, 0.16337326531565352], "aligned_model": [[0.066851805777102, -0.10478226620718074, -0.806225733987454, 0.41044272915311436, 0.1853071928937297, 0.04351491155903285, -0.3095249785815226, 0.49405176352416313, 0.2834452772185244, 0.7572617739667943, -0.40500839327393856, -0.02203025629879981], [-0.048780861320130264, -0.5776588765954628, -0.1137689383443092, 0.05580176355889846, 0.5811424699880414, 0.5821474437505365, -0.34616108590482697, -0.3439798559882299, -0.562354669398505, 0.2726461593731125, 0.5680309786839374, 0.018704517486647754], [-0.6226153984524415, -0.15109597460638072, -0.07766290224057823, 0.7250867882511575, -0.33104905774188453, 0.38080423391959034, 0.5605545521129774, -0.19315068608743532, 0.42425298634562136, 0.07341691629095494, -0.21914125365859397, 0.11937122650611304]], "inverted": false, "swapped": true, "error_lsq": 0.053135786838037095, "error_max": 0.3213396581967578, "target": "210.xyz", "model": "3.xyz", "model_rescale": 3.7530521520055578, "target_rescale": 3.900410450479651},
{"mapping": [6, 2, 1, 7, 3, 8, 9, 11, 10, 0, 12], "R": [[0.7081111522414888, 0.05492819155575347, -0.7039612843357552], [0.24452376503890277, 0.9162046477056934, 0.3174542043408563], [0.6624097858595017, -0.3969281261071091, 0.6353434805698949]], "T": [-0.02958451218514214, -0.012996643560531498, 0.06701745894534232], "aligned_model": [[-0.44260373461308844, -0.27978455511633926, 0.40070049375127376, 0.5070948976254158, 0.24208465525123857, -0.1688489797526265, -0.39619303726641364, -0.5758496536585976, -0.30663740334228756, 0.3253999227421993, 0.032836996824430795], [-0.5919560755587965, -0.09246521338556744, -0.23999031151619665, 0.3934597792338989, -0.7509480974816167, 0.5645742533356561, -0.5212135704577903, 0.09187141817261411, 0.22281200392949968, 0.43920684622632133, -0.04814767418367673], [-0.09942995802344161, -0.6561107768211356, -0.46705553953697393, -0.2207809787460414, -0.057366210584959484, -0.2714407868926982, 0.4955568521121017, 0.1042036682330623, 0.766467339729006, 0.39713944380189664, 0.10164772397450018]], "inverted": false, "swapped": true, "error_lsq": 0.051652356465547555, "error_max": 0.22843560591412285, "target": "210.xyz", "model": "4.xyz", "model_rescale": 3.7855080009869324, "target_rescale": 3.900410450479651},
{"mapping": [8, 4, 1, 5, 7, 10, 2, 6, 11, 9, 15, 14, 16], "R": [[0.08760852334049901, 0.989818066068004, 0.11218263111325943], [-0.2992134695123365, -0.08126798553755893, 0.950719103725731], [0.9501558010665867, -0.11685765106343501, 0.28904712952639605]], "T": [-0.018816451968886524, -0.023606749904029035, -0.020639174308695434], "aligned_model": [[0.6220706944121057, -0.06725705640897306, -0.647425869221388, 0.10688154833544096, 0.512798502785757, 0.5276952780441403, -0.6233990131932419, 0.24661939648295444, -0.24919195328441723, -0.05718856161399465, 0.39589598413599103, -0.32179916093441485, -0.043292524989877776], [0.16379043136242957, 0.09379790438257771, 0.16473176151947114, -0.6141685952586508, -0.09915890299502808, -0.49987075738523706, -0.40579156083789525, 0.46502278869729313, 0.7282909175997466, -0.5820738847436863, -0.0980231461092124, -0.06445027574224538, -0.042008021646279405], [0.20174750699356844, -0.7492477378451592, -0.39810804010509504, -0.5596567659976313, -0.5431780569963295, 0.0532648053567653, 0.16429428543706026, -0.3624900956616628, -0.13901676634510854, 0.41931089076052386, 0.6877349514198257, 0.5828760972444625, 0.023509067372306076]], "inverted": false, "swapped": false, "error_lsq": 0.041699651243665856, "error_max": 0.22801851910903126, "target": "210.xyz", "model": "5.xyz", "model_rescale": 4.2253639853439635, "target_rescale": 3.900410450479651},
{"mapping": [10, 9, 12, 0, 1, 4, 7, 8, 11, 3, 2, 6, 13], "R": [[0.7879859743688247, -0.003338576170185209, 0.6156841382617955], [0.4261218967690863, -0.7188327907091541, -0.5492718344273677], [0.44440773315946025, 0.6951749944513579, -0.5650075165850668]], "T": [0.08585913659350825, -0.0005759166874417243, -0.05508077133141728], "aligned_model": [[0.7873534952035766, 0.011740226655968994, -0.8139217624062944, -0.12532174840583538, 0.6554531309440979, 0.524416783348441, -0.5766651861331591, 0.34208556006041796, -0.41410828162221364, -0.11159785126739452, 0.3651893094433764, -0.3146696455346861, 0.07245323426378608], [0.2873548355676746, 0.05574808710177853, 0.11605416529506321, -0.6281148457780076, -0.21828609724617126, -0.5297257944410891, -0.42703025846912473, 0.5886743296081028, 0.5813183253925761, -0.5380159041050578, -0.042262209957942776, 0.00911544755612903, -0.044741421680647424], [0.12798757965583177, -0.6583472309263511, -0.27447886211821637, -0.5074745993323739, -0.4635789241290674, 0.11397220720667697, 0.03759841833937008, -0.41976836744168666, 0.07524750867724131, 0.3634625007060076, 0.5535311900415589, 0.4481097892608029, -0.015221068306268633]], "inverted": true, "swapped": false, "error_lsq": 0.04068241413258595, "error_max": 0.24434542808031479, "target": "210.xyz", "model": "6.xyz", "model_rescale": 3.89814844738969, "target_rescale": 3.900410450479651},
{"mapping": [7, 6, 1, 9, 8, 11, 5, 3, 0, 10, 4, 2, 12], "R": [[0.09757469979010225, -0.5557811355477076, 0.8255825260567062], [0.23331102682020965, -0.7936500575155279, -0.5618590134274777], [0.967494259789158, 0.2474407314386618, 0.05222970132146276]], "T": [0.10380657629603712, -0.0038336964954124655, -0.0009978229001280786], "aligned_model": [[0.5978023733909685, -0.11839533140192343, -0.7066593508286292, -0.0460033037071671, 0.5340822405712771, 0.724713197790589, -0.5384766402258057, 0.33322848077000156, -0.14580206377421728, -0.15595479144579943, 0.2488368645306642, -0.3796619578301501, 0.05469754671027403], [0.4107220247935827, 0.06215767213361042, 0.2301521223469173, -0.7797254560700355, -0.19034153519628175, -0.5112980499781319, -0.3359693788512773, 0.5532443109188114, 0.5327272421425098, -0.60266708461282, -0.007360871530776504, -0.04464874806391295, -0.10690358918891188], [0.12304404884107142, -0.6363302575433105, -0.05749764223151804, -0.4175249604460921, -0.48860878581048484, 0.1098862000770197, -0.2833712676593469, -0.5389677291893631, -0.029427972364716417, 0.3348983934477834, 0.6270543747038009, 0.514889909650572, 0.12299583015810958]], "inverted": false, "swapped": false, "error_lsq": 0.04568324445436482, "error_max": 0.3222532073521718, "target": "210.xyz", "model": "7.xyz", "model_rescale": 3.7474275329858107, "target_rescale": 3.900410450479651},
{"mapping": [11, 0, 3, 1, 12, 13, 2, 10, 5, 4, 9, 8, 14], "R": [[0.04978498863414246, 0.8159177981072893, 0.5760204871690344], [-0.8638418332793764, -0.25429801442337036, 0.43486757402323956], [0.501297059619568, -0.5192404708726822, 0.6921637027645201]], "T": [0.07176753772025551, 0.002067996494566647, -0.1041865537784413], "aligned_model": [[0.6144158438567353, -0.20105149147025553, -0.6175818425850297, -0.14752500155978304, 0.5995159564162702, 0.586256380788525, -0.506833796773565, 0.4534800666027197, -0.3027732677156207, -0.052990678881481665, 0.2390795783668415, -0.3281046403936338, 0.0665201578983595], [0.22157597846713498, 0.14036665481628968, 0.18880517148952616, -0.4889027814239273, -0.2252376624992056, -0.6821055978746557, -0.6078007233224215, 0.4909086665358671, 0.5201871586952191, -0.5701026391811421, 0.3676868642735703, -0.08836716173771614, -0.056925269395254816], [0.10516725508924332, -0.6878444124978456, -0.16791407006641199, -0.6292201693651716, -0.3288114917364042, 0.1702575239837524, -0.0609414828384546, -0.5407569424856793, 0.2187579969509789, 0.41473732975972766, 0.5428605578502818, 0.4409134729895645, -0.09616542600005618]], "inverted": false, "swapped": false, "error_lsq": 0.05791348666077097, "error_max": 0.4840482159411022, "target": "210.xyz", "model": "8.xyz", "model_rescale": 4.019505241142653, "target_rescale": 3.900410450479651},
{"mapping": [1, 8, 4, 11, 9, 10, 5, 7, 0, 6, 2, 2, 12], "R": [[0.8406562936586096, -0.45011952361173907, -0.30114682531235626], [0.5225901866284197, 0.8201353249774189, 0.23297541836824104], [0.14211436511430897, -0.3532286273615498, 0.9246799684433703]], "T": [0.03492678028970639, -0.09340618122585426, -0.020373038096658354], "aligned_model": [[0.6209155317118062, -0.04931627664783733, -0.5900007247874103, -0.030214921172327935, 0.47868856943521576, 0.788199283909006, -0.5646605858419084, -0.0005520040038535651, -0.07412321068612862, 0.04569204253306511, -0.11381973063637754, -0.11381973063637754, 0.005419021373210209], [0.17598358527420066, -0.04226726876730674, 0.3852254798183278, -0.5690614463786607, -0.15864797150272353, -0.5487853154481968, -0.39509634368099716, 0.6310127268811376, 0.5418231578438286, -0.7127389835411937, 0.009012045083164555, 0.009012045083164555, -0.11538305182146175], [0.18050413602317805, -0.6885233582915053, -0.2810874751485762, -0.41629999026843695, -0.5362790806337547, 0.2314009431321623, -0.02203297637857361, -0.5621686559432968, 0.06470260074522063, 0.3595912063684723, 0.542971567472339, 0.542971567472339, -0.03471034291604212]], "inverted": true, "swapped": false, "error_lsq": 0.05815394845266597, "error_max": 0.4786419200706886, "target": "210.xyz", "model": "9.xyz", "model_rescale": 3.877068213659057, "target_rescale": 3.900410450479651},
{"mapping": [6, 0, 1, 8, 11, 14, 7, 12, 3, 2, 13, 4, 15], "R": [[-0.4506424370878027, -0.7046563659495806, -0.5480700683510245], [-0.872765567774509, 0.47680297971623026, 0.10459054565764092], [0.18762104786724954, 0.5254696227760982, -0.829867470103956]], "T": [0.10651417812072497, -0.055621137237276075, -0.015364661596079791], "aligned_model": [[0.5538103161861585, -0.08262059146609171, -0.6737638375411863, -0.14027179691141536, 0.4185819469236757, 0.6679012453135077, -0.6074119936816638, 0.3280406357085325, -0.038822030052853895, -0.036707197265407665, 0.3634688766434554, -0.4385356555436888, 0.08873734623705976], [0.3402674840647988, 0.12737887831973005, 0.06745459313249372, -0.6179139727044558, -0.1618039385877494, -0.46895364408187806, -0.44977537268418166, 0.5056279548849973, 0.4958263786113544, -0.5624594541209686, -0.05960614965578655, 0.025641226652426546, -0.03159532498749712], [0.13794202292921678, -0.7667001850962449, -0.37442620656029946, -0.482533138184358, -0.6756632278791045, 0.3360927984368927, 0.019826662784508127, -0.4559559698331479, 0.26310322988573087, 0.38831580129569193, 0.7137422568642982, 0.37758290078651524, -0.10028680379617327]], "inverted": true, "swapped": false, "error_lsq": 0.03618819739703411, "error_max": 0.29104097183391653, "target": "210.xyz", "model": "10.xyz", "model_rescale": 4.260839863003843, "target_rescale": 3.900410450479651},
{"mapping": [7, 4, 3, 1, 6, 2, 8, 0, 5, 9, 11, 12], "R": [[0.7779283700037192, 0.5063868725448993, 0.37202121775182795], [-0.6205297404227353, 0.525988265132507, 0.581617732014584], [0.09884478941375593, -0.683307163914657, 0.7234093083093822]], "T": [0.06296916584744433, 0.11431357754978125, -0.001190500192540779], "aligned_model": [[0.3883963711802592, 0.17441254896504932, -0.4893660533944843, -0.2701218718022344, -0.6066433902503536, -0.47586699449701003, 0.2785174618051884, 0.7064371551204778, 0.3967495025110794, -0.20966736222685095, -0.00861569492700992, 0.0746669766100195], [-0.04445072928228544, -0.5683171008704437, -0.45721724946183895, -0.22168086429958264, 0.19657220761480243, 0.45955031556300197, 0.6105610751895305, -0.02658276738266338, -0.46463994413753473, 0.04601346201901718, 0.6069031325951042, 0.03636696798582659], [-0.637547775776361, -0.23535849241582613, 0.04491916783952218, -0.5471423066895567, 0.27869552501471845, -0.42815296630260136, -0.41929822583281745, -0.07588746711436489, 0.5723707664816129, 0.7040305181562969, 0.2498411059649787, 0.00970822806990318]], "inverted": false, "swapped": true, "error_lsq": 0.03475718968875888, "error_max": 0.19796549481513157, "target": "210.xyz", "model": "11.xyz", "model_rescale": 3.890672605050136, "target_rescale": 3.900410450479651},
{"mapping": [11, 5, 8, 7, 12, 10, 3, 9, 6, 4, 2, 0, 13], "R": [[0.27941910578545137, -0.8693379351023183, -0.4076475412830252], [0.7937582526129277, -0.02974330421415274, 0.6075056973093306], [-0.54025253329432, -0.4933222987525106, 0.6817333128303238]], "T": [-0.0014941900412074258, 0.09700170055659829, 0.028111394919447384], "aligned_model": [[0.4481537848033454, 0.018598585957488874, -0.6548152957930227, -0.186740220489653, 0.40382074874269086, 0.7799905540275722, -0.6785226553832253, 0.4439247844208839, -0.15844563144302545, 0.03722340132227408, 0.40169909102936824, -0.4573331332646713, 0.004853250620056419], [0.30063008251322637, 0.07290678279094037, 0.15845829566753242, -0.5140164580201146, -0.3553856172809439, -0.32732118641082514, -0.529229142818774, 0.5047676833243808, 0.6507983627287733, -0.5188280621770034, -0.14573265202441138, -0.025352634503971405, -0.0616067949455259], [0.27124581180683477, -0.7490551876904792, -0.26952204664034896, -0.5369592983296516, -0.4033948759543743, 0.12177134807951803, 0.07841590688444694, -0.46295810780696367, 0.05520098610142717, 0.3602434398588474, 0.5611023384103379, 0.38298435004566866, -0.028034523131738036]], "inverted": true, "swapped": false, "error_lsq": 0.04660302602577349, "error_max": 0.25883351652795356, "target": "210.xyz", "model": "12.xyz", "model_rescale": 4.124412569039231, "target_rescale": 3.900410450479651},
{"mapping": [10, 0, 3, 1, 4, 2, 6, 5, 7, 8, 11, 9, 12], "R": [[0.9665126092926842, 0.006672244095487098, 0.25653237073901136], [0.1286849182888276, -0.877488473692624, -0.4620110067320769], [0.22202154824080728, 0.4795513108055483, -0.8489622915191438]], "T": [-0.07043873352840344, 0.014940373537027131, -0.12382495630531459], "aligned_model": [[0.5226765515993618, -0.13480665508772804, -0.7394925791119475, -0.03379207267923695, 0.5943705986859488, 0.5870576084081566, -0.544196073248172, 0.23266012590267868, -0.047075784078434144, -0.05098903013165246, 0.41314900550139877, -0.4388567095226039, 0.04170227831231223], [0.22912247636395852, 0.047414815556962926, 0.10616671460960059, -0.7587263282832841, -0.08859782428727217, -0.5041110778307109, -0.4402668469227712, 0.5992003643367346, 0.6008101917750069, -0.4973341949276944, -0.22343214987588128, 0.12846292020155403, 0.01137959812707992], [0.2595155681294946, -0.6996457397819549, -0.3536032889877251, -0.374745572540451, -0.530745893517361, 0.0778670485486403, 0.002480959181617115, -0.49868122694049455, 0.09818496056066439, 0.3782632794068002, 0.7127599467848027, 0.38609866382178765, -0.07670856303229495]], "inverted": false, "swapped": false, "error_lsq": 0.03832042900807212, "error_max": 0.1994293159779056, "target": "210.xyz", "model": "13.xyz", "model_rescale": 3.9028299243045295, "target_rescale": 3.900410450479651},
{"mapping": [2, 11, 9, 13, 12, 8, 10, 1, 6, 4, 0, 3, 15], "R": [[-0.5966960252825126, -0.00045264971148312183, 0.8024672258231422], [0.7410374469038283, -0.3840326180420545, 0.5508016435759985], [0.3079242694207568, 0.9233194156888526, 0.2294861671510705]], "T": [0.014780731316143002, -0.08851620182563559, -0.03800073340014512], "aligned_model": [[0.5938620610380085, -0.05793034190073827, -0.6195843102819742, 0.03480072756440124, 0.43438551837408046, 0.7128818008637025, -0.5583328619501751, 0.18515703585842325, -0.22863728285907822, -0.21784332134154338, 0.35005808459389337, -0.13556319894262076, -0.09084664646629785], [0.30325737759934546, 0.17541391194655181, 0.23676314522901948, -0.7300098029348926, -0.26301778045620994, -0.385158304824024, -0.5614173489060214, 0.4589656369013182, 0.5286913522471984, -0.473973991617883, -0.1994266250919075, 0.1706446555670199, -0.05064356681623136], [0.19292792568719838, -0.7242300560130567, -0.34233574098484365, -0.5078267770389915, -0.5649934379932794, 0.10748300790062962, -0.09507889343004716, -0.34367099177913096, 0.02688969593776619, 0.46862695662113474, 0.712002189017289, 0.5087366787713679, -0.05749041506251046]], "inverted": true, "swapped": false, "error_lsq": 0.043776078389659905, "error_max": 0.24322216663803628, "target": "210.xyz", "model": "14.xyz", "model_rescale": 3.942246331269136, "target_rescale": 3.900410450479651},
{"mapping": [5, 12, 13, 8, 0, 7, 11, 1, 3, 6, 9, 4, 14], "R": [[0.3064516135627177, -0.3164211590031665, 0.8977555673343939], [-0.3979140083117899, 0.8141909387084194, 0.4227973005050382], [-0.8647264599479142, -0.48679643123198396, 0.12360171522172675]], "T": [0.002012843590821791, -0.04176305402496179, 0.05754988398066472], "aligned_model": [[0.46131021198462846, -0.21417240730037132, -0.6931352990448684, 0.0050501002091740375, 0.5193097976688608, 0.6115271690327, -0.5492864221956606, 0.31644956682276293, -0.09042824364333465, 0.017980253516147373, 0.43473506258863887, -0.483236859289525, 0.06630433420092927], [0.383271136347555, 0.31602997198500493, -0.0007788564897655142, -0.698241396270845, -0.2356629656546449, -0.6396172934523054, -0.4945778742635013, 0.5374923770252448, 0.6672073795886736, -0.5631107210150942, -0.2511024370125138, 0.2214624691994746, -0.03228313114399918], [0.1632448346169986, -0.644820635046502, -0.36199653996770154, -0.352166954240713, -0.427758439088126, 0.10273952448513823, 0.12923588520945772, -0.4138672651162019, -0.015686037214520464, 0.2593692122984538, 0.703375564832981, 0.2548035954802499, -0.015432604615988228]], "inverted": true, "swapped": false, "error_lsq": 0.051383971930680075, "error_max": 0.3162211874962186, "target": "210.xyz", "model": "15.xyz", "model_rescale": 4.355366556412066, "target_rescale": 3.900410450479651},
{"mapping": [3, 4, 1, 11, 2, 9, 8, 10, 7, 5, 0, 12], "R": [[0.8714853119943582, 0.25755424951715966, -0.41734776809484614], [0.20856286591762901, 0.5755711727230759, 0.7907081358443256], [0.44386358483020644, -0.7761337730609564, 0.4478855706269653]], "T": [-0.11733736979410628, 0.04000086457560848, -0.07735272431909965], "aligned_model": [[-0.1257586938157636, 0.48956350284689365, 0.09673952552043472, -0.5816566728537604, -0.525721692012448, -0.527415505648506, -0.13435467748634405, -0.15216483534208855, 0.4473898247976863, 0.2511506639012495, 0.4234909645116166, -0.06345384978718958], [-0.725783823746327, -0.3555819549563046, -0.5306880334100493, 0.3484173224983274, -0.22947518440741332, -0.06657304914665996, 0.4320926075005528, 0.6283278759225042, 0.05600143536019093, 0.03735068994205693, 0.4171237075843624, 0.0015648345997399532], [0.14024937713913868, 0.01443225823149727, -0.46515492124681546, -0.06883200777222684, -0.6710148039791654, 0.5525759941491031, -0.6372734271093002, 0.446338533791083, -0.5430637191496985, 0.7225088672353622, -0.008319803224774394, -0.03318788685478254]], "inverted": false, "swapped": true, "error_lsq": 0.03636185590076521, "error_max": 0.21877789457223096, "target": "210.xyz", "model": "16.xyz", "model_rescale": 3.795458400668931, "target_rescale": 3.900410450479651},
{"mapping": [7, 6, 1, 9, 8, 11, 5, 3, 0, 10, 4, 2, 12], "R": [[0.09757469979010225, -0.5557811355477076, 0.8255825260567062], [0.23331102682020965, -0.7936500575155279, -0.5618590134274777], [0.967494259789158, 0.2474407314386618, 0.05222970132146276]], "T": [0.10380657629603712, -0.0038336964954124655, -0.0009978229001280786], "aligned_model": [[0.5978023733909685, -0.11839533140192343, -0.7066593508286292, -0.0460033037071671, 0.5340822405712771, 0.724713197790589, -0.5384766402258057, 0.33322848077000156, -0.14580206377421728, -0.15595479144579943, 0.2488368645306642, -0.3796619578301501, 0.05469754671027403], [0.4107220247935827, 0.06215767213361042, 0.2301521223469173, -0.7797254560700355, -0.19034153519628175, -0.5112980499781319, -0.3359693788512773, 0.5532443109188114, 0.5327272421425098, -0.60266708461282, -0.007360871530776504, -0.04464874806391295, -0.10690358918891188], [0.12304404884107142, -0.6363302575433105, -0.05749764223151804, -0.4175249604460921, -0.48860878581048484, 0.1098862000770197, -0.2833712676593469, -0.5389677291893631, -0.029427972364716417, 0.3348983934477834, 0.6270543747038009, 0.514889909650572, 0.12299583015810958]], "inverted": false, "swapped": false, "error_lsq": 0.04568324445436482, "error_max": 0.3222532073521718, "target": "210.xyz", "model": "17.xyz", "model_rescale": 3.7474275329858107, "target_rescale": 3.900410450479651},
{"mapping": [9, 0, 8, 1, 2, 7, 3, 6, 4, 11, 12, 10, 13], "R": [[-0.6284162569744887, -0.6146612975471015, -0.47674363893804284], [-0.2568134312394764, 0.7424512143957719, -0.618718882673909], [0.734261444926247, -0.2663788346321028, -0.6244216900099344]], "T": [0.017264401663311467, -0.08200001891944943, 0.011220541525210813], "aligned_model": [[0.515745192628195, -0.18161100168307376, -0.6312356726594102, -0.0142887705239517, 0.46353483364249914, 0.6085814278291352, -0.5460657462469203, 0.42540763507447943, -0.12913895894181449, -0.06713334139480578, 0.3468202527993613, -0.43869642964530353, 0.05048784367169132], [0.34450853877336735, 0.11085452911467929, 0.20742318913974378, -0.6339514363351755, -0.12254333229021669, -0.5084319628863269, -0.45280310855515116, 0.4550367067761475, 0.7131722546312765, -0.7177827319079444, -0.014056031937732652, -0.11261164469090612, -0.058726310988477255], [0.14286976146172362, -0.7777015636456569, -0.10074512936926211, -0.40455878329430023, -0.5392625781902909, 0.20074429667831437, -0.06463059215971476, -0.36295784873157677, -0.17717514154714828, 0.34347650405671926, 0.6790629472831274, 0.5285231793915196, -0.08660491029992903]], "inverted": true, "swapped": false, "error_lsq": 0.038191962293506285, "error_max": 0.25561620856989425, "target": "210.xyz", "model": "18.xyz", "model_rescale": 3.922800546911778, "target_rescale": 3.900410450479651},
{"mapping": [11, 6, 1, 8, 4, 13, 5, 10, 2, 12, 7, 3, 14], "R": [[0.6034381028536739, -0.3426135885268252, 0.7200544319571477], [0.7801820969173298, 0.0669837460427716, -0.6219558452299941], [0.1648585808322932, 0.9370854319232848, 0.30772153256331203]], "T": [-0.04162018565324369, -0.06863165199946125, -0.05278875416700116], "aligned_model": [[0.6282594352395534, -0.017680964687649355, -0.6113154299999046, -0.07280351523151987, 0.5217909297007528, 0.5158204345469309, -0.6360589428944456, 0.325277549978161, -0.25247811191893926, -0.07356958796028709, 0.34751445433641753, -0.27087581937978633, -0.0014731671792017481], [0.13822067144954941, 0.0417727156408681, 0.13563734400254251, -0.5564760064054781, -0.028944863859378334, -0.46407373716452127, -0.5334317176511048, 0.5816311942288681, 0.6124518738158735, -0.6328225579434439, -0.04403669025828849, 0.011393884433381643, -0.051233451445584485], [0.07257879572160941, -0.7332338740838179, -0.4790568972142825, -0.4207916615634078, -0.5054033949320287, 0.01576238770050977, 0.06182879704344164, -0.3579852968520166, 0.016443670185097452, 0.4942778797167006, 0.6444775786468833, 0.5389772566078509, 0.033164900656986095]], "inverted": false, "swapped": false, "error_lsq": 0.03817893377193952, "error_max": 0.2537022277280638, "target": "210.xyz", "model": "19.xyz", "model_rescale": 3.9282355846067225, "target_rescale": 3.900410450479651},
{"mapping": [3, 11, 10, 9, 4, 6, 12, 0, 1, 7, 5, 2, 13], "R": [[0.574870256302662, -0.4691499284977028, 0.6703898365944343], [0.46615780621547415, 0.8611228207001165, 0.20289008692849372], [-0.6724738568322848, 0.19587197926215907, 0.7137317980985829]], "T": [0.11335629995339078, -0.20690934577992104, -0.057246787654507754], "aligned_model": [[0.6452686168023284, -0.03829200867437155, -0.6608779202170989, -0.17175033883465543, 0.5497029432397654, 0.6069131003957495, -0.5939479271082622, 0.16845233376317864, 0.04884756573663715, -0.15937276263459474, 0.33165738047537896, -0.3806067864356003, 0.05641306804162688], [0.313508243726196, 0.015666873068568843, 0.1376840497877868, -0.6200897962819399, -0.051624352940280976, -0.4434364871650967, -0.6683839833659485, 0.49917685361879927, 0.5000661448599252, -0.5742426004102087, 0.014550463439126415, 0.1440775632345509, -0.05686431272819523], [0.05495788630605008, -0.7211939155339818, -0.21233100038931912, -0.5330838869644671, -0.48719564837089385, 0.29954537899482203, -0.15500278242274512, -0.4295419585524658, 0.18259706811610274, 0.36558049959434236, 0.5680454187515753, 0.5008973418903676, -0.05223425978586218]], "inverted": true, "swapped": false, "error_lsq": 0.04147079328034076, "error_max": 0.30147163079915384, "target": "210.xyz", "model": "20.xyz", "model_rescale": 4.067790424073018, "target_rescale": 3.900410450479651},
{"mapping": [6, 10, 1, 12, 11, 3, 7, 13, 5, 0, 2, 8, 14], "R": [[-0.18212782032449748, -0.9178825214545399, 0.3525920218497636], [-0.823283999016402, 0.33841515209782325, 0.45571772161522117], [-0.5376178140904639, -0.20728449444872565, -0.8173128069067118]], "T": [0.03736675324672217, -0.022232494977195864, 0.011666174345694363], "aligned_model": [[0.6717765530831725, -0.11260094680846935, -0.6758157698991338, 0.1598172407543465, 0.5036600659860333, 0.6981567040979026, -0.6435678863427914, 0.08422631537281094, -0.15547659150603738, -0.12119880867462773, 0.3751460927907609, -0.407414493594584, 0.025698789290698767], [0.2922650176983136, 0.030109030590234905, 0.2075769188249603, -0.6350867717009815, -0.08477666502540171, -0.5526878069037108, -0.3180885047324968, 0.45616275796986533, 0.5281634308272068, -0.571731206197701, -0.22110784761902774, 0.11316656054624091, -0.03387625543421856], [0.22654386766858106, -0.7921104583048816, -0.3227937235285335, -0.431537368632245, -0.4318324471479109, 0.08728905153149266, 0.08556607493802934, -0.4973187649916758, 0.10300012258165253, 0.43281479236613785, 0.6441815049327974, 0.3418246740798493, -0.0645871838597674]], "inverted": false, "swapped": false, "error_lsq": 0.041420996074030984, "error_max": 0.24269598895214334, "target": "210.xyz", "model": "21.xyz", "model_rescale": 4.186013935880536, "target_rescale": 3.900410450479651},
{"mapping": [2, 7, 10, 6, 0, 5, 4, 1, 9, 3, 8, 11, 12], "R": [[0.4746794514201047, -0.028148539210110485, -0.8797085188514691], [-0.4441502598178596, 0.855236291763269, -0.26702327979923496], [0.7598749667565292, 0.5174732311833623, 0.3934609128050893]], "T": [0.03473590251844617, -0.025001439041971163, -0.03500160276727421], "aligned_model": [[0.7085337740007909, -0.2957364163109108, -0.7206474291346809, -0.0029939083233374505, 0.5782865306366953, 0.5908679130420992, -0.5969285489275297, 0.32941304600999155, -0.15529762495584284, 0.0011620711050728885, 0.20058245171505573, -0.25091228023406964, 0.016077685926747617], [0.16181664849797509, 0.07346541870323502, 0.28650327300502054, -0.4747547437474577, -0.18732912544427358, -0.46764762239261637, -0.37089987663807905, 0.3938052928120963, 0.555784969518714, -0.9268740400105084, 0.3844511921468882, -0.1527718442674574, -0.06546088334025332], [0.21156407493092033, -0.6826249997304987, -0.20429504407853138, -0.3608102510526314, -0.48220499933968836, 0.27048214369214485, -0.1297140117562317, -0.5573899050767002, 0.07465771651381357, 0.15951642776732733, 0.5915058557962392, 0.5136748209567268, -0.023321686989364782]], "inverted": false, "swapped": false, "error_lsq": 0.06359294409262527, "error_max": 0.4932111097667677, "target": "210.xyz", "model": "22.xyz", "model_rescale": 4.166573947596378, "target_rescale": 3.900410450479651},
{"mapping": [2, 5, 14, 7, 1, 4, 10, 6, 12, 8, 3, 9, 15], "R": [[-0.1367344736311239, -0.20539995947868508, -0.9690792229570162], [0.8582223527371926, 0.46400464548212456, -0.21944038423509488], [0.4947303073221385, -0.8616905161466979, 0.11283340551352664]], "T": [0.002000726662452705, -0.021503272307356755, 0.023619944141213454], "aligned_model": [[0.614206677654644, 0.011613696376085302, -0.7346800706287684, -0.16685325480878632, 0.5585172125970116, 0.5854114412748281, -0.6221197402305576, 0.3276784759461599, -0.1944834462095953, 0.02320458133146274, 0.30212051651374977, -0.34420300857568503, 0.04199418330953316], [0.2534606088047006, -0.15264825415994226, 0.25294388219002367, -0.5666294657453016, -0.05765918994640236, -0.42108040515260753, -0.3489175225613939, 0.49753958641025425, 0.6034944397502868, -0.7375123813449421, -0.008722309938704785, -0.07836420121426388, -0.025816128248423498], [0.07269108477022951, -0.7972153412538013, -0.06558726134639106, -0.4073271684136599, -0.4203183526635002, 0.22317837254562864, -0.22978641852538625, -0.42764067501651093, 0.011243152848024842, 0.3990670010527903, 0.5443803600299489, 0.5108149510461479, -0.03245956343999471]], "inverted": false, "swapped": false, "error_lsq": 0.045631753683056324, "error_max": 0.280177010712181, "target": "210.xyz", "model": "23.xyz", "model_rescale": 4.274766983524099, "target_rescale": 3.900410450479651},
{"mapping": [3, 11, 2, 1, 8, 7, 4, 0, 5, 10, 12], "R": [[-0.29789952109743745, 0.829214482004536, -0.4729262290927272], [0.5567796787226427, -0.2514902878757405, -0.7916748224275469], [-0.7754045812938097, -0.49915526435982466, -0.38677093656380823]], "T": [-0.015579923658845758, 0.19933570124015537, -0.020515918958539638], "aligned_model": [[0.23214987819005958, 0.05039448481262301, -0.5289947352691152, -0.4074694638678794, -0.5821484399462371, -0.5616455341063665, -0.0004756345270509957, -0.044778822503762784, 0.7187301894956606, 0.48266510578694827, 0.021467675893195974], [-0.314725365436441, 0.7491180048933934, 0.3816625134871756, -0.30095687714201763, 0.5179107352907735, -0.1733556921827562, -0.5233662386721241, 0.034062544150124996, -0.1492643541610602, 0.5646602217354003, 0.12984103928101448], [-0.5756906186061955, -0.08511100653065784, -0.5636475100030852, -0.3640784367395537, 0.19172635080796152, 0.29408387067603686, 0.08298618652675835, 0.6208222741607082, 0.3183582156985331, 0.4692636680143877, -0.009146559983316167]], "inverted": true, "swapped": true, "error_lsq": 0.04857845348374958, "error_max": 0.271069401450669, "target": "210.xyz", "model": "24.xyz", "model_rescale": 3.7841303162186577, "target_rescale": 3.900410450479651},
{"mapping": [7, 4, 2, 3, 6, 11, 12, 1, 8, 13, 10, 9, 15], "R": [[0.9115491341940285, 0.20526977747108055, -0.3562899021963583], [-0.31902108535622975, -0.19363233919044223, -0.9277564682166173], [-0.25942961097039535, 0.9593595966459143, -0.11102000394135617]], "T": [0.04524255000644895, 0.01607337483318893, 0.03019311268840128], "aligned_model": [[0.6724937458373477, -0.09866856258100837, -0.6380691144324451, 0.03105133794942947, 0.48800740337826015, 0.573336751360503, -0.5620331943459135, 0.1427505364682015, -0.16064516539870133, -0.01880341036247015, 0.3050739301821754, -0.4123208792899175, 0.08023388578462073], [0.12115777157266511, 0.048466091679700125, 0.22284106327428851, -0.6081714764293944, -0.20041973643715855, -0.5293581562009233, -0.43257247859451997, 0.6100012363922797, 0.5638033828830438, -0.7463600762309082, 0.09495261183224604, 0.0822124288248775, -0.016464003722912922], [0.16553995229268345, -0.7012059893260171, -0.21296387402120312, -0.4788440792786095, -0.49812163216938965, 0.1444232690075378, 0.10164222011139651, -0.4065886195798155, -0.05382992323518903, 0.19326777328885972, 0.7592478603744875, 0.38852541967977117, -0.020052235510986678]], "inverted": false, "swapped": false, "error_lsq": 0.037819643356966866, "error_max": 0.21370147440372828, "target": "210.xyz", "model": "25.xyz", "model_rescale": 4.19342608120988, "target_rescale": 3.900410450479651},
{"mapping": [3, 4, 1, 11, 2, 9, 8, 10, 7, 5, 0, 12], "R": [[0.8714853119943582, 0.25755424951715966, -0.41734776809484614], [0.20856286591762901, 0.5755711727230759, 0.7907081358443256], [0.44386358483020644, -0.7761337730609564, 0.4478855706269653]], "T": [-0.11733736979410628, 0.04000086457560848, -0.07735272431909965], "aligned_model": [[-0.1257586938157636, 0.48956350284689365, 0.09673952552043472, -0.5816566728537604, -0.525721692012448, -0.527415505648506, -0.13435467748634405, -0.15216483534208855, 0.4473898247976863, 0.2511506639012495, 0.4234909645116166, -0.06345384978718958], [-0.725783823746327, -0.3555819549563046, -0.5306880334100493, 0.3484173224983274, -0.22947518440741332, -0.06657304914665996, 0.4320926075005528, 0.6283278759225042, 0.05600143536019093, 0.03735068994205693, 0.4171237075843624, 0.0015648345997399532], [0.14024937713913868, 0.01443225823149727, -0.46515492124681546, -0.06883200777222684, -0.6710148039791654, 0.5525759941491031, -0.6372734271093002, 0.446338533791083, -0.5430637191496985, 0.7225088672353622, -0.008319803224774394, -0.03318788685478254]], "inverted": false, "swapped": true, "error_lsq": 0.03636185590076521, "error_max": 0.21877789457223096, "target": "210.xyz", "model": "26.xyz", "model_rescale": 3.795458400668931, "target_rescale": 3.900410450479651},
{"mapping": [9, 0, 6, 7, 3, 4, 5, 2, 1, 10, 11, 8, 12], "R": [[-0.4055393512508969, -0.5831621523626404, 0.7038890101704773], [-0.9133031688910065, 0.2901976421313505, -0.2857667758768512], [-0.037618562979566006, -0.7587537364344095, -0.650290405254587]], "T": [0.07258214684740832, 0.02654878812022688, 0.04281145190956868], "aligned_model": [[0.44106682994897767, 0.013088921495926387, -0.7279496621338204, -0.13266484155538297, 0.484249203996176, 0.699486642020122, -0.5384806112740514, 0.4621095740787085, -0.19302390839716593, 0.10722890477639388, 0.2569598733805941, -0.4666875870538519, -0.0029760747325441594], [0.24696005761555523, 0.14236277983733006, 0.14252340169358438, -0.5975218751493866, -0.2534843495778102, -0.4724068567935361, -0.4113916750630713, 0.610369808905192, 0.5503222981546847, -0.6746410136878613, -0.15061754312021627, 0.1608824043696901, -0.08326877834087096], [0.039318499805402425, -0.7783589734911166, -0.12115705571191918, -0.43532825531753977, -0.5023382841238649, 0.2813427936186217, 0.08368839191279012, -0.4884665478451431, -0.031133826200862712, 0.1645443255081825, 0.7107871526402088, 0.513868076690049, -0.0557261558512829]], "inverted": true, "swapped": false, "error_lsq": 0.04494142920086768, "error_max": 0.29172636120774137, "target": "210.xyz", "model": "27.xyz", "model_rescale": 3.6321398670334006, "target_rescale": 3.900410450479651},
{"mapping": [8, 4, 6, 1, 3, 0, 13, 7, 12, 11, 10, 9, 14], "R": [[-0.6217026247657134, 0.4071832655152886, 0.6690946380324152], [0.7562625056017834, 0.5343843716548231, 0.37749220647848136], [-0.2038452083820838, 0.7406990830393851, -0.6401656031092884]], "T": [0.09741151757853084, -0.11046211438592021, -0.02897239338947949], "aligned_model": [[0.40057868407451785, -0.22822900102582983, -0.6116622571327661, 0.0036522146863808974, 0.6508152394465665, 0.5790706792926321, -0.6293512067010585, 0.33226523783536077, -0.10918943958891963, -0.06059784505832416, 0.3511506488571216, -0.33236882330927264, 0.05627313317367337], [0.2818670774847657, 0.021536968908598575, 0.15792905321500586, -0.49991182485923324, -0.14117868952336254, -0.4512912664705946, -0.4756880788495794, 0.4695573913202238, 0.6887911267940238, -0.5824114137589071, -0.11936106198141573, 0.01359538700230456, -0.15334601043854654], [0.11661981161975885, -0.7793068168377981, -0.1995244391445825, -0.5645144666944024, -0.434386863526751, 0.1741325923837839, 0.04105095552607502, -0.4864748382854424, 0.015972370719336132, 0.3770112719951696, 0.7060166507372239, 0.46748581850342813, -0.053041905362273586]], "inverted": false, "swapped": false, "error_lsq": 0.033719602131622534, "error_max": 0.18707360813458906, "target": "210.xyz", "model": "28.xyz", "model_rescale": 4.156811204709835, "target_rescale": 3.900410450479651},
