[{"mapping": [2, 9, 4, 8, 1, 10, 7, 12, 6, 5, 11, 13], "R": [[-0.6066080859930831, -0.32379991812437403, -0.7260717891713305], [-0.5471862264989998, 0.832596602276984, 0.08584946946025457], [0.576726853490969, 0.4493734648368443, -0.6822386866507467]], "T": [0.20305848025773932, -0.22942610532007207, 0.08019069517562202], "aligned_model": [[0.3911684816436186, -0.42470862899704176, 0.13224656621981012, 0.06493687795800748, 0.40728852097114915, -0.7263600650444032, -0.32558157805147514, -0.17149619734362037, 0.6716330629205024, 0.6441298963572927, -0.09591096548928973, 0.07495925396134001], [-0.2935800652416942, -0.3656832317532569, 0.441007130642127, 0.539062536557511, -0.7259634267798051, -0.1352502738937091, 0.23026326761545513, -0.6227066450353378, 0.31945710727789806, 0.014023922476355977, 0.17461874456751486, -0.1309336655317158], [-0.6626128738886919, -0.2720671987008578, -0.5972376593819796, 0.11063345960335573, 0.29181510844300595, 0.4580015010894123, -0.20374565620693882, 0.28058784720582564, -0.17222040521063706, 0.6446278930173753, 0.5643671822465167, 0.05946173518723588]], "inverted": false, "swapped": false, "error_lsq": 0.05501367198477675, "error_max": 0.2854626485257954, "target": "211.xyz", "model": "0.xyz", "model_rescale": 3.8414455957264533, "target_rescale": 3.7658293992567944},
{"mapping": [6, 10, 8, 13, 2, 1, 12, 4, 9, 7, 0, 14], "R": [[0.27194729733427414, -0.34733595674547835, 0.8974421433297456], [-0.061789482513491534, 0.9243624283011196, 0.3764786328544728], [-0.960326365004783, -0.15783483233102003, 0.22991615510820457]], "T": [0.02555418408400136, -0.09903479416811135, 0.06113965011509268], "aligned_model": [[0.3829513159436533, -0.3448810356340558, 0.09907836852982926, 0.11504422901777424, 0.47854904111230434, -0.7376508385728241, -0.4744339033867556, 0.050925802105465975, 0.63703762775123, 0.5153128209824174, -0.017249540916748195, -0.06237866182640049], [-0.47007438449479205, -0.2752955762785292, 0.3828326232114486, 0.650721442748668, -0.6806368090089719, -0.20635925276095657, 0.3233269377076998, -0.44798136260063015, 0.18818401512688343, -0.0379589473849762, 0.13436015691295905, -0.11680344227745981], [-0.5259072699282258, -0.486666141286065, -0.5607127309771568, 0.12972622096880765, 0.09489588594477913, 0.45420128033087614, -0.3311765790945503, 0.477564683255913, -0.034270169617858386, 0.47267484989543995, 0.746130166431262, 0.06515073748040139]], "inverted": false, "swapped": false, "error_lsq": 0.04740372783975961, "error_max": 0.2837744487066954, "target": "211.xyz", "model": "1.xyz", "model_rescale": 4.316132596720782, "target_rescale": 3.7658293992567944},
{"mapping": [8, 10, 6, 4, 1, 7, 3, 9, 2, 0, 5, 11], "R": [[-0.2915620925071526, 0.8753025737727185, 0.3857939223986111], [0.8735721290695411, 0.07934228220559858, 0.4801838580870005], [0.38969639660350985, 0.47702222862384736, -0.7877731347748399]], "T": [0.04652329217611348, -0.09753927685769634, 0.06540270040812479], "aligned_model": [[0.39135770894364985, -0.22811313366660882, -0.07660276044716799, 0.2715452028132976, 0.4017895025910908, -0.8122155311571547, -0.4503234267412496, -0.11942223265534205, 0.8368177304111544, 0.5175130055416143, -0.14201811964180952, 0.051977279114416484], [-0.3515856800493439, -0.42981991949109744, 0.3541176925078344, 0.639515193633482, -0.5061167948764613, -0.24210623343864277, 0.3314171488220973, -0.6372885744174477, 0.06778082018656245, 0.07897280490711722, 0.12449102221488689, 0.014937920902355725], [-0.5698813036804966, -0.3943800816974672, -0.6105720921606981, 0.04429397238147542, 0.1034499724760964, 0.2706565630876697, 0.052883450902744364, 0.5461149675744417, -0.1555709816289898, 0.5663280775666195, 0.6406544402928834, 0.007633948289343731]], "inverted": true, "swapped": false, "error_lsq": 0.037813066702609685, "error_max": 0.20236518032417847, "target": "211.xyz", "model": "2.xyz", "model_rescale": 3.795458400668931, "target_rescale": 3.7658293992567944},
{"mapping": [3, 6, 8, 7, 5, 2, 1, 10, 9, 4, 0, 11], "R": [[0.8035165652768991, 0.5834026610998867, 0.11833200897130768], [0.547915907702074, -0.6471158709624011, -0.5301218799819392], [-0.2326999944405396, 0.4907977022869443, -0.8396239205842273]], "T": [0.0028361813755997944, -0.038344157265961853, 0.09799053741498129], "aligned_model": [[0.2900048329174434, -0.24193002081847814, -0.004611455726797539, 0.3564388585521777, 0.4831883711085344, -0.654392110317316, -0.4940372029823219, -0.03445189764437761, 0.7661711390912785, 0.378314025305698, -0.2311561955448767, 0.028766881164926497], [-0.36226238060369176, -0.2534617588727489, 0.21889122444328957, 0.6385842635752954, -0.5494531824102865, -0.42838478851913236, 0.3247561433381465, -0.5697786623892935, 0.04967360721811798, -0.05893263179984484, 0.379135128028844, 0.05554843889264738], [-0.5725921761240249, -0.39303921765423566, -0.6398017288292658, 0.10393665941932359, 0.054932973805122715, 0.15836097707726982, -0.034462675371883494, 0.6031614998895503, -0.3071356876947998, 0.617169925254646, 0.716995026953292, 0.19408535667862814]], "inverted": false, "swapped": false, "error_lsq": 0.049120399234518636, "error_max": 0.27480664205490773, "target": "211.xyz", "model": "3.xyz", "model_rescale": 3.7530521520055578, "target_rescale": 3.7658293992567944},
{"mapping": [2, 3, 8, 9, 0, 10, 1, 6, 5, 7, 11], "R": [[0.7657208025338906, -0.5815185929023041, 0.2747867876659631], [-0.23935748868665666, 0.13890157075406762, 0.9609445073736932], [-0.5969754142144146, -0.801587474796717, -0.03283100779067111]], "T": [-0.08093091661591302, -0.08637175883235841, 0.032642373424305836], "aligned_model": [[-0.36962124943579155, -0.2892236469621156, 0.3917475853173702, 0.5137450546035588, 0.2642722740344371, -0.1861833875389899, -0.19877168732508516, -0.6178367414713188, -0.3903074759696954, 0.2897904377141259, -0.06941156052129042], [-0.6408440383001719, 0.11645809131458983, -0.38930426887094927, 0.3608024598605641, -0.7779237527308699, 0.5310183591757056, -0.433493870609166, 0.017294022767501263, 0.4175543860641375, 0.33673367883126715, -0.07109170918826212], [-0.2304996543963235, -0.6471545672019365, -0.5449274810388822, -0.28374917954095535, 0.09783911250702707, -0.105121210429171, 0.5528064395978219, 0.07189697392887946, 0.7390858146615304, 0.4300984758974666, 0.012556053259859708]], "inverted": false, "swapped": true, "error_lsq": 0.037989757311940806, "error_max": 0.21242784298213263, "target": "211.xyz", "model": "4.xyz", "model_rescale": 3.7855080009869324, "target_rescale": 3.7658293992567944},
{"mapping": [2, 5, 9, 15, 1, 7, 10, 6, 14, 13, 8, 16], "R": [[0.35073145440107467, -0.7904761392005428, 0.5021303817220291], [0.8948611009423522, 0.4409589908070678, 0.06912870927952791], [-0.2760635015969117, 0.4250913334579006, 0.8620245363706509]], "T": [0.10326093928037101, -0.1658355741561118, 0.054819277048246136], "aligned_model": [[0.46232949078369, -0.5496840868886069, 0.1371781448471498, 0.18669906201286948, 0.4071762792744915, -0.5976458689333459, -0.44256125144938213, -0.0630551582151151, 0.6405740776259833, 0.4574810890199648, -0.1336300650354335, 0.1374435120636252], [-0.23948707312719508, -0.4009659147313484, 0.30714328367755483, 0.6485560588821717, -0.8481975961379684, -0.29783815081764775, 0.29357732934854375, -0.4232191460632462, 0.17963815703257838, 0.056613922123695176, 0.3066001664500634, -0.13810563573585827], [-0.5866095339661268, -0.36168973889434897, -0.4762688912043928, 0.1503308177015615, -0.06815013403621786, 0.28432840068014764, -0.09344465745600042, 0.6311609471478142, -0.16798083729782554, 0.6463528314631399, 0.5195740479067757, 0.02400768135909638]], "inverted": false, "swapped": false, "error_lsq": 0.04344708015030536, "error_max": 0.23303089975149266, "target": "211.xyz", "model": "5.xyz", "model_rescale": 4.2253639853439635, "target_rescale": 3.7658293992567944},
{"mapping": [2, 3, 4, 1, 5, 12, 0, 11, 10, 8, 9, 13], "R": [[0.9669265066479489, -0.24414751248339556, 0.07379107594935994], [-0.11416913067301872, -0.15559991009621088, 0.9812003248977338], [-0.22807573378805818, -0.9571732654677633, -0.17832778676027336]], "T": [0.018103812448939084, -0.06860234879842586, 0.040315817465256955], "aligned_model": [[0.3539032314264984, -0.3440895656891456, 0.11999239255337912, 0.2701745676227856, 0.4697714941397782, -0.6931699240507931, -0.5945832884705684, -0.03921082633092522, 0.7824916500942845, 0.4678893670265864, -0.14267600233099578, -0.008187870884993398], [-0.33912701391304056, -0.21308575258289503, 0.28826444220603753, 0.6195011285209167, -0.5105644230184629, -0.4306795767608267, 0.44394797488573146, -0.695713870921926, 0.02486947034455904, 0.04306431077669387, 0.29676070105722163, -0.08292198969266623], [-0.4737141114456885, -0.5520944926763867, -0.5623251394311388, -0.0006685801194623794, 0.07782710533744502, 0.5243958906203132, -0.030177667231657053, 0.49748095154119326, -0.08412986174906287, 0.6157186221432525, 0.5021124398488476, -0.01281422343403265]], "inverted": true, "swapped": false, "error_lsq": 0.04802144217884694, "error_max": 0.2509527170198915, "target": "211.xyz", "model": "6.xyz", "model_rescale": 3.89814844738969, "target_rescale": 3.7658293992567944},
{"mapping": [2, 0, 4, 11, 5, 3, 7, 6, 10, 9, 8, 12], "R": [[0.01943517628092678, -0.9894552251227047, -0.14352920051441742], [-0.38015983647886664, 0.12546065904428844, -0.9163722615621528], [0.9247165904488204, 0.07237389383991535, -0.3737127865609604]], "T": [-0.011370928784678151, -0.045377203184889345, -0.026043145660270696], "aligned_model": [[0.3541267856549435, -0.376903417368318, 0.0755201885880232, 0.1871977041684068, 0.4901136343929443, -0.7213270880598677, -0.5573168957502377, -0.12089452862940636, 0.7008891426212479, 0.6316574379041608, -0.14934048271615555, 0.12858274430014896], [-0.2510350797630126, -0.4470583322564999, 0.32255023881423583, 0.6990794261295568, -0.6000306114150757, -0.236161078290835, 0.29343395208364964, -0.5031330345551032, 0.05512855743127951, -0.08151248613101246, 0.19947642316870423, -0.0064225743145445435], [-0.5967130178821682, -0.2627891230409145, -0.5481304176081491, 0.22234202760884073, 0.18240213171011194, 0.30853973133239954, -0.16178069302869172, 0.45959049295158944, -0.1726304773636518, 0.5929517169957145, 0.5893411864153664, -0.11151262468682441]], "inverted": true, "swapped": false, "error_lsq": 0.035570358935390615, "error_max": 0.1976362864653558, "target": "211.xyz", "model": "7.xyz", "model_rescale": 3.7474275329858107, "target_rescale": 3.7658293992567944},
{"mapping": [5, 9, 7, 0, 8, 13, 12, 4, 3, 2, 1, 14], "R": [[-0.27791973328408337, -0.8317304814910392, -0.4806090178200866], [-0.6713084513616027, 0.5260324296301854, -0.5221444686174999], [0.687099399637193, 0.17752264400928824, -0.7045424940215891]], "T": [-0.03062896324418137, 0.06825090208515719, -0.030236408993649787], "aligned_model": [[0.4451474403090471, -0.13006560246729043, -0.022449980095366827, 0.29077571409881586, 0.31316393651468455, -0.7063020184649724, -0.5883064810761862, -0.06931591429895759, 0.6854136513615742, 0.3805300856305262, 0.08388968576988748, -0.04017529217587157], [-0.16743217127614884, -0.46408484651673665, 0.10074072098007114, 0.6394007154839861, -0.5188848458144755, -0.29925427149424244, 0.2867241617092331, -0.5728613157391795, 0.105547087629111, -0.1623222949778277, 0.4497029649670624, 0.04703949595048965], [-0.5109772609865011, -0.5660268956849248, -0.7104974969788765, 0.0383213160523899, 0.0176005168090616, 0.43507821417388626, 0.11777656250993404, 0.41664645017636975, -0.035384767667691906, 0.6671685903965511, 0.6070873884601911, 0.02481831614323341]], "inverted": false, "swapped": false, "error_lsq": 0.05730755110720163, "error_max": 0.3022451443520216, "target": "211.xyz", "model": "8.xyz", "model_rescale": 4.019505241142653, "target_rescale": 3.7658293992567944},
{"mapping": [0, 1, 7, 8, 2, 10, 9, 6, 4, 5, 11, 12], "R": [[-0.6280609704315656, 0.6363391620373717, 0.4478971849410711], [-0.24249215419874426, 0.38687534209830277, -0.8896769216004055], [-0.7394166434241338, -0.6673829039868322, -0.088674048590838]], "T": [0.0608672910005416, -0.12094742528657315, 0.07351060696065828], "aligned_model": [[0.36221439247607407, -0.3950125125368893, 0.256183643995482, 0.0891758119668191, 0.28900248201787604, -0.7647095637726883, -0.43149516184314934, -0.09587590732479463, 0.7706412645069575, 0.539978187808516, -0.05869121552843688, 0.08089380334012408], [-0.20410374303998022, -0.389575852633338, 0.4092825642022451, 0.5514675448748443, -0.6661286420920733, -0.44646054350811604, 0.34399690267422683, -0.4893875129113852, 0.19893524976948318, -0.04826137376597556, 0.2876349949761408, -0.10308418764472915], [-0.4965078395137339, -0.34639137555244426, -0.633802386398816, 0.016998069151569234, 0.04697878307656231, 0.2985524362862707, -0.020009702904456472, 0.6799306837858425, -0.21195506869057693, 0.537939509610096, 0.5274001236514634, 0.10247770090184645]], "inverted": true, "swapped": false, "error_lsq": 0.042528506148274636, "error_max": 0.22938768837247359, "target": "211.xyz", "model": "9.xyz", "model_rescale": 3.877068213659057, "target_rescale": 3.7658293992567944},
{"mapping": [8, 9, 11, 12, 7, 13, 6, 4, 0, 5, 3, 15], "R": [[-0.05816433713940525, -0.1469102915893501, -0.9874382391371451], [0.9501356748733749, 0.29539636550733994, -0.09991589752371938], [0.30636434064370144, -0.9440118396875044, 0.12240317525196762]], "T": [-0.06925113905518032, -0.08446142676797, 0.01857814254924453], "aligned_model": [[0.36906309121508557, -0.2564521830346658, 0.1912614326587087, 0.17312857189224606, 0.33569055439316203, -0.775355098620577, -0.4329482322661592, 0.019016527486611035, 0.629547832607593, 0.4894358698212796, -0.10780977973820495, 0.007726638690811791], [-0.42641061015808346, -0.36901894714959893, 0.29777103799943605, 0.6200633296684849, -0.7897633505122152, -0.2414140845109223, 0.388498917817096, -0.5082773138351108, 0.24629356086914653, 0.16877997849401585, 0.10044028550268577, -0.04264740328359143], [-0.5164679557726821, -0.5467784622825225, -0.5564756106952271, 0.07418532736133507, 0.08827743011134048, 0.29138129039978455, 0.17458298851470797, 0.5388469121844501, -0.17128278284092543, 0.5030707214564334, 0.624454310389078, -0.0021832354221499456]], "inverted": false, "swapped": false, "error_lsq": 0.044723149322559975, "error_max": 0.2439116273249621, "target": "211.xyz", "model": "10.xyz", "model_rescale": 4.260839863003843, "target_rescale": 3.7658293992567944},
{"mapping": [9, 10, 8, 1, 4, 6, 7, 5, 2, 3, 0, 11], "R": [[0.7626946319410313, 0.6343141294096794, -0.12626354834066578], [-0.6096689312896003, 0.7702836417074284, 0.186994399750738], [0.21587193571312485, -0.06564066231523666, 0.9742128159813366]], "T": [0.06515272163951309, -0.04064823590648374, 0.0008359833194504507], "aligned_model": [[0.31384464127688194, -0.3320187136608672, 0.15078991798924074, 0.2907667344946149, 0.44588766711781713, -0.6085775682046368, -0.4619312192145291, 0.035705136293588076, 0.7334294419472234, 0.4400323569995475, -0.4104868648493071, 0.04486369491631703], [-0.40456548737609327, -0.40769915604461177, 0.28065517060452827, 0.6240714109888251, -0.660668607462892, -0.2843272025088093, 0.342748785975524, -0.5389631610646611, 0.10502786892869474, 0.03260094996149815, 0.3395124470083751, 0.0159223818909649], [-0.6635809222053085, -0.3167522171058647, -0.6355945302674773, 0.17549780334914516, -0.08113046559659884, 0.43668388389529145, -0.06840903229918509, 0.45627640459296037, -0.04958051910058742, 0.5991109093983997, 0.6327213434802, 0.016368275262647718]], "inverted": true, "swapped": false, "error_lsq": 0.03875941893969569, "error_max": 0.28408527874667183, "target": "211.xyz", "model": "11.xyz", "model_rescale": 3.890672605050136, "target_rescale": 3.7658293992567944},
{"mapping": [3, 4, 0, 6, 7, 10, 11, 12, 8, 5, 9, 13], "R": [[0.17789198781654086, 0.9834325688374885, -0.034854314229066596], [0.5687933394127838, -0.07385620421452782, 0.8191577370315659], [0.8030121902625973, -0.16554649995913784, -0.572508321896674]], "T": [-0.008071513228670134, 0.13357937675669762, -0.008638420415255033], "aligned_model": [[0.44018851847228174, -0.2955476149619012, 0.12669508421447792, 0.14996346665693625, 0.4248720533543949, -0.721427275960621, -0.4923677127386816, -0.10868230214416713, 0.6943711798892878, 0.44404650600707146, -0.026285210283545996, 0.006478532600357315], [-0.3726941361540368, -0.3610460024313401, 0.1697410105595727, 0.6855988343550407, -0.589682222000086, -0.32973418377625935, 0.347402534260824, -0.4657892826034059, 0.1788295078652892, -0.1150741046503152, 0.33092239350296626, -0.03415894802690683], [-0.6377753133936606, -0.413311460066399, -0.5824195983929916, 0.03991883966956156, 0.11948924324298049, 0.2670509062659801, 0.1413582873832061, 0.42236833832032017, -0.16264405134470705, 0.5733692468036413, 0.7440530243364949, -0.009846529420803884]], "inverted": true, "swapped": false, "error_lsq": 0.03820969142062804, "error_max": 0.22462282738090705, "target": "211.xyz", "model": "12.xyz", "model_rescale": 4.124412569039231, "target_rescale": 3.7658293992567944},
{"mapping": [3, 9, 5, 4, 6, 11, 10, 8, 0, 1, 2, 12], "R": [[-0.6356773009177361, -0.11527383339820035, 0.7632996216634894], [0.7030273325342149, -0.4948625834898299, 0.5107480721173577], [0.3188525345794958, 0.8612914528749576, 0.3956135670029232]], "T": [0.10926030783623092, -0.06264339382354411, -0.12992493428089988], "aligned_model": [[0.553451663836769, -0.204674685894282, 0.10395899787140557, 0.20859811994840882, 0.3529956858067881, -0.7205153111795499, -0.5345520014230065, -0.1521295577549227, 0.6116672917291341, 0.5636423616304618, -0.16377200946631126, 0.023634670000995117], [-0.45807083584459624, -0.5897792077809481, 0.5437031457683599, 0.6535952894214284, -0.6415232826521017, -0.17181408979634408, 0.28060923951590916, -0.45334495983519857, 0.1912250675233823, -0.1272642347311062, 0.21438680582393593, 0.00259246348862216], [-0.5237326959070739, -0.3094073160215046, -0.5838650725257933, 0.17896081070873268, 0.10051801878876127, 0.4086909237889187, -0.01905107600344122, 0.4122224122778765, -0.2710115043824004, 0.5425521248213934, 0.638907385435566, -0.07317307757741234]], "inverted": false, "swapped": false, "error_lsq": 0.04522700202551064, "error_max": 0.24524663255728593, "target": "211.xyz", "model": "13.xyz", "model_rescale": 3.9028299243045295, "target_rescale": 3.7658293992567944},
{"mapping": [13, 10, 5, 2, 14, 7, 3, 9, 12, 1, 6, 15], "R": [[0.5989373892425853, 0.7203375579787824, -0.34983968661722836], [0.050433088842323004, -0.4699282066986171, -0.8812627213827012], [-0.7992061732225912, 0.5101776975860336, -0.3177864213095256]], "T": [0.05841361379749024, 0.12198441089890044, -0.025060130364827397], "aligned_model": [[0.4162550049801071, -0.27563490345544017, 0.12762079026706494, 0.2604704899531089, 0.3099606659567674, -0.6599137042900934, -0.45154191058869264, -0.10419339418696288, 0.7272467171978441, 0.4162804516562051, -0.13117911722274886, 0.006934134838730323], [-0.326472749391877, -0.46238996539306887, 0.12215586758212944, 0.7969428178249042, -0.726344060187928, -0.3839870328800017, 0.4198186073753517, -0.4474228405723938, 0.05751802956239044, 0.20434773501860654, 0.14798093619783323, 0.042168055765396714], [-0.5759567322200716, -0.3448581580377088, -0.5323196014275839, 0.18884156966097568, -0.03571557387577053, 0.19545453582897318, 0.17476379161497752, 0.4751196367088844, -0.20602049739063075, 0.5109868497999364, 0.6135219233024412, 0.03779318943920033]], "inverted": false, "swapped": false, "error_lsq": 0.04631737222196581, "error_max": 0.27953631847620725, "target": "211.xyz", "model": "14.xyz", "model_rescale": 3.942246331269136, "target_rescale": 3.7658293992567944},
{"mapping": [1, 5, 0, 8, 3, 10, 6, 4, 12, 13, 11, 14], "R": [[0.5272571560298309, 0.8189157430319489, -0.22666472427302303], [0.7356938214706943, -0.573440961333527, -0.36044426048243083], [-0.42515231678209237, 0.023290978496220527, -0.9048221028774154]], "T": [-0.0892336041219624, -0.043720706967559454, 0.005921535906572163], "aligned_model": [[0.4413601070947987, -0.16729575565735527, 0.11335281064716746, 0.03440011905466027, 0.25925349803025627, -0.5953996121598584, -0.4604327600064206, -0.022197152857064903, 0.7249590661829575, 0.5051184437736191, -0.15006339430274268, -0.04075014469412694], [-0.356511431915885, -0.43554321915449457, 0.3711071975483906, 0.719791702197124, -0.668613400652871, -0.3348449266615451, 0.3520474536570313, -0.4034296411146584, -0.1059935305527254, 0.029465926272057262, 0.2945415984634069, -0.01770232718448766], [-0.5206463246623614, -0.48719201859208344, -0.5664367758651302, 0.03050669063088366, -0.06200336021341434, 0.4158522337784325, 0.14145064364699325, 0.4639385375770033, -0.0299762248484308, 0.5557571535075917, 0.635198401846867, -0.0748380234027281]], "inverted": true, "swapped": false, "error_lsq": 0.046460074289709, "error_max": 0.28118612836344337, "target": "211.xyz", "model": "15.xyz", "model_rescale": 4.355366556412066, "target_rescale": 3.7658293992567944},
{"mapping": [8, 10, 6, 4, 1, 7, 3, 9, 2, 0, 5, 11], "R": [[-0.2915620925071526, 0.8753025737727185, 0.3857939223986111], [0.8735721290695411, 0.07934228220559858, 0.4801838580870005], [0.38969639660350985, 0.47702222862384736, -0.7877731347748399]], "T": [0.04652329217611348, -0.09753927685769634, 0.06540270040812479], "aligned_model": [[0.39135770894364985, -0.22811313366660882, -0.07660276044716799, 0.2715452028132976, 0.4017895025910908, -0.8122155311571547, -0.4503234267412496, -0.11942223265534205, 0.8368177304111544, 0.5175130055416143, -0.14201811964180952, 0.051977279114416484], [-0.3515856800493439, -0.42981991949109744, 0.3541176925078344, 0.639515193633482, -0.5061167948764613, -0.24210623343864277, 0.3314171488220973, -0.6372885744174477, 0.06778082018656245, 0.07897280490711722, 0.12449102221488689, 0.014937920902355725], [-0.5698813036804966, -0.3943800816974672, -0.6105720921606981, 0.04429397238147542, 0.1034499724760964, 0.2706565630876697, 0.052883450902744364, 0.5461149675744417, -0.1555709816289898, 0.5663280775666195, 0.6406544402928834, 0.007633948289343731]], "inverted": true, "swapped": false, "error_lsq": 0.037813066702609685, "error_max": 0.20236518032417847, "target": "211.xyz", "model": "16.xyz", "model_rescale": 3.795458400668931, "target_rescale": 3.7658293992567944},
{"mapping": [2, 0, 4, 11, 5, 3, 7, 6, 10, 9, 8, 12], "R": [[0.01943517628092678, -0.9894552251227047, -0.14352920051441742], [-0.38015983647886664, 0.12546065904428844, -0.9163722615621528], [0.9247165904488204, 0.07237389383991535, -0.3737127865609604]], "T": [-0.011370928784678151, -0.045377203184889345, -0.026043145660270696], "aligned_model": [[0.3541267856549435, -0.376903417368318, 0.0755201885880232, 0.1871977041684068, 0.4901136343929443, -0.7213270880598677, -0.5573168957502377, -0.12089452862940636, 0.7008891426212479, 0.6316574379041608, -0.14934048271615555, 0.12858274430014896], [-0.2510350797630126, -0.4470583322564999, 0.32255023881423583, 0.6990794261295568, -0.6000306114150757, -0.236161078290835, 0.29343395208364964, -0.5031330345551032, 0.05512855743127951, -0.08151248613101246, 0.19947642316870423, -0.0064225743145445435], [-0.5967130178821682, -0.2627891230409145, -0.5481304176081491, 0.22234202760884073, 0.18240213171011194, 0.30853973133239954, -0.16178069302869172, 0.45959049295158944, -0.1726304773636518, 0.5929517169957145, 0.5893411864153664, -0.11151262468682441]], "inverted": true, "swapped": false, "error_lsq": 0.035570358935390615, "error_max": 0.1976362864653558, "target": "211.xyz", "model": "17.xyz", "model_rescale": 3.7474275329858107, "target_rescale": 3.7658293992567944},
{"mapping": [5, 9, 4, 0, 10, 7, 2, 11, 8, 3, 1, 13], "R": [[0.6472133484740545, 0.7081852967060466, 0.2821142801886694], [-0.7205470346728257, 0.4475124016978689, 0.5296646308286057], [0.24885106465755782, -0.5460826273156603, 0.7999168155269808]], "T": [-0.00221034307196747, -0.09973020359156046, 0.03593163094715677], "aligned_model": [[0.2977717216312152, -0.3955278547729775, 0.26708245070311504, 0.14056464287039108, 0.49449626956851356, -0.6376128575837838, -0.5062838099117005, -0.0007466473616993333, 0.6722451337687022, 0.47090162703425614, -0.11943655925208801, -0.04114889158805316], [-0.4744294445801033, -0.18503116970150166, 0.2464150785554072, 0.7240686906442336, -0.5778827787355966, -0.41034119894887433, 0.39814091943769836, -0.5392387777145846, 0.11325130190375446, -0.05364570098719659, 0.20503840358150513, -0.0020299225533987886], [-0.5052071463820226, -0.49862355425462535, -0.6689730838113791, 0.025297909777624618, 0.06897745225337726, 0.2951684650419606, 0.07914052692286658, 0.6091390390232111, -0.09292153857254956, 0.5203183191118403, 0.6457615475071415, 0.02353299678617744]], "inverted": true, "swapped": false, "error_lsq": 0.046324106388833296, "error_max": 0.25338860793896867, "target": "211.xyz", "model": "18.xyz", "model_rescale": 3.922800546911778, "target_rescale": 3.7658293992567944},
{"mapping": [6, 8, 4, 11, 1, 12, 13, 3, 10, 9, 7, 14], "R": [[-0.6357289193034703, 0.21120470169680172, 0.7424562715355074], [-0.7184196392161226, 0.18993354974304438, -0.6691774567860032], [-0.2823507803244367, -0.9588106281550972, 0.030987355276147543]], "T": [0.029336535440698808, -0.21291591726159173, 0.03333117010963628], "aligned_model": [[0.35045162536414876, -0.31020467279836117, 0.16804006473244731, 0.1315402272141003, 0.40395894657911574, -0.6764551866411356, -0.40968051150598417, -0.06742620688316617, 0.7122308187419769, 0.5271726275332985, -0.2022785793475899, 0.014956072117040427], [-0.2745177622816357, -0.36154437220109864, 0.27844561052477546, 0.48942824513592453, -0.8069853035211307, -0.23839851716576152, 0.29162412956952233, -0.34053860187541574, 0.18769192269504734, 0.10388869993675912, 0.2739049528614833, -0.15868360277712645], [-0.5740057080944565, -0.453507616668362, -0.4796915575210462, 0.09258229417343508, -0.20059753124592516, 0.37948536509995556, -0.12324826804894358, 0.6526038609777474, -0.12084212090737496, 0.5941673724421523, 0.6228826081308454, 0.11178223506559531]], "inverted": true, "swapped": false, "error_lsq": 0.045037273353715164, "error_max": 0.2559262247419957, "target": "211.xyz", "model": "19.xyz", "model_rescale": 3.9282355846067225, "target_rescale": 3.7658293992567944},
{"mapping": [11, 10, 0, 3, 9, 2, 1, 7, 4, 6, 5, 13], "R": [[0.5196278705958187, -0.8516091156077102, -0.06891146721634156], [0.5918711014886487, 0.30062590010674184, 0.7478720929461303], [-0.6161781198019523, -0.4294018891421708, 0.6602564216109269]], "T": [0.18320101171469788, -0.16377236405270165, 0.138622339423354], "aligned_model": [[0.34731006183166224, -0.40800396238071507, 0.07299311326695855, 0.20373348772953337, 0.4750418309107798, -0.6317599688948012, -0.35156458629212634, -0.048173374145236536, 0.6323936020328369, 0.42275472858922836, -0.13986979042177566, 0.06745008287954529], [-0.24644616801601324, -0.49979989572507744, 0.2871008557270842, 0.5879885689882419, -0.7397867223310723, -0.16023196121904248, 0.3230697838958452, -0.5247185817351172, 0.1648395329863084, 0.08907026821002753, 0.26291102881877526, -0.09968130869861666], [-0.5539066730619701, -0.3903356225684077, -0.513117291872749, 0.11053344261932646, -0.10929139667430865, 0.2592136989465671, -0.05762055720187867, 0.5905974470214597, -0.16072375269664646, 0.6913688220888846, 0.5872387583194667, 0.047654058483878076]], "inverted": true, "swapped": false, "error_lsq": 0.04054092661175173, "error_max": 0.24449823918047953, "target": "211.xyz", "model": "20.xyz", "model_rescale": 4.067790424073018, "target_rescale": 3.7658293992567944},
{"mapping": [2, 6, 3, 12, 4, 13, 11, 5, 0, 7, 9, 14], "R": [[-0.13631508243630483, -0.0959864914114647, 0.9860044582895658], [-0.9698164748553795, 0.21604820356853727, -0.11304503011584743], [-0.20217369611170588, -0.9716531105293311, -0.12253990941406356]], "T": [0.0361816875894736, -0.09867168013614572, 0.12350508371544999], "aligned_model": [[0.43661460821460335, -0.26927357539709085, 0.06637992890613365, -0.011834827995335181, 0.27779226933485923, -0.6012613821138586, -0.4615745624498575, -0.1011087420018858, 0.7000945803634219, 0.5590123823209151, 0.05409338953155912, -0.006628843607574063], [-0.2747037232292211, -0.4397966408380274, 0.33395084074521963, 0.6636062431633817, -0.8278923829348459, -0.19847487431326122, 0.23366078174511148, -0.6138494906771705, 0.10254366409405027, 0.05998920260054427, 0.4517350112610957, -0.0464532307155341], [-0.47848173293674057, -0.4577760412106222, -0.6083902894755909, 0.06316729473589897, -0.10526114660429042, 0.39522030301027616, -0.12108866989627548, 0.3769005894503814, -0.0287778292321636, 0.631578647429051, 0.6719406263889439, 0.1625791817447543]], "inverted": true, "swapped": false, "error_lsq": 0.05056856214834198, "error_max": 0.2974560119704854, "target": "211.xyz", "model": "21.xyz", "model_rescale": 4.186013935880536, "target_rescale": 3.7658293992567944},
{"mapping": [2, 5, 8, 9, 0, 3, 11, 6, 1, 7, 4, 12], "R": [[0.697186999468553, -0.2257973417654917, 0.6804012406100342], [0.3129767935848471, -0.7580077091566338, -0.5722498051869132], [0.6449618705391691, 0.6119149232620085, -0.4578037922951997]], "T": [0.0827372417312027, 0.034200159238389406, 0.05955131063636831], "aligned_model": [[0.21881713063386332, -0.2828622938407981, -0.02011194021647597, 0.3559691830352385, 0.4180249858658134, -0.6757170365264232, -0.45279540348551106, -0.013194019072284888, 0.8019354523399773, 0.5045938346814077, -0.25457502844740265, 0.04222036013848621], [-0.20735238372875098, -0.5051447979083935, 0.42013494254792183, 0.5722747507990918, -0.6045245332993532, -0.44157880661745846, 0.3537315773324507, -0.34942706378184185, -0.09677519859209346, 0.0733598318010321, 0.2040913167070644, 0.025525765641673318], [-0.628077830461752, -0.3575611117448505, -0.5947762216501262, -0.08629381408963402, 0.02211687752911492, 0.2847626295757851, -0.04080025870784693, 0.45131679657870283, 0.032669617411061135, 0.6585732425471164, 0.6800136993186922, 0.07966730709736003]], "inverted": true, "swapped": false, "error_lsq": 0.05213508583528339, "error_max": 0.3170958805153668, "target": "211.xyz", "model": "22.xyz", "model_rescale": 4.166573947596378, "target_rescale": 3.7658293992567944},
{"mapping": [5, 7, 13, 12, 1, 8, 9, 4, 6, 2, 3, 15], "R": [[0.24733487980586968, 0.671594404367623, -0.6984170768627538], [0.8833007740200101, 0.13998609849214885, 0.44741885839177364], [0.39825268341477316, -0.727574634144872, -0.5585964123603807]], "T": [-0.024555039548796946, 0.07827305292314107, 0.06170456976327842], "aligned_model": [[0.3307626904964635, -0.24834911082784372, 0.032549104577664086, 0.3060512458875086, 0.4696067004914704, -0.6996124596292416, -0.4986321601788216, -0.10726714590523584, 0.7328925944914338, 0.4445758448399909, -0.14300634150993227, 0.022734262372434276], [-0.32351899650683913, -0.3764903994822633, 0.14186745364037145, 0.641329366618931, -0.4353082941309045, -0.3153493828258737, 0.4176643692444885, -0.478343448296149, 0.0990418177934003, -0.06140644734275161, 0.10357626761429067, 0.03125309457464234], [-0.5734130893611434, -0.4427714590694921, -0.7806184133119461, 0.006492008995521874, 0.07342785879275876, 0.27012241422610905, 0.20493021126263486, 0.5341347671438769, -0.008647203913611796, 0.5234567648930427, 0.6505642206191253, 0.04393285312674712]], "inverted": false, "swapped": false, "error_lsq": 0.049630676193345984, "error_max": 0.2848436355454274, "target": "211.xyz", "model": "23.xyz", "model_rescale": 4.274766983524099, "target_rescale": 3.7658293992567944},
{"mapping": [10, 6, 5, 7, 1, 4, 9, 0, 8, 2, 11], "R": [[-0.35411183804117247, -0.931002438138096, 0.08853963146537075], [0.7192413262309413, -0.21060346558525728, 0.6620710648601374], [-0.5977430223772249, 0.29812856365065155, 0.7441926086269202]], "T": [0.037853671098687286, 0.15679258781102037, -0.0004132456198016124], "aligned_model": [[0.17537204134145828, 0.1543321809108339, -0.5659231757696218, -0.4679756158608672, -0.4100035593702742, -0.46644542412503964, 0.1466375323959226, -0.09805806487874294, 0.4623365766749109, 0.3966032436410106, 0.053018968998484566], [-0.06053538326736635, 0.5819269985708772, 0.4016633284614227, -0.2319954899487616, 0.5553292590401218, -0.3023679761499668, -0.6354835811735421, 0.18069111963518528, -0.2787369590268004, 0.5704672244657183, 0.13462799063659525], [-0.5878523457129964, -0.3263716359688739, -0.6517269873863996, -0.2600369162968502, 0.21299548490963763, 0.4289709718906803, -0.1194613492486557, 0.7628801960443202, 0.5277044356952737, 0.39983340702921477, -0.007368826933773203]], "inverted": true, "swapped": true, "error_lsq": 0.05956875352664774, "error_max": 0.3172789337615218, "target": "211.xyz", "model": "24.xyz", "model_rescale": 3.7841303162186577, "target_rescale": 3.7658293992567944},
{"mapping": [3, 11, 6, 1, 12, 10, 7, 9, 4, 2, 8, 15], "R": [[0.3754044127598306, 0.8261291386961952, -0.42021681674765193], [-0.3023540852689298, 0.5377274337793017, 0.7870395251080571], [0.8761583954980036, -0.16840383949960827, 0.45164877154726624]], "T": [-0.027961194408058866, -0.07686826648280189, 0.09177328560141834], "aligned_model": [[0.4277874867288185, -0.40196294719052544, 0.09490604066609351, 0.1661390711798455, 0.37015842883333616, -0.7493509567741863, -0.5548621729630873, 0.0016152898505574914, 0.6062320708915772, 0.5816542212910886, 0.11024036657839614, -0.01025167398602361], [-0.2857390199723458, -0.3018767965493978, 0.22853158110992666, 0.6262330862158206, -0.7147493622302141, -0.27245930599229656, 0.21158726173034859, -0.41363074701601066, 0.25367204080289607, -0.10555547209505711, 0.2781130120224261, -0.05981087712475325], [-0.5388359718725411, -0.5398289780705849, -0.5513915671996348, 0.23672144369691134, 0.19066908786999948, 0.30763449400657944, -0.1571731486797041, 0.5691169477675183, -0.1209386096146628, 0.5348749862338327, 0.5438201903475564, 0.02694205891835283]], "inverted": true, "swapped": false, "error_lsq": 0.04331099273266072, "error_max": 0.25842362540849656, "target": "211.xyz", "model": "25.xyz", "model_rescale": 4.19342608120988, "target_rescale": 3.7658293992567944},
{"mapping": [8, 10, 6, 4, 1, 7, 3, 9, 2, 0, 5, 11], "R": [[-0.2915620925071526, 0.8753025737727185, 0.3857939223986111], [0.8735721290695411, 0.07934228220559858, 0.4801838580870005], [0.38969639660350985, 0.47702222862384736, -0.7877731347748399]], "T": [0.04652329217611348, -0.09753927685769634, 0.06540270040812479], "aligned_model": [[0.39135770894364985, -0.22811313366660882, -0.07660276044716799, 0.2715452028132976, 0.4017895025910908, -0.8122155311571547, -0.4503234267412496, -0.11942223265534205, 0.8368177304111544, 0.5175130055416143, -0.14201811964180952, 0.051977279114416484], [-0.3515856800493439, -0.42981991949109744, 0.3541176925078344, 0.639515193633482, -0.5061167948764613, -0.24210623343864277, 0.3314171488220973, -0.6372885744174477, 0.06778082018656245, 0.07897280490711722, 0.12449102221488689, 0.014937920902355725], [-0.5698813036804966, -0.3943800816974672, -0.6105720921606981, 0.04429397238147542, 0.1034499724760964, 0.2706565630876697, 0.052883450902744364, 0.5461149675744417, -0.1555709816289898, 0.5663280775666195, 0.6406544402928834, 0.007633948289343731]], "inverted": true, "swapped": false, "error_lsq": 0.037813066702609685, "error_max": 0.20236518032417847, "target": "211.xyz", "model": "26.xyz", "model_rescale": 3.795458400668931, "target_rescale": 3.7658293992567944},
{"mapping": [2, 9, 3, 7, 1, 11, 10, 8, 0, 6, 5, 12], "R": [[-0.2035865460804227, 0.977432248251235, 0.05638012356832928], [0.8464963727335262, 0.1467951965872965, 0.5117568379688542], [0.4919313053710112, 0.15191237716997624, -0.8572783797918502]], "T": [-0.05682997201435492, -0.15555811788922688, -0.003542211168699773], "aligned_model": [[0.442926358943954, -0.1191779881931245, 0.05196858971950156, 0.12054210499193588, 0.35659823141631863, -0.7344915631147905, -0.48412561234993334, -0.11746602190711075, 0.6551497143411361, 0.4805624601329531, -0.013319781094882167, 0.0031387322199323275], [-0.4412771684477472, -0.3724462250895434, 0.32119086248267426, 0.6332936937134849, -0.5613381342516706, -0.33085615686149056, 0.3988848687205445, -0.4605324951539781, 0.13787760519630718, -0.1242124838461702, 0.25091217765755514, -0.00718114321862337], [-0.6694574818407495, -0.36884559734113065, -0.5566695396626494, 0.07683231376930535, 0.11800148253940504, 0.14349505354007766, 0.12949101347340483, 0.6552943457796473, -0.316996505647688, 0.6220884984141224, 0.628715038694437, 0.0396623116854406]], "inverted": true, "swapped": false, "error_lsq": 0.04703707626772604, "error_max": 0.23725378511396295, "target": "211.xyz", "model": "27.xyz", "model_rescale": 3.6321398670334006, "target_rescale": 3.7658293992567944},
{"mapping": [6, 9, 13, 1, 12, 10, 11, 8, 4, 7, 0, 14], "R": [[-0.6120817326788308, 0.4893833761162872, -0.6211761937662335], [0.633410727200358, 0.7736778797876067, -0.014607840184902743], [0.4734414464201402, -0.402400856744091, -0.783534777341266]], "T": [0.021578131964103978, 0.02033633138810955, 0.15067845885271433], "aligned_model": [[0.4058966541808601, -0.29311152395690676, -0.08025856134923597, 0.3411309990615296, 0.3640912540009146, -0.6743586200001623, -0.5174461981529953, 0.013971684796794712, 0.7965536753884845, 0.6406800260598007, -0.3857840312430348, 0.030939866319841303], [-0.20318340206500132, -0.35279139681526395, 0.2481863948295484, 0.6002173336288367, -0.7272281935522356, -0.28247279499073746, 0.24091186068476822, -0.3667951935666576, 0.21455153450777972, -0.2659353154053406, 0.2732140040663283, 0.06564056957931802], [-0.4866955595846122, -0.305740515470587, -0.6266187612624659, 0.05638538107703914, 0.06499431129166927, 0.31994246342460597, -0.12010751537051692, 0.49287860517391413, -0.0687768084121716, 0.5189837302963138, 0.5500788154723532, 0.10628678676808098]], "inverted": true, "swapped": false, "error_lsq": 0.04588667121411193, "error_max": 0.2710664355894063, "target": "211.xyz", "model": "28.xyz", "model_rescale": 4.156811204709835, "target_rescale": 3.7658293992567944},
{"mapping": [0, 8, 4, 9, 3, 2, 1, 6, 10, 11], "R": [[-0.4387532392933338, 0.026029228758862766, -0.8982305240080776], [0.7697199821615115, 0.5267010524744942, -0.3607175493146169], [0.4637097627513243, -0.8496519761481636, -0.2511270104083423]], "T": [-0.16664355884153703, 0.13127554832689747, 0.033560279297061305], "aligned_model": [[-0.4996649240768508, 0.04367507944465937, 0.0567236760867357, 0.6119251320891358, 0.04577117088241936, -0.6864222749061505, -0.6397423524473489, -0.4200736550395707, 0.2735260323040619, -0.14279251022650308], [-0.19205331644704693, -0.5967481414324852, 0.19311778226535775, -0.048675626316190934, -0.32889200513360073, -0.29829286626742607, 0.4465446537132124, 0.3116520962165964, 0.31339002532754695, 0.1186777287002407], [-0.5879018944416222, -0.23943713122431387, -0.7383201671773452, -0.08955054737666591, 0.5718682724097277, 0.10654251875694402, -0.2523309345265299, 0.4849945159380119, 0.4628765890071337, 0.040045505609759224]], "inverted": true, "swapped": true, "error_lsq": 0.057551250025062936, "error_max": 0.2269161753858429, "target": "211.xyz", "model": "29.xyz", "model_rescale": 4.117894457231895, "target_rescale": 3.7658293992567944},
