[{"mapping": [7, 4, 6, 2, 9, 8, 12, 5, 1, 11, 3, 0, 13], "R": [[0.8733853991521591, 0.24612614815875206, -0.42026166104030915], [-0.04345799083112456, -0.8200812519332671, -0.5705945524279803], [-0.4850869484749569, 0.5166126783385221, -0.7055508436669559]], "T": [0.1694069595723948, 0.10479998255190841, 0.06908977020118029], "aligned_model": [[-0.06760276631394452, -0.6266255449599171, -0.37027432007233696, -0.5373038631342613, 0.08519103216943, 0.0013660913596716673, 0.5855160416619518, 0.4684953105603563, 0.4513867909356929, 0.5717823487674397, -0.163052847330074, 0.0075669889555903536, 0.15927760228487678], [-0.592762970843862, -0.41695959874140204, 0.04818167601571287, 0.2862612030060162, -0.24054048590928956, -0.53696396502338, 0.117871659398925, 0.24149038688900232, 0.59966531721039, -0.394480169621633, 0.4575347972515514, 0.5046000538178448, -0.05530694897359646], [-0.10010478751425417, 0.15571204024603902, 0.6076849502331327, -0.1735826096657722, -0.5715277523338229, 0.48198253330753055, -0.3331566356753661, 0.7504583577564485, -0.02386069338371402, 0.3445443338936014, 0.264663114731855, -0.5707384579250339, 0.040752006460399365]], "inverted": false, "swapped": false, "error_lsq": 0.04373911397480575, "error_max": 0.25147671872959043, "target": "212.xyz", "model": "0.xyz", "model_rescale": 3.8414455957264533, "target_rescale": 3.8112298155745967},
{"mapping": [1, 0, 7, 13, 12, 4, 10, 2, 6, 3, 9, 8, 14], "R": [[0.5095263137813075, -0.570923404010473, -0.6437619143111271], [0.7913289706705683, 0.01710748650446533, 0.61115120394462], [-0.33790737745999483, -0.8208250731176491, 0.4605049441640283]], "T": [0.043949494775808916, 0.00894702166889772, 0.07801315343802198], "aligned_model": [[0.0987266911336552, -0.5076609098980446, -0.3481741412319423, -0.6161317311570638, 0.04050343689614002, 0.08967644415156878, 0.5742308373555414, 0.38256778196624475, 0.5765211833446939, 0.49938043851525404, -0.2813613627719148, -0.01973409590603522, 0.07717829248637814], [-0.8350317837202802, -0.403653922231323, 0.13605968066110932, 0.181791527605466, -0.042634632214390476, -0.29963830782284084, 0.03433433262488179, 0.21661723449783268, 0.5718758528061372, -0.6121320676252128, 0.588226137196091, 0.5464551458827281, -0.06367824318391901], [-0.10418763136207657, 0.3038533448463744, 0.5710004029111824, -0.2525387374623771, -0.6833126648125004, 0.5235480851453491, -0.35388785670741696, 0.699958059279553, 0.1755103400281509, 0.2202112630114362, 0.23331361148318897, -0.49760113945485596, 0.036959323225035104]], "inverted": false, "swapped": false, "error_lsq": 0.03844717210810314, "error_max": 0.18828411676826398, "target": "212.xyz", "model": "1.xyz", "model_rescale": 4.316132596720782, "target_rescale": 3.8112298155745967},
{"mapping": [3, 2, 1, 6, 0, 11, 9, 8, 5, 10, 7, 12], "R": [[-0.26082470387473905, 0.11755507812656874, 0.9582021067892259], [0.9552023204106097, 0.17521545570959446, 0.2385122033831108], [-0.13985349810012604, 0.9774867506453147, -0.15798940275228132]], "T": [-0.14801180642439196, -0.07100516294430964, -0.037381709431549434], "aligned_model": [[-0.18653289387336683, 0.6129383599059701, 0.07499508370581112, -0.6060757125755011, -0.4575147647136073, -0.46196324000011535, -0.058245107741932256, -0.18333166084099767, 0.3644539678007521, 0.2689543674453533, 0.3473885138047186, -0.11725835828530423], [-0.6863782992330061, -0.2904159459790352, -0.5950331651438558, 0.3897794393061162, -0.19946520157539316, -0.10112831510693616, 0.46943455444463406, 0.6422615032255636, -0.02856297039628211, -0.035789035574132017, 0.503554593101601, -0.0554807293282938], [0.23752572247106962, 0.030353396698712953, -0.4272497239229269, -0.03282651862790152, -0.6994535577169825, 0.48141124802308793, -0.6181653357255265, 0.49403798114418945, -0.531014019006497, 0.628480397594452, 0.007878317182661701, -0.12171944690491822]], "inverted": false, "swapped": true, "error_lsq": 0.04247135260806365, "error_max": 0.2708811773371212, "target": "212.xyz", "model": "2.xyz", "model_rescale": 3.795458400668931, "target_rescale": 3.8112298155745967},
{"mapping": [9, 5, 0, 3, 6, 11, 1, 7, 2, 10, 4, 12], "R": [[0.14698450950666056, 0.865317115477956, 0.47918873486967184], [0.25902281561651913, 0.4338729367741134, -0.8629376893641263], [-0.9546217758647544, 0.2509592883236572, -0.16036427485230736]], "T": [0.06212534530837831, 0.08971868337975299, 0.0773481631115786], "aligned_model": [[-0.10672158649593867, -0.02285706973949954, -0.6480695083632074, -0.0019722604055420895, 0.013401882697824538, 0.2747054953265476, -0.32649549100592834, 0.5883688784340594, 0.42137973959125463, 0.7934297656001408, -0.41315185419383915, 0.02128583429769363], [-0.2268819850797429, -0.5962847484686067, -0.011416246804408572, 0.1939391131185862, 0.5326459567633328, 0.6229288383683873, -0.3643811234962129, -0.23680870716473162, -0.5423843636903932, 0.09123615588216312, 0.6017807962999779, 0.02139535956135788], [-0.63588216381391, -0.09664220197126311, -0.11246277103607474, 0.7412545316050034, -0.3955230627385236, 0.2751249314142365, 0.422459304391921, -0.3631475435955024, 0.3985277235223794, 0.3665969375092714, 0.055431173117765936, 0.03303457223379701]], "inverted": false, "swapped": true, "error_lsq": 0.05158580993845918, "error_max": 0.258235189052959, "target": "212.xyz", "model": "3.xyz", "model_rescale": 3.7530521520055578, "target_rescale": 3.8112298155745967},
{"mapping": [4, 3, 1, 2, 0, 10, 6, 11, 8, 7, 12], "R": [[0.041940787239913846, 0.598509774436281, -0.8000168874904634], [0.15918408973416434, -0.7944961465859691, -0.5860343834926004], [-0.9863576409909349, -0.10277121661379152, -0.12859502748753288]], "T": [-0.010412210697876595, -0.11222260513467261, -0.0011929760956374547], "aligned_model": [[-0.43035474226615844, -0.25985312947707884, 0.39832165948955256, 0.46984186921607396, 0.23195976610596025, -0.18374323111725657, -0.31640779543160535, -0.5998496495633356, -0.37761226577204354, 0.33434375863142074, 0.07155336262967595], [-0.6705155986023117, -0.02299806175773514, -0.2987815992115047, 0.43773554721774877, -0.8116944807213703, 0.6529340533252636, -0.36953849820332174, 0.0317161159180496, 0.32904817156044375, 0.33769781856601, -0.14840010977692622], [-0.02429236851946713, -0.6221279775709094, -0.5250888187484373, -0.31532088211436543, -0.05245812147134828, -0.055644392297924526, 0.5109798217475316, -0.02273804259422977, 0.679136310283486, 0.5050715738272025, 0.015313674703778049]], "inverted": true, "swapped": true, "error_lsq": 0.04537369835670442, "error_max": 0.25444058082210497, "target": "212.xyz", "model": "4.xyz", "model_rescale": 3.7855080009869324, "target_rescale": 3.8112298155745967},
{"mapping": [2, 14, 13, 15, 3, 12, 5, 6, 7, 1, 8, 10, 16], "R": [[0.9297615675373033, 0.021297496230557923, 0.36754570353207255], [0.07676555325122875, -0.9875971205161335, -0.13696341621861943], [0.36007010062571093, 0.15555816983543932, -0.9198647609474119]], "T": [0.0952634060331134, -0.02412871692817463, 0.10518746056972268], "aligned_model": [[0.026186321661292505, -0.45410930265692834, -0.3134195095067364, -0.6584706372905866, 0.18021639167368117, -0.1146007011500979, 0.6503396116829157, 0.3606043327561608, 0.5399189132653395, 0.5451718970920012, -0.22943352941719736, -0.023160465170787015, 0.056479541945418384], [-0.6757371048533932, -0.41568106862411475, 0.1285778417386027, 0.2740494044759741, -0.2608781724181922, -0.4924281712884706, 0.13695025318415277, 0.3241246978759748, 0.5723625694285059, -0.5741654646837647, 0.5884856808479405, 0.469106353580793, -0.056175864787729124], [-0.23601710091631295, 0.05445501177395971, 0.6835702234192016, -0.04412063209994958, -0.5422299403048398, 0.5520855927790613, -0.46142282518961114, 0.5893267171374648, 0.01659233054265545, 0.36623508990379283, 0.22595738112200575, -0.4179370236817605, 0.08633157564537583]], "inverted": true, "swapped": false, "error_lsq": 0.036850427047903624, "error_max": 0.2216377784780191, "target": "212.xyz", "model": "5.xyz", "model_rescale": 4.2253639853439635, "target_rescale": 3.8112298155745967},
{"mapping": [7, 3, 2, 4, 0, 6, 9, 5, 8, 11, 10, 1, 13], "R": [[0.23067014632908533, 0.9057623358024663, 0.3555079107898711], [-0.7571059808407278, 0.39657643829778966, -0.5191509051925454], [-0.6112133975688999, -0.14940455022756174, 0.7772364267091334]], "T": [0.10584549768288615, 0.002285728135759007, 0.04143210355588022], "aligned_model": [[0.0010209022849647642, -0.4400596611916992, -0.35976817255963445, -0.5541944036143296, -0.039265093668212125, 0.005003825117617489, 0.49797265571939564, 0.21025006115464234, 0.6385262183245237, 0.6706953015599906, -0.05495787391961374, -0.06646017122299058, 0.05695927689982103], [-0.7647104549318414, -0.4495666097203118, 0.10360564344279943, 0.19469893302815094, -0.2886823216754536, -0.4791091662336106, 0.0927346589079476, 0.18405837423106555, 0.512248263720063, -0.29908301206672183, 0.6962345668605218, 0.5496912648293931, -0.03352918591572258], [-0.13211868263163895, 0.07018092938336476, 0.513777101288148, -0.1266030102897861, -0.6916048393012952, 0.45592924573233945, -0.4175359893849704, 0.6387591987963919, 0.08675690643271902, 0.4837841921707697, 0.35937826142378193, -0.4161306973997038, 0.048253783910922714]], "inverted": false, "swapped": false, "error_lsq": 0.04102908810124929, "error_max": 0.2596210056479092, "target": "212.xyz", "model": "6.xyz", "model_rescale": 3.89814844738969, "target_rescale": 3.8112298155745967},
{"mapping": [5, 10, 4, 11, 9, 2, 6, 0, 3, 1, 7, 8, 12], "R": [[0.5142448424307622, 0.35911165725363386, 0.7788395596385107], [-0.011852990561870919, 0.9110049569170713, -0.4122250296710108], [-0.8575615130403773, 0.2027530174795782, 0.47273614760754773]], "T": [0.0126347928555628, 0.08235722393435918, 0.12387058393359432], "aligned_model": [[0.30656949549289786, -0.4306535899815502, -0.4549061147939296, -0.6691799832315191, -0.1198050956306976, -0.09682397026436362, 0.5604744067222042, 0.477012403000789, 0.5724489611008731, 0.5891050815144803, -0.05915427061004249, -0.006373735291374576, -0.10299072314329144], [-0.5719690466168396, -0.4984294331988478, 0.08272028196481286, 0.33665164223785976, -0.3479271658917243, -0.44696585199767724, 0.048836879992043336, 0.1413626808652537, 0.6556710345121869, -0.4782560891982829, 0.6821612828458633, 0.4488055741247009, -0.034070835163069094], [-0.17283824012947427, 0.05255486624234275, 0.5676060414388846, -0.23081706619256462, -0.647660944161244, 0.5814552263584357, -0.2712547063835614, 0.48702644402192263, 0.02237522294377553, 0.3850052837836663, 0.3814673634669812, -0.44449642321512983, 0.1624033319570083]], "inverted": true, "swapped": false, "error_lsq": 0.042826196230929856, "error_max": 0.2932064632927959, "target": "212.xyz", "model": "7.xyz", "model_rescale": 3.7474275329858107, "target_rescale": 3.8112298155745967},
{"mapping": [2, 4, 9, 13, 1, 8, 0, 7, 10, 3, 11, 12, 14], "R": [[0.8838913200595379, 0.17747415383220191, 0.43271128832623706], [0.4108030655475099, -0.7368544992537909, -0.5369229816893794], [0.2235553078327066, 0.6523406867971592, -0.7242062224869618]], "T": [0.10294819175919351, 0.03196889085225759, 0.07219975643150356], "aligned_model": [[-0.05014315939247768, -0.5349657371233969, -0.16434747430152102, -0.7254706756987481, 0.2358699923134997, -0.13255808901886224, 0.687912400090319, 0.3586337098960404, 0.5230278800558249, 0.5622462702234647, -0.13473260970716164, -0.12317376570127506, 0.06342412324876925], [-0.7369333585768206, -0.42105387219655366, 0.18714376351603904, 0.15601825490853413, -0.24619889867639158, -0.47842815286549917, -0.028800367614003404, 0.39858517483549566, 0.6624150992046317, -0.49287915158317813, 0.5575564000323691, 0.4592623732495, 0.0019036902421566484], [-0.23429961530570792, 0.08007638913361373, 0.768485779476155, -0.2540605139194901, -0.6131879410478129, 0.4585182329955769, -0.22501600664973342, 0.5861015447699283, 0.03567588009037145, 0.23867601436437363, 0.3040306482428071, -0.3111170303838394, 0.03894301836480088]], "inverted": true, "swapped": false, "error_lsq": 0.04248923135748413, "error_max": 0.2819062337944813, "target": "212.xyz", "model": "8.xyz", "model_rescale": 4.019505241142653, "target_rescale": 3.8112298155745967},
{"mapping": [10, 9, 8, 7, 1, 11, 2, 5, 3, 6, 4, 0, 12], "R": [[-0.39001964380141546, -0.466406235398335, 0.7939457796541084], [-0.27836963610416626, 0.8816067177533835, 0.38115605846862766], [-0.8777214952046298, -0.07235204761206707, -0.47367727205565835]], "T": [0.07832096244081976, -0.06375265167668126, 0.0443295565194528], "aligned_model": [[0.2045184286150494, -0.4890780176472588, -0.475689700325179, -0.656756222715, -0.06958449386778004, -0.04146045572003387, 0.5654826246844304, 0.4120788588432267, 0.5636035631262306, 0.6435441694922067, -0.11057305004322168, -0.06594665482000711, 0.08558381526181186], [-0.928487714444959, -0.43887019084904083, 0.03215049123931224, 0.4446266549750973, -0.3208723336545322, -0.33272598008530724, 0.11623711912517232, 0.18227720375874748, 0.6428472262970146, -0.48391861173375317, 0.7207665247183215, 0.4409772596427544, -0.05641669451254837], [-0.22859392903672887, 0.1127787393540505, 0.4185109351401896, -0.099878635020936, -0.5625631418254111, 0.5925587827206373, -0.2389536224082705, 0.5721549973286464, 0.10497786780120932, 0.22334109298222157, 0.2352310629548553, -0.33918139417224236, 0.08244364431282228]], "inverted": true, "swapped": false, "error_lsq": 0.04612037324034501, "error_max": 0.3176911037491187, "target": "212.xyz", "model": "9.xyz", "model_rescale": 3.877068213659057, "target_rescale": 3.8112298155745967},
{"mapping": [11, 0, 7, 5, 12, 8, 6, 2, 13, 9, 4, 3, 15], "R": [[0.03239259594439827, -0.478836129883406, -0.8773064917383575], [0.01722581681713932, 0.877904214519911, -0.47852634343697364], [0.9993267688613996, 0.00038838957253214956, 0.036685939957627284]], "T": [0.13653405376536704, 0.015751058773989163, 0.05249175153663438], "aligned_model": [[0.10571091107421476, -0.4417371732188437, -0.2829278707847095, -0.5516542766302637, -0.09353358103428283, -0.09133918336414712, 0.4320690111087793, 0.3927676636127014, 0.6962247044349039, 0.5054276467539272, -0.1401964224450738, -0.03799131558214516, 0.07290275095941512], [-0.7043654414864926, -0.49808422758066173, 0.16669187895232784, 0.16979806429828878, -0.24614559996280036, -0.49570172439802385, 0.12492871350534315, 0.2365653859832146, 0.5490209843515778, -0.32673968016608346, 0.5815259741741733, 0.5035532831199707, -0.04245665631455434], [-0.10605614719097561, -0.13550219031469046, 0.7362717834719377, -0.28464588243323274, -0.608321564970933, 0.5833521608664465, -0.47764398940169966, 0.6234039409609329, 0.04965309142054984, 0.47941436125873205, 0.30030149384961935, -0.3140477798995425, 0.02664712251389889]], "inverted": true, "swapped": false, "error_lsq": 0.04426865795322053, "error_max": 0.29702047001150284, "target": "212.xyz", "model": "10.xyz", "model_rescale": 4.260839863003843, "target_rescale": 3.8112298155745967},
{"mapping": [0, 5, 7, 9, 8, 6, 4, 1, 2, 10, 11, 12], "R": [[0.8767394604114527, 0.4545173320233707, 0.15729562437586186], [0.0027251524135231686, -0.3317305020241364, 0.9433702600628969], [0.48095789015438584, -0.8266612782253514, -0.2920798503510132]], "T": [0.0921280380563391, 0.10497152661887196, -0.010228451260071141], "aligned_model": [[0.40368353733872153, 0.21069859164905408, -0.45764266557533795, -0.24919721451132007, -0.7473712279550151, -0.36033106834068285, 0.21196856371491732, 0.7135640669370618, 0.3001378490559049, -0.1289047020502401, -0.04080238730763827, 0.10309530613870496], [0.08061178125998678, -0.5789376731030158, -0.39910897228198183, -0.3393126080286957, 0.2663346889044451, 0.42490707724200083, 0.6685788559566873, -0.18361869633519032, -0.4833941487420348, 0.05405687481947852, 0.6271486452615813, 0.03581268057967271], [-0.6832611166485504, -0.17241537081045108, 0.1355243690075239, -0.579044281344868, 0.237978375681307, -0.34947429432765637, -0.40590686238703144, -0.09309843426069268, 0.48204387432570056, 0.742782529659037, 0.2695564633145781, -0.06850717481339179]], "inverted": true, "swapped": true, "error_lsq": 0.041380045682044446, "error_max": 0.22806027711075677, "target": "212.xyz", "model": "11.xyz", "model_rescale": 3.890672605050136, "target_rescale": 3.8112298155745967},
{"mapping": [5, 12, 4, 10, 9, 7, 6, 0, 1, 8, 2, 11, 13], "R": [[-0.24173261423944245, -0.5975114015955748, -0.7645557325507781], [0.33692249918196004, 0.6872169918746078, -0.643596174339001], [0.9099717428348792, -0.41317421391237297, 0.0351922747196822]], "T": [0.1519494154766025, 0.02496304000748736, 0.04526565349290884], "aligned_model": [[0.04672105400461324, -0.48778320303530426, -0.23903039060924364, -0.7067487406482909, 0.025159363066221407, -0.15095381086295012, 0.6280306497857138, 0.45589726278534576, 0.5903508454954559, 0.6615152319262296, -0.2598261331509931, -0.03804603463372658, 0.04043677076140437], [-0.7195930260068235, -0.3566902502474099, 0.2643970221156733, 0.2420344408324324, -0.28034093433208046, -0.650006102364103, 0.09289394101657758, 0.2381320860012158, 0.6525648334403993, -0.4092559340546652, 0.598715196972321, 0.3959750493710504, -0.050235368268307726], [-0.15356955047830229, 0.030599720362583883, 0.5752309384597947, -0.07744534053031026, -0.6593861625720461, 0.4690939944467093, -0.27220937697147857, 0.5044706226447249, 0.18389633345753764, 0.3117006495211511, 0.12780954240863535, -0.3139195100935582, 0.14655453947560132]], "inverted": false, "swapped": false, "error_lsq": 0.04536769474693915, "error_max": 0.2889853656454917, "target": "212.xyz", "model": "12.xyz", "model_rescale": 4.124412569039231, "target_rescale": 3.8112298155745967},
{"mapping": [3, 0, 4, 1, 6, 5, 9, 10, 11, 7, 2, 8, 12], "R": [[0.1361237972769732, -0.11005168419060762, -0.9845602767843668], [0.6121437289804488, 0.7907376132059987, -0.003752616579396628], [0.7789418250965915, -0.6021815788182928, 0.17500565490034822]], "T": [0.03694907012240934, -0.14492928916491357, 0.048281887804731964], "aligned_model": [[-0.016574556083691946, -0.4050538903367639, -0.43384406974138795, -0.6117748197780695, -0.06164712821037136, 0.02760129380404499, 0.5611123496886801, 0.39837622523403504, 0.5228472914438402, 0.5480046057687518, -0.17437996222604743, 0.15146467633664396, 0.059590848984811415], [-0.7187042265858535, -0.5016528143226895, 0.10387011388794976, 0.22139278428755918, -0.08260116990978252, -0.5169401480055201, -0.16983017004082585, 0.275855832450134, 0.7230729175283744, -0.3752861113914385, 0.6698098623756323, 0.4410978700281388, -0.0514937858253986], [-0.3720405103508659, 0.16723188964736185, 0.6268395186828087, -0.28009252058088785, -0.6105100444534892, 0.7080291265672665, -0.3167853313293988, 0.5350261381794413, 0.08034353200379785, 0.32905875375876925, 0.23249825157998877, -0.34965587808328963, 0.12288347450954032]], "inverted": false, "swapped": false, "error_lsq": 0.03749386605849678, "error_max": 0.20159927788075394, "target": "212.xyz", "model": "13.xyz", "model_rescale": 3.9028299243045295, "target_rescale": 3.8112298155745967},
{"mapping": [7, 9, 1, 14, 10, 6, 4, 2, 8, 3, 12, 13, 15], "R": [[-0.10241316049825297, 0.9234870163567754, 0.3697070126156928], [-0.9279186211232779, -0.22261226922173308, 0.2990164045075549], [0.35843908426597976, -0.3124348063395172, 0.8797192248997147]], "T": [0.13141509965619377, 0.06498216081437143, 0.11885690971505364], "aligned_model": [[-0.010782301547192341, -0.4448168982629799, -0.20885583674831867, -0.6322408358247023, -0.017805737737057598, -0.0368335772621963, 0.5947399346846352, 0.4586821322938457, 0.5800102640440036, 0.514215183692684, -0.15648079489843467, -0.14152498991900667, 0.06741632236919542], [-0.7461821913945598, -0.4521974428398819, 0.08992109061120114, 0.10261399721155838, -0.15893243435614207, -0.42564087472862694, -0.16517464294456424, 0.25564342604684326, 0.6873631307598105, -0.3987959635275987, 0.6971046778963065, 0.5600558016866446, -0.027187619944711097], [-0.25852916399943676, 0.08242342783685214, 0.6718419866943435, -0.3266361989601823, -0.5760876908152739, 0.537652423013635, -0.31900290439449325, 0.7502793838512565, 0.2078033334502014, 0.2833664604458582, 0.16101573153771925, -0.44065819232544284, 0.09935780379600645]], "inverted": true, "swapped": false, "error_lsq": 0.03847822542553935, "error_max": 0.21052948450902428, "target": "212.xyz", "model": "14.xyz", "model_rescale": 3.942246331269136, "target_rescale": 3.8112298155745967},
{"mapping": [9, 2, 1, 0, 6, 5, 11, 3, 13, 10, 12, 8, 14], "R": [[0.7201102456276511, -0.0694126555443993, 0.6903789665048892], [-0.5861327266028381, -0.5933425302106656, 0.5517182873970451], [0.37133497134959836, -0.801951697481513, -0.4679570642263168]], "T": [0.13205517750744397, -0.03662030420008444, 0.05581799199847892], "aligned_model": [[0.07337220029202296, -0.5553948493434483, -0.34688178231107814, -0.5683904833467972, 0.19324015060592745, -0.18908544102734978, 0.6204448124288452, 0.21117534648636313, 0.5223979656759997, 0.6918715371591381, -0.016889482545328488, -0.11047789899520127, 0.04034078980538219], [-0.8158542478331839, -0.3651235489963438, 0.2219421697401755, 0.1189825125895681, -0.22765914940314433, -0.3520979432701751, 0.17147806210932373, 0.08495223433939442, 0.6764560733282218, -0.47851515073216594, 0.684913587271753, 0.3048980267028807, -0.005781671370024933], [-0.13786493292652222, 0.10214290301321222, 0.6561564560088257, -0.10505811706016521, -0.46624517278988276, 0.5031681016027643, -0.42613808390185237, 0.7597413168247421, 0.06500679176901186, 0.03751214271811766, 0.4097679741457015, -0.5948615472120347, 0.06949856793912526]], "inverted": false, "swapped": false, "error_lsq": 0.05335221422651278, "error_max": 0.29426148101185506, "target": "212.xyz", "model": "15.xyz", "model_rescale": 4.355366556412066, "target_rescale": 3.8112298155745967},
{"mapping": [3, 2, 1, 6, 0, 11, 9, 8, 5, 10, 7, 12], "R": [[-0.26082470387473905, 0.11755507812656874, 0.9582021067892259], [0.9552023204106097, 0.17521545570959446, 0.2385122033831108], [-0.13985349810012604, 0.9774867506453147, -0.15798940275228132]], "T": [-0.14801180642439196, -0.07100516294430964, -0.037381709431549434], "aligned_model": [[-0.18653289387336683, 0.6129383599059701, 0.07499508370581112, -0.6060757125755011, -0.4575147647136073, -0.46196324000011535, -0.058245107741932256, -0.18333166084099767, 0.3644539678007521, 0.2689543674453533, 0.3473885138047186, -0.11725835828530423], [-0.6863782992330061, -0.2904159459790352, -0.5950331651438558, 0.3897794393061162, -0.19946520157539316, -0.10112831510693616, 0.46943455444463406, 0.6422615032255636, -0.02856297039628211, -0.035789035574132017, 0.503554593101601, -0.0554807293282938], [0.23752572247106962, 0.030353396698712953, -0.4272497239229269, -0.03282651862790152, -0.6994535577169825, 0.48141124802308793, -0.6181653357255265, 0.49403798114418945, -0.531014019006497, 0.628480397594452, 0.007878317182661701, -0.12171944690491822]], "inverted": false, "swapped": true, "error_lsq": 0.04247135260806365, "error_max": 0.2708811773371212, "target": "212.xyz", "model": "16.xyz", "model_rescale": 3.795458400668931, "target_rescale": 3.8112298155745967},
{"mapping": [5, 10, 4, 11, 9, 2, 6, 0, 3, 1, 7, 8, 12], "R": [[0.5142448424307622, 0.35911165725363386, 0.7788395596385107], [-0.011852990561870919, 0.9110049569170713, -0.4122250296710108], [-0.8575615130403773, 0.2027530174795782, 0.47273614760754773]], "T": [0.0126347928555628, 0.08235722393435918, 0.12387058393359432], "aligned_model": [[0.30656949549289786, -0.4306535899815502, -0.4549061147939296, -0.6691799832315191, -0.1198050956306976, -0.09682397026436362, 0.5604744067222042, 0.477012403000789, 0.5724489611008731, 0.5891050815144803, -0.05915427061004249, -0.006373735291374576, -0.10299072314329144], [-0.5719690466168396, -0.4984294331988478, 0.08272028196481286, 0.33665164223785976, -0.3479271658917243, -0.44696585199767724, 0.048836879992043336, 0.1413626808652537, 0.6556710345121869, -0.4782560891982829, 0.6821612828458633, 0.4488055741247009, -0.034070835163069094], [-0.17283824012947427, 0.05255486624234275, 0.5676060414388846, -0.23081706619256462, -0.647660944161244, 0.5814552263584357, -0.2712547063835614, 0.48702644402192263, 0.02237522294377553, 0.3850052837836663, 0.3814673634669812, -0.44449642321512983, 0.1624033319570083]], "inverted": true, "swapped": false, "error_lsq": 0.042826196230929856, "error_max": 0.2932064632927959, "target": "212.xyz", "model": "17.xyz", "model_rescale": 3.7474275329858107, "target_rescale": 3.8112298155745967},
{"mapping": [7, 11, 3, 10, 12, 1, 9, 0, 4, 2, 8, 5, 13], "R": [[0.9346682319875046, -0.1866636824064084, 0.30257555384371687], [-0.24377805729965904, -0.9559880631852338, 0.1632760907988364], [0.2587809013288204, -0.2263702558151693, -0.939036182683936]], "T": [0.0554359251479346, -0.03256677304482543, 0.06765708955399874], "aligned_model": [[0.07523174086220297, -0.5381444532794168, -0.4603854652550763, -0.5261623791555995, -0.06818656621425229, -0.048876665061158404, 0.5322472797269812, 0.47348083057527945, 0.518125392763246, 0.6089469744344588, -0.11958930744671178, -0.023582534240255644, 0.14261801717477773], [-0.738656590829866, -0.44356452042794525, 0.06147373070678534, 0.2604171027172598, -0.1826538385382363, -0.435546215802104, -0.04046906941485599, 0.22282743989440112, 0.6544800035876693, -0.37323624752754087, 0.6109639216475486, 0.46230703359455594, -0.03975179513139221], [-0.194000275977324, 0.045751661046485204, 0.4985559850806433, -0.16112934238228838, -0.654442817463363, 0.6201467899544495, -0.4017176559454263, 0.7452665964414571, 0.01188070299692301, 0.3529684129939983, 0.33615078438246226, -0.4539518973782233, 0.12734745638124934]], "inverted": false, "swapped": false, "error_lsq": 0.03392253820324432, "error_max": 0.18171064158177022, "target": "212.xyz", "model": "18.xyz", "model_rescale": 3.922800546911778, "target_rescale": 3.8112298155745967},
{"mapping": [10, 11, 13, 7, 2, 4, 1, 8, 5, 6, 12, 3, 14], "R": [[0.6115139034105429, 0.3953909370590818, 0.6853588496744917], [0.6960475773279491, -0.6807205648434491, -0.22833589883132355], [0.37625591826773175, 0.6166729436992974, -0.6914809935766486]], "T": [0.10042171261015947, 0.038867143772401996, 0.040379930981691146], "aligned_model": [[-0.008388461702706823, -0.4881295212958497, -0.32105429983912337, -0.6600910027140754, 0.15383428181203201, -0.0034827236531475014, 0.7896322713335537, 0.41187237091629497, 0.4903428126564013, 0.5386998973652248, -0.20595413777250438, -0.14280671862386238, 0.011248096402238492], [-0.7374080684700385, -0.3464711111708412, 0.05992139321465065, 0.24668162272934022, -0.25250249457020535, -0.5305091620618771, -0.06622088299007889, 0.1476924264387505, 0.6946842050044427, -0.4472158714479665, 0.7398969730229856, 0.45091981869241327, 0.05912210608470428], [-0.1497720821216775, 0.15158014282418217, 0.5823471221754577, -0.08863391023184283, -0.611831533262184, 0.4749850731181813, -0.20847411522049616, 0.5556916806196002, 0.06036087493871064, 0.2581029361859907, 0.22287667443129414, -0.3841218557233891, 0.009715392397216225]], "inverted": true, "swapped": false, "error_lsq": 0.038806069511222334, "error_max": 0.2782500530530628, "target": "212.xyz", "model": "19.xyz", "model_rescale": 3.9282355846067225, "target_rescale": 3.8112298155745967},
{"mapping": [5, 3, 0, 4, 6, 1, 7, 10, 12, 2, 11, 9, 13], "R": [[0.9619191801946376, -0.16401044864906192, 0.2186596979500567], [-0.15105660819284453, 0.3477313700486866, 0.9253457707286163], [-0.2278012113553175, -0.9231378374966532, 0.3097146123240767]], "T": [0.025869038129649025, 0.03981834926478597, -0.09551468575833039], "aligned_model": [[0.10548611854376666, -0.5114381838626413, -0.4598118915263284, -0.5923790428964144, -0.0876594956770991, -0.04714651925546004, 0.587884920637662, 0.4248358981184937, 0.6862050586448104, 0.5779203638498177, -0.28181339312914844, 0.1436781021648084, 0.019960929272208168], [-0.6524108779293883, -0.46722247922562293, 0.03419697255700201, 0.17041088780995206, -0.340589685299572, -0.43003787586109266, -0.05708606518459446, 0.3116953538776455, 0.5752585289946645, -0.38685243078062065, 0.5543912534658106, 0.7126240452710546, -0.005786673218958274], [-0.14209762011287821, 0.04789248484427383, 0.5403150264203735, -0.10461106546300658, -0.614402971719419, 0.48362662031197085, -0.3462046509515644, 0.6180276661625954, -0.10289704368796004, 0.3425578990788474, 0.2967982238976648, -0.20450250659380217, 0.058324337943948035]], "inverted": false, "swapped": false, "error_lsq": 0.045605532922613566, "error_max": 0.34980321414749077, "target": "212.xyz", "model": "20.xyz", "model_rescale": 4.067790424073018, "target_rescale": 3.8112298155745967},
{"mapping": [10, 13, 6, 5, 1, 11, 7, 3, 0, 12, 2, 8, 14], "R": [[-0.8848879816330282, 0.08854634851415999, 0.4573104023813963], [0.4654873758375325, 0.2042833224810836, 0.8611560991434581], [-0.017168660323781726, 0.9748989015897489, -0.22198506432142706]], "T": [-0.00023940357512306637, 0.05727731117182918, 0.06467870492222833], "aligned_model": [[0.052519417711842396, -0.4315343881552451, -0.47526451825308036, -0.49354437542899576, -0.02250289429687407, -0.015122853268586402, 0.443834988860638, 0.3469890778298102, 0.5340843565114083, 0.5998498715272068, 0.05771510443705299, -0.051508865117379794, 0.020207942526678107], [-0.7430315471488711, -0.4888426209499915, 0.226859116961307, 0.11120858283403928, -0.2716361388428011, -0.3943576266444086, 0.17544106843600313, 0.15347466239782842, 0.5249471116893056, -0.34016807009741046, 0.6925284602632411, 0.3895939395353996, -0.017425983957361647], [-0.10268036899817787, -0.011879515358079601, 0.6061120380905374, -0.25502075322406365, -0.6867368795975333, 0.5271034229554378, -0.5231131099755375, 0.8353430079551025, 0.049151096867750516, 0.32725040505877456, 0.4478486203879907, -0.39586987834699555, 0.055318314315836996]], "inverted": true, "swapped": false, "error_lsq": 0.04595883633980861, "error_max": 0.26887853548302665, "target": "212.xyz", "model": "21.xyz", "model_rescale": 4.186013935880536, "target_rescale": 3.8112298155745967},
{"mapping": [2, 5, 6, 3, 8, 0, 9, 7, 10, 1, 4, 11, 12], "R": [[0.7525146361534187, -0.6364995566196119, 0.16908588586255696], [0.33245758129511016, 0.1455159041785575, -0.9318245963004531], [0.5685012568273649, 0.7574255316888484, 0.3211119507766291]], "T": [0.07179846450140677, -0.009830832748024704, 0.044215935508719564], "aligned_model": [[0.015656829657647142, -0.5573703178733542, -0.23444777824795893, -0.8137954253763773, 0.2189070685479056, -0.06302073342288338, 0.6174289805791926, 0.4376650530717271, 0.5828529406327305, 0.5533631612786881, -0.07546493628699384, -0.1510914903239588, 0.03503951264811103], [-0.6983417274794081, -0.43950702159352634, 0.11575326742993883, 0.23385119456559436, -0.23939786538387145, -0.519638199843583, 0.04837176787677531, 0.2645827451827299, 0.6486647975743864, -0.4113917087156393, 0.679433377634691, 0.3182982320200743, 0.017912095208117672], [-0.22504243026336063, -0.09018567214208793, 0.4917589184741354, 0.13738882057754218, -0.6722519052530823, 0.5378845220447857, -0.24621573880303904, 0.617942845716016, 0.08302649992479723, 0.4210017389067154, 0.21984192402463443, -0.4473299561476125, 0.04500683307159964]], "inverted": true, "swapped": false, "error_lsq": 0.050980715618025724, "error_max": 0.42179430267208007, "target": "212.xyz", "model": "22.xyz", "model_rescale": 4.166573947596378, "target_rescale": 3.8112298155745967},
{"mapping": [12, 6, 5, 2, 11, 13, 9, 7, 8, 14, 0, 3, 15], "R": [[-0.0015903590009754276, 0.42619065222905816, -0.9046319686540037], [0.6547090321552129, 0.6842380917040043, 0.32120759187112524], [0.755879325006732, -0.5917598852692137, -0.2801190536424373]], "T": [0.06408544870266712, 0.03861323027148246, 0.010449831550431256], "aligned_model": [[-0.033453577428935496, -0.6100950032767779, -0.2775908800170855, -0.5046672926586, 0.11142149710773694, 0.19763971181350742, 0.5888440089663405, 0.2100499805913335, 0.5066012630085334, 0.49525908092692406, -0.19309677986756252, 0.06695380143766551, 0.007857054281395603], [-0.5761454827451324, -0.308476594504702, -0.03844511473778488, 0.15886855196264094, -0.27654202722425025, -0.3869164289028584, 0.008982639365722314, 0.2892702701203649, 0.7154119544733215, -0.602647519360044, 0.6741143647610528, 0.3102321280671176, 0.05088421320083113], [-0.19434083811171646, 0.07461371292066044, 0.7643604887627895, -0.32847230698302515, -0.7110276730334576, 0.7301031556333776, -0.27972192413000413, 0.6640973294075975, -0.0037762441264756683, 0.18030775181557532, 0.454016480666586, -0.5258724586155997, 0.048538925924735285]], "inverted": true, "swapped": false, "error_lsq": 0.05036094561546145, "error_max": 0.26967923371419544, "target": "212.xyz", "model": "23.xyz", "model_rescale": 4.274766983524099, "target_rescale": 3.8112298155745967},
{"mapping": [11, 10, 8, 6, 7, 9, 0, 5, 1, 2, 12], "R": [[0.9841279372291314, -0.02367510568115666, 0.17587408147911046], [0.10260589629096278, -0.7326960683074135, -0.6727767100109711], [0.14479030772625254, 0.6801440736034124, -0.7186374648810712]], "T": [0.06999544828002172, -0.01832004921789325, -0.06290254218207025], "aligned_model": [[0.16872344254209715, 0.19903703864995995, -0.530472621925494, -0.42137842897870637, -0.43824417775155966, -0.5598186783302033, 0.042619543227863224, -0.017980361838578318, 0.5291786566489203, 0.3665212974686608, 0.041708994245115295], [0.06195847809480838, 0.7199436681847208, 0.4227836275737351, -0.27454873553652964, 0.4948711514071576, -0.20974138959122063, -0.6906031374113831, 0.06984370471304842, -0.19276295059886517, 0.5585508446074222, -0.04470873019941056], [-0.6565583185765101, -0.3012054227213198, -0.5500055699916702, -0.40211385479988826, 0.173563384944985, 0.3889102567367395, 0.2500179016348275, 0.6389398730676333, 0.4219221108297934, 0.3965174014128208, 0.01957867148416617]], "inverted": true, "swapped": true, "error_lsq": 0.04560946122883467, "error_max": 0.29370679149920487, "target": "212.xyz", "model": "24.xyz", "model_rescale": 3.7841303162186577, "target_rescale": 3.8112298155745967},
{"mapping": [1, 7, 11, 10, 8, 6, 2, 3, 12, 4, 13, 9, 15], "R": [[0.4548102800579243, 0.7953952175871757, -0.40061709523319405], [0.3950704940481366, -0.5833425269945004, -0.7096695011991372], [-0.798164716011798, 0.16449299085103955, -0.5795473596477566]], "T": [-0.026005585954190953, -0.009813791967514212, -0.017722552547041415], "aligned_model": [[0.16181700918460634, -0.5789502527057908, -0.4457319013430329, -0.7216846227218509, 0.14054621908731416, 0.034955662290527184, 0.6190465519187272, 0.38052917441165574, 0.3948789175953666, 0.5796845701866707, -0.03697645642928311, 0.05181984891731129, -0.014211855507746205], [-0.6959731038818483, -0.3080535317036686, 0.14832566276128084, 0.23641423083765942, -0.3107378909761225, -0.3966799009510855, 0.05194273553171969, 0.10308047069843705, 0.6209125291578319, -0.3863907822002767, 0.6089163040414034, 0.3822200388160343, -0.03538580765508548], [-0.23438926718447475, 0.14994024372372472, 0.6053739906875297, -0.26401007530179765, -0.49851665246106586, 0.5894387045958911, -0.40358120369281525, 0.6685618358114189, -0.0031469242701873124, 0.20144301965727993, 0.4608719580408414, -0.44479793902390374, 0.045638709548601775]], "inverted": true, "swapped": false, "error_lsq": 0.040252143383412514, "error_max": 0.22899148173171258, "target": "212.xyz", "model": "25.xyz", "model_rescale": 4.19342608120988, "target_rescale": 3.8112298155745967},
{"mapping": [3, 2, 1, 6, 0, 11, 9, 8, 5, 10, 7, 12], "R": [[-0.26082470387473905, 0.11755507812656874, 0.9582021067892259], [0.9552023204106097, 0.17521545570959446, 0.2385122033831108], [-0.13985349810012604, 0.9774867506453147, -0.15798940275228132]], "T": [-0.14801180642439196, -0.07100516294430964, -0.037381709431549434], "aligned_model": [[-0.18653289387336683, 0.6129383599059701, 0.07499508370581112, -0.6060757125755011, -0.4575147647136073, -0.46196324000011535, -0.058245107741932256, -0.18333166084099767, 0.3644539678007521, 0.2689543674453533, 0.3473885138047186, -0.11725835828530423], [-0.6863782992330061, -0.2904159459790352, -0.5950331651438558, 0.3897794393061162, -0.19946520157539316, -0.10112831510693616, 0.46943455444463406, 0.6422615032255636, -0.02856297039628211, -0.035789035574132017, 0.503554593101601, -0.0554807293282938], [0.23752572247106962, 0.030353396698712953, -0.4272497239229269, -0.03282651862790152, -0.6994535577169825, 0.48141124802308793, -0.6181653357255265, 0.49403798114418945, -0.531014019006497, 0.628480397594452, 0.007878317182661701, -0.12171944690491822]], "inverted": false, "swapped": true, "error_lsq": 0.04247135260806365, "error_max": 0.2708811773371212, "target": "212.xyz", "model": "26.xyz", "model_rescale": 3.795458400668931, "target_rescale": 3.8112298155745967},
{"mapping": [0, 6, 8, 5, 7, 1, 3, 9, 4, 2, 11, 10, 12], "R": [[0.4912122555238464, 0.25267029657602474, -0.8335875726349088], [-0.30832430004163486, 0.9454800064429153, 0.10489844336567147], [0.8146451043411552, 0.20548790388947177, 0.5423357588506402]], "T": [0.0643281647071506, 0.040166679200133115, 0.1920362306700042], "aligned_model": [[0.29721031805223136, -0.612496678528987, -0.5768948097969029, -0.5795842732890565, -0.054098560698394735, -0.08721877221844325, 0.5910748627311425, 0.43961278950039445, 0.5018567124811047, 0.6842335859459918, -0.009566830262208378, -0.039862517016920396, 0.011457037984524021], [-0.6773094041322554, -0.42992954630547947, 0.1440178320114771, 0.08676345388351998, -0.07400589108582324, -0.38619285281127974, -0.08937489195340095, 0.05141682470220045, 0.7082175718685144, -0.5408235767264025, 0.7153616095043158, 0.5154219810467098, -0.004972155525817534], [-0.15763098911516238, 0.1461599838790995, 0.5218842943813152, -0.1953472752554818, -0.6036696405747882, 0.5736174748667129, -0.3087965321478374, 0.4003849161359432, -0.055228723022141324, 0.42225896007854014, 0.4161476483696448, -0.32850495734284124, 0.04155123987803999]], "inverted": false, "swapped": false, "error_lsq": 0.046576561735668535, "error_max": 0.25662819310566143, "target": "212.xyz", "model": "27.xyz", "model_rescale": 3.6321398670334006, "target_rescale": 3.8112298155745967},
{"mapping": [0, 2, 13, 1, 3, 11, 8, 9, 12, 10, 6, 7, 14], "R": [[0.16588817951438734, 0.9844923395083407, 0.05706089157028928], [0.9719370622664383, -0.1730108731187074, 0.15939129454141573], [0.16679166313184907, 0.02901846364121377, -0.9855650510634066]], "T": [0.05301712324411288, 0.0022370480647915386, 0.006956734599444812], "aligned_model": [[0.11922358028301841, -0.5704094223186782, -0.3908078726036608, -0.5934655250566674, -0.04887633605224202, -0.050236131315544094, 0.5148553941162214, 0.3192504410429849, 0.5512007547103454, 0.6165232793278281, -0.11689061729621901, 0.22088066003968249, -0.005525339992593449], [-0.5978830229737401, -0.45773420041829166, 0.12842248943979773, 0.011188379613879987, -0.16006967083793588, -0.41355637138319945, 0.04337371613050229, 0.12091961219193335, 0.662026048752064, -0.46295807982760084, 0.6666922820258283, 0.47239146841278695, 0.00577830335025485], [-0.1507908473246838, 0.18919135422199143, 0.6804357167212096, -0.16406155464416924, -0.6524629587021019, 0.4854757354607468, -0.22117218047463236, 0.6082939367466599, 0.005827676958302989, 0.2729002211478888, 0.37238530341560827, -0.5860559448987084, 0.03285994150293117]], "inverted": false, "swapped": false, "error_lsq": 0.03726483366696181, "error_max": 0.31025417644862086, "target": "212.xyz", "model": "28.xyz", "model_rescale": 4.156811204709835, "target_rescale": 3.8112298155745967},
