[{"mapping": [12, 2, 5, 4, 11, 1, 0, 10, 9, 13, 8, 7, 6, 14], "R": [[-0.8615289206465726, 0.1535491244791272, 0.4839324180722403], [-0.25494051571159215, -0.9551244770839964, -0.1508063882059714], [0.43905950888035616, -0.2532980450905933, 0.8620132528070694]], "T": [-0.06699369733087207, 0.09487986165098582, 0.08116452075494632], "aligned_model": [[0.310319794390784, 0.07967845122408246, -0.38017254752731716, -0.47111934465744104, -0.6225597525363082, -0.13542973513493553, -0.7232339711962887, 0.0589554561730431, -0.35925153572648644, 0.0366572003395749, 0.7243885129654222, 0.16867045397065575, 0.6814997804876639, 0.003089338355854246], [-0.6777531060313874, -0.45737254231296254, -0.4859257524745516, -0.2585445151422113, 0.20574268481532673, 0.2448631300169239, 0.2986795084701052, 0.5000385887284131, 0.7581410960779466, -0.08502036822046084, 0.45710556276541703, 0.664347757598592, -0.0476401236316784, 0.11861141115056235], [0.35725075767586434, -0.22723403343865664, 0.2729935314890609, -0.28232882574479956, 0.44761404042623454, -0.6142663385410252, -0.20837203567369664, 0.6940661545420596, 0.26905281072596343, 0.7377523988311248, 0.46034420431961653, -0.17719449866296497, 0.0748982057108741, 0.09301171552017834]], "inverted": false, "swapped": true, "error_lsq": 0.0412285025598453, "error_max": 0.230572632944486, "target": "213.xyz", "model": "0.xyz", "model_rescale": 3.8414455957264533, "target_rescale": 4.023534717198148},
{"mapping": [6, 8, 13, 12, 9, 7, 11, 10, 1, 5, 3, 2, 0, 4, 14], "R": [[-0.002754055186177634, -0.7833454106698289, 0.6215805521109461], [-0.3618253201238658, 0.5802483936775978, 0.7296535063657472], [-0.9322418424943679, -0.22289407622699306, -0.285032240081051]], "T": [0.01834677104942707, 0.038218631227441215, 0.027152479242469087], "aligned_model": [[0.33843574018100386, -0.32416230946555846, -0.2563031901774169, -0.7087574442267613, 0.3589729220830389, 0.5053003133617974, -0.7356094530414163, -0.3499204606247822, -0.45608810775852454, 0.14922230521698715, -0.05484198338388928, 0.6879769213950562, 0.052908355262432885, 0.3224372912133286, -0.0447794407095848], [-0.39287750259512016, 0.20246169155327332, 0.7238922542312176, 0.04658091060216272, 0.45417655283280506, 0.43727263423904894, 0.33055557098412774, -0.4722169368730595, -0.15555691693757992, -0.6070937823231496, -0.5183988033362873, -0.27143666986963827, 0.5077369094898129, -0.06717813105651507, -0.006096653523677088], [-0.5400567846338954, -0.6656780515514296, -0.1439208446695245, -0.2042326462049763, -0.3929219340216744, 0.1559435986761005, 0.2961404491190923, -0.24157801270685067, 0.7241894035675522, -0.0005290752001665469, 0.5732269428499969, 0.00943853363462225, 0.5784014726940602, 0.4656016928290575, 0.0731441740772124]], "inverted": false, "swapped": false, "error_lsq": 0.04339515050927125, "error_max": 0.2543204647572934, "target": "213.xyz", "model": "1.xyz", "model_rescale": 4.316132596720782, "target_rescale": 4.023534717198148},
{"mapping": [5, 2, 4, 10, 11, 13, 9, 8, 1, 6, 7, 14], "R": [[-0.6814625800944518, 0.3688956454778434, -0.632079705953686], [-0.5680761846951587, -0.8111426175269842, 0.1390579102879966], [-0.46140892959846874, 0.4538321901088087, 0.762324171798217]], "T": [0.013748336361517628, -0.060652417875469836, -0.09173166753448407], "aligned_model": [[-0.22352895335251596, 0.39842341275260185, 0.2474229409381188, -0.5520409680688148, -0.5267363492173177, -0.5518027732787458, -0.3163809702825992, -0.10452701867273645, 0.6301042792466327, 0.28437872643423184, 0.28815300427032786, 0.024343223862597747], [-0.7033434788550877, -0.5169301034148758, -0.5804780822845025, 0.4043781738603793, -0.1733063093238752, -0.12767413753548296, 0.4233132842111048, 0.6356290586995746, -0.008244213299538325, 0.1342716533484306, 0.5333015885111166, -0.00814100617626274], [-0.038232033029240234, 0.16408245317957576, -0.4008128861260369, 0.04717192434244778, -0.4795652183266941, 0.2954056135567957, -0.5580190883427331, 0.5426763553652026, -0.44972787405699666, 0.5933650392687816, -0.2277514314124806, -0.039334393209200916]], "inverted": false, "swapped": true, "error_lsq": 0.045949907932292255, "error_max": 0.2373961768363282, "target": "213.xyz", "model": "2.xyz", "model_rescale": 3.795458400668931, "target_rescale": 4.023534717198148},
{"mapping": [8, 6, 12, 4, 10, 11, 2, 7, 1, 0, 13, 14], "R": [[0.046880992712785195, 0.721801500593524, 0.6905105113343321], [-0.8550713628294105, 0.3863540897069515, -0.34580844673860567], [-0.5163866158134988, -0.5742239207031083, 0.6353044560689245]], "T": [0.10583564003152571, 0.03199145064555004, 0.11431444862677687], "aligned_model": [[-0.0867667718774611, -0.3090931376551165, -0.788719300330442, 0.14205038253182048, 0.11585449061984457, 0.26125289582627764, -0.2648142359465204, 0.5810538158731682, 0.5554448646089195, 0.6608762556170512, -0.36530129856541627, 0.09146586504143958], [-0.13720032801947285, -0.4574705337105432, -0.06863019473542809, -0.029293351090566182, 0.46565463667985063, 0.6748791171820535, -0.35270948112929346, -0.2591455643093565, -0.4465995920545966, 0.24134102396828658, 0.4555240863400679, -0.0005807738312924374], [-0.7997692164217235, -0.29660497725103896, 0.18640832601475915, 0.7587416418690891, -0.49190420813473756, 0.24762004693492518, 0.48340653416020757, -0.25445049481434756, 0.39645751719887967, 0.5661105107998996, -0.15562134841285868, 0.048377098696046256]], "inverted": true, "swapped": true, "error_lsq": 0.04899370769172725, "error_max": 0.2769611837591023, "target": "213.xyz", "model": "3.xyz", "model_rescale": 3.7530521520055578, "target_rescale": 4.023534717198148},
{"mapping": [9, 8, 13, 12, 11, 3, 0, 7, 1, 2, 14], "R": [[-0.5754949817793336, -0.7287028130515079, -0.37121117466695913], [0.7661206731580477, -0.6391917644196239, 0.0670298624344996], [-0.2861199750221302, -0.24581720555922676, 0.9261259424853557]], "T": [-0.003133962761099271, -0.07932897037026271, 0.046775065222060985], "aligned_model": [[-0.4665895392090365, -0.34316948389320096, 0.3921821897122665, 0.7213016746031127, 0.15293475742652385, -0.20605531663236665, -0.16460189406355313, -0.6633201184656815, -0.3938316185421811, 0.3435287748780162, -0.034179823368694434], [-0.664587006913254, 0.13743415519814423, -0.2963319431072109, 0.3539651632058089, -0.7312043821469774, 0.5657967659883545, -0.47714825671255456, 0.004683597717112395, 0.19694887361897806, 0.42231399425363997, -0.044667602787694945], [-0.010792964331141103, -0.8126782991391052, -0.4736575359370605, -0.27416104232472427, 0.12378454401364429, 0.06217426855806532, 0.6564347515800544, -0.013861457250923803, 0.5776502358686126, 0.26989921777011416, -0.01196094156221944]], "inverted": true, "swapped": true, "error_lsq": 0.0441721066862528, "error_max": 0.1970031226088516, "target": "213.xyz", "model": "4.xyz", "model_rescale": 3.7855080009869324, "target_rescale": 4.023534717198148},
{"mapping": [15, 14, 3, 2, 9, 10, 0, 12, 4, 13, 6, 8, 5, 7, 16], "R": [[0.38332053008960704, 0.9187942008735059, 0.09424748088430959], [0.17420929126394108, 0.028287087258160815, -0.984302272440618], [-0.9070372065406899, 0.39372205568860996, -0.14921946526910335]], "T": [-0.08255088163841572, -0.07243717252283338, 0.054991594147501044], "aligned_model": [[0.521580915673216, -0.19594738317401472, -0.20258568026691792, -0.5684130167720228, 0.061555127995127454, 0.5071070175150392, -0.6324718457512956, -0.5003902168480472, -0.3474448791253808, 0.10894700648339788, 0.024705584821338472, 0.5730779618552221, -0.056899811158192065, 0.2834840950691662, -0.09151341699092519], [-0.11322742885802492, -0.08544817943165185, 0.6026023485068082, 0.32399828216043125, 0.42934379687899543, 0.35342719366063424, 0.3428666403839686, -0.49256104077084695, -0.09633921186999858, -0.7347178388291449, -0.5323097422295541, -0.3282392425451701, 0.5698229137058186, 0.030573547898986364, -0.05797091124382968], [-0.504185509417177, -0.611843727106236, -0.0560484777433585, -0.3356010369813737, -0.429119277433277, 0.09866512910142763, 0.420482441549657, -0.27962981624049515, 0.7451079948189894, -0.16767523489794023, 0.5056470480153838, 0.049893112500724694, 0.5468729302846698, 0.7005740127284024, 0.0040293292797798155]], "inverted": false, "swapped": false, "error_lsq": 0.04104811718052453, "error_max": 0.35502571242245895, "target": "213.xyz", "model": "5.xyz", "model_rescale": 4.2253639853439635, "target_rescale": 4.023534717198148},
{"mapping": [8, 9, 1, 3, 7, 4, 2, 6, 11, 13, 0, 5, 12, 14], "R": [[-0.3981831835673739, 0.2547889894684487, 0.8812109413584228], [0.8953312533603937, -0.10106141616040415, 0.43378397494577886], [0.19957980629376698, 0.9617011807257494, -0.18787958886063744]], "T": [-0.012942791963476315, -0.002645185242598151, -0.0064912138128548], "aligned_model": [[0.7247341908200658, -0.3337384659058881, -0.4712859848304606, 0.17990387768955016, -0.11324529195486055, -0.4317352977767677, 0.09693640402230155, 0.6281957156902651, -0.3019939077767573, 0.4618867685576288, -0.750211550533429, -0.006817377035268184, 0.6480619834805866, 0.0433710883108168], [-0.2300954743877166, 0.1841385030069006, -0.5439491415330462, -0.6305017700530842, -0.45566368962122217, 0.012075912707384819, -0.22283841525501166, -0.4113575750936347, 0.5864909203087042, 0.4934515163880039, 0.10629843849779219, 0.4445969159954711, 0.15082073750233396, -0.038367731827885256], [-0.5590937190448381, -0.6567481692460384, 0.08133871604017692, 0.15539670403906305, -0.4874218770318687, 0.4882307972581443, 0.5943803272178472, 0.043401627676449776, -0.16332730438756005, -0.057874032136091845, -0.03063816140761979, 0.5151902073068291, 0.5893877012346593, -0.04066460858770442]], "inverted": false, "swapped": true, "error_lsq": 0.042688054158081475, "error_max": 0.2629677039942793, "target": "213.xyz", "model": "6.xyz", "model_rescale": 3.89814844738969, "target_rescale": 4.023534717198148},
{"mapping": [6, 8, 7, 12, 1, 10, 13, 2, 5, 11, 9, 4, 14], "R": [[0.6875951512826837, 0.03487450815242327, 0.725256283401716], [-0.22516926267059229, 0.959844895818557, 0.16732178315881518], [-0.6902982768926236, -0.2783550693847524, 0.6678373636349532]], "T": [-0.0015394594525672128, 0.10972300984031313, 0.054357686388247325], "aligned_model": [[0.1355804529059238, -0.04772991352363269, 0.4724045496661359, -0.41166820650465213, 0.6685713487761323, -0.4057690131224897, -0.6371833848709045, 0.1406630200624619, -0.4362955551061653, -0.4339199232691293, -0.03215186526382723, 0.12445889743064216, 0.0116713937237274], [-0.3337122735827604, 0.17089602016392685, 0.4628504329625541, -0.6785069451324189, 0.13377624803644617, 0.5361372016039001, 0.03665096205753242, -0.5017333314771715, -0.23385246834552942, 0.5149006952929497, 0.8570335937736313, -0.10411839392889591, 0.10345952404632106], [-0.5499245144884519, -0.8918953445237537, -0.2575056793631406, -0.10700752958838215, 0.30169449834421286, -0.40437382669613725, -0.2002646198692083, 0.22020310404217214, 0.4607534922853409, 0.3770148348366184, 0.01940213665468414, 0.6533151222592013, -0.01913664305686015]], "inverted": true, "swapped": true, "error_lsq": 0.04207898625552295, "error_max": 0.2740976841822375, "target": "213.xyz", "model": "7.xyz", "model_rescale": 3.7474275329858107, "target_rescale": 4.023534717198148},
{"mapping": [6, 5, 9, 8, 7, 11, 4, 3, 2, 0, 1, 10, 13, 12, 14], "R": [[-0.5977635473631968, 0.7690015561718028, 0.22652891217041904], [0.4116949190945961, 0.052004969976194415, 0.909836675832245], [0.6878851903010136, 0.6371280010352091, -0.34768070878525514]], "T": [0.006621089841753802, 0.011119555291255119, 0.10238316002416678], "aligned_model": [[0.20700795115806797, -0.22393293994379365, -0.06903583116277301, -0.6180056262993965, 0.3192976402052221, 0.3803028298135971, -0.6054899153154369, -0.3824863678648864, -0.6938782345212999, 0.18239075295169083, -0.07428671772007028, 0.7262466975704188, -0.054429928600065035, 0.41737726493022315, -0.02628611587578715], [-0.4145649209196255, 0.06644760237286633, 0.6426783750295872, 0.21502552522121193, 0.22007884125204918, 0.504937866685777, 0.34243304481745485, -0.44009780345186594, -0.30987670767470255, -0.6175806004313463, -0.5555858981595974, -0.10495626333623415, 0.5168610582982615, 0.13307225079587573, 0.012948756917709569], [-0.5651315820771664, -0.5734904306550871, -0.3168422299550643, -0.08057622554041985, -0.465461029509876, 0.04774445457696705, 0.45984271699383605, -0.29653139036296716, 0.4412807722592509, 0.01263697708830172, 0.5893130068752869, -0.10720870222093615, 0.8430653685157707, 0.5462857658795546, 0.15224144659172556]], "inverted": false, "swapped": false, "error_lsq": 0.05050870978299911, "error_max": 0.37363013207720064, "target": "213.xyz", "model": "8.xyz", "model_rescale": 4.019505241142653, "target_rescale": 4.023534717198148},
{"mapping": [11, 10, 13, 5, 4, 2, 6, 0, 1, 7, 8, 3, 14], "R": [[0.1943414399277238, -0.9465066575509075, 0.2575976551497091], [0.7559556837471192, -0.02283466094858145, -0.6542244129270852], [0.6251099174843132, 0.32187532597447244, 0.7110793665910878]], "T": [0.003650085339133864, -0.12313842304475937, -0.0009929236179522828], "aligned_model": [[-0.3917742605673807, -0.6384571279374592, -0.18935676579388805, 0.31351171235348385, 0.41477569563107136, 0.650412097799454, 0.2641196446903658, -0.12760601255175238, 0.24893459953985375, -0.27514460008873237, -0.3503913119700955, 0.40968227138362884, -0.009005170747373012], [-0.5718848336149891, 0.16715341385477694, 0.11310552726610763, -0.42591756570620143, -0.6234783338913, -0.09034226137778315, 0.5922211813126684, -0.8113844522861519, -0.33612526880494964, 0.08847212253049642, 0.7575614999071039, 0.2546628879195813, -0.050665688995300634], [-0.31323594337749056, -0.24408585272517141, -0.6183683315258958, -0.5344018529044438, 0.030462569773826605, -0.048199025899137424, 0.030786698013668953, 0.2541663415381968, 0.6356189383101957, 0.568283072728958, 0.016119307487411413, 0.3863124602358409, 0.013245112387919512]], "inverted": true, "swapped": true, "error_lsq": 0.042000211905644215, "error_max": 0.24093608845909817, "target": "213.xyz", "model": "9.xyz", "model_rescale": 3.877068213659057, "target_rescale": 4.023534717198148},
{"mapping": [1, 0, 12, 11, 5, 3, 10, 8, 14, 7, 2, 4, 6, 13, 15], "R": [[0.03204260207091848, -0.9960055123765124, 0.08334441173903448], [0.9975304752699585, 0.03708287585697577, 0.05964739077165966], [-0.06249978048134022, 0.08122733304606929, 0.9947340839671712]], "T": [-0.046562426245499375, 0.009522779346381998, 0.12411902196717042], "aligned_model": [[0.3043795910610673, -0.2754373325785052, -0.1697987330051604, -0.686574184541683, 0.38449860285395276, 0.4825273478958479, -0.645836593397947, -0.44005478972989504, -0.4049265253776219, 0.2374510201262101, 0.031661527358885846, 0.5738373184038881, -0.04805759926122259, 0.21421298448203452, -0.07309117496414042], [-0.22650099445540156, 0.1863882884364601, 0.666576651146661, 0.18202093297395586, 0.3170839138178722, 0.35878668521728696, 0.2609947959177766, -0.5186063330182661, -0.110289632241228, -0.6926591945181435, -0.5558551994767627, -0.2604993212474511, 0.5480101735537053, 0.022197006600929606, 0.03417335471002687], [-0.633534651483039, -0.6175688534758326, -0.20947989583987428, -0.20035688237922236, -0.4508487858245883, 0.15310311558906603, 0.40844819198870463, -0.27783412998028123, 0.8073039933485443, -0.180123327610582, 0.4626217724639129, 0.10729933781913964, 0.4246746172607996, 0.851768693915875, 0.04169572266655343]], "inverted": false, "swapped": false, "error_lsq": 0.03899224437690044, "error_max": 0.32927729918185905, "target": "213.xyz", "model": "10.xyz", "model_rescale": 4.260839863003843, "target_rescale": 4.023534717198148},
{"mapping": [12, 6, 7, 3, 0, 4, 5, 13, 10, 9, 11, 14], "R": [[-0.24742952978250748, -0.1428630887988832, -0.9583155877112979], [-0.9240686167903996, -0.26260286409972056, 0.2777353546628554], [-0.2913345486801825, 0.9542692877932659, -0.06703959367305434]], "T": [-0.07607526475923099, -0.0028560176766667614, -0.06626995733273561], "aligned_model": [[0.5406511976163382, 0.17131456149599011, -0.4399198953239737, -0.31513793859491857, -0.5851946036925509, -0.3912244952696312, 0.21076592887075052, 0.6040315758395992, 0.3695644083331748, -0.21509698378274414, 0.0636403388732047, -0.054495445271108285], [0.03226122822348013, -0.6064336459753383, -0.4915633017972504, -0.4560713497275854, 0.4618394937517428, 0.47772345427675666, 0.5532550196037823, 0.05036589283943208, -0.23391193323297857, -0.018770480535520738, 0.4789944869431292, -0.07461035883671588], [-0.7250309410348044, -0.46007958104557983, 0.20825314715017845, -0.5079104534436418, 0.21811110915640303, -0.3664000550137811, -0.3503072204182854, 0.027737258049708308, 0.48480503007532577, 0.6692922835532056, 0.38487203696959893, -0.06716453660282336]], "inverted": true, "swapped": true, "error_lsq": 0.04386396872064574, "error_max": 0.24161287482798938, "target": "213.xyz", "model": "11.xyz", "model_rescale": 3.890672605050136, "target_rescale": 4.023534717198148},
{"mapping": [6, 8, 3, 12, 2, 11, 10, 5, 13, 9, 1, 7, 4, 14], "R": [[0.4078199553423174, -0.9110576255219657, -0.060472200248283536], [0.6326765424797837, 0.23421194170892926, 0.7381498214839315], [-0.6583337122010517, -0.33929156980274555, 0.6719210921234516]], "T": [0.026371952541249855, 0.029427868304505406, 0.19032279756218984], "aligned_model": [[0.5287072363835887, 0.021816546388717682, 0.5101445084911606, 0.7230502361178923, 0.6412033799080767, -0.4798360581110089, -0.4414338135045773, 0.2450558365620216, -0.015056892785595244, -0.7071989703352992, 0.12321970790871176, -0.20007065807322186, 0.22006158049286922, 0.04021319535035739], [0.07773910534916874, 0.005305167374453818, 0.4484370023935019, -0.5327154109096025, 0.041219762318696854, -0.3131586059274126, -0.2742345112439599, -0.47036963358723555, -0.6053353769895474, 0.1536244108594699, 0.6878928610130783, 0.5686911467063762, 0.10333183010416198, 0.041724772366615426], [-0.3805703502582589, -0.7587124163914957, -0.028759120204338212, 0.07122163539688792, 0.3987655288627071, 0.47601041603495725, -0.30425997669860816, 0.6081676718178208, -0.07344701900315176, 0.10617389006526065, 0.45079720662911654, -0.13294105798559136, 0.8046323891710468, 0.11771163792050846]], "inverted": true, "swapped": true, "error_lsq": 0.04821781745328894, "error_max": 0.3239646784970622, "target": "213.xyz", "model": "12.xyz", "model_rescale": 4.124412569039231, "target_rescale": 4.023534717198148},
{"mapping": [7, 8, 6, 9, 3, 1, 10, 4, 13, 11, 2, 12, 14], "R": [[0.3632148297320748, -0.9279463040689951, 0.08361007252354219], [-0.002111254986256028, -0.09055824012939268, -0.9958889233981119], [0.9317030267553512, 0.361545103561588, -0.03485122703087723]], "T": [0.07529815420761232, 0.013371572948157565, -0.10815645128969226], "aligned_model": [[-0.15117571671142127, -0.05617870554370302, 0.5001266488915235, -0.6517112050300452, 0.5556818208482134, 0.2542326473393489, -0.47488389105971296, 0.35327090049966386, -0.047532239509152086, -0.41280791084048446, 0.7114181903158618, 0.7065435550006912, 0.08031421330897405], [-0.22139861310949593, 0.6355785828951799, 0.411716126264834, -0.13118982242803656, -0.09589952041810816, -0.6377155528469693, 0.4921493530621573, -0.40648627677204024, 0.6564622098871613, 0.01912666720909073, -0.041125815369530035, 0.6139932939735919, 0.05227474416064285], [0.47508724149030784, 0.5967142927990461, 0.38320499021099036, -0.0023665025553068486, 0.3554088494091977, 0.12608819414048675, 0.04591090550219912, -0.5165732484902346, -0.32160988881890695, -0.5739340869455125, -0.22642072908557476, -0.3455034045291279, -0.04430853215972494]], "inverted": true, "swapped": true, "error_lsq": 0.041599747457785205, "error_max": 0.23480143584330265, "target": "213.xyz", "model": "13.xyz", "model_rescale": 3.9028299243045295, "target_rescale": 4.023534717198148},
{"mapping": [14, 11, 6, 1, 9, 7, 2, 12, 8, 13, 5, 10, 3, 4, 15], "R": [[-0.23322796235028131, -0.3034673182464359, 0.9238572965205463], [-0.9593385397977832, -0.08351759401495368, -0.2696189487936833], [0.15897887795739774, -0.9491745878637239, -0.2716492556903793]], "T": [-0.10423292915411059, 0.03283055269038473, 0.14989244472150223], "aligned_model": [[0.3068082344050942, -0.25571918144624606, -0.16010889841272502, -0.5448476620624518, 0.2646126482974911, 0.673259963311603, -0.759187515549298, -0.4685707767309536, -0.5644086648985218, 0.10268236969582284, -0.01860482035700682, 0.6065214936284966, -0.01257490983290041, 0.346008082781638, -0.031078903504331457], [-0.30555698555173105, -0.021008341213286937, 0.6583419720961886, 0.2923303255972235, 0.39565077724376785, 0.4839992933466136, 0.2510561679020902, -0.48988804602959823, -0.3979976002681338, -0.7091195091829179, -0.41530074000940165, -0.17912116139991738, 0.538281249585621, 0.016840745804984472, 0.09331297949591938], [-0.5569241429483747, -0.5712247282869062, -0.07376265247412178, -0.25100315359334135, -0.42730759089274606, 0.037733961060473595, 0.4059429088514587, -0.12986367824308412, 0.5961351526821645, -0.048469639819065186, 0.3821595434294389, 0.07738573166594953, 0.5031739836396628, 0.6562427494805192, 0.08695047390714833]], "inverted": false, "swapped": false, "error_lsq": 0.03279177900395976, "error_max": 0.1966155731857497, "target": "213.xyz", "model": "14.xyz", "model_rescale": 3.942246331269136, "target_rescale": 4.023534717198148},
{"mapping": [7, 9, 11, 10, 6, 8, 4, 5, 3, 2, 1, 0, 13, 12, 14], "R": [[0.9709647324259518, -0.22940895269219924, -0.06781608076015702], [-0.11524700120401543, -0.20015926327461644, -0.9729616631907161], [0.2096320993991176, 0.9525270609017003, -0.22078627935514336]], "T": [-0.0995728937217797, 0.059003583896960275, 0.04640254382507059], "aligned_model": [[0.4154500205390915, -0.3153029468697317, -0.05034162650201453, -0.6710253684994196, 0.07051563284654101, 0.5981303345002497, -0.5532980351999266, -0.29114810911201405, -0.5009053361992333, 0.1786275568674357, -0.0038182253598460503, 0.5344439770028202, -0.030297455380591046, 0.13541735442508923, -0.03165631373273965], [-0.1368961490243685, -0.146595654327493, 0.7699169436939828, 0.3293317484972931, 0.33652955383186195, 0.3718878280472916, 0.3453128230448914, -0.5458151189279077, -0.2431409286872809, -0.5919475158331631, -0.5491845793460883, -0.3131697812799508, 0.5928321913896677, -0.0012701735150394203, -0.005970060146275179], [-0.6073207925769815, -0.7014957136556298, -0.032903835783351536, -0.28430165714233163, -0.4083925951990076, -0.07257048412171255, 0.28267461685058287, 0.029884924428089786, 0.5603956319410096, -0.23910593887130527, 0.5732608144810046, 0.03133347757207854, 0.6556297411581749, 0.8269298755733323, 0.07315085380522392]], "inverted": true, "swapped": false, "error_lsq": 0.04572306134392371, "error_max": 0.30026012659457396, "target": "213.xyz", "model": "15.xyz", "model_rescale": 4.355366556412066, "target_rescale": 4.023534717198148},
{"mapping": [5, 2, 4, 10, 11, 13, 9, 8, 1, 6, 7, 14], "R": [[-0.6814625800944518, 0.3688956454778434, -0.632079705953686], [-0.5680761846951587, -0.8111426175269842, 0.1390579102879966], [-0.46140892959846874, 0.4538321901088087, 0.762324171798217]], "T": [0.013748336361517628, -0.060652417875469836, -0.09173166753448407], "aligned_model": [[-0.22352895335251596, 0.39842341275260185, 0.2474229409381188, -0.5520409680688148, -0.5267363492173177, -0.5518027732787458, -0.3163809702825992, -0.10452701867273645, 0.6301042792466327, 0.28437872643423184, 0.28815300427032786, 0.024343223862597747], [-0.7033434788550877, -0.5169301034148758, -0.5804780822845025, 0.4043781738603793, -0.1733063093238752, -0.12767413753548296, 0.4233132842111048, 0.6356290586995746, -0.008244213299538325, 0.1342716533484306, 0.5333015885111166, -0.00814100617626274], [-0.038232033029240234, 0.16408245317957576, -0.4008128861260369, 0.04717192434244778, -0.4795652183266941, 0.2954056135567957, -0.5580190883427331, 0.5426763553652026, -0.44972787405699666, 0.5933650392687816, -0.2277514314124806, -0.039334393209200916]], "inverted": false, "swapped": true, "error_lsq": 0.045949907932292255, "error_max": 0.2373961768363282, "target": "213.xyz", "model": "16.xyz", "model_rescale": 3.795458400668931, "target_rescale": 4.023534717198148},
{"mapping": [6, 8, 7, 12, 1, 10, 13, 2, 5, 11, 9, 4, 14], "R": [[0.6875951512826837, 0.03487450815242327, 0.725256283401716], [-0.22516926267059229, 0.959844895818557, 0.16732178315881518], [-0.6902982768926236, -0.2783550693847524, 0.6678373636349532]], "T": [-0.0015394594525672128, 0.10972300984031313, 0.054357686388247325], "aligned_model": [[0.1355804529059238, -0.04772991352363269, 0.4724045496661359, -0.41166820650465213, 0.6685713487761323, -0.4057690131224897, -0.6371833848709045, 0.1406630200624619, -0.4362955551061653, -0.4339199232691293, -0.03215186526382723, 0.12445889743064216, 0.0116713937237274], [-0.3337122735827604, 0.17089602016392685, 0.4628504329625541, -0.6785069451324189, 0.13377624803644617, 0.5361372016039001, 0.03665096205753242, -0.5017333314771715, -0.23385246834552942, 0.5149006952929497, 0.8570335937736313, -0.10411839392889591, 0.10345952404632106], [-0.5499245144884519, -0.8918953445237537, -0.2575056793631406, -0.10700752958838215, 0.30169449834421286, -0.40437382669613725, -0.2002646198692083, 0.22020310404217214, 0.4607534922853409, 0.3770148348366184, 0.01940213665468414, 0.6533151222592013, -0.01913664305686015]], "inverted": true, "swapped": true, "error_lsq": 0.04207898625552295, "error_max": 0.2740976841822375, "target": "213.xyz", "model": "17.xyz", "model_rescale": 3.7474275329858107, "target_rescale": 4.023534717198148},
{"mapping": [0, 2, 1, 5, 9, 10, 7, 6, 11, 7, 13, 12, 8, 14], "R": [[0.4512157175101351, 0.1947632061326064, 0.8709027901027542], [0.7146787738556755, -0.6633082712113343, -0.22193780106773023], [0.5344517063982137, 0.7225575623295205, -0.4384882468760809]], "T": [0.06391594823147709, -0.054903165134423185, -0.08014412906751528], "aligned_model": [[0.4535771867319197, 0.09334619672790241, 0.7585988877743712, -0.3401585723474657, 0.20000289699680482, -0.3200932624488053, 0.5277869501850485, -0.038949205824461625, -0.18297737524061913, 0.5277869501850485, -0.610968816739652, -0.5421379892121856, -0.17009769971821012, 0.05913150081318063], [-0.6109789867911414, 0.4234210146248288, 0.01793986420994427, -0.0874092720247963, -0.6721426675086504, -0.3254648373569211, -0.06152152715361166, 0.6334968491367374, -0.6734250069921203, -0.06152152715361166, -0.07290751299466218, 0.5507503255028756, 0.31220509120643186, -0.012033565194069472], [-0.38830124869031146, -0.5182593474809694, -0.23151142641129632, -0.6350149769258868, 0.3212632173899766, 0.49864642349112726, 0.400855403644337, 0.22988470778254838, -0.18832858124840918, 0.400855403644337, 0.05558221472859082, -0.36550926041663584, 0.763502499829412, -0.018870310675164967]], "inverted": true, "swapped": true, "error_lsq": 0.04391472273232167, "error_max": 0.2856013082566388, "target": "213.xyz", "model": "18.xyz", "model_rescale": 3.922800546911778, "target_rescale": 4.023534717198148},
{"mapping": [13, 7, 3, 9, 12, 5, 2, 11, 10, 4, 6, 8, 0, 1, 14], "R": [[-0.9409207873506158, -0.2563713282122508, 0.22122796839953093], [-0.31703500947730207, 0.896492783968842, -0.3094987739192553], [-0.11898266553252387, -0.3613508410983455, -0.9248073826155877]], "T": [0.04751659242581406, -0.006784855902485806, 0.06825735093230892], "aligned_model": [[0.19782597189599588, -0.3273269316755406, -0.1437782518509017, -0.7476165500658264, 0.38019975728630756, 0.6137542992701444, -0.512914813643065, -0.3921764349160336, -0.5482352410710954, -0.020286263862960507, 0.16440560910918595, 0.6115807043515082, 0.03017491049928693, 0.18813720678655477, -0.008952512787849656], [-0.36345537517479143, 0.1955695486922566, 0.5688456259981808, 0.158550484798878, 0.3922171459707616, 0.49895970965074965, 0.19680162727885495, -0.40207749613431776, -0.47942782147516133, -0.7264509146445208, -0.4947445851242379, -0.2417018268603666, 0.7748763002538651, 0.10998163233665596, 0.02387707185061455], [-0.4991992359053964, -0.6075799419415306, -0.13473297998288197, 0.011948410776092377, -0.5222791499599392, 0.14655814241463394, 0.46524368035096664, -0.3288035802285312, 0.3371235392919524, 0.03150581129170807, 0.5415437677559278, 0.10044971672097125, 0.36346530932969723, 0.7855958024159527, -0.0036703738704467886]], "inverted": false, "swapped": false, "error_lsq": 0.04715903701922776, "error_max": 0.3605093424211206, "target": "213.xyz", "model": "19.xyz", "model_rescale": 3.9282355846067225, "target_rescale": 4.023534717198148},
{"mapping": [1, 0, 9, 4, 2, 11, 5, 10, 12, 6, 7, 3, 8, 14], "R": [[0.17389809097939773, -0.7507609904863419, 0.6372734021734219], [0.08162150097830878, 0.6558951414136396, 0.7504262082630306], [-0.9813752516401506, -0.07848247341890097, 0.17533715189395108]], "T": [-0.01573840756160745, -0.11234962527502071, -0.023319266929196236], "aligned_model": [[-0.49958806727307986, -0.16285664884227363, 0.5073539300405414, -0.533591091103652, -0.579442475484324, 0.3231024553104782, -0.20770518987319547, 0.7233820570134911, -0.2196785970889059, -0.07062233434434322, 0.11205536762412817, -0.4072882930855641, 0.5367555278800017, 0.010646178311373912], [-0.612579315152017, -0.675157129599527, -0.6346782905638835, -0.19040721198148194, 0.2060157173068867, -0.22599677828657558, 0.30516116057619724, -0.0542701796754301, 0.7663017146219606, 0.28735954183194723, -0.5861124297017054, -0.08558223917024253, 0.11952249641844162, -0.09669496919973421], [0.1393531532404125, -0.4898178700928237, -0.1423960928230706, -0.4055356365344615, 0.026543921140533232, -0.5955959936832063, -0.5342478540685076, 0.0540946396987554, 0.020623946367295882, 0.623066094567837, 0.4303306154732883, 0.5276558878825918, 0.7130612489938607, 0.04504709708117739]], "inverted": false, "swapped": true, "error_lsq": 0.04148952033506515, "error_max": 0.2807137869755633, "target": "213.xyz", "model": "20.xyz", "model_rescale": 4.067790424073018, "target_rescale": 4.023534717198148},
{"mapping": [4, 8, 1, 7, 5, 13, 9, 0, 12, 2, 3, 6, 10, 11, 14], "R": [[0.7529084401382347, 0.3573986124624956, -0.5526256532034082], [-0.03318627818866096, -0.8180109846603342, -0.5742444600647146], [-0.6572880279668842, 0.45069308934674585, -0.6040266446991316]], "T": [0.009746155018645425, -0.01680027022211581, 0.01993959692886081], "aligned_model": [[0.3743846168021665, -0.1731929187261752, -0.2975388458809842, -0.6597933342260905, 0.2981574845504539, 0.3859894066696915, -0.5642759772471179, -0.4959954191988798, -0.381585033959144, 0.10058345921188824, 0.049702502952959464, 0.6704255858266174, -0.0717975996542504, 0.25849758994917854, -0.008770057744602228], [-0.27493191516983095, 0.08217766490227535, 0.715725393294796, 0.1609411240059362, 0.3114928219835972, 0.5360462702185161, 0.4088977212969539, -0.4863784965904873, -0.10690883984991728, -0.7211307916397606, -0.7039803423437542, -0.3488701610759487, 0.6209721415470092, -0.016026349896210358, 0.03379488673424672], [-0.6455522067780017, -0.5110072557607022, -0.18569887658726358, -0.25716837179191165, -0.3769340246001995, 0.22712362958357618, 0.325438715020202, -0.1479287412105062, 0.6724380360921657, -0.20229683641496582, 0.5198716477012354, 0.048031944480276645, 0.5277621923435479, 0.6167263081134162, 0.07636275826830752]], "inverted": true, "swapped": false, "error_lsq": 0.04094561910176786, "error_max": 0.31149477889419663, "target": "213.xyz", "model": "21.xyz", "model_rescale": 4.186013935880536, "target_rescale": 4.023534717198148},
{"mapping": [9, 10, 11, 1, 3, 0, 7, 8, 5, 13, 6, 2, 14], "R": [[-0.5683194888165706, -0.25325835154119053, 0.7828621628396095], [-0.5830739437627168, -0.5473565052025646, -0.6003545888201636], [0.5805495110119934, -0.7976597417364588, 0.16340502341317947]], "T": [0.09256231439349237, 0.007449301693716222, 0.034482321968013804], "aligned_model": [[0.06482023430933581, -0.4207896721194563, 0.3442995409995822, 0.44941902545070367, -0.0802594818698009, 0.7239235164350699, -0.12951277944844308, -0.8468904230315397, 0.4145532491946607, -0.26645680587206355, -0.48701410309545556, 0.27023539029462523, 0.022246344176006863], [-0.3413190094035971, 0.07175039221013374, 0.22660106154911785, -0.5396022964775217, -0.27915762680347656, -0.24782115480474737, -0.6206071257224958, -0.12893368918862164, 0.6118098246423456, 0.5481376746458917, 0.01644241484004922, 0.21372205279631562, -0.012065858737300341], [-0.6275019383225293, -0.5021742756769567, -0.5518881518936652, 0.3246381229317479, 0.6223517992385332, -0.2692231886681812, -0.018512359977702224, 0.02454614100675913, 0.09179479161004242, -0.1956841342551794, 0.5290568860659906, 0.6239642430875566, 0.05151162618893034]], "inverted": true, "swapped": true, "error_lsq": 0.03991707273628279, "error_max": 0.2511532799920624, "target": "213.xyz", "model": "22.xyz", "model_rescale": 4.166573947596378, "target_rescale": 4.023534717198148},
{"mapping": [0, 1, 2, 6, 4, 3, 12, 5, 14, 7, 10, 8, 11, 9, 15], "R": [[-0.33164293009788626, -0.9374883274542993, 0.10549219309043273], [0.7174369522204733, -0.32323732869191124, -0.6170914429229398], [0.6126150394045897, -0.12897001677544262, 0.7797881431954805]], "T": [-0.03832973532442081, 0.03358787453737092, 0.12397946447829733], "aligned_model": [[0.23683503974866543, -0.22703771137467788, -0.12732925509756682, -0.6755439435819472, 0.4684613797453426, 0.33433488820123775, -0.5373334979424823, -0.4777986826794267, -0.400620829632979, 0.06111271876935176, -0.045961309152528204, 0.7425417180745572, -0.07676472099009235, 0.27636450531245815, -0.06646884007420155], [-0.29261204576534583, 0.07670070521753827, 0.5732464434210426, 0.2756055696410934, 0.23628887647057295, 0.5048559846293256, 0.2910577328400347, -0.502625882235655, -0.2689124240293418, -0.6327236091281888, -0.6595609017651493, -0.1731422904415528, 0.6835702860505047, 0.07804885027355038, 0.022023832238992222], [-0.5721769269967028, -0.5620450572939935, -0.2680115477906939, -0.21438885557882537, -0.36788289723096745, 0.14528905853592408, 0.46174546659787197, -0.3347185108381269, 0.7589727680429909, -0.11587435081223404, 0.4075773595609369, 0.08421072832110077, 0.5691074730633048, 0.6333319189031867, 0.06203229197540372]], "inverted": false, "swapped": false, "error_lsq": 0.04108996084521656, "error_max": 0.2468874025753431, "target": "213.xyz", "model": "23.xyz", "model_rescale": 4.274766983524099, "target_rescale": 4.023534717198148},
{"mapping": [9, 13, 8, 7, 6, 3, 1, 2, 4, 12, 14], "R": [[-0.9851586422766335, -0.10107243048173978, 0.1387328848693561], [-0.10761093585802944, -0.26599817013463817, -0.9579482553712301], [0.1337248519588607, -0.9586601782078664, 0.25117389730432343]], "T": [0.12990300474317867, 0.030134035721141067, -0.044625821066450015], "aligned_model": [[0.23029544766315574, 0.28403815529984383, -0.5920332281821807, -0.34260576000825105, -0.49924002414969965, -0.42216908176743945, -0.05732380993186656, 0.0896867054591696, 0.5048002358144938, 0.12199353362580867, 0.06245253013504071], [-0.22134691777545476, 0.6784092579641952, 0.5071453578261418, -0.32355309497783435, 0.39396034511507305, -0.09102924375496496, -0.6221924804789687, 0.07730237588308474, -0.278549092787437, 0.7370158651789026, 0.0584241590507459], [-0.7427023255689921, -0.21839818515481801, -0.4351879389461454, -0.35802898066962235, 0.1842915549327852, 0.32704244235536456, 0.17946966806719067, 0.6017199857836119, 0.38493271300961734, 0.5173406400778998, -0.06091313986531401]], "inverted": true, "swapped": true, "error_lsq": 0.047596965729133835, "error_max": 0.28045616575508353, "target": "213.xyz", "model": "24.xyz", "model_rescale": 3.7841303162186577, "target_rescale": 4.023534717198148},
{"mapping": [4, 2, 12, 9, 5, 3, 14, 8, 10, 1, 7, 6, 13, 11, 15], "R": [[-0.7391628407762644, 0.6007640544847264, -0.30450097808485926], [0.25727722645664297, -0.16596954187854102, -0.9519782244964454], [-0.6224521857639673, -0.7820080958709444, -0.03188439163540041]], "T": [-0.0938008180159887, -0.11446457788434287, 0.09188193674093556], "aligned_model": [[0.4160929207736298, -0.2839327609528048, -0.23914855841047705, -0.6099708773761546, 0.17834269217714493, 0.5590680937964049, -0.6046869457706612, -0.33759713365664973, -0.595310386192134, 0.06080761575765729, 0.03264892614534205, 0.6125800710399909, 0.0536064890257545, 0.26725486179301894, -0.02496354882435156], [-0.15177069526252535, 0.052733310693257665, 0.5956756644453136, 0.1204408614562527, 0.4563370114626138, 0.35212673441473075, 0.43263135800808566, -0.4698710470244358, -0.2327137213692545, -0.7145184845639194, -0.5242331130066095, -0.23654526385365632, 0.5750199916664175, 0.06878689933913716, -0.11227837898798637], [-0.45155248580484386, -0.6185318428674597, -0.1311579184740664, -0.05139615968154046, -0.5159520873992333, 0.020772029491097493, 0.3545230677703036, -0.31272575202964936, 0.67477163331316, -0.31929677755230457, 0.5806618155468711, 0.18215262928715836, 0.43082457414901476, 0.7441742495392345, 0.09990194317143374]], "inverted": true, "swapped": false, "error_lsq": 0.03941318908960869, "error_max": 0.2617857257407416, "target": "213.xyz", "model": "25.xyz", "model_rescale": 4.19342608120988, "target_rescale": 4.023534717198148},
{"mapping": [5, 2, 4, 10, 11, 13, 9, 8, 1, 6, 7, 14], "R": [[-0.6814625800944518, 0.3688956454778434, -0.632079705953686], [-0.5680761846951587, -0.8111426175269842, 0.1390579102879966], [-0.46140892959846874, 0.4538321901088087, 0.762324171798217]], "T": [0.013748336361517628, -0.060652417875469836, -0.09173166753448407], "aligned_model": [[-0.22352895335251596, 0.39842341275260185, 0.2474229409381188, -0.5520409680688148, -0.5267363492173177, -0.5518027732787458, -0.3163809702825992, -0.10452701867273645, 0.6301042792466327, 0.28437872643423184, 0.28815300427032786, 0.024343223862597747], [-0.7033434788550877, -0.5169301034148758, -0.5804780822845025, 0.4043781738603793, -0.1733063093238752, -0.12767413753548296, 0.4233132842111048, 0.6356290586995746, -0.008244213299538325, 0.1342716533484306, 0.5333015885111166, -0.00814100617626274], [-0.038232033029240234, 0.16408245317957576, -0.4008128861260369, 0.04717192434244778, -0.4795652183266941, 0.2954056135567957, -0.5580190883427331, 0.5426763553652026, -0.44972787405699666, 0.5933650392687816, -0.2277514314124806, -0.039334393209200916]], "inverted": false, "swapped": true, "error_lsq": 0.045949907932292255, "error_max": 0.2373961768363282, "target": "213.xyz", "model": "26.xyz", "model_rescale": 3.795458400668931, "target_rescale": 4.023534717198148},
