[{"mapping": [1, 2, 3, 4, 0, 12, 9, 2, 7, 8, 6, 5, 11, 13], "R": [[0.6396981131260182, -0.5980770159479865, -0.482794166346036], [-0.7649152274748603, -0.4337042156959776, -0.4762408508985969], [0.07543884172026194, 0.6739469832874756, -0.7349179851368561]], "T": [-0.20339962567774234, 0.05332186752172391, -0.15234529520190487], "aligned_model": [[-0.7678341636254931, 0.02923791161771802, -0.205011853019066, 0.6949578125675877, -0.5773646464153711, -0.5807910949267563, -0.07525024248990109, 0.02923791161771802, 0.4099807379459282, 0.48861532235140565, 0.3200519206753694, -0.29819619196135116, -0.005320139109517397, -0.08688922438282601], [-0.06667350469918806, -0.35547194238484997, -0.4652304090126224, -0.10126697216350256, 0.005228613090002859, 0.47809692861483144, 0.5424984244394071, -0.35547194238484997, 0.45969065485177596, 0.18130949123230644, -0.4795538382083337, -0.19421213724591516, 0.4813590940589946, 0.16696357887544605], [-0.16001839367942075, 0.4559520355771105, -0.08676143269153555, 0.13481394704034538, 0.5208928771587369, -0.0416130307753923, 0.3777746945315166, 0.4559520355771105, 0.02092738204487149, -0.4919238744789757, -0.3154043184139987, -0.8609649307936158, -0.6667483380996218, -0.1452213857349008]], "inverted": true, "swapped": false, "error_lsq": 0.05371235812255793, "error_max": 0.48213526607869944, "target": "214.xyz", "model": "0.xyz", "model_rescale": 3.8414455957264533, "target_rescale": 4.138000102114789},
{"mapping": [2, 3, 5, 11, 4, 7, 0, 1, 13, 8, 10, 6, 9, 14], "R": [[-0.12282280759031572, -0.9334301482758837, 0.3370796882419557], [0.307252013802637, -0.35872852660536225, -0.8814250077084096], [0.9436687755509643, -0.004690681102756555, 0.33085833760226724]], "T": [-0.03396070792797763, 0.04950249954912574, -0.09106328172715217], "aligned_model": [[-0.737904708841596, -0.228598423194389, -0.31297455666524443, 0.6880801441204275, -0.4459056241344579, -0.4211267524108078, -0.07337410027311153, 0.2059646464592007, 0.4355068537409403, 0.4865340374227592, 0.2452254073157875, -0.3150268615971538, -0.15487134325466367, 0.003895342157754403], [-0.06846517466194255, -0.5302543220460711, -0.535307334187856, 0.11697968455488342, 0.009847064236614397, 0.5581750897900167, 0.48597297797625666, -0.2952106786192441, 0.6435640410158665, 0.14689588648240645, -0.5283324689035993, -0.2543288065558089, 0.5598375648756921, -0.012107484893711794], [-0.2785498120097023, 0.3981964342210977, -0.21136089417160103, 0.35656294584098935, 0.2618475672276538, -0.025415341376648026, 0.48639448770071403, 0.665313965609116, -0.13028182491950413, -0.6774949876780727, -0.3288513442927973, -0.7534193253138526, -0.5274672452248129, -0.03781735835034967]], "inverted": true, "swapped": false, "error_lsq": 0.044017640865785426, "error_max": 0.33536145254922345, "target": "214.xyz", "model": "1.xyz", "model_rescale": 4.316132596720782, "target_rescale": 4.138000102114789},
{"mapping": [3, 8, 7, 2, 1, 10, 4, 11, 6, 9, 5, 13], "R": [[-0.09932130361855265, -0.9934114398520908, -0.057175080397909445], [0.8695111662315029, -0.11458501020456766, 0.48043793276046726], [-0.48382394571397913, -0.0019966490465940234, 0.8751630722021706]], "T": [-0.025843225217222574, 0.02250698968305135, -0.04975551291221126], "aligned_model": [[-0.14349751530662547, 0.5239564927227016, 0.03929995266388911, -0.5916517888103128, -0.49178820884383795, -0.4705358945429092, -0.12551452101893787, -0.3503107563507273, 0.5172821715443883, 0.25936414946903685, 0.42817844065376565, 0.00302603245134948], [-0.7117757582215094, -0.2965785079638776, -0.47853144963738964, 0.3613070930897159, -0.09560992063587481, -0.09203972643693739, 0.3097538388938186, 0.5890321730513629, -0.11145198910046195, -0.09013686453009659, 0.511354336124861, 0.11745320310736923], [0.06034439397107396, 0.2056847983683847, -0.6206040730782142, -0.05644493385017888, -0.4878713741466473, 0.5586518912203788, -0.6400262212409586, 0.4682009541682841, -0.5128556798810294, 0.7486873721585257, -0.2496284857424011, -0.024880180737796534]], "inverted": true, "swapped": true, "error_lsq": 0.041578662112448025, "error_max": 0.1900975993115712, "target": "214.xyz", "model": "2.xyz", "model_rescale": 3.795458400668931, "target_rescale": 4.138000102114789},
{"mapping": [9, 8, 12, 4, 10, 2, 5, 3, 6, 1, 11, 13], "R": [[-0.3858228370596557, 0.5475986843943295, -0.7424799116830287], [0.34687014326034227, 0.831845356410633, 0.4332602067264162], [0.854881185965505, -0.09038243118917964, -0.5108905695102868]], "T": [0.1477853249043991, -0.018387535280235144, 0.10137460007913693], "aligned_model": [[-0.2699372686147574, 0.015418867336056019, -0.6346575792717294, 0.2511129544622188, 0.15781999863572488, 0.15721039739249668, -0.3387924201963454, 0.7055140702253596, 0.2123078156721379, 0.6561705434093869, -0.37004997511013227, 0.05118642180314875], [-0.15022427896480847, -0.5839641156237164, -0.08162373282320737, 0.06515532238285585, 0.4555295650960655, 0.6216970713763108, -0.25977431316760885, -0.19542752421182985, -0.6519982064247083, 0.2534269739371609, 0.6123600269263054, 0.0006122567868901523], [-0.6332476382622986, -0.26187089536480934, -0.013757448378298981, 0.7519194644833329, -0.4955625633001084, 0.2600328913407556, 0.5373001991270367, -0.3705694265852866, 0.450324933003041, 0.40247787525200795, -0.06748326550682071, 0.1292073048305485]], "inverted": true, "swapped": true, "error_lsq": 0.04529685370572378, "error_max": 0.2566016755136199, "target": "214.xyz", "model": "3.xyz", "model_rescale": 3.7530521520055578, "target_rescale": 4.138000102114789},
{"mapping": [0, 1, 4, 7, 5, 3, 12, 10, 9, 8, 13], "R": [[-0.06772838771213285, 0.6842270741804006, 0.7261171919576367], [0.926607421012652, -0.22667588463617294, 0.3000278831187035], [0.3698804574753808, 0.6931459833851286, -0.6186574923937043]], "T": [-0.06984173481971626, -0.03176987846176266, -0.049170161336726], "aligned_model": [[-0.2541757660595937, -0.08560631903237562, 0.1918078006664983, 0.46338774443501574, 0.28442904920985257, -0.071983409260193, -0.18016054818236285, -0.7690752227281926, -0.37468802677007784, 0.22015438077099717, -0.08589008060436276], [-0.7303440213627952, 0.05636018393072782, -0.4098784760092336, 0.343822109149933, -0.5984930800155495, 0.718801232571235, -0.49038841291503626, 0.2443203349257958, 0.19300916122274056, 0.2631536504666078, -0.12315932365007937], [-0.17145589787608023, -0.6933645497961299, -0.5281670691970587, -0.4438196402928436, 0.14672172434296293, -0.09129017861716496, 0.588771766139014, 0.07684100161399557, 0.7176975239846276, 0.49696846786768245, -0.006072370923688883]], "inverted": false, "swapped": true, "error_lsq": 0.0449371927253621, "error_max": 0.23071979972535822, "target": "214.xyz", "model": "4.xyz", "model_rescale": 3.7855080009869324, "target_rescale": 4.138000102114789},
{"mapping": [15, 12, 14, 1, 13, 8, 6, 11, 4, 5, 2, 9, 10, 16], "R": [[0.752137395281184, 0.4448564641075641, 0.48620167108037804], [0.49383484652200665, -0.8689974274755591, 0.031154701113104796], [0.4363673715806701, 0.2166707118707471, -0.8732910852843979]], "T": [0.00097955120448745, 0.06208501832719648, -0.09610623209527491], "aligned_model": [[-0.7855803528292001, -0.023298047674571387, -0.30564978793017605, 0.6187999425842294, -0.4921741831646374, -0.5747015679298115, 0.028473081299581898, 0.07408573899473148, 0.5897573444948337, 0.4821564598544291, 0.268303541290978, -0.2185961068057326, -0.26909644553861334, -0.01705555580059589], [-0.014825349481882279, -0.444204782239093, -0.5362016669095061, -0.22142296721470972, 0.021600190475334742, 0.4633475758640876, 0.49940444919250454, -0.02093695213932354, 0.45069155304454006, 0.44877095449354887, -0.5550579649201239, -0.25073710046292486, 0.4411321379916344, 0.0157059613694154], [-0.33004301709465117, 0.3579273559192763, -0.1717956579299827, 0.23709809728644649, 0.43307049818204024, -0.04235232102961767, 0.3877045669341761, 0.6914209522145582, 0.125989367069761, -0.619600275970218, -0.4018154241905198, -0.696808214490939, -0.656772363702668, -0.11636629593543223]], "inverted": true, "swapped": false, "error_lsq": 0.03446284604112141, "error_max": 0.22063498521254968, "target": "214.xyz", "model": "5.xyz", "model_rescale": 4.2253639853439635, "target_rescale": 4.138000102114789},
{"mapping": [2, 11, 5, 9, 6, 3, 7, 12, 0, 1, 8, 10, 4, 13], "R": [[-0.439778768440046, -0.6977102213235673, 0.565504272211957], [-0.4785700769606136, 0.7148744501126187, 0.5098286006238699], [-0.7599771814122243, -0.04642162897615443, -0.6482898395748089]], "T": [-0.009660882360936783, -0.0027156782009970445, -0.09761203052489356], "aligned_model": [[-0.6173044444099155, -0.1399186733325166, -0.39631209417251656, 0.5935018277303548, -0.5143970813736382, -0.4308734644798779, -0.10646559868989294, 0.20658009007303876, 0.43967969269275764, 0.40032139997641447, 0.35811209578841735, -0.1889333256043589, -0.17883767233662815, -0.04972869101619271], [0.018259384986715206, -0.5510465276315565, -0.49461979983959903, -0.05177880947543572, 0.011989266446173326, 0.5449362245444802, 0.4659286905398944, -0.0592401767901739, 0.6390279945742589, 0.17870059042423014, -0.6061244064303344, -0.3367330297383986, 0.49588327962405665, 0.042083357829191384], [-0.38133894194136964, 0.43896972118415756, -0.1939055504017634, -0.017712207056635537, 0.3008137494294706, 0.06259666706139369, 0.5351537385957451, 0.8086928780842799, 0.07362101356981368, -0.6787389078983483, -0.3132641087400117, -0.7793790540414414, -0.5705703851353359, -0.08728134544772423]], "inverted": true, "swapped": false, "error_lsq": 0.03947906504985744, "error_max": 0.31812534197329373, "target": "214.xyz", "model": "6.xyz", "model_rescale": 3.89814844738969, "target_rescale": 4.138000102114789},
{"mapping": [5, 12, 11, 6, 2, 9, 8, 4, 7, 3, 10, 1, 13], "R": [[-0.7866255206755333, -0.5059750690827739, -0.353849572118759], [0.593282139667293, -0.4607053553468268, -0.6601264108536735], [0.17098711347275553, -0.7292049129164153, 0.6625885616314386]], "T": [-0.06306851093998492, 0.05685780773927468, 0.015543019920099006], "aligned_model": [[0.06756421651912975, 0.05826794324651238, 0.5456412931874646, -0.46281243355315194, 0.5471510566009572, -0.38156962462191213, -0.6658645793455441, 0.26793780011553014, -0.4599920752039568, -0.5847697020215538, 0.06925450332358829, 0.15445378803681895, -0.006630385379659834], [-0.4369234512705466, 0.13656756180799512, 0.5034322791917558, -0.5465636439193147, 0.21283726984276727, 0.6504278965374217, 0.11778925807552394, -0.481782062775931, -0.3386856249499644, 0.38799760391429033, 0.8053377758768958, -0.0885192075005597, 0.04186561064015205], [-0.4579247881077671, -0.764453725937873, -0.337376913984092, -0.043442717871381695, 0.21117552194412031, -0.5115001618544454, -0.3042526891775342, 0.21843841324387409, 0.5324069352141637, 0.443690165134993, 0.07299253621173153, 0.6109852194853387, -0.06846276346483256]], "inverted": false, "swapped": true, "error_lsq": 0.05199792860063433, "error_max": 0.2797078993785901, "target": "214.xyz", "model": "7.xyz", "model_rescale": 3.7474275329858107, "target_rescale": 4.138000102114789},
{"mapping": [6, 8, 5, 4, 3, 0, 1, 2, 12, 11, 9, 7, 10, 14], "R": [[-0.795594669260558, -0.41945546240097054, -0.4371341182133598], [0.17574043646088522, -0.8503111271696826, 0.4960708477666894], [-0.5797796316159453, 0.31784918133198375, 0.7502182860273847]], "T": [0.05304860821093933, 0.09837135249233217, -0.05064980596778414], "aligned_model": [[-0.7180458750500301, 0.1178887113228237, -0.3409633166911771, 0.5704461346448658, -0.5273341001938413, -0.4855893723447304, -0.04334421798638437, 0.07559492389241514, 0.4160829521416502, 0.3655925031048108, 0.2512021408437738, -0.18394517905329422, -0.21138631864850216, 0.08922507486306605], [0.035975250643759185, -0.5118171380229014, -0.4782499795257662, -0.24416026000422572, -0.17355841468046204, 0.4602137928241121, 0.6066957623946863, 0.00044303711688473135, 0.5688657868552038, 0.07078906490220169, -0.5021063432219499, -0.13657866021905593, 0.4949535521208426, 0.10580058788017342], [-0.31229483794115376, 0.2471354907271761, -0.20965894570035015, 0.4260028347739704, 0.27082282194117724, 0.06403415936570904, 0.4944341668336264, 0.7851080564222531, -0.2164318048690987, -0.5873391823911777, -0.4755052573194092, -0.6443753892544496, -0.6406159813396578, -0.0036588639863851455]], "inverted": true, "swapped": false, "error_lsq": 0.0448393807893381, "error_max": 0.32194075551906187, "target": "214.xyz", "model": "8.xyz", "model_rescale": 4.019505241142653, "target_rescale": 4.138000102114789},
{"mapping": [9, 3, 8, 12, 11, 5, 6, 10, 2, 1, 7, 4, 13], "R": [[0.8904325444494502, -0.4065419259548151, 0.20458139266860964], [0.0583532034268537, -0.34382225787911125, -0.9372199094325379], [0.45135882337127564, 0.8464690882884381, -0.2824275042148658]], "T": [0.009040520059698895, -0.04251221145634811, 0.04990878752961038], "aligned_model": [[-0.2082428735394209, -0.7292139133261761, -0.18135089327031462, 0.4872998275965078, 0.3012059129918173, 0.6464053775541145, 0.16709822531026836, -0.38399147697606534, 0.15026334167852545, -0.1310935951935558, -0.2884253422422739, 0.3909136274622303, 0.09883255369551909], [-0.5677930967051493, 0.08278530357538608, 0.06991243046608434, -0.4440213414535217, -0.8119773215982733, 0.1276516446257579, 0.6097967770624448, -0.6901863949708186, -0.3791525292639023, 0.19003215702265042, 0.6472414950774061, 0.31564359556512306, -0.08655449128912844], [-0.5891615087960669, -0.016548715097219238, -0.5985176515529961, -0.43950878146500416, 0.1805674703179156, -0.17340020688359115, -0.22740459937992813, 0.13402829207033778, 0.5991801231521546, 0.6409141906911879, 0.17992845924356093, 0.45827379146452246, 0.028352630279005454]], "inverted": true, "swapped": true, "error_lsq": 0.051967302545440436, "error_max": 0.33376116119224797, "target": "214.xyz", "model": "9.xyz", "model_rescale": 3.877068213659057, "target_rescale": 4.138000102114789},
{"mapping": [10, 0, 11, 1, 12, 6, 3, 5, 4, 2, 8, 9, 14, 15], "R": [[0.7119947267006891, 0.6312426412714207, 0.30756501262512226], [-0.15491523763636655, 0.5684285732396935, -0.8080162289661976], [-0.6848830398677421, 0.5276567870930562, 0.5025072504314281]], "T": [-0.02190645288887026, 0.12909569795446635, -0.10109457299756355], "aligned_model": [[-0.6476690861540481, -0.055776880141723204, -0.42153489829167007, 0.5961568309525128, -0.4831921662953792, -0.5217010535111916, 0.013403208280136112, 0.17674769780148514, 0.5464086890788548, 0.3427869019068737, 0.27260720319673953, -0.059347040894678085, -0.35340339838925994, -0.030061946693206384], [0.004811466711538842, -0.5396191452746011, -0.49087334916294306, -0.25636820919434494, -0.07973377867854639, 0.450744876808794, 0.5520223919065499, 0.030159157720690666, 0.4635705282274849, 0.3295068552694401, -0.5186937835696892, -0.09273939823630417, 0.3894876258229777, 0.05499080071245488], [-0.41123218138013806, 0.3295320497704942, -0.12540017944910095, 0.3704157276918415, 0.4482695649016628, 0.06337955279722207, 0.3707608943853159, 0.6484009451095121, 0.05133628696527637, -0.6179983192995259, -0.3993451887787398, -0.7216046022214785, -0.7582303014916221, -0.050626981738489354]], "inverted": true, "swapped": false, "error_lsq": 0.041709121968680436, "error_max": 0.27102480975425175, "target": "214.xyz", "model": "10.xyz", "model_rescale": 4.260839863003843, "target_rescale": 4.138000102114789},
{"mapping": [10, 1, 4, 2, 5, 12, 9, 3, 7, 6, 8, 13], "R": [[0.917073431026685, -0.3488384064057361, 0.19310123852852634], [0.392718467138307, 0.7065719736445644, -0.5886665028932457], [0.06890956155340677, 0.6156848319362201, 0.7849736683801476]], "T": [-0.014370873379675917, -0.02178375895390943, -0.08701585591984301], "aligned_model": [[0.3675741818596548, 0.08933100607720901, -0.41893290457476406, -0.19304704805668826, -0.6348092266776256, -0.46327724574404655, 0.2394777569447769, 0.7275474709949251, 0.27932978865758873, -0.1494109388780626, 0.21804090480510432, -0.10292509631394146], [0.09104407243804247, -0.663536324288045, -0.5029533557513899, -0.4191293633294609, 0.16900509786255608, 0.5999659965698456, 0.7415976457625056, -0.04358007664115015, -0.3902466578450806, 0.0321365585183211, 0.5404456508615849, 0.01832926137520475], [-0.7369542722108393, -0.0669807562332107, 0.1266895738948482, -0.5821530938068203, 0.16539743284094832, -0.2904400774719612, -0.37745109655550607, 0.032222418799937314, 0.5122555710682115, 0.6244957387324237, 0.2279887367165911, -0.11889209837911775]], "inverted": false, "swapped": true, "error_lsq": 0.0454965633205964, "error_max": 0.24392746124028464, "target": "214.xyz", "model": "11.xyz", "model_rescale": 3.890672605050136, "target_rescale": 4.138000102114789},
{"mapping": [2, 12, 10, 5, 4, 0, 3, 7, 8, 6, 9, 11, 1, 13], "R": [[-0.765504142347702, -0.6315438389847946, 0.123108844072459], [0.38228946612089343, -0.6003154082889073, -0.7024785937407098], [0.5175501638889812, -0.49068705914388117, 0.700976488797747]], "T": [0.006568120111126986, 0.05326604601353816, -0.17224873516213035], "aligned_model": [[-0.6643122484972657, 0.00763490127613068, -0.5100101559996535, 0.6172215470408451, -0.5897431838614485, -0.21354909957703302, -0.16313078669738576, 0.20242694302148964, 0.465119225604695, 0.31405376551036085, 0.4865602780887634, -0.2135879569549203, -0.33191037935386164, -0.03134878875527036], [-0.13379194377371553, -0.5333093355397027, -0.6701271356066709, -0.2702018631850937, 0.08218703780127806, 0.5956298946603418, 0.6263286816452635, -0.06163477435923955, 0.5417101410502523, 0.2658344177272073, -0.5024832294437579, -0.2420651641165705, 0.5903151129281867, 0.008874199275723457], [-0.3154024048297538, 0.28716429303655777, -0.0753483023541831, 0.18474298145425916, 0.19467557421744924, -0.09424613889125547, 0.531927842602887, 0.6495792840987312, 0.09297625519987329, -0.6107981726967979, -0.4302616943910489, -0.5809943063298513, -0.6220363467259363, -0.014321597128701374]], "inverted": false, "swapped": false, "error_lsq": 0.048390787289791355, "error_max": 0.28422069996038846, "target": "214.xyz", "model": "12.xyz", "model_rescale": 4.124412569039231, "target_rescale": 4.138000102114789},
{"mapping": [8, 3, 10, 6, 9, 12, 7, 5, 1, 4, 11, 2, 13], "R": [[0.08397144031000757, 0.41163633761874013, 0.9074713895016713], [-0.2383252822861179, 0.892553925858866, -0.3828166000282236], [-0.9675483745195925, -0.18412771379061144, 0.17305238507093057]], "T": [0.07929650605145931, 0.14239388425394234, -0.019914694421690658], "aligned_model": [[-0.13372579677622687, -0.12174401926028401, 0.6929927890178709, -0.585968887010977, 0.49448618235967645, 0.4565065815791224, -0.6123585124785352, -0.05839440687784585, -0.0864414366471974, -0.1856015622709219, 0.8830433042966847, 0.49617794060858506, 0.12832613096980655], [-0.2191883256082663, 0.57927672094294, 0.4381878946556892, -0.1457616136460566, -0.21877400221744414, -0.5553845068615846, 0.46126693994972556, -0.4364251071400869, 0.6896317042340103, 0.215241629046726, 0.02104566664516183, 0.45261508630398944, 0.06575329020367308], [0.5215876982707958, 0.5578843792461157, 0.32201346384097146, -0.0621087114645365, 0.6348510771763465, -0.00291530119972077, 0.01301765499676042, -0.38194562427401285, -0.3298558870192014, -0.6243870661450839, -0.2036932522966515, -0.42604554079554663, -0.06670480936839729]], "inverted": true, "swapped": true, "error_lsq": 0.04571420503083515, "error_max": 0.25360495427056334, "target": "214.xyz", "model": "13.xyz", "model_rescale": 3.9028299243045295, "target_rescale": 4.138000102114789},
{"mapping": [7, 14, 9, 12, 10, 4, 5, 13, 8, 2, 1, 6, 3, 15], "R": [[-0.5657970356859793, -0.3808080957098505, 0.7313404874959377], [-0.30694171510067336, 0.9204904958080784, 0.24183471764421005], [-0.7652845862422786, -0.08764953718551582, -0.6376966839267311]], "T": [0.024017133043872624, 0.07940653370520491, -0.113106959114472], "aligned_model": [[-0.8558535256045898, -0.17625372024103922, -0.41138452257413316, 0.5780217163949115, -0.5468606777180306, -0.4224804302220826, 0.0971800149009855, 0.12746626681032655, 0.5789380046040643, 0.5276454887950152, 0.3620435535350498, -0.1441848488135029, -0.27709392289616086, -0.06175933612536777], [-0.11236042910789061, -0.5739450108404738, -0.5520475488744628, -0.11168666847260077, 0.028915829169850152, 0.5751622596466891, 0.3758771319275388, -0.006797819976053748, 0.5932430703971849, 0.30944437334337255, -0.3493961413231503, -0.23604920003039914, 0.3500613967023776, 0.006844796501520006], [-0.2114990922356299, 0.44909762762176386, -0.22507390219247014, 0.2621297643926496, 0.36323516161829944, 0.006180341452288934, 0.2978117807395363, 0.6708053050609271, 0.043551904103962535, -0.5984839684317547, -0.4653358061461349, -0.6757827410722701, -0.5872034918636693, -0.13177561578526886]], "inverted": true, "swapped": false, "error_lsq": 0.03775869697600119, "error_max": 0.29263415750813926, "target": "214.xyz", "model": "14.xyz", "model_rescale": 3.942246331269136, "target_rescale": 4.138000102114789},
{"mapping": [3, 5, 1, 7, 5, 4, 10, 9, 6, 8, 0, 12, 13, 14], "R": [[-0.5364809520478091, 0.8385811664617064, 0.09470910909516633], [0.49429410902377413, 0.2212800193333604, 0.8406595546523103], [0.6840040364458893, 0.4978119929245894, -0.5332182459614252]], "T": [-0.0331559650201056, 0.12441648653497098, -0.05277759287575223], "aligned_model": [[-0.7238825016619728, -0.27989991527654196, -0.43533568426527314, 0.7336726946166086, -0.27989991527654196, -0.4601809550713399, -0.17081247048494458, 0.26848776522948886, 0.4468743787083013, 0.6101531539546676, 0.3594222974199518, -0.39533746274155057, -0.2828871596450471, -0.014950164660360726], [-0.07014418159291011, -0.3580992985781626, -0.5381123842202021, -0.163134747531578, -0.3580992985781626, 0.5260209871323024, 0.6281660974257529, 0.11204137738812961, 0.3747857257874736, 0.16767491564458167, -0.4517005591565443, -0.11896562042164724, 0.5108607336366041, 0.035972292127864514], [-0.0926640379042388, 0.2774882066215916, -0.2893117439499084, 0.19271701536565922, 0.2774882066215916, -0.05801781179445023, 0.4333165668029629, 0.6935602815531655, 0.0874917996321343, -0.48070633933088447, -0.28663425921537855, -0.7439114228134543, -0.7230201018369248, -0.09013909248963525]], "inverted": false, "swapped": false, "error_lsq": 0.05094932496165846, "error_max": 0.4050768246127241, "target": "214.xyz", "model": "15.xyz", "model_rescale": 4.355366556412066, "target_rescale": 4.138000102114789},
{"mapping": [3, 8, 7, 2, 1, 10, 4, 11, 6, 9, 5, 13], "R": [[-0.09932130361855265, -0.9934114398520908, -0.057175080397909445], [0.8695111662315029, -0.11458501020456766, 0.48043793276046726], [-0.48382394571397913, -0.0019966490465940234, 0.8751630722021706]], "T": [-0.025843225217222574, 0.02250698968305135, -0.04975551291221126], "aligned_model": [[-0.14349751530662547, 0.5239564927227016, 0.03929995266388911, -0.5916517888103128, -0.49178820884383795, -0.4705358945429092, -0.12551452101893787, -0.3503107563507273, 0.5172821715443883, 0.25936414946903685, 0.42817844065376565, 0.00302603245134948], [-0.7117757582215094, -0.2965785079638776, -0.47853144963738964, 0.3613070930897159, -0.09560992063587481, -0.09203972643693739, 0.3097538388938186, 0.5890321730513629, -0.11145198910046195, -0.09013686453009659, 0.511354336124861, 0.11745320310736923], [0.06034439397107396, 0.2056847983683847, -0.6206040730782142, -0.05644493385017888, -0.4878713741466473, 0.5586518912203788, -0.6400262212409586, 0.4682009541682841, -0.5128556798810294, 0.7486873721585257, -0.2496284857424011, -0.024880180737796534]], "inverted": true, "swapped": true, "error_lsq": 0.041578662112448025, "error_max": 0.1900975993115712, "target": "214.xyz", "model": "16.xyz", "model_rescale": 3.795458400668931, "target_rescale": 4.138000102114789},
{"mapping": [5, 12, 11, 6, 2, 9, 8, 4, 7, 3, 10, 1, 13], "R": [[-0.7866255206755333, -0.5059750690827739, -0.353849572118759], [0.593282139667293, -0.4607053553468268, -0.6601264108536735], [0.17098711347275553, -0.7292049129164153, 0.6625885616314386]], "T": [-0.06306851093998492, 0.05685780773927468, 0.015543019920099006], "aligned_model": [[0.06756421651912975, 0.05826794324651238, 0.5456412931874646, -0.46281243355315194, 0.5471510566009572, -0.38156962462191213, -0.6658645793455441, 0.26793780011553014, -0.4599920752039568, -0.5847697020215538, 0.06925450332358829, 0.15445378803681895, -0.006630385379659834], [-0.4369234512705466, 0.13656756180799512, 0.5034322791917558, -0.5465636439193147, 0.21283726984276727, 0.6504278965374217, 0.11778925807552394, -0.481782062775931, -0.3386856249499644, 0.38799760391429033, 0.8053377758768958, -0.0885192075005597, 0.04186561064015205], [-0.4579247881077671, -0.764453725937873, -0.337376913984092, -0.043442717871381695, 0.21117552194412031, -0.5115001618544454, -0.3042526891775342, 0.21843841324387409, 0.5324069352141637, 0.443690165134993, 0.07299253621173153, 0.6109852194853387, -0.06846276346483256]], "inverted": false, "swapped": true, "error_lsq": 0.05199792860063433, "error_max": 0.2797078993785901, "target": "214.xyz", "model": "17.xyz", "model_rescale": 3.7474275329858107, "target_rescale": 4.138000102114789},
{"mapping": [1, 8, 3, 5, 0, 2, 6, 4, 9, 12, 10, 11, 7, 13], "R": [[0.4040020603632576, 0.1723762311869106, -0.8983700630275029], [-0.7855782266465443, -0.4377827454027489, -0.43727922160388843], [-0.468667456776245, 0.8824016674675025, -0.04145011712236599]], "T": [-0.061358064526756774, 0.0078105009801388466, -0.11247199558134688], "aligned_model": [[-0.721169429804623, -0.028749406815532848, -0.3765801775405993, 0.6215460393358313, -0.603462421059762, -0.5011454766400391, -0.02561651100465865, 0.23695371286492903, 0.327028082172921, 0.5426939454764782, 0.30955919905817786, -0.16624386071149821, -0.11440256856258299, -0.1249870659235959], [-0.026303346219300566, -0.5584533017471072, -0.5797229050180818, -0.16092177290738902, -0.009289308105223031, 0.5382971014086219, 0.5533290394084038, 0.017982131211794445, 0.5301209773988187, 0.21289896961830082, -0.5363565450535367, -0.2299732525757835, 0.4838440096953228, 0.06181424194866092], [-0.3174198535576821, 0.32927049997669977, -0.2390764884418001, 0.05602530809640768, 0.523902779168603, 0.05783279801594246, 0.43170708987053663, 0.6622101608082588, 0.04267997227966008, -0.5027242377993834, -0.3192133316733446, -0.7864115463643556, -0.6938476583057176, -0.04727822481159505]], "inverted": true, "swapped": false, "error_lsq": 0.03619358589350969, "error_max": 0.20620563167601882, "target": "214.xyz", "model": "18.xyz", "model_rescale": 3.922800546911778, "target_rescale": 4.138000102114789},
{"mapping": [7, 2, 3, 1, 9, 11, 10, 2, 6, 8, 5, 12, 13, 14], "R": [[0.6374556555140152, 0.5580507767024943, 0.5312528756392204], [-0.3789825791853184, 0.8274242374544827, -0.4144168625272289], [-0.6708371575332136, 0.06283678774898725, 0.7389377823458125]], "T": [0.04669722073626946, 0.0451749287483204, -0.1418560892350912], "aligned_model": [[-0.7343618202889504, -0.025789299860816253, -0.3059886390780602, 0.6705056539174454, -0.5159353605939093, -0.48064227554406025, -0.05591617244407074, -0.025789299860816253, 0.5489316517274203, 0.4556011719187035, 0.39333002663923927, -0.2526462699917585, -0.2478603398129664, -0.04801496588195504], [-0.04798426650406832, -0.17818614771534846, -0.48845414262522036, -0.17066210777901664, -0.06928441208764893, 0.5111622841404604, 0.5098486034570586, -0.17818614771534846, 0.46095568287556127, 0.24384989448388683, -0.4956265291862706, -0.2910836644599001, 0.46381818547988307, 0.027098806699474235], [-0.2814238427863578, 0.534889429139804, -0.14324966633913339, 0.19319679657696898, 0.4352806568105224, -0.032254752353406024, 0.5094115322815944, 0.534889429139804, 0.08320992938497868, -0.5513881035135652, -0.5540613792949958, -0.7867883939143504, -0.5998816495880693, -0.14417271828156486]], "inverted": true, "swapped": false, "error_lsq": 0.03980801855361875, "error_max": 0.34788553395629757, "target": "214.xyz", "model": "19.xyz", "model_rescale": 3.9282355846067225, "target_rescale": 4.138000102114789},
{"mapping": [3, 8, 6, 12, 4, 0, 11, 9, 10, 2, 7, 5, 1, 13], "R": [[-0.8221729870588806, 0.11492342669267222, -0.5575160852817538], [0.379495742539236, 0.8406618896951698, -0.3863554951191198], [0.4242812283677793, -0.5292260322502668, -0.7347824481051299]], "T": [-0.045698787237669625, -0.09151039459376961, -0.03727287304283529], "aligned_model": [[-0.7114925692292065, -0.26210758054517597, -0.3327302933249279, 0.7571421397890697, -0.5765680666209043, -0.44198684304786395, -0.11546222421824559, 0.29073668843216466, 0.48688279250528377, 0.35859641376973483, 0.42087049905814383, -0.21927023566033627, -0.22601425485541837, -0.053172405206872775], [0.06388514475014873, -0.4960095481600565, -0.6315458435252039, -0.12738355770042006, 0.003770524779533463, 0.6015852132444134, 0.40074635014742543, -0.13293562460720862, 0.5856810855581437, 0.20770225839199027, -0.4297912987634884, -0.23342965701126897, 0.43015162756013814, 0.05483936439935577], [-0.3517978090256211, 0.569496645037574, -0.26709602781138464, 0.24013279980315144, 0.2920707158583535, 0.015369727713914677, 0.4786530241976635, 0.5656532802022621, -0.0355672588935821, -0.6897553548731779, -0.273867267184276, -0.6986517565097347, -0.5440823669226373, -0.10290108433027541]], "inverted": true, "swapped": false, "error_lsq": 0.039810971069260556, "error_max": 0.25834182503028036, "target": "214.xyz", "model": "20.xyz", "model_rescale": 4.067790424073018, "target_rescale": 4.138000102114789},
{"mapping": [8, 13, 5, 11, 1, 7, 9, 10, 12, 3, 6, 4, 0, 14], "R": [[0.3073019541285715, -0.8257585926006112, 0.4729569279913548], [0.8400292213489262, 0.0018716718937165676, -0.5425379287425348], [0.4471201362818261, 0.5640206056436062, 0.6942365159949031]], "T": [-0.031777112739612416, -0.015100930778142951, -0.15862514244794262], "aligned_model": [[-0.5867443263283224, 0.05104151911799377, -0.40849632752027726, 0.5619270120344835, -0.5968831739888497, -0.5576996946275687, -0.12332049003160961, 0.1272676606579059, 0.4375034153312002, 0.681604160373112, 0.337911568595198, -0.3838099516581011, -0.15567564660475694, -0.009201664504961876], [0.008932626536989619, -0.47577502656143905, -0.4655375278918125, -0.11395734970249416, 0.018927752214205534, 0.49744212774598967, 0.46863534564632714, -0.0054218396043898, 0.5213088178986023, 0.2532831535571141, -0.53151303807903, -0.4312599611237545, 0.5516864026006705, 0.0005145558265236203], [-0.2874726363677581, 0.3619936785417282, -0.09816336895771911, 0.07754232915394016, 0.435346481076278, -0.026833609230441147, 0.4427640197539167, 0.6450525894836141, 0.12254070611090706, -0.5365168717811133, -0.5383694209056407, -0.7462959997490928, -0.568331502599162, -0.08559912726722677]], "inverted": false, "swapped": false, "error_lsq": 0.038840254435407714, "error_max": 0.22612127889995054, "target": "214.xyz", "model": "21.xyz", "model_rescale": 4.186013935880536, "target_rescale": 4.138000102114789},
{"mapping": [2, 0, 11, 3, 7, 10, 1, 4, 12, 5, 6, 8, 13], "R": [[0.7591735165121136, -0.15610858592853222, -0.6318905611148387], [-0.2623250261262969, 0.8150936199902763, -0.5165345790157565], [0.5956854476101203, 0.5579000807049066, 0.577846300892365]], "T": [0.06275877336653658, -0.06844663002812651, 0.06667104020530387], "aligned_model": [[-0.004722569410173252, -0.27610385551219885, 0.3647405182612704, 0.45260128200097793, -0.2823715047189406, 0.7168808050329835, -0.24212472397684615, -0.576297898893139, 0.23842621926622937, -0.3567343115285561, -0.37603560410979525, 0.35356392625080624, 0.046751752760607106], [-0.30432992595833414, 0.20544515931017587, 0.1788321780749736, -0.5394854129974822, -0.4912694527645335, -0.2702540593094061, -0.6302772448050189, -0.1728578187344275, 0.6791156548948689, 0.4871111422470021, 0.11351062133489487, 0.24787626013665193, 0.015539558116728122], [-0.545517597499025, -0.5224758651132966, -0.6696502760380336, 0.5040278267569427, 0.5988901507853075, -0.26863511676870033, -0.05330501358200096, -0.08019455145099272, -0.13273478260100688, 0.045749284510846026, 0.6159824475347881, 0.6002600482407904, 0.010483006559727476]], "inverted": false, "swapped": true, "error_lsq": 0.04743203795728831, "error_max": 0.2828568491756225, "target": "214.xyz", "model": "22.xyz", "model_rescale": 4.166573947596378, "target_rescale": 4.138000102114789},
{"mapping": [1, 3, 4, 9, 2, 6, 12, 11, 14, 10, 8, 0, 5, 15], "R": [[-0.12744042767602032, 0.28140205061686946, -0.9510898082212711], [-0.2454309906025673, -0.9380344018093262, -0.24465299890674228], [-0.9610008149037106, 0.20224823097085606, 0.18860828938189234]], "T": [0.024142755511833702, 0.04068358037811943, -0.049866355099086844], "aligned_model": [[-0.6412841880997222, -0.0283000801062622, -0.315768831242547, 0.5434631669867342, -0.558355970123602, -0.5685115662926912, 0.04850447756183412, 0.12987625574520895, 0.5734585315081406, 0.5448418026188717, 0.3250726377070587, -0.35125219386245665, -0.2930556497491046, -0.033264331806016574], [0.05410163844922015, -0.4341195735899755, -0.5978139017229587, -0.15377876464299162, -0.11248066636979176, 0.4946697201335731, 0.5100017071638898, -0.006143640608145144, 0.6033410277941539, 0.30301865383822607, -0.6406814139330973, -0.2791361821914337, 0.49971623125548087, 0.05657120348735262], [-0.30506431610294243, 0.3151519540175207, -0.1788415151311498, 0.1802203087398336, 0.250208947683948, 0.09766354601666771, 0.406782697892673, 0.7303393650347162, 0.03757813202899762, -0.5199663919833457, -0.3649252238052852, -0.7006733267060629, -0.6660937306105661, -0.08472317981277463]], "inverted": true, "swapped": false, "error_lsq": 0.03657186235311528, "error_max": 0.2336792487404014, "target": "214.xyz", "model": "23.xyz", "model_rescale": 4.274766983524099, "target_rescale": 4.138000102114789},
{"mapping": [3, 10, 9, 8, 12, 5, 6, 4, 1, 2, 13], "R": [[-0.11653818038909544, 0.8669451691893776, -0.48458737718888245], [0.0998037728434702, 0.4956644290173805, 0.862760674076585], [0.9881589241806237, 0.05218091055238239, -0.14428822937480595]], "T": [0.012730474280739812, 0.06983149115544343, 0.05907545189084835], "aligned_model": [[0.38706143096851386, 0.20313076770343141, -0.46784375014883567, -0.3952299211309724, -0.7132088116889718, -0.4985202261900805, -0.20453579792434942, 0.18820811894384687, 0.6087743334319121, 0.33340487389320445, -0.06134631389962403], [-0.1139391803087102, 0.693628306649827, 0.4259552979829264, -0.19500503886904777, 0.38298723314256833, -0.10440444270629173, -0.6161676451150595, -0.164108921009492, -0.03484928932370043, 0.5278252317179485, 0.11366497908251474], [-0.5664166348035012, -0.3354588951219983, -0.5522895570948775, -0.4233921277688035, 0.12553399463406453, 0.49875848214203766, 0.1570168693247104, 0.6551829157585772, 0.2973515360909678, 0.4089029123551145, 0.11437693850528574]], "inverted": true, "swapped": true, "error_lsq": 0.05167178646621675, "error_max": 0.23125751564331457, "target": "214.xyz", "model": "24.xyz", "model_rescale": 3.7841303162186577, "target_rescale": 4.138000102114789},
{"mapping": [2, 14, 12, 11, 9, 8, 0, 10, 7, 6, 3, 5, 4, 15], "R": [[0.9634895967747817, 0.22368600339847444, 0.1471474389528628], [0.2250391630907932, -0.37877624760695305, -0.8977114955954346], [-0.14506954188307136, 0.8980496234242372, -0.41528508507460504]], "T": [-0.032243631664903516, 0.08730826259255234, 0.010436070861504339], "aligned_model": [[-0.7160923150763409, -0.18430137691710538, -0.3467525490526554, 0.6879566560713659, -0.4818762166283396, -0.47423967535790257, 0.03966680486623146, 0.11814474762481966, 0.4563722225114664, 0.48652906491527437, 0.28583582515248096, -0.37686079523215393, -0.13566857974816282, 0.016710247716467015], [0.03256158346521196, -0.5564165432161191, -0.5816505604390281, -0.1684193995180354, -0.17755915064954628, 0.479323981613738, 0.7708807215291628, 0.03450086924229981, 0.41192091299285516, 0.2748520229249618, -0.2759526683873831, -0.32432760397805416, 0.2855599094057687, 0.09199196407766949], [-0.3028478375158551, 0.4483810203768131, -0.159122592732907, 0.0835283244779701, 0.2746641928842397, 0.030953308465587616, 0.27290041482626276, 0.7719147769717677, 0.2909476291756787, -0.4561779875275882, -0.6344428656897678, -0.6832019250493399, -0.7013953048927386, -0.03844388650789315]], "inverted": false, "swapped": false, "error_lsq": 0.049651219011684004, "error_max": 0.34915331078366973, "target": "214.xyz", "model": "25.xyz", "model_rescale": 4.19342608120988, "target_rescale": 4.138000102114789},
{"mapping": [3, 8, 7, 2, 1, 10, 4, 11, 6, 9, 5, 13], "R": [[-0.09932130361855265, -0.9934114398520908, -0.057175080397909445], [0.8695111662315029, -0.11458501020456766, 0.48043793276046726], [-0.48382394571397913, -0.0019966490465940234, 0.8751630722021706]], "T": [-0.025843225217222574, 0.02250698968305135, -0.04975551291221126], "aligned_model": [[-0.14349751530662547, 0.5239564927227016, 0.03929995266388911, -0.5916517888103128, -0.49178820884383795, -0.4705358945429092, -0.12551452101893787, -0.3503107563507273, 0.5172821715443883, 0.25936414946903685, 0.42817844065376565, 0.00302603245134948], [-0.7117757582215094, -0.2965785079638776, -0.47853144963738964, 0.3613070930897159, -0.09560992063587481, -0.09203972643693739, 0.3097538388938186, 0.5890321730513629, -0.11145198910046195, -0.09013686453009659, 0.511354336124861, 0.11745320310736923], [0.06034439397107396, 0.2056847983683847, -0.6206040730782142, -0.05644493385017888, -0.4878713741466473, 0.5586518912203788, -0.6400262212409586, 0.4682009541682841, -0.5128556798810294, 0.7486873721585257, -0.2496284857424011, -0.024880180737796534]], "inverted": true, "swapped": true, "error_lsq": 0.041578662112448025, "error_max": 0.1900975993115712, "target": "214.xyz", "model": "26.xyz", "model_rescale": 3.795458400668931, "target_rescale": 4.138000102114789},
{"mapping": [10, 3, 9, 11, 5, 1, 3, 2, 7, 8, 4, 6, 13], "R": [[0.731857699620131, 0.611880351276445, -0.2999779045672269], [-0.5448382814601715, 0.7897940278580483, 0.281738603345881], [0.40931107309998, -0.04275312013847382, 0.9113926794506132]], "T": [-0.12895495599486584, -0.01666967646961344, -0.10734335360282907], "aligned_model": [[0.00029428607983381094, 0.17097841805714936, 0.6011088718971593, -0.26333202235313147, -0.15760769785818002, -0.658882730266403, 0.17097841805714936, -0.6514539733060755, -0.22693277671613746, 0.5282906121200064, -0.6810235360566722, 0.0017721766474064204, -0.13451366348084873], [-0.7072312994545112, -0.47542680179786284, -0.2581342158685513, -0.27936946815910363, 0.6336092273565067, -0.1923715140808514, -0.47542680179786284, -0.29038572438761284, 0.10740939752256097, 0.12703595242958682, 0.3323220884754202, 0.5668976119440152, 0.03295305107518048], [-0.4030651282708676, 0.40716373714787846, -0.48183582162322247, -0.8867280387385609, -0.3550790476274437, 0.2262840710057252, 0.40716373714787846, -0.40237537064013174, 0.6384152936743358, 0.021970190539230966, 0.01219601065982101, 0.30466587679792356, -0.1966388479731411]], "inverted": false, "swapped": true, "error_lsq": 0.05883627845669441, "error_max": 0.4311871187023243, "target": "214.xyz", "model": "27.xyz", "model_rescale": 3.6321398670334006, "target_rescale": 4.138000102114789},
