[{"mapping": [2, 0, 4, 5, 9, 1, 6, 11, 14, 13, 12, 8, 3, 15], "R": [[0.22136744972710298, 0.8371407167157798, -0.500191835816928], [-0.6435130182798412, 0.5107870278824846, 0.5700768434617799], [0.7327260385066764, 0.19568350099987505, 0.6517825710547532]], "T": [-0.05099475353868167, 0.1006122707690418, 0.12908510463355397], "aligned_model": [[0.027295995226231287, 0.24067381817984518, -0.5574938101030925, -0.3958691904136642, -0.7323112144286188, 0.126886146081009, -0.7263222550731062, -0.05943013303696511, -0.15569116306663405, 0.4001203132291346, 0.4930551509770894, 0.16658404720687364, 0.5582504561954817, -0.014256059845280403], [-0.6934729812675455, -0.36524778921261347, -0.5033543567187635, -0.33047931549295906, 0.36369922899303075, 0.335745382099886, -0.003660973277853155, 0.3996625683489661, 0.8275048016872035, -0.14201856368944488, 0.471963987908558, 0.8014197224021536, -0.012863332036446351, 0.08637495206586243], [0.2846631485384823, -0.3034747130747457, 0.36440615018574185, -0.19381379173891974, 0.4399748336655914, -0.6483035409471569, 0.010905187891609242, 0.6578048457819647, 0.2702885725832591, 0.7098598620255212, 0.34030827197707647, -0.21607004880270822, 0.07669934743190418, 0.10433996166221356]], "inverted": false, "swapped": true, "error_lsq": 0.04345243190145862, "error_max": 0.2633818224990368, "target": "215.xyz", "model": "0.xyz", "model_rescale": 3.8414455957264533, "target_rescale": 4.24321332456963},
{"mapping": [7, 1, 4, 0, 5, 2, 10, 6, 11, 9, 13, 8, 12, 14, 15], "R": [[0.8305721332069956, 0.28324071051260186, 0.47950456874601005], [-0.4984462680472344, 0.7621090580307707, 0.4132083028416004], [-0.24839736192191136, -0.5822065643530376, 0.7741668211790447]], "T": [-0.014969714157915514, 0.05867115608782772, -0.13489665224622313], "aligned_model": [[-0.6146910216134001, -0.7692835294448094, 0.19342293747100237, -0.33030067800430274, -0.3425581568408534, 0.2436135450841536, 0.6298226858481044, -0.24055598425546967, 0.46499285012091784, 0.13458243561196806, 0.6621457451444037, -0.39422929938893997, 0.24659643233568282, 0.019308070602996018, -0.030821879166908775], [-0.020402633018333283, 0.29672552031784666, -0.6624798179200042, -0.31125096708831346, -0.4768477313909789, -0.658799674092513, -0.1781778091748807, -0.26297892761919195, 0.3668869262480501, 0.1053110739140912, 0.0049497363696154595, 0.7728131310570764, 0.5956852305069845, 0.7199271964584492, 0.05568327347511669], [0.14992042994652452, -0.3910276509750318, 0.20156545755817992, -0.6378162811481368, -0.012637241122519821, -0.41645599318441007, 0.2703466516896911, 0.4365564909498443, 0.07411477496624211, 0.6432538239787289, -0.5067871037987202, -0.19627340142204622, -0.48376146522245667, 0.2127209416395444, -0.17853764651589862]], "inverted": false, "swapped": true, "error_lsq": 0.04853353701212422, "error_max": 0.36489878272513965, "target": "215.xyz", "model": "1.xyz", "model_rescale": 4.316132596720782, "target_rescale": 4.24321332456963},
{"mapping": [12, 11, 14, 0, 1, 3, 7, 2, 9, 13, 4, 15], "R": [[0.37926726088943896, -0.2825658618252308, 0.8810861924626825], [0.2933156818353976, -0.866404047323248, -0.40411624264725005], [0.8775660975714925, 0.4117044577277004, -0.24571769142713773]], "T": [-0.0298750491695848, 0.007572969873778075, -0.09973063161597401], "aligned_model": [[-0.14204686689940207, 0.4305165678732466, 0.22755163405285642, -0.6006797534985957, -0.7281194046128958, -0.44601078818224477, -0.20668007833680238, -0.04278805420185757, 0.6520575147465394, 0.13765265910783148, 0.3893678027507212, -0.07301267816761597], [-0.607765949491075, -0.3615164344033629, -0.6015832109688682, 0.3696465238991993, -0.10706357617759936, -0.1624046893401038, 0.23564101045747823, 0.6220242692775347, 0.025301268117998973, -0.11669326235560856, 0.7087896590146175, 0.008400819710770254], [0.19570653678164024, 0.04469710601428939, -0.4489193472698065, 0.07996043132691566, -0.5362802658758274, 0.3300825227409404, -0.7028591681436391, 0.43242368016918514, -0.5055790969289518, 0.6460348909214255, -0.0036912548817696345, -0.08231757364498125]], "inverted": false, "swapped": true, "error_lsq": 0.04326604443482723, "error_max": 0.2413487032071313, "target": "215.xyz", "model": "2.xyz", "model_rescale": 3.795458400668931, "target_rescale": 4.24321332456963},
{"mapping": [1, 14, 12, 10, 0, 2, 11, 7, 9, 4, 3, 15], "R": [[-0.10840960372176378, -0.9934077754721514, -0.03726056162166658], [0.629028469076753, -0.039525048981338906, -0.77637681289048], [0.7697860370985218, -0.10760465665803981, 0.6291666670713404]], "T": [0.03299033272981365, 0.007706838580896078, 0.011446340081051047], "aligned_model": [[0.007955189074133333, -0.25504492901166875, -0.6557513846909102, 0.185750174934304, 0.13160309702073067, 0.28548662808316794, -0.25480171019715675, 0.4874444711891887, 0.38982998540141545, 0.6639281827493889, -0.4092468978903056, 0.016151019081277286], [-0.06723555622299845, -0.6821599086620888, -0.056601682560807665, -0.04286378435880098, 0.5789666724781181, 0.7271233785812518, -0.2838588152162334, -0.23223818465347687, -0.5738808820764969, 0.2687908057138663, 0.41019317419847745, 0.039533828068898685], [-0.8162125146499563, 0.031247049047613266, 0.014070009579228833, 0.7925889964131612, -0.37988711364466476, 0.29356478931153535, 0.46001295759035404, -0.4162648976842378, 0.4170082669757032, 0.4701898058854076, -0.15952642695587543, -0.01801949122916877]], "inverted": false, "swapped": true, "error_lsq": 0.043112652056641866, "error_max": 0.22921700863777802, "target": "215.xyz", "model": "3.xyz", "model_rescale": 3.7530521520055578, "target_rescale": 4.24321332456963},
{"mapping": [5, 9, 10, 11, 2, 14, 0, 7, 1, 12, 15], "R": [[-0.7906821752959124, -0.5873998594501801, -0.17257781661393476], [0.5795324539627253, -0.6272216822865483, -0.5203221080000102], [0.19739258464609585, -0.5114238617698055, 0.8363502861476124]], "T": [-0.017021665075339608, -0.04768339249758733, 0.061531199141956115], "aligned_model": [[-0.4301207059410662, -0.19071246360389835, 0.37345041663362616, 0.37162936043960954, 0.24160266247694726, -0.04411756137065489, -0.14527618128933023, -0.6854403840953712, -0.5669115566344736, 0.42818504560525, -0.014089029775433425], [-0.533543181355153, 0.1313172813799523, -0.24159155397998702, 0.26689296967080467, -0.8172963057843526, 0.662858748250906, -0.48514270925990666, -0.04110199915461707, 0.18042198107070212, 0.4020713091667196, -0.05768318169072261], [0.013245815832050666, -0.6920267325014263, -0.6063070935253762, -0.2834889358082278, 0.10294107103080166, -0.17013275502049205, 0.5919878631201125, 0.0469647179677967, 0.6419201605133809, 0.3408505789646543, 0.10687608667204204]], "inverted": true, "swapped": true, "error_lsq": 0.049822771717019855, "error_max": 0.23454528318948456, "target": "215.xyz", "model": "4.xyz", "model_rescale": 3.7855080009869324, "target_rescale": 4.24321332456963},
{"mapping": [5, 0, 10, 3, 8, 7, 6, 4, 1, 13, 15, 14, 2, 9, 12, 16], "R": [[-0.8437998996907655, -0.48764824299666587, 0.22405561895234613], [-0.359234877910405, 0.8234163917934358, 0.43924451985036256], [-0.39868788766972924, 0.2901458888699681, -0.8699789258351639]], "T": [-0.012872925062854413, -0.07278385139333608, 0.08314362638741098], "aligned_model": [[-0.014291457232160121, -0.4644915154511136, 0.5684076307229126, 0.2144222265781714, 0.3843039274655723, -0.04749449195894881, -0.35107432361136626, -0.5933701860963032, -0.6987711361170793, -0.0015012172311216938, 0.7268140121950343, 0.2571175079639441, -0.015388724833998172, 0.5479896414937309, -0.3059451757620165, 0.013434095989538646], [-0.07430579393753577, 0.27254602909135084, -0.2867754565830917, 0.38974595953865465, -0.6233263403881902, -0.6432112429040897, -0.6238983472256211, -0.3125298887441385, 0.24721611897617507, -0.381430019745787, -0.16406264939783247, 0.3857096271316395, 0.6632777169146469, 0.35168972870655946, 0.20052964235254894, -0.03025644166652175], [-0.7262381846737718, -0.4509554335075368, -0.3006333693379531, -0.38249538984613035, 0.26878680452919845, -0.40140091232477515, 0.17241677223945, -0.30742717560961424, 0.06740825141584236, 0.7384877084525034, 0.43506623516774257, 0.500978874729313, 0.019955605448345917, -0.027171288659376305, 0.6331196740628515, 0.10279336585290424]], "inverted": true, "swapped": false, "error_lsq": 0.04227868444358239, "error_max": 0.2673106024199581, "target": "215.xyz", "model": "5.xyz", "model_rescale": 4.2253639853439635, "target_rescale": 4.24321332456963},
{"mapping": [13, 12, 1, 0, 3, 7, 5, 2, 14, 11, 8, 6, 10, 15], "R": [[0.9621205665055876, -0.23163072100887322, 0.14377490946572227], [-0.1343932930852435, 0.05587085897222765, 0.9893517523567688], [-0.23719708742029474, -0.9711980519969214, 0.02262488710942168]], "T": [0.047496676414954794, -0.0134771348968869, 0.062042515335822154], "aligned_model": [[0.6202305254298947, -0.06554192230456451, -0.7016788304055617, 0.011579766619559631, 0.050220825169247654, -0.3845205905273015, 0.1050381486529462, 0.6810787941655178, -0.31706443602211093, 0.25023180021631325, -0.6833955485727742, 0.06249975702775952, 0.7091379405474969, 0.03624592276136072], [-0.0701262967263298, 0.09642520657834996, -0.3720544818609214, -0.7102478641521937, -0.41084926392987753, -0.06313029206829678, -0.3213564712692221, -0.5033904878910175, 0.6088251009728403, 0.4882737745803157, 0.16606672987006985, 0.17255781629837413, 0.4185962394390775, -0.05449056320617762], [-0.4560700735627733, -0.6114939524122164, 0.09973398646527909, 0.1112834896768295, -0.4163805982937731, 0.5699152613019415, 0.6196636442772396, 0.20155582371256786, -0.13571398029419884, -0.21398519197996863, -0.23989167421384083, 0.7299291381842119, 0.16983974917537797, 0.043172586894772075]], "inverted": false, "swapped": true, "error_lsq": 0.04963937984374907, "error_max": 0.3764579106235689, "target": "215.xyz", "model": "6.xyz", "model_rescale": 3.89814844738969, "target_rescale": 4.24321332456963},
{"mapping": [10, 9, 6, 13, 5, 14, 11, 2, 3, 8, 7, 0, 15], "R": [[0.0874279136852833, -0.9567599203939781, -0.27742893619150083], [-0.9803546463382067, -0.13206540014340862, 0.14650425757653335], [-0.17680816528579357, 0.259170185038076, -0.9495102357929593]], "T": [-0.10900820925531071, 0.09047824856051076, 0.03848809211453766], "aligned_model": [[0.01737205166696623, 0.04946977359081431, 0.43434791825621477, -0.4049433094836934, 0.5139487531841057, -0.5957215941560827, -0.47457597353124037, 0.35170660735090975, -0.40493286889156643, -0.6367004798555, 0.25120597950304346, 0.16254691485410913, -0.11509197158385764], [-0.34380227561461985, 0.33211797005640187, 0.3703912996428409, -0.6240598967617841, 0.15929601548050779, 0.5111001181683806, -0.05564787629766291, -0.555545751232855, -0.19317061063205002, 0.6805326042187825, 0.6472006974380369, -0.047223578183446246, 0.0825925491879535], [-0.6184025097422904, -0.7008049925502424, -0.28910836544168284, -0.0006462847278707051, 0.16588812405600442, -0.3429038752886735, -0.42417178959793145, 0.21540673454642775, 0.5062194531238344, 0.21450065888037523, 0.12419068356592404, 0.6681706856420778, 0.08393650837034293]], "inverted": false, "swapped": true, "error_lsq": 0.04463232963722948, "error_max": 0.2267476354827539, "target": "215.xyz", "model": "7.xyz", "model_rescale": 3.7474275329858107, "target_rescale": 4.24321332456963},
{"mapping": [3, 0, 2, 13, 4, 11, 12, 14, 10, 9, 8, 14, 7, 6, 15], "R": [[-0.2724816611238543, 0.9605456374790242, 0.055729908228888625], [0.8756784032456728, 0.22357368108285214, 0.42802119482120515], [0.39867415070492596, 0.1654294032119999, -0.9020487980772591]], "T": [-0.008259965662695627, 0.013740981902958735, -0.06978701339395747], "aligned_model": [[-0.36396137041764237, 0.11863819618660851, 0.48593110561820396, -0.1762313422762046, 0.7699729083303969, -0.223906884462721, -0.6620684972068783, -0.44397344561835744, 0.3377299704110782, 0.28827963539357304, -0.6445149546858062, -0.44397344561835744, 0.23336345229607577, 0.5508866190132672, -0.024018224624488972], [-0.060730832035065754, 0.28655521242293547, -0.31239131819958504, -0.6714466650329383, -0.25264837257661726, -0.43332944683878966, -0.20452382329851765, 0.04428182986978567, -0.6429124486487895, -0.11833164512901524, 0.45415751124712156, 0.04428182986978567, 0.6085830836306307, 0.2190241872938864, 0.0285488594047657], [-0.5744960039596316, -0.7011929044460884, -0.6268491863024455, -0.3891259387439103, -0.07891288627347044, 0.28045752824329423, -0.12811798063364782, 0.5372496650893722, 0.22205891019710639, 0.6545612297039439, 0.1727342606535448, 0.5372496650893722, 0.11681437715455535, 0.2853475229490425, -0.1109836030247762]], "inverted": true, "swapped": true, "error_lsq": 0.052309119689996506, "error_max": 0.45190662084072464, "target": "215.xyz", "model": "8.xyz", "model_rescale": 4.019505241142653, "target_rescale": 4.24321332456963},
{"mapping": [11, 8, 3, 13, 10, 2, 0, 9, 6, 7, 1, 5, 15], "R": [[-0.7827121033399185, 0.48815578227501544, 0.38609026861171786], [0.4026169843336559, -0.07592626059368879, 0.9122142110701477], [0.4746170321546345, 0.8694476034723007, -0.13711140581658254]], "T": [-0.028655966586321677, -0.08772702920322298, -0.04107652491886737], "aligned_model": [[-0.19964248554362052, -0.7979529863585177, 0.04416131578785763, 0.3198413540913299, 0.3155608280567232, 0.7759970412327987, 0.31445130002272037, -0.18550774271483478, 0.074611675828445, -0.211262409398141, -0.4409460918252652, 0.3323439585706007, -0.021954986008920173], [-0.6202770231837407, 0.15220853099070572, 0.2457175751185178, -0.3475339802957662, -0.8070508794552097, -0.013677859387791952, 0.5197622370725467, -0.7115692021606501, -0.2520626492189596, 0.18636443590286592, 0.6166459986343211, 0.14194616158883647, -0.047095117491616344], [-0.2781438466571866, -0.13172265592302523, -0.5609929074363263, -0.6819538999003424, -0.02823894022548345, -0.13027077387446356, -0.09045609630292492, 0.423980197051518, 0.6246833676085093, 0.5407892988310099, 0.11747249291748665, 0.434287871836271, -0.06273061388116344]], "inverted": true, "swapped": true, "error_lsq": 0.038926850473657244, "error_max": 0.20656862088558195, "target": "215.xyz", "model": "9.xyz", "model_rescale": 3.877068213659057, "target_rescale": 4.24321332456963},
{"mapping": [3, 13, 5, 6, 1, 4, 7, 2, 14, 8, 0, 11, 10, 12, 9, 15], "R": [[-0.6757509546784686, 0.0801343557131955, 0.732761306487706], [-0.5821998746519491, -0.6677254791935412, -0.4638814400156692], [0.45211055418602364, -0.7400818667351519, 0.4978703418797104]], "T": [-0.01923469760089225, -0.008247097838877497, -0.027229097764354], "aligned_model": [[0.1987281056153361, -0.5666025691063303, 0.6382645293599437, 0.0848277834986157, 0.4360460762801401, -0.15050631312926493, -0.21172022929402878, -0.6340301078594217, -0.6401577818112615, -0.05390267770647861, 0.6592564128179847, 0.3154649989145156, -0.10677577713090017, 0.6474467232463071, -0.45543402247162007, 0.05925566289125929], [-0.09475363690281002, 0.19004857813394793, -0.3510508504892229, 0.47768077534450676, -0.7341124846717472, -0.5643270296128068, -0.7712901661441314, -0.2515395712255122, 0.4611241278112486, -0.2961647311746414, -0.11264321572797809, 0.33442123961959547, 0.6514624957788062, 0.3228000850432106, 0.12528352043626162, -0.01602049409996016], [-0.6169495212206975, -0.5358603336295511, -0.2745665109417253, -0.39239984853135523, 0.10968498966163562, -0.39004248255031293, 0.18956842393947632, 0.029257483544530425, 0.033324371706574374, 0.6877705549473304, 0.37590524620305654, 0.5342063837645962, 0.21839376546989336, -0.09156308191365839, 0.4497877015887017, 0.016174395900498722]], "inverted": true, "swapped": false, "error_lsq": 0.03794041350424003, "error_max": 0.2260329580239838, "target": "215.xyz", "model": "10.xyz", "model_rescale": 4.260839863003843, "target_rescale": 4.24321332456963},
{"mapping": [10, 11, 12, 13, 0, 2, 4, 9, 8, 1, 7, 15], "R": [[0.3361102109190545, 0.41103689461222714, -0.8473951837150631], [-0.006267857288479423, 0.9006959266968275, 0.43440483606510893], [0.9418018050954033, -0.14069654899563022, 0.3053094184917332]], "T": [-0.010248415305266297, 0.01122134994817569, 0.018958646717724], "aligned_model": [[0.3449215915900656, 0.2625013879981804, -0.23913388485719703, -0.37797062743411547, -0.5815279744328598, -0.4297384963031066, 0.1739032474100535, 0.7625640623728215, 0.07159107909620196, -0.22039418999370627, 0.24592877606586935, -0.05374632241807705], [-0.002801861513057287, -0.43756909458453164, -0.6403980198592563, -0.3217205310462276, 0.38337911731807767, 0.46373652407937443, 0.6052134411688854, 0.047313220578867214, -0.4470748183269842, 0.1021947490398935, 0.40786468724326114, 0.01294109143463169], [-0.6949982305365807, -0.28639603637069705, 0.05783359454372147, -0.57568740153756, 0.17497918581276378, -0.5103460346472732, -0.5195156206208721, -0.1585731597401231, 0.6829395335227572, 0.8182238685369524, 0.4923362873484636, 0.03538209108395214]], "inverted": true, "swapped": true, "error_lsq": 0.04869122386045613, "error_max": 0.24870986680694912, "target": "215.xyz", "model": "11.xyz", "model_rescale": 3.890672605050136, "target_rescale": 4.24321332456963},
{"mapping": [14, 8, 12, 9, 11, 5, 1, 4, 7, 0, 13, 3, 2, 15], "R": [[-0.200992614659238, -0.16616403090247187, -0.9653970601191437], [-0.4864513263220432, -0.8384792355195871, 0.24559657717894645], [-0.8502747061814602, 0.5189817785209144, 0.0876974206650365]], "T": [0.11230268834521777, -0.020646318507399855, 0.1134514489712452], "aligned_model": [[0.6255960569094808, 0.12247457382208923, 0.3082190537727132, 0.70081887870099, 0.6938552190460797, -0.26379345900133355, -0.45090559694087046, 0.14873363451965635, -0.15620030487004244, -0.5606093902784155, 0.32440317150394693, -0.16982340301827054, -0.18697817532454591, 0.07408557595221545], [-0.08537569904757446, 0.04047594332838453, 0.5535927353063751, -0.5504018976201912, 0.15465278933291432, -0.447935924078106, -0.1408021077116486, -0.3931599510661, -0.5856947264059778, 0.10694693425949443, 0.6153387372207202, 0.5313756073449225, 0.1280957227695585, 0.005044356194993785], [-0.42656015656748386, -0.6951054758002291, -0.21877424190990497, 0.16883205182778344, 0.10278947843213032, 0.4050287305907115, -0.4862328967284358, 0.8459808720104591, -0.12248396679807155, 0.2552733210540067, 0.501021104714552, 0.06367828829264463, 0.8545399230330868, 0.1068034032056114]], "inverted": true, "swapped": true, "error_lsq": 0.04600290853866634, "error_max": 0.26200183362462465, "target": "215.xyz", "model": "12.xyz", "model_rescale": 4.124412569039231, "target_rescale": 4.24321332456963},
{"mapping": [2, 13, 12, 4, 3, 0, 10, 7, 11, 9, 8, 14, 15], "R": [[-0.625243218186901, 0.728967040215157, -0.27870768269145596], [0.2892557599984652, 0.5481425531227706, 0.7847743922706458], [0.7248462067356067, 0.41005706399963976, -0.5535803291709323]], "T": [0.15115700043268304, 0.005784354276048301, -0.04239447084492429], "aligned_model": [[-0.36734142940329967, -0.011243395577453574, 0.6073815457647482, -0.6473581600375047, 0.47971945018430734, 0.25759885429018436, -0.5113371815927892, 0.2213545275209054, 0.06731156440716997, -0.2578391393669858, 0.8873096845794886, 0.4645942720006831, 0.17714771474030352], [-0.28454848242914377, 0.4157319166504757, 0.45316062404727064, -0.19164505033048146, -0.01972378319839589, -0.5676591370635727, 0.4496025440725593, -0.4426772497842252, 0.6057512004919111, 0.31761218637960564, 0.12672071398455842, 0.5028476870339984, -0.017687793346083114], [0.512377174769559, 0.5941924844075904, 0.22259847308161476, -0.0330059355284813, 0.485049134775127, 0.3436584285068085, -0.02812281976371775, -0.5333054382543894, -0.08774341889718865, -0.6469975239626865, -0.3602896127799463, -0.5049500124323604, -0.011762852954090242]], "inverted": false, "swapped": true, "error_lsq": 0.04452630331977425, "error_max": 0.25378134490296145, "target": "215.xyz", "model": "13.xyz", "model_rescale": 3.9028299243045295, "target_rescale": 4.24321332456963},
{"mapping": [3, 2, 7, 4, 9, 6, 11, 1, 8, 11, 14, 13, 5, 10, 12, 15], "R": [[-0.24975238956254542, -0.1675526222069905, 0.9537032361795572], [0.7355641918839062, -0.6733654227296016, 0.07432581711869035], [0.6297372972327229, 0.7200730006490638, 0.2914203325272259]], "T": [-0.06174725068286231, 0.04597265162774303, -0.08322732512748864], "aligned_model": [[-0.02214944605605028, -0.7468259227989302, 0.7221854101561237, 0.3133717273197572, 0.3828491649863008, -0.08803865241533708, -0.11078531095602914, -0.44293428847608346, -0.5782358094933352, -0.11078531095602914, 0.44522959268893, 0.1734866815522088, -0.007828229733807326, 0.6529124835900578, -0.38156094473058894, 0.01926966943760855], [-0.023129127823000986, 0.021855444635138756, -0.25971979150126245, 0.4749752171918027, -0.584253694027151, -0.5430347966934329, -0.4640167188243286, -0.46746962194873054, 0.6160911313457956, -0.4640167188243286, -0.20592783698197256, 0.41769649318143043, 0.5255877958303472, 0.20661902472471852, 0.15307596404985832, -0.03341412221611691], [-0.7015689808354222, -0.35199366024843626, -0.41883076569521793, -0.45011399014058706, -0.00580486791852948, -0.3943338185768474, 0.449090999757604, 0.03197783823708095, -0.014585885315368488, 0.449090999757604, 0.596898602113866, 0.5794473571571367, 0.08754704732506426, 0.053910594751444954, 0.5254502336247986, -0.0934901660551973]], "inverted": false, "swapped": false, "error_lsq": 0.04273229981443961, "error_max": 0.3104183691448882, "target": "215.xyz", "model": "14.xyz", "model_rescale": 3.942246331269136, "target_rescale": 4.24321332456963},
{"mapping": [11, 9, 14, 6, 5, 9, 3, 12, 13, 8, 1, 0, 4, 2, 15], "R": [[-0.8337913692638833, -0.3208871486574477, -0.4492475824838148], [-0.22154528897936546, 0.939819576721969, -0.2601093003742633], [0.5056774045496876, -0.11734820423266962, -0.8547044878150926]], "T": [-0.05229780257659225, 0.04213753055914604, -0.01101921877280359], "aligned_model": [[-0.5265488496686358, -0.16644980968756232, -0.08013931268872945, 0.20408277670938188, 0.2883579124610709, -0.16644980968756232, -0.15409728857912813, -0.3374863128389374, -0.7449961559868822, 0.3132706510203146, 0.6858423005570006, 0.2448530245186504, -0.23440440439897162, -0.31310638454740536, -0.03843430065039398], [0.09843730961532943, -0.47033283989112296, 0.27517604520833316, -0.5759014763353636, -0.4138572334118584, -0.47033283989112296, 0.5247802449655447, 0.659168238083056, 0.23260662008854696, 0.6144422284724623, 0.4230600066444863, 0.1382829012556407, -0.7187130060953284, -0.28959977255855696, 0.07092826373160432], [-0.3864697215029096, -0.6063365541224935, -0.721082884959474, -0.193237277690578, 0.28063895319824284, -0.6063365541224935, 0.36778624641180413, -0.1392699202742152, 0.2780557909308468, -0.4542242923257745, 0.025168571024147053, 0.614809512399329, 0.24321811590625242, 0.6838437906614532, 0.022798704826378975]], "inverted": false, "swapped": true, "error_lsq": 0.054987631253104026, "error_max": 0.4301186788045182, "target": "215.xyz", "model": "15.xyz", "model_rescale": 4.355366556412066, "target_rescale": 4.24321332456963},
{"mapping": [12, 11, 14, 0, 1, 3, 7, 2, 9, 13, 4, 15], "R": [[0.37926726088943896, -0.2825658618252308, 0.8810861924626825], [0.2933156818353976, -0.866404047323248, -0.40411624264725005], [0.8775660975714925, 0.4117044577277004, -0.24571769142713773]], "T": [-0.0298750491695848, 0.007572969873778075, -0.09973063161597401], "aligned_model": [[-0.14204686689940207, 0.4305165678732466, 0.22755163405285642, -0.6006797534985957, -0.7281194046128958, -0.44601078818224477, -0.20668007833680238, -0.04278805420185757, 0.6520575147465394, 0.13765265910783148, 0.3893678027507212, -0.07301267816761597], [-0.607765949491075, -0.3615164344033629, -0.6015832109688682, 0.3696465238991993, -0.10706357617759936, -0.1624046893401038, 0.23564101045747823, 0.6220242692775347, 0.025301268117998973, -0.11669326235560856, 0.7087896590146175, 0.008400819710770254], [0.19570653678164024, 0.04469710601428939, -0.4489193472698065, 0.07996043132691566, -0.5362802658758274, 0.3300825227409404, -0.7028591681436391, 0.43242368016918514, -0.5055790969289518, 0.6460348909214255, -0.0036912548817696345, -0.08231757364498125]], "inverted": false, "swapped": true, "error_lsq": 0.04326604443482723, "error_max": 0.2413487032071313, "target": "215.xyz", "model": "16.xyz", "model_rescale": 3.795458400668931, "target_rescale": 4.24321332456963},
{"mapping": [10, 9, 6, 13, 5, 14, 11, 2, 3, 8, 7, 0, 15], "R": [[0.0874279136852833, -0.9567599203939781, -0.27742893619150083], [-0.9803546463382067, -0.13206540014340862, 0.14650425757653335], [-0.17680816528579357, 0.259170185038076, -0.9495102357929593]], "T": [-0.10900820925531071, 0.09047824856051076, 0.03848809211453766], "aligned_model": [[0.01737205166696623, 0.04946977359081431, 0.43434791825621477, -0.4049433094836934, 0.5139487531841057, -0.5957215941560827, -0.47457597353124037, 0.35170660735090975, -0.40493286889156643, -0.6367004798555, 0.25120597950304346, 0.16254691485410913, -0.11509197158385764], [-0.34380227561461985, 0.33211797005640187, 0.3703912996428409, -0.6240598967617841, 0.15929601548050779, 0.5111001181683806, -0.05564787629766291, -0.555545751232855, -0.19317061063205002, 0.6805326042187825, 0.6472006974380369, -0.047223578183446246, 0.0825925491879535], [-0.6184025097422904, -0.7008049925502424, -0.28910836544168284, -0.0006462847278707051, 0.16588812405600442, -0.3429038752886735, -0.42417178959793145, 0.21540673454642775, 0.5062194531238344, 0.21450065888037523, 0.12419068356592404, 0.6681706856420778, 0.08393650837034293]], "inverted": false, "swapped": true, "error_lsq": 0.04463232963722948, "error_max": 0.2267476354827539, "target": "215.xyz", "model": "17.xyz", "model_rescale": 3.7474275329858107, "target_rescale": 4.24321332456963},
{"mapping": [2, 5, 0, 6, 13, 11, 3, 1, 10, 12, 9, 7, 14, 15], "R": [[0.3058113063373412, 0.39508006034809373, -0.8662512284733543], [-0.9401929794193635, -0.018082658471553575, -0.3401619892244595], [-0.15005534434597445, 0.9184687057150875, 0.3659216176386184]], "T": [0.04529890648417077, -0.012338053025763678, 0.04940575101896515], "aligned_model": [[0.4576299568452921, 0.05417844342615914, 0.6294684812118988, -0.4343101469891778, 0.3862341953347477, -0.2470693336360752, 0.6212823744294775, 0.2829338909258524, -0.33279393994035206, 0.260676318814004, -0.7318050019626411, -0.1866377076461037, -0.4342682655482784, 0.08932838261807304], [-0.47783939949757065, 0.12791741214303676, 0.18037901119843677, 0.08966526852737708, -0.6647251120978553, -0.37504143107479254, -0.04241488365611675, 0.7833592435258917, -0.7065803539938511, -0.08509257860301908, -0.15462071993211407, 0.5265329861745708, 0.1562590984037421, 0.0026097003934980427], [-0.4742324427088167, -0.5745266079337225, -0.2834758919556891, -0.4409789089087798, 0.28988048584633125, 0.4392953155250924, 0.28208392895281176, 0.09012094721442358, -0.05618891677052283, 0.7027257125346458, -0.0275646930453617, -0.27131607733926755, 0.5979154018659986, 0.05105646538451171]], "inverted": false, "swapped": true, "error_lsq": 0.047355604900359526, "error_max": 0.2779185290772939, "target": "215.xyz", "model": "18.xyz", "model_rescale": 3.922800546911778, "target_rescale": 4.24321332456963},
{"mapping": [0, 5, 2, 3, 9, 1, 6, 12, 7, 13, 10, 11, 8, 14, 15], "R": [[0.8614302582937723, 0.19804449321491024, 0.46767113317284703], [0.16344323999887994, 0.7637483145375139, -0.6244796388512406], [-0.4808577933179351, 0.6143833418545432, 0.6255468742285024]], "T": [0.07671392653122283, 0.05908065152312656, -0.025196008795151728], "aligned_model": [[-0.22226673743191044, -0.1998735992585327, 0.3861174492815275, 0.12148985991008004, 0.24717234597117063, -0.7031273845203398, -0.10179623127363965, 0.280000288161122, -0.5044312246804539, 0.7433902947988136, 0.75227566551563, 0.5352631198069477, -0.36381840128172055, 0.06590323871752207, 0.05975215317140159], [0.43994098117336344, -0.20648688235758036, 0.1714167109871003, 0.676241055913942, -0.6755368673738635, 0.32523424266349843, -0.5843820123657577, 0.5410505714253078, -0.2675702969386201, 0.4419443620136659, -0.35699176392123766, -0.043369556161701815, 0.27179082502248825, -0.11546686791730862, 0.09979700287128276], [-0.5299336822307212, -0.5370702665580392, -0.7685367290865087, -0.08771685824476712, 0.22247376985460532, 0.08558348511915491, -0.21226968469699758, 0.42744874632024754, -0.07626999572304842, -0.1181037226923516, -0.10629402827214858, 0.359879818908278, 0.6215569185144671, 0.7019138876578292, -0.04000249170667059]], "inverted": false, "swapped": true, "error_lsq": 0.0400351514071681, "error_max": 0.26711982499643977, "target": "215.xyz", "model": "19.xyz", "model_rescale": 3.9282355846067225, "target_rescale": 4.24321332456963},
{"mapping": [13, 2, 5, 10, 11, 4, 9, 7, 14, 8, 0, 12, 1, 15], "R": [[-0.6258311935982608, -0.6477489405256756, -0.43446130687006107], [-0.6598451870258424, 0.1427073023039533, 0.7377255282474368], [-0.4158601282621451, 0.7483688501781679, -0.5167247021430266]], "T": [-0.026517834586717897, -0.11949725164760472, 0.07902001168862245], "aligned_model": [[-0.6973426534648416, -0.05831608120056546, 0.48954906050081676, -0.4492258079478235, -0.5343717793026284, 0.11004290985433803, -0.02699772241489971, 0.6046386456125488, -0.22842010161770246, 0.049195236855023125, 0.2958751174673707, -0.5274068324918951, 0.5248544130649783, -0.019551585830042816], [-0.5060340427156567, -0.8755647617393547, -0.38699763253869834, -0.13038480189176377, 0.17175372600082622, -0.46765990376862604, 0.3994269218958898, 0.09976381403413476, 0.5928302905949314, 0.42909478111590404, -0.6735099448929018, 0.011539760314380976, 0.006351550680141482, -0.14772766966437176], [0.06298206772447362, -0.21805935192556675, -0.1877393110202894, -0.5972020208887424, -0.0831651899953975, -0.6536647135821915, -0.5216269419410683, 0.054419937967337774, 0.1843644760146418, 0.6714033429389534, 0.35890725201803986, 0.5377651872734329, 0.6884566566679302, 0.1153417659921285]], "inverted": false, "swapped": true, "error_lsq": 0.04325617328875272, "error_max": 0.2700591756675709, "target": "215.xyz", "model": "20.xyz", "model_rescale": 4.067790424073018, "target_rescale": 4.24321332456963},
{"mapping": [2, 1, 4, 10, 6, 7, 9, 0, 5, 3, 12, 11, 13, 14, 15], "R": [[0.6251732845305885, 0.6902894015973251, -0.36422370372017643], [-0.6688315518830117, 0.23330157707194357, -0.7058574426479517], [-0.4022719472135713, 0.6848875208223252, 0.6075412449429676]], "T": [0.07214695515829321, 0.09861542101162986, 0.0715881477131588], "aligned_model": [[0.40219518403527527, -0.1051160728458433, -0.1437634180620651, 0.06520414770608292, -0.5498063505687054, -0.4958385960102502, -0.4970802212399154, 0.30019542343797795, -0.24163717329587703, 0.6300858851710874, 0.540523028535051, 0.17570673725086766, 0.7465090443669473, -0.15874884248708077, 0.10001517791396322], [-0.12763190792185314, 0.9075639443553881, -0.40587599040969796, -0.6963599473023514, -0.08018171816633572, 0.43075665087244885, -0.41659850965846884, 0.5380533911722983, 0.18916774663164088, 0.3731851966376852, 0.18001205774138765, -0.33896607692650205, -0.281807583218622, 0.03596933794323938, 0.13360854817758988], [-0.636073967533303, 0.14536081375013937, -0.5412447026117636, 0.008005382476293676, -0.17763525606537625, -0.04721293872472031, 0.2730684653075671, -0.42246884657660483, -0.47830441205588403, 0.060804165956873296, 0.5740879629031453, 0.480054309084114, 0.05787849384369821, 0.7801325061972086, 0.05879759766975378]], "inverted": false, "swapped": true, "error_lsq": 0.044870677233587904, "error_max": 0.24991766001253493, "target": "215.xyz", "model": "21.xyz", "model_rescale": 4.186013935880536, "target_rescale": 4.24321332456963},
{"mapping": [5, 0, 2, 9, 14, 4, 7, 1, 13, 3, 8, 11, 15], "R": [[0.7371374843824242, -0.3966037217434103, 0.5471140804417547], [0.6093663255102523, 0.7400791845223641, -0.28452676846097635], [-0.29206336718678805, 0.5431282431764972, 0.7872170609250839]], "T": [0.02182196983123833, -0.012666039506807558, 0.04971332578879881], "aligned_model": [[0.06730387505446442, -0.29149692105927627, 0.4044874649116628, 0.4819179951910268, -0.08153419942102466, 0.6591724474753858, -0.2659897404174521, -0.7794900495263558, 0.3864937228019574, -0.24925365778160088, -0.6129992888671332, 0.3494689810353946, -0.009506593973823495], [-0.376983808843731, 0.1554660110446613, 0.26069534693940233, -0.5438500561200527, -0.17740518635861754, -0.26487742244291407, -0.5999465058041202, -0.21012546543774016, 0.6703754524427927, 0.5324276343582103, -0.08120027134037558, 0.1416341698409365, 0.012746761267641182], [-0.47397168399945144, -0.5525881214108328, -0.61342016594912, 0.4187857834817277, 0.7718289846729657, -0.40511275400834756, -0.08922966395104681, -0.05113866236972589, 0.061658072716985764, -0.07753287808513537, 0.5496220447701524, 0.5374485841351583, 0.02653002133201593]], "inverted": false, "swapped": true, "error_lsq": 0.045691970468575586, "error_max": 0.28370301899554995, "target": "215.xyz", "model": "22.xyz", "model_rescale": 4.166573947596378, "target_rescale": 4.24321332456963},
{"mapping": [5, 6, 7, 13, 0, 1, 4, 2, 12, 3, 8, 9, 14, 10, 11, 15], "R": [[0.7336576052421021, 0.2220428084947113, -0.6422176496065842], [-0.5339260646295872, -0.39623253148841797, -0.7469422591468782], [-0.4203206820745159, 0.8908966113899308, -0.17214456725192617]], "T": [-0.01927088046243108, -0.00734390246868135, 0.10348162533390026], "aligned_model": [[0.1721169088298702, -0.5831205408331314, 0.5801344493180888, 0.3235297204041507, 0.34548148147590807, -0.20880558562276472, 0.0320517998297799, -0.5560221110290589, -0.47042860988113444, -0.22506633666153136, 0.5588995882497466, 0.14703304526733854, 0.10080001696316154, 0.5892407131872326, -0.5566874604985625, -0.02899626488429779], [-0.0842417476507194, -0.04833367030294635, -0.12273024149311268, 0.45554872175833105, -0.6670311340012506, -0.5164942306336242, -0.7093872860991687, -0.41318328737705073, 0.4639856562386866, -0.26116402217571766, -0.3657132616170947, 0.27292643268829875, 0.7702459644803762, 0.38244871428918215, 0.25896455020863446, -0.044922516194056676], [-0.7018254072428126, -0.40593081208749116, -0.2690621855762546, -0.517027283044928, -0.21040407655663185, -0.3579743311088115, 0.3140869038833085, 0.10215900237211789, 0.04276502543160851, 0.6081104285702735, 0.5409395681739894, 0.6077045024427791, 0.02032669986459354, -0.09328369025571986, 0.6156891564785392, 0.04641803659443323]], "inverted": true, "swapped": false, "error_lsq": 0.04647216870000018, "error_max": 0.2924341015960463, "target": "215.xyz", "model": "23.xyz", "model_rescale": 4.274766983524099, "target_rescale": 4.24321332456963},
{"mapping": [14, 3, 13, 10, 2, 4, 9, 5, 7, 0, 15], "R": [[-0.9472808754433281, 0.26246300576603854, -0.18377190651342365], [0.29306641451908766, 0.4779415741386846, -0.8280603410324412], [-0.12950297178153256, -0.8382630985043376, -0.5296640048046108]], "T": [0.10764665100377, 0.10460020400525649, -0.06597835556567427], "aligned_model": [[0.4537051705252887, 0.13720168384625048, -0.4442296546944179, -0.5739979599824687, -0.5103331789562432, -0.509289364068096, -0.030784557369064908, 0.043286730418891264, 0.5235886290544902, 0.16958275254519758, 0.12116445263824771], [-0.3228955022181782, 0.6996196481593955, 0.4678461247066866, -0.2798618588288486, 0.46817738120121266, -0.14359717863257457, -0.6759301325392608, 0.05569304945978429, -0.15720719004376454, 0.6551849657038358, 0.14855722427519538], [-0.5726966513284979, -0.24452545491445496, -0.4699075429504707, -0.21968701957391631, 0.31718991370290484, 0.41825401474674395, -0.1068254529765491, 0.5684567641202234, 0.3873297519782199, 0.3608992458863615, -0.058921134668987345]], "inverted": false, "swapped": true, "error_lsq": 0.04840422571689349, "error_max": 0.223945067016133, "target": "215.xyz", "model": "24.xyz", "model_rescale": 3.7841303162186577, "target_rescale": 4.24321332456963},
{"mapping": [13, 14, 3, 11, 5, 12, 2, 9, 10, 8, 4, 1, 7, 6, 0, 15], "R": [[-0.5785459899802946, 0.7440928801849364, -0.3340813121618855], [-0.7936527334076345, -0.41907512471748326, 0.4410117669604932], [0.18814854831305872, 0.5202901358868071, 0.8330055811737259]], "T": [-0.04744315672415646, 0.02260866427515902, 0.06714924548430058], "aligned_model": [[0.05643322684062717, -0.5767170641395917, 0.6263461317085044, 0.17575205413366135, 0.37268256762162355, -0.10982229982479284, -0.07546566613762246, -0.5104450586667286, -0.6655746553927986, -0.21630437274210623, 0.5634368354494123, 0.16290302678925583, -0.04589283904241642, 0.6176253637888174, -0.17297217544721682, 0.018175739176168187], [-0.056367583316531536, -0.17108762917112702, -0.16257931521187574, 0.5202604409195659, -0.7302241533929559, -0.5804389164277031, -0.6820145407021713, -0.32689628841073787, 0.45836120476904, -0.15602076678741927, -0.29334479432658384, 0.054235300293424424, 0.6699490395514087, 0.30489676201197713, 0.48050816973336413, 0.04168171258709239], [-0.7041953250708299, -0.4911068240258565, -0.33374387578378706, -0.4731785959374475, -0.09433100045464997, -0.3884979473552814, 0.334570085922867, -0.007792300881606998, -0.11530151248613353, 0.6047691853322028, 0.3564646270629038, 0.7797435429486529, 0.12841583631935005, 0.062276346773899774, 0.6291994725202392, 0.0553998230544705]], "inverted": true, "swapped": false, "error_lsq": 0.04740570149499456, "error_max": 0.3266937542817619, "target": "215.xyz", "model": "25.xyz", "model_rescale": 4.19342608120988, "target_rescale": 4.24321332456963},
{"mapping": [12, 11, 14, 0, 1, 3, 7, 2, 9, 13, 4, 15], "R": [[0.37926726088943896, -0.2825658618252308, 0.8810861924626825], [0.2933156818353976, -0.866404047323248, -0.40411624264725005], [0.8775660975714925, 0.4117044577277004, -0.24571769142713773]], "T": [-0.0298750491695848, 0.007572969873778075, -0.09973063161597401], "aligned_model": [[-0.14204686689940207, 0.4305165678732466, 0.22755163405285642, -0.6006797534985957, -0.7281194046128958, -0.44601078818224477, -0.20668007833680238, -0.04278805420185757, 0.6520575147465394, 0.13765265910783148, 0.3893678027507212, -0.07301267816761597], [-0.607765949491075, -0.3615164344033629, -0.6015832109688682, 0.3696465238991993, -0.10706357617759936, -0.1624046893401038, 0.23564101045747823, 0.6220242692775347, 0.025301268117998973, -0.11669326235560856, 0.7087896590146175, 0.008400819710770254], [0.19570653678164024, 0.04469710601428939, -0.4489193472698065, 0.07996043132691566, -0.5362802658758274, 0.3300825227409404, -0.7028591681436391, 0.43242368016918514, -0.5055790969289518, 0.6460348909214255, -0.0036912548817696345, -0.08231757364498125]], "inverted": false, "swapped": true, "error_lsq": 0.04326604443482723, "error_max": 0.2413487032071313, "target": "215.xyz", "model": "26.xyz", "model_rescale": 3.795458400668931, "target_rescale": 4.24321332456963},
