[{"mapping": [10, 4, 8, 9, 12, 5, 3, 1, 6, 2, 13], "R": [[-0.14535055745424033, 0.9349210608384478, -0.3237218334441673], [0.04974302068261749, 0.33368832450749664, 0.9413701365460605], [0.9881289629097563, 0.1207257722613162, -0.09500758164903761]], "T": [0.12492720568544172, 0.14938396224984146, -0.014892340495879786], "aligned_model": [[-0.1447104899516439, -0.052751413950157616, -0.5271686066440552, 0.4471666941861143, 0.34743238527951203, -0.400690920489458, 0.25459813506725937, 0.4150375549129125, -0.19969867489389678, 0.5881887591412703, 0.05733712852709186], [-0.4704015931762208, -0.44505842556877856, -0.20469724492949087, -0.48461583394701296, 0.06485025566071323, 0.692811189905219, 0.4472626555754173, 0.5798790298079373, 0.23549185287222574, -0.019143060746685592, 0.0018687880651717392], [-0.7622813309274725, 0.7120689943080873, 0.23000903125907868, -0.19081602348767737, -0.542590460141686, -0.0434176646969366, 0.394563444581869, -0.2669917167391327, 0.6719480725683966, 0.5752310542440036, -0.0294084388144392]], "inverted": true, "swapped": false, "error_lsq": 0.038368883460408156, "error_max": 0.23122695969900314, "target": "216.xyz", "model": "0.xyz", "model_rescale": 3.8414455957264533, "target_rescale": 3.794375154315454},
{"mapping": [2, 8, 9, 10, 3, 0, 11, 1, 13, 12, 14], "R": [[0.14977416971122526, 0.20858759325851803, -0.9664672338087478], [-0.9469624661660357, 0.31134040459093504, -0.07955652168045582], [0.2843057962125518, 0.9271237071760015, 0.24415537231888834]], "T": [-0.04797144700172298, -0.05870554654823156, -0.04661678668360726], "aligned_model": [[-0.3638501222324111, 0.047140292797500774, -0.6114567160297391, 0.535407494064894, 0.41209387481103277, -0.32485312300399916, 0.36588622933228254, 0.5007357336161395, -0.29097211531066647, 0.48191947898975596, 0.032689524150159396], [-0.4122616470811656, -0.46197586197757246, -0.31543012730454206, -0.4137945769811978, 0.16017231507144847, 0.6105728635488121, 0.5213942030249815, 0.5718519335328627, 0.19711624463481414, -0.036880228510200015, -0.02251750443974531], [-0.6121461616314361, 0.6261604477309171, 0.23989066735094755, -0.002321279049550054, -0.6414354677942274, -0.07695350996268185, 0.420792569678123, -0.26981083996666133, 0.6244665814582615, 0.5020441340238044, -0.062372179683405395]], "inverted": false, "swapped": false, "error_lsq": 0.043096205479523336, "error_max": 0.20643101506643266, "target": "216.xyz", "model": "1.xyz", "model_rescale": 4.316132596720782, "target_rescale": 3.794375154315454},
{"mapping": [7, 6, 10, 3, 5, 9, 1, 0, 8, 2, 11], "R": [[0.6901848068266643, 0.6541596253845497, 0.3093866786763542], [-0.5020131257371844, 0.7407697504352979, -0.44636643962960354], [-0.5211791956834253, 0.15275916128590128, 0.8396647453775858]], "T": [0.09459681847928524, 0.049717943787427346, 0.05653321000331329], "aligned_model": [[-0.3737143630636919, 0.16903825800121214, -0.4622005471733561, 0.19118376708274162, 0.3744774517558167, -0.2583281546120284, -0.046483415913721585, 0.6364814358150697, -0.15455785501310854, 0.5406921239659654, 0.16815185034005015], [-0.2944608257632502, -0.6395874388793344, -0.1580469979810647, -0.5208224983244585, 0.09344344583939755, 0.5119350725865728, 0.5330118350921863, 0.4932246757113457, 0.091736859992344, 0.330949202258083, -0.043135717013325844], [-0.6236775893906386, 0.4985880985726431, 0.26640512609382605, -0.2535822106280355, -0.5227031782735535, -0.40363066781108253, 0.25931547129834226, -0.059986740303323495, 0.7798536612355139, 0.7066357860840101, 0.1010972052763893]], "inverted": true, "swapped": false, "error_lsq": 0.06907619745412673, "error_max": 0.328280704978226, "target": "216.xyz", "model": "2.xyz", "model_rescale": 3.795458400668931, "target_rescale": 3.794375154315454},
{"mapping": [9, 10, 4, 5, 3, 7, 1, 8, 0, 2, 11], "R": [[0.6109844958955637, 0.2638035475159366, -0.7463950924900641], [-0.18100451310395513, 0.9644200664193794, 0.19269484093675238], [0.7706719873015005, 0.01736732004792811, 0.6369953407860286]], "T": [0.11035304482199204, 0.055463021859871994, 0.13523404213929635], "aligned_model": [[-0.11497981088917913, 0.11839853761701433, -0.40585335435202596, 0.15555221169866795, 0.5435782954757004, -0.4689857664819782, 0.2649559065226994, 0.42351014319996927, -0.37316684475634937, 0.6573654246520448, -0.015634191501614436], [-0.06447982545364953, -0.5454464837640077, -0.3103589002338717, -0.5625463058340757, -0.10110055581887754, 0.456521679446948, 0.6206444388374857, 0.5319972323943872, 0.28409704283309367, 0.0013505212250714133, 0.08756876988599183], [-0.6950631699014564, 0.5569611713315179, 0.23848135731518766, -0.196196375514475, -0.516589364832585, -0.15941963848819446, 0.36531394786072197, -0.39900440177602836, 0.7063233039990392, 0.6696258506493905, 0.1778822815109734]], "inverted": true, "swapped": false, "error_lsq": 0.07035138455390787, "error_max": 0.378818531474818, "target": "216.xyz", "model": "3.xyz", "model_rescale": 3.7530521520055578, "target_rescale": 3.794375154315454},
{"mapping": [8, 5, 7, 9, 6, 0, 2, 4, 1, 3, 10], "R": [[0.9807107658391242, -0.009092321575286604, 0.19525297297508726], [0.08245971576283916, -0.8864319193284185, -0.4554545506107587], [0.1772196068259671, 0.4627696857877662, -0.8685835762160956]], "T": [0.12825504384203396, 0.0020737942204146556, 0.10843567194093859], "aligned_model": [[-0.18385887775752785, -0.1080502715641436, -0.4290889276478678, 0.5025055391961204, 0.0600111328119865, -0.33207243544898274, 0.3647753035256041, 0.436816378870676, -0.23037916113793655, 0.6291037497825449, 0.07497812055447556], [-0.5771016825403342, -0.5778626646306259, -0.178612704925123, -0.3662532447889131, 0.14306579743181064, 0.6117019183771298, 0.540240403772537, 0.5451897771972477, 0.270955618741545, -0.09128640713458244, 0.07821080201780395], [-0.5307983690149558, 0.4625447562584877, -0.01754459248091539, -0.03865453135298588, -0.6139212801801575, -0.20248642090013255, 0.4487162181809492, -0.27825003502535317, 0.7595961301003116, 0.6745666034887309, 0.08454648308011203]], "inverted": false, "swapped": false, "error_lsq": 0.057277629943333935, "error_max": 0.3432793423526504, "target": "216.xyz", "model": "4.xyz", "model_rescale": 3.7855080009869324, "target_rescale": 3.794375154315454},
{"mapping": [7, 1, 0, 6, 8, 9, 14, 15, 2, 12, 16], "R": [[-0.19038890903564887, -0.036832649335140966, -0.9810175427886955], [-0.9815607156492006, 0.024495237668037295, 0.1895746418322229], [0.017047721561681856, 0.999021190603353, -0.04081710321684362]], "T": [0.06798748103761176, -0.021802628447856756, 0.004239924460766167], "aligned_model": [[-0.1516423133194333, -0.04392459358075504, -0.5397375861512601, 0.38043237901566895, 0.4384502835786906, -0.22321004836882202, 0.26060969193137634, 0.39668258986338867, -0.27911373519219485, 0.4779446265862887, 0.068249256822001], [-0.424827866224773, -0.468570568658409, -0.3768733567418924, -0.5427292437574126, 0.1115572640865239, 0.6276707044642812, 0.5167252915162202, 0.6539715009289868, 0.2969624191969207, -0.020410806645908955, 0.024772275353959247], [-0.5879618004788449, 0.6050544001052893, 0.3404971235502988, -0.23469670993541403, -0.579097306444521, 0.02162980521454624, 0.36560090993433925, -0.3342965701522013, 0.5731821690432047, 0.5473775356200425, 0.031025405697351214]], "inverted": true, "swapped": false, "error_lsq": 0.03819552501586255, "error_max": 0.18074567766497365, "target": "216.xyz", "model": "5.xyz", "model_rescale": 4.2253639853439635, "target_rescale": 3.794375154315454},
{"mapping": [8, 12, 11, 9, 1, 2, 3, 4, 6, 7, 13], "R": [[-0.6031513349083469, 0.24438221744547434, 0.7592666191758413], [0.48188584963663056, 0.8701925040398655, 0.10271822541696954], [-0.6356056128750451, 0.427834474661944, -0.642622102928678]], "T": [0.0537490790518792, 0.039836327838107435, -0.05192674955380397], "aligned_model": [[-0.2569192570344467, 0.07805846164262753, -0.5050951942742034, 0.32453871510304755, 0.4491717042934599, -0.23406591167490992, 0.29149605811599216, 0.4104861413844453, -0.21628842175316987, 0.3729768103033335, 0.07038144507877302], [-0.4057936467636529, -0.5786773742372848, -0.358321991954867, -0.478742154591402, 0.083361650078837, 0.6458111358834807, 0.5276223666842045, 0.6136779811841748, 0.24191712794787795, 0.02207085687659408, 0.0853216624105334], [-0.5526901530573737, 0.646781786770235, 0.31511114952947394, -0.22612708839895593, -0.6687348848188664, -0.06327025714818528, 0.40474668623052545, -0.26253476803816367, 0.4957602655461225, 0.6741374760271542, -0.014865250487874779]], "inverted": true, "swapped": false, "error_lsq": 0.04172428965282746, "error_max": 0.19890607895439788, "target": "216.xyz", "model": "6.xyz", "model_rescale": 3.89814844738969, "target_rescale": 3.794375154315454},
{"mapping": [7, 11, 8, 4, 0, 6, 5, 1, 9, 10, 12], "R": [[0.733380681519445, 0.5491865763991263, -0.4006830172057224], [-0.6167703510192316, 0.2896251751909455, -0.7319232145513819], [-0.2859145153322724, 0.7839077510770136, 0.5511275058674634]], "T": [0.07501771478864314, -0.04141914297752363, -0.04941343641495004], "aligned_model": [[-0.11798081899165544, -0.1639277135199773, -0.5625045348032226, 0.5111252516311479, 0.17120899710096427, -0.32600711476204847, 0.21790790445540947, 0.476640425104608, -0.1531009713872404, 0.5223231374797129, 0.20905598887725077], [-0.50350388194021, -0.6354008520024932, -0.1288999606660683, -0.5150334128300336, 0.20073404985355567, 0.5023353751700989, 0.6353385265954443, 0.6681441357728792, 0.28778088877411173, -0.03865678882121825, -0.07459046638757061], [-0.4742709884513908, 0.4459966773869347, 0.15939092208027927, -0.08096542661384432, -0.5815031430219604, -0.0791785351996685, 0.302947251511483, -0.2730554808548932, 0.7490445043350464, 0.5326637846500948, 0.04724539633201012]], "inverted": false, "swapped": false, "error_lsq": 0.047027753905985036, "error_max": 0.24301163938583112, "target": "216.xyz", "model": "7.xyz", "model_rescale": 3.7474275329858107, "target_rescale": 3.794375154315454},
{"mapping": [5, 2, 4, 3, 7, 11, 12, 10, 13, 1, 14], "R": [[-0.6808954483934478, 0.23850381913674104, -0.6924574475115957], [-0.17044579634958182, 0.8679224349581057, 0.4665392560151285], [0.7122707482859607, 0.4356909169968792, -0.5503124621363541]], "T": [0.10784645814967839, 0.037016511160414066, 0.022243844741873867], "aligned_model": [[0.009346398543872203, 0.06672867430468002, -0.48208963383813674, 0.3744949628913796, 0.09874491422435275, -0.169424489830626, 0.14284018665085754, 0.5399375314091797, -0.42879372167540575, 0.5447917148764507, 0.08816401362834497], [-0.3274866871148897, -0.6114455235277053, -0.2684701565462057, -0.592800826325237, 0.23875752573188763, 0.5462951304908656, 0.5665606891958693, 0.5629986430063839, 0.3882037856329414, -0.1269556063518217, 0.02259063932640707], [-0.5864076324818447, 0.5574034595014953, 0.4356191573443261, -0.19307738808506475, -0.6282139608549727, -0.20189018857042623, 0.33688812209917035, -0.31227590217373524, 0.6521618110981507, 0.6113056474013072, 0.0768018368756853]], "inverted": false, "swapped": false, "error_lsq": 0.044622701770770684, "error_max": 0.2623130435389843, "target": "216.xyz", "model": "8.xyz", "model_rescale": 4.019505241142653, "target_rescale": 3.794375154315454},
{"mapping": [11, 10, 6, 9, 8, 4, 0, 7, 2, 1, 12], "R": [[0.8302826965933683, 0.3055750163698907, -0.4661057316834732], [-0.07027031517537942, 0.8870213129619666, 0.45634994593664835], [0.5528948602969626, -0.34614606703206974, 0.7579513003718855]], "T": [-0.040742464286262964, 0.036962572166635885, 0.10795199397571953], "aligned_model": [[-0.19367098651339948, 0.11890972502310668, -0.5498265049153989, 0.44983948242809846, 0.2109237211314738, -0.09329506179199043, 0.21286390109249595, 0.5796648926402893, -0.3231349422208146, 0.4405096636095833, -0.06804333929849515], [-0.3424263111611272, -0.7499404385772422, -0.4256135916439942, -0.3303230055369485, 0.06198694292155886, 0.7650536646135756, 0.6166496952901328, 0.5820556772281118, 0.2628008456737955, -0.077606353943619, 0.035610488654252294], [-0.3610111882568803, 0.5478094576485937, 0.3422991087816216, -0.19498483013012335, -0.51828665332394, -0.2853878804814018, 0.2572594914273514, -0.26292832143822154, 0.57616532659446, 0.5679255287972564, 0.07945492253537537]], "inverted": true, "swapped": false, "error_lsq": 0.055199992784371925, "error_max": 0.28924155043105015, "target": "216.xyz", "model": "9.xyz", "model_rescale": 3.877068213659057, "target_rescale": 3.794375154315454},
{"mapping": [7, 11, 0, 9, 2, 3, 6, 13, 12, 10, 15], "R": [[-0.2377394648819139, 0.537958378320522, 0.8087525765228916], [0.5787294756195789, -0.590250900517498, 0.5627397875460473], [0.7800975201131899, 0.6018344104760355, -0.171006436955497]], "T": [0.030246744005843443, 0.0605445072065538, -0.017572686373094906], "aligned_model": [[-0.24888313853079813, 0.025722029727838006, -0.5308007176350825, 0.5063236478043786, 0.3806831240899466, -0.25560987576832017, 0.1993681615966864, 0.5319679258054194, -0.3100203676827543, 0.5184151596596546, -0.032425397882019286], [-0.3121847451734283, -0.41034279041653693, -0.33761069681613315, -0.3904204910579607, -0.06033128342810298, 0.6257145456761092, 0.5196876255320882, 0.5844988459736397, 0.20833965339328253, -0.04762836765183254, 0.01852531748737081], [-0.6879800121923678, 0.5506701808602997, 0.3830071620088682, -0.09258372495769178, -0.5679714006716493, -0.05794796687782619, 0.3577806380176928, -0.28475465167849173, 0.6309410784617565, 0.4856181388242629, 0.03153552035923787]], "inverted": false, "swapped": false, "error_lsq": 0.04176974887901562, "error_max": 0.22165789287794618, "target": "216.xyz", "model": "10.xyz", "model_rescale": 4.260839863003843, "target_rescale": 3.794375154315454},
{"mapping": [8, 4, 2, 10, 7, 1, 3, 0, 3, 5, 11], "R": [[0.27295230311455837, 0.9098867548673315, -0.3124150021069017], [0.2710449728078264, -0.38432535761580716, -0.8825126867128239], [-0.9230556120516593, 0.15620535461525986, -0.3515227222377779]], "T": [0.11080631950015128, -0.08724078669018456, 0.002618303694801663], "aligned_model": [[-0.3069930567735158, 0.0669255800724363, -0.52510779320748, 0.516200738656291, 0.34189114349573235, -0.3384089830013369, -0.0506859603235834, 0.5149595175265933, -0.0506859603235834, 0.5112950705808819, 0.10535025448251369], [-0.3862542226754996, -0.5674899627542201, -0.08482634653528402, -0.5340450934607397, 0.13834975155244297, 0.44784264286902575, 0.39502739052885627, 0.6765857867638678, 0.39502739052885627, -0.04372203176092046, -0.03824769153788889], [-0.49902704248547913, 0.553561193837068, 0.2594539279361708, -0.1687149050259263, -0.5677450387953854, -0.1848703054283713, 0.49776547395019477, -0.14990522781908955, 0.49776547395019477, 0.5451363038340608, -0.035104891799346255]], "inverted": false, "swapped": false, "error_lsq": 0.04945610072681773, "error_max": 0.29700184877864866, "target": "216.xyz", "model": "11.xyz", "model_rescale": 3.890672605050136, "target_rescale": 3.794375154315454},
{"mapping": [3, 12, 5, 4, 0, 6, 11, 1, 9, 10, 13], "R": [[0.6157381481172308, 0.7640767779264535, -0.19249210473859096], [-0.5536424531301527, 0.24570341464386972, -0.7956820131964589], [-0.5606661814709268, 0.5965035703714373, 0.5743143072298809]], "T": [0.015602121437374383, 0.11695095957819199, 0.03044168693411485], "aligned_model": [[-0.003597857150211041, -0.021608393569644335, -0.6211299869651986, 0.52585772333362, 0.16810638689555002, -0.219874772170259, 0.33498093680681923, 0.3851866957409209, -0.35536148835781073, 0.5657944138162461, 0.02638689280491631], [-0.47694629228753205, -0.44333099080675065, -0.1878918783953906, -0.3330826104968512, 0.11248183881944132, 0.6350426504330732, 0.4147468099824073, 0.6004584929859574, 0.3367871378514463, -0.20925025365765862, -0.05076729090964624], [-0.6766513557771061, 0.520167794458341, 0.3569615915348695, -0.1373857552919786, -0.540011655350705, -0.0600568013714199, 0.3652206702507091, -0.4542499655265434, 0.6784219882946865, 0.6552790372364983, 0.04061941369673987]], "inverted": false, "swapped": false, "error_lsq": 0.050248874972805085, "error_max": 0.2372688886257537, "target": "216.xyz", "model": "12.xyz", "model_rescale": 4.124412569039231, "target_rescale": 3.794375154315454},
{"mapping": [5, 3, 7, 0, 4, 10, 8, 2, 9, 6, 12], "R": [[-0.26294888016355866, 0.565340063981165, 0.7818238282877437], [0.6270405500765466, 0.7160033360582717, -0.3068539902186837], [-0.7332653237269802, 0.4095483302507758, -0.5427634201089543]], "T": [0.09382278830449689, -0.0287276306482425, 0.11164358967023617], "aligned_model": [[-0.27286073740252403, 0.14948505182005417, -0.5295545961944721, 0.3277907063743894, 0.3365009237682899, -0.29947321413328776, 0.3229096633240206, 0.432650392392566, -0.2189706107366727, 0.4661025687941637, 0.07016040317842173], [-0.3831047283088359, -0.5924990198106159, -0.08908415828254909, -0.5040402337988104, 0.06466044945023236, 0.4848042535569433, 0.5626088507736193, 0.681645215084307, 0.10808250166398495, -0.00222484043550562, 0.06739932362572587], [-0.4484509949321643, 0.545022072001996, 0.08274029257114916, -0.12521994909057937, -0.6304226100807463, -0.24362100280787868, 0.4474061401904572, -0.23901548750116602, 0.6520920601217444, 0.666907654718196, 0.040876786963082834]], "inverted": false, "swapped": false, "error_lsq": 0.04715853309115103, "error_max": 0.2506247068172418, "target": "216.xyz", "model": "13.xyz", "model_rescale": 3.9028299243045295, "target_rescale": 3.794375154315454},
{"mapping": [0, 7, 10, 3, 2, 12, 11, 1, 14, 9, 15], "R": [[0.8190959699918932, -0.30946811415930797, 0.48302306183216703], [-0.47590226464039953, -0.8367251635714671, 0.2709391724288701], [0.32031051567686475, -0.45179695324889413, -0.8326347858346045]], "T": [-0.015765146127619936, 0.020332788695408173, -0.07645709286278436], "aligned_model": [[-0.10164119110829585, 0.14724884487367884, -0.4313534012169115, 0.29875382649413174, 0.33219546750008677, -0.2719813638217804, 0.2002995991773623, 0.4864239656515683, -0.2535758971595711, 0.34740950484330335, 0.030961195951376544], [-0.46721223518803134, -0.5902141259631425, -0.27408107788779423, -0.4930648080331444, 0.1591983133094395, 0.661898424045202, 0.6030169024481616, 0.43230925364512146, 0.3767242057354715, 0.001173812865295422, -0.011501051458083118], [-0.7413943559408149, 0.5726090513597619, 0.46756448708082465, -0.238290861812455, -0.7103258071824643, -0.16004581392968462, 0.32310759245661114, -0.0931975851128279, 0.6978050444891255, 0.608073814402148, 0.022409396343867155]], "inverted": true, "swapped": false, "error_lsq": 0.04810548127182683, "error_max": 0.26137246363535516, "target": "216.xyz", "model": "14.xyz", "model_rescale": 3.942246331269136, "target_rescale": 3.794375154315454},
{"mapping": [1, 4, 13, 5, 2, 8, 6, 7, 11, 10, 14], "R": [[0.5707495067589097, 0.5291816019355304, -0.627862909166808], [-0.49457111742187926, 0.8319266065777335, 0.251590005922594], [0.6554726617842541, 0.1669279887885884, 0.7365396365522101]], "T": [0.07593855730182304, -0.048947101095826194, 0.07762247069342401], "aligned_model": [[-0.10411001283440306, -0.014240901141406373, -0.6558762097675356, 0.4452268112076468, 0.4472360937930946, -0.3024385987047154, 0.21990366156693425, 0.41550872439261954, -0.19923138696258252, 0.4809638552845476, 0.05179851435074908], [-0.5321518986861855, -0.4093340757120096, -0.19790448018306214, -0.38460735126404155, 0.09263858226827867, 0.617351255233078, 0.45440393358752834, 0.6499861860158029, 0.2870293592821252, -0.13699398924153086, -0.042169907781487645], [-0.547467180283281, 0.5311121295881831, 0.39885243881594834, -0.3144718294096418, -0.5740979849478874, -0.030627954033666888, 0.274348610226413, -0.27897796385244245, 0.6481593621403985, 0.6583141010145651, -0.016828767104497433]], "inverted": false, "swapped": false, "error_lsq": 0.04525308378041874, "error_max": 0.22253460255591184, "target": "216.xyz", "model": "15.xyz", "model_rescale": 4.355366556412066, "target_rescale": 3.794375154315454},
{"mapping": [7, 6, 10, 3, 5, 9, 1, 0, 8, 2, 11], "R": [[0.6901848068266643, 0.6541596253845497, 0.3093866786763542], [-0.5020131257371844, 0.7407697504352979, -0.44636643962960354], [-0.5211791956834253, 0.15275916128590128, 0.8396647453775858]], "T": [0.09459681847928524, 0.049717943787427346, 0.05653321000331329], "aligned_model": [[-0.3737143630636919, 0.16903825800121214, -0.4622005471733561, 0.19118376708274162, 0.3744774517558167, -0.2583281546120284, -0.046483415913721585, 0.6364814358150697, -0.15455785501310854, 0.5406921239659654, 0.16815185034005015], [-0.2944608257632502, -0.6395874388793344, -0.1580469979810647, -0.5208224983244585, 0.09344344583939755, 0.5119350725865728, 0.5330118350921863, 0.4932246757113457, 0.091736859992344, 0.330949202258083, -0.043135717013325844], [-0.6236775893906386, 0.4985880985726431, 0.26640512609382605, -0.2535822106280355, -0.5227031782735535, -0.40363066781108253, 0.25931547129834226, -0.059986740303323495, 0.7798536612355139, 0.7066357860840101, 0.1010972052763893]], "inverted": true, "swapped": false, "error_lsq": 0.06907619745412673, "error_max": 0.328280704978226, "target": "216.xyz", "model": "16.xyz", "model_rescale": 3.795458400668931, "target_rescale": 3.794375154315454},
{"mapping": [7, 11, 8, 4, 0, 6, 5, 1, 9, 10, 12], "R": [[0.733380681519445, 0.5491865763991263, -0.4006830172057224], [-0.6167703510192316, 0.2896251751909455, -0.7319232145513819], [-0.2859145153322724, 0.7839077510770136, 0.5511275058674634]], "T": [0.07501771478864314, -0.04141914297752363, -0.04941343641495004], "aligned_model": [[-0.11798081899165544, -0.1639277135199773, -0.5625045348032226, 0.5111252516311479, 0.17120899710096427, -0.32600711476204847, 0.21790790445540947, 0.476640425104608, -0.1531009713872404, 0.5223231374797129, 0.20905598887725077], [-0.50350388194021, -0.6354008520024932, -0.1288999606660683, -0.5150334128300336, 0.20073404985355567, 0.5023353751700989, 0.6353385265954443, 0.6681441357728792, 0.28778088877411173, -0.03865678882121825, -0.07459046638757061], [-0.4742709884513908, 0.4459966773869347, 0.15939092208027927, -0.08096542661384432, -0.5815031430219604, -0.0791785351996685, 0.302947251511483, -0.2730554808548932, 0.7490445043350464, 0.5326637846500948, 0.04724539633201012]], "inverted": false, "swapped": false, "error_lsq": 0.047027753905985036, "error_max": 0.24301163938583112, "target": "216.xyz", "model": "17.xyz", "model_rescale": 3.7474275329858107, "target_rescale": 3.794375154315454},
{"mapping": [5, 11, 3, 12, 4, 0, 2, 6, 1, 7, 13], "R": [[0.44633714690759785, 0.4976248928235645, 0.7437423057300976], [0.8943042675997135, -0.27746255325012303, -0.35104758722552565], [0.03167062113893332, 0.8218174965199141, -0.5688699097073211]], "T": [0.03558186375186289, -0.048388944100895954, 0.05020714684094979], "aligned_model": [[0.12580361354359204, -0.08492046013269314, -0.5910319385496415, 0.5394302161000688, 0.010376463951769575, -0.3243545149354638, 0.2989559811126743, 0.42914360051988243, -0.21938333502253993, 0.5554375716996055, 0.04528335289769472], [-0.44054942255709045, -0.5217674504379347, -0.18359501140813367, -0.5939882262902738, 0.2714580020970059, 0.6984689758003714, 0.5655878955997942, 0.5157809591098306, 0.21884703857263083, -0.18904709444803455, 0.057051947480329816], [-0.5508670013902157, 0.5823054850103058, 0.27306055928463746, -0.03751505345027528, -0.7154875970677439, -0.05838125750810902, 0.28999713500819846, -0.298820489777802, 0.635096960214478, 0.576880299461596, 0.05204592236902145]], "inverted": false, "swapped": false, "error_lsq": 0.05984132061946621, "error_max": 0.36725178231757405, "target": "216.xyz", "model": "18.xyz", "model_rescale": 3.922800546911778, "target_rescale": 3.794375154315454},
{"mapping": [6, 13, 11, 8, 1, 2, 3, 0, 7, 12, 14], "R": [[0.9604475302979374, -0.27826771719180154, 0.010373963247307605], [-0.23615834472710437, -0.7942349493239025, 0.5598393354242025], [-0.14754584968865467, -0.5401462050605575, -0.8285362390374553]], "T": [0.05562473908883729, -0.03118282786868911, -0.001157237478127418], "aligned_model": [[-0.10819008140404597, -0.03156657269601175, -0.5388557771802993, 0.3936992272040896, 0.2541357217497401, -0.28688309768014036, 0.21282795394348158, 0.48363276056901056, -0.15853498235766572, 0.5403172648260012, 0.02415813421078921], [-0.3949786338128689, -0.5178527886209999, -0.19031185847610846, -0.5250950644689473, 0.13151839584444072, 0.5223134992225659, 0.4993375393700944, 0.671650372563947, 0.20189666491500527, -0.01036071269311236, 0.010130199674479652], [-0.5638161822016792, 0.47566953533435535, 0.35733192576551753, -0.12822807222693855, -0.6954948538443292, -0.30025447991963217, 0.31975479528053385, -0.14702451137849198, 0.7323416260603973, 0.6179175880322119, 0.0801175912521462]], "inverted": true, "swapped": false, "error_lsq": 0.03701245461768211, "error_max": 0.18445702709273484, "target": "216.xyz", "model": "19.xyz", "model_rescale": 3.9282355846067225, "target_rescale": 3.794375154315454},
{"mapping": [8, 7, 6, 9, 11, 3, 1, 0, 5, 2, 13], "R": [[0.16660331906222298, -0.6181617030176958, 0.7681923216224652], [-0.6027233081504115, -0.6804292093633346, -0.41682215015208995], [0.780363984234072, -0.39356346371004663, -0.48594223128153363]], "T": [0.07282170230059017, -0.0925619226378577, 0.037138257058688076], "aligned_model": [[-0.26846151026593545, 0.07547214461703142, -0.5548825906523566, 0.35615158918154866, 0.4851801665350446, -0.2861781471175219, 0.2665767759169868, 0.35149980726211266, -0.2547191089470344, 0.446734390752323, 0.16736703390274987], [-0.45988279905189955, -0.5149471214326959, -0.15715266689361776, -0.5852458696924497, 0.055797202348539465, 0.5685910063343594, 0.5664233661376551, 0.5866743359868215, 0.20102238029522315, 0.10410363570056685, 0.03286414378599309], [-0.5348955895787967, 0.4950481776480926, 0.2064291617818666, -0.357084432233184, -0.5297067291001621, 0.018403749571483177, 0.3366347627678052, -0.2809397317765046, 0.5795545421084061, 0.744406360353408, 0.07046469061167704]], "inverted": false, "swapped": false, "error_lsq": 0.046997847183313596, "error_max": 0.22726807355210055, "target": "216.xyz", "model": "20.xyz", "model_rescale": 4.067790424073018, "target_rescale": 3.794375154315454},
{"mapping": [3, 9, 11, 0, 2, 6, 5, 4, 13, 1, 14], "R": [[-0.14883829608204285, 0.5828605268047572, -0.7988246164911763], [-0.9733489544022212, 0.05617355152623853, 0.22234285478294852], [0.17446768922495784, 0.8106282368643531, 0.5589659086336962]], "T": [0.10697004959374383, -0.007873924394260143, 0.10696260353581587], "aligned_model": [[-0.3449935500088604, 0.16366567383204883, -0.5298845727570729, 0.5142633479341927, 0.23623377147812952, -0.27632080970458217, 0.29077695671301673, 0.46854558638060245, -0.2627430141074382, 0.4551733039657942, 0.07002385745911852], [-0.33695982806666464, -0.5895408533559179, -0.11666464420578025, -0.4077533717305865, 0.08645181043993491, 0.48237356427230754, 0.4901859225527428, 0.6135850229623667, 0.27469160946709137, -0.051976678691859686, -0.04614494012513874], [-0.5342677679292244, 0.6193092531915279, 0.13172190991619964, -0.31572714822770975, -0.6197529374370722, -0.29341524266680036, 0.36506632418366075, -0.24733162826025334, 0.6300232832657423, 0.8486596724169714, 0.16402924370104935]], "inverted": false, "swapped": false, "error_lsq": 0.04587963126730309, "error_max": 0.2591784893869172, "target": "216.xyz", "model": "21.xyz", "model_rescale": 4.186013935880536, "target_rescale": 3.794375154315454},
{"mapping": [2, 1, 9, 0, 5, 11, 4, 3, 10, 7, 12], "R": [[-0.07748724216415809, -0.9743680901809489, -0.21119316309701813], [0.25930002735199087, -0.2242359508298291, 0.9394049894325128], [-0.9626833451956309, 0.018029508938765204, 0.2700290978586884]], "T": [0.018228511700283535, 0.022475277136911588, 0.0451264883118986], "aligned_model": [[-0.16093153882575958, 0.09681339433319641, -0.5173972768124413, 0.5236351417161844, 0.24761684375412865, -0.2918464478692132, 0.22481485834113982, 0.5562554202267483, -0.23694554480622923, 0.3052951726812714, 0.03743052844592343], [-0.4402634630338249, -0.6519189342715633, -0.11961009951228393, -0.46735700764126803, 0.019406253286744453, 0.5400862048764375, 0.6130074495031904, 0.6365817181584493, 0.2989424735130106, -0.0939380476095362, 0.06331106624913974], [-0.5057580163764225, 0.31741328522401235, 0.32506848348395234, -0.11740631493510807, -0.6937309744811752, -0.14168471489728124, 0.4141928557181056, -0.38584796514666053, 0.7899429239870362, 0.710231299492481, 0.03589410008515115]], "inverted": false, "swapped": false, "error_lsq": 0.049662192009379755, "error_max": 0.2788273497662273, "target": "216.xyz", "model": "22.xyz", "model_rescale": 4.166573947596378, "target_rescale": 3.794375154315454},
{"mapping": [13, 6, 12, 5, 7, 9, 3, 8, 11, 2, 15], "R": [[0.7327362150828776, 0.2475263660905165, 0.633899311559843], [-0.09863286458777057, 0.9602957424854976, -0.26096675073165415], [-0.673326961534461, 0.12869648423422606, 0.728057702257534]], "T": [0.08695992797835503, 0.09059117734472583, 0.0475443169711718], "aligned_model": [[-0.1731574335656684, 0.12200898249782213, -0.43855757381663174, 0.35479916365180875, 0.38244210927794553, -0.25116607778437927, 0.1939704600756873, 0.453211175716393, -0.3697896290060617, 0.37842463292626594, 0.1325547412117677], [-0.4496522672209666, -0.5577051983928598, -0.16840762989312963, -0.5986757765941229, -0.06008042710488376, 0.5795689983690828, 0.5361593373763958, 0.7286097103202067, 0.37187481361865693, -0.022281298924041626, 0.03883735196415827], [-0.5501923455508084, 0.4445216525328715, 0.3410274142455143, -0.3322387674902962, -0.5859996797624664, -0.03624506812804783, 0.4367029129218487, -0.28841924553424575, 0.6257766972349007, 0.6434615671491436, 0.049919824535676734]], "inverted": true, "swapped": false, "error_lsq": 0.04396759304056715, "error_max": 0.22281708946594408, "target": "216.xyz", "model": "23.xyz", "model_rescale": 4.274766983524099, "target_rescale": 3.794375154315454},
{"mapping": [6, 8, 7, 0, 3, 4, 1, 2, 9, 1, 10], "R": [[0.2408628015303021, 0.17753154563842777, -0.9541842909743407], [-0.6730908164053336, 0.7388480231587096, -0.032439968330265356], [0.699238059397353, 0.6500662650666453, 0.2974558577546024]], "T": [0.011693517024531037, -0.06492226360202477, -0.03607184911661447], "aligned_model": [[-0.21489221660134333, -0.15790054005024953, -0.5833056530712334, 0.6657493898031414, 0.1606608670482927, -0.1821514269574877, 0.3949490144404295, 0.5025955209822277, -0.23947300779862774, 0.3949490144404295, 0.043559588949369725], [-0.5613846686302509, -0.6156427037050743, -0.10336335652010485, -0.4027955183497981, 0.08109503071845858, 0.6057338059731463, 0.2487662662522496, 0.7376389174165705, 0.22471156526495642, 0.2487662662522496, -0.06527799115390713], [-0.43255519281155724, 0.4253996888594304, 0.17730749956177344, -0.10104816149431282, -0.5580890539845603, -0.054104623310002875, 0.38783629003875214, -0.24435601558658065, 0.72596035363166, 0.38783629003875214, 0.03412788721073727]], "inverted": false, "swapped": false, "error_lsq": 0.06447113332936284, "error_max": 0.3527423188768189, "target": "216.xyz", "model": "24.xyz", "model_rescale": 3.7841303162186577, "target_rescale": 3.794375154315454},
{"mapping": [2, 3, 13, 4, 8, 10, 7, 0, 11, 6, 15], "R": [[0.3939305748837282, -0.7109418608229685, -0.5825636211619727], [0.26379871649733316, 0.694598993651507, -0.6692850477880659], [0.8804708622925208, 0.10997230809566921, 0.461169331272122]], "T": [-0.008273914543184699, 0.05037878271359044, -0.06003657930106486], "aligned_model": [[-0.006551868899839726, 0.00716923734545051, -0.5737813738528202, 0.47536939580836146, 0.2681691417698646, -0.37998704005403194, 0.21628335285608336, 0.48451204217560817, -0.16962658204460013, 0.4385575896627251, 0.02462665641814775], [-0.454583715598013, -0.5517555984051562, -0.18651252011845884, -0.5177053654782994, 0.08627557712233389, 0.7336944248993429, 0.5734770898881684, 0.5708155973732232, 0.23596596235237213, -0.11668401783660023, 0.02526017931958287], [-0.6202177444475984, 0.47493779743827, 0.42584799688831754, -0.05144054628296965, -0.5813315441782826, -0.07285027293048267, 0.2542049755409448, -0.22628179625262795, 0.6672531048046471, 0.4826033379225395, -0.004410346348666785]], "inverted": false, "swapped": false, "error_lsq": 0.044260664266172874, "error_max": 0.22727754988886273, "target": "216.xyz", "model": "25.xyz", "model_rescale": 4.19342608120988, "target_rescale": 3.794375154315454},
{"mapping": [7, 6, 10, 3, 5, 9, 1, 0, 8, 2, 11], "R": [[0.6901848068266643, 0.6541596253845497, 0.3093866786763542], [-0.5020131257371844, 0.7407697504352979, -0.44636643962960354], [-0.5211791956834253, 0.15275916128590128, 0.8396647453775858]], "T": [0.09459681847928524, 0.049717943787427346, 0.05653321000331329], "aligned_model": [[-0.3737143630636919, 0.16903825800121214, -0.4622005471733561, 0.19118376708274162, 0.3744774517558167, -0.2583281546120284, -0.046483415913721585, 0.6364814358150697, -0.15455785501310854, 0.5406921239659654, 0.16815185034005015], [-0.2944608257632502, -0.6395874388793344, -0.1580469979810647, -0.5208224983244585, 0.09344344583939755, 0.5119350725865728, 0.5330118350921863, 0.4932246757113457, 0.091736859992344, 0.330949202258083, -0.043135717013325844], [-0.6236775893906386, 0.4985880985726431, 0.26640512609382605, -0.2535822106280355, -0.5227031782735535, -0.40363066781108253, 0.25931547129834226, -0.059986740303323495, 0.7798536612355139, 0.7066357860840101, 0.1010972052763893]], "inverted": true, "swapped": false, "error_lsq": 0.06907619745412673, "error_max": 0.328280704978226, "target": "216.xyz", "model": "26.xyz", "model_rescale": 3.795458400668931, "target_rescale": 3.794375154315454},
{"mapping": [2, 6, 3, 1, 9, 4, 10, 11, 7, 5, 12], "R": [[0.07007010111528592, 0.2301494482372101, 0.9706293898320829], [-0.42084316284336637, 0.8890113310239656, -0.1804158684788814], [-0.9044231383692513, -0.3958409842185433, 0.15914993558028728]], "T": [0.16930612860561536, -0.013039291480354896, -0.029403620460117602], "aligned_model": [[-0.30268394542042365, 0.4853341372969051, -0.5626212723502748, 0.39161300989604786, 0.035175276864733124, -0.10121250559638842, 0.057152213392923173, 0.564702966150147, -0.28175657792809394, 0.400213467347998, 0.09882378153137548], [-0.5208484637746429, -0.5623468988466903, 0.08158382803008826, -0.542620076272801, 0.007068117678077697, 0.7599557463659677, 0.5558720824571746, 0.559065538177974, 0.06370353164854528, 0.02286983460443503, -0.026055626549632428], [-0.5717965854346705, 0.4993443439690195, -0.009271461312993917, -0.1725015361010083, -0.43680869753158613, -0.19721757295224449, 0.38465890672171854, -0.19653230284208337, 0.6420582716097952, 0.686314762326696, 0.12006683370144894]], "inverted": false, "swapped": false, "error_lsq": 0.07556743946951266, "error_max": 0.4639086895021322, "target": "216.xyz", "model": "27.xyz", "model_rescale": 3.6321398670334006, "target_rescale": 3.794375154315454},
{"mapping": [7, 9, 6, 8, 3, 1, 2, 5, 13, 11, 14], "R": [[0.8301814271454362, -0.5573609727742348, 0.012146771214005718], [0.5573048798919988, 0.830270260148664, 0.007909864805081343], [-0.014493752838091652, 0.00020283202008715808, 0.999894939475063]], "T": [0.12542639969855726, -0.1163244409842227, 0.02784141741920112], "aligned_model": [[-0.1658826926461646, 0.06088568411876459, -0.5861007355870543, 0.302850691073523, 0.30329548328589556, -0.12906618148939206, 0.2659143067675368, 0.47604212244506716, -0.24520717985448873, 0.4066664662403636, 0.09534258683089802], [-0.39206597963618073, -0.4717601256365551, -0.2668854386791048, -0.5282358128057992, 0.11327712123597711, 0.4872762306189844, 0.6149265333280252, 0.6538605158016534, 0.16372603011070844, 0.0914059017819987, -0.06727736260121162], [-0.6354782646218203, 0.5900443445979956, 0.3016441910832729, -0.2288281335382922, -0.5944172038084177, -0.10694341669338345, 0.3088731314074653, -0.20849112133177802, 0.6991683238226708, 0.5666159213487222, 0.05612718988765572]], "inverted": true, "swapped": false, "error_lsq": 0.03833473397704031, "error_max": 0.17989214724799593, "target": "216.xyz", "model": "28.xyz", "model_rescale": 4.156811204709835, "target_rescale": 3.794375154315454},
{"mapping": [7, 5, 6, 8, 0, 4, 9, 3, 1, 10], "R": [[0.8302799864344776, 0.04421717997389417, -0.555589763333991], [-0.5245536318435258, 0.39888394141921624, -0.7521536336398557], [0.1883577220241599, 0.9159347369070724, 0.35437963581566273]], "T": [-0.04782722208797978, -0.0867476639276501, 0.07109589935500056], "aligned_model": [[-0.6475505563948848, 0.06140500871699893, -0.03153536418619242, 0.5345278250011265, -0.1916826290788643, -0.6083072284179146, -0.1539209633485739, -0.5064335108114341, 0.2779751926130377, -0.09155239998271106], [-0.27526972472324296, -0.5763611638123887, 0.08560055192415403, 0.12488234784536095, -0.5191463942372285, -0.42045651540752715, 0.6487535470100596, 0.2235426826697069, 0.6193241249658754, 0.007850874391434462], [-0.49411941257741504, -0.37486405451062493, -0.5343264696585457, -0.3643678292267025, 0.7254602350338593, 0.09017517667461931, -0.2621297873154005, 0.5041149313213157, 0.42414515076706377, 0.044698786466930124]], "inverted": true, "swapped": true, "error_lsq": 0.0588017902931125, "error_max": 0.3518936462482197, "target": "216.xyz", "model": "29.xyz", "model_rescale": 4.117894457231895, "target_rescale": 3.794375154315454},
{"mapping": [11, 4, 13, 3, 9, 6, 8, 5, 7, 1, 14], "R": [[0.5359384847691808, 0.33786366397915646, 0.7737041327961836], [0.4579318157796849, 0.6535740726815795, -0.6026104741996563], [-0.709273143887484, 0.6772658828562039, 0.1955569770654357]], "T": [0.06104865453174847, -0.03166327831216848, -0.01914069818074192], "aligned_model": [[-0.16064109596089038, 0.03943567553586448, -0.54000640981612, 0.38140652603150527, 0.01517724576200484, -0.1027233207916619, 0.3090196724825856, 0.6054333567886094, -0.3490627503097385, 0.5757649534774935, 0.010936697985296895], [-0.3298761761758473, -0.47145995203394986, -0.39316627885513716, -0.47493853882488324, 0.2529860275668464, 0.5798527996605222, 0.5285324545439085, 0.5404016835577399, 0.1295998464598556, 0.05078879097578314, -0.01447304335634245], [-0.6415765200797706, 0.6177579256824993, 0.3429431217423876, -0.04432161649891503, -0.5729408418521175, -0.12409911718147898, 0.33650069677127153, -0.28809933232258117, 0.4633595619868618, 0.6653278662752863, -0.006536782369352467]], "inverted": true, "swapped": false, "error_lsq": 0.051396972002553616, "error_max": 0.2939687517069959, "target": "216.xyz", "model": "30.xyz", "model_rescale": 4.100398675895297, "target_rescale": 3.794375154315454},
