[{"mapping": [7, 10, 1, 8, 0, 9, 11, 4, 3, 6, 2, 13, 5, 14], "R": [[0.8797934785402246, -0.14304745247313447, -0.45332202842906044], [-0.13498188253438362, 0.8392122498579273, -0.5267852418926237], [0.45578868624129476, 0.524652481200025, 0.7190246501095023]], "T": [-0.03787910020885652, 0.07125269929183234, 0.1705563715069823], "aligned_model": [[0.17643960069045928, 0.37332861375170057, -0.4906271628077322, -0.4379928978585509, -0.5815504281580611, -0.04207245335561025, -0.7320949767131997, 0.09684378387456907, -0.4158169741127875, 0.03983183549516977, 0.6573073315891722, 0.1811356243331049, 0.6076972670257306, -0.06093706262566113], [-0.6407758194339878, -0.22203640181816828, -0.4740788708402749, -0.40184888500600147, 0.2786049100577799, 0.15929213571939885, 0.25147450560750056, 0.5282263681789544, 0.8035537366661889, -0.08802050799287894, 0.39858022403936066, 0.6926944224599836, -0.13006914306018846, 0.07967665723236692], [0.10251905462645175, -0.39215337747956847, 0.5072027378918923, -0.19969902147338972, 0.6069226147855948, -0.5499246239610771, -0.08444071693752006, 0.4229528401868219, 0.1615555473175446, 0.6744897101886582, 0.5739908345734009, -0.18892575432479966, 0.1996224145889079, 0.06347582719691612]], "inverted": true, "swapped": true, "error_lsq": 0.046659589756476834, "error_max": 0.2910294301551962, "target": "218.xyz", "model": "0.xyz", "model_rescale": 3.8414455957264533, "target_rescale": 3.9378122636418484},
{"mapping": [12, 11, 3, 10, 5, 4, 1, 0, 13, 9, 7, 8, 2, 6, 14], "R": [[0.6551998302706243, 0.6924170258720096, 0.3021123047740795], [-0.5624628542573958, 0.18014142650282322, 0.8069601006481991], [0.5043299713421451, -0.6986470702293749, 0.5074874887777454]], "T": [-0.0006861080724789156, 0.03943943141790822, 0.1265606366484351], "aligned_model": [[0.45865541483141076, 0.15165326721439787, -0.6538247412790834, 0.16273790411415331, -0.2723063971303173, -0.5228934215837113, -0.499573986360101, -0.30142456569259324, 0.5069134774681263, 0.39570087611891025, -0.13018635620535407, 0.7744211972765412, -0.3435376572288614, 0.20203239034970297, -0.034404986227891975], [-0.27510776661349473, 0.09704079190966063, -0.3474480976867063, -0.6199713129540239, -0.49895932435689133, 0.1664532763592041, -0.1289253000604349, 0.6131566530212434, 0.5114642283618512, 0.42902506397351264, 0.6063551166048238, -0.1133681793800783, -0.00035088031015169385, -0.3754831480776455, -0.011467131453262072], [-0.3953157562014443, -0.7099441153623812, -0.0660655497240068, 0.04378767694499097, 0.3924026636772284, 0.2101324007604888, -0.5599246823938896, -0.19889642542149627, -0.1806563102610168, 0.52230054323273, 0.40004060622151993, 0.11387612730186461, 0.7788445272605544, 0.7564587531766991, 0.06071568103319863]], "inverted": false, "swapped": false, "error_lsq": 0.048958199048481955, "error_max": 0.32814235082102305, "target": "218.xyz", "model": "1.xyz", "model_rescale": 4.316132596720782, "target_rescale": 3.9378122636418484},
{"mapping": [7, 6, 1, 9, 8, 10, 11, 12, 0, 2, 4, 14], "R": [[-0.34300018880154776, -0.7996118089314304, -0.4929217235013168], [0.30341742645769454, -0.5909393559354625, 0.7474814666119625], [-0.888981853472776, 0.10682524338370003, 0.44530846788728506]], "T": [0.022198767321209255, 0.03279356623635348, -0.05545085604815272], "aligned_model": [[-0.3087725696276999, 0.43004591059332664, 0.15261122827788662, -0.6157551948871424, -0.4805315304163535, -0.6231817897464743, -0.12418633263323034, -0.19326525884258314, 0.5234482894795274, 0.4919334910237551, 0.4189710657646946, -0.0735087543539264], [-0.6076738483530291, -0.300709473610791, -0.5921140292393875, 0.3782696882664734, -0.2670345321686253, -0.03955503714381998, 0.3025375128084783, 0.44076248660702383, 0.07304396486243231, 0.18109825875243685, 0.3640661693374507, 0.08008526762233803], [0.13898591642506303, 0.03282249247279929, -0.5117196284991048, -0.07830654718706617, -0.47779026376354294, 0.33185026530709355, -0.7520488057842772, 0.6708192381707286, -0.5809199534869708, 0.6590712618242833, 0.09787680804565399, -0.0813823223152388]], "inverted": false, "swapped": true, "error_lsq": 0.04855348301340318, "error_max": 0.3418652701327915, "target": "218.xyz", "model": "2.xyz", "model_rescale": 3.795458400668931, "target_rescale": 3.9378122636418484},
{"mapping": [7, 6, 2, 3, 10, 13, 4, 8, 0, 11, 12, 14], "R": [[0.9381240018718313, 0.30050424046025276, -0.17210624212208936], [0.1131485297046305, 0.2037255735255724, 0.9724676348945281], [0.32729309087981223, -0.9317687975871932, 0.1571182373413596]], "T": [0.08515324559561485, -0.07576761675494446, -0.01301892245167511], "aligned_model": [[0.08610986489251168, -0.17983449549456945, -0.7699361942180322, 0.2561423108498624, 0.054459244645961635, -0.07175245354230406, -0.2460481448464973, 0.7025727772895053, 0.30670598178795117, 0.7611617040503162, -0.45886484715100817, 0.1525880774798679], [-0.19192075833717803, -0.5359913547962868, -0.04754494001693847, 0.053078436418945954, 0.45460368311941723, 0.5352829926327278, -0.07938787022547501, -0.07512286819976895, -0.5774891288415113, -0.049958512222366726, 0.5896832292318472, 0.010536136526296494], [-0.7506188994734047, -0.07073687405072279, 0.13262578167461272, 0.7828103901849363, -0.551086487939848, 0.39365344936367797, 0.41238876399508767, -0.3869145259936643, 0.46466178661236557, 0.3359589450391928, -0.05240321698153428, -0.02156768179159889]], "inverted": false, "swapped": true, "error_lsq": 0.045890560086073305, "error_max": 0.2442907114530935, "target": "218.xyz", "model": "3.xyz", "model_rescale": 3.7530521520055578, "target_rescale": 3.9378122636418484},
{"mapping": [9, 11, 3, 0, 13, 1, 10, 8, 7, 6, 14], "R": [[0.46075216396775304, 0.8866284483772234, 0.039967961259364415], [0.025925313234125225, -0.05845886863877264, 0.9979531245560522], [0.8871501121753552, -0.45877287976260317, -0.04992117047488698]], "T": [0.07303006888835525, -0.052206570910479894, 0.13135845463228393], "aligned_model": [[-0.37704124471735634, -0.1681584432867127, 0.4521926917260737, 0.37563578364911354, 0.28768273760373964, -0.1682702732691765, -0.4097957173108707, -0.6044312218097344, -0.38957381770058686, 0.34274266599887226, -0.0027835584381567247], [-0.6047496176306446, -0.04216926455537748, -0.3227640413800652, 0.3617840599567447, -0.754988800586554, 0.689062257342476, -0.4489821899398705, 0.13121198156518005, 0.22172167004269197, 0.3592596660392262, -0.1221823625394607], [-0.006458037842926784, -0.5905601362444574, -0.548507135997653, -0.38442298102137995, -0.021631849367083067, 0.04195613528263922, 0.557035457511262, -0.03719139075252342, 0.649535216407128, 0.33946036411886904, 0.0936151351514416]], "inverted": true, "swapped": true, "error_lsq": 0.049471296785613135, "error_max": 0.226797212753461, "target": "218.xyz", "model": "4.xyz", "model_rescale": 3.7855080009869324, "target_rescale": 3.9378122636418484},
{"mapping": [8, 15, 11, 7, 6, 12, 13, 14, 9, 3, 2, 10, 1, 4, 16], "R": [[0.18452450952106342, 0.6465704108314982, -0.7402009249002588], [0.6714227537868152, -0.632924208079579, -0.3854846722298666], [-0.7177340671051786, -0.42585637328097525, -0.5509121148174488]], "T": [0.02396690153983141, -0.01011972068168224, 0.12835424407485618], "aligned_model": [[0.21380721636401462, 0.2411484141632812, -0.7046987218336932, 0.44961755284552596, -0.18138783242256915, -0.6180839737055356, -0.4220232659329488, -0.18544434151340253, 0.40492599472890656, 0.45646203652729417, -0.03350914833520621, 0.7152217122706844, -0.44603148938067166, -0.015872345409737188, 0.01983060729938666], [-0.36478451410220525, 0.2003018315983443, -0.3284095128632709, -0.6096853090744411, -0.6296631872751938, 0.2074025209923525, -0.2177674935216314, 0.5584541956678559, 0.5656507691789275, 0.44506393922823273, 0.6674608989104387, -0.05387757027983964, 0.050057709324686686, -0.47862798693776326, 0.040837698491114155], [-0.44912598341267684, -0.6383745656072309, 0.1415544640356669, 0.2722712345040314, 0.11984575963350727, 0.0690245636112477, -0.4034754390264247, -0.17259098593006872, -0.04563578889046477, 0.4252926204468425, 0.41708715737469326, -0.09795596628756212, 0.7187643798612741, 0.6992426944025539, 0.11183199552965074]], "inverted": false, "swapped": false, "error_lsq": 0.033823499947256, "error_max": 0.2269874251897652, "target": "218.xyz", "model": "5.xyz", "model_rescale": 4.2253639853439635, "target_rescale": 3.9378122636418484},
{"mapping": [9, 8, 0, 3, 11, 6, 4, 13, 7, 10, 1, 2, 12, 14], "R": [[-0.042645475570598404, 0.029163527745161066, 0.9986645342970855], [-0.6410976367566062, 0.7658457042765018, -0.04974110358972156], [-0.7662735696593299, -0.6423627058684884, -0.013963185555662797]], "T": [-0.04282742205834481, -0.0024786316801944167, 0.05329356114771229], "aligned_model": [[0.5131252119359387, -0.210898992869658, -0.5203408638288043, 0.139855343369618, -0.1146403634573391, -0.44315434463566367, 0.07017858184998735, 0.6302419001344658, -0.2413529325355486, 0.4167832514161368, -0.7774139079422019, 0.1751606337920639, 0.7101212834942445, 0.02639735203454422], [-0.018522676339507087, 0.12177237666216986, -0.5452904311439271, -0.801079924414891, -0.5717597059396219, 0.13122969201066062, -0.27862333700864594, -0.3028163871433687, 0.6799736472511151, 0.5283434573818525, 0.08987893312654294, 0.17304838806114123, 0.2548931359234519, -0.015948021791982542], [-0.41309752881170236, -0.6375890990607733, 0.1328247733108679, 0.14299218524382096, -0.4469074561595356, 0.38073239995149466, 0.5023513656157997, 0.1952780103637528, -0.17560096083476084, -0.2273102183122659, -0.20661196120555142, 0.8747911705480027, 0.3806460567286675, -0.03094052844636866]], "inverted": false, "swapped": true, "error_lsq": 0.033945054097397356, "error_max": 0.24729859800548443, "target": "218.xyz", "model": "6.xyz", "model_rescale": 3.89814844738969, "target_rescale": 3.9378122636418484},
{"mapping": [4, 0, 11, 2, 9, 1, 6, 13, 5, 7, 8, 10, 14], "R": [[0.7674269221725638, -0.14276817842107142, 0.6250385318962944], [0.5688369912420932, 0.6013593408951905, -0.5610627598698251], [-0.29577085136873904, 0.7861197048468073, 0.5427111691610742]], "T": [-0.06240382803894228, 0.0546627657414369, -0.08436888343039824], "aligned_model": [[-0.04820239244401305, -0.039735806096068076, 0.5080868700448432, -0.4603041391890911, 0.5098246342193301, -0.42097265692072705, -0.5474633645701047, 0.4511261451510443, -0.46086217619360537, -0.4949902001149792, 0.10925555512404664, 0.013553443040241038, 0.029315888853305612], [-0.4092819900421801, 0.19347635459499696, 0.432254012022494, -0.7161972639470201, 0.11723436898195293, 0.6942818007781665, 0.03156469753181716, -0.47978895632684115, -0.23642003708068832, 0.4381031776146683, 0.7279587106146586, 0.0882583182822239, 0.08233807244623742], [-0.35865477399330975, -0.7979555276071645, -0.4181417282056168, -0.05912989734865373, 0.35778580992610937, -0.363678730272532, -0.3069435432341869, 0.034092026015178065, 0.37893006075934604, 0.38827122781592477, 0.11110705615094389, 0.6671990604540978, -0.030606009623840635]], "inverted": false, "swapped": true, "error_lsq": 0.04404996152484443, "error_max": 0.2550097420132255, "target": "218.xyz", "model": "7.xyz", "model_rescale": 3.7474275329858107, "target_rescale": 3.9378122636418484},
{"mapping": [13, 9, 10, 13, 12, 6, 11, 5, 8, 2, 3, 4, 0, 1, 14], "R": [[0.9634857613763701, -0.25290360166340836, -0.0879485980028819], [-0.2576768296229564, -0.9650481689175785, -0.047798359221743525], [-0.07278625626076907, 0.06871535443046929, -0.9949775680712791]], "T": [-0.08237484541762526, -0.007633685482561724, 0.080164190776994], "aligned_model": [[0.5135656108582913, -0.05402494222471707, -0.7979014115430426, 0.5135656108582913, -0.13375046044484906, -0.7252010674617201, -0.2569215374742445, -0.2430757031459997, 0.3758045632757565, 0.5542062033699224, -0.12409477268948729, 0.6921982461078322, -0.4598621765635379, 0.0687307169450495, -0.029276464202216718], [-0.6464896264496913, 0.23662476053032455, -0.2529085927534897, -0.6464896264496913, -0.6222489031946414, 0.47503798355240484, -0.2877130382223666, 0.6435327695952561, 0.4676200109032279, 0.2132200382480121, 0.6249017309381395, 0.015582171441170876, 0.08228090223229201, -0.2235815965850112, -0.026954994448328766], [-0.131566505998944, -0.6408590644850823, 0.0242596943543556, -0.131566505998944, 0.06431177340099345, 0.22418018489313518, -0.4466839505795175, -0.17119003363278334, -0.09134636101953919, 0.5847211220431606, 0.4152655659256687, -0.02811044021991918, 0.6127352370866535, 0.7839648932229357, 0.09964053125286665]], "inverted": false, "swapped": false, "error_lsq": 0.05514144884493543, "error_max": 0.4147344427091305, "target": "218.xyz", "model": "8.xyz", "model_rescale": 4.019505241142653, "target_rescale": 3.9378122636418484},
{"mapping": [8, 11, 9, 10, 7, 5, 13, 1, 6, 0, 3, 4, 14], "R": [[0.9420760446128948, -0.11091967017084692, -0.31652733363125807], [-0.12294572802420825, 0.7638371099316148, -0.6335907334012358], [0.3120529989074302, 0.6358063354988759, 0.7059555436515607]], "T": [0.09440389318731714, -0.06857667244658336, 0.07369067699332066], "aligned_model": [[-0.3288393208490148, -0.6378730788079, -0.01791337905834635, 0.4356407974893385, 0.33451882509131603, 0.7473006426111254, 0.22595800118037557, -0.2754743334944847, 0.2520850622336262, -0.391277009713051, -0.3195451030300761, 0.23932913094638175, 0.05579053714188565], [-0.524480207372325, 0.08991152683345763, 0.09828083990010636, -0.2682613168597011, -0.7519703811441484, -0.2263318667729289, 0.6026455687943727, -0.6781250956883046, -0.27691792003302884, 0.05067298963099212, 0.6320361871559677, 0.3658819172813398, -0.04996401361174118], [-0.29239997404852086, -0.060812203094932155, -0.6237365897065916, -0.5708525414048456, -0.10759377328215972, -0.009875454035586997, -0.23540297093000356, 0.4013168705740615, 0.5396159149917868, 0.6017839727933468, 0.20396235540739555, 0.3581578565168453, -0.02745996973691646]], "inverted": true, "swapped": true, "error_lsq": 0.038613210161513686, "error_max": 0.24163180612281712, "target": "218.xyz", "model": "9.xyz", "model_rescale": 3.877068213659057, "target_rescale": 3.9378122636418484},
{"mapping": [2, 4, 8, 14, 9, 0, 7, 5, 3, 6, 12, 13, 11, 10, 15], "R": [[0.26025589574644364, -0.28486931366709645, 0.9225596689971082], [0.759928652937199, -0.528994550530711, -0.37772107163072743], [0.5956301798719322, 0.7993836623547221, 0.07880640320482352]], "T": [0.022995061302113106, 0.02416559657042419, 0.05040070266350746], "aligned_model": [[0.17724356877646988, 0.1550179288581474, -0.6358145277013679, 0.45437937366073544, -0.09261626331653751, -0.6590917867680518, -0.3529479335264106, -0.22942998083265176, 0.3498684759166963, 0.4501623127060624, -0.11567763077250796, 0.7621570487025474, -0.44567742769259977, 0.128078666713688, -0.051689409058890454], [-0.49774323174273605, 0.16114978742158034, -0.3710536902440055, -0.5663669580780584, -0.6114746760651942, 0.37759874859598863, -0.18907738030063853, 0.7364422960452863, 0.5356879426565039, 0.2687765644912018, 0.5860243326667856, -0.17045019355358196, -0.03371914750306507, -0.23983057458335413, 0.06645016953089428], [-0.32930172137434677, -0.599134495492918, -0.020975599951966614, 0.3237144849537553, 0.18545909493622306, 0.25922736373141786, -0.6420448669456397, -0.14944659837152952, -0.13469387586601236, 0.4218817773169862, 0.5229256870384149, -0.06536952917663456, 0.617543304419672, 0.7003808846304098, 0.07759023039720829]], "inverted": false, "swapped": false, "error_lsq": 0.03980321123875239, "error_max": 0.24763320291521015, "target": "218.xyz", "model": "10.xyz", "model_rescale": 4.260839863003843, "target_rescale": 3.9378122636418484},
{"mapping": [1, 7, 10, 8, 13, 11, 0, 6, 5, 12, 4, 14], "R": [[-0.61340262135807, -0.19750127919534466, -0.764676708699337], [0.3352992768151476, -0.9417602656579133, -0.025729302267563994], [-0.7150605702164589, -0.2721779688809129, 0.643900251729702]], "T": [0.014785598465285868, 0.08133287024331431, -0.04019794217506356], "aligned_model": [[0.42872165190674405, 0.21437748821989383, -0.3486651683662022, -0.2452657322267618, -0.4833147595307468, -0.3951671330435142, 0.2660177512153671, 0.5487186646032935, 0.2126744531002328, -0.27388376040261825, 0.12630207294907284, -0.09161687933063047], [-0.04600573829686136, -0.6230572759319297, -0.543706422290607, -0.26418396964649227, 0.36618545276838, 0.44415115706132174, 0.6487396660459981, 0.09740468685659631, -0.35864580788987527, -0.09603997915183463, 0.48832632781163865, 0.05991040819659922], [-0.6945219658867946, -0.18697598221430162, 0.18112075412821926, -0.6181223619080314, 0.4436819016353126, -0.5691031760841908, -0.41956700248198664, -0.043793984003152764, 0.4345682413297209, 0.750713247443634, 0.2953606493842256, -0.05718224394714996]], "inverted": false, "swapped": true, "error_lsq": 0.04428345171261939, "error_max": 0.2937653786657299, "target": "218.xyz", "model": "11.xyz", "model_rescale": 3.890672605050136, "target_rescale": 3.9378122636418484},
{"mapping": [4, 2, 12, 3, 13, 8, 6, 11, 0, 7, 10, 5, 9, 14], "R": [[-0.1981196306387505, 0.6456400984263267, -0.73749405099947], [0.6127866516906061, -0.505654382910018, -0.6072941334754562], [-0.7650105433687705, -0.5722433995669436, -0.29545957453886396]], "T": [-0.017423172764881714, -0.09358587815555361, 0.07847415467250966], "aligned_model": [[0.35791374493760875, 0.22918575429564797, 0.4298969939029947, 0.6604073302717012, 0.6934769807323617, -0.39293482264563095, -0.3066299953272952, 0.17995948764291675, 0.021257091012690285, -0.6652095411085449, -0.11170516624333772, -0.17461458845999733, 0.26961389414053594, 0.01925867164204264], [-0.16631883569391842, 0.291104022647379, 0.6314563066547609, -0.5619733679778809, 0.13625810178328343, -0.20335887321137197, -0.20785459910803947, -0.6351416537671876, -0.7989280337211175, 0.25847717979256424, 0.5637756484027081, 0.5042773465377628, 0.19073085286813188, -0.07035157537930958], [-0.30167224087962874, -0.6593500565847472, -0.04214978595924819, 0.09696277922340775, 0.15042816982386176, 0.6850597681897969, -0.35587343323014037, 0.5756627758713164, -0.09468828696218222, 0.19667152240422237, 0.44005301406808706, -0.19719700521066225, 0.6814958044414736, 0.17938741016130427]], "inverted": true, "swapped": true, "error_lsq": 0.044783840539355205, "error_max": 0.32607671403939503, "target": "218.xyz", "model": "12.xyz", "model_rescale": 4.124412569039231, "target_rescale": 3.9378122636418484},
{"mapping": [8, 10, 12, 1, 9, 11, 7, 0, 5, 6, 4, 2, 14], "R": [[-0.022512423126255177, 0.6545916599147825, -0.755647371182481], [0.8906197599575645, -0.33025118190380287, -0.31261893740506463], [-0.45419118659229263, -0.6800322901312489, -0.575557512678563]], "T": [0.14225144279311158, 0.03063197209375859, -0.04770759091087947], "aligned_model": [[-0.32126253698265167, 0.0759647219475843, 0.6814914194325086, -0.5505322568139, 0.3763812876764904, 0.20808139647715423, -0.47109122325183433, 0.12306348956029906, 0.09270436126091844, -0.097229696609961, 0.55440251557598, 0.5278459312172632, 0.16747889801990642], [-0.2513229919163875, 0.4943459495977731, 0.6621291470984305, -0.28012897287295335, 0.00038623135295334787, -0.6884529463820522, 0.4042032223337404, -0.5429056977877433, 0.705541834363667, 0.14724227087868583, 0.05731216359587442, 0.6337321573686592, 0.005403008877829553], [0.4283821117590072, 0.5458646120788156, 0.17759931504383406, -0.24563809945407053, 0.6386813675592198, 0.19317079125767952, 0.1567465323671124, -0.4945580290826456, -0.061343188540398184, -0.5107481679763357, -0.3942603683334643, -0.5383947686742748, 0.05619597296335959]], "inverted": true, "swapped": true, "error_lsq": 0.0463546590259308, "error_max": 0.27771508431625724, "target": "218.xyz", "model": "13.xyz", "model_rescale": 3.9028299243045295, "target_rescale": 3.9378122636418484},
{"mapping": [12, 8, 10, 11, 15, 4, 5, 0, 2, 6, 3, 1, 7, 9, 15], "R": [[-0.1623948855744199, 0.6735677137822511, -0.7210647932671675], [-0.3458614928030983, -0.7232598576939412, -0.5977248581450771], [-0.9241253859381225, 0.15232108586368387, 0.35041483682347824]], "T": [-0.0031827028152429165, -0.03112423895607542, 0.017577104692801437], "aligned_model": [[0.27782773580792275, 0.0439499420287408, -0.6232996495085195, 0.4455342625422685, -0.01678163647918663, -0.6204119007203275, -0.31520946745804623, -0.23248321235954267, 0.4861820824782516, 0.33216913889475735, -0.09671436319180073, 0.6281232893679816, -0.4653406513218748, 0.06719848206389156, -0.01678163647918663], [-0.45063527524849856, 0.20073126108697145, -0.38512649832565116, -0.5952179823986838, -0.06606377203498123, 0.24852367820255994, -0.11629251999684684, 0.7098600874246292, 0.4579976717073044, 0.15153687427448986, 0.5059345322940921, -0.09473053599474329, -0.06648267137162467, -0.38155708824642887, -0.06606377203498123], [-0.46125889309199286, -0.7176294652230444, 0.23086089412373348, 0.179774582932066, 0.12512070116642734, 0.03130421527702873, -0.37926983772487366, -0.27496334315259785, -0.23427926901936275, 0.5640039728319135, 0.32008189799137965, 0.15759759945478113, 0.7959007955351316, 0.7053915879780228, 0.12512070116642734]], "inverted": false, "swapped": false, "error_lsq": 0.0436438692244771, "error_max": 0.457691508388116, "target": "218.xyz", "model": "14.xyz", "model_rescale": 3.942246331269136, "target_rescale": 3.9378122636418484},
{"mapping": [4, 3, 9, 11, 6, 2, 5, 1, 12, 8, 0, 13, 7, 6, 14], "R": [[0.20702135088877333, 0.4373199744854118, -0.8751533580991769], [0.7582460631669424, 0.4935486979665719, 0.42599599813535205], [0.6182273594463615, -0.7517718554532222, -0.2294210308153963]], "T": [0.013232841008865716, -0.08655606745456876, -0.003857690845090786], "aligned_model": [[0.3068460787706592, 0.06111864729342193, -0.6619667939654715, 0.4954561355902797, -0.05121330624620967, -0.6105015252229439, -0.4758401982743066, -0.07742927985027528, 0.5160552250405347, 0.2787440480585534, -0.17059013230650852, 0.8173396214065783, -0.47632920442243615, -0.05121330624620967, -0.006513593960336763], [-0.40168410245697106, 0.13148450472410275, -0.49136966111632707, -0.526748560834496, -0.39552333665952477, 0.31697031666961206, 0.1540741459994119, 0.6175208014270507, 0.506854503867771, 0.07637374217039528, 0.5056080578405123, -0.04009647303102695, -0.01265822761933405, -0.39552333665952477, 0.00713161501595494], [-0.4015379205387052, -0.6870217918787459, 0.16464665167917836, 0.29245681705413384, 0.45785142754269925, 0.17155558213205113, -0.3289487870143437, -0.3946230658820763, -0.2550743346455198, 0.7045197525806454, 0.3914500956495143, -0.11423721027573926, 0.6931700138193975, 0.45785142754269925, 0.015697482479850595]], "inverted": true, "swapped": false, "error_lsq": 0.05120107016979308, "error_max": 0.37244403773858253, "target": "218.xyz", "model": "15.xyz", "model_rescale": 4.355366556412066, "target_rescale": 3.9378122636418484},
{"mapping": [7, 6, 1, 9, 8, 10, 11, 12, 0, 2, 4, 14], "R": [[-0.34300018880154776, -0.7996118089314304, -0.4929217235013168], [0.30341742645769454, -0.5909393559354625, 0.7474814666119625], [-0.888981853472776, 0.10682524338370003, 0.44530846788728506]], "T": [0.022198767321209255, 0.03279356623635348, -0.05545085604815272], "aligned_model": [[-0.3087725696276999, 0.43004591059332664, 0.15261122827788662, -0.6157551948871424, -0.4805315304163535, -0.6231817897464743, -0.12418633263323034, -0.19326525884258314, 0.5234482894795274, 0.4919334910237551, 0.4189710657646946, -0.0735087543539264], [-0.6076738483530291, -0.300709473610791, -0.5921140292393875, 0.3782696882664734, -0.2670345321686253, -0.03955503714381998, 0.3025375128084783, 0.44076248660702383, 0.07304396486243231, 0.18109825875243685, 0.3640661693374507, 0.08008526762233803], [0.13898591642506303, 0.03282249247279929, -0.5117196284991048, -0.07830654718706617, -0.47779026376354294, 0.33185026530709355, -0.7520488057842772, 0.6708192381707286, -0.5809199534869708, 0.6590712618242833, 0.09787680804565399, -0.0813823223152388]], "inverted": false, "swapped": true, "error_lsq": 0.04855348301340318, "error_max": 0.3418652701327915, "target": "218.xyz", "model": "16.xyz", "model_rescale": 3.795458400668931, "target_rescale": 3.9378122636418484},
{"mapping": [4, 0, 11, 2, 9, 1, 6, 13, 5, 7, 8, 10, 14], "R": [[0.7674269221725638, -0.14276817842107142, 0.6250385318962944], [0.5688369912420932, 0.6013593408951905, -0.5610627598698251], [-0.29577085136873904, 0.7861197048468073, 0.5427111691610742]], "T": [-0.06240382803894228, 0.0546627657414369, -0.08436888343039824], "aligned_model": [[-0.04820239244401305, -0.039735806096068076, 0.5080868700448432, -0.4603041391890911, 0.5098246342193301, -0.42097265692072705, -0.5474633645701047, 0.4511261451510443, -0.46086217619360537, -0.4949902001149792, 0.10925555512404664, 0.013553443040241038, 0.029315888853305612], [-0.4092819900421801, 0.19347635459499696, 0.432254012022494, -0.7161972639470201, 0.11723436898195293, 0.6942818007781665, 0.03156469753181716, -0.47978895632684115, -0.23642003708068832, 0.4381031776146683, 0.7279587106146586, 0.0882583182822239, 0.08233807244623742], [-0.35865477399330975, -0.7979555276071645, -0.4181417282056168, -0.05912989734865373, 0.35778580992610937, -0.363678730272532, -0.3069435432341869, 0.034092026015178065, 0.37893006075934604, 0.38827122781592477, 0.11110705615094389, 0.6671990604540978, -0.030606009623840635]], "inverted": false, "swapped": true, "error_lsq": 0.04404996152484443, "error_max": 0.2550097420132255, "target": "218.xyz", "model": "17.xyz", "model_rescale": 3.7474275329858107, "target_rescale": 3.9378122636418484},
{"mapping": [10, 7, 5, 8, 13, 3, 12, 6, 9, 4, 11, 1, 0, 14], "R": [[-0.9119341794118416, 0.06257980258167503, 0.40553646041914637], [-0.4093477447550168, -0.0701748535859244, -0.9096757190274872], [-0.02846886517641578, -0.9955698158507182, 0.08961174857424892]], "T": [0.041595119936409373, 0.038428925338830494, 0.04954296737813608], "aligned_model": [[0.38830559168595236, 0.22158769116899532, 0.6790085614145241, -0.40832321910739766, 0.25036966560039386, -0.30747273229464683, 0.7485426444683941, 0.15884208885565432, -0.024957137038599093, 0.21605689190222216, -0.6656326583802852, -0.39895809562229984, -0.45172343182328906, 0.009201787053257922], [-0.3414621179654448, 0.3039988229179311, 0.11947363292082097, -0.03655249720547815, -0.5861824999828408, -0.2941917354697483, -0.4470403892616429, 0.5515224410207221, -0.6353810031194799, 0.03418891468816147, -0.2278007200524362, 0.6213623943450817, 0.3565746002415209, -0.058101601565934496], [-0.5047378156655168, -0.6247132875600483, -0.16324806860842625, -0.5098821756312967, 0.40962409725494126, 0.7178976570816897, 0.11937403822249698, 0.14088817177366292, -0.21201461482945722, 0.5596647953625867, 0.14113850913439047, -0.23646322231566635, 0.478971758270284, 0.008294876172014833]], "inverted": false, "swapped": true, "error_lsq": 0.04398023034600383, "error_max": 0.2762752804720413, "target": "218.xyz", "model": "18.xyz", "model_rescale": 3.922800546911778, "target_rescale": 3.9378122636418484},
{"mapping": [5, 12, 6, 0, 1, 4, 8, 13, 7, 9, 11, 3, 10, 2, 14], "R": [[0.04064624838992287, 0.9972360345314932, -0.06219464545864997], [0.5531825644537103, 0.029376049861268017, 0.8325419497412518], [0.8320678655471809, -0.06824470035431895, -0.5504595607284045]], "T": [-0.057985485552148566, -0.03514961106445378, 0.018211788822771982], "aligned_model": [[0.1990723127805732, 0.380601973909271, -0.678912593214149, 0.5603136251917967, -0.21681950335587652, -0.6737887789614811, -0.45294795368917107, -0.2507794209907466, 0.44747184499442816, 0.3528394537866181, -0.1564554230327324, 0.5816085713659135, -0.38297175897981406, 0.17560454417704485, 0.009125521683654644], [-0.5018157823795347, 0.1879929849302082, -0.27745999765576174, -0.596955512434994, -0.7381300338442427, 0.3119679574375237, -0.1608062931990147, 0.5385102953997057, 0.5834521612649334, 0.21867175264023617, 0.6128724620405985, -0.03168350573811117, 0.13436864084823627, -0.2612456808264341, 0.032674540854258076], [-0.5283023400450666, -0.5953535840776665, 0.1957025644523383, 0.041080424885278924, 0.18724818701120988, 0.17365578695605277, -0.43190564143256066, -0.3066859750873768, 0.025678603828183336, 0.6736053884706278, 0.29680589671094093, 0.010683704467049235, 0.7367158817932787, 0.6565261534089738, 0.03230108890377627]], "inverted": false, "swapped": false, "error_lsq": 0.043497305678215636, "error_max": 0.2545834189178006, "target": "218.xyz", "model": "19.xyz", "model_rescale": 3.9282355846067225, "target_rescale": 3.9378122636418484},
{"mapping": [3, 11, 8, 0, 4, 1, 6, 7, 2, 12, 9, 13, 10, 14], "R": [[-0.10730477061552514, 0.9788937220210588, -0.17393322624187646], [-0.9886383634177373, -0.12357783509739749, -0.08557280555958614], [-0.10526097368848457, 0.16277468986423743, 0.9810323785470865]], "T": [-0.0035522667835927654, -0.06561764139446481, -0.03474764939943252], "aligned_model": [[-0.7385867753263654, -0.19213915668357717, 0.498790684366883, -0.42867569180093423, -0.4922001792562796, 0.31753290000220585, -0.014858206565181227, 0.713383129867696, -0.336032416275081, -0.0746498687908907, 0.15881053627359124, -0.42384845802699067, 0.5235847808994218, 0.021411540400178557], [-0.4329881931615454, -0.79085368577369, -0.5692725003225323, -0.2715423927581119, 0.15539241230615353, -0.19881294085711998, 0.3002601749142986, 0.12271103585808853, 0.7080781769567185, 0.31329966400626047, -0.49131441346766236, -0.14139433937067025, -0.033896562622415714, -0.14678434828293574], [0.02806962252721891, -0.1685638018944684, -0.15717541860809553, -0.5877883537730001, 0.020541958605161212, -0.7382115315150232, -0.42379951378309083, -0.12464837172756708, 0.17510606217870223, 0.7344717230636446, 0.5303027641369323, 0.5824991953256301, 0.5064296307746886, 0.034949191932949625]], "inverted": false, "swapped": true, "error_lsq": 0.0347845210805646, "error_max": 0.1797595699144232, "target": "218.xyz", "model": "20.xyz", "model_rescale": 4.067790424073018, "target_rescale": 3.9378122636418484},
{"mapping": [2, 3, 7, 4, 8, 9, 0, 12, 11, 13, 10, 6, 1, 5, 14], "R": [[-0.6828806257795229, -0.5855737303348082, 0.4367807885847829], [0.6341447908631327, -0.17832916010386868, 0.7523689885141482], [-0.3626767640146264, 0.7907604675237796, 0.4931160592045779]], "T": [0.041188006675881565, -0.030534924400547316, 0.06874111486955725], "aligned_model": [[0.28797636354578626, 0.2915572545147146, -0.671235638857867, 0.40524351311786727, -0.20202871200733796, -0.595316547715311, -0.34220475876964745, -0.26229014705388076, 0.3280724717556534, 0.2818539169362657, -0.1574073718476467, 0.764131230108081, -0.4552590425093138, 0.20578684386148552, 0.015083040586480134], [-0.4582163100205669, 0.23419099313767708, -0.24101624470532276, -0.7423928270936688, -0.5057738564700319, 0.38978740230783093, -0.33558745938960255, 0.5619189392457707, 0.5381404302441939, 0.33724630831105884, 0.6484928245006261, -0.1044564719187924, -0.001819700291985936, -0.3067649289908614, 0.038664890471282264], [-0.48795096415306083, -0.7000114103106742, 0.13812497679687122, 0.12526022083292432, 0.2691444130546842, 0.2178752604520337, -0.445467955277732, -0.3106179453320044, -0.042334979294394476, 0.6136634851030336, 0.4819819809573269, -0.0707063777624024, 0.7214438531344785, 0.5637868988320793, 0.09356468321187583]], "inverted": false, "swapped": false, "error_lsq": 0.03428271799127989, "error_max": 0.21987826909154812, "target": "218.xyz", "model": "21.xyz", "model_rescale": 4.186013935880536, "target_rescale": 3.9378122636418484},
{"mapping": [9, 13, 11, 7, 5, 8, 10, 12, 0, 4, 2, 6, 14], "R": [[0.509859041367301, 0.3827006884763365, -0.7704439895123817], [0.16748335348912774, -0.9226185726908617, -0.347454019447053], [-0.8437968263984245, 0.04811603023541397, -0.534501415708445]], "T": [0.11738883241837242, 0.052607918917752274, 0.028931216384456598], "aligned_model": [[-0.024473817146942828, -0.49781698119648077, 0.48382544402056415, 0.41857305837522685, -0.22630776216072815, 0.6813797752475053, -0.06310237517741682, -0.6735861007507914, 0.4376141205468126, -0.25301531771192576, -0.5659093840478477, 0.2253500207869031, 0.11604335463834671], [-0.3652663336173591, 0.10202809718587333, 0.29882390229618894, -0.522828270785582, -0.33387253479075224, -0.3064786628718872, -0.6770645514216759, -0.28575271630838994, 0.7043168679204775, 0.4402295978563576, 0.21512954835524686, 0.25225048505873, -0.0025587693311346776], [-0.5473651389174601, -0.39822697038873756, -0.5911824804357659, 0.39731613347096817, 0.4655657028559864, -0.24305455410945873, -0.05324878400770898, 0.014705467081769324, -0.012543607900731658, 0.08575873205279033, 0.5387126565548229, 0.5125043561599352, -0.0660619510810632]], "inverted": false, "swapped": true, "error_lsq": 0.03409219922589528, "error_max": 0.19256903921271748, "target": "218.xyz", "model": "22.xyz", "model_rescale": 4.166573947596378, "target_rescale": 3.9378122636418484},
{"mapping": [14, 13, 8, 11, 9, 0, 7, 5, 6, 2, 1, 12, 4, 3, 15], "R": [[-0.8790618248060461, -0.4545005867086126, 0.14380377203047012], [0.43001082400561497, -0.6258015471783328, 0.6507404358015699], [-0.20576928684008328, 0.6338782534767479, 0.745558421830638]], "T": [0.01655236607231329, -0.0891735575182119, 0.0721965401287391], "aligned_model": [[0.3423890655048366, 0.017459611986546147, -0.6886442819192212, 0.5805382831163798, -0.0012736028353852631, -0.6278636915068947, -0.5259935190756962, -0.13708662559234447, 0.49761135769641024, 0.24656143334602307, -0.07278284783882334, 0.6538419567585025, -0.4196684413110485, 0.021104105025157385, 0.007769612310886857], [-0.4111280556816651, 0.13919565372830725, -0.43309598059434784, -0.5195216754411984, -0.6891341490101816, 0.398205322286313, 0.13687084131225324, 0.585335198576897, 0.4992529203433923, 0.2313276728720081, 0.5870769124942484, -0.1490807436567267, 0.04770568796412605, -0.3498655729280966, -0.02073004292772221], [-0.5729030720518019, -0.7430701764464184, 0.26839591522491335, 0.4168901870132016, 0.058829050790735304, 0.19028775526590344, -0.3351577772861525, -0.3887752370904763, 0.11019862817476689, 0.6173424192100405, 0.2790868062857516, -0.06799783165990164, 0.6473738977555737, 0.61390273982568, 0.07335283523322425]], "inverted": true, "swapped": false, "error_lsq": 0.049887557850694104, "error_max": 0.33786549157017265, "target": "218.xyz", "model": "23.xyz", "model_rescale": 4.274766983524099, "target_rescale": 3.9378122636418484},
{"mapping": [7, 10, 2, 6, 4, 0, 1, 11, 8, 9, 14], "R": [[0.3335074878042285, 0.9256484536919724, 0.17873918360609486], [-0.16546396036528332, -0.12917782689735718, 0.9777191656392509], [0.9281133731386207, -0.3556515559023149, 0.11007968652532724]], "T": [-0.12414990098161055, 0.15586946576813995, 0.02677149356706627], "aligned_model": [[0.3648556520827217, 0.4611066257855096, -0.6975676977289416, -0.4149049816708942, -0.6196888344715538, -0.5472144824581675, 0.001857897176303025, 0.011827715625033208, 0.4931987632908981, 0.37205927718626636, -0.04563523085910004], [-0.11182794369411961, 0.5290989130144571, 0.5232613825852322, -0.1776621169566485, 0.3661056084162926, -0.27383584991500853, -0.6186101852336662, 0.011032300191379435, -0.14943941647094153, 0.6097357079229735, 0.20772813138353274], [-0.46997578580323845, -0.2731070152323845, -0.5111895266137716, -0.27251753112324945, 0.05712106809525025, 0.433414644241436, 0.027959162486940227, 0.761598943399485, 0.24280928959522152, 0.29998071219256034, 0.08347247278332807]], "inverted": false, "swapped": true, "error_lsq": 0.05147271027433014, "error_max": 0.28822041962508643, "target": "218.xyz", "model": "24.xyz", "model_rescale": 3.7841303162186577, "target_rescale": 3.9378122636418484},
{"mapping": [10, 14, 2, 0, 8, 5, 9, 13, 11, 6, 3, 7, 4, 1, 15], "R": [[0.7910232666625264, 0.44489005346935334, -0.41994646316236733], [0.46836364320830487, 0.0012381217562547203, 0.8835349256114103], [0.393595845149805, -0.8955843385067387, -0.20739094315388537]], "T": [0.019157707532858524, -0.051384181880540114, 0.031701922488497083], "aligned_model": [[0.46869243374579983, -0.1501654449709442, -0.6928403104692591, 0.4613866987265032, -0.17344865592054792, -0.7340846056130589, -0.32152788378985375, -0.03768305369950215, 0.5299468135434546, 0.29233026688514707, -0.16293182131694786, 0.6642476392820184, -0.31380322324826093, 0.02616377311267242, 0.037679789398108274], [-0.25787535222821567, 0.11325657068815323, -0.27551080084154095, -0.5938630399472002, -0.5871228337527965, 0.3323700887329221, -0.2451884784556807, 0.6448748974069376, 0.5117436216738203, 0.3236302560967422, 0.6633191887387488, -0.1123095915345329, 0.060785098822448064, -0.5207589371067518, -0.004936698955446239], [-0.5687437717872649, -0.7256104667739194, 0.13949389325343065, 0.2585943138332421, 0.1909020144677876, 0.26557672428681095, -0.4024799875679128, -0.3204236511969713, -0.07511163099430627, 0.5855677693941647, 0.35580743484802807, 0.08604007220503318, 0.6899263628569021, 0.6084814713671212, 0.07973559205289407]], "inverted": false, "swapped": false, "error_lsq": 0.046155290328614144, "error_max": 0.33766045040928533, "target": "218.xyz", "model": "25.xyz", "model_rescale": 4.19342608120988, "target_rescale": 3.9378122636418484},
{"mapping": [7, 6, 1, 9, 8, 10, 11, 12, 0, 2, 4, 14], "R": [[-0.34300018880154776, -0.7996118089314304, -0.4929217235013168], [0.30341742645769454, -0.5909393559354625, 0.7474814666119625], [-0.888981853472776, 0.10682524338370003, 0.44530846788728506]], "T": [0.022198767321209255, 0.03279356623635348, -0.05545085604815272], "aligned_model": [[-0.3087725696276999, 0.43004591059332664, 0.15261122827788662, -0.6157551948871424, -0.4805315304163535, -0.6231817897464743, -0.12418633263323034, -0.19326525884258314, 0.5234482894795274, 0.4919334910237551, 0.4189710657646946, -0.0735087543539264], [-0.6076738483530291, -0.300709473610791, -0.5921140292393875, 0.3782696882664734, -0.2670345321686253, -0.03955503714381998, 0.3025375128084783, 0.44076248660702383, 0.07304396486243231, 0.18109825875243685, 0.3640661693374507, 0.08008526762233803], [0.13898591642506303, 0.03282249247279929, -0.5117196284991048, -0.07830654718706617, -0.47779026376354294, 0.33185026530709355, -0.7520488057842772, 0.6708192381707286, -0.5809199534869708, 0.6590712618242833, 0.09787680804565399, -0.0813823223152388]], "inverted": false, "swapped": true, "error_lsq": 0.04855348301340318, "error_max": 0.3418652701327915, "target": "218.xyz", "model": "26.xyz", "model_rescale": 3.795458400668931, "target_rescale": 3.9378122636418484},
