[{"mapping": [2, 6, 0, 5, 3, 1, 4, 9, 7, 8, 8, 12, 11, 13], "R": [[0.11793416281089261, -0.6840500660009481, 0.7198382043530289], [0.9396453260091426, -0.15758734118421655, -0.3036986848961677], [0.32118249415443917, 0.7122090543531362, 0.6241795161218812]], "T": [-0.002746489561464267, 0.21528466666545354, -0.06761780188206035], "aligned_model": [[0.5064615455523135, -0.3071129346044015, 0.7024778777143456, -0.7187627218785574, -0.008883624400362678, 0.050704321097132146, 0.13482246751491264, 0.5665148284508493, 0.13861932896599602, -0.41329108897827516, -0.41329108897827516, 0.21552694070685655, -0.47622557731709314, 0.0037735413358447618], [-0.3016258637057576, -0.46431947646021066, 0.37934131457476183, 0.3030359204113218, -0.057947060407503026, 0.6312691076805959, -0.6732347145393294, 0.2552023181236164, -0.12818336842439182, -0.23883596732564644, -0.23883596732564644, 0.7270685536053134, 0.3616399856315138, 0.17332531775288185], [-0.3221152006440573, -0.24095435303619478, -0.33436945165731824, -0.295700534604335, -0.5131591183662121, -0.46403181411703465, 0.25643823938776134, 0.39182893570693905, 0.5907437224334566, 0.41798153223600865, 0.41798153223600865, 0.09223766621720492, 0.4237675000061028, 0.08966145451028923]], "inverted": false, "swapped": false, "error_lsq": 0.056183129590904844, "error_max": 0.34497658682746485, "target": "219.xyz", "model": "0.xyz", "model_rescale": 3.8414455957264533, "target_rescale": 4.089838429299003},
{"mapping": [13, 0, 8, 2, 7, 9, 11, 12, 10, 1, 3, 10, 5, 14], "R": [[0.37963556325481496, 0.9233607888924569, 0.05728605980602558], [0.9175135797202516, -0.38371756800384177, 0.10454500960900659], [0.11851443009663254, 0.012871734192299686, -0.9928688978499396]], "T": [-0.07274002508309971, 0.09475600481725693, -0.06336636962535894], "aligned_model": [[0.5168161506834258, -0.20740305610813234, 0.6345713774943649, -0.6600575090474804, -0.30664885517664, 0.11775041331654465, 0.42028611316416375, 0.5650227159586384, 0.11100428991892189, -0.23280662074970557, -0.5819306030457612, 0.11100428991892189, -0.43101101680309584, -0.07526387434288062], [-0.19615169302925956, -0.5580775051233864, 0.445843635968744, 0.5001461026508047, -0.02233113135196102, 0.3553412859570863, -0.533886019855131, 0.011807235426831514, 0.42010790006480825, -0.5421513252709087, -0.10220600027711807, 0.42010790006480825, 0.473088476255962, 0.05626123811023888], [-0.4410477533187037, -0.34830784761846945, -0.09076075841044756, -0.2513072359282647, -0.6503350773799411, -0.6644640190343621, 0.2332812899824073, 0.3473254024648742, 0.5100143689538634, 0.4998614963404594, 0.4981563867285669, 0.5100143689538634, 0.34015466146167816, 0.01772482711309488]], "inverted": false, "swapped": false, "error_lsq": 0.05119637703084516, "error_max": 0.3805739267501113, "target": "219.xyz", "model": "1.xyz", "model_rescale": 4.316132596720782, "target_rescale": 4.089838429299003},
{"mapping": [6, 8, 7, 4, 0, 1, 5, 3, 11, 10, 12, 13], "R": [[-0.06861485065558597, 0.5427899851278238, 0.8370609501789275], [-0.6068873547069776, 0.6432277732839713, -0.4668466240350374], [-0.7918205232035094, -0.5400343171698269, 0.2852774006342598]], "T": [-0.08620986330961741, -0.06431013803082834, -0.04638187490682141], "aligned_model": [[-0.32848905336201206, 0.4942875624318078, 0.17969709595100894, -0.5675306273931756, -0.5480950610700692, -0.5939047207473945, -0.2458881645065761, -0.04438127178774379, 0.40540326629764645, 0.3462589495300843, 0.5485310437274723, -0.048080464439267785], [-0.7524405192550913, -0.2481846847504806, -0.49835593047568644, 0.31443914155989244, -0.3447620752028782, -0.14059152145006815, 0.4387068858074828, 0.6471697629139535, 0.07820432767271897, 0.04229915635310018, 0.42874048767293305, 0.04755139689510439], [0.021937764400075818, 0.06338784993900673, -0.46584525122953424, -0.12824998367656715, -0.3719800353435939, 0.3730511168475442, -0.657382341688738, 0.3145377643717153, -0.5139712239533487, 0.6965167862015766, 0.21352412112940874, -0.09626810578812434]], "inverted": false, "swapped": true, "error_lsq": 0.05184509721373789, "error_max": 0.3533488307113868, "target": "219.xyz", "model": "2.xyz", "model_rescale": 3.795458400668931, "target_rescale": 4.089838429299003},
{"mapping": [5, 11, 12, 9, 4, 1, 8, 0, 7, 6, 3, 13], "R": [[-0.6940362806665656, 0.658011397581687, 0.2921209368927797], [0.701447529144307, 0.5266679126023509, 0.4802002433281654], [0.16212650917066895, 0.53818390024942, -0.8270871081914261]], "T": [0.08162750487501025, 0.030654974623137567, 0.06443495833689465], "aligned_model": [[-0.001290934860933235, -0.20871697682738366, -0.7517657417873451, 0.10060588523079425, 0.1486898635717446, 0.34888106964263726, -0.19556105148116049, 0.6704802761737373, 0.33272788680190446, 0.7072290844675093, -0.5494841335797078, -0.008491401608231725], [-0.14014567102007644, -0.5681353240538703, -0.03931834620060248, 0.18355389491248117, 0.3988470829117248, 0.6264919727369432, -0.3207416638461423, 0.010023322853279417, -0.5693012759016216, 0.019573024351238654, 0.47891933932899977, 0.006002689217355327], [-0.7202920823286075, -0.1299458576765149, 0.1832015198733769, 0.8102421639498107, -0.4272562998750456, 0.1786748642142197, 0.4916625433711245, -0.16102487341287303, 0.1742205705582014, 0.4457354364389548, -0.1329819246186923, -0.02346462985485452]], "inverted": true, "swapped": true, "error_lsq": 0.053971328397128863, "error_max": 0.3112371536149333, "target": "219.xyz", "model": "3.xyz", "model_rescale": 3.7530521520055578, "target_rescale": 4.089838429299003},
{"mapping": [5, 3, 12, 10, 11, 1, 7, 0, 6, 9, 13], "R": [[-0.38486376308985176, 0.16971674690349792, 0.907235421310705], [-0.44836449535598655, -0.8935536678005397, -0.023046085662731586], [0.8067522315832103, -0.41564175509770007, 0.4199913906913016]], "T": [-0.1416945882473157, -0.05596905264439418, 0.032061245730116206], "aligned_model": [[-0.6108619019918645, 0.007857120023459091, 0.49837941599950963, 0.5799490631646778, 0.05773884934002113, -0.3833238989789587, -0.07111806640531179, -0.6781910602070425, -0.2665567906342935, 0.34512656695017097, -0.14079969481516247], [-0.6349232570047008, 0.016471611354694965, -0.2844795311143503, 0.3254701165972812, -0.7189321769719462, 0.5552585281769377, -0.4037651735396493, -0.025958579219464345, 0.31639335328963103, 0.46980025925727636, -0.14813179251136452], [-0.2786458792594259, -0.7493495958165781, -0.4695703877077971, -0.257814308516281, 0.06866508750553046, -0.054616738416890534, 0.5880366029657269, 0.36263089665584, 0.6506450069730183, 0.29001170648828284, -0.05716161362610922]], "inverted": false, "swapped": true, "error_lsq": 0.06436336729607119, "error_max": 0.3237565175002166, "target": "219.xyz", "model": "4.xyz", "model_rescale": 3.7855080009869324, "target_rescale": 4.089838429299003},
{"mapping": [14, 2, 15, 5, 3, 9, 12, 13, 6, 1, 4, 8, 7, 16], "R": [[0.7036578159924793, -0.04541347229982051, 0.7090862391320026], [0.1726007959439545, 0.978988937723023, -0.10858003985751942], [-0.6892565873694697, 0.1987920429736074, 0.6967116192645075]], "T": [-0.0049231883519880604, 0.056844243498414423, 0.07208848673353048], "aligned_model": [[0.4772311672207233, -0.07917141357548692, 0.6227710164778348, -0.7425045616496675, -0.3449735877455507, 0.11706892962264061, 0.36911132626407134, 0.6031017262502884, -0.05148192349678231, -0.3091525137081711, -0.5950616030790901, 0.3397706783535756, -0.4482976122302911, 0.02292218647719095], [-0.2170778083897132, -0.4378218182272054, 0.49027436251102613, 0.3076498570396041, 0.026081855344009836, 0.15848348332461643, -0.4935491719852486, 0.07619391331423428, 0.19406095366107412, -0.6051667509158587, -0.031030169490348702, 0.6398793412803808, 0.5817497592364217, 0.03817229288852665], [-0.3154567176291743, -0.47158271537921476, -0.2400916276902193, -0.14739615190853944, -0.5327553003276879, -0.621958635102342, 0.21432256520388, 0.4655334414302603, 0.7085481686465454, 0.2777335689925448, 0.5091417133211065, 0.2633110977751127, 0.3708572797396075, 0.030103423236739237]], "inverted": false, "swapped": false, "error_lsq": 0.05269795330655467, "error_max": 0.4222189593606951, "target": "219.xyz", "model": "5.xyz", "model_rescale": 4.2253639853439635, "target_rescale": 4.089838429299003},
{"mapping": [12, 8, 7, 1, 9, 0, 11, 6, 2, 5, 10, 3, 4, 13], "R": [[-0.6397933798471211, 0.28342327657569755, -0.7143778253829643], [-0.29275778793833285, 0.7695620265906746, 0.5675096165098068], [0.7106034820525803, 0.5722285675538661, -0.4093863184939124]], "T": [-0.05372365854841452, 0.03278383458849755, 0.018967169928348453], "aligned_model": [[0.7173062606251807, -0.4606826780656398, 0.6374416157553916, -0.7028846784507427, -0.17924705730803958, 0.05541988991871057, 0.41106954762840575, 0.48310588092937645, -0.12164790854078852, -0.09112759272537765, -0.6828532139113699, 0.3103878716161201, -0.37021565832497844, -0.02473846396496433], [-0.2056274356786819, -0.5513270873612671, 0.3856812284016994, 0.27999151421022006, -0.08237891562381047, 0.5911971121185763, -0.5901830733213992, 0.019055326831345205, 0.157745523308969, -0.39789476577614113, -0.15527082201486986, 0.5769827272125863, 0.6216360863200471, 0.07829268096424558], [-0.45009220202554473, -0.17867812571833686, -0.14579086193445923, -0.2180647168161981, -0.5671879672262728, -0.5461212714971679, 0.05682606524031621, 0.3730060685566401, 0.6746671658505188, 0.48141517278567103, 0.4400893886341998, 0.2915104354226525, 0.25134004251600905, 0.04739091652059182]], "inverted": true, "swapped": false, "error_lsq": 0.041281201264199166, "error_max": 0.28128944475261697, "target": "219.xyz", "model": "6.xyz", "model_rescale": 3.89814844738969, "target_rescale": 4.089838429299003},
{"mapping": [12, 11, 5, 10, 4, 7, 8, 3, 9, 6, 0, 1, 13], "R": [[-0.24043778634456997, 0.3933726786402386, -0.8873824466356807], [0.9417043580523226, -0.12711263373359932, -0.31150486412024275], [-0.23533502272926998, -0.9105494572205903, -0.33987808554289384]], "T": [-0.04179927148872957, 0.1479378503913401, -0.0010704026672941902], "aligned_model": [[-0.037848351324822824, -0.04931050482110429, 0.6172908954532871, -0.3813093244893946, 0.5355469587016686, -0.41568734079274927, -0.5192038434779367, 0.4160149658874507, -0.6618951677693927, -0.49596604583133935, 0.05658113671005745, 0.04107295312683164, 0.043345469531666805], [-0.5518286570130086, 0.23980822011670697, 0.4234069248489354, -0.6457231068914199, 0.20810596555693434, 0.5847624310537267, -0.07167710695942228, -0.5063012189233856, -0.15923160080841736, 0.5406222588823417, 0.7218821818174018, 0.0656552944031336, 0.1142996793869587], [-0.47420599707306327, -0.6881927047497709, -0.37731739256866076, 0.0705427609352805, 0.2107649351882219, -0.324248035494211, -0.3277057465419775, -0.025434941897840138, 0.3168834530354524, 0.4189554263273278, 0.24165286931153387, 0.6515081195539411, -0.0909277151899385]], "inverted": false, "swapped": true, "error_lsq": 0.050897318141190154, "error_max": 0.28279136269152233, "target": "219.xyz", "model": "7.xyz", "model_rescale": 3.7474275329858107, "target_rescale": 4.089838429299003},
{"mapping": [1, 10, 2, 11, 12, 4, 0, 3, 5, 6, 7, 8, 9, 14], "R": [[0.2881133611340919, -0.3845704145940355, -0.8769813494909615], [0.7755000528344622, -0.44355986933646674, 0.4492819942619143], [-0.5617742955936686, -0.8095432283289067, 0.17043885201751752]], "T": [-0.021403205116507895, 0.05814823640059788, -0.08639738371791719], "aligned_model": [[0.5544914423951555, -0.474040243299467, 0.7574969370247249, -0.6299326278807251, -0.26594114431516896, 0.24720923162497743, 0.27791022614113187, 0.4505666625392397, -0.0808297459267179, -0.029577121636011963, -0.5225119065627171, 0.20517769823753165, -0.5208071751449692, 0.012121581984301313], [-0.23841102618017138, -0.5493355332671574, 0.3563013184473214, 0.13845014354834279, -0.10258124723246184, 0.7557932536356136, -0.5171102855346172, -0.02420454102250766, 0.1952396122473681, -0.44597465548968485, -0.06806037126352954, 0.623623882850968, 0.5168828899078022, 0.0872866589442334], [-0.4674482711264363, -0.049702139564564776, -0.20045352817429146, -0.18500519744761396, -0.6295454741894547, -0.31740525068456793, 0.030659612812197437, 0.4470789522711581, 0.6140995148745461, 0.5560443610019096, 0.3572681306173685, 0.2203740350344298, 0.2607317456847237, -0.12638638080078443]], "inverted": false, "swapped": false, "error_lsq": 0.0497690024381505, "error_max": 0.3133013742395107, "target": "219.xyz", "model": "8.xyz", "model_rescale": 4.019505241142653, "target_rescale": 4.089838429299003},
{"mapping": [8, 7, 11, 12, 10, 3, 5, 9, 1, 6, 2, 4, 13], "R": [[-0.8195573464815913, 0.20830041966404836, -0.5337946149932895], [0.568856615974592, 0.40756919416055193, -0.7143455063435717], [0.06875977232356395, -0.8890997059605292, -0.45251939911004024]], "T": [0.013947901240156275, -0.034742751674070496, 0.11326125004357696], "aligned_model": [[-0.26689524424187655, -0.6031986783069727, -0.1766275962295773, 0.3718052052612261, 0.2732067337471135, 0.7674987582159043, 0.26647051115927783, -0.19995337426906745, 0.24880848679921005, -0.4985105564117179, -0.3951920011172971, 0.4495860947272684, 0.0827024324076848], [-0.4181087005132451, 0.11275682735885449, 0.20537604700589573, -0.4024140067492062, -0.8373797751328714, -0.18952553102041958, 0.691819326997753, -0.7427774385238174, -0.2094854193369945, -0.16606647109290523, 0.6663552585664476, 0.33179481808998856, 0.02103329246457905], [-0.2829636603582109, -0.06681028723190646, -0.5085567166986396, -0.5577842502758636, -0.08384761009466232, -0.10219098063177268, -0.132064520856532, 0.2946441964410545, 0.7080742103479389, 0.620243114127869, -0.08592584213266033, 0.35345420641146885, 0.020431634995795422]], "inverted": false, "swapped": true, "error_lsq": 0.047953036805728634, "error_max": 0.33237204385560987, "target": "219.xyz", "model": "9.xyz", "model_rescale": 3.877068213659057, "target_rescale": 4.089838429299003},
{"mapping": [0, 11, 1, 6, 12, 5, 8, 7, 2, 9, 14, 4, 13, 15], "R": [[-0.4976428969222616, -0.3723297038633485, -0.7834041988423667], [0.21677539942092638, -0.9279083782907968, 0.30330589790447793], [-0.8398571148408026, -0.018884732425292733, 0.5424789337223225]], "T": [-0.10508885064537675, 0.10009278808984336, 0.03703146256248039], "aligned_model": [[0.3074673238685822, -0.13393327313166953, 0.7177711748101415, -0.6393902668351549, -0.24704418263821332, 0.296018634082581, 0.3879832897718899, 0.605070451875806, -0.03104532891365923, -0.1802953351775421, -0.6739478254358047, 0.23806290326700097, -0.603042860540742, -0.062340889821931145], [-0.24127285311424024, -0.5465902453414591, 0.2273365902091714, 0.2702730781319794, 0.04259967975945646, 0.4515126199620749, -0.46736956545795516, 0.16660989329027362, 0.1339063822644593, -0.39275186388809435, -0.12123526384685206, 0.6358973173145531, 0.5068749090398476, 0.062109421268304134], [-0.5520635531264344, -0.31740376399834724, -0.20713447186121328, -0.21961077999244236, -0.6942266600774285, -0.5344686071703528, 0.21078208114677924, 0.43393927197820653, 0.695612934886189, 0.4695744518718804, 0.5237910611990929, 0.2677933744849572, 0.4662267631753993, -0.032501992207667314]], "inverted": false, "swapped": false, "error_lsq": 0.03583829070173591, "error_max": 0.25451470990280106, "target": "219.xyz", "model": "10.xyz", "model_rescale": 4.260839863003843, "target_rescale": 4.089838429299003},
{"mapping": [0, 1, 9, 6, 8, 7, 2, 4, 3, 12, 11, 13], "R": [[0.11837109516672212, -0.2324490046317953, 0.9653785496243008], [-0.6332467790750536, -0.7665285997061436, -0.1069225075632291], [0.7648442982856715, -0.5986663228195036, -0.23793241330611675]], "T": [0.03879186644863376, -0.03186755913826519, -0.0334830609909369], "aligned_model": [[0.26155425620976447, 0.20075547222651763, -0.5699402117087393, -0.28140201671630233, -0.5096325968136864, -0.3032086129409977, 0.22692560424784153, 0.6427843496700588, 0.3778753255147137, -0.1373831035946832, -0.05303108400914651, 0.10360126700878962], [0.026301582253111674, -0.6421105254469069, -0.48946914918123524, -0.24476247262823528, 0.12844043899192922, 0.43664776515190384, 0.6932452399605757, -0.15956997548418753, -0.29004987444494773, 0.06047772780410731, 0.6174520440894813, 0.03647570446733734], [-0.6208489229128545, -0.23564206962372475, -0.03704515350427004, -0.6572152419830479, 0.20393736051368722, -0.3474589326768147, -0.4041938682769505, -0.060096122322439674, 0.6422243952241856, 0.7874802714779924, 0.19143078943219882, 0.05360557204754256]], "inverted": true, "swapped": true, "error_lsq": 0.04795476204238843, "error_max": 0.263918401587259, "target": "219.xyz", "model": "11.xyz", "model_rescale": 3.890672605050136, "target_rescale": 4.089838429299003},
{"mapping": [8, 9, 3, 12, 5, 7, 6, 0, 2, 11, 10, 4, 10, 13], "R": [[-0.38720222541785604, 0.6333093028770312, 0.6700699691232768], [-0.8414964901304677, 0.05424667890398677, -0.5375322826826235], [-0.3767732656778662, -0.77199522324772, 0.5119231207448434]], "T": [0.11556241925534082, -0.11478771792138456, 0.07130784500017265], "aligned_model": [[0.6241317173391056, -0.4401688433062251, 0.7136184630166098, -0.4513134412186782, -0.17989424706097668, 0.03897659558893861, 0.316200572159015, 0.6559358715180661, -0.09135983728358125, -0.20102970942193055, -0.6139141861061111, 0.14709915198272316, -0.6139141861061111, 0.07696589408044058], [-0.15301467090231358, -0.5792578910477448, 0.5548620703960331, 0.283742000675655, -0.13977821547544908, 0.47085736630519714, -0.6548539948603647, 0.05767535004378027, 0.1342639142583926, -0.3310966493397822, 0.2642741245822219, 0.5165970586249661, 0.2642741245822219, 0.03935551174870591], [-0.4376980635613231, -0.2137371305898181, -0.14539768222304428, -0.20247668515424974, -0.6477561404672602, -0.5436056588448643, 0.05985830115650201, 0.23546497102558442, 0.7043328033739461, 0.4659494978239429, 0.42304141779450477, 0.37365820841906816, 0.42304141779450477, 0.01563485376112489]], "inverted": true, "swapped": false, "error_lsq": 0.05591134026348512, "error_max": 0.3822293685396011, "target": "219.xyz", "model": "12.xyz", "model_rescale": 4.124412569039231, "target_rescale": 4.089838429299003},
{"mapping": [0, 6, 9, 2, 1, 4, 7, 5, 8, 11, 3, 12, 13], "R": [[0.98059881189769, 0.1843480096809068, 0.06664669107710652], [0.03734277491128879, 0.1580882277798865, -0.9867186171342567], [-0.19243567046357024, 0.9700638760226582, 0.14813706210510982]], "T": [0.16689797860099165, 0.1166534911913159, 0.047918043649780105], "aligned_model": [[-0.21360340765343583, -0.10242315049468415, 0.4330138131496112, -0.5963639971260204, 0.532592244191649, 0.33163737425655676, -0.436475252358271, -0.08723107951720388, 0.11621455582910781, -0.20501881740584132, 0.8336835096957503, 0.5837175878781898, 0.1775549270643492], [-0.20411280791940534, 0.33516081480123044, 0.7335778454653243, -0.15968653193042132, -0.05296729144439244, -0.4776767651354708, 0.3820953735093326, -0.5156215380503046, 0.6905349492364872, 0.21949576095412354, -0.09316548193689389, 0.42502370709461956, 0.06482734186424828], [0.4356461229358275, 0.6933720540663092, 0.4064614167538045, -0.1512721302652021, 0.574219712381027, 0.08606984433572691, 0.024828299787722455, -0.3850849191223992, -0.1777537655878442, -0.5280463700745548, -0.3388497427184142, -0.6189517252065359, -0.06894071631762833]], "inverted": true, "swapped": true, "error_lsq": 0.05100386557208712, "error_max": 0.30418311577826934, "target": "219.xyz", "model": "13.xyz", "model_rescale": 3.9028299243045295, "target_rescale": 4.089838429299003},
{"mapping": [11, 1, 14, 3, 6, 9, 12, 13, 5, 8, 0, 10, 4, 15], "R": [[0.45668513419014, 0.7072509332546578, 0.5396617511183739], [-0.3790472460590425, -0.39410590200084583, 0.83725965104211], [0.8048365507758641, -0.5869213366529757, 0.08809921178248326]], "T": [-0.09734632372659568, 0.012631795825138611, 0.030173811667876506], "aligned_model": [[0.4478254844673093, -0.043514624284666764, 0.7198527442317796, -0.6692304585660394, -0.3425781047224842, 0.1651058925475159, 0.38245526674330177, 0.5640475142053619, 0.032746061820939754, -0.23469307191833397, -0.7988112086016464, 0.21902143546685116, -0.38456600511101635, -0.07632711109758705], [-0.20753543631623483, -0.41013862884691643, 0.2972233897539485, 0.21944463896528954, 0.04531352927549186, 0.3867755671734343, -0.45841815891864335, 0.07185690727593984, 0.04019397491102547, -0.47408114982609173, -0.03539412236409557, 0.6677793583654755, 0.49555258171294625, 0.08932764842994996], [-0.4172306784523289, -0.4603015413322618, -0.1548774265770349, -0.10718131007637993, -0.5888589339421615, -0.5959098321032602, 0.20945756129210766, 0.4680116002545971, 0.5245604328073868, 0.613914797768974, 0.46932860865185777, 0.19156065837276415, 0.4091931292041241, -0.05135695555976557]], "inverted": false, "swapped": false, "error_lsq": 0.04203849938323806, "error_max": 0.31504687399122555, "target": "219.xyz", "model": "14.xyz", "model_rescale": 3.942246331269136, "target_rescale": 4.089838429299003},
{"mapping": [13, 11, 12, 7, 8, 0, 4, 3, 5, 10, 9, 1, 2, 14], "R": [[0.007171227412676728, -0.9712216101665198, 0.23806964830265231], [-0.639932310015795, -0.18739886960241936, -0.7452303685905346], [0.7683978215060505, -0.14700424353496855, -0.6228599684419183]], "T": [-0.01750780097628534, -0.03999595329159752, 0.051823241177811216], "aligned_model": [[0.5827225907113824, -0.0783842258115216, 0.6919289170915713, -0.773133292280827, -0.27078462414287485, -0.1818246367665216, 0.32095885527369283, 0.5584739062955696, -0.015726080095563887, -0.20796741585467537, -0.7093264753679728, 0.4531942818569352, -0.3804196087943037, -0.008378376933605708], [-0.3596568951326087, -0.6203227808511732, 0.2500552298744567, 0.2988563894652458, 0.048967653658537454, 0.6036838546458295, -0.48393840322166, 0.07699829811916484, 0.3622742458654469, -0.6166902502680348, -0.0926879363745017, 0.5972341074369395, 0.6089727194641288, 0.05415386690974821], [-0.39367670905911384, -0.36486112230427153, -0.23215935047848923, -0.1607531329280807, -0.6739709815691415, -0.2634445262799151, 0.23076289770944136, 0.46547206388335355, 0.5426949866775591, 0.4261884892690171, 0.4602014761684641, 0.222172396447192, 0.22439960157347805, 0.027284021199125486]], "inverted": false, "swapped": false, "error_lsq": 0.0546929377804472, "error_max": 0.46611723946709593, "target": "219.xyz", "model": "15.xyz", "model_rescale": 4.355366556412066, "target_rescale": 4.089838429299003},
{"mapping": [6, 8, 7, 4, 0, 1, 5, 3, 11, 10, 12, 13], "R": [[-0.06861485065558597, 0.5427899851278238, 0.8370609501789275], [-0.6068873547069776, 0.6432277732839713, -0.4668466240350374], [-0.7918205232035094, -0.5400343171698269, 0.2852774006342598]], "T": [-0.08620986330961741, -0.06431013803082834, -0.04638187490682141], "aligned_model": [[-0.32848905336201206, 0.4942875624318078, 0.17969709595100894, -0.5675306273931756, -0.5480950610700692, -0.5939047207473945, -0.2458881645065761, -0.04438127178774379, 0.40540326629764645, 0.3462589495300843, 0.5485310437274723, -0.048080464439267785], [-0.7524405192550913, -0.2481846847504806, -0.49835593047568644, 0.31443914155989244, -0.3447620752028782, -0.14059152145006815, 0.4387068858074828, 0.6471697629139535, 0.07820432767271897, 0.04229915635310018, 0.42874048767293305, 0.04755139689510439], [0.021937764400075818, 0.06338784993900673, -0.46584525122953424, -0.12824998367656715, -0.3719800353435939, 0.3730511168475442, -0.657382341688738, 0.3145377643717153, -0.5139712239533487, 0.6965167862015766, 0.21352412112940874, -0.09626810578812434]], "inverted": false, "swapped": true, "error_lsq": 0.05184509721373789, "error_max": 0.3533488307113868, "target": "219.xyz", "model": "16.xyz", "model_rescale": 3.795458400668931, "target_rescale": 4.089838429299003},
{"mapping": [12, 11, 5, 10, 4, 7, 8, 3, 9, 6, 0, 1, 13], "R": [[-0.24043778634456997, 0.3933726786402386, -0.8873824466356807], [0.9417043580523226, -0.12711263373359932, -0.31150486412024275], [-0.23533502272926998, -0.9105494572205903, -0.33987808554289384]], "T": [-0.04179927148872957, 0.1479378503913401, -0.0010704026672941902], "aligned_model": [[-0.037848351324822824, -0.04931050482110429, 0.6172908954532871, -0.3813093244893946, 0.5355469587016686, -0.41568734079274927, -0.5192038434779367, 0.4160149658874507, -0.6618951677693927, -0.49596604583133935, 0.05658113671005745, 0.04107295312683164, 0.043345469531666805], [-0.5518286570130086, 0.23980822011670697, 0.4234069248489354, -0.6457231068914199, 0.20810596555693434, 0.5847624310537267, -0.07167710695942228, -0.5063012189233856, -0.15923160080841736, 0.5406222588823417, 0.7218821818174018, 0.0656552944031336, 0.1142996793869587], [-0.47420599707306327, -0.6881927047497709, -0.37731739256866076, 0.0705427609352805, 0.2107649351882219, -0.324248035494211, -0.3277057465419775, -0.025434941897840138, 0.3168834530354524, 0.4189554263273278, 0.24165286931153387, 0.6515081195539411, -0.0909277151899385]], "inverted": false, "swapped": true, "error_lsq": 0.050897318141190154, "error_max": 0.28279136269152233, "target": "219.xyz", "model": "17.xyz", "model_rescale": 3.7474275329858107, "target_rescale": 4.089838429299003},
{"mapping": [8, 10, 0, 11, 3, 1, 4, 6, 9, 5, 12, 2, 7, 13], "R": [[0.6710225276401183, -0.7091341148307369, -0.2164661049279863], [0.5913349598080055, 0.6879808567779804, -0.42071998528225496], [0.4472714306864806, 0.15430861249542582, 0.8809864467750939]], "T": [-0.04859197071040979, 0.0756614784037554, 0.009808241500999071], "aligned_model": [[0.28248199336381263, -0.43487439915241144, 0.7280654456598931, -0.6692104365162515, -0.12997127625447574, -0.017085263985981584, 0.5716586064856114, 0.51248054142606, 0.026293729341300316, -0.1467266234578233, -0.5943728825752695, 0.3257339384437659, -0.513695431759313, 0.04055587416236769], [-0.43119713473620747, -0.4418857852024556, 0.24334597212351286, 0.24857824444510537, 0.009672312590264076, 0.6122704802485862, -0.40692095765820113, 0.17769858736673577, 0.03998146846609843, -0.5832756944915686, -0.11371633674668091, 0.6485580783355043, 0.5935629538231901, 0.1312279110276356], [-0.37792727120929415, -0.23385153333705197, -0.25062900419136275, -0.316794228986685, -0.6607229061227629, -0.42559562088443265, 0.27744462899925343, 0.5292164393374208, 0.6737685073864577, 0.2915729106438075, 0.4846726039102127, 0.19822884369785007, 0.29769036028401946, 0.0232363807811867]], "inverted": false, "swapped": false, "error_lsq": 0.05049310600798555, "error_max": 0.312727332528123, "target": "219.xyz", "model": "18.xyz", "model_rescale": 3.922800546911778, "target_rescale": 4.089838429299003},
{"mapping": [3, 7, 0, 10, 9, 2, 12, 5, 8, 13, 4, 1, 6, 14], "R": [[-0.7045677018191486, 0.6661874485769107, -0.24449670122901304], [-0.05874517961606568, -0.3981096658673683, -0.915454913043154], [-0.7072010728393726, -0.6306369615726297, 0.3196305136767799]], "T": [-0.022349621458750885, 0.04792968668767775, 0.10921393917832817], "aligned_model": [[0.3957251838893767, -0.05196765013165046, 0.6910712253646927, -0.6883343433305233, -0.22637820979861153, -0.05790539376344686, 0.4401273576553193, 0.6844038912460202, 0.016422888394619486, -0.3154574445068502, -0.6996148806355538, 0.19355741076792407, -0.3757326439583063, -0.024583576011724794], [-0.17753112756495906, -0.620376264605888, 0.30022415147686865, 0.36900401012886663, 0.018607597902663087, 0.4580474660474413, -0.5780667247638953, 0.07265757303436249, 0.06746056606957504, -0.5052834116706331, 0.053877750130229524, 0.7506807764680582, 0.5415466879503187, -0.022948951011489194], [-0.3191902180783078, -0.3274792562138017, -0.245498386560903, -0.2132395866567392, -0.6783492241072022, -0.47701823061161003, 0.2226052140004669, 0.3963057783204527, 0.7195465462475057, 0.39180342711619753, 0.36444624188632474, 0.19586313527040308, 0.43667457404406007, 0.043840095651772326]], "inverted": false, "swapped": false, "error_lsq": 0.044266683117481685, "error_max": 0.2781459870308642, "target": "219.xyz", "model": "19.xyz", "model_rescale": 3.9282355846067225, "target_rescale": 4.089838429299003},
{"mapping": [9, 4, 12, 0, 11, 10, 8, 7, 5, 6, 3, 2, 1, 13], "R": [[0.7991641461689797, 0.44964347337917215, 0.3989453776214475], [0.44795451825980165, -0.8880391915942298, 0.1035526135029712], [0.4008408874461719, 0.09595384849072182, -0.9111089078212247]], "T": [0.06104733434329065, -0.029793758941514405, 0.08678378378373688], "aligned_model": [[0.4771643330100788, -0.365386191479326, 0.7978157930791894, -0.6222493148852638, -0.15711845035863145, 0.14526666831492524, 0.21165241602518878, 0.5801600286038952, -0.13482762079036795, 0.06398674680362446, -0.6324075714350261, 0.11269641908355355, -0.4605302971705159, -0.034889143620039066], [-0.22974289951233393, -0.44371019740796014, 0.21006746674793206, 0.15752169282978548, -0.06440447479227762, 0.6679822843591314, -0.7477898466909112, 0.14618441148194253, 0.17725308850910468, -0.38012694476845305, -0.10191515027555961, 0.7492014825088996, 0.4925642464167988, 0.09481494018542022], [-0.4282810760575452, -0.12814754236849452, -0.263120740179944, -0.2849898017190283, -0.5948091739701169, -0.4114631892853773, -0.11426672349325279, 0.3828436942267611, 0.724321827480534, 0.6382382903568538, 0.3701102169056468, 0.34987121450398606, 0.21562354802267306, 0.05437956588592309]], "inverted": false, "swapped": false, "error_lsq": 0.05253182102539606, "error_max": 0.33271854170519005, "target": "219.xyz", "model": "20.xyz", "model_rescale": 4.067790424073018, "target_rescale": 4.089838429299003},
{"mapping": [10, 13, 9, 6, 11, 12, 1, 7, 8, 5, 4, 0, 2, 14], "R": [[0.7635398918234163, 0.635507161075427, -0.11461885454032877], [0.4440130644607647, -0.6455398188265998, -0.621394191232491], [-0.46889149297299754, 0.4235669847039214, -0.775068885510431]], "T": [-0.08292766210325955, 0.10279731283060187, 0.026752323926055387], "aligned_model": [[0.3676167604008307, -0.11319619553361447, 0.6625361060870895, -0.8097215721374539, -0.2105541739062202, 0.30791832463695523, 0.5040650710030801, 0.5411429664505255, 0.04519329143098447, -0.23315746740398036, -0.6195114925979323, 0.10506674650905598, -0.5316635697499343, -0.03440098000810055], [-0.3103693399494044, -0.5034606292441481, 0.05232740692186953, 0.10226399097953788, 0.11473695177100049, 0.49148307560120175, -0.4399213369926903, 0.18992342966774073, -0.011700851973506426, -0.39411409809882314, 0.02637056777796673, 0.7026384925425702, 0.6289695631295089, 0.07875287745869558], [-0.5187656518865571, -0.3220436459939858, -0.1872253814123741, -0.11227008649896258, -0.6069677818668171, -0.5053911335797117, 0.21168771722098753, 0.42626308416931985, 0.5704830369145906, 0.30777932644595835, 0.6172684034942604, 0.3573679481382495, 0.30152637609043154, -0.029402100926770272]], "inverted": false, "swapped": false, "error_lsq": 0.051540002294432334, "error_max": 0.3304443299523477, "target": "219.xyz", "model": "21.xyz", "model_rescale": 4.186013935880536, "target_rescale": 4.089838429299003},
{"mapping": [11, 2, 5, 10, 9, 3, 8, 7, 4, 0, 6, 1, 13], "R": [[-0.900807996674884, 0.21739034066453786, -0.3758808227514919], [0.2994912813020304, -0.3157337120467875, -0.9003428210971777], [-0.3144040800477156, -0.9236090422158677, 0.21930894096328402]], "T": [0.0416744177010454, -0.03484240797743213, 0.0331288907615091], "aligned_model": [[-0.1302493625478301, -0.4529351188401049, 0.19823875240729774, 0.4382793977353563, -0.07431358059810914, 0.8256930770268927, -0.14145426450407544, -0.573295340549593, 0.3930471811530065, -0.29690282552102176, -0.48544276102877204, 0.24932775463071966, 0.10858112605945888], [-0.34338289671128697, 0.23482662514342398, 0.33163804095808835, -0.6803048789367219, -0.4274113312431663, -0.16590549921149012, -0.6257742951581292, -0.1659841916278255, 0.4601987811642274, 0.49727811834712576, 0.1477368545180611, 0.306831929505768, -0.05079059720198124], [-0.5634267412423983, -0.584325072131366, -0.6690281758539502, 0.4531002288308852, 0.6753150564699115, -0.04657979433066273, 0.04312354850370578, -0.1660338919477904, -0.08217281832967928, 0.04791343978398113, 0.5082104557646542, 0.5619348013416792, -0.07515147552362463]], "inverted": false, "swapped": true, "error_lsq": 0.0497960295715511, "error_max": 0.2651377456633706, "target": "219.xyz", "model": "22.xyz", "model_rescale": 4.166573947596378, "target_rescale": 4.089838429299003},
{"mapping": [14, 10, 12, 8, 9, 11, 13, 6, 1, 5, 0, 2, 4, 15], "R": [[0.7083779798628373, 0.7019221233437845, -0.07420222642211713], [0.4864157086396353, -0.5616426992292831, -0.6692960755831809], [-0.5114688612555485, 0.4380214734039857, -0.7392812677208551]], "T": [-0.0233875307313781, 0.11452427510738009, -0.0438881426032497], "aligned_model": [[0.3853484581256671, -0.16226670324768006, 0.6067955211886552, -0.8057788314712439, -0.14686226129865182, 0.35097310887952776, 0.2180561109563675, 0.5331543769084915, -0.03520717646212556, 0.06608836099215291, -0.5767662916469242, 0.12137316420410131, -0.5540608787782413, -0.019513143168811753], [-0.3738242033185336, -0.5846948952860694, 0.1592757008192242, 0.1555457859437394, 0.17202623567931116, 0.6490492035304174, -0.6924644447757682, 0.20640423645778713, 0.2035319283787568, -0.4513964953429537, -0.006729805818050438, 0.6568719789226296, 0.5295974826338484, 0.10470739176718083], [-0.5133861918562732, -0.27355390038956484, -0.21780762454454056, -0.24453765891582366, -0.6286074613569723, -0.48686730670791084, 0.041477616139127475, 0.4669218119881685, 0.6632447971620138, 0.558432143934175, 0.5441808649668815, 0.3272082714958566, 0.24929020487660114, 0.024314543516880747]], "inverted": false, "swapped": false, "error_lsq": 0.04772516629837268, "error_max": 0.28509404941275784, "target": "219.xyz", "model": "23.xyz", "model_rescale": 4.274766983524099, "target_rescale": 4.089838429299003},
{"mapping": [12, 3, 10, 8, 1, 6, 7, 0, 5, 4, 13], "R": [[-0.02423375521994331, -0.8512203688528486, 0.5242486135012281], [0.7885000970983171, 0.30609503401794635, 0.5334542407981181], [-0.6145570128018101, 0.42629768214191877, 0.6637695113641053]], "T": [-0.07498194618807345, 0.03197257974740304, 0.08398341091039088], "aligned_model": [[0.15873770222549172, 0.2523272109682061, -0.4496318190919758, -0.27443364076967736, -0.40881863602847734, -0.6582018957303098, -0.1431476220744109, -0.09838528830851208, 0.6966796129266513, 0.2605998071732986, 0.04416927266779046], [0.1047573609040308, 0.6162539917026406, 0.3205571176175657, -0.3198837125882392, 0.5424535271810789, -0.15432355854338847, -0.6142928377866614, -0.06641951264400849, -0.0013866565383636592, 0.4496343404803858, 0.03823647145844332], [-0.7244864814950985, -0.3515624693585986, -0.6417229164976211, -0.3842608349579907, 0.3437125373493677, 0.486523396408984, 0.1968826391134513, 0.7067005752683445, 0.3190801061042642, 0.39182528979358755, 0.0368745922928866]], "inverted": true, "swapped": true, "error_lsq": 0.060315104287615856, "error_max": 0.346183532966867, "target": "219.xyz", "model": "24.xyz", "model_rescale": 3.7841303162186577, "target_rescale": 4.089838429299003},
{"mapping": [3, 11, 5, 0, 6, 4, 13, 12, 9, 14, 10, 2, 8, 15], "R": [[0.31588778957795544, 0.39714689559505123, -0.8616781578494183], [0.5187964685872652, 0.6880898428162541, 0.5073288799136962], [0.7943960778962446, -0.6072945838160558, 0.011320772533161454]], "T": [-0.1669462485730631, 0.08729827933888432, 0.025478364609894114], "aligned_model": [[0.4317062782801103, -0.230155339416408, 0.6744323021388807, -0.8361391254831474, -0.12332515171755466, 0.198963553952436, 0.28605522307160147, 0.4946058149455269, -0.03997810526161291, 0.027590075745276027, -0.679531626351147, 0.2627187513912326, -0.3350547693475083, -0.15055406676640032], [-0.14801273145966568, -0.6148403802855211, 0.3219064984559923, 0.35745817087603915, -0.023277797419509194, 0.5177728109280334, -0.5480932128459115, -0.028232902016960243, 0.16836001092280586, -0.33312873552937294, -0.3067006883535206, 0.6566263718252698, 0.6373888099989238, 0.07067387449491622], [-0.45954304514685723, -0.2785503884025259, -0.05439568229053139, -0.11778529389787529, -0.6871902704519228, -0.461867546347824, 0.08086171606127524, 0.37786071351084893, 0.5906763783915979, 0.6694470796886918, 0.45823250869475096, 0.2705223174810417, 0.16185181129233017, -0.03981018827438065]], "inverted": true, "swapped": false, "error_lsq": 0.046175516009367076, "error_max": 0.3234466182481584, "target": "219.xyz", "model": "25.xyz", "model_rescale": 4.19342608120988, "target_rescale": 4.089838429299003},
{"mapping": [6, 8, 7, 4, 0, 1, 5, 3, 11, 10, 12, 13], "R": [[-0.06861485065558597, 0.5427899851278238, 0.8370609501789275], [-0.6068873547069776, 0.6432277732839713, -0.4668466240350374], [-0.7918205232035094, -0.5400343171698269, 0.2852774006342598]], "T": [-0.08620986330961741, -0.06431013803082834, -0.04638187490682141], "aligned_model": [[-0.32848905336201206, 0.4942875624318078, 0.17969709595100894, -0.5675306273931756, -0.5480950610700692, -0.5939047207473945, -0.2458881645065761, -0.04438127178774379, 0.40540326629764645, 0.3462589495300843, 0.5485310437274723, -0.048080464439267785], [-0.7524405192550913, -0.2481846847504806, -0.49835593047568644, 0.31443914155989244, -0.3447620752028782, -0.14059152145006815, 0.4387068858074828, 0.6471697629139535, 0.07820432767271897, 0.04229915635310018, 0.42874048767293305, 0.04755139689510439], [0.021937764400075818, 0.06338784993900673, -0.46584525122953424, -0.12824998367656715, -0.3719800353435939, 0.3730511168475442, -0.657382341688738, 0.3145377643717153, -0.5139712239533487, 0.6965167862015766, 0.21352412112940874, -0.09626810578812434]], "inverted": false, "swapped": true, "error_lsq": 0.05184509721373789, "error_max": 0.3533488307113868, "target": "219.xyz", "model": "26.xyz", "model_rescale": 3.795458400668931, "target_rescale": 4.089838429299003},
{"mapping": [9, 1, 6, 7, 2, 12, 10, 8, 3, 0, 11, 5, 13], "R": [[-0.1472386917623734, 0.7816500502380098, 0.6060890748157586], [-0.4785113983585255, -0.5925783014149533, 0.6479797823490621], [0.8656486638868415, -0.19461283527837017, 0.4612789124335087]], "T": [-0.007232068039029871, -0.048191984895425435, -0.017896782684718233], "aligned_model": [[0.021553381863698207, 0.5500818317095136, 0.44274534182062075, -0.17907052459588668, -0.07977416941081279, -0.7229461623820573, -0.3489245559053752, -0.4824812970889139, -0.21873384172648455, 0.47125733621297017, -0.5762668633292143, -0.09342298141653399, -0.08434111293026758], [-0.7925739324563018, -0.32012550332431045, -0.31775095987041874, 0.08438732890377591, 0.644918833145179, -0.2449475902826756, -0.7724794722923528, -0.3647201647489869, -0.0979641960313724, 0.24639420626711345, 0.2964256984095873, 0.7300992753269929, 0.03021798021068471], [-0.17611675838341614, 0.2165180867222658, -0.5295103968876139, -0.6407499398566613, -0.4793557893121275, 0.38532354450149836, 0.3121745970812712, -0.25619194495745584, 0.7508723590345293, -0.3047281844671792, -0.2130164782085559, 0.17877222164634154, 0.0481453451865294]], "inverted": true, "swapped": true, "error_lsq": 0.05364624574356818, "error_max": 0.3018828206517198, "target": "219.xyz", "model": "27.xyz", "model_rescale": 3.6321398670334006, "target_rescale": 4.089838429299003},
