[{"mapping": [8, 6, 4, 10, 12, 7, 11, 5, 2, 3, 1, 9, 13], "R": [[0.05562946682632969, 0.1247433288196001, 0.9906283179556417], [-0.5518465623823452, -0.8230075343162297, 0.13462529496906855], [0.8320881768222688, -0.5541639652428922, 0.023055706861162817]], "T": [-0.133110130277761, 0.03565275814855671, 0.13742243073743998], "aligned_model": [[0.08036418366937101, -0.26955647660588733, 0.42744174968820614, 0.3971768156803035, -0.016032954427490267, 0.526031412687395, -0.11643226880325055, -0.7762024807084545, 0.14402615828568502, -0.3867472501468122, -0.49820434422970794, 0.5503948859346713, -0.003685395600803859], [-0.3432919861934901, 0.2644193434150426, 0.2791501000094096, -0.7619859988426458, -0.16304640724889818, -0.17993237450365077, -0.6426990722085275, -0.27299501245945895, 0.73356133298734, 0.45210408245165307, 0.15799499487830662, 0.04496582102407625, -0.04928816376306363], [-0.5117375877811394, -0.5792326663817182, -0.5973529505760602, 0.450467304411525, 0.6683945435069202, -0.1633265665880918, -0.025741548225784422, -0.11470857282583746, -0.028038574147338374, -0.050824247077766865, 0.5672860201163774, 0.40100796037923564, 0.0866864465250243]], "inverted": false, "swapped": false, "error_lsq": 0.05239319770118338, "error_max": 0.27221438159310357, "target": "22.xyz", "model": "0.xyz", "model_rescale": 3.8414455957264533, "target_rescale": 4.166573947596378},
{"mapping": [5, 3, 2, 8, 12, 6, 10, 1, 7, 0, 11, 13, 14], "R": [[-0.6604472922169061, 0.17299454359795147, -0.730672472513296], [0.750867562468585, 0.15565655482259838, -0.6418480665805932], [0.0026977464377920812, -0.9725450759867618, -0.23269894142015662]], "T": [0.09521984480039818, 0.04321486722500401, -0.016576992397625674], "aligned_model": [[0.06884248079888648, -0.484561261348238, 0.4427776104844526, 0.46984954896547954, -0.1488700400675687, 0.6453344851118765, -0.009128893638595384, -0.7686914108503854, 0.357664318907913, -0.2264261925429505, -0.5026178272502391, 0.20100111749708544, 0.013400099355508413], [-0.3228683834845882, -0.05539898620345662, 0.18245191455628504, -0.41145766637657494, -0.4592633243755083, -0.3824206980426669, -0.6292682405956204, 0.05379138688025543, 0.6281929641256355, 0.6704754646973944, -0.012735650695658011, 0.2506714133199828, 0.006786465740613333], [-0.5639434813250382, -0.5337868713685421, -0.6525183197082551, 0.5099473369985342, 0.5032550371447011, -0.3718732376323393, -0.08909672000670582, -0.06178065110585904, -0.059918961573785574, 0.15255413728306916, 0.588175072130854, 0.7049624067125969, -0.023096186213884456]], "inverted": true, "swapped": false, "error_lsq": 0.054707665882516854, "error_max": 0.31326191953634547, "target": "22.xyz", "model": "1.xyz", "model_rescale": 4.316132596720782, "target_rescale": 4.166573947596378},
{"mapping": [1, 9, 2, 6, 0, 7, 5, 4, 8, 10, 11, 12], "R": [[-0.23332082118287525, -0.894189402398652, -0.3820820684623799], [-0.45627238927694036, 0.4476598229276654, -0.7690358832459534], [0.8587065279745235, -0.005098585520838028, -0.5124422925946157]], "T": [-0.030591754633766736, 0.041758422937112204, -0.06946440642416268], "aligned_model": [[-0.2831380820988214, 0.42839921525923763, 0.09991665540159428, -0.5300933205520039, -0.6109740075060252, -0.40459194223075556, -0.17596424597218768, -0.14057932326093064, 0.6519367220572014, 0.19901884345866272, 0.40318442323274295, -0.039306383156933695], [-0.6394525709184301, -0.2867529468838228, -0.304430737871045, 0.2782561293671208, -0.2597886375868223, -0.15875612057690755, 0.27063047837207316, 0.5583301306953442, -0.09459438457613181, 0.06261351906471926, 0.49974076358481084, 0.08698080507007161], [0.015947362475700666, 0.18910537079928652, -0.711974968760672, -0.002982307211147339, -0.37608184207756445, 0.5290683975203119, -0.7940492510889492, 0.4292063810295384, -0.3907600974826937, 0.7324978563083244, -0.10196643531832239, -0.06875200498439155]], "inverted": true, "swapped": true, "error_lsq": 0.045716104060819884, "error_max": 0.3403693583977433, "target": "22.xyz", "model": "2.xyz", "model_rescale": 3.795458400668931, "target_rescale": 4.166573947596378},
{"mapping": [4, 11, 3, 2, 7, 0, 5, 9, 8, 1, 6, 12], "R": [[0.5728338841412208, -0.7379476254181347, 0.35678374867616836], [0.5209761145586027, 0.6638321489989967, 0.5365731693020032], [-0.6328074187611146, -0.12149148157426808, 0.7647186349669957]], "T": [0.11174032303525289, -0.019245255020827426, 0.001970542284023921], "aligned_model": [[-0.2225461232885001, -0.12595939321416, -0.811236121553444, 0.26146272960658634, 0.32682400029069225, 0.05070566533634177, -0.36983459456938345, 0.6561069765090028, 0.39543612493042846, 0.6299891416488432, -0.2670430307789431, 0.0693984508261007], [-0.016197343422131985, -0.5856329409759117, -0.038190292502384385, -0.12566290665864605, 0.4968758941210576, 0.5694764752498476, -0.08878019579257261, -0.2818642899614607, -0.6534292276990561, 0.46816436533514894, 0.36808713390195696, -0.027077626306138185], [-0.6429010967322915, -0.14523615866825246, -0.007736312295039419, 0.7202724894172416, -0.47308914982591677, 0.41605982718892337, 0.6034597498853024, -0.1399694073812231, 0.3260006512071443, 0.1721858762654459, -0.1258951700153772, -0.014379868406856473]], "inverted": true, "swapped": true, "error_lsq": 0.05892255471908226, "error_max": 0.37183688562969014, "target": "22.xyz", "model": "3.xyz", "model_rescale": 3.7530521520055578, "target_rescale": 4.166573947596378},
{"mapping": [2, 9, 1, 7, 0, 4, 5, 11, 3, 6, 12], "R": [[0.6928008092030042, 0.5507902111096208, 0.46546447996972007], [0.4014373421151449, 0.241638162585243, -0.8834359392383557], [-0.5990618491634989, 0.7988999572714015, -0.053700643837502254]], "T": [-0.12525989505443058, -0.03437671920881915, -0.10464757249685913], "aligned_model": [[-0.31302713730394854, -0.27527769742296326, 0.4062753332196668, 0.4832579332131295, 0.37811567940494006, -0.07826319687510042, -0.35835134717685824, -0.6934408969728525, -0.2867296554981985, 0.21273049301398955, -0.13708990515659933], [-0.7515477320421815, -0.014292339882793721, -0.3851204041640007, 0.31057947899272403, -0.47690027069014596, 0.671819878184877, -0.4769998940237844, 0.22861402886566282, 0.22016630564293757, 0.14760373271300142, -0.006719425281950429], [-0.09423585051769635, -0.7067622101846804, -0.46460924337309195, -0.3260860828868165, 0.1647487497282658, 0.05873487747336395, 0.48551501203306074, -0.021147906640870434, 0.7679772149680273, 0.298463406898249, -0.06976719025249481]], "inverted": true, "swapped": true, "error_lsq": 0.04913343856223436, "error_max": 0.21168183335435584, "target": "22.xyz", "model": "4.xyz", "model_rescale": 3.7855080009869324, "target_rescale": 4.166573947596378},
{"mapping": [6, 13, 1, 5, 10, 0, 7, 8, 2, 14, 15, 3, 16], "R": [[0.514746056314777, 0.5169663831518226, 0.6839460915885894], [-0.6122538285832685, 0.7800917340450477, -0.12884927574387112], [-0.6001514366337167, -0.3524239565715038, 0.7180637909969926]], "T": [-0.020268193378019484, -0.0014471957961195367, -0.08010283305080947], "aligned_model": [[-0.1962432724820832, -0.6195006521520732, 0.5288622191767204, 0.5059618276926964, -0.19646532893721913, 0.7547167450941022, 0.004559284595939638, -0.6507004898299122, 0.4205053112153761, -0.18779331444722916, -0.6929029782719204, 0.41163177579209503, -0.02405709202326719], [-0.42977074413152205, 0.13286196530770686, 0.17358190879442525, -0.47431870089057804, -0.33502624090480676, -0.08282741049826084, -0.7470133882880001, -0.29423552731404307, 0.554508712442003, 0.6403393108815112, 0.2094157800525159, 0.12435396204866747, 0.04708703204647462], [-0.5401558490638022, -0.4644843472662914, -0.5709434808613417, 0.3130609358965833, 0.5433102436161737, -0.11545094639379207, -0.010216347758436495, 0.030078773767040143, 0.12585209726714053, 0.05309931479275652, 0.34700061841364455, 0.4490975927946401, -0.05736904386896924]], "inverted": true, "swapped": false, "error_lsq": 0.045808457083929, "error_max": 0.21571542682893122, "target": "22.xyz", "model": "5.xyz", "model_rescale": 4.2253639853439635, "target_rescale": 4.166573947596378},
{"mapping": [8, 11, 5, 1, 0, 10, 9, 12, 2, 6, 7, 4, 13], "R": [[0.8443159945932599, 0.1468080615095413, 0.5153425019827159], [0.24465975795317246, 0.750019233570947, -0.6145020358891778], [-0.4767306410461676, 0.6449174694094278, 0.5973352103620297]], "T": [0.03349267356209922, -0.045921437636924176, 0.026363475267918764], "aligned_model": [[0.2002866442295188, -0.45003969907322233, 0.21649403906899542, 0.5231439927628264, -0.24002188990286188, 0.7482095080093949, -0.15319403746689259, -0.8943801917452507, 0.4222919356402424, -0.26650225711940684, -0.5876421360667193, 0.5109108805489486, 0.02901724653765221], [-0.5078894609853896, 0.11882217947388897, 0.26323304429022915, -0.5310751721779886, -0.3872481528995853, -0.026955559614631086, -0.6270517711103648, -0.10249040998220187, 0.5004171760665643, 0.5202353695424918, 0.21076415382031322, 0.08834018282250773, -0.00014491969974119584], [-0.5255696659287292, -0.560671254580402, -0.4948613063547989, 0.2785007819563828, 0.6984858646786374, -0.2856182812782289, 0.03202341586906349, -0.05846377072745515, 0.0035410078010942557, -0.03009429100845024, 0.4479026447795212, 0.5312961293076384, 0.0664082868210724]], "inverted": true, "swapped": false, "error_lsq": 0.046378699065598036, "error_max": 0.25753968120135134, "target": "22.xyz", "model": "6.xyz", "model_rescale": 3.89814844738969, "target_rescale": 4.166573947596378},
{"mapping": [4, 11, 7, 1, 5, 0, 2, 10, 3, 8, 9, 6, 12], "R": [[0.07048444395988418, -0.6990459500708286, -0.71159447921498], [-0.6073147137350874, -0.5959894238564385, 0.5253241333996939], [-0.791328491614282, 0.3951346179985289, -0.4665488742014303]], "T": [0.03917621135538921, -0.016519523744783743, -0.08747798694110982], "aligned_model": [[-0.08125634925416493, -0.5886082337774822, 0.32923721562169184, 0.43008909980131094, -0.1198917380275781, 0.6121900699901298, 0.019181959338391036, -0.5401084577292852, 0.6124252033611386, -0.1553695046053285, -0.6263594948131578, 0.23612213193247056, -0.0690778664149111], [-0.35871692427068735, 0.3248314176752677, 0.25929874558823607, -0.540009104538554, -0.2819645435434829, -0.15314608706855934, -0.724215385545095, -0.45916192483783014, 0.5461922093750602, 0.6254113248501867, 0.14444773021106444, 0.27862943509178906, -0.1426402334413019], [-0.6202938329917075, -0.46788118680129426, -0.6081156494782315, 0.44912464488347376, 0.6244299656538826, -0.024242811008970425, -0.10521612658318434, -0.0014510146000573654, -0.0030799108755675264, 0.0006328656152386342, 0.48619234173491727, 0.4882608839834712, -0.11548060819662485]], "inverted": false, "swapped": false, "error_lsq": 0.054885712624247865, "error_max": 0.3052110239424378, "target": "22.xyz", "model": "7.xyz", "model_rescale": 3.7474275329858107, "target_rescale": 4.166573947596378},
{"mapping": [8, 3, 2, 13, 11, 4, 9, 7, 1, 0, 10, 12, 14], "R": [[0.9199208039453934, 0.2713679504469653, -0.28302853202225897], [-0.35257984164638084, 0.25665970597017074, -0.8998962443503801], [-0.1715609796342821, 0.9276234315720574, 0.3317854720529616]], "T": [-0.052450228104266076, -0.006349315488020799, 0.025424352158297064], "aligned_model": [[0.062908760079261, -0.3164559914891756, 0.4944379219205904, 0.7103875900855305, -0.18648414945758754, 0.5636703349545764, -0.3153374247106932, -0.664295786302902, 0.3438850055694925, -0.2899155408119482, -0.5493342318403909, 0.198895199393874, 0.006212348032598167], [-0.3705615234216956, 0.24978338096240066, 0.2349389654012251, -0.3263403156004894, -0.41219941698522217, -0.36272786970999793, -0.720186036906028, -0.2739059926640985, 0.6296910101310925, 0.6061891885493125, 0.20197588311573011, 0.0654494989313349, -0.0031501122574709335], [-0.5395996183897455, -0.5900685687540396, -0.5672668091708971, 0.37727098306304513, 0.47686710448823544, -0.29956122246346095, -0.015415543825933676, 0.15934996335762355, -0.030904208847220605, -0.025762012816277036, 0.5592504082347394, 0.5842740860967752, 0.014445000362501422]], "inverted": false, "swapped": false, "error_lsq": 0.05169793503988371, "error_max": 0.38793302506766963, "target": "22.xyz", "model": "8.xyz", "model_rescale": 4.019505241142653, "target_rescale": 4.166573947596378},
{"mapping": [1, 1, 0, 8, 11, 7, 9, 10, 3, 2, 6, 5, 12], "R": [[0.28171734747290067, -0.9456981607870258, 0.1621429147908402], [0.3102488483812287, -0.07012764454695886, -0.9480652749407169], [0.9079542875117417, 0.3173910870744988, 0.27364559129412913]], "T": [0.012512722437391537, -0.009781663058925607, 0.051579082654401434], "aligned_model": [[-0.293254628370923, -0.293254628370923, 0.4100212311333101, 0.444533573218724, -0.020963260353745163, 0.7460372818011521, -0.028003112578021523, -0.8506335447624672, 0.40567784924647077, -0.13091717200137742, -0.5589797221420703, 0.20315589143393417, 0.02515427716916159], [-0.15482990758367762, -0.15482990758367762, 0.1958103009675731, -0.4948821050298875, -0.34726334812584997, -0.34272000575288125, -0.6905562557302793, -0.2946460432923286, 0.7473642224869788, 0.5431505920631522, 0.2189286789845664, 0.30029657092689555, -0.006866132784490844], [-0.5330341536912269, -0.5330341536912269, -0.4199768609123863, 0.23643707430164668, 0.5733405174246863, -0.36155258019667924, 0.004203112832148484, -0.05801363841309333, 0.15459412429335778, -0.10225832776177561, 0.4377782582074274, 0.6155218014345516, 0.08887438750791588]], "inverted": false, "swapped": false, "error_lsq": 0.05691843540583888, "error_max": 0.37372680609355163, "target": "22.xyz", "model": "9.xyz", "model_rescale": 3.877068213659057, "target_rescale": 4.166573947596378},
{"mapping": [9, 8, 10, 13, 4, 14, 2, 7, 12, 0, 1, 3, 15], "R": [[-0.6181310743424151, -0.21747076123320508, -0.7553942301480349], [-0.7228224987338733, -0.22042378348993025, 0.6549358678497493], [-0.3089362559759078, 0.9508521565841006, -0.020941968936892263]], "T": [0.09404656353613577, 0.01417371086951897, 0.04050482949888182], "aligned_model": [[0.03919334879963923, -0.5005971421463811, 0.5503570902789936, 0.5991434316326951, -0.18211309813748283, 0.560798679238652, -0.04781263727675014, -0.6364680671689125, 0.3069098651917736, -0.298634219536615, -0.6644205643350596, 0.278317026501078, 0.05390032238159521], [-0.28776902028933016, 0.02127043420315223, 0.1451335302479971, -0.5364240037938851, -0.31646463939559816, -0.44229449155775863, -0.6254131542720516, -0.33520545318219025, 0.7249984604305721, 0.6971041218665885, 0.27747191192511855, 0.10275935631989588, 0.0937896070435825], [-0.5438469616621106, -0.45109606108024236, -0.4866014295721808, 0.23889284932405883, 0.5625247547347345, -0.3876315848582953, -0.06513591563580877, 0.14331116913415978, 0.12775507839971342, -0.07427274659738882, 0.3696070681165179, 0.6413029009230925, 0.028070440109095235]], "inverted": true, "swapped": false, "error_lsq": 0.04683389404798362, "error_max": 0.2803792749599462, "target": "22.xyz", "model": "10.xyz", "model_rescale": 4.260839863003843, "target_rescale": 4.166573947596378},
{"mapping": [2, 0, 7, 1, 10, 9, 8, 5, 6, 4, 11, 12], "R": [[0.9297984566035141, -0.3037531875034253, -0.2078673403380918], [0.36756054546850236, 0.7365905415974187, 0.5677443257700764], [-0.01934103183959382, -0.6042916308461755, 0.7965284360125817]], "T": [0.033840369573518964, 0.028901508809163354, -0.015384513075037395], "aligned_model": [[0.46017014891342845, 0.26888459138805465, -0.5388525214017664, -0.28245085791332236, -0.7155723912608385, -0.3936226299541602, 0.17897917086874945, 0.8017965111924824, 0.1352396543402189, -0.19663671907834404, 0.18849520624865299, 0.052468485750974875], [0.07275766496378487, -0.6054210409171876, -0.39822608957359773, -0.40271636258728766, 0.23857187321697793, 0.3745297439338501, 0.6543269680302914, -0.032837169555412396, -0.38774118387151624, 0.05456793545524451, 0.5723400276726534, 0.03292613876513366], [-0.6203793557640614, -0.26871741205705246, 0.1516741808232388, -0.5141721516933273, 0.28581024920609177, -0.3039451953547371, -0.4342470848336522, -0.08588611772603875, 0.33955196110279207, 0.6729741833313118, 0.2669671053377197, 0.026547715023220175]], "inverted": false, "swapped": true, "error_lsq": 0.040982740200856876, "error_max": 0.2702158231904036, "target": "22.xyz", "model": "11.xyz", "model_rescale": 3.890672605050136, "target_rescale": 4.166573947596378},
{"mapping": [7, 8, 5, 10, 2, 12, 4, 0, 9, 6, 1, 11, 13], "R": [[0.440611675377176, -0.4593465610064419, -0.7712730310421032], [0.895389051566217, 0.16329881891646286, 0.41426071751475374], [-0.06434126091916731, -0.8731175365505169, 0.48324524778965827]], "T": [-0.07306434192066727, 0.044589737344144016, 0.018652844087030284], "aligned_model": [[0.13973927049324622, -0.46635846125632996, 0.36380747959136095, 0.5752216980465173, 0.00352876192707767, 0.5455142550240775, -0.1543423434536672, -0.6323188915426572, 0.520628885788494, -0.2771951010257387, -0.6899314646167093, 0.15119083817739545, -0.020910891729841508], [-0.3699628340993316, 0.2269541308130394, 0.23936714540036988, -0.4355069597545535, -0.36252718071950907, -0.2915327922108575, -0.6410558083258123, -0.14495533372548144, 0.5464483330029647, 0.5767496672168688, 0.1230531884560877, 0.14376648286367283, -0.09184137937136458], [-0.6953674345672892, -0.5568938608195656, -0.5946798182706176, 0.40436371541573546, 0.5965398963178354, -0.2253027077507804, 0.1384072427323024, 0.019899643000827815, -0.019905129887694762, 0.10347492945753539, 0.48621752428277376, 0.5112335493959087, -0.06510798797162569]], "inverted": true, "swapped": false, "error_lsq": 0.04480772452096363, "error_max": 0.24491841612312226, "target": "22.xyz", "model": "12.xyz", "model_rescale": 4.124412569039231, "target_rescale": 4.166573947596378},
{"mapping": [1, 2, 4, 3, 9, 0, 6, 8, 5, 10, 11, 7, 12], "R": [[0.38276338339486454, 0.851104522863287, -0.35932336897810135], [-0.8899513478810286, 0.4440753536465157, 0.10384449281720545], [0.24794916966357547, 0.2800324471295762, 0.9274174021538331]], "T": [0.13431789757145998, -0.08496178118116512, 0.05957258681168755], "aligned_model": [[-0.08704497403896097, -0.4889446779807861, 0.21563958609883838, 0.5558566179977723, -0.10792237064470583, 0.6294348810484081, -0.07418564726227536, -0.5442611904836937, 0.6581826005926011, -0.22592178716627218, -0.7972112972768096, 0.2619206044307206, 0.06303169010838834], [-0.499986704135139, 0.1891956527998531, 0.3804022000102938, -0.6069955925984534, -0.29114809024542565, -0.16240575197011936, -0.7205979071525784, -0.3151236071443162, 0.46210141910595937, 0.5538174058412558, 0.24595418373477942, 0.27410336536422664, 0.009640085935757145], [-0.6049701817955474, -0.46842076253832576, -0.5689967440772911, 0.301521305932937, 0.6140526409249165, -0.23305174138942503, 0.06985859361217714, 0.021466471528352973, 0.06536110064458102, 0.14202373637641652, 0.17490187470326563, 0.5574354637713681, 0.03169780364192002]], "inverted": true, "swapped": false, "error_lsq": 0.054182970449098304, "error_max": 0.38347197900760654, "target": "22.xyz", "model": "13.xyz", "model_rescale": 3.9028299243045295, "target_rescale": 4.166573947596378},
{"mapping": [6, 9, 1, 0, 4, 2, 3, 7, 12, 14, 10, 5, 15], "R": [[0.4910489179847683, -0.02030205438763716, -0.8708953936803374], [0.5918404367856813, 0.7413508919320515, 0.3164233752694097], [0.6392150323101939, -0.6708104662415407, 0.37605513006670266]], "T": [0.12301512445526913, 0.013542285689776806, 0.034707508353684594], "aligned_model": [[-0.0473851081646309, -0.4915665820271879, 0.3305361156329073, 0.4941335783206887, -0.11520304512906768, 0.7552632327931821, 0.03873503437547046, -0.7300807887108012, 0.4848396885166118, -0.408882860922304, -0.5003591117332458, 0.22751962296831713, 0.02102425950328511], [-0.27419167275082146, 0.1295184869091888, 0.1379789948146258, -0.6212026225667419, -0.3590333277371114, -0.2742909580107795, -0.6000563383210678, -0.28598793523763133, 0.6076207260540616, 0.7180562957456981, 0.16528419996285612, 0.16635574564927924, 0.008905065034536717], [-0.5419910195900105, -0.4232054782185328, -0.568325906463135, 0.4175735474426758, 0.5483248657727798, -0.20935011369432915, -0.03658793516334739, -0.021301111765875583, 0.0545589691826583, -0.026897650270872472, 0.4138269554387705, 0.5120215453365651, -0.015767106672000805]], "inverted": false, "swapped": false, "error_lsq": 0.03788343806535678, "error_max": 0.22990719941269108, "target": "22.xyz", "model": "14.xyz", "model_rescale": 3.942246331269136, "target_rescale": 4.166573947596378},
{"mapping": [11, 13, 4, 9, 7, 10, 6, 8, 3, 12, 0, 5, 14], "R": [[0.9415851941111537, -0.01539684173784154, -0.33642273926588356], [-0.10013897823791798, -0.966571308936069, -0.23603408605343412], [-0.3215423879803822, 0.25593523009955865, -0.9116510575465588]], "T": [0.053292265287277395, 0.006241941309298012, 0.02561173615411404], "aligned_model": [[-0.13037970154517087, -0.2868909951909694, 0.35581138737740436, 0.49403599519915564, -0.21966020683644868, 0.6158028185352287, -0.051391512161394544, -0.6418136500078069, 0.36573139675866395, -0.35495762316935214, -0.45660407718573637, 0.37193684562055007, -0.0030466419708987877], [-0.38023030323316226, 0.3064201050856923, 0.15572920104818103, -0.5393824454625791, -0.5625059611386993, -0.32514393509519834, -0.5428575246791184, -0.33362902948281326, 0.6511959056002397, 0.6937502705385452, 0.06551703140498616, 0.28135888215821153, 0.048734462801808105], [-0.549727153070978, -0.6489979775230146, -0.45376256110032065, 0.4208348367385052, 0.6026752331382749, -0.26207871284874956, 0.007709989626649472, 0.013105097021152968, -0.028831845390921523, -0.1439187448170285, 0.552118779312179, 0.5005389500209149, 0.0932136702286825]], "inverted": false, "swapped": false, "error_lsq": 0.046544688747866575, "error_max": 0.28478549150167315, "target": "22.xyz", "model": "15.xyz", "model_rescale": 4.355366556412066, "target_rescale": 4.166573947596378},
{"mapping": [1, 9, 2, 6, 0, 7, 5, 4, 8, 10, 11, 12], "R": [[-0.23332082118287525, -0.894189402398652, -0.3820820684623799], [-0.45627238927694036, 0.4476598229276654, -0.7690358832459534], [0.8587065279745235, -0.005098585520838028, -0.5124422925946157]], "T": [-0.030591754633766736, 0.041758422937112204, -0.06946440642416268], "aligned_model": [[-0.2831380820988214, 0.42839921525923763, 0.09991665540159428, -0.5300933205520039, -0.6109740075060252, -0.40459194223075556, -0.17596424597218768, -0.14057932326093064, 0.6519367220572014, 0.19901884345866272, 0.40318442323274295, -0.039306383156933695], [-0.6394525709184301, -0.2867529468838228, -0.304430737871045, 0.2782561293671208, -0.2597886375868223, -0.15875612057690755, 0.27063047837207316, 0.5583301306953442, -0.09459438457613181, 0.06261351906471926, 0.49974076358481084, 0.08698080507007161], [0.015947362475700666, 0.18910537079928652, -0.711974968760672, -0.002982307211147339, -0.37608184207756445, 0.5290683975203119, -0.7940492510889492, 0.4292063810295384, -0.3907600974826937, 0.7324978563083244, -0.10196643531832239, -0.06875200498439155]], "inverted": true, "swapped": true, "error_lsq": 0.045716104060819884, "error_max": 0.3403693583977433, "target": "22.xyz", "model": "16.xyz", "model_rescale": 3.795458400668931, "target_rescale": 4.166573947596378},
{"mapping": [4, 11, 7, 1, 5, 0, 2, 10, 3, 8, 9, 6, 12], "R": [[0.07048444395988418, -0.6990459500708286, -0.71159447921498], [-0.6073147137350874, -0.5959894238564385, 0.5253241333996939], [-0.791328491614282, 0.3951346179985289, -0.4665488742014303]], "T": [0.03917621135538921, -0.016519523744783743, -0.08747798694110982], "aligned_model": [[-0.08125634925416493, -0.5886082337774822, 0.32923721562169184, 0.43008909980131094, -0.1198917380275781, 0.6121900699901298, 0.019181959338391036, -0.5401084577292852, 0.6124252033611386, -0.1553695046053285, -0.6263594948131578, 0.23612213193247056, -0.0690778664149111], [-0.35871692427068735, 0.3248314176752677, 0.25929874558823607, -0.540009104538554, -0.2819645435434829, -0.15314608706855934, -0.724215385545095, -0.45916192483783014, 0.5461922093750602, 0.6254113248501867, 0.14444773021106444, 0.27862943509178906, -0.1426402334413019], [-0.6202938329917075, -0.46788118680129426, -0.6081156494782315, 0.44912464488347376, 0.6244299656538826, -0.024242811008970425, -0.10521612658318434, -0.0014510146000573654, -0.0030799108755675264, 0.0006328656152386342, 0.48619234173491727, 0.4882608839834712, -0.11548060819662485]], "inverted": false, "swapped": false, "error_lsq": 0.054885712624247865, "error_max": 0.3052110239424378, "target": "22.xyz", "model": "17.xyz", "model_rescale": 3.7474275329858107, "target_rescale": 4.166573947596378},
{"mapping": [3, 10, 8, 2, 7, 0, 1, 11, 4, 5, 12, 9, 13], "R": [[-0.7944153295402362, 0.5735121322126198, 0.1999702937848835], [0.2426456671073871, 0.6014966322882689, -0.7611339445720985], [-0.5568010097202494, -0.5561345480644101, -0.6169983792715384]], "T": [0.003235032141587585, -0.061739562664949996, 0.03407894571432145], "aligned_model": [[-0.1480632670991662, -0.4810511164349635, 0.2127917670223056, 0.4795787274811876, -0.34537225062985355, 0.7698402544929357, 0.08023716535980932, -0.6089221680233513, 0.5603457307199661, -0.1726841890893624, -0.5204245794577881, 0.13135499019742425, 0.10094297088408186], [-0.3265016424724298, 0.23986908252273015, 0.23387914583965091, -0.4390204413670165, -0.4271640494771835, -0.2542264234746375, -0.7338039413150104, -0.4281392196628588, 0.5486966375779921, 0.6389893921816665, 0.2732417188199291, 0.2885142932543146, -0.09537789288105368], [-0.5722205240628732, -0.35442912615600564, -0.5868477852829066, 0.40094206226556783, 0.5929681913373029, -0.23869867847824505, -0.11055355146120328, -0.07884366249188361, -0.04479523880175172, -0.0012947183785912003, 0.449777244421255, 0.5896252341705875, 0.05725011425409279]], "inverted": true, "swapped": false, "error_lsq": 0.055790624928538396, "error_max": 0.2765860661180024, "target": "22.xyz", "model": "18.xyz", "model_rescale": 3.922800546911778, "target_rescale": 4.166573947596378},
{"mapping": [0, 5, 1, 9, 7, 2, 3, 12, 6, 8, 13, 11, 14], "R": [[-0.6745223373431959, 0.27954375345841953, 0.6832824498898319], [0.3117793001992776, 0.9468162236971973, -0.0795783042733871], [-0.6691885267936987, 0.15935598026480657, -0.7258046480710371]], "T": [0.03136149206103271, 0.09013721682411763, 0.02613474273206308], "aligned_model": [[0.03867174479594247, -0.4498662671937096, 0.3695745124031146, 0.5206413729126977, -0.19322276062392169, 0.6391968905977664, -0.11012978455927903, -0.6925900318336083, 0.38022372501187435, -0.2910338058299377, -0.356110607265719, 0.18623057287740608, 0.016988474130598705], [-0.43471257393756974, 0.035846184585067095, 0.29679530504923984, -0.4954073221466831, -0.4807166823691584, -0.2565392795242954, -0.5237062311630263, -0.21521040655992058, 0.6774842832330599, 0.5942655354211819, 0.27620573204869836, 0.031516181601000365, 0.013135933308499353], [-0.6241897093833737, -0.5637856313242948, -0.5990751511260475, 0.3098352485304078, 0.5378951928260784, -0.1270987325697297, -0.08488635250985252, 0.06178673441359457, -0.06918754172689263, -0.10156241584207358, 0.5619123334407686, 0.718827138247754, 0.08240844835900685]], "inverted": true, "swapped": false, "error_lsq": 0.043545497881468345, "error_max": 0.3053471912458153, "target": "22.xyz", "model": "19.xyz", "model_rescale": 3.9282355846067225, "target_rescale": 4.166573947596378},
{"mapping": [2, 10, 1, 6, 8, 5, 7, 12, 0, 11, 9, 4, 13], "R": [[-0.3895534668581896, -0.13546350281837394, -0.9109872314489056], [-0.8050438887589579, -0.4303914314018483, 0.40824937593059807], [-0.4473839890190754, 0.8924196631518406, 0.05860640911483489]], "T": [0.058458868030752814, -0.1082396883474199, 0.09005717053754785], "aligned_model": [[0.07861464313104126, -0.43641820684729216, 0.44971743099468575, 0.47277008847150326, -0.07855056306341454, 0.5931259890780666, -0.15391771615917657, -0.7504208664418158, 0.2876192414016232, -0.22634231552022635, -0.5583483639411053, 0.29161315222869066, 0.08911152209064527], [-0.2869276014074541, 0.24623862251685372, 0.18184802304346723, -0.538435992155042, -0.10763524531051913, -0.4321928746091218, -0.6647782563433837, -0.3320035699092355, 0.6378817970118346, 0.5382169592595536, -0.022414230940874663, 0.3109309785138492, -0.011771950123834196], [-0.7139208047927681, -0.5195953180807031, -0.4793869908286112, 0.35486163965432876, 0.8382881706759099, -0.22119121103328088, -0.09231274255242063, -0.04572812224315785, -0.08596907909205027, 0.20982886977684762, 0.39106822463017815, 0.5015214785194656, -0.0345845532983919]], "inverted": false, "swapped": false, "error_lsq": 0.05147348451997046, "error_max": 0.3455455290221815, "target": "22.xyz", "model": "20.xyz", "model_rescale": 4.067790424073018, "target_rescale": 4.166573947596378},
{"mapping": [13, 10, 11, 4, 8, 6, 5, 1, 3, 9, 7, 0, 14], "R": [[0.4102636376939538, 0.9050926818357707, 0.1117630747315799], [-0.9105247278664748, 0.39963764188634987, 0.1059928069785856], [0.05126858228785276, -0.14524803776591988, 0.9880660605421805]], "T": [0.09976684858670634, -0.016769630140694314, 0.033709016190292374], "aligned_model": [[-0.12321058410828373, -0.43264061891505856, 0.2832954002408938, 0.47194422399280944, -0.12316457161644814, 0.7504321642859462, -0.032342061642511244, -0.6894515724934253, 0.7201665434620859, -0.5544534382526981, -0.4473048944064739, 0.1835055956075568, 0.051797849268832734], [-0.29262637696030314, 0.16709561821557034, 0.2598278079418968, -0.6192644000539306, -0.32155900246372293, -0.2752192620606814, -0.591164177087286, -0.24086573583238977, 0.5621467724007079, 0.394470735641702, 0.12424993565623539, 0.33527326535061946, 0.016591478797675165], [-0.5698699967152685, -0.5612890346879562, -0.5211273398220109, 0.40915082020164617, 0.4609945379789347, -0.20586422397188317, 0.0007808954732806822, 0.01886581840749048, -0.027159975241117407, -0.0495200490923275, 0.521038419458385, 0.6448650122358428, -0.017985322889670086]], "inverted": true, "swapped": false, "error_lsq": 0.052669223788281636, "error_max": 0.3639797909830489, "target": "22.xyz", "model": "21.xyz", "model_rescale": 4.186013935880536, "target_rescale": 4.166573947596378},
{"mapping": [0, 1, 2, 3, 4, 5, 6, 7, 8, 9, 10, 11, 12], "R": [[1.0, 0.0, 0.0], [0.0, 1.0, 0.0], [0.0, 0.0, 1.0]], "T": [0.0, 0.0, 0.0], "aligned_model": [[-0.009708468038431665, -0.44308572779921723, 0.4242217880279475, 0.5324395241514392, -0.21817684299696904, 0.6927153067006114, -0.0657253545585049, -0.6927153067006114, 0.37293279071559327, -0.2648340732405725, -0.6255616923596462, 0.33808341522718555, 0.017988676294401262], [-0.38554447135798436, 0.07956202246002152, 0.2683983205542599, -0.669711250801089, -0.32705560182991983, -0.23614172276183779, -0.5521805634404333, -0.24161302851248945, 0.669711250801089, 0.5588045428410454, 0.2000682480340688, 0.1826920533689614, -0.028033139809598887], [-0.6107779033822446, -0.5766005188473687, -0.5456165493742059, 0.34689140722770556, 0.6107779033822446, -0.250841317865708, 0.025092870381026335, 0.009611877889051263, -0.008723810127255784, 0.05523727717175562, 0.5147277900197144, 0.5012875389394935, 0.0318129959211376]], "inverted": false, "swapped": false, "error_lsq": 0.0, "error_max": 0.0, "target": "22.xyz", "model": "22.xyz", "model_rescale": 4.166573947596378, "target_rescale": 4.166573947596378},
{"mapping": [1, 6, 2, 8, 10, 4, 7, 13, 11, 12, 14, 9, 15], "R": [[0.011549297429689727, -0.9393148562670861, -0.34286180091229834], [0.9966898597451315, 0.03840882908110084, -0.07165253191513479], [0.08047320802671654, -0.34089934386056353, 0.9366491873403439]], "T": [0.06974568238669171, -0.024418677196914543, 0.003863200013325671], "aligned_model": [[0.029141212831914343, -0.29212142511844963, 0.331977842632336, 0.6234574585159978, -0.3389821577429577, 0.6703018844192432, -0.1620936060896141, -0.7107683264281737, 0.3157576379543278, -0.26193103646688365, -0.48150295745332544, 0.2866796958048168, 0.04865781256399337], [-0.2987701354796641, 0.20870343854554624, 0.19642727204711213, -0.4928142603456609, -0.38334015541752614, -0.3330314477948773, -0.69112673945385, -0.29624253805016043, 0.7201216945154714, 0.5402494171273101, 0.23428616163675597, 0.17107828247201476, -0.05658433025637853], [-0.652781007497443, -0.6236827406352338, -0.5751623607562308, 0.3617570206971443, 0.5187011922778453, -0.28586757051110495, 0.11849544543588793, 0.18750091294378007, 0.08889895740145949, -0.018980894453120442, 0.5090112047196906, 0.528429438790283, -0.05344003707761194]], "inverted": false, "swapped": false, "error_lsq": 0.04013081866133967, "error_max": 0.20416772918594836, "target": "22.xyz", "model": "23.xyz", "model_rescale": 4.274766983524099, "target_rescale": 4.166573947596378},
{"mapping": [4, 11, 3, 6, 5, 0, 7, 1, 9, 8, 12], "R": [[-0.37978783928561505, 0.7728919018828229, 0.5083299176073711], [0.9210625491293647, 0.36704976087180835, 0.1300701873423158], [-0.08605218022851403, 0.5176027251163784, -0.8512828209414414]], "T": [0.01313426705084611, 0.09157342271502981, 0.09157056227672555], "aligned_model": [[0.15369323401776316, 0.2807549592373413, -0.5303589112661034, -0.37592447168198395, -0.5599727541835342, -0.5916394558810438, 0.09436436859145035, -0.050197613151275466, 0.5736892939468424, 0.38467875692698406, 0.0008072974016346442], [-0.14998278058273773, 0.5352290335670281, 0.38128640395302826, -0.16837764931451293, 0.6103048088460492, -0.13832668593946035, -0.6338944890768474, -0.36233156340428246, 0.059938472933650816, 0.6797504964275705, 0.10199048383399748], [-0.5788844520396911, -0.26969781827299916, -0.5961940837772278, -0.2099449215437666, 0.12327020532365929, 0.4127918646496016, 0.01793823619035495, 0.6617306910637506, 0.3565763207279155, 0.4135496807071744, 0.048430710992805936]], "inverted": false, "swapped": true, "error_lsq": 0.054603085799124824, "error_max": 0.37718737754658216, "target": "22.xyz", "model": "24.xyz", "model_rescale": 3.7841303162186577, "target_rescale": 4.166573947596378},
{"mapping": [6, 3, 4, 0, 10, 1, 7, 11, 2, 12, 14, 9, 15], "R": [[-0.3853046180185712, -0.5566813135047097, -0.7359662128985502], [-0.765302702336522, -0.2528585035279722, 0.5919242780880095], [-0.5156084998620367, 0.7913080894242556, -0.3286021644508062]], "T": [0.0326909724372297, -0.03843343938396639, 0.05461089410309748], "aligned_model": [[-0.06890777211116769, -0.3552975039631552, 0.349274359965525, 0.48942038003395594, -0.20498220900125044, 0.709346476994894, -0.0465139894873449, -0.6131686548844528, 0.44616281341454134, -0.2788842288500886, -0.4412849233325191, 0.05984841292815271, 0.013560873716135208], [-0.3502510598226174, 0.1909049202144047, 0.1717613349096164, -0.5997319332595966, -0.3881935478193649, -0.23621866805397354, -0.6826150908969703, -0.4184997682945104, 0.5915716642503511, 0.6518362615553307, 0.30183419179790627, 0.34475191545180006, -0.05819356048628292], [-0.5891855946518473, -0.6131246423410756, -0.587493037094286, 0.18754771504028434, 0.7076303659792187, -0.1821478972330841, 0.0941347345132174, -0.11224981603276828, 0.024153808872116937, 0.09486682951734378, 0.5920713593558478, 0.49571424456814817, -0.009038509157770117]], "inverted": false, "swapped": false, "error_lsq": 0.04537688325351519, "error_max": 0.32203909236737266, "target": "22.xyz", "model": "25.xyz", "model_rescale": 4.19342608120988, "target_rescale": 4.166573947596378},
{"mapping": [1, 9, 2, 6, 0, 7, 5, 4, 8, 10, 11, 12], "R": [[-0.23332082118287525, -0.894189402398652, -0.3820820684623799], [-0.45627238927694036, 0.4476598229276654, -0.7690358832459534], [0.8587065279745235, -0.005098585520838028, -0.5124422925946157]], "T": [-0.030591754633766736, 0.041758422937112204, -0.06946440642416268], "aligned_model": [[-0.2831380820988214, 0.42839921525923763, 0.09991665540159428, -0.5300933205520039, -0.6109740075060252, -0.40459194223075556, -0.17596424597218768, -0.14057932326093064, 0.6519367220572014, 0.19901884345866272, 0.40318442323274295, -0.039306383156933695], [-0.6394525709184301, -0.2867529468838228, -0.304430737871045, 0.2782561293671208, -0.2597886375868223, -0.15875612057690755, 0.27063047837207316, 0.5583301306953442, -0.09459438457613181, 0.06261351906471926, 0.49974076358481084, 0.08698080507007161], [0.015947362475700666, 0.18910537079928652, -0.711974968760672, -0.002982307211147339, -0.37608184207756445, 0.5290683975203119, -0.7940492510889492, 0.4292063810295384, -0.3907600974826937, 0.7324978563083244, -0.10196643531832239, -0.06875200498439155]], "inverted": true, "swapped": true, "error_lsq": 0.045716104060819884, "error_max": 0.3403693583977433, "target": "22.xyz", "model": "26.xyz", "model_rescale": 3.795458400668931, "target_rescale": 4.166573947596378},
{"mapping": [7, 6, 0, 4, 11, 3, 10, 5, 2, 1, 8, 9, 12], "R": [[-0.3566606004358032, -0.16747059422736665, 0.9191010913745588], [-0.8171818060564795, 0.5327245104757103, -0.22004202277902551], [-0.45277711067040766, -0.8295530097634193, -0.3268557664252074]], "T": [0.0014468690407848104, 0.02073245353044157, 0.12703472210722958], "aligned_model": [[0.028491852293262926, -0.6337776522667259, 0.3256572832671979, 0.44263401841245537, -0.14255925890259352, 0.6127034244113548, -0.03356047625264208, -0.5669742595802653, 0.5991919235733466, -0.19334507117479396, -0.6915162879848296, 0.3339119552190799, -0.02228341559162189], [-0.4430685164624237, 0.2776759566594588, 0.3295128369655254, -0.5992174746989938, -0.32864117804905973, -0.17880339688231722, -0.687773877112354, -0.32880189585799835, 0.6535629481946583, 0.5782173251709672, 0.11402864516594013, 0.1845394838530291, -0.05227419740033933], [-0.5395726043931369, -0.3330270165815019, -0.5735475173234702, 0.47327043423727877, 0.7343031079178532, -0.23577022102946396, 0.06010420796143688, -0.2216537162084191, -0.0035842991113885503, 0.0867868840258361, 0.33160645460607296, 0.34384918980890755, -0.019885342574659043]], "inverted": true, "swapped": false, "error_lsq": 0.051566738411238704, "error_max": 0.36734260845586814, "target": "22.xyz", "model": "27.xyz", "model_rescale": 3.6321398670334006, "target_rescale": 4.166573947596378},
{"mapping": [12, 4, 6, 10, 0, 9, 8, 3, 13, 1, 5, 11, 14], "R": [[0.25241424511901633, 0.37154362204232144, -0.8934441145257322], [-0.001277873291954501, -0.9232138211004906, -0.3842845398515029], [-0.9676184247423397, 0.09814060040933208, -0.23255753406511898]], "T": [-0.017663786006165694, -0.10487258149016349, -0.000522077226628238], "aligned_model": [[0.1844671728942116, -0.41131486871680467, 0.2885125911196338, 0.413587238433674, -0.16448604966497943, 0.6431867057677515, -0.06429087392716099, -0.6758002330215241, 0.4575567960668535, -0.40753474243965454, -0.5671859936718952, 0.3761049733222763, -0.014228680739156625], [-0.5049440002129968, 0.34492872470388714, 0.24645797638029987, -0.5812080700828681, -0.2803495229393313, -0.129694980842283, -0.6111017706208075, -0.2577278649671614, 0.557499494244243, 0.4377437926739273, 0.21912213504542272, 0.11914279136094633, -0.04091204519718515], [-0.6952131353489153, -0.5742684169847994, -0.6223985137775846, 0.43742619508797337, 0.5800489865834737, -0.09660869040871899, -0.09319105012857427, 0.12216353474731005, -0.04417941997128426, 0.028379548418941476, 0.6036485017558395, 0.45476806468513203, 0.002303956676552441]], "inverted": false, "swapped": false, "error_lsq": 0.0447135903480189, "error_max": 0.2672719829045243, "target": "22.xyz", "model": "28.xyz", "model_rescale": 4.156811204709835, "target_rescale": 4.166573947596378},
