[{"mapping": [9, 2, 7, 5, 8, 3, 0, 6, 4, 11, 13, 1, 10, 14], "R": [[-0.34415139338850254, 0.4234152110201189, 0.8380211080310211], [0.36146681996318175, -0.7639992942135214, 0.534459368434071], [0.8665457613389249, 0.4868517613381198, 0.10988087179993394]], "T": [0.04234253054726247, 0.10689120740438074, 0.17171598259645598], "aligned_model": [[0.1295314613096063, 0.1534526169390359, -0.4426757144666873, -0.3808211855991328, -0.693563516390379, 0.03717177243994084, -0.6346264062674727, -0.07509638237214561, -0.3930404292183022, 0.3159622821568021, 0.6653942246046245, 0.1322627595649943, 0.6199230311930022, -0.062382412765583116], [-0.6186698529067836, -0.23595713820590652, -0.3549004225334125, -0.49730372703424164, 0.20023107526563516, 0.3376455431628075, 0.2618773363041191, 0.40339940996053664, 0.7379004526904276, -0.016631114873677508, 0.4328185179772509, 0.7724672249525495, -0.3460410831134049, 0.15843711016413464], [0.3933165442783526, -0.40966480699289703, 0.4231571529162278, -0.16214979754380354, 0.6090358697278887, -0.5636304485480994, -0.3372225291739129, 0.7136379463821962, 0.10456310764753415, 0.6491417893601308, 0.33460017225300764, -0.01643475512975448, 0.07155170276056874, 0.08768613924239423]], "inverted": false, "swapped": true, "error_lsq": 0.043643690347052046, "error_max": 0.24663422104011617, "target": "220.xyz", "model": "0.xyz", "model_rescale": 3.8414455957264533, "target_rescale": 4.0254215626366},
{"mapping": [13, 1, 7, 0, 11, 9, 10, 8, 12, 6, 2, 5, 4, 3, 14], "R": [[0.4640485653167331, 0.41611313543475187, -0.7819902733066071], [0.7336126141076817, -0.6753051626689831, 0.07599651106934047], [-0.49645892221771565, -0.608944000538045, -0.6186402369383567]], "T": [-0.0900577780262236, -0.018003215104955908, -0.07465222039887427], "aligned_model": [[-0.15574497164090112, 0.18129042312556398, -0.7234003687062383, -0.5182671707360866, 0.29647994695772606, -0.4467818933230633, 0.5444434380892059, 0.31642778257779525, 0.5671309863701253, 0.035441516940887416, -0.47540542950945797, 0.13261715128252827, -0.41760528800381314, 0.08096008730380362, -0.030601099132390598], [-0.4934191711208332, -0.5606965316026945, -0.050036050901436306, -0.5866967651889586, -0.7761743231974815, 0.1604119547479151, 0.2268867301832858, 0.07102773307222687, -0.3121208759367739, 0.7400708454024977, 0.5627011660509106, 0.4608823923185706, -0.023317422131323838, -0.02813393029679378, -0.053108234014148256], [-0.6616035488749816, 0.5420746309130468, -0.17860443248060415, 0.0622482237022, -0.11971395747101042, -0.6282094556740533, 0.0016263601801655286, -0.7463257845561065, -0.32741153952498075, -0.2146551472687882, 0.168029333949965, 0.3195650240773613, 0.359515515343146, 0.6895644637867817, -0.017236716833292386]], "inverted": false, "swapped": false, "error_lsq": 0.04408955964831179, "error_max": 0.2765495133555051, "target": "220.xyz", "model": "1.xyz", "model_rescale": 4.316132596720782, "target_rescale": 4.0254215626366},
{"mapping": [3, 1, 12, 7, 2, 0, 9, 8, 13, 4, 6, 14], "R": [[-0.4774296988979623, 0.1239049050979151, -0.8698899109099256], [-0.7656056149733265, -0.5444672632906937, 0.3426418560626493], [-0.4311715724992965, 0.8295799983711152, 0.35480713263837427]], "T": [-0.013649755277966982, 0.07227187863983069, -0.17953714168759063], "aligned_model": [[-0.17750203638513534, 0.435241137635522, 0.1664523272852922, -0.4872972466653934, -0.4687828526470985, -0.4754297421311633, -0.40072315466375913, -0.12590611696114223, 0.6172482031443812, 0.19518979045659018, 0.38659721674549175, -0.06727897118180465], [-0.655547701119814, -0.3386810273619662, -0.5239370983563362, 0.6003824287729262, -0.37070016377050824, -0.21439029337661858, 0.47566976389798243, 0.6673283959445749, -0.08711976484564572, -0.05160215420005862, 0.49705572325553965, 0.014318318900904167], [0.013956432630068571, 0.16118629181355223, -0.4800837774554424, -0.08748188464428466, -0.4335522892895234, 0.4882278567984868, -0.6997216286556779, 0.4326923700212102, -0.4918116275659543, 0.5507242950800654, 0.054448913503136354, -0.05932649102621569]], "inverted": true, "swapped": true, "error_lsq": 0.042685217426485074, "error_max": 0.2474344059887455, "target": "220.xyz", "model": "2.xyz", "model_rescale": 3.795458400668931, "target_rescale": 4.0254215626366},
{"mapping": [0, 4, 8, 11, 5, 9, 6, 3, 13, 10, 7, 14], "R": [[0.8556512914366187, -0.13560208073316143, -0.49947266508156796], [0.25954579314584353, -0.7225155582103612, 0.640786430415209], [-0.44776874469210337, -0.6779257657330983, -0.5830264208696299]], "T": [0.14726662157584466, -0.05898202806061854, 0.11175434918825243], "aligned_model": [[-0.08110148890560165, -0.23859583597754716, -0.7047238017344402, 0.07983470163176168, 0.11659772110435165, 0.1828150584151931, -0.3227833423756934, 0.5659329841143501, 0.47865608032791207, 0.7205279052063509, -0.3150594872362221, 0.11120333117314998], [-0.14492069420228226, -0.6246805015169338, -0.022235722472745086, 0.05125552481834857, 0.5792778313003442, 0.6582331927376653, -0.30478674301891656, -0.32780454394098585, -0.46021529790692567, 0.3011251117876061, 0.4803436840789361, -0.09982279637440158], [-0.7139505630554395, -0.2394377618914908, -0.007747751820877183, 0.6607184205478345, -0.3855073315042943, 0.3715354234000233, 0.44942504791349813, -0.4768555435609929, 0.6119005021091131, 0.41254352119341053, 0.027497510031734215, -0.02135004272341852]], "inverted": true, "swapped": true, "error_lsq": 0.04518405922429234, "error_max": 0.23180380883886734, "target": "220.xyz", "model": "3.xyz", "model_rescale": 3.7530521520055578, "target_rescale": 4.0254215626366},
{"mapping": [3, 0, 4, 8, 1, 7, 12, 2, 10, 11, 14], "R": [[0.9431958998569661, -0.10558070726711, 0.3150146167179952], [0.29099843251790347, 0.7200541054976367, -0.6299539645308393], [-0.16031658293867096, 0.6858387561292928, 0.7098759002994066]], "T": [0.01112175824788892, 0.04209437673797578, 0.13146792557667625], "aligned_model": [[-0.4408678805191784, -0.23356850649875144, 0.3754874261839646, 0.49378212198772337, 0.24369374308077668, -0.008948561050666014, -0.30293148740751064, -0.6682622437344362, -0.3971046621585126, 0.2916272454562963, -0.014707592894500576], [-0.528906246458946, -0.13178301881758903, -0.346233702598215, 0.44028007091811927, -0.6075721860128563, 0.6939326908097168, -0.46826422827525893, -0.03600582034869611, 0.15601437458957032, 0.30492146470212567, -0.009180040193624624], [-0.1208658390361767, -0.675513719802864, -0.42412136583664645, -0.4601449975049616, 0.029873575619560055, -0.1625063321401461, 0.4766270741560915, 0.14669287072406972, 0.7390477156014779, 0.5441415581412437, -0.0003997626763315165]], "inverted": false, "swapped": true, "error_lsq": 0.047699184807965, "error_max": 0.2207213060910125, "target": "220.xyz", "model": "4.xyz", "model_rescale": 3.7855080009869324, "target_rescale": 4.0254215626366},
{"mapping": [1, 14, 3, 2, 12, 0, 13, 4, 11, 7, 10, 8, 9, 15, 16], "R": [[0.18371472632427832, -0.13130747198417833, -0.9741700298883761], [0.24220151257461994, -0.9544368825076222, 0.1743234482670005], [-0.9526737776585233, -0.26797123933410394, -0.14354124233676774]], "T": [-0.012776882907531251, 0.008317274187406534, -0.07140780193486167], "aligned_model": [[-0.004888536265739735, -0.06469792648296176, -0.7043062981033288, -0.5016366893962747, 0.3181906570991458, -0.4741904774382083, 0.6519572640981804, 0.02355149525667141, 0.6546469254494321, -0.015367762140919717, -0.3462371934858363, 0.3324936635542815, -0.5229762811206397, 0.07249548686466777, -0.03204921629278522], [-0.4440971155486017, -0.4951931154723847, -0.0472676189284405, -0.5454068161961757, -0.5861062279028673, -0.1217398309560052, -0.08663557790316327, 0.23012477464072995, -0.28196435840208184, 0.7066352050714523, 0.554718300932715, 0.4684439137450646, -0.10344969964416724, 0.11818828019401481, -0.02797259624512672], [-0.6783369023546916, 0.37745619892904436, -0.03803126862928531, -0.05757274113433683, -0.08506249471118205, -0.6867585372919495, 0.20058504458844956, -0.7760229206684546, -0.39190470070271005, -0.34291254706196184, 0.2767508017430847, 0.33403220506858916, 0.4124503765353968, 0.7409807083718665, -0.03679025341301035]], "inverted": true, "swapped": false, "error_lsq": 0.04122541909896652, "error_max": 0.290241316950014, "target": "220.xyz", "model": "5.xyz", "model_rescale": 4.2253639853439635, "target_rescale": 4.0254215626366},
{"mapping": [8, 9, 13, 6, 11, 12, 1, 4, 2, 5, 10, 3, 0, 14], "R": [[-0.46347308611766624, 0.5755957376912093, 0.6737078337055902], [0.815186816283805, -0.021081791901643554, 0.5788143161734081], [0.3473660216567538, 0.8174626014698951, -0.45944721372147984]], "T": [0.009885381091376967, -0.09180286093539, -0.03720993984751199], "aligned_model": [[0.7658848735326057, -0.2433704255012151, -0.5048164936298425, 0.2225116056847821, -0.2628486310443558, -0.4807191464608062, 0.07848960280876285, 0.5840646401807815, -0.20994068615915598, 0.25424492627155276, -0.6658142961342909, 0.03710729569411936, 0.6792674504803345, 0.12000143703451097], [-0.337999715956284, 0.1727234537094127, -0.5395255175153586, -0.6644212585858414, -0.43143615713322103, 0.04313493828288942, -0.37918389566535315, -0.3469332082943828, 0.5407681043727345, 0.6192851763396812, 0.1522028309779402, 0.3247799619772649, 0.3311491739162725, -0.03944473979076428], [-0.36792220230358896, -0.707310601026598, 0.19854350642321011, -0.18649720176744988, -0.3954365668225581, 0.43111598571420484, 0.5945996710867364, 0.4071628565662843, 0.10216199382476547, -0.3375890745030454, -0.21796100066303914, 0.6106530032409442, 0.3009694086080554, 0.039068430553527406]], "inverted": true, "swapped": true, "error_lsq": 0.04400667366589562, "error_max": 0.2606147304006163, "target": "220.xyz", "model": "6.xyz", "model_rescale": 3.89814844738969, "target_rescale": 4.0254215626366},
{"mapping": [12, 10, 2, 13, 3, 9, 11, 1, 6, 7, 5, 4, 14], "R": [[-0.7448927296570248, -0.6664595144192457, -0.031089177283581793], [-0.23935661997017138, 0.3104403932129804, -0.9199647660308656], [0.6227706076723287, -0.6778336653647661, -0.3907662886145694]], "T": [-0.12106839746414347, 0.07133867044796231, 0.041052168628408284], "aligned_model": [[0.3019364716515578, -0.15468241991826873, 0.36250355209174767, -0.23916139309262657, 0.6464901736493609, -0.5033121381104918, -0.6275591105054475, 0.20603186171824725, -0.5762520286341957, -0.44376715118534094, 0.09094241458596122, 0.10779384776538223, -0.02233227911166312], [-0.26943595063516856, 0.1346250779083044, 0.38047442339944365, -0.5671681479951042, 0.0017823465636913755, 0.5794993316694385, -0.05551393678512602, -0.4918479218273279, -0.19027700005757214, 0.6785250455713989, 0.8522815853764326, -0.19004123732027273, 0.10087764960234762], [-0.3869311523034587, -0.6962704918128196, -0.3310866733903647, -0.27409283239538795, 0.04599501453471064, -0.38180718854453316, -0.17210624001843727, 0.29065999212951094, 0.3871063986920694, 0.23830097044996396, 0.013393755628714046, 0.7277421382858693, 0.14137133958045847]], "inverted": false, "swapped": true, "error_lsq": 0.049714657245543546, "error_max": 0.29128444086793426, "target": "220.xyz", "model": "7.xyz", "model_rescale": 3.7474275329858107, "target_rescale": 4.0254215626366},
{"mapping": [2, 0, 5, 3, 1, 8, 12, 4, 13, 9, 7, 11, 6, 10, 14], "R": [[-0.4655710203951119, -0.884944955005454, -0.01077272382684602], [0.05319650922428201, -0.01583221059030704, -0.998458548220293], [0.8834102989973602, -0.46542643641956927, 0.054447000901568954]], "T": [0.02477010334287901, -0.05684893485771582, -0.029647357776192384], "aligned_model": [[-0.039797241805105694, -0.1387102032601639, -0.6498297327944842, -0.5955411575143381, 0.28043470794035297, -0.33859321118632457, 0.611954709753435, 0.17375518086098427, 0.7772841705625584, -0.21859674435902615, -0.2968789787176707, 0.2501029385459756, -0.5871340570372118, 0.10273613331838796, 0.05579859728831521], [-0.6575589523824042, -0.5337117671200602, 0.182502426182152, -0.4133038319351373, -0.7635181171125123, 0.023706134348782062, -0.003530623998567878, -0.06178469617864803, 0.09867464296796676, 0.6397739715289495, 0.4252186192475794, 0.5027113958237772, -0.13103035243898858, 0.11287403550745966, -0.08274536705538549], [-0.6157941215102216, 0.3947218991059147, -0.05509241768363114, -0.0774844039628733, -0.022157574254135306, -0.6012138878809669, 0.15205023307454835, -0.7977651422224534, -0.4961736957994205, -0.2189342929445542, 0.32816596396094083, 0.12067664329090048, 0.5060843980428121, 0.7054572410317201, -0.07367787297973187]], "inverted": true, "swapped": false, "error_lsq": 0.04610808756925526, "error_max": 0.37624891717281156, "target": "220.xyz", "model": "8.xyz", "model_rescale": 4.019505241142653, "target_rescale": 4.0254215626366},
{"mapping": [11, 6, 7, 9, 10, 2, 0, 13, 12, 1, 4, 3, 14], "R": [[-0.9239906467210748, 0.11168825169157742, -0.3657417383975331], [0.13001634679569232, -0.8076777657667933, -0.575110751292187], [-0.35963458445743635, -0.5789493597198639, 0.731765402668155]], "T": [-0.02176644129039386, -0.07955992635879938, -0.06613398972766293], "aligned_model": [[-0.3052328594214191, -0.63717955689468, 0.03587324879384517, 0.2551435610639221, 0.36942531408667717, 0.6527984405071445, 0.24343024048685358, -0.3136269968865221, 0.2583673069139316, -0.2776947663185441, -0.3824865384006035, 0.4144073139040122, 0.006476063906558405], [-0.5254219484098368, -0.05806617089439653, 0.09061918466090474, -0.4902735158502447, -0.7084189488779725, -0.0985210439365609, 0.7387400044425947, -0.5605311041665978, -0.3346600622716893, 0.14440761019758713, 0.5468073900776689, 0.26001303599461545, 0.05868379714798641], [-0.26340228576203223, -0.19338627026687438, -0.7585454323745391, -0.6473248093628834, -0.049248558251113905, 0.045654910235229634, -0.02895881587187138, 0.3860135820786923, 0.5123806500525532, 0.5428134775024325, 0.19803545276251933, 0.47094266450885147, -0.038271071207084874]], "inverted": false, "swapped": true, "error_lsq": 0.04764700731360145, "error_max": 0.27712207432783575, "target": "220.xyz", "model": "9.xyz", "model_rescale": 3.877068213659057, "target_rescale": 4.0254215626366},
{"mapping": [11, 6, 9, 10, 12, 8, 3, 1, 5, 7, 2, 4, 14, 13, 15], "R": [[-0.5549598268235658, 0.7875541576754574, 0.2679142387781184], [0.812812335132157, 0.5819048094719883, -0.0268868103422266], [-0.17707540334266583, 0.2028428984250366, -0.9630675262356023]], "T": [-0.025542167875015075, -0.06967941974078211, -0.02719359910701615], "aligned_model": [[-0.31847853839426404, 0.13731040157963648, -0.6800457224967837, -0.4688690016547467, 0.33421623816033036, -0.45413785784262667, 0.5540579901472559, 0.40481274270415524, 0.6769458870307069, -0.049946373715878734, -0.3755862468405564, 0.32714519568982636, -0.6154009458984026, -0.08143782258873196, -0.0036008342842348724], [-0.57851591473116, -0.5087743906068951, 0.008231458639403083, -0.6030506659804116, -0.6941396521320831, 0.13821500960249578, -0.06490755123294664, 0.2985086186177808, -0.10303101397901467, 0.6623151671939854, 0.4537499795347338, 0.4989439535843199, -0.14862572962542114, 0.08675664848903912, -0.10739839998886275], [-0.47432778529346775, 0.3740285616804372, -0.06183888619127072, 0.12176012389278258, -0.22421776808696614, -0.6341603004978894, 0.2312676723046355, -0.6845662708492343, -0.3683587293871685, -0.3875752424412516, 0.1822011589571322, 0.07463843237146202, 0.47813366988105266, 0.7278176116074944, -0.10593927867889887]], "inverted": true, "swapped": false, "error_lsq": 0.03669287909541611, "error_max": 0.1980819723375639, "target": "220.xyz", "model": "10.xyz", "model_rescale": 4.260839863003843, "target_rescale": 4.0254215626366},
{"mapping": [12, 2, 0, 3, 4, 1, 13, 10, 7, 8, 6, 14], "R": [[-0.20455539045041538, 0.965801240753328, 0.1593268828447048], [0.6604686012536772, 0.01604736359862796, 0.750682162356043], [0.7224529873948127, 0.2587864862794532, -0.6411639692960336]], "T": [0.1436215263587739, 0.03806032378010887, 0.02879814371137516], "aligned_model": [[0.2261453839435345, 0.28035792106426927, -0.5418834598639334, -0.2555168693700533, -0.6025794032278107, -0.34332845124230854, 0.3391903548805819, 0.795623533881182, 0.260001967094009, -0.2394392735989363, 0.02442983081443409, 0.015897114719161914], [0.0572311587950417, -0.5169806502590424, -0.4784887960002208, -0.30646959448588884, 0.21174990885433664, 0.3678997516978049, 0.6051386252744968, -0.07662201674476546, -0.28335815989583435, 0.08575015862318608, 0.5352819935197475, -0.028053873845927627], [-0.6575344845964832, -0.34687024381923837, 0.09651794173536218, -0.5333373830812256, 0.10130054798499, -0.34611978588659825, -0.3726097757046874, -0.3036490256755809, 0.6571790958212571, 0.7985440938278996, 0.3947931957800597, 0.02796390100974981]], "inverted": false, "swapped": true, "error_lsq": 0.04552809663840932, "error_max": 0.2959221594058071, "target": "220.xyz", "model": "11.xyz", "model_rescale": 3.890672605050136, "target_rescale": 4.0254215626366},
{"mapping": [4, 1, 3, 8, 0, 9, 13, 7, 6, 10, 2, 12, 5, 14], "R": [[0.18247071811434934, -0.7912827738167943, -0.583588904016889], [-0.9350183270886717, -0.32320376634039777, 0.14587684337030127], [-0.3040479650304134, 0.5190480683753496, -0.7988391187696576]], "T": [-0.00473185352104015, -0.07956826904385529, 0.06326221744993192], "aligned_model": [[0.6272413785703994, 0.208985953499692, 0.29676557677243215, 0.5540465247775199, 0.7994726997505058, -0.40677971516191075, -0.4878795028205691, 0.18660472540551276, 0.04791880744057936, -0.6502328747138475, -0.056894569399567316, -0.29162696039379193, 0.25114815488939424, 0.1311056361773446], [-0.15766903019979575, 0.11838127079868992, 0.6155496512308061, -0.722985803104401, 0.19473329558118813, -0.2541568600629328, -0.04743417331788487, -0.4617777322030652, -0.6351947770996065, 0.1990956395222937, 0.5122679067866661, 0.48775570413042313, 0.11604087956644114, -0.03245345180105737], [-0.36888428887790764, -0.5704715290613079, -0.07787264871436432, 0.18695265904454172, 0.20232960567594105, 0.6885812653455246, -0.47198448581249647, 0.6368675778197802, -0.22638501407532313, 0.29661738704467827, 0.40223574730103706, -0.20888644005187418, 0.80612686924635, 0.059563730472281924]], "inverted": false, "swapped": true, "error_lsq": 0.04807176933579214, "error_max": 0.3216898289573358, "target": "220.xyz", "model": "12.xyz", "model_rescale": 4.124412569039231, "target_rescale": 4.0254215626366},
{"mapping": [4, 1, 13, 0, 6, 8, 3, 7, 12, 2, 11, 10, 14], "R": [[0.4968533922336169, 0.7726919281170461, 0.39507453834524575], [-0.6167065618693199, -0.005925263173849795, 0.7871708250460272], [0.6105814631752836, -0.6347535549164589, 0.47358019526543504]], "T": [0.1912458563946987, 0.08048197581476983, -0.07817127859094763], "aligned_model": [[-0.20392973515474938, -0.057736518680623294, 0.5682560287104177, -0.6022167502295079, 0.5355547270768406, 0.18582527627077655, -0.48247979295303967, 0.2608466360990835, 0.05210365811345155, -0.18044348449143444, 0.7551033824535119, 0.4779224723899996, 0.05849240790503099], [-0.14010168088896957, 0.37813415277416856, 0.6146754298944689, -0.24728990619747343, -0.20592519085665045, -0.7375696334423797, 0.45416234409200235, -0.5479689198058472, 0.7575260084832565, 0.3697992057274048, 0.07815460976182952, 0.5361457024237203, 0.037743254542946705], [0.5442591192394809, 0.5013878135489143, 0.22753113892313837, -0.012530318987142741, 0.3632024448374018, 0.1906798073940258, -0.05659801312390153, -0.4127188430223422, -0.10010324501595305, -0.5741920808125371, -0.08913518345494412, -0.5870591479386452, -0.04302541061965652]], "inverted": false, "swapped": true, "error_lsq": 0.04556454139930331, "error_max": 0.2323806837457574, "target": "220.xyz", "model": "13.xyz", "model_rescale": 3.9028299243045295, "target_rescale": 4.0254215626366},
{"mapping": [12, 14, 5, 13, 11, 8, 6, 2, 1, 0, 4, 3, 10, 7, 15], "R": [[-0.7768635443250809, 0.45462819907080976, -0.43565609614500456], [-0.34170702683418797, -0.8855295784090604, -0.31475970767366523], [-0.528884998190356, -0.09565859277819126, 0.843285297107025]], "T": [-0.003968100141660422, -0.018859165237515053, -0.07601023706357785], "aligned_model": [[-0.1820319895698359, -0.12207740227652013, -0.5057614731113326, -0.6036199077362415, 0.3209487106043434, -0.38884256454439337, 0.6296729911299509, 0.2995054952868519, 0.5434184812143725, -0.21236350862665015, -0.40002414479930054, 0.22571031494656157, -0.4024640095076039, 0.13779427385104248, 0.047119844734440766], [-0.5380939379137653, -0.7759749670730963, -0.029532975338644032, -0.5409059361378143, -0.6823889375278241, 0.13395465892616798, 0.08735583070172184, 0.27279060139797795, -0.26743247114366686, 0.7340478820991675, 0.4406945434855839, 0.5403496586673293, -0.1442444879308632, 0.14773499461337972, -0.040076939440691364], [-0.5037119918956563, 0.3665691435485717, -0.17696227655162958, -0.05285358712547561, -0.07226915206825504, -0.7279509869425864, 0.10182565453029166, -0.6801575370285273, -0.32254217796586304, -0.35335251843780563, 0.22617062297176432, 0.07637992714551439, 0.5411057432194393, 0.8030675587319354, 0.023544547137131694]], "inverted": false, "swapped": false, "error_lsq": 0.03864954873845325, "error_max": 0.27594531990550814, "target": "220.xyz", "model": "14.xyz", "model_rescale": 3.942246331269136, "target_rescale": 4.0254215626366},
{"mapping": [8, 2, 6, 7, 0, 11, 1, 13, 12, 4, 10, 3, 9, 5, 14], "R": [[0.3522422470202503, 0.9045973940532925, 0.24006031343418102], [-0.8556633495465755, 0.4151822547964247, -0.3089723734331147], [-0.37916438606079605, -0.0965776888010319, 0.9202755665391703]], "T": [-0.0684879372761208, 0.029278341843915222, -0.06101691494242459], "aligned_model": [[-0.23343743768072972, 0.008770654280189027, -0.5760723916368111, -0.4953330783733966, 0.1625858888481066, -0.45628310131271704, 0.6846442467186814, 0.23432617448117432, 0.6755387666868784, -0.04395130182436553, -0.550945521532494, 0.47520949464207485, -0.6604101278560899, 0.16961921647373035, -0.007276370318545909], [-0.537135542592408, -0.5094826135727234, -0.1662419686702337, -0.6846677673640554, -0.6665169445520487, 0.18691041113419526, -0.09986233942963507, 0.3085468900714873, 0.019446952579496718, 0.5976365715918645, 0.5379412595619969, 0.44314856157639554, -0.05309596806921201, 0.0067788685806386625, -0.04512885346079588], [-0.5618241634141464, 0.4741612437942456, -0.1910908139622967, 0.1366284411818374, -0.0045254184343066495, -0.6431492591199697, 0.2087163489536721, -0.7619038802919172, -0.3992533200466586, -0.202547311398768, 0.07126018653471977, 0.16181143658581804, 0.47843178465533, 0.5268421797606634, -0.04469448552937399]], "inverted": true, "swapped": false, "error_lsq": 0.04417781596327042, "error_max": 0.2416260762551574, "target": "220.xyz", "model": "15.xyz", "model_rescale": 4.355366556412066, "target_rescale": 4.0254215626366},
{"mapping": [3, 1, 12, 7, 2, 0, 9, 8, 13, 4, 6, 14], "R": [[-0.4774296988979623, 0.1239049050979151, -0.8698899109099256], [-0.7656056149733265, -0.5444672632906937, 0.3426418560626493], [-0.4311715724992965, 0.8295799983711152, 0.35480713263837427]], "T": [-0.013649755277966982, 0.07227187863983069, -0.17953714168759063], "aligned_model": [[-0.17750203638513534, 0.435241137635522, 0.1664523272852922, -0.4872972466653934, -0.4687828526470985, -0.4754297421311633, -0.40072315466375913, -0.12590611696114223, 0.6172482031443812, 0.19518979045659018, 0.38659721674549175, -0.06727897118180465], [-0.655547701119814, -0.3386810273619662, -0.5239370983563362, 0.6003824287729262, -0.37070016377050824, -0.21439029337661858, 0.47566976389798243, 0.6673283959445749, -0.08711976484564572, -0.05160215420005862, 0.49705572325553965, 0.014318318900904167], [0.013956432630068571, 0.16118629181355223, -0.4800837774554424, -0.08748188464428466, -0.4335522892895234, 0.4882278567984868, -0.6997216286556779, 0.4326923700212102, -0.4918116275659543, 0.5507242950800654, 0.054448913503136354, -0.05932649102621569]], "inverted": true, "swapped": true, "error_lsq": 0.042685217426485074, "error_max": 0.2474344059887455, "target": "220.xyz", "model": "16.xyz", "model_rescale": 3.795458400668931, "target_rescale": 4.0254215626366},
{"mapping": [12, 10, 2, 13, 3, 9, 11, 1, 6, 7, 5, 4, 14], "R": [[-0.7448927296570248, -0.6664595144192457, -0.031089177283581793], [-0.23935661997017138, 0.3104403932129804, -0.9199647660308656], [0.6227706076723287, -0.6778336653647661, -0.3907662886145694]], "T": [-0.12106839746414347, 0.07133867044796231, 0.041052168628408284], "aligned_model": [[0.3019364716515578, -0.15468241991826873, 0.36250355209174767, -0.23916139309262657, 0.6464901736493609, -0.5033121381104918, -0.6275591105054475, 0.20603186171824725, -0.5762520286341957, -0.44376715118534094, 0.09094241458596122, 0.10779384776538223, -0.02233227911166312], [-0.26943595063516856, 0.1346250779083044, 0.38047442339944365, -0.5671681479951042, 0.0017823465636913755, 0.5794993316694385, -0.05551393678512602, -0.4918479218273279, -0.19027700005757214, 0.6785250455713989, 0.8522815853764326, -0.19004123732027273, 0.10087764960234762], [-0.3869311523034587, -0.6962704918128196, -0.3310866733903647, -0.27409283239538795, 0.04599501453471064, -0.38180718854453316, -0.17210624001843727, 0.29065999212951094, 0.3871063986920694, 0.23830097044996396, 0.013393755628714046, 0.7277421382858693, 0.14137133958045847]], "inverted": false, "swapped": true, "error_lsq": 0.049714657245543546, "error_max": 0.29128444086793426, "target": "220.xyz", "model": "17.xyz", "model_rescale": 3.7474275329858107, "target_rescale": 4.0254215626366},
{"mapping": [4, 3, 0, 12, 6, 11, 8, 5, 13, 7, 10, 2, 9, 14], "R": [[0.49623402990584187, -0.6404212500180342, -0.586184621163629], [-0.7136480849009301, 0.08362045722381228, -0.6954955284190664], [0.4944271417313612, 0.7634580811406869, -0.4155400821344883]], "T": [-0.00018251724786557885, -0.13641658525403083, 0.0174550240295627], "aligned_model": [[0.6267307135057452, 0.04707585555268913, 0.6592413093201179, -0.45991721214743, 0.24393680787867986, -0.2737240587234482, 0.7432504877104087, 0.16203226716245903, -0.457014487449879, 0.3018529448058622, -0.7055128953064362, -0.2569866578001492, -0.3274579001435405, 0.11134047351779744], [-0.39872147834261124, 0.18610661281099383, 0.293327929703147, -0.11291760458837752, -0.6610979720040324, -0.4456268671157929, -0.26509382091733913, 0.6287409467380134, -0.6570687075463755, 0.16578453160822781, 0.06890706190134366, 0.44812550564197223, 0.19553409474047773, -0.08559199111841331], [-0.34367714301244134, -0.6809389241958672, -0.3315520233850927, -0.49860891859682577, 0.26342986986145533, 0.40167496132317626, 0.43250714207397434, 0.2267531930787419, -0.18547157116906807, 0.5911848683273707, 0.11301147426439727, -0.22801643919044193, 0.6223080149511145, -0.05780978566883807]], "inverted": false, "swapped": true, "error_lsq": 0.043721141615533476, "error_max": 0.22225551470332133, "target": "220.xyz", "model": "18.xyz", "model_rescale": 3.922800546911778, "target_rescale": 4.0254215626366},
{"mapping": [5, 6, 13, 8, 1, 12, 2, 3, 0, 7, 11, 9, 4, 10, 14], "R": [[0.21527162911093442, 0.4318272910182227, -0.8758900138897506], [0.7502541737305372, 0.5010116860024566, 0.43140000612990836], [0.625121428603942, -0.7500083207677359, -0.21612662556780798]], "T": [-0.08060480218279129, -0.12125560746704811, -0.06069867843750202], "aligned_model": [[-0.02013053426066956, -0.13035090633046495, -0.723816345019813, -0.4849686449391767, 0.36774183275800254, -0.3849658919299864, 0.5731182227826004, 0.22843773037938467, 0.5748445446170783, -0.19584318886054533, -0.3403791121036446, 0.3847134738074852, -0.4939004103409853, 0.11156544509362604, -0.07908110405720672], [-0.5527378206144691, -0.5623385972632995, 0.11971559166133244, -0.577880405882254, -0.6961766457459129, 0.05917480881615633, 0.043011515876338696, 0.20072642433654692, -0.24521844295306844, 0.6237867500220788, 0.4386455135920928, 0.5168431857425878, -0.10253158360135893, 0.10226179256745538, -0.029004569169263278], [-0.687356226738328, 0.46725860501224853, -0.06575230802759588, -0.10942577731667485, 0.06749694792106095, -0.7631395916069176, 0.18177086935432402, -0.5189229988836023, -0.5641487801107146, -0.3249769765279957, 0.2946485535914902, 0.13691715607184843, 0.5331896025544627, 0.6901083641552286, -0.0888044701799855]], "inverted": false, "swapped": false, "error_lsq": 0.03535081567727007, "error_max": 0.221374600403583, "target": "220.xyz", "model": "19.xyz", "model_rescale": 3.9282355846067225, "target_rescale": 4.0254215626366},
{"mapping": [12, 10, 9, 13, 1, 11, 6, 7, 4, 0, 2, 3, 5, 14], "R": [[0.21435134934127814, 0.5649121654459052, -0.7968235340191653], [0.7143278037422757, -0.6470514925079843, -0.2665711065436892], [-0.6661751179954941, -0.5120533286430313, -0.5422288269626409]], "T": [-0.007193130213992441, -0.06740191721772311, -0.05840194394588534], "aligned_model": [[-0.5421076620198894, 0.0185654285598585, 0.59763855694478, -0.5135977581880697, -0.6417210934462396, 0.12988800544286588, 0.022784364347784802, 0.6904782530723863, -0.30572454106525104, 0.022038582759745337, -0.012573750930322189, -0.459024359895779, 0.5520315502805245, -0.02615275677771855], [-0.4861014106697206, -0.8004995509414794, -0.5139808571884524, -0.2868697313278472, 0.22014192655326226, -0.2149715439469319, 0.3496325813881656, 0.08040149857554076, 0.6226957367346322, 0.3904763536415123, -0.5188429670417918, -0.12477132409026187, -0.2132235013819656, 0.018794877120173956], [0.07116411068159527, -0.16176602645734872, -0.19216835007375588, -0.523527212901728, -0.02418813657894782, -0.5851778935200895, -0.5280528824912072, -0.0024943341605760533, 0.10556367028224313, 0.6701713511713698, 0.45547166828156477, 0.5633423483858492, 0.5086864362299199, 0.055158408394793884]], "inverted": false, "swapped": true, "error_lsq": 0.0410237097396844, "error_max": 0.3246326321772058, "target": "220.xyz", "model": "20.xyz", "model_rescale": 4.067790424073018, "target_rescale": 4.0254215626366},
{"mapping": [1, 12, 13, 10, 9, 5, 0, 8, 7, 4, 6, 2, 11, 3, 14], "R": [[-0.3801704822906285, -0.03114066410782529, 0.9243920507197335], [0.8172037715652815, 0.45677464408222634, 0.35147534801609454], [-0.4331840257146959, 0.8890372228216763, -0.14820396858090767]], "T": [-0.05292404891435347, 0.01434529508869107, -0.047472467268228555], "aligned_model": [[-0.09919647056648032, 0.09731419346172974, -0.6962332119515464, -0.4650523447370916, 0.1027200692135385, -0.31978597993770635, 0.6413373003868094, 0.21739438934807026, 0.4899922770446084, -0.0058076735520023876, -0.43232600864839593, 0.2923841762896426, -0.44681794166409, 0.0921486657531085, -0.0810863288445089], [-0.49483997440197314, -0.5146894589718305, -0.21158205232598118, -0.6936605962144554, -0.7436401061452883, 0.2007636512102608, 0.09305888956613304, 0.13641935975975217, -0.3333422086474954, 0.7446957903818281, 0.5852124684687212, 0.6126521612032139, -0.16517408781696294, 0.18003608390644613, -0.05763240258740592], [-0.689262406116592, 0.48597346853178863, -0.2063235280759989, -0.06030785646961645, -0.12015629956430554, -0.5399143695565134, 0.08005548430290117, -0.5344978889816163, -0.4229977260214947, -0.3743374178733098, 0.23131369810307179, 0.22913746586074774, 0.4327906339531541, 0.7742607538022007, -0.036871042625568756]], "inverted": true, "swapped": false, "error_lsq": 0.044456907677478924, "error_max": 0.2584922777902806, "target": "220.xyz", "model": "21.xyz", "model_rescale": 4.186013935880536, "target_rescale": 4.0254215626366},
{"mapping": [5, 2, 9, 8, 4, 7, 0, 3, 11, 12, 1, 6, 14], "R": [[0.7064908080404889, 0.6153975965594753, -0.34950899316486606], [-0.0873802891715606, 0.5659209731474044, 0.8198159166643384], [0.7023072142720674, -0.5486522125178355, 0.4535915855488198]], "T": [0.03164662161070514, 0.12506055678499078, 0.023585246921444435], "aligned_model": [[0.09925052216312963, -0.36906012134819777, 0.49255414302506256, 0.578839637878342, -0.16047789002548882, 0.5703145943651162, -0.28862326541765093, -0.7018560195968535, 0.42286689092896285, -0.5451354057145925, -0.42474391499261505, 0.4182427053814329, -0.03359784122342245], [-0.36098608736346927, 0.07167103485738084, 0.29142587177414403, -0.45462730124561607, -0.3272168805336706, -0.25416544833740723, -0.6741350934418611, -0.0990017403035407, 0.5284196973628206, 0.4968585158234802, 0.13938170710005987, 0.16215187951063093, -0.0008194956568582379], [-0.6204440854500715, -0.5282097575728396, -0.562106147498268, 0.34925458034448004, 0.6158468357701672, -0.2552360610454181, 0.029875115581508026, -0.05243209565705989, 0.07163769870739303, -0.061965645973637726, 0.5508236802524995, 0.5181114131409548, 0.0477240307356378]], "inverted": false, "swapped": true, "error_lsq": 0.046347733295981595, "error_max": 0.3100688188834811, "target": "220.xyz", "model": "22.xyz", "model_rescale": 4.166573947596378, "target_rescale": 4.0254215626366},
{"mapping": [11, 4, 6, 2, 3, 12, 8, 14, 9, 13, 5, 7, 1, 0, 15], "R": [[-0.23741740430808567, -0.706542498511314, 0.6666563387000839], [-0.48487294912347756, 0.6808669685168776, 0.5489247620493529], [-0.8417429532463652, -0.1929193328311786, -0.5042330132786432]], "T": [0.016620745499844568, -0.06912410676754882, -0.12251121000250938], "aligned_model": [[-0.03701153534841225, 0.12725352938473336, -0.743474708132886, -0.4287622826635105, 0.16241859369993475, -0.3220255688568297, 0.7047835991158853, 0.12513553836123645, 0.49338434787413304, -0.08076358721627833, -0.36405353709252664, 0.221087528147671, -0.47110158271452734, 0.031079349905659547, -0.03096457286859785], [-0.6230993458585083, -0.4868009130650343, -0.03580236686970745, -0.538011742175295, -0.6518624312253527, -0.07860035493352832, -0.21105097285014796, 0.38459023675436915, -0.21947910022010256, 0.7608949920303332, 0.5816378495103223, 0.4829245806134676, -0.05866485611301786, 0.08110983935385568, -0.04950789756669065], [-0.6813746462295825, 0.4717614428897518, -0.13839185809690413, 0.06346616167174639, -0.09831028678873442, -0.6834124755765444, 0.2779482658601372, -0.7615304565303194, -0.4549852836940798, -0.2581494283184821, 0.22771435736162132, 0.2834755252546403, 0.3972162142345031, 0.6799702371533993, -0.07653479992230384]], "inverted": false, "swapped": false, "error_lsq": 0.038607406036066716, "error_max": 0.2686983913834608, "target": "220.xyz", "model": "23.xyz", "model_rescale": 4.274766983524099, "target_rescale": 4.0254215626366},
{"mapping": [7, 2, 10, 11, 12, 13, 6, 1, 4, 3, 14], "R": [[-0.11533953902116295, 0.6130291074378675, 0.781595870109558], [0.9919737422268595, 0.11212974982860374, 0.058438120570520946], [-0.05181588048876162, 0.7820628060695036, -0.6210417714549226]], "T": [0.007197198036665575, 0.023565148883034542, -0.08324752178851749], "aligned_model": [[0.35589065634727496, 0.03485899774744079, -0.5572875667744202, -0.40108337320173876, -0.35611280405391843, -0.6035872856666622, -0.007481451803274128, 0.036340580845996895, 0.5000116749772698, 0.24255825305402706, 0.1357870224860791], [-0.18626693793364035, 0.6902718802812579, 0.3949997142974946, -0.3113669660938937, 0.5032327412043497, -0.07290128332909772, -0.5942723796678, 0.016379647598395098, -0.2131658497656722, 0.6290807187022325, 0.05959524594985753], [-0.6715503664887099, -0.23368362461724673, -0.3868477381692992, -0.2812080912009649, 0.2575677183687043, 0.2890290238178447, 0.03272554765969968, 0.6135858977878658, 0.4583545678503055, 0.33143879640319474, -0.029845297389816672]], "inverted": true, "swapped": true, "error_lsq": 0.04682397630709218, "error_max": 0.2264326120580935, "target": "220.xyz", "model": "24.xyz", "model_rescale": 3.7841303162186577, "target_rescale": 4.0254215626366},
{"mapping": [3, 1, 11, 6, 4, 13, 2, 12, 5, 14, 10, 9, 7, 0, 15], "R": [[-0.858356034438754, -0.5126759984640532, -0.019703774802378386], [-0.5127106930917995, 0.8585537525762428, -0.0036330602222609323], [0.018779332573426837, 0.006983876870195086, -0.9997992609178898]], "T": [-0.041974521874698266, -0.004265475194952011, 0.06976503040574082], "aligned_model": [[-0.13789912962200163, 0.22121696070826488, -0.7510104166608855, -0.37558334482768146, 0.2927005895492732, -0.3275132278003247, 0.7056254759836723, 0.29815519306252725, 0.5031539984240149, -0.053904786597314056, -0.43455885021158996, 0.29120064223153064, -0.5893686445640287, -0.18311907316648401, -0.07211027491328793], [-0.487772631657504, -0.450149101681222, -0.04837429088711054, -0.6383806669008449, -0.6625386796232292, 0.16984427152854753, -0.038797196236649095, 0.23981383327299927, -0.3074598063950489, 0.6941420730126234, 0.618243702495589, 0.47134835211189924, -0.05645242083471051, -0.10267163948310146, -0.06251828133727516], [-0.5674328877571911, 0.603576260083834, -0.2213536420384566, -0.02313022856237236, -0.036880649222808176, -0.6374502414777489, -0.023481049250641303, -0.5626185356541816, -0.5468765505217416, -0.306244979701561, 0.32198512102604965, -0.00042404156019859585, 0.41681222784469213, 0.78511417021254, 0.04726799584863459]], "inverted": false, "swapped": false, "error_lsq": 0.04531442029227396, "error_max": 0.30914626129545, "target": "220.xyz", "model": "25.xyz", "model_rescale": 4.19342608120988, "target_rescale": 4.0254215626366},
{"mapping": [3, 1, 12, 7, 2, 0, 9, 8, 13, 4, 6, 14], "R": [[-0.4774296988979623, 0.1239049050979151, -0.8698899109099256], [-0.7656056149733265, -0.5444672632906937, 0.3426418560626493], [-0.4311715724992965, 0.8295799983711152, 0.35480713263837427]], "T": [-0.013649755277966982, 0.07227187863983069, -0.17953714168759063], "aligned_model": [[-0.17750203638513534, 0.435241137635522, 0.1664523272852922, -0.4872972466653934, -0.4687828526470985, -0.4754297421311633, -0.40072315466375913, -0.12590611696114223, 0.6172482031443812, 0.19518979045659018, 0.38659721674549175, -0.06727897118180465], [-0.655547701119814, -0.3386810273619662, -0.5239370983563362, 0.6003824287729262, -0.37070016377050824, -0.21439029337661858, 0.47566976389798243, 0.6673283959445749, -0.08711976484564572, -0.05160215420005862, 0.49705572325553965, 0.014318318900904167], [0.013956432630068571, 0.16118629181355223, -0.4800837774554424, -0.08748188464428466, -0.4335522892895234, 0.4882278567984868, -0.6997216286556779, 0.4326923700212102, -0.4918116275659543, 0.5507242950800654, 0.054448913503136354, -0.05932649102621569]], "inverted": true, "swapped": true, "error_lsq": 0.042685217426485074, "error_max": 0.2474344059887455, "target": "220.xyz", "model": "26.xyz", "model_rescale": 3.795458400668931, "target_rescale": 4.0254215626366},
{"mapping": [0, 7, 8, 4, 13, 2, 5, 3, 9, 6, 12, 11, 14], "R": [[-0.9144621985644483, -0.18025171774567805, 0.3623095439626282], [-0.2599332714520925, -0.4245568138835542, -0.8672866920328351], [0.3101509016412624, -0.8872772002225559, 0.34138773876097905]], "T": [-0.11514380795985141, 0.0505076281312723, -0.05225077646963734], "aligned_model": [[-0.17603681471314866, 0.35941799058752005, 0.6511631478109534, 0.0638997705037318, -0.3162266644038898, -0.6636654480677904, -0.16586700388400838, -0.7304885896902269, 0.024408037025573315, 0.4036854704280249, -0.7594377354881918, 0.1378629931743685, -0.12903877046165943], [-0.7348525425660503, -0.32089258514659624, -0.29847820250554646, -0.19355014555365735, 0.7214714595497935, -0.24515608184004123, -0.6121447446222666, -0.287625674718087, 0.06944021055853444, 0.30939268935554437, 0.2846219366306638, 0.4970066595899284, -0.06735147547530496], [-0.39985327119206043, 0.3331968211949865, -0.23253184614807815, -0.7597956146385733, -0.22639584891663134, 0.22988579122149627, 0.4102472223283324, -0.37009561771946986, 0.6982919676221783, -0.2955266121923582, -0.14338809139480746, 0.18160196998010536, -0.133500208045694]], "inverted": true, "swapped": true, "error_lsq": 0.04826247154031139, "error_max": 0.2713368573171372, "target": "220.xyz", "model": "27.xyz", "model_rescale": 3.6321398670334006, "target_rescale": 4.0254215626366},
