[{"mapping": [6, 1, 7, 2, 13, 8, 10, 11, 12, 5, 3, 9, 4, 14], "R": [[-0.730925724573333, -0.19683553282721472, -0.6534549396657543], [-0.6327647879549911, -0.16321659940507122, 0.7569472008026185], [-0.25564879870874246, 0.9667554575461528, -0.005251383008873123]], "T": [-0.0039163256186232134, 0.0991745984185861, 0.08531846309687788], "aligned_model": [[0.14859621552694136, 0.24540574204705334, -0.4934653219178978, -0.6190038022955343, -0.6513773265632432, -0.0739750840143483, -0.7154441312542164, -0.10069905859467057, -0.2769883078589708, 0.4482483557033077, 0.5694874815738542, 0.2612059153107873, 0.6095933665580933, 0.019908056907147864], [-0.607716839921497, -0.2928996360228685, -0.4784527734429864, -0.18798224224069515, 0.1890646319562872, 0.3804977064346934, 0.3228427619250824, 0.23071757847311447, 0.5368398603400955, 0.11035020135004504, 0.42317847666881314, 0.6804676375636559, -0.10344465672078483, 0.03181062544707959], [0.3225768304810829, -0.4662368057541241, 0.3967144468142433, -0.11726205884650776, 0.44259190907994284, -0.564154072609871, -0.2439574390156468, 0.6960901556455575, 0.05646849882398061, 0.8619717319529643, 0.31587548416290945, -0.19089702986585713, 0.2996825508988531, 0.08812388541230608]], "inverted": true, "swapped": true, "error_lsq": 0.04937806905759022, "error_max": 0.3192635459155814, "target": "221.xyz", "model": "0.xyz", "model_rescale": 3.8414455957264533, "target_rescale": 4.159240581163375},
{"mapping": [2, 6, 8, 4, 5, 3, 10, 12, 9, 7, 13, 1, 0, 11, 14], "R": [[0.6281746432893325, 0.7761596283026159, -0.05452383810284506], [-0.3938227838703664, 0.2567338927451089, -0.8826048511199891], [-0.6710441359798287, 0.5759027172266931, 0.4669430670413654]], "T": [0.02687113560200515, 0.03485196690338482, 0.010145187828364557], "aligned_model": [[0.5014546140620154, -0.109572670751244, -0.7385020560649019, 0.5677078317295882, 0.2088170025425736, 0.4875610783752808, -0.31628067357991807, -0.614577505836805, -0.14228139481400798, 0.362842573155853, -0.40269801727208254, 0.2749798958956347, 0.3726737638814405, -0.31209769606556237, 0.02853946203855122], [0.4369446222460975, 0.4409866496857924, 0.22535147357865476, -0.02083277184018697, -0.07911982611480112, -0.5227771774901404, -0.269902895810138, -0.37661783119271536, 0.6723606242750833, 0.4677680601501845, 0.16701530589092128, -0.7800147331011025, -0.08327183978654365, -0.5775620046280958, -0.05385277692938391], [0.4072556839257028, 0.6631879742770881, 0.05722185863952071, -0.004418906412318735, 0.6332253727820817, 0.3104640117314909, 0.5178386090168068, -0.0289161679869699, -0.164439499998019, -0.3255061960374716, -0.600469416784098, -0.141288611100729, -0.6159416097287169, -0.47597687581505527, 0.024026260404086588]], "inverted": true, "swapped": false, "error_lsq": 0.04959029652708871, "error_max": 0.3456599798923767, "target": "221.xyz", "model": "1.xyz", "model_rescale": 4.316132596720782, "target_rescale": 4.159240581163375},
{"mapping": [10, 12, 13, 1, 2, 8, 6, 0, 11, 9, 4, 14], "R": [[-0.729785231377807, 0.6306666876540759, 0.2639565213179573], [-0.3730553267693768, -0.04379813962196483, -0.9267747548000262], [-0.5729251602363388, -0.7748169151800259, 0.2672368027032848]], "T": [0.029924983910113646, 0.03256119204870258, -0.08802780714758937], "aligned_model": [[-0.27534701390737104, 0.18683081936872206, 0.2108153583325934, -0.5684897008579086, -0.43717368387823047, -0.3457587910107384, -0.1402714583052469, -0.029234754067205153, 0.5659853959086438, 0.1978846078476835, 0.23240402191207463, 0.00016375328876368916], [-0.7200685931816817, -0.41188569613108983, -0.562186717329982, 0.4014461020655415, -0.39308169164657925, -0.1961103978589684, 0.5055399407172081, 0.7153482381877203, -0.07820253850047545, -0.014708170662258054, 0.68195853880584, 0.08472741327570549], [-0.016758606200928367, 0.12363001057332271, -0.49849568385563514, 0.07297126598980225, -0.40814886719044763, 0.4709323887514243, -0.6594920563042762, 0.42426730478164254, -0.4043870082236972, 0.5857982613762105, -0.11421926151283295, -0.1268392869751641]], "inverted": true, "swapped": true, "error_lsq": 0.05085399735261473, "error_max": 0.2854150593005073, "target": "221.xyz", "model": "2.xyz", "model_rescale": 3.795458400668931, "target_rescale": 4.159240581163375},
{"mapping": [0, 3, 9, 13, 1, 2, 12, 6, 11, 7, 8, 14], "R": [[-0.5480474345432693, -0.6215426460033017, 0.5597577589366276], [-0.7832679168795501, 0.6161572119510819, -0.08271433097015338], [-0.2934882959807962, -0.48377167068761306, -0.8245177928719334]], "T": [0.04546804224829453, -0.02165065943279153, 0.062213735098218204], "aligned_model": [[-0.23349550253214557, -0.22024016428815751, -0.6311311347302251, 0.23450798251150862, 0.09238974681714107, 0.2985714042048034, -0.306614618998126, 0.7478862736651766, 0.22920172353990528, 0.7704526148477089, -0.48998673966478995, 0.10176224037076517], [-0.17355952020590812, -0.6026976178129027, -0.12889646629861018, -0.008900221684380701, 0.4219465696406419, 0.5459294407948685, -0.006198896605295486, -0.05264871601628768, -0.5028669769071875, 0.16975870609520793, 0.4374305193338524, -0.01352777504428946], [-0.7322970234076183, -0.21834028879604372, -0.06106760642709255, 0.782652218523928, -0.5044579205666542, 0.40224614673704434, 0.44003717546581206, -0.22915349428805548, 0.4287997462581261, 0.3909064235743288, -0.029427648554512714, 0.01887370211983802]], "inverted": false, "swapped": true, "error_lsq": 0.04735805128710439, "error_max": 0.26724910933992346, "target": "221.xyz", "model": "3.xyz", "model_rescale": 3.7530521520055578, "target_rescale": 4.159240581163375},
{"mapping": [0, 1, 8, 2, 9, 6, 3, 4, 5, 11, 14], "R": [[0.37648640924990173, -0.003165710203525518, 0.9264167323235386], [0.6763840023917105, 0.6842719228885654, -0.27253736781394966], [-0.6330581844970387, 0.7292200722863383, 0.25976031493671453]], "T": [0.1413798063720651, 0.022633087747467057, -0.01549045574491942], "aligned_model": [[-0.5211587183574282, -0.20229037319066856, 0.4010886586221887, 0.5706104902309099, 0.20631600246874562, -0.3452079364928667, -0.23700649779431404, -0.5147198581566599, -0.3322209525581068, 0.22389082574709973, 0.08889796192630595], [-0.4971762475271061, -0.06761363957972547, -0.4738971683310701, 0.4149671312165658, -0.6659179272204553, 0.5974397746529835, -0.36467960519427534, 0.002144697828277531, 0.1909667381667189, 0.2674544834247048, 0.06351512087772773], [-0.1670993766237622, -0.643059774004896, -0.45352528567360545, -0.4200464362251245, 0.06304099508675837, -0.12538474532050287, 0.42466822233877194, 0.16482627440231246, 0.7295828268508153, 0.5615424110166368, -0.04171433460208769]], "inverted": true, "swapped": true, "error_lsq": 0.05019164819792843, "error_max": 0.21190156630153276, "target": "221.xyz", "model": "4.xyz", "model_rescale": 3.7855080009869324, "target_rescale": 4.159240581163375},
{"mapping": [5, 7, 11, 3, 10, 9, 8, 13, 4, 0, 1, 14, 1, 12, 16], "R": [[0.29285224576362207, -0.16103846909678465, -0.9424988984726548], [-0.9209457416287837, 0.21753324637133037, -0.3233237196664669], [0.25709240192392524, 0.9626764244511832, -0.08460259262500688]], "T": [-0.020472816421677052, -0.10054904828626342, 0.0861695458791188], "aligned_model": [[0.5093337186656274, -0.08733000192200838, -0.6980056389291424, 0.6729952743675657, 0.312730096898912, 0.541602365583561, -0.3503534770536432, -0.6475431053626021, -0.14078247389680354, 0.3837294696540953, -0.06203992583138508, 0.10660108989120012, -0.06203992583138508, -0.31466805467945663, 0.004336795741880589], [0.47679274081252343, 0.47484430936154143, -0.042777961549138974, -0.07544856607804377, -0.09666686389153001, -0.5139486168106404, -0.2678206465706973, -0.4601170634354171, 0.6130507986511177, 0.42276651128115383, 0.2034668828361747, -0.7281743984731287, 0.2034668828361747, -0.41703380154822944, -0.14592532848823506], [0.2888632521413026, 0.5613769454402666, -0.32619922629285275, 0.05636051621899758, 0.7341857657943939, 0.22789571060066932, 0.6849256198458127, 0.13476310599403069, -0.06647916402211838, -0.327636230260212, -0.6058928993008291, -0.13208727685517796, -0.6058928993008291, -0.4395222133765441, 0.07160148028648887]], "inverted": false, "swapped": false, "error_lsq": 0.04752569524927936, "error_max": 0.4019714147966625, "target": "221.xyz", "model": "5.xyz", "model_rescale": 4.2253639853439635, "target_rescale": 4.159240581163375},
{"mapping": [2, 6, 11, 13, 7, 3, 12, 10, 4, 1, 5, 9, 8, 14], "R": [[-0.6272659495573323, 0.7136900696288839, -0.3117433448191918], [0.3696041547324012, 0.6251330232505019, 0.6874601603338444], [0.68551454932079, 0.3159987147992959, -0.655907474354964]], "T": [0.047642476607513286, 0.018291937796411396, 0.05665671911602439], "aligned_model": [[0.5538986029457347, -0.20263738527517497, -0.4280653278963034, 0.07705415562588855, 0.06342761897974471, -0.4623394525704563, 0.19523208207736947, 0.6894450509098408, -0.4460578638401045, 0.40489934857336607, -0.8504336374413964, 0.11880890567004146, 0.6250127408567632, 0.03581731414247033], [-0.34434607231487285, 0.15705773039406953, -0.39670986399263714, -0.7245979400004824, -0.44520866879872906, 0.3248543533321348, -0.2778801660599287, -0.45568021412971776, 0.4639825943931543, 0.5798776714894539, 0.003963508174651027, 0.27424327333782084, 0.23617458439306133, 0.049368356417012774], [-0.28102498181044155, -0.648574561557014, 0.09112558432391518, 0.009967708819502666, -0.6180262257868874, 0.4211630928321467, 0.45345755413354943, 0.22447131945940368, -0.08832769229239713, -0.22098676537598266, 0.024686691901873628, 0.7000156016657627, 0.4102613367922336, -0.00665045417421585]], "inverted": false, "swapped": true, "error_lsq": 0.05026111496129975, "error_max": 0.3047896194277927, "target": "221.xyz", "model": "6.xyz", "model_rescale": 3.89814844738969, "target_rescale": 4.159240581163375},
{"mapping": [11, 3, 4, 13, 6, 9, 12, 7, 10, 8, 1, 2, 14], "R": [[-0.16675073916688593, -0.40026889353370637, 0.9010987758601161], [0.35241755968325145, 0.8293301769590351, 0.4336050290437111], [-0.9208670124476168, 0.38986699072170505, 0.0027703666549405426]], "T": [-0.04366847778191959, 0.1260731501474309, -0.08756116578918806], "aligned_model": [[0.019766485540783453, -0.01697019570248188, 0.44211683681036273, -0.2469438856874058, 0.7012769590563166, -0.5329777432021258, -0.5330312957269263, 0.3676814778983343, -0.6255651539546191, -0.5375187195160727, 0.1949908489193306, -0.10820889868712691, 0.024015085155852954], [-0.3713874982441019, 0.3760610539461008, 0.3999162907354016, -0.580587898165316, 0.043853494130864895, 0.5262303185130152, -0.03255925452567918, -0.4569656212018751, -0.13464036743639649, 0.5459467472774489, 0.681087789475316, -0.17200285146628072, 0.1388290624319877], [-0.47255651920639613, -0.7384991266389238, -0.477975342743061, 0.03176842993886235, 0.04489010071066281, -0.37900083694973297, -0.13563716829139802, 0.31385640263798625, 0.42052013211422823, 0.20515643966249142, 0.3062628929546695, 0.5518258487054806, -0.06833622205857327]], "inverted": false, "swapped": true, "error_lsq": 0.051904863668207527, "error_max": 0.39282942993892467, "target": "221.xyz", "model": "7.xyz", "model_rescale": 3.7474275329858107, "target_rescale": 4.159240581163375},
{"mapping": [13, 1, 0, 13, 12, 11, 10, 6, 2, 4, 3, 9, 8, 5, 14], "R": [[0.7789730437834497, 0.21268504447014425, 0.5898864881631728], [0.5975995387674543, 0.033145873747635446, -0.8011093198299668], [-0.18993627437557603, 0.9765584585227036, -0.10128074231603608]], "T": [-0.03394790046981111, -0.06820992282457515, 0.0591022065657124], "aligned_model": [[0.7609032676832541, -0.28544368338364695, -0.6514042195191238, 0.7609032676832541, 0.20974089023079684, 0.3064873710651492, -0.3537076134706423, -0.748630242635874, -0.03669992000998523, 0.5235699607555898, -0.5462608153791544, 0.3318132271697659, 0.16305454209882936, -0.2621909664886781, -0.003568858503118621], [0.24622028934340456, 0.5920443030197666, 0.08028257039670479, 0.24622028934340456, -0.022193943464213654, -0.5364087359252937, -0.5306435892862119, -0.4406638063234768, 0.6865960572814691, 0.34058361719776176, 0.06505593285336829, -0.6311969929685518, 0.024214848249724516, -0.45686991090607243, -0.016766049878158787], [0.3374133469361183, 0.3152585035429648, 0.23491719782061982, 0.3374133469361183, 0.624027796116883, 0.2857597740455195, 0.5681917760451275, -0.07297865071634026, -0.313523416056311, -0.3073504123309008, -0.42454045688751313, -0.3009044551044917, -0.5873171736901532, -0.4975574565145985, 0.05745276677035645]], "inverted": false, "swapped": false, "error_lsq": 0.06208824263359, "error_max": 0.42498119991820466, "target": "221.xyz", "model": "8.xyz", "model_rescale": 4.019505241142653, "target_rescale": 4.159240581163375},
{"mapping": [2, 1, 6, 7, 13, 11, 4, 10, 12, 9, 0, 3, 14], "R": [[-0.35126306078597536, 0.918400338739167, 0.18208536440650955], [-0.6840870769090261, -0.11896760965190684, -0.719632947452919], [-0.6392488821525872, -0.37734271644950923, 0.6700547298610563]], "T": [0.011672343629600549, -0.06411879517366487, 0.051714918326339225], "aligned_model": [[-0.22009461525476628, -0.6201752331956384, 0.08825879678778896, 0.21545676550334406, 0.40736847048179403, 0.6400333557089165, 0.15206649878525358, -0.23231728752322625, 0.08723562145740595, -0.14732748198423604, -0.33033440596957536, 0.280302321631302, -0.0007720346871868226], [-0.6616697585143618, 0.18476358771241186, 0.16787756127969972, -0.477357355443402, -0.6930569968457547, -0.1335727488915323, 0.5778895253617322, -0.8127861086267616, -0.377759742635693, 0.12801149890755226, 0.7046914917178946, 0.4903864910681384, -0.034039216975864935], [-0.2500257749073401, -0.19102591565975358, -0.6690897150411355, -0.6250308691628916, -0.0011206260532025183, 0.044566475535647763, -0.12581103653273176, 0.26311075302470305, 0.4552877822989839, 0.7015544401297037, 0.20697738216644074, 0.3792646117097395, -0.01195401346428484]], "inverted": true, "swapped": true, "error_lsq": 0.0467936026640694, "error_max": 0.2915249183769483, "target": "221.xyz", "model": "9.xyz", "model_rescale": 3.877068213659057, "target_rescale": 4.159240581163375},
{"mapping": [14, 13, 5, 9, 2, 8, 7, 1, 6, 10, 12, 8, 11, 0, 15], "R": [[0.4085166679940231, -0.843152041752193, -0.34958370451176546], [-0.5863695688440308, 0.05108525338052028, -0.808431212671006], [0.6994889997024446, 0.53524287139219, -0.4735295216975572]], "T": [-0.07136310772602722, 0.10313982963524841, 0.08442887525658044], "aligned_model": [[0.5682203335973848, 0.030769933294355456, -0.7897474898021735, 0.5580720327264015, 0.21466793010944446, 0.262895512370554, -0.19017039111411674, -0.611269673107256, -0.1287302320024838, 0.4585171953668192, -0.3507300810734063, 0.262895512370554, 0.2511938318109312, -0.273335801948262, -0.09468240530233069], [0.4999227444364617, 0.7023499444025068, -0.08255365589796264, -0.05847001999006847, 0.015371676272854226, -0.5910096417979267, -0.5334390440522094, -0.5761287910773376, 0.672291083130752, 0.3968017944379561, 0.24635280950884392, -0.5910096417979267, -0.12338085213797607, -0.38276824567142326, 0.05214471916708109], [0.2918364130784737, 0.562084165456751, -0.1614110142286904, 0.19992330961324908, 0.6767449687401386, 0.04258844016956359, 0.5813581825081835, 0.08314366052725536, -0.1459630491279221, -0.2846243651875657, -0.5935381979202663, 0.04258844016956359, -0.5395107674567581, -0.5129540913353434, 0.013996391906766326]], "inverted": true, "swapped": false, "error_lsq": 0.05324466164517815, "error_max": 0.375719335404008, "target": "221.xyz", "model": "10.xyz", "model_rescale": 4.260839863003843, "target_rescale": 4.159240581163375},
{"mapping": [0, 8, 2, 1, 7, 6, 4, 3, 12, 13, 11, 14], "R": [[0.9512828509682699, 0.1714649110510696, -0.25624348134524194], [0.2850178590740466, -0.8060050942599771, 0.5187683568181589], [-0.11758298117724125, -0.566529409920804, -0.8156093858166779]], "T": [0.05112407497941746, -0.03541326680154503, -0.0003284279336307136], "aligned_model": [[0.48008620252994677, 0.19414135189080264, -0.5463217013396059, -0.17384010722810256, -0.6760257683225477, -0.4275683206249338, 0.24506011432934524, 0.657645665632892, 0.2561520126887428, -0.2112634746316, 0.15161510947217519, 0.00921756469701595], [-0.0002213577332803654, -0.7145536866686755, -0.34889497992467405, -0.27515014033465685, 0.2391324893299546, 0.469760553103508, 0.45595414598933065, 0.27311047940897176, -0.316714823415072, -0.012575718381590141, 0.4038215409516249, -0.0005899967925073746], [-0.739853498058254, -0.15582712238698324, 0.21558424624042477, -0.6422117985918153, 0.25688119932155357, -0.30838705185464993, -0.4296855582757742, -0.15483291745502367, 0.38148892162177045, 0.6964940037299348, 0.44316548303621456, -0.04663782993189306]], "inverted": false, "swapped": true, "error_lsq": 0.04724515782361541, "error_max": 0.25852972893244697, "target": "221.xyz", "model": "11.xyz", "model_rescale": 3.890672605050136, "target_rescale": 4.159240581163375},
{"mapping": [4, 6, 7, 5, 11, 9, 1, 3, 0, 8, 13, 2, 12, 14], "R": [[0.233494735040852, -0.9578634131406851, 0.1672659274170325], [-0.8577743563118416, -0.28392255594024735, -0.42849869997721485], [0.4579337969204811, -0.04342423280651894, -0.8879250946128042]], "T": [0.026347857462227904, 0.049616338336634, 0.13094804134365154], "aligned_model": [[0.32132333819307735, 0.3699425987260677, 0.36690769703035164, 0.8324156101305744, 0.6022959645155288, -0.30051740029696533, -0.4420070174686755, 0.2624311368327974, -0.2147609508564039, -0.6588567899474125, 0.30748198503409224, -0.1909269059807918, -0.08625511281426596, 0.040401681695719296], [-0.47611284613543153, 0.10248578481717044, 0.6904024480391306, -0.34759427663059717, 0.14031431288629276, -0.3741861364299355, -0.11584237793431312, -0.576067588110922, -0.7345630060332938, 0.00820418887350003, 0.6681470548321334, 0.7071614041815165, 0.19514298756137285, 0.04466056991114162], [-0.18527807625120665, -0.5461003979158185, -0.24811820149830113, 0.14665150039715244, 0.37542742455832434, 0.5759614840600916, -0.3918942271022633, 0.33022495564549803, -0.11210258114905869, 0.3170800386311162, 0.43642084888010513, -0.018238709163466593, 0.613746213322766, 0.061010162941922394]], "inverted": false, "swapped": true, "error_lsq": 0.05793572298545525, "error_max": 0.37132584161677373, "target": "221.xyz", "model": "12.xyz", "model_rescale": 4.124412569039231, "target_rescale": 4.159240581163375},
{"mapping": [4, 9, 8, 5, 1, 6, 11, 7, 12, 13, 2, 10, 14], "R": [[0.7151764803008619, -0.6982241284455555, -0.03171227650162367], [-0.3431576944312077, -0.39029259361863194, 0.854350331022994], [-0.6089050819110717, -0.600128950995439, -0.5187290655052841]], "T": [0.09087633722384812, 0.12803848634213275, 0.09454631493882988], "aligned_model": [[-0.24318861581303464, 0.020355670076128582, 0.5714553432325438, -0.7441468515165652, 0.6151941336251795, 0.08808680262095654, -0.44537967506722764, 0.2117165031570321, 0.0564885528205733, -0.012088909528899308, 0.592993627857304, 0.5516025941861045, 0.10420913185966216], [-0.26443373520164615, 0.6872925174092873, 0.5961287471412305, -0.19427511659592991, -0.1309281230981116, -0.632576973471253, 0.09275757120978387, -0.38640097889032976, 0.6054533888347741, 0.25567534941836445, 0.06312318195545707, 0.5964334365730959, 0.05923611122375472], [0.5392561411807649, 0.5028944051593787, 0.3307682912616814, 0.17589930374419788, 0.5165937730606835, 0.06802359847579394, -0.23846608682995635, -0.5307766017092158, -0.0999890303787223, -0.6321154153204686, -0.40092795550954274, -0.3882159164076899, 0.10875357424093426]], "inverted": true, "swapped": true, "error_lsq": 0.053803151760815585, "error_max": 0.4275760054693899, "target": "221.xyz", "model": "13.xyz", "model_rescale": 3.9028299243045295, "target_rescale": 4.159240581163375},
{"mapping": [14, 11, 2, 10, 9, 7, 6, 3, 12, 13, 8, 4, 5, 0, 15], "R": [[0.181275737270279, -0.010441645926261955, 0.9833768754183044], [0.6182803854444285, 0.7788170385555028, -0.10570423563096099], [-0.7647669396958828, 0.6271642468173607, 0.1476364977307675]], "T": [-0.08471863071068525, -0.01276948771377586, 0.006361073693162578], "aligned_model": [[0.5823471314019752, -0.028122905995777027, -0.8082323447856492, 0.6426358103960401, 0.20880976682286362, 0.41915483580149987, -0.35629320402526965, -0.30719607169360946, -0.10853351329074186, 0.4655781836266755, -0.3979384081731569, 0.19807041418432308, 0.1330325326028339, -0.4415013728566285, -0.03324464671896314], [0.4364787168777706, 0.5350592199587222, 0.006256689835152242, -0.17479994534568818, -0.06423802603567474, -0.5999957352137141, -0.24299752355865525, -0.591163248879673, 0.6618793753639525, 0.4769206368246987, 0.20537224722163852, -0.5280073229463469, 0.08626489547391913, -0.5132530306976318, -0.04730206994484447], [0.37548161290939197, 0.49884185436566886, -0.12897436020761674, 0.013726523502274865, 0.7219290480101079, 0.47742881810929805, 0.5699660460711993, 0.07458050300921423, -0.1625236558607941, -0.29368617234465666, -0.6650662969459491, -0.3311646336461919, -0.44627393984135694, -0.5499110785433816, 0.10190821832619072]], "inverted": false, "swapped": false, "error_lsq": 0.04477628452051054, "error_max": 0.35371454700328636, "target": "221.xyz", "model": "14.xyz", "model_rescale": 3.942246331269136, "target_rescale": 4.159240581163375},
{"mapping": [7, 8, 12, 9, 6, 10, 11, 13, 0, 2, 1, 4, 5, 3, 14], "R": [[0.4898557398001775, 0.702948313930186, -0.515659793010401], [-0.857114623621273, 0.2802027443503082, -0.43225101970165347], [-0.1593608363412547, 0.6537201924380679, 0.7397662021472401]], "T": [0.01983036636356024, -0.10103178556510903, 0.03103864239520791], "aligned_model": [[0.47885131167700773, -0.21377363386405196, -0.7355429271066664, 0.8205367080683569, 0.27888987465963805, 0.43017287003004834, -0.14360994213242412, -0.7068006041977509, -0.07495458681159413, 0.3738922813189013, -0.2952483368107485, -0.11822874964725792, 0.2855961116769981, -0.2034048630806506, -0.007809306483390337], [0.5557531501944244, 0.38079834035498195, -0.011895793875100757, -0.056257458097993596, 0.0009735293690031205, -0.6614191456934975, -0.3731893574543076, -0.3995366595101696, 0.6239497076344741, 0.49393109265247404, 0.1675201217749571, -0.670292111865681, 0.016039441962320544, -0.4029789648107236, -0.016921013701536397], [0.3292211838893967, 0.5897065465397705, -0.2681974193689619, 0.10193941873757727, 0.5160875844876609, 0.19408940852715792, 0.6739449701589524, 0.24039985981019749, -0.047288428518646244, -0.2903758136591092, -0.6655578833287056, 0.0076647614790579625, -0.5332684145271097, -0.5817760635161742, -0.01032722379766533]], "inverted": false, "swapped": false, "error_lsq": 0.047291057819602925, "error_max": 0.3421059161347564, "target": "221.xyz", "model": "15.xyz", "model_rescale": 4.355366556412066, "target_rescale": 4.159240581163375},
{"mapping": [10, 12, 13, 1, 2, 8, 6, 0, 11, 9, 4, 14], "R": [[-0.729785231377807, 0.6306666876540759, 0.2639565213179573], [-0.3730553267693768, -0.04379813962196483, -0.9267747548000262], [-0.5729251602363388, -0.7748169151800259, 0.2672368027032848]], "T": [0.029924983910113646, 0.03256119204870258, -0.08802780714758937], "aligned_model": [[-0.27534701390737104, 0.18683081936872206, 0.2108153583325934, -0.5684897008579086, -0.43717368387823047, -0.3457587910107384, -0.1402714583052469, -0.029234754067205153, 0.5659853959086438, 0.1978846078476835, 0.23240402191207463, 0.00016375328876368916], [-0.7200685931816817, -0.41188569613108983, -0.562186717329982, 0.4014461020655415, -0.39308169164657925, -0.1961103978589684, 0.5055399407172081, 0.7153482381877203, -0.07820253850047545, -0.014708170662258054, 0.68195853880584, 0.08472741327570549], [-0.016758606200928367, 0.12363001057332271, -0.49849568385563514, 0.07297126598980225, -0.40814886719044763, 0.4709323887514243, -0.6594920563042762, 0.42426730478164254, -0.4043870082236972, 0.5857982613762105, -0.11421926151283295, -0.1268392869751641]], "inverted": true, "swapped": true, "error_lsq": 0.05085399735261473, "error_max": 0.2854150593005073, "target": "221.xyz", "model": "16.xyz", "model_rescale": 3.795458400668931, "target_rescale": 4.159240581163375},
{"mapping": [11, 3, 4, 13, 6, 9, 12, 7, 10, 8, 1, 2, 14], "R": [[-0.16675073916688593, -0.40026889353370637, 0.9010987758601161], [0.35241755968325145, 0.8293301769590351, 0.4336050290437111], [-0.9208670124476168, 0.38986699072170505, 0.0027703666549405426]], "T": [-0.04366847778191959, 0.1260731501474309, -0.08756116578918806], "aligned_model": [[0.019766485540783453, -0.01697019570248188, 0.44211683681036273, -0.2469438856874058, 0.7012769590563166, -0.5329777432021258, -0.5330312957269263, 0.3676814778983343, -0.6255651539546191, -0.5375187195160727, 0.1949908489193306, -0.10820889868712691, 0.024015085155852954], [-0.3713874982441019, 0.3760610539461008, 0.3999162907354016, -0.580587898165316, 0.043853494130864895, 0.5262303185130152, -0.03255925452567918, -0.4569656212018751, -0.13464036743639649, 0.5459467472774489, 0.681087789475316, -0.17200285146628072, 0.1388290624319877], [-0.47255651920639613, -0.7384991266389238, -0.477975342743061, 0.03176842993886235, 0.04489010071066281, -0.37900083694973297, -0.13563716829139802, 0.31385640263798625, 0.42052013211422823, 0.20515643966249142, 0.3062628929546695, 0.5518258487054806, -0.06833622205857327]], "inverted": false, "swapped": true, "error_lsq": 0.051904863668207527, "error_max": 0.39282942993892467, "target": "221.xyz", "model": "17.xyz", "model_rescale": 3.7474275329858107, "target_rescale": 4.159240581163375},
{"mapping": [8, 2, 1, 13, 9, 3, 0, 6, 12, 4, 11, 7, 5, 14], "R": [[-0.0653474765027946, 0.8610437843604091, 0.5043146921605816], [-0.564369182078662, -0.44868812782537304, 0.6929403944557021], [0.8229320346386929, -0.23933776418038846, 0.5152672132035514]], "T": [0.03539029368835997, -0.08261274418945813, -0.05646266598073398], "aligned_model": [[0.47404973932688266, 0.01043827584163011, 0.7255611682814798, -0.5846095609859367, 0.22459523683553703, 0.007439184773084695, 0.6599974496687374, 0.10311449202663067, -0.18708063825115784, 0.18804327804850696, -0.5624561852433111, -0.2859061902027531, -0.42113918616206714, 0.06280058392561318], [-0.5382540412343997, 0.1617401593578786, 0.1181143534991371, -0.03262405194669643, -0.7313689265776511, -0.35194702363750435, -0.22146611174606984, 0.6545968557396562, -0.4958669231505897, 0.1442345842452448, -0.024534994551794406, 0.5837336455122453, 0.11266171785798842, -0.018611001856211673], [-0.38178465193995925, -0.7209170122727924, -0.11536690565941138, -0.46637923301595596, 0.1102805613130971, 0.5866584428405103, 0.5116305919405929, 0.1201231557343782, -0.27251631077564853, 0.5669457258741998, 0.1408165170283852, -0.40721915921693014, 0.6926813866955641, -0.04015838988437513]], "inverted": false, "swapped": true, "error_lsq": 0.053074883240600716, "error_max": 0.3394791068200933, "target": "221.xyz", "model": "18.xyz", "model_rescale": 3.922800546911778, "target_rescale": 4.159240581163375},
{"mapping": [0, 5, 8, 9, 3, 7, 12, 13, 1, 2, 6, 11, 10, 4, 14], "R": [[0.6863634076400241, 0.6050784832905903, -0.40346660544775304], [-0.4998678806518434, -0.01045585622043652, -0.86603855397051], [-0.5282398835239616, 0.7960971700298001, 0.2952827819652464]], "T": [-0.069404624819522, 0.010146623908050368, 0.018725568375241145], "aligned_model": [[0.319057719631997, -0.34032244472850093, -0.6748351106058764, 0.7086743484738285, 0.34497639337021213, 0.3060694441843431, -0.229120594268706, -0.40493227040893354, -0.0898373108497765, 0.5499540056042532, -0.35844017362120606, 0.11532451997486476, 0.2679529879302158, -0.33537092521471634, -0.01058438217558337], [0.5864389507708914, 0.4481315452797138, 0.09871472821432294, -0.19331617428649966, 0.021011261921251724, -0.5949736467265927, -0.24011398011814228, -0.5867145903803601, 0.718333001606761, 0.28041616568734057, 0.2484958120147384, -0.6216154021472923, -0.12232408018765893, -0.3408958724236847, -0.05511284029116395], [0.4828664916077434, 0.58202518997332, 0.019246914431941046, -0.1075249246320853, 0.5058801382911833, 0.38074725368068313, 0.7470623611722725, 0.07342142510658559, -0.1958381371283084, -0.2189259085690102, -0.5604254378147709, -0.2532955673234168, -0.7018589172608922, -0.555642111700372, 0.05852371707852601]], "inverted": false, "swapped": false, "error_lsq": 0.05067178439134159, "error_max": 0.32286743832488024, "target": "221.xyz", "model": "19.xyz", "model_rescale": 3.9282355846067225, "target_rescale": 4.159240581163375},
{"mapping": [1, 0, 9, 4, 6, 3, 11, 12, 7, 2, 8, 1, 10, 14], "R": [[0.289276863188167, 0.028586089626210842, -0.9568185470108204], [-0.5126942441362818, -0.8394726457093147, -0.18008411683247], [-0.8083708978269453, 0.5426495301625962, -0.2281840900693397]], "T": [0.031419374919689304, -0.025991030680616964, -0.019834028118020746], "aligned_model": [[-0.4506823724815916, -0.29862697892516205, 0.44192081402223443, -0.3949287606381419, -0.6656992900217951, 0.10237501388229595, 0.2161072214683635, 0.5408262323371995, -0.28268185095908166, 0.012236469885264313, 0.28975526428306636, -0.4506823724815916, 0.5122266290133198, -0.039623200299703946], [-0.4372984872362985, -0.7666816770871021, -0.5770404169656732, -0.21792368825429342, 0.2647590335349742, -0.3517578069239434, 0.40994148185499263, -0.00830072111817308, 0.6953691404408807, 0.33422110487246737, -0.5127279232175366, -0.4372984872362985, 0.14547225431841904, -0.01785171955757945], [0.324405706179997, -0.29294769917649605, -0.13082745547384814, -0.5145963845582041, -0.11330638150574644, -0.6328334440902524, -0.43883970501789527, 0.06468352023523581, 0.20657043870553274, 0.5898460162722897, 0.42984948400965733, 0.324405706179997, 0.6158912361111671, -0.020117880627751578]], "inverted": false, "swapped": true, "error_lsq": 0.048459775694881725, "error_max": 0.367862677696991, "target": "221.xyz", "model": "20.xyz", "model_rescale": 4.067790424073018, "target_rescale": 4.159240581163375},
{"mapping": [10, 13, 6, 9, 1, 7, 5, 4, 11, 12, 3, 0, 3, 2, 14], "R": [[-0.8952026837345624, -0.4330871367135168, 0.10510797804032426], [-0.24467295089908142, 0.2804885297321561, -0.9281494124261619], [0.3724879892463291, -0.8565989240607191, -0.35705879230911775]], "T": [-0.03892598114956646, -0.08453644137140438, 0.08057785975033849], "aligned_model": [[0.4072332580057518, -0.12537985619140604, -0.7230684306260067, 0.7086568615103823, 0.40285329680615917, 0.5210227528255637, -0.31932911052681706, -0.6652834521171193, -0.06250949169402818, 0.49412255957077333, -0.1319061677017854, 0.20228768567957855, -0.1319061677017854, -0.4207011056378216, 0.012473575094976423], [0.5098180937163713, 0.42481729450163574, 0.11918632478565096, 0.06093212290993645, -0.1623988367267298, -0.551288847172832, -0.19500026635186568, -0.5728199669096904, 0.5283991197415352, 0.2727475335669841, 0.1423083542023142, -0.5901525362964016, 0.1423083542023142, -0.4535105309322602, -0.028871334303337354], [0.42550022998835363, 0.5530268033618417, -0.1143658399915769, 0.23552523673777304, 0.7676539968976476, 0.23952302075568258, 0.5881583452538859, 0.18887380606095588, -0.12383855332041588, -0.33801655180556, -0.7340638653538036, -0.3560299287837113, -0.7340638653538036, -0.44079322411761745, 0.09917287658374732]], "inverted": true, "swapped": false, "error_lsq": 0.04797062992952135, "error_max": 0.35257898335166554, "target": "221.xyz", "model": "21.xyz", "model_rescale": 4.186013935880536, "target_rescale": 4.159240581163375},
{"mapping": [9, 12, 3, 1, 2, 0, 8, 10, 5, 11, 13, 6, 14], "R": [[-0.3667170746163325, -0.16450680802381393, -0.9156724836417524], [-0.3358240279570581, 0.9412884931044073, -0.03461495335734774], [0.8676063677910256, 0.2948109273128293, -0.40043190145817975]], "T": [0.018359752089892413, -0.028526046925957806, 0.05581917362098593], "aligned_model": [[0.020940986720611128, -0.41536849688440736, 0.37908777759159545, 0.44604771090969697, -0.3975241818211776, 0.7482937406020911, -0.12748419811518139, -0.6983502802863106, 0.37293029380681203, -0.1626832374396919, -0.6242010511546029, 0.44803136837750707, 0.06885360311628322], [-0.26270607708364396, -0.0655775619258356, 0.25917780625006165, -0.5700533513824448, -0.29061247376732496, -0.27811132366827196, -0.6720330230663386, -0.408105889686676, 0.7828498331621736, 0.5761038191837371, 0.27665369230527703, 0.19733048978142118, -0.025959280556041294], [-0.5996497037864141, -0.2224944995859645, -0.4676583938756285, 0.26540949244292555, 0.5658993451168222, -0.31438059505467125, -0.20968752915013128, 0.13929226947850526, -0.09818409036542972, 0.01895897322705027, 0.2769779898024278, 0.642008768105863, 0.10638753497999129]], "inverted": true, "swapped": true, "error_lsq": 0.05403154749936313, "error_max": 0.3836988620291207, "target": "221.xyz", "model": "22.xyz", "model_rescale": 4.166573947596378, "target_rescale": 4.159240581163375},
{"mapping": [4, 0, 10, 2, 1, 6, 5, 13, 8, 3, 9, 12, 9, 14, 15], "R": [[0.5104317145232129, -0.26279011527792406, -0.8187800804374206], [-0.5003824176136631, -0.8651257641404932, -0.03427606108399328], [-0.6993403327079022, 0.427198744769391, -0.5730831802761773]], "T": [0.05492202154664686, -0.02736415778447127, -0.05003110699496133], "aligned_model": [[0.3876443323139989, -0.056418016223294086, -0.690718236458533, 0.6862992935773231, 0.298149349579394, 0.391076162511852, -0.3199461902154571, -0.6297869397490683, -0.13844542090262082, 0.49596353288328926, -0.05415192551201658, 0.2072169706772041, -0.05415192551201658, -0.4163697988278172, 0.062205019154178025], [0.5631809644472983, 0.41379418143684454, -0.057323119043818704, -0.058500389518886656, -0.06146957076334085, -0.5866853966958152, -0.3222347231927816, -0.4814929542998896, 0.7535670306675237, 0.3032270623643542, 0.1634438864439675, -0.6029490600576656, 0.1634438864439675, -0.5031791677362268, -0.040347751561905516], [0.2335281211928934, 0.628009067746103, -0.11378296489971818, 0.1806255959763025, 0.6191298217589019, 0.3414631805514705, 0.6308412412961197, 0.15430639174803756, -0.13270305704314833, -0.2900696090200855, -0.6087298904309522, -0.3236907934189859, -0.6087298904309522, -0.4712933288627436, 0.01735860075015616]], "inverted": false, "swapped": false, "error_lsq": 0.04864475096567825, "error_max": 0.4126854407944454, "target": "221.xyz", "model": "23.xyz", "model_rescale": 4.274766983524099, "target_rescale": 4.159240581163375},
{"mapping": [2, 11, 12, 8, 3, 0, 1, 4, 6, 5, 14], "R": [[-0.6414267927402825, -0.6845087058391512, 0.3464383079067975], [0.5278276619960329, -0.7214557656153774, -0.44821818068004726], [0.5567491614602724, -0.10463942799318052, 0.8240636876616658]], "T": [-0.04193846988241646, 0.09025673763308215, -0.1366118108464383], "aligned_model": [[0.3127920849039209, 0.19712217696269746, -0.2946568153657741, -0.5593687058172905, -0.3957040279142303, -0.5064021361141607, -0.10578091556120126, -0.008244356021932943, 0.5703236352080546, 0.16680445324800813, 0.003009310429983446], [-0.2072181454045309, 0.6750571456201696, 0.3228457963655992, -0.28912315884513284, 0.43346924262659414, -0.20729151947528426, -0.5976086866296568, 0.1255122826211746, -0.11298181555841008, 0.718931346416173, 0.05399404350678816], [-0.6728071581181019, -0.11271613402300851, -0.5226005114972729, -0.44353580869884907, 0.3573336168612957, 0.517515733384589, 0.07042010352628666, 0.542374507370597, 0.26721527946056606, 0.47081120606606136, -0.09444440031058601]], "inverted": false, "swapped": true, "error_lsq": 0.05445291792198335, "error_max": 0.3533668339929359, "target": "221.xyz", "model": "24.xyz", "model_rescale": 3.7841303162186577, "target_rescale": 4.159240581163375},
{"mapping": [0, 6, 3, 0, 7, 10, 11, 13, 4, 1, 5, 9, 2, 12, 15], "R": [[0.29076088964935726, -0.1701964743889488, 0.9415366509891618], [-0.3619464793116055, 0.8913585060542792, 0.27290064089081495], [-0.8856934295591496, -0.42013470909966005, 0.19757017752053624]], "T": [0.08447925754605692, -0.09786504550235393, 0.011394274707478416], "aligned_model": [[0.6999005633127202, -0.2522706220437013, -0.6743584972937353, 0.6999005633127202, 0.29509623451957046, 0.43571442414255324, -0.329737945306812, -0.5778887007320542, -0.15149565488679487, 0.4991554193079538, -0.4853017764602149, 0.2209966607155836, 0.12200905630639043, -0.37370517867496345, 0.0405516610771996], [0.1697881104474771, 0.4284568113725142, 0.17262904625047054, 0.1697881104474771, -0.036432516150922856, -0.6797468648804526, -0.24310878372841882, -0.49991993438776033, 0.5490068300655612, 0.5115361009813356, 0.10420988700594315, -0.5182884901124354, 0.02283339922367754, -0.4510219119892391, -0.05325491561160215], [0.3129707225115866, 0.3741769559577048, 0.011084775645428476, 0.3129707225115866, 0.6234989172713814, 0.3899474563086431, 0.6412799266551553, 0.11919293629875555, -0.27596779683278444, -0.08714666771743342, -0.6241008396578442, -0.37168252487736536, -0.7321219844106044, -0.47903324948557285, 0.04119313673476174]], "inverted": true, "swapped": false, "error_lsq": 0.05039146514443, "error_max": 0.4050059896330616, "target": "221.xyz", "model": "25.xyz", "model_rescale": 4.19342608120988, "target_rescale": 4.159240581163375},
{"mapping": [10, 12, 13, 1, 2, 8, 6, 0, 11, 9, 4, 14], "R": [[-0.729785231377807, 0.6306666876540759, 0.2639565213179573], [-0.3730553267693768, -0.04379813962196483, -0.9267747548000262], [-0.5729251602363388, -0.7748169151800259, 0.2672368027032848]], "T": [0.029924983910113646, 0.03256119204870258, -0.08802780714758937], "aligned_model": [[-0.27534701390737104, 0.18683081936872206, 0.2108153583325934, -0.5684897008579086, -0.43717368387823047, -0.3457587910107384, -0.1402714583052469, -0.029234754067205153, 0.5659853959086438, 0.1978846078476835, 0.23240402191207463, 0.00016375328876368916], [-0.7200685931816817, -0.41188569613108983, -0.562186717329982, 0.4014461020655415, -0.39308169164657925, -0.1961103978589684, 0.5055399407172081, 0.7153482381877203, -0.07820253850047545, -0.014708170662258054, 0.68195853880584, 0.08472741327570549], [-0.016758606200928367, 0.12363001057332271, -0.49849568385563514, 0.07297126598980225, -0.40814886719044763, 0.4709323887514243, -0.6594920563042762, 0.42426730478164254, -0.4043870082236972, 0.5857982613762105, -0.11421926151283295, -0.1268392869751641]], "inverted": true, "swapped": true, "error_lsq": 0.05085399735261473, "error_max": 0.2854150593005073, "target": "221.xyz", "model": "26.xyz", "model_rescale": 3.795458400668931, "target_rescale": 4.159240581163375},
{"mapping": [7, 11, 13, 2, 8, 4, 5, 6, 3, 12, 1, 9, 14], "R": [[0.056016986516729185, -0.3488472127200261, -0.9355039921876623], [0.23502784789305556, 0.9152526753019261, -0.32722232666403794], [0.9703731282019014, -0.20153948131851596, 0.13325850642086695]], "T": [-0.10087497897745647, 0.012443012042566232, -0.08378318387261027], "aligned_model": [[-0.0767093173848891, 0.2630230578695806, 0.49844597756112363, 0.02478687491167471, -0.08808376250571438, -0.5577411466849054, -0.11291563932782868, -0.6014641592736225, -0.1649009340995772, 0.3641417157872158, -0.7206124232818637, 0.0330875796153771, -0.16138144036531424], [-0.6277924669119387, -0.43390720525798676, -0.3231931447461668, -0.06181438009073373, 0.6930731631071942, -0.19057192928458017, -0.5608780781910573, -0.5483923327306353, 0.07793254956938214, 0.23744453347704123, 0.2887257338242286, 0.5946067651886933, -0.023351704696526157], [-0.5934827144436416, 0.1771041782539204, -0.37204182188368995, -0.7769826221035946, -0.2898037595733448, 0.37823294732782786, 0.6082616435427428, -0.20261626984846307, 0.6079817883051392, -0.09301889490938467, -0.32809910866508096, 0.27346434371109174, -0.09686304761409653]], "inverted": false, "swapped": true, "error_lsq": 0.04829521655616496, "error_max": 0.293415422708524, "target": "221.xyz", "model": "27.xyz", "model_rescale": 3.6321398670334006, "target_rescale": 4.159240581163375},
