[{"mapping": [11, 8, 4, 7, 9, 12, 5, 6, 1, 2, 0, 13], "R": [[0.16685040523684436, 0.37989342802214976, -0.9098581898394279], [-0.9311094821563373, 0.36426234042372807, -0.01865689115543112], [0.324339443347334, 0.8502904978268354, 0.41449969215252]], "T": [0.017922073080959153, 0.10373194834478448, 0.12178929195898368], "aligned_model": [[-0.34075188609588103, -0.06170757199569084, 0.5516858849014251, 0.43314245649471805, 0.6245872071433968, 0.061257450464259705, -0.7113621508688986, -0.04312807964939562, -0.1861232162682458, 0.6046274085875617, 0.5229404044847245, 0.0777578589375109], [0.08821569551437346, -0.4450741983129035, -0.6517673227477226, -0.12814166823956674, 0.37627808825351755, 0.667460115987912, -0.09330118746874598, -0.6482601735918092, 0.48878531287641536, -0.1986754213092627, 0.5047134297840611, 0.07534224162635988], [-0.47668717186377496, -0.4287105396835037, -0.11846322349227408, -0.46576593234362873, -0.18548776298993425, -0.0025184151487205875, 0.16330705359105918, 0.2455916004372699, 0.5001324427893401, 0.5162317814003585, 0.5455613663923354, -0.02705144688213447]], "inverted": true, "swapped": false, "error_lsq": 0.0481501535874091, "error_max": 0.3019510502846757, "target": "224.xyz", "model": "0.xyz", "model_rescale": 3.8414455957264533, "target_rescale": 3.8789413886559125},
{"mapping": [10, 12, 13, 8, 9, 6, 3, 11, 4, 7, 2, 14], "R": [[-0.12018585016576691, -0.20332037478139922, -0.9717078710284708], [-0.5531125212700295, 0.8265228461626217, -0.10453001284583363], [0.8243918365887928, 0.5249007620207751, -0.21179539606839115]], "T": [0.11099364569098641, 0.003576370786164667, 0.1086334634126131], "aligned_model": [[-0.33587076764228807, -0.10507766263701548, 0.6004684479453161, 0.3883858131184041, 0.7707194164817883, 0.1618308631744503, -0.5948168981637492, -0.11184302632568582, -0.026880157009678746, 0.5841137970240731, 0.1736517494542756, 0.028244190715594045], [0.14686125050655188, -0.43479391472049805, -0.5436495528800313, -0.08877485884072332, 0.14645141626321131, 0.6961499255523017, 0.0901927064662413, -0.8059828032822581, 0.12498807961799938, 0.062425356117252556, 0.6728778990677484, -0.031170591495167387], [-0.3895260890906111, -0.477399152035798, -0.080589175468397, -0.6254150590550043, 0.009344447263517575, -0.2488362868331636, 0.43681933851526683, -0.03704825615494567, 0.6205585031748644, 0.5395036543787324, 0.41312345321713156, 0.10560437429479876]], "inverted": true, "swapped": false, "error_lsq": 0.05742275698380506, "error_max": 0.3060316247605345, "target": "224.xyz", "model": "1.xyz", "model_rescale": 4.316132596720782, "target_rescale": 3.8789413886559125},
{"mapping": [8, 2, 0, 1, 9, 10, 6, 4, 3, 5, 7, 11], "R": [[0.0029750267412515284, -0.3773594908198096, 0.9260620734616569], [0.47412834352107824, 0.8158915191588332, 0.3309431111756972], [-0.8804507158755948, 0.43808771228248966, 0.18134412938181171]], "T": [0.17074703783843806, 0.03317543461712032, 0.0005255462565909273], "aligned_model": [[-0.30930607831314705, -0.11959973817960909, 0.539818644082937, 0.36655163459036766, 0.8370036327419884, -0.10106783185185511, -0.628572917849307, -0.161901379493566, -0.006678442653914124, 0.6055508837692438, 0.4399394799367111, 0.07118787935563445], [0.15159951028942908, -0.5590930599289441, -0.5677115968937526, 0.031899598138664005, 0.34361704482003497, 0.5823765006001853, 0.043477155536956066, -0.588653335997639, 0.11307072452130341, -0.15598838996165437, 0.6652879946977314, -0.024307233449685953], [-0.5847614429950099, -0.5148793254404721, -0.08092986125329675, -0.5056919915045002, -0.09785972517242242, -0.14688769713627178, 0.19308059289245907, 0.3119797830538979, 0.6275454425615613, 0.43747239079435496, 0.5736138992051224, 0.05345768720096966]], "inverted": false, "swapped": false, "error_lsq": 0.0426248251630893, "error_max": 0.2166274451918125, "target": "224.xyz", "model": "2.xyz", "model_rescale": 3.795458400668931, "target_rescale": 3.8789413886559125},
{"mapping": [1, 0, 4, 7, 9, 8, 2, 10, 6, 5, 3, 11], "R": [[-0.842174934449891, -0.5239231261389705, -0.1274595531181964], [-0.29599450947819383, 0.6467908790914048, -0.7028860569700693], [0.4506979366971691, -0.5542256910509801, -0.6997894349273776]], "T": [0.07504443920808734, -0.0473910801111386, 0.00033418197216869214], "aligned_model": [[-0.3945749384180141, -0.16384034883572235, 0.4246275844549771, 0.4645880305171435, 0.8598290335917439, 0.1155500293162488, -0.6046579844142612, -0.014451461181815478, -0.15837657872572045, 0.5281166283992644, 0.3744646800176577, 0.1016510914139827], [0.1855015082611063, -0.5517737735783587, -0.5797951382680336, 0.0677624383728978, 0.32352682480818273, 0.7270029697810138, -0.150493311424431, -0.6491793732026906, 0.40110890809853894, -0.13877265390697244, 0.5238327315494935, -0.12314621811811827], [-0.3482164232475047, -0.5480635758166077, -0.07241385402165038, -0.646425243368322, 0.033314343215168324, -0.0957703948853135, 0.339597879757688, 0.4112503163737274, 0.30308603677006746, 0.5296730289325395, 0.47056912529455397, -0.11046148679795435]], "inverted": true, "swapped": false, "error_lsq": 0.055034065122252895, "error_max": 0.281637823397395, "target": "224.xyz", "model": "3.xyz", "model_rescale": 3.7530521520055578, "target_rescale": 3.8789413886559125},
{"mapping": [6, 7, 1, 3, 0, 9, 5, 8, 10, 4, 11], "R": [[-0.3561112148595853, 0.0598179517711247, 0.9325270051302201], [-0.8950518984869705, 0.2648617133831719, -0.35879015008581294], [-0.2684527922486558, -0.9624292625588843, -0.040780055226325385]], "T": [-0.062034489856802676, -0.11250804386550274, -0.06134022723007215], "aligned_model": [[-0.5373792879111962, -0.23420483950176765, 0.33505666483777996, 0.6034251235024064, 0.2636337841126574, -0.40063441885124185, -0.014598770521776668, -0.506251016427935, -0.4537888274932512, 0.2876276765690264, -0.0046864858694965], [-0.6527112350620744, 0.06565089861710204, -0.2793559691492353, -0.00883695093456903, -0.631222050125151, 0.6312664596084331, -0.34891132003920466, -0.034840441373110626, 0.3176617745991337, 0.38613241120034003, 0.022369780972682426], [-0.21765090476374727, -0.7721664755632129, -0.6408768468004726, -0.0736982121509577, 0.07663667141917255, -0.030582320321364705, 0.6257044664405473, 0.18056210903139014, 0.6507817796915782, 0.4002673325956895, -0.10614682233330552]], "inverted": true, "swapped": true, "error_lsq": 0.05972866570438571, "error_max": 0.44646842032345524, "target": "224.xyz", "model": "4.xyz", "model_rescale": 3.7855080009869324, "target_rescale": 3.8789413886559125},
{"mapping": [6, 12, 2, 1, 0, 7, 8, 14, 10, 3, 5, 16], "R": [[-0.2705528162067511, -0.597390294175663, -0.7549344409068319], [-0.6987438018714283, 0.6612860297439568, -0.272869723882546], [0.6622373237660788, 0.4536800891489395, -0.5963355630188026]], "T": [-0.00022440191657305264, -0.04813505094332904, -0.010583256553525173], "aligned_model": [[-0.33476604494664897, -0.02421151419696141, 0.5726298848831123, 0.48188012247374523, 0.724686611243119, -0.11588045306152149, -0.6490571667346824, -0.00890870200349815, -0.13243276131383422, 0.5313956589542573, 0.4777652001065327, 0.009824930731864594], [0.3307105758052586, -0.5617314192077153, -0.5002247478270152, -0.11192530124446942, 0.18962055721327142, 0.6873979296970211, 0.11063107710647602, -0.7093009538498144, 0.24836960836531297, -0.0778741849486167, 0.5260991284890364, -0.09619735722611733], [-0.4236630893209573, -0.45635074298589595, 0.10447568332309638, -0.590764237384742, -0.17321836072967542, 0.07298937114112096, 0.21104533782495527, 0.1325307899224283, 0.6417741690867717, 0.43541259565538326, 0.30067916030519914, 0.011229075368707514]], "inverted": false, "swapped": false, "error_lsq": 0.046865614285729884, "error_max": 0.26063732067119755, "target": "224.xyz", "model": "5.xyz", "model_rescale": 4.2253639853439635, "target_rescale": 3.8789413886559125},
{"mapping": [5, 2, 3, 6, 7, 11, 8, 4, 9, 0, 12, 13], "R": [[-0.7694618899794279, 0.6201302869154898, -0.1528621179998471], [-0.37946616264468513, -0.6363879596747117, -0.671577096235998], [-0.5137449087601786, -0.4587469804055061, 0.7249947425270241]], "T": [-0.012670331955318609, -0.07283224471111548, 0.07672325379093031], "aligned_model": [[-0.3667465307321732, -0.07333296150041525, 0.5701727066036177, 0.35033744719805415, 0.7631482073375887, -0.03989144591504455, -0.6630802655963566, 0.07385958311342727, -0.10532803538591162, 0.48909402918216305, 0.5004891213146739, 0.034203910515860816], [0.06814614538346116, -0.4399159029001577, -0.38669849398464107, 0.10159691263691802, 0.09290357688982366, 0.6388938272948111, 0.22124842592468724, -0.7752134067187136, 0.15696651705019815, -0.2351298979730171, 0.6946715190241444, -0.10189431025488643], [-0.42874326877684527, -0.4816146773085584, -0.1778183786951863, -0.4247922389549072, 0.08205687869269743, -0.236739340779769, 0.2673756940536975, 0.08592049585459383, 0.6345794239399378, 0.6808380168654424, 0.2143790296991151, 0.050698117616173974]], "inverted": true, "swapped": false, "error_lsq": 0.06369411821751417, "error_max": 0.35468879278641785, "target": "224.xyz", "model": "6.xyz", "model_rescale": 3.89814844738969, "target_rescale": 3.8789413886559125},
{"mapping": [2, 10, 11, 4, 7, 0, 5, 9, 6, 8, 3, 12], "R": [[-0.23686565115002187, 0.6886503867078015, -0.6853140215933652], [-0.16940491249286277, 0.6653061987812154, 0.7270967181101669], [0.9566591027782895, 0.2883197994423645, -0.04092742749004724]], "T": [0.16073003277193249, 0.07798550137728046, -0.023636410536157646], "aligned_model": [[-0.2690894572322322, -0.18970443263337045, 0.6645109061542622, 0.36027033547433596, 0.7423021291828773, 0.03181882282217388, -0.5620295518916207, -0.19240009946156755, -0.10094148092254224, 0.49226463128262377, 0.4535266634800858, 0.1023972998804587], [0.12163602549697351, -0.4639328425715129, -0.5544908436343862, 0.019201923352329522, 0.3721131239088329, 0.6562192014762684, -0.09783554437206708, -0.6311621069461485, 0.2145337709046019, -0.17726004708534948, 0.5934604037872031, -0.01690815194411731], [-0.5847938592772415, -0.3735276179135696, -0.06260914251417075, -0.6337379979265623, -0.10449132928617032, -0.0298069443405936, 0.19835941526559406, 0.3891040143709809, 0.5848522418130169, 0.5079849700488408, 0.5249414733612388, -0.15013547139497113]], "inverted": true, "swapped": false, "error_lsq": 0.04006903727289091, "error_max": 0.23559513601010662, "target": "224.xyz", "model": "7.xyz", "model_rescale": 3.7474275329858107, "target_rescale": 3.8789413886559125},
{"mapping": [13, 11, 0, 12, 1, 4, 9, 7, 8, 3, 2, 14], "R": [[-0.2703840829372789, 0.16975666142927676, -0.9476682560867771], [0.9408007660025789, -0.16241080526970564, -0.29751747683221413], [-0.2044171381834899, -0.9720110113738589, -0.11579390046474963]], "T": [0.1641183696278225, -0.12181929544320085, 0.004256728795908632], "aligned_model": [[-0.1421147984594348, -0.2970650129176847, 0.7616688854929752, 0.19000853440745724, 0.8270910229330317, -0.1129841641222003, -0.5565141662526696, -0.15613387756324115, -0.12703879134507967, 0.46887229446348183, 0.5047854399871885, 0.17235039951166045], [0.45828308177418237, -0.38575929241802936, -0.3805596215451509, -0.13134839717812716, 0.19303615828944237, 0.6072854800746815, -0.26769099329492985, -0.7026474003661306, 0.25322718956261087, -0.13513605909109896, 0.5914075229679666, -0.0645227564027894], [-0.6104092840944668, -0.3184281348879634, 0.10525208643628804, -0.6120885594858828, -0.15740688576876424, 0.06627493541188312, 0.20363234436788416, 0.1590302492208486, 0.4939280037911953, 0.6531652324293714, 0.2938131974193826, -0.010623432633383837]], "inverted": false, "swapped": false, "error_lsq": 0.058273029796839765, "error_max": 0.3225684522180872, "target": "224.xyz", "model": "8.xyz", "model_rescale": 4.019505241142653, "target_rescale": 3.8789413886559125},
{"mapping": [11, 9, 7, 8, 4, 5, 6, 1, 2, 0, 3, 12], "R": [[0.027728549264923782, 0.9996105813646063, 0.0031325994919439715], [-0.9422786895591626, 0.025091854576571107, 0.33388811005571256], [0.3336794850726219, -0.012210014652834805, 0.9426075094034886]], "T": [-0.01528592301179127, -0.057490256353375874, 0.05083769068325776], "aligned_model": [[-0.24753106842914957, -0.08087329525538696, 0.7923989767635675, 0.29478694699403074, 0.7418672142702871, -0.010263414892937226, -0.6686184239048028, -0.11044570209303865, -0.06122252963670378, 0.5323232720846443, 0.36656000293650587, -0.01605621270153259], [0.12312252863865444, -0.5185536449836327, -0.40080137486490264, -0.11237796236160089, 0.27555062854975065, 0.6031307251287844, 0.2398927874539323, -0.6600270290832352, 0.13010977851353595, -0.19511000849965196, 0.5751737345890329, -0.0245352507080394], [-0.4975150592145449, -0.449621008609109, -0.17134819693548708, -0.5466395778396621, -0.007450961127960544, -0.06781900899990688, 0.1638943424100857, 0.34100894378054647, 0.6100051229487463, 0.37306595036282303, 0.48946141455518694, 0.029097790875673983]], "inverted": true, "swapped": false, "error_lsq": 0.046906919423553996, "error_max": 0.23416629042547074, "target": "224.xyz", "model": "9.xyz", "model_rescale": 3.877068213659057, "target_rescale": 3.8789413886559125},
{"mapping": [6, 12, 1, 3, 4, 13, 10, 0, 9, 7, 2, 15], "R": [[-0.46806287479523373, -0.8443780701480763, -0.2606584352969082], [-0.29234135649045634, -0.13040231157589183, 0.9473815326577697], [-0.8339386527339658, 0.5196353642590881, -0.18581014958172654]], "T": [0.06718849422220008, 0.0160049990725824, 0.03910622963517861], "aligned_model": [[-0.3004223412068596, -0.2698818137626732, 0.6969557192487237, 0.3046310192495453, 0.7099163521289565, 0.053124374197718344, -0.6289013149835541, 0.013722535391746782, -0.1707365454029512, 0.7472256596719813, 0.319491756831157, 0.05780036477169383], [0.17204808882634898, -0.4831778456882396, -0.577183863727877, 0.0652765208606395, 0.18856888617291367, 0.7563009087213994, 0.10625932035485788, -0.7767442741539214, 0.21677410346910259, -0.04790810064898823, 0.4888707991365236, -0.07350963095013135], [-0.4308058929367921, -0.402929188272715, 0.10564062326227196, -0.5473702892277277, -0.08423591759920206, -0.18316086790478364, 0.14169236159096998, 0.0886644446855707, 0.621110307059764, 0.4860415031455789, 0.43038152499161925, 0.04111114341183794]], "inverted": false, "swapped": false, "error_lsq": 0.04487988342520713, "error_max": 0.23872032661099932, "target": "224.xyz", "model": "10.xyz", "model_rescale": 4.260839863003843, "target_rescale": 3.8789413886559125},
{"mapping": [7, 0, 5, 6, 10, 8, 1, 3, 2, 4, 9, 11], "R": [[0.4017664532799689, -0.866711252469037, -0.29562699785775237], [-0.4036930744160317, 0.12213557842254769, -0.906705466042817], [0.8219584044751698, 0.4836264109071616, -0.3008153519780706]], "T": [0.12578619636070268, 0.04266585569042386, 0.03846687914775629], "aligned_model": [[-0.12669522894143911, -0.23539190327398588, 0.5483838711837863, 0.43749817080344466, 0.6087096110490553, -0.11093709404172603, -0.5892530791781351, -0.10871821825976938, -0.14560066486157494, 0.6592631640575449, 0.5226949060849635, 0.0729722315133199], [0.23695690648058362, -0.4556068109430687, -0.48459974220846475, -0.3472781740646971, 0.3368322476886315, 0.7103065064511092, -0.04096185641791328, -0.5737014817827673, 0.03937837108757439, -0.027078869728250743, 0.6018540941567372, 0.039473721653154104], [-0.5343417684323059, -0.5870800811080276, 0.034847935331072055, -0.6353540416476524, -0.2327984916733252, 0.1560740740451735, 0.1090776668909239, 0.30101602927490034, 0.6683045488233285, 0.53509637566853, 0.4452902453193356, 0.006007259714438752]], "inverted": true, "swapped": false, "error_lsq": 0.05913144002998369, "error_max": 0.31847242671608667, "target": "224.xyz", "model": "11.xyz", "model_rescale": 3.890672605050136, "target_rescale": 3.8789413886559125},
{"mapping": [2, 9, 5, 12, 7, 4, 1, 6, 0, 8, 3, 13], "R": [[0.02948787936860564, 0.6650161669660749, -0.746246583003294], [-0.9852305188690315, -0.10664566159573761, -0.13396838265750022], [-0.16867510088748, 0.7391753516835888, 0.6520494688319601]], "T": [-0.00021310362451990028, -0.09434699634421556, -0.02304270091939376], "aligned_model": [[-0.4526722152773871, 0.11682127706662734, 0.6680052369886711, 0.463514516347175, 0.805649509952327, -0.016769060923172735, -0.6294851835176434, -0.23066967072615696, -0.12669502634098967, 0.3995257435041393, 0.4183924662979439, 0.11730817276395153], [0.3259281715562886, -0.7444963206828843, -0.45976371277622397, 0.029979763860563002, 0.17609432853997337, 0.5943903899763974, 0.04744799529961921, -0.5372951408100601, 0.2443903102798337, -0.21050795244734524, 0.5558344880510382, 0.013572591525428446], [-0.3754822974394063, -0.43466051615533985, -0.18092574134889094, -0.5928072996068197, -0.08945887447959977, -0.15119790677275546, 0.41193904605620685, 0.2646117027241994, 0.44381263007110217, 0.5650954905046882, 0.48202815567550905, -0.07681463702250181]], "inverted": true, "swapped": false, "error_lsq": 0.054182597160995084, "error_max": 0.34909928307005583, "target": "224.xyz", "model": "12.xyz", "model_rescale": 4.124412569039231, "target_rescale": 3.8789413886559125},
{"mapping": [4, 0, 7, 5, 10, 2, 1, 3, 8, 9, 11, 12], "R": [[-0.3652225591315539, 0.4047691080886983, 0.8383164387261401], [-0.8175237115847501, -0.5701906338182692, -0.08085556321376325], [0.44527234733148774, -0.7148738421868575, 0.5391548260554726]], "T": [0.0992209663595747, -0.16557874069355905, 0.03663805422805279], "aligned_model": [[-0.13623008051630944, -0.22857732584350246, 0.697831634839302, 0.37705999660318856, 0.5780241373627562, -0.10089909247968765, -0.6568462680116962, -0.05680042338905214, -0.001994958747301684, 0.4443029156213725, 0.4772723548877609, 0.13978287580865395], [0.2636225710627643, -0.45450339972903775, -0.314164809146338, -0.3161390907950578, 0.3730815726875796, 0.67247690871937, 0.1019486244547051, -0.8388703577165977, 0.26577666611908024, -0.3178401030140915, 0.6546634484349807, -0.054477118704729516], [-0.5786873021983082, -0.3452496444793078, -0.07590137157483694, -0.6517535010098181, -0.12211415055330678, 0.03344365504125581, 0.17683700185512252, 0.2129590687252928, 0.6010704863372504, 0.5527545118598219, 0.4547681298528825, 0.008012868350343733]], "inverted": true, "swapped": false, "error_lsq": 0.04786049508495166, "error_max": 0.2516537308044579, "target": "224.xyz", "model": "13.xyz", "model_rescale": 3.9028299243045295, "target_rescale": 3.8789413886559125},
{"mapping": [10, 4, 2, 5, 12, 14, 7, 3, 9, 1, 11, 15], "R": [[-0.5584601272065199, -0.37167897055225374, 0.7416043616172272], [-0.296361445260403, -0.7456073008896347, -0.59685814614801], [0.7747852477194201, -0.5531044166423651, 0.30624063121517064]], "T": [0.23262485675777209, -0.1234197980662932, -0.03923996429201472], "aligned_model": [[-0.3447931389469533, -0.21108448212392947, 0.7444687540126406, 0.303012825984172, 0.7800493196760981, 0.019451324842291312, -0.6475195321467618, -0.05996860893171865, -0.20672450075887175, 0.5714732153784143, 0.43808630712414504, 0.146474282025958], [0.22577127101899008, -0.4166229062803113, -0.612516170375443, -0.0651609946596613, 0.2787483049405411, 0.735071596248536, -0.061057222929425156, -0.6471287917122033, 0.26176122644975114, -0.03809602891845952, 0.4584060330169001, -0.08360140442658685], [-0.35547825665457655, -0.4593795051656521, 0.16312192192365016, -0.5429792612194665, -0.19032789658097293, -0.014740495705681159, 0.16590564189864615, 0.13048746144805834, 0.4701255006407241, 0.5085742378069359, 0.367110848474029, 0.023719555340697585]], "inverted": true, "swapped": false, "error_lsq": 0.039699143827410126, "error_max": 0.22715345388160554, "target": "224.xyz", "model": "14.xyz", "model_rescale": 3.942246331269136, "target_rescale": 3.8789413886559125},
{"mapping": [4, 11, 8, 13, 12, 3, 10, 6, 5, 0, 1, 14], "R": [[0.9428805662343003, 0.3325515653142352, -0.019639099387114223], [-0.2938560415472761, 0.8580420050402005, 0.42120368520795026], [0.15692311704733147, -0.3913737012033952, 0.9067534181587102]], "T": [0.032045787458424096, -0.05534862557229464, 0.11765407071932908], "aligned_model": [[-0.27146103352226003, -0.0787012821481417, 0.5079314234357272, 0.3229757124626266, 0.6438807816013352, 0.008516538460858376, -0.6620449655553381, -0.10424308766433354, -0.04312661853306582, 0.6152519551618245, 0.4807940374798845, 0.11315230495636755], [0.1761528880729388, -0.5224127529572906, -0.6618966488846278, 0.020636823670414473, 0.3749099246028442, 0.6557356072496203, -0.13070857555591953, -0.5956149422974943, 0.3628039421121829, -0.18530982566921775, 0.5780021164787963, -0.03672364444961854], [-0.3272668612683324, -0.4149782716522178, 0.0507714633077601, -0.6376709167832352, -0.21190894010876665, 0.015901828609752852, -0.029177194896737327, 0.1658934619715044, 0.58911679215703, 0.5462542752110419, 0.350319670726352, 0.16888444493223972]], "inverted": true, "swapped": false, "error_lsq": 0.05110514700233051, "error_max": 0.31341770525551155, "target": "224.xyz", "model": "15.xyz", "model_rescale": 4.355366556412066, "target_rescale": 3.8789413886559125},
{"mapping": [8, 2, 0, 1, 9, 10, 6, 4, 3, 5, 7, 11], "R": [[0.0029750267412515284, -0.3773594908198096, 0.9260620734616569], [0.47412834352107824, 0.8158915191588332, 0.3309431111756972], [-0.8804507158755948, 0.43808771228248966, 0.18134412938181171]], "T": [0.17074703783843806, 0.03317543461712032, 0.0005255462565909273], "aligned_model": [[-0.30930607831314705, -0.11959973817960909, 0.539818644082937, 0.36655163459036766, 0.8370036327419884, -0.10106783185185511, -0.628572917849307, -0.161901379493566, -0.006678442653914124, 0.6055508837692438, 0.4399394799367111, 0.07118787935563445], [0.15159951028942908, -0.5590930599289441, -0.5677115968937526, 0.031899598138664005, 0.34361704482003497, 0.5823765006001853, 0.043477155536956066, -0.588653335997639, 0.11307072452130341, -0.15598838996165437, 0.6652879946977314, -0.024307233449685953], [-0.5847614429950099, -0.5148793254404721, -0.08092986125329675, -0.5056919915045002, -0.09785972517242242, -0.14688769713627178, 0.19308059289245907, 0.3119797830538979, 0.6275454425615613, 0.43747239079435496, 0.5736138992051224, 0.05345768720096966]], "inverted": false, "swapped": false, "error_lsq": 0.0426248251630893, "error_max": 0.2166274451918125, "target": "224.xyz", "model": "16.xyz", "model_rescale": 3.795458400668931, "target_rescale": 3.8789413886559125},
{"mapping": [2, 10, 11, 4, 7, 0, 5, 9, 6, 8, 3, 12], "R": [[-0.23686565115002187, 0.6886503867078015, -0.6853140215933652], [-0.16940491249286277, 0.6653061987812154, 0.7270967181101669], [0.9566591027782895, 0.2883197994423645, -0.04092742749004724]], "T": [0.16073003277193249, 0.07798550137728046, -0.023636410536157646], "aligned_model": [[-0.2690894572322322, -0.18970443263337045, 0.6645109061542622, 0.36027033547433596, 0.7423021291828773, 0.03181882282217388, -0.5620295518916207, -0.19240009946156755, -0.10094148092254224, 0.49226463128262377, 0.4535266634800858, 0.1023972998804587], [0.12163602549697351, -0.4639328425715129, -0.5544908436343862, 0.019201923352329522, 0.3721131239088329, 0.6562192014762684, -0.09783554437206708, -0.6311621069461485, 0.2145337709046019, -0.17726004708534948, 0.5934604037872031, -0.01690815194411731], [-0.5847938592772415, -0.3735276179135696, -0.06260914251417075, -0.6337379979265623, -0.10449132928617032, -0.0298069443405936, 0.19835941526559406, 0.3891040143709809, 0.5848522418130169, 0.5079849700488408, 0.5249414733612388, -0.15013547139497113]], "inverted": true, "swapped": false, "error_lsq": 0.04006903727289091, "error_max": 0.23559513601010662, "target": "224.xyz", "model": "17.xyz", "model_rescale": 3.7474275329858107, "target_rescale": 3.8789413886559125},
{"mapping": [5, 4, 2, 9, 7, 10, 8, 0, 3, 1, 11, 13], "R": [[-0.4368985001868327, -0.899082575660427, -0.027752885945587488], [0.8773190555123664, -0.41910589693453043, -0.23379803675307548], [0.19857234291155912, -0.12649414728956987, 0.9718890138961851]], "T": [0.1827773107544645, 0.04041578103319737, -0.017365084538479878], "aligned_model": [[-0.2519264877724593, -0.3561342887079365, 0.6148640902549931, 0.3637603551812215, 0.8970910231613352, -0.21703863394215642, -0.5108239234615213, -0.037677309865415454, -0.08625371860585998, 0.47989152928920864, 0.4327410385514814, 0.20443209205259366], [0.31468294789207313, -0.41436187764194415, -0.5214639221097397, -0.09882406427180307, 0.2706454931362847, 0.6020188172656704, -0.055767034322261086, -0.7103613626691863, 0.21996746995081456, -0.11252363956787129, 0.6045404573139734, -0.06297837260338253], [-0.5263150480906575, -0.45551733108691306, 0.020383266240714567, -0.6463178402884941, -0.08193661052897352, 0.01711114675603195, 0.1454865201298778, 0.27738197909796164, 0.5792693743703146, 0.5883172509975455, 0.35815874453629776, -0.009881699927313276]], "inverted": true, "swapped": false, "error_lsq": 0.04686080241853168, "error_max": 0.26622194269829025, "target": "224.xyz", "model": "18.xyz", "model_rescale": 3.922800546911778, "target_rescale": 3.8789413886559125},
{"mapping": [10, 4, 8, 6, 1, 2, 7, 13, 3, 5, 0, 14], "R": [[0.8238454854595234, 0.2847462064076946, 0.4901002081456295], [-0.33188348325615274, -0.4586085490085899, 0.8243370380602822], [0.4594909897154956, -0.8417825115269756, -0.2833200198673082]], "T": [0.1073775662894081, -0.05325131160352334, 0.050116882733925436], "aligned_model": [[-0.23193586629086893, -0.0802408065141793, 0.5086802420265545, 0.4265509800807523, 0.6990617775986703, -0.01542187061647464, -0.5801309293978094, -0.20885261942690042, -0.07620242096127426, 0.6571791946899269, 0.4108538148329992, 0.02338427011408832], [0.19609832916922643, -0.4359872449921047, -0.5124454601075824, -0.1348937840881832, 0.3258327343678228, 0.6252560038719541, -0.0867746336059089, -0.6615400404794616, 0.27372586711731806, -0.07253750222363471, 0.5603919466452746, -0.041551303302092335], [-0.6378451789965138, -0.5348443899772436, 0.00024153363782537102, -0.5558786704910819, -0.18266650179593474, -0.1439889748017123, 0.45560334896736127, 0.09250837698111854, 0.5683191178332191, 0.5791536796065228, 0.5294776590314714, 0.09605975221136]], "inverted": true, "swapped": false, "error_lsq": 0.043724386807903214, "error_max": 0.2644534744812791, "target": "224.xyz", "model": "19.xyz", "model_rescale": 3.9282355846067225, "target_rescale": 3.8789413886559125},
{"mapping": [10, 11, 4, 0, 3, 2, 12, 9, 7, 6, 5, 13], "R": [[0.6256504762738769, -0.08391085758940278, 0.7755774942047264], [-0.5343149823532763, 0.6782893648759968, 0.5044115751337742], [-0.5683915738037373, -0.7299880173500989, 0.3795372357940427]], "T": [0.16849740975402255, -0.056471899917235044, 0.1308901802639648], "aligned_model": [[-0.43122708816073424, 0.03571899973587356, 0.5779528288458888, 0.44181855588327273, 0.8664378718530765, -0.08824742776124411, -0.6667351971455302, -0.3045546877408796, -0.1713160232918267, 0.5744765560025933, 0.5253202699311252, 0.1732811079838693], [0.18445978322983597, -0.4813752072873983, -0.4802845917383057, -0.08075089223289536, 0.11397421095263198, 0.7145568001336357, -0.13844842801687562, -0.560789176409135, 0.22153574450046937, 0.0023709797126125892, 0.510547235996835, 0.029778453531217233], [-0.4387735799036254, -0.43052788548107646, -0.09735728843502103, -0.6207101588841545, -0.0931238902670023, -0.004435510079745325, 0.2667602891182365, 0.1485146781362729, 0.5728589085090027, 0.639380595498326, 0.32801171184000855, -0.004458117844830051]], "inverted": true, "swapped": false, "error_lsq": 0.054005987812552246, "error_max": 0.26975974671060604, "target": "224.xyz", "model": "20.xyz", "model_rescale": 4.067790424073018, "target_rescale": 3.8789413886559125},
{"mapping": [11, 12, 0, 3, 2, 6, 13, 9, 5, 8, 4, 14], "R": [[-0.1121686979231315, -0.24611123674249225, -0.9627291635529227], [-0.8726292126711519, -0.4390460725762877, 0.21390839943364204], [-0.47532771894678594, 0.8640994186460362, -0.16551662845897758]], "T": [0.08762987765664233, -0.04438211613137352, 0.10168858950970909], "aligned_model": [[-0.3272550120199938, -0.05851736228757749, 0.7167637459291516, 0.3219418112811705, 0.7097334428992037, 0.08641870599083305, -0.579442523022636, -0.1948624535593958, -0.04886980120673089, 0.3674090433209819, 0.514375211040525, 0.025230957769952794], [0.04018229839848071, -0.5460855271128121, -0.34986030630923615, 0.051922663247165865, 0.2819054645457658, 0.6526238637593568, 0.10860682503587973, -0.7676743603229359, 0.2351949895670464, -0.11029016160747511, 0.5280197770914226, -0.08897061392003025], [-0.38693359796480203, -0.458622519218258, -0.02213257442879278, -0.7104495292119805, -0.14376099868975273, -0.14678293754144084, 0.2491073848164977, 0.1347991884978227, 0.603356408387277, 0.5941798531141912, 0.4659920177207488, 0.08738705672488137]], "inverted": false, "swapped": false, "error_lsq": 0.04391573481123243, "error_max": 0.23244285614011131, "target": "224.xyz", "model": "21.xyz", "model_rescale": 4.186013935880536, "target_rescale": 3.8789413886559125},
{"mapping": [5, 2, 9, 8, 11, 3, 0, 1, 6, 10, 4, 12], "R": [[0.17311360178286414, -0.6101073415171561, -0.7731757320975825], [-0.4687093025759858, 0.6394007240743504, -0.6094901998653708], [0.8662235684605315, 0.4679057019101871, -0.1752740242119129]], "T": [0.14474583764993226, -0.04387492042102989, 0.06571217305943233], "aligned_model": [[-0.31318882237977935, -0.18679841321628193, 0.5742310942202438, 0.48203681155478134, 0.5852641228450883, -0.08781441917621757, -0.5610356595335917, -0.17582215039101173, -0.1613644266647975, 0.7730772181612187, 0.45521484560259956, 0.14912556511323227], [0.278911051423944, -0.34920024224758506, -0.4916385643931448, -0.3026087876380119, 0.3033043324341196, 0.8453252094136302, -0.17417110196104296, -0.6538577031236908, 0.2936775051496173, -0.1512837440070671, 0.43524629868805, 0.0018706586338095021], [-0.4678080605197865, -0.5229762508407348, 0.043331517039580665, -0.572221769900871, -0.22476361854379012, -0.02133672574788842, 0.14746683235079638, 0.31123285606199635, 0.38541158671190306, 0.6041937916115517, 0.5147867785191282, 0.06882281546450643]], "inverted": true, "swapped": false, "error_lsq": 0.05177250844823255, "error_max": 0.27252981003304566, "target": "224.xyz", "model": "22.xyz", "model_rescale": 4.166573947596378, "target_rescale": 3.8789413886559125},
{"mapping": [4, 3, 12, 2, 6, 0, 8, 9, 7, 13, 5, 15], "R": [[0.4312581649916083, 0.8816301861782303, -0.19168883626181804], [-0.8201106486018201, 0.2944958219990471, -0.49060242037214585], [-0.37607834180922045, 0.3687823553865409, 0.8500380316065761]], "T": [0.15031348823555452, -0.15150184585796778, 0.028398859436544074], "aligned_model": [[-0.32286057156493353, -0.15125799862240114, 0.6812965117555108, 0.315021197989362, 0.8152008376517272, -0.16929431648606857, -0.6521082045375439, -0.15429730028385175, -0.04344656806277897, 0.5299278841279853, 0.5082929615107745, 0.17645133265770266], [0.19696586300945512, -0.37145555879128056, -0.5334236084574818, 0.009746642993395921, 0.10422537723975178, 0.599876647665382, -0.07968659832338407, -0.6561230950871386, 0.31806571251524124, 0.03512722712532229, 0.5006078081425509, -0.08835150565918579], [-0.4126567814674206, -0.44287776262017975, -0.011276715111317833, -0.6038032715151784, -0.2392502241036943, 0.022318278081036088, 0.09939982710521619, 0.14249894105820965, 0.531740687975466, 0.7617989129164762, 0.3994321154585151, 0.018815744429263752]], "inverted": false, "swapped": false, "error_lsq": 0.0473607153559267, "error_max": 0.2557970116485927, "target": "224.xyz", "model": "23.xyz", "model_rescale": 4.274766983524099, "target_rescale": 3.8789413886559125},
{"mapping": [6, 8, 5, 0, 4, 3, 1, 2, 7, 9, 11], "R": [[0.33861110428548824, 0.5756408022490613, -0.7442984528000978], [-0.49150156476320905, -0.5663194279062597, -0.6615954333361469], [-0.8023519999912005, 0.5898474144742722, 0.09116630818529803]], "T": [-0.03277692724644909, 0.0800420922959058, -0.0777871787179531], "aligned_model": [[0.37126300752092395, 0.17419265059385253, -0.5195454857610879, -0.4320656373420973, -0.531219123822744, -0.5323211593016686, -0.005864679388046572, 0.03147987685710082, 0.5591464872335348, 0.2991089180149187, -0.034280150646611135], [-0.08867280532907486, 0.5026466244757438, 0.41647428945607434, -0.25129679308161484, 0.5015601970228241, -0.19061938722972088, -0.6048480684416712, 0.1275115724506774, -0.2444945594466063, 0.6549913937030636, 0.09233406766378818], [-0.6698110018534229, -0.2788998895898891, -0.5020946317646895, -0.4312624091768657, 0.3195355331999462, 0.28406201090991795, 0.14933284983812586, 0.7786220229056751, 0.2553191503556241, 0.39979167267405813, 0.07497112652309729]], "inverted": true, "swapped": true, "error_lsq": 0.04213227207105226, "error_max": 0.20595826543976123, "target": "224.xyz", "model": "24.xyz", "model_rescale": 3.7841303162186577, "target_rescale": 3.8789413886559125},
{"mapping": [10, 11, 3, 13, 12, 9, 0, 6, 8, 4, 2, 15], "R": [[-0.31267687142478273, -0.41105678224297754, 0.8563092291036334], [-0.9326881029966161, 0.3035093592197113, -0.19487167930362193], [-0.17979453997433648, -0.8596012974851129, -0.4782881273430557]], "T": [0.020766467905589725, 0.04364106641316108, 0.03472185776873436], "aligned_model": [[-0.5006803925445358, -0.046573207680597195, 0.622153038881734, 0.4663557674042582, 0.6771594439075834, 0.14239969535905886, -0.6439100515909462, 0.0710018631179494, -0.14296701500656167, 0.39653961066300647, 0.4537528911131103, 0.03769412251142476], [0.29452057517360963, -0.5012482280573349, -0.4904801300080071, -0.13976987822333792, 0.3313430355601133, 0.5989258800533473, 0.0076542736493035585, -0.6583980493389696, 0.3747608023183397, -0.24513645487287583, 0.48642853320846935, -0.023025447090029474], [-0.4852855932240585, -0.5019238298372297, -0.010561996046126579, -0.5815658987467374, -0.2133663209749288, -0.10313619330540437, 0.348154505283532, 0.19795156482248505, 0.49625067670250783, 0.6110086190607683, 0.4651345022091287, 0.0434797162624553]], "inverted": false, "swapped": false, "error_lsq": 0.04397359266038912, "error_max": 0.19548429785294272, "target": "224.xyz", "model": "25.xyz", "model_rescale": 4.19342608120988, "target_rescale": 3.8789413886559125},
{"mapping": [8, 2, 0, 1, 9, 10, 6, 4, 3, 5, 7, 11], "R": [[0.0029750267412515284, -0.3773594908198096, 0.9260620734616569], [0.47412834352107824, 0.8158915191588332, 0.3309431111756972], [-0.8804507158755948, 0.43808771228248966, 0.18134412938181171]], "T": [0.17074703783843806, 0.03317543461712032, 0.0005255462565909273], "aligned_model": [[-0.30930607831314705, -0.11959973817960909, 0.539818644082937, 0.36655163459036766, 0.8370036327419884, -0.10106783185185511, -0.628572917849307, -0.161901379493566, -0.006678442653914124, 0.6055508837692438, 0.4399394799367111, 0.07118787935563445], [0.15159951028942908, -0.5590930599289441, -0.5677115968937526, 0.031899598138664005, 0.34361704482003497, 0.5823765006001853, 0.043477155536956066, -0.588653335997639, 0.11307072452130341, -0.15598838996165437, 0.6652879946977314, -0.024307233449685953], [-0.5847614429950099, -0.5148793254404721, -0.08092986125329675, -0.5056919915045002, -0.09785972517242242, -0.14688769713627178, 0.19308059289245907, 0.3119797830538979, 0.6275454425615613, 0.43747239079435496, 0.5736138992051224, 0.05345768720096966]], "inverted": false, "swapped": false, "error_lsq": 0.0426248251630893, "error_max": 0.2166274451918125, "target": "224.xyz", "model": "26.xyz", "model_rescale": 3.795458400668931, "target_rescale": 3.8789413886559125},
{"mapping": [10, 5, 6, 7, 0, 3, 11, 8, 9, 1, 2, 12], "R": [[0.19331332724389913, -0.9744764947400145, -0.11412939458836902], [0.2689405254509648, 0.1644977730061181, -0.9490055197132348], [0.9435576035834019, 0.15276139523859467, 0.29387583235901826]], "T": [0.015483316378986117, 0.027233775063330117, 0.13610239805774688], "aligned_model": [[-0.3960821419302557, 0.04589959271310939, 0.5250419292193663, 0.21877164563026621, 0.7514065312236401, 0.1669597496656801, -0.6742409614457979, -0.08616445849857442, -0.03855596463767556, 0.40739594352240915, 0.5334742805118636, 0.07901962016145356], [0.05018262681271844, -0.4938242937461298, -0.6010583377385027, 0.12436236179123981, 0.3627741923905666, 0.6700136159897574, -0.12091594689407821, -0.6805334685154628, 0.33444363126590604, -0.2073773775536473, 0.580670567618503, 0.016837340951758064], [-0.4450805784989656, -0.40651515320903325, -0.027561894770782497, -0.6445691022929949, -0.05651858284902603, -0.19399686747490436, 0.2540289523038409, 0.27569096809659593, 0.4311890810419221, 0.5125532850330636, 0.583570823337271, -0.01665117851059414]], "inverted": false, "swapped": false, "error_lsq": 0.048345486799192594, "error_max": 0.23811849833626603, "target": "224.xyz", "model": "27.xyz", "model_rescale": 3.6321398670334006, "target_rescale": 3.8789413886559125},
{"mapping": [6, 4, 3, 7, 8, 9, 13, 1, 11, 0, 10, 14], "R": [[-0.34498036093409484, 0.6487659969004459, 0.6783002519795732], [0.29443315053573055, 0.7609879128446738, -0.5781059733041264], [-0.8912337911207059, 0.00027887287091188373, -0.4535441012674913]], "T": [0.185979318624543, 0.014885128291367133, 0.036431742997847655], "aligned_model": [[-0.40336812934775546, -0.16007113333084308, 0.6442348336420823, 0.549893784930129, 0.6197778484916538, -0.11447117394000914, -0.6084031246370706, -0.09704751649765322, -0.07534415076881038, 0.5422993240194852, 0.5052741673727217, 0.13015103620155452], [0.1605605064742276, -0.5017731258197617, -0.49584701845896806, -0.20746346368873206, 0.22455672413056862, 0.6113954458878476, 0.11487805069357655, -0.5887579579423039, 0.2166685875074784, -0.07300009992010516, 0.5874360219040206, -0.013078758395220266], [-0.4487029876704337, -0.5110904807696853, 0.009699044030909959, -0.6108817427738028, -0.15034693131466323, 0.0582744474753876, 0.19591616612821186, 0.08913877468534444, 0.5873576149168512, 0.541133570453834, 0.4546516693318714, 0.05099060771256681]], "inverted": false, "swapped": false, "error_lsq": 0.041562980590848946, "error_max": 0.2590725159899516, "target": "224.xyz", "model": "28.xyz", "model_rescale": 4.156811204709835, "target_rescale": 3.8789413886559125},
{"mapping": [10, 8, 5, 0, 7, 9, 4, 2, 3, 11], "R": [[-0.8003794626484182, 0.04190015485626519, -0.5980276689198003], [0.5948261271346742, 0.17974422633621268, -0.7835010475913614], [0.07466320545351424, -0.9828206296785885, -0.1687868941286288]], "T": [0.0818829270128818, -0.12291855438410487, 0.020308488754687038], "aligned_model": [[-0.5708470137049285, -0.1594076092463841, 0.18072923079221687, 0.6310660132234392, 0.008939570802593236, -0.7163764938132888, -0.38522463016410535, -0.49163108312422144, 0.16644994189286438, -0.020772552547597606], [-0.18615091497933595, -0.44823386298934825, 0.07973685492828045, 0.1163501315701598, -0.4608051251972492, -0.277652977005616, 0.44324369542942416, 0.19322678295267165, 0.5144950773420092, -0.055489331424791996], [-0.6243469072368988, -0.2924632272673703, -0.6720261563852475, -0.16760133872384742, 0.6890155437882574, 0.10769057094891138, -0.19243151749801557, 0.5779399216044329, 0.22103017267797914, 0.11197966506689876]], "inverted": false, "swapped": true, "error_lsq": 0.043879176528017365, "error_max": 0.21329673472566604, "target": "224.xyz", "model": "29.xyz", "model_rescale": 4.117894457231895, "target_rescale": 3.8789413886559125},
