[{"mapping": [13, 9, 10, 7, 11, 5, 6, 8, 4, 14, 1, 3, 0, 15], "R": [[-0.4925133421973733, 0.1178097207138763, 0.8622943102345578], [0.06686645907503411, 0.9929892851884307, -0.0974738742009193], [-0.8677323806383742, 0.009651383646312732, -0.49693799048309023]], "T": [-0.07790423251159903, -0.012565781507954385, 0.20822865102516305], "aligned_model": [[0.059373847297842425, 0.35780235744114774, -0.6752924260732301, -0.2815762221504896, -0.6111988341940804, -0.010537194719374449, -0.7272719160433017, -0.01599059750903531, -0.4568634335517656, 0.3787283877881529, 0.6183276678940879, 0.2589941364705991, 0.6203314841903556, -0.14333515571260472], [-0.727807372625896, -0.3635920117133548, -0.37138093260478694, -0.2862279550226459, 0.28227528148488623, 0.14472040618719167, 0.2527182796612622, 0.5269329212710494, 0.6512748729413264, -0.16834541288540933, 0.4591012078218863, 0.6495977294958554, 0.11963464901594563, 0.06637166878272432], [0.2414028822064149, -0.19130635587480863, 0.2658231806104248, -0.2969703686154389, 0.6593178708149485, -0.5703619937108136, -0.1451597180693656, 0.6251707927321779, 0.1857468944301397, 0.6971207760693401, 0.3793614623262688, -0.1520106192441069, -0.040416002009697666, 0.2398692855143505]], "inverted": true, "swapped": true, "error_lsq": 0.044734252563707826, "error_max": 0.2821267298511158, "target": "225.xyz", "model": "0.xyz", "model_rescale": 3.8414455957264533, "target_rescale": 4.19973398943469},
{"mapping": [13, 10, 5, 6, 7, 2, 3, 9, 1, 0, 4, 12, 8, 14, 15], "R": [[-0.09958409029848088, 0.9584802962325129, 0.26720503493283654], [-0.9591432765477558, -0.02099787269940393, -0.282140504705253], [-0.2648153772209221, -0.28438461821296535, 0.9214109858858894]], "T": [-0.11998171809588684, 0.11869913993924609, -0.07467695244889745], "aligned_model": [[-0.7246961208301654, -0.6862907325305561, 0.07990855417857623, -0.11784758446665666, -0.4326546351610565, 0.3943082594219165, 0.6341466204587629, -0.25680330947268437, 0.580337545199566, 0.2847176038233251, 0.3422659806464996, -0.43360070836731357, 0.38466383703817564, -0.10212945409547124, -0.07428170233837375], [0.22317992033195433, 0.059937956208404655, -0.6320856788934238, -0.38730955814298773, -0.4029242732859696, -0.5458176715159011, -0.19326828857200123, -0.15084002906333033, 0.4157617981727876, 0.027587123787124357, -0.02720274172727004, 0.6163435314553898, 0.5071040049455151, 0.7064818023889599, 0.1300966319537634], [0.3189225802360572, -0.4806071431938122, 0.1037794555374544, -0.6754164999033897, -0.03291601697915385, -0.3518129946874516, 0.05062320999623644, 0.5428312313556146, 0.32256573610602884, 0.5536154100246953, -0.6661493743468134, -0.30335046282611516, -0.3260878164814343, 0.2802723281500488, -0.17108785564843035]], "inverted": true, "swapped": true, "error_lsq": 0.04124255353204663, "error_max": 0.24103036315582999, "target": "225.xyz", "model": "1.xyz", "model_rescale": 4.316132596720782, "target_rescale": 4.19973398943469},
{"mapping": [12, 8, 14, 7, 13, 10, 9, 6, 1, 11, 3, 15], "R": [[-0.3834297432943072, 0.9178657654856834, 0.10248935801653986], [0.8689783950016619, 0.32095023960305075, 0.37665301368644366], [0.31282292271762585, 0.23348100618278375, -0.9206673876999649]], "T": [-0.05992157817719003, 0.03915792213715036, -0.07220600221305007], "aligned_model": [[-0.18248303464006796, 0.5576122408316551, 0.12170406380371339, -0.5249134584485731, -0.6237893132710973, -0.5876390804543821, -0.3155717071832164, -0.1805310638076466, 0.6711994348316308, 0.12389937855717413, 0.5451270245065125, -0.0068059300939215805], [-0.5386230291293337, -0.17255150872950875, -0.5023167889958706, 0.4333405006663746, -0.24418733767992146, -0.09784133435431602, 0.26609766757810654, 0.503358216198377, -0.006498731389709661, -0.24887283276519506, 0.5802719878166853, 0.04059961852529223], [0.1501591199573941, 0.13410443691487495, -0.4537992631369827, -0.07360603357355512, -0.43728815123546183, 0.36561078345502634, -0.6687202367770059, 0.5498139330836255, -0.5192771166853386, 0.604598259680025, -0.22335200608399897, 0.021014735610818458]], "inverted": true, "swapped": true, "error_lsq": 0.046084708637035975, "error_max": 0.255148836037528, "target": "225.xyz", "model": "2.xyz", "model_rescale": 3.795458400668931, "target_rescale": 4.19973398943469},
{"mapping": [1, 9, 5, 10, 8, 11, 7, 14, 13, 12, 4, 15], "R": [[-0.8576792537716044, -0.4021864371812842, -0.32036286831842586], [0.001052137668980463, 0.6216756781495946, -0.7832740543408594], [0.5141840046676964, -0.6721349722672276, -0.5327751762227888]], "T": [0.01801582933120905, -0.02312978304030597, 0.06202583905397041], "aligned_model": [[0.040050396154574015, -0.1489863402546282, -0.7426376705886, 0.1634815171090798, 0.1696434246557722, 0.24565934543193868, -0.34011869732693206, 0.5691944734637894, 0.36574755497740313, 0.5869450153270708, -0.32210251488210384, 0.006427321676200984], [-0.048048219682748444, -0.686793037282634, -0.26163446604458357, 0.11069888463069608, 0.4782362787586688, 0.6807003929443428, -0.2894407659119676, -0.21362566347014164, -0.5889737893312483, 0.16417505314194178, 0.6569310010105055, 0.08354337652687785], [-0.7955221750245495, -0.003922844641251533, 0.06358273845007148, 0.7327476276446906, -0.37885287719684624, 0.22821062106392828, 0.47725762401190625, -0.3008922993678455, 0.3627242627267514, 0.26085960248314555, -0.01944048440571816, 0.06201963489481774]], "inverted": true, "swapped": true, "error_lsq": 0.04613192140746212, "error_max": 0.21093447027175646, "target": "225.xyz", "model": "3.xyz", "model_rescale": 3.7530521520055578, "target_rescale": 4.19973398943469},
{"mapping": [4, 7, 10, 13, 11, 9, 8, 3, 1, 14, 15], "R": [[-0.5267154693758773, -0.7331305190813278, -0.4302214038279505], [-0.1429169488599047, -0.4225367412682429, 0.895006954166832], [-0.8379412628870384, 0.5328999383279729, 0.11777986110247468]], "T": [-0.019688112960869163, -0.02243111089875062, -0.0678832439109763], "aligned_model": [[-0.4384138792297853, -0.11732280869700462, 0.39558838103541194, 0.49104582502391614, 0.17262453910806574, -0.11794000464229634, -0.144317896244379, -0.8030878693849943, -0.3841048811376103, 0.32679901388770216, -0.04267081727382088], [-0.658191732737576, 0.12159908763112669, -0.32920966339487584, 0.4448976135133516, -0.7437705830552308, 0.6338487985457519, -0.38738815158811557, 0.019610502845477815, 0.2300978587302946, 0.2610248945606575, -0.12531526673651555], [0.004760298911959282, -0.6521110095315699, -0.5394449573315615, -0.29651185630555454, 0.06440839824454853, -0.24769179431824337, 0.4978080796928577, 0.1895088354549133, 0.6669123641594056, 0.4530731048374984, -0.047880686568937056]], "inverted": true, "swapped": true, "error_lsq": 0.04329639756462161, "error_max": 0.2589800540862598, "target": "225.xyz", "model": "4.xyz", "model_rescale": 3.7855080009869324, "target_rescale": 4.19973398943469},
{"mapping": [12, 11, 0, 1, 4, 2, 5, 3, 6, 14, 10, 7, 8, 15, 13, 16], "R": [[0.008630297739237874, 0.33055535765410615, 0.9437471448895082], [0.930133750763393, 0.343840107868819, -0.12893869051445198], [-0.3671194950581552, 0.8789238509375686, -0.30449325214414896]], "T": [-0.052399168224328586, -0.06338719747651095, -0.03565291521353901], "aligned_model": [[0.17404991260548422, 0.471461103592172, -0.6581948170450991, -0.25314556201543276, -0.1481159633655095, -0.6015145776104662, -0.640990413487894, -0.7176132330885102, 0.403929852973296, -0.07301444113266609, -0.2106996848218783, -0.01398105918825391, 0.44214850798016275, 0.23461374413982958, 0.6355739919200785, -0.06828606049113975], [-0.234200594843457, -0.5751248881604203, -0.554301443031652, -0.7045867867557285, -0.7209607454676654, 0.0033394283795579738, -0.19355017730990437, 0.13548514795352348, -0.44044274360363433, 0.31733211466723243, 0.4230706555119503, -0.23576264631702845, 0.2966385813136802, 0.7086412181495083, 0.01867890903395289, -0.029868979974763163], [-0.6542067609549164, -0.34570320120950726, -0.013545932123078044, -0.38446219129059483, 0.28905635163231824, -0.5253523252144601, 0.5044592854441396, -0.016767907157684545, 0.23942890464113115, -0.5945135547441638, 0.4832536060261638, 0.6924818425140613, 0.31236132089020746, -0.0658823758120779, -0.2473737785183388, -0.07452305729449135]], "inverted": false, "swapped": false, "error_lsq": 0.034043283608399505, "error_max": 0.2710102300832563, "target": "225.xyz", "model": "5.xyz", "model_rescale": 4.2253639853439635, "target_rescale": 4.19973398943469},
{"mapping": [13, 12, 6, 7, 10, 4, 5, 9, 8, 14, 11, 3, 0, 15], "R": [[0.2259730053551201, 0.4554250892739009, -0.8611179877987887], [0.8259269921227712, -0.5582818285091435, -0.07852390489220162], [-0.5165082811860882, -0.6934763067447562, -0.5023044967446004]], "T": [0.06955968680362876, -0.016081900528239067, -0.023875996301720645], "aligned_model": [[0.5658672601970569, -0.10578790439228025, -0.5128135299507421, 0.17679490937015496, -0.22425601259400754, -0.5943255672654979, 0.22068609371979667, 0.7060995793576772, -0.276808291496473, 0.4053324669920817, -0.6262731706845397, 0.05920242562401898, 0.6141317371062724, -0.03378784322573472], [-0.2707880956456873, 0.13083632841640672, -0.4779088052948482, -0.6056958363468106, -0.4758409589091543, 0.09009381950716708, -0.4341984961462953, -0.22611360772381048, 0.5673167323393615, 0.487993495857806, 0.14882656950496922, 0.24531466603565358, 0.2562861871015828, 0.008977147938649822], [-0.4932584429661425, -0.6120652873298241, 0.23008208562896493, 0.08772744339310118, -0.4611768530648778, 0.34051802922117813, 0.6378036665959169, 0.12906685485131775, 0.06782000583144686, -0.3478525205236044, -0.27574441387752324, 0.7592574024889068, 0.41894579659229647, -0.009565557909708873]], "inverted": false, "swapped": true, "error_lsq": 0.036316665891264734, "error_max": 0.18990611647847477, "target": "225.xyz", "model": "6.xyz", "model_rescale": 3.89814844738969, "target_rescale": 4.19973398943469},
{"mapping": [8, 4, 11, 1, 12, 6, 3, 14, 9, 7, 10, 13, 15], "R": [[-0.6700854985663752, -0.2512262696287375, -0.6984774771311395], [0.737015236402498, -0.3370967755562727, -0.5858108100915638], [-0.08828344081209505, -0.9073318716754049, 0.4110412494146841]], "T": [-0.10169829543911085, 0.06878872077255002, 0.051969354730390785], "aligned_model": [[0.14372681871326057, -0.15827793317572153, 0.4103620053405285, -0.26005976049980706, 0.5222155526997598, -0.292965260861497, -0.6867976478230304, 0.24847398728861364, -0.5238459681996115, -0.44619804006913505, 0.21313138608002885, 0.04936506810322436, -0.07049840669239048], [-0.25724172443721893, 0.26914253311421077, 0.3269738612641443, -0.7311699229309424, 0.12235650949474289, 0.7220132057895748, -0.2615813421801194, -0.48212083386439264, -0.10610203221819389, 0.4938473901131888, 0.6728054546159788, 0.09582094487338345, 0.09903722183612926], [-0.49776108846000267, -0.6838682730150278, -0.44396466347745817, -0.21539343590755333, 0.13045749349378954, -0.3400154422316949, -0.4278720018828769, 0.2656845587358721, 0.5656739736119518, 0.3207524784384993, 0.21003311772903882, 0.7646863066341589, -0.04613799283240165]], "inverted": true, "swapped": true, "error_lsq": 0.04285293117299208, "error_max": 0.2558634359042605, "target": "225.xyz", "model": "7.xyz", "model_rescale": 3.7474275329858107, "target_rescale": 4.19973398943469},
{"mapping": [12, 14, 1, 8, 0, 4, 11, 6, 3, 2, 10, 7, 13, 9, 15], "R": [[-0.09170086821075757, 0.08524154296104482, 0.9921314580855773], [0.0005163092495115151, -0.996325189340444, 0.08564957974495588], [0.9957864651591486, 0.008366387473039902, 0.09131987388569274]], "T": [-0.018302841986731256, 0.04095856074156655, -0.012234161356141918], "aligned_model": [[-0.43540708023654273, 0.19866074813023488, 0.5365694152858318, -0.14377734886440327, 0.7177849650408363, -0.3662284987646658, -0.6954814690590692, -0.4686989997810528, 0.4251145953679479, 0.04014740205901013, -0.5795904237130773, 0.009651053688468868, 0.10604322490826236, 0.549750156228665, -0.09238401795169936], [0.24862158640385518, 0.15065459669084122, -0.46908636227535283, -0.521927163753552, -0.10841240165057033, -0.6035525002516141, -0.2535846571163792, -0.17667896740133715, -0.6154416422291333, -0.5362949581717062, 0.4220522737447302, 0.3494815781966662, 0.7467670979543582, 0.3931140434352522, -0.036594561596465264], [-0.43790834194666106, -0.6546434807660466, -0.42268026218270055, -0.38121750422421974, -0.06416959561076394, 0.2076593345579849, -0.18395855878205264, 0.5933354616642109, 0.22068880436799446, 0.6557801374898222, 0.15706418125497695, 0.5127719733118778, -0.1459828021748225, 0.1489805271381214, -0.008925218401460926]], "inverted": true, "swapped": true, "error_lsq": 0.041862188034315594, "error_max": 0.2495222652599546, "target": "225.xyz", "model": "8.xyz", "model_rescale": 4.019505241142653, "target_rescale": 4.19973398943469},
{"mapping": [8, 14, 0, 3, 4, 5, 9, 11, 6, 10, 13, 7, 15], "R": [[0.8948244231356408, 0.2769020059712899, 0.35016357727359887], [0.018575159732690416, -0.8067999569977793, 0.5905326348554218], [0.4460316302695056, -0.5219186799468454, -0.7270878050976165]], "T": [-0.08571742351096649, -0.031805349924991205, 0.024606125320649392], "aligned_model": [[-0.32526220210454515, -0.6443993080391411, 0.11558127366540293, 0.41904627995237204, 0.17540844580875753, 0.692374121547939, 0.1411744445562358, -0.3680067357878639, 0.3979154663822371, -0.18477707958506123, -0.34677825430901943, 0.33245205102660935, -0.08502773137274693], [-0.6016516812234016, 0.13155692977593578, 0.21654460543165166, -0.34881043952106006, -0.7473737411861711, 0.10770817955745407, 0.5724523207467096, -0.6437723757655407, -0.41012823240432716, 0.01563554364657796, 0.6265594443655653, 0.28069109092004063, -0.13603341622937548], [-0.2697174309656028, -0.34006286277004044, -0.6570355456335791, -0.5467560496682599, 0.09224544622316964, -0.07830246173675719, -0.2122073375534274, 0.37191718514899774, 0.5144105611347076, 0.7151672322889121, 0.19757830440544577, 0.33937521377475716, 0.050091239395555695]], "inverted": true, "swapped": true, "error_lsq": 0.051857088691738884, "error_max": 0.2833196140002501, "target": "225.xyz", "model": "9.xyz", "model_rescale": 3.877068213659057, "target_rescale": 4.19973398943469},
{"mapping": [4, 7, 14, 2, 9, 13, 10, 6, 8, 3, 12, 11, 0, 5, 1, 15], "R": [[0.3764474748636377, 0.2680616918476325, 0.8868090144064706], [-0.8877888753870109, 0.37797766989967085, 0.26260958435724024], [-0.26479843543317594, -0.8861578924892566, 0.3802709273283217]], "T": [-0.12300190690740206, -0.10753712209281235, -0.05543220574799985], "aligned_model": [[0.12247472322023761, 0.5040644964230471, -0.7368179263159325, -0.1590189821150302, -0.21579511827720566, -0.7219646716265753, -0.5920343141434172, -0.6239254544738063, 0.3911501031317671, -0.20584559624234933, -0.13963664920528737, -0.028807049000977608, 0.41100891570985076, 0.3264003392586331, 0.7110140016337435, -0.06604551701252485], [-0.09517954504903567, -0.4940623447283975, -0.5846989188378373, -0.6790922960432995, -0.7098579637911802, -0.24960152434340352, -0.2206172513155925, 0.24837250043072695, -0.5706450832943569, 0.3839900436142962, 0.5235402611636895, -0.09230759745788528, 0.2138532406575679, 0.520570444778399, 0.08808750828871853, -0.06796442452725758], [-0.686050310543411, -0.4071032843108158, 0.015758107378939006, -0.39066766236531747, 0.19803244164705996, -0.5230857185722038, 0.46459881717008183, -0.00338880834267994, 0.28589119317526285, -0.44824171586395495, 0.34414236476961885, 0.6763810672848736, 0.43985226977350683, -0.17590605279614083, -0.1934723393751867, 0.0019698577990756236]], "inverted": true, "swapped": false, "error_lsq": 0.03672377335316446, "error_max": 0.25138158988941617, "target": "225.xyz", "model": "10.xyz", "model_rescale": 4.260839863003843, "target_rescale": 4.19973398943469},
{"mapping": [0, 7, 10, 13, 12, 14, 1, 3, 6, 11, 8, 15], "R": [[-0.5147651437987864, -0.723483113106096, -0.45998807786737983], [0.8275670321661562, -0.559464737509352, -0.046173745302848734], [-0.22394118424603196, -0.4044396030730717, 0.8867237187898951]], "T": [-0.00714949403382222, -0.06303942257261855, -0.07692976679351521], "aligned_model": [[0.41205423249304446, 0.09020576430996129, -0.43609150238742794, -0.504359041309532, -0.583645143139701, -0.33988617791956205, 0.37140774113319514, 0.7793305822815352, 0.2685501122253327, -0.22163577546073532, 0.110316035531656, 0.012651821336363807], [0.1867161763565286, -0.6571654433916526, -0.5072049682797106, -0.3238811898608339, 0.09828942699227758, 0.4366341755958141, 0.6480426049925939, 0.18576349939444264, -0.5124359918699145, 0.12538294399525857, 0.528267373450051, -0.0353301018419204], [-0.6502748721719025, -0.17250978081648255, 0.2511918840890734, -0.54196801577031, 0.12288052992474796, -0.41070925671801206, -0.3728213294414895, -0.11270061737797549, 0.5052813732144896, 0.6254294829338574, 0.24755601158821566, 0.024822667941292814]], "inverted": false, "swapped": true, "error_lsq": 0.042526954795979906, "error_max": 0.2029630843314528, "target": "225.xyz", "model": "11.xyz", "model_rescale": 3.890672605050136, "target_rescale": 4.19973398943469},
{"mapping": [0, 9, 5, 1, 3, 12, 13, 8, 14, 10, 6, 7, 4, 15], "R": [[0.07171180274683692, 0.8017866561542087, 0.5932921500912103], [0.9974209511430242, -0.055870260697043206, -0.04505507952039367], [-0.0029771744563132363, 0.5949930016249744, -0.8037253663096365]], "T": [-0.015569249877764896, -0.03135072875736719, 0.11579700206535226], "aligned_model": [[0.568034111177144, 0.11180877322593125, 0.411738869846085, 0.6725226143572242, 0.7946209770784673, -0.49849594756749527, -0.4803262646423847, 0.27503932142358456, -0.04149776896168127, -0.6432827819510876, -0.06559855309546492, -0.15870296544259618, 0.26932003216901, -0.005304582823042352], [-0.1942461635934675, 0.06640287384995619, 0.5918031945216065, -0.5420154464232098, 0.1020922349445113, -0.3825411829973583, -0.14417468221845095, -0.40790903795882105, -0.691296692863353, 0.23506377256316366, 0.619423609145717, 0.49989221626360447, 0.20135479971723044, -0.021696975123364114], [-0.33108824905264367, -0.5527139858522058, -0.13830457882513753, 0.06840312509065732, 0.2025041514531724, 0.3201140481574051, -0.4344647603968863, 0.6082230331484191, -0.07286987304116932, 0.27051329545355846, 0.5527491629289945, -0.14667773358767255, 0.7862342876666825, 0.22216851221368705]], "inverted": true, "swapped": true, "error_lsq": 0.04334485241191044, "error_max": 0.2724465129310867, "target": "225.xyz", "model": "12.xyz", "model_rescale": 4.124412569039231, "target_rescale": 4.19973398943469},
{"mapping": [9, 3, 8, 5, 14, 13, 2, 10, 4, 6, 12, 11, 15], "R": [[0.8746763445997437, 0.15136550140544708, 0.4604669121466908], [0.025435650486665462, -0.963014142186866, 0.26824762744974123], [0.484039585036132, -0.2229175787872562, -0.8461757696753535]], "T": [0.16214528036450854, -0.01045716281643047, 0.07137365613171556], "aligned_model": [[-0.16747184852448632, -0.2963528212275201, 0.48595175871161844, -0.6305249969758879, 0.6771564850001242, 0.31428259352326493, -0.5354217676977904, 0.2682678023621775, 0.025136859086256763, -0.2402250793282169, 0.736853771286089, 0.5502703495453141, 0.17937520174881458], [-0.4663948335538356, 0.544127620966398, 0.5807699414019069, 0.008490038552986426, -0.1308231417503951, -0.7208976415326035, 0.5181505969699992, -0.28994439894682844, 0.676790590617412, 0.25991447236769716, -0.12090468193593562, 0.4091473505884623, 0.07905946276321366], [0.4665460960924893, 0.4762792829201724, 0.19109321948179203, 0.1538084162291478, 0.5096334462324783, 0.13174665193222687, -0.05845395780557694, -0.5607362959072193, -0.23476215985724416, -0.5466349469359608, -0.1648674956551145, -0.42672959804819854, 0.014775422288846686]], "inverted": false, "swapped": true, "error_lsq": 0.04476001361204323, "error_max": 0.2722486468000915, "target": "225.xyz", "model": "13.xyz", "model_rescale": 3.9028299243045295, "target_rescale": 4.19973398943469},
{"mapping": [14, 13, 7, 10, 4, 9, 3, 6, 5, 11, 2, 0, 8, 1, 12, 15], "R": [[-0.9818835228123601, -0.13301266290115363, 0.1349532479695602], [0.18704503491262456, -0.5664359363187603, 0.8025985827057164], [-0.030313405353483466, 0.8133006587693347, 0.5810534707763495]], "T": [-0.04800259098554849, -0.07503943394042586, 0.037751580763240825], "aligned_model": [[0.053214382596694684, 0.5374030706009678, -0.7754073265024585, -0.1386018997535588, -0.17708479099619737, -0.5643225998765464, -0.523961873970299, -0.6142542782594014, 0.3444970540260951, 0.01308402690669997, 0.02706473168163051, -0.044091857857785015, 0.5579377443008898, -0.13892127948681615, 0.5561239614234954, -0.1364577638692378], [-0.30355128656904573, -0.44429654660368145, -0.5548411752032347, -0.7417635524210828, -0.6491099745347273, -0.06774339508064484, -0.10201752740749247, 0.26970287936077975, -0.3868456242589441, 0.2898801610508237, 0.48121661804142635, -0.19588088918610444, 0.019147853567161616, 0.5386872129806985, 0.15739890714592503, -0.09559661133670527], [-0.8111230332110729, -0.3541677322659627, -0.2098379902326339, -0.28259716222777514, 0.3741205358481089, -0.5403538358343021, 0.4395281214567904, -0.03239131858149018, 0.14178408529878705, -0.6017472876046673, 0.514295252693662, 0.85787258287527, 0.5072962799160963, -0.15530838578334538, -0.21767710836206877, -0.030982777156688165]], "inverted": true, "swapped": false, "error_lsq": 0.047221638468346976, "error_max": 0.323227614066577, "target": "225.xyz", "model": "14.xyz", "model_rescale": 3.942246331269136, "target_rescale": 4.19973398943469},
{"mapping": [12, 11, 10, 4, 3, 6, 9, 13, 14, 7, 5, 0, 8, 1, 15], "R": [[-0.8763975227948768, -0.3469543293832456, -0.3339911306625156], [-0.15474846119597835, 0.8596247942317417, -0.4869272295728722], [0.4560485673658893, -0.3750572042559083, -0.8070636887750942]], "T": [-0.12480225141329897, 0.06078128248612239, -0.07615307310975053], "aligned_model": [[-0.6932868618198372, -0.37714166641695823, -0.2495432423897605, 0.1808923551652329, 0.41849121505108783, 0.3664491271744273, 0.069155450188665, -0.43457848572799396, -0.6807524057031324, 0.26106809604596376, 0.6452792788038733, 0.08195793444579287, -0.3161241964903441, -0.17953841306871093, -0.11803414872609548], [0.0008345013013427785, -0.5045672621821832, 0.2134358275476902, -0.6137198300674885, -0.3088271237095375, -0.19701359923743858, 0.632695524391933, 0.718373814111078, 0.12221478017666892, 0.449442470314487, 0.23641985300224022, 0.20788783228775065, -0.5650852782744936, -0.2563904795216184, -0.0375563402587804], [-0.343604034916008, -0.5137850092136207, -0.7470288971963509, -0.2669382313506008, 0.4238021184209587, -0.6321667806115049, 0.25245364997060793, -0.1320733867752521, 0.3225216122049056, -0.34382053480352304, 0.031578927968798576, 0.6326798563883068, 0.124893835556623, 0.7193977254329621, -0.11854837071578553]], "inverted": false, "swapped": true, "error_lsq": 0.040456917299727196, "error_max": 0.2527072841340014, "target": "225.xyz", "model": "15.xyz", "model_rescale": 4.355366556412066, "target_rescale": 4.19973398943469},
{"mapping": [12, 8, 14, 7, 13, 10, 9, 6, 1, 11, 3, 15], "R": [[-0.3834297432943072, 0.9178657654856834, 0.10248935801653986], [0.8689783950016619, 0.32095023960305075, 0.37665301368644366], [0.31282292271762585, 0.23348100618278375, -0.9206673876999649]], "T": [-0.05992157817719003, 0.03915792213715036, -0.07220600221305007], "aligned_model": [[-0.18248303464006796, 0.5576122408316551, 0.12170406380371339, -0.5249134584485731, -0.6237893132710973, -0.5876390804543821, -0.3155717071832164, -0.1805310638076466, 0.6711994348316308, 0.12389937855717413, 0.5451270245065125, -0.0068059300939215805], [-0.5386230291293337, -0.17255150872950875, -0.5023167889958706, 0.4333405006663746, -0.24418733767992146, -0.09784133435431602, 0.26609766757810654, 0.503358216198377, -0.006498731389709661, -0.24887283276519506, 0.5802719878166853, 0.04059961852529223], [0.1501591199573941, 0.13410443691487495, -0.4537992631369827, -0.07360603357355512, -0.43728815123546183, 0.36561078345502634, -0.6687202367770059, 0.5498139330836255, -0.5192771166853386, 0.604598259680025, -0.22335200608399897, 0.021014735610818458]], "inverted": true, "swapped": true, "error_lsq": 0.046084708637035975, "error_max": 0.255148836037528, "target": "225.xyz", "model": "16.xyz", "model_rescale": 3.795458400668931, "target_rescale": 4.19973398943469},
{"mapping": [8, 4, 11, 1, 12, 6, 3, 14, 9, 7, 10, 13, 15], "R": [[-0.6700854985663752, -0.2512262696287375, -0.6984774771311395], [0.737015236402498, -0.3370967755562727, -0.5858108100915638], [-0.08828344081209505, -0.9073318716754049, 0.4110412494146841]], "T": [-0.10169829543911085, 0.06878872077255002, 0.051969354730390785], "aligned_model": [[0.14372681871326057, -0.15827793317572153, 0.4103620053405285, -0.26005976049980706, 0.5222155526997598, -0.292965260861497, -0.6867976478230304, 0.24847398728861364, -0.5238459681996115, -0.44619804006913505, 0.21313138608002885, 0.04936506810322436, -0.07049840669239048], [-0.25724172443721893, 0.26914253311421077, 0.3269738612641443, -0.7311699229309424, 0.12235650949474289, 0.7220132057895748, -0.2615813421801194, -0.48212083386439264, -0.10610203221819389, 0.4938473901131888, 0.6728054546159788, 0.09582094487338345, 0.09903722183612926], [-0.49776108846000267, -0.6838682730150278, -0.44396466347745817, -0.21539343590755333, 0.13045749349378954, -0.3400154422316949, -0.4278720018828769, 0.2656845587358721, 0.5656739736119518, 0.3207524784384993, 0.21003311772903882, 0.7646863066341589, -0.04613799283240165]], "inverted": true, "swapped": true, "error_lsq": 0.04285293117299208, "error_max": 0.2558634359042605, "target": "225.xyz", "model": "17.xyz", "model_rescale": 3.7474275329858107, "target_rescale": 4.19973398943469},
{"mapping": [0, 13, 14, 7, 3, 4, 1, 12, 5, 8, 6, 10, 11, 15], "R": [[0.8358499462207925, -0.13141334956457695, -0.5329966219019747], [0.4989954701079029, 0.5865862791922721, 0.6379028592780869], [0.22881955382897518, -0.7991539705335788, 0.5558727760611456]], "T": [0.04133887469571326, 0.013706903864307327, -0.06929094474354153], "aligned_model": [[0.548694549011997, 0.16218735276686086, 0.6684488058069253, -0.3787135087977517, 0.1887590813347098, -0.29004756883474225, 0.7484156913068138, 0.0994450185341963, -0.25483345628505627, 0.30096011721957616, -0.6916370101529078, -0.469929939534685, -0.2166157260569397, -0.0002857584361197485], [-0.5052850954905078, 0.38314082481246575, 0.2933454613083993, -0.13476059096358783, -0.746843717162206, -0.2290649632450703, -0.3800327718049737, 0.6278208136081005, -0.6780608399517764, 0.002231784502719894, -0.153732330156787, 0.4783052319073999, 0.38535886428010296, 0.017985569866954015], [-0.2694702587012613, -0.6860814747262225, -0.08749986828125449, -0.4853591027694382, 0.2163021113740649, 0.5757243771804508, 0.21620247074054877, 0.06407384716944908, -0.332387873018993, 0.5641110051245448, 0.15797061398970072, -0.17741443653244188, 0.5391086879738172, 0.02951461913869001]], "inverted": false, "swapped": true, "error_lsq": 0.03324341819826918, "error_max": 0.2057993588758453, "target": "225.xyz", "model": "18.xyz", "model_rescale": 3.922800546911778, "target_rescale": 4.19973398943469},
{"mapping": [1, 0, 14, 8, 7, 3, 9, 11, 5, 12, 13, 10, 4, 6, 15], "R": [[-0.40431979279559854, -0.7591279857481563, -0.5101472399294847], [-0.595976400616373, 0.6417686244929512, -0.48264392933587996], [0.6937850063687431, 0.10889322233441512, -0.7119021218310498]], "T": [0.15489594521678157, 0.021649018862348483, -0.013636006045683527], "aligned_model": [[-0.3176698129202343, -0.320760431170888, 0.409891634080122, -0.011058111344358246, 0.12060931450902546, -0.6555370545114325, 0.029134780216627076, 0.3847374209473292, -0.4471818650164307, 0.7193960503222825, 0.6522971610426246, 0.6488723473011531, -0.2187392287543261, -0.035620304196927494, 0.13767893638305123], [0.42347099643321173, -0.11576547502462764, 0.27288662029612726, 0.6846278679185649, -0.5306947792898064, 0.157609312126353, -0.529993415601554, 0.5810189502646758, -0.4743647816348521, 0.3034332330496389, -0.42043880577962756, -0.13753294036308403, 0.4501418153451725, -0.04653453278264203, 0.09974744007702918], [-0.6066922846965701, -0.580824248045957, -0.599855265104132, -0.05427090294093404, 0.24198103098361198, -0.09392616595951354, -0.40422866142410835, 0.44363201677894143, 0.15053851948144817, 0.001715664394739044, -0.31140558184861516, 0.4549645854419405, 0.49782327881104665, 0.7453053111399479, 0.05790187015148348]], "inverted": true, "swapped": true, "error_lsq": 0.035849347086040255, "error_max": 0.20243627186714863, "target": "225.xyz", "model": "19.xyz", "model_rescale": 3.9282355846067225, "target_rescale": 4.19973398943469},
{"mapping": [11, 10, 13, 6, 4, 7, 5, 9, 3, 1, 14, 8, 0, 15], "R": [[-0.0994396999950501, -0.6190508116941507, 0.7790300627098465], [0.40715911617160305, 0.6890527190010398, 0.5995229808402951], [-0.9079279708122518, 0.37680557715894686, 0.18353298569646692]], "T": [-0.006790036616287971, -0.2313093691718549, 0.02909821866732303], "aligned_model": [[-0.6962506004261297, -0.1612480893725934, 0.5706944956362614, -0.5040049730277573, -0.7082742200316147, 0.2070986596005385, 0.16606040158373608, 0.6428130898632233, -0.13974354905331104, 0.06283027485019, 0.24763964609259825, -0.47079733233440313, 0.4296316868593436, -0.11392667115540553], [-0.541582562708186, -0.740271517806834, -0.665169052761547, -0.08848487266599409, 0.06599776832021631, -0.16535410719202986, 0.40005028519563485, -0.02975853751050217, 0.5672474045871692, 0.2432142428594542, -0.46660312462182807, -0.12314689212083382, 0.292916521548752, -0.22617346769863522], [0.08558312943792802, -0.4248162418835771, -0.06986502925868976, -0.5619312485711883, -0.03669179840708811, -0.53791222486076, -0.4258615241033739, -0.07130551076384435, 0.19146755316780895, 0.7407690702032562, 0.622139986679516, 0.5207596937792538, 0.34777913772048585, 0.03206816410395549]], "inverted": true, "swapped": true, "error_lsq": 0.044363902625095424, "error_max": 0.3785474241529145, "target": "225.xyz", "model": "20.xyz", "model_rescale": 4.067790424073018, "target_rescale": 4.19973398943469},
{"mapping": [14, 3, 12, 13, 11, 4, 10, 1, 8, 0, 5, 7, 9, 2, 15], "R": [[0.13403806734845258, 0.2689546028759874, -0.9537804873729132], [-0.002452413230612377, -0.9623726256463895, -0.27172212842501586], [-0.9909731490665317, 0.03876017283623043, -0.12833497898417068]], "T": [0.0317491847336473, -0.08815678060803385, -0.01886261403994046], "aligned_model": [[0.3043343511290428, 0.2058333636646658, -0.26521598885171455, 0.4013380473311914, -0.6964656217048174, -0.5297897726193506, -0.368420706509372, 0.3925625030827004, -0.2644863811472552, 0.6707701035159074, 0.3119207911630173, 0.14023183306472364, 0.6785131673222908, -0.14784500869595854, -0.06483672683755634], [-0.13722639604854645, 0.6899840647690831, -0.44403544497196185, -0.7095123085416654, -0.05661252059580714, 0.4003283311416498, -0.6359487879865808, 0.5695084939033049, 0.381338972389497, 0.3084116379686916, 0.18090827173548735, -0.3484398149653834, -0.2123179680162971, 0.49602444032027154, -0.041515831173895776], [-0.6474210069564929, 0.195438299568921, -0.4471854452578715, -0.11287173607461884, -0.22748673576380182, 0.1567967577739648, 0.1506250583623651, -0.4357381147277122, -0.419550928637701, -0.053790942629414355, 0.6772613140426387, 0.5215849514637646, 0.1785410812812795, 0.6209493789630915, -0.021902357787271926]], "inverted": false, "swapped": true, "error_lsq": 0.03707298264220816, "error_max": 0.27390798765532415, "target": "225.xyz", "model": "21.xyz", "model_rescale": 4.186013935880536, "target_rescale": 4.19973398943469},
{"mapping": [13, 7, 12, 1, 3, 14, 0, 5, 11, 6, 2, 8, 15], "R": [[0.9580250155640213, -0.05909799620333006, 0.2805271758641361], [-0.2842255732565908, -0.06790707802405599, 0.9563495450206463], [-0.0374685609614126, -0.9959397851270859, -0.08185384133011074]], "T": [0.043336714648546174, -0.006471300754310006, -0.14310608360168048], "aligned_model": [[0.0923678156513329, -0.5016179830725268, 0.520143484022999, 0.3848580339385178, -0.21219857177540713, 0.6229465485350711, -0.02984792218728556, -0.6934812857643683, 0.3616092809059439, -0.44791483586979414, -0.5734179183377593, 0.474825465430245, 0.06030192394625676], [-0.2586879912347372, 0.023377509191653375, 0.28317108863359264, -0.5485411818853458, -0.292392537486977, -0.35920241271413167, -0.707687477511332, -0.22116752646285845, 0.6600904138043902, 0.5813777980579997, 0.15424488641347672, 0.126815804310192, 0.07755828643017072], [-0.8253809744287679, -0.41464381578381815, -0.43816705486515606, 0.42787419583959047, 0.5881148966425847, -0.25001425224069, 0.12104182151455395, 0.07249869284117513, 0.027814725761831693, 0.030222252442760472, 0.47062446758638327, 0.37146646094676733, -0.07857185492186855]], "inverted": false, "swapped": true, "error_lsq": 0.044651797725331746, "error_max": 0.26938190797411066, "target": "225.xyz", "model": "22.xyz", "model_rescale": 4.166573947596378, "target_rescale": 4.19973398943469},
{"mapping": [5, 6, 0, 1, 4, 7, 8, 10, 2, 13, 9, 3, 11, 14, 12, 15], "R": [[0.8499192943102853, 0.3765115631619165, -0.3686139389177748], [0.3643160758727685, 0.08550062974301383, 0.9273421370638862], [0.38067176152135856, -0.922457958456058, -0.06450058031760413]], "T": [-0.025750663753969234, -0.07295122583747199, 0.051678863869509276], "aligned_model": [[-0.19805313853072054, 0.5142431811879861, -0.5731051807436367, 0.005545416617605346, -0.3129870440222859, -0.6138083111542187, -0.7071135851644538, -0.46420426367322565, 0.3479621464256148, -0.17180495931615536, -0.1118926501226877, 0.06431522047444946, 0.5474292184336543, 0.11915481033526784, 0.5570473580419882, -0.02650691782500938], [-0.2751164874897162, -0.4056212242502244, -0.6420176110388505, -0.7097113336007204, -0.6538787642956363, -0.0819829748337281, -0.12071251984853928, 0.4277253336362982, -0.6130798273852276, 0.3126189629999959, 0.3559284914052214, -0.25099422816169115, 0.12730588025133488, 0.6607235883627625, 0.20727226834992674, -0.12407250455605352], [-0.7360412928919082, -0.36885050674296854, -0.15646110058436197, -0.2671568012965034, 0.3979041810776634, -0.355133474309126, 0.48474071666024454, -0.29186539327275685, 0.197997244419718, -0.6877918327259794, 0.4628855182470534, 0.6187903853867464, 0.5551222485144187, -0.20658734338082202, -0.054163539378624184, 0.005321217105914593]], "inverted": false, "swapped": false, "error_lsq": 0.04190753622734805, "error_max": 0.3245688104615914, "target": "225.xyz", "model": "23.xyz", "model_rescale": 4.274766983524099, "target_rescale": 4.19973398943469},
{"mapping": [6, 7, 5, 3, 0, 1, 8, 14, 12, 13, 15], "R": [[-7.772421741747415e-05, -0.5788110150563927, -0.8154617114299936], [0.3622754141795448, -0.7600845893548587, 0.539470055986702], [-0.9320710907650689, -0.2953797993679397, 0.2097480771911161]], "T": [0.09860990527637292, 0.09626593675973741, 0.029206975334825712], "aligned_model": [[0.32683727900748843, 0.18930764566856595, -0.3424654292330408, -0.6331904753262305, -0.6048149537518351, -0.6036063362817294, -0.04968590487888935, 0.018971196759527617, 0.5956877915975832, 0.36022413424605254, 0.12262975615058272], [-0.03112441380326722, 0.5683636175635343, 0.44557309850027815, -0.14338391792640928, 0.27708245082072613, -0.23672957573338002, -0.5599170239374193, 0.01997509689596226, -0.09102737080811182, 0.6638904437979343, 0.0028841258736360953], [-0.7114827879266123, -0.34562233740565534, -0.5355210217886848, -0.26873514701561874, 0.2275326906009014, 0.3932143733657843, 0.15634930822123735, 0.7071697599054634, 0.3699901581436528, 0.40454249015563665, -0.017871052234527333]], "inverted": true, "swapped": true, "error_lsq": 0.04472075764105437, "error_max": 0.2468820909887018, "target": "225.xyz", "model": "24.xyz", "model_rescale": 3.7841303162186577, "target_rescale": 4.19973398943469},
{"mapping": [13, 14, 5, 12, 2, 3, 4, 6, 9, 11, 1, 8, 0, 7, 10, 15], "R": [[-0.27259095983554504, 0.8606011921282868, -0.4301857235233504], [0.866246257126347, 0.02494862219943672, -0.4989939761810206], [-0.4187022696744448, -0.5086680197906311, -0.7522933304315192]], "T": [0.012596108892825253, -0.06312348592036604, 0.013091675087873803], "aligned_model": [[-0.08220468387851443, 0.46764573040134105, -0.628386976136713, -0.11271962092889679, -0.20657463530130943, -0.6685457564368109, -0.6792940884734657, -0.5192804414034051, 0.33475883322251315, -0.010774542743271442, -0.20211119872863012, 0.09146209829695426, 0.2623411423484082, 0.2250318110301565, 0.7472578166230046, -0.04238418692718765], [-0.28770324576050277, -0.5419493161024482, -0.6602278163668418, -0.7456554254090246, -0.6547300993598903, -0.11637722713168347, -0.09085092025990614, 0.40494512462328586, -0.5481981243253055, 0.3347178449770946, 0.20316727093476344, -0.15158238197504195, 0.45230591915154855, 0.5463209286650825, 0.0979063288151821, -0.02770181093116028], [-0.7302633803406292, -0.4261743361467289, -0.031020100117451307, -0.2928789540013167, 0.4263214268619061, -0.4137709327561646, 0.29098281750111604, -0.12849068013955472, 0.06835905022831772, -0.6431123002387983, 0.6734146253710454, 0.5922401561037174, 0.4749248657564043, -0.06599143365399539, -0.1858974684310899, -0.009933129168069973]], "inverted": false, "swapped": false, "error_lsq": 0.03799952953184926, "error_max": 0.27775101193861135, "target": "225.xyz", "model": "25.xyz", "model_rescale": 4.19342608120988, "target_rescale": 4.19973398943469},
{"mapping": [12, 8, 14, 7, 13, 10, 9, 6, 1, 11, 3, 15], "R": [[-0.3834297432943072, 0.9178657654856834, 0.10248935801653986], [0.8689783950016619, 0.32095023960305075, 0.37665301368644366], [0.31282292271762585, 0.23348100618278375, -0.9206673876999649]], "T": [-0.05992157817719003, 0.03915792213715036, -0.07220600221305007], "aligned_model": [[-0.18248303464006796, 0.5576122408316551, 0.12170406380371339, -0.5249134584485731, -0.6237893132710973, -0.5876390804543821, -0.3155717071832164, -0.1805310638076466, 0.6711994348316308, 0.12389937855717413, 0.5451270245065125, -0.0068059300939215805], [-0.5386230291293337, -0.17255150872950875, -0.5023167889958706, 0.4333405006663746, -0.24418733767992146, -0.09784133435431602, 0.26609766757810654, 0.503358216198377, -0.006498731389709661, -0.24887283276519506, 0.5802719878166853, 0.04059961852529223], [0.1501591199573941, 0.13410443691487495, -0.4537992631369827, -0.07360603357355512, -0.43728815123546183, 0.36561078345502634, -0.6687202367770059, 0.5498139330836255, -0.5192771166853386, 0.604598259680025, -0.22335200608399897, 0.021014735610818458]], "inverted": true, "swapped": true, "error_lsq": 0.046084708637035975, "error_max": 0.255148836037528, "target": "225.xyz", "model": "26.xyz", "model_rescale": 3.795458400668931, "target_rescale": 4.19973398943469},
