[{"mapping": [8, 5, 0, 4, 1, 9, 2, 12, 7, 10, 14, 15, 11, 16], "R": [[-0.7106072222772049, -0.10552207852921047, -0.6956309844956233], [0.6251344194459593, -0.5483892331759559, -0.5554063436445884], [-0.32286891035130416, -0.8295386307337123, 0.45565483301398135]], "T": [-0.07565224799788513, 0.10768599450786796, 0.1209523814285121], "aligned_model": [[0.13685863505089552, 0.15654995450498865, -0.4591219832851078, -0.38303749574945983, -0.5983575289170738, 0.03135669414805696, -0.7938545924270335, -0.01705110161717431, -0.40005002679870283, 0.2663388071385076, 0.5958385446532837, 0.21010754912544033, 0.6572883308228854, -0.03137368552120241], [-0.6067467107243397, -0.4689164951407977, -0.510583351202759, -0.20913350160320976, 0.3467733888546577, 0.23669485478460195, 0.10955232803060373, 0.43179726198269297, 0.7692692364141899, -0.06914988554415764, 0.5235148374635357, 0.7376482721301076, -0.198744582379689, 0.14329767874459837], [0.34201633488265804, -0.293667486176897, 0.18850394382816482, -0.31561007481309616, 0.5210921906799125, -0.5732477651750418, -0.06229001376990283, 0.6654966309747529, 0.2373006421441779, 0.7244783995617052, 0.36271511784568045, -0.12894911670221842, 0.0773704965505135, 0.15237878734942417]], "inverted": true, "swapped": true, "error_lsq": 0.03481340392117183, "error_max": 0.1930556080101524, "target": "226.xyz", "model": "0.xyz", "model_rescale": 3.8414455957264533, "target_rescale": 4.3076824655217045},
{"mapping": [9, 6, 14, 7, 15, 12, 10, 13, 8, 11, 3, 4, 0, 5, 16], "R": [[-0.6930322142754163, -0.440728038436321, 0.5704955268120744], [-0.10342144846081358, 0.8439549180408376, 0.5263497889359798], [-0.7134496155824746, 0.30577588598638045, -0.6304686777108466]], "T": [-0.012410656120314254, 0.0541178633069088, -0.15511141053454758], "aligned_model": [[-0.652380725344004, -0.7197204968918308, 0.0769474097786215, -0.29605237519613303, -0.5043159999917992, 0.2936244967733541, 0.6386790950327643, -0.31410047532247004, 0.5687650243003742, 0.21053541421901667, 0.5670065810402006, -0.2658017776796087, 0.3047914807163224, -0.03840154117065257, 0.0024680432403892914], [0.20384102499721374, -0.0250878669253179, -0.6462960192594462, -0.41409187289178706, -0.4647312614906425, -0.46640753507160393, -0.18907792034702064, -0.18891667745061824, 0.4643317419656412, 0.044165158831365604, 0.12348296512094833, 0.6175346193396477, 0.6785171387948308, 0.6151742954795953, -0.005393263049791326], [0.12422589206712009, -0.4353580503377331, 0.27348894076744024, -0.6618561596560412, 0.017476567072348848, -0.35612494891290947, 0.016383229577493552, 0.45819317681825655, 0.1585821333576855, 0.6085619257926799, -0.6620960815210715, -0.2167682056795141, -0.3633842711423653, 0.3376746306043101, -0.13381699146816553]], "inverted": true, "swapped": true, "error_lsq": 0.03516779600149927, "error_max": 0.2764809843307109, "target": "226.xyz", "model": "1.xyz", "model_rescale": 4.316132596720782, "target_rescale": 4.3076824655217045},
{"mapping": [4, 2, 0, 13, 5, 9, 10, 15, 3, 6, 12, 16], "R": [[0.5369727651574177, -0.5591112290682916, 0.6317079095665508], [-0.19273334777428255, -0.8103277184015725, -0.5533740556312877], [0.8212880774338043, 0.1753956165924522, -0.5428832945903193]], "T": [-0.015522770829772357, 0.06710400836472508, -0.10000998378529558], "aligned_model": [[-0.12607606249424633, 0.4263370144799501, 0.13556366132255457, -0.62302398452869, -0.6002704576195158, -0.4609046281400798, 0.021341967259533964, -0.19419324595081897, 0.5897464943224293, 0.10082435569401943, 0.34917549991480695, -0.020712059628162884], [-0.5301377754865607, -0.4563344938522562, -0.523515668550416, 0.392798276759289, -0.3557898522257551, -0.12126003140098535, 0.45427443137741347, 0.5178113874567594, -0.018725024398904888, -0.04789188787394083, 0.5699121204892584, 0.13163494544707943], [0.028548497752735102, 0.18312943534472326, -0.502763658590962, 0.1260222501299511, -0.2937336374734192, 0.42550122729916273, -0.7010195672867302, 0.4530737453181345, -0.5731397783244727, 0.6472103503014768, -0.23853731492549302, -0.10503308833568539]], "inverted": true, "swapped": true, "error_lsq": 0.045676830305117266, "error_max": 0.19970111925397754, "target": "226.xyz", "model": "2.xyz", "model_rescale": 3.795458400668931, "target_rescale": 4.3076824655217045},
{"mapping": [10, 11, 5, 6, 3, 2, 9, 12, 15, 7, 0, 16], "R": [[-0.5088149126928818, 0.8524246744378423, 0.12033103934926367], [-0.4235889276313401, -0.12621549575776697, -0.8970184329314268], [-0.7494530038698002, -0.5073872515546287, 0.4252979801860967]], "T": [0.01987971512759009, -0.009900663645546096, 0.02924465012600288], "aligned_model": [[0.0994120528706447, -0.40030941794447406, -0.7175713388122383, 0.2718079983230748, 0.2132472003602918, 0.06700532544991891, -0.22904125020449068, 0.5508734945049196, 0.381189277765053, 0.7015312272838312, -0.40209072763408077, 0.05724998378111487], [-0.17633231424183582, -0.6121880293602742, -0.12263780744900377, 0.06512569110238922, 0.5417586680455726, 0.6327861942470037, -0.2654667445232009, -0.07188731650520797, -0.5104765639275858, 0.11373709052349408, 0.5483185991632115, -0.05696842178485327], [-0.6624544013145094, -0.27684682765775875, 0.0711279162286739, 0.7475775283198369, -0.4765718245924462, 0.3954804289438907, 0.6478983291714542, -0.3160290223498833, 0.42904592532469227, 0.3058818572274512, -0.18099672395174718, 0.00465824528944549]], "inverted": false, "swapped": true, "error_lsq": 0.04273116782568815, "error_max": 0.26924015619261793, "target": "226.xyz", "model": "3.xyz", "model_rescale": 3.7530521520055578, "target_rescale": 4.3076824655217045},
{"mapping": [11, 15, 9, 6, 5, 7, 8, 12, 3, 2, 16], "R": [[-0.5265218004791152, -0.8458579714931913, -0.08543468664222187], [-0.8177391722732381, 0.5313660015867401, -0.22125283837185028], [0.23254556489021772, -0.04663115288242725, -0.9714669813384013]], "T": [-0.09762125045735759, -0.0700936519734158, 0.05684863697863913], "aligned_model": [[-0.38871749897681396, -0.15368028070025483, 0.4010184022740173, 0.3817738107521704, 0.23128136887663547, -0.1454180235905866, -0.2626753943866867, -0.6407655197126315, -0.36132387711197284, 0.43013557001067226, -0.15342895498934403], [-0.7880901512384115, 0.09471711251224729, -0.24775385705539762, 0.3569511636555843, -0.7347542722883101, 0.6321288774488587, -0.638615652111956, 0.26157607566905194, 0.23035088168831483, 0.36792002745190955, -0.06722684741754513], [-0.12410708236837764, -0.657753832010116, -0.42252949302694764, -0.3589782962605766, 0.14821195197547285, -0.19025905267018006, 0.5608169913091368, 0.05722588474268344, 0.7184854826666285, 0.3379404746903722, 0.023777748197220443]], "inverted": false, "swapped": true, "error_lsq": 0.04387169716829054, "error_max": 0.20287974034729137, "target": "226.xyz", "model": "4.xyz", "model_rescale": 3.7855080009869324, "target_rescale": 4.3076824655217045},
{"mapping": [5, 9, 10, 3, 7, 4, 8, 15, 0, 6, 2, 1, 14, 11, 12, 13, 16], "R": [[-0.5339469515595328, -0.8145394299367014, -0.22677338908848055], [0.8318458324959145, -0.5541035276962012, 0.031651090878582894], [-0.15143699640266595, -0.17174049514607395, 0.9734331196582128]], "T": [-0.01848931983619064, 0.01192521983568413, 0.04566567250091324], "aligned_model": [[0.12245636070346427, -0.20073011265848165, -0.5388191157503877, 0.14888612177474414, -0.23666226777803034, 0.3733338687402366, -0.6857770457340082, -0.7219578297212063, 0.6340419641115698, -0.08330111874347307, 0.4203125481511048, 0.7159884609841314, -0.041049821370512315, 0.24822718145451814, 0.27758208122512606, -0.32002337172969497, -0.01826807673378237], [-0.4106460506433016, 0.5073284588055388, -0.09940917350230365, 0.20914629657190267, -0.6775074601636057, -0.6153354447712802, -0.13095576859685495, 0.4413343904858044, -0.20159145195669725, -0.4937382531732923, 0.5235587602137748, -0.050318536581682935, 0.683649108363837, -0.11230415982710797, 0.37602055716515104, 0.12873882032000775, 0.06483306302955857], [-0.6301087581505377, -0.43211873860803274, -0.45215541023688793, -0.5989318095262751, -0.15042771446374825, 0.05007377821411734, 0.2177760672313875, 0.05327661512237696, -0.32458753498918397, 0.45331865096895374, -0.2567739555072767, 0.21821144398685915, 0.12296664199034968, 0.784492849497118, 0.5384552562166036, 0.6939707219691189, 0.03631348688218281]], "inverted": false, "swapped": false, "error_lsq": 0.032338008026586956, "error_max": 0.216149878931984, "target": "226.xyz", "model": "5.xyz", "model_rescale": 4.2253639853439635, "target_rescale": 4.3076824655217045},
{"mapping": [3, 7, 9, 4, 6, 13, 5, 0, 14, 12, 15, 11, 8, 16], "R": [[0.3507087929948258, 0.08127131150795053, -0.9329514009003312], [0.5246210328638171, 0.8081802951640034, 0.26761424174644877], [0.7757422989582397, -0.5833005952631993, 0.24079929645367165]], "T": [0.10254686481566941, -0.05568874457784067, -0.03653717210232506], "aligned_model": [[0.7882932854978378, -0.15844160398659177, -0.4492120036339867, 0.1778505190932618, -0.40581494678739227, -0.4761761898294914, 0.16004470323188563, 0.7218401214886275, -0.3017924049809654, 0.1849254304093992, -0.5970830886417026, 0.0017292536350261012, 0.6483103639232993, 0.07958871333857662], [0.06956440415616957, -0.006583078438792404, -0.4510463072616971, -0.6507102900128684, -0.4788395455666959, 0.14150921933169094, -0.35588395206765044, -0.41738789847824687, 0.6601913955479142, 0.45849586196048175, 0.11524521845719757, 0.3043571189208467, 0.051392912253801624, 0.004794087832839182], [-0.3706521282738814, -0.7336288987345061, 0.18541460642023372, 0.12385541491974576, -0.4207384289989789, 0.3538698474702673, 0.6452800794445724, 0.10317259712111097, 0.04276044351703574, -0.4023767682437213, -0.18573971951127272, 0.6657474971569433, 0.5067122724885983, -0.04211860584469847]], "inverted": false, "swapped": true, "error_lsq": 0.04082075676152745, "error_max": 0.27615500561983003, "target": "226.xyz", "model": "6.xyz", "model_rescale": 3.89814844738969, "target_rescale": 4.3076824655217045},
{"mapping": [1, 2, 6, 3, 15, 4, 0, 12, 8, 5, 9, 11, 16], "R": [[-0.4699917764178439, 0.5121264089391807, 0.7189118662024285], [-0.23459784873132333, -0.8576553407361708, 0.457592794826752], [0.8509239563381881, 0.046409673278120456, 0.5232347109624739]], "T": [0.015574652062123925, 0.026745766804694218, 0.03241772667835921], "aligned_model": [[0.11154892081366473, -0.13074058909180541, 0.45529593373090177, -0.3200130407669826, 0.7056509114325108, -0.3368727697241765, -0.6746883017597581, 0.31446767700589917, -0.6455008640707396, -0.4722870100389837, 0.20260945727063434, -0.11913263882200666, 0.058294114925064366], [-0.42023956499097065, 0.16518438659403778, 0.4499758801992253, -0.6002800043912073, 0.24923902951113908, 0.46467708458624457, -0.020964116890036785, -0.5344132320923811, -0.13071310561050226, 0.49386249598391907, 0.7155355129573551, 0.13623274413411773, -0.004315844520454682], [-0.4981371834687611, -0.6809002002653594, -0.42869007334073006, -0.2705490889327442, 0.15592236606718107, -0.23110463979815962, -0.20238017980348955, 0.060241913493817294, 0.4100817343674198, 0.3519343749178516, 0.0568044138059437, 0.8088631650713031, 0.07018842872202341]], "inverted": false, "swapped": true, "error_lsq": 0.04225190778795243, "error_max": 0.1918997033364672, "target": "226.xyz", "model": "7.xyz", "model_rescale": 3.7474275329858107, "target_rescale": 4.3076824655217045},
{"mapping": [8, 0, 3, 10, 1, 14, 11, 13, 12, 15, 5, 9, 4, 2, 16], "R": [[-0.7892672870316084, 0.34174672487983027, -0.510163038308024], [-0.25979009517309315, -0.9386402802665359, -0.22685574868429997], [-0.5563867863920924, -0.046514517035745856, 0.8296204816861813]], "T": [0.062091261333732536, -0.05137071290952583, 0.06648883165417839], "aligned_model": [[-0.35108533904143113, 0.17132425077520191, 0.49555294049305515, -0.1514445391841568, 0.7214184316465172, -0.30020260819877653, -0.715837884772628, -0.48816684856106674, 0.2815539804743681, -0.004155838619694388, -0.47961544296458625, -0.16203657372023245, 0.09257399517318043, 0.6467746912889587, 0.045500507550037116], [0.02873019629688213, 0.36237466119098977, -0.23806242811549996, -0.5759267963616412, -0.23874432545199017, -0.7302483994735676, -0.19527633146898082, -0.15167398124562498, -0.6456643209908244, -0.2891431027468473, 0.4366868472219932, 0.36668049895028115, 0.5672899630966077, 0.40390515764136076, -0.11180967656354521], [-0.5872031282803835, -0.5257544922739499, -0.5457419131288178, -0.3713648448649831, -0.07729667385390605, 0.36670703688776796, -0.017881707093276647, 0.5284199073955107, 0.005975444075393507, 0.7593362203522646, -0.09676432465857061, 0.6003501817162152, 0.024336337630839908, 0.05020894921235396, 0.08346766257980294]], "inverted": false, "swapped": true, "error_lsq": 0.038374013284404644, "error_max": 0.2690367279102977, "target": "226.xyz", "model": "8.xyz", "model_rescale": 4.019505241142653, "target_rescale": 4.3076824655217045},
{"mapping": [10, 7, 13, 11, 8, 5, 9, 3, 0, 2, 6, 4, 16], "R": [[0.5427010534997568, -0.8395939427383323, 0.023613086358111518], [-0.704340937947209, -0.4395999576283465, 0.5573649795105553], [-0.45757994892903675, -0.3191142249575495, -0.8299317452464644]], "T": [-0.09449537928947084, -0.08000889958292906, -0.04020595077157467], "aligned_model": [[-0.16927908501751246, -0.7784675637191253, 0.12895397693687716, 0.39948048498199706, 0.41646467140773147, 0.652416793112151, 0.2068989665305649, -0.3806019406232806, 0.23566954169558157, -0.2236162485599285, -0.3334777361947572, 0.2906043343471161, -0.12534542315623853], [-0.7350278079484343, 0.20980584302745958, 0.21023437947922669, -0.31571590934923655, -0.6643681968549362, -0.05956003091986096, 0.5559192218142572, -0.650544178094655, -0.3906961594259656, 0.1902924966775566, 0.631492670529461, 0.17707172862744985, -0.0955258294482637], [-0.319186401470237, 0.028004668093411386, -0.666348327584327, -0.6176408148796992, 0.0032483415323876635, -0.04161272653289946, -0.1617169214592003, 0.3959154087363039, 0.5327982262040326, 0.6377769564177351, 0.10727925692880043, 0.3733817944615933, -0.09519596640402214]], "inverted": false, "swapped": true, "error_lsq": 0.045916187020342794, "error_max": 0.2260670826866244, "target": "226.xyz", "model": "9.xyz", "model_rescale": 3.877068213659057, "target_rescale": 4.3076824655217045},
{"mapping": [11, 10, 7, 0, 3, 8, 4, 12, 14, 15, 9, 13, 5, 2, 6, 16], "R": [[0.3397686511127491, -0.9177801212130515, -0.2055162106189664], [-0.1663262600216961, -0.27370674455037924, 0.9473226447281984], [-0.9256850646673619, -0.28768779448177817, -0.24564790647996984]], "T": [-0.03384662087914175, -0.030500595376900537, -0.028148511175217085], "aligned_model": [[0.24595858688754774, -0.22330241576372736, -0.6483100019810044, 0.4409031781519805, -0.1996610272161128, 0.436018796539998, 0.47216020464515446, -0.6065632910516279, -0.5127255419370631, -0.4167100426835631, 0.24662644324146843, 1.503201232266882e-05, 0.6763774780940472, 0.0656793269631241, -0.1801960386286549, -0.08086216195679516], [0.22865348047640344, -0.3702716369717416, 0.03812735401167134, -0.5717137056012938, -0.7851540517546114, -0.4221478325960886, -0.028928061893962305, -0.23285517011244083, 0.3406202661609715, 0.5962133605056601, 0.5807573727573486, 0.6177892145664674, 0.10695840195293124, -0.2667186511141901, 0.3835961068142719, -0.01312757006784808], [-0.7263957323644932, -0.6290932722880764, 0.3892100642504358, 0.09663222832604271, -0.004210004287729198, -0.5080267960855414, 0.33157594102722865, -0.21804029500297528, -0.5895815143615726, 0.011940257740637998, 0.212073469435793, -0.3518748812263678, -0.2151904364758069, 0.6673308069875794, 0.5981139791861317, -0.0694294877512446]], "inverted": false, "swapped": true, "error_lsq": 0.031001266144201796, "error_max": 0.17858518415402536, "target": "226.xyz", "model": "10.xyz", "model_rescale": 4.260839863003843, "target_rescale": 4.3076824655217045},
{"mapping": [3, 10, 14, 12, 15, 7, 2, 0, 11, 13, 9, 16], "R": [[-0.3847971075502639, 0.6030417344038234, 0.6987645186958044], [0.851781910607171, 0.5236149177041891, 0.017175410330832974], [-0.3555260367165082, 0.6018040250155059, -0.7151455465090923]], "T": [0.10895665188021912, 0.09208330189374377, -0.04269518737359728], "aligned_model": [[0.39471480583217117, 0.14934957651292774, -0.489414443258485, -0.24954181724528823, -0.5599490111022857, -0.4428125212273886, 0.316145830268588, 0.8041452362491393, 0.2029470649657747, -0.22305715436933887, -0.004377829527828017, 0.06074891199614414], [-0.1204065211308566, -0.6029983924472591, -0.4310407388923971, -0.2529246486214876, 0.2237736083107994, 0.38460898990843917, 0.7040553689784101, 0.15678538250928978, -0.44248661056363897, -0.03249949253658782, 0.5375549066385703, 0.04865665337965238], [-0.7288144636256615, -0.20913531072863972, 0.18215143239897025, -0.4395062374857342, 0.233320697808153, -0.45066911312550045, -0.4059563876266225, -0.2580918174226529, 0.5390279273180911, 0.5901326025274591, 0.503856171570399, -0.04013742421275626]], "inverted": true, "swapped": true, "error_lsq": 0.046600345173821306, "error_max": 0.2712780511996753, "target": "226.xyz", "model": "11.xyz", "model_rescale": 3.890672605050136, "target_rescale": 4.3076824655217045},
{"mapping": [1, 3, 10, 7, 12, 9, 0, 15, 2, 5, 11, 8, 13, 16], "R": [[0.17521774178269944, -0.9736419964145151, -0.14601371778887332], [-0.9833409667520179, -0.18035663071941221, 0.022628054771650065], [-0.04836616660206264, 0.13961643375154323, -0.9890237435748055]], "T": [0.07243482368145299, -0.056436711810190734, 0.12234054497754454], "aligned_model": [[0.4778803780901781, 0.3065019642773646, 0.38475231927097886, 0.60555686001263, 0.6847297502076752, -0.3007784300586855, -0.3599000417838807, 0.3806134127592887, -0.1089685890714811, -0.6106579774370173, -0.12093960968760048, -0.27692680021251687, 0.024727697694124223, 0.12328490073263565], [-0.35870458102945696, 0.0687974953010803, 0.5652300356497253, -0.5782061329946976, 0.0734229474427791, -0.3808966166559987, 0.03327720160138922, -0.30798354584651577, -0.6491264162380195, 0.21330462374395381, 0.5992375118198034, 0.5757913001260051, 0.10717239419844914, -0.029163697290731844], [-0.36216280633381503, -0.6036747962833514, -0.046362454053536006, 0.12145277888914076, 0.007266483503639232, 0.6375547534905079, -0.45981683335995016, 0.7409777885761203, -0.2841168110258089, 0.25989695334495033, 0.529401489075217, -0.16519803314673742, 0.8274512756011309, 0.152120647079354]], "inverted": true, "swapped": true, "error_lsq": 0.04373676365972285, "error_max": 0.3119470367189897, "target": "226.xyz", "model": "12.xyz", "model_rescale": 4.124412569039231, "target_rescale": 4.3076824655217045},
{"mapping": [0, 3, 10, 2, 8, 5, 1, 9, 12, 6, 13, 14, 16], "R": [[-0.8334521914696356, -0.0484187395393576, -0.5504662298414701], [0.023184837104980233, -0.9983406954323568, 0.05270976353631031], [-0.5521049790238065, 0.03116859806051702, 0.8331918210304661]], "T": [0.10160933861263129, 0.08322929079853383, -0.0598245194488185], "aligned_model": [[-0.15366473869815128, -0.22017209554736017, 0.5055031911246647, -0.6134962653912683, 0.4576881688479466, 0.4138295995489279, -0.43253284759765936, 0.14159246204371156, 0.12970652157867635, -0.3403051577739607, 0.6435086973898585, 0.6955103588684133, 0.14013041311595864], [-0.20907998950246828, 0.469599355969625, 0.5166777178385051, -0.10805410912670185, -0.09952174420561588, -0.5620302223180512, 0.5212983573859571, -0.4288482616475159, 0.7189151059509482, -0.0736622695902441, -0.07287647879604775, 0.544011101783467, 0.1310568127666198], [0.5592551728464242, 0.5273246865059679, 0.3420021618832549, -0.02200253936242491, 0.6066994209310612, 0.15102281376355775, 0.05542771520980991, -0.5559958340116915, -0.04865579084916692, -0.6641386379641682, -0.5161151346663118, -0.4022050574086279, -0.08092089590984575]], "inverted": true, "swapped": true, "error_lsq": 0.04438797087385004, "error_max": 0.2579951238340811, "target": "226.xyz", "model": "13.xyz", "model_rescale": 3.9028299243045295, "target_rescale": 4.3076824655217045},
{"mapping": [8, 9, 5, 11, 10, 3, 13, 14, 0, 15, 12, 6, 2, 1, 7, 16], "R": [[-0.3495222338109615, 0.012943317890276695, -0.9368386619871036], [-0.9061254220653436, -0.25895159116298794, 0.3344858635593728], [-0.23826650532271249, 0.9658035742096567, 0.10223760797844328]], "T": [0.024379844226101385, 0.04349015270271236, 0.025602051535628438], "aligned_model": [[0.1157538615929596, -0.33526193102255336, -0.14901148619635401, -0.5581542784411854, -0.034846706139502595, 0.655829280364169, -0.6915177625159091, -0.6231314990588485, 0.5731651443731856, -0.49926003397283725, 0.053037059196952355, 0.014838216408794971, 0.6097689019453646, 0.5536198199762613, 0.15871375458875314, -0.01570306951865401], [-0.6315199496225837, 0.5333050635292857, -0.13663722390214963, -0.43617319734030496, -0.6125917406483781, -0.3199205739108339, 0.11880510341988418, -0.15675260665140123, -0.2101900535097356, 0.46746675490332795, -0.14370961187068748, 0.8072968150344985, 0.48049323871085853, 0.15461175453172585, 0.5127001032992511, 0.025068406148342805], [-0.349173064961444, -0.34956083295781815, -0.678519744222132, -0.2265448060237123, 0.3058184496629039, 0.2840078604232017, -0.06408254434892927, 0.49771922937671476, -0.38470305765485935, 0.3205715591006799, 0.6331756355144973, 0.06569291821368392, -0.09987232857563083, 0.4706329464845261, 0.589747108610151, 0.07325078098249926]], "inverted": false, "swapped": true, "error_lsq": 0.03166749099888849, "error_max": 0.2786112880668619, "target": "226.xyz", "model": "14.xyz", "model_rescale": 3.942246331269136, "target_rescale": 4.3076824655217045},
{"mapping": [10, 3, 8, 2, 6, 0, 13, 11, 14, 5, 9, 15, 1, 7, 16], "R": [[-0.5048529158234506, -0.8595207492823584, 0.07967192063489541], [0.6572383170463609, -0.32291475936294833, 0.6810020945574519], [-0.5596081914970754, 0.39616933215313666, 0.7279344285515766]], "T": [-0.05883188452409127, -0.026984861322172055, -0.05868978395873714], "aligned_model": [[-0.7244714542609668, -0.4397020849982853, -0.2645862641797858, 0.39112590399914765, 0.45194080592701946, 0.09957554622170742, -0.00760355051928191, -0.2737037980542984, -0.5903459898696323, 0.2922272588102599, 0.5179446338769782, -0.01368295922983672, -0.2445811277521961, -0.11092264468160135, -0.10892023875701796], [0.09930699576507034, -0.5773443621836928, 0.23461912948855831, -0.6115017235545112, -0.2516802896854454, -0.26973609274276494, 0.611568431142517, 0.7177768623605997, 0.4061665504626284, 0.45620977119301276, 0.2970409668687591, 0.1914562802589381, -0.697495308030161, -0.5024352378847837, -0.005807283577073313], [-0.2898754125448319, -0.44548639574058196, -0.7613082611430192, -0.13131135414096406, 0.46449484964282783, -0.7293969934306753, 0.2816782556058523, -0.23802468557083428, 0.40189174221944673, -0.5076645644522736, 0.21027890150448403, 0.6421717814423502, 0.021362819245231535, 0.5137582178426731, -0.02320642011916891]], "inverted": false, "swapped": true, "error_lsq": 0.03743746645673184, "error_max": 0.21514409395971135, "target": "226.xyz", "model": "15.xyz", "model_rescale": 4.355366556412066, "target_rescale": 4.3076824655217045},
{"mapping": [4, 2, 0, 13, 5, 9, 10, 15, 3, 6, 12, 16], "R": [[0.5369727651574177, -0.5591112290682916, 0.6317079095665508], [-0.19273334777428255, -0.8103277184015725, -0.5533740556312877], [0.8212880774338043, 0.1753956165924522, -0.5428832945903193]], "T": [-0.015522770829772357, 0.06710400836472508, -0.10000998378529558], "aligned_model": [[-0.12607606249424633, 0.4263370144799501, 0.13556366132255457, -0.62302398452869, -0.6002704576195158, -0.4609046281400798, 0.021341967259533964, -0.19419324595081897, 0.5897464943224293, 0.10082435569401943, 0.34917549991480695, -0.020712059628162884], [-0.5301377754865607, -0.4563344938522562, -0.523515668550416, 0.392798276759289, -0.3557898522257551, -0.12126003140098535, 0.45427443137741347, 0.5178113874567594, -0.018725024398904888, -0.04789188787394083, 0.5699121204892584, 0.13163494544707943], [0.028548497752735102, 0.18312943534472326, -0.502763658590962, 0.1260222501299511, -0.2937336374734192, 0.42550122729916273, -0.7010195672867302, 0.4530737453181345, -0.5731397783244727, 0.6472103503014768, -0.23853731492549302, -0.10503308833568539]], "inverted": true, "swapped": true, "error_lsq": 0.045676830305117266, "error_max": 0.19970111925397754, "target": "226.xyz", "model": "16.xyz", "model_rescale": 3.795458400668931, "target_rescale": 4.3076824655217045},
{"mapping": [1, 2, 6, 3, 15, 4, 0, 12, 8, 5, 9, 11, 16], "R": [[-0.4699917764178439, 0.5121264089391807, 0.7189118662024285], [-0.23459784873132333, -0.8576553407361708, 0.457592794826752], [0.8509239563381881, 0.046409673278120456, 0.5232347109624739]], "T": [0.015574652062123925, 0.026745766804694218, 0.03241772667835921], "aligned_model": [[0.11154892081366473, -0.13074058909180541, 0.45529593373090177, -0.3200130407669826, 0.7056509114325108, -0.3368727697241765, -0.6746883017597581, 0.31446767700589917, -0.6455008640707396, -0.4722870100389837, 0.20260945727063434, -0.11913263882200666, 0.058294114925064366], [-0.42023956499097065, 0.16518438659403778, 0.4499758801992253, -0.6002800043912073, 0.24923902951113908, 0.46467708458624457, -0.020964116890036785, -0.5344132320923811, -0.13071310561050226, 0.49386249598391907, 0.7155355129573551, 0.13623274413411773, -0.004315844520454682], [-0.4981371834687611, -0.6809002002653594, -0.42869007334073006, -0.2705490889327442, 0.15592236606718107, -0.23110463979815962, -0.20238017980348955, 0.060241913493817294, 0.4100817343674198, 0.3519343749178516, 0.0568044138059437, 0.8088631650713031, 0.07018842872202341]], "inverted": false, "swapped": true, "error_lsq": 0.04225190778795243, "error_max": 0.1918997033364672, "target": "226.xyz", "model": "17.xyz", "model_rescale": 3.7474275329858107, "target_rescale": 4.3076824655217045},
{"mapping": [2, 7, 9, 12, 0, 8, 4, 13, 3, 5, 10, 14, 11, 16], "R": [[0.6263097360597466, 0.7746001043970985, -0.08792492698191567], [-0.061780530577328296, -0.06311333396424965, -0.9960923015049867], [-0.7771224360153006, 0.6292943550866492, 0.00832670989790682]], "T": [0.08080277898767638, -0.037058389314035545, -0.07004558448355869], "aligned_model": [[0.5773917376932581, 0.13921104035229306, 0.6472417387419718, -0.4232690140415607, 0.18995480979075607, -0.22488631672299728, 0.6052839751659363, 0.10320198447530488, -0.2815665970308069, 0.33057056841593263, -0.6152190121151239, -0.43930934746390504, -0.22669054777931766, 0.03293262840113508], [-0.500078047740155, 0.04072335376620248, 0.3782425113292762, -0.023262776203955393, -0.6875033562164565, -0.35579858577286877, -0.2730166009900905, 0.6522417793634709, -0.6959668984264455, -0.022899381719312044, -0.11020845493135735, 0.5983115437062168, 0.35619417593300146, 0.0034289794137065954], [-0.3673805271745601, -0.8096412159481491, 0.05910591597546527, -0.4582877206645209, 0.24440061840686572, 0.5698005698077172, 0.16381390121060804, 0.15487352305097063, -0.24920283559817777, 0.634023660972744, 0.08053727988359521, -0.15977381917541236, 0.5494713605176884, -0.0869459926031792]], "inverted": true, "swapped": true, "error_lsq": 0.039825140328705495, "error_max": 0.30924730937829853, "target": "226.xyz", "model": "18.xyz", "model_rescale": 3.922800546911778, "target_rescale": 4.3076824655217045},
{"mapping": [1, 7, 12, 3, 13, 2, 15, 8, 9, 10, 14, 11, 0, 5, 16], "R": [[-0.8163022560684866, -0.5103499606010425, -0.27054305471036116], [-0.186754168472618, -0.2100327595470604, 0.9596922009035751], [-0.5466017812773758, 0.8339239519473951, 0.0761402329444743]], "T": [-0.012890564468713256, 0.03952356623627263, 0.011051871585336373], "aligned_model": [[-0.23625020447610515, -0.2670435912418976, 0.31623029469611375, 0.01927535983219017, 0.27999655096390996, -0.706772471780471, 0.030682298902035887, 0.3436934157027337, -0.3265369784380907, 0.6226150790359837, 0.6420878148770248, 0.5896768342926518, -0.24050986852501557, -0.009463777138041937, 0.03837008018459631], [0.44853234384518204, -0.06965977757895961, 0.20204572109857555, 0.7812281995871874, -0.6057593882557414, 0.2836571893087347, -0.6116478228932584, 0.4610049544221464, -0.5506829618942697, 0.36417029964748443, -0.364639183846713, -0.20173502558384512, 0.6120363202758567, -0.049835690954564325, 0.018896327856763078], [-0.5117461303606606, -0.6817312539663022, -0.5088295158644063, -0.20437537567778014, 0.16613926028944576, -0.08017607880984402, -0.32812230078593735, 0.5584507588095962, 0.26262735614162724, -0.045600934081247275, -0.28881230767595906, 0.47116902302203556, 0.4038467725098123, 0.7528747000371472, -0.02305480642419775]], "inverted": true, "swapped": true, "error_lsq": 0.03641121054905177, "error_max": 0.2462541783475041, "target": "226.xyz", "model": "19.xyz", "model_rescale": 3.9282355846067225, "target_rescale": 4.3076824655217045},
{"mapping": [14, 13, 9, 11, 10, 5, 8, 4, 3, 1, 6, 12, 2, 16], "R": [[0.5147988340705487, 0.8241676847636654, 0.23607157353417957], [-0.24259705703360354, -0.12406489213099005, 0.9621614056171452], [0.8222705323421475, -0.5525898387880706, 0.1360721930077418]], "T": [-0.00652170920595424, -0.10421135948777593, 0.08565728176648923], "aligned_model": [[-0.7089423744291827, -0.1782171828034485, 0.409069648173329, -0.3463401895743853, -0.6193439326495878, 0.30863470713504293, -0.11508940341564997, 0.5899807225618623, -0.1585985957699853, -0.04350715688367299, 0.42078495467453836, -0.5315853415535021, 0.5721513877254589, -0.06647442410614082], [-0.5362729522263732, -0.7299149367731271, -0.6658800385984655, -0.2964559425889748, 0.21358995721623286, -0.11713273024137666, 0.3714810005193192, -0.03021152522768733, 0.6115670225426741, 0.24887828304685278, -0.5517322726887675, 0.0045624428703257, 0.12857307617007088, -0.12816929659586743], [0.038852141914057045, -0.2387510251522637, -0.06205920970006806, -0.6075716788890961, -0.1038782304352748, -0.5916959495288967, -0.5196311384442649, -0.06976451617588883, 0.33486249253579153, 0.6893585661604681, 0.535360500485123, 0.4284211796345548, 0.48608794935534966, 0.09259207548409215]], "inverted": true, "swapped": true, "error_lsq": 0.04189351877188618, "error_max": 0.2540882911918284, "target": "226.xyz", "model": "20.xyz", "model_rescale": 4.067790424073018, "target_rescale": 4.3076824655217045},
{"mapping": [14, 3, 15, 9, 7, 1, 6, 10, 12, 8, 0, 4, 5, 2, 16], "R": [[-0.8769488707036094, 0.4805445785515385, -0.006130758223011845], [-0.31931425865334523, -0.5730899243553266, 0.7547226926647106], [0.35916442250357894, 0.6638108515436689, 0.656015297825089]], "T": [0.11106517657183843, -0.0044808742699927635, -0.02487375112647932], "aligned_model": [[0.13360506951465825, -0.02098883737971835, -0.20378943995930185, 0.15061073917314605, -0.6245630801033409, -0.43098300004511414, -0.42318210562809644, 0.37985358943849534, -0.18153851629385845, 0.7849750181485008, 0.38168560248922445, 0.24152266966478045, 0.7601103705459017, -0.2829724725991244, 0.10409834694136258], [-0.06767270034998972, 0.7304445704327883, -0.4947254203208431, -0.7095176263139457, -0.021538994867644757, 0.41600749509073515, -0.5213550277034568, 0.5247881613172434, 0.385179000206065, 0.3664838066158258, 0.33722384772954306, -0.23764186383946334, -0.2665152209721384, -0.0034052749892606766, 0.003140387892389237], [-0.8481364542242593, 0.1751653370823304, -0.473748730562148, 0.08174411801069281, -0.14744336863610635, 0.11608285653235254, 0.1554589653984159, -0.42499815916473677, -0.43421335209346323, 0.08770941012670705, 0.5615319986311833, 0.535540254132107, 0.23661480666697904, 0.6029232226352648, -0.08898133091417834]], "inverted": true, "swapped": true, "error_lsq": 0.040323478309698374, "error_max": 0.279180586981244, "target": "226.xyz", "model": "21.xyz", "model_rescale": 4.186013935880536, "target_rescale": 4.3076824655217045},
{"mapping": [8, 0, 5, 14, 12, 11, 10, 3, 9, 2, 1, 15, 16], "R": [[-0.31165060007162326, 0.2825231836800822, -0.9072235414484502], [0.7521227900401422, 0.6568211775163678, -0.05382610396679599], [0.580676512506946, -0.6991184387850765, -0.4171908392732132]], "T": [0.021099135728645545, 0.07202787457920093, 0.05537046794389262], "aligned_model": [[-0.03511782851629234, -0.4266449291022688, 0.35012249606346657, 0.5053768698838313, -0.17866710023877036, 0.6007368742157353, -0.05498743349729996, -0.6866454114076497, 0.5088353271528269, -0.4692521058352712, -0.5910291500425832, 0.4900230419660932, 0.04582338478140709], [-0.3278108621167519, 0.14784817841246578, 0.19663319500250676, -0.44645645040323556, -0.35811384491181286, -0.3505235170879466, -0.6365845597804952, -0.23140124915842972, 0.5933156537525224, 0.6278618657338755, 0.07649269968707229, 0.20128781417577082, 0.02640773624055185], [-0.6090186310070366, -0.5170330341808367, -0.6038071037358028, 0.4783501517563519, 0.4797313991049437, -0.2888262559583192, -0.012095943588333671, -0.012436106592536397, 0.03586400406465602, 0.05505374063906167, 0.3956269695417692, 0.607062528627615, 0.09440784266381412]], "inverted": true, "swapped": true, "error_lsq": 0.04157092729664274, "error_max": 0.26049279197271724, "target": "226.xyz", "model": "22.xyz", "model_rescale": 4.166573947596378, "target_rescale": 4.3076824655217045},
{"mapping": [13, 15, 6, 4, 9, 14, 7, 11, 5, 0, 10, 2, 1, 10, 3, 16], "R": [[-0.6824513579894619, 0.07688376052533683, -0.7268762145962832], [-0.036769972362520595, 0.9895822894952967, 0.13919361138251427], [0.7300055569040546, 0.1217200874331332, -0.6725147635587428]], "T": [-0.05250335816370823, 0.039872752787651934, 0.007840086173888917], "aligned_model": [[-0.6992968213059252, -0.33590499062432616, 0.2166470593653041, 0.15263808752117852, -0.2704776606984173, -0.6429479784020982, 0.32958206131934276, -0.8001544283799045, -0.3905687060119473, 0.2958115378728396, -0.294610048422494, 0.621235683807444, 0.5464829273614603, -0.294610048422494, 0.4416069776452267, -0.08820041160443304], [0.013795764017494959, 0.3086363968746356, -0.054607786599609374, -0.5431640393648058, -0.37603475746732407, 0.6050895244442591, 0.4951923167686424, -0.06129463854239547, -0.5993435024186731, -0.37444397176343497, 0.4360515690772859, -0.22132531896091232, 0.40040685659411446, 0.4360515690772859, 0.2907417455389608, 0.09395571034615435], [-0.31957900088827923, -0.6153866061160751, -0.701899597157877, -0.05074445197370374, -0.5302270003696995, -0.11118883232362471, -0.44289048690537897, 0.2603950452606895, 0.19602172234916432, 0.4986431222949395, 0.55272462521502, -0.15722698135025676, 0.04938583841554038, 0.55272462521502, 0.5468104315607529, 0.003698079937861899]], "inverted": false, "swapped": true, "error_lsq": 0.04012258947487817, "error_max": 0.26090987899397833, "target": "226.xyz", "model": "23.xyz", "model_rescale": 4.274766983524099, "target_rescale": 4.3076824655217045},
{"mapping": [9, 4, 2, 7, 3, 12, 14, 10, 11, 8, 16], "R": [[0.5894367583528076, -0.6666382287007928, 0.45624311494772524], [0.06665449099994536, -0.5227251282746018, -0.8498915337264156], [0.8050599274166315, 0.5313679631902645, -0.2636789733045804]], "T": [-0.035514069032216586, 0.09600114639590983, -0.06368617708176302], "aligned_model": [[0.3698306895161186, 0.16117594875892943, -0.4101001734988534, -0.6359060280419412, -0.5556573769720646, -0.46298403704016516, 0.07380980501070768, -0.06714913818036844, 0.6246976972243375, 0.3232549469381845, -0.04107762975681002], [-0.05410534810698138, 0.5445414763484987, 0.5292662946768595, -0.2420782221295667, 0.4988386835018702, -0.2120349381777032, -0.645043881915327, 0.017685939910686482, -0.09669627811132774, 0.5350176173826888, 0.04019518786378583], [-0.632168111974101, -0.4452247349739131, -0.534177864328192, -0.34950965191828465, 0.3421982480782898, 0.2932365664174301, 0.2843989971910095, 0.6471854116485459, 0.3363001945710282, 0.46828522122674043, -0.03095784191697591]], "inverted": false, "swapped": true, "error_lsq": 0.05013574229229006, "error_max": 0.2476237994634889, "target": "226.xyz", "model": "24.xyz", "model_rescale": 3.7841303162186577, "target_rescale": 4.3076824655217045},
{"mapping": [1, 7, 14, 9, 15, 13, 6, 2, 12, 10, 0, 4, 11, 5, 8, 16], "R": [[-0.7627093245898804, -0.6305338962775218, -0.14388013006922212], [0.43759682363730834, -0.3393182787738913, -0.8326896934827898], [0.47621791873698666, -0.6980616816120274, 0.5347208454313348]], "T": [-0.0020355300547593193, -0.0008367484987154769, 0.041555993015229414], "aligned_model": [[0.09897970505009929, 0.1797668088537311, -0.6267489214029088, 0.4172717754290617, 0.003534765891770455, -0.1831772616215424, 0.5923226839735506, 0.6359412492189446, -0.4102186058261663, -0.6781410257118331, 0.19055828393328622, 0.5068190344827184, -0.5063939357836056, 0.09574375970436405, -0.34470773611626154, -0.05370803160243], [0.033371321212320594, -0.48441340309021325, -0.5306371974172137, -0.31841040788787756, -0.7284156826700474, -0.4445109655678397, -0.47599734605515853, 0.17200435340609738, -0.18725499532434037, 0.2026104200416323, 0.7020494523875485, 0.2803428614151702, 0.04842140077101285, 0.3610587051804313, 0.6462154546732322, -0.039621502706793106], [-0.6506298129844658, -0.4965562177133892, 0.14789222844376687, 0.5246050564690005, 0.14907230805682753, 0.5861346503940621, -0.036287809703462515, -0.29386530735533023, -0.40971494741790315, -0.07660945534427661, -0.010672799106992842, 0.2593910704686313, 0.6549051631658575, 0.6879063775822367, 0.30298178133694786, 0.03506772952574305]], "inverted": false, "swapped": true, "error_lsq": 0.037591999826624305, "error_max": 0.2918743063279764, "target": "226.xyz", "model": "25.xyz", "model_rescale": 4.19342608120988, "target_rescale": 4.3076824655217045},
{"mapping": [4, 2, 0, 13, 5, 9, 10, 15, 3, 6, 12, 16], "R": [[0.5369727651574177, -0.5591112290682916, 0.6317079095665508], [-0.19273334777428255, -0.8103277184015725, -0.5533740556312877], [0.8212880774338043, 0.1753956165924522, -0.5428832945903193]], "T": [-0.015522770829772357, 0.06710400836472508, -0.10000998378529558], "aligned_model": [[-0.12607606249424633, 0.4263370144799501, 0.13556366132255457, -0.62302398452869, -0.6002704576195158, -0.4609046281400798, 0.021341967259533964, -0.19419324595081897, 0.5897464943224293, 0.10082435569401943, 0.34917549991480695, -0.020712059628162884], [-0.5301377754865607, -0.4563344938522562, -0.523515668550416, 0.392798276759289, -0.3557898522257551, -0.12126003140098535, 0.45427443137741347, 0.5178113874567594, -0.018725024398904888, -0.04789188787394083, 0.5699121204892584, 0.13163494544707943], [0.028548497752735102, 0.18312943534472326, -0.502763658590962, 0.1260222501299511, -0.2937336374734192, 0.42550122729916273, -0.7010195672867302, 0.4530737453181345, -0.5731397783244727, 0.6472103503014768, -0.23853731492549302, -0.10503308833568539]], "inverted": true, "swapped": true, "error_lsq": 0.045676830305117266, "error_max": 0.19970111925397754, "target": "226.xyz", "model": "26.xyz", "model_rescale": 3.795458400668931, "target_rescale": 4.3076824655217045},
