[{"mapping": [7, 5, 4, 6, 8, 1, 3, 11, 2, 0, 12, 9, 0, 13], "R": [[0.5440034456819296, 0.2164207744454807, -0.8106924814469458], [-0.6941319970626103, 0.6588966730035226, -0.28988953923651983], [0.47142446026915147, 0.7204284993622253, 0.5086666448339541]], "T": [-0.1252894086017412, 0.048613407933314035, 0.016955246223804024], "aligned_model": [[0.33411926349470544, -0.7070712200969093, 0.6665807008227094, 0.1323906805981107, 0.01517066188641239, -0.4607104002889115, -0.010695482988889782, -0.4601172194689186, 0.5433639978056201, 0.1795008025379451, -0.3214412549470585, 0.30718868196119536, 0.1795008025379451, -0.06272656558355842], [-0.1190941278065652, -0.4086021932450802, -0.4641617235265656, -0.6196632908677288, -0.5908231074983962, 0.39204511910655193, -0.109331291987939, -0.23671434874793024, 0.09739326679210102, 0.6984006331057823, 0.5418454103424681, 0.46720539634647706, 0.6984006331057823, 0.01513232851175722], [-0.5594233940241722, 0.17470529628426512, -0.13604024706764067, 0.28445012403867004, -0.40962539439847684, 0.33725437441367084, 0.5018490591118983, -0.5248383022616161, 0.39349394659768716, 0.3003135419850476, -0.21405655639325982, -0.40076071011923237, 0.3003135419850476, -0.12968980227647386]], "inverted": true, "swapped": false, "error_lsq": 0.048998900437000135, "error_max": 0.39563990604985844, "target": "227.xyz", "model": "0.xyz", "model_rescale": 3.8414455957264533, "target_rescale": 4.005977872870139},
{"mapping": [12, 9, 10, 6, 8, 7, 2, 13, 5, 3, 0, 1, 4, 14], "R": [[-0.2734947865715629, 0.19361335322047996, 0.9421860066743175], [0.9476557864027, 0.22203224990455211, 0.2294562932233561], [-0.16476987654196837, 0.9556231210351935, -0.24420347730386702]], "T": [-0.019216020516716347, 0.027348481133561246, -0.023867748215108526], "aligned_model": [[0.2762333429215073, -0.5649849559907681, 0.5843965954697867, 0.19690117992528788, -0.05724824943768422, -0.5822597717302708, -0.03302153286805988, -0.5257878514405312, 0.5023052109025802, 0.5438599719608159, -0.4249493800389098, 0.4007491739455839, -0.03180630952459007, 0.050666024175649416], [-0.2279195683396832, -0.36108027042998303, -0.27722455379720673, -0.548163609698241, -0.6682863872073052, 0.19104631067108863, 0.01793394661631762, -0.12078239173330074, -0.025938631970344468, 0.5440783603788085, 0.6007454208526338, 0.6981012677408142, 0.4704662467775375, 0.06905656376957917], [-0.6794876384176148, 0.10562763403363419, -0.1300203582884437, 0.4579064341184412, -0.3966251452071193, 0.2390766507729539, 0.7139164356672588, -0.5681923069643213, 0.37550535270487784, 0.14734130712569457, -0.20307087318452294, -0.3734644099091087, 0.29125978984143625, -0.06182739441775058]], "inverted": true, "swapped": false, "error_lsq": 0.03869088692156697, "error_max": 0.24311674827089785, "target": "227.xyz", "model": "1.xyz", "model_rescale": 4.316132596720782, "target_rescale": 4.005977872870139},
{"mapping": [1, 3, 4, 10, 7, 5, 11, 12, 2, 6, 8, 13], "R": [[0.7472513201319468, -0.5034335343924263, 0.4337858238926349], [0.5117441263198239, 0.8523640118366747, 0.10767330450417674], [-0.4239497773772532, 0.1415283285241463, 0.8945592872956709]], "T": [-0.039524863137905895, 0.025391834242196962, -0.09362219083001103], "aligned_model": [[-0.20940675940235717, 0.5736867862380515, 0.18797687779062844, -0.6643272140886334, -0.49686387451656727, -0.5059753202701244, -0.1698549315488521, -0.16426410961333338, 0.5117447166050841, 0.16700515057865353, 0.4664593206870106, -0.09837208782777981], [-0.5768700041386228, -0.4308752149834873, -0.5240569665287679, 0.3150568077752756, -0.3575163021709464, -0.06815231974638265, 0.5826786001207022, 0.6526919731466203, 0.03742585557860537, -0.03442055836940609, 0.34450941245306016, 0.07230514460433006], [0.23505323933966174, 0.08141275113732149, -0.5775487950690297, -0.06389029675866911, -0.37790513105671897, 0.44680525630112033, -0.6039349151941775, 0.36634592260556, -0.5829377589619653, 0.5858803497748127, 0.08045951257879036, -0.14048167348728507]], "inverted": false, "swapped": true, "error_lsq": 0.045417710457416306, "error_max": 0.2395174059822699, "target": "227.xyz", "model": "2.xyz", "model_rescale": 3.795458400668931, "target_rescale": 4.005977872870139},
{"mapping": [12, 8, 6, 4, 10, 7, 3, 11, 2, 0, 5, 13], "R": [[-0.40861079098421893, -0.21611624852463615, 0.8867530595463928], [0.9124750646468878, -0.11871134492974961, 0.39153144571365905], [0.020651341092259468, 0.9691240290636735, 0.2457074243943056]], "T": [0.010129609204785617, 0.0253305430321682, 0.05691981408712159], "aligned_model": [[-0.21005502070273976, -0.15293764256456976, -0.6824826953168079, 0.25659140610406306, 0.18611740993280673, 0.24818343454078737, -0.4049381638583675, 0.6782273689640617, 0.3679545508884859, 0.6633788174013584, -0.4357639920563486, 0.07902835241083578], [-0.09230690088793847, -0.5567308708105367, -0.10222960061169942, 0.016267997056291093, 0.4782337746336645, 0.5831916659106793, -0.33811316754670934, -0.11046048876572409, -0.5081621029514158, 0.1412571470718051, 0.5174939041413982, 0.05732768804989516], [-0.6902857599008368, -0.09399090250273558, -0.05249900030482825, 0.782874659800054, -0.4320328594615364, 0.3190566985344709, 0.6141206675089864, -0.29404987390773085, 0.41860973684738606, 0.3269371239324214, -0.2211853560428293, 0.011216296136278822]], "inverted": true, "swapped": true, "error_lsq": 0.03757540711790341, "error_max": 0.253509836391612, "target": "227.xyz", "model": "3.xyz", "model_rescale": 3.7530521520055578, "target_rescale": 4.005977872870139},
{"mapping": [2, 3, 4, 1, 0, 6, 11, 8, 9, 10, 13], "R": [[-0.847030231301572, -0.07495275606387247, -0.5262336663685017], [-0.5246201677571793, 0.2771629777613648, 0.8049561251030286], [0.08551880988200715, 0.9578949671633541, -0.27408714862153294]], "T": [0.02711640472895018, 0.046468234725570004, 0.025367995908815652], "aligned_model": [[-0.37368975050910347, -0.24647544604632107, 0.2033365760323295, 0.4604882418923246, 0.26697588659340715, -0.1928947670382512, -0.11191275644902954, -0.5876305514822673, -0.512830600657207, 0.3775182514204814, 0.05531451868884178], [-0.5337867276101487, 0.08162606723501549, -0.5000180306539547, 0.367328152846587, -0.6209592405949796, 0.6726265265635114, -0.40040533708111464, 0.1424617695571953, 0.039200852734263755, 0.20537737726967326, 0.013751948048297616], [-0.18941397969411605, -0.7086325518100552, -0.4827020760909241, -0.4316270617695862, 0.12582120539789132, -0.23439487561887506, 0.6327792618285277, -0.006754948623346843, 0.6876412853098695, 0.5973244544103414, 0.10279006390559031]], "inverted": false, "swapped": true, "error_lsq": 0.04946686946907148, "error_max": 0.24344099553471374, "target": "227.xyz", "model": "4.xyz", "model_rescale": 3.7855080009869324, "target_rescale": 4.005977872870139},
{"mapping": [2, 13, 9, 15, 14, 6, 8, 12, 10, 5, 4, 0, 7, 16], "R": [[0.4100198773429117, 0.12538356415364937, -0.9034172137079477], [-0.9060197668343162, 0.16995237598663027, -0.38761368913131916], [0.1049375161188576, 0.9774431705918392, 0.18328383991551944]], "T": [-0.03063081837219103, 0.03119937001146749, -0.05691891092237585], "aligned_model": [[0.3339766534487362, -0.5915550155437259, 0.5710545358502108, 0.14812196153432172, 0.0607777639795926, -0.5385654612623856, -0.1535702909286097, -0.45113115923128144, 0.48219298935098204, 0.5011056936001239, -0.23282772734955998, 0.19823703899388864, 0.016029641569382403, -0.008793175741278754], [-0.13731038422145722, -0.3744955738809264, -0.3451872549591947, -0.6449551836984666, -0.5771470072399463, 0.3282656234151251, -0.1813483820229791, -0.2864015076280662, 0.035597046753578575, 0.637704166994027, 0.7392755702756968, 0.5972543619340269, 0.5824739545295162, -0.011692726620219113], [-0.6769604754963993, 0.15672400705763825, -0.11368036180675083, 0.37917806207660043, -0.3384443181068559, 0.22562508159504965, 0.6026409522866231, -0.48747019575397366, 0.460726408525084, 0.01024847470460797, -0.1258049652782223, -0.5423827440806499, 0.4483420175278678, -0.08079646537520414]], "inverted": false, "swapped": false, "error_lsq": 0.03634949702906529, "error_max": 0.2588142989172674, "target": "227.xyz", "model": "5.xyz", "model_rescale": 4.2253639853439635, "target_rescale": 4.005977872870139},
{"mapping": [5, 4, 8, 1, 10, 3, 0, 2, 9, 12, 6, 11, 7, 13], "R": [[0.1608738088203392, 0.9822810851061978, 0.09614305735843404], [0.6536408656712487, -0.17902228660167196, 0.7353262130676761], [0.7395087804483307, -0.05545169738158601, -0.670859055910646]], "T": [0.05532915781866553, -0.02346845266670675, -0.005221276276377423], "aligned_model": [[0.09349874011598185, -0.5084288991120359, 0.6706040232360413, 0.08693921748893885, -0.0021997185160168575, -0.5726149440325545, -0.02262644324187757, -0.4505234835135513, 0.5300568492069215, 0.4538026812046118, -0.21705964565791785, 0.4571421624647152, -0.18292251500172685, -0.0006145763711322], [-0.050892379621423595, -0.40423534571392683, -0.36451847330088005, -0.6762249562708903, -0.6580795345807443, 0.273931265836788, 0.07027979351652172, -0.14202110840228155, -0.10235485701458974, 0.7927540425574201, 0.4898785130518802, 0.4912672488687894, 0.6426457101789087, -0.00039721547485655623], [-0.6365154055602759, 0.1899830746264971, -0.2310233998486568, 0.3288678332263861, -0.4551898057189401, 0.1370780037029968, 0.7873674190299949, -0.42975629852129676, 0.3702876872965605, 0.21005402170163323, -0.28089717411879694, -0.42847918308410915, 0.35383203241424194, 0.002336672729180627]], "inverted": false, "swapped": false, "error_lsq": 0.036282356250236014, "error_max": 0.2280036637573293, "target": "227.xyz", "model": "6.xyz", "model_rescale": 3.89814844738969, "target_rescale": 4.005977872870139},
{"mapping": [3, 1, 7, 3, 0, 5, 6, 2, 8, 12, 10, 9, 13], "R": [[0.0772810012077908, -0.2032334834663876, -0.9760757132776325], [-0.666458663015398, 0.7176036390145945, -0.2021827583270635], [0.7415257900734469, 0.6661390008632802, -0.07998958797756872]], "T": [0.018015753890582853, 0.09824727269216361, -0.016325547261409775], "aligned_model": [[-0.19812622723544107, -0.1006474853638403, 0.4955985010718774, -0.19812622723544107, 0.7262046153278064, -0.34193955947441756, -0.6572112440783381, 0.32732375345275866, -0.354142314274974, -0.5288452441746064, 0.08559869893635846, -0.1731652824342106, 0.06610981638669068], [-0.5604131642481344, 0.1760599917022756, 0.3782804709150961, -0.5604131642481344, 0.05767918601820406, 0.6265279125932369, 0.02588707303320195, -0.5202499225283264, -0.2661227468292674, 0.4659511204278846, 0.7680448886086906, 0.21642529300984314, 0.15612432701591464], [-0.3827876201332637, -0.7087639455723143, -0.37700619527560997, -0.3827876201332637, 0.0832014341535199, -0.34759598240916556, -0.2326317521730834, 0.23913966239945084, 0.32557110911164694, 0.4153837744050737, 0.13190218098813583, 0.8081047167295176, 0.030545268745651038]], "inverted": false, "swapped": true, "error_lsq": 0.05329849156313929, "error_max": 0.40064819149036396, "target": "227.xyz", "model": "7.xyz", "model_rescale": 3.7474275329858107, "target_rescale": 4.005977872870139},
{"mapping": [11, 5, 10, 6, 7, 8, 3, 9, 0, 1, 4, 12, 2, 14], "R": [[-0.4159948002151724, 0.789406556993929, -0.45142619991414934], [0.8783138590318103, 0.22016747719561486, -0.4243713550865186], [-0.23561216273059515, -0.5730301647909202, -0.7849352451082207]], "T": [0.07834587156240325, 0.10882496477524863, -0.08128151153878517], "aligned_model": [[0.072355983919479, -0.3779030293026003, 0.6050099102772525, 0.21011396212310862, -0.011328875467569416, -0.5709660431505215, -0.11984607778823711, -0.47697512849012913, 0.5173241184631988, 0.505924613804793, -0.42847421910925176, 0.48777393985498346, -0.14915228942541425, 0.07119658256130498], [-0.11520980444906027, -0.3906015309707505, -0.40177564866042714, -0.571582171002201, -0.5417032350290549, 0.22519780601216755, -0.06529599420713454, -0.23918766726719526, -0.04243789684088266, 0.5871262146834237, 0.6999320187366301, 0.31759402139999054, 0.7318329114971952, 0.16814367972801403], [-0.6611543415752533, 0.1541576097393817, -0.27409064921627635, 0.3507154772132865, -0.26197222222558236, 0.09210163380933421, 0.5854541031093755, -0.46967079425387803, 0.3862983031138202, 0.3101340650145068, -0.15842872337562047, -0.4928963274645206, 0.43707664738061625, -0.07977930339377448]], "inverted": false, "swapped": false, "error_lsq": 0.04251571066532588, "error_max": 0.23024736357924558, "target": "227.xyz", "model": "8.xyz", "model_rescale": 4.019505241142653, "target_rescale": 4.005977872870139},
{"mapping": [10, 7, 11, 9, 12, 8, 2, 5, 6, 1, 4, 3, 13], "R": [[-0.736349253755713, -0.06689634704282865, -0.6732864585343524], [-0.4503147741613286, 0.7911477215957718, 0.41388632109052703], [0.5049815646787873, 0.6079557231954846, -0.6126854478183883]], "T": [-0.01952463391982886, -0.0303493338512024, 0.01378758513744004], "aligned_model": [[-0.36917817764315003, -0.668387387057095, 0.004379521453771219, 0.471920924681967, 0.3350345725392649, 0.6033592503610443, 0.2857447462048629, -0.28216654939961694, 0.32076518745047583, -0.3633756365033778, -0.25874641839136336, 0.2977450851065645, -0.05739434706217132], [-0.5387755618966198, 0.09410829588107836, -0.03142490766967238, -0.369546213524348, -0.7156414009245537, -0.022457911055136344, 0.5992365145553172, -0.6074292767523397, -0.3438483750980408, -0.05173302756782678, 0.6901011555531835, 0.41518634870632126, -0.054397412093304134], [-0.29347928611258234, 0.004741682380403445, -0.7526333026912644, -0.5974637813813994, -0.14526762911118452, 0.003117317321265068, -0.2183868266317398, 0.3549419886724001, 0.5558918741567912, 0.6309714675507705, 0.12130509643540797, 0.5756445589358594, -0.06267966548084851]], "inverted": true, "swapped": true, "error_lsq": 0.042100524452894465, "error_max": 0.2357267965991295, "target": "227.xyz", "model": "9.xyz", "model_rescale": 3.877068213659057, "target_rescale": 4.005977872870139},
{"mapping": [9, 6, 2, 13, 14, 12, 3, 10, 4, 1, 0, 8, 5, 15], "R": [[-0.8991068881339611, -0.4376839645616276, -0.006288948694402691], [0.048472263790567585, -0.0852741417279444, -0.9951777531655239], [0.435037059746733, -0.8950760123688819, 0.09788610079443905]], "T": [0.035089061147575026, 0.001986500692415648, -0.015591174956281525], "aligned_model": [[0.21437299732529086, -0.4530990564869822, 0.5882332298786752, 0.14001114666108733, 0.008653760701682986, -0.6200318772947532, -0.06841498967654967, -0.43420417528097954, 0.5337658106351435, 0.38248879188857876, -0.2302072546859273, 0.3517536074168908, -0.0788670967607343, 0.0005985539489738803], [-0.20306014630240363, -0.3061723795328276, -0.32819183014232395, -0.7248409002706316, -0.6806980328179086, 0.3258029967016072, -0.030068169580929692, -0.28799948894119526, 0.0248292570250408, 0.7641474747882887, 0.7402780035006831, 0.4099854403553065, 0.5740627780436424, 0.08395770080436629], [-0.6168053187390604, 0.2012383467043996, -0.1748681550741582, 0.2259699583919213, -0.3934331382619895, 0.1398264837582368, 0.6097253467388432, -0.4615539127702231, 0.4414541048012194, 0.21097159084989175, -0.15090398780144743, -0.5888130919989771, 0.504733886144247, -0.029596634867487953]], "inverted": false, "swapped": false, "error_lsq": 0.038147681764750495, "error_max": 0.2111642664496044, "target": "227.xyz", "model": "10.xyz", "model_rescale": 4.260839863003843, "target_rescale": 4.005977872870139},
{"mapping": [6, 12, 10, 5, 7, 1, 3, 8, 11, 0, 2, 13], "R": [[0.8468515765093201, 0.06923223840342631, 0.5273038066706236], [0.11775775358548311, -0.9912900042207704, -0.058968118525909434], [0.5186284979001635, 0.11203135586806139, -0.8476281357223721]], "T": [0.004711550838445258, 0.046324282046252344, -0.016382599135938182], "aligned_model": [[0.22582785064405367, 0.30241486695656977, -0.34909515263434954, -0.3660791541591139, -0.6184643699956576, -0.4262100026345556, 0.2825251765506128, 0.6195735103128244, 0.14050420746928965, -0.23530458423401635, 0.4071199003789741, -0.023913599560500813], [0.04449826332968131, -0.6316820735155648, -0.540836445665524, -0.2728821159583236, 0.16150790759151137, 0.34748926672760777, 0.7090119649454347, 0.03568877063093252, -0.3436900025347294, 0.21120189796068894, 0.46521166174040446, -0.012440589719185303], [-0.6939223538219788, -0.2852991784840686, 0.05594206181201141, -0.5445964685840282, 0.17064388685724297, -0.48883681469524987, -0.3302456303316732, -0.11634318713993544, 0.6297000233135642, 0.6380564582444677, 0.4375706757601353, 0.04350860446501717]], "inverted": false, "swapped": true, "error_lsq": 0.04422227844814519, "error_max": 0.28581843519511285, "target": "227.xyz", "model": "11.xyz", "model_rescale": 3.890672605050136, "target_rescale": 4.005977872870139},
{"mapping": [3, 6, 7, 5, 8, 11, 9, 0, 12, 10, 2, 4, 10, 13], "R": [[0.3300878478440435, -0.22726904065742004, 0.9161827306080069], [0.45138427695366534, 0.8904262412554151, 0.058252411132676235], [-0.8290321147125151, 0.39432206639041834, 0.3965045532309637]], "T": [-0.16471241269947157, -0.055858333067145535, -0.026615036424037015], "aligned_model": [[0.2674128358604903, -0.6500506324519382, 0.6396181692166757, 0.29080871236654493, -0.10390935821552423, -0.4309158238904528, -0.1897922604571335, -0.3000214210540833, 0.4835258999971299, 0.19859661854988053, -0.22824433047516696, 0.16135059594905093, 0.19859661854988053, -0.001922175674955895], [-0.2483047412879245, -0.34720417139888843, -0.31950158636633763, -0.533555869522552, -0.7087643108311118, 0.32783664290526693, -0.22236073688108815, -0.08878765865611316, 0.10486874066495004, 0.6851381441051047, 0.6470331627152582, 0.40997670982504403, 0.6851381441051047, -0.029479765745997852], [-0.8198963897419805, 0.08119386337480972, -0.12912708576776682, 0.3848187372480887, -0.32529181590920925, 0.2643764981247662, 0.7332983578400941, -0.6004631622566159, 0.3036667288414004, 0.3175815252577066, -0.11305214793989968, -0.43617293346650277, 0.3175815252577066, -0.06056822298718224]], "inverted": false, "swapped": false, "error_lsq": 0.05349690289371184, "error_max": 0.3883313082173384, "target": "227.xyz", "model": "12.xyz", "model_rescale": 4.124412569039231, "target_rescale": 4.005977872870139},
{"mapping": [8, 2, 4, 9, 3, 6, 11, 5, 0, 10, 1, 7, 13], "R": [[-0.5795121742780251, -0.8121960566701898, 0.06710592666039122], [0.2223338220137152, -0.2367811187279869, -0.9457813560240529], [0.7840493042228465, -0.533171892866941, 0.31779619444599017]], "T": [0.10248995280080911, 0.056126891010554854, -0.02187835923290072], "aligned_model": [[-0.17504725242380678, 6.412464009400431e-05, 0.5506523749457293, -0.7375699315490842, 0.5868013948528766, 0.2918522230330214, -0.5425515016724626, 0.2950986837394469, 0.0526600618396715, -0.17927601689947006, 0.7555422640305408, 0.42186388832091815, 0.04720799465228262], [-0.2372024213696488, 0.46148396006132414, 0.6032972976876562, -0.07958649273989932, -0.10429509668295656, -0.6200343631705677, 0.4635463617227216, -0.3941230018098516, 0.7695287245932753, 0.05022391940010757, -0.12836574016726104, 0.462808837832357, 0.10020339115122076], [0.4525597048813834, 0.5853014236419879, 0.2740793649752826, 0.056113701245226875, 0.5735648295021055, 0.10020259964607708, -0.0987187112553102, -0.5496711917897539, -0.06259271735529043, -0.6509577289594658, -0.21959499202858107, -0.4332230879018919, -0.07536511363393109]], "inverted": false, "swapped": true, "error_lsq": 0.03826122661745616, "error_max": 0.254566316733467, "target": "227.xyz", "model": "13.xyz", "model_rescale": 3.9028299243045295, "target_rescale": 4.005977872870139},
{"mapping": [1, 9, 12, 14, 11, 7, 10, 6, 5, 0, 3, 2, 4, 15], "R": [[-0.9177942089869078, 0.0204682532485035, 0.3965284864408252], [0.18083427350025366, 0.9106319812307919, 0.3715485974772595], [-0.353486570434765, 0.4127110918895181, -0.8394741205979075]], "T": [0.14658004741548283, 0.06966557287429632, -0.0198611801217628], "aligned_model": [[0.08980965548433043, -0.5028549681380946, 0.682849322896255, -0.021244965868529336, 0.07821184488330127, -0.6787023951742768, -0.11772305850614537, -0.36521082627511514, 0.5067277823418082, 0.35941922575424906, -0.1997172929193111, 0.4241189386677814, 0.03866389442459785, 0.04070629069954604], [-0.20413671213401086, -0.35314107172212117, -0.3661234435918661, -0.7207951873645155, -0.6207639139296495, 0.10317318575525324, -0.08994184827602238, 0.08033640262415648, 0.12835611373951564, 0.8708585543631555, 0.5750194182445332, 0.40198120551128536, 0.5271495961021785, 0.030060404308822654], [-0.6063832914415486, -0.03758569201083106, -0.10197991284255353, 0.3407732666825512, -0.273809208214294, 0.3521792554081278, 0.6583879933852159, -0.44690274396385654, 0.33923610905700285, -0.017473750164620605, -0.13555512242089007, -0.6154182753723416, 0.4684274090318107, -0.005950559258356934]], "inverted": true, "swapped": false, "error_lsq": 0.04402319569157011, "error_max": 0.2781104652410403, "target": "227.xyz", "model": "14.xyz", "model_rescale": 3.942246331269136, "target_rescale": 4.005977872870139},
{"mapping": [3, 2, 12, 0, 1, 9, 7, 5, 8, 11, 10, 4, 6, 14], "R": [[-0.45095430849305657, -0.44102033013295516, 0.7759776285827888], [0.664348019184426, 0.41474184657978436, 0.6217965182447716], [-0.5960553003348592, 0.7959210193888651, 0.1059613601163703]], "T": [0.08193921591079523, 0.10722109215215028, -0.06598663669885135], "aligned_model": [[0.09252285811736355, -0.405769995153554, 0.6717676846145602, 0.08963813302990598, 0.10672821282346984, -0.6414550580002023, -0.2864038132174888, -0.3757861082009031, 0.464299534380167, 0.48374050065168694, -0.20119309888886083, 0.24337746385088088, 0.006802068181252452, 0.0867850660821195], [-0.12408717466262356, -0.41836925616288034, -0.3680756592595361, -0.4932648272252943, -0.6155782920205511, 0.35650703127749644, -0.044504363300444355, -0.25137122844146964, 0.03942199029218088, 0.6572495960294015, 0.7353581027621142, 0.4626903836141506, 0.41361613021190025, 0.012440270516270502], [-0.7463779966685644, 0.19581945536273804, -0.3730234972983856, 0.35836565818462857, -0.43148354729078214, 0.1844520806743548, 0.690506791685918, -0.3203065798162511, 0.6033748463092268, 0.15792271361879756, -0.2511365874450735, -0.5033003134254588, 0.3958205514455669, -0.042688097461299625]], "inverted": false, "swapped": false, "error_lsq": 0.04447617414480224, "error_max": 0.25200594113543123, "target": "227.xyz", "model": "15.xyz", "model_rescale": 4.355366556412066, "target_rescale": 4.005977872870139},
{"mapping": [1, 3, 4, 10, 7, 5, 11, 12, 2, 6, 8, 13], "R": [[0.7472513201319468, -0.5034335343924263, 0.4337858238926349], [0.5117441263198239, 0.8523640118366747, 0.10767330450417674], [-0.4239497773772532, 0.1415283285241463, 0.8945592872956709]], "T": [-0.039524863137905895, 0.025391834242196962, -0.09362219083001103], "aligned_model": [[-0.20940675940235717, 0.5736867862380515, 0.18797687779062844, -0.6643272140886334, -0.49686387451656727, -0.5059753202701244, -0.1698549315488521, -0.16426410961333338, 0.5117447166050841, 0.16700515057865353, 0.4664593206870106, -0.09837208782777981], [-0.5768700041386228, -0.4308752149834873, -0.5240569665287679, 0.3150568077752756, -0.3575163021709464, -0.06815231974638265, 0.5826786001207022, 0.6526919731466203, 0.03742585557860537, -0.03442055836940609, 0.34450941245306016, 0.07230514460433006], [0.23505323933966174, 0.08141275113732149, -0.5775487950690297, -0.06389029675866911, -0.37790513105671897, 0.44680525630112033, -0.6039349151941775, 0.36634592260556, -0.5829377589619653, 0.5858803497748127, 0.08045951257879036, -0.14048167348728507]], "inverted": false, "swapped": true, "error_lsq": 0.045417710457416306, "error_max": 0.2395174059822699, "target": "227.xyz", "model": "16.xyz", "model_rescale": 3.795458400668931, "target_rescale": 4.005977872870139},
{"mapping": [3, 1, 7, 3, 0, 5, 6, 2, 8, 12, 10, 9, 13], "R": [[0.0772810012077908, -0.2032334834663876, -0.9760757132776325], [-0.666458663015398, 0.7176036390145945, -0.2021827583270635], [0.7415257900734469, 0.6661390008632802, -0.07998958797756872]], "T": [0.018015753890582853, 0.09824727269216361, -0.016325547261409775], "aligned_model": [[-0.19812622723544107, -0.1006474853638403, 0.4955985010718774, -0.19812622723544107, 0.7262046153278064, -0.34193955947441756, -0.6572112440783381, 0.32732375345275866, -0.354142314274974, -0.5288452441746064, 0.08559869893635846, -0.1731652824342106, 0.06610981638669068], [-0.5604131642481344, 0.1760599917022756, 0.3782804709150961, -0.5604131642481344, 0.05767918601820406, 0.6265279125932369, 0.02588707303320195, -0.5202499225283264, -0.2661227468292674, 0.4659511204278846, 0.7680448886086906, 0.21642529300984314, 0.15612432701591464], [-0.3827876201332637, -0.7087639455723143, -0.37700619527560997, -0.3827876201332637, 0.0832014341535199, -0.34759598240916556, -0.2326317521730834, 0.23913966239945084, 0.32557110911164694, 0.4153837744050737, 0.13190218098813583, 0.8081047167295176, 0.030545268745651038]], "inverted": false, "swapped": true, "error_lsq": 0.05329849156313929, "error_max": 0.40064819149036396, "target": "227.xyz", "model": "17.xyz", "model_rescale": 3.7474275329858107, "target_rescale": 4.005977872870139},
{"mapping": [5, 11, 9, 7, 12, 3, 1, 10, 2, 0, 8, 4, 0, 13], "R": [[0.8573090697930684, -0.07882600956548957, 0.5087313820342964], [0.20680651470155698, -0.8522294585933824, -0.4805580249903492], [0.47143634175521365, 0.5171957174238895, -0.7143223120908724]], "T": [0.019629470927411054, -0.04562696253573123, -0.0044834668178384005], "aligned_model": [[0.042111306962498075, -0.5301105998521526, 0.5942287196647108, 0.1368183753507788, 0.07918583849834485, -0.5880055931305008, -0.19267058614195073, -0.5048495283244241, 0.5058230730320458, 0.25090996648992403, -0.24658653215046814, 0.4469419156556429, 0.25090996648992403, 0.09034712572602419], [-0.0865016250891017, -0.4656438550145474, -0.27984272032714363, -0.7083542430033203, -0.6779572174301101, 0.21274758300007895, 0.04187405018583082, -0.12468382062479214, 0.034349163417870116, 0.688823348805071, 0.5468363634664157, 0.48242707925975875, 0.688823348805071, 0.00913524817963332], [-0.7263170803881218, 0.20314198060557623, -0.25488883419002595, 0.3338633884067691, -0.3992598733322925, 0.15239675646009743, 0.6480429122280384, -0.4461973595089514, 0.5064493314635563, 0.3214528203988905, -0.3126566296117656, -0.4817557429291104, 0.3214528203988905, 0.05222098787386407]], "inverted": false, "swapped": false, "error_lsq": 0.03992334765285466, "error_max": 0.34924125148623714, "target": "227.xyz", "model": "18.xyz", "model_rescale": 3.922800546911778, "target_rescale": 4.005977872870139},
{"mapping": [2, 11, 6, 4, 10, 7, 13, 9, 8, 5, 3, 0, 12, 14], "R": [[0.6988496518187238, 0.520270624106881, 0.49084380595489363], [0.6055923208432797, -0.7955486211016726, -0.018982423419517364], [0.3806141157241791, 0.31051709961717777, -0.8710407715812373]], "T": [0.1465334703327152, 0.03185106095289125, 0.012984276767238751], "aligned_model": [[0.033047258577104166, -0.40465773531968513, 0.6148200280460052, 0.14050797715068608, -0.021100999627071987, -0.6180918487944165, -0.12920728451120783, -0.4522263415813869, 0.5766024241094583, 0.5426785452528711, -0.18468456445885162, 0.2761014541880077, -0.09173318857120338, 0.052997723810088215], [-0.08493795009751863, -0.3938522509895549, -0.47398900823364243, -0.6318897381214867, -0.6763084953465549, 0.23257043638315628, -0.10108594193277237, -0.1005860935635122, 0.021821439721552684, 0.677977417533577, 0.5260294520995934, 0.6596238551247073, 0.6513732366442647, 0.055286344408905494], [-0.6845902134680436, 0.16200963629202064, -0.011537064621681175, 0.3015652604930981, -0.3348797405820393, 0.12818355078956814, 0.6278895834625592, -0.5224503818561743, 0.4481058180829409, 0.10311491048290611, -0.22202971161978233, -0.5232582916048214, 0.43492659231274555, 0.01089552971211891]], "inverted": true, "swapped": false, "error_lsq": 0.0372922685659897, "error_max": 0.24061003416540563, "target": "227.xyz", "model": "19.xyz", "model_rescale": 3.9282355846067225, "target_rescale": 4.005977872870139},
{"mapping": [8, 3, 7, 5, 6, 0, 1, 4, 2, 12, 11, 9, 10, 13], "R": [[0.9586327948054137, 0.2562073293046351, 0.12402003521265363], [-0.06027451408543801, -0.24310690442851582, 0.9681250001786696], [0.27819084757649, -0.9355516220015714, -0.21760747894983604]], "T": [0.07932299074946471, -0.03030618847694506, -0.08887375501621225], "aligned_model": [[0.005837916207534433, -0.49780006415047917, 0.6878837619985253, 0.13008189171011614, 0.16997333965840045, -0.6264420556278648, -0.25586283937336063, -0.4700676855565352, 0.3725157283552086, 0.71308582919702, -0.33282231546621516, 0.27131947177268134, 0.16015132538089527, 0.007199144164470553], [-0.01656950932740593, -0.4731534844603564, -0.1358816060278678, -0.6078732898722562, -0.6435363803562539, 0.2131351882669042, -0.11834518610501739, -0.047741527129781615, -0.03780698656996974, 0.532837308418093, 0.5433594427310438, 0.4858476029007262, 0.6538617603433303, 0.01389937081952616], [-0.8458630723739247, 0.10392230584783696, -0.007600172067510888, 0.30039469940525404, -0.29521158496365196, 0.19892649445884253, 0.5755059485329928, -0.40069700413966847, 0.6809950435482541, -0.15218577421708557, -0.20890359072832929, -0.5073799558770142, 0.42844176487395286, 0.047600375575467146]], "inverted": false, "swapped": false, "error_lsq": 0.04991292786097189, "error_max": 0.3460001438350249, "target": "227.xyz", "model": "20.xyz", "model_rescale": 4.067790424073018, "target_rescale": 4.005977872870139},
{"mapping": [4, 0, 6, 3, 2, 9, 12, 8, 11, 13, 1, 5, 10, 14], "R": [[0.5580818234978651, 0.505001688163265, -0.6584208177401066], [-0.00834460830121464, -0.7900270477841902, -0.6130151966156276], [-0.8297439639994965, 0.3476069025805583, -0.4366856941608612]], "T": [0.012184031222906377, 0.004489314236795255, -0.05147564773427281], "aligned_model": [[0.20568639511574208, -0.49387772944674097, 0.6744650795665463, 0.21672761715248565, 0.08005286570546213, -0.48529652198124346, -0.19178400079430027, -0.3068053591942896, 0.4063310497262125, 0.3990462617039332, -0.3765633605501292, 0.17020915399049058, 0.03066096426350593, 0.0062010330127222745], [-0.24809996297686202, -0.49306781385603865, -0.29342474816713376, -0.6698401913671821, -0.6986436407828654, 0.40681235981275615, -0.09225021252286987, 0.08369168412982854, 0.029490421884873923, 0.5794766656934691, 0.7164955770654342, 0.33894462816575893, 0.6472534606102652, 0.05519447594128077], [-0.787157635376247, -0.0796967071209592, -0.1935598731859698, 0.4251653660043525, -0.28539828539517026, 0.38977163628124023, 0.6806803279806233, -0.5174591776252405, 0.46043774962945294, 0.047774870497534025, -0.1748760057616141, -0.5115124119356291, 0.4562641248223651, 0.00751149906067701]], "inverted": true, "swapped": false, "error_lsq": 0.045072648422782115, "error_max": 0.27368712940390444, "target": "227.xyz", "model": "21.xyz", "model_rescale": 4.186013935880536, "target_rescale": 4.005977872870139},
{"mapping": [6, 1, 5, 9, 2, 12, 8, 3, 10, 7, 4, 11, 13], "R": [[-0.03515515471120721, -0.9984908681009652, -0.042191248099722745], [0.6966042287036487, -0.054753928000194546, 0.7153632335539369], [-0.7165937926394745, -0.004241896690253488, 0.6974778438510025]], "T": [-0.03396108640521149, 0.004149252846545132, 0.0305386571587201], "aligned_model": [[-0.06928309843037023, -0.42832724526289495, 0.18671258616493486, 0.6601541431526285, -0.35630854079091095, 0.6467038045083935, 0.04160721482493117, -0.6847419710896762, 0.5101972685060239, -0.20563187204624334, -0.6976227704658576, 0.428825721091043, 0.026288795261223567], [-0.37889955078413273, 0.2722391551115604, 0.2586965087094709, -0.3889362520742373, -0.30889457010684607, -0.2863811524214328, -0.6122847412620699, -0.40470329326388244, 0.4184217036467026, 0.6406244304043255, 0.1844212832199753, 0.07235114409002, 0.05230199427663977], [-0.5694462102068645, -0.49119868681508533, -0.6057766641121297, 0.33695231096288536, 0.6149771706035656, -0.23950467112516752, 0.08012721654829973, -0.12492585235174362, -0.05570391619617317, 0.07551522966400136, 0.3694946266581544, 0.6381161548012364, 0.07425285290436687]], "inverted": true, "swapped": true, "error_lsq": 0.05224080862531999, "error_max": 0.30861692994915857, "target": "227.xyz", "model": "22.xyz", "model_rescale": 4.166573947596378, "target_rescale": 4.005977872870139},
{"mapping": [1, 3, 0, 8, 4, 11, 9, 2, 10, 13, 12, 5, 14, 15], "R": [[0.8957391327720009, -0.29922108648921886, -0.32881324094548775], [-0.4067484810014441, -0.8501243948775183, -0.33443113855792694], [-0.17946330885136902, 0.43330734431156925, -0.8831974106290017]], "T": [-0.025254348040650142, 0.039562099713076046, 0.009118253289138446], "aligned_model": [[0.15147877233045573, -0.45727107434612363, 0.5265888896122771, 0.22270972232419928, -0.027514330339458614, -0.7869842311374807, -0.21958404765786027, -0.4085937555890878, 0.533632699514984, 0.5607326530651605, -0.4052026507983046, 0.6092800415676334, 0.03108035593315635, 0.004700403790846252], [-0.07403914654883466, -0.37527183164287664, -0.4240727212637517, -0.6373410038140314, -0.650111655047977, 0.12914445547969944, -0.04710394956785534, -0.13974946457043924, 0.29118372578811175, 0.6464144501710711, 0.5734316763719555, 0.35149250583041214, 0.6758734795123023, 0.042182182932928525], [-0.6720272685186279, 0.061089491528482795, -0.3746362993516535, 0.37571769200209154, -0.24425601106774925, 0.19306366410168072, 0.5705219672337597, -0.5140523696664163, 0.4395518236225637, 0.08096947578652912, 0.007138965825569495, -0.42806307218721623, 0.4759286990660451, -0.05300128049964327]], "inverted": true, "swapped": false, "error_lsq": 0.042936050580617384, "error_max": 0.25960509995483344, "target": "227.xyz", "model": "23.xyz", "model_rescale": 4.274766983524099, "target_rescale": 4.005977872870139},
{"mapping": [1, 8, 3, 4, 2, 0, 7, 11, 10, 9, 13], "R": [[-0.5258576392702087, 0.7306434187163653, 0.4354697898909008], [0.738901322619018, 0.1388171961954655, 0.6593592506913781], [0.42130580182692623, 0.6684983027105542, -0.61287147153386]], "T": [0.08543233065674716, 0.1039001700773522, -0.06040327711583492], "aligned_model": [[0.17664106557145354, 0.04852109374165264, -0.32270403883640897, -0.6111988214603878, -0.5753058645863932, -0.3752756029842277, -0.00992013098961475, 0.017859275388146856, 0.5800554262106147, 0.34689164431152075, 0.10433065759171925], [-0.2710061634884143, 0.7252875393861432, 0.367961321031251, -0.17644891309431632, 0.38931074949919675, -0.2515881104804981, -0.5489562100371966, 0.1688329779579832, -0.20294651961688004, 0.6437110363743209, 0.07142882371189366], [-0.6526303676588149, -0.08639866745222369, -0.6756607764629382, -0.21514633689310336, 0.09909133388014876, 0.35727977905952746, -0.024614209429643756, 0.7006428157495759, 0.30886744002667843, 0.5482384477531301, 0.0198969754492413]], "inverted": false, "swapped": true, "error_lsq": 0.060398817916087276, "error_max": 0.3247150575868918, "target": "227.xyz", "model": "24.xyz", "model_rescale": 3.7841303162186577, "target_rescale": 4.005977872870139},
{"mapping": [14, 5, 11, 3, 13, 2, 4, 12, 6, 0, 8, 10, 1, 15], "R": [[-0.8749775705847971, -0.42341357865638435, 0.23480884221621737], [0.27639494146117655, -0.03863874871094458, 0.9602670896332568], [-0.3975174050380681, 0.9051121413987586, 0.15083740976413734]], "T": [0.09240827527015837, 0.14122808890684374, -0.06663979403076459], "aligned_model": [[-0.050489720971425414, -0.5639977680806151, 0.705284582946563, 0.06361434272876702, 0.17311695257911985, -0.6486863473450043, -0.20170279225053922, -0.4165834021071346, 0.4436416005908998, 0.41849490610426165, -0.20264932256559332, 0.48232459477589845, 0.012052823423120848, 0.12063299844207831], [-0.09616214584784522, -0.3729960570207244, -0.31228838210266613, -0.576310809936891, -0.5707037962359667, 0.22270472259480875, 0.0010498505713420758, -0.33886624546445876, -0.13946083397879921, 0.773582955446227, 0.635097832436912, 0.4003856813014029, 0.6337734796103864, 0.1022264522569869], [-0.8099600489840488, 0.20546933746123242, -0.15682300297069654, 0.29847761958857166, -0.3807084132767546, 0.047085077571663025, 0.6045927173372011, -0.35922962449888146, 0.4989354281956523, 0.12077627066704899, 0.06934356533281144, -0.6879752198392016, 0.48470259800739224, -0.016740826716574536]], "inverted": true, "swapped": false, "error_lsq": 0.049383595690448936, "error_max": 0.3181472437402431, "target": "227.xyz", "model": "25.xyz", "model_rescale": 4.19342608120988, "target_rescale": 4.005977872870139},
{"mapping": [1, 3, 4, 10, 7, 5, 11, 12, 2, 6, 8, 13], "R": [[0.7472513201319468, -0.5034335343924263, 0.4337858238926349], [0.5117441263198239, 0.8523640118366747, 0.10767330450417674], [-0.4239497773772532, 0.1415283285241463, 0.8945592872956709]], "T": [-0.039524863137905895, 0.025391834242196962, -0.09362219083001103], "aligned_model": [[-0.20940675940235717, 0.5736867862380515, 0.18797687779062844, -0.6643272140886334, -0.49686387451656727, -0.5059753202701244, -0.1698549315488521, -0.16426410961333338, 0.5117447166050841, 0.16700515057865353, 0.4664593206870106, -0.09837208782777981], [-0.5768700041386228, -0.4308752149834873, -0.5240569665287679, 0.3150568077752756, -0.3575163021709464, -0.06815231974638265, 0.5826786001207022, 0.6526919731466203, 0.03742585557860537, -0.03442055836940609, 0.34450941245306016, 0.07230514460433006], [0.23505323933966174, 0.08141275113732149, -0.5775487950690297, -0.06389029675866911, -0.37790513105671897, 0.44680525630112033, -0.6039349151941775, 0.36634592260556, -0.5829377589619653, 0.5858803497748127, 0.08045951257879036, -0.14048167348728507]], "inverted": false, "swapped": true, "error_lsq": 0.045417710457416306, "error_max": 0.2395174059822699, "target": "227.xyz", "model": "26.xyz", "model_rescale": 3.795458400668931, "target_rescale": 4.005977872870139},
{"mapping": [12, 8, 9, 10, 0, 1, 6, 5, 3, 11, 7, 4, 13], "R": [[-0.9606721147549201, -0.2745613889233968, -0.041534704101091544], [-0.16998507720744993, 0.46318507159399147, 0.8698072562236111], [-0.21957723347170416, 0.8426598561489237, -0.4916403211454371]], "T": [-0.09368026429500513, -0.031149573039741314, -0.008622363620322121], "aligned_model": [[0.1374002138463259, 0.3840510700199013, 0.5925129439047138, -0.2654577648567455, -0.0022376735595297653, -0.7438109562335352, -0.23901035727628628, -0.6197796772474736, -0.11830072424662802, 0.4043592758948122, -0.5524073914250086, -0.19856685864042542, -0.07907571735886387], [-0.7020558737158558, -0.32732926321246314, -0.33895199686604116, -0.1639791933329191, 0.6457764933773809, -0.08742691964235069, -0.6328989824128178, -0.48049213370648414, -0.018743886132378824, 0.214646797969596, 0.390720625605519, 0.6286831634272926, -0.006067328101563168], [-0.3508540944596902, 0.2600983572196105, -0.4143292063378322, -0.662852095781798, -0.22424287830835268, 0.2629833482201467, 0.3445527826701593, -0.20786852840521627, 0.7750135913569429, -0.537313486308664, -0.22814311592907827, 0.36748340248479694, -0.09239141432159835]], "inverted": true, "swapped": true, "error_lsq": 0.050624000346313786, "error_max": 0.3492602588567976, "target": "227.xyz", "model": "27.xyz", "model_rescale": 3.6321398670334006, "target_rescale": 4.005977872870139},
