[{"mapping": [5, 1, 12, 11, 0, 2, 3, 4, 6, 8, 9, 7, 13], "R": [[0.5025830740607593, -0.8644798312824244, -0.00921276145076036], [-0.7510053652674691, -0.4312840263155997, -0.49998502976037246], [0.42825365731901555, 0.2582028465197785, -0.8659850431976127]], "T": [-0.10950422081466321, 0.007527057089777255, -0.16512526558607815], "aligned_model": [[0.19303820666455412, -0.5805666845562036, -0.48937553585525057, 0.33199350270753525, -0.7866553192234336, -0.2385252399233139, -0.14348908505454214, 0.4941083934239215, 0.4221933212055821, 0.6558610493211774, -0.2891475699010084, 0.3122720925992788, -0.015702591020043205], [-0.2559703294936873, -0.12325282214265006, 0.427231070169652, 0.4287923125788222, -0.034068511831564466, -0.3844653206871441, -0.509537620172022, -0.12423043723704473, -0.5185271042991438, 0.14171888855778494, 0.5096123580379507, 0.42883044662847253, 0.12347251586244974], [-0.8065599600642179, -0.4717861399484159, -0.28622907802643444, -0.5037654662205374, 0.20250040428822808, 0.4836842579280764, -0.09664567498799786, 0.5640496114028781, -0.006660672434542769, -0.08273784385282026, 0.33725087782147883, 0.29963561689180385, -0.09956790830814341]], "inverted": true, "swapped": false, "error_lsq": 0.045754350050080585, "error_max": 0.27047170303180407, "target": "228.xyz", "model": "0.xyz", "model_rescale": 3.8414455957264533, "target_rescale": 3.922724333518282},
{"mapping": [0, 7, 9, 13, 2, 5, 4, 10, 1, 11, 6, 12, 14], "R": [[-0.23468389930813557, 0.7553841374358342, -0.611815554163058], [0.6741550384423046, 0.5799139447482154, 0.4574000446320689], [0.7003131096505218, -0.30511411241842706, -0.6453424880284357]], "T": [-0.04586639727110994, 0.0316110597846047, -0.025338145702788785], "aligned_model": [[0.08054591834735292, -0.4592758624070161, -0.43922320116420976, 0.2351318287025467, -0.7240942595561815, -0.22878564382003266, -0.25078462603217877, 0.2122408039386662, 0.5567955886429543, 0.7694293494015778, -0.5174132693955514, 0.6090502709584487, 0.022387642771877297], [-0.26373532194499294, 0.0036841040230096572, 0.5234844479432218, 0.5230431656314996, -0.19972151622293088, -0.24139555052848516, -0.4549597362026606, 0.11594364718534463, -0.5885254468843785, 0.04689077015494726, 0.29657612431536445, 0.36560117119246976, -0.0172804126905337], [-0.6751902910146126, -0.5165282325460144, -0.2877132109163283, -0.5297005976972586, 0.15100508131875104, 0.5459154975677155, -0.15600801545835272, 0.6028735923253562, -0.05230358653449544, -0.2729765474873196, 0.538101501243988, 0.17917177343056048, 0.006521060257365638]], "inverted": false, "swapped": false, "error_lsq": 0.04624022664200766, "error_max": 0.3509539733932121, "target": "228.xyz", "model": "1.xyz", "model_rescale": 4.316132596720782, "target_rescale": 3.922724333518282},
{"mapping": [6, 4, 1, 11, 0, 8, 3, 7, 2, 5, 10, 12], "R": [[0.8906184327157182, -0.331145715100963, -0.3116750273558505], [-0.448902443016329, -0.7497690115929468, -0.4861409527173242], [-0.0727007837713589, 0.5728777745952518, -0.8164102225069346]], "T": [-0.09442694791659528, 0.03994499646488782, -0.026777101026481242], "aligned_model": [[-0.1820654180952307, 0.6031368819167018, 0.15782718341704888, -0.34859277602196376, -0.5338326194971648, -0.6677276311818865, -0.23941194206608563, -0.18736537448705043, 0.4892614700518488, 0.23565495337152986, 0.3427010813553739, -0.0717772541313407], [-0.5809072922026449, -0.2495849695414405, -0.6002296194229723, 0.6300838192221875, -0.45791719058945635, -0.10913432918405667, 0.4031959859186703, 0.6095286472871783, 0.013226619114361779, -0.03229635957806935, 0.4147869411508348, -0.027975824433612198], [0.12643145168755612, 0.0850190640402751, -0.5307347348752717, 0.0014213542683392429, -0.4487236665864506, 0.31896820491398653, -0.6515936422536627, 0.5556912426967969, -0.5434664471973903, 0.5616121573430815, 0.04968892009624008, -0.07505544292407884]], "inverted": true, "swapped": true, "error_lsq": 0.04399466948964889, "error_max": 0.2794481235580829, "target": "228.xyz", "model": "2.xyz", "model_rescale": 3.795458400668931, "target_rescale": 3.922724333518282},
{"mapping": [4, 10, 2, 9, 6, 0, 3, 5, 11, 8, 1, 12], "R": [[0.531997935193812, -0.6667562943044133, 0.5219331767141911], [-0.08672812906386956, -0.6560644721521693, -0.7497050353364155], [0.8422923652619683, 0.35357524289059306, -0.40685147048555287]], "T": [0.12664797189072372, -0.06836744045771792, 0.05179082470056158], "aligned_model": [[-0.14760846595376306, -0.04388474789961436, -0.6211458420748166, 0.31825388441950586, 0.30756837727644093, 0.006759815686646714, -0.32797437409039965, 0.44982388654157457, 0.2813766006428592, 0.7254627557481489, -0.4295482055139336, 0.07422014096091631], [-0.09692990303384716, -0.5858494638694683, -0.13724555128373273, 0.021113078287503362, 0.4830674997814789, 0.6438931365808888, -0.1878705739433122, -0.2697343755217591, -0.5085770968093865, 0.1954778311203803, 0.5327377860234629, -0.004313322042498957], [-0.6601704610891896, -0.1496177073532443, -0.1590032431694367, 0.8222273144452641, -0.2306949979917563, 0.36371181806615266, 0.6195981544177126, -0.509799310627769, 0.49443488157030274, 0.25732588897896125, -0.18642609588650916, 0.02718518927861248]], "inverted": false, "swapped": true, "error_lsq": 0.04830968507939149, "error_max": 0.28014452723495176, "target": "228.xyz", "model": "3.xyz", "model_rescale": 3.7530521520055578, "target_rescale": 3.922724333518282},
{"mapping": [5, 8, 11, 9, 10, 0, 4, 6, 1, 3, 12], "R": [[0.47013729003270777, 0.8822749968601684, 0.023701443755427265], [0.35178596217566777, -0.16269179284341861, -0.9218340508776697], [-0.8094551039661444, 0.44172639773595623, -0.3868594372719561]], "T": [-0.026610573030577796, -0.13498412426701467, -0.003554355411501826], "aligned_model": [[-0.39570777436867227, -0.24633476087436168, 0.512658144306444, 0.39193199894124947, 0.21813063316499182, -0.22371409979309703, -0.4162214949562044, -0.6342802890365589, -0.39488808826089655, 0.5941644451228643, -0.06753911180055361], [-0.6941738182861484, 0.08254991218316526, -0.22976483141223666, 0.3710509169349988, -0.624059159578397, 0.6252626526138181, -0.5430483799983854, 0.08118696066495573, 0.2832170904346753, 0.20619329752070154, -0.0912112827628009], [-0.1105540587417743, -0.6157947980566629, -0.34099341544695216, -0.4585737244541009, 0.192256271681581, 0.04290039336235081, 0.5108464349666056, -0.028424110380937354, 0.6421300861807866, 0.20041619088785487, 0.058621507246565174]], "inverted": false, "swapped": true, "error_lsq": 0.0564143673185139, "error_max": 0.333287004520855, "target": "228.xyz", "model": "4.xyz", "model_rescale": 3.7855080009869324, "target_rescale": 3.922724333518282},
{"mapping": [9, 15, 13, 12, 8, 7, 10, 4, 3, 2, 6, 1, 16], "R": [[-0.22800988325916632, -0.790527096475613, -0.5683998617821598], [-0.216444222704543, -0.5280170451502343, 0.8211881017700158], [-0.9492962612345883, 0.3102658694872069, -0.05071191809998843]], "T": [0.025912504235060255, 0.041325350334919755, -0.02022707884882323], "aligned_model": [[0.16000923574005416, -0.5073715125276393, -0.46522035229671216, 0.18590326421201447, -0.6698506755153995, -0.2529788956472711, -0.2745338251069879, 0.2302282561023895, 0.4679581228402507, 0.6521494962948828, -0.30469028937615394, 0.6025207586973025, 0.04188095697152394], [-0.39647014515378626, -0.14502202992866242, 0.5474000257793361, 0.6529402125435657, -0.05948536501479272, -0.31355493940809404, -0.6205271725933132, 0.09934121211434797, -0.46604952171446784, -0.009182682006051532, 0.3241803260139722, 0.4559323796515666, 0.0401031456882546], [-0.565449226214939, -0.6203944871776964, -0.18619267463351769, -0.27201166943698574, -0.05279502839786488, 0.5778105779082549, -0.0716810889229354, 0.6882148857370037, -0.1922242174414825, -0.40889384617476904, 0.4663650744551795, 0.24193293167261642, -0.07151320688350872]], "inverted": false, "swapped": false, "error_lsq": 0.04446690169620007, "error_max": 0.23275411037334232, "target": "228.xyz", "model": "5.xyz", "model_rescale": 4.2253639853439635, "target_rescale": 3.922724333518282},
{"mapping": [1, 10, 2, 3, 5, 11, 8, 12, 9, 0, 6, 7, 13], "R": [[-0.8863026642514499, 0.020449662765506894, 0.4626547293971596], [-0.0932514445161393, 0.9706810650397155, -0.221545566574954], [-0.4536207176005472, -0.23949964773698734, -0.8584102534903832]], "T": [-0.015875448932739185, -0.015981723238306603, -0.11654938814867193], "aligned_model": [[0.1511564654140384, -0.6095279399687235, -0.4946211431608268, 0.14493389508876736, -0.6299784305120104, -0.2688238536092821, -0.2690128339873497, 0.42153377441856865, 0.36510211830179656, 0.7671879806504863, -0.17905579647706957, 0.4744408127485378, -0.007330508518679295], [-0.3131652640020733, -0.2039337816052698, 0.41180532492551936, 0.6745354633024059, -0.04558236718829706, -0.16890286676111468, -0.7100781323251444, -0.062457823018082184, -0.4924634100562734, 0.07231491177990003, 0.44509577695770214, 0.4581302395881665, 0.044307374374436145], [-0.7665402070430837, -0.5864038528837977, -0.3114145048796548, -0.13487539877874982, 0.03425709826315333, 0.6033019973806311, -0.1206132261329132, 0.7067712710998969, -0.09611111824774925, -0.2651361265219802, 0.3011798077563071, 0.2886654021325297, -0.11991311765523388]], "inverted": true, "swapped": false, "error_lsq": 0.03995575426901045, "error_max": 0.27987819461504543, "target": "228.xyz", "model": "6.xyz", "model_rescale": 3.89814844738969, "target_rescale": 3.922724333518282},
{"mapping": [8, 11, 4, 7, 10, 5, 9, 1, 6, 3, 2, 0, 12], "R": [[0.43376789787709863, 0.7588666285667507, 0.48576419260688236], [-0.8983318919064949, 0.405888339677772, 0.16809065321224637], [-0.0696076343153607, -0.509289795461636, 0.8577754260199252]], "T": [0.002683787494234386, 0.09221156759718617, -0.09535176289727978], "aligned_model": [[0.1575994396075579, -0.4736751687184214, -0.4006189167165155, 0.2343855937154629, -0.6677639257958139, -0.06182735832271975, -0.33103860498784987, 0.23704892169625372, 0.4606078446865789, 0.7693430552591819, -0.3449253885213821, 0.44136580114989954, -0.1544967526639786], [-0.3200492063035219, -0.032955593979384815, 0.5925743108955098, 0.5322403761648394, -0.07282436946615657, -0.4423988086832268, -0.7362899295849475, 0.05439115584537525, -0.3880344150798715, 0.07224892254265608, 0.374337826827886, 0.3630354536223734, 0.11332972317034458], [-0.6088972500236169, -0.7378124198420172, -0.1451497777125936, -0.5242615438189883, 0.15398067838121907, 0.46376062443064114, -0.08268239205217412, 0.716090910591879, 0.035205523359857244, -0.3487624900231311, 0.4533926941345908, 0.19657785382828655, -0.03827438676459716]], "inverted": true, "swapped": false, "error_lsq": 0.04577967681634237, "error_max": 0.2864659915725952, "target": "228.xyz", "model": "7.xyz", "model_rescale": 3.7474275329858107, "target_rescale": 3.922724333518282},
{"mapping": [3, 6, 0, 1, 10, 11, 5, 13, 8, 2, 12, 4, 14], "R": [[0.8863634812533167, -0.4134073780753388, -0.20845651549753796], [0.15263865877652372, 0.6859904050081967, -0.7114201319077177], [0.43710550093473466, 0.5987583018126467, 0.6711387912071768]], "T": [-0.06398410865006729, -0.015536163441093983, 0.032595078693197166], "aligned_model": [[0.04781457230355411, -0.5883278998206848, -0.3555410860529309, 0.12522026097050418, -0.8136497344012278, -0.3453750795931425, -0.1321941963468183, 0.37860984694129773, 0.4497643360233323, 0.655517101047397, -0.22694141887167651, 0.6844791948593585, -0.01337135667070976], [-0.18988701883800663, -0.2537470010940705, 0.30698260379516, 0.657576059458379, 0.08069766613019867, -0.2268459430801207, -0.6428704754872013, 0.2748368366895847, -0.44371414965827877, 0.2354152321433604, 0.38097232597258207, -0.08357557956072004, 0.013764889501008019], [-0.653872233816297, -0.5464189832113784, -0.4625709655132635, -0.2429470450368505, 0.0958711349975108, 0.5450863021209613, -0.3062566719115864, 0.7591664378601177, -0.10133200434523715, -0.32507921748692586, 0.4762937959187246, 0.2503085762062892, 0.044918898707290655]], "inverted": false, "swapped": false, "error_lsq": 0.05962146869466452, "error_max": 0.46707932922281675, "target": "228.xyz", "model": "8.xyz", "model_rescale": 4.019505241142653, "target_rescale": 3.922724333518282},
{"mapping": [10, 9, 8, 11, 7, 0, 1, 3, 2, 6, 4, 5, 12], "R": [[0.49290812885870217, 0.6381065852754371, -0.5914909655549562], [0.8307738613986346, -0.14313894680910802, 0.5378903541830634], [0.25856598330371117, -0.7565257614480162, -0.6006766222716546]], "T": [0.03158495938894949, -0.029623673664811247, -0.08861019701059866], "aligned_model": [[0.27131639730163815, -0.424237538532754, -0.44482078001859293, 0.07931919820552034, -0.8039692706801865, -0.28390659154888515, -0.17947475750670155, 0.36799883100605507, 0.4067554487633939, 0.6934482323446346, -0.26855899961864216, 0.40747680110230017, 0.044657569570473815], [-0.44859036020008575, 0.07618243171178099, 0.4433752305720219, 0.48348018037785256, 0.03228210511244092, -0.30158229637824086, -0.6345851277856654, 0.054734402615455674, -0.36071603557294984, -0.015356586035164734, 0.3079030576096538, 0.46510852159457383, 0.007369922350202732], [-0.8665404711790206, -0.5869785145067038, -0.16241087069593654, -0.437458876819132, 0.25431952354924303, 0.4105387455804318, -0.30257453306328186, 0.6976278265494736, 0.22697990740537963, -0.3882688296075144, 0.6067918311641436, 0.16529942755911367, -0.08415714144684136]], "inverted": false, "swapped": false, "error_lsq": 0.049817236473093066, "error_max": 0.26054837586472207, "target": "228.xyz", "model": "9.xyz", "model_rescale": 3.877068213659057, "target_rescale": 3.922724333518282},
{"mapping": [4, 5, 0, 8, 12, 6, 3, 14, 13, 2, 11, 9, 15], "R": [[0.8145791679323482, -0.02182766716207618, -0.5796415548568833], [0.41757406121439483, -0.6715294889124191, 0.6121111409882541], [-0.40260735533713304, -0.7406562620185474, -0.5378992646966091]], "T": [0.019748499171366615, -0.006253073707269574, -0.057336070688373764], "aligned_model": [[0.2193116333171915, -0.5808931363420482, -0.5845400259284621, 0.17707941663246524, -0.7008858261763217, -0.20962439949583814, -0.23320720313606774, 0.5426070292774587, 0.46791084197235033, 0.6721985639584136, -0.31879794356220487, 0.4661343196669349, -0.05128872979561795], [-0.3366617832432313, -0.15028570958316884, 0.4776341023410988, 0.7207207255340918, -0.020988155591013663, -0.39447728399352255, -0.5590530805391867, -0.05307481563847022, -0.5872672086065052, -0.00035456730613817045, 0.5605780294443119, 0.40665089047059827, 0.046184302683011255], [-0.6132994866589275, -0.5363764319659394, -0.24295561417019373, -0.2624677684718413, 0.13929623135300445, 0.363347433896091, -0.2395088124611488, 0.5205464680826211, 0.1859982374272264, -0.1782884519428121, 0.27242760662632076, 0.19936476594125924, -0.07491615316630468]], "inverted": true, "swapped": false, "error_lsq": 0.0444372803707009, "error_max": 0.2841393913811496, "target": "228.xyz", "model": "10.xyz", "model_rescale": 4.260839863003843, "target_rescale": 3.922724333518282},
{"mapping": [1, 4, 10, 2, 11, 3, 0, 6, 5, 7, 8, 12], "R": [[-0.3215706116655965, -0.926655209333881, -0.1946855534635156], [0.8310202219864474, -0.17763898069167766, -0.5271145825989049], [0.45386973060847546, -0.3312921906009906, 0.8271926934422155]], "T": [-0.02812491641411464, 0.06733072484253327, 0.006350981272710637], "aligned_model": [[0.37353818468183286, 0.22459622807811552, -0.3869603955371968, -0.23062242128937926, -0.5487310619983273, -0.5733284461651241, 0.3253554393165137, 0.6121219773183089, 0.21762581842140336, -0.3494347260151357, 0.2781047998547665, 0.016633252428353108], [-0.030013201366535402, -0.629820005402437, -0.38037620775893105, -0.35590458585360696, 0.294916123248568, 0.368581581615367, 0.6118924862208779, 0.12084040956994974, -0.40721412362422177, -0.008680034551088012, 0.5292825290936235, 0.05957353434136771], [-0.73971865057456, -0.17540204587236347, 0.09707061134566883, -0.6167385417530785, 0.3077367453611779, -0.38781734888516917, -0.43804426156931475, -0.05554857551124459, 0.42442819611114235, 0.7568940037356072, 0.410407941083211, -0.06708999607557237]], "inverted": false, "swapped": true, "error_lsq": 0.04040040614970792, "error_max": 0.20666121300977797, "target": "228.xyz", "model": "11.xyz", "model_rescale": 3.890672605050136, "target_rescale": 3.922724333518282},
{"mapping": [7, 12, 10, 4, 9, 6, 5, 1, 8, 3, 11, 0, 13], "R": [[-0.6815294657405869, 0.6057699884144673, 0.41056096802263903], [-0.6184029347960524, -0.7767243914649306, 0.11948652618208855], [0.3912740696276458, -0.17245851918583066, 0.9039704981896538]], "T": [-0.041441299557677974, 0.02158239799997208, 0.09616255501625018], "aligned_model": [[0.11419382760110178, -0.4105670258606864, -0.5685302896508866, 0.23095567797382635, -0.733115078107478, -0.0646083017238002, -0.32317902975706503, 0.3499751814983626, 0.41339199757421485, 0.7687637106336024, -0.4172389267777512, 0.5235266124204632, -0.017563815435649638], [-0.2723504702592848, 0.03960228776956515, 0.6186575841310729, 0.5477910414307499, -0.329683849305489, -0.24683918207971722, -0.5805232627709513, 0.3395990565262032, -0.5368653956185494, 0.0020396277515609684, 0.33933293210081883, 0.14655036701142007, 0.04229470928447592], [-0.6889140950170813, -0.5507946526096028, -0.3103087515622027, -0.27795159071414466, 0.15956463378329194, 0.6055459953632203, -0.3076502809421512, 0.6885786534198596, 0.07486045509935671, -0.34683753256161975, 0.3422781891186809, 0.21401332889333985, -0.0692163277815912]], "inverted": true, "swapped": false, "error_lsq": 0.05064093258745191, "error_max": 0.28088750620086445, "target": "228.xyz", "model": "12.xyz", "model_rescale": 4.124412569039231, "target_rescale": 3.922724333518282},
{"mapping": [6, 8, 11, 9, 2, 4, 1, 5, 0, 3, 10, 7, 12], "R": [[-0.6871984877111983, -0.7205129315265266, -0.09284047603547396], [0.2791356024990639, -0.14389467082776247, -0.9494090999800113], [0.6707022841059417, -0.6783475799399752, 0.30000501143256275]], "T": [0.13630816424768585, -0.009539885205271648, -0.03502521626777981], "aligned_model": [[0.14450328610049412, -0.38823424400205186, -0.689341572615766, 0.2443562375925123, -0.7083059222488157, -0.214411696499303, -0.23778818419744033, 0.4262742294856219, 0.4413845902798744, 0.7496990870930037, -0.3096729090692477, 0.37076986402587575, 0.036771774443496746], [-0.1940967984076256, 0.08432421814787275, 0.5278783915403602, 0.4567755230687918, -0.14363273534899448, -0.38006825309122644, -0.6739321352844618, 0.04965462627977518, -0.45172559300217113, -0.1552271571813561, 0.4404182168170052, 0.5204370567132969, 0.028800085720608843], [-0.6780527433232831, -0.5155883369373939, -0.17657721792640452, -0.45871947614517866, 0.07005411605277928, 0.5632895534136233, -0.3205057918302277, 0.6622276574392335, 0.1844458922946166, -0.3686120420284248, 0.34345630371053754, 0.20420234670899862, 0.02354776306047897]], "inverted": false, "swapped": false, "error_lsq": 0.04680873195264226, "error_max": 0.28129898023240096, "target": "228.xyz", "model": "13.xyz", "model_rescale": 3.9028299243045295, "target_rescale": 3.922724333518282},
{"mapping": [12, 8, 2, 1, 0, 4, 5, 7, 10, 14, 3, 9, 15], "R": [[-0.18280147052269594, 0.6862012653498046, 0.7040677849518947], [-0.7014001445896973, 0.41079652176380305, -0.5824809480801182], [-0.6889277607589143, -0.6003116200267066, 0.4062074584699544]], "T": [-0.01796373544878824, 0.05338197312199705, -0.0968253345152165], "aligned_model": [[0.0867505094042513, -0.5991257555188398, -0.5743680633641645, 0.09921725508703208, -0.7992528883113665, -0.23987360632056767, -0.14673834363854313, 0.424387428377643, 0.4050598674634014, 0.8217110751587615, -0.3177363738262661, 0.6379460283408319, 0.06802740753608023], [-0.08461237367898616, -0.2128187673996399, 0.4660888445177422, 0.6173880679573196, -0.06312411600490833, -0.3578798991321615, -0.4256189485493452, 0.06270329670324137, -0.4451801816115493, -0.17846425224863377, 0.28852762790501596, 0.3560107835806654, 0.08658536393311532], [-0.7707932685719592, -0.5302939397583795, -0.34629884360096896, -0.3974322143241449, 0.15463042712161199, 0.39407481370474806, -0.22362064585886388, 0.6936596537200226, 0.26072104191112633, -0.25253080325513955, 0.39666461629940986, 0.18432167562267995, -0.02993448852078741]], "inverted": false, "swapped": false, "error_lsq": 0.04684755175499765, "error_max": 0.27726615611620387, "target": "228.xyz", "model": "14.xyz", "model_rescale": 3.942246331269136, "target_rescale": 3.922724333518282},
{"mapping": [13, 12, 0, 8, 1, 5, 3, 9, 4, 11, 2, 6, 14], "R": [[-0.4741430505654276, -0.5808643840624169, -0.6616531832677144], [0.7423544291686549, -0.6678041955591825, 0.05429049536736717], [-0.47339018694327745, -0.4654397100821358, 0.74784196671788]], "T": [0.09703061756380722, -0.024161818610247337, 0.015971573827744084], "aligned_model": [[0.20373799165777134, -0.41381441722118, -0.377485891593968, 0.21527380050053246, -0.6923768530666523, -0.33325839012916547, -0.2962312893150867, 0.36931023042235595, 0.3386470830390071, 0.702473065397162, -0.36716437292091003, 0.5055153482049933, 0.011378235413394014], [-0.26640838645510334, -0.2037454419449261, 0.53680853407123, 0.6401789266322199, -0.1974207339480071, -0.17991049385612853, -0.6251504594941962, 0.15736769868988862, -0.536751721150287, 0.05439278075443335, 0.3616302839194977, 0.3465338866205618, 0.02208057213269193], [-0.7527025984888981, -0.5962892617874879, -0.013419391066173625, -0.36285668566125806, -0.04283853881814123, 0.4557138599532249, -0.010592624392547045, 0.7515483223066096, -0.13415188319303242, -0.36003326914207745, 0.4832352928067146, 0.10824458339636989, 0.007310218576051873]], "inverted": true, "swapped": false, "error_lsq": 0.04887765306300665, "error_max": 0.3142377965664551, "target": "228.xyz", "model": "15.xyz", "model_rescale": 4.355366556412066, "target_rescale": 3.922724333518282},
{"mapping": [6, 4, 1, 11, 0, 8, 3, 7, 2, 5, 10, 12], "R": [[0.8906184327157182, -0.331145715100963, -0.3116750273558505], [-0.448902443016329, -0.7497690115929468, -0.4861409527173242], [-0.0727007837713589, 0.5728777745952518, -0.8164102225069346]], "T": [-0.09442694791659528, 0.03994499646488782, -0.026777101026481242], "aligned_model": [[-0.1820654180952307, 0.6031368819167018, 0.15782718341704888, -0.34859277602196376, -0.5338326194971648, -0.6677276311818865, -0.23941194206608563, -0.18736537448705043, 0.4892614700518488, 0.23565495337152986, 0.3427010813553739, -0.0717772541313407], [-0.5809072922026449, -0.2495849695414405, -0.6002296194229723, 0.6300838192221875, -0.45791719058945635, -0.10913432918405667, 0.4031959859186703, 0.6095286472871783, 0.013226619114361779, -0.03229635957806935, 0.4147869411508348, -0.027975824433612198], [0.12643145168755612, 0.0850190640402751, -0.5307347348752717, 0.0014213542683392429, -0.4487236665864506, 0.31896820491398653, -0.6515936422536627, 0.5556912426967969, -0.5434664471973903, 0.5616121573430815, 0.04968892009624008, -0.07505544292407884]], "inverted": true, "swapped": true, "error_lsq": 0.04399466948964889, "error_max": 0.2794481235580829, "target": "228.xyz", "model": "16.xyz", "model_rescale": 3.795458400668931, "target_rescale": 3.922724333518282},
{"mapping": [8, 11, 4, 7, 10, 5, 9, 1, 6, 3, 2, 0, 12], "R": [[0.43376789787709863, 0.7588666285667507, 0.48576419260688236], [-0.8983318919064949, 0.405888339677772, 0.16809065321224637], [-0.0696076343153607, -0.509289795461636, 0.8577754260199252]], "T": [0.002683787494234386, 0.09221156759718617, -0.09535176289727978], "aligned_model": [[0.1575994396075579, -0.4736751687184214, -0.4006189167165155, 0.2343855937154629, -0.6677639257958139, -0.06182735832271975, -0.33103860498784987, 0.23704892169625372, 0.4606078446865789, 0.7693430552591819, -0.3449253885213821, 0.44136580114989954, -0.1544967526639786], [-0.3200492063035219, -0.032955593979384815, 0.5925743108955098, 0.5322403761648394, -0.07282436946615657, -0.4423988086832268, -0.7362899295849475, 0.05439115584537525, -0.3880344150798715, 0.07224892254265608, 0.374337826827886, 0.3630354536223734, 0.11332972317034458], [-0.6088972500236169, -0.7378124198420172, -0.1451497777125936, -0.5242615438189883, 0.15398067838121907, 0.46376062443064114, -0.08268239205217412, 0.716090910591879, 0.035205523359857244, -0.3487624900231311, 0.4533926941345908, 0.19657785382828655, -0.03827438676459716]], "inverted": true, "swapped": false, "error_lsq": 0.04577967681634237, "error_max": 0.2864659915725952, "target": "228.xyz", "model": "17.xyz", "model_rescale": 3.7474275329858107, "target_rescale": 3.922724333518282},
{"mapping": [3, 11, 7, 2, 12, 5, 10, 4, 8, 0, 9, 6, 13], "R": [[0.4804546321857569, -0.724653300209848, -0.4940050008919194], [0.86582527192028, 0.4816271975406813, 0.13557964852175575], [0.13967800440807537, -0.49286188438961864, 0.8588231587471847]], "T": [-0.03581177304513064, 0.014615863145235327, -0.13583702825824798], "aligned_model": [[0.11057528174820913, -0.5138479125524882, -0.5735358293237901, 0.2508923321611637, -0.7070671975159886, -0.21760885046118028, -0.315811628544303, 0.46350612284029313, 0.4085868974034159, 0.7821318412681039, -0.18547016721599852, 0.32020724842956694, 0.04344640215124991], [-0.44396279498456004, -0.16957547623616492, 0.49138967588686494, 0.6532085685213982, 0.026944901868309803, -0.3604145228635561, -0.6150628060169441, -0.07902140932910809, -0.5396517504626428, 0.15832370785419453, 0.3880697039712455, 0.5145176411908977, 0.0848400065719406], [-0.614236051883968, -0.6450439229757512, -0.36157770429899105, -0.2534501079215818, 0.19355798268774846, 0.45536680197576995, -0.09654040008170153, 0.5207751267257461, -0.02560234484285434, -0.23309282476507662, 0.39882058150951116, 0.3314396350958253, -0.13724874673532075]], "inverted": false, "swapped": false, "error_lsq": 0.043209005216463287, "error_max": 0.2642579202696903, "target": "228.xyz", "model": "18.xyz", "model_rescale": 3.922800546911778, "target_rescale": 3.922724333518282},
{"mapping": [1, 6, 10, 2, 4, 13, 8, 7, 5, 0, 11, 3, 14], "R": [[0.3643693360969014, -0.8916704125246009, 0.268624016685984], [-0.9080113317627649, -0.2761296780762358, 0.31506796453451874], [-0.20676171865873438, -0.3587147561973481, -0.9102600262472058]], "T": [0.012896484034728036, -0.05104184259903176, -0.017655397899898152], "aligned_model": [[0.11531536038569798, -0.48209637892825297, -0.49965460281033697, 0.1732823944756031, -0.7079523039425735, -0.3175670307211527, -0.1916176560029276, 0.21486860592736864, 0.5463030196948387, 0.7830870689177615, -0.39363980603070386, 0.5830847075460935, 0.042591161876837536], [-0.12432111755350649, -0.15568876280141863, 0.537083974570392, 0.551324369968544, -0.027816150334701042, -0.2683932815171015, -0.6229517615348817, 0.2769748758704299, -0.5789029138391077, 0.035581476070186704, 0.33060613907835884, 0.1552282841947164, 0.0008803137999642829], [-0.7471233859329557, -0.4864825084864966, -0.22259454451675673, -0.37058636632974873, 0.04321110506078892, 0.5439191423310669, -0.09170717147127619, 0.6822183860364384, -0.1568454743064925, -0.33029816416379226, 0.42542097893621117, 0.1860288384723589, 0.05800718886001017]], "inverted": true, "swapped": false, "error_lsq": 0.04493789490025417, "error_max": 0.27421601676469637, "target": "228.xyz", "model": "19.xyz", "model_rescale": 3.9282355846067225, "target_rescale": 3.922724333518282},
{"mapping": [5, 2, 10, 0, 12, 9, 7, 8, 6, 3, 11, 4, 13], "R": [[-0.6540316302065222, 0.308468885649935, -0.690716709856716], [-0.7142735350085635, -0.5525072476861635, 0.42959173460464894], [-0.24911030463585773, 0.7743272485455668, 0.5816883772984317]], "T": [0.02786399556955312, -0.06625587339327248, -0.025820534463678872], "aligned_model": [[0.27781068257751246, -0.39915671943054004, -0.6708475380391861, 0.21143123043235829, -0.7500229986046086, -0.3232798714672782, -0.3093969092613993, 0.30716029573427495, 0.46838205581287773, 0.6436781235675101, -0.07657611721991307, 0.4880957580115775, -0.0012734517249321127], [-0.36067215238858624, -0.12434615864415927, 0.39340648310742005, 0.6884022145696559, -0.2362886075982893, -0.0024953013431459198, -0.5810475438937511, -0.17140685650870943, -0.5465063051621728, 0.16045875932068648, 0.5657003198060573, 0.2780111930390091, 0.04638940166786065], [-0.6076588801963152, -0.7279565882881194, -0.23257415549561983, -0.218151573960167, 0.2721308690588076, 0.5666804354359878, -0.12247659705447905, 0.6738639848679558, -0.07216074855800131, -0.3942340307053987, 0.29525080347150584, 0.23692412628022896, -0.13646962036702978]], "inverted": false, "swapped": false, "error_lsq": 0.051677789955847854, "error_max": 0.2828471575921053, "target": "228.xyz", "model": "20.xyz", "model_rescale": 4.067790424073018, "target_rescale": 3.922724333518282},
{"mapping": [9, 12, 11, 13, 3, 2, 0, 4, 8, 1, 6, 5, 14], "R": [[0.40708710269612586, -0.9113601220105929, 0.060850791509324265], [0.37666757007592633, 0.10681116244506454, -0.9201700479966903], [0.8321067434359435, 0.3975098786017416, 0.3867612492771963]], "T": [0.017570193902300885, 0.00998268539742531, -0.04801026259502438], "aligned_model": [[0.12618423978853127, -0.49114299411028584, -0.42178204827067356, 0.2348966253114294, -0.8210277758580896, -0.3192684499334584, -0.16298403882510426, 0.2942444974295628, 0.4758961465813969, 0.6914625737758807, -0.2689021612031899, 0.5149585260346187, 0.013469399667634833], [-0.17532229249481862, -0.12101690145350508, 0.4295228629525768, 0.6331146341546665, -0.07316001642287089, -0.2956212128971748, -0.6709753557103117, -0.035041830703764265, -0.2887050159252017, -0.00452372021883125, 0.4262409513078549, 0.2486954089592459, 0.03639793442400966], [-0.7949473105940301, -0.60574126180938, -0.26934236757240876, -0.2816751973331534, 0.06854767535255898, 0.5409446736309675, 0.04229114833465306, 0.7029202384860256, 0.11289615400934133, -0.515945862676102, 0.4925630890575773, 0.1619592673997223, -0.12130222179641639]], "inverted": true, "swapped": false, "error_lsq": 0.043525349129505425, "error_max": 0.263165357911222, "target": "228.xyz", "model": "21.xyz", "model_rescale": 4.186013935880536, "target_rescale": 3.922724333518282},
{"mapping": [5, 3, 6, 0, 4, 10, 11, 9, 8, 2, 7, 1, 12], "R": [[0.19109281657792643, 0.6512097962885547, -0.7344449173832809], [-0.5356375744296459, -0.5578263465170501, -0.6339733085789698], [-0.8225423541140241, 0.5145440392709444, 0.24221582801150776]], "T": [0.01874084381917038, -0.004779681000485396, -0.015081032707417456], "aligned_model": [[0.18156509066446083, -0.5704089459819727, -0.37183352265044334, 0.21439801545294437, -0.6845157222529993, -0.3485523080869226, -0.16585107439052751, 0.29146320987757324, 0.5325353064057896, 0.6753154973275742, -0.278032241165293, 0.4093632329750462, -0.019441997786975928], [-0.08507125296777907, -0.13631160914946516, 0.32253794475826125, 0.6027042913626877, -0.09269262275831994, -0.10763235336011132, -0.6055832217670514, -0.2096594562992042, -0.5725884139306088, -0.03582213610387133, 0.4949491045899813, 0.5537212298539174, -0.01894605825656121], [-0.7671317651883724, -0.713608435026946, -0.2390624719869067, -0.35341509176222635, 0.1440342265115817, 0.7270890967031084, -0.07774607755604707, 0.5036650988091319, 0.020648838930066183, -0.3580756291903143, 0.4327142517272616, 0.250652137215541, -0.03659615469652247]], "inverted": false, "swapped": false, "error_lsq": 0.050918780765233665, "error_max": 0.3611334913560615, "target": "228.xyz", "model": "22.xyz", "model_rescale": 4.166573947596378, "target_rescale": 3.922724333518282},
{"mapping": [9, 3, 2, 12, 4, 0, 8, 5, 10, 14, 1, 13, 15], "R": [[0.08650982178035202, 0.5933246093117511, 0.8003011675116999], [0.5627246236474238, 0.6337912984597025, -0.5307066872931128], [-0.8221052540133759, 0.4962605142279833, -0.2790491952000231]], "T": [-0.019263907853993643, 0.05630204644185048, -0.1429637196594748], "aligned_model": [[0.10139408976935702, -0.48685773687344375, -0.5466459239391019, 0.27277722386306374, -0.6946964379915526, -0.3716434076117588, -0.30506019515950933, 0.259594293121465, 0.5871005468258607, 0.7320351468737519, -0.36368603282137896, 0.7168640290148472, -0.03517105468334647], [-0.2604595435279375, -0.010699588794215897, 0.4739538928186187, 0.5584275029024421, -0.1868845420288816, -0.2406336949156842, -0.6999296356131812, 0.21099817199521798, -0.34492956108054906, 0.10445387597361287, 0.34038525746043313, 0.08181727894945169, 0.08310603183254861], [-0.6384966741755488, -0.5148419846262335, -0.12733094904212228, -0.44621832982868515, 0.01357603179214964, 0.5311383619965107, -0.16561908193392735, 0.6247401253802991, 0.036693115250507585, -0.3862924990880209, 0.4127063172486383, 0.27450217399778104, -0.08138858248199274]], "inverted": false, "swapped": false, "error_lsq": 0.048341824622572034, "error_max": 0.3459170382654694, "target": "228.xyz", "model": "23.xyz", "model_rescale": 4.274766983524099, "target_rescale": 3.922724333518282},
{"mapping": [3, 11, 7, 10, 5, 4, 2, 6, 0, 8, 12], "R": [[0.5662554463620527, -0.03336633394043881, -0.8235541616825741], [0.7086202545680689, -0.4906117913993805, 0.5071068969712167], [-0.420965680645344, -0.8707392019998099, -0.25416753887846555]], "T": [-0.004798453962051807, 0.08915134538910666, 0.042915202797489116], "aligned_model": [[0.4273882676896609, 0.07314605659924014, -0.3870657366587608, -0.45325332247998606, -0.6074096575899874, -0.5622151433189775, -0.1346069024108366, 0.07536920570149004, 0.6779346755832067, 0.25171518869154924, 0.018892072151476494], [-0.2137052680369622, 0.3878600604802541, 0.6951613123071569, -0.05780273403714303, 0.30444403875050374, -0.3276743291781353, -0.6728055488559125, 0.13705861107599598, -0.04458578894649309, 0.6822886403112178, 0.02534753737300105], [-0.47173045140626985, -0.5213161398137038, -0.3557777899084745, -0.29579880532739516, 0.2684891106256745, 0.35670537453472506, -0.06170496461336679, 0.6815770590736965, 0.41030172735248455, 0.2727565303548335, 0.09606478314937349]], "inverted": false, "swapped": true, "error_lsq": 0.06354056013360604, "error_max": 0.3461247799203544, "target": "228.xyz", "model": "24.xyz", "model_rescale": 3.7841303162186577, "target_rescale": 3.922724333518282},
{"mapping": [3, 4, 2, 12, 1, 0, 6, 10, 11, 13, 8, 14, 15], "R": [[-0.17922354701800947, -0.7816875657428354, -0.5973637666927282], [0.9826996477369335, -0.11342310832025995, -0.14641243402347187], [0.04669392393010341, -0.6132697188529785, 0.7884921872827901]], "T": [-0.020103469054187525, 0.02316977488322327, 0.060948575553264384], "aligned_model": [[0.13015077441294867, -0.5267614563063447, -0.4085736330903645, 0.300215581936316, -0.7405712592559688, -0.41787610240155343, -0.14242227642758543, 0.4130552490231508, 0.5273126526187046, 0.6582250998874105, -0.5142649194674661, 0.6109283258266697, -0.02341349636766373], [-0.2377963877648824, -0.09287875843046955, 0.6026996101986154, 0.5396669759527712, -0.1262966931622058, -0.26373303967376566, -0.6035364698048633, 0.048542121696844805, -0.5103699464378605, 0.020344842400581993, 0.26963228327773575, 0.4950427738340402, -0.0317118661146671], [-0.686261041559626, -0.47434084590739634, -0.22545870361443082, -0.3927013481632528, 0.168755495623317, 0.609395160473595, -0.2771399401859348, 0.7066922354121631, -0.010455378594358439, -0.32874665098300326, 0.27194259565855716, 0.15278380311419376, 0.01870264321553157]], "inverted": true, "swapped": false, "error_lsq": 0.04238586727676085, "error_max": 0.33728823465417856, "target": "228.xyz", "model": "25.xyz", "model_rescale": 4.19342608120988, "target_rescale": 3.922724333518282},
{"mapping": [6, 4, 1, 11, 0, 8, 3, 7, 2, 5, 10, 12], "R": [[0.8906184327157182, -0.331145715100963, -0.3116750273558505], [-0.448902443016329, -0.7497690115929468, -0.4861409527173242], [-0.0727007837713589, 0.5728777745952518, -0.8164102225069346]], "T": [-0.09442694791659528, 0.03994499646488782, -0.026777101026481242], "aligned_model": [[-0.1820654180952307, 0.6031368819167018, 0.15782718341704888, -0.34859277602196376, -0.5338326194971648, -0.6677276311818865, -0.23941194206608563, -0.18736537448705043, 0.4892614700518488, 0.23565495337152986, 0.3427010813553739, -0.0717772541313407], [-0.5809072922026449, -0.2495849695414405, -0.6002296194229723, 0.6300838192221875, -0.45791719058945635, -0.10913432918405667, 0.4031959859186703, 0.6095286472871783, 0.013226619114361779, -0.03229635957806935, 0.4147869411508348, -0.027975824433612198], [0.12643145168755612, 0.0850190640402751, -0.5307347348752717, 0.0014213542683392429, -0.4487236665864506, 0.31896820491398653, -0.6515936422536627, 0.5556912426967969, -0.5434664471973903, 0.5616121573430815, 0.04968892009624008, -0.07505544292407884]], "inverted": true, "swapped": true, "error_lsq": 0.04399466948964889, "error_max": 0.2794481235580829, "target": "228.xyz", "model": "26.xyz", "model_rescale": 3.795458400668931, "target_rescale": 3.922724333518282},
{"mapping": [10, 5, 8, 11, 6, 0, 7, 2, 3, 4, 1, 9, 12], "R": [[0.2888573062926639, 0.6608295506058212, -0.692723438067065], [0.5844649268510332, 0.45136138048956814, 0.6742949306376016], [0.7582626232924599, -0.5996475708686397, -0.2558526624230776]], "T": [0.025503511094193628, 0.134096648540221, -0.014501193966147047], "aligned_model": [[0.15562085128608635, -0.5218491974990419, -0.49623743911791934, 0.2716484341398801, -0.7918508190745132, -0.09873408349302099, -0.12868500545055694, 0.3048347958890724, 0.4346697877264566, 0.7237778561403648, -0.30799731093473043, 0.36237664356152216, -0.0415699727853462], [-0.1848300737049902, -0.10952553540749715, 0.578514067111822, 0.5696648522717686, 0.05099878831075064, -0.45781557710233967, -0.6267151561958894, 0.06515117764926909, -0.4598458503767654, 0.04455210073163257, 0.3798274737437779, 0.27198455753816564, -0.012355378597828925], [-0.6382332294818365, -0.47047675445642956, -0.26154622841956043, -0.5256446263706344, 0.06432522454702946, 0.5560057116177974, -0.2544999393156341, 0.8173975193864279, 0.1432702384764632, -0.4653425137724413, 0.40828330646171873, 0.21326558870690335, -0.05363627289044816]], "inverted": false, "swapped": false, "error_lsq": 0.04082017811890811, "error_max": 0.25530927993503616, "target": "228.xyz", "model": "27.xyz", "model_rescale": 3.6321398670334006, "target_rescale": 3.922724333518282},
{"mapping": [9, 6, 7, 8, 4, 1, 13, 5, 11, 10, 3, 0, 14], "R": [[0.7233570072802884, -0.5742961618417695, 0.38332565595367685], [0.002614758287483865, -0.5528805282685219, -0.8332564338189163], [0.6904692629347107, 0.6037441842000071, -0.39842835866321696]], "T": [0.0108405871587276, 0.05677917372216901, -0.09972823964170119], "aligned_model": [[0.18576241966205545, -0.5348293065883433, -0.4864228436437632, 0.10845314225747488, -0.7929757667636222, -0.31751405064973615, -0.10168799191360167, 0.19275498360543825, 0.45717699812149243, 0.7240178899391712, -0.07271316787287166, 0.513901036900758, -0.009918802666197917], [-0.2661065100627498, -0.315102211403063, 0.6500760983458824, 0.5151286853309067, -0.025785367590620223, -0.1874773358709111, -0.7439078427634571, 0.0014757534094033686, -0.4041856237338003, 0.15969378356625863, 0.5221408895858037, 0.20224466332850088, 0.0014104638297211883], [-0.658046561874325, -0.509430618932041, -0.13991808440921094, -0.3174829872126523, 0.08338270498974087, 0.42922278408108416, -0.21248883753546405, 0.7580701082442928, -0.0710733940834368, -0.3920608428115434, 0.39828513707706326, 0.2396560108160692, -0.07494739386022134]], "inverted": true, "swapped": false, "error_lsq": 0.04596953179386091, "error_max": 0.24760070494665007, "target": "228.xyz", "model": "28.xyz", "model_rescale": 4.156811204709835, "target_rescale": 3.922724333518282},
