[{"mapping": [9, 4, 7, 8, 11, 10, 12, 1, 2, 0, 6, 13], "R": [[0.10178774036514182, 0.684846950340224, -0.7215427295185319], [0.9086696732413527, -0.3592300895051957, -0.2127749226895464], [-0.40491811621957813, -0.6339861176743415, -0.6588648736678898]], "T": [0.09223716938266312, 0.0348635548729648, 0.26787495112771453], "aligned_model": [[-0.4228292712149274, -0.20309540947903665, -0.07062897456263263, 0.43296297095942426, 0.6189937274268088, 0.23586529280465013, -0.0037013191134370044, 0.09834572444153457, -0.5294363896226564, -0.5807195459929083, 0.2365315735599245, 0.08821638671072878], [0.14300662609328177, -0.8353876873222119, -0.33553672478749197, -0.5369381962748692, 0.03542986061379545, 0.4106056886903904, 0.5620026206077058, 0.48952379457779915, -0.34281156126834833, 0.361506964806079, -0.6718001639786556, -0.019972811772364207], [-0.24178651463303213, 0.005490367106986915, -0.3706175973482366, -0.1414266701088061, -0.1899340141608361, -0.6560394040363513, 0.04869461493170918, 0.623249212167547, 0.5171573975434398, 0.4572047600823964, 0.5215515120662065, 0.11452349709077575]], "inverted": false, "swapped": false, "error_lsq": 0.053047578721306186, "error_max": 0.284250207748304, "target": "229.xyz", "model": "0.xyz", "model_rescale": 3.8414455957264533, "target_rescale": 3.9227557339708277},
{"mapping": [9, 4, 2, 5, 10, 6, 8, 12, 0, 13, 1, 14], "R": [[-0.4078354372842373, 0.12453359673246295, 0.9045228794121526], [-0.7028832013790991, -0.6751245356497234, -0.22396889646291207], [0.582773936714953, -0.7271163900288743, 0.36287228336858973]], "T": [-0.06738576506164407, -0.11206295742982378, 0.06960072403505425], "aligned_model": [[-0.5522667634499627, -0.1577912513645518, -0.10518708426001874, 0.44202606456465965, 0.5786716657199803, 0.2164721482377479, 0.013212359915134905, 0.285840071704161, -0.5487354910665512, -0.5265299789763626, 0.2581371081303486, -0.0033440832371123275], [0.2449789258681175, -0.6441104061928519, -0.4520272288543058, -0.33337447481409865, 0.11226496274923667, 0.12613923130339041, 0.6739356280929433, 0.3763769882925584, -0.4637005190541488, 0.3505221199207038, -0.5907075582666683, -0.1406692590597663], [-0.25121260325427136, 0.0020019432821540284, -0.5843106476661225, -0.28514366999020047, 0.04375346556585062, -0.617939511968384, 0.06605624847321606, 0.5375189557068776, 0.4821184037011103, 0.4569618445422259, 0.712587579489588, 0.12567515281975655]], "inverted": true, "swapped": false, "error_lsq": 0.04911823987675303, "error_max": 0.27986359493058816, "target": "229.xyz", "model": "1.xyz", "model_rescale": 4.316132596720782, "target_rescale": 3.9227557339708277},
{"mapping": [10, 1, 8, 2, 4, 6, 3, 5, 9, 7, 0, 11], "R": [[0.6072043254916788, 0.5799904739953661, 0.5430598099462216], [0.6718558651378055, -0.7396673278662611, 0.03875487797834515], [0.4241610585427742, 0.34132578889063747, -0.8387992025831077]], "T": [-0.052948584032458564, -0.08678170823283843, 0.08198297494519947], "aligned_model": [[-0.5187882173495092, -0.1998736384414048, -0.13369146784723096, 0.49343962110598166, 0.6838689594583246, 0.20089771664568096, 0.036747352212687386, 0.08027765376983209, -0.5533786885418184, -0.6202750532382351, 0.3920531010583112, 0.03922742708485357], [0.014900882831281506, -0.6091231590099089, -0.4341363633334043, -0.6241750620215589, 0.13243158793284482, 0.3443582845816641, 0.5608817131542188, 0.12089387038038504, -0.3029021481093467, 0.5205681542467906, -0.44129811303152927, -0.022771237636326394], [-0.33019403229175465, 0.0689560569735162, -0.5961478723889508, -0.25475685687501576, 0.023886765730419438, -0.570532408189516, 0.14117537696969454, 0.6777022926827634, 0.5847882764291321, 0.41323505669600086, 0.506489367808053, 0.023465137157457946]], "inverted": true, "swapped": false, "error_lsq": 0.05142393032917756, "error_max": 0.2592009928408052, "target": "229.xyz", "model": "2.xyz", "model_rescale": 3.795458400668931, "target_rescale": 3.9227557339708277},
{"mapping": [6, 10, 5, 4, 7, 9, 8, 1, 2, 1, 0, 11], "R": [[0.7638328545883105, 0.08871162532671126, -0.6392883682528302], [0.44719965012442164, -0.7869467636404448, 0.4251202937104094], [-0.46537280021512634, -0.6106103820995211, -0.6407676006885875]], "T": [-0.029586610526897872, -0.09810371596575285, 0.025815149826925836], "aligned_model": [[-0.5222162433241444, -0.22023060113657528, -0.12136138725930373, 0.38647959700304335, 0.6552394653528337, 0.3191999232248074, -0.15091597909462104, -0.12181778000125679, -0.6659882825518251, -0.12181778000125679, 0.37381554148116364, 0.09011829222460824], [0.21624542792069085, -0.805338172790826, -0.35571605305221154, -0.5674352669366819, 0.23739892217887604, 0.25392563238410115, 0.6634028634832582, 0.2307419974121966, -0.3230347982465842, 0.2307419974121966, -0.39016318804936007, -0.1311409517305449], [-0.05032260197081052, -0.024034898557440766, -0.6215162102088707, -0.10674253398834968, 0.06769022844338232, -0.6876117452233806, -0.10047756892661056, 0.5546088242690383, 0.3893041200623775, 0.5546088242690383, 0.629285043605605, 0.08327567892782116]], "inverted": false, "swapped": false, "error_lsq": 0.05669146808698086, "error_max": 0.45610684196603946, "target": "229.xyz", "model": "3.xyz", "model_rescale": 3.7530521520055578, "target_rescale": 3.9227557339708277},
{"mapping": [10, 4, 3, 2, 1, 6, 8, 7, 9, 0, 11], "R": [[0.3304888686233921, 0.4430998127637471, 0.8333304648485875], [0.08707289000516627, -0.8934919747865723, 0.4405569234708948], [0.9397847729891025, -0.07303866729838322, -0.3338711331293821]], "T": [-0.011233657443020392, 0.08936327879051427, -0.05877860223639435], "aligned_model": [[-0.48441751957656476, -0.22439768767560692, 0.25466682126249107, 0.5870829700355084, 0.37005981855011577, -0.243024218102256, -0.008714361947870827, -0.6066466479480093, -0.48706144213289515, 0.17273964291417276, 0.007912227066120305], [-0.6467755920922625, 0.19765617790669765, -0.3987915522717214, 0.05857168715891213, -0.4585381938224156, 0.6880563078829236, -0.5229991734114201, 0.051646339246483194, 0.2990680011701908, 0.29153639080121013, -0.09222703425425148], [-0.18912056159076446, -0.6659965634806307, -0.5682211799454133, -0.2797056212847514, 0.15245557703775398, 0.015628598082561118, 0.6692186438802894, 0.005317232835083674, 0.644250012115785, 0.3599430917190018, -0.050938452123598606]], "inverted": true, "swapped": true, "error_lsq": 0.050077539528722986, "error_max": 0.2906256879977189, "target": "229.xyz", "model": "4.xyz", "model_rescale": 3.7855080009869324, "target_rescale": 3.9227557339708277},
{"mapping": [12, 3, 9, 10, 8, 15, 13, 6, 0, 11, 7, 16], "R": [[-0.14942513700067572, -0.9873905891597354, -0.052268086545423476], [-0.09126569536424645, 0.06640884858681717, -0.993609801521228], [0.9845520307642508, -0.14369999745359696, -0.1000380400139185]], "T": [-0.10488487739707843, -0.10531111949277272, 0.08353818071921357], "aligned_model": [[-0.593123894497482, -0.24680292310309987, -0.08273755773580806, 0.4785260975660425, 0.5287955985252499, 0.3434301402771787, 0.024442822889986157, 0.10853635748155104, -0.5472409145360643, -0.3959310593544077, 0.4086543582418335, -0.1260442598375067], [0.35749590070433845, -0.735600625211426, -0.4547698988615438, -0.48720470503290825, 0.18692036201115536, 0.11867456836386181, 0.6033381942631032, 0.22934826043524426, -0.6368444210608913, 0.5309297290795061, -0.3459036812491371, -0.10675527345619203], [-0.018919553236088404, -0.17143439169429056, -0.5363828440919737, -0.12801133521066158, -0.0078931575433914, -0.5708028337747404, 0.006349224726896502, 0.6017384740383497, 0.4444638919830429, 0.46159364077293075, 0.5731933089092699, 0.03417273582245614]], "inverted": true, "swapped": false, "error_lsq": 0.049427343596641575, "error_max": 0.27125654601069743, "target": "229.xyz", "model": "5.xyz", "model_rescale": 4.2253639853439635, "target_rescale": 3.9227557339708277},
{"mapping": [4, 6, 2, 5, 8, 10, 1, 9, 7, 0, 11, 13], "R": [[0.45791783885020687, -0.8395612346148753, -0.2923152171795064], [0.010050442431219442, -0.32390545345130656, 0.9460360700477757], [-0.8889377039307604, -0.4361446899326524, -0.1398841233802383]], "T": [-0.02067891370915773, -0.06593769377735553, 0.10540931356617488], "aligned_model": [[-0.48403259840171653, -0.19312054131004433, -0.1402008819700045, 0.3824613626445822, 0.6699854595756102, 0.3449842607382024, -0.037073656891989604, 0.14942377478185648, -0.5713357553062584, -0.5641406736902596, 0.4176273648971297, -0.07407334914963547], [0.21527171781076365, -0.6855931201025427, -0.34858510527596664, -0.42110353995321637, 0.19455849578801593, 0.1293666134168689, 0.6409676325097267, 0.32991164770816933, -0.4073084607390366, 0.3281037136702554, -0.6244688982789834, -0.09149228656894333], [-0.34971258430583285, 0.10841028327888547, -0.4912451525307616, -0.22936883049687407, 0.13686299849769756, -0.555392581734983, -0.09136937943992608, 0.5378035800626076, 0.5632676522400607, 0.5440929512614372, 0.42397530130726496, 0.09074292256222453]], "inverted": true, "swapped": false, "error_lsq": 0.05321214670293325, "error_max": 0.310632784085155, "target": "229.xyz", "model": "6.xyz", "model_rescale": 3.89814844738969, "target_rescale": 3.9227557339708277},
{"mapping": [0, 4, 2, 10, 9, 5, 6, 8, 7, 3, 11, 12], "R": [[-0.41389642987844083, 0.7529292596227553, 0.5116515174782643], [-0.8938594631672503, -0.2297286769810934, -0.38501947363590794], [-0.17235140103937657, -0.6167027363134091, 0.7680968230524834]], "T": [-0.09696634509845307, -0.09254843026993449, 0.05691704320690887], "aligned_model": [[-0.609233504328653, -0.21649438559101963, -0.13596930855162442, 0.43736543122369814, 0.7481746750517173, 0.30538458023022236, -0.03457698363795318, 0.1618167470467909, -0.5451442255119175, -0.5513339208562488, 0.35775669886118444, -0.017241038018723814], [0.10547060194859732, -0.7249239411996845, -0.45203232891786466, -0.45066261810475144, 0.19377730964878614, 0.288411012632144, 0.5799657239445454, 0.2118466574245756, -0.26759396453398154, 0.4563486458387804, -0.46568740918316587, -0.21529127951286997], [-0.16530178570226772, 0.02072244282758528, -0.5520147591944122, -0.2968448037126682, 0.015684704513352403, -0.48673747923884875, 0.022158864521709336, 0.6028673286010383, 0.5038737838298293, 0.43723801634564957, 0.6130956340666097, -0.026674786155776696]], "inverted": false, "swapped": false, "error_lsq": 0.0434683798359028, "error_max": 0.24348856375686076, "target": "229.xyz", "model": "7.xyz", "model_rescale": 3.7474275329858107, "target_rescale": 3.9227557339708277},
{"mapping": [11, 8, 4, 2, 1, 13, 12, 0, 5, 10, 3, 14], "R": [[-0.3114744914827709, -0.11225513827577795, 0.9436007763276985], [0.2590120229202963, -0.9654279389178289, -0.029354160516160667], [0.9142737079990243, 0.23526087368612444, 0.32978160678569723]], "T": [-0.0993394023063839, -0.012039260897443615, 0.10622501059674062], "aligned_model": [[-0.6078200480224112, -0.16347612757531801, 0.07203497438093263, 0.5609280438855897, 0.6354882511405686, 0.008090399885480173, -0.04401803751523292, 0.2459087758702218, -0.4820022960206125, -0.36959278038769416, 0.1047023592176206, -0.05973874894167183], [0.28773741700264144, -0.6607683007864382, -0.42263176479586984, -0.49105994943162096, 0.13945589457324525, 0.23381425512952683, 0.5450402855405538, 0.12722539174518308, -0.5104917709538568, 0.5524370247778561, -0.520567618514125, -0.02056245430198503], [-0.08886812590290043, -0.09439260860208463, -0.5374134473926652, -0.10156232132033681, 0.14957656937390262, -0.7517532612439637, -0.15309051986264927, 0.6499365973934768, 0.4499337085003604, 0.5347025412026288, 0.5687186927573448, 0.062279335798686886]], "inverted": true, "swapped": false, "error_lsq": 0.0570866699140517, "error_max": 0.3008710242614822, "target": "229.xyz", "model": "8.xyz", "model_rescale": 4.019505241142653, "target_rescale": 3.9227557339708277},
{"mapping": [8, 11, 5, 6, 2, 3, 0, 1, 9, 7, 10, 12], "R": [[-0.153404118924736, 0.5081699503072181, -0.8474847950858382], [-0.3742812070064776, -0.8236167690669042, -0.4261091360127923], [-0.9145385472349976, 0.25183073544854195, 0.3165446671557535]], "T": [0.015652119404003725, -0.06482518412834527, 0.05527954043873448], "aligned_model": [[-0.658194346778169, -0.31480216178136, -0.005446101206029952, 0.47718720026162226, 0.5410244488983018, 0.27939294152129984, -0.0001247274676110105, 0.236071274004358, -0.4379356553174429, -0.622435472486122, 0.40420253117440963, 0.0015648350942164269], [-0.10408659663450963, -0.5762383858346444, -0.24726115844781327, -0.6083964453627341, 0.15002526108702197, 0.3605225921552788, 0.5849720363065841, 0.11990962407527049, -0.29059037063948684, 0.559982198783218, -0.6062607524878811, -0.08294959301519333], [0.03233585093768196, -0.0731962516770032, -0.590318399074051, -0.08464004741337722, -0.11143987597444571, -0.6432767247978145, 0.06795792712314244, 0.6665026986173126, 0.5142220996041255, 0.2037515896963631, 0.6830182289437708, 0.02315006471609584]], "inverted": false, "swapped": false, "error_lsq": 0.05613871300596054, "error_max": 0.36692829880624406, "target": "229.xyz", "model": "9.xyz", "model_rescale": 3.877068213659057, "target_rescale": 3.9227557339708277},
{"mapping": [4, 3, 5, 12, 0, 1, 7, 9, 13, 2, 10, 15], "R": [[0.2711433312388276, 0.7076834176321869, -0.6524304363939035], [-0.9282748155371077, 0.013012166893170286, -0.3716672575736172], [-0.2545332213371383, 0.7064098413252552, 0.660452856239238]], "T": [0.0070551053461548555, -0.11814168257157674, 0.18565517965096123], "aligned_model": [[-0.5179606150606955, -0.3176455679802333, 0.11265773111033514, 0.471919478311296, 0.6757179688751134, 0.14381063503494076, -0.20201419868701012, 0.13340300325522625, -0.6281453473141553, -0.4033751248725314, 0.3486646288352224, 0.0834721744099649], [0.09726303550026787, -0.49711554304873923, -0.2627629692262337, -0.6281031281806476, -0.038492823116555455, 0.31502760802035057, 0.6208766235288318, 0.2361678075663961, -0.37540113475541514, 0.30673461674102587, -0.4006217384091865, -0.11394394463498397], [-0.18319435674977236, -0.20640301570356961, -0.5752181416848522, -0.10076349022508418, -0.23897650753048072, -0.5536478035643514, -0.09080193958524052, 0.7280077382249776, 0.543393149631616, 0.48795058873712155, 0.7394771103971455, 0.13824382875429092]], "inverted": false, "swapped": false, "error_lsq": 0.04801702228938077, "error_max": 0.25280205914189735, "target": "229.xyz", "model": "10.xyz", "model_rescale": 4.260839863003843, "target_rescale": 3.9227557339708277},
{"mapping": [10, 7, 6, 0, 3, 5, 4, 2, 8, 9, 1, 11], "R": [[0.35152131812258536, 0.3959164323112968, 0.8483412883570236], [0.9342906431902713, -0.2059006670402843, -0.2910427964397596], [0.05944541153419275, 0.8949050753785344, -0.4422794920740393]], "T": [-0.03798872698890639, -0.0561330243328847, 0.08787476843389545], "aligned_model": [[-0.5714970329608337, -0.2203187953428351, 0.005563436053617629, 0.41451872271854445, 0.6590730543599366, 0.22477950287115406, -0.10747651866615056, 0.2295570774495545, -0.4803398414903047, -0.6084868167453051, 0.3737678514827737, -0.018635873812678852], [0.007097388696811417, -0.6775782523074152, -0.3120564198786513, -0.6911274608022165, 0.07760243457645855, 0.28452244044818675, 0.6702853745778274, 0.24677796521417716, -0.2111197374909557, 0.4279545528521534, -0.4487081605292392, -0.11402171537202578], [-0.23570612465044477, -0.012957786249504263, -0.7095346366779769, -0.3146837280200765, 0.09513916282379363, -0.433198752231759, 0.02795302669486817, 0.6419697973598422, 0.6318582399682534, 0.3634186095130077, 0.5346430816198244, 0.0991662705519723]], "inverted": true, "swapped": false, "error_lsq": 0.05328392730477085, "error_max": 0.3438142333412451, "target": "229.xyz", "model": "11.xyz", "model_rescale": 3.890672605050136, "target_rescale": 3.9227557339708277},
{"mapping": [4, 12, 7, 5, 8, 3, 0, 11, 10, 2, 9, 13], "R": [[0.6492443269869326, 0.6825137651872867, 0.33564380555159784], [-0.4872512919288049, 0.034383942143844735, 0.8725846222781833], [0.584010258804583, -0.7300634937130622, 0.3548792932230364]], "T": [0.13123116892127612, 0.06526022548999483, 0.20212142610574144], "aligned_model": [[-0.4727758137537272, -0.20947591610941751, 0.06497599144131586, 0.4598004439398894, 0.6692002308205101, 0.04197487200887562, 0.13309524564362246, -0.08469672680744475, -0.6371427559467633, -0.5041278131405289, 0.3970376159962855, 0.04263939182485618], [0.23678768543746617, -0.5735537085836449, -0.4003543520954514, -0.6023630858385509, 0.16452068070522918, 0.37168654521803424, 0.5841790861012113, 0.06414994984108219, -0.3240828987539831, 0.2686739303401375, -0.522164166096323, -0.007851256290096684], [-0.1090231370621669, 0.026145329466680023, -0.509058921537124, -0.024359318151934095, -0.26684306754794196, -0.6645961634477706, -0.07968396963242733, 0.70822030481365, 0.4420254644823076, 0.4481010233474925, 0.6381259362707238, 0.07901367970031149]], "inverted": true, "swapped": false, "error_lsq": 0.05394184192285362, "error_max": 0.3313917411077668, "target": "229.xyz", "model": "12.xyz", "model_rescale": 4.124412569039231, "target_rescale": 3.9227557339708277},
{"mapping": [10, 7, 5, 0, 4, 4, 2, 8, 9, 11, 6, 12], "R": [[-0.38611662697484783, 0.12687835659504165, 0.9136825668695379], [0.7529954267760125, 0.6154912184026683, 0.2327411594961442], [-0.5328337804869141, 0.7778640258405967, -0.33319021545520017]], "T": [0.07310099883248362, -0.2763043928430611, 0.11921765629281861], "aligned_model": [[-0.44050918546689594, -0.44950678475295297, -0.009328492407145214, 0.5240241834559844, 0.36753467247299815, 0.36753467247299815, 0.12361798878291315, -0.032801162750328974, -0.3505027202144662, -0.5243420789449331, 0.302795815680613, 0.02198785758868879], [0.17673761714203035, -0.5216808629768838, -0.45737935118374684, -0.49759163641291754, 0.19924019607267585, 0.19924019607267585, 0.5834129166241507, 0.15413882281141988, -0.49545631757882774, 0.45926321321280517, -0.36719706366563937, -0.1730993201326318], [-0.1556772110112774, -0.12521877093648515, -0.6116469806325886, -0.1714154987261512, -0.4334507900011963, -0.4334507900011963, 0.14623052688679863, 0.6834866446020824, 0.5448625729717256, 0.4234460689593282, 0.7409825863812904, 0.07991880220946976]], "inverted": false, "swapped": false, "error_lsq": 0.06592187672609633, "error_max": 0.45008620540190714, "target": "229.xyz", "model": "13.xyz", "model_rescale": 3.9028299243045295, "target_rescale": 3.9227557339708277},
{"mapping": [3, 1, 9, 11, 10, 7, 4, 5, 2, 0, 12, 15], "R": [[0.47475739355968016, 0.37814660877534895, 0.7947393028736671], [0.031926569401020594, -0.9097982889154966, 0.41382093670175335], [0.8795374417423631, -0.17109124980003498, -0.4440063882594047]], "T": [-0.0033144136715754892, -0.09707718009333041, 0.14021577379110184], "aligned_model": [[-0.4875704538000084, -0.20928104613431164, 0.21810312772072069, 0.31745917063500456, 0.5431273456386132, 0.13182573462648767, -0.015884736037023017, 0.23854758879112178, -0.6174192463603664, -0.5589308009949676, 0.3176133567316869, 0.022914725100515287], [0.19627661862749088, -0.7042479094225932, -0.3174885796696425, -0.7374459086800664, 0.32479918210971903, 0.2943471588242964, 0.5799819203645992, 0.16398245663364328, -0.344246305738251, 0.41591931282315786, -0.5111897084140022, -0.10105982747324078], [-0.12079970776764493, 0.034763379315976256, -0.5691773074863126, -0.041137162212820655, -0.14045189578500283, -0.6654839736694806, 0.11199813098670638, 0.5082544558502944, 0.4626013307752538, 0.4798353221651825, 0.5982075521373268, 0.029457036392321112]], "inverted": false, "swapped": false, "error_lsq": 0.04342738268547445, "error_max": 0.23061741257999396, "target": "229.xyz", "model": "14.xyz", "model_rescale": 3.942246331269136, "target_rescale": 3.9227557339708277},
{"mapping": [6, 10, 4, 3, 12, 13, 8, 0, 9, 7, 5, 14], "R": [[-0.3072381337443255, -0.9289263836432712, -0.20664100015422482], [-0.9054167971403534, 0.21849489155607799, 0.3639785787927664], [-0.29295930200184506, 0.298924331788719, -0.90819551377182]], "T": [-0.003115745560616343, -0.10189157323879805, 0.028884975835756162], "aligned_model": [[-0.5191890237518662, -0.45681632552463314, 0.05714149989013729, 0.5603836900741924, 0.7443679375327452, 0.32683436836297053, -0.19310558821207605, 0.18561381002097793, -0.6074406221731423, -0.47441070203597646, 0.22379119506595105, 0.053334526668192564], [0.11360552334219204, -0.5881908627345386, -0.4360184273886353, -0.5415338696948786, 0.15300900806025247, 0.1586831428720044, 0.6481303450676451, 0.39274307805903286, -0.414434948572204, 0.29134665326888115, -0.4631959450424584, -0.05451528725218251], [0.033216516037719135, -0.22931901487587997, -0.44901908004703905, -0.046818179360856305, -0.18175712661609833, -0.6669336687483791, 0.014327914422551654, 0.5392134969412347, 0.45931544429125337, 0.6240524055083003, 0.4987274487989484, 0.09306100435004565]], "inverted": false, "swapped": false, "error_lsq": 0.05161622432780225, "error_max": 0.2921547038235854, "target": "229.xyz", "model": "15.xyz", "model_rescale": 4.355366556412066, "target_rescale": 3.9227557339708277},
{"mapping": [10, 1, 8, 2, 4, 6, 3, 5, 9, 7, 0, 11], "R": [[0.6072043254916788, 0.5799904739953661, 0.5430598099462216], [0.6718558651378055, -0.7396673278662611, 0.03875487797834515], [0.4241610585427742, 0.34132578889063747, -0.8387992025831077]], "T": [-0.052948584032458564, -0.08678170823283843, 0.08198297494519947], "aligned_model": [[-0.5187882173495092, -0.1998736384414048, -0.13369146784723096, 0.49343962110598166, 0.6838689594583246, 0.20089771664568096, 0.036747352212687386, 0.08027765376983209, -0.5533786885418184, -0.6202750532382351, 0.3920531010583112, 0.03922742708485357], [0.014900882831281506, -0.6091231590099089, -0.4341363633334043, -0.6241750620215589, 0.13243158793284482, 0.3443582845816641, 0.5608817131542188, 0.12089387038038504, -0.3029021481093467, 0.5205681542467906, -0.44129811303152927, -0.022771237636326394], [-0.33019403229175465, 0.0689560569735162, -0.5961478723889508, -0.25475685687501576, 0.023886765730419438, -0.570532408189516, 0.14117537696969454, 0.6777022926827634, 0.5847882764291321, 0.41323505669600086, 0.506489367808053, 0.023465137157457946]], "inverted": true, "swapped": false, "error_lsq": 0.05142393032917756, "error_max": 0.2592009928408052, "target": "229.xyz", "model": "16.xyz", "model_rescale": 3.795458400668931, "target_rescale": 3.9227557339708277},
{"mapping": [0, 4, 2, 10, 9, 5, 6, 8, 7, 3, 11, 12], "R": [[-0.41389642987844083, 0.7529292596227553, 0.5116515174782643], [-0.8938594631672503, -0.2297286769810934, -0.38501947363590794], [-0.17235140103937657, -0.6167027363134091, 0.7680968230524834]], "T": [-0.09696634509845307, -0.09254843026993449, 0.05691704320690887], "aligned_model": [[-0.609233504328653, -0.21649438559101963, -0.13596930855162442, 0.43736543122369814, 0.7481746750517173, 0.30538458023022236, -0.03457698363795318, 0.1618167470467909, -0.5451442255119175, -0.5513339208562488, 0.35775669886118444, -0.017241038018723814], [0.10547060194859732, -0.7249239411996845, -0.45203232891786466, -0.45066261810475144, 0.19377730964878614, 0.288411012632144, 0.5799657239445454, 0.2118466574245756, -0.26759396453398154, 0.4563486458387804, -0.46568740918316587, -0.21529127951286997], [-0.16530178570226772, 0.02072244282758528, -0.5520147591944122, -0.2968448037126682, 0.015684704513352403, -0.48673747923884875, 0.022158864521709336, 0.6028673286010383, 0.5038737838298293, 0.43723801634564957, 0.6130956340666097, -0.026674786155776696]], "inverted": false, "swapped": false, "error_lsq": 0.0434683798359028, "error_max": 0.24348856375686076, "target": "229.xyz", "model": "17.xyz", "model_rescale": 3.7474275329858107, "target_rescale": 3.9227557339708277},
{"mapping": [8, 5, 10, 12, 7, 11, 1, 2, 4, 0, 9, 13], "R": [[-0.1389553967354607, -0.9334680771341362, -0.33064897805616933], [-0.27778127218223586, -0.2837430993793559, 0.9177839715202132], [-0.9505414049597782, 0.21937912965023687, -0.21987231506261817]], "T": [-0.0023933792776684604, -0.01368064030559838, 0.030237493840135715], "aligned_model": [[-0.703917553469946, -0.18503795190084749, -0.17918363038349377, 0.4724664209615748, 0.7417349597116422, 0.3337009271120997, 0.07488354270158033, 0.18696564233593901, -0.5488241912102788, -0.5311011959641478, 0.259089754468636, -0.020271958445285045], [-0.08237045651096384, -0.7035058553777395, -0.31451376513954993, -0.5593891742302719, 0.10255965484896376, 0.21034066386783565, 0.6710967717122112, 0.36160499430022125, -0.43088741507325096, 0.4209545596052043, -0.4518005083917072, 0.03553894037415794], [-0.11118383903512735, -0.0880928463616233, -0.5653160374062466, -0.15936021034435324, 0.01680280248949486, -0.568587801462984, -0.029983682910910858, 0.6021960388429418, 0.4956165832707279, 0.5105526803104175, 0.46313669435972293, 0.12228677894974076]], "inverted": true, "swapped": false, "error_lsq": 0.049637442938005184, "error_max": 0.31444520195173165, "target": "229.xyz", "model": "18.xyz", "model_rescale": 3.922800546911778, "target_rescale": 3.9227557339708277},
{"mapping": [3, 2, 9, 10, 11, 7, 12, 8, 1, 5, 6, 14], "R": [[0.46738340592358024, -0.624041074317599, 0.6261992410022639], [-0.5302547727934097, 0.368883094485471, 0.7633840046350415], [-0.7073772881546905, -0.6888381523749687, -0.1584909209877844]], "T": [0.021235934086863147, -0.015024585546986283, 0.1628696873262544], "aligned_model": [[-0.3875667080566047, -0.24557905616074982, 0.0075542268428209144, 0.42141578620618025, 0.6021610463379204, 0.16834475848877697, -0.14376661186714274, 0.1401488691975546, -0.397438010726657, -0.5466837812699763, 0.2509069042436815, 0.031007342681668902], [0.18400483765108366, -0.5909712170690924, -0.3837114499151335, -0.6893128480144791, -0.06266125184375372, 0.3478045360646274, 0.7388052952608529, 0.2216553613987226, -0.4605487692108448, 0.3815687337486566, -0.4434895213320835, 0.016484703246554835], [-0.2870380054986948, -0.1691306159948298, -0.5628203242105283, -0.026318241251753, -0.24639840909592226, -0.533495907280693, 0.010788409068710009, 0.7144428652444306, 0.5802464399620282, 0.4833609605066426, 0.6521925012058141, 0.072237488046596]], "inverted": false, "swapped": false, "error_lsq": 0.05208522537008962, "error_max": 0.27368804400710006, "target": "229.xyz", "model": "19.xyz", "model_rescale": 3.9282355846067225, "target_rescale": 3.9227557339708277},
{"mapping": [7, 5, 6, 3, 4, 8, 9, 11, 2, 10, 0, 13], "R": [[0.9766708509399274, -0.21132483893702192, 0.03815575149987674], [-0.05704116007888416, -0.42660071883946793, -0.9026395364388295], [0.20702742567383123, 0.8794052758164983, -0.42870270104697883]], "T": [-0.06534392373713692, -0.02978142032468177, -0.023878692220411828], "aligned_model": [[-0.6394175657102903, -0.2728459162384374, -0.032537863640170916, 0.3706232337023025, 0.5661835868265089, 0.348472607295217, -0.05784146140152996, 0.33862451557424067, -0.6801323022622101, -0.3957088174676295, 0.4206953997564094, -0.06561065051693749], [0.010077966804129729, -0.6842513892178004, -0.3553389396976099, -0.6403202691395284, -0.013988752475291008, 0.3992706500858271, 0.6615319832091536, 0.3659148180368522, -0.4008951633351657, 0.21721953105272052, -0.20469455269117082, -0.09489747264700611], [-0.2625174552682833, -0.1515585072798915, -0.5893697337566365, 0.03553528646789051, -0.04095030559745589, -0.4964162871787289, -0.04519339116626197, 0.4161180785777575, 0.3798861523848829, 0.7324835992778913, 0.5871598993108577, 0.12288982492977824]], "inverted": true, "swapped": false, "error_lsq": 0.06000549620942589, "error_max": 0.3276369955030992, "target": "229.xyz", "model": "20.xyz", "model_rescale": 4.067790424073018, "target_rescale": 3.9227557339708277},
{"mapping": [6, 3, 11, 12, 9, 13, 5, 8, 2, 4, 0, 14], "R": [[-0.746208848215321, -0.665439843776697, -0.019030742487078717], [0.6537236947726427, -0.7270707941786226, -0.20979368709585153], [0.1257683813125115, -0.1689907529035606, 0.9775604532176609]], "T": [0.06410791901883994, 0.00851949541404913, 0.05813498551172867], "aligned_model": [[-0.6441928124056711, -0.2649913900836456, -0.01115546034620428, 0.4525002486389798, 0.8257366994048422, 0.12973113102557646, -0.053260935006125026, 0.15859891208296928, -0.4610126364356757, -0.5078351491720606, 0.15691886266896798, 0.11946729554551953], [-0.009397703691237005, -0.7694266084085375, -0.28067255159660415, -0.6017631624588072, -0.08882793566289172, 0.39231170273815597, 0.5869359521940087, 0.3482915348359695, -0.30816503634424197, 0.3761848685146314, -0.38741939001569187, 0.0015767398803564567], [-0.15527998710054086, -0.04305059125859893, -0.5152197368473791, -0.19429390088911558, -0.06226010583065732, -0.5236902809733274, 0.069318700854565, 0.506235766789643, 0.47965751293239334, 0.482606179949546, 0.6404377909870125, 0.0036058120882597813]], "inverted": true, "swapped": false, "error_lsq": 0.05343041713185498, "error_max": 0.30548539084728304, "target": "229.xyz", "model": "21.xyz", "model_rescale": 4.186013935880536, "target_rescale": 3.9227557339708277},
{"mapping": [11, 2, 9, 1, 7, 10, 4, 6, 5, 3, 0, 12], "R": [[0.9055650111307282, 0.2445518282996271, 0.34662142733984913], [0.2061240545215733, 0.46049231403433943, -0.8634000827327313], [-0.3707625719559514, 0.8533119195174819, 0.3665977130943385]], "T": [-0.05224187859343291, -0.11928670799973522, -0.011368287256223124], "aligned_model": [[-0.5768330681888337, -0.31291719967062176, 0.03177949541890645, 0.5294061102248904, 0.6308120908597521, 0.28690216520163286, 0.013604773388732193, 0.13361574263226164, -0.5348447573425463, -0.49086136609703035, 0.2625440843932541, -0.07270330490292451], [0.15970958386882456, -0.8014097605494455, -0.27433136239367467, -0.5624307167935397, 0.14305841841173483, 0.361942730368665, 0.6036370706976243, 0.1702009603531821, -0.3699069618894059, 0.37886765181053284, -0.46709098573723046, -0.08261821816215673], [-0.2256837828097061, 0.11691156707235531, -0.6066432859679737, -0.0321586818196351, -0.06555361131404133, -0.6027218006843842, -0.03708943390906074, 0.4262464788578927, 0.5389250216965588, 0.6303433564909446, 0.537931651666416, 0.00755968142243434]], "inverted": true, "swapped": false, "error_lsq": 0.038503385538309474, "error_max": 0.2035733208584486, "target": "229.xyz", "model": "22.xyz", "model_rescale": 4.166573947596378, "target_rescale": 3.9227557339708277},
{"mapping": [12, 1, 5, 7, 10, 13, 14, 9, 2, 11, 8, 15], "R": [[0.6597294891860753, 0.24858106327320442, -0.7091998703329292], [-0.6976797299443575, -0.14812011856440666, -0.7009303994700437], [-0.2792847928603506, 0.9572188284078148, 0.07571075893505361]], "T": [-0.08228959384594758, -0.11752920864315586, 0.18381634097359706], "aligned_model": [[-0.49783608762173076, -0.3416016100467613, 0.048655235720957396, 0.48012790746502887, 0.5407338655353475, 0.25414095443758866, 0.09305358387807094, 0.13866967062790125, -0.6483252800905668, -0.5618751910936224, 0.493473452902391, -0.098711735797131], [0.35803369157956333, -0.7158209499557237, -0.4361094903262623, -0.3894358711759549, 0.14158519896261434, 0.11703835379117433, 0.5900738081823299, 0.27649419446295087, -0.4546037251634622, 0.33198528298235597, -0.391035410733209, -0.16857667262126605], [0.009052515564486552, -0.10411304515811731, -0.5727694353490564, -0.1642396440914614, -0.14121092855275075, -0.5568628633591561, -0.12364179247770818, 0.5792549930170618, 0.3209061341723485, 0.6197380130176153, 0.6815817592566793, 0.14037145466185943]], "inverted": true, "swapped": false, "error_lsq": 0.04925821244937539, "error_max": 0.2554762918773026, "target": "229.xyz", "model": "23.xyz", "model_rescale": 4.274766983524099, "target_rescale": 3.9227557339708277},
{"mapping": [10, 7, 8, 1, 0, 2, 3, 5, 4, 6, 11], "R": [[-0.8074841710158618, -0.4367834684782951, -0.39647132963544407], [0.5750033738625687, -0.7328514172087213, -0.3637305600878651], [-0.13168308017923058, -0.5216790219658437, 0.8429178871249983]], "T": [-0.04549503166753757, 0.17964758843800954, 0.09731844623237154], "aligned_model": [[0.2992467487820679, 0.3817641351116401, -0.569313052778937, -0.5522189580692904, -0.4105748556037664, -0.39175351395517743, -0.023780108775538725, 0.05780860823156994, 0.4998523155970288, 0.1805427814698048, -0.09167939605132634], [-0.1073470949041121, 0.46562974416090874, 0.3658089867837625, -0.13457621197845865, 0.5087417510717054, -0.25710531419742066, -0.567050267107226, 0.0055164621031698335, -0.10242067385304948, 0.6604129774164338, 0.07797617174776998], [-0.6652952092461506, -0.2120539569897298, -0.6746483435940593, -0.2696895682356928, 0.1893062374244776, 0.40891373191793456, -0.005154566292737056, 0.8716907969163787, 0.3184828070168266, 0.46537847713274616, -0.04736397202841658]], "inverted": true, "swapped": true, "error_lsq": 0.05449977439448455, "error_max": 0.27213625338003583, "target": "229.xyz", "model": "24.xyz", "model_rescale": 3.7841303162186577, "target_rescale": 3.9227557339708277},
{"mapping": [4, 8, 2, 9, 12, 5, 3, 11, 0, 6, 10, 15], "R": [[-0.3957063671059085, 0.6860119747584319, 0.6105768104996137], [0.5779053334825313, -0.3307056944271672, 0.7460959517420598], [0.7137519853312415, 0.648090513864755, -0.26558763012277026]], "T": [-0.0011164161032225003, -0.15339326868382888, 0.18058692629439363], "aligned_model": [[-0.4635907398102857, -0.2831663759309024, 0.010785587706377458, 0.4094597395721267, 0.5711409961068706, 0.1244035288761805, 0.01005751700818735, 0.15960704161411524, -0.51400049018366, -0.43685551165762787, 0.34526045611772854, -0.03259698350163729], [0.19478702836663372, -0.5919749969195663, -0.3195880171519641, -0.49256963688660105, 0.05459155516677497, 0.2920631493573538, 0.631062812285883, 0.328917511885238, -0.5753701452162233, 0.3985863435720277, -0.5683135090623707, -0.09256368541207473], [-0.29014901190865194, -0.09789408106126266, -0.5549609482958002, -0.061337277062262496, -0.27155870693297335, -0.5644983496854571, -0.0024586633318356144, 0.755888456145416, 0.4971550731099097, 0.34634699537718605, 0.7401576204804302, 0.19137605386710185]], "inverted": false, "swapped": false, "error_lsq": 0.04824556812966005, "error_max": 0.24165479749903399, "target": "229.xyz", "model": "25.xyz", "model_rescale": 4.19342608120988, "target_rescale": 3.9227557339708277},
{"mapping": [10, 1, 8, 2, 4, 6, 3, 5, 9, 7, 0, 11], "R": [[0.6072043254916788, 0.5799904739953661, 0.5430598099462216], [0.6718558651378055, -0.7396673278662611, 0.03875487797834515], [0.4241610585427742, 0.34132578889063747, -0.8387992025831077]], "T": [-0.052948584032458564, -0.08678170823283843, 0.08198297494519947], "aligned_model": [[-0.5187882173495092, -0.1998736384414048, -0.13369146784723096, 0.49343962110598166, 0.6838689594583246, 0.20089771664568096, 0.036747352212687386, 0.08027765376983209, -0.5533786885418184, -0.6202750532382351, 0.3920531010583112, 0.03922742708485357], [0.014900882831281506, -0.6091231590099089, -0.4341363633334043, -0.6241750620215589, 0.13243158793284482, 0.3443582845816641, 0.5608817131542188, 0.12089387038038504, -0.3029021481093467, 0.5205681542467906, -0.44129811303152927, -0.022771237636326394], [-0.33019403229175465, 0.0689560569735162, -0.5961478723889508, -0.25475685687501576, 0.023886765730419438, -0.570532408189516, 0.14117537696969454, 0.6777022926827634, 0.5847882764291321, 0.41323505669600086, 0.506489367808053, 0.023465137157457946]], "inverted": true, "swapped": false, "error_lsq": 0.05142393032917756, "error_max": 0.2592009928408052, "target": "229.xyz", "model": "26.xyz", "model_rescale": 3.795458400668931, "target_rescale": 3.9227557339708277},
{"mapping": [9, 0, 1, 6, 5, 8, 11, 10, 3, 4, 7, 12], "R": [[-0.7268435806813889, -0.28637557133515595, 0.6242495024945715], [-0.06628596295174106, 0.9339281012039924, 0.35126126017120873], [-0.683596796611729, 0.21393301270250034, -0.6978023256898862]], "T": [-0.12715315523450624, -0.02366071264144254, -0.060303489460866895], "aligned_model": [[-0.5484625288243784, -0.2526002392298189, -0.11045687127488624, 0.5211510897085917, 0.6063098850525361, 0.3807605040944958, -0.11427624469034656, 0.14337321345434986, -0.473407535478083, -0.45287587592656475, 0.23176381481453465, -0.03077444578295707], [0.021794846396861536, -0.8339526046726455, -0.2857010715346213, -0.42025358400266444, -0.049507398956669266, 0.23963629742294712, 0.6914281689204533, 0.261580632550771, -0.3570346547634179, 0.48418759782208887, -0.3817503179994119, -0.11079950119858116], [-0.12963237228204674, 0.0774037032288396, -0.5907837011222471, -0.382177160409714, 0.10769765702225984, -0.5113579310356586, -0.052775649483246624, 0.5339517480812093, 0.5000948311326615, 0.5183656607630626, 0.574644179071592, 0.04263619573508861]], "inverted": false, "swapped": false, "error_lsq": 0.050294514881743, "error_max": 0.2813868235166105, "target": "229.xyz", "model": "27.xyz", "model_rescale": 3.6321398670334006, "target_rescale": 3.9227557339708277},
{"mapping": [1, 13, 2, 11, 0, 5, 3, 8, 6, 7, 9, 14], "R": [[-0.6652868963211792, 0.6965438438580124, -0.26873782608117913], [-0.2194591759522328, 0.1615999618441411, 0.9621450630868194], [0.7136042430322987, 0.6990794846907451, 0.04535260092677057]], "T": [0.016378139551496425, -0.028757756687491032, 0.211139544773439], "aligned_model": [[-0.382706564831192, -0.21713151668254266, 0.07151871593706219, 0.37864170950775394, 0.512065674002354, 0.12788021670071328, -0.024034133312058663, 0.2019901614237083, -0.5533370015642468, -0.3736652424376525, 0.17404933903728365, -0.014766591863709454], [0.023274327604023357, -0.7787927801520267, -0.27766045867567063, -0.47957604755931227, 0.19037087377823034, 0.2757247330661749, 0.6137582252957898, 0.2732490849849988, -0.4755206692519221, 0.5409795997306958, -0.5813233618191604, -0.0648551170167102], [-0.32298708541678833, -0.01111714452086457, -0.5428171021972386, -0.06824157648687645, -0.09819555785814688, -0.605455227309766, -0.027816813292871834, 0.5871311147774492, 0.4935134017099156, 0.5634929027423106, 0.5522893741716293, 0.16827087438304827]], "inverted": false, "swapped": false, "error_lsq": 0.04553089568372162, "error_max": 0.2605078929134334, "target": "229.xyz", "model": "28.xyz", "model_rescale": 4.156811204709835, "target_rescale": 3.9227557339708277},
{"mapping": [6, 7, 9, 8, 3, 4, 0, 2, 1, 11], "R": [[-0.3574186874983124, -0.6247025224397045, 0.6942612190555184], [-0.8383810738129251, -0.11295534812038904, -0.5332525334241637], [0.41154472041233947, -0.7726498869400503, -0.4833664193055378]], "T": [-0.24724551253827384, -0.03929478585567255, -0.007591509820108231], "aligned_model": [[-0.6644942506724568, -0.07303869009069627, 0.0324869744162882, 0.6423931549364196, -0.15544393887485541, -0.6153081252862577, -0.23081905637707242, -0.4468000363169031, 0.24936957435056464, -0.09542023197444302], [-0.04942582732521615, -0.46790376015542573, 0.059961987362008175, 0.2738580312244763, -0.24168772039343447, -0.5466425850761185, 0.39639867178857696, 0.28302161894397215, 0.2685367646432124, -0.05739685038584691], [-0.5010461592845213, -0.38968286411460656, -0.8301091160643672, -0.13189945228016245, 0.7129218590844131, 0.17408961733648945, -0.25243713865032974, 0.5062467758443574, 0.37817241930211065, 0.0925307858017162]], "inverted": false, "swapped": true, "error_lsq": 0.05863871713546648, "error_max": 0.28795041438412966, "target": "229.xyz", "model": "29.xyz", "model_rescale": 4.117894457231895, "target_rescale": 3.9227557339708277},
