[{"mapping": [13, 10, 5, 7, 1, 8, 0, 2, 4, 6, 11, 3, 12, 15], "R": [[0.8889539586688789, -0.041426451350147546, 0.4561191823366599], [0.25371515985312076, -0.7845827391775415, -0.5657371678132624], [0.38129972072850343, 0.61863864615234, -0.6869474131686977]], "T": [0.11129914615700512, 0.11541195470140733, 0.08010366691861909], "aligned_model": [[0.05763726079492573, 0.11346193258159423, -0.4109854801792293, -0.3729139405550147, -0.45480497219577665, -0.16345516975672084, -0.6969335990285433, -0.025683243604014833, -0.36453965202500804, 0.02679510476441993, 0.7626918799445148, 0.22735855176190667, 0.6160900882137852, 0.05677334041146495], [-0.7294950149383412, -0.48538166192780985, -0.48077043182771784, -0.30436754207755223, 0.164180811242808, 0.4225729704712696, 0.1507148196859678, 0.5585799671758993, 0.6651223788428514, -0.009272938746217901, 0.5205954325264709, 0.7018143798062233, -0.04013830170196642, 0.10111846327814938], [0.07199480699206795, -0.3670915764332589, 0.33079732915722176, -0.237248674164659, 0.5105067183515817, -0.6157708307454304, -0.03066320616051435, 0.5675943609876035, -0.02595952697787296, 0.8260395732142864, 0.2634262871617976, 0.01615789131231271, 0.4678814096779092, 0.1199235248067878]], "inverted": false, "swapped": true, "error_lsq": 0.05271089884705097, "error_max": 0.37868769982633665, "target": "23.xyz", "model": "0.xyz", "model_rescale": 3.8414455957264533, "target_rescale": 4.274766983524099},
{"mapping": [2, 4, 5, 0, 1, 7, 13, 6, 14, 12, 10, 3, 9, 11, 15], "R": [[0.003803409027803184, 0.38094984833570056, 0.9245878796159802], [0.7259738548537542, -0.6369110619077893, 0.25943450288709213], [0.6877117827611708, 0.6702398915854675, -0.2789820631849893]], "T": [-0.01908218398603887, 0.13279164990425674, -0.09563101027567839], "aligned_model": [[-0.6330233578475597, -0.6229476167159042, 0.15681650609921874, -0.334805324283892, -0.46215020918474903, 0.2536692695432018, 0.6558450939217148, -0.24820524864043064, 0.7125428292592624, 0.16090151337070333, 0.6530457652155665, -0.42755835980446144, 0.21150160595896988, -0.15807320482045747, -0.045515108566638325], [0.11858781226983942, 0.08344155074211076, -0.6741393961805315, -0.4540879788189973, -0.41542867195676714, -0.381495731206806, -0.3610331553145505, -0.22131058913899565, 0.28540784262169755, 0.3335060044934206, -0.05609148773620684, 0.5583516289661841, 0.6501466986391607, 0.810918947225157, 0.07027105343830012], [0.17947574213706158, -0.5112806466658151, -0.0008474732444750804, -0.567485821534536, 0.010407966578363653, -0.5109679600861028, 0.036366604029965194, 0.5377897483948901, 0.16400508300584477, 0.5016134721407515, -0.36675536056759994, -0.21170241082565705, -0.2946888803667534, 0.2824142147729411, -0.08316249042934393]], "inverted": false, "swapped": true, "error_lsq": 0.04461609619845823, "error_max": 0.3073649105815895, "target": "23.xyz", "model": "1.xyz", "model_rescale": 4.316132596720782, "target_rescale": 4.274766983524099},
{"mapping": [2, 1, 6, 9, 12, 3, 14, 8, 5, 4, 7, 15], "R": [[0.8573908161343881, -0.4343758037760113, 0.2760410286576118], [0.4171722334762938, 0.27244577156811334, -0.8670297740972085], [0.3014105439841297, 0.858540018082209, 0.41480202666644667]], "T": [-0.11187873073811372, 0.05848494796085294, -0.0756945254610726], "aligned_model": [[-0.10192202951504553, 0.43801081676222076, 0.11286772042884646, -0.5914408540407028, -0.4557401864369434, -0.46127579188695067, -0.38558123533808863, -0.07791436777581254, 0.6340686319317191, 0.0842544048977639, 0.4539735405364437, -0.051492094931669535], [-0.5660486106256002, -0.3778572450440238, -0.5855060260700745, 0.41010194492395635, -0.2218786277374792, -0.10266789319316061, 0.397783668117013, 0.5735430288848623, 0.03638383162967521, -0.07100025947366087, 0.49468932000371724, 0.02523329632575582], [0.1746411241959182, 0.04810384698668563, -0.4131442106312006, 0.006978466635835026, -0.5579153461807346, 0.38623415676661677, -0.7359528693661979, 0.546913485686092, -0.4419404182492133, 0.6204512118137263, -0.10613463969100023, -0.07897634675710623]], "inverted": true, "swapped": true, "error_lsq": 0.03803356888334181, "error_max": 0.22121659471464591, "target": "23.xyz", "model": "2.xyz", "model_rescale": 3.795458400668931, "target_rescale": 4.274766983524099},
{"mapping": [14, 10, 5, 4, 12, 2, 0, 9, 8, 3, 6, 15], "R": [[-0.5301034418719999, 0.8366100748438648, -0.13810837623114008], [-0.6242435355377324, -0.27481789732263395, 0.7312968833863018], [0.5738556867844139, 0.4738762559792473, 0.6679303442457751]], "T": [0.0858820483774971, 0.024264586790577018, 0.005899400306813574], "aligned_model": [[0.032192562400050376, -0.15761835865708215, -0.7390309382413199, 0.250507900459344, 0.10307656248615772, 0.12380366859075059, -0.3033025416530455, 0.582328568471499, 0.4340271714716385, 0.5961037523757466, -0.3571214559954681, 0.028336934035293943], [-0.1663391714340281, -0.5965811440475067, -0.06970342650986727, 0.023751100661204054, 0.4278421927072152, 0.5972946988099552, -0.23370569167472682, -0.22394099709563436, -0.5574540175559084, 0.19946197886165795, 0.6411717264450896, 0.04397179612225887], [-0.7601067417484442, -0.3349808768847521, 0.04773907269243698, 0.7219661419747356, -0.5100568186850489, 0.356623908473198, 0.6757818177125151, -0.22297612721055685, 0.4468955214282226, 0.27124132800893713, -0.0418615473745686, 0.038505752252425585]], "inverted": true, "swapped": true, "error_lsq": 0.042376776659804, "error_max": 0.20632170366311425, "target": "23.xyz", "model": "3.xyz", "model_rescale": 3.7530521520055578, "target_rescale": 4.274766983524099},
{"mapping": [13, 12, 6, 2, 5, 3, 7, 9, 8, 4, 15], "R": [[-0.2526912608825083, 0.21845332220952332, -0.9425631398952702], [0.44800770843587684, -0.8370358834369236, -0.3141019309412206], [-0.8575757808238539, -0.5016463653357723, 0.11364288050628774]], "T": [-0.13878243533564777, -0.004851546871206411, -0.03648712213926434], "aligned_model": [[-0.3602970988566623, -0.253950006954675, 0.39209510982055, 0.418623699634834, 0.20234821336359116, -0.08509109884155636, -0.16023532503138826, -0.6610621197971736, -0.3425693239634586, 0.2678645377687577, -0.07952698469761402], [-0.8203787967553396, -0.05699298558296946, -0.2454280990118305, 0.3116607742541222, -0.7542712353391581, 0.593120153852361, -0.5014550888657023, 0.2898697354595802, 0.29809448470094757, 0.39240712928723837, -0.0394227136849031], [-0.0880593766695688, -0.6794482842988933, -0.5257718925704752, -0.2412494000671522, 0.07780195107414511, -0.005282354309540813, 0.4776279848673662, -0.007983381645077198, 0.6851594299894531, 0.42899896449110814, -0.028962863616048648]], "inverted": false, "swapped": true, "error_lsq": 0.04654399046283999, "error_max": 0.21838281260376213, "target": "23.xyz", "model": "4.xyz", "model_rescale": 3.7855080009869324, "target_rescale": 4.274766983524099},
{"mapping": [12, 1, 4, 6, 11, 2, 0, 14, 13, 8, 9, 7, 5, 9, 10, 16], "R": [[0.5172940158305168, -0.7482967807439105, 0.41528162626612464], [-0.13591472271732563, 0.4072592418415232, 0.9031429001455643], [-0.8449462049945012, -0.5236333047686786, 0.10896821923121713]], "T": [-0.08298653144264986, 0.019489334435839313, 0.022797861739369853], "aligned_model": [[-0.6901485108085368, -0.2836242048369827, 0.35955588204184463, 0.18116799897419264, -0.3759091618056347, -0.48950945962295245, 0.1124384055429106, -0.6891164195164885, -0.40572101494644186, 0.1209783734619164, -0.2473885786451646, 0.6498889558862204, 0.5529996253106754, -0.2473885786451646, 0.36319903239816864, -0.12418910376780667], [-0.13913486885433546, 0.19778149203217466, 0.003086635607732445, -0.5056727083225039, -0.5083620527453431, 0.6327168263984971, 0.5632540679998631, 0.15320592851770196, -0.6221401836579739, -0.47723780562014073, 0.48503950259598894, -0.13283900804319043, 0.5145778552344797, 0.48503950259598894, 0.15663117610132907, 0.04376107778141036], [-0.2403712017031416, -0.685058316833596, -0.5695600938954145, -0.2609349015663579, -0.4948945894055851, -0.04411132704358147, -0.5012277978010286, 0.2919146203844077, 0.11778024717814597, 0.47773779168913616, 0.5357783945578395, -0.009745463628067254, -0.05144639467722124, 0.5357783945578395, 0.5823287652281166, 0.047292406122601556]], "inverted": true, "swapped": false, "error_lsq": 0.039209976311862835, "error_max": 0.319953979135894, "target": "23.xyz", "model": "5.xyz", "model_rescale": 4.2253639853439635, "target_rescale": 4.274766983524099},
{"mapping": [14, 7, 1, 6, 5, 4, 2, 12, 8, 9, 0, 3, 11, 15], "R": [[0.8625442603408832, 0.1858960998269582, 0.4705954090533871], [-0.07850986199434551, -0.8696293510720631, 0.4874228075537826], [0.49985357908354316, -0.45737012563470786, -0.7354991282484732]], "T": [0.11163912316270744, 0.004441495574693151, -0.016394288478342768], "aligned_model": [[0.7325886027178996, -0.3170014652258737, -0.39709212305456065, 0.14342324181498237, -0.25146782772626175, -0.4707102267745157, -0.048581993261894746, 0.6799897958199856, -0.2991821244583881, 0.438176633604056, -0.6955264641462023, 0.10361575418913298, 0.6897184361306955, 0.06611191312872784], [-0.013960337175177522, 0.03733473216042773, -0.4719950537790541, -0.7330965537494734, -0.5508523905816212, 0.22299914093240472, -0.29013328572301766, -0.31058479179946014, 0.6995952876987561, 0.5082239427210598, -0.034311980749863934, 0.31076988233896724, 0.11842409367573781, -0.0473135393346951], [-0.506354368088741, -0.5878616354221745, 0.13293686844900907, 0.16836238276106139, -0.5172575666440311, 0.37470071743196076, 0.5670130574337152, 0.06796984123620892, -0.061850289399761234, -0.021460500483260626, -0.13360199119040633, 0.5008340914746289, 0.5079391957423375, -0.01981159436909854]], "inverted": false, "swapped": true, "error_lsq": 0.04138923530787127, "error_max": 0.28236808292768484, "target": "23.xyz", "model": "6.xyz", "model_rescale": 3.89814844738969, "target_rescale": 4.274766983524099},
{"mapping": [12, 11, 2, 14, 1, 3, 9, 13, 10, 8, 4, 7, 15], "R": [[-0.1228974913912711, 0.6285317983220527, -0.7680130110276642], [-0.21095947872320553, -0.772738448594255, -0.5986412852459957], [-0.9697382662072103, 0.0884481122590563, 0.22756235736879576]], "T": [-0.017066496513120137, 0.08219432840527985, -0.04790106862122019], "aligned_model": [[0.08897740304202506, -0.21036362079002963, 0.433546090079664, -0.32381042837443325, 0.6277097917111029, -0.1817009622241401, -0.5917311760810152, 0.07783202845532, -0.35301398292546077, -0.5163407179196087, 0.07239321189341674, -0.02018626601590367, 0.04532043005328521], [-0.3299074001672507, 0.13722226119648576, 0.4641705605072435, -0.6394565321583169, 0.30490861766384414, 0.5646054676696387, 0.08027599038846717, -0.6467866996778096, -0.3884470792458161, 0.5762255977597165, 0.7917707122812508, -0.03775779457852875, 0.086957563831561], [-0.546206408652699, -0.8105946347311014, -0.3701613579875011, -0.1532858822061401, 0.15888612723719792, -0.3666511861581001, -0.22169978069491675, 0.3720918712592982, 0.42810017600058087, 0.35301974271210895, 0.12047894617243592, 0.6570751032315189, -0.01877768534638672]], "inverted": false, "swapped": true, "error_lsq": 0.04702348542017562, "error_max": 0.2771937126052042, "target": "23.xyz", "model": "7.xyz", "model_rescale": 3.7474275329858107, "target_rescale": 4.274766983524099},
{"mapping": [6, 12, 11, 2, 9, 4, 1, 0, 3, 8, 5, 7, 13, 14, 15], "R": [[0.5801671135047116, -0.3795026345846836, 0.7206829197024831], [-0.1641742222077246, 0.8121712474919193, 0.5598434508948986], [-0.7977800105104791, -0.44312031672075713, 0.40889049847018477]], "T": [0.08192344449302458, -0.07840294159237249, 0.01003567565570818], "aligned_model": [[-0.3748118869747141, 0.3131085931877543, 0.564081197993624, -0.26735819187178, 0.6536570203282257, -0.2529706444701685, -0.622127956867532, -0.5556491036207903, 0.23611267257865864, 0.21096285810300106, -0.5170422955973722, -0.18880168457887536, 0.008431950149636658, 0.5803254779371224, 0.01423571604195642], [0.08054878388303821, 0.13613595532978656, -0.4223170228111398, -0.5030590073433072, -0.19677910018303632, -0.6676044843038245, -0.14606551437576543, -0.18090806349220723, -0.6569613347947199, -0.44348017700863457, 0.489433296378152, 0.2853032737439719, 0.7582668995883876, 0.5227077692940617, -0.0661033119251697], [-0.5775311868580899, -0.5643403718598858, -0.5108677058893825, -0.377880299148571, 0.1498819112936635, 0.29383314676592076, -0.07846551842499444, 0.5097853216925733, -0.04402465743185989, 0.7200684792198806, 0.10935350007202703, 0.5630414089577525, 0.1167863946859885, -0.11739701064039204, 0.004551243261630731]], "inverted": false, "swapped": true, "error_lsq": 0.04588067780234985, "error_max": 0.35929310059891356, "target": "23.xyz", "model": "8.xyz", "model_rescale": 4.019505241142653, "target_rescale": 4.274766983524099},
{"mapping": [9, 10, 12, 11, 3, 2, 6, 8, 4, 7, 13, 1, 15], "R": [[-0.31232149560870714, 0.05565721373418391, 0.948344640908614], [0.13344158984438229, -0.9858141245176816, 0.10180301567851906], [0.9405576141207641, 0.158343886717437, 0.3004639546745524]], "T": [-0.00860036083074725, -0.07192587507603011, -0.016517328699966864], "aligned_model": [[-0.29503556205278636, -0.7342961245433888, 0.09723932905462455, 0.2941228908710041, 0.313302514101665, 0.663391072896534, 0.47117388628557133, -0.27636711206265585, 0.3484349528081442, -0.4451242142846409, -0.5635303555014416, 0.4267817841945527, 0.019607709973993893], [-0.5146795814976551, 0.09680518777905413, 0.1846369699012408, -0.3945232556802303, -0.5756733293481536, -0.0693813423521641, 0.508081492399985, -0.6832839505838707, -0.45278326813508124, 0.1428993806544568, 0.5674626943899976, 0.2787570873367943, -0.024939856750314918], [-0.3035246408592524, 0.05988110100508748, -0.6101121584039951, -0.6694973363057364, -0.0801073706929317, 0.018557983692967125, -0.12839117481413387, 0.44023359977992665, 0.5005193666434444, 0.5075882737470117, -0.009582118053265812, 0.4257076237096363, 0.025430344595120054]], "inverted": true, "swapped": true, "error_lsq": 0.05147216584254911, "error_max": 0.29042532337846705, "target": "23.xyz", "model": "9.xyz", "model_rescale": 3.877068213659057, "target_rescale": 4.274766983524099},
{"mapping": [7, 4, 5, 0, 1, 13, 3, 2, 8, 11, 9, 12, 6, 14, 10, 15], "R": [[-0.9634901839931664, -0.23535408757624443, 0.12765233570118636], [-0.1916782474512448, 0.2734405940091736, -0.9425973111578083], [0.18693879961857648, -0.9326514327491617, -0.3085695872702006]], "T": [-0.06964662954498248, 0.11916971116463858, -0.012502926529763283], "aligned_model": [[-0.7549959662615446, -0.459518820072628, 0.23061245654049461, 0.2742217101880415, -0.2445722339765723, -0.235608136960068, 0.14823128544969189, -0.687316928727948, -0.4259863290481929, 0.28795141656403384, -0.3926277492088064, 0.6450529623359493, 0.3983016166926834, -0.2230088208651002, 0.2528883089700439, -0.02639153059932184], [-0.2209084166664837, 0.26141496735494285, -0.17338970120059938, -0.5906547384444035, -0.4960288834726094, 0.8726771139183417, 0.417143190118038, 0.31875990302535634, -0.5097875683951143, -0.36156042577423597, 0.04157111072207663, -0.07030820147878315, 0.5179475120519375, 0.580004223593222, 0.2217451972540886, 0.04108215501590483], [-0.2969844251370642, -0.5471585557804999, -0.6722368984473466, -0.12053001248631565, -0.5988802216853933, 0.03568283916460582, -0.5287415949053573, 0.12534668271789753, 0.25723341669238164, 0.4184001357956849, 0.5578539419742564, -0.11973085991958328, 0.03551039961445086, 0.5987524514153204, 0.6109233021055899, -0.024180067954533743]], "inverted": true, "swapped": false, "error_lsq": 0.04591480511980107, "error_max": 0.380492626058297, "target": "23.xyz", "model": "10.xyz", "model_rescale": 4.260839863003843, "target_rescale": 4.274766983524099},
{"mapping": [13, 1, 2, 6, 11, 12, 14, 7, 4, 3, 9, 15], "R": [[0.8787166677820553, 0.0424975938836913, -0.475448180431998], [-0.4767591927476051, 0.1274119610876789, -0.8697510358156773], [0.023615458764394956, 0.9909390226880201, 0.1322201324362464]], "T": [0.08673797014150758, 0.041429987145479366, 0.014021500967323262], "aligned_model": [[0.5099592859411315, 0.08671975801384163, -0.37480556058457576, -0.32171794027240486, -0.5916077874829209, -0.3926562480095402, 0.12093091312054549, 0.769941898225998, 0.17528595168395963, -0.20346791476978404, 0.083746111370056, 0.09657018185782411], [0.2302003540307776, -0.6521215678519702, -0.4329119654985843, -0.36341936230961486, 0.37884419385387685, 0.30870365610345907, 0.6951904407785302, -0.08769040128715509, -0.4481110458532866, 0.009906194443284291, 0.5539016111455595, -0.0194136020219425], [-0.6945422613960713, -0.15055462456757712, 0.13562133812103555, -0.4843442336699937, 0.23332041489688762, -0.34392727290165187, -0.4302823085326467, -0.15316093109760265, 0.5547269155322713, 0.5395816277583378, 0.32677227979593976, -0.017032866543424608]], "inverted": true, "swapped": true, "error_lsq": 0.04395842140505019, "error_max": 0.2277277178916711, "target": "23.xyz", "model": "11.xyz", "model_rescale": 3.890672605050136, "target_rescale": 4.274766983524099},
{"mapping": [13, 5, 6, 14, 12, 8, 7, 9, 10, 4, 2, 1, 3, 15], "R": [[-0.7786569716852726, -0.573807560765473, -0.2538468113928143], [-0.1524451752981706, -0.21943794978557196, 0.9636428045298814], [-0.6086491509681345, 0.7890449096231996, 0.08339269526455012]], "T": [0.10514015453993353, -0.002560704440827407, 0.21457418973626646], "aligned_model": [[0.3939832319829012, 0.051508312627888915, 0.44446427300484126, 0.6999948381324838, 0.7478009526002332, -0.5643180268883244, -0.2597790107438684, 0.17874270822886684, 0.13136595913316798, -0.5364842075200122, 0.05488907653922326, -0.1526074093974088, -0.06674356719538055, 0.08705870428908132], [-0.3405290640438444, 0.13009263630594076, 0.6109789468342582, -0.5002219316566363, 0.10722792250116357, -0.3856463158268273, -0.29536989898266897, -0.43664567266056104, -0.633304951607191, 0.28195889244647404, 0.6399926727027615, 0.5631304595614922, 0.1477813903244882, 0.04270743392891542], [-0.505953535903952, -0.6043206129845646, -0.08129042610706755, 0.05818054678902884, 0.2802621738726985, 0.45778253229254173, -0.3262459523170294, 0.6227433590009657, -0.1884334217849719, 0.4318764915253848, 0.4079888372431886, -0.134221970106711, 0.7707035746459818, 0.16571883919136854]], "inverted": true, "swapped": true, "error_lsq": 0.04438743016660191, "error_max": 0.271199821685866, "target": "23.xyz", "model": "12.xyz", "model_rescale": 4.124412569039231, "target_rescale": 4.274766983524099},
{"mapping": [4, 8, 9, 0, 3, 2, 7, 6, 10, 5, 12, 14, 15], "R": [[0.978230735701832, -0.05753816491499533, 0.19938401968680292], [-0.20448423434703655, -0.10351652991407082, 0.9733809767701729], [-0.03536701332822484, -0.9929620776307444, -0.11302869881351854]], "T": [0.21056907559473692, 0.09002550218834167, 0.00473848403239434], "aligned_model": [[-0.16964595099551255, -0.1380252391607686, 0.54684578433202, -0.5835296939376122, 0.4153758874713675, 0.2563841929720855, -0.3950883338152589, 0.25620103165661334, 0.014551858361748077, -0.3497379762082776, 0.7462893751920611, 0.6042118580058363, 0.16346551363545572], [-0.23738470685191487, 0.42079582246697705, 0.4720871506278092, -0.0539690113565839, -0.13292276256508428, -0.5727149668161438, 0.43710464945823196, -0.4721988613170455, 0.766348424047458, 0.058426885479726284, -0.008718538389138164, 0.6199653195728749, 0.050665972151310364], [0.5414810684579132, 0.6552399361169339, 0.32316592982598696, 0.1289499453964079, 0.5241370718899578, 0.1119079057556922, -0.15051877218255424, -0.5060737335523001, -0.2504198766385068, -0.6085473517108271, -0.3594520296812433, -0.43136576156301537, -0.026806251146606154]], "inverted": false, "swapped": true, "error_lsq": 0.037531122192838606, "error_max": 0.22824189344479734, "target": "23.xyz", "model": "13.xyz", "model_rescale": 3.9028299243045295, "target_rescale": 4.274766983524099},
{"mapping": [14, 13, 5, 4, 10, 11, 12, 9, 7, 3, 6, 0, 2, 1, 2, 15], "R": [[-0.3241168422437626, 0.6671629909473497, 0.6707024795571568], [-0.35398062001365715, -0.7430016716724606, 0.5680195740876153], [0.877294701470765, -0.053310968872414766, 0.4769821247900236]], "T": [-0.0005135889385997627, 0.06860703460645538, -0.03827046909629279], "aligned_model": [[-0.7906836813786572, -0.21926048487657376, 0.19199605613017284, 0.2178075170166405, -0.39784393716873934, -0.5470543458038885, -0.024641407128690687, -0.7096750602826015, -0.5144329169043564, 0.2230104712556945, -0.2134118272848301, 0.7613523347947485, 0.5279822561854622, -0.15026450563516455, 0.5279822561854622, -0.09562948408392259], [0.16001141213955322, 0.17877784729924628, -0.006240716615974681, -0.5528537404587605, -0.4347774852802459, 0.5648522975914093, 0.6403048595873642, -0.043208766574816884, -0.6355235792294094, -0.3080811585786145, 0.0703395035594071, -0.24339966599552681, 0.4331703232769716, 0.5693763921097655, 0.4331703232769716, 0.02378959151433889], [-0.42599088068692653, -0.7950158287407013, -0.5067143657878743, -0.1979127994242183, -0.417856060976076, -0.008428746826334085, -0.4342751840459637, 0.2540182419944073, 0.20813358695701856, 0.40538755784267283, 0.5934570045105114, 0.05883021204511615, 0.3221952294051396, 0.34773920601181435, 0.3221952294051396, 0.005498131480367423]], "inverted": true, "swapped": false, "error_lsq": 0.04867477297148539, "error_max": 0.40615494710438443, "target": "23.xyz", "model": "14.xyz", "model_rescale": 3.942246331269136, "target_rescale": 4.274766983524099},
{"mapping": [0, 1, 4, 6, 12, 2, 9, 8, 10, 3, 11, 14, 5, 13, 15], "R": [[-0.9731232431338516, 0.005419490833001792, 0.23022116060815515], [-0.10222611913986748, 0.8856563241601053, -0.4529488889939043], [-0.20635157919981276, -0.4643097076244709, -0.8612987409531154]], "T": [-0.03986104928019035, 0.06665535446985667, -0.024403199116392923], "aligned_model": [[-0.6991249715559165, -0.2253305495016974, -0.24774839604666188, 0.24058792510222643, 0.488507077086257, 0.28136172604992554, 0.10253446197044142, -0.4975264297805122, -0.502512162918999, 0.23840023335247773, 0.7063125451189878, 0.09432038699166614, -0.5324952882509681, -0.40716448946613554, -0.0658280316188819], [-0.0961885116551978, -0.45282212143795303, 0.24999935432497405, -0.6312289897863563, -0.154930992590735, -0.1730209414112795, 0.6058567712116856, 0.6882054635674961, 0.15500863945163906, 0.43029569380005317, 0.3222190338625765, 0.07316658149237744, -0.5904207863211046, -0.33713398348183526, 0.00913947885531069], [-0.477844175307435, -0.4758932625498829, -0.7048599149595958, -0.14021963481008004, 0.2935715940128263, -0.5649403772928875, 0.19793554433910548, -0.2658509193238825, 0.5579101848838176, -0.41397092649573614, -0.02674845455446751, 0.7552959154803398, 0.10453257170879394, 0.6227872614744971, -0.0523429262448965]], "inverted": true, "swapped": true, "error_lsq": 0.04822898112962573, "error_max": 0.3158640836165437, "target": "23.xyz", "model": "15.xyz", "model_rescale": 4.355366556412066, "target_rescale": 4.274766983524099},
{"mapping": [2, 1, 6, 9, 12, 3, 14, 8, 5, 4, 7, 15], "R": [[0.8573908161343881, -0.4343758037760113, 0.2760410286576118], [0.4171722334762938, 0.27244577156811334, -0.8670297740972085], [0.3014105439841297, 0.858540018082209, 0.41480202666644667]], "T": [-0.11187873073811372, 0.05848494796085294, -0.0756945254610726], "aligned_model": [[-0.10192202951504553, 0.43801081676222076, 0.11286772042884646, -0.5914408540407028, -0.4557401864369434, -0.46127579188695067, -0.38558123533808863, -0.07791436777581254, 0.6340686319317191, 0.0842544048977639, 0.4539735405364437, -0.051492094931669535], [-0.5660486106256002, -0.3778572450440238, -0.5855060260700745, 0.41010194492395635, -0.2218786277374792, -0.10266789319316061, 0.397783668117013, 0.5735430288848623, 0.03638383162967521, -0.07100025947366087, 0.49468932000371724, 0.02523329632575582], [0.1746411241959182, 0.04810384698668563, -0.4131442106312006, 0.006978466635835026, -0.5579153461807346, 0.38623415676661677, -0.7359528693661979, 0.546913485686092, -0.4419404182492133, 0.6204512118137263, -0.10613463969100023, -0.07897634675710623]], "inverted": true, "swapped": true, "error_lsq": 0.03803356888334181, "error_max": 0.22121659471464591, "target": "23.xyz", "model": "16.xyz", "model_rescale": 3.795458400668931, "target_rescale": 4.274766983524099},
{"mapping": [12, 11, 2, 14, 1, 3, 9, 13, 10, 8, 4, 7, 15], "R": [[-0.1228974913912711, 0.6285317983220527, -0.7680130110276642], [-0.21095947872320553, -0.772738448594255, -0.5986412852459957], [-0.9697382662072103, 0.0884481122590563, 0.22756235736879576]], "T": [-0.017066496513120137, 0.08219432840527985, -0.04790106862122019], "aligned_model": [[0.08897740304202506, -0.21036362079002963, 0.433546090079664, -0.32381042837443325, 0.6277097917111029, -0.1817009622241401, -0.5917311760810152, 0.07783202845532, -0.35301398292546077, -0.5163407179196087, 0.07239321189341674, -0.02018626601590367, 0.04532043005328521], [-0.3299074001672507, 0.13722226119648576, 0.4641705605072435, -0.6394565321583169, 0.30490861766384414, 0.5646054676696387, 0.08027599038846717, -0.6467866996778096, -0.3884470792458161, 0.5762255977597165, 0.7917707122812508, -0.03775779457852875, 0.086957563831561], [-0.546206408652699, -0.8105946347311014, -0.3701613579875011, -0.1532858822061401, 0.15888612723719792, -0.3666511861581001, -0.22169978069491675, 0.3720918712592982, 0.42810017600058087, 0.35301974271210895, 0.12047894617243592, 0.6570751032315189, -0.01877768534638672]], "inverted": false, "swapped": true, "error_lsq": 0.04702348542017562, "error_max": 0.2771937126052042, "target": "23.xyz", "model": "17.xyz", "model_rescale": 3.7474275329858107, "target_rescale": 4.274766983524099},
{"mapping": [8, 9, 3, 10, 0, 5, 4, 12, 7, 2, 13, 14, 6, 15], "R": [[-0.16942349761545533, 0.8386032845543683, 0.5177259985652363], [-0.9853768179820508, -0.1537953922697069, -0.07334510140544634], [0.018116430092985747, -0.5225815806658632, 0.8523967893589544]], "T": [0.11286412656944966, 0.058530587928648736, 0.01268351215536647], "aligned_model": [[0.5006597934251116, 0.25938325953616914, 0.6960579163764247, -0.44026899636103844, 0.19991837648531918, -0.4778175196229113, 0.6938076719075033, -0.10557990232035269, -0.24846017388666375, 0.5122206588936113, -0.7233098846432626, -0.4690031412834077, -0.08026489816357943, 0.0975044875399531], [-0.4552037840912163, 0.26646409781464797, 0.18796142344820238, -0.18033171594185338, -0.7148083462149578, -0.3600716014079291, -0.3674777852865257, 0.6637654455864337, -0.5490492671424995, 0.17874255627751304, -0.06755925915489247, 0.44827584074769433, 0.28492092966968197, 0.02477970720693389], [-0.47698030720901463, -0.5311408762488902, -0.054839183017089295, -0.43220948757706346, 0.25991662754897704, 0.4212534341215482, 0.1571652634086204, 0.13659609645401186, -0.09539570537436304, 0.5407674845923303, -0.028879841061574686, -0.35542908437824183, 0.7130807029970423, 0.07088959440536183]], "inverted": true, "swapped": true, "error_lsq": 0.04323626186092181, "error_max": 0.24530956111069066, "target": "23.xyz", "model": "18.xyz", "model_rescale": 3.922800546911778, "target_rescale": 4.274766983524099},
{"mapping": [14, 13, 7, 9, 1, 12, 5, 3, 6, 8, 0, 4, 11, 2, 15], "R": [[0.7332235708150353, 0.6732946953940756, 0.09517062758775989], [-0.48277791242510537, 0.6140128660125183, -0.6244306908260921], [-0.4788618615798363, 0.41190102394300077, 0.7752605136333216]], "T": [0.05306728719667839, 0.14152265695277888, -0.004750926341502334], "aligned_model": [[-0.4617594161039894, -0.24064843250423154, 0.41009367403990915, 0.09160357167602648, 0.1786882614236486, -0.5899794257109469, 0.007350302464415211, 0.24820562792311154, -0.41040694126049915, 0.7969791200183128, 0.6762622427691807, 0.6552226015647638, -0.33676610242504423, 0.01252899713537571, 0.05867675587758567], [0.46615010005783575, -0.10513505143607715, -0.12360845445420698, 0.7391013741197011, -0.5337071951182109, 0.23348371300996484, -0.5509005224030371, 0.41445577202176276, -0.41825427391140846, 0.45017866277150415, -0.3780414211442372, -0.006101659853535363, 0.6103374125881716, -0.15308873995372252, 0.07274178874007466], [-0.5102687321326389, -0.7595384393467711, -0.5647753012681479, -0.04792265146057125, 0.18599256260005412, 0.08136204838798959, -0.4624867444714789, 0.49410295476331545, 0.22096805645604364, -0.07827503994495656, -0.0966039553508886, 0.38954534783609535, 0.4955849415122515, 0.5988797645952635, -0.0039056450122307348]], "inverted": true, "swapped": true, "error_lsq": 0.04306645537281044, "error_max": 0.3065828445142605, "target": "23.xyz", "model": "19.xyz", "model_rescale": 3.9282355846067225, "target_rescale": 4.274766983524099},
{"mapping": [0, 1, 6, 4, 8, 2, 3, 12, 9, 10, 5, 7, 14, 15], "R": [[-0.7851313046261549, -0.6193255624690118, -0.0021638318959519842], [-0.48051993076692445, 0.6113614417039825, -0.6287589233827048], [0.3907293572689182, -0.4926185494579655, -0.7775972827229709]], "T": [0.043386774561287915, 0.001287284925147028, 0.004398652089524915], "aligned_model": [[-0.5863767394253637, -0.058685708399160395, 0.5303928047426424, -0.5074972911285387, -0.703947916689476, 0.15554771761765854, -0.09086843949449244, 0.692124475656114, 5.203562142627044e-05, -0.08671669005918745, 0.03413580863302381, -0.3778765675771134, 0.49432963232965804, 0.03790969725748527], [-0.5180983934136414, -0.6750547724686393, -0.5594780105133208, -0.1488408461892588, 0.30994220275206014, -0.29663502391390295, 0.27135240995573057, 0.09311902557160501, 0.5990746050891991, 0.13552410218605548, -0.6885696810392066, -0.26093675173934944, 0.3289834540996947, -0.06750023295218965], [0.024202601840903528, -0.19620466415866314, -0.16135731904174141, -0.458031671074664, -0.012983556503532587, -0.5884516324999377, -0.5156657840692227, -0.004965204875347105, 0.039349854274703694, 0.7296536406897335, 0.4681591154121286, 0.5193407836110937, 0.5658641656843204, 0.0032728279539081355]], "inverted": true, "swapped": true, "error_lsq": 0.04665222984262881, "error_max": 0.32221621203544965, "target": "23.xyz", "model": "20.xyz", "model_rescale": 4.067790424073018, "target_rescale": 4.274766983524099},
{"mapping": [14, 8, 12, 6, 11, 3, 2, 10, 9, 7, 0, 1, 5, 4, 15], "R": [[0.7201532404425166, -0.6287772728033227, -0.29328902380784566], [0.409049691676066, 0.7262171196747393, -0.5525278679225518], [0.5604084760421263, 0.27793494975864685, 0.7801887615717111]], "T": [0.012017961463799479, 0.03954097834449724, -0.060729601577090196], "aligned_model": [[0.21394970757274573, -0.03970806959797384, -0.1595617661873952, 0.09703520357529498, -0.6919351574487126, -0.5379410075934451, -0.3306292180063897, 0.5556570802954922, -0.27817278195708717, 0.6509162069614657, 0.422288641927485, 0.23490141220126848, 0.7702460562087223, -0.1882199507382188, 0.04961759669426348], [0.017467045885167926, 0.7943544210001349, -0.4073553468920066, -0.7072911407427118, -0.1319385674078025, 0.18301272246215425, -0.36138344199777006, 0.38759229433561293, 0.4365786175922741, 0.3271440131399128, 0.21992905300057944, -0.3306851773264283, -0.2562225500505745, 0.267114223335969, 0.002578973593335407], [-0.8253955905156718, 0.22503293046328557, -0.5081951608981041, 0.05810425896075503, -0.3723994576561396, 0.13519804580682185, 0.35719594055144815, -0.4405427438152597, -0.4051125450215638, 0.08238983779676512, 0.6218345888927519, 0.506151886841457, 0.10861050829687777, 0.6085750450866113, -0.016197971168893564]], "inverted": true, "swapped": true, "error_lsq": 0.041902143035147735, "error_max": 0.27960859468822846, "target": "23.xyz", "model": "21.xyz", "model_rescale": 4.186013935880536, "target_rescale": 4.274766983524099},
{"mapping": [1, 6, 2, 8, 10, 4, 7, 13, 11, 12, 14, 9, 15], "R": [[0.011549297429689727, -0.9393148562670861, -0.34286180091229834], [0.9966898597451315, 0.03840882908110084, -0.07165253191513479], [0.08047320802671654, -0.34089934386056353, 0.9366491873403439]], "T": [0.06974568238669171, -0.024418677196914543, 0.003863200013325671], "aligned_model": [[0.029141212831914343, -0.29212142511844963, 0.331977842632336, 0.6234574585159978, -0.3389821577429577, 0.6703018844192432, -0.1620936060896141, -0.7107683264281737, 0.3157576379543278, -0.26193103646688365, -0.48150295745332544, 0.2866796958048168, 0.04865781256399337], [-0.2987701354796641, 0.20870343854554624, 0.19642727204711213, -0.4928142603456609, -0.38334015541752614, -0.3330314477948773, -0.69112673945385, -0.29624253805016043, 0.7201216945154714, 0.5402494171273101, 0.23428616163675597, 0.17107828247201476, -0.05658433025637853], [-0.652781007497443, -0.6236827406352338, -0.5751623607562308, 0.3617570206971443, 0.5187011922778453, -0.28586757051110495, 0.11849544543588793, 0.18750091294378007, 0.08889895740145949, -0.018980894453120442, 0.5090112047196906, 0.528429438790283, -0.05344003707761194]], "inverted": false, "swapped": true, "error_lsq": 0.04013081866133967, "error_max": 0.20416772918594836, "target": "23.xyz", "model": "22.xyz", "model_rescale": 4.166573947596378, "target_rescale": 4.274766983524099},
{"mapping": [0, 1, 2, 3, 4, 5, 6, 7, 8, 9, 10, 11, 12, 13, 14, 15], "R": [[1.0, 0.0, 0.0], [0.0, 1.0, 0.0], [0.0, 0.0, 1.0]], "T": [0.0, 0.0, 0.0], "aligned_model": [[-0.7517602040967206, -0.32675453548312117, 0.1765474709870216, 0.22756814669650813, -0.3239707814104744, -0.5199580722333587, 0.17767050296011005, -0.657953921427854, -0.43164928219755844, 0.23956880081349724, -0.3210232523291087, 0.7517602040967206, 0.5571299930918381, -0.2651605583108411, 0.2921328355003096, -0.0369141056362119], [-0.06274047241257924, 0.25145244270457473, -0.04044669584714086, -0.5044484783173546, -0.4771957881826613, 0.6444795963425337, 0.5627910969820086, 0.15308455467215148, -0.6601059919466584, -0.3750848189339578, 0.1946304449357619, -0.2314743947012193, 0.341024646634235, 0.6601059919466584, 0.3555279634790956, 0.03810734026623089], [-0.31253158479730936, -0.5814655651594973, -0.6480773830895715, -0.2348853408548227, -0.4551709853424414, -0.07315486462894749, -0.480423776995428, 0.23463035619619652, 0.1789360690180619, 0.40294830259495695, 0.6480773830895715, -0.05804763182563791, 0.05186247597927121, 0.45908942114597384, 0.6436117127796865, -0.04413805494596888]], "inverted": false, "swapped": false, "error_lsq": 0.0, "error_max": 0.0, "target": "23.xyz", "model": "23.xyz", "model_rescale": 4.274766983524099, "target_rescale": 4.274766983524099},
{"mapping": [4, 9, 11, 2, 12, 6, 1, 5, 7, 10, 15], "R": [[-0.8170190555258008, -0.40866977864041343, 0.40677865594660245], [0.4908279812365597, -0.12268759038710197, 0.8625750100717331], [-0.3026016453077749, 0.9043985665573573, 0.3008246616652722]], "T": [-0.0009384825479053366, 0.18638874640745354, -0.03313877567388906], "aligned_model": [[0.27361347477929293, 0.12052584094866399, -0.5441568424923365, -0.39227583515317055, -0.5743942218869219, -0.5715205203865917, -0.07326259575219558, 0.13073999905592432, 0.569503998783204, 0.4454280978658282, -0.004306691803621851], [-0.30669829408299276, 0.6975672060730284, 0.5337022888737967, -0.2810098624087105, 0.46273951978505656, -0.20985462715991923, -0.506399282619811, -0.2109924313375274, 0.04705125812720165, 0.5639581664773738, 0.12552258951598746], [-0.5036065286525296, -0.3236420747490376, -0.48742992027739784, -0.31809992411645943, 0.12229648513253044, 0.2775619790188911, 0.11823173120533245, 0.685061028181464, 0.37499121281357034, 0.4349845435721113, -0.0007820981068979438]], "inverted": false, "swapped": true, "error_lsq": 0.04973447642892667, "error_max": 0.24305745850670848, "target": "23.xyz", "model": "24.xyz", "model_rescale": 3.7841303162186577, "target_rescale": 4.274766983524099},
{"mapping": [5, 3, 6, 1, 4, 13, 11, 12, 2, 8, 14, 0, 7, 14, 10, 15], "R": [[-0.511419844399889, -0.23402437765649425, 0.8268508531872505], [-0.4660232123356121, -0.7328916538502974, -0.49567347042279053], [0.7219917647164618, -0.6388289398415405, 0.26575454333377446]], "T": [0.014099754616779897, 0.01634418751919818, 0.03129871197042199], "aligned_model": [[-0.7807505065193396, -0.43958748585019036, 0.154257829269103, 0.34455520713456755, -0.2185115226350453, -0.43368785659394127, 0.15750576016733678, -0.7145922672621609, -0.46771845215748, 0.1381322052253488, -0.3351995959555102, 0.6958375066797983, 0.6049930553316277, -0.3351995959555102, 0.4022011194458932, 0.014997840696258084], [-0.23261280983657423, 0.21079711990142808, 0.0767993784001243, -0.6207577886862462, -0.45091017385508386, 0.6489479832441706, 0.6964006702679361, 0.1486109719798362, -0.5394061562329218, -0.521068259868009, 0.4781661452227769, -0.2556008539759316, 0.2588831074687379, 0.4781661452227769, 0.4450694213470347, 0.028222537021623764], [-0.24360530997746388, -0.6053784688351797, -0.6749075866763217, -0.16347464252034347, -0.5018707717121511, -0.07499658496972442, -0.2948691389991904, 0.19465519762850717, 0.1979894404692164, 0.24404644104922626, 0.5735250534397127, 0.08238179302342738, -0.09046146041892097, 0.5735250534397127, 0.5517092324004429, -0.03700771417685681]], "inverted": true, "swapped": false, "error_lsq": 0.04285413513510848, "error_max": 0.2935157779610545, "target": "23.xyz", "model": "25.xyz", "model_rescale": 4.19342608120988, "target_rescale": 4.274766983524099},
{"mapping": [2, 1, 6, 9, 12, 3, 14, 8, 5, 4, 7, 15], "R": [[0.8573908161343881, -0.4343758037760113, 0.2760410286576118], [0.4171722334762938, 0.27244577156811334, -0.8670297740972085], [0.3014105439841297, 0.858540018082209, 0.41480202666644667]], "T": [-0.11187873073811372, 0.05848494796085294, -0.0756945254610726], "aligned_model": [[-0.10192202951504553, 0.43801081676222076, 0.11286772042884646, -0.5914408540407028, -0.4557401864369434, -0.46127579188695067, -0.38558123533808863, -0.07791436777581254, 0.6340686319317191, 0.0842544048977639, 0.4539735405364437, -0.051492094931669535], [-0.5660486106256002, -0.3778572450440238, -0.5855060260700745, 0.41010194492395635, -0.2218786277374792, -0.10266789319316061, 0.397783668117013, 0.5735430288848623, 0.03638383162967521, -0.07100025947366087, 0.49468932000371724, 0.02523329632575582], [0.1746411241959182, 0.04810384698668563, -0.4131442106312006, 0.006978466635835026, -0.5579153461807346, 0.38623415676661677, -0.7359528693661979, 0.546913485686092, -0.4419404182492133, 0.6204512118137263, -0.10613463969100023, -0.07897634675710623]], "inverted": true, "swapped": true, "error_lsq": 0.03803356888334181, "error_max": 0.22121659471464591, "target": "23.xyz", "model": "26.xyz", "model_rescale": 3.795458400668931, "target_rescale": 4.274766983524099},
