[{"mapping": [8, 11, 5, 4, 3, 6, 2, 10, 1, 9, 7, 12, 13], "R": [[-0.7285732993090306, -0.46610506589378503, 0.5019233159379068], [0.27556248134357725, -0.8703072611957229, -0.40820410334264184], [0.6270935069108308, -0.15909537597978723, 0.7625237012264772]], "T": [-0.07935485263151328, 0.22373620649571568, 0.036149495318282654], "aligned_model": [[-0.09925084053020898, -0.5966221497806273, -0.5141989090035544, 0.598966226393439, 0.23821201579821022, 0.3025165759055427, 0.6822358463288054, -0.6538864635713595, -0.2650659716054006, 0.11233817088183833, 0.10055919671882611, -0.3808335337748791, -0.08318229817044961], [-0.5312911095899461, -0.2445807819586157, 0.20953046219230081, -0.4471421554597266, 0.429844185310169, -0.09508395777383477, 0.32505447089388456, -0.2265250419541574, 0.7695535718169427, 0.0734399128882989, -0.425226028147928, 0.4371247553105755, 0.0804512685161835], [-0.16414287411379785, 0.02289874181531789, -0.582809391772203, -0.020480565793172034, -0.3242268231912606, -0.54443141989497, 0.06733381776048514, 0.7308488265521997, 0.010873074957945428, 0.7270966572839492, 0.37947650463762067, 0.48190249870059376, 0.11357455240090483]], "inverted": false, "swapped": false, "error_lsq": 0.04929014087118909, "error_max": 0.3202115702027574, "target": "230.xyz", "model": "0.xyz", "model_rescale": 3.8414455957264533, "target_rescale": 3.797023513723698},
{"mapping": [10, 6, 8, 1, 13, 12, 0, 2, 9, 0, 3, 7, 14], "R": [[0.815075396148734, -0.4817002871269978, 0.32189584025698803], [0.14085728871827957, -0.37417441002635143, -0.9165984590301072], [0.5619709270130615, 0.7924382274115754, -0.23712935906142155]], "T": [-0.08572861804181656, -0.001708834084872539, 0.09120168685759503], "aligned_model": [[-0.24722453505640618, -0.8383485547884164, -0.34858199666587997, 0.6401150690474284, 0.17774518838013484, 0.16312076504662334, 0.4640724903949034, -0.5892107547166815, -0.453043142022559, 0.4640724903949034, 0.17377433959955893, -0.13446484645585835, -0.03023864756756811], [-0.5246094104758324, -0.19590964452711335, 0.20509945313140276, -0.46339265164921445, 0.601099162806473, -0.1459310986143708, 0.3301392378970638, -0.10253830165088051, 0.571975843877846, 0.3301392378970638, -0.6599708897001209, 0.4795749790892574, -0.07052636603742812], [-0.31974278190674865, 0.014543681282419757, -0.6246480398205371, 0.1833802401151049, -0.2856949473177467, -0.6155963513524435, 0.427524400617449, 0.6212430853710492, 0.05278800782194648, 0.427524400617449, 0.42694885833134255, 0.5142213948519924, 0.07542165073233573]], "inverted": true, "swapped": false, "error_lsq": 0.051665148018817206, "error_max": 0.42138346983477754, "target": "230.xyz", "model": "1.xyz", "model_rescale": 4.316132596720782, "target_rescale": 3.797023513723698},
{"mapping": [5, 4, 2, 10, 0, 3, 7, 9, 8, 6, 11, 12], "R": [[-0.13253114211356445, 0.9895382921716851, -0.057004076135125065], [-0.1314937239753211, 0.03945004720234693, 0.9905317230310369], [0.9824178830442657, 0.13877197880580056, 0.12488971524167314]], "T": [-0.07270335716270612, -0.0733417074610645, -0.07812582409337095], "aligned_model": [[-0.23367030188154217, 0.3807905712677453, 0.2809868593247652, -0.578202545669287, -0.628273631886407, -0.553192338497324, -0.2316399758171704, 0.01255565741068812, 0.6011890276677824, 0.15035894833897143, 0.3466083618446677, 0.05029792252889105], [-0.6685932221871047, -0.2311204802824162, -0.6431223199692067, 0.3288129565720548, -0.27597086316971287, -0.044283993761811996, 0.6227342819314364, 0.4411082053281047, 0.026622097969769123, -0.03503340067513239, 0.5231067112721468, -0.03148354528714674], [0.07970405409434843, 0.19785549627443583, -0.4900938783338922, -0.01706854948896662, -0.4453644276195697, 0.5153075548206435, -0.578945729510372, 0.3340743725607213, -0.5254184164139721, 0.7291171722544796, -0.18804856737423636, -0.16186062005419888]], "inverted": false, "swapped": true, "error_lsq": 0.04869145043630832, "error_max": 0.3863787713858982, "target": "230.xyz", "model": "2.xyz", "model_rescale": 3.795458400668931, "target_rescale": 3.797023513723698},
{"mapping": [1, 11, 8, 6, 0, 5, 4, 10, 9, 3, 2, 12], "R": [[0.5254870699820879, -0.7714348328970657, 0.3588197846757011], [0.09564013193218765, -0.36550953973552136, -0.925881062300294], [0.8454089569229994, 0.5208560981263479, -0.11829040789076012]], "T": [0.07706772537392999, 0.04421041178177227, 0.03561250076615996], "aligned_model": [[-0.17078642988367387, -0.17807879904725438, -0.6755679952573687, 0.2629894757362049, 0.33264582116657165, 0.13378329202179906, -0.22504870756134066, 0.6391202225062043, 0.32308738172321083, 0.7640054316071926, -0.5576316082924394, -0.05521425897554118], [0.05184961520925509, -0.6457875374232254, -0.23449545994820975, -0.1221315769384107, 0.44076296571557444, 0.6465309966532677, 0.027355252002773535, -0.17732875759916936, -0.4987466917894911, 0.12833058097660233, 0.49823081045372025, -0.028801152022977526], [-0.7083308972655377, -0.013977060285993631, -0.1060098172725468, 0.8360055412081837, -0.4762536982929563, 0.2334463984287773, 0.49946391879519386, -0.20103741168659733, 0.3297361598413326, 0.3595223215625162, -0.06679173145624835, 0.0029977070629764457]], "inverted": false, "swapped": true, "error_lsq": 0.05137266943818291, "error_max": 0.2730767865429907, "target": "230.xyz", "model": "3.xyz", "model_rescale": 3.7530521520055578, "target_rescale": 3.797023513723698},
{"mapping": [2, 8, 1, 7, 0, 9, 5, 4, 6, 10, 12], "R": [[0.37336681665041355, 0.8315527163523805, -0.41123873863160554], [-0.3264612890595121, -0.2971641446964021, -0.897282841612642], [-0.8683433923108634, 0.469269166932831, 0.1605185409733984]], "T": [-0.07624829876585008, -0.04621620691238673, 0.10109706052472464], "aligned_model": [[-0.42196066410383853, -0.37815507697444284, 0.36918158263139833, 0.5610497444623662, 0.4388169847510281, -0.10383637405922634, -0.2681567786252038, -0.6233422833833828, -0.5855501744700032, 0.4706011150146024, -0.12044847279809236], [-0.6595208288419598, -0.03797896983117486, -0.3601632878047506, 0.28159725567846483, -0.504980394052195, 0.6073797342876045, -0.5140144004302122, 0.03983199274886015, 0.41381856513352955, 0.2266891008853333, -0.025455409459153353], [-0.2507619943766174, -0.6558565820919123, -0.4627923526938711, -0.3958865883628826, 0.19503465221872868, 0.21894466637646431, 0.487724761322331, 0.1004241573950519, 0.5826001047207897, 0.31895987467695075, -0.045559921939716225]], "inverted": true, "swapped": true, "error_lsq": 0.056664172178882866, "error_max": 0.33650758556610555, "target": "230.xyz", "model": "4.xyz", "model_rescale": 3.7855080009869324, "target_rescale": 3.797023513723698},
{"mapping": [5, 4, 7, 9, 8, 10, 15, 1, 6, 14, 2, 11, 16], "R": [[0.9900901401339222, 0.12650873066857743, -0.06096765924829306], [0.009017572258198346, 0.37597133549838535, 0.9265874153441372], [0.140143490038456, -0.9179548441770903, 0.3711047106298374]], "T": [-0.04219082610080229, 0.041350444491827634, 0.13531070559151603], "aligned_model": [[-0.2907600109277038, -0.7567399748830985, -0.38024675528948415, 0.5531168687840783, 0.22296535155748184, 0.3106346136633349, 0.7134400079116191, -0.5826478306485728, -0.4763608223347391, 0.45874143186385263, 0.14108115410731575, -0.4710332430412843, -0.00040292517261691224], [-0.5246094987389555, -0.05160195605875456, 0.10935409205809125, -0.34807429751311575, 0.5575242609040971, -0.08456469802045218, 0.3407068740624201, -0.18651830241175593, 0.5026622086899436, 0.0025354754154617992, -0.5279405975843899, 0.5413332226094955, 0.024342768632060616], [-0.38718900506103726, -0.0313630748051858, -0.5298683413830328, 0.10579565901734111, -0.2628935970769274, -0.48968838242033075, -0.001531822338565858, 0.6139399978514148, -0.022058092617047637, 0.5883644216549675, 0.5690211830543748, 0.5808975448481583, 0.164487108619484]], "inverted": false, "swapped": false, "error_lsq": 0.045586440541525136, "error_max": 0.2591994628284461, "target": "230.xyz", "model": "5.xyz", "model_rescale": 4.2253639853439635, "target_rescale": 3.797023513723698},
{"mapping": [0, 4, 1, 12, 8, 9, 11, 3, 10, 6, 7, 2, 13], "R": [[0.3866552103848368, 0.6173455706182766, 0.6851147310635295], [-0.9195092441612439, 0.315032095924664, 0.2350691992570087], [-0.07071420072570689, -0.7208600592176737, 0.6894637603532302]], "T": [-0.041675206183190955, 0.10178735451665577, 0.035223312639302715], "aligned_model": [[-0.2031605385942403, -0.7423036205812062, -0.5095991814685408, 0.7335144367837519, 0.23686071178286563, 0.17796834572420978, 0.6739669763538564, -0.3403530519156549, -0.40033186195980297, 0.14719878590113397, 0.13899037792142993, -0.4015314038011918, -0.06943211055642821], [-0.6357784413810652, 0.015565442767158613, 0.13821927965271835, -0.40445700119338424, 0.5734343193914246, -0.09369436075767124, 0.28829383839041844, -0.27963286757248923, 0.7835026082557458, 0.03862398777621068, -0.5719078016592319, 0.4291367773213538, 0.07384377105295763], [-0.23492818830869083, 0.08618328790333622, -0.5290688547193292, 0.1541410750532563, -0.4605909252824372, -0.49969727640573586, 0.27735011177530466, 0.5532190957769879, -0.08783029549846795, 0.6468236497380092, 0.4132259571964461, 0.49730283443460804, 0.0817831276803257]], "inverted": false, "swapped": false, "error_lsq": 0.05404200918862924, "error_max": 0.3263785394297961, "target": "230.xyz", "model": "6.xyz", "model_rescale": 3.89814844738969, "target_rescale": 3.797023513723698},
{"mapping": [11, 10, 9, 7, 6, 8, 3, 2, 5, 0, 4, 1, 12], "R": [[-0.13118719495383263, -0.991318866063976, 0.008765025144163274], [-0.7030042607514344, 0.08679164002887346, -0.7058698326082705], [0.6989813511428431, -0.09876293336435071, -0.7082873384070864]], "T": [0.02223076001946145, -0.046750471804266246, 0.10049895373385379], "aligned_model": [[-0.06157521877160277, -0.6941735297958092, -0.4874989004914939, 0.5569645304326164, 0.18680792801327162, 0.29806288199744274, 0.7658427872256556, -0.463895790394206, -0.47260054729247425, 0.29974500598880316, -0.1348038489985238, -0.22300991583366325, -0.1280775164898334], [-0.6413241758707388, -0.19668373308331857, 0.22075519224943366, -0.41075766038576056, 0.5614034164056756, -0.039141557662396985, 0.2581237491299893, -0.0740265349526105, 0.5446152152201865, 0.23548097557042516, -0.5856271249864887, 0.597841702256978, -0.115509911847228], [-0.44245503840043054, 0.04403149630365419, -0.5825546839324639, 0.21378284926487665, -0.14534460436365892, -0.5171947545273196, 0.020032817540195702, 0.614779847684817, 0.011027139519065227, 0.541340921864343, 0.417434077394784, 0.5895332593607103, 0.1335002716350401]], "inverted": false, "swapped": false, "error_lsq": 0.04674578488888698, "error_max": 0.30400030943792467, "target": "230.xyz", "model": "7.xyz", "model_rescale": 3.7474275329858107, "target_rescale": 3.797023513723698},
{"mapping": [0, 1, 12, 5, 11, 10, 9, 2, 13, 8, 3, 4, 14], "R": [[0.4818235964273676, 0.4772135003272462, -0.7349240076574006], [-0.6685884730703351, -0.34192765611820847, -0.6603596986938154], [-0.5664234066520164, 0.8095386050627393, 0.15431063252348792]], "T": [-0.017808292900543442, -0.002895742819842735, -0.016191107172004546], "aligned_model": [[-0.2025333896499964, -0.7112013347709051, -0.3230505965611606, 0.5888673330632368, 0.28356542223918346, 0.18021138876588264, 0.6304480251837238, -0.5240724585081609, -0.45780529535671866, 0.18137768586227265, 0.10256366172138073, -0.24228516170702197, -0.0642974146915338], [-0.602821429507338, -0.29226340049056376, 0.3103447367622134, -0.2593148798704279, 0.41883065697037913, -0.19131782461051428, 0.37276867628032184, -0.14695596255810298, 0.7803293551834074, 0.08932752628477106, -0.5900103663448518, 0.4455719040515102, 0.020660559893341944], [-0.2166382241640038, 0.00036993838013611724, -0.4513349417905347, 0.2652611535003452, -0.3594121483870266, -0.7236857604766491, 0.1215783755676939, 0.6407204116495437, 0.016564234071042863, 0.6295875935889307, 0.37743504588212956, 0.5844025582341804, 0.013065363287824844]], "inverted": true, "swapped": false, "error_lsq": 0.04178198569212017, "error_max": 0.22662924276888566, "target": "230.xyz", "model": "8.xyz", "model_rescale": 4.019505241142653, "target_rescale": 3.797023513723698},
{"mapping": [5, 6, 3, 8, 0, 4, 7, 10, 2, 9, 11, 1, 12], "R": [[0.12025013757064296, 0.752151390057161, -0.6479260689687696], [0.7723801283539145, 0.33913948505996183, 0.5370412898439516], [0.6236736660612126, -0.565024509298796, -0.5401652174598276]], "T": [-0.10298001850593917, 0.0291793632387963, 0.11777444057464084], "aligned_model": [[-0.23570213931679707, -0.753014142906702, -0.26631489509677136, 0.4940295305228911, 0.16539974738991708, 0.3975760413081614, 0.7408527582777074, -0.5890973482581917, -0.5200830238258659, 0.2810724861888448, -0.016093494676441736, -0.1556407858337741, -0.10119686818279514], [-0.41587745650677405, -0.28207535595849415, 0.15909376319692295, -0.28286972817220957, 0.5466145576645332, 0.07922748183068573, 0.33820917236345216, 0.036529413595148816, 0.33610447198357746, -0.12585845509739682, -0.5690862580843559, 0.5405505199259877, -0.00541257469693145], [-0.36682228350362267, 0.21071514672026354, -0.7158350450445818, 0.1661675630618352, -0.17011303553082538, -0.5414171006726026, 0.00808938245970911, 0.8935422387540238, -0.1682224524010483, 0.661655870625033, 0.265349852864895, 0.5559886414666297, 0.09881482054390464]], "inverted": true, "swapped": false, "error_lsq": 0.06404588386975915, "error_max": 0.3502274810275022, "target": "230.xyz", "model": "9.xyz", "model_rescale": 3.877068213659057, "target_rescale": 3.797023513723698},
{"mapping": [9, 10, 11, 7, 5, 8, 1, 13, 12, 4, 2, 3, 15], "R": [[-0.5756854996718628, -0.5510761545041813, -0.6040705897529206], [0.8167883744479283, -0.3532482476220137, -0.45614956639098936], [0.03798627165528068, -0.7559965261089896, 0.6534724903749745]], "T": [-0.15567309662834744, 0.025569081653192164, 0.10868490517551394], "aligned_model": [[-0.2565618455574378, -0.7753327185469046, -0.3739075895526494, 0.6090524099494918, 0.2078252409697322, 0.2335847810270651, 0.6235955406656171, -0.4821009129158657, -0.4258747812415158, 0.3227356517009068, 0.03210642876346481, -0.13962854754129347, -0.13370579213042827], [-0.5621165337701528, -0.1351099946535581, 0.11466860807312193, -0.2593728932052952, 0.7170607849325111, -0.30279388931014084, 0.36629529182142334, -0.2641475557322723, 0.6705058297620514, 0.03635066923104574, -0.5662879876398318, 0.4604847113599026, 0.07961251117534104], [-0.174321069432197, -0.19695371617466578, -0.5906649763240979, 0.12570077922948147, 0.13521083780432985, -0.47095204998817736, -0.06322393938414306, 0.746766127857621, -0.1544554685501951, 0.58732830754967, 0.34277765884594147, 0.570585663141588, 0.040115444768457714]], "inverted": false, "swapped": false, "error_lsq": 0.05009294039572691, "error_max": 0.36932682201460015, "target": "230.xyz", "model": "10.xyz", "model_rescale": 4.260839863003843, "target_rescale": 3.797023513723698},
{"mapping": [1, 2, 5, 0, 3, 10, 7, 8, 4, 6, 9, 12], "R": [[-0.6268426171848915, 0.7654589514756219, 0.14539919836999443], [0.039358278875674724, -0.155266834124066, 0.9870882109036834], [0.7781511801473671, 0.6244716197129628, 0.06720072178428282]], "T": [-0.01977976223419964, -0.013777802994356362, -0.01820209671319077], "aligned_model": [[0.302100079507118, 0.33080002828331845, -0.384075126665856, -0.35367569175423524, -0.7038396573432345, -0.3672703667638896, 0.272714060541107, 0.7865315942521401, 0.18151442308841742, -0.22101710833595034, -0.019363461255386866, 0.13447987554058188], [-0.020622357307665783, -0.6983646505523182, -0.532266496035245, -0.1416481294746393, 0.20098692215787778, 0.49219979739801, 0.6228169693124116, -0.12493932177881441, -0.22507354475483735, 0.0885925707553775, 0.5229380387776787, -0.01154129296490162], [-0.7332463881660015, -0.18523218973589795, 0.041825864828662206, -0.6154824200751928, 0.24602386690963746, -0.22849413610435226, -0.5376226093327245, -0.0594269074017963, 0.45249030171432253, 0.7891945906527216, 0.3739365858226094, -0.027788481716483075]], "inverted": false, "swapped": true, "error_lsq": 0.04002023307555042, "error_max": 0.20973871808548578, "target": "230.xyz", "model": "11.xyz", "model_rescale": 3.890672605050136, "target_rescale": 3.797023513723698},
{"mapping": [5, 8, 6, 12, 11, 9, 10, 3, 1, 4, 7, 0, 13], "R": [[-0.0004295551018989596, -0.7738593817003012, -0.6333573026632299], [-0.23839216051657897, -0.6150177704970909, 0.7516131450267654], [-0.9711688799002223, 0.15131027502194072, -0.18421782591848318]], "T": [-0.0713569552739575, 0.12507880599967466, -0.021599334774134393], "aligned_model": [[-0.005237291299068442, -0.6869107544535529, -0.41932325372454293, 0.4912040521094838, 0.2613436555715425, 0.220044188018341, 0.8050392056990627, -0.47729437989512546, -0.4495581439601264, 0.17113313595245574, 0.0055915892233183995, -0.4690216374720201, -0.005222500179584963], [-0.61266309962423, -0.24411894931050712, 0.2835021974607388, -0.3462349067345599, 0.48560107629957594, -0.150289680227587, 0.21866036505976663, -0.11574726691478751, 0.8010757489180412, 0.2691395783288648, -0.6131824355885936, 0.3516477794661852, 0.027759144911238542], [-0.2589540325522004, 0.0414687524619821, -0.45273716438565187, 0.1069333221869348, -0.2707903459605097, -0.6887409887744291, 0.12910821406863857, 0.7723029047355969, 0.051135006713431436, 0.6198849544785834, 0.39794021156768605, 0.35152777566125226, 0.09883498914229902]], "inverted": true, "swapped": false, "error_lsq": 0.05171171797285416, "error_max": 0.311965391458285, "target": "230.xyz", "model": "12.xyz", "model_rescale": 4.124412569039231, "target_rescale": 3.797023513723698},
{"mapping": [1, 0, 4, 8, 10, 2, 11, 3, 5, 9, 6, 7, 12], "R": [[0.36256157939851497, 0.7383871503528325, -0.5686242321057711], [0.616532347375357, -0.6475788040272279, -0.447805267068731], [-0.6988826552318255, -0.18821824770326787, -0.6900267570519456]], "T": [-0.1597210382469675, 0.02793377167417018, 0.15952203006254387], "aligned_model": [[-0.12028972123230067, -0.7124176983439371, -0.3586866809552235, 0.478369938541369, 0.24365968438529337, 0.3387571648500276, 0.7897082008349519, -0.5415405490083255, -0.6379031096298287, 0.19243894795083735, 0.01101698696991149, -0.14952205631081453, -0.0918032424617782], [-0.6674905566601054, -0.09391163245406234, 0.17233889218706563, -0.2968349784570355, 0.5728400570303847, -0.06050948364692237, 0.22753176716582457, -0.26049701370302636, 0.5942415663544377, 0.054617152151913394, -0.5607801499471016, 0.5855265472788389, 0.08807738474393488], [-0.2620161932435324, 0.031274251116833185, -0.5873622246522504, 0.11196905772680449, -0.13197549151436047, -0.5376815164533353, -0.0625086468911952, 0.6884595679765944, 0.003370605590717085, 0.6923565384493732, 0.4276213773545935, 0.4459900943855879, 0.07841617949778365]], "inverted": false, "swapped": false, "error_lsq": 0.04133774296113239, "error_max": 0.21891002445803442, "target": "230.xyz", "model": "13.xyz", "model_rescale": 3.9028299243045295, "target_rescale": 3.797023513723698},
{"mapping": [4, 8, 13, 7, 11, 10, 9, 2, 12, 6, 3, 1, 15], "R": [[-0.770029441996965, 0.2019264849651244, 0.6052109988487259], [0.19831306952310118, 0.977358485824294, -0.07377205869141341], [-0.6064046379391973, 0.06321459370171646, -0.7926394705217237]], "T": [-0.1334217124656613, -0.018669771334364288, 0.06913097130988145], "aligned_model": [[-0.079624338208189, -0.8993801214436794, -0.31284601813224666, 0.6990098296179423, 0.0789215955206378, 0.26435455826294413, 0.5953325665828424, -0.577714991279449, -0.5384115897576286, 0.2852011344641748, 0.04201499271784054, -0.09511284269725126, -0.019956910057755434], [-0.643312807328719, -0.11193391212527772, 0.2570363371009152, -0.35364616214453604, 0.6889405997380744, -0.19385913996478796, 0.2440022206452445, -0.028800896141453772, 0.5078907490334856, 0.042623372338284, -0.493223503201768, 0.4482652446692824, -0.008832550574597389], [-0.1883378500830506, 0.035714279133369844, -0.6550543724404404, -0.05527361534702306, 0.07651816577649356, -0.5362080457814432, 0.09680915516688955, 0.6562004836053349, -0.13813095631278322, 0.584306984742495, 0.43342503286349576, 0.5193563338446319, 0.06858800417564337]], "inverted": false, "swapped": false, "error_lsq": 0.04786834912301251, "error_max": 0.34195932562794357, "target": "230.xyz", "model": "14.xyz", "model_rescale": 3.942246331269136, "target_rescale": 3.797023513723698},
{"mapping": [8, 6, 2, 12, 5, 1, 3, 11, 9, 4, 13, 10, 14], "R": [[0.06897125720396946, -0.9863875713448276, -0.14927332238600716], [0.7708234389040314, 0.14767889496244346, -0.6196952234920285], [0.6333041857716302, -0.07232221705067216, 0.7705162588842681]], "T": [-0.09491779924402849, 0.03575668642892304, 0.06261039659659451], "aligned_model": [[-0.5174563078527226, -0.6451563586893574, -0.2161442042794862, 0.5503097363149501, 0.1509125758969565, 0.5496408217004913, 0.5865285958315907, -0.4185653733759054, -0.6278847620958672, 0.15768697168017792, 0.24889964962389943, -0.3070728326600522, -0.06991064650449201], [-0.591485962776157, -0.027713900971188483, 0.2660490403647088, -0.45554107240479064, 0.48101493349242425, 0.026672787115212086, 0.26012013511251875, -0.31113921030869673, 0.6269832110687173, 0.13656846115783947, -0.5428185474891368, 0.48232982768238264, 0.0041098500003128036], [-0.10130663744418167, 0.1400597450317802, -0.6549671316750065, -0.03929248699462527, -0.3169842270074485, -0.4284121107490221, 0.10550310033386545, 0.6002222540194977, -0.05805326488936963, 0.5819289815759309, 0.51864779315079, 0.5769674587143665, -0.026399874722963873]], "inverted": false, "swapped": false, "error_lsq": 0.05770245533357126, "error_max": 0.3737527891159518, "target": "230.xyz", "model": "15.xyz", "model_rescale": 4.355366556412066, "target_rescale": 3.797023513723698},
{"mapping": [5, 4, 2, 10, 0, 3, 7, 9, 8, 6, 11, 12], "R": [[-0.13253114211356445, 0.9895382921716851, -0.057004076135125065], [-0.1314937239753211, 0.03945004720234693, 0.9905317230310369], [0.9824178830442657, 0.13877197880580056, 0.12488971524167314]], "T": [-0.07270335716270612, -0.0733417074610645, -0.07812582409337095], "aligned_model": [[-0.23367030188154217, 0.3807905712677453, 0.2809868593247652, -0.578202545669287, -0.628273631886407, -0.553192338497324, -0.2316399758171704, 0.01255565741068812, 0.6011890276677824, 0.15035894833897143, 0.3466083618446677, 0.05029792252889105], [-0.6685932221871047, -0.2311204802824162, -0.6431223199692067, 0.3288129565720548, -0.27597086316971287, -0.044283993761811996, 0.6227342819314364, 0.4411082053281047, 0.026622097969769123, -0.03503340067513239, 0.5231067112721468, -0.03148354528714674], [0.07970405409434843, 0.19785549627443583, -0.4900938783338922, -0.01706854948896662, -0.4453644276195697, 0.5153075548206435, -0.578945729510372, 0.3340743725607213, -0.5254184164139721, 0.7291171722544796, -0.18804856737423636, -0.16186062005419888]], "inverted": false, "swapped": true, "error_lsq": 0.04869145043630832, "error_max": 0.3863787713858982, "target": "230.xyz", "model": "16.xyz", "model_rescale": 3.795458400668931, "target_rescale": 3.797023513723698},
{"mapping": [11, 10, 9, 7, 6, 8, 3, 2, 5, 0, 4, 1, 12], "R": [[-0.13118719495383263, -0.991318866063976, 0.008765025144163274], [-0.7030042607514344, 0.08679164002887346, -0.7058698326082705], [0.6989813511428431, -0.09876293336435071, -0.7082873384070864]], "T": [0.02223076001946145, -0.046750471804266246, 0.10049895373385379], "aligned_model": [[-0.06157521877160277, -0.6941735297958092, -0.4874989004914939, 0.5569645304326164, 0.18680792801327162, 0.29806288199744274, 0.7658427872256556, -0.463895790394206, -0.47260054729247425, 0.29974500598880316, -0.1348038489985238, -0.22300991583366325, -0.1280775164898334], [-0.6413241758707388, -0.19668373308331857, 0.22075519224943366, -0.41075766038576056, 0.5614034164056756, -0.039141557662396985, 0.2581237491299893, -0.0740265349526105, 0.5446152152201865, 0.23548097557042516, -0.5856271249864887, 0.597841702256978, -0.115509911847228], [-0.44245503840043054, 0.04403149630365419, -0.5825546839324639, 0.21378284926487665, -0.14534460436365892, -0.5171947545273196, 0.020032817540195702, 0.614779847684817, 0.011027139519065227, 0.541340921864343, 0.417434077394784, 0.5895332593607103, 0.1335002716350401]], "inverted": false, "swapped": false, "error_lsq": 0.04674578488888698, "error_max": 0.30400030943792467, "target": "230.xyz", "model": "17.xyz", "model_rescale": 3.7474275329858107, "target_rescale": 3.797023513723698},
{"mapping": [1, 11, 7, 0, 9, 2, 6, 10, 12, 4, 8, 5, 13], "R": [[0.8240746293974941, -0.5664650553937616, -0.004283246563684562], [0.11049897346267222, 0.1533251603429159, 0.9819782951112079], [-0.5555996598694768, -0.8096966939685266, 0.18894518181038616]], "T": [-0.11779411376433965, -0.03881161754697237, 0.056813764886661115], "aligned_model": [[-0.1551347687664171, -0.7842706723551881, -0.4309141865153323, 0.5687997584962582, 0.13440374289186105, 0.34911929007586917, 0.5725922953046085, -0.6059554508367037, -0.5264362673172346, 0.5011962499034092, 0.04064553335434376, -0.1989008591217341, -0.023356799523557265], [-0.5851171649113023, -0.2337438539798232, 0.2207321228216903, -0.5157312223766192, 0.5742485682610492, -0.09336926962936087, 0.2851015355684419, -0.04653567615128775, 0.5874781642996896, 0.17592549795838042, -0.3615879925211234, 0.4094591741821138, -0.061710331477702524], [-0.3658851128178489, -0.1420507162411681, -0.5772305150434983, 0.0735151386086132, -0.03416763723007638, -0.47502085200405, -0.059141773454742634, 0.5447463610204462, 0.053711699830541214, 0.5666811230608381, 0.6793623502983969, 0.6186811245102671, 0.014712408805895312]], "inverted": false, "swapped": false, "error_lsq": 0.04834602870491537, "error_max": 0.27202333118443295, "target": "230.xyz", "model": "18.xyz", "model_rescale": 3.922800546911778, "target_rescale": 3.797023513723698},
{"mapping": [8, 13, 12, 1, 3, 5, 0, 4, 7, 2, 6, 9, 14], "R": [[-0.3196285662032034, 0.2577006966055425, -0.9118266998919821], [0.4743601796487058, 0.8765546576602934, 0.08145153219979068], [0.8202560573568062, -0.406500040717174, -0.4024148571641011]], "T": [-0.08566677245691734, -0.04500639148027583, 0.11006207613107341], "aligned_model": [[-0.186076802460702, -0.7471664272910877, -0.29493372041357097, 0.5561162044731864, 0.10180206261256625, 0.30552428676962795, 0.6268220419667836, -0.5591527396841377, -0.506336820343902, 0.3338756878446549, -0.008667657648941812, -0.05464277853105898, -0.12537547170323535], [-0.5711538439511364, -0.10630359167366599, 0.24608250018245362, -0.38731759987732595, 0.5222254247091261, -0.14128177939214068, 0.31090501876150595, -0.42340462004541757, 0.6263840643554931, 0.2671585226082419, -0.6313800755492535, 0.6003942293416064, 0.04284130257465923], [-0.18570360503339398, -0.06450769995548217, -0.5900012397268455, 0.24761450636889523, -0.11852651974647363, -0.5381927542013727, -0.14317574303836514, 0.5056539852366964, 0.007677576903623362, 0.5996191751542601, 0.46503363958830957, 0.6052779243817135, 0.10714435341204821]], "inverted": false, "swapped": false, "error_lsq": 0.046078544249695375, "error_max": 0.3005862469244858, "target": "230.xyz", "model": "19.xyz", "model_rescale": 3.9282355846067225, "target_rescale": 3.797023513723698},
{"mapping": [1, 3, 5, 10, 7, 2, 12, 4, 6, 9, 11, 8, 13], "R": [[0.6131424456797109, -0.1906600113718508, 0.7666192675439281], [0.531728647235813, 0.8172972800462268, -0.22201306659251377], [-0.5842268283934549, 0.5437590606994291, 0.6024990430636381]], "T": [-0.08317514267733041, 0.08786860209447231, 0.10087235690274207], "aligned_model": [[-0.24085573742014388, -0.7467964339526001, -0.4141860553851029, 0.5764894569285766, 0.2381096425144626, 0.23728254825342726, 0.7303497361041627, -0.5013856960758838, -0.5241704995324871, 0.35026252149803594, 0.06481628038315089, -0.2573044647535709, -0.07082343297184478], [-0.4823344613632714, -0.22348403866949104, 0.159125137665597, -0.45518555058493404, 0.5096042074502445, -0.1436033055097228, 0.31118243645249755, -0.10708003831276128, 0.5411447973629838, 0.22848964404682195, -0.3846150847214579, 0.46118969573401836, -0.059283887506378474], [-0.3590255586954584, -0.06948428076367544, -0.5099012787883874, -0.009441523800892831, -0.22625597014810597, -0.6219304064243497, 0.2062409872223913, 0.5326857489707267, -0.06316373696735542, 0.6212398607615273, 0.6187728065253643, 0.7403502059055266, 0.037826745546302]], "inverted": false, "swapped": false, "error_lsq": 0.0399387679863369, "error_max": 0.2055834308133362, "target": "230.xyz", "model": "20.xyz", "model_rescale": 4.067790424073018, "target_rescale": 3.797023513723698},
{"mapping": [4, 2, 6, 1, 11, 5, 10, 0, 3, 9, 7, 12, 14], "R": [[0.14606326792550456, 0.7601195158814542, 0.6331538859859159], [0.46676689555394796, -0.6172508574883275, 0.6333482802888584], [0.8722351672443919, 0.20302635421557516, -0.44495630405252123]], "T": [-0.03814584345740538, -0.01306888017915532, -0.007583942790994169], "aligned_model": [[-0.3957447826851986, -0.7686647862329694, -0.38412130637748704, 0.6690286723348611, 0.03580845104182447, 0.22385967123351416, 0.664972731158934, -0.5098859750661103, -0.6519483378409794, 0.44311534162202854, 0.12145894350544958, -0.026298932174920277, 0.020208175071236373], [-0.5445903435515377, -0.11962823064561952, 0.20066867189704024, -0.37148521587997213, 0.6187753676441974, -0.3751277067693738, 0.38021476872076077, -0.2272959991622766, 0.5657978022636238, 0.10318134435298439, -0.45027959416148666, 0.5438150203006896, 0.03110366703511651], [-0.4893312078314064, -0.10090655855571434, -0.6257862887790068, 0.20395100892051812, -0.12306494900764768, -0.3932426484071728, 0.14154373100271705, 0.4782411484125708, 0.10152553661851121, 0.5915182659355772, 0.5755430251725772, 0.5184900434287263, 0.01943249243336341]], "inverted": false, "swapped": false, "error_lsq": 0.051340471091286886, "error_max": 0.31258726598629755, "target": "230.xyz", "model": "21.xyz", "model_rescale": 4.186013935880536, "target_rescale": 3.797023513723698},
{"mapping": [0, 5, 2, 7, 9, 1, 10, 3, 8, 4, 6, 11, 12], "R": [[0.9711797401585471, -0.06075014775960786, -0.2304763151665757], [-0.16052803559148734, -0.881486864449091, -0.44408519181892153], [-0.176183603365112, 0.4682844513230137, -0.865834285850583]], "T": [-0.038139543546048135, 0.055699451793228216, 0.044096311265742795], "aligned_model": [[-0.1929026002387505, -0.7830492422946023, -0.5595816035741915, 0.6221488110342195, 0.2657402855375754, 0.2641169801593787, 0.7001800382805883, -0.5159688264032317, -0.3616498884997247, 0.29465055056429185, -0.0020701493007093605, -0.23984583284793398, -0.04998065682672675], [-0.5569488390548788, -0.1526510623214109, 0.11808830610081725, -0.2642109938929994, 0.5302950793954619, -0.20135510399671552, 0.3602197841782566, -0.2951214107593544, 0.7020331757556302, 0.0036181572000688056, -0.4304478515829971, 0.4936263364760613, 0.04800397454620625], [-0.30590213017421014, 0.05953587386834928, -0.4792630411459475, 0.04351715034227287, -0.21641626036042996, -0.5704662853487041, 0.28586271690002035, 0.7518692646756903, -0.21136778539064252, 0.6876446317390367, 0.3128204211554089, 0.4521411559089656, 0.08793788717380402]], "inverted": true, "swapped": false, "error_lsq": 0.046983024911811194, "error_max": 0.29647217016934, "target": "230.xyz", "model": "22.xyz", "model_rescale": 4.166573947596378, "target_rescale": 3.797023513723698},
{"mapping": [0, 4, 2, 13, 12, 6, 14, 8, 3, 10, 7, 9, 15], "R": [[-0.16056099679246916, -0.8442042937383302, -0.5114091089751687], [-0.9433090170848223, 0.2837393835606702, -0.1722209641799669], [0.2904965827604091, 0.4547648542382955, -0.8419030007988727]], "T": [-0.058627118868156365, 0.10659252033928188, 0.021822509854132192], "aligned_model": [[-0.39212776209649586, -0.7462735118460342, -0.3958584322797721, 0.6908452621113643, 0.34524364175467376, 0.1993173990139379, 0.6175651462673222, -0.5936879349862726, -0.5680686246395217, 0.38556960208409025, 0.08495788342394722, -0.13073849567613244, -0.05495630754092436], [-0.6385722067745162, -0.14200278622295892, 0.17299515043267827, -0.2517690697756475, 0.5443079491141347, 0.03176566283130683, 0.39213020278957955, -0.08247153020335274, 0.42393932552150615, -0.13984341896595884, -0.5170891975752695, 0.5084024108537228, 0.05335706001892136], [0.005617162905763522, -0.05026303061227012, -0.5566884849942353, 0.18516650201463897, -0.25144469885485327, -0.6901979948063158, 0.3171359292784948, 0.5980549699504144, -0.012630493702942482, 0.5721858752938153, 0.3408744014112054, 0.4620473700128073, -0.02194390855290984]], "inverted": true, "swapped": false, "error_lsq": 0.05160112910353978, "error_max": 0.3079459666264193, "target": "230.xyz", "model": "23.xyz", "model_rescale": 4.274766983524099, "target_rescale": 3.797023513723698},
{"mapping": [0, 10, 7, 1, 11, 8, 2, 4, 5, 9, 12], "R": [[-0.7631852019411381, 0.5017803615933506, 0.40714225555364647], [-0.40788781911180744, 0.11459301674499928, -0.9058123246752023], [-0.5011744951194922, -0.857370928614055, 0.11721440273786943]], "T": [0.12215881264474307, 0.10736444962811709, 0.09844221069898398], "aligned_model": [[0.31628157893597486, 0.2404718721908996, -0.4660477609101813, -0.3535265493852341, -0.5000981043206538, -0.5987703649992853, -0.04202648915897236, 0.11789943141752171, 0.6255257233852372, 0.06329006218983338, -0.023104695387065638], [-0.12380250546889293, 0.5859557722018572, 0.47687057602778393, -0.18643776730301298, 0.4612319083728023, -0.17912409945450075, -0.6533518911703876, 0.013043048697679499, -0.2782437858460217, 0.7256013997426407, 0.07384387544353557], [-0.5288211210033064, -0.32338495777700005, -0.4288920844116665, -0.45141732851005667, 0.2751628782140089, 0.34820170289029584, 0.21599317350910047, 0.6441545016237293, 0.15387717647515237, 0.33541131879000075, 0.13928117422131922]], "inverted": true, "swapped": true, "error_lsq": 0.04733616262874727, "error_max": 0.2535913419603805, "target": "230.xyz", "model": "24.xyz", "model_rescale": 3.7841303162186577, "target_rescale": 3.797023513723698},
{"mapping": [3, 4, 6, 14, 7, 11, 10, 2, 1, 9, 12, 8, 15], "R": [[-0.002823762635792093, 0.9978067855955998, 0.06613353902486771], [0.1652888351450682, 0.06568985486921566, -0.9840551020870977], [-0.9862411608430077, 0.00815239760060718, -0.1651118138486718]], "T": [-0.008258748864250452, 0.0889897115312844, 0.07262245177388], "aligned_model": [[-0.33636101632390875, -0.7374916058795714, -0.37646830724365526, 0.6192410551460904, 0.2058312303091916, 0.33305067322555104, 0.7112328852567888, -0.4139602750377381, -0.5567178313632175, 0.23385265080602624, 0.06495897612376372, -0.2638621539735581, -0.041518415455580306], [-0.5132350272885812, -0.05227212334198353, 0.06506922806452534, -0.297728054505211, 0.5184475767853546, -0.08664776357977486, 0.38392400098739143, -0.11897666187097627, 0.5860299746907238, -0.04412848161760438, -0.5946012580135748, 0.43634328400627664, 0.0729248577275804], [-0.3500785698410753, 0.0021321892132587367, -0.5485667173459535, 0.3658669363073281, -0.36616791148537786, -0.5922737242506357, 0.09713078933595279, 0.6734130035651315, 0.14459470633068983, 0.5881826571123044, 0.39280124172167574, 0.4769369069003948, 0.013942091779919744]], "inverted": false, "swapped": false, "error_lsq": 0.04666663123557221, "error_max": 0.2548264147578169, "target": "230.xyz", "model": "25.xyz", "model_rescale": 4.19342608120988, "target_rescale": 3.797023513723698},
{"mapping": [5, 4, 2, 10, 0, 3, 7, 9, 8, 6, 11, 12], "R": [[-0.13253114211356445, 0.9895382921716851, -0.057004076135125065], [-0.1314937239753211, 0.03945004720234693, 0.9905317230310369], [0.9824178830442657, 0.13877197880580056, 0.12488971524167314]], "T": [-0.07270335716270612, -0.0733417074610645, -0.07812582409337095], "aligned_model": [[-0.23367030188154217, 0.3807905712677453, 0.2809868593247652, -0.578202545669287, -0.628273631886407, -0.553192338497324, -0.2316399758171704, 0.01255565741068812, 0.6011890276677824, 0.15035894833897143, 0.3466083618446677, 0.05029792252889105], [-0.6685932221871047, -0.2311204802824162, -0.6431223199692067, 0.3288129565720548, -0.27597086316971287, -0.044283993761811996, 0.6227342819314364, 0.4411082053281047, 0.026622097969769123, -0.03503340067513239, 0.5231067112721468, -0.03148354528714674], [0.07970405409434843, 0.19785549627443583, -0.4900938783338922, -0.01706854948896662, -0.4453644276195697, 0.5153075548206435, -0.578945729510372, 0.3340743725607213, -0.5254184164139721, 0.7291171722544796, -0.18804856737423636, -0.16186062005419888]], "inverted": false, "swapped": true, "error_lsq": 0.04869145043630832, "error_max": 0.3863787713858982, "target": "230.xyz", "model": "26.xyz", "model_rescale": 3.795458400668931, "target_rescale": 3.797023513723698},
{"mapping": [9, 1, 0, 4, 7, 3, 10, 8, 6, 10, 11, 5, 12], "R": [[-0.531692715503143, 0.588227177025941, -0.6093370532710006], [-0.7655787316665795, -0.641491957042627, 0.048757303754531106], [-0.36220444765447757, 0.492419391634522, 0.7914108167327523]], "T": [-0.15797681138626274, -0.13459093261199212, 0.02941413083912439], "aligned_model": [[-0.13612371897868758, -0.7429168703408621, -0.3119431160877918, 0.6122990554152301, 0.23170772363427272, 0.28719316171465104, 0.44724544843358305, -0.5553693911829551, -0.7045641165080181, 0.44724544843358305, 0.11180640451803336, -0.13301342308495437, -0.11177874037590121], [-0.5078094622401917, -0.16929576837289234, 0.24767889071090637, -0.45163669538128015, 0.5557772593396051, -0.027005735842759587, 0.131577044953048, -0.041875550660082084, 0.46234820477606126, 0.131577044953048, -0.5018968248650045, 0.5034977335673783, 0.022213411106310033], [-0.18178402637300392, -0.05421524412104109, -0.6926920603032517, 0.10026789552269125, -0.14875943997520158, -0.5496589900474473, 0.2950210818903485, 0.6329327350082196, 0.19094723521717358, 0.2950210818903485, 0.5806654253191361, 0.4282626625127214, 0.0019052428029202803]], "inverted": false, "swapped": false, "error_lsq": 0.053935815509990444, "error_max": 0.4080222045461118, "target": "230.xyz", "model": "27.xyz", "model_rescale": 3.6321398670334006, "target_rescale": 3.797023513723698},
{"mapping": [1, 4, 13, 0, 9, 2, 10, 7, 6, 8, 3, 12, 14], "R": [[0.7478790442496179, -0.6185953409916333, 0.24086664209832706], [-0.6030136272191603, -0.48133849911438886, 0.6361507798142666], [-0.2775815205669682, -0.6210097047339541, -0.7330043970304526]], "T": [0.04331170711699597, 0.01534993278394376, 0.0790234450289797], "aligned_model": [[-0.2914504225279416, -0.7545496580456759, -0.18793178269998878, 0.5773949048022965, 0.1437665106801121, 0.17459296951537953, 0.7493577980808102, -0.36515876816558135, -0.5686317074248922, 0.1952495909921557, 0.05076092361973428, -0.29763325002215313, 0.01602075678592734], [-0.4554231493356642, -0.20618417962041363, 0.32679295344508685, -0.3069276693881336, 0.6520197978952592, -0.36932005298945975, 0.3287582323657281, -0.1454039030184554, 0.4617004262943004, 0.11099003433290439, -0.5935500255957612, 0.5471909308215521, 0.0045061568372027315], [-0.2579842965044986, 0.05061338728524323, -0.6393128447495439, 0.061588442639904206, -0.09742053055665609, -0.6052556617108008, 0.1681625957124952, 0.7179267703459619, -0.09476933814294194, 0.5635824880916452, 0.39642765076819453, 0.6123258169229121, 0.02202911924169816]], "inverted": true, "swapped": false, "error_lsq": 0.04501597616691221, "error_max": 0.2277006932683535, "target": "230.xyz", "model": "28.xyz", "model_rescale": 4.156811204709835, "target_rescale": 3.797023513723698},
