[{"mapping": [0, 5, 1, 3, 7, 13, 2, 10, 11, 8, 9, 12, 6, 14], "R": [[-0.09843180758279357, -0.8086852040359002, 0.5799477735360302], [-0.635146413674094, -0.3975888764737864, -0.6622024754569021], [0.7660941276716072, -0.4335335351247086, -0.474498115348578]], "T": [-0.015294226789920429, 0.07901386691613684, 0.25537797654173944], "aligned_model": [[0.22538431395672046, 0.16793086053117967, -0.42355675958180083, -0.47397817882959015, -0.7240581713062009, 0.04297723962836372, -0.8233022527610349, -0.11581576934179177, -0.20024814910470728, 0.26479672664171233, 0.6323421529290062, 0.3512542801893508, 0.5293980835179602, -0.0816322753408636], [-0.6567137956325665, -0.27971219960204363, -0.46407660005200285, -0.21527635271511208, 0.1413109199879657, 0.19379579429847532, 0.3222024597347561, 0.40823398782844483, 0.6693875504785003, -0.04556737066640079, 0.5254841779049079, 0.5442881810999065, 0.0028849995086149133, 0.08903157963658842], [0.3588297595162437, -0.28190251127417787, 0.2375692771874666, -0.36457324945030034, 0.564018855207904, -0.5883532567583595, 0.010552212545897555, 0.7786018860428197, 0.09668077924765717, 0.7716556988303239, 0.38330695559494765, -0.30434333277747827, 0.06405961856426395, 0.17148539470262603]], "inverted": true, "swapped": true, "error_lsq": 0.042979066626927395, "error_max": 0.2735073678489049, "target": "231.xyz", "model": "0.xyz", "model_rescale": 3.8414455957264533, "target_rescale": 4.160592378104427},
{"mapping": [2, 4, 1, 0, 5, 7, 9, 3, 6, 8, 10, 12, 13, 13, 14], "R": [[-0.26738171459181576, 0.9347682213783539, 0.23391321254493042], [0.9601801138315944, 0.2380597382776103, 0.14622486113360694], [0.08100103520503739, 0.2636966691339591, -0.961198678205171]], "T": [0.023586185274900147, -0.08384204012438419, -0.04202021489819685], "aligned_model": [[-0.6192018278739821, -0.2512934699566856, 0.12677853182540996, 0.36935224194501864, -0.5749948037691028, 0.05801928453530968, 0.17161319379582196, -0.39834447607710316, -0.4985194088594524, 0.37519188639458656, -0.16700430993906473, 0.4624852573033105, 0.7442411209368269, 0.7442411209368269, 0.02351312709611252], [-0.10032245803282128, -0.5369060322205308, -0.7073252267837248, -0.6810651130953885, -0.0030952128774243554, -0.3001031679342207, 0.2558379753407526, -0.5600865106382608, 0.4903979881571155, 0.6187611573789703, 0.2707069003890497, 0.21576761657464172, 0.04213411554299433, 0.04213411554299433, -0.1186197888917488], [-0.40417583558646675, -0.16445970629643109, 0.5488418220742722, -0.2640287838162319, 0.22161501496903147, -0.6461729177878406, -0.6149208797916781, 0.41464443597383494, -0.12966331089850913, 0.04179252457956495, 0.5114701755561337, 0.5056030151170803, -0.24110178749772856, -0.24110178749772856, 0.04077170451768]], "inverted": false, "swapped": false, "error_lsq": 0.050620826964367774, "error_max": 0.3367379180643327, "target": "231.xyz", "model": "1.xyz", "model_rescale": 4.316132596720782, "target_rescale": 4.160592378104427},
{"mapping": [7, 1, 4, 11, 10, 2, 9, 13, 0, 3, 5, 14], "R": [[-0.442835726965769, -0.279122665904155, -0.8520487405666748], [0.7630215782013544, 0.38172680617413557, -0.5216154873536719], [0.4708445498482632, -0.8811215482705275, 0.043934349335513184]], "T": [-0.06256727058070086, 0.06846064588035683, -0.20029853226320185], "aligned_model": [[-0.3389284231492663, 0.3684053981233988, 0.24901861343773637, -0.6393000957669158, -0.497403229625643, -0.43128623465902427, -0.3677946107972889, -0.002274684173511954, 0.6759994709527753, 0.23112801258952323, 0.4216999141478226, -0.07145557644782559], [-0.6055729449216202, -0.3578958669869813, -0.5606489509027168, 0.21909610141544614, -0.2534905823413165, -0.2521294892171311, 0.5575854234563142, 0.7042509092640074, -0.04940184031192085, 0.08126106061599998, 0.44795607477160493, 0.08176653289929436], [0.06576476034421644, 0.10698860305436056, -0.5027146768795673, 0.02909642831805806, -0.5157645738146476, 0.5299244523340837, -0.7505054618424478, 0.36590672531493773, -0.4251345335288214, 0.5710097419466169, 0.06876402413753316, -0.09407702817490138]], "inverted": false, "swapped": true, "error_lsq": 0.051143840417902896, "error_max": 0.28435732865209096, "target": "231.xyz", "model": "2.xyz", "model_rescale": 3.795458400668931, "target_rescale": 4.160592378104427},
{"mapping": [13, 5, 3, 4, 11, 10, 1, 6, 0, 8, 2, 14], "R": [[0.17411430487591179, -0.9773364769975129, 0.12040606117495972], [-0.12101504131444712, -0.1425836337912862, -0.9823569957762481], [0.9772612591386405, 0.15647146099197293, -0.1430982644262216]], "T": [0.17314215085524212, 0.0965428909141811, 0.031336044256326356], "aligned_model": [[-0.17681081517955607, -0.012130837906657033, -0.5818487350078061, 0.2403136766813548, 0.05491983995176733, 0.4152606962122254, -0.2876180238898026, 0.5215988351973109, 0.28190489231630794, 0.6426933820016626, -0.5822378904005312, 0.0772588057672888], [-0.20646414416400077, -0.4996426333213989, -0.20105738222403058, 0.04438457515712029, 0.5722095904002286, 0.6268795602394577, -0.15637395082852945, -0.287441176212289, -0.5417943421610135, 0.0996232389450407, 0.5382064865536528, 0.09723922290547143], [-0.6857221869598171, -0.2159752703621538, -0.11952834362286585, 0.7909989093644725, -0.3781740487283363, 0.2601926700448486, 0.4622372316506206, -0.23365868548529073, 0.4679363967020079, 0.4055368810648722, -0.04798342363286551, -0.01708869939639205]], "inverted": true, "swapped": true, "error_lsq": 0.05175088430120984, "error_max": 0.31894300802301145, "target": "231.xyz", "model": "3.xyz", "model_rescale": 3.7530521520055578, "target_rescale": 4.160592378104427},
{"mapping": [13, 9, 6, 8, 5, 10, 3, 11, 2, 1, 14], "R": [[0.8119859497615276, -0.03210831134523667, 0.5827931654819123], [0.5601528318212656, -0.23774505570145607, -0.7935402280238406], [0.16403543029628465, 0.9707967577366898, -0.17506008332982084]], "T": [0.025163627321759786, 0.06067704439260033, -0.03527070667320173], "aligned_model": [[-0.3635878291805036, -0.14176856432911797, 0.17877466028128983, 0.40102962191032826, 0.20295149873649884, -0.10795893841721893, -0.06636174985419599, -0.6091894102835954, -0.508503985937557, 0.3855519536540553, -0.03273765413477816], [-0.6945478398143672, 0.08565783304841271, -0.3092793667330639, 0.40642386944843145, -0.5815517797158656, 0.6556153174278346, -0.4322585687750242, 0.13221438916733744, 0.16351094181583012, 0.03289752825637812, 0.008521034188443015], [0.04815907242388609, -0.8141442819087545, -0.45790995695718906, -0.3510206085878109, 0.04755293894333944, -0.17872997536310337, 0.6204539386179669, -0.055580114223740124, 0.6550780345625871, 0.5403083526163527, 0.03866337712178247]], "inverted": true, "swapped": true, "error_lsq": 0.04959631647440487, "error_max": 0.2905974820320494, "target": "231.xyz", "model": "4.xyz", "model_rescale": 3.7855080009869324, "target_rescale": 4.160592378104427},
{"mapping": [7, 5, 2, 0, 10, 4, 6, 9, 8, 13, 15, 12, 11, 1, 16], "R": [[0.2890683786416577, 0.8418019579087399, -0.45586065429086553], [-0.18613663735678257, -0.41767773384261275, -0.8893247229699677], [-0.9390381380449856, 0.34192802504783426, 0.03595276044888274]], "T": [0.03483881657872902, -0.06903435460049406, 0.03665626039368393], "aligned_model": [[-0.41557753313985757, -0.3900802693810877, 0.28991513203274094, 0.23015839097522361, -0.6899001586193865, 0.1754601193572642, 0.12320298745166387, -0.28231346057707274, -0.3822794241609508, 0.2505887040808364, -0.3753253088199274, 0.6519643926696062, 0.668459797793264, 0.669994026680091, 0.041810071951424686], [-0.04588487264187327, -0.6564385322537749, -0.606819095848409, -0.7606743512210945, -0.11118478537929144, -0.28653422633773895, 0.3091998699487485, -0.34204735356561927, 0.49760325337530303, 0.6151305006690502, 0.3671067216699062, 0.10082819506376359, 0.3317231217461649, -0.40489068531778283, -0.07890140145495414], [-0.561640225695897, -0.3232094744045189, 0.47427405362655783, -0.2665899469243003, 0.0994339083922517, -0.6561064976010698, -0.48794617264731394, 0.6126704570416491, 0.021033570698183453, 0.13783963715207376, 0.6031052506050782, 0.2676714126374569, -0.2285872609547686, -0.20184389303935713, 0.08900886472895755]], "inverted": true, "swapped": false, "error_lsq": 0.03829260857340689, "error_max": 0.24774550703646042, "target": "231.xyz", "model": "5.xyz", "model_rescale": 4.2253639853439635, "target_rescale": 4.160592378104427},
{"mapping": [10, 9, 0, 4, 8, 5, 1, 7, 12, 11, 6, 3, 2, 14], "R": [[0.058075657681363774, 0.3234693789718207, -0.9444547521466882], [-0.9983107707889419, 0.020409628604044966, -0.05439716892480795], [0.001680152274706359, 0.9460185029521515, 0.32410826765219086]], "T": [0.01183746520510366, -0.02922278418576886, -0.02176330610117988], "aligned_model": [[0.4295663560874958, -0.2655841315172221, -0.48624811321575084, 0.12225512040777241, -0.09180928881552008, -0.49182184451414734, 0.08852892114043868, 0.7269221112401034, -0.27016599433162225, 0.37818501694925594, -0.5345402393604709, 0.03185968081103567, 0.6959654292141908, 0.04094912866222424], [-0.20761903588980873, 0.20318177654641062, -0.5815402330810582, -0.7844107821853561, -0.48372049389461363, 0.1443059235874573, -0.3959203532409638, -0.25438557683396024, 0.7157656617605339, 0.4709857846162909, 0.09080696246122533, 0.2165532358487327, 0.2742805931853213, 0.03681568375477906], [-0.452960568504633, -0.7318054319179246, 0.21652185296433468, 0.020888792389505764, -0.400185419268116, 0.3870657942853056, 0.5453292914536931, 0.17683707069453608, -0.1937871524997552, -0.1751083388856672, -0.18348001931907335, 0.7659742661248767, 0.4384670114704768, 0.05780105994388897]], "inverted": true, "swapped": true, "error_lsq": 0.037495952915526605, "error_max": 0.22283985449714241, "target": "231.xyz", "model": "6.xyz", "model_rescale": 3.89814844738969, "target_rescale": 4.160592378104427},
{"mapping": [1, 4, 0, 2, 5, 8, 10, 3, 11, 9, 6, 12, 14], "R": [[-0.005651913529754082, -0.4643331935384064, -0.8856425584014563], [-0.2605947264077983, 0.855738669185734, -0.4469918552151412], [0.9654317399184144, 0.22826742088754973, -0.12583934249450482]], "T": [-0.1242302496627645, 0.0788390987093487, -0.0382506295692787], "aligned_model": [[0.2513168301416929, -0.1355026800298738, 0.4149807931298257, -0.27267252552329535, 0.5104882235153074, -0.30783925639783793, -0.7160376655153882, 0.42328848281500553, -0.5090746446554402, -0.4599642888427171, 0.1277624094964163, -0.08877627774958247, -0.0893375994798904], [-0.23956800130063194, 0.20301837970856274, 0.4279343197762767, -0.7863297351415514, 0.09930661030332423, 0.5383055317935331, 0.13346113638649504, -0.5323024557191537, -0.22085564390116874, 0.6700119656663679, 0.5236475014512282, 0.16100872009523592, -0.013857063648032589], [-0.5067845240524662, -0.792420776746211, -0.48244383390121715, -0.0007660180946357648, 0.180014545817883, -0.37838654798717064, -0.23582123352126605, 0.051562854245912546, 0.3740741125284418, 0.37759999135267724, 0.240556142300755, 0.7717599312944724, 0.003330387599120535]], "inverted": false, "swapped": true, "error_lsq": 0.0478446892707232, "error_max": 0.2399154293897223, "target": "231.xyz", "model": "7.xyz", "model_rescale": 3.7474275329858107, "target_rescale": 4.160592378104427},
{"mapping": [5, 3, 1, 2, 6, 8, 9, 0, 7, 11, 10, 12, 13, 4, 14], "R": [[-0.8892317575209816, -0.455927022032058, -0.03738224173488336], [0.23632825981838163, -0.38788427846864426, -0.890895470932519], [0.39168333514123554, -0.8010470255221216, 0.4526674583784436]], "T": [0.07970269822176695, -0.06011723503919301, 0.02669781200412129], "aligned_model": [[-0.45805467286903073, -0.3991242619013091, 0.2864456285747829, 0.365817158740277, -0.7288081381216618, 0.11116947090396145, -0.012349974018578846, -0.29686527069165664, -0.39057929870722774, 0.17595634901535295, -0.2799723955860925, 0.45525102584267935, 0.9631698692930866, 0.6435356149396507, 0.13048636287959872], [-0.015211990559627582, -0.5507926551024392, -0.6373044576496315, -0.8211405078921663, -0.09350036147756852, -0.2699781360246837, 0.448975384196499, -0.38829309969490583, 0.42155139297340655, 0.5540421681435374, 0.36348682692254436, 0.19281453380575939, 0.10487263489524712, -0.29019702381456847, -0.09110835026900464], [-0.4442820101513847, -0.1832948340329794, 0.46134029825477374, -0.19141131093253405, 0.13685176237447017, -0.6215140054684157, -0.5324903948292781, 0.45647729531254483, -0.07678072720548552, 0.021858619818871317, 0.5428923347105193, 0.44578204307164176, 0.007308919544151225, -0.4646081809045833, 0.020983874052671343]], "inverted": true, "swapped": false, "error_lsq": 0.039891505083237536, "error_max": 0.30083296980757823, "target": "231.xyz", "model": "8.xyz", "model_rescale": 4.019505241142653, "target_rescale": 4.160592378104427},
{"mapping": [8, 7, 1, 0, 6, 5, 3, 9, 12, 11, 2, 13, 14], "R": [[-0.3039578785813343, 0.16068019502938907, 0.9390375301198844], [-0.2476943097334941, 0.9384477803817759, -0.24075566955352573], [-0.919922353774482, -0.3057738354108083, -0.24544902648855868]], "T": [-0.09891235206635401, -0.175686696222856, -0.045472730493618975], "aligned_model": [[-0.2992388413563957, -0.6755921372512557, 0.0004669267069399713, 0.29315866031536314, 0.3238720783614677, 0.561209668075517, 0.30593515775969643, -0.12665192563619776, 0.25354602975801793, -0.3532710171920969, -0.3947872526245674, 0.5016337701922415, -0.070580345367554], [-0.6625428061122659, 0.2914920650558919, 0.22039921412459268, -0.394509017881175, -0.5552546083513842, -0.05646715925728893, 0.5409056522603188, -0.8286945441174953, -0.2523402355817572, 0.029265264610011832, 0.6350250269885671, 0.17389401700923163, -0.0777946406331889], [-0.3341845927982429, -0.2705746501226705, -0.5887796523533879, -0.6844725251805609, 0.08207944287359017, -0.07632344427259205, -0.10817140449384174, 0.41053791549791807, 0.6852962230747632, 0.503371694892872, 0.11933582964273276, 0.4500981813591214, -0.011509524075823077]], "inverted": true, "swapped": true, "error_lsq": 0.048651104917906966, "error_max": 0.26680035773045874, "target": "231.xyz", "model": "9.xyz", "model_rescale": 3.877068213659057, "target_rescale": 4.160592378104427},
{"mapping": [5, 12, 10, 6, 0, 3, 4, 11, 1, 7, 8, 9, 2, 13, 15], "R": [[0.42187523521590004, -0.02106959243575146, -0.9064090457327312], [0.8305573685583478, 0.4098938246983757, 0.3770431142556113], [0.36358732574852193, -0.9118898643743818, 0.19042355895820676]], "T": [0.13446551946291643, -0.1246395667759832, -0.039127915200054805], "aligned_model": [[-0.49496276148020735, -0.42121721367463094, 0.28218030549598105, 0.21675558817423565, -0.6292161527273216, 0.0553005752424041, 0.2431142847521039, -0.2566030859227534, -0.46915151259708054, 0.12025268704747868, -0.06209689898244314, 0.4576531620760639, 0.6593078790609499, 0.8170357822207072, 0.04772482960834512], [-0.03513908095172241, -0.6180278040019768, -0.6536877436013389, -0.6987296209417743, -0.09362693513425197, -0.2522045040735066, 0.33252342598645496, -0.38254393169106493, 0.47276980426822846, 0.6914994138319056, 0.33828850869497284, -0.015174172710892275, 0.2718272723356321, -0.3036547821741128, -0.12590349138415444], [-0.4938862514938877, -0.11645813680417307, 0.4097586495853609, -0.24877888568255274, 0.1835704365521892, -0.6557489017931701, -0.5262502033316869, 0.5311404082259966, -0.21704680739274568, -0.03781294605407591, 0.5460077514651777, 0.5258609157196227, 0.0486781267669875, -0.35486496563663694, -0.01505550651142223]], "inverted": true, "swapped": false, "error_lsq": 0.03602586227199392, "error_max": 0.24322663568126837, "target": "231.xyz", "model": "10.xyz", "model_rescale": 4.260839863003843, "target_rescale": 4.160592378104427},
{"mapping": [4, 10, 11, 7, 13, 3, 0, 8, 9, 12, 6, 14], "R": [[0.6814769382565848, -0.7121715406335596, 0.16852560439307976], [0.08708180117061098, 0.30755055952828053, 0.9475386077826718], [-0.7266401740402968, -0.631050196137727, 0.2716057941672515]], "T": [-0.0015107358595488778, 0.011267393651681681, -0.09317816781675181], "aligned_model": [[0.4651645483852738, 0.24436316246858872, -0.38711482665025215, -0.215963455004245, -0.6296797356618592, -0.6683426634188455, 0.4143918674169988, 0.5885904661582797, 0.37073348696263464, -0.32101141891579593, 0.2051263705001287, -0.10735915314677605], [0.04934812786681801, -0.553249647125495, -0.436140678710575, -0.4053422783058369, 0.3714472709230121, 0.43417519085369116, 0.6204968611178853, -0.07310062303366534, -0.2249390736985094, 0.032760607959645846, 0.3304992086696268, 0.027123539016336518], [-0.6974001544784331, -0.20772189220713935, 0.14986368455065296, -0.7111853330943303, 0.35862600701391717, -0.33363897396126374, -0.3496700884976022, -0.16512761271399348, 0.570730851529194, 0.6562104461741687, 0.34782090929808057, -0.10232976621774637]], "inverted": true, "swapped": true, "error_lsq": 0.051732392199712464, "error_max": 0.2894171503670211, "target": "231.xyz", "model": "11.xyz", "model_rescale": 3.890672605050136, "target_rescale": 4.160592378104427},
{"mapping": [8, 10, 9, 0, 6, 3, 7, 5, 1, 2, 12, 11, 13, 14], "R": [[-0.25880971164719335, 0.7360504420944054, -0.6254976257746524], [0.7144402283124309, 0.5816790753513915, 0.3888760901202745], [0.6500712986480625, -0.34623575781681, -0.6764082396622922]], "T": [0.1430908826801967, -0.0174646429452202, -0.012549577057722347], "aligned_model": [[0.5537820509652844, 0.07062659188190779, 0.6475742098382988, 0.6007220670531008, 0.630591987264246, -0.337235589672139, -0.467575471184334, 0.2980138236723392, -0.08625508918615399, -0.733928973384562, 0.22839865753412317, -0.23319931985445103, -0.02149951240344769, 0.05986040226948153], [-0.10372337193412219, 0.20327660172045892, 0.5933359301343436, -0.646515780516167, 0.10362721384977826, -0.3708380618672189, -0.21628710564847992, -0.23839445182491675, -0.6560694322140604, -0.01583711604795889, 0.5985382269014469, 0.4982576494091131, 0.20243270177056913, -0.01965048390502065], [-0.44197513457517545, -0.5941645334220379, -0.09946145861951815, 0.05667462554560128, 0.2820136024263358, 0.5581963651926894, -0.44733995923509295, 0.6023610245047054, 0.02652789826481107, 0.04027882109453686, 0.5141277315517064, 0.006686864838845855, 0.7955395320951004, 0.05532505569435332]], "inverted": false, "swapped": true, "error_lsq": 0.04829458188450104, "error_max": 0.287176239604737, "target": "231.xyz", "model": "12.xyz", "model_rescale": 4.124412569039231, "target_rescale": 4.160592378104427},
{"mapping": [11, 7, 4, 13, 10, 9, 3, 6, 1, 5, 8, 0, 14], "R": [[-0.7779210925303414, 0.6234499657194669, 0.0784150115781142], [-0.6264075114283915, -0.7792742345981555, -0.018582166653779444], [0.04952174696524822, -0.06357521164616399, 0.9967476054857897]], "T": [0.11351203087625159, 0.041725495994716685, 0.05345834707566853], "aligned_model": [[-0.21524338918659544, 0.10941435220921492, 0.6710984228519697, -0.6487951769241217, 0.4838450973143449, 0.3898238928855208, -0.5646833034650167, 0.16359668635203367, 0.04693222202357697, -0.23218462727014208, 0.7111806997084331, 0.4418904113970801, 0.010423019613459206], [-0.27851797455896143, 0.5207089217113082, 0.5643915640000942, -0.19301294679960762, -0.057141390086747526, -0.7037729947375628, 0.4834138371210778, -0.29992423153263437, 0.708431126827167, 0.10363697775489937, 0.00944504989029371, 0.42131072546959936, 0.06851671144955108], [0.497640554507091, 0.6634128787990369, 0.06887811516853795, -0.25024946169509976, 0.5487688423644627, -0.0014797803069414028, -0.10871354207023161, -0.41542865682489294, -0.06061808184569045, -0.5188937604454052, 0.00587422599527046, -0.5448779443081433, 0.06738469162984484]], "inverted": false, "swapped": true, "error_lsq": 0.04891370083527098, "error_max": 0.2794263532582399, "target": "231.xyz", "model": "13.xyz", "model_rescale": 3.9028299243045295, "target_rescale": 4.160592378104427},
{"mapping": [2, 8, 13, 12, 0, 1, 6, 5, 3, 7, 4, 10, 9, 11, 15], "R": [[-0.14405831030219135, 0.7640812290108526, 0.6288299282843834], [-0.8964103096047312, -0.36992778010386435, 0.24413519685161575], [0.4191607806883031, -0.5285199267583884, 0.7382214619963852]], "T": [0.02336595459233867, -0.09862920770472297, -0.045225007309771796], "aligned_model": [[-0.48333662830123897, -0.5218181406487149, 0.355438300156393, 0.19077169555500775, -0.7845761471457917, 0.1984717196928482, 0.14799356676273234, -0.11466959985309119, -0.3143116942350139, 0.3810301171624798, -0.2681377073686881, 0.38215348263334076, 0.6604177257413634, 0.6332043004708193, 0.10344647767138682], [-0.240329077567093, -0.6422364314056311, -0.6258319046106878, -0.7689448946493626, 0.034464727274870516, -0.182540614557993, 0.3550557988572077, -0.3884736026447908, 0.418780519976505, 0.6828315477920196, 0.20645616492332539, 0.10488002570494737, 0.32028826868184457, -0.32850463846552347, -0.017679530857239736], [-0.5603205410952522, 0.01619687961995759, 0.4491803177848297, -0.1282460088067532, 0.08412712431297775, -0.6653021013644356, -0.5175026114313773, 0.35357098826430794, -0.12859421278409397, 0.24117225222430733, 0.48516334508347697, 0.5754263470657826, -0.18493415274221164, -0.3932353039486231, -0.047588638567910416]], "inverted": false, "swapped": false, "error_lsq": 0.04400502474092468, "error_max": 0.3010321675311926, "target": "231.xyz", "model": "14.xyz", "model_rescale": 3.942246331269136, "target_rescale": 4.160592378104427},
{"mapping": [10, 6, 8, 11, 9, 4, 3, 7, 5, 1, 2, 0, 12, 13, 14], "R": [[0.6036540494258653, 0.6464158668932307, -0.46663509902323874], [-0.07461882355965982, 0.6285495150665761, 0.7741818509111048], [0.7937466974938082, -0.4325182471737406, 0.4276612515524732]], "T": [0.01906402614539117, -0.0927212480117384, -0.10200527917247816], "aligned_model": [[-0.4598144803119141, -0.21473511281968316, 0.32585785440707504, 0.15646675250890507, -0.7668560608947969, 0.07879748163900284, 0.18805988827691156, -0.3417031143864865, -0.23910542637463716, 0.35424628382819084, -0.25770057982964734, 0.20905595679190048, 0.7737934720341978, 0.7027271365597334, 0.0569874168650806], [-0.31052125027768385, -0.5675144896414168, -0.6018940161031591, -0.7574784780121083, -0.16393003314592283, -0.12244519532387549, 0.49013833145001695, -0.3302413970597273, 0.4785037831743514, 0.6280486796600516, 0.2813587946479589, 0.05438502806766926, 0.2181831140116475, -0.3249565416813637, -0.04341997131404019], [-0.5839171498597819, 0.07882262149661799, 0.39343549979353687, -0.33293674217970554, 0.05743509162117737, -0.684424696923623, -0.48705467822763343, 0.6358366803538912, -0.002858641705171097, 0.05542725011953971, 0.5030677686512428, 0.5929625565548442, -0.14441045982242376, -0.47563794147341487, -0.026633474784113653]], "inverted": true, "swapped": false, "error_lsq": 0.04609789744236086, "error_max": 0.3207510056163178, "target": "231.xyz", "model": "15.xyz", "model_rescale": 4.355366556412066, "target_rescale": 4.160592378104427},
{"mapping": [7, 1, 4, 11, 10, 2, 9, 13, 0, 3, 5, 14], "R": [[-0.442835726965769, -0.279122665904155, -0.8520487405666748], [0.7630215782013544, 0.38172680617413557, -0.5216154873536719], [0.4708445498482632, -0.8811215482705275, 0.043934349335513184]], "T": [-0.06256727058070086, 0.06846064588035683, -0.20029853226320185], "aligned_model": [[-0.3389284231492663, 0.3684053981233988, 0.24901861343773637, -0.6393000957669158, -0.497403229625643, -0.43128623465902427, -0.3677946107972889, -0.002274684173511954, 0.6759994709527753, 0.23112801258952323, 0.4216999141478226, -0.07145557644782559], [-0.6055729449216202, -0.3578958669869813, -0.5606489509027168, 0.21909610141544614, -0.2534905823413165, -0.2521294892171311, 0.5575854234563142, 0.7042509092640074, -0.04940184031192085, 0.08126106061599998, 0.44795607477160493, 0.08176653289929436], [0.06576476034421644, 0.10698860305436056, -0.5027146768795673, 0.02909642831805806, -0.5157645738146476, 0.5299244523340837, -0.7505054618424478, 0.36590672531493773, -0.4251345335288214, 0.5710097419466169, 0.06876402413753316, -0.09407702817490138]], "inverted": false, "swapped": true, "error_lsq": 0.051143840417902896, "error_max": 0.28435732865209096, "target": "231.xyz", "model": "16.xyz", "model_rescale": 3.795458400668931, "target_rescale": 4.160592378104427},
{"mapping": [1, 4, 0, 2, 5, 8, 10, 3, 11, 9, 6, 12, 14], "R": [[-0.005651913529754082, -0.4643331935384064, -0.8856425584014563], [-0.2605947264077983, 0.855738669185734, -0.4469918552151412], [0.9654317399184144, 0.22826742088754973, -0.12583934249450482]], "T": [-0.1242302496627645, 0.0788390987093487, -0.0382506295692787], "aligned_model": [[0.2513168301416929, -0.1355026800298738, 0.4149807931298257, -0.27267252552329535, 0.5104882235153074, -0.30783925639783793, -0.7160376655153882, 0.42328848281500553, -0.5090746446554402, -0.4599642888427171, 0.1277624094964163, -0.08877627774958247, -0.0893375994798904], [-0.23956800130063194, 0.20301837970856274, 0.4279343197762767, -0.7863297351415514, 0.09930661030332423, 0.5383055317935331, 0.13346113638649504, -0.5323024557191537, -0.22085564390116874, 0.6700119656663679, 0.5236475014512282, 0.16100872009523592, -0.013857063648032589], [-0.5067845240524662, -0.792420776746211, -0.48244383390121715, -0.0007660180946357648, 0.180014545817883, -0.37838654798717064, -0.23582123352126605, 0.051562854245912546, 0.3740741125284418, 0.37759999135267724, 0.240556142300755, 0.7717599312944724, 0.003330387599120535]], "inverted": false, "swapped": true, "error_lsq": 0.0478446892707232, "error_max": 0.2399154293897223, "target": "231.xyz", "model": "17.xyz", "model_rescale": 3.7474275329858107, "target_rescale": 4.160592378104427},
{"mapping": [0, 5, 6, 3, 4, 7, 8, 12, 1, 10, 2, 13, 11, 14], "R": [[0.3883241779745398, -0.8261961938036068, 0.40817175569217323], [-0.9190943946800388, -0.3793714693330946, 0.1065024972654726], [0.0668567608258962, -0.41650586742623696, -0.9066714046066452]], "T": [0.1346146296787601, -0.01998744717014074, 0.10512222604652374], "aligned_model": [[0.5296348593063116, 0.11278043427250148, 0.5326172773541302, -0.49385230432836597, 0.35962774947563614, -0.3487674267176212, 0.6393465698830418, 0.10600414084719526, -0.1250798611065403, 0.22718820784508592, -0.7245653739340507, -0.22631995939154198, -0.21024473017665007, 0.0364780645537444], [-0.45913724504833764, 0.14299046319585235, 0.292397707271769, -0.06008237693876101, -0.7471329327482166, -0.4861121651997509, -0.2788443475200606, 0.7875763715773085, -0.557528855674948, -0.15630032096735952, -0.08489993197503527, 0.580935028203207, 0.3808212170273933, 0.00572563030817308], [-0.40578882102962854, -0.5459442948673046, -0.18314403834836782, -0.4285058591447487, 0.17546930225754964, 0.4931376621407022, 0.3019797561594947, -0.00046213876562714584, -0.2197634559470593, 0.7093594816562252, 0.2770332702971178, -0.3817774039616205, 0.46339345943809795, 0.06980779877682398]], "inverted": true, "swapped": true, "error_lsq": 0.04631856472527896, "error_max": 0.29014113424008786, "target": "231.xyz", "model": "18.xyz", "model_rescale": 3.922800546911778, "target_rescale": 4.160592378104427},
{"mapping": [9, 3, 5, 0, 7, 2, 10, 12, 11, 4, 13, 8, 6, 1, 14], "R": [[-0.5254252607190182, -0.6447086557692859, -0.5552288218153955], [0.5102693215856239, -0.7609566299557691, 0.4007121495224545], [-0.6808476443719983, -0.07277194859641324, 0.7288008840901484]], "T": [0.10485222204962713, -0.07080109050930739, 0.027957956749618495], "aligned_model": [[-0.40716289666725164, -0.29994891869756396, 0.35101746305516984, 0.14710319064279673, -0.6915793742224356, 0.07636896329981363, 0.11575802106552771, -0.28985637779865275, -0.3577035649075301, 0.21112277525412046, -0.18806470564780492, 0.4899804022898753, 0.6673669043778387, 0.7326700807142299, 0.009005505535699537], [-0.06588725115582242, -0.5587031980417632, -0.6837961789942677, -0.8701795388460934, -0.087414316190534, -0.21986634331615607, 0.4616783322395067, -0.430049637856413, 0.46025581567760965, 0.6448857424270663, 0.33363814192979574, 0.04078793712924664, 0.30459599828729256, -0.3235814645937013, -0.07814768024336768], [-0.6049397903652944, -0.05711150604559288, 0.41028427784158017, -0.21214949349815931, 0.08822181200842207, -0.6721114806381364, -0.5778038571345355, 0.6056773064353617, -0.07817553990638464, 0.04709080220655819, 0.4995958767184773, 0.4901427982547632, -0.10776982154701555, -0.27192509171326557, 0.020087390998204658]], "inverted": false, "swapped": false, "error_lsq": 0.030147362043357315, "error_max": 0.18422428248031608, "target": "231.xyz", "model": "19.xyz", "model_rescale": 3.9282355846067225, "target_rescale": 4.160592378104427},
{"mapping": [9, 6, 5, 8, 10, 0, 4, 1, 7, 2, 13, 11, 3, 14], "R": [[0.09415066667415883, 0.7800653902989811, 0.6185738749919119], [0.5475024895925535, 0.47836821057664003, -0.6865893088300015], [-0.831490634856922, 0.4033135777126793, -0.38204905729216415]], "T": [-0.11880220325215665, -0.14558657733070665, 0.010073479958005976], "aligned_model": [[-0.7206554848478918, -0.10565050887448715, 0.40994243334082736, -0.3893803701030668, -0.639948384404122, 0.3291417491086962, -0.030442304703770545, 0.4294041931724931, -0.14065881187399684, 0.05594947516033802, 0.24744810576823537, -0.4381979154955322, 0.586574188476714, -0.06100354563976022], [-0.6572821573765547, -0.6991015542670627, -0.558393718913821, -0.09251537409570315, 0.19273538097024354, -0.23058909720867585, 0.3336511559514703, 0.23256463281995973, 0.6098245492175293, 0.3803451820122129, -0.657819054101087, -0.1249412215276002, -0.06970821061059104, -0.13588842544548468], [-0.09516293676848464, -0.17030455280271506, 0.04082277496248782, -0.5232978883156539, -0.06865795217840184, -0.6239962417395755, -0.5788610628698185, -0.12562511969095988, 0.1843226188316606, 0.6918468674068431, 0.5862084030293265, 0.5627885858995069, 0.43200219821953656, 0.1000974632599309]], "inverted": true, "swapped": true, "error_lsq": 0.04299559236105246, "error_max": 0.258913156597163, "target": "231.xyz", "model": "20.xyz", "model_rescale": 4.067790424073018, "target_rescale": 4.160592378104427},
{"mapping": [7, 9, 11, 12, 1, 0, 0, 13, 8, 4, 5, 6, 2, 3, 14], "R": [[0.1420992767466263, 0.9865518914640754, 0.08076608816045017], [0.805849704977166, -0.16268128514202967, 0.5693338672982248], [0.5748165346754569, -0.01581660245417893, -0.818129443639884]], "T": [0.036754589141163876, -0.08214008601670697, 0.05756159770175241], "aligned_model": [[-0.477399922277769, -0.4743304187732051, 0.31980545683892103, 0.14904195781899005, -0.7815313468969051, 0.17907520890017242, 0.17907520890017242, -0.21886300187924773, -0.2846722050199598, 0.20828820499444, -0.24531349321051138, 0.6043487307306797, 0.6116223569721991, 0.7942103433183313, 0.0027203878775245577], [-0.015606409344819105, -0.5996229410873348, -0.5892027008014455, -0.7716603556769863, -0.1209148736151683, 0.06208006228282506, 0.06208006228282506, -0.3122546618559099, 0.35597133250953433, 0.6902618905833726, 0.28870838324005704, 0.119088739322352, 0.30492391799550483, -0.3945760128477918, -0.15106007453461678], [-0.4789851061972329, -0.21639735700134094, 0.3418184621085047, -0.25702894802509096, 0.10456951201216105, -0.6231758109492133, -0.6231758109492133, 0.6673406021160265, -0.1153866537415069, 0.18579536826500753, 0.42001867188606123, 0.48756247326050633, -0.2134189142284043, -0.17132612311332335, 0.07090331817204118]], "inverted": true, "swapped": false, "error_lsq": 0.04799210040593855, "error_max": 0.31409518951717985, "target": "231.xyz", "model": "21.xyz", "model_rescale": 4.186013935880536, "target_rescale": 4.160592378104427},
{"mapping": [13, 3, 5, 9, 10, 6, 11, 2, 0, 1, 7, 8, 14], "R": [[-0.0682035984061998, 0.7572030724374742, -0.6496089410219773], [-0.7950151315842818, -0.43462679596681314, -0.4231435793907895], [-0.6027430710646725, 0.4875890229679819, 0.6316310117185949]], "T": [0.06527541759261289, -0.05394356148356154, 0.09562522163212749], "aligned_model": [[0.0417374891805614, -0.379386419918007, 0.268289356857858, 0.6337502084184103, -0.052421654246907715, 0.599659881917092, -0.2296901542329669, -0.7881150227000877, 0.43605378940631667, -0.2434260520669126, -0.6194214646247758, 0.3992284226408477, -0.007684345208202548], [-0.36013585291060085, 0.1762275330651391, 0.13780671419671703, -0.5728979883469019, -0.235763382035295, -0.1234795678322217, -0.6202953356282656, -0.19179364369207552, 0.6292341531670893, 0.5376553890147774, 0.08487946956895633, 0.12727503197768686, -0.06975586099891219], [-0.7007070553069498, -0.5606021332794945, -0.5150656316248091, 0.3021613144729471, 0.6832838641611513, -0.12502386531410187, 0.08240329240945059, -0.06147165191767069, 0.020026054865503393, -0.03343594667700035, 0.4323814975687642, 0.5605438438516582, 0.01838597812589736]], "inverted": false, "swapped": true, "error_lsq": 0.03973849665490013, "error_max": 0.20567559241919917, "target": "231.xyz", "model": "22.xyz", "model_rescale": 4.166573947596378, "target_rescale": 4.160592378104427},
{"mapping": [8, 9, 12, 14, 3, 10, 7, 11, 4, 0, 2, 6, 5, 13, 15], "R": [[0.19589851995362317, -0.9771030943423861, -0.0830259772993634], [0.7255697908241544, 0.08747006449349935, 0.6825668219748863], [-0.6596758662580986, -0.19395497117639848, 0.7260917439501635]], "T": [-0.01453414744196669, -0.09659076554313537, 0.01830852483201831], "aligned_model": [[-0.5601099572411203, -0.394506681545553, 0.21384708171624348, 0.3290614271491892, -0.5715141646463626, 0.2923351006565982, 0.2834178586569048, -0.39279666747037734, -0.45512924799223853, 0.045482413901064826, -0.1424473854746717, 0.46067773271530166, 0.7109741230432879, 0.7205183686646771, 0.026267466160889263], [0.15220460357212565, -0.5126450992571069, -0.5660565113365323, -0.778959581162565, -0.05725825657213038, -0.3230464488411935, 0.20725951116139965, -0.5821767917680133, 0.4908976058467317, 0.6676753322634009, 0.221205717725826, 0.05319084190403253, 0.2742355157695111, -0.2752969955967395, -0.04301308525634841], [-0.524394930371636, -0.18898071996089494, 0.41432024552226715, -0.18734322889684304, 0.24113775583437355, -0.6262768622017786, -0.5563994523689697, 0.5114788853599926, 0.04253421816309125, -0.2628517620972395, 0.5974914302660107, 0.5935013368479549, -0.1465781021171499, -0.361921695956736, 0.03339656559253997]], "inverted": true, "swapped": false, "error_lsq": 0.04403264599636767, "error_max": 0.3298816368775981, "target": "231.xyz", "model": "23.xyz", "model_rescale": 4.274766983524099, "target_rescale": 4.160592378104427},
{"mapping": [13, 11, 9, 6, 8, 0, 5, 1, 3, 7, 14], "R": [[0.5273608768003052, -0.7799633028324081, 0.3369684730878765], [-0.1347256531696866, 0.3148184590157621, 0.9395415564204399], [-0.8388918309284071, -0.5408757566185627, 0.06094187315699097]], "T": [-0.10082233517135203, 0.22843902680139033, 0.03799374785214878], "aligned_model": [[0.37379371543920153, 0.2811882590713996, -0.566029478029551, -0.4300382148817208, -0.6491866869978931, -0.5298572516532729, -0.01881036750666165, 0.09096826965162391, 0.5423089724978971, 0.28368558622038226, 0.0018719001466701024], [-0.29167525524038135, 0.5664833787253684, 0.4149987889804032, -0.11843586847957827, 0.41488422550154513, -0.2605822002302151, -0.4328823293527167, -0.019235918768310822, -0.2520562180493965, 0.6963911372726661, 0.19769679088409908], [-0.44436875775671447, -0.3463599461202291, -0.5816127498388176, -0.29424523696274524, 0.19626199801889468, 0.4700943203671241, -0.04479663241874684, 0.6411655194103733, 0.22994078380164187, 0.5224118777193333, 0.031075257801463266]], "inverted": false, "swapped": true, "error_lsq": 0.04855906159992401, "error_max": 0.2820603260690808, "target": "231.xyz", "model": "24.xyz", "model_rescale": 3.7841303162186577, "target_rescale": 4.160592378104427},
{"mapping": [2, 4, 6, 1, 5, 8, 9, 3, 12, 14, 13, 11, 10, 0, 15], "R": [[0.4612889595552543, 0.6047765184503815, -0.6491978577625362], [-0.4569125967326916, 0.7891369039483402, 0.41047999436491023], [0.7605546494101655, 0.10727678946474495, 0.640350150857105]], "T": [0.17010647563419687, -0.08338008919819219, -0.06420441326489036], "aligned_model": [[-0.4197085484992178, -0.3201522813094183, 0.1590999820171558, 0.21390291478036347, -0.7024078052839706, 0.1507512650486618, 0.028273080907697673, -0.3230331341839706, -0.4147015271825788, 0.12858016545910703, -0.05046243440709164, 0.4563374559865677, 0.7866764524331292, 0.7134238534312836, 0.15949802909611413], [-0.09156005937220531, -0.6453539908766069, -0.6153715453040857, -0.7153628089081158, -0.11557025520302187, -0.28305410054564656, 0.3717681421265544, -0.25808798422588913, 0.3933112562855833, 0.7080845538977607, 0.3733640056817998, 0.01134709996882198, 0.3870331738110885, -0.46584267668273277, -0.1264884522009062], [-0.534145210942293, -0.041052136253854225, 0.4245597425113063, -0.45371193271652804, 0.019589191802069347, -0.6202740569737241, -0.4031204562437314, 0.5484066903534882, 0.012846656879900206, -0.030171391024725533, 0.5313912423492985, 0.6418594327729331, -0.12591284844456369, -0.38020844094479367, -0.010942799509799789]], "inverted": false, "swapped": false, "error_lsq": 0.03921989816900648, "error_max": 0.23613900359061, "target": "231.xyz", "model": "25.xyz", "model_rescale": 4.19342608120988, "target_rescale": 4.160592378104427},
{"mapping": [7, 1, 4, 11, 10, 2, 9, 13, 0, 3, 5, 14], "R": [[-0.442835726965769, -0.279122665904155, -0.8520487405666748], [0.7630215782013544, 0.38172680617413557, -0.5216154873536719], [0.4708445498482632, -0.8811215482705275, 0.043934349335513184]], "T": [-0.06256727058070086, 0.06846064588035683, -0.20029853226320185], "aligned_model": [[-0.3389284231492663, 0.3684053981233988, 0.24901861343773637, -0.6393000957669158, -0.497403229625643, -0.43128623465902427, -0.3677946107972889, -0.002274684173511954, 0.6759994709527753, 0.23112801258952323, 0.4216999141478226, -0.07145557644782559], [-0.6055729449216202, -0.3578958669869813, -0.5606489509027168, 0.21909610141544614, -0.2534905823413165, -0.2521294892171311, 0.5575854234563142, 0.7042509092640074, -0.04940184031192085, 0.08126106061599998, 0.44795607477160493, 0.08176653289929436], [0.06576476034421644, 0.10698860305436056, -0.5027146768795673, 0.02909642831805806, -0.5157645738146476, 0.5299244523340837, -0.7505054618424478, 0.36590672531493773, -0.4251345335288214, 0.5710097419466169, 0.06876402413753316, -0.09407702817490138]], "inverted": false, "swapped": true, "error_lsq": 0.051143840417902896, "error_max": 0.28435732865209096, "target": "231.xyz", "model": "26.xyz", "model_rescale": 3.795458400668931, "target_rescale": 4.160592378104427},
{"mapping": [10, 8, 9, 11, 13, 1, 4, 7, 0, 6, 3, 5, 14], "R": [[0.11954640012320944, 0.9420182793251357, -0.31354460549480445], [0.6357061088228635, -0.31520954194614964, -0.7046422410495929], [-0.7626181229310484, -0.11508477780927234, -0.6365289408139392]], "T": [-0.06732676828883369, -0.10234085919354585, -0.1244050822615898], "aligned_model": [[0.004501631065109868, 0.25677365071605196, 0.6813424526718246, -0.12733553379668777, -0.12555847467352765, -0.5922561031681234, -0.23084894133367306, -0.6774910691971021, 0.001341121635835954, 0.40243861479333587, -0.6811932151936839, -0.06966706653678661, -0.14237068416131698], [-0.6872933895809669, -0.512909923621262, -0.1688132533287664, -0.10140888958430111, 0.696973836831681, -0.07140180261849506, -0.6014066750923219, -0.5630691341752074, -0.010940535709772714, 0.21310068597632226, 0.4477354914080197, 0.5195210970576296, -0.03820600430564468], [-0.3363601393933337, 0.17039328140268484, -0.389377271397614, -0.7602760751103639, -0.41793179959388577, 0.3062161769993025, 0.43103526803061004, -0.25446440096301937, 0.64815839511504, 0.013090910039985554, -0.08057338469407373, 0.12898863585847897, -0.16676293419438548]], "inverted": false, "swapped": true, "error_lsq": 0.045650676751691176, "error_max": 0.27691444690244965, "target": "231.xyz", "model": "27.xyz", "model_rescale": 3.6321398670334006, "target_rescale": 4.160592378104427},
