[{"mapping": [6, 3, 5, 2, 1, 0, 11, 7, 9, 10, 13], "R": [[-0.9085578736477311, 0.1342289392640925, 0.39560735849671713], [-0.12408333919809508, 0.8175305813063312, -0.5623584920336695], [-0.39890589763271744, -0.5600235178034658, -0.726118271592767]], "T": [0.015333229505120241, -0.03790824974629884, -0.05778202154359688], "aligned_model": [[-0.625979923099326, -0.23341515692811987, 0.17565203326920836, -0.5297882094352012, 0.4447645417916847, 0.13159051873824837, 0.17666494526235327, -0.37194380048760883, -0.01709416012165195, 0.43681793048027123, -0.0349532269966483], [-0.35333421721618424, 0.020962341824058643, -0.688452070322839, 0.4705653003527938, 0.1213197131583989, 0.7155733117590009, -0.5844100040729379, -0.05119518928710757, 0.43425968657102537, -0.15715422503635068, -0.06476023643826481], [-0.3293886921720742, -0.513697364006151, -0.4091961349638289, -0.24634371189177554, -0.40889356689639655, -0.17678712123401727, 0.3451692793005794, 0.5912437420075265, 0.5014577088762466, 0.8497200274142207, 0.09482893926390687]], "inverted": true, "swapped": false, "error_lsq": 0.04907583032993917, "error_max": 0.28095915049097814, "target": "233.xyz", "model": "0.xyz", "model_rescale": 3.8414455957264533, "target_rescale": 3.5618697390473693},
{"mapping": [11, 0, 13, 1, 7, 4, 8, 10, 5, 6, 14], "R": [[0.27649036503320357, -0.44302810142517157, 0.8528066483039483], [-0.4238486234952572, -0.8526459754206915, -0.30552771553506153], [0.8624995202346386, -0.2769854543951825, -0.42352524794693497]], "T": [0.051791194771404016, 0.010658316380741105, 0.051169568038487885], "aligned_model": [[-0.6395979629758926, -0.01507816578977713, 0.06168553634847016, -0.6956363998847727, 0.5325654813438156, 0.11404784900970222, 0.07375138908506185, -0.29823474060786814, 0.006515122113164552, 0.4460707238072947, -0.03377333997598899], [-0.33475711551095816, 0.13284740297231734, -0.6228902319708215, 0.36126556748891225, 0.1053824257501508, 0.5106013939279295, -0.7119133703942568, -0.05841624108979557, 0.41892163162212026, 0.025996608630699726, 0.03633633986529532], [-0.30790509563263324, -0.6602485124481005, -0.3652020682742105, -0.20752801097143603, -0.3645688480479768, -0.1537652095466986, 0.3700900986372749, 0.6352002611381787, 0.5665276257568647, 0.7252137532057022, 0.06029911188127225]], "inverted": false, "swapped": false, "error_lsq": 0.03764921668567128, "error_max": 0.18361059263179452, "target": "233.xyz", "model": "1.xyz", "model_rescale": 4.316132596720782, "target_rescale": 3.5618697390473693},
{"mapping": [9, 0, 5, 1, 4, 2, 3, 10, 8, 6, 11], "R": [[0.7385209775914393, 0.04645814161165013, 0.6726279853941382], [-0.5819501242696747, 0.547700779833647, 0.6011305254536035], [-0.34047146505969517, -0.8353834430054303, 0.43152483663457647]], "T": [-0.12482238949086624, -0.09525640045501939, 0.03911383421843308], "aligned_model": [[-0.7691582253332245, -0.023489457730891394, -0.05155149424670977, -0.5001151363674741, 0.615195899143155, 0.15148085421117283, 0.25264985072605306, -0.3699248783769664, -0.20274582418238615, 0.4523213511766039, -0.0023474465461231914], [-0.35738097503735283, 0.06862539168862879, -0.553073618802414, 0.2730428980217522, -0.017663792941433595, 0.6688690641120714, -0.6030876325408443, -0.07676054749952914, 0.5322554526366485, 0.01346091648806623, -0.08491274483399973], [-0.2179339109212059, -0.6441053500344386, -0.4089873289264222, -0.09545304241967449, -0.16258408565968613, -0.16211785728382838, 0.2141542764680021, 0.6194744737819525, 0.47177181503957655, 0.6145976399024564, 0.06929647575150458]], "inverted": true, "swapped": false, "error_lsq": 0.035983890137220476, "error_max": 0.18345565468585495, "target": "233.xyz", "model": "2.xyz", "model_rescale": 3.795458400668931, "target_rescale": 3.5618697390473693},
{"mapping": [0, 4, 10, 7, 5, 9, 2, 1, 8, 6, 11], "R": [[0.2155009941419792, -0.5238230870584104, -0.8241169182758086], [-0.9302267871466761, 0.14660241414265118, -0.3364310577849786], [0.2970478850262894, 0.8391168605338256, -0.45568130131624324]], "T": [-0.028982214852715037, -0.04194475476857085, 0.04366231528176717], "aligned_model": [[-0.6941270097977935, -0.12396591385544686, 0.24316553737433724, -0.5550837714600279, 0.5549417853836838, 0.22372886309776505, 0.1453262930829436, -0.4168747894690566, 0.023189993845156666, 0.29593601768692657, -0.14392151341527865], [-0.38159786204071866, -0.08362882243158028, -0.5830091147613216, 0.49130652130796315, 0.1018789688736135, 0.762510812453853, -0.7038471897272107, -0.1602464833890188, 0.48366337488634825, -0.025065331689913706, -0.03859046219042075], [-0.18963173233536615, -0.5889475714181014, -0.37130237563007545, -0.10520851904813977, -0.3198925141660656, -0.16500726624181766, 0.3889549767619185, 0.5251318299164647, 0.619489625950147, 0.5350272752257491, -0.030500623316476502]], "inverted": true, "swapped": false, "error_lsq": 0.04439059225856605, "error_max": 0.24987133964586755, "target": "233.xyz", "model": "3.xyz", "model_rescale": 3.7530521520055578, "target_rescale": 3.5618697390473693},
{"mapping": [6, 7, 8, 0, 5, 1, 9, 4, 2, 3, 10], "R": [[-0.189721661759303, -0.9446368736529933, 0.2677066827600445], [0.2242177446841117, 0.22376959629735943, 0.9485006962262532], [-0.955893348668176, 0.23997571691322278, 0.16935040969518106]], "T": [0.018729466998127546, -0.028744237622670178, 0.07441694345165129], "aligned_model": [[-0.5965104677373488, -0.013211577298080215, -0.06462207529577582, -0.6841832108747233, 0.6440174558974584, 0.24362783811751085, 0.2198876990094193, -0.5946565644706485, -0.08893937557530307, 0.544927349986899, -0.05802157928619862], [-0.40657894453577065, -0.00039701849615291634, -0.6923617767306876, 0.3182025157707476, -0.047350350230375975, 0.7234805616766572, -0.505059128549722, -0.08396097620455217, 0.436793252228698, 0.09754934365941101, 0.023056932703340548], [-0.08387487439910513, -0.5233515279571943, -0.5533917648660549, -0.18202428444533247, -0.2808695402512475, -0.017802603265335337, 0.247689154779515, 0.4749410907772975, 0.557157296963552, 0.6103605079802146, 0.04927965038192748]], "inverted": true, "swapped": false, "error_lsq": 0.049500904111130735, "error_max": 0.22083924546695188, "target": "233.xyz", "model": "4.xyz", "model_rescale": 3.7855080009869324, "target_rescale": 3.5618697390473693},
{"mapping": [15, 13, 14, 8, 1, 6, 3, 10, 7, 5, 16], "R": [[-0.6457080409903632, -0.7225041716456019, -0.24708065030489657], [-0.7343537830425514, 0.4989082572097969, 0.46023371477867303], [-0.20925020222566412, 0.47862122063546886, -0.8527227451088266]], "T": [0.08313454574712306, -0.041927331468274834, -0.046942291954112494], "aligned_model": [[-0.6750540573544788, -0.24415961441816916, -0.03776297474244707, -0.5595700827642001, 0.815546273663439, 0.08453586347420708, 0.23222280106953544, -0.40625086182091075, -0.029352524940652852, 0.29628372230330835, 0.07587694800357833], [-0.3296279689958934, 0.19889208092101035, -0.5888925653389011, 0.24344093128709848, 0.00696102233528819, 0.6001163323543262, -0.5391475476699552, -0.11876110263111485, 0.49280258148554373, -0.00985193940364261, -0.09255741305216683], [-0.19423958309994332, -0.646735741579543, -0.42629729852341375, -0.07532519289327978, -0.23210959107138135, -0.16464971789165134, 0.41453506840554144, 0.48743844173924444, 0.46567847527678463, 0.7332127198074117, -0.06339447447153228]], "inverted": false, "swapped": false, "error_lsq": 0.04264428368679931, "error_max": 0.24235440402165725, "target": "233.xyz", "model": "5.xyz", "model_rescale": 4.2253639853439635, "target_rescale": 3.5618697390473693},
{"mapping": [12, 6, 7, 11, 2, 5, 0, 9, 8, 1, 13], "R": [[-0.5578192457006738, -0.6613092311374389, -0.5015055233378198], [-0.8287435281138547, 0.41107772862575637, 0.3797357839831396], [-0.04496502791428042, 0.6274433853665988, -0.7773628138934674]], "T": [0.09639217290903546, 0.016395708339264202, 0.07484556879831213], "aligned_model": [[-0.7278788256558409, 0.006067582685729156, -0.13977757164146437, -0.5199366173251888, 0.584411322136444, 0.10807166749883454, 0.06890159174923316, -0.24375897176717098, -0.16952434246689996, 0.4597756844887272, 0.12596397277080634], [-0.32726590428439106, 0.00572475464071142, -0.6003027426306078, 0.3436324192144995, 0.27895944454100485, 0.5994380416310691, -0.7447671305779059, -0.1457176272324537, 0.5209427635410828, -0.05200868196000941, -0.015260925591406342], [-0.19684871049884478, -0.5619005087485104, -0.36481121592952964, -0.26955063646121674, -0.30339933395170715, -0.17146012225745644, 0.325720138903873, 0.5550672808133574, 0.5445109300249878, 0.7088637427161133, 0.03192154108717046]], "inverted": false, "swapped": false, "error_lsq": 0.04150650764503678, "error_max": 0.2075633598990863, "target": "233.xyz", "model": "6.xyz", "model_rescale": 3.89814844738969, "target_rescale": 3.5618697390473693},
{"mapping": [9, 11, 8, 10, 7, 4, 6, 5, 2, 0, 12], "R": [[-0.2969075960755498, 0.9434326090254233, 0.14758316848516748], [-0.9527335859378276, -0.30309243659502766, 0.020825203598944877], [0.0643785183014221, -0.13442428019659355, 0.9888303794255825]], "T": [0.09911405611104643, -0.015375866789094203, 0.05754976465987188], "aligned_model": [[-0.6837664910607593, -0.08506975985482909, 0.09425041973620946, -0.5369968126115211, 0.6914708118330184, 0.18746860661966133, 0.033403562596651976, -0.4902679895196925, -0.12247590659470198, 0.47351805531517477, -0.009219003986002394], [-0.4111223101521654, 0.04081243390546635, -0.5395323156889522, 0.34707428998793405, 0.05962258194214554, 0.5965406468555879, -0.6277986966715118, -0.23481828784993866, 0.5433575481000069, -0.024071134329672637, 0.11330965519269341], [-0.11105830294090432, -0.7287450693714324, -0.37014537727260066, 0.0037305339197848814, -0.21587917708624937, -0.12478904667121068, 0.3368278689012974, 0.5125777112212986, 0.4320663918413564, 0.5166319198027849, 0.046895653354111624]], "inverted": true, "swapped": false, "error_lsq": 0.038882106604049844, "error_max": 0.16038376315873612, "target": "233.xyz", "model": "7.xyz", "model_rescale": 3.7474275329858107, "target_rescale": 3.5618697390473693},
{"mapping": [2, 8, 4, 3, 9, 5, 12, 0, 6, 10, 14], "R": [[0.10246464780771383, -0.3119498733273801, -0.9445571832772609], [0.7078868394137096, 0.689978637897554, -0.15108177199750306], [0.6988542183706917, -0.6531590585577666, 0.2915236280122451]], "T": [0.0323389578915533, -0.15982543636935995, 0.0937778277989268], "aligned_model": [[-0.6638487026991989, -0.08285346887375977, -0.07837847500785805, -0.46431535115779166, 0.603630615694678, 0.0949574122410454, 0.25672142397795966, -0.38313756713069314, -0.08562493640156624, 0.3482303193827219, 0.006934222447672361], [-0.3793980229116046, 0.02632925100168776, -0.5278884372404116, 0.34490022283800303, 0.13626330649807541, 0.5082844988929947, -0.6476701787593011, 0.0345354687291371, 0.5598695916552104, 0.01472706477180874, -0.20657835418400688], [-0.32538814926764087, -0.5522000766546467, -0.5877624302104489, -0.019009774467559082, -0.31401836904471464, -0.15668076678409154, 0.39759131504863765, 0.5668701373450589, 0.4612852218438076, 0.7608666013282679, 0.06655939656156698]], "inverted": true, "swapped": false, "error_lsq": 0.044968322795528086, "error_max": 0.2405415033255606, "target": "233.xyz", "model": "8.xyz", "model_rescale": 4.019505241142653, "target_rescale": 3.5618697390473693},
{"mapping": [5, 2, 6, 4, 1, 0, 11, 8, 7, 9, 12], "R": [[-0.8679651889276011, 0.48618611595655015, 0.1012891477946068], [-0.495301311356128, -0.832574466315891, -0.24798461445765016], [-0.03623591835146134, -0.265410660467686, 0.9634542747485908]], "T": [0.036902166338426697, -0.08442322771662425, -0.06587239089870253], "aligned_model": [[-0.559860280507227, 0.007951282868372874, 0.10461925738848257, -0.6124604711772857, 0.6594693466551121, -0.03286863576271106, -0.1214875685091053, -0.17855620153885315, -0.0843221557775791, 0.3653917551535157, 0.0044391636804872875], [-0.36613090225983214, 0.026013414546760455, -0.701633300808641, 0.4131374054898336, 0.16656873158450114, 0.5545310397873094, -0.5598772933190481, -0.03427414716488231, 0.6377235364206378, -0.1671914640801264, -0.1054926089049191], [-0.1885104244780279, -0.6463357890630922, -0.44340114373795714, 0.06961285746785187, -0.14149278847283786, -0.16342010888208425, 0.30305259794055184, 0.5722496137505458, 0.4664740234306254, 0.527915509382039, -0.05803124163937787]], "inverted": false, "swapped": false, "error_lsq": 0.04994493339445489, "error_max": 0.24300808976693816, "target": "233.xyz", "model": "9.xyz", "model_rescale": 3.877068213659057, "target_rescale": 3.5618697390473693},
{"mapping": [7, 4, 2, 1, 6, 5, 9, 8, 0, 11, 15], "R": [[0.7161979383061015, 0.344298564103796, 0.6070576677072401], [0.6977161599867577, -0.37304725745382283, -0.6115782074269114], [0.015895699400240826, 0.861564996075308, -0.5073983487146285]], "T": [0.188171082120841, -0.07117883286047261, -0.06409040030301752], "aligned_model": [[-0.6029965404032896, -0.1949627390217653, -0.06579075569411302, -0.5313396492084907, 0.7761042256389238, -0.03069744019167836, 0.13002911522192373, -0.3449798924196995, -0.05057359645185733, 0.3017748269452163, 0.1657479380580394], [-0.2195894665139878, -0.021290095040228586, -0.640355098094954, 0.41369970936468464, 0.07094018529529791, 0.6675175952424182, -0.6391848846648265, -0.27288743346271244, 0.4705576516116831, 0.04209186229512979, -0.008125614740910878], [-0.19942201636107382, -0.6197973992515095, -0.2918997986536634, -0.05390624619130793, -0.18426268727565132, -0.19607372989919966, 0.26701976368837643, 0.45589672895852085, 0.46815822156345466, 0.6562700754621017, -0.00386980634181152]], "inverted": false, "swapped": false, "error_lsq": 0.04031918574052021, "error_max": 0.1901061736859189, "target": "233.xyz", "model": "10.xyz", "model_rescale": 4.260839863003843, "target_rescale": 3.5618697390473693},
{"mapping": [0, 7, 6, 1, 10, 8, 5, 3, 2, 4, 11], "R": [[0.22110219002441223, -0.6350265678223501, -0.7401723311001127], [-0.12007549541028001, 0.7354556110108491, -0.6668484982622622], [0.9678304071315307, 0.23631822272610448, 0.0863597165302825]], "T": [0.041233075642487994, 0.06599380214530946, 0.03943606721720364], "aligned_model": [[-0.5807995628993379, -0.13314330202911415, 0.04649538826746372, -0.6075976385006788, 0.5775572045035205, 0.18624975477826164, 0.13758210762848586, -0.44527415544121113, -0.13201482745078955, 0.5121108215988891, -0.008850297982279882], [-0.41398520234606234, 0.07157462461579281, -0.684321720844983, 0.3854937356444388, -0.07551076414822787, 0.7314691344994748, -0.5338380756621119, -0.15722465332418695, 0.48433796389744055, -0.01919107687712969, 0.07457044583714834], [-0.35137056180947207, -0.5923608642512302, -0.33506928478710124, 0.02532436923958285, -0.25325263868333686, -0.18799777340307047, 0.33528989032801193, 0.5056091108971781, 0.5545384381524753, 0.5936206423816269, 0.0037817776335724376]], "inverted": true, "swapped": false, "error_lsq": 0.036240871929236834, "error_max": 0.1999487839665104, "target": "233.xyz", "model": "11.xyz", "model_rescale": 3.890672605050136, "target_rescale": 3.5618697390473693},
{"mapping": [5, 12, 9, 7, 2, 4, 6, 8, 3, 1, 13], "R": [[0.20941860116650501, 0.8047875159687733, -0.5553925671327231], [0.9581160716882586, -0.05541892912442836, 0.28096678712503004], [0.19533930136591734, -0.5909702162000329, -0.7826856079591359]], "T": [0.08866586601374044, -0.1190643403221947, 0.04823432584366709], "aligned_model": [[-0.5984391203899133, -0.215029543470533, -0.08350952638909079, -0.6096039563948461, 0.6822304073056464, 0.27976089514448144, 0.15570624899260804, -0.4348165359226794, -0.26958219868854105, 0.6351490722225994, 0.010449750063477259], [-0.33280463243487757, 0.09242301804789432, -0.7358400696541263, 0.31941497037698385, 0.18541019512953655, 0.5468376259431318, -0.5959772074099384, -0.1337577493847424, 0.6164682874134093, -0.10964240291624283, 0.010842376180564856], [-0.24701812041525822, -0.5984296844838707, -0.39421764892805505, -0.16883552346446679, -0.1978155192062126, -0.05719007830752988, 0.36464868739786765, 0.5431497978498778, 0.47685214357347516, 0.6019180106470415, -0.024948958964632548]], "inverted": false, "swapped": false, "error_lsq": 0.04558872019578644, "error_max": 0.24913872346874052, "target": "233.xyz", "model": "12.xyz", "model_rescale": 4.124412569039231, "target_rescale": 3.5618697390473693},
{"mapping": [1, 8, 2, 6, 10, 9, 4, 0, 3, 5, 12], "R": [[-0.7075532938963389, 0.4665738369136334, 0.5307326926091245], [0.6476986826506368, 0.1278506004887534, 0.7510929639181125], [0.28258583260501735, 0.8751931664851798, -0.3926603730306557]], "T": [0.011778178468647468, 0.09618086148919008, 0.10181901286926824], "aligned_model": [[-0.6414963805092646, -0.1668561055867302, 0.06024068338487008, -0.5371709307111355, 0.6416666528870674, 0.09155834082819268, 0.14040115976778478, -0.22012912749320845, -0.37277724356690173, 0.4685950488677961, 0.08828339460473915], [-0.33316856898495906, 0.10487285152582876, -0.5505121163669344, 0.36798618297764046, -0.14359270514384342, 0.6613424958182026, -0.6635808724599339, -0.08792437246033769, 0.5793986087913003, -0.09476491879219265, 0.023317826386822782], [-0.1256798136166527, -0.5930985094077774, -0.46548610050249034, -0.167234062796784, -0.19877842364079384, -0.18605027131512758, 0.2583261758295269, 0.6009098439490719, 0.45870990914046966, 0.675058871029597, 0.04143548702919702]], "inverted": true, "swapped": false, "error_lsq": 0.049772856936917444, "error_max": 0.3404305728245022, "target": "233.xyz", "model": "13.xyz", "model_rescale": 3.9028299243045295, "target_rescale": 3.5618697390473693},
{"mapping": [7, 10, 9, 4, 12, 5, 6, 3, 0, 2, 15], "R": [[0.518033408980311, 0.705326763430304, -0.4838962119805961], [0.7943012567846519, -0.6065821520624346, -0.03381724810844991], [-0.3173750157945025, -0.36684090500956645, -0.8744717546960575]], "T": [0.1331309171637438, 0.010699231744426522, 0.0036155839336202734], "aligned_model": [[-0.615625874472365, -0.29941286595257754, -0.04660800756464681, -0.4428464372721521, 0.7678581689887883, 0.15097857522618588, 0.012636276100430666, -0.31454155029902064, -0.17474393222806817, 0.43573930667795147, 0.07888183326868332], [-0.4110965204385058, 0.08492822073378402, -0.6665534582213776, 0.3674562970200193, 0.1906096877534401, 0.487804757007123, -0.5858066907824762, -0.0959531554921367, 0.5101002959336185, 0.0607948817875155, -0.07890990400941086], [-0.2828797323569002, -0.5986705066661984, -0.32784809331507436, -0.01476259431345808, -0.21772992103574085, -0.18119137621844053, 0.2757736044191267, 0.4242152456199956, 0.5893015607534522, 0.6729946678600321, -0.04108974904855767]], "inverted": false, "swapped": false, "error_lsq": 0.043554007694056394, "error_max": 0.2290562088674581, "target": "233.xyz", "model": "14.xyz", "model_rescale": 3.942246331269136, "target_rescale": 3.5618697390473693},
{"mapping": [12, 4, 13, 1, 10, 5, 8, 0, 2, 7, 14], "R": [[0.5661220835949383, 0.7914822644799007, 0.23035106138217495], [0.4496927022583963, -0.062334816060911735, -0.8910055242489768], [-0.6908561789559875, 0.6080050951434711, -0.3912129142524717]], "T": [0.10708246350684589, -0.01927735429948607, -0.07052899349514408], "aligned_model": [[-0.6441197747293022, 0.20107097470893506, -0.17891239333683476, -0.6319439592318504, 0.7013123982353846, -0.08264746063502712, 0.09901863154896684, -0.27067463899742006, -0.04785911834482556, 0.3750025895775826, 0.032068243677600736], [-0.2703443829561323, -0.07892433126646509, -0.6375870429429649, 0.3130440403109519, 0.12582305326515866, 0.5830393921696677, -0.6074312542421163, -0.03200045906187521, 0.4432949308518314, 0.030893075001283438, -0.006432609837746461], [-0.2723625946453808, -0.6460916528323533, -0.5141841718644306, -0.06390532692458586, -0.4377308078156247, -0.007309922028960164, 0.43231381582425055, 0.5602286279261467, 0.5165552473618871, 0.7398297185571523, -0.009229827859864759]], "inverted": false, "swapped": false, "error_lsq": 0.05051471288524516, "error_max": 0.30217048168064947, "target": "233.xyz", "model": "15.xyz", "model_rescale": 4.355366556412066, "target_rescale": 3.5618697390473693},
{"mapping": [9, 0, 5, 1, 4, 2, 3, 10, 8, 6, 11], "R": [[0.7385209775914393, 0.04645814161165013, 0.6726279853941382], [-0.5819501242696747, 0.547700779833647, 0.6011305254536035], [-0.34047146505969517, -0.8353834430054303, 0.43152483663457647]], "T": [-0.12482238949086624, -0.09525640045501939, 0.03911383421843308], "aligned_model": [[-0.7691582253332245, -0.023489457730891394, -0.05155149424670977, -0.5001151363674741, 0.615195899143155, 0.15148085421117283, 0.25264985072605306, -0.3699248783769664, -0.20274582418238615, 0.4523213511766039, -0.0023474465461231914], [-0.35738097503735283, 0.06862539168862879, -0.553073618802414, 0.2730428980217522, -0.017663792941433595, 0.6688690641120714, -0.6030876325408443, -0.07676054749952914, 0.5322554526366485, 0.01346091648806623, -0.08491274483399973], [-0.2179339109212059, -0.6441053500344386, -0.4089873289264222, -0.09545304241967449, -0.16258408565968613, -0.16211785728382838, 0.2141542764680021, 0.6194744737819525, 0.47177181503957655, 0.6145976399024564, 0.06929647575150458]], "inverted": true, "swapped": false, "error_lsq": 0.035983890137220476, "error_max": 0.18345565468585495, "target": "233.xyz", "model": "16.xyz", "model_rescale": 3.795458400668931, "target_rescale": 3.5618697390473693},
{"mapping": [9, 11, 8, 10, 7, 4, 6, 5, 2, 0, 12], "R": [[-0.2969075960755498, 0.9434326090254233, 0.14758316848516748], [-0.9527335859378276, -0.30309243659502766, 0.020825203598944877], [0.0643785183014221, -0.13442428019659355, 0.9888303794255825]], "T": [0.09911405611104643, -0.015375866789094203, 0.05754976465987188], "aligned_model": [[-0.6837664910607593, -0.08506975985482909, 0.09425041973620946, -0.5369968126115211, 0.6914708118330184, 0.18746860661966133, 0.033403562596651976, -0.4902679895196925, -0.12247590659470198, 0.47351805531517477, -0.009219003986002394], [-0.4111223101521654, 0.04081243390546635, -0.5395323156889522, 0.34707428998793405, 0.05962258194214554, 0.5965406468555879, -0.6277986966715118, -0.23481828784993866, 0.5433575481000069, -0.024071134329672637, 0.11330965519269341], [-0.11105830294090432, -0.7287450693714324, -0.37014537727260066, 0.0037305339197848814, -0.21587917708624937, -0.12478904667121068, 0.3368278689012974, 0.5125777112212986, 0.4320663918413564, 0.5166319198027849, 0.046895653354111624]], "inverted": true, "swapped": false, "error_lsq": 0.038882106604049844, "error_max": 0.16038376315873612, "target": "233.xyz", "model": "17.xyz", "model_rescale": 3.7474275329858107, "target_rescale": 3.5618697390473693},
{"mapping": [5, 9, 4, 12, 2, 7, 8, 10, 11, 3, 13], "R": [[-0.6481915998018563, -0.015470419124500954, 0.7613201140640005], [-0.008846450266389916, -0.9995731417281192, -0.02784375429897682], [0.7614258928247677, -0.024783068169413072, 0.6477780555623319]], "T": [0.08994934488508416, 0.003303019652312252, 0.0308292281420964], "aligned_model": [[-0.5450945229122295, -0.14269146317568462, 0.009183355225999001, -0.5463502973039598, 0.6482334473492457, 0.07707677246004771, 0.06958056893600664, -0.4149386368861356, -0.028364977092137644, 0.24863668924409876, 0.1770445566279582], [-0.3245110313621644, 0.04723461261077821, -0.7162385730903015, 0.3479861720630264, 0.1626244103424468, 0.7384264120193091, -0.6475275667287556, -0.11993176294342062, 0.5013850890345618, -0.1064832511645961, -0.019590099489290594], [-0.0808720278973947, -0.5950081592206586, -0.3753266203304041, -0.15772636871943108, -0.3775434928053606, -0.13302185336271904, 0.3355571592805327, 0.4850766108368385, 0.5403904464280062, 0.6814861905959183, -0.024898779107090655]], "inverted": true, "swapped": false, "error_lsq": 0.0387822454071503, "error_max": 0.22706333807088985, "target": "233.xyz", "model": "18.xyz", "model_rescale": 3.922800546911778, "target_rescale": 3.5618697390473693},
{"mapping": [5, 8, 1, 12, 4, 13, 2, 3, 7, 9, 14], "R": [[-0.7473886060648249, 0.6605619643949538, 0.07119102976610231], [-0.11313450097301864, -0.020947615945283937, -0.9933588385250293], [-0.6546837833748933, -0.7504792392737384, 0.09038835768530706]], "T": [0.029000404941793838, -0.06682251140184416, -0.058282157695194486], "aligned_model": [[-0.673529204241363, -0.08448501215952006, 0.012130589218553346, -0.6032129546658326, 0.6391885284767108, 0.11190821528070932, 0.25830976187233745, -0.3742170657606192, -0.07400874701215485, 0.32044908133391053, 0.01978230013047743], [-0.24341308272335188, 0.04004824986220486, -0.7636187676176265, 0.39452266266698827, 0.19394861994550455, 0.5983891128505674, -0.5664309680295903, -0.08353149162854556, 0.46212896771344836, -0.15339066747058028, -0.015278224277425867], [-0.29870187096143136, -0.6499664945791468, -0.3076281233272446, 0.01969824281384519, -0.34730812546440015, -0.20806044972865365, 0.4009972471096894, 0.43798966790569305, 0.5314724238165798, 0.6969044479190245, 0.022716140194281184]], "inverted": true, "swapped": false, "error_lsq": 0.038041802998503814, "error_max": 0.2042124711863769, "target": "233.xyz", "model": "19.xyz", "model_rescale": 3.9282355846067225, "target_rescale": 3.5618697390473693},
{"mapping": [8, 7, 12, 6, 2, 5, 11, 4, 3, 0, 13], "R": [[-0.24868509394686147, 0.9519515091437215, -0.17872897998822637], [-0.07606339603813192, 0.16476211235978036, 0.9833960576054236], [0.9655931254062382, 0.25815067416091375, 0.031434783258020904]], "T": [-0.06147922020001695, -0.05961808903165236, -0.03402958349040777], "aligned_model": [[-0.754457053729144, -0.017610883533224098, 0.11010689392603454, -0.4888165088420726, 0.649449668228363, 0.07289552173712086, 0.04454228053410579, -0.3645808498845747, -0.06602932112607034, 0.28660283841039813, 0.08021290675227266], [-0.3601971952611883, 0.013254327901531998, -0.6582669260260223, 0.4138571643158193, 0.2202093796438462, 0.6166777633550323, -0.5945447772430986, -0.11489349178382656, 0.47400871581808834, -0.10630543932573325, -0.040425110102855655], [0.05572286641329491, -0.651170536813089, -0.6127973440576109, -0.17562082707795473, -0.3422387879806835, -0.1447431825760091, 0.430702652261722, 0.5177329350562605, 0.49660852187800286, 0.6848975059928666, 0.039019302601437475]], "inverted": true, "swapped": false, "error_lsq": 0.04729905305932145, "error_max": 0.32233112131837993, "target": "233.xyz", "model": "20.xyz", "model_rescale": 4.067790424073018, "target_rescale": 3.5618697390473693},
{"mapping": [3, 0, 2, 12, 8, 9, 6, 11, 10, 13, 14], "R": [[0.6564785319539017, -0.7382868552393183, 0.1548174940518291], [-0.7261704220659717, -0.6740733883704447, -0.1352833515526434], [0.20423627297857383, -0.02361326897372984, -0.9786367857015164]], "T": [0.13765635698775466, -0.048478439783838326, -0.0032808979382698486], "aligned_model": [[-0.6243158260984295, -0.023224551824240297, -0.005964866818485459, -0.5231533061434656, 0.6153971231402136, 0.0024379247689295946, 0.045469815306103556, -0.3378243114457874, 0.004833209661583432, 0.2871275295428719, 0.1115327523839156], [-0.3982265609952401, -0.03750344687111848, -0.6300117189548655, 0.33816995214542506, 0.011081101323247279, 0.7167650689166112, -0.7292044025236272, -0.07299525103849908, 0.5558414807447871, 0.09728843800659735, 0.012169750538275424], [-0.14757109359545598, -0.694985251135032, -0.4447714650265395, -0.032392356654819036, -0.30886937636019673, -0.016251921375080296, 0.27180219474489803, 0.4341540273832496, 0.5337873162955594, 0.6649510161390393, 0.03826001528261389]], "inverted": true, "swapped": false, "error_lsq": 0.03683448500732997, "error_max": 0.18878820104069582, "target": "233.xyz", "model": "21.xyz", "model_rescale": 4.186013935880536, "target_rescale": 3.5618697390473693},
{"mapping": [6, 7, 4, 0, 9, 1, 11, 5, 2, 8, 12], "R": [[0.26251863310976215, -0.9123717011318508, -0.3141048332069328], [0.24716086529108106, -0.2510816440494758, 0.9358790064372513], [-0.9327354790822244, -0.3233200998935657, 0.1595889691240236]], "T": [-0.014466935929728524, -0.07330530043911826, 0.0035654687745561506], "aligned_model": [[-0.49312493382275185, -0.050038013018886864, -0.06373943366786619, -0.555526438833914, 0.5822446900632074, -0.0066715483396771955, 0.2209197663505642, -0.49055710699302196, -0.052334822789309836, 0.4959166598453835, -0.03477332632051771], [-0.21918685921651862, 0.028246663013891254, -0.6731123987117607, 0.4039053305703651, 0.08076147350262688, 0.5958130355351072, -0.5801401526546481, -0.0690511436857662, 0.39986464106549974, 0.010836940956009677, -0.11456311908321312], [-0.240274521544737, -0.7222069728863335, -0.40315287922177384, -0.032670824840795455, -0.07159718691549949, -0.29197322637000583, 0.2979759164171803, 0.6133677541770447, 0.5731051359324266, 0.5693364463620313, 0.006203464588698643]], "inverted": true, "swapped": false, "error_lsq": 0.041800587709169265, "error_max": 0.22451777220868335, "target": "233.xyz", "model": "22.xyz", "model_rescale": 4.166573947596378, "target_rescale": 3.5618697390473693},
{"mapping": [14, 9, 12, 10, 3, 8, 6, 5, 0, 1, 15], "R": [[0.2635703671955074, -0.5338345022474396, -0.8034621246497273], [-0.7164050300301623, -0.6660967655290597, 0.2075546479826631], [-0.645983354649257, 0.5208990527558611, -0.5580050916919478]], "T": [0.03337279654179429, -0.02682230081639396, -0.05251572576365754], "aligned_model": [[-0.5965403723538503, -0.027004448369969868, -0.043504504233355924, -0.6758454978019476, 0.5513664938729086, 0.12822183618498106, 0.1657664797171133, -0.3889410250419301, 0.11983140350758306, 0.2802015524453153, 0.03876357454636156], [-0.33933915765084227, 0.13502598303379276, -0.6423441463914239, 0.20802913517631028, 0.0974066897614211, 0.759246895117312, -0.6286938601100605, -0.09879112921314566, 0.48866633345071303, -0.08091124747173495, -0.0349210844107487], [-0.41517310824250636, -0.627501714804876, -0.2637125379428499, -0.10538771347356873, -0.33122047893683787, -0.2173732979406377, 0.3939483497626357, 0.6598981322149018, 0.5748216157528367, 0.6140043504350847, 0.015809508874054218]], "inverted": false, "swapped": false, "error_lsq": 0.04406146760369692, "error_max": 0.18678687048754042, "target": "233.xyz", "model": "23.xyz", "model_rescale": 4.274766983524099, "target_rescale": 3.5618697390473693},
{"mapping": [8, 7, 9, 6, 4, 5, 1, 0, 3, 2, 10], "R": [[0.6863888989082653, -0.7263117285735624, -0.036627208356402444], [0.7218820069641786, 0.6865716267255636, -0.08663584360288493], [0.08807183134731153, 0.033025358618757925, 0.9955665111941208]], "T": [-0.14111105399221116, 0.001042111964071708, 0.059238227333975754], "aligned_model": [[-0.6768996548147208, -0.13635117983666853, 0.16805927787320044, -0.6213714442223636, 0.5416048059829927, 0.1839905027094257, 0.14575136934873942, -0.5249779402261159, -0.007708888115384865, 0.6237401968023777, -0.143521553028273], [-0.3484625090282845, 0.0296941634985722, -0.6160346312166808, 0.4656700205987139, 0.07486123902128357, 0.6428649766380118, -0.5438293866815288, -0.17817494476941279, 0.4241661723414244, -0.011415549013768277, -0.0759651400967374], [-0.30925630836228607, -0.5733666098453536, -0.4420555537574563, -0.03288082721224045, -0.06776727620562499, -0.3262657763082959, 0.27326715188031875, 0.6647931813960503, 0.404468839332787, 0.645172431499126, 0.06200385328121209]], "inverted": true, "swapped": false, "error_lsq": 0.04813067838460936, "error_max": 0.2230411579588308, "target": "233.xyz", "model": "24.xyz", "model_rescale": 3.7841303162186577, "target_rescale": 3.5618697390473693},
{"mapping": [5, 4, 2, 3, 0, 6, 9, 13, 11, 10, 15], "R": [[-0.02024172971901811, -0.2866263292306803, 0.9578285962372014], [-0.9950638463710466, 0.09886718196301753, 0.00855698404519395], [-0.09715047103972449, -0.9529273989777172, -0.2872127404108711]], "T": [0.1273549854924985, -0.06676393299477912, 0.056046633670278095], "aligned_model": [[-0.6164399117658762, -0.181154313968423, -0.07915952930486878, -0.586062607829564, 0.8110950520753776, -0.0649747029426293, 0.12527254412826438, -0.46840888059614505, -0.05954644184531957, 0.5754869150561857, 0.09620736946620709], [-0.34060835400172673, 0.05326547288023785, -0.649212166270031, 0.281072327542647, 0.12416066446808449, 0.5760639587808539, -0.6192602870588675, 0.04022055157413973, 0.5212953298553749, -0.11513103833575852, -0.008492048143360846], [-0.3196089657016157, -0.6126231628135895, -0.37627134960102593, -0.08196481885105147, -0.1372853832965885, -0.2119235974091657, 0.24809910230835022, 0.55164701017909, 0.5128635871624899, 0.6901550645428378, 0.03502561917850481]], "inverted": true, "swapped": false, "error_lsq": 0.03875288354846755, "error_max": 0.18864769805393633, "target": "233.xyz", "model": "25.xyz", "model_rescale": 4.19342608120988, "target_rescale": 3.5618697390473693},
{"mapping": [9, 0, 5, 1, 4, 2, 3, 10, 8, 6, 11], "R": [[0.7385209775914393, 0.04645814161165013, 0.6726279853941382], [-0.5819501242696747, 0.547700779833647, 0.6011305254536035], [-0.34047146505969517, -0.8353834430054303, 0.43152483663457647]], "T": [-0.12482238949086624, -0.09525640045501939, 0.03911383421843308], "aligned_model": [[-0.7691582253332245, -0.023489457730891394, -0.05155149424670977, -0.5001151363674741, 0.615195899143155, 0.15148085421117283, 0.25264985072605306, -0.3699248783769664, -0.20274582418238615, 0.4523213511766039, -0.0023474465461231914], [-0.35738097503735283, 0.06862539168862879, -0.553073618802414, 0.2730428980217522, -0.017663792941433595, 0.6688690641120714, -0.6030876325408443, -0.07676054749952914, 0.5322554526366485, 0.01346091648806623, -0.08491274483399973], [-0.2179339109212059, -0.6441053500344386, -0.4089873289264222, -0.09545304241967449, -0.16258408565968613, -0.16211785728382838, 0.2141542764680021, 0.6194744737819525, 0.47177181503957655, 0.6145976399024564, 0.06929647575150458]], "inverted": true, "swapped": false, "error_lsq": 0.035983890137220476, "error_max": 0.18345565468585495, "target": "233.xyz", "model": "26.xyz", "model_rescale": 3.795458400668931, "target_rescale": 3.5618697390473693},
{"mapping": [0, 3, 9, 7, 11, 10, 1, 6, 5, 8, 12], "R": [[0.25843098633560413, 0.8572219198234239, 0.44540319428114883], [-0.9522925577503669, 0.30354043083629223, -0.031655825703695156], [-0.16233394517127786, -0.4159733008523048, 0.8947703075220852]], "T": [0.08945772095126342, -0.13215529127814743, -0.059573801275164484], "aligned_model": [[-0.6945344772712396, -0.3405196324906431, 0.21868549914720237, -0.49592039167029284, 0.7572855574167241, 0.1348496248427226, 0.001879023853071482, -0.2860987121622821, -0.09981595694489775, 0.39521723997447405, -0.03871228222162948], [-0.3758167349507621, -0.033143534479652764, -0.4147391493193354, 0.4264466130996175, 0.12084403809221647, 0.5604947432989104, -0.601791850445638, -0.12318498571801266, 0.41258808247628675, -0.07933183258488216, -0.028990978177154514], [-0.19094551088777023, -0.6515135840154589, -0.3559196037298429, -0.13376595934173618, -0.09922114561677725, -0.2203902592971635, 0.28988956541601313, 0.6753165707131035, 0.4244619406763278, 0.5995714853229788, -0.03937039354143767]], "inverted": false, "swapped": false, "error_lsq": 0.05266642423795109, "error_max": 0.3327751659637911, "target": "233.xyz", "model": "27.xyz", "model_rescale": 3.6321398670334006, "target_rescale": 3.5618697390473693},
{"mapping": [11, 13, 2, 9, 4, 6, 3, 8, 12, 7, 14], "R": [[0.32928629351628813, -0.6943353708325141, 0.6398975931453251], [0.9387947728203762, 0.16813528181775403, -0.30065744882374457], [0.10116773906460064, 0.6997348925264051, 0.7072030604809465]], "T": [-0.12300113705987276, -0.14494993351726498, 0.09151971328851033], "aligned_model": [[-0.5724036460497013, -0.19296967182161384, -0.11163711923408942, -0.5747089970186304, 0.6557092339599935, 0.12014901270011197, 0.24230587356361788, -0.23836597686226216, -0.05975131325763397, 0.38582235349100563, -0.10183425699758851], [-0.30466335270187445, 0.13380483059320208, -0.6353925248166303, 0.3104453571528369, 0.0846482715207989, 0.5257768471371309, -0.6134025708507789, -0.07456728654669285, 0.5572471891542545, 0.027414301053190343, -0.14793665040384418], [-0.3386603014317476, -0.6725990716808572, -0.5352023841923703, -0.095956417744754, -0.07389514296216745, -0.21655662063776376, 0.43599466815004595, 0.5902850414112137, 0.5232932552764072, 0.6503368659497524, 0.031073213560477646]], "inverted": false, "swapped": false, "error_lsq": 0.043458911993349815, "error_max": 0.18009007268318145, "target": "233.xyz", "model": "28.xyz", "model_rescale": 4.156811204709835, "target_rescale": 3.5618697390473693},
{"mapping": [3, 1, 0, 2, 4, 5, 7, 9, 6, 10], "R": [[-0.1796977047823719, 0.8607897320959814, 0.47618249864319434], [0.26457783804715473, 0.5085166774831269, -0.8193957263348493], [-0.9474741698380179, -0.021256195323948346, -0.31912516611841996]], "T": [-0.1971105979303429, -0.032330343951021655, 0.023017433778640826], "aligned_model": [[-0.5814627494190545, 0.0811380893260164, 0.10753130027357405, 0.579448632837045, -0.04507868203612836, -0.6873403334077701, -0.4308324025387277, -0.4222678578684363, 0.22082225509407832, -0.1790328781500088], [-0.1433603860978617, -0.5452762686307685, 0.11529295355379293, -0.03624680758739925, -0.46307895924591236, -0.5166992330282342, 0.5829853793525887, 0.3783143069374424, 0.5268091268386335, 0.019980218533922463], [-0.5632502585555029, -0.2638138134871931, -0.7037470850343253, -0.11166822264133944, 0.5841078627831279, 0.07152794662977577, -0.1730058504321889, 0.6517409748651604, 0.2131417396984879, 0.05375343314909729]], "inverted": true, "swapped": true, "error_lsq": 0.04910440720215857, "error_max": 0.21980711435375705, "target": "233.xyz", "model": "29.xyz", "model_rescale": 4.117894457231895, "target_rescale": 3.5618697390473693},
{"mapping": [1, 3, 5, 4, 11, 12, 6, 7, 13, 10, 14], "R": [[0.49191616823773915, -0.7314169315055918, -0.4722793196120753], [-0.7178613727079164, -0.6476714048179122, 0.2553366424058607], [-0.49263935388903574, 0.21342685793530433, -0.843655998207597]], "T": [0.012286616704663189, -0.10807841912182566, -0.06415426499346405], "aligned_model": [[-0.805756543786597, -0.09000615767313147, 0.092479583265185, -0.5907060065368259, 0.6631277636485042, 0.1672286812497179, 0.1871952811183188, -0.29141940589304594, -0.12865604770267253, 0.3303163025625288, 0.01851204222122785], [-0.30930411828424875, 0.16038724225771434, -0.8797277967707036, 0.37582129635432926, 0.17710842374705826, 0.6409639234468849, -0.6082022840081401, -0.02954635054036525, 0.5070473565637008, -0.06938572026017391, -0.10178756121446293], [-0.23891705688244308, -0.53022140396805, -0.3708757960575176, -0.022094143320389448, -0.2076042437601572, -0.11617780327266308, 0.2978851280617316, 0.5090813121441533, 0.4099889073363247, 0.5774694242988669, -0.010421218881619385]], "inverted": true, "swapped": false, "error_lsq": 0.041522596796374184, "error_max": 0.22940061718421195, "target": "233.xyz", "model": "30.xyz", "model_rescale": 4.100398675895297, "target_rescale": 3.5618697390473693},
