[{"mapping": [7, 8, 4, 6, 2, 3, 0, 11, 5, 9, 1, 13], "R": [[0.16889800435490604, -0.9596293651920722, -0.2249109725780206], [-0.09850714545791955, 0.21061192432430015, -0.9725939335746178], [0.9806986318021775, 0.18642451231926616, -0.05895841575094568]], "T": [0.08909265970519838, -0.023117236234475258, 0.1472101902030422], "aligned_model": [[-0.47476410490032633, -0.6675923941010448, -0.42559516810775117, -0.19114093992104247, 0.35140292500053044, 0.3254757618703341, 0.7192405913104861, -0.4773012153384259, -0.07054286982303613, 0.043461925740454155, 0.5790084676132412, -0.04446481706241161], [-0.5241073947806726, 0.013877405936803588, -0.44993262475068474, 0.2067931330451802, -0.422200211908976, 0.1535297644272176, -0.4684532048336839, 0.1667639627796632, 0.7159986556398441, -0.7280554750763542, 0.19543304606232337, -0.1126786688745892], [0.09752223870657534, -0.04420103574664461, -0.5356728822464261, -0.5259589088544425, -0.45543759138847933, -0.28420512242012763, 0.1485863973128284, 0.5080494195244969, 0.17221931918962105, 0.3414345123168691, 0.3599597817250267, 0.17330640522206137]], "inverted": false, "swapped": false, "error_lsq": 0.04744553665537021, "error_max": 0.23626546271809118, "target": "234.xyz", "model": "0.xyz", "model_rescale": 3.8414455957264533, "target_rescale": 3.8667026053520113},
{"mapping": [8, 6, 10, 5, 12, 1, 11, 7, 4, 13, 0, 14], "R": [[-0.7915915609936137, 0.48042779779794026, -0.3775869855632145], [-0.49438841074742873, -0.8667083321947338, -0.06630811581439154], [-0.3591140485727696, 0.1341856848074504, 0.9235969370404116]], "T": [-0.1280890633678368, -0.019285648370498135, 0.05683087649388306], "aligned_model": [[-0.38362260350889876, -0.8667389005960524, -0.2501831384949481, -0.4151494159932656, 0.14616240655060173, 0.6194017401450335, 0.6142955710384749, -0.21386775956205506, -0.019976743114551776, 0.11142232045174022, 0.3939711493047676, -0.06852646393983826], [-0.7655973494078437, -0.035898104067897806, -0.24539640296183052, 0.28604313366491774, -0.6427920191368837, 0.21876422233568954, -0.4289684400688487, 0.2299785150856829, 0.5093669744610847, -0.5652850138440406, 0.1989266066769611, -0.012173735070919199], [0.011843630987062537, -0.1964429240897438, -0.5774784044467188, -0.4517883069762524, -0.28713929769041896, -0.30798092277965, -0.028553354565643382, 0.6428892304406824, 0.12506111488515692, 0.5251961085112158, 0.5099907992568129, -0.009995140191144045]], "inverted": false, "swapped": false, "error_lsq": 0.041631650188229896, "error_max": 0.20880272090687588, "target": "234.xyz", "model": "1.xyz", "model_rescale": 4.316132596720782, "target_rescale": 3.8667026053520113},
{"mapping": [0, 2, 1, 8, 9, 10, 7, 4, 6, 5, 3, 11], "R": [[-0.07136852065067817, 0.8684076551414727, 0.49068796475135107], [0.08160387091439952, 0.49537674388057523, -0.8648367995605096], [-0.9941063034263085, -0.02168008565408197, -0.10621973156674763]], "T": [-0.008530712422977732, -0.14190349404238758, -0.041870095170711774], "aligned_model": [[-0.5081905156916622, -0.8153614663070347, -0.2542693366993034, -0.2816480045327151, 0.28324386019651837, 0.3383489120149895, 0.8596792935545553, -0.4053537635465473, 0.001473074296912652, 0.12069281985607194, 0.3696414844956033, -0.041068195356380524], [-0.599573564589558, 0.05806925531758131, -0.32957310745390456, 0.35756724055297207, -0.750109511534269, 0.2142897993914046, -0.3154156165314692, 0.08557153192613662, 0.6468608867713577, -0.6060382376913089, 0.03852223072957703, -0.053202519222447536], [0.16977169207673304, -0.14066501328546793, -0.48795294414112206, -0.554678096128485, -0.34993590679444275, -0.42921575792150674, 0.08683906786589096, 0.5787073051544556, 0.19017869023934386, 0.38666240110031047, 0.4635498848037611, 0.04234121037188798]], "inverted": false, "swapped": false, "error_lsq": 0.03675064453110711, "error_max": 0.18567324095104792, "target": "234.xyz", "model": "2.xyz", "model_rescale": 3.795458400668931, "target_rescale": 3.8667026053520113},
{"mapping": [0, 4, 10, 5, 2, 3, 6, 7, 9, 1, 8, 11], "R": [[0.25381191313830165, 0.5054658500832222, -0.8246719269798877], [-0.8013498007451566, -0.3675808523665882, -0.4719351796795303], [-0.5416807266229557, 0.7806334551971871, 0.31175855887549986]], "T": [-0.05890678318336634, -0.1737548368771603, -0.007007844942621931], "aligned_model": [[-0.6146440976333329, -0.6620588021639353, -0.35681326682914666, -0.08635189700706053, 0.2487699580277969, 0.49764582285376474, 0.525711521806713, -0.37468615274234623, -0.030030373404489386, 0.16674479116193103, 0.5303065434569287, -0.1774058852458156], [-0.6571502333438776, -0.03836146546421598, -0.38505201896332986, 0.30773449117976565, -0.7797710930531188, 0.374422005773268, -0.18943338978287053, 0.1139583907666567, 0.6827558740631708, -0.5924879749838314, 0.10366205680933904, -0.1933082553348839], [0.25698623108649127, -0.17680481282101648, -0.6438877105722505, -0.5181236911494469, -0.36169733108949437, -0.17078016076875513, -0.07961581330845263, 0.6260851853583619, 0.13480258418741173, 0.40531820081058995, 0.4247680921337118, 0.05855175947420794]], "inverted": true, "swapped": false, "error_lsq": 0.05359984864037837, "error_max": 0.34399501955813205, "target": "234.xyz", "model": "3.xyz", "model_rescale": 3.7530521520055578, "target_rescale": 3.8667026053520113},
{"mapping": [1, 9, 4, 6, 2, 10, 3, 7, 8, 5, 11], "R": [[-0.6609986405547454, 0.30289036927785484, 0.6865407645460706], [-0.7489075290598881, -0.323708801388619, -0.5782301659555272], [0.04709893950176963, -0.8963649011994325, 0.4408079556853986]], "T": [-0.09328565481801501, -0.038662901224754465, 0.053519583006242454], "aligned_model": [[-0.49587286755570636, -0.2272649678481218, 0.5210638284020938, 0.4717563738313214, 0.17796503276857964, -0.11433455852475308, -0.09150758950026192, -0.7824418390503418, -0.40102270911641813, 0.41269387510108746, -0.13283497606227396], [-0.6797203416425008, 0.10342605852113579, -0.2395068038286107, 0.43309928879252535, -0.7494969101229808, 0.6700100706324644, -0.4646439932215368, 0.05659004456602501, 0.24219663893545235, 0.17908010367267896, -0.08383079799030649], [0.07085839277682617, -0.6502833544968916, -0.3605015595567649, -0.3758046216603481, 0.0406011207032392, -0.047631709459566636, 0.5783869830840942, -0.09017977479608083, 0.5881845205424183, 0.35313207025681137, -0.013931290148420754]], "inverted": true, "swapped": true, "error_lsq": 0.05009119205019463, "error_max": 0.26821781490422053, "target": "234.xyz", "model": "4.xyz", "model_rescale": 3.7855080009869324, "target_rescale": 3.8667026053520113},
{"mapping": [7, 5, 10, 3, 8, 14, 13, 0, 2, 6, 12, 16], "R": [[-0.4820934479039394, 0.27621619315955404, -0.831438826447584], [-0.31719377485449163, 0.8295947845213116, 0.4595221460262791], [0.8166847719173231, 0.485259835687524, -0.31232815304878836]], "T": [0.03738230515715335, -0.11570313815066219, 0.035100600504977125], "aligned_model": [[-0.4682457046393462, -0.7686802768955775, -0.3024402351939729, -0.3903597709332325, 0.23680321441170551, 0.492820233052725, 0.6799399254774527, -0.5209300682767922, 0.0003231266600632887, 0.07772952656906568, 0.5695173522489836, 0.060710839799933684], [-0.668522199637543, -0.09078150420118203, -0.33667357888302996, 0.353783103565711, -0.6851708905881582, 0.3194921274696525, -0.44576380836558543, 0.2619904857129352, 0.621688517731432, -0.6576380954411132, 0.14932083084592646, -0.07475660054297371], [0.04514414778190722, -0.033785324001238015, -0.5704214713191099, -0.2460328030246676, -0.3271805801399671, -0.2116356415607582, 0.09030293216758017, 0.42766741454285684, 0.009296517431248263, 0.3967021379158375, 0.36624988787250823, 0.009295315675161547]], "inverted": true, "swapped": false, "error_lsq": 0.04219419873936258, "error_max": 0.2651814950560597, "target": "234.xyz", "model": "5.xyz", "model_rescale": 4.2253639853439635, "target_rescale": 3.8667026053520113},
{"mapping": [11, 12, 6, 7, 5, 4, 10, 9, 0, 8, 1, 13], "R": [[0.774045782594576, 0.2849165675224706, 0.5653986876521417], [-0.6315148743201545, 0.41118152697503774, 0.6573573726572756], [-0.045189489485389533, -0.8658823831362376, 0.49820237716650856]], "T": [0.03997503115800617, -0.1046001040346041, -0.03686127166786681], "aligned_model": [[-0.5174857987520719, -0.8916759734987086, -0.23315389571577017, -0.4943727476873281, 0.15827839105494806, 0.5955190442370505, 0.698703224442468, -0.17570299358720387, -0.1464240566516205, 0.09470464117270933, 0.5345871527900202, 0.0442111744765149], [-0.6438786284235841, -0.04739648631430174, -0.2600905609838929, 0.3187035203154779, -0.7062461954437257, 0.28200103627301987, -0.5043245359177788, 0.07117341851146472, 0.6619222140003904, -0.5406929960561464, 0.1928454460760439, -0.07704784437089546], [-0.09986829557790308, -0.04675652865670151, -0.5980575610582991, -0.442666285045048, -0.19423840526708616, -0.2437953675810381, 0.08483515521887908, 0.5064462709809855, 0.10722746954600362, 0.5570179541976428, 0.41655991863130576, -0.09110179204738197]], "inverted": true, "swapped": false, "error_lsq": 0.04470023129201394, "error_max": 0.22249493202062468, "target": "234.xyz", "model": "6.xyz", "model_rescale": 3.89814844738969, "target_rescale": 3.8667026053520113},
{"mapping": [11, 10, 4, 2, 7, 0, 3, 9, 5, 8, 6, 12], "R": [[0.3235468953779858, 0.79419376641392, 0.5143672500077534], [0.17957842714746386, -0.5852664111527988, 0.7907052652408268], [0.9290150671515021, -0.16346097199513765, -0.3319811977204359]], "T": [0.01602904311481643, -0.12401210903583479, -0.08442220636026788], "aligned_model": [[-0.4808670982562724, -0.665610095002853, -0.3259913543165879, -0.2879723192586179, 0.29198150118408267, 0.48774412688184643, 0.7712781769569107, -0.41303859405012133, -0.10324608517080136, 0.11382987125975866, 0.4158076416808809, -0.1367276096272176], [-0.7184413654334394, 0.1482233054673183, -0.31228659972773043, 0.3236364919541699, -0.6502981788982383, 0.09315709097884903, -0.3492577267986421, 0.10259237510556027, 0.5559055758822922, -0.506564328726646, 0.1377243999370267, -0.07742265207444833], [0.15028708841120864, -0.07178782752220986, -0.597326244441316, -0.5413048458069357, -0.36397165297082934, -0.36961127659255255, 0.0923406126354956, 0.6655759599970397, 0.27062988775107805, 0.4649188257304824, 0.39416626302343033, -0.1383142568735319]], "inverted": true, "swapped": false, "error_lsq": 0.036538639340179445, "error_max": 0.23488779079458164, "target": "234.xyz", "model": "7.xyz", "model_rescale": 3.7474275329858107, "target_rescale": 3.8667026053520113},
{"mapping": [2, 3, 8, 5, 4, 11, 13, 0, 10, 1, 12, 14], "R": [[-0.43185211671260343, -0.7341890328368889, -0.5238990488184516], [0.8727144574789251, -0.19346210727324745, -0.44826542221842247], [0.22775694280989556, -0.6507986455974143, 0.7242844040088546]], "T": [-0.008259838604677334, 0.007572361506126085, -0.018672341498856982], "aligned_model": [[-0.3309218218721994, -0.7186508915409365, -0.23918013717081751, -0.4617751110133736, 0.16928291152969294, 0.4608004766303001, 0.7476665245157165, -0.42128964284395276, 0.09514647021713449, -0.1514481166065863, 0.509488257176696, 0.008069243259333503], [-0.7665204930796171, -0.06678442401821269, -0.34688497175481525, 0.26060329115355085, -0.6717968456623435, 0.3595808619889669, -0.47870647124063437, 0.16321514758474176, 0.6889704050685242, -0.3962945859996436, 0.05086740543718631, -0.049280931811631616], [0.0538465724685447, -0.0815226186598451, -0.5536920892317714, -0.5119478328378387, -0.3638706874849518, -0.22495465254212751, -0.033506729069348776, 0.470607682187696, 0.29797762488902496, 0.5987338666049106, 0.31405136863482913, -0.010119971617763401]], "inverted": true, "swapped": false, "error_lsq": 0.04810402973171669, "error_max": 0.27561372540188817, "target": "234.xyz", "model": "8.xyz", "model_rescale": 4.019505241142653, "target_rescale": 3.8667026053520113},
{"mapping": [7, 9, 8, 11, 4, 5, 3, 1, 6, 0, 2, 12], "R": [[-0.6011734335801661, 0.13160431462307173, 0.7882073376529969], [-0.17909965814242754, -0.9834436870910882, 0.02760120964652811], [0.7787899686120124, -0.12457455074483537, 0.6147905058603484]], "T": [-0.07937700362554664, 0.02699480058567462, 0.0669898103226371], "aligned_model": [[-0.39070363449822976, -0.7417458134401538, -0.4118019916135779, -0.2527199108500764, 0.25536222701715716, 0.40731016362325445, 0.7296018271173145, -0.43551197293151245, 0.15279440231857924, 0.04450565362890575, 0.3738709550261333, -0.06377374311678682], [-0.8187500937174363, 0.03198812811177861, -0.2747657563003636, 0.29604679932722955, -0.6687048494074717, 0.12588600259998078, -0.26279247793386573, 0.022330027604096213, 0.7155800293339721, -0.5421119650841956, 0.08898214593779954, 0.033280397194548075], [-0.01888971427653624, -0.10207434287206194, -0.4375606084217013, -0.4666887282013622, -0.23557640674606592, -0.38454186136990387, 0.060874881057431635, 0.6409684037396961, 0.06993242454811816, 0.3558092254793145, 0.44208449065140365, 0.03126476975302602]], "inverted": true, "swapped": false, "error_lsq": 0.041123837105762076, "error_max": 0.2112146575650224, "target": "234.xyz", "model": "9.xyz", "model_rescale": 3.877068213659057, "target_rescale": 3.8667026053520113},
{"mapping": [13, 6, 3, 12, 4, 1, 7, 10, 11, 2, 8, 15], "R": [[0.7076462585678743, 0.2250864468234657, 0.669755824305602], [-0.4275118107253233, -0.6183060104655422, 0.6594932365934774], [0.5625570410413904, -0.7530164466189115, -0.3413148205047409]], "T": [-0.07930949486442583, -0.10425552972816601, 0.024237547267748082], "aligned_model": [[-0.5167781316623388, -0.6780927484545678, -0.2841963559697328, -0.3792124550551025, 0.2254964838401604, 0.6349416929376517, 0.6864526054113282, -0.5383294135985798, -0.09489450544801588, 0.14175419610061124, 0.5190383016085677, -0.04899150742897432], [-0.7306650997229119, -0.0725739550874539, -0.3270399367893906, 0.4571535258936408, -0.6120050448856579, 0.04758696374566604, -0.38637125141802486, 0.21280174543804006, 0.5922667071944571, -0.6015971247897427, 0.19199327491999704, -0.024581416832547], [0.1420116462914486, -0.11984391640172119, -0.5335705064971812, -0.3670082865097256, -0.3034428228312895, -0.44447954021936853, 0.04172167645636596, 0.4623998207799133, 0.2676901241305099, 0.40389204850278704, 0.4109409168012259, -0.004708627161605885]], "inverted": true, "swapped": false, "error_lsq": 0.039391502346083955, "error_max": 0.23017812602588064, "target": "234.xyz", "model": "10.xyz", "model_rescale": 4.260839863003843, "target_rescale": 3.8667026053520113},
{"mapping": [4, 2, 9, 8, 10, 7, 6, 3, 1, 5, 0, 11], "R": [[0.7525403967053945, 0.5462049314410912, -0.36789009798568967], [0.5140809273575607, -0.8363879950052562, -0.19019968963770162], [-0.4115868698752158, -0.045992332844948344, -0.9102092912433939]], "T": [-0.04786758654719139, -0.09826368225355706, -0.04114443067105898], "aligned_model": [[-0.5012470000370088, -0.6901273675072876, -0.4812248368744382, -0.2438604404595775, 0.2233058476045122, 0.4866757402244113, 0.6785370128370731, -0.2638192810856613, -0.15448811612203006, 0.03292701828159572, 0.599114564724058, -0.018604979304638787], [-0.6721174981215106, 0.12192021414342089, -0.4441652185025572, 0.218309318315723, -0.5144494726039024, 0.2208829391257198, -0.40892772719422754, 0.02900563588008287, 0.591172208156489, -0.5877365572479252, 0.23717002299106607, -0.0440954772763069], [-0.005905758184154383, 0.05569849199230904, -0.6141076772816951, -0.6551328211024935, -0.42401274819423906, -0.24611880748041898, 0.24006642230000785, 0.6229342225775817, 0.15009065718935283, 0.41765774753127405, 0.44766288799071946, -0.03323008399688516]], "inverted": false, "swapped": false, "error_lsq": 0.044849863800105944, "error_max": 0.25481305350128264, "target": "234.xyz", "model": "11.xyz", "model_rescale": 3.890672605050136, "target_rescale": 3.8667026053520113},
{"mapping": [7, 3, 8, 0, 5, 6, 9, 4, 1, 12, 11, 13], "R": [[0.880365689488601, -0.45682893279205916, 0.1275287376842132], [-0.2940380618271037, -0.3147056288858514, 0.9024976373068916], [-0.372153020904333, -0.832026257585438, -0.4113811319447575]], "T": [0.08393179706710663, -0.017307972284448872, 0.04096151604085447], "aligned_model": [[-0.4159089313638257, -0.819138719542454, -0.20512418494952844, -0.3401331027576265, 0.20370109654083252, 0.42414850826099115, 0.7495151075271853, -0.43384184906212886, 0.024846881267796966, 0.036679988184840105, 0.47086827633855394, -0.028424908163628748], [-0.7078908378964666, -0.054125408009491865, -0.15869765843978345, 0.35327229038573066, -0.7509407176690843, 0.21512805241317717, -0.4200849753082776, 0.08485726831606762, 0.7487053267062247, -0.6365455260771201, 0.19532583147010213, -0.12203525822500698], [0.026172256386273025, -0.14922595583678885, -0.603745116271415, -0.13661598648453765, -0.1879718621241381, -0.3618838982171944, 0.0166724507326372, 0.5019710157393069, -0.08163900958873654, 0.45259759958467527, 0.3693350691859581, 0.10993597023531892]], "inverted": true, "swapped": false, "error_lsq": 0.04925311354116945, "error_max": 0.3429520762312906, "target": "234.xyz", "model": "12.xyz", "model_rescale": 4.124412569039231, "target_rescale": 3.8667026053520113},
{"mapping": [6, 3, 9, 7, 8, 10, 2, 0, 5, 1, 4, 12], "R": [[-0.9244086896028276, -0.35070612754655506, -0.14991259682922736], [-0.3598177857573083, 0.9322554092821599, 0.03782873136731364], [0.1264900614257533, 0.08891042664081646, -0.9879753035349907]], "T": [-0.11190471306997823, -0.06838926047133029, -0.025627327822397284], "aligned_model": [[-0.40595866268811387, -0.8170687289259961, -0.35987535083746436, -0.18661053891395896, 0.16204482081634447, 0.48130410555263375, 0.6859461247913334, -0.32215863474132467, -0.07177049989340802, 0.060208658780037894, 0.4357472889356469, 0.005379579405277543], [-0.6693355900816623, -0.13297518846447903, -0.2613955791687924, 0.38161048441505374, -0.681901501649255, 0.18886052102217096, -0.3754943226905353, 0.13182294153292748, 0.6730066349788738, -0.6543920698262214, 0.1972648893252689, -0.05010283172727785], [-0.02269502055257883, 0.05996323481744163, -0.5823143096608735, -0.4557400382869941, -0.2775211620199592, -0.381345642964339, 0.08168546233917616, 0.4768423289574434, 0.1242634664729828, 0.5127424276127738, 0.47214914123234164, -0.05242735460605586]], "inverted": true, "swapped": false, "error_lsq": 0.033902458307648244, "error_max": 0.187290477037788, "target": "234.xyz", "model": "13.xyz", "model_rescale": 3.9028299243045295, "target_rescale": 3.8667026053520113},
{"mapping": [12, 11, 1, 9, 2, 3, 0, 10, 7, 5, 4, 15], "R": [[0.19765977700813028, 0.9056554472082535, 0.3751250771344342], [0.7550123192726103, 0.10341619277101449, -0.6475040454077048], [-0.6252095731030445, 0.411209559731735, -0.6633397980564278]], "T": [-0.04258811053096079, -0.19318843093003202, 0.002967983343050875], "aligned_model": [[-0.48497899648046067, -0.7291467320146687, -0.30909057186199185, -0.4559579887993657, 0.29230712337959097, 0.4688495966062781, 0.7554435733762744, -0.20589972090900344, -0.00152176840865767, 0.0070541184728211415, 0.4109739518794496, -0.08084442295925834], [-0.723270723683034, -0.20268738621939947, -0.3240005667695483, 0.42071906902249423, -0.6496559583821674, 0.0930199745897064, -0.40201896875130744, 0.2754402485947748, 0.707318133388235, -0.42035745066412666, 0.06049279764209686, -0.0880307811016523], [0.08982047841039853, -0.2698024649330181, -0.5750141781155987, -0.22744117816331266, -0.46781046586795066, -0.20964825678503546, 0.08513639088627117, 0.5589078008516919, 0.09257512034438292, 0.45907292656088033, 0.4380433373851515, -0.018236977232501634]], "inverted": true, "swapped": false, "error_lsq": 0.04453277894195647, "error_max": 0.2897482002350731, "target": "234.xyz", "model": "14.xyz", "model_rescale": 3.942246331269136, "target_rescale": 3.8667026053520113},
{"mapping": [0, 2, 1, 5, 12, 4, 13, 6, 10, 8, 11, 14], "R": [[0.24867379596172995, -0.4511566899316578, 0.8570991683182838], [0.9423310941356223, 0.31732949216645606, -0.10636776967925854], [-0.22399431293482563, 0.8341220741182246, 0.5040505066375456]], "T": [-0.04537681933613444, 0.010202186311279476, 0.0014061989906131466], "aligned_model": [[-0.5231944572510269, -0.7897281411774427, -0.24388687571426362, -0.4668802536203761, 0.2831109823603938, 0.43980471590967296, 0.692355603129491, -0.1376332836098167, 0.13984282777330434, -0.07130234994793508, 0.44457230582636365, -0.09987291139735664], [-0.5459775957978668, -0.12136469037577899, -0.3885685458865167, 0.14006094471806724, -0.6019753918955494, 0.2915984884107451, -0.330809017993303, 0.12276762524419058, 0.6871919950482297, -0.49868729152646385, 0.05867307259921427, -0.0659412048788967], [0.05683036103852099, -0.10479730976213822, -0.6755111493169952, -0.454939192068343, -0.4291871533038139, -0.16911938836762533, -0.0183947577300709, 0.5414128249647586, 0.12938665544441735, 0.5838152412421194, 0.5226656858026182, -0.026559284602089204]], "inverted": false, "swapped": false, "error_lsq": 0.045510332392139974, "error_max": 0.24527464656713693, "target": "234.xyz", "model": "15.xyz", "model_rescale": 4.355366556412066, "target_rescale": 3.8667026053520113},
{"mapping": [0, 2, 1, 8, 9, 10, 7, 4, 6, 5, 3, 11], "R": [[-0.07136852065067817, 0.8684076551414727, 0.49068796475135107], [0.08160387091439952, 0.49537674388057523, -0.8648367995605096], [-0.9941063034263085, -0.02168008565408197, -0.10621973156674763]], "T": [-0.008530712422977732, -0.14190349404238758, -0.041870095170711774], "aligned_model": [[-0.5081905156916622, -0.8153614663070347, -0.2542693366993034, -0.2816480045327151, 0.28324386019651837, 0.3383489120149895, 0.8596792935545553, -0.4053537635465473, 0.001473074296912652, 0.12069281985607194, 0.3696414844956033, -0.041068195356380524], [-0.599573564589558, 0.05806925531758131, -0.32957310745390456, 0.35756724055297207, -0.750109511534269, 0.2142897993914046, -0.3154156165314692, 0.08557153192613662, 0.6468608867713577, -0.6060382376913089, 0.03852223072957703, -0.053202519222447536], [0.16977169207673304, -0.14066501328546793, -0.48795294414112206, -0.554678096128485, -0.34993590679444275, -0.42921575792150674, 0.08683906786589096, 0.5787073051544556, 0.19017869023934386, 0.38666240110031047, 0.4635498848037611, 0.04234121037188798]], "inverted": false, "swapped": false, "error_lsq": 0.03675064453110711, "error_max": 0.18567324095104792, "target": "234.xyz", "model": "16.xyz", "model_rescale": 3.795458400668931, "target_rescale": 3.8667026053520113},
{"mapping": [11, 10, 4, 2, 7, 0, 3, 9, 5, 8, 6, 12], "R": [[0.3235468953779858, 0.79419376641392, 0.5143672500077534], [0.17957842714746386, -0.5852664111527988, 0.7907052652408268], [0.9290150671515021, -0.16346097199513765, -0.3319811977204359]], "T": [0.01602904311481643, -0.12401210903583479, -0.08442220636026788], "aligned_model": [[-0.4808670982562724, -0.665610095002853, -0.3259913543165879, -0.2879723192586179, 0.29198150118408267, 0.48774412688184643, 0.7712781769569107, -0.41303859405012133, -0.10324608517080136, 0.11382987125975866, 0.4158076416808809, -0.1367276096272176], [-0.7184413654334394, 0.1482233054673183, -0.31228659972773043, 0.3236364919541699, -0.6502981788982383, 0.09315709097884903, -0.3492577267986421, 0.10259237510556027, 0.5559055758822922, -0.506564328726646, 0.1377243999370267, -0.07742265207444833], [0.15028708841120864, -0.07178782752220986, -0.597326244441316, -0.5413048458069357, -0.36397165297082934, -0.36961127659255255, 0.0923406126354956, 0.6655759599970397, 0.27062988775107805, 0.4649188257304824, 0.39416626302343033, -0.1383142568735319]], "inverted": true, "swapped": false, "error_lsq": 0.036538639340179445, "error_max": 0.23488779079458164, "target": "234.xyz", "model": "17.xyz", "model_rescale": 3.7474275329858107, "target_rescale": 3.8667026053520113},
{"mapping": [4, 0, 8, 3, 5, 11, 12, 2, 1, 9, 7, 13], "R": [[0.5264553996205318, -0.7064060780663082, -0.473112211934297], [0.001720923838818611, -0.5555833433763228, 0.831459071141766], [-0.8502010060165344, -0.43854030765000834, -0.29127418000006244]], "T": [0.008892745859832987, -0.09556929974760311, -0.022161883111364657], "aligned_model": [[-0.4949826545669144, -0.8137691560688444, -0.40804277436541325, -0.10633395235719531, 0.20063285835806205, 0.5035448943548826, 0.673480882214636, -0.30844474650145964, -0.1607374830255807, 0.13090071939028783, 0.5247819531399852, -0.07384237829143796], [-0.755104971630617, 0.028554523860296638, -0.2862523845364544, 0.3078976626536437, -0.738608971429212, 0.3758553810498779, -0.4240764398871829, 0.12068363411313696, 0.5718687502874898, -0.5677068629134154, 0.196682853965548, -0.08282478786703928], [-0.04081933146885251, 0.061283082638014436, -0.5759300515434359, -0.5555720438488098, -0.2922649126631797, -0.2562872429728689, 0.07603481340773438, 0.5748006855210005, 0.043186809479318716, 0.4360131289734451, 0.4424522433400142, 0.042705352478978484]], "inverted": true, "swapped": false, "error_lsq": 0.042164710388082775, "error_max": 0.24953304274480773, "target": "234.xyz", "model": "18.xyz", "model_rescale": 3.922800546911778, "target_rescale": 3.8667026053520113},
{"mapping": [12, 13, 7, 11, 3, 2, 0, 8, 6, 5, 1, 14], "R": [[0.05320028848425784, 0.2981312677844568, -0.9530411724969832], [0.45193281414610076, -0.8582460544540793, -0.24324975130920845], [-0.8904641827738935, -0.41776962214028723, -0.18039424052220748]], "T": [-0.049403150858559036, 0.014666769111808989, 0.0010604372407131018], "aligned_model": [[-0.3971528266765886, -0.7300452701698932, -0.3311825235695859, -0.42133585564633824, 0.17329998716399037, 0.5552921877318381, 0.6092610796638208, -0.34309342202840376, 0.008209546054750827, 0.09548876949744226, 0.517270398616804, -0.06882390835682892], [-0.68986388176109, 0.0012862349356895647, -0.38298545675083895, 0.26846316449952345, -0.5155224102441417, 0.18041922690018247, -0.49331995022586583, 0.0807797808987443, 0.6208099843363966, -0.5178237869960094, 0.22572857926776413, -0.03100309719428309], [0.03740283005651267, -0.09037814074868177, -0.631935701325485, -0.5507520903139397, -0.27903238664786534, -0.3453477511901387, 0.082014498805194, 0.5337571129523817, 0.3251575703731832, 0.5283116669758856, 0.4280464142405797, -0.0816414898362674]], "inverted": false, "swapped": false, "error_lsq": 0.034475248422021744, "error_max": 0.19376345967824912, "target": "234.xyz", "model": "19.xyz", "model_rescale": 3.9282355846067225, "target_rescale": 3.8667026053520113},
{"mapping": [3, 1, 5, 2, 6, 7, 8, 0, 10, 4, 9, 13], "R": [[-0.3073778865711809, -0.8539250402302285, -0.419917683022324], [-0.5185454820301523, 0.5203149489432977, -0.6785152444656279], [0.797890605229283, 0.009185835505622963, -0.6027322809613836]], "T": [0.11475945212575607, -0.09943290462147866, -0.004094692424063946], "aligned_model": [[-0.44666531341680654, -0.6253440733404693, -0.2740016030577743, -0.34034509434758436, 0.22144311130481692, 0.3744617737084071, 0.6848737915200711, -0.47205688325483747, -0.13241314006143384, 0.051863497743035045, 0.6532538647977901, -0.027881769314206675], [-0.5978283459511988, 0.005361020710454356, -0.32293167209412055, 0.3984009338021808, -0.6197937632592148, 0.13304382878469992, -0.487935918154504, -0.09335335116175261, 0.7014157071592575, -0.5093691692771455, 0.17248107648076763, -0.032521959373351866], [0.048434212369288146, -0.05668557673496041, -0.5394481225610062, -0.47712485156778967, -0.38447243588315266, -0.5204347441041526, 0.3163060373206221, 0.5397863752341694, 0.19535845914742236, 0.47273253287065214, 0.3343006084297054, 0.02685003882056096]], "inverted": true, "swapped": false, "error_lsq": 0.04340648598662574, "error_max": 0.26398728795020776, "target": "234.xyz", "model": "20.xyz", "model_rescale": 4.067790424073018, "target_rescale": 3.8667026053520113},
{"mapping": [7, 1, 9, 10, 12, 11, 3, 5, 13, 0, 6, 14], "R": [[0.02210142689102801, -0.9907212815382709, 0.13410022086688217], [-0.5254461034658089, 0.1026023371086704, 0.844617755421017], [-0.850539781128419, -0.08912969610070937, -0.5183029789524811]], "T": [0.003726352450864872, -0.11900924282456629, 0.19569434887377665], "aligned_model": [[-0.5522530522041146, -0.7709082291734869, -0.37882068836297655, -0.22185740590015507, 0.2623743038401696, 0.42901407138866526, 0.7946365636179832, -0.3332330425149857, -0.13418953842847103, 0.048648794103075474, 0.5341569667275408, -0.010380580812236712], [-0.6066761046503415, 0.006879651875668552, -0.32198310798572805, 0.22560493603890955, -0.41446700683832716, 0.15756677010500716, -0.40573151831868304, 0.2531354280920768, 0.5211186842620469, -0.8154794552462281, 0.2467049641729133, -0.09970485384124236], [0.09704400328248747, -0.043885183686158985, -0.44968094589276597, -0.5125710372973599, -0.46219607803924045, -0.20514017954388683, 0.0692175080772108, 0.5062307089195482, -0.05197266363283942, 0.3274867878309781, 0.5596358069870896, 0.12143380633629605]], "inverted": false, "swapped": false, "error_lsq": 0.05104239548272984, "error_max": 0.3133166082257607, "target": "234.xyz", "model": "21.xyz", "model_rescale": 4.186013935880536, "target_rescale": 3.8667026053520113},
{"mapping": [3, 6, 4, 7, 11, 9, 8, 0, 1, 5, 2, 12], "R": [[-0.24324255559740723, -0.9682545875098265, 0.05758570059153667], [0.7868767169170203, -0.162266931363373, 0.5953943864026647], [-0.5671490910865797, 0.19013809915976926, 0.8013672140333521]], "T": [0.011379174237752043, -0.07078261441325698, -0.07432927943555918], "aligned_model": [[-0.5275358508160743, -0.5407043831783087, -0.39353587893970854, -0.39161509724714816, 0.241640872811161, 0.48484444227591345, 0.7510456569305899, -0.3291154679481747, 0.01384210753687826, -0.03432341759897141, 0.40586558250441707, -0.013220404049566172], [-0.8049560652561177, -0.12360566295162373, -0.3158283803952016, 0.4293702690294251, -0.6056314900048452, 0.195396685316544, -0.2503686472574155, 0.23794936978432155, 0.6340862257464183, -0.5048326408923357, -0.03618365973613927, -0.10842761571695869], [0.07699353637655575, -0.026723395438567166, -0.6253397340124955, -0.42896493784455014, -0.3190376960467611, -0.3750450598582647, 0.016832565059375554, 0.48292865149272773, 0.12131603245272492, 0.5644591235021998, 0.5524741896782518, -0.08429074201983805]], "inverted": true, "swapped": false, "error_lsq": 0.040604386486578964, "error_max": 0.23077390985900226, "target": "234.xyz", "model": "22.xyz", "model_rescale": 4.166573947596378, "target_rescale": 3.8667026053520113},
{"mapping": [6, 1, 5, 0, 13, 10, 14, 3, 8, 12, 9, 15], "R": [[0.1783710833313778, -0.011596735060640045, 0.9838949498636143], [-0.5063542428610333, -0.8584485358216365, 0.08167920226298964], [0.8436759670441136, -0.5127685901862769, -0.15899445132003076]], "T": [-0.06305145221580187, -0.05438480838005768, 0.14829048789262386], "aligned_model": [[-0.5105732393531685, -0.6963520731317847, -0.23524749784411125, -0.5039143975447482, 0.33369226044232764, 0.5150702691296946, 0.6181799484069441, -0.2477124206670962, 0.04366416665527263, 0.08339688393565466, 0.38048925356743957, -0.11350499131541655], [-0.6667168454159801, -0.15228388773823553, -0.35032962922656974, 0.35460429672949745, -0.4492885992270799, -0.005979099332141698, -0.4549402775399804, 0.24424290534483664, 0.745465014735764, -0.6250059671241277, 0.1792120224028598, -0.07201154594277094], [0.0859899387483409, -0.163871576867643, -0.6092233179785593, -0.40408939785231, -0.4868933920481685, -0.32539020175406963, 0.11012167664716105, 0.6362950650659706, 0.09415013905981318, 0.4352151003978283, 0.4786740971161674, 0.10462440280682797]], "inverted": false, "swapped": false, "error_lsq": 0.04251137413414755, "error_max": 0.2249784762491302, "target": "234.xyz", "model": "23.xyz", "model_rescale": 4.274766983524099, "target_rescale": 3.8667026053520113},
{"mapping": [7, 3, 8, 10, 5, 6, 9, 4, 0, 2, 11], "R": [[-0.9242377397179907, -0.38119209832266543, -0.02184455669825447], [-0.20221269116427443, 0.5372095205073083, -0.818850388415619], [0.32387440160204334, -0.7523951855592058, -0.5735911930410431]], "T": [-0.062451991896843556, 0.152906535205586, -0.05560603875431768], "aligned_model": [[0.23123543831415647, 0.13805053449928528, -0.3014675606828947, -0.6100732789925952, -0.5723366524378144, -0.6007732705575658, 0.08730917489751322, -0.07183002768665186, 0.6667025673905641, 0.39965852529073465, 0.013419253923342991], [-0.195663974544739, 0.7927016484235743, 0.39997984837256517, -0.25849857481475197, 0.4444613606664444, -0.2754739616818842, -0.5464411080342246, 0.05403114279710736, -0.13940672006295834, 0.5345998209770819, 0.10529704914526829], [-0.6004960904608433, -0.14168617543334738, -0.6397953121207468, -0.26476813552246514, 0.16395798400646916, 0.44723755682007893, 0.09259237707744689, 0.7055199537435964, 0.24795884743425017, 0.4132147328550325, -0.04416930437789425]], "inverted": false, "swapped": true, "error_lsq": 0.05049726794124487, "error_max": 0.31421301466186496, "target": "234.xyz", "model": "24.xyz", "model_rescale": 3.7841303162186577, "target_rescale": 3.8667026053520113},
{"mapping": [10, 14, 9, 12, 8, 4, 1, 11, 3, 7, 6, 15], "R": [[-0.18923400899363682, 0.8812368108160744, 0.4331422088678393], [-0.17895427026177968, 0.4027740638562081, -0.8976349049807664], [-0.9654873686357944, -0.24737569958965216, 0.08148253958523918]], "T": [-0.01797265761273249, -0.16694456517425849, -0.040637211151292964], "aligned_model": [[-0.5567530180257102, -0.778451462836191, -0.35417617300291554, -0.39682743697404854, 0.3036035747133762, 0.5966923967267493, 0.6701215006329463, -0.3169206943247238, 0.09113372204718288, 0.012815556215060534, 0.3829504496790723, 0.012999747430209218], [-0.6813933076879845, -0.13798779437198905, -0.30192219457346614, 0.30462292323753315, -0.517614786107785, 0.23066446362035264, -0.43990674334504626, 0.0886481034360792, 0.6143239707637387, -0.4744766801302311, 0.18415923273996004, -0.12214879991509037], [0.1836690969109343, -0.2645399903684514, -0.4998636741596618, -0.49809219959957646, -0.391460395379815, -0.1848532784018017, -0.11173202446164601, 0.6187033899505793, 0.1228166364753574, 0.5314481358558296, 0.44722879235041096, 0.002278044169199356]], "inverted": true, "swapped": false, "error_lsq": 0.03922528017225226, "error_max": 0.20809209336993686, "target": "234.xyz", "model": "25.xyz", "model_rescale": 4.19342608120988, "target_rescale": 3.8667026053520113},
{"mapping": [0, 2, 1, 8, 9, 10, 7, 4, 6, 5, 3, 11], "R": [[-0.07136852065067817, 0.8684076551414727, 0.49068796475135107], [0.08160387091439952, 0.49537674388057523, -0.8648367995605096], [-0.9941063034263085, -0.02168008565408197, -0.10621973156674763]], "T": [-0.008530712422977732, -0.14190349404238758, -0.041870095170711774], "aligned_model": [[-0.5081905156916622, -0.8153614663070347, -0.2542693366993034, -0.2816480045327151, 0.28324386019651837, 0.3383489120149895, 0.8596792935545553, -0.4053537635465473, 0.001473074296912652, 0.12069281985607194, 0.3696414844956033, -0.041068195356380524], [-0.599573564589558, 0.05806925531758131, -0.32957310745390456, 0.35756724055297207, -0.750109511534269, 0.2142897993914046, -0.3154156165314692, 0.08557153192613662, 0.6468608867713577, -0.6060382376913089, 0.03852223072957703, -0.053202519222447536], [0.16977169207673304, -0.14066501328546793, -0.48795294414112206, -0.554678096128485, -0.34993590679444275, -0.42921575792150674, 0.08683906786589096, 0.5787073051544556, 0.19017869023934386, 0.38666240110031047, 0.4635498848037611, 0.04234121037188798]], "inverted": false, "swapped": false, "error_lsq": 0.03675064453110711, "error_max": 0.18567324095104792, "target": "234.xyz", "model": "26.xyz", "model_rescale": 3.795458400668931, "target_rescale": 3.8667026053520113},
{"mapping": [5, 6, 8, 1, 11, 9, 4, 7, 0, 10, 3, 12], "R": [[0.375656271760543, 0.696272877034126, -0.6116260672940536], [0.5670871257581667, -0.6946831676178029, -0.44252399757282873], [-0.7330037907721286, -0.18060835344777543, -0.6558094733827602]], "T": [0.051895857628852196, -0.05149648257057168, -0.14608273782918743], "aligned_model": [[-0.531688532187289, -0.7673902317097312, -0.4177616727907061, -0.23913960743185447, 0.33686049780687755, 0.40834591558413014, 0.7231968785713278, -0.19919512854546523, -0.1296665348272653, 0.12743831683503187, 0.3895635551315992, -0.03337529415564723], [-0.4269771901377122, 0.03824388287633726, -0.41915600927857144, 0.2815943465747114, -0.6614849858349912, 0.13223546823445023, -0.4512093528444059, -0.07017499071241523, 0.6606991169774677, -0.5592180799864162, 0.27115092016244235, -0.048734738364825295], [0.14598568923549252, -0.1897167876253281, -0.5644127351366046, -0.539404524878208, -0.3875030589845867, -0.29957611407868, 0.151318915252345, 0.6264536876065455, 0.2426147251454677, 0.34808175389782636, 0.4257176980054582, -0.00395671509836884]], "inverted": false, "swapped": false, "error_lsq": 0.04516848108997045, "error_max": 0.25636747583952224, "target": "234.xyz", "model": "27.xyz", "model_rescale": 3.6321398670334006, "target_rescale": 3.8667026053520113},
{"mapping": [13, 2, 11, 0, 9, 8, 12, 1, 3, 6, 7, 14], "R": [[0.6154393482499669, 0.6881626623233764, 0.3842740673134978], [-0.5783452410253181, 0.06304647655284976, 0.8133522754487369], [0.5354915413048302, -0.7228120723800023, 0.43679688324518046]], "T": [0.008699474436319136, -0.04832901063075049, -0.04943901054225281], "aligned_model": [[-0.45132922348594773, -0.7862054743804123, -0.42128912328238005, -0.22211497382449474, 0.1322128455246328, 0.45952247532561535, 0.7648114756709209, -0.4608281297901288, 0.008209146535592713, 0.13797149822063942, 0.5491711164202326, -0.04294347065326248], [-0.7134446483207896, -0.015530101356304067, -0.29413888475885064, 0.3599638670323985, -0.6365580476282545, 0.14368206838309358, -0.33360882458193036, 0.09287038145921228, 0.613358945532196, -0.6725802948114051, 0.2768027392287861, -0.07384881251208043], [0.06223962439821517, -0.07166551790377415, -0.4583560535127646, -0.4610617877830748, -0.3415061405237327, -0.21351211376051976, 0.12497371892705864, 0.4053947576512506, 0.13421525216271493, 0.39497804044282825, 0.4011906971428318, -0.021287943899674512]], "inverted": false, "swapped": false, "error_lsq": 0.037704467221196934, "error_max": 0.20477261456018522, "target": "234.xyz", "model": "28.xyz", "model_rescale": 4.156811204709835, "target_rescale": 3.8667026053520113},
{"mapping": [2, 0, 1, 7, 6, 4, 3, 5, 8, 11], "R": [[0.2333688776684556, -0.20826320067623968, -0.949823881664308], [0.14719207426164269, -0.9579732774221978, 0.24621472949343895], [-0.9611833645097693, -0.19726540241274085, -0.1929064560884859]], "T": [-0.04429971170537167, 0.03578004345748889, 0.09899142111800922], "aligned_model": [[-0.5913683950269017, -0.015089688589965893, 0.018630828067452698, 0.6287223907444086, -0.23222201025859474, -0.5756725648693009, -0.35007585951790027, -0.45422126814283176, 0.22918634048925252, -0.014964398785030579], [-0.07692530804319445, -0.5358407389857861, 0.10374087702548479, 0.05179544662697616, -0.4787382886995466, -0.5132767360532192, 0.5222013992722708, 0.22965603067217596, 0.6399944913383249, -0.023886842527282147], [-0.41776980988016915, -0.5187961688273699, -0.6525089530427493, -0.1278204653775587, 0.7517604663119992, 0.17218029342039423, -0.25716030491426584, 0.532086517540045, 0.2389237317002314, 0.037891420044542615]], "inverted": true, "swapped": true, "error_lsq": 0.05000884305775555, "error_max": 0.21054605383440847, "target": "234.xyz", "model": "29.xyz", "model_rescale": 4.117894457231895, "target_rescale": 3.8667026053520113},
