[{"mapping": [5, 3, 11, 1, 0, 12, 6, 8, 2, 4, 8, 9, 10, 13], "R": [[-0.5545536403092913, -0.8320856689983125, -0.010183293541103727], [-0.7112072178479045, 0.4802751441714289, -0.5133420683834091], [0.43203536116938, -0.27743328087802377, -0.8581236632097378]], "T": [-0.004756861596322798, 0.04457942881471532, -0.14113398505756533], "aligned_model": [[0.2074220007952316, -0.45363864887148286, 0.6687745946442549, -0.1784117118347976, -0.49869227959967455, 0.20909274866523905, -0.25126474022409595, 0.4007310351281893, -0.6552982543800921, -0.16497083957374545, 0.4007310351281893, 0.08510262584485037, 0.8614093125724853, 0.09799345684973473], [-0.5108572713826466, -0.21303068358096322, -0.1379690542120518, 0.24902689782122156, 0.6373313159810422, 0.5492734668837058, -0.6289106221290237, -0.44307489043602366, 0.08614009636773884, -0.3033485192649433, -0.44307489043602366, 0.6081851442528585, 0.5183837986090661, 0.05752631403043168], [-0.6089709896539198, -0.21422623390705847, -0.13147636411067826, -0.6521030044985276, -0.15037723574329015, -0.3273383891467285, 0.12380242475031336, 0.3153218859187319, 0.26669790751240574, 0.7344697214311686, 0.3153218859187319, 0.3182319277031609, 0.060594799529993, -0.015377822274805192]], "inverted": true, "swapped": false, "error_lsq": 0.053073923356734276, "error_max": 0.44257925558039934, "target": "235.xyz", "model": "0.xyz", "model_rescale": 3.8414455957264533, "target_rescale": 3.812167854226083},
{"mapping": [7, 9, 4, 2, 6, 5, 13, 0, 8, 12, 1, 10, 3, 14], "R": [[0.7664235096083993, 0.40032364810131915, 0.5023305492306783], [-0.6418976993466227, 0.5062049143010456, 0.5759547971073629], [-0.023713867104638145, -0.7638701208375165, 0.6449341757099103]], "T": [0.036328153302429764, -0.04201400383352593, -0.001803758685890593], "aligned_model": [[0.0316703009350288, -0.49399317377948715, 0.48643530334762025, 0.12142918472788691, -0.36105623128251974, 0.21803958008563112, -0.3470589329802541, 0.4074752438878868, -0.6737055595433605, -0.18797780977842965, 0.7570101535710099, -0.05530231750981447, 0.7321079476119223, 0.09390664585116555], [-0.4431021777311518, -0.28806673386705045, -0.0720265653983676, 0.2813012972089891, 0.5599738958467338, 0.5823064156558102, -0.645929454325453, -0.6621901281423384, 0.012664445098979848, -0.0022882152798006303, -0.10013344136588642, 0.5138073370351859, 0.3064689431828426, -0.017184515414104734], [-0.5038611093002531, -0.353552282603995, -0.30564587965450113, -0.6597017433161383, -0.3013423927721012, -0.10917114743855551, 0.24948784755700867, -0.0579177631270072, 0.3404896700347438, 0.7264806915924507, 0.4733146230239122, 0.38684491848157837, 0.08666654994634511, 0.0624785310060103]], "inverted": true, "swapped": false, "error_lsq": 0.046771974455449665, "error_max": 0.2612497267971876, "target": "235.xyz", "model": "1.xyz", "model_rescale": 4.316132596720782, "target_rescale": 3.812167854226083},
{"mapping": [2, 0, 7, 11, 10, 5, 9, 4, 6, 3, 8, 13], "R": [[-0.6245679519805718, -0.6683674479010626, -0.40397998458465073], [-0.7759601381104213, 0.47258604287697303, 0.4177897750562357], [-0.08832178339713467, 0.5744104687974483, -0.8137885941160921]], "T": [-0.014290272107559975, 0.04222236682528814, -0.017206592204342824], "aligned_model": [[-0.248924505282483, 0.46175858624250915, 0.16357754415230208, -0.5941838454803707, -0.5365676781878979, -0.4579546076066104, -0.08740191765823216, -0.10679833731823127, 0.6314433516262324, 0.20503511855243142, 0.3413452697794501, -0.17352042418731892], [-0.6398609961308772, -0.4513988019539043, -0.4833065777464528, 0.32324991617161203, -0.3159216523844587, 0.016798630997060804, 0.3474757190379251, 0.6921122077499215, 0.08975990180037358, -0.14689694042824603, 0.6695803246025529, -0.08881530397452654], [0.12630072591325, 0.041970459297154275, -0.515973213658439, 0.06149210175138843, -0.5374273295101705, 0.5047835211950751, -0.6560340385090729, 0.47856644708641105, -0.3988079931243672, 0.6086594903607675, -0.203232580038554, -0.06103912955402166]], "inverted": false, "swapped": true, "error_lsq": 0.04119230577495783, "error_max": 0.2175522759682467, "target": "235.xyz", "model": "2.xyz", "model_rescale": 3.795458400668931, "target_rescale": 3.812167854226083},
{"mapping": [12, 2, 3, 6, 11, 8, 0, 10, 7, 9, 4, 13], "R": [[0.17681943010758713, -0.3206792750498715, 0.9305373134323618], [-0.7702311811322586, 0.5435183419021772, 0.3336641119861622], [-0.6127632632167452, -0.7757271521413939, -0.15089257331813521]], "T": [-0.021544328772659417, 0.07285525371009617, 0.0902495480646755], "aligned_model": [[0.1060021747735265, -0.16328535426610835, -0.6991240789438306, 0.17277878081625678, 0.08898609005282795, 0.1225019449459944, -0.2570473217625361, 0.5825993900321409, 0.354869668215261, 0.6402822440452617, -0.4058749837030281, 0.05061527153779919], [-0.152233183441918, -0.585499115032697, -0.050814043934814285, 0.067645917039302, 0.3705905088702923, 0.6701374605371353, -0.41943055629202786, -0.33078224797874134, -0.5067227828152769, 0.30805879228846383, 0.7742625578633973, -0.05944426181340624], [-0.7201292385531999, -0.2053249680929662, 0.12445012770303847, 0.8162404234392577, -0.47595118375221396, 0.5111592182137638, 0.5097484381598862, -0.28890421649508286, 0.37129683371149497, 0.20553315859410648, -0.10216457645546223, -0.0571825858335224]], "inverted": false, "swapped": true, "error_lsq": 0.04568627716831158, "error_max": 0.24328908322444145, "target": "235.xyz", "model": "3.xyz", "model_rescale": 3.7530521520055578, "target_rescale": 3.812167854226083},
{"mapping": [9, 10, 7, 2, 6, 5, 8, 11, 4, 3, 13], "R": [[-0.12810650757904868, 0.6617027464171965, 0.7387409546653271], [-0.48351169327659393, -0.6920289335405699, 0.5360152960574005], [0.8659129085425973, -0.28852284229613623, 0.4085944251854873]], "T": [-0.010038135297029245, -0.05463933978304522, 0.06249697649421086], "aligned_model": [[-0.41236525712625016, -0.2060947150161178, 0.3816255141578282, 0.3566619304580149, 0.30227545849599197, -0.17533594142100895, -0.26627007709654066, -0.5792087393609507, -0.43556757221227516, 0.40246712862206907, -0.029988127055555466], [-0.6029476496906124, -0.08249679691361184, -0.4036464545417835, 0.3730340954343615, -0.7232695786237151, 0.6082934273641475, -0.5673612463967275, 0.24891651068840084, 0.21138808232519216, 0.3716965552485961, 0.03359641342009821], [-0.1475418585609396, -0.732774186413013, -0.4679550890724688, -0.4102733507653043, 0.20478254173525812, 0.11866519666522873, 0.5380195863346936, -0.010613853586521782, 0.7143094978212393, 0.4141433962345749, -0.1279311031474309]], "inverted": true, "swapped": true, "error_lsq": 0.045891955690321166, "error_max": 0.23694458250383704, "target": "235.xyz", "model": "4.xyz", "model_rescale": 3.7855080009869324, "target_rescale": 3.812167854226083},
{"mapping": [13, 14, 6, 12, 2, 1, 15, 8, 9, 10, 7, 0, 4, 16], "R": [[0.8684179667087665, -0.38505649936034764, -0.31238074108012237], [0.4956313605591079, 0.6920862510422859, 0.5247534426266891], [0.014134692346828931, -0.6105310093832981, 0.7918662115873311]], "T": [0.06876381265683566, 0.016953259658954486, 0.0145896990473416], "aligned_model": [[0.17625153490297674, -0.5263881532129956, 0.6824183867589322, -0.0628210186475094, -0.4819236585979029, 0.24831715016876627, -0.38171742819562443, 0.21178745442624985, -0.5808701158867574, -0.053295087047866244, 0.617354873986853, 0.18134072793289419, 0.6821850735971112, 0.016340594959158024], [-0.47946179250300985, -0.05941962020370631, -0.1506689305655809, 0.1247462701898298, 0.5052705440681678, 0.6609247343998969, -0.6714050191413072, -0.6632696299945876, -0.02678507633152423, -0.3131795191330468, -0.0962890803642818, 0.7621711947247652, 0.4152430656803951, 0.01772396167837862], [-0.5020205258115641, -0.2979142517686891, -0.13172480158354832, -0.644296757074994, -0.04924780034732838, -0.34060782022562935, 0.06506383433488282, 0.1248209661634362, 0.3026465269456651, 0.6526165381726513, 0.512177371453698, 0.2157129217832795, 0.12450043970171766, 0.0028438716859204155]], "inverted": true, "swapped": false, "error_lsq": 0.03559734599325366, "error_max": 0.21392784935117146, "target": "235.xyz", "model": "5.xyz", "model_rescale": 4.2253639853439635, "target_rescale": 3.812167854226083},
{"mapping": [2, 10, 6, 5, 8, 11, 4, 3, 1, 0, 7, 9, 12, 13], "R": [[-0.5913968328041845, 0.3229928253840088, -0.7388676612896485], [-0.1899521824655625, -0.9462922129951641, -0.2616280107352512], [-0.7836886846993194, -0.014376452106492008, 0.6209874097750137]], "T": [-0.0014204959071470943, 0.025448050041810614, 0.0030165323716923394], "aligned_model": [[-0.024922839555598965, -0.601340305803812, 0.5579079976544526, -0.008755617931622599, -0.42210909240060346, 0.46337843533192197, -0.30021224302206584, 0.3814446236306083, -0.6644241317006421, 0.07091413272325509, 0.6779799114443563, -0.166242795017547, 0.7358482932194277, 0.02951396657215577], [-0.4532255957549395, -0.0852248375577987, -0.14326161766386125, 0.11426853828952259, 0.6012208829759447, 0.5341073153248782, -0.6030952361303519, -0.5619214938118294, -0.06869062725637018, -0.10692859683653949, -0.1427010998209432, 0.44869668736774554, 0.5192934365097607, -0.026936653130829196], [-0.46654793892049357, -0.48315237658182447, -0.26606831007741777, -0.6237197624948242, -0.19030088855580354, -0.35862070876076835, 0.13173382518986532, 0.10988463749594819, 0.30346597956609517, 0.7906120974866477, 0.3765565783078091, 0.41080401158492685, 0.2926632677463327, 0.007260101443004324]], "inverted": true, "swapped": false, "error_lsq": 0.04710046184618264, "error_max": 0.3476981056119579, "target": "235.xyz", "model": "6.xyz", "model_rescale": 3.89814844738969, "target_rescale": 3.812167854226083},
{"mapping": [11, 12, 10, 4, 9, 2, 5, 8, 1, 0, 7, 6, 13], "R": [[0.0005210441774172112, 0.21352491331769197, -0.9769374800393511], [-0.7511289832039048, 0.6450141675227425, 0.14057728936784908], [0.6601552689360539, 0.7337328090576405, 0.16072083190535918]], "T": [-0.12053661682068437, 0.032222163392500586, 0.01200418154920076], "aligned_model": [[0.039621076299793195, -0.05823237111353914, 0.37806610026752197, -0.3522547434183756, 0.5779755987596995, -0.4030257153192004, -0.4957127806223318, 0.15368551860742705, -0.37692397245838793, -0.4464871263529985, 0.13070949688377845, 0.08177297630042712, -0.08056225692959143], [-0.2700011038538327, 0.22887310990953452, 0.5291115670299475, -0.7444301733241508, -0.052056484338257034, 0.6270714943008985, -0.12035490837469712, -0.4948543371975068, -0.2123399215078786, 0.4892386836412298, 0.6937461301855852, 0.12239520626554118, 0.16738200273407244], [-0.5397721630237651, -0.813279575171766, -0.4077179812988159, -0.12879110115686127, 0.11972243499800299, -0.3154701998912523, -0.5410972293241051, 0.46106196954141465, 0.5235324148732513, 0.410348834812074, 0.24832431617005754, 0.7301900976643768, -0.14477678735631602]], "inverted": true, "swapped": true, "error_lsq": 0.048220681024944104, "error_max": 0.3153659281867612, "target": "235.xyz", "model": "7.xyz", "model_rescale": 3.7474275329858107, "target_rescale": 3.812167854226083},
{"mapping": [6, 7, 3, 5, 9, 8, 10, 0, 11, 12, 1, 4, 2, 14], "R": [[-0.22271301005747235, 0.33915744268614156, 0.9139864026459787], [-0.8187992184571299, 0.44377114786143934, -0.36419089524552145], [-0.5291188477130011, -0.8294814026826265, 0.17886824088845077]], "T": [0.032316666482139385, 0.01095511580032106, 0.12518386657304606], "aligned_model": [[0.06421142274579383, -0.45862759372970724, 0.5062949079187824, -0.04330912168415895, -0.5074932586519451, 0.2066103706655046, -0.3656610407519848, 0.3800630343191267, -0.5802683324641728, -0.1937784949284234, 0.6343489380962719, 0.24032126646181157, 0.7828520827541061, 0.06341615439328065], [-0.5164170683067618, -0.17551514294285686, -0.050498307770128356, 0.11516237749935154, 0.41064247742328264, 0.5817481429372674, -0.6346391627081335, -0.5401125020884183, 0.04165146316820599, -0.14936452748414047, -0.21931628502840916, 0.7377678974445167, 0.38006250656393803, 0.04442923379667481], [-0.4975515526466673, -0.30849828419328684, -0.4093277239099954, -0.5794032826110019, -0.23425416393292156, -0.20500901752715298, 0.11595717756341455, 0.027152331863164236, 0.2265609296301496, 0.6763836568154139, 0.5116215018330637, 0.32693399091365055, 0.22029337637614899, 0.1637115732555176]], "inverted": true, "swapped": false, "error_lsq": 0.03877978502671486, "error_max": 0.2808962888498096, "target": "235.xyz", "model": "8.xyz", "model_rescale": 4.019505241142653, "target_rescale": 3.812167854226083},
{"mapping": [11, 9, 10, 12, 5, 2, 7, 4, 3, 1, 6, 0, 13], "R": [[0.7528667296319751, -0.06804811629253872, -0.6546458136139663], [0.029483683505835592, -0.9901556084923371, 0.13683049140486803], [-0.6575122811173815, -0.12231649455493344, -0.7434489056684465]], "T": [-0.06919009374197344, -0.0671843860181748, 0.07272731129811505], "aligned_model": [[-0.19270713223234007, -0.6019866708430315, 0.11099509505592153, 0.31191445073121055, 0.24751407799814595, 0.6366728306903005, 0.15689487960554063, -0.4208980178300445, 0.3312932485763078, -0.2552570008697066, -0.3779897263173203, 0.31904348598370835, 0.054211251192483975], [-0.5838125170472509, 0.19358162799799195, 0.13613404142640945, -0.48488213868945634, -0.6734452465721968, -0.007363567342871087, 0.6058257112836593, -0.7418795105653855, -0.2834747602442389, 0.03786052892110785, 0.5524782495604945, 0.38643403250150893, -0.07407822311571327], [-0.3004823346021469, -0.32066094636588666, -0.7004902245351489, -0.5628311883711924, 0.026854400046307042, -0.12491956906536186, -0.15646424194218972, 0.3854468006164847, 0.590809987337702, 0.6571508690938777, 0.3651522832567968, 0.415205507948405, -0.09806784937376817]], "inverted": false, "swapped": true, "error_lsq": 0.05051467730173012, "error_max": 0.3674910338161389, "target": "235.xyz", "model": "9.xyz", "model_rescale": 3.877068213659057, "target_rescale": 3.812167854226083},
{"mapping": [4, 2, 1, 7, 9, 8, 13, 3, 14, 6, 12, 11, 0, 15], "R": [[0.44924044490327975, -0.3134281674349425, -0.836627639109226], [-0.31079252195531537, 0.8231281518297402, -0.47525577741045016], [0.8376103097262821, 0.47352173078300247, 0.27237132653146817]], "T": [0.03640388125625485, -0.0442927880921163, 0.06667155089238927], "aligned_model": [[0.10625520515213777, -0.4619147837579122, 0.7063907991749484, 0.10736844178586033, -0.4280684409224169, 0.08719393553006197, -0.5362397144040447, 0.2816512321767187, -0.7070963150703977, -0.02201756267596766, 0.554260247568332, 0.2261174845955505, 0.7029524636923836, 0.11212734229903186], [-0.49404746061215266, -0.06907096173096094, 0.016063826973940973, 0.042529323911857556, 0.4144614860933799, 0.6157389082624922, -0.5561283660957843, -0.6230099464291349, 0.040126950751372334, -0.32492074597063314, -0.01049797406441609, 0.5844352467369194, 0.38688394849746094, 0.00303686618004749], [-0.4342597885558013, -0.37084405815387844, -0.48139889990660456, -0.7418533537536073, -0.030566722159654475, -0.3296887220944723, 0.15466103550598284, 0.15442991369073586, 0.28938731682379304, 0.6126930333183607, 0.604145187574613, 0.40336886776875436, 0.12638457049565305, 0.07811213287562355]], "inverted": false, "swapped": false, "error_lsq": 0.04235546410248902, "error_max": 0.2553830506652623, "target": "235.xyz", "model": "10.xyz", "model_rescale": 4.260839863003843, "target_rescale": 3.812167854226083},
{"mapping": [6, 7, 2, 0, 5, 3, 8, 9, 10, 12, 11, 13], "R": [[0.3003425945962587, 0.32827445845755565, -0.8955613914163485], [0.698677287807868, -0.714899072184274, -0.027737413208628436], [-0.6493414921076808, -0.6173776773697467, -0.44407255050600447]], "T": [-0.004491193746951443, 0.14249455672786232, -0.12638091864014833], "aligned_model": [[0.38613253150933463, 0.21029077308298416, -0.4512898568458792, -0.2588416224853541, -0.5010468521704439, -0.6376160374578771, 0.46091442792434495, 0.6992904432432885, 0.27342397382240885, -0.21671208489409927, 0.02623284122170464, -0.03187988785628183], [-0.020756285346893777, -0.5597600240465985, -0.3887408049538836, -0.29605773706716704, 0.3779672090454143, 0.24383424322412434, 0.5994428097981539, 0.1311704788777222, -0.38330964879961366, -0.004026058740080274, 0.4589827768423673, 0.014331546699389214], [-0.747358878848715, -0.25788371262728854, 0.11661133001061755, -0.5919601731559181, 0.2834278117721794, -0.38027320463258873, -0.48590312285316295, -0.020604737008439483, 0.43750164005913494, 0.6842612314546139, 0.4396029720891049, 0.03875692113596649]], "inverted": true, "swapped": true, "error_lsq": 0.04821509235758021, "error_max": 0.3205949444003514, "target": "235.xyz", "model": "11.xyz", "model_rescale": 3.890672605050136, "target_rescale": 3.812167854226083},
{"mapping": [2, 11, 4, 10, 9, 12, 1, 0, 6, 8, 3, 5, 7, 13], "R": [[0.8051684914691489, -0.2960393866307892, 0.5138719508871461], [-0.5673918300164273, -0.13244305364538714, 0.8127271059658925], [-0.17254046359015313, -0.9459490044946142, -0.27460930304660797]], "T": [-0.06867484972115992, -0.028427576476669547, 0.03937006083946354], "aligned_model": [[0.021647310246339035, -0.40178954927539023, 0.49163179367599497, 0.11973187499585097, -0.5515673417134089, 0.2815483065579705, -0.2926510666698098, 0.15139735677601154, -0.5592088767488429, 0.06885201864733811, 0.7142119915686492, -0.0033275721741685416, 0.603185962481405, 0.08531812677634718], [-0.3593804111492597, -0.09469970618453522, -0.2923214687467699, 0.19775044074653256, 0.5738843886388239, 0.5443938030459798, -0.7714190302326343, -0.5220358505034897, -0.13851845581276656, -0.0005504482368269142, -0.2990716160768036, 0.699846975992829, 0.454281371703274, 0.0334411093200354], [-0.5834270668896799, -0.3935326599421584, -0.2884614855569925, -0.804956247556142, -0.05990508145522079, -0.2836648516897017, 0.095017561027774, 0.27730626129442965, 0.32099873579385557, 0.7461233926575641, 0.44790788475081417, 0.30454564677755097, 0.24566909295043557, 0.010949331266968766]], "inverted": false, "swapped": false, "error_lsq": 0.052355260796749736, "error_max": 0.28233598605610344, "target": "235.xyz", "model": "12.xyz", "model_rescale": 4.124412569039231, "target_rescale": 3.812167854226083},
{"mapping": [2, 0, 6, 5, 7, 10, 3, 11, 1, 4, 9, 8, 13], "R": [[-0.22934632031169644, -0.5721089047853253, 0.7874589934878011], [-0.7920620505945887, -0.36051625328009745, -0.49261114393482436], [0.5657189879855371, -0.7366949383470859, -0.370462676185339]], "T": [0.09441891335022982, 0.08870443861797345, -0.033967215314012124], "aligned_model": [[-0.25185571711520416, 0.020246797853673157, 0.6018715236713761, -0.49912793589799226, 0.48042113910212353, 0.39510336876213575, -0.49888156665723377, -0.03412450078775582, 0.07221977791549904, -0.2416074090735884, 0.7578377321098722, 0.49321301052428784, 0.07198208710256435], [-0.25537423294396194, 0.4315639199308993, 0.6029306674228458, -0.1943554304351373, -0.0019008070625107787, -0.6220475227292528, 0.4136822455181851, -0.36553703295384493, 0.7072225020481231, 0.28795320912644, -0.07534264253334183, 0.5216156791469015, -0.10292517802686821], [0.5161137203897087, 0.5582592368006734, 0.17319116159452988, -0.22771275901285182, 0.597996981053343, 0.24187866672060024, 0.10005538768583327, -0.4795991268139014, -0.09837860084410724, -0.7579089892453464, -0.23293820311297944, -0.4902691327680747, 0.05100973852041198]], "inverted": false, "swapped": true, "error_lsq": 0.04540627621156376, "error_max": 0.2803144394219789, "target": "235.xyz", "model": "13.xyz", "model_rescale": 3.9028299243045295, "target_rescale": 3.812167854226083},
{"mapping": [13, 14, 5, 10, 7, 4, 11, 12, 9, 1, 2, 3, 0, 15], "R": [[0.5875355177298136, -0.5797567571571662, -0.5645211403805588], [-0.6187963097637224, -0.7714385593515036, 0.14823520556357703], [-0.5214337373327116, 0.26223015020451657, -0.8119988952547641]], "T": [0.1473155285486726, 0.006653409361545488, 0.08472960981349498], "aligned_model": [[0.15869073029474987, -0.4915902609622237, 0.4537974889911489, -0.17656410714643914, -0.48110439178342046, 0.3394060022856422, -0.3347930533498833, 0.2899339807099235, -0.6224672597467763, -0.05376740521729892, 0.5882801231148811, 0.2011722633216526, 0.8181010766972215, 0.03988514793510775], [-0.4630495833383042, -0.4102191213860142, -0.08833393723860282, 0.19891291474616687, 0.6196441596596778, 0.5293758278163806, -0.532741803634926, -0.670267390416713, 0.07838722594223224, -0.29799865385942076, -0.044021302220058234, 0.5760122445375686, 0.4855228432112855, 0.04437767868511631], [-0.5570655718677597, -0.36367571801004434, -0.3142040257254908, -0.5583029447436103, -0.1387848183917303, -0.3015679400453456, 0.23466562214602607, 0.009373807836620673, 0.14071331160709472, 0.6222717289689006, 0.6722090303049406, 0.332962190601646, 0.17387680811051925, 0.08209903263773081]], "inverted": false, "swapped": false, "error_lsq": 0.04511436601862085, "error_max": 0.2575892401614032, "target": "235.xyz", "model": "14.xyz", "model_rescale": 3.942246331269136, "target_rescale": 3.812167854226083},
{"mapping": [9, 6, 5, 10, 11, 4, 7, 2, 8, 0, 1, 13, 3, 14], "R": [[0.349550171316611, -0.7021643002126869, -0.6203063543438481], [0.2595065854717852, -0.5636090394221889, 0.7842201111794908], [-0.9002616340982788, -0.43509785817494595, -0.014793376297236871]], "T": [0.07592345753437488, 0.08599321996187428, -0.013752907780523568], "aligned_model": [[-0.005317490414523313, -0.4202476972508111, 0.5979557204117073, 0.044049362074171844, -0.48749359669519265, 0.22894338695724342, -0.36542579980302614, 0.2521876741976843, -0.5773827327850353, -0.013039782813408812, 0.693627510627369, -0.057976899527365705, 0.7420305724238608, 0.09707010774161219], [-0.4733791111685933, -0.07922405220454931, -0.2733269324490043, 0.24052347732832716, 0.5013487364001918, 0.584475649886711, -0.6447913615444033, -0.635178528764587, -0.008115483444011612, -0.38501758347577764, -0.013651846345764468, 0.8257356216256345, 0.34914500978871865, 0.03705750687149698], [-0.5870458605319006, -0.21201240307757555, -0.04767786578652447, -0.709529421928575, -0.16916218235602967, -0.28164121506222517, 0.03255299475315446, 0.16370174389807893, 0.39019696525002084, 0.543877657899029, 0.5011781549197688, 0.29573331172655964, 0.04625023801351094, 0.06814839571220566]], "inverted": false, "swapped": false, "error_lsq": 0.05031767427271806, "error_max": 0.3281294987736859, "target": "235.xyz", "model": "15.xyz", "model_rescale": 4.355366556412066, "target_rescale": 3.812167854226083},
{"mapping": [2, 0, 7, 11, 10, 5, 9, 4, 6, 3, 8, 13], "R": [[-0.6245679519805718, -0.6683674479010626, -0.40397998458465073], [-0.7759601381104213, 0.47258604287697303, 0.4177897750562357], [-0.08832178339713467, 0.5744104687974483, -0.8137885941160921]], "T": [-0.014290272107559975, 0.04222236682528814, -0.017206592204342824], "aligned_model": [[-0.248924505282483, 0.46175858624250915, 0.16357754415230208, -0.5941838454803707, -0.5365676781878979, -0.4579546076066104, -0.08740191765823216, -0.10679833731823127, 0.6314433516262324, 0.20503511855243142, 0.3413452697794501, -0.17352042418731892], [-0.6398609961308772, -0.4513988019539043, -0.4833065777464528, 0.32324991617161203, -0.3159216523844587, 0.016798630997060804, 0.3474757190379251, 0.6921122077499215, 0.08975990180037358, -0.14689694042824603, 0.6695803246025529, -0.08881530397452654], [0.12630072591325, 0.041970459297154275, -0.515973213658439, 0.06149210175138843, -0.5374273295101705, 0.5047835211950751, -0.6560340385090729, 0.47856644708641105, -0.3988079931243672, 0.6086594903607675, -0.203232580038554, -0.06103912955402166]], "inverted": false, "swapped": true, "error_lsq": 0.04119230577495783, "error_max": 0.2175522759682467, "target": "235.xyz", "model": "16.xyz", "model_rescale": 3.795458400668931, "target_rescale": 3.812167854226083},
{"mapping": [11, 12, 10, 4, 9, 2, 5, 8, 1, 0, 7, 6, 13], "R": [[0.0005210441774172112, 0.21352491331769197, -0.9769374800393511], [-0.7511289832039048, 0.6450141675227425, 0.14057728936784908], [0.6601552689360539, 0.7337328090576405, 0.16072083190535918]], "T": [-0.12053661682068437, 0.032222163392500586, 0.01200418154920076], "aligned_model": [[0.039621076299793195, -0.05823237111353914, 0.37806610026752197, -0.3522547434183756, 0.5779755987596995, -0.4030257153192004, -0.4957127806223318, 0.15368551860742705, -0.37692397245838793, -0.4464871263529985, 0.13070949688377845, 0.08177297630042712, -0.08056225692959143], [-0.2700011038538327, 0.22887310990953452, 0.5291115670299475, -0.7444301733241508, -0.052056484338257034, 0.6270714943008985, -0.12035490837469712, -0.4948543371975068, -0.2123399215078786, 0.4892386836412298, 0.6937461301855852, 0.12239520626554118, 0.16738200273407244], [-0.5397721630237651, -0.813279575171766, -0.4077179812988159, -0.12879110115686127, 0.11972243499800299, -0.3154701998912523, -0.5410972293241051, 0.46106196954141465, 0.5235324148732513, 0.410348834812074, 0.24832431617005754, 0.7301900976643768, -0.14477678735631602]], "inverted": true, "swapped": true, "error_lsq": 0.048220681024944104, "error_max": 0.3153659281867612, "target": "235.xyz", "model": "17.xyz", "model_rescale": 3.7474275329858107, "target_rescale": 3.812167854226083},
{"mapping": [3, 10, 0, 8, 5, 4, 11, 1, 12, 7, 2, 9, 6, 13], "R": [[-0.8516733704581952, 0.2567296467538269, 0.4568833095332259], [-0.26681799131695505, 0.5379338940202755, -0.7996469753420999], [-0.4510661033174224, -0.8029427215822053, -0.3896438839455819]], "T": [0.02570405431448511, -0.049204779515593024, 0.016746290930482098], "aligned_model": [[-0.036897594943190365, -0.5573912438237687, 0.7907660424780903, 0.06848381759940174, -0.41732577859177855, 0.2874912474221628, -0.3935726775693492, 0.3578238008320912, -0.5669331627608307, -0.11948468443706808, 0.6307258093801952, 0.030383769612532502, 0.5251836509327117, 0.1297273390130858], [-0.5412578190028504, -0.09536352912693416, -0.033267895724318076, 0.06995066640650743, 0.48309402759685943, 0.6541661399682281, -0.6264759364131036, -0.6540075622358581, 0.19505635327800083, -0.30031687614577385, -0.07897209978156641, 0.4912544100571829, 0.49695273151543623, -0.035211507887421625], [-0.44645347283327996, -0.3497351050323078, -0.3202530574116834, -0.690944547486331, -0.19206578671830254, -0.33816586322867526, 0.12944808914628514, 0.06602594998553102, 0.4019145025693909, 0.7119313217690534, 0.3867399481072959, 0.411215720071883, 0.2340730430039831, 0.030839771486655003]], "inverted": true, "swapped": false, "error_lsq": 0.04022895593007798, "error_max": 0.30384973386464476, "target": "235.xyz", "model": "18.xyz", "model_rescale": 3.922800546911778, "target_rescale": 3.812167854226083},
{"mapping": [4, 11, 8, 13, 7, 12, 10, 6, 9, 2, 1, 3, 5, 14], "R": [[-0.9357389176509594, -0.28043246116065423, -0.213893227384107], [-0.34083358545709763, 0.8749486464227043, 0.343943793587756], [0.09069258524196167, 0.3947435887388872, -0.9143043006196974]], "T": [0.15258413536352042, 0.016224714483422317, 0.020418909909764173], "aligned_model": [[-0.004076536725540841, -0.4523958795507733, 0.6501115918881808, 0.015935551854515534, -0.4415261266403313, 0.25574001363855803, -0.32890463469729847, 0.3982615779319213, -0.5717228522880545, -0.16897776952544616, 0.5873185867130059, -0.03971004493128605, 0.7535565888301328, 0.0753702686467019], [-0.539301684653631, -0.13457628023301632, -0.09024296927949856, 0.09870393151417177, 0.5118612323963158, 0.7378132356593129, -0.6176448313873506, -0.6281331151028444, 0.042465887670159366, -0.1561064495420198, -0.29362225696630984, 0.5561851892542555, 0.46491113276509416, 0.07328808040975011], [-0.41629036726967444, -0.32382207300139115, -0.3194659475638803, -0.6476664814910374, -0.178549574407607, -0.27501791151067106, 0.15072090677169256, 0.005812282063570241, 0.3911397946517338, 0.6368837296826377, 0.5332384054724196, 0.3043465019030575, 0.1620039670648192, 0.011237281063828125]], "inverted": false, "swapped": false, "error_lsq": 0.03469952964732736, "error_max": 0.1936509960584686, "target": "235.xyz", "model": "19.xyz", "model_rescale": 3.9282355846067225, "target_rescale": 3.812167854226083},
{"mapping": [0, 4, 10, 11, 8, 9, 3, 1, 6, 5, 2, 7, 12, 13], "R": [[-0.5363444866465475, 0.6585076738427996, -0.527922565471487], [-0.44129962979962567, -0.7519895462134919, -0.4896594317730846], [-0.719436743836847, -0.029654103860539432, 0.6939246398144856]], "T": [-0.0150417947611668, 0.08148903340006677, 0.050051245086209555], "aligned_model": [[0.03765544173708781, -0.45474182610370933, 0.7917148827625441, 0.10402353917734097, -0.5288036598828562, 0.12140600114752012, -0.4097125638713294, 0.2230895481682249, -0.503758151466126, -0.10998779800011665, 0.6013620041600779, 0.22043799134397205, 0.5639706416860296, 0.07232428428562593], [-0.5293015333642334, -0.08043307479786682, -0.03833617789878588, 0.03701077886614054, 0.5557049132780273, 0.6356015617621443, -0.5586041454082891, -0.6251784729346945, 0.1223426235329986, -0.30457159060874783, -0.25131041089600625, 0.40934239980102627, 0.7027344028603083, -0.04940017168763272], [-0.46410327742043017, -0.37399233552068506, -0.22747340426867851, -0.6550787446700633, -0.24959792368694195, -0.34080183490885946, 0.07956015212398088, 0.12363993519459002, 0.48171240956518574, 0.6241876429112089, 0.483649096685546, 0.5245606937329766, 0.01013715445076168, 0.018170949240906085]], "inverted": true, "swapped": false, "error_lsq": 0.05117612614218149, "error_max": 0.3309981233020729, "target": "235.xyz", "model": "20.xyz", "model_rescale": 4.067790424073018, "target_rescale": 3.812167854226083},
{"mapping": [11, 10, 6, 13, 1, 5, 12, 3, 9, 0, 2, 8, 4, 14], "R": [[-0.7684195410469015, -0.6059995035295529, -0.20565993936400195], [-0.5775587486516816, 0.7951226149869735, -0.18494842251876933], [0.27560352101011576, -0.023337284722367485, -0.960988069826371]], "T": [0.08166103720428042, 0.031442881411594584, 0.0328464482727156], "aligned_model": [[0.03812352680377458, -0.5625212928149366, 0.7341920232241169, -0.08917366752118211, -0.522817935127127, 0.20968246986691857, -0.35982074152263965, 0.37015011849165763, -0.6904902137908036, 0.09700724588422542, 0.6730089909637701, 0.08282490467131252, 0.7322151522863214, 0.016599753728877467], [-0.4631800026174805, -0.06914214771303889, -0.13475865694425898, 0.16390521603096397, 0.5758894695701198, 0.5550106381447509, -0.5892575408067491, -0.7522105330187873, -0.032446723826412116, -0.09698222714098527, -0.14512818343648753, 0.5256861395177475, 0.4790477097500686, 0.009167944994937345], [-0.3812609553824642, -0.46333758931885977, -0.2739715166959272, -0.6330309718623632, -0.07433650713776754, -0.20788875427627174, 0.11554283155380222, 0.19534688728870492, 0.09408747535545449, 0.7312227901496213, 0.44860140997709624, 0.3172583748056715, 0.1703301045165997, -0.003993065543799197]], "inverted": false, "swapped": false, "error_lsq": 0.034830952488624396, "error_max": 0.25015296315096874, "target": "235.xyz", "model": "21.xyz", "model_rescale": 4.186013935880536, "target_rescale": 3.812167854226083},
{"mapping": [0, 7, 2, 4, 8, 3, 1, 6, 12, 10, 9, 11, 13], "R": [[-0.21594971908796762, -0.8005930945328968, 0.5589422294048535], [-0.8429966491850115, -0.13597029165873914, -0.5204505060513248], [0.4926686191434061, -0.5835775670572657, -0.6455345497638775]], "T": [0.04347228541598436, -0.07381231298427056, 0.036683629469082296], "aligned_model": [[-0.1037444813367222, -0.47030362355234345, 0.29173201156253636, 0.5138253127039769, -0.29536958777123595, 0.5109175176416458, -0.03271888505337425, -0.5862043244187689, 0.4728974778501841, -0.18234599719016303, -0.5031656279431218, 0.36513679617044226, 0.07791744676016946], [-0.3088144970406318, 0.184129513805323, 0.31415473521782294, -0.4474605548037733, -0.5236899038039506, -0.4476939510225296, -0.69062113745987, -0.46572071565322065, 0.6595600289035676, 0.7102648829199628, 0.1412471381640225, 0.26842060453704286, 0.12518051578232747], [-0.5933064452966795, -0.4388014950897091, -0.5366696347890655, 0.5986982868045237, 0.5239788708194136, -0.30578617690359255, 0.005893978920933907, -0.08483398316584181, 0.0741763642779944, -0.04012455384819677, 0.43863120323287474, 0.48485223283947787, -0.023829086466786803]], "inverted": true, "swapped": true, "error_lsq": 0.055535097171216484, "error_max": 0.33637563131314413, "target": "235.xyz", "model": "22.xyz", "model_rescale": 4.166573947596378, "target_rescale": 3.812167854226083},
{"mapping": [4, 1, 8, 0, 5, 7, 2, 3, 6, 12, 9, 10, 10, 15], "R": [[0.06454038815160701, 0.7218392501657908, -0.6890447265724693], [0.5252290346379774, -0.6116784319898422, -0.5915944193547691], [-0.8485098699900304, -0.3237245631065658, -0.41860889595297057]], "T": [0.08756916832414832, -0.06818223814997847, 0.15650354158972885], "aligned_model": [[0.13930385109120155, -0.47350599117633185, 0.7152133495497656, -0.03397164113709686, -0.3944901781380946, 0.18120213927327344, -0.3411835646073099, 0.2751660376760947, -0.6611759284041919, -0.1588176273149028, 0.6205076523628724, 0.41435054243205094, 0.41435054243205094, 0.03203115110490436], [-0.45919036362737065, -0.0867450164363736, -0.13938252060784512, 0.10339511290117252, 0.5558510974584808, 0.5098387945384614, -0.5690494305450506, -0.6352247472285163, -0.1014687945593981, -0.12152411410309116, -0.18506005493569327, 0.6028787032888087, 0.6028787032888087, -0.05159626692800444], [-0.4634074857151918, -0.2827562329411771, -0.34854342827815415, -0.632511545135354, -0.10667541604009528, -0.25400126979650284, 0.02192126647455947, 0.08796990369322305, 0.2883383520706285, 0.7613419881469397, 0.4070336085597545, 0.21840975707346202, 0.21840975707346202, 0.11904125824394368]], "inverted": true, "swapped": false, "error_lsq": 0.04031590366766356, "error_max": 0.31468586083652744, "target": "235.xyz", "model": "23.xyz", "model_rescale": 4.274766983524099, "target_rescale": 3.812167854226083},
{"mapping": [9, 1, 4, 11, 5, 12, 10, 2, 7, 0, 13], "R": [[-0.18905416466412578, -0.9753162809362823, 0.11409064362939142], [-0.5798357462516059, 0.017109736281132548, -0.8145537209375657], [0.7924954449029933, -0.22014860677508102, -0.5687579104882831]], "T": [0.023254130053442887, 0.20864829720865682, -0.06964961542135356], "aligned_model": [[0.29550151303461036, 0.24657949321156597, -0.5324407895807939, -0.5214975760685555, -0.6233023573210917, -0.5426451931092592, 0.07172388738327573, -0.056098833796253966, 0.6094931145813599, 0.46176400887328617, -0.02918256325006835], [-0.26757845717849615, 0.7510905910816176, 0.5811550403988288, -0.09549971049737141, 0.2819403841097383, -0.32002559013581544, -0.5651326935573203, 0.07275366945580883, -0.09336249591871917, 0.5169926623943567, 0.05325313109085539], [-0.5232076257906844, -0.277226981666982, -0.5483429791984262, -0.24905444380301006, 0.1461073451977706, 0.2823568756988148, 0.19602707507735473, 0.6487660337878376, 0.2792043772098383, 0.36211320820220144, 0.06282354930686285]], "inverted": false, "swapped": true, "error_lsq": 0.049759054238239474, "error_max": 0.2546036288690329, "target": "235.xyz", "model": "24.xyz", "model_rescale": 3.7841303162186577, "target_rescale": 3.812167854226083},
{"mapping": [2, 8, 12, 9, 10, 14, 1, 4, 0, 6, 3, 11, 13, 15], "R": [[0.07620159636815216, 0.15765404340455882, -0.9845499069672086], [-0.21531701072294532, -0.9615214355546663, -0.17063151485651534], [-0.9735665881716979, 0.22499273669851572, -0.03932387097720785]], "T": [-0.032052646013095674, 0.023817373105025304, 0.010189062423059753], "aligned_model": [[0.15824009918849316, -0.3889080198353552, 0.6108026041984007, 0.0319780916139353, -0.39292284385929477, 0.2677681789260492, -0.4809540567086989, 0.18137904740349778, -0.7460944125388567, 0.08063525020214707, 0.6329054727708517, 0.1697226064346745, 0.6122839933903982, -0.007855676041956056], [-0.4951638717082337, -0.3422429175914262, 0.06761952649559083, 0.14792810674040455, 0.6956881310164459, 0.5910583472754374, -0.5593588108028973, -0.6574315976261353, -0.06469674862640878, -0.18718044570718265, -0.15446381553382374, 0.5217789207573981, 0.455748434346565, 0.006317843468654907], [-0.5028802960295233, -0.28664740667780375, -0.389798943724624, -0.5578226442886506, -0.1434907678969184, -0.45633436942744676, 0.11709769538267677, 0.22710170608731173, 0.1639406648943083, 0.6919572127103127, 0.4285769275362634, 0.5585945818354543, 0.11150959700519668, 0.07276655602294069]], "inverted": true, "swapped": false, "error_lsq": 0.04603232795377926, "error_max": 0.27640699677714503, "target": "235.xyz", "model": "25.xyz", "model_rescale": 4.19342608120988, "target_rescale": 3.812167854226083},
{"mapping": [2, 0, 7, 11, 10, 5, 9, 4, 6, 3, 8, 13], "R": [[-0.6245679519805718, -0.6683674479010626, -0.40397998458465073], [-0.7759601381104213, 0.47258604287697303, 0.4177897750562357], [-0.08832178339713467, 0.5744104687974483, -0.8137885941160921]], "T": [-0.014290272107559975, 0.04222236682528814, -0.017206592204342824], "aligned_model": [[-0.248924505282483, 0.46175858624250915, 0.16357754415230208, -0.5941838454803707, -0.5365676781878979, -0.4579546076066104, -0.08740191765823216, -0.10679833731823127, 0.6314433516262324, 0.20503511855243142, 0.3413452697794501, -0.17352042418731892], [-0.6398609961308772, -0.4513988019539043, -0.4833065777464528, 0.32324991617161203, -0.3159216523844587, 0.016798630997060804, 0.3474757190379251, 0.6921122077499215, 0.08975990180037358, -0.14689694042824603, 0.6695803246025529, -0.08881530397452654], [0.12630072591325, 0.041970459297154275, -0.515973213658439, 0.06149210175138843, -0.5374273295101705, 0.5047835211950751, -0.6560340385090729, 0.47856644708641105, -0.3988079931243672, 0.6086594903607675, -0.203232580038554, -0.06103912955402166]], "inverted": false, "swapped": true, "error_lsq": 0.04119230577495783, "error_max": 0.2175522759682467, "target": "235.xyz", "model": "26.xyz", "model_rescale": 3.795458400668931, "target_rescale": 3.812167854226083},
{"mapping": [7, 9, 10, 2, 5, 1, 6, 0, 8, 11, 3, 4, 13], "R": [[0.3177647897565632, 0.28315761834952724, 0.904901818741454], [-0.11089817727944529, 0.9589159279907302, -0.26111652058376905], [-0.941661899339176, -0.01737832605001556, 0.3361113820099454]], "T": [-0.0821985474607825, -0.037433280444331606, -0.04900143880443865], "aligned_model": [[-0.05544150553208649, 0.4383158310041543, 0.5292837912800519, -0.1727761782373252, -0.06888130134993012, -0.5638810549660548, -0.32635208278371725, -0.607369716068388, -0.07169930851122558, 0.3818195535074581, -0.6742420249106458, -0.1384606794971418, 0.029361058886107322], [-0.7319905896750559, -0.36593001474751197, -0.3502003852077661, -0.110496201878899, 0.561999668439001, -0.057878345631189924, -0.6130163201964621, -0.42591971380841986, -0.07718646235430063, 0.4146098768100846, 0.2628370463017322, 0.6685099651741968, -0.05345701996849447], [-0.3200364535569163, 0.3084619932663239, -0.49614406762288954, -0.7751851552748885, -0.3813579915803241, 0.3444069803508679, 0.36806519229306056, -0.265934220981598, 0.6946179292185672, -0.09131822405938145, -0.2358177773685412, 0.3695486303843742, -0.22717017296922842]], "inverted": false, "swapped": true, "error_lsq": 0.04645494650353502, "error_max": 0.2888446677388824, "target": "235.xyz", "model": "27.xyz", "model_rescale": 3.6321398670334006, "target_rescale": 3.812167854226083},
