[{"mapping": [9, 12, 6, 13, 5, 14, 7, 0, 11, 2, 4, 3, 10, 15], "R": [[0.5488308665921288, -0.7829684147052025, 0.29282271334333865], [-0.8353605048628334, -0.5266712431228026, 0.15744913014302164], [0.030943606626333414, -0.3310254721943675, -0.9431143249720316]], "T": [0.0800944580979103, 0.041032059737308405, 0.25124964315982495], "aligned_model": [[0.23963679828952564, 0.09337372412075184, -0.4183861391899022, -0.46600537558094945, -0.7075041306193045, 0.010232273642610756, -0.6654124435169324, -0.3451219234291466, -0.2551884695239923, 0.24200126574110428, 0.7648405673407701, 0.29855573474246844, 0.5641210536321458, 0.016349165479154368], [-0.7016179075168468, -0.3972137304126541, -0.42876207100477765, -0.2463449750006279, 0.09354255658322333, 0.2039194478397613, 0.2948190427050813, 0.5178424939801134, 0.6640044601604285, 0.28669104190074357, 0.3503401506970232, 0.546294278663691, -0.009450161667962018, 0.06120870488283737], [0.20762027103286515, -0.3403621202931371, 0.38662076030386916, -0.23694842393602306, 0.5397548690937217, -0.5558242564224327, -0.2032524828542393, 0.7203724619793618, 0.18105732034068492, 0.6993470271419266, 0.37661728989477833, -0.021988671814171468, -0.0734212318401995, 0.21799527455282874]], "inverted": false, "swapped": true, "error_lsq": 0.04969036385395413, "error_max": 0.35562234386349095, "target": "237.xyz", "model": "0.xyz", "model_rescale": 3.8414455957264533, "target_rescale": 4.230235006230383},
{"mapping": [8, 4, 12, 3, 10, 14, 13, 9, 5, 6, 11, 2, 0, 1, 15], "R": [[0.6349655325692355, -0.771456047341702, -0.04091869339293652], [0.3387658762519734, 0.23044486478200663, 0.9122131578654387], [-0.6943028543339715, -0.5930857706230361, 0.40766753016174784]], "T": [-0.058722210961258195, 0.012699811443571107, -0.07055289461169251], "aligned_model": [[-0.7044385628470217, -0.7016802967299087, 0.057104871855347836, -0.11253260010162122, -0.4187358360792937, 0.28135971195332504, 0.5704854701991503, -0.2920576933166407, 0.5984174889610774, 0.30632293318422643, 0.35997312198640957, -0.31945474518303757, 0.2563399454244277, -0.023355233817129922, 0.01429557801523347], [0.18248969188294042, 0.022783172316768484, -0.6530900040135789, -0.16816844817476814, -0.43309824748617565, -0.6732335729149502, -0.3654870295589266, -0.2648327376880948, 0.5082899331769529, 0.15147026818094753, 0.20152449226735444, 0.4476064450499688, 0.6874035563173704, 0.6988464135639391, 0.004540595123267438], [0.23496985568967305, -0.47892650037295054, 0.221933342100265, -0.6554165802005711, -0.18843273733128252, -0.38139205452530806, 0.21267907465777897, 0.5983390930328512, 0.09933530581964042, 0.5082385821583575, -0.6132090228421243, -0.24441542954612705, -0.34211149735857066, 0.27749398300353223, -0.083903626945629]], "inverted": true, "swapped": true, "error_lsq": 0.043971112608156705, "error_max": 0.29726182013522306, "target": "237.xyz", "model": "1.xyz", "model_rescale": 4.316132596720782, "target_rescale": 4.230235006230383},
{"mapping": [3, 2, 11, 12, 14, 10, 13, 9, 5, 8, 6, 15], "R": [[-0.2484373901374631, -0.04387972468798762, -0.9676535707281776], [0.6117081332068768, 0.767466949590225, -0.19185317577572897], [0.7510605987203985, -0.6395850616204082, -0.1638259014984348]], "T": [0.048939816815455665, -0.08149188714141281, 0.03384139053610855], "aligned_model": [[-0.24691450125628706, 0.41778345132658234, 0.1623729941791973, -0.5344418893113748, -0.6534475431608718, -0.44004665576095325, -0.2119935597810373, -0.11079494823825867, 0.6218125624458386, 0.22025748194611483, 0.3287134220201755, 0.04450774022265522], [-0.6145693261967424, -0.39004876761411694, -0.5589053970179976, 0.36061663858150905, -0.16930618416397814, -0.17171931346626113, 0.3921414371916294, 0.5717082930544968, 0.10633256190476775, 0.04929663498385711, 0.5155100471375669, -0.07828019665375008], [-0.043444329269855676, 0.2706967054521218, -0.4805956515661203, -0.04644576027799529, -0.39244718682731883, 0.34205011544802516, -0.5377644073824859, 0.38979164508563596, -0.5516865321746084, 0.7357437923260239, -0.19600680024829467, -0.04063312935570678]], "inverted": false, "swapped": true, "error_lsq": 0.04170972391192885, "error_max": 0.2173498742082524, "target": "237.xyz", "model": "2.xyz", "model_rescale": 3.795458400668931, "target_rescale": 4.230235006230383},
{"mapping": [14, 13, 9, 1, 3, 2, 6, 11, 5, 0, 10, 15], "R": [[0.9425700574084301, 0.21983821027817516, 0.2514614248324341], [-0.22420734418969354, 0.9744734428470041, -0.01151416507225806], [-0.24757373384200784, -0.045526590994667875, 0.967798830245176]], "T": [-0.04790076645980885, 0.14436882710293036, 0.03945604047186306], "aligned_model": [[-0.10457155869125465, -0.204423436356455, -0.7683041815067861, 0.14067937518334425, 0.22022076709275146, 0.22224369101689473, -0.2068234890680215, 0.6107985949856489, 0.4083085348909094, 0.6736618808851241, -0.3853707997860932, -0.013115552902497565], [-0.12155871874629981, -0.5910883704209917, 0.028963361797749804, 0.05891690233003019, 0.4171986646894413, 0.5116714779367738, -0.40981914634543154, 0.02797604950732624, -0.44698215330719976, 0.07193973849183317, 0.45486164874733326, 0.08368959060914477], [-0.740833820460011, -0.19238723757098558, 0.2552956857063641, 0.7812916761903164, -0.44153162985384514, 0.3213499038237236, 0.43332661417970425, -0.20138433816372003, 0.42478868371480155, 0.3593540766310456, -0.32379258134218897, 0.013294397783895639]], "inverted": true, "swapped": true, "error_lsq": 0.04735231651274981, "error_max": 0.2869482193183936, "target": "237.xyz", "model": "3.xyz", "model_rescale": 3.7530521520055578, "target_rescale": 4.230235006230383},
{"mapping": [11, 6, 13, 9, 14, 8, 3, 2, 4, 10, 15], "R": [[-0.5569921149160405, -0.4649756303422149, -0.6881551039621931], [-0.830481935442123, 0.3195236408751382, 0.45629420095613915], [0.007716140593731047, 0.8256526546373819, -0.5641260099167402]], "T": [-0.13492000625722453, -0.0390940518333856, -0.063105383526108], "aligned_model": [[-0.5026859690908259, -0.029897138630777836, 0.3434362472433682, 0.36914460749170697, 0.3911613097231098, -0.19647518650720588, -0.19304955099141372, -0.6116559717420875, -0.32155599287959846, 0.21983698670674182, -0.13005973887781241], [-0.6425385884422146, 0.03226226394751344, -0.4542777297710667, 0.47130299994254926, -0.6297937400056126, 0.6831409878522676, -0.36936171316455285, 0.15858361820203712, 0.23850486447548908, 0.0856938001706205, -0.10631340489268415], [0.01460628383751647, -0.7496862192495117, -0.5299519851695023, -0.3166797690487431, 0.17583735600839037, 0.05398376532484364, 0.4518884455099767, 0.08180760206514354, 0.6212714324648116, 0.38502054171270844, -0.09526667621031748]], "inverted": true, "swapped": true, "error_lsq": 0.048180388106874444, "error_max": 0.2539328941290991, "target": "237.xyz", "model": "4.xyz", "model_rescale": 3.7855080009869324, "target_rescale": 4.230235006230383},
{"mapping": [5, 7, 10, 9, 15, 4, 6, 0, 8, 13, 14, 3, 12, 1, 2, 16], "R": [[0.23741668385144132, 0.12833250889738593, 0.9628936002430837], [-0.8120680201111896, -0.5177446756390485, 0.26923220750888843], [0.5330842793983682, -0.8458553174198995, -0.018706497555761148]], "T": [0.005634864866339809, 0.10964032524054691, -0.0008856558992535891], "aligned_model": [[-0.7182488660878311, -0.17683570811121396, -0.21560201308702998, -0.25483436149894856, 0.3960055142756884, -0.26506848175264497, 0.31391604485926106, -0.646844490984259, 0.43461387649812644, 0.7296126460094116, 0.18911901926909747, -0.6054973680670136, 0.36293552118836897, -0.18267013681545485, -0.3773615430112395, 0.0056110154936520025], [0.061912920662573576, 0.10546893632090724, -0.49727718832463474, -0.4498732593738135, -0.6087188278226754, 0.6613709541156588, 0.4435869588371481, 0.5335955675365024, -0.2844799132709753, 0.1330188934423026, -0.1269689243200069, -0.13790675366879973, 0.43997442224801014, 0.7984557300025417, 0.12034193808873903, 0.08527256801912877], [-0.35979746056918016, -0.7275606598643225, -0.3380349546314143, 0.3540993437805914, 0.10346466741538378, -0.412363231419115, -0.46941466037883967, 0.053946141801340323, -0.3957984553102836, 0.01242801509671465, 0.6057831389454836, 0.21741332026092772, 0.4748042518728831, 0.2504676880083983, 0.6307668709016845, 0.046999248141483554]], "inverted": false, "swapped": false, "error_lsq": 0.04973699457241647, "error_max": 0.3059301181774096, "target": "237.xyz", "model": "5.xyz", "model_rescale": 4.2253639853439635, "target_rescale": 4.230235006230383},
{"mapping": [9, 13, 5, 1, 6, 11, 2, 8, 14, 12, 7, 3, 4, 15], "R": [[0.8712967119923385, -0.49065371131783386, -0.010048643758035963], [-0.03838597506516561, -0.08854984236657457, 0.9953318252397798], [-0.4892530598674235, -0.8668436196840181, -0.09598740762971365]], "T": [0.12578233301993758, -0.03848166031549561, 0.10901835698862558], "aligned_model": [[0.6040198310640353, -0.3052683773646127, -0.5184564016154711, 0.08485159309426074, -0.05442112039265126, -0.46975407234730193, 0.2383260436696783, 0.7955080358112286, -0.1714733116174636, 0.22596935899820794, -0.7248386205047286, 0.02121014313890987, 0.5935069777705672, 0.05488207305312484], [-0.11938593542657994, 0.15289077716638183, -0.5563920428834856, -0.8074409776750611, -0.4416902297503151, 0.0581904678494349, -0.3336781506286243, -0.3330555075666267, 0.7110424008247597, 0.4015732305012859, 0.18186425884843377, 0.4034886213331248, 0.15279852317738535, -0.025106289135122785], [-0.477180967492288, -0.520838623923858, -0.04273619168510526, 0.12353918569757527, -0.4317813614113162, 0.48508630955137066, 0.5420845883094092, 0.17079289122696312, -0.07163066434733309, -0.47283595728605077, -0.12475979631732989, 0.5230248101754523, 0.6790282904108993, 0.08976569602305987]], "inverted": false, "swapped": true, "error_lsq": 0.045837512840016616, "error_max": 0.2595481787897176, "target": "237.xyz", "model": "6.xyz", "model_rescale": 3.89814844738969, "target_rescale": 4.230235006230383},
{"mapping": [10, 8, 9, 3, 12, 1, 2, 14, 11, 5, 6, 7, 15], "R": [[0.6417091952186721, 0.49785521433914315, 0.5833948014227847], [0.2752068335487501, 0.5605360097432357, -0.7810637493503344], [-0.7158704544398206, 0.6617700260184481, 0.22268795459940757]], "T": [-0.10235154371628993, 0.034381970396985526, -0.12625725901444831], "aligned_model": [[0.22348598348601026, -0.09573985050528039, 0.47384622410089683, -0.24022832786325984, 0.6202597322438759, -0.5203087703556062, -0.565815458119072, 0.334317093309521, -0.5382958207070636, -0.44492186360069297, 0.06900607538096548, -0.06499370127928372, -0.10197951518678816], [-0.36461106174309393, 0.2290734642238068, 0.40886120580047397, -0.5588250020460882, -0.01951741566839428, 0.6716745220290741, 0.04229241886106837, -0.48673247342983783, -0.2354499533834365, 0.5686333993160367, 0.6720971839432479, 0.0006605455150991008, 0.035624432052529735], [-0.40352219207687234, -0.8341936045204191, -0.4528268364443091, -0.04397787960731529, 0.004769418357719157, -0.2374083814810249, -0.39550071810293963, 0.3433612492235668, 0.36626638071704, 0.42467389934544353, 0.10061416558088951, 0.7816126726073338, -0.05159314276281686]], "inverted": false, "swapped": true, "error_lsq": 0.04796822693802238, "error_max": 0.23200702871013248, "target": "237.xyz", "model": "7.xyz", "model_rescale": 3.7474275329858107, "target_rescale": 4.230235006230383},
{"mapping": [12, 9, 8, 10, 2, 3, 14, 7, 4, 11, 13, 5, 6, 1, 15], "R": [[-0.19179803015015828, 0.5410002859134352, 0.818860309376453], [-0.14988946121028474, -0.8407094702012239, 0.520327527747733], [0.9699209581448427, -0.022940735724006636, 0.24233666168335272]], "T": [0.0700120262089689, -0.12048963475064993, -0.005713332775292072], "aligned_model": [[-0.49064908215155284, 0.07749859645503145, 0.6213917330810801, -0.10066441015175409, 0.5447407574808507, -0.13054030200533992, -0.7234812059897093, -0.5816568740604176, 0.3866605156119332, -0.09673217489874894, -0.5539876304639664, 0.11830504374629336, 0.0574894280656279, 0.6541136577085831, 0.019665669910836348], [0.026239365215812285, 0.2364961432771328, -0.17606311599359126, -0.5106970411879209, -0.30080295307085286, -0.6672946941892809, -0.3506601599614279, 0.15890068237026306, -0.7930337707563596, -0.29640211280222195, 0.3580586783067807, 0.4816553527670317, 0.577289055452998, 0.33982498951492796, -0.09439245696369786], [-0.45999288578971836, -0.6775699840339195, -0.48739203126231295, -0.40677331702759456, 0.16596413910653235, 0.19039226800537407, 0.0073757919359533596, 0.563522339641077, -0.17209811389241186, 0.6626334236985527, 0.021925077036336584, 0.5785754255317568, -0.027227387306569723, 0.19458729742360578, 0.04287261262959942]], "inverted": true, "swapped": true, "error_lsq": 0.050176735024368604, "error_max": 0.3521857986649254, "target": "237.xyz", "model": "8.xyz", "model_rescale": 4.019505241142653, "target_rescale": 4.230235006230383},
{"mapping": [11, 2, 10, 14, 7, 13, 9, 0, 5, 1, 8, 6, 15], "R": [[0.14995933295022706, 0.9154588231860887, 0.37342648742672857], [0.9827364876406479, -0.09662113268553507, -0.15777627381291265], [-0.10835679176150381, 0.3906398594220845, -0.9141440290839559]], "T": [-0.0709752839580894, 0.019536195131601236, -0.12353594965919021], "aligned_model": [[-0.191019041097287, -0.5822950249978073, -0.08622870975687823, 0.4014169781814667, 0.4769682608198075, 0.6910701486579619, 0.2810623841177827, -0.41447497615121964, 0.1261074999484899, -0.2899418792673475, -0.42648709034450794, 0.3604578049356768, -0.02693558330496168], [-0.6811959524234271, 0.010992920528554502, 0.2664131521932903, -0.3201296059099896, -0.7022352664923391, -0.1657598282416581, 0.691398267602723, -0.5022671320428407, -0.4092648675126753, 0.12012392580896103, 0.657063733742552, 0.13802287347326656, -0.039783992612359216], [-0.1239472661164022, 0.03718912707907404, -0.6536873223907115, -0.7102675745781688, -0.04894114721273546, -0.05950405521555377, -0.06389460394064606, 0.36427818469104667, 0.5718719734926057, 0.6079832573799671, -0.044211586588862095, 0.41250618242754744, -0.11267167498328205]], "inverted": false, "swapped": true, "error_lsq": 0.049536980360057555, "error_max": 0.33424379816161204, "target": "237.xyz", "model": "9.xyz", "model_rescale": 3.877068213659057, "target_rescale": 4.230235006230383},
{"mapping": [5, 0, 1, 4, 7, 12, 11, 6, 8, 9, 2, 3, 14, 10, 13, 15], "R": [[0.737937087035445, -0.6731179738583576, 0.04859062508819714], [-0.6161409674306083, -0.701348376334487, -0.358442133777062], [0.2753527988441672, 0.23456906932031463, -0.9322865374373296]], "T": [-0.08786414357409901, 0.10448832589786727, 0.05956824669947908], "aligned_model": [[-0.6385767792009388, -0.09328236997660161, -0.204079930292594, -0.32905293865319546, 0.19929242381892487, -0.4885016058602967, 0.2187484770064903, -0.4555605993710816, 0.5428669045318972, 0.5456059652910256, 0.2789934596762604, -0.7051066167196036, 0.283711921967948, 0.16585610420036212, -0.24079411232749665, -0.09126963591312925], [-0.1872536074637805, 0.0919546317332528, -0.5636291575837654, -0.48317193820044424, -0.6587615876209512, 0.4943302140398991, 0.5123229987739473, 0.5746540397174272, -0.14052645189763827, 0.2241845582813655, -0.1936145569565243, 0.003230929187196127, 0.5139291312164225, 0.7664792349801561, 0.21653303202741672, 0.10711255225862788], [-0.412234338628195, -0.7364088792074337, -0.48174453662177813, 0.2931791601285554, 0.023829685824979074, -0.4361213152001652, -0.4736435843437458, 0.21464272257390893, -0.31119992807423114, 0.20110883108168337, 0.5252994225088807, 0.16689956405291387, 0.6107587773646663, 0.08416197804608191, 0.8090326584290148, -0.030356953883399374]], "inverted": true, "swapped": false, "error_lsq": 0.04362661165268517, "error_max": 0.29638901369672854, "target": "237.xyz", "model": "10.xyz", "model_rescale": 4.260839863003843, "target_rescale": 4.230235006230383},
{"mapping": [1, 5, 13, 6, 12, 9, 8, 2, 11, 14, 10, 15], "R": [[-0.45116731474466487, -0.7749112948919141, -0.4426743036985834], [0.7702768086843539, -0.5886247583810118, 0.24534573936374532], [-0.4506902396426352, -0.23028977152672786, 0.862464450873792]], "T": [0.12247431022598596, 0.08191989010953059, 0.02862021973349447], "aligned_model": [[0.40912363725383527, 0.1697156226167862, -0.5306489339358093, -0.23862085726590568, -0.5784523927713668, -0.4009360883580597, 0.2790554547450621, 0.6311187772198055, 0.444819249757179, -0.3097499271822681, -0.016854354760167334, 0.10032846177503926], [-0.16079970458331444, -0.6897524480285618, -0.3489356654072203, -0.25757910005265805, 0.23132632265867753, 0.45385823224223226, 0.6513782329055936, 0.1584995475924884, -0.42120408771585827, -0.022600151115160047, 0.5634000554484978, 0.015487271588217652], [-0.6437665539005271, -0.30091614483892465, 0.11193564070040421, -0.4631779972232263, 0.19779369603634714, -0.37953376909213915, -0.40763876589894243, -0.12227635964044065, 0.4138425170141606, 0.7250676872325584, 0.3302918134145895, 0.054556313591645186]], "inverted": false, "swapped": true, "error_lsq": 0.04438160026508841, "error_max": 0.24884207207074885, "target": "237.xyz", "model": "11.xyz", "model_rescale": 3.890672605050136, "target_rescale": 4.230235006230383},
{"mapping": [6, 9, 12, 5, 13, 2, 8, 11, 1, 4, 14, 10, 3, 15], "R": [[0.30196623994711225, -0.950067856911815, -0.07866039152708398], [-0.3754187899440159, -0.042664618403651544, -0.9258728111859866], [0.876285981908403, 0.30911292046671535, -0.369556599604667]], "T": [0.039052484072056415, -0.0327009162006971, 0.12082400228093688], "aligned_model": [[0.5378563513971426, 0.09004361821789238, 0.36606764114757656, 0.6101007828783261, 0.7852683997502882, -0.34075455432894247, -0.4937893480874692, 0.21738387553376, 0.054584499566866486, -0.6908366962103941, 0.3838280147932512, -0.2489418702831333, -0.16498161569557054, 0.10404673611409986], [-0.2830460761648185, 0.2176312174071625, 0.5746714592961778, -0.6448399562095015, 0.20717421733570252, -0.400007220934885, -0.11911146899055078, -0.23856871236805166, -0.743994972123822, 0.10250940411057732, 0.6120624997880302, 0.4760117944969042, 0.2073668874710237, -0.03570655328618377], [-0.2987433621946968, -0.5958488529399552, -0.13685811714598367, 0.19494411255532024, 0.051761214512401274, 0.21130111261259021, -0.37690600466200075, 0.7775222440533158, -0.17414062982678935, 0.29183783181578055, 0.5057802026792204, 0.09819643568638863, 0.6484715662947025, 0.15747268191656733]], "inverted": true, "swapped": true, "error_lsq": 0.05077914039184565, "error_max": 0.34919181282103107, "target": "237.xyz", "model": "12.xyz", "model_rescale": 4.124412569039231, "target_rescale": 4.230235006230383},
{"mapping": [7, 6, 1, 14, 5, 11, 12, 3, 9, 10, 2, 8, 15], "R": [[0.17744787654100228, 0.49095881022518356, 0.8529195142411514], [-0.8988355430598431, -0.27207509902594484, 0.34361287377270855], [0.40075792898382717, -0.8276077495724016, 0.39301208022693046]], "T": [0.1602227828994257, 0.10987104754342208, -0.09869939638451102], "aligned_model": [[-0.23536735611029302, 0.14377198250646256, 0.7791007147352609, -0.573935853432942, 0.422562540751104, 0.2500140107586107, -0.527504194314807, 0.043355452138995415, -0.07816244666069821, -0.1476467135226182, 0.6640157279267515, 0.49572023534679566, 0.1313742073871352], [-0.383718934655781, 0.5012349532631492, 0.381855299444275, -0.2684428473384362, -0.005890475410665813, -0.5594769040241823, 0.3729290743212769, -0.401530792945929, 0.8313282365542176, 0.15969932108240043, 0.02333342436613825, 0.6255857265071991, 0.07057929534481511], [0.554475868778993, 0.4792957895601339, 0.2703524751672802, -0.12460304563581003, 0.6912887528134346, 0.12344260900437674, -0.09019824906726932, -0.4188315575030827, -0.1381742116572402, -0.5936487809327864, -0.26012220681075976, -0.4994514280033141, -0.04212793474611662]], "inverted": true, "swapped": true, "error_lsq": 0.045008636198430055, "error_max": 0.2879656730434719, "target": "237.xyz", "model": "13.xyz", "model_rescale": 3.9028299243045295, "target_rescale": 4.230235006230383},
{"mapping": [13, 11, 10, 4, 7, 12, 1, 8, 9, 6, 3, 5, 2, 2, 0, 15], "R": [[-0.9365808644852665, 0.27974880133929825, -0.21108503601453374], [0.29958886991618505, 0.326605932128605, -0.8964234903887494], [-0.18183177198271558, -0.9028118149690061, -0.3897024935126728]], "T": [-0.08185654121717635, 0.07205787766592515, -0.018438899154963377], "aligned_model": [[-0.7152754652088968, 0.13477578931689538, -0.2972045415565096, -0.3052467753009321, 0.3309113494273014, -0.4467617795334932, 0.3302482305468598, -0.6144683882246778, 0.439745845693299, 0.5844481093999754, 0.2574610040584366, -0.5877387257670512, 0.0703681075666825, 0.0703681075666825, -0.25527500303003103, -0.007505196776570092], [-0.07637024768189458, 0.24064666810905905, -0.6198352565769486, -0.38528696004207424, -0.7340380764753162, 0.4787905877303813, 0.5000402172501748, 0.553952539535593, -0.31133201833879337, 0.08633691625896926, -0.06289766189088948, 0.015001623067658232, 0.7043894845721053, 0.7043894845721053, 0.1881020004760519, -0.004115278073574272], [-0.4760423411548425, -0.7043725267328973, -0.19239789313457178, 0.42910526248783704, 0.0030072428570713863, -0.4493135428436133, -0.28149693426529737, 0.2654788967761832, -0.44480563574970294, -0.0028670054984165916, 0.48687293629836575, 0.03568718348009065, 0.3267192743914025, 0.3267192743914025, 0.7838554407904337, -0.058946368041709]], "inverted": false, "swapped": false, "error_lsq": 0.05127576143892171, "error_max": 0.43781071556762197, "target": "237.xyz", "model": "14.xyz", "model_rescale": 3.942246331269136, "target_rescale": 4.230235006230383},
{"mapping": [3, 14, 11, 13, 6, 7, 2, 3, 4, 0, 1, 8, 12, 9, 15], "R": [[0.14669267896812344, -0.5771844781491965, 0.8033301538724879], [0.37769865130599584, 0.7832664345966945, 0.4937989684434486], [-0.9142346453393609, 0.2309800221184114, 0.33290125058850617]], "T": [-0.07897862628208983, 0.029719089662693432, 0.052529276486681716], "aligned_model": [[-0.5558356019915555, -0.5291058584749297, -0.05287670211719731, 0.1543499843298331, 0.5244308043207545, 0.15972494831963335, -0.027069222270819246, -0.5558356019915555, -0.6294152991149423, 0.3642804992491222, 0.582226374417635, -0.12161509553302906, -0.28672775829298547, 0.002709411083408511, -0.054946845401163055], [0.22048697731500197, -0.4583056988649421, 0.29712577156203984, -0.6481344806049621, -0.3095180375903954, -0.32430735135014094, 0.5514177356902404, 0.22048697731500197, 0.4992663138599751, 0.5632657767322024, 0.35394292368564256, 0.2463935556811421, -0.6737951142045622, -0.44263795361891345, 0.0024572942743209328], [-0.2849458393297427, -0.4394042414073398, -0.6056869277022434, -0.27184741487734276, 0.14379811597517142, -0.7502449372040032, 0.16428504554853846, -0.2849458393297427, 0.29087912346285416, -0.330984296688272, 0.27807630970255665, 0.7527839935785545, 0.1169362112991291, 0.6433694769658289, -0.012706299633431055]], "inverted": true, "swapped": true, "error_lsq": 0.055282423772027994, "error_max": 0.5105908905183357, "target": "237.xyz", "model": "15.xyz", "model_rescale": 4.355366556412066, "target_rescale": 4.230235006230383},
{"mapping": [3, 2, 11, 12, 14, 10, 13, 9, 5, 8, 6, 15], "R": [[-0.2484373901374631, -0.04387972468798762, -0.9676535707281776], [0.6117081332068768, 0.767466949590225, -0.19185317577572897], [0.7510605987203985, -0.6395850616204082, -0.1638259014984348]], "T": [0.048939816815455665, -0.08149188714141281, 0.03384139053610855], "aligned_model": [[-0.24691450125628706, 0.41778345132658234, 0.1623729941791973, -0.5344418893113748, -0.6534475431608718, -0.44004665576095325, -0.2119935597810373, -0.11079494823825867, 0.6218125624458386, 0.22025748194611483, 0.3287134220201755, 0.04450774022265522], [-0.6145693261967424, -0.39004876761411694, -0.5589053970179976, 0.36061663858150905, -0.16930618416397814, -0.17171931346626113, 0.3921414371916294, 0.5717082930544968, 0.10633256190476775, 0.04929663498385711, 0.5155100471375669, -0.07828019665375008], [-0.043444329269855676, 0.2706967054521218, -0.4805956515661203, -0.04644576027799529, -0.39244718682731883, 0.34205011544802516, -0.5377644073824859, 0.38979164508563596, -0.5516865321746084, 0.7357437923260239, -0.19600680024829467, -0.04063312935570678]], "inverted": false, "swapped": true, "error_lsq": 0.04170972391192885, "error_max": 0.2173498742082524, "target": "237.xyz", "model": "16.xyz", "model_rescale": 3.795458400668931, "target_rescale": 4.230235006230383},
{"mapping": [10, 8, 9, 3, 12, 1, 2, 14, 11, 5, 6, 7, 15], "R": [[0.6417091952186721, 0.49785521433914315, 0.5833948014227847], [0.2752068335487501, 0.5605360097432357, -0.7810637493503344], [-0.7158704544398206, 0.6617700260184481, 0.22268795459940757]], "T": [-0.10235154371628993, 0.034381970396985526, -0.12625725901444831], "aligned_model": [[0.22348598348601026, -0.09573985050528039, 0.47384622410089683, -0.24022832786325984, 0.6202597322438759, -0.5203087703556062, -0.565815458119072, 0.334317093309521, -0.5382958207070636, -0.44492186360069297, 0.06900607538096548, -0.06499370127928372, -0.10197951518678816], [-0.36461106174309393, 0.2290734642238068, 0.40886120580047397, -0.5588250020460882, -0.01951741566839428, 0.6716745220290741, 0.04229241886106837, -0.48673247342983783, -0.2354499533834365, 0.5686333993160367, 0.6720971839432479, 0.0006605455150991008, 0.035624432052529735], [-0.40352219207687234, -0.8341936045204191, -0.4528268364443091, -0.04397787960731529, 0.004769418357719157, -0.2374083814810249, -0.39550071810293963, 0.3433612492235668, 0.36626638071704, 0.42467389934544353, 0.10061416558088951, 0.7816126726073338, -0.05159314276281686]], "inverted": false, "swapped": true, "error_lsq": 0.04796822693802238, "error_max": 0.23200702871013248, "target": "237.xyz", "model": "17.xyz", "model_rescale": 3.7474275329858107, "target_rescale": 4.230235006230383},
{"mapping": [14, 10, 3, 9, 7, 5, 11, 2, 13, 0, 6, 8, 1, 15], "R": [[0.6609183800735097, 0.5159770426153212, -0.5449353965149951], [-0.33455064873091206, 0.8525666146075048, 0.4015047086777742], [0.6717609383662716, -0.08305335123067255, 0.7360974001683614]], "T": [0.04089684360576444, 0.07088649683619809, -0.08799789103505792], "aligned_model": [[0.4684784886629558, 0.2102286739068725, 0.6437305242374054, -0.5867543590209732, 0.2872853295804813, -0.1744072315007757, 0.5657726098722674, 0.13395568215136305, -0.15268876674616633, 0.21866678993542943, -0.5357830251557609, -0.315216996248556, -0.4069595083017851, 0.05853943651011863], [-0.5047808722551205, 0.20265661306679345, 0.10146338526106592, 0.07966707755625328, -0.7540912573660096, -0.30763646174540393, -0.1559403809299566, 0.5165596098116597, -0.6879741397420637, 0.1245535088108206, -0.2538757296027877, 0.6861534492032602, 0.3097049955917002, 0.003948443851021194], [-0.4985613116904827, -0.6322448429339241, -0.20345794225526365, -0.5179550092829552, 0.20434604114264368, 0.6307987976667406, 0.3344843132474584, 0.1949666727352025, -0.16417588570330255, 0.6825545591373022, 0.13445344241236332, -0.2717147164298584, 0.49129048654520746, -0.05998988592947654]], "inverted": true, "swapped": true, "error_lsq": 0.04396631624584265, "error_max": 0.2593539533153009, "target": "237.xyz", "model": "18.xyz", "model_rescale": 3.922800546911778, "target_rescale": 4.230235006230383},
{"mapping": [4, 10, 3, 2, 13, 8, 12, 0, 9, 11, 14, 7, 1, 6, 15], "R": [[0.893977103456014, -0.21888355679081123, -0.3910178091378949], [0.42035884231781556, 0.7119399468787466, 0.5625299598452633], [0.15525263985395338, -0.6672566976845504, 0.7284676500802816]], "T": [0.015087260844717731, 0.09013366411843454, -0.01803467411052696], "aligned_model": [[-0.20423561581094554, -0.13268019726367483, 0.3737810811382954, -0.11340916827351011, 0.3438269614624622, -0.6871980265877888, -0.018519489756420676, 0.35840134497367787, -0.5665232193377994, 0.6633438672221339, 0.544663802593429, 0.8122763261777746, -0.256180268348575, -0.10106254904979106, 0.079565987748351], [0.4926840568373171, -0.10817870929773823, 0.24184770313260578, 0.610483513417921, -0.5492555457424773, 0.2783464599786454, -0.6327119424161018, 0.6785745404366683, -0.39035074115248297, 0.3801193808390923, -0.4252191113993999, -0.2111662530936413, 0.4729862268900361, -0.18817151790960157, 0.06762344451373598], [-0.6264066271142762, -0.5482029094943376, -0.493425050208546, -0.026873081673786003, 0.30174585798322645, -0.1204733390486712, -0.15443484117034068, 0.3870655050741858, 0.08070862906453434, 0.015250034277061019, -0.3878204345207377, 0.2989330050492821, 0.5927209680868497, 0.6117035396154341, 0.012167911243450884]], "inverted": true, "swapped": true, "error_lsq": 0.040485353556702366, "error_max": 0.2693580282436732, "target": "237.xyz", "model": "19.xyz", "model_rescale": 3.9282355846067225, "target_rescale": 4.230235006230383},
{"mapping": [4, 10, 12, 8, 2, 9, 1, 6, 0, 11, 14, 3, 7, 15], "R": [[0.050302942034325074, 0.9918800517697638, 0.11680572299293329], [-0.541464497607752, 0.12535869087751628, -0.8313250847002394], [-0.8392173805713727, -0.021428054570722388, 0.5433737448793767]], "T": [-0.03719295145416662, -0.10704077510130545, -0.009732157517016723], "aligned_model": [[-0.7503174882304458, -0.21374801716563352, 0.4511082395349599, -0.3976937333828702, -0.4828524114331647, 0.2733350867166704, -0.05240078688597016, 0.5164906809032399, -0.19857833647858247, -0.10702127194702207, 0.2764485615809348, -0.34984535807515377, 0.555712210946784, 0.011885443000929953], [-0.3744377541699329, -0.6647491691347607, -0.6568342764129871, -0.20312782214429237, 0.17750403443511586, -0.43029036541875487, 0.5466968532405249, 0.1896291055854381, 0.6268288845072191, 0.21528808947387368, -0.6065742439552363, -0.31584981793703937, 0.10410396460384734, -0.08530539524817946], [-0.02449788597269607, -0.015302878475613343, -0.048837693445275665, -0.6421314199796931, -0.09790989000939575, -0.6245234181559265, -0.4166479310166747, -0.31458652875314397, 0.24250475624770823, 0.6200807703792178, 0.5689530938955528, 0.47639711778075855, 0.6465009740175754, 0.042184090731288565]], "inverted": false, "swapped": true, "error_lsq": 0.050155137704434784, "error_max": 0.29874598500960536, "target": "237.xyz", "model": "20.xyz", "model_rescale": 4.067790424073018, "target_rescale": 4.230235006230383},
{"mapping": [9, 14, 8, 1, 4, 3, 2, 12, 10, 13, 7, 5, 6, 11, 15], "R": [[-0.1721483114795689, -0.975265273215621, 0.1386456119550622], [0.12818629147774482, -0.16172854704820797, -0.9784744001489556], [0.9766950565718638, -0.1506702489854448, 0.1528569348729331]], "T": [-0.027121678297300056, -0.023708034940572244, -0.024716402392700954], "aligned_model": [[0.37226283044035596, 0.06253756875509862, -0.23477901059028217, 0.15056587923469242, -0.7466191912566171, -0.47435459867077, -0.39258449362430625, 0.37162996612485716, -0.2757206072323479, 0.6468377945139239, 0.4144664930876767, 0.4423046653453129, 0.6205008409135425, -0.1992285629741696, 0.010624379840548044], [-0.09733187470758178, 0.7898863967934662, -0.4529444850638041, -0.75964104790807, -0.030869679398062896, 0.3526205098902247, -0.40526105889654856, 0.4803320189144495, 0.3290280402175126, 0.3554153568685717, 0.39975340663063075, -0.36781484957611266, -0.2837145857801654, 0.12470253785465149, 0.006734454088686115], [-0.6681119251366432, 0.08844995955280628, -0.583068319891471, 0.11675565850358582, -0.274792022552403, 0.16510972151326478, 0.06587960156827335, -0.38413390381221474, -0.41970654245973055, 0.12085840293472075, 0.6479208326945807, 0.5815290616193867, -0.0024355442303029343, 0.6489227722073374, 0.032071821109950265]], "inverted": true, "swapped": true, "error_lsq": 0.03459898187819167, "error_max": 0.2516713061346027, "target": "237.xyz", "model": "21.xyz", "model_rescale": 4.186013935880536, "target_rescale": 4.230235006230383},
{"mapping": [13, 7, 14, 9, 1, 12, 6, 5, 3, 11, 0, 2, 15], "R": [[0.7395455670091058, -0.3561981107698833, 0.5711350630114969], [-0.627152616979855, -0.6727776988980687, 0.3924917360668111], [0.2444421185730885, -0.6484543729125326, -0.720940342135266]], "T": [0.19932988841004554, 0.008893373913538637, 0.16399262397035677], "aligned_model": [[0.026056465147664826, -0.34138619423466465, 0.40547643267899347, 0.6053173222395188, -0.27508350746942933, 0.5951361739878813, -0.1193887467959471, -0.6043681995713193, 0.3222489401255519, -0.27038588150283627, -0.5118442928692372, 0.07541290301983647, 0.15138262066721225], [-0.3422475424143443, 0.10151719977463108, 0.27590053772573997, -0.6344758989752403, -0.3344368906889396, -0.30040080680557985, -0.603609921615585, -0.22419193746412094, 0.5944388957528568, 0.5064734124165147, 0.25232986705547816, 0.21321458425482157, 0.014445160529860116], [-0.5185206131366755, -0.5611332275083813, -0.5903230143174575, 0.17567323027871845, 0.664233436888939, -0.37444463719993026, 0.06019996985964651, 0.08624446891443119, 0.023629649448255713, -0.028925535374300065, 0.41539536490104034, 0.6438372229259605, 0.10701324565509886]], "inverted": false, "swapped": true, "error_lsq": 0.04048426347749176, "error_max": 0.3004127748275545, "target": "237.xyz", "model": "22.xyz", "model_rescale": 4.166573947596378, "target_rescale": 4.230235006230383},
{"mapping": [5, 6, 13, 10, 14, 1, 2, 0, 12, 11, 9, 7, 3, 4, 8, 15], "R": [[-0.9656968052379202, 0.25769810747616384, 0.03195881343977418], [0.1589787220912521, 0.4894202036304127, 0.8574343299638743], [0.2053179151353023, 0.8331023644676379, -0.5136000428766765]], "T": [0.023149691057624197, 0.07940046596382011, 0.04025739991441595], "aligned_model": [[-0.6427153877693824, 0.06504910141554768, -0.41769503099916616, -0.35772911962156906, 0.19307348700557092, -0.33861198904206874, 0.22477584091679426, -0.6766664967281294, 0.47162947625392065, 0.8106277653386652, 0.33828141499171277, -0.6591824166628428, 0.3804135982660865, -0.15218868142687814, -0.2293031613328645, -0.020907732427425926], [-0.09063310711237904, 0.1876451424903824, -0.5951528865369096, -0.5205035363466068, -0.6928997848913101, 0.5068501160002088, 0.6268124014896939, 0.4975961073174372, -0.22054436771689917, 0.12294686708776738, -0.12061349522669668, -0.0921016565872379, 0.49150800464665734, 0.7547334154473877, 0.3176667977905119, 0.1044640046405999], [-0.42747570991103845, -0.711829803395268, -0.2194479033823052, 0.2768747126614192, 0.014645111457707853, -0.40078040386475866, -0.29514729254810135, 0.0863602382637666, -0.3316032382926231, 0.04893616147235186, 0.5105079482195741, 0.16831818385877106, 0.29315368138763465, 0.2705515071792455, 0.7707201660147455, -0.006580095069385207]], "inverted": true, "swapped": false, "error_lsq": 0.043984288084957406, "error_max": 0.38654404248684004, "target": "237.xyz", "model": "23.xyz", "model_rescale": 4.274766983524099, "target_rescale": 4.230235006230383},
{"mapping": [13, 10, 9, 6, 8, 1, 5, 2, 11, 4, 15], "R": [[0.6718762017560849, 0.14742589130664402, -0.7258429417485976], [-0.6334262304492729, 0.6222747865882865, -0.45994054023898245], [0.3838666175804313, 0.7687910616994347, 0.511475046662508]], "T": [0.06430015668194758, 0.14295503293257997, 0.01566428447324006], "aligned_model": [[0.19064000044332996, 0.21970212131512562, -0.47291483802143464, -0.3580948066119316, -0.4845618624471679, -0.49419231332534774, -0.05345226372566808, -0.05146861846496284, 0.5932697228363218, 0.18703863991643221, 0.10392892204337809], [-0.24780937641022618, 0.6863451946113645, 0.402514585398701, -0.30792987200328736, 0.5814917585411811, -0.2649499958721425, -0.6874946610318601, 0.17495604286167266, -0.24786000905448327, 0.7408512570240999, 0.08547160717846371], [-0.6555207581374296, -0.13539444091065653, -0.45647461720511084, -0.3096049393919902, 0.22910838908609138, 0.35461009151666056, 0.0685020352016566, 0.5380883856352082, 0.2856476477856996, 0.47142863811955005, -0.010823997678101539]], "inverted": true, "swapped": true, "error_lsq": 0.04613674172260647, "error_max": 0.21172597337672824, "target": "237.xyz", "model": "24.xyz", "model_rescale": 3.7841303162186577, "target_rescale": 4.230235006230383},
{"mapping": [6, 11, 7, 8, 0, 3, 13, 5, 10, 14, 9, 4, 12, 12, 2, 15], "R": [[0.30548660796071553, -0.9521942755579504, -0.0019984872594077663], [0.19619703529392327, 0.0649981879266478, -0.9784078694021872], [0.9317642704560694, 0.2984984039503764, 0.2066737698416197]], "T": [-0.06051753129276981, -0.08250060498624566, 0.0011211486290964284], "aligned_model": [[-0.602734376095064, 0.05706583537837305, 0.011974875199682586, -0.1752991285117837, -0.1252566240860272, -0.5091465229909972, 0.17438404709683958, -0.4783926402598253, 0.6343332812334079, 0.6229255478982195, 0.32757347951585386, -0.7772781348034905, 0.10106727132292818, 0.10106727132292818, -0.2630050312338779, -0.11042848280919654], [-0.07825906151803189, 0.07229630211353084, -0.5254471356853474, -0.41708192613878653, -0.8150333831289549, 0.5060125003985273, 0.5673143356225007, 0.6102150356606737, -0.37622852370024223, 0.3134937011092049, 0.06684906961303273, 0.056182016030243045, 0.6108426931588776, 0.6108426931588776, 0.14407662169315, -0.06830091589464829], [-0.4763821024223293, -0.74160332154629, -0.4693560368356421, 0.47476479961001616, -0.021998716474823543, -0.3172909118073042, -0.3657054980349133, 0.34003733288795235, -0.18904026537714474, 0.07455839637493193, 0.4124856470398781, 0.15515267378320077, 0.2625352433313989, 0.2625352433313989, 0.6913780577905296, -0.04486727759912374]], "inverted": true, "swapped": false, "error_lsq": 0.050043814455142714, "error_max": 0.39424281734406275, "target": "237.xyz", "model": "25.xyz", "model_rescale": 4.19342608120988, "target_rescale": 4.230235006230383},
{"mapping": [3, 2, 11, 12, 14, 10, 13, 9, 5, 8, 6, 15], "R": [[-0.2484373901374631, -0.04387972468798762, -0.9676535707281776], [0.6117081332068768, 0.767466949590225, -0.19185317577572897], [0.7510605987203985, -0.6395850616204082, -0.1638259014984348]], "T": [0.048939816815455665, -0.08149188714141281, 0.03384139053610855], "aligned_model": [[-0.24691450125628706, 0.41778345132658234, 0.1623729941791973, -0.5344418893113748, -0.6534475431608718, -0.44004665576095325, -0.2119935597810373, -0.11079494823825867, 0.6218125624458386, 0.22025748194611483, 0.3287134220201755, 0.04450774022265522], [-0.6145693261967424, -0.39004876761411694, -0.5589053970179976, 0.36061663858150905, -0.16930618416397814, -0.17171931346626113, 0.3921414371916294, 0.5717082930544968, 0.10633256190476775, 0.04929663498385711, 0.5155100471375669, -0.07828019665375008], [-0.043444329269855676, 0.2706967054521218, -0.4805956515661203, -0.04644576027799529, -0.39244718682731883, 0.34205011544802516, -0.5377644073824859, 0.38979164508563596, -0.5516865321746084, 0.7357437923260239, -0.19600680024829467, -0.04063312935570678]], "inverted": false, "swapped": true, "error_lsq": 0.04170972391192885, "error_max": 0.2173498742082524, "target": "237.xyz", "model": "26.xyz", "model_rescale": 3.795458400668931, "target_rescale": 4.230235006230383},
