[{"mapping": [8, 11, 7, 9, 3, 0, 2, 4, 1, 12, 5, 6, 13, 14], "R": [[-0.37703485973286177, 0.17776472476667235, 0.9089798772111792], [-0.8431522454970352, -0.47205146063558157, -0.25741349891783344], [0.38332623893953394, -0.8634622870400557, 0.32786258310461114]], "T": [-0.0656506740526663, 0.04935565689485294, 0.0783353378639143], "aligned_model": [[0.12944576251398954, 0.2711951719960864, -0.44219663932750963, -0.20510441321670914, -0.4549103045206431, -0.22230966776456246, -0.6706973844825661, 0.12278881250704375, -0.5451747455580913, 0.0731815432165414, 0.6145652073754643, 0.12202301120087354, 0.6055624152471594, -0.02687666805877298], [-0.6999954729026936, -0.44711177054859697, -0.43508881921267456, -0.17529233443630476, 0.2602175763044217, 0.4054238986375993, 0.21165556739031463, 0.6713204987449002, 0.686800396938025, -0.24147398023889471, 0.441634448777175, 0.6446608703120815, -0.147483697794608, 0.06000614983929002], [0.3334949946153939, -0.34017923492046853, 0.37004038063441136, -0.34366833169100175, 0.6421986735941834, -0.5733829125724905, -0.22204143535105433, 0.5110765390155644, 0.09552733788612211, 0.812197431410525, 0.43388507889367633, -0.15529633623644362, 0.16815186517451491, 0.165584036726901]], "inverted": false, "swapped": true, "error_lsq": 0.05140026283775719, "error_max": 0.34425521628119327, "target": "239.xyz", "model": "0.xyz", "model_rescale": 3.8414455957264533, "target_rescale": 4.352060990468289},
{"mapping": [5, 6, 10, 8, 9, 7, 2, 12, 11, 3, 4, 1, 13, 0, 14], "R": [[-0.018709273064372922, 0.9056529511759478, -0.42360676945452524], [-0.5752000043417685, -0.3562960862873901, -0.7363409902358542], [-0.8177988249604132, 0.22988221097463202, 0.5275976222186587]], "T": [-0.09855672394930044, -0.06468800406677494, 0.058816751960571734], "aligned_model": [[-0.3681210116910975, -0.46999941500580916, 0.16284492701602682, 0.3153769783976544, -0.3102941169627899, -0.49135111660679737, -0.8178844602820338, 0.6252939741323367, 0.6829276722671181, -0.18637114027136542, -0.44578783215482315, 0.27528634141743724, 0.332521094366693, -0.06248854781011136, -0.04997369802115776], [0.23511201964976558, -0.35856950318400876, 0.052193573978265906, -0.6640249892497032, -0.6946711599695252, -0.258412664318206, -0.0318994710724789, -0.13147955146078127, 0.13416305874437134, 0.6973507638963989, 0.2999165586057468, 0.6985534631399479, -0.5247446957544177, 0.13265174882191103, 0.008201252898981881], [-0.462506396898476, -0.5622236376446044, -0.5627853506715641, -0.2473800242369451, 0.21308333833657037, 0.5290702189785379, -0.10272967314669684, -0.1732793487186809, 0.33450823789931267, -0.09917826836361099, 0.2645138720690812, 0.22068619435805426, 0.479966078955967, 0.7554324839871975, 0.0390469548439155]], "inverted": false, "swapped": false, "error_lsq": 0.045969373906124635, "error_max": 0.38225818696595804, "target": "239.xyz", "model": "1.xyz", "model_rescale": 4.316132596720782, "target_rescale": 4.352060990468289},
{"mapping": [5, 10, 13, 3, 12, 4, 7, 1, 11, 6, 9, 14], "R": [[-0.2798739245206457, 0.9584631226082746, -0.05494569112685421], [0.3552123140753172, 0.05021202303557465, -0.9334361063682577], [-0.8919051509564626, -0.2807618124721926, -0.35451093968262704]], "T": [0.03147431349804853, 0.13533737234102558, -0.10150430216080983], "aligned_model": [[-0.23299374550869106, 0.642026583383428, 0.13738032878892112, -0.6364468737175912, -0.5776066739488451, -0.4641411384435496, -0.2335589434655055, -0.2222307092403416, 0.6068349285273306, 0.1760626912986468, 0.447540118475137, -0.045058011517159054], [-0.635179818927792, -0.2577869823971617, -0.5209021312831787, 0.37655317602480354, -0.13217984065346836, -0.19195293214456785, 0.47986575449109214, 0.5456187357899954, -0.06216509679848228, -0.046904254117563354, 0.3797054524922885, 0.0781043652650148], [0.18019024513901608, 0.16311328101344533, -0.33703217989162654, -0.0034028543037124687, -0.5485666313882026, 0.4053102913081107, -0.62363715208499, 0.5340093962520394, -0.5077707362929388, 0.5230560704149982, -0.2246897307866213, -0.1113215381700971]], "inverted": false, "swapped": true, "error_lsq": 0.04258779060576881, "error_max": 0.2374010946743426, "target": "239.xyz", "model": "2.xyz", "model_rescale": 3.795458400668931, "target_rescale": 4.352060990468289},
{"mapping": [12, 7, 11, 0, 5, 6, 9, 3, 2, 1, 13, 14], "R": [[-0.2963115709135138, -0.7719100521847504, -0.5624538419096292], [-0.8293656917966259, -0.08409720470965576, 0.55234066429218], [-0.4736581068803427, 0.6301448496148792, -0.6152767395980216]], "T": [-0.0006687871381581487, -0.01945865465564688, 0.04948024305552286], "aligned_model": [[-0.02548229310787791, -0.05874806855594237, -0.7125248429738286, 0.11350144608272328, 0.06298821311089348, 0.2643339023660662, -0.251842116404768, 0.5761105827492139, 0.3365844876315855, 0.7468758763156211, -0.4772492594488661, 0.018755897978744884], [-0.1291074265690843, -0.628473500229709, -0.019462099660865807, 0.10959180792349187, 0.7358711355259066, 0.5009256826500031, -0.23796868801125864, -0.2411589423688758, -0.3872371267504873, -0.02366708369167646, 0.3941479559608854, 0.01230733051138001], [-0.7441010517537815, -0.24597341035562215, 0.2178858068107819, 0.7886517028636539, -0.36090568340591994, 0.3706767318965434, 0.41984018484435653, -0.3139784358203808, 0.532851955877636, 0.3282883525025681, -0.2653854051923007, -0.03907931762843443]], "inverted": false, "swapped": true, "error_lsq": 0.04721020287854887, "error_max": 0.2712876348908689, "target": "239.xyz", "model": "3.xyz", "model_rescale": 3.7530521520055578, "target_rescale": 4.352060990468289},
{"mapping": [12, 4, 3, 1, 7, 6, 8, 13, 11, 9, 14], "R": [[0.2012955066471526, -0.047602660825092846, -0.978373193462514], [-0.8850798681419809, 0.4190833926354608, -0.2024913258066292], [0.4196590830822566, 0.9066990110833495, 0.04222744708168211]], "T": [0.001982437647691543, 0.06148967374588303, 0.057903953090696875], "aligned_model": [[-0.31222701511374995, -0.20407609553051817, 0.28886512443155965, 0.5320767624097748, 0.2588747532676119, -0.07117372549407192, -0.3180285854251854, -0.6903404930957029, -0.29317298709820594, 0.19972735245182094, -0.05232548835812779], [-0.6453088375088948, 0.14510923154666883, -0.3319068077801492, 0.3236308863429334, -0.5377362050107038, 0.6403858393774744, -0.5406468938838179, 0.02478898602892994, 0.16005792660311446, 0.2192181116954094, 0.009611120903381225], [-0.15213918299147022, -0.6905359591429173, -0.46827586664455945, -0.4776860842884445, 0.24895324195990348, -0.2641532989821753, 0.5048051555486597, 0.187061881488821, 0.7199213644306506, 0.4868793032273705, -0.001999777360522259]], "inverted": false, "swapped": true, "error_lsq": 0.046728326553802074, "error_max": 0.23079039713536612, "target": "239.xyz", "model": "4.xyz", "model_rescale": 3.7855080009869324, "target_rescale": 4.352060990468289},
{"mapping": [7, 8, 10, 15, 13, 11, 6, 9, 2, 5, 4, 0, 14, 1, 16], "R": [[-0.696514273293765, 0.4020658461091885, 0.5943155075299325], [0.6620732787375894, 0.040790397906363185, 0.7483282147696285], [0.276634850804661, 0.914701699370425, -0.29460814735702745]], "T": [-0.03342336504040444, -0.06031728057688873, 0.06635745892917073], "aligned_model": [[-0.4726311406700343, -0.31149558149887735, 0.13847452025429377, 0.2347079217579361, -0.3678429260755056, -0.5609813454055984, -0.6860886379451665, 0.6320053599856752, 0.5930154934468806, 0.06385520050409654, -0.4921002436907106, 0.08597341609996045, 0.44320821419129175, -0.12191469414100185, 0.013794091978041115], [0.32053918004180665, -0.4596877564489, 0.020824875255748693, -0.6934411111306855, -0.6952771344837521, -0.3022974284150048, -0.07056845877281176, -0.13830954249825173, 0.08938546519273696, 0.6710735646533104, 0.5011087991761713, 0.6505940078716181, -0.4915634424920329, 0.27554010518890687, -0.0835807184125922], [-0.40630982162595874, -0.44206061647654876, -0.6370850345643112, -0.38815099523929614, 0.16564079085887418, 0.6100158201318485, 0.06620594420851292, -0.17454882625159873, 0.42822640214601243, -0.2663699923254001, 0.21270315182811106, 0.36439006105571164, 0.2774178390231759, 0.7390186218410378, 0.07713133513788806]], "inverted": true, "swapped": false, "error_lsq": 0.034972828564795264, "error_max": 0.23362061938312836, "target": "239.xyz", "model": "5.xyz", "model_rescale": 4.2253639853439635, "target_rescale": 4.352060990468289},
{"mapping": [13, 4, 0, 10, 6, 2, 9, 11, 3, 12, 1, 7, 8, 14], "R": [[0.3986256512088844, 0.3188034946064368, 0.8599197183603926], [0.6547999194091654, -0.7554377143693616, -0.023471796909177056], [0.6421328956999819, 0.5724318226087006, -0.5098893534138931]], "T": [0.03814092724370162, -0.024802879293570137, 0.0511886055934182], "aligned_model": [[0.6536276675616417, -0.20352021481320176, -0.4256484266283277, 0.18289750900694246, -0.2914361919155508, -0.5409463295890097, 0.033937836943894864, 0.5546349268454644, -0.28904311574618674, 0.4565784266739014, -0.7403207576293421, 0.1685459303342725, 0.7435633847592813, 0.07119150695400428], [-0.177241013492764, 0.16908071113907647, -0.6128808628263173, -0.7593362556837688, -0.42236292826888433, -0.08103121898344785, -0.30405822314275144, -0.44115196139656476, 0.5969248546319389, 0.6316590601604897, 0.06284350069367846, 0.47978777495974206, 0.26715335635826687, 0.0357123524862963], [-0.25748345196084205, -0.6654868422540111, 0.17418060354250064, -0.14077375759407268, -0.3701407173675484, 0.4308533411504619, 0.46349910686324863, 0.3593880026610956, -0.09140486280770371, -0.13954056325776226, -0.10010651622603572, 0.4870187940645251, 0.3372600977419527, -0.015705025624359867]], "inverted": false, "swapped": true, "error_lsq": 0.04649725048081504, "error_max": 0.2755721705184169, "target": "239.xyz", "model": "6.xyz", "model_rescale": 3.89814844738969, "target_rescale": 4.352060990468289},
{"mapping": [13, 5, 12, 10, 7, 4, 6, 11, 0, 1, 3, 2, 14], "R": [[0.9602083169479396, 0.05560582713713733, 0.27369322251820544], [0.1357085496568115, -0.949404134676547, -0.2832224895892303], [0.24409665629428406, 0.30909510032912485, -0.9191719324144305]], "T": [0.04494449386462465, 0.0240816994391492, 0.0494822801702489], "aligned_model": [[0.19076643041110342, -0.23518797343746375, 0.5949055214331052, -0.38695408208116566, 0.642458619706201, -0.36088780186762803, -0.6097220676009132, 0.2885716455246422, -0.5286378025798384, -0.47616207868398375, 0.12514318296491847, -0.16269974448307345, 0.06703795159831796], [-0.30642592203520214, 0.13583067114123085, 0.4111725154177016, -0.584254791868282, 0.23405818710459644, 0.5241244806485263, -0.005413735638322578, -0.6646071335107221, -0.2639847789267038, 0.5256057118460749, 0.7348679814030995, 0.14494406840413365, 0.07786401148435487], [-0.5561912509909838, -0.7580013929407343, -0.3865376770252051, -0.1523434647565351, 0.2953519416192713, -0.39196082654645414, -0.07190627369621906, 0.011364298984427215, 0.4545555627844876, 0.38637440185389765, 0.09721803185048901, 0.7013451082906218, -0.026993428590767143]], "inverted": false, "swapped": true, "error_lsq": 0.044019196821222246, "error_max": 0.24297543972233707, "target": "239.xyz", "model": "7.xyz", "model_rescale": 3.7474275329858107, "target_rescale": 4.352060990468289},
{"mapping": [6, 10, 0, 12, 11, 9, 7, 1, 2, 3, 5, 3, 4, 8, 14], "R": [[-0.6263162941555299, -0.15790642291184664, 0.7634091047914408], [0.3639811077077297, 0.8067458300964461, 0.46548782889980084], [-0.6893806299187247, 0.5694091035671816, -0.4478031039058136]], "T": [-0.001062109110922374, -0.17625437989641163, 0.029069136019761653], "aligned_model": [[-0.4359112724851467, -0.42482143646840453, 0.1219705158692763, 0.12547074886221976, -0.41535838544192594, -0.5735376054314373, -0.6762649178225102, 0.6642537761275924, 0.7048821277829012, 0.040128974444449336, -0.4651582361677384, 0.040128974444449336, 0.40250533393040444, 0.031791830964088885, 0.051899220183062075], [0.38603178868558, -0.3443010095706444, 0.17533712037413884, -0.727533217727053, -0.6371174830774695, -0.27381432601568056, -0.12160595953558101, -0.07981884520253499, 0.17309969593481916, 0.5395180715158217, 0.31412105805646573, 0.5395180715158217, -0.2843893062408545, 0.12599067130230096, -0.19069592528886178], [-0.37302359971649324, -0.5771088266454343, -0.5144928455011561, -0.21735265200354134, 0.07850344732736689, 0.5221150802421882, -0.04158742194951729, -0.3068724966300936, 0.3260269780552095, 0.03944359598009849, 0.2681678159100425, 0.03944359598009849, 0.6906324379547261, 0.639625327949677, 0.05270424279488625]], "inverted": true, "swapped": false, "error_lsq": 0.0479236051741519, "error_max": 0.3196960178369812, "target": "239.xyz", "model": "8.xyz", "model_rescale": 4.019505241142653, "target_rescale": 4.352060990468289},
{"mapping": [9, 7, 13, 10, 0, 6, 5, 2, 1, 3, 12, 4, 14], "R": [[0.9867614025536972, 0.08554273383377792, -0.137783798461591], [-0.16090648268153857, 0.6226005515268832, -0.7658182924620414], [0.020274078556536776, 0.7778502387520778, 0.6281225738755288]], "T": [-0.10326572771498078, -0.10384946219036387, -0.06846591815836253], "aligned_model": [[-0.24911272147727248, -0.7658382054133753, 0.03229521529310776, 0.42703092658939723, 0.2881416220642109, 0.5459815191781336, 0.46078828121164384, -0.1812551175834915, 0.1945886306286761, -0.26061038425185784, -0.4699614753575204, 0.3959287408807414, -0.09827626002121706], [-0.5271443951162552, -0.03455109607077968, 0.33241599528161736, -0.3140958027092938, -0.7541026352315727, -0.22719190040926818, 0.5401905766190659, -0.6831001334480706, -0.3656671584570792, 0.16316010270536538, 0.6043623267833333, 0.3388263432690226, -0.009723995102025956], [-0.28652833276376555, 0.06480296276799849, -0.6057139360492022, -0.5899304256825761, -0.0626000397797675, 0.017894511074243225, -0.16870272615914358, 0.30708075477504027, 0.6238555185774134, 0.5779675445147149, 0.011409768701910822, 0.3370678850577593, -0.049899990990746546]], "inverted": true, "swapped": true, "error_lsq": 0.04914852015576472, "error_max": 0.2877469067333548, "target": "239.xyz", "model": "9.xyz", "model_rescale": 3.877068213659057, "target_rescale": 4.352060990468289},
{"mapping": [2, 13, 14, 6, 3, 5, 4, 10, 11, 9, 7, 8, 12, 0, 15], "R": [[-0.4121706929693388, -0.9108408259234799, 0.022007037242843225], [0.8697457749800483, -0.3861498556168292, 0.30729558394395606], [-0.2713993492282729, 0.14579876144238943, 0.9513596136058831]], "T": [-0.08904553647331526, -0.05475355424300478, 0.03283932038719333], "aligned_model": [[-0.4010180769404744, -0.29787185402488403, 0.19682745885729597, 0.1590905818125345, -0.4073172566949806, -0.353904384273621, -0.7650472576176348, 0.566846584145952, 0.5522744619128979, 0.16404937007154385, -0.6629846381496467, 0.01858484282496249, 0.3040485010795865, 0.17491669407558064, -0.05651537828783148], [0.3293107808426433, -0.3400914011808038, 0.05640249072478072, -0.5895562919324138, -0.5973375138230025, -0.3852031106482746, -0.08749014659494367, -0.07394281308715804, 0.14664628179477018, 0.46154780179079447, 0.49976978578773834, 0.6663626461306702, -0.5000825615152483, 0.05449251069045587, -0.04648805425373999], [-0.4093405960033984, -0.6546287720843219, -0.6851039300486675, -0.14804482398923258, 0.11690537561674694, 0.6898388056655186, 0.039216488729920264, -0.23669375349141358, 0.3374735961631947, -0.2912303973254649, 0.20425793765183792, 0.2852874592570223, 0.4859997430145515, 0.7759108336172429, 0.1163767129745221]], "inverted": true, "swapped": false, "error_lsq": 0.03733326227909412, "error_max": 0.25606494671359326, "target": "239.xyz", "model": "10.xyz", "model_rescale": 4.260839863003843, "target_rescale": 4.352060990468289},
{"mapping": [1, 4, 13, 10, 11, 9, 2, 3, 12, 8, 7, 14], "R": [[0.16202719706438282, -0.8875865525207591, -0.43120447492549685], [0.5160963888160586, 0.4486716900395182, -0.729615125945252], [0.8410658148221715, -0.10432557855768776, 0.5307772308569014]], "T": [-0.02251125730845592, 0.023825459703941364, -0.12129194346633615], "aligned_model": [[0.5329606089794773, 0.40439737333418596, -0.44822191914336096, -0.6503259991984937, -0.7111361308661892, -0.31567080553754345, 0.20451387345809524, 0.685654180491092, 0.28254167749949666, -0.2611262979952205, 0.21736670464261493, 0.017945383429975897], [0.09686886274133358, -0.5939059376537413, -0.4465384704665446, -0.21268557694560217, 0.16914708533487363, 0.4164195781382227, 0.5488542470726143, -0.011910362584657254, -0.265335423049399, 0.10667406184267184, 0.4141339244996475, -0.04864348339648524], [-0.6893503591789529, -0.33523491149277823, 0.18671448012703046, -0.5050294543823171, 0.07814949351978934, -0.21033406802936674, -0.5155676732171358, -0.015687331533183663, 0.5611584397720426, 0.653882331909925, 0.38038824555114675, -0.07291111565069514]], "inverted": false, "swapped": true, "error_lsq": 0.04406994447694412, "error_max": 0.28651296374267926, "target": "239.xyz", "model": "11.xyz", "model_rescale": 3.890672605050136, "target_rescale": 4.352060990468289},
{"mapping": [13, 5, 10, 8, 11, 3, 4, 7, 12, 1, 0, 6, 2, 14], "R": [[-0.3350970355052758, -0.816039218624967, -0.4709458253998325], [0.8132391865289343, -0.5029137130757751, 0.29277947792510034], [-0.47576465010479, -0.28488206483787387, 0.8321599646969183]], "T": [0.12926263366130458, -0.008431261781788282, 0.1938233046786048], "aligned_model": [[0.546581384139694, -0.026273700650601306, 0.45976302865141383, 0.7000367094559587, 0.8479808841259087, -0.4488401923714807, -0.45977309777299663, 0.22020786712392484, 0.1112358839764025, -0.595169618866292, 0.053207388093731295, -0.158030577997816, -0.14243578317052102, 0.10138566005636687], [-0.09994582338100814, -0.01402607404822788, 0.6128918260328972, -0.5903249704196172, 0.1277254042292057, -0.4233327943166832, -0.022620944040445477, -0.5566273953029188, -0.7605840954178007, 0.2486056218675196, 0.7064051644298627, 0.5243881954950196, 0.2508773948681001, -0.07127899016813849], [-0.3672559204710824, -0.6539791847247656, -0.12566129171892998, 0.17613568268266028, 0.19604071203428425, 0.2808951783412411, -0.31847564298542314, 0.5846878721140663, -0.08249351688852508, 0.4076097602090134, 0.4373141554781665, -0.08503060847871186, 0.7782785891216704, 0.12672465064319757]], "inverted": true, "swapped": true, "error_lsq": 0.04711917141975638, "error_max": 0.2980816279893941, "target": "239.xyz", "model": "12.xyz", "model_rescale": 4.124412569039231, "target_rescale": 4.352060990468289},
{"mapping": [13, 12, 7, 5, 8, 11, 4, 10, 3, 6, 9, 2, 14], "R": [[-0.6075315035363267, -0.592028358698087, 0.5295355462177587], [-0.29052632069861584, 0.7861047951888274, 0.5455581618511974], [-0.7392563352398245, 0.17759975641419537, -0.64958324895998]], "T": [0.18850516806425865, 0.15046319024370652, -0.09402931215709887], "aligned_model": [[-0.12926540343129872, -0.03655185776769876, 0.6020498389886781, -0.6409132395696926, 0.4462526264545846, 0.4991832910176633, -0.5287328690860488, 0.02037141831397496, 0.03104442640532845, -0.20964530576052176, 0.6108452293958812, 0.5840296164892076, 0.11863053605970025], [-0.34727943682192075, 0.4180729482907862, 0.48023633542931915, -0.03451921067215549, -0.038693187484132224, -0.4887109756411033, 0.4403530247271891, -0.5251362244003208, 0.8414120564709813, 0.026483534973853667, -0.06345839411140286, 0.4609838978945839, 0.17774100785279956], [0.2914754121632526, 0.6271809118785173, 0.3323456686262491, 0.05032625816631486, 0.6559588865377941, 0.07927668234141436, -0.19961403498444572, -0.42964780241507916, 0.01424556694919668, -0.613931912336771, -0.24852070620599997, -0.5733896040608539, -0.03400724569175034]], "inverted": true, "swapped": true, "error_lsq": 0.05044573274787972, "error_max": 0.29797601333885443, "target": "239.xyz", "model": "13.xyz", "model_rescale": 3.9028299243045295, "target_rescale": 4.352060990468289},
{"mapping": [13, 14, 13, 11, 9, 7, 10, 1, 2, 5, 4, 0, 6, 3, 15], "R": [[0.03941770648003501, 0.34075880803606295, -0.9393240543932084], [0.6044446460101178, -0.7566878150494211, -0.24913895814471979], [-0.7956713607549019, -0.5579489092216012, -0.2357967352888249]], "T": [0.06772135346301228, 0.05830585850311158, 0.056160918165659685], "aligned_model": [[-0.26157323913198177, -0.3547113689709697, -0.26157323913198177, 0.2508858135881935, -0.19026416925381556, -0.6032192234371863, -0.6642409977497525, 0.5730824425575687, 0.734769581278435, -0.1144247634746163, -0.4080834568897069, 0.17632182189257029, 0.25333183269479853, 0.050465625228723554, 0.011212989591002698], [0.18757407867961234, -0.4711701330335967, 0.18757407867961234, -0.5320827306714865, -0.6660682757818561, -0.35344211691417055, -0.010953770631280682, -0.3495767237009368, 0.2787348316598726, 0.4524822841804074, 0.4483802079691988, 0.7401227004769704, -0.4122170243082945, 0.12973093357415771, -0.03474793545194178], [-0.6562337409491672, -0.5132742600470902, -0.6562337409491672, -0.3484979290839769, 0.15399261093998923, 0.504413417150069, -0.0654401600706024, 0.0351674785587847, 0.27663200270316546, -0.2150393236852052, 0.34044081231318857, 0.515016169309638, 0.49040189849735005, 0.6752652258007712, 0.08961421926031116]], "inverted": false, "swapped": false, "error_lsq": 0.05533028463416545, "error_max": 0.3580803655652737, "target": "239.xyz", "model": "14.xyz", "model_rescale": 3.942246331269136, "target_rescale": 4.352060990468289},
{"mapping": [9, 2, 7, 0, 1, 3, 5, 8, 13, 6, 10, 11, 12, 4, 14], "R": [[0.7066313391018902, -0.020738117070739415, -0.7072779376591847], [-0.5700254079115439, -0.6088943619295498, -0.5516508772273316], [-0.4192173480837207, 0.7929801930128941, -0.44208509198443446]], "T": [-0.07447378526484301, 0.02967232149730228, 0.09301048339943366], "aligned_model": [[-0.5722611967732719, -0.34781193371675756, 0.00036701967932974144, 0.16232444729252243, -0.22533921556153014, -0.40931359207569096, -0.590180849399998, 0.5982936458749198, 0.4761555278402592, 0.09131987121922623, -0.4256461783223555, 0.3736088230982976, 0.28441458254957824, -0.16757729899570395, -0.056374003917544435], [0.3940029847173889, -0.38158859922553, 0.07158544788463592, -0.4698193693005281, -0.7512403743529494, -0.3350468368283909, -0.3267540188769918, 0.06242492208348227, 0.038310501142357595, 0.42939737633063435, 0.6315979272904456, 0.5718749279729385, -0.5533299134636002, 0.27132827995566833, -0.0584028506032923], [-0.42432225953659164, -0.48905362847018996, -0.7576490559468236, -0.3919143878434116, 0.2481118024844317, 0.6139808950599409, -0.005913962909864207, -0.2879779377372692, 0.691059467937606, -0.2612799812571147, 0.24586345683462454, 0.23211236789443465, 0.539534605525934, 0.618936438639466, 0.05473685907288546]], "inverted": true, "swapped": false, "error_lsq": 0.05184574683127883, "error_max": 0.32474887230106997, "target": "239.xyz", "model": "15.xyz", "model_rescale": 4.355366556412066, "target_rescale": 4.352060990468289},
{"mapping": [5, 10, 13, 3, 12, 4, 7, 1, 11, 6, 9, 14], "R": [[-0.2798739245206457, 0.9584631226082746, -0.05494569112685421], [0.3552123140753172, 0.05021202303557465, -0.9334361063682577], [-0.8919051509564626, -0.2807618124721926, -0.35451093968262704]], "T": [0.03147431349804853, 0.13533737234102558, -0.10150430216080983], "aligned_model": [[-0.23299374550869106, 0.642026583383428, 0.13738032878892112, -0.6364468737175912, -0.5776066739488451, -0.4641411384435496, -0.2335589434655055, -0.2222307092403416, 0.6068349285273306, 0.1760626912986468, 0.447540118475137, -0.045058011517159054], [-0.635179818927792, -0.2577869823971617, -0.5209021312831787, 0.37655317602480354, -0.13217984065346836, -0.19195293214456785, 0.47986575449109214, 0.5456187357899954, -0.06216509679848228, -0.046904254117563354, 0.3797054524922885, 0.0781043652650148], [0.18019024513901608, 0.16311328101344533, -0.33703217989162654, -0.0034028543037124687, -0.5485666313882026, 0.4053102913081107, -0.62363715208499, 0.5340093962520394, -0.5077707362929388, 0.5230560704149982, -0.2246897307866213, -0.1113215381700971]], "inverted": false, "swapped": true, "error_lsq": 0.04258779060576881, "error_max": 0.2374010946743426, "target": "239.xyz", "model": "16.xyz", "model_rescale": 3.795458400668931, "target_rescale": 4.352060990468289},
{"mapping": [13, 5, 12, 10, 7, 4, 6, 11, 0, 1, 3, 2, 14], "R": [[0.9602083169479396, 0.05560582713713733, 0.27369322251820544], [0.1357085496568115, -0.949404134676547, -0.2832224895892303], [0.24409665629428406, 0.30909510032912485, -0.9191719324144305]], "T": [0.04494449386462465, 0.0240816994391492, 0.0494822801702489], "aligned_model": [[0.19076643041110342, -0.23518797343746375, 0.5949055214331052, -0.38695408208116566, 0.642458619706201, -0.36088780186762803, -0.6097220676009132, 0.2885716455246422, -0.5286378025798384, -0.47616207868398375, 0.12514318296491847, -0.16269974448307345, 0.06703795159831796], [-0.30642592203520214, 0.13583067114123085, 0.4111725154177016, -0.584254791868282, 0.23405818710459644, 0.5241244806485263, -0.005413735638322578, -0.6646071335107221, -0.2639847789267038, 0.5256057118460749, 0.7348679814030995, 0.14494406840413365, 0.07786401148435487], [-0.5561912509909838, -0.7580013929407343, -0.3865376770252051, -0.1523434647565351, 0.2953519416192713, -0.39196082654645414, -0.07190627369621906, 0.011364298984427215, 0.4545555627844876, 0.38637440185389765, 0.09721803185048901, 0.7013451082906218, -0.026993428590767143]], "inverted": false, "swapped": true, "error_lsq": 0.044019196821222246, "error_max": 0.24297543972233707, "target": "239.xyz", "model": "17.xyz", "model_rescale": 3.7474275329858107, "target_rescale": 4.352060990468289},
{"mapping": [12, 3, 7, 4, 13, 10, 8, 2, 5, 9, 6, 1, 0, 14], "R": [[0.981384609936099, 0.1532942418547945, 0.11569409144262616], [0.12060139518878142, -0.023078175778068102, -0.9924327187680161], [-0.14946421263663873, 0.9879110654390507, -0.04113606597609082]], "T": [0.10436587448681588, -0.015989514686677076, 0.08902938049805142], "aligned_model": [[0.5485062717065498, 0.1597107376305455, 0.7263643086798287, -0.39665820397428664, 0.15317265380644524, -0.32898234500769674, 0.8265011808493057, 0.01261857439274848, -0.32173845468725776, 0.22743022264170698, -0.5594496212393522, -0.36942314405163496, -0.3730399665941251, 0.10983543373009971], [-0.38624002165522475, 0.24301527872183482, 0.1869670536988089, -0.2050782062781661, -0.7104631426552203, -0.33102361575591527, -0.39120046399637565, 0.6644099042566213, -0.6909028615518468, 0.1891251277234323, -0.03599923283975762, 0.5408756461487969, 0.3606756928607009, -0.07375291716645521], [-0.4660054872164703, -0.5771396171782404, -0.09397806630186928, -0.4791563209068993, 0.20156395175848557, 0.6460806651208605, 0.13836018777167544, 0.1952746263351518, -0.23642259619958927, 0.5258180160827657, 0.1450835258806075, -0.23034478124122237, 0.5431992775251149, 0.01246133723128455]], "inverted": false, "swapped": true, "error_lsq": 0.03653883496295579, "error_max": 0.2634022285925953, "target": "239.xyz", "model": "18.xyz", "model_rescale": 3.922800546911778, "target_rescale": 4.352060990468289},
{"mapping": [9, 11, 7, 13, 4, 6, 10, 12, 5, 3, 2, 0, 8, 1, 14], "R": [[-0.8148272263810535, 0.4006326125654948, 0.41898699370876114], [0.04997842894989557, 0.7686184863380796, -0.6377521298271448], [-0.5775454508416282, -0.4987174873696583, -0.6463142579301767]], "T": [-0.01189345311446769, -0.06990514674644742, 0.10533793755720897], "aligned_model": [[-0.5083811670753395, -0.36458496284734576, 0.097378643008982, 0.17486535927025118, -0.3982651501186202, -0.36750424731848985, -0.8102812616059372, 0.6915385544450156, 0.6291873688987132, 0.2125239356127792, -0.5094499564698949, 0.22778798643500958, 0.28630639532514024, -0.16078759838450227, -0.008354250384480032], [0.3630572961558945, -0.3662363534536309, 0.04376070887185797, -0.6120207534812995, -0.681580736338063, -0.39486645486995275, -0.16962174861186413, -0.03144182094725277, 0.17626894722182895, 0.44278131438268187, 0.44471795632926214, 0.7076543250396401, -0.4818277012610728, 0.19717415110078917, -0.0434787254125501], [-0.3729785464122727, -0.43783802625434654, -0.6778291591303378, -0.2728757080868076, 0.08443281990516557, 0.5990067366334281, 0.04846831624751102, -0.24440200565176076, 0.43842563665688705, -0.20440174636598282, 0.13234813076707483, 0.2961171582498953, 0.4456132870822064, 0.7794908920872462, 0.012646894020152427]], "inverted": false, "swapped": false, "error_lsq": 0.033007306286525685, "error_max": 0.2209477429409027, "target": "239.xyz", "model": "19.xyz", "model_rescale": 3.9282355846067225, "target_rescale": 4.352060990468289},
{"mapping": [2, 1, 4, 0, 9, 6, 10, 5, 11, 8, 3, 7, 12, 14], "R": [[0.29370259252535, 0.6172859674092612, -0.7298608234338247], [-0.14307325625772055, -0.7265464439588813, -0.6720567744726011], [-0.9451290020350136, 0.301808381610446, -0.12507146078135722]], "T": [-0.06972503707522709, -0.06667465580810089, 0.0693576327884854], "aligned_model": [[-0.6129090097898555, -0.15315580603144824, 0.5593689465622282, -0.47872805973160343, -0.5196694731106182, 0.10988352797638348, -0.03751712492970061, 0.7545428802518486, -0.29634797871111024, -0.034899444295203697, 0.11767037706502947, -0.2975860237754072, 0.40453325089145636, 0.017336756712677315], [-0.47933428083814505, -0.8075238999596781, -0.48572136704027263, -0.17132088718153005, 0.12926924696872702, -0.2346058533540586, 0.37300427139944803, 0.025085847062654765, 0.627867409884233, 0.45435768342659916, -0.6665481730751741, -0.11935275116416219, -0.04471770600234898, -0.07757745270145655], [-0.06221817916770826, -0.21481907431120073, -0.1262318999663939, -0.5613792416352078, -0.015242331390882241, -0.5501045086311452, -0.565456032187572, -0.16549194637278242, 0.032576666873539495, 0.695463586507611, 0.4142668851880862, 0.7072208903784455, 0.7151182721758547, 0.10848006978303823]], "inverted": true, "swapped": true, "error_lsq": 0.04250932832516214, "error_max": 0.24255694151187934, "target": "239.xyz", "model": "20.xyz", "model_rescale": 4.067790424073018, "target_rescale": 4.352060990468289},
{"mapping": [8, 1, 7, 10, 13, 6, 5, 12, 3, 0, 4, 2, 11, 6, 14], "R": [[-0.8517114291226371, 0.5235572466114344, 0.021804839429096362], [0.19324305457553012, 0.275140679847524, 0.9417827393573112], [0.4870777795796003, 0.8063407566368551, -0.33551426322305633]], "T": [-0.04990821186909346, -0.02738619364321219, -0.0016500533352208288], "aligned_model": [[-0.42098074559349946, -0.3697797705293855, -0.027966428061454406, 0.12243385186648713, -0.2912317148323392, -0.1989368780891032, -0.6303929113133299, 0.6803534411445357, 0.6062012084988658, 0.2482045099070465, -0.6342345536672535, 0.02437782408950026, 0.3008594238011431, -0.1989368780891032, -0.017990730340829736], [0.25041384305558473, -0.39051006517455306, 0.17902672548666101, -0.7877880871381417, -0.6769077595245417, 0.030244474947648276, -0.13374491673656122, -0.2226912297295495, 0.20636815547073808, 0.5711664220842552, 0.45167731363975205, 0.61852799020542, -0.4380814541780553, 0.030244474947648276, -0.0936054826300368], [-0.3337648091810732, -0.6643176481089085, -0.718292378451739, -0.2533919747356013, 0.09839097549701228, 0.7208636595988845, -0.015486837317514525, -0.12650087597890147, 0.4868418600323946, -0.24106935256146833, 0.265807189989397, 0.3602869349702658, 0.3537704338622359, 0.7208636595988845, -0.027776157465810213]], "inverted": true, "swapped": false, "error_lsq": 0.04778025484665756, "error_max": 0.48194169700346506, "target": "239.xyz", "model": "21.xyz", "model_rescale": 4.186013935880536, "target_rescale": 4.352060990468289},
{"mapping": [7, 8, 9, 1, 4, 2, 3, 12, 11, 13, 5, 6, 14], "R": [[0.35632539363654847, -0.4812985893037671, 0.8008644590590613], [0.23666170602950823, -0.7826846934428637, -0.5756699640848508], [0.9038934952465151, 0.39465977573658884, -0.16498548623010445]], "T": [0.10897933098137949, 0.0063054244022324665, -0.025080331381836966], "aligned_model": [[-0.07272634702130445, -0.40739531224969505, 0.4608915672680449, 0.5166985386446568, -0.16556196946037074, 0.7064581518848532, -0.0937435723111088, -0.6407228096948671, 0.1401136250780449, -0.3602133178768857, -0.4166972692087736, 0.37030294621983406, 0.021169804150796404], [-0.2911592087335007, 0.2438931948121449, 0.21678228566420768, -0.566833613708492, -0.2999468937364854, -0.32654202258559706, -0.6791519132732973, -0.22085035521163837, 0.6592388479064365, 0.5215342837494609, 0.1873564681959497, 0.09298627762875256, -0.01835069116184803], [-0.6082295275474551, -0.609550574339532, -0.30767267260643033, 0.35155130207790547, 0.6385846773032892, -0.1470664955210276, 0.02950293581112973, -0.19465859291707718, -0.3534217365498328, 0.0832581757762086, 0.6336127274913845, 0.5818709567821634, 0.00509838557461988]], "inverted": true, "swapped": true, "error_lsq": 0.052037892886921816, "error_max": 0.41609024933369493, "target": "239.xyz", "model": "22.xyz", "model_rescale": 4.166573947596378, "target_rescale": 4.352060990468289},
{"mapping": [13, 14, 10, 9, 12, 6, 13, 8, 4, 7, 5, 0, 3, 1, 15], "R": [[-0.2082543022780458, -0.9753041229342437, -0.07356638750237929], [-0.9722377497711777, 0.21463012415873312, -0.09320765914603726], [0.10669537713772495, 0.05211312302167982, -0.9929251325786683]], "T": [0.03297028718358279, -0.2029298438390648, 0.11201597381160172], "aligned_model": [[-0.5893865315271783, -0.4219637099090389, -0.13767582667785982, 0.31925737310678654, -0.4194725096952173, -0.5175797949392009, -0.5893865315271783, 0.7535035226040939, 0.599334900973642, 0.003427116988592025, -0.4819280756105144, 0.2737104450609089, 0.4948485882873693, -0.1014479580190377, 0.006738639675113522], [0.15375724142684602, -0.4706349446639059, 0.09054886136797632, -0.5539100449569552, -0.6762324723879567, -0.2100967151651958, 0.15375724142684602, 0.05837903983563117, 0.052051610460360026, 0.44774500689349417, 0.447736351752433, 0.5436241474039212, -0.5105569134470159, 0.22291956366681534, -0.15474756888702543], [-0.33771667155058915, -0.4773453758729003, -0.555585244370379, -0.28206748072428656, 0.1377354720651724, 0.6373262392708394, -0.33771667155058915, -0.1461093139622241, 0.5045323372595238, -0.18317733127712793, 0.16276199934849234, 0.3388574986309837, 0.3432316156483278, 0.6676085208734575, 0.15388908595935807]], "inverted": false, "swapped": false, "error_lsq": 0.04472693302282229, "error_max": 0.3503222217701479, "target": "239.xyz", "model": "23.xyz", "model_rescale": 4.274766983524099, "target_rescale": 4.352060990468289},
{"mapping": [5, 13, 10, 6, 9, 2, 3, 7, 12, 8, 14], "R": [[-0.4296787266637463, 0.5117220776731819, -0.7439870342112581], [-0.2069644923462038, -0.8577993926036969, -0.47047412357812723], [-0.8789436220603116, -0.04817382349960089, 0.47448645077486606]], "T": [-0.17002728155013908, 0.05555738449075229, 0.062303143458411064], "aligned_model": [[0.2978131980393319, 0.2519450313788478, -0.4779387417355111, -0.47516222020791987, -0.5178223062643204, -0.7322853039215562, 0.07891787083016874, 0.0699338067603994, 0.6036872433216875, 0.3635421446648884, -0.08273601890794123], [-0.058003814105625856, 0.4849244704923391, 0.47648439190505876, -0.14876981514563578, 0.3569051284043391, -0.20961781079407552, -0.5735383015120682, 0.05794055596270536, -0.043133406512435774, 0.5490732427691615, 0.023321889779720648], [-0.6526940971550624, -0.3050155519002411, -0.5080952129480899, -0.493877162827578, 0.25264315637220947, 0.372459589015409, 0.29935292580171025, 0.69789589275953, 0.24679107397250893, 0.431683639369729, 0.03842218156145224]], "inverted": true, "swapped": true, "error_lsq": 0.04431606525939277, "error_max": 0.22000954996443559, "target": "239.xyz", "model": "24.xyz", "model_rescale": 3.7841303162186577, "target_rescale": 4.352060990468289},
{"mapping": [9, 10, 14, 7, 0, 1, 8, 11, 3, 12, 2, 5, 6, 4, 15], "R": [[0.7101360008075447, 0.0794681661706716, 0.699565344283533], [-0.6681181883858768, -0.23736600561614474, 0.705177612893242], [0.2220922031613029, -0.9681643403592736, -0.11546801873961324]], "T": [-0.068498782949179, -0.08483413087457731, -0.017869579950055843], "aligned_model": [[-0.3835621513675591, -0.1664606322535026, -0.011219065214377794, 0.07267232597208784, -0.4357991910324116, -0.47616811338699344, -0.6262234693854349, 0.6150884348175358, 0.5763057112372922, 0.06631476404246178, -0.490733357262266, 0.08269944872397994, 0.405950532988674, -0.021204804472470307, -0.01568078461573523], [0.25741204280412355, -0.44891664770906575, 0.27260132950943555, -0.714481246226518, -0.7089040194134726, -0.35019404399060966, -0.10295854618703587, -0.36450959832983354, 0.2422602580707049, 0.6349686324375274, 0.48685436679064314, 0.6887705134291162, -0.33166642989795103, 0.13022195417559412, -0.09711816073639008], [-0.3724726524258543, -0.6983859297121614, -0.7237434269700825, -0.09799940108538091, 0.11234997999596452, 0.5446481774004475, 0.17725208298880063, -0.2274351252391899, 0.33743073334926155, -0.21505273314506618, 0.23448583175960303, 0.36685589944317254, 0.467926792008369, 0.695024874188208, 0.025339577191966778]], "inverted": false, "swapped": false, "error_lsq": 0.042951480063458204, "error_max": 0.2977236446800234, "target": "239.xyz", "model": "25.xyz", "model_rescale": 4.19342608120988, "target_rescale": 4.352060990468289},
{"mapping": [5, 10, 13, 3, 12, 4, 7, 1, 11, 6, 9, 14], "R": [[-0.2798739245206457, 0.9584631226082746, -0.05494569112685421], [0.3552123140753172, 0.05021202303557465, -0.9334361063682577], [-0.8919051509564626, -0.2807618124721926, -0.35451093968262704]], "T": [0.03147431349804853, 0.13533737234102558, -0.10150430216080983], "aligned_model": [[-0.23299374550869106, 0.642026583383428, 0.13738032878892112, -0.6364468737175912, -0.5776066739488451, -0.4641411384435496, -0.2335589434655055, -0.2222307092403416, 0.6068349285273306, 0.1760626912986468, 0.447540118475137, -0.045058011517159054], [-0.635179818927792, -0.2577869823971617, -0.5209021312831787, 0.37655317602480354, -0.13217984065346836, -0.19195293214456785, 0.47986575449109214, 0.5456187357899954, -0.06216509679848228, -0.046904254117563354, 0.3797054524922885, 0.0781043652650148], [0.18019024513901608, 0.16311328101344533, -0.33703217989162654, -0.0034028543037124687, -0.5485666313882026, 0.4053102913081107, -0.62363715208499, 0.5340093962520394, -0.5077707362929388, 0.5230560704149982, -0.2246897307866213, -0.1113215381700971]], "inverted": false, "swapped": true, "error_lsq": 0.04258779060576881, "error_max": 0.2374010946743426, "target": "239.xyz", "model": "26.xyz", "model_rescale": 3.795458400668931, "target_rescale": 4.352060990468289},
{"mapping": [7, 9, 8, 12, 5, 1, 2, 3, 0, 13, 4, 6, 14], "R": [[-0.2684069401343515, -0.8409203593908992, -0.46990495171853197], [0.7899395652921004, 0.08704211989827627, -0.606975413463957], [0.5513195059798285, -0.5341129267537862, 0.6409135540778199]], "T": [0.0052546193116303486, -0.10599681941420962, -0.0028907225316449833], "aligned_model": [[0.0499187370852047, 0.3041276810082963, 0.5359853359956108, -0.056591142068424194, -0.13010673802062273, -0.7051896263831463, -0.26226306538867905, -0.6012737724669752, -0.028464975253104735, 0.4287189694386729, -0.5710604218607811, -0.23895399640217352, -0.025170602862621242], [-0.6952979717642463, -0.33398158161559105, -0.3633827539646543, -0.17143123578862757, 0.6672808620874164, -0.1552974388453095, -0.5126483818399719, -0.33066441706443656, -0.021845438468991105, 0.34284720251130085, 0.38141442516512136, 0.38517586494776157, -0.07028763210285749], [-0.33799431068913527, 0.32375741184204476, -0.5657171369678389, -0.7993223101051834, -0.35885539000114763, 0.35684962731738185, 0.4928085651268979, -0.31204351789755075, 0.7506640830849644, -0.3442947932943243, -0.2026553433799914, 0.3756657653920409, -0.08672598832873252]], "inverted": true, "swapped": true, "error_lsq": 0.04359599346745514, "error_max": 0.35339242915952207, "target": "239.xyz", "model": "27.xyz", "model_rescale": 3.6321398670334006, "target_rescale": 4.352060990468289},
