[{"mapping": [7, 11, 10, 9, 12, 0, 2, 3, 6, 5, 13], "R": [[-0.7750894208697472, 0.5715567041282408, -0.26936837903113814], [0.589334662961519, 0.5002072030186773, -0.6344110726337182], [-0.22786189828014944, -0.6504734337498301, -0.7245434888934359]], "T": [-0.04320551039099763, 0.13411003982262143, 0.17530960769529794], "aligned_model": [[0.10758885438860022, 0.16428028664068786, -0.4098019436197343, -0.4621901588875795, -0.569386761441139, -0.6383068856765525, -0.004285098203193997, 0.16666044146773024, 0.6649458585114746, 0.3786735219990295, -0.018283411221248047], [-0.09983795222548411, 0.6506306996553166, 0.5693750695332694, -0.18571403638248613, 0.3404929490293659, -0.31060339334699616, -0.620428579291586, -0.11045645217595532, -0.12353642610055643, 0.6808012936802836, 0.1248633588683115], [-0.5274875743158753, -0.24566294822658666, -0.6563034836498195, -0.3335200262372904, 0.05017290722627196, 0.38386835259073504, 0.3181903943324821, 0.5868236646115503, 0.3044847659359785, 0.48441802787629085, 0.014582353877839876]], "inverted": false, "swapped": false, "error_lsq": 0.04642510432289862, "error_max": 0.2656619961501176, "target": "24.xyz", "model": "0.xyz", "model_rescale": 3.8414455957264533, "target_rescale": 3.7841303162186577},
{"mapping": [6, 4, 3, 10, 1, 12, 8, 13, 9, 0, 14], "R": [[-0.08697328042446695, 0.3543849613810626, -0.9310461576308393], [0.9131058778307659, 0.4020562955985453, 0.0677376633822116], [0.398338178390063, -0.8442523522718299, -0.3585591461953918]], "T": [0.04883401008742172, 0.12312885001265017, -0.009630780903215695], "aligned_model": [[0.2839199398835103, 0.14527993078127385, -0.40603819356792414, -0.4202931447962511, -0.6294537727640946, -0.5080438290465287, 0.01356156504822928, 0.16269927944138, 0.6367494197560394, 0.1386203229858088, -0.037106813763368246], [-0.3538918797008439, 0.622819930966567, 0.6007614571816278, -0.2606319989331609, 0.6525182475258647, -0.29885392410815403, -0.6285825783314339, -0.08407194065832163, -0.16658717548804491, 0.6843129857810633, 0.14779340700832028], [-0.5816561324560615, -0.2015272187148965, -0.43192836904545295, -0.32748078291285987, 0.08075970866129406, 0.2971381133704464, 0.23117657076700476, 0.7107507384458056, 0.17992073092326216, 0.44040049943753934, -0.017987424454504117]], "inverted": true, "swapped": false, "error_lsq": 0.0508839463523395, "error_max": 0.24760468243950357, "target": "24.xyz", "model": "1.xyz", "model_rescale": 4.316132596720782, "target_rescale": 3.7841303162186577},
{"mapping": [3, 5, 9, 10, 1, 8, 6, 2, 4, 0, 11], "R": [[0.9678362609970859, 0.19341678894530262, 0.1608816883715157], [-0.0028583630082964356, 0.6478954458475326, -0.7617239139024982], [-0.25156470670603626, 0.7367641664767063, 0.6276095612208205]], "T": [-0.1015572711946953, 0.12194119927109867, -0.06817377083280013], "aligned_model": [[0.32179451371761364, 0.31343694301668396, -0.4347143193845116, -0.5568663682999271, -0.4898490119210056, -0.5750999459042277, 0.09673885023574268, -0.06236184863353035, 0.5711850512863224, 0.2117500418924697, -0.016119202047554917], [-0.1615156659988836, 0.522251089560417, 0.683977660711307, -0.2655305570741071, 0.38331768470730043, -0.27989898912119915, -0.668708881756401, 0.0855068116924125, -0.06909649600568457, 0.6499420532941498, 0.035341821234172385], [-0.4822299029960478, -0.3567767434866388, -0.4189912482840106, -0.26766076970056984, 0.20661545812197218, 0.38051087792919663, 0.03974777750840752, 0.7672073733146003, 0.2562520260189989, 0.2881514798911348, -0.03325989429546605]], "inverted": true, "swapped": false, "error_lsq": 0.046481839687678786, "error_max": 0.23649776846089351, "target": "24.xyz", "model": "2.xyz", "model_rescale": 3.795458400668931, "target_rescale": 3.7841303162186577},
{"mapping": [7, 9, 8, 1, 6, 2, 0, 10, 4, 5, 11], "R": [[-0.6249729551928853, -0.6673255722021565, 0.4050745437108285], [-0.3148796957449428, -0.25931826472654773, -0.9130196135827446], [0.714324563825887, -0.6981623151275613, -0.048060370896193305]], "T": [-0.08342442173300874, 0.0779904838579866, 0.05739601359657144], "aligned_model": [[0.3028090629513294, 0.3599705845253783, -0.4427422995573091, -0.5262262868194556, -0.5732778345318712, -0.6551975264676295, 0.09475771056104493, 0.08231440949655872, 0.50185006432797, 0.2352382902547378, 0.000398529217321239], [-0.06952986524656038, 0.7155793088777596, 0.47662910978393225, -0.25622260744180914, 0.4055962283952913, -0.11480797051697045, -0.6830856383493227, -0.04638192593112406, -0.0897337327228073, 0.5997464164348001, -0.022202792039705918], [-0.5847595271602124, -0.3317517750934111, -0.5105307824141913, -0.24008837227846852, 0.053600392913564394, 0.530290911124276, 0.022435920450670735, 0.7617204267089306, 0.2580875591634252, 0.4038775258865319, 0.016684154720461836]], "inverted": true, "swapped": false, "error_lsq": 0.043376292400161956, "error_max": 0.24421586414631818, "target": "24.xyz", "model": "3.xyz", "model_rescale": 3.7530521520055578, "target_rescale": 3.7841303162186577},
{"mapping": [5, 7, 8, 9, 6, 4, 3, 2, 1, 0, 10], "R": [[0.4587371676122506, -0.29113779313249566, 0.8395230767888576], [0.8451540578266228, 0.4346836167254479, -0.31107036485283757], [-0.2743625878108812, 0.8522258730878945, 0.44546181839669763]], "T": [-0.06278608343258339, 0.008708033167673712, 0.013493562491363974], "aligned_model": [[0.3098780592187093, 0.16657286142946298, -0.4207421724589331, -0.4404584667228675, -0.5738632560413984, -0.5086718263570479, 0.06346118767604898, 0.10425480746721873, 0.6911609228395648, 0.030359138230950655, -0.042056551323633604], [-0.1315418021569975, 0.48142880910724895, 0.543512740841565, -0.2499879884599817, 0.5340580127644803, 0.10757193816501347, -0.7419004552638846, -0.2897762245829851, -0.07491918750384033, 0.6596383690009449, 0.07750231933192035], [-0.5856818395934432, -0.2747432896983962, -0.6402119178534956, -0.2828233424213769, 0.10911293927103781, 0.5889262144645951, 0.040294844673669936, 0.6003159135222774, 0.23597113553137875, 0.5113229020678541, 0.07708287405747624]], "inverted": true, "swapped": false, "error_lsq": 0.05681867234797629, "error_max": 0.3595187735199244, "target": "24.xyz", "model": "4.xyz", "model_rescale": 3.7855080009869324, "target_rescale": 3.7841303162186577},
{"mapping": [1, 3, 5, 6, 10, 8, 13, 15, 14, 9, 16], "R": [[0.3881078029901737, -0.9216064782714626, -0.0037192023624297854], [0.2227773705129921, 0.0977305486871926, -0.9699582377817187], [0.8942832752799625, 0.3756198065349755, 0.24324305641306593]], "T": [-0.033459482742221935, 0.00529861232365858, -0.10645873251376972], "aligned_model": [[0.3309868654422872, 0.16019975507803322, -0.37370621951650257, -0.4510662286596417, -0.45719248480818464, -0.4992373467527282, -0.03807118763054648, -0.05776027841659483, 0.5214830435504187, 0.23440150557148876, 0.00985728010004553], [-0.15686690780000162, 0.6698824967296236, 0.6380624164985301, -0.4523859664810025, 0.4781642890005947, -0.19453835633620797, -0.6342957883414017, 0.025810747583251303, -0.004592728056310599, 0.5264249642546067, 0.019921364191801325], [-0.7498755044177727, -0.16338821164362807, -0.47921249957709744, -0.3119009388775694, 0.25105024479353455, 0.3818301587363445, 0.23378437717593978, 0.7171351178290677, 0.2803724353492898, 0.2980061429844447, -0.07823488833097561]], "inverted": false, "swapped": false, "error_lsq": 0.05048464108554915, "error_max": 0.24869011443165862, "target": "24.xyz", "model": "5.xyz", "model_rescale": 4.2253639853439635, "target_rescale": 3.7841303162186577},
{"mapping": [0, 6, 12, 9, 11, 8, 1, 10, 4, 2, 13], "R": [[-0.0969645525262765, -0.9195372449466255, -0.3808531616113339], [0.007257223272294444, -0.38329934242039776, 0.9235956619703598], [-0.9952613768572329, 0.08679210365039342, 0.04383973631517801]], "T": [-0.029203661682143528, 0.11667105670591557, 0.031326061707078676], "aligned_model": [[0.21460229046305887, 0.07453546990168602, -0.505337806390278, -0.38051781843431554, -0.6045350499532752, -0.6091038706030327, 0.13575427276528365, 0.033595209681686444, 0.623361215306352, 0.3756434588118813, 0.021897332409028268], [-0.26043526722992927, 0.7444898417387005, 0.489050125902488, -0.3013910763840323, 0.6398604900914928, -0.18237765394116554, -0.5816988558999928, -0.0775707857752452, -0.12407027259680237, 0.42414910688828833, 0.1455808784496816], [-0.633062474823139, -0.06248083495462754, -0.6799923406531999, -0.2414354524901704, 0.002683448752262861, 0.3779533715840103, 0.1855146701965541, 0.7842130935877535, 0.16214657192270154, 0.46919324444743354, 0.01483313645199821]], "inverted": false, "swapped": false, "error_lsq": 0.05559786835983302, "error_max": 0.2725778736889958, "target": "24.xyz", "model": "6.xyz", "model_rescale": 3.89814844738969, "target_rescale": 3.7841303162186577},
{"mapping": [9, 2, 1, 6, 0, 3, 8, 7, 11, 4, 12], "R": [[-0.3331700144814934, -0.5464831432485442, -0.7683449196783908], [-0.8005177722168024, -0.2666051260708516, 0.5367429581445788], [-0.4981656730601268, 0.7939004225329123, -0.3486446346734942]], "T": [-0.011377564941932171, 0.12504111600960327, 0.04634861308419003], "aligned_model": [[0.33808035799482966, 0.10197021980568108, -0.5180975978093666, -0.46024341471610697, -0.5388053101604771, -0.6346168292353247, 0.049091585894989666, -0.09680460997367768, 0.6689921758562679, 0.35664055851733034, 0.113687567783929], [-0.3512076036135357, 0.7809797841160824, 0.559817550665155, -0.2588279648907827, 0.37853456862109697, -0.2755867892051165, -0.5435387354141574, 0.08703246431813835, -0.243957871747369, 0.5598862732759308, 0.2224548551180408], [-0.6237351101837751, -0.19540454180002914, -0.47230432693724034, -0.28310522080301664, 0.13893063361244945, 0.36798822146009835, 0.13020108103819575, 0.6963734140877341, 0.2835766301132287, 0.34795786093945685, -0.01091220750552431]], "inverted": true, "swapped": false, "error_lsq": 0.044112373492041716, "error_max": 0.22571367503344708, "target": "24.xyz", "model": "7.xyz", "model_rescale": 3.7474275329858107, "target_rescale": 3.7841303162186577},
{"mapping": [4, 8, 9, 11, 7, 10, 12, 0, 1, 3, 14], "R": [[0.5885106649182659, -0.2307883614838797, -0.774849617332968], [-0.2612620209921187, -0.9612594169669236, 0.08787769728164375], [-0.7651126411611395, 0.15072181493067477, -0.6260076523808867]], "T": [-0.0070412499243252755, 0.05019687193738252, 0.034634757068096], "aligned_model": [[0.45554274523363864, 0.23994285034874224, -0.47453085791749755, -0.5336306659649774, -0.6259664413224965, -0.5696206546749071, -0.12041099196829536, 0.12020977363404653, 0.5757008785568261, 0.27109027996579566, 0.041567788067200094], [0.07509839655317527, 0.5366445282454466, 0.3886988638797247, -0.1536008311322502, 0.3250798511880262, -0.17360425151413295, -0.5557816070966686, 0.07383608458684664, -0.26087276375539936, 0.6325215421113273, 0.02756671817738783], [-0.595937845683587, -0.3747279766305389, -0.46256772478196, -0.22546145345288376, 0.10708189017248244, 0.49145072677644913, 0.01055149865447377, 0.6807474424842096, 0.3930327390560948, 0.3471653436870694, 0.008231793739767929]], "inverted": false, "swapped": false, "error_lsq": 0.049325502287956006, "error_max": 0.2787907424500771, "target": "24.xyz", "model": "8.xyz", "model_rescale": 4.019505241142653, "target_rescale": 3.7841303162186577},
{"mapping": [1, 8, 7, 0, 4, 3, 2, 5, 6, 11, 12], "R": [[-0.14205021814160002, 0.9301876287611913, 0.338485909345657], [0.28635072293092706, -0.2887170050463285, 0.9135894890343333], [0.947536278462656, 0.226701271052261, -0.22534758640915142]], "T": [0.12663805674932355, 0.054915032505319004, -0.02701406432522495], "aligned_model": [[0.3021237349463818, 0.009572874620252664, -0.4714421843785304, -0.42765752746831115, -0.6500201342938865, -0.5124382156553242, -0.027024762097318633, -0.025635613189528894, 0.6224585436688261, 0.4358516508283516, 0.12410633697716211], [-0.23329902951240203, 0.7163054282875362, 0.5022441591143204, -0.0985220303526354, 0.3119095212279894, -0.2778828821490522, -0.5000233095640038, 0.15177053483295405, -0.24346072461645654, 0.5118902488623318, 0.0746546151129018], [-0.6122001316350342, -0.09769234165448387, -0.5386591246310705, -0.33009747055104455, 0.1084501682041882, 0.441267767260039, 0.1086448344691908, 0.6194814578976073, 0.4125263664428806, 0.260753426655221, 0.007091481564083499]], "inverted": false, "swapped": false, "error_lsq": 0.052579203812081914, "error_max": 0.2949061967974429, "target": "24.xyz", "model": "9.xyz", "model_rescale": 3.877068213659057, "target_rescale": 3.7841303162186577},
{"mapping": [10, 6, 13, 2, 4, 7, 8, 1, 0, 5, 15], "R": [[0.7231994689707685, 0.5136989948485294, -0.4616230830147135], [0.6771914175327672, -0.6587016248090312, 0.327908452916212], [-0.13562563216575158, -0.5497504089726108, -0.824245215778707]], "T": [-0.006726506673460447, 0.11960036457042843, -0.11301932782375057], "aligned_model": [[0.356791735780703, 0.2389075498612727, -0.4717641417136854, -0.6076339931287135, -0.5183691437850748, -0.5162296423727383, 0.010075024665471388, -0.009382266755696228, 0.5831244785442641, 0.2514138298389871, 0.06296127302328507], [-0.06880101905016377, 0.5489172798680804, 0.47958892842805545, -0.12644049680489344, 0.37207829206417076, -0.22114452092227888, -0.6046321906776919, 0.03423180694985174, -0.09401384159504984, 0.49736181286715864, 0.09844048011624429], [-0.6923035288104169, -0.4813336930533029, -0.6148028746361076, -0.2498748911203313, 0.2510787190851944, 0.42604100937420475, 0.15255147304024297, 0.7504688113603394, 0.37709374259547657, 0.5207434804006882, -0.06009581421440992]], "inverted": false, "swapped": false, "error_lsq": 0.04415842663742917, "error_max": 0.24099483953758088, "target": "24.xyz", "model": "10.xyz", "model_rescale": 4.260839863003843, "target_rescale": 3.7841303162186577},
{"mapping": [1, 2, 8, 7, 10, 6, 0, 5, 3, 4, 11], "R": [[-0.6816618549025177, -0.5915640732250285, -0.43056830217779807], [-0.5322465150582725, -0.002874281909582832, 0.8465845413848686], [-0.5020465743127651, 0.8062528671408972, -0.3128986280696991]], "T": [-0.08541075843270454, 0.1889504588983439, 0.0029649045418675135], "aligned_model": [[0.27662714191554283, 0.467416838926786, -0.31056007638018246, -0.5188779581203887, -0.631225703606902, -0.45121714887804787, -0.10596835863304957, 0.0701099323767807, 0.5543725488113488, 0.116666667237878, -0.08744917969169094], [-0.13840879467128808, 0.4986720910874582, 0.530504500316713, -0.21740569143167338, 0.38644493217539533, -0.35015269347882977, -0.6872083095717687, 0.08989533593565308, -0.07811967781395351, 0.7410719954337059, 0.14029284326207195], [-0.5309125354713413, -0.2593541460306996, -0.58717239175223, -0.2737777469705637, 0.24048494725765257, 0.5309883987734881, 0.047208174786798285, 0.6530512831046583, 0.15522761587035538, 0.4393470553333523, -0.03552422087989316]], "inverted": false, "swapped": false, "error_lsq": 0.05793102040713103, "error_max": 0.29996404707011426, "target": "24.xyz", "model": "11.xyz", "model_rescale": 3.890672605050136, "target_rescale": 3.7841303162186577},
{"mapping": [4, 0, 1, 11, 6, 9, 12, 5, 7, 8, 13], "R": [[-0.6960484347253781, 0.5466744013377753, -0.46547145501989245], [-0.04867665379122592, 0.6108729481326278, 0.7902308679211669], [0.7163429066390202, 0.5726965515539069, -0.39858687879334814]], "T": [-0.12865027848162025, 0.09790076364439657, -0.039874448911925715], "aligned_model": [[0.307093142144743, 0.11946607082931143, -0.37045348633764946, -0.569165288095494, -0.5306058084129643, -0.5860682812454365, 0.153061803130012, 0.04618353325920441, 0.5997800377390253, 0.1953947201693223, 0.015208260778001137], [-0.10874490022930594, 0.534798551561127, 0.6209228056985934, -0.14155555899486577, 0.475489204082959, -0.24507147924073183, -0.5586757214973707, -0.13462727059122534, -0.14914136228739636, 0.6117303315416062, 0.010461931200093616], [-0.5482859798670904, -0.3501213503715519, -0.5626338989328986, -0.26652254563506667, 0.12720955854044438, 0.48829146004027757, 0.17149671510529824, 0.6814687657936337, 0.32798915720070865, 0.3476369184594203, -0.03696236631159788]], "inverted": true, "swapped": false, "error_lsq": 0.04028685105884971, "error_max": 0.21144915688798452, "target": "24.xyz", "model": "12.xyz", "model_rescale": 4.124412569039231, "target_rescale": 3.7841303162186577},
{"mapping": [10, 4, 5, 7, 0, 3, 9, 6, 8, 1, 12], "R": [[-0.5256391738855304, -0.8503742455018872, 0.023813892248721824], [-0.20505285667164658, 0.09948167569594735, -0.973682043673151], [0.8256250873415456, -0.5166885316976011, -0.22666313410972405]], "T": [-0.07594774132342297, 0.06552815375752302, 0.032111737949896836], "aligned_model": [[0.2909541074865418, 0.10897019279451856, -0.5163077918363348, -0.33425287453630353, -0.44395948667844054, -0.6016232342957278, -0.06097449132423223, 0.05624670125397055, 0.5493902886813861, 0.32243389845281545, 0.009017393959881631], [-0.05888363704436844, 0.7349620770372476, 0.3153750552922814, -0.3049754857154792, 0.5030593372250777, -0.07396927209581841, -0.5600539601856749, -0.09804013321161603, -0.1696908922096691, 0.5499672632533597, 0.07783617889814327], [-0.595992084635834, -0.33658845970857426, -0.5312757226648732, -0.40272522668073324, 0.131616572848811, 0.4935866777186159, 0.1627413383443474, 0.6672360247109318, 0.29387588664568587, 0.5512216657964074, -0.054130238353206746]], "inverted": true, "swapped": false, "error_lsq": 0.04425864624925335, "error_max": 0.23635197137881583, "target": "24.xyz", "model": "13.xyz", "model_rescale": 3.9028299243045295, "target_rescale": 3.7841303162186577},
{"mapping": [3, 1, 8, 5, 12, 13, 10, 14, 9, 11, 15], "R": [[0.9774747152714993, -0.21021201874245365, -0.01881723096322592], [-0.11935299725518055, -0.6241062516592086, 0.772169831504765], [-0.1740633305757015, -0.752530593275858, -0.6351375151357217]], "T": [-0.00046587664655996924, 0.06836843204635022, -0.1929665423268766], "aligned_model": [[0.35151913315545996, 0.30133877025223116, -0.6389329354748193, -0.47862816231104865, -0.4442341258558477, -0.5704372062835188, -0.0392684896401865, 0.018987617427242854, 0.6063342273984874, 0.18239054871443475, 0.09082532657564021], [-0.12439015216211273, 0.6349808656576359, 0.316425640693899, -0.11440989188599944, 0.48742934278331784, -0.08289492513859094, -0.5755078126034581, -0.07118026137564927, -0.04990035906008734, 0.46934021719164054, 0.02569386714288803], [-0.6700830127266857, -0.09265173319981734, -0.549806276082525, -0.1855674529406387, 0.14124593955689846, 0.3407969183560854, 0.1802228745240051, 0.680645715208173, 0.2746354072464797, 0.40002742354421406, -0.13989936946461162]], "inverted": true, "swapped": false, "error_lsq": 0.04718711696922755, "error_max": 0.23927379960602657, "target": "24.xyz", "model": "14.xyz", "model_rescale": 3.942246331269136, "target_rescale": 3.7841303162186577},
{"mapping": [0, 5, 9, 6, 10, 11, 8, 13, 12, 3, 14], "R": [[-0.5475664069269707, -0.7346812618040348, -0.4005177568586924], [0.7908875131708346, -0.29809909083780495, -0.5344472598415368], [0.2732544080441158, -0.6094098584661276, 0.7442792841996575]], "T": [-0.056981197959957146, 0.14832106690752414, 0.013021065058194971], "aligned_model": [[0.3683299467556983, 0.22946074161918356, -0.5492261903879389, -0.4965659264944016, -0.651268997677494, -0.5244698914955749, -0.09665470605514836, 0.08847522268639552, 0.6249116660501602, 0.3626686653407033, 0.024234173616491612], [-0.22308272519089048, 0.6109423297140119, 0.4368812112718513, -0.13573627015409098, 0.5148340277991511, -0.24194102862908298, -0.6133304873358234, -0.1728161915044575, -0.027156278078843188, 0.6461869950657732, 0.12080494828588428], [-0.45802790932115117, -0.3136471774120287, -0.5549491952956167, -0.18412376758822183, 0.15961839330295988, 0.3915192062164938, -0.11795163805930581, 0.7455803715021878, 0.42811874220342244, 0.3172766160535858, -0.0338472075807483]], "inverted": false, "swapped": false, "error_lsq": 0.049487153954727386, "error_max": 0.2577285538109482, "target": "24.xyz", "model": "15.xyz", "model_rescale": 4.355366556412066, "target_rescale": 3.7841303162186577},
{"mapping": [3, 5, 9, 10, 1, 8, 6, 2, 4, 0, 11], "R": [[0.9678362609970859, 0.19341678894530262, 0.1608816883715157], [-0.0028583630082964356, 0.6478954458475326, -0.7617239139024982], [-0.25156470670603626, 0.7367641664767063, 0.6276095612208205]], "T": [-0.1015572711946953, 0.12194119927109867, -0.06817377083280013], "aligned_model": [[0.32179451371761364, 0.31343694301668396, -0.4347143193845116, -0.5568663682999271, -0.4898490119210056, -0.5750999459042277, 0.09673885023574268, -0.06236184863353035, 0.5711850512863224, 0.2117500418924697, -0.016119202047554917], [-0.1615156659988836, 0.522251089560417, 0.683977660711307, -0.2655305570741071, 0.38331768470730043, -0.27989898912119915, -0.668708881756401, 0.0855068116924125, -0.06909649600568457, 0.6499420532941498, 0.035341821234172385], [-0.4822299029960478, -0.3567767434866388, -0.4189912482840106, -0.26766076970056984, 0.20661545812197218, 0.38051087792919663, 0.03974777750840752, 0.7672073733146003, 0.2562520260189989, 0.2881514798911348, -0.03325989429546605]], "inverted": true, "swapped": false, "error_lsq": 0.046481839687678786, "error_max": 0.23649776846089351, "target": "24.xyz", "model": "16.xyz", "model_rescale": 3.795458400668931, "target_rescale": 3.7841303162186577},
{"mapping": [9, 2, 1, 6, 0, 3, 8, 7, 11, 4, 12], "R": [[-0.3331700144814934, -0.5464831432485442, -0.7683449196783908], [-0.8005177722168024, -0.2666051260708516, 0.5367429581445788], [-0.4981656730601268, 0.7939004225329123, -0.3486446346734942]], "T": [-0.011377564941932171, 0.12504111600960327, 0.04634861308419003], "aligned_model": [[0.33808035799482966, 0.10197021980568108, -0.5180975978093666, -0.46024341471610697, -0.5388053101604771, -0.6346168292353247, 0.049091585894989666, -0.09680460997367768, 0.6689921758562679, 0.35664055851733034, 0.113687567783929], [-0.3512076036135357, 0.7809797841160824, 0.559817550665155, -0.2588279648907827, 0.37853456862109697, -0.2755867892051165, -0.5435387354141574, 0.08703246431813835, -0.243957871747369, 0.5598862732759308, 0.2224548551180408], [-0.6237351101837751, -0.19540454180002914, -0.47230432693724034, -0.28310522080301664, 0.13893063361244945, 0.36798822146009835, 0.13020108103819575, 0.6963734140877341, 0.2835766301132287, 0.34795786093945685, -0.01091220750552431]], "inverted": true, "swapped": false, "error_lsq": 0.044112373492041716, "error_max": 0.22571367503344708, "target": "24.xyz", "model": "17.xyz", "model_rescale": 3.7474275329858107, "target_rescale": 3.7841303162186577},
{"mapping": [3, 12, 7, 2, 9, 6, 0, 4, 8, 5, 13], "R": [[0.8504173073395368, 0.44544535220050574, 0.27994435443555427], [0.4665126057026735, -0.3924753135526816, -0.7926721371236826], [-0.24322087101618922, 0.8046996746952814, -0.5415736713019149]], "T": [0.02681908161790522, 0.11166873923024159, -0.14546523761942748], "aligned_model": [[0.5547651026688909, -0.06661784772108442, -0.4413206334583937, -0.5731468839657038, -0.4249840565663311, -0.5140575679141502, -0.058754576938120695, 0.05391734713709875, 0.5828175795476407, 0.3055369702929832, -0.038260729124754825], [-0.1728021011598447, 0.8536218074158011, 0.4491745610604221, -0.26465336969247066, 0.43197898789547184, -0.0652260270929853, -0.6810829342834037, -0.05052364432664658, -0.1822704249802228, 0.5651832098753916, 0.032186466531970034], [-0.46317347033212325, -0.1419855595833323, -0.6295667863003971, -0.19295454469978549, 0.2300336768703075, 0.3752645417275586, 0.10625747467233321, 0.6682823502372692, 0.20284480998447324, 0.34429072213833767, -0.11972678069306374]], "inverted": true, "swapped": false, "error_lsq": 0.058806580386450036, "error_max": 0.38558298120222423, "target": "24.xyz", "model": "18.xyz", "model_rescale": 3.922800546911778, "target_rescale": 3.7841303162186577},
{"mapping": [2, 4, 6, 1, 8, 5, 0, 12, 7, 13, 14], "R": [[-0.8387907243925982, -0.4035308549276024, -0.36550372062995296], [-0.12275803549616798, 0.794206100809752, -0.5951194284827976], [0.5304343365526614, -0.4543121378061217, -0.7157093656282344]], "T": [0.005607729146357064, 0.10611001948511971, -0.015189438944101498], "aligned_model": [[0.22536687955445983, 0.09454220203321445, -0.35707922751494414, -0.5292369479220679, -0.4670440940762975, -0.5085227568287437, -0.1661206209543709, 0.07328803223776811, 0.7008633838151265, 0.22093708741895995, 0.09290076619497062], [-0.3177855513310501, 0.7743910394779552, 0.45652382251523466, -0.17158878273428724, 0.4407939625166803, -0.2641440960635165, -0.7107029725197229, -0.029725023243325946, 0.022386058067451628, 0.6304148985478478, 0.08502317601021663], [-0.5491814085860883, -0.2785490352033556, -0.48575942314076365, -0.4450819494549554, 0.18223793074603636, 0.41038717401297664, 0.02686463981951894, 0.7565503243873789, 0.36928538727250393, 0.3728201074295828, 0.019992686738742667]], "inverted": true, "swapped": false, "error_lsq": 0.05048413313674185, "error_max": 0.238928808905594, "target": "24.xyz", "model": "19.xyz", "model_rescale": 3.9282355846067225, "target_rescale": 3.7841303162186577},
{"mapping": [12, 6, 8, 11, 4, 0, 10, 1, 2, 5, 13], "R": [[-0.9496726063207026, 0.1689790087714005, 0.2637575314539449], [0.10386307955498228, -0.6245215415567116, 0.7740706071392868], [0.29552394405428334, 0.7625083204308419, 0.5755403198424393]], "T": [-0.017375646180200523, 0.19943200795546295, -0.07894507249779603], "aligned_model": [[0.32815592017393796, 0.12578539009534576, -0.4455283804060158, -0.5745944196994283, -0.6206173166290817, -0.5343002758026888, 0.11244975570407398, 0.04554072692383663, 0.5985821461765916, 0.36851483477015917, -0.024093677348655605], [-0.2989404201520956, 0.8367894497989932, 0.5264013791187312, -0.24594134597363387, 0.3732469803852201, -0.12133317135980604, -0.6458085318817195, -0.005321759408053017, -0.14665880018741434, 0.5414114367334301, 0.10174131416983133], [-0.6747866662310611, -0.06778877041122738, -0.6159719299493028, -0.1461238293605836, -0.00644895306304058, 0.4407621674222718, 0.02568830569864916, 0.6391205380507758, 0.3447686998932306, 0.39204193289957934, 0.04830493907228592]], "inverted": true, "swapped": false, "error_lsq": 0.05112777557660555, "error_max": 0.3227074079464065, "target": "24.xyz", "model": "20.xyz", "model_rescale": 4.067790424073018, "target_rescale": 3.7841303162186577},
{"mapping": [7, 5, 4, 0, 6, 3, 12, 11, 10, 13, 14], "R": [[0.32071496458243803, 0.8218815689294685, 0.47079995555110354], [-0.9287701180006505, 0.175369792253895, 0.3265447961212726], [0.18581705896376488, -0.5419927329945129, 0.8195827584687196]], "T": [-0.05266648984199695, 0.10909353217307576, -0.061152496361114785], "aligned_model": [[0.26634792425139886, 0.13146025985086746, -0.48205993450975015, -0.3821663979676592, -0.5474339039663808, -0.6563762259720699, 0.05046784273957829, -0.04588736855940775, 0.6411094773379008, 0.39673487441146127, 0.007698156342136241], [-0.24820015430535952, 0.6386465477987521, 0.6571455962958636, -0.36243455335293895, 0.5354083994339098, -0.31061525440144366, -0.5588956663708591, 0.01879280150785244, -0.016089703152355514, 0.48045294684862866, 0.08137557094143325], [-0.6331970596707254, -0.24591468011953238, -0.4583082585292991, -0.4777447486010123, 0.28672354847155185, 0.36677752785396894, 0.2996349853636148, 0.5790287869759653, 0.3563291038450785, 0.32647374632139387, -0.020236517889426923]], "inverted": false, "swapped": false, "error_lsq": 0.049171843232036605, "error_max": 0.25541571400669916, "target": "24.xyz", "model": "21.xyz", "model_rescale": 4.186013935880536, "target_rescale": 3.7841303162186577},
{"mapping": [4, 11, 3, 6, 5, 0, 7, 1, 9, 8, 12], "R": [[-0.37978783928561505, 0.7728919018828229, 0.5083299176073711], [0.9210625491293647, 0.36704976087180835, 0.1300701873423158], [-0.08605218022851403, 0.5176027251163784, -0.8512828209414414]], "T": [0.01313426705084611, 0.09157342271502981, 0.09157056227672555], "aligned_model": [[0.15369323401776316, 0.2807549592373413, -0.5303589112661034, -0.37592447168198395, -0.5599727541835342, -0.5916394558810438, 0.09436436859145035, -0.050197613151275466, 0.5736892939468424, 0.38467875692698406, 0.0008072974016346442], [-0.14998278058273773, 0.5352290335670281, 0.38128640395302826, -0.16837764931451293, 0.6103048088460492, -0.13832668593946035, -0.6338944890768474, -0.36233156340428246, 0.059938472933650816, 0.6797504964275705, 0.10199048383399748], [-0.5788844520396911, -0.26969781827299916, -0.5961940837772278, -0.2099449215437666, 0.12327020532365929, 0.4127918646496016, 0.01793823619035495, 0.6617306910637506, 0.3565763207279155, 0.4135496807071744, 0.048430710992805936]], "inverted": false, "swapped": false, "error_lsq": 0.054603085799124824, "error_max": 0.37718737754658216, "target": "24.xyz", "model": "22.xyz", "model_rescale": 4.166573947596378, "target_rescale": 3.7841303162186577},
{"mapping": [4, 9, 11, 2, 12, 6, 1, 5, 7, 10, 15], "R": [[-0.8170190555258008, -0.40866977864041343, 0.40677865594660245], [0.4908279812365597, -0.12268759038710197, 0.8625750100717331], [-0.3026016453077749, 0.9043985665573573, 0.3008246616652722]], "T": [-0.0009384825479053366, 0.18638874640745354, -0.03313877567388906], "aligned_model": [[0.27361347477929293, 0.12052584094866399, -0.5441568424923365, -0.39227583515317055, -0.5743942218869219, -0.5715205203865917, -0.07326259575219558, 0.13073999905592432, 0.569503998783204, 0.4454280978658282, -0.004306691803621851], [-0.30669829408299276, 0.6975672060730284, 0.5337022888737967, -0.2810098624087105, 0.46273951978505656, -0.20985462715991923, -0.506399282619811, -0.2109924313375274, 0.04705125812720165, 0.5639581664773738, 0.12552258951598746], [-0.5036065286525296, -0.3236420747490376, -0.48742992027739784, -0.31809992411645943, 0.12229648513253044, 0.2775619790188911, 0.11823173120533245, 0.685061028181464, 0.37499121281357034, 0.4349845435721113, -0.0007820981068979438]], "inverted": false, "swapped": false, "error_lsq": 0.04973447642892667, "error_max": 0.24305745850670848, "target": "24.xyz", "model": "23.xyz", "model_rescale": 4.274766983524099, "target_rescale": 3.7841303162186577},
{"mapping": [0, 1, 2, 3, 4, 5, 6, 7, 8, 9, 10], "R": [[1.0, 0.0, 0.0], [0.0, 1.0, 0.0], [0.0, 0.0, 1.0]], "T": [0.0, 0.0, 0.0], "aligned_model": [[0.3395232041807309, 0.17758382873862189, -0.5675967449625989, -0.4274165038840964, -0.510711679700073, -0.6525144336116259, 0.002351967098451869, 0.03176414128362024, 0.6525144336116259, 0.2773953754977782, 0.057001115705640384], [-0.1757603450254878, 0.5753764717531422, 0.5447228234094695, -0.20501478151398364, 0.44937682053699657, -0.1918008866896732, -0.6647768284348484, 0.0046774684064464335, -0.13701992444016206, 0.6647768284348484, 0.05102888480673538], [-0.6324568262732396, -0.2497784618962306, -0.5564013852736275, -0.30215617710083176, 0.15784378445953517, 0.45130730373645056, 0.11437347919679676, 0.6324568262732396, 0.316956750897134, 0.4569343826741735, -0.009513242671822951]], "inverted": false, "swapped": false, "error_lsq": 0.0, "error_max": 0.0, "target": "24.xyz", "model": "24.xyz", "model_rescale": 3.7841303162186577, "target_rescale": 3.7841303162186577},
{"mapping": [7, 9, 14, 11, 12, 3, 6, 4, 1, 2, 15], "R": [[0.15515064796231376, 0.2405473866825682, 0.958157205889024], [0.967483058771367, -0.23312245650821345, -0.09813486262269791], [0.19976187681155239, 0.9422265518609436, -0.2688946216289255]], "T": [0.050122609515932226, 0.11227159975783096, -0.0830867852781916], "aligned_model": [[0.23669266325111643, 0.01621937939375144, -0.39788929135414625, -0.4172263322614269, -0.4892523663809862, -0.5240685530375817, -0.05199946397339743, 0.12190447100889125, 0.6865838464535767, 0.17136055512272885, 0.02756979573554849], [-0.3519323272188458, 0.6874853341730289, 0.6328981127554996, -0.3877451400408649, 0.5957661185690339, -0.21911910804201196, -0.5548411301386954, -0.0962644760826605, -0.07259092507383597, 0.628979238146382, 0.05295083419645341], [-0.4984322912475494, -0.18368717918163568, -0.4799902155395448, -0.4309312845926868, 0.1415898536584315, 0.37461027093095034, 0.17490185780377257, 0.6296995868502391, 0.2542251394915511, 0.45273744420680617, -0.05515674835875674]], "inverted": true, "swapped": false, "error_lsq": 0.04996608370218105, "error_max": 0.24407634757728255, "target": "24.xyz", "model": "25.xyz", "model_rescale": 4.19342608120988, "target_rescale": 3.7841303162186577},
{"mapping": [3, 5, 9, 10, 1, 8, 6, 2, 4, 0, 11], "R": [[0.9678362609970859, 0.19341678894530262, 0.1608816883715157], [-0.0028583630082964356, 0.6478954458475326, -0.7617239139024982], [-0.25156470670603626, 0.7367641664767063, 0.6276095612208205]], "T": [-0.1015572711946953, 0.12194119927109867, -0.06817377083280013], "aligned_model": [[0.32179451371761364, 0.31343694301668396, -0.4347143193845116, -0.5568663682999271, -0.4898490119210056, -0.5750999459042277, 0.09673885023574268, -0.06236184863353035, 0.5711850512863224, 0.2117500418924697, -0.016119202047554917], [-0.1615156659988836, 0.522251089560417, 0.683977660711307, -0.2655305570741071, 0.38331768470730043, -0.27989898912119915, -0.668708881756401, 0.0855068116924125, -0.06909649600568457, 0.6499420532941498, 0.035341821234172385], [-0.4822299029960478, -0.3567767434866388, -0.4189912482840106, -0.26766076970056984, 0.20661545812197218, 0.38051087792919663, 0.03974777750840752, 0.7672073733146003, 0.2562520260189989, 0.2881514798911348, -0.03325989429546605]], "inverted": true, "swapped": false, "error_lsq": 0.046481839687678786, "error_max": 0.23649776846089351, "target": "24.xyz", "model": "26.xyz", "model_rescale": 3.795458400668931, "target_rescale": 3.7841303162186577},
{"mapping": [1, 0, 2, 9, 3, 4, 11, 10, 5, 7, 12], "R": [[0.4706039754131109, 0.54570873335456, -0.6933497506063864], [0.16404385790741233, 0.7179907497138962, 0.6764457820166598], [0.8669610781391683, -0.43207784213708444, 0.24836913521194992]], "T": [0.009366405396478913, -0.06662420846428135, -0.0773824775004962], "aligned_model": [[0.2344007212857539, 0.04450092320164477, -0.4319945973168714, -0.37428328050033177, -0.39101148476814124, -0.574601031361431, -0.14872492537232684, 0.02854663224140068, 0.6515575929553113, 0.25063025667728384, 0.09087389691578286], [-0.06153069572645248, 0.7319532202244017, 0.3775640890401961, -0.09621669591374632, 0.5075276223297354, -0.2414237579484721, -0.7062775373536443, -0.09305819847000375, -0.042552390583089156, 0.49310389102877045, 0.04649698461578819], [-0.6248190339629458, -0.3061024987939635, -0.6960359633414331, -0.2679382260709343, 0.15740206013148544, 0.4947104633256475, 0.2008716180845268, 0.6343898116340183, 0.3148820940400723, 0.45992963601683934, 0.012276472958264506]], "inverted": true, "swapped": false, "error_lsq": 0.04650659287931455, "error_max": 0.25656928949943547, "target": "24.xyz", "model": "27.xyz", "model_rescale": 3.6321398670334006, "target_rescale": 3.7841303162186577},
{"mapping": [3, 11, 10, 8, 9, 12, 7, 6, 4, 13, 14], "R": [[-0.2865888864631644, -0.9390387333315737, 0.18992911166758453], [-0.3757470410517927, -0.07219268558433789, -0.9239060435395712], [0.881295053484715, -0.33614650593328377, -0.33215140410996147]], "T": [0.02200425987522825, 0.1151110493412695, -0.11217592469874671], "aligned_model": [[0.3067943543015014, 0.03144260129028205, -0.5494492025918519, -0.3656116726712594, -0.4017713469188327, -0.5131602121262079, -0.024176371209915642, 0.03247067314196111, 0.5310175654872128, 0.2611608416836164, 0.07117747357156887], [-0.3425140657421919, 0.7469481108127894, 0.4677507392853727, -0.18436760531579197, 0.514833198052062, -0.30844582520331654, -0.65276978662685, 0.12360462237487913, -0.2998571519566461, 0.7042586122566716, 0.1461456833065049], [-0.5376567540245536, -0.2271484513348127, -0.5042955777475564, -0.2767846730551949, 0.21525131933659913, 0.3544162878309908, -0.01670993562757689, 0.6648219842760584, 0.3929716764838823, 0.39986568533174716, -0.08516512744800572]], "inverted": false, "swapped": false, "error_lsq": 0.04681779141109186, "error_max": 0.22650872625073665, "target": "24.xyz", "model": "28.xyz", "model_rescale": 4.156811204709835, "target_rescale": 3.7841303162186577},
{"mapping": [9, 9, 7, 5, 2, 1, 8, 0, 3, 10], "R": [[0.8925938439471632, 0.30700589739885575, -0.33018723280882734], [-0.31062336827395176, 0.949551793331368, 0.04318002852394469], [0.32678640245544566, 0.06402164277419746, 0.9429272911665676]], "T": [-0.08442259219666841, 0.1596801740260008, 0.0459964909532312], "aligned_model": [[-0.38524050409860766, -0.38524050409860766, 0.09461808978784257, 0.7059076874389497, 0.07126101523243557, -0.5020504537148519, -0.5201319613619987, -0.5423486210121364, 0.2602593829574081, -0.15410875701984567], [-0.40512480937615303, -0.40512480937615303, 0.13779585626961455, 0.11963135648050888, -0.5098457448657231, -0.320722458424749, 0.47878771867150316, 0.45934706992991803, 0.23463388572558794, 0.1293422655918492], [-0.5180685501939112, -0.5180685501939112, -0.561043859692965, -0.15404123028105093, 0.721251390291094, 0.18665089195777962, -0.4573312832419002, 0.5426581925095862, 0.48370708129605045, 0.03307264452432811]], "inverted": true, "swapped": true, "error_lsq": 0.07050138401595206, "error_max": 0.34185037747805164, "target": "24.xyz", "model": "29.xyz", "model_rescale": 4.117894457231895, "target_rescale": 3.7841303162186577},
{"mapping": [13, 3, 1, 7, 8, 6, 10, 9, 11, 2, 14], "R": [[0.07215616255741467, 0.958864405577757, -0.2745405979468293], [-0.3631661717797897, -0.2311044605183321, -0.9026079215270288], [-0.9289261649236715, 0.16483258186579883, 0.33155150440867326]], "T": [-0.010247187982911424, 0.13355771894298354, 0.012040469631344863], "aligned_model": [[0.18117886655743548, 0.3211181100983596, -0.5283269570858306, -0.3444491156806874, -0.7034171586359784, -0.433097079221441, -0.06809208039477917, 0.06332497314169593, 0.6080737471680642, 0.30734883073401503, -0.02376743272277862], [-0.34088332159175905, 0.5431808440608683, 0.6663416491018427, -0.26482309303545715, 0.2742617819929206, -0.17194701863305714, -0.5776527690890321, -0.017262276810030036, -0.06111204526401995, 0.7835310806507273, 0.08195169986047968], [-0.5890569160969098, -0.13682905598751496, -0.42150660332557466, -0.38369360904345096, 0.05086629973465266, 0.38574391895677707, 0.0838358373668382, 0.613425935533937, 0.3365193354554123, 0.4391566727991146, 0.0011046186282958406]], "inverted": false, "swapped": false, "error_lsq": 0.05132072586325303, "error_max": 0.28150463686105126, "target": "24.xyz", "model": "30.xyz", "model_rescale": 4.100398675895297, "target_rescale": 3.7841303162186577},
{"mapping": [10, 2, 5, 4, 0, 3, 7, 6, 9, 1, 11], "R": [[0.054727892210023665, 0.06128844900747435, 0.9966185748983944], [-0.15431762852116837, -0.9856030181977412, 0.06908516517390567], [0.9865043980347229, -0.15757670049141578, -0.04448208763522593]], "T": [0.0018076785768717588, 0.07918227017168009, 0.025622006733077095], "aligned_model": [[0.28898292647804963, -0.022882239358998864, -0.30664977971359014, -0.5085853416396177, -0.49068682829941623, -0.6529128356667695, 0.05844177062777023, 0.19272255824186962, 0.6740267741590859, 0.11839328063982762, 0.029044418489864606], [-0.10445946197718683, 0.7326350041951415, 0.41297853978137755, -0.18834485507766005, 0.5205743698341818, -0.0890473165365166, -0.5560167620514924, -0.18278766552034234, -0.2334971819618353, 0.5443659669075865, 0.05918589365022961], [-0.6041081283084445, -0.19563924923263948, -0.7239861838376098, -0.24528964184929344, 0.0847005903809818, 0.5229391359356369, 0.14513538594219924, 0.7929867598933931, 0.21137661930695265, 0.42626397131210475, -0.03481282552170381]], "inverted": false, "swapped": false, "error_lsq": 0.056940072222308506, "error_max": 0.3369488680068195, "target": "24.xyz", "model": "31.xyz", "model_rescale": 3.8381024199148657, "target_rescale": 3.7841303162186577},
