[{"mapping": [5, 3, 1, 0, 11, 10, 8, 12, 9, 4, 6, 7, 2, 13], "R": [[0.05182386859019747, -0.984522616586022, 0.16742014238125183], [0.14427900513473188, 0.17326779693661745, 0.974249372194852], [-0.9881790603537792, -0.026334159856426176, 0.15102535119303062]], "T": [0.040269597630480734, -0.0473444585502026, -0.10784348850063757], "aligned_model": [[-0.38688466835237373, 0.2519872668379462, 0.3766165849957841, 0.7843398985551706, -0.6011875603126158, -0.3913470026431051, -0.6393504780923528, 0.20048775589554096, 0.23533939463594136, -0.1735712249994172, -0.20668748604885895, -0.28105185229935675, 0.5162138779577402, -0.05216191515827418], [-0.6706835131851622, -0.3463279240716069, -0.4016790277017225, 0.1373729574813038, 0.02343156125268797, 0.5673532675074885, 0.16933512453323118, 0.11190120257478554, 0.6439860642273241, 0.45393214035760193, -0.23722931152814214, 0.6139905968019139, 0.1570931920424805, 0.08677784707311363], [-0.14511165804303844, 0.2649631928878561, -0.4150271967559144, -0.19531518722148966, -0.3735224496317492, -0.7796192997571911, 0.21113243938731346, -0.6408451481121471, -0.2519026927766103, 0.6772667589012626, 0.5903701074839975, 0.06760722495721333, 0.4604350826716483, -0.10510764616833576]], "inverted": false, "swapped": false, "error_lsq": 0.051435563992842735, "error_max": 0.35160745077118566, "target": "241.xyz", "model": "0.xyz", "model_rescale": 3.8414455957264533, "target_rescale": 3.7208248667215953},
{"mapping": [11, 0, 13, 9, 12, 10, 1, 8, 6, 2, 4, 5, 7, 14], "R": [[-0.23371657574061275, -0.010420299341810269, -0.9722489288169516], [-0.7147622453203708, 0.679737637149337, 0.16453472979045658], [0.6591596884584681, 0.7333813210085621, -0.1663139895110209]], "T": [-0.013974431693155502, 0.11733619533594868, 0.004292616734066439], "aligned_model": [[-0.41231701136721904, 0.02867058468231036, 0.3401261511934215, 0.660212759603048, -0.3266336016296393, -0.42166715668114163, -0.7654165920008255, 0.2302338542727257, 0.18676116666854917, 0.1982590431265528, -0.1174263145167288, -0.3293870582610799, 0.4637251668526202, -0.10239840097082456], [-0.5573983795291194, -0.4887856588661456, -0.4503144305700136, 0.13819268519000694, -0.09222523177685672, 0.47999102321068793, -0.2621853060232468, 0.16788134815418626, 0.853094253133395, 0.6517713470459852, 0.12387680219153015, 0.6852177847269523, -0.04290480484198121, 0.10304274531991743], [-0.3308518966183709, 0.39965962337994004, -0.35240409582057075, -0.09840265052078456, -0.659497858934383, -0.4088047304147667, 0.2037819670436659, -0.7454472702219087, -0.16420804712260975, 0.46682991079915387, 0.5382141121342884, 0.11541489359502774, 0.403142109082124, -0.0021025385579900007]], "inverted": true, "swapped": false, "error_lsq": 0.0413306458208114, "error_max": 0.2508465963743972, "target": "241.xyz", "model": "1.xyz", "model_rescale": 4.316132596720782, "target_rescale": 3.7208248667215953},
{"mapping": [4, 2, 0, 11, 6, 5, 10, 8, 1, 7, 12, 13], "R": [[-0.8122755346790618, 0.5832727953385882, -0.0011410432742884613], [-0.4493284511114485, -0.6269873343384331, -0.6363888949384429], [-0.37190374935409154, -0.5164104266928538, 0.7713675339416832]], "T": [0.07679363484975982, 0.07723930706238526, -0.09757462626404609], "aligned_model": [[-0.2102602412200339, 0.5855044197129085, 0.21465031452706687, -0.6225372579656514, -0.5199140058286293, -0.5440673455293508, -0.09906597560317901, -0.12116777593395292, 0.4487480246694887, 0.11217441872644701, 0.4008581442367654, -0.04711416516009827], [-0.5828895633392351, -0.2839687830133817, -0.5938568803496541, 0.3904950981067347, -0.16915991660947077, -0.12198732385367751, 0.3866931650706603, 0.5050768209162828, -0.01624986048949774, -0.12742124630841656, 0.573333929849306, 0.05271098776133023], [0.160609055898384, 0.06925073232240597, -0.4234994005632996, 0.02682370335242884, -0.5044658811894216, 0.4592892114951814, -0.6408755796183668, 0.455810026248082, -0.5422394075315273, 0.5929830803825685, -0.20191631809496718, -0.00251076149204707]], "inverted": true, "swapped": true, "error_lsq": 0.03859206122396849, "error_max": 0.20947786675757354, "target": "241.xyz", "model": "2.xyz", "model_rescale": 3.795458400668931, "target_rescale": 3.7208248667215953},
{"mapping": [5, 4, 7, 1, 11, 12, 2, 6, 0, 10, 8, 13], "R": [[0.6190525698208079, 0.2078249594578303, -0.7573524292062479], [-0.49233504151862184, -0.6486284686947039, -0.580419948392214], [-0.6118660986613906, 0.732181600304948, -0.2992156103611152]], "T": [0.06067568233656976, 0.08193317951226262, 0.17955506092746787], "aligned_model": [[-0.23085937642126694, -0.11653192644619795, -0.6043604692537979, 0.32204748526904026, 0.2353150671889422, 0.06992961545831397, -0.313343278089506, 0.6448157712930579, 0.2592744104271986, 0.6511699757515715, -0.3425800876721064, 0.01842663823831562], [-0.09139131824792943, -0.5646213624927676, -0.07280686834275424, -0.034305367827189154, 0.3875280174017427, 0.5765455180601318, -0.25523849120777253, -0.20569110977448543, -0.6071936888991255, 0.34841419399843354, 0.5431273073830157, 0.061402215238409906], [-0.6079872358532528, -0.18840357077115344, -0.052371916482457204, 0.6923809972836663, -0.5123847579830194, 0.5220282262039068, 0.5839233694599493, -0.21842195334723757, 0.42707116106429505, 0.22612304459991792, -0.2117926009134783, 0.028606667377963774]], "inverted": true, "swapped": true, "error_lsq": 0.04712482603366459, "error_max": 0.24711950618406475, "target": "241.xyz", "model": "3.xyz", "model_rescale": 3.7530521520055578, "target_rescale": 3.7208248667215953},
{"mapping": [8, 2, 4, 0, 5, 1, 11, 12, 9, 6, 13], "R": [[-0.8954358782837427, -0.31151371635560204, -0.3180468399537154], [0.024807509556856955, -0.748210423114399, 0.6629975491753789], [-0.44449879117024516, 0.5857818427241442, 0.6777023368580761]], "T": [-0.13438059522377535, 0.03681620704265946, -0.06262067382268859], "aligned_model": [[-0.5061346662537306, -0.16461620316962883, 0.48632367069605076, 0.40827687494893017, 0.22559615504714173, -0.15214971807117217, -0.03408524156029788, -0.6822934388996377, -0.6616816476275209, 0.48969432992325423, -0.07073051258818365], [-0.5608598836991172, 0.13424293598795867, -0.3000775830303329, 0.4136596107934915, -0.7347468335991859, 0.6054044982788344, -0.4048292807672309, 0.25984888457907723, 0.023631407287433445, 0.13436558816756675, -0.1034359856841492], [0.11917710747404033, -0.7003372940694299, -0.35597652516802536, -0.4355998079681432, 0.039183819237838105, -0.20825265381928398, 0.5679012828218623, 0.04721015127866053, 0.6809390820003299, 0.3655705045657589, -0.02698488910829113]], "inverted": false, "swapped": true, "error_lsq": 0.057012559212455204, "error_max": 0.2872683460804711, "target": "241.xyz", "model": "4.xyz", "model_rescale": 3.7855080009869324, "target_rescale": 3.7208248667215953},
{"mapping": [5, 7, 10, 15, 3, 2, 1, 9, 14, 13, 6, 12, 8, 16], "R": [[-0.6752307806867042, -0.7010672947614704, -0.2292772143695444], [-0.48938026134206186, 0.6583739712408394, -0.5718834442448408], [0.5518789293151168, -0.2739495614312975, -0.7876428665134981]], "T": [-0.10127586730332411, 0.0869354923693005, 0.03300866885014552], "aligned_model": [[-0.3165308405735455, -0.011218952924507752, 0.3901519362396555, 0.6681447171580011, -0.23064937865135726, -0.44069191959828397, -0.8348347586892892, 0.16713009203720175, 0.04218842966681893, 0.21673237922478067, -0.1285751568516074, -0.32651210592649677, 0.5293577223662767, -0.09194957250587751], [-0.6289425734775254, -0.6062134624748792, -0.3731389941949668, 0.3285006389586401, -0.11689821246788383, 0.3747258109208523, 0.24724521956305934, 0.16723449570807275, 0.6603620340542037, 0.5215734307194964, -0.07913474397281826, 0.711112983279786, -0.020366497134837555, 0.1231940478840988], [-0.27729301651612415, 0.3028303700657751, -0.24590790432511977, -0.13715698822060318, -0.6182446771935184, -0.5567024159796999, 0.12942486678921808, -0.6215326440570951, -0.29607702716082374, 0.5175994823848327, 0.6636848880453791, 0.18379447607923785, 0.32643230898929276, -0.0055281910779359025]], "inverted": true, "swapped": false, "error_lsq": 0.044692075700621274, "error_max": 0.2794399745961157, "target": "241.xyz", "model": "5.xyz", "model_rescale": 4.2253639853439635, "target_rescale": 3.7208248667215953},
{"mapping": [1, 0, 4, 3, 10, 5, 8, 2, 6, 12, 9, 11, 7, 13], "R": [[-0.4649789496279325, 0.8844246317145489, -0.03984529105790091], [-0.005734070008088621, -0.04801415544212373, -0.9988301964389752], [-0.885303166629402, -0.4642065399084376, 0.02739692431988011]], "T": [-0.07505327091958303, 0.06162469972593094, -0.04966621648818127], "aligned_model": [[-0.2985653177095955, 0.3228447508361074, 0.2546909085895254, 0.6193931636890174, -0.5063123548938302, -0.34985221716597253, -0.8115223376844648, 0.11090388332579501, 0.2915637082275139, 0.09015442809747792, -0.3514229675547609, -0.2944936967220153, 0.5721032741774348, -0.01674263424046385], [-0.6334203071089741, -0.41105218794659354, -0.4279300535918957, 0.09298939685135096, -0.10888778665117094, 0.46913438505788774, 0.052407438198488976, 0.18602492443226082, 0.5812047402427355, 0.5706715237365414, -0.17854258060755562, 0.778039591724831, 0.2732720666813417, 0.06534302634605006], [-0.12490307827728309, 0.4615249155453498, -0.4401994824084003, -0.19027161443568208, -0.6769249899368519, -0.4486181709303273, 0.008585233168368477, -0.6822135529897333, -0.14634372276922825, 0.7151353993699642, 0.43873515095910504, 0.16045134788719428, 0.3575008428693321, -0.06713475022899207]], "inverted": true, "swapped": false, "error_lsq": 0.04470125949523546, "error_max": 0.30402460861777664, "target": "241.xyz", "model": "6.xyz", "model_rescale": 3.89814844738969, "target_rescale": 3.7208248667215953},
{"mapping": [12, 3, 2, 9, 1, 7, 8, 10, 11, 5, 4, 6, 13], "R": [[-0.04867082071692469, 0.9609248802009382, -0.2724968363514587], [0.12904905321318239, 0.27658328514108305, 0.9522856862545753], [0.9904430791698845, 0.011183067172246819, -0.1374679814833214]], "T": [0.0906095154406134, 0.08204037164385104, -0.028339714407088275], "aligned_model": [[0.1549630847070912, -0.11064581596772667, 0.4282573855118344, -0.3077467191489575, 0.6580470896430136, -0.28014056056571496, -0.5833583731645379, 0.23299348185782565, -0.5424030700415391, -0.584287563839434, 0.00937646492778417, 0.11279888740328277, -0.039222490418699366], [-0.3721779870682556, 0.16049206418880713, 0.5034233051332072, -0.7360761389967958, -0.06083939911722293, 0.630870962212635, 0.013685607549366138, -0.4822619539431173, -0.1513997337081308, 0.5172613729757825, 0.7593255075878831, 0.034073028885648685, 0.14740462977067834], [-0.41764572564763064, -0.8023861766576437, -0.3826263024118208, -0.08400868845062881, -0.0775030213130149, -0.31353622942791554, -0.2920879720521999, 0.2600244827204679, 0.35567671299497855, 0.27224896403290755, 0.3173695611019973, 0.7329354296804022, 0.03381399626639671]], "inverted": true, "swapped": true, "error_lsq": 0.04091381577616808, "error_max": 0.2727175022527532, "target": "241.xyz", "model": "7.xyz", "model_rescale": 3.7474275329858107, "target_rescale": 3.7208248667215953},
{"mapping": [6, 0, 3, 2, 5, 9, 10, 8, 4, 13, 12, 11, 1, 14], "R": [[-0.6290403905652685, 0.2689107002215677, 0.729380026011023], [-0.7755762127711353, -0.15334699821466374, -0.6123448671477002], [-0.052817849455247146, -0.9508794526357682, 0.3050221981004411]], "T": [-0.07034960240654387, 0.09855459657200716, 0.009014642380073268], "aligned_model": [[-0.38579142878559386, 0.015143847319613823, 0.20418084745532367, 0.7625487831932245, -0.2691023734959895, -0.49403196322373155, -0.6679958593050008, 0.21731437518226965, 0.4329144121356745, 0.14502878874283504, -0.20006701742722402, -0.5847406352110824, 0.4781649623317422, -0.02082414794029243], [-0.5986266187157001, -0.5313949598019276, -0.38684080155495676, 0.10141090362792426, -0.08751793982105774, 0.49740455296262454, -0.2407213003302433, 0.33163852546967526, 0.6677903863834227, 0.8683067792298671, 0.3070834103528762, 0.43509418048954934, -0.1822123613504052, 0.1278394204236493], [-0.2762447231425146, 0.18241494256771745, -0.44171684815549944, -0.1128935879620491, -0.653477479238294, -0.4826685986481068, 0.329910539961671, -0.5638131100411357, -0.1778590933618693, 0.42036067021057805, 0.5749932151748849, 0.1018743721705192, 0.4392512141156888, 0.025192014171224717]], "inverted": true, "swapped": false, "error_lsq": 0.058429270447963144, "error_max": 0.3545566496772438, "target": "241.xyz", "model": "8.xyz", "model_rescale": 4.019505241142653, "target_rescale": 3.7208248667215953},
{"mapping": [7, 4, 2, 3, 8, 12, 1, 5, 11, 6, 0, 10, 13], "R": [[-0.5868811431773909, -0.25791877192949964, -0.7674949060867947], [0.1710429655048741, 0.8870220582820902, -0.4288778055254233], [0.791400548227064, -0.3829749015371413, -0.47646132797795837]], "T": [0.11027798352321919, 0.011800704933736458, 0.009579168149617442], "aligned_model": [[-0.23129844967578603, -0.6489929565405522, -0.09351694068156882, 0.41393950950961267, 0.303364900688325, 0.6947468501341143, 0.25349897307600755, -0.4088587351769297, 0.1378328843841653, -0.2122190540732878, -0.379490420218763, 0.4662364310905579, 0.024457779225281154], [-0.48980106886820257, -0.07938032649649339, 0.1924095174774933, -0.3770922086587033, -0.6890269591647983, 0.04492001393760796, 0.5654860853962511, -0.6264539414515368, -0.47204227819343764, 0.22128663060451315, 0.5835338318502599, 0.29690084658997823, -0.107361914908873], [-0.3799447579250171, 0.014325337274193203, -0.5760288346471862, -0.6247380092933773, 0.004454745255525139, -0.1293960993988157, -0.12360231655816113, 0.25120908122385427, 0.6160480690813397, 0.6687031222676155, -0.08449345100670994, 0.47204615245619463, 0.06812045531442393]], "inverted": true, "swapped": true, "error_lsq": 0.045164310031709176, "error_max": 0.290239024781399, "target": "241.xyz", "model": "9.xyz", "model_rescale": 3.877068213659057, "target_rescale": 3.7208248667215953},
{"mapping": [1, 7, 8, 9, 0, 12, 5, 11, 10, 13, 4, 6, 2, 15], "R": [[0.7077368566322007, -0.5968895231364244, -0.3779304683858449], [-0.6420894896428186, -0.32033206930017966, -0.6964972739846796], [0.29466867674491126, 0.7356019729091522, -0.6099673010888094]], "T": [-0.016234634484230584, 0.19491701988646215, 0.03659815569013066], "aligned_model": [[-0.4207706275753593, 0.13919908014399357, 0.37510762858193847, 0.6292491431792173, -0.34674699198359527, -0.5349183497312089, -0.7415573016140026, 0.09246721597100248, 0.3017025025548527, 0.1636700522730542, -0.20890698476885539, -0.23060956180857667, 0.47048395963167067, -0.05562717388236177], [-0.5674767403618316, -0.5671260726898417, -0.3497721361191314, 0.17029154560001672, -0.13072058642240048, 0.4540741110639151, -0.08553914766010495, 0.24826769232566326, 0.7064827546511218, 0.6348835464784053, -0.15303659233797962, 0.7729401448994306, 0.013526902852057265, 0.1624587550859777], [-0.05291717725164017, 0.28442320452584297, -0.3448305955547926, -0.09901003981864162, -0.6103081486008667, -0.4345706265350536, -0.042438600793011406, -0.6914079498622867, -0.33813809204414363, 0.6462720481318651, 0.5842260667033776, 0.05200051296982835, 0.4495848304552986, -0.03756190450296074]], "inverted": true, "swapped": false, "error_lsq": 0.03998718073707218, "error_max": 0.2105016772149819, "target": "241.xyz", "model": "10.xyz", "model_rescale": 4.260839863003843, "target_rescale": 3.7208248667215953},
{"mapping": [10, 0, 4, 6, 5, 11, 9, 12, 2, 7, 8, 13], "R": [[-0.7389329988553661, 0.3797796463338945, -0.5565477907898997], [-0.2828619124086482, -0.9245489042427402, -0.2553398953788285], [-0.6115285452954244, -0.031252902170053914, 0.790604891456416]], "T": [0.1543832888602862, -0.06845964306163516, -0.02795174999606619], "aligned_model": [[0.3389129033699857, 0.0813158621006291, -0.4679984850145672, -0.3040765929706227, -0.6407072394945411, -0.32397332842782156, 0.3961884031596612, 0.6797606973387188, 0.3523864816151252, -0.15034511655779223, -0.010729023269340165, 0.008164087244695473], [0.04537618692953696, -0.8201565153827557, -0.45395505544510945, -0.25507055801728934, 0.16510796504406328, 0.4680646097145, 0.7044635319144001, 0.22233526352034327, -0.4754056467725906, 0.009030666138064247, 0.5780913299769186, -0.014803272087147185], [-0.6402053281152157, -0.10016309731775326, 0.19309820277264356, -0.6087477403195296, 0.19235296032950833, -0.3211828969772139, -0.44654630511342674, -0.06579049499297944, 0.43278497847512454, 0.6210039796914786, 0.260454206430355, -0.0008803874674867852]], "inverted": true, "swapped": true, "error_lsq": 0.046102246046206115, "error_max": 0.26771903885510917, "target": "241.xyz", "model": "11.xyz", "model_rescale": 3.890672605050136, "target_rescale": 3.7208248667215953},
{"mapping": [3, 7, 4, 10, 0, 1, 8, 2, 11, 9, 5, 6, 12, 13], "R": [[0.11636366156916926, 0.762741860506702, 0.6361480586286424], [-0.7116787754068241, 0.510805750398197, -0.4822766902884465], [-0.6928007064817839, -0.396613589770837, 0.6022664207038537]], "T": [-0.09415287023232424, 0.20416699000613847, -0.04566626128936315], "aligned_model": [[-0.41070932002266125, 0.016624052114993376, 0.22302063522705382, 0.7953456549426445, -0.442051041571632, -0.4487955484891749, -0.705195045611015, 0.37827635868014753, 0.2144286587011129, 0.11354087594312942, -0.06952513987524736, -0.4862843050792862, 0.47052970440471176, -0.01646294839300738], [-0.6348799667760054, -0.5228972783866406, -0.25102697578597766, 0.20087644239106892, -0.03645049489078034, 0.45066881617725674, -0.09218951467890507, 0.2768146100197921, 0.6303627287194119, 0.6625869915130098, 0.03954823452770051, 0.6229424158458539, -0.09460307783818706, 0.05750124652770036], [-0.266698780192795, 0.38569228259047084, -0.4737509080196528, -0.13689153438026982, -0.45769129461605607, -0.6927858104016967, 0.19514762509901315, -0.5720663758811129, -0.20659107665045523, 0.5480801711541906, 0.7141141820475584, 0.008356182742586184, 0.3377423760763829, -0.017333511745348223]], "inverted": false, "swapped": false, "error_lsq": 0.041333776956587236, "error_max": 0.23684112179789896, "target": "241.xyz", "model": "12.xyz", "model_rescale": 4.124412569039231, "target_rescale": 3.7208248667215953},
{"mapping": [6, 5, 8, 0, 11, 10, 4, 1, 7, 2, 12, 3, 13], "R": [[0.5655671293194506, 0.6367986845697391, 0.524043182918742], [0.32199467954866107, 0.4144921123157908, -0.8511848889461965], [-0.7592451834392571, 0.6501413109149764, 0.02937732571295501]], "T": [0.14534069376834452, 0.00898651857150605, -0.06547215151326718], "aligned_model": [[-0.20558813619655752, -0.0311087353447356, 0.6247170852012838, -0.5487303150839806, 0.40933896414807397, 0.36183904302518166, -0.4967108519199677, 0.026010234365080265, 0.03969274288408631, -0.1435612220371109, 0.6495490764335783, 0.5588610534883143, 0.12298936854651148], [-0.37142902596612076, 0.5761275260862582, 0.494654512285354, -0.2191855739656416, 0.07607528909008449, -0.5748271599819782, 0.3498024787081764, -0.41158076369289937, 0.7216270763684439, 0.23330730269499256, -0.15627905312389856, 0.5250253080899356, 0.10416745991577027], [0.49530057337482486, 0.5529723632075205, 0.18511337734829714, -0.2699335078879651, 0.6614885370985775, 0.1193365935273619, 0.17210554321991145, -0.45751865743151365, -0.09693060092880293, -0.5977357291643444, -0.34915519175144744, -0.5221023980097848, 0.05875717836520393]], "inverted": false, "swapped": true, "error_lsq": 0.043844727965986166, "error_max": 0.28729048549153824, "target": "241.xyz", "model": "13.xyz", "model_rescale": 3.9028299243045295, "target_rescale": 3.7208248667215953},
{"mapping": [7, 6, 9, 11, 10, 13, 4, 14, 12, 2, 3, 5, 1, 15], "R": [[-0.1985342030743476, 0.9090395744573658, -0.3663757937964864], [0.9277002342930254, 0.053711221973806844, -0.36944198452090776], [-0.31615889280913784, -0.41323377972335734, -0.8539797408564495]], "T": [-0.08129360487271159, 0.19211778688331455, 0.09442168374127596], "aligned_model": [[-0.3375435377159591, 0.2616595182795374, 0.24538692841494525, 0.5664689525157911, -0.4726102158821177, -0.19943134154051162, -0.7429438991473627, 0.1748636118998883, 0.23652778688329018, 0.13377067619107194, -0.30634930946320116, -0.4101533783642472, 0.543011523598782, -0.05991472469813751], [-0.6348390474748915, -0.3170313167765784, -0.4216096247823388, 0.1799009491490865, -0.06164159810136016, 0.6240465705647682, 0.0460805961088146, 0.08601360207558831, 0.7616518746856595, 0.444995307292585, -0.1927045185112507, 0.5448935925016039, 0.15983442242544016, 0.08966336820817178], [-0.17223600293446234, 0.3543420711903621, -0.2483084576305215, -0.2606995722533613, -0.48680984201183336, -0.562946061738911, 0.11039982129445919, -0.7459211243106263, -0.14819071234415718, 0.7516507794438032, 0.5302555607405766, -0.07734069282767925, 0.271621138272824, 0.04950662293234308]], "inverted": false, "swapped": false, "error_lsq": 0.046343967867843006, "error_max": 0.2611957642928899, "target": "241.xyz", "model": "14.xyz", "model_rescale": 3.942246331269136, "target_rescale": 3.7208248667215953},
{"mapping": [7, 6, 9, 10, 2, 1, 0, 5, 3, 13, 8, 12, 11, 14], "R": [[-0.9199310134209238, -0.1347082769587885, -0.36821272474637085], [-0.08593832212373517, 0.9855659364973877, -0.14585742904145987], [0.3825461218427257, -0.10253518876376878, -0.9182292740532012]], "T": [0.08889135801577047, 0.13774162966071402, -0.0292444609975196], "aligned_model": [[-0.2817902241695848, 0.19188896749568857, 0.3479276442709623, 0.7795149632387739, -0.3953483514461948, -0.41642873748520753, -0.6212121194969646, -0.043842510261366596, 0.1532319882949965, 0.14698969065349307, -0.31308965098384683, -0.32470618220703273, 0.41591903104511635, -0.006311917977063403], [-0.6306566877107828, -0.35924382789190706, -0.5009917524042854, -0.018460007019822422, -0.1881135907977891, 0.6387704631523099, -0.049685212651779165, 0.20689668766324, 0.7615517627919153, 0.6732924160778206, -0.19892320169488664, 0.8138826582410847, 0.015100555636998442, 0.14583391397318163], [-0.08526855062201355, 0.20567326238889277, -0.4452759203504002, -0.1166549903991006, -0.5211572558297115, -0.4168823653277743, -0.06587386002815898, -0.6459930778212375, -0.38034150114276416, 0.5796395882417845, 0.5398855645851638, 0.17037177670541273, 0.5969528662818857, -0.04975200885916331]], "inverted": true, "swapped": false, "error_lsq": 0.05101450391969626, "error_max": 0.25767246306722164, "target": "241.xyz", "model": "15.xyz", "model_rescale": 4.355366556412066, "target_rescale": 3.7208248667215953},
{"mapping": [4, 2, 0, 11, 6, 5, 10, 8, 1, 7, 12, 13], "R": [[-0.8122755346790618, 0.5832727953385882, -0.0011410432742884613], [-0.4493284511114485, -0.6269873343384331, -0.6363888949384429], [-0.37190374935409154, -0.5164104266928538, 0.7713675339416832]], "T": [0.07679363484975982, 0.07723930706238526, -0.09757462626404609], "aligned_model": [[-0.2102602412200339, 0.5855044197129085, 0.21465031452706687, -0.6225372579656514, -0.5199140058286293, -0.5440673455293508, -0.09906597560317901, -0.12116777593395292, 0.4487480246694887, 0.11217441872644701, 0.4008581442367654, -0.04711416516009827], [-0.5828895633392351, -0.2839687830133817, -0.5938568803496541, 0.3904950981067347, -0.16915991660947077, -0.12198732385367751, 0.3866931650706603, 0.5050768209162828, -0.01624986048949774, -0.12742124630841656, 0.573333929849306, 0.05271098776133023], [0.160609055898384, 0.06925073232240597, -0.4234994005632996, 0.02682370335242884, -0.5044658811894216, 0.4592892114951814, -0.6408755796183668, 0.455810026248082, -0.5422394075315273, 0.5929830803825685, -0.20191631809496718, -0.00251076149204707]], "inverted": true, "swapped": true, "error_lsq": 0.03859206122396849, "error_max": 0.20947786675757354, "target": "241.xyz", "model": "16.xyz", "model_rescale": 3.795458400668931, "target_rescale": 3.7208248667215953},
{"mapping": [12, 3, 2, 9, 1, 7, 8, 10, 11, 5, 4, 6, 13], "R": [[-0.04867082071692469, 0.9609248802009382, -0.2724968363514587], [0.12904905321318239, 0.27658328514108305, 0.9522856862545753], [0.9904430791698845, 0.011183067172246819, -0.1374679814833214]], "T": [0.0906095154406134, 0.08204037164385104, -0.028339714407088275], "aligned_model": [[0.1549630847070912, -0.11064581596772667, 0.4282573855118344, -0.3077467191489575, 0.6580470896430136, -0.28014056056571496, -0.5833583731645379, 0.23299348185782565, -0.5424030700415391, -0.584287563839434, 0.00937646492778417, 0.11279888740328277, -0.039222490418699366], [-0.3721779870682556, 0.16049206418880713, 0.5034233051332072, -0.7360761389967958, -0.06083939911722293, 0.630870962212635, 0.013685607549366138, -0.4822619539431173, -0.1513997337081308, 0.5172613729757825, 0.7593255075878831, 0.034073028885648685, 0.14740462977067834], [-0.41764572564763064, -0.8023861766576437, -0.3826263024118208, -0.08400868845062881, -0.0775030213130149, -0.31353622942791554, -0.2920879720521999, 0.2600244827204679, 0.35567671299497855, 0.27224896403290755, 0.3173695611019973, 0.7329354296804022, 0.03381399626639671]], "inverted": true, "swapped": true, "error_lsq": 0.04091381577616808, "error_max": 0.2727175022527532, "target": "241.xyz", "model": "17.xyz", "model_rescale": 3.7474275329858107, "target_rescale": 3.7208248667215953},
{"mapping": [3, 1, 11, 7, 10, 5, 8, 12, 9, 6, 0, 4, 2, 13], "R": [[0.43363250141757737, 0.8917772193454873, 0.1292139495981976], [0.4016791244020982, -0.31966460507752215, 0.8581773833422759], [0.8066081667909757, -0.32023105926356155, -0.49682525494286106]], "T": [-0.001338820056598987, 0.04710230062363105, -0.0723390643105336], "aligned_model": [[-0.32375039722453164, 0.23074612776470796, 0.22346786835801213, 0.7210765988567609, -0.38928149153293756, -0.37701183610875316, -0.7097139517093255, 0.25731237314968963, 0.23762490246409043, 0.10597287039367409, -0.26745959684368276, -0.504831498947972, 0.41155915339293914, 0.01703146895909745], [-0.5498405908289525, -0.5133451111647228, -0.4944518597417602, -0.019992115950873288, -0.11104392853729098, 0.4926962286056258, -0.01971357503722182, 0.36361171638593537, 0.6711230918213118, 0.6466358517884749, -0.00021703722961960437, 0.6426304120581801, 0.13356428784919855, 0.06759680734701257], [-0.08963474474090159, 0.26015708968856627, -0.4941419875354045, -0.27490654397362957, -0.6209095924228623, -0.5007498170072281, 0.030591800032266414, -0.698564481632657, -0.10724690480734082, 0.4009922505004644, 0.7189150056368115, 0.21238398149818566, 0.4985132038779643, 0.029924268708580268]], "inverted": false, "swapped": false, "error_lsq": 0.040581523996308766, "error_max": 0.2668304516262409, "target": "241.xyz", "model": "18.xyz", "model_rescale": 3.922800546911778, "target_rescale": 3.7208248667215953},
{"mapping": [4, 6, 10, 2, 11, 7, 13, 9, 3, 5, 8, 12, 1, 14], "R": [[-0.09833118417845288, -0.1339797268907222, 0.9860935102718966], [0.3410369834991418, -0.935429472375926, -0.09308854975937356], [0.9348929105003789, 0.32714084885991346, 0.1376739296430009]], "T": [-0.004442372218325767, 0.11568755740411388, 0.05298290991833519], "aligned_model": [[-0.2959986238766441, 0.16606880239109562, 0.24385038708767218, 0.6073248272815776, -0.3467658703122186, -0.3710593959045976, -0.6802560603246135, 0.2870941119423496, 0.1155191253466322, 0.06622264029475941, -0.2642226414079121, -0.4650043976394121, 0.6041145510420558, -0.034144864948975666], [-0.5377030647118752, -0.5018541612244729, -0.48184426487135845, 0.09333030448304439, -0.13957459018973942, 0.5225269430084882, 0.021211816898901364, 0.20821017003788916, 0.7024725610717595, 0.6074544411662192, -0.05494739725420297, 0.7422483602727583, -0.03795503420249416, 0.16567809288038013], [-0.056300145227453795, 0.3085918632037761, -0.42858440033815787, -0.31899828536666175, -0.5170166264212475, -0.528639554678013, -0.02552785523113036, -0.7014633972961917, -0.17160970384676424, 0.6323839007935224, 0.5800394325135491, 0.17095843964861301, 0.44545641110294887, -0.02396655103397418]], "inverted": true, "swapped": false, "error_lsq": 0.03568831373697039, "error_max": 0.19731991995020542, "target": "241.xyz", "model": "19.xyz", "model_rescale": 3.9282355846067225, "target_rescale": 3.7208248667215953},
{"mapping": [0, 11, 10, 12, 1, 5, 3, 2, 7, 8, 4, 6, 9, 13], "R": [[0.5531362279579043, 0.16793924868819957, 0.8159881874577257], [0.5760286356218407, 0.6305089891697243, -0.5202397769488734], [-0.6018565645269165, 0.7577960301599738, 0.2520195476736718]], "T": [-0.014067811388461051, 0.19459318684293514, 0.0071032282216270184], "aligned_model": [[-0.36786989842016204, 0.14028633456987052, 0.4366520521292955, 0.8279445245437339, -0.4232856891828035, -0.46364211515393655, -0.7551794931830846, 0.039120870139845984, 0.3061280366574719, 0.08306713945498001, -0.3407228757324005, -0.35457642909626896, 0.5605662501989327, -0.05574611595370503], [-0.5230480425515414, -0.4317807749486662, -0.38983050437743527, 0.23657563947136306, -0.17234640366964138, 0.5038536417996957, 0.06520731465466151, 0.1465263105212894, 0.63698902633335, 0.3769104304259709, -0.051356346621064475, 0.7428802539312951, 0.09466298924977495, 0.0740106431462457], [0.010587088442085058, 0.3188621558258295, -0.4373457595850248, -0.10265580364762636, -0.502206953999944, -0.4287075892695379, -0.012075935659555025, -0.8136139885575983, -0.29266053956117183, 0.7391871053457665, 0.48894670993234807, 0.1084897529052675, 0.3789022009345061, -0.09038491528253001]], "inverted": false, "swapped": false, "error_lsq": 0.04481398926658319, "error_max": 0.25180103091023975, "target": "241.xyz", "model": "20.xyz", "model_rescale": 4.067790424073018, "target_rescale": 3.7208248667215953},
{"mapping": [2, 4, 6, 13, 3, 12, 0, 11, 10, 1, 8, 9, 5, 14], "R": [[-0.5950852480377168, 0.20940784060393924, 0.775900704898175], [0.7326580684631887, 0.5381332269731228, 0.4166830747022053], [-0.3302812472479768, 0.8164318626322036, -0.47365948886856696]], "T": [-0.038099586908968634, 0.05611940417570456, -0.011630765868726085], "aligned_model": [[-0.38206323766881456, 0.11142093183221913, 0.2930011470965947, 0.5902575341194762, -0.4248015237959121, -0.4167445559942473, -0.7212551708485084, 0.1517978503097844, 0.26876116381597925, 0.15632410682288334, -0.11676387695398527, -0.24941969323154567, 0.39591765399572587, -0.02368973852788099], [-0.5952999934585658, -0.6394313780728662, -0.5031825012864749, 0.3536079611883461, -0.20270893449187466, 0.5139173083548502, -0.09695152353381196, 0.2217412058075411, 0.7960653147036363, 0.6286000536570986, -0.04079553556613587, 0.8005022819199, -0.05573745690182372, 0.12892737504547874], [-0.1168149228539653, 0.3575916854056329, -0.3653405129534288, -0.09404066804424527, -0.7238207122743796, -0.49543127559693817, 0.10805953759539522, -0.607063915887368, -0.18368700874058583, 0.5431398484971065, 0.5447749500001914, 0.061086793592353465, 0.37253482093629336, -0.035665091853247274]], "inverted": false, "swapped": false, "error_lsq": 0.03681647713697126, "error_max": 0.27320733856112234, "target": "241.xyz", "model": "21.xyz", "model_rescale": 4.186013935880536, "target_rescale": 3.7208248667215953},
{"mapping": [10, 9, 11, 0, 2, 6, 1, 12, 5, 8, 3, 7, 13], "R": [[-0.9005010187278586, -0.14024536247232558, -0.41161772747914427], [0.06943164403322839, 0.8880513939800785, -0.4544710864916299], [0.4292751589329763, -0.43783097190016784, -0.7899537188772661]], "T": [0.02397931197471354, -0.13505187230842777, 0.052705460731546624], "aligned_model": [[-0.046376981106035026, -0.46164291921931216, 0.23110571383636877, 0.4699717528723362, -0.04919676913961918, 0.6343665746449554, -0.10736145894039953, -0.5516353571441508, 0.5279174471259214, -0.21982793029044656, -0.5766206888646932, 0.09337152176334956, 0.11450312988495076], [-0.4149790214989254, 0.11493845868255462, 0.38557046545117424, -0.6714036441053596, -0.33874866131990455, -0.27268085069231507, -0.70615157567091, -0.22370463189326348, 0.5572954651381501, 0.5463203165666594, 0.1841894015369616, 0.36405688309688033, -0.0057459457456086604], [-0.5291493337924785, -0.6772104469396213, -0.48462020193287664, 0.3510660394699562, 0.6611802149645591, -0.38412257532354294, 0.09027926769964968, -0.09836839726397269, 0.09695996895803304, -0.016274252972995618, 0.4806902154498978, 0.5685376618214144, 0.04391140119732348]], "inverted": false, "swapped": true, "error_lsq": 0.04620209922123206, "error_max": 0.31192898437388966, "target": "241.xyz", "model": "22.xyz", "model_rescale": 4.166573947596378, "target_rescale": 3.7208248667215953},
{"mapping": [7, 10, 5, 6, 0, 4, 8, 1, 2, 11, 9, 3, 12, 15], "R": [[-0.47085279838809724, -0.8589066473534108, 0.20143736838586349], [-0.5640765184491479, 0.4686659835651272, 0.6798307709887959], [-0.6783180106590024, 0.20647413150575586, -0.705161761182892]], "T": [0.005909513501568285, 0.07131787293039929, 0.08136348430760454], "aligned_model": [[-0.21966791149371112, -0.10862280283252332, 0.32936973294373534, 0.6697264826284781, -0.338991551148404, -0.46481122462768837, -0.8003475942364772, 0.18515929386827776, 0.18484445089751833, 0.17275597521231992, -0.28462053620292144, -0.2728988541422646, 0.5506970250410546, 0.03015010506437471], [-0.5310729437028783, -0.6415634214983484, -0.4742910020797755, 0.23438345537862842, -0.11085949224141248, 0.42165823779197387, 0.015557626851987985, 0.1644542892534354, 0.6304430932031048, 0.6433148927267849, 0.10830584838658894, 0.5957838454447255, 0.19049746129208162, 0.0626422865584006], [-0.23109415605122563, 0.28042086717199227, -0.45598781898466656, -0.253097693240474, -0.6360000400371915, -0.3608323193905996, 0.051041686861822144, -0.6022257088926173, -0.24752937883052717, 0.5981564747641895, 0.6054563636452781, 0.1742504576808812, 0.42543346006511124, 0.017331333060842002]], "inverted": true, "swapped": false, "error_lsq": 0.03932947832935211, "error_max": 0.24488459363565082, "target": "241.xyz", "model": "23.xyz", "model_rescale": 4.274766983524099, "target_rescale": 3.7208248667215953},
{"mapping": [1, 7, 3, 12, 8, 9, 10, 11, 6, 5, 13], "R": [[0.7546950026951507, 0.553045212657212, 0.3529538860303223], [-0.19343939833068668, -0.3264894582773185, 0.9251950242015168], [0.6269104019558366, -0.7665152486354869, -0.13941922940846146]], "T": [0.09181942724903605, 0.050644583125380914, -0.14462103368045667], "aligned_model": [[0.199495297707602, 0.06483283968741047, -0.4881930785131776, -0.42343703103526, -0.4028425693233971, -0.5859898077162216, 0.020956528490375465, -0.026568724434457375, 0.6093422230730231, 0.2900592166310162, 0.12223980939116154], [-0.3586582091189754, 0.769182257825003, 0.47227931703990184, -0.2074747899918122, 0.4583547085601012, -0.33625059995350065, -0.5536927760435567, 0.10028949827826145, -0.24389025302446807, 0.6625454299876915, 0.1529019476848374], [-0.5516765476307424, -0.19923808515563318, -0.507410154964873, -0.31753731710797956, 0.19823490519345163, 0.3265351056156798, 0.08257717193044403, 0.6210077671235753, 0.3326131491915536, 0.42241977679299236, -0.02795933696689143]], "inverted": true, "swapped": true, "error_lsq": 0.044263020746439126, "error_max": 0.24410017758856034, "target": "241.xyz", "model": "24.xyz", "model_rescale": 3.7841303162186577, "target_rescale": 3.7208248667215953},
{"mapping": [0, 1, 8, 2, 10, 14, 11, 9, 12, 3, 6, 13, 4, 15], "R": [[0.6874697747940836, 0.7261848543146379, 0.00639266052597498], [0.19302705767641948, -0.17423596394982555, -0.9655994945479514], [-0.7000898969056448, 0.6650544235102143, -0.2599552846551505]], "T": [-0.06228069726708912, 0.019550328346445933, -0.07447202171415816], "aligned_model": [[-0.17976062530581152, 0.30568072164402893, 0.340847345365486, 0.6677351656673812, -0.6117560655255023, -0.25865483644493953, -0.7294135738905928, 0.13034147400499158, 0.20629089145583995, -0.016207300347817595, -0.21048055942164295, -0.3760986572578404, 0.43945983982686193, -0.07524122879867376], [-0.704981112127083, -0.5912535900742661, -0.3654287337243985, 0.1441956113179989, -0.09451412060524894, 0.5539186762972321, 0.2498386881065529, 0.22313145635294623, 0.7108922292212827, 0.5122561660261888, -0.06506114977248606, 0.7302976579772731, -0.019358240167149654, 0.025320638536455536], [-0.12529138441148913, 0.1366188621203277, -0.27128839971442653, -0.21706732747211055, -0.6132866711436498, -0.6269090122217338, 0.22773414210407777, -0.5878842654132677, -0.23286262829720256, 0.5612323806976651, 0.6275993071911958, 0.01694197437469032, 0.4763881235053445, -0.006601573496605853]], "inverted": true, "swapped": false, "error_lsq": 0.04255951632213462, "error_max": 0.27634169838180744, "target": "241.xyz", "model": "25.xyz", "model_rescale": 4.19342608120988, "target_rescale": 3.7208248667215953},
{"mapping": [4, 2, 0, 11, 6, 5, 10, 8, 1, 7, 12, 13], "R": [[-0.8122755346790618, 0.5832727953385882, -0.0011410432742884613], [-0.4493284511114485, -0.6269873343384331, -0.6363888949384429], [-0.37190374935409154, -0.5164104266928538, 0.7713675339416832]], "T": [0.07679363484975982, 0.07723930706238526, -0.09757462626404609], "aligned_model": [[-0.2102602412200339, 0.5855044197129085, 0.21465031452706687, -0.6225372579656514, -0.5199140058286293, -0.5440673455293508, -0.09906597560317901, -0.12116777593395292, 0.4487480246694887, 0.11217441872644701, 0.4008581442367654, -0.04711416516009827], [-0.5828895633392351, -0.2839687830133817, -0.5938568803496541, 0.3904950981067347, -0.16915991660947077, -0.12198732385367751, 0.3866931650706603, 0.5050768209162828, -0.01624986048949774, -0.12742124630841656, 0.573333929849306, 0.05271098776133023], [0.160609055898384, 0.06925073232240597, -0.4234994005632996, 0.02682370335242884, -0.5044658811894216, 0.4592892114951814, -0.6408755796183668, 0.455810026248082, -0.5422394075315273, 0.5929830803825685, -0.20191631809496718, -0.00251076149204707]], "inverted": true, "swapped": true, "error_lsq": 0.03859206122396849, "error_max": 0.20947786675757354, "target": "241.xyz", "model": "26.xyz", "model_rescale": 3.795458400668931, "target_rescale": 3.7208248667215953},
{"mapping": [11, 8, 9, 10, 1, 4, 5, 6, 7, 12, 0, 2, 13], "R": [[0.777513979185922, 0.5301486820060325, 0.33825195806933706], [0.5498395573705744, -0.8341375718275031, 0.043485312649768855], [0.3052023481577504, 0.15217386843010866, -0.940050339314875]], "T": [-0.06906176204453707, 0.05333817462628328, -0.07034450979668855], "aligned_model": [[0.02381583547687678, 0.41796112146558373, 0.5882670178617485, -0.012317043259949478, -0.16718258899993746, -0.6758695107558577, -0.2799525785187263, -0.6055438261037553, -0.032666424287891266, 0.44901187700641587, -0.7249914489730466, -0.17851545683848385, -0.10234059125172068], [-0.7093675182215858, -0.38139172704597823, -0.3486955007150963, -0.04644290981644905, 0.539185736076144, -0.11773554956457487, -0.6212698672960668, -0.33662261170089447, -0.042251049282484146, 0.25970347776032165, 0.43327302766068504, 0.5743980520413509, -0.08090205663845738], [-0.1813472604666284, 0.24947865319443024, -0.5575704823070688, -0.7096316055667105, -0.3852119590609466, 0.3624914915187425, 0.4151305096718247, -0.44777087251484865, 0.6434802360932972, -0.2962381481298125, -0.10208200573196072, 0.2951758591075777, 0.006232246291529672]], "inverted": false, "swapped": true, "error_lsq": 0.03972285840756343, "error_max": 0.2795632470594958, "target": "241.xyz", "model": "27.xyz", "model_rescale": 3.6321398670334006, "target_rescale": 3.7208248667215953},
