[{"mapping": [9, 10, 7, 13, 4, 12, 8, 3, 1, 5, 2, 0, 6, 14], "R": [[-0.9726865634350558, -0.23060513918476044, -0.0264975299693916], [-0.08310009978975914, 0.2393592745584595, 0.9673683430306061], [-0.21673768183643932, 0.9431481365429428, -0.2519848602748608]], "T": [-0.018133700880556422, 0.03795967696240988, 0.11823042902149969], "aligned_model": [[0.06429110454258281, 0.3468014312177674, -0.5337570747278048, -0.3715170826918952, -0.597638399532117, -0.18600270316780082, -0.7384117737148083, -0.014862849146849133, -0.34816850359411566, -0.034765390713189244, 0.591624107690651, 0.4006111499341406, 0.746910934219024, 0.04637715081271805], [-0.6090009940434777, -0.2369784134665084, -0.39937867169562, -0.40657695721786336, 0.25816407329557356, 0.2723894579501196, 0.14895662058828027, 0.5933391205673139, 0.6778612163185157, -0.10977028924640542, 0.44818506483407383, 0.6000113230953265, -0.024105833160779716, 0.02217761399148619], [0.18410597754025665, -0.42681494540416776, 0.42972388077860546, -0.14209529908443283, 0.6247030426712125, -0.5847429048854837, -0.03964514502900829, 0.5458214430587737, 0.05129240729277147, 0.7543299266290175, 0.5722610035868619, -0.14315471933585225, -0.01838198791677842, 0.09018540727805802]], "inverted": true, "swapped": true, "error_lsq": 0.04702712833382751, "error_max": 0.2982388778215988, "target": "242.xyz", "model": "0.xyz", "model_rescale": 3.8414455957264533, "target_rescale": 3.9607799800391073},
{"mapping": [4, 5, 1, 3, 10, 12, 0, 8, 6, 13, 7, 11, 2, 9, 14], "R": [[-0.9511880056934743, 0.23107497637446345, -0.20456229642437168], [-0.28013364627975607, -0.36837260108763986, 0.8864687061537679], [0.12948559011287647, 0.9005031827047965, 0.4151234754764568]], "T": [-0.005376461640680355, 0.01164819560337553, -0.0049689579354123044], "aligned_model": [[0.25880799086518286, -0.28239744812214557, 0.6986644910508851, 0.32180577478463707, -0.3009015583832793, 0.012785218342104485, 0.6310904198933944, -0.4657623924273344, -0.7518254415916862, 0.15125694760690533, 0.09220060997029646, 0.5615159501442247, -0.32767793870722467, -0.34796150286089994, 0.04042765806670684], [0.2505809819373615, -0.22575094086048197, -0.4274568724579885, -0.29785907875822476, -0.5949580537849984, -0.6158628063479932, 0.34155172228796266, -0.2511643907143623, -0.0011380743746690833, 0.13179230253705315, 0.6457898793389862, -0.4413362045395263, 0.4072765688561069, 0.48213737068527357, -0.060916648251443384], [-0.4159859083365435, -0.5538075571952896, -0.24994031810781983, -0.6456981622995, -0.11931525568325185, 0.4288393403684182, 0.10269227602801916, 0.5809292727388738, -0.2344849822426361, 0.7270681786334351, 0.031059394509746895, 0.4419130497778574, -0.5380774607531332, 0.35110000400361563, -0.03143261455247027]], "inverted": false, "swapped": false, "error_lsq": 0.04786361097940279, "error_max": 0.3681809646881377, "target": "242.xyz", "model": "1.xyz", "model_rescale": 4.316132596720782, "target_rescale": 3.9607799800391073},
{"mapping": [2, 11, 6, 1, 0, 3, 12, 4, 10, 5, 13, 14], "R": [[0.024737287873179747, 0.2760166082834947, 0.9608344803036344], [-0.9952777330058105, 0.09704204372007141, -0.002252983232552408], [-0.09386320243574606, -0.9562414306556203, 0.2771137411356546]], "T": [0.06048837312897202, 0.12427372429220221, -0.04262121102073221], "aligned_model": [[-0.2838928271654298, 0.5108127847569802, 0.21048687931758817, -0.6117396907136547, -0.4471572449437228, -0.49640006319929464, -0.18238260877712612, -0.23037364345475628, 0.38194013723493847, 0.1972025509643178, 0.4654834100637359, 0.08382887054820415], [-0.634736866858185, -0.4365742644355408, -0.5507961203886286, 0.3906225331857194, -0.24962465449954416, -0.06805926137922272, 0.4750964966496348, 0.49361120334033504, -0.024577393402036185, -0.040464389897730824, 0.5847482071924126, 0.07353093823376672], [0.18439801286459778, 0.2122714847609866, -0.40260666440322934, -0.03588385183146638, -0.44519720083487174, 0.33708182062630915, -0.6713070633115026, 0.6053134262537979, -0.6593506269767697, 0.5745448235204058, -0.1618033784730035, -0.08820232098583322]], "inverted": false, "swapped": true, "error_lsq": 0.04388806060047538, "error_max": 0.24361687968839907, "target": "242.xyz", "model": "2.xyz", "model_rescale": 3.795458400668931, "target_rescale": 3.9607799800391073},
{"mapping": [10, 0, 2, 4, 9, 5, 3, 12, 1, 8, 11, 14], "R": [[0.9437360142636699, -0.3306367538620219, -0.00645541457285323], [0.09396827017044679, 0.2868271303227324, -0.9533625551237056], [0.3170682885166799, 0.8991159737800299, 0.30175845656864764]], "T": [0.11442839851607262, 0.06907897617205096, -0.025571748396295883], "aligned_model": [[0.13292327434542098, -0.19548316845723696, -0.6996223278268425, 0.30532427171647436, 0.11713347202093918, -0.1748116377295933, -0.1994060388763455, 0.5791548521624974, 0.32180074908536227, 0.7836574163704402, -0.45452846590031143, 0.0771614288327604], [-0.00964559832000507, -0.5986491244248464, -0.14230233456266944, 0.2044200114178535, 0.6477763414237039, 0.5104695600608086, -0.20007628191667592, -0.4553830331043789, -0.47130385377281214, -0.008673593647013797, 0.5487498482203257, 0.06038710391541926], [-0.7321858193927903, -0.15848338489117444, 0.1715895384244565, 0.7399814829824966, -0.33345742246738025, 0.3594449795081302, 0.5404269204052801, -0.319302503398402, 0.40785731747907467, 0.29401013489826133, -0.19444083814590796, -0.0866689747629441]], "inverted": true, "swapped": true, "error_lsq": 0.05026479356640848, "error_max": 0.3014328624334875, "target": "242.xyz", "model": "3.xyz", "model_rescale": 3.7530521520055578, "target_rescale": 3.9607799800391073},
{"mapping": [12, 6, 0, 2, 1, 11, 8, 9, 7, 5, 14], "R": [[0.3081898637360253, -0.7025176712263319, -0.6414732492513635], [0.5417945331069769, -0.4246427820596599, 0.7253531495347803], [-0.7819703906068076, -0.5710931878943786, 0.24974963254201799]], "T": [-0.11302672619128812, -0.09758880612294335, 0.047569247352589675], "aligned_model": [[-0.3415040449448863, -0.14873158321168203, 0.2468301393134587, 0.5524310351200761, 0.33018731414452374, -0.1464682166588892, -0.19926080973803095, -0.592496240955156, -0.3545807777261002, 0.12580201408492833, -0.13400922698303697], [-0.7955337567576781, 0.18409652335771592, -0.40497222628069446, 0.2662199570960824, -0.6476015755685611, 0.637747732536053, -0.5927131124508498, 0.3445959664760742, 0.13225783687306858, 0.4226671423105383, -0.07956112927740289], [-0.14731480285625637, -0.6785071343344511, -0.5317320284509087, -0.36600344072494967, 0.20224606436604653, -0.15361392828406706, 0.5984423041452132, 0.11293864052503623, 0.7131386473723691, 0.3622403579060329, -0.01900390241874826]], "inverted": false, "swapped": true, "error_lsq": 0.046618472013351536, "error_max": 0.24958269523073245, "target": "242.xyz", "model": "4.xyz", "model_rescale": 3.7855080009869324, "target_rescale": 3.9607799800391073},
{"mapping": [5, 9, 7, 10, 15, 8, 4, 13, 14, 11, 1, 6, 2, 12, 16], "R": [[-0.839956935760343, 0.4845370364825745, -0.24432807113546995], [-0.43414202560291293, -0.8701544323187572, -0.2331350799888798], [-0.32556573479636153, -0.08975034369129645, 0.9412501411069215]], "T": [0.026894787325236938, -0.01580606956513654, -0.044752761267716136], "aligned_model": [[0.5852672959749508, -0.38337570549332955, 0.7132274730025412, 0.17510833986889868, -0.4700615435369049, 0.05994566683438397, 0.6803734182758244, -0.2456002039227373, -0.6454391135270636, 0.033919584083177676, 0.13435335981240823, 0.433779036401521, -0.3653565180986177, -0.3912626666066337, -0.022849644436651842], [0.08414095125523839, -0.13494074498735598, -0.30859076352303083, -0.5395287530429587, -0.6659613046070821, -0.6969847582256311, 0.3021196431881581, -0.30971264631537765, 0.03720540142744521, 0.226361786021532, 0.704761312706834, -0.14244798514815166, 0.4818188928646013, 0.3139087482757855, -0.009464024336950427], [-0.6221035898222964, -0.6143131804363022, -0.1125321049564054, -0.5292231604950176, -0.14299064728653305, 0.12906641903774133, 0.09268705802277702, 0.5587644652992806, -0.09817848766240966, 0.7127045710298886, 0.16101225469493308, 0.4497005743849573, -0.4246132590017864, 0.3789189815090426, -0.0640406374285481]], "inverted": false, "swapped": false, "error_lsq": 0.03695865014662351, "error_max": 0.23568383268640178, "target": "242.xyz", "model": "5.xyz", "model_rescale": 4.2253639853439635, "target_rescale": 3.9607799800391073},
{"mapping": [2, 1, 7, 5, 4, 13, 9, 11, 12, 0, 8, 10, 6, 14], "R": [[0.9947153637878808, -0.09384553858567936, -0.04164564721442092], [0.04942745321613286, 0.7932328668140084, -0.6069090095513471], [0.0899903990040673, 0.6016432779426643, 0.7936794656493863]], "T": [0.016147976873946424, -0.020070527425417196, 0.02070472787153881], "aligned_model": [[0.7852063411470133, -0.22227461379830127, -0.4431501982146791, 0.16571705694677838, -0.3506442642093624, -0.4588032733517103, 0.01928984857214825, 0.553982878579802, -0.3147653015701602, 0.41676201454606376, -0.6945853191757645, 0.16093043068226598, 0.6898277589358829, 0.06656879366780721], [-0.12862858049376424, 0.22541806865002248, -0.5837510814120984, -0.6492900763270179, -0.5071800638586702, -0.04264937512134982, -0.32066248097399785, -0.43726694807714617, 0.6638341900858759, 0.5282277407282217, 0.0102410698212758, 0.4333002444313742, 0.24107634376617149, 0.01243009541609345], [-0.35744550426354266, -0.6162942260361509, 0.18029759979768223, -0.07113848878334682, -0.4979646578625004, 0.4258881726572778, 0.6032218112040001, 0.3656592083952403, 0.011784422813329466, -0.2930609502165891, -0.2028683240389142, 0.5492272427054448, 0.3135634593634401, 0.060688443196077774]], "inverted": false, "swapped": true, "error_lsq": 0.03906245155740975, "error_max": 0.19968499888924796, "target": "242.xyz", "model": "6.xyz", "model_rescale": 3.89814844738969, "target_rescale": 3.9607799800391073},
{"mapping": [0, 1, 12, 2, 10, 8, 3, 6, 5, 7, 13, 9, 14], "R": [[0.1908778878961973, 0.9814314875976017, -0.018917374665788897], [-0.9637937497637835, 0.1910333555622521, 0.18603189237034656], [0.18619140643046012, -0.01727692723215736, 0.9823615769953864]], "T": [-0.08256774948459636, 0.0925626146190566, 0.007008596902675895], "aligned_model": [[0.209286308262608, -0.2873244569899782, 0.4262596636656001, -0.31766224369871376, 0.6073552332531332, -0.26087880245262274, -0.5728577382744058, 0.3661501819351377, -0.6252669161624359, -0.48387038805130433, 0.09269961137216443, 0.02266256382688772, -0.027921215781848134], [-0.3619074464709481, 0.21303133450151723, 0.41057602525195747, -0.7299999283941808, 0.03889963188150613, 0.7526023544697095, -0.22648212951000532, -0.5214441317205564, -0.06515204529418542, 0.5778269614622067, 0.6315484796554138, 0.19461414507329006, 0.04966801456476033], [-0.5105333543782595, -0.6759552587199217, -0.45911474150859616, -0.11280233010306727, 0.17123291472778102, -0.29064595251527303, -0.3791484673490232, 0.17863699541252911, 0.334616636204083, 0.4040415568876085, 0.269758873576068, 0.645916737845013, 0.026271420757353583]], "inverted": false, "swapped": true, "error_lsq": 0.04804825567985696, "error_max": 0.2619245268598527, "target": "242.xyz", "model": "7.xyz", "model_rescale": 3.7474275329858107, "target_rescale": 3.9607799800391073},
{"mapping": [2, 3, 1, 0, 6, 10, 13, 7, 5, 11, 4, 12, 8, 9, 14], "R": [[-0.5072222083860675, -0.7228812769934849, 0.46922094016809357], [-0.8548038551600396, 0.3526820356378225, -0.3806911490196428], [0.10970870760106027, -0.5941868738962773, -0.7968098633713533]], "T": [0.08103124509385974, -0.061308826808648194, 0.019799914186341243], "aligned_model": [[0.3660317775838155, -0.2824828305058485, 0.6450728676280433, 0.13295672044098078, -0.4620314288873437, 0.0034875574208038385, 0.7012071484683035, -0.46320355800870394, -0.6200764801686636, -0.006536460730435359, 0.2792839743750659, 0.5509033291922678, -0.22517230005715666, -0.4517878550197181, 0.1243763169003566], [0.2862079411149638, -0.18944059635625252, -0.2778756096910239, -0.6318422761924608, -0.644367615143785, -0.6894585445703245, 0.4961116335855544, -0.26797464269017973, -0.019324868186055243, 0.001779111558574846, 0.6725152870303172, -0.1617351773555971, 0.4697888761124133, 0.3239511788888945, -0.02564894255198282], [-0.691955864393794, -0.5848274946019981, -0.4271426958329277, -0.30578965224837373, -0.15926286774025483, 0.43774520757562246, 0.3556214559316207, 0.3733184449056685, -0.12058088513277646, 0.6320349707774434, -0.1657367968078328, 0.4068107557659997, -0.2791732196324785, 0.4045322557596552, -0.0007343574362524453]], "inverted": true, "swapped": false, "error_lsq": 0.04524097143586854, "error_max": 0.3563328803485977, "target": "242.xyz", "model": "8.xyz", "model_rescale": 4.019505241142653, "target_rescale": 3.9607799800391073},
{"mapping": [1, 0, 3, 4, 8, 7, 11, 12, 13, 10, 6, 9, 14], "R": [[-0.47003606952872184, -0.46507267047646667, 0.7501823141862775], [0.8722632067000774, -0.11476371139878469, 0.47538004668188893], [-0.13499256119982708, 0.8778021996565426, 0.45960886272878443]], "T": [0.024907937525362522, -0.027084061134860803, -0.006378809755582995], "aligned_model": [[-0.24870051435579238, -0.7078302596896318, -0.1149580498665736, 0.462896040865539, 0.2616082942422796, 0.7552565840794148, 0.22793550248636146, -0.4064806270604427, 0.37095133211445536, -0.280748366058842, -0.4229843378079434, 0.4374109564534429, -0.014655783661091229], [-0.5607484036446112, 0.011079774175739555, -0.04590272981686288, -0.378736023587488, -0.7340024922669107, -0.1700865291939094, 0.7084841290779917, -0.5447529074903907, -0.2705895234984062, 0.14910600061366927, 0.5767590867368853, 0.30202994151440193, 0.020737905493950104], [-0.4103818226382606, -0.1520145018191859, -0.6929459684627969, -0.5767624516463293, -0.023254633817577513, 0.010988226773221869, -0.000715423495195152, 0.3446649256744814, 0.45320924192004725, 0.6111763299780499, 0.1999566844481883, 0.38248720689472615, 0.030295680234509795]], "inverted": false, "swapped": true, "error_lsq": 0.04970113604959281, "error_max": 0.29084384246270456, "target": "242.xyz", "model": "9.xyz", "model_rescale": 3.877068213659057, "target_rescale": 3.9607799800391073},
{"mapping": [14, 9, 13, 2, 7, 4, 6, 1, 8, 5, 12, 3, 11, 0, 15], "R": [[-0.4942841200732849, 0.2843723898857786, -0.8214715774231202], [-0.73480745313966, -0.6415939932652979, 0.22003443961411023], [-0.46447951026260037, 0.7123829670033808, 0.5260886739606502]], "T": [0.09640174530292966, -0.019494841886124853, -0.05715118547127495], "aligned_model": [[0.4223819732087535, -0.1347977158250641, 0.7542926098453707, 0.08297411444382435, -0.4046173953670805, 0.1680659830454118, 0.6114375868941394, -0.47827040123366704, -0.6356840727818382, -0.020481486925338577, 0.14575520517077764, 0.49862218997074037, -0.2947675001720369, -0.45973418638934593, 0.03685187474712062], [-0.026758540976780792, -0.06300229934786213, -0.33011636898919006, -0.5615192086759354, -0.6569864457757209, -0.609946951156655, 0.3179806443858215, -0.25630970201533343, -0.07734859512090378, 0.058296774006374105, 0.6181922272119738, -0.10127572729793544, 0.5834519631557938, 0.4148463045122528, 0.03318168163715739], [-0.7665211004864051, -0.6738352327912891, -0.31855580137434286, -0.4397536455850614, 0.03703397827208411, 0.26583677627303215, -0.023196021404589616, 0.5483050526008406, -0.2938497997551428, 0.7117975883512966, 0.32900248033766133, 0.4268859447168068, -0.2247729261494819, 0.31139545969036236, -0.014913495806449469]], "inverted": true, "swapped": false, "error_lsq": 0.03813710075080379, "error_max": 0.2902365546940398, "target": "242.xyz", "model": "10.xyz", "model_rescale": 4.260839863003843, "target_rescale": 3.9607799800391073},
{"mapping": [8, 9, 11, 5, 2, 3, 1, 12, 10, 6, 0, 14], "R": [[0.6558787344296699, -0.737609166815246, 0.1604861450501373], [-0.052234264224021776, 0.16774538070468933, 0.9844455642102384], [-0.7530568818913419, -0.6540597864739567, 0.07149215588952665]], "T": [0.07162213813515876, -0.06323046182356587, -0.15050967021940945], "aligned_model": [[0.5419228282939295, 0.023896060519111355, -0.4953288632913126, -0.46799269733413534, -0.6461160663505097, -0.34756397155836466, 0.23771823520197122, 0.7505041664163753, 0.3988674389408364, -0.16488364976781444, 0.06088245925524438, 0.06699270876879915], [0.06986726024776796, -0.7144539129265474, -0.5023121680279444, -0.2602138972918298, 0.30151756859738454, 0.45675255997163833, 0.5844966156911655, 0.22800426397923737, -0.29958183686130113, -0.12504988051422927, 0.5117122592563255, -0.07766032658873324], [-0.7136684203045806, -0.09287474574659044, 0.11042450881643814, -0.4615348820139684, 0.16261005246489843, -0.3630932129034996, -0.42571753605693397, 0.027283351270489004, 0.43505980047515347, 0.5897955002774353, 0.32792216981754485, -0.08002850870088138]], "inverted": true, "swapped": true, "error_lsq": 0.04584247902532132, "error_max": 0.27731936322620643, "target": "242.xyz", "model": "11.xyz", "model_rescale": 3.890672605050136, "target_rescale": 3.9607799800391073},
{"mapping": [3, 2, 11, 4, 5, 12, 0, 8, 1, 10, 9, 6, 13, 14], "R": [[-0.18594056064552894, -0.9150755860617862, 0.35785860294326444], [0.6084957039910767, 0.1787192606426427, 0.773170359041105], [-0.77146554435777, 0.36151915256183287, 0.5235884034236662]], "T": [0.08938403479030398, 0.0003318174110813364, 0.1707296244104094], "aligned_model": [[0.39929478114581785, 0.2122102537082443, 0.327641663128673, 0.7419579039691909, 0.6975224961473376, -0.5216156112981062, -0.38951877539296936, 0.20486178066507182, 0.06322950891791031, -0.5085473108694112, 0.21026146313410354, -0.31903602015153976, 0.05025116387030344, 0.04136253781906708], [-0.3409714036782981, 0.16703171628495442, 0.691270761373682, -0.46130368416902146, 0.19940514104430168, -0.39407413458878976, -0.18332915903928437, -0.5775479275658728, -0.6995822927497972, 0.35614064917144134, 0.5434707085064278, 0.5246792054654958, 0.05722261363986007, 0.04974032613266596], [-0.3572462658561474, -0.6679348378567918, -0.0487003343130063, 0.21397530912742926, 0.03934944890738279, 0.39080281640360204, -0.3737813882552672, 0.6276381613572899, -0.009030852334460882, 0.31811091735502695, 0.5172557252553307, -0.23677650936555505, 0.7916113958457145, 0.14951684908631402]], "inverted": false, "swapped": true, "error_lsq": 0.041848749775997104, "error_max": 0.28990401522456205, "target": "242.xyz", "model": "12.xyz", "model_rescale": 4.124412569039231, "target_rescale": 3.9607799800391073},
{"mapping": [6, 0, 3, 10, 2, 11, 12, 9, 1, 13, 5, 4, 14], "R": [[0.1378175599916704, -0.9869554887835716, 0.08321768632883436], [-0.5354909193655519, -0.14492874848897058, -0.832012700106469], [0.8332201362395049, 0.07010364485105336, -0.5484794285509886]], "T": [0.06906580041434357, 0.1329442382984003, -0.11628997627884784], "aligned_model": [[-0.14529929470266464, -0.13181171311345793, 0.5813792379958678, -0.5452959966623572, 0.5276709207023909, 0.35782362141677465, -0.5665059913435908, 0.01804256976251853, 0.14048218310338495, -0.2285354663312706, 0.6703357104206813, 0.6560090027281933, 0.03300352353328751], [-0.33149783180793607, 0.3878777895787319, 0.49178949281372714, -0.1929422258267528, 0.02184839296703006, -0.5537429020352336, 0.5489572980391079, -0.4413803718793985, 0.8445629654620423, 0.03238858908128148, -0.09516318607143592, 0.5462691573584466, 0.08851820882886675], [0.47205477232866455, 0.5576748653685675, 0.2000265188974436, 0.032708880038338065, 0.6072929653414377, 0.04921688352243882, -0.09924697261331435, -0.42812233243844827, -0.009630999820896838, -0.6562753148062546, -0.23102804819751616, -0.47053617434232714, -0.07243696231029423]], "inverted": false, "swapped": true, "error_lsq": 0.039043491799077734, "error_max": 0.2452864092616191, "target": "242.xyz", "model": "13.xyz", "model_rescale": 3.9028299243045295, "target_rescale": 3.9607799800391073},
{"mapping": [7, 3, 10, 4, 0, 5, 14, 8, 2, 12, 11, 13, 6, 1, 15], "R": [[-0.16016470025490076, -0.17388670962697142, -0.9716535807618698], [0.4884500320244247, -0.8693571238475946, 0.07506502135333802], [-0.8577667719185658, -0.46258145599509704, 0.22417529204142866]], "T": [-0.029442664722914673, -0.031560505417898954, -0.019717786635136396], "aligned_model": [[0.4496073639980577, -0.31540623650875554, 0.6649540576612527, 0.13669536100957597, -0.518321868902767, 0.13874213394749252, 0.7332747231741109, -0.3958088794876221, -0.7555435390733571, 0.014077283135751455, 0.1623801860503968, 0.5368474366953659, -0.25337673967656654, -0.33510775128223824, 0.029015247891069774], [0.08473212338560415, -0.15302473966837848, -0.21163032082637231, -0.5837519393222994, -0.6670091670398663, -0.44181658710839544, 0.3611930494577724, -0.5037660724905828, -0.023078676161641686, 0.07762039138774025, 0.615582060489793, -0.21070085641693997, 0.43840226438999147, 0.5268176166309477, 0.03311660884568356], [-0.779727688087464, -0.5602367230726862, -0.22156093259223425, -0.3758723185605651, -0.2304748301901593, 0.23622293811828776, 0.19720958396390534, 0.469470171783884, 0.10216473219252442, 0.6661581750897091, 0.2807271861128439, 0.5093149226323038, -0.43612718532635864, 0.11059523427486556, -0.09300400944953466]], "inverted": true, "swapped": false, "error_lsq": 0.04638637380429698, "error_max": 0.36864523627135526, "target": "242.xyz", "model": "14.xyz", "model_rescale": 3.942246331269136, "target_rescale": 3.9607799800391073},
{"mapping": [8, 7, 11, 6, 9, 10, 13, 5, 2, 3, 12, 4, 0, 1, 14], "R": [[0.12361260040187255, -0.14925931445677654, 0.9810410705315962], [-0.7561428265349763, -0.6543925811568057, -0.004286677808071904], [0.6426258249569369, -0.7412772806277194, -0.19375252856050607]], "T": [0.06752717558108551, -0.09141341111112167, 0.032821287583781736], "aligned_model": [[0.2604755930823839, -0.3791844359066425, 0.70427629666472, 0.16178623902204003, -0.35552602594118926, 0.2613920855194127, 0.7654412092276073, -0.4890187594034982, -0.6630838653662925, -0.009853132130809877, 0.25012717846041843, 0.45479189665127934, -0.342542152750819, -0.3365225323132459, 0.009469183816402972], [0.1534292271186768, -0.25769599569321044, -0.2826369018888164, -0.40895918519681407, -0.7556747039934683, -0.7433497190924693, 0.30610008581927856, -0.08169927486067834, -0.007254287905840942, 0.14283805100366712, 0.6686739527409877, -0.2354288846382303, 0.34967462222683665, 0.5111032929560754, -0.016434523042937577], [-0.6754610833504439, -0.676952159620167, -0.23568412768854013, -0.41781082363109096, -0.13434697971712845, 0.2482185091847473, 0.15863411643172748, 0.337684889868734, -0.17156234059272718, 0.7078668201044722, 0.2715694738042578, 0.44869333055107746, -0.3890815160045926, 0.39387376389591783, 0.009217383653078084]], "inverted": false, "swapped": false, "error_lsq": 0.042717274650984696, "error_max": 0.27226315127962863, "target": "242.xyz", "model": "15.xyz", "model_rescale": 4.355366556412066, "target_rescale": 3.9607799800391073},
{"mapping": [2, 11, 6, 1, 0, 3, 12, 4, 10, 5, 13, 14], "R": [[0.024737287873179747, 0.2760166082834947, 0.9608344803036344], [-0.9952777330058105, 0.09704204372007141, -0.002252983232552408], [-0.09386320243574606, -0.9562414306556203, 0.2771137411356546]], "T": [0.06048837312897202, 0.12427372429220221, -0.04262121102073221], "aligned_model": [[-0.2838928271654298, 0.5108127847569802, 0.21048687931758817, -0.6117396907136547, -0.4471572449437228, -0.49640006319929464, -0.18238260877712612, -0.23037364345475628, 0.38194013723493847, 0.1972025509643178, 0.4654834100637359, 0.08382887054820415], [-0.634736866858185, -0.4365742644355408, -0.5507961203886286, 0.3906225331857194, -0.24962465449954416, -0.06805926137922272, 0.4750964966496348, 0.49361120334033504, -0.024577393402036185, -0.040464389897730824, 0.5847482071924126, 0.07353093823376672], [0.18439801286459778, 0.2122714847609866, -0.40260666440322934, -0.03588385183146638, -0.44519720083487174, 0.33708182062630915, -0.6713070633115026, 0.6053134262537979, -0.6593506269767697, 0.5745448235204058, -0.1618033784730035, -0.08820232098583322]], "inverted": false, "swapped": true, "error_lsq": 0.04388806060047538, "error_max": 0.24361687968839907, "target": "242.xyz", "model": "16.xyz", "model_rescale": 3.795458400668931, "target_rescale": 3.9607799800391073},
{"mapping": [0, 1, 12, 2, 10, 8, 3, 6, 5, 7, 13, 9, 14], "R": [[0.1908778878961973, 0.9814314875976017, -0.018917374665788897], [-0.9637937497637835, 0.1910333555622521, 0.18603189237034656], [0.18619140643046012, -0.01727692723215736, 0.9823615769953864]], "T": [-0.08256774948459636, 0.0925626146190566, 0.007008596902675895], "aligned_model": [[0.209286308262608, -0.2873244569899782, 0.4262596636656001, -0.31766224369871376, 0.6073552332531332, -0.26087880245262274, -0.5728577382744058, 0.3661501819351377, -0.6252669161624359, -0.48387038805130433, 0.09269961137216443, 0.02266256382688772, -0.027921215781848134], [-0.3619074464709481, 0.21303133450151723, 0.41057602525195747, -0.7299999283941808, 0.03889963188150613, 0.7526023544697095, -0.22648212951000532, -0.5214441317205564, -0.06515204529418542, 0.5778269614622067, 0.6315484796554138, 0.19461414507329006, 0.04966801456476033], [-0.5105333543782595, -0.6759552587199217, -0.45911474150859616, -0.11280233010306727, 0.17123291472778102, -0.29064595251527303, -0.3791484673490232, 0.17863699541252911, 0.334616636204083, 0.4040415568876085, 0.269758873576068, 0.645916737845013, 0.026271420757353583]], "inverted": false, "swapped": true, "error_lsq": 0.04804825567985696, "error_max": 0.2619245268598527, "target": "242.xyz", "model": "17.xyz", "model_rescale": 3.7474275329858107, "target_rescale": 3.9607799800391073},
{"mapping": [2, 0, 6, 1, 5, 7, 11, 10, 3, 9, 8, 12, 13, 14], "R": [[0.9305382607906478, 0.0476929001534464, 0.3630756566883403], [-0.03972270149871742, 0.9987783928638274, -0.029390966877494568], [-0.36403386132386084, 0.012927073269057591, 0.9312959994471879]], "T": [-0.01812204823877987, -0.04415042732888932, 0.043736133383004465], "aligned_model": [[0.5419981174170416, 0.14429157439218404, 0.6739133858332335, -0.5228361919899496, 0.16650505741135962, -0.2933663375009118, 0.6643171001756809, 0.2628822637511629, -0.06742846631648498, 0.2591197798166313, -0.7557653677148122, -0.41488328975030375, -0.2830406188570112, 0.03914064121505609], [-0.45047190203770565, 0.1659577768589684, 0.2460561805835734, -0.1799268955833913, -0.6251113939689772, -0.3474383962475542, -0.2543013751645875, 0.6064970657434912, -0.571978716845961, 0.04688364636716557, -0.054156110036809105, 0.547105778758278, 0.23288364056583136, -0.0015910574810884537], [-0.47337263256891665, -0.655583433412591, -0.16762956018130545, -0.45596981374120676, 0.27851371744747655, 0.665360983666423, 0.3128573260937262, 0.10321285818205941, -0.41480205919991386, 0.6307125489849199, 0.1524915476289822, -0.2214156124622813, 0.5370234680571522, 0.03339538016713038]], "inverted": false, "swapped": true, "error_lsq": 0.036631078928427416, "error_max": 0.2914078922994531, "target": "242.xyz", "model": "18.xyz", "model_rescale": 3.922800546911778, "target_rescale": 3.9607799800391073},
{"mapping": [8, 4, 1, 6, 10, 2, 5, 9, 11, 3, 12, 0, 13, 7, 14], "R": [[-0.8496936469337024, 0.061783461350684535, -0.5236444502370226], [-0.47451183476496045, 0.3434324897835306, 0.8104891385016065], [0.22991134166999236, 0.937142960740043, -0.2624954211160462]], "T": [0.07659823199190283, -0.022480142300286887, -0.07097943587399058], "aligned_model": [[0.35704505594386937, -0.33973497399197794, 0.6312453047469927, 0.18358124719281949, -0.39996822227323525, 0.024970783539312896, 0.7450401164757425, -0.4056125163535578, -0.6330394449847374, 0.11479621098536336, 0.16051912392730014, 0.6117748699694149, -0.31616731957806776, -0.45573801031326644, 0.013316553345795179], [0.20578981101430607, -0.1782207906798133, -0.508837147454617, -0.44762854186432466, -0.6606127614378392, -0.6060163632414697, 0.3229490642265219, -0.36973270059438273, -0.01645900954407503, 0.15996473838162362, 0.7217774702891602, -0.11086945234756956, 0.44806407377439167, 0.3702228608144308, 0.01229450421671327], [-0.5645714347664231, -0.6421874987807332, -0.1326763738641932, -0.6034935152369398, -0.19854048919791015, 0.34126933392859427, 0.05707457824375439, 0.4854661058039892, -0.13116021473513992, 0.5409061935526891, 0.16912873676063114, 0.5648003465265907, -0.3810392833853838, 0.3769195432850935, -0.007036771245296988]], "inverted": false, "swapped": false, "error_lsq": 0.029507143428202615, "error_max": 0.20466982975697334, "target": "242.xyz", "model": "19.xyz", "model_rescale": 3.9282355846067225, "target_rescale": 3.9607799800391073},
{"mapping": [13, 8, 1, 7, 9, 4, 5, 3, 11, 6, 12, 10, 0, 14], "R": [[-0.2334054600342689, 0.4005238491371252, 0.8860601207020734], [-0.8441402330816803, 0.36883463089105073, -0.3890864710424522], [-0.48264806859553266, -0.8387739035806037, 0.25201027866568915]], "T": [-0.024998381978823588, -0.0904415899326956, 0.06319671054393987], "aligned_model": [[-0.5499476563623535, -0.029525853385270164, 0.5468262417623714, -0.4437258364777515, -0.6314367967892607, 0.22855732566293963, -0.04005874622819028, 0.6031076825531196, -0.27515023153153684, -0.028301732670587925, 0.04014178561069809, -0.3635455790314928, 0.5145054745615838, -0.03892325858959221], [-0.4210051474736092, -0.7514881937212585, -0.5183259020453267, -0.1840620484456797, 0.15351227939077453, -0.25243983654647784, 0.32936616194997326, 0.059847990707008525, 0.630420224286284, 0.40815737691542553, -0.7089009404914167, -0.10091236316144066, -0.06479610491257096, -0.056491409026849945], [-0.010411116028570255, -0.28182852071336456, -0.04998131274940444, -0.5451313209890275, 0.014099817012992816, -0.6786228440090558, -0.4370611867122444, -0.20917603733058054, 0.05344348045251966, 0.6625267797340424, 0.4997440992660047, 0.6885919636974238, 0.5807383964615566, 0.12525095915138973]], "inverted": true, "swapped": true, "error_lsq": 0.037185883794447136, "error_max": 0.18959924565650205, "target": "242.xyz", "model": "20.xyz", "model_rescale": 4.067790424073018, "target_rescale": 3.9607799800391073},
{"mapping": [6, 13, 4, 5, 1, 8, 2, 9, 10, 0, 3, 0, 11, 12, 14], "R": [[0.6557638218322195, 0.3958934589439373, 0.6428391549535596], [-0.33997980691149604, 0.9151119126705911, -0.21675774076326493], [-0.6740827403727404, -0.07641044728162433, 0.7346930669863431]], "T": [0.04126100163370548, -0.0704092288222028, -0.042511276294654586], "aligned_model": [[0.4455773313598247, -0.3813331609653145, 0.7543583289224778, 0.14171213869710947, -0.43655437409982917, 0.2595773697264932, 0.7125456573695291, -0.6195106128756298, -0.7628786852751838, 0.3428857209184474, 0.2232105749774021, 0.3428857209184474, -0.2721239808450442, -0.422076001751978, -0.03624724844498424], [0.2807359796120651, -0.17851445166405522, -0.35293941308727117, -0.5208764825868409, -0.735654572707443, -0.573126762828912, 0.20813794618941467, -0.2065840312044636, -0.08739948408795609, -0.007901516595707259, 0.7416942038907708, -0.007901516595707259, 0.43422816894860317, 0.4104699271563847, -0.06168223888582555], [-0.5531797115888544, -0.5900977439951853, -0.2751943043156836, -0.4105533162932128, 0.006947802047431097, 0.11490835764610005, 0.11720820844536137, 0.3433477603026098, -0.19858022489669672, 0.5974678984833762, 0.13391826767877288, 0.5974678984833762, -0.29778211972776436, 0.3331054506180111, -0.04412496599831928]], "inverted": true, "swapped": false, "error_lsq": 0.044222968429538274, "error_max": 0.3284205266932926, "target": "242.xyz", "model": "21.xyz", "model_rescale": 4.186013935880536, "target_rescale": 3.9607799800391073},
{"mapping": [1, 8, 12, 2, 5, 0, 3, 4, 10, 13, 7, 11, 14], "R": [[0.8092107168059276, 0.5153119580769623, -0.282190718609461], [-0.28410568154934346, 0.7636347974240355, 0.5797808705662297], [0.5142586679073284, -0.38899290742382364, 0.7643445168614352]], "T": [0.058485991509881256, 0.05334301594304098, 0.04139981428427021], "aligned_model": [[-0.07370202305056514, -0.5043180814739531, 0.2268563284533015, 0.5219825889084255, -0.2313197522232207, 0.6563933057840368, 0.01864994085003604, -0.6077591100223857, 0.534801756353289, -0.25605306290535484, -0.6185432195007234, 0.26785570044641965, 0.12372966380391931], [-0.3670564113262048, 0.12968259492562115, 0.3346063381602005, -0.601791020621674, -0.23626798233060137, -0.24727560653455688, -0.6448717929113321, -0.3883836898990187, 0.5797988305695433, 0.5899017795424184, 0.23464448832824086, 0.05816501114110618, 0.07780412050235136], [-0.531896182722254, -0.4417868625761905, -0.6440571176524381, 0.36109265896892273, 0.5501840784449566, -0.2928258372499538, -0.005507220365747231, -0.0013221043412087463, -0.0011517050625446529, -0.017183415695860002, 0.2922417742938038, 0.7751939965132364, 0.05989749878062336]], "inverted": false, "swapped": true, "error_lsq": 0.04640173381551372, "error_max": 0.30897194641252346, "target": "242.xyz", "model": "22.xyz", "model_rescale": 4.166573947596378, "target_rescale": 3.9607799800391073},
{"mapping": [10, 0, 13, 5, 1, 6, 14, 2, 4, 11, 9, 12, 8, 3, 15], "R": [[0.2736423940188752, 0.632312160875494, 0.724776635526134], [0.1690979896347903, -0.773428063550438, 0.6109131692917518], [0.9468504159037432, -0.04461347018091688, -0.3185654221370007]], "T": [0.02454644387074638, 0.018853762153701097, 0.018060437794943665], "aligned_model": [[0.5294794150534152, -0.4473541723169903, 0.7021176061336586, 0.2367552217407462, -0.3273036680620319, 0.0808243515839681, 0.7957657589613777, -0.42242896643800776, -0.6957396916786546, 0.04182426385217067, 0.14497944673159807, 0.4302235710355224, -0.38127546318379263, -0.4023895781191514, 0.006550683337938911], [0.20995573547375518, -0.2506717959344913, -0.25606508101584313, -0.6122199789518942, -0.5861051199821793, -0.6798781535079547, 0.1864684042589775, -0.31592881383077426, 0.05507761948011818, 0.28954163148068884, 0.5956319145247555, -0.11901123855069931, 0.5657216364205705, 0.3039951400091593, -0.04382614432113253], [-0.5010387468604575, -0.5913831976767031, -0.40870658135690024, -0.47970994007346174, -0.11731057285703837, 0.31422616691645955, 0.07377276141641599, 0.3934839967062242, -0.12240033416754899, 0.7586837440460427, 0.13326469575203892, 0.5138433190094195, -0.4182000899526844, 0.3308649770494065, -0.004530941061891114]], "inverted": false, "swapped": false, "error_lsq": 0.036015541004123734, "error_max": 0.2112455928321769, "target": "242.xyz", "model": "23.xyz", "model_rescale": 4.274766983524099, "target_rescale": 3.9607799800391073},
{"mapping": [10, 11, 2, 0, 3, 1, 12, 8, 13, 7, 14], "R": [[0.26487833017484175, -0.45614310001361363, -0.8495722114769044], [-0.2846280919232211, 0.8048017869856804, -0.5208463621383967], [0.9213177082266106, 0.3797730321845221, 0.08334341325767787]], "T": [0.013109470101691292, 0.1453145389550633, 0.020698430685684062], "aligned_model": [[0.37680830235905216, 0.21801391736040765, -0.5812823334110354, -0.5054634087532848, -0.6335792841961075, -0.5355480724225463, 0.0037928137770440046, 0.044105122219726525, 0.5539011938354047, 0.4117072977718019, 0.027439155417612077], [-0.25615617730436535, 0.70329515775503, 0.5236422210175333, -0.22114871949168935, 0.39301187330483556, -0.1370945858865108, -0.6089534212219858, -0.11257363073895943, -0.011807349292363267, 0.5134389408835592, 0.1299322222183994], [-0.44015673939696837, -0.45782494916962074, -0.4791012947146985, -0.37472330406215426, 0.1290071826688865, 0.3976568329835078, 0.11181306448531819, 0.7196823232494045, 0.29110394497359665, 0.5303695617433142, -0.04826018873900862]], "inverted": true, "swapped": true, "error_lsq": 0.0471183642478233, "error_max": 0.24755024371066958, "target": "242.xyz", "model": "24.xyz", "model_rescale": 3.7841303162186577, "target_rescale": 3.9607799800391073},
{"mapping": [11, 13, 6, 3, 5, 4, 7, 2, 12, 8, 10, 1, 14, 9, 15], "R": [[-0.841359864912939, 0.10584792428260757, 0.5300092401446831], [0.113384194982443, -0.9242463742059186, 0.3645718915322416], [0.528448296469829, 0.3668308284376827, 0.7656223228628193]], "T": [0.10281627677205141, 0.051437092796897406, 0.0702108267671311], "aligned_model": [[0.43329315803330826, -0.1854487977396294, 0.6014778456946325, 0.07021550059378223, -0.43388124261442884, 0.16717276367195222, 0.6789978839215318, -0.42156188645575543, -0.5924379982418746, 0.06597347326253383, 0.17447548641110436, 0.4526859050331793, -0.45765043660613436, -0.40196304001751415, 0.14068016368507946], [0.16831111591388004, 0.04456829520666956, -0.40049582385847243, -0.5605675213163681, -0.6359449772759483, -0.6729917409749141, 0.33709234295971263, -0.2885211635491698, -0.09922885569179546, 0.03358734024824087, 0.820439247645923, -0.22921197232406615, 0.5128844820023998, 0.30818333379936375, 0.004581652767600933], [-0.6128360697450851, -0.6570140790958902, -0.1926954888018742, -0.45265572344410443, -0.023599662360957438, 0.23684050675323404, -0.02581726150562634, 0.4924062244199181, -0.19264497299577754, 0.6599410852772178, -0.023361331424609236, 0.6633918609129921, -0.24954272286295776, 0.2165662762682904, 0.03588061549455074]], "inverted": true, "swapped": false, "error_lsq": 0.037844182518674066, "error_max": 0.2331545565433638, "target": "242.xyz", "model": "25.xyz", "model_rescale": 4.19342608120988, "target_rescale": 3.9607799800391073},
{"mapping": [2, 11, 6, 1, 0, 3, 12, 4, 10, 5, 13, 14], "R": [[0.024737287873179747, 0.2760166082834947, 0.9608344803036344], [-0.9952777330058105, 0.09704204372007141, -0.002252983232552408], [-0.09386320243574606, -0.9562414306556203, 0.2771137411356546]], "T": [0.06048837312897202, 0.12427372429220221, -0.04262121102073221], "aligned_model": [[-0.2838928271654298, 0.5108127847569802, 0.21048687931758817, -0.6117396907136547, -0.4471572449437228, -0.49640006319929464, -0.18238260877712612, -0.23037364345475628, 0.38194013723493847, 0.1972025509643178, 0.4654834100637359, 0.08382887054820415], [-0.634736866858185, -0.4365742644355408, -0.5507961203886286, 0.3906225331857194, -0.24962465449954416, -0.06805926137922272, 0.4750964966496348, 0.49361120334033504, -0.024577393402036185, -0.040464389897730824, 0.5847482071924126, 0.07353093823376672], [0.18439801286459778, 0.2122714847609866, -0.40260666440322934, -0.03588385183146638, -0.44519720083487174, 0.33708182062630915, -0.6713070633115026, 0.6053134262537979, -0.6593506269767697, 0.5745448235204058, -0.1618033784730035, -0.08820232098583322]], "inverted": false, "swapped": true, "error_lsq": 0.04388806060047538, "error_max": 0.24361687968839907, "target": "242.xyz", "model": "26.xyz", "model_rescale": 3.795458400668931, "target_rescale": 3.9607799800391073},
