[{"mapping": [2, 4, 5, 3, 9, 0, 7, 12, 6, 1, 8, 10, 11, 13], "R": [[0.4057749740436871, -0.443507307832963, 0.7991545146832384], [-0.6372941470647289, 0.48945496595123783, 0.5952226528138126], [-0.655135742084711, -0.7508229513037211, -0.08403603535796508]], "T": [0.030844296431691322, 0.1291045721424707, -0.08410306220515457], "aligned_model": [[-0.25344635261252707, -0.012898548163106226, 0.7473903481495292, 0.2330683294913947, -0.6488294989903274, -0.5731797591815662, -0.23477424609250477, -0.3281574898232358, 0.5088204282080252, 0.01878660719531381, 0.35375958984397293, -0.36165159950633663, 0.2850723326369296, -0.015720551810939613], [-0.19198943374389668, -0.801690364876808, 0.3350866621825578, 0.1247784533802624, -0.08403811271926082, 0.3941072593103667, -0.5071102069437977, 0.4811342188566764, -0.35816109023418174, 0.6888273172420786, -0.5026556856157312, 0.07259107615680824, 0.009972111441795578, 0.011969318462216022], [-0.7223316354135045, -0.2964979194336494, 0.04448307542986568, -0.5660647110396397, 0.08723548999716499, -0.48452902366985934, 0.22585181711601582, 0.2027987559725088, -0.42856971648162906, -0.22413582326987885, 0.2432863414420166, 0.8422781342171977, 0.5548315222852382, 0.019100181488066373]], "inverted": true, "swapped": false, "error_lsq": 0.04945733798358613, "error_max": 0.271783874154966, "target": "243.xyz", "model": "0.xyz", "model_rescale": 3.8414455957264533, "target_rescale": 3.8724766104013724},
{"mapping": [3, 1, 7, 4, 10, 5, 12, 6, 0, 2, 11, 8, 9, 14], "R": [[-0.6664873920455725, 0.10225170568291858, 0.7384708152183304], [0.45409360754703176, -0.7299194185182334, 0.5108978743887338], [0.591264367122875, 0.6758418684536627, 0.4400502437402442]], "T": [0.04417827264016224, 0.006347940109266901, 0.018629967958989822], "aligned_model": [[-0.2389608787914557, -0.028619873050440815, 0.6144965280295922, 0.24164135275803267, -0.6287364411440104, -0.458349777603069, -0.3154412049482728, -0.4158741813076114, 0.6653209199439037, 0.03237309524258657, 0.10684669541105932, -0.21723475365782888, 0.35998285853956086, 0.0007952499225759926], [-0.1607892567121725, -0.6564941918306807, 0.30066600220902695, 0.12095379343381896, -0.10176136120764934, 0.27260329642986264, -0.5471854868185093, 0.6137578685600178, -0.2878785662098021, 0.6748319364105833, -0.8353817086528454, -0.05168946158456904, 0.390056503786377, -0.05886784491437266], [-0.6921964949736381, -0.5325856244166765, -0.014065108528463745, -0.47502078431665046, 0.08091533824707031, -0.3143811864064798, 0.4014669051524719, 0.19018780724279483, -0.21186936867116526, -0.2937712357743886, 0.1362278816828004, 0.761998844888153, 0.48611780916900443, -0.025288294654919295]], "inverted": false, "swapped": false, "error_lsq": 0.0369940608315962, "error_max": 0.22558542320125863, "target": "243.xyz", "model": "1.xyz", "model_rescale": 4.316132596720782, "target_rescale": 3.8724766104013724},
{"mapping": [5, 9, 3, 6, 1, 4, 10, 11, 2, 7, 12, 13], "R": [[-0.6113557020941931, -0.7860199914640182, -0.09174300265317731], [-0.26193027022095444, 0.31038459849711986, -0.9138128553252902], [0.7467507877859214, -0.5346344302742636, -0.39563782289667365]], "T": [-0.01130539668869721, -0.01197974600704794, -0.11444270856291427], "aligned_model": [[-0.11426634946919606, 0.5355267444701101, 0.11637586626162785, -0.5999673733993818, -0.5469599743557233, -0.4681547068518001, -0.3727958497768751, -0.09695774616983877, 0.545057461149481, 0.10453528163014883, 0.47621745134158333, 0.019197749801644497], [-0.6170286808595213, -0.30686204327711714, -0.4982943151764214, 0.4019676752488322, -0.1804067626879702, -0.15164108726689315, 0.45139833500753507, 0.5731443624102367, -0.03449205226298411, -0.12944753153257113, 0.4927950847860559, 0.011643443351799085], [0.3621436536634872, 0.15181285066398353, -0.5878012632917125, -0.05126730499918086, -0.6029755664706533, 0.4100854697707892, -0.5553667339439639, 0.3234794707158566, -0.43733008486680386, 0.680762154217935, -0.0684006626530024, -0.17588352159731363]], "inverted": true, "swapped": true, "error_lsq": 0.047804640164218946, "error_max": 0.2775568939985221, "target": "243.xyz", "model": "2.xyz", "model_rescale": 3.795458400668931, "target_rescale": 3.8724766104013724},
{"mapping": [11, 4, 5, 3, 12, 2, 0, 10, 1, 8, 9, 13], "R": [[-0.6682816532346223, 0.7150000930065553, -0.2053643078789919], [-0.7049713531279368, -0.6968350245621571, -0.1320467334409436], [-0.2375184692165342, 0.05653154468148989, 0.969736645299619]], "T": [0.016753288032911158, 0.004114709498024783, -0.04183745740196063], "aligned_model": [[0.020004083815288433, -0.4230533998881632, -0.704413642884992, 0.09396344951808333, 0.20940166487225448, 0.1870293901670808, -0.21220415253453606, 0.689080881968319, 0.38124005260996524, 0.7189113582926641, -0.44227008271908347, 0.07561422252668473], [-0.07316888833359499, -0.5142939174188866, -0.20021276293111007, 0.13544089478822308, 0.5274279198499194, 0.5861900879880885, -0.3486307571079513, -0.2679878273317745, -0.4919667310219539, 0.19767003562714797, 0.4926146090706787, 0.04268638211092321], [-0.7736154702993224, -0.24473882532019883, 0.16307294688476334, 0.6317089110467735, -0.4703534009999707, 0.1737941592243552, 0.5835858842209551, -0.15907399471305347, 0.37650503697191096, 0.3870996191660282, 0.044986363567927894, -0.024199799111068374]], "inverted": true, "swapped": true, "error_lsq": 0.04803737986327835, "error_max": 0.28454497895616915, "target": "243.xyz", "model": "3.xyz", "model_rescale": 3.7530521520055578, "target_rescale": 3.8724766104013724},
{"mapping": [9, 4, 11, 6, 12, 1, 2, 3, 8, 10, 13], "R": [[0.0004883417249951783, -0.4042216909935062, 0.9146609131545475], [-0.19419917971532616, -0.8972861447820366, -0.39643946950333414], [0.980961997286467, -0.17743280111789078, -0.07893770307783798]], "T": [-0.13093108382670085, -0.10791459892613943, -0.10546914156351019], "aligned_model": [[-0.5034168212655167, -0.08225785554470771, 0.5152939722954507, 0.41369313391626694, 0.2472210732555241, -0.23880965376818844, -0.32944091228381767, -0.6971253271528413, -0.19755595125202743, 0.33487354041049144, -0.12427559616542919], [-0.6695742712033607, 0.04612185686667104, -0.3282586327450735, 0.3117732094551189, -0.6179614914760955, 0.6157654466309652, -0.4248525560876105, 0.0803841191833733, 0.20349055419067347, 0.35745340058584063, -0.10713827708615634], [-0.1571002427422912, -0.7963020297792305, -0.37992144329798705, -0.32708395819083136, 0.1969364480665874, 0.030939236438082815, 0.4184076288772829, 0.24215185609424572, 0.6775152728480388, 0.22051746378454407, -0.033229454853124785]], "inverted": false, "swapped": true, "error_lsq": 0.051638218572313516, "error_max": 0.281869436770386, "target": "243.xyz", "model": "4.xyz", "model_rescale": 3.7855080009869324, "target_rescale": 3.8724766104013724},
{"mapping": [12, 2, 4, 1, 15, 13, 9, 8, 0, 6, 3, 10, 7, 16], "R": [[-0.8556518070580426, -0.14391052271648516, -0.49714157594167707], [-0.48833413174467744, 0.5426690526459219, 0.6834033033820877], [0.17143442143128165, 0.8275264713299786, -0.5346121756906367]], "T": [-0.04379000880912183, -0.0044956273742993505, -0.06834962775566195], "aligned_model": [[-0.23873049578225514, 0.025871919826234366, 0.6301905426828289, 0.4441138280588286, -0.8076193987775898, -0.5402691204830057, -0.33236570199645554, -0.46628608211078276, 0.6647485789665099, 0.10486651151125125, 0.15590211414186672, -0.16494823570512296, 0.31759211602771664, -0.07482698701540226], [-0.035217961085782935, -0.6980366052248004, 0.29644926022315937, -0.09735068981591799, -0.05729852547799399, 0.43565309458525453, -0.5913562860311095, 0.42898295865786445, -0.3167794024611444, 0.6271647543632259, -0.6123399371305844, -0.07482765539033634, 0.4146469115119399, -0.04686839382468879], [-0.7195942882022186, -0.3131634658442488, -0.1150740828611709, -0.6396916639632786, 0.23676448804055072, -0.3592881661177719, 0.2131333306474838, 0.2906813701537856, -0.16282606275897682, -0.1389433185247729, 0.20195567468488013, 0.6467296433498941, 0.4367166687048301, -0.07966363866907288]], "inverted": false, "swapped": false, "error_lsq": 0.036776843756764134, "error_max": 0.22362002640460912, "target": "243.xyz", "model": "5.xyz", "model_rescale": 4.2253639853439635, "target_rescale": 3.8724766104013724},
{"mapping": [11, 12, 3, 6, 8, 5, 9, 10, 7, 2, 0, 1, 4, 13], "R": [[0.4817319502214122, -0.8748884929987364, -0.050044509731589304], [-0.8692854233591294, -0.48430651846966566, 0.09894467597162865], [-0.11080244072769377, -0.004161848891013696, -0.9938337376757717]], "T": [-0.06598825521398216, -0.022672283917983954, 0.0003946094258688859], "aligned_model": [[-0.34386361498995527, 0.06971088215226104, 0.6196707522432641, 0.25061701796163327, -0.7972573474328091, -0.38465391833164564, -0.3091512159757651, -0.49383457699444294, 0.5683920783183061, 0.09434322962358713, 0.3835091354068093, -0.22817061651573795, 0.2975630383503009, -0.008635254471183455], [-0.18777126816659861, -0.7446914051423992, 0.13923789742983556, 0.12069643861450854, -0.10208291377985784, 0.3961780450222504, -0.534375124310782, 0.5786293150375483, -0.3955529853294325, 0.622049484394225, -0.5545815554612018, -0.0029918901081160687, 0.3414321260073009, -0.003354641308194975], [-0.7074764230670829, -0.5754681321831122, -0.08125275040286194, -0.5408303701527757, 0.06970797198378026, -0.3513977491425375, 0.22761345796817017, 0.253171954972478, -0.2961063028312113, -0.09340980662898037, 0.3979965108273366, 0.7159470853075067, 0.48636760026715276, -0.007126558277950059]], "inverted": false, "swapped": false, "error_lsq": 0.0392376185690747, "error_max": 0.2622371780364452, "target": "243.xyz", "model": "6.xyz", "model_rescale": 3.89814844738969, "target_rescale": 3.8724766104013724},
{"mapping": [1, 0, 3, 6, 2, 5, 4, 10, 11, 7, 9, 12, 13], "R": [[0.9327644649793843, -0.0785323094516332, -0.35182826669259615], [-0.07240871052149805, 0.9152744347644854, -0.3962697158592442], [0.35313939388340343, 0.39510174061720504, 0.8480490451907352]], "T": [-0.001046238992695403, 0.05629847640917322, 0.011032431226536358], "aligned_model": [[0.1815432536533591, 0.01837664618248791, 0.5009227189122029, -0.35870514729702774, 0.548514153916501, -0.4364396995758742, -0.6716345041201457, 0.1893345097485994, -0.45711393374712717, -0.6376455044548112, 0.04125362585494659, 0.1640643510199509, 0.06616133081116034], [-0.3627270556301421, 0.24454848200845541, 0.27832883587730584, -0.570659443636094, 0.3018407444431273, 0.5772491502646728, 0.06015880005924194, -0.6533212470608858, -0.21830957540317747, 0.5158830873594309, 0.7047045753755521, 0.04976921509888195, 0.03631569671411644], [-0.5763656624489573, -0.7184810484106671, -0.40801693484414775, -0.018470006093624865, 0.23905668529935925, -0.3669393427390342, -0.22057687100407058, 0.012932001668310825, 0.5190433149763175, 0.21861826352427535, 0.197186224966823, 0.694619944978617, 0.029668460963094834]], "inverted": false, "swapped": true, "error_lsq": 0.04266852352630833, "error_max": 0.2503591072856263, "target": "243.xyz", "model": "7.xyz", "model_rescale": 3.7474275329858107, "target_rescale": 3.8724766104013724},
{"mapping": [13, 11, 1, 12, 8, 4, 5, 2, 10, 1, 7, 3, 0, 14], "R": [[-0.6731372779749358, 0.6864087997771131, -0.27518932499106397], [0.45689705903933336, 0.09341628670459778, -0.8846007431714789], [-0.581490569520867, -0.7211909296204908, -0.3765001468677407]], "T": [0.0015357540000951776, -0.11398869012242006, -0.04745595533713278], "aligned_model": [[-0.24835394246001388, 0.07916301660963942, 0.2440961178576511, 0.3291074113890278, -0.6536539944299122, -0.6676402216308475, -0.27305902587545555, -0.4248390419652045, 0.6685126623410653, 0.2440961178576511, 0.13040574291284246, -0.1421646037834813, 0.45700454122379974, -0.02443519070214003], [0.10575764960828134, -0.6034718592983954, 0.5970452224349196, -0.051134765225999926, -0.112526196926782, 0.17271326993514458, -0.5157566526133985, 0.5947049038745365, -0.4748231953542103, 0.5970452224349196, -0.7543505686443088, 0.046586386350677064, 0.1389504063194703, -0.06791829999576854], [-0.8825478751104009, -0.42276941204107166, -0.02752946220501653, -0.5664827486724466, 0.14210820404538588, -0.3342160390012516, 0.4780929721689875, 0.10922020444179562, -0.03318629303164963, -0.02752946220501653, 0.14543474536552828, 0.636430284452164, 0.3560080888887307, -0.07529671845582563]], "inverted": false, "swapped": false, "error_lsq": 0.0568232323303307, "error_max": 0.46953625671955773, "target": "243.xyz", "model": "8.xyz", "model_rescale": 4.019505241142653, "target_rescale": 3.8724766104013724},
{"mapping": [1, 6, 10, 8, 3, 2, 12, 0, 5, 4, 11, 9, 13], "R": [[-0.7055245553544187, -0.6698952044558019, 0.23124773910044874], [-0.021913534825805936, -0.30552744826217326, -0.9519310769955162], [0.7083465950954999, -0.676678205209481, 0.20087734519125733]], "T": [0.042358049859830146, 0.0009057538842776602, 0.06308315854295454], "aligned_model": [[-0.2927700851413722, -0.6225046006702079, -0.29014756053168755, 0.3362923652528952, 0.39913008556137286, 0.6527727593241032, 0.3686809800331017, -0.053022717499613306, -0.03623555300354672, -0.4892908282846128, -0.2889921324420356, 0.5544107559257082, 0.08137730321707108], [-0.5689921454635476, 0.15652935419294994, 0.008615769724037964, -0.3375419313433103, -0.5831337184210315, 0.003917273233384241, 0.5853265453958196, -0.7069693449730732, -0.2570698999605594, 0.010771421434727944, 0.6578675906524827, 0.09647924407991629, -0.0024219304377382624], [-0.2787696712372458, -0.1727249688867491, -0.5920421458918512, -0.6535286039596169, -0.029027078459417002, -0.14109202239756216, -0.15269846912141782, 0.30354226875643364, 0.7918432971592608, 0.5327623376392974, 0.07260072365679943, 0.4938275338390958, 0.002010292946851587]], "inverted": true, "swapped": true, "error_lsq": 0.05272738399146199, "error_max": 0.2843669592860971, "target": "243.xyz", "model": "9.xyz", "model_rescale": 3.877068213659057, "target_rescale": 3.8724766104013724},
{"mapping": [10, 12, 8, 11, 13, 14, 3, 2, 0, 9, 5, 4, 7, 15], "R": [[0.19277513480152494, -0.17448061367912668, 0.9656056456195818], [0.8875208417336667, -0.38870135111255866, -0.24742274578469012], [0.41850269161693315, 0.904692088554679, 0.07992322576044683]], "T": [-0.07712878213826885, -0.0684865314357457, -0.02079562043247127], "aligned_model": [[-0.24791791156894674, 0.10670498322700306, 0.5294562130724649, 0.35072240250498476, -0.8279729384150634, -0.592931288908964, -0.32702342261408524, -0.27613742318402124, 0.6323844950471136, -0.04958915234428901, 0.2729306913799712, -0.15726009035115457, 0.3040851884904115, 0.0007878430091975835], [0.04763475167679013, -0.6934963118043467, 0.40517498525724227, -0.07149252658242308, 0.060090810969473885, 0.4032451311305748, -0.5668271751858412, 0.4974464274430128, -0.3766162267421993, 0.5366470000157064, -0.6936194049504292, -0.0879456877334169, 0.31915347146655304, -0.1065737220616115], [-0.6994396363469179, -0.3865320513068777, -0.07577149693653709, -0.6221188314066085, 0.11088359572813147, -0.36855783686787924, 0.28247095236517156, 0.2628781442927167, -0.20897913724996767, -0.2829030064473607, 0.2917146957075514, 0.6509863340923919, 0.5880538734198517, -0.04494911040375263]], "inverted": true, "swapped": false, "error_lsq": 0.03957381555743357, "error_max": 0.2866190168306933, "target": "243.xyz", "model": "10.xyz", "model_rescale": 4.260839863003843, "target_rescale": 3.8724766104013724},
{"mapping": [10, 2, 9, 12, 7, 11, 6, 1, 0, 5, 4, 13], "R": [[0.15531258042341617, -0.8349780971412847, -0.5279105792239246], [-0.7684137075550393, -0.43795199685644365, 0.46662449838277065], [-0.6208207280719117, 0.3331810705063739, -0.7096280700849483]], "T": [0.03391790882717589, -0.08014623146522987, -0.08755041860916686], "aligned_model": [[0.5098164962917247, -0.05221016982807671, -0.4510489444329449, -0.39103346505323794, -0.6285761198507006, -0.35842306259837703, 0.2685815665324863, 0.768084544596251, 0.4622643065548113, -0.16040295389421888, -0.06654432035321262, 0.0583907711296259], [0.1347792793646036, -0.6866283544666021, -0.46874492698401554, -0.2497273591209212, 0.20501579182120544, 0.4267754808761342, 0.5564179124886226, 0.01600874760946777, -0.160875405325404, 0.030658905448194884, 0.49675158377522605, -0.12735314995357827], [-0.6044025725571451, -0.2851967690387633, 0.17829011206082346, -0.6216427309724005, 0.28574946033709436, -0.448910795552714, -0.33571484069546853, -0.011976542819700911, 0.527272640563674, 0.6566144528867843, 0.31300250371692356, -0.13690684053360294]], "inverted": false, "swapped": true, "error_lsq": 0.04774089022377077, "error_max": 0.270238942722178, "target": "243.xyz", "model": "11.xyz", "model_rescale": 3.890672605050136, "target_rescale": 3.8724766104013724},
{"mapping": [1, 6, 3, 0, 11, 2, 9, 10, 8, 4, 5, 12, 7, 13], "R": [[0.31201513273355, -0.9456127725567864, 0.09199478964991908], [0.9114462711515039, 0.3252522923308358, 0.2519457106948958], [-0.26816459824011957, 0.00523743362766918, 0.9633588726636151]], "T": [-0.06057507748547728, -0.12494152756454865, -0.10590083457348815], "aligned_model": [[-0.16182376968732184, -0.11720600506167096, 0.7191816445842821, 0.24939784248230892, -0.6077737368172778, -0.5237629631782791, -0.40701112334295547, -0.6348646976161979, 0.5959051360169976, -0.009850133190094652, 0.21017900713610463, -0.10823824303412169, 0.5073596238429742, 0.006747007209874277], [-0.06235968925894628, -0.6124952174497447, 0.3535656584494752, 0.09223667269974808, -0.12567732185003622, 0.39462935115746833, -0.6564171742082506, 0.39014957073001144, -0.4068521869256452, 0.5737461762723594, -0.4753261638083748, 0.11262000740072411, 0.10863518877689338, -0.013633349086596858], [-0.8747509540583889, -0.4077992967470266, -0.23268207656929696, -0.5591611990041554, -0.16365245556807037, -0.251046341559241, 0.3450272297302271, 0.3462198319640839, -0.1994484441446033, -0.12377585509042874, 0.5335481580600687, 0.5986734244651877, 0.48558565122860825, 0.0009988159329489404]], "inverted": false, "swapped": false, "error_lsq": 0.050903261573584345, "error_max": 0.3698739635424189, "target": "243.xyz", "model": "12.xyz", "model_rescale": 4.124412569039231, "target_rescale": 3.8724766104013724},
{"mapping": [10, 12, 7, 8, 11, 6, 2, 1, 9, 3, 4, 5, 13], "R": [[0.9681765180592384, -0.12039957687670774, -0.21940412887318006], [-0.11080355738537295, -0.9922872080833015, 0.05557578919811433], [-0.2244032119855588, -0.029496416090037406, -0.9740498754624466]], "T": [0.10164832681792657, 0.12075045343135209, -0.017568404847924633], "aligned_model": [[-0.1532325764742708, -0.13638499521293723, 0.7521410747866967, -0.6845485282322459, 0.47239398001025273, 0.4002949371442008, -0.44403066744184305, -0.054590778032214016, 0.10016397051620904, -0.3290672428663702, 0.7907843813622634, 0.6221269039402105, 0.031247848009805596], [-0.5243785915497952, 0.3846892696711043, 0.5956757933370679, -0.17556198176734517, 0.04209165837319963, -0.4848575637252384, 0.45948580449289556, -0.4830599755964469, 0.7921157522616278, 0.1871518530837365, 0.0051972083265568875, 0.4364338943594364, 0.11250225524167803], [0.22461505919441763, 0.5892861625982159, 0.08670826337382238, -0.11014313905969414, 0.6131794345665473, 0.2391720354824867, 0.02480479961072905, -0.4237212673173044, -0.09592282322832922, -0.5532433422732775, -0.14039078952552034, -0.5005443337557147, -0.0021019786985398987]], "inverted": true, "swapped": true, "error_lsq": 0.0510533995712561, "error_max": 0.32144063361141406, "target": "243.xyz", "model": "13.xyz", "model_rescale": 3.9028299243045295, "target_rescale": 3.8724766104013724},
{"mapping": [6, 2, 4, 3, 11, 9, 12, 14, 0, 10, 8, 13, 5, 15], "R": [[-0.15981193891573142, 0.985170648936196, 0.06244146582703938], [0.2889654035124165, 0.10717133480632268, -0.951321870120065], [-0.943906319373327, -0.13398916922821003, -0.3018074929100225]], "T": [-0.015145785805756642, -0.06491848614829378, -0.10012058361226966], "aligned_model": [[-0.27906282800608745, 0.08969200764464234, 0.5725145246987962, 0.3214794226353629, -0.748000934688421, -0.5237575951245663, -0.3345950808322571, -0.6038404447694228, 0.7408206511835136, 0.07046807865196504, 0.35051339127434883, -0.12661292698589918, 0.25364499698451065, -0.06502367332186339], [-0.055728257419994806, -0.7514014385629006, 0.2726972111075764, -0.03179491035187644, -0.06866337792424526, 0.42383879348676934, -0.3803536549726321, 0.47059940946837375, -0.36255296134400233, 0.6391742150179389, -0.6185506484345468, 0.1557921128903888, -0.04146914996470176, 0.021234179902938605], [-0.7122248204717996, -0.3448652723480228, -0.10597500987227584, -0.6238340004793412, -0.0064936917505804825, -0.421486116127569, 0.43156832085792823, 0.2868029679646558, -0.26487760035344454, 0.12851960626262415, 0.2952171892566681, 0.6558643763600478, 0.33496961091605676, -0.1554490715750345]], "inverted": true, "swapped": false, "error_lsq": 0.045804024630572544, "error_max": 0.376387053700436, "target": "243.xyz", "model": "14.xyz", "model_rescale": 3.942246331269136, "target_rescale": 3.8724766104013724},
{"mapping": [12, 8, 4, 13, 2, 1, 7, 5, 11, 3, 6, 9, 10, 14], "R": [[0.5351368792851667, 0.04527964550409852, 0.8435509908309964], [0.6189173795400331, -0.7006421126991618, -0.35502381218131485], [0.5749519960242171, 0.712074703676151, -0.40296379322749387]], "T": [0.010149420490879957, -0.013155428409290222, -0.029038211341191562], "aligned_model": [[-0.12565647821827794, -0.029966492764716978, 0.47778264520613034, 0.47357840897786774, -0.7047392466326355, -0.5590220004113968, -0.41750537591038894, -0.4429515988720108, 0.6192077013543783, -0.061902577181829996, 0.16660909362206455, -0.0987612371860329, 0.4992112070600764, -0.07764445969860527], [0.18563111700277188, -0.7456582931275715, 0.3332421676951384, -0.008985249260432133, -0.09316085787848831, 0.40555936753607275, -0.6368931086584209, 0.38038865174563136, -0.3828179235681957, 0.6634356542791303, -0.4706579367868533, -0.10193005557832342, 0.1719842085687848, -0.027316219070158756], [-0.8101380291632703, -0.2753534422364243, -0.09969123306067515, -0.6969798470707738, 0.22626796467752286, -0.4257285806030816, 0.3697627283285406, 0.17736450525052366, -0.1097145699665161, -0.26051379743728315, 0.252033336223377, 0.7636911500096688, 0.45628889461986444, -0.06955259093156024]], "inverted": false, "swapped": false, "error_lsq": 0.04981530071922247, "error_max": 0.3467310925349997, "target": "243.xyz", "model": "15.xyz", "model_rescale": 4.355366556412066, "target_rescale": 3.8724766104013724},
{"mapping": [5, 9, 3, 6, 1, 4, 10, 11, 2, 7, 12, 13], "R": [[-0.6113557020941931, -0.7860199914640182, -0.09174300265317731], [-0.26193027022095444, 0.31038459849711986, -0.9138128553252902], [0.7467507877859214, -0.5346344302742636, -0.39563782289667365]], "T": [-0.01130539668869721, -0.01197974600704794, -0.11444270856291427], "aligned_model": [[-0.11426634946919606, 0.5355267444701101, 0.11637586626162785, -0.5999673733993818, -0.5469599743557233, -0.4681547068518001, -0.3727958497768751, -0.09695774616983877, 0.545057461149481, 0.10453528163014883, 0.47621745134158333, 0.019197749801644497], [-0.6170286808595213, -0.30686204327711714, -0.4982943151764214, 0.4019676752488322, -0.1804067626879702, -0.15164108726689315, 0.45139833500753507, 0.5731443624102367, -0.03449205226298411, -0.12944753153257113, 0.4927950847860559, 0.011643443351799085], [0.3621436536634872, 0.15181285066398353, -0.5878012632917125, -0.05126730499918086, -0.6029755664706533, 0.4100854697707892, -0.5553667339439639, 0.3234794707158566, -0.43733008486680386, 0.680762154217935, -0.0684006626530024, -0.17588352159731363]], "inverted": true, "swapped": true, "error_lsq": 0.047804640164218946, "error_max": 0.2775568939985221, "target": "243.xyz", "model": "16.xyz", "model_rescale": 3.795458400668931, "target_rescale": 3.8724766104013724},
{"mapping": [1, 0, 3, 6, 2, 5, 4, 10, 11, 7, 9, 12, 13], "R": [[0.9327644649793843, -0.0785323094516332, -0.35182826669259615], [-0.07240871052149805, 0.9152744347644854, -0.3962697158592442], [0.35313939388340343, 0.39510174061720504, 0.8480490451907352]], "T": [-0.001046238992695403, 0.05629847640917322, 0.011032431226536358], "aligned_model": [[0.1815432536533591, 0.01837664618248791, 0.5009227189122029, -0.35870514729702774, 0.548514153916501, -0.4364396995758742, -0.6716345041201457, 0.1893345097485994, -0.45711393374712717, -0.6376455044548112, 0.04125362585494659, 0.1640643510199509, 0.06616133081116034], [-0.3627270556301421, 0.24454848200845541, 0.27832883587730584, -0.570659443636094, 0.3018407444431273, 0.5772491502646728, 0.06015880005924194, -0.6533212470608858, -0.21830957540317747, 0.5158830873594309, 0.7047045753755521, 0.04976921509888195, 0.03631569671411644], [-0.5763656624489573, -0.7184810484106671, -0.40801693484414775, -0.018470006093624865, 0.23905668529935925, -0.3669393427390342, -0.22057687100407058, 0.012932001668310825, 0.5190433149763175, 0.21861826352427535, 0.197186224966823, 0.694619944978617, 0.029668460963094834]], "inverted": false, "swapped": true, "error_lsq": 0.04266852352630833, "error_max": 0.2503591072856263, "target": "243.xyz", "model": "17.xyz", "model_rescale": 3.7474275329858107, "target_rescale": 3.8724766104013724},
{"mapping": [5, 4, 3, 10, 9, 12, 6, 7, 8, 11, 0, 2, 1, 13], "R": [[-0.3861862252946655, -0.3697150527093205, -0.8450863738061348], [-0.49535693576584217, 0.8559703066004543, -0.14810921783265046], [0.7781270497684379, 0.3614216568199374, -0.5137048572869427]], "T": [-0.005967076651719944, 0.0338497019938515, -0.03050405357653857], "aligned_model": [[-0.21493567367319846, -0.09000056948507934, 0.6405828593121531, 0.22541147007650764, -0.6343926490045194, -0.5460371548993522, -0.4206551710761721, -0.4388086767772519, 0.4978307481117408, 0.17483058708561366, 0.37088393486633286, -0.19278940738584902, 0.3558572081094269, -0.00953791591573041], [-0.1751710078408492, -0.7606931587699614, 0.23153353653608733, 0.25250346408774144, -0.19292317307871115, 0.35675394867700544, -0.5529195365230729, 0.5780861344453297, -0.3628574014012435, 0.730748820348771, -0.5534735688855361, -0.14197457984987216, 0.2932902844830627, -0.030082239329665902], [-0.6907028153061909, -0.25603861082240165, -0.08952492424974884, -0.6429531297449809, -0.06764606483677277, -0.43460067737965913, 0.2500925546232344, 0.25910626535141973, -0.3555666277037034, -0.08864599566064969, 0.4301227817058046, 0.6313236902230766, 0.4989222282837596, 0.053847814156725404]], "inverted": false, "swapped": false, "error_lsq": 0.045250101021041704, "error_max": 0.279324324995496, "target": "243.xyz", "model": "18.xyz", "model_rescale": 3.922800546911778, "target_rescale": 3.8724766104013724},
{"mapping": [2, 10, 7, 9, 1, 0, 6, 5, 11, 3, 4, 8, 13, 14], "R": [[0.5718912712388754, 0.12500083292289343, 0.81074975525705], [-0.47556542012895064, 0.8558166247001803, 0.20350782801741568], [-0.6684144710120796, -0.501948898450205, 0.5488801310725941]], "T": [-0.04999432116379523, 0.020281882428321876, 0.0640985096107824], "aligned_model": [[-0.23876586694750526, 0.10211550569052147, 0.6149512019137557, 0.2563949051537406, -0.7613973048650176, -0.5482493203431337, -0.34788874277173965, -0.5007742362119214, 0.5910599132251124, 0.01564138773061722, 0.23863686214773175, -0.22299314544731663, 0.4951785451341192, 0.02432988493565772], [-0.1337127538693543, -0.665062631723796, 0.3888923294209616, -0.030666540246082754, -0.1577334210440555, 0.5537324073863659, -0.5736708848157325, 0.5728130020632912, -0.26272112651068924, 0.549709889606092, -0.5973593722868991, -0.04073228563157018, 0.006544431159765881, 0.06278847939078827], [-0.6095333767201436, -0.33309935639463034, -0.18122741393922498, -0.6884126771090671, -0.03689342297039777, -0.3428598775637088, 0.24915740772462672, 0.33620244234576996, -0.06319005339596431, -0.2888139193553965, 0.30715911848470223, 0.6478273268830648, 0.4817246284124515, 0.01969566223783102]], "inverted": false, "swapped": false, "error_lsq": 0.042470969361647216, "error_max": 0.26738295277148555, "target": "243.xyz", "model": "19.xyz", "model_rescale": 3.9282355846067225, "target_rescale": 3.8724766104013724},
{"mapping": [8, 4, 5, 6, 9, 9, 11, 12, 3, 7, 0, 10, 2, 13], "R": [[0.00437029448538101, -0.4083535512290961, -0.9128133860350082], [0.9802392912760358, 0.18227731246319928, -0.07684993949150432], [0.19776711648999112, -0.8944396897274735, 0.4010808011803296]], "T": [0.05072868127105475, 0.010940269113571866, -0.0992319421007335], "aligned_model": [[-0.3848331375457847, 0.0003368125806027314, 0.719615740678466, 0.39250305771956845, -0.6388424156938186, -0.6388424156938186, -0.38122362980861674, -0.5634121622058096, 0.6337166789125471, 0.050853075601333876, 0.17794578740669742, -0.2023921592095069, 0.4419530326121846, 0.11086132399057724], [-0.1532827535324108, -0.5597089175528835, 0.20949299802622726, 0.18399233574222856, 0.05696851003407838, 0.05696851003407838, -0.5079335512719239, 0.5223854381493004, -0.4511701051718131, 0.6338518889834099, -0.6875603286283518, 0.029757435634322798, 0.39020926638567727, -0.05114920393285455], [-0.7008450070770266, -0.3660427557245616, -0.12850766322311963, -0.6284646998697936, -0.12747957042966815, -0.12747957042966815, 0.14066455807683365, 0.19068047348560496, -0.2129599761351852, -0.09035079708405439, 0.26969855414142635, 0.7240602923761923, 0.5186796575523248, 0.03608299298060813]], "inverted": false, "swapped": false, "error_lsq": 0.04469474556038193, "error_max": 0.39660661348834975, "target": "243.xyz", "model": "20.xyz", "model_rescale": 4.067790424073018, "target_rescale": 3.8724766104013724},
{"mapping": [0, 7, 5, 8, 3, 2, 12, 6, 1, 4, 9, 11, 13, 14], "R": [[-0.2704615103554288, 0.9154829816492817, 0.29789508510010965], [-0.9489382288151579, -0.30569291534215165, 0.077897878037642], [0.16237859868040344, -0.2616156566800951, 0.9514149667050815]], "T": [-0.01061698222400666, 0.00583362699972928, -0.004257057043486119], "aligned_model": [[-0.39025483842836883, 0.2375396943254947, 0.4631812016750716, 0.2899559096414723, -0.8401628839469807, -0.5572926771652214, -0.3765817306504771, -0.29752014566283835, 0.7284705139152209, 0.04235023956547637, 0.228218513752481, -0.244640010307746, 0.42342089686697326, 0.011554905764064224], [-0.2476434499420777, -0.49497059504435764, 0.3522603189243176, 0.056860713583886585, -0.01621595038428874, 0.34890700377093414, -0.5984008961274085, 0.6447991132303255, -0.3437323033034295, 0.6751046415002329, -0.7266063798620517, -0.040669802496978325, 0.11009073356375429, -0.046961624513773365], [-0.5483916903122685, -0.49850128035369257, -0.06726458765695795, -0.48614923360937473, 0.18312605244780217, -0.37461941237981744, 0.2923644372352632, 0.23441968021898857, -0.07395952974534353, -0.4421420616984174, 0.09840326478958433, 0.5966613295538206, 0.5350620324780135, 0.04872748767231269]], "inverted": false, "swapped": false, "error_lsq": 0.051067153049149036, "error_max": 0.32876621016512875, "target": "243.xyz", "model": "21.xyz", "model_rescale": 4.186013935880536, "target_rescale": 3.8724766104013724},
{"mapping": [1, 0, 3, 10, 11, 8, 6, 4, 2, 9, 7, 12, 13], "R": [[0.9513015324087042, -0.2964531931918747, 0.08450383827491058], [0.30806277207397426, 0.9044172954037877, -0.295172295848707], [0.011078036782292244, 0.3068303440353301, 0.9516997515394293]], "T": [-0.03199572244688636, 0.000999219775001503, 0.03332544697957079], "aligned_model": [[0.11481230941515397, -0.2971425843615907, 0.2054862818045117, 0.40144900391024724, -0.1835539872080699, 0.7363490141980258, -0.12132662308199438, -0.6914302368377513, 0.4265821478435585, -0.18297341891220018, -0.7042202614094663, 0.31445461105683586, 0.040087779005965114], [-0.45383474100449744, 0.023436489093048934, 0.2760957455661165, -0.5922256173111811, -0.2887029110638606, -0.062356189111210755, -0.6982188802107341, -0.26012726621398696, 0.45266383746268635, 0.6528386647599211, 0.26591931962811644, 0.19536226148892202, 0.00810594646275217], [-0.5372280646927405, -0.6717979043649814, -0.5538686313150909, 0.037632610099763285, 0.692556172975433, -0.3132421415128696, 0.1913778460402077, 0.05080319998737496, 0.03047916868097971, 0.1291589265084227, 0.40413540786292174, 0.613662591729246, 0.029210379336679027]], "inverted": false, "swapped": true, "error_lsq": 0.050779069976495686, "error_max": 0.3446788989645468, "target": "243.xyz", "model": "22.xyz", "model_rescale": 4.166573947596378, "target_rescale": 3.8724766104013724},
{"mapping": [0, 4, 6, 1, 10, 7, 9, 13, 2, 5, 3, 14, 12, 15], "R": [[0.5685424967707188, 0.19365981729085432, -0.7995344298606473], [-0.2060885319778227, 0.974434029421473, 0.08947535578391369], [0.7964213372034574, 0.11390433473887157, 0.5939182234742019]], "T": [-0.004213765194898637, -0.1646425002645695, 0.05368713302704214], "aligned_model": [[-0.19389193456471399, 0.08310630296468796, 0.5899048378065452, 0.32361036860527587, -0.6671972111841502, -0.536237251625042, -0.26281861991392386, -0.39419060386007476, 0.6064882560249434, -0.11653239194052513, 0.21527591405281538, -0.2838620768906331, 0.33711524769900425, 0.017468752170413233], [-0.09881366948717397, -0.6035982380777927, 0.304158354585612, 0.09569484090399272, 0.14915819367297833, 0.14111869156128604, -0.5434563514833427, 0.5743109808076393, -0.2984265006232434, 0.5639721879360025, -0.7241098983458881, 0.17917820553725483, 0.057485831380230584, -0.12385110546847031], [-0.7377953493697644, -0.5290191217034592, -0.026040378073051436, -0.5232486233259425, 0.20509158452239706, -0.31353317021089594, 0.44107939098097576, 0.19035811389615026, -0.19521871607080768, -0.3304575577155287, 0.037965708030584654, 0.7090968577396882, 0.5670436022244103, 0.0024141477151568697]], "inverted": false, "swapped": false, "error_lsq": 0.04812617058417661, "error_max": 0.29557348275669465, "target": "243.xyz", "model": "23.xyz", "model_rescale": 4.274766983524099, "target_rescale": 3.8724766104013724},
{"mapping": [9, 3, 0, 4, 1, 6, 11, 10, 12, 8, 13], "R": [[-0.7690880105851531, -0.5949213995512613, -0.23360684992127365], [-0.48098644492080933, 0.29803665755223524, 0.8245157309339424], [-0.42089864786740905, 0.7464868914529315, -0.5153655490157705]], "T": [0.011599859357808287, 0.011586144155897107, -0.06699455232806006], "aligned_model": [[0.42462072551346425, 0.09964427431528645, -0.4165069233264803, -0.544719076117148, -0.46096818693070585, -0.4680991287858681, -0.0075708762281975345, -0.15621976223567013, 0.5879398973265245, 0.2654087806174051, 0.05636497980946459], [-0.06424497727370403, 0.6695808571022102, 0.502077575033773, -0.3495413687935197, 0.5228567287017549, -0.25389428340295905, -0.670000126084161, 0.1418874799012722, -0.30507073279341435, 0.6715695685485247, 0.05036581030370673], [-0.5966514108785638, -0.25716243910028647, -0.44666278763899525, -0.31887260561586767, 0.19613976847478115, 0.4034047943571415, 0.20969122873841906, 0.6363309244663434, 0.1823177218588731, 0.3961248130353038, -0.025093573675571086]], "inverted": true, "swapped": true, "error_lsq": 0.047685225168628255, "error_max": 0.2327649970970075, "target": "243.xyz", "model": "24.xyz", "model_rescale": 3.7841303162186577, "target_rescale": 3.8724766104013724},
{"mapping": [14, 12, 8, 9, 11, 10, 3, 7, 2, 0, 5, 6, 1, 15], "R": [[-0.7067600848618686, -0.613655475939373, -0.35201866327748277], [0.2155955384986885, 0.28708943003981424, -0.9333264289298118], [0.6738017113554288, -0.7355315193851559, -0.0706019671500665]], "T": [-0.033724060521234174, 0.024601337406434633, -0.03655557249899821], "aligned_model": [[-0.28452137229689983, 0.030682654033159777, 0.4972689322108052, 0.17442995544989337, -0.7819950979053129, -0.41538089240965, -0.2569181684066611, -0.4172454895168476, 0.6346495219236735, 0.09053309062989087, 0.3155479789249816, -0.2709447181270228, 0.4618442043870658, -0.059711009552454064], [-0.2274880320352514, -0.6420703518386167, 0.28255099736533457, -0.07961790450054873, -0.032429096413586794, 0.47143477176971677, -0.6111134609504972, 0.5150746208995461, -0.30242157600557434, 0.727039177713184, -0.7678788274615573, -0.04629564006272752, 0.3812230275394963, 0.004813816880167826], [-0.7456751819663672, -0.39232592020604645, -0.0676393019313422, -0.5731661983512532, 0.12551093666665517, -0.5463918696427092, 0.40509244684263185, 0.15093531202851063, -0.1595425487221066, 0.1436420696736706, 0.1024515359363774, 0.64221274617376, 0.3880259376325891, 0.024606524505543133]], "inverted": false, "swapped": false, "error_lsq": 0.04225356358014052, "error_max": 0.2672317614149122, "target": "243.xyz", "model": "25.xyz", "model_rescale": 4.19342608120988, "target_rescale": 3.8724766104013724},
{"mapping": [5, 9, 3, 6, 1, 4, 10, 11, 2, 7, 12, 13], "R": [[-0.6113557020941931, -0.7860199914640182, -0.09174300265317731], [-0.26193027022095444, 0.31038459849711986, -0.9138128553252902], [0.7467507877859214, -0.5346344302742636, -0.39563782289667365]], "T": [-0.01130539668869721, -0.01197974600704794, -0.11444270856291427], "aligned_model": [[-0.11426634946919606, 0.5355267444701101, 0.11637586626162785, -0.5999673733993818, -0.5469599743557233, -0.4681547068518001, -0.3727958497768751, -0.09695774616983877, 0.545057461149481, 0.10453528163014883, 0.47621745134158333, 0.019197749801644497], [-0.6170286808595213, -0.30686204327711714, -0.4982943151764214, 0.4019676752488322, -0.1804067626879702, -0.15164108726689315, 0.45139833500753507, 0.5731443624102367, -0.03449205226298411, -0.12944753153257113, 0.4927950847860559, 0.011643443351799085], [0.3621436536634872, 0.15181285066398353, -0.5878012632917125, -0.05126730499918086, -0.6029755664706533, 0.4100854697707892, -0.5553667339439639, 0.3234794707158566, -0.43733008486680386, 0.680762154217935, -0.0684006626530024, -0.17588352159731363]], "inverted": true, "swapped": true, "error_lsq": 0.047804640164218946, "error_max": 0.2775568939985221, "target": "243.xyz", "model": "26.xyz", "model_rescale": 3.795458400668931, "target_rescale": 3.8724766104013724},
{"mapping": [10, 1, 6, 11, 7, 2, 8, 12, 3, 4, 9, 5, 13], "R": [[-0.6582133181132184, -0.7235743125524015, -0.20783513195008055], [-0.6791724421674123, 0.6898338789309104, -0.2507070267852247], [0.32477687980941705, -0.02386280983987965, -0.9454895793438476]], "T": [-0.10998452598268514, -0.05409924560170657, -0.03973257796532735], "aligned_model": [[0.17424459149861138, 0.4326618213438055, 0.4173167255572924, -0.09593694570954729, -0.19066202663059378, -0.6650493643799098, -0.24133000042524533, -0.6612316298357005, -0.18005535627347652, 0.37340482117355134, -0.6048711256077623, 0.0860070495528882, -0.14482217744265646], [-0.7220113223508816, -0.38468793386097583, -0.3233562856932784, -0.08625888897817233, 0.6486182754072894, -0.23306764208170974, -0.7429495231945095, -0.28114867398636467, -0.1064665074121689, 0.39257975006079476, 0.39275424129130837, 0.6812020548338913, -0.11332604077830866], [-0.1533805269362159, 0.34782890194129656, -0.4536414550026091, -0.77475013228182, -0.43879114977669453, 0.23262018873197476, 0.4321893403244692, -0.4127891617555027, 0.6452640899555857, -0.304608032084583, 0.07109249785197186, 0.11755388655269101, -0.016451785421137875]], "inverted": false, "swapped": true, "error_lsq": 0.049673153945179876, "error_max": 0.3310713368636625, "target": "243.xyz", "model": "27.xyz", "model_rescale": 3.6321398670334006, "target_rescale": 3.8724766104013724},
