[{"mapping": [11, 0, 9, 4, 10, 1, 3, 12, 5, 8, 13, 14, 7, 15], "R": [[0.7475895572739116, 0.5649333626849667, 0.34922793356267073], [-0.3357715994891891, 0.7751549203335193, -0.5351563159107884], [-0.5730334081285915, 0.28281645144544154, 0.769186302504367]], "T": [-0.09783974920797839, 0.19847048660330296, 0.1018227552030116], "aligned_model": [[0.034942774651525815, 0.281102255772751, -0.5357192668105863, -0.4128844234935768, -0.6257615035594213, -0.08943523854373958, -0.5112986575338014, -0.06476534742406002, -0.3777527401117447, 0.36880450755324945, 0.6372594973793784, 0.1846787241237008, 0.534482194307611, -0.05216067518298191], [-0.673245529965611, -0.36830671885005123, -0.34380019395766775, -0.38646539194879764, 0.1551634431256556, 0.14756043296370602, 0.211284566143842, 0.6053968477110756, 0.7052556821799938, -0.08902232605230359, 0.4814338396335184, 0.8072328755169946, -0.15754091375595786, 0.1403267190656376], [0.17867764025714505, -0.3725365256137629, 0.37021308417187915, -0.22664551544084555, 0.7393021227127337, -0.6794573532321968, -0.22810617884277085, 0.5777846832001009, 0.053691353536473196, 0.6478946479925576, 0.41887955009535366, 0.10321080784775535, 0.15732176818171772, 0.1573580023136931]], "inverted": false, "swapped": true, "error_lsq": 0.04169804488054884, "error_max": 0.24601395256233455, "target": "244.xyz", "model": "0.xyz", "model_rescale": 3.8414455957264533, "target_rescale": 4.172697881573959},
{"mapping": [11, 9, 13, 10, 8, 12, 14, 7, 2, 6, 5, 4, 3, 0, 15], "R": [[0.08224591544139265, -0.6181274026343243, 0.7817634703065575], [-0.2957128812427787, 0.7339587435693595, 0.6114396573703591], [-0.9517297417125841, -0.2814659426123022, -0.12242312644703479]], "T": [0.048405996396522974, 0.051979285711709976, -0.1342801384944056], "aligned_model": [[-0.7852459833334174, -0.5615206738665558, 0.2007058388231588, -0.24126348593599578, -0.4178672548715111, 0.2447820850610144, 0.6152146100377232, -0.29270862987954815, 0.7163037690826639, 0.37184026485691735, 0.5313910404595641, -0.372752039152092, 0.17934934372155675, -0.2904032312767333, -0.025781500222200715], [0.2300636747264521, 0.18773978604460048, -0.612425589636509, -0.25849867545215277, -0.5026617483309, -0.5035519107582995, -0.2718022936591079, -0.13106136410283778, 0.41969661198046276, 0.10304820660986805, 0.03389712137912098, 0.6580253230539607, 0.495489740213568, 0.4929319570081497, 0.006153688966638517], [0.10391518602636621, -0.5434107717487793, 0.3720153209846876, -0.8460749469677583, 0.13695052035468028, -0.34885939627557955, 0.021616445759360697, 0.4819927151465032, -0.05157344102364597, 0.5097828378357584, -0.45661169342388175, -0.20231427218911713, -0.3914141260726911, 0.4826633110836913, -0.103495902150059]], "inverted": true, "swapped": true, "error_lsq": 0.044559203509332033, "error_max": 0.2793073763319678, "target": "244.xyz", "model": "1.xyz", "model_rescale": 4.316132596720782, "target_rescale": 4.172697881573959},
{"mapping": [11, 7, 8, 3, 10, 4, 12, 1, 13, 0, 6, 15], "R": [[-0.7441489196424061, -0.6244992036542376, -0.23715634090250035], [0.029691277186302933, -0.3855870339784432, 0.9221936170277656], [-0.6673535895266361, 0.6792079091581091, 0.3054763537215016]], "T": [-0.16156737750447747, 0.14182896619264124, -0.15260959339949115], "aligned_model": [[-0.1285725115659021, 0.42371680525918687, 0.23366897618016091, -0.5480861780655357, -0.7328383728666444, -0.5147044578092081, -0.11716802642673843, -0.10604600551154325, 0.576604804236561, 0.185468226048916, 0.45200312661210174, -0.1262378314595734], [-0.6192299051572838, -0.25613670981328845, -0.4663522529757635, 0.3968199086035294, -0.19800414914903058, -0.09609451762367588, 0.1865396264910601, 0.5556179699177297, 0.09100868230694714, -0.08416491038545537, 0.4457640408237197, 0.05700864470249198], [0.2980869993358349, 0.01686324810178727, -0.42188142848168464, 0.10341463813003987, -0.6477052672928996, 0.45400490691809897, -0.7765105397043022, 0.5097778422043582, -0.5691228603289598, 0.5673509809883512, 0.0780190801487245, -0.16303913880992765]], "inverted": true, "swapped": true, "error_lsq": 0.04732849397824145, "error_max": 0.2549089361918962, "target": "244.xyz", "model": "2.xyz", "model_rescale": 3.795458400668931, "target_rescale": 4.172697881573959},
{"mapping": [4, 11, 0, 13, 3, 14, 7, 10, 8, 12, 1, 15], "R": [[0.9231939347580855, -0.3284958113248843, -0.1995080468750326], [0.0687880373654159, -0.36949128866714465, 0.9266846246239911], [-0.37812850294747463, -0.8692333918695826, -0.31851553449965797]], "T": [0.14358130033625321, 0.14051043360355858, -0.008665093225645286], "aligned_model": [[-0.24190162722909847, -0.2536908940098232, -0.648536601740493, 0.19926865273365335, 0.0734474253508182, 0.3005067003437723, -0.2513935581817134, 0.8476471322595778, 0.2324161528412567, 0.6845608463195201, -0.4891750872808201, 0.1401546843369152], [-0.09136157551748328, -0.6274010656074895, -0.10915987390040394, 0.06579620722848276, 0.40728323303566016, 0.5830509691942005, -0.28296672699491665, -0.16921838329147654, -0.47930128653730114, 0.19199714303737966, 0.542560454677186, 0.05448994996587156], [-0.5976751250373455, -0.19817345325457048, -0.016673702202705407, 0.8353022496490351, -0.4601948088499063, 0.4708581635735846, 0.43214921401593026, -0.31739829039723894, 0.4458074497822583, 0.3042454145875306, -0.23457704882364072, 0.025101367596169183]], "inverted": true, "swapped": true, "error_lsq": 0.04324683528768928, "error_max": 0.22045352504699736, "target": "244.xyz", "model": "3.xyz", "model_rescale": 3.7530521520055578, "target_rescale": 4.172697881573959},
{"mapping": [10, 4, 3, 1, 5, 7, 12, 8, 13, 6, 15], "R": [[-0.22313807987089712, -0.07251705008329573, 0.9720857342635711], [-0.9747843728353278, 0.014352930540469766, -0.22268682013297875], [0.0021963122652065015, -0.9972638922733128, -0.07389117254663424]], "T": [-0.033724142400340315, -0.1108564691526894, -0.048894219628820075], "aligned_model": [[-0.5310079527990614, -0.004719027525638943, 0.3092661465481051, 0.6076877239770094, 0.2984511988752327, -0.34299632795882723, -0.24098529888347298, -0.7062895845946875, -0.2597324781547763, 0.3249111992935163, -0.11638599633219385], [-0.7620121667234719, 0.033828555014322664, -0.3177057163407583, 0.22490861844065127, -0.5474085035769521, 0.5351805054060518, -0.45693096763514285, 0.17956091677525707, 0.222478951951422, 0.42481679711538345, -0.069513632112417], [-0.17404170130269117, -0.775199582906484, -0.39463490519219147, -0.34707822460122645, 0.14236741438928674, 0.08011058889229655, 0.43120784330559037, 0.19993696754097243, 0.6986162497865996, 0.2774027642207199, -0.045856636887556174]], "inverted": true, "swapped": true, "error_lsq": 0.05043036950811308, "error_max": 0.25635160179242106, "target": "244.xyz", "model": "4.xyz", "model_rescale": 3.7855080009869324, "target_rescale": 4.172697881573959},
{"mapping": [3, 5, 7, 4, 0, 6, 10, 9, 14, 1, 11, 2, 13, 15, 8, 16], "R": [[0.4942685853910138, 0.20836218921889796, -0.8439690536977494], [0.5577626528355413, 0.6686553190152211, 0.4917325365018189], [0.6667828646549235, -0.7137823635090471, 0.21427867123447686]], "T": [0.04974362674753448, 0.017722467138405824, 0.06933187867442075], "aligned_model": [[0.6631306506000008, 0.5318786516989858, 0.09993973580804895, -0.21800774210274038, 0.17938260863961253, -0.4505806980275832, 0.6099020048354701, 0.6725300270827835, 0.16383615499868665, -0.30576520659101786, -0.7370043195270918, 0.36299945366184666, -0.4501288654075158, 0.3285650808018518, 0.01251761801563249, 0.07263957447805487], [-0.3005255348453742, -0.35159935491893607, 0.09590124314646037, -0.4232266175260824, -0.7314921242001345, 0.13830269615316643, 0.362889250504151, 0.11211275128059282, 0.13407947245403856, -0.6415328429301006, -0.04385863526479793, -0.4295902963459225, 0.49922989425713765, 0.7377585364280185, 0.6868008260581309, 0.0206673643005384], [0.1392688045575789, -0.4656919096627073, -0.6741315713303364, -0.46064349158131307, -0.10486661104326589, -0.33218156627609785, -0.2437923094572581, 0.4012077486409836, 0.7259454186232306, 0.1793311720999195, 0.16767650313251722, 0.5668937000664318, 0.27704737663159507, 0.3576455314327603, -0.1457454280383058, 0.11784842589298217]], "inverted": false, "swapped": false, "error_lsq": 0.030998813434577617, "error_max": 0.1942579470634695, "target": "244.xyz", "model": "5.xyz", "model_rescale": 4.2253639853439635, "target_rescale": 4.172697881573959},
{"mapping": [5, 1, 7, 13, 6, 11, 8, 12, 4, 3, 0, 9, 10, 15], "R": [[-0.8882224469190569, 0.39982127349937807, -0.22628264194687742], [-0.3258551284252736, -0.8954895374372194, -0.3031780394742062], [-0.323850768206703, -0.1955541807218919, 0.9256777205561977]], "T": [0.16573135216413346, -0.03493399479875632, -0.04412674440233037], "aligned_model": [[0.6585111691114605, -0.22575828176177107, -0.39605250808469195, 0.133950864397225, -0.18464487176675645, -0.5042170553461277, -0.040621404787882315, 0.6586137673611467, -0.24505983642373366, 0.241098490338778, -0.656091564208158, 0.11697645658095888, 0.6927716953551268, 0.1245852319922089], [0.0048155583909973015, 0.2135615716300574, -0.44203334827942925, -0.8782999744087746, -0.4765076412782465, 0.19673584857527054, -0.4763057545379687, -0.3778061717796263, 0.5801259008709019, 0.4122059444815517, 0.022563046730236402, 0.4882719479734596, 0.243860054621943, -0.06608783635538232], [-0.3492286516224526, -0.6750363236539114, 0.175701162466317, 0.0490826849089669, -0.49610472463391087, 0.48589674610302197, 0.556883239869679, 0.13678298823370483, 0.0032700672035061926, -0.3168009826662437, -0.14972672261298603, 0.48663481526498215, 0.53159817028315, 0.03260573978762542]], "inverted": false, "swapped": true, "error_lsq": 0.03851050552820261, "error_max": 0.2704572816133848, "target": "244.xyz", "model": "6.xyz", "model_rescale": 3.89814844738969, "target_rescale": 4.172697881573959},
{"mapping": [7, 11, 4, 13, 1, 9, 8, 6, 12, 10, 3, 5, 15], "R": [[0.603864054920186, -0.31780418872708527, -0.7309915873680557], [-0.5724971214570882, -0.8110284101062324, -0.12033272175059029], [-0.5546127018908769, 0.49115518487345344, -0.6716928876154825]], "T": [-0.031167015998482636, 0.08005052972621605, 0.0910863661080344], "aligned_model": [[-0.055437274974271075, -0.05519142767801881, 0.32534342408589506, -0.35181656719374893, 0.7517817552873725, -0.2749434156868088, -0.551840856447118, 0.37282403968655264, -0.5292808626479905, -0.6737550943488991, 0.2905480704184131, -0.01712516593580031, -0.08247482366135513], [-0.37407318080629315, 0.2815935754314928, 0.5880835460753772, -0.7055961802731885, 0.08640160928282464, 0.6898830123278752, -0.24277744015050867, -0.5183654546917817, -0.09912745993334594, 0.5900837525383705, 0.4570306169971534, 0.15102070320395272, 0.05962416546855723], [-0.477101901933588, -0.770441296775318, -0.31400287596464643, 0.060965193086524774, 0.08762767733072636, -0.26459149619838224, -0.38144336367557324, 0.06417141310768308, 0.42724195525995107, 0.20899945241587975, 0.2764265614300546, 0.6675108708631146, 0.01691284188986912]], "inverted": false, "swapped": true, "error_lsq": 0.05123912292815568, "error_max": 0.3101247941629769, "target": "244.xyz", "model": "7.xyz", "model_rescale": 3.7474275329858107, "target_rescale": 4.172697881573959},
{"mapping": [7, 8, 11, 0, 9, 1, 6, 2, 4, 3, 14, 5, 12, 10, 15], "R": [[-0.6086046469941795, -0.6467895238605585, 0.45963430624935153], [-0.5841053429917509, 0.7572624434878744, 0.29218921946448206], [-0.5370487239958583, -0.09064713733486696, -0.8386666587789302]], "T": [-0.0037587460328011215, 0.02207158604872876, 0.061909446874343396], "aligned_model": [[-0.19887025848763612, 0.1280396196096581, 0.42186908727465955, -0.19242529709141076, 0.7190214590116034, -0.38743650805014257, -0.68646439799776, -0.5306127899013534, 0.3511420481104454, 0.09075332925347819, -0.5200106574807181, -0.11923016739105739, 0.0006628647513528488, 0.6992012977755303, 0.026514092952097543], [-0.0992098250994093, 0.30781792262997365, -0.4524519897937436, -0.6648285241299178, -0.15096368263082643, -0.6134721469958019, -0.12892938960871003, -0.14475035149821208, -0.6280048718316619, -0.2636617213336294, 0.43101308640877944, 0.27638575997488746, 0.6484128217833864, 0.4389116272329088, 0.03284924687156998], [-0.6286538122816935, -0.6449014993736633, -0.5521711740750793, -0.3652010098058326, -0.01209665155633112, 0.31078012718604625, -0.12015256536622267, 0.5936416371885148, 0.0891226579891761, 0.49709850430393737, 0.1909872289646588, 0.5713108608383625, 0.09190681504122077, 0.19992531410501846, -0.02480177746185097]], "inverted": false, "swapped": true, "error_lsq": 0.03633273199068996, "error_max": 0.29765837501228287, "target": "244.xyz", "model": "8.xyz", "model_rescale": 4.019505241142653, "target_rescale": 4.172697881573959},
{"mapping": [5, 9, 3, 2, 14, 6, 0, 12, 13, 8, 11, 7, 15], "R": [[-0.7881287326030463, -0.46189735232662965, 0.4068217505974393], [-0.5983217295996248, 0.7300268979989738, -0.33026025508212353], [-0.14444448322601067, -0.5036978897232399, -0.8517183966276209]], "T": [-0.0866056467218256, -0.1127378506777492, -0.09573094743887556], "aligned_model": [[-0.09661791903015475, -0.7355023035259081, -0.16622800867872306, 0.3943885646272845, 0.3019563367813428, 0.6296889550464966, 0.306074574288083, -0.23830104264007324, 0.320942104923691, -0.19179974017011353, -0.3125181781369051, 0.21517381521965162, -0.10755638696349575], [-0.6187373821864213, 0.25387696393537895, -0.08951266612990143, -0.3981562051524055, -0.6450902651984818, -0.07156770067278968, 0.6190280262076621, -0.6322612846841751, -0.36291882505515144, 0.06736752265095992, 0.7069992556673673, 0.3017657561821697, -0.06741496745015327], [-0.3809736112797017, -0.1442699844156638, -0.6183076798984848, -0.6204449611468141, 0.03088165994973141, -0.01051392800254733, -0.10881209842303295, 0.2209812952923782, 0.6058946527690016, 0.6493192179817805, 0.15007647753548137, 0.4207680497809977, -0.017895596099247152]], "inverted": true, "swapped": true, "error_lsq": 0.044345474163232715, "error_max": 0.2126411121377282, "target": "244.xyz", "model": "9.xyz", "model_rescale": 3.877068213659057, "target_rescale": 4.172697881573959},
{"mapping": [5, 1, 7, 8, 0, 9, 4, 3, 6, 11, 10, 12, 14, 13, 2, 15], "R": [[-0.2606181000484248, 0.936323594362349, 0.2353217639053402], [0.3929037424885296, 0.32551137730031365, -0.8600401109172526], [-0.8818757594274018, -0.13168321794528065, -0.4527192011014324]], "T": [0.09765394834712829, 0.04275613701758453, 0.0740737404748551], "aligned_model": [[0.7474463659450624, 0.6184502933753369, 0.31032186228407177, -0.24522064627221737, 0.16624985759726804, -0.4957814720045055, 0.6176988640888766, 0.6494249452839184, 0.11190466037490801, -0.34965078567650376, -0.4941677131194835, 0.2317897950844789, -0.4808304918001307, 0.10306503822680105, -0.06019002063558243, 0.10532417621272669], [-0.39130430398570115, -0.3862343963380964, 0.13957247296455944, -0.26491413278395526, -0.7404781663484354, 0.18135706427283738, 0.3614364436599491, 0.14711119151047408, 0.10881815598219129, -0.5403834639789172, -0.03293063299972769, -0.5209958909792046, 0.5308385453835888, 0.7593828917684193, 0.5611063649711185, -0.04646551454821371], [0.09296262161680524, -0.47149467824080166, -0.7080295294916628, -0.5448761389604388, -0.05084488463238049, -0.1794405367083381, -0.21933182783368488, 0.3697426977047134, 0.6870478851023989, 0.14131923797017212, 0.45777859231168533, 0.5456524096946276, 0.26552311182336324, 0.36399667927975904, -0.3090106896261468, 0.06481684367864339]], "inverted": true, "swapped": false, "error_lsq": 0.042423081849381795, "error_max": 0.3061674478091935, "target": "244.xyz", "model": "10.xyz", "model_rescale": 4.260839863003843, "target_rescale": 4.172697881573959},
{"mapping": [6, 13, 8, 7, 9, 4, 1, 14, 12, 10, 3, 15], "R": [[-0.0311452229203924, 0.7148632451443444, -0.6985703370677404], [-0.06897963627184728, -0.6987803196303464, -0.7120027209759208], [-0.9971317790889241, 0.026011644296513425, 0.07107467546143947]], "T": [0.03200876404725539, 0.10219067855179825, 0.007812479231088132], "aligned_model": [[0.40235568698820945, 0.29736473355457804, -0.3473104260453892, -0.23331499000743583, -0.6218547355634741, -0.4557248945932595, 0.2332879959818728, 0.6414440025519458, 0.2673728353318805, -0.2830267641866772, 0.09224216532551877, -0.03393696024363908], [-0.03336381206674524, -0.67135672432371, -0.5679949264485644, -0.3274915612039373, 0.291635659041374, 0.6333724673511478, 0.6547457820612572, -0.1788206411932471, -0.3126508869106292, 0.025132719987966345, 0.6206276690541688, 0.03924276018385328], [-0.5975824455219994, -0.2206055533981053, -0.06683133276552611, -0.5162407396804314, 0.3150623040643687, -0.16323230762330176, -0.5091310433853429, 0.002192082128461774, 0.4149156182922998, 0.7705519561858458, 0.09476416281648875, -0.007684623717253472]], "inverted": false, "swapped": true, "error_lsq": 0.05011061061510891, "error_max": 0.2874867845754435, "target": "244.xyz", "model": "11.xyz", "model_rescale": 3.890672605050136, "target_rescale": 4.172697881573959},
{"mapping": [7, 13, 14, 0, 6, 9, 8, 4, 11, 10, 5, 12, 3, 15], "R": [[-0.8179035949736589, -0.16667744227987258, 0.550683520331056], [0.4728817682738503, -0.7399538995181535, 0.47838379970696654], [0.3277446301060652, 0.6516800264109054, 0.6840296781673441]], "T": [0.10381888966853686, 0.09096726778154175, 0.20511948340251263], "aligned_model": [[0.3283453350628467, 0.2554344364704544, 0.33853588613395114, 0.6146192318376464, 0.7660727100884543, -0.4287165497141892, -0.16106510992105233, 0.13238647458138333, -0.023099706275337445, -0.7123798093537548, 0.07646531129215922, -0.22070786030799783, 0.1723329317643446, 0.07165255313478495], [-0.31952401471625713, 0.3308461895562692, 0.6638295616072166, -0.561344864330257, 0.1590570612192289, -0.3699513183824158, -0.17972767772409814, -0.49173488419097566, -0.7755990709537823, 0.17388593656232454, 0.6151622870261778, 0.5432105337420665, 0.10899235100977996, 0.035050429402487454], [-0.3523211683180205, -0.5951523463746925, -0.05400786849757694, 0.14662107490265835, -0.07562690667992211, 0.45369420928194115, -0.4695391006463001, 0.662215347321502, 0.07713067093654125, 0.32302198895187223, 0.45405825560946567, -0.08363846586210855, 0.7294728885019244, 0.13886185622957678]], "inverted": true, "swapped": true, "error_lsq": 0.042131083388458876, "error_max": 0.2633973244688282, "target": "244.xyz", "model": "12.xyz", "model_rescale": 4.124412569039231, "target_rescale": 4.172697881573959},
{"mapping": [8, 11, 0, 10, 7, 13, 9, 14, 4, 5, 6, 1, 15], "R": [[-0.9110063362230854, -0.26581221324306076, 0.31529561153339297], [-0.1830565305180878, 0.9457530515205657, 0.2684054250089193], [-0.3695372268068145, 0.18680212212489397, -0.9102456839631622]], "T": [0.016495901516785566, 0.07455331157681089, -0.16874514798793788], "aligned_model": [[-0.0432569181451444, -0.0007858088163303079, 0.5777272725647622, -0.8066465610101146, 0.40968777721118155, 0.34750649684821666, -0.5216450133737389, 0.2612037457037695, -0.024542476067964676, -0.11726119035248861, 0.7205157090097596, 0.5576499208432056, 0.007145353094644206], [-0.28359119011952805, 0.5322761760528858, 0.5319325034268643, -0.0069464384578945965, -0.036410114059743134, -0.6542165031055097, 0.4872568159622364, -0.4612775912927649, 0.8001731859142269, -0.08998428067673442, -0.08533594036451511, 0.5557893037399659, 0.05781944948898791], [0.5144573170535442, 0.5886304572210874, 0.23828531041970558, -0.11629421985214272, 0.4335359864813629, 0.11461101599130863, 0.1441597973305182, -0.4903249594547741, -0.023534324821182867, -0.7096107226632566, -0.19749259912157371, -0.4664452057830733, -0.0782797718336846]], "inverted": true, "swapped": true, "error_lsq": 0.046016430552366434, "error_max": 0.28841835884037526, "target": "244.xyz", "model": "13.xyz", "model_rescale": 3.9028299243045295, "target_rescale": 4.172697881573959},
{"mapping": [1, 2, 0, 3, 6, 4, 8, 12, 14, 9, 7, 11, 10, 13, 5, 15], "R": [[-0.5205688462898044, -0.46375706138860906, 0.7168943187700013], [-0.8479543593695107, 0.37905481632068083, -0.37052780010457764], [-0.09990736058341751, -0.8007788922269974, -0.5905689503055152]], "T": [0.1372385532421112, -0.013741506070267952, -0.030110983595501628], "aligned_model": [[0.5202984438544451, 0.6258049986443343, 0.09558819420814058, -0.17927037637522858, 0.009573557842640745, -0.35584937439323144, 0.6386229301978862, 0.6998209503225422, -0.011071726779144642, -0.23495849099013566, -0.7188552896339915, 0.4131603920848758, -0.43493529745621606, 0.23408299139962846, 0.17482931582786465, 0.05899351021061591], [-0.5148514226796894, -0.27529839241441545, 0.16751329169504284, -0.2964418463866261, -0.6678781806914044, 0.31670294150686756, 0.42246983365686214, 0.2423671222154344, 0.11287373628505534, -0.46528600157204586, -0.25390873816771087, -0.28967202306410833, 0.32907369445153584, 0.616017464063485, 0.49511142451726825, -0.07287627486466469], [0.12594262072869025, -0.5149208362065802, -0.8379651505861327, -0.4868297814302877, -0.04477802537262114, -0.357271550547623, -0.4236088021355228, 0.2894976927162318, 0.8330363352477375, 0.4782416354697356, 0.1432412262359577, 0.5972534854167828, 0.30222532937257895, 0.4459942002969484, -0.07203309298720834, 0.027786507470027866]], "inverted": true, "swapped": false, "error_lsq": 0.04996902781674246, "error_max": 0.2976321459408469, "target": "244.xyz", "model": "14.xyz", "model_rescale": 3.942246331269136, "target_rescale": 4.172697881573959},
{"mapping": [3, 4, 1, 11, 8, 0, 14, 2, 5, 6, 13, 12, 9, 10, 15], "R": [[0.5767728288038657, 0.4494035770779149, 0.6821799827488059], [0.15150334005084581, 0.7617454644535048, -0.6299131569811445], [-0.8027327337956417, 0.4666693393550607, 0.3712679434032607]], "T": [-0.10131816516920782, 0.010598385719858164, 0.018728493418678903], "aligned_model": [[-0.5917743677068228, -0.37468400008425506, -0.33388254802340644, 0.22936665525993138, 0.5654806522790995, 0.21538319253741633, 0.031908496632835556, -0.45284076205289236, -0.4818466740098512, 0.26006489079713774, 0.6197498943199377, -0.0034568948108078673, -0.3052964599073883, -0.374812164105465, -0.029065874593259294], [0.005453895563035275, -0.48726640993510717, 0.24674510435531288, -0.738019520356709, -0.28478293912312735, -0.19483949492525432, 0.6352347843653535, 0.6214564865291629, 0.38144430775731125, 0.49282798057575933, 0.38372031044009847, 0.20865875954805824, -0.7020365740454027, -0.4250928698994122, -0.0453591309674284], [-0.17974522938221757, -0.45739785449922543, -0.6906441958659988, -0.3183849382052219, 0.27705522795300713, -0.7210996611416632, 0.22486021512104495, -0.2836423205823876, 0.25361251762315695, -0.3798838281182004, 0.2673347193190522, 0.6055998561578719, 0.11023587570031074, 0.6685984689181117, 0.03286362736287534]], "inverted": false, "swapped": true, "error_lsq": 0.03813673846915019, "error_max": 0.24373605359026565, "target": "244.xyz", "model": "15.xyz", "model_rescale": 4.355366556412066, "target_rescale": 4.172697881573959},
{"mapping": [11, 7, 8, 3, 10, 4, 12, 1, 13, 0, 6, 15], "R": [[-0.7441489196424061, -0.6244992036542376, -0.23715634090250035], [0.029691277186302933, -0.3855870339784432, 0.9221936170277656], [-0.6673535895266361, 0.6792079091581091, 0.3054763537215016]], "T": [-0.16156737750447747, 0.14182896619264124, -0.15260959339949115], "aligned_model": [[-0.1285725115659021, 0.42371680525918687, 0.23366897618016091, -0.5480861780655357, -0.7328383728666444, -0.5147044578092081, -0.11716802642673843, -0.10604600551154325, 0.576604804236561, 0.185468226048916, 0.45200312661210174, -0.1262378314595734], [-0.6192299051572838, -0.25613670981328845, -0.4663522529757635, 0.3968199086035294, -0.19800414914903058, -0.09609451762367588, 0.1865396264910601, 0.5556179699177297, 0.09100868230694714, -0.08416491038545537, 0.4457640408237197, 0.05700864470249198], [0.2980869993358349, 0.01686324810178727, -0.42188142848168464, 0.10341463813003987, -0.6477052672928996, 0.45400490691809897, -0.7765105397043022, 0.5097778422043582, -0.5691228603289598, 0.5673509809883512, 0.0780190801487245, -0.16303913880992765]], "inverted": true, "swapped": true, "error_lsq": 0.04732849397824145, "error_max": 0.2549089361918962, "target": "244.xyz", "model": "16.xyz", "model_rescale": 3.795458400668931, "target_rescale": 4.172697881573959},
{"mapping": [7, 11, 4, 13, 1, 9, 8, 6, 12, 10, 3, 5, 15], "R": [[0.603864054920186, -0.31780418872708527, -0.7309915873680557], [-0.5724971214570882, -0.8110284101062324, -0.12033272175059029], [-0.5546127018908769, 0.49115518487345344, -0.6716928876154825]], "T": [-0.031167015998482636, 0.08005052972621605, 0.0910863661080344], "aligned_model": [[-0.055437274974271075, -0.05519142767801881, 0.32534342408589506, -0.35181656719374893, 0.7517817552873725, -0.2749434156868088, -0.551840856447118, 0.37282403968655264, -0.5292808626479905, -0.6737550943488991, 0.2905480704184131, -0.01712516593580031, -0.08247482366135513], [-0.37407318080629315, 0.2815935754314928, 0.5880835460753772, -0.7055961802731885, 0.08640160928282464, 0.6898830123278752, -0.24277744015050867, -0.5183654546917817, -0.09912745993334594, 0.5900837525383705, 0.4570306169971534, 0.15102070320395272, 0.05962416546855723], [-0.477101901933588, -0.770441296775318, -0.31400287596464643, 0.060965193086524774, 0.08762767733072636, -0.26459149619838224, -0.38144336367557324, 0.06417141310768308, 0.42724195525995107, 0.20899945241587975, 0.2764265614300546, 0.6675108708631146, 0.01691284188986912]], "inverted": false, "swapped": true, "error_lsq": 0.05123912292815568, "error_max": 0.3101247941629769, "target": "244.xyz", "model": "17.xyz", "model_rescale": 3.7474275329858107, "target_rescale": 4.172697881573959},
{"mapping": [14, 8, 12, 7, 2, 1, 5, 9, 6, 3, 0, 11, 4, 15], "R": [[0.8662978691916723, -0.4701588114877277, 0.16875631488751963], [0.4504682204943861, 0.5892831125294711, -0.6706890453945107], [0.2158851179646007, 0.6570358477800327, 0.7222863078955494]], "T": [0.17556747674898646, -0.0025508514301243457, 0.012096698714196705], "aligned_model": [[0.505595851584095, 0.02823795476984145, 0.7021831843462748, -0.34099035242571696, 0.26326978224888953, -0.2564117828080569, 0.6528295706197795, 0.09840207189566327, -0.14925097518522387, 0.20261516670092755, -0.6511212602971037, -0.49457131352092965, -0.28575535473483016, 0.13981510468926592], [-0.5292248778625606, 0.3169377468590754, 0.0017426839576362707, -0.0076326719539082655, -0.6544044784843173, -0.4469008169750296, -0.24663226871369467, 0.7114464338886329, -0.6136892244274991, -0.031410881664240276, -0.07906893963563184, 0.5655236749354015, 0.32379981366491556, 0.049922047922453444], [-0.24109493287115913, -0.6769784345682536, -0.3283151083462592, -0.5005410701803575, 0.40648105325955963, 0.49064461128974324, 0.23602593809506034, 0.21723740278639114, -0.19535869530742606, 0.5397339719921451, 0.03619826040323501, -0.09575514323630265, 0.49164963862467415, -0.055132773279395406]], "inverted": true, "swapped": true, "error_lsq": 0.036970438930510004, "error_max": 0.23408741453317708, "target": "244.xyz", "model": "18.xyz", "model_rescale": 3.922800546911778, "target_rescale": 4.172697881573959},
{"mapping": [4, 0, 1, 3, 13, 9, 7, 5, 8, 2, 6, 14, 10, 12, 15], "R": [[0.24958745928639445, 0.5807850950909612, -0.7748514525295448], [-0.5809724394531963, -0.5503537892503945, -0.5996513414089347], [-0.7747109943474176, 0.5998327933498763, 0.20005872952540654]], "T": [0.03266017942310932, 0.10752753458924827, 0.0406220974421363], "aligned_model": [[-0.31231658440398957, -0.04488152202459013, 0.44400536614274194, 0.13137962719438379, 0.25086990016365035, -0.6520330443246026, -0.12295953699654773, 0.3878296280127958, -0.3918506128139572, 0.7332322024288576, 0.5414298195050824, 0.5763038271104088, -0.4964327967366133, 0.08499828092830149, -0.0335237172983036], [0.4492875453281233, -0.1701793647097322, 0.31681905317696035, 0.5970761803259693, -0.658987816670481, 0.40087220215273434, -0.5437008986787201, 0.43370894356589595, -0.5187228485043135, 0.38090085081658764, -0.3080174399065301, -0.1081687275255766, 0.42661248444880717, -0.022841243670403216, 0.04295258488525733], [-0.5192758049580678, -0.7382978815516481, -0.5918755506226313, -0.1341982821424988, 0.33354342943472953, -0.013907041392080134, -0.244578409996959, 0.3645966334558316, 0.20250025143782852, -0.10974324151724005, -0.26022787459981755, 0.3697679123306927, 0.5930732175282893, 0.6517582861156607, 0.039523523641239205]], "inverted": false, "swapped": true, "error_lsq": 0.037293927641631724, "error_max": 0.22206838442122423, "target": "244.xyz", "model": "19.xyz", "model_rescale": 3.9282355846067225, "target_rescale": 4.172697881573959},
{"mapping": [5, 12, 8, 14, 2, 13, 6, 7, 1, 4, 9, 3, 11, 15], "R": [[-0.44757578335407505, 0.14295828504900993, -0.882745063362482], [-0.8485843297015709, 0.24350642212962564, 0.4696905979116085], [0.2821002544130753, 0.9593057651851545, 0.012324582857184907]], "T": [-0.08531924231685625, -0.18849324869919531, 0.08630489716122544], "aligned_model": [[-0.6327837767066338, -0.18335021049461717, 0.5965161217797248, -0.37250955451111967, -0.7002212265421315, 0.24148382014617906, -0.046414507636354047, 0.5524633223884002, -0.341770342210282, 0.04113695949086668, 0.1688467327120098, -0.45319415742760216, 0.6580936374950928, 0.004226000601143226], [-0.3502121017217884, -0.7041355307227017, -0.4697050730385363, -0.23108829016480453, 0.22957423543499328, -0.29731912818195977, 0.3346027744653218, 0.05023388705311313, 0.5415988001776524, 0.13772082661267881, -0.45961391903566967, -0.026589190327711926, -0.02092757492616193, -0.2112576281995891], [-0.02153176136092741, -0.2568068959736147, -0.14741274853684802, -0.5187716662950173, -0.10146888457998907, -0.6897884342096803, -0.4105772320650013, -0.17040126305350092, 0.20571809043517597, 0.7396713637982775, 0.7341648904235771, 0.43042797651531894, 0.5365112061404006, 0.08244851600551115]], "inverted": true, "swapped": true, "error_lsq": 0.04362912413005062, "error_max": 0.24376090988628346, "target": "244.xyz", "model": "20.xyz", "model_rescale": 4.067790424073018, "target_rescale": 4.172697881573959},
{"mapping": [4, 6, 9, 10, 11, 7, 8, 1, 0, 2, 14, 12, 5, 13, 15], "R": [[0.47915092497630785, -0.11636552401826938, 0.8699847446445841], [-0.8691165554640894, -0.2014373716332143, 0.4517293418937258], [0.1226817187383068, -0.9725646765791238, -0.19765410635238292]], "T": [0.15567021179214022, -0.04182498997101808, -0.0012640557772651152], "aligned_model": [[0.04313346928051817, 0.08601453938462783, -0.06892863293522428, 0.20885256125359766, -0.5760333206928376, -0.49659331699451625, -0.5261367239931269, 0.39676286416685613, -0.3049029715448678, 0.7525647123742337, 0.4229828628701039, 0.2554220383236792, 0.7031842903991481, -0.19455383248074934, 0.06667541449607252], [-0.03571010197094269, 0.6428718874396238, -0.5762353692799353, -0.8688950226744294, -0.11444924423104294, 0.259702642922958, -0.22022482302298488, 0.5739269837415695, 0.5016614046079837, 0.43969424062434265, 0.19279503581268692, -0.35393669270596756, -0.11968622804651297, 0.1834918746964521, -0.06411144798595304], [-0.7337888835903719, 0.2186749165333638, -0.47221016421219, 0.007880420293703642, -0.49397324361948364, 0.11401245308225293, 0.31797925844209735, -0.42053117473318796, -0.4282828525013302, -0.0014884339685529591, 0.5678647966758822, 0.5333933994592591, 0.17668287477016686, 0.7386951336300751, 0.010341073359456731]], "inverted": true, "swapped": true, "error_lsq": 0.04366232594832366, "error_max": 0.3277982258723781, "target": "244.xyz", "model": "21.xyz", "model_rescale": 4.186013935880536, "target_rescale": 4.172697881573959},
{"mapping": [11, 4, 9, 13, 6, 8, 7, 1, 10, 3, 2, 12, 15], "R": [[0.45025367255172255, -0.39030298652191564, -0.8030785821236672], [0.8897530076917624, 0.27157382717996825, 0.3668613385112792], [0.07490804801320697, -0.8797222488393129, 0.46955036922565935]], "T": [-0.0032151715986306053, 0.05776545326905826, 0.09547558673156752], "aligned_model": [[0.07351277649005877, -0.39291059450884186, 0.17649298678134873, 0.43702848746439604, -0.3046881641252024, 0.605077622594654, 0.14690541951213942, -0.7734828016365565, 0.5376104386342405, -0.3962059648978053, -0.589749404938732, 0.4813200458570893, 0.057663188196436496], [-0.3044104425825727, 0.1400105785631882, 0.3584875466261825, -0.5098032810587276, -0.4954547645290962, -0.3834381886530851, -0.6337968755213728, -0.08254877554318751, 0.6414052441902254, 0.40306169564451744, 0.1650306699541886, 0.21406010133451334, 0.0063531511213198374], [-0.7084946415655544, -0.5295586126217056, -0.5641459198876095, 0.5482618775434237, 0.44916514492055054, -0.08870561393449168, -0.07440864267544135, 0.1032712590056281, -0.13653535374886333, 0.01613888392314268, 0.5777780136521662, 0.461563475566636, 0.048549691157464304]], "inverted": true, "swapped": true, "error_lsq": 0.05527715762253752, "error_max": 0.2742697413569236, "target": "244.xyz", "model": "22.xyz", "model_rescale": 4.166573947596378, "target_rescale": 4.172697881573959},
{"mapping": [13, 5, 1, 6, 12, 2, 7, 10, 9, 12, 11, 14, 3, 8, 4, 15], "R": [[-0.7396918446302425, 0.3696225116966872, 0.5623479117366237], [-0.5483269251289286, -0.8154897668140524, -0.18524044752757662], [0.39011992792750727, -0.44537134962702174, 0.8058851051888487]], "T": [0.06811460102481534, 0.05990855253700396, 0.05934289229290974], "aligned_model": [[0.7664097155361173, 0.6497990283854237, 0.07576880324815652, -0.12545186996110785, -0.18877476976026555, -0.4418710957873875, 0.7433251392843271, 0.7419576396432901, -0.021135143536351014, -0.18877476976026555, -0.6061574027644344, 0.34537116654696787, -0.4187584956886975, 0.24403634482415784, -0.1245936129569486, 0.08468405171204316], [-0.41804838513233816, -0.16699971239441508, 0.14173090989643822, -0.4074694330265845, -0.5332899612940301, 0.11613683167219845, 0.2523804831722958, -0.04283503525008038, 0.15978203625489135, -0.5332899612940301, -0.15278403915402816, -0.5094280846248177, 0.39000964801195653, 0.8017569601199085, 0.711014813995554, 0.05724955759796815], [0.031879504316610414, -0.48949027677882145, -0.6487147154563542, -0.5091617003775818, 0.16660299482649196, -0.37604453157410817, -0.07643240955186428, 0.369698410333329, 0.6445855228555795, 0.16660299482649196, 0.40893187062630276, 0.5336448569529504, 0.18349806326413814, 0.3291421147649051, -0.22133075078392578, -0.007600154555428361]], "inverted": false, "swapped": false, "error_lsq": 0.04729076077362084, "error_max": 0.44430419201552457, "target": "244.xyz", "model": "23.xyz", "model_rescale": 4.274766983524099, "target_rescale": 4.172697881573959},
{"mapping": [3, 9, 10, 12, 8, 13, 6, 7, 0, 11, 15], "R": [[-0.4665664852271258, 0.7815062412017519, 0.414202498574689], [0.35964241504764266, 0.5954604238573874, -0.7183900172735418], [-0.8080674774803807, -0.18621191847540158, -0.5588846690115995]], "T": [-0.02261994011140349, -0.052187456969007784, -0.17226548140915124], "aligned_model": [[0.3348308015607167, 0.15797698064999183, -0.38833104587946815, -0.6346215615448996, -0.4185750692271083, -0.6059764224851637, 0.07439161669969159, -0.024962353358146824, 0.5767413206472287, 0.35525484071436814, -0.0468344038191357], [-0.10970295922335735, 0.654698077209783, 0.5425824323279043, -0.07809890638536524, 0.31327567779939514, -0.33076995477170007, -0.6206092105987133, 0.014693342939262721, -0.0554052012333489, 0.5783485363189265, 0.006574696860697039], [-0.5581236228387703, -0.3320369600786422, -0.6188760373037846, -0.30644949115844633, 0.38294594196382425, 0.37823536243155687, 0.26307386441327696, 0.5524253282348762, 0.4027179064213219, 0.3207473954269735, -0.10509325349060847]], "inverted": true, "swapped": true, "error_lsq": 0.052669597429201735, "error_max": 0.27871788130117087, "target": "244.xyz", "model": "24.xyz", "model_rescale": 3.7841303162186577, "target_rescale": 4.172697881573959},
{"mapping": [5, 12, 14, 9, 2, 10, 13, 3, 6, 8, 0, 4, 7, 11, 11, 15], "R": [[0.019354064880545863, 0.3387006557890293, -0.9406951078541237], [-0.7898982011333995, -0.5716187550254338, -0.2220649246265446], [-0.6129325020088423, 0.747351232467877, 0.2564758922587579]], "T": [-0.03208353393035747, -0.06800509946794482, 0.05027636207775975], "aligned_model": [[0.7293588738787277, 0.5534217041434617, 0.12198526901644145, -0.04387648020796327, 0.19406509437757785, -0.5143728636757195, 0.5364565692454272, 0.6899266097530072, 0.17852174372419893, -0.3481960912521784, -0.7030878847261592, 0.31311791283493884, -0.43859371008336234, 0.13329296752733527, 0.13329296752733527, 0.0005220468819562146], [-0.5002118618079259, -0.25054668393611523, 0.07937863711726877, -0.3383243692200706, -0.7812345475354876, 0.31658367371677176, 0.36901832897708925, 0.11395582548675083, 0.22240724943151957, -0.5624006370749375, -0.08404290907232999, -0.4287254018397158, 0.3909951877434867, 0.6790259553230675, 0.6790259553230675, -0.038987774081553406], [0.10263588481410009, -0.39585600903658325, -0.7138177423748805, -0.4683074087297102, -0.04434699788651901, -0.4237949228902742, -0.2624098565857065, 0.35783686318463126, 0.677438651181443, 0.12171645681883816, 0.3516497172832115, 0.6047321019401221, 0.2667798796568875, 0.11370179156883391, 0.11370179156883391, 0.10415159317548725]], "inverted": true, "swapped": false, "error_lsq": 0.043165245050648456, "error_max": 0.36586452977503503, "target": "244.xyz", "model": "25.xyz", "model_rescale": 4.19342608120988, "target_rescale": 4.172697881573959},
{"mapping": [11, 7, 8, 3, 10, 4, 12, 1, 13, 0, 6, 15], "R": [[-0.7441489196424061, -0.6244992036542376, -0.23715634090250035], [0.029691277186302933, -0.3855870339784432, 0.9221936170277656], [-0.6673535895266361, 0.6792079091581091, 0.3054763537215016]], "T": [-0.16156737750447747, 0.14182896619264124, -0.15260959339949115], "aligned_model": [[-0.1285725115659021, 0.42371680525918687, 0.23366897618016091, -0.5480861780655357, -0.7328383728666444, -0.5147044578092081, -0.11716802642673843, -0.10604600551154325, 0.576604804236561, 0.185468226048916, 0.45200312661210174, -0.1262378314595734], [-0.6192299051572838, -0.25613670981328845, -0.4663522529757635, 0.3968199086035294, -0.19800414914903058, -0.09609451762367588, 0.1865396264910601, 0.5556179699177297, 0.09100868230694714, -0.08416491038545537, 0.4457640408237197, 0.05700864470249198], [0.2980869993358349, 0.01686324810178727, -0.42188142848168464, 0.10341463813003987, -0.6477052672928996, 0.45400490691809897, -0.7765105397043022, 0.5097778422043582, -0.5691228603289598, 0.5673509809883512, 0.0780190801487245, -0.16303913880992765]], "inverted": true, "swapped": true, "error_lsq": 0.04732849397824145, "error_max": 0.2549089361918962, "target": "244.xyz", "model": "26.xyz", "model_rescale": 3.795458400668931, "target_rescale": 4.172697881573959},
