[{"mapping": [11, 8, 9, 10, 0, 1, 12, 3, 2, 7, 5, 13], "R": [[-0.44846816342258516, 0.35965372321603367, -0.818245382372072], [-0.4697436800319194, 0.6840009597208938, 0.5581071242789918], [0.7604059320300199, 0.634658874103042, -0.13780759070463386]], "T": [0.13104033715527494, -0.052976878991287654, -0.052125158086717985], "aligned_model": [[0.32197193270748214, 0.40625384216415317, -0.5667258867276428, -0.34679159816609395, -0.4264693647323822, 0.14609968015695698, -0.24398433477476347, 0.37682077762351696, -0.10097335003898328, -0.17806623569167432, 0.8375753946806017, 0.07218883322783409], [0.2358093739497681, 0.6557481492991792, 0.16369984009321537, 0.21692650029222393, -0.43922403890296297, -0.6298324267857704, -0.33787165598438823, -0.1608993071795668, 0.08238670878933906, 0.6274231194172608, -0.1851690895394254, 0.08406518968803996], [0.5538529494183583, 0.12827853521833926, 0.0018810265514868085, 0.793012541983514, -0.42010409544852834, -0.044708515311401895, 0.28449223519447364, -0.5006171093800662, -0.7726142929578729, 0.061468201155492744, 0.1839568031040466, 0.013417455173420537]], "inverted": false, "swapped": false, "error_lsq": 0.04385008434266469, "error_max": 0.22192570031358125, "target": "245.xyz", "model": "0.xyz", "model_rescale": 3.8414455957264533, "target_rescale": 3.7315057239541467},
{"mapping": [0, 1, 8, 13, 6, 2, 9, 5, 10, 12, 4, 14], "R": [[0.7344911894416303, 0.5827184418612205, 0.3477957879955572], [0.28458555257405993, -0.7297516955400387, 0.6216699495090265], [0.6160631103212852, -0.3576334441453569, -0.70182944062642]], "T": [0.07098766238130422, 0.008667539795602183, 0.08472020195650955], "aligned_model": [[0.4299349905039443, 0.6561355841045444, -0.6986384687508942, -0.37550106110671916, -0.22913878344838534, 0.3180487139985031, -0.3659727149161119, 0.2878648270850097, -0.09732648114601711, -0.3193499158963479, 0.5796741914646828, 0.11216880853679656], [0.16402728558016572, 0.6437874769344518, 0.15462025266732554, 0.2736312701643673, -0.4878617972538295, -0.659858424272461, -0.4046784781104118, -0.17134489812101683, 0.24883952872067644, 0.6405689050467558, -0.16740992151955392, 0.07874116330044274], [0.695078731454165, 0.03254294330431247, -0.018603664523792945, 0.6372498772015894, -0.4381659307210868, -0.10669191824255463, 0.4067766848081705, -0.5110000365849477, -0.5336397783420445, -0.0902848935268472, 0.1625146593047398, 0.046539060569559185]], "inverted": true, "swapped": false, "error_lsq": 0.04014124816109763, "error_max": 0.20019290813630403, "target": "245.xyz", "model": "1.xyz", "model_rescale": 4.316132596720782, "target_rescale": 3.7315057239541467},
{"mapping": [5, 7, 1, 9, 2, 4, 0, 6, 8, 10, 3, 11], "R": [[0.7568137776250156, -0.6455837632613115, 0.10224730123732784], [-0.5394650691051512, -0.7052629528045035, -0.45998000675773676], [0.36906685737455247, 0.2929603591184925, -0.8820226089918762]], "T": [-0.005920368915939202, 0.06452916288214491, 0.0519491398066501], "aligned_model": [[0.227275404309709, 0.5204725272328865, -0.5438687985056414, -0.28275890622244065, -0.4660862141015021, 0.31384661107781825, -0.2879695382031478, 0.44686905558193696, -0.3712376494754596, 0.023089142503791724, 0.648729577386001, 0.06953847884505279], [-0.08739269570781441, 0.6822878326475263, 0.13669350284488743, 0.48550831748208667, -0.5222252352951523, -0.62641536435446, -0.4600863560594223, -0.07028321468275203, 0.15183066649501648, 0.5729189062965928, 0.06267076453434343, -0.012444761063939935], [0.6335842162500012, 0.42844065975565904, 0.052977995735520034, 0.596089269631981, -0.32843497249203196, -0.06918908671247816, 0.43813676516058453, -0.6210317833387926, -0.6158516147634688, -0.31944568464230444, 0.10141633096967399, -0.014376360853081041]], "inverted": true, "swapped": false, "error_lsq": 0.05813822880197134, "error_max": 0.32495670038344765, "target": "245.xyz", "model": "2.xyz", "model_rescale": 3.795458400668931, "target_rescale": 3.7315057239541467},
{"mapping": [0, 2, 8, 1, 9, 4, 7, 5, 3, 6, 10, 11], "R": [[0.6349509272746232, -0.7046604293991109, 0.31668754189604204], [0.7566536834140715, 0.4844975115587707, -0.4390186381798355], [0.15592473610371937, 0.5183780864701171, 0.8408160536874673]], "T": [0.06935881531289845, 0.04176327348206016, 0.08320144557816189], "aligned_model": [[0.3059241395779955, 0.4530369252567913, -0.653580485028031, -0.19431923358942405, -0.3985603675753489, 0.425490757577754, -0.40495133729417987, 0.2961287382902123, -0.2731482705177611, -0.13333218190930304, 0.7961266956013652, 0.0790843100389344], [-0.16771448539244477, 0.6971872736568225, 0.2796392621760859, 0.3942855147630761, -0.4534813326704323, -0.48969154195058956, -0.48331077255560134, -0.1719718521858777, 0.19760835886445327, 0.5301541752844421, 0.0330349815949844, -0.05267721844800663], [0.7989974081736527, 0.187775817963434, -0.09382035832390734, 0.5331689976182231, -0.45562975356432545, 0.12419598394251469, 0.37065478427413534, -0.5466535485576299, -0.6206957280586649, -0.17696577622856297, -0.020447001115004, 0.1817349085773972]], "inverted": true, "swapped": false, "error_lsq": 0.057444296932036586, "error_max": 0.36909855354454957, "target": "245.xyz", "model": "3.xyz", "model_rescale": 3.7530521520055578, "target_rescale": 3.7315057239541467},
{"mapping": [1, 7, 10, 5, 0, 4, 3, 9, 2, 6, 11], "R": [[-0.27927324233784157, 0.794845962789801, -0.5387266018592951], [0.5657286099508501, 0.5895360169434006, 0.5765400459721679], [0.7758592630092058, -0.14376084363714847, -0.6143087365808394]], "T": [-0.11440391710868071, 0.0329821868544245, -0.010562534017153546], "aligned_model": [[-0.3972520668609908, -0.14087214938116305, 0.21674394855748114, 0.48094032187287716, 0.24837280868712808, -0.11267580740231582, -0.0433827899649747, -0.7451074276000258, -0.4158572907558304, 0.3116141879341256, -0.06432413264110612], [-0.7613765347997521, 0.16765007540616483, -0.37854356799079303, 0.27192647045352447, -0.7000234880400218, 0.8032853622764797, -0.3197890167924928, -0.12675318507247196, 0.28849228745464933, 0.23911704409834725, -0.016782088679288286], [-0.27134720180266064, -0.7162385272002425, -0.42816766399583406, -0.29965333059592786, 0.09658002014699327, -0.021779959598413536, 0.6933340410814195, 0.13326225490724777, 0.5314922234594603, 0.3164532597753392, 0.058895661067934195]], "inverted": true, "swapped": true, "error_lsq": 0.05365417656455121, "error_max": 0.28837563136365674, "target": "245.xyz", "model": "4.xyz", "model_rescale": 3.7855080009869324, "target_rescale": 3.7315057239541467},
{"mapping": [6, 7, 14, 13, 2, 1, 12, 0, 3, 10, 4, 16], "R": [[0.9477967873901022, -0.26160740154491763, 0.1823261288732848], [-0.29163466895205126, -0.9423923787105533, 0.16384695423929196], [0.12895917834039156, -0.20846623708692347, -0.9694902569477373]], "T": [-0.04298970693768803, 0.12721209680644874, 0.07715827819582362], "aligned_model": [[0.37807977893766953, 0.54701633242216, -0.6874787813035746, -0.30464500005468476, -0.35292890023855206, 0.24741439714107102, -0.3248148295798382, 0.4049006794758647, -0.12140558286025824, -0.07312433772223971, 0.6767523375461868, -0.0918664033347994], [0.17964722190758475, 0.5885574833366605, -0.07233857459202517, 0.12420029751189894, -0.296800601930519, -0.5690062639511521, -0.418961585028945, -0.2549127120920675, 0.1583281981235946, 0.8019777714257845, -0.04299641373684557, 0.11536754216294368], [0.5731704895245899, 0.09771988616075676, 0.027050782745641766, 0.7527284636867659, -0.44239596858163716, 0.013523464865522916, 0.36927841192210387, -0.434553276787161, -0.6122612921975308, -0.19624154341581534, 0.07604643011577225, 0.05824988666225364]], "inverted": true, "swapped": false, "error_lsq": 0.04360542532173053, "error_max": 0.24229871856539872, "target": "245.xyz", "model": "5.xyz", "model_rescale": 4.2253639853439635, "target_rescale": 3.7315057239541467},
{"mapping": [7, 12, 1, 0, 10, 2, 4, 5, 8, 9, 6, 13], "R": [[-0.1936772918426326, 0.19421426126376506, -0.9616495865679315], [-0.7166754459554571, -0.6973980955439327, 0.0034930640192243345], [-0.6699741874050451, 0.6898671734859296, 0.274258766783277]], "T": [0.04355968951471147, 0.032581264192220676, 0.00029814530221747987], "aligned_model": [[0.46173025927576794, 0.6199502810780706, -0.6895589766898271, -0.25905407472922426, -0.28273458388807565, 0.1830749906340413, -0.34514278564184026, 0.3272299539367969, -0.18306094794629357, -0.2412607191603754, 0.6430842881937437, 0.06364200536622067], [0.2463949644964288, 0.735988865159128, 0.00018590609158158217, 0.3934565188416969, -0.4519943494234845, -0.6221062084261934, -0.45191337145569127, -0.2578796479348748, 0.29702321114943325, 0.5708339823636054, -0.14635285196295206, -0.0005746557617656162], [0.6396793243924745, 0.2108578692008118, -0.013606673800389567, 0.649340986413951, -0.5166457551576381, -0.045433747150736774, 0.33954237302332885, -0.48540228300692523, -0.6512986771002076, -0.041627666182541316, 0.14953220903306116, 0.047377775036074224]], "inverted": true, "swapped": false, "error_lsq": 0.03645207685023685, "error_max": 0.17543100011767446, "target": "245.xyz", "model": "6.xyz", "model_rescale": 3.89814844738969, "target_rescale": 3.7315057239541467},
{"mapping": [7, 11, 6, 3, 5, 2, 0, 10, 9, 8, 4, 12], "R": [[0.8313767351393735, 0.19102243380846845, 0.5218459102559732], [-0.44384751658826155, -0.3368007387870402, 0.8304002916491159], [0.33438317285328345, -0.9219954946388801, -0.1952234657467642]], "T": [0.049327788640921286, -0.01054275014108684, 0.10642974977452836], "aligned_model": [[0.2548125148420473, 0.5260254760036414, -0.6157685501796174, -0.47012236783489597, -0.37615706063724147, 0.3167839399233309, -0.2115359727783332, 0.38934317221660597, -0.18291325160144273, -0.15783976143512568, 0.6610424093718288, 0.16422914253820725], [0.21543913995337916, 0.60608713949676, 0.08338637775554213, 0.2635709105025579, -0.31016038824345854, -0.641343576335391, -0.3667158457942503, -0.2023262075775294, 0.2956666351612763, 0.6317029039629035, -0.18397954308268588, -0.07826518266219158], [0.6877927105772759, -0.1123561348050328, 0.027689480230461957, 0.6608800835788294, -0.46956375539503803, -0.07274996262269114, 0.5015262080974923, -0.5152713901936483, -0.6999484435160066, 0.05858731782589194, 0.2123575082821483, 0.0033721126415797165]], "inverted": false, "swapped": false, "error_lsq": 0.04797291208731572, "error_max": 0.26659753570591355, "target": "245.xyz", "model": "7.xyz", "model_rescale": 3.7474275329858107, "target_rescale": 3.7315057239541467},
{"mapping": [4, 13, 0, 1, 6, 5, 3, 9, 10, 12, 8, 14], "R": [[-0.6443751346291242, 0.27599566597814806, -0.7131669357401371], [-0.404439824769082, -0.9144920644413642, 0.011519210672891023], [-0.6490062511351125, 0.2958558034500096, 0.7008995859268978]], "T": [0.029184375590099683, 0.0954802570340936, -0.0024215411011954714], "aligned_model": [[0.6010569528154028, 0.5252717077978819, -0.6148782322616073, -0.4359964731871032, -0.45417676341629654, 0.1663099523666546, -0.2149808637472962, 0.6222797088686091, -0.39300325439505035, -0.031482887903594416, 0.48135612089459595, 0.046143722596808545], [0.19119957601650833, 0.8110135544652507, -0.029474006626966504, 0.36410869104744914, -0.4765370111239591, -0.5835889807683581, -0.5199384553195034, -0.17323407457523757, 0.2208008252883492, 0.692708708738243, -0.3078692773242345, 0.12387281331937096], [0.5229596664393467, 0.22123285251276759, 0.05908477391720002, 0.5231708507960865, -0.32814589178008247, -0.1843088976875793, 0.27285592141429116, -0.3978592400114067, -0.6199292090278496, -0.1448303835745715, 0.3107240827509195, 0.04736120895214116]], "inverted": true, "swapped": false, "error_lsq": 0.05837245889061057, "error_max": 0.32065781919591513, "target": "245.xyz", "model": "8.xyz", "model_rescale": 4.019505241142653, "target_rescale": 3.7315057239541467},
{"mapping": [7, 4, 11, 8, 10, 1, 9, 2, 6, 5, 0, 12], "R": [[-0.31092091577708, -0.6610172964531771, -0.6829233616754333], [0.9301528367697294, -0.35927905612262984, -0.07572489736445825], [-0.1953045938567945, -0.6587675565944067, 0.7265544865989527]], "T": [0.03741588637287693, 0.024116295483807268, -0.056898638315539415], "aligned_model": [[0.4321127204548506, 0.48665233118233664, -0.5327324815666937, -0.19348701791627515, -0.4267266790504478, 0.2172118875079823, -0.3543686245151313, 0.4109461928350676, -0.33209945019643494, -0.07889974692814217, 0.6500605091979124, 0.01923004942398055], [0.03494865358504978, 0.5941981655355866, 0.24459669270694961, 0.2229767292131375, -0.6723567235333683, -0.6270171552828508, -0.29587949833345917, 0.04356084727654881, 0.049503947577708575, 0.6563388622679662, 0.003027266956959998, 0.059164575166683386], [0.7577675873617802, 0.34408508870632415, 0.05958636917108416, 0.5458246050341087, -0.42794684402625865, -0.05491635703230457, 0.4029357344731251, -0.5152316851019341, -0.6820991830434886, -0.25000487498486595, 0.15959130849597808, -0.05727601435228589]], "inverted": false, "swapped": false, "error_lsq": 0.05023124583653644, "error_max": 0.2250775184021885, "target": "245.xyz", "model": "9.xyz", "model_rescale": 3.877068213659057, "target_rescale": 3.7315057239541467},
{"mapping": [6, 10, 2, 13, 7, 5, 4, 0, 8, 9, 12, 15], "R": [[0.8671754806089407, 0.35391196682184833, -0.3503612500990144], [-0.14895105960602473, 0.8556512728793191, 0.4956556073144375], [0.4752055004657413, -0.377633710042274, 0.7947153662581419]], "T": [0.036970708990062266, 0.03888369348396095, 0.08769476501731562], "aligned_model": [[0.38672558028574333, 0.35830833176568466, -0.6019785253243937, -0.3165729576245907, -0.5517209471865708, 0.36309182937297035, -0.40778554137849243, 0.5469590377936254, -0.12619408674565974, -0.2198547209940236, 0.7686065664840385, 0.09831512398067388], [0.1649743467275257, 0.6683542903778784, 0.2180030406650845, 0.2411756160429983, -0.3054756147912082, -0.6683771600804198, -0.4532225143912757, -0.2140018592399531, 0.17609372535572715, 0.5830187049517843, -0.10871722818359883, 0.011237015702369558], [0.5797082326118528, 0.14868393860415208, 0.0837586014176034, 0.7447513454026786, -0.36079756509443595, 0.021192568827188132, 0.2222831659801358, -0.46883630989356445, -0.6538398548045556, -0.18360413234139883, 0.12113359970800484, 0.027882144283601598]], "inverted": false, "swapped": false, "error_lsq": 0.03959790925772887, "error_max": 0.21591205098147953, "target": "245.xyz", "model": "10.xyz", "model_rescale": 4.260839863003843, "target_rescale": 3.7315057239541467},
{"mapping": [9, 4, 1, 8, 0, 6, 7, 5, 3, 2, 10, 11], "R": [[-0.48777433894767264, 0.8247415054239465, 0.28614269778417145], [-0.743639541263568, -0.5642420913492322, 0.35865177403597914], [0.4572487582634547, -0.03784589252333129, 0.8885332078688121]], "T": [0.022795715761037862, 0.046139961849421776, 0.061462619317787376], "aligned_model": [[0.43236842123017355, 0.6002422340190878, -0.6795192416817928, -0.22796706626728638, -0.37281643781890345, 0.28856955694313624, -0.286426042347339, 0.46325868133333936, -0.1639416025755317, -0.19169697058748816, 0.4683412305913651, -0.032513072409755595], [0.4687879959273536, 0.48731342337333755, 0.16856748454596565, 0.2454425412141375, -0.590774015761488, -0.6851730749535615, -0.4825793524478362, -0.042561068961796775, 0.2684669078670919, 0.6934984157058104, -0.23601576383393486, 0.018088870461833002], [0.5993772030408568, -0.02811613932444182, -0.06111733573096399, 0.7041210947670181, -0.394460486609866, -0.25126864263013327, 0.29479375801052, -0.44325057185139394, -0.5862510322503184, -0.011180658864767073, 0.4008902739378519, 0.05877827220690028]], "inverted": false, "swapped": false, "error_lsq": 0.0564328499779983, "error_max": 0.339616416318399, "target": "245.xyz", "model": "11.xyz", "model_rescale": 3.890672605050136, "target_rescale": 3.7315057239541467},
{"mapping": [10, 9, 0, 2, 3, 7, 4, 5, 8, 6, 12, 13], "R": [[0.6039271676264792, -0.13221297137961863, -0.7859972686985818], [0.7251109319838616, -0.3182546018569288, 0.6106784298748267], [-0.3308868575814915, -0.9387405065276877, -0.09633352938611697]], "T": [-0.05420176733177086, 0.22481417345879007, 0.029141103230615504], "aligned_model": [[0.34078969960383726, 0.608570470594849, -0.613077660960484, -0.2367788756738307, -0.5069157902461157, 0.2806429498085001, -0.299061350940992, 0.5771126452234104, -0.21133268327942195, -0.16738720489031106, 0.5318836750341378, -0.0065461838445740675], [0.01616643404017737, 0.6280758833267719, 0.06728097720209394, 0.18240651693596302, -0.5206865135155646, -0.5046053304058682, -0.2947046522230736, 0.06529006191593645, 0.07903852761727731, 0.7230213479664381, -0.1926694210710448, 0.06444853134780487], [0.803730262931499, -0.033575481573508675, -0.07826265529334045, 0.7150210663760492, -0.2747369893978439, -0.2585920597198671, 0.43063956885906307, -0.3962602980031239, -0.6587908571921248, -0.23738659126912123, 0.22238563559900698, 0.048144133384574614]], "inverted": true, "swapped": false, "error_lsq": 0.055110055753342296, "error_max": 0.30516663540945926, "target": "245.xyz", "model": "12.xyz", "model_rescale": 4.124412569039231, "target_rescale": 3.7315057239541467},
{"mapping": [11, 2, 5, 10, 3, 9, 7, 6, 0, 4, 8, 12], "R": [[-0.10212907659788545, 0.9924368661221905, -0.06810813809544897], [0.6550482212345168, 0.11862011889023688, 0.7462178604482487], [0.7486531103059408, 0.031596426317410775, -0.6622085670490904]], "T": [-0.031310351336142545, -0.02382461484235221, -0.10599498466893902], "aligned_model": [[0.5464814383391353, 0.4422394919863154, -0.754193519512805, -0.0829736152450397, -0.15321531954152545, 0.17287918031811408, -0.4198774278686215, 0.47322214042536304, -0.3462287937671322, -0.22384255492411875, 0.6598896295720306, -0.016480959352711107], [0.10146749573334962, 0.6210830242340811, 0.17497348479842184, 0.2223188147066778, -0.5101951732189741, -0.5891519238877909, -0.31385229298685074, -0.3033466298751706, 0.15950081025735136, 0.7380705000869217, -0.037516697085347495, 0.04971095037424228], [0.6946368883837271, 0.2137552250245922, 0.002010199550618444, 0.5878018094643522, -0.6132781742555687, 0.111612324056321, 0.2914685324759154, -0.4450041624989777, -0.5576425868134405, -0.0790981413970319, 0.08623205342621172, -0.01017823271545655]], "inverted": false, "swapped": false, "error_lsq": 0.05225177705213796, "error_max": 0.32278850254802505, "target": "245.xyz", "model": "13.xyz", "model_rescale": 3.9028299243045295, "target_rescale": 3.7315057239541467},
{"mapping": [8, 12, 6, 2, 7, 4, 3, 10, 9, 11, 5, 15], "R": [[-0.9211030928908494, 0.16626551309449414, -0.3520296456583399], [-0.2791925544589823, -0.9122856710180184, 0.299643741783259], [-0.2713311810345061, 0.3742868333385891, 0.8867292464939857]], "T": [0.061012723919971035, 0.06711324546270947, 0.09247306177320051], "aligned_model": [[0.49569788400429726, 0.4482988849314905, -0.5980513867724576, -0.20143902800004454, -0.2725552766018596, 0.2544969248506883, -0.3381381619316586, 0.36467915665289563, -0.35007819452949007, -0.06185848038423822, 0.5555446396875665, 0.0013027285218149692], [0.13499908344461564, 0.6372216835841682, 0.1025626030525624, 0.22543613275375657, -0.44974787360833157, -0.5820507084784892, -0.38413603635898286, -0.2632368079269294, 0.170570450839158, 0.7087482893812411, -0.039814531685547716, 0.05251007813969101], [0.7272545077540844, 0.18852558507455097, -0.0012611544602651042, 0.7619524944891918, -0.5725193655954649, 0.06981696377862455, 0.25291651354801536, -0.502512771592349, -0.5564848104247845, -0.25258320306838056, 0.17061695735383575, -0.0034059821557961972]], "inverted": true, "swapped": false, "error_lsq": 0.040380457312553776, "error_max": 0.19691787785867715, "target": "245.xyz", "model": "14.xyz", "model_rescale": 3.942246331269136, "target_rescale": 3.7315057239541467},
{"mapping": [7, 8, 10, 9, 3, 1, 5, 12, 4, 11, 0, 14], "R": [[-0.9978113265205791, -0.0573484382217518, 0.03291980104387417], [-0.010133436271026808, 0.6245737958487706, 0.7809000493074638], [-0.06534424333163083, 0.7788573233735332, -0.6237879444898182]], "T": [-0.021282145382194428, 0.08384155799355907, -0.007184607212475672], "aligned_model": [[0.31336487419719405, 0.5852591197797841, -0.6838595204444274, -0.41124667694442557, -0.23786235251992943, 0.27069655415493454, -0.15215104575608404, 0.42108678997943205, -0.41890713596208307, -0.0627615290752595, 0.6171174300953516, 0.05716318292451787], [0.29169084742015605, 0.5541132884369852, 0.34397131427507005, 0.17211669041843813, -0.48192557404446934, -0.655324435409119, -0.4831316701346746, -0.2491152222190517, 0.14400437940998384, 0.7555124313200489, -0.10803001775162231, 0.029180331415167626], [0.7516233746251763, 0.0917755842245027, 0.04102584804076316, 0.691598242642314, -0.3938996142684296, -0.16537281471941218, 0.2461812304410902, -0.6084547342770263, -0.4337274288707044, -0.254669401310667, 0.3032163646278323, 0.013019083545823651]], "inverted": false, "swapped": false, "error_lsq": 0.0523949890379374, "error_max": 0.33487671716766715, "target": "245.xyz", "model": "15.xyz", "model_rescale": 4.355366556412066, "target_rescale": 3.7315057239541467},
{"mapping": [5, 7, 1, 9, 2, 4, 0, 6, 8, 10, 3, 11], "R": [[0.7568137776250156, -0.6455837632613115, 0.10224730123732784], [-0.5394650691051512, -0.7052629528045035, -0.45998000675773676], [0.36906685737455247, 0.2929603591184925, -0.8820226089918762]], "T": [-0.005920368915939202, 0.06452916288214491, 0.0519491398066501], "aligned_model": [[0.227275404309709, 0.5204725272328865, -0.5438687985056414, -0.28275890622244065, -0.4660862141015021, 0.31384661107781825, -0.2879695382031478, 0.44686905558193696, -0.3712376494754596, 0.023089142503791724, 0.648729577386001, 0.06953847884505279], [-0.08739269570781441, 0.6822878326475263, 0.13669350284488743, 0.48550831748208667, -0.5222252352951523, -0.62641536435446, -0.4600863560594223, -0.07028321468275203, 0.15183066649501648, 0.5729189062965928, 0.06267076453434343, -0.012444761063939935], [0.6335842162500012, 0.42844065975565904, 0.052977995735520034, 0.596089269631981, -0.32843497249203196, -0.06918908671247816, 0.43813676516058453, -0.6210317833387926, -0.6158516147634688, -0.31944568464230444, 0.10141633096967399, -0.014376360853081041]], "inverted": true, "swapped": false, "error_lsq": 0.05813822880197134, "error_max": 0.32495670038344765, "target": "245.xyz", "model": "16.xyz", "model_rescale": 3.795458400668931, "target_rescale": 3.7315057239541467},
{"mapping": [7, 11, 6, 3, 5, 2, 0, 10, 9, 8, 4, 12], "R": [[0.8313767351393735, 0.19102243380846845, 0.5218459102559732], [-0.44384751658826155, -0.3368007387870402, 0.8304002916491159], [0.33438317285328345, -0.9219954946388801, -0.1952234657467642]], "T": [0.049327788640921286, -0.01054275014108684, 0.10642974977452836], "aligned_model": [[0.2548125148420473, 0.5260254760036414, -0.6157685501796174, -0.47012236783489597, -0.37615706063724147, 0.3167839399233309, -0.2115359727783332, 0.38934317221660597, -0.18291325160144273, -0.15783976143512568, 0.6610424093718288, 0.16422914253820725], [0.21543913995337916, 0.60608713949676, 0.08338637775554213, 0.2635709105025579, -0.31016038824345854, -0.641343576335391, -0.3667158457942503, -0.2023262075775294, 0.2956666351612763, 0.6317029039629035, -0.18397954308268588, -0.07826518266219158], [0.6877927105772759, -0.1123561348050328, 0.027689480230461957, 0.6608800835788294, -0.46956375539503803, -0.07274996262269114, 0.5015262080974923, -0.5152713901936483, -0.6999484435160066, 0.05858731782589194, 0.2123575082821483, 0.0033721126415797165]], "inverted": false, "swapped": false, "error_lsq": 0.04797291208731572, "error_max": 0.26659753570591355, "target": "245.xyz", "model": "17.xyz", "model_rescale": 3.7474275329858107, "target_rescale": 3.7315057239541467},
{"mapping": [0, 4, 7, 2, 11, 3, 1, 10, 12, 9, 8, 13], "R": [[0.3051553683029828, 0.9495180837815458, 0.07277094040681614], [-0.5492276417019719, 0.23790599290901485, -0.8010928386451012], [-0.7779647799138218, 0.20448996823755747, 0.594099868796351]], "T": [0.019514350318227017, 0.05600876050386232, -0.007732778725777451], "aligned_model": [[0.35140403905688855, 0.6145681891172183, -0.7215919870414228, -0.3246788326283731, -0.3065623056153845, 0.26584764519197884, -0.24503210548538173, 0.3326410285071968, -0.2575663813881026, -0.14603428203453214, 0.72149966141308, 0.013405021335839496], [0.0708674520289747, 0.6113897359406262, 0.05899292724383788, 0.2637601358476629, -0.49896161924286814, -0.5753221384204307, -0.4251966852922941, -0.2163576596094013, 0.32510456720704156, 0.6968536281854034, -0.0890191437390035, 0.09095116298736351], [0.7595812668748391, 0.15563405718071385, -0.14253549943470867, 0.5772485394934713, -0.335480477214992, 0.02874166725109138, 0.4129510793761805, -0.5592829460401235, -0.6480847430745642, -0.10589423627625406, 0.047385106000367314, 0.09205192056524163]], "inverted": true, "swapped": false, "error_lsq": 0.03703656874300081, "error_max": 0.21062968686752054, "target": "245.xyz", "model": "18.xyz", "model_rescale": 3.922800546911778, "target_rescale": 3.7315057239541467},
{"mapping": [9, 10, 12, 7, 5, 0, 3, 1, 8, 13, 2, 14], "R": [[-0.5061669003292919, 0.3503659069048708, 0.7880601501724119], [-0.4624230280581667, 0.6610517467946333, -0.5909107641440289], [-0.7279835246298868, -0.6635166307926966, -0.17258525003300726]], "T": [0.04746096634480715, 0.15257877644160084, -0.09832068667723885], "aligned_model": [[0.4104420611405828, 0.7043690974384106, -0.7007237717593454, -0.3264260677007713, -0.3244702090652122, 0.11162503878837302, -0.13945968980091583, 0.5120851503671602, -0.18906795688503908, -0.4057888119319929, 0.6304556619232202, 0.014859187914535013], [0.1278047887127901, 0.5712819484474185, -0.04608355688339405, 0.26162853160469296, -0.41855870333040585, -0.6729165300147688, -0.2788047332676874, -0.23419042285148917, 0.2814324517299715, 0.6669694200273659, -0.10350647220955606, 0.15800564117197508], [0.6299472312402379, 0.11086824304582747, 0.04084439354191201, 0.5991946577633875, -0.441836188719748, 0.01518308640030809, 0.33540523996544425, -0.525540744768605, -0.6477216812722866, -0.056122924845131525, 0.22980504096156545, -0.007710618611649206]], "inverted": true, "swapped": false, "error_lsq": 0.0425160834779759, "error_max": 0.23806775337345834, "target": "245.xyz", "model": "19.xyz", "model_rescale": 3.9282355846067225, "target_rescale": 3.7315057239541467},
{"mapping": [2, 7, 11, 10, 4, 3, 0, 6, 8, 9, 5, 13], "R": [[0.6260807828137003, 0.055215891662308225, -0.7778007834267853], [0.7230954034103977, 0.33218598895543905, 0.6056281914743165], [0.29181482306102735, -0.9415963434772001, 0.16804890654874285]], "T": [0.07838881969460922, 0.10177790363060134, -0.024139036126210777], "aligned_model": [[0.46087809930735135, 0.5021548341109447, -0.6313916380837485, -0.2790032099452695, -0.2830806693280698, 0.19189228451774287, -0.39889948775669304, 0.5582711262128881, -0.19157834151679048, -0.3593641187293033, 0.6827123840322575, 0.045308427607695045], [0.16267141536455482, 0.5527304540780221, 0.04405232180484407, 0.3619467678470981, -0.2998511639489436, -0.6418701087075988, -0.4575345262204371, -0.05435122285415199, 0.22815489961669266, 0.6051128692123408, -0.2157029345918805, 0.02770359153637174], [0.7029855347486224, 0.04770759671265795, 0.054871281458123214, 0.7153320236412769, -0.3518610914119067, -0.04557886728563754, 0.2913961688529438, -0.4390856854811235, -0.7239734207352948, -0.20703546190278058, 0.12313315811419114, 0.11442449799019035]], "inverted": false, "swapped": false, "error_lsq": 0.03976406992523932, "error_max": 0.23446022171202083, "target": "245.xyz", "model": "20.xyz", "model_rescale": 4.067790424073018, "target_rescale": 3.7315057239541467},
{"mapping": [2, 4, 13, 6, 10, 12, 11, 7, 1, 5, 0, 14], "R": [[-0.17619633089474923, 0.07931634769460888, 0.9811543048713673], [0.931800584097219, -0.30789260729249734, 0.19222334366748944], [0.317336610644454, 0.9481092022351729, -0.0196574713957387]], "T": [0.06448457809537987, 0.026279702985984713, 0.059056275046693224], "aligned_model": [[0.5421964496755212, 0.28295111471625667, -0.6142740984237677, -0.16835193747537575, -0.5037738079837518, 0.08577115559140037, -0.36005395851160593, 0.5089490185149883, -0.10211020232278896, -0.15127357854256657, 0.7577944631383529, 0.02007507205234231], [0.18524959033113686, 0.7519026997175633, 0.09028894902814359, 0.28582562998479877, -0.38323703546360194, -0.7395266062135027, -0.37053119110849386, -0.03864764782065666, 0.13649707262550578, 0.5467596517838776, -0.1254683839825288, -0.026050365745329672], [0.6069995879977687, 0.32023845998173284, -0.10004426093068011, 0.7117276866241938, -0.3659910977648816, 0.048984268967843386, 0.34250009530511294, -0.5366783617913052, -0.7368101784780086, -0.11705494436145245, 0.08647799862591098, 0.02196648052502769]], "inverted": true, "swapped": false, "error_lsq": 0.04851248798401137, "error_max": 0.35186545283337267, "target": "245.xyz", "model": "21.xyz", "model_rescale": 4.186013935880536, "target_rescale": 3.7315057239541467},
{"mapping": [5, 8, 4, 3, 7, 0, 6, 1, 10, 11, 2, 12], "R": [[0.3244902717834699, 0.56273027842706, -0.7602898771253589], [0.4245168837020386, 0.6316462990991403, 0.6486974397099692], [0.8452759779916851, -0.5332518978641922, -0.03392542489693305]], "T": [0.06786106171773136, 0.06680673333612183, -0.04532816193031304], "aligned_model": [[0.35046845719765013, 0.5723735474927498, -0.651347548355466, -0.39997231638813324, -0.30018909668776883, 0.3121214676854184, -0.28327275399158186, 0.40723955015681884, -0.4138854891598481, -0.10075165031576962, 0.7713795059475208, 0.03373601684741496], [0.048997910710997905, 0.6424845192205073, 0.1638135815110737, 0.09484323558112406, -0.3736413846537402, -0.5770524758879643, -0.2935999179217481, -0.44507486231806426, 0.2615202011035592, 0.650909553653597, 0.06248879200834059, 0.07737321012922953], [0.674640366528827, -0.0869258690784169, -0.07606568577669462, 0.7500865346956099, -0.5023492513099257, 0.1727787242062931, 0.19271582184516656, -0.4427230657069849, -0.698249565182956, 0.12601835058085004, 0.18864268427958908, -0.016253310380095316]], "inverted": false, "swapped": false, "error_lsq": 0.0585751582530993, "error_max": 0.3032564460050833, "target": "245.xyz", "model": "22.xyz", "model_rescale": 4.166573947596378, "target_rescale": 3.7315057239541467},
{"mapping": [0, 5, 9, 8, 11, 2, 3, 6, 14, 10, 1, 15], "R": [[0.392949196836742, -0.6585792163812642, 0.6417665809747338], [0.5932310782146392, -0.35169917122620065, -0.7241440331861477], [0.7026149845723876, 0.6652676970283795, 0.25248975176212607]], "T": [-0.031675972459458884, 0.028923814084432828, -0.00927629278653062], "aligned_model": [[0.42298035141929036, 0.6440303493009885, -0.6314361609222363, -0.41162700983636, -0.44227073613732715, 0.2882268937088587, -0.3025764143629577, 0.577470990518873, -0.325374496335168, -0.1932649837335331, 0.6354884802018819, 0.03625242660669516], [0.22650767605656102, 0.5110673830881061, 0.04667974511927568, 0.18240833958519087, -0.5404879013543493, -0.5593360719007499, -0.45358161276108994, -0.22643869908346542, 0.4467280087001479, 0.7571175203821008, -0.1098644443308502, 0.03226241963603442], [0.6395719232727074, -0.05422656311622308, -0.029809425286801288, 0.6879746303747154, -0.36882540735613006, 0.05721958638719808, 0.225730336177789, -0.3872149072859143, -0.6135598315785361, -0.07683479075689358, 0.1998372488560131, 0.0024529350133383945]], "inverted": true, "swapped": false, "error_lsq": 0.0444120301815655, "error_max": 0.2565800434297321, "target": "245.xyz", "model": "23.xyz", "model_rescale": 4.274766983524099, "target_rescale": 3.7315057239541467},
{"mapping": [8, 7, 1, 9, 10, 3, 2, 6, 4, 5, 11], "R": [[-0.2503880854013546, -0.6179170093962603, -0.7453082423989595], [0.9373327160646239, -0.34739720023494336, -0.026880562937526664], [-0.24230803966018066, -0.7053323718416056, 0.6661779485605447]], "T": [-0.07800843701893986, 0.09861456213597304, 0.06571813395974233], "aligned_model": [[0.34340330691573073, 0.2961614616215825, -0.7349079625139595, -0.29057659974076655, -0.30935097750092155, -0.6547386678830754, -0.03591265427489551, 0.00800785648870947, 0.6467022589205732, 0.2591677199835909, -0.1480610380584932], [-0.16251074994030257, 0.6031072716443197, 0.4037812101821609, -0.29614576490256306, 0.7309564255732988, -0.31353946446641545, -0.5685985528102354, -0.0018468450249011364, -0.13035248487541456, 0.5656110900020016, 0.08512439586153508], [-0.4998976377834341, -0.2839940446755197, -0.4386367289721347, -0.4271986313195226, 0.071267650032759, 0.4156798607551122, 0.12083176579397956, 0.6255672542657702, 0.19167168745817106, 0.4698580903236811, 0.13441716814271545]], "inverted": false, "swapped": true, "error_lsq": 0.05626273984661437, "error_max": 0.3568313795265468, "target": "245.xyz", "model": "24.xyz", "model_rescale": 3.7841303162186577, "target_rescale": 3.7315057239541467},
{"mapping": [7, 10, 2, 1, 5, 3, 4, 13, 12, 9, 11, 15], "R": [[-0.7066948133478288, -0.6876466086955517, -0.16650700386705822], [0.5215662979980036, -0.6653458449936938, 0.5341193718096037], [-0.4780701178487684, 0.29061494816876654, 0.8288497537677924]], "T": [0.05059402007895317, 0.15074417403851553, 0.1530525877679511], "aligned_model": [[0.5140436379652106, 0.5325818502690713, -0.6629249598510992, -0.3833380668844756, -0.45149765370911554, 0.12750145336496777, -0.4053986590568356, 0.4699525219084123, -0.12739175431462155, -0.15146642451052167, 0.7661514284563659, 0.06968631679164644], [0.2263136409546411, 0.7614339287193315, 0.15995182211877085, 0.08907480142669788, -0.3663987585394804, -0.603910861875615, -0.41980087981161934, -0.1103605915530248, 0.06130090081082479, 0.5524362073220352, -0.12332841407893003, 0.08635056764328103], [0.6028406127879087, 0.15398014030321172, -0.09107629709336432, 0.7538322696717519, -0.346753258377339, -0.11820911448275517, 0.3055431152116834, -0.4535467409489367, -0.5787211965506538, -0.221054075705154, 0.10520511216586964, 0.1702751677190407]], "inverted": true, "swapped": false, "error_lsq": 0.04247681949233174, "error_max": 0.2159482653826998, "target": "245.xyz", "model": "25.xyz", "model_rescale": 4.19342608120988, "target_rescale": 3.7315057239541467},
{"mapping": [5, 7, 1, 9, 2, 4, 0, 6, 8, 10, 3, 11], "R": [[0.7568137776250156, -0.6455837632613115, 0.10224730123732784], [-0.5394650691051512, -0.7052629528045035, -0.45998000675773676], [0.36906685737455247, 0.2929603591184925, -0.8820226089918762]], "T": [-0.005920368915939202, 0.06452916288214491, 0.0519491398066501], "aligned_model": [[0.227275404309709, 0.5204725272328865, -0.5438687985056414, -0.28275890622244065, -0.4660862141015021, 0.31384661107781825, -0.2879695382031478, 0.44686905558193696, -0.3712376494754596, 0.023089142503791724, 0.648729577386001, 0.06953847884505279], [-0.08739269570781441, 0.6822878326475263, 0.13669350284488743, 0.48550831748208667, -0.5222252352951523, -0.62641536435446, -0.4600863560594223, -0.07028321468275203, 0.15183066649501648, 0.5729189062965928, 0.06267076453434343, -0.012444761063939935], [0.6335842162500012, 0.42844065975565904, 0.052977995735520034, 0.596089269631981, -0.32843497249203196, -0.06918908671247816, 0.43813676516058453, -0.6210317833387926, -0.6158516147634688, -0.31944568464230444, 0.10141633096967399, -0.014376360853081041]], "inverted": true, "swapped": false, "error_lsq": 0.05813822880197134, "error_max": 0.32495670038344765, "target": "245.xyz", "model": "26.xyz", "model_rescale": 3.795458400668931, "target_rescale": 3.7315057239541467},
{"mapping": [8, 6, 10, 11, 3, 2, 9, 0, 7, 5, 1, 12], "R": [[-0.47096699194235186, 0.7675082886915202, -0.4348805804937575], [0.7723218196027087, 0.12052829629189327, -0.6236921810945968], [-0.4262735031248534, -0.6296061916649076, -0.6495282472309252]], "T": [-0.02196312512014356, -0.04646859902078161, 0.16033437857965], "aligned_model": [[0.25311674586278765, 0.5648314757459962, -0.6206891608964125, -0.4516524941155992, -0.3175886066374162, 0.36229459663907637, -0.057032508915385555, 0.33295068750403234, -0.25670563893475773, -0.02998309768298812, 0.555376956706469, -0.037019264846796726], [0.4652570212718986, 0.5081512617328914, 0.3048324930371219, 0.0794973542897582, -0.40265566210300535, -0.8056425984516247, -0.45902149155488425, -0.2886298242169929, 0.29318215800374325, 0.6833215264857093, -0.10686495787714291, 0.04163508251943966], [0.5999019663545657, -0.010709084106857503, -0.00029284611090626966, 0.7180746555116542, -0.414828997878203, -0.06513348111612804, 0.2741084498673364, -0.551471296245267, -0.539480892824225, -0.024604856396452685, 0.27602310017585086, 0.02072901746989514]], "inverted": true, "swapped": false, "error_lsq": 0.058153207497956494, "error_max": 0.3647472764489443, "target": "245.xyz", "model": "27.xyz", "model_rescale": 3.6321398670334006, "target_rescale": 3.7315057239541467},
{"mapping": [11, 13, 3, 0, 7, 12, 8, 6, 4, 1, 9, 14], "R": [[0.4348391240832018, 0.027521193409993594, -0.9000875069013256], [-0.5127988222204543, -0.8140707957960068, -0.2726281485125319], [-0.7402380050334277, 0.5801131987339591, -0.3398769962189046]], "T": [-0.01424177971902615, 0.03206784389362697, 0.15285251637758546], "aligned_model": [[0.32629791203075215, 0.6459623442879147, -0.6969782093761812, -0.32725476518737207, -0.4467336211805531, 0.18957337118045506, -0.19994544580229898, 0.51092239872215, -0.11437519170158869, -0.20698166332875775, 0.6086069921568447, 0.00880556862764039], [0.3682933477796147, 0.4892725222941688, 0.08386783172509155, 0.18783799762705147, -0.4025067155418785, -0.6820972027984155, -0.43743476405754445, -0.022822900560099967, 0.21644627864934898, 0.5843667632812648, -0.15975050861881188, 0.08758971335712212], [0.581234314891823, 0.00597934453556731, 0.10043297000494211, 0.6697376335495783, -0.32147136386091824, -0.21037936714466826, 0.2629028018149435, -0.41732028988055814, -0.6486742423527712, -0.17131478156540464, 0.3006269669174614, 0.13056174779126772]], "inverted": false, "swapped": false, "error_lsq": 0.045397868848250394, "error_max": 0.25615715967712394, "target": "245.xyz", "model": "28.xyz", "model_rescale": 4.156811204709835, "target_rescale": 3.7315057239541467},
{"mapping": [3, 3, 2, 8, 1, 0, 6, 10, 7, 11], "R": [[0.2507897442425613, -0.41868874303505466, 0.8728139782556632], [-0.01853353389033069, 0.8993866547614602, 0.4367609796656826], [-0.9678641497153861, -0.1257115018314427, 0.21779716711425906]], "T": [-0.03547267824369013, 0.15494151812561213, -0.036375372372527], "aligned_model": [[-0.43605388132946266, -0.43605388132946266, 0.17692849190709317, 0.7108773971117106, -0.03150840756986287, -0.6742682687585918, -0.4173335412430992, -0.3709541777729436, 0.23985118858411422, -0.11855954548890721], [-0.3728026483928795, -0.3728026483928795, -0.01736855028345452, 0.2434776470180744, -0.4876162803047474, -0.278889106627976, 0.3857738213263891, 0.17000185848370353, 0.5367392563079858, 0.11220698149198799], [-0.46763249463118195, -0.46763249463118195, -0.6488930385164978, -0.06498318031628528, 0.5687041741936371, 0.25365045696692523, -0.3994470783664552, 0.5472612868963999, 0.5069862662765061, -0.06922717089676661]], "inverted": true, "swapped": true, "error_lsq": 0.06505324224835997, "error_max": 0.38130137290209193, "target": "245.xyz", "model": "29.xyz", "model_rescale": 4.117894457231895, "target_rescale": 3.7315057239541467},
