[{"mapping": [8, 11, 12, 9, 0, 5, 6, 1, 3, 7, 2, 4, 13], "R": [[-0.3189718614384412, 0.9442231425325178, 0.08185113753951545], [0.8794825057717377, 0.2626990657195774, 0.3968623475608724], [0.3532243956070439, 0.19857456527984124, -0.9142213453928764]], "T": [0.11575547646615247, -0.050758107919951403, -0.14956896874111802], "aligned_model": [[-0.6572564036037617, -0.41590774783866036, 0.39506365047819186, 0.2048344797236329, 0.7995812460349901, -0.1482565312271889, -0.28839452984764175, 0.5922806403533492, 0.2593181348604724, -0.3674632372359389, 0.3471855891045358, -0.42020323045010766, 0.0022750758843521762], [-0.011227663732278292, -0.40118304970492663, -0.5512601528364995, -0.5262096277465378, -0.11631760578429871, 0.20468084254021085, 0.5889799760738529, -0.054037171698217104, 0.45166486888808344, -0.32440812409356257, 0.36848395389687594, 0.27835426114240347, -0.1370582802982374], [-0.04247504325604674, -0.43522333496030924, -0.23083676641042772, 0.40066185122216746, 0.20185200913867252, -0.8109688952781108, -0.040279259837901524, -0.4750795359213406, -0.13687167423240273, 0.36327586729776384, 0.4520409064915485, 0.5700403277676855, -0.07073787597518284]], "inverted": true, "swapped": false, "error_lsq": 0.051700512316001306, "error_max": 0.30273810005866886, "target": "246.xyz", "model": "0.xyz", "model_rescale": 3.8414455957264533, "target_rescale": 3.9771440955625312},
{"mapping": [5, 4, 0, 7, 13, 1, 10, 11, 12, 2, 8, 6, 14], "R": [[0.21483261881921184, -0.8990896850596444, -0.3814245457631543], [-0.675005392418313, -0.4189412003697737, 0.6073351552799593], [-0.7058432305388204, 0.1269882232810684, -0.6968926208896452]], "T": [0.0015381740830769965, -0.07627263693823563, 0.036452860681243454], "aligned_model": [[-0.6229312796017511, -0.28058959194403904, 0.33752346355203355, 0.11056139895251509, 0.7501553979780987, -0.023032939866524684, -0.24539838258196844, 0.5806658612768519, 0.37334434174088804, -0.5807919042932241, 0.38093217046779737, -0.4644725284264223, -0.01290887101803002], [0.13304419326248507, -0.48554738585597257, -0.6122599993280174, -0.6688835116544654, -0.09257168362641721, -0.03754569448415526, 0.5587501276367648, 0.17948244137412714, 0.5616239999392727, -0.4027536430646128, 0.47383226932624145, 0.20048468579910636, -0.03719357267748836], [0.013061601805578499, -0.18426265391404514, -0.31759346697387125, 0.25979405648321496, 0.1554217381412624, -0.8274883268171739, -0.027965505211755753, -0.5340432952856481, -0.15625831755979366, 0.35094699429169685, 0.45805360203679735, 0.5988286987481932, -0.04309654969834026]], "inverted": true, "swapped": false, "error_lsq": 0.04336788325036313, "error_max": 0.25933036515882196, "target": "246.xyz", "model": "1.xyz", "model_rescale": 4.316132596720782, "target_rescale": 3.9771440955625312},
{"mapping": [6, 10, 8, 1, 5, 0, 2, 9, 4, 11, 3, 12], "R": [[-0.6437195807456202, -0.11305212570344819, -0.7568647952168306], [0.06396634445399477, 0.9776176474016075, -0.2004296441800441], [0.762583377829517, -0.1774343607165138, -0.6220800909008792]], "T": [-0.035099004542607316, -0.027852200697120143, -0.06797115885617344], "aligned_model": [[-0.3016763502263712, 0.5954375272893011, 0.22541673201746873, -0.5183120269601041, -0.6498166109438166, -0.6030549001826403, 0.01947306777626933, -0.1275841070460452, 0.46570854071173934, 0.38980454641975965, 0.16932709595260703, -0.06691496017638712], [-0.6481639574705553, -0.33869680241131805, -0.6826397202351471, 0.550345164910517, -0.2688600825597436, -0.06514880705501877, 0.3959852061366616, 0.4201786265772725, 0.10809555540374056, -0.03854524590571044, 0.6141324583491171, -0.033905967998835114], [0.14035270299214092, 0.1213382001213929, -0.417324863342841, -0.018843484626719087, -0.4512559966032712, 0.3193890359270088, -0.6631475767801148, 0.5168289169709156, -0.5202882656615702, 0.62735051512942, -0.11728330503651185, -0.08785741788042917]], "inverted": true, "swapped": true, "error_lsq": 0.04869266417255911, "error_max": 0.26071300861380287, "target": "246.xyz", "model": "2.xyz", "model_rescale": 3.795458400668931, "target_rescale": 3.9771440955625312},
{"mapping": [6, 0, 11, 3, 8, 4, 9, 5, 1, 2, 10, 12], "R": [[0.3718325922249275, -0.3602686974068199, -0.8555390049717686], [0.9218764827751884, 0.25153841343370564, 0.2947408642745385], [0.10901501669650165, -0.8982955483781757, 0.425653419930598]], "T": [0.06503434729647825, 0.023404317498952356, 0.02878580333178847], "aligned_model": [[-0.095914351295045, -0.026620783614789895, -0.7390516653922218, 0.11740302267200073, 0.15264650367207666, 0.25945722755185385, -0.33757635971983, 0.6403287719618085, 0.32947688916841245, 0.6306274729578549, -0.43333310919727686, 0.09586020697872177], [-0.14832360791803664, -0.6313253445910376, 0.05475892590796755, 0.061756213834929574, 0.5704258153697321, 0.6280046159532153, -0.44266165153176845, -0.25468903174851876, -0.5503437912414262, 0.24805731039641246, 0.5426535575354464, 0.0074560333227935045], [-0.6374379010590221, -0.16341529785579278, 0.15759640802058877, 0.7012087912360924, -0.529564218159377, 0.2943775532480238, 0.4434704740973, -0.3890302035895238, 0.4424327503407182, 0.4368135915378658, -0.08098132660898573, 0.013300809431212843]], "inverted": false, "swapped": true, "error_lsq": 0.04250757000355856, "error_max": 0.24695732918551544, "target": "246.xyz", "model": "3.xyz", "model_rescale": 3.7530521520055578, "target_rescale": 3.9771440955625312},
{"mapping": [4, 1, 9, 0, 11, 5, 10, 7, 8, 6, 12], "R": [[0.8886870401199716, -0.28893900723389376, -0.3560190933384], [0.28261483633448803, -0.26625107230613604, 0.9215417629057642], [-0.361059827461371, -0.9195784994194488, -0.15495542713645216]], "T": [-0.09839966240479511, -0.09959317009027799, -0.05346165464637811], "aligned_model": [[-0.6844604568554307, -0.010465423614187078, 0.41326489876382044, 0.4288309371391471, 0.44941091509471, -0.25957015508281356, -0.0407272887294676, -0.7178110242379175, -0.3997493613075822, 0.26725451725381066, -0.10777795597888458], [-0.4425205949693066, 0.04870524502887558, -0.39390565262941535, 0.27841783228421657, -0.6718083030293631, 0.6443964759119066, -0.5611901030902232, 0.2348041496129112, 0.06716868359152595, 0.326947871057614, -0.06381224545439539], [0.059738528017239466, -0.7886457790166769, -0.5038567973004651, -0.28400109536947493, 0.13785748178684357, -0.11154160400782702, 0.5065748500081526, 0.11018355716858755, 0.6536748234853667, 0.3750342605654319, -0.062187448091861004]], "inverted": true, "swapped": true, "error_lsq": 0.05538067687707311, "error_max": 0.36499849771823506, "target": "246.xyz", "model": "4.xyz", "model_rescale": 3.7855080009869324, "target_rescale": 3.9771440955625312},
{"mapping": [5, 7, 8, 6, 13, 10, 3, 15, 14, 4, 12, 1, 16], "R": [[-0.6081602496507084, 0.011520268295128422, -0.7937306811275447], [-0.5397952801707333, 0.7271313937735968, 0.42414737025503985], [0.5820327879511492, 0.6864016459823465, -0.43599382351420735]], "T": [0.026370424456255263, 0.05183634287532044, 0.022853754604491492], "aligned_model": [[-0.7317682656872079, -0.3699006991956466, 0.39758886253768905, 0.06496298596206168, 0.6809916037610101, -0.11549637802301418, -0.3905036271893994, 0.6107852843209968, 0.45129067908259796, -0.501796863842686, 0.4117210383622467, -0.25312797513300905, 0.04831049128058574], [0.0037842110645207386, -0.5410752029505023, -0.3986832009088614, -0.5488348546520837, -0.21060898471953513, -0.06570802531654346, 0.5225356301774475, 0.12752858759985108, 0.5774706979677249, -0.31893299338678965, 0.29342582268884293, 0.2298140718909076, 0.09974646719188915], [-0.25646678483952184, -0.20691692947422372, -0.3702605873629485, 0.27540433315139773, 0.1885679679498745, -0.6821436964086082, -0.2722306594146933, -0.5533823622293043, -0.006278709893817198, 0.38419874035086277, 0.5290204174892174, 0.7035214500263205, 0.012365396701559235]], "inverted": true, "swapped": false, "error_lsq": 0.03545330039948125, "error_max": 0.1825554044497949, "target": "246.xyz", "model": "5.xyz", "model_rescale": 4.2253639853439635, "target_rescale": 3.9771440955625312},
{"mapping": [0, 3, 2, 6, 5, 1, 9, 10, 8, 7, 11, 12, 13], "R": [[0.8744233999706579, -0.22211119845299904, -0.4313355226566984], [-0.13561881852548813, -0.9655123055253241, 0.2222465386477907], [-0.46582319998633115, -0.135840359985336, -0.8743890112264385]], "T": [0.03152372363047905, -0.0032390835786532436, -0.1023759100301985], "aligned_model": [[-0.7569590588809032, -0.26561111935183085, 0.40881016088616556, 0.10954641065228958, 0.6428039955695222, -0.08953281597329969, -0.24489651759543313, 0.6380664326970342, 0.41917885231696134, -0.5332584826020829, 0.3293060056312521, -0.3653108294662224, 0.010914102352772487], [0.054804896308220746, -0.6448415233758721, -0.5370073259517609, -0.4428050550710478, -0.08386859187483746, 0.25382441930884964, 0.5402854776961812, 0.011195049462707895, 0.6207971658273675, -0.32393248442705563, 0.1676668391382947, 0.2148977351352713, -0.060554375529450574], [-0.2364969278036986, -0.04699841432593298, -0.2537628967036467, 0.36067072384046583, 0.041069473237196674, -0.7791103126289078, -0.1301126909715837, -0.5926922082201399, -0.18090702634102432, 0.3532204224860732, 0.5959582985833198, 0.7138853411994193, -0.09932520630542555]], "inverted": true, "swapped": false, "error_lsq": 0.039838059372317804, "error_max": 0.2538164707185495, "target": "246.xyz", "model": "6.xyz", "model_rescale": 3.89814844738969, "target_rescale": 3.9771440955625312},
{"mapping": [10, 9, 8, 6, 3, 11, 4, 7, 7, 5, 0, 1, 12], "R": [[0.17680260766344302, 0.9837808977279706, -0.030265214173286745], [-0.9672132155874028, 0.17935665505972342, 0.17980485499247206], [0.1823168492391286, -0.002517052112230189, 0.983236609841284]], "T": [0.006146477188442023, 0.06020788907917405, -0.02395233785971744], "aligned_model": [[-0.7092548615815459, -0.46553802227312496, 0.3113145762005441, 0.19294557119818107, 0.7579919827755399, -0.06199858145710549, -0.17530657972674912, 0.528376924851002, 0.528376924851002, -0.4733837845778699, 0.2671545112126515, -0.2508693330599718, -0.14675219217632843], [0.06374746565436153, -0.677922174158294, -0.4377172842131232, -0.4793401303602526, -0.14252965098207526, -0.051687113336829425, 0.6191123166797704, 0.38658687360059046, 0.38658687360059046, -0.3739262459604078, 0.2754113209964297, 0.0831527154972824, 0.11898725962882581], [-0.1885489931595859, -0.19894839995071517, -0.3654632827237283, 0.338497498978308, 0.19054186310689508, -0.822811604964711, -0.2888984028028604, -0.25204617281122865, -0.25204617281122865, 0.4051803745598726, 0.4624350350583725, 0.7811644364387907, -0.06365760287206551]], "inverted": true, "swapped": false, "error_lsq": 0.05198300716838926, "error_max": 0.4118515757050593, "target": "246.xyz", "model": "7.xyz", "model_rescale": 3.7474275329858107, "target_rescale": 3.9771440955625312},
{"mapping": [3, 5, 7, 9, 11, 0, 1, 10, 12, 8, 13, 4, 14], "R": [[0.18760444020711775, -0.7657825774789231, -0.615127318564467], [-0.3966491025644996, -0.6319777111294897, 0.6657880008458461], [-0.8985956061818638, 0.11908491367620183, -0.42230879683636774]], "T": [0.004701475999437977, 0.04442745006448284, -0.054012998303098705], "aligned_model": [[-0.6157808514898012, -0.2581455028844966, 0.2942690148962995, 0.21017477546218552, 0.5687112849939628, -0.18893898822832159, -0.2886589880581702, 0.5184486055014317, 0.47793954558144536, -0.44025466041092903, 0.3249078411430451, -0.2848459434959277, -0.014768996774497993], [-0.17072419668030187, -0.6138496046827613, -0.5255211647615508, -0.6019044555000741, -0.17074714292405602, 0.2377787031954078, 0.7102483082961559, -0.027551380861746383, 0.43737030931188553, -0.26628862157824906, 0.5030765427041657, 0.1729033568087975, 0.08567157331919525], [-0.34184278682603136, -0.1569899321609764, -0.28893181151123104, 0.2929397811144748, 0.09455612863800976, -0.6534559907163225, -0.2422257580230377, -0.6073178821738425, -0.006219090070704272, 0.3591212115490896, 0.6497062086501316, 0.6614463500146983, -0.015387852438143002]], "inverted": true, "swapped": false, "error_lsq": 0.043015418917694635, "error_max": 0.2604165231611468, "target": "246.xyz", "model": "8.xyz", "model_rescale": 4.019505241142653, "target_rescale": 3.9771440955625312},
{"mapping": [0, 7, 9, 8, 11, 1, 2, 10, 6, 4, 5, 3, 12], "R": [[-0.299526600819989, -0.7846564331142585, -0.542768917103432], [-0.15953610237198806, -0.519687709056115, 0.8393288491979538], [-0.9406551160979126, 0.33799255469376255, 0.030479263941350254]], "T": [0.06510118349166572, 0.027270890368196535, -0.0666549987338368], "aligned_model": [[-0.575063731918589, -0.4706562136950503, 0.3809727487709054, 0.17400033699662226, 0.5943741553879048, -0.08298753837578973, -0.21976164581032998, 0.6192148654194883, 0.5402066113125182, -0.474175070036995, 0.18626584426192172, -0.4508134148003905, 0.08148018872400926], [-0.07582244720212684, -0.7024675057813409, -0.503523258643433, -0.6019649507929656, -0.18437529038696154, 0.04126441172425014, 0.5457163229091737, 0.2909770232903427, 0.5761506579657648, -0.27174577555971235, 0.21216896245852535, 0.4188323006918361, 0.025251775973515612], [-0.11363076799292092, -0.061189230671413415, -0.3596102633281189, 0.1532089636388324, 0.18299583620341542, -0.7255777665801737, -0.07295294888601346, -0.7460641988315598, -0.03397976125801602, 0.48774993190853216, 0.5671087956404283, 0.49812159157092745, -0.030781605367804138]], "inverted": true, "swapped": false, "error_lsq": 0.05517487284622795, "error_max": 0.3981761500945217, "target": "246.xyz", "model": "9.xyz", "model_rescale": 3.877068213659057, "target_rescale": 3.9771440955625312},
{"mapping": [11, 0, 1, 5, 4, 8, 9, 7, 2, 12, 13, 6, 15], "R": [[0.5013275138050413, 0.8498825153990215, -0.16238975928637922], [0.4569438858352065, -0.4194199402365846, -0.784403721899483], [-0.7347605113912137, 0.319040160091127, -0.5986153749688945]], "T": [0.0004465329664347546, 0.08862151156531323, 0.10296860621809494], "aligned_model": [[-0.6699078041931108, -0.376869873791847, 0.3259891579337731, 0.13252140388777583, 0.6628848665567736, -0.10577907605053308, -0.16475911415658762, 0.5689489184923787, 0.4034641098321023, -0.48779975453091345, 0.304022752907059, -0.24464342639279676, -0.04501502425784874], [-0.01786189279648706, -0.5221400353355099, -0.585935144162244, -0.675240494659515, -0.04700225855009044, 0.10203625725994642, 0.5994763271392196, 0.0042302969122363365, 0.5676984161614111, -0.4058740687964576, 0.6012633724445446, 0.13062761113734023, 0.019183839892474575], [-0.18675820219046746, -0.24107891615653637, -0.3350975163552708, 0.20330058596444062, 0.132503787184359, -0.6611381274225795, -0.280932104204882, -0.47666035264912504, -0.11707118602288123, 0.3773495448076079, 0.5955924963457577, 0.667300932551509, 0.06808763419418368]], "inverted": true, "swapped": false, "error_lsq": 0.03260931562040096, "error_max": 0.20377668862859835, "target": "246.xyz", "model": "10.xyz", "model_rescale": 4.260839863003843, "target_rescale": 3.9771440955625312},
{"mapping": [1, 0, 6, 5, 8, 7, 2, 3, 11, 10, 4, 12], "R": [[-0.27320063971887915, -0.813700798792863, 0.513081300089033], [0.9342974843141826, -0.3514334465900156, -0.05985602243761619], [0.22901882294122675, 0.46301786430084935, 0.8562504517236154]], "T": [0.05073112570184736, -0.05057114591775098, -0.015202052392851564], "aligned_model": [[0.5408507545822229, 0.09656089555537507, -0.4696507830298451, -0.3908947411261961, -0.6513877639175383, -0.3974923676931995, 0.21742203989730763, 0.6443965787298636, 0.35853371562333564, -0.08544328596403049, 0.06226881668809793, 0.03373478974873674], [-0.1828357354812816, -0.6685608293422791, -0.526008583217257, -0.12225963096024273, 0.189681477316212, 0.4394812827680413, 0.5761371511987884, 0.2695338525339756, -0.39871144249913376, 0.03681065769984578, 0.6123073636357278, -0.052497058119462696], [-0.5742274317258592, -0.3152041192466937, 0.03389886936408522, -0.633827267241916, 0.24551023624272383, -0.30018639415657355, -0.3562329548218024, -0.05341383882798821, 0.6542645253272319, 0.6946286793946319, 0.17010773725737816, -0.04913996416971325]], "inverted": false, "swapped": true, "error_lsq": 0.04689808102691485, "error_max": 0.3016236132909202, "target": "246.xyz", "model": "11.xyz", "model_rescale": 3.890672605050136, "target_rescale": 3.9771440955625312},
{"mapping": [8, 0, 2, 4, 10, 6, 5, 11, 9, 3, 12, 7, 13], "R": [[-0.12678489670921317, 0.9611289403560531, 0.24526873012368475], [-0.8424488683283943, -0.2348674119882256, 0.484888856376553], [0.5236463446054431, -0.14514978055789074, 0.8394796286899129]], "T": [0.006741382971255386, -0.035431599229043056, -0.19589686349491592], "aligned_model": [[-0.6997881306328485, -0.3488209808820856, 0.5301126424955814, 0.13570901434843075, 0.7962530017979897, -0.15014535229121106, -0.15858250290061082, 0.4972755602407556, 0.31406636584748504, -0.6262422928089576, 0.3063420503699148, -0.2957761522162584, 0.002653912868039336], [0.10593498495668797, -0.5046270397077735, -0.512792563211635, -0.5521057606973059, -0.09679209592594144, 0.1075443368359121, 0.6609874555008146, -0.0769567430924478, 0.6589556769511971, -0.46565910546395617, 0.2802778508149658, 0.20728668892319774, -0.0415914592368473], [-0.19114490388438873, -0.24200091746211444, -0.13447074172071297, 0.25959430519353416, 0.2193702765791108, -0.7316232656318575, 0.10847247596695808, -0.4416895551130969, -0.36677132501715043, 0.32111291888515997, 0.4088337624802038, 0.5634022500149831, -0.02768670424451386]], "inverted": false, "swapped": false, "error_lsq": 0.04776378711084321, "error_max": 0.33580220980484343, "target": "246.xyz", "model": "12.xyz", "model_rescale": 4.124412569039231, "target_rescale": 3.9771440955625312},
{"mapping": [2, 8, 9, 6, 3, 10, 4, 7, 5, 1, 0, 1, 12], "R": [[-0.5638787152110198, -0.7251504301757813, -0.39521848153628814], [0.47030516359967034, -0.6753337928149215, 0.5680997459722197], [-0.6788621713009625, 0.13446606225398464, 0.7218483431292549]], "T": [0.15316188926296515, -0.017145281128621855, -0.05626790751225645], "aligned_model": [[-0.6901194811450018, -0.31083127117899567, 0.4077392209916345, 0.10458510616238179, 0.6885246166289898, -0.12591006905102298, -0.30113390368749293, 0.5447003536235218, 0.44334713595378494, -0.41364435071318195, 0.29844281445832993, -0.41364435071318195, 0.07100131490645922], [0.03027979153765461, -0.5580104022121681, -0.5501269048296346, -0.5658633439997661, -0.21887708161571162, 0.1508914487135704, 0.6240419650760034, 0.06985231326394947, 0.6547277790054122, -0.12146530085183632, 0.36126473743157206, -0.12146530085183632, 0.015212525979658796], [-0.22662901356167298, -0.1403594573659976, -0.30073108054111064, 0.3234182766011738, 0.36969500940114747, -0.7184553219231986, -0.02850996159454132, -0.5381462365665177, -0.25152413082237085, 0.5188080167949463, 0.3590232000516763, 0.5188080167949463, -0.1399987412223649]], "inverted": false, "swapped": false, "error_lsq": 0.0515431617352978, "error_max": 0.41379405578449546, "target": "246.xyz", "model": "13.xyz", "model_rescale": 3.9028299243045295, "target_rescale": 3.9771440955625312},
{"mapping": [7, 10, 13, 5, 12, 9, 6, 11, 1, 4, 2, 0, 15], "R": [[-0.6337454484644087, -0.6529339776320157, 0.41478178287417544], [0.6849126591675775, -0.22442170956624813, 0.6932023842914566], [-0.35952935326985924, 0.7234031497920069, 0.5894289838550186]], "T": [0.04959961665273869, 0.0039985743570270064, 0.06733720766950146], "aligned_model": [[-0.7201846237215221, -0.3224698097598026, 0.38789918026658265, 0.13956347926831417, 0.7167755248211846, -0.18461177251264096, -0.16323604949068835, 0.4827086904955611, 0.390866360240965, -0.4756294195561337, 0.3029499998577246, -0.24010224261712357, -0.011472181056194963], [-0.035379663517906654, -0.5512724640056441, -0.6953255750775649, -0.4438293815058994, -0.19004296541449794, 0.17809923864352584, 0.5807262282776724, 0.13903985503480795, 0.5135026809548244, -0.32392700510438055, 0.509304543982343, 0.06739390288612972, 0.022172831493459128], [-0.4085929694473286, -0.2621943051386934, -0.10339794123517237, 0.2985480617098585, 0.029068717189849755, -0.6507710295370391, -0.19052797933663357, -0.5157897690738519, -0.14746812472118678, 0.34295024752920666, 0.5391732278573312, 0.8414626976909841, -0.027062257441209325]], "inverted": true, "swapped": false, "error_lsq": 0.04011031128310812, "error_max": 0.2412434385387327, "target": "246.xyz", "model": "14.xyz", "model_rescale": 3.942246331269136, "target_rescale": 3.9771440955625312},
{"mapping": [5, 2, 7, 0, 8, 9, 4, 6, 11, 1, 13, 12, 14], "R": [[0.4365130733242389, -0.5974014031798331, -0.6727316703528938], [-0.6733328827089309, 0.2790113918005716, -0.6846717989726094], [0.5967236930773816, 0.7518405460762774, -0.28045788881009626]], "T": [-0.0368695190748104, 0.1211252311729267, -0.06751838244661962], "aligned_model": [[-0.5854017167709589, -0.24537012481918674, 0.3487802745530129, 0.08324279604228221, 0.651906069978456, -0.0704654348825178, -0.18255912122752657, 0.4167965438591664, 0.5336485656730257, -0.5923449071327663, 0.19109946214901574, -0.19476892118963307, -0.05150634999614489], [-0.1708765794406268, -0.5921817395959056, -0.5396853077247671, -0.5647057212093989, -0.1648571629571655, -0.08173209376260451, 0.6878521554140679, 0.07242505332041692, 0.5552483424189447, -0.21624369012961633, 0.6098564305164436, 0.13715320094961359, 0.038209338847466606], [-0.19646383168060472, -0.24178421815834683, -0.449072017582751, 0.16896929033955757, 0.13898388015536237, -0.8459029444038848, -0.03203444118632737, -0.39094501300993606, -0.08005887343734705, 0.41649684456761454, 0.5408415479345114, 0.7342840503006052, -0.01791569779233816]], "inverted": true, "swapped": false, "error_lsq": 0.04466505489505963, "error_max": 0.23562975323659865, "target": "246.xyz", "model": "15.xyz", "model_rescale": 4.355366556412066, "target_rescale": 3.9771440955625312},
{"mapping": [6, 10, 8, 1, 5, 0, 2, 9, 4, 11, 3, 12], "R": [[-0.6437195807456202, -0.11305212570344819, -0.7568647952168306], [0.06396634445399477, 0.9776176474016075, -0.2004296441800441], [0.762583377829517, -0.1774343607165138, -0.6220800909008792]], "T": [-0.035099004542607316, -0.027852200697120143, -0.06797115885617344], "aligned_model": [[-0.3016763502263712, 0.5954375272893011, 0.22541673201746873, -0.5183120269601041, -0.6498166109438166, -0.6030549001826403, 0.01947306777626933, -0.1275841070460452, 0.46570854071173934, 0.38980454641975965, 0.16932709595260703, -0.06691496017638712], [-0.6481639574705553, -0.33869680241131805, -0.6826397202351471, 0.550345164910517, -0.2688600825597436, -0.06514880705501877, 0.3959852061366616, 0.4201786265772725, 0.10809555540374056, -0.03854524590571044, 0.6141324583491171, -0.033905967998835114], [0.14035270299214092, 0.1213382001213929, -0.417324863342841, -0.018843484626719087, -0.4512559966032712, 0.3193890359270088, -0.6631475767801148, 0.5168289169709156, -0.5202882656615702, 0.62735051512942, -0.11728330503651185, -0.08785741788042917]], "inverted": true, "swapped": true, "error_lsq": 0.04869266417255911, "error_max": 0.26071300861380287, "target": "246.xyz", "model": "16.xyz", "model_rescale": 3.795458400668931, "target_rescale": 3.9771440955625312},
{"mapping": [10, 9, 8, 6, 3, 11, 4, 7, 7, 5, 0, 1, 12], "R": [[0.17680260766344302, 0.9837808977279706, -0.030265214173286745], [-0.9672132155874028, 0.17935665505972342, 0.17980485499247206], [0.1823168492391286, -0.002517052112230189, 0.983236609841284]], "T": [0.006146477188442023, 0.06020788907917405, -0.02395233785971744], "aligned_model": [[-0.7092548615815459, -0.46553802227312496, 0.3113145762005441, 0.19294557119818107, 0.7579919827755399, -0.06199858145710549, -0.17530657972674912, 0.528376924851002, 0.528376924851002, -0.4733837845778699, 0.2671545112126515, -0.2508693330599718, -0.14675219217632843], [0.06374746565436153, -0.677922174158294, -0.4377172842131232, -0.4793401303602526, -0.14252965098207526, -0.051687113336829425, 0.6191123166797704, 0.38658687360059046, 0.38658687360059046, -0.3739262459604078, 0.2754113209964297, 0.0831527154972824, 0.11898725962882581], [-0.1885489931595859, -0.19894839995071517, -0.3654632827237283, 0.338497498978308, 0.19054186310689508, -0.822811604964711, -0.2888984028028604, -0.25204617281122865, -0.25204617281122865, 0.4051803745598726, 0.4624350350583725, 0.7811644364387907, -0.06365760287206551]], "inverted": true, "swapped": false, "error_lsq": 0.05198300716838926, "error_max": 0.4118515757050593, "target": "246.xyz", "model": "17.xyz", "model_rescale": 3.7474275329858107, "target_rescale": 3.9771440955625312},
{"mapping": [12, 7, 2, 1, 0, 9, 5, 6, 4, 11, 8, 3, 13], "R": [[0.7166815242124732, -0.588685400355847, -0.37392123804400634], [-0.4052509420386702, -0.7878876146573391, 0.46368607984965315], [-0.5675731378679375, -0.18078331249715657, -0.8032298096393703]], "T": [-0.05342056903117576, -0.023706022427389194, 0.03544572227328034], "aligned_model": [[-0.6686070197807549, -0.44639598131703984, 0.3952658976629262, 0.11534984558710942, 0.7626645634236697, -0.0525699477109825, -0.29366454273758985, 0.46222289996202937, 0.44232224035926887, -0.5981797233806373, 0.22019964360658062, -0.0778802897540957, 0.042329550315740774], [0.10970938901026842, -0.5858600289016641, -0.4936067991985611, -0.5879851975200804, -0.07023588778452874, 0.0952630324390075, 0.6314051780961288, 0.0361020765187175, 0.5915702714461007, -0.34280865787643644, 0.49212563425436073, -0.04527222062799737, -0.059944563208446655], [-0.3682656624046305, -0.27595832455330344, -0.25039765862803476, 0.3982459104154046, 0.2114639571152217, -0.6230144559331479, -0.15516404850639565, -0.5351098102083863, -0.21930900517172291, 0.386369693537693, 0.4548549882888635, 0.713329047386506, 0.008353944708048296]], "inverted": false, "swapped": false, "error_lsq": 0.03755910492711852, "error_max": 0.29124941243602237, "target": "246.xyz", "model": "18.xyz", "model_rescale": 3.922800546911778, "target_rescale": 3.9771440955625312},
{"mapping": [3, 12, 13, 8, 4, 7, 9, 11, 10, 5, 6, 1, 14], "R": [[-0.3778816864981998, 0.8517375797933432, -0.3629717980464254], [-0.7306198175998256, -0.033525898409088206, 0.6819609198966325], [0.5686827877997312, 0.5228949314189633, 0.6349651782237229]], "T": [-0.03674478894201639, -0.01744801220447528, 0.0688902779204615], "aligned_model": [[-0.5842355371228566, -0.40993748993037493, 0.35119363352646554, 0.16272744785098361, 0.6863749982459456, -0.16766109935417853, -0.1520291993130057, 0.41080345563577503, 0.448179382129928, -0.5782456390382655, 0.4079891180719203, -0.21328035809537121, -0.05882157637074048], [0.04210873237560163, -0.6093683053061403, -0.44981342959273063, -0.480279438416334, 0.013607624354072732, -0.057365482356987574, 0.6275986621696269, 0.14009307064125742, 0.6255596038298329, -0.4505786817138881, 0.13054228842669416, 0.2459292714788423, -0.007571689242979206], [-0.25646509458245664, -0.2902359103615488, -0.2976853255224447, 0.4158608122329777, 0.0682121132316303, -0.7181793087765124, -0.4141909559515534, -0.4622641146622756, 0.024276364223392813, 0.38780777926067106, 0.5749321682658429, 0.7378077789616171, -0.024477730273224876]], "inverted": true, "swapped": false, "error_lsq": 0.047382669047585826, "error_max": 0.30856484422937397, "target": "246.xyz", "model": "19.xyz", "model_rescale": 3.9282355846067225, "target_rescale": 3.9771440955625312},
{"mapping": [11, 0, 1, 3, 5, 10, 9, 2, 7, 4, 6, 8, 13], "R": [[-0.6452939818381727, 0.22368816134876607, 0.730451424446448], [-0.6873845692110524, -0.587204235144742, -0.42742676593612516], [0.3333138626189624, -0.7779169574578558, 0.532679149475123]], "T": [0.03457689089684217, 0.11441702622586478, 0.03839773106412955], "aligned_model": [[-0.6219590908217855, -0.3083708785353414, 0.30160666195496744, 0.1748374727832192, 0.6711796289141337, -0.11725102678071116, -0.46129727444948315, 0.5994572391975063, 0.4385671011085576, -0.38275848951307717, 0.3883876069520707, -0.42414598676519644, 0.044804172191364885], [-0.055144411648646835, -0.5681800730768839, -0.49459709575208977, -0.5719615259024267, -0.15004499443835953, 0.10783525316663298, 0.5873214387718783, 0.018221537496512397, 0.5783345332373752, -0.2227055069232823, 0.1448747330398428, 0.3957108073545733, 0.000797531321742373], [-0.1930598132515414, -0.1996044026695877, -0.3069972557360252, 0.3132913859358316, 0.15014273463777975, -0.8096230898291786, -0.05591586273008475, -0.5535252625859899, -0.059939612406914144, 0.3723848907589633, 0.5867902541324009, 0.5760488347884302, -0.07459422499796887]], "inverted": true, "swapped": false, "error_lsq": 0.0463943209761574, "error_max": 0.32395767547506876, "target": "246.xyz", "model": "20.xyz", "model_rescale": 4.067790424073018, "target_rescale": 3.9771440955625312},
{"mapping": [3, 11, 10, 13, 1, 12, 0, 9, 7, 6, 8, 4, 14], "R": [[0.19335905594294117, 0.9732159183433424, 0.12435051977365907], [0.14190703309748764, 0.09766841395878584, -0.9850498844587741], [-0.970811345958793, 0.20811452904086225, -0.11922111121683532]], "T": [-0.048827344404397274, 0.0007801565379490644, 0.08548789971207497], "aligned_model": [[-0.7845336897375709, -0.29488400548019766, 0.4231106545813703, 0.22555130525050243, 0.7704627398699592, -0.11564415182223685, -0.20473417363274865, 0.49475613074188995, 0.45636442468033145, -0.6262562083542558, 0.2408895559944294, -0.27193867912421654, -0.010086766731031371], [0.031104382621402485, -0.49595484750439056, -0.5272156202560727, -0.6363844884943578, -0.028548168960491907, -0.04347017464949493, 0.6652824045105242, 0.023116343045621296, 0.5258857589685901, -0.30810770571667595, 0.3684426515210563, 0.23795886524551868, -0.0416471736843609], [-0.34061259477222455, -0.24729237205660065, -0.32655797923183066, 0.17962119250270248, 0.12025438374474684, -0.6764775124517426, -0.11095001047919863, -0.46955083748477194, -0.07485342357603374, 0.4300471810044459, 0.4111507685367945, 0.817908603400624, 0.03271117690920462]], "inverted": false, "swapped": false, "error_lsq": 0.0357513071467163, "error_max": 0.19172620612907917, "target": "246.xyz", "model": "21.xyz", "model_rescale": 4.186013935880536, "target_rescale": 3.9771440955625312},
{"mapping": [2, 5, 3, 11, 4, 0, 1, 6, 7, 8, 10, 9, 12], "R": [[0.3624211616597788, 0.6337003055512497, -0.6834287265878052], [0.9147396065834795, -0.10132514253180991, 0.3911325448468962], [0.17861230004867323, -0.7669140357531352, -0.6163931440535021]], "T": [-0.003912504094380799, -0.006690496427752874, 0.004720404043502022], "aligned_model": [[-0.7006335786015806, -0.27675627082531895, 0.46459192201871696, 0.10038120617113408, 0.6998378003402088, -0.17349746526330276, -0.28781269619943595, 0.38697393547781483, 0.4068214655189239, -0.5694295660365732, 0.44780073930269526, -0.2242948991675678, 0.0290745435005104], [-0.15413908035980373, -0.5661595142604113, -0.697273124116606, -0.49350735912347043, -0.07914956805647233, 0.20201999097970033, 0.6322064294647506, -0.012333323999887553, 0.5987226378868463, -0.2765561366906021, 0.38448071326931743, 0.2705795726984185, -0.03842901104491129], [-0.20152668635768894, -0.4547243403559629, -0.39016931699692164, 0.3934338497924379, 0.1693452524576825, -0.6657043228258532, -0.21053440993325293, -0.39154819031234384, -0.050923848902539634, 0.4463436819188977, 0.5871632450860286, 0.5146259530885245, -0.00038229061289214716]], "inverted": true, "swapped": false, "error_lsq": 0.0483008727927439, "error_max": 0.26322354391234093, "target": "246.xyz", "model": "22.xyz", "model_rescale": 4.166573947596378, "target_rescale": 3.9771440955625312},
{"mapping": [6, 1, 4, 0, 8, 2, 12, 3, 9, 5, 10, 13, 15], "R": [[-0.1580885996292467, -0.9239128211454302, 0.3484151167649828], [0.7780144506264135, 0.10072766844754022, 0.6201189010388273], [-0.6080308456680008, 0.36910572432870137, 0.7028936299213708]], "T": [0.07374808665870021, 0.12552872501326226, -0.05173829364071392], "aligned_model": [[-0.6416964108364026, -0.30950727490722446, 0.4072630287051156, 0.14166880283815092, 0.8142113378671165, -0.14259279203347758, -0.31133518648856096, 0.4220009702916168, 0.5228139435522059, -0.464983692565125, 0.1704765967083428, -0.3342597470013266, 0.02899756010579383], [0.022527714164994633, -0.4639405943798848, -0.45685217485675855, -0.6594780215876952, -0.16582995316030627, -0.1430739272960009, 0.6254954296641373, 0.10611127313157742, 0.5240111532647642, -0.25945395606189503, 0.297257701231037, 0.27041094372789043, 0.07327663880500837], [-0.2897248368213715, -0.1689573628756041, -0.35082654861398255, 0.16252077137793455, 0.09284190723063224, -0.6295431729626328, -0.2281625612797031, -0.5414009771482946, -0.05261967289070757, 0.4508732726088711, 0.6708224215762496, 0.6758274348458079, -0.04625209900108363]], "inverted": false, "swapped": false, "error_lsq": 0.04131778815764176, "error_max": 0.27594380268758945, "target": "246.xyz", "model": "23.xyz", "model_rescale": 4.274766983524099, "target_rescale": 3.9771440955625312},
{"mapping": [5, 2, 1, 0, 9, 11, 6, 10, 8, 4, 12], "R": [[-0.7953173715529205, -0.3238409090768838, 0.512442527620817], [-0.4625177598274508, 0.8706166362679869, -0.16764246030648888], [-0.39185150293236176, -0.3703427308071183, -0.8421987065936256]], "T": [-0.04148242554907643, 0.12317495933861766, 0.036047568480570356], "aligned_model": [[0.30565498189602847, 0.28451424554031757, -0.4336332554474862, -0.451387044807259, -0.7744983022682499, -0.5715742325888135, 0.026540844553477702, 0.04172470557450993, 0.6114275190872279, 0.36761727516988785, -0.026492032751565742], [-0.1290111630770409, 0.7432140456347045, 0.4402052084786203, -0.25004710838819827, 0.24052353988946681, -0.027514278038527296, -0.5781697118172382, -0.013240466676113616, -0.21103181632972168, 0.585026051472825, 0.11563223009470679], [-0.5954328996256136, -0.17872889406894402, -0.5260290230484451, -0.37223707244176163, 0.022145044215535502, 0.6364016548316422, -0.016273318403938593, 0.7463335127743937, 0.32008557803061183, 0.3413535763602745, 0.0019482753978224132]], "inverted": true, "swapped": true, "error_lsq": 0.055367548753162896, "error_max": 0.3627908807935642, "target": "246.xyz", "model": "24.xyz", "model_rescale": 3.7841303162186577, "target_rescale": 3.9771440955625312},
{"mapping": [4, 2, 12, 9, 14, 3, 6, 13, 11, 8, 7, 0, 15], "R": [[0.03014586263029745, 0.9048460625171091, 0.4246702604534007], [0.9947550767522464, 0.014387040414471752, -0.10126870367366492], [-0.09774233597529493, 0.4254957299614137, -0.8996665046241836]], "T": [0.0029802984470564398, -0.02089740757108412, 0.10377105331906665], "aligned_model": [[-0.6193831788952502, -0.3567168628144124, 0.2831617704513842, 0.22773151724474308, 0.696674388834462, -0.05047663710105893, -0.2738734963760998, 0.5729200509419055, 0.44426046588090634, -0.39512048856946536, 0.09104097272252842, -0.3002864012940972, -0.016874964789320532], [0.006097849243864906, -0.6572807636936918, -0.5104344396456099, -0.5521213063378889, -0.4030980691752664, 0.22549054406489774, 0.569947126799155, 0.052975425365092116, 0.5753232225975146, -0.31993322711366984, 0.5170511470524547, 0.23517954347726303, 0.03126517401275286], [-0.3068861042202149, -0.0817746395918411, -0.4032040381807904, 0.20087289446573847, 0.058936629697517603, -0.6613676406205229, -0.20652101029175418, -0.4269939420895742, -0.09427021297055845, 0.42244192686445825, 0.45825974189016017, 0.7232739615620261, 0.06263100953147077]], "inverted": false, "swapped": false, "error_lsq": 0.04293696537796175, "error_max": 0.25805138863191246, "target": "246.xyz", "model": "25.xyz", "model_rescale": 4.19342608120988, "target_rescale": 3.9771440955625312},
{"mapping": [6, 10, 8, 1, 5, 0, 2, 9, 4, 11, 3, 12], "R": [[-0.6437195807456202, -0.11305212570344819, -0.7568647952168306], [0.06396634445399477, 0.9776176474016075, -0.2004296441800441], [0.762583377829517, -0.1774343607165138, -0.6220800909008792]], "T": [-0.035099004542607316, -0.027852200697120143, -0.06797115885617344], "aligned_model": [[-0.3016763502263712, 0.5954375272893011, 0.22541673201746873, -0.5183120269601041, -0.6498166109438166, -0.6030549001826403, 0.01947306777626933, -0.1275841070460452, 0.46570854071173934, 0.38980454641975965, 0.16932709595260703, -0.06691496017638712], [-0.6481639574705553, -0.33869680241131805, -0.6826397202351471, 0.550345164910517, -0.2688600825597436, -0.06514880705501877, 0.3959852061366616, 0.4201786265772725, 0.10809555540374056, -0.03854524590571044, 0.6141324583491171, -0.033905967998835114], [0.14035270299214092, 0.1213382001213929, -0.417324863342841, -0.018843484626719087, -0.4512559966032712, 0.3193890359270088, -0.6631475767801148, 0.5168289169709156, -0.5202882656615702, 0.62735051512942, -0.11728330503651185, -0.08785741788042917]], "inverted": true, "swapped": true, "error_lsq": 0.04869266417255911, "error_max": 0.26071300861380287, "target": "246.xyz", "model": "26.xyz", "model_rescale": 3.795458400668931, "target_rescale": 3.9771440955625312},
{"mapping": [5, 6, 0, 1, 9, 7, 10, 3, 4, 6, 11, 8, 12], "R": [[0.7029381742466546, 0.30195646365610673, -0.6439722177571624], [-0.46617303832666646, 0.879414381564887, -0.09650411304256308], [0.5371783889212821, 0.36803891037925013, 0.7589379018884156]], "T": [0.18060534288276897, -0.016362583947990166, 0.09023035769632215], "aligned_model": [[-0.547036905350851, -0.481723428341172, 0.3031202086965352, 0.14376826036253698, 0.5997616334722017, -0.16016200833151423, -0.06726131581344635, 0.5423199486903652, 0.5301577146834922, -0.481723428341172, 0.17457257284365874, -0.3396603846393196, 0.08692426830491053], [0.07856449750239455, -0.508361739978021, -0.6037253899075505, -0.5349225582381033, -0.03024077169686637, 0.06476490053111145, 0.5654825818648714, 0.023324515442288467, 0.7227465203779594, -0.508361739978021, 0.5734700644087101, -0.04629031602469541, -0.025988337657209135], [-0.07825131986260231, 0.1113108925706508, -0.4853287043666956, 0.3732352215535779, 0.18236987190994403, -0.6429163140126275, -0.23795366238419535, -0.5521589611246703, -0.08410854762193071, 0.1113108925706508, 0.49474938611341746, 0.5993272185438718, -0.04618739784327561]], "inverted": false, "swapped": false, "error_lsq": 0.0607955724186379, "error_max": 0.3593274178439587, "target": "246.xyz", "model": "27.xyz", "model_rescale": 3.6321398670334006, "target_rescale": 3.9771440955625312},
{"mapping": [8, 10, 13, 11, 13, 12, 7, 6, 4, 0, 1, 5, 14], "R": [[0.3997831690241853, -0.7471072239273568, -0.5310406893266637], [0.34463866260758813, -0.41432292697626516, 0.8423542630140087], [-0.8493512877490874, -0.5197762096685256, 0.0918427017328447]], "T": [-0.09215089674702383, -0.02715589495612392, -0.029100094710464996], "aligned_model": [[-0.5270518934392435, -0.5366822299607709, 0.6557562600023339, 0.07194096200667298, 0.6557562600023339, -0.15546751273409973, -0.3429652995350765, 0.5222286425097428, 0.38559208898415853, -0.4880815620849825, 0.2667409800284954, -0.16976608196355447, -0.03494347757978456], [0.034335910369446054, -0.6580325693436371, -0.3530746626451432, -0.5963240622236834, -0.3530746626451432, 0.17983817836959803, 0.641709073638979, 0.09691663481821716, 0.6487671739913441, -0.24801691777085208, 0.30755499526225344, 0.09771216482205275, -0.027849029996563034], [-0.30133068951655806, -0.12427440060006399, 0.000718920451219008, 0.219188639787815, 0.000718920451219008, -0.8270062236554184, -0.3300970600509833, -0.48850321424580834, -0.06593617496234579, 0.3997017372190639, 0.42524827042368146, 0.8371291891629444, -0.00015933841864947465]], "inverted": false, "swapped": false, "error_lsq": 0.04614685432170383, "error_max": 0.3511367614964951, "target": "246.xyz", "model": "28.xyz", "model_rescale": 4.156811204709835, "target_rescale": 3.9771440955625312},
