[{"mapping": [12, 10, 0, 3, 2, 9, 6, 7, 5, 11, 13], "R": [[-0.325606673883536, 0.6736460194014904, 0.6634616299885225], [-0.9436011010359002, -0.2760300486046338, -0.18282334203038797], [0.05997712936059335, -0.6855716248590296, 0.7255303516337634]], "T": [-0.22657817610942144, 0.16141048652559703, 0.05278624907103415], "aligned_model": [[-0.41915454265753277, 0.18767298568337298, -0.5530446338573815, -0.4104622807155255, -0.12128867138964752, 0.09926818394401937, 0.06019430936440012, 0.5007747208471993, -0.4449701179316478, 0.08171400243860355, -0.07682952033629603], [-0.3516016315453266, -0.7568696560374406, 0.1577901792354096, 0.6504089563986415, 0.6972160154337823, -0.1828048013953777, 0.8195317739619701, 0.02020723609807673, 0.270999650804015, -0.22986264443921894, 0.09757244179170885], [0.23947507501709317, 0.02856891293857896, 0.7519421543748873, 0.06913979097378276, 0.5941593189562917, 0.6114302832874842, -0.21024264057021938, 0.20249893334655952, -0.6632419872866339, -0.43601136802052165, 0.05910339986037761]], "inverted": false, "swapped": false, "error_lsq": 0.04686709337973165, "error_max": 0.29825199967151533, "target": "248.xyz", "model": "0.xyz", "model_rescale": 3.8414455957264533, "target_rescale": 3.806180865312411},
{"mapping": [0, 7, 13, 12, 8, 9, 10, 6, 1, 4, 14], "R": [[0.6521139086067552, -0.7462950010646487, 0.13338373809252985], [0.6123762592484461, 0.4148119452513486, -0.6729980439686821], [0.44692590807705534, 0.520552419514796, 0.727517980002413]], "T": [-0.030200253056614598, 0.07249961278545108, 0.031057724586703236], "aligned_model": [[-0.5399785858777113, 0.004081021505164928, -0.5229678741152562, -0.40805542956562985, -0.019824296858130468, 0.1602415563034184, 0.14531826272356213, 0.7013659064252749, -0.5695665064246069, 0.02220923903644076, -0.06894885776296275], [-0.43475157379395074, -0.5393109065762816, 0.034170738509243404, 0.7193112156725141, 0.5768202893023606, -0.17948310705253506, 0.7144431990033078, 0.30494663042546855, 0.18871540104196655, -0.3110279631828609, 0.1187535969570075], [-0.06026398480979685, 0.224623436291717, 0.6059994343906235, 0.17648729456159512, 0.6392150991790572, 0.6358273552264777, -0.1285761789002165, 0.17530235039585657, -0.6353324212411244, -0.35101174351904496, -0.03544876869746447]], "inverted": false, "swapped": false, "error_lsq": 0.05035244557468502, "error_max": 0.29696285841298703, "target": "248.xyz", "model": "1.xyz", "model_rescale": 4.316132596720782, "target_rescale": 3.806180865312411},
{"mapping": [10, 7, 1, 2, 0, 9, 4, 5, 6, 3, 11], "R": [[-0.8190055981098538, -0.09561500456282597, 0.5657628488750136], [-0.25533973271642973, -0.8222707940281395, -0.5085984291999291], [0.5138399081046771, -0.5610066953172518, 0.6490300737625285]], "T": [-0.17009170860185474, 0.08339275139436975, 0.1606397574089717], "aligned_model": [[-0.5901739632729395, 0.2516301522154861, -0.45632259115313595, -0.5696316184328639, 0.13971317348955947, 0.0378379693261503, 0.06147379180736251, 0.46674510187992246, -0.4681082641465538, 0.19888881087149712, -0.1681781271949213], [-0.36654022934100544, -0.6975270358128642, 0.16824035015903552, 0.8163360027683861, 0.6193552858519551, -0.29989145794132865, 0.6633222552386208, 0.09536760672460382, 0.1587259025241653, -0.10741779199181989, 0.14261663212649156], [0.02526246704486454, 0.047608443886016566, 0.613927778718373, 0.2229891957586164, 0.5080288120387508, 0.7604813774576952, -0.29145417168976395, 0.2609161832139193, -0.6019918784163714, -0.3477515501691121, 0.04880521503469158]], "inverted": false, "swapped": false, "error_lsq": 0.047706272762540955, "error_max": 0.2745535792551087, "target": "248.xyz", "model": "2.xyz", "model_rescale": 3.795458400668931, "target_rescale": 3.806180865312411},
{"mapping": [6, 2, 5, 9, 4, 10, 7, 0, 8, 1, 11], "R": [[0.25911300700456724, 0.1720188635535084, 0.9504051558060966], [-0.9414566325845112, -0.17475804781778964, 0.2883037177796157], [0.21568462755533657, -0.9694684808206375, 0.11666621675378513]], "T": [-0.09692116079379348, 0.0728567301988689, 0.11670226841901021], "aligned_model": [[-0.4756419519832757, 0.041946369342003714, -0.5743235942835898, -0.6901613528373167, 0.1370207874272525, 0.058244197347560034, 0.079111343564988, 0.6781530561603579, -0.5430103543828545, 0.18158371043286592, 0.010952224601571789], [-0.30182877682465975, -0.6790416178037877, 0.18016990208141093, 0.7069247068125768, 0.4273962361705973, -0.19819550961224125, 0.7410756074220122, 0.17924249900827244, 0.12939130584118572, -0.1493954067431369, 0.15684857395401033], [-0.13524540425973836, 0.17228998972361068, 0.6210785319244936, 0.09264985929985303, 0.596835205105779, 0.7811306921987347, -0.20856437012203272, 0.1289485161497315, -0.5223370184416176, -0.40224654050859987, 0.12228241180746666]], "inverted": true, "swapped": false, "error_lsq": 0.04640537407736416, "error_max": 0.22973584917344841, "target": "248.xyz", "model": "3.xyz", "model_rescale": 3.7530521520055578, "target_rescale": 3.806180865312411},
{"mapping": [9, 8, 4, 2, 0, 6, 1, 7, 3, 5, 10], "R": [[-0.9775042103146828, 0.20655347732074342, -0.042675283523110646], [-0.0497595049677218, -0.4224657441897227, -0.905011981496152], [-0.2049622172070648, -0.8825295213152552, 0.4232400424400214]], "T": [-0.14809324189314352, 0.09259829964214264, 0.05469812080000624], "aligned_model": [[-0.41475165276117376, 0.3217123864663628, -0.5640179136336833, -0.5225109762300884, 0.16160634015830874, -0.0871010601054676, 0.10727127671230538, 0.44114204135428237, -0.6335138539631505, 0.20814134063368936, -0.11410349324182163], [-0.36417425879886123, -0.6633438862381936, 0.22427387329374576, 0.6592864477598077, 0.4908361505467501, -0.2021728794149583, 0.7613316757542711, 0.0014511866077202284, 0.2378663318904103, -0.10286034145616171, 0.15009322036170974], [-0.07802674729863796, 0.27676472167075616, 0.6457811227148101, 0.06034489191015257, 0.7071651075157818, 0.7297725229202352, -0.2807277355689296, 0.11507133766993125, -0.5139263715310901, -0.5389790505836072, 0.12358207345827779]], "inverted": false, "swapped": false, "error_lsq": 0.05565651843518126, "error_max": 0.25343827998721846, "target": "248.xyz", "model": "4.xyz", "model_rescale": 3.7855080009869324, "target_rescale": 3.806180865312411},
{"mapping": [3, 1, 5, 10, 7, 4, 8, 6, 9, 12, 16], "R": [[-0.4081291059697241, -0.004725443875906954, 0.9129119908515441], [0.30931412293793814, 0.9401239740974237, 0.14314917631059285], [-0.8589268922390824, 0.34079991711771696, -0.38223031052111694]], "T": [-0.03213476911121206, 0.07321237698975382, -0.0435731593359112], "aligned_model": [[-0.703598787218229, 0.16200349808900066, -0.5427580963309636, -0.4790823525555412, -0.00955390749608441, 0.1710240915140815, 0.1657566703373493, 0.510438197473685, -0.6419046669021544, 0.32887275852123915, -0.05732297004281979], [-0.094686977479004, -0.6301451202784942, 0.09350905034537614, 0.6376639377104851, 0.47554626290672686, -0.14205008219528392, 0.7412212759291112, 0.23855658403315777, 0.1533697429093504, -0.3403331678628203, 0.059936014287635085], [0.01441377501825504, 0.15817545462318194, 0.5840852727503862, 0.06866127088712538, 0.5880810346718349, 0.6342095011684651, -0.14313702373672704, 0.2794638930209582, -0.40227845297666315, -0.4457160572409291, -0.08913679530820719]], "inverted": false, "swapped": false, "error_lsq": 0.05154570907381568, "error_max": 0.26774959999437464, "target": "248.xyz", "model": "5.xyz", "model_rescale": 4.2253639853439635, "target_rescale": 3.806180865312411},
{"mapping": [4, 1, 2, 6, 5, 10, 11, 8, 7, 9, 13], "R": [[0.16024611175194395, -0.9847907818046124, 0.06714387344385164], [-0.049581361185383255, -0.07596765491924176, -0.9958768016321476], [0.9858310566681232, 0.15625630060490836, -0.061000788764412395]], "T": [-0.11743354450057801, 0.07886580212949297, 0.0025973639979728347], "aligned_model": [[-0.543795447967805, 0.08502012371283825, -0.4969188119064275, -0.506458753296884, 0.008168730077072237, 0.09608261276720677, 0.14243338688104917, 0.5995201844216944, -0.6063018362939367, 0.30446216752412275, -0.17833792052936698], [-0.4317521004618646, -0.6181442505538189, 0.16945578966173075, 0.5910936220631549, 0.4663505333623141, -0.12203449204642834, 0.8061859164724048, 0.07596188781004891, 0.30846661280595306, -0.1344092786994167, 0.08141327989216261], [0.24425041494401786, 0.11166285186469108, 0.5484508223712368, 0.002472744144492507, 0.48718060569441646, 0.7254821382011415, -0.09242062408691051, 0.18101763600977408, -0.5785071679432843, -0.38355568280856983, 0.0007881344866740826]], "inverted": true, "swapped": false, "error_lsq": 0.04939975648297452, "error_max": 0.3010405625212827, "target": "248.xyz", "model": "6.xyz", "model_rescale": 3.89814844738969, "target_rescale": 3.806180865312411},
{"mapping": [5, 3, 2, 10, 4, 0, 11, 7, 9, 8, 12], "R": [[-0.2056478588704596, 0.8826800723907838, -0.4225930050843208], [-0.6168860265202439, -0.4521482482554499, -0.6442154855974771], [-0.759710858436327, 0.12821018447740126, 0.637496321691514]], "T": [-0.058033377593166326, 0.04542834789933639, 0.17132865173503495], "aligned_model": [[-0.7805833149861783, 0.42246176896268695, -0.4930944016785506, -0.5864767949160721, 0.06646962092491743, 0.0015725852595993503, 0.2165888873746997, 0.5787671926803635, -0.5844359769735432, 0.21520058365795638, -0.15259571491631566], [-0.19145040759255258, -0.5971307315050702, 0.2872065971165828, 0.5517254955516541, 0.5631234906844852, -0.3702622143454105, 0.6320640145013853, 0.0666925835333797, 0.13276322929659662, -0.062345906539887114, 0.18020136960507654], [0.015166405353917639, 0.07846218695284375, 0.6751272504311671, 0.1137576866628476, 0.5346281574888198, 0.5892507415093731, -0.31424479840129504, 0.33041210633721374, -0.5450642578414928, -0.4381093556240594, 0.20743575000834508]], "inverted": true, "swapped": false, "error_lsq": 0.05628406930010115, "error_max": 0.31273699110551495, "target": "248.xyz", "model": "7.xyz", "model_rescale": 3.7474275329858107, "target_rescale": 3.806180865312411},
{"mapping": [0, 10, 3, 2, 8, 7, 4, 9, 1, 12, 14], "R": [[-0.21285208404318293, -0.22156567908855573, -0.9516315674506081], [-0.8486008398445173, 0.5246911457828572, 0.06764477919435008], [0.48432489604980417, 0.8219536795872988, -0.29970242521415585]], "T": [-0.028055765947660835, 0.0514823528788097, 0.07586294149706405], "aligned_model": [[-0.5853804693032162, 0.055186794154946484, -0.5468775175208116, -0.5337130264656899, 0.015024202901858894, 0.2790587714446761, 0.11781866666676212, 0.5799573005365358, -0.6169233984158914, 0.17668541126726417, -0.03696229987687116], [-0.2995876215553351, -0.7023969406227011, 0.1853790476696979, 0.7090735690854493, 0.6331161107648491, -0.338639379225536, 0.8022339637027582, 0.1716546815944295, 0.11167785618398911, -0.17596669218135594, 0.09604292488999502], [0.09463221712007713, 0.07607905602471401, 0.5523398057866703, -0.06722452512080831, 0.4294963729311029, 0.5420853422740035, -0.0894201931543345, 0.5188292635622382, -0.3871848237096689, -0.45985209567589136, 0.03704145283957711]], "inverted": true, "swapped": false, "error_lsq": 0.05591723567483895, "error_max": 0.3171176914766709, "target": "248.xyz", "model": "8.xyz", "model_rescale": 4.019505241142653, "target_rescale": 3.806180865312411},
{"mapping": [9, 10, 11, 8, 5, 6, 4, 2, 7, 1, 12], "R": [[0.07677174722921654, -0.13592488114600187, 0.9877401103087892], [-0.639469767335681, 0.7533623019115506, 0.1533742439987239], [-0.7649735390789826, -0.6434047472190232, -0.02908291190718961]], "T": [-0.003296177687363011, 0.11519969318518816, 0.10155539471352062], "aligned_model": [[-0.5914611065336624, 0.03983578972452431, -0.45257186653964254, -0.6303299831276535, 0.05016218520786042, 0.26595469719763365, -0.07347018197649176, 0.5862298318982838, -0.4089623820847143, 0.1341449362366488, -0.015657484613223277], [-0.20416683920142056, -0.7795954867003443, 0.10857685181669706, 0.35304151362910585, 0.5725322588246163, -0.17431176818241564, 0.9009004789927103, 0.1639742379031724, 0.49590448167967127, -0.3827648290457477, 0.13849662059019505], [-0.03775395851526883, 0.29039653869063725, 0.5320864822919985, 0.021575355521900264, 0.5899341892820177, 0.7112675547344239, -0.15407041686776826, 0.10878657900348401, -0.6126454066742357, -0.3336992169486641, 0.13094417235915573]], "inverted": true, "swapped": false, "error_lsq": 0.06046563597445521, "error_max": 0.36451427229183603, "target": "248.xyz", "model": "9.xyz", "model_rescale": 3.877068213659057, "target_rescale": 3.806180865312411},
{"mapping": [6, 11, 5, 4, 1, 0, 7, 8, 13, 9, 15], "R": [[0.6605731619969173, -0.5651070880367846, 0.4942641770348933], [0.6013019806594311, 0.7924346762892782, 0.10238755719984874], [-0.44953200743043836, 0.2295675562114407, 0.863261091113614]], "T": [-0.2169120601425773, 0.02048035227541982, -0.01925597925445137], "aligned_model": [[-0.6969669735487158, 0.19933496097150788, -0.4591437058414585, -0.4177583113027624, 0.027664477188333814, 0.10812408042825095, 0.19726151475774428, 0.5441919921330121, -0.6827262846675342, 0.26733410767559457, -0.18344142240440908], [-0.3614263994428049, -0.5347194989723247, 0.2272838372594897, 0.6666065952840537, 0.5351203372864626, -0.1707584663778816, 0.7219869369883588, 0.10807900460371052, 0.11739971864833743, -0.11220581266607695, -0.004778732305084889], [-0.08249432388416957, 0.2320343286601932, 0.6945728452286911, -0.0027532147763863583, 0.6351403940686973, 0.6818469070587492, 0.03207949459632821, 0.0722319080751946, -0.628568904290312, -0.4476778910262303, 0.06041032916692489]], "inverted": true, "swapped": false, "error_lsq": 0.05047667816909654, "error_max": 0.2636167929067168, "target": "248.xyz", "model": "10.xyz", "model_rescale": 4.260839863003843, "target_rescale": 3.806180865312411},
{"mapping": [10, 4, 8, 7, 1, 2, 0, 3, 6, 5, 11], "R": [[-0.6708510662581016, -0.3779014030444271, -0.6380825781020993], [0.7410470209871239, -0.3745852201290711, -0.5572568757287474], [-0.02842814778485242, -0.8466855629086331, 0.5313336032810402]], "T": [-0.15395099383653674, 0.03398899863256939, 0.18061837050602048], "aligned_model": [[-0.6564266194282035, 0.0397793813387497, -0.5680547950704689, -0.5583303797781586, 0.12786492483256331, 0.25714123773707553, -0.003839631662681725, 0.5413251336131203, -0.2829883334694858, 0.16336505341319799, -0.15596153613614475], [-0.23174459796685187, -0.6705233344802572, 0.04321088075859804, 0.5427210630118053, 0.5681706641608175, -0.12698831032666136, 0.7707499329399263, 0.16104578237412276, 0.2524804638457426, -0.21193948783333155, 0.09540446382232981], [-0.08440557816051009, 0.1333555645420761, 0.7671730616921065, 0.0953269396341966, 0.5787268724743277, 0.7054484470846414, -0.27180198058341504, 0.11519091666111461, -0.6186726774006099, -0.36292611520816, 0.1894064221419123]], "inverted": false, "swapped": false, "error_lsq": 0.0486323274594356, "error_max": 0.33971084935476753, "target": "248.xyz", "model": "11.xyz", "model_rescale": 3.890672605050136, "target_rescale": 3.806180865312411},
{"mapping": [6, 1, 8, 5, 7, 0, 12, 4, 9, 11, 13], "R": [[0.8236702056155989, 0.5525555561758664, 0.1274745061584329], [-0.025466581342630856, -0.18852497260045398, 0.9817381463204522], [0.5664969952399364, -0.8118748007206391, -0.14121070192781576]], "T": [-0.06573592173396522, 0.021020622611547746, 0.06662096957938406], "aligned_model": [[-0.49193248533301737, 0.09337845611183845, -0.4947909417020052, -0.5325803108930571, -0.04133100845894473, 0.10779019346504023, 0.10796661438183244, 0.5956267763641893, -0.5323190552680436, 0.0779202598719084, 0.01414593684982253], [-0.36040979081590946, -0.7268235400140246, 0.05720595555913255, 0.6430469548288247, 0.7699404761339765, -0.29415419004462606, 0.7177547851388963, 0.1309885015048201, 0.2732998591465468, -0.17667818944446018, 0.15841669831306307], [-0.003562168213647132, 0.21053071066676776, 0.6443695804455896, 0.05605024708487036, 0.4734226700236962, 0.534860293598953, -0.13217813117141664, 0.27049223043089615, -0.5030067881152703, -0.4263701511249504, 0.12221337925219154]], "inverted": false, "swapped": false, "error_lsq": 0.04126291124734381, "error_max": 0.239902251467986, "target": "248.xyz", "model": "12.xyz", "model_rescale": 4.124412569039231, "target_rescale": 3.806180865312411},
{"mapping": [9, 11, 6, 0, 1, 8, 4, 2, 5, 10, 12], "R": [[-0.792236384436298, -0.5405737839145281, -0.2830927327213322], [0.16250671730472116, 0.2602668619586194, -0.9517629575671962], [0.588177760550453, -0.8000257150307997, -0.11834600662173606]], "T": [-0.34363109974800343, 0.14605578676762015, 0.0689051360703111], "aligned_model": [[-0.6116100971677539, 0.3464249680539535, -0.48884515757295277, -0.5263304932132896, 0.027647483216563296, 0.02831836985339492, 0.18893037978008054, 0.5104081135999045, -0.45545408696002976, 0.12263091502168999, -0.23824595922199657], [-0.405823527478207, -0.5678722720692722, 0.08896395808715515, 0.6909331801277785, 0.5719900506401734, -0.2197796135793159, 0.6211156276241752, 0.12731044272707462, 0.39942848277703485, -0.22448241233764304, 0.11080360378728688], [0.24850956655534429, 0.1373318226157106, 0.7194942654692063, -0.011698531504317516, 0.6550761994979614, 0.5615654377130129, -0.26120495750110573, 0.18142690191945346, -0.6361081797756466, -0.3668824829418007, 0.019311830829862042]], "inverted": true, "swapped": false, "error_lsq": 0.053321822117235906, "error_max": 0.2878851576346889, "target": "248.xyz", "model": "13.xyz", "model_rescale": 3.9028299243045295, "target_rescale": 3.806180865312411},
{"mapping": [12, 8, 1, 9, 6, 2, 7, 3, 14, 5, 15], "R": [[-0.18856598543536401, -0.9757552987871633, -0.11110565253651011], [-0.8776547264698062, 0.1166742569202181, 0.4648755735434208], [-0.4406416347123812, 0.18517212171622532, -0.8783770460896116]], "T": [-0.025187370015940166, 0.03299686836670414, 0.057440495995820046], "aligned_model": [[-0.5236688461180097, 0.15297962521097191, -0.4253201142969486, -0.36623641860598416, -0.06277445249269362, 0.12029242848362338, 0.18742110372156684, 0.47161141586289657, -0.6812860930436238, 0.07929865622200818, -0.04844286955424347], [-0.44931385721154987, -0.7151215040743183, 0.10356791532599789, 0.7276689063002204, 0.5259231705065274, -0.3013243701273287, 0.8596908595123383, 0.31214348301850664, 0.30606922580844886, -0.31997053725369695, 0.1432542285010946], [0.0014684410383145469, 0.12873272688834184, 0.5645028886340676, 0.013148706318914377, 0.5046754836017566, 0.6971394152352749, -0.24587886991390936, 0.3103388532777579, -0.4698323043889556, -0.29836635405875467, 0.040892886244872105]], "inverted": false, "swapped": false, "error_lsq": 0.049295964340326945, "error_max": 0.23548711089663116, "target": "248.xyz", "model": "14.xyz", "model_rescale": 3.942246331269136, "target_rescale": 3.806180865312411},
{"mapping": [5, 9, 0, 12, 8, 7, 13, 11, 3, 10, 14], "R": [[-0.29588974857618255, -0.60217430678345, -0.7415088407681969], [0.5078427210161851, 0.5583039215084715, -0.6560430640888902], [0.8090395709719029, -0.5706862846416884, 0.1406134315187039]], "T": [-0.09478345708427734, 0.07667351964117042, 0.039192994519804236], "aligned_model": [[-0.59792423701791, 0.09935519212569686, -0.47641408810518704, -0.5391528942982671, 0.1664943773541822, -0.008836501557445323, 0.07855525031029818, 0.5605985349608664, -0.562364028683433, 0.3546064225263999, -0.17104359222563764], [-0.2977849470526983, -0.6935786336998152, 0.15032021964610986, 0.7559289377456246, 0.4156584954089668, -0.3160411576305995, 0.8319778077759674, 0.36745602209504974, 0.17342336003144362, -0.289795738874423, 0.09502315486061394], [-0.05781097693583745, 0.17028117586680025, 0.6634138752288865, -0.05684938367135442, 0.6839130932623878, 0.7937576446459795, -0.2065690272599684, 0.03362474289575601, -0.49798091395687344, -0.37643849455398337, 0.09748013735588715]], "inverted": true, "swapped": false, "error_lsq": 0.05098403916946412, "error_max": 0.2740135579178145, "target": "248.xyz", "model": "15.xyz", "model_rescale": 4.355366556412066, "target_rescale": 3.806180865312411},
{"mapping": [10, 7, 1, 2, 0, 9, 4, 5, 6, 3, 11], "R": [[-0.8190055981098538, -0.09561500456282597, 0.5657628488750136], [-0.25533973271642973, -0.8222707940281395, -0.5085984291999291], [0.5138399081046771, -0.5610066953172518, 0.6490300737625285]], "T": [-0.17009170860185474, 0.08339275139436975, 0.1606397574089717], "aligned_model": [[-0.5901739632729395, 0.2516301522154861, -0.45632259115313595, -0.5696316184328639, 0.13971317348955947, 0.0378379693261503, 0.06147379180736251, 0.46674510187992246, -0.4681082641465538, 0.19888881087149712, -0.1681781271949213], [-0.36654022934100544, -0.6975270358128642, 0.16824035015903552, 0.8163360027683861, 0.6193552858519551, -0.29989145794132865, 0.6633222552386208, 0.09536760672460382, 0.1587259025241653, -0.10741779199181989, 0.14261663212649156], [0.02526246704486454, 0.047608443886016566, 0.613927778718373, 0.2229891957586164, 0.5080288120387508, 0.7604813774576952, -0.29145417168976395, 0.2609161832139193, -0.6019918784163714, -0.3477515501691121, 0.04880521503469158]], "inverted": false, "swapped": false, "error_lsq": 0.047706272762540955, "error_max": 0.2745535792551087, "target": "248.xyz", "model": "16.xyz", "model_rescale": 3.795458400668931, "target_rescale": 3.806180865312411},
{"mapping": [5, 3, 2, 10, 4, 0, 11, 7, 9, 8, 12], "R": [[-0.2056478588704596, 0.8826800723907838, -0.4225930050843208], [-0.6168860265202439, -0.4521482482554499, -0.6442154855974771], [-0.759710858436327, 0.12821018447740126, 0.637496321691514]], "T": [-0.058033377593166326, 0.04542834789933639, 0.17132865173503495], "aligned_model": [[-0.7805833149861783, 0.42246176896268695, -0.4930944016785506, -0.5864767949160721, 0.06646962092491743, 0.0015725852595993503, 0.2165888873746997, 0.5787671926803635, -0.5844359769735432, 0.21520058365795638, -0.15259571491631566], [-0.19145040759255258, -0.5971307315050702, 0.2872065971165828, 0.5517254955516541, 0.5631234906844852, -0.3702622143454105, 0.6320640145013853, 0.0666925835333797, 0.13276322929659662, -0.062345906539887114, 0.18020136960507654], [0.015166405353917639, 0.07846218695284375, 0.6751272504311671, 0.1137576866628476, 0.5346281574888198, 0.5892507415093731, -0.31424479840129504, 0.33041210633721374, -0.5450642578414928, -0.4381093556240594, 0.20743575000834508]], "inverted": true, "swapped": false, "error_lsq": 0.05628406930010115, "error_max": 0.31273699110551495, "target": "248.xyz", "model": "17.xyz", "model_rescale": 3.7474275329858107, "target_rescale": 3.806180865312411},
{"mapping": [9, 4, 2, 7, 1, 0, 11, 3, 12, 5, 13], "R": [[-0.6191199721829278, -0.5352773161703296, -0.5746030410968082], [-0.3147075835088625, 0.8394957448543668, -0.4429514998884466], [0.7194786980350589, -0.09340818574890108, -0.6882044128809954]], "T": [-0.036264294123084614, 0.10513380384782983, 0.08168018600259677], "aligned_model": [[-0.5868689080848667, 0.024670852766866938, -0.44847039043464987, -0.5817934707498946, 0.07912217758885905, 0.17535048103778195, 0.10636446852070251, 0.5695384580462847, -0.40239083004139253, 0.03572266888368143, -0.0673710721438093], [-0.23524559197733602, -0.7219086834657598, 0.0945232149146796, 0.6193213210228672, 0.5676012274514002, -0.2453200561205281, 0.7771794161762513, 0.39401922309971177, 0.19290810725209317, -0.31899190406612826, 0.06850124601898913], [-0.0877323042033124, 0.12058332305164166, 0.6594398881069881, 0.008002532222480985, 0.5830066874575083, 0.8107506008102227, -0.1413632914247281, 0.18236494809158663, -0.5644497967964188, -0.49983094692078944, 0.17605023248250024]], "inverted": false, "swapped": false, "error_lsq": 0.046688003873356636, "error_max": 0.24926323769928665, "target": "248.xyz", "model": "18.xyz", "model_rescale": 3.922800546911778, "target_rescale": 3.806180865312411},
{"mapping": [4, 9, 13, 8, 12, 7, 5, 3, 6, 2, 14], "R": [[-0.010459648084980167, 0.9178431028535609, -0.3968055371414143], [-0.995209202846307, 0.029021204708386917, 0.09336172795793812], [0.09720719279948639, 0.3958810531225533, 0.9131423511406214]], "T": [-0.12900664277934093, 0.13002894918878016, 0.0016362625427917554], "aligned_model": [[-0.7920496306418735, 0.2749095947352172, -0.5353001309632772, -0.5274522754114794, 0.12383545010719993, 0.15573946754402068, 0.17641517311747074, 0.4697515932022108, -0.6113812524659816, 0.25425586068666334, -0.08484941452060746], [-0.16014677245394926, -0.574576242131173, 0.14900990927499158, 0.592930332496277, 0.5579508631519241, -0.17725630102181167, 0.8275486799524209, 0.12395284011834547, 0.09869061367386357, -0.32995434791997547, 0.08443794516532697], [0.007896127366556704, 0.05755033368806775, 0.5551514578479619, -0.03516103613523189, 0.6111998409998602, 0.6818615536907946, -0.05049299752703129, 0.22658269911810136, -0.49040074477467327, -0.3916246973880352, 0.07425933599130888]], "inverted": false, "swapped": false, "error_lsq": 0.04732143212073104, "error_max": 0.22790873847342935, "target": "248.xyz", "model": "19.xyz", "model_rescale": 3.9282355846067225, "target_rescale": 3.806180865312411},
{"mapping": [7, 8, 12, 2, 10, 9, 1, 11, 5, 4, 13], "R": [[-0.9258293238209397, -0.08458393012458058, 0.3683552930499868], [0.08868191395051454, -0.9960429767001598, -0.005822946364022725], [0.36739023026114226, 0.02727539790662674, 0.9296668604278094]], "T": [-0.10899593255430387, 0.003978005488006697, -0.02113575210965106], "aligned_model": [[-0.7012270491449721, 0.1561508825939865, -0.39605986485251476, -0.5644946344168985, -0.01632926290617695, 0.05691430478260123, -0.02947243836376298, 0.5263226393692758, -0.503560242466138, 0.438495321178344, -0.06286522038418016], [-0.04658867768300728, -0.7053225307810846, -0.034795393329243966, 0.6895073042544435, 0.6437963146462526, -0.3103592178367745, 0.67724512916103, 0.09206141561327119, 0.2346277961733302, -0.20482059556468618, 0.15723597565270908], [0.1654201147894503, 0.05105493145328227, 0.7781672364905493, 0.014735176149400939, 0.548319925352321, 0.5722365832895173, -0.34033504778461565, 0.29819917607021845, -0.5491602133320517, -0.2578303152590905, -0.03398569434130143]], "inverted": false, "swapped": false, "error_lsq": 0.05589539414405537, "error_max": 0.2743048528016027, "target": "248.xyz", "model": "20.xyz", "model_rescale": 4.067790424073018, "target_rescale": 3.806180865312411},
{"mapping": [9, 13, 12, 0, 3, 11, 2, 6, 7, 5, 14], "R": [[-0.8633896785109679, -0.4035632431546256, 0.3028117762162631], [-0.008618635455222956, -0.5882922174563353, -0.8086024894861492], [0.5044640543820914, -0.7007488677513711, 0.5044472640242524]], "T": [-0.048865146624975465, 0.0613438868757523, -0.009600230047354177], "aligned_model": [[-0.7414920733853415, 0.16873096514571095, -0.5407859536436905, -0.4143549565569736, 0.015267200285237446, 0.06922574323017033, 0.21375458294748587, 0.6421624855482913, -0.6694030094468904, 0.24823185467953526, -0.0874624034139716], [-0.279156332834785, -0.5955775032499661, 0.08723758901794162, 0.6603037374652088, 0.58766346458186, -0.13325869384155323, 0.7575125050586029, 0.21697163146453732, 0.11073711879537265, -0.22467748387532907, 0.004831487724350179], [0.0819281271566105, 0.0963701640010333, 0.5772194208754101, -0.11970166391034624, 0.6556965164153595, 0.5955581221965295, -0.01970291462126024, 0.2044505101582989, -0.42088726686438177, -0.4319641349296558, 0.027854992400082254]], "inverted": false, "swapped": false, "error_lsq": 0.04719877523974869, "error_max": 0.24948765196908954, "target": "248.xyz", "model": "21.xyz", "model_rescale": 4.186013935880536, "target_rescale": 3.806180865312411},
{"mapping": [11, 3, 8, 9, 2, 5, 1, 0, 10, 6, 12], "R": [[-0.0006330770381157702, -0.7352355310725539, -0.6778114140835368], [-0.5214267061615184, 0.5786165950052531, -0.6271499231332784], [0.8532958392697189, 0.35303193882846784, -0.383737750100247]], "T": [-0.1256237204782105, 0.12025773985669128, 0.01727797066995994], "aligned_model": [[-0.5999378578378564, 0.13130775616642773, -0.6123422247342244, -0.5737494718789349, 0.04659685757573817, 0.21758063068348713, 0.20698637412661167, 0.5718406542634517, -0.6212133475502932, 0.2633924245872732, -0.12658736001211704], [-0.26470176941176426, -0.7624294104054854, 0.3187778036002095, 0.547040826065656, 0.39654026958784083, -0.22026292716887455, 0.7589453490515011, 0.2852868802852675, 0.2393936271053199, -0.18070913418120924, 0.07470600577777878], [0.17789631967288128, 0.10206161182691705, 0.5752770859109022, -0.03262461940129591, 0.6833915038796613, 0.6212607724011006, -0.11145391644560744, 0.10726280151382585, -0.6434012211818055, -0.24337165742768346, 0.01052319212878448]], "inverted": false, "swapped": false, "error_lsq": 0.04647729102893494, "error_max": 0.24735903437316234, "target": "248.xyz", "model": "22.xyz", "model_rescale": 4.166573947596378, "target_rescale": 3.806180865312411},
{"mapping": [12, 11, 6, 5, 1, 2, 7, 4, 14, 9, 15], "R": [[-0.34087527853310656, -0.9199720784915096, -0.19353402615816453], [-0.9395645191175358, 0.34038332431141977, 0.03684707513685445], [0.0319774748911045, 0.19439796122058198, -0.9804013840121149]], "T": [-0.004946370441572562, 0.10209352338931404, 0.0010005220787042551], "aligned_model": [[-0.5186285187796298, -0.03701866749613991, -0.490283600048235, -0.40645079605140344, -0.01235968160585256, 0.09750781726939094, 0.03309138234683639, 0.6325851343938098, -0.5561637976919288, 0.18047390100376856, -0.018878737951052292], [-0.3033759672132952, -0.6851626006772922, 0.10902311618935227, 0.8073022441488749, 0.473265404375071, -0.10143135310908416, 0.7810365551613612, 0.22728376660732735, -0.027653124481540253, -0.23582197292808738, 0.14812145223355278], [0.03426458524717186, 0.03695174330513451, 0.5870955538510436, 0.1813802259861262, 0.6095032241682005, 0.6341592725164521, -0.22031178354663827, 0.34412513021682883, -0.5515417102275881, -0.45930547024357093, 0.05050110160451964]], "inverted": false, "swapped": false, "error_lsq": 0.049085275903501424, "error_max": 0.2537270633772972, "target": "248.xyz", "model": "23.xyz", "model_rescale": 4.274766983524099, "target_rescale": 3.806180865312411},
{"mapping": [4, 2, 5, 7, 6, 3, 8, 0, 9, 1, 10], "R": [[0.46915686085132174, -0.2652050600035375, -0.8423527266321714], [0.6295112409095014, -0.5685332946763924, 0.5296088088513882], [-0.6193605068816653, -0.7787401164656451, -0.09978172940153016]], "T": [-0.02205926444810391, 0.17295186135265422, 0.14669371814413815], "aligned_model": [[-0.5138003017724392, 0.035871803375367606, -0.6574842599696588, -0.541149120013632, 0.05900354367082701, 0.08630838739625374, 0.053421352825463286, 0.7165946411486301, -0.4531194226764961, 0.11906422389723068, -0.0008364124919829699], [-0.32043710754120547, -0.7887248062813856, 0.11024820412776576, 0.5252431552371688, 0.6129534136555708, -0.13957847624257874, 0.8294805085451822, 0.1516564365523364, 0.21162408204154387, -0.1746626770993222, 0.17478478731116426], [0.09731067960296529, 0.129561903329181, 0.655166210074003, 0.06027009530910685, 0.6515130038569616, 0.6012215213732358, -0.18237153303852152, 0.1363857217572108, -0.5883961099560613, -0.38644010576677534, 0.07260048633637409]], "inverted": false, "swapped": false, "error_lsq": 0.03834413900965428, "error_max": 0.1750907469037002, "target": "248.xyz", "model": "24.xyz", "model_rescale": 3.7841303162186577, "target_rescale": 3.806180865312411},
{"mapping": [12, 14, 3, 4, 6, 11, 1, 7, 2, 9, 15], "R": [[-0.3436642390993234, -0.6094416118513777, 0.7144759005790737], [-0.3379941108001863, 0.7901000553156221, 0.5113725487886918], [-0.8761591589595323, -0.06574818882863893, -0.4775168100047151]], "T": [0.04259194039395843, 0.0955194954513472, 0.03842038998910871], "aligned_model": [[-0.5323921587647543, 0.021234444055179172, -0.5315367901786748, -0.463466245196934, -0.04852087621652812, 0.23680622042470956, 0.1175659554826778, 0.6007683576318753, -0.48068070327791246, -0.03969843729208636, 0.02379466872201213], [-0.39321334444115563, -0.6920183590627351, 0.16809232858186912, 0.6421346402165891, 0.5450970479676346, -0.10472452193574754, 0.7806909655950308, 0.2491531378588337, 0.17057903222689944, -0.30293654992006985, 0.1297331432190917], [-0.03711373046905761, -0.0544609718013874, 0.5988766971671238, 0.0810975404104195, 0.5966362363834923, 0.7536900706659148, -0.24078445840329246, 0.3344632099667446, -0.4994874406388836, -0.38181975822781633, 0.09572447782442231]], "inverted": true, "swapped": false, "error_lsq": 0.04915268229163114, "error_max": 0.24623986448032092, "target": "248.xyz", "model": "25.xyz", "model_rescale": 4.19342608120988, "target_rescale": 3.806180865312411},
{"mapping": [10, 7, 1, 2, 0, 9, 4, 5, 6, 3, 11], "R": [[-0.8190055981098538, -0.09561500456282597, 0.5657628488750136], [-0.25533973271642973, -0.8222707940281395, -0.5085984291999291], [0.5138399081046771, -0.5610066953172518, 0.6490300737625285]], "T": [-0.17009170860185474, 0.08339275139436975, 0.1606397574089717], "aligned_model": [[-0.5901739632729395, 0.2516301522154861, -0.45632259115313595, -0.5696316184328639, 0.13971317348955947, 0.0378379693261503, 0.06147379180736251, 0.46674510187992246, -0.4681082641465538, 0.19888881087149712, -0.1681781271949213], [-0.36654022934100544, -0.6975270358128642, 0.16824035015903552, 0.8163360027683861, 0.6193552858519551, -0.29989145794132865, 0.6633222552386208, 0.09536760672460382, 0.1587259025241653, -0.10741779199181989, 0.14261663212649156], [0.02526246704486454, 0.047608443886016566, 0.613927778718373, 0.2229891957586164, 0.5080288120387508, 0.7604813774576952, -0.29145417168976395, 0.2609161832139193, -0.6019918784163714, -0.3477515501691121, 0.04880521503469158]], "inverted": false, "swapped": false, "error_lsq": 0.047706272762540955, "error_max": 0.2745535792551087, "target": "248.xyz", "model": "26.xyz", "model_rescale": 3.795458400668931, "target_rescale": 3.806180865312411},
{"mapping": [1, 2, 6, 5, 7, 0, 10, 3, 8, 9, 12], "R": [[-0.029255255084425363, -0.35895039013151925, 0.9328980370192528], [0.9493810425900637, -0.30200270574426963, -0.08642917154377716], [0.3127615162077149, 0.8831472035553132, 0.34961586181390725]], "T": [-0.06913645121984197, 0.08370276549848824, -0.11279432708663471], "aligned_model": [[-0.45785792091091637, 0.24897331204750006, -0.7571466015217525, -0.4685077354105985, 0.12470840417252638, 0.11240636331194681, 0.1619533858706333, 0.5702300109200098, -0.7457044895134135, 0.1796705619182395, -0.06485085549461178], [-0.3502313208240573, -0.6969528664005199, 0.15084087888170108, 0.6660209158595445, 0.6000985529225903, -0.21295194976942508, 0.7568630362136213, 0.09700948609400058, 0.2218209090980162, -0.22154677580652218, 0.18161665403729044], [-0.008152087623510551, 0.140618136690422, 0.3381174896677622, 0.14848831107391836, 0.48383592809488807, 0.6423953037307537, -0.14654585495513597, 0.25613658395989075, -0.3450243382272722, -0.2839436123956756, 0.020896012861639654]], "inverted": true, "swapped": false, "error_lsq": 0.05838503541930324, "error_max": 0.39533424003171264, "target": "248.xyz", "model": "27.xyz", "model_rescale": 3.6321398670334006, "target_rescale": 3.806180865312411},
{"mapping": [8, 0, 9, 6, 13, 11, 4, 2, 7, 3, 14], "R": [[0.6995318226880458, 0.7140264313480783, 0.02866154886024503], [-0.7058269165368604, 0.6841203066869121, 0.183814498532279], [0.11164046282064702, -0.14881418384997153, 0.982542999438833]], "T": [-0.15425963927163996, 0.015851033448859964, 0.0923590230722862], "aligned_model": [[-0.5314345294860219, 0.1452553522598896, -0.5049475800316894, -0.42742977823847905, 0.06566697888681336, 0.11147697461465642, -0.04051139601377253, 0.5954681749126296, -0.49101379401878764, 0.09237549315136154, -0.11103146064703637], [-0.27774209488708934, -0.530841035704262, 0.12470309794703961, 0.7291478021101752, 0.5531887316002883, -0.11436357420104021, 0.7024317325914927, 0.06361349885165307, 0.11962376644046153, -0.23618649568564426, 0.059012091243165504], [-0.10403800587734642, 0.12117300566394162, 0.6506970546268178, 0.23551359734405092, 0.6662734876789559, 0.6624064284812934, -0.3572358313017309, 0.35517191329942027, -0.5980866613604898, -0.49688479346269904, 0.11183167778546639]], "inverted": true, "swapped": false, "error_lsq": 0.0492491845763507, "error_max": 0.23975082414701207, "target": "248.xyz", "model": "28.xyz", "model_rescale": 4.156811204709835, "target_rescale": 3.806180865312411},
{"mapping": [8, 6, 9, 7, 4, 3, 0, 2, 5, 10], "R": [[-0.9789350585869054, 0.12380820152227756, -0.1623504860025718], [0.16030850855927753, 0.9585241764080057, -0.2356535281400527], [0.12644102638365523, -0.2567156646509396, -0.958180428922379]], "T": [-0.006965557078358581, 0.13251966369181722, -0.1991949616311937], "aligned_model": [[-0.7409593605736666, -0.041314350143552635, 0.1346119059824944, 0.6104123577532357, 0.03908769514612221, -0.5664687439750166, -0.5435381671676652, -0.3995304711259422, 0.2535746010729074, -0.10295009285832818], [-0.11190713020213139, -0.664478269413896, 0.2100698756892905, -0.07215904009412655, -0.30862345345038666, -0.4068410418850821, 0.4592832090746476, 0.25419303637611623, 0.4787466434436789, 0.0804365010880934], [-0.6913955575552571, -0.21402048891166706, -0.5936818826036283, -0.040461678400437684, 0.5781757785728281, 0.047946668633681494, -0.17280443805475496, 0.49255363602519125, 0.3478520652075498, 0.00462262406159375]], "inverted": true, "swapped": true, "error_lsq": 0.0611294903903314, "error_max": 0.2645043064013347, "target": "248.xyz", "model": "29.xyz", "model_rescale": 4.117894457231895, "target_rescale": 3.806180865312411},
{"mapping": [8, 2, 6, 7, 10, 9, 13, 11, 1, 3, 14], "R": [[-0.015461360546688507, -0.9851747444723021, 0.1708556969608565], [-0.8585454194095604, -0.07450461289969507, -0.5072955996926536], [0.5125043503629094, -0.15453085617636797, -0.8446653215022454]], "T": [-0.05989206480753648, 0.082409075893846, 0.059423957444039416], "aligned_model": [[-0.7555607844149592, 0.24300753228343566, -0.4213358581010874, -0.3963035463534188, -0.05451162193205385, 0.08002138997901695, 0.1127211205473111, 0.5989420421786171, -0.655923430329721, 0.2230492432163169, -0.07023165168389402], [-0.04819004844080113, -0.6944770481987257, 0.09470577838013905, 0.6420498859541635, 0.5981010909131494, -0.1704281072188341, 0.8255284080816603, 0.03173721196516264, -0.06627108359996914, -0.15001404436299987, 0.12984547683329528], [0.08732714614960232, -0.04285329964426696, 0.5895150992650476, 0.03426169098736134, 0.5577749995548665, 0.6128872323012773, -0.14314615091429045, 0.35754073319913093, -0.5429623383375137, -0.34761401430508265, 0.08409077462154771]], "inverted": true, "swapped": false, "error_lsq": 0.04883715857874604, "error_max": 0.28789953262279133, "target": "248.xyz", "model": "30.xyz", "model_rescale": 4.100398675895297, "target_rescale": 3.806180865312411},
