[{"mapping": [2, 9, 5, 12, 3, 14, 13, 6, 11, 4, 0, 7, 8, 15], "R": [[-0.22190561659458014, -0.013893955100543587, -0.9749691560944087], [0.8722061691117884, 0.44417832534047885, -0.20484631766538064], [0.43590629255278884, -0.8958306610679228, -0.08644727181057069]], "T": [0.10252182822345773, 0.15842269524456043, 0.08938680666672319], "aligned_model": [[0.17047189788059286, 0.15676104752799963, -0.4096991012126778, -0.4117467447122208, -0.5876370571714047, -0.1913829728759407, -0.6273951975163745, -0.126790201179422, -0.33838443741712915, 0.002208053385468506, 0.7558027918983894, 0.3151552422109378, 0.5961132701941569, 0.06801551011592766], [-0.5871697748119283, -0.21224129196721048, -0.490199569995334, -0.3300247294060644, 0.1402531681953995, 0.040226682184544005, 0.2661127824916675, 0.5032482236043331, 0.7854286164993718, -0.14806697696596727, 0.4625131374343867, 0.7719147429665534, -0.1531929110604609, 0.18647123264074322], [0.18031361545201036, -0.35984256036044426, 0.3830832859209572, -0.1791627319123044, 0.5045403551647241, -0.6379017417774283, -0.17065930061978915, 0.6814491348092636, 0.045880384233208824, 0.762220790844389, 0.23799008664513324, 0.1243167184639779, 0.18277302598896988, 0.14258702432716566]], "inverted": false, "swapped": true, "error_lsq": 0.04839790078748863, "error_max": 0.3005700678310541, "target": "25.xyz", "model": "0.xyz", "model_rescale": 3.8414455957264533, "target_rescale": 4.19342608120988},
{"mapping": [3, 5, 1, 2, 4, 8, 0, 6, 10, 7, 9, 13, 14, 11, 15], "R": [[-0.19555176310407374, 0.6275559274303446, -0.7536133397797101], [0.16596938686806553, 0.7785424898692052, 0.6052485060625076], [0.96654729349863, -0.006719331462203604, -0.2564004290463931]], "T": [0.06683547858376337, 0.030287059595246, -0.06555548956055751], "aligned_model": [[-0.7106952039072082, -0.6685953578060878, 0.1466658996275692, -0.12958968483377503, -0.48259700177328235, 0.3104222345987503, 0.5627994864420507, -0.3638103952228934, 0.7111543502276022, 0.3711805189973392, 0.2728233517877067, -0.31508628137151495, 0.23314865265240303, -0.08244898488636421, 0.01667256897224899], [0.18253967838788895, -0.07977888325732144, -0.6929689545005044, -0.34796862885061774, -0.47388316239821626, -0.46199457901968044, -0.37553016187102484, -0.09813450588770156, 0.45888235653097365, 0.09591800075936571, 0.16413088579109714, 0.7114257735285593, 0.6670719437667861, 0.5707979445813408, 0.0265368204820701], [0.08027683020792759, -0.5307067752242465, 0.08795097855561074, -0.6877554712882661, -0.04024383923658778, -0.28414657861855475, 0.29591654949935914, 0.500199302849758, 0.01453426237678207, 0.5052967120098928, -0.5963996614305089, -0.11230823199322734, -0.5084368526053511, 0.4588391150461936, -0.01783455280924654]], "inverted": false, "swapped": true, "error_lsq": 0.04454006951844143, "error_max": 0.2776282033730299, "target": "25.xyz", "model": "1.xyz", "model_rescale": 4.316132596720782, "target_rescale": 4.19342608120988},
{"mapping": [13, 9, 12, 6, 3, 11, 4, 7, 2, 10, 8, 15], "R": [[0.888912434115424, -0.18848649097765274, 0.41750152957075937], [-0.29497253394815054, 0.4617812479016924, 0.8365101812306669], [-0.3504652460532993, -0.866735785464802, 0.35488475524247787]], "T": [0.057914786035408304, 0.09416449790107476, 0.012769384548140576], "aligned_model": [[-0.3112473862910869, 0.5489062761868398, 0.18423017125524785, -0.5970636199964454, -0.5623133871850895, -0.5647481211498527, -0.166725540575548, -0.20413739924929006, 0.5033764168441269, 0.27987516488883724, 0.49517958366092735, -0.007523603756885967], [-0.5937870044298103, -0.22373639925189873, -0.5691165843223952, 0.3616230582460678, -0.176881874634535, -0.12598467414738296, 0.36327255974294126, 0.4136228749535624, 0.03479737279796495, -0.03337940047492713, 0.45532234394463034, 0.10702415531676233], [0.06218616545202076, 0.010107671878638425, -0.3325920722610434, -0.13384459286596842, -0.42409760288854237, 0.4042445628476897, -0.6458822058774746, 0.5148456313660558, -0.5928976096503633, 0.747426617197145, -0.15403076724302645, -0.006207336745710161]], "inverted": true, "swapped": true, "error_lsq": 0.04179378590653057, "error_max": 0.256049375731761, "target": "25.xyz", "model": "2.xyz", "model_rescale": 3.795458400668931, "target_rescale": 4.19342608120988},
{"mapping": [11, 13, 14, 2, 7, 8, 12, 6, 5, 4, 10, 15], "R": [[-0.40322175892857587, 0.8990018430409681, 0.17090318702554563], [0.09924287129578496, -0.14269700990285428, 0.9847783587497003], [0.9097049332742536, 0.4140449849638659, -0.031680984876711005]], "T": [0.07090150308207707, 0.16547939939932094, 0.043495572412582874], "aligned_model": [[-0.019858776240476203, -0.25486448302705955, -0.6782552720798875, 0.17695217197095103, 0.1170085678339495, 0.21208055134574624, -0.23648180746264932, 0.6356275824378711, 0.32566014328940995, 0.7358477031803787, -0.5408488992722109, 0.12043634376754225], [-0.15099066397859928, -0.5083801134540906, -0.08118196958990723, 0.09113950207594872, 0.4804328880689441, 0.5856152888793482, -0.4027182217861555, -0.04861070366321135, -0.4776420844668106, -0.04540685274502765, 0.5114196624130309, 0.13209231353623913], [-0.6500726216718588, -0.18407831998798552, 0.12847355537197788, 0.7864759646312436, -0.523500017213174, 0.43466317631282164, 0.44078497587794846, -0.3530852331102474, 0.5827835638171937, 0.3082178466731656, -0.2901837420834925, 0.008292282021507683]], "inverted": true, "swapped": true, "error_lsq": 0.04578656340443907, "error_max": 0.24761953193120756, "target": "25.xyz", "model": "3.xyz", "model_rescale": 3.7530521520055578, "target_rescale": 4.19342608120988},
{"mapping": [2, 3, 13, 11, 9, 6, 8, 4, 1, 7, 15], "R": [[0.23229188763706166, 0.9726422775771135, 0.0027347408682257685], [0.9592436618168769, -0.22862499731117847, -0.1660789206028651], [-0.1609101494690744, 0.04120206880812237, -0.9861086721674093]], "T": [0.062379014508137896, -0.14171253594668193, 0.09152923941249716], "aligned_model": [[-0.4850240454285941, -0.22219287075146518, 0.38041142739281997, 0.5233207699204544, 0.16971973010373398, -0.1595124791486891, -0.24057301147047952, -0.643448963402538, -0.43609163724339006, 0.4100700601628682, 0.04152062231048448], [-0.6604662983371445, 0.1418571134326868, -0.18975094197471784, 0.3338678379835074, -0.7156883449638649, 0.5117806200017401, -0.34544487535732843, 0.056150399266051976, 0.07723769382220294, 0.34224676911191076, -0.0845866146706982], [0.09764903555810235, -0.6067608032659078, -0.6215960603575175, -0.2967793688007633, 0.12574107895116018, -0.12233359610209787, 0.556471157798632, -0.0476162503666657, 0.5981101313041706, 0.3517212606563922, 0.05822419186981141]], "inverted": false, "swapped": true, "error_lsq": 0.047883991954953936, "error_max": 0.21691839813979794, "target": "25.xyz", "model": "4.xyz", "model_rescale": 3.7855080009869324, "target_rescale": 4.19342608120988},
{"mapping": [1, 11, 14, 8, 13, 15, 6, 4, 12, 2, 0, 7, 9, 10, 3, 16], "R": [[0.7318899228566502, -0.6552789607288909, -0.1869401627445305], [0.3227336521054755, 0.09171858199118539, 0.9420353982288502], [-0.600150090077098, -0.7497980963856811, 0.27860847804196537]], "T": [0.017345071251913972, -0.03790410588279815, 0.10551845159347235], "aligned_model": [[-0.02756057768554397, 0.22110241569078753, -0.613420131181393, 0.31007784739536726, 0.07726462528588873, -0.26569990559828066, 0.5913146064731816, 0.5514447704760161, -0.3004113449047491, -0.6127448620113188, 0.03590643673743884, 0.6884227669493923, -0.5135638018381093, 0.13159563292647575, -0.32039534770726774, -0.03549058253510706], [0.16876789600836828, -0.5140604582570242, -0.2804112969069143, -0.4566433002333353, -0.7583194040680867, -0.47471245238653226, -0.29010545926173315, 0.2940572295705033, -0.41166020845501816, 0.2954199621759004, 0.6311249138932232, 0.19934573564183372, 0.16280791928602162, 0.17428587794983463, 0.539838607440898, -0.042923094029977404], [-0.6213750105570504, -0.49796667745382256, 0.1375015757956427, 0.589537958276447, 0.057778698134015524, 0.7445819196390199, -0.07622454843315361, -0.2837628951445038, -0.3660772426102074, -0.08856253467727614, -0.29514291381297947, 0.3394772319583227, 0.535360830467351, 0.7931858813823484, 0.2914253422723555, 0.11388240058074396]], "inverted": true, "swapped": false, "error_lsq": 0.04076683594236965, "error_max": 0.29045474172099117, "target": "25.xyz", "model": "5.xyz", "model_rescale": 4.2253639853439635, "target_rescale": 4.19342608120988},
{"mapping": [11, 3, 12, 14, 13, 2, 9, 10, 4, 6, 5, 8, 0, 15], "R": [[0.5929052335719504, 0.5505263893169496, -0.5876938647532689], [0.3521819692485833, -0.8335854614294812, -0.42556214473280973], [-0.7241762523993597, 0.045342840218069794, -0.688122650623984]], "T": [0.16553220314552078, 0.014685146975869326, 0.11476645019023443], "aligned_model": [[0.5353374833976543, -0.2262175429714797, -0.4389845447079903, 0.06755607531887209, -0.008263631886062967, -0.4793700486931536, -0.05526299932125875, 0.7298881031644661, -0.27207049781167914, 0.26132571794309983, -0.6827891159733112, 0.0875973194542263, 0.6897956735050624, 0.16552016133933808], [-0.16456419139922412, 0.1628602221438843, -0.4278685600244567, -0.7720529873810167, -0.4806587883265173, 0.10559767654573153, -0.3963044206894213, -0.4871489891817149, 0.6028433556999618, 0.4979101407794136, 0.09584355586941047, 0.2666247607368481, 0.3888247877372779, 0.05319258412481369], [-0.5337251060789417, -0.5734037112882838, -0.003036879189795033, 0.14201986530291458, -0.4652588861148791, 0.4950676800959999, 0.4675805122173523, 0.3016354502356571, -0.02407929329434369, -0.4137632652745816, -0.09284616416168034, 0.6438320118750377, 0.47043102842243234, 0.057104966184560575]], "inverted": false, "swapped": true, "error_lsq": 0.03946047911223923, "error_max": 0.19730503738441577, "target": "25.xyz", "model": "6.xyz", "model_rescale": 3.89814844738969, "target_rescale": 4.19342608120988},
{"mapping": [11, 13, 3, 10, 6, 12, 9, 7, 8, 2, 4, 1, 15], "R": [[0.9293006906054482, -0.35611398687698737, 0.09789307836008572], [-0.3452701035589104, -0.7436078108500307, 0.572569628282224], [-0.13110599539554366, -0.565888904285463, -0.8139907652903329]], "T": [-0.12557354177127078, -0.010226478147325052, 0.0072782189418972194], "aligned_model": [[0.37057605320389697, -0.027005097677042927, 0.36481789452121455, -0.39140048504959823, 0.5842083411711295, -0.4740200866573637, -0.6975297180667537, 0.22425049268110364, -0.4022346641870937, -0.5521100365087224, 0.19190317529613748, 0.016703271440014933, -0.05952733926270054], [-0.2921707261811406, 0.1319253911335209, 0.5221630860884008, -0.7076631383312699, 0.11565089413355234, 0.47267490670183276, 0.032332768886544946, -0.5534957081631342, 0.0339968389821379, 0.5583818500917701, 0.5801659205531436, 0.05998503039881456, 0.009834151176312513], [-0.5063077909622952, -0.7556615592580895, -0.3463875536980888, -0.2122058272572835, 0.056176256095048865, -0.46236330849775026, -0.10759367237832153, 0.0799916890678166, 0.5278170793592025, 0.25935799925251846, 0.3349208482427297, 0.7338207478370198, 0.0007101230337881112]], "inverted": false, "swapped": true, "error_lsq": 0.04820305743433559, "error_max": 0.29727099998353845, "target": "25.xyz", "model": "7.xyz", "model_rescale": 3.7474275329858107, "target_rescale": 4.19342608120988},
{"mapping": [12, 13, 11, 3, 7, 4, 5, 2, 6, 1, 2, 8, 9, 10, 15], "R": [[-0.6435927355163862, -0.6241092076812037, 0.4430305719451819], [0.7332574569746885, -0.6686977866526895, 0.12319404172608028], [0.21936702710650907, 0.40414226086037364, 0.8880017682443644]], "T": [0.13654322927057655, 4.13469317531584e-05, 0.06349654177427469], "aligned_model": [[-0.3970868305885353, 0.09439020828740152, 0.606027942643345, -0.1736402363470832, 0.7579120100986447, -0.3380645775346251, -0.6804456800282834, -0.5591351601348282, 0.25043964454547857, 0.061954053708437345, -0.5591351601348282, -0.037052655999913475, -0.08478072621871363, 0.7206205657656191, 0.140150324276631], [0.25820230300201186, 0.002342616480392287, -0.28000220087587513, -0.5599435639774293, -0.16817123129720923, -0.5410981385444846, -0.20094656131928312, 0.17263703809355635, -0.7096999672585761, -0.2868219650265199, 0.17263703809355635, 0.14913241793028897, 0.5403973610008581, 0.5070567100045391, -0.06660389432623202], [-0.40954022889348896, -0.7176678610574834, -0.47556494303361985, -0.4255893452073518, 0.15520764708908671, 0.2600158279434039, -0.1844383857031083, 0.29809264965738336, -0.0094508760137485, 0.7455392742657914, 0.29809264965738336, 0.6085599369903976, 0.029265075079907728, -0.02043314235611271, 0.04470637727782]], "inverted": true, "swapped": true, "error_lsq": 0.04909338569483679, "error_max": 0.3322931563519513, "target": "25.xyz", "model": "8.xyz", "model_rescale": 4.019505241142653, "target_rescale": 4.19342608120988},
{"mapping": [3, 11, 12, 5, 4, 2, 14, 6, 1, 0, 10, 8, 15], "R": [[-0.8771966739552468, -0.4626432386823333, -0.12840260473749754], [-0.4325726975087036, 0.8775686764542653, -0.20677059625670333], [0.20834312220924422, -0.1258350182096802, -0.9699271578939695]], "T": [-0.03386599744984527, 0.03953334784334982, 0.0717509114674666], "aligned_model": [[-0.22396375340905333, -0.7716746679866089, 0.24798423335003905, 0.4241784573255308, 0.25186878551249436, 0.6962851378698593, -0.04954777626013078, -0.4087371327330298, 0.2617686317004378, -0.10145269187844798, -0.3631610439347248, 0.42546606464633036, -0.06931347246151977], [-0.5556647650494254, -0.010271353656801721, 0.12292726406153966, -0.42325474827546117, -0.6497036680631959, -0.06898022223593699, 0.6450691474080659, -0.5735017414979107, -0.3059650928791012, 0.10046786926008125, 0.7279857838200676, 0.07394954824383503, -0.01967979302169768], [-0.43678024512109836, -0.13461145562484095, -0.6273755495994716, -0.5159234890162858, 0.07525983837747315, -0.08283612753391867, -0.44047895838534346, 0.14715690201780768, 0.6601958003982256, 0.8018529400823182, 0.22292339916097195, 0.4422740086143675, 0.0650464306736741]], "inverted": false, "swapped": true, "error_lsq": 0.05903244383174669, "error_max": 0.39014252951539796, "target": "25.xyz", "model": "9.xyz", "model_rescale": 3.877068213659057, "target_rescale": 4.19342608120988},
{"mapping": [1, 8, 2, 10, 9, 14, 11, 0, 7, 4, 5, 12, 13, 6, 3, 15], "R": [[-0.5591238363752745, -0.6383002172923515, 0.5291061974703497], [-0.6653826730352552, 0.7261957629546746, 0.17293239225528892], [-0.4946174623094642, -0.25536747340100985, -0.830747265723656]], "T": [-0.03647358795609705, -0.03756693274302464, 0.1436077215206582], "aligned_model": [[-0.012589900440216115, 0.13836042817946692, -0.5715667982396269, 0.35363604750134753, -0.050068021151263034, -0.2131663740964308, 0.6473136155965427, 0.5901052004547002, -0.4555820310781035, -0.5870408170592983, 0.14020523077564245, 0.5763249656956017, -0.572798013885471, 0.10749684210392331, -0.20941657061077495, 0.036628744726738285], [0.2773566856407334, -0.5461959878705058, -0.42692827419922186, -0.39511921632104935, -0.6968867941417032, -0.5605400086646701, -0.308385455162772, 0.1082937618119999, -0.1871582032766107, 0.2508680284143027, 0.6266138339775169, 0.37502400793432183, -0.03756133544381951, 0.21677106154326864, 0.5596870181201823, -0.01902665399401207], [-0.6645749894167632, -0.4096123855706632, 0.09432932831022767, 0.616028737449541, 0.17113617318403357, 0.6956950043171422, 0.0823895507234988, -0.3253162758727079, -0.5406854423358893, -0.12429464719743494, -0.22874150484163797, 0.25515082541730805, 0.7003793139029109, 0.6866448059408716, 0.2706501776407241, 0.09444134416609196]], "inverted": true, "swapped": false, "error_lsq": 0.039842640470566223, "error_max": 0.3496362641478829, "target": "25.xyz", "model": "10.xyz", "model_rescale": 4.260839863003843, "target_rescale": 4.19342608120988},
{"mapping": [4, 6, 11, 3, 14, 12, 2, 1, 7, 10, 9, 15], "R": [[-0.01928190979495792, -0.5775972205253829, -0.8160941482427206], [-0.9986975636045237, 0.04969142014522743, -0.011573211064327626], [0.047237531741699756, 0.8148080839101335, -0.5778030823642681]], "T": [0.06487756094311821, 0.037922969312281195, 0.034686490692293216], "aligned_model": [[0.40633283698044104, 0.18612322725545438, -0.3831649372782233, -0.2502089364178414, -0.5815534495145, -0.45440725924256714, 0.25165994792751645, 0.7999910883669217, 0.19177062256388444, -0.16020108187970827, -0.11229555261574818, 0.06485214294850045], [-0.048076940809407186, -0.5907752457989112, -0.5744670739827631, -0.3057533996698864, 0.41800785872134816, 0.46063368014784484, 0.6414002035870028, 0.005893222253801955, -0.44882708276589295, 0.05490766318572676, 0.5794471125671764, -0.019311491903106187], [-0.6231255286443045, -0.3000738638294268, 0.1515792784225849, -0.6222830217032109, 0.29345547622224755, -0.3214466822890351, -0.3772851048719705, -0.0731030770084202, 0.44672786945741505, 0.7792039384369776, 0.1669816101413211, -0.004452816938673471]], "inverted": false, "swapped": true, "error_lsq": 0.04434936258637818, "error_max": 0.312721871069096, "target": "25.xyz", "model": "11.xyz", "model_rescale": 3.890672605050136, "target_rescale": 4.19342608120988},
{"mapping": [10, 10, 0, 11, 7, 5, 9, 3, 13, 2, 1, 8, 4, 15], "R": [[-0.9253232311991587, -0.2730328522471785, 0.2631159048725849], [0.17005625873975408, 0.3213876404979444, 0.9315529257098613], [-0.33890675217024896, 0.9067320696484352, -0.25095650460683216]], "T": [0.08492332353883393, -0.008221923124903906, 0.075023354679699], "aligned_model": [[0.3720540685096815, 0.3720540685096815, 0.44155459808129793, 0.672000910308536, 0.7039428976977418, -0.5231552713559355, -0.35812796027355553, 0.10971545663403633, 0.10890138235922668, -0.6277070983652425, 0.0977154437365866, -0.18081231896991956, -0.0987548692953074, 0.12049452721686556], [-0.019265429009099826, -0.019265429009099826, 0.6259303021606697, -0.5029388376895827, 0.14264899141669687, -0.3435918528154597, -0.05172394389024954, -0.5401689762773576, -0.789292673371057, 0.15786846518531694, 0.6553094256818603, 0.5196304674347278, 0.12518456823389926, -0.028172558223499504], [-0.6479490386711609, -0.6479490386711609, -0.03449850859501956, 0.07026407753359967, -0.05481613874878255, 0.6108462527848826, -0.30438914198804223, 0.6795227925720445, 0.038232960876996624, 0.25768394871957406, 0.4105809572082759, 0.06038758617219696, 0.7857760348708277, 0.13109769129262966]], "inverted": true, "swapped": true, "error_lsq": 0.045766063784997535, "error_max": 0.36188781472409687, "target": "25.xyz", "model": "12.xyz", "model_rescale": 4.124412569039231, "target_rescale": 4.19342608120988},
{"mapping": [7, 13, 3, 10, 6, 0, 14, 8, 12, 9, 4, 5, 15], "R": [[-0.2413968251380768, 0.9640682936168312, -0.11090490546404269], [0.2198236439233432, -0.0569903843271754, -0.9738735347397547], [-0.9452011100213118, -0.259469499820253, -0.1981677074538324]], "T": [0.08210504475177967, -0.011652167440433875, -0.01691788713508475], "aligned_model": [[-0.06339788131577549, -0.08499196763385729, 0.5870732339628646, -0.6508004913248076, 0.6011742078038832, 0.05467485096553843, -0.5435694540032394, 0.17339726763145208, 0.018174716136747288, -0.26777235539158417, 0.816095232343717, 0.5957271706434806, 0.13151377769133846], [-0.43589818450437756, 0.6670565880066496, 0.521252864082221, -0.2148291209795982, -0.06790612263594088, -0.7461977977427482, 0.4646057136736239, -0.3641833645100173, 0.6927464463170572, 0.1788823049701821, 0.035461452826680624, 0.6195950332482876, -0.0031004362435424326], [0.45387907081113943, 0.334412457415889, 0.31477661522494427, 0.1468615560683689, 0.4825109353574499, 0.015023478274336137, -0.12184078546983804, -0.4825843651783703, -0.2906100727155916, -0.4451971514221295, -0.14238921518430103, -0.34411511949016754, 0.030970677276108985]], "inverted": true, "swapped": true, "error_lsq": 0.044176858980342855, "error_max": 0.2705219112150616, "target": "25.xyz", "model": "13.xyz", "model_rescale": 3.9028299243045295, "target_rescale": 4.19342608120988},
{"mapping": [0, 4, 13, 9, 10, 14, 7, 3, 5, 12, 2, 6, 11, 1, 1, 15], "R": [[0.9310052216783097, 0.3635415066523072, -0.032662672099695866], [0.1142568470163483, -0.20527282834154412, 0.9720125713459399], [0.3466621555889892, -0.9086807133892706, -0.23264718136431833]], "T": [-0.03703725250696367, -7.711557088732612e-05, -0.019708226664461537], "aligned_model": [[0.16996372518007596, 0.20464447854853418, -0.6790304443490494, 0.31812995716696585, 0.009635780648751632, -0.3325689714098496, 0.632601552272461, 0.5245620770932864, -0.3726131459672435, -0.698115367326714, -0.023476019210076617, 0.473050125871457, -0.2761615861020509, -0.032691932722811075, -0.032691932722811075, 0.032604251501852435], [0.21263662940327951, -0.40026684650004896, -0.46643880042373853, -0.24527584084759368, -0.7425168673680989, -0.5398938140682022, -0.5717481313096234, 0.11158153923812872, -0.22704857743900012, 0.140481570260784, 0.701858155545269, 0.2624443085205801, 0.08546197366173064, 0.48284177537929474, 0.48284177537929474, -0.05014638106409343], [-0.7937365641175576, -0.510423412913646, 0.03509024343147302, 0.624170096280779, 0.02453479511654616, 0.616145206076699, 0.19337409718009324, -0.2663415233560111, -0.33271718640992864, 0.14600016450666994, -0.24163780484263042, 0.31985271125575176, 0.674092397170575, 0.4149976724239057, 0.4149976724239057, 0.055221451590628204]], "inverted": true, "swapped": false, "error_lsq": 0.048299205585467984, "error_max": 0.3946990577270326, "target": "25.xyz", "model": "14.xyz", "model_rescale": 3.942246331269136, "target_rescale": 4.19342608120988},
{"mapping": [1, 2, 8, 12, 13, 9, 7, 0, 6, 10, 11, 11, 5, 3, 15], "R": [[0.08767855360187504, -0.9063283862703746, -0.4133779474994063], [-0.5597798414606794, -0.3880858050664199, 0.7321447513983868], [-0.8239896846032357, 0.16720724908474377, -0.5413711624393865]], "T": [-0.07811537295393162, 0.041414783889419396, -0.13289466775828623], "aligned_model": [[-0.7671963504735382, -0.36558439816673255, -0.43161800132594014, 0.2456009160941825, 0.46741948163398833, 0.2088712495336537, -0.04518865853036369, -0.39515398237151794, -0.4285135256123321, 0.4863351959695617, 0.2864691487356387, 0.2864691487356387, -0.2919573783091663, -0.17685656605477817, -0.10480224332608448], [0.24241222738918855, -0.526934816104109, 0.07341071626885422, -0.6441230665010445, -0.2872208237637031, -0.2092294443258989, 0.6615239365305323, 0.6635655790816134, 0.16307126376306613, 0.5208613096541276, 0.293840385234173, 0.293840385234173, -0.7954543514940227, -0.3932637303028527, 0.04184511921755367], [-0.327326732836, -0.5367923276396229, -0.6056207360939718, -0.15332812843129612, 0.3214073871382777, -0.5766928853095055, 0.05994212952959929, -0.36472403934842157, 0.48714346636038414, -0.37118375574028895, 0.4938325547977574, 0.4938325547977574, 0.019618913380919117, 0.5381542527518142, -0.06890017299688628]], "inverted": true, "swapped": true, "error_lsq": 0.05523368355430123, "error_max": 0.506502927113945, "target": "25.xyz", "model": "15.xyz", "model_rescale": 4.355366556412066, "target_rescale": 4.19342608120988},
{"mapping": [13, 9, 12, 6, 3, 11, 4, 7, 2, 10, 8, 15], "R": [[0.888912434115424, -0.18848649097765274, 0.41750152957075937], [-0.29497253394815054, 0.4617812479016924, 0.8365101812306669], [-0.3504652460532993, -0.866735785464802, 0.35488475524247787]], "T": [0.057914786035408304, 0.09416449790107476, 0.012769384548140576], "aligned_model": [[-0.3112473862910869, 0.5489062761868398, 0.18423017125524785, -0.5970636199964454, -0.5623133871850895, -0.5647481211498527, -0.166725540575548, -0.20413739924929006, 0.5033764168441269, 0.27987516488883724, 0.49517958366092735, -0.007523603756885967], [-0.5937870044298103, -0.22373639925189873, -0.5691165843223952, 0.3616230582460678, -0.176881874634535, -0.12598467414738296, 0.36327255974294126, 0.4136228749535624, 0.03479737279796495, -0.03337940047492713, 0.45532234394463034, 0.10702415531676233], [0.06218616545202076, 0.010107671878638425, -0.3325920722610434, -0.13384459286596842, -0.42409760288854237, 0.4042445628476897, -0.6458822058774746, 0.5148456313660558, -0.5928976096503633, 0.747426617197145, -0.15403076724302645, -0.006207336745710161]], "inverted": true, "swapped": true, "error_lsq": 0.04179378590653057, "error_max": 0.256049375731761, "target": "25.xyz", "model": "16.xyz", "model_rescale": 3.795458400668931, "target_rescale": 4.19342608120988},
{"mapping": [11, 13, 3, 10, 6, 12, 9, 7, 8, 2, 4, 1, 15], "R": [[0.9293006906054482, -0.35611398687698737, 0.09789307836008572], [-0.3452701035589104, -0.7436078108500307, 0.572569628282224], [-0.13110599539554366, -0.565888904285463, -0.8139907652903329]], "T": [-0.12557354177127078, -0.010226478147325052, 0.0072782189418972194], "aligned_model": [[0.37057605320389697, -0.027005097677042927, 0.36481789452121455, -0.39140048504959823, 0.5842083411711295, -0.4740200866573637, -0.6975297180667537, 0.22425049268110364, -0.4022346641870937, -0.5521100365087224, 0.19190317529613748, 0.016703271440014933, -0.05952733926270054], [-0.2921707261811406, 0.1319253911335209, 0.5221630860884008, -0.7076631383312699, 0.11565089413355234, 0.47267490670183276, 0.032332768886544946, -0.5534957081631342, 0.0339968389821379, 0.5583818500917701, 0.5801659205531436, 0.05998503039881456, 0.009834151176312513], [-0.5063077909622952, -0.7556615592580895, -0.3463875536980888, -0.2122058272572835, 0.056176256095048865, -0.46236330849775026, -0.10759367237832153, 0.0799916890678166, 0.5278170793592025, 0.25935799925251846, 0.3349208482427297, 0.7338207478370198, 0.0007101230337881112]], "inverted": false, "swapped": true, "error_lsq": 0.04820305743433559, "error_max": 0.29727099998353845, "target": "25.xyz", "model": "17.xyz", "model_rescale": 3.7474275329858107, "target_rescale": 4.19342608120988},
{"mapping": [11, 3, 13, 6, 10, 8, 14, 5, 7, 9, 1, 4, 2, 15], "R": [[0.10915488181141476, -0.7068881655096261, -0.6988521540634842], [0.3738282726071791, 0.6806338028906496, -0.630071463377088], [0.9210524601651464, -0.19247531744368726, 0.33854928415030383]], "T": [-0.0023097399354931637, -0.1453713795264517, 0.07999045372066851], "aligned_model": [[0.37142069937673206, 0.1488922875261925, 0.6854169148081959, -0.2621564245003147, 0.3441466633306958, -0.4243019732842972, 0.7238750941195675, 0.07256892816047777, -0.12362592404103233, 0.2664747914056072, -0.742524617506252, -0.45731816408146236, -0.17141173466508966, -0.01660889276614384], [-0.407258380792374, 0.3914464805801392, 0.05197599794407795, -0.05461034457231401, -0.8111948302493482, -0.13030292768558524, -0.18778160957307707, 0.7284675932603, -0.7073260888653506, -0.06915773231326067, -0.13878703087385522, 0.4030905121756634, 0.41958375822062144, -0.12773715574440342], [-0.5373978572005215, -0.5013583396858434, -0.2363733530455284, -0.5880429191715493, 0.28469071845061233, 0.49369721024184376, 0.39646465722922897, 0.06826952599069372, -0.22381021814521765, 0.5938844741337609, 0.15122931375458226, -0.14105531114510364, 0.550121537184503, 0.014475280070193358]], "inverted": true, "swapped": true, "error_lsq": 0.03882455751169754, "error_max": 0.2364020389659989, "target": "25.xyz", "model": "18.xyz", "model_rescale": 3.922800546911778, "target_rescale": 4.19342608120988},
{"mapping": [5, 2, 4, 3, 0, 12, 8, 11, 9, 6, 1, 7, 13, 10, 15], "R": [[-0.7949995634170888, 0.3516711387055696, 0.4942702746151812], [-0.4720421919747007, 0.15310317297017106, -0.8681794672889851], [-0.3809880092107342, -0.9235187213197111, 0.04428665949975907]], "T": [0.05953304879421925, -0.032565920059996256, 0.07632233434766626], "aligned_model": [[-0.3067026893280549, -0.33135875600050546, 0.3066055676400542, 0.1261258567944387, 0.5611005436775777, -0.6010711551828164, 0.07955131659782688, 0.2923579652151823, -0.4766799058904214, 0.6255111076177214, 0.5159691995214055, 0.5418124500908483, -0.2814098311905533, -0.05996123347458236, 0.10420040079949706], [0.42465292341694105, -0.19636996255061034, 0.19203284599253517, 0.7306360054189306, -0.5623295863132535, 0.3025561818511898, -0.5276909546577548, 0.4782321284075193, -0.2658592161986696, 0.400858391327282, -0.4143095002418173, -0.12325353377734957, 0.6083805334392045, -0.34901082183168447, 0.01908607075211574], [-0.576487790217914, -0.547508460447908, -0.5909219294547362, -0.17285653012734442, 0.17177103966069357, -0.08636500052088301, -0.24602569605980262, 0.6000641420526033, 0.09012862752304515, -0.04131548045638811, -0.36974298945874506, 0.5029227280458864, 0.36777660795765565, 0.7769212537908591, 0.06429864487630678]], "inverted": true, "swapped": true, "error_lsq": 0.04459587514741349, "error_max": 0.27878362511671984, "target": "25.xyz", "model": "19.xyz", "model_rescale": 3.9282355846067225, "target_rescale": 4.19342608120988},
{"mapping": [11, 7, 0, 6, 3, 1, 4, 8, 5, 12, 10, 13, 9, 15], "R": [[-0.6879684871149178, 0.021791865918966424, -0.7254133134404009], [-0.5603098857490164, -0.6512208734409853, 0.5118243897341007], [-0.4612506831092348, 0.7585753018484916, 0.4602296369821638]], "T": [0.059985236012079744, -0.147549381667925, 0.08037774106665707], "aligned_model": [[-0.5848511333218206, -0.037222052393869616, 0.44907105580772766, -0.4414530979280318, -0.6318307924300636, 0.4297743438412286, -0.06356499792914513, 0.5979756376707083, -0.1691773231198665, -0.09736891462712474, 0.23950148917733668, -0.5482840553824674, 0.38567729599593303, 0.004275363724131544], [-0.5526977224311805, -0.7565901427458996, -0.6110393490137088, -0.19352508022028755, 0.24325977042019012, -0.09492563377030419, 0.3581156857965122, -0.025384455291227376, 0.6989529045433897, 0.39249409619623465, -0.7667146337662988, -0.0524266701730747, 0.027369207561058595, -0.14400588968056788], [0.17768369116088695, -0.1255971470303712, -0.33809474829835034, -0.4377653710568339, -0.05251573908891488, -0.5626799162948999, -0.4541711548237095, -0.13198949304780475, 0.09641352526320268, 0.5890668599999533, 0.5158813698927134, 0.5630371822622933, 0.5336644910734711, 0.039249607232046776]], "inverted": false, "swapped": true, "error_lsq": 0.043064000101878996, "error_max": 0.27509435505918595, "target": "25.xyz", "model": "20.xyz", "model_rescale": 4.067790424073018, "target_rescale": 4.19342608120988},
{"mapping": [1, 3, 0, 8, 7, 11, 10, 4, 6, 5, 12, 9, 2, 13, 15], "R": [[-0.7328212257194636, -0.6601526514599323, 0.16483788370834074], [0.5314400280845071, -0.4040328144335147, 0.7445327268901425], [-0.4249053396752759, 0.6332108350552401, 0.646915365935981]], "T": [-0.006565633367212831, -0.0667070071328156, 0.031292503240098565], "aligned_model": [[0.23487998723253573, 0.11032641313551207, -0.254835788500666, 0.3240386485714305, -0.5879423753708916, -0.6284510767559524, -0.5506074229478547, 0.4618273260423584, -0.18969272939148676, 0.6901189603851654, 0.39045393042859783, 0.23639344392135556, 0.7379823069164976, -0.18570969982349952, -0.020337969935586578], [-0.2522806567070146, 0.7291184891982908, -0.49564590415937615, -0.47201007850016063, -0.14574907962028047, 0.36232201512887474, -0.5363670823068943, 0.33314997750422004, 0.48420942403110456, 0.43275401899676413, 0.15797783532255297, -0.39868129274737263, -0.1736225689349029, 0.42165800789176633, -0.0059379651697246405], [-0.6471637051330863, 0.07601292907554912, -0.5124935778977346, -0.24418528668659212, -0.24899127212753414, 0.16774821957713898, 0.32910628776756135, -0.3899280687538112, -0.39880284062955423, 0.21705580868375846, 0.6371506499727527, 0.4471105752137871, 0.08616011837917967, 0.615592950633891, 0.0008767855458355553]], "inverted": false, "swapped": true, "error_lsq": 0.04335290726089041, "error_max": 0.375751735498543, "target": "25.xyz", "model": "21.xyz", "model_rescale": 4.186013935880536, "target_rescale": 4.19342608120988},
{"mapping": [6, 3, 4, 0, 10, 1, 7, 11, 2, 12, 14, 9, 15], "R": [[-0.3853046180185712, -0.5566813135047097, -0.7359662128985502], [-0.765302702336522, -0.2528585035279722, 0.5919242780880095], [-0.5156084998620367, 0.7913080894242556, -0.3286021644508062]], "T": [0.0326909724372297, -0.03843343938396639, 0.05461089410309748], "aligned_model": [[-0.06890777211116769, -0.3552975039631552, 0.349274359965525, 0.48942038003395594, -0.20498220900125044, 0.709346476994894, -0.0465139894873449, -0.6131686548844528, 0.44616281341454134, -0.2788842288500886, -0.4412849233325191, 0.05984841292815271, 0.013560873716135208], [-0.3502510598226174, 0.1909049202144047, 0.1717613349096164, -0.5997319332595966, -0.3881935478193649, -0.23621866805397354, -0.6826150908969703, -0.4184997682945104, 0.5915716642503511, 0.6518362615553307, 0.30183419179790627, 0.34475191545180006, -0.05819356048628292], [-0.5891855946518473, -0.6131246423410756, -0.587493037094286, 0.18754771504028434, 0.7076303659792187, -0.1821478972330841, 0.0941347345132174, -0.11224981603276828, 0.024153808872116937, 0.09486682951734378, 0.5920713593558478, 0.49571424456814817, -0.009038509157770117]], "inverted": false, "swapped": true, "error_lsq": 0.04537688325351519, "error_max": 0.32203909236737266, "target": "25.xyz", "model": "22.xyz", "model_rescale": 4.166573947596378, "target_rescale": 4.19342608120988},
{"mapping": [11, 3, 8, 1, 4, 0, 2, 12, 9, 10, 14, 6, 7, 5, 13, 15], "R": [[-0.5270278240071131, -0.40599465038525334, 0.746598966367409], [-0.24506464686526513, -0.7685882204364655, -0.5909445543053173], [0.813747498662288, -0.4944092346071857, 0.3055724417482808]], "T": [0.0007116932660618108, -0.06001539231453378, -0.0072180299820388955], "aligned_model": [[0.3462711737775372, 0.09120820753809372, -0.6283724742570765, 0.36471289793662115, -0.023938672714017825, -0.18762338926948746, 0.5611898849353815, 0.3940684124379935, -0.3261520990860123, -0.5733114777593833, -0.1815035623875772, 0.6815230618136349, -0.4590716014020021, 0.042951936596217544, -0.21379148467321374, 0.02968173498606891], [-0.08799696838791021, -0.5307638561226955, -0.5674057653206296, -0.2904419009486858, -0.775157054160545, -0.47715566738416415, -0.43081450297105595, 0.3692728467348869, -0.051471217155362535, 0.39388162533905224, 0.6651694793751707, 0.13217615968440743, 0.03505587899776969, 0.2646702235159545, 0.653649212115547, -0.06585602494377907], [-0.7156663373803226, -0.3700305390592924, -0.03700493605905615, 0.5606779182199164, 0.15957008804130002, 0.6690065262410958, 0.02715427556346124, -0.3078231771857393, -0.5107418373657252, 0.15220633953263546, -0.26583408845426837, 0.27325642476113865, 0.5321801744694206, 0.7568873252652145, 0.3946331339248883, 0.0551487253025863]], "inverted": true, "swapped": false, "error_lsq": 0.03982152661388096, "error_max": 0.21733071008939103, "target": "25.xyz", "model": "23.xyz", "model_rescale": 4.274766983524099, "target_rescale": 4.19342608120988},
{"mapping": [7, 9, 14, 11, 12, 3, 6, 4, 1, 2, 15], "R": [[0.15515064796231376, 0.2405473866825682, 0.958157205889024], [0.967483058771367, -0.23312245650821345, -0.09813486262269791], [0.19976187681155239, 0.9422265518609436, -0.2688946216289255]], "T": [0.050122609515932226, 0.11227159975783096, -0.0830867852781916], "aligned_model": [[0.23669266325111643, 0.01621937939375144, -0.39788929135414625, -0.4172263322614269, -0.4892523663809862, -0.5240685530375817, -0.05199946397339743, 0.12190447100889125, 0.6865838464535767, 0.17136055512272885, 0.02756979573554849], [-0.3519323272188458, 0.6874853341730289, 0.6328981127554996, -0.3877451400408649, 0.5957661185690339, -0.21911910804201196, -0.5548411301386954, -0.0962644760826605, -0.07259092507383597, 0.628979238146382, 0.05295083419645341], [-0.4984322912475494, -0.18368717918163568, -0.4799902155395448, -0.4309312845926868, 0.1415898536584315, 0.37461027093095034, 0.17490185780377257, 0.6296995868502391, 0.2542251394915511, 0.45273744420680617, -0.05515674835875674]], "inverted": true, "swapped": true, "error_lsq": 0.04996608370218105, "error_max": 0.24407634757728255, "target": "25.xyz", "model": "24.xyz", "model_rescale": 3.7841303162186577, "target_rescale": 4.19342608120988},
{"mapping": [0, 1, 2, 3, 4, 5, 6, 7, 8, 9, 10, 11, 12, 13, 14, 15], "R": [[1.0, 0.0, 0.0], [0.0, 1.0, 0.0], [0.0, 0.0, 1.0]], "T": [0.0, 0.0, 0.0], "aligned_model": [[0.18503994942868374, 0.012721924499646702, -0.6257532860202262, 0.3182706035955515, 0.04823057473368987, -0.3240434965788038, 0.6097282748006138, 0.5031331682353808, -0.34061612684678366, -0.5311533116037113, 0.02254654026779136, 0.6257532860202262, -0.42897020602327995, 0.1425449115887446, -0.3549018204156838, 0.0553115627909384], [-0.007129647553337283, -0.5140189449525466, -0.4135751331759778, -0.3703887513266656, -0.7374876270879023, -0.5440894881213019, -0.37403751005131775, 0.23825426528365976, -0.22892907408135812, 0.2370389344536171, 0.7374876270879023, 0.32360275910920044, 0.030762376038540585, 0.290932313190558, 0.6031107741072441, -0.0347204045523542], [-0.7120669453027493, -0.5372700165374016, 0.07862227534600442, 0.6407166951240992, 0.10242145483963912, 0.6068782305245144, 0.10175374305796565, -0.33600220266514724, -0.42547610604005814, 0.061882240195618395, -0.24669568032579467, 0.3051911671305179, 0.6246680278299377, 0.7120669453027493, 0.37363224477011603, 0.023297942567242245]], "inverted": false, "swapped": false, "error_lsq": 0.0, "error_max": 0.0, "target": "25.xyz", "model": "25.xyz", "model_rescale": 4.19342608120988, "target_rescale": 4.19342608120988},
{"mapping": [13, 9, 12, 6, 3, 11, 4, 7, 2, 10, 8, 15], "R": [[0.888912434115424, -0.18848649097765274, 0.41750152957075937], [-0.29497253394815054, 0.4617812479016924, 0.8365101812306669], [-0.3504652460532993, -0.866735785464802, 0.35488475524247787]], "T": [0.057914786035408304, 0.09416449790107476, 0.012769384548140576], "aligned_model": [[-0.3112473862910869, 0.5489062761868398, 0.18423017125524785, -0.5970636199964454, -0.5623133871850895, -0.5647481211498527, -0.166725540575548, -0.20413739924929006, 0.5033764168441269, 0.27987516488883724, 0.49517958366092735, -0.007523603756885967], [-0.5937870044298103, -0.22373639925189873, -0.5691165843223952, 0.3616230582460678, -0.176881874634535, -0.12598467414738296, 0.36327255974294126, 0.4136228749535624, 0.03479737279796495, -0.03337940047492713, 0.45532234394463034, 0.10702415531676233], [0.06218616545202076, 0.010107671878638425, -0.3325920722610434, -0.13384459286596842, -0.42409760288854237, 0.4042445628476897, -0.6458822058774746, 0.5148456313660558, -0.5928976096503633, 0.747426617197145, -0.15403076724302645, -0.006207336745710161]], "inverted": true, "swapped": true, "error_lsq": 0.04179378590653057, "error_max": 0.256049375731761, "target": "25.xyz", "model": "26.xyz", "model_rescale": 3.795458400668931, "target_rescale": 4.19342608120988},
