[{"mapping": [7, 9, 0, 12, 2, 3, 4, 6, 8, 11, 1, 5, 13], "R": [[-0.641824210613436, 0.660993276463822, -0.3887795919799045], [0.7448743843235881, 0.657874955224973, -0.11118765608778486], [0.18227406356636539, -0.3609548888121079, -0.9145970336676383]], "T": [-0.06864947148966218, 0.03330828232929181, 0.18159504705140955], "aligned_model": [[0.03398706819177667, -0.5418758221334782, -0.7407771292048314, -0.5429727799735109, -0.18097307632549364, 0.08750842348125636, 0.35084736684887596, 0.5737917759410311, 0.5411686041732711, 0.2383399766602448, -0.36561442725432575, 0.45297096798914427, -0.04574116241285646], [0.17469318764816363, 0.10002710286239462, -0.3454815205338132, 0.3612649380571028, -0.6799959865992887, -0.4205436923017636, -0.38043225922700385, -0.37091211745613883, 0.23875256060798863, 0.6485838794324594, 0.01868279710715616, 0.25961810950133624, 0.10439471148711361], [-0.5538439590841522, -0.37369640057518055, 0.19482877524405795, 0.23240487844624508, -0.08267502907271557, 0.3885573691283416, -0.570897739297904, 0.08982688163085359, -0.2616810460779203, 0.06219965695096745, 0.6762080509773882, 0.6806914702853308, 0.036813172425368273]], "inverted": false, "swapped": false, "error_lsq": 0.05245134531558378, "error_max": 0.30161046577516804, "target": "250.xyz", "model": "0.xyz", "model_rescale": 3.8414455957264533, "target_rescale": 3.8810931489359475},
{"mapping": [11, 1, 4, 5, 0, 7, 13, 9, 8, 10, 2, 6, 14], "R": [[-0.64967403584343, -0.5304716678646444, -0.5445396741687536], [-0.642409456815515, 8.003275656920383e-05, 0.7663615878870451], [-0.4064895287026529, 0.8477026620152024, -0.34083201121290635]], "T": [-0.01976665269417139, -0.011691145437936425, 0.04407665439376108], "aligned_model": [[-0.05936409094147219, -0.686208635680381, -0.47873150952130006, -0.3090889928730843, -0.2863943273271094, 0.016193304889901165, 0.4745916565030041, 0.5181877715068061, 0.6935167232611065, 0.005579165475023899, -0.20255617792902864, 0.25098604213603076, -0.07605114351839277], [0.01498393847997692, 0.10335289888184829, -0.2404235602542552, 0.44714416654670325, -0.6096239562374625, -0.6093975721300953, -0.3581345197447843, -0.34402386868223583, 0.2855942848275275, 0.6706892269144666, -0.07993381529913707, 0.39235094375221086, 0.036073543530943344], [-0.8067969466259187, -0.49547671863683906, 0.22532228181174754, 0.41835666311964714, -0.2672164653444969, 0.27733383236812575, -0.414654041293725, 0.30033761228056843, -0.12069772479879087, -0.0017045354107849894, 0.7557898375603096, 0.6551986898242365, -0.007056403873398891]], "inverted": true, "swapped": false, "error_lsq": 0.047576617845680375, "error_max": 0.329359406955824, "target": "250.xyz", "model": "1.xyz", "model_rescale": 4.316132596720782, "target_rescale": 3.8810931489359475},
{"mapping": [1, 9, 0, 5, 4, 2, 7, 10, 8, 3, 11, 12], "R": [[-0.4437267715653915, -0.8957558072758505, 0.026983067426531615], [-0.47106927680970745, 0.2075258292970441, -0.8573370204421091], [0.7623649314089247, -0.39313428228299296, -0.5140478065819383]], "T": [-0.015201981416889422, -0.04189891309011362, -0.1250657356857777], "aligned_model": [[-0.16602277637386323, 0.48081013162529834, 0.13157231651803855, -0.5313915107380327, -0.6284765360202972, -0.4462975857397966, -0.054684946020237234, -0.15647308694206535, 0.5183191339384223, 0.13351627769928118, 0.3518510813522025, -0.03491394466716969], [-0.6689173559673486, -0.16851045832563266, -0.7192554166975647, 0.35950545003060197, -0.2798591483848315, -0.042057052404065653, 0.5630529359856943, 0.5083215417216612, -0.059789784662048734, -0.112664142428052, 0.6517011821498291, -0.01875132327726231], [0.09066658415784956, 0.15451483620937648, -0.5716368504845998, -0.20738911763013607, -0.32991242342218186, 0.46520563182057073, -0.615527388468701, 0.5338337518433408, -0.5529439673267031, 0.6502918494825177, -0.1308788076855579, -0.03696563728635485]], "inverted": true, "swapped": true, "error_lsq": 0.04173796125383145, "error_max": 0.22028726578693394, "target": "250.xyz", "model": "2.xyz", "model_rescale": 3.795458400668931, "target_rescale": 3.8810931489359475},
{"mapping": [1, 4, 2, 7, 9, 11, 5, 0, 6, 8, 3, 12], "R": [[0.7237231149896489, 0.3278418804198088, -0.6072434061169238], [0.1061882524103486, 0.8165619713189899, 0.5674069104669781], [0.6818716212599814, -0.4751276127930779, 0.5561518171163659]], "T": [0.032907952130211686, 0.0407179911217714, 0.04937309723236647], "aligned_model": [[-0.06552536880097315, -0.1446705669662704, -0.6730085743545026, 0.21861855356219992, 0.17185524781166653, 0.097038161057041, -0.3318333818260806, 0.6215806175969081, 0.4862727419111068, 0.6885851402512536, -0.4255863235728573, -0.050022420925927034], [-0.18981289031902773, -0.6236246137271909, 0.02549701512145785, -0.028183291638014814, 0.5214927960289092, 0.572346966816693, -0.24971257485309886, -0.3333214651849892, -0.44431105562581724, 0.21384135510028515, 0.5405420096506519, 0.08101479391985114], [-0.5827707691124281, 0.0068561439066959565, -0.1396081502440522, 0.8035895534268002, -0.25024838370990043, 0.6230461603228981, 0.5151714203070512, -0.39033051447026956, 0.2884020487879981, 0.13970786767094942, -0.3608258457269802, 0.03578189948033817]], "inverted": false, "swapped": true, "error_lsq": 0.058740166900892656, "error_max": 0.2787160721763306, "target": "250.xyz", "model": "3.xyz", "model_rescale": 3.7530521520055578, "target_rescale": 3.8810931489359475},
{"mapping": [4, 6, 0, 8, 1, 11, 2, 5, 10, 9, 12], "R": [[0.019047531205056756, -0.8628566405076867, 0.5050897043959433], [-0.727421547361988, -0.3585398483683254, -0.585070140722896], [0.6859264421120412, -0.35626899256573985, -0.6344898115397201]], "T": [-0.0337289678554539, -0.01661447883765465, 0.01199519869078725], "aligned_model": [[-0.38239523196080294, -0.14267488068899914, 0.4591376405572991, 0.35224462325314965, 0.2586420510409312, -0.17945129891977302, -0.31351592176424914, -0.692415450674934, -0.4233732724674033, 0.4571540110228889, -0.055152666952902156], [-0.5619241869696596, -0.07058625117886444, -0.39549208020147, 0.35303228168535195, -0.6184166438325995, 0.7485835597422233, -0.3541439817466545, -0.02254444469732963, 0.24388100983235295, 0.165932569160034, -0.021118473479038592], [-0.22414475318925364, -0.6830914752937945, -0.5295900278274187, -0.4151234081730678, 0.13362091653716135, 0.10728317691360167, 0.5968514438150323, -0.009245916715263475, 0.7449126736371561, 0.26877189577908867, 0.1025862517620745]], "inverted": true, "swapped": true, "error_lsq": 0.051462609477746925, "error_max": 0.24051980166408848, "target": "250.xyz", "model": "4.xyz", "model_rescale": 3.7855080009869324, "target_rescale": 3.8810931489359475},
{"mapping": [15, 10, 7, 5, 8, 6, 13, 11, 14, 3, 4, 1, 16], "R": [[-0.1912516666991839, 0.8032017312793873, -0.5641717636097888], [-0.3035906471619545, 0.49819070355722317, 0.812181471005677], [0.9334106914646793, 0.32660833081682755, 0.14856473101135348]], "T": [0.0631444970417137, 0.06275633826471684, 0.03176459726116156], "aligned_model": [[0.03684984568581412, -0.5544681855092091, -0.5872929005367038, -0.5846803474356481, -0.19550304092861975, -0.010570777344042145, 0.43458835304565335, 0.5852783407272089, 0.5222673176001316, -0.16743556887505678, -0.15790943217066244, 0.44954413372135066, 0.08999204800088768], [-0.028014043398343194, 0.15800501340432083, -0.2300288550042649, 0.4180794013861651, -0.4238707144292233, -0.5254202451073263, -0.4944090195224613, -0.44046876593718887, 0.33284749641370687, 0.7176568448837537, -0.08834155224953104, 0.21613499517703227, 0.09648115496906712], [-0.7870073098098311, -0.3429973782788978, 0.26106242609904967, 0.3621760624241865, -0.40596298543373155, 0.30506193197554443, -0.24475640518568512, 0.35822588452127774, -0.3853138131907455, 0.01292939003673247, 0.7211885392063644, 0.6644369037255657, -0.0003071651091493474]], "inverted": true, "swapped": false, "error_lsq": 0.04173655474695889, "error_max": 0.21838286921024613, "target": "250.xyz", "model": "5.xyz", "model_rescale": 4.2253639853439635, "target_rescale": 3.8810931489359475},
{"mapping": [12, 11, 5, 8, 6, 2, 7, 3, 0, 9, 10, 4, 13], "R": [[-0.5191198870450142, 0.6358238525209456, 0.5711764801178308], [-0.22777715745355925, -0.7470246227368198, 0.6245572668437129], [0.823791302100689, 0.19411914277148204, 0.5326214875433744]], "T": [-0.014570984379087853, 0.06363467297834965, 0.11249172260008947], "aligned_model": [[-0.05227071641777761, -0.5765676982606004, -0.5447337480008889, -0.5737214153908164, -0.05640718972774625, -0.05764974770994592, 0.43757408390461916, 0.4836862244822072, 0.6709123560432316, 0.0011780710911787895, -0.3623426910422619, 0.4654044021974155, 0.025597854812489315], [0.10175968367374125, -0.1106219151127156, -0.24176367400330004, 0.5288877659882956, -0.5083666636513691, -0.47486579781167004, -0.20539246378301432, -0.4368265557699397, 0.3993831537809428, 0.6409390353285235, 0.05891266718724243, -0.06116733254562548, 0.0177738073045956], [-0.8194251075047859, -0.396770610492032, 0.2749742145198504, 0.24193371942788824, -0.17868205873839124, 0.5104026110488019, -0.48129313148396036, 0.04701054182388356, -0.13337042773787686, -0.08516471657818997, 0.8107359614556859, 0.6174267678330934, 0.11095831740671305]], "inverted": true, "swapped": false, "error_lsq": 0.050579328408951074, "error_max": 0.28359204054686477, "target": "250.xyz", "model": "6.xyz", "model_rescale": 3.89814844738969, "target_rescale": 3.8810931489359475},
{"mapping": [11, 10, 5, 2, 9, 6, 8, 3, 7, 4, 1, 0, 12], "R": [[0.04328371708295362, 0.9863235998100476, -0.1590354560883586], [-0.9983275127229901, 0.04880659726400229, 0.03098537403094212], [0.038323585111661035, 0.15742830914819256, 0.9867865170861074]], "T": [0.06443553729038688, 0.045639325718759366, 0.018874262867212617], "aligned_model": [[0.10614897873459044, -0.613430939685379, -0.5178361541762714, -0.4331432997368374, -0.451284134264036, 0.13587300721903556, 0.36290609302365295, 0.7493831044586579, 0.6468537935186246, -0.014406763297130518, -0.30725631070439474, 0.27043386338721837, -0.07358145249662675], [0.06597313680668507, 0.1666661830713127, -0.38279828811518213, 0.47721735491926487, -0.5900781579649892, -0.5622246204007288, -0.42998909447940437, -0.28287059306707685, 0.33246743866021244, 0.6569907982734402, -0.020722200431716367, 0.1489696293924041, 0.12905012392148496], [-0.7893255231711973, -0.2355922422841621, 0.3016771843402118, 0.2790733216184099, -0.3386762655133437, 0.3065789064272631, -0.3584580913973113, 0.293300938246086, -0.08008677989437105, -0.16961726751960526, 0.7753383598440913, 0.5646745243698292, -0.030150984085220253]], "inverted": true, "swapped": false, "error_lsq": 0.04832306315168972, "error_max": 0.260293390400577, "target": "250.xyz", "model": "7.xyz", "model_rescale": 3.7474275329858107, "target_rescale": 3.8810931489359475},
{"mapping": [4, 13, 12, 11, 1, 0, 2, 3, 8, 9, 10, 5, 14], "R": [[-0.12252169839926491, -0.9686990466179297, -0.21589485983430495], [0.1505885521496844, -0.23316036640434273, 0.9607077242843709], [-0.9809747812165315, 0.0851962476856068, 0.17444219099022856]], "T": [-0.048599419848624995, -0.03422284694108708, 0.1249882770143376], "aligned_model": [[0.07009067008702453, -0.6189027448782434, -0.6589020930425465, -0.4304344346620966, -0.12686007696142965, 0.06783829362380914, 0.339308060844816, 0.6157957295700442, 0.4555014854149679, 0.0807937053978502, -0.4013681590001022, 0.5244610263321345, -0.05666167674512397], [0.1680645595910753, 0.15550943114597887, -0.1110076031852974, 0.42343664012619586, -0.738192000561527, -0.5901883916424496, -0.4230389663252261, -0.2798336587191841, 0.25580288749842267, 0.7121018042285472, -0.09923659168763627, 0.2849609402075923, -0.0497273400907851], [-0.6214822941102615, -0.5434932925181536, 0.077266509442019, 0.30170774665357813, -0.12621785417884476, 0.45899098600513355, -0.5129296703574017, 0.23629394421623995, -0.23135098062053747, 0.2062124992874529, 0.7932627635539407, 0.4126424079883656, 0.06783331561914971]], "inverted": false, "swapped": false, "error_lsq": 0.04948565166359084, "error_max": 0.26296854692184035, "target": "250.xyz", "model": "8.xyz", "model_rescale": 4.019505241142653, "target_rescale": 3.8810931489359475},
{"mapping": [10, 1, 7, 0, 9, 8, 11, 11, 6, 2, 4, 5, 12], "R": [[-0.7915963726130868, -0.6090297750686199, -0.0495773733236215], [0.025649818557007487, -0.11418326306645038, 0.9931285260445853], [-0.6105057490915184, 0.7848852881251912, 0.10600856008285314]], "T": [-0.014989251929830236, 0.07715245756655939, 0.019370568490338677], "aligned_model": [[0.13687777586028455, -0.4732544169255905, -0.7022847700093695, -0.556520107028768, -0.15098479819712096, -0.06851151284790269, 0.4268932815173438, 0.4268932815173438, 0.5752435072581648, -0.021719592942173866, -0.23717431166003966, 0.4895759147869684, 0.015625534651963934], [0.08028369547960082, 0.17866808368971748, -0.326713536585171, 0.2796835437624524, -0.5295090597861197, -0.5390335917489106, -0.3610071768280416, -0.3610071768280416, 0.346757648000939, 0.6683744157811796, 0.03991080543233728, 0.16553762670352745, 0.06670643351223704], [-0.8834618408953219, -0.4664204548672245, 0.4484406323159433, 0.3166441296612154, -0.26489528628164943, 0.29063990255025934, 0.017028472316802046, 0.017028472316802046, -0.3077382348749415, 0.03895272494425384, 0.8173940830700269, 0.4531064023277522, 0.042017078396763045]], "inverted": true, "swapped": false, "error_lsq": 0.0525888933458096, "error_max": 0.4347892181731854, "target": "250.xyz", "model": "9.xyz", "model_rescale": 3.877068213659057, "target_rescale": 3.8810931489359475},
{"mapping": [13, 6, 11, 12, 9, 8, 2, 7, 4, 3, 0, 1, 15], "R": [[0.6766860181227784, 0.7310340750594136, 0.08766535221606502], [-0.7333765410590481, 0.6797789363653696, -0.007710168495763999], [-0.06522945578038523, -0.05907434956048668, 0.9961201430161928]], "T": [-0.07632802503320278, -0.0025504380234100017, -0.06056343371162628], "aligned_model": [[0.0211341099507676, -0.4896191170674715, -0.6119532519831068, -0.5924631200637868, -0.14497831622640156, 0.06406538268184216, 0.3429791958200097, 0.6506529011628548, 0.5501638283171074, 0.043496168670522195, -0.284095129387835, 0.4149927146157295, -0.1037155805091276], [0.12131500302817659, 0.34894651782506303, -0.2991050058938509, 0.406605003832568, -0.643115581061898, -0.6142245979916351, -0.378928625538255, -0.271301899800803, 0.24319166124395467, 0.6126093107616107, 0.0312337999577665, 0.14745828581203427, 0.003967838410975167], [-0.8173969561728962, -0.3537271054024177, 0.35152427636202305, 0.29212850522508876, -0.20412087497756498, 0.38828770965933723, -0.41110055364744763, 0.19547944190971436, -0.13274000940161762, -0.1604733371558167, 0.7071979167390933, 0.638727581365446, 0.024949486477738696]], "inverted": true, "swapped": false, "error_lsq": 0.03835492490102108, "error_max": 0.280256066683351, "target": "250.xyz", "model": "10.xyz", "model_rescale": 4.260839863003843, "target_rescale": 3.8810931489359475},
{"mapping": [10, 2, 4, 5, 6, 7, 11, 9, 1, 0, 8, 12], "R": [[-0.39880887241164426, 0.8629663832761718, 0.3102265375834186], [0.9164471112318282, 0.3871569581331421, 0.10116413437542664], [-0.032805115463746704, 0.32465136855454013, -0.945264678963027]], "T": [0.059233768776248974, 0.004863129841610388, -0.004481664095341273], "aligned_model": [[0.4495932799178553, 0.27975865327386196, -0.4415861710562614, -0.3507403761384788, -0.5571481468677619, -0.4187891618930938, 0.20023107769930062, 0.5879523362483808, 0.2071038202171809, -0.14460170641279305, 0.031088872039673948, 0.11603617206626564], [-0.18594113813917043, -0.6107036014794845, -0.4584959131206343, -0.1660914155149394, 0.2257222870654258, 0.48276321652875365, 0.5871556724279038, 0.18352027519154426, -0.48972672842057097, 0.03911313415116577, 0.6091187874030668, -0.04335607056012664], [-0.7581804051035251, -0.33114679382358014, 0.09128212631301054, -0.4913594475803352, 0.25861948607534774, -0.39330535414441564, -0.5113327157228882, 0.165112252889769, 0.4381861500902062, 0.7936776710912602, 0.3150924431480399, -0.06046733583738464]], "inverted": false, "swapped": true, "error_lsq": 0.04451035293334215, "error_max": 0.28600947055513226, "target": "250.xyz", "model": "11.xyz", "model_rescale": 3.890672605050136, "target_rescale": 3.8810931489359475},
{"mapping": [9, 5, 8, 7, 6, 0, 11, 2, 10, 12, 3, 4, 13], "R": [[0.322165158956648, 0.9430642261806443, -0.08270112243942515], [0.12230746052786645, 0.045163408851176395, 0.9914641453931485], [0.9387494316662262, -0.329530168268771, -0.10079371382726873]], "T": [-0.008619998045388993, -0.19031186964893826, -0.019101755203479523], "aligned_model": [[-0.11252953573406575, -0.5310058614117004, -0.6813605155287427, -0.4222586183691132, -0.19729024357091007, -0.057351696908849774, 0.43739461158047965, 0.6858983175060521, 0.675822542089843, 0.0536067395563414, -0.3337986996865928, 0.35865108970269216, -0.01511834324432954], [-0.004135350506975166, 0.29136063212761737, -0.32571060180804035, 0.492413486917965, -0.657044682090475, -0.4999638388028413, -0.2912911755173931, -0.16902257272132884, 0.3706867759934996, 0.5448931326339157, -0.05979972110002979, 0.06027269381561712, -0.04400706835582488], [-0.7676747494524768, -0.335450917716054, 0.20062176493960926, 0.28048687868252464, -0.29949855294787314, 0.48133347464370774, -0.3251022644871428, 0.13174654232289362, -0.1470057554659578, -0.12270476911131391, 0.8354674620528666, 0.5225405331038138, 0.06397643441608357]], "inverted": false, "swapped": false, "error_lsq": 0.04852122139279784, "error_max": 0.23356617714172712, "target": "250.xyz", "model": "12.xyz", "model_rescale": 4.124412569039231, "target_rescale": 3.8810931489359475},
{"mapping": [11, 10, 4, 5, 2, 1, 8, 6, 9, 7, 0, 3, 12], "R": [[-0.7858589062963641, 0.4263657685660814, -0.44792634527312347], [-0.042796702780618465, -0.7600841032012324, -0.6484139096995729], [-0.6169231894051237, -0.49039207523759315, 0.6155659111081256]], "T": [0.026077384481018876, 0.058465395975325365, 0.15790640605026401], "aligned_model": [[0.011754697611874313, -0.3910837732760673, -0.6925364690103972, -0.5486576045496491, -0.3249860202870944, 0.09877778019958189, 0.35256083715255554, 0.6129626879088231, 0.5259338285714213, -0.0604003684951282, -0.162768275650189, 0.4904824501509107, -0.0513799843455373], [-0.125874539958016, 0.2057527659579807, -0.25430492376621305, 0.4893125737625755, -0.5446637904823369, -0.7371325404891862, -0.3493778618858991, -0.25590983751040314, 0.33594425971755276, 0.6557139034379731, 0.001750600801352517, 0.24794343671151692, 0.039497664288809506], [-0.820033525641573, -0.4327649673883604, 0.22150760421916899, 0.398314976714648, -0.34745008586851917, 0.31475944192942157, -0.33399658545035465, 0.22383567098873797, -0.12808360684881076, -0.012074454901433329, 0.7036977050391797, 0.6650349724166684, 0.06598893577190694]], "inverted": false, "swapped": false, "error_lsq": 0.038937772035406944, "error_max": 0.2346519985152368, "target": "250.xyz", "model": "13.xyz", "model_rescale": 3.9028299243045295, "target_rescale": 3.8810931489359475},
{"mapping": [14, 10, 7, 4, 9, 6, 11, 1, 12, 5, 3, 2, 15], "R": [[0.36948130552011005, 0.5810260790774252, -0.7251842940267453], [0.8425772762896964, -0.5385709068568709, -0.002216250799091546], [-0.39185086238439226, -0.6102049440305131, -0.6885512529429649]], "T": [0.055717532046756835, 0.12331256799405203, 0.13182684750437212], "aligned_model": [[-0.048313201057648136, -0.5416182914416787, -0.7296930781615854, -0.5105561351141095, -0.19277539978621488, 0.04419926633227744, 0.42141961355103147, 0.5313071935102553, 0.5866328013058537, 0.0001466534576453904, -0.23909744898365548, 0.545435667415571, -0.006427855046637898], [-0.08945046999173652, 0.21319239820492944, -0.320544696875332, 0.44667216663633535, -0.5391069959929987, -0.496252739487893, -0.2959647375409298, -0.31802213522630185, 0.3541535404571654, 0.612099384632556, -0.03730142540399099, 0.14521133571462966, 0.03396608545927378], [-0.7207927329767302, -0.30459511819812407, 0.049675416403024975, 0.3165860901115949, -0.18487023258940127, 0.3776203005680583, -0.3543060736033148, 0.16699657006857813, -0.2542841614823066, -0.009951708661165043, 0.6571617095903773, 0.6812323092709954, 0.09826371247909378]], "inverted": false, "swapped": false, "error_lsq": 0.043390666967457935, "error_max": 0.32538195565471084, "target": "250.xyz", "model": "14.xyz", "model_rescale": 3.942246331269136, "target_rescale": 3.8810931489359475},
{"mapping": [7, 2, 5, 1, 9, 10, 6, 11, 8, 0, 3, 13, 14], "R": [[-0.2148453598627195, 0.25016193881793225, 0.9440659276302222], [-0.9004794576305516, -0.4249886975682434, -0.09231117659653248], [0.3781246060901705, -0.8699446024351789, 0.3165725366532166]], "T": [0.025380153111434666, -0.06742271316733103, 0.16702737640043439], "aligned_model": [[0.0005178450032484842, -0.5015463700719475, -0.6089535780541271, -0.5090558993934433, -0.25123023391859917, 0.08691628543999934, 0.33654809241858535, 0.7114197516583889, 0.5491451035399185, -0.11688733819608342, -0.38443987388600337, 0.5613512622041573, -0.013125260762989071], [0.009316118407594873, 0.16469122326664934, -0.055976468833807275, 0.47783629992266563, -0.6050639722106036, -0.7726604155328654, -0.27438052864706064, -0.27304660407661663, 0.3148283324467315, 0.5162079133448467, 0.002136284434173033, 0.18641364577746736, 0.018349882286532004], [-0.6841321418410572, -0.3340908514844443, 0.15061825743114463, 0.43852719262089657, -0.364565396776385, 0.2556479362236802, -0.24906439892998536, 0.2013713623282564, -0.2553413500902886, -0.2570631040189283, 0.7533353345803825, 0.723113628344214, 0.1403796125931952]], "inverted": false, "swapped": false, "error_lsq": 0.04502169490612637, "error_max": 0.2932747595335787, "target": "250.xyz", "model": "15.xyz", "model_rescale": 4.355366556412066, "target_rescale": 3.8810931489359475},
{"mapping": [1, 9, 0, 5, 4, 2, 7, 10, 8, 3, 11, 12], "R": [[-0.4437267715653915, -0.8957558072758505, 0.026983067426531615], [-0.47106927680970745, 0.2075258292970441, -0.8573370204421091], [0.7623649314089247, -0.39313428228299296, -0.5140478065819383]], "T": [-0.015201981416889422, -0.04189891309011362, -0.1250657356857777], "aligned_model": [[-0.16602277637386323, 0.48081013162529834, 0.13157231651803855, -0.5313915107380327, -0.6284765360202972, -0.4462975857397966, -0.054684946020237234, -0.15647308694206535, 0.5183191339384223, 0.13351627769928118, 0.3518510813522025, -0.03491394466716969], [-0.6689173559673486, -0.16851045832563266, -0.7192554166975647, 0.35950545003060197, -0.2798591483848315, -0.042057052404065653, 0.5630529359856943, 0.5083215417216612, -0.059789784662048734, -0.112664142428052, 0.6517011821498291, -0.01875132327726231], [0.09066658415784956, 0.15451483620937648, -0.5716368504845998, -0.20738911763013607, -0.32991242342218186, 0.46520563182057073, -0.615527388468701, 0.5338337518433408, -0.5529439673267031, 0.6502918494825177, -0.1308788076855579, -0.03696563728635485]], "inverted": true, "swapped": true, "error_lsq": 0.04173796125383145, "error_max": 0.22028726578693394, "target": "250.xyz", "model": "16.xyz", "model_rescale": 3.795458400668931, "target_rescale": 3.8810931489359475},
{"mapping": [11, 10, 5, 2, 9, 6, 8, 3, 7, 4, 1, 0, 12], "R": [[0.04328371708295362, 0.9863235998100476, -0.1590354560883586], [-0.9983275127229901, 0.04880659726400229, 0.03098537403094212], [0.038323585111661035, 0.15742830914819256, 0.9867865170861074]], "T": [0.06443553729038688, 0.045639325718759366, 0.018874262867212617], "aligned_model": [[0.10614897873459044, -0.613430939685379, -0.5178361541762714, -0.4331432997368374, -0.451284134264036, 0.13587300721903556, 0.36290609302365295, 0.7493831044586579, 0.6468537935186246, -0.014406763297130518, -0.30725631070439474, 0.27043386338721837, -0.07358145249662675], [0.06597313680668507, 0.1666661830713127, -0.38279828811518213, 0.47721735491926487, -0.5900781579649892, -0.5622246204007288, -0.42998909447940437, -0.28287059306707685, 0.33246743866021244, 0.6569907982734402, -0.020722200431716367, 0.1489696293924041, 0.12905012392148496], [-0.7893255231711973, -0.2355922422841621, 0.3016771843402118, 0.2790733216184099, -0.3386762655133437, 0.3065789064272631, -0.3584580913973113, 0.293300938246086, -0.08008677989437105, -0.16961726751960526, 0.7753383598440913, 0.5646745243698292, -0.030150984085220253]], "inverted": true, "swapped": false, "error_lsq": 0.04832306315168972, "error_max": 0.260293390400577, "target": "250.xyz", "model": "17.xyz", "model_rescale": 3.7474275329858107, "target_rescale": 3.8810931489359475},
{"mapping": [12, 5, 8, 4, 10, 3, 11, 1, 7, 9, 0, 2, 13], "R": [[0.2891307270318071, 0.9039890178529559, -0.3149718690411998], [0.7226910432343179, 0.009652852339309237, 0.6911038116452614], [0.627790632866525, -0.427446696142295, -0.6505138301697241]], "T": [0.022965869828974066, -0.009662519707534246, 0.04087251078232733], "aligned_model": [[0.050366476754579656, -0.5520894305780516, -0.5681552556087675, -0.6609297307064905, -0.3075218216050621, -0.0014551670563662696, 0.42094292484571616, 0.5113916567687131, 0.6759500410935959, -0.04418216886629134, -0.1138385684053866, 0.40968354681180735, 0.0404972825331078], [0.22725014378940883, 0.1267698760784393, -0.33548723932905367, 0.37482651739704603, -0.4381606188628396, -0.6718426810001591, -0.49367617808339853, -0.3289380219660392, 0.18049440864753213, 0.6296877548360013, 0.026344924794645272, 0.3712654399578103, 0.040117384326313676], [-0.6679000337821419, -0.37616170786666864, 0.28839729411417064, 0.3123146039352402, -0.3876209375857287, 0.18753616768870818, -0.31840691249691855, 0.4123853922811426, -0.282965869760681, -0.14472526182435003, 0.8649661950201526, 0.49823019538364804, 0.13268695587410667]], "inverted": false, "swapped": false, "error_lsq": 0.048518017458224066, "error_max": 0.22293518010705282, "target": "250.xyz", "model": "18.xyz", "model_rescale": 3.922800546911778, "target_rescale": 3.8810931489359475},
{"mapping": [7, 11, 4, 10, 13, 8, 12, 5, 3, 2, 6, 1, 14], "R": [[-0.6710985899772987, 0.6662359483236733, -0.3252020044399133], [0.6516962247217881, 0.32101975254152026, -0.6871960049080247], [-0.35343841502283013, -0.6731091884972579, -0.6496193555819537]], "T": [0.052268377661779095, -0.015610873417960826, 0.07653883186379676], "aligned_model": [[-0.003671034614509308, -0.5341598613462692, -0.6346172147253967, -0.5721301690002211, -0.2934818759730938, 0.06208817170639039, 0.4623607734696425, 0.7438923734995339, 0.4737418518113469, 0.07535045356462787, -0.28048442044828625, 0.31358798787579384, 0.04818275016154513], [0.06283425034115134, 0.06538076547726349, -0.18587662429856647, 0.46924145576142384, -0.498621239430181, -0.5484735251271023, -0.44132017119140515, -0.3122800733461388, 0.2259566724125799, 0.6946554900460501, -0.048888085140304655, 0.216575127763698, 0.009467667317238686], [-0.7165110806708788, -0.3194231457196446, 0.228410146272237, 0.23668039760802717, -0.2683836163131049, 0.37712429405390757, -0.44231554583414745, 0.20372906097400442, -0.33957951064805225, 0.16663807432127178, 0.679809894026586, 0.7290606675970631, -0.016503554686588956]], "inverted": false, "swapped": false, "error_lsq": 0.03927647820875702, "error_max": 0.23540796923562485, "target": "250.xyz", "model": "19.xyz", "model_rescale": 3.9282355846067225, "target_rescale": 3.8810931489359475},
{"mapping": [12, 10, 0, 1, 11, 4, 9, 8, 7, 2, 3, 6, 13], "R": [[0.40326551942633637, 0.9019572549949839, -0.15443455249302473], [0.7588260010663683, -0.423929561300927, -0.49443586759136715], [-0.5114293899918457, 0.08219998307248783, -0.8553847916788395]], "T": [0.11006326546732488, 0.014699326989807828, 0.09104756100883847], "aligned_model": [[0.3122098182034824, -0.4716046831500537, -0.60893991838762, -0.519705799339022, -0.2783307303442196, 0.005760443509881516, 0.3142142027144473, 0.5890876312518643, 0.45906699039677207, -0.24890358690580072, -0.19585524062378878, 0.5494055993513405, -0.045744940696179334], [0.08545370217035728, 0.1415202452469099, -0.27547737836016783, 0.34015858493089646, -0.5426455970885802, -0.5072874333388945, -0.3951026885181071, -0.573530710705085, 0.4565924802670177, 0.7320019303164618, 0.017454368735172112, 0.1760303465564123, 0.05348386037331326], [-0.7317069193054674, -0.5316989373636063, 0.2886048678226451, 0.3338808221984615, -0.1367240591451055, 0.43166257581745193, -0.4274208836862625, 0.14710698364563252, -0.17545688070221022, -0.09693112001114713, 0.778623990591412, 0.5468925673871142, 0.09190307373176199]], "inverted": false, "swapped": false, "error_lsq": 0.046663295321555144, "error_max": 0.27485912960905673, "target": "250.xyz", "model": "20.xyz", "model_rescale": 4.067790424073018, "target_rescale": 3.8810931489359475},
{"mapping": [3, 12, 9, 10, 0, 8, 2, 4, 6, 11, 1, 5, 14], "R": [[-0.9450224691510034, -0.3138411812962933, -0.09184903767752609], [-0.012381482734387439, -0.24633670484947862, 0.9691052196377846], [-0.3267709162166035, 0.9169634348033994, 0.22890790189181648]], "T": [0.02302844123106083, -0.021461264931277764, 0.07629376440509926], "aligned_model": [[0.020567777632843183, -0.597936377916062, -0.7292365647129861, -0.5291504592229959, -0.11798367333519273, 0.1320506241230394, 0.45223414203339435, 0.7490067759935307, 0.6318283487411697, -0.10436086227330456, -0.3540922828875142, 0.34645675838593115, -0.038724420580748584], [0.10424102621749642, 0.14798979802048243, -0.02356218094142435, 0.5025824302612385, -0.6235939376382401, -0.46757378307762143, -0.3666690146440393, -0.3402304304219544, 0.2982797225356662, 0.5469897626515858, -0.0977335406597448, 0.004338753924868648, 0.023593104357393258], [-0.765096689418466, -0.3392816168962799, 0.2715957010386394, 0.3792186543959851, -0.2730053302477251, 0.41432583613151047, -0.4240421302456454, 0.1938274673339493, -0.19699230594009404, -0.20418377225658613, 0.801047240198283, 0.5694414132358292, 0.09188161365128053]], "inverted": false, "swapped": false, "error_lsq": 0.038934118109757776, "error_max": 0.23420966681338892, "target": "250.xyz", "model": "21.xyz", "model_rescale": 4.186013935880536, "target_rescale": 3.8810931489359475},
{"mapping": [10, 9, 2, 8, 1, 0, 7, 6, 4, 11, 5, 3, 12], "R": [[0.22577316008632697, 0.843911044261213, -0.48666274724760183], [-0.43675240979696794, -0.35885737005849194, -0.8249052797086732], [-0.8707891895982491, 0.39879259939052536, 0.2875598197769862]], "T": [-0.044780092821140885, -0.017628506601316776, 0.023498303700015655], "aligned_model": [[0.17811398354558572, -0.4296870674350956, -0.6325935423207917, -0.6984005819008401, -0.29249648989118543, -0.014465796297786618, 0.32019407711160874, 0.44826196932504636, 0.5777270693698439, -0.0313281245253028, -0.12396913368125716, 0.5690051995113803, -0.009701776830101101], [0.2055535537056939, 0.11280122391090451, -0.18611387522472478, 0.3783852895639395, -0.6582366601076851, -0.6640580956740639, -0.39894931327132055, -0.22378903712280007, 0.2735498355516873, 0.6091053670374719, -0.006744952164477694, 0.2607374737896191, 0.0064109005914627926], [-0.74903482265484, -0.445847481974442, 0.44276818338629526, 0.08367687302177658, -0.22825756259934832, 0.34443174041844954, -0.4861211990304936, 0.1792551964108377, -0.2116955628237968, 0.1008912936574145, 0.7930107598469784, 0.654464745449387, 0.041193917872462196]], "inverted": true, "swapped": false, "error_lsq": 0.04303956224630567, "error_max": 0.29617145762627484, "target": "250.xyz", "model": "22.xyz", "model_rescale": 4.166573947596378, "target_rescale": 3.8810931489359475},
{"mapping": [3, 9, 10, 14, 8, 7, 4, 1, 2, 12, 13, 6, 15], "R": [[0.06683466703698987, -0.1519513713066885, 0.9861257060030796], [-0.9475800105339665, -0.3191642969989349, 0.015042445200972476], [0.31245039753295767, -0.9354383636986421, -0.1653173215434613]], "T": [-0.006843705281509389, 0.016028572250210458, -0.014912290726727173], "aligned_model": [[0.1329216879521463, -0.47720753828886076, -0.5948996270387739, -0.6070273991409411, -0.25475203730298857, -0.17098319166261813, 0.391154028900574, 0.626601509747097, 0.6142966393238849, -0.043403060900798554, -0.34153765651752394, 0.5405568610267514, 0.044939569883155756], [0.07419890500806232, 0.11726416873803495, -0.2357962239620567, 0.39663814619798743, -0.6063675599986524, -0.5621057015494937, -0.4364166378735096, -0.20459618792027207, 0.1801609539429696, 0.6520165701223839, -0.031455834982663466, 0.3712351624809468, -0.0061240496180301265], [-0.596727123175288, -0.3740200529436988, 0.37459475414273724, 0.33278534956550404, -0.4679505382259534, 0.3726553009509704, -0.4353223866885445, 0.22627422553034185, -0.21504842632559013, 0.13859352450013568, 0.7613211335545977, 0.37660850083984243, 0.024971819255625527]], "inverted": true, "swapped": false, "error_lsq": 0.043620965821531854, "error_max": 0.282571126462296, "target": "250.xyz", "model": "23.xyz", "model_rescale": 4.274766983524099, "target_rescale": 3.8810931489359475},
{"mapping": [9, 1, 0, 8, 6, 7, 11, 5, 10, 2, 12], "R": [[-0.752828783533665, 0.36028641807409856, 0.5508561696437264], [-0.6582156861537813, -0.4108454994985772, -0.6308391919046181], [-0.000966014662924064, -0.837496073121003, 0.5464424894923258]], "T": [-0.03064212116370031, 0.1432411880716451, -0.0016172649433665726], "aligned_model": [[0.23016987624055552, 0.1618893075574655, -0.5095284950690969, -0.4727175934487324, -0.7216655406434955, -0.4935187929520068, -0.016327336732134837, -0.08213828243561076, 0.6547106497480611, 0.5701657370535989, 0.05885517463947085], [-0.07431259086772593, 0.723754669284873, 0.5603254350062365, -0.19299526533165307, 0.2656294151948482, -0.3023958630425688, -0.6239422309373983, 0.16653274996063094, -0.17664316700779253, 0.4300292680778468, 0.1396041109061865], [-0.47582318132561174, -0.29889696625014095, -0.5274393450550807, -0.4010655959381051, 0.07210792800873415, 0.44023235023477614, 0.1629048410344487, 0.6550103925969751, 0.428282941610084, 0.30012144162754695, 0.024131627477951015]], "inverted": false, "swapped": true, "error_lsq": 0.06054527584112058, "error_max": 0.40670775770666445, "target": "250.xyz", "model": "24.xyz", "model_rescale": 3.7841303162186577, "target_rescale": 3.8810931489359475},
{"mapping": [10, 7, 6, 1, 11, 3, 14, 12, 9, 8, 4, 5, 15], "R": [[-0.8176165215615373, 0.2544790627974456, 0.516472293804175], [-0.5697350123350955, -0.22812735075941248, -0.7895314607759596], [-0.08309777006118102, -0.939786315304296, 0.33150632298288574]], "T": [-0.03618197345283394, 0.05458945249665065, -0.037529895167075646], "aligned_model": [[0.0056472789967640935, -0.5604570705445259, -0.5773376105216702, -0.45487576631473825, -0.3078352895309442, -0.05974903837887183, 0.600441385504773, 0.6450032640726248, 0.4903796580223173, -0.035692877297291564, -0.2103934046497595, 0.4037377518183296, -0.07820849519590328], [0.06827680136840197, -0.021131133766267518, -0.28780368881125656, 0.5887946878249897, -0.6167047717673055, -0.5481106374223952, -0.17579102958896653, -0.20122400174463306, 0.2542730513935448, 0.6368021404362951, 0.11448694313689253, -0.1158193843409091, 0.012602733867316376], [-0.8142654199099377, -0.41463409228738907, 0.29705038742135537, 0.26637250391840434, -0.29247324082705867, 0.4965104429118909, -0.45097214580686446, 0.1762879133397527, -0.1956438323008238, 0.06487093698729615, 0.6854963911556805, 0.7019092227383116, -0.00177298635993723]], "inverted": false, "swapped": false, "error_lsq": 0.04759985993949522, "error_max": 0.33410114522433965, "target": "250.xyz", "model": "25.xyz", "model_rescale": 4.19342608120988, "target_rescale": 3.8810931489359475},
{"mapping": [1, 9, 0, 5, 4, 2, 7, 10, 8, 3, 11, 12], "R": [[-0.4437267715653915, -0.8957558072758505, 0.026983067426531615], [-0.47106927680970745, 0.2075258292970441, -0.8573370204421091], [0.7623649314089247, -0.39313428228299296, -0.5140478065819383]], "T": [-0.015201981416889422, -0.04189891309011362, -0.1250657356857777], "aligned_model": [[-0.16602277637386323, 0.48081013162529834, 0.13157231651803855, -0.5313915107380327, -0.6284765360202972, -0.4462975857397966, -0.054684946020237234, -0.15647308694206535, 0.5183191339384223, 0.13351627769928118, 0.3518510813522025, -0.03491394466716969], [-0.6689173559673486, -0.16851045832563266, -0.7192554166975647, 0.35950545003060197, -0.2798591483848315, -0.042057052404065653, 0.5630529359856943, 0.5083215417216612, -0.059789784662048734, -0.112664142428052, 0.6517011821498291, -0.01875132327726231], [0.09066658415784956, 0.15451483620937648, -0.5716368504845998, -0.20738911763013607, -0.32991242342218186, 0.46520563182057073, -0.615527388468701, 0.5338337518433408, -0.5529439673267031, 0.6502918494825177, -0.1308788076855579, -0.03696563728635485]], "inverted": true, "swapped": true, "error_lsq": 0.04173796125383145, "error_max": 0.22028726578693394, "target": "250.xyz", "model": "26.xyz", "model_rescale": 3.795458400668931, "target_rescale": 3.8810931489359475},
{"mapping": [8, 1, 0, 2, 6, 7, 5, 10, 11, 9, 3, 4, 12], "R": [[-0.5456343257143994, 0.8211992429809992, 0.16707778406965612], [0.8273506849123892, 0.5595882655918537, -0.04849553780402467], [-0.13331926633909058, 0.11177108901381806, -0.9847503221037663]], "T": [-0.0007279177996242191, 0.09550245685997265, -0.019503269154143653], "aligned_model": [[0.1662469226615414, -0.45133125009597996, -0.6728668011963203, -0.726231256150759, -0.309322385962702, 0.06039555654795373, 0.24448286706897263, 0.5737465132131032, 0.622207776363681, -0.10345998035358747, -0.13789291667819692, 0.6004200467736299, -0.005735306210231911], [-0.0021828880733713585, 0.18273745654695928, -0.22712658118775025, 0.4795031725035216, -0.46401844429463207, -0.6117325775928351, -0.5661823124854026, -0.23499746420179962, 0.4045222195739617, 0.4781824766823805, -0.011465205451151275, 0.3439198031938715, -0.06250794462804536], [-0.7218768778157975, -0.39326771677357736, 0.3484818084340073, 0.2983383113947255, -0.5418946694146687, 0.3758328227418946, -0.28200165939819555, 0.24209825759980577, -0.18693235540502515, 0.1459549306050051, 0.6980064807100594, 0.5056377874834443, 0.03035896081900273]], "inverted": false, "swapped": false, "error_lsq": 0.0502645263289428, "error_max": 0.3139278193819475, "target": "250.xyz", "model": "27.xyz", "model_rescale": 3.6321398670334006, "target_rescale": 3.8810931489359475},
{"mapping": [4, 1, 0, 11, 3, 8, 7, 12, 6, 13, 10, 9, 14], "R": [[0.9687043311832639, 0.24682666514450308, -0.026239590706200078], [0.10519134606138468, -0.5039740450615653, -0.8572892992555532], [-0.22482593146827962, 0.8276996793994347, -0.5141658694054806]], "T": [-0.08766226678998129, -0.05012862531034834, 0.06325793583022563], "aligned_model": [[0.19262974388242604, -0.3729476615244795, -0.6286186272535643, -0.4080558253664095, -0.4021685659398582, 0.09049776459454267, 0.2850706989655944, 0.7027560334932954, 0.509555725572151, -0.022222443429975994, -0.2254489146230504, 0.24261103924771443, -0.10299918163728178], [0.04141091897791693, 0.1464498627912474, -0.25048387270715666, 0.3881067306479471, -0.5640137932608525, -0.48505076096986843, -0.6166561924459496, -0.27911177483257, 0.3844174430714444, 0.7617051282486015, -0.14652979916219844, 0.3254993263568755, 0.0029084938702698196], [-0.7110315145329748, -0.5087878120896212, 0.3012404669840987, 0.4065123266682046, -0.26623850105154556, 0.27804004617694544, -0.3122471053054776, 0.1427271668075617, -0.17841916526467938, 0.00739275870665837, 0.8224636301947488, 0.5064230816454685, 0.030660702041293203]], "inverted": false, "swapped": false, "error_lsq": 0.05133027005332751, "error_max": 0.3167563907935646, "target": "250.xyz", "model": "28.xyz", "model_rescale": 4.156811204709835, "target_rescale": 3.8810931489359475},
