[{"mapping": [9, 12, 2, 4, 1, 3, 5, 7, 11, 6, 8, 13], "R": [[0.9731326938093445, 0.17972321242143152, -0.14391777915285464], [0.1118859387512314, 0.17717651233077503, 0.9777985580824198], [0.2012319481323096, -0.9676301206531472, 0.15230775638703278]], "T": [-0.13700858046844586, 0.07550801398275601, -0.14469799603547143], "aligned_model": [[-0.27163477924564505, -0.644525868724805, 0.4897802695604414, 0.5908458683172947, -0.37877886987707643, 0.2726139137542699, -0.21863477617122656, -0.03275905784353528, -0.4983492983028557, 0.5216508594065001, 0.06902787173433506, -0.15242812476707948], [-0.6098141866171995, -0.06556926518230764, -0.14490860978519654, -0.45202493940031957, 0.44127688885851785, 0.36327974450094985, 0.6976133985224009, -0.5927480372676116, 0.010225452189963236, 0.24142011218884807, -0.15475587202159502, -0.05908675522605571], [-0.3659499784714785, -0.38478800290352155, -0.5317516032475806, 0.17986495793311727, -0.5199370808258997, -0.29502147769771103, 0.27805880774593394, 0.19288217144362343, 0.44879413837236093, 0.2062823483146474, 0.5730113147502859, -0.054219556555955534]], "inverted": true, "swapped": false, "error_lsq": 0.0571584255784208, "error_max": 0.3644307192093324, "target": "251.xyz", "model": "0.xyz", "model_rescale": 3.8414455957264533, "target_rescale": 3.7330975278438046},
{"mapping": [9, 7, 6, 8, 4, 5, 1, 13, 0, 12, 11, 14], "R": [[0.8331373165539365, 0.2599128779914326, -0.4881879838950535], [-0.3419791416096938, -0.4516259214513915, -0.8240657096233766], [-0.4346636383103644, 0.8535100016563324, -0.287381625375396]], "T": [-0.020278666150274342, 0.021008878592568486, -0.13251002301224843], "aligned_model": [[-0.11245168358945967, -0.5601341107646458, 0.42966101969245163, 0.5527729997042702, -0.4266735968471563, 0.25938517219029034, -0.16518169226009666, -0.1089407815157036, -0.6592317279265052, 0.5067505188694832, 0.028502446112771397, 0.0023494441749185857], [-0.6151621512776762, -0.2665527278071041, -0.08172428838849434, -0.4998781935281478, 0.3379679123738542, 0.45955572020574054, 0.6951612403788955, -0.5548010550670098, 0.02902299543406382, -0.022063834026153657, 0.0995602830179667, 0.09382202944445946], [-0.36120247064318667, -0.3295364770233299, -0.7626110857707816, 0.02430465697470499, -0.3062839164959972, -0.5372168183817202, 0.39000274935879653, 0.35270018940831604, 0.20982333540494988, 0.4176486117760717, 0.7146708797937293, -0.08507361554373188]], "inverted": false, "swapped": false, "error_lsq": 0.04673906574150651, "error_max": 0.24826847032414923, "target": "251.xyz", "model": "1.xyz", "model_rescale": 4.316132596720782, "target_rescale": 3.7330975278438046},
{"mapping": [5, 3, 7, 9, 6, 10, 8, 0, 4, 1, 2, 11], "R": [[-0.7653454138485775, -0.0209386286907135, -0.6432790773291963], [-0.5721906777716297, -0.4354910745555108, 0.6949426971007966], [-0.29469344372108575, 0.8999494973669573, 0.32132020854090126]], "T": [0.034053031173826576, -0.04027164201157345, -0.026643085453678533], "aligned_model": [[-0.06097353722448817, -0.3668989510796545, 0.2535811913103267, 0.6651664108160311, -0.5370360981080129, 0.2800336123184206, 0.1417342354244321, -0.05975402823816617, -0.7015712814348471, 0.426257243468109, -0.20594856295508765, -0.0877822264564449], [-0.6576651364028927, -0.14082237591274224, -0.25818617346017025, -0.41108334561097065, 0.5236848453400575, 0.46140574424695063, 0.6506700577700407, -0.5403771680997541, -0.15545786495925729, 0.023608504389454374, 0.185175743441932, -0.006044899982253882], [-0.18650273107668963, -0.5366862862495051, -0.8661558987390854, -0.14558041240497632, -0.20526629164377655, -0.3182749636938201, 0.2864710176571913, 0.46834050717034365, 0.17315365095311494, 0.34307632999432297, 0.742965979560995, -0.028314862670293522]], "inverted": true, "swapped": false, "error_lsq": 0.05505478928731088, "error_max": 0.2898440316289458, "target": "251.xyz", "model": "2.xyz", "model_rescale": 3.795458400668931, "target_rescale": 3.7330975278438046},
{"mapping": [4, 10, 0, 7, 2, 1, 6, 9, 5, 8, 3, 11], "R": [[-0.4970375323304459, 0.8202041617907024, 0.28322927891740396], [0.7141298667267416, 0.5720682630970191, -0.40343083150151826], [-0.4929221286407292, 0.0017422222508622909, -0.8700716865626195]], "T": [-0.023554824840910052, -0.010850164120311385, -0.09702980311929636], "aligned_model": [[-0.23105951294605215, -0.6675977198432893, 0.2271905129353355, 0.5802263515965314, -0.3382541997662467, 0.4156818867144842, -0.06335408235482173, 0.08796191208696123, -0.552804714711632, 0.42937671952058293, -0.17664040220787003, 0.03608125681663479], [-0.5642125021291843, -0.08293030135236339, -0.18835590031708108, -0.476629736092159, 0.6185247460825987, 0.3911040649416725, 0.4727431086882543, -0.5042104762408137, -0.28426064684005703, 0.26957186985437676, 0.12233220438315053, -0.09876850021799997], [-0.34539779745700916, -0.4420282648748901, -0.8166313827287773, -0.054603656352075966, -0.4012942230629694, -0.30141363545649746, 0.2374098210530577, 0.6091672392255394, 0.27575146996186123, 0.4746164476469858, 0.674914034383149, -0.18326401348055227]], "inverted": true, "swapped": false, "error_lsq": 0.04854275822486994, "error_max": 0.2905621557231581, "target": "251.xyz", "model": "3.xyz", "model_rescale": 3.7530521520055578, "target_rescale": 3.7330975278438046},
{"mapping": [8, 4, 6, 5, 10, 2, 7, 0, 3, 9, 11], "R": [[-0.503904765423459, -0.7552030526283112, -0.41922349252446345], [-0.6257078520220279, -0.015435880816158654, 0.7799047489927275], [-0.5954575310645661, 0.6553091506184767, -0.46475826599876824]], "T": [-0.06702237132435865, -0.0581436297259415, -0.027302755917927725], "aligned_model": [[-0.3997755589239197, -0.047132670638084545, 0.44545803894776304, 0.3139040111226654, 0.30572078933484725, -0.33513484682821204, -0.3116267935328792, -0.7745121194475574, -0.16436406744997495, 0.4220974870115375, -0.11643466715097986], [-0.6642868180827425, 0.03054771668515977, -0.3364579086783294, 0.37291180955187925, -0.7074391965027821, 0.7568237418757745, -0.41926200018871723, 0.12893254700318035, 0.27969331748951903, 0.09117745461111637, -0.06543730544971166], [-0.13018772461195643, -0.7778000641042397, -0.41325978485892534, -0.2808188934578717, 0.21538253437954064, -0.08635583922784287, 0.4654517297013399, 0.13176901197086766, 0.7214858469688045, 0.35441320774831814, -0.10724924726271828]], "inverted": true, "swapped": true, "error_lsq": 0.055332091237784216, "error_max": 0.3106824568050084, "target": "251.xyz", "model": "4.xyz", "model_rescale": 3.7855080009869324, "target_rescale": 3.7330975278438046},
{"mapping": [10, 9, 5, 7, 2, 1, 12, 8, 15, 6, 13, 16], "R": [[-0.9765242291257064, 0.2009281486507721, 0.07764218576404264], [-0.17738637663581877, -0.9545945663807824, 0.23933927220642515], [0.12220680551614263, 0.21994793228411824, 0.9678266393158852]], "T": [0.015427751340666662, 0.05225025774760764, -0.04418529560339458], "aligned_model": [[-0.15306229201483848, -0.5932020975191771, 0.32494957210413156, 0.5392676088296666, -0.3637791915513462, 0.3551956356986857, -0.12615456813080878, -0.04740200059156165, -0.6179822958320976, 0.5362249433392348, -0.07224473165553565, -0.035002574835735295], [-0.627650900682339, -0.10660729511836561, -0.28320481029085, -0.47747831603888957, 0.4820235638763667, 0.7019608045238943, 0.6448913662316015, -0.476224322122214, -0.35293377351648425, -0.02469130700341178, 0.12577590332965397, 0.06904701757143153], [-0.24495828713851386, -0.3777239053974041, -0.712593392814886, -0.1238653664864976, -0.5103212064495137, -0.2327003590755322, 0.2587936250463642, 0.416332798142302, 0.2933583602917085, 0.3417257673204786, 0.6711993240540469, -0.05202131863473135]], "inverted": false, "swapped": false, "error_lsq": 0.03946472697787058, "error_max": 0.2531738291350678, "target": "251.xyz", "model": "5.xyz", "model_rescale": 4.2253639853439635, "target_rescale": 3.7330975278438046},
{"mapping": [6, 5, 12, 7, 8, 9, 1, 3, 2, 0, 4, 13], "R": [[-0.9660909888807986, -0.00612695228143062, 0.2581291569332339], [0.19022215261496644, -0.6928979251896684, 0.6954911918366626], [0.1745959159254575, 0.7210096571638926, 0.6705679237918831]], "T": [-0.10583373763643109, 0.041610809716443695, -0.06872646879951273], "aligned_model": [[-0.1614784404485918, -0.6728240424683792, 0.49921467330998903, 0.47366075811892216, -0.3723770910937212, 0.25744300956793964, -0.09267613376442266, 0.06565886779365362, -0.6038475299575478, 0.6280519779141438, -0.17741166513564632, -0.0966063759957217], [-0.586523467879274, -0.0967804667953933, -0.2842914647629169, -0.5002139222941611, 0.5946230964011464, 0.48633922284805964, 0.6520498106368896, -0.5096299977782587, -0.2853493316214432, 0.15277744773740876, 0.05827650639151165, -0.006369502123175087], [-0.1954898881339624, -0.31390215124514964, -0.7004288452153555, -0.06690844850345072, -0.47981882715975926, -0.27571214699834273, 0.3385779450899784, 0.34326058334379406, 0.23990104240368731, 0.23478034237370604, 0.6351983617440459, -0.03223192884137001]], "inverted": true, "swapped": false, "error_lsq": 0.03972655942323808, "error_max": 0.2208981201651176, "target": "251.xyz", "model": "6.xyz", "model_rescale": 3.89814844738969, "target_rescale": 3.7330975278438046},
{"mapping": [8, 7, 11, 9, 4, 10, 2, 6, 0, 5, 1, 12], "R": [[-0.44246939835122445, 0.8524252842314171, 0.2785533455654291], [0.833666301391877, 0.5054504649444795, -0.22253162788915612], [-0.33048650418178027, 0.13375710183163123, -0.9342845970384555]], "T": [-0.15158928032223098, -0.06827725756095615, -0.07377132052493551], "aligned_model": [[-0.0016464614557236967, -0.7066175366565404, 0.12288716459667523, 0.7022377433305005, -0.3171574049352299, 0.4155652494515194, -0.07916158397568436, -0.020883611222432735, -0.5765644088931057, 0.40090536370627317, -0.12663820385645283, -0.06611830224918099], [-0.6665857826054493, -0.17733664956593428, -0.16283466968380428, -0.3307417122841616, 0.4542380597952903, 0.38919093268150595, 0.5949879032865261, -0.5730091943707352, -0.0425519353510837, -0.05477427580727695, 0.17129136128201833, 0.07303389338349875], [-0.35167567861271865, -0.40742437870357195, -0.8294577278529478, -0.06763106631340332, -0.41297734586132223, -0.1630028022201805, 0.16367635735139674, 0.35696937996342293, 0.33822957190331593, 0.47133778949653937, 0.7366488992886554, -0.1074669595813644]], "inverted": false, "swapped": false, "error_lsq": 0.05029706922367332, "error_max": 0.3176569492760556, "target": "251.xyz", "model": "7.xyz", "model_rescale": 3.7474275329858107, "target_rescale": 3.7330975278438046},
{"mapping": [8, 9, 13, 2, 11, 12, 10, 3, 5, 1, 0, 14], "R": [[-0.5248596362571942, -0.44138568258691907, 0.72780563437998], [0.4606666360710911, -0.8662987635335844, -0.19316496243140946], [0.715757369950817, 0.23389128138402765, 0.6580169115255526]], "T": [-0.03171867583679363, 0.015004806218913185, -0.022722357947753787], "aligned_model": [[-0.19486728543271914, -0.6637663631309337, 0.42591267206382466, 0.5050262041544392, -0.34160604860494515, 0.25693512604637736, -0.2704112241124635, -0.14377988524978944, -0.6281549350256002, 0.6552940849057293, 0.12949974202812503, 0.016725920198573475], [-0.6248151071926018, -0.11025715264795542, 0.094961310803468, -0.6283034828927492, 0.38940490636107106, 0.498056511375492, 0.685255420533219, -0.4494181348717129, -0.3239172735955539, -0.0006110173315569296, 0.1535429524349259, -0.00899100221565162], [-0.19367067015212241, -0.4291280699343871, -0.7923276694457007, 0.058818274949403726, -0.4103746980700105, -0.27567028065728755, 0.24005766621166558, 0.5119627401410575, 0.18323170625343238, 0.2815331805090344, 0.6009995684033442, -0.04820570935060809]], "inverted": true, "swapped": false, "error_lsq": 0.04699885139196539, "error_max": 0.27111703215774036, "target": "251.xyz", "model": "8.xyz", "model_rescale": 4.019505241142653, "target_rescale": 3.7330975278438046},
{"mapping": [8, 11, 9, 7, 6, 1, 2, 4, 5, 0, 3, 12], "R": [[-0.868543025013863, -0.49531563149793056, -0.017188335974563346], [-0.352205358532636, 0.6412540819527014, -0.6817217818141764], [0.3486895454708464, -0.586050874560225, -0.7314095797202346]], "T": [-0.038393523078140424, 0.09217389849160564, -0.12476275618833407], "aligned_model": [[-0.012686294677891334, -0.4680119629972513, 0.14638985135564933, 0.5890881250457225, -0.5817079472706079, 0.4814115588557359, -0.04463912028621166, 0.07076767083164484, -0.6000356680578935, 0.4527456778537358, -0.21482709566852845, -0.07168678714348614], [-0.5551205617675137, -0.20456349787469497, -0.1954042930978659, -0.5452538772671398, 0.5542197365895069, 0.4473895655361846, 0.5279079745701112, -0.46899638702536195, -0.08161192062174837, 0.011688658849947589, 0.11265522622841863, 0.07199730664054986], [-0.3157757178216604, -0.4633250660697025, -0.7167880509903669, 0.015010639115333652, -0.2639924869490913, -0.36956841145868835, 0.2753234466182408, 0.4758755839466561, 0.19909108306573428, 0.2935080766208792, 0.7160181412034278, -0.11815119842294095]], "inverted": false, "swapped": false, "error_lsq": 0.04686046953753076, "error_max": 0.25191975562131663, "target": "251.xyz", "model": "9.xyz", "model_rescale": 3.877068213659057, "target_rescale": 3.7330975278438046},
{"mapping": [10, 11, 6, 13, 0, 5, 1, 2, 8, 4, 7, 15], "R": [[-0.27940582673380515, 0.7674714604764307, -0.5769921501557658], [-0.2407145959137823, 0.5257458310028871, 0.8158724192526357], [0.9295100146320445, 0.3668499400807619, 0.03784513392073127]], "T": [0.052961808701639565, -0.13313596849700676, -0.09195090053005417], "aligned_model": [[-0.22722198436073188, -0.5840092396425, 0.3535457439872928, 0.6303522109538348, -0.4512043636654658, 0.2104888397986424, -0.10034252451541366, 0.1235430755181076, -0.6192407787982128, 0.4774086323084074, -0.06396917596838621, -0.0025424277749565155], [-0.6147476056888332, -0.11795422244147213, -0.30251153475411935, -0.6426880227080369, 0.4359944120203751, 0.6193229314277391, 0.6475379676469879, -0.48838121412296637, -0.0568533098460543, 0.12252170997106648, 0.14220357708361014, -0.06953675782790186], [-0.5309930995115062, -0.4643655544063179, -0.6030925546027003, -0.024013257061658244, -0.32790241302071943, -0.23332374318498203, 0.2543908339544741, 0.46408368309243886, 0.2790579580646478, 0.36910736597799965, 0.66752381852277, -0.12324699896662517]], "inverted": true, "swapped": false, "error_lsq": 0.04281831027720645, "error_max": 0.22976400566749858, "target": "251.xyz", "model": "10.xyz", "model_rescale": 4.260839863003843, "target_rescale": 3.7330975278438046},
{"mapping": [3, 5, 0, 1, 6, 7, 10, 2, 4, 8, 9, 11], "R": [[0.7350939791170791, -0.6692231985893502, 0.10852258905711076], [0.5902696757015355, 0.710495903996237, 0.38311523116651786], [-0.33349445544569944, -0.21756810628952344, 0.91730342161826]], "T": [-0.004553739817621295, -0.019870267474866032, 0.016248902830552973], "aligned_model": [[-0.16582918417865095, -0.6114692709000951, 0.2174840557131439, 0.5410360010025429, -0.2863203803913293, 0.44302205976126274, -0.20425669229881563, 0.0665851307333432, -0.6108060874788459, 0.48430144010100973, -0.17344715457473708, 0.046508090351789405], [-0.6300599403430056, -0.07245490981888725, 0.00024066254728616343, -0.4637050053782769, 0.41972662386334636, 0.36158648318776165, 0.5579962052632732, -0.6044238419989305, -0.1466129858035984, 0.11284172108794022, 0.1640536689414903, -0.024280750788005012], [-0.308546210408535, -0.2761537233004855, -0.8324730995380141, -0.15287591286273378, -0.6399655956680815, -0.2731855116530704, 0.1559731401613603, 0.3678075832088383, 0.40675784371042384, 0.5251904989073244, 0.7734676699130943, -0.018770643612299045]], "inverted": false, "swapped": false, "error_lsq": 0.05136082981668538, "error_max": 0.27226306767105773, "target": "251.xyz", "model": "11.xyz", "model_rescale": 3.890672605050136, "target_rescale": 3.7330975278438046},
{"mapping": [11, 10, 9, 6, 12, 5, 7, 0, 4, 8, 3, 13], "R": [[0.682910573032155, 0.623636694940028, 0.3804082306748532], [0.004528487376885937, 0.517124918747706, -0.8558979560743535], [-0.730487947910827, 0.5862244375104616, 0.3503259436904037]], "T": [0.04063274652345422, -0.2134130541958396, -0.035795673400269706], "aligned_model": [[-0.13486043318170265, -0.7143971759850738, 0.3276815989311337, 0.5267147549028828, -0.3259492760505605, 0.3365565999904129, -0.09086039901151166, 0.031066638143709135, -0.5822754665762331, 0.54204503715894, -0.11007107104235955, -0.05884279943901949], [-0.5708693341404852, -0.14422117631985315, -0.061496914208942044, -0.515078958273743, 0.34977919488357906, 0.45103835652511365, 0.6051590410509871, -0.40151295784149127, -0.16913359921848525, 0.06916317051725135, 0.14456352335304717, -0.08248241556658467], [-0.41551835602584164, -0.5098028511890906, -0.7431462645248667, -0.10493544045396877, -0.3576096849775834, -0.3113053421512241, 0.16323560011457658, 0.5238662384413163, 0.2821378601330846, 0.39771031025474846, 0.8021806301426831, 0.0004133390939876358]], "inverted": true, "swapped": false, "error_lsq": 0.036112414730726905, "error_max": 0.1828151491235743, "target": "251.xyz", "model": "12.xyz", "model_rescale": 4.124412569039231, "target_rescale": 3.7330975278438046},
{"mapping": [9, 7, 3, 6, 5, 0, 4, 8, 10, 1, 2, 12], "R": [[-0.7142015232491679, 0.405219059323544, 0.5707133239635379], [0.327004048243314, -0.5277485971359905, 0.7839322487648267], [0.6188574445064489, 0.7465111735144597, 0.24441057914298936]], "T": [-0.021894624427840216, -0.043055025295821975, -0.11551129858351489], "aligned_model": [[-0.13208137571157152, -0.5508129068441407, 0.37841907306669487, 0.501534110330729, -0.4332050321814826, 0.2482499007965264, -0.1254311689084209, 0.10657121512324347, -0.6672183132571707, 0.6210751425984695, -0.09909851694561059, -0.101194120226648], [-0.647455672843253, -0.13510483643517487, -0.17926637615833216, -0.45833936685914234, 0.5133019529714096, 0.41567660250937066, 0.6278693699811092, -0.5310857300775784, -0.0320936599606339, 0.07742383492857988, 0.049807213707703274, -0.025825401003663557], [-0.29214654163023884, -0.4393167298397616, -0.6899229865394536, -0.08124630091180561, -0.4237912691931864, -0.3464974941375459, 0.2812466824689544, 0.39460504124211676, 0.24232505703620777, 0.3691937889056661, 0.7376074957214032, -0.024830704264535097]], "inverted": false, "swapped": false, "error_lsq": 0.03242568754835077, "error_max": 0.19267831905798533, "target": "251.xyz", "model": "13.xyz", "model_rescale": 3.9028299243045295, "target_rescale": 3.7330975278438046},
{"mapping": [10, 4, 7, 14, 3, 6, 2, 13, 5, 11, 12, 15], "R": [[0.43330757830845357, -0.8777428046647912, -0.20448010035123115], [0.44096177301295814, 0.008606544997813444, 0.8974846194361599], [-0.7860007998225775, -0.4790547946137129, 0.39078030456495827]], "T": [-0.09504630069768165, 0.11000199583891916, 0.02181941673122786], "aligned_model": [[-0.06972317362866078, -0.573875274621835, 0.16030257415650212, 0.4942766182632918, -0.28598209636542327, 0.29747721335072413, -0.2930052040284034, -0.1133429459348177, -0.44416166758687314, 0.5764292642503687, 0.014087710005718346, -0.015675010019973637], [-0.5586537984540131, -0.13439021170182475, -0.17270447444450393, -0.541285691452757, 0.4444133036103097, 0.5261848382883518, 0.7758331200421847, -0.5697541105621949, -0.20805883186022162, 0.052642068124568814, -0.025197229626481035, 0.08587894879697451], [-0.30622138872277094, -0.39092570620399564, -0.8000698456440392, 0.12939961171399514, -0.46848869497559026, -0.3204164592651944, 0.26601392156312936, 0.4344308809184187, 0.21944938444947468, 0.32461818275947185, 0.6956526498848264, -0.056216497619904576]], "inverted": true, "swapped": false, "error_lsq": 0.03926815316864782, "error_max": 0.20377612879645565, "target": "251.xyz", "model": "14.xyz", "model_rescale": 3.942246331269136, "target_rescale": 3.7330975278438046},
{"mapping": [13, 4, 12, 8, 3, 1, 5, 6, 10, 0, 9, 14], "R": [[0.9735821925102659, -0.08690750975409783, 0.21115112875673933], [-0.16584269881371677, 0.3664979227795752, 0.9155192361979292], [-0.15695194703184331, -0.9263510983134842, 0.3424028752453979]], "T": [-0.05159916638178909, -0.07536406332393895, 0.05441761509871128], "aligned_model": [[-0.10049943007498416, -0.5513770650428428, 0.24825766114751946, 0.5090394323695736, -0.3041286733326705, 0.2614175649559968, -0.053411665853470194, -0.007153504614316346, -0.7008786268787873, 0.6619268364195737, -0.25087558382387365, 0.034491062568899805], [-0.5327636454723615, -0.18003884482340404, -0.003017425809591842, -0.598720557328893, 0.3911213835337541, 0.529077912938513, 0.5531929367501475, -0.4409064395485942, -0.19238589898454073, 0.07988776175511157, 0.10128636364901476, -0.03182561589876169], [-0.6158989019038916, -0.23355672238743624, -0.7025025294259108, 0.15748685425735887, -0.4305237282509456, -0.38525483004104105, 0.14212377618585675, 0.47536029964436893, 0.32597348080319544, 0.14099126584875854, 0.814184580841552, 0.038842493285956285]], "inverted": true, "swapped": false, "error_lsq": 0.048221515942039474, "error_max": 0.27150522109515207, "target": "251.xyz", "model": "15.xyz", "model_rescale": 4.355366556412066, "target_rescale": 3.7330975278438046},
{"mapping": [5, 3, 7, 9, 6, 10, 8, 0, 4, 1, 2, 11], "R": [[-0.7653454138485775, -0.0209386286907135, -0.6432790773291963], [-0.5721906777716297, -0.4354910745555108, 0.6949426971007966], [-0.29469344372108575, 0.8999494973669573, 0.32132020854090126]], "T": [0.034053031173826576, -0.04027164201157345, -0.026643085453678533], "aligned_model": [[-0.06097353722448817, -0.3668989510796545, 0.2535811913103267, 0.6651664108160311, -0.5370360981080129, 0.2800336123184206, 0.1417342354244321, -0.05975402823816617, -0.7015712814348471, 0.426257243468109, -0.20594856295508765, -0.0877822264564449], [-0.6576651364028927, -0.14082237591274224, -0.25818617346017025, -0.41108334561097065, 0.5236848453400575, 0.46140574424695063, 0.6506700577700407, -0.5403771680997541, -0.15545786495925729, 0.023608504389454374, 0.185175743441932, -0.006044899982253882], [-0.18650273107668963, -0.5366862862495051, -0.8661558987390854, -0.14558041240497632, -0.20526629164377655, -0.3182749636938201, 0.2864710176571913, 0.46834050717034365, 0.17315365095311494, 0.34307632999432297, 0.742965979560995, -0.028314862670293522]], "inverted": true, "swapped": false, "error_lsq": 0.05505478928731088, "error_max": 0.2898440316289458, "target": "251.xyz", "model": "16.xyz", "model_rescale": 3.795458400668931, "target_rescale": 3.7330975278438046},
{"mapping": [8, 7, 11, 9, 4, 10, 2, 6, 0, 5, 1, 12], "R": [[-0.44246939835122445, 0.8524252842314171, 0.2785533455654291], [0.833666301391877, 0.5054504649444795, -0.22253162788915612], [-0.33048650418178027, 0.13375710183163123, -0.9342845970384555]], "T": [-0.15158928032223098, -0.06827725756095615, -0.07377132052493551], "aligned_model": [[-0.0016464614557236967, -0.7066175366565404, 0.12288716459667523, 0.7022377433305005, -0.3171574049352299, 0.4155652494515194, -0.07916158397568436, -0.020883611222432735, -0.5765644088931057, 0.40090536370627317, -0.12663820385645283, -0.06611830224918099], [-0.6665857826054493, -0.17733664956593428, -0.16283466968380428, -0.3307417122841616, 0.4542380597952903, 0.38919093268150595, 0.5949879032865261, -0.5730091943707352, -0.0425519353510837, -0.05477427580727695, 0.17129136128201833, 0.07303389338349875], [-0.35167567861271865, -0.40742437870357195, -0.8294577278529478, -0.06763106631340332, -0.41297734586132223, -0.1630028022201805, 0.16367635735139674, 0.35696937996342293, 0.33822957190331593, 0.47133778949653937, 0.7366488992886554, -0.1074669595813644]], "inverted": false, "swapped": false, "error_lsq": 0.05029706922367332, "error_max": 0.3176569492760556, "target": "251.xyz", "model": "17.xyz", "model_rescale": 3.7474275329858107, "target_rescale": 3.7330975278438046},
{"mapping": [8, 3, 0, 4, 1, 2, 7, 5, 10, 9, 12, 13], "R": [[0.835339278129563, -0.3026322603021662, 0.4589357312722368], [0.41335715069681406, 0.8961429642803944, -0.16144241554981456], [-0.36241434351001084, 0.32456355709652557, 0.8736786257103113]], "T": [-0.06801025993590633, 0.036546509824392656, -0.010912330196545432], "aligned_model": [[-0.17477435798512547, -0.619441313507545, 0.2819485035534344, 0.5021340509154847, -0.31537212873137693, 0.37583204339304244, -0.12381599119358293, 0.01064060848982816, -0.5551962542042834, 0.46480519335294285, -0.10715660786315091, 0.007204261620950156], [-0.6114139841918124, -0.11977445670631083, -0.10580664884882392, -0.5637355891584953, 0.44603139222760363, 0.48182340547373625, 0.7200112624143356, -0.4928340794280932, -0.3634481362000801, 0.09933823011247932, 0.12293524333259757, 0.061781291733257554], [-0.30349236502584137, -0.37433595338168374, -0.7568391582793266, -0.07274022410452514, -0.5105648632221645, -0.34040469700679415, 0.30082623713554013, 0.47569857112900255, 0.27032326606386053, 0.38894896882592306, 0.7308703020349642, -0.08106404531113355]], "inverted": false, "swapped": false, "error_lsq": 0.03269674056653896, "error_max": 0.1789189250952753, "target": "251.xyz", "model": "18.xyz", "model_rescale": 3.922800546911778, "target_rescale": 3.7330975278438046},
{"mapping": [8, 4, 1, 5, 10, 2, 9, 12, 13, 3, 7, 14], "R": [[0.42902794588933213, -0.6389901780305287, 0.6384563994717991], [-0.8945221152025968, -0.2023005844493866, 0.398628472320918], [-0.12555957573778517, -0.7421361235729939, -0.6583834498440843]], "T": [-0.020936365925928044, -0.08929473608733098, -0.10200063688500358], "aligned_model": [[-0.1650361607202325, -0.6950675751519533, 0.3933131292785274, 0.5254964548365009, -0.39772873270684106, 0.27134082656923025, 0.027400099766986912, 0.13108276313889813, -0.5624193576223693, 0.3986422470113914, -0.1519712443094552, -0.028244442250065952], [-0.6419294983944501, -0.044895968491142954, -0.089213740068903, -0.6196848465013283, 0.5364263489832329, 0.5402778035383596, 0.6841545911409204, -0.5191456840290692, -0.35171549253373635, 0.07228434554368955, 0.15516237537761218, -0.0468123038047904], [-0.32159281036031695, -0.36169854075710206, -0.7154991072158958, -0.050705185289779076, -0.4442012846007263, -0.2790357263000477, 0.14736437711950082, 0.5388834333792479, 0.22927758924788535, 0.35296664933454036, 0.6471866563600742, -0.015720012059559377]], "inverted": true, "swapped": false, "error_lsq": 0.04231932589480469, "error_max": 0.22817172345978579, "target": "251.xyz", "model": "19.xyz", "model_rescale": 3.9282355846067225, "target_rescale": 3.7330975278438046},
{"mapping": [2, 1, 10, 12, 0, 11, 4, 7, 5, 9, 6, 13], "R": [[-0.19378133042840884, -0.41265332784605174, -0.8900370930444275], [0.9676954449100177, -0.2295550518434918, -0.10425931168742031], [-0.16128955910969145, -0.8814883488683845, 0.4438062290363787]], "T": [-0.01720059608850111, 0.02641354564863949, 0.14515593089083204], "aligned_model": [[-0.3098170037979335, -0.5672526925088669, 0.25616152615359095, 0.6929532581762696, -0.26966153598919357, 0.3103436497194499, -0.08709053700592481, 0.10548062417189341, -0.6344743443247531, 0.6669642839418266, -0.3319914864335728, -0.08480773426216782], [-0.6153679237683293, -0.032411682299087766, -0.2340861899062656, -0.4256988479393755, 0.509863507479728, 0.4993403363647156, 0.6528305096757951, -0.5465661480198682, -0.27400913418241724, 0.1275166114181684, -0.010077396908879845, 0.023574288846210815], [-0.2805298614632248, -0.3602974102664611, -0.62921309411636, 0.02653792169926031, -0.4402811677173928, -0.28194849309356995, 0.1908180407563683, 0.3566774787732786, 0.27325544466854446, 0.15617465417777807, 0.7164869737408464, -0.00045444830124669044]], "inverted": true, "swapped": false, "error_lsq": 0.04384870957194085, "error_max": 0.29168504783079197, "target": "251.xyz", "model": "20.xyz", "model_rescale": 4.067790424073018, "target_rescale": 3.7330975278438046},
{"mapping": [6, 11, 2, 4, 12, 0, 9, 5, 13, 8, 1, 14], "R": [[0.34828176622255086, -0.14828228060690263, 0.9255874764574747], [-0.9242190386510367, -0.2192601407940477, 0.312640623166485], [0.15658537579178367, -0.9643325961083087, -0.2134096159294509]], "T": [-0.032458328296294234, -0.014889460150150129, -0.05928062762292215], "aligned_model": [[-0.1161205758689332, -0.6181277058958798, 0.42712745160504473, 0.5350769384389527, -0.4339388650803712, 0.46197012591248043, -0.29964465464164525, 0.08115605126150627, -0.5564714463981674, 0.4349628334569086, -0.07274877375213332, -0.0964333711971446], [-0.6416880655664222, -0.059568857609091065, -0.1934656756414191, -0.5809049045844438, 0.5616281253214099, 0.39603473622422525, 0.6393888030684978, -0.4049264494083147, -0.28806702510654686, -0.008434927412588313, 0.23267899351392826, 0.022233177961158958], [-0.44357353579933206, -0.3295164238527479, -0.61660762114847, -0.060933627889107014, -0.364984273533957, -0.36117438049593914, 0.2641097259168143, 0.3690055391231081, 0.31609621654683195, 0.2672828321785067, 0.7219950228578579, -0.03447343504574435]], "inverted": true, "swapped": false, "error_lsq": 0.03984026244331846, "error_max": 0.18618309243374653, "target": "251.xyz", "model": "21.xyz", "model_rescale": 4.186013935880536, "target_rescale": 3.7330975278438046},
{"mapping": [9, 8, 1, 7, 2, 0, 5, 4, 11, 6, 3, 12], "R": [[-0.6533124668095985, -0.6779434618862298, -0.33700961884918273], [0.6892729079477086, -0.3484722539214432, -0.6351928420694137], [0.31318633284431036, -0.6472710025426935, 0.6949493292225769]], "T": [-0.03389912958433094, -0.10796665242092708, -0.053473837612718275], "aligned_model": [[-0.258333107917629, -0.7286271269472712, 0.39595566839607776, 0.5792210939157725, -0.3091293736538455, 0.43965891566268045, -0.24183200145118744, 0.12452570042825634, -0.5475668451257184, 0.37493072801637606, -0.04462788563425491, -0.037367757848638605], [-0.5203238058273572, -0.0787486705901348, -0.07484627547905388, -0.5073465056617839, 0.4374802919927082, 0.4076548668261396, 0.6111246893877587, -0.5323419890355581, -0.2570122818423696, 0.023211435177334802, 0.2720623368940095, -0.10600616108129932], [-0.4597271177746966, -0.3762236632074506, -0.6444485656821987, -0.10735392893918355, -0.47351567653386145, -0.23142233487399833, 0.14200081304010054, 0.5143494585606311, 0.2825274377906907, 0.30079061994045353, 0.7878355679037524, -0.0075865713664176535]], "inverted": false, "swapped": false, "error_lsq": 0.046608867705608424, "error_max": 0.2187388425061216, "target": "251.xyz", "model": "22.xyz", "model_rescale": 4.166573947596378, "target_rescale": 3.7330975278438046},
{"mapping": [12, 13, 6, 11, 5, 1, 0, 9, 10, 4, 8, 15], "R": [[-0.4089739902405993, 0.4369786434137955, 0.8011179317097585], [0.872736040364767, -0.06917357565314497, 0.48326682100035234], [0.26659347170384745, 0.89680805172099, -0.3530768177228467]], "T": [0.03617567338726134, -0.1338180817529119, 0.02345693647303029], "aligned_model": [[0.07345890279799015, -0.7285050866080098, 0.24778670041711937, 0.4912784094911574, -0.3994918000434062, 0.25848471080640795, 0.006516206342521189, -0.024751973624847226, -0.699350247601432, 0.47685005670712033, 0.00474567141257963, 0.039786457743417554], [-0.6215190255945019, -0.07860369937088776, -0.017774389030370874, -0.7778657226347487, 0.3999023443481782, 0.4497492574802525, 0.6689663047065214, -0.5635759116912462, -0.1533805325309416, 0.3358825913519692, 0.11076204660880426, -0.07763533288263408], [-0.41259249353456207, -0.3357475264265422, -0.6982509452807643, 0.010135401588044868, -0.44172941388385095, -0.32023902412185185, 0.1697898026022357, 0.4382402482375656, 0.1633145897400937, 0.3770681338849299, 0.7936983635643183, -0.016461097511795617]], "inverted": true, "swapped": false, "error_lsq": 0.0488449759350664, "error_max": 0.2577559044518128, "target": "251.xyz", "model": "23.xyz", "model_rescale": 4.274766983524099, "target_rescale": 3.7330975278438046},
{"mapping": [0, 2, 3, 7, 9, 10, 8, 6, 4, 5, 11], "R": [[0.4525275051233424, -0.2712901026526986, 0.8494825114795076], [-0.8868980546896643, -0.23616061476098188, 0.3970390467238766], [0.09290154839685333, -0.9330754761745718, -0.3474758381054197]], "T": [-0.027398985782612233, 0.06491084575139147, 0.05010982205413655], "aligned_model": [[0.17874219707863948, 0.4365977781507703, -0.4914141725301751, -0.48805563649392275, -0.47705877463211876, -0.6221619602903473, -0.0470485345487335, -0.003525384528357038, 0.6310268071616518, 0.2069296005306304, 0.05586278406003783], [-0.0672316899235636, 0.6383314755935373, 0.45496155123179327, -0.26780902862492995, 0.49104904637586155, -0.2819871325778228, -0.6334639428080546, -0.014477343173876181, 0.009329163058311246, 0.5660731183790645, 0.020811313713162374], [-0.6576240473715376, -0.3919752006229582, -0.51277909606684, -0.2817602116910127, 0.20325813978609467, 0.43134091177119405, 0.025490411622014535, 0.7445055331531832, 0.4173891659481633, 0.34862384634687643, 0.05309698114639974]], "inverted": true, "swapped": true, "error_lsq": 0.04603691249834591, "error_max": 0.3021116863068034, "target": "251.xyz", "model": "24.xyz", "model_rescale": 3.7841303162186577, "target_rescale": 3.7330975278438046},
{"mapping": [3, 13, 5, 4, 14, 9, 10, 6, 11, 8, 7, 15], "R": [[-0.5417904833785673, -0.6694997577207951, -0.5081664555361906], [-0.5732854814619455, 0.7364809525296198, -0.35908155522946206], [0.6146599294450253, 0.09677748174477734, -0.7828328622137524]], "T": [0.10302898155118405, 0.058727630821356944, 0.06167828218059224], "aligned_model": [[-0.14702255530440328, -0.5308281438948467, 0.3344652853262206, 0.5185987551333073, -0.2983384802563304, 0.2006588031451469, -0.27757183758920334, -0.028605811772080367, -0.6077380762405001, 0.6570522019164703, -0.1583299053735085, 0.08446777275034545], [-0.6265860931260646, -0.06441529645532264, -0.37413326055242746, -0.5488455028052219, 0.5722028416695343, 0.5155840019766775, 0.6775314852649188, -0.6028301307507494, -0.1712688936967069, 0.23817663042309545, 0.0664106119639431, -0.006918463151282403], [-0.28011290600106253, -0.37997878076991226, -0.6652381032845621, -0.06022739216821482, -0.3905897033735199, -0.2903037949148849, 0.3400304179235316, 0.32059923833029114, 0.23870753804088846, 0.1632366962922537, 0.6570252937011908, 0.07407753508182191]], "inverted": false, "swapped": false, "error_lsq": 0.043081919758646205, "error_max": 0.24873746004505481, "target": "251.xyz", "model": "25.xyz", "model_rescale": 4.19342608120988, "target_rescale": 3.7330975278438046},
{"mapping": [5, 3, 7, 9, 6, 10, 8, 0, 4, 1, 2, 11], "R": [[-0.7653454138485775, -0.0209386286907135, -0.6432790773291963], [-0.5721906777716297, -0.4354910745555108, 0.6949426971007966], [-0.29469344372108575, 0.8999494973669573, 0.32132020854090126]], "T": [0.034053031173826576, -0.04027164201157345, -0.026643085453678533], "aligned_model": [[-0.06097353722448817, -0.3668989510796545, 0.2535811913103267, 0.6651664108160311, -0.5370360981080129, 0.2800336123184206, 0.1417342354244321, -0.05975402823816617, -0.7015712814348471, 0.426257243468109, -0.20594856295508765, -0.0877822264564449], [-0.6576651364028927, -0.14082237591274224, -0.25818617346017025, -0.41108334561097065, 0.5236848453400575, 0.46140574424695063, 0.6506700577700407, -0.5403771680997541, -0.15545786495925729, 0.023608504389454374, 0.185175743441932, -0.006044899982253882], [-0.18650273107668963, -0.5366862862495051, -0.8661558987390854, -0.14558041240497632, -0.20526629164377655, -0.3182749636938201, 0.2864710176571913, 0.46834050717034365, 0.17315365095311494, 0.34307632999432297, 0.742965979560995, -0.028314862670293522]], "inverted": true, "swapped": false, "error_lsq": 0.05505478928731088, "error_max": 0.2898440316289458, "target": "251.xyz", "model": "26.xyz", "model_rescale": 3.795458400668931, "target_rescale": 3.7330975278438046},
{"mapping": [11, 8, 10, 4, 6, 7, 0, 9, 1, 3, 2, 12], "R": [[0.433222084112453, -0.3417221150144363, 0.8339931785975969], [0.3483667035613185, 0.9169073337145703, 0.19473464311790598], [-0.8312395958368943, 0.2061721064802368, 0.5162691127913994]], "T": [-0.09759097571253197, -0.11489532419343816, -0.033822299556134056], "aligned_model": [[-0.05507354454525512, -0.6663844127889923, 0.4012070019941941, 0.5796236429588882, -0.6223626257030479, 0.37775340766487586, 0.026989829871228416, -0.033133956389585856, -0.6216507098432187, 0.5222851446805249, -0.12872773548977764, -0.03371803456921585], [-0.7532301261065911, -0.2322911719139193, -0.15972975921551885, -0.5982689108563337, 0.44101269305574475, 0.46240468938800516, 0.5907332403414228, -0.3343020435818123, 0.033594379923395215, 0.14886376541907453, 0.0561440211355861, 0.019977153171340564], [-0.35365903985775426, -0.473644935379836, -0.5406525269313006, -0.11502278361230445, -0.34489777496391927, -0.3515966064782533, 0.3878898580650175, 0.32960619996287843, 0.19783558048553054, 0.26827254790255406, 0.8290861303709326, -0.1059906107057238]], "inverted": true, "swapped": false, "error_lsq": 0.05066437538058712, "error_max": 0.25842003020376947, "target": "251.xyz", "model": "27.xyz", "model_rescale": 3.6321398670334006, "target_rescale": 3.7330975278438046},
{"mapping": [3, 0, 1, 4, 11, 13, 9, 7, 8, 6, 12, 14], "R": [[0.585277598783611, -0.8043975051035503, -0.1019548240412112], [0.060052443884384965, 0.1683986795199649, -0.9838879960236557], [0.8086061070419908, 0.5697249674352669, 0.14686601082374606]], "T": [-0.1433724699663593, -0.012157359480600134, -0.07852988114904176], "aligned_model": [[-0.29950029769306497, -0.6324741656753837, 0.2858908094186833, 0.588204720916132, -0.2750361629339465, 0.37258241387568314, -0.14271785857228514, -0.03938150887232211, -0.47837019542542936, 0.49918716127161433, -0.03619881486767704, -0.0953780936013861], [-0.6528928307310422, -0.08298522787052288, -0.25900640085721294, -0.3961124118665847, 0.4996884938272249, 0.5817573534576373, 0.5966131051039892, -0.6359404541401394, -0.18677973354430272, 0.24253878530613496, -0.03786542970795785, 0.005892681783170208], [-0.269951502845931, -0.4595477790668995, -0.5280471598929749, -0.01655743657252194, -0.44350156611163494, -0.2965509890929409, 0.1970971388501142, 0.36976456988907147, 0.2740508418182937, 0.27665236963900114, 0.7408373342299501, -0.11701978198570603]], "inverted": false, "swapped": false, "error_lsq": 0.04294400846384871, "error_max": 0.27516796806577487, "target": "251.xyz", "model": "28.xyz", "model_rescale": 4.156811204709835, "target_rescale": 3.7330975278438046},
{"mapping": [10, 8, 7, 0, 4, 6, 9, 5, 2, 11], "R": [[0.31334230535574076, 0.7565831614108002, 0.5739325043452314], [-0.9496263230870471, 0.24636489582436077, 0.1936857883419112], [0.005142584420838814, -0.6057113652352011, 0.7956678300964442]], "T": [-0.11189639953662187, 0.028002451296809696, -0.039112930341058186], "aligned_model": [[-0.6188514587248821, 0.06106488964338186, 0.05964574805928727, 0.6259109342090896, -0.14178880935634372, -0.6920914434629227, -0.5342501715876259, -0.38871630824954395, 0.3411198661358519, -0.0691178725557041], [-0.22010009283950127, -0.5572442789341104, 0.022407452459059254, 0.11854989311594487, -0.3800203928213168, -0.3158930317486398, 0.4851619975132849, 0.26662079644150993, 0.5379997566387568, -0.03876176919878373], [-0.5876200337932902, -0.3801264529928679, -0.6743977259514623, -0.13013252158016625, 0.5966006586512087, 0.14573144938071353, -0.18005454769096552, 0.4723713373240555, 0.48454955115321624, 0.011865012474657627]], "inverted": true, "swapped": true, "error_lsq": 0.04294656676121419, "error_max": 0.19866629963166396, "target": "251.xyz", "model": "29.xyz", "model_rescale": 4.117894457231895, "target_rescale": 3.7330975278438046},
