[{"mapping": [11, 10, 12, 4, 8, 7, 13, 6, 2, 1, 9, 5, 0, 14], "R": [[-0.07070703593803307, 0.48205674235445306, -0.8732822065171546], [-0.5832082752238028, -0.7302237676521206, -0.35586704942494873], [-0.8092395336235958, 0.4841431051936549, 0.33277143945073007]], "T": [-0.07327737759172268, 0.08634365435250714, 0.11216857554793234], "aligned_model": [[0.18971213372364112, -0.059012804222327936, -0.5405264096921025, -0.4580200256645842, -0.5900752754082361, 0.195921840322598, -0.791707115633519, 0.014427117685113525, -0.45478133618794625, 0.4367823913134019, 0.64000033001245, 0.15427414143920265, 0.6989754761415126, -0.0644783627008998], [-0.5538600200220634, -0.4778861507141169, -0.4796527452435331, -0.2919492233816532, 0.2974565483712721, 0.18724441033215927, 0.16909191134050583, 0.5172803410443216, 0.6967609394099187, -0.01647385907201715, 0.5178676051327251, 0.6683634993479504, -0.06514087056146055, 0.06617094582602606], [0.31688640066886414, -0.21359498545356104, 0.27955307289550396, -0.4655027881199725, 0.5546212293412804, -0.5119999095942975, -0.133710016949751, 0.6778538494665431, 0.1477822195269693, 0.5988358777672799, 0.4466244744106155, 0.06376815838637569, 0.0026897106905985346, 0.1337807941433855]], "inverted": false, "swapped": true, "error_lsq": 0.052627350044737384, "error_max": 0.36290287657043135, "target": "253.xyz", "model": "0.xyz", "model_rescale": 3.8414455957264533, "target_rescale": 4.112389701500706},
{"mapping": [1, 1, 2, 6, 8, 5, 4, 10, 7, 3, 12, 11, 13, 9, 14], "R": [[0.6809715412134083, 0.712425230407418, -0.16949351355250242], [-0.7188364749421922, 0.6060988251598393, -0.3404678199662129], [-0.13982804564935558, 0.35368701590360885, 0.9248532923826793]], "T": [-0.042621138743850456, -0.07658553845912676, 0.06608208137852963], "aligned_model": [[-0.2548834440830857, -0.2548834440830857, -0.48834057972629874, 0.148496731594744, 0.7087431151500967, -0.13701622865345683, -0.5762821146325369, 0.3805656389920684, -0.4452965757566614, -0.42503779555480603, 0.6139413679627013, 0.27117243386883205, 0.29731099658777216, 0.06186533059807668, -0.036820976810197886], [0.6183052691804558, 0.6183052691804558, -0.6586148316077199, -0.8108275414477486, -0.22040486783861069, -0.41813714689994497, -0.0458778340434553, -0.17986045515498372, -0.18346739280392926, 0.11641772102085444, 0.2778537930364267, 0.7156913204225676, 0.2524070435260988, -0.4240996797785118, -0.020411823654994568], [-0.4035660532486863, -0.4035660532486863, -0.018657575604922635, -0.11936282814486308, 0.26374380242688655, -0.48957505279230124, -0.034318289891925535, -0.4617706851590188, 0.5553506822241997, -0.589573410830367, -0.09388034840817679, 0.0562650147342363, 0.6585827353924367, 0.643859010046463, -0.003738194716856047]], "inverted": false, "swapped": false, "error_lsq": 0.049167846902513926, "error_max": 0.4919204136217446, "target": "253.xyz", "model": "1.xyz", "model_rescale": 4.316132596720782, "target_rescale": 4.112389701500706},
{"mapping": [12, 8, 13, 7, 4, 11, 3, 0, 2, 1, 5, 14], "R": [[0.9503177064462391, 0.28725211151643026, -0.11992698296927218], [0.062034569083081165, 0.20277358102375456, 0.9772587104126927], [0.3050376518619238, -0.9361458749939323, 0.17487976349025813]], "T": [-0.010574105142544036, 0.00537698932897651, 0.03471875300205942], "aligned_model": [[-0.22446928223714332, 0.52905145801558, 0.010855401542152112, -0.4032870593468417, -0.6026898927811136, -0.38151509792903643, 0.0021640159924627665, -0.32910123071778563, 0.5207323036755014, 0.1514924649906149, 0.33677170285008046, -0.012196229422690413], [-0.7133474687214525, -0.4402157203507879, -0.4048935153321072, 0.4965899478897492, -0.27273919823022086, -0.21173380246826723, 0.3235944779846384, 0.5525973259285168, 0.026877020593602155, 0.15674020691565468, 0.5060398583409632, -0.006732704809308867], [0.10086373710900953, -0.09818896206311167, -0.6092251374374633, -0.24226833021627228, -0.40900063043655105, 0.6145457096215188, -0.6331209444161645, 0.5147166975004149, -0.4517728836818694, 0.7117719822085161, -0.11210418602945241, 0.0630414090508461]], "inverted": true, "swapped": true, "error_lsq": 0.0536413203713326, "error_max": 0.2608502636126805, "target": "253.xyz", "model": "2.xyz", "model_rescale": 3.795458400668931, "target_rescale": 4.112389701500706},
{"mapping": [1, 6, 8, 3, 11, 4, 2, 0, 5, 7, 12, 14], "R": [[0.48504092554501765, 0.07167505075927821, -0.8715491883107271], [0.8426326004581064, 0.228254441101319, 0.4877193975666065], [0.2338922854470444, -0.9709596269753852, 0.05031701096228715]], "T": [0.03863998181479746, 0.052783814439417875, 0.042545272413807664], "aligned_model": [[0.11427552772042163, -0.2718591073250801, -0.6467610094974572, 0.24022011780462682, 0.12229181238344564, 0.12943055763879277, -0.2901942842601076, 0.7013269831680177, 0.2286580462819326, 0.6454310059300746, -0.411359389922931, 0.03184356582182945], [-0.2523037168966791, -0.5699566440944352, -0.10975355310187052, -0.05462443959994774, 0.40273192722746015, 0.7481727716371709, -0.32620972773173335, -0.066398882576654, -0.4969026455786006, 0.1231305090286364, 0.6304675397718074, 0.05741590720455535], [-0.5968124790763993, -0.12828497228955266, 0.148470516422253, 0.7462948066961176, -0.5831322046184417, 0.40727514580151863, 0.5598989081471019, -0.3792948349816824, 0.27622737487832455, 0.3573332565256498, -0.13202056395878653, 0.012816477092997474]], "inverted": false, "swapped": true, "error_lsq": 0.0501462686287007, "error_max": 0.315016769346048, "target": "253.xyz", "model": "3.xyz", "model_rescale": 3.7530521520055578, "target_rescale": 4.112389701500706},
{"mapping": [5, 13, 8, 12, 6, 10, 9, 7, 0, 11, 14], "R": [[-0.4186129701008565, 0.572865344743869, 0.7046903419622181], [0.8931808246597428, 0.40007391723148866, 0.2053506153173006], [-0.16428997450691094, 0.7153783317535837, -0.6791484717894742]], "T": [-0.07532668744336514, -0.03774534298124672, -0.05851760731261843], "aligned_model": [[-0.43428939995778526, -0.09718207898897215, 0.37133484236370734, 0.4522557189842744, 0.1955629612377789, -0.11706696861906829, -0.19507525682156013, -0.7324829174058618, -0.34319697718718245, 0.2894348389304175, -0.05109516009054291], [-0.5424822174205043, 0.03787414015420138, -0.40304172250482007, 0.40986339086658563, -0.6846146745126122, 0.6116304298541388, -0.6096356448934936, 0.1470820749803966, 0.10861141430695906, 0.4221807377505182, -0.030264570267023616], [0.03768973528030975, -0.8182865724702603, -0.476207809441777, -0.35515607096472623, 0.08837419544923789, -0.023169294239375686, 0.6237144054635865, 0.020349333282307064, 0.6750577880671823, 0.36142363239482656, -0.04095856557599453]], "inverted": false, "swapped": true, "error_lsq": 0.04434904794554306, "error_max": 0.1941401076809311, "target": "253.xyz", "model": "4.xyz", "model_rescale": 3.7855080009869324, "target_rescale": 4.112389701500706},
{"mapping": [10, 8, 12, 2, 0, 14, 13, 3, 11, 15, 5, 7, 4, 1, 16], "R": [[0.3553485451893, 0.0765385285778099, 0.9315950112978236], [0.24281970120029522, -0.9699852779830933, -0.012928774306210873], [0.9026438966396703, 0.230803843423816, -0.36326792002590486]], "T": [-0.051698506633616165, -0.0006230500689309929, -0.04354213637490023], "aligned_model": [[0.15679573731049043, -0.4650459665831006, -0.4313233350344742, 0.26100818475677356, 0.6219726585577776, -0.31695269005312876, -0.7689351446895856, 0.511494412064388, -0.513533446962512, -0.5054187581727332, 0.7006308172931426, 0.20679184548051185, 0.30345563133763664, 0.16129122894699707, -0.05869671879802138], [0.4851890078752794, 0.5274559903989391, -0.5238822927141497, -0.6343802124124411, -0.23228884167306935, -0.49115758697471695, 0.03707453726175489, -0.18184626436122997, -0.1723545896015351, 0.1477893198448062, 0.2973998164188681, 0.67662048772227, 0.20251432547059053, -0.46207975452736016, -0.038775099591045775], [-0.5450210179566386, -0.2570515702073732, 0.16894319878525654, -0.25883744964639005, 0.27421878870968486, -0.42657409955022463, 0.05142172946371315, -0.4073944255380043, 0.5806797749046597, -0.7154274007509873, -0.06045970208646312, 0.14591339999150116, 0.5725759763325252, 0.5175256148254663, -0.0807200644983074]], "inverted": true, "swapped": false, "error_lsq": 0.031054310186997024, "error_max": 0.18136293274236331, "target": "253.xyz", "model": "5.xyz", "model_rescale": 4.2253639853439635, "target_rescale": 4.112389701500706},
{"mapping": [1, 12, 2, 6, 8, 3, 5, 9, 4, 10, 13, 7, 0, 14], "R": [[-0.17292130868197148, 0.8112159453285601, -0.5585936904838839], [0.9809548815838784, 0.19278453707828735, -0.023698999140669363], [0.08846322004354885, -0.5520532694479774, -0.8291027960339572]], "T": [0.06368319469231967, -0.0031377275651655115, -0.03590006396927818], "aligned_model": [[0.7170639725899276, -0.12894210033858383, -0.4426105297911328, 0.21186248076109734, -0.3051892252838413, -0.4208987107638674, 0.07928922270626465, 0.688942581325272, -0.36875086459972595, 0.12859068814861843, -0.6859943540393577, 0.05756770448133505, 0.7582071160004004, 0.08492417156137677], [-0.25287366899172603, 0.2563185293580188, -0.4752585922987916, -0.7035448710294618, -0.48815663011188787, 0.03635232530108194, -0.36877842773289565, -0.5124674006496795, 0.655526073456397, 0.6257254813924817, 0.08094207101064929, 0.37984803964032404, 0.215313529642938, -0.0038473123524581767], [-0.17118860969845384, -0.7158038062478373, 0.16457790886255946, -0.06541392717606992, -0.4048212940586101, 0.5218233476722838, 0.4729542613869027, 0.35966628961641695, -0.09914081491736383, -0.19400993199786137, -0.15572913049786186, 0.5346435208909806, 0.2822559106611418, -0.05825551556477856]], "inverted": false, "swapped": true, "error_lsq": 0.04466478342478814, "error_max": 0.33100596970365515, "target": "253.xyz", "model": "6.xyz", "model_rescale": 3.89814844738969, "target_rescale": 4.112389701500706},
{"mapping": [2, 3, 4, 6, 12, 7, 5, 8, 1, 0, 10, 11, 14], "R": [[0.371893623287694, -0.07162372406038406, 0.9255080632332024], [0.924191390107229, 0.1219888838934024, -0.3619240067446622], [-0.08697935047825464, 0.9899438137380144, 0.11156091713596211]], "T": [-0.051628968916667704, 0.049598868023061016, -0.024423882384921523], "aligned_model": [[-0.02258108955101388, -0.11635871793769317, 0.4855587846885664, -0.3563470962219981, 0.6293801798467488, -0.31816195571356454, -0.5355325374440467, 0.28098507731158573, -0.45756456926790195, -0.6449048386099739, 0.22368008502400968, 0.030387440181759186, -0.049908961402254925], [-0.40207367306761727, 0.19358422239211182, 0.5868787572173404, -0.596204359950462, 0.05210622083514305, 0.587664876896528, -0.1313902045532238, -0.5738285067637223, -0.1350378974804421, 0.4528579038284971, 0.5993525234710604, 0.2849673832735774, 0.04490401937169468], [-0.5852901768686997, -0.7472743292845035, -0.24258952825152505, 0.034596361494343225, 0.2963741924053185, -0.35861038177081356, -0.3793177906697197, -0.11453091138627829, 0.5311866153234073, 0.31720976016058056, 0.19157725602679326, 0.652930224662645, 0.006013738994747161]], "inverted": false, "swapped": true, "error_lsq": 0.04935224717374447, "error_max": 0.2963586687735447, "target": "253.xyz", "model": "7.xyz", "model_rescale": 3.7474275329858107, "target_rescale": 4.112389701500706},
{"mapping": [1, 4, 5, 6, 10, 3, 8, 0, 9, 2, 12, 13, 11, 7, 14], "R": [[0.49950506460667676, -0.8518286906185528, 0.15774210684329476], [-0.8631554426636785, -0.5048928775449197, 0.0067722968393239685], [0.07387402948498775, -0.1395387546292875, -0.9874571199420047]], "T": [0.043790024278036924, 0.021318055158025633, -0.03387280081615659], "aligned_model": [[0.26595541970332, -0.5282960869992999, -0.35635411774168935, 0.1879772175422531, 0.6865000187659066, -0.27712644484268945, -0.6381902856549665, 0.37400636791984265, -0.32466460217402504, -0.41527702550867773, 0.49638441452038723, 0.021676169287993277, 0.22237262075314856, 0.12288199549277673, 0.025688794389881604], [0.2659016728513471, 0.552887679469565, -0.5484221580479551, -0.7770396362080327, -0.307623487712709, -0.46392556288460696, 0.010679795889357697, -0.3198119498357489, -0.11654449289066439, 0.30236351226064545, 0.42143035722673505, 0.8988786562925348, 0.10828414549665279, -0.4617965657786918, 0.07201687700853135], [-0.7088714756899872, -0.08262791991548099, 0.1343598330132768, -0.12753788680335562, 0.1984732429364438, -0.4530216860354706, -0.033885447612101556, -0.49081997906736935, 0.6184887141278141, -0.6810670457627164, 0.09147105604882275, 0.15980269439809794, 0.5552155719746226, 0.4396484289619344, -0.05983534779611275]], "inverted": true, "swapped": false, "error_lsq": 0.04286483143133735, "error_max": 0.2810854283433907, "target": "253.xyz", "model": "8.xyz", "model_rescale": 4.019505241142653, "target_rescale": 4.112389701500706},
{"mapping": [1, 8, 5, 9, 0, 7, 3, 11, 10, 12, 13, 4, 14], "R": [[-0.6089714317963406, 0.20108314352937623, 0.7672804993248944], [-0.13867339117571947, 0.9254439062924837, -0.35259504659869356], [-0.7809759828802297, -0.3211216991958863, -0.5356840192406397]], "T": [-0.04650855189258514, -0.05009539548750825, -0.027123454013796726], "aligned_model": [[-0.19427159625428242, -0.6808650799082636, 0.15270254344165068, 0.07672580528532662, 0.44558955384432525, 0.6304400201808873, 0.3454082401246986, -0.121633587647152, 0.1999593318444275, -0.4723359769005566, -0.21407665546490856, 0.21348128661298865, -0.06142311341796506], [-0.7035245842288473, 0.24777902914968447, 0.07074741730144643, -0.5404951060564747, -0.6625897244804766, 0.06811135638913793, 0.5474917589525643, -0.6421828305852048, -0.18156520308508944, -0.033028660882252515, 0.6464198872359566, 0.3220737226395703, -0.07585883423595657], [-0.26955664067273577, -0.15469968443418974, -0.6090008880634441, -0.7695250795716196, -0.14543577171396177, -0.0289328478771591, -0.21876194766037452, 0.37873651428702687, 0.5616463827065966, 0.5934173447961734, 0.23789019918887272, 0.6199716258460376, -0.01904571278734333]], "inverted": true, "swapped": true, "error_lsq": 0.06045826862541344, "error_max": 0.41713921650241126, "target": "253.xyz", "model": "9.xyz", "model_rescale": 3.877068213659057, "target_rescale": 4.112389701500706},
{"mapping": [13, 2, 11, 12, 5, 10, 9, 6, 8, 14, 3, 4, 1, 0, 15], "R": [[0.6759192478245502, -0.7267520143688988, -0.12233020898797861], [-0.640262072922666, -0.6612726510411254, 0.3908746077219816], [-0.3649625301274988, -0.1858762776574518, -0.9122786641192179]], "T": [-0.006207348019835631, 0.03380012901274575, -0.054884963803119385], "aligned_model": [[0.03141648066346579, -0.38600571769350506, -0.29406997348901437, 0.3980724148744405, 0.63579353425464, -0.34931259454920055, -0.6630608859478038, 0.27031418627588977, -0.543930598998251, -0.49872194224324784, 0.5999062237130448, 0.280914960160333, 0.269717126411774, 0.10406169611865278, 0.008439545902944266], [0.4735455247188949, 0.5750219028331343, -0.6275477654348025, -0.5944339021301696, -0.08957651084322175, -0.42238537508358887, 0.05162422138593508, -0.1990302360962693, -0.04294908997682749, 0.12639021352787705, 0.17603945410381427, 0.616372307196829, 0.13599283985153565, -0.511100063223377, -0.03068467769280342], [-0.6895872014186198, -0.11134333683529304, 0.10134994788914656, -0.04621944930017832, 0.37361067694387295, -0.4760551848732646, -0.11710260874598434, -0.5545152644042626, 0.49309879375707744, -0.6535317689938044, -0.17799327094391662, 0.1355385565301525, 0.7614047791585904, 0.5149312820512882, 0.006206801963614034]], "inverted": false, "swapped": false, "error_lsq": 0.04080069948464841, "error_max": 0.2870592597386008, "target": "253.xyz", "model": "10.xyz", "model_rescale": 4.260839863003843, "target_rescale": 4.112389701500706},
{"mapping": [11, 12, 13, 4, 3, 7, 0, 1, 8, 2, 5, 14], "R": [[-0.6014513578826133, 0.7985611210632804, 0.023588133188472082], [-0.11606706011757245, -0.058129726410584615, -0.9915388910492084], [-0.7904332366853156, -0.5991002176878149, 0.12764884452899877]], "T": [0.07857508234035351, 0.03131489896509257, -0.046163228181071554], "aligned_model": [[0.5201042790981326, 0.1722220978201846, -0.4503256596111339, -0.49593002832415156, -0.5830479258353006, -0.3861934816668451, 0.33278783170064763, 0.7397055758006053, 0.20735781060727085, -0.1922274944481491, -0.011610554308375612, 0.10605619826124532], [-0.09666740346670613, -0.6702862676317157, -0.473266357844251, -0.31675007288610413, 0.2427038047910841, 0.4706834187092601, 0.6434859742979826, 0.2866970555112066, -0.42507631370142207, -0.018255293848457976, 0.5060996330282601, 0.02371032857379712], [-0.602585832270378, -0.3024388451024618, 0.17543687386282897, -0.46285407783226923, 0.20879601720987184, -0.29752146873864427, -0.4842615114765434, -0.11871594492323748, 0.48537712020109913, 0.6198935444352349, 0.3529801062315734, -0.05792790420156935]], "inverted": false, "swapped": true, "error_lsq": 0.042293555586606475, "error_max": 0.2717347749637377, "target": "253.xyz", "model": "11.xyz", "model_rescale": 3.890672605050136, "target_rescale": 4.112389701500706},
{"mapping": [12, 11, 1, 8, 6, 3, 10, 2, 13, 7, 9, 0, 5, 14], "R": [[-0.8226880490898341, 0.27937521547355443, 0.49510995027758053], [-0.2417305142344037, 0.6163495138681279, -0.7494528906092054], [-0.5145393399660846, -0.7362491193431934, -0.4395298646208679]], "T": [0.06524825933927343, -0.05036858666024619, 0.03376504537324855], "aligned_model": [[0.2824486488166818, 0.13620177942573125, 0.4028426766361491, 0.6373679528263771, 0.633482069830501, -0.36524952258532317, -0.3089769904250735, 0.2518197410726332, 0.00811099529126609, -0.5919841903073945, 0.2603855366366612, -0.2405453312960651, 0.02196859693568491, 0.08200387193586423], [-0.43805104257930966, 0.28160282246159934, 0.5671300468014208, -0.4517009694431867, 0.15470283400665213, -0.3748889520549466, -0.09232308433645178, -0.4370907821998807, -0.809960314994007, 0.05343956035877006, 0.704101344297811, 0.6773462237065409, 0.1335479650546756, -0.03570313125192234], [-0.5738676203797926, -0.6031762369910181, -0.0771534790253663, 0.1716941826550863, 0.4190628322827208, 0.5405122046806531, -0.49809577403240635, 0.6126086249694459, 0.09033875030793108, 0.2055348188248422, 0.4804588138939028, -0.05694927509030816, 0.6314028679637687, 0.012419725297401266]], "inverted": false, "swapped": true, "error_lsq": 0.047221253572057975, "error_max": 0.33458063940676946, "target": "253.xyz", "model": "12.xyz", "model_rescale": 4.124412569039231, "target_rescale": 4.112389701500706},
{"mapping": [4, 7, 0, 13, 11, 12, 3, 8, 5, 2, 1, 9, 14], "R": [[0.3221550761284093, -0.914623466515933, 0.24429494760038975], [0.06847438040781423, 0.2798890580467207, 0.957587267257395], [-0.9442072686399237, -0.2917636538092053, 0.15279595597867573]], "T": [0.1398659984133904, 0.05487934683793739, 0.005629028668519904], "aligned_model": [[-0.3313555086274884, -0.1059083792312053, 0.6541177640142001, -0.532037816533178, 0.6969312764793537, 0.15014977885432007, -0.5026188255169238, -0.01769456337227296, 0.03503830843055446, -0.3361899817637757, 0.8284104411139234, 0.6612562042114734, 0.1671996094507768], [-0.20779965220867957, 0.5529023102020599, 0.5552386309320727, -0.3059895029709423, -0.21561568286338817, -0.6729785362783176, 0.42167046203997954, -0.36297301182121133, 0.575401718900871, 0.12842349377287934, 0.16084773079424022, 0.6776852964624699, 0.04067211954644358], [0.5833717445502845, 0.4103555568120588, 0.3469402673279593, -0.03636836986831399, 0.3763638807488301, 0.19748391693589878, -0.004954925795988201, -0.5493368691937671, -0.3274430502544265, -0.5304538251405582, -0.14355114427584723, -0.37791204990872185, 0.007202949030430781]], "inverted": true, "swapped": true, "error_lsq": 0.048184440112317886, "error_max": 0.2711650192358699, "target": "253.xyz", "model": "13.xyz", "model_rescale": 3.9028299243045295, "target_rescale": 4.112389701500706},
{"mapping": [0, 3, 11, 12, 13, 1, 6, 8, 9, 2, 5, 4, 10, 14, 15], "R": [[-0.9054826044853034, 0.29315222609915936, -0.30685994412373124], [0.34538992262918733, 0.9292030010039684, -0.13148225839033822], [0.2465908642280085, -0.22504123012978527, -0.9426289781355958]], "T": [-0.03418150208615843, 0.020736324342593915, -0.06005372269031056], "aligned_model": [[0.111090520618651, -0.36820161474179364, -0.2530563811336947, 0.29678246512783657, 0.619699534285419, -0.4816176031988726, -0.6987743408807934, 0.44215415774765643, -0.506583096390902, -0.25532297201206505, 0.473711184572715, 0.2248267231842883, 0.2523368421668253, 0.10626260549558832, -0.09977356938669688], [0.6359461983344911, 0.533454703990736, -0.6433485538827037, -0.5722266192207339, -0.31320739944631854, -0.4128498761892205, 0.05033149725827098, -0.009773275319116249, -0.12199258358232969, -0.012134352717633325, 0.07860810567562417, 0.6333843186803934, 0.22820506897213638, -0.46604300719897807, 0.02892461778234192], [-0.5963645090883247, -0.17938466063454833, 0.17857098301373933, -0.21203427712927034, 0.24584255288502332, -0.24445192732431598, -0.017056669160833732, -0.6672445189453182, 0.5377009502354289, -0.7615989731370627, -0.08829747277640976, 0.0701017541780635, 0.5958552347552675, 0.6654612584179089, 0.03269302748907088]], "inverted": true, "swapped": false, "error_lsq": 0.05046304159508159, "error_max": 0.3888297851960757, "target": "253.xyz", "model": "14.xyz", "model_rescale": 3.942246331269136, "target_rescale": 4.112389701500706},
{"mapping": [4, 12, 2, 9, 6, 5, 1, 10, 0, 3, 11, 13, 8, 7, 14], "R": [[-0.3833943813690028, -0.6500867116218546, -0.6560457420846231], [0.2144547309137837, 0.6282499182806992, -0.7478711176192003], [0.898341759423092, -0.4274216975692493, -0.10145331795286391]], "T": [0.038697801996732624, -0.005287234529116239, -0.0895779187317161], "aligned_model": [[0.22133607431502328, -0.485257594216211, -0.3815842664046548, 0.3250596868857209, 0.486133197513146, -0.40940046492665655, -0.7649044175635634, 0.5439106977013483, -0.36863404166430314, -0.42027452476271626, 0.6515962519263314, 0.1221494851850598, 0.23431701325741738, 0.1501590196691449, -0.04107166146092452], [0.2988958396316618, 0.6179625274570738, -0.5798973447463921, -0.7534027047537307, -0.19327650356949594, -0.3897303783634837, 0.08063602530684548, -0.18224665471488427, -0.15948582912734682, 0.18980289683746893, 0.3465744207351548, 0.8033455964063932, 0.15922483331199833, -0.5877590513175016, -0.013364829956801626], [-0.5562468547037747, -0.018116494688788648, 0.18580204215111223, -0.17009139726662875, 0.18836270604838956, -0.3223674600090624, -0.14858725627711106, -0.561219530195798, 0.5028923720271453, -0.6071029658676329, 0.031500115135424986, -0.09844402337665446, 0.6408396536254798, 0.5262812272840429, -0.03370938110772549]], "inverted": true, "swapped": false, "error_lsq": 0.041102863562493146, "error_max": 0.2634482979769645, "target": "253.xyz", "model": "15.xyz", "model_rescale": 4.355366556412066, "target_rescale": 4.112389701500706},
{"mapping": [12, 8, 13, 7, 4, 11, 3, 0, 2, 1, 5, 14], "R": [[0.9503177064462391, 0.28725211151643026, -0.11992698296927218], [0.062034569083081165, 0.20277358102375456, 0.9772587104126927], [0.3050376518619238, -0.9361458749939323, 0.17487976349025813]], "T": [-0.010574105142544036, 0.00537698932897651, 0.03471875300205942], "aligned_model": [[-0.22446928223714332, 0.52905145801558, 0.010855401542152112, -0.4032870593468417, -0.6026898927811136, -0.38151509792903643, 0.0021640159924627665, -0.32910123071778563, 0.5207323036755014, 0.1514924649906149, 0.33677170285008046, -0.012196229422690413], [-0.7133474687214525, -0.4402157203507879, -0.4048935153321072, 0.4965899478897492, -0.27273919823022086, -0.21173380246826723, 0.3235944779846384, 0.5525973259285168, 0.026877020593602155, 0.15674020691565468, 0.5060398583409632, -0.006732704809308867], [0.10086373710900953, -0.09818896206311167, -0.6092251374374633, -0.24226833021627228, -0.40900063043655105, 0.6145457096215188, -0.6331209444161645, 0.5147166975004149, -0.4517728836818694, 0.7117719822085161, -0.11210418602945241, 0.0630414090508461]], "inverted": true, "swapped": true, "error_lsq": 0.0536413203713326, "error_max": 0.2608502636126805, "target": "253.xyz", "model": "16.xyz", "model_rescale": 3.795458400668931, "target_rescale": 4.112389701500706},
{"mapping": [2, 3, 4, 6, 12, 7, 5, 8, 1, 0, 10, 11, 14], "R": [[0.371893623287694, -0.07162372406038406, 0.9255080632332024], [0.924191390107229, 0.1219888838934024, -0.3619240067446622], [-0.08697935047825464, 0.9899438137380144, 0.11156091713596211]], "T": [-0.051628968916667704, 0.049598868023061016, -0.024423882384921523], "aligned_model": [[-0.02258108955101388, -0.11635871793769317, 0.4855587846885664, -0.3563470962219981, 0.6293801798467488, -0.31816195571356454, -0.5355325374440467, 0.28098507731158573, -0.45756456926790195, -0.6449048386099739, 0.22368008502400968, 0.030387440181759186, -0.049908961402254925], [-0.40207367306761727, 0.19358422239211182, 0.5868787572173404, -0.596204359950462, 0.05210622083514305, 0.587664876896528, -0.1313902045532238, -0.5738285067637223, -0.1350378974804421, 0.4528579038284971, 0.5993525234710604, 0.2849673832735774, 0.04490401937169468], [-0.5852901768686997, -0.7472743292845035, -0.24258952825152505, 0.034596361494343225, 0.2963741924053185, -0.35861038177081356, -0.3793177906697197, -0.11453091138627829, 0.5311866153234073, 0.31720976016058056, 0.19157725602679326, 0.652930224662645, 0.006013738994747161]], "inverted": false, "swapped": true, "error_lsq": 0.04935224717374447, "error_max": 0.2963586687735447, "target": "253.xyz", "model": "17.xyz", "model_rescale": 3.7474275329858107, "target_rescale": 4.112389701500706},
{"mapping": [5, 2, 6, 3, 0, 10, 1, 8, 7, 11, 4, 13, 12, 14], "R": [[-0.860348890444622, 0.40190326790920267, -0.31348612402243814], [-0.4080220535406988, -0.17444600929269632, 0.8961509882080605], [0.30547960739653124, 0.8989117604558059, 0.314069827234494]], "T": [0.07736673401715571, -0.05426440760527192, 0.04416447063228658], "aligned_model": [[0.34567854518681335, 0.09905211614546308, 0.7064405692197568, -0.28877705309350316, 0.35081975098863755, -0.3517706226796598, 0.6967215069581316, 0.21983096776522829, -0.2390344977075099, 0.17255686159819433, -0.7012318583044077, -0.4691187564968647, -0.21888109471467088, 0.09256121301726764], [-0.2442156999396129, 0.31309025602820345, 0.1999657826670606, -0.17608770955287234, -0.7678700140543105, -0.269613465169677, -0.2216651818096817, 0.6292000082009422, -0.6146364978444153, -0.19297970141183024, -0.06370067542953305, 0.4177598243872585, 0.4019787465913914, -0.05081743115168971], [-0.48949897451885516, -0.5755154138787416, -0.18612112547533283, -0.587129677548163, 0.2616458242966423, 0.48478512510583444, 0.3539290877253391, -0.09723357209308768, -0.19689332403907628, 0.7460409003135411, 0.18029602420042773, -0.20481660867999785, 0.5645206568423472, 0.07078579641077748]], "inverted": false, "swapped": true, "error_lsq": 0.04227860403630746, "error_max": 0.312014328741183, "target": "253.xyz", "model": "18.xyz", "model_rescale": 3.922800546911778, "target_rescale": 4.112389701500706},
{"mapping": [12, 3, 10, 4, 8, 11, 9, 13, 2, 7, 8, 5, 1, 6, 14], "R": [[-0.7633059385882717, -0.565653878216263, 0.3120893048067798], [-0.627517904937072, 0.7640108523419449, -0.1500289854898823], [-0.1535751382850294, -0.3103596422904185, -0.9381319573162926]], "T": [0.014398787412801924, 0.032489623583195376, 0.014115919872600542], "aligned_model": [[0.1763341977365633, -0.37348518424147054, -0.36827394251138135, 0.21124976811278998, 0.6254413792170405, -0.2551558321136041, -0.7870540457002266, 0.2797923520767991, -0.5790934928659361, -0.4127073136305974, 0.6254413792170405, 0.3598737984278028, 0.10799311223288227, 0.3029889626232783, -0.04981068312681913], [0.5609166164198226, 0.5115933621187106, -0.6393576783070929, -0.6592221222967964, 0.015770399374365307, -0.4692710213685579, -0.09751687924568211, -0.20944561668380396, -0.005519572965109729, 0.1276303607558463, 0.015770399374365307, 0.7027107517088184, 0.14698502322626555, -0.40888016872537936, 0.04511498975118862], [-0.5454874045380286, -0.15663206939844646, 0.24386237137603356, -0.067441980426952, 0.0412834108247007, -0.41345883971732195, -0.045170262600966835, -0.571415754908595, 0.41342930183604365, -0.6542699250107317, 0.0412834108247007, 0.13237147519207632, 0.7394530344323705, 0.45872382479848467, -0.05673783990494942]], "inverted": false, "swapped": false, "error_lsq": 0.047482470697819516, "error_max": 0.3258541797850796, "target": "253.xyz", "model": "19.xyz", "model_rescale": 3.9282355846067225, "target_rescale": 4.112389701500706},
{"mapping": [7, 3, 2, 4, 10, 13, 12, 8, 11, 1, 5, 0, 6, 14], "R": [[-0.8425359467503151, -0.28250630997150195, 0.45861025202216765], [-0.03331207923462415, 0.8771213923578058, 0.4791120625129054], [-0.5376090436466043, 0.3883918741356335, -0.7484171753071904]], "T": [-0.025670305742266662, -0.07749879948546462, 0.07357310045903834], "aligned_model": [[-0.5356320596472496, -0.06294955874533173, 0.5074389905366805, -0.44730399585877106, -0.5613053957086666, 0.18978564027841563, 0.011529830696539269, 0.6424076380405641, -0.3504874300737343, 0.015549058805920536, 0.14306437370141664, -0.5514585450091869, 0.5574563912889826, -0.02557211922090291], [-0.5369387360847562, -0.7837095172766348, -0.5415092768543011, -0.1336451421809029, 0.17016764542697738, -0.29811163485964165, 0.46963792452954584, 0.022246763937866787, 0.5561395896729038, 0.3047205699537741, -0.5662391687432795, -0.019251027896187822, -0.07236082184842496, -0.04826508035210298], [0.10657966858548754, -0.14393821105474214, -0.06753543603619347, -0.5926920348685675, -0.20289937758610846, -0.6252498792564952, -0.4421290494199184, -0.1525590636963269, 0.1915978571529764, 0.673395398797074, 0.42787643599793235, 0.6664150505532113, 0.48990853247544053, 0.08341326559991298]], "inverted": false, "swapped": true, "error_lsq": 0.03938427164166575, "error_max": 0.21558015692489266, "target": "253.xyz", "model": "20.xyz", "model_rescale": 4.067790424073018, "target_rescale": 4.112389701500706},
{"mapping": [1, 9, 3, 6, 4, 11, 12, 5, 3, 10, 8, 7, 0, 2, 14], "R": [[-0.8320277575777043, 0.38624433637151767, -0.39817725103418794], [0.5278977254230302, 0.7718407180993682, -0.3543810059484607], [0.1704517589038259, -0.5050516988435716, -0.8460904085154343]], "T": [0.05547930949338713, -0.04918776479064077, -0.09542454940257454], "aligned_model": [[0.21445685149500654, -0.36688060572322817, -0.455484671060762, 0.18594476434278384, 0.7777739305366952, -0.4515129575079592, -0.6822718605407722, 0.5340531003363498, -0.455484671060762, -0.4165910401605501, 0.5227837287011063, 0.1528453362025443, 0.0531327724050014, 0.25148852977284786, -0.0007187522841394997], [0.5883505231697286, 0.5736646093361497, -0.49743473659130977, -0.7773589224843664, -0.33804480619812416, -0.3933183825399744, 0.11055877931858107, -0.06833920178990682, -0.49743473659130977, 0.1965945182067529, 0.2680189827110543, 0.6714704118437475, 0.21731427337667766, -0.39407532262919054, -0.022687146001550088], [-0.5869285410471015, -0.28963299806463577, 0.41617634924656693, -0.0780339516758961, 0.09777116684780719, -0.3017379350745796, 0.035793283440666276, -0.4404846456712466, 0.41617634924656693, -0.718343064054264, -0.016847479888717695, 0.07141551323723798, 0.562928841214742, 0.5341426746112959, -0.14260280959002364]], "inverted": false, "swapped": false, "error_lsq": 0.05004906041460426, "error_max": 0.32665603046294095, "target": "253.xyz", "model": "21.xyz", "model_rescale": 4.186013935880536, "target_rescale": 4.112389701500706},
{"mapping": [12, 8, 13, 10, 0, 4, 11, 1, 3, 5, 9, 7, 14], "R": [[0.8983547514360612, -0.4182639045803126, 0.13421641739177842], [-0.3710379195259774, -0.8860783587997281, -0.2778416893495556], [0.23513741268902166, 0.19980102149891968, -0.9512044727406938]], "T": [-0.0468033257505042, -0.004599008680126235, -0.0513516010094273], "aligned_model": [[0.1344517769382039, -0.29690575275352216, 0.4234178464163349, 0.3862193510010734, -0.2048745025014562, 0.7121667374525242, -0.15803362404820603, -0.6450640612030463, 0.3717550689910734, -0.2459547262510106, -0.7303622232815955, 0.37567747184287403, -0.06391932718002206], [-0.5123303277923216, 0.18248431710199636, 0.24312172086136763, -0.477761487907121, -0.24838266658886016, -0.17996372143588396, -0.7075733375095448, -0.29191310466115017, 0.5995494002592261, 0.5301709974119038, 0.22378890944122187, 0.18795020819823077, -0.03018424783297126], [-0.5767530167370758, -0.6915560037425094, -0.5999601446792027, 0.06392753121305098, 0.688168976429222, -0.18569545711802887, 0.06860059536176076, 0.20770857469922838, 0.033783946392549155, 0.2079342536495402, 0.4847686737502133, 0.4552747446064394, -0.05332311248984149]], "inverted": false, "swapped": true, "error_lsq": 0.047729631153070946, "error_max": 0.37187848235735593, "target": "253.xyz", "model": "22.xyz", "model_rescale": 4.166573947596378, "target_rescale": 4.112389701500706},
{"mapping": [8, 0, 2, 11, 14, 3, 1, 9, 6, 4, 10, 7, 13, 12, 15], "R": [[-0.23165442267150949, 0.03816186815733369, -0.9720493301656414], [0.9671650158485499, -0.09834283002343147, -0.23435127458935873], [-0.10453736449425227, -0.994420615032555, -0.01412727230823746]], "T": [0.014798427412745525, -0.06714191115022493, -0.03794017148149187], "aligned_model": [[0.11393052601471305, -0.4607519726761897, -0.5727232347750424, 0.14135533717876095, 0.6945270137896817, -0.1415538468677938, -0.6357048139539011, 0.4762951646920872, -0.43251618506547534, -0.4844888055764292, 0.5629676959789937, 0.08461077958463618, 0.37443949783853403, 0.18125880174854261, -0.038111502456956145], [0.32735137818832527, 0.5805220076985471, -0.3937478520196911, -0.8305854644178495, -0.16388771831520244, -0.39189243132700424, 0.13734499284581614, -0.2412999284718741, -0.2962200612541698, 0.09259260993086331, 0.4143588172996902, 0.639248795066431, 0.36181698679039875, -0.5602871835417413, -0.038036105335578954], [-0.7369587777537475, -0.18333283991673094, -0.06886095798444797, -0.19035610565828348, 0.35523543925530715, -0.5191030524150471, 0.16973674089140905, -0.38019579636618017, 0.5334970259210551, -0.5527708767755747, 0.13120099620344625, 0.04882418355661, 0.5972493303494993, 0.3601553438450441, -0.004527900373941365]], "inverted": true, "swapped": false, "error_lsq": 0.04535750598083673, "error_max": 0.36421579287771644, "target": "253.xyz", "model": "23.xyz", "model_rescale": 4.274766983524099, "target_rescale": 4.112389701500706},
{"mapping": [8, 1, 9, 5, 0, 7, 13, 10, 12, 11, 14], "R": [[0.10690934690247761, -0.3929869579872234, -0.9133080763887038], [0.21732340570055708, -0.8871252625105348, 0.40716004955094276], [-0.9702272563062724, -0.24201243659688934, -0.009436718330005145]], "T": [-0.04546673920676126, -0.02961203215804009, 0.005791967809212817], "aligned_model": [[0.40580626297949723, -0.012675848816597342, -0.5168048865454583, -0.5301325305997971, -0.4895753592380705, -0.6250540832062691, 0.19774081114534542, 0.06691543663486466, 0.6434422766342834, 0.26734599984110957, -0.027113374870833033], [-0.3138313607297183, 0.6450565168823551, 0.5348238406592606, -0.08956941807134541, 0.5926325691302977, -0.14586937722763746, -0.7499910721486491, 0.04095331259190088, -0.11119169059987077, 0.5174154276567671, -0.004842216899877162], [-0.4664210379640164, -0.22075731692803227, -0.5100483688128605, -0.38711206206452026, 0.22232566730975334, 0.3562177370109914, 0.07892862742622138, 0.6438134622188676, 0.2980936604628119, 0.3577049743389056, 0.006821091023455746]], "inverted": true, "swapped": true, "error_lsq": 0.046219279143064826, "error_max": 0.2258869900210806, "target": "253.xyz", "model": "24.xyz", "model_rescale": 3.7841303162186577, "target_rescale": 4.112389701500706},
{"mapping": [1, 0, 12, 5, 3, 2, 9, 4, 14, 8, 6, 7, 11, 13, 15], "R": [[0.7561345254856562, -0.5655079918610556, 0.3293346178430954], [0.5456906293272604, 0.26706641936313597, -0.794290415851137], [0.3612233608627771, 0.7803052215574555, 0.5105305522465527]], "T": [-0.09597100582742576, 0.09214639997858559, -0.003908114957638206], "aligned_model": [[0.027388686281133334, -0.18653233410969458, -0.23200175228057984, 0.16656148259751954, 0.5651523729033828, -0.3093515897723727, -0.6112618109466836, 0.3912838746181343, -0.5823384555913647, -0.3641854090951918, 0.6100978251880538, 0.03907350547027047, 0.29469272810004454, 0.08179587036722155, -0.02684053827571109], [0.38855986071159815, 0.7568048270879872, -0.6298908516831381, -0.7120266930989041, -0.34200984185107336, -0.42222225420807374, -0.18354631572429914, -0.1598451871898089, -0.23722207390713773, 0.1830876964588041, 0.24415452456832762, 0.6972144979974686, 0.2776271155476967, -0.3179578764466865, 0.09455141487419953], [-0.6746970836075139, -0.3061625945667926, 0.1840539813818049, -0.23568618625704352, 0.149147833665921, -0.5125205822770503, 0.02078239321937105, -0.5096622690055228, 0.5292542191685389, -0.5227997203176364, -0.02357504583595303, 0.19220699621036225, 0.6304469278287363, 0.6381303710046454, 0.0008735121665505146]], "inverted": false, "swapped": false, "error_lsq": 0.04541724376996081, "error_max": 0.27792259948492376, "target": "253.xyz", "model": "25.xyz", "model_rescale": 4.19342608120988, "target_rescale": 4.112389701500706},
{"mapping": [12, 8, 13, 7, 4, 11, 3, 0, 2, 1, 5, 14], "R": [[0.9503177064462391, 0.28725211151643026, -0.11992698296927218], [0.062034569083081165, 0.20277358102375456, 0.9772587104126927], [0.3050376518619238, -0.9361458749939323, 0.17487976349025813]], "T": [-0.010574105142544036, 0.00537698932897651, 0.03471875300205942], "aligned_model": [[-0.22446928223714332, 0.52905145801558, 0.010855401542152112, -0.4032870593468417, -0.6026898927811136, -0.38151509792903643, 0.0021640159924627665, -0.32910123071778563, 0.5207323036755014, 0.1514924649906149, 0.33677170285008046, -0.012196229422690413], [-0.7133474687214525, -0.4402157203507879, -0.4048935153321072, 0.4965899478897492, -0.27273919823022086, -0.21173380246826723, 0.3235944779846384, 0.5525973259285168, 0.026877020593602155, 0.15674020691565468, 0.5060398583409632, -0.006732704809308867], [0.10086373710900953, -0.09818896206311167, -0.6092251374374633, -0.24226833021627228, -0.40900063043655105, 0.6145457096215188, -0.6331209444161645, 0.5147166975004149, -0.4517728836818694, 0.7117719822085161, -0.11210418602945241, 0.0630414090508461]], "inverted": true, "swapped": true, "error_lsq": 0.0536413203713326, "error_max": 0.2608502636126805, "target": "253.xyz", "model": "26.xyz", "model_rescale": 3.795458400668931, "target_rescale": 4.112389701500706},
