[{"mapping": [14, 12, 9, 13, 5, 8, 11, 0, 10, 6, 3, 1, 7, 15], "R": [[0.5904980062637994, -0.3646328279579756, 0.7199687530538025], [0.3407627332026686, 0.9213370424924303, 0.18713314455635185], [-0.7315687693298046, 0.13483677134472974, 0.6683009657591438]], "T": [-0.04804268898377607, 0.03278291018109894, 0.15488705525339372], "aligned_model": [[0.05186120046829384, 0.32180250129675503, -0.5138156346871581, -0.31285932658265103, -0.6041201519954004, -0.049143060456004896, -0.8041492853504738, -0.058163558451372506, -0.43896056263264516, 0.21805585234185065, 0.6854091941969563, 0.20698828657475976, 0.7313306494894364, -0.0627440030840422], [-0.7307289486804371, -0.4030393886535957, -0.37138121290405846, -0.29490649426311466, 0.3019982987476528, 0.3985462166750211, 0.07518031304742537, 0.5719892547537085, 0.6855013057749227, -0.1495714973227616, 0.42379774676357074, 0.779618673613381, -0.14735980290199893, 0.09562886716031861], [0.23850210372489727, -0.29715198954454725, 0.5082765438391589, -0.39759189332796296, 0.5450784123384834, -0.4407903275444972, -0.07321454511024908, 0.5482871817547017, 0.04134596940954402, 0.5947441939982218, 0.2860336713003965, 0.004302324420088155, 0.19476463077599673, 0.14500181114560204]], "inverted": true, "swapped": true, "error_lsq": 0.043509837291807636, "error_max": 0.2593669069171798, "target": "254.xyz", "model": "0.xyz", "model_rescale": 3.8414455957264533, "target_rescale": 4.0974498394223176},
{"mapping": [12, 7, 8, 3, 2, 1, 10, 13, 5, 11, 0, 6, 4, 9, 15], "R": [[0.3457042774527126, -0.927199695666235, 0.14418487059098561], [0.925309806217611, 0.31133195240345446, -0.21650445244885977], [0.15585350515283664, 0.20826218996518445, 0.9655757583755302]], "T": [-0.07664078515917516, 0.09529206996721644, 0.008373156509942976], "aligned_model": [[-0.7520596258038791, -0.6967213837996048, 0.015847506995175217, -0.23613210250139932, -0.44851051459140856, 0.24606466697670248, 0.6070254753014765, -0.2936093890822744, 0.5834720209448283, 0.3776834782582187, 0.42322191553371585, -0.2540761822941773, 0.28815532120422777, 0.03702172011732592, -0.02533875375438284], [-0.11480634300535834, 0.011674344437511308, -0.5742428147274453, -0.22523228945363194, -0.46122654711472594, -0.5122030717755784, -0.25153775432436404, -0.07804635144701862, 0.40232979036383054, 0.10308119175410967, 0.1019669862214018, 0.46693084901111964, 0.6951768987042488, 0.7268189476899979, 0.05636069170891726], [0.1836839819760406, -0.49159938873263953, 0.18665525197375146, -0.7531190345070475, -0.16988199686286323, -0.4067064275659758, 0.0720848771659488, 0.6452558792564633, 0.07104122593559292, 0.6557168505238172, -0.43400936971186665, -0.349309892977726, -0.35627654399537045, 0.31403938557245015, -0.002393010711040401]], "inverted": false, "swapped": true, "error_lsq": 0.04313319000947272, "error_max": 0.25461392664631827, "target": "254.xyz", "model": "1.xyz", "model_rescale": 4.316132596720782, "target_rescale": 4.0974498394223176},
{"mapping": [9, 13, 14, 0, 6, 5, 3, 10, 12, 11, 8, 15], "R": [[-0.5717001253394499, 0.4346106044189415, 0.6958969673834337], [-0.7209740752765688, -0.6709495832133591, -0.1732715774872394], [0.39160611520500277, -0.6007830551142586, 0.696924939445866]], "T": [-0.04062755150734931, 0.0063619177531862945, -0.13083707544265527], "aligned_model": [[-0.23544422149262367, 0.591120397401427, 0.1365322857973642, -0.592207971603114, -0.3950123470681267, -0.4958038462021334, -0.2991118550011017, -0.15094728488836934, 0.5296801369018685, 0.1637372422336128, 0.39761543427446416, -0.05234941572148712], [-0.6118301621610717, -0.19088536809724768, -0.6742571054854092, 0.3601940436722264, -0.2169677006983753, -0.047733855995350176, 0.5390125114505665, 0.5082890039007488, -0.1259602997904884, -0.11362037409190141, 0.5251677074196378, 0.061368027617644726], [0.1608172120424443, 0.08065576896095605, -0.45532861513614115, -0.0036700970560729906, -0.48022391597063385, 0.4382293121298874, -0.7287609101831163, 0.4415687444766458, -0.5647792492892336, 0.6237252782765792, 0.03468993018875155, -0.09766499723064559]], "inverted": false, "swapped": true, "error_lsq": 0.041460588009540285, "error_max": 0.20506241623965782, "target": "254.xyz", "model": "2.xyz", "model_rescale": 3.795458400668931, "target_rescale": 4.0974498394223176},
{"mapping": [14, 6, 7, 1, 13, 8, 3, 5, 0, 10, 12, 15], "R": [[0.45432894171365223, -0.7404323057839122, 0.4953233421441718], [-0.6061295919051426, 0.15053454792213972, 0.7809905682521284], [-0.6528339226313673, -0.6550567535972714, -0.38040572948937773]], "T": [0.10596519922547223, -0.0021936883796836023, -0.07651222709955227], "aligned_model": [[-0.3068582882210179, -0.16692037793395922, -0.6657522471672856, 0.18713822303037625, 0.14460316490001304, 0.20566534472582254, -0.3671532272530619, 0.760093410155693, 0.3892096029838742, 0.728024777600604, -0.4601852297778133, 0.14543867270032], [-0.0397635329042985, -0.46124217900106307, -0.1438962114866818, 0.049635256230232336, 0.6076043147168744, 0.5564682924315518, -0.2717113629396223, -0.3247452716171259, -0.4306571591360167, 0.11704868285725446, 0.4222014352841619, 0.004826780854442857], [-0.7307964903029823, -0.18761493261609002, 0.08422668140592587, 0.7211123198540553, -0.40726090659460656, 0.33162037850181914, 0.5650194400033578, -0.12151361897399454, 0.34986933385772623, 0.36003422393730444, -0.25094934960155935, -0.024975648831855657]], "inverted": false, "swapped": true, "error_lsq": 0.04506870745103944, "error_max": 0.2464272235214572, "target": "254.xyz", "model": "3.xyz", "model_rescale": 3.7530521520055578, "target_rescale": 4.0974498394223176},
{"mapping": [12, 9, 11, 5, 8, 4, 2, 6, 3, 0, 15], "R": [[0.014661260281373111, 0.8795986481945625, -0.4754905525257683], [-0.6650188947657169, 0.36369480306264595, 0.6522851828991733], [0.7466826079744637, 0.30664687886805864, 0.5902819450304506]], "T": [-0.1051437408725499, -0.13345249061861308, -0.030149694896152067], "aligned_model": [[-0.5688855050550317, -0.16810505613494797, 0.4683367232419174, 0.3724249722559553, 0.2863044265822348, -0.1184253295961242, -0.2635745599504472, -0.5040715613331022, -0.3286078790961334, 0.2105988130189555, -0.0477954414880715], [-0.6936611684981262, 0.14261554079677174, -0.3031702005664554, 0.33863403233966344, -0.6277518971060471, 0.6445448274163, -0.560106600445498, 0.23699894207005978, 0.0432550286617529, 0.3735936938479941, -0.1277488402020696], [0.016494193647177892, -0.6820695678806866, -0.5476833857188967, -0.3182656516502641, 0.2715985122470723, -0.17315732957637722, 0.49200058295965643, 0.0038825871019787864, 0.7616090649716062, 0.26787778712070215, 0.0005439840233476614]], "inverted": true, "swapped": true, "error_lsq": 0.0479074229639936, "error_max": 0.22492216110469798, "target": "254.xyz", "model": "4.xyz", "model_rescale": 3.7855080009869324, "target_rescale": 4.0974498394223176},
{"mapping": [13, 15, 10, 8, 11, 12, 6, 7, 9, 1, 14, 2, 5, 3, 4, 16], "R": [[-0.556841356444028, -0.6993492817021583, 0.44814984763608967], [-0.7910041578897558, 0.28184349190640146, -0.5430254766317366], [0.2534563590732998, -0.6568674358290885, -0.7101303019817033]], "T": [-0.017920679747162785, -0.03678289952900195, -0.0330902139571193], "aligned_model": [[0.15947126079882157, -0.5778520026071347, -0.7282456670771059, -0.40956883459233806, 0.6671997047324193, 0.501998901679485, 0.22475318345362866, -0.2681234004196498, -0.4939749598141975, 0.6585813274079904, -0.026979874002051575, 0.09267662564923555, -0.3170096784334368, -0.3149308191165087, 0.3233652619897301, -0.02699743424473558], [-0.5255734949331757, -0.6194961630068404, 0.11900130477859357, -0.20750326973050953, -0.18704546898883484, -0.4712486835381007, 0.17674009943534458, 0.557108475578849, -0.28776102834638173, 0.16811305606960114, -0.6376920962316377, -0.18522136717740162, 0.6680252358658739, 0.14685528443234808, 0.6064625136549566, -0.07642204379899926], [-0.5375537826607094, -0.19507871025591517, -0.07928510693513319, -0.5923541516182651, -0.407880084805063, 0.03006336380892139, -0.6001831455824728, -0.41526962865197153, 0.4330603202421096, 0.23795705255511473, 0.2775920463193799, 0.6821160115051192, 0.22938741892870174, 0.5673084868263013, -0.16255074174805856, 0.0020253518950535537]], "inverted": false, "swapped": false, "error_lsq": 0.036596171940613216, "error_max": 0.2292552443464975, "target": "254.xyz", "model": "5.xyz", "model_rescale": 4.2253639853439635, "target_rescale": 4.0974498394223176},
{"mapping": [3, 4, 10, 1, 0, 11, 8, 2, 9, 6, 5, 13, 12, 15], "R": [[0.6445023422873543, -0.6147975357162123, 0.45457751909150407], [-0.638272950624339, -0.7599447984166852, -0.12284764491321773], [0.4209802504719364, -0.21096893950697207, -0.8821948397468041]], "T": [0.09198343684367266, 0.08453086217748237, 0.04934594082340729], "aligned_model": [[0.64037345810507, -0.25504862840381654, -0.41475896434695264, 0.1719357654912873, -0.15717138968359012, -0.5666688720016544, 0.14449751511851064, 0.655111290230397, -0.32490383579529364, 0.27749867966821373, -0.5945482734798209, 0.06938841228067755, 0.6640481717153006, 0.06430882385945484], [-0.38431480257777395, 0.2574690638476334, -0.4879239346868375, -0.7085122637925283, -0.3096849166714739, 0.12257283002169772, -0.42752176374325535, -0.2547199196000416, 0.6521761949985133, 0.3301753431694368, 0.046150384188482545, 0.2866183748765355, 0.297223864659006, 0.02539069194559561], [-0.38366194535268316, -0.6402688321756411, 0.13453579023000495, -0.05150267191615811, -0.42827877135348746, 0.4855282532373296, 0.5222729240272737, 0.26745347011609677, -0.04636708869428127, -0.40096367463515925, -0.1979383390732814, 0.7137187939983745, 0.44755375688015375, 0.04947654364290717]], "inverted": true, "swapped": true, "error_lsq": 0.038435345984153435, "error_max": 0.2618102785898039, "target": "254.xyz", "model": "6.xyz", "model_rescale": 3.89814844738969, "target_rescale": 4.0974498394223176},
{"mapping": [6, 3, 2, 4, 12, 1, 0, 9, 5, 10, 8, 11, 15], "R": [[-0.27309865739790123, 0.9268893667733138, 0.25747470767053876], [-0.8936628241011746, -0.3435134002878613, 0.28873049828894876], [0.35606724104721693, -0.1512436629589391, 0.9221396175567917]], "T": [0.09800196272625093, 0.009294365860959372, -0.004817471271070607], "aligned_model": [[0.11052491272514225, -0.05332140937420239, 0.37881659546031277, -0.39385481136843137, 0.7912971553935934, -0.35139942121368617, -0.5369020883787081, 0.10324254966647639, -0.4882153134209408, -0.49639461187714307, 0.09767457964171865, -0.0602869373390975, 0.04745060098918897], [-0.3943916330800115, 0.26873287802176576, 0.5326414406420358, -0.5945249087088608, 0.19596988651632957, 0.602893569323038, -0.001835522102329859, -0.5933472232000588, -0.25857705053524543, 0.39419569836666174, 0.6932534817024779, 0.06879157242530536, 0.04997907609937743], [-0.37144624280823857, -0.790843296377024, -0.36122446880519177, -0.14405327299074747, -0.12955665825509005, -0.3067422946261772, -0.21068768534250265, 0.3719753860973268, 0.3394826519918282, 0.2956710349890122, 0.13945786359006504, 0.7677948321869049, 0.002447181186130144]], "inverted": false, "swapped": true, "error_lsq": 0.046244290125379596, "error_max": 0.35174352687135646, "target": "254.xyz", "model": "7.xyz", "model_rescale": 3.7474275329858107, "target_rescale": 4.0974498394223176},
{"mapping": [6, 4, 0, 3, 10, 2, 7, 12, 1, 8, 14, 13, 9, 11, 15], "R": [[0.2076381811593343, -0.8949920176384446, 0.39481093461087124], [0.8155976193472018, 0.3812321572392141, 0.4352729782583713], [-0.5400804653382874, 0.23162756884749558, 0.8091117106492638]], "T": [0.0027164450217701547, 0.014517122856234119, 0.012367123248009999], "aligned_model": [[-0.31254191967545875, 0.16637217414769817, 0.3802045737984592, -0.26803837712437845, 0.7321655014145191, -0.29851961265743043, -0.6908642775578386, -0.568738908082531, 0.32222460569249456, 0.2470262116759388, -0.5889550902103372, -0.030753102967205348, 0.07249537290738761, 0.583935100180773, 0.056141470796656344], [0.08143214703860198, 0.2501476252955847, -0.2619474607903742, -0.7111185090561319, -0.22176549074696073, -0.5275556384539665, -0.35858065048577814, -0.033373874170971075, -0.7218009330950018, -0.39620215139319653, 0.5128197602359875, 0.2805624279974262, 0.6971549991729526, 0.4223590397170813, -0.023013329285660716], [-0.42771287989187295, -0.7249269020158684, -0.4637417090363349, -0.31655301638060696, 0.07420777893584089, 0.32089414885547723, -0.1332634079690431, 0.4620459761744221, -0.022710974490616664, 0.5225023673246134, 0.05163413302981855, 0.6533358205566091, -0.17287228136732316, 0.36075614528218236, 0.013199456688964762]], "inverted": false, "swapped": true, "error_lsq": 0.0419525033600308, "error_max": 0.3104989615005499, "target": "254.xyz", "model": "8.xyz", "model_rescale": 4.019505241142653, "target_rescale": 4.0974498394223176},
{"mapping": [13, 8, 12, 14, 9, 6, 3, 11, 5, 10, 1, 0, 15], "R": [[-0.6360930563165164, -0.28477980183321755, 0.7171374262815648], [0.6520347446835911, 0.2985879878964004, 0.6969188655857895], [-0.4125970375939674, 0.910903769863652, -0.004243420421054689]], "T": [0.08546096186607494, -0.07353832229310073, -0.06040847414043882], "aligned_model": [[-0.3669294330482183, -0.5807818181542272, -0.08340759560285477, 0.44902661473019934, 0.43121414894447485, 0.6120376191320591, 0.2487947292849912, -0.3207735081690642, 0.21020885138692957, -0.3381734551085787, -0.24624364658276077, 0.2534983064030276, 0.05122995852519839], [-0.5012584912181313, 0.13792049734867787, -0.07251118970449062, -0.47265784276722, -0.6793143061225011, 0.03175504922189168, 0.7462673634871124, -0.6417239783631794, -0.32581138239561913, 0.0287848105875341, 0.589278525155975, 0.26846172587351536, -0.045812552989506025], [-0.36885550953512714, -0.055795748458791435, -0.7693148108690955, -0.6157878458448026, 0.07622020887290201, -0.15614872729492654, -0.15676417066502493, 0.3106220913376378, 0.6139390865884431, 0.573479152565878, 0.2496336144014732, 0.48768731260890574, -0.012211159663592798]], "inverted": true, "swapped": true, "error_lsq": 0.043220841332457106, "error_max": 0.3186365864351083, "target": "254.xyz", "model": "9.xyz", "model_rescale": 3.877068213659057, "target_rescale": 4.0974498394223176},
{"mapping": [4, 3, 6, 13, 7, 1, 2, 14, 12, 8, 5, 0, 10, 11, 9, 15], "R": [[-0.833980877777789, -0.04468282526388309, -0.5499812184315261], [-0.29532319806803625, 0.8780917781946552, 0.37648245344214376], [0.4661116863841285, 0.47640137929416815, -0.7455076268038833]], "T": [-0.08229222210952775, -0.03990938144298163, -0.0777087953252431], "aligned_model": [[0.1426303384460808, -0.41418420142017603, -0.6986410208445557, -0.46338890054002957, 0.669790544837978, 0.4901078732902638, 0.23657271133888624, -0.3090641504341369, -0.48176573408947837, 0.5867201780138773, -0.07417835402466938, 0.14069470894474767, -0.42511380655684, -0.052004547409791796, 0.1779972137738124, -0.061809257921816144], [-0.5120237010354977, -0.5612663499488622, -0.028100155336590507, 0.07253404736106907, -0.2551077939353052, -0.6343668345962641, 0.186003111064595, 0.6115517715736773, -0.24712775077799687, 0.23551649073612063, -0.7480936380450753, -0.23148017214281819, 0.5428359535107893, 0.31383424529293064, 0.5610956374051639, -0.06146250706225108], [-0.5073698137266979, -0.22191686787266873, -0.06099725435787849, -0.7408530428096787, -0.31083477915839697, 0.19040513079620452, -0.6140333779200162, -0.44335125083708454, 0.5186775529005286, 0.19040672683563392, 0.25305496642651076, 0.6621178711064457, 0.1369817151462956, 0.5692868612047761, -0.15948703684782536, 0.007267298936964192]], "inverted": false, "swapped": false, "error_lsq": 0.03825986919863238, "error_max": 0.2562146962553219, "target": "254.xyz", "model": "10.xyz", "model_rescale": 4.260839863003843, "target_rescale": 4.0974498394223176},
{"mapping": [1, 10, 13, 8, 12, 2, 3, 0, 9, 14, 6, 15], "R": [[0.543368412107806, -0.6653587081605847, -0.5119067866304563], [-0.29736948072505986, 0.41769242713889554, -0.8585478601942509], [0.7850618833294289, 0.6187332428322374, 0.029103497342307334]], "T": [0.04384079420288707, -0.041483711342522246, 0.07324773075337107], "aligned_model": [[0.2603310010189723, 0.36767119224821815, -0.5343287243672576, -0.25842656962240257, -0.6313584424792954, -0.35647217298653006, 0.21440278781283645, 0.654431480406353, 0.21606134735861116, -0.3061034737506055, 0.261272547919279, 0.07141767553595153], [0.06288058213371878, -0.5255343093760366, -0.4174436752998454, -0.2660999143664532, 0.2263694307809759, 0.30464093185669927, 0.6436811006455629, 0.0006868107104135088, -0.32648819760663994, 0.17189451283666768, 0.36456742023450717, -0.06607618701663609], [-0.6933814506608841, -0.42932421226029216, 0.15759996402145973, -0.5156474667791874, 0.13178424923032064, -0.3736551962911707, -0.38446559548772874, -0.1932297252325801, 0.701172670424803, 0.7304625851604903, 0.3654493343720464, 0.01941292089822768]], "inverted": false, "swapped": true, "error_lsq": 0.044584430384460826, "error_max": 0.26512281363391904, "target": "254.xyz", "model": "11.xyz", "model_rescale": 3.890672605050136, "target_rescale": 4.0974498394223176},
{"mapping": [6, 4, 0, 7, 3, 13, 9, 12, 14, 11, 1, 5, 8, 15], "R": [[-0.44888653057767036, 0.08486347770472741, -0.889549927107974], [-0.018097035823104672, -0.9961393916252905, -0.08589999852627198], [-0.893405495819429, -0.022461135417772067, 0.44868933287452356]], "T": [0.052168675001645556, -0.020116128809312107, 0.13110323351546294], "aligned_model": [[0.3693787063051537, 0.1345547394936013, 0.2729496692066121, 0.7487169453224263, 0.8667414978488976, -0.41556346368955277, -0.3915174293817203, 0.1782624863048728, -0.017172391673683604, -0.7037527693910539, 0.43281463160106837, -0.30426596485590846, -0.012315987796568992, 0.05104516549954937], [-0.19037886732323828, 0.2320085675576883, 0.5599072279979798, -0.4088954674352363, 0.15764413482988263, -0.3497794549458961, -0.20156758178152848, -0.61799189340785, -0.7519512723314007, 0.1988211584961301, 0.580912829952043, 0.4642432266316075, 0.2177102612622767, 0.04146965032530668], [-0.2786823958697841, -0.6142511016196779, -0.11473865004640837, 0.20276599790603453, 0.24475228638940216, 0.5251716587865836, -0.3936778798762952, 0.5282313738099716, -0.11288808038540754, 0.20967994165525664, 0.504403466104071, -0.283985585607459, 0.7852407481261188, 0.15276865598445477]], "inverted": false, "swapped": true, "error_lsq": 0.04481840049780063, "error_max": 0.29508351929515353, "target": "254.xyz", "model": "12.xyz", "model_rescale": 4.124412569039231, "target_rescale": 4.0974498394223176},
{"mapping": [11, 13, 14, 10, 9, 5, 8, 0, 12, 1, 6, 7, 15], "R": [[0.5765661630991201, 0.59515337486536, -0.5597891745608621], [-0.6505375855872125, 0.7489164521582481, 0.1261942844389683], [0.4943402768412861, 0.2914045436726668, 0.8189695248416793]], "T": [0.1611015959235037, 0.12781998909530815, -0.034291176359479966], "aligned_model": [[-0.24067130844656204, -0.09858281798927093, 0.7375614323339431, -0.4472234878729865, 0.5424723486396018, 0.11256308925471997, -0.49961493686208225, 0.09469031254200175, 0.2199486072561427, -0.3533785528458643, 0.6670014171576248, 0.522840080612769, 0.10969212372972023], [-0.17044145294329047, 0.5043566964385763, 0.5047157415194585, -0.3396040126614742, -0.1708244323918843, -0.5775669791744829, 0.3411428302010706, -0.4032976788306879, 0.8505878362190027, 0.0044328522634028145, 0.07738952842003599, 0.6314808220946854, 0.09511362535406459], [0.5781985871750587, 0.4887052855344871, 0.3200621372852841, -0.09090443509803138, 0.4858482900037693, 0.1501582850653414, -0.11530093094525999, -0.4331810581738155, 0.03788574085392864, -0.6389117252846972, -0.23192215988145054, -0.5411791845293998, -0.057760751037375525]], "inverted": false, "swapped": true, "error_lsq": 0.048830336869385156, "error_max": 0.31521165872994394, "target": "254.xyz", "model": "13.xyz", "model_rescale": 3.9028299243045295, "target_rescale": 4.0974498394223176},
{"mapping": [10, 7, 3, 4, 13, 14, 5, 0, 6, 12, 9, 11, 2, 1, 8, 15], "R": [[0.8343281162608993, 0.4822095450633521, 0.26715266995921033], [0.43394187236743154, -0.27560535923535306, -0.8577506265617064], [-0.33998683183733375, 0.8315741942908926, -0.43919621306047885]], "T": [-0.056298944637769244, 0.02356645446317889, -0.030458950535599803], "aligned_model": [[0.09909066302506825, -0.4966571376302546, -0.6667289135241274, -0.285419532736419, 0.6802848241642703, 0.49491822243909894, 0.2522973750832926, -0.4694251614389138, -0.533015544710173, 0.5663180430497354, -0.1926465700113959, 0.2938363632784384, -0.29564916884641246, -0.09226940006293582, 0.20278807193451193, -0.0933585386096315], [-0.5586764761120397, -0.7425171288999504, 0.06653962620291737, -0.05316716275992501, -0.1356263706557238, -0.6529139324776991, 0.15771417909253518, 0.574390139082294, -0.15856508644620249, 0.24570249519324916, -0.6592892795794015, -0.2514218833516169, 0.6630384245747261, 0.112484290885151, 0.7176120983072012, -0.08096157899182982], [-0.4688649743018626, -0.23002989281696207, -0.1496982260876507, -0.6636879628051701, -0.28492574161703016, 0.11645794293490916, -0.41630157789361383, -0.492125937333361, 0.3984672054290596, 0.18689779542042603, 0.31007420204106795, 0.5591539466725638, 0.24510744648826302, 0.6121906432908863, -0.24882039782525942, -0.004539771773153109]], "inverted": false, "swapped": false, "error_lsq": 0.03929999289298976, "error_max": 0.2707533890000038, "target": "254.xyz", "model": "14.xyz", "model_rescale": 3.942246331269136, "target_rescale": 4.0974498394223176},
{"mapping": [8, 2, 1, 7, 6, 3, 5, 10, 11, 0, 4, 9, 12, 14, 15], "R": [[-0.46741209958657637, -0.021749833756793763, 0.8837719580817329], [-0.45604228025736804, 0.8623447018106967, -0.21997057502466363], [-0.7573317422224748, -0.5058542873106571, -0.41298919142236473]], "T": [-0.12229502194814151, -0.02395037046165759, 0.04742867536886452], "aligned_model": [[-0.6815599769051046, -0.3401257172819581, -0.17878376219887582, 0.2042618771387703, 0.38713407567669017, 0.2642424167359481, 0.0319355349159208, -0.3808820778836685, -0.613345695278351, 0.23218517682076945, 0.5440625689109839, 0.04035632749118273, -0.40027336789130213, 0.002860185311626018, -0.13777352903042184], [0.015144227314046865, -0.4691480165498189, 0.1877449420743678, -0.6979623441762705, -0.1972299352715778, -0.2947186054777307, 0.6678794570591484, 0.6220490680522928, 0.4934190684291344, 0.42513475592454186, 0.362446439909764, 0.18707374803375032, -0.6959316445698541, -0.5293001666085452, 0.021543695738400873], [-0.370075664912085, -0.43643474608259125, -0.7255359642305915, -0.23635446327304555, 0.13682695862381067, -0.6492183469253417, 0.22500342170494242, -0.28054560106388676, 0.3890763957641161, -0.2964839756005724, 0.22790714246282745, 0.7063600571682986, 0.09470494205379296, 0.6209096076681043, 0.003222717002737664]], "inverted": true, "swapped": true, "error_lsq": 0.03767351952766742, "error_max": 0.2403748291243272, "target": "254.xyz", "model": "15.xyz", "model_rescale": 4.355366556412066, "target_rescale": 4.0974498394223176},
{"mapping": [9, 13, 14, 0, 6, 5, 3, 10, 12, 11, 8, 15], "R": [[-0.5717001253394499, 0.4346106044189415, 0.6958969673834337], [-0.7209740752765688, -0.6709495832133591, -0.1732715774872394], [0.39160611520500277, -0.6007830551142586, 0.696924939445866]], "T": [-0.04062755150734931, 0.0063619177531862945, -0.13083707544265527], "aligned_model": [[-0.23544422149262367, 0.591120397401427, 0.1365322857973642, -0.592207971603114, -0.3950123470681267, -0.4958038462021334, -0.2991118550011017, -0.15094728488836934, 0.5296801369018685, 0.1637372422336128, 0.39761543427446416, -0.05234941572148712], [-0.6118301621610717, -0.19088536809724768, -0.6742571054854092, 0.3601940436722264, -0.2169677006983753, -0.047733855995350176, 0.5390125114505665, 0.5082890039007488, -0.1259602997904884, -0.11362037409190141, 0.5251677074196378, 0.061368027617644726], [0.1608172120424443, 0.08065576896095605, -0.45532861513614115, -0.0036700970560729906, -0.48022391597063385, 0.4382293121298874, -0.7287609101831163, 0.4415687444766458, -0.5647792492892336, 0.6237252782765792, 0.03468993018875155, -0.09766499723064559]], "inverted": false, "swapped": true, "error_lsq": 0.041460588009540285, "error_max": 0.20506241623965782, "target": "254.xyz", "model": "16.xyz", "model_rescale": 3.795458400668931, "target_rescale": 4.0974498394223176},
{"mapping": [6, 3, 2, 4, 12, 1, 0, 9, 5, 10, 8, 11, 15], "R": [[-0.27309865739790123, 0.9268893667733138, 0.25747470767053876], [-0.8936628241011746, -0.3435134002878613, 0.28873049828894876], [0.35606724104721693, -0.1512436629589391, 0.9221396175567917]], "T": [0.09800196272625093, 0.009294365860959372, -0.004817471271070607], "aligned_model": [[0.11052491272514225, -0.05332140937420239, 0.37881659546031277, -0.39385481136843137, 0.7912971553935934, -0.35139942121368617, -0.5369020883787081, 0.10324254966647639, -0.4882153134209408, -0.49639461187714307, 0.09767457964171865, -0.0602869373390975, 0.04745060098918897], [-0.3943916330800115, 0.26873287802176576, 0.5326414406420358, -0.5945249087088608, 0.19596988651632957, 0.602893569323038, -0.001835522102329859, -0.5933472232000588, -0.25857705053524543, 0.39419569836666174, 0.6932534817024779, 0.06879157242530536, 0.04997907609937743], [-0.37144624280823857, -0.790843296377024, -0.36122446880519177, -0.14405327299074747, -0.12955665825509005, -0.3067422946261772, -0.21068768534250265, 0.3719753860973268, 0.3394826519918282, 0.2956710349890122, 0.13945786359006504, 0.7677948321869049, 0.002447181186130144]], "inverted": false, "swapped": true, "error_lsq": 0.046244290125379596, "error_max": 0.35174352687135646, "target": "254.xyz", "model": "17.xyz", "model_rescale": 3.7474275329858107, "target_rescale": 4.0974498394223176},
{"mapping": [6, 9, 14, 5, 3, 1, 7, 13, 0, 2, 10, 11, 8, 15], "R": [[0.04487253882649239, -0.924997919305843, 0.3773132710879997], [-0.02355336132191377, -0.3785683254439969, -0.925273614743751], [0.9987150216301467, 0.0326323803972291, -0.03877413209739489]], "T": [0.095674196656208, 0.0004796391626792143, -0.03299279163719101], "aligned_model": [[0.4461213244610722, 0.14286447953036294, 0.752174037606289, -0.4270715317450646, 0.2744942583375968, -0.3288437806540433, 0.7327382957493724, 0.12625174659898838, -0.28675157383801864, 0.2898387268685911, -0.6636724657748958, -0.4388536289579379, -0.24167835114904837, 0.0372361108496121], [-0.3339784368232889, 0.23666695764851683, 0.2964304538969578, -0.09525307306240383, -0.6898336125361825, -0.4353456022324804, -0.3525081486157659, 0.6779971436664628, -0.5363605185653214, -0.06183079295916644, -0.05949695404033239, 0.536611150480936, 0.19572058032514017, -0.01841090567183829], [-0.28371269941793076, -0.7016973854377985, -0.3182009545136709, -0.534511003372958, 0.41370028233952544, 0.4917176648044746, 0.3001939040084711, 0.11792516783152501, -0.13864670150262662, 0.628968318842085, 0.07445543115794492, -0.2618335029263147, 0.5472569692029041, -0.010820772353975897]], "inverted": true, "swapped": true, "error_lsq": 0.03389306017371153, "error_max": 0.23954684439470333, "target": "254.xyz", "model": "18.xyz", "model_rescale": 3.922800546911778, "target_rescale": 4.0974498394223176},
{"mapping": [12, 14, 13, 2, 5, 7, 9, 1, 6, 8, 11, 10, 3, 0, 15], "R": [[-0.12814672965131946, -0.6025374135662265, 0.7877354130243186], [-0.9907667047853193, 0.11323204662436048, -0.07456433669053175], [-0.04426909044143518, -0.7900171953003181, -0.6114843242155168]], "T": [0.04725934691602146, -0.02529404567090976, -0.03919568036656355], "aligned_model": [[-0.1688698295797956, -0.4135008298877022, 0.38543129656052305, -0.030612635066682534, 0.3539600506593731, -0.6098226270366627, 0.005610645144039694, 0.28416282195859854, -0.46135880617006614, 0.5341854011058518, 0.727059789492021, 0.6810995100932127, -0.36853514217632005, 0.08583050740377107, 0.09141068438745616], [0.43047256658934263, -0.2038473872693138, 0.0949551735889262, 0.6628659701324954, -0.6062042585733836, 0.4326288691810032, -0.6858827515331599, 0.4367241195070267, -0.19304005456051676, 0.4755573668217379, -0.37153028304939173, -0.05137208090308858, 0.47961878637647903, -0.17040496842943048, -0.012929562844147244], [-0.5651527253551137, -0.6356362773723228, -0.6341083157179866, -0.05130821941935757, 0.28084551748665754, -0.03541383037578764, -0.29816508649256696, 0.5739080431210054, 0.06426792187790839, -0.01338033750749796, -0.24780270596005496, 0.39590919168300326, 0.49016400561630763, 0.6112385278606638, 0.007293457718471175]], "inverted": false, "swapped": true, "error_lsq": 0.03583283757336287, "error_max": 0.2550857432048535, "target": "254.xyz", "model": "19.xyz", "model_rescale": 3.9282355846067225, "target_rescale": 4.0974498394223176},
{"mapping": [1, 0, 4, 10, 8, 5, 11, 9, 13, 12, 6, 2, 14, 15], "R": [[-0.894758472717883, -0.4351166613305614, 0.10040302053278682], [0.09524778882672331, -0.40562974857574163, -0.9090612552485123], [0.43627415030366123, -0.8038270946558884, 0.40438455419797165]], "T": [-0.013864061644268698, -0.11810952613062005, 0.12208291345340005], "aligned_model": [[-0.702627813060237, -0.12046210891677042, 0.48894362980802963, -0.4212984073347982, -0.6597547654855657, 0.22526642064891542, 0.03064825068797828, 0.6366214154917635, -0.07628000523789469, -0.12415392046759541, 0.3239020374195687, -0.5454551949530941, 0.5363942538016787, -0.05922097331730237], [-0.5046657864028528, -0.6772209374629518, -0.6601555532953126, -0.1927477097675414, 0.13131852046677522, -0.29093493090475603, 0.36766667368316047, 0.03968510999306478, 0.5730832240342735, 0.26905071951451315, -0.4666252420296668, -0.0953261507665938, 0.16614616476063393, -0.13639201439791027], [-0.02508695294494065, -0.22668758356869456, -0.15948047354277262, -0.526126976593366, 0.02602876292521822, -0.5464201586093052, -0.5004644362902284, -0.11697085210366256, 0.15521926908504902, 0.7295439658590386, 0.37105424560043704, 0.5655541654249605, 0.587203446820038, 0.07881673518191111]], "inverted": true, "swapped": true, "error_lsq": 0.03680604634448139, "error_max": 0.2878368935065141, "target": "254.xyz", "model": "20.xyz", "model_rescale": 4.067790424073018, "target_rescale": 4.0974498394223176},
{"mapping": [13, 10, 12, 14, 2, 1, 7, 11, 8, 5, 4, 6, 9, 0, 15], "R": [[0.914640077654266, 0.05253403815883618, 0.4008412443640555], [-0.07225864245604599, -0.9543096985958172, 0.2899511816778304], [0.3977589935362968, -0.29416521548389585, -0.8690538585498057]], "T": [0.05323836722616091, -0.015025319010567573, 0.007261867950947411], "aligned_model": [[0.1924262248530267, 0.04095586898704751, -0.23471573424030903, 0.33751493605215754, -0.5958776701941362, -0.5375098055718674, -0.4835924332490755, 0.5569756578418771, -0.3397997050729159, 0.5400641517471433, 0.4402430524513624, 0.09053588879782698, 0.7454331990950457, -0.01810939154496504, 0.03389971395529695], [-0.09212924561122142, 0.7538757144304116, -0.5221015680470723, -0.7249282680280773, -0.12530591952856907, 0.5061515775503513, -0.5734239018480163, 0.436586790341379, 0.36656104119611554, 0.4535310933355254, 0.0323885669819103, -0.3586309039175031, -0.16065588674258252, 0.4018837375646058, 0.047092312250590254], [-0.6690686065596599, -0.012486728701216003, -0.429798713740815, -0.11581232704338598, -0.20782305863369988, 0.16496873534383424, 0.2108991267608879, -0.4023969042696901, -0.4269367904985347, 0.2854774488037771, 0.6956561649016176, 0.429257084798095, 0.07679789068280893, 0.5236976426812785, 0.012818609095842988]], "inverted": false, "swapped": true, "error_lsq": 0.04368115977216546, "error_max": 0.2983644553875871, "target": "254.xyz", "model": "21.xyz", "model_rescale": 4.186013935880536, "target_rescale": 4.0974498394223176},
{"mapping": [13, 12, 9, 10, 1, 11, 8, 2, 4, 6, 3, 0, 15], "R": [[-0.7396449653582409, 0.538373365402122, -0.4038309604844582], [-0.6298019217858531, -0.3422027244826358, 0.6973140143948835], [0.23722323776361595, 0.7700983150106582, 0.5921771024640285]], "T": [0.002051754373628354, 0.042229976741180876, -0.0975646599191524], "aligned_model": [[0.0015572850197099067, -0.568429739670023, 0.4857736808158526, 0.43407404605368904, -0.1595478059546055, 0.6292687985438246, -0.14013527474471832, -0.6093311866873481, 0.41289609899079904, -0.12325520413681197, -0.5645801210487569, 0.23746524214230322, 0.022818216099310545], [-0.3809200048895362, -0.08749016453154718, 0.39611916442741185, -0.4181113471291088, -0.32365464754321666, -0.3683252224471827, -0.6287027295608797, -0.26116324441194794, 0.6570395936194433, 0.5702448250480279, 0.18852197586514244, 0.17072243304131737, 0.0046760280581698704], [-0.6486409110003624, -0.5320636689616841, -0.4796022846357656, 0.34197176756802083, 0.5992095079501395, -0.349692153162754, 0.03751940256188334, 0.020496422867353023, 0.18372428500308285, -0.04247970505071737, 0.5070597449944976, 0.5137288473324189, -0.04835169413076694]], "inverted": true, "swapped": true, "error_lsq": 0.041343401713466524, "error_max": 0.27018971420749865, "target": "254.xyz", "model": "22.xyz", "model_rescale": 4.166573947596378, "target_rescale": 4.0974498394223176},
{"mapping": [1, 6, 12, 5, 0, 4, 7, 13, 12, 8, 2, 3, 14, 9, 10, 15], "R": [[0.6918958450481879, 0.7200584748819862, 0.05287657662597117], [0.11673709341643712, -0.039296784054049363, -0.9923851136447441], [-0.7124974320134327, 0.6927997946835995, -0.11124681505834824]], "T": [-0.03085844031433608, -0.05113883292919455, 0.09219344023183958], "aligned_model": [[0.04490711124939983, -0.5336272574128458, -0.6646343648240504, -0.13129642696665741, 0.550983730543111, 0.5609723522038786, 0.30174086318135346, -0.3469849425253767, -0.6646343648240504, 0.7336512916131753, -0.08961880241181941, 0.18734043919879384, -0.5230168426079698, 0.05216137767413256, 0.01684279938348853, -0.030423368070410434], [-0.5801509568167451, -0.5265290953561957, -0.05130784796337452, -0.037712262002008876, -0.2759977228492918, -0.48377659541204865, 0.2645281988454711, 0.46134878993205175, -0.05130784796337452, 0.1508840982191611, -0.7164802440825799, -0.3306243955252388, 0.5674402172989689, 0.30603487152262954, 0.6371271864997141, -0.0891340402834529], [-0.3795107200671418, -0.22456395417248382, 0.25865485971092467, -0.7329089287089549, -0.4347353316850197, 0.14132991208000084, -0.45655210737193846, -0.5029818363964712, 0.25865485971092467, 0.26187179860301657, 0.1739079777370238, 0.5776867164938817, 0.12562738841100557, 0.5675709964452316, -0.1992781901798602, 0.03458125921297378]], "inverted": true, "swapped": false, "error_lsq": 0.04793306974918853, "error_max": 0.4086091020079615, "target": "254.xyz", "model": "23.xyz", "model_rescale": 4.274766983524099, "target_rescale": 4.0974498394223176},
{"mapping": [2, 13, 14, 6, 9, 4, 0, 5, 10, 11, 15], "R": [[0.7048716220427713, 0.5034962384002779, -0.49964741003588087], [-0.2477664875781473, -0.4852597096182301, -0.8385313243131823], [-0.6646561246780028, 0.7148528185144142, -0.2172963041333597]], "T": [-0.003596121035052975, 0.043737313074234854, -0.13826453780588435], "aligned_model": [[0.34931499985190323, 0.26184519393992084, -0.5478418166204428, -0.49258948945217357, -0.46741381257877934, -0.5437216775684616, 0.019404694864195875, -0.0735498048847846, 0.5333806097364618, 0.29669359361743874, 0.04437221305279643], [-0.14561529709737842, 0.6667033694196827, 0.4749399020029249, -0.17876411126361585, 0.4317988773760581, -0.27197008712808773, -0.49656227977102235, 0.003612262521391546, -0.13111281959854, 0.5492650591905134, 0.01329165559155706], [-0.7033966429868519, -0.2938132019129607, -0.48146065115612624, -0.2326809979608976, 0.23517699349986035, 0.3459881149306173, 0.2530880985677568, 0.5879894314695839, 0.3840697304300592, 0.3906899499414246, -0.106084390800888]], "inverted": true, "swapped": true, "error_lsq": 0.039649157920859886, "error_max": 0.2186976806773625, "target": "254.xyz", "model": "24.xyz", "model_rescale": 3.7841303162186577, "target_rescale": 4.0974498394223176},
{"mapping": [8, 4, 3, 5, 8, 0, 9, 12, 6, 10, 1, 7, 13, 11, 14, 15], "R": [[-0.3629333618780117, 0.6060177825281133, -0.7078289497439566], [-0.1397192213656911, 0.7156436875783301, 0.6843483408398494], [0.9212805837620205, 0.3472701537549665, -0.17505863673099006]], "T": [0.03150691929124787, -0.05677022589091329, -0.022782444104732517], "aligned_model": [[0.3175570907661022, -0.5054250525622794, -0.7619840960040822, -0.6101807707234663, 0.3175570907661022, 0.4640506532039104, 0.32412794468916195, -0.23632104885654093, -0.4884814408190918, 0.6448729883542491, 0.09568035880003732, 0.23112151482044146, -0.34793882742577503, -0.21551394131607576, 0.26134076464851613, -0.026099632937056944], [-0.4641851198682727, -0.5211953765453923, 0.07216828861074859, 0.014446781639233748, -0.4641851198682727, -0.5750279833976762, 0.2294265267895147, 0.4526705859317507, -0.3400035634404798, 0.29903217452764397, -0.7940819809276094, -0.18650498932357834, 0.6188192160844869, 0.2962413529234955, 0.6801234053118592, -0.0734018443837666], [-0.34160243595512835, -0.2523857539663341, 0.02964613356853633, -0.6165027416908218, -0.34160243595512835, 0.2698688234280536, -0.4406401504790136, -0.5166550442309471, 0.3912434416721377, 0.2972828968114512, -0.0955116634702842, 0.5823030577121976, 0.0849200556841251, 0.6126631387821593, -0.205711780548194, 0.012039158460303848]], "inverted": false, "swapped": false, "error_lsq": 0.04973638286325736, "error_max": 0.3973540283312566, "target": "254.xyz", "model": "25.xyz", "model_rescale": 4.19342608120988, "target_rescale": 4.0974498394223176},
{"mapping": [9, 13, 14, 0, 6, 5, 3, 10, 12, 11, 8, 15], "R": [[-0.5717001253394499, 0.4346106044189415, 0.6958969673834337], [-0.7209740752765688, -0.6709495832133591, -0.1732715774872394], [0.39160611520500277, -0.6007830551142586, 0.696924939445866]], "T": [-0.04062755150734931, 0.0063619177531862945, -0.13083707544265527], "aligned_model": [[-0.23544422149262367, 0.591120397401427, 0.1365322857973642, -0.592207971603114, -0.3950123470681267, -0.4958038462021334, -0.2991118550011017, -0.15094728488836934, 0.5296801369018685, 0.1637372422336128, 0.39761543427446416, -0.05234941572148712], [-0.6118301621610717, -0.19088536809724768, -0.6742571054854092, 0.3601940436722264, -0.2169677006983753, -0.047733855995350176, 0.5390125114505665, 0.5082890039007488, -0.1259602997904884, -0.11362037409190141, 0.5251677074196378, 0.061368027617644726], [0.1608172120424443, 0.08065576896095605, -0.45532861513614115, -0.0036700970560729906, -0.48022391597063385, 0.4382293121298874, -0.7287609101831163, 0.4415687444766458, -0.5647792492892336, 0.6237252782765792, 0.03468993018875155, -0.09766499723064559]], "inverted": false, "swapped": true, "error_lsq": 0.041460588009540285, "error_max": 0.20506241623965782, "target": "254.xyz", "model": "26.xyz", "model_rescale": 3.795458400668931, "target_rescale": 4.0974498394223176},
