[{"mapping": [6, 3, 2, 0, 11, 5, 1, 7, 9, 12, 13], "R": [[0.29931607020577994, 0.27050273691742177, -0.9150071909207886], [-0.08285823615634225, -0.9479806589969589, -0.3073551412759371], [-0.9505495267568274, 0.16781221495432186, -0.26133246582561465]], "T": [-0.002672391487640993, -0.058649368343922106, 0.0247059584133055], "aligned_model": [[0.05336168934318761, 0.0076994317467005274, 0.604103495160053, 0.4073761564280099, -0.32228711303635693, -0.6912173587357111, -0.2862461924311137, 0.4748928109011169, 0.5666175452616968, -0.04542909241026814, 0.06867686993251883], [0.025561543825794286, -0.409181799360031, -0.413414865875115, -0.6184671692366543, 0.5539839524336551, 0.02196364759308929, -0.5037906927483842, 0.5272908221269781, 0.10770171437040042, -0.09129833094196493, 0.0860944781928495], [-0.7331297680107275, -0.3628759631032491, -0.2870996068899031, 0.36216210776684443, 0.12262778889893113, -0.2782934313228631, 0.2581137863644795, 0.024475450758564693, 0.45479834030344546, 0.6010962061978169, 0.04703002703747027]], "inverted": true, "swapped": false, "error_lsq": 0.04615306158415186, "error_max": 0.2440104013690356, "target": "255.xyz", "model": "0.xyz", "model_rescale": 3.8414455957264533, "target_rescale": 3.770773719082436},
{"mapping": [10, 8, 11, 13, 5, 6, 9, 3, 0, 7, 14], "R": [[-0.7587713165681252, 0.5311859313068316, -0.37697161104673166], [-0.25582877852398467, -0.7752745497865546, -0.577495461914794], [-0.5990139607992456, -0.3417468051569017, 0.7241487388186564]], "T": [0.07469412778506959, -0.003458982025689214, 0.06751657761278619], "aligned_model": [[-0.030756322723681867, -0.1352021259470385, 0.8407859017521512, 0.3446054346810934, -0.2279992559842907, -0.6604890293930694, -0.31069609198798553, 0.3311626356941024, 0.5806542441766817, -0.028530989243533714, 0.13401384113540457], [0.14751520664641582, -0.6156542026551161, -0.26395305259639007, -0.7042881874083851, 0.5156717039880659, 0.08527877893057455, -0.48443642956700644, 0.7262138853671541, -0.04297946295771707, -0.11873744348941122, 0.041812504122432724], [-0.5916255142404734, -0.3857636580122463, -0.19990001721156403, 0.17159977477577382, -0.20304363979479267, -0.18079473700194415, 0.3601678264626025, -0.05568363781590689, 0.5851649734521381, 0.6912236031240513, 0.017559964263170948]], "inverted": false, "swapped": false, "error_lsq": 0.04802713013702988, "error_max": 0.21920537133089255, "target": "255.xyz", "model": "1.xyz", "model_rescale": 4.316132596720782, "target_rescale": 3.770773719082436},
{"mapping": [0, 4, 5, 3, 1, 2, 6, 9, 7, 10, 11], "R": [[-0.4885220986115054, 0.2749297696506272, 0.8281061411003203], [0.7708410889363007, -0.30870562491755166, 0.5572296230027276], [0.4088400356810824, 0.9105572243983993, -0.06111764328059721]], "T": [0.03613151163468967, 0.005007994896947393, 0.0556195080420203], "aligned_model": [[0.06297438042232975, -0.13159812845865707, 0.5795563944920037, 0.379419859472901, -0.18937385569902834, -0.675132260186978, -0.3550820473671288, 0.4908454139708692, 0.7844470658195013, -0.10052218996656578, -0.007986390339412959], [0.11829256808121458, -0.6135076099027716, -0.08683566323983585, -0.5308024839625196, 0.4897986095489646, 0.011604818367109665, -0.6366107328330111, 0.5906120171520463, -0.04426490495101723, 0.10121541568428546, -0.11305873356384832], [-0.6446376764696082, -0.37290697374193793, -0.2790654498938967, 0.2171040268728085, -0.037775634518026874, -0.38572585622401523, 0.38934592665287876, 0.07157887434727138, 0.5435304963230871, 0.6633247792166354, 0.04413242543561375]], "inverted": false, "swapped": false, "error_lsq": 0.04256443633818053, "error_max": 0.24767343125568853, "target": "255.xyz", "model": "2.xyz", "model_rescale": 3.795458400668931, "target_rescale": 3.770773719082436},
{"mapping": [4, 7, 0, 1, 5, 9, 8, 10, 2, 6, 11], "R": [[0.7305682000541721, 0.08205578927210039, 0.677891549229329], [0.3424523149292051, -0.9029097559423976, -0.2597698685830764], [0.5907592716743731, 0.4219251356235759, -0.6877373501997629]], "T": [0.09699753527672822, -0.0541238576589223, 0.04606101516614631], "aligned_model": [[0.19109510582186168, -0.14347055648220125, 0.7020358526756716, 0.3641659445339902, -0.28282360667441525, -0.7309449555548015, -0.41019103164693554, 0.4702587561358231, 0.6044335305563233, -0.0737692059461851, 0.14675840874070242], [0.22882113704981372, -0.5682339892360129, -0.31131355778183434, -0.5650571270693514, 0.5332957633458724, -0.042125400350570774, -0.5150403617177577, 0.5726968887262562, 0.13350881001546128, -0.07718094608443896, -0.10292791651682096], [-0.5214268794275387, -0.4649851335049671, -0.3781913116459559, 0.2987210184594369, -0.021011367635843985, -0.21646881495830828, 0.4213990906386958, -0.03629521291691091, 0.5892258190065455, 0.6096241326484282, -0.07168640266277229]], "inverted": true, "swapped": false, "error_lsq": 0.03784290772719259, "error_max": 0.21758305141304488, "target": "255.xyz", "model": "3.xyz", "model_rescale": 3.7530521520055578, "target_rescale": 3.770773719082436},
{"mapping": [9, 5, 3, 1, 6, 8, 7, 4, 2, 0, 10], "R": [[0.7709399105964619, -0.09227757843160621, -0.6301876726565809], [0.3963649147335463, -0.7049865079549095, 0.5881231826495287], [-0.4985443898167823, -0.703191916990192, -0.5069266409076081]], "T": [0.1233720190050285, -0.08013205613685154, -0.04078471228451913], "aligned_model": [[0.10700594488108778, -0.05008463285803602, 0.7635287348107042, 0.42989419795372164, -0.32216402089656526, -0.7348318477539302, -0.38882469254975727, 0.30581701213542933, 0.7242112579451092, -0.10420650454055297, 0.10720279303262316], [0.07996271093635227, -0.6982090700910599, -0.29523479144968323, -0.657560878567125, 0.49394678126815456, 0.02516015190778237, -0.3381713988075178, 0.5854232116240503, -0.010708530846655906, 0.16114338234937983, -0.05930826794306022], [-0.5618083067759319, -0.3655205075643367, -0.3929210176611871, 0.4036767367176242, 0.09436952639278146, -0.3471817848213782, 0.13305764981390894, 0.2111297860059374, 0.2682922459527394, 0.7143408164681633, 0.05146979347248845]], "inverted": false, "swapped": false, "error_lsq": 0.05045899874238462, "error_max": 0.27625168831921854, "target": "255.xyz", "model": "4.xyz", "model_rescale": 3.7855080009869324, "target_rescale": 3.770773719082436},
{"mapping": [12, 6, 8, 7, 2, 1, 4, 9, 10, 5, 16], "R": [[0.6615696061931797, 0.7371125826646577, 0.1378067365510081], [0.7162197507356721, -0.5666651957422051, -0.4073325724645402], [-0.2221596831505046, 0.3681787560572802, -0.9028230606107606]], "T": [0.11489381716721456, -0.011300139553322833, -0.10004153533307575], "aligned_model": [[-0.1691070608562664, 0.0670123396117035, 0.7352671018199399, 0.24710843464942372, -0.21444105233279867, -0.6335806990439238, -0.3631578871841227, 0.4110936031259721, 0.6571991744866489, -0.023125661128799352, 0.12327994901205629], [0.16514541064882854, -0.6421189656684566, -0.32406231875488434, -0.5871234449692798, 0.6461292838929799, -0.01148683992715337, -0.5084710907853989, 0.5965313471040076, 0.00253763803207753, -0.09064013075620493, 0.04000241156410149], [-0.6927267233594889, -0.2608272336796269, -0.21241004032401553, 0.36073638052203866, -0.02855178433922706, -0.2135748023293284, 0.16695733560671344, 0.12293960708701332, 0.3864537774998661, 0.6935320491731918, -0.11362362785632679]], "inverted": false, "swapped": false, "error_lsq": 0.04449621652683487, "error_max": 0.2260279184663754, "target": "255.xyz", "model": "5.xyz", "model_rescale": 4.2253639853439635, "target_rescale": 3.770773719082436},
{"mapping": [6, 0, 4, 1, 11, 12, 9, 5, 10, 8, 13], "R": [[-0.7596796177603132, -0.5552295352457602, -0.3385366177392365], [-0.42779503240296923, 0.03461005408062057, 0.90321290646662], [-0.4897737116372084, 0.8309767188960916, -0.2638169896761751]], "T": [0.12405744044445706, -0.07117528798586437, -0.05248089646972716], "aligned_model": [[0.06687600368594394, -0.12279252302882847, 0.7054641312358239, 0.4221410115255792, -0.3612161338614781, -0.7477112834221987, -0.2714698364645443, 0.3068959541363649, 0.711096202264793, -0.0177588589180135, 0.1460235750063918], [0.3636556885491362, -0.7722768747700568, -0.424965061567811, -0.6252594551804329, 0.5356448166912742, 0.05939820583865757, -0.42337623351566633, 0.5038803644349754, 0.10159990262956453, 0.040483486433102595, -0.07234153916212643], [-0.5229809211870051, -0.3534531707218994, -0.24667247254447083, 0.32546447296095343, -0.009670763870572321, -0.35958612154314035, 0.25101390525551953, 0.13888874840756593, 0.4313028362222564, 0.6639584456445091, -0.10936002062290674]], "inverted": false, "swapped": false, "error_lsq": 0.04726700568907328, "error_max": 0.23256700773554045, "target": "255.xyz", "model": "6.xyz", "model_rescale": 3.89814844738969, "target_rescale": 3.770773719082436},
{"mapping": [10, 9, 11, 8, 2, 5, 6, 4, 7, 0, 12], "R": [[-0.4101334578451169, 0.4130231986074323, -0.8131435200308084], [-0.9120123567295183, -0.1809419057678411, 0.3680944008128515], [0.0048997886360649945, 0.8925647674814348, 0.4508925902275781]], "T": [0.1031551403780637, -0.03599857164719786, 0.15654192808604456], "aligned_model": [[-0.008035592765390162, -0.1522940032348453, 0.7416766220916314, 0.3498620039119311, -0.1764790827856382, -0.5852516584838353, -0.3222684271367615, 0.45142949890805883, 0.5959192136216348, -0.15919564895599217, 0.10218531698904057], [0.18563724214217578, -0.5810515208739492, -0.27125874272033035, -0.665920285237284, 0.5736365926638474, -0.18141790823940743, -0.5245148835092434, 0.48749283235805274, 0.03519669576752675, 0.16502082667457832, 0.06362245135464993], [-0.5344123757293886, -0.5034648117289866, -0.28195931309801486, 0.1519451305328175, -0.07082894118274355, -0.1713694926522742, 0.35081609588877183, 0.01456478377258158, 0.5847819093630227, 0.6482467707533279, 0.02058518208169624]], "inverted": true, "swapped": false, "error_lsq": 0.0446303223206635, "error_max": 0.23893289213142074, "target": "255.xyz", "model": "7.xyz", "model_rescale": 3.7474275329858107, "target_rescale": 3.770773719082436},
{"mapping": [3, 0, 1, 12, 5, 6, 10, 8, 13, 11, 14], "R": [[-0.9181031484856627, -0.18267944495732907, 0.35173118873764375], [-0.32894009373314903, 0.846265520947289, -0.41908600882234315], [-0.22109957818942338, -0.5004626743783158, -0.8370496329839487]], "T": [0.14567116262801733, -0.021958836867954662, 0.07394116022416528], "aligned_model": [[-0.04202922261702144, -0.06061769685683363, 0.5706651468142858, 0.3397443879710259, -0.3262502313374127, -0.5617269083850531, -0.3957334661208212, 0.3050310994271421, 0.8541458518154301, -0.050922336274391494, 0.20524161772348315], [0.2404857546356116, -0.41025641574818605, -0.4522799369171193, -0.47697328887565527, 0.487646544855018, -0.06783900864731157, -0.5222061766114378, 0.6283525734429685, -0.07663678355023118, -0.04465185338420091, -0.019198108818838634], [-0.5663915179627306, -0.41685730586466785, -0.372159371391536, 0.4426416490609032, -0.10102745655780665, -0.3315475293372434, 0.2525384355033898, -0.05609651131497667, 0.6245642305907981, 0.6632763609211617, 0.06996395435351788]], "inverted": true, "swapped": false, "error_lsq": 0.04725296213457279, "error_max": 0.23921461855780812, "target": "255.xyz", "model": "8.xyz", "model_rescale": 4.019505241142653, "target_rescale": 3.770773719082436},
{"mapping": [11, 9, 8, 0, 6, 10, 1, 5, 4, 2, 12], "R": [[-0.5272503650468483, 0.8162731932500893, -0.23601933509623388], [-0.832936629245588, -0.4415864962781493, 0.3334935351184286], [0.16799888160033608, 0.3724237375437972, 0.9127304834916743]], "T": [0.07759702035120472, -0.0721328544211431, 0.0699359717316467], "aligned_model": [[0.19479261002233622, 0.027288036206693705, 0.5457657310433979, 0.32407598457157094, -0.3612268537518307, -0.7802584442469999, -0.38129469809657923, 0.41975289986640774, 0.8536109716321848, -0.1052669013297392, 0.10030890624239144], [0.172442841337844, -0.47076022436576476, -0.2894050794368044, -0.4342693119777994, 0.49861355848753913, -0.11064192009017143, -0.5492190738680631, 0.5053121333187404, -0.1307009642506382, 0.13858677915034973, -0.043515437924614764], [-0.4901510275806322, -0.4831510806170989, -0.36566449882785057, 0.5503018576730418, -0.028775616422798994, -0.24752396580077005, 0.20451840789789336, 0.06656560243122239, 0.3562344089809659, 0.5915969578055715, 0.054953892461264905]], "inverted": true, "swapped": false, "error_lsq": 0.04812973716433873, "error_max": 0.2479752071228139, "target": "255.xyz", "model": "9.xyz", "model_rescale": 3.877068213659057, "target_rescale": 3.770773719082436},
{"mapping": [4, 3, 5, 12, 2, 13, 6, 8, 0, 10, 15], "R": [[0.06320137810738075, -0.0611884616400849, -0.9961232644444404], [-0.9573768132729488, 0.2781586392538737, -0.07782935703041294], [0.2818425503941199, 0.9585842391623982, -0.04100040508073993]], "T": [0.03417065932930264, 0.03333751892577794, 0.03972523397365664], "aligned_model": [[0.03817935448764742, -0.0049419196406697355, 0.6007969546656726, 0.3710670046233907, -0.30660124610786116, -0.698543898320246, -0.265561847256275, 0.44321466945679183, 0.7805387055449403, -0.23774233043416193, 0.11714279514060466], [0.09465957186475804, -0.46433327531817303, -0.39696750350106236, -0.553379227992175, 0.5471906266047742, -0.05698731629476905, -0.47589436649744454, 0.6563372686350332, -0.06636911574398316, -0.01567175519060822, 0.017858393814267168], [-0.634303115527644, -0.35213613111754244, -0.28395311153334096, 0.35667874338320976, -0.20560077390742354, -0.1896419326271429, 0.21621287232004238, 0.2394181117863774, 0.2981035655436106, 0.6930798057862042, 0.07104690389445878]], "inverted": false, "swapped": false, "error_lsq": 0.046037754376362636, "error_max": 0.25130548214420817, "target": "255.xyz", "model": "10.xyz", "model_rescale": 4.260839863003843, "target_rescale": 3.770773719082436},
{"mapping": [1, 3, 2, 4, 7, 0, 5, 8, 9, 10, 11], "R": [[-0.45979852046310116, -0.49111362110674284, 0.7398599406261741], [0.8864955772807894, -0.20500083373983347, 0.41484967111903726], [-0.05206641951914237, 0.8466298301674682, 0.5296291331007584]], "T": [0.04340220058833126, -0.047726982429698334, 0.05468179979495558], "aligned_model": [[0.07285457801152888, -0.067416062011824, 0.5754460468151755, 0.4097159287325251, -0.32508587427831737, -0.7444539534104315, -0.25647719272756114, 0.511211278498622, 0.6803833260792154, -0.034262575868619013, 0.015632742319519884], [0.1471799082918612, -0.5516716604165487, -0.25652325226797734, -0.5706944535952723, 0.49268239341801945, 0.03830185208762163, -0.6198969233935631, 0.4970312354118086, 0.008185498195242474, 0.113898396997094, -0.01204969434766854], [-0.6413099419338291, -0.4327524476844143, -0.32438361611002475, 0.4130421425744092, 0.012493241402937852, -0.3220355872379467, 0.2529362079925982, 0.05212098398511433, 0.5309822317031612, 0.6556636724543878, 0.012148050854415601]], "inverted": false, "swapped": false, "error_lsq": 0.033964414542592324, "error_max": 0.18702489811853246, "target": "255.xyz", "model": "11.xyz", "model_rescale": 3.890672605050136, "target_rescale": 3.770773719082436},
{"mapping": [12, 11, 4, 0, 5, 9, 6, 7, 3, 8, 13], "R": [[0.9910515750808917, -0.03740519523199138, 0.12813128774557878], [-0.12867151449683414, -0.5230394448660738, 0.8425398391003717], [0.03550235044014268, -0.8514872814574778, -0.5231720487845077]], "T": [0.012325411529108946, -0.2556883187994775, -0.021043268472049143], "aligned_model": [[0.1142859060639939, -0.17513439395595004, 0.6781230653017619, 0.3879383642766758, -0.3058673668543661, -0.6661741399573725, -0.41503901596384674, 0.346111657862808, 0.7501421085895287, -0.0007025452047839144, 0.12386460200138448], [0.29537266743471957, -0.5954275654414659, -0.29626862467493176, -0.4894069997473536, 0.45399539914413645, -0.01972264874961807, -0.5038184993773644, 0.5277600598430832, 0.016228515038977098, 0.035805990173636615, -0.13807499326320227], [-0.5120300236395062, -0.41116918341989017, -0.23580771346010201, 0.3700897365933054, -0.012408564922231486, -0.32067467071815164, 0.27535073204341465, 0.020903722328282064, 0.46346773554763077, 0.6377832534726576, -0.06660008582459946]], "inverted": false, "swapped": false, "error_lsq": 0.03526363170162632, "error_max": 0.19974899680433153, "target": "255.xyz", "model": "12.xyz", "model_rescale": 4.124412569039231, "target_rescale": 3.770773719082436},
{"mapping": [9, 7, 10, 4, 6, 3, 0, 8, 2, 1, 12], "R": [[0.9065410057945252, 0.35783636151494186, -0.22391190944386669], [-0.41124911861488617, 0.8682988750221358, -0.27736478881388843], [0.09517125223264572, 0.3435261300294948, 0.9343084237741993]], "T": [-0.0019567441485003334, -0.15249774239825095, -0.055093104122727304], "aligned_model": [[-0.02806513680838596, 0.08720421703986439, 0.6807661404904868, 0.3245770637902625, -0.277128255459178, -0.6892594944829554, -0.38202731612533913, 0.3447693821129891, 0.7002123886375056, -0.04048559137978541, 0.11698484434436916], [0.22590675408422503, -0.4411768795644968, -0.3592065712258943, -0.617200182512443, 0.4501667139328003, -0.034284361519553386, -0.4677880946142233, 0.4717288072892668, 0.012680792046913941, 0.22116033379391756, -0.17554401132989578], [-0.5696508373995222, -0.6044494122515799, -0.2442242627731071, 0.48869322355980427, 0.038121740308164925, -0.20473902531621815, 0.2497113372995591, 0.01574706055354244, 0.4161500118694498, 0.6672360929447376, -0.043690990794021126]], "inverted": false, "swapped": false, "error_lsq": 0.0426687596799395, "error_max": 0.23539080427243703, "target": "255.xyz", "model": "13.xyz", "model_rescale": 3.9028299243045295, "target_rescale": 3.770773719082436},
{"mapping": [3, 4, 8, 13, 6, 7, 10, 1, 12, 14, 15], "R": [[0.6997031962721912, 0.11810301535562334, -0.7046042257114196], [-0.6320290471237853, 0.5621533495456562, -0.5334068758334481], [0.33309866514034514, 0.8185568333100085, 0.4679850317298744]], "T": [0.18129187803178057, -0.009597469638400039, -0.06947192367599564], "aligned_model": [[-0.07754844136508807, -0.09707131827272283, 0.869059975261436, 0.3320228965524432, -0.12104476973473635, -0.722523625528938, -0.33255577476757747, 0.3519687334283945, 0.6943965503641768, -0.1365695138327018, 0.07741353005514812], [0.12572840926733986, -0.5008438821431744, -0.2933975600099594, -0.54106744725491, 0.5684944378065899, -0.038644394955082165, -0.48990891778168877, 0.5963330176981425, -0.05233449266159736, -0.11389219917242631, 0.02597632958738326], [-0.6202695641857088, -0.4443774678161673, -0.2766909206232303, 0.50277904813905, -0.20662351941281296, -0.12333997998121421, 0.17672739505592427, 0.09151382504366418, 0.398649247661795, 0.7497578351440506, -0.03922096102454113]], "inverted": false, "swapped": false, "error_lsq": 0.04348835052400708, "error_max": 0.23392333990848987, "target": "255.xyz", "model": "14.xyz", "model_rescale": 3.942246331269136, "target_rescale": 3.770773719082436},
{"mapping": [6, 10, 5, 3, 8, 11, 13, 0, 1, 12, 14], "R": [[-0.039669164297960025, 0.13731443790883718, 0.9897328440269535], [0.8934035680065895, -0.43872953913358026, 0.09667707155645539], [0.44750019226476007, 0.888065952862408, -0.10527317459631624]], "T": [0.10771216759022467, -0.10562247799070305, -0.12465540551324769], "aligned_model": [[-0.14554384809940407, -0.04867159886613065, 0.7318525762526138, 0.41126629105405993, -0.2850114761722985, -0.5923016713524454, -0.48659179325708496, 0.38913156696122425, 0.6435849113570713, 0.059947432020384855, 0.15988585226184307], [0.14220913848475825, -0.6013037166497684, -0.21961902643741144, -0.5880349508756505, 0.5610645817267482, -0.11594020108809258, -0.2508106766793735, 0.5484616183834548, -0.0798767465622982, -0.06974601819244948, -0.03996070172929986], [-0.5573565376247726, -0.613372852790814, -0.10938794317998408, 0.31315851687134155, -0.11293233752838547, -0.27952694755819973, 0.4107444783007619, 0.05890548192284281, 0.4826492919670423, 0.6905179918882108, -0.0744942042672341]], "inverted": true, "swapped": false, "error_lsq": 0.050245368303280254, "error_max": 0.2861480527231364, "target": "255.xyz", "model": "15.xyz", "model_rescale": 4.355366556412066, "target_rescale": 3.770773719082436},
{"mapping": [0, 4, 5, 3, 1, 2, 6, 9, 7, 10, 11], "R": [[-0.4885220986115054, 0.2749297696506272, 0.8281061411003203], [0.7708410889363007, -0.30870562491755166, 0.5572296230027276], [0.4088400356810824, 0.9105572243983993, -0.06111764328059721]], "T": [0.03613151163468967, 0.005007994896947393, 0.0556195080420203], "aligned_model": [[0.06297438042232975, -0.13159812845865707, 0.5795563944920037, 0.379419859472901, -0.18937385569902834, -0.675132260186978, -0.3550820473671288, 0.4908454139708692, 0.7844470658195013, -0.10052218996656578, -0.007986390339412959], [0.11829256808121458, -0.6135076099027716, -0.08683566323983585, -0.5308024839625196, 0.4897986095489646, 0.011604818367109665, -0.6366107328330111, 0.5906120171520463, -0.04426490495101723, 0.10121541568428546, -0.11305873356384832], [-0.6446376764696082, -0.37290697374193793, -0.2790654498938967, 0.2171040268728085, -0.037775634518026874, -0.38572585622401523, 0.38934592665287876, 0.07157887434727138, 0.5435304963230871, 0.6633247792166354, 0.04413242543561375]], "inverted": false, "swapped": false, "error_lsq": 0.04256443633818053, "error_max": 0.24767343125568853, "target": "255.xyz", "model": "16.xyz", "model_rescale": 3.795458400668931, "target_rescale": 3.770773719082436},
{"mapping": [10, 9, 11, 8, 2, 5, 6, 4, 7, 0, 12], "R": [[-0.4101334578451169, 0.4130231986074323, -0.8131435200308084], [-0.9120123567295183, -0.1809419057678411, 0.3680944008128515], [0.0048997886360649945, 0.8925647674814348, 0.4508925902275781]], "T": [0.1031551403780637, -0.03599857164719786, 0.15654192808604456], "aligned_model": [[-0.008035592765390162, -0.1522940032348453, 0.7416766220916314, 0.3498620039119311, -0.1764790827856382, -0.5852516584838353, -0.3222684271367615, 0.45142949890805883, 0.5959192136216348, -0.15919564895599217, 0.10218531698904057], [0.18563724214217578, -0.5810515208739492, -0.27125874272033035, -0.665920285237284, 0.5736365926638474, -0.18141790823940743, -0.5245148835092434, 0.48749283235805274, 0.03519669576752675, 0.16502082667457832, 0.06362245135464993], [-0.5344123757293886, -0.5034648117289866, -0.28195931309801486, 0.1519451305328175, -0.07082894118274355, -0.1713694926522742, 0.35081609588877183, 0.01456478377258158, 0.5847819093630227, 0.6482467707533279, 0.02058518208169624]], "inverted": true, "swapped": false, "error_lsq": 0.0446303223206635, "error_max": 0.23893289213142074, "target": "255.xyz", "model": "17.xyz", "model_rescale": 3.7474275329858107, "target_rescale": 3.770773719082436},
{"mapping": [2, 0, 1, 3, 9, 4, 8, 7, 11, 10, 13], "R": [[0.10752058954729965, -0.8148643340964743, 0.5695923453145337], [-0.1893894989233711, -0.5792100155999146, -0.7928728621451875], [0.9759974080503266, -0.022624651295801934, -0.21660375027406115]], "T": [0.0491792577459091, 0.03090703558251967, 0.07230919412864965], "aligned_model": [[0.19413809530051146, -0.12589237134230918, 0.6125660976260139, 0.327837591610948, -0.29816839262073436, -0.7465288904103903, -0.33412500968437325, 0.5535648784638885, 0.6419706588143728, -0.025278048440271858, 0.037463632842178164], [0.12624356375140816, -0.5202849074830842, -0.26844259707186235, -0.5288185642115146, 0.5698700041060487, -0.10331325543897332, -0.5478253127191535, 0.5854825750017769, 0.05906122537852179, -0.0973960353123281, 0.011866604379777726], [-0.6159717119127744, -0.5315780117043856, -0.19509215756814424, 0.33621441804815316, -0.11898297560433417, -0.12277867954981388, 0.2593951605121961, -0.0015853166761170823, 0.4840644105160963, 0.746426247775793, -0.03120644583585941]], "inverted": true, "swapped": false, "error_lsq": 0.03878016187980708, "error_max": 0.17893597822759708, "target": "255.xyz", "model": "18.xyz", "model_rescale": 3.922800546911778, "target_rescale": 3.770773719082436},
{"mapping": [5, 8, 6, 4, 3, 12, 13, 2, 10, 11, 14], "R": [[0.276020896786395, -0.6025258426282007, -0.7488491660557627], [0.262158092999748, 0.7967705262303193, -0.5444537288010765], [0.9247083858233202, -0.04603626283526055, 0.3778823410695359]], "T": [0.08661717208884157, 0.00530888233371192, -0.057705096634748446], "aligned_model": [[-0.19830379744775495, 0.055056711103597, 0.6634065412145778, 0.3576551180463271, -0.2675598818380644, -0.6796252064169647, -0.3107964157518743, 0.5061684050687197, 0.6710410779646674, 0.013840576254402714, 0.026665113962200233], [0.10064772811963649, -0.4989153220238541, -0.3644200549429812, -0.5382389879073427, 0.5375071036828951, 0.02539702019944058, -0.4704471358219122, 0.5615469703116731, 0.01732584082909812, -0.1327905202894722, 0.04883065822343617], [-0.7593205652414838, -0.4028898921631689, -0.13759444834631301, 0.3359461242445041, -0.07945161933445312, -0.2340091767502287, 0.23815365041941677, 0.10874283869480854, 0.49808707514591843, 0.6371875100770191, 0.004053441254790083]], "inverted": false, "swapped": false, "error_lsq": 0.04114622591508649, "error_max": 0.26167649206417404, "target": "255.xyz", "model": "19.xyz", "model_rescale": 3.9282355846067225, "target_rescale": 3.770773719082436},
{"mapping": [11, 4, 1, 5, 9, 8, 6, 10, 2, 7, 13], "R": [[-0.07125369334449798, 0.9882129750513027, 0.13549179726102212], [-0.3409413689536614, 0.1035259713341357, -0.9343668210051805], [-0.9373803358940125, -0.11277184577534144, 0.32954607671712777]], "T": [0.003853737692531556, -0.09422967937189888, 0.029284707714340108], "aligned_model": [[0.030193575327041117, -0.19083214083285432, 0.7092246759297023, 0.31218409110430834, -0.38834383068080075, -0.7170653989669598, -0.2796174751383544, 0.5630122115333291, 0.6936569255261513, -0.0507986600713705, 0.15593426842964134], [0.25721110220239096, -0.33511003606858036, -0.32150021989016153, -0.6027541964401462, 0.4598308821072956, -0.10352463069617049, -0.611652915379679, 0.5554436517586718, 0.012026166122457216, 0.062115345930839394, -0.08564184926630031], [-0.5945411985494143, -0.5215709062175599, -0.08162398089734121, 0.39537945085341697, -0.10346613715374314, -0.21322463521124474, 0.3099291810119409, -0.057321948734244677, 0.4670031876906065, 0.6298403877818632, -0.021498462573470302]], "inverted": true, "swapped": false, "error_lsq": 0.04695432941267139, "error_max": 0.31193576174519083, "target": "255.xyz", "model": "20.xyz", "model_rescale": 4.067790424073018, "target_rescale": 3.770773719082436},
{"mapping": [8, 13, 6, 11, 7, 1, 10, 0, 3, 12, 14], "R": [[-0.4045689088569399, -0.8891379359279434, -0.21391056280628473], [0.21609547925230646, 0.13433741801667326, -0.9670864501001601], [0.8886094427998281, -0.4374782154741079, 0.13778994576009135]], "T": [0.1663248067189042, -0.0319181917005089, -0.10620839549674546], "aligned_model": [[-0.014357810190506803, -0.1202563072687744, 0.786346787258194, 0.29441226330505604, -0.32628300878991306, -0.6223505214719383, -0.4227143155359094, 0.31592783816625836, 0.782710543053903, 0.050500493287033, 0.1136122803464312], [0.3279008335941988, -0.6587206323529354, -0.39280283416662287, -0.5175914481300369, 0.5283767805037958, -0.020633773060338825, -0.5059398907569217, 0.635122493038125, -0.011804999132888405, -0.028806042948511926, -0.0686571862072464], [-0.5100053218196026, -0.22914525154463772, -0.28756969560129747, 0.3009124040622756, -0.09777978760488817, -0.3324140317612716, 0.20942297624982034, 0.08649263565289617, 0.47980278202320503, 0.6511481320686202, -0.0619599037243099]], "inverted": false, "swapped": false, "error_lsq": 0.04400684175794331, "error_max": 0.2603700416428375, "target": "255.xyz", "model": "21.xyz", "model_rescale": 4.186013935880536, "target_rescale": 3.770773719082436},
{"mapping": [11, 4, 9, 7, 5, 3, 6, 2, 1, 0, 12], "R": [[-0.49375996818458073, 0.8311184996048764, -0.25581855568527767], [0.8029220543703879, 0.32275674537735377, -0.5011429515807385], [-0.3339420135652269, -0.45284668810532086, -0.8266877334568626]], "T": [0.18279772176093634, -0.06631492535956239, -0.057467726130427735], "aligned_model": [[0.039465756505843386, -0.13754556935024864, 0.763864258090767, 0.3215648550971115, -0.29132925670986193, -0.7254502694552227, -0.25009643251979624, 0.33598363229547046, 0.6152062972935378, 0.023406553152438087, 0.14247841775979544], [0.012888080640095903, -0.6531403672200642, -0.12627988008284172, -0.7053104820884403, 0.5393724963175168, -0.02880349614714152, -0.30988237870894736, 0.6343613605840445, -0.10743976286331629, 0.10753989402576854, -0.0768621640760572], [-0.6675077332517562, -0.3414258663443462, -0.2677452684430126, 0.27532665643524157, 0.025508967122434056, -0.218766002211859, 0.19378990236204063, 0.13037801375996844, 0.5311363916588573, 0.6252894767993422, -0.07707959988610054]], "inverted": false, "swapped": false, "error_lsq": 0.045386871597011866, "error_max": 0.22098909989621696, "target": "255.xyz", "model": "22.xyz", "model_rescale": 4.166573947596378, "target_rescale": 3.770773719082436},
{"mapping": [5, 10, 14, 9, 1, 0, 8, 6, 11, 3, 15], "R": [[-0.8570299799294878, -0.393712887546806, -0.33240002358847387], [-0.1212867539295848, -0.4728333930811505, 0.8727646336261515], [-0.5007885150672748, 0.7883011763069508, 0.3574802352715344]], "T": [0.12031333908270542, -0.05926353677353695, 0.06899452275360556], "aligned_model": [[-0.09588307301488003, 0.1372362394884989, 0.7245924268430561, 0.3118952817856682, -0.25400419418124937, -0.6525549322644708, -0.4500369191894809, 0.3344675197413477, 0.6541648851924422, 0.03866230342095667, 0.08900870433794476], [0.24625088940185896, -0.5717906511221472, -0.41744774083406994, -0.5592386698944041, 0.5274831589111455, 0.09265863198599968, -0.5799061057317038, 0.6476888474961041, -0.02687188522001796, -0.06518300214505084, -0.007200172467097497], [-0.6732871138212158, -0.4768724991513826, -0.2950502866823852, 0.3406015767360525, -0.08499820519624347, -0.14629610087464495, 0.3092257415797124, -0.11393700883337692, 0.6486898177597687, 0.6645822327688002, 0.036246783715724304]], "inverted": true, "swapped": false, "error_lsq": 0.04165201033303156, "error_max": 0.19320796236585183, "target": "255.xyz", "model": "23.xyz", "model_rescale": 4.274766983524099, "target_rescale": 3.770773719082436},
{"mapping": [4, 5, 7, 6, 1, 2, 3, 9, 8, 0, 10], "R": [[-0.5180437129136592, 0.19871265882560646, -0.8319519161184067], [-0.4894905401570068, -0.866503153672763, 0.09783299940182669], [-0.7014483035886764, 0.4579143630610578, 0.5461544776846143]], "T": [0.09317704582260378, -0.1060223197614362, 0.11549444334155283], "aligned_model": [[-0.12937235285260643, 0.16872528616566934, 0.6348764558072547, 0.3216482738657831, -0.13696502669165797, -0.7720053985475455, -0.33888376498294415, 0.4849278401927687, 0.7221284154736474, -0.22218295586733533, 0.10465146959680034], [0.017933245589817806, -0.6357707827005565, -0.14829618026797395, -0.692091772965202, 0.5039053879274695, 0.14258290370994967, -0.46332376475751735, 0.5610880495685641, 0.06364029654303355, -0.03025066809989954, -0.03297341416706799], [-0.5347265882148493, -0.500865823066833, -0.20978566121750686, 0.35908949685165337, 0.1130047935656845, -0.22820062730417118, 0.07458702394501283, -0.2438946581682354, 0.46283562855740823, 0.7795547329981862, 0.13730662005446026]], "inverted": true, "swapped": false, "error_lsq": 0.05828835953212979, "error_max": 0.2914573745295024, "target": "255.xyz", "model": "24.xyz", "model_rescale": 3.7841303162186577, "target_rescale": 3.770773719082436},
{"mapping": [11, 13, 3, 5, 7, 10, 9, 6, 4, 8, 15], "R": [[-0.3225141634118716, 0.8206443323262625, -0.47172819951697126], [-0.7162176719824366, 0.11426972041124879, 0.6884581885177882], [0.6188835599196346, 0.5598975895803785, 0.5509063699425544]], "T": [-0.05777456179128501, -0.046465740318128876, 0.13644729718968834], "aligned_model": [[0.02244424534261394, 0.08534829525119311, 0.6510737781909108, 0.5705023507169626, -0.2495307155076463, -0.772091333658119, -0.39441208807706263, 0.4938233153724867, 0.6113106114836676, -0.1804678172760703, -0.00045239967910287726], [0.1546204665486144, -0.46784562894050463, -0.21729714577114978, -0.6341887526103156, 0.5179853456366459, 0.05524964650189697, -0.4965768363737939, 0.3629203892777263, 0.0018374653258449308, 0.028661140783217062, -0.01892278999756471], [-0.6001372869231247, -0.5069459220220416, -0.20612028657821896, 0.30729379986090233, -0.123225784158075, -0.1545177089381909, 0.2983605011907332, -0.08753759302832456, 0.46309110026346106, 0.7098233521775057, 0.10882076615618316]], "inverted": true, "swapped": false, "error_lsq": 0.04629200104728244, "error_max": 0.2692595749248713, "target": "255.xyz", "model": "25.xyz", "model_rescale": 4.19342608120988, "target_rescale": 3.770773719082436},
{"mapping": [0, 4, 5, 3, 1, 2, 6, 9, 7, 10, 11], "R": [[-0.4885220986115054, 0.2749297696506272, 0.8281061411003203], [0.7708410889363007, -0.30870562491755166, 0.5572296230027276], [0.4088400356810824, 0.9105572243983993, -0.06111764328059721]], "T": [0.03613151163468967, 0.005007994896947393, 0.0556195080420203], "aligned_model": [[0.06297438042232975, -0.13159812845865707, 0.5795563944920037, 0.379419859472901, -0.18937385569902834, -0.675132260186978, -0.3550820473671288, 0.4908454139708692, 0.7844470658195013, -0.10052218996656578, -0.007986390339412959], [0.11829256808121458, -0.6135076099027716, -0.08683566323983585, -0.5308024839625196, 0.4897986095489646, 0.011604818367109665, -0.6366107328330111, 0.5906120171520463, -0.04426490495101723, 0.10121541568428546, -0.11305873356384832], [-0.6446376764696082, -0.37290697374193793, -0.2790654498938967, 0.2171040268728085, -0.037775634518026874, -0.38572585622401523, 0.38934592665287876, 0.07157887434727138, 0.5435304963230871, 0.6633247792166354, 0.04413242543561375]], "inverted": false, "swapped": false, "error_lsq": 0.04256443633818053, "error_max": 0.24767343125568853, "target": "255.xyz", "model": "26.xyz", "model_rescale": 3.795458400668931, "target_rescale": 3.770773719082436},
{"mapping": [7, 0, 3, 9, 5, 6, 1, 10, 4, 11, 12], "R": [[-0.07634086975421932, 0.5305975905493975, -0.8441790500292836], [-0.9025988389942626, 0.3229658085306674, 0.2846197856199417], [0.42365954190998534, 0.7836831524431966, 0.4542612784789334]], "T": [0.013732535013549096, -0.1791189839945448, 0.17058701319714323], "aligned_model": [[0.1961314058451289, 0.030519802563889475, 0.584540178751128, 0.2333429028831879, -0.322010735557796, -0.7143207776557225, -0.45054187473421614, 0.35181075632061676, 0.7572008507280847, 0.15731660844425055, 0.01355912457128209], [0.23122372507225014, -0.5788673141098357, -0.31641021558676397, -0.5042301987221214, 0.4345213835873439, -0.038488548616235574, -0.5462653053162365, 0.442721985274876, 0.09588270360698076, 0.1640607752659139, -0.09770569007555414], [-0.5065818074558048, -0.5582426324067823, -0.2770806206859665, 0.3450813526409481, -0.10794920243783587, -0.19183320455080913, 0.17304093751186686, 0.088713001904496, 0.43609053102975115, 0.7814764126994713, 0.02619016975147498]], "inverted": false, "swapped": false, "error_lsq": 0.050711989714557364, "error_max": 0.330809533170636, "target": "255.xyz", "model": "27.xyz", "model_rescale": 3.6321398670334006, "target_rescale": 3.770773719082436},
{"mapping": [6, 9, 11, 0, 4, 12, 8, 1, 5, 3, 14], "R": [[-0.7406885130972788, -0.4706784307407288, -0.4794187537020085], [0.33810754133240883, -0.8777742609704967, 0.3394048280031559], [-0.5805719740565294, 0.08929816130886148, 0.8092972391692442]], "T": [0.06088652543673397, -0.15119402526097953, 0.006728196705485533], "aligned_model": [[-0.18733825075426125, 0.014307483052446578, 0.5819351375665683, 0.39638615251303516, -0.1352120883563568, -0.7168543929815268, -0.32840006953824186, 0.39383120637707647, 0.6975939931002307, 0.018336753206266897, 0.10296231797459625], [0.22708104492855863, -0.48028477990356677, -0.4373036362588648, -0.4763352845520941, 0.6510272722951211, -0.19106103475679326, -0.42420208347734994, 0.41539510712555, 0.0705256512126603, 0.0425929036763974, -0.1109918599090012], [-0.6250944595033565, -0.5730147025520769, -0.2365318919052959, 0.4204126851240112, -0.060006919798986244, -0.27083155583751223, 0.2090946042841129, 0.13079185230743018, 0.5701226475609796, 0.6641445206725802, -0.0201818423510771]], "inverted": false, "swapped": false, "error_lsq": 0.04753479601180217, "error_max": 0.21651283345901823, "target": "255.xyz", "model": "28.xyz", "model_rescale": 4.156811204709835, "target_rescale": 3.770773719082436},
{"mapping": [5, 0, 1, 2, 7, 4, 6, 9, 3, 10], "R": [[-0.8769942681739333, 0.341528395689564, 0.3379932078130857], [0.0779669934360355, 0.7952420477957345, -0.6012580422349394], [-0.4741331052822745, -0.5009475425185352, -0.7240506599127082]], "T": [-0.17755647719471102, -0.043759344716813656, 0.03188815199483555], "aligned_model": [[-0.7670331505974685, -0.0034713280367234534, 0.15958011997753685, 0.6441664842091358, -0.0125689441665158, -0.5831199134048575, -0.4350090839099261, -0.4813250738766519, 0.20731057187651913, -0.08560430796046051], [-0.08865901431410274, -0.5546695164094908, 0.15111900000938605, -0.034696631649903734, -0.523182338332916, -0.46193958390188433, 0.5279599075543804, 0.32896317775645983, 0.5860755674600634, -0.01225023754578819], [-0.4962504779759598, -0.3322345272566878, -0.6099993498671292, 0.01598662093369216, 0.5643984915841216, 0.1538409760076046, -0.1844239388545052, 0.4502256993145114, 0.16172809428105725, 0.03551513880839425]], "inverted": true, "swapped": true, "error_lsq": 0.057019409414291865, "error_max": 0.26588775903525474, "target": "255.xyz", "model": "29.xyz", "model_rescale": 4.117894457231895, "target_rescale": 3.770773719082436},
{"mapping": [3, 11, 5, 6, 4, 12, 10, 1, 8, 7, 14], "R": [[-0.7255448202407806, -0.6731526085199458, -0.1430044735823538], [0.5365328582654904, -0.42318989877217056, -0.7300978027488259], [0.4309491916957692, -0.6064452780094778, 0.6682117321304457]], "T": [0.0703289422037933, -0.11582462528758043, -0.06550775556211569], "aligned_model": [[-0.00012079513060186953, -0.2762714041733132, 0.866776640706807, 0.3740234524765369, -0.2666740687213285, -0.6330746310147984, -0.24440101054812827, 0.4800122770046199, 0.6239630755725336, -0.13199218470796992, 0.04530689069547622], [0.1797629884770689, -0.5911454897853297, -0.3388697176060493, -0.5198248901836683, 0.5708478369440607, -0.021676597335296838, -0.5640156287450667, 0.6211634158440688, 0.04728571648147985, 0.036626639654448165, -0.13371097336509832], [-0.5209427104791176, -0.48911359354507233, -0.17447436453868656, 0.32989441139408215, 0.054650441814707684, -0.3555723774611089, 0.39751583557952125, 0.10547943774245622, 0.3451915863343253, 0.5368446614470885, -0.020568390287386377]], "inverted": false, "swapped": false, "error_lsq": 0.048905730911850666, "error_max": 0.25390662016405063, "target": "255.xyz", "model": "30.xyz", "model_rescale": 4.100398675895297, "target_rescale": 3.770773719082436},
