[{"mapping": [2, 4, 9, 7, 0, 12, 10, 3, 6, 8, 5, 11, 1, 13], "R": [[0.9003427817027161, 0.4350756100658789, -0.009596299371064817], [0.4351374471104611, -0.9003463839878066, 0.005638347477063986], [-0.0061868859700556465, -0.009252154661739146, -0.9999380581196564]], "T": [-0.0009488908765434238, -0.01884182981747254, 0.11366044715490922], "aligned_model": [[-0.6562484223137727, -0.5294135382352542, 0.18976826304419067, 0.09342649746958259, -0.1709976503558003, 0.449933953014556, 0.8912756857495546, -0.47717733020534825, -0.573710336561013, 0.014087678601775854, 0.07427865668900491, 0.49858580531853475, 0.07797209167128574, 0.05828909891664026], [0.1658895254764317, -0.5757012433046063, 0.15641144602459536, -0.4403642165782957, 0.6774513023572989, 0.3290676141143817, -0.19313807086419907, 0.04888226840735585, -0.5099699131649708, -0.7855638461774413, -0.33771881211025256, -0.5010015636832795, 0.4428290610386746, -0.11582110811197602], [-0.2437120418242076, -0.455581976346607, -0.5716543916390759, -0.5066674064914075, -0.17212221163746563, 0.009816873057576003, -0.3210636605996382, 0.31816038821068815, 0.23728817977385958, -0.03630749218522947, 0.7956131923599717, 0.18471619413589604, 0.4508185413373692, -0.003068908202426404]], "inverted": false, "swapped": false, "error_lsq": 0.04673266738239773, "error_max": 0.2801933163280003, "target": "256.xyz", "model": "0.xyz", "model_rescale": 3.8414455957264533, "target_rescale": 3.766165615462022},
{"mapping": [9, 7, 13, 0, 8, 12, 11, 6, 2, 4, 5, 1, 10, 14], "R": [[-0.4588327035724089, 0.5352857366681174, -0.7091838479915521], [0.7812532423687872, 0.6232292344209196, -0.035052712468104985], [0.42322088963175153, -0.57013551150826, -0.7041516719404447]], "T": [-0.03800318662704048, -0.16033394871932166, -0.00937510872853374], "aligned_model": [[-0.5620217148742926, -0.4067717904389232, 0.08253426079073474, 0.19458868908336124, -0.10428164503038481, 0.46800093770569384, 0.7349410835098966, -0.5849100733711893, -0.6095221281098273, -0.07101160301856166, -0.13818481717482917, 0.7332735774653603, 0.161929991805558, 0.0415056844613398], [0.04752258046848781, -0.4988297111863487, 0.16357441087597108, -0.6255269041310877, 0.6177681666778219, 0.41084661457997634, 0.010815833215413934, 0.13895957833830697, -0.5046231604186234, -0.6975535559242123, -0.23807431293834677, -0.5252257205988613, 0.2313941071036792, -0.16979548263846025], [-0.3937055984389164, -0.41234575005321183, -0.6842092357505919, -0.5143641215752991, -0.12965254412993327, -0.007914241030166955, -0.32485935482672446, 0.46109637359198896, 0.3059592627762211, 0.06887304096293138, 0.6373418785652695, 0.13374735336077953, 0.5149884625208053, 0.03127975397615114]], "inverted": false, "swapped": false, "error_lsq": 0.041130368493304585, "error_max": 0.2497925436790156, "target": "256.xyz", "model": "1.xyz", "model_rescale": 4.316132596720782, "target_rescale": 3.766165615462022},
{"mapping": [11, 10, 9, 2, 3, 5, 1, 4, 8, 12, 7, 13], "R": [[0.5988029536721373, 0.10933094922700598, -0.7933988695572018], [0.6642647897821525, -0.6212207742197999, 0.41573674210180767], [-0.4474229673689054, -0.7759713224204063, -0.44461353449026847]], "T": [-0.0841240347456782, 0.09061992691844292, 0.04530541454556574], "aligned_model": [[-0.19792063718561845, 0.44293930217219646, 0.19057711698473345, -0.5998350314477132, -0.5683811866143491, -0.4090951461373358, -0.2623388952523605, -0.22149433451750558, 0.5608586805953135, 0.21009147407892242, 0.5727665865872755, -0.12035937463177782], [-0.7087619685803294, -0.38971127914548265, -0.3846770966968228, 0.3413606155689084, -0.2213498909235919, -0.03648984031459562, 0.35845882352154046, 0.6498222461187925, 0.10402697953318964, 0.022239917718033297, 0.28698752893103896, -0.009129607989700667], [0.20246671119281942, 0.04445531519078693, -0.5024823970752205, -0.11216112910794657, -0.48788165318026616, 0.4388396398930661, -0.7750449646386585, 0.5452703244565686, -0.567844097519852, 0.6400244705480433, 0.054665973742284456, -0.03104973229220446]], "inverted": true, "swapped": true, "error_lsq": 0.04085172588744464, "error_max": 0.310131376651433, "target": "256.xyz", "model": "2.xyz", "model_rescale": 3.795458400668931, "target_rescale": 3.766165615462022},
{"mapping": [6, 11, 12, 8, 2, 0, 10, 3, 9, 1, 4, 13], "R": [[0.23269218342806736, 0.691020316285204, 0.6843575602362957], [0.5637772261775715, -0.6692212111870426, 0.48404360314012107], [0.7924705590840595, 0.2731920441346054, -0.5453040619751093]], "T": [-0.10471398702982596, 0.0872200195495331, 0.046177368631556706], "aligned_model": [[0.14477527729452408, -0.22367214293403243, -0.7636819363265408, 0.26299041495078135, 0.21568274344733615, 0.18288320123587606, -0.2815408448746911, 0.5547505860500959, 0.31794046185979086, 0.7312830652929387, -0.5264280133724675, -0.021678986880046047], [-0.139145458034218, -0.6835815388321117, 0.015059633347227624, -0.008420785419502641, 0.38934495404785985, 0.5974280332325956, -0.4521007577518872, -0.1918021517060842, -0.4452750391912609, 0.3315656504718384, 0.6839985360441202, -0.011302030918867875], [-0.7098115000552686, -0.2153081366688872, 0.12022780635113535, 0.8510258546731669, -0.3534360651872104, 0.34218262490797896, 0.4778947678946013, -0.27533734389453884, 0.4193418085642591, 0.17988262964813112, -0.17189469844069882, 0.02400368284643142]], "inverted": true, "swapped": true, "error_lsq": 0.046874407250387336, "error_max": 0.2575604708847663, "target": "256.xyz", "model": "3.xyz", "model_rescale": 3.7530521520055578, "target_rescale": 3.766165615462022},
{"mapping": [3, 11, 5, 12, 2, 10, 1, 9, 8, 7, 13], "R": [[0.08716708191410513, -0.9957958620602072, -0.028151393115596002], [0.2245903952799335, 0.04717527185013784, -0.9733106637008913], [0.9705467810356097, 0.07851811784317511, 0.22775831706390504]], "T": [0.14906700860834537, -0.10961012744931468, -0.0031228748600263725], "aligned_model": [[-0.4395809309446242, -0.2611826236720783, 0.36938808879400137, 0.5372982769033069, 0.21596541643206116, -0.18899457684132465, -0.2789176919214712, -0.5851202441812715, -0.32171613886197653, 0.26404105135574796, 0.027018975382834043], [-0.6199902808579734, 0.06071964030185299, -0.2533949258020752, 0.35397786175368134, -0.6978262083382503, 0.5075290424455295, -0.5909275550345702, 0.11427077126371195, 0.2934305159847171, 0.4362364377915639, -0.1368219411938415], [-0.09864411771740449, -0.6954694384923888, -0.4585532823577093, -0.284711236566354, 0.053009848651422976, -0.11874363742238629, 0.5982385686012228, 0.10771886372484905, 0.6356699273009971, 0.39560715949016007, -0.04129187796709268]], "inverted": true, "swapped": true, "error_lsq": 0.039224484860722886, "error_max": 0.20361943107312075, "target": "256.xyz", "model": "4.xyz", "model_rescale": 3.7855080009869324, "target_rescale": 3.766165615462022},
{"mapping": [12, 1, 6, 4, 13, 8, 7, 14, 2, 3, 9, 10, 15, 16], "R": [[-0.1589971169671121, 0.964817542097468, -0.2093968176862948], [0.3202139270914367, 0.25102500583395176, 0.9134820673350654], [0.9339073603376444, 0.07818923779565462, -0.34886026629598854]], "T": [-0.0045912808213423705, -0.14370277192052477, -0.0861831942821514], "aligned_model": [[-0.6135274644451904, -0.5022583250502167, 0.23750099856404788, 0.1602878670632082, -0.11017193400174546, 0.46825520368431894, 0.6700572526448098, -0.4689562955308378, -0.5314533723979069, -0.024120311994588015, -0.054097196827841906, 0.58240210621429, 0.16329033999165732, -0.03713841511006829], [0.13372708400456507, -0.44370726028877855, 0.1402265215737995, -0.4664334479605032, 0.5673107094447039, 0.36002015288744155, -0.28068197787772686, 0.03601189969864094, -0.560667141796432, -0.7245499080168472, -0.341239190329561, -0.25501466812826923, 0.33927719519909066, -0.14302752498640708], [-0.20985478489681175, -0.5713932096742165, -0.6217693709379372, -0.7309006216881359, -0.1766276184679222, 0.047940968631044634, -0.3819119979236184, 0.3718180813181845, 0.22096943600488875, 0.29414801246977307, 0.5960503045520309, 0.33096509998903123, 0.5602409849068634, -0.04344000433387117]], "inverted": false, "swapped": false, "error_lsq": 0.039030164788648576, "error_max": 0.2733568632493478, "target": "256.xyz", "model": "5.xyz", "model_rescale": 4.2253639853439635, "target_rescale": 3.766165615462022},
{"mapping": [5, 11, 6, 12, 2, 3, 7, 10, 8, 9, 1, 0, 4, 13], "R": [[0.783068370522043, -0.5569052627804226, -0.2768762455961526], [-0.5484657586540985, -0.8282596672511002, 0.11476600188680056], [-0.29323921748623033, 0.06198751400536571, -0.9540274154527731]], "T": [-0.037950694765814585, -0.13909343718868697, 0.020014382616940857], "aligned_model": [[-0.5685545604670195, -0.3446404347839904, 0.07405388122577977, 0.28793467229135056, -0.19766075951392487, 0.47772196924947585, 0.6261543972771169, -0.6291308292117765, -0.6322029241424667, 0.01613763581997124, -0.052554907177431776, 0.6658656916001986, 0.21442645631044033, 0.002520164326213728], [0.10601658139037334, -0.3769730040826044, 0.1593267139266131, -0.6907560568748864, 0.5118064499545264, 0.3207102010680619, -0.1674651217806138, 0.1884895318058282, -0.545656672515348, -0.7160158758700038, -0.23099624505609334, -0.42753912734521426, 0.3257680929717358, -0.09546302416865807], [-0.22313553604600112, -0.6544546706650719, -0.5386611551403283, -0.6588161161439855, -0.011507739334778097, -0.14020980573042507, -0.4130568473937556, 0.40951139345313725, 0.18565103061576954, 0.21192941518559635, 0.7480572198485077, 0.27399120722779235, 0.4902492639242184, 0.006687620148627159]], "inverted": false, "swapped": false, "error_lsq": 0.03856194958207992, "error_max": 0.2932041524615057, "target": "256.xyz", "model": "6.xyz", "model_rescale": 3.89814844738969, "target_rescale": 3.766165615462022},
{"mapping": [3, 6, 11, 1, 10, 5, 2, 9, 0, 4, 12, 7, 13], "R": [[0.2773898850278834, -0.6134431239769873, 0.7394203035686621], [0.5103466918462785, 0.7461447463652301, 0.42756785612710213], [-0.8140031362382935, 0.2587577073575221, 0.5200416743659123]], "T": [-0.09930918341561534, 0.1313888704557717, 0.05137616289388634], "aligned_model": [[-0.05083049779525506, -0.19188550568001428, 0.5392223109253435, -0.4009775366704751, 0.576926162329887, -0.15594661811219035, -0.5659695689855763, 0.46213550055642194, -0.5094559773055704, -0.6659095827875448, 0.09006900451374289, 0.04940878727459597, -0.02815467735914301], [-0.3606023855569827, 0.18265542130254148, 0.3361613315072887, -0.6925692587221153, 0.1308455230365338, 0.5462589239004192, -0.014298350180702274, -0.40285595805348823, -0.24386744250963832, 0.6068826303589545, 0.714114933185716, 0.09877805965769679, 0.06227783754426246], [-0.558306563298955, -0.7694811677997521, -0.42507585428259426, -0.029631007608848306, 0.2776945520026512, -0.2669119808231711, -0.2871910471507582, 0.02306008918149531, 0.40009636407159477, 0.2368820008760727, 0.3149963150361205, 0.7199362901799252, -0.03379295954748497]], "inverted": false, "swapped": true, "error_lsq": 0.04582307412887395, "error_max": 0.30473552084831196, "target": "256.xyz", "model": "7.xyz", "model_rescale": 3.7474275329858107, "target_rescale": 3.766165615462022},
{"mapping": [1, 2, 3, 8, 0, 7, 5, 12, 13, 4, 11, 9, 10, 14], "R": [[0.4904266289307891, 0.5922861541980657, -0.6392799333475495], [0.8698909941254176, -0.28838820967553713, 0.4001523445634564], [0.052643897795232375, -0.752349222147138, -0.656657648976635]], "T": [-0.02914904565777212, -0.05893881856190479, 0.0038590273851685855], "aligned_model": [[-0.6817212503200527, -0.44644204122045494, 0.19399062411993884, 0.22435795805222244, -0.1675070683434921, 0.5703547793108406, 0.6274732621998353, -0.4097116570464844, -0.5456192491344467, -0.23776862276584176, 0.1878184193147813, 0.5853535726631678, 0.11414325849349882, -0.07465153251957549], [0.15499935301228002, -0.38140644166444676, 0.11671999886580382, -0.5594365231216304, 0.5248542358484533, 0.1533243919918616, -0.06196760041286614, -3.921172745999235e-05, -0.6604256191137673, -0.7902867018602626, -0.1498063125202268, -0.43933704047664346, 0.5494556368426989, -0.09539572224007713], [-0.30139790782770726, -0.65224361988488, -0.6545384244750321, -0.38401538870456375, -0.26864044932567577, 0.24761530980149446, -0.2822518520412109, 0.4858813857121525, 0.4276325357303866, -0.18008115715259715, 0.5793137808410638, 0.24474108344002118, 0.4334947590139724, -0.009274775178121026]], "inverted": true, "swapped": false, "error_lsq": 0.05821254453428616, "error_max": 0.382437636201443, "target": "256.xyz", "model": "8.xyz", "model_rescale": 4.019505241142653, "target_rescale": 3.766165615462022},
{"mapping": [2, 0, 3, 6, 5, 11, 9, 4, 12, 7, 8, 10, 13], "R": [[-0.8469684561706485, 0.2709262363396937, -0.4574313158439382], [0.4384905122087842, 0.8425081013618465, -0.31289961623903395], [0.3006168740353516, -0.4655953968871095, -0.8323763700650979]], "T": [-0.035501906870959166, -0.14359313156996215, 0.045444052458645336], "aligned_model": [[-0.2659382805976871, -0.6804042546934443, 0.10895549299796103, 0.34607793943563675, 0.2652608286928939, 0.7723222052708962, 0.1669685062785567, -0.348792450576547, 0.21505507885077518, -0.2881840591397263, -0.3499339489024758, 0.34619617923533286, 0.03211753488900376], [-0.43341795256289106, -0.025714685198672926, 0.05643155355391394, -0.4860496081789757, -0.573228803705016, -0.034389684526032666, 0.5835694701331591, -0.7843498850851646, -0.36417945619780423, 0.1746928717676319, 0.676281287592534, 0.34876940186433425, -0.07503628134295703], [-0.4198785111836008, 0.01630464062241014, -0.6997007593293895, -0.6042680180421159, 0.00560351016524905, -0.06480822977567699, -0.13254401585843928, 0.3153006111154323, 0.6229319026831015, 0.5977111016187882, 0.19061017812632078, 0.3924314557511835, -0.04299037184938382]], "inverted": true, "swapped": true, "error_lsq": 0.04013078350340867, "error_max": 0.2084899773328425, "target": "256.xyz", "model": "9.xyz", "model_rescale": 3.877068213659057, "target_rescale": 3.766165615462022},
{"mapping": [0, 11, 12, 10, 5, 3, 6, 7, 8, 9, 2, 13, 4, 15], "R": [[-0.4330072708680245, 0.2578984759806237, -0.8637089089862957], [-0.37341758164127586, 0.8207837609460907, 0.4322884771635396], [0.820404786124878, 0.5097081457599658, -0.2591015110904046]], "T": [0.05369750161151935, -0.13435594431417244, 0.006055375478413588], "aligned_model": [[-0.5425488933714696, -0.3471055308476025, 0.05223514178728631, 0.19811338734971595, -0.11919963636092798, 0.4240554490070416, 0.5521655994883723, -0.42850770214359907, -0.6574838606105442, -0.13227087145756605, 0.08715509657760098, 0.739311445668744, 0.12472137258036842, -0.010570544863483237], [0.12567609159971285, -0.4188771167121579, 0.14915031666304188, -0.6781681020375689, 0.6039343939494575, 0.38083648413129356, -0.12152809905105469, 0.02712288739939986, -0.4045784534795097, -0.7498473532337014, -0.42713231587531963, -0.3018302383908848, 0.28124076152403277, -0.10474681306302451], [-0.45289953777784486, -0.5444533963795397, -0.6851879081808162, -0.42594366215772983, -0.1837587397765942, -0.0071011894860510925, -0.3568076522741883, 0.6445608944809615, 0.13460031461044347, 0.15515733275578725, 0.6006291249360228, 0.3215302183763461, 0.5355132752154971, -0.049603794392990605]], "inverted": true, "swapped": false, "error_lsq": 0.03747140447108185, "error_max": 0.22262352863874696, "target": "256.xyz", "model": "10.xyz", "model_rescale": 4.260839863003843, "target_rescale": 3.766165615462022},
{"mapping": [4, 2, 1, 0, 8, 7, 12, 5, 3, 9, 10, 13], "R": [[0.9301350137184368, 0.3645371813947756, -0.044288820663418244], [0.01005354376303777, 0.09528223708793686, 0.9953995286081482], [0.3670800764312995, -0.926301213794018, 0.08496045439450464]], "T": [0.139591781355742, 0.03742980264103983, -0.08595369767335548], "aligned_model": [[0.3574777720969099, 0.26500490432166446, -0.404982371046808, -0.373339762724763, -0.6895517712578288, -0.3424210107878164, 0.38318173718212256, 0.6597157196349682, 0.19976706049209259, -0.22886560960891536, -0.014912942050617217, 0.1478249228431218], [-0.010363208494015022, -0.5340112872827626, -0.6245636089030561, -0.24367120724799385, 0.21190574578964, 0.4793379433081919, 0.5995066429608682, 0.03708442368829366, -0.5021254942456268, 0.13619057029933473, 0.6181200040549719, 0.005667981605087774], [-0.8151890967909196, -0.19249508291463704, 0.11819495227058896, -0.3834884435343704, 0.18646856778280474, -0.29219144156597676, -0.34989101193608957, -0.16407713991261152, 0.4809480777276607, 0.589268437475439, 0.29802772341067957, 0.040602535382936594]], "inverted": false, "swapped": true, "error_lsq": 0.04138328668772974, "error_max": 0.19548199665513866, "target": "256.xyz", "model": "11.xyz", "model_rescale": 3.890672605050136, "target_rescale": 3.766165615462022},
{"mapping": [8, 3, 0, 4, 6, 11, 2, 5, 7, 12, 12, 10, 9, 13], "R": [[0.10259531996806465, 0.9806358269270472, -0.16681599224222116], [-0.7111793907074393, -0.04494009777319335, -0.7015727060291979], [-0.6954840577278865, 0.19061417197900626, 0.6927973461894263]], "T": [0.025872152206026934, 0.07459215579877952, -0.11215932180412734], "aligned_model": [[-0.6592458449305945, -0.4837356984734326, -0.09296707411090632, 0.24177151586712975, -0.04789329556450735, 0.5344719259818389, 0.6667088285192266, -0.4675517643524242, -0.5130742793340822, 0.02828371366497543, 0.02828371366497543, 0.6568751309982547, 0.061916073134342976, -0.013772492260860116], [0.19654047084968113, -0.45583011267483364, 0.03664575151003312, -0.5157076135595116, 0.6442837903745869, 0.23672762539099956, -0.17818376292069216, -0.007662988803292706, -0.5471583842084804, -0.4552241490128035, -0.4552241490128035, -0.4372262073575055, 0.3864424646816764, -0.08717029183333715], [-0.2990629983166115, -0.6707425399867031, -0.6893350735792374, -0.42198296662714696, -0.15763947298147796, 0.021259280761464286, -0.2882184677581684, 0.4834404696579503, 0.11128458660973901, 0.41169277017623507, 0.41169277017623507, 0.26122748612287794, 0.6000700209185356, -0.0874505852243894]], "inverted": false, "swapped": false, "error_lsq": 0.046618752096455385, "error_max": 0.39935473838035407, "target": "256.xyz", "model": "12.xyz", "model_rescale": 4.124412569039231, "target_rescale": 3.766165615462022},
{"mapping": [5, 11, 10, 6, 12, 4, 3, 0, 9, 1, 7, 8, 13], "R": [[-0.5880242859117274, 0.24763600013949166, 0.7700025003939381], [0.09100090450707171, -0.9256809110117082, 0.36719706748206576], [0.8037078291001636, 0.28599171740357726, 0.5217877566785699]], "T": [0.11617660914921982, -0.026136467156824272, 0.03163549452101021], "aligned_model": [[-0.10968378599258174, -0.1269948413373927, 0.5015047973977352, -0.6706061348783527, 0.5376265911694568, 0.24874424689784605, -0.5517639875754263, 0.26049441683080277, 0.11798643405845635, -0.21319892568690432, 0.7775872151558643, 0.5564404050004292, 0.03916187646982465], [-0.23821414940398097, 0.4846022570610905, 0.5310502984899665, -0.03048477673359007, -0.17866229808068332, -0.770458618690366, 0.330274616839832, -0.24067834290758883, 0.7230759361209159, 0.12444582061331197, 0.03634078581756238, 0.4966897987330451, 0.07950404864896227], [0.4566560131834471, 0.6288576943716385, 0.2543003701523684, 0.2884611122803745, 0.5256447357501325, 0.1314007207223128, -0.17559651078191707, -0.5715126013918836, -0.16865671523370224, -0.7716762054610145, -0.13802813359811422, -0.5384129789028324, 0.030260579877029237]], "inverted": false, "swapped": true, "error_lsq": 0.046786008892487324, "error_max": 0.3486487558290935, "target": "256.xyz", "model": "13.xyz", "model_rescale": 3.9028299243045295, "target_rescale": 3.766165615462022},
{"mapping": [10, 7, 4, 3, 13, 5, 0, 14, 9, 6, 1, 2, 12, 15], "R": [[-0.31320526156503753, 0.43489271185597367, 0.8442575396776354], [-0.9342999077684943, 0.018267943003446196, -0.35601961266509846], [-0.1702531834408988, -0.9002969573607258, 0.4005986047095768]], "T": [0.09842180840811586, -0.1047962060041273, 0.03020483509794178], "aligned_model": [[-0.45649329842943964, -0.5562685444665492, 0.12471725508205787, 0.2583166677906375, -0.16092848675080507, 0.2137573368794468, 0.7549885664106953, -0.6746629770670193, -0.5801619145605599, -0.03888560371505649, 0.1292588287417476, 0.7398718769863467, 0.18664628837625866, -8.554247382362712e-05], [0.183023929523549, -0.4689424492256557, -0.001458583056199128, -0.5704674909549083, 0.6407056154288062, 0.36524434511485937, -0.1787518356171956, 0.22949212721808504, -0.46119968483384366, -0.7465171164979145, -0.4409818423100259, -0.37963481669308385, 0.35128787031043746, -0.16054762498319408], [-0.3754814918065631, -0.47911432931437914, -0.6391180757981356, -0.35225213444697767, 0.12826507391262917, -0.13671259907581634, -0.4704617868964207, 0.30157520474306776, 0.14573036328851086, 0.14746185987812024, 0.5853868339607899, 0.2650565269192523, 0.5483206961054268, 0.017579138479798747]], "inverted": true, "swapped": false, "error_lsq": 0.04647943017028683, "error_max": 0.2869836288774413, "target": "256.xyz", "model": "14.xyz", "model_rescale": 3.942246331269136, "target_rescale": 3.766165615462022},
{"mapping": [5, 3, 10, 4, 9, 6, 11, 2, 1, 12, 0, 8, 7, 14], "R": [[-0.17674296278518836, 0.46325299456955316, 0.8684230467509804], [0.36605537952801986, 0.8499615962045284, -0.3789046635976496], [-0.9136549590652432, 0.2509221951119357, -0.31980098151146563]], "T": [0.04355762392893541, -0.16127189971646805, -0.11913721363770863], "aligned_model": [[-0.5722499979226435, -0.4779692306170736, 0.1693421156216816, 0.10318177966309999, -0.05878230991091774, 0.4520459100077172, 0.7291073436848897, -0.3992031397893828, -0.5940275504765253, -0.09843351873469458, -0.0811110053335537, 0.5908158111555938, 0.17620726205275689, 0.001146983402988709], [-0.015030554912077165, -0.5379075082707919, 0.22361508996833473, -0.35076652946175046, 0.6364925330701144, 0.20483270503690698, -0.20465581611913675, 0.16566342312062582, -0.5950630951308322, -0.9527037062118879, -0.20647931959186874, -0.22465160899174433, 0.40760799135608694, -0.1897011604382624], [-0.07251103935308223, -0.43961075210369005, -0.7065389355147644, -0.6706811577376246, -0.15464430947387334, -0.010077010753176185, -0.32468633719859574, 0.4097523016983993, 0.1297639312772032, 0.027663567134130707, 0.6041410902912001, 0.42430773780941317, 0.5051698031160168, -0.03581360924225366]], "inverted": false, "swapped": false, "error_lsq": 0.04896555568500905, "error_max": 0.31272120644672, "target": "256.xyz", "model": "15.xyz", "model_rescale": 4.355366556412066, "target_rescale": 3.766165615462022},
{"mapping": [11, 10, 9, 2, 3, 5, 1, 4, 8, 12, 7, 13], "R": [[0.5988029536721373, 0.10933094922700598, -0.7933988695572018], [0.6642647897821525, -0.6212207742197999, 0.41573674210180767], [-0.4474229673689054, -0.7759713224204063, -0.44461353449026847]], "T": [-0.0841240347456782, 0.09061992691844292, 0.04530541454556574], "aligned_model": [[-0.19792063718561845, 0.44293930217219646, 0.19057711698473345, -0.5998350314477132, -0.5683811866143491, -0.4090951461373358, -0.2623388952523605, -0.22149433451750558, 0.5608586805953135, 0.21009147407892242, 0.5727665865872755, -0.12035937463177782], [-0.7087619685803294, -0.38971127914548265, -0.3846770966968228, 0.3413606155689084, -0.2213498909235919, -0.03648984031459562, 0.35845882352154046, 0.6498222461187925, 0.10402697953318964, 0.022239917718033297, 0.28698752893103896, -0.009129607989700667], [0.20246671119281942, 0.04445531519078693, -0.5024823970752205, -0.11216112910794657, -0.48788165318026616, 0.4388396398930661, -0.7750449646386585, 0.5452703244565686, -0.567844097519852, 0.6400244705480433, 0.054665973742284456, -0.03104973229220446]], "inverted": true, "swapped": true, "error_lsq": 0.04085172588744464, "error_max": 0.310131376651433, "target": "256.xyz", "model": "16.xyz", "model_rescale": 3.795458400668931, "target_rescale": 3.766165615462022},
{"mapping": [3, 6, 11, 1, 10, 5, 2, 9, 0, 4, 12, 7, 13], "R": [[0.2773898850278834, -0.6134431239769873, 0.7394203035686621], [0.5103466918462785, 0.7461447463652301, 0.42756785612710213], [-0.8140031362382935, 0.2587577073575221, 0.5200416743659123]], "T": [-0.09930918341561534, 0.1313888704557717, 0.05137616289388634], "aligned_model": [[-0.05083049779525506, -0.19188550568001428, 0.5392223109253435, -0.4009775366704751, 0.576926162329887, -0.15594661811219035, -0.5659695689855763, 0.46213550055642194, -0.5094559773055704, -0.6659095827875448, 0.09006900451374289, 0.04940878727459597, -0.02815467735914301], [-0.3606023855569827, 0.18265542130254148, 0.3361613315072887, -0.6925692587221153, 0.1308455230365338, 0.5462589239004192, -0.014298350180702274, -0.40285595805348823, -0.24386744250963832, 0.6068826303589545, 0.714114933185716, 0.09877805965769679, 0.06227783754426246], [-0.558306563298955, -0.7694811677997521, -0.42507585428259426, -0.029631007608848306, 0.2776945520026512, -0.2669119808231711, -0.2871910471507582, 0.02306008918149531, 0.40009636407159477, 0.2368820008760727, 0.3149963150361205, 0.7199362901799252, -0.03379295954748497]], "inverted": false, "swapped": true, "error_lsq": 0.04582307412887395, "error_max": 0.30473552084831196, "target": "256.xyz", "model": "17.xyz", "model_rescale": 3.7474275329858107, "target_rescale": 3.766165615462022},
{"mapping": [12, 5, 9, 4, 7, 2, 6, 11, 10, 8, 3, 0, 1, 13], "R": [[-0.8803657159806133, 0.32817042073226466, 0.3424330315293059], [-0.3612002219711479, -0.931807818182957, -0.03561726577252689], [0.3073932428891952, -0.15504310668174076, 0.938866885823831]], "T": [-0.037415846435105315, -0.08601302270618955, 0.015561424501643308], "aligned_model": [[-0.5907364947558635, -0.40302008370244435, 0.04165840119138653, 0.31860713634074533, -0.21565684593244389, 0.5578186415806261, 0.5325045495307094, -0.5321202906455784, -0.6213797238027317, 0.02123020203239953, -0.16721201841192898, 0.7225024665673612, 0.2083286323203426, 0.067545880491357], [0.14743205363544104, -0.5026117584108892, 0.07568564312651585, -0.6654023929526856, 0.6439760530449052, 0.29897141860336973, -0.06452123791489232, 0.2136607230257755, -0.43802745122065745, -0.7832405100806337, -0.3325259129895122, -0.36385122610270126, 0.204528084228787, -0.0728210425691061], [-0.4300578971028465, -0.44919547084441463, -0.6288956886457735, -0.46065429909572037, -0.037025431446864786, -0.02070988697036124, -0.5037916893900378, 0.4482273704731684, 0.12285262875836209, 0.18075501719629408, 0.6344099762277984, 0.2264464194106056, 0.5932412087696133, 0.010633022609479553]], "inverted": true, "swapped": false, "error_lsq": 0.03951514986814116, "error_max": 0.20748290762819666, "target": "256.xyz", "model": "18.xyz", "model_rescale": 3.922800546911778, "target_rescale": 3.766165615462022},
{"mapping": [7, 12, 3, 5, 9, 2, 0, 11, 13, 8, 6, 1, 10, 14], "R": [[-0.2733066745639114, 0.005587713297546093, -0.9619107230397844], [0.8980728357630521, 0.3597448197788301, -0.25307873539040643], [0.34462826828820414, -0.9330339983636189, -0.1033388339119038]], "T": [-0.009748390507224494, -0.20799053217994534, 0.04447432941283207], "aligned_model": [[-0.5688742469344115, -0.38345121336737115, 0.01940411038587921, 0.2835213786010748, -0.031312805148205544, 0.4107244243092758, 0.565475972062691, -0.5478651455908669, -0.6642785373910332, -0.04738484289161364, 0.24073580239339043, 0.701762954847844, 0.02802561195553248, -0.06641301042824939], [0.18970489258392886, -0.4904380653201238, 0.04941769156751158, -0.7118901866409992, 0.6011166455751604, 0.37117570892022744, -0.10082973424248065, 0.18393869070447677, -0.39710867337808353, -0.7956046000832231, -0.3820734366883019, -0.3361095997373412, 0.32809499843418766, -0.14814188827122235], [-0.36470490375412845, -0.587335480400136, -0.5403678558166211, -0.44808196274767853, -0.042839683445032126, 0.07444164424035374, -0.5522468213505026, 0.2975858758034879, 0.1318720542699835, 0.21085900020824672, 0.6631184786440145, 0.20359734438894878, 0.645960884430825, -0.005623294522458425]], "inverted": false, "swapped": false, "error_lsq": 0.04074722205018085, "error_max": 0.24332675993927425, "target": "256.xyz", "model": "19.xyz", "model_rescale": 3.9282355846067225, "target_rescale": 3.766165615462022},
{"mapping": [6, 7, 5, 7, 3, 1, 2, 4, 8, 9, 11, 10, 0, 13], "R": [[-0.3125239759717655, 0.9110769980490319, -0.2688260926114948], [0.5534332151709153, 0.4046468524896285, 0.7279921710539341], [0.7720365540493421, 0.07873771901827925, -0.6306821155030606]], "T": [-0.0846923438745852, -0.18942590979561058, -0.04111819745662458], "aligned_model": [[-0.5412843378012162, -0.0014197501197362045, -0.004133815153982104, -0.0014197501197362045, -0.1773052527391482, 0.42638611344647687, 0.6191135680010724, -0.4220883458518664, -0.7524040145164866, -0.19527551093259943, 0.03412719275387803, 0.6957112586879204, 0.21126266732917326, 0.048800429820187605], [0.017281508467799078, -0.53869666247146, 0.2538776125532897, -0.53869666247146, 0.5563211666852412, 0.35834074181246756, -0.10266655890174821, 0.09916221807510639, -0.4340034552624314, -0.7846107444716945, -0.26554482995883855, -0.4419086551756312, 0.29262843913575953, -0.11023167459268327], [-0.460212278032864, -0.5502089485356519, -0.5746746263111759, -0.5502089485356519, -0.0006309627589618366, -0.05697071003382502, -0.46045846955224323, 0.4086024661131442, 0.22900127290827155, 0.2934728977219633, 0.6613424769120806, 0.22242881805350367, 0.5247715658511902, -1.927385047675867e-05]], "inverted": true, "swapped": false, "error_lsq": 0.05144508756316817, "error_max": 0.4506499734254975, "target": "256.xyz", "model": "20.xyz", "model_rescale": 4.067790424073018, "target_rescale": 3.766165615462022},
{"mapping": [7, 1, 8, 5, 0, 2, 4, 12, 10, 13, 11, 6, 3, 14], "R": [[-0.837849563300196, -0.5299454975860799, -0.13101862030227968], [0.368469230159289, -0.3719124706017424, -0.852004425244804], [0.40278845031044735, -0.7621278657805068, 0.506875310601491]], "T": [0.00415418247714228, -0.11814801245302947, -0.025380868825472833], "aligned_model": [[-0.48355733421455993, -0.538266166285568, 0.021845060383290125, 0.19887035894236585, -0.05646405400028538, 0.5368833660432027, 0.6755476807066424, -0.4952743771195437, -0.5975792530783681, -0.09211886431657883, -0.04358563785503576, 0.665410057345345, 0.20726044433967458, -0.05890082808664403], [0.18403344884245582, -0.4797990526637464, -0.027249039632990718, -0.5104995269032399, 0.5775150975866374, 0.3995165005490769, -0.07109778967394786, 0.1246548136521124, -0.6194685527426818, -0.8033007398311138, -0.3343777902698667, -0.26820399336413736, 0.3417257404813368, -0.1521966726061781], [-0.5023376783422158, -0.523671739343351, -0.5880462279015626, -0.4211232352575698, -0.15513562310162193, 0.0187212909205377, -0.4606848336682843, 0.5024749527699918, 0.21520468762362455, 0.0814870201993596, 0.582071060728694, 0.2708973336134925, 0.6609200814908659, 0.005458190217342198]], "inverted": false, "swapped": false, "error_lsq": 0.03701794691089359, "error_max": 0.2728829242527999, "target": "256.xyz", "model": "21.xyz", "model_rescale": 4.186013935880536, "target_rescale": 3.766165615462022},
{"mapping": [6, 3, 11, 4, 0, 5, 2, 1, 10, 9, 8, 7, 13], "R": [[-0.45332350069836697, -0.6721113838023544, -0.5854605806353339], [0.00857065520816197, 0.6535103256075411, -0.756869075992426], [0.8913048567038557, -0.34812431987382053, -0.2904911536148894]], "T": [0.15387112138706316, -0.09005045401190903, 0.06753994119446713], "aligned_model": [[0.10094843870468767, -0.3894262646136122, 0.3965338496296748, 0.5587305759655363, -0.23695281710044447, 0.5186581114097732, -0.09468767352828428, -0.7092266934582463, 0.27705442426346727, -0.2923130386969253, -0.3744611456452922, 0.2166947668301355, 0.0870215016627554], [-0.3773965790880213, -0.10189030702503327, 0.3769966786821703, -0.6700636119055433, -0.3391310115739151, -0.28784866248745034, -0.5910262616835394, -0.25911451571167315, 0.6103695771850102, 0.5313010446448302, 0.4440183434996362, 0.21269348185301185, -0.02995151684338926], [-0.7068222389865224, -0.4988577757994146, -0.5646329235395562, 0.352524682732403, 0.5321462224883574, -0.25562970979253563, -0.1346139680739108, 0.12187649166937214, 0.1200014042059992, -0.060058963138622634, 0.5447928211559583, 0.6795468385854252, -0.027393320171606922]], "inverted": true, "swapped": true, "error_lsq": 0.0474797638359773, "error_max": 0.35137876961354714, "target": "256.xyz", "model": "22.xyz", "model_rescale": 4.166573947596378, "target_rescale": 3.766165615462022},
{"mapping": [10, 14, 9, 12, 8, 3, 11, 0, 5, 6, 1, 2, 4, 15], "R": [[0.7210850118343578, -0.4424013411754864, -0.5332142712212188], [-0.3797036950624734, -0.8960685765447748, 0.2299700199698343], [-0.5795355982713649, 0.036635494471245186, -0.8141230440671109]], "T": [-0.024864822350096676, -0.10676222765304441, -0.09046618507216156], "aligned_model": [[-0.6880187574471593, -0.3146812114539536, 0.09896489066259717, 0.1983496919339101, -0.1395001395932942, 0.4876440566096606, 0.6505746016812148, -0.37254506765516116, -0.6459102149726198, 0.11043999240100918, -0.06167978076347374, 0.4658986948638584, 0.19534042482826186, -0.04480672829091352], [-0.010232369557466675, -0.3882521824574018, 0.23104036243666418, -0.6119611996997314, 0.6897867677061589, 0.2048331495467772, -0.19814063863314696, 0.16303077065284496, -0.5036535665348925, -0.7890068568849689, -0.34173060318617665, -0.28659331029817103, 0.3391751452018983, -0.1370430248686713], [-0.4249061317971412, -0.7707217467335776, -0.5710957498993499, -0.4430716791943362, -0.010169346691179137, -0.04960517785038246, -0.48736024889449403, 0.5973462515177445, 0.2940359171642969, 0.21830963159136382, 0.5814963006392686, 0.3333512179159195, 0.45036930005334663, -0.03174325787217618]], "inverted": false, "swapped": false, "error_lsq": 0.040602931431941346, "error_max": 0.23745106596420554, "target": "256.xyz", "model": "23.xyz", "model_rescale": 4.274766983524099, "target_rescale": 3.766165615462022},
{"mapping": [12, 0, 4, 5, 2, 6, 11, 3, 9, 1, 13], "R": [[-0.5918327907987619, -0.5826887451382283, 0.5569629916112793], [-0.7820799068754725, 0.24780948437848, -0.5717879665695358], [0.19515370095645532, -0.7739924326124312, -0.6023709382612095]], "T": [0.043195990029265746, 0.09774180819333204, -0.12995209102035135], "aligned_model": [[0.030810449971400727, 0.1985658895287541, -0.42164393541905176, -0.39549603619318807, -0.3766563123321013, -0.5478303153660361, 0.03176547666391, -0.06051044212479423, 0.6317690879533956, 0.22126294611548195, 0.0678578951603042], [-0.21315930736661542, 0.7352769383612119, 0.40306476209395686, -0.17611237385169803, 0.3974751935322091, -0.18359846426351667, -0.693939523981773, 0.0391027114160533, -0.11314158584880914, 0.6818670351863667, 0.0387511459660977], [-0.7199660244191315, -0.12269786470958657, -0.6517226169523633, -0.2257930832434551, 0.16586606148157887, 0.376546625125995, 0.09314153594282673, 0.645886189698924, 0.3289045014975014, 0.5053138643142683, -0.015912754714980035]], "inverted": false, "swapped": true, "error_lsq": 0.04646921496102814, "error_max": 0.3230481492840353, "target": "256.xyz", "model": "24.xyz", "model_rescale": 3.7841303162186577, "target_rescale": 3.766165615462022},
{"mapping": [4, 3, 12, 13, 2, 9, 14, 1, 6, 11, 7, 10, 8, 15], "R": [[0.42193680655469584, -0.9063633821546878, 0.021788776090942513], [0.8636989602174162, 0.4091505682919097, 0.29431262050031426], [-0.27566907224746817, -0.10536238396848951, 0.9554607949312715]], "T": [0.013456981245592475, -0.0886531828457114, 0.0789887021655833], "aligned_model": [[-0.6775566915668739, -0.470500334828026, 0.208726439482014, 0.20148736458773414, -0.09907711519365532, 0.4510651853927092, 0.7016996537043557, -0.4460923602990825, -0.5850408120766182, 0.036080587266374406, 0.024432597423821853, 0.6777507429719914, -0.04104686418301433, -0.04185793987779367], [0.1412896748680707, -0.40056941368499716, 0.08541381020927584, -0.5403744846892964, 0.5978842525261631, 0.2549060410890428, -0.1388526506040773, 0.2687953941154914, -0.49218461077127856, -0.8513395102761037, -0.5218009563800278, -0.3372644358199776, 0.42442606023298673, -0.12907672739155537], [-0.0832787592399629, -0.4844786605014878, -0.6328697297132457, -0.5314148018151728, -0.2122078893303223, -0.10158490564743199, -0.31229252605033586, 0.5416779189379982, 0.11044073402087691, -0.00601310701541731, 0.5638269249080071, 0.39861559137103586, 0.36749659598158957, 0.06831789404317207]], "inverted": true, "swapped": false, "error_lsq": 0.046493740148493876, "error_max": 0.24428890311097706, "target": "256.xyz", "model": "25.xyz", "model_rescale": 4.19342608120988, "target_rescale": 3.766165615462022},
{"mapping": [11, 10, 9, 2, 3, 5, 1, 4, 8, 12, 7, 13], "R": [[0.5988029536721373, 0.10933094922700598, -0.7933988695572018], [0.6642647897821525, -0.6212207742197999, 0.41573674210180767], [-0.4474229673689054, -0.7759713224204063, -0.44461353449026847]], "T": [-0.0841240347456782, 0.09061992691844292, 0.04530541454556574], "aligned_model": [[-0.19792063718561845, 0.44293930217219646, 0.19057711698473345, -0.5998350314477132, -0.5683811866143491, -0.4090951461373358, -0.2623388952523605, -0.22149433451750558, 0.5608586805953135, 0.21009147407892242, 0.5727665865872755, -0.12035937463177782], [-0.7087619685803294, -0.38971127914548265, -0.3846770966968228, 0.3413606155689084, -0.2213498909235919, -0.03648984031459562, 0.35845882352154046, 0.6498222461187925, 0.10402697953318964, 0.022239917718033297, 0.28698752893103896, -0.009129607989700667], [0.20246671119281942, 0.04445531519078693, -0.5024823970752205, -0.11216112910794657, -0.48788165318026616, 0.4388396398930661, -0.7750449646386585, 0.5452703244565686, -0.567844097519852, 0.6400244705480433, 0.054665973742284456, -0.03104973229220446]], "inverted": true, "swapped": true, "error_lsq": 0.04085172588744464, "error_max": 0.310131376651433, "target": "256.xyz", "model": "26.xyz", "model_rescale": 3.795458400668931, "target_rescale": 3.766165615462022},
{"mapping": [0, 7, 4, 2, 6, 9, 8, 1, 10, 5, 3, 11, 13], "R": [[-0.09128785739628226, -0.8903404758967395, -0.4460497327338778], [-0.9934987803612643, 0.11202264830369651, -0.02027559339963242], [0.06801985381252251, 0.44129894997268476, -0.8947784844531796]], "T": [0.06889727031913101, -0.06876933300119954, -0.06641399454205206], "aligned_model": [[-0.055776032836898526, 0.2705114021847669, 0.6778382555606013, -0.10468804602860426, -0.18571836571348838, -0.5310347544294354, -0.3670260827544957, -0.6478116978841333, 0.027044523532261278, 0.33026727423482977, -0.6205370162919477, -0.053336196313513745, -0.04005688043868594], [-0.6667326414367614, -0.582428761000559, -0.22032270133794668, -0.019345788299053042, 0.5990962695575398, -0.07447559256210376, -0.668877116708023, -0.46619579000957173, -0.013234054961336714, 0.3534248518668935, 0.240354524007102, 0.6432377641869369, -0.0026194600462027956], [-0.30628879712245305, 0.3405981397282715, -0.49973281162677385, -0.6330266387815108, -0.48370502828201656, 0.4250007735131463, 0.4254968250930157, -0.3902247754519323, 0.6432892756985271, -0.23982130119808048, -0.27911427908301106, 0.3269886337290617, -0.03732335411681806]], "inverted": true, "swapped": true, "error_lsq": 0.04484408518166674, "error_max": 0.2456390873399353, "target": "256.xyz", "model": "27.xyz", "model_rescale": 3.6321398670334006, "target_rescale": 3.766165615462022},
