[{"mapping": [0, 3, 6, 5, 1, 2, 9, 4, 7, 12, 11, 8, 13], "R": [[0.683524647904497, 0.26025179176851787, -0.6819553215484943], [-0.6967694341135794, 0.5110282519206262, -0.5033512505437848], [0.21750037101595138, 0.8192186097863169, 0.5306358996408918]], "T": [0.17041161121537035, -0.01984087715371132, 0.0030471835286788734], "aligned_model": [[-0.10632105380457624, -0.0375943295617672, -0.1962950924691645, 0.667325579124621, 0.4834686732229884, -0.541728468750333, -0.14176739326880883, -0.6355033588305152, -0.20407984991478872, 0.45238748844737103, 0.5570664139504165, 0.03475638237790585, 0.12939011857413732], [-0.6289659369927855, 0.22168718210131697, 0.6477994320486359, 0.5373131594936564, -0.23556492473719268, -0.0788649164984441, -0.5750729351105808, 0.331985871619206, -0.04662986354700318, -0.5190358791132522, 0.18539441819024285, 0.48613220749885044, -0.027950542031622762], [-0.3813980377547042, -0.41119674339318923, -0.0627471565673398, -0.11966038912201706, -0.431121590848671, -0.2809086487684889, 0.36499303961833385, 0.3773775543442179, 0.6591210956941359, 0.08313315390716462, 0.5465896178521487, 0.5828471732828415, 0.16049982000216723]], "inverted": false, "swapped": false, "error_lsq": 0.04479382146740151, "error_max": 0.23695415801227163, "target": "258.xyz", "model": "0.xyz", "model_rescale": 3.8414455957264533, "target_rescale": 3.7511770437448653},
{"mapping": [10, 8, 9, 13, 12, 6, 3, 2, 4, 1, 0, 7, 14], "R": [[0.5879606982225185, -0.8054339195437674, 0.07468881170598674], [-0.09877307436924748, -0.16313288709908225, -0.9816473607800131], [0.8028362828904381, 0.5697928240993229, -0.1754709106364427]], "T": [0.02602315906878993, 0.030863274251761618, 0.08844157699746845], "aligned_model": [[-0.14922341148417448, 0.0900958593680366, -0.10771065218568177, 0.5738692744782907, 0.4323737603787672, -0.6811101910926405, -0.059831199254449886, -0.627096749700807, -0.07445391039204155, 0.4971558523880703, 0.5113193754414717, -0.0031709371893913416, 0.05888803834203602], [-0.43265544990751303, 0.2758970249516243, 0.689018305778275, 0.4998123058863744, -0.21873840088543658, 0.082563273230649, -0.6588323854766125, 0.12089221113679742, -0.08322658288101073, -0.6326388072341085, 0.1864441797367818, 0.522390364536315, -0.05269876595110816], [-0.38359690901142995, -0.6599938227498253, -0.03179528173199432, -0.14564908962341272, -0.5072661839481122, -0.2391507137828508, 0.4494482364219221, 0.4200043959482279, 0.6106533136141186, 0.3822048563881717, 0.6039990749838591, 0.501362666789683, 0.08730834494824213]], "inverted": true, "swapped": false, "error_lsq": 0.04967098596280254, "error_max": 0.2594515862119723, "target": "258.xyz", "model": "1.xyz", "model_rescale": 4.316132596720782, "target_rescale": 3.7511770437448653},
{"mapping": [6, 8, 9, 1, 0, 5, 4, 2, 10, 7, 3, 12], "R": [[0.455815136213882, 0.3412227159950575, 0.8220703252686333], [0.27646144134581685, 0.8236392251616573, -0.4951641124153672], [-0.8460506090343024, 0.45297404436022737, 0.28109230172422905]], "T": [-0.07947953019549403, 0.03310075340834012, -0.008953892320508229], "aligned_model": [[-0.09986220061730317, 0.43773228997685765, 0.15770426289860606, -0.5688063369345857, -0.5964728192722666, -0.5670456459134278, -0.2729789188469948, -0.012827791345606576, 0.6030044681958442, 0.10894375164415668, 0.33889378680925897, 0.06952370803724225], [-0.7648562394212117, -0.30602674774756694, -0.4700512296533506, 0.5137209880377307, -0.23631423536379442, -0.1218156157464017, 0.35563871974941225, 0.5483456136616396, -0.06260810216429225, -0.060173995193934626, 0.6061298314160495, 0.010787440166700954], [0.07212669388618886, 0.1759291982514576, -0.6122107055782481, -0.026138751986571736, -0.37593311370389704, 0.3521661022657122, -0.5627140830999661, 0.3833971318958436, -0.4033582848185323, 0.7929037154889546, -0.2542786516366634, -0.0926307897548573]], "inverted": false, "swapped": true, "error_lsq": 0.04638291049380767, "error_max": 0.2868419935678866, "target": "258.xyz", "model": "2.xyz", "model_rescale": 3.795458400668931, "target_rescale": 3.7511770437448653},
{"mapping": [9, 10, 4, 2, 6, 5, 3, 8, 11, 7, 0, 12], "R": [[0.6338308093912188, -0.17181337952249134, -0.7541476431598344], [0.7255248063355787, 0.4700134692735258, 0.5026938373336058], [0.2680900230485903, -0.8657756645451089, 0.42256388655833044]], "T": [-0.032199044043766924, 0.11520028866266584, 0.12483585329940447], "aligned_model": [[-0.2332472751591293, -0.05308548043039744, -0.6963632175604881, 0.10810217327310703, 0.35171979999677855, 0.13918844249317372, -0.30512738291623176, 0.4601470385103427, 0.5416732174797197, 0.741588445695366, -0.42711855716401365, -0.03417337847466243], [-0.08545226726296924, -0.5719651737442107, 0.03714817629648469, -0.017768975411741147, 0.425019485615452, 0.7023615649285102, -0.5209748245074141, -0.18964065520739753, -0.4225609905711808, 0.18458381258548712, 0.5787323831577824, -0.03371349058909352], [-0.6450050478439383, -0.2724887016518309, 0.15511654688572254, 0.7465221003273486, -0.507890994170204, 0.2589828407077264, 0.4153081262977194, -0.16040898903734888, 0.4437433284577734, 0.4140035942374608, -0.1972151078581498, 0.038103734286821137]], "inverted": true, "swapped": true, "error_lsq": 0.05607153817507082, "error_max": 0.3067819730330842, "target": "258.xyz", "model": "3.xyz", "model_rescale": 3.7530521520055578, "target_rescale": 3.7511770437448653},
{"mapping": [1, 0, 4, 9, 3, 6, 2, 5, 7, 8, 12], "R": [[-0.8821774232407305, 0.018425047355372925, -0.47055659760999813], [0.3496896427275453, 0.6948846087832752, -0.6283729260918206], [0.31540473632053656, -0.7188851772752497, -0.619454561853011]], "T": [-0.0537277079671052, -0.07203287897712256, 0.024317310976789033], "aligned_model": [[-0.42806639835659893, -0.22877475222501847, 0.13812969951040993, 0.5095566271728099, 0.42395580088742446, -0.11672484888476085, -0.24798918783339546, -0.6594349511769079, -0.40496804822176086, 0.2374456518342502, 0.11507000973875313], [-0.6045766887805124, 0.07208436417695556, -0.4987426927137778, 0.3544658508875858, -0.6221536929153486, 0.7204317045066636, -0.5071696060046152, 0.07822747453609909, 0.1684836202058485, 0.3516232626705897, -0.04547023825514199], [-0.1924763435613428, -0.6261663541331839, -0.4544650739214823, -0.3929912603670965, 0.20533761259465377, -0.08410833764381052, 0.4679134705011206, -0.027335479882721073, 0.7356267879743319, 0.41474122716514517, 0.04675452851970191]], "inverted": true, "swapped": true, "error_lsq": 0.044520505711298404, "error_max": 0.26896605076032687, "target": "258.xyz", "model": "4.xyz", "model_rescale": 3.7855080009869324, "target_rescale": 3.7511770437448653},
{"mapping": [2, 12, 13, 6, 1, 14, 3, 15, 10, 5, 7, 8, 16], "R": [[-0.9838969933109759, 0.16362557578334236, -0.0719261948332563], [-0.006519277658452158, 0.36929417995368424, 0.9292896790942791], [0.17861748394945515, 0.9147942280108166, -0.3622807127431166]], "T": [0.08817863079667956, 0.023012410526762957, 0.03893186162904241], "aligned_model": [[-0.21431111360048957, -0.09767138798235014, -0.10843797281365311, 0.5433109208220431, 0.45363282532583826, -0.5293056351900666, -0.056012747401727875, -0.590077133854172, -0.048174535579740524, 0.49648171548661846, 0.6174473825779337, -0.04535051337606952, 0.039573304683321514], [-0.5470504771882584, 0.2218312050350025, 0.7010898590749643, 0.49059386999926025, -0.1935920666111352, -0.02176355094903091, -0.6405081217881031, 0.30926035438401145, -0.11176462779783886, -0.5413787684577855, 0.09325181382790657, 0.532790994534779, 0.005466788857255329], [-0.3206706219041473, -0.5847636734522004, -0.12361205191587307, 0.05623057258680591, -0.5876698229954339, -0.23384220800661218, 0.1851028404486453, 0.40953857910896363, 0.7419306084514373, 0.4510658601494452, 0.5645843004968946, 0.5054140551872699, 0.024220450091403462]], "inverted": false, "swapped": false, "error_lsq": 0.04405120537120759, "error_max": 0.32503175857959, "target": "258.xyz", "model": "5.xyz", "model_rescale": 4.2253639853439635, "target_rescale": 3.7511770437448653},
{"mapping": [8, 12, 7, 6, 11, 9, 1, 0, 4, 10, 2, 3, 13], "R": [[0.6694560471617147, 0.24352553414551398, -0.7018004810042198], [-0.6548330083480277, 0.6395291525145976, -0.4027358864837256], [0.3507453949754492, 0.7291760948516501, 0.5876052166211712]], "T": [0.06405120142780758, -0.05311695236466494, 0.07411300475699263], "aligned_model": [[0.06553952945350501, -0.152686754601503, -0.13001670159595768, 0.46537444197327255, 0.4177014809238514, -0.43585865098057097, -0.3426382156309751, -0.6575626915949195, -0.010800767763561744, 0.4312013173322567, 0.5952492108425127, 0.14030086328992364, 0.0753020474496523], [-0.6933616347983074, 0.4922203202106813, 0.7104677911559882, 0.4404857353511005, 0.07842054996730866, -0.2554023284325169, -0.5324915733460733, 0.2610280914574936, -0.05080593013131191, -0.6697715325028777, -0.013580718488130292, 0.5358164476194476, -0.004797945141775027], [-0.29460017251474974, -0.6518179024410344, -0.01898481748052404, -0.02082914289603037, -0.606462600231773, -0.21183662993328628, 0.45293944624383636, 0.22789509137685093, 0.7778907779858273, 0.37980957911636154, 0.4820801272582396, 0.46186667933327324, 0.10957845242960808]], "inverted": true, "swapped": false, "error_lsq": 0.04674162715057009, "error_max": 0.2819347528902319, "target": "258.xyz", "model": "6.xyz", "model_rescale": 3.89814844738969, "target_rescale": 3.7511770437448653},
{"mapping": [7, 3, 6, 1, 0, 8, 11, 9, 10, 4, 2, 5, 12], "R": [[0.7018249788840749, 0.022957960052837567, -0.7119793754629277], [-0.6862709552821232, 0.2897521047245649, -0.6671400855471414], [0.19098134712722667, 0.956826342591955, 0.2191106459567237]], "T": [0.057947550038994, -0.06389522419119528, 0.031930677339922914], "aligned_model": [[0.10158453252943438, -0.10854458747075767, -0.1992035158604777, 0.5802459605587021, 0.46507334538846384, -0.5884734732877587, -0.4774741946720079, -0.5553374328467175, 0.08695885561611001, 0.38552351098651466, 0.6269635217246141, 0.035654920550992356, 0.1081336658803744], [-0.5327145086658113, 0.08631384848463117, 0.5065698889933602, 0.5991462146110234, 0.14014807071794755, -0.0903573031337748, -0.6092493137148871, 0.3258054636397143, -0.06311756785220438, -0.5706468657823406, -0.010276374426672452, 0.6184430530342907, -0.10183733298424935], [-0.42586728225556736, -0.7440200551832274, -0.22462094509477623, 0.08068550103472152, -0.34704862028989636, -0.1658732439911886, 0.29886295630487336, 0.5515081813810453, 0.7654573656420296, 0.2586299317239235, 0.45013360348650744, 0.40138178117951717, 0.18829971430863696]], "inverted": false, "swapped": false, "error_lsq": 0.04257070006445484, "error_max": 0.22992456708576725, "target": "258.xyz", "model": "7.xyz", "model_rescale": 3.7474275329858107, "target_rescale": 3.7511770437448653},
{"mapping": [8, 9, 11, 10, 5, 4, 2, 13, 1, 3, 0, 12, 14], "R": [[-0.9667472148663074, -0.1579406551667714, -0.20113321951813046], [-0.24451386433057154, 0.801273048911332, 0.5460535424649023], [0.07491857378760156, 0.5770756020954525, -0.8132471683121942]], "T": [0.10367001429063354, 0.08644170377203356, 0.09507227831831816], "aligned_model": [[-0.14582688648370717, -0.00788108894849783, 0.004250081571678707, 0.6135494001581067, 0.44655429942512226, -0.5917297875023355, -0.23077993276172815, -0.7347048814568429, 0.06557848406488585, 0.487192068896203, 0.6087660707173298, -0.10824756959576444, 0.05438485101303603], [-0.4056213071769543, 0.23200206756785116, 0.6254135392026724, 0.6412817678305365, -0.19666030850950664, -0.2563554600184885, -0.6230982071092714, 0.36670140299615306, -0.15912418003682188, -0.5166965968279529, -0.046763024784951535, 0.5714604801982432, 0.06568709958951814], [-0.3059708685079794, -0.6443254305949297, -0.19836424493765564, 0.18132119060842739, -0.4664480522769692, -0.010450543900379514, 0.4004995914929394, 0.2584548473511942, 0.8043312240384894, 0.0378922034224658, 0.4967533852915251, 0.4120743965338427, 0.12176118972562855]], "inverted": false, "swapped": false, "error_lsq": 0.05120350089246884, "error_max": 0.25333335987676886, "target": "258.xyz", "model": "8.xyz", "model_rescale": 4.019505241142653, "target_rescale": 3.7511770437448653},
{"mapping": [0, 3, 5, 6, 2, 4, 7, 8, 9, 1, 10, 11, 12], "R": [[0.4035088640712854, -0.806198135877203, 0.4326952302996002], [-0.8581967379163893, -0.49747009831657607, -0.12657748737656518], [0.31729947312526263, -0.32026249700678244, -0.8926102046052418]], "T": [0.10935912999323004, 0.035956596474016084, 0.1024005584707657], "aligned_model": [[-0.11187177123892415, -0.11324771914122574, -0.12926769582299397, 0.6139979397899697, 0.40663662147825314, -0.6087665203374819, -0.5662544994025106, -0.45259963333319353, 0.002985516646120831, 0.499363089744359, 0.8861086604875361, -0.055505461022817934, 0.08952658125039538], [-0.48212137535155297, 0.1385360354457943, 0.578805184188168, 0.5556735685452849, -0.022098423459289966, -0.08449876967216809, -0.5552681170357345, 0.07163515112724025, -0.07746034481206401, -0.4846350422187883, 0.07741392111916232, 0.5123546272065812, 0.0698908578383946], [-0.22209625433361865, -0.721240417416442, -0.21207896067091334, 0.044991686726938665, -0.4057607052374923, -0.294311839050161, 0.21894905475331852, 0.47531652815374326, 0.7681041811462265, 0.2845723435312876, 0.5852268370927258, 0.4672486185399328, 0.09860781501105266]], "inverted": true, "swapped": false, "error_lsq": 0.053363858054573325, "error_max": 0.3318223987000748, "target": "258.xyz", "model": "9.xyz", "model_rescale": 3.877068213659057, "target_rescale": 3.7511770437448653},
{"mapping": [0, 12, 6, 3, 5, 11, 8, 14, 2, 7, 4, 13, 15], "R": [[-0.013637660363047643, -0.978156124373637, -0.2074237463989324], [0.586796430633246, -0.175794758579416, 0.7904215026503817], [-0.809619641075922, -0.11093601401867345, 0.5763759515956095]], "T": [-0.0113985268056958, 0.05140572129917881, 0.11562829437337528], "aligned_model": [[-0.0300019474787706, -0.0751250153672739, -0.1319870035452888, 0.46468883007555084, 0.5456032175706622, -0.5418695679928374, -0.24037859691676694, -0.5413856294431406, 0.0021685501797574294, 0.3906658588753231, 0.6036300056381296, 0.029919756878548455, -0.014823349376407252], [-0.44270322130668727, 0.18539457222345426, 0.6090970230074906, 0.42879116497205, -0.06686785869655282, -0.2454608797311419, -0.6769665089777248, 0.38566258489141886, -0.03328346557264347, -0.5380747656481255, 0.031173691406787066, 0.662126288009816, -0.0006613516571130629], [-0.5082918136612703, -0.6166156118471775, -0.11834479468039043, -0.0678993554505241, -0.4198676059650097, -0.30285225704835866, 0.22682612466460145, 0.5813616588836181, 0.7736549154143217, 0.5120416577860161, 0.39744605284753326, 0.5878058931576652, 0.0422640241455733]], "inverted": false, "swapped": false, "error_lsq": 0.04085901045473431, "error_max": 0.26265720339648635, "target": "258.xyz", "model": "10.xyz", "model_rescale": 4.260839863003843, "target_rescale": 3.7511770437448653},
{"mapping": [5, 0, 4, 1, 3, 2, 7, 6, 9, 10, 8, 12], "R": [[0.5419504939732867, 0.7335191000001471, -0.41016995503947523], [0.34309350259417415, -0.6386438355611257, -0.6887821860192348], [-0.7671874025033076, 0.23255919941973593, -0.5977789793941233]], "T": [-0.017802917249847672, 0.017017593402585005, -0.10581781979624749], "aligned_model": [[0.29576898599570106, 0.2341952407165664, -0.42927300284606346, -0.4035903915771689, -0.6924939679690281, -0.42683761329447417, 0.23498309552427094, 0.7687585363529683, 0.28005956590715425, -0.13075796254262612, 0.26860582978247216, -0.04051966695564215], [-0.023805902908981547, -0.6155434551848427, -0.5035464702180349, -0.26014531717771994, 0.14160645096312496, 0.40863830115408645, 0.74687434358774, -0.004984096942969099, -0.3458448311682002, 0.1318867968530828, 0.4540941277758635, 0.04384855879978431], [-0.6463116243510985, -0.2102385756074139, -0.017338859821172725, -0.600873976995842, 0.19889909277780426, -0.42703874876051845, -0.40679537879838257, 0.05090449018829393, 0.5671945533956994, 0.6717075121116852, 0.2731695399788638, 0.06290005327758613]], "inverted": true, "swapped": true, "error_lsq": 0.03758103976729781, "error_max": 0.2048078698780601, "target": "258.xyz", "model": "11.xyz", "model_rescale": 3.890672605050136, "target_rescale": 3.7511770437448653},
{"mapping": [11, 10, 12, 4, 2, 9, 6, 5, 8, 1, 0, 7, 13], "R": [[0.9001289294714758, 0.12540790397980212, -0.4171819362675324], [0.4347224554067442, -0.19702799255084494, 0.8787470380698391], [0.028005304741531484, -0.9723439863395963, -0.23186822795621878]], "T": [0.03735679112343979, -0.07269864386936048, 0.14398390678484824], "aligned_model": [[0.006121578291744853, 0.06512759288162684, -0.24170233872456678, 0.5834064664636158, 0.4660952017596334, -0.6971880340302591, -0.14429247405968287, -0.6049501409610638, -0.03435045292427267, 0.5662113580990739, 0.5312423952700805, -0.09577742610356069, 0.06116138313511677], [-0.3356107991505138, 0.31067355461968854, 0.5531946727348103, 0.321453986955836, -0.07746679012987628, -0.17773351729609066, -0.5854548436840592, 0.30852722800431664, -0.032512535442629484, -0.6392847039078582, -0.15802680687178253, 0.7165128502725722, 0.09395497681661441], [-0.3383683752456503, -0.6633543398243054, -0.14844677735034495, -0.04974399388928305, -0.42322396841883486, -0.09103096769239397, 0.33409694671524726, 0.3609650613706946, 0.859828997344761, 0.21174358468627036, 0.45621884134944085, 0.43789659448990975, 0.14094728471108803]], "inverted": false, "swapped": false, "error_lsq": 0.044752621430478576, "error_max": 0.23584449983291242, "target": "258.xyz", "model": "12.xyz", "model_rescale": 4.124412569039231, "target_rescale": 3.7511770437448653},
{"mapping": [0, 6, 8, 9, 3, 1, 4, 2, 10, 5, 7, 11, 12], "R": [[-0.324124977367077, -0.661384514933933, -0.6763974589340194], [-0.06537573166145688, 0.7289476014003609, -0.6814406856964075], [0.9437526226488175, -0.17665196805659172, -0.2795086213790406]], "T": [0.13560117760775126, -0.048272748136899614, 0.0016671281138488092], "aligned_model": [[0.08827190503627108, 0.004241675446354232, -0.21703599177427935, 0.5075830623441597, 0.4993556479692763, -0.5873531767223247, -0.35440409287000774, -0.5918186568884014, 0.09752155103283214, 0.4146237055635917, 0.6638838007838846, -0.14997239284433728, 0.08620807202046701], [-0.5701404272538333, 0.32925117238475665, 0.5765874226330049, 0.46564095192736765, -0.13261070562509486, -0.028246536377634614, -0.5405122646592533, 0.15566194295469343, 0.09228988462994278, -0.6560819005864134, -0.046122999904329255, 0.6826967282809195, -0.030185995483098853], [-0.2476949757531685, -0.5348337436561303, -0.00797209665152266, -0.0768405677802213, -0.6060525194084712, -0.3722315898653509, 0.37027443817075034, 0.41599373816911367, 0.7251322348101426, 0.3572797574789328, 0.339291954139312, 0.6137816776396708, 0.11140058095354165]], "inverted": false, "swapped": false, "error_lsq": 0.040522184548171886, "error_max": 0.19709878231829134, "target": "258.xyz", "model": "13.xyz", "model_rescale": 3.9028299243045295, "target_rescale": 3.7511770437448653},
{"mapping": [12, 13, 10, 4, 5, 11, 1, 9, 6, 2, 3, 7, 15], "R": [[0.1939864431788308, -0.9088298253763158, -0.36932046838657834], [-0.21285975743303537, -0.4064973939353047, 0.8885103220499776], [-0.9576324887598455, -0.09374549178633063, -0.27230827978848415]], "T": [0.14463840076563533, -0.049836419102809094, 0.04712808772020514], "aligned_model": [[-0.08752198295317093, -0.0675089240799443, -0.0038077070810059177, 0.5982052263968023, 0.3707511482530698, -0.5546778694508447, -0.20777821390373835, -0.473647979970699, -0.07809125982615175, 0.4692504906671227, 0.4802219116543603, -0.057639947053460316, 0.07335021644514678], [-0.44215336080370976, 0.13490537310884426, 0.6488302648119141, 0.45368206659383903, 0.06159211570334459, -0.28009674990198036, -0.5324630154828147, 0.2523770631285768, -0.1309919206921207, -0.6727485672085373, 0.07963352005759239, 0.7098404973813559, 0.015819986224722908], [-0.4786373185655972, -0.6968580240900384, -0.1654306568699945, 0.03666180226024273, -0.3984709929675697, -0.014464303114160922, 0.30222190166800617, 0.40382742752504214, 0.6701959372387719, 0.26793845067421235, 0.5563536637781541, 0.49724186045089835, 0.1069491402586322]], "inverted": false, "swapped": false, "error_lsq": 0.04212276067371649, "error_max": 0.25687685711218317, "target": "258.xyz", "model": "14.xyz", "model_rescale": 3.942246331269136, "target_rescale": 3.7511770437448653},
{"mapping": [0, 7, 6, 9, 2, 8, 12, 11, 4, 1, 5, 10, 14], "R": [[0.3724482000574922, -0.10039755518523685, -0.9226064541215618], [0.6327689220427578, 0.7546949261940799, 0.17331779964492589], [0.6788857264450187, -0.6483485939598695, 0.3446132196237976]], "T": [0.0034458368818177584, 0.022745099330202738, 0.23050540611689557], "aligned_model": [[0.04828655844420209, 0.06617675099536008, -0.23075463401859383, 0.41900971110299146, 0.5016443549407509, -0.5601657504557211, -0.1942111871791147, -0.625739829526468, -0.08808641788520558, 0.39461219775966694, 0.621314560031076, 0.08408552826193916, 0.024933266626602786], [-0.3834368336808554, 0.25626534748636093, 0.42851363839797646, 0.6429097402553494, -0.12012819453580448, -0.057326586799585, -0.7366134064674444, 0.34521132313498304, 0.13788525664473775, -0.6856338550810387, -0.11899989135119088, 0.6432691209836732, -0.05368838606613451], [-0.3808234986908376, -0.5895632704246516, -0.0749310381251937, -0.07093246595765657, -0.32988140416975514, -0.2936810397084269, 0.4593779004775963, 0.3498869639388499, 0.7979810156662872, 0.2732788890874826, 0.200072582393962, 0.5732118326225624, 0.17353242113638098]], "inverted": false, "swapped": false, "error_lsq": 0.049742426176114046, "error_max": 0.31213527401758695, "target": "258.xyz", "model": "15.xyz", "model_rescale": 4.355366556412066, "target_rescale": 3.7511770437448653},
{"mapping": [6, 8, 9, 1, 0, 5, 4, 2, 10, 7, 3, 12], "R": [[0.455815136213882, 0.3412227159950575, 0.8220703252686333], [0.27646144134581685, 0.8236392251616573, -0.4951641124153672], [-0.8460506090343024, 0.45297404436022737, 0.28109230172422905]], "T": [-0.07947953019549403, 0.03310075340834012, -0.008953892320508229], "aligned_model": [[-0.09986220061730317, 0.43773228997685765, 0.15770426289860606, -0.5688063369345857, -0.5964728192722666, -0.5670456459134278, -0.2729789188469948, -0.012827791345606576, 0.6030044681958442, 0.10894375164415668, 0.33889378680925897, 0.06952370803724225], [-0.7648562394212117, -0.30602674774756694, -0.4700512296533506, 0.5137209880377307, -0.23631423536379442, -0.1218156157464017, 0.35563871974941225, 0.5483456136616396, -0.06260810216429225, -0.060173995193934626, 0.6061298314160495, 0.010787440166700954], [0.07212669388618886, 0.1759291982514576, -0.6122107055782481, -0.026138751986571736, -0.37593311370389704, 0.3521661022657122, -0.5627140830999661, 0.3833971318958436, -0.4033582848185323, 0.7929037154889546, -0.2542786516366634, -0.0926307897548573]], "inverted": false, "swapped": true, "error_lsq": 0.04638291049380767, "error_max": 0.2868419935678866, "target": "258.xyz", "model": "16.xyz", "model_rescale": 3.795458400668931, "target_rescale": 3.7511770437448653},
{"mapping": [7, 3, 6, 1, 0, 8, 11, 9, 10, 4, 2, 5, 12], "R": [[0.7018249788840749, 0.022957960052837567, -0.7119793754629277], [-0.6862709552821232, 0.2897521047245649, -0.6671400855471414], [0.19098134712722667, 0.956826342591955, 0.2191106459567237]], "T": [0.057947550038994, -0.06389522419119528, 0.031930677339922914], "aligned_model": [[0.10158453252943438, -0.10854458747075767, -0.1992035158604777, 0.5802459605587021, 0.46507334538846384, -0.5884734732877587, -0.4774741946720079, -0.5553374328467175, 0.08695885561611001, 0.38552351098651466, 0.6269635217246141, 0.035654920550992356, 0.1081336658803744], [-0.5327145086658113, 0.08631384848463117, 0.5065698889933602, 0.5991462146110234, 0.14014807071794755, -0.0903573031337748, -0.6092493137148871, 0.3258054636397143, -0.06311756785220438, -0.5706468657823406, -0.010276374426672452, 0.6184430530342907, -0.10183733298424935], [-0.42586728225556736, -0.7440200551832274, -0.22462094509477623, 0.08068550103472152, -0.34704862028989636, -0.1658732439911886, 0.29886295630487336, 0.5515081813810453, 0.7654573656420296, 0.2586299317239235, 0.45013360348650744, 0.40138178117951717, 0.18829971430863696]], "inverted": false, "swapped": false, "error_lsq": 0.04257070006445484, "error_max": 0.22992456708576725, "target": "258.xyz", "model": "17.xyz", "model_rescale": 3.7474275329858107, "target_rescale": 3.7511770437448653},
{"mapping": [11, 3, 8, 0, 1, 10, 12, 5, 9, 7, 2, 4, 13], "R": [[-0.8089429436483676, -0.2967738580948749, 0.507480631229407], [-0.20319066225542567, 0.9511713878396556, 0.23235004998360848], [-0.5516564770703919, 0.0848426078492809, -0.8297450591595094]], "T": [0.06147709329776014, -0.0012064226738260353, 0.08987254502997008], "aligned_model": [[-0.04514048161807454, -0.0071721592863274106, -0.23097586534787556, 0.5654612484869989, 0.5734182698746744, -0.5634687255952197, -0.3683109788154874, -0.5834745276009552, 0.03641464807219464, 0.30849589765997437, 0.732911020652662, -0.10721280160074634, 0.150159564215668], [-0.526017082194352, 0.13225033739376313, 0.6061711503086327, 0.6622881457094436, -0.0948315425743034, -0.044459239846305766, -0.5122906309581068, 0.12847263975493156, -0.09416631637622998, -0.7028026386405255, 0.021985949824031875, 0.6738161544574868, 0.04781034606256133], [-0.3948367762944206, -0.5719928148591409, -0.15996380547982283, 0.019748941122601033, -0.3658345818161468, -0.1999744624037509, 0.4264911250654573, 0.3906061217021002, 0.7520315122411892, 0.20888406577047583, 0.3189387338583861, 0.5427677445438726, 0.1206630847957988]], "inverted": true, "swapped": false, "error_lsq": 0.040635304014861304, "error_max": 0.22777460162590382, "target": "258.xyz", "model": "18.xyz", "model_rescale": 3.922800546911778, "target_rescale": 3.7511770437448653},
{"mapping": [1, 6, 11, 13, 8, 2, 0, 9, 3, 5, 12, 7, 14], "R": [[-0.7333767289906119, -0.1648783401779184, 0.659525364421419], [0.679156930533953, -0.22060984072144801, 0.700055113462188], [0.03007386045605437, 0.9613253513337887, 0.2737683907982033]], "T": [0.06717027670510049, 0.048951291507376544, -0.04098929336593474], "aligned_model": [[-0.15547491325748336, 0.008924403840666728, -0.0878926445661324, 0.5045591334054685, 0.5756930646166798, -0.6331713131618035, -0.17812177961936632, -0.6248047863168271, -0.07557228916225132, 0.46779329923288954, 0.5851637670975555, 0.026783940066031617, 0.0472252269220583], [-0.5499117668216097, -0.0006636504726361889, 0.7434006122692355, 0.5772938786856633, -0.06518040252846222, -0.09706491805853895, -0.627334880196706, 0.3213481443823318, -0.10011771684790213, -0.5624488709615424, 0.03838705814867289, 0.5200861249587839, 0.10043366036373762], [-0.4148544838975271, -0.7264916987152462, -0.010342203634136321, -0.004126772721184863, -0.36156562532567804, -0.0045216798645522915, 0.3843475810557747, 0.29024121944139003, 0.5644462805993584, 0.178612062138519, 0.5507751745189644, 0.6029143730161148, 0.03809466163480281]], "inverted": false, "swapped": false, "error_lsq": 0.0429878484437671, "error_max": 0.25091563242126597, "target": "258.xyz", "model": "19.xyz", "model_rescale": 3.9282355846067225, "target_rescale": 3.7511770437448653},
{"mapping": [11, 8, 6, 7, 9, 4, 0, 3, 1, 10, 2, 5, 13], "R": [[-0.8810633518463225, 0.12608053287543164, -0.4558849298487183], [-0.4499650263002647, -0.5205185372985954, 0.7256665401099411], [-0.1458041327943955, 0.8444904686012613, 0.5153416374616904]], "T": [0.09759073881510727, 0.10831942097613628, -0.01525682725602888], "aligned_model": [[-0.05186515229451327, -0.16023780049501019, -0.1349721896033233, 0.6035591609602943, 0.3701988241430342, -0.4693282872867893, -0.33770009247648136, -0.5384821192360023, -0.055216031867037635, 0.5909119809558165, 0.5523233085589248, 0.0024607452516900163, 0.08945276248688333], [-0.5540316279658337, 0.21601267158778487, 0.7184688066544147, 0.4710352418821993, -0.1571401019959518, -0.07398010230702906, -0.49383013923644453, 0.17420773786466037, -0.11087660448366735, -0.5445671411743862, 0.09695953632853072, 0.5475616556955496, 0.008407340071200822], [-0.24398635290598936, -0.7227511291539972, -0.03708033611522481, 0.007785859999874269, -0.5928733944656769, -0.22676934838473184, 0.2816182096300518, 0.38151151584841697, 0.6848174470627266, 0.25420121772961374, 0.6716241328781526, 0.5192585568180986, 0.11017250930528462]], "inverted": true, "swapped": false, "error_lsq": 0.03987352610227088, "error_max": 0.22231719050042914, "target": "258.xyz", "model": "20.xyz", "model_rescale": 4.067790424073018, "target_rescale": 3.7511770437448653},
{"mapping": [3, 12, 9, 7, 0, 11, 6, 13, 5, 2, 8, 1, 14], "R": [[0.036558297890319946, -0.19352182406686766, 0.9804146033516613], [-0.5092564753081034, -0.8477336074224174, -0.1483427558168651], [0.8598379691617078, -0.4938593265864353, -0.1295439397712722]], "T": [0.025239930383385303, -0.027898921839939278, 0.14993966167338968], "aligned_model": [[-0.07081505283246234, -0.16886202674795708, -0.027547610297737314, 0.5386606768851893, 0.6290022545379566, -0.5400126781285499, -0.24519958179099072, -0.564423369121713, 0.002890682581864007, 0.4144660634736092, 0.4652900920318343, 0.05184015377961669, -0.024184495273173408], [-0.577600379945089, 0.16452297747578654, 0.6706255544429907, 0.5064759876549118, -0.1028797326106143, -0.15241236390621948, -0.6902174699189098, 0.19325877607310324, 0.04217552842010579, -0.6525193028574052, 0.13897521602173077, 0.7318946072438643, 0.025927874826772168], [-0.4922026619646771, -0.5658201512521467, -0.18670099399877926, 0.06329931095453245, -0.21653948298371334, -0.13818903404157729, 0.3390256575081465, 0.4557336625101656, 0.7356496610769722, 0.040056412375968825, 0.4719284410914802, 0.45866498061640887, 0.12262308635381763]], "inverted": true, "swapped": false, "error_lsq": 0.04833782127333543, "error_max": 0.3076177802898069, "target": "258.xyz", "model": "21.xyz", "model_rescale": 4.186013935880536, "target_rescale": 3.7511770437448653},
{"mapping": [4, 3, 5, 0, 6, 11, 10, 8, 9, 7, 1, 2, 12], "R": [[0.5228142498425485, 0.5776730698963894, 0.6268644865344143], [-0.7606186970696625, -0.01588374155563764, 0.6490045488455712], [0.3848694036028625, -0.8161136753361479, 0.43108469133072]], "T": [0.021410323818898125, 0.025237295215539104, 0.11900062268021937], "aligned_model": [[-0.05846747693100185, -0.08753639626744028, -0.047094881764277174, 0.6320796843947554, 0.3590224876707149, -0.5751201383160385, -0.08977572008619317, -0.5549697608391329, -0.19756327197395232, 0.5171197522562512, 0.5685514066352721, -0.013397715777271946, 0.00825714009580063], [-0.5423045951188153, 0.19444913067314817, 0.7111758514767801, 0.40812660179378707, -0.049810718715805086, -0.04004619768484871, -0.7814594689585084, 0.3251962614646682, -0.20317378972406633, -0.5117307901816014, 0.06369810844779303, 0.7062791109208539, 0.017827768527641882], [-0.3272413390754326, -0.782019144949817, -0.23218894145446228, 0.07138600340973043, -0.31716296067062566, -0.07811724056830353, 0.3011473408766294, 0.5257914132347392, 0.653163239175041, 0.18427831951532214, 0.6030260737387206, 0.40998111774006196, 0.07548500727499532]], "inverted": true, "swapped": false, "error_lsq": 0.04897767421365979, "error_max": 0.27799553120983705, "target": "258.xyz", "model": "22.xyz", "model_rescale": 4.166573947596378, "target_rescale": 3.7511770437448653},
{"mapping": [2, 12, 14, 9, 11, 6, 1, 13, 7, 4, 8, 10, 15], "R": [[0.12383974371776835, -0.9827898265529287, 0.13706886845663446], [0.24570376019094264, 0.16420070367235895, 0.955336480587617], [-0.9614017787085426, -0.08463028853529253, 0.2618097289225211]], "T": [0.09176035814202169, -0.00948404781779471, 0.06912902243259247], "aligned_model": [[0.06454331932690083, -0.16729162871409856, -0.13325212274426326, 0.5452897090634916, 0.40439230616350474, -0.5051934803860978, -0.27553056940567544, -0.5268956432981687, -0.10800991237049076, 0.4582332935847494, 0.7115770394969066, -0.05044466680177198, 0.04368746518249937], [-0.5918790125726285, 0.2329474886235795, 0.7355377786702556, 0.3727409294205616, 0.08176298230385579, -0.3323854033259174, -0.6039754644155815, 0.4723397461994847, 0.07814172998103586, -0.6022822184140708, -0.052987613487539796, 0.562729754299958, -0.05446342436196529], [-0.2668539786484797, -0.48177965736269646, -0.07331263131396684, -0.023953526468811825, -0.64922226488906, -0.2750925068830866, 0.20975757927596797, 0.3883839711750887, 0.7501600127221119, 0.3018121328860426, 0.5868295744019923, 0.5309626815034305, 0.08983750184806649]], "inverted": false, "swapped": false, "error_lsq": 0.043107785203564356, "error_max": 0.22905898462770663, "target": "258.xyz", "model": "23.xyz", "model_rescale": 4.274766983524099, "target_rescale": 3.7511770437448653},
{"mapping": [6, 5, 7, 8, 2, 3, 9, 4, 0, 1, 12], "R": [[-0.23029615415109375, -0.8146365069207524, -0.5322884960011545], [-0.7040060674317594, 0.5171030483686245, -0.4868058076760641], [0.6718177866077117, 0.26262482548272403, -0.6925958869627253]], "T": [-0.07994243737368918, 0.09223049160787622, 0.04913212262746937], "aligned_model": [[0.2864181598943541, 0.27616587375861334, -0.4502425834813926, -0.4044391505681074, -0.5043843029987878, -0.6137276982066725, 0.157787715015276, 0.10619376566734486, 0.5899984442214353, 0.10072289825853693, -0.16459841760252508], [-0.2173724385459307, 0.5348706550693902, 0.5012567569547551, -0.22151295166537777, 0.5711999997723856, -0.03499113109851129, -0.6926698857949152, -0.033807595807472224, -0.00777122824392798, 0.5738357018019686, -0.05745135119888112], [-0.5940247909856139, -0.2142763160216693, -0.5695393985507359, -0.4123483439957134, 0.1686995072526662, 0.5614511132874608, 0.02169811625990882, 0.6796801513058474, 0.17450802640046592, 0.503167706194692, 0.060550662874268746]], "inverted": false, "swapped": true, "error_lsq": 0.04910236091335704, "error_max": 0.25648248600363077, "target": "258.xyz", "model": "24.xyz", "model_rescale": 3.7841303162186577, "target_rescale": 3.7511770437448653},
{"mapping": [9, 2, 4, 1, 8, 12, 13, 3, 11, 10, 7, 6, 15], "R": [[-0.12105596709746841, -0.2150802261115594, 0.9690644711090676], [-0.32927518148302315, 0.9296696518142811, 0.16520349074652035], [-0.936441833585738, -0.2990900112529904, -0.18336263926783788]], "T": [0.1275042496796874, -0.0317328039802754, 0.057160375048103125], "aligned_model": [[0.054219479119792996, -0.11338880635708468, -0.12452915000519862, 0.5391382880658913, 0.4493462956875821, -0.5231523666801258, -0.48270482823298777, -0.5345262762790604, -0.022893943479678408, 0.5279166674848582, 0.5652631000056704, 0.02226148621646913, 0.10415516355135761], [-0.43721947280934936, 0.13372174492297878, 0.6528478108934958, 0.5390829058035567, 0.1392293095746417, -0.304778232595381, -0.37290318966202524, 0.31155635364707346, -0.17695008770452467, -0.6691736657920256, -0.032052561770167194, 0.4999568325452161, 0.014909525867538215], [-0.357990937526009, -0.6381009828078523, -0.09946941152100033, -0.18317946290858866, -0.40829363641720895, -0.22080377358932046, 0.4082268166767058, 0.3619062110942089, 0.7958889403309375, 0.25361431020163766, 0.5379645418525192, 0.5349223904836595, 0.10284388237691021]], "inverted": true, "swapped": false, "error_lsq": 0.044391702732382646, "error_max": 0.3142947223867526, "target": "258.xyz", "model": "25.xyz", "model_rescale": 4.19342608120988, "target_rescale": 3.7511770437448653},
{"mapping": [6, 8, 9, 1, 0, 5, 4, 2, 10, 7, 3, 12], "R": [[0.455815136213882, 0.3412227159950575, 0.8220703252686333], [0.27646144134581685, 0.8236392251616573, -0.4951641124153672], [-0.8460506090343024, 0.45297404436022737, 0.28109230172422905]], "T": [-0.07947953019549403, 0.03310075340834012, -0.008953892320508229], "aligned_model": [[-0.09986220061730317, 0.43773228997685765, 0.15770426289860606, -0.5688063369345857, -0.5964728192722666, -0.5670456459134278, -0.2729789188469948, -0.012827791345606576, 0.6030044681958442, 0.10894375164415668, 0.33889378680925897, 0.06952370803724225], [-0.7648562394212117, -0.30602674774756694, -0.4700512296533506, 0.5137209880377307, -0.23631423536379442, -0.1218156157464017, 0.35563871974941225, 0.5483456136616396, -0.06260810216429225, -0.060173995193934626, 0.6061298314160495, 0.010787440166700954], [0.07212669388618886, 0.1759291982514576, -0.6122107055782481, -0.026138751986571736, -0.37593311370389704, 0.3521661022657122, -0.5627140830999661, 0.3833971318958436, -0.4033582848185323, 0.7929037154889546, -0.2542786516366634, -0.0926307897548573]], "inverted": false, "swapped": true, "error_lsq": 0.04638291049380767, "error_max": 0.2868419935678866, "target": "258.xyz", "model": "26.xyz", "model_rescale": 3.795458400668931, "target_rescale": 3.7511770437448653},
{"mapping": [11, 4, 3, 7, 10, 9, 8, 2, 1, 8, 6, 0, 12], "R": [[-0.920967378443415, -0.2606049075628437, 0.2896621652843628], [-0.1486257872231529, -0.45224208476108985, -0.879424511907214], [0.36017976513869004, -0.8529725546142181, 0.37776759768346097]], "T": [-0.022942406378162195, -0.030263519612640198, 0.06875460068843597], "aligned_model": [[-0.06586554195992401, -0.15002969555750692, -0.10801381068906833, 0.573866255518626, 0.425145752340114, -0.4420233443989005, 0.25792965381736227, -0.6822470002017265, -0.18355742646870843, 0.25792965381736227, 0.4889672973499923, -0.022474760920703107, 0.11147807645056729], [-0.545495511078192, 0.06272496853735596, 0.6646910932844822, 0.5090116579437962, 0.04726104178429907, 0.025276319126488166, -0.657379979955643, 0.424405610467438, -0.1745329272921654, -0.657379979955643, -0.14514704347677385, 0.6785386778263471, 0.06625334570923844], [-0.42548035470788725, -0.7522601035874429, -0.16550487303554876, -0.04617930460436798, -0.4797828847270177, -0.0064835798843157905, 0.31080323438537927, 0.4340330542202211, 0.6198828288534807, 0.31080323438537927, 0.7058866049460925, 0.5033491454152459, 0.07846188658738101]], "inverted": false, "swapped": false, "error_lsq": 0.06355136944727183, "error_max": 0.5645045537143814, "target": "258.xyz", "model": "27.xyz", "model_rescale": 3.6321398670334006, "target_rescale": 3.7511770437448653},
{"mapping": [12, 9, 11, 0, 8, 6, 4, 13, 1, 7, 3, 2, 14], "R": [[-0.5219297631635198, 0.5090907527418986, 0.6844091815549814], [-0.773894953391359, 0.05480564921511957, -0.6309381442974389], [-0.358714264337869, -0.8589662078841034, 0.3653780648502931]], "T": [0.132151827675006, 0.07248556940896816, 0.022517831365883118], "aligned_model": [[0.03816739365246252, -0.2538637477028982, -0.06986486611862427, 0.5718167624457834, 0.4920379916988209, -0.5409416524918521, -0.2062480811936937, -0.6335184118793622, -0.037770563062665796, 0.4225508811680153, 0.6573127849962206, -0.06309963324420814, 0.08452625082948799], [-0.5519717929251533, 0.238021418668059, 0.6789469117200104, 0.5046320836405108, -0.12675618045110865, -0.301015628741317, -0.5107058447258108, 0.3456239658002286, 0.051614634904975004, -0.6445808682404142, -0.10229645545841515, 0.6280131623263772, 0.0887018664030853], [-0.5110828242260337, -0.4972532907599677, -0.04008993276679146, 0.11924336879205454, -0.29023493017505286, -0.08401600869414319, 0.5040160437365666, 0.09749671233657448, 0.6690145300157903, 0.07121585731196908, 0.42898713236040575, 0.557970559670369, 0.06226167064485825]], "inverted": false, "swapped": false, "error_lsq": 0.049107196576358716, "error_max": 0.32937296564014196, "target": "258.xyz", "model": "28.xyz", "model_rescale": 4.156811204709835, "target_rescale": 3.7511770437448653},
