[{"mapping": [3, 4, 6, 11, 5, 7, 12, 2, 9, 1, 13], "R": [[-0.4362745586833001, 0.7428137829083018, -0.5078308708292063], [-0.801208891697328, -0.06381373181424388, 0.594972368683689], [0.40954709290975494, 0.6664499167629914, 0.6229893154266537]], "T": [0.11438019018535478, 0.1438259240670666, 0.09884177765668017], "aligned_model": [[0.0388999575560772, -0.11287920019481251, -0.40806747607135935, -0.30444081777467585, -0.4989085551872315, 0.06976522534823532, 0.4955914572216773, 0.41108073562374386, 0.6228495467167705, 0.3474141918243755, 0.0934564674193002], [-0.07562578422930752, -0.750862020948109, -0.3570101614870582, 0.42399356925729526, 0.5107638612989732, -0.2718754689403158, 0.523102031993461, -0.5082781849808341, -0.06568772511574086, 0.5349965800803113, 0.0918287534050413], [0.567183520410586, -0.1487281662776295, 0.34533302621814066, -0.38402144803273475, 0.3471051971548211, -0.5309171756260607, -0.11551169633983227, 0.3781037741923883, -0.38520999234200304, 0.45341868804037183, -0.054123428596744405]], "inverted": true, "swapped": false, "error_lsq": 0.057192731226235805, "error_max": 0.30688612918668595, "target": "259.xyz", "model": "0.xyz", "model_rescale": 3.8414455957264533, "target_rescale": 3.8241056622323844},
{"mapping": [8, 9, 13, 0, 11, 7, 3, 6, 2, 10, 14], "R": [[0.45742873872929607, -0.8239258396990232, -0.33452228574608545], [-0.537796989517346, 0.043270474830778005, -0.8419632201432551], [0.7081901912979348, 0.5650432520472918, -0.4233116774496254]], "T": [0.10793856605498932, 0.06412473426783144, 0.01773717888892333], "aligned_model": [[-0.08511911054185688, -0.05077312187839471, -0.5953047359766533, -0.37503917403572873, -0.5201160760951121, -0.05285882279351882, 0.48959657631007536, 0.7138708647237092, 0.6775341312242492, 0.4400129636590226, 0.11295803788630875], [-0.3172825374915524, -0.5967062761096216, -0.17900706217538, 0.26297177278235595, 0.5645941758950563, -0.2697542679126293, 0.7240287391931495, -0.35866503301892716, -0.19878792476653095, 0.27360506128324036, 0.1503488026545558], [0.6822367079005416, -0.04245132358698474, 0.16328025960820247, -0.4849652453722224, 0.3029443081844868, -0.5072618818508111, -0.16181991379112343, 0.2709604714417465, -0.37090475590121674, 0.5782957284266376, 0.042317943742046615]], "inverted": false, "swapped": false, "error_lsq": 0.04383934677697574, "error_max": 0.20891637034982433, "target": "259.xyz", "model": "1.xyz", "model_rescale": 4.316132596720782, "target_rescale": 3.8241056622323844},
{"mapping": [5, 7, 3, 6, 4, 10, 2, 9, 1, 0, 11], "R": [[-0.7092825348360158, 0.5938873559540692, -0.3797579416081791], [0.12861679375364365, 0.6387062357031001, 0.7586251148218789], [0.6930916289648354, 0.4892362955789983, -0.5294070654487059]], "T": [0.13219492564586716, -0.009541032672119396, -0.01678560479595436], "aligned_model": [[0.03127890445279305, -0.1940345477379926, -0.4836633656075821, -0.4870492220852793, -0.3000853908627237, 0.082972561095129, 0.3982417583042156, 0.5904767197145575, 0.6583492740567072, 0.42549898382586054, 0.03277585732641544], [-0.18566472306720902, -0.8348285600208211, -0.18485685220137102, 0.29251383228426414, 0.5674629518907881, -0.29672784914437905, 0.7747772818753043, -0.5460052571475205, 0.05504224502408432, 0.34539426476607865, 0.06823811607449744], [0.5952244312861119, 0.0969507028551746, 0.12812794652441067, -0.465556712440394, 0.2562159719293527, -0.575656511054146, -0.13839673110827527, 0.21154625525691165, -0.1333526039646165, 0.5234992484750309, -0.02596969895825805]], "inverted": true, "swapped": false, "error_lsq": 0.04710828296172298, "error_max": 0.2250062070844029, "target": "259.xyz", "model": "2.xyz", "model_rescale": 3.795458400668931, "target_rescale": 3.8241056622323844},
{"mapping": [4, 9, 7, 1, 0, 8, 2, 5, 6, 10, 11], "R": [[0.549903850140438, -0.48086436157725276, -0.6829167016303115], [0.8322110348978062, 0.24601871286271185, 0.49688991367877133], [-0.07092636318778067, -0.841572491640664, 0.5354672654034787]], "T": [0.0911255475196557, 0.031314739022558054, 0.03371061024902507], "aligned_model": [[-0.027768338534686063, 0.028739842769965898, -0.5982579027689932, -0.19497626205050267, -0.42650585574490046, -0.004441046765683174, 0.5114915489739239, 0.5595487834963563, 0.4232976316314721, 0.5062185468820879, -0.022585415406939688], [-0.04059209585148434, -0.8350598615665363, -0.2963534277690935, 0.38706979265808017, 0.524577871415236, -0.33238125588783834, 0.6463772065199823, -0.391131136077377, 0.011030152346548618, 0.3291154532145244, 0.05269275133167435], [0.6595287821495307, 0.04130785344933518, 0.05990846427351006, -0.39970943812566523, 0.35144816980450294, -0.6512384290043879, -0.14716475377910423, 0.34345852413609285, -0.452649892568689, 0.5609897316896693, 0.10675328677650828]], "inverted": true, "swapped": false, "error_lsq": 0.044640842034876456, "error_max": 0.24894211100202776, "target": "259.xyz", "model": "3.xyz", "model_rescale": 3.7530521520055578, "target_rescale": 3.8241056622323844},
{"mapping": [7, 6, 0, 2, 1, 4, 3, 8, 9, 5, 10], "R": [[0.3401800215745986, 0.7305922833646246, 0.5920409347414837], [0.3483247856810135, 0.4869048148834162, -0.8009953463807529], [-0.8734686008104595, 0.47870514592117175, -0.08884811009136871]], "T": [0.11947184553503623, 0.05633138206731509, 0.014351887704937352], "aligned_model": [[0.048071221681172116, 0.04758475167546103, -0.5903266645932492, -0.29382051307698265, -0.3537841710669223, -0.18211581894849502, 0.3585627041205991, 0.5704093628607482, 0.6296687718132677, 0.4895536247021842, 0.03095826331431724], [-0.16135964976742756, -0.6712956321859168, -0.3556649609501461, 0.41302596394237173, 0.6212123942103248, -0.2885910980476466, 0.7068155465348734, -0.6062754026473705, -0.006547505351832482, 0.3837022896070463, 0.020323504989440577], [0.5681239582587087, -0.09393807722843193, 0.09599424270424492, -0.38976985707119166, 0.30047084142888675, -0.5599165754325426, -0.30152102694945637, 0.4605436585527303, -0.16760720323690254, 0.5372548496540944, 0.02299748812116275]], "inverted": false, "swapped": false, "error_lsq": 0.042828963622624866, "error_max": 0.20659448602049657, "target": "259.xyz", "model": "4.xyz", "model_rescale": 3.7855080009869324, "target_rescale": 3.8241056622323844},
{"mapping": [8, 13, 6, 1, 7, 12, 3, 15, 14, 10, 16], "R": [[0.9298150963000729, -0.10798868502171229, -0.3518271316993158], [-0.3552462318093789, -0.01361023665752243, -0.9346736736655008], [0.09614573041858547, 0.9940589546729146, -0.051017576940394244]], "T": [0.03243732267823294, 0.11199391026178528, -0.030190728346167095], "aligned_model": [[0.054333424722304215, -0.07369564419517757, -0.5514493600995319, -0.3403684594469081, -0.37153738245472406, 0.005436787483710771, 0.43913664017145587, 0.613193253279072, 0.5561956996729274, 0.3433066957293227, 0.08020987761964954], [-0.26497408295265157, -0.6030148414286104, -0.10219763460254526, 0.28759535444065915, 0.4082850160576899, -0.302126549001569, 0.6687441331428466, -0.3212044084747744, -0.17661715456395255, 0.3575873581753664, 0.10326825954125739], [0.5637163071154243, 0.01844996679882247, 0.1679894721037559, -0.6652371208292089, 0.5269317807260199, -0.5694870099288151, -0.11410413533024358, 0.3627213132122806, -0.3465421378908481, 0.5813715050487884, -0.05317764222467287]], "inverted": false, "swapped": false, "error_lsq": 0.04236833540405961, "error_max": 0.1840743475664697, "target": "259.xyz", "model": "5.xyz", "model_rescale": 4.2253639853439635, "target_rescale": 3.8241056622323844},
{"mapping": [1, 10, 4, 6, 0, 5, 12, 8, 11, 9, 13], "R": [[0.08245580513108453, 0.9243953837085785, 0.3724167219372068], [0.9772591490837597, -0.1482517694673301, 0.15161124094832798], [0.19536016925737693, 0.3514464218456005, -0.9155980651135375]], "T": [-0.012114913432391877, 0.01862084074093777, 0.015724627847738044], "aligned_model": [[-0.167997616331124, -0.0620978571171191, -0.6603348990788156, -0.12332469579457397, -0.2618315483021661, 0.17155432862521808, 0.4500041263637893, 0.5756385292104874, 0.5576076249218216, 0.33927279840042135, -0.06372925841583851], [-0.2774038814821414, -0.7589722233078191, -0.16908777502828842, 0.23680547948609448, 0.5881036763670674, -0.3988953126047907, 0.7985415829819735, -0.37228252975874654, 0.16266698781659422, 0.2060352436074881, 0.03983420225628462], [0.6690053705059011, 0.05264625393617619, 0.22900293893697493, -0.5790407173479204, 0.522077816366521, -0.42323680288172166, -0.20679142404308373, 0.23391106462170733, -0.4943937168695232, 0.4783248278654827, -0.008873312289211049]], "inverted": false, "swapped": false, "error_lsq": 0.049902108597798936, "error_max": 0.2653656236566926, "target": "259.xyz", "model": "6.xyz", "model_rescale": 3.89814844738969, "target_rescale": 3.8241056622323844},
{"mapping": [10, 5, 9, 8, 11, 6, 7, 2, 0, 4, 12], "R": [[-0.68247837441451, 0.3394520777859623, 0.6472986600815124], [-0.3305482310979143, 0.646527667067315, -0.6875607919555442], [-0.6518904320317703, -0.6832087986869668, -0.3290358673794451]], "T": [0.17018128394785526, 0.06554038827306234, -0.037695159564974656], "aligned_model": [[-0.049558419109979324, -0.06687377684558105, -0.6287220551031353, -0.3622277856946773, -0.3450653701713715, -0.060167901837167664, 0.4280400624021189, 0.5526648255154974, 0.6495665591003335, 0.46761509275555896, 0.16949030147050384], [-0.2399973961336545, -0.6735518121436774, -0.31791379319400065, 0.34479177978540604, 0.5793453962239031, -0.258500931399722, 0.6482085587032186, -0.30555663518831144, -0.07003564317719237, 0.32687020774520953, 0.021685719112537825], [0.5925942884285766, -0.048840627710829115, 0.07483139109404384, -0.3479305785866052, 0.31708035882177704, -0.5847896000235446, -0.19669620700682447, 0.42871794502037985, -0.35834962332852677, 0.4709654770259368, 0.1250494750669185]], "inverted": true, "swapped": false, "error_lsq": 0.037876626812734855, "error_max": 0.19309288850495426, "target": "259.xyz", "model": "7.xyz", "model_rescale": 3.7474275329858107, "target_rescale": 3.8241056622323844},
{"mapping": [8, 2, 4, 12, 9, 1, 10, 3, 0, 5, 14], "R": [[0.8653442311477274, 0.26940156314614583, 0.4226134869993643], [0.500227129958843, -0.41235368007236406, -0.7614047944319219], [-0.030857415194527574, 0.8702799781134757, -0.49158984898217833]], "T": [0.029189447105042343, 0.13295635984977597, -0.023833471207475546], "aligned_model": [[-0.14518477020533863, -0.08879875677312968, -0.5737075998611343, -0.2500097874713558, -0.2038095713119277, 0.1377018556116094, 0.4010045798608029, 0.5336598663052726, 0.597036837167248, 0.35702473834643456, -0.010155859186380414], [-0.1926638090006216, -0.6998983305343538, -0.305078471270138, 0.3652255684420008, 0.5393828926151207, -0.38740733632901403, 0.7139958056647008, -0.26516241286592623, -0.01691214823007109, 0.2131842736974116, 0.09067941814460721], [0.5495559722179812, 0.008125006550459432, 0.21463347268776933, -0.5225733041376822, 0.5768905677400823, -0.5551041187583302, -0.3391270314797454, 0.29420045142955903, -0.32266788942670205, 0.6079172451975123, -0.039218073219600726]], "inverted": true, "swapped": false, "error_lsq": 0.03955845458364047, "error_max": 0.23061225898334137, "target": "259.xyz", "model": "8.xyz", "model_rescale": 4.019505241142653, "target_rescale": 3.8241056622323844},
{"mapping": [0, 4, 7, 9, 1, 8, 6, 3, 5, 2, 12], "R": [[-0.7552170416506735, -0.33832802222589436, 0.5614101614480446], [0.42962010386352717, -0.9023644899682276, 0.03413053765577939], [0.4950492766954588, 0.2669690555496931, 0.8268335606530541]], "T": [0.0825824433062646, 0.17983125675204703, -0.015593372292101032], "aligned_model": [[-0.14503407715635483, 0.0921951235920922, -0.5743195733122848, -0.44538266136807414, -0.33838801065917123, -0.2451953894966373, 0.6127191687479755, 0.6329527924500074, 0.6357453646802375, 0.4233777400348515, 0.10609105496945939], [-0.19016807313505718, -0.6434712033157082, -0.4376098661639456, 0.33667928116418244, 0.5693491535215188, -0.1847509353931499, 0.658651451176322, -0.3414173432469978, -0.12163686405471363, 0.24697003600214468, 0.1627498137791202], [0.4680772734645683, 0.0827698671178812, 0.06705159349781872, -0.42055214416235853, 0.34128894326160975, -0.48011296163117, -0.14881541144605176, 0.38919445302407296, -0.247223408548649, 0.46328355580648584, -0.04232946158290443]], "inverted": true, "swapped": false, "error_lsq": 0.05380474669707668, "error_max": 0.3035227075388738, "target": "259.xyz", "model": "9.xyz", "model_rescale": 3.877068213659057, "target_rescale": 3.8241056622323844},
{"mapping": [0, 5, 1, 2, 8, 3, 14, 12, 6, 11, 15], "R": [[-0.7574410992577413, -0.48423906330557287, -0.43794464344728024], [0.6480349627800441, -0.6393439997986726, -0.41387188468909253], [-0.07958434626162947, -0.5972870160068575, 0.7980692653772182]], "T": [0.06998637102027719, 0.11109750256185333, -0.1110155662290087], "aligned_model": [[-0.009274044072983156, -0.11165401053042923, -0.5906810041739102, -0.2703374803681078, -0.358349537792119, 0.13864030359948595, 0.4173928677467492, 0.504690113029569, 0.6297451741219499, 0.33895501936353223, 0.06563413155836365], [-0.22597672023954454, -0.6312701511544861, -0.3483626844632425, 0.5711258741186336, 0.4694739973896084, -0.4128196499023784, 0.7504445423163528, -0.3732390838220955, -0.05848955608569251, 0.24312615798795217, 0.07133272418860914], [0.6058280642482856, 0.05297370399419944, 0.2135172766333448, -0.4470348089644482, 0.42135420468677903, -0.462524879936918, -0.39397428305530374, 0.2559257689822108, -0.30650184967187427, 0.5634320422762649, -0.03036294039123727]], "inverted": true, "swapped": false, "error_lsq": 0.04317731231999284, "error_max": 0.22266017985638742, "target": "259.xyz", "model": "10.xyz", "model_rescale": 4.260839863003843, "target_rescale": 3.8241056622323844},
{"mapping": [7, 6, 10, 4, 8, 5, 2, 0, 3, 1, 11], "R": [[0.09163447715377168, 0.5833836685446606, 0.8070109155842494], [0.3433595163914587, 0.742208686814708, -0.5755262876013663], [-0.9347231489056954, 0.32983292815023857, -0.13229842934691644]], "T": [-0.014781845488930287, 0.08285162601344184, 0.04129828653735408], "aligned_model": [[-0.03739124310277455, -0.04059692816655096, -0.5926774066761697, -0.286548007230012, -0.29949196009521917, 0.05361180240140058, 0.2517269534872825, 0.5164865640014157, 0.6111091761938564, 0.5574513563802546, 0.021081225288616987], [-0.20689200633256435, -0.7551105349694051, -0.16051518396253356, 0.27539434505382265, 0.5743425502261459, -0.31160137620236417, 0.6851403812684707, -0.5415890899913042, 0.0831717007700313, 0.3403950953095549, 0.07260956916386223], [0.6287870710573029, 0.021091037305146408, 0.0532610706783355, -0.6107548656506239, 0.4806048186036994, -0.5030729472903424, -0.14995662582584185, 0.35412721539161823, -0.29350523486257757, 0.4011332031904693, 0.09091755620411662]], "inverted": true, "swapped": false, "error_lsq": 0.03655576115048103, "error_max": 0.1815552468293183, "target": "259.xyz", "model": "11.xyz", "model_rescale": 3.890672605050136, "target_rescale": 3.8241056622323844},
{"mapping": [12, 5, 7, 0, 4, 8, 1, 9, 6, 11, 13], "R": [[0.7521912995217007, -0.41571152115123045, 0.511265273714131], [-0.6588981783985242, -0.4837341576785147, 0.5760680994449914], [0.007838330623404721, -0.7701851698631881, -0.6377721887130625]], "T": [0.13453371687935584, 0.0859820682498986, 0.05152131741350365], "aligned_model": [[-0.19802005428513464, 0.005222537764137891, -0.5780960588974695, -0.09131840302031108, -0.36907359243185517, -0.09000889615609195, 0.3822786783532772, 0.5991306294905931, 0.5910287296376597, 0.5209696728906081, -0.017351710863313108], [-0.26764235171386597, -0.6774855737610386, -0.37528480907648687, 0.45504839676547226, 0.5116719259765433, -0.2186683676860325, 0.7157770015921878, -0.4628536694656159, 0.024617737964886643, 0.29444396889656643, 0.055721190841099874], [0.6167556985640485, 0.12478768345653166, 0.13124484489591062, -0.35031870652646774, 0.2886391506992618, -0.5616342685949687, -0.33224823113211116, 0.34942978963236226, -0.29475179190488576, 0.38314316798384873, 0.11758496172777225]], "inverted": true, "swapped": false, "error_lsq": 0.04733395721673299, "error_max": 0.280911637888713, "target": "259.xyz", "model": "12.xyz", "model_rescale": 4.124412569039231, "target_rescale": 3.8241056622323844},
{"mapping": [8, 9, 6, 0, 1, 7, 4, 11, 10, 2, 12], "R": [[-0.9728268448272441, 0.015330575819241563, 0.2310257635600837], [-0.22889975310945185, 0.08640206848770093, -0.9696079545813755], [-0.03482575210819125, -0.9961423874156231, -0.08054508665338744]], "T": [-0.08793051707101843, -0.0005088497256930382, -0.1636739023813688], "aligned_model": [[0.006731670657459082, -0.1782060728639347, -0.5658272840444418, -0.3697368869336616, -0.3470540167909453, 0.16627115432199582, 0.30757292257260105, 0.6181853998632924, 0.6422534635985986, 0.4455212347469516, 0.029049947354185784], [-0.22441085438226466, -0.6273084403917776, -0.16967405952290648, 0.4267364203889626, 0.48601866413561534, -0.3709840556678686, 0.6781724908043859, -0.3726174113359, -0.10745631733678798, 0.3218614004825565, 0.015007613159701328], [0.5114579983785268, -0.07641641463675715, 0.2729158669613104, -0.4371954599659941, 0.43550077086305683, -0.600946479338974, -0.19895736870608935, 0.43087499515767724, -0.16186673815050331, 0.4312228650597818, -0.133957736820732]], "inverted": true, "swapped": false, "error_lsq": 0.040401060872892, "error_max": 0.21313133249721958, "target": "259.xyz", "model": "13.xyz", "model_rescale": 3.9028299243045295, "target_rescale": 3.8241056622323844},
{"mapping": [6, 7, 3, 5, 2, 10, 12, 9, 14, 1, 15], "R": [[0.04954358966410821, 0.934937889418493, 0.3513354175896426], [0.7201752585019778, 0.21028899971406154, -0.661155150959946], [-0.6920209749457051, 0.2857790746869922, -0.6629006642825475]], "T": [-0.05610109235711555, 0.14190700943941612, -0.008772201467579323], "aligned_model": [[0.022496429010536473, -0.023373785445149425, -0.5092292133594527, -0.18130711207281971, -0.373023578020672, 0.0821222408240132, 0.32115472078667473, 0.4375247345597081, 0.7196390149348982, 0.2646746639342509, -0.0059165826698871354], [-0.16378917740858703, -0.7630093279052809, -0.16992780293460794, 0.32930199571877, 0.6022608726165387, -0.35144606220438657, 0.6996032305932264, -0.4157873198430917, -0.09181236768469883, 0.33769863569380587, 0.042252773692028164], [0.5784079525147308, -0.034912240222693604, 0.2846956860204721, -0.46845514154635165, 0.4705859405249359, -0.5499280560168006, -0.18453700261065276, 0.20606735389985778, -0.3646558783596833, 0.5212912937923465, 0.014072390805141978]], "inverted": false, "swapped": false, "error_lsq": 0.03842253932260697, "error_max": 0.25461537488214975, "target": "259.xyz", "model": "14.xyz", "model_rescale": 3.942246331269136, "target_rescale": 3.8241056622323844},
{"mapping": [6, 9, 7, 0, 8, 5, 12, 10, 3, 11, 14], "R": [[-0.6810027537918268, 0.6353235801142494, -0.3641417277362776], [0.7196334940665787, 0.4886098102299747, -0.49334378233089693], [-0.13550971753153268, -0.5980170581997147, -0.7899447541168199]], "T": [0.19951695815338677, 0.027895092446263085, 0.014695620788827496], "aligned_model": [[-0.0955878242399999, -0.10051425451184987, -0.6180880605910095, -0.41838496192602703, -0.3152419834644765, 0.15557659584449002, 0.42093790910246326, 0.5496646281590634, 0.7001290426208753, 0.3352213657355232, 0.14104907575304843], [-0.11339293228315639, -0.7097822183231033, -0.1854414102558864, 0.29874338728132244, 0.46790146802751115, -0.2838835716689079, 0.7216105959333046, -0.48538925789171106, 0.06135039583123734, 0.21366541024395164, 0.0699635834391546], [0.4682816113297962, 0.13291475094577218, 0.14503777846557478, -0.2778037829975253, 0.3892066990763756, -0.5363423700537607, -0.35652913709415046, 0.3653183538380145, -0.49990734661534697, 0.6938014501296431, -0.0513457082230899]], "inverted": true, "swapped": false, "error_lsq": 0.04696601512568622, "error_max": 0.2651318641550772, "target": "259.xyz", "model": "15.xyz", "model_rescale": 4.355366556412066, "target_rescale": 3.8241056622323844},
{"mapping": [5, 7, 3, 6, 4, 10, 2, 9, 1, 0, 11], "R": [[-0.7092825348360158, 0.5938873559540692, -0.3797579416081791], [0.12861679375364365, 0.6387062357031001, 0.7586251148218789], [0.6930916289648354, 0.4892362955789983, -0.5294070654487059]], "T": [0.13219492564586716, -0.009541032672119396, -0.01678560479595436], "aligned_model": [[0.03127890445279305, -0.1940345477379926, -0.4836633656075821, -0.4870492220852793, -0.3000853908627237, 0.082972561095129, 0.3982417583042156, 0.5904767197145575, 0.6583492740567072, 0.42549898382586054, 0.03277585732641544], [-0.18566472306720902, -0.8348285600208211, -0.18485685220137102, 0.29251383228426414, 0.5674629518907881, -0.29672784914437905, 0.7747772818753043, -0.5460052571475205, 0.05504224502408432, 0.34539426476607865, 0.06823811607449744], [0.5952244312861119, 0.0969507028551746, 0.12812794652441067, -0.465556712440394, 0.2562159719293527, -0.575656511054146, -0.13839673110827527, 0.21154625525691165, -0.1333526039646165, 0.5234992484750309, -0.02596969895825805]], "inverted": true, "swapped": false, "error_lsq": 0.04710828296172298, "error_max": 0.2250062070844029, "target": "259.xyz", "model": "16.xyz", "model_rescale": 3.795458400668931, "target_rescale": 3.8241056622323844},
{"mapping": [10, 5, 9, 8, 11, 6, 7, 2, 0, 4, 12], "R": [[-0.68247837441451, 0.3394520777859623, 0.6472986600815124], [-0.3305482310979143, 0.646527667067315, -0.6875607919555442], [-0.6518904320317703, -0.6832087986869668, -0.3290358673794451]], "T": [0.17018128394785526, 0.06554038827306234, -0.037695159564974656], "aligned_model": [[-0.049558419109979324, -0.06687377684558105, -0.6287220551031353, -0.3622277856946773, -0.3450653701713715, -0.060167901837167664, 0.4280400624021189, 0.5526648255154974, 0.6495665591003335, 0.46761509275555896, 0.16949030147050384], [-0.2399973961336545, -0.6735518121436774, -0.31791379319400065, 0.34479177978540604, 0.5793453962239031, -0.258500931399722, 0.6482085587032186, -0.30555663518831144, -0.07003564317719237, 0.32687020774520953, 0.021685719112537825], [0.5925942884285766, -0.048840627710829115, 0.07483139109404384, -0.3479305785866052, 0.31708035882177704, -0.5847896000235446, -0.19669620700682447, 0.42871794502037985, -0.35834962332852677, 0.4709654770259368, 0.1250494750669185]], "inverted": true, "swapped": false, "error_lsq": 0.037876626812734855, "error_max": 0.19309288850495426, "target": "259.xyz", "model": "17.xyz", "model_rescale": 3.7474275329858107, "target_rescale": 3.8241056622323844},
{"mapping": [11, 12, 7, 2, 1, 9, 0, 10, 4, 3, 13], "R": [[0.4118067621937179, 0.9106924172856474, -0.03247324606428048], [-0.48744653446168185, 0.2502474147537854, 0.8365238235999879], [0.769942248907555, -0.3286571960378648, 0.5469674403835254]], "T": [0.13072749918053755, -0.01992829145915398, 0.032454788605385074], "aligned_model": [[-0.15031041236929832, -0.04034153124420159, -0.5807681896128201, -0.29567236179203477, -0.20313672410436828, -0.007204086362826961, 0.34115293365404076, 0.5202374680808002, 0.7027492000416202, 0.35809798485728583, 0.10995725133390385], [-0.18241087838588926, -0.7475281251983974, -0.25693808260512496, 0.39979091062753924, 0.49558184306982667, -0.3554817974262158, 0.7362573561084033, -0.39114135116421905, 0.030249176705821834, 0.26725338364072004, 0.059713014961251934], [0.6777095933324456, 0.008563533182846791, 0.10330340020579618, -0.34945053182359664, 0.3507351656598866, -0.5297754917947208, -0.25572361745645167, 0.4647998115849227, -0.5671277473754027, 0.6037852788115218, -0.034187095525944525]], "inverted": true, "swapped": false, "error_lsq": 0.04137933373970797, "error_max": 0.2463785705116238, "target": "259.xyz", "model": "18.xyz", "model_rescale": 3.922800546911778, "target_rescale": 3.8241056622323844},
{"mapping": [4, 10, 11, 3, 13, 2, 5, 6, 1, 8, 14], "R": [[0.6544499183515615, 0.4274550491950685, 0.6236805955673753], [0.7494492131669122, -0.4759369795097532, -0.46022806131159477], [0.10010585024428187, 0.7686131487639112, -0.6318327676641147]], "T": [0.03968097771151426, 0.11878340198069068, -0.019635611191134425], "aligned_model": [[-0.04233374480641889, -0.10089605411600908, -0.5467001339659109, -0.22696806124914573, -0.3373356593499054, 0.03521466277065496, 0.4443918182041772, 0.48284139310163837, 0.7047098491901981, 0.39299349699457575, -0.05115603429175363], [-0.28452139922777975, -0.6726312573429581, -0.18679329133597936, 0.39134308691389674, 0.3241301336546898, -0.360697389169809, 0.7307448550123672, -0.29641932336533927, -0.08867978288143868, 0.36619534107069746, 0.13267447700536955], [0.5757516255755497, 0.04745822156197595, 0.2449842843919483, -0.5332100963007173, 0.5165592433066402, -0.551807750387021, -0.22998302804429277, 0.3074474287384734, -0.26999265815106316, 0.4143554603013536, -0.0489304321915439]], "inverted": true, "swapped": false, "error_lsq": 0.04214356952572682, "error_max": 0.25708405564194137, "target": "259.xyz", "model": "19.xyz", "model_rescale": 3.9282355846067225, "target_rescale": 3.8241056622323844},
{"mapping": [4, 6, 8, 12, 11, 7, 10, 3, 2, 0, 13], "R": [[0.04998584485396751, -0.8649811091762687, -0.4993086180734587], [-0.07807329563069704, -0.5017878531092178, 0.8614601041147546], [-0.9956937158702956, -0.004078141762358878, -0.09261421562680988]], "T": [0.03282937477068711, -0.09516143547971248, -0.0025201495628888113], "aligned_model": [[-0.12346334507248263, -0.011466895386436839, -0.6590066654458543, -0.33098894567282455, -0.1403060247310199, -0.005678138664285029, 0.30690111120842667, 0.4707379959216315, 0.6831768852893092, 0.4000727965275457, 0.1647827585080907], [-0.14001637517950533, -0.7467457820071207, -0.27188929519829264, 0.36816894367763453, 0.4645158641108311, -0.23420112454870387, 0.6889511234228132, -0.414692711338415, 0.06969281605933608, 0.2817705958949539, -0.010208604559814718], [0.6081585425890189, -0.02040125321119797, 0.2596853732335837, -0.6155091663708058, 0.40997060801644863, -0.6085588551356239, -0.23118262407237306, 0.519486433165093, -0.48062829807283475, 0.6001833439535501, 0.03142819470644384]], "inverted": false, "swapped": false, "error_lsq": 0.04132138352364802, "error_max": 0.24172788899728706, "target": "259.xyz", "model": "20.xyz", "model_rescale": 4.067790424073018, "target_rescale": 3.8241056622323844},
{"mapping": [13, 1, 5, 2, 6, 7, 3, 10, 12, 11, 14], "R": [[-0.9146713682901111, 0.20795210041856785, -0.3466009405091133], [0.18720627936875087, 0.9779363782100261, 0.09270517320174704], [0.35823190393264137, 0.019908895121592843, -0.933420344164317]], "T": [-0.04482709907149224, 0.013258723600762093, -0.04924395990659422], "aligned_model": [[0.01622272056396265, -0.057436659604725285, -0.5061916453884914, -0.3259509882297878, -0.3184453924216123, -0.0017916983313005508, 0.3496217187911171, 0.4866720566400035, 0.7053286998141084, 0.3897093909461264, 0.01702332970269993], [-0.24238489955884485, -0.80506733868515, -0.24606424609916488, 0.6003063156134513, 0.5961859774138656, -0.5060970297810669, 0.7522131557698155, -0.4377669597852678, 0.08957586378538517, 0.27803462282091906, -0.023590011160225813], [0.5996341199647364, 0.009820039666842445, 0.2122143993891187, -0.4098911769976866, 0.3152910164694084, -0.5831742108955319, -0.19790967187583627, 0.3813037168468639, -0.18509622676303691, 0.34963448776195694, -0.019194194765532135]], "inverted": true, "swapped": false, "error_lsq": 0.046486381451625654, "error_max": 0.2611405168046694, "target": "259.xyz", "model": "21.xyz", "model_rescale": 4.186013935880536, "target_rescale": 3.8241056622323844},
{"mapping": [6, 5, 0, 9, 7, 8, 10, 3, 11, 4, 12], "R": [[0.35767927243663084, -0.062129381024692676, 0.9317754440221588], [-0.9040132288954161, 0.22714426463366705, 0.3621678685721786], [-0.23414871353754343, -0.971877267486754, 0.025079012962917563]], "T": [-0.04235971525826826, -0.011821527157562902, -0.03142270434608682], "aligned_model": [[-0.008180755195902431, -0.01364624961600197, -0.590986445802679, -0.1203348157885985, -0.26616224246772063, 0.04129323646021432, 0.20107043243741848, 0.5129165068313357, 0.5343025897072609, 0.46903056450132025, -0.004541288584546582], [-0.06874175380825974, -0.7825302316805859, -0.31182329048762913, 0.3745263924107793, 0.5630023735988064, -0.1999961175928547, 0.7855567399083144, -0.5196420485756894, -0.09440571535666384, 0.3323285524172883, -0.022929450499789315], [0.5212478444479332, 0.029588817337200278, 0.33023472131716836, -0.5111162825612124, 0.3658349599157211, -0.7698403625090748, -0.06648115613364175, 0.5034841005695987, -0.2755669580224692, 0.35283873434442126, -0.00759211990434162]], "inverted": false, "swapped": false, "error_lsq": 0.04894207045548491, "error_max": 0.24050586821035513, "target": "259.xyz", "model": "22.xyz", "model_rescale": 4.166573947596378, "target_rescale": 3.8241056622323844},
{"mapping": [9, 3, 11, 6, 14, 2, 5, 8, 0, 10, 15], "R": [[0.9783453556005347, 0.20150666687951108, -0.0472803170248821], [0.17425555648158503, -0.9251595166174882, -0.3372163546558633], [-0.11169317888822362, 0.32167519645631004, -0.9402391726441938]], "T": [0.04963850133487379, 0.007866014031104276, 0.040746608060608445], "aligned_model": [[-0.09010890713598638, -0.08245745997021817, -0.6419434795595276, -0.26030535664830423, -0.2773793905772513, -0.1455769222109831, 0.42501134588898193, 0.6134164841158843, 0.7829856366030097, 0.3551320811876852, 0.07598750078881059], [-0.24501271272993702, -0.5776914887726532, -0.3568577285862327, 0.3355707261395286, 0.502916718648157, -0.2788603020102478, 0.670049012301796, -0.46727987160964074, -0.02457130013305489, 0.46241260052543426, 0.03466979656056689], [0.5670280704545325, 0.007584582592076804, 0.14459400908625858, -0.572157999955437, 0.5641602699455036, -0.5358712873330899, -0.29342533207491545, 0.3731167536983188, -0.3168922638225368, 0.5516304563853967, -0.01713496017480478]], "inverted": true, "swapped": false, "error_lsq": 0.03982919879940758, "error_max": 0.19793530258391334, "target": "259.xyz", "model": "23.xyz", "model_rescale": 4.274766983524099, "target_rescale": 3.8241056622323844},
{"mapping": [7, 8, 6, 3, 5, 0, 2, 9, 1, 4, 10], "R": [[0.170399132354643, 0.980506417322821, -0.09783302755997667], [-0.954875778114567, 0.1397983134227656, -0.2620470948784793], [-0.2432619659192234, 0.13807098591998423, 0.9600833394993367]], "T": [-1.6127200176213607e-05, -0.05139193165899833, -0.01536791629017404], "aligned_model": [[-0.051892423411396785, -0.054185987624380774, -0.6626228041575447, -0.24430498393485528, -0.3434187806683773, -0.05262064788659008, 0.491804536005952, 0.6543664764184531, 0.6188409092142018, 0.3381335667129991, 0.06066167181363977], [-0.24680231254999233, -0.7766749093016508, -0.17654368544462423, 0.40725616279280463, 0.42660108755310533, -0.23443194127922576, 0.7125471504353051, -0.34307370479495325, -0.07507204766900091, 0.45773389732691727, -0.09619424673496878], [0.5847621607874878, 0.11128655961883813, 0.0020816193083380355, -0.2297954418621328, 0.5501745134070212, -0.729439664395242, -0.3362744990555185, 0.44763381949798337, -0.21893265068681644, 0.3224578992958294, -0.03132201711448535]], "inverted": false, "swapped": false, "error_lsq": 0.0558266261104646, "error_max": 0.2888131970671638, "target": "259.xyz", "model": "24.xyz", "model_rescale": 3.7841303162186577, "target_rescale": 3.8241056622323844},
{"mapping": [3, 12, 13, 10, 11, 9, 0, 4, 8, 6, 15], "R": [[-0.151335298701802, -0.7950398644983417, -0.5873748728242424], [0.7006106770459336, 0.3329114945705715, -0.6311217125024517], [0.6973107675750284, -0.5070321002079128, 0.5066321572725896]], "T": [0.13215745443672333, 0.03218982463961469, -0.06266122724514496], "aligned_model": [[0.0021248129251632553, -0.19429582998187833, -0.5389676406337408, -0.3126838522209109, -0.39907982275062004, -0.012263775789093323, 0.5280729638824424, 0.6510307401011033, 0.615626411448139, 0.2774911832632716, 0.13770634223822406], [-0.2725032829234088, -0.6523516887209161, -0.22048788707546066, 0.44919927987698616, 0.3857175641641331, -0.30008409608362857, 0.6088581572025079, -0.2441778318784237, -0.014135382133479792, 0.27063158099280465, 0.04467903691260191], [0.6716789595744687, -0.06090737248556784, 0.24998086531459712, -0.5458531470978657, 0.36422594974187583, -0.5218749665794437, -0.29077193052550915, 0.39679037489912167, -0.3996620083460008, 0.6037096067021447, 0.005315967603482033]], "inverted": false, "swapped": false, "error_lsq": 0.04741070064056086, "error_max": 0.2214942335759613, "target": "259.xyz", "model": "25.xyz", "model_rescale": 4.19342608120988, "target_rescale": 3.8241056622323844},
{"mapping": [5, 7, 3, 6, 4, 10, 2, 9, 1, 0, 11], "R": [[-0.7092825348360158, 0.5938873559540692, -0.3797579416081791], [0.12861679375364365, 0.6387062357031001, 0.7586251148218789], [0.6930916289648354, 0.4892362955789983, -0.5294070654487059]], "T": [0.13219492564586716, -0.009541032672119396, -0.01678560479595436], "aligned_model": [[0.03127890445279305, -0.1940345477379926, -0.4836633656075821, -0.4870492220852793, -0.3000853908627237, 0.082972561095129, 0.3982417583042156, 0.5904767197145575, 0.6583492740567072, 0.42549898382586054, 0.03277585732641544], [-0.18566472306720902, -0.8348285600208211, -0.18485685220137102, 0.29251383228426414, 0.5674629518907881, -0.29672784914437905, 0.7747772818753043, -0.5460052571475205, 0.05504224502408432, 0.34539426476607865, 0.06823811607449744], [0.5952244312861119, 0.0969507028551746, 0.12812794652441067, -0.465556712440394, 0.2562159719293527, -0.575656511054146, -0.13839673110827527, 0.21154625525691165, -0.1333526039646165, 0.5234992484750309, -0.02596969895825805]], "inverted": true, "swapped": false, "error_lsq": 0.04710828296172298, "error_max": 0.2250062070844029, "target": "259.xyz", "model": "26.xyz", "model_rescale": 3.795458400668931, "target_rescale": 3.8241056622323844},
{"mapping": [5, 11, 10, 3, 7, 9, 0, 8, 1, 6, 12], "R": [[-0.6048914176437571, 0.512327894615578, -0.6096117627307523], [0.16631671943091778, 0.8299469456928058, 0.5324723618864368], [0.7787458646430577, 0.22069933333372857, -0.5872364792546395]], "T": [0.09980304293623336, -0.10581711040616079, -0.1168130612767974], "aligned_model": [[0.012579897829559941, -0.12391079228849179, -0.5269836467870254, -0.3605732338934005, -0.3619807583167727, 0.114813107416658, 0.2048840309633213, 0.4919639411769544, 0.6841987743608067, 0.5826328995304533, 0.037137312490037294], [-0.01034696221068565, -0.7833014769526583, -0.187184952362825, 0.37463720488281727, 0.43953608761151375, -0.18140798467821673, 0.7039603699315279, -0.4817442447558802, -0.019376825312727913, 0.18931501974003898, 0.011259214440811988], [0.6248998492495523, -0.06639833379097264, 0.21213092846964354, -0.43664722690101676, 0.26990868486845765, -0.5392287425748383, -0.2733110177685971, 0.3686149247899427, -0.1537302220144947, 0.4839858360361368, -0.017592381562510653]], "inverted": true, "swapped": false, "error_lsq": 0.04719721421841234, "error_max": 0.2082129813015266, "target": "259.xyz", "model": "27.xyz", "model_rescale": 3.6321398670334006, "target_rescale": 3.8241056622323844},
{"mapping": [11, 0, 2, 4, 13, 3, 12, 10, 8, 9, 14], "R": [[0.24883763786628466, 0.9633991177026986, 0.09970942779290995], [0.9504892016991746, -0.22311564719655275, -0.2163092356542576], [-0.18614539326664384, 0.14859861367363145, -0.9712200289223247]], "T": [0.07473248866694437, 0.02099238986924671, -0.05409185230685905], "aligned_model": [[-0.07970048275460659, 0.09052867559956126, -0.5929827805326795, -0.3760677851220856, -0.3749744262595044, -0.022478474410532884, 0.6307570466628868, 0.5856356454107033, 0.5447777328143545, 0.3332324530455481, 0.0160339280284554], [-0.18238735935577757, -0.5984199865974197, -0.29293728569603755, 0.5239809492424831, 0.41705697744687714, -0.3628957350496434, 0.5957973925211623, -0.35542741429010305, -0.05848390413714404, 0.33097123113042065, 0.03809058511889862], [0.5352407968496167, 0.020005938336000145, 0.24431750044463302, -0.5339344042448909, 0.5003212292923643, -0.6151088005054502, -0.26372398412757336, 0.3953052198492744, -0.2535175350560334, 0.4785084176957664, -0.03478207973240413]], "inverted": false, "swapped": false, "error_lsq": 0.04400299039339394, "error_max": 0.2861733777350546, "target": "259.xyz", "model": "28.xyz", "model_rescale": 4.156811204709835, "target_rescale": 3.8241056622323844},
{"mapping": [7, 0, 9, 4, 2, 1, 8, 5, 3, 10], "R": [[-0.49090880393663594, 0.8084016147201765, 0.32480051652562514], [0.42289955159987214, 0.5470611545336018, -0.7224126677024633], [-0.7616853126286003, -0.21728074585239698, -0.610429817430061]], "T": [-0.08501381070861783, 0.06279101838164836, 0.03112976828868615], "aligned_model": [[-0.6321865424644089, -0.020559506820554768, 0.10018101225031781, 0.6901185253429141, 0.10765267413095872, -0.6661844567699763, -0.5377281244114259, -0.521669086076696, 0.18922129603250246, -0.06592041710304275], [-0.21134789274224475, -0.4598975069909702, 0.02560340875313155, -0.09235176306257595, -0.4699827802436203, -0.35331507720115124, 0.5580796186275774, 0.3107375026514448, 0.49882772517564467, 0.112367095658968], [-0.5698936035910194, -0.22927431803655382, -0.6745235529393486, -0.08472092907212862, 0.4506631680938505, 0.19506149666542752, -0.24161427744391176, 0.4186345643756188, 0.4941428162648415, 0.00031136265832358914]], "inverted": false, "swapped": true, "error_lsq": 0.05646634720148956, "error_max": 0.26578097761777564, "target": "259.xyz", "model": "29.xyz", "model_rescale": 4.117894457231895, "target_rescale": 3.8241056622323844},
{"mapping": [6, 7, 8, 0, 5, 4, 2, 10, 12, 9, 14], "R": [[0.1486732537274944, 0.961951918002687, 0.22922646242751338], [-0.8280825039270885, 0.24781144322794435, -0.5028606718516839], [-0.5405327282560454, -0.11505649071754018, 0.833418486492735]], "T": [0.15071414713309006, -0.019670538956525953, -0.014490402125305418], "aligned_model": [[-0.03357288842448419, 0.014228795215049828, -0.5167106586863187, -0.2934161133467717, -0.3268066264840395, 0.03266141419743078, 0.15420532262282205, 0.4509651021330692, 0.7647578284419108, 0.3456186916829512, 0.1628306651304808], [-0.1258786317537627, -0.6576578323877199, -0.11555995676168514, 0.46394186068496124, 0.5157351329493893, -0.41646892531053026, 0.8087076666253095, -0.4877160898586936, -0.1480933606404938, 0.2853003710560665, -0.06696478426912457], [0.590941322175084, 0.022219582705103824, 0.20262485479381973, -0.41840847533042236, 0.4112635747028953, -0.6688165325755497, -0.1542695609927052, 0.43839334785413453, -0.4552123770446779, 0.4942619690438761, 0.0096345934697449]], "inverted": false, "swapped": false, "error_lsq": 0.046219609832616346, "error_max": 0.24969095822688533, "target": "259.xyz", "model": "30.xyz", "model_rescale": 4.100398675895297, "target_rescale": 3.8241056622323844},
