[{"mapping": [6, 0, 3, 2, 4, 11, 8, 5, 9, 1, 12, 13], "R": [[0.925721394725372, -0.37585277140360707, -0.04212592522355604], [0.08828868045662175, 0.32306237807270427, -0.9422503960080028], [0.3677567242769889, 0.86854210842206, 0.33224930044594786]], "T": [0.07584897095265478, 0.020497032241827605, -0.00160878223301607], "aligned_model": [[-0.6670843963019877, 0.46639889710390936, -0.18505301524677173, -0.2407968750466218, -0.7137226567548877, 0.05627462902448031, -0.4881738261775245, -0.08281097040827542, 0.30622819260697876, 0.4842841676680335, 0.6317487075889073, 0.03904520965330879], [0.13192251665673133, -0.4661897094078187, 0.08589693638858953, -0.5126917503808746, -0.49135374271711024, 0.32591474417252886, 0.0808059379995181, 0.7600450919854667, -0.6242610518484741, 0.23605096631819425, -0.0633624588792471, -0.05050333454660481], [-0.143667423048125, -0.4555021675850468, -0.44977539403327177, -0.45625521156731447, 0.1656923101252758, 0.6256062584192111, 0.5358112135118938, 0.01562347758288636, 0.2590741650312379, -0.34767424570957156, 0.13645959405303054, 0.1403218111058693]], "inverted": false, "swapped": false, "error_lsq": 0.0509686285920585, "error_max": 0.30566887797671155, "target": "260.xyz", "model": "0.xyz", "model_rescale": 3.8414455957264533, "target_rescale": 3.857393006571009},
{"mapping": [6, 1, 5, 12, 8, 7, 9, 2, 13, 4, 0, 14], "R": [[-0.9968319330358667, -0.037391731134528434, -0.07019939973205278], [0.01746112975575243, -0.9639523541774918, 0.2655013518295607], [-0.07759643179702383, 0.26343446494039946, 0.9615513904383558]], "T": [-0.021060235497565923, -0.06449292289451167, -0.04724745232342491], "aligned_model": [[-0.6920033075409852, 0.5961862575487595, -0.2347828912135756, -0.23180227969595546, -0.6333014442042686, 0.21145856766386212, -0.3075911011586459, -0.1348972676192902, 0.015610381180506706, 0.36495659194676755, 0.6415417247695614, 0.010962832032812314], [0.32064072007586997, -0.34327642129877256, 0.2925304216966401, -0.7650427656566502, -0.5258705482237465, 0.25095879605997196, 0.04257919478543533, 0.6646187419680831, -0.593240990943945, 0.3083850253672288, -0.13956790075473505, -0.1004401273344808], [-0.1546469165350508, -0.5855637338979615, -0.5583049274014606, -0.264289504654534, 0.14404757298429977, 0.46204639342788606, 0.5626257350134879, -0.053731116213793464, 0.4949035847924062, -0.1353966410781563, 0.23707588378638855, -0.12305194233743634]], "inverted": false, "swapped": false, "error_lsq": 0.04672287675514334, "error_max": 0.2496507288002468, "target": "260.xyz", "model": "1.xyz", "model_rescale": 4.316132596720782, "target_rescale": 3.857393006571009},
{"mapping": [5, 6, 4, 3, 7, 1, 9, 0, 10, 2, 8, 11], "R": [[-0.5749395627241878, 0.0935058441878696, 0.8128352577965808], [0.02676996488105285, 0.9950661422889133, -0.09553398060652368], [-0.8177578297972984, -0.03316669372991975, -0.5746060408943148]], "T": [-0.05074113604662818, -0.04443038191471595, 0.05588710455900659], "aligned_model": [[-0.6516872298587959, 0.386871856218042, 0.01622662972573967, -0.36506965291301396, -0.6874175800440988, 0.1608112456197583, -0.48184039481809177, -0.21464068644406487, 0.2062712138302159, 0.5581143748724952, 0.6907672959550991, -0.012069008433736053], [0.1346580199339164, -0.4994597339024356, 0.1712976750211958, -0.4377813247160735, -0.6471720865504457, 0.24738493635301262, 0.05734144189219338, 0.6354237898884321, -0.5477738411881069, 0.4941172088620772, -0.12981775252744326, -0.06594418732542313], [-0.09428286105395647, -0.4709327136239353, -0.6812061425507852, -0.36540807476419995, 0.2342313305134999, 0.46170316294062264, 0.6506538068866695, -0.06597060364125015, 0.3348598856806928, -0.14408004533548718, 0.22883321762049236, -0.06268657478628753]], "inverted": true, "swapped": false, "error_lsq": 0.03235939368573105, "error_max": 0.17599679606579657, "target": "260.xyz", "model": "2.xyz", "model_rescale": 3.795458400668931, "target_rescale": 3.857393006571009},
{"mapping": [0, 9, 7, 4, 10, 6, 2, 1, 5, 8, 3, 11], "R": [[-0.5134993503176984, 0.13744304461200996, -0.8470111136880571], [0.1434081752423509, 0.986952070576438, 0.073210010644319], [0.8460215792147154, -0.08387502532138605, -0.5265097032632696]], "T": [-0.1058276469312362, -0.03063052788635633, 0.013151958757358553], "aligned_model": [[-0.795869081977479, 0.5813510096712435, -0.011471976994608557, -0.4080414772146802, -0.533827685435641, 0.24621225524079937, -0.4136915167843565, -0.23042513404124476, 0.18090319446767927, 0.5333248948473615, 0.6461784147849994, -0.1883048328545242], [0.14198595282906623, -0.3541911545205656, 0.1250600020872292, -0.5079254268705897, -0.5196117567065877, 0.2030756683643466, 0.17210626797667986, 0.5860849812355909, -0.6560589709057193, 0.4160503455807181, -0.16432675155390244, -0.02997501177536692], [-0.31281477678552655, -0.40833191710192296, -0.7285755943531662, -0.2898515288671847, 0.3548009896382429, 0.4239385429268461, 0.6853445953260946, 0.03330856993037429, 0.15615301750263397, -0.03707913368531765, 0.2448462151709431, -0.09602459181594197]], "inverted": true, "swapped": false, "error_lsq": 0.04287539156510073, "error_max": 0.19665268744586054, "target": "260.xyz", "model": "3.xyz", "model_rescale": 3.7530521520055578, "target_rescale": 3.857393006571009},
{"mapping": [9, 0, 6, 4, 5, 3, 10, 2, 1, 8, 11], "R": [[-0.2139711747197401, -0.434303913736556, 0.8749836837919691], [-0.4425740802314125, -0.7554199973691984, -0.4831861039827609], [0.8708297881310525, -0.4906329973491696, -0.030573550918988612]], "T": [-0.11991938687700464, -0.1325305016839009, -0.03044206698272798], "aligned_model": [[-0.4850872476389394, -0.2234537834200433, 0.45695332742964345, 0.45199313497691807, 0.18821450238411142, -0.12019213012389983, -0.0002795036462302225, -0.7362827704099784, -0.546634240637869, 0.3983235129347238, -0.04535519940323168], [-0.5923009743755834, 0.10980825001577527, -0.3617643735843007, 0.46227755139953075, -0.6841498083724331, 0.6716160450949124, -0.3966900281286556, 0.05865367688784476, 0.21347086041311836, 0.06493941832577677, -0.07865725936163913], [0.15542067471636076, -0.7155260059421661, -0.4655127931488943, -0.3418213795312853, -0.01917147665232037, -0.04129349112941598, 0.647509365152314, -0.12421433326750628, 0.5999106735093735, 0.4426884895837148, -0.0451589460448588]], "inverted": false, "swapped": true, "error_lsq": 0.05534862812179026, "error_max": 0.26924775632970666, "target": "260.xyz", "model": "4.xyz", "model_rescale": 3.7855080009869324, "target_rescale": 3.857393006571009},
{"mapping": [8, 12, 13, 6, 7, 9, 10, 15, 0, 14, 2, 16], "R": [[-0.22348127122832584, 0.9628330850234953, 0.15168576661740787], [-0.9700610127841826, -0.20452761218180437, -0.13095834196925238], [-0.09506709675959224, -0.17641118513107018, 0.9797149283716943]], "T": [-0.015838682178525142, -0.18307764316749206, 0.005191229555906226], "aligned_model": [[-0.5873798397008744, 0.44344659263493547, -0.1537011585258635, -0.42909647481302915, -0.6579253066265929, 0.21844615880421264, -0.45124932014266905, -0.2010627046679975, 0.293895759613734, 0.4471568620665323, 0.661532010322311, 0.022275484744849836], [0.18445108866483426, -0.16737957482693175, 0.07843718343672793, -0.5118529002294239, -0.4976060324796401, 0.31882260674394747, 0.1380420336777368, 0.618586069014584, -0.7779367622128213, 0.2975194182491323, -0.12300027807820045, -0.14580870621904582], [-0.17803870931696356, -0.4966811346962532, -0.656225108280515, -0.3784777622035016, 0.22916919922591775, 0.45253983151367516, 0.4933141685423442, -0.04323872758973596, 0.4035391771805501, -0.105979760813874, 0.2938871642753918, 0.011906050049039673]], "inverted": true, "swapped": false, "error_lsq": 0.03822173969978501, "error_max": 0.23106880118659257, "target": "260.xyz", "model": "5.xyz", "model_rescale": 4.2253639853439635, "target_rescale": 3.857393006571009},
{"mapping": [1, 7, 0, 9, 8, 2, 10, 4, 11, 3, 6, 13], "R": [[-0.3566101838119571, 0.6178138469184606, -0.7008104075692763], [0.33071941217572975, 0.7850364253384532, 0.5237771294185752], [0.8737584604521675, -0.04498734763948731, -0.48427501622592706]], "T": [-0.05513732079602833, -0.1217146982612318, 0.029703726069076064], "aligned_model": [[-0.6886292120491767, 0.570116848439737, -0.07348147558179445, -0.4164292712816087, -0.6058664270950402, 0.15999694759705296, -0.4950752138593289, -0.14403385485106301, 0.26618214419058234, 0.4785799850218087, 0.5646259026660142, -0.00964830948763453], [0.201641078147643, -0.1662698206330021, 0.022434466817386617, -0.44414919202556924, -0.5366869446047854, 0.3115496486589634, 0.15337175057392652, 0.5761948949344022, -0.7739891051414052, 0.3118983420936019, -0.16144511150373478, -0.08227586157652769], [-0.15150015782359744, -0.45657117658439333, -0.7589325395939561, -0.3419150991142608, 0.29495900280898874, 0.4946455119821331, 0.6121937004921769, -0.04730872854076265, 0.30691427486371453, -0.14389074793032455, 0.19713433626514312, 0.01998601106121383]], "inverted": true, "swapped": false, "error_lsq": 0.039797874447621236, "error_max": 0.2560022891649293, "target": "260.xyz", "model": "6.xyz", "model_rescale": 3.89814844738969, "target_rescale": 3.857393006571009},
{"mapping": [10, 7, 11, 4, 2, 6, 5, 9, 0, 8, 3, 12], "R": [[-0.37996650216950906, -0.9206715794299142, 0.08938288459820315], [-0.7925298202667644, 0.37385658501996843, 0.481796365516737], [-0.47699260079900474, 0.11222787829783792, -0.8717126602933831]], "T": [-0.005574136652861165, -0.13848422046727552, -0.005742258436991126], "aligned_model": [[-0.7008650159099806, 0.4374015660311398, -0.030896201823457304, -0.29915281699914414, -0.5996332744978113, 0.2869513049279536, -0.38755852574165867, -0.30085267308244795, 0.19188096038823926, 0.4080745135072308, 0.767743386056637, -0.1667551591471514], [0.06473838845692595, -0.4752291631269965, 0.2412610829128439, -0.5271596519982303, -0.49710169544057514, 0.19923046253885765, 0.222322577228082, 0.6987241681337978, -0.551813483700177, 0.36680605733943317, -0.18254583942876879, -0.14695875717429308], [-0.12480034298411032, -0.35452593060452947, -0.7202299537818775, -0.42792557851801344, 0.1358031120547901, 0.5019520491318398, 0.5656446378549237, 0.09344735298784217, 0.3699980671552258, -0.1825565725902487, 0.22321301989231082, -0.05430547271207778]], "inverted": false, "swapped": false, "error_lsq": 0.040877616152813205, "error_max": 0.2295655404029101, "target": "260.xyz", "model": "7.xyz", "model_rescale": 3.7474275329858107, "target_rescale": 3.857393006571009},
{"mapping": [7, 4, 9, 12, 10, 3, 6, 5, 1, 8, 2, 14], "R": [[0.7830760500174971, -0.42254988480827194, -0.45633704072484715], [-0.26898794771206447, -0.891680444238991, 0.36407618618553994], [-0.560747165730373, -0.16235017773403393, -0.8119144264730622]], "T": [-0.06676421566437352, -0.19083861315125128, -0.04689371119025435], "aligned_model": [[-0.6141328617339464, 0.5969413468985685, -0.2509075707093724, -0.2589293428244176, -0.7882482294775668, 0.16304701277594455, -0.48330163689008215, -0.15579053783005398, 0.2792662561542693, 0.39142670563594306, 0.7430980493424283, -0.016131127632165405], [0.2067581297332195, -0.17679084439894477, 0.3214177585904464, -0.7418508388605052, -0.34505773915769633, 0.25368086814624713, 0.23360756147341016, 0.5153881229846186, -0.6820929372035118, 0.28198279521826697, -0.23494625598450275, -0.2198224748001484], [-0.12551958016249484, -0.46104758629178744, -0.5798337401721294, -0.2471453274680112, 0.12900580181098845, 0.46664671274379893, 0.5128206087649105, 0.032727737869762207, 0.404475230721766, -0.22497041174919058, 0.17842189726063215, -0.05986695544216949]], "inverted": false, "swapped": false, "error_lsq": 0.053795399010135365, "error_max": 0.2691246168673096, "target": "260.xyz", "model": "8.xyz", "model_rescale": 4.019505241142653, "target_rescale": 3.857393006571009},
{"mapping": [0, 5, 4, 3, 2, 9, 1, 7, 6, 8, 11, 12], "R": [[-0.5946440085914932, -0.3431306113863545, -0.7270900127053505], [0.46328556546921684, 0.5928746211851204, -0.6586851815415827], [0.6570882649036641, -0.7285335044349205, -0.19358188200775775]], "T": [-0.024947946175592324, -0.11006870991428433, 0.14753797685573697], "aligned_model": [[-0.5489988300068043, 0.281699316924293, -0.14469701397989546, -0.35343776107177854, -0.4422107399713814, 0.2965356026949409, -0.4319048159908749, -0.22776976882617855, 0.20383478296917606, 0.3714577087769067, 0.5971953898753202, 0.004634192315825018], [0.15608407206789474, -0.47470136460475487, 0.16074179979101758, -0.4932689888944406, -0.5229348275491805, 0.38315313154531805, 0.08168860364146058, 0.7027885726725797, -0.7486422767152959, 0.39517761458010603, -0.10642943475363184, -0.12138275604017354], [-0.13027391250460355, -0.3252571186229355, -0.6270047913864535, -0.5479566639868552, 0.0740159254733185, 0.4949866843554901, 0.6514432665467534, -0.1955514232689082, 0.4081988688111714, -0.061568789397034335, 0.1607269524314125, 0.12395538943471979]], "inverted": true, "swapped": false, "error_lsq": 0.049786670498797536, "error_max": 0.3243463905253503, "target": "260.xyz", "model": "9.xyz", "model_rescale": 3.877068213659057, "target_rescale": 3.857393006571009},
{"mapping": [6, 8, 9, 11, 12, 4, 3, 13, 1, 2, 7, 15], "R": [[0.9374220487034368, 0.2272226699204773, 0.26383661777482875], [0.20508138680276755, 0.25204972991991714, -0.9457338729443662], [-0.2813921238977823, 0.9406597641663571, 0.1896778339363578]], "T": [-0.1270648262087555, -0.02598775536448794, -0.029540615002516247], "aligned_model": [[-0.7106984862682467, 0.4003329702128434, 0.13211122443970716, -0.33194777488845506, -0.7046715916331812, 0.24382703355120608, -0.3763327765309784, -0.2555403893893347, 0.3289488512769775, 0.3536646553385121, 0.6636554284824678, -0.13701108088196898], [0.1691589257293566, -0.44507662084400845, 0.07874407871307629, -0.5628373827010186, -0.48060295808371445, 0.2014203377990887, 0.1170954317284334, 0.7352912375352817, -0.5823192939129055, 0.40421104411450337, -0.10745458510040368, -0.11535606923679016], [0.010385552212323162, -0.40575733840649764, -0.6274572660506939, -0.4926504629140497, 0.10421534825153432, 0.4889335572302709, 0.5362809410040704, 0.010294301824516999, 0.45569474579234914, -0.18505111769489002, 0.155961956113451, -0.02513582947630959]], "inverted": true, "swapped": false, "error_lsq": 0.04236689418932076, "error_max": 0.20132834521252232, "target": "260.xyz", "model": "10.xyz", "model_rescale": 4.260839863003843, "target_rescale": 3.857393006571009},
{"mapping": [2, 5, 3, 4, 9, 7, 8, 1, 10, 0, 6, 11], "R": [[-0.4000187337734481, -0.6495754643984845, 0.6465575988895195], [-0.4481564549794811, 0.7540001094402181, 0.48024954640724393], [-0.7994628224567492, -0.09765014600927369, -0.5927256064097922]], "T": [-0.06687224309357763, -0.05593000544178054, 0.027370490918484185], "aligned_model": [[-0.6499702289982793, 0.2911745329808353, -0.025552216058069385, -0.3349761016464695, -0.6056415321392442, 0.2615745667619308, -0.551893820833063, -0.23482276671543106, 0.11397625183076097, 0.6319033572287124, 0.759797157699777, -0.049231136401911166], [0.11602174154925673, -0.3820027505873587, 0.2340527708447395, -0.6386128989325212, -0.5942412393958073, 0.24369063833531843, 0.04912416775845798, 0.6447330535840159, -0.5346239000714866, 0.4700400599810545, -0.19682738742040815, 0.0009198900956384065], [-0.29009834484663416, -0.4438937377938633, -0.6191863250193834, -0.3257637969431313, 0.2633406791570223, 0.5089883811598885, 0.54634168171722, -0.03685211003359583, 0.3899718824906153, -0.04406073564490111, 0.03194915860158652, 0.04497765504125196]], "inverted": true, "swapped": false, "error_lsq": 0.04072700213279687, "error_max": 0.22768158931655777, "target": "260.xyz", "model": "11.xyz", "model_rescale": 3.890672605050136, "target_rescale": 3.857393006571009},
{"mapping": [9, 1, 6, 11, 10, 7, 12, 5, 4, 8, 3, 13], "R": [[-0.6132067033900949, 0.653278179519976, 0.4440778750180176], [0.5901981924659132, 0.7525574556675768, -0.29210164246219494], [-0.5250177449643212, 0.08297527392066295, -0.8470368772316645]], "T": [-0.01389257839434968, -0.09904737173809142, -0.143802494088456], "aligned_model": [[-0.673289900271751, 0.3809832147877067, 0.008081993724875197, -0.4000360995717155, -0.6035800895694823, 0.12486280372358874, -0.4144831209144577, -0.2689715574243564, 0.1995942465605202, 0.48003567124720814, 0.7728853291149557, 0.0002555723024570411], [0.2822632556491025, -0.5345611081017757, 0.08374366118159751, -0.4270286129799329, -0.585659721605345, 0.30788172116048995, 0.013075429971625141, 0.5781320746744327, -0.5741639798617092, 0.4240165272002977, -0.061346899298686704, -0.0940782022491967], [-0.30385808869200764, -0.6534093855132318, -0.6898454414890131, -0.35847352227218254, 0.3198973706552263, 0.5924853759477438, 0.4743300494046704, 0.14139023661921166, 0.3249667754684751, -0.18417683831260637, 0.33850690311956, 0.023900952950229315]], "inverted": true, "swapped": false, "error_lsq": 0.04409898814109129, "error_max": 0.23843793815748043, "target": "260.xyz", "model": "12.xyz", "model_rescale": 4.124412569039231, "target_rescale": 3.857393006571009},
{"mapping": [8, 4, 2, 1, 6, 7, 9, 11, 0, 10, 5, 12], "R": [[-0.5284575585280413, 0.8169529185489616, -0.23091240267451166], [-0.6080704459028824, -0.17443066313595446, 0.7744832319536823], [0.5924381331869615, 0.5496925255379459, 0.5889441278369818]], "T": [-0.017664441354331088, -0.17734627826476748, 0.17270197778445523], "aligned_model": [[-0.5903236114310944, 0.4788803193373187, -0.09338285828628948, -0.4036139844199138, -0.6532623315564895, 0.28840371325608954, -0.3885717199752211, -0.2999125031813627, 0.23893152132604423, 0.28207906870721233, 0.7260481660197959, 0.0210622839134594], [0.12517459430045338, -0.3037734052375096, 0.10902186616176038, -0.6018478883924203, -0.38036563569861065, 0.19209207944504772, 0.15780277082097285, 0.6768666050671108, -0.697782844101442, 0.4505653712656914, -0.22216334980136157, -0.09331601808879302], [-0.13622959633481924, -0.4237338846053053, -0.6364058771050807, -0.404970621630846, 0.22180673582065932, 0.5763296020894455, 0.5711291073368512, -0.2529848118640114, 0.18116875227570234, -0.07324610791135738, 0.30918958456204493, 0.09366150525279215]], "inverted": true, "swapped": false, "error_lsq": 0.039503051952496475, "error_max": 0.19688692340180386, "target": "260.xyz", "model": "13.xyz", "model_rescale": 3.9028299243045295, "target_rescale": 3.857393006571009},
{"mapping": [8, 10, 13, 4, 0, 1, 2, 12, 3, 11, 9, 15], "R": [[-0.5848453531120074, 0.5774506797993904, 0.569654830000162], [0.5108310906786218, 0.8077268967348505, -0.29432780549444876], [-0.6300853194126819, 0.11886114878424461, -0.7673750827139937]], "T": [-0.0026986347171915268, -0.08065900560536951, 0.017176596198290532], "aligned_model": [[-0.7369143371098201, 0.3253143690808703, -0.010521021432169007, -0.19194203871389548, -0.6736025401820924, 0.19479384827720653, -0.4473272895387254, -0.14544144040020654, -0.05758903515148626, 0.4780024136494341, 0.7667862118359624, 0.1047789233944712], [0.14789591994915274, -0.38757279397225497, 0.2625895216815486, -0.6660451071433506, -0.5362108314142603, 0.31831190616296934, 0.07661902268420165, 0.570463303802988, -0.5945724313134896, 0.47809925641639117, -0.13929724519108522, -0.1180063759219121], [-0.05491437357247592, -0.577435880881222, -0.7002985675367875, -0.26720575215092296, 0.18915593472143452, 0.4904816632177066, 0.582613374878916, -0.18258455762635661, 0.36584474796334426, 0.06789538028835616, 0.08997827369970207, 0.022184144884380953]], "inverted": false, "swapped": false, "error_lsq": 0.04574343305117734, "error_max": 0.2724895792083981, "target": "260.xyz", "model": "14.xyz", "model_rescale": 3.942246331269136, "target_rescale": 3.857393006571009},
{"mapping": [5, 12, 1, 4, 10, 7, 9, 2, 11, 0, 8, 14], "R": [[0.8960626105655676, -0.019589591937204054, -0.443495260216108], [0.43001419061856627, -0.20985352265766344, 0.8780941264436453], [-0.11027054825781407, -0.9775365706283847, -0.17961809282758168]], "T": [-0.07096506474983764, -0.18963674086042256, -0.024018668613541568], "aligned_model": [[-0.44957322346986944, 0.33007045330539747, -0.04563285731446211, -0.3232037047901579, -0.5864501064184313, 0.15525270143589687, -0.5341736551009718, -0.11177799789656682, 0.18852185748296935, 0.37493158239254887, 0.6323365960109364, -0.023963581927740694], [0.2588720422016968, -0.2792335127380174, 0.2134887444234366, -0.6924123858257216, -0.5543059378437571, 0.38685432996096336, 0.12703269597156322, 0.5710903807376413, -0.7583042698823088, 0.3932050066336851, -0.13983851840917041, -0.11417442948911191], [-0.2654214272056461, -0.7305731179591184, -0.7265067882011417, -0.18911347841367387, 0.3080838225403486, 0.5654413178606778, 0.5533205520650727, 0.023693694486300657, 0.3272572959539722, -0.07080713207890987, 0.294929347996726, -0.06458969915853258]], "inverted": true, "swapped": false, "error_lsq": 0.04717981703501236, "error_max": 0.25508812794851216, "target": "260.xyz", "model": "15.xyz", "model_rescale": 4.355366556412066, "target_rescale": 3.857393006571009},
{"mapping": [5, 6, 4, 3, 7, 1, 9, 0, 10, 2, 8, 11], "R": [[-0.5749395627241878, 0.0935058441878696, 0.8128352577965808], [0.02676996488105285, 0.9950661422889133, -0.09553398060652368], [-0.8177578297972984, -0.03316669372991975, -0.5746060408943148]], "T": [-0.05074113604662818, -0.04443038191471595, 0.05588710455900659], "aligned_model": [[-0.6516872298587959, 0.386871856218042, 0.01622662972573967, -0.36506965291301396, -0.6874175800440988, 0.1608112456197583, -0.48184039481809177, -0.21464068644406487, 0.2062712138302159, 0.5581143748724952, 0.6907672959550991, -0.012069008433736053], [0.1346580199339164, -0.4994597339024356, 0.1712976750211958, -0.4377813247160735, -0.6471720865504457, 0.24738493635301262, 0.05734144189219338, 0.6354237898884321, -0.5477738411881069, 0.4941172088620772, -0.12981775252744326, -0.06594418732542313], [-0.09428286105395647, -0.4709327136239353, -0.6812061425507852, -0.36540807476419995, 0.2342313305134999, 0.46170316294062264, 0.6506538068866695, -0.06597060364125015, 0.3348598856806928, -0.14408004533548718, 0.22883321762049236, -0.06268657478628753]], "inverted": true, "swapped": false, "error_lsq": 0.03235939368573105, "error_max": 0.17599679606579657, "target": "260.xyz", "model": "16.xyz", "model_rescale": 3.795458400668931, "target_rescale": 3.857393006571009},
{"mapping": [10, 7, 11, 4, 2, 6, 5, 9, 0, 8, 3, 12], "R": [[-0.37996650216950906, -0.9206715794299142, 0.08938288459820315], [-0.7925298202667644, 0.37385658501996843, 0.481796365516737], [-0.47699260079900474, 0.11222787829783792, -0.8717126602933831]], "T": [-0.005574136652861165, -0.13848422046727552, -0.005742258436991126], "aligned_model": [[-0.7008650159099806, 0.4374015660311398, -0.030896201823457304, -0.29915281699914414, -0.5996332744978113, 0.2869513049279536, -0.38755852574165867, -0.30085267308244795, 0.19188096038823926, 0.4080745135072308, 0.767743386056637, -0.1667551591471514], [0.06473838845692595, -0.4752291631269965, 0.2412610829128439, -0.5271596519982303, -0.49710169544057514, 0.19923046253885765, 0.222322577228082, 0.6987241681337978, -0.551813483700177, 0.36680605733943317, -0.18254583942876879, -0.14695875717429308], [-0.12480034298411032, -0.35452593060452947, -0.7202299537818775, -0.42792557851801344, 0.1358031120547901, 0.5019520491318398, 0.5656446378549237, 0.09344735298784217, 0.3699980671552258, -0.1825565725902487, 0.22321301989231082, -0.05430547271207778]], "inverted": false, "swapped": false, "error_lsq": 0.040877616152813205, "error_max": 0.2295655404029101, "target": "260.xyz", "model": "17.xyz", "model_rescale": 3.7474275329858107, "target_rescale": 3.857393006571009},
{"mapping": [1, 12, 11, 7, 2, 8, 0, 3, 9, 10, 5, 13], "R": [[-0.5935349597938058, -0.3424369806633005, 0.7283221579608625], [-0.6323683645696411, -0.3613415739922582, -0.6852317260579189], [0.4978217582569917, -0.8672768768847695, -0.0020774568388916004]], "T": [-0.031548652900726316, -0.08097564645548652, 0.047502295208562334], "aligned_model": [[-0.6613776427789908, 0.4619844519340729, -0.09724669896615787, -0.2553242093791137, -0.5994172463216569, 0.19204464439357866, -0.5086663433463495, -0.16394405052299774, 0.1915446504328565, 0.47277676383236084, 0.6787028933333472, -0.10473914890140054], [0.14931333944518066, -0.45434407169866287, 0.18124398487040091, -0.5161552288296983, -0.457407519157911, 0.4472515821386742, 0.09303056789996678, 0.5745163763620131, -0.6961651188862845, 0.3292428662355176, -0.12428908471051411, -0.11396354792778292], [-0.12220581682926548, -0.37232864311906166, -0.6223195419216959, -0.5251778192040927, 0.24664302341241778, 0.4809033607304328, 0.7117484375461655, -0.06821653653587514, 0.18712842769851368, -0.184480498002561, 0.17745083813586587, 0.11656915597523165]], "inverted": false, "swapped": false, "error_lsq": 0.039210508152993054, "error_max": 0.20136805233169522, "target": "260.xyz", "model": "18.xyz", "model_rescale": 3.922800546911778, "target_rescale": 3.857393006571009},
{"mapping": [13, 1, 8, 4, 11, 3, 7, 12, 2, 5, 0, 14], "R": [[-0.43913482215673094, 0.30812785575113644, -0.8439299926413231], [-0.6951259735153292, 0.4785749099080445, 0.5364381945302491], [0.5691752708206343, 0.822206348866703, 0.004028767745056977]], "T": [-0.0344273448582539, -0.1461005874476781, -0.07772444931707118], "aligned_model": [[-0.6629506088588495, 0.5827971451924497, -0.0869645332564839, -0.5579023701916341, -0.6531867193007648, 0.1804253140846891, -0.44032703651883254, -0.1413743460786821, 0.3070467164499652, 0.4477869792185865, 0.7048835732398536, -0.07389605027074826], [0.11191062528745463, -0.41884282792331495, 0.0881319767378703, -0.5165070491701097, -0.39019222275798593, 0.12682353171117974, 0.10431420238588121, 0.6092788931536873, -0.644755903519374, 0.4205395765835661, 0.04738623730382477, -0.12581289405178012], [-0.17873171407148986, -0.38207395741232764, -0.640543784212285, -0.41334341489954707, 0.1768334475941371, 0.45939751421785485, 0.5631724943494727, 0.11352989385683568, 0.3068107298211894, -0.24778911451086122, 0.26054297551924505, 0.007909317633851332]], "inverted": false, "swapped": false, "error_lsq": 0.04617368648004556, "error_max": 0.23864848340787498, "target": "260.xyz", "model": "19.xyz", "model_rescale": 3.9282355846067225, "target_rescale": 3.857393006571009},
{"mapping": [6, 12, 7, 9, 4, 1, 3, 5, 11, 2, 10, 13], "R": [[-0.41880905000034707, 0.7288708348263562, -0.5416145176943999], [-0.4454954186644096, 0.3548159015413064, 0.8219729362712938], [0.7912855436483274, 0.5855364908807654, 0.17610850706371417]], "T": [-0.1552338823069387, -0.1028731722384684, -0.04818170850675946], "aligned_model": [[-0.6848286304888155, 0.3611997032157771, 0.00023704334117360948, -0.03684507791780409, -0.5341158280652643, 0.14287281394511364, -0.4862237650454736, -0.266618247914945, 0.03486156014701364, 0.4462791464233401, 0.6823127479363216, -0.052793401866888245], [0.2389482620449985, -0.40930105490796675, 0.16899380203743217, -0.703628557754649, -0.4166415269552787, 0.3051631235982818, 0.2104285849551961, 0.5814042010605198, -0.6980222963436775, 0.4599947597010072, -0.25937450937165274, -0.06569064232331137], [-0.22002921014595164, -0.6500061428182997, -0.5867120381594249, -0.3698987938572285, 0.34851179496475343, 0.5051171033807442, 0.5506862031445912, 0.03577156264887191, 0.3025666545129314, -0.03935120332402525, 0.07932249783620832, 0.06973595970290478]], "inverted": true, "swapped": false, "error_lsq": 0.04638855444675626, "error_max": 0.34429770597592263, "target": "260.xyz", "model": "20.xyz", "model_rescale": 4.067790424073018, "target_rescale": 3.857393006571009},
{"mapping": [3, 13, 11, 6, 2, 7, 0, 12, 8, 9, 1, 14], "R": [[0.04440344421022607, 0.9202211845400091, 0.388871837069814], [0.9968290012940152, -0.06654075220548095, 0.04363794765001244], [0.06603238842754205, 0.38570104980374553, -0.9202578029328754]], "T": [-0.016231004971123054, -0.17698430942866486, -0.01975649928260707], "aligned_model": [[-0.7691828661646617, 0.4375147440074981, -0.14205804367670116, -0.44246779979274886, -0.684644969079894, 0.29796817241144335, -0.37541245647661503, -0.14493323860058152, 0.18748521964136947, 0.43849577839474463, 0.7761173893252243, 0.02745613372047156], [0.14812027599311287, -0.2918692625992123, 0.07288445008075994, -0.6224359307548846, -0.40155372925326016, 0.09693273252332282, 0.05717324369152102, 0.5619265371681249, -0.4258759835993332, 0.44529464672007235, -0.10468410488815909, -0.12363872934116497], [-0.2458439158137797, -0.5403712780740173, -0.6026504976484798, -0.428965431850557, 0.21796871983176325, 0.599042570100321, 0.5464739791730605, -0.17615458986587215, 0.4511155970272165, 0.08045504043742535, 0.18089694264705417, -0.05625274807805947]], "inverted": false, "swapped": false, "error_lsq": 0.043119778506443406, "error_max": 0.2205438977988101, "target": "260.xyz", "model": "21.xyz", "model_rescale": 4.186013935880536, "target_rescale": 3.857393006571009},
{"mapping": [4, 8, 9, 11, 3, 0, 6, 7, 5, 1, 2, 12], "R": [[-0.16795081592762365, -0.5435879476358773, 0.822377447778245], [0.9560130237856738, 0.11369383739579245, 0.2703938048299031], [-0.24048206124660954, 0.831616410686582, 0.5005821847562577]], "T": [-0.039751144554756174, -0.01020688235149577, -0.07594962022515178], "aligned_model": [[-0.7564675800569907, 0.3941044509710683, 0.17410328030889421, -0.2959081276516331, -0.5996501265051508, 0.2513309557517738, -0.37158428138637567, -0.2953357674186249, 0.15451340476759026, 0.4032644655115939, 0.6260980884377517, -0.0781306990203479], [0.07040666625432668, -0.4405186651101294, 0.16450949043598562, -0.48973503601152685, -0.5368812472309054, 0.20805913117122934, 0.10862198309585042, 0.6769088927723991, -0.5777779403566651, 0.560252340591696, -0.29875233693080455, -0.03281913294055652], [-0.16217696873253346, -0.5388418566621379, -0.631999289125831, -0.3975119447751012, 0.4353877421163557, 0.5480853140761326, 0.3548859853765426, -0.0464174003242325, 0.412582011408189, 0.03996707455577758, 0.07598958613680157, -0.06423586616388736]], "inverted": true, "swapped": false, "error_lsq": 0.04875227518882739, "error_max": 0.27685772460950386, "target": "260.xyz", "model": "22.xyz", "model_rescale": 4.166573947596378, "target_rescale": 3.857393006571009},
{"mapping": [12, 8, 9, 10, 13, 2, 6, 11, 0, 3, 4, 15], "R": [[0.3695328436399058, 0.8145423356339396, 0.4471758724835361], [-0.9130497498476169, 0.22891103215208228, 0.3375498387827687], [0.17258514355126195, -0.5330295703045707, 0.8283078204425669]], "T": [-0.08882153266882253, -0.07339315030772928, -0.0072006499076805505], "aligned_model": [[-0.5956700234165062, 0.528355437701029, -0.05201636718419683, -0.41853220378449035, -0.7338139864301744, 0.1686884936638413, -0.39805987182855035, -0.15211842411738336, 0.3798399083344727, 0.3430142619265065, 0.6231339658027131, -0.08648312695771238], [0.33972377626135797, -0.37680471674329885, 0.0951910018143591, -0.6298148227611982, -0.621569035783879, 0.315820584987354, 0.12216673555136082, 0.6855823273604751, -0.6399306442431058, 0.32914721988395723, -0.10631631810004541, -0.10092196248643778], [0.03546511667542018, -0.432774555145527, -0.5822431959240776, -0.3848605880539172, 0.0101507785376671, 0.47757815922581637, 0.6600591290415506, -0.21224468239259384, 0.3479718216046157, -0.12080412207391844, 0.17137411477999903, 0.05604241161104039]], "inverted": true, "swapped": false, "error_lsq": 0.04212282470804163, "error_max": 0.2772255545881751, "target": "260.xyz", "model": "23.xyz", "model_rescale": 4.274766983524099, "target_rescale": 3.857393006571009},
{"mapping": [8, 3, 1, 10, 2, 9, 5, 7, 6, 0, 11], "R": [[0.757642990229298, 0.29996312549254345, -0.5796543993632347], [0.5143427653958746, 0.27232098511313224, 0.8131991150708032], [0.4017818052641657, -0.9142556559364331, 0.05203822198067706]], "T": [-0.029045970045245322, 0.07992871041499676, 0.046741464202085456], "aligned_model": [[0.19006762300313018, 0.20312366519866237, -0.6070176385088438, -0.36736971181487776, -0.41826439754492506, -0.5491713697599092, 0.055890648004070356, -0.09904752365966199, 0.5983335085910281, 0.31978816375788693, 0.053561736691515205], [-0.14426667065495496, 0.7476498683005773, 0.3895706349474006, -0.39237333420328224, 0.5628745665763075, -0.1773110624608693, -0.5280180671638036, 0.09861540587668101, -0.26230984002352514, 0.528482757153351, 0.09267227289560093], [-0.6113985364961699, -0.33668416388481, -0.47212047838411386, -0.40732893321370434, 0.24803916496353784, 0.2530874858911817, 0.19688761292063228, 0.6925914514407446, 0.299495490252198, 0.5113934409669887, 0.0056038995650923434]], "inverted": true, "swapped": true, "error_lsq": 0.05191226730965091, "error_max": 0.22401080339807986, "target": "260.xyz", "model": "24.xyz", "model_rescale": 3.7841303162186577, "target_rescale": 3.857393006571009},
{"mapping": [13, 4, 3, 12, 9, 7, 10, 11, 8, 6, 1, 15], "R": [[-0.3240912417123526, 0.762595039420757, 0.5598336117956829], [-0.9439742924848762, -0.2996360751693734, -0.13831398188459182], [0.062268789718630896, -0.5732948877392399, 0.8169795404531434]], "T": [-0.03844936871881034, -0.13239850200988235, 0.0965976942460429], "aligned_model": [[-0.6127543599977193, 0.4822471711983074, -0.011538770749142516, -0.550644249007606, -0.42599997861471667, 0.1310254903844426, -0.4554381048073408, -0.2532823414692945, 0.2639359292349628, 0.3874322092010068, 0.6584438070460141, -0.007088738709364786], [0.1878228610920089, -0.2936816581668186, 0.14567901146610596, -0.4417175088335732, -0.5542089785005877, 0.3674620448701338, 0.07574128859439228, 0.5974717796464359, -0.581376073032062, 0.34516814869915813, -0.34871990689405413, -0.08736686320023992], [-0.32723252279415277, -0.412879684757926, -0.6590150397977115, -0.36939593559420214, 0.21500865327483693, 0.4763650781865322, 0.7195369583960058, -0.0061823375539245135, 0.33416885398411905, -0.23893386606103906, 0.24005969327212445, 0.054214537331412925]], "inverted": true, "swapped": false, "error_lsq": 0.043231302719072356, "error_max": 0.24580466691842198, "target": "260.xyz", "model": "25.xyz", "model_rescale": 4.19342608120988, "target_rescale": 3.857393006571009},
{"mapping": [5, 6, 4, 3, 7, 1, 9, 0, 10, 2, 8, 11], "R": [[-0.5749395627241878, 0.0935058441878696, 0.8128352577965808], [0.02676996488105285, 0.9950661422889133, -0.09553398060652368], [-0.8177578297972984, -0.03316669372991975, -0.5746060408943148]], "T": [-0.05074113604662818, -0.04443038191471595, 0.05588710455900659], "aligned_model": [[-0.6516872298587959, 0.386871856218042, 0.01622662972573967, -0.36506965291301396, -0.6874175800440988, 0.1608112456197583, -0.48184039481809177, -0.21464068644406487, 0.2062712138302159, 0.5581143748724952, 0.6907672959550991, -0.012069008433736053], [0.1346580199339164, -0.4994597339024356, 0.1712976750211958, -0.4377813247160735, -0.6471720865504457, 0.24738493635301262, 0.05734144189219338, 0.6354237898884321, -0.5477738411881069, 0.4941172088620772, -0.12981775252744326, -0.06594418732542313], [-0.09428286105395647, -0.4709327136239353, -0.6812061425507852, -0.36540807476419995, 0.2342313305134999, 0.46170316294062264, 0.6506538068866695, -0.06597060364125015, 0.3348598856806928, -0.14408004533548718, 0.22883321762049236, -0.06268657478628753]], "inverted": true, "swapped": false, "error_lsq": 0.03235939368573105, "error_max": 0.17599679606579657, "target": "260.xyz", "model": "26.xyz", "model_rescale": 3.795458400668931, "target_rescale": 3.857393006571009},
{"mapping": [10, 0, 7, 3, 4, 8, 11, 5, 9, 6, 1, 12], "R": [[-0.5612607409769665, 0.7599730652096707, -0.32776107272494115], [0.6622228477405975, 0.17482774426117975, -0.728626214026699], [-0.4964345682648621, -0.6260001597382905, -0.6013954767366603]], "T": [0.03263240378190143, -0.1500518553264106, 0.12427608778511592], "aligned_model": [[-0.6042570679321272, 0.4360901989390686, -0.22805067156348383, -0.19597269418426805, -0.7413515409789531, 0.22308677577843292, -0.424834972715215, -0.07074907289152563, 0.05161791465925459, 0.5419229703309096, 0.6095443102969562, 0.009291913970499104], [0.10035293550264482, -0.3972515528978948, 0.09588548705355729, -0.5892660650230145, -0.4558433153045729, 0.4288433586088467, -0.040402377298566494, 0.5541431637792781, -0.5529004823296226, 0.46515704745825615, -0.11995726482639057, -0.07648678898162131], [-0.07410654769217176, -0.5593812160889802, -0.6049476477590355, -0.4233616994724132, 0.20367142073004194, 0.5234742510780246, 0.6630480090490225, -0.12124807238612811, 0.2716763056063969, -0.0838779043326012, 0.2531952031056526, -0.02242771395173357]], "inverted": true, "swapped": false, "error_lsq": 0.043132224078508585, "error_max": 0.20847149688332137, "target": "260.xyz", "model": "27.xyz", "model_rescale": 3.6321398670334006, "target_rescale": 3.857393006571009},
{"mapping": [3, 12, 8, 4, 1, 11, 2, 0, 13, 10, 9, 14], "R": [[-0.4084913088776886, -0.6275477687579112, 0.6628111710723953], [0.7854152640843706, -0.6116296667899525, -0.09503690675569394], [0.4650351744918567, 0.4817602605335759, 0.7427309996600044]], "T": [-0.03698932438438902, -0.049416295665074675, -0.09207944182294844], "aligned_model": [[-0.620361067177539, 0.40549401467421126, 0.10096967277823421, -0.4457336774850488, -0.5806009528884833, 0.1740230813318472, -0.39012814278924596, -0.22047883584907246, 0.19668301341329636, 0.4396735120283066, 0.6019031457174049, -0.05510570004436239], [0.17701483741373247, -0.374900652228638, 0.18307950560682512, -0.7551648327440916, -0.33022548264803736, 0.15739571048079626, 0.008165403003164574, 0.5273525665479418, -0.508365947290483, 0.5618011139444078, -0.14813662854860593, -0.08574144779611284], [-0.3748628070433646, -0.7099614363396236, -0.5324686257130432, -0.23807364916756113, 0.17792017670900181, 0.4782085513581107, 0.6188502218193257, 0.059844792530233754, 0.5413554701728545, -0.029810255463367075, 0.07716260006624118, -0.042450651042732816]], "inverted": true, "swapped": false, "error_lsq": 0.05103893366677537, "error_max": 0.2321544879038365, "target": "260.xyz", "model": "28.xyz", "model_rescale": 4.156811204709835, "target_rescale": 3.857393006571009},
{"mapping": [5, 9, 10, 1, 0, 6, 8, 4, 3, 11], "R": [[0.3248059527026086, -0.07593670855942819, -0.9427272720050648], [0.06785443976851746, -0.9923319230099192, 0.10331083960135293], [-0.9433434518205188, -0.09752420657763025, -0.31716267283328325]], "T": [-0.07127821756977314, -0.15013417700054982, -0.027332737721798592], "aligned_model": [[-0.5363862669937512, 0.13841374441950355, -0.035285278989674415, 0.6439571946825156, -0.13168763480242257, -0.8046164432408737, -0.279706837050107, -0.4530086950054012, 0.22200183330058254, -0.12075624220978369], [-0.3572463394008645, -0.542231232997471, 0.10159668163387275, 0.2074516686051579, -0.4121864086144789, -0.24741639520799663, 0.5015947517705495, 0.36905254025207007, 0.38235698277554037, -0.08425191819017558], [-0.40168074957173844, -0.45344374743654203, -0.7194658062776152, -0.2717049016885665, 0.6556509923031846, 0.13810017948310518, -0.27878752501996734, 0.5748006562820914, 0.4991741216950339, 0.01614350720611411]], "inverted": false, "swapped": true, "error_lsq": 0.055184208700280755, "error_max": 0.25491387607119104, "target": "260.xyz", "model": "29.xyz", "model_rescale": 4.117894457231895, "target_rescale": 3.857393006571009},
