[{"mapping": [7, 9, 12, 0, 4, 11, 5, 1, 3, 2, 8, 6, 6, 13], "R": [[-0.33304875816046453, 0.6024157175108699, 0.7253784033066026], [-0.6345885059551993, -0.7122020937873569, 0.30010932293824627], [0.6974065907326372, -0.3603657598895443, 0.6194841130343143]], "T": [0.10010558962260781, 0.04301439457855047, -0.09041070361449105], "aligned_model": [[-0.6357878920041923, -0.2711187758611937, 0.2822811156934255, 0.3599266694238635, -0.7188737498867709, -0.15518387472640538, 0.3826473942463713, 0.6647920807042503, 0.2741266052120601, -0.06345962324013006, -0.5323614335733718, -0.17095015229795385, -0.17095015229795385, -0.048580608921896265], [0.1014281950092929, -0.05110558099839224, 0.28395555150402185, -0.44547099606664897, -0.384784754084883, 0.6820735998130653, 0.4239589215827455, 0.041085079475792194, -0.3436361122432716, -0.707571993204591, 0.29410509668994356, -0.24741847363321148, -0.24741847363321148, 0.0971549007666557], [-0.2530240305403395, -0.7149722077378009, -0.5842520187895601, -0.6282652045696684, 0.1538534085074157, 0.025746355752147912, 0.49904044485083726, -0.20944665598228654, 0.21523349722265228, -0.12394786249127007, 0.29367008932564515, 0.5628303070560243, 0.5628303070560243, -0.12915450579599191]], "inverted": true, "swapped": false, "error_lsq": 0.048926298117943405, "error_max": 0.32326755472693536, "target": "261.xyz", "model": "0.xyz", "model_rescale": 3.8414455957264533, "target_rescale": 3.8440786863637735},
{"mapping": [11, 0, 4, 7, 13, 1, 5, 2, 6, 9, 12, 10, 8, 14], "R": [[0.21974438747686276, -0.9719679670732736, 0.08361025747996781], [-0.4474276690638891, -0.17657183339685845, -0.8767159566284438], [0.86690304251887, 0.15524386826641556, -0.47368603128782083]], "T": [-0.007864081007375907, -0.03522395649051046, -0.050519750032528135], "aligned_model": [[-0.7941642749073446, -0.2598990206010727, 0.2953989602921916, 0.15391450524647232, -0.6284214335392728, -0.2889832948202374, 0.47472364087691826, 0.7169621259939265, 0.5102256266879296, 0.031749030435081566, -0.6009043462564755, -0.006617039127223348, -0.3735660821318689, -0.033910795678921496], [0.29080015582433527, 0.06770052307204341, 0.21235843219235961, -0.37321890180267003, -0.4425915713768456, 0.7619121057174902, 0.26661727241394184, -0.13952310930852543, -0.31549266004306986, -0.7114030342744667, 0.09125103082401961, 0.2204386043137907, -0.481062577679841, 0.04856869110474484], [-0.0918196942475324, -0.7223845505973039, -0.42807997495566796, -0.5725754061729996, -0.2048155672141727, -0.2350298503563399, 0.2816304391928745, -0.14191659890589026, 0.46237369150557844, -0.13250960405439688, 0.41272625938810364, 0.5843159769866166, 0.48965833886974247, -0.03143153557478193]], "inverted": false, "swapped": false, "error_lsq": 0.0408358842120309, "error_max": 0.2478760601673373, "target": "261.xyz", "model": "1.xyz", "model_rescale": 4.316132596720782, "target_rescale": 3.8440786863637735},
{"mapping": [2, 8, 6, 0, 5, 1, 10, 4, 11, 9, 12, 13], "R": [[0.4578900591803111, -0.5456123519300584, 0.7018859274306626], [-0.8863134949446494, -0.341601980084811, 0.3126603202856695], [0.06917428989770891, -0.7652550219524772, -0.6399997414012456]], "T": [0.0020912605262663267, -0.14383379189482814, -0.007736540158218237], "aligned_model": [[-0.3745906311257732, 0.5342074039996656, 0.26310564341905934, -0.6190357433551671, -0.6213698126441384, -0.5314556933073904, -0.143677444219546, -0.11142246430430625, 0.4545350028281479, 0.3570416665735614, 0.4573132955037081, -0.06684266873604042], [-0.6999651201914932, -0.25003137223914046, -0.5426953631799991, 0.3428991314466584, -0.24655328340277435, -0.04728555678720475, 0.4143437753774971, 0.5671653418889389, 0.07588521568307371, 0.036169030609982944, 0.46747847923340313, -0.10463385069796202], [0.05488542174251187, 0.08878682344902086, -0.506289125756417, -0.05093036452768993, -0.49615870831571324, 0.41713582863265886, -0.5555884131000174, 0.36652870104581675, -0.4502927480083404, 0.6376301684020841, -0.04416942848382572, -0.012279693870667789]], "inverted": false, "swapped": true, "error_lsq": 0.040858623582293224, "error_max": 0.23783786017369127, "target": "261.xyz", "model": "2.xyz", "model_rescale": 3.795458400668931, "target_rescale": 3.8440786863637735},
{"mapping": [7, 2, 3, 0, 8, 4, 1, 6, 5, 10, 9, 13], "R": [[0.1906254889920099, -0.5364454301671429, -0.8221242140937985], [0.3303958448843248, 0.8236823895863675, -0.46085345476459716], [0.9243919669868028, -0.1837760091472237, 0.3342541994234167]], "T": [0.15142260145563985, 0.04740832950629753, -0.01853709414746562], "aligned_model": [[-0.22517672253651627, -0.1172890552010632, -0.6330053681480996, 0.18820494244997643, 0.13881843040162734, -0.053853130763068136, -0.33385218308753845, 0.5795918875240795, 0.4675621881332536, 0.7785785763843565, -0.3479452872235776, 0.1516695478101349], [-0.161960797591099, -0.5666305925485362, -0.05518057474645566, -0.0025604667686370958, 0.33205265705751985, 0.6045247946691465, -0.08210669734769999, -0.2326585234183049, -0.5665583427424754, 0.18651848400124232, 0.5990322906314312, 0.03129681409357771], [-0.643628658972854, -0.0949770032422324, -0.08638518542254414, 0.7693230323145521, -0.49030082484642346, 0.534601878215012, 0.4528912511131076, -0.4811463916028694, 0.38260116773388025, 0.4507987500012247, -0.16424815292295522, 0.05924156827120231]], "inverted": true, "swapped": true, "error_lsq": 0.04974432359698241, "error_max": 0.24118717636701797, "target": "261.xyz", "model": "3.xyz", "model_rescale": 3.7530521520055578, "target_rescale": 3.8440786863637735},
{"mapping": [4, 10, 0, 5, 1, 6, 3, 8, 7, 2, 13], "R": [[-0.22323763603184962, 0.7335526824913715, -0.6419232196054485], [0.611902721926947, 0.6180806746730004, 0.49350920811486626], [0.7587753401088528, -0.2826247363651703, -0.5868417517842549]], "T": [-0.1973261821445646, 0.006207260524963239, -0.016429961154819768], "aligned_model": [[-0.3314492890849624, -0.10894008538767919, 0.278431182040433, 0.5039325630806883, 0.21616706415577114, -0.2622497634289914, -0.0783511494446344, -0.693544649308008, -0.3371864735644732, 0.29220199075311687, -0.1408117873660561], [-0.7320408935426679, 0.0385603051455325, -0.4329023824455462, 0.2519732726370695, -0.5231881310609242, 0.692889624896705, -0.3891474750467821, 0.1517446519824218, 0.2594580063108608, 0.18369049295045156, -0.03383411351277477], [-0.3254287636445423, -0.8064258883462341, -0.4696529216863794, -0.30908412151774345, 0.1361292012746359, -0.011330864600583947, 0.6617991011221838, 0.17417008205547574, 0.6854995974702267, 0.41246942339956055, -0.055314068281282984]], "inverted": false, "swapped": true, "error_lsq": 0.04469235112843163, "error_max": 0.26503483414692985, "target": "261.xyz", "model": "4.xyz", "model_rescale": 3.7855080009869324, "target_rescale": 3.8440786863637735},
{"mapping": [7, 6, 1, 11, 8, 5, 2, 12, 14, 13, 10, 9, 15, 16], "R": [[0.0886070958480622, -0.9885054853474846, 0.12249770611446592], [-0.4441185500778441, -0.14928780965062188, -0.883443186269764], [0.8915758498535757, 0.02387583145470401, -0.45224158215518045]], "T": [-0.05255783350433611, 0.03978448366908187, -0.05278812559270894], "aligned_model": [[-0.6969998453391819, -0.30373136392554073, 0.49230401995293255, 0.26809953560977473, -0.5816493117747149, -0.4001348040517934, 0.5043896914230473, 0.5270840299046443, 0.37231625357505216, -0.020990588587939465, -0.6392580235697034, -0.007497473848879006, -0.29553510830764423, -0.021889408589950386], [0.28517786965847736, -0.15003026397079555, 0.3376455526211834, -0.33874595538306457, -0.42034181756184974, 0.7699302744912103, 0.356103321102943, -0.2872698576625272, -0.24350201575393354, -0.6628559847658816, 0.165781839602626, 0.14850254207047592, -0.49447357823884747, 0.030433034767291114], [-0.34578309375909994, -0.6245916646348526, -0.48581039204004894, -0.6743424568012895, 0.007675652827326837, -0.018427998860058956, 0.3153661017909293, -0.19461912012516291, 0.39097776753786895, -0.2264761218425408, 0.3605783308951176, 0.6493970116853414, 0.5258728061293113, -0.009674898939012078]], "inverted": false, "swapped": false, "error_lsq": 0.03801343063554031, "error_max": 0.23907553180488084, "target": "261.xyz", "model": "5.xyz", "model_rescale": 4.2253639853439635, "target_rescale": 3.8440786863637735},
{"mapping": [2, 5, 7, 11, 10, 3, 0, 12, 9, 8, 4, 1, 1, 13], "R": [[0.9062444079883814, 0.3989746707201127, 0.13978656986122084], [0.405462250046866, -0.9138875903181514, -0.020244407855396107], [0.11967220553128072, 0.0750245585542528, -0.9899746859576857]], "T": [-0.054657726537266256, -0.04562625759797484, -0.07822792267493786], "aligned_model": [[-0.6427041410885419, -0.4006364237649111, 0.42851734248694445, 0.25324645959427944, -0.7315908942842182, -0.13637260655673783, 0.4001629044641566, 0.793372679427005, 0.3659136702932079, -0.05343447968194098, -0.49466070040052307, -0.25919755073747586, -0.25919755073747586, -0.06691110654366558], [0.17283930817065937, -0.3186766040231495, 0.5595080204666811, -0.3220423748115692, -0.42402551543713435, 0.6531976238941792, 0.34679096953994765, 0.03797365499230734, -0.33766095246924854, -0.7823423771845317, 0.33831355399709767, -0.2204358737419828, -0.2204358737419828, 0.013351401326033685], [-0.3162317523584378, -0.5326324955309322, -0.25069697558452064, -0.7372749097103231, 0.00596211509669764, -0.16754384364082855, 0.45300607735466414, -0.4592781157519157, 0.2540849790380244, -0.02243600204884752, 0.32164570269982506, 0.604641640549254, 0.604641640549254, -0.08774613679808423]], "inverted": false, "swapped": false, "error_lsq": 0.0540772692581442, "error_max": 0.34431434788531123, "target": "261.xyz", "model": "6.xyz", "model_rescale": 3.89814844738969, "target_rescale": 3.8440786863637735},
{"mapping": [8, 9, 3, 11, 2, 4, 12, 6, 10, 0, 1, 5, 13], "R": [[0.8126968634315628, 0.20714422850715786, -0.5446237937922602], [-0.4992296387010955, -0.23447650651686794, -0.8341405971022027], [-0.30048889498760795, 0.9497957867288209, -0.08714578303800345]], "T": [0.029840325821131206, 0.0006845523919022101, -0.040427338745823056], "aligned_model": [[0.09016822041736262, -0.02799289706926944, 0.5222599053200743, -0.3460915033745801, 0.6262884345277239, -0.5475305653316864, -0.622879427974485, 0.2583658250596647, -0.6237228087639805, -0.3722189063871422, 0.1073632313090238, 0.08509572369034286, -0.00047343051882609705], [-0.3267005658005736, 0.24230418526588426, 0.5180349703909187, -0.5526204432421988, 0.15606427246934848, 0.5187198965513197, -0.17636346331943084, -0.6212076462623078, -0.1250401231180114, 0.5249525119188965, 0.6804229702369683, 0.07005481234387448, 0.0551598880357978], [-0.4796559870119965, -0.7567821856762726, -0.38730857055928464, -0.07739517543860358, 0.2337981307730594, -0.2786747752288371, -0.3937941063547416, 0.1514057428184424, 0.3954636128170312, 0.3932371404180024, 0.039923926581761436, 0.7532639274796679, 0.008793350218067236]], "inverted": false, "swapped": true, "error_lsq": 0.038603493107527184, "error_max": 0.2585740825409816, "target": "261.xyz", "model": "7.xyz", "model_rescale": 3.7474275329858107, "target_rescale": 3.8440786863637735},
{"mapping": [12, 10, 0, 6, 11, 1, 2, 3, 8, 5, 13, 4, 9, 14], "R": [[-0.1259633621226308, -0.8099890413943441, -0.5727573519596536], [0.3832747163618565, 0.4927895711702992, -0.7811907131703058], [0.9150047667638139, -0.31792482030641167, 0.24837488889304904]], "T": [-0.117546309052102, -0.02691613464749357, -0.05855969320104787], "aligned_model": [[-0.6499271560748527, -0.44898752007226816, 0.18633072205799645, 0.27795711859768674, -0.6523485920473839, 0.08931999694672932, 0.41759702365425494, 0.5845448468376484, 0.25395012401257155, 0.27735125711218384, -0.686198137622656, -0.05099661607398703, -0.2855814174845671, -0.11650404737325311], [0.27460929166690734, -0.16320750917808527, 0.2236397901997996, -0.3747401108141596, -0.34385690864641455, 0.6876344007654307, 0.44915012449829256, -0.11719043190903469, -0.2728805090516367, -0.6238094355686198, 0.33704848929360925, 0.11853026600676841, -0.71392485540705, 0.015352359121499997], [-0.13790495020241356, -0.7270166810127618, -0.5868529035630508, -0.6826859774726073, -0.0624351892810448, -0.1654506836228495, 0.3836755679583452, -0.17280984444795533, 0.4578725313945204, -0.08676897491634324, 0.5349693112084632, 0.7073661052590667, 0.2245015369644517, -0.016317924401991292]], "inverted": false, "swapped": false, "error_lsq": 0.05486251141040209, "error_max": 0.4234363505569471, "target": "261.xyz", "model": "8.xyz", "model_rescale": 4.019505241142653, "target_rescale": 3.8440786863637735},
{"mapping": [4, 9, 1, 0, 10, 5, 2, 12, 11, 8, 7, 6, 13], "R": [[0.1584580050396434, -0.9833062935400986, -0.08944156597069461], [-0.8366889559109987, -0.18182230788140308, 0.516616143198452], [-0.524254376896769, -0.007027192975436358, -0.8515327162613697]], "T": [0.021176006788930786, 0.011170843406735534, 0.03375808455898402], "aligned_model": [[-0.343052879722729, -0.7325181544073649, -0.052213432523424995, 0.3144119512881595, 0.45693035420301337, 0.7798067582776507, 0.2687049828298386, -0.2999933513565299, 0.10041162124060521, -0.3309378196025539, -0.25239373436494106, 0.35454820851156804, 0.05599626736788457], [-0.5728247240680377, -0.02956702573411834, 0.06592227922201939, -0.4205156825132346, -0.6527315580595526, 0.03758329474674536, 0.5932119748901038, -0.6237814027621557, -0.3468704323807559, 0.09586664803294652, 0.6881699909821872, 0.2512879309356177, -0.02237306517770639], [-0.39608618973112053, -0.03817614079495513, -0.6489766471510156, -0.5597339745890122, 0.08175950758146225, -0.2144212525180254, -0.2008700024331074, 0.3093357284022721, 0.5944415439019195, 0.44919129204330555, 0.24168522933773365, 0.5878162955141858, -0.02926189551976381]], "inverted": true, "swapped": true, "error_lsq": 0.04369255902826651, "error_max": 0.2545434514113801, "target": "261.xyz", "model": "9.xyz", "model_rescale": 3.877068213659057, "target_rescale": 3.8440786863637735},
{"mapping": [3, 4, 1, 7, 13, 12, 11, 8, 9, 2, 6, 10, 14, 15], "R": [[0.5264683175248323, -0.5086515344370324, 0.6812523226803889], [-0.7974647520760347, -0.017637641333700604, 0.6031076875687227], [-0.294755966587414, -0.8607918041681368, -0.41491732916098245]], "T": [-0.09488197699231038, 0.023356210460850235, -0.04346354947402142], "aligned_model": [[-0.6104126803375837, -0.29704406173864173, 0.2877705659361832, 0.30795952017376693, -0.6922296613765787, -0.18143315121489614, 0.3779530492046135, 0.6648606829310169, 0.27746017738089335, -0.03531206836739481, -0.5699037047828939, -0.056259670206777745, -0.23366866170732775, -0.043232733424276346], [0.2476966505225057, -0.19723363233171903, 0.32031640889877977, -0.3251808812436569, -0.4497994767138173, 0.7443286784646819, 0.39191566748175344, -0.10087532128308263, -0.4001746706206166, -0.6292027073043364, 0.23790206916499793, 0.05551431153217723, -0.4955071105475525, 0.0966549749571929], [-0.3378456202417493, -0.6505560403621375, -0.7633929086041358, -0.6619513773930238, 0.08668227496415182, 0.13232840237442195, 0.38693886792801324, -0.09523760688969543, 0.2995061529003001, -0.14821870581991425, 0.2861256004757249, 0.6641274011563045, 0.5231409482989232, -0.05150546492335399]], "inverted": true, "swapped": false, "error_lsq": 0.042121690739027016, "error_max": 0.29324790374903587, "target": "261.xyz", "model": "10.xyz", "model_rescale": 4.260839863003843, "target_rescale": 3.8440786863637735},
{"mapping": [7, 6, 11, 8, 4, 9, 3, 2, 5, 0, 1, 13], "R": [[0.5193933126335716, 0.6360290676743258, -0.5706992306503079], [-0.205094679504577, -0.5555441595553493, -0.8057957925075407], [-0.8295581710949752, 0.5355723217804191, -0.15809974355542564]], "T": [-0.050049543361484414, -0.08742790080360521, -0.031093045905904476], "aligned_model": [[0.34393319727598787, 0.20098965889881643, -0.43092027377323955, -0.23865136059067793, -0.632852064659912, -0.44029255819045604, 0.23804963822266695, 0.6126886036628169, 0.39748640866333623, -0.14639220597757774, 0.10293738740823329, -0.04807778184586399], [0.004269700512458535, -0.6901421903344171, -0.6324835149505976, -0.20031996348128608, 0.3848849109146557, 0.40563915409549545, 0.5953247216049764, 0.03832092140681345, -0.3301267719042942, 0.152120446171098, 0.5079737295424774, -0.062382638044446104], [-0.6735656886086067, -0.2535532577540256, -0.11288328706150451, -0.5364909215051888, 0.2783280810306368, -0.4547488780752713, -0.31622951222833817, -0.03872155266389582, 0.5842280472266167, 0.7158394014416889, 0.2797161254588265, 0.04425952013456698]], "inverted": false, "swapped": true, "error_lsq": 0.03961390774688188, "error_max": 0.2389989415066096, "target": "261.xyz", "model": "11.xyz", "model_rescale": 3.890672605050136, "target_rescale": 3.8440786863637735},
{"mapping": [7, 12, 4, 10, 5, 3, 1, 2, 11, 9, 8, 6, 6, 13], "R": [[0.30820983202324825, 0.8321302315412454, -0.46104877963108676], [0.8526405827801257, -0.45657109800731477, -0.2540607586006991], [-0.4219131854310419, -0.31480487642269506, -0.8502277069937929]], "T": [-0.027010336355623284, -0.036060492395351834, 0.06830701898828069], "aligned_model": [[-0.6506946161553253, -0.25673440760558647, 0.24935632415207937, 0.382079451226819, -0.7121456505464965, -0.3240830082426231, 0.47615027779951097, 0.6146196045728399, 0.40400431006356335, -0.2400270176998398, -0.582162579959695, -0.04005232685200447, -0.04005232685200447, -0.08375043143113464], [0.19741642509531915, -0.2693014239752098, 0.4011504636140727, -0.34764490987008634, -0.3555431127766646, 0.8203093847993578, 0.2968042481029485, 0.013985789039654167, -0.37803118424772286, -0.7843306767912286, 0.29200744931122846, -0.20589742846052986, -0.20589742846052986, 0.021327365596698615], [-0.46411256968796505, -0.6009893769897453, -0.4044773850800924, -0.6631990991852069, -0.1147029216103738, -0.10901082290438417, 0.5595592467555098, -0.23396855443000425, 0.06162986529779725, 0.09145957035218534, 0.38981667340616294, 0.6188010385502031, 0.6188010385502031, -0.07946477916046023]], "inverted": false, "swapped": false, "error_lsq": 0.05588799637782916, "error_max": 0.38031106319086877, "target": "261.xyz", "model": "12.xyz", "model_rescale": 4.124412569039231, "target_rescale": 3.8440786863637735},
{"mapping": [10, 6, 2, 12, 5, 0, 8, 4, 7, 9, 1, 3, 13], "R": [[0.07637215479504467, -0.4292757640978152, 0.8999386714272251], [-0.9954890717002379, 0.0181283620756591, 0.09312824820564866], [-0.05629211398909112, -0.9029915175939867, -0.4259548298305214]], "T": [0.048566034619791504, 0.15590378424134688, 0.06857692147152004], "aligned_model": [[-0.15392014441527407, -0.1635817868247039, 0.6034514562619407, -0.5906126008991849, 0.5289366420782875, 0.4222603360917847, -0.3691456925551103, -0.014731489689529906, 0.10909440882103026, -0.17975842718848745, 0.5973111110290132, 0.48255486514742285, 0.09543962965256857], [-0.48571919114329487, 0.5505039408103187, 0.5174449900625934, -0.22041819088871684, -0.07023377363108627, -0.5395228410980177, 0.4788097686442138, -0.47989463371070096, 0.8924349120802332, 0.22692209735710642, -0.08462608066663246, 0.46961032981309325, 0.09217404887936766], [0.49316106075783317, 0.5930364146868952, 0.19696281347761935, -0.11055875962806717, 0.6651648047306083, 0.10474013337807798, -0.08950822696254752, -0.43165642396406434, -0.10537755610712889, -0.6509460696294929, -0.27132698938201627, -0.5176798349968369, 0.07568671460695872]], "inverted": true, "swapped": true, "error_lsq": 0.04187458876662543, "error_max": 0.22155260355344986, "target": "261.xyz", "model": "13.xyz", "model_rescale": 3.9028299243045295, "target_rescale": 3.8440786863637735},
{"mapping": [12, 11, 10, 9, 1, 13, 4, 7, 3, 6, 8, 0, 2, 15], "R": [[0.5685975631694693, 0.5489915452684837, -0.6126214935679809], [-0.8127554310479477, 0.2599562759487228, -0.5213936554053341], [-0.126985906540081, 0.7943746079895767, 0.5940063650514193]], "T": [-0.09647194783704809, -0.002406304324135508, 0.0002714663317401646], "aligned_model": [[-0.7083840966042724, -0.44105348785237936, 0.4089789786132871, 0.22472631823508704, -0.4730469967818563, -0.28605816600743744, 0.4200734194978007, 0.7388325491538794, 0.2915928979465321, 0.06264217217646047, -0.5602786923082587, 0.044987540660589034, -0.5024656978496356, -0.024039136409693088], [0.26656493267419884, -0.1792043295830658, 0.4347655269372846, -0.3268252961757145, -0.4930022021399291, 0.694581614221296, 0.2976593839411017, -0.14562702486658058, -0.3398035084513296, -0.6376126859583552, 0.3185514153923216, 0.03217283715849624, -0.38150488611396327, -0.0443608160584538], [-0.19326996287541962, -0.6289047481607749, -0.32950535661221464, -0.6261704288683824, -0.19899130816800606, -0.3327694606979425, 0.320435080900173, -0.3197006861303245, 0.3527742994441417, -0.12464375208749749, 0.527885535036369, 0.8163657656213746, 0.4835965223669537, -0.07695957590462069]], "inverted": true, "swapped": false, "error_lsq": 0.03834241412607963, "error_max": 0.211294637028665, "target": "261.xyz", "model": "14.xyz", "model_rescale": 3.942246331269136, "target_rescale": 3.8440786863637735},
{"mapping": [1, 12, 4, 13, 0, 3, 10, 11, 6, 8, 2, 9, 7, 14], "R": [[0.562785611458019, 0.2908668482335808, 0.7737369269554655], [0.7857036989647828, -0.47902660087385757, -0.39141182032265787], [0.2567918475514406, 0.8282089061667363, -0.4981244370408026]], "T": [-0.01728526477904946, 0.037181747337562354, -0.016672732797595284], "aligned_model": [[-0.7090300332764464, -0.34547624152619544, 0.3743701972455504, 0.2841027525241406, -0.6107726260640958, -0.22570501350771355, 0.5377904149678034, 0.6021476040716923, 0.2550966537071479, -0.014647641004351175, -0.6422975912915682, 0.06248430476800715, -0.2623455976542153, -0.10920958048965261], [0.2940146342492918, 0.00925585923024759, 0.38314129662824353, -0.10627471229657096, -0.392380083506282, 0.6202374707085707, 0.3788678627280213, -0.2978902100634864, -0.3162582629787518, -0.735513846288429, -0.02021466935918448, 0.15715014896180807, -0.4844609121151691, 0.00668038507899834], [-0.35158686990991295, -0.7647282693173919, -0.2823454002729885, -0.7579657610398747, 0.04631034703544485, -0.38157705215383086, 0.27339985181892656, -0.15136025637465025, 0.3204884140265952, -0.05880928248538594, 0.41773854893581996, 0.7754173533153184, 0.6148443906592702, -0.029684090373510365]], "inverted": false, "swapped": false, "error_lsq": 0.05014962901599383, "error_max": 0.3311541964534803, "target": "261.xyz", "model": "15.xyz", "model_rescale": 4.355366556412066, "target_rescale": 3.8440786863637735},
{"mapping": [2, 8, 6, 0, 5, 1, 10, 4, 11, 9, 12, 13], "R": [[0.4578900591803111, -0.5456123519300584, 0.7018859274306626], [-0.8863134949446494, -0.341601980084811, 0.3126603202856695], [0.06917428989770891, -0.7652550219524772, -0.6399997414012456]], "T": [0.0020912605262663267, -0.14383379189482814, -0.007736540158218237], "aligned_model": [[-0.3745906311257732, 0.5342074039996656, 0.26310564341905934, -0.6190357433551671, -0.6213698126441384, -0.5314556933073904, -0.143677444219546, -0.11142246430430625, 0.4545350028281479, 0.3570416665735614, 0.4573132955037081, -0.06684266873604042], [-0.6999651201914932, -0.25003137223914046, -0.5426953631799991, 0.3428991314466584, -0.24655328340277435, -0.04728555678720475, 0.4143437753774971, 0.5671653418889389, 0.07588521568307371, 0.036169030609982944, 0.46747847923340313, -0.10463385069796202], [0.05488542174251187, 0.08878682344902086, -0.506289125756417, -0.05093036452768993, -0.49615870831571324, 0.41713582863265886, -0.5555884131000174, 0.36652870104581675, -0.4502927480083404, 0.6376301684020841, -0.04416942848382572, -0.012279693870667789]], "inverted": false, "swapped": true, "error_lsq": 0.040858623582293224, "error_max": 0.23783786017369127, "target": "261.xyz", "model": "16.xyz", "model_rescale": 3.795458400668931, "target_rescale": 3.8440786863637735},
{"mapping": [8, 9, 3, 11, 2, 4, 12, 6, 10, 0, 1, 5, 13], "R": [[0.8126968634315628, 0.20714422850715786, -0.5446237937922602], [-0.4992296387010955, -0.23447650651686794, -0.8341405971022027], [-0.30048889498760795, 0.9497957867288209, -0.08714578303800345]], "T": [0.029840325821131206, 0.0006845523919022101, -0.040427338745823056], "aligned_model": [[0.09016822041736262, -0.02799289706926944, 0.5222599053200743, -0.3460915033745801, 0.6262884345277239, -0.5475305653316864, -0.622879427974485, 0.2583658250596647, -0.6237228087639805, -0.3722189063871422, 0.1073632313090238, 0.08509572369034286, -0.00047343051882609705], [-0.3267005658005736, 0.24230418526588426, 0.5180349703909187, -0.5526204432421988, 0.15606427246934848, 0.5187198965513197, -0.17636346331943084, -0.6212076462623078, -0.1250401231180114, 0.5249525119188965, 0.6804229702369683, 0.07005481234387448, 0.0551598880357978], [-0.4796559870119965, -0.7567821856762726, -0.38730857055928464, -0.07739517543860358, 0.2337981307730594, -0.2786747752288371, -0.3937941063547416, 0.1514057428184424, 0.3954636128170312, 0.3932371404180024, 0.039923926581761436, 0.7532639274796679, 0.008793350218067236]], "inverted": false, "swapped": true, "error_lsq": 0.038603493107527184, "error_max": 0.2585740825409816, "target": "261.xyz", "model": "17.xyz", "model_rescale": 3.7474275329858107, "target_rescale": 3.8440786863637735},
{"mapping": [2, 6, 4, 9, 7, 0, 8, 5, 10, 12, 1, 3, 11, 13], "R": [[0.5600109205250893, 0.7067762362945721, -0.4322674180434164], [-0.4088126585741062, 0.6895513653954829, 0.5978219840979391], [0.7205969602227126, -0.15807044723952846, 0.6750953670610412]], "T": [-0.08311568675864771, -0.0657215682916922, 0.020674845929513328], "aligned_model": [[-0.6396601308804891, -0.15615423569760184, 0.42456244838942675, -0.030945713261505345, -0.6093226161648267, -0.23148510305244857, 0.4256627208024611, 0.5782093538909051, 0.4165635855424882, 0.09884776747109152, -0.6275942292471204, -0.034037757135225624, -0.28262211917246965, -0.1355163690145819], [0.1944192592353384, 0.20322966788567023, 0.3583856522761104, -0.2984755405672702, -0.6007695869894953, 0.7480309850312202, 0.3948412433812185, -0.29261514805968614, -0.3106219787456068, -0.7703171584243252, 0.16855723944874282, 0.16227609115020028, -0.46945025326283185, 0.008864488618022068], [-0.3348779003407761, -0.6985813075984857, -0.4809443309122739, -0.6044875714560186, -0.04451079028562861, -0.10153681083835212, 0.23487307123081036, -0.16476633272351987, 0.42906655036970887, -0.15157868525033738, 0.3772908492482447, 0.6580111821148367, 0.5854199159947929, -0.03323591568917117]], "inverted": true, "swapped": false, "error_lsq": 0.0443578791159571, "error_max": 0.3172432290732927, "target": "261.xyz", "model": "18.xyz", "model_rescale": 3.922800546911778, "target_rescale": 3.8440786863637735},
{"mapping": [4, 8, 1, 5, 13, 6, 2, 0, 3, 12, 11, 9, 7, 14], "R": [[0.2558078495303564, -0.5965246104755236, 0.7607369671678111], [-0.3874717214193629, 0.6576795637951356, 0.6460056164357675], [-0.8856794054391072, -0.4600173697408231, -0.06289682279546957]], "T": [-0.08641566998554753, 0.01163125123297571, -0.08645299177985079], "aligned_model": [[-0.7126792194839515, -0.31514367894913453, 0.37354678080107406, 0.3391299956356896, -0.6963431316332028, -0.2658826934722174, 0.33784090353849205, 0.7334712043632167, 0.3138061268791448, -0.07967071615551494, -0.5933723881594571, 0.08918188012176301, -0.23432419170856258, -0.09305326930723631], [0.3744477396284388, -0.03372507449967666, 0.4700999109684081, -0.3776787869659386, -0.3042220681946969, 0.5955173763545343, 0.41042768193555124, -0.15018681544519075, -0.3787133656825987, -0.7715244169764299, 0.04995381093516877, 0.1519269879069927, -0.49827162027311944, -0.041696398714135614], [-0.09148304249628725, -0.652153403352271, -0.44173324150196325, -0.5863352787377437, -0.08021448596886022, -0.40682207937176934, 0.3307960099784677, -0.07989080890886899, 0.22435697740475513, -0.15881147100532556, 0.41231537137584884, 0.6959955960407096, 0.5104834787848203, -0.006361698377682537]], "inverted": true, "swapped": false, "error_lsq": 0.04412956221015263, "error_max": 0.2955192632756477, "target": "261.xyz", "model": "19.xyz", "model_rescale": 3.9282355846067225, "target_rescale": 3.8440786863637735},
{"mapping": [12, 9, 11, 8, 7, 10, 0, 4, 3, 6, 2, 1, 5, 13], "R": [[0.9912738185432508, -0.05612580586266819, 0.11927326015058329], [0.12534884188255768, 0.6813426791754051, -0.7211517325589553], [-0.04079074048585278, 0.7298095967102293, 0.6824324640873036]], "T": [-0.08105881611404185, -0.1332794883033427, -0.07910835687023149], "aligned_model": [[-0.7034880042628318, -0.17286870902514775, 0.30725284832295796, 0.21669994249826963, -0.6768522833951673, -0.3617530317625961, 0.48600405871428076, 0.5367148817323814, 0.4400341758461914, -0.06232061584118975, -0.5920155157889794, 0.0428493257072536, -0.2069324586774116, -0.056817011597908], [0.19910109218699926, 0.09056091507920777, 0.39771013568838454, -0.44356298011833073, -0.31398768419392076, 0.6768159096168115, 0.35198593733934347, -0.17464536847772905, -0.3147642097379395, -0.778183955733386, 0.1430731532447345, 0.1548866908185512, -0.47349779862646124, -0.01913687610895766], [-0.553343953088933, -0.7270985131341776, -0.3630577217246816, -0.7065519443782555, -0.10084470115186388, 0.005688769033276753, 0.20925625757491756, -0.205648339272501, 0.43263421391833995, 0.023805013477702808, 0.5050737028736241, 0.60141190139347, 0.5176306813008131, 0.031186557042097884]], "inverted": true, "swapped": false, "error_lsq": 0.04834994402313824, "error_max": 0.2976763123171541, "target": "261.xyz", "model": "20.xyz", "model_rescale": 4.067790424073018, "target_rescale": 3.8440786863637735},
{"mapping": [1, 9, 11, 12, 7, 13, 6, 3, 2, 0, 5, 4, 8, 14], "R": [[0.012992573101258509, -0.9985809728137305, 0.05164526869512884], [-0.40099877140166784, 0.04211086227740796, 0.915110190421135], [-0.9159864509797955, -0.03259932534020887, -0.39988261478689197]], "T": [-0.047419520420279374, 0.005955634833575252, -0.01431941194301589], "aligned_model": [[-0.8398937855271464, -0.44834383263269817, 0.33771428229175454, 0.19605726973009685, -0.5744963347341487, -0.23956614141960558, 0.4757838213401561, 0.7530982345793813, 0.4319951380958666, 0.04982511884013052, -0.3917505625199367, -0.03330525260640475, -0.45406429115161195, -0.06654606181573045], [0.10726986820581855, -0.13375393450620426, 0.36478556459759726, -0.1771564363650664, -0.5024215733818833, 0.6623451256223796, 0.3556649076078148, -0.20293177645210864, -0.367109740456398, -0.696930821529977, 0.3067658634185143, -0.025959975368328725, -0.22839490043313504, 0.03418279001828464], [-0.20146926243278895, -0.66531160205038, -0.3897462217119281, -0.7173150655121546, -0.1571710944272803, -0.16383869998891643, 0.3749344774425585, -0.21251726760116507, 0.41545464788206293, 0.01653733961575335, 0.3590643861563748, 0.7864643766077994, 0.30954437699011217, -0.08448846710621782]], "inverted": false, "swapped": false, "error_lsq": 0.04170094272808245, "error_max": 0.32357300946960876, "target": "261.xyz", "model": "21.xyz", "model_rescale": 4.186013935880536, "target_rescale": 3.8440786863637735},
{"mapping": [4, 9, 12, 5, 2, 10, 1, 3, 11, 8, 7, 6, 13], "R": [[-0.5086540059131315, 0.5981018247753811, 0.6193103498803191], [0.5355967749740627, -0.3433730327366949, 0.7715121872184443], [0.6740973200554258, 0.7241333907434209, -0.14568333983173526]], "T": [0.037338326392451625, -0.04787409268621199, 0.05099078842623378], "aligned_model": [[0.03160834595895726, -0.5015332529589358, 0.2821041116272068, 0.5041080212887197, -0.21621067575161554, 0.7883494708350066, -0.23152617769415082, -0.711091471122064, 0.4712341978568789, -0.1615144705568772, -0.5367771892702937, 0.27260504517672207, 0.06721808003367072], [-0.31364726908567775, 0.15180220641395784, 0.3315993865848358, -0.5485272412587985, -0.3623318686207736, -0.14846620903107174, -0.6612275250534858, -0.3128062250591353, 0.4531593381193749, 0.464081947603066, 0.23459744528357376, 0.3494191954795432, -0.11869652182931584], [-0.7156977994440061, -0.44361591586091725, -0.5641081777743644, 0.4624317863748003, 0.5912888752171321, -0.19152905329296668, -0.11031602747158092, 0.061894443355406795, -0.04667012129274356, 0.005155715667511947, 0.4596509792217298, 0.5634177158437492, 0.03097714079159455]], "inverted": false, "swapped": true, "error_lsq": 0.043803101641739776, "error_max": 0.24082736568574079, "target": "261.xyz", "model": "22.xyz", "model_rescale": 4.166573947596378, "target_rescale": 3.8440786863637735},
{"mapping": [0, 5, 10, 13, 1, 8, 9, 14, 12, 6, 4, 3, 2, 15], "R": [[0.6306179402774335, 0.1613798932409336, 0.7591294642271452], [-0.41320405641610236, -0.758165119955836, 0.5044284474964033], [0.6569500903124424, -0.6317770025411641, -0.4114296998255912]], "T": [0.014909782832199944, -0.008231582460634324, 0.06654478159010083], "aligned_model": [[-0.7065406739188869, -0.2645130704478898, 0.33585083769494006, 0.3027309185223487, -0.5919757638977027, -0.22798819073291648, 0.4113449475802326, 0.7450936693259932, 0.46065080621255294, -0.1469286878276561, -0.6119355156376344, -0.10129788575963332, -0.3722581347130514, -0.03572565393059299], [0.1923165990041993, -0.31890614310922916, 0.30376318118326806, -0.16755773876215474, -0.3571655266389752, 0.7608574339561904, 0.3804124306924496, -0.0738348991125245, -0.470832039439055, -0.7506737545128439, 0.2578264670866994, 0.16170872946122827, -0.37742510782311534, -0.04413467100882989], [-0.25910138866653076, -0.6521110245034433, -0.533952795312967, -0.7135752788262181, -0.06774630760659611, 0.12639291845456302, 0.29511459034348786, -0.23095389062430946, 0.19576208889995417, 0.025367572605760946, 0.3424643340359663, 0.6313834489637281, 0.47471923405275585, 0.03637842204767825]], "inverted": false, "swapped": false, "error_lsq": 0.04373140244224905, "error_max": 0.2837646276268234, "target": "261.xyz", "model": "23.xyz", "model_rescale": 4.274766983524099, "target_rescale": 3.8440786863637735},
{"mapping": [6, 8, 12, 10, 4, 0, 5, 1, 2, 3, 13], "R": [[0.936047762276663, 0.20610389239793991, -0.28519427111229034], [0.2144573720600565, -0.9767313345299442, -0.0019838640197772893], [-0.2789670631202663, -0.05930502243295134, -0.9584676791672637]], "T": [0.05067374743599232, 0.14648939625685342, -0.06335623114914282], "aligned_model": [[0.4308558976577692, 0.22608396044407575, -0.5045060156344644, -0.5674468485718643, -0.6322999060296557, -0.506712087034583, 0.036235803844333926, -0.06866484438303849, 0.5627225899277646, 0.40013105954861317, 0.0034950941891246784], [-0.12683537760234903, 0.5400937821965206, 0.49272547556987545, -0.28382323844941487, 0.4624207343518189, -0.20804711376752677, -0.6337385656346932, 0.14871792270552434, -0.12240298533113042, 0.5412607702670501, 0.1052151269378082], [-0.5698429954176601, -0.4069390020785968, -0.4559796606228358, -0.3196965357799251, 0.24031132230529215, 0.3704620426363322, 0.1064880837675464, 0.6150711987076257, 0.28391265883475236, 0.5303526499830341, -0.014573328313987943]], "inverted": false, "swapped": true, "error_lsq": 0.04262791218404128, "error_max": 0.1889722380122875, "target": "261.xyz", "model": "24.xyz", "model_rescale": 3.7841303162186577, "target_rescale": 3.8440786863637735},
{"mapping": [14, 12, 2, 5, 13, 9, 1, 4, 6, 3, 10, 7, 11, 15], "R": [[0.06734655190225808, -0.9315161275066484, -0.3574103330094063], [-0.6692438756582316, 0.22350722810713516, -0.7086304776664738], [0.7399845112168404, 0.28691849570720135, -0.6083590222724495]], "T": [-0.028710732519644164, 0.10305669832831205, 0.09248177981313219], "aligned_model": [[-0.7479595841687311, -0.30951885401146506, 0.28629843420114665, 0.239389637843326, -0.5446190500283963, -0.3074050189538395, 0.6429888378228191, 0.6249125625723806, 0.3244064980994212, 0.10874802314321459, -0.6260023339870485, -0.09667347990386467, -0.39708807205619145, -0.0009699981026681098], [0.2106049893806805, -0.04564080799649728, 0.37368708050649596, -0.23173951985363767, -0.43190747545107494, 0.4676560729189885, 0.3603815871442125, -0.16663409819172076, -0.4607061060248406, -0.6467598947758204, 0.4276174574180602, 0.057690858636104236, -0.45966506286070724, 0.04176988012706481], [-0.22439898136328654, -0.5961456644157147, -0.5370588853159642, -0.6726145730379228, -0.15175568244208198, -0.2701992084991117, 0.2812673264019498, -0.14573619860955012, 0.3744501718552543, -0.16806006870737258, 0.47084425384139617, 0.7375620582725414, 0.462711336119743, 0.1092760397639502]], "inverted": false, "swapped": false, "error_lsq": 0.03975630239916782, "error_max": 0.3134074591252428, "target": "261.xyz", "model": "25.xyz", "model_rescale": 4.19342608120988, "target_rescale": 3.8440786863637735},
{"mapping": [2, 8, 6, 0, 5, 1, 10, 4, 11, 9, 12, 13], "R": [[0.4578900591803111, -0.5456123519300584, 0.7018859274306626], [-0.8863134949446494, -0.341601980084811, 0.3126603202856695], [0.06917428989770891, -0.7652550219524772, -0.6399997414012456]], "T": [0.0020912605262663267, -0.14383379189482814, -0.007736540158218237], "aligned_model": [[-0.3745906311257732, 0.5342074039996656, 0.26310564341905934, -0.6190357433551671, -0.6213698126441384, -0.5314556933073904, -0.143677444219546, -0.11142246430430625, 0.4545350028281479, 0.3570416665735614, 0.4573132955037081, -0.06684266873604042], [-0.6999651201914932, -0.25003137223914046, -0.5426953631799991, 0.3428991314466584, -0.24655328340277435, -0.04728555678720475, 0.4143437753774971, 0.5671653418889389, 0.07588521568307371, 0.036169030609982944, 0.46747847923340313, -0.10463385069796202], [0.05488542174251187, 0.08878682344902086, -0.506289125756417, -0.05093036452768993, -0.49615870831571324, 0.41713582863265886, -0.5555884131000174, 0.36652870104581675, -0.4502927480083404, 0.6376301684020841, -0.04416942848382572, -0.012279693870667789]], "inverted": false, "swapped": true, "error_lsq": 0.040858623582293224, "error_max": 0.23783786017369127, "target": "261.xyz", "model": "26.xyz", "model_rescale": 3.795458400668931, "target_rescale": 3.8440786863637735},
{"mapping": [2, 6, 7, 3, 9, 0, 5, 1, 10, 8, 4, 12, 13], "R": [[-0.848164368710958, -0.05900411658411955, -0.5264368128040343], [0.24730945982806532, 0.8347250196053152, -0.4920083055441818], [0.46846049430949116, -0.5474967176806032, -0.6933917431007334]], "T": [-0.00595768829758575, -0.07807930033406495, -0.007529878590181095], "aligned_model": [[0.038181363014359426, 0.5869140266402129, 0.49138200801774673, -0.17021302753763443, -0.06640854742109462, -0.738315434889218, -0.23804752450704436, -0.5891754132120435, -0.2735427382004128, 0.41346164438938876, -0.6411587089263511, -0.03508336171963239, -0.07831790282702007], [-0.6838760691489494, -0.3140909001656852, -0.23227387005504208, -0.17722362996303664, 0.4824205565017946, -0.19802114010875665, -0.7241744512024899, -0.2510190806709554, 0.021002876882293978, 0.2474821780193961, 0.4266531061787934, 0.6260689217866723, -0.1010669947971212], [-0.3010513104594659, 0.25433916521466293, -0.5600506544586212, -0.7780139288440822, -0.5145551240158965, 0.26420434111286795, 0.4005223018900684, -0.33073161301030196, 0.7351230348234322, -0.15531155241602185, -0.02316528544789339, 0.28501776837458725, 0.015809519336090042]], "inverted": true, "swapped": true, "error_lsq": 0.04527184736031854, "error_max": 0.2586892152895918, "target": "261.xyz", "model": "27.xyz", "model_rescale": 3.6321398670334006, "target_rescale": 3.8440786863637735},
