[{"mapping": [8, 11, 2, 9, 4, 5, 12, 7, 6, 0, 1, 1, 3, 13], "R": [[-0.970148178935592, -0.06884705433137706, -0.23253514576907935], [0.23117920319924612, 0.027158722013827852, -0.9725320456554309], [0.07327132396863212, -0.9972574827638387, -0.010431977540990178]], "T": [-0.07417526739410278, 0.02794300111770817, -0.009052108410359926], "aligned_model": [[0.15355672666922332, -0.33306871772844815, 0.3641283552060228, -0.47329641988271015, 0.4672203009909503, 0.13639165660134628, -0.6311005180121781, -0.15521396255802372, 0.6490867385738248, -0.2409680780349434, -0.23154464723385354, -0.23154464723385354, 0.3794239144900261, -0.12042145935210859], [-0.16837249615575325, 0.1773922813264207, -0.4561909866454692, -0.5812413321477911, -0.6851904274875431, 0.6846934228314318, 0.055098231068784836, -0.5824103098992981, -0.018071109466388513, -0.23928300934700156, 0.40596973316050766, 0.40596973316050766, 0.12206076548069243, -0.07864653826338777], [-0.73028542435806, -0.639687450634657, 0.3968573170996101, 0.0705715407415185, -0.3433211290357005, -0.32008540974566474, 0.1465649429815229, -0.4475678414145198, -0.2526112522297972, 0.6953503704540107, 0.39761087438112247, 0.39761087438112247, 0.2330014691775268, -0.12324414876041363]], "inverted": false, "swapped": false, "error_lsq": 0.05146711107121921, "error_max": 0.4204069753941648, "target": "262.xyz", "model": "0.xyz", "model_rescale": 3.8414455957264533, "target_rescale": 4.080039309335865},
{"mapping": [4, 0, 6, 9, 2, 1, 13, 7, 5, 8, 11, 12, 10, 14], "R": [[0.3540037905909593, -0.6963081552572217, -0.624368696500327], [-0.4573482269633638, 0.4534446711819924, -0.7649970780794672], [0.8157903624955984, 0.5563657817469906, -0.1579341678053246]], "T": [0.0027431255770657, -0.09879990987946247, -0.07930131619812439], "aligned_model": [[0.15577772940710716, -0.4538546170568527, 0.4768013763451091, -0.35615194689713525, 0.4132477517642986, 0.12213822371983464, -0.7179799045101841, -0.3148440005212777, 0.660492068567381, -0.2152229318077346, -0.40305138420425846, -0.11994946170769631, 0.44846007910357205, 0.03678626029311101], [-0.09914362073141895, 0.11120152067626476, -0.6166178152802246, -0.6634799837679628, -0.623721453008631, 0.6985591583299586, -0.05279956515723383, -0.48444143017427044, -0.1387678762424991, -0.21243087833738364, 0.6348370371092025, 0.377493822982867, 0.12679687805086548, -0.015707836833821584], [-0.6012184808340686, -0.6017333884269693, 0.26298593963935624, 0.054266723019561564, -0.3963944461397918, -0.39308662186495114, 0.15154339963184468, -0.48349685958823385, -0.06972662860950088, 0.6716189181383941, 0.07358114837665705, 0.5041199320680936, 0.38848473214551626, -0.08017963451828707]], "inverted": false, "swapped": false, "error_lsq": 0.04138498391040887, "error_max": 0.2661975580889498, "target": "262.xyz", "model": "1.xyz", "model_rescale": 4.316132596720782, "target_rescale": 4.080039309335865},
{"mapping": [3, 2, 9, 1, 6, 7, 10, 0, 11, 4, 12, 13], "R": [[-0.7760576489304546, 0.015694184168875025, -0.6304666669379191], [-0.42148185814701156, -0.7565533893224817, 0.49998001195808633], [-0.46913491533830426, 0.6537435748731601, 0.5937438585135708]], "T": [0.018952531750521598, 0.13497743527256095, -0.08324602810903325], "aligned_model": [[-0.18701157779779837, 0.42743101394393074, 0.20948836110179436, -0.6670251061828357, -0.4566938525684893, -0.5030049235521706, -0.2328221304299165, -0.2532625471766273, 0.4821443242019763, 0.17168824225493817, 0.6110459865157593, -0.004169235678780268], [-0.5114205923822148, -0.2606213490243276, -0.5033936682413469, 0.5117843135884581, -0.2416451956899338, -0.15291640589737993, 0.3546558688266628, 0.4311486583456082, 0.012452216679401884, -0.03583265648454931, 0.30849130026647426, 0.10007393775412783], [0.06872687987888451, 0.1965015968550088, -0.42297399406295527, 0.06529005991329095, -0.478904546126435, 0.5291747485849977, -0.7585109310858457, 0.4863528500833273, -0.6824727512829154, 0.6734437257416406, -0.12050023732373405, -0.10686893996584323]], "inverted": true, "swapped": true, "error_lsq": 0.049075115634628734, "error_max": 0.285032254583044, "target": "262.xyz", "model": "2.xyz", "model_rescale": 3.795458400668931, "target_rescale": 4.080039309335865},
{"mapping": [5, 12, 8, 3, 1, 7, 2, 10, 9, 6, 0, 13], "R": [[-0.9257464453902977, 0.24353556571197968, 0.2892817779960824], [-0.358364194153649, -0.32083636022052314, -0.8767206706295071], [-0.1207005517627587, -0.9152892756903649, 0.384287546780237]], "T": [0.03159857693125516, -0.10049115732062458, 0.03359595319100307], "aligned_model": [[0.09262509610897127, -0.3203759535142407, -0.725762736861682, 0.25310225869902897, 0.1561705128659155, -0.05435004602862738, -0.2643236321431551, 0.6072707789271153, 0.4125124206419674, 0.7232056986020496, -0.36116604755478626, 0.07439547600100813], [0.05555906870636376, -0.6026631860117195, -0.09838036682768436, 0.12622343034153807, 0.5662989102176468, 0.6620054239559661, -0.29818592688269696, -0.26239436493553436, -0.4772760725718825, 0.05309329040121402, 0.45772132794399184, -0.0962324890474939], [-0.6891368015778525, -0.043907467011695386, -0.07508403070849026, 0.6523721680254269, -0.3841175267753172, 0.4098850101790806, 0.5579609276978343, -0.4246841479375342, 0.5552993461529088, 0.18433134591879968, -0.1092189467912235, 0.055071553467163255]], "inverted": false, "swapped": true, "error_lsq": 0.0498529048338504, "error_max": 0.26424646336271645, "target": "262.xyz", "model": "3.xyz", "model_rescale": 3.7530521520055578, "target_rescale": 4.080039309335865},
{"mapping": [2, 0, 7, 1, 3, 5, 9, 12, 11, 10, 13], "R": [[0.9188699594443341, 0.05027748530439538, 0.39134405847314724], [-0.0792282791211966, -0.9481345189772679, 0.3078373169569256], [0.3865240968144956, -0.31386797924479526, -0.8672289283612069]], "T": [-0.12107210426710557, -0.02715536472591938, 0.000278754865166821], "aligned_model": [[-0.4683598281004907, -0.022493162486274143, 0.34405359113717837, 0.4256334793226998, 0.1997027163580712, 0.025902166402997306, -0.10085137079303014, -0.7225820251160154, -0.43777057810581055, 0.18192835494514759, -0.08696374111926802], [-0.5571313558887871, 0.05313439817666177, -0.45551583715201815, 0.35547840707721273, -0.6422980544025076, 0.6868501813500872, -0.49688378416627965, 0.05738705340926073, 0.03332206100640313, 0.47873356021355074, -0.045873271309237525], [-0.011056495056737057, -0.685357497691765, -0.5746534583510833, -0.4348259615919339, 0.04555982299146809, -0.13760956166489965, 0.5818137863354665, 0.11476889104015658, 0.6964657191186119, 0.4692125467994785, 0.028512985316553614]], "inverted": true, "swapped": true, "error_lsq": 0.05406682176294911, "error_max": 0.2769922863819105, "target": "262.xyz", "model": "4.xyz", "model_rescale": 3.7855080009869324, "target_rescale": 4.080039309335865},
{"mapping": [4, 6, 3, 10, 5, 11, 8, 7, 0, 9, 13, 14, 2, 16], "R": [[0.3409946182590007, 0.7705452220140853, 0.5385004467497336], [-0.002839857393943268, 0.5736747971637669, -0.8190782394308211], [-0.9400609584108792, 0.27777200710362315, 0.19780825700977267]], "T": [-0.04473566884853227, 0.02147404278770841, -0.006297584412875187], "aligned_model": [[0.23967757655680197, -0.30766787700703796, 0.35543717356464405, -0.37428274569717784, 0.2631595003114562, -0.06325138702833058, -0.7431305826531419, -0.2683703293793642, 0.6623213767592162, 0.010550215848224694, -0.5315320508628819, -0.007243944035318153, 0.5316497230098024, -0.03466740689161839], [-0.08199482807757418, 0.19330084328415997, -0.4405668026689107, -0.6085225721106439, -0.6904325553953826, 0.7147102722066088, -0.06072983643143849, -0.45385834750132487, -0.2012448479241436, -0.28588040538574916, 0.5579746475248103, 0.3168982753075957, 0.05064747051836303, 0.031476644269342074], [-0.6811339219534797, -0.578503205331621, 0.32354564914502604, 0.1532870747226911, -0.23758270042906987, -0.3955493367553561, -0.03452772038130459, -0.5405410955829056, -0.24907425812152834, 0.6335389051610854, -0.014298987406216754, 0.6011695274075386, 0.4549122146433134, 0.045522587919448625]], "inverted": true, "swapped": false, "error_lsq": 0.03968726126861637, "error_max": 0.29205094334582604, "target": "262.xyz", "model": "5.xyz", "model_rescale": 4.2253639853439635, "target_rescale": 4.080039309335865},
{"mapping": [10, 1, 6, 3, 2, 8, 0, 4, 5, 7, 9, 12, 11, 13], "R": [[0.5833040981444443, -0.17086690136703855, -0.7940786051173545], [-0.16308352936431433, -0.9823524256416734, 0.09158315503409743], [-0.795713573805283, 0.0760803118628428, -0.6008757730254044]], "T": [-0.023485633302849664, -0.030780745043408435, -0.08160332376097854], "aligned_model": [[0.2967485947818789, -0.4562894588839436, 0.29226505266091407, -0.20526323605362454, 0.29337012447613275, 0.23017136192946, -0.7907001898226136, -0.36379489668388537, 0.5921300803328271, -0.2942589778595524, -0.3312603623566551, -0.03272939145892742, 0.5375458014487015, -0.0352852600154379], [-0.058004153834723945, 0.13206335342636644, -0.403664170065715, -0.6701330536874645, -0.5656805262259162, 0.5914363065306514, -0.019060392978196464, -0.5076859025521333, -0.07007040426689337, -0.31002679908615133, 0.49426028275167055, 0.27662985138685214, 0.23963972129252975, -0.08792615507516376], [-0.7923926030596312, -0.6515756302059521, 0.33669970489188183, 0.1657729104816002, -0.33390525576001173, -0.3887986119717368, 0.15143552909031946, -0.4786705576208893, -0.22378237374241436, 0.6098405663747621, -0.034666528246939526, 0.7997348874874473, 0.38494816259444853, -0.06387546727526364]], "inverted": true, "swapped": false, "error_lsq": 0.04211662479345263, "error_max": 0.25785185707911923, "target": "262.xyz", "model": "6.xyz", "model_rescale": 3.89814844738969, "target_rescale": 4.080039309335865},
{"mapping": [12, 8, 2, 5, 9, 4, 0, 10, 1, 7, 3, 6, 13], "R": [[0.06690815385936602, -0.031514217325161006, -0.997261326360104], [-0.00993142422715566, 0.9994305195568691, -0.032249083570030965], [0.9977097101662145, 0.01206195194274531, 0.06655706991281414]], "T": [0.030253500876119013, -0.0186900791063548, -0.06061042619934563], "aligned_model": [[0.30821295869418686, -0.2821699500690884, 0.28445418668098243, -0.34413282096016945, 0.6799660464448268, -0.28320017135049236, -0.6424784415364958, 0.209603217974765, -0.6502853611803209, -0.5202254600636632, 0.13878322296617063, 0.2004053187345584, 0.04969905456896226], [-0.14987126655070093, 0.06552306705812637, 0.4817402167721977, -0.6576881268369719, 0.26290232519269546, 0.6026167554624193, 0.10583691079004189, -0.6298402606341484, -0.2431975048236033, 0.5708725261864579, 0.5658699098761204, -0.002997945990126906, -0.007985341032022381], [-0.5968935906706445, -0.7539441750386982, -0.3548268984242556, -0.016622690179449985, 0.17983912129667462, -0.4358547212628904, -0.19546622716833256, 0.34183325740411447, 0.28734788418354357, 0.22182630062486508, 0.29974815638775626, 0.6432587859319405, -0.017970172248327795]], "inverted": true, "swapped": true, "error_lsq": 0.05647542159484812, "error_max": 0.2893249348241554, "target": "262.xyz", "model": "7.xyz", "model_rescale": 3.7474275329858107, "target_rescale": 4.080039309335865},
{"mapping": [7, 11, 3, 8, 5, 10, 4, 9, 6, 2, 12, 1, 0, 14], "R": [[-0.8969851981300719, -0.23464863830220006, -0.37464325815164384], [-0.17467039340115015, 0.9666597181880957, -0.187241135709008], [0.4060884238742141, -0.10251344192560793, -0.9080656288065977]], "T": [-0.10438732651632388, 0.020741169528226994, -0.019659883769967763], "aligned_model": [[0.1906670747229442, -0.3251127325953523, 0.36996816510397296, -0.3044620144960522, 0.22323228713616838, 0.307743435201754, -0.7369560258003969, -0.3143484182873147, 0.6821038267791206, -0.27789079887092516, -0.36365846662916784, -0.026760373503520257, 0.45446881201651423, -0.14634552828247077], [-0.08602761224718235, 0.19623344371054594, -0.42972126967602986, -0.6240668298693468, -0.5546126436130187, 0.5050384341808029, -0.3353645254899318, -0.39656365216022393, -0.11050888988674828, -0.29171639801270277, 0.5770877515440697, 0.3374743246775671, 0.23267580104322141, 0.021850023414690715], [-0.6241604705947856, -0.5737020413748135, 0.2739469884596005, 0.0773095908044434, -0.29289026728524964, -0.433021413649046, 0.2723528223015593, -0.6214185279341395, -0.1961342051011794, 0.7424794141389824, -0.08210646400644685, 0.6574338945539396, 0.25778698684804874, 0.022888425876707728]], "inverted": false, "swapped": false, "error_lsq": 0.049720660564541434, "error_max": 0.35616163026047293, "target": "262.xyz", "model": "8.xyz", "model_rescale": 4.019505241142653, "target_rescale": 4.080039309335865},
{"mapping": [0, 12, 5, 1, 7, 6, 10, 4, 3, 2, 11, 9, 13], "R": [[0.9880684275444148, 0.09822960797597294, 0.1186243086672977], [0.15401256050121506, -0.634948513890926, -0.7570472349302678], [0.0009558753931446715, 0.7662841045099339, -0.6425011731332805]], "T": [-0.05889047300016448, -0.0261106457060647, -0.02523485911232172], "aligned_model": [[-0.1453375100032748, -0.6188873490575019, -0.0484475123202531, 0.30593320041781863, 0.30237391546341885, 0.6332985200196416, 0.2799158461694662, -0.362363949513033, 0.34304090301672313, -0.32335176225398543, -0.19804939134286798, 0.16821428442936676, -0.01663842328434286], [-0.64346692218295, 0.22113525737470047, 0.07497056876916036, -0.3899284988835171, -0.7920273460583213, 0.16520864570167207, 0.5270520238477232, -0.6881958128395161, -0.26400483208624154, -0.1607354705047239, 0.691841168537883, 0.33484081944909794, -0.013311373010908508], [-0.3377399987466523, 0.060453873174795336, -0.7601444294366253, -0.6328136356993036, 0.08983601646316745, 0.06911066874170405, -0.4084490589796994, 0.2823862533084901, 0.48974563993594855, 0.5347188758152766, 0.20673867261255863, 0.5890729854367661, -0.006212368582546909]], "inverted": true, "swapped": true, "error_lsq": 0.056753418121738036, "error_max": 0.27869739763787776, "target": "262.xyz", "model": "9.xyz", "model_rescale": 3.877068213659057, "target_rescale": 4.080039309335865},
{"mapping": [4, 7, 12, 0, 5, 2, 8, 1, 3, 11, 9, 10, 6, 15], "R": [[-0.6775103407072113, 0.4968122911032228, -0.5423626882848461], [0.5075498160868082, -0.21789316750519572, -0.8336160697496181], [-0.53232783359979, -0.8400595901263906, -0.10453211282488795]], "T": [0.07760967598403969, 0.07105576720541029, -0.01556708228780327], "aligned_model": [[0.2321779297257333, -0.3861690844401788, 0.309204822458568, -0.26777164306879275, 0.2692488943507936, -0.11379581896722017, -0.6913306708856906, -0.23415502732479998, 0.628970499632435, -0.3111504261354805, -0.3744482135046084, 0.044313696118253296, 0.5854953677066232, 0.042058916829639345], [0.07575338054258382, 0.07213415769581816, -0.49655696300600016, -0.6224572978569949, -0.6426886236438084, 0.6092346313550914, 0.019200714913818417, -0.5462866267338503, -0.14678950829624493, -0.1865687194088242, 0.5147394511271645, 0.306263580994102, 0.09387496897477765, -0.008075189041919895], [-0.6744883728143342, -0.6872773381795336, 0.41148641827731364, 0.16751052057738613, -0.27020171614106986, -0.3533285434323916, -0.05250936586358085, -0.5395878343764288, -0.24207540623108806, 0.5564036190251893, 0.1699962682756719, 0.6528485380543605, 0.3334830334533745, 0.008504912412752044]], "inverted": true, "swapped": false, "error_lsq": 0.034031233713972445, "error_max": 0.22631883940131023, "target": "262.xyz", "model": "10.xyz", "model_rescale": 4.260839863003843, "target_rescale": 4.080039309335865},
{"mapping": [10, 1, 0, 5, 8, 12, 11, 6, 7, 4, 2, 13], "R": [[0.9137988198102929, 0.20926247868976003, -0.34811051682753535], [-0.3761299680510123, 0.11252222126872381, -0.9197091914592879], [-0.15329045647808792, 0.9713639712967381, 0.18153256242164753]], "T": [0.05981524870639951, 0.09849566940613246, -0.07305061622269285], "aligned_model": [[0.36132987463360944, 0.049055648721622463, -0.30427608458622857, -0.18639771198736244, -0.6656950004997365, -0.33410636415315054, 0.2211927094644611, 0.7586717033358367, 0.21492568331967277, -0.2691869863694287, 0.005501680700787659, 0.10788349651404697], [-0.006407445253783922, -0.6902986113229997, -0.4223702514870032, -0.3464786084005384, 0.1348834752469159, 0.5596732692173223, 0.7278506275979381, -0.0543100905697952, -0.4274982792733418, 0.07389660799551624, 0.5253576854789386, 0.09878012630376509], [-0.7554845329968847, -0.18395384626110864, 0.2139990625495298, -0.6132317099113231, 0.1672049973433727, -0.19225875763800915, -0.4810964265308887, -0.18653985575463727, 0.58242842667862, 0.6454450927309383, 0.39219196328824246, -0.07252633610234732]], "inverted": true, "swapped": true, "error_lsq": 0.04529365332709182, "error_max": 0.21526407519739416, "target": "262.xyz", "model": "11.xyz", "model_rescale": 3.890672605050136, "target_rescale": 4.080039309335865},
{"mapping": [11, 6, 4, 0, 2, 9, 8, 1, 10, 3, 5, 7, 12, 13], "R": [[0.19439312456830649, 0.8081365441611547, 0.5559915818713782], [-0.788481264074116, -0.20844798498382333, 0.5786594281270016], [0.5835311554018822, -0.5508763595830285, 0.5966796687737019]], "T": [-0.08578316789084302, -0.05731161027693532, -0.1479276422745024], "aligned_model": [[0.24260594729141627, -0.4789140980297734, 0.2777202439891695, -0.3830827949516194, 0.4470082916429449, 0.051840741612751, -0.7232228377600138, -0.3584117620672877, 0.8081905763204021, -0.37873144806645936, -0.15380512516286726, -0.03231292467856463, 0.4267593224058012, -0.012994890050624971], [-0.10354988603467793, 0.02300233867980095, -0.5184419896338239, -0.5431259071965051, -0.5036307576024277, 0.6279137692386475, 0.05431266716307773, -0.6881727762504621, -0.04265583248211979, -0.45784465462955765, 0.6593131506809793, 0.24964893451179682, 0.331262191194288, -0.04625329002330325], [-0.5870002726900363, -0.5615169135481074, 0.23453946299195527, 0.007931077100716194, -0.29791635200023386, -0.49048603849633443, 0.16893468398283373, -0.5126002753224681, -0.13623759177340233, 0.6310574291651269, 0.14668082187063103, 0.645722360755943, 0.22816110150253455, 0.00349523949846281]], "inverted": false, "swapped": false, "error_lsq": 0.043936495626722714, "error_max": 0.2886178958817362, "target": "262.xyz", "model": "12.xyz", "model_rescale": 4.124412569039231, "target_rescale": 4.080039309335865},
{"mapping": [4, 7, 1, 2, 0, 8, 3, 12, 6, 9, 5, 10, 13], "R": [[-0.041373063462964876, -0.8424977828061718, 0.5371086999727096], [0.9941065835561337, 0.019200754003924396, 0.1066931655544657], [-0.10020164744175276, 0.5383575178376963, 0.8367381985051199]], "T": [0.13637289411658932, 0.06923933003440125, -0.1322735181458198], "aligned_model": [[-0.23095388737472589, -0.09268561701236672, 0.6720859002916335, -0.41895797121649264, 0.3758706910320178, 0.23483528246987875, -0.42692855345560327, 0.11518852904189886, 0.024756189324953937, -0.44182675807468025, 0.876167796357004, 0.5631908392241938, 0.11655586690204539], [-0.28934738453159237, 0.37719402609374664, 0.44314354271096124, -0.23208329722994064, -0.03753138227024243, -0.6103682310418257, 0.4283365018495101, -0.47862077777380657, 0.7657214874392242, 0.2848338946353949, 0.12459510578996429, 0.46049250584593737, 0.11111938499114607], [0.46903361803996735, 0.631321767532757, 0.3235980948039163, -0.08303830176410168, 0.5138705407733266, 0.20514413843849613, 0.06030916461092026, -0.41770323204038695, -0.296845896073486, -0.5546960611519122, -0.13987513714416697, -0.614330753366546, -0.14508986169094465]], "inverted": true, "swapped": true, "error_lsq": 0.05060866909414478, "error_max": 0.2771408212205553, "target": "262.xyz", "model": "13.xyz", "model_rescale": 3.9028299243045295, "target_rescale": 4.080039309335865},
{"mapping": [3, 6, 5, 10, 4, 1, 14, 7, 0, 13, 11, 12, 8, 15], "R": [[0.2869893166733993, -0.6996950107883833, -0.654266019286635], [-0.03927882102053509, 0.6738274022724604, -0.7378440256354893], [0.9571281556482247, 0.2374521506000569, 0.16589807063626685]], "T": [0.045231598242507345, 0.0022789597083586882, -0.081055765717415], "aligned_model": [[0.29622868617069165, -0.15293111118154362, 0.23019926326887002, -0.3368076327900773, 0.2885769727932563, -0.11880024120202314, -0.7570496632946446, -0.42947776635143464, 0.8228545508452512, -0.1957620030880481, -0.5230329861836722, -0.014640413874084365, 0.6699498424250381, -0.04665825504230485], [-0.1442978001175763, 0.26370102865847267, -0.2570819403409117, -0.6269729616077462, -0.6209829999176849, 0.6140454465308341, -0.1044152349068455, -0.5482527458651568, -0.2145187760833117, -0.22463925012430908, 0.44659897660838094, 0.3521306020212019, 0.12939851105049432, -0.022934898290128878], [-0.6326037333219132, -0.6613990302676276, 0.31971938330692296, 0.034878040918079056, -0.1891799177398392, -0.2260870623127907, 0.27673157196339404, -0.6216053158627297, -0.26951715323678105, 0.6421880119670532, 0.07866828696981008, 0.5174920264404069, 0.3549200301815014, -0.14344040596786578]], "inverted": false, "swapped": false, "error_lsq": 0.04601397949100559, "error_max": 0.2390733165753441, "target": "262.xyz", "model": "14.xyz", "model_rescale": 3.942246331269136, "target_rescale": 4.080039309335865},
{"mapping": [7, 8, 5, 1, 2, 11, 12, 0, 9, 3, 13, 4, 10, 14], "R": [[0.648625503667245, 0.6926155636255253, -0.31554498414031074], [0.26614556710104287, 0.18201134099851252, 0.9465930534608777], [0.713057846955545, -0.6979652948188895, -0.06627936423581304]], "T": [0.030532085238235192, 0.008104178296953646, -0.011845670467024595], "aligned_model": [[0.3610446402458071, -0.23928495118241971, 0.19576610610469425, -0.4155950640052484, 0.2015933222545107, 0.008364271196982378, -0.7549596233176591, -0.23370787052915148, 0.8031986545834529, -0.18840034366562736, -0.580763730954879, 0.022630073170467415, 0.5727309714656693, -0.019967212871324764], [-0.25080500788981847, 0.21328749769489624, -0.5599763244247671, -0.6180736533572765, -0.6717607688945354, 0.7046527098159183, -0.10302329000738628, -0.4560050530899806, -0.1470727817162765, -0.23962146405420634, 0.5127319427945721, 0.3554206480798492, 0.36901457263887905, -0.06699106997415485], [-0.7566322119804365, -0.7075032720109223, 0.21785373955584433, 0.24411003982932308, -0.31378875353113794, -0.18048657865942222, 0.18495300773219114, -0.517313127367799, -0.17637162534863562, 0.6263145979582411, 0.168703743567602, 0.4603542924146265, 0.2792978870314159, -0.048727006153269546]], "inverted": false, "swapped": false, "error_lsq": 0.04675765004253267, "error_max": 0.25676662959598145, "target": "262.xyz", "model": "15.xyz", "model_rescale": 4.355366556412066, "target_rescale": 4.080039309335865},
{"mapping": [3, 2, 9, 1, 6, 7, 10, 0, 11, 4, 12, 13], "R": [[-0.7760576489304546, 0.015694184168875025, -0.6304666669379191], [-0.42148185814701156, -0.7565533893224817, 0.49998001195808633], [-0.46913491533830426, 0.6537435748731601, 0.5937438585135708]], "T": [0.018952531750521598, 0.13497743527256095, -0.08324602810903325], "aligned_model": [[-0.18701157779779837, 0.42743101394393074, 0.20948836110179436, -0.6670251061828357, -0.4566938525684893, -0.5030049235521706, -0.2328221304299165, -0.2532625471766273, 0.4821443242019763, 0.17168824225493817, 0.6110459865157593, -0.004169235678780268], [-0.5114205923822148, -0.2606213490243276, -0.5033936682413469, 0.5117843135884581, -0.2416451956899338, -0.15291640589737993, 0.3546558688266628, 0.4311486583456082, 0.012452216679401884, -0.03583265648454931, 0.30849130026647426, 0.10007393775412783], [0.06872687987888451, 0.1965015968550088, -0.42297399406295527, 0.06529005991329095, -0.478904546126435, 0.5291747485849977, -0.7585109310858457, 0.4863528500833273, -0.6824727512829154, 0.6734437257416406, -0.12050023732373405, -0.10686893996584323]], "inverted": true, "swapped": true, "error_lsq": 0.049075115634628734, "error_max": 0.285032254583044, "target": "262.xyz", "model": "16.xyz", "model_rescale": 3.795458400668931, "target_rescale": 4.080039309335865},
{"mapping": [12, 8, 2, 5, 9, 4, 0, 10, 1, 7, 3, 6, 13], "R": [[0.06690815385936602, -0.031514217325161006, -0.997261326360104], [-0.00993142422715566, 0.9994305195568691, -0.032249083570030965], [0.9977097101662145, 0.01206195194274531, 0.06655706991281414]], "T": [0.030253500876119013, -0.0186900791063548, -0.06061042619934563], "aligned_model": [[0.30821295869418686, -0.2821699500690884, 0.28445418668098243, -0.34413282096016945, 0.6799660464448268, -0.28320017135049236, -0.6424784415364958, 0.209603217974765, -0.6502853611803209, -0.5202254600636632, 0.13878322296617063, 0.2004053187345584, 0.04969905456896226], [-0.14987126655070093, 0.06552306705812637, 0.4817402167721977, -0.6576881268369719, 0.26290232519269546, 0.6026167554624193, 0.10583691079004189, -0.6298402606341484, -0.2431975048236033, 0.5708725261864579, 0.5658699098761204, -0.002997945990126906, -0.007985341032022381], [-0.5968935906706445, -0.7539441750386982, -0.3548268984242556, -0.016622690179449985, 0.17983912129667462, -0.4358547212628904, -0.19546622716833256, 0.34183325740411447, 0.28734788418354357, 0.22182630062486508, 0.29974815638775626, 0.6432587859319405, -0.017970172248327795]], "inverted": true, "swapped": true, "error_lsq": 0.05647542159484812, "error_max": 0.2893249348241554, "target": "262.xyz", "model": "17.xyz", "model_rescale": 3.7474275329858107, "target_rescale": 4.080039309335865},
{"mapping": [11, 3, 9, 5, 12, 1, 8, 10, 7, 4, 0, 6, 2, 13], "R": [[-0.40033341713068066, -0.8692710526132232, -0.2900017107142153], [-0.5478496401099677, -0.02664656766742346, 0.8361523379521965], [-0.7345705731649285, 0.49361705554026825, -0.46556232184306356]], "T": [0.002025674509367685, -0.06406252775298729, -0.09220683752566847], "aligned_model": [[0.19435062689589802, -0.3929153988405986, 0.32343003176477153, -0.26711498343618906, 0.3611732269021201, 0.12395915246428973, -0.7156724456000402, -0.3468309003292185, 0.7258388203121238, -0.4443995193680997, -0.34543495329867024, 0.13977074469962913, 0.3638287694667137, 0.012666070862544478], [-0.11358430306188971, 0.1739041854466347, -0.3728324512427251, -0.7107597189987546, -0.7161097098889558, 0.5373322193843882, -0.05146922542725879, -0.5091229712808534, -0.09131208600032342, -0.200923329008499, 0.5906971323052485, 0.05076590798252853, 0.44000972608601585, 0.01518258132015668], [-0.7866817242320401, -0.5901853243093644, 0.4068768622096136, 0.08825364497884503, -0.1635120350384567, -0.411542087504535, -0.05214103731333322, -0.48800939216892203, -0.29901900731927683, 0.5942328826040532, 0.2947082571198324, 0.6580194866226824, 0.25252843365880984, -0.022764226270287582]], "inverted": true, "swapped": false, "error_lsq": 0.048465906786331656, "error_max": 0.3351048960531775, "target": "262.xyz", "model": "18.xyz", "model_rescale": 3.922800546911778, "target_rescale": 4.080039309335865},
{"mapping": [2, 1, 11, 4, 10, 0, 8, 6, 9, 13, 5, 12, 7, 14], "R": [[0.8025638013926375, 0.5965077610639471, -0.008356774777171262], [-0.58504697815979, 0.784250070651966, -0.20657168254260921], [-0.11666781064328513, 0.17067606063201557, 0.9783957810042105]], "T": [-0.08407545177515097, -0.0283440068713674, -0.02738142113784836], "aligned_model": [[0.3630615002030098, -0.39657212554289145, 0.3246129687888742, -0.2148338438640318, 0.24274833441559068, 0.06330439863745316, -0.6735563894724358, -0.4720377855320651, 0.7032904780642861, -0.14963555072894758, -0.4799784872212245, -0.09479396930750233, 0.5192414270733832, -0.0022017130182244854], [-0.01367423634075933, 0.10927237831389663, -0.5293719982436258, -0.7335753531753821, -0.6655892897467414, 0.704199217801821, -0.08151187366774486, -0.46838056917640036, -0.11108469468052934, -0.3095120715605554, 0.6235714556474284, 0.46617354735439454, 0.06591571606747294, -0.014654270977562597], [-0.5868296375046945, -0.6841847275763019, 0.2712627476101238, 0.06966563023787545, -0.3984680814967717, -0.4016837579655027, 0.12778318840141298, -0.39017726363575955, -0.2169916978211788, 0.5958842843556356, 0.0009158656438290474, 0.5841343566724976, 0.4877252351835504, 0.02172859093290512]], "inverted": false, "swapped": false, "error_lsq": 0.04683440827265461, "error_max": 0.3153677387754674, "target": "262.xyz", "model": "19.xyz", "model_rescale": 3.9282355846067225, "target_rescale": 4.080039309335865},
{"mapping": [1, 2, 4, 6, 3, 10, 7, 5, 0, 8, 12, 9, 11, 13], "R": [[-0.8949648481178367, -0.3872123139898984, 0.22159545240822484], [0.36422735551131713, -0.34731510175059593, 0.8641242119008159], [-0.2576360885641803, 0.8540719196827407, 0.4518681244332116]], "T": [-0.09635875427784178, -0.11836834778809086, 0.031117017261268434], "aligned_model": [[0.22655669597896227, -0.3215585253724828, 0.3877805533096317, -0.41642200463804646, 0.2921371294851587, 0.11024297804947476, -0.6951122070131628, -0.3276511881101803, 0.6667677158911701, -0.07231475215626396, -0.4854653006194861, -0.11491941124551254, 0.48700606616030395, -0.004398507224292386], [-0.1623835223799275, 0.1659857545648396, -0.4101406326020617, -0.685552984367384, -0.6825909928575027, 0.6496652757995591, 0.02962489560536158, -0.526260610266498, -0.09019977438998175, -0.3133395478333447, 0.6056594369774708, 0.3165194955887526, 0.21739996292327318, -0.07260879914684362], [-0.6436341018172466, -0.7085748225841216, 0.31368720253028964, 0.08312814928452107, -0.2804577317663745, -0.30005427713128835, -0.056576078972362526, -0.4863942043665835, -0.20771662818454784, 0.7659841455525516, 0.2483132597451494, 0.5686604024254349, 0.2766944981571385, -0.0922950798349395]], "inverted": false, "swapped": false, "error_lsq": 0.03793306735536055, "error_max": 0.24786790725424196, "target": "262.xyz", "model": "20.xyz", "model_rescale": 4.067790424073018, "target_rescale": 4.080039309335865},
{"mapping": [10, 11, 8, 5, 1, 12, 6, 13, 9, 4, 3, 2, 0, 14], "R": [[0.6302738272823694, 0.5954452957093819, -0.49819655002860164], [0.5862793369865817, -0.7857002273331994, -0.19736182962045337], [-0.5089513156141834, -0.167690347325437, -0.8443035625581987]], "T": [-0.015706233056282437, -0.0827058807777341, 0.012515373464197538], "aligned_model": [[0.12560120325150653, -0.3475103085303915, 0.264672309510346, -0.15897667422899972, 0.474538995978914, 0.23987149218895926, -0.729764448747583, -0.2873370605021296, 0.5839951270969395, -0.3208518069228527, -0.2841606924221269, -0.2250005239621744, 0.39297180325085357, 0.004599826534013134], [-0.215513663216354, 0.2198006375791185, -0.4355990537726106, -0.6484616429605027, -0.6669572139663794, 0.4939124471889388, 0.0011495981361084456, -0.4628830672693157, -0.051985119451261254, -0.40367516060878894, 0.7227721519211576, 0.273757101290744, 0.29544472749950557, -0.07998378475464747], [-0.7835255318425115, -0.45270297938695003, 0.3618321037347, 0.10117268619730128, -0.2901644843961121, -0.4224618639966534, 0.18757543731446036, -0.5088343225457141, -0.4809057579466772, 0.6806002444878229, 0.06620297666023592, 0.6312657057857081, 0.45347161802895664, -0.0627610990569462]], "inverted": false, "swapped": false, "error_lsq": 0.052302349181431625, "error_max": 0.2973813444900177, "target": "262.xyz", "model": "21.xyz", "model_rescale": 4.186013935880536, "target_rescale": 4.080039309335865},
{"mapping": [1, 5, 0, 3, 9, 7, 6, 10, 8, 12, 11, 2, 13], "R": [[0.17572467270179415, -0.8891443044310706, -0.4225437791538708], [0.982641785122557, 0.18435119773767383, 0.02073060596894849], [0.05946395155892388, -0.41885205238899437, 0.9061054004223379]], "T": [-0.01733411099455799, 0.01866392347737266, 0.01781943595739881], "aligned_model": [[0.05218071933219208, -0.4109292463721947, 0.4204902679270582, 0.3959529653267054, -0.10288575211423463, 0.7148848802219553, -0.17810386990163574, -0.6907969064700318, 0.2952010836074353, -0.18734437824484973, -0.5716861351125531, 0.344345963030548, -0.02273555580716935], [-0.2579814634138935, 0.10114961380445925, 0.1561298295931096, -0.44179564415999883, -0.2923929687284613, -0.3401156914909265, -0.6833479141703258, -0.2781510673975033, 0.698529566204039, 0.5582518390289276, 0.11339209065894548, 0.21120650637174948, -0.025918036754027693], [-0.725986137436751, -0.6056366765317843, -0.5072274786012667, 0.33486543964984045, 0.6924757821309965, -0.23813796956398076, 0.09503482543415902, -0.14336526610656503, -0.14191914404760134, 0.2668394894578863, 0.5396931172731968, 0.5012723085838686, 0.03497127109334726]], "inverted": false, "swapped": true, "error_lsq": 0.0422436700224768, "error_max": 0.26592993134767196, "target": "262.xyz", "model": "22.xyz", "model_rescale": 4.166573947596378, "target_rescale": 4.080039309335865},
{"mapping": [3, 8, 6, 1, 2, 9, 7, 4, 11, 5, 10, 13, 12, 15], "R": [[-0.9833505920858957, -0.102130527418298, 0.15030292217245447], [-0.16173602642939697, 0.11481948429198952, -0.9801315951349345], [0.08284365273904831, -0.9881223817909308, -0.1294259935432992]], "T": [0.02330115301446491, -0.013183205194177774, -0.07530720729530165], "aligned_model": [[0.2308647887684097, -0.4954730113729138, 0.3277007964211235, -0.18493616873944635, 0.29018629523386397, 0.16000935739095107, -0.6433292470452424, -0.27559843504785664, 0.7476291214935062, -0.4111834941663934, -0.36990746671599656, -0.23903014742553683, 0.5981892069227447, -0.002472353221939172], [-0.14867526707915513, 0.16817747941930294, -0.5199453904385734, -0.6648155970721159, -0.6151861692605498, 0.4635731087609137, 0.0927934776455721, -0.45691704167611896, 0.07808695569550483, -0.2429793667565004, 0.5477495215260817, 0.31810579682283596, 0.088600563344943, -0.06679011331642756], [-0.623016884309343, -0.6686543305392697, 0.4039010737966343, 0.12497136008357908, -0.21377738930906698, -0.41363168208570933, 0.1608336406339238, -0.5789070801922138, -0.3738236712241781, 0.5951245913961787, 0.22748428956007372, 0.6583432713713268, 0.22222454758935317, -0.04030700373366801]], "inverted": true, "swapped": false, "error_lsq": 0.044793867958473475, "error_max": 0.2718109595345726, "target": "262.xyz", "model": "23.xyz", "model_rescale": 4.274766983524099, "target_rescale": 4.080039309335865},
{"mapping": [5, 12, 8, 0, 4, 7, 1, 3, 6, 9, 13], "R": [[0.5055870617880462, -0.6343929492370114, -0.5847455078159192], [-0.5971963093461053, 0.23182700317511515, -0.7678624933555722], [0.6226863504654019, 0.7374292010472681, -0.26164839458109984]], "T": [0.10334900629094695, 0.1779385284205724, -0.027123358346780764], "aligned_model": [[0.281322029706065, 0.11621562260824458, -0.4653307167097656, -0.46413316552372447, -0.6534500977971496, -0.48361451881196044, -0.031575988782068076, -0.025069708321605183, 0.5242697238326837, 0.45264223343601856, 0.12861929032133612], [-0.2870568826855207, 0.6886717956987658, 0.4221632601804631, -0.1858765955246952, 0.35745664099958685, -0.24481247388687793, -0.5940679534595914, 0.17717777230150344, -0.14908013282531718, 0.5637584556981959, 0.1672526447469704], [-0.5771446438335867, -0.37505377740360607, -0.4769784539183494, -0.2056278817378914, 0.11469353627257453, 0.42799977543459483, -0.16999725510659583, 0.6561448498465375, 0.46329921116820594, 0.5098811892181367, 0.012349884081556815]], "inverted": true, "swapped": true, "error_lsq": 0.05588676846559806, "error_max": 0.29498739925418466, "target": "262.xyz", "model": "24.xyz", "model_rescale": 3.7841303162186577, "target_rescale": 4.080039309335865},
{"mapping": [7, 0, 13, 14, 11, 1, 9, 10, 6, 12, 2, 5, 3, 15], "R": [[-0.8660791751370994, 0.3652658701780805, -0.34130295409927414], [0.2333564093608213, 0.8991823788446143, 0.3701565017469848], [0.4420991388863661, 0.24093960583181506, -0.8640002648943711]], "T": [-0.06816230957090921, -0.007027765730266922, -0.13166107217604725], "aligned_model": [[0.16588615387255187, -0.14832939783294602, 0.19205577728566506, -0.4683093782824541, 0.45975118373341894, -0.05276238227116897, -0.5936447728302302, -0.4022122448861394, 0.6312626414106524, -0.23771987458468066, -0.4322153036294992, 0.05705701939350963, 0.561454102605599, 0.00037571851099624243], [-0.21429775240983406, 0.2197790390130082, -0.5654689534116515, -0.6048181364749916, -0.5569976992272854, 0.6510742591569951, -0.11912708262618815, -0.584109014278549, 0.14935136187155584, -0.16581073712986788, 0.48177269991983673, 0.3331856185439946, 0.01458333704674536, 0.0026610176219447543], [-0.7018066934710513, -0.8269752893709252, 0.35044885765816536, 0.20274580328706873, -0.22258953306257204, -0.4776393386634845, 0.09951555398781861, -0.532463989539488, -0.22318570622591402, 0.5902877532736863, 0.31256021302361525, 0.6670339373601571, 0.37045248210016823, -0.12761931731962375]], "inverted": true, "swapped": false, "error_lsq": 0.04125236057479079, "error_max": 0.252085690956242, "target": "262.xyz", "model": "25.xyz", "model_rescale": 4.19342608120988, "target_rescale": 4.080039309335865},
{"mapping": [3, 2, 9, 1, 6, 7, 10, 0, 11, 4, 12, 13], "R": [[-0.7760576489304546, 0.015694184168875025, -0.6304666669379191], [-0.42148185814701156, -0.7565533893224817, 0.49998001195808633], [-0.46913491533830426, 0.6537435748731601, 0.5937438585135708]], "T": [0.018952531750521598, 0.13497743527256095, -0.08324602810903325], "aligned_model": [[-0.18701157779779837, 0.42743101394393074, 0.20948836110179436, -0.6670251061828357, -0.4566938525684893, -0.5030049235521706, -0.2328221304299165, -0.2532625471766273, 0.4821443242019763, 0.17168824225493817, 0.6110459865157593, -0.004169235678780268], [-0.5114205923822148, -0.2606213490243276, -0.5033936682413469, 0.5117843135884581, -0.2416451956899338, -0.15291640589737993, 0.3546558688266628, 0.4311486583456082, 0.012452216679401884, -0.03583265648454931, 0.30849130026647426, 0.10007393775412783], [0.06872687987888451, 0.1965015968550088, -0.42297399406295527, 0.06529005991329095, -0.478904546126435, 0.5291747485849977, -0.7585109310858457, 0.4863528500833273, -0.6824727512829154, 0.6734437257416406, -0.12050023732373405, -0.10686893996584323]], "inverted": true, "swapped": true, "error_lsq": 0.049075115634628734, "error_max": 0.285032254583044, "target": "262.xyz", "model": "26.xyz", "model_rescale": 3.795458400668931, "target_rescale": 4.080039309335865},
{"mapping": [11, 6, 9, 2, 4, 5, 10, 12, 1, 3, 8, 7, 13], "R": [[0.7847205569588217, 0.5180851507387632, -0.34029608294870245], [-0.20038292991596915, 0.731552351222746, 0.6516731073312482], [0.5865665596371217, -0.44319175759987417, 0.6778795889470384]], "T": [-0.16315384020034823, -0.09950607610530134, -0.039683904633881786], "aligned_model": [[-0.09397712073691825, 0.4484525072183934, 0.41185169113643944, -0.03250512949408574, -0.2448193235318572, -0.6029331559269792, -0.10570964061788532, -0.5381837342124771, -0.26896796089735936, 0.4583655861923351, -0.7680656314608956, 0.15375792028852003, -0.11758962513597374], [-0.7696880842189873, -0.30909544208761225, -0.3804322749531212, 0.12584830066081, 0.6135051877182244, -0.30408108836857084, -0.7172605175703008, -0.3044756801973009, 0.15630505761642782, 0.1890410085360033, 0.2773185942934934, 0.6564251212183472, -0.1115286793904986], [-0.40670214537456595, 0.28687347992942125, -0.42657635564881796, -0.6174019340291731, -0.3713906347208133, 0.5217087936783605, 0.38776363350587456, -0.48623696600598093, 0.7072938383149273, -0.15716399614659024, -0.31806645893615665, 0.20221817810383808, -0.03018277057089764]], "inverted": true, "swapped": true, "error_lsq": 0.053479451058386945, "error_max": 0.2630093304759839, "target": "262.xyz", "model": "27.xyz", "model_rescale": 3.6321398670334006, "target_rescale": 4.080039309335865},
