[{"mapping": [5, 1, 12, 11, 3, 0, 2, 6, 8, 4, 7, 13], "R": [[0.4657375886074492, -0.21656384153161645, 0.8580143361851174], [-0.403343676601732, 0.8110684071392824, 0.4236530626419978], [-0.7876562556747175, -0.5433858127349444, 0.29039538807437726]], "T": [0.08538963870412856, -0.11294737204172216, -0.16604056206357282], "aligned_model": [[-0.6048023945904031, 0.006646022367765611, 0.45747155759588426, -0.011408919358034814, -0.21388686291920184, 0.5571920451295252, 0.25902226132644823, -0.39994577882928223, -0.0896378107559248, 0.18269880130643107, 0.47840154126985307, 0.16537975413311073], [-0.11827316703551004, -0.6756535363317795, -0.3891894075333405, 0.28499941048322885, -0.25495512221914485, -0.6170187589703948, -0.11724942035359477, 0.2859403685899192, 0.6437475028335012, 0.6416733389043793, 0.5323821556749345, 0.023845244134869617], [-0.47589190307413193, -0.26706199038061057, -0.5129774315872402, -0.7311336856090696, 0.23827080342517987, 0.17852722626208556, 0.5830198161111917, 0.2697166949604581, -0.2518157909806585, 0.4123042624969305, -0.1439967970916994, -0.2038456390853296]], "inverted": false, "swapped": false, "error_lsq": 0.05009518686077097, "error_max": 0.252241752192506, "target": "263.xyz", "model": "0.xyz", "model_rescale": 3.8414455957264533, "target_rescale": 3.9175157231558937},
{"mapping": [3, 5, 2, 4, 10, 6, 8, 11, 0, 13, 7, 14], "R": [[-0.41450256620998366, 0.2867694730431588, -0.8636844863350779], [0.7168515478186911, -0.48177717419397237, -0.5039986238231389], [-0.560634890989925, -0.828042283797283, -0.005873265573342834]], "T": [0.08771219181192186, 0.05696840211966922, -0.04385988244977536], "aligned_model": [[-0.45315087809970683, 0.0004559402685445635, 0.5097626738772629, 0.03651626842185583, -0.19966098408400973, 0.5183643614639322, 0.27282391542149514, -0.546783516711536, -0.05214865623353787, 0.1913428881253618, 0.5099550277196659, -0.0003468234931563313], [-0.21530835719110722, -0.5478003362053144, -0.27279378665639287, 0.12544735276121366, -0.49506561683182715, -0.5904475174368105, -0.06190627019599734, 0.4811102867911664, 0.7105204880476499, 0.6243386543608573, 0.4422519991712276, 0.0399017115624032], [-0.540558370453359, -0.29076857953009233, -0.5515359770814456, -0.5809882149695395, 0.24084417460971747, 0.029750644395890813, 0.7150240741369396, 0.3353290673662754, -0.3246195370840498, 0.4482769646696941, -0.33749662998441216, -0.04814205062851306]], "inverted": true, "swapped": false, "error_lsq": 0.04589128844811305, "error_max": 0.22395309514503284, "target": "263.xyz", "model": "1.xyz", "model_rescale": 4.316132596720782, "target_rescale": 3.9175157231558937},
{"mapping": [2, 8, 6, 6, 1, 10, 9, 0, 4, 5, 3, 11], "R": [[-0.1557983033480557, 0.9618993443321355, 0.22466984676915364], [-0.9648418375424641, -0.19693095064818286, 0.1740644398045863], [0.21167691702580305, -0.1896519234023497, 0.9587622389040156]], "T": [0.11552013887365128, 0.012754635224247614, 0.07197193950863391], "aligned_model": [[-0.6133543759308085, -0.06765780041241218, 0.36321447629601045, 0.36321447629601045, -0.21928930318319592, 0.5006923485534228, 0.19681572146056475, -0.4625166210254922, -0.13444840712326503, 0.16127604548127134, 0.58161102946695, 0.1175726267971155], [-0.13244581051356744, -0.6304830530371037, -0.025931325200245513, -0.025931325200245513, -0.3433144070519765, -0.47548451544372383, -0.08445547542186993, 0.370688688852538, 0.5314604627365727, 0.5672182233425602, 0.42504326294419986, 0.06388388216992977], [-0.3132347244668283, -0.3018291235877614, -0.7111288679704818, -0.7111288679704818, 0.30801163542201726, -0.030500980010179965, 0.80265157373422, 0.276106150372382, -0.4406582602003616, 0.3979112105062835, -0.13729912394223037, -0.04378505643947152]], "inverted": false, "swapped": false, "error_lsq": 0.058420615853107115, "error_max": 0.3322346430808346, "target": "263.xyz", "model": "2.xyz", "model_rescale": 3.795458400668931, "target_rescale": 3.9175157231558937},
{"mapping": [7, 8, 3, 9, 1, 6, 2, 0, 4, 10, 5, 11], "R": [[-0.36792178001259157, 0.4153457374270341, 0.8319383884600827], [-0.01009081766488018, 0.8928590967707143, -0.4502230655049101], [-0.9298019892381498, -0.17404181024965706, -0.32431113008005447]], "T": [0.03306503457870987, 0.03997972012740035, -0.009577143017574563], "aligned_model": [[-0.5703597064433793, 0.10007907281709397, 0.615543284028557, 0.1530099942670481, -0.2661058084109981, 0.4189319650650584, 0.33419285587102904, -0.6111866237994231, -0.1435962739195226, 0.30908967072415217, 0.5381773908484447, -0.09064560437188893], [-0.025964091098269096, -0.656037472862801, -0.2653530074961245, 0.02877928532522457, -0.4219018129543987, -0.40030228700211545, -0.07818359729618629, 0.2952819349537731, 0.6446015940715663, 0.6195210351501513, 0.40160965165821255, 0.09819737572803565], [-0.4730771886480252, -0.3583351146431138, -0.46186138980911295, -0.869834313701364, 0.29608786653125463, 0.057911839608868004, 0.6854658607413096, 0.35369757941369356, -0.1286481510402414, 0.3467275016653704, -0.33807359005145127, -0.014945334620082087]], "inverted": false, "swapped": false, "error_lsq": 0.046158715174409004, "error_max": 0.2649897176752868, "target": "263.xyz", "model": "3.xyz", "model_rescale": 3.7530521520055578, "target_rescale": 3.9175157231558937},
{"mapping": [0, 7, 8, 9, 3, 6, 2, 4, 5, 10, 11], "R": [[0.48029919930035925, 0.8477780005524269, -0.22491140684892633], [0.4026059403039813, 0.01472081576263684, 0.9152550215187184], [0.7792439515218459, -0.5301469224305769, -0.33425006305759636]], "T": [-0.17921700636146287, -0.03249173141402068, -0.01730937967281971], "aligned_model": [[-0.4848371779980215, -0.24589426835452566, 0.3204059458745502, 0.4983849797880161, 0.1566039871606828, -0.21641666228073467, 0.06546011606973678, -0.5907989139366399, -0.4900673437974875, 0.46181836052046443, -0.13645942060083582], [-0.7020768258241632, 0.029763026115025314, -0.17875512964418913, 0.4122137300026259, -0.6605676513069657, 0.7009079678522082, -0.3930052606936805, 0.10644739560946923, 0.26317403330597183, 0.014605623137311473, -0.1255035502392673], [-0.24735860750690272, -0.7200088783685825, -0.3635249255865732, -0.27431402358593265, 0.20945239682940653, -0.1566073797020417, 0.6791649163587107, -0.0012624862481120866, 0.6978151512687913, 0.32761736751730874, -0.058142753730756204]], "inverted": false, "swapped": true, "error_lsq": 0.04951144112755164, "error_max": 0.28794335103696483, "target": "263.xyz", "model": "4.xyz", "model_rescale": 3.7855080009869324, "target_rescale": 3.9175157231558937},
{"mapping": [12, 14, 15, 13, 2, 9, 5, 4, 6, 7, 8, 16], "R": [[-0.5886031242475803, -0.7735412990594213, 0.2349047057328789], [0.6813586305258712, -0.631066971553848, -0.3708165233936644], [0.43508249646922914, -0.05820941558989967, 0.8985070312483846]], "T": [0.0037913599479114934, 0.017353279866112212, -0.027410614549151842], "aligned_model": [[-0.46260602196973777, 0.025043594276710757, 0.6502205732370377, -0.013413974055935696, -0.22351945664096826, 0.408036495791143, 0.16009537307985172, -0.38094830795684953, -0.1492520450500844, 0.249639903958899, 0.5131910414733233, 0.010643040532781176], [-0.20610675528603548, -0.5575847312627666, -0.2036058803707286, 0.2129681470295942, -0.6559488555413368, -0.5581299428701998, 0.12621989881437742, 0.49461152528231883, 0.6350557690362872, 0.6224567771962689, 0.36420547627785904, -0.03389282012857024], [-0.46968242898040874, -0.3833488457467462, -0.48852277921159815, -0.724767366220653, 0.17452926436573074, 0.08358014968444516, 0.7592407436629387, 0.38635349576991135, -0.17266356331974178, 0.3397102413040659, -0.3672861686417875, -0.042027177219050776]], "inverted": true, "swapped": false, "error_lsq": 0.049616311022471014, "error_max": 0.31750639177818835, "target": "263.xyz", "model": "5.xyz", "model_rescale": 4.2253639853439635, "target_rescale": 3.9175157231558937},
{"mapping": [0, 12, 6, 3, 9, 11, 8, 1, 4, 10, 2, 13], "R": [[0.532954580134707, 0.09512451954589318, -0.8407798411561744], [0.7029181109821742, 0.5033711837096724, 0.5025172441458857], [0.4710260552949173, -0.8588182445616107, 0.2014092302786128]], "T": [0.08329756653665225, 0.013524198914154198, -0.05211079772665311], "aligned_model": [[-0.6373916757089263, 0.07316337542184496, 0.5200624127445169, 0.09478355860201834, -0.3438424616689783, 0.5947883948009922, 0.1401029317332484, -0.42544899694817667, -0.15651843141317656, 0.3356475906851714, 0.5035667380498925, 0.08821678037774457], [-0.1272946063068423, -0.8842047357950749, -0.14444975136629262, 0.1835983122152277, -0.2976611537067048, -0.5648056254945127, -0.10306474703490502, 0.4233742008404103, 0.6343803927198827, 0.5897876896080023, 0.4985900747618001, 0.031998557736077494], [-0.37435252304202044, -0.3076960524369224, -0.49708121053285376, -0.7405527638134612, 0.2533585135046193, 0.04518018651180941, 0.6752440288649217, 0.28241228372168553, -0.2928122433951775, 0.4091400331611864, -0.2477035675341376, -0.11002111956254351]], "inverted": true, "swapped": false, "error_lsq": 0.04441456502948899, "error_max": 0.225625802078083, "target": "263.xyz", "model": "6.xyz", "model_rescale": 3.89814844738969, "target_rescale": 3.9175157231558937},
{"mapping": [9, 5, 2, 10, 6, 1, 3, 8, 11, 7, 4, 12], "R": [[0.8061456377758813, -0.1769906756274594, -0.5646268780671468], [0.48515107457826734, -0.3485882889713856, 0.8019442871094936], [-0.33875897852377257, -0.9204132254226559, -0.19514571206304543]], "T": [0.1515044996671716, 0.08650866981131229, -0.0032163694235409074], "aligned_model": [[-0.6005889099445723, -0.07683102840563025, 0.6294815110671782, 0.0772476829450561, -0.19059775492213527, 0.4970054873416244, 0.06477108483730909, -0.43791481757861483, -0.2773706875275001, 0.3640528802690487, 0.5511127567966942, 0.18676201179771332], [-0.17869960657381162, -0.5934092459333901, -0.12839834474984946, 0.03103326117118886, -0.3882038209021597, -0.6836857294519788, 0.031235311015423026, 0.279198212083604, 0.7252255116156666, 0.5602028464556044, 0.4846360100681805, 0.10111420337859084], [-0.4056663071673887, -0.30011890982008643, -0.4795574197084106, -0.7314416554845479, 0.33588531089270734, -0.05039970221464356, 0.7979104040831763, 0.2672321119386943, -0.25510372326889874, 0.3989175541178107, -0.3151516995132423, -0.16739039840806463]], "inverted": false, "swapped": false, "error_lsq": 0.04911467208387985, "error_max": 0.2560866810873437, "target": "263.xyz", "model": "7.xyz", "model_rescale": 3.7474275329858107, "target_rescale": 3.9175157231558937},
{"mapping": [0, 5, 7, 10, 8, 9, 4, 1, 12, 13, 11, 14], "R": [[-0.13618193829486497, -0.0972548900516662, -0.9858985576839496], [-0.27049497296221264, -0.9537060876739654, 0.13144264123864347], [-0.9530408959139296, 0.28458071736267937, 0.10357058472808456]], "T": [-0.04049484024655142, 0.011797689360334157, -0.08101862956982096], "aligned_model": [[-0.5879837715425489, 0.08903180834902791, 0.3337426663771496, 0.04346836409738092, 0.05374340456352619, 0.6266765925649194, 0.07739660110125804, -0.6921288737665525, 0.08229997303921058, 0.29223153341743513, 0.5238560739071738, -0.05520415543180878], [0.005712290839858752, -0.678188485103878, -0.2867579491468646, 0.22105349788509474, -0.471850149236205, -0.3549761350930772, -0.006167964863246814, 0.35323789179095805, 0.6120581724286082, 0.6213637803787754, 0.18887266292004842, 0.03589099537699625], [-0.4476684293245395, -0.22301648298221116, -0.5654651707646688, -0.8051909478775633, 0.39058950998306713, -0.05456714521627283, 0.6922889994955985, 0.07258311056498766, -0.1534852087364465, 0.4898002293000304, -0.27241469803139645, -0.02833820096347963]], "inverted": true, "swapped": false, "error_lsq": 0.058635875640302156, "error_max": 0.3384738739161307, "target": "263.xyz", "model": "8.xyz", "model_rescale": 4.019505241142653, "target_rescale": 3.9175157231558937},
{"mapping": [5, 4, 8, 11, 0, 7, 1, 2, 6, 10, 9, 12], "R": [[-0.5311470261032561, -0.07682258864219585, 0.8437897407150545], [-0.034334356729213894, 0.9970145545146111, 0.06916017664828983], [-0.8465837162440926, 0.007763244189353417, -0.5321989697754013]], "T": [0.0003850742063576523, 0.060284892784343944, -0.04789047083872688], "aligned_model": [[-0.4411894517047043, -0.15610576410168087, 0.4406508520363524, 0.17828044860569336, -0.043042344348155806, 0.4776010837425217, 0.2824466617620791, -0.4962429934812224, -0.3597167977805506, 0.25225012968273264, 0.6641378459013069, -0.011939453638200965], [0.007060092721167616, -0.7181313987569664, -0.2192659713949212, 0.29983330043538875, -0.4873930920803194, -0.7072237235811822, 0.19147479453085692, 0.06769883807736529, 0.682306272308776, 0.8810856647074946, 0.18349988968301148, 0.059303941526396356], [-0.5505869775568591, -0.2869999976916776, -0.47702249084478227, -0.5939850781662104, 0.29968536589818234, 0.004829488595545835, 0.5517225482626289, 0.2734780995236386, -0.1550253539204934, 0.2699614520090528, -0.15554911673851896, -0.08539237392340103]], "inverted": false, "swapped": false, "error_lsq": 0.058628225853835085, "error_max": 0.2828968840110968, "target": "263.xyz", "model": "9.xyz", "model_rescale": 3.877068213659057, "target_rescale": 3.9175157231558937},
{"mapping": [13, 3, 12, 6, 4, 5, 7, 2, 9, 8, 11, 15], "R": [[-0.4058083115108109, -0.2553040970015607, 0.8775758841051653], [0.44399836263084497, -0.8943460255295007, -0.054869304722354656], [0.7988648623452366, 0.36737583572385857, 0.47628765156817054]], "T": [0.06040412749674497, 0.05241966105857321, -0.13395614920682844], "aligned_model": [[-0.65557301028296, -0.004980744218976631, 0.6297185550028286, -0.007993395687123657, -0.21763137764540877, 0.5407642986301457, -0.016038665635446626, -0.4658808084148396, -0.11980621533771507, 0.3457279076455547, 0.6088235424661411, 0.15000013015397137], [-0.07477339991913604, -0.5614586972323067, -0.1553835089285031, -0.11853111609325179, -0.3990575899548785, -0.5498380027078053, 0.034947872184891045, 0.2642501952170787, 0.6791718891758987, 0.559103624092078, 0.5083036378433967, 0.05351370449960591], [-0.39632451502018895, -0.28105993060294976, -0.5708704896561579, -0.7225155648467, 0.2867043189175902, -0.0015354005837991402, 0.6785325001837406, 0.21029281445198442, -0.032215396383254755, 0.37317759833355524, -0.323854072468732, -0.12521629687798216]], "inverted": true, "swapped": false, "error_lsq": 0.0494365090934911, "error_max": 0.2891977908406787, "target": "263.xyz", "model": "10.xyz", "model_rescale": 4.260839863003843, "target_rescale": 3.9175157231558937},
{"mapping": [6, 0, 3, 5, 7, 1, 8, 10, 4, 9, 2, 11], "R": [[0.41932431315475105, 0.9070409394029018, 0.03799808737815663], [0.7213710403392457, -0.3074933180640631, -0.6205414422146419], [-0.5511723347168027, 0.28761883386359566, -0.7832524904842464]], "T": [0.07570836695802372, 0.03813419613257632, -0.03779126193791732], "aligned_model": [[-0.6042101083316928, -0.1336938731003591, 0.4831436335726661, -0.14385004497898174, -0.2257181949475595, 0.5876784501422624, 0.2533097726051681, -0.464738659777034, 0.13003568345781102, 0.08814337907674841, 0.7328658818331593, 0.08416429712398324], [-0.2475770282366608, -0.7402474167537554, -0.11386275269806823, 0.22516323343605985, -0.4645868294899831, -0.46584809367052216, 0.09335655681536878, 0.29305105747195104, 0.7297978951802425, 0.7192042174283423, 0.23395939494785864, -0.022161626253765547], [-0.436959519547871, -0.3846443086796643, -0.5987961660854628, -0.6488764812002803, 0.2554990847443886, 0.046761258015311835, 0.655765973372566, 0.1526508477445754, -0.27178427188234444, 0.37660258179410927, -0.025396977225179473, -0.025706455603043007]], "inverted": true, "swapped": false, "error_lsq": 0.05498653064355205, "error_max": 0.28876967338535786, "target": "263.xyz", "model": "11.xyz", "model_rescale": 3.890672605050136, "target_rescale": 3.9175157231558937},
{"mapping": [1, 2, 4, 0, 11, 10, 9, 6, 8, 5, 7, 13], "R": [[-0.3138043301546896, -0.002811974508289128, -0.9494835096912065], [0.22520721136715474, 0.9712390429213178, -0.07730739585261201], [0.9223928416485011, -0.23808992902818776, -0.3041457403465586]], "T": [0.00930287975259006, 0.0569971438165294, -0.059882624434003745], "aligned_model": [[-0.6148315549757325, 0.07754461635954635, 0.37133266016581057, -0.19628649321686334, -0.13896884622819916, 0.5509639162049638, 0.0409297826234947, -0.5083075162304317, -0.09684723774190275, 0.405486972606494, 0.7271671196036364, 0.1689467975053546], [-0.16077495611419237, -0.6186467071595964, -0.25246063053236334, 0.15432516697624293, -0.4181258084328847, -0.6339065813100115, 0.08585921529276652, 0.21398067272750385, 0.7477479334388714, 0.5473329203406049, 0.5023104784994513, 0.07260690445067608], [-0.47016278513929477, -0.2706255618950385, -0.5739131369662138, -0.6048182218921484, 0.17471456100463453, 0.10981083047269316, 0.7172834684099242, 0.13884833330160953, -0.23534357459143726, 0.3957281443864017, -0.17534316909345254, -0.11106332255057161]], "inverted": true, "swapped": false, "error_lsq": 0.050815459069659584, "error_max": 0.3064695698427306, "target": "263.xyz", "model": "12.xyz", "model_rescale": 4.124412569039231, "target_rescale": 3.9175157231558937},
{"mapping": [6, 8, 2, 1, 9, 11, 7, 3, 0, 5, 4, 12], "R": [[0.9917127478427089, -0.058116724632069516, 0.1145786720306356], [-0.12108553152397333, -0.7209062530433512, 0.6823726755802525], [0.042943216249142505, -0.6905915005566142, -0.7219690156351195]], "T": [0.013672115267869357, 0.09512192568610525, 0.013183464395827418], "aligned_model": [[-0.49937303314704484, 0.016214697009548633, 0.6168900438171558, -0.07121953340605677, -0.28741385052065294, 0.5407685861513011, 0.1314740606922885, -0.6573967012891183, -0.10053563986621772, 0.35078788496841856, 0.6184910469067817, 0.1284426553597678], [-0.1876725937478466, -0.5363572841751595, -0.2185034209527347, 0.10247693926811027, -0.3756253543789678, -0.7474216097306426, 0.06181413682550199, 0.30577525054144894, 0.6496217911363286, 0.644372307636659, 0.4866042125734744, 0.05516423318089632], [-0.30996472181309814, -0.32758575911111143, -0.5161205940349541, -0.7965100644589882, 0.32364362531332824, -0.04013222415992278, 0.6280744851234713, 0.13169589386261374, -0.11430724615573375, 0.4112071506490322, -0.30179579640419263, 0.006910816636661536]], "inverted": false, "swapped": false, "error_lsq": 0.047452763847739, "error_max": 0.20343228861538667, "target": "263.xyz", "model": "13.xyz", "model_rescale": 3.9028299243045295, "target_rescale": 3.9175157231558937},
{"mapping": [14, 10, 7, 9, 5, 4, 8, 12, 1, 2, 6, 15], "R": [[-0.660100761794632, -0.7055655544603524, -0.25776778820714286], [-0.3067526718706629, 0.5664285589863918, -0.7648931205500605], [0.6856892755310938, -0.4258355738118359, -0.5903340422997714]], "T": [0.10785607579649335, 0.048865142060020086, 0.024081781510636627], "aligned_model": [[-0.5451594945411651, -0.007262947709208503, 0.4813277600365282, 0.06573709265573006, -0.07491406393623691, 0.47560010045654166, 0.0031780993793918966, -0.5152147824149944, -0.00621791121545949, 0.35151474743279776, 0.4350666800554746, 0.12347493647677156], [-0.1685859138831839, -0.5933189070422501, -0.33163591732893216, 0.13417919849559068, -0.31127305015521184, -0.5134430323779081, 0.05601688295771652, 0.21191127530571963, 0.6738365455892817, 0.579367900937238, 0.46212173859979894, 0.041071887079209245], [-0.5320983655179328, -0.3360568856089618, -0.70828820743755, -0.7451990251505971, 0.3387202918446001, 0.11317231506961219, 0.7892605406336122, 0.28759450044866414, -0.11228766521650883, 0.4727988907408023, -0.3840364221094273, -0.08846440224920706]], "inverted": false, "swapped": false, "error_lsq": 0.04476099690779221, "error_max": 0.253108210431763, "target": "263.xyz", "model": "14.xyz", "model_rescale": 3.942246331269136, "target_rescale": 3.9175157231558937},
{"mapping": [8, 7, 2, 0, 6, 9, 4, 13, 12, 3, 1, 14], "R": [[-0.4447684107233871, 0.12448169642037987, 0.8869528556123472], [0.1923076261216069, 0.9804705920405969, -0.041172746799717205], [-0.8747564448222516, 0.15225546098536416, -0.4600211265171085]], "T": [0.07175415315215995, -0.024811069845570365, 0.08799441518162145], "aligned_model": [[-0.5329271973616553, 0.07900352698633252, 0.5202154438367881, 0.05564971038408796, -0.17143445482579367, 0.48357627106980666, 0.02812864865810484, -0.5147932011871386, -0.13322001650147425, 0.44582317763111223, 0.44091044869481033, 0.08619785929119032], [-0.22231225317564549, -0.6509350716830395, -0.19931215066783947, 0.004297348545807347, -0.5275453702365767, -0.7159321727421323, 0.17252541794687432, 0.47659619766288097, 0.7451325114976216, 0.5487140537452715, 0.5983455970435622, 0.010674500240283626], [-0.3526808316973017, -0.4941530652999867, -0.5045254259957217, -0.6465876631255886, 0.05787941064017266, 0.11826767825690605, 0.6382844322326181, 0.3438904872745594, -0.09434792626975723, 0.3063730497503931, -0.2753798185684791, -0.0019047617507086806]], "inverted": true, "swapped": false, "error_lsq": 0.05351857016837336, "error_max": 0.2891690745060992, "target": "263.xyz", "model": "15.xyz", "model_rescale": 4.355366556412066, "target_rescale": 3.9175157231558937},
{"mapping": [2, 8, 6, 6, 1, 10, 9, 0, 4, 5, 3, 11], "R": [[-0.1557983033480557, 0.9618993443321355, 0.22466984676915364], [-0.9648418375424641, -0.19693095064818286, 0.1740644398045863], [0.21167691702580305, -0.1896519234023497, 0.9587622389040156]], "T": [0.11552013887365128, 0.012754635224247614, 0.07197193950863391], "aligned_model": [[-0.6133543759308085, -0.06765780041241218, 0.36321447629601045, 0.36321447629601045, -0.21928930318319592, 0.5006923485534228, 0.19681572146056475, -0.4625166210254922, -0.13444840712326503, 0.16127604548127134, 0.58161102946695, 0.1175726267971155], [-0.13244581051356744, -0.6304830530371037, -0.025931325200245513, -0.025931325200245513, -0.3433144070519765, -0.47548451544372383, -0.08445547542186993, 0.370688688852538, 0.5314604627365727, 0.5672182233425602, 0.42504326294419986, 0.06388388216992977], [-0.3132347244668283, -0.3018291235877614, -0.7111288679704818, -0.7111288679704818, 0.30801163542201726, -0.030500980010179965, 0.80265157373422, 0.276106150372382, -0.4406582602003616, 0.3979112105062835, -0.13729912394223037, -0.04378505643947152]], "inverted": false, "swapped": false, "error_lsq": 0.058420615853107115, "error_max": 0.3322346430808346, "target": "263.xyz", "model": "16.xyz", "model_rescale": 3.795458400668931, "target_rescale": 3.9175157231558937},
{"mapping": [9, 5, 2, 10, 6, 1, 3, 8, 11, 7, 4, 12], "R": [[0.8061456377758813, -0.1769906756274594, -0.5646268780671468], [0.48515107457826734, -0.3485882889713856, 0.8019442871094936], [-0.33875897852377257, -0.9204132254226559, -0.19514571206304543]], "T": [0.1515044996671716, 0.08650866981131229, -0.0032163694235409074], "aligned_model": [[-0.6005889099445723, -0.07683102840563025, 0.6294815110671782, 0.0772476829450561, -0.19059775492213527, 0.4970054873416244, 0.06477108483730909, -0.43791481757861483, -0.2773706875275001, 0.3640528802690487, 0.5511127567966942, 0.18676201179771332], [-0.17869960657381162, -0.5934092459333901, -0.12839834474984946, 0.03103326117118886, -0.3882038209021597, -0.6836857294519788, 0.031235311015423026, 0.279198212083604, 0.7252255116156666, 0.5602028464556044, 0.4846360100681805, 0.10111420337859084], [-0.4056663071673887, -0.30011890982008643, -0.4795574197084106, -0.7314416554845479, 0.33588531089270734, -0.05039970221464356, 0.7979104040831763, 0.2672321119386943, -0.25510372326889874, 0.3989175541178107, -0.3151516995132423, -0.16739039840806463]], "inverted": false, "swapped": false, "error_lsq": 0.04911467208387985, "error_max": 0.2560866810873437, "target": "263.xyz", "model": "17.xyz", "model_rescale": 3.7474275329858107, "target_rescale": 3.9175157231558937},
{"mapping": [1, 0, 8, 3, 2, 4, 9, 7, 11, 12, 10, 13], "R": [[0.44894848220183753, 0.7382203139997068, -0.5034640288310984], [0.7548836591473624, -0.614820437154243, -0.22835606234509045], [-0.47811705834550156, -0.27753666074167616, -0.833293153976081]], "T": [0.08683214696521457, 0.037206347579878216, -0.04143415464974758], "aligned_model": [[-0.4943474827494426, -0.02395482373779076, 0.5737236028375041, 0.056242076308654854, -0.41090266075187787, 0.6669904998110537, 0.21600244098584612, -0.4389826938702348, -0.19588870838293254, 0.2727644318828947, 0.5215673975040125, 0.04391613683848422], [-0.04005315162905733, -0.7424147752165716, -0.2145241040527951, 0.15370160294722307, -0.41039665259307173, -0.5315328754472349, -0.060426943931695495, 0.42472266834953065, 0.645761086605822, 0.581480415325572, 0.49235399638180805, -0.058422658562461746], [-0.40855760064086827, -0.3226094430250312, -0.5066469458948645, -0.7093280716480671, 0.1946682367669552, 0.12938096129238547, 0.6078015047123326, 0.333757977904548, -0.3087667365890464, 0.43651128985029836, -0.32478067429045293, -0.026314932991083246]], "inverted": true, "swapped": false, "error_lsq": 0.04923979043850083, "error_max": 0.2876584405201854, "target": "263.xyz", "model": "18.xyz", "model_rescale": 3.922800546911778, "target_rescale": 3.9175157231558937},
{"mapping": [5, 12, 13, 8, 3, 7, 2, 1, 6, 10, 4, 14], "R": [[0.7406361583005997, -0.19853672387189863, 0.6419043934200346], [0.1341746285823348, -0.8924043067102088, -0.43082678933634594], [0.6583731844953298, 0.40521318171955506, -0.6343083061872936]], "T": [0.04540248685658563, 0.01642089783141886, -0.061319093502183966], "aligned_model": [[-0.5969754510870046, -0.0059972912160414504, 0.5339008448887668, -0.11486589218074653, -0.08633863686401469, 0.522855358220313, -0.038809808469751544, -0.5344553295265493, -0.0038510810984669214, 0.4706357804298186, 0.5420416241258749, 0.09899009945397301], [-0.28297904820477315, -0.6804511085931113, -0.12955251700686987, 0.20980229150509994, -0.5363128973499093, -0.6062283752537722, 0.1478308750124897, 0.4403022527289021, 0.6969800782612975, 0.5368621349641888, 0.5004332226693907, -0.05643830055586473], [-0.34459277272879557, -0.4223475051853193, -0.5216177608699021, -0.6192692142864613, 0.23241355972245203, 0.0888729749024774, 0.637800831833181, 0.1177689677568015, -0.16222033179696693, 0.3846833863024452, -0.26855995778701236, -0.027816612415794167]], "inverted": false, "swapped": false, "error_lsq": 0.052283879722092974, "error_max": 0.24936725209876756, "target": "263.xyz", "model": "19.xyz", "model_rescale": 3.9282355846067225, "target_rescale": 3.9175157231558937},
{"mapping": [8, 4, 3, 6, 11, 0, 10, 12, 7, 2, 5, 13], "R": [[-0.1990570832370709, -0.7483286988053034, -0.6327562217453983], [0.9576107584330195, -0.011339053912914496, -0.2878420768228602], [0.20822562989816393, -0.663231169654082, 0.7188647318187138]], "T": [-0.005944176626035649, 0.05038015554711661, -0.13421599279015628], "aligned_model": [[-0.5700979594284663, 0.010662161398604705, 0.5963752392088412, 0.04755975125302507, -0.15002231288463885, 0.4426900372458674, 0.07511102605270241, -0.5834292605918238, -0.17871497385700935, 0.46438538955546294, 0.5170321244146131, 0.11557899430899315], [-0.2759315591956655, -0.5328423267486185, -0.24390918033766418, 0.2646082299042327, -0.5442172735790448, -0.5537351080920092, 0.06890391898610024, 0.39832213859509, 0.6483718574505647, 0.5721953684904575, 0.4199234100637574, 0.018559132639867276], [-0.526482169383957, -0.3769990453741956, -0.47621040390587094, -0.7491043695837158, 0.2386895706635973, 0.13775657674325775, 0.723292767105759, 0.3837045604776551, -0.10864349861351807, 0.29615035472820733, -0.41282633689044634, -0.03421244051966715]], "inverted": false, "swapped": false, "error_lsq": 0.04672413314577628, "error_max": 0.2205954490185351, "target": "263.xyz", "model": "20.xyz", "model_rescale": 4.067790424073018, "target_rescale": 3.9175157231558937},
{"mapping": [13, 1, 9, 10, 8, 7, 2, 6, 11, 3, 12, 14], "R": [[0.85757474915027, -0.01978357261525021, -0.5139787543025773], [0.2268242994098656, -0.8823051465660322, 0.4124177075979118], [-0.4616451958128403, -0.47026188299464605, -0.7521552197420787]], "T": [-0.011586967755843322, -0.02786397246113372, 0.06478475631226559], "aligned_model": [[-0.4608005052154841, 0.010810913927112434, 0.47769323133590347, 0.016357319468030443, -0.009976512486190678, 0.4832412237090964, 0.04558318622654951, -0.5198603706475642, -0.08487699781726883, 0.276980964563606, 0.5460025097337717, 0.005975253878609185], [0.013244825665588583, -0.6556679429126719, -0.20175782256929384, 0.04145426842914211, -0.5658067055340902, -0.5826330437841084, 0.16533627516822363, 0.3990993867835356, 0.5393709645135675, 0.7129344867938993, 0.38868337060584596, -0.014009454982569804], [-0.47060367236057216, -0.4631031208550544, -0.5135021233073501, -0.7511202135494802, 0.2539484925115592, 0.001221436356746916, 0.7811137096210905, 0.39176692779987093, -0.23672038750463548, 0.36759031744525944, -0.255521585295867, -0.009954215414461995]], "inverted": false, "swapped": false, "error_lsq": 0.04142184262952168, "error_max": 0.24508083197709077, "target": "263.xyz", "model": "21.xyz", "model_rescale": 4.186013935880536, "target_rescale": 3.9175157231558937},
{"mapping": [3, 0, 2, 5, 6, 1, 10, 4, 11, 9, 8, 12], "R": [[0.14085538763323469, -0.785177480730256, 0.6030390398048703], [-0.3596417038542633, -0.6080814397572004, -0.7077392227873293], [0.9223977475164897, -0.11718910519710901, -0.368034113907403]], "T": [0.09476605929972012, 0.004136463341791696, -0.01818032523871628], "aligned_model": [[-0.7152621701177493, 0.16173563298791835, 0.5747805321058729, -0.03695267924938708, -0.3446678945775048, 0.5673600028373038, 0.0295679246766751, -0.49962217080054105, -0.11170508113901303, 0.5375198739259729, 0.5733394573056192, 0.05103678872100448], [0.03389359434118609, -0.6660690225145806, -0.06624188540269109, -0.0678578615834614, -0.3375126585998846, -0.5149182566577479, 0.26510922480546156, 0.15906600917884656, 0.5915978588857727, 0.2877833445709611, 0.5393234466273865, 0.01607481452581958], [-0.460116333545431, -0.27919397226587145, -0.5788336912231029, -0.7771307631517892, -0.013029920059974241, 0.18763609322720826, 0.7717195757953119, 0.36952525443930234, -0.12412727244960396, 0.31191703409819127, -0.28690048887808267, -0.026349950539051925]], "inverted": true, "swapped": false, "error_lsq": 0.06845569150557558, "error_max": 0.48958086224474523, "target": "263.xyz", "model": "22.xyz", "model_rescale": 4.166573947596378, "target_rescale": 3.9175157231558937},
{"mapping": [9, 8, 4, 3, 7, 0, 5, 14, 12, 6, 2, 15], "R": [[0.3254823253740453, -0.019271187575465698, 0.9453517214235849], [-0.8380908799175216, -0.46879073403057936, 0.2789962807747536], [0.43779553774356667, -0.8830990142767129, -0.16873410477825615]], "T": [-0.020900986369991853, 0.07732063172123929, -0.1015772428072535], "aligned_model": [[-0.48703259815108046, -0.062285321515780145, 0.505646321907992, 0.117357544128627, -0.025606703994991625, 0.5180268612580171, 0.22991314047468978, -0.7175730555188757, -0.2446932830682972, 0.38628550256736605, 0.5335175460911861, 0.03357426249731864], [-0.010156306564461343, -0.6438147652666307, -0.2909102773299619, 0.09709478410331979, -0.4678009252155071, -0.4949397415497865, -0.035915488367829776, 0.3092574377176551, 0.6896459543682159, 0.6240923583200214, 0.3871336003288982, 0.07656197763313459], [-0.4697053075464394, -0.4653494465788917, -0.4579582792403522, -0.6863166836336758, 0.3612510104732774, 0.11939923348097609, 0.6828536566884633, 0.19309394565921256, -0.03557676998326095, 0.2365757908711647, -0.32394013210129724, -0.05921145264207104]], "inverted": true, "swapped": false, "error_lsq": 0.04635919699716071, "error_max": 0.21201312545108453, "target": "263.xyz", "model": "23.xyz", "model_rescale": 4.274766983524099, "target_rescale": 3.9175157231558937},
{"mapping": [6, 8, 7, 4, 0, 1, 5, 2, 10, 3, 11], "R": [[-0.7533940152600693, -0.655544290742875, -0.051566856067941536], [0.571356951654197, -0.691420477272982, 0.442141331933609], [-0.325497606084491, 0.3036435516885269, 0.895461837238887]], "T": [-0.05518230460100802, 0.08824211640542223, -0.09433381777357572], "aligned_model": [[0.14429446997896778, 0.26783696475423663, -0.24938539816058547, -0.37447195469635564, -0.6243825598746708, -0.5376294052414485, -0.0713503289285701, 0.19148377177309417, 0.6192462991525309, 0.0732736411103458, -0.059020795909469445], [-0.2925876870865195, 0.6149134387541274, 0.48853435218742436, -0.1784229166498797, 0.5334982590253152, -0.2552494458215099, -0.6990668813531172, -0.04845439155500736, 0.0933871787440354, 0.46800954246601395, 0.1910250825326004], [-0.7057588281157331, -0.19002681718259595, -0.6458402837317767, -0.22044935978747712, 0.17479175152467477, 0.4440940920620945, 0.18013368213086636, 0.6772770009330663, 0.18358442577824238, 0.5365003729903132, -0.05473960258009761]], "inverted": true, "swapped": true, "error_lsq": 0.06203527431616099, "error_max": 0.33528334597654713, "target": "263.xyz", "model": "24.xyz", "model_rescale": 3.7841303162186577, "target_rescale": 3.9175157231558937},
{"mapping": [8, 2, 4, 1, 9, 5, 13, 10, 7, 11, 6, 15], "R": [[0.47340467227002025, -0.6091074973550954, 0.6362987293235212], [0.8807344063872666, 0.33876954187197494, -0.3309714533090756], [-0.013961435405579203, 0.7170936160402386, 0.6968370140540405]], "T": [-0.017668464324237895, 0.046561020724609214, -0.04018861264445736], "aligned_model": [[-0.31020522046931664, -0.01196402537822458, 0.5195439995367481, -0.040417281499062305, -0.37412552506572505, 0.5464926637602786, 0.32569120213238173, -0.613176217604706, -0.13840310557443491, 0.27564995007375753, 0.5635545788574967, 0.044489197906978487], [-0.19016507394307536, -0.6706898153126967, -0.1946975759907215, 0.06145273304459392, -0.36142365961220846, -0.6240155524449273, 0.034990403531361874, 0.39790610789076697, 0.6816081386144658, 0.6063006639621651, 0.42317959074610767, 0.07580264769123617], [-0.4960841994254266, -0.2732373747250979, -0.4983385892260498, -0.7833555669854918, 0.18032799213651637, -0.0029323847316588825, 0.6626415642401204, 0.3164375933251167, -0.11050123286467198, 0.39579694758205486, -0.24601543070409307, -0.049623753174212706]], "inverted": false, "swapped": false, "error_lsq": 0.044778988033287524, "error_max": 0.2901140136298672, "target": "263.xyz", "model": "25.xyz", "model_rescale": 4.19342608120988, "target_rescale": 3.9175157231558937},
{"mapping": [2, 8, 6, 6, 1, 10, 9, 0, 4, 5, 3, 11], "R": [[-0.1557983033480557, 0.9618993443321355, 0.22466984676915364], [-0.9648418375424641, -0.19693095064818286, 0.1740644398045863], [0.21167691702580305, -0.1896519234023497, 0.9587622389040156]], "T": [0.11552013887365128, 0.012754635224247614, 0.07197193950863391], "aligned_model": [[-0.6133543759308085, -0.06765780041241218, 0.36321447629601045, 0.36321447629601045, -0.21928930318319592, 0.5006923485534228, 0.19681572146056475, -0.4625166210254922, -0.13444840712326503, 0.16127604548127134, 0.58161102946695, 0.1175726267971155], [-0.13244581051356744, -0.6304830530371037, -0.025931325200245513, -0.025931325200245513, -0.3433144070519765, -0.47548451544372383, -0.08445547542186993, 0.370688688852538, 0.5314604627365727, 0.5672182233425602, 0.42504326294419986, 0.06388388216992977], [-0.3132347244668283, -0.3018291235877614, -0.7111288679704818, -0.7111288679704818, 0.30801163542201726, -0.030500980010179965, 0.80265157373422, 0.276106150372382, -0.4406582602003616, 0.3979112105062835, -0.13729912394223037, -0.04378505643947152]], "inverted": false, "swapped": false, "error_lsq": 0.058420615853107115, "error_max": 0.3322346430808346, "target": "263.xyz", "model": "26.xyz", "model_rescale": 3.795458400668931, "target_rescale": 3.9175157231558937},
{"mapping": [8, 11, 10, 5, 9, 4, 2, 1, 6, 0, 7, 12], "R": [[0.5256507236180514, -0.10104636863389607, 0.8446780144799091], [0.2149319299550916, 0.9764820989138359, -0.01694036559845913], [-0.8231011980586582, 0.19045299127798607, 0.5350066129195683]], "T": [0.02119682007930361, -0.06527936186662815, -0.005452768708757702], "aligned_model": [[-0.5490505343015524, -0.09351083492098082, 0.5029533527904851, 0.060808105956772204, 0.019684668539621655, 0.5543882555257806, 0.015984857534363392, -0.45258338741172327, -0.3376236320514957, 0.3123868346756698, 0.6347968842157001, 0.11889564612353033], [-0.040041109539662445, -0.6977785368836716, -0.2427286081879994, 0.27281746258815326, -0.2887872319927333, -0.7062798447772944, 0.12004218219603104, 0.21500064830976828, 0.6015692530381991, 0.591145363822994, 0.36743039432451313, 0.04785863527877039], [-0.4581476941798602, -0.3190792013008296, -0.4995264845440666, -0.6770046663346676, 0.3611754292040888, -0.06618543464236289, 0.8550492212086765, 0.21209860783597412, -0.33370231952037466, 0.4135796250218299, -0.31604144657424105, -0.07710007072706115]], "inverted": true, "swapped": false, "error_lsq": 0.05153911785250881, "error_max": 0.32133583671793714, "target": "263.xyz", "model": "27.xyz", "model_rescale": 3.6321398670334006, "target_rescale": 3.9175157231558937},
{"mapping": [1, 4, 7, 3, 6, 12, 9, 11, 0, 10, 8, 14], "R": [[-0.4213645161797102, -0.7993177889074337, -0.4284192068999367], [0.8652240749143869, -0.49586730667959683, 0.07418163084528664], [-0.27173377540008253, -0.3394211049750069, 0.9005298822384316]], "T": [-0.0008506423443081085, 0.07847083071161037, -0.06649518379232665], "aligned_model": [[-0.51131160788401, -0.16908700697706625, 0.5016749416691209, 0.07103584838607561, -0.04511702144198136, 0.6625753781481839, 0.07637351256545229, -0.3903388578149443, -0.09440596755820442, 0.25036730014186176, 0.4951194717427855, -0.05975577430110258], [-0.14028651845114268, -0.6449316827677576, -0.27196281964390007, 0.23358203698948418, -0.6237584924608006, -0.371126257539661, 0.02354682399451609, 0.40638242499003185, 0.673217718770468, 0.691800028688401, 0.2100384897023349, 0.05374685590509361], [-0.43911029485717, -0.4337179791984913, -0.541417996588607, -0.7315763262852908, 0.2633864654383712, 0.13657648934162814, 0.595012143910733, 0.325038662466201, -0.23061475754351946, 0.3401846328678669, -0.12759520698953203, -0.061050267115083934]], "inverted": true, "swapped": false, "error_lsq": 0.050563812436595114, "error_max": 0.3016552151141881, "target": "263.xyz", "model": "28.xyz", "model_rescale": 4.156811204709835, "target_rescale": 3.9175157231558937},
{"mapping": [2, 10, 5, 6, 8, 3, 1, 0, 7, 11], "R": [[-0.10566571008976974, -0.25397650633776553, -0.9614211834257076], [0.6191945552971119, 0.739719721333881, -0.26346315977786683], [0.7780956627572455, -0.6231457839849267, 0.07909786027557568]], "T": [0.0012589822513906501, 0.05923971334156805, 0.019541251955617994], "aligned_model": [[-0.5807101855441466, -0.05205951637693121, -0.007591942120094591, 0.7307492451349688, 0.020050472804725078, -0.6484784532064914, -0.5215036607180119, -0.5481975216472514, 0.3181693840536701, -0.06750244826984907], [-0.2988563006423197, -0.6338273082584015, 0.23183235177780706, 0.10671994317820965, -0.3677231768574307, -0.2996259413819161, 0.4912585896531927, 0.4136946972740553, 0.2490152011660404, 0.02623227471696668], [-0.4365206699055759, -0.2016695176757743, -0.7962912760557354, -0.13619073008133056, 0.47586443849222865, 0.10747708621285056, -0.40557659282810854, 0.4283563077979374, 0.6242404821681837, 0.09909719885042365]], "inverted": true, "swapped": true, "error_lsq": 0.06315397282525849, "error_max": 0.35882997671044986, "target": "263.xyz", "model": "29.xyz", "model_rescale": 4.117894457231895, "target_rescale": 3.9175157231558937},
