[{"mapping": [2, 9, 8, 10, 6, 12, 7, 4, 13, 0, 5, 14, 3, 15], "R": [[-0.7147359087355291, 0.09044212655194322, 0.6935220274142414], [-0.049210576749842305, -0.995649182720218, 0.07912663321859456], [0.6976610207686434, 0.02242602714090032, 0.7160769326034252]], "T": [0.11370431672944237, 0.09404306733593337, 0.14891837403109898], "aligned_model": [[0.23558509608224104, 0.2736863154820064, -0.573641481367908, -0.3062368446212033, -0.6115716566653752, -0.281013223688515, -0.6599989639308046, -0.09515970713327732, -0.2547670791447846, 0.02080031852284356, 0.6478958134107841, 0.30344543737232166, 0.6300638365669393, 0.04240424024303566], [-0.561854085342336, -0.42789066411523924, -0.34664248003497966, -0.38454785222024646, 0.29185037787764406, 0.3911270512069223, 0.16553257444156774, 0.4276952163762561, 0.7286319318639917, -0.20141985896277026, 0.5455825596790482, 0.5999616682395855, -0.06877719024186851, 0.076024083042459], [0.27335138314884977, -0.3238056271543062, 0.36905841618287333, -0.2500452515886602, 0.502275872456208, -0.5550743446342229, -0.03991391653191678, 0.6261356607128588, 0.07293799797230076, 0.7596767357206547, 0.4149215684753498, -0.10264654228885967, 0.04086143510327192, 0.10985469960543236]], "inverted": true, "swapped": true, "error_lsq": 0.0374637175524407, "error_max": 0.27728633073594094, "target": "264.xyz", "model": "0.xyz", "model_rescale": 3.8414455957264533, "target_rescale": 4.267180927616584},
{"mapping": [2, 1, 11, 5, 3, 14, 12, 9, 7, 10, 13, 0, 6, 8, 15], "R": [[-0.10014457232301768, 0.6352886791220597, 0.7657541111960083], [-0.968095990585964, -0.23988905430987226, 0.07241128802677238], [0.22969810109276245, -0.7340718873527743, 0.6390440098715543]], "T": [-0.08003395395783247, -0.016518835130542624, -0.12242268633404649], "aligned_model": [[-0.5936950117637487, -0.7015033652227858, 0.19408434981187722, -0.3076940393348614, -0.459961648512986, 0.2055268502430147, 0.6958381361595787, -0.24865720801147545, 0.5642645922168172, 0.12238318006374416, 0.5604464149116568, -0.487169041310516, 0.33677333852978714, 0.015345741692819326, -0.02393813596837737], [0.16559453741865374, 0.16052237913470485, -0.751281083593849, -0.36602948584018774, -0.40891469776738854, -0.45927305855030676, -0.26171741387955966, -0.27657218296833763, 0.4012473732680099, 0.17496148055942087, 0.01572536540975217, 0.5208778347468395, 0.6704453328696065, 0.7459113450881514, 0.015546802147504788], [0.28196154958232766, -0.5782254498641687, 0.18799083613426695, -0.743727247956863, -0.04183530549525821, -0.4011052216216372, 0.15608536539220588, 0.5298161470075942, 0.10059284811914024, 0.5753841740532566, -0.4871039481653452, -0.24242731093034114, -0.33305602698504266, 0.2307239828156832, -0.06989260474628362]], "inverted": false, "swapped": true, "error_lsq": 0.035962696314849246, "error_max": 0.24046195071542828, "target": "264.xyz", "model": "1.xyz", "model_rescale": 4.316132596720782, "target_rescale": 4.267180927616584},
{"mapping": [11, 14, 12, 2, 10, 3, 8, 1, 13, 5, 4, 15], "R": [[0.23332587673666405, -0.9697613693439393, 0.07156760281883728], [0.8161989018624876, 0.2353207122404032, 0.5276774725048804], [-0.5285625675769487, -0.06470741007672252, 0.8464245762249738]], "T": [-0.06991723508549416, 0.05576278368925578, -0.031494760570203756], "aligned_model": [[-0.15269512544905134, 0.3283863762151622, 0.16068959713924233, -0.7004365415044881, -0.5199248574988508, -0.3527280738213794, -0.3097283204138201, -0.06561818189060963, 0.599980217216961, 0.30515953055822276, 0.38484055339758794, -0.08011661931719644], [-0.7768050271440456, -0.33881458289456695, -0.6065552104619905, 0.30302238959866823, -0.13054142944331074, -0.11055118533980454, 0.5028196967236406, 0.6525287602059086, -0.09202062267306807, 0.09930097282131115, 0.4736634666724797, 0.036729199675758856], [0.07504923217845152, 0.17075055020565416, -0.5293119375285654, 0.011489708062523182, -0.603644829856886, 0.41254531110606985, -0.7080599058770595, 0.4873268536113671, -0.302870297988697, 0.6145919315137808, -0.06668920199757503, -0.11191895221964256]], "inverted": true, "swapped": true, "error_lsq": 0.04478297640983712, "error_max": 0.23933672367123193, "target": "264.xyz", "model": "2.xyz", "model_rescale": 3.795458400668931, "target_rescale": 4.267180927616584},
{"mapping": [9, 10, 12, 6, 3, 4, 7, 2, 8, 0, 14, 15], "R": [[0.43982669083743997, 0.6052324881767811, 0.663510450017428], [-0.23531956322746642, -0.6353290544522905, 0.7355145788705981], [0.8667047854889356, -0.47963593258230913, -0.1370116308437977]], "T": [0.05870611606198924, 0.20987248329886346, -0.036452650015039424], "aligned_model": [[0.013125615485455898, -0.06927186846755404, -0.7503646193562591, 0.08127884240026237, 0.16938242618823668, 0.20570703989251696, -0.28754915456926605, 0.5571441228730079, 0.34795765744213075, 0.6948911720610786, -0.39263037583081084, 0.023632967624766098], [-0.22201609108821682, -0.5259180662063769, -0.07169867298887886, 0.021592402144843315, 0.37845397028951366, 0.480740242270967, -0.2860161743108772, -0.13179053208708677, -0.44969590236162815, 0.15738370414799616, 0.5953866393058249, 0.13934752617362955], [-0.6134030105567738, -0.11894946559209515, 0.03963156093972784, 0.7722843742685588, -0.5504029673374673, 0.49992936056478526, 0.4866026787064987, -0.3452657169484902, 0.40673210426774886, 0.21147631694961783, -0.0904381789124489, -0.009425625710561613]], "inverted": true, "swapped": true, "error_lsq": 0.04426386782652802, "error_max": 0.22778029947942532, "target": "264.xyz", "model": "3.xyz", "model_rescale": 3.7530521520055578, "target_rescale": 4.267180927616584},
{"mapping": [10, 11, 3, 5, 2, 13, 8, 7, 6, 4, 15], "R": [[-0.11323674083048663, 0.10269117674174003, 0.9882469138557863], [0.08951247805660248, -0.9895452543460386, 0.11308273906038965], [0.9895276432714022, 0.10126555100640408, 0.10286073780171873]], "T": [0.0756738739301002, -0.06479541594442884, -0.08259927371635983], "aligned_model": [[-0.4929186871082216, -0.20229373045453422, 0.4109869213046554, 0.6494848745212785, 0.2608342543258554, -0.26977496539439527, -0.3103847039323474, -0.6448719180854418, -0.26754414771048474, 0.2086224934757075, -0.003940788496866715], [-0.5553481781445576, -0.05128616259640513, -0.27780451622222924, 0.37428864598634665, -0.7080526993443534, 0.58175176027096, -0.422705391872819, 0.04113647434249537, 0.22826094089534382, 0.33897761867545256, -0.08201513367588777], [-0.057453521082398123, -0.8787930140498725, -0.4660131173816552, -0.2774127483160331, 0.02909349198425848, 0.000401102450341681, 0.5791928836654223, 0.24751789687439435, 0.6147771330524086, 0.3668184348866977, -0.06529776483824795]], "inverted": true, "swapped": true, "error_lsq": 0.04441095020127851, "error_max": 0.24583141670124115, "target": "264.xyz", "model": "4.xyz", "model_rescale": 3.7855080009869324, "target_rescale": 4.267180927616584},
{"mapping": [8, 15, 13, 14, 10, 9, 7, 4, 6, 12, 11, 2, 0, 5, 3, 16], "R": [[-0.4068583393424433, 0.8941753367512836, 0.18686026558163227], [0.0599447861450535, -0.17798109648144333, 0.9822063693080427], [0.9115223059923072, 0.4108201509675396, 0.01881194401105024]], "T": [-0.04979795123643939, -0.026939212036753285, 0.10439904460970843], "aligned_model": [[-0.5529100663337069, -0.08428634629150747, -0.17827919896053224, 0.4869465494435331, -0.3851962533491191, 0.3025010726115887, -0.7237606640614129, -0.3526985623899019, -0.5410220368780232, 0.3712161776169105, -0.07149077800232563, 0.6439003285266544, 0.1678730431520813, -0.2608934624572553, 0.2641154344617974, -0.005026914006448932], [-0.2427871331565363, -0.18871166695409675, -0.7147996436555051, -0.22560850083280232, 0.4226055948833555, 0.3311772636040645, 0.2646156390483321, 0.12440189639015267, -0.3417723771016845, -0.5415716930398446, -0.6976308671898644, 0.2250192296891904, 0.4449927271297518, 0.7250527706231309, 0.5861776598745733, -0.027273023354972566], [-0.3378652977854726, -0.7030403216106893, -0.08323952944137332, -0.2563408245646709, -0.36076944054957055, -0.40013242806505805, 0.25319253373562606, 0.7619306959606699, 0.39706958280539073, 0.24919467925596012, 0.531175746498677, 0.1373433593764531, 0.6860978208822464, 0.31664886858368074, 0.015165121372072779, 0.07469727713469451]], "inverted": true, "swapped": false, "error_lsq": 0.03827728134767696, "error_max": 0.282003604915155, "target": "264.xyz", "model": "5.xyz", "model_rescale": 4.2253639853439635, "target_rescale": 4.267180927616584},
{"mapping": [3, 4, 8, 2, 0, 7, 10, 9, 13, 14, 6, 12, 11, 15], "R": [[0.9493830812912469, -0.19372798594593732, -0.2472675320766328], [0.23366414723962015, 0.9616345502836123, 0.14373607061422014], [0.20993530254037554, -0.1942381506351564, 0.9582268570568847]], "T": [0.13378242334687848, -0.041029425247646335, -0.13468839363352397], "aligned_model": [[0.654339775386801, -0.3191741057409748, -0.5126180881518929, 0.26271359715116605, -0.20315061718308455, -0.455688816215989, 0.021923582608773626, 0.5660060674255745, -0.2296872990375526, 0.3553336072170348, -0.6904278164837071, 0.09230711360973551, 0.7391916636982253, 0.09299348847367424], [-0.17602030365640592, 0.1453669067237796, -0.5128066945754717, -0.7072713200501741, -0.4977314406918964, 0.09692031838814993, -0.3763594497610162, -0.4080511100020441, 0.5957226156725878, 0.5120254825657417, 0.06104267241914876, 0.45361160390347655, 0.3043017164287287, -0.045651850729614224], [-0.2596339739418331, -0.5125389803943969, 0.1386286802238864, -0.12851886718564778, -0.5179046059234913, 0.3876895117653791, 0.5283449360373247, 0.31247471493819795, -0.052933801100447986, -0.15158728695378218, -0.11815785168521559, 0.5676481560935829, 0.3402842534160923, -0.06223667635819943]], "inverted": false, "swapped": true, "error_lsq": 0.038375473499245125, "error_max": 0.2381730167622565, "target": "264.xyz", "model": "6.xyz", "model_rescale": 3.89814844738969, "target_rescale": 4.267180927616584},
{"mapping": [10, 8, 6, 9, 13, 0, 2, 12, 3, 1, 4, 14, 15], "R": [[0.28343598669175113, -0.7287117420158075, -0.623412574862234], [0.7120134629821678, -0.27556797871564415, 0.6458321125793571], [-0.6424179869681536, -0.6269302083604373, 0.4407466890005231]], "T": [-0.10961328720625002, 0.046920570832159066, 0.09637718610758624], "aligned_model": [[-0.026526377987992678, 0.021915040169607325, 0.4360451016438845, -0.44211592280960116, 0.5890270763504486, -0.40203507383727016, -0.6623856787377147, 0.5503341535935349, -0.5506917034685093, -0.5941034585136508, 0.13126474206597086, 0.15912837714758993, -0.061224474712074366], [-0.436218402098809, 0.18779164545857502, 0.5034503770576905, -0.5689327371274286, 0.19047572431583204, 0.5511620548880563, -0.0354579342313412, -0.5038059635507476, -0.14771783997547538, 0.6580727003070581, 0.6165731601622899, -0.062196457085992675, 0.010584937350778159], [-0.47304806815989736, -0.7270092817272803, -0.3324024193845011, -0.08150969266712098, 0.2848997959563548, -0.26304637257228575, -0.28858519918387665, 0.12529496313933974, 0.36541177830870086, 0.22709186957137656, 0.10894612459345952, 0.6170609891827631, 0.03917054377926336]], "inverted": true, "swapped": true, "error_lsq": 0.04622568805150526, "error_max": 0.2989507406251778, "target": "264.xyz", "model": "7.xyz", "model_rescale": 3.7474275329858107, "target_rescale": 4.267180927616584},
{"mapping": [12, 11, 9, 10, 3, 8, 7, 6, 2, 0, 13, 4, 14, 5, 15], "R": [[-0.5868632639303425, 0.37503192462975704, 0.7175949867143204], [-0.3105495204334116, -0.9227408518455497, 0.22827245934174328], [0.7477636690877697, -0.08888405843485067, 0.6579886924169343]], "T": [0.11794064223918743, -0.03698531909807928, 0.06579385791807985], "aligned_model": [[-0.4223668231804262, 0.2603695322635724, 0.36693225066824364, -0.1887461142934307, 0.6436761402203327, -0.38411043993089045, -0.6597579374478431, -0.588871908711413, 0.4366215358457713, 0.1835148062689103, -0.4236592644713084, -0.12285664154217021, 0.12443447959020076, 0.5260654706521273, 0.05090863640707004], [0.18071911538686847, 0.22955226389900618, -0.45148759782608955, -0.5878041639021725, -0.03075239298391611, -0.676832360334281, -0.1846184553111258, -0.09004382014137763, -0.6344639799561094, -0.39099216676360443, 0.46343353373863455, 0.18341844919124747, 0.5195920948874924, 0.5318148181268822, -0.07241737603186188], [-0.566929778543743, -0.721635306703168, -0.47055312036123126, -0.34300151316873806, -0.10266156303813898, 0.2974187933101966, -0.04723059224464571, 0.49893968170787345, 0.11052987131454937, 0.6483180641886828, 0.08810365135767709, 0.5912680464170379, -0.14732498930990343, 0.33019260234106174, 0.03136080842875093]], "inverted": true, "swapped": true, "error_lsq": 0.04471022065885237, "error_max": 0.28023699490735493, "target": "264.xyz", "model": "8.xyz", "model_rescale": 4.019505241142653, "target_rescale": 4.267180927616584},
{"mapping": [4, 7, 14, 5, 1, 3, 11, 0, 2, 10, 12, 9, 15], "R": [[0.7513499103607129, -0.31956702441183105, -0.5773649011756057], [0.6415443925307713, 0.1487844101580104, 0.7525184328016533], [-0.15457718011812835, -0.9358098718235993, 0.31680558578444695]], "T": [-0.005312340478307344, -0.12623636156955578, -0.017365640630016083], "aligned_model": [[-0.3351574032638083, -0.7502455627591329, 0.08494632772817484, 0.37699640283547947, 0.3023614925584731, 0.5432034874453848, 0.3179201452398514, -0.08876635202771255, 0.25405122516217166, -0.257073506804841, -0.38378804638236086, 0.32117449095298184, -0.0659219289434852], [-0.5424400330437207, 0.12868406496181725, 0.16897616593402057, -0.376293003090692, -0.8463744511958133, -0.07851042728498475, 0.6436676913964471, -0.759119665957773, -0.33757403084153714, 0.243395495155333, 0.636577124669068, 0.26664997403730495, -0.08426067662541119], [-0.33463684029791463, 0.12218800700873034, -0.5272118597439118, -0.610086374655475, -0.1271924327261015, 0.023457315764831774, -0.13628355585983032, 0.230524296754376, 0.5730634435029968, 0.5864227556396017, -0.13794052762127942, 0.49304959958477135, 0.021349666693084107]], "inverted": false, "swapped": true, "error_lsq": 0.044939567335431224, "error_max": 0.29342647356320406, "target": "264.xyz", "model": "9.xyz", "model_rescale": 3.877068213659057, "target_rescale": 4.267180927616584},
{"mapping": [0, 1, 5, 4, 8, 7, 11, 10, 12, 3, 6, 13, 14, 9, 2, 15], "R": [[0.28342003613564426, 0.6988624572790242, -0.656707201820411], [0.8221909593722833, -0.5295643610528369, -0.20871898291527036], [-0.49363459101176693, -0.48078358261137055, -0.7246875445652565]], "T": [-0.012417046802335158, 0.0007993286274049407, 0.12830478490893396], "aligned_model": [[-0.6853794506836626, -0.15386323968239604, -0.1287094135664717, 0.5101781738453512, -0.40884473698379176, 0.20059112816337596, -0.7329020183683145, -0.35004110290591717, -0.48577234794926116, 0.3037080820976714, 0.025970442708160263, 0.6245101210758431, 0.17367107150804864, -0.1286279017014264, 0.4058600542137989, -0.08936053868867573], [-0.23982132825698924, -0.23026934301018812, -0.6464546778673695, -0.12426494794656721, 0.5066739039009368, 0.30993792303295425, 0.1101607853871587, 0.20994438036311072, -0.5516575796939693, -0.5494953920022778, -0.3319918364188842, 0.0706975654321605, 0.493782998122143, 0.639301651986043, 0.5066345474875309, -0.02929077455854709], [-0.2223935727669719, -0.6960172721238795, -0.2942277922391332, -0.28320929969352027, -0.2986131654718346, -0.5965037527501822, 0.24490990395033083, 0.716079506664227, 0.29836753520311676, 0.12970694512751757, 0.6460701914793835, 0.5608282123367904, 0.7043775758596857, 0.24853424955423803, 0.03068124227821306, 0.09253733618065557]], "inverted": true, "swapped": false, "error_lsq": 0.04047775924095367, "error_max": 0.2543684816981309, "target": "264.xyz", "model": "10.xyz", "model_rescale": 4.260839863003843, "target_rescale": 4.267180927616584},
{"mapping": [1, 8, 10, 2, 11, 3, 5, 4, 7, 12, 14, 15], "R": [[0.7569027433924759, -0.5585862450249092, 0.33923390737648296], [-0.649843908592418, -0.5882615491267225, 0.48130161467042465], [-0.06929019779357726, -0.5847476008398848, -0.808250649119273]], "T": [0.025543329886335526, 0.04137690462912469, -0.10157880523302668], "aligned_model": [[0.38594915574507765, 0.19686402513718168, -0.38864341775352185, -0.28145524143113465, -0.5980498895569487, -0.3292194328013173, 0.28342216517399454, 0.6439862991536813, 0.19696187613533436, -0.20565389480525598, 0.043255604252819796, 0.011481399844219697], [0.20506709331695028, -0.7865588852572875, -0.5367068658627688, -0.31309964470843116, 0.43330942940714406, 0.33249570860367395, 0.7030539973424742, 0.04637931726696887, -0.46517404183025257, 0.027934048565934788, 0.5451778303580298, -0.01879948166950185], [-0.7861495778655133, -0.08481028752275696, 0.1409914201022671, -0.5921273004951939, 0.3093875605989108, -0.4085105830560739, -0.3375620652659487, -0.11527352548730277, 0.49290161558241097, 0.7266927148833064, 0.21640096345934937, -0.04576285753795016]], "inverted": true, "swapped": true, "error_lsq": 0.041075950683449367, "error_max": 0.23073473867479882, "target": "264.xyz", "model": "11.xyz", "model_rescale": 3.890672605050136, "target_rescale": 4.267180927616584},
{"mapping": [12, 11, 9, 7, 10, 4, 14, 6, 13, 5, 2, 3, 0, 15], "R": [[0.1846825722245634, 0.48562948579591825, -0.8544333502632675], [-0.497702783662874, 0.7958791779777457, 0.3447727848825871], [0.8474575426832578, 0.3615803321352813, 0.3886841606782997]], "T": [0.005071327384922372, 0.07364532080803454, 0.15734091758184557], "aligned_model": [[0.4396613065546481, 0.10947925553705141, 0.41174906205006506, 0.5807885618885374, 0.7473678376008387, -0.2649784756886415, -0.2887329574752336, 0.2210921093551062, -0.06376456796761219, -0.7370635971098627, 0.23081073481518155, -0.20415870649970203, -0.05451275651470651, 0.08213802824802317], [-0.3515151197113089, 0.22955030272033136, 0.6058881199748071, -0.4796417138664708, 0.18100042561271126, -0.3521138708687901, -0.15378486335186942, -0.5856344040402408, -0.6357928508969188, 0.07347811753534506, 0.6304379915677203, 0.5474673621544537, 0.18014340822397829, 0.04266961477401697], [-0.45096552488174224, -0.6649519635216753, -0.11248840645632466, 0.19986471382010482, 0.11214584883014037, 0.5157910400450408, -0.3087006945698987, 0.61417760343552, -0.03293865080503136, 0.06120614960032206, 0.4728773096930198, -0.03378563240510865, 0.831183009170122, 0.15137563340237253]], "inverted": true, "swapped": true, "error_lsq": 0.03856260626306955, "error_max": 0.22489014867089027, "target": "264.xyz", "model": "12.xyz", "model_rescale": 4.124412569039231, "target_rescale": 4.267180927616584},
{"mapping": [12, 10, 8, 11, 7, 13, 9, 14, 2, 3, 4, 0, 15], "R": [[-0.9419974989521457, 0.24702287838351672, -0.22720125334827035], [-0.2247614312032819, -0.9670535093839466, -0.11953998925734399], [-0.24924488161515973, -0.0615402920314477, 0.9664832028780063]], "T": [0.14254311830023997, 0.0927861322320771, -0.1871218944464707], "aligned_model": [[-0.1537376369492066, -0.06052920428660802, 0.5957616651019335, -0.6192276524079694, 0.4206140331245823, 0.4169924490098285, -0.4420545586921267, -0.0543364973299246, 0.03559358036939542, -0.2587057344469697, 0.7161366100697788, 0.6256168503399429, 0.14517440360710065], [-0.38349336064236056, 0.4449158985659655, 0.5692604635964615, -0.2378946772962638, -0.03355241251979335, -0.5428896185363947, 0.47287547781737665, -0.45973838713017534, 0.7594115907872052, 0.22630005670049685, -0.10500396804632725, 0.5381394057788238, 0.09915490743346271], [0.46483066276619717, 0.4448101282479379, 0.34454980535340957, -0.03971614061058862, 0.5518640922465408, 0.06751729905002718, 0.0006404198655783344, -0.29292975416881306, -0.25576493755900387, -0.5420687668049317, -0.30776126680367477, -0.38013873627097317, -0.10413472434386678]], "inverted": false, "swapped": true, "error_lsq": 0.038976720473391485, "error_max": 0.26277214211064875, "target": "264.xyz", "model": "13.xyz", "model_rescale": 3.9028299243045295, "target_rescale": 4.267180927616584},
{"mapping": [9, 14, 11, 12, 10, 13, 7, 3, 6, 1, 2, 8, 0, 4, 5, 15], "R": [[0.8596423893879975, 0.05734134872539104, -0.5076681318476152], [0.34265938824698167, -0.8017515752184636, 0.4896722937648368], [-0.37894525463910855, -0.5949003121204977, -0.7088681912918902]], "T": [-0.015282722674832022, 0.0020395305350741754, 0.14101846656595787], "aligned_model": [[-0.6470026935300888, -0.21886506104282646, -0.03268781016272373, 0.5354312792148721, -0.3726690065179332, 0.3127919114767965, -0.886518598904076, -0.3505450473969135, -0.4593671444851206, 0.019393501651824546, 0.3398353385314288, 0.6974451605834036, 0.17962954499280015, -0.20201093902971742, 0.28740714776325293, -0.12127926006264644], [-0.30762509888100287, -0.0939708056040922, -0.5621733413462858, -0.2073907604994366, 0.4736861379090529, 0.28625206019244365, 0.22659050444860793, 0.10053841189957227, -0.4313235819975144, -0.6450633427671099, -0.31245650758473104, 0.19287327017492029, 0.42274129685355794, 0.6311464941995938, 0.3897499174462149, -0.019686778486545625], [-0.1843784482548488, -0.714777595379887, -0.3356549923877089, -0.22924269839833214, -0.31194634875903904, -0.525496067564595, 0.03541134595984077, 0.6573387055940626, 0.3847266963217987, 0.18849674131674196, 0.7041642506821463, 0.36929156572337074, 0.8282125010088495, 0.310489040319753, -0.0009721383012004925, 0.10546528570768426]], "inverted": false, "swapped": false, "error_lsq": 0.0518004376864438, "error_max": 0.42483255343030496, "target": "264.xyz", "model": "14.xyz", "model_rescale": 3.942246331269136, "target_rescale": 4.267180927616584},
{"mapping": [2, 1, 0, 5, 14, 4, 7, 8, 10, 6, 13, 12, 3, 11, 15], "R": [[-0.1650900976255558, 0.9858524677977271, -0.028985710326226544], [-0.6920868274669257, -0.094857839478549, 0.7155542002785165], [0.7026813523303076, 0.13819154108191023, 0.6979555967686316]], "T": [-0.12500961914063224, -0.0992352845522447, -0.029971571634020113], "aligned_model": [[-0.7736249010505966, -0.1690771008515613, -0.3264050871672229, 0.24592593759594739, 0.3045052175563415, 0.2939338180333577, 0.06797732708558976, -0.40137131821188715, -0.5588454771298149, 0.24388539715672425, 0.5544558530757769, 0.1585678694515213, -0.39276638077863224, -0.13916651933748445, -0.13370059889584943], [-0.10095370829132497, -0.48126835508219745, 0.02997563342960316, -0.7148737117575913, -0.37238257208847503, 0.031085638975394292, 0.6527427457002096, 0.6515110241795544, 0.4128252401343687, 0.5669185080901936, 0.14733312895067394, 0.2528170419823029, -0.5733672632696737, -0.3794307236905071, -0.024787937380880393], [-0.22955823481048382, -0.72093667205902, -0.6716098452790027, -0.23830377611361184, 0.28010550764621955, -0.46607606492777154, 0.16152315595352104, -0.3040405906680893, 0.3078927343029668, -0.3618903612194605, 0.11760181226339442, 0.7016769406076367, 0.06123739398664052, 0.7654296222439846, 0.006310858433591974]], "inverted": false, "swapped": true, "error_lsq": 0.043307526582701476, "error_max": 0.29815903959042217, "target": "264.xyz", "model": "15.xyz", "model_rescale": 4.355366556412066, "target_rescale": 4.267180927616584},
{"mapping": [11, 14, 12, 2, 10, 3, 8, 1, 13, 5, 4, 15], "R": [[0.23332587673666405, -0.9697613693439393, 0.07156760281883728], [0.8161989018624876, 0.2353207122404032, 0.5276774725048804], [-0.5285625675769487, -0.06470741007672252, 0.8464245762249738]], "T": [-0.06991723508549416, 0.05576278368925578, -0.031494760570203756], "aligned_model": [[-0.15269512544905134, 0.3283863762151622, 0.16068959713924233, -0.7004365415044881, -0.5199248574988508, -0.3527280738213794, -0.3097283204138201, -0.06561818189060963, 0.599980217216961, 0.30515953055822276, 0.38484055339758794, -0.08011661931719644], [-0.7768050271440456, -0.33881458289456695, -0.6065552104619905, 0.30302238959866823, -0.13054142944331074, -0.11055118533980454, 0.5028196967236406, 0.6525287602059086, -0.09202062267306807, 0.09930097282131115, 0.4736634666724797, 0.036729199675758856], [0.07504923217845152, 0.17075055020565416, -0.5293119375285654, 0.011489708062523182, -0.603644829856886, 0.41254531110606985, -0.7080599058770595, 0.4873268536113671, -0.302870297988697, 0.6145919315137808, -0.06668920199757503, -0.11191895221964256]], "inverted": true, "swapped": true, "error_lsq": 0.04478297640983712, "error_max": 0.23933672367123193, "target": "264.xyz", "model": "16.xyz", "model_rescale": 3.795458400668931, "target_rescale": 4.267180927616584},
{"mapping": [10, 8, 6, 9, 13, 0, 2, 12, 3, 1, 4, 14, 15], "R": [[0.28343598669175113, -0.7287117420158075, -0.623412574862234], [0.7120134629821678, -0.27556797871564415, 0.6458321125793571], [-0.6424179869681536, -0.6269302083604373, 0.4407466890005231]], "T": [-0.10961328720625002, 0.046920570832159066, 0.09637718610758624], "aligned_model": [[-0.026526377987992678, 0.021915040169607325, 0.4360451016438845, -0.44211592280960116, 0.5890270763504486, -0.40203507383727016, -0.6623856787377147, 0.5503341535935349, -0.5506917034685093, -0.5941034585136508, 0.13126474206597086, 0.15912837714758993, -0.061224474712074366], [-0.436218402098809, 0.18779164545857502, 0.5034503770576905, -0.5689327371274286, 0.19047572431583204, 0.5511620548880563, -0.0354579342313412, -0.5038059635507476, -0.14771783997547538, 0.6580727003070581, 0.6165731601622899, -0.062196457085992675, 0.010584937350778159], [-0.47304806815989736, -0.7270092817272803, -0.3324024193845011, -0.08150969266712098, 0.2848997959563548, -0.26304637257228575, -0.28858519918387665, 0.12529496313933974, 0.36541177830870086, 0.22709186957137656, 0.10894612459345952, 0.6170609891827631, 0.03917054377926336]], "inverted": true, "swapped": true, "error_lsq": 0.04622568805150526, "error_max": 0.2989507406251778, "target": "264.xyz", "model": "17.xyz", "model_rescale": 3.7474275329858107, "target_rescale": 4.267180927616584},
{"mapping": [3, 0, 2, 4, 11, 12, 9, 8, 14, 10, 13, 6, 7, 15], "R": [[-0.38148364239771965, 0.9107117504821922, 0.15834878628088744], [0.9033670053835523, 0.4036166917294394, -0.14498834346848608], [-0.1959548013377621, 0.08773638749711576, -0.9766801124941749]], "T": [0.07489631048249062, -0.1368288061559709, -0.14843190739757986], "aligned_model": [[0.4717634584729049, 0.20954909652680934, 0.6892884871348344, -0.37743926834473357, 0.19515805788126278, -0.2755061709533581, 0.6687452129004086, 0.11205197191998513, -0.2465179927342651, 0.3514655173194562, -0.6418799109856244, -0.4821752247724234, -0.3223524666541347, 0.06269688017175454], [-0.48662252195675004, 0.3914106547990255, 0.14356277590553504, 0.114200411125462, -0.8170028658116072, -0.3696612800383561, -0.26456646169136055, 0.670612184454556, -0.6378011395971332, 0.16666998411738318, -0.2065109686600761, 0.47657165157185344, 0.2784403614716924, -0.09889454417899085], [-0.30640252266258006, -0.5629038234232049, -0.21508314146451973, -0.48763852869109847, 0.3355859867383577, 0.6016838958151367, 0.2420852032435615, 0.10010006134548358, -0.1174513079780008, 0.4808293896627148, 0.011641384169724572, -0.08990264592244626, 0.4075627666517262, -0.0753119988231995]], "inverted": true, "swapped": true, "error_lsq": 0.035984396089760014, "error_max": 0.22219736715518418, "target": "264.xyz", "model": "18.xyz", "model_rescale": 3.922800546911778, "target_rescale": 4.267180927616584},
{"mapping": [5, 1, 4, 14, 8, 3, 0, 12, 2, 13, 6, 7, 11, 10, 15], "R": [[0.6440514170013534, -0.5872634117957084, -0.49022388500012265], [-0.6912590413836269, -0.7212576968574664, -0.044139239110485395], [-0.3276563900856177, 0.36729963230301177, -0.8704781847617631]], "T": [-0.043569438947550984, 0.07440600448122602, -0.017008564312456835], "aligned_model": [[-0.2446244813960053, -0.33594441703681216, 0.34687309323457255, 0.03324359063812714, 0.3351533524308616, -0.5771656728112547, -0.06422875272196611, 0.3861337122012634, -0.47427147224332666, 0.5907453486871992, 0.7071920678336263, 0.6374132078731773, -0.2839109794662561, 0.03475365279707339, 0.0046885868673382375], [0.48418230287047626, -0.1807848684222898, -0.011929255298480948, 0.6620596688619355, -0.6459128079534222, 0.21541352755960502, -0.5075175846623252, 0.5127791146232369, -0.43404708935846004, 0.44302630737598037, -0.25362492474821147, -0.0800911338091589, 0.7004796392133413, -0.23964974576540976, 0.05322835454776168], [-0.6100232546120566, -0.7060067286803041, -0.4890097589224232, -0.08027909419791426, 0.21281635105911811, -0.03135533038486359, -0.37741583286587116, 0.5853624146674824, 0.1114857270196522, -0.09453943937658549, -0.15400258164651523, 0.3725789343050268, 0.494499704392983, 0.6610816220804803, 0.047466434325119954]], "inverted": true, "swapped": true, "error_lsq": 0.03478192224948486, "error_max": 0.23102821574804297, "target": "264.xyz", "model": "19.xyz", "model_rescale": 3.9282355846067225, "target_rescale": 4.267180927616584},
{"mapping": [12, 7, 8, 13, 14, 6, 4, 0, 5, 3, 10, 11, 2, 15], "R": [[-0.6061621200280252, -0.7354319575104414, -0.3028321649288441], [0.2085841570348405, 0.22043421048940692, -0.9528386055780786], [0.7675025300786933, -0.6407406610464741, 0.019780586556835233]], "T": [-0.0033728104582432805, 0.019342911798210793, 0.12378998065171753], "aligned_model": [[-0.6227817463575804, -0.0588105928194968, 0.5740763560361977, -0.46388048010211486, -0.5716125837731896, 0.19617160366809186, 0.09625882035103195, 0.6300712154154133, -0.24580584612316903, -0.03502569890623612, 0.15386868494959488, -0.6587747945214926, 0.5433025073709756, -0.004534626103349693], [-0.5762301598145201, -0.6704670822953319, -0.5410220474040545, -0.11850945595370621, 0.18981159394452513, -0.30530859162602936, 0.209961211435251, 0.18062293953221548, 0.7205849447105549, 0.3200953618676857, -0.6706140243869636, -0.13445299218742712, -0.01833438145032218, -0.06325522894704169], [0.0878474624055126, -0.27680204925582286, -0.1363123234430157, -0.43583187829493697, 0.06648187340266003, -0.6143142934831465, -0.4562293963668621, -0.08039789561072883, 0.026363073578118026, 0.5856990090166883, 0.3763891892365752, 0.6318923525836145, 0.5241224568199541, 0.11327557665507304]], "inverted": false, "swapped": true, "error_lsq": 0.03679895690208989, "error_max": 0.22047457666218825, "target": "264.xyz", "model": "20.xyz", "model_rescale": 4.067790424073018, "target_rescale": 4.267180927616584},
{"mapping": [4, 12, 0, 1, 8, 10, 2, 13, 7, 14, 11, 3, 5, 9, 15], "R": [[0.4156054536274858, 0.7816052263436004, -0.46515091859251567], [0.1661374134752419, 0.4375706048893816, 0.8837026228208771], [0.8942429573437235, -0.44455059991986295, 0.052002859075647986]], "T": [0.09400078627110245, -0.027233769219354786, 0.011873405375573133], "aligned_model": [[0.27031725513838845, 0.10749805143826299, -0.18820939415165724, 0.27574570360164186, -0.6458579150010686, -0.546585942013699, -0.3838842878826708, 0.41995810975993764, -0.2758320419661887, 0.6143943263636927, 0.33847031206418243, 0.23865970012498985, 0.7713005437119443, -0.2663366731910354, 0.038806205910794256], [-0.1529836212803207, 0.8285034465599407, -0.551402270471881, -0.77431917989269, 0.007840230576399588, 0.3205557778103065, -0.4319179681177956, 0.46433544010133077, 0.555654094627318, 0.25149089531797136, 0.46562443013689564, -0.2817317797541802, -0.34526037621174016, 0.050794165474098166, 0.03371185505219394], [-0.5675951039017386, 0.09671572667430671, -0.3265938255846914, -0.17294043098898876, -0.3961566825743889, 0.19425458962465977, 0.2733999395708145, -0.43125044843775867, -0.3916740731547475, 0.09399134211687725, 0.6511686481589399, 0.4799743061773061, 0.00045922375080161525, 0.6327965873908654, -0.001300225201116641]], "inverted": false, "swapped": true, "error_lsq": 0.03614589352712118, "error_max": 0.22221605468883582, "target": "264.xyz", "model": "21.xyz", "model_rescale": 4.186013935880536, "target_rescale": 4.267180927616584},
{"mapping": [4, 5, 0, 7, 12, 8, 13, 14, 2, 3, 11, 10, 15], "R": [[-0.7432781919674127, -0.6031329351664871, 0.28942735161541405], [0.4702378629800765, -0.7787585294421473, -0.41522464406756454], [0.4758296770542851, -0.17252772339123634, 0.86245017426855]], "T": [-0.026759206831224465, 0.05614714366755342, -0.07341597823173666], "aligned_model": [[0.04953834802419433, -0.6002375241219116, 0.42957046640305874, 0.3888448342358879, -0.18411790067023337, 0.8012197591647172, -0.22064945526734925, -0.570909932572021, 0.3639793166891713, -0.3041939465489535, -0.5592016689190027, 0.443987362827609, 0.020744376178058528], [-0.33526121876900955, 0.09878535020247581, 0.19606974659034965, -0.5301086394389584, -0.42235560416398776, -0.1071149647535935, -0.6552534310916674, -0.17268514956645561, 0.6109772444077843, 0.5333192689019042, 0.16839404959735105, 0.11407973012981631, 0.020110277500084324], [-0.5463456269841341, -0.5522800201764239, -0.5644762236097116, 0.2772442389483243, 0.6236779465093966, -0.01950909736812971, -0.04968819072054266, 0.008900484126780905, -0.07856753866443064, -0.06114323803023787, 0.5710051711998404, 0.5093475281978064, -0.015285872093191828]], "inverted": false, "swapped": true, "error_lsq": 0.04155482173536163, "error_max": 0.2862441557953518, "target": "264.xyz", "model": "22.xyz", "model_rescale": 4.166573947596378, "target_rescale": 4.267180927616584},
{"mapping": [4, 3, 8, 9, 2, 11, 1, 5, 0, 10, 7, 14, 13, 6, 12, 15], "R": [[0.4912063037104971, 0.05888689507061001, 0.8690504592853133], [0.650166183225384, 0.6391627958463165, -0.4107978269125294], [-0.579655329816959, 0.7668137022738073, 0.27567452660688396]], "T": [-0.008736342225914039, 0.017430552520118478, 4.115294561146676e-05], "aligned_model": [[-0.5915399644448013, -0.13078605200534812, -0.10413230995385458, 0.4370361899692823, -0.4876088393336625, 0.29645587941428597, -0.659755892672881, -0.28976689131186767, -0.6533060022818217, 0.4082481426072767, -0.11900716305982575, 0.7150281405653147, 0.298858584619587, -0.30583495496330204, 0.3300824135192838, -0.0629829575853336], [-0.3112268363946816, -0.060546646283509004, -0.7586349534546672, -0.23208046324852627, 0.37259250533379523, 0.3820956348457446, 0.20456964022690327, 0.12135063734077846, -0.3830525899618613, -0.3331161514756982, -0.40888852580077323, 0.17021139732566332, 0.07835437918348227, 0.690018079912695, 0.5763229078536752, 0.035918860554224843], [-0.30356677186012254, -0.583439846595556, -0.20660124347519943, -0.3153637754123262, -0.3119690359528551, -0.6292206471099514, 0.22196809510280593, 0.7754664734328005, 0.30153571137276547, 0.5140277099975896, 0.5634965967763162, 0.2807558660097742, 0.7864804622501169, 0.1961688263431294, -0.04710268158449693, 0.03849210429384557]], "inverted": false, "swapped": false, "error_lsq": 0.03754132529180619, "error_max": 0.3105992131357531, "target": "264.xyz", "model": "23.xyz", "model_rescale": 4.274766983524099, "target_rescale": 4.267180927616584},
{"mapping": [10, 12, 11, 3, 14, 5, 0, 4, 6, 13, 15], "R": [[-0.774669340057989, -0.07677801889757978, 0.627688258125228], [0.3868270855959256, 0.7276919867619565, 0.5664178477518158], [-0.5002521558409142, 0.6815933598683306, -0.534020853862392]], "T": [-0.0947610290129659, -0.07189941543595257, -0.027347258255839654], "aligned_model": [[0.3592588101570942, 0.17881875618170484, -0.46630339616610916, -0.5851318548516792, -0.387507189039622, -0.668864469086875, 0.10162112405209597, 0.09979904985406357, 0.6177720357991419, 0.1558343263559443, -0.025402489297684072], [-0.0538159759115544, 0.6946036255018527, 0.5105101838346039, -0.2049750614993347, 0.4210755226435701, -0.03771548839435129, -0.6839467631814127, -0.13085117217098458, -0.046017997149531115, 0.4911978877364862, -0.044478230165860555], [-0.6257708512907252, -0.30536482512165086, -0.5112153076736239, -0.2433130371330407, 0.13548893839997256, 0.4514458776118268, 0.2088462305383128, 0.5569089713389864, 0.39884668247741845, 0.3780791951657448, -0.0643854402916438]], "inverted": false, "swapped": true, "error_lsq": 0.045363857280295135, "error_max": 0.22610811113141951, "target": "264.xyz", "model": "24.xyz", "model_rescale": 3.7841303162186577, "target_rescale": 4.267180927616584},
{"mapping": [13, 14, 11, 10, 12, 9, 5, 4, 3, 7, 6, 0, 1, 2, 8, 15], "R": [[-0.09331801211058355, -0.38245016508475904, 0.9192516629532794], [0.8964458661995066, 0.3694586549244776, 0.24471434627992705], [-0.4332165250651748, 0.8468956095812732, 0.30836872228294887]], "T": [0.040202423400509224, 0.007776028342126108, 0.06837256803756109], "aligned_model": [[-0.4897971812089447, -0.10571855619129328, -0.05818908313660143, 0.5511341008288835, -0.5622902710623272, 0.02440647964190229, -0.7559976087102649, -0.3315001526535598, -0.6607323231238971, 0.4871447771329198, -0.13948695105225623, 0.7093119723620811, 0.3386893339081844, -0.24863716463765279, 0.31198245939945385, 0.010668491585704404], [-0.4017482265321355, 0.011668632260301999, -0.7474204152365509, -0.2245369390643686, 0.22809394210859144, 0.3812066610036785, 0.35077024230454706, 0.21194711635890318, -0.2974855759175504, -0.4490561614782455, -0.42552156846694594, 0.018784837617465258, 0.3177579405949384, 0.702288888554786, 0.5018198821453386, -0.034681380295508546], [-0.33584309352757913, -0.7113651299482849, -0.02870993404269004, -0.47036169990185184, -0.336145016772592, -0.3815616041219796, 0.2016363046607943, 0.6822583103635819, 0.3223562716736925, 0.18817424951288922, 0.617909985827547, 0.3741521732410056, 0.6748815722039267, 0.12329621784706471, 0.24589458411034412, 0.11455465246276805]], "inverted": true, "swapped": false, "error_lsq": 0.03959498037645522, "error_max": 0.2900454664480608, "target": "264.xyz", "model": "25.xyz", "model_rescale": 4.19342608120988, "target_rescale": 4.267180927616584},
{"mapping": [11, 14, 12, 2, 10, 3, 8, 1, 13, 5, 4, 15], "R": [[0.23332587673666405, -0.9697613693439393, 0.07156760281883728], [0.8161989018624876, 0.2353207122404032, 0.5276774725048804], [-0.5285625675769487, -0.06470741007672252, 0.8464245762249738]], "T": [-0.06991723508549416, 0.05576278368925578, -0.031494760570203756], "aligned_model": [[-0.15269512544905134, 0.3283863762151622, 0.16068959713924233, -0.7004365415044881, -0.5199248574988508, -0.3527280738213794, -0.3097283204138201, -0.06561818189060963, 0.599980217216961, 0.30515953055822276, 0.38484055339758794, -0.08011661931719644], [-0.7768050271440456, -0.33881458289456695, -0.6065552104619905, 0.30302238959866823, -0.13054142944331074, -0.11055118533980454, 0.5028196967236406, 0.6525287602059086, -0.09202062267306807, 0.09930097282131115, 0.4736634666724797, 0.036729199675758856], [0.07504923217845152, 0.17075055020565416, -0.5293119375285654, 0.011489708062523182, -0.603644829856886, 0.41254531110606985, -0.7080599058770595, 0.4873268536113671, -0.302870297988697, 0.6145919315137808, -0.06668920199757503, -0.11191895221964256]], "inverted": true, "swapped": true, "error_lsq": 0.04478297640983712, "error_max": 0.23933672367123193, "target": "264.xyz", "model": "26.xyz", "model_rescale": 3.795458400668931, "target_rescale": 4.267180927616584},
