[{"mapping": [9, 0, 4, 2, 12, 6, 7, 11, 1, 3, 5, 13], "R": [[0.29385304097608766, -0.9277507851994906, 0.23006275420161848], [-0.8574542985686504, -0.14949101747039384, 0.4923662880029563], [-0.42240089509286016, -0.3419516285344975, -0.8394322888520285]], "T": [0.09972971972327063, 0.14605516366495808, -0.05757484257072953], "aligned_model": [[-0.1953695094131854, -0.6596526706037337, 0.43503464445548246, -0.2508129486184093, -0.19530056435826845, 0.5200870824477996, 0.381096379690676, 0.6511941379644229, -0.25910205518013985, 0.012791774858713106, 0.5701706117510191, 0.17556796377475425], [0.015087422861747912, 0.02826853141117347, -0.7065149161529175, -0.535563175784487, 0.5571787267316131, -0.3918161781862115, -0.17513345148713855, 0.4873906887421083, 0.485062936026262, -0.1395382469760224, 0.46539579353029836, 0.11636848182373513], [0.6000778526995012, 0.012261602815498242, 0.21463664333819965, -0.11901198449464756, 0.22359122106382495, -0.4018717949333001, 0.5661760360907228, 0.20018259297194163, -0.35650226021800097, -0.48661855052938463, -0.5566822354902707, 0.08351776501678662]], "inverted": true, "swapped": false, "error_lsq": 0.0443470174584121, "error_max": 0.2862031451046241, "target": "265.xyz", "model": "0.xyz", "model_rescale": 3.8414455957264533, "target_rescale": 3.831983998699712},
{"mapping": [8, 9, 11, 13, 6, 1, 12, 5, 2, 0, 4, 14], "R": [[0.2829972756086761, 0.09431591688245329, 0.9544721315055192], [-0.47879574716534595, 0.876177772504658, 0.0553817972365863], [-0.831063881115312, -0.4726700950889514, 0.29311398246101544]], "T": [0.085114145150797, 0.07847232025324762, -0.04257210054132899], "aligned_model": [[-0.22964606109402763, -0.5953396425464009, 0.4362722473315983, -0.3125586371980163, -0.11708896378339, 0.8450599985065038, 0.32792146236172137, 0.4204797475379384, -0.0711407966935589, 0.06957317703611214, 0.23995668816345672, 0.17221562714719382], [-0.09995397133562535, 0.09857552534763207, -0.686424541323681, -0.5550590363102418, 0.7314467160614245, -0.2542765107403922, -0.3461860599127346, 0.6360818506393121, 0.7418927935660231, -0.36775167286865, 0.249262273666089, 0.0585792457510049], [0.6598469115412947, 0.003124550833922206, 0.09116712538927424, 0.08128822026040367, 0.3352711406843654, -0.28804797839610813, 0.5430894149526556, 0.06194732033649599, -0.3255250937347223, -0.6136762904923169, -0.5351894099558511, -0.033539023088542265]], "inverted": true, "swapped": false, "error_lsq": 0.04884938392012252, "error_max": 0.2661974702981718, "target": "265.xyz", "model": "1.xyz", "model_rescale": 4.316132596720782, "target_rescale": 3.831983998699712},
{"mapping": [1, 10, 2, 8, 9, 4, 0, 5, 7, 6, 3, 11], "R": [[0.8390527794742303, 0.5407823903425033, 0.05953855517240275], [0.2998565117499238, -0.36835808443882534, -0.87999908749369], [-0.4539565019004978, 0.7562187037649941, -0.4712289957740884]], "T": [0.06853032569107974, 0.04712771998402736, 0.035960122153743765], "aligned_model": [[-0.15027287848290805, -0.5152810112169743, 0.28153578247147854, -0.3908607473064846, -0.14880543109458594, 0.7067447842476918, 0.5985854540936639, 0.5092018811465334, -0.15346393528503527, 0.037185728077972005, 0.2818295464681252, 0.12930567364965426], [-0.11738968703344811, 0.02433120517032318, -0.7166446847157407, -0.5660553436178651, 0.578898876874356, -0.2748068045338031, -0.021541805849103327, 0.5111874971395476, 0.8482768078086252, -0.37517429498065674, 0.33006410858469654, -0.014959262306770735], [0.5046353231578612, -0.2004303184297715, 0.30429907002734097, 0.03753758050041252, 0.5049335870256232, -0.252778856769283, 0.5031218882074503, 0.11480798424167986, -0.2947055805600998, -0.6688621869119882, -0.5167309771599938, -0.05607062499836041]], "inverted": true, "swapped": false, "error_lsq": 0.04555332475282175, "error_max": 0.22208579386482818, "target": "265.xyz", "model": "2.xyz", "model_rescale": 3.795458400668931, "target_rescale": 3.831983998699712},
{"mapping": [0, 4, 2, 10, 7, 6, 1, 8, 9, 5, 3, 11], "R": [[0.29301354908886557, 0.7070248936740747, -0.6436294429060176], [-0.9467645273586899, 0.30844383540070297, -0.09219181166774365], [0.1333416281047431, 0.6363789752407505, 0.759764312195505]], "T": [0.08140651536440946, -0.032714713028986306, 0.05306287965204696], "aligned_model": [[-0.310374005174593, -0.5576926544533602, 0.42497413056327094, -0.28762318842224105, -0.15557539748687627, 0.6331324282877095, 0.4579510949722516, 0.6787098984138944, -0.027038789899350657, -0.13536325077846809, 0.48089991491057493, -0.01629533416368112], [-0.16967371318022534, -0.05749122139026525, -0.709833139606798, -0.6374327579013994, 0.6270282689159836, -0.10103669389505839, -0.024145331335158206, 0.4664347671525465, 0.6598216533588349, -0.07132538215206392, 0.22150938772655926, 0.0023307748472049805], [0.7163563291745806, 0.009553006114451847, 0.158879899031418, -0.13966464648001894, 0.3561817793789967, -0.14245417986039305, 0.5574531920342242, -0.015064956534649308, -0.45995528747644404, -0.6142786373131832, -0.5894673965607173, 0.14221778682260547]], "inverted": true, "swapped": false, "error_lsq": 0.054315144096586825, "error_max": 0.2837837514521575, "target": "265.xyz", "model": "3.xyz", "model_rescale": 3.7530521520055578, "target_rescale": 3.831983998699712},
{"mapping": [7, 4, 8, 1, 10, 0, 5, 6, 2, 3, 11], "R": [[0.649027193588295, 0.04802897355632563, 0.7592476010380458], [0.6506037542338499, 0.4822285523469037, -0.5866603602411107], [-0.3943075664500011, 0.874727866825183, 0.28173161349011333]], "T": [0.05068159852394933, 0.011520112882731193, 0.017627265731542482], "aligned_model": [[-0.5325067697359226, -0.08803263929161331, 0.45679818198598093, 0.4941211837136212, 0.1356278694289486, -0.25145552322241255, -0.07237160331560882, -0.6976929824330452, -0.32174295922599555, 0.24176642235435356, -0.026311577813101138], [-0.5474761586675145, -0.007357833513403439, -0.45845089531239996, 0.38637727969657454, -0.6390329266824448, 0.5246767158013161, -0.48871723030706943, 0.09790570052894448, 0.2779518816829129, 0.41784259734578477, -0.09651577225835466], [-0.2620320447462025, -0.6620339866397835, -0.6172248054699706, -0.2570819075080766, 0.04361733233772687, -0.18507640068230952, 0.61281383414423, 0.20089533205887494, 0.7628385046335218, 0.45220834706432267, 0.003906572052983432]], "inverted": true, "swapped": true, "error_lsq": 0.05170564597066749, "error_max": 0.22466980408473808, "target": "265.xyz", "model": "4.xyz", "model_rescale": 3.7855080009869324, "target_rescale": 3.831983998699712},
{"mapping": [6, 13, 1, 12, 8, 2, 4, 10, 15, 14, 9, 16], "R": [[0.1856970037235473, 0.07933691302100009, 0.979398936613878], [-0.44265352761488075, -0.8831128409941422, 0.15546563787974693], [0.8772539411699435, -0.4624038973706352, -0.12887264410358107]], "T": [0.18501677104861425, 0.00506387953002687, 0.08866184999206377], "aligned_model": [[-0.1400661937647915, -0.5388845376725412, 0.31994458955986665, -0.20150206876003685, -0.2091566568017354, 0.5576531633700096, 0.4209570761926661, 0.4538182660516872, -0.15413939684569955, 0.010785823255227756, 0.4801538414920345, 0.18614094069244375], [-0.022395327534735658, 0.027985444337066283, -0.7269733103357414, -0.49568789523649737, 0.5735756672347001, -0.351393094663664, -0.2781542952458956, 0.6822339957612809, 0.5956183677396052, -0.08743705463404311, 0.2871615823055843, 0.001652532812501377], [0.6540326362929326, 0.07107958694109526, 0.22657477699527623, -0.1621689885252589, 0.21801226545781244, -0.4403619984732629, 0.729848579229713, 0.07638732182405605, -0.3755973415385109, -0.5584738023580921, -0.4946296851667033, 0.03505353765181305]], "inverted": true, "swapped": false, "error_lsq": 0.0444374248329245, "error_max": 0.25509928452781166, "target": "265.xyz", "model": "5.xyz", "model_rescale": 4.2253639853439635, "target_rescale": 3.831983998699712},
{"mapping": [0, 4, 12, 7, 1, 11, 9, 8, 10, 6, 5, 13], "R": [[-0.006629075313086985, -0.8658142928743893, -0.5003215622126582], [0.8173175545401785, -0.29296384916449847, 0.49614937077777665], [-0.5761493473058492, -0.40563258416594494, 0.709587299958153]], "T": [0.04612281189268517, 0.05803203130866716, -0.036897135269326614], "aligned_model": [[-0.3038401735743822, -0.6177069145873901, 0.5003800212689455, -0.1595095304910785, -0.1937769483151003, 0.6797385350014101, 0.3138455657785976, 0.6110861207064208, 0.026936566715494777, 0.01699940980700019, 0.31360948839610864, -0.002057293936895549], [-0.2677523465352787, 0.30293706086010624, -0.7373025997630145, -0.7049937964558062, 0.5864143146806562, -0.2662941503651227, 0.07656614627572006, 0.5143440819667138, 0.785131090389957, -0.38065795093863297, 0.2699652728744881, 0.027829489550374842], [0.6068831822943668, -0.020681927952645035, 0.1432055488217108, 0.03308959173671802, 0.4125091949365538, -0.35137675642703514, 0.5113522980359112, 0.09897283093798168, -0.3188037167253883, -0.5063871724904887, -0.5700729462953344, -0.0589332385414794]], "inverted": true, "swapped": false, "error_lsq": 0.0540460876369763, "error_max": 0.31191703803166576, "target": "265.xyz", "model": "6.xyz", "model_rescale": 3.89814844738969, "target_rescale": 3.831983998699712},
{"mapping": [6, 9, 1, 5, 8, 2, 0, 7, 11, 10, 4, 12], "R": [[0.8009812897130241, -0.4409749449817732, -0.40493218126987973], [0.10097363317986313, -0.5671711084382824, 0.8173868479216855], [-0.5901129543842595, -0.6955990451770417, -0.40976660358876105]], "T": [0.1840037341616932, 0.11677454778826166, 0.06275073146915965], "aligned_model": [[-0.1726820847728267, -0.6759357769245826, 0.33539860165764745, -0.2448060167371472, -0.2776713236354577, 0.4907374503398229, 0.5785693657724464, 0.5753804944380068, -0.1392728886733119, -0.05430836323520685, 0.5845958481073021, 0.18569954043243822], [-0.10447816582091843, -0.044239151316166875, -0.690231117978492, -0.5302488000253028, 0.5442921604205412, -0.36721117059043173, -0.1250626856549622, 0.6167092116433841, 0.7302946117534702, -0.15159126550519694, 0.2617652045131713, 0.06618778110106521], [0.5930320853930586, -0.11759478416130838, 0.26428996226575063, 0.07047011894676287, 0.31128967049467215, -0.35344645291101007, 0.4326738347493466, 0.2305727888324235, -0.3548923284079682, -0.5776325893175057, -0.42098417123204257, -0.09802124632130828]], "inverted": false, "swapped": false, "error_lsq": 0.03784468132882491, "error_max": 0.21027883823052568, "target": "265.xyz", "model": "7.xyz", "model_rescale": 3.7474275329858107, "target_rescale": 3.831983998699712},
{"mapping": [3, 8, 1, 2, 5, 12, 0, 10, 9, 4, 11, 14], "R": [[0.3811993062340464, -0.9219664894892606, 0.06829993547237723], [0.5770074372922137, 0.17954690357268388, -0.7967592652281703], [0.7223223008021794, 0.3431336498746669, 0.6004246764478751]], "T": [0.1875112458379557, 0.03807782024835829, -0.03131342086189998], "aligned_model": [[-0.232985534975522, -0.48674890379546126, 0.37985286265856855, -0.28473447523751666, -0.2702236432467627, 0.7000008311347479, 0.4257389778689822, 0.797296479300841, -0.13656138074138297, -0.30844911000579706, 0.4282435201849485, 0.17427522362348496], [-0.01385702964092625, 0.03784592321244709, -0.64802385933679, -0.6538561892932433, 0.508035096970596, -0.09446659839421592, -0.12363083488399287, 0.426550180762984, 0.6411658574283459, -0.32242829864118294, 0.4619507493116436, -0.013098384955504229], [0.547149858592459, -0.1341896216889687, 0.2075819699666464, 0.05115354958952517, 0.25615900110637563, -0.3482188024009005, 0.5614016001841347, 0.1978471208006456, -0.3653825637062476, -0.5174044715098871, -0.41713678418364375, -0.059203968419267644]], "inverted": true, "swapped": false, "error_lsq": 0.04922696716473252, "error_max": 0.32755010583587224, "target": "265.xyz", "model": "8.xyz", "model_rescale": 4.019505241142653, "target_rescale": 3.831983998699712},
{"mapping": [11, 5, 10, 6, 8, 1, 9, 7, 4, 2, 0, 12], "R": [[-0.9733947773778765, -0.1575478104408665, 0.16637696595010765], [0.1966490319591687, -0.9470901305915634, 0.2536719195448671], [0.11760852691449007, 0.27964079094678673, 0.9528742112344417]], "T": [0.07084039118368604, -0.04079246568890059, -0.05155977421584498], "aligned_model": [[-0.2379154890544913, -0.5879530520063625, 0.3808088016079907, -0.3186778990226218, 0.08184467532980111, 0.6852601267617119, 0.4223555798624289, 0.51512728558204, -0.12220794329895757, -0.026508438134329904, 0.35840946779924, 0.03516173134268154], [-0.0633100386357128, 0.08361930110693014, -0.8592213232138225, -0.6540099772243422, 0.4329758361708828, -0.29700153212114894, -0.0015230698650895297, 0.7463946349638128, 0.7311451037233418, -0.23752562242442232, 0.3551855564901887, -0.030542256430456848], [0.4882663916189751, -0.08377204880951036, 0.2172776263207424, -0.03419247425492988, 0.42964645316429884, -0.16623586143851385, 0.5334488138495128, -0.001264504979693798, -0.28488229933186926, -0.6009152444607008, -0.4795218171550574, -0.03809814619238256]], "inverted": false, "swapped": false, "error_lsq": 0.05096715871307681, "error_max": 0.3367819764552394, "target": "265.xyz", "model": "9.xyz", "model_rescale": 3.877068213659057, "target_rescale": 3.831983998699712},
{"mapping": [4, 13, 5, 3, 2, 12, 1, 8, 14, 6, 10, 15], "R": [[-0.11010080689176571, -0.4917236645185307, 0.8637624963346403], [0.7341119672003636, -0.6260917073303685, -0.26284747216847376], [0.6700428582822106, 0.6051586666029097, 0.429913428843987]], "T": [0.1453285281737727, 0.07572938610850861, -0.004319652389054113], "aligned_model": [[-0.2077643037015751, -0.6004223498303405, 0.40325436578186513, -0.1472325480564353, -0.22126841694341057, 0.5400180890017414, 0.5572979262378454, 0.6566353199649239, -0.2282116043644569, -0.0609249611043087, 0.26420474951115436, 0.23011858027212773], [-0.13093926802568617, 0.16454726940447484, -0.6129909010915172, -0.4868598533007687, 0.5401103748683216, -0.42232141212935365, -0.25141446049513877, 0.5439701194332781, 0.6275769062697247, -0.18906563054741343, 0.3778750294008905, 0.045698438753349106], [0.534850264447539, -0.1876377025821257, 0.26050872701128047, 0.02142344579547516, 0.2962004551889786, -0.3972073827416111, 0.6857272510106565, 0.334264039084443, -0.41107956992496797, -0.5216664146671746, -0.6350234130404843, -0.0006028112511379012]], "inverted": true, "swapped": false, "error_lsq": 0.043808061583273265, "error_max": 0.23296071432222473, "target": "265.xyz", "model": "10.xyz", "model_rescale": 4.260839863003843, "target_rescale": 3.831983998699712},
{"mapping": [2, 1, 9, 8, 3, 10, 4, 5, 0, 7, 6, 11], "R": [[-0.3262579635923826, 0.9261992107854722, 0.1889729164005268], [-0.18266231256263654, 0.13437189666379112, -0.9739500361703599], [-0.9274644040402962, -0.352277185363095, 0.12534178836618856]], "T": [0.09195160568551959, -0.024649693445550788, 0.00527096351780964], "aligned_model": [[-0.25381465559685873, -0.6182510143469488, 0.39367002156892933, -0.2058506737691725, -0.1271125137469804, 0.5816231105968401, 0.5640102949667459, 0.5493853569053762, -0.15199595460231924, -0.10179673654120293, 0.5119311273991662, 0.04390648393555588], [-0.12572890964912822, 0.11219395353165013, -0.6923475290491243, -0.6756467947801605, 0.543657135492341, -0.3019313414387231, -0.11230478980218231, 0.44780977173059644, 0.6257145518722254, -0.06993493176996585, 0.4643227765777118, -0.009617280175079342], [0.5888682653895078, 0.017382855289457794, 0.3197210533640686, -0.0506752916228923, 0.36978616371196904, -0.2716234152735878, 0.5580639053667643, 0.16066504081259322, -0.5309661162303916, -0.6192420118130022, -0.5311789032495836, -0.03104465741403188]], "inverted": false, "swapped": false, "error_lsq": 0.040944867376961194, "error_max": 0.23527871134030495, "target": "265.xyz", "model": "11.xyz", "model_rescale": 3.890672605050136, "target_rescale": 3.831983998699712},
{"mapping": [6, 8, 9, 5, 0, 12, 11, 2, 3, 7, 4, 13], "R": [[0.15299959137976027, 0.9349772247325071, 0.32001361575583864], [0.8482636987249402, 0.04187926989937407, -0.527915546444864], [-0.5069909490938772, 0.3522267962324765, -0.7866997276932892]], "T": [0.11601738607684718, 0.032452724949079595, 0.1620629628833294], "aligned_model": [[-0.17601388358464765, -0.5869600021100685, 0.23970700723188315, -0.11210230009206644, -0.14363169146194854, 0.4707581700527401, 0.5414754705530974, 0.7226329281524749, -0.296886367963434, -0.05886394017144715, 0.43645860715602786, 0.14913084900651963], [-0.07414190257902244, 0.03285651893159086, -0.7079583353984075, -0.6193501454324442, 0.5626683203977538, -0.33909611914447557, -0.022115886920519988, 0.3971759038691476, 0.5762018638236711, -0.14983267459021443, 0.5113343174972739, 0.03844475208580775], [0.647257425819169, 0.003905843263455555, 0.3677636078872646, -0.19582893249803096, 0.14988434951907426, -0.3776059906261205, 0.5066929802173932, 0.2295812606804482, -0.4599583549785414, -0.6522789340621973, -0.23674386752072768, -0.002912499370316013]], "inverted": false, "swapped": false, "error_lsq": 0.050466793708297285, "error_max": 0.3173570600292222, "target": "265.xyz", "model": "12.xyz", "model_rescale": 4.124412569039231, "target_rescale": 3.831983998699712},
{"mapping": [4, 5, 11, 10, 0, 8, 2, 1, 3, 9, 6, 12], "R": [[-0.14043418096652363, 0.9835823041900313, 0.11333177709932174], [-0.7354545879836027, -0.1802656729528855, 0.6531545270215253], [0.6628610637457377, 0.008374845614813886, 0.7486955804135597]], "T": [-0.03458252268456165, 0.09628235091066144, -0.09556428649313815], "aligned_model": [[-0.14456901748413248, -0.7393936168227456, 0.4275598418320029, -0.16191458961325306, -0.256701039656046, 0.6145474784809468, 0.4535865147259558, 0.5975902949175892, -0.13188347865931416, 0.07187822958313086, 0.48126608293396955, -0.02626185346897232], [0.08623749516624583, 0.09354069023767121, -0.7830445282682796, -0.5859735298601205, 0.5866891106378381, -0.19606858459182958, -0.300263973630639, 0.4624359400505363, 0.6236283214308234, -0.1402671625557419, 0.3610927848793676, -0.0018199509557110943], [0.6829460394398609, 0.18188784261871904, -0.03423292576343202, 0.15528054638739536, 0.12107358606451245, -0.18532671179530869, 0.49336484086888593, 0.2638148680966602, -0.5658749573358, -0.6798174062159146, -0.42931339125119156, -0.024045442783516224]], "inverted": false, "swapped": false, "error_lsq": 0.055376654039544705, "error_max": 0.2721171242469942, "target": "265.xyz", "model": "13.xyz", "model_rescale": 3.9028299243045295, "target_rescale": 3.831983998699712},
{"mapping": [2, 6, 12, 11, 3, 13, 8, 4, 7, 14, 10, 15], "R": [[0.8302802820817586, -0.4558475040883203, 0.3206831866541877], [-0.5391338518203396, -0.8027716834808706, 0.25473969856041995], [0.141312925833414, -0.3843965104130606, -0.9122883205295694]], "T": [0.0784638244938386, 0.025846374795787955, 0.11231083980330507], "aligned_model": [[-0.14145232324961482, -0.5703104939942022, 0.29872409722840104, -0.25692714510396086, -0.15779739646769655, 0.6604726097477974, 0.5447020227224282, 0.4422758838759807, -0.16895485312596809, 0.12586472737619148, 0.3941779971186749, 0.014929720641099736], [-0.10225457864577546, 0.17878413685165184, -0.6337976374660845, -0.5312764173511204, 0.55633254090517, -0.3519804955907924, -0.20364967353726443, 0.5972476912302694, 0.660520026182761, -0.3291413437949627, 0.3023461306482477, 0.06305623310806119], [0.8032354400635842, 0.10181384704540876, 0.13671326392143246, -0.2383795939421951, 0.3391467017706865, -0.27648728480164675, 0.6836782048756336, 0.08984764974100433, -0.48485020215871383, -0.6968785860041661, -0.5035016708412252, 0.025419118661067816]], "inverted": false, "swapped": false, "error_lsq": 0.04766906302877288, "error_max": 0.23346236948426488, "target": "265.xyz", "model": "14.xyz", "model_rescale": 3.942246331269136, "target_rescale": 3.831983998699712},
{"mapping": [3, 5, 12, 1, 10, 8, 13, 11, 9, 0, 6, 14], "R": [[0.4132717355884667, -0.19693578335320305, -0.889057236514476], [-0.7140645038610947, -0.6759559646820488, -0.1821960980272896], [-0.5650826106767977, 0.7101407121450096, -0.41997834713812754]], "T": [0.07436110714602301, 0.09246313985314049, 0.00015940664827321653], "aligned_model": [[-0.33888747256165497, -0.5425071631235923, 0.21621327392663592, -0.34798614229451713, -0.015128501292875546, 0.6846567612372545, 0.62493875320857, 0.7008644843503793, -0.2824225478452157, 0.0753269291236549, 0.3549788863709626, 0.055657585669529414], [-0.20298635654158836, -0.03316341295363702, -0.6429145872887578, -0.594943976776857, 0.7488651116788491, -0.06129038073214098, -0.1921299081727918, 0.4070290919322669, 0.688148077641515, -0.3765749753369821, 0.45520845527284637, 0.010939473817438441], [0.5085717756464465, -0.08028352065781666, 0.3275335341629708, 0.0758937626372296, 0.2649774147367264, -0.45010717638091247, 0.5262781187055906, 0.15066789411871087, -0.4073049286689601, -0.56616187721369, -0.3199325917870861, -0.050375516968338474]], "inverted": true, "swapped": false, "error_lsq": 0.04980289474632075, "error_max": 0.23196559494903493, "target": "265.xyz", "model": "15.xyz", "model_rescale": 4.355366556412066, "target_rescale": 3.831983998699712},
{"mapping": [1, 10, 2, 8, 9, 4, 0, 5, 7, 6, 3, 11], "R": [[0.8390527794742303, 0.5407823903425033, 0.05953855517240275], [0.2998565117499238, -0.36835808443882534, -0.87999908749369], [-0.4539565019004978, 0.7562187037649941, -0.4712289957740884]], "T": [0.06853032569107974, 0.04712771998402736, 0.035960122153743765], "aligned_model": [[-0.15027287848290805, -0.5152810112169743, 0.28153578247147854, -0.3908607473064846, -0.14880543109458594, 0.7067447842476918, 0.5985854540936639, 0.5092018811465334, -0.15346393528503527, 0.037185728077972005, 0.2818295464681252, 0.12930567364965426], [-0.11738968703344811, 0.02433120517032318, -0.7166446847157407, -0.5660553436178651, 0.578898876874356, -0.2748068045338031, -0.021541805849103327, 0.5111874971395476, 0.8482768078086252, -0.37517429498065674, 0.33006410858469654, -0.014959262306770735], [0.5046353231578612, -0.2004303184297715, 0.30429907002734097, 0.03753758050041252, 0.5049335870256232, -0.252778856769283, 0.5031218882074503, 0.11480798424167986, -0.2947055805600998, -0.6688621869119882, -0.5167309771599938, -0.05607062499836041]], "inverted": true, "swapped": false, "error_lsq": 0.04555332475282175, "error_max": 0.22208579386482818, "target": "265.xyz", "model": "16.xyz", "model_rescale": 3.795458400668931, "target_rescale": 3.831983998699712},
{"mapping": [6, 9, 1, 5, 8, 2, 0, 7, 11, 10, 4, 12], "R": [[0.8009812897130241, -0.4409749449817732, -0.40493218126987973], [0.10097363317986313, -0.5671711084382824, 0.8173868479216855], [-0.5901129543842595, -0.6955990451770417, -0.40976660358876105]], "T": [0.1840037341616932, 0.11677454778826166, 0.06275073146915965], "aligned_model": [[-0.1726820847728267, -0.6759357769245826, 0.33539860165764745, -0.2448060167371472, -0.2776713236354577, 0.4907374503398229, 0.5785693657724464, 0.5753804944380068, -0.1392728886733119, -0.05430836323520685, 0.5845958481073021, 0.18569954043243822], [-0.10447816582091843, -0.044239151316166875, -0.690231117978492, -0.5302488000253028, 0.5442921604205412, -0.36721117059043173, -0.1250626856549622, 0.6167092116433841, 0.7302946117534702, -0.15159126550519694, 0.2617652045131713, 0.06618778110106521], [0.5930320853930586, -0.11759478416130838, 0.26428996226575063, 0.07047011894676287, 0.31128967049467215, -0.35344645291101007, 0.4326738347493466, 0.2305727888324235, -0.3548923284079682, -0.5776325893175057, -0.42098417123204257, -0.09802124632130828]], "inverted": false, "swapped": false, "error_lsq": 0.03784468132882491, "error_max": 0.21027883823052568, "target": "265.xyz", "model": "17.xyz", "model_rescale": 3.7474275329858107, "target_rescale": 3.831983998699712},
{"mapping": [3, 11, 0, 1, 10, 6, 8, 5, 12, 2, 9, 13], "R": [[0.4067140871016418, -0.8002597572455237, 0.440644950369812], [-0.6307730905046334, 0.10291783964930434, 0.7691119727173372], [-0.6608395869258379, -0.5907556510227017, -0.4629241850848065]], "T": [0.05901836676980982, 0.03228856881631283, -0.0353759274174083], "aligned_model": [[-0.2683939947733829, -0.634896065514935, 0.43824744862670123, -0.3778329923150339, -0.08117781537195234, 0.6584568733048451, 0.38362408740984744, 0.4382182693826845, -0.0416860404883364, 0.1382127143441753, 0.429029838705341, 0.10390252345917692], [-0.14829509511574207, 0.20104377358034986, -0.694485852988906, -0.5034829540992206, 0.5119327498463655, -0.18975537381974086, -0.02943398469156599, 0.6255696501069847, 0.7078294450816858, -0.49678940207024735, 0.2780948144064338, -0.05604115769623571], [0.5309983897429117, 0.07298044451356073, 0.12932572425778996, -0.01031236605490942, 0.4407814631377951, -0.4670804280680447, 0.603119102896007, 0.13028918391038835, -0.33990847110838623, -0.5018922506522051, -0.5357707376633439, -0.07277316658069226]], "inverted": false, "swapped": false, "error_lsq": 0.05230071852622097, "error_max": 0.28580009260686784, "target": "265.xyz", "model": "18.xyz", "model_rescale": 3.922800546911778, "target_rescale": 3.831983998699712},
{"mapping": [8, 1, 4, 6, 5, 11, 13, 12, 0, 2, 3, 14], "R": [[0.4560118273244705, 0.34199189619915576, 0.8216415010661909], [-0.5820820192122452, 0.8129855006780837, -0.015332925259102154], [-0.6732263633058296, -0.4712707487435558, 0.5697983372463415]], "T": [0.1269308074716684, -0.027674022000413048, -0.02477820167169476], "aligned_model": [[-0.07052777032803453, -0.6035945572236591, 0.2505125930411194, -0.31099680872366675, -0.18283649634193028, 0.6830167697519838, 0.6415946025127186, 0.5324153363279522, -0.21620379975225745, -0.07637589588708676, 0.32823712168383185, 0.2104637517081599], [-0.06067260738881998, -0.02411888405954244, -0.7034580541792186, -0.5359691300414391, 0.6103765245980496, -0.45476658846765894, -0.18529960593574216, 0.5746088938608287, 0.6220686230956759, -0.11249193664722897, 0.4792696333535851, -0.0033602556483280643], [0.553418873240745, -0.14437367176494714, 0.2030608275129173, 0.13529446316569893, 0.2571250399896453, -0.14969399327548527, 0.4019407927299791, 0.27763150499525613, -0.42294371015491095, -0.7063948597076811, -0.3588936633608327, -0.06641471503951354]], "inverted": false, "swapped": false, "error_lsq": 0.05081589771992398, "error_max": 0.2867911928393182, "target": "265.xyz", "model": "19.xyz", "model_rescale": 3.9282355846067225, "target_rescale": 3.831983998699712},
{"mapping": [2, 1, 12, 10, 5, 9, 7, 6, 3, 11, 4, 13], "R": [[-0.16811104600486598, -0.9739495142658912, -0.15218744978606147], [0.3444922751877788, -0.2026952683433896, 0.9166458970219358], [-0.9236145021312181, 0.10167089973260007, 0.36959339766893295]], "T": [0.2250806958423308, 0.06938535953057026, -0.04359587079880272], "aligned_model": [[-0.3392078986394942, -0.5064378921584982, 0.49807457953990786, -0.27262740087904974, -0.04498684145487597, 0.6317839161445886, 0.42406319804910075, 0.5102747113368351, -0.15177652841506373, 0.09864829539150388, 0.27068903669136374, 0.06720767116281265], [-0.10488035349021793, 0.22427902156884372, -0.68940578833374, -0.633443548868567, 0.5450291655370821, -0.4426513231599266, -0.07945415734759717, 0.6132779392298181, 0.6846547205245984, -0.28417818332962663, 0.3275278731789232, 0.04543124703057101], [0.5307960283109955, 0.005284648595526208, 0.2256710574602055, -0.020090021145506225, 0.39058916735250615, -0.2690637208636609, 0.5276751142955125, 0.17931507404528063, -0.2575522100097948, -0.6538178309103199, -0.6186177545842119, -0.06043266421566208]], "inverted": true, "swapped": false, "error_lsq": 0.04558131699426626, "error_max": 0.23334313582025298, "target": "265.xyz", "model": "20.xyz", "model_rescale": 4.067790424073018, "target_rescale": 3.831983998699712},
{"mapping": [11, 3, 9, 12, 6, 7, 10, 5, 4, 0, 8, 14], "R": [[-0.09081795111598555, 0.9927932719804413, 0.07818963400261976], [-0.994782140809783, -0.09410357134200777, 0.039408250235001725], [0.046482169495402376, -0.07420267495885058, 0.996159310024231]], "T": [0.11383676115666605, 0.10118715859647091, 0.0066440764291094], "aligned_model": [[-0.2204757226803887, -0.7126588556180145, 0.4765042350055978, -0.16802094877432286, -0.3433723427279861, 0.5559288987640275, 0.4447772520095955, 0.5065738745342349, 0.11076508483661827, -0.08696516380753413, 0.48704918736086966, 0.13559934786643357], [-0.04948468508498842, -0.10042120345455512, -0.5772644716877443, -0.589160007721771, 0.6451329835681263, -0.29007106624384765, -0.3185405830093691, 0.5377224500719496, 0.8081209905684268, -0.16595707167078172, 0.25739309214207357, 0.0487161850626419], [0.5391526797882258, 0.008664089835602434, 0.11721345847321343, 0.1826863673893195, 0.21313784756100065, -0.4495746217512069, 0.6276061010281598, 0.06714713362590888, -0.371122540352085, -0.6200700343794375, -0.3952017745846494, 0.06011818169681923]], "inverted": false, "swapped": false, "error_lsq": 0.05231259893891943, "error_max": 0.3239585725058134, "target": "265.xyz", "model": "21.xyz", "model_rescale": 4.186013935880536, "target_rescale": 3.831983998699712},
{"mapping": [6, 4, 5, 3, 7, 8, 0, 1, 10, 11, 9, 12], "R": [[-0.1899629023000792, -0.5857342156183959, 0.7879273598521841], [0.9661805921012622, -0.2540737664716398, 0.04406341609282427], [0.17438222156110206, 0.7696505374810163, 0.6141896213374153]], "T": [0.18375881724346488, 0.005991105829326233, -0.021876181300606628], "aligned_model": [[-0.17192897018011172, -0.5305029663363828, 0.3746774779430906, -0.38069545028058005, -0.09692587219236265, 0.653748735390878, 0.4373366008291431, 0.6005104897464233, -0.22345598770532377, -0.039987056484067474, 0.4172381466803653, 0.14568969935805948], [-0.07190660530157773, 0.10678012767931057, -0.7122414709170908, -0.693882909228591, 0.6134681266572839, -0.183788857903224, -0.05567253585611137, 0.4797135479618214, 0.6385481006924564, -0.29632971178104167, 0.40141227931472506, -0.019913478777799584], [0.39915943892110506, -0.10724494819063356, 0.19313732248861962, 0.1876623537166836, 0.2789751344072619, -0.5969945803360365, 0.6516847617269982, 0.3482971932394289, -0.38291244473976815, -0.5293265591122318, -0.43970420635811464, -0.022976577432441834]], "inverted": true, "swapped": false, "error_lsq": 0.04665336517237958, "error_max": 0.292565981017782, "target": "265.xyz", "model": "22.xyz", "model_rescale": 4.166573947596378, "target_rescale": 3.831983998699712},
{"mapping": [1, 5, 2, 6, 7, 11, 4, 8, 10, 12, 9, 15], "R": [[0.3592967898830175, -0.9327098089799398, -0.030955274386813614], [-0.5967529126677907, -0.25512944605671395, 0.7607857300037261], [-0.7174899149132808, -0.2548752204263852, -0.6482644861554074]], "T": [0.14929600895433376, 0.04237176535447075, -0.08046285715550806], "aligned_model": [[-0.1846385804109955, -0.6363711695616681, 0.27051539171681804, -0.2969166763980547, -0.23715123570720797, 0.6370963558842763, 0.49206948236373094, 0.6043541260463717, -0.16764175342046195, 0.02978857682579225, 0.5727442245913867, 0.10185610483914316], [-0.2691601407472888, 0.1325773599250743, -0.5457123340675654, -0.5727377594934104, 0.5744547335541502, -0.3913492019250004, 0.011161379519806294, 0.6045042157127968, 0.6773353936064249, -0.3376463782974582, 0.30166088630705656, 0.021098458445575008], [0.4668347057599088, 0.17576363740002, 0.2233005251649201, -0.03993948317347264, 0.20049245903469526, -0.523215916437532, 0.568679477858549, 0.2814879109663167, -0.3198639404489011, -0.6007373418177879, -0.417968304091591, -0.03507684188425374]], "inverted": false, "swapped": false, "error_lsq": 0.0485945804288437, "error_max": 0.24750329614023564, "target": "265.xyz", "model": "23.xyz", "model_rescale": 4.274766983524099, "target_rescale": 3.831983998699712},
{"mapping": [9, 1, 8, 10, 4, 7, 5, 6, 2, 0, 11], "R": [[0.30515184595960315, 0.9498966961564073, -0.06766548262289238], [0.8471876072867013, -0.3032335918027275, -0.43625972408904645], [-0.43492011791509566, 0.07580010180441164, -0.8972729994818524]], "T": [0.05082963188044179, 0.1690980695495808, -0.01622714568958429], "aligned_model": [[0.2553653056906683, 0.20714953205607514, -0.6373227335777343, -0.36784081099254184, -0.45898492897282606, -0.6439329102382086, 0.09043264292031565, 0.09379997022615869, 0.6800521181373599, 0.20986574312026118, -0.04868922441145333], [-0.1700444255946309, 0.7057210452491534, 0.3998629822454785, -0.26228365839872564, 0.6191729665571144, -0.11736824086513781, -0.616462491916326, -0.058877287541106604, -0.2690114688403494, 0.5929807019483411, 0.091896408399672], [-0.5215798615110291, -0.3328050379172333, -0.5281201591195824, -0.2803018980746278, 0.12182768122166517, 0.39124910819987224, -0.04709374591334366, 0.7235667133635486, 0.4046823747390744, 0.42050657765468613, 0.027634681378547347]], "inverted": true, "swapped": true, "error_lsq": 0.042990894588470524, "error_max": 0.19016872863651912, "target": "265.xyz", "model": "24.xyz", "model_rescale": 3.7841303162186577, "target_rescale": 3.831983998699712},
{"mapping": [6, 7, 4, 1, 11, 2, 3, 13, 10, 8, 9, 15], "R": [[0.6093216549523621, 0.194131470105778, -0.768791319618454], [-0.1380777826709588, -0.9287743941029611, -0.34396606052247203], [-0.7808083290659661, 0.3157389699945935, -0.5391171079533343]], "T": [0.09702978416005105, 0.05920162387827055, -0.10023319104488308], "aligned_model": [[-0.12365101121008999, -0.5141083781306911, 0.2895521331988199, -0.2239832314896114, -0.11244840291165996, 0.6190468834070797, 0.4675821596062424, 0.5011258516007836, -0.24953536592260595, 0.021914566946507966, 0.42223081130299983, 0.08797883037135595], [-0.1690050755321002, 0.23438424304009975, -0.5838689249783816, -0.6012520461764691, 0.5511336100968434, -0.3842756017659606, -0.020475067451070056, 0.5940212541140629, 0.6624194828627709, -0.34680269777220907, 0.22730223545605524, 0.042605200646519494], [0.548803126230241, 0.03624668525838455, 0.2254963857088309, -0.21765545170246992, 0.45071996416786725, -0.41585816844026474, 0.6106426416735636, 0.30309586650543247, -0.44848011009448424, -0.5232887176403397, -0.556442775401097, -0.03352255793479278]], "inverted": true, "swapped": false, "error_lsq": 0.046030026631136665, "error_max": 0.24504077873505706, "target": "265.xyz", "model": "25.xyz", "model_rescale": 4.19342608120988, "target_rescale": 3.831983998699712},
{"mapping": [1, 10, 2, 8, 9, 4, 0, 5, 7, 6, 3, 11], "R": [[0.8390527794742303, 0.5407823903425033, 0.05953855517240275], [0.2998565117499238, -0.36835808443882534, -0.87999908749369], [-0.4539565019004978, 0.7562187037649941, -0.4712289957740884]], "T": [0.06853032569107974, 0.04712771998402736, 0.035960122153743765], "aligned_model": [[-0.15027287848290805, -0.5152810112169743, 0.28153578247147854, -0.3908607473064846, -0.14880543109458594, 0.7067447842476918, 0.5985854540936639, 0.5092018811465334, -0.15346393528503527, 0.037185728077972005, 0.2818295464681252, 0.12930567364965426], [-0.11738968703344811, 0.02433120517032318, -0.7166446847157407, -0.5660553436178651, 0.578898876874356, -0.2748068045338031, -0.021541805849103327, 0.5111874971395476, 0.8482768078086252, -0.37517429498065674, 0.33006410858469654, -0.014959262306770735], [0.5046353231578612, -0.2004303184297715, 0.30429907002734097, 0.03753758050041252, 0.5049335870256232, -0.252778856769283, 0.5031218882074503, 0.11480798424167986, -0.2947055805600998, -0.6688621869119882, -0.5167309771599938, -0.05607062499836041]], "inverted": true, "swapped": false, "error_lsq": 0.04555332475282175, "error_max": 0.22208579386482818, "target": "265.xyz", "model": "26.xyz", "model_rescale": 3.795458400668931, "target_rescale": 3.831983998699712},
{"mapping": [9, 0, 4, 3, 1, 10, 11, 8, 6, 7, 5, 12], "R": [[-0.4678683721369746, 0.7024135172044146, 0.5363901911877411], [0.19828435438713765, -0.5080175531230033, 0.8382132667312019], [0.8612679612984415, 0.49853125936839754, 0.0984077348249926]], "T": [0.06452492197340169, 0.04501948777363332, 0.1640369420382264], "aligned_model": [[-0.10192136632628941, -0.6910664383503066, 0.4102393568354706, -0.3376692374010349, -0.20778759193539303, 0.49933144324607404, 0.6973568492210664, 0.4924344927374724, -0.006365595094106349, -0.018085609855618703, 0.40547520036971735, 0.043763343322078985], [-0.12730360657410086, 0.021548795519577973, -0.7037528214346245, -0.5368816467603846, 0.544235205840263, -0.3608742565283114, -0.09259573756940434, 0.6346051379393477, 0.7286146075562664, -0.2239745896483097, 0.2955031012899123, 0.027062422909929034], [0.5203720011905449, -0.18209022375810022, 0.3007290820006944, -0.0474045076374944, 0.32830115650723657, -0.228238453448843, 0.467616245257543, 0.16985677651638306, -0.29297422464715683, -0.5982135318693077, -0.45875622981061215, 0.0005587980299831263]], "inverted": false, "swapped": false, "error_lsq": 0.04372014390316708, "error_max": 0.2333521244755547, "target": "265.xyz", "model": "27.xyz", "model_rescale": 3.6321398670334006, "target_rescale": 3.831983998699712},
{"mapping": [3, 8, 2, 0, 7, 13, 1, 4, 12, 9, 6, 14], "R": [[0.24547837292749466, -0.8970829214653363, -0.36739978285253166], [0.8601896760219453, 0.026812093818033383, 0.5092689200121624], [-0.4470056931294401, -0.44104800604958017, 0.7782432567453178]], "T": [-0.01464123117510692, -0.0827528678607051, -0.03057634606492653], "aligned_model": [[-0.22968243379501357, -0.48561465309880986, 0.43813944064895255, -0.3324577363092353, -0.22553560158192654, 0.6647720079822556, 0.48206609306615616, 0.5366192064938877, -0.2240214449689425, 0.021984838757212563, 0.49257713913277296, 0.04685799044182121], [-0.015208990819977342, 0.1278957196746068, -0.6912273783481149, -0.5608731304707893, 0.5916662217264764, -0.29642363188997856, -0.14151754361529217, 0.4513014577872526, 0.6184797123655578, -0.13676917572118488, 0.3592494950213416, -0.10038614316973754], [0.6180801006095394, -0.05957331496546535, 0.21065403560802148, 0.21397503456057562, 0.288123889477762, -0.4295998879404619, 0.4133783172452449, 0.2814575615103958, -0.4152093209394361, -0.6956424560920905, -0.4195119103550446, -0.0263751603881698]], "inverted": false, "swapped": false, "error_lsq": 0.04399745042819786, "error_max": 0.27023641065856, "target": "265.xyz", "model": "28.xyz", "model_rescale": 4.156811204709835, "target_rescale": 3.831983998699712},
{"mapping": [1, 0, 3, 2, 7, 4, 9, 10, 5, 11], "R": [[0.5750123740638368, -0.7036803935959739, 0.41736635386921866], [0.156544551933352, -0.40608175558341536, -0.9003285017382697], [0.8030283761695203, 0.5830364580803732, -0.1233447024222637]], "T": [-0.20685482809460676, -0.054352153339146614, -0.07525319084834906], "aligned_model": [[-0.6182022857279036, -0.04765589930234965, 0.0680300257656627, 0.6335708520599316, -0.14421362161094675, -0.6123182372979948, -0.26701130503447207, -0.3804389145553223, 0.20012947006500226, -0.18896471025101944], [-0.13461874406606197, -0.5948290488319998, 0.17557581409277312, 0.10568663048690868, -0.3499388382939689, -0.5853613576248116, 0.5805423904304554, 0.2966469695637767, 0.48796862353795806, -0.06295210866882563], [-0.562051131064396, -0.354977595117161, -0.5871550705496625, -0.25718172911356274, 0.7244338887929732, 0.11227302963539593, -0.14957652389745013, 0.45179404654060296, 0.32459490185983475, 0.056632909888525346]], "inverted": false, "swapped": true, "error_lsq": 0.05103044838648805, "error_max": 0.2900776901259918, "target": "265.xyz", "model": "29.xyz", "model_rescale": 4.117894457231895, "target_rescale": 3.831983998699712},
