[{"mapping": [6, 7, 8, 2, 9, 1, 4, 11, 3, 0, 5, 1, 12, 13], "R": [[0.16745572420185342, -0.728819265580832, 0.6639134420617271], [0.9367908111958653, 0.3274782590609089, 0.123211062414986], [-0.30721581419423405, 0.601315614266463, 0.7375893000500489]], "T": [0.01708820420339233, -0.018047312002163807, -0.1008170605699248], "aligned_model": [[-0.3252645779907451, 0.10017688623390761, -0.44865830816309443, 0.5008363526282481, 0.5636281728207561, 0.11986537902900571, 0.07494072781260194, -0.46927175706435725, 0.014363932145582046, 0.7447901874060461, -0.6784136529106353, 0.11986537902900571, 0.26251703644518914, 0.012618937189212937], [-0.6541191499684461, 0.10895226821448067, -0.0704506170913942, -0.5951917333736694, 0.2801271561509627, 0.06754579793595175, -0.5264792257013245, 0.40975997727864966, -0.5063172972000314, -0.06874964586420652, -0.07019355355894054, 0.06754579793595175, 0.47914216796677406, 0.04469212879998116], [0.14968937379411024, 0.6396975307911755, 0.5244134660815492, 0.054586578978760555, 0.2853554669479685, -0.662203545345751, 0.706372075417011, 0.15898431001367408, -0.28732525260009195, -0.3523951430105333, -0.394005049212091, -0.662203545345751, -0.2672115234773518, 0.049461515666308395]], "inverted": false, "swapped": false, "error_lsq": 0.05977759866285677, "error_max": 0.5076821422590025, "target": "267.xyz", "model": "0.xyz", "model_rescale": 3.8414455957264533, "target_rescale": 4.053564536719371},
{"mapping": [0, 2, 4, 9, 6, 11, 7, 3, 13, 8, 1, 12, 10, 14], "R": [[-0.8818416904185812, -0.19561543425999764, -0.42905691337976554], [-0.47130719736020354, 0.39456577001389886, 0.788788551419079], [0.014991956382316235, 0.8978042409192616, -0.44013950769184434]], "T": [0.06911718215959395, -0.06329875061280545, 0.062224718693311476], "aligned_model": [[-0.4212006558748185, 0.12768094548851674, -0.34163106520143843, 0.5666785008509342, 0.6187107381303588, -0.24892627713849913, 0.038836555900078173, -0.5383570974516199, 0.2813478181061443, 0.7332507874761021, -0.6930524652235885, 0.21789079703154446, 0.23886072505936337, 0.011905387457645314], [-0.597181858957466, 0.11864790591593131, -0.07154094694256947, -0.4778546209760338, 0.3704144214342849, -0.24477934350968705, -0.5575635716857495, 0.42364117165540294, -0.6600596466136901, -0.0732173793694967, 0.12398447119077548, 0.09054573322873725, 0.5356192661975715, -0.01439153004327138], [0.05358678857840915, 0.7750153102566388, 0.41864466529800487, 0.2769008572904129, 0.40844283117719543, -0.7073066676253182, 0.4717859137035121, 0.14732109788963105, -0.3545265150292459, -0.3657128615604617, -0.30180867896054053, -0.6702285768665722, -0.22214412487811253, 0.0132462194254339]], "inverted": true, "swapped": false, "error_lsq": 0.04158176527444205, "error_max": 0.244951179185726, "target": "267.xyz", "model": "1.xyz", "model_rescale": 4.316132596720782, "target_rescale": 4.053564536719371},
{"mapping": [9, 8, 3, 7, 4, 11, 2, 10, 6, 5, 0, 13], "R": [[-0.15136128056163717, -0.9882445777798174, 0.021503888846718472], [-0.969919685831147, 0.15268003993997903, 0.1895906338433833], [-0.19064513050154414, 0.00783963600666987, -0.9816277167660521]], "T": [-0.16561414369675412, 0.05022589226444617, -0.09776575454664549], "aligned_model": [[-0.22614281478227527, 0.40609029380024375, 0.23894280863117404, -0.5029026616975317, -0.5219165988694231, -0.45751021649665646, 0.003738908596212648, -0.17827881672481805, 0.42885000557986164, 0.20698724888071754, 0.34287072622074044, -0.1429203285064647], [-0.6312656354305449, -0.2610336890484361, -0.580665846100923, 0.5859592940784649, -0.43392857408265345, -0.1867520982417259, 0.48424879758571315, 0.5721328074638458, 0.03112187775890704, -0.050460199170483236, 0.415088840795037, 0.06833085213377924], [0.1257239830854918, 0.08273516899836006, -0.501342146800883, -0.12022783170298018, -0.4683350935490455, 0.5206505587100673, -0.6234268748092285, 0.5491381650691067, -0.648658817994611, 0.6644684643199393, -0.12505165379443664, -0.00641546032235947]], "inverted": false, "swapped": true, "error_lsq": 0.03949851545860936, "error_max": 0.20830898230652767, "target": "267.xyz", "model": "2.xyz", "model_rescale": 3.795458400668931, "target_rescale": 4.053564536719371},
{"mapping": [12, 7, 10, 6, 9, 8, 0, 4, 2, 3, 5, 13], "R": [[-0.7780307185441051, 0.03228936814656873, -0.6273958859495647], [-0.5033476763975002, 0.5655384746892334, 0.653304944349431], [0.37591131622628937, 0.8240895766546688, -0.4237535273978825]], "T": [0.040262504693537475, -0.07162502240810395, -0.019417603395881146], "aligned_model": [[0.06322075644499581, -0.26135489244683796, -0.7876850098312372, 0.4306140599367209, 0.3103652745916809, 0.060304252794035694, -0.20940845458926965, 0.6594808460415296, 0.15181046907382895, 0.7236566140539122, -0.5048894752119999, -0.04281061511379441], [-0.2547448711873691, -0.6160102563101008, -0.09215194275289215, -0.07766666330959462, 0.49685835928987565, 0.511329107459692, -0.10290581724364789, -0.10091145276662364, -0.579718761066676, 0.34029820050047377, 0.5856152716104256, -0.024222128933853913], [-0.6361853384742793, -0.13752784832108744, -0.09092607858233262, 0.6910927184115699, -0.3685783451709172, 0.3212756384164369, 0.5542654784607028, -0.3576328789079275, 0.45257154520685905, 0.2769881443885289, 0.009130704676161581, -0.025702309464615047]], "inverted": true, "swapped": true, "error_lsq": 0.05007059896546942, "error_max": 0.26608823038044294, "target": "267.xyz", "model": "3.xyz", "model_rescale": 3.7530521520055578, "target_rescale": 4.053564536719371},
{"mapping": [0, 10, 7, 12, 2, 9, 6, 8, 3, 4, 13], "R": [[-0.02799166102614864, -0.8840540106773608, -0.46654578887636555], [-0.7698353157466095, -0.27865075251165783, 0.574201484458204], [-0.6376284604237137, 0.3752362780035532, -0.6727761010378748]], "T": [-0.012534532757324336, -0.01605832444069851, -0.0782308597555309], "aligned_model": [[-0.3697630005856575, -0.19433723954060492, 0.395591904424813, 0.4727126371838338, 0.16558121080807683, -0.19576349443864802, -0.2807828080411208, -0.6521685102289626, -0.3032831956572058, 0.3707786251320904, -0.07036652661140963], [-0.5296785655161627, -0.16414872553713242, -0.32467380696348286, 0.34860977443017305, -0.6576674973265079, 0.6561190025542051, -0.4716999692149905, 0.08152842023579371, 0.1641871557651829, 0.366296776216492, -0.0016692063292244805], [-0.10998655489533517, -0.8757576067674754, -0.4516845547764834, -0.29274137489211394, 0.14535000521976896, 0.10245359958030673, 0.5363171935772647, 0.11581623849818248, 0.7012185609811625, 0.37515001968786443, -0.1533047489678255]], "inverted": true, "swapped": true, "error_lsq": 0.046172392548745035, "error_max": 0.25947326955424027, "target": "267.xyz", "model": "4.xyz", "model_rescale": 3.7855080009869324, "target_rescale": 4.053564536719371},
{"mapping": [6, 5, 7, 0, 3, 12, 4, 8, 1, 2, 13, 14, 9, 16], "R": [[-0.08678193591117225, 0.6201941526110452, 0.7796333168012877], [-0.8611079234306053, -0.4402276252907251, 0.25434775826792766], [0.5009611160604588, -0.6492756356109143, 0.5722579044430081]], "T": [-0.045961470108774195, -0.013937907957599985, -0.03530711086234142], "aligned_model": [[-0.5562694911805538, 0.32809563752870397, -0.32381168951377565, 0.5317127254152957, 0.5665864028521485, -0.043322982600214534, -0.04520070678061141, -0.6405515408898624, 0.2817133761583237, 0.634378490227682, -0.6234136376171816, 0.15100525814683222, 0.3499736603477058, -0.01890080748376909], [-0.38434044857075284, -0.010834400273412995, -0.07915047523919544, -0.44150659365821454, 0.24270523114094084, -0.29362588227124303, -0.6052472150800671, 0.3492481895449291, -0.6798154263845478, 0.02702173756295112, -0.024394991284648962, 0.2800595010664143, 0.5714423691061581, 0.014702475865428388], [0.1334078843339607, 0.6824497373009079, 0.6574526227546209, 0.2679278247146485, 0.1680054757719754, -0.6556561564956453, 0.4089377635198562, 0.06403261066456917, -0.1847737110336623, -0.3203431320717872, -0.4726939905507149, -0.6119066512543867, -0.12179018980967388, -0.0718338291456806]], "inverted": true, "swapped": false, "error_lsq": 0.034809642928672536, "error_max": 0.19655449968913338, "target": "267.xyz", "model": "5.xyz", "model_rescale": 4.2253639853439635, "target_rescale": 4.053564536719371},
{"mapping": [9, 4, 0, 10, 2, 11, 1, 7, 8, 5, 12, 11, 6, 13], "R": [[0.9660067993489385, 0.1996821579901242, -0.1641886092030358], [-0.25631372145232656, 0.8225367315542473, -0.5076776550522148], [0.03367699224811053, 0.5325038601028762, 0.8457573524177354]], "T": [0.05386000731015562, -0.09252347430172589, 0.0807019866744626], "aligned_model": [[-0.3735257928795868, 0.265203504893458, -0.6092177759362364, 0.7406041697360584, 0.6253485033480579, 0.018773453373478487, 0.08150464659317325, -0.4745793898962716, 0.19292965882677815, 0.567592005427185, -0.6427057209450642, 0.018773453373478487, 0.12575557329576217, 0.0555384054004521], [-0.527208049738972, 0.02962480443069032, -0.055606667479816685, -0.44046022436941046, 0.23381727773284397, 0.017817337447097875, -0.5995981297925917, 0.4990213374679805, -0.7451118460009928, -0.07224365167420493, 0.16035134942950754, 0.017817337447097875, 0.48532513662445864, -0.03728193999894878], [0.049283438673354996, 0.7450249775745899, 0.5301768492260011, 0.20653897533607316, 0.21137036270738258, -0.688809304866245, 0.6106235371288655, 0.06594545675166222, -0.2365564643534585, -0.28863448506311945, -0.4869196075343948, -0.688809304866245, -0.1925011951616894, 0.10648302314620986]], "inverted": true, "swapped": false, "error_lsq": 0.04996524961638985, "error_max": 0.42003154662180725, "target": "267.xyz", "model": "6.xyz", "model_rescale": 3.89814844738969, "target_rescale": 4.053564536719371},
{"mapping": [4, 12, 7, 3, 2, 11, 9, 6, 8, 5, 10, 0, 13], "R": [[-0.5947434164797837, 0.30981178301127565, 0.7418200102864096], [-0.6170456101247195, 0.41555436196945456, -0.6682583985809474], [-0.5153008670473662, -0.855179063913245, -0.05598022029877037]], "T": [0.022857931899663744, 0.08306676231338671, -0.08785417919674732], "aligned_model": [[-0.04916338637239985, 0.02403708001912698, 0.5138648311404131, -0.29349644421319204, 0.6427966242025478, -0.4786497652168264, -0.6230875294417835, 0.22659190873440682, -0.4401806347346859, -0.595515063430214, 0.028397188528471742, 0.2168165069257097, -0.023779515237351945], [-0.3457912793626371, 0.324882741576934, 0.4642196018753382, -0.7023061793207419, -0.14916649832710682, 0.5334652899913128, -0.08799444903449742, -0.5522834062099968, -0.13290542276076328, 0.49776650550907287, 0.8691740892653477, 0.08852151566744805, 0.15619875660077537], [-0.6442464254212541, -0.6844998371518567, -0.20997340330337505, -0.0002535578365863572, 0.14692163399159236, -0.3513533590832225, -0.3553137240159457, 0.37264379641323375, 0.35402858274009663, 0.33120363639729905, 0.1823984626747565, 0.5077771424132906, -0.04705791698173288]], "inverted": false, "swapped": true, "error_lsq": 0.050548959891239025, "error_max": 0.3398292978247001, "target": "267.xyz", "model": "7.xyz", "model_rescale": 3.7474275329858107, "target_rescale": 4.053564536719371},
{"mapping": [11, 5, 9, 6, 3, 12, 7, 4, 10, 0, 13, 1, 2, 14], "R": [[-0.6849220619257852, -0.27177513084848137, -0.6760325786081778], [0.6939454769917869, -0.5261257407508577, -0.4915601487936172], [-0.22208431743365564, -0.8058101408965095, 0.5489522499984631]], "T": [0.012452671298205986, -0.060426697147959535, -0.04038644132629783], "aligned_model": [[-0.3974795631204225, 0.2277443479807263, -0.39502390043031005, 0.682995133842367, 0.5684589765831196, -0.26091850746548495, 0.06923139562156333, -0.4646749794765497, 0.23802504241189648, 0.6303598900755956, -0.7543931045397712, 0.3257235071732615, 0.1331215485679389, -0.011175092613206889], [-0.5186248396535268, -0.06787135172804756, -0.24055312464900705, -0.3754903660307545, 0.26209600684113843, -0.32681525009769774, -0.5686915573836883, 0.5586172155083329, -0.7739105103695398, -0.13335540838495485, 0.13273068451537126, 0.2743675561612837, 0.7583003669638809, -0.014535350168051506], [0.05175465145464046, 0.6427061842313934, 0.5775599590163888, 0.30319148123723055, 0.27737232075524176, -0.5251007450950749, 0.40941422590062476, -0.003512535717080996, -0.1641657342197505, -0.2573779381344993, -0.4678786759703741, -0.6358492960797266, -0.19438161137755167, -0.07051602730247443]], "inverted": false, "swapped": false, "error_lsq": 0.041492137168014795, "error_max": 0.28642503476372666, "target": "267.xyz", "model": "8.xyz", "model_rescale": 4.019505241142653, "target_rescale": 4.053564536719371},
{"mapping": [6, 8, 0, 2, 1, 7, 10, 3, 4, 9, 5, 12, 13], "R": [[0.3825993438052648, -0.8580540474543996, -0.34257990858616233], [0.42461195714433025, -0.16601329847816998, 0.8900248707639913], [-0.8205622633108605, -0.4859864569877648, 0.3008234293645314]], "T": [0.10677237742607297, -0.00014766438114573177, 0.04825647818979767], "aligned_model": [[-0.22797221118742378, -0.5635138918822296, -0.07731652979418054, 0.3552277500852728, 0.2883188085448406, 0.6803155364857444, 0.24662386891116395, -0.46405115738575836, 0.2062025930473303, -0.289642646797924, -0.43755611022136026, 0.5272303802451731, 0.07583438169052747], [-0.602588558094944, 0.020847899431316805, 0.01124050246613835, -0.4062697368381852, -0.7685861456075447, 0.16230982316515685, 0.7598538772991895, -0.6034110521423122, -0.4419780380622076, 0.03774674453305897, 0.6571482926896325, 0.14772706672352487, 0.08933755255123474], [-0.37864724102073205, -0.03288893258853115, -0.5504153336883961, -0.4681839753768731, 0.004431842659781471, -0.16606612103985421, -0.2581274643773566, 0.23479975652308654, 0.5900850257663861, 0.6478073330076723, 0.00777174620187146, 0.5128105989768766, 0.03332625899994762]], "inverted": true, "swapped": true, "error_lsq": 0.04345104291308617, "error_max": 0.2893585234997747, "target": "267.xyz", "model": "9.xyz", "model_rescale": 3.877068213659057, "target_rescale": 4.053564536719371},
{"mapping": [4, 14, 2, 6, 10, 5, 13, 8, 3, 12, 1, 0, 11, 15], "R": [[0.8345927293161114, 0.4600269482313045, 0.3030349535510336], [-0.2884646868644277, 0.8336203142216233, -0.4710257913843465], [-0.46930065054812353, 0.3056998178246677, 0.8284349828303205]], "T": [0.009388110570862057, -0.08826836510485855, 0.07118070407619877], "aligned_model": [[-0.4817226959697891, 0.2468260104258237, -0.4159151844113895, 0.563375152353418, 0.5525026432912903, -0.06365559410803401, 0.12303707389514972, -0.4042361947954979, 0.10582937882612907, 0.5339247140394517, -0.5551280002391794, 0.04321468864456168, 0.3260165490200021, 0.017926153638787117], [-0.5500927359864076, -0.0007282357405515028, -0.12549513903923695, -0.3554419709358433, 0.2578729884817885, -0.33461595982713777, -0.5995937331666591, 0.5618806380575554, -0.6638403096393101, -0.03948399398892111, -0.039389053398235535, 0.34639054919478796, 0.5492280315620904, -0.040427004049180676], [0.011021698899719615, 0.8097479089410853, 0.5792029796992108, 0.11613842876429005, 0.36854167519539743, -0.6670421091881026, 0.6397480062273604, 0.03188511265408596, -0.17817318334160565, -0.458608548806481, -0.585963864284848, -0.5949224609586677, -0.12375531739140815, -0.004604067711048515]], "inverted": false, "swapped": false, "error_lsq": 0.03802667692699811, "error_max": 0.23112406192049648, "target": "267.xyz", "model": "10.xyz", "model_rescale": 4.260839863003843, "target_rescale": 4.053564536719371},
{"mapping": [6, 0, 7, 2, 12, 4, 3, 8, 5, 11, 9, 13], "R": [[-0.11004451923487796, 0.9559565316565813, 0.2720979848684738], [-0.9936300563166415, -0.09912149426054889, -0.05361194418918194], [-0.024279929377009214, -0.2762644366520519, 0.9607749195679349]], "T": [-0.10957705037733867, -0.057626387801879404, -0.038540079340041056], "aligned_model": [[0.31300044447059866, 0.2418228742725153, -0.5889997026892718, -0.21089692655984038, -0.6417743401892644, -0.3792732277847682, 0.35917232384772013, 0.5554363972794087, 0.44656483247668877, -0.1590902495406934, 0.0952952319271213, -0.07235900841608417], [-0.05373038687251552, -0.5191436960357965, -0.47158416709494577, -0.379964533365146, 0.1526557827003405, 0.5742144158605004, 0.5317981168868873, 0.04959601929518636, -0.23915782600300423, 0.08770897487594495, 0.5429536480921988, -0.10226784280671614], [-0.7303845976570413, -0.2750696157616155, -0.046980726086765914, -0.6543390356767405, 0.2564342464238764, -0.20200197879581805, -0.4352986898773582, 0.012150591058238902, 0.5841340202100167, 0.6687269828552014, 0.30112601198958044, 0.03768086871393048]], "inverted": true, "swapped": true, "error_lsq": 0.04845856798985108, "error_max": 0.2452058461254532, "target": "267.xyz", "model": "11.xyz", "model_rescale": 3.890672605050136, "target_rescale": 4.053564536719371},
{"mapping": [12, 7, 5, 3, 8, 2, 7, 9, 4, 0, 11, 1, 6, 13], "R": [[-0.558734198962916, 0.6698882108939803, 0.488943636643868], [0.7852338504344638, 0.23758737813855524, 0.5718041954035609], [0.26687805275281634, 0.7034216535297371, -0.6587670926088792]], "T": [-0.014569552655870184, 0.03871273556087919, -0.11371816982053821], "aligned_model": [[-0.45088743210542676, 0.08863396650719518, -0.2662184235593546, 0.739871867079892, 0.4971936391753122, -0.189883920934987, 0.08863396650719518, -0.6497663784967552, 0.15279414380125028, 0.5414086056042087, -0.3960425304770167, 0.3987690316909175, 0.04872824524003604, -0.011240085421743824], [-0.4210445503560882, -0.4235913715971633, 0.12889916560494818, -0.4232448332166844, 0.28693746190506214, -0.36478810996671407, -0.4235913715971633, 0.40799213354572106, -0.6135793571811196, -0.03260179813167442, 0.09903969862487949, 0.2500380748397169, 0.6028057087340615, -0.10700677968304294], [0.27792208968297455, 0.59521632391888, 0.6167005015207463, 0.1517559434904306, 0.3286323321077956, -0.6723021595661266, 0.59521632391888, 0.14314392291994088, -0.30752596811465766, -0.2994520239483197, -0.5056380450692858, -0.7380506982531964, -0.21296961988413088, -0.029432664024943198]], "inverted": true, "swapped": false, "error_lsq": 0.056464661135447895, "error_max": 0.47931281807957876, "target": "267.xyz", "model": "12.xyz", "model_rescale": 4.124412569039231, "target_rescale": 4.053564536719371},
{"mapping": [5, 8, 3, 10, 9, 11, 0, 12, 6, 7, 4, 1, 13], "R": [[0.9319019674396762, 0.2196916189243199, 0.28860754608372957], [-0.06219560223300417, -0.6871233135619105, 0.7238737866662768], [0.3573379774736161, -0.6925295261099789, -0.6266677152374722]], "T": [0.06822443186345153, 0.09574371364692032, -0.1107264566278036], "aligned_model": [[-0.33084711841934666, 0.037981480561428374, 0.6257402703607448, -0.6500784539068267, 0.5427227394162517, 0.08023603118740444, -0.39579528240813955, 0.31254167453960596, 0.127575322180443, -0.2396986480704388, 0.7586911065522342, 0.4947107914976896, 0.003518394018706933], [-0.1879564542341134, 0.3423074889584802, 0.6062672052732687, -0.32030325540699617, -0.16737327869791357, -0.567145216237037, 0.5067485565192723, -0.4261139719012588, 0.9003779111964515, -0.07626246667735052, 0.06095785791518234, 0.626902860764107, 0.049078139036385124], [0.5894353844271228, 0.5174460856040927, 0.2805617644085401, -0.06625413798772738, 0.3622036541065948, 0.17950553664887942, -0.020243981274878878, -0.3978432278892191, -0.03149871241604023, -0.6369161732498981, -0.25468595523702203, -0.512418814335183, -0.057593341837422214]], "inverted": false, "swapped": true, "error_lsq": 0.0524295834069279, "error_max": 0.2750915209304243, "target": "267.xyz", "model": "13.xyz", "model_rescale": 3.9028299243045295, "target_rescale": 4.053564536719371},
{"mapping": [12, 0, 5, 2, 3, 11, 8, 10, 1, 6, 14, 9, 7, 15], "R": [[0.7417081169702515, 0.22728631186119286, 0.6310388273798853], [0.47796023263645704, 0.4809501865474328, -0.73501083942898], [-0.47055614461884115, 0.8467749704027194, 0.24809083872832954]], "T": [0.0307087307078407, -0.08964198470197429, 0.08231871185581344], "aligned_model": [[-0.39116083260671364, 0.39953892010619424, -0.3395765306471932, 0.5195556630971654, 0.5498132160489229, -0.1602746278700693, -0.0802465342879553, -0.4220995638812566, 0.30675810807888465, 0.5529275935839156, -0.6045472701518781, 0.07629848706829767, 0.1417186359380604, 0.04328943013434847], [-0.6385169923043112, -0.040055486017283065, -0.10211974033093334, -0.591098980410133, 0.21198421613930538, -0.37810185972933796, -0.5693509733085522, 0.49915020202391736, -0.49678404252512354, 0.005561710758797897, 0.0657626184379336, 0.260416847108236, 0.7537590289511286, -0.014342477268904558], [0.011589746507746718, 0.8230763508858113, 0.43563862990863267, 0.3097375494763572, 0.2503711248196785, -0.5705005170149555, 0.6773610422638193, 0.021977919262157516, -0.34221731929748744, -0.32095784074335376, -0.513793589206325, -0.6077724740394475, -0.22909658472877434, -0.002197779394872784]], "inverted": true, "swapped": false, "error_lsq": 0.04124112840398643, "error_max": 0.2166697021525269, "target": "267.xyz", "model": "14.xyz", "model_rescale": 3.942246331269136, "target_rescale": 4.053564536719371},
{"mapping": [8, 2, 0, 9, 5, 11, 7, 12, 6, 10, 13, 4, 3, 14], "R": [[0.8162744368096463, 0.31174633624376824, -0.4863232110949283], [0.18454497351555654, -0.9384924857739022, -0.2918475747647468], [-0.5473930914445645, 0.14847921061384087, -0.8235986446408551]], "T": [0.06633234971227214, -0.019551773620367634, -0.04804781739918488], "aligned_model": [[-0.49039100356131543, 0.22700863983197073, -0.2852004566278184, 0.7244831972160211, 0.41183911349858315, -0.15030146261014066, 0.11620490636590422, -0.5409149505137401, 0.11189261956280039, 0.6019148021638456, -0.5055405910851187, 0.18182333584137955, 0.16887051510486284, 0.02030602942348879], [-0.5436458867946506, -0.06731179577835222, -0.12644980196366745, -0.42900048519544814, 0.3192437825952016, -0.42295620997799055, -0.6616296267460072, 0.5275069171192882, -0.5747107977608591, -0.1661311745162361, 0.19302709725012215, 0.22627149831896182, 0.6893126213822556, 0.002737933592121246], [0.07122244185963131, 0.6966333416993421, 0.5889097796755599, 0.16955622817893648, 0.36258852470366354, -0.5998137793270626, 0.5142939530104468, -0.04071546326280017, -0.09816876177321993, -0.49600588675627116, -0.5853572345402653, -0.5675636766552555, -0.107588766636943, 0.03522555852322482]], "inverted": false, "swapped": false, "error_lsq": 0.039596775036499214, "error_max": 0.2117431920292157, "target": "267.xyz", "model": "15.xyz", "model_rescale": 4.355366556412066, "target_rescale": 4.053564536719371},
{"mapping": [9, 8, 3, 7, 4, 11, 2, 10, 6, 5, 0, 13], "R": [[-0.15136128056163717, -0.9882445777798174, 0.021503888846718472], [-0.969919685831147, 0.15268003993997903, 0.1895906338433833], [-0.19064513050154414, 0.00783963600666987, -0.9816277167660521]], "T": [-0.16561414369675412, 0.05022589226444617, -0.09776575454664549], "aligned_model": [[-0.22614281478227527, 0.40609029380024375, 0.23894280863117404, -0.5029026616975317, -0.5219165988694231, -0.45751021649665646, 0.003738908596212648, -0.17827881672481805, 0.42885000557986164, 0.20698724888071754, 0.34287072622074044, -0.1429203285064647], [-0.6312656354305449, -0.2610336890484361, -0.580665846100923, 0.5859592940784649, -0.43392857408265345, -0.1867520982417259, 0.48424879758571315, 0.5721328074638458, 0.03112187775890704, -0.050460199170483236, 0.415088840795037, 0.06833085213377924], [0.1257239830854918, 0.08273516899836006, -0.501342146800883, -0.12022783170298018, -0.4683350935490455, 0.5206505587100673, -0.6234268748092285, 0.5491381650691067, -0.648658817994611, 0.6644684643199393, -0.12505165379443664, -0.00641546032235947]], "inverted": false, "swapped": true, "error_lsq": 0.03949851545860936, "error_max": 0.20830898230652767, "target": "267.xyz", "model": "16.xyz", "model_rescale": 3.795458400668931, "target_rescale": 4.053564536719371},
{"mapping": [4, 12, 7, 3, 2, 11, 9, 6, 8, 5, 10, 0, 13], "R": [[-0.5947434164797837, 0.30981178301127565, 0.7418200102864096], [-0.6170456101247195, 0.41555436196945456, -0.6682583985809474], [-0.5153008670473662, -0.855179063913245, -0.05598022029877037]], "T": [0.022857931899663744, 0.08306676231338671, -0.08785417919674732], "aligned_model": [[-0.04916338637239985, 0.02403708001912698, 0.5138648311404131, -0.29349644421319204, 0.6427966242025478, -0.4786497652168264, -0.6230875294417835, 0.22659190873440682, -0.4401806347346859, -0.595515063430214, 0.028397188528471742, 0.2168165069257097, -0.023779515237351945], [-0.3457912793626371, 0.324882741576934, 0.4642196018753382, -0.7023061793207419, -0.14916649832710682, 0.5334652899913128, -0.08799444903449742, -0.5522834062099968, -0.13290542276076328, 0.49776650550907287, 0.8691740892653477, 0.08852151566744805, 0.15619875660077537], [-0.6442464254212541, -0.6844998371518567, -0.20997340330337505, -0.0002535578365863572, 0.14692163399159236, -0.3513533590832225, -0.3553137240159457, 0.37264379641323375, 0.35402858274009663, 0.33120363639729905, 0.1823984626747565, 0.5077771424132906, -0.04705791698173288]], "inverted": false, "swapped": true, "error_lsq": 0.050548959891239025, "error_max": 0.3398292978247001, "target": "267.xyz", "model": "17.xyz", "model_rescale": 3.7474275329858107, "target_rescale": 4.053564536719371},
{"mapping": [1, 10, 3, 12, 5, 2, 11, 8, 7, 9, 0, 6, 4, 13], "R": [[0.11641499186335598, -0.21227834064434, -0.9702502026604997], [0.025266820190743847, 0.9772092435237469, -0.21076926286628112], [0.9928792159507137, 2.1564610968041742e-05, 0.11912540479706321]], "T": [0.03292346541005719, -0.12262326924726144, 0.02812766970407167], "aligned_model": [[-0.5222801340700419, 0.1701160334606936, -0.46973985228283766, 0.7317615844373864, 0.5294858062296222, -0.16349507766835245, -0.02492569629887898, -0.26847996457361184, 0.30604341290961, 0.5665981858901248, -0.5808681517500203, 0.18696656707271553, 0.1441694217664694, -0.013357440512155518], [-0.5293978484974192, 0.029692278334438355, -0.13854124187270228, -0.3085354744942371, 0.3334413842508218, -0.3267258314013032, -0.6557313424760437, 0.47021648355350454, -0.8108784150707466, -0.03206697546811865, 0.23072293460026186, 0.1641546336318104, 0.6491366998963656, -0.10922321346189247], [-0.04116750768855437, 0.6872312607275276, 0.4838308499680478, 0.21865026324103454, 0.2901406659080028, -0.6227138039796458, 0.5120552661003955, 0.3011687858604235, -0.11018223797297054, -0.3652106277366715, -0.4163368414905014, -0.671177677559026, -0.25689287208613176, -0.06617926459294297]], "inverted": true, "swapped": false, "error_lsq": 0.04459033845195597, "error_max": 0.27485657078401504, "target": "267.xyz", "model": "18.xyz", "model_rescale": 3.922800546911778, "target_rescale": 4.053564536719371},
{"mapping": [2, 11, 10, 7, 13, 0, 9, 6, 3, 12, 1, 5, 8, 14], "R": [[-0.16370388895685817, 0.4148273236298967, 0.8950526958288312], [-0.5005774291937906, -0.8167411442361725, 0.2869775961525986], [0.8500725110966338, -0.4010638289372969, 0.34135689680452974]], "T": [0.03128496730674633, 0.03860086051069918, -0.007160748898347633], "aligned_model": [[-0.4569095140736663, 0.24569003970572947, -0.44207787188934655, 0.6164564874694654, 0.5595865697808877, -0.1411097967811257, -0.08585367554816606, -0.465104556463824, 0.2632710424173961, 0.7374205535066541, -0.6043608078212311, 0.16960922117228064, 0.10454670133713934, 0.09083030179853024], [-0.4776852415192843, -0.0621214042537193, -0.06751831013681553, -0.4346077013266701, 0.33597462825768665, -0.4656505632393288, -0.6674159219281837, 0.4909986334805569, -0.5030770858911314, -0.030919877808081267, 0.12992079674030443, 0.13184010026099013, 0.6166619598401935, -0.0301359409517776], [0.08363447117507854, 0.6645007008507936, 0.6372513795975426, 0.26090448206776806, 0.31576339993447117, -0.6509411327545467, 0.3808624813079642, 0.15000625659533515, -0.2559914281196947, -0.3465034155529222, -0.37539727851595545, -0.7519470035708182, -0.1938924756896341, 0.024965821373605625]], "inverted": false, "swapped": false, "error_lsq": 0.034788981218907084, "error_max": 0.21939506541257447, "target": "267.xyz", "model": "19.xyz", "model_rescale": 3.9282355846067225, "target_rescale": 4.053564536719371},
{"mapping": [2, 3, 1, 6, 4, 12, 5, 0, 7, 8, 10, 9, 11, 13], "R": [[0.2631061247453258, -0.9344805088582697, 0.23983608086667457], [0.8659642348286025, 0.11915866642725326, -0.4857027447039921], [0.425301200467633, 0.33548083518923644, 0.8405780737691904]], "T": [0.13915663405376463, -0.1296260242256221, -0.028905355297373172], "aligned_model": [[-0.5592222884932799, 0.18751637506442329, -0.40232776672455917, 0.5920000654429881, 0.4494260832354837, -0.08088729921671611, 0.044658798573482344, -0.19644056400424584, 0.08732792360431793, 0.8138917527417117, -0.6308495841547428, 0.27673906550613453, 0.009722199156241479, 0.0004399338794843499], [-0.5494524163114145, 0.042814111839092256, -0.06608202562647464, -0.4917980022559334, 0.3738263442170533, -0.31151694932502894, -0.5802404750342154, 0.5018556456843474, -0.6940603265874388, 0.11474903561003233, 0.061286483814561504, 0.09969064178703113, 0.5448007213313933, -0.07960871761826593], [0.09245728891464518, 0.7020397890636257, 0.48515456364436227, 0.2721068355426481, 0.1938869842337367, -0.8297116390295273, 0.4961726656296156, 0.329985170378866, -0.28741160177915415, -0.2811650010349901, -0.3648773588713375, -0.6668001479413325, -0.23325423164878806, 0.03463294159661752]], "inverted": true, "swapped": false, "error_lsq": 0.04731369401956037, "error_max": 0.35344966041157766, "target": "267.xyz", "model": "20.xyz", "model_rescale": 4.067790424073018, "target_rescale": 4.053564536719371},
{"mapping": [5, 2, 4, 3, 0, 10, 6, 8, 11, 12, 1, 9, 7, 14], "R": [[-0.6943984538780328, 0.6891584881036926, 0.20705401596305784], [-0.28246253156912227, -0.5256905296920331, 0.8024116058804684], [0.6618351044719223, 0.49870837697670783, 0.5597001422385897]], "T": [0.0008213767620096069, -0.129603290274873, 0.025469897689740697], "aligned_model": [[-0.5832437593566699, 0.28721682742169924, -0.39868151649490585, 0.75939371109185, 0.4005023577335286, -0.06197313533184623, -0.020397633383541162, -0.33378887984026107, 0.28617342208135144, 0.6321156071789176, -0.49422931767116646, 0.14055614587998833, -0.03255791106876656, 0.010908776370545166], [-0.1673363457611386, -0.07209940878817273, -0.07516524165579985, -0.4165652879323261, 0.3972442229287925, -0.34658550511923997, -0.695159621788384, 0.3072350891121861, -0.6594059166063715, -0.14710199014232522, 0.22428488688865972, 0.18202716518564244, 0.580189620933663, -0.14529759573044648], [0.10234807503692202, 0.7098622420320256, 0.7182226904507513, 0.2823080610156775, 0.28459311317171293, -0.7620974894244008, 0.5021801788761173, 0.17505633823868824, -0.2109949862644373, -0.40832182311986637, -0.5249781646048965, -0.6726780472316113, -0.2020027458320851, -0.05028118364561002]], "inverted": true, "swapped": false, "error_lsq": 0.044656105708279915, "error_max": 0.3210542453848613, "target": "267.xyz", "model": "21.xyz", "model_rescale": 4.186013935880536, "target_rescale": 4.053564536719371},
{"mapping": [5, 10, 11, 3, 1, 9, 8, 0, 12, 7, 2, 4, 13], "R": [[0.9162884048119682, 0.2718046822763493, -0.29417303394395494], [-0.27724736137289246, 0.9605013147531192, 0.023898221048812382], [0.2890492342472251, 0.059661034605359736, 0.9554533484848492]], "T": [-0.039403832516133136, 0.008458446902739232, 0.04210395170849274], "aligned_model": [[-0.014020174890577192, -0.4302682004322209, 0.3671911771129148, 0.31605485685647505, -0.05851540875707095, 0.6269913678321642, 0.026168222739959696, -0.5823684041126428, 0.30849943868659147, -0.38626991494091456, -0.562463930894651, 0.5020982367833461, -0.054523230560148635], [-0.34354131277112804, 0.2630767216896558, 0.19641436707324006, -0.6382989483491522, -0.027995847847261758, -0.21469191384175315, -0.6340152376007239, -0.3003340087994247, 0.5486929221393301, 0.5385143572136731, 0.01781751218707356, 0.11445786676930692, -0.001139818316742815], [-0.7359849444244329, -0.6459559899595102, -0.5263621352483181, 0.4662720898754003, 0.8318401334861176, -0.11334198301695664, -0.15597922401187436, -0.005467549588545964, 0.0024501369304681525, 0.04384174119247462, 0.5108218769059722, 0.48280595282367406, -0.052060543629123185]], "inverted": false, "swapped": true, "error_lsq": 0.05409706089948481, "error_max": 0.4047184448653248, "target": "267.xyz", "model": "22.xyz", "model_rescale": 4.166573947596378, "target_rescale": 4.053564536719371},
{"mapping": [7, 4, 0, 3, 2, 14, 8, 5, 9, 11, 13, 12, 6, 15], "R": [[-0.754226511586162, 0.5071639870714761, 0.41704563232137193], [-0.09107607157125013, -0.7098101410089798, 0.6984802881312836], [0.6502672669047073, 0.48882947327117676, 0.5815481301265668]], "T": [0.07735510020443784, -0.10735800094612624, -0.03013549370268511], "aligned_model": [[-0.5943817291067496, 0.26485133783028714, -0.32748273553902707, 0.6027890366708623, 0.5013028329298119, -0.15103700355549537, 0.01195124858060323, -0.6111589876779252, 0.28022592373887334, 0.785956564730717, -0.6488792473999012, 0.30297287282893043, 0.1262901650893553, 0.04859441549038064], [-0.2225055688468025, -0.15765443572869775, -0.002062039269648319, -0.28063185309837374, 0.3326810515463768, -0.27794443060908, -0.7402041661345751, 0.3538416445346356, -0.6332294704133751, -0.1626483809333262, 0.016377233131749047, 0.14922104552897675, 0.6438648965858528, -0.05284145476897327], [0.1864293173902711, 0.6785033020804045, 0.671131110409608, 0.20507080422698956, 0.2517211921992227, -0.768183649431838, 0.4691712332900805, 0.035478673954026575, -0.2369005604835861, -0.3720715488043479, -0.44737212093372986, -0.5892823159373345, -0.14138813239152973, 0.0009089531307507684]], "inverted": true, "swapped": false, "error_lsq": 0.045038855493640194, "error_max": 0.29189060582364174, "target": "267.xyz", "model": "23.xyz", "model_rescale": 4.274766983524099, "target_rescale": 4.053564536719371},
{"mapping": [2, 8, 3, 4, 9, 12, 7, 11, 10, 5, 13], "R": [[0.895248768712841, 0.4088133824327495, 0.17720400803039557], [-0.44361500858392605, 0.7806219557447682, 0.44026706255214715], [0.04165772770117521, -0.4727589031981391, 0.8802065968678416]], "T": [-0.017946731213256156, -0.0064194236115389935, -0.0805112457116044], "aligned_model": [[0.22850421474621221, 0.10955587775632677, -0.42625386980820534, -0.7092533441925163, -0.5003883347196386, -0.3862443823536279, 0.2074476984201253, -0.1461971511053324, 0.5992051625032985, 0.36413720115360604, 0.03938163155782651], [-0.3429579359424818, 0.6494620065538835, 0.5361724382484918, -0.07409941878614425, 0.4591761122973268, -0.35750936645547404, -0.5875287394079475, 0.15193183943441183, -0.12463981202507782, 0.5764947582508466, 0.0290846490756477], [-0.6456481432629235, -0.17986771748641575, -0.5937791773176564, -0.20776377794142303, 0.18123859921335428, 0.31389348495537, 0.03257138464970054, 0.6139506532372377, 0.46371240604887054, 0.4136480569237373, -0.012389334998274465]], "inverted": true, "swapped": true, "error_lsq": 0.06107321186124546, "error_max": 0.34240560459085556, "target": "267.xyz", "model": "24.xyz", "model_rescale": 3.7841303162186577, "target_rescale": 4.053564536719371},
{"mapping": [6, 13, 11, 5, 12, 1, 3, 7, 4, 2, 0, 8, 9, 15], "R": [[0.8226703224107084, 0.2465780312134341, -0.5122624475281865], [0.4155641079535013, -0.8757064515857271, 0.2458550036748195], [-0.38796908743541925, -0.41513550218457773, -0.8228866884453088]], "T": [-0.025682249039691525, 0.08707425625986308, -0.021883982262576734], "aligned_model": [[-0.3829335511603807, 0.1500779217873977, -0.46392626359763023, 0.6859401612708248, 0.6396274553638067, -0.18462567297165364, 0.13203080238867881, -0.6704645531413715, 0.16895480076124345, 0.6313601898164739, -0.540916265642806, 0.09302597878129201, 0.38453317110948054, -0.05068948015463288], [-0.5188706579121244, 0.10754378941378177, 0.03538189854236842, -0.4039316217298052, 0.13869992814994164, -0.236251703388345, -0.5270628077769409, 0.16923879001801356, -0.6039721396669321, -0.03438522976791415, 0.1790000378339062, 0.13275285565295758, 0.5001649741703463, 0.027955957985484586], [0.14312729118625125, 0.7401457795147004, 0.6063656918483089, 0.12591831260164218, 0.3384903975933773, -0.6724481263787074, 0.47507089256868795, -0.004267801919107611, -0.22504805482396878, -0.37164941040411315, -0.539004382332634, -0.5991877202064338, -0.07862969905392034, 0.004333088504904235]], "inverted": true, "swapped": false, "error_lsq": 0.04559185271550902, "error_max": 0.3426862356222933, "target": "267.xyz", "model": "25.xyz", "model_rescale": 4.19342608120988, "target_rescale": 4.053564536719371},
{"mapping": [9, 8, 3, 7, 4, 11, 2, 10, 6, 5, 0, 13], "R": [[-0.15136128056163717, -0.9882445777798174, 0.021503888846718472], [-0.969919685831147, 0.15268003993997903, 0.1895906338433833], [-0.19064513050154414, 0.00783963600666987, -0.9816277167660521]], "T": [-0.16561414369675412, 0.05022589226444617, -0.09776575454664549], "aligned_model": [[-0.22614281478227527, 0.40609029380024375, 0.23894280863117404, -0.5029026616975317, -0.5219165988694231, -0.45751021649665646, 0.003738908596212648, -0.17827881672481805, 0.42885000557986164, 0.20698724888071754, 0.34287072622074044, -0.1429203285064647], [-0.6312656354305449, -0.2610336890484361, -0.580665846100923, 0.5859592940784649, -0.43392857408265345, -0.1867520982417259, 0.48424879758571315, 0.5721328074638458, 0.03112187775890704, -0.050460199170483236, 0.415088840795037, 0.06833085213377924], [0.1257239830854918, 0.08273516899836006, -0.501342146800883, -0.12022783170298018, -0.4683350935490455, 0.5206505587100673, -0.6234268748092285, 0.5491381650691067, -0.648658817994611, 0.6644684643199393, -0.12505165379443664, -0.00641546032235947]], "inverted": false, "swapped": true, "error_lsq": 0.03949851545860936, "error_max": 0.20830898230652767, "target": "267.xyz", "model": "26.xyz", "model_rescale": 3.795458400668931, "target_rescale": 4.053564536719371},
{"mapping": [10, 0, 5, 11, 9, 1, 2, 12, 6, 8, 4, 3, 13], "R": [[-0.29065568265495584, -0.8123305080238259, -0.5056069816311228], [0.9465094139231871, -0.32149473979832094, -0.02758734559168849], [-0.14013994254018708, -0.486580186624736, 0.8623227461276146]], "T": [-0.17366634871210854, -0.18064733825762944, -0.08580183187098687], "aligned_model": [[0.20091640354388487, 0.2591284540599359, 0.547240074524275, -0.09510178731066579, -0.14465105034206152, -0.6273848863995891, -0.29185760304310115, -0.6514904707391501, 0.021626982567263503, 0.38335450226882506, -0.7036257777132221, -0.0947238774485274, -0.1037545811466102], [-0.791171700578896, -0.4427660324799988, -0.13678795131767665, -0.09737230757561569, 0.43664127543417286, 0.0052381168855908655, -0.4912841871517457, -0.22448534781637225, 0.027157713342020634, 0.19326443578162014, 0.28594357934919123, 0.5660505478979757, -0.20854663851335203], [-0.507678197663882, 0.283533792292017, -0.5422454475389492, -0.8004300574254234, -0.45479365432409175, 0.5346524298484142, 0.5329966228208232, -0.5150159237891991, 0.6730877060645116, -0.006891559911455861, -0.07509944549079085, 0.31516571125567894, -0.14514531403822717]], "inverted": false, "swapped": true, "error_lsq": 0.05119764808930141, "error_max": 0.28811424178833883, "target": "267.xyz", "model": "27.xyz", "model_rescale": 3.6321398670334006, "target_rescale": 4.053564536719371},
