[{"mapping": [9, 12, 1, 8, 0, 3, 10, 11, 7, 4, 5, 6, 13], "R": [[-0.8312447542128069, -0.5545522253595495, -0.03878128340400683], [-0.42987110580752697, 0.5969845397283092, 0.6773627475121385], [-0.3524811923855009, 0.5797251837501546, -0.7346262453386384]], "T": [0.1872128614422639, -0.09091715636946192, 0.06888420822842095], "aligned_model": [[-0.011007403158916601, -0.21615119071224764, 0.18909165746230158, 0.05966025648504178, 0.4370707332048128, 0.6776822698433564, -0.7407360133431414, -0.36972568277786433, 0.005515866378333595, 0.6056100926435599, 0.10243890093019793, 0.6924493245939622, 0.10956101274306587], [0.2233961504263297, -0.331359245435975, -0.6635449136356772, 0.5616738787579185, -0.3756170224369963, -0.2151069704759373, 0.21101748490107752, 0.14142040364002972, 0.6221954911841994, 0.7683237929775533, -0.3350130800386317, 0.2555966735207669, 0.05044997812757822], [-0.5625103147417734, -0.26964917448062503, -0.0027958807555592546, 0.47929181715240404, -0.6033727848627961, 0.20009760423894193, -0.18246272894598786, 0.41945596552509895, -0.10389031639605845, 0.061605849937574786, 0.7799621337111287, 0.5262796237983864, 0.045962909550295326]], "inverted": false, "swapped": false, "error_lsq": 0.043138402263764426, "error_max": 0.3633056328209606, "target": "268.xyz", "model": "0.xyz", "model_rescale": 3.8414455957264533, "target_rescale": 4.122143178734244},
{"mapping": [8, 10, 3, 7, 12, 1, 6, 2, 9, 13, 4, 0, 14], "R": [[0.7119774337607531, -0.6896474596392672, 0.1321912070773174], [-0.10476255251828209, -0.2904672004531911, -0.9511328051595845], [0.6943435327021539, 0.6633364055092946, -0.27905532017989176]], "T": [0.10932894376997661, 0.07676577219991129, 0.06748117550966869], "aligned_model": [[0.03456831614785044, -0.09588626556031603, 0.1413776455433657, 0.10174117881236075, 0.4384179755904319, 0.676679840059096, -0.6419095156909209, -0.48965456540937324, -0.09859426638510325, 0.5709217561603711, 0.10163428548242182, 0.653354350665296, 0.14880908887698172], [0.3880946572215541, -0.3614808378785326, -0.6455649877667802, 0.5269568722021618, -0.0802462570484537, -0.5576020465467065, 0.0834745928254601, 0.07242329717738144, 0.7256630678264702, 0.6165556707024002, -0.089719892804034, 0.23753340704806555, -0.0026549214467507937], [-0.6548674739729047, -0.41646915977760707, 0.36845963979015206, 0.5259846121781777, -0.6028449955994853, 0.22300712893009705, -0.14611410191067664, 0.49853178304931844, 0.03269729417382096, -0.1978600042260229, 0.585207503244914, 0.518820841110732, 0.05342163674051512]], "inverted": true, "swapped": false, "error_lsq": 0.04696053180164709, "error_max": 0.3307596857359756, "target": "268.xyz", "model": "1.xyz", "model_rescale": 4.316132596720782, "target_rescale": 4.122143178734244},
{"mapping": [3, 7, 10, 9, 11, 8, 5, 0, 2, 6, 1, 12], "R": [[0.6577573460716029, 0.753153226149431, -0.01074670319427018], [-0.28456865050526803, 0.26168413442463057, 0.922248392213314], [0.6974065936298942, -0.6035574800556578, 0.38644845895722213]], "T": [0.08946722397916335, 0.10435074091473173, -0.004197436386400799], "aligned_model": [[-0.3991908441234314, 0.3704409452777443, 0.2566612983927008, -0.665565327159769, -0.5172921831514217, -0.35995020125324695, -0.20213260092281543, -0.15079411785183353, 0.506605630435051, 0.34247092464460827, 0.5026535558011407, -0.08609852545694635], [-0.551314528502531, -0.4447203908835389, -0.422865192862662, 0.30653099915139637, -0.27611452166247824, -0.06527083327990946, 0.17627416880365487, 0.6491616653273709, 0.188331754430204, -0.05194558926046322, 0.412612460292641, 0.09209643618729568], [0.03869697995313745, 0.1349071696442633, -0.48268787996334384, -0.0017862040043189753, -0.5687388387754135, 0.500101641685685, -0.7160697966106266, 0.4302711365731247, -0.5859072411338248, 0.7096493836669013, 0.03357969777389952, -0.0427575876000626]], "inverted": true, "swapped": true, "error_lsq": 0.050400661778206436, "error_max": 0.236612485026547, "target": "268.xyz", "model": "2.xyz", "model_rescale": 3.795458400668931, "target_rescale": 4.122143178734244},
{"mapping": [0, 1, 6, 10, 9, 3, 7, 4, 2, 11, 8, 12], "R": [[0.9414815687147603, -0.3170379265550358, 0.11445264914399286], [0.2638690289581025, 0.9045214414488728, 0.3349837272405358], [-0.20972742149538368, -0.28518049562502923, 0.9352467554543885]], "T": [0.00873388931346638, -0.11352178589834543, 0.053712202331693354], "aligned_model": [[-0.1541111145711259, -0.10604964517624127, -0.76244052425489, 0.24288203333070427, 0.3425351082791913, -0.005059704981678077, -0.35663504555482267, 0.5585192250015278, 0.3901210235895983, 0.6491846982595295, -0.3123570281555013, 0.10671479997727282], [-0.06437653969895933, -0.6014987013602093, -0.08939920415020206, -0.11898410062760705, 0.4345906732246732, 0.6209195125395366, -0.06198832768649451, -0.3397069067863449, -0.6433292651009378, 0.45075296765881984, 0.46606543919578897, 0.03272349808164572], [-0.6634862681861272, -0.07229817220178075, 0.0015123672346244316, 0.7465385974071913, -0.3925010902904813, 0.41555374209762563, 0.5671567225785182, -0.5020278561753044, 0.35914868754680984, 0.3747021601171221, -0.16086722796340952, 0.015339768474311927]], "inverted": false, "swapped": true, "error_lsq": 0.05221026386164857, "error_max": 0.28230076097202816, "target": "268.xyz", "model": "3.xyz", "model_rescale": 3.7530521520055578, "target_rescale": 4.122143178734244},
{"mapping": [3, 9, 5, 4, 10, 0, 7, 8, 6, 1, 12], "R": [[-0.31172709761007455, 0.9452193995205295, 0.09688396867206128], [0.1317664109833635, -0.05797560012008396, 0.9895839745707686], [0.9409908764446988, 0.3212461930681296, -0.10647560230903408]], "T": [0.03959914596775622, -0.0407070426923143, 0.1081972568052808], "aligned_model": [[-0.5186858783659394, -0.258106653159731, 0.45692846820299, 0.478613316282595, 0.2589714629467584, -0.1762101103092863, -0.15625142004431525, -0.6383337122671385, -0.43462722952039395, 0.3513811155035033, -0.02547975682383715], [-0.598534190837185, 0.10994966028846324, -0.35085753996752056, 0.39786765215611203, -0.7323867358772234, 0.6413178668029029, -0.4329514079647093, 0.055718989611630784, 0.19664113745542605, 0.2570056586907884, -0.07656773204433898], [-0.11013800922420686, -0.5986482985704569, -0.46329955023391045, -0.4182905703849573, 0.1994035752329134, -0.06949850667956653, 0.5637873631051871, -0.01898025967753819, 0.6710399382436939, 0.3933892889718148, -0.055934193537656524]], "inverted": true, "swapped": true, "error_lsq": 0.03110638887443344, "error_max": 0.17105223276193615, "target": "268.xyz", "model": "4.xyz", "model_rescale": 3.7855080009869324, "target_rescale": 4.122143178734244},
{"mapping": [8, 10, 3, 12, 7, 0, 15, 14, 13, 6, 2, 1, 16], "R": [[0.9847387266546055, 0.12066665519610228, 0.12541610163950775], [0.1167016808860244, 0.0767869717372687, -0.9901941620964024], [-0.1291137401868713, 0.9897188081951384, 0.06153310328394165]], "T": [0.16519789804202903, 0.0729996738213673, 0.04184567731879263], "aligned_model": [[-0.1539495481220892, -0.11391221261669923, 0.09447554883644027, 0.10658039269957692, 0.5348570993477424, 0.7347808431080389, -0.6182151320478838, -0.3538280842819258, -0.08893618681679247, 0.5247903295388981, 0.05015469871886208, 0.6997785267000631, 0.12488354922823094], [0.3140421532955024, -0.3677529082043502, -0.5894717377146232, 0.5252424502438258, -0.08432659290002992, -0.3554093618962502, 0.14074260556356613, 0.13656704921451635, 0.7452514121068105, 0.49669880045522896, -0.2834606100057896, 0.17286170099706938, 0.06244766035675929], [-0.5372512961316845, -0.4668772154627492, 0.23817851619093644, 0.5469255940164245, -0.5905861313099626, 0.3588864477662939, -0.20512198487642078, 0.4711108832127126, -0.04959340710667498, -0.3005713219187376, 0.6786241442302016, 0.5684907817119791, 0.07575969340871194]], "inverted": true, "swapped": false, "error_lsq": 0.03856067480415441, "error_max": 0.2132879467209494, "target": "268.xyz", "model": "5.xyz", "model_rescale": 4.2253639853439635, "target_rescale": 4.122143178734244},
{"mapping": [1, 4, 3, 11, 0, 7, 10, 5, 8, 9, 6, 12, 13], "R": [[0.9932590901252268, 0.11395903398642573, -0.02120656635306947], [-0.11299707488369395, 0.9927041308732613, 0.04207338368722101], [0.025846488181865922, -0.03939349083343488, 0.9988894392917672]], "T": [0.055295574861391444, 0.0844294133258665, 0.03383317208214419], "aligned_model": [[-0.08843757025621984, -0.18532011441738375, 0.1739698990955581, 0.16507717683018586, 0.6802044453329618, 0.6661014935467501, -0.6834588477736763, -0.41992036806926003, -0.15555873891319155, 0.41373832852452963, 0.09196934254749695, 0.8231272284495017, 0.05996754939520966], [0.20309130407567688, -0.40588675267735097, -0.6083712651683861, 0.42760806618271363, -0.1434002381112358, -0.35139866255200264, 0.24423495987237787, 0.23248223810876822, 0.7886172859827064, 0.49539122815416486, -0.24460265599499242, 0.2513499023459708, 0.024317211293825032], [-0.676072399551539, -0.41628399003826533, 0.12845398027890986, 0.7235651496688829, -0.41410120130149575, 0.29143991501105354, -0.15908278039259938, 0.42497436795522026, -0.040495651158742554, -0.2404396967634661, 0.5852956823629867, 0.5377338235626411, 0.042987504097444736]], "inverted": false, "swapped": false, "error_lsq": 0.04004832224853071, "error_max": 0.2193718478547646, "target": "268.xyz", "model": "6.xyz", "model_rescale": 3.89814844738969, "target_rescale": 4.122143178734244},
{"mapping": [7, 8, 9, 1, 11, 10, 3, 6, 0, 4, 5, 2, 12], "R": [[0.7170840856508517, 0.6470633647476536, 0.259035549891762], [0.6404657402793938, -0.4651289051426809, -0.6111127041136842], [-0.2749437208496501, 0.6041225898790877, -0.7479584525648022]], "T": [0.12548921295924542, 0.12799480990789217, -0.02506364795357468], "aligned_model": [[-0.008230670258765005, -0.23836593083514446, 0.15711135887683367, 0.022845232904830315, 0.42416681123312006, 0.7310345801136842, -0.6325034709226228, -0.44121704551204777, -0.14412066223792086, 0.6610115649001144, 0.09257793613367406, 0.6296968848464773, 0.287453235050229], [0.45328374375482117, -0.3421905676187794, -0.7101474454752076, 0.4517092196717194, -0.3709486628267282, -0.1817329764439549, 0.31179256060333077, -0.07462766464311196, 0.6228475106460836, 0.3951791443723841, -0.17387278972088002, 0.42536893895303773, 0.10677161023952064], [-0.5796633070725159, -0.3478978428728848, 0.28228546732660914, 0.7491907070898352, -0.5882576398674418, 0.2511376730633732, -0.23493840749071207, 0.2834229813256763, 0.1578070911945879, -0.2644882297591205, 0.689337782739913, 0.37354781137200105, 0.01649061668171018]], "inverted": false, "swapped": false, "error_lsq": 0.048905412671437706, "error_max": 0.2874661456233994, "target": "268.xyz", "model": "7.xyz", "model_rescale": 3.7474275329858107, "target_rescale": 4.122143178734244},
{"mapping": [8, 4, 13, 0, 9, 11, 2, 1, 3, 5, 12, 10, 14], "R": [[0.5876381708968917, -0.12025064538769525, -0.8001382145534597], [0.7007324515015909, 0.5700592074082428, 0.42895982499723306], [0.40454346060408164, -0.8127559795737764, 0.4192520794814797]], "T": [0.18089577992661332, 0.09511783950413068, 0.12628140941030114], "aligned_model": [[0.001731496207193317, -0.2551094125195841, -0.05698277111670019, 0.035597489433750684, 0.6985091261924663, 0.6906629634514964, -0.6202526797462176, -0.4436569338397095, -0.04277416524060054, 0.4734872964930496, 0.22873815859667682, 0.7004842029781551, 0.1310250534024856], [0.15090114997832715, -0.31699331526310043, -0.7716113693036648, 0.582462612863564, -0.051646293718741035, -0.26027816226393047, 0.1683476305102452, 0.16707813001624738, 0.7378451574167232, 0.5532867808590461, -0.3481940091695238, 0.23927834097513073, 0.06295596861191238], [-0.52946144992434, -0.3760030857932632, 0.1087856314763239, 0.5453240281092299, -0.41304887256467177, 0.14391819251412827, -0.12148468819568162, 0.5380549447017109, -0.09956784877398667, -0.3400799200682015, 0.5526947422554325, 0.6596752415219072, 0.11916778847244264]], "inverted": true, "swapped": false, "error_lsq": 0.04430592503184897, "error_max": 0.24115175009087314, "target": "268.xyz", "model": "8.xyz", "model_rescale": 4.019505241142653, "target_rescale": 4.122143178734244},
{"mapping": [2, 5, 11, 7, 6, 9, 3, 4, 0, 1, 8, 9, 12], "R": [[-0.6241515712847227, 0.6355590923887166, 0.4544221122974132], [-0.7776925646380782, -0.4495239760707987, -0.43945701706099627], [-0.07502726817271525, -0.627688485651546, 0.7748406765335752]], "T": [0.19881149948802151, 0.06538552815897022, -0.058948109382631196], "aligned_model": [[-0.03324143597198306, -0.27840315743895844, 0.3225873714819485, 0.00515593105319892, 0.3547389478436417, 0.6941639189833864, -0.6090073591038603, -0.5095267373127668, -0.10479424064115367, 0.651544689945168, 0.17508096698905956, 0.6941639189833864, 0.17899700948139485], [0.3095205825246391, -0.3912555105617799, -0.514551685575975, 0.49570515493859757, -0.3385611003920005, -0.03500407604449454, 0.17518476830942967, 0.19260007251454891, 0.6184468565110554, 0.5606832373551162, -0.15588336239804215, -0.03500407604449454, 0.03155176037563545], [-0.5452830480729591, -0.17840459565297426, 0.12973651010311524, 0.7136491529074471, -0.642536654591074, 0.40136479430181105, -0.33067154655259234, 0.3529597361768747, 0.09787280667493037, -0.13652477916227457, 0.578714710048678, 0.40136479430181105, -0.0542671767517624]], "inverted": false, "swapped": false, "error_lsq": 0.05772155909103681, "error_max": 0.2982863598416579, "target": "268.xyz", "model": "9.xyz", "model_rescale": 3.877068213659057, "target_rescale": 4.122143178734244},
{"mapping": [3, 4, 7, 10, 5, 0, 13, 9, 6, 12, 8, 11, 15], "R": [[-0.48022313510416575, -0.16749391589077672, 0.8610061141770711], [-0.7543754477861567, -0.4219831770210657, -0.5028398175250679], [0.44755270559808, -0.8909971865560415, 0.07629278642871068]], "T": [0.010235800950220489, 0.07050936036229284, 0.05625525728788845], "aligned_model": [[0.018387398845887207, -0.23071449542609718, -0.09225876603493637, 0.004918282860709625, 0.549350739132092, 0.7854656926528457, -0.6776208186317393, -0.24168378224451242, -0.01813455724974676, 0.6140240877824444, 0.21976867632294966, 0.5111590199035437, 0.09879834637902152], [0.17598791008713, -0.3729622566713346, -0.7388056347629284, 0.6220548952088452, -0.11689186437286904, -0.06869292727316136, 0.34285274808416055, 0.017899913230344427, 0.6473016111082632, 0.47602234594485193, -0.4075173475767143, 0.2767685297063725, 0.05941469879927542], [-0.5694996226195058, -0.3947065585088765, 0.08437414454888419, 0.5023270300465741, -0.4778152498920603, 0.172045471734457, -0.16806782673407927, 0.6640496909372234, -0.160101848858064, -0.11460766707447033, 0.6245064134179303, 0.5574422084734071, 0.06802851825961087]], "inverted": true, "swapped": false, "error_lsq": 0.0471571109992926, "error_max": 0.286366660032283, "target": "268.xyz", "model": "10.xyz", "model_rescale": 4.260839863003843, "target_rescale": 4.122143178734244},
{"mapping": [6, 0, 9, 8, 11, 3, 7, 1, 4, 5, 10, 12], "R": [[0.5749867737692105, 0.6988420783479189, 0.42545265250182185], [0.2804435987788095, 0.32016074120604954, -0.9049024741343031], [-0.7685971622992533, 0.6396224271558605, -0.011897595756327449]], "T": [0.17877000049445, 0.041555769850463255, -0.04441923928792455], "aligned_model": [[0.444654160401999, 0.2492014401490296, -0.41716376288005974, -0.22308111653231996, -0.6049828825617569, -0.5247330431332992, 0.22560337223773372, 0.6829372631528597, 0.22907376148958405, -0.15629578540856928, 0.043500562735457826, 0.01018467944347165], [0.03355298513782517, -0.666450529378744, -0.4558862439620862, -0.1883700087067579, 0.28951851900214454, 0.35850986616237346, 0.5715924734476859, -0.047731142146266024, -0.5309384055746783, 0.102148656740075, 0.7184316780669596, -0.011299343255596998], [-0.7705447565533318, -0.23696504990767656, 0.04707511412264551, -0.5647219173305672, 0.350376508555161, -0.3185490487440932, -0.3859498519487781, 0.026422576847079847, 0.5317670045709045, 0.6491405027595377, 0.19725158647862878, -0.00912459145400634]], "inverted": true, "swapped": true, "error_lsq": 0.04166729191169103, "error_max": 0.26417730038009063, "target": "268.xyz", "model": "11.xyz", "model_rescale": 3.890672605050136, "target_rescale": 4.122143178734244},
{"mapping": [0, 4, 10, 5, 2, 11, 3, 7, 8, 6, 12, 9, 13], "R": [[-0.688301896680804, 0.6057995164363897, -0.39905819739863035], [-0.45076866450503483, -0.7881801828080498, -0.419022207679995], [-0.5683732137653527, -0.10853084959635115, 0.8155813537348308]], "T": [0.242878708586764, 0.1606102374289618, -0.029177248363530896], "aligned_model": [[-0.03877949545285905, -0.16632013475334592, 0.35391584706813956, 0.07992246658641436, 0.37742738144022536, 0.7056969900517055, -0.6289744193810831, -0.4656149635852578, -0.13022075548984738, 0.607759477154372, 0.017478864214389322, 0.7218989631148084, 0.10726960332480054], [0.2983087428258109, -0.345476439125235, -0.6922787402957029, 0.4011907916428167, -0.4614782663788259, -0.13203067407017038, 0.26864014772288874, 0.13191808281665846, 0.7769511819642128, 0.5919416730105875, -0.25210955485476283, 0.24582112792691993, 0.08203454832703733], [-0.5295794040901661, -0.28896490443784356, 0.215346063400821, 0.6923062524612196, -0.34614204409051463, -0.0832392419824074, -0.3142470954827977, 0.44429677102117476, -0.018609569655639292, -0.14263896591691058, 0.5487409378525298, 0.5783580311995854, 0.032347873451980154]], "inverted": false, "swapped": false, "error_lsq": 0.05060508553839346, "error_max": 0.3629226191153123, "target": "268.xyz", "model": "12.xyz", "model_rescale": 4.124412569039231, "target_rescale": 4.122143178734244},
{"mapping": [4, 10, 11, 3, 2, 8, 5, 7, 0, 1, 9, 6, 12], "R": [[0.27587662865125245, -0.9272896960437323, -0.2530334076266252], [0.6064735996633382, 0.37216021115306086, -0.7026283157871611], [0.7457089637890993, 0.04038064939586933, 0.6650470242614097]], "T": [0.05241370505311617, 0.1752370527805523, 0.14075927652700898], "aligned_model": [[-0.04616929702199292, -0.20584589238600004, 0.3292047746310113, 0.056362984286089324, 0.4593067173652372, 0.6281749848699626, -0.6345097557732722, -0.480723916745043, -0.06346602797259224, 0.7503711852060099, 0.10076254757473481, 0.6061212137933706, 0.041870306464947], [0.2817532253271778, -0.431986946379099, -0.7650989956245318, 0.6505488887955747, -0.237249290245181, -0.25043431046585296, 0.3479679278278722, -0.0808347086514708, 0.722834675876137, 0.44739004053246106, -0.1467791614866924, 0.28846996018689225, 0.08685131581894863], [-0.6320356202194717, -0.18968083525220064, -0.03159988687410281, 0.6725641632133721, -0.4969621414900954, 0.18765234716709997, -0.12765473734688887, 0.3487717851329778, -0.01245992608148258, -0.1780704681096315, 0.6908585577265067, 0.49880832097350375, 0.057783144891443636]], "inverted": true, "swapped": false, "error_lsq": 0.03886691033440955, "error_max": 0.26454334850458794, "target": "268.xyz", "model": "13.xyz", "model_rescale": 3.9028299243045295, "target_rescale": 4.122143178734244},
{"mapping": [4, 3, 6, 12, 7, 9, 0, 2, 5, 10, 1, 11, 15], "R": [[-0.19342627217423858, 0.5929283053630282, 0.781679155364978], [0.9459412332216407, -0.09871442371677563, 0.30895087933421894], [0.2603487286773255, 0.7991817610841686, -0.541781369397756]], "T": [0.07421848008076729, 0.170074034623618, 0.11178738401351263], "aligned_model": [[-0.06820366558567575, -0.19441616428628303, 0.17490627652312685, 0.12473496098152885, 0.5875478537920492, 0.7289049777959709, -0.6685644388371432, -0.5331132292015381, -0.029187852812451412, 0.5659395164824403, 0.11911641484082228, 0.5704054108846971, 0.1633897637149183], [0.309545657261162, -0.26128187312780604, -0.4856258707162865, 0.6043317184266715, -0.21749903012968666, -0.24389747931982267, 0.17372811156617074, -0.06539738254553501, 0.655690868133328, 0.4340644735267498, -0.19085266318684393, 0.09312620954456019, 0.10749988207957437], [-0.535998747966268, -0.2494008687465744, 0.17757388744741964, 0.6531824691189249, -0.5261060470547846, 0.08248496403769978, -0.25628406602060194, 0.4550819749297816, -0.013053534697991129, -0.3820466696692712, 0.6502247991368708, 0.6537599389025083, 0.07855660431331711]], "inverted": false, "swapped": false, "error_lsq": 0.038293959277675156, "error_max": 0.2046716164137994, "target": "268.xyz", "model": "14.xyz", "model_rescale": 3.942246331269136, "target_rescale": 4.122143178734244},
{"mapping": [11, 4, 3, 0, 10, 5, 13, 12, 8, 6, 1, 2, 14], "R": [[-0.34280215725340657, -0.6457084098176279, 0.6823102889984888], [0.7067481287147769, -0.6557569260936302, -0.26549940948784545], [0.6188648992636213, 0.39120774963058147, 0.6811480992327619]], "T": [0.21002313470750092, 0.07682493062615832, -0.01836475720367283], "aligned_model": [[-0.08690529332722005, -0.02481841665342388, 0.021820442305228782, 0.2604602788245868, 0.48516539164180317, 0.5675614308355279, -0.5805482273432887, -0.4681547904286051, -0.006403673527090148, 0.4142476091919207, 0.047748707846926114, 0.7071854634904289, 0.20410090143566742], [0.37109045289782666, -0.32146704055730096, -0.5740523630730379, 0.5103199270180058, -0.19009782640089706, -0.26636694792904725, 0.04595307970820316, -0.06705179761045506, 0.8192510527186647, 0.4977436793183196, -0.24888306517009878, 0.23331919606258966, 0.10367427452946285], [-0.6009043143871845, -0.37874917469115704, 0.22139851275232517, 0.5734592584165131, -0.6200702468523346, 0.3780759817280503, -0.20537731515467053, 0.41459072213890624, 0.009986895303043648, -0.3248107726116215, 0.7056675263597577, 0.5392974007056962, 0.07541023002370667]], "inverted": true, "swapped": false, "error_lsq": 0.04600872770874234, "error_max": 0.27857586321037564, "target": "268.xyz", "model": "15.xyz", "model_rescale": 4.355366556412066, "target_rescale": 4.122143178734244},
{"mapping": [3, 7, 10, 9, 11, 8, 5, 0, 2, 6, 1, 12], "R": [[0.6577573460716029, 0.753153226149431, -0.01074670319427018], [-0.28456865050526803, 0.26168413442463057, 0.922248392213314], [0.6974065936298942, -0.6035574800556578, 0.38644845895722213]], "T": [0.08946722397916335, 0.10435074091473173, -0.004197436386400799], "aligned_model": [[-0.3991908441234314, 0.3704409452777443, 0.2566612983927008, -0.665565327159769, -0.5172921831514217, -0.35995020125324695, -0.20213260092281543, -0.15079411785183353, 0.506605630435051, 0.34247092464460827, 0.5026535558011407, -0.08609852545694635], [-0.551314528502531, -0.4447203908835389, -0.422865192862662, 0.30653099915139637, -0.27611452166247824, -0.06527083327990946, 0.17627416880365487, 0.6491616653273709, 0.188331754430204, -0.05194558926046322, 0.412612460292641, 0.09209643618729568], [0.03869697995313745, 0.1349071696442633, -0.48268787996334384, -0.0017862040043189753, -0.5687388387754135, 0.500101641685685, -0.7160697966106266, 0.4302711365731247, -0.5859072411338248, 0.7096493836669013, 0.03357969777389952, -0.0427575876000626]], "inverted": true, "swapped": true, "error_lsq": 0.050400661778206436, "error_max": 0.236612485026547, "target": "268.xyz", "model": "16.xyz", "model_rescale": 3.795458400668931, "target_rescale": 4.122143178734244},
{"mapping": [7, 8, 9, 1, 11, 10, 3, 6, 0, 4, 5, 2, 12], "R": [[0.7170840856508517, 0.6470633647476536, 0.259035549891762], [0.6404657402793938, -0.4651289051426809, -0.6111127041136842], [-0.2749437208496501, 0.6041225898790877, -0.7479584525648022]], "T": [0.12548921295924542, 0.12799480990789217, -0.02506364795357468], "aligned_model": [[-0.008230670258765005, -0.23836593083514446, 0.15711135887683367, 0.022845232904830315, 0.42416681123312006, 0.7310345801136842, -0.6325034709226228, -0.44121704551204777, -0.14412066223792086, 0.6610115649001144, 0.09257793613367406, 0.6296968848464773, 0.287453235050229], [0.45328374375482117, -0.3421905676187794, -0.7101474454752076, 0.4517092196717194, -0.3709486628267282, -0.1817329764439549, 0.31179256060333077, -0.07462766464311196, 0.6228475106460836, 0.3951791443723841, -0.17387278972088002, 0.42536893895303773, 0.10677161023952064], [-0.5796633070725159, -0.3478978428728848, 0.28228546732660914, 0.7491907070898352, -0.5882576398674418, 0.2511376730633732, -0.23493840749071207, 0.2834229813256763, 0.1578070911945879, -0.2644882297591205, 0.689337782739913, 0.37354781137200105, 0.01649061668171018]], "inverted": false, "swapped": false, "error_lsq": 0.048905412671437706, "error_max": 0.2874661456233994, "target": "268.xyz", "model": "17.xyz", "model_rescale": 3.7474275329858107, "target_rescale": 4.122143178734244},
{"mapping": [12, 11, 1, 4, 7, 2, 10, 8, 5, 9, 0, 6, 13], "R": [[0.895471167017382, 0.35069008480394936, 0.2741310880960543], [-0.0855440522807486, -0.46879443280830085, 0.8791552734797944], [0.43682216537158053, -0.8107084828643046, -0.38979244688929165]], "T": [0.059336115675090166, -0.0030391725010043835, 0.025339279127814883], "aligned_model": [[0.1059436565751479, -0.23643590488076088, 0.11718664883688443, 0.11097864741404592, 0.4629974323513185, 0.6756364819633348, -0.5626406924876087, -0.4458500927297501, -0.20516207200016073, 0.520088575351786, 0.21539388109774713, 0.6521103893714554, 0.13121287342902216], [0.4066959124244116, -0.40093704263395413, -0.6881369088716026, 0.5857555025475338, -0.23610816693165126, -0.27187969059330175, 0.18698997622099184, 0.1441739699136249, 0.6652965865602412, 0.47063430732806555, -0.2347313599826258, 0.31353508435739613, -0.027855548826893905], [-0.5985051090219154, -0.49995383771841395, 0.10158115897383505, 0.6083313044340647, -0.5664002474297727, 0.2527845651957459, -0.20590332768847064, 0.5152062373487702, -0.05582696106372093, -0.07984993735643084, 0.8134427589400394, 0.40401884260943427, 0.09904925650786531]], "inverted": false, "swapped": false, "error_lsq": 0.04070996085782083, "error_max": 0.20958261085097682, "target": "268.xyz", "model": "18.xyz", "model_rescale": 3.922800546911778, "target_rescale": 4.122143178734244},
{"mapping": [9, 11, 13, 1, 7, 12, 10, 6, 2, 3, 8, 5, 14], "R": [[-0.5507347400454584, 0.7931377017414483, 0.2600458270831417], [0.0372043635586351, 0.334567991547614, -0.9416369227913659], [-0.8338507548951782, -0.5089173263980011, -0.21376639926015545]], "T": [0.11459647283033055, 0.06424647634818804, 0.1613424673324037], "aligned_model": [[-0.02239093575309177, -0.18414501238450076, 0.14531138075391098, -0.07012073054755076, 0.44987960206153105, 0.8323160431221699, -0.6119079998462388, -0.45321385086897953, -0.11341759109165021, 0.6005285682248952, 0.12064321361915598, 0.6965220378517726, 0.15145509915103816], [0.3797678447794752, -0.31616787633015464, -0.6149826298636175, 0.6204268019351558, -0.19895690662002785, -0.254236186967301, 0.18681507067696052, 0.0958075129547631, 0.6626338809997327, 0.30949253458763737, -0.2335380347521997, 0.2293921840211402, 0.046978426090671245], [-0.5765083996236704, -0.36142139719608407, 0.06378139658108853, 0.6135880025697069, -0.5143203342969862, 0.11593920584070326, -0.16693917718722956, 0.5516796410449709, -0.1597043569720234, -0.17462421727868355, 0.6958314530899727, 0.6267704985009084, 0.07390238865835719]], "inverted": false, "swapped": false, "error_lsq": 0.03641726938251226, "error_max": 0.21421567675417777, "target": "268.xyz", "model": "19.xyz", "model_rescale": 3.9282355846067225, "target_rescale": 4.122143178734244},
{"mapping": [11, 4, 3, 7, 0, 1, 8, 6, 9, 10, 5, 2, 13], "R": [[-0.1742521370894879, 0.9794133741396565, -0.10190993708230822], [-0.6313837204999488, -0.19054793985260446, -0.7516954703239676], [-0.7556393254770353, -0.06664026691349556, 0.6515890458090201]], "T": [0.016392514689247836, 0.1558966712801908, 0.11681286846440553], "aligned_model": [[0.11978351388574898, -0.2440734697755344, 0.09475674095628975, 0.015195052660541372, 0.4173816343056965, 0.6377890691349153, -0.6874210529369885, -0.38463141312589233, -0.2233666264861825, 0.7214674539406305, 0.19125930488848425, 0.7187264710327185, 0.1645931458120351], [0.23691567973125394, -0.21406168073089682, -0.5923435362220861, 0.5292504375105553, -0.2627409425821144, -0.2616492739066497, 0.23562730554799233, -0.13659160647940916, 0.7010022850700521, 0.5704874015134352, -0.24244672378071286, 0.24222717700273227, 0.10775609883808329], [-0.5875374654467173, -0.3243856510864244, 0.09808564069107045, 0.6155144903846823, -0.43468260967275874, 0.14878945501915397, -0.16051557780944703, 0.5416357383172472, -0.23503972748364682, -0.15377575922676223, 0.663104271971143, 0.5387017968667707, 0.0780801012067191]], "inverted": true, "swapped": false, "error_lsq": 0.039467343558208676, "error_max": 0.22610228493099924, "target": "268.xyz", "model": "20.xyz", "model_rescale": 4.067790424073018, "target_rescale": 4.122143178734244},
{"mapping": [13, 5, 4, 12, 6, 2, 1, 7, 10, 11, 0, 3, 14], "R": [[0.13082243050498715, 0.985636185244531, -0.10680263111635752], [-0.7632134181313213, 0.031367205877346385, -0.6453846734930675], [-0.6327643874785251, 0.16594399275676444, 0.7563542960854193]], "T": [0.09136834391262316, 0.030777364457796733, 0.06258479965541634], "aligned_model": [[-0.043475574755604374, -0.17536047349437772, 0.18933403472295982, 0.23522888146888177, 0.6888587608442249, 0.5714619410463327, -0.7010738319812151, -0.5002744016856185, -0.2133878653403115, 0.46988544157936674, 0.11442589172039573, 0.8379649805659528, 0.06787203960147485], [0.34532059029418927, -0.26671144735969327, -0.7428779677554335, 0.6692390350059594, -0.20334403776763915, -0.4500637999049835, 0.17932093764947316, -0.01592667791988235, 0.7436838019958224, 0.5200918397826434, -0.19055297266187277, 0.2208154032454247, 0.10443791690822814], [-0.548155064571433, -0.3719520407459089, -0.12270590464020804, 0.46093729164280345, -0.305856882826721, 0.3659391208450004, -0.08997766626234206, 0.5147369324772626, -0.2023206283604913, -0.12537371967973626, 0.7370766534835739, 0.423450456933174, 0.05217615543605682]], "inverted": true, "swapped": false, "error_lsq": 0.05177801503894525, "error_max": 0.3057325424597321, "target": "268.xyz", "model": "21.xyz", "model_rescale": 4.186013935880536, "target_rescale": 4.122143178734244},
{"mapping": [4, 11, 8, 0, 10, 9, 3, 5, 6, 7, 2, 1, 12], "R": [[0.8558469194933456, -0.467556198893792, 0.22117244690453663], [0.41318372272424414, 0.8752521554037226, 0.2514217089610064], [-0.3111354394303005, -0.12379364013198312, 0.942268471823921]], "T": [0.141481473242656, 0.041728184159737565, 0.07124927066906377], "aligned_model": [[0.040203334801602736, -0.173318365760028, 0.13736520634379887, 0.10461397157996541, 0.6565660653634279, 0.6171944632253961, -0.7040557214465298, -0.5063071263205896, -0.06599298141311102, 0.6192461828016763, 0.02457920862150842, 0.6854228928886913, 0.10594269360665337], [0.2645686005359628, -0.3838985631424973, -0.6963344351450029, 0.5367510189498551, -0.004323812933569392, -0.35182941875039, 0.32068302477801885, 0.02525999959298656, 0.5458731668029382, 0.5370025625843504, -0.23128971676916998, 0.30013705084779446, 0.050833144160958875], [-0.6126374423702022, -0.2732923263212897, 0.2784080431974298, 0.5960174303013713, -0.5836297327822317, 0.0059781086474790385, -0.172860753765328, 0.4939045738273475, -0.04120087898923505, -0.18324613647407445, 0.7505829803904436, 0.4865513601687386, 0.04339947790058171]], "inverted": true, "swapped": false, "error_lsq": 0.03520706400271657, "error_max": 0.2517242488442205, "target": "268.xyz", "model": "22.xyz", "model_rescale": 4.166573947596378, "target_rescale": 4.122143178734244},
{"mapping": [10, 9, 11, 1, 14, 12, 8, 4, 7, 13, 2, 6, 15], "R": [[-0.44225653331417825, -0.8958648897117011, -0.0428399127306196], [0.8955188019617116, -0.4437159345697672, 0.0340917107511336], [-0.049550318606301644, -0.023286665513122695, 0.9985001237532694]], "T": [0.0699213907714707, 0.03320724512845224, 0.08689594757427699], "aligned_model": [[0.13007292070431764, -0.14289079171920133, 0.19253571395712543, 0.1257695434479993, 0.5451963352665908, 0.6240495615125158, -0.7046785004730072, -0.5203592413509396, -0.07386840792835016, 0.5636855338920365, 0.08400231000702921, 0.632100802831111, 0.08584404414523486], [0.3849561665378279, -0.36149942831939524, -0.7407380865065697, 0.4572186867535257, -0.0925916034997766, -0.316163149559376, 0.12075750935001911, 0.12710735361613656, 0.6823444585992083, 0.5479119140115761, -0.12074711133864732, 0.14019781518189142, 0.08467809668581515], [-0.5715839100054043, -0.31231174674208423, 0.17671620596003168, 0.6571540839307761, -0.5329960914447917, 0.07065855443155322, -0.12853176638092167, 0.5142190786259002, -0.17641948973903887, -0.36927201896225176, 0.7418074095501495, 0.5885083064160236, 0.130026088091089]], "inverted": true, "swapped": false, "error_lsq": 0.039283328681325856, "error_max": 0.18169420516829007, "target": "268.xyz", "model": "23.xyz", "model_rescale": 4.274766983524099, "target_rescale": 4.122143178734244},
{"mapping": [0, 1, 6, 8, 7, 3, 9, 5, 4, 2, 12], "R": [[-0.45581224919786767, 0.5511366946552608, 0.6989159729793383], [0.6303217253422505, 0.7542822924360574, -0.1837192038927199], [-0.6284343370971622, 0.35680045841041186, -0.6912045405199322]], "T": [-0.0684404063599692, 0.20240267879399565, 0.04948469239913937], "aligned_model": [[0.24079408539828936, 0.2448558806776818, -0.45630643180434916, -0.46452340716718066, -0.5954073625695866, -0.7396530023968528, 0.03497996353318153, 0.237017973611623, 0.6871312181246655, 0.27495219615554767, -0.08394640960494473], [-0.15432069425052064, 0.5593010599133423, 0.413330543947408, -0.25814056599163876, 0.5501531565591025, -0.1831968253649569, -0.5718733979181515, -0.033924663800731336, -0.09130695772028474, 0.6508381534897821, 0.034726722380132496], [-0.5165805519482121, -0.15458472320864547, -0.5854059122601664, -0.29122520888496894, 0.08340907199352347, 0.31652449712622294, 0.07700937702982068, 0.7186709593387807, 0.12101654943091288, 0.49717956983567485, 0.11355280556863466]], "inverted": true, "swapped": true, "error_lsq": 0.046525081112883386, "error_max": 0.22594719966513221, "target": "268.xyz", "model": "24.xyz", "model_rescale": 3.7841303162186577, "target_rescale": 4.122143178734244},
{"mapping": [6, 7, 10, 2, 11, 14, 1, 8, 4, 3, 9, 12, 15], "R": [[-0.015116416344749676, -0.3859252783684706, -0.922406186814199], [0.09432801628760175, 0.9178469126723292, -0.3855635748370428], [0.9954264007449966, -0.09283708533820118, 0.02252900987104034]], "T": [0.0791992317693457, 0.01139501963210754, 0.05897150839286543], "aligned_model": [[0.037923890169763136, -0.13117736465221363, 0.13660155064351803, -0.017347340627883873, 0.4950550845821819, 0.6512307756440269, -0.6145625499845565, -0.4067609726122546, -0.11021262895304061, 0.5320690043409133, 0.21972997514179, 0.6607843716469128, 0.08812602895330521], [0.3364222717464304, -0.38429568629034805, -0.7627493608454446, 0.4803336304756901, -0.22697824249672383, -0.36463217371701995, 0.2748339391815604, 0.08959841860709078, 0.7232362491177228, 0.5683703762758441, -0.13220825856236787, 0.26447301423584374, 0.04702844378395781], [-0.5849850769464564, -0.41217190186024255, 0.11055209815387565, 0.6416964577005637, -0.5407531507183422, 0.4598236319807145, 0.01069190972560595, 0.38636224098164235, -0.05981213475906964, -0.30666397787140653, 0.608307395792471, 0.4747625137658505, 0.00016469778582462596]], "inverted": true, "swapped": false, "error_lsq": 0.04051371470316886, "error_max": 0.29385731008391286, "target": "268.xyz", "model": "25.xyz", "model_rescale": 4.19342608120988, "target_rescale": 4.122143178734244},
{"mapping": [3, 7, 10, 9, 11, 8, 5, 0, 2, 6, 1, 12], "R": [[0.6577573460716029, 0.753153226149431, -0.01074670319427018], [-0.28456865050526803, 0.26168413442463057, 0.922248392213314], [0.6974065936298942, -0.6035574800556578, 0.38644845895722213]], "T": [0.08946722397916335, 0.10435074091473173, -0.004197436386400799], "aligned_model": [[-0.3991908441234314, 0.3704409452777443, 0.2566612983927008, -0.665565327159769, -0.5172921831514217, -0.35995020125324695, -0.20213260092281543, -0.15079411785183353, 0.506605630435051, 0.34247092464460827, 0.5026535558011407, -0.08609852545694635], [-0.551314528502531, -0.4447203908835389, -0.422865192862662, 0.30653099915139637, -0.27611452166247824, -0.06527083327990946, 0.17627416880365487, 0.6491616653273709, 0.188331754430204, -0.05194558926046322, 0.412612460292641, 0.09209643618729568], [0.03869697995313745, 0.1349071696442633, -0.48268787996334384, -0.0017862040043189753, -0.5687388387754135, 0.500101641685685, -0.7160697966106266, 0.4302711365731247, -0.5859072411338248, 0.7096493836669013, 0.03357969777389952, -0.0427575876000626]], "inverted": true, "swapped": true, "error_lsq": 0.050400661778206436, "error_max": 0.236612485026547, "target": "268.xyz", "model": "26.xyz", "model_rescale": 3.795458400668931, "target_rescale": 4.122143178734244},
{"mapping": [0, 1, 8, 4, 6, 5, 2, 9, 3, 7, 11, 10, 12], "R": [[0.9642995085662301, 0.08627550121942865, -0.25036572382868927], [0.2529363328474604, -0.020099525145582914, 0.967274118652309], [0.07841982724162225, -0.9960685453211834, -0.04120417111331903]], "T": [0.029924846369126554, -0.0063472759399900575, 0.12229512969876016], "aligned_model": [[-0.07429471268220118, -0.22125041496764314, 0.28641571054839815, 0.04855257397902653, 0.4233847993355377, 0.7532114660684033, -0.7008780855011029, -0.37069368126350816, -0.03803809505303481, 0.6168276591356917, 0.09576648255132574, 0.5657746656290367, 0.15668145651253212], [0.41092347088893194, -0.38579599037230905, -0.6870606043311721, 0.4709472086002393, -0.4359877897450173, -0.16757615505390394, 0.2549559951614653, 0.10010825294838332, 0.7200418823862749, 0.49087651329895043, -0.2229646254417309, 0.29811070944398854, 0.06685375372813497], [-0.5892500898374928, -0.2562320579103929, 0.1622139379142066, 0.808375420501632, -0.4623288981900085, -0.010829556907064525, -0.2930151027549543, 0.23430542298453289, 0.009085641990505683, -0.1394713509877092, 0.8007613370908644, 0.4798657309012117, 0.04449426893569895]], "inverted": true, "swapped": false, "error_lsq": 0.048034338372954885, "error_max": 0.2724777340122627, "target": "268.xyz", "model": "27.xyz", "model_rescale": 3.6321398670334006, "target_rescale": 4.122143178734244},
{"mapping": [11, 1, 4, 8, 13, 6, 5, 3, 0, 9, 7, 12, 14], "R": [[0.7875658205750924, 0.27519700882613535, -0.551368011943955], [-0.4644654067442196, 0.8531136210038652, -0.2376321434393921], [0.4049839060997461, 0.44324232197616376, 0.7997026196089212]], "T": [0.12007915027618299, 0.18400217738470637, 0.061684533206149694], "aligned_model": [[0.1466373903793447, -0.2303186015985525, 0.1363950612694055, 0.16117156760319706, 0.49512613355547586, 0.7252777922705292, -0.696675391548459, -0.4701030260825102, -0.34117672086870304, 0.7039481452316986, 0.07350889090706825, 0.7193405092142192, 0.11832807395974851], [0.458304186527858, -0.33713020554247153, -0.6287230611823447, 0.46244298135581985, -0.10668396421896775, -0.3001794105063064, 0.08767661770173646, 0.09135257197140405, 0.5871993819731605, 0.41703066310186204, -0.09729113274852941, 0.13685051740981063, 0.1425834756692039], [-0.5184696739503323, -0.16833644647195936, 0.2219303755972149, 0.4950570608503297, -0.6026336581199048, 0.005025634379021454, -0.24751237255033381, 0.40030102614104585, -0.05700299674655791, -0.1649580991343578, 0.7825122994724314, 0.6292867491155834, 0.012774805148849946]], "inverted": false, "swapped": false, "error_lsq": 0.04888181555830333, "error_max": 0.2595702597567824, "target": "268.xyz", "model": "28.xyz", "model_rescale": 4.156811204709835, "target_rescale": 4.122143178734244},
