[{"mapping": [11, 7, 10, 12, 0, 6, 8, 5, 4, 9, 3, 2, 13], "R": [[-0.48589229405194134, -0.18906393178231806, -0.8533249722584901], [0.1455947595502981, 0.9451734304579992, -0.2923172118568267], [0.8618067327263306, -0.26627432481422053, -0.4317257687146997]], "T": [-0.23657045907752583, -0.01005454780762529, -0.22133573475201646], "aligned_model": [[-0.06419543083781643, 0.32456678595385835, 0.5848207260462569, 0.09918406036168353, -0.0463052779439454, -0.6582365336359908, -0.1354852669145994, -0.79789709850702, -0.04410021531492325, 0.457072448802909, -0.6525294188345039, -0.25664460129382904, -0.11057379506082277], [-0.6829992254193858, -0.21886024843645563, -0.5111090184697507, 0.048112675947947076, 0.7129873715961312, -0.12041562362459315, -0.5810189821352866, -0.49550085905758445, -0.0006005095015643933, 0.2180133308198761, 0.2451939388903546, 0.5939742060661449, -0.08589555341891844], [-0.2883741666895531, 0.24009644238668348, -0.5208183938027042, -0.6893157393786251, -0.4121811649141355, 0.40680791020400003, 0.3024586240196088, -0.36849395980993166, 0.7147572376800773, -0.1614380649329627, -0.03418162810720818, 0.2540636118164068, -0.15124404637223016]], "inverted": true, "swapped": false, "error_lsq": 0.04849882326588636, "error_max": 0.2537948717400157, "target": "27.xyz", "model": "0.xyz", "model_rescale": 3.8414455957264533, "target_rescale": 3.6321398670334006},
{"mapping": [9, 2, 7, 13, 11, 10, 6, 8, 5, 0, 12, 1, 14], "R": [[-0.6949627027107379, -0.5625645224697566, 0.4478258588998202], [-0.6874591065865343, 0.3372720247260623, -0.6431543812401707], [0.21077670320087827, -0.7548302719125389, -0.6211315818666863]], "T": [-0.014211284383122899, -0.07838850420634663, -0.007942241631708646], "aligned_model": [[0.06488868907112134, 0.3791594357624762, 0.5204871627332535, -0.15002757997061245, -0.3105101834910276, -0.5817341559867361, -0.25818709474731605, -0.6670970688445619, -0.10020795644374304, 0.4848218845210463, -0.6857030863749528, 0.04497360925111206, -0.04118727265880306], [-0.6288866717521129, -0.5273137218681221, -0.31423484038932026, -0.041716972828311605, 0.6150071880769254, -0.023173079363663418, -0.7044573697450209, -0.37464505074709303, -0.16974420652345584, 0.2999645896450226, 0.22949201329970975, 0.7626340623135268, -0.0010444368611699506], [-0.40316957080029314, 0.4260282102401797, -0.27520443217785606, -0.7529631361565612, -0.40502507737309346, 0.3705420347611438, 0.39022952198783195, -0.3400184506267123, 0.6390365007015611, -0.3730890644492254, -0.1992479934141392, 0.18616103535910192, 0.028857084047488296]], "inverted": false, "swapped": false, "error_lsq": 0.046370277118526634, "error_max": 0.2673023633984005, "target": "27.xyz", "model": "1.xyz", "model_rescale": 4.316132596720782, "target_rescale": 3.6321398670334006},
{"mapping": [1, 8, 6, 3, 0, 9, 7, 4, 5, 11, 10, 12], "R": [[0.5621908433577236, -0.2967270201531531, -0.7719420516824834], [0.6031291340259299, -0.491540017606783, 0.6281907821516132], [-0.5658415885509508, -0.8187438467568192, -0.09737458633536178]], "T": [-0.09630074547561707, -0.0895536017740027, 0.08548632752876453], "aligned_model": [[-0.1880810638311532, 0.5079998968386064, 0.22295824661875419, -0.6213484675524995, -0.684324906032153, -0.40276364024196243, -0.07455547806718238, -0.1139002002210045, 0.4641278038367048, 0.3321014079063256, 0.234636939281613, -0.07904198390426811], [-0.6711160840844498, -0.49539133840892846, -0.5688930164650423, 0.3860055088970389, -0.17164477694907207, -0.10333722198497297, 0.3837183935293498, 0.6357099146541277, -0.00550819144892023, 0.11549282347068124, 0.5322724237263716, -0.024532007195203306], [0.024538621397224736, 0.11495114261099586, -0.505694170429688, -0.12246794784806445, -0.49654616095712, 0.38592733015776637, -0.5746264358960423, 0.5008732237683463, -0.41021184474869044, 0.6202780161379136, -0.021747395372027897, -0.06601591761119324]], "inverted": true, "swapped": true, "error_lsq": 0.041214383916069665, "error_max": 0.20983665286468386, "target": "27.xyz", "model": "2.xyz", "model_rescale": 3.795458400668931, "target_rescale": 3.6321398670334006},
{"mapping": [3, 9, 4, 8, 7, 5, 11, 0, 1, 6, 10, 12], "R": [[-0.11935274360779763, 0.9617016560457974, -0.24674855086111935], [0.9873078887126616, 0.08873557429028844, -0.13171609902027673], [-0.1047762161897345, -0.2593374685889869, -0.9600864658492059]], "T": [0.03159978316142454, -0.1562001597706221, 0.10652925746919766], "aligned_model": [[-0.07140093321338004, -0.11816747516697906, -0.7620567568866397, 0.19717573194418686, 0.15624981713630792, 0.22693047219677298, -0.5533892437164963, 0.589284324180743, 0.49579816042305563, 0.7266389299132825, -0.3824864877818694, 0.08872728671458077], [-0.13548320350543241, -0.5416796833941036, -0.08397434851449534, 0.016144595281301993, 0.4877970854233008, 0.5431045100323654, -0.12070526425825734, -0.20542333342286118, -0.4491826388543114, 0.1858332634478488, 0.41045372032232363, -0.02111565726796974], [-0.6242499287404538, -0.009011191358108087, -0.1459700717653864, 0.7947396909101276, -0.37298926755576384, 0.30572606616086606, 0.5165323581383557, -0.5081562100477982, 0.3279661650724089, 0.3913461838618715, -0.016443783889948993, 0.029281419852929716]], "inverted": true, "swapped": true, "error_lsq": 0.054972429419826184, "error_max": 0.3747032513234862, "target": "27.xyz", "model": "3.xyz", "model_rescale": 3.7530521520055578, "target_rescale": 3.6321398670334006},
{"mapping": [8, 10, 5, 7, 6, 3, 1, 9, 2, 0, 12], "R": [[-0.618303319544015, -0.7836196624628123, -0.060342602218668384], [-0.026537097405650967, 0.09754915178605988, -0.9948768493874525], [0.7854914305720562, -0.6135343410009653, -0.08110995567978274]], "T": [-0.28111423187384194, -0.07935134548736274, -0.04547681316436697], "aligned_model": [[-0.27951100254171674, -0.13555226535892198, 0.25380198164550943, 0.3908560280093853, 0.3180609917608606, -0.09748923718638844, -0.24152995126291488, -0.6020973370153262, -0.39814450580117955, 0.256973095422341, -0.12716819522644282], [-0.7974754538617141, 0.11283591074520534, -0.4113952168534098, 0.2520915840073861, -0.6218321766062298, 0.6351327525346812, -0.4115934814048115, 0.123448296895784, 0.3196587066568243, 0.30853443952578635, -0.042202003325155814], [-0.16814263861475126, -0.7159708108670597, -0.4583593386877927, -0.3598168407615909, 0.12152785421578077, -0.015965902512263368, 0.44278686396179, 0.15506356027302104, 0.7303645412191102, 0.45580139111036294, -0.09445790209129075]], "inverted": false, "swapped": true, "error_lsq": 0.04174059898045454, "error_max": 0.22365021314490457, "target": "27.xyz", "model": "4.xyz", "model_rescale": 3.7855080009869324, "target_rescale": 3.6321398670334006},
{"mapping": [3, 1, 2, 9, 15, 7, 4, 10, 6, 14, 8, 13, 16], "R": [[0.0851797153847704, -0.9857005228809371, 0.1453922118932683], [0.5442775148191389, 0.16825919757459087, 0.8218581564320313], [-0.8345695914357725, 0.009128067911793158, 0.5508269015098355]], "T": [-0.04866975035201568, -0.08847752642704343, 0.018473457525284377], "aligned_model": [[0.0031485865344393765, 0.49612575374669365, 0.4971653645319716, -0.015069619581664535, -0.2890854392893698, -0.6937197731229557, -0.15343363586112319, -0.6431352212984346, -0.28851587022713343, 0.37558497614158637, -0.5696253212077051, -0.0013573330546271523, -0.018406084490421006], [-0.5591543535355228, -0.444643951490796, -0.3689601502026645, -0.11463011028946585, 0.5142773406330094, -0.3553599619121288, -0.5678693107678666, -0.1547460905534499, 0.0371209511381001, 0.2375859104029815, 0.3847143362954021, 0.5882033458947262, -0.0746564523554106], [-0.4896552562713842, 0.40505756914979185, -0.3928405498926729, -0.692231187751906, -0.4896652769105502, 0.29060156270493653, 0.5718348487199579, -0.3976798259357035, 0.6124228907947601, -0.39551683311363944, 0.020624785325829544, 0.2728986352863013, -0.023714700006294866]], "inverted": false, "swapped": false, "error_lsq": 0.047397696657682606, "error_max": 0.24044183257459714, "target": "27.xyz", "model": "5.xyz", "model_rescale": 4.2253639853439635, "target_rescale": 3.6321398670334006},
{"mapping": [11, 9, 12, 6, 3, 10, 8, 5, 1, 7, 2, 4, 13], "R": [[0.9716631876195734, 0.17843316527445813, -0.1550234026045999], [0.09793348346854411, -0.9008155007545243, -0.42301355346618885], [-0.2151271313449012, 0.39584471593102477, -0.8927638423619094]], "T": [-0.06356880506895236, -0.0638725893344688, 0.018628283537958597], "aligned_model": [[-0.0284859452859572, 0.35333950690517835, 0.6368476055836294, -0.12273935684037951, -0.0013041954244640067, -0.7578982797419963, -0.21905774497859526, -0.5779226356502242, -0.10137535580048711, 0.47862000147935657, -0.6267589793757427, -0.26973111693474944, -0.06385712111431176], [-0.6454894075154721, -0.33648316150467605, -0.4089661896339247, 0.02793900452459877, 0.5396982284393732, -0.1398595635186663, -0.6860885426083165, -0.3526503022252355, 0.09905141566923417, 0.2415783575903057, 0.23407727737793735, 0.5609602952927868, -0.011885908631030548], [-0.49716708147770444, 0.3714276072806441, -0.4929096165143689, -0.6152387728384014, -0.34857038069705354, 0.3659682247248658, 0.3854189222625362, -0.21112992840371533, 0.7332835957504993, -0.47343089288637236, -0.1916437225103481, 0.2793815762517005, -0.013252868842856015]], "inverted": false, "swapped": false, "error_lsq": 0.046368833915317736, "error_max": 0.31716533288033255, "target": "27.xyz", "model": "6.xyz", "model_rescale": 3.89814844738969, "target_rescale": 3.6321398670334006},
{"mapping": [7, 8, 3, 0, 1, 10, 11, 4, 9, 6, 2, 5, 12], "R": [[0.8207270264409032, 0.5704281784056701, 0.03191929432587512], [0.33673733878604084, -0.5281158975946338, 0.7795521556477856], [0.46153560289187656, -0.6290511044331797, -0.6255234570139068]], "T": [-0.11246089356435485, -0.1526031941230011, -0.11217549575210778], "aligned_model": [[-0.008904651299648972, 0.38291203903892806, 0.5953786026730118, 0.011398555712653441, -0.1648898483454693, -0.6490313327078855, -0.2272504467866322, -0.671301196827294, 0.02961257759286834, 0.4543858458001717, -0.7089893447662823, -0.07590214122973568, -0.26774227603342915], [-0.6857625992807432, -0.4438240204880239, -0.2815241074429998, 0.06417596020201863, 0.6328692896965797, 0.05589376471556534, -0.7507082997891452, -0.4411794148452336, 0.1372605863194693, 0.2088137486983968, 0.19711639533188485, 0.5568072513583389, -0.12805705121919322], [-0.4813527335740136, 0.24487192441786104, -0.4792239698602008, -0.6494612879923589, -0.420527233053357, 0.3433734533680872, 0.4211480554530968, -0.2533033408675678, 0.7207350616401915, -0.038429861703595636, -0.26513908677658016, 0.20083709424153867, -0.05139141319367518]], "inverted": true, "swapped": false, "error_lsq": 0.04387727652278279, "error_max": 0.2544276074137691, "target": "27.xyz", "model": "7.xyz", "model_rescale": 3.7474275329858107, "target_rescale": 3.6321398670334006},
{"mapping": [4, 11, 13, 2, 1, 5, 9, 8, 7, 12, 3, 0, 14], "R": [[0.23346504354687614, 0.9475741522700277, 0.21816805309530085], [-0.5577738434407294, 0.31429126911321126, -0.7681857442914208], [-0.7964812697201438, 0.05765608475213885, 0.6019081016866631]], "T": [-0.04168282233538616, 0.020789185373406127, 0.014605398225445522], "aligned_model": [[-0.07251015495237931, 0.32913498451580364, 0.6031913337698863, -0.36605416476149844, 0.047004615434658795, -0.6351952484922236, -0.16142966219672994, -0.4963789421353254, -0.16110747320455643, 0.5681580955381957, -0.7199585597340717, -0.20743770686312474, -0.02774073409737819], [-0.497052143499783, -0.2843672890383012, -0.40308834608681765, 0.0609879854833284, 0.5460211850238585, -0.17868679395806625, -0.6207365274365828, -0.4310516120509786, -0.09191016888247625, 0.1114224059361884, 0.2429610140514931, 0.6572897283446107, 0.010092065370441102], [-0.5711555423638847, 0.4093884219695749, -0.4464553242431556, -0.7611244416880716, -0.5155527904077439, 0.362418275630901, 0.4076014468509453, -0.21842174242194787, 0.6756002849220835, -0.008248332692743714, -0.05406948497588495, 0.054675520255698974, -0.04251962873634559]], "inverted": false, "swapped": false, "error_lsq": 0.057397826166437634, "error_max": 0.30127776434397757, "target": "27.xyz", "model": "8.xyz", "model_rescale": 4.019505241142653, "target_rescale": 3.6321398670334006},
{"mapping": [4, 5, 3, 0, 1, 11, 5, 8, 6, 2, 9, 10, 12], "R": [[0.13131909920070683, 0.015013701499605847, -0.9912264539207958], [-0.8229759179665171, 0.5591048428210853, -0.1005604951319255], [0.552689725462925, 0.828961014464064, 0.08577705909173107]], "T": [-0.13183761713468303, 0.016642021635860038, -0.09597780330711295], "aligned_model": [[-0.04421713151810219, 0.06253062770048509, 0.5403427908997775, 0.08413622105317164, -0.1456474667950986, -0.5345904464031987, 0.06253062770048509, -0.6937684399715179, 0.11412504368563889, 0.4521588278152767, -0.7860487227237772, -0.2756582830690885, -0.13621726555279517], [-0.6626882813407776, -0.5300708993999066, -0.5011581074927541, -0.05147985917329152, 0.632267059202455, -0.20176650874285645, -0.5300708993999066, -0.3327756100399336, 0.18440168978166133, 0.1098142630258066, 0.2120247175911461, 0.8094198828925658, -0.016035943647293882], [-0.5633402549451377, 0.2414398703766957, -0.23205621111225783, -0.7053715911360666, -0.3736834088393777, 0.325136666127273, 0.2414398703766957, -0.23117395860044485, 0.5669104988922056, -0.11144544491274172, -0.13023408558616187, 0.33876193144140965, -0.07424721998266497]], "inverted": false, "swapped": false, "error_lsq": 0.06408545404462031, "error_max": 0.39165013635457263, "target": "27.xyz", "model": "9.xyz", "model_rescale": 3.877068213659057, "target_rescale": 3.6321398670334006},
{"mapping": [1, 8, 7, 4, 13, 12, 0, 3, 11, 2, 6, 14, 15], "R": [[-0.9729162473076409, 0.1940135002739636, -0.12566915865184194], [-0.06246682005821938, 0.3027559711322719, 0.9510187791708263], [0.2225575703422176, 0.9331117744703469, -0.28243679687351153]], "T": [-0.1335651526920825, 0.004993186737320826, -0.03474035234293541], "aligned_model": [[0.04984009163691702, 0.49104779360806083, 0.49615029686249235, -0.016332819280419575, -0.2423704452430393, -0.7263362860573264, -0.21558084429265262, -0.5983161330047093, -0.13498043066259327, 0.3805409350684438, -0.6705447799502751, 0.033831361883116, -0.1472723577467576], [-0.8133882994531031, -0.3014369103376424, -0.3591539030691301, -0.1520677659745729, 0.6556760804388115, -0.28875512989001784, -0.6654558151016289, -0.08345914936999077, -0.16669216773316223, 0.31413304754416793, 0.30125929712436916, 0.7504620493762776, -0.06923983029746342], [-0.25727320298932277, 0.29884951370365265, -0.40506712560484864, -0.6825668081789562, -0.43774367257842245, 0.31243327229035806, 0.3866117544492655, -0.4577581454247826, 0.6830182507488805, -0.3184353204643214, 0.029942310485905878, 0.12580910540277251, 0.014316730259244924]], "inverted": false, "swapped": false, "error_lsq": 0.046484119490442524, "error_max": 0.2560458482128249, "target": "27.xyz", "model": "10.xyz", "model_rescale": 4.260839863003843, "target_rescale": 3.6321398670334006},
{"mapping": [0, 7, 5, 6, 8, 1, 2, 3, 10, 11, 9, 12], "R": [[0.019769035302208193, -0.09587131929478693, 0.9951974052316943], [-0.9843774690127827, -0.17605189000787044, 0.0025943254701469853], [0.17495766271646523, -0.9797011902418684, -0.09785394266690473]], "T": [-0.015859552361417485, 0.12826599932254804, 0.07394136069928248], "aligned_model": [[0.3736768924945911, 0.31165692232882564, -0.35205090923135973, -0.5589710726086387, -0.7347523210400837, -0.3450953810830268, 0.3884177838474969, 0.6982717332869071, 0.1716359225969734, -0.20355679441276986, 0.18912791610923738, 0.020537956805977843], [0.05770226280771834, -0.5846004918859569, -0.5436440611415342, -0.2044032939157058, 0.05001825076183024, 0.4257329141823719, 0.729339585209048, 0.006287411451807556, -0.4277696563763447, 0.18387747132943685, 0.500013756733196, -0.019475643622933747], [-0.6571915337261574, -0.13762995859510113, 0.025230888587682507, -0.45098527949625844, 0.16238448984379356, -0.3178115897695079, -0.42616392189286434, -0.06823560581494659, 0.47811486919639046, 0.7618742798424771, 0.13842417038957547, 0.008167268830421001]], "inverted": true, "swapped": true, "error_lsq": 0.04258383631401123, "error_max": 0.21853401856173782, "target": "27.xyz", "model": "11.xyz", "model_rescale": 3.890672605050136, "target_rescale": 3.6321398670334006},
{"mapping": [8, 7, 3, 0, 2, 9, 5, 6, 12, 4, 11, 10, 13], "R": [[0.8388869099004077, -0.354353658109393, 0.4131612728490376], [0.3799466374720867, 0.9247542816431682, 0.021681126730007855], [-0.3897554426450004, 0.13879122294698376, 0.9103997426194059]], "T": [-0.23444758409671668, -0.08682410714566714, -0.16949649229160504], "aligned_model": [[-0.046109503736474294, 0.40335015321770556, 0.5993903518710537, 0.048363697959818264, -0.16187998653910884, -0.7776105927663339, -0.21707909023589755, -0.6894285625305359, 0.03491054055576359, 0.32111349643361903, -0.5922705389684663, -0.1335304598439596, -0.08954312259592748], [-0.7585890083400617, -0.40762701295710096, -0.3527936263322555, -0.14428023446026045, 0.6124763309093977, -0.206792470146729, -0.5682898145359634, -0.3392863074049897, 0.05046965143160449, 0.33221786046263346, 0.32963573526906986, 0.6478277284771723, -0.07308732911560302], [-0.3496401317786455, 0.29661906438500363, -0.4645179616912043, -0.6846771517915168, -0.27568959370313517, 0.374931605727974, 0.44112719695016356, -0.417112102956974, 0.5114798445105613, -0.2520359313984417, -0.1336343044331606, 0.33014629900144254, -0.08486017072264095]], "inverted": false, "swapped": false, "error_lsq": 0.03771839633045749, "error_max": 0.24549784314403822, "target": "27.xyz", "model": "12.xyz", "model_rescale": 4.124412569039231, "target_rescale": 3.6321398670334006},
{"mapping": [4, 10, 5, 0, 3, 8, 2, 1, 11, 7, 6, 9, 12], "R": [[0.4624610704208064, -0.8026993551386611, -0.3765680597252242], [-0.745587764909298, -0.12223117577672898, -0.6551018428349871], [0.47982147009361686, 0.5837236374588719, -0.6550099784804689]], "T": [-0.06686224409254446, 0.021106495235348105, -0.1678553635546467], "aligned_model": [[0.05017261455889713, 0.35299264376394457, 0.5716280981635228, -0.08016873591965287, -0.22074168915015788, -0.5217937571117607, -0.3192573713741901, -0.7891943632177274, -0.09225821218482011, 0.4989667182652274, -0.6525044631485677, -0.06841761322235346, -0.029747486601105634], [-0.7378427996419024, -0.31194542665501646, -0.18950791504632258, -0.10261755813957982, 0.5685788685041187, 0.009660210047564663, -0.6597366730555352, -0.33770888259119525, -0.20613349451382026, 0.25798194196454705, 0.34151956295300656, 0.5537506817718038, -0.0641170123407539], [-0.3368969720872452, 0.3394985196133652, -0.5167357615417605, -0.7346734025104995, -0.5983765507941923, 0.38694407941180886, 0.2959816698579894, -0.27899551482344176, 0.8007879625463227, -0.03822017307762482, -0.12345410142195772, 0.18559763668184848, -0.08932072975518698]], "inverted": false, "swapped": false, "error_lsq": 0.047335866986175985, "error_max": 0.2485563454025091, "target": "27.xyz", "model": "13.xyz", "model_rescale": 3.9028299243045295, "target_rescale": 3.6321398670334006},
{"mapping": [2, 5, 0, 3, 7, 11, 12, 6, 13, 4, 9, 10, 15], "R": [[-0.5018164946084187, 0.864748874939113, 0.01973800978966994], [0.34316422580463607, 0.21998209348808717, -0.9131517905980928], [-0.7939889922831573, -0.45146125175493934, -0.40714152121472424]], "T": [-0.09669473014645479, -0.17738787765303404, -0.03909746071603359], "aligned_model": [[-0.03614105474181007, 0.30559850349156803, 0.5720851555651358, 0.030875103509854576, -0.2816576948475785, -0.7474996507869957, -0.1853524740056315, -0.5590412649801718, 0.04956111448384627, 0.4257331466041794, -0.7192348118243796, 0.01359193165763388, -0.1688416213043941], [-0.8279613523839067, -0.15980140257962347, -0.38038702013875636, -0.06850767263784097, 0.6489138455268009, -0.2652312427984433, -0.564982370381566, -0.14833249719046637, -0.0290661743349781, 0.21941498463124892, 0.27885294171243236, 0.5118681235111928, -0.09289865967917928], [-0.37856347658120393, 0.2770555144695688, -0.4849014780402182, -0.6395643488413508, -0.36103242277541675, 0.29941869371077595, 0.5319985054938483, -0.5184717704601696, 0.7285360794784669, -0.20933222790397635, -0.11074673086467238, 0.2218922309121688, -0.06415190649839494]], "inverted": true, "swapped": false, "error_lsq": 0.04164616265278541, "error_max": 0.2572216374469928, "target": "27.xyz", "model": "14.xyz", "model_rescale": 3.942246331269136, "target_rescale": 3.6321398670334006},
{"mapping": [12, 3, 1, 0, 7, 11, 4, 8, 10, 5, 6, 9, 14], "R": [[0.2621008506694804, -0.562162188052623, -0.7843958301790127], [0.14661771307591664, 0.8265723722312437, -0.5433979754069782], [0.9538377169575144, 0.027418748839110385, 0.29906825629172823]], "T": [-0.10713923005935629, -0.1068680307552958, 0.0024967368375307594], "aligned_model": [[0.08110585332003468, 0.48154050795031705, 0.5272020339539784, -0.07394076488467612, -0.3673097466702099, -0.7540897562764008, -0.07847791190530741, -0.7129019758440789, -0.18781813756406063, 0.48281138158381115, -0.5558369224925337, -0.06896952906020433, -0.07363864928941313], [-0.815713239278378, -0.48854275261232705, -0.3894335998756393, 0.042775098802085326, 0.5795669802080365, -0.27819605445559475, -0.4323919715512251, -0.09637338431231046, 0.10376577427234979, 0.11611788496225547, 0.22539582696389407, 0.6636585331431896, -0.10874759300942177], [-0.3583058644558951, 0.1584727069510935, -0.41512665295078066, -0.7166849360063872, -0.4357928776176266, 0.2598151185730552, 0.4891965105512294, -0.4789409896683818, 0.6793459298684341, -0.06832074266133306, 0.035062040415490554, 0.2327014161661458, -0.08928499706561849]], "inverted": false, "swapped": false, "error_lsq": 0.049489857519842216, "error_max": 0.24851914556835245, "target": "27.xyz", "model": "15.xyz", "model_rescale": 4.355366556412066, "target_rescale": 3.6321398670334006},
{"mapping": [1, 8, 6, 3, 0, 9, 7, 4, 5, 11, 10, 12], "R": [[0.5621908433577236, -0.2967270201531531, -0.7719420516824834], [0.6031291340259299, -0.491540017606783, 0.6281907821516132], [-0.5658415885509508, -0.8187438467568192, -0.09737458633536178]], "T": [-0.09630074547561707, -0.0895536017740027, 0.08548632752876453], "aligned_model": [[-0.1880810638311532, 0.5079998968386064, 0.22295824661875419, -0.6213484675524995, -0.684324906032153, -0.40276364024196243, -0.07455547806718238, -0.1139002002210045, 0.4641278038367048, 0.3321014079063256, 0.234636939281613, -0.07904198390426811], [-0.6711160840844498, -0.49539133840892846, -0.5688930164650423, 0.3860055088970389, -0.17164477694907207, -0.10333722198497297, 0.3837183935293498, 0.6357099146541277, -0.00550819144892023, 0.11549282347068124, 0.5322724237263716, -0.024532007195203306], [0.024538621397224736, 0.11495114261099586, -0.505694170429688, -0.12246794784806445, -0.49654616095712, 0.38592733015776637, -0.5746264358960423, 0.5008732237683463, -0.41021184474869044, 0.6202780161379136, -0.021747395372027897, -0.06601591761119324]], "inverted": true, "swapped": true, "error_lsq": 0.041214383916069665, "error_max": 0.20983665286468386, "target": "27.xyz", "model": "16.xyz", "model_rescale": 3.795458400668931, "target_rescale": 3.6321398670334006},
{"mapping": [7, 8, 3, 0, 1, 10, 11, 4, 9, 6, 2, 5, 12], "R": [[0.8207270264409032, 0.5704281784056701, 0.03191929432587512], [0.33673733878604084, -0.5281158975946338, 0.7795521556477856], [0.46153560289187656, -0.6290511044331797, -0.6255234570139068]], "T": [-0.11246089356435485, -0.1526031941230011, -0.11217549575210778], "aligned_model": [[-0.008904651299648972, 0.38291203903892806, 0.5953786026730118, 0.011398555712653441, -0.1648898483454693, -0.6490313327078855, -0.2272504467866322, -0.671301196827294, 0.02961257759286834, 0.4543858458001717, -0.7089893447662823, -0.07590214122973568, -0.26774227603342915], [-0.6857625992807432, -0.4438240204880239, -0.2815241074429998, 0.06417596020201863, 0.6328692896965797, 0.05589376471556534, -0.7507082997891452, -0.4411794148452336, 0.1372605863194693, 0.2088137486983968, 0.19711639533188485, 0.5568072513583389, -0.12805705121919322], [-0.4813527335740136, 0.24487192441786104, -0.4792239698602008, -0.6494612879923589, -0.420527233053357, 0.3433734533680872, 0.4211480554530968, -0.2533033408675678, 0.7207350616401915, -0.038429861703595636, -0.26513908677658016, 0.20083709424153867, -0.05139141319367518]], "inverted": true, "swapped": false, "error_lsq": 0.04387727652278279, "error_max": 0.2544276074137691, "target": "27.xyz", "model": "17.xyz", "model_rescale": 3.7474275329858107, "target_rescale": 3.6321398670334006},
{"mapping": [4, 9, 6, 0, 1, 10, 5, 8, 12, 2, 3, 11, 13], "R": [[0.8306445277801491, 0.38187750789423847, 0.4052150508475452], [-0.04749276889678396, 0.7736926040676892, -0.6317785935859763], [-0.554773922757198, 0.5055386467674292, 0.6607999479821005]], "T": [-0.0843017584160263, 0.02421792834324897, 0.0017126213755046873], "aligned_model": [[-0.03176288089817751, 0.43260198715173803, 0.49580929033942256, -0.03709911340456534, -0.10781584274890707, -0.6549399431016184, -0.2663892209953288, -0.6194987762583255, 0.07060032543720107, 0.47275374923034763, -0.6669880160972935, -0.3640147240649372, -0.023580451768299128], [-0.7453118333453893, -0.340875227544571, -0.3843148493434743, -0.0719197342343348, 0.623035132150821, -0.09117368560415591, -0.5687906170127671, -0.33522828530265963, -0.09710516765784923, 0.2128585873954637, 0.3169194585341304, 0.5824999059160663, 0.021287819305634545], [-0.30535322538247905, 0.21906411365923129, -0.30089430539213413, -0.8275471997414415, -0.343806496867963, 0.37251743266144455, 0.37374078936344923, -0.3164336072789132, 0.7231854026418082, -0.39569974250220497, -0.1864142524159617, 0.3647808686394724, -0.08500311528488183]], "inverted": false, "swapped": false, "error_lsq": 0.04865910651120599, "error_max": 0.3323885212323445, "target": "27.xyz", "model": "18.xyz", "model_rescale": 3.922800546911778, "target_rescale": 3.6321398670334006},
{"mapping": [1, 2, 0, 5, 12, 4, 10, 8, 11, 3, 13, 7, 14], "R": [[0.22492207108348844, 0.783155566247545, -0.5797218479538282], [-0.0006331007666030564, 0.5950841652593732, 0.803663135549326], [0.9743765499656349, -0.18039455455484862, 0.1343433793084879]], "T": [-0.1494146747545307, -0.13595200227213994, -0.07508391336773648], "aligned_model": [[0.03154982434498549, 0.4084053114494379, 0.5600975135475882, -0.028074717476530647, -0.1396923330128814, -0.7041552537951312, -0.14938821082344172, -0.6374275002332239, -0.32184302885025873, 0.37444002601974313, -0.6481170034696191, 0.06420577454300438, -0.11032401942241611], [-0.786395237173416, -0.47280165370614224, -0.1965263794302607, -0.052240343945805845, 0.5521857245179587, -0.30756163527385655, -0.5436461449837118, -0.21917214234711954, 0.12051203724537268, 0.21764114433522358, 0.3100268630579438, 0.5596117199241057, -0.05975244896337745], [-0.37866005237189193, 0.22240245288789792, -0.5125377225402278, -0.8239515206346973, -0.455854171667577, 0.35698108512077864, 0.6208946298084471, -0.43467888618551953, 0.5665844370337795, -0.17355920333483865, 0.08052002563518276, 0.2547166795138994, -0.030721091165806957]], "inverted": false, "swapped": false, "error_lsq": 0.04606918807487142, "error_max": 0.31269690144073325, "target": "27.xyz", "model": "19.xyz", "model_rescale": 3.9282355846067225, "target_rescale": 3.6321398670334006},
{"mapping": [10, 9, 12, 2, 5, 0, 11, 1, 4, 7, 3, 6, 13], "R": [[0.6287440071924536, 0.6392305913677443, 0.44279252983673967], [0.15903592050873191, 0.45168352701243586, -0.8778892683098174], [-0.7611757677484987, 0.6223875340053417, 0.18233268524110954]], "T": [0.007032064387721401, 0.026309800859012786, 0.03483179834567885], "aligned_model": [[-0.0342678026294118, 0.5036395637521075, 0.693062739603695, -0.15382693751472343, -0.2894371266964254, -0.6649057268552281, -0.13413238571432762, -0.6341508895240928, -0.28637016653000785, 0.43984918036777654, -0.6714219764633131, 0.04434032112488999, -0.1127024100996823], [-0.72086853887482, -0.36502739016948543, -0.40672487196141116, -0.0639054434072798, 0.5213233457570614, -0.3759940780713267, -0.5729202296633449, -0.06618650241252007, 0.014091874967177311, 0.21036911111979462, 0.3275126465176088, 0.6738009753188732, -0.0535893958634127], [-0.392079432015418, 0.3152975176961207, -0.21940673151474388, -0.7681014501680442, -0.35856083167421776, 0.19868594658119898, 0.4013821221397179, -0.3417709762068112, 0.5944153024978414, -0.3736890588949956, 0.1586543704463407, 0.11361839005320498, -0.03630850684076802]], "inverted": false, "swapped": false, "error_lsq": 0.05406960032945884, "error_max": 0.30849471537457956, "target": "27.xyz", "model": "20.xyz", "model_rescale": 4.067790424073018, "target_rescale": 3.6321398670334006},
{"mapping": [2, 6, 4, 8, 1, 12, 3, 0, 11, 5, 9, 10, 14], "R": [[0.9430923424966263, 0.04918971877808324, -0.32887262745743917], [-0.15774752102737855, -0.8044529621958706, -0.5726876559032911], [-0.29273290408483843, 0.5919761846399082, -0.7509138723483769]], "T": [-0.0578082008276985, -0.052797737467683334, -0.07599759175451634], "aligned_model": [[0.030854448241429577, 0.49283598593422867, 0.5090806158084891, -0.0006757097735681228, -0.16924722430396272, -0.6846405850259394, -0.30159682164058177, -0.5058218443130029, -0.06966363229651759, 0.40136242204657385, -0.6517882255255207, -0.25979560947473823, -0.09122743685563298], [-0.7790997249683564, -0.4391429942672061, -0.3995728495713984, 0.015615598675518857, 0.683671172251452, -0.05026287708271725, -0.6946553726046578, -0.4878865469752316, -0.022421287036002144, 0.21247424983666968, 0.447695637299927, 0.6314923487162558, 0.003974148982660228], [-0.2114460659118466, 0.23236133033008702, -0.5241678562015873, -0.6392234706244069, -0.4202358672884605, 0.36455728961767453, 0.4263279015556908, -0.41428671752311974, 0.5697337563950123, -0.33534144207439165, -0.0487210167753655, 0.32678645243306037, -0.03420763183292091]], "inverted": true, "swapped": false, "error_lsq": 0.048611614624046035, "error_max": 0.2634177415178628, "target": "27.xyz", "model": "21.xyz", "model_rescale": 4.186013935880536, "target_rescale": 3.6321398670334006},
{"mapping": [2, 9, 8, 5, 3, 7, 9, 0, 10, 11, 6, 4, 12], "R": [[-0.4727013025529864, -0.7316483412315031, -0.4911661463679075], [-0.18558768046650365, 0.6275227104358266, -0.7561563732101563], [0.8614584676139491, -0.2662817167220918, -0.4324157211709153]], "T": [-0.13629401195180077, -0.11375089961434995, -0.06315935787645259], "aligned_model": [[-0.0073790121074714665, 0.17449767407355407, 0.5257000895350228, -0.10482404737622551, -0.2042209654112424, -0.6357961822365299, 0.17449767407355407, -0.7229596194703347, -0.03280137189778412, 0.4034002653243933, -0.5590396975174746, -0.1787227493017711, -0.132675674866434], [-0.616018034699763, -0.4717953631308308, -0.4713947519540097, -0.026682439874236547, 0.6676264843607409, -0.08342458135546915, -0.4717953631308308, -0.3354583642767967, 0.03381988652522272, 0.21340157209661229, 0.2395312619661706, 0.5128365881442911, -0.06876539141418637], [-0.5930724174373767, 0.33766909705289105, -0.2098659193654232, -0.8312527771705853, -0.550164457996103, 0.47340530382105445, 0.33766909705289105, -0.4215693271493946, 0.7515869640978563, -0.08899201241666889, -0.14272473138653013, 0.30181197140801047, -0.07236412841119517]], "inverted": true, "swapped": false, "error_lsq": 0.0559159588969783, "error_max": 0.4540515318443613, "target": "27.xyz", "model": "22.xyz", "model_rescale": 4.166573947596378, "target_rescale": 3.6321398670334006},
{"mapping": [10, 9, 14, 5, 6, 4, 8, 0, 3, 12, 1, 2, 15], "R": [[-0.782089928516936, -0.15405734891320513, -0.6038225541980101], [-0.5218070845467514, -0.367801846603959, 0.7697007003709542], [-0.34066509981093374, 0.9170540523221915, 0.20726590382948618]], "T": [0.001459438483132583, -0.0868766174007155, -0.022675511234328746], "aligned_model": [[0.171698377156494, 0.3743484852463332, 0.6733325507575063, -0.3500802722327362, -0.06297485828705866, -0.6002728717980275, -0.3297776626635288, -0.7848638964500563, -0.040104867625765137, 0.5210382806423386, -0.5664559188474271, -0.2580194140623985, -0.048191549014417086], [-0.6816290033761788, -0.4099743996575099, -0.29906417881444114, -0.06484628698555236, 0.582611232109345, -0.08109493220544806, -0.6926296913280682, -0.26167069968231427, 0.027124383283843978, 0.2893486706934057, 0.2826596765810856, 0.4891963499561357, -0.058149617317389005], [-0.44484791232177495, 0.31939282724040735, -0.3825931726574508, -0.775667196137255, -0.37868375934803367, 0.3989147071585964, 0.3985421717666412, -0.1564604303279855, 0.5661392578710914, -0.1563681236263802, -0.2440668733183992, 0.20888420147800474, -0.061049035678036115]], "inverted": true, "swapped": false, "error_lsq": 0.04766210818876481, "error_max": 0.2677114150851812, "target": "27.xyz", "model": "23.xyz", "model_rescale": 4.274766983524099, "target_rescale": 3.6321398670334006},
{"mapping": [1, 0, 2, 9, 3, 4, 11, 10, 5, 7, 12], "R": [[0.4706039754131109, 0.54570873335456, -0.6933497506063864], [0.16404385790741233, 0.7179907497138962, 0.6764457820166598], [0.8669610781391683, -0.43207784213708444, 0.24836913521194992]], "T": [0.009366405396478913, -0.06662420846428135, -0.0773824775004962], "aligned_model": [[0.2344007212857539, 0.04450092320164477, -0.4319945973168714, -0.37428328050033177, -0.39101148476814124, -0.574601031361431, -0.14872492537232684, 0.02854663224140068, 0.6515575929553113, 0.25063025667728384, 0.09087389691578286], [-0.06153069572645248, 0.7319532202244017, 0.3775640890401961, -0.09621669591374632, 0.5075276223297354, -0.2414237579484721, -0.7062775373536443, -0.09305819847000375, -0.042552390583089156, 0.49310389102877045, 0.04649698461578819], [-0.6248190339629458, -0.3061024987939635, -0.6960359633414331, -0.2679382260709343, 0.15740206013148544, 0.4947104633256475, 0.2008716180845268, 0.6343898116340183, 0.3148820940400723, 0.45992963601683934, 0.012276472958264506]], "inverted": true, "swapped": true, "error_lsq": 0.04650659287931455, "error_max": 0.25656928949943547, "target": "27.xyz", "model": "24.xyz", "model_rescale": 3.7841303162186577, "target_rescale": 3.6321398670334006},
{"mapping": [4, 12, 2, 1, 0, 11, 13, 6, 14, 8, 7, 10, 15], "R": [[0.9902488682027404, 0.13715865120614626, 0.024386131765864225], [0.06117288267421536, -0.585388820261902, 0.8084415919147808], [0.1251601272311516, -0.7990666014242426, -0.5880710068008732]], "T": [-0.0661681760988482, -0.057557475399625815, -0.047703571479387925], "aligned_model": [[-0.015273303022425189, 0.33916652206647524, 0.6082914214293261, 0.004838035165242713, -0.23106132539663438, -0.737647009335951, -0.2645915554914326, -0.6211298099381027, 0.1934396444334908, 0.31290187741077113, -0.5888800661817982, -0.1836317169270198, -0.11674633139068542], [-0.5750266546646422, -0.5183157951352769, -0.32494211979113646, 0.0751147714851058, 0.5026140163242491, -0.15313240335324035, -0.4716333697678133, -0.396075646380865, 0.015147349810764696, 0.17323905485350904, 0.32277395721665725, 0.572219348237685, -0.10010100557808244], [-0.5828107600534906, 0.3979167373999777, -0.25362280606659204, -0.7759841401283667, -0.4953061837663358, 0.31203130148108327, 0.5856757094294941, -0.3630596957659005, 0.6983639524218583, -0.43821175294834397, -0.11788791040350088, 0.3937016553390158, -0.068669444839473]], "inverted": true, "swapped": false, "error_lsq": 0.050821969152185904, "error_max": 0.27319124390474037, "target": "27.xyz", "model": "25.xyz", "model_rescale": 4.19342608120988, "target_rescale": 3.6321398670334006},
{"mapping": [1, 8, 6, 3, 0, 9, 7, 4, 5, 11, 10, 12], "R": [[0.5621908433577236, -0.2967270201531531, -0.7719420516824834], [0.6031291340259299, -0.491540017606783, 0.6281907821516132], [-0.5658415885509508, -0.8187438467568192, -0.09737458633536178]], "T": [-0.09630074547561707, -0.0895536017740027, 0.08548632752876453], "aligned_model": [[-0.1880810638311532, 0.5079998968386064, 0.22295824661875419, -0.6213484675524995, -0.684324906032153, -0.40276364024196243, -0.07455547806718238, -0.1139002002210045, 0.4641278038367048, 0.3321014079063256, 0.234636939281613, -0.07904198390426811], [-0.6711160840844498, -0.49539133840892846, -0.5688930164650423, 0.3860055088970389, -0.17164477694907207, -0.10333722198497297, 0.3837183935293498, 0.6357099146541277, -0.00550819144892023, 0.11549282347068124, 0.5322724237263716, -0.024532007195203306], [0.024538621397224736, 0.11495114261099586, -0.505694170429688, -0.12246794784806445, -0.49654616095712, 0.38592733015776637, -0.5746264358960423, 0.5008732237683463, -0.41021184474869044, 0.6202780161379136, -0.021747395372027897, -0.06601591761119324]], "inverted": true, "swapped": true, "error_lsq": 0.041214383916069665, "error_max": 0.20983665286468386, "target": "27.xyz", "model": "26.xyz", "model_rescale": 3.795458400668931, "target_rescale": 3.6321398670334006},
{"mapping": [0, 1, 2, 3, 4, 5, 6, 7, 8, 9, 10, 11, 12], "R": [[1.0, 0.0, 0.0], [0.0, 1.0, 0.0], [0.0, 0.0, 1.0]], "T": [0.0, 0.0, 0.0], "aligned_model": [[0.05075519025939108, 0.3678685840618023, 0.6711883735884727, -0.10931571044489916, -0.19249012306649976, -0.6462446755711386, -0.2248954280131214, -0.6711883735884727, -0.07828730732009141, 0.35060595038156056, -0.621768828479763, -0.06190586217255168, -0.13464540681343215], [-0.6913692731912924, -0.36299549253780855, -0.34537499818931516, -0.09230079574931625, 0.6913692731912924, -0.19824385248360787, -0.624907129981712, -0.30137872991495496, 0.003950976703912014, 0.14827319974323205, 0.3160535777873567, 0.6657644222206274, -0.08695967434149932], [-0.45902683019796464, 0.2885483457045414, -0.45283241015257897, -0.7242977270444986, -0.4287414876652048, 0.33155340765651264, 0.4900000867680337, -0.3447972258355993, 0.7242977270444986, -0.19865753424009505, -0.14560250137942743, 0.2539684824289059, -0.042275670987697106]], "inverted": false, "swapped": false, "error_lsq": 0.0, "error_max": 0.0, "target": "27.xyz", "model": "27.xyz", "model_rescale": 3.6321398670334006, "target_rescale": 3.6321398670334006},
{"mapping": [11, 0, 10, 9, 12, 1, 5, 13, 3, 8, 6, 7, 14], "R": [[0.43110991222877093, -0.8768718542538521, -0.21269695530381405], [-0.8027079285723557, -0.2650629830039904, -0.5342299097281098], [0.4120730820924603, 0.4010453418984411, -0.8181432690894566]], "T": [-0.09830551020615329, -0.04998332453879885, -0.04141710994587705], "aligned_model": [[-0.08064718361064786, 0.31746981696699167, 0.5363143814281416, -0.10198750328559075, -0.05171603781760914, -0.5790189201530734, -0.12756496503931467, -0.6953015415339878, 0.07578074123790231, 0.3093015137983762, -0.6851663283729041, -0.06388565251813455, -0.15390193827889279], [-0.6187581727960088, -0.45293176510151967, -0.2943091553199992, -0.07116414938853151, 0.7026582068253103, -0.2513097419006121, -0.627898948434938, -0.39427393310807346, 0.02758501502095244, 0.26763805713107053, 0.28170994388654597, 0.6348456132756274, -0.08190946683290944], [-0.33925799349034175, 0.19133839650237458, -0.41855649339947293, -0.709331757790852, -0.3803416991812928, 0.37768847020758006, 0.6197384977051545, -0.4790665670960757, 0.6183079916823337, -0.039747474399677074, -0.42804534601087313, 0.3201240126564597, -0.04071337528589115]], "inverted": true, "swapped": false, "error_lsq": 0.04434987650719667, "error_max": 0.29150075242735946, "target": "27.xyz", "model": "28.xyz", "model_rescale": 4.156811204709835, "target_rescale": 3.6321398670334006},
