[{"mapping": [6, 5, 11, 3, 8, 0, 2, 1, 12, 4, 7, 9, 13], "R": [[0.8662942274943086, 0.4055171069205812, -0.2917022238598824], [-0.11447761930931467, 0.7295706223222957, 0.6742563175243741], [0.48623984419966104, -0.550710979588223, 0.678445451656704]], "T": [0.14538305205218965, -0.12212058609077804, -0.0698071348748292], "aligned_model": [[-0.37408380703862504, 0.40698722374731794, 0.6396897988635039, -0.25293397421892383, 0.10960364289479838, -0.09137393603441946, -0.5822729776704985, 0.32106706556649867, 0.5520736804935183, -0.5280516856519315, 0.0563172291591741, 0.13645488131541286, 0.16822930275244105], [0.019918991645933734, -0.3462534386171284, 0.27228552850775745, -0.40783261605539295, 0.5219339474268775, -0.4524738372288044, -0.14508224475459647, -0.6595668755519415, -0.2022892140539933, 0.5466578265881691, 0.6157589015323947, 0.2605336043226273, 0.03776424234431579], [-0.6125089174869314, -0.7434012130938294, -0.36504686402282677, -0.25122512823207144, -0.5108204264641, 0.5861084790842532, 0.17767561209821567, 0.045651631630374195, 0.3342912835854495, -0.18216956364481218, 0.06801747618148041, 0.554884172964957, -0.0484822029729194]], "inverted": false, "swapped": false, "error_lsq": 0.04259766526336436, "error_max": 0.2481264376478897, "target": "270.xyz", "model": "0.xyz", "model_rescale": 3.8414455957264533, "target_rescale": 3.9795653462194274},
{"mapping": [13, 8, 12, 9, 11, 2, 7, 6, 10, 0, 1, 3, 14], "R": [[-0.6127627443605557, -0.1693207829757273, 0.7719146919033262], [0.7692873165953714, -0.35137741826992697, 0.533601850123717], [0.18088350850537244, 0.9207955160525314, 0.3455673219046318]], "T": [0.001965489174552762, -0.04710747007246947, 0.0012855329521324482], "aligned_model": [[-0.23367093877605316, 0.3690116532842926, 0.5327609569578565, -0.32946660077806583, 0.15962090726344075, -0.18974652536303205, -0.621211443041869, 0.32204392995948783, 0.6831698716127733, -0.5560913397693126, 0.15527394993861898, 0.216736722386838, 0.05327530050329114], [0.04738675198656177, -0.37268322790431146, 0.2104168334346928, -0.5467345610620995, 0.6487982586075005, -0.4948792523325104, -0.20268740149217568, -0.7293700086516328, -0.08433913486083684, 0.4116051232641687, 0.7731460673806331, 0.377363563811936, 0.02333180392429257], [-0.7131326334318608, -0.618052772681484, -0.4826844540831461, -0.3243449626902761, -0.464681620469213, 0.5556785903690141, 0.02129548617272843, 0.20645569155187382, 0.05565181748987834, -0.05931728786225127, 0.22971176026100837, 0.6234386819577724, 0.022956043043194364]], "inverted": true, "swapped": false, "error_lsq": 0.042497888677696, "error_max": 0.19716768517486205, "target": "270.xyz", "model": "1.xyz", "model_rescale": 4.316132596720782, "target_rescale": 3.9795653462194274},
{"mapping": [11, 6, 5, 2, 8, 10, 1, 4, 3, 9, 0, 12], "R": [[0.9187097005655385, 0.34569622801640065, 0.19096231047515988], [-0.15849550573261584, -0.12015137659926467, 0.9800218473910998], [0.36173424049893443, -0.9306222459389923, -0.05559293672873063]], "T": [-0.02141207098916333, -0.09431647140929457, -0.09739676272386755], "aligned_model": [[-0.2864881810513722, 0.5807018505692841, 0.11869963628262974, -0.6045268280764506, -0.6329575686947043, -0.5123359736691092, -0.07874242854555417, -0.17324171270023989, 0.5854630047768055, 0.2605405749899545, 0.4008334442120917, -0.06013726346155408], [-0.6299978165249311, -0.31101736554613735, -0.6453891661582853, 0.3707771794770155, -0.23674983898371588, -0.11410647861886299, 0.4237688391753852, 0.5573827681346342, 0.1652390771974167, 0.032999115650535274, 0.4341193378625494, -0.03424922392462287], [0.1381705002630319, 0.03313126226095589, -0.535795420222761, -0.11906146158525704, -0.361327381478415, 0.47661551126587576, -0.6721395071761809, 0.4207564287510662, -0.4814863722320834, 0.5284385059472798, 0.07918634206329767, -0.05722994664738895]], "inverted": true, "swapped": true, "error_lsq": 0.03809899433110394, "error_max": 0.19028618868131392, "target": "270.xyz", "model": "2.xyz", "model_rescale": 3.795458400668931, "target_rescale": 3.9795653462194274},
{"mapping": [5, 6, 3, 4, 8, 2, 0, 11, 9, 10, 1, 12], "R": [[0.2659749944171726, 0.7686876778696485, 0.5817014322108487], [0.9541275480494049, -0.1238695307417606, -0.27257468959359904], [-0.13746972174997607, 0.6275154127550842, -0.766372287049056]], "T": [0.04991566815107583, -0.01630503197954349, -0.04912115252716679], "aligned_model": [[-0.08269897571014741, -0.14467466807302498, -0.6903381701993128, 0.19793850225937526, 0.3198813976926772, 0.1954357433990339, -0.32749754440246137, 0.6013653816914963, 0.22704279595156907, 0.7374422203928059, -0.5145682529397103, 0.07397539568126432], [-0.13968222511750014, -0.6364812580105973, -0.20331087721137767, 0.11890305596259186, 0.5297857562665109, 0.637466855109289, -0.2171406470748483, -0.1372572587630543, -0.4829656518185851, 0.0864795322618557, 0.5108722880265736, 0.01909947565885112], [-0.7438852943453261, -0.1127927087725473, -0.03348986379913419, 0.7731044140283176, -0.3538142560666797, 0.27983250766924056, 0.5039987216628196, -0.3556917892392426, 0.4389671420305817, 0.24690348599984033, 0.0248407115845787, 0.020798359886651706]], "inverted": false, "swapped": true, "error_lsq": 0.03821385376301635, "error_max": 0.19681715230747826, "target": "270.xyz", "model": "3.xyz", "model_rescale": 3.7530521520055578, "target_rescale": 3.9795653462194274},
{"mapping": [2, 0, 9, 6, 10, 3, 8, 1, 7, 5, 12], "R": [[-0.5848486647008571, 0.3358619092550542, 0.7383419379319951], [-0.547020521513318, -0.8354220161725447, -0.053278550444788714], [0.5989328747371627, -0.4350480810275459, 0.672318807377369]], "T": [0.05131562033347193, -0.09214708724319369, 0.011659324509540334], "aligned_model": [[-0.48520134874808196, -0.14060106733172356, 0.38523307387118133, 0.46194609572683887, 0.253525033148927, -0.19710770190373492, -0.15868829251480107, -0.6915736133895822, -0.37629254971194176, 0.2704025180768296, 0.016557455221293496], [-0.6096340771003732, 0.07216040845990886, -0.24790311131546655, 0.34365110580776204, -0.8173579303967974, 0.5830273785853833, -0.40935751382651137, 0.12684560303882436, 0.2305935633105543, 0.34986437276354065, -0.15468644101247886], [0.04573336771805909, -0.6401752437484124, -0.5813124555810397, -0.24910985498139815, -0.052126250975892054, -0.24449797519589384, 0.576646433507534, 0.058415813504785925, 0.674297335313858, 0.5333226151187894, -0.028363007435074132]], "inverted": false, "swapped": true, "error_lsq": 0.0467747902597897, "error_max": 0.2544852145649769, "target": "270.xyz", "model": "4.xyz", "model_rescale": 3.7855080009869324, "target_rescale": 3.9795653462194274},
{"mapping": [8, 12, 14, 6, 15, 0, 7, 1, 2, 10, 9, 3, 16], "R": [[-0.43100295782171943, 0.8998139326049313, -0.06761166348329078], [-0.8521538354944183, -0.3812400350722522, 0.35845484556671936], [0.2967663912930199, 0.2121106370462278, 0.9310954766568047]], "T": [-0.005422265429606346, -0.0861317572218894, -0.1310787858848613], "aligned_model": [[-0.42678487676766436, 0.528177001299373, 0.572752213913377, -0.40829253185736253, 0.02181246609265628, 0.07178146327523495, -0.7345855286023866, 0.32588762390938636, 0.6012027772094695, -0.4319338815048643, 0.25732541811840826, 0.145667562284855, 0.03869673680778436], [0.2074485834993234, -0.37947940118829404, 0.21393409513113618, -0.509213022315138, 0.5998899874787434, -0.4352385316681593, -0.16552831549832991, -0.7127374633483916, 0.026770531715174795, 0.4863092518979909, 0.5391196910930551, 0.24555264470529634, -0.05547323539618877], [-0.6123001562249675, -0.434862006843176, -0.31375925616286304, -0.4222400120508599, -0.5870947306528774, 0.5622017688909843, 0.021847974523470648, 0.13482154368481417, 0.2751782982067309, 0.015083474993142748, 0.0855737017982009, 0.46016898525568173, -0.13164524579104225]], "inverted": true, "swapped": false, "error_lsq": 0.03871271414977102, "error_max": 0.22044254873685099, "target": "270.xyz", "model": "5.xyz", "model_rescale": 4.2253639853439635, "target_rescale": 3.9795653462194274},
{"mapping": [2, 11, 8, 6, 10, 7, 3, 12, 9, 4, 1, 0, 13], "R": [[-0.14680985696768759, -0.9887272070161347, 0.029417273891389983], [0.5405339555719596, -0.055282989614409445, 0.8395039213327262], [-0.8284140925713772, 0.13914848603332713, 0.5425567159880845]], "T": [0.08181563339941596, 0.04703128105939516, -0.13125967331900157], "aligned_model": [[-0.4390095327384262, 0.39646385808552237, 0.7105931006419092, -0.26135649825941504, 0.05684392118176004, -0.1965408571497574, -0.5611833166562793, 0.409112567916687, 0.5884346845078992, -0.4239932206622537, 0.20474157284765288, 0.05309408869319491, 0.024506075769772713], [0.15252883838157558, -0.5711181313185606, 0.27546908979276497, -0.4696531288324737, 0.6036306686646267, -0.5215080782838188, -0.15056353714264353, -0.7639370588186096, 0.1307919761956844, 0.5156022809427631, 0.7370751232410033, 0.09107292062535446, 0.03196385265855157], [-0.5408729345225118, -0.48402246542136895, -0.44481977892541147, -0.3015185255133426, -0.6772322089794861, 0.3469368104339301, 0.09350266949072886, 0.1951615772762098, 0.1987671596652406, 0.028458620647743044, 0.0865349345946902, 0.6689265901101019, -0.1168481092292844]], "inverted": true, "swapped": false, "error_lsq": 0.03911303593893925, "error_max": 0.19875253490619676, "target": "270.xyz", "model": "6.xyz", "model_rescale": 3.89814844738969, "target_rescale": 3.9795653462194274},
{"mapping": [7, 8, 6, 11, 3, 10, 4, 9, 5, 7, 0, 2, 12], "R": [[0.8575773923842713, -0.2631029502287309, 0.44197042169395423], [-0.20443010092250943, 0.6141395478448357, 0.762260421122436], [-0.4719844805798242, -0.7440493621755744, 0.4728860293325601]], "T": [0.026870643932156803, 0.05374790711385282, -0.04109230372136545], "aligned_model": [[-0.43122280200424057, 0.18497771851797215, 0.6488780712918725, -0.34829597850384475, 0.22471337479137007, 0.012948063411185332, -0.5535312736059433, 0.5686511726114638, 0.6846447166037204, -0.43122280200424057, 0.11157396705775882, -0.08537006549529044, -0.025037718493516783], [0.32146445225388853, -0.24419085034221652, 0.17306332290518872, -0.6008965429292897, 0.5257058655049045, -0.45151906482933324, 0.01525081498398468, -0.6560876674774225, -0.09577124708478615, 0.32146445225388853, 0.6373985429274034, 0.14711337971124938, -0.0316406417712411], [-0.4280715354565534, -0.6275404447246281, -0.2782556290726245, -0.33440275130324754, -0.6659889960053226, 0.4912751557153728, 0.2366618616837906, -0.017572209689696264, 0.34303514371452964, -0.4280715354565534, 0.015367149288974966, 0.6518959762623978, 0.0946421546707993]], "inverted": true, "swapped": false, "error_lsq": 0.056684778923748305, "error_max": 0.33751541351140696, "target": "270.xyz", "model": "7.xyz", "model_rescale": 3.7474275329858107, "target_rescale": 3.9795653462194274},
{"mapping": [5, 3, 0, 8, 6, 4, 9, 2, 1, 7, 10, 12, 14], "R": [[-0.08395782303630128, 0.2924898928245606, -0.9525758481855825], [-0.7951874269890341, 0.5564388585746298, 0.24094138836389745], [0.6005231385297026, 0.777705252176967, 0.1858668900767305]], "T": [0.03665866000494601, 0.034603814490319434, 0.08037437487678113], "aligned_model": [[-0.3368037656092564, 0.22995430470945616, 0.5628768551349227, -0.26519072687749545, 0.11880317868105794, -0.12885617374092034, -0.7201743935705496, 0.4353396271258438, 0.7578704874488088, -0.3910287057990136, 0.08583063347692917, 0.15707500962820906, 0.056010113570274085], [-0.0039006627066716718, -0.19214608163782038, 0.27755635221692154, -0.5292856794334535, 0.44465825996116104, -0.6766794402354015, 0.027915591908665327, -0.704535785148437, -0.1325089790536735, 0.4744013365316332, 0.7909674780833267, 0.29574571751536005, -0.010833291895391853], [-0.5295966784626623, -0.571818706448648, -0.2331247689072411, -0.1565346839150043, -0.6210853375791907, 0.36127794766002086, -0.0062249137039434715, 0.02279282790858589, 0.2097135964565438, -0.21549601678485042, 0.05281561747923498, 0.6262199831097537, 0.1140354728146396]], "inverted": false, "swapped": false, "error_lsq": 0.050122468122837605, "error_max": 0.28723812684494254, "target": "270.xyz", "model": "8.xyz", "model_rescale": 4.019505241142653, "target_rescale": 3.9795653462194274},
{"mapping": [8, 9, 1, 11, 7, 6, 5, 10, 1, 4, 0, 2, 12], "R": [[0.9693641193847778, -0.23519704457104998, 0.07082057804351535], [0.19029629793142047, 0.9014098330660422, 0.38890568502587664], [-0.1553078331668116, -0.3635143230697985, 0.9185514759011256]], "T": [-0.0032903944600776724, -0.014723206384096493, 0.00014783978364660277], "aligned_model": [[-0.2534850440052035, 0.2265884719011949, 0.6702371706502186, -0.332300246268673, 0.048861887477495966, -0.08930946853456065, -0.6426733350058045, 0.5959634434304362, 0.6702371706502186, -0.4819876367293594, 0.13272880745654417, 0.058037711258782744, -0.041192488103023575], [0.017768863129837664, -0.2716017038363502, 0.036692291733153415, -0.46014847990845564, 0.6343967491275418, -0.5682607838670922, -0.07762445013348632, -0.6940886140455281, 0.036692291733153415, 0.6390666515750917, 0.6209942109849258, 0.17288538590070807, -0.025417596287281102], [-0.6263374626327749, -0.5901988429186207, 0.00487729646567945, -0.2837506757313617, -0.6287459612042218, 0.46302871773878784, 0.19446100973318128, 0.13257608021707992, 0.00487729646567945, -0.17592726668120837, 0.0030149000752276167, 0.5578341689746251, -0.0027349208748341713]], "inverted": true, "swapped": false, "error_lsq": 0.05050030777526134, "error_max": 0.40733459010020534, "target": "270.xyz", "model": "9.xyz", "model_rescale": 3.877068213659057, "target_rescale": 3.9795653462194274},
{"mapping": [10, 8, 2, 11, 14, 5, 12, 1, 4, 6, 13, 3, 15], "R": [[0.8738256559313804, 0.4837933252529462, -0.04871079425332844], [-0.09306165400283677, 0.0680739937235034, -0.9933304887764138], [-0.47725072193800755, 0.872530772992695, 0.10450740926088059]], "T": [0.07986322200553068, 0.006038262841433832, -0.10350115739588689], "aligned_model": [[-0.39940594219276593, 0.34233539908826244, 0.6385924322933785, -0.38685828350431994, 0.06556614392330448, -0.03212644012846505, -0.5804546270394378, 0.4015335385437237, 0.60231397616579, -0.3791329561945335, 0.234442388879346, 0.014299606372139409, 0.04060120797184422], [0.22933522827938316, -0.525986091253613, 0.26412894390606617, -0.38338476977768626, 0.6003881637001985, -0.4433667079097411, -0.24046446855253661, -0.7154068631196528, 0.04450224234423491, 0.3799120672067672, 0.7587163779523528, 0.16783712981109555, -0.07485643648065038], [-0.5764179713650538, -0.5968381403145582, -0.3516265850896586, -0.5220414950266228, -0.6095301442593599, 0.5261725121201402, 0.14431320328861472, 0.25559736374927927, 0.325050369848102, 0.06925723438863779, -0.018533915676840512, 0.5066495466769969, -0.09907763871243781]], "inverted": true, "swapped": false, "error_lsq": 0.04079892315008153, "error_max": 0.25941650213105255, "target": "270.xyz", "model": "10.xyz", "model_rescale": 4.260839863003843, "target_rescale": 3.9795653462194274},
{"mapping": [10, 11, 5, 8, 1, 2, 4, 9, 6, 3, 0, 12], "R": [[-0.6673205039542098, 0.7352606179922769, 0.11863881587370431], [0.12234406441165302, 0.2653532815105531, -0.9563574467189653], [-0.734653166402716, -0.6236821783738866, -0.26703045795052455]], "T": [-0.03461523908644875, -0.08782427091594823, -0.018659326082023295], "aligned_model": [[0.338077664979991, 0.16747698538361128, -0.3225210229850167, -0.4672459560926086, -0.6589536978918498, -0.3130591817847589, 0.31024759963140985, 0.6265951272609575, 0.3184950830194551, -0.2233224788522248, 0.20133033852161256, -0.01822181209644802], [-0.011004459883965187, -0.5764366130267022, -0.7011357217226811, -0.2549368247517929, 0.33961253847791095, 0.3812311629652217, 0.6371359392330724, 0.125543227429743, -0.2954684978788174, 0.09827430544519096, 0.4518713089860965, -0.02160785974034246], [-0.671412517717479, -0.383527103458343, 0.21896456206151915, -0.5174965625949607, 0.15317677045604217, -0.5278353800414033, -0.28651970936416643, 0.049542571839753094, 0.49000067115768037, 0.6975446714403266, 0.35787173235277686, -0.06413162873624124]], "inverted": false, "swapped": true, "error_lsq": 0.04108169722122192, "error_max": 0.21565554577518237, "target": "270.xyz", "model": "11.xyz", "model_rescale": 3.890672605050136, "target_rescale": 3.9795653462194274},
{"mapping": [6, 0, 2, 8, 11, 7, 5, 3, 4, 9, 10, 12, 13], "R": [[0.8873451771396081, 0.43084709328898635, -0.16428426221494646], [-0.4065477264887541, 0.8991263022579292, 0.16214449936648567], [0.21757178744934508, -0.07708874621119843, 0.9729952941888684]], "T": [0.008797825717381781, 0.021700441994591785, -0.24664134297837803], "aligned_model": [[-0.3064766294850941, 0.33930557821682317, 0.6049650922081639, -0.30580952636719566, 0.11058849808962237, -0.09497932145136279, -0.6005378350498396, 0.37941386215553535, 0.642517782784308, -0.6007080794655104, 0.38178240739020547, -0.04624578417107008, 0.0578903993236811], [0.01285793268521361, -0.4069832144381408, 0.4088255923654823, -0.6246871737638123, 0.5326302342191057, -0.37378119086312733, -0.05314611663225707, -0.7805965494036977, -0.05795749266999474, 0.4965459952577268, 0.6771124306039228, 0.24889897714777381, -0.018364608401977067], [-0.7289090817578375, -0.48262754594890483, -0.26345924956369127, -0.295593462918471, -0.4237050894954849, 0.50154897510527, 0.2309361135814464, 0.02173609111428426, 0.041647875143297486, -0.15259524728689347, 0.23383564030393567, 0.4608070108820074, -0.09064768953171842]], "inverted": false, "swapped": false, "error_lsq": 0.04340709865429297, "error_max": 0.20031076814000065, "target": "270.xyz", "model": "12.xyz", "model_rescale": 4.124412569039231, "target_rescale": 3.9795653462194274},
{"mapping": [4, 10, 7, 2, 5, 8, 1, 11, 9, 0, 3, 6, 12], "R": [[0.004097796826831757, -0.2837745365480928, -0.9588822766471814], [-0.6532189605834114, -0.7267971621531264, 0.21229902171345533], [-0.7571579740024497, 0.6254901258158099, -0.1883451749088058]], "T": [0.06862843981911232, 0.1495463840916776, -0.05874623654442221], "aligned_model": [[-0.4414859831973335, 0.332531633641267, 0.6193923239591927, -0.31429077693129004, 0.14484437936588435, 0.04996616166308948, -0.6464585243713721, 0.35352906189268785, 0.5832890687140695, -0.2840942844426176, 0.13900903644033896, -0.045321344686976, 0.07079569213132601], [-0.010184898559491506, -0.35619836091215756, 0.25329477521637417, -0.6053264533703486, 0.4919978318257692, -0.4334732784908954, -0.05519407940539456, -0.8040677283242681, 0.07200316152207743, 0.5897745412228348, 0.7351447870476586, 0.13264348240735963, 0.050941035926700115], [-0.6354137737985475, -0.5269203809490266, -0.3397677477886921, -0.21979090846562901, -0.7300613753399362, 0.35914838332352095, 0.27230704490823776, -0.05659647382898528, 0.312404349740122, -0.19495652562830282, 0.3423453463148691, 0.6003004638568059, -0.13002406271719666]], "inverted": false, "swapped": false, "error_lsq": 0.0475237133607204, "error_max": 0.22978606569430873, "target": "270.xyz", "model": "13.xyz", "model_rescale": 3.9028299243045295, "target_rescale": 3.9795653462194274},
{"mapping": [13, 8, 4, 12, 10, 1, 11, 2, 3, 14, 7, 6, 15], "R": [[-0.260624017684572, -0.9230700055155525, -0.28287256198413846], [-0.4187387321852721, -0.15592545383413337, 0.8946201020625966], [-0.8699040151498459, 0.3516091832761736, -0.34588724559029244]], "T": [0.13092058533987688, -0.05216697166800149, -0.0845191534255966], "aligned_model": [[-0.33272723139074123, 0.3272910902983788, 0.6218675128701636, -0.36394393642894285, 0.0358840826597477, -0.1649029789083276, -0.5601952012589839, 0.40023972358704263, 0.6641446901144799, -0.6171808390441436, 0.272543749342659, 0.17492189150976467, 0.10376389082716972], [0.05215202102921191, -0.6460895706341651, 0.30063633583330707, -0.45161410599076957, 0.6132545473920289, -0.3704034309464352, -0.09214807712389997, -0.6919506907918315, 0.06749918240523431, 0.4026486283741645, 0.7995672563700505, 0.03823554418031814, 0.03956717600900448], [-0.7223275898693333, -0.5375111299298658, -0.3908918259135604, -0.3669928352735382, -0.40628749739241066, 0.39860891506579255, 0.17358386681688062, 0.16102873207470386, 0.21555002342333443, -0.2131180709009667, 0.18956047012098357, 0.574494907450858, -0.022723626045638615]], "inverted": false, "swapped": false, "error_lsq": 0.04138739588480917, "error_max": 0.23211793771852904, "target": "270.xyz", "model": "14.xyz", "model_rescale": 3.942246331269136, "target_rescale": 3.9795653462194274},
{"mapping": [5, 4, 6, 3, 9, 12, 1, 13, 11, 2, 7, 0, 14], "R": [[0.12197918254913273, 0.5131956432884974, 0.849559480398136], [-0.22258026655409197, 0.8482943277371839, -0.4804734732216014], [-0.9672533814701062, -0.1304874141004595, 0.21770147173600027]], "T": [0.1417363723698326, -0.021904106144689423, -0.1389612080515505], "aligned_model": [[-0.434333542020941, 0.3087892201012158, 0.5618665136766129, -0.33412553341558726, 0.17994138279766297, -0.1568527353794008, -0.5987536697933462, 0.45016000944617524, 0.8411104092209016, -0.3632044219009426, 0.1998978421413975, -0.16835416631243516, 0.0755651356169532], [0.11554384425151794, -0.4910040928545333, 0.3471878308483317, -0.5218294566755337, 0.6117589921770323, -0.5906207123951384, -0.24606458440930878, -0.696787693760573, -0.16436057906046023, 0.5414361552157649, 0.8032581442679076, 0.3512532106748868, 0.0015837578263246214], [-0.36706441463752276, -0.4483194558101391, -0.1318060874581949, -0.3394057665197893, -0.6341114490248203, 0.3664912869182905, 0.10201184691926862, 0.19320870293472575, -0.0704547517164881, -0.03732232350916628, 0.07714990239182551, 0.4135919184367654, -0.07099506929751624]], "inverted": false, "swapped": false, "error_lsq": 0.05449524880361724, "error_max": 0.39090761826821446, "target": "270.xyz", "model": "15.xyz", "model_rescale": 4.355366556412066, "target_rescale": 3.9795653462194274},
{"mapping": [11, 6, 5, 2, 8, 10, 1, 4, 3, 9, 0, 12], "R": [[0.9187097005655385, 0.34569622801640065, 0.19096231047515988], [-0.15849550573261584, -0.12015137659926467, 0.9800218473910998], [0.36173424049893443, -0.9306222459389923, -0.05559293672873063]], "T": [-0.02141207098916333, -0.09431647140929457, -0.09739676272386755], "aligned_model": [[-0.2864881810513722, 0.5807018505692841, 0.11869963628262974, -0.6045268280764506, -0.6329575686947043, -0.5123359736691092, -0.07874242854555417, -0.17324171270023989, 0.5854630047768055, 0.2605405749899545, 0.4008334442120917, -0.06013726346155408], [-0.6299978165249311, -0.31101736554613735, -0.6453891661582853, 0.3707771794770155, -0.23674983898371588, -0.11410647861886299, 0.4237688391753852, 0.5573827681346342, 0.1652390771974167, 0.032999115650535274, 0.4341193378625494, -0.03424922392462287], [0.1381705002630319, 0.03313126226095589, -0.535795420222761, -0.11906146158525704, -0.361327381478415, 0.47661551126587576, -0.6721395071761809, 0.4207564287510662, -0.4814863722320834, 0.5284385059472798, 0.07918634206329767, -0.05722994664738895]], "inverted": true, "swapped": true, "error_lsq": 0.03809899433110394, "error_max": 0.19028618868131392, "target": "270.xyz", "model": "16.xyz", "model_rescale": 3.795458400668931, "target_rescale": 3.9795653462194274},
{"mapping": [7, 8, 6, 11, 3, 10, 4, 9, 5, 7, 0, 2, 12], "R": [[0.8575773923842713, -0.2631029502287309, 0.44197042169395423], [-0.20443010092250943, 0.6141395478448357, 0.762260421122436], [-0.4719844805798242, -0.7440493621755744, 0.4728860293325601]], "T": [0.026870643932156803, 0.05374790711385282, -0.04109230372136545], "aligned_model": [[-0.43122280200424057, 0.18497771851797215, 0.6488780712918725, -0.34829597850384475, 0.22471337479137007, 0.012948063411185332, -0.5535312736059433, 0.5686511726114638, 0.6846447166037204, -0.43122280200424057, 0.11157396705775882, -0.08537006549529044, -0.025037718493516783], [0.32146445225388853, -0.24419085034221652, 0.17306332290518872, -0.6008965429292897, 0.5257058655049045, -0.45151906482933324, 0.01525081498398468, -0.6560876674774225, -0.09577124708478615, 0.32146445225388853, 0.6373985429274034, 0.14711337971124938, -0.0316406417712411], [-0.4280715354565534, -0.6275404447246281, -0.2782556290726245, -0.33440275130324754, -0.6659889960053226, 0.4912751557153728, 0.2366618616837906, -0.017572209689696264, 0.34303514371452964, -0.4280715354565534, 0.015367149288974966, 0.6518959762623978, 0.0946421546707993]], "inverted": true, "swapped": false, "error_lsq": 0.056684778923748305, "error_max": 0.33751541351140696, "target": "270.xyz", "model": "17.xyz", "model_rescale": 3.7474275329858107, "target_rescale": 3.9795653462194274},
{"mapping": [9, 7, 2, 12, 6, 10, 5, 11, 1, 4, 0, 8, 13], "R": [[0.3059035428465391, 0.508305640216157, -0.8050145331597306], [0.6923460560151311, -0.6991686076438588, -0.17838216504359747], [-0.6535135508879896, -0.5027809008005288, -0.5658015593792407]], "T": [0.09951298553899751, -0.05588897464797665, -0.015549734547419244], "aligned_model": [[-0.25803748565754236, 0.39864680611746295, 0.5115896142961673, -0.31007633734021306, -0.057649741029086765, -0.2373921478543224, -0.6143378300840401, 0.399316362273061, 0.7816455190462217, -0.44035787029420775, 0.3887313685582277, -0.14325488552351223, 0.14288307167005082], [0.048429129433324614, -0.5058961040068779, 0.328442698869633, -0.5805833045335478, 0.5281519453307999, -0.4544397673393478, -0.14361963396626742, -0.6898653090490203, -0.04199702797082307, 0.5740222819331924, 0.7089449455946619, 0.2558048814822143, 0.03396008032827651], [-0.5714270227721591, -0.5403657241557668, -0.4471916469852197, -0.3563860150147151, -0.4942927685733589, 0.43621521230189714, 0.061523484667791076, 0.15744912245552145, 0.09855827287630055, 0.0157087023114708, 0.15916200561588079, 0.5850875537132819, -0.051066836813685165]], "inverted": false, "swapped": false, "error_lsq": 0.041500192673247976, "error_max": 0.21689688183237849, "target": "270.xyz", "model": "18.xyz", "model_rescale": 3.922800546911778, "target_rescale": 3.9795653462194274},
{"mapping": [13, 8, 6, 12, 4, 0, 7, 5, 1, 11, 10, 2, 14], "R": [[0.4342287002776415, 0.6041858635369441, 0.6681353741251153], [-0.8455539202733893, 0.5291428317191507, 0.07103824005802656], [-0.3106187434226941, -0.5957913275152267, 0.7406407295660635]], "T": [0.04973385978884034, -0.03058794110473638, -0.05972676996321249], "aligned_model": [[-0.3212910028874414, 0.3591007315437644, 0.6147675099636104, -0.4149929493328686, 0.13083463800841613, 0.15049635676795645, -0.7460431538698268, 0.2548880889384434, 0.722072726949039, -0.40762380181849944, 0.13402874026556386, 0.12911663922831715, -0.04364807957820752], [0.03612844701864225, -0.23742323041931435, 0.3159619969430055, -0.6351304603133566, 0.527967666729852, -0.5358838857132108, -0.028740647426379773, -0.7652997945971381, -0.09760697248872775, 0.4892260407147755, 0.7544781265526385, 0.26344432775926196, -0.02576679865382977], [-0.6339246641181827, -0.5454241611198319, -0.25053527743180953, -0.2525255768033044, -0.5128331987643033, 0.598274417909303, 0.010604951878463977, -0.034350505748262754, 0.2426834168260857, -0.22664293587537068, 0.10509522432670962, 0.5886345197379379, -0.03608187119019605]], "inverted": true, "swapped": false, "error_lsq": 0.043802224684633954, "error_max": 0.268534608652079, "target": "270.xyz", "model": "19.xyz", "model_rescale": 3.9282355846067225, "target_rescale": 3.9795653462194274},
{"mapping": [1, 10, 11, 2, 0, 7, 5, 12, 9, 3, 4, 8, 13], "R": [[0.18778810379997163, -0.22345115719225017, -0.9564544988762698], [0.9552337632260419, -0.18510283606757932, 0.23079297578729208], [-0.22861339782310625, -0.9569778056095052, 0.17868797918883922]], "T": [-0.0027098156124479023, 0.00858103933701055, 0.0852261969288479], "aligned_model": [[-0.3909287793683329, 0.35821062333804166, 0.5618715186531166, -0.371943514534152, 0.08006942195507825, -0.1366065787873136, -0.6956227893211093, 0.5216151941864702, 0.6486947341220866, -0.48183545943996453, 0.13055255568463395, 0.36507212574290737, -0.027442608053195535], [0.06954209779647302, -0.40925335325925544, 0.3039320995156092, -0.5520457663519952, 0.4783968444535549, -0.5465757145431406, -0.06646376192018028, -0.6539871952394146, -0.10979152804993275, 0.5446535259625319, 0.6262171454699799, 0.36582738027471357, 0.01090304199727464], [-0.5527946348928269, -0.5761248491147499, -0.24246090928109687, -0.3923513053505373, -0.5571270511265124, 0.33416476728742067, 0.041293965946561484, 0.17946506309992155, 0.2854382672771595, -0.13707984359087183, 0.09682903007401024, 0.6471275002087874, -0.07340566091002697]], "inverted": true, "swapped": false, "error_lsq": 0.036956546647847935, "error_max": 0.32049902651223644, "target": "270.xyz", "model": "20.xyz", "model_rescale": 4.067790424073018, "target_rescale": 3.9795653462194274},
{"mapping": [11, 6, 5, 3, 13, 0, 12, 2, 8, 10, 1, 7, 14], "R": [[-0.8883093911908129, 0.32016445970171864, -0.32924329038890715], [0.10226927135468432, 0.8368288611565177, 0.5378275311585191], [0.44771354866565033, 0.44408577536258975, -0.7761059221922083]], "T": [0.10851564650995688, -0.02159724428945602, -0.08190181622568048], "aligned_model": [[-0.35205236346854735, 0.3141409884064379, 0.5980829081491966, -0.3698521438899239, 0.08054273713281909, 0.05542060604707161, -0.6460324984920456, 0.31783556379848066, 0.5368829802547173, -0.36497899717778576, 0.21646238481464064, 0.12374809953456758, 0.05150617906863771], [-0.031533497475438696, -0.40427989035938827, 0.2769663572156863, -0.702247554690593, 0.5028868744052537, -0.45228203762126, -0.0708118074969395, -0.7341369692438302, 0.0835617871796994, 0.6281298609707048, 0.7297285184212233, 0.2042358746658809, 0.031137300135219658], [-0.5355653843422006, -0.6809252830967556, -0.2220795357292475, -0.25973440241165335, -0.5447813152912688, 0.4803699641367567, 0.04158458197274885, -0.03505905662291546, 0.2794994873219515, -0.2398395654908207, 0.22980670347728654, 0.6290351232890306, -0.089336977585673]], "inverted": false, "swapped": false, "error_lsq": 0.04000488793237818, "error_max": 0.21481192200065857, "target": "270.xyz", "model": "21.xyz", "model_rescale": 4.186013935880536, "target_rescale": 3.9795653462194274},
{"mapping": [2, 9, 11, 1, 5, 7, 0, 10, 4, 5, 3, 6, 12], "R": [[0.0006295201622286695, -0.2577425799490119, -0.9662134164798134], [-0.8818369057499504, 0.4554790031073764, -0.12207599840126043], [0.47155410650498986, 0.8521194987849643, -0.22700018596631782]], "T": [0.08107234101924166, -0.06823065335823315, -0.14760034054406174], "aligned_model": [[-0.37719906981472007, 0.27863778226023533, 0.6122977775018252, -0.45526136390625493, -0.2225937608205758, 0.028521579327357903, -0.6084345787746045, 0.6303691476835319, 0.5870553378757553, -0.2225937608205758, 0.2432951857262401, -0.03696165854359387, 0.10457382648364588], [0.11700729105718828, -0.5495517033872588, 0.2078865618690991, -0.5655879152349343, 0.619567161425138, -0.5678695350302885, 0.024254150338063038, -0.648165017800832, -0.037098763653982084, 0.619567161425138, 0.7486806968772625, 0.12838019312421167, -0.03571546490258695], [-0.7002063673171972, -0.4863461205392377, -0.3489080597225652, -0.1373462217741684, -0.3299731474191153, 0.387117477793755, 0.04686099146832559, 0.09374709317927091, 0.3726189988734668, -0.3299731474191153, 0.25074404469084666, 0.35961263150008066, -0.12497383368710743]], "inverted": true, "swapped": false, "error_lsq": 0.05717811994279019, "error_max": 0.3744962760938134, "target": "270.xyz", "model": "22.xyz", "model_rescale": 4.166573947596378, "target_rescale": 3.9795653462194274},
{"mapping": [2, 12, 9, 6, 3, 5, 1, 13, 10, 4, 8, 7, 15], "R": [[-0.2611915946186572, 0.08158681692409231, -0.9618329076324839], [0.21642026164476913, 0.9760048015312064, 0.024018695585745715], [0.940713145039535, -0.20188664812767015, -0.2725812907328777]], "T": [0.11847617355572317, 0.03785600452539195, -0.18263029852830737], "aligned_model": [[-0.4554533475499142, 0.2860537655178735, 0.5992204446249325, -0.3431215169786995, -0.00684904403072957, -0.1402762994573833, -0.5466572842495706, 0.43692983058923873, 0.6420904736392807, -0.3650078183451875, 0.2316955554819618, 0.15980965581547335, 0.06327202912099077], [0.05468969739497536, -0.4168055759280575, 0.342414753615596, -0.5383431526734406, 0.48659142313771336, -0.4768726295326222, -0.12288044044499194, -0.5600512247797026, -0.0981942813733814, 0.5846478396766571, 0.7712424618057679, 0.02520378885007215, 0.009712156357632899], [-0.5335302426390442, -0.6237447430446432, -0.37388426703311756, -0.3671018012150542, -0.5625734073430317, 0.4166722729593497, 0.017020244755195507, 0.3252154973216038, 0.33530755253004785, -0.0982772787123818, 0.1389358938103245, 0.531177177149136, -0.15224255891114577]], "inverted": true, "swapped": false, "error_lsq": 0.0395333509395351, "error_max": 0.2575765017860248, "target": "270.xyz", "model": "23.xyz", "model_rescale": 4.274766983524099, "target_rescale": 3.9795653462194274},
{"mapping": [0, 10, 2, 1, 8, 7, 3, 5, 6, 11, 12], "R": [[0.8820488381400328, -0.4410917785677473, -0.16561367701901913], [-0.4614298820348225, -0.7376530955282316, -0.49289996411335624], [0.09524868031184688, 0.5111809401156888, -0.8541789832121208]], "T": [0.06706282433393644, 0.12297895876608275, 0.011301040279067798], "aligned_model": [[0.33030427954769553, 0.1886175436283491, -0.42996892011111526, -0.5224980459093734, -0.4754108048131665, -0.6386562740062806, 0.09870154703940084, -0.03179056618924034, 0.5945402344078208, 0.20853347130840094, 0.05752223905558409], [-0.27663335365044395, 0.8228092021712844, 0.4124765596454736, -0.3135196126083125, 0.4971356171554113, -0.12194190693015844, -0.6396403850797507, -0.04806909226009487, -0.20146735137964436, 0.6288505375750988, 0.15558631660462047], [-0.4983372712190924, -0.24628407949964304, -0.4640460616406385, -0.24151383014553435, 0.1835325360676404, 0.42126900458435595, -0.01323456952326314, 0.7015737108459835, 0.21876234041769102, 0.38115477463854297, -0.0633101205044652]], "inverted": true, "swapped": true, "error_lsq": 0.04543400463324684, "error_max": 0.24770326936634968, "target": "270.xyz", "model": "24.xyz", "model_rescale": 3.7841303162186577, "target_rescale": 3.9795653462194274},
{"mapping": [3, 12, 2, 13, 4, 10, 11, 14, 9, 6, 1, 0, 15], "R": [[0.9701180502054123, 0.08882673796970325, 0.22578923642926677], [-0.19826420126598016, 0.8266377299752383, 0.5266510893160181], [-0.1398652035425987, -0.5556796505209161, 0.8195473450844317]], "T": [0.07411302342785837, 0.05089494592242748, 0.03240401859629517], "aligned_model": [[-0.34641354276849207, 0.34648892475017823, 0.7001520476401317, -0.25079198848644296, 0.0697066304319433, 0.04243282682831515, -0.6305949923967354, 0.2804751835135465, 0.5543666993593683, -0.5071457497295321, 0.22873966776248328, 0.05601278367946046, 0.018277953594042502], [0.08273978410571285, -0.3885659273563503, 0.22730077278738492, -0.5363499603988107, 0.616152069478743, -0.4243474314477004, -0.2532720894578775, -0.7147973299735221, -0.28294941705328785, 0.42738703392600713, 0.7612785414080139, 0.46848621177683947, 0.07829255831106584], [-0.6539961569844941, -0.5224449839837255, -0.3493670546120575, -0.36956631675666185, -0.4545963005288173, 0.6475431517785392, 0.04962598663733371, 0.011692673188244143, 0.03911643915335685, -0.1735532549856285, 0.18887172111022693, 0.6378954432711239, 0.001752992339799045]], "inverted": true, "swapped": false, "error_lsq": 0.0443568104138596, "error_max": 0.3180369898512166, "target": "270.xyz", "model": "25.xyz", "model_rescale": 4.19342608120988, "target_rescale": 3.9795653462194274},
{"mapping": [11, 6, 5, 2, 8, 10, 1, 4, 3, 9, 0, 12], "R": [[0.9187097005655385, 0.34569622801640065, 0.19096231047515988], [-0.15849550573261584, -0.12015137659926467, 0.9800218473910998], [0.36173424049893443, -0.9306222459389923, -0.05559293672873063]], "T": [-0.02141207098916333, -0.09431647140929457, -0.09739676272386755], "aligned_model": [[-0.2864881810513722, 0.5807018505692841, 0.11869963628262974, -0.6045268280764506, -0.6329575686947043, -0.5123359736691092, -0.07874242854555417, -0.17324171270023989, 0.5854630047768055, 0.2605405749899545, 0.4008334442120917, -0.06013726346155408], [-0.6299978165249311, -0.31101736554613735, -0.6453891661582853, 0.3707771794770155, -0.23674983898371588, -0.11410647861886299, 0.4237688391753852, 0.5573827681346342, 0.1652390771974167, 0.032999115650535274, 0.4341193378625494, -0.03424922392462287], [0.1381705002630319, 0.03313126226095589, -0.535795420222761, -0.11906146158525704, -0.361327381478415, 0.47661551126587576, -0.6721395071761809, 0.4207564287510662, -0.4814863722320834, 0.5284385059472798, 0.07918634206329767, -0.05722994664738895]], "inverted": true, "swapped": true, "error_lsq": 0.03809899433110394, "error_max": 0.19028618868131392, "target": "270.xyz", "model": "26.xyz", "model_rescale": 3.795458400668931, "target_rescale": 3.9795653462194274},
{"mapping": [1, 9, 11, 2, 8, 3, 0, 4, 10, 6, 5, 7, 12], "R": [[0.3326501502239794, -0.9360837321375461, -0.11441644979375562], [0.5222265185979476, 0.28387356289772603, -0.8041736526154154], [0.7852536792839826, 0.20775718210255423, 0.5832783318929091]], "T": [0.07939517287199924, -0.02290294152834906, -0.19718664126126872], "aligned_model": [[-0.34975586497336564, 0.07883249120723944, 0.7522575844191486, -0.5189871344440549, 0.19200747695336312, -0.05351378751306751, -0.6371882985978937, 0.7415514918628844, 0.5654199584320687, -0.3746946573607628, 0.14673087979708452, -0.01890011458971652, 0.0379464189853388], [0.12007412941937885, -0.40784466281862286, 0.024667784932558678, -0.6395283712141204, 0.5993203373283821, -0.5220747716254119, -0.22228447166823714, -0.46342356171715865, 0.09499227858405619, 0.6659831879177598, 0.6374858691569454, 0.1358860354648512, 0.038101032345837435], [-0.5789458774962075, -0.3874334407477085, -0.4350264883102239, -0.38835831190092035, -0.5589992589578294, 0.33029724582417297, 0.1743349946472582, 0.06040562385065784, 0.3103240023760524, -0.1765641677964635, 0.15807803355849998, 0.5935928449911805, -0.0487308604112294]], "inverted": true, "swapped": false, "error_lsq": 0.05395020432390041, "error_max": 0.3645929047570931, "target": "270.xyz", "model": "27.xyz", "model_rescale": 3.6321398670334006, "target_rescale": 3.9795653462194274},
{"mapping": [9, 8, 0, 12, 11, 4, 6, 7, 3, 13, 2, 1, 14], "R": [[-0.739648516078635, 0.2241570893907362, 0.6345657349231417], [-0.6677249508350835, -0.3621804639601035, -0.65036043972395], [0.08404440906424754, -0.9047535083112515, 0.41756152421352677]], "T": [0.12406161459448435, 0.0033659195088470636, -0.16772136702751322], "aligned_model": [[-0.364484423930746, 0.32836154251389776, 0.6440332797604202, -0.24141934481052235, 0.027996980273511593, -0.1529752347797979, -0.6062187455034643, 0.2780918076664149, 0.7064138862688437, -0.5182421883243062, 0.20712101351878864, 0.15837418879980233, 0.09465368272542438], [0.09932638766200785, -0.3764081606276287, 0.30215837329222683, -0.7037707760570122, 0.5907385460577205, -0.27993283905860816, -0.1797002588335107, -0.7135399386728661, -0.17554445352586256, 0.48978072684912455, 0.7298190458670832, 0.23452826584148045, 0.043899897312063264], [-0.6134640259837314, -0.45243666922108916, -0.3402444994084119, -0.39108450847332704, -0.40915628586190333, 0.5599184132497481, 0.024852793085158253, 0.08369079284312997, 0.14916503226811323, -0.03610149060214146, 0.14662025475855145, 0.4588995814219468, -0.12768504844880443]], "inverted": false, "swapped": false, "error_lsq": 0.041994330055317164, "error_max": 0.2702971869658676, "target": "270.xyz", "model": "28.xyz", "model_rescale": 4.156811204709835, "target_rescale": 3.9795653462194274},
