[{"mapping": [12, 11, 5, 0, 1, 9, 3, 6, 7, 2, 4, 13], "R": [[-0.46711188579796065, -0.8105601224776089, 0.3532686994277254], [-0.8293771788952664, 0.540154404405029, 0.1427119985480466], [-0.3064962989564512, -0.2263305265555928, -0.9245726101691885]], "T": [-0.006867339706509046, -0.1403546345470998, 0.14341013069155814], "aligned_model": [[-0.137545342899079, -0.6740013952967574, -0.4676345484924738, 0.5911802711623029, 0.060246780434277086, 0.17261054642719328, 0.32865358128624816, 0.1359853990983583, -0.09025833622423499, 0.7222039088392342, 0.30439967548548114, -0.06410575889367726], [-0.6513666375596696, 0.0013180734501447855, -0.0062763413072686736, -0.6017138203541967, -0.6196812081409229, -0.2888407173172055, 0.017513047358666656, 0.551593193990779, 0.2564452190512815, 0.09046101379509985, 0.6832832529771868, -0.07202206445354542], [-0.09514761961701981, -0.004653492537496917, 0.7283185432067849, -0.014384645477189845, 0.4577122849118326, -0.5511996470806768, 0.5117901143817745, 0.43555321513018697, -0.4945477835626291, 0.06317612023449234, -0.2282586763115049, 0.007049265745772776]], "inverted": false, "swapped": false, "error_lsq": 0.04262568772761519, "error_max": 0.2712612657488326, "target": "271.xyz", "model": "0.xyz", "model_rescale": 3.8414455957264533, "target_rescale": 3.829127049350302},
{"mapping": [11, 10, 8, 0, 13, 1, 9, 6, 5, 4, 2, 14], "R": [[-0.6436655759961056, -0.44508197181075315, 0.6225726179705093], [0.5972507461268827, -0.8007915526552953, 0.044993726749442825], [0.4785249967645199, 0.4007928736454448, 0.7812674957442829]], "T": [0.11749436296795121, -0.04408150739704906, 0.07552130674051605], "aligned_model": [[-0.17273429676426286, -0.5132176274760686, -0.42615211920187235, 0.6320004117279931, 0.11978384041258375, 0.04825104815917666, 0.3278806127662583, -0.12733966022741025, -0.07721543363950095, 0.5253125160227275, 0.4692287662771747, 0.07593672287007369], [-0.8315001627079436, 0.1510424943134221, -0.10339315908463456, -0.5413075480017848, -0.6009560781799348, -0.5012499864302636, 0.07334453682914377, 0.6662982808353627, 0.47040425412929376, 0.05148322759114896, 0.6011640404198471, -0.07461688822330784], [-0.07281812991878736, -0.10478484811012909, 0.6458133616553968, -0.04095684503497357, 0.5900429013774536, -0.6557106922184273, 0.7138460125342321, 0.28869736388692663, -0.28740469298151716, -0.27142100880173275, 0.008098609007418323, 0.0020056476284663616]], "inverted": false, "swapped": false, "error_lsq": 0.04290222993201646, "error_max": 0.20467312715481306, "target": "271.xyz", "model": "1.xyz", "model_rescale": 4.316132596720782, "target_rescale": 3.829127049350302},
{"mapping": [2, 4, 6, 1, 8, 0, 10, 3, 5, 9, 7, 11], "R": [[-0.6936164524943603, -0.16206734791279642, -0.7018763363796015], [0.6023483435233502, -0.6648632988212039, -0.4417389126342197], [-0.3950603623293723, -0.7291714260865543, 0.5587811212765567]], "T": [0.1287652663554477, -0.053896412401135914, 0.05476978304517592], "aligned_model": [[-0.24089995988470095, -0.6274002327904148, -0.4158119487631421, 0.45235033083567966, 0.168600983346435, -0.03620105933188436, 0.40975032542032097, -0.17926776695506078, 0.07432085054636481, 0.7782751255263222, 0.4897680127872952, 0.008250120189658094], [-0.8027696387392779, -0.07570998608416288, -0.0011229909297378396, -0.48025119506430936, -0.6090028889331415, -0.31181688719840633, -0.007971895164543129, 0.5159498938663326, 0.33186101069042123, 0.08671173467699547, 0.7597417825153606, -0.04490592814518156], [-0.002343377677407568, -0.09378201614085481, 0.6685666433820412, -0.03529446485802647, 0.5813683314451192, -0.5856809946544197, 0.6170634197584015, 0.161577303669713, -0.45902677010983245, -0.27434690909774445, 0.14494197732614617, 0.092364535981191]], "inverted": true, "swapped": false, "error_lsq": 0.04365640125423584, "error_max": 0.2749892939795389, "target": "271.xyz", "model": "2.xyz", "model_rescale": 3.795458400668931, "target_rescale": 3.829127049350302},
{"mapping": [0, 4, 10, 1, 2, 7, 6, 5, 9, 8, 3, 11], "R": [[-0.04980997802778585, -0.8100913438749228, 0.5841840297952292], [0.38663434694539245, 0.523665764899132, 0.7591363832900628], [-0.9208869897283714, 0.263678177427577, 0.2871253574616667]], "T": [0.048199893554499676, -0.11970536593261748, 0.09511619036119294], "aligned_model": [[-0.31240783632447455, -0.5772395914245106, -0.4775496721124431, 0.4526480980932503, 0.21373727798486836, 0.0129134241870036, 0.5468609013076992, -0.22280027997673385, 0.08122889680465782, 0.7463396531178496, 0.44795035519418563, -0.0299464459244793], [-0.7970911325969194, -0.08790857223927166, -0.10226003694459575, -0.6004504640507183, -0.4055943896898816, -0.23126606654825055, 0.05233881844850925, 0.5102915946464748, 0.5631599257967119, 0.08585650332417306, 0.5699454590417569, -0.19630862769763932], [-0.05758787784882448, -0.04188434928595393, 0.6072624488632771, 0.055434425777824155, 0.7869182949157029, -0.6596098339507411, 0.3578599716160503, 0.24837202599680952, -0.44075573566497256, -0.18932735598116573, 0.1357527941438919, 0.01297287044242812]], "inverted": false, "swapped": false, "error_lsq": 0.05766985687529879, "error_max": 0.3239173476561016, "target": "271.xyz", "model": "3.xyz", "model_rescale": 3.7530521520055578, "target_rescale": 3.829127049350302},
{"mapping": [9, 7, 8, 1, 5, 2, 3, 6, 4, 0, 11], "R": [[0.6791466382135358, 0.2024606806015556, 0.705527828376463], [0.7057603534569308, 0.0839452327182824, -0.7034596800046338], [-0.20164862333177713, 0.9756858463225899, -0.08587759890781019]], "T": [0.003696865305394724, -0.08571369436541013, -0.12908752797810996], "aligned_model": [[-0.3187400444670002, -0.34858377390345974, 0.21488998379188531, 0.503471407858384, 0.4430863574578995, -0.1330198424388808, -0.29077449395341437, -0.6649904983033755, -0.35175964592035064, 0.33047437845489813, -0.045854226131380585], [-0.6997927822300247, 0.21265120788826405, -0.3889249267529735, 0.32703676079119925, -0.5865897472809001, 0.6907796718269515, -0.4534023416483449, 0.04723429699903972, 0.2747775873517522, 0.10716345696546481, -0.06372982559608215], [-0.08385461986082592, -0.6556219672977837, -0.5224758617447488, -0.28169290158300375, 0.16607898660019166, -0.1953421314093192, 0.5665186872907718, -0.0006277310545604042, 0.5506794609170125, 0.5335990722895276, 0.015569783098054457]], "inverted": true, "swapped": true, "error_lsq": 0.04913511425579875, "error_max": 0.24347422794762583, "target": "271.xyz", "model": "4.xyz", "model_rescale": 3.7855080009869324, "target_rescale": 3.829127049350302},
{"mapping": [10, 3, 0, 8, 7, 15, 6, 1, 14, 13, 12, 16], "R": [[0.08977610641064324, -0.2864311672041736, -0.9538854423733493], [0.09734656446628864, 0.9556905957828361, -0.2778113235972555], [0.9911931684108582, -0.06791665176010266, 0.11368127070604622]], "T": [0.03425539066634742, -0.025689974070630343, 0.10203775676572568], "aligned_model": [[-0.17863825524250515, -0.6486446522287227, -0.5150894792711436, 0.4850170056972557, 0.08688547803081617, 0.23637124708164198, 0.5270535003972494, -0.0940544587333437, -0.024151488450249406, 0.710544094681612, 0.2813771986048177, 0.015064590359444466], [-0.6995976579031449, -0.096659192944254, 0.21106753088900068, -0.5258027943633715, -0.5965507644128976, -0.36573224346169053, -0.12354222754698613, 0.5870240464625627, 0.2989526055257197, 0.08761751757715158, 0.5894600333010094, -0.005523841632749736], [-0.07541365426674995, -0.0029741796301888945, 0.6026773287525643, -0.10292811199585117, 0.5844457830564572, -0.6210379946592172, 0.5187535203291067, 0.5277395897174391, -0.4886340899628586, -0.13176267102096678, -0.05154135471121471, 0.0560835134158065]], "inverted": true, "swapped": false, "error_lsq": 0.040017685380243105, "error_max": 0.19529637907376404, "target": "271.xyz", "model": "5.xyz", "model_rescale": 4.2253639853439635, "target_rescale": 3.829127049350302},
{"mapping": [4, 8, 5, 3, 2, 0, 6, 11, 9, 7, 12, 13], "R": [[0.6649484394333929, -0.6686076777941443, 0.3328773739529578], [0.42595103518032773, 0.705575966544318, 0.5663287658806135], [-0.6135220358910531, -0.23478996705518185, 0.7539657703412829]], "T": [-0.07880864034321715, -0.11793051980814026, 0.035319755215759786], "aligned_model": [[-0.03154274479921347, -0.7389053051582676, -0.3133452432221541, 0.5274568532286666, -0.04131653476541976, 0.27860370987641, 0.3882307712983015, -0.004836253102586521, -0.2729369071339322, 0.686540152988681, 0.4328828418115824, -0.02909656009519531], [-0.8147778272092946, 0.21375793045466682, -0.036683019555522584, -0.4760855635245965, -0.5539559867165627, -0.21072107494167297, -0.019667279880084543, 0.5466595846524779, 0.18554475220209224, 0.02899629993569519, 0.6488979300416515, -0.15125273396850014], [-0.07905278297724463, 0.02436344831081196, 0.6176707593905562, 0.12003450400748744, 0.5438939840790282, -0.6765151793829103, 0.46652329390195213, 0.43331707655364926, -0.45744124445500495, -0.11315566434007723, -0.1112739692755064, 0.047043453211585186]], "inverted": false, "swapped": false, "error_lsq": 0.051840417803391985, "error_max": 0.3260432675204134, "target": "271.xyz", "model": "6.xyz", "model_rescale": 3.89814844738969, "target_rescale": 3.829127049350302},
{"mapping": [10, 9, 5, 4, 2, 11, 0, 6, 8, 7, 3, 12], "R": [[0.654749616631142, -0.7469297330774027, -0.115753675389998], [-0.7542785756893815, -0.6358273945122144, -0.16366842897702555], [0.04864945814057249, 0.1944723585313074, -0.9797008380061232]], "T": [0.16390777294711378, -0.058498045844545356, 0.09265620605844918], "aligned_model": [[-0.272444054176114, -0.7068286217021938, -0.47658426237269913, 0.4946366645691096, 0.17376791225733232, 0.039723281889790074, 0.4905470258934983, -0.1490016071579348, -0.0381015626260347, 0.7442706801530312, 0.4653412309002607, 0.11640809329882709], [-0.648786970350263, -0.03345329184965312, -0.03820344864565861, -0.6015089194683917, -0.6076524824385858, -0.2814295788764437, 0.15653489907786872, 0.5061421300814734, 0.36202337298094645, 0.07622980370633947, 0.6908244819469592, -0.22000698467424165], [0.10038482975419119, -0.10517394928970461, 0.5307597167054726, -0.013425742250522898, 0.5397356474811472, -0.6756016367156363, 0.5377157734209888, 0.2942623632072017, -0.3972833177248689, -0.18357192799173408, 0.0866932839165794, 0.10091263851121228]], "inverted": false, "swapped": false, "error_lsq": 0.036922004239690845, "error_max": 0.20396703438772604, "target": "271.xyz", "model": "7.xyz", "model_rescale": 3.7474275329858107, "target_rescale": 3.829127049350302},
{"mapping": [0, 1, 2, 7, 3, 10, 8, 4, 12, 11, 13, 14], "R": [[0.1389214409341213, 0.19717695427869109, -0.9704751835828502], [-0.9039226403687445, -0.37504015935609747, -0.20559362611460164], [-0.40450549251843915, 0.9057958531432633, 0.12613159378555017]], "T": [0.13712981770677002, -0.1116719562143464, 0.04646823888960962], "aligned_model": [[-0.29887341789628913, -0.6092722585284147, -0.4199138110818271, 0.6720353612701109, -0.06686829602259109, 0.2683917375644876, 0.3111455026561926, 0.11506232198849999, 0.05074779428509556, 0.6268938147218434, 0.12659284241219923, 0.10579318955756581], [-0.5824293959891278, -0.03869475878831634, 0.11389581748846515, -0.5031341850209953, -0.6077359734410278, -0.49204518507253053, -0.009805646769414103, 0.48788755429652714, 0.22490806408766306, 0.05424034063194351, 0.7781309108869453, -0.06450453081978275], [-0.10353792454149068, -0.0021125113876398344, 0.6358841115488341, -0.11009170109171186, 0.5223251474161138, -0.5964546762810412, 0.6980448746341528, 0.5487303864124062, -0.463330402499745, -0.2986176816763778, -0.08101375412325136, 0.06558181061407725]], "inverted": true, "swapped": false, "error_lsq": 0.050481859076271625, "error_max": 0.26756210144377035, "target": "271.xyz", "model": "8.xyz", "model_rescale": 4.019505241142653, "target_rescale": 3.829127049350302},
{"mapping": [9, 1, 7, 11, 8, 6, 4, 0, 2, 5, 3, 12], "R": [[-0.9992467144117673, 0.03722828505479636, 0.010957122303173755], [0.026190375432776095, 0.4385852692381433, 0.8983078680730764], [0.028636828944178162, 0.8979181568490439, -0.43922991203791856]], "T": [0.005640429142067943, -0.10942805869919278, -0.06311591691200083], "aligned_model": [[-0.2693000899622191, -0.6592507049599732, -0.2395924175750439, 0.3517355196394064, 0.14998244347015333, 0.24419973958654065, 0.34683401323079477, -0.22360401687276268, 0.0017810019652912817, 0.6691343610295603, 0.46596705404956396, 0.04384787732556101], [-0.6958568484235478, -0.07728194212665748, -0.03963251690670053, -0.6265418801885928, -0.4960388891093216, -0.2169288954321875, 0.2709825704368609, 0.367133084970638, 0.39934079198455585, -0.018972886330688374, 0.6133270618824344, -0.11881663926644385], [0.1556283332239423, -0.1779710828923043, 0.8055459409548045, -0.0709266755984129, 0.47151889311761486, -0.7410501788200865, 0.5899303009471347, 0.3150144024046947, -0.3649627714797812, -0.10914181486323206, 0.0015775280115591095, -0.059755195981606696]], "inverted": true, "swapped": false, "error_lsq": 0.05819595722170376, "error_max": 0.292023840586068, "target": "271.xyz", "model": "9.xyz", "model_rescale": 3.877068213659057, "target_rescale": 3.829127049350302},
{"mapping": [5, 7, 8, 12, 0, 3, 11, 9, 13, 6, 14, 15], "R": [[-0.8177006292998441, -0.4816261853883699, -0.3152806660594441], [0.5298205446877438, -0.41554499021069047, -0.7393325040450879], [0.22506859236557558, -0.7715948280406272, 0.5949668478760255]], "T": [0.03309171770623719, -0.002857650080985888, -0.008838966360458542], "aligned_model": [[-0.06234987565625192, -0.7785187344190695, -0.37019146421005245, 0.545153894877934, 0.05790399912048912, 0.11348845558577422, 0.3556750604877391, -0.04548254269751894, 0.15196998322765587, 0.5833668788487054, 0.2901446346344462, 0.040574491127022], [-0.7675713895883834, -0.022497511751607316, 0.06764118374345833, -0.5331625527980651, -0.5963587849681271, -0.3387719760487348, -0.10776931608887548, 0.5311870194487406, 0.4787067559721811, -0.013720209603758846, 0.733781847713017, -0.07075205453949561], [-0.13960303293675913, 0.07595088710870664, 0.6451606708114318, 0.11266927442156043, 0.5211674385182803, -0.5412479002413496, 0.6465912782568197, 0.37098688906349886, -0.6017994850907961, -0.2870184533020603, -0.03725717930715809, 0.04980729172215162]], "inverted": true, "swapped": false, "error_lsq": 0.04251984900044504, "error_max": 0.28414904088365617, "target": "271.xyz", "model": "10.xyz", "model_rescale": 4.260839863003843, "target_rescale": 3.829127049350302},
{"mapping": [2, 4, 9, 1, 8, 3, 7, 10, 5, 0, 6, 11], "R": [[0.7992821002211157, -0.18958417337095737, -0.5702683276084807], [0.13693257988090926, 0.9814273524239776, -0.13434962032406375], [0.5851474966478803, 0.02929493337272634, 0.8103975654241607]], "T": [0.05595758181138317, -0.07237701212888148, 0.10220631804211865], "aligned_model": [[-0.2300712687028536, -0.6469404283016523, -0.5991511053646589, 0.48590444165581026, 0.009793159736852637, 0.12142472875203014, 0.6098805191094112, -0.11038413143952855, -0.1274737883445401, 0.8384290024496388, 0.4153603566032085, 0.11496329477315509], [-0.6721939767033973, 0.032178850533512215, -0.131922874162173, -0.6415898165205182, -0.44957436284875757, -0.2995201701791673, 0.060061530583145256, 0.40807150112707186, 0.3476126014145749, 0.14009550621697914, 0.6588252939467891, -0.09133107191770948], [-0.06739389370175726, -0.07416067876646477, 0.552783902325232, -0.01780669861781091, 0.7114717871138317, -0.5670866744769735, 0.42660582670648917, 0.46940306719044145, -0.39435441259033543, -0.2333948951367762, -0.0963589551447744, 0.1056993041232249]], "inverted": false, "swapped": false, "error_lsq": 0.04641688802441902, "error_max": 0.2760228976682561, "target": "271.xyz", "model": "11.xyz", "model_rescale": 3.890672605050136, "target_rescale": 3.829127049350302},
{"mapping": [3, 4, 2, 8, 0, 7, 6, 11, 12, 5, 9, 13], "R": [[-0.7968816323595691, -0.5871351879568959, -0.14230929369078274], [-0.6004452922575142, 0.7437309942168888, 0.2938190927202428], [-0.06667169574667534, 0.3195879836664371, -0.9452081282354085]], "T": [0.10222385662938713, 0.003953486041304792, 0.22040406382791192], "aligned_model": [[-0.1343437269432749, -0.5501485321343332, -0.5396023104848366, 0.5567033050370656, -0.047134411510882074, 0.08975552381350639, 0.5281120751192245, -0.061908360596743955, -0.08638826926826026, 0.5626625212431866, 0.5402779803592163, 0.023748986293005023], [-0.8369391465088889, -0.20949924506925255, 0.21874092973701967, -0.5396696789670656, -0.5170280787942686, -0.2755858090434146, 0.03041355880157314, 0.45081351872807307, 0.30578201047163633, 0.13764257017483839, 0.62809155967996, -0.03204917771986119], [-0.07959346104093082, 0.07931812623913917, 0.43832528561416373, 0.08958613203158874, 0.45484991383774365, -0.5849942807548989, 0.6076732645689873, 0.4963368280130782, -0.4341623228355431, -0.39204646213092664, 0.06426097003468181, 0.07585368544724319]], "inverted": false, "swapped": false, "error_lsq": 0.05474099050872574, "error_max": 0.29301192472974097, "target": "271.xyz", "model": "12.xyz", "model_rescale": 4.124412569039231, "target_rescale": 3.829127049350302},
{"mapping": [0, 1, 6, 5, 3, 4, 9, 8, 2, 10, 11, 12], "R": [[-0.47630007138945374, 0.5528458446469503, 0.683739507452218], [-0.3772728395369882, -0.8308876726478022, 0.40901207804857903], [0.794231355803899, -0.06314386350643299, 0.6043255794349448]], "T": [0.1289727826004674, -0.19934607689744863, 0.15985417449030587], "aligned_model": [[-0.10360663304460543, -0.633518283408285, -0.3436156373026462, 0.5601799265520482, -0.07730013694340515, 0.05532127565481787, 0.3379712873972538, -0.09586368425828468, -0.04874727637752074, 0.6419070830934364, 0.41172305461502856, 0.17728380494903545], [-0.709999457786019, -0.017435097486421164, 0.003520042933181422, -0.7170806320318953, -0.6122527833541352, -0.309624394325365, 0.0700801054189901, 0.4740934747686526, 0.39750761645375965, 0.17065800438394865, 0.7400147359699003, -0.12876860345424757], [0.011842913434619629, -0.06010052251635056, 0.5877774591832781, -0.1862053702372885, 0.7036490900530259, -0.6151880204768001, 0.7005670643639328, 0.2638919287945788, -0.4356093113917447, -0.2204155396737451, -0.008093460983908729, 0.07329144847472872]], "inverted": true, "swapped": false, "error_lsq": 0.0418729772968596, "error_max": 0.2459354618960499, "target": "271.xyz", "model": "13.xyz", "model_rescale": 3.9028299243045295, "target_rescale": 3.829127049350302},
{"mapping": [12, 1, 2, 13, 8, 14, 4, 3, 9, 10, 7, 15], "R": [[0.28362555477529255, -0.5273336227259825, 0.8009218407691845], [-0.9442910430099806, -0.2989961556807632, 0.13753445015430873], [0.16694601154124883, -0.7953116051151373, -0.5827593671487857]], "T": [0.0004268371568400542, -0.05906674688667833, 0.16930729817924195], "aligned_model": [[-0.16305431179765906, -0.6136963731552634, -0.5585782979780325, 0.4373052184553405, -0.04559882742188215, 0.2615293299328396, 0.5490540541424731, -0.03166993465491193, -0.042465775950632945, 0.6633851754638473, 0.41160280065747107, 0.013921723233283015], [-0.7128014019196968, -0.0587463357008851, -0.12624994969094, -0.6506798544029286, -0.6027259337433128, -0.24954050976767683, 0.172631846725672, 0.4668730883529286, 0.3711891120473469, 0.05584434811180576, 0.6739455614849658, 0.020973039993070694], [-0.004316443590895669, -0.04294570094075653, 0.64380645066488, -0.13364907287804706, 0.7159547954790043, -0.6544620182577475, 0.4928613313535582, 0.5025437490449154, -0.4740320959646416, -0.15105856136954832, -0.16870932663701121, 0.0894145721206166]], "inverted": false, "swapped": false, "error_lsq": 0.045953407049747756, "error_max": 0.25233490454593294, "target": "271.xyz", "model": "14.xyz", "model_rescale": 3.942246331269136, "target_rescale": 3.829127049350302},
{"mapping": [4, 5, 1, 11, 13, 10, 8, 0, 9, 6, 7, 14], "R": [[-0.2745050222064775, 0.666514308624715, 0.6931130277104445], [-0.4820211029033228, 0.528322144436183, -0.6989501899665079], [-0.8320472637652778, -0.5259604434716277, 0.1762468801535026]], "T": [-0.01819427282288423, -0.12175181447509727, 0.0788956005280244], "aligned_model": [[-0.10786343535987243, -0.5699721833532053, -0.6691175950658965, 0.5901910893875135, 0.1699535947715916, 0.0653867063457371, 0.6005684192136878, -0.004928302022061085, 0.038936706560482856, 0.46951158589701886, 0.34736149517926496, -0.048293300627388104], [-0.6794140697748974, 0.16458765125477653, 0.01999752522855909, -0.4987140567895388, -0.7594935723456007, -0.41760672194070814, 0.1254212110810769, 0.46457706094614964, 0.30707224483764695, 0.048705012172452974, 0.6444953078358937, -0.058914581015461], [-0.07806371657822646, -0.04889487644673875, 0.540249465835681, 0.0355626618561405, 0.5466729799439256, -0.5649091910764581, 0.4724424880380803, 0.5224719149703367, -0.6000803073520705, -0.13529322961479556, -0.022167924838564848, 0.14741741428701638]], "inverted": false, "swapped": false, "error_lsq": 0.05059812072049149, "error_max": 0.2697283940440849, "target": "271.xyz", "model": "15.xyz", "model_rescale": 4.355366556412066, "target_rescale": 3.829127049350302},
{"mapping": [2, 4, 6, 1, 8, 0, 10, 3, 5, 9, 7, 11], "R": [[-0.6936164524943603, -0.16206734791279642, -0.7018763363796015], [0.6023483435233502, -0.6648632988212039, -0.4417389126342197], [-0.3950603623293723, -0.7291714260865543, 0.5587811212765567]], "T": [0.1287652663554477, -0.053896412401135914, 0.05476978304517592], "aligned_model": [[-0.24089995988470095, -0.6274002327904148, -0.4158119487631421, 0.45235033083567966, 0.168600983346435, -0.03620105933188436, 0.40975032542032097, -0.17926776695506078, 0.07432085054636481, 0.7782751255263222, 0.4897680127872952, 0.008250120189658094], [-0.8027696387392779, -0.07570998608416288, -0.0011229909297378396, -0.48025119506430936, -0.6090028889331415, -0.31181688719840633, -0.007971895164543129, 0.5159498938663326, 0.33186101069042123, 0.08671173467699547, 0.7597417825153606, -0.04490592814518156], [-0.002343377677407568, -0.09378201614085481, 0.6685666433820412, -0.03529446485802647, 0.5813683314451192, -0.5856809946544197, 0.6170634197584015, 0.161577303669713, -0.45902677010983245, -0.27434690909774445, 0.14494197732614617, 0.092364535981191]], "inverted": true, "swapped": false, "error_lsq": 0.04365640125423584, "error_max": 0.2749892939795389, "target": "271.xyz", "model": "16.xyz", "model_rescale": 3.795458400668931, "target_rescale": 3.829127049350302},
{"mapping": [10, 9, 5, 4, 2, 11, 0, 6, 8, 7, 3, 12], "R": [[0.654749616631142, -0.7469297330774027, -0.115753675389998], [-0.7542785756893815, -0.6358273945122144, -0.16366842897702555], [0.04864945814057249, 0.1944723585313074, -0.9797008380061232]], "T": [0.16390777294711378, -0.058498045844545356, 0.09265620605844918], "aligned_model": [[-0.272444054176114, -0.7068286217021938, -0.47658426237269913, 0.4946366645691096, 0.17376791225733232, 0.039723281889790074, 0.4905470258934983, -0.1490016071579348, -0.0381015626260347, 0.7442706801530312, 0.4653412309002607, 0.11640809329882709], [-0.648786970350263, -0.03345329184965312, -0.03820344864565861, -0.6015089194683917, -0.6076524824385858, -0.2814295788764437, 0.15653489907786872, 0.5061421300814734, 0.36202337298094645, 0.07622980370633947, 0.6908244819469592, -0.22000698467424165], [0.10038482975419119, -0.10517394928970461, 0.5307597167054726, -0.013425742250522898, 0.5397356474811472, -0.6756016367156363, 0.5377157734209888, 0.2942623632072017, -0.3972833177248689, -0.18357192799173408, 0.0866932839165794, 0.10091263851121228]], "inverted": false, "swapped": false, "error_lsq": 0.036922004239690845, "error_max": 0.20396703438772604, "target": "271.xyz", "model": "17.xyz", "model_rescale": 3.7474275329858107, "target_rescale": 3.829127049350302},
{"mapping": [6, 12, 7, 0, 2, 4, 1, 11, 5, 8, 10, 13], "R": [[-0.12060940240337942, -0.57467390146188, -0.8094462792739748], [-0.9757200342551983, 0.21879531249560252, -0.009951179979627078], [0.18282173504519375, 0.788592745470394, -0.587109610708709]], "T": [0.07019207659316191, -0.003371699663152296, 0.11228662574371306], "aligned_model": [[-0.10560328043087457, -0.5861547297438451, -0.47487591518992817, 0.6616381368914493, 0.024531296901482355, 0.21328321856154697, 0.39090685818376, 0.016435247380818738, -0.13705300871554943, 0.6320581390836072, 0.15014151417658295, 0.09642730382782286], [-0.7133471993134293, 0.32207292233996115, 0.03517642893836082, -0.5943610512317966, -0.6251592381056765, -0.4107004583091215, -0.07627881020762953, 0.5592744143990519, 0.2382173403903751, 0.10275832361545476, 0.6274277861725769, -0.10436744719777774], [-0.13272274919011107, -0.03781864109913241, 0.6307788707688127, 0.10419126466607348, 0.4515919072310738, -0.5968212852900895, 0.7208464000560045, 0.5620379075093024, -0.5372548640871476, -0.3234855592326408, -0.15630128642459562, 0.13036571411677664]], "inverted": false, "swapped": false, "error_lsq": 0.05164749164206031, "error_max": 0.32027064179006237, "target": "271.xyz", "model": "18.xyz", "model_rescale": 3.922800546911778, "target_rescale": 3.829127049350302},
{"mapping": [3, 2, 1, 12, 5, 7, 8, 6, 11, 13, 4, 14], "R": [[0.40808158614736156, 0.2278570874339088, -0.8840534863647052], [-0.43785550106468635, 0.8985618628893526, 0.029481159207349505], [0.8010942386728583, 0.3750569640294027, 0.46645502944892914]], "T": [0.010902047711243812, -0.041874881054513216, 0.10416664793610135], "aligned_model": [[-0.17235918316282967, -0.6901917033908562, -0.4326688966276644, 0.48960097853561063, 0.14211731171897454, 0.1653317428752188, 0.43052036721717335, -0.0694683261174015, 0.1408132419818599, 0.6207631249698559, 0.24369348920857803, 0.013582633718353505], [-0.6051090068180428, -0.007794828343452874, 0.03756634030241075, -0.6547121657202003, -0.5979247829685296, -0.3632601537958627, 0.08135821267594921, 0.5344164487628081, 0.29148230387379925, 0.09326039201964544, 0.6329257229715335, -0.08149547146970804], [-0.1373532982774926, -0.038784619846259485, 0.6914629391073085, -0.013697005145367883, 0.6102543688487011, -0.6107277462055689, 0.5320973953313518, 0.474567347316028, -0.5116577439392596, -0.18152841893822041, -0.015497167245602031, 0.01627162801870792]], "inverted": true, "swapped": false, "error_lsq": 0.03347355983953649, "error_max": 0.2033739952557324, "target": "271.xyz", "model": "19.xyz", "model_rescale": 3.9282355846067225, "target_rescale": 3.829127049350302},
{"mapping": [1, 11, 10, 5, 2, 3, 7, 9, 4, 6, 8, 13], "R": [[0.47253074225671626, 0.5646491926514088, -0.6766727324640983], [-0.174818887469959, 0.8125957660762182, 0.5559914365696382], [0.8638015131996949, -0.14442787193999818, 0.4826878241687901]], "T": [0.12170808871239439, 0.026400874092767354, 0.09746634115568427], "aligned_model": [[-0.1440192893042506, -0.5309656581063507, -0.5274700254928796, 0.5247394003906548, 0.0863618505837607, 0.14062307464129883, 0.5007237359801354, -0.09890466350120605, -0.06840108688887284, 0.7231440058771904, 0.261591785097974, 0.014311651649418194], [-0.6590174720397863, 0.29436058036924073, -0.20544750733805978, -0.5328732394511116, -0.6599712387813743, -0.3716533446280942, -0.01958145333060428, 0.6178859034966453, 0.2500330069906346, 0.012792533083099897, 0.7270586183353636, -0.09287337521560378], [-0.04776260796922853, -0.027344505134857852, 0.6142336515152458, -0.014195559129064103, 0.5517351783861485, -0.5409301903256442, 0.5897371417020583, 0.3801327501780847, -0.46218981705895495, -0.1573545854892232, -0.1635563705890401, 0.09290259293880246]], "inverted": false, "swapped": false, "error_lsq": 0.04288693048315035, "error_max": 0.3138029961815152, "target": "271.xyz", "model": "20.xyz", "model_rescale": 4.067790424073018, "target_rescale": 3.829127049350302},
{"mapping": [6, 5, 8, 3, 2, 11, 0, 7, 10, 12, 9, 14], "R": [[-0.8311742260029563, 0.5234042549213912, 0.18760967981042523], [-0.5323402082112464, -0.8465243266112538, 0.003235301681521467], [0.1605095285333358, -0.09718307664170237, 0.9822383320072882]], "T": [-0.058523376358701626, -0.08141964871433605, 0.068379613480329], "aligned_model": [[-0.22930170639153996, -0.6472992622513345, -0.36475289277475653, 0.6034996106322009, 0.1015643664153907, 0.20534469311883852, 0.3421977035005745, 0.028940904066760184, 0.0012064361499101173, 0.6359941140493881, 0.240797194713122, -0.036456380301681524], [-0.7834297419572214, -0.03894228514140773, 0.13550829409109413, -0.6130924014091288, -0.6368701770189878, -0.27631330799058434, -0.051756105251945246, 0.5258919883512109, 0.41074736895755887, 0.10879290178104084, 0.61459883541452, -0.03442235833579996], [-0.09153753279136412, 0.07055920819601698, 0.497720559152701, 0.015515018632689712, 0.53696104371259, -0.4887759818996849, 0.6540422466289955, 0.4928634557443283, -0.5839169431312381, -0.19330437160278663, -0.10486981639780124, 0.010150792779879743]], "inverted": true, "swapped": false, "error_lsq": 0.04005145769994221, "error_max": 0.20472270738452933, "target": "271.xyz", "model": "21.xyz", "model_rescale": 4.186013935880536, "target_rescale": 3.829127049350302},
{"mapping": [9, 8, 2, 7, 1, 10, 0, 5, 11, 4, 3, 12], "R": [[0.4735803576313364, 0.8669497255255882, -0.15530556421739233], [-0.8670871719352846, 0.42798849509858955, -0.2549228987919972], [-0.15453634242807018, 0.2553899400414034, 0.954407930286941]], "T": [0.08251601837527794, -0.0613707575646838, 0.07405057264677772], "aligned_model": [[-0.26794055504799236, -0.6760584673416064, -0.4358122240969546, 0.621531507930311, 0.1338271733661641, 0.2852607254912851, 0.3265042248663879, -0.07977439497535169, -0.1581257277710173, 0.564238256843009, 0.46484326889564725, 0.10324099276699113], [-0.5160856536897472, -0.026858128088269796, 0.052504967193433005, -0.5561574295644156, -0.6266050141762001, -0.5581982843363484, -0.0604815212181668, 0.5763945433463289, 0.2813766103897879, 0.045128209148356774, 0.7753599971358303, -0.025665284650239144], [-0.1623078704533678, -0.03102920052391446, 0.5918027867718855, 0.01953276718809273, 0.5355704925404631, -0.5649771458570919, 0.7539457155609942, 0.4808134259203076, -0.39879376800223876, -0.45907024276297415, -0.0037065645460921948, 0.05362728318826293]], "inverted": true, "swapped": false, "error_lsq": 0.04848598988892506, "error_max": 0.29012118422998456, "target": "271.xyz", "model": "22.xyz", "model_rescale": 4.166573947596378, "target_rescale": 3.829127049350302},
{"mapping": [1, 7, 13, 2, 6, 4, 12, 14, 8, 3, 9, 15], "R": [[-0.8407489297681844, 0.420445255056886, 0.3411261124478787], [-0.18871774971985733, 0.3629717601765766, -0.9124895135041231], [-0.5074710317193741, -0.8315511342151294, -0.22582263648980383]], "T": [0.0967574142605167, -0.0022335973936079834, 0.07145365264210898], "aligned_model": [[-0.08533001038625154, -0.6008188569226038, -0.5603218630061217, 0.4832712511565343, 0.17339594853523596, 0.18028474011696613, 0.40409002034668995, -0.026665023733731724, -0.04965259123453078, 0.5803035823709339, 0.3184210715332765, 0.06475651215047609], [-0.6857493444417089, 0.032131188448739884, 0.1270403474839045, -0.5455987635736704, -0.6113629535130182, -0.30550279002718383, 0.0264483704271445, 0.5111393819251824, 0.31918364176849234, 0.009482692846253943, 0.5468085851451556, -0.06330734499894196], [-0.016577331618692903, -0.0821564219834797, 0.5894770203180297, -0.01893765921430489, 0.5211152971534452, -0.5925527449168629, 0.6494721378027719, 0.6606843792044215, -0.6560999253722799, -0.2855792364098828, -0.027879479391616932, 0.07444164345277822]], "inverted": true, "swapped": false, "error_lsq": 0.04444200437937396, "error_max": 0.26743498690638634, "target": "271.xyz", "model": "23.xyz", "model_rescale": 4.274766983524099, "target_rescale": 3.829127049350302},
{"mapping": [5, 0, 1, 8, 2, 7, 9, 6, 3, 4, 11], "R": [[-0.5450175967228683, 0.8157756030897982, 0.19356132016987537], [0.6904472596063536, 0.5676710946715491, -0.44836604462925356], [-0.47564524696932, -0.11072350101889561, -0.8726407653539991]], "T": [-0.1661722094605586, 0.00629987606452595, -0.045534734523775995], "aligned_model": [[0.2927953583688949, 0.3134986042148153, -0.52276833668533, -0.3932784738729841, -0.5669670698544171, -0.7452342581011022, 0.17388022083743726, -0.06632746902147708, 0.6388410885486739, 0.2995487395715279, -0.04409370004796369], [-0.16832555444541378, 0.5580232911288441, 0.42182553814046464, -0.3733017187806108, 0.5999955617742, -0.07282099185164903, -0.5816413259169828, -0.0013181025783794709, -0.06992811783825777, 0.525788735372792, 0.07728921623847616], [-0.5839750266885375, -0.266115451173572, -0.42448533535952404, -0.3547585042139284, 0.29048906083094733, 0.34019679326768487, 0.10209382156860247, 0.6409730019887689, 0.1823231432400582, 0.43573626755888833, 0.017088663002189135]], "inverted": true, "swapped": true, "error_lsq": 0.04722434273332629, "error_max": 0.20843570585901405, "target": "271.xyz", "model": "24.xyz", "model_rescale": 3.7841303162186577, "target_rescale": 3.829127049350302},
{"mapping": [4, 8, 0, 3, 6, 5, 11, 10, 9, 13, 14, 15], "R": [[-0.3801957201060442, -0.3252830578343527, -0.8658187724339199], [0.40167824373155386, -0.9012971505181016, 0.16222834210052625], [-0.8331301236456292, -0.2861020425545476, 0.47332844655728745]], "T": [-0.04952970041463031, -0.009261281205321464, 0.0996223247444133], "aligned_model": [[-0.18240645447662787, -0.6218824431168136, -0.5980183856234343, 0.505738777739246, 0.1487186159829693, 0.17573382119589062, 0.5578817574618474, -0.014659122951894088, -0.12078836154001282, 0.7158215458245487, 0.3352176747285225, -0.019622644297368715], [-0.7099456134093547, -0.009752032440870362, 0.025503705865019183, -0.5748763916497565, -0.6078021468156574, -0.4679392130723905, -0.01846117452556518, 0.686398792156987, 0.4076949111043464, 0.08018055392608067, 0.6162633412416535, -0.06655172089014272], [-0.11967103514614699, -0.04826236250675636, 0.588786415028553, -0.04445526420945234, 0.4524294809685694, -0.6132659176144142, 0.569083986614639, 0.44617132623505634, -0.3043708007359157, -0.03542442745460592, -0.20035661842257851, 0.12474289626737836]], "inverted": true, "swapped": false, "error_lsq": 0.03908618133803979, "error_max": 0.17404780116719643, "target": "271.xyz", "model": "25.xyz", "model_rescale": 4.19342608120988, "target_rescale": 3.829127049350302},
{"mapping": [2, 4, 6, 1, 8, 0, 10, 3, 5, 9, 7, 11], "R": [[-0.6936164524943603, -0.16206734791279642, -0.7018763363796015], [0.6023483435233502, -0.6648632988212039, -0.4417389126342197], [-0.3950603623293723, -0.7291714260865543, 0.5587811212765567]], "T": [0.1287652663554477, -0.053896412401135914, 0.05476978304517592], "aligned_model": [[-0.24089995988470095, -0.6274002327904148, -0.4158119487631421, 0.45235033083567966, 0.168600983346435, -0.03620105933188436, 0.40975032542032097, -0.17926776695506078, 0.07432085054636481, 0.7782751255263222, 0.4897680127872952, 0.008250120189658094], [-0.8027696387392779, -0.07570998608416288, -0.0011229909297378396, -0.48025119506430936, -0.6090028889331415, -0.31181688719840633, -0.007971895164543129, 0.5159498938663326, 0.33186101069042123, 0.08671173467699547, 0.7597417825153606, -0.04490592814518156], [-0.002343377677407568, -0.09378201614085481, 0.6685666433820412, -0.03529446485802647, 0.5813683314451192, -0.5856809946544197, 0.6170634197584015, 0.161577303669713, -0.45902677010983245, -0.27434690909774445, 0.14494197732614617, 0.092364535981191]], "inverted": true, "swapped": false, "error_lsq": 0.04365640125423584, "error_max": 0.2749892939795389, "target": "271.xyz", "model": "26.xyz", "model_rescale": 3.795458400668931, "target_rescale": 3.829127049350302},
{"mapping": [6, 7, 0, 8, 1, 5, 9, 3, 10, 11, 4, 12], "R": [[-0.4665709477981716, -0.7630896778383611, -0.44721996181662366], [0.13844853389819248, -0.5624043220427678, 0.8151891694625586], [-0.8735808801319755, 0.318426635387433, 0.3680501647108474]], "T": [0.1935142487921656, -0.06837676143711718, 0.18951491369803983], "aligned_model": [[-0.16913778461348916, -0.5038219469149333, -0.5156675714036584, 0.4839230169881069, 0.21719750941383345, -0.11100527721141729, 0.38139893271205505, -0.25184347216461955, 0.07947585492310683, 0.7862485054871174, 0.43953895383529196, 0.04542805987547863], [-0.7881335536943657, 0.13612654874170493, -0.0900391100164939, -0.6457556146942667, -0.5586793477376648, -0.3606770800399636, 0.12841531747994053, 0.4852871345016399, 0.3141497016053587, 0.10759044667867687, 0.6966076985056124, -0.06417912983982942], [0.011693029943069394, -0.17395272573093482, 0.6229489694097219, -0.14671137509054902, 0.5202650423216721, -0.4339342421338227, 0.5216993704976228, 0.3899877287277902, -0.4007012994859175, -0.1700351305816821, -0.04099279374611117, 0.1151411048934679]], "inverted": true, "swapped": false, "error_lsq": 0.0472886067020066, "error_max": 0.3046331525027926, "target": "271.xyz", "model": "27.xyz", "model_rescale": 3.6321398670334006, "target_rescale": 3.829127049350302},
{"mapping": [4, 2, 13, 7, 6, 3, 9, 11, 0, 8, 10, 14], "R": [[-0.42685574409944166, -0.8514483197391959, -0.30468004946601335], [0.6626736733504236, -0.5237641087118694, 0.5352894180473937], [-0.61535175012148, 0.026587915272945517, 0.7878041040664047]], "T": [0.12542981422072502, -0.06881042815694942, 0.020817470578610622], "aligned_model": [[-0.11115612650468948, -0.6347931857976179, -0.3835008426230216, 0.5507743619327725, 0.10338934821992746, 0.11449262390689197, 0.2866978983202459, -0.19947199275766248, 0.029290080012407266, 0.6129244100857587, 0.4460690256734336, 0.0670191804584271], [-0.8612373943100156, 0.15325080328933383, -0.04769342831082278, -0.6476864434000359, -0.5194670048756573, -0.2589666347308391, 0.19366809586912598, 0.44024054814488495, 0.379951549561755, -0.027881010887317773, 0.6390152757413419, -0.08248134460140358], [0.07135308498616504, -0.05788109017116723, 0.6587994380009989, -0.270510452408144, 0.6535340776464269, -0.6389408752812354, 0.613835000417478, 0.2395221933603583, -0.4020081827114866, -0.145625966056539, 0.049884668181409256, 0.04344578306006214]], "inverted": true, "swapped": false, "error_lsq": 0.04913037361150685, "error_max": 0.28978260285895185, "target": "271.xyz", "model": "28.xyz", "model_rescale": 4.156811204709835, "target_rescale": 3.829127049350302},
{"mapping": [3, 5, 9, 10, 1, 0, 6, 2, 7, 11], "R": [[-0.060639643147991196, -0.8917301461310373, 0.448486544012196], [-0.34251865092806805, -0.4034415698618324, -0.848478563944804], [0.9375520291937407, -0.20506644335078184, -0.2809696538172049]], "T": [-0.07699350303696673, -0.07392082370358817, 0.03738864987467015], "aligned_model": [[-0.5691126219377229, -0.0830008720692979, 0.1179148207309437, 0.6408083906089256, -0.0716622230221359, -0.7235823659835497, -0.3130446166893005, -0.36688850806075446, 0.23236288223448398, -0.2208695117010038], [-0.09829948027010464, -0.7102593250116428, 0.011771800601692153, 0.2697618190136121, -0.3591645371168771, -0.47707683041582155, 0.546920426383344, 0.31702968025104755, 0.47606841756157, -0.058031640370615985], [-0.6430529592304302, -0.3177175888720858, -0.6242549266668186, -0.20554139811982364, 0.6390808744220113, 0.08765539181461851, -0.16300070118350724, 0.6612008555206322, 0.34098746547230085, -0.016570286181798094]], "inverted": true, "swapped": true, "error_lsq": 0.04813202637444251, "error_max": 0.2416157071665254, "target": "271.xyz", "model": "29.xyz", "model_rescale": 4.117894457231895, "target_rescale": 3.829127049350302},
