[{"mapping": [6, 3, 1, 4, 0, 9, 2, 10, 7, 8, 12, 11, 5, 14], "R": [[-0.6833234106663236, -0.1625738222988554, -0.711785690175409], [0.11010445732100113, -0.9866905371711191, 0.11966115633327619], [-0.7217659765556915, 0.003396492324312772, 0.6921288456107723]], "T": [-0.05640267680589767, 0.0876071159889729, 0.13233247963910008], "aligned_model": [[0.15590498564977756, 0.3944663001753659, -0.638716943607424, -0.2501955906928306, -0.5936526536232565, -0.18229246231458257, -0.6133722205407768, 0.04917113956078917, -0.39190379391984637, 0.21689191751249998, 0.5637647615730599, 0.15273314161112034, 0.592356283035232, -0.08366276329082437], [-0.6254648915780114, -0.21990358901019808, -0.256352410084913, -0.45488429591529483, 0.22161154341343497, 0.1008660968283202, 0.29109562841831194, 0.5055233226671632, 0.7975118983343503, -0.13144601943855772, 0.3962607419844086, 0.7310264737506871, -0.16436810636630877, 0.04379693880664215], [0.291785870236692, -0.3862898376001077, 0.258806665554433, -0.23355528982273557, 0.6578448537330487, -0.6588964792567553, -0.2463316114972364, 0.642239569705407, 0.26841921561900284, 0.7771881146108649, 0.31379808255880653, -0.08892964282067825, 0.1232958318721539, 0.17821274428693828]], "inverted": true, "swapped": true, "error_lsq": 0.04879045195993919, "error_max": 0.2553987251068001, "target": "272.xyz", "model": "0.xyz", "model_rescale": 3.8414455957264533, "target_rescale": 4.002942971330312},
{"mapping": [11, 12, 3, 6, 10, 9, 8, 1, 13, 5, 0, 4, 7, 2, 14], "R": [[-0.11803116481981368, 0.39104478255242553, 0.9127719442280224], [-0.8446571645342189, -0.5228580674711207, 0.11477680811635385], [0.5221330467728427, -0.7574321219217541, 0.3920123239756852]], "T": [0.056450728553757684, 0.03466409026645151, 0.10010907277889708], "aligned_model": [[0.06907957270747148, -0.07085658749690849, -0.6130409197255693, -0.12863338133141147, -0.453603936553891, 0.6343377556690627, 0.28500694437358187, -0.4142538536386343, 0.6667904993566439, -0.5065397373278824, 0.37396319127714883, -0.06672506082047384, 0.5265223918522175, -0.05404787759398591, -0.012423985876106255], [-0.07019276523754592, -0.5175830665915233, 0.42720714829395245, -0.34190045982119427, -0.42131837045838916, -0.1309563407124993, -0.7203610673406817, 0.3960286126738014, -0.18815487989296284, 0.01830906353463988, 0.5720107670779511, 0.554552921984651, 0.4165026606178318, 0.3162044645310757, 0.04041868675852668], [-0.7455332595810249, -0.4108757302136498, -0.0050943611893145835, 0.7588732078598426, 0.08262952691427392, 0.4227948901425094, 0.05537133601208355, -0.5294548790299207, -0.29063901915848905, 0.44230351079545666, -0.268620847951889, 0.2018959207255318, 0.3150205422051587, 0.7732582414753841, 0.04277533577522227]], "inverted": false, "swapped": false, "error_lsq": 0.04859162246619888, "error_max": 0.3567339086603149, "target": "272.xyz", "model": "1.xyz", "model_rescale": 4.316132596720782, "target_rescale": 4.002942971330312},
{"mapping": [12, 5, 8, 2, 0, 11, 1, 9, 6, 13, 4, 14], "R": [[-0.3981251935463057, 0.6941389852537149, -0.5997227687979336], [0.8945591751735783, 0.438545641648761, -0.08626472224289602], [0.20312609969298392, -0.5708316646278654, -0.7955444665646896]], "T": [-0.10851881670204025, -0.017087593843399976, -0.07891194335686068], "aligned_model": [[-0.014883269022102102, 0.47454057330859645, 0.14615528013979537, -0.5503614718259011, -0.5965431343556762, -0.47326591852899036, -0.1903150952433974, -0.09371329971801981, 0.5667312872022018, 0.16659976263438211, 0.2580412762995191, -0.09517743625862714], [-0.6363875818093131, -0.3269000789953537, -0.5652779131431495, 0.5253082187569594, -0.09943210603450134, -0.2129355236255023, 0.37411101050287504, 0.6134723959769166, -0.015522808867492171, -0.17404375093670532, 0.5477390468808009, -0.017354480964553894], [0.26822547413765074, 0.1413591019995285, -0.4950146705805134, -0.0041390081346485835, -0.6601258679803, 0.5001271981800166, -0.6389715842656026, 0.4152967169966161, -0.4296347169421524, 0.6887499183447319, -0.18995720192891336, -0.14665689861699238]], "inverted": true, "swapped": true, "error_lsq": 0.04311557432297198, "error_max": 0.2512252732933744, "target": "272.xyz", "model": "2.xyz", "model_rescale": 3.795458400668931, "target_rescale": 4.002942971330312},
{"mapping": [1, 10, 8, 13, 4, 3, 12, 2, 11, 9, 6, 14], "R": [[-0.9364298963921985, 0.26312922084086426, 0.2320820162842784], [-0.0910045529897952, -0.8209972555885424, 0.5636325732702193], [0.33884689828597214, 0.5066818720417786, 0.792752332110234]], "T": [0.022843734327703556, -0.07800540014570917, -0.03475107111102122], "aligned_model": [[0.05322987586662362, -0.30976950554069627, -0.7085772755402493, 0.19486489738725662, 0.23122931498496455, 0.1594013396655263, -0.29358894143891706, 0.6486635276430486, 0.333322056818589, 0.7442396767366731, -0.44123370080625934, -0.018477440032995063], [0.04340324322334965, -0.6498362182078088, -0.12392913301539632, 0.08352957834595587, 0.5185213443301129, 0.5163614342814697, -0.3005037743169747, -0.19746766584582062, -0.49295327782763304, 0.24304687390955898, 0.511983463678489, -0.06638682326559336], [-0.7113088323688306, 0.055708727612387814, -0.07253093958862497, 0.7614557939938209, -0.29254513272541316, 0.4067179114791462, 0.5678842354442628, -0.33322635421430785, 0.45320861717620947, 0.10155973426975373, -0.15931788069119932, -0.08883444974810481]], "inverted": false, "swapped": true, "error_lsq": 0.04390249348809863, "error_max": 0.2875222873303396, "target": "272.xyz", "model": "3.xyz", "model_rescale": 3.7530521520055578, "target_rescale": 4.002942971330312},
{"mapping": [1, 10, 8, 12, 6, 11, 4, 2, 9, 3, 14], "R": [[0.8046073603822961, -0.19349657746372306, 0.5613965355508165], [-0.12384048682208326, 0.8699499803779926, 0.47733695170602436], [-0.5807499715387882, -0.45359244498796, 0.6760054470250527]], "T": [-0.10002934001906623, -0.042469923224145764, -0.06547160340138863], "aligned_model": [[-0.4909249825474143, -0.049676879274467164, 0.3511349198088343, 0.3972356518208231, 0.37282012894797484, -0.17378861993818784, -0.16040083618752632, -0.754863613632882, -0.37276378437599417, 0.3204442544825518, -0.10101663665850709], [-0.6071494150613511, 0.12440584221679259, -0.3851850247475967, 0.3782791509161174, -0.6067527667605438, 0.6583130975897112, -0.4067250133127106, 0.06254111932665884, 0.25287677110872364, 0.10497481611044686, -0.10837521907190248], [-0.023860922665032425, -0.710004097238486, -0.5318514606217031, -0.3629648335920046, 0.12680389549052523, -0.16619852973033222, 0.508462188162921, 0.16941964015211575, 0.6276759689608784, 0.5413865193927507, -0.08603759106631681]], "inverted": false, "swapped": true, "error_lsq": 0.044331281252744596, "error_max": 0.22906515678653822, "target": "272.xyz", "model": "4.xyz", "model_rescale": 3.7855080009869324, "target_rescale": 4.002942971330312},
{"mapping": [15, 14, 12, 0, 2, 5, 3, 13, 10, 1, 8, 6, 7, 4, 16], "R": [[-0.03492646368032015, -0.859133124313219, 0.5105589259258857], [0.46861762328484885, -0.4653048500643007, -0.7509253755557193], [0.8827104085041971, 0.21302974255827611, 0.41885637574699486]], "T": [-0.015500172358577473, 0.04626584681271355, 0.010940350343903227], "aligned_model": [[0.20462719044112515, -0.3632486690827388, -0.6827952499526383, -0.06926454283629413, -0.32038158803859623, 0.5344126286418405, 0.2111646121572439, -0.3091682199893846, 0.6731498365307109, -0.5414418650725301, 0.34098431323320744, -0.007145747408306445, 0.5627271091492088, 0.03601589742941153, -0.034060690330995756], [-0.00574252796243431, -0.3102462234140894, 0.08637432085004575, -0.2830203370326582, -0.6225388474153613, -0.22018536222933333, -0.5922535711107623, 0.5316676431045707, -0.08809560814706115, -0.009987627562432225, 0.459248692322825, 0.6754594165329899, 0.4000534006252726, 0.3235948785042808, 0.0064391283517809955], [-0.7816233251963978, -0.44695431586389855, -0.11623611264860867, 0.716031752160859, 0.0853264440048184, 0.5416972712740116, 0.1636905837129625, -0.43962797170364887, -0.18571274206036043, 0.5525350525662169, -0.43366492943845825, 0.18449934167932305, 0.33009086274103117, 0.6946328884046638, -0.019980384851339277]], "inverted": true, "swapped": false, "error_lsq": 0.0315072539637933, "error_max": 0.21376508851777362, "target": "272.xyz", "model": "5.xyz", "model_rescale": 4.2253639853439635, "target_rescale": 4.002942971330312},
{"mapping": [0, 4, 5, 8, 6, 13, 12, 10, 9, 2, 3, 11, 7, 14], "R": [[-0.05042402716487812, 0.36482732931689626, -0.9297087916482112], [-0.9449454071335945, 0.28393176414446664, 0.162668161749423], [0.3233196483692278, 0.8867264364466148, 0.33042492624662406]], "T": [0.09477200418357642, -0.036690664297953715, -0.058513711753338235], "aligned_model": [[0.81921412786593, -0.26211847457061455, -0.44403119612870334, 0.20695490838935998, -0.2838162235503314, -0.5032488564479716, -0.04311347653653291, 0.5357082307927463, -0.298089460455917, 0.31711105525236716, -0.6532031467587568, 0.13428869542334956, 0.729363288906668, 0.11904268057619019], [-0.14600362396720423, 0.15028860628358715, -0.4352470188082923, -0.761829595133225, -0.5263334846724372, 0.08820024139532462, -0.3684972249764133, -0.34100861327769827, 0.6585323928668814, 0.6082245918239498, 0.04564522708156374, 0.2728446786348563, 0.2762667110446333, -0.07598374166053526], [-0.2729717863703112, -0.6093262241855003, 0.1293833485501069, -0.06858984048233521, -0.5011111333037697, 0.503983856047057, 0.5609186719706458, 0.3399468973397461, -0.12478643956374609, -0.2307310164764746, -0.03466521923666034, 0.5812592869827657, 0.3080882274987398, -0.10984041983881526]], "inverted": false, "swapped": true, "error_lsq": 0.04086754589900092, "error_max": 0.27016548344651115, "target": "272.xyz", "model": "6.xyz", "model_rescale": 3.89814844738969, "target_rescale": 4.002942971330312},
{"mapping": [11, 12, 10, 9, 0, 5, 3, 2, 4, 6, 8, 1, 14], "R": [[0.0017337987937891541, 0.5597242877959784, -0.8286770876481547], [0.9406102367717216, -0.2822362633806114, -0.18866656861562914], [-0.3394839855162367, -0.7791350417509375, -0.5269717357636714]], "T": [-0.007337375616444902, 0.042761221437644034, -0.03775097469014685], "aligned_model": [[0.1808459632125156, -0.010998599839488893, 0.5044149480498229, -0.389348674649179, 0.6483665301627166, -0.4994727770536911, -0.7291006148054383, 0.18542710716543095, -0.47380663197777206, -0.486027160527428, 0.08343679296859416, 0.1309123070603783, 0.0039826111377616324], [-0.2711087752482921, 0.3657456058693901, 0.3546175864441223, -0.6614814985747155, 0.1719734562624855, 0.42610910717148454, -0.05845383925201782, -0.5949069087868412, -0.1484022938505934, 0.5265225686901012, 0.7705382448151677, -0.0004552436134647314, 0.08308325554365908], [-0.6482883146542262, -0.6768692425867042, -0.3321320098019982, -0.051049951517568776, 0.3311861009785789, -0.34647173332745773, -0.22650508478257264, 0.18859025250652892, 0.42223753451066515, 0.3025469301115644, -0.012978894830479565, 0.6348656642571525, 0.01714377997281269]], "inverted": false, "swapped": true, "error_lsq": 0.04071029328436425, "error_max": 0.20590887354284473, "target": "272.xyz", "model": "7.xyz", "model_rescale": 3.7474275329858107, "target_rescale": 4.002942971330312},
{"mapping": [13, 4, 2, 5, 8, 7, 9, 1, 11, 3, 12, 0, 10, 6, 14], "R": [[-0.38708483596923166, 0.604201136419091, 0.6964957404841409], [-0.4135291427949582, 0.5613905961098392, -0.7168223257256335], [-0.8241110227523595, -0.5654923388953367, 0.032548991209280065]], "T": [0.04218007717671485, 0.06516790976791847, 0.006907040066951725], "aligned_model": [[0.15438248983471628, -0.3570088982604272, -0.760093176041843, -0.04322957547177836, -0.3654040854363961, 0.48493835923848594, 0.3487643024686644, -0.3736377287317233, 0.6177260604578485, -0.46898820301699723, 0.3997487759597722, -0.11463771383422841, 0.6237645573967503, 0.0803968214747911, 0.008853028833628686], [-0.12871534426995446, -0.3985531543156999, 0.0672479740231875, -0.315737233808267, -0.4782065194562028, -0.12218053658222108, -0.610066820638528, 0.6299197718482292, -0.15115352639754842, 0.09348387963810578, 0.3237272473418385, 0.6257314365122182, 0.4613654458850224, 0.291108716679654, 0.06279603895780028], [-0.8636857069106334, -0.4807780862800868, -0.24793172533708116, 0.6074384104828168, 0.06879157697928426, 0.4893417975626313, 0.18127622238844693, -0.2631905471421284, -0.08491786382153388, 0.5089426286049811, -0.4242939726907672, 0.3157596756933979, 0.28983877110853984, 0.7907618293137061, -0.042648595170398436]], "inverted": false, "swapped": false, "error_lsq": 0.03779061856128286, "error_max": 0.25388938944061495, "target": "272.xyz", "model": "8.xyz", "model_rescale": 4.019505241142653, "target_rescale": 4.002942971330312},
{"mapping": [4, 1, 2, 9, 3, 11, 7, 6, 5, 8, 0, 12, 14], "R": [[-0.0106468746990801, -0.7644816900088827, -0.6445575146566093], [-0.04818255818841094, -0.6434530800276116, 0.7639676530386617], [-0.9987818005678533, 0.03919029783177247, -0.029983919195036568]], "T": [0.02757073847736108, -0.027541902733627055, 0.030867596967094905], "aligned_model": [[-0.2921947165667828, -0.6044941137700028, 0.003326821265251023, 0.31117006016393445, 0.3145880876124672, 0.6835717765417553, 0.24939050727136125, -0.39945867666203994, 0.24421214358699828, -0.2435718696088956, -0.43077136919375625, 0.5223047538061396, -0.03837263270525337], [-0.5453437772842031, 0.03202400200446609, 0.1328764980266466, -0.4110000537506704, -0.7235535489799994, 0.22719652782732308, 0.6969900567432057, -0.5384073415825388, -0.4778463643120198, 0.0654880437799792, 0.5823314154534975, 0.04492237790216427, -0.022299607713791927], [-0.27793291756737354, -0.23434874141869932, -0.6537398163953234, -0.6130256979360638, 0.028968750829254885, -0.07615650021031602, -0.21590117974512726, 0.39915280883621157, 0.5153815339521087, 0.7063971052130233, 0.003756204813741098, 0.543499686888573, 0.05065225678387002]], "inverted": true, "swapped": true, "error_lsq": 0.04945678664609536, "error_max": 0.30254839805340233, "target": "272.xyz", "model": "9.xyz", "model_rescale": 3.877068213659057, "target_rescale": 4.002942971330312},
{"mapping": [5, 3, 4, 14, 13, 10, 6, 1, 12, 2, 0, 8, 11, 9, 15], "R": [[0.6730768264450964, 0.6834197686294712, -0.28267473454314496], [-0.5685216466242629, 0.23366085015933047, -0.7887875153819663], [-0.4730229624682446, 0.6916213031343517, 0.5458106356865051]], "T": [-0.03898059821873421, -0.006234821672034072, 0.06874642818553697], "aligned_model": [[0.029794100469231637, -0.17047745306892162, -0.6416002875980961, -0.05870856345275708, -0.40321176735918784, 0.46498163889515587, 0.24768504686747642, -0.23617934459912995, 0.5811976828845916, -0.5674125440534724, 0.4360987698926063, -0.021804482783965552, 0.602100437847133, -0.04484626978112385, 0.017958050711723066], [0.09082202815592996, -0.40643174765093254, -0.026927057204467923, -0.31900765164637607, -0.6277656827275742, -0.1763151173138997, -0.5512586621499668, 0.5787191999264425, -0.1214872817731926, 0.06418206686281472, 0.5006765275484055, 0.731636416717059, 0.3289065104789778, 0.23759831188728528, 0.04741951430712911], [-0.7038113049091368, -0.40592434227518326, -0.23868164650179943, 0.7838027272670511, 0.34923446740612174, 0.5381135936939657, 0.035937948140898235, -0.5410470263916697, -0.3316171388405911, 0.4639128467738173, -0.31997778467009796, 0.2936329605186573, 0.21486510921046018, 0.6820622528431259, 0.024201752515555543]], "inverted": false, "swapped": false, "error_lsq": 0.03458651137292276, "error_max": 0.19197119205625235, "target": "272.xyz", "model": "10.xyz", "model_rescale": 4.260839863003843, "target_rescale": 4.002942971330312},
{"mapping": [13, 12, 8, 5, 1, 4, 9, 11, 10, 0, 2, 14], "R": [[0.20996781826625163, -0.9383642629089569, -0.2745651569078652], [0.9738401667019284, 0.22567676066432832, -0.026558038595056663], [0.08688408951281797, -0.26180624475246156, 0.9612016672884747]], "T": [-0.05778431157250405, 0.03607699069230534, -0.018844397148935495], "aligned_model": [[0.42832773426767456, 0.2892513545422386, -0.42490253499121533, -0.15283591410414946, -0.5355919299307724, -0.46826727825280523, 0.20140855561760548, 0.6507316421204129, 0.17087544376636482, -0.22607066817388538, 0.14528579604375955, -0.11931355181109797], [-0.10655740096210177, -0.5550026092154191, -0.5892797077233957, -0.3707747712447434, 0.383611726625721, 0.4964589151187008, 0.6905964962696746, -0.023719126355073977, -0.4530186215865827, 0.00861597479086652, 0.6653052934204707, 0.02684233639481656], [-0.6768570954026988, -0.22619827467690073, 0.0936998659639886, -0.5755294053204213, 0.3337364698291355, -0.3108695724869858, -0.40158527356569174, -0.052202380774015546, 0.37397264085261533, 0.7252547725004886, 0.22166218424459722, 0.011094146231393442]], "inverted": true, "swapped": true, "error_lsq": 0.0471409351184279, "error_max": 0.24788891196585008, "target": "272.xyz", "model": "11.xyz", "model_rescale": 3.890672605050136, "target_rescale": 4.002942971330312},
{"mapping": [11, 11, 7, 9, 2, 6, 12, 4, 3, 8, 0, 10, 1, 14], "R": [[-0.9647925107612403, 0.262889330967586, -0.00803808698865148], [0.12774391152258996, 0.44166197511912636, -0.8880406481703308], [-0.22990629449393246, -0.8578017832793817, -0.45969467731830654]], "T": [0.042101454787923376, -0.03992590251221174, 0.13569155217873957], "aligned_model": [[0.3008754160258135, 0.3008754160258135, 0.4169743233592996, 0.6725769212137288, 0.7251852429687653, -0.46169595490981596, -0.35616688341123975, 0.21690073157689296, 0.007544609718561857, -0.6542923185870606, 0.06203897477605468, -0.22308633820028745, 0.1908762966487611, 0.01126939758840604], [0.044801736398404006, 0.044801736398404006, 0.5895713091729998, -0.5314644916399529, 0.06387312339152848, -0.40436848799950825, -0.042307463515230355, -0.4927626738945985, -0.7813527793040136, 0.1699913645410699, 0.6556108748225709, 0.4904476495391902, 0.14311229767383057, -0.01780167575692871], [-0.5219865237161025, -0.5219865237161025, -0.17775540055939199, 0.08130583992623108, 0.2684749916619735, 0.5742589781821454, -0.4594396404703492, 0.6153899539088896, 0.009569441264791367, 0.23307458343449844, 0.4496805108332383, -0.17120314758133126, 0.7820326728746572, 0.19337469931371376]], "inverted": false, "swapped": true, "error_lsq": 0.04123342487168822, "error_max": 0.3382743196342861, "target": "272.xyz", "model": "12.xyz", "model_rescale": 4.124412569039231, "target_rescale": 4.002942971330312},
{"mapping": [1, 2, 9, 0, 4, 6, 7, 8, 11, 10, 5, 13, 14], "R": [[0.06836605977612752, -0.36844286006513066, 0.9271331839265132], [-0.5281116146434657, 0.7750626218295278, 0.3469525251693815], [-0.8464184569994672, -0.5133495798281764, -0.14159097619861302]], "T": [0.12220758486743523, 0.087012603608802, -0.014933567510608139], "aligned_model": [[-0.1633641809719812, -0.11226012715771365, 0.5020944184436731, -0.6004734727635102, 0.4746361202871649, 0.5089685820375696, -0.5173943033261779, 0.023368663147802962, 0.07811801425223174, -0.3123590358776414, 0.6685797874156131, 0.71880931682579, 0.09857452519693632], [-0.26770216623596244, 0.47554456328816463, 0.5895313615765542, -0.14266342002816665, -0.11092845885586022, -0.5670887560320532, 0.5527500889290424, -0.483198660028077, 0.7303490896321798, 0.09668723323183138, -0.09639356218794282, 0.5467739134529752, 0.023824149765791947], [0.5008376794679832, 0.5227251993485014, 0.4802716380655325, 0.07303797671363257, 0.5349209118898023, 0.024295983468446296, -0.11003045851106465, -0.46615744071997367, -0.3163592844574504, -0.5217503792703063, -0.40519111873593905, -0.364670773497341, -0.00023185279398426316]], "inverted": false, "swapped": true, "error_lsq": 0.04290679577534304, "error_max": 0.27526321796363773, "target": "272.xyz", "model": "13.xyz", "model_rescale": 3.9028299243045295, "target_rescale": 4.002942971330312},
{"mapping": [9, 11, 1, 8, 12, 5, 13, 6, 10, 2, 7, 3, 4, 0, 15], "R": [[0.1660939748194481, -0.5151843008146195, 0.8408316881057875], [-0.8113409356950765, -0.5560350748050917, -0.18041862889384153], [0.5604807557749992, -0.6522347213853673, -0.5103441883917541]], "T": [-0.00912902037835982, 0.0083622676298, 0.07624928376332821], "aligned_model": [[0.03066437142656576, -0.3331087924495894, -0.6072878696781727, -0.14486528293254325, -0.23598395068642897, 0.2878339742690963, 0.3735117455808242, -0.3378542391995693, 0.6784726667943645, -0.5962987528993644, 0.49932260122700034, 0.0008622546965488774, 0.5443763643754265, 0.05843958293931563, 0.01749034140778954], [0.13734667442587142, -0.3905549105337529, -0.028785405809862535, -0.2561351656997534, -0.6431645009190544, -0.262662368408852, -0.6889284290540825, 0.4438642467281017, -0.07327539302282701, 0.18834411069742307, 0.5009263434949934, 0.6255717626289655, 0.30726359253571217, 0.4439592564182268, 0.04699756193652389], [-0.6870494554179885, -0.45456036252489485, -0.17479811635296458, 0.7890774077508179, 0.16729871769948582, 0.3932042649913944, 0.08105348395780984, -0.30674682452192226, -0.19923540584639196, 0.48243644620569026, -0.4889812315940061, 0.16366815440007054, 0.3285448661677013, 0.7783220409964248, -0.02752957113005214]], "inverted": false, "swapped": false, "error_lsq": 0.03997107462819132, "error_max": 0.26373135114512003, "target": "272.xyz", "model": "14.xyz", "model_rescale": 3.942246331269136, "target_rescale": 4.002942971330312},
{"mapping": [13, 12, 8, 2, 0, 5, 1, 11, 3, 7, 4, 6, 10, 9, 14], "R": [[-0.8166986240388913, 0.5124868463833756, 0.2652557063985699], [-0.5619470781814357, -0.6017790009140965, -0.5675187357102667], [-0.13122057314434063, -0.6125514397524949, 0.7794625679535975]], "T": [0.0644597036008763, 0.08021975264323179, 0.030586642020398937], "aligned_model": [[0.015263586993020384, 0.06400424190479018, -0.6975252755087361, -0.0941281185563807, -0.42894672008960066, 0.3992863565105813, 0.27378724117915487, -0.1912325979555963, 0.6504568802453874, -0.5304594143604532, 0.47049960935245216, -0.284959707301927, 0.43757510519890563, 0.1263280905251462, 0.02562573673451924], [0.1036423494783273, -0.4925121887356868, 0.12072591245809057, -0.3409493694698928, -0.4197013285349035, -0.28571370121819034, -0.701643581885175, 0.6311327958698059, -0.28522248543861434, 0.1154950727376552, 0.32514435810187425, 0.47936945142569165, 0.6775577396781498, 0.43133261879411844, -0.007890267843616669], [-0.7805612918199846, -0.5525549994713803, -0.09817309126671206, 0.647120819403425, 0.24817914309273723, 0.4265201945711378, -0.008312508512150173, -0.3505003433046564, -0.16842896061175539, 0.6436171494222647, -0.31409801023552086, 0.20771648869969356, 0.14448458923006263, 0.7524275968401294, 0.04726763874388465]], "inverted": true, "swapped": false, "error_lsq": 0.049134033107666134, "error_max": 0.3500039086191602, "target": "272.xyz", "model": "15.xyz", "model_rescale": 4.355366556412066, "target_rescale": 4.002942971330312},
{"mapping": [12, 5, 8, 2, 0, 11, 1, 9, 6, 13, 4, 14], "R": [[-0.3981251935463057, 0.6941389852537149, -0.5997227687979336], [0.8945591751735783, 0.438545641648761, -0.08626472224289602], [0.20312609969298392, -0.5708316646278654, -0.7955444665646896]], "T": [-0.10851881670204025, -0.017087593843399976, -0.07891194335686068], "aligned_model": [[-0.014883269022102102, 0.47454057330859645, 0.14615528013979537, -0.5503614718259011, -0.5965431343556762, -0.47326591852899036, -0.1903150952433974, -0.09371329971801981, 0.5667312872022018, 0.16659976263438211, 0.2580412762995191, -0.09517743625862714], [-0.6363875818093131, -0.3269000789953537, -0.5652779131431495, 0.5253082187569594, -0.09943210603450134, -0.2129355236255023, 0.37411101050287504, 0.6134723959769166, -0.015522808867492171, -0.17404375093670532, 0.5477390468808009, -0.017354480964553894], [0.26822547413765074, 0.1413591019995285, -0.4950146705805134, -0.0041390081346485835, -0.6601258679803, 0.5001271981800166, -0.6389715842656026, 0.4152967169966161, -0.4296347169421524, 0.6887499183447319, -0.18995720192891336, -0.14665689861699238]], "inverted": true, "swapped": true, "error_lsq": 0.04311557432297198, "error_max": 0.2512252732933744, "target": "272.xyz", "model": "16.xyz", "model_rescale": 3.795458400668931, "target_rescale": 4.002942971330312},
{"mapping": [11, 12, 10, 9, 0, 5, 3, 2, 4, 6, 8, 1, 14], "R": [[0.0017337987937891541, 0.5597242877959784, -0.8286770876481547], [0.9406102367717216, -0.2822362633806114, -0.18866656861562914], [-0.3394839855162367, -0.7791350417509375, -0.5269717357636714]], "T": [-0.007337375616444902, 0.042761221437644034, -0.03775097469014685], "aligned_model": [[0.1808459632125156, -0.010998599839488893, 0.5044149480498229, -0.389348674649179, 0.6483665301627166, -0.4994727770536911, -0.7291006148054383, 0.18542710716543095, -0.47380663197777206, -0.486027160527428, 0.08343679296859416, 0.1309123070603783, 0.0039826111377616324], [-0.2711087752482921, 0.3657456058693901, 0.3546175864441223, -0.6614814985747155, 0.1719734562624855, 0.42610910717148454, -0.05845383925201782, -0.5949069087868412, -0.1484022938505934, 0.5265225686901012, 0.7705382448151677, -0.0004552436134647314, 0.08308325554365908], [-0.6482883146542262, -0.6768692425867042, -0.3321320098019982, -0.051049951517568776, 0.3311861009785789, -0.34647173332745773, -0.22650508478257264, 0.18859025250652892, 0.42223753451066515, 0.3025469301115644, -0.012978894830479565, 0.6348656642571525, 0.01714377997281269]], "inverted": false, "swapped": true, "error_lsq": 0.04071029328436425, "error_max": 0.20590887354284473, "target": "272.xyz", "model": "17.xyz", "model_rescale": 3.7474275329858107, "target_rescale": 4.002942971330312},
{"mapping": [9, 2, 4, 7, 13, 12, 3, 1, 11, 5, 10, 0, 8, 14], "R": [[-0.43056461982906735, -0.6595668984863973, 0.616105197650925], [0.008930511181170164, -0.6856997316064988, -0.7278297356146001], [0.9025155700161044, -0.30787559905879236, 0.3011283138177081]], "T": [0.04290820591727751, 0.04171672753330094, 0.03682823369699201], "aligned_model": [[0.6107754218198705, 0.1627656472818974, 0.6719533866678045, -0.5502333685924085, 0.26353814886471993, -0.27644802390783035, 0.6490107007924022, 0.16125366909188238, -0.22238040007469456, 0.24422698108486338, -0.6109057730676578, -0.4539801557184119, -0.27257002884599874, 0.037841442486438504], [-0.29315429155840134, 0.07472198611755092, 0.29532795124277844, -0.09854571926202718, -0.7288970222452528, -0.4341590619700819, -0.3236037923604742, 0.6726678025089124, -0.5819840458387058, -0.21859042137233423, -0.009524894044159543, 0.566870539693727, 0.331184458518918, 0.10809475208078337], [-0.4186446301920243, -0.6556701330233679, -0.03873626251352734, -0.476547766811765, 0.25386988588382364, 0.46619789837427883, 0.29372404814805503, -0.21073766244709743, -0.18066311819741226, 0.6501571019655941, 0.1621542250491543, -0.20827054053462432, 0.632810546763255, 0.05515112619731255]], "inverted": false, "swapped": true, "error_lsq": 0.0471094455067106, "error_max": 0.3540195320166811, "target": "272.xyz", "model": "18.xyz", "model_rescale": 3.922800546911778, "target_rescale": 4.002942971330312},
{"mapping": [0, 3, 12, 11, 7, 10, 9, 5, 2, 13, 1, 8, 6, 4, 14], "R": [[-0.4070263430019837, 0.375986123215222, 0.8324445874963808], [0.7786418917944549, 0.6192848961707446, 0.1010100080068444], [-0.4775419986191626, 0.6892899625878635, -0.5448238128335047]], "T": [0.0007688235202535747, 0.10952082939713495, 0.056478477745379015], "aligned_model": [[0.09905685210490654, -0.20320172476304105, -0.7452787630112209, -0.050234444489594146, -0.44434430298746913, 0.61024420808616, 0.2923355399018744, -0.30409259750669143, 0.5624791807332961, -0.4821057494083385, 0.5251930205835966, -0.18819181955110592, 0.4532097247542272, 0.1512090038579751, -0.040703113433311025], [-0.0011335984803026722, -0.2994065636540867, 0.046068436041670435, -0.32580836323681883, -0.5492907753890227, -0.16707912279187645, -0.6503846327378909, 0.4935824038537815, -0.2712345772776875, 0.10640411615687383, 0.49336992190518913, 0.6780079521984008, 0.5402723282872401, 0.2349282447869472, 0.022471605755216922], [-0.7660406385704288, -0.3910968189706587, -0.18435515149800352, 0.617843575931747, 0.13427689076430227, 0.5066260861146596, 0.039873525749783666, -0.5284060759752921, -0.17294636327074298, 0.5449824999783521, -0.2979536873455689, 0.18100526442525594, 0.34891334059115725, 0.753262426611429, 0.05871954024518329]], "inverted": true, "swapped": false, "error_lsq": 0.038139609904221515, "error_max": 0.2265419908271402, "target": "272.xyz", "model": "19.xyz", "model_rescale": 3.9282355846067225, "target_rescale": 4.002942971330312},
{"mapping": [13, 11, 7, 12, 5, 10, 8, 0, 6, 4, 2, 3, 1, 14], "R": [[-0.30564237347806517, 0.018323319361733453, -0.951970060192159], [0.5181670584559656, -0.8355930675373466, -0.18244759525578674], [-0.7988026283543306, -0.5490432418772635, 0.24589810792911315]], "T": [0.012065254685940288, -0.11232649134021352, 0.08757973328970939], "aligned_model": [[-0.7364331097386416, -0.1630825060919719, 0.4857001410973745, -0.4051862214475945, -0.6067940649316188, 0.21147201804880328, 0.01692134941385727, 0.7391988296711068, -0.22374423782571184, -0.06692538883672797, 0.3719007634216683, -0.6644743221978492, 0.524972040239429, 0.04899752826255307], [-0.46677458725187393, -0.7583079433395822, -0.6838066077239655, -0.23157433222233242, 0.15707683608400871, -0.20573697572510669, 0.42457567579361477, -0.010613107345968653, 0.5996796802994625, 0.15284239096540744, -0.5269914338994924, -0.06904457818393081, 0.19554631375804385, -0.053989243783448736], [0.02636741741235743, -0.15473083785841282, -0.20246486714830927, -0.48205667321710777, -0.08240953505759238, -0.5427506968328812, -0.41264569854089994, -0.12143971827209851, 0.21569183293091956, 0.7114165928909144, 0.5275576115066283, 0.41504828587944853, 0.4274837577063607, 0.08711568584435553]], "inverted": false, "swapped": true, "error_lsq": 0.04363816013746596, "error_max": 0.240683292692982, "target": "272.xyz", "model": "20.xyz", "model_rescale": 4.067790424073018, "target_rescale": 4.002942971330312},
{"mapping": [13, 5, 1, 0, 8, 2, 4, 10, 6, 7, 11, 12, 3, 0, 14], "R": [[0.3229928305696852, 0.9395305504440957, -0.11383310670801088], [-0.880273649121171, 0.25407200305217936, -0.4007065259363154], [-0.34755421744453086, 0.22962961927257583, 0.9091074215345796]], "T": [0.022143166140739884, 0.01632264345690832, 0.008024241642804276], "aligned_model": [[-0.07303958678877479, -0.1381839223078797, -0.7556023238636119, -0.01423681015549072, -0.3145528849505549, 0.5210655118938633, 0.2542056670732835, -0.3433629714131041, 0.6911455669914343, -0.6120708108203126, 0.34829865495491796, 0.017918079736168928, 0.6782966031022023, -0.01423681015549072, -0.010068948425386623], [0.10664996281658778, -0.43900187522275863, -0.030556008209261666, 0.012439583208759215, -0.4109671698566905, -0.25960055939835885, -0.7471071953200876, 0.5526245023532237, -0.20608419824148783, 0.0010255646670207577, 0.48724886520625493, 0.7590298177107613, 0.4344452665028369, 0.012439583208759215, 0.07818123599207503], [-0.6796564429770644, -0.33174174879267765, -0.2493071518455758, 0.7173333764273169, 0.17898353897117888, 0.4862133366389407, 0.08414501188419074, -0.4920481542245298, -0.21675984835718468, 0.4007106152496916, -0.2917812699216394, 0.19612546134756378, 0.35208986897525457, 0.7173333764273169, -0.026935555021607334]], "inverted": true, "swapped": false, "error_lsq": 0.043125698525964394, "error_max": 0.32544784364635027, "target": "272.xyz", "model": "21.xyz", "model_rescale": 4.186013935880536, "target_rescale": 4.002942971330312},
{"mapping": [3, 9, 4, 8, 10, 6, 12, 11, 1, 2, 7, 0, 14], "R": [[0.4068827030563277, -0.8680709504765882, -0.2844280065187841], [-0.8359836635350535, -0.22834666259685615, -0.4989880920256401], [0.36820888128355533, 0.4408067905778571, -0.8186034406990739]], "T": [0.01739399671872098, -0.07060253598685137, -0.015141010158665393], "aligned_model": [[-0.00139113387231464, -0.3763121328293607, 0.32002966907822206, 0.5076872640300037, -0.10034639594436565, 0.70060041784966, -0.20139431798963853, -0.663528992047648, 0.41628454819732563, -0.30944581532120563, -0.5091467201433124, 0.19571996394639563, 0.07981768046946394], [-0.34900303739979655, 0.25326209496427, 0.25014962580581035, -0.483707570938399, -0.33423723214370205, -0.2637404627280203, -0.737543862903689, -0.2625204095371425, 0.4832465182225425, 0.5485038954515857, 0.16544433579369897, 0.3020191548516501, -0.05291638989271503], [-0.714394223031858, -0.6333436374896265, -0.5359636151071051, 0.3418880411887499, 0.5868880372503701, -0.28881662592603186, 0.12672307023572052, 0.06356477428103377, 0.07164224682660927, -0.0850845950848178, 0.5344789922977966, 0.6268176368073515, 0.008479459087153262]], "inverted": false, "swapped": true, "error_lsq": 0.043231893438572075, "error_max": 0.2511858235428265, "target": "272.xyz", "model": "22.xyz", "model_rescale": 4.166573947596378, "target_rescale": 4.002942971330312},
{"mapping": [9, 3, 12, 1, 2, 0, 4, 14, 8, 6, 10, 13, 7, 5, 15], "R": [[-0.8357711157060002, -0.46432046042263786, 0.29307533533966573], [-0.10220805025864296, 0.6559896502616718, 0.7478175534258985], [-0.5394813774486332, 0.5950496523673293, -0.5957144908457794]], "T": [-0.05617043003396877, -0.026780542308631538, -0.06559935666547627], "aligned_model": [[0.03585865075430927, -0.08097866422324179, -0.6649486943551156, -0.0702461568198178, -0.37487897477257487, 0.5096654205063517, 0.30276737031620293, -0.2767788050387131, 0.6635320386822232, -0.6067780853415178, 0.3116961303028926, -0.006509826428456357, 0.4914125323750244, 0.05771055872722871, -0.05594847981353168], [0.004013652270149593, -0.5566042006835502, 0.1787685959344705, -0.2632635547154987, -0.5560013720120177, -0.22481830325248878, -0.6470884712454248, 0.6578879309864065, -0.2818736762196639, -0.03502409664539681, 0.618349818956001, 0.7766588278796291, 0.316350227570473, 0.39442881158808246, -0.031016814993537745], [-0.6580784973544991, -0.34861542433424314, -0.19412924380020874, 0.6066927819361626, 0.20115786649399364, 0.4888071713639746, 0.09637361065475437, -0.3950516138649889, -0.3321232576133138, 0.45963476798322184, -0.16266760000267405, 0.1967594468398976, 0.2406747390262423, 0.6419851130552988, 0.003284554397556788]], "inverted": false, "swapped": false, "error_lsq": 0.03479322659895719, "error_max": 0.265289286461331, "target": "272.xyz", "model": "23.xyz", "model_rescale": 4.274766983524099, "target_rescale": 4.002942971330312},
{"mapping": [12, 0, 7, 11, 2, 9, 3, 4, 6, 1, 14], "R": [[-0.7892970062342779, 0.5830040380847322, 0.1926565013865411], [0.2468638557160704, 0.014021568085402114, 0.9689487253562088], [0.5621996733284371, 0.8123482548792251, -0.1549898064521537]], "T": [0.04199158189745136, 0.06399827314143637, -0.04426890364920192], "aligned_model": [[0.16332789948763726, 0.16167308096770164, -0.4189075881213884, -0.4609120928408217, -0.5262507615160371, -0.5630100871697035, 0.011498411231703351, 0.07116237723920624, 0.6754001278758209, 0.1719574174051692, 0.09395591939878693], [-0.3404702497322805, 0.802527296009341, 0.5115559735823293, -0.14177930098846753, 0.3831693711724407, -0.21562610058325604, -0.6192263017647737, -0.01955539234619752, -0.13238672671431445, 0.5829861870899938, 0.10439177551866816], [-0.6226175783659924, -0.19595674313392838, -0.5157659440887082, -0.5040804642289809, 0.22075862433361412, 0.4005349791000051, 0.27051534439818986, 0.6324099972980208, 0.32882379394657585, 0.38834432705071925, -0.023399902287938135]], "inverted": true, "swapped": true, "error_lsq": 0.046336332216365954, "error_max": 0.24139376318329583, "target": "272.xyz", "model": "24.xyz", "model_rescale": 3.7841303162186577, "target_rescale": 4.002942971330312},
{"mapping": [1, 6, 7, 13, 3, 12, 5, 0, 2, 11, 8, 10, 9, 14, 15], "R": [[0.9648865527555691, 0.25258060567283314, -0.07209006831331975], [0.23044914468586686, -0.6823295472226288, 0.6937719947508078], [0.12604416696153278, -0.686024362996612, -0.7165775892044532]], "T": [0.0007755515423738656, 0.08134515545957266, -0.0043341249968122525], "aligned_model": [[0.07959972191603833, -0.48573300652628576, -0.5690917051062895, -0.15891502195827473, -0.16657714853889768, 0.45194551609467964, 0.49461710944543597, -0.22729915141721, 0.7146854253953527, -0.6627399082872928, 0.3565819146259978, -0.22503868194655027, 0.4578678966511292, 0.21781663504765675, -0.04214458052422618], [0.10042597595949893, -0.38497694613129907, 0.36107539051516285, -0.24700458900243322, -0.6892385215531468, -0.2321861330774017, -0.6362627525530571, 0.5278501932328936, -0.11119100115384375, -0.05378851478565147, 0.2988181858998153, 0.7505094774484481, 0.3225554854154218, 0.3154366900861237, 0.028744435117102535], [-0.7435628218539871, -0.2648712101437359, -0.1450745438384864, 0.6875367902162858, 0.16057723946972768, 0.5184619161342883, 0.09812636245711757, -0.5427996582155468, -0.15284523010003165, 0.35748585081404183, -0.4233390135830967, 0.32198189883311995, 0.26957256220102244, 0.7218843571403477, -0.018430084749891797]], "inverted": true, "swapped": false, "error_lsq": 0.04329115447206659, "error_max": 0.2965517415738046, "target": "272.xyz", "model": "25.xyz", "model_rescale": 4.19342608120988, "target_rescale": 4.002942971330312},
{"mapping": [12, 5, 8, 2, 0, 11, 1, 9, 6, 13, 4, 14], "R": [[-0.3981251935463057, 0.6941389852537149, -0.5997227687979336], [0.8945591751735783, 0.438545641648761, -0.08626472224289602], [0.20312609969298392, -0.5708316646278654, -0.7955444665646896]], "T": [-0.10851881670204025, -0.017087593843399976, -0.07891194335686068], "aligned_model": [[-0.014883269022102102, 0.47454057330859645, 0.14615528013979537, -0.5503614718259011, -0.5965431343556762, -0.47326591852899036, -0.1903150952433974, -0.09371329971801981, 0.5667312872022018, 0.16659976263438211, 0.2580412762995191, -0.09517743625862714], [-0.6363875818093131, -0.3269000789953537, -0.5652779131431495, 0.5253082187569594, -0.09943210603450134, -0.2129355236255023, 0.37411101050287504, 0.6134723959769166, -0.015522808867492171, -0.17404375093670532, 0.5477390468808009, -0.017354480964553894], [0.26822547413765074, 0.1413591019995285, -0.4950146705805134, -0.0041390081346485835, -0.6601258679803, 0.5001271981800166, -0.6389715842656026, 0.4152967169966161, -0.4296347169421524, 0.6887499183447319, -0.18995720192891336, -0.14665689861699238]], "inverted": true, "swapped": true, "error_lsq": 0.04311557432297198, "error_max": 0.2512252732933744, "target": "272.xyz", "model": "26.xyz", "model_rescale": 3.795458400668931, "target_rescale": 4.002942971330312},
