[{"mapping": [9, 5, 10, 7, 14, 6, 8, 12, 13, 1, 3, 2, 4, 15], "R": [[0.6228134875570726, 0.38149509412824634, 0.6830555269325301], [-0.7356770071680195, -0.011531227765900588, 0.6772343552349633], [0.26623805295506076, -0.9242989364606513, 0.27347536491685465]], "T": [0.044964954049639565, 0.12724357350652118, 0.08064434868352024], "aligned_model": [[0.060360901722102005, 0.18357788326389468, -0.5359522136680459, -0.3695106189093748, -0.6508801705209757, 0.03987454419596618, -0.6950179772928726, 0.08115267406418042, -0.4259209114195623, 0.44650387306933953, 0.6294358760780234, 0.13787958085583402, 0.5357813848363335, -0.06579272514653892], [-0.6729717617891723, -0.55087670736216, -0.37792991529241693, -0.3470286490176321, 0.1458827618414389, 0.2909836485078412, 0.2088579002860491, 0.5146766793747789, 0.7490688296572979, 0.12568729376402846, 0.5569739571596024, 0.7387562369205098, -0.23554841961166265, 0.08874147737153192], [0.3993118320556186, -0.28357552067932246, 0.23070460040702545, -0.48700352066574715, 0.5511846872230707, -0.6814753846569538, -0.07278792137088178, 0.5588091803629692, 0.3345763980386437, 0.7368286178664101, 0.33400065750425734, 0.10554417765743675, 0.08528237819403206, 0.08618790524327496]], "inverted": true, "swapped": true, "error_lsq": 0.049171836966247114, "error_max": 0.29920905649011525, "target": "273.xyz", "model": "0.xyz", "model_rescale": 3.8414455957264533, "target_rescale": 4.1551387944619345},
{"mapping": [0, 3, 9, 1, 4, 11, 10, 5, 8, 7, 14, 2, 13, 6, 15], "R": [[-0.3885960186737551, -0.5335878480555936, -0.7511838274871923], [-0.911391598349115, 0.3424735324132515, 0.2282043690533453], [0.13549350069118615, 0.7733019384456441, -0.6193913328959788]], "T": [-0.10014326219731737, 0.07974188218332212, -0.05917277300498754], "aligned_model": [[-0.5825247739031234, -0.7068911501921139, 0.11723040557974618, -0.3638167861906968, -0.4912117955297539, 0.25987626130440156, 0.5938975567893948, -0.1532127693255211, 0.563303044318796, 0.2953590650210032, 0.6496366192116155, -0.31714064780123763, 0.2633432012912096, -0.27120731575705737, 0.015403238687881418], [0.24187586250506776, 0.1424304664562555, -0.739943333144729, -0.36039171601711867, -0.35841446424798334, -0.38446367943558835, -0.24630313859598968, -0.3350792181655254, 0.4309858715130795, 0.08883091416363767, 0.05688928567132859, 0.5433598320002596, 0.5965308206666411, 0.594228892659292, 0.07650813201438772], [0.04918760306042564, -0.5264960255468571, 0.09246963312071457, -0.6323851325169537, 0.10703411204428268, -0.41799775946650597, 0.10570619680930501, 0.6017537394213204, 0.06017443826458819, 0.6907895886352617, -0.4376750255616419, -0.4072695959174329, -0.582325157207946, 0.5009195568943619, -0.03870438469338806]], "inverted": true, "swapped": true, "error_lsq": 0.04256514247983807, "error_max": 0.23054089589939677, "target": "273.xyz", "model": "1.xyz", "model_rescale": 4.316132596720782, "target_rescale": 4.1551387944619345},
{"mapping": [6, 8, 7, 4, 5, 0, 9, 3, 10, 2, 11, 15], "R": [[-0.6282429894973415, -0.7148174843144393, -0.30715909601673885], [0.5672004624331204, -0.6910352683686171, 0.448055681011153], [-0.532535803080974, 0.10726705919848045, 0.8395828705064272]], "T": [0.005423906715824704, 0.05386052724318637, 0.09365673377691738], "aligned_model": [[-0.25920561120995184, 0.610603937111675, 0.010714238928667151, -0.5167442776570406, -0.4427651070013148, -0.41436024997687365, -0.0875357181239905, -0.2887781156856507, 0.441899690131101, 0.09489739778092296, 0.35471363276727375, 0.09436873756696243], [-0.660744364449507, -0.38754768372228565, -0.5777742338745974, 0.2907065862542607, -0.1517663220816017, -0.040585156517478856, 0.4353799378606745, 0.47075731924923375, 0.014380075477270403, 0.04859995990837034, 0.5522010490964091, 0.019169260540232318], [0.2578952170630129, -0.03554473916483744, -0.47199137781475464, -0.11559106639852681, -0.5134354993553146, 0.3862017664135512, -0.673110525877252, 0.6682053525904613, -0.5568148436975565, 0.7061660706045896, -0.22807241193948044, 0.025350518785529075]], "inverted": true, "swapped": true, "error_lsq": 0.04893751739152527, "error_max": 0.2370277278665596, "target": "273.xyz", "model": "2.xyz", "model_rescale": 3.795458400668931, "target_rescale": 4.1551387944619345},
{"mapping": [6, 8, 13, 11, 0, 1, 14, 5, 10, 9, 2, 15], "R": [[0.8785995041979642, 0.2535711269670344, -0.4046783843890849], [0.41328182959299603, 0.02088287354298482, 0.9103636827778521], [0.23929279251861635, -0.9670913034255122, -0.08644865694379862]], "T": [0.0641353310923423, 0.12533441381493754, -0.06771215559707042], "aligned_model": [[-0.004231957205701936, -0.2661326639002779, -0.7113079540558153, 0.17319790436138105, 0.07804668891769163, 0.1402259388238944, -0.26110398110490274, 0.7816972318298292, 0.3004122728485869, 0.773260715956246, -0.4691247459902463, 0.05836437526287985], [-0.0869399437126952, -0.5578091833736307, -0.012010820230853286, 0.06883792136699508, 0.4585461652781294, 0.7039911862363595, -0.32635609817949535, -0.08715239046578427, -0.49681596298523073, -0.0026225034787888957, 0.40716877466375395, 0.01693190017094967], [-0.8146584210056839, -0.022823675874567177, 0.1618649150761388, 0.6096132706955328, -0.46708381748844163, 0.4334667343844363, 0.5616932289517629, -0.2950248242410171, 0.3473603731535988, 0.4044094377071821, -0.2070102177083068, -0.023035573011535013]], "inverted": true, "swapped": true, "error_lsq": 0.0430312202161929, "error_max": 0.19404381934237352, "target": "273.xyz", "model": "3.xyz", "model_rescale": 3.7530521520055578, "target_rescale": 4.1551387944619345},
{"mapping": [6, 7, 5, 9, 0, 10, 2, 8, 13, 11, 15], "R": [[-0.938361773311127, 0.16735289801678813, -0.30244039067852585], [-0.04013467695643239, 0.816308167763865, 0.5762206026754028], [0.34331674892728375, 0.5528417339233572, -0.7592757253716309]], "T": [0.047682642006636834, -0.16316447420475808, 0.14514601938179433], "aligned_model": [[-0.4065213603788872, -0.30093150153581616, 0.2989453978773598, 0.6011065630132953, 0.13278896653449732, -0.05733561281466359, -0.16833578172167632, -0.604628496401752, -0.47170847561422, 0.32635649642657866, -0.011536592939510655], [-0.6899697467208922, -0.03161074779181691, -0.20046240063963236, 0.34836153657799473, -0.6762672226745726, 0.5303427667804598, -0.4621519060564273, 0.21331435583269606, 0.05617096399226515, 0.4481560331797184, -0.06868027416544678], [-0.20676041910298854, -0.6165035333676951, -0.5945787030017216, -0.272219152806947, 0.1594220324691134, -0.2058553503265153, 0.6422812354727623, 0.04252551582640729, 0.7409702096114528, 0.29509384952068207, 0.10845509295076597]], "inverted": false, "swapped": true, "error_lsq": 0.048023820924060434, "error_max": 0.24774779393028792, "target": "273.xyz", "model": "4.xyz", "model_rescale": 3.7855080009869324, "target_rescale": 4.1551387944619345},
{"mapping": [3, 7, 0, 5, 10, 15, 2, 14, 12, 8, 13, 6, 4, 1, 11, 16], "R": [[0.2985140964325195, 0.9536542328028019, -0.0378541739888128], [0.7457399464373033, -0.2578176165608597, -0.6143305371528955], [-0.5956183900105536, 0.15515695552625539, -0.7881402493421201]], "T": [-0.031863551348123485, 0.05982175886770007, 0.0861668317519337], "aligned_model": [[0.020407095890486192, -0.476386395448542, 0.4223369924125555, -0.18612324693763266, -0.6682199761519003, -0.5617322846317451, 0.4447409353604263, 0.15517110894988767, 0.46633746979812213, -0.6487186087126269, -0.11932856596279229, -0.13401199770643166, 0.15622280594811538, 0.6743431280044341, 0.3622253116550508, -0.01907426135389334], [-0.5084130411156136, 0.43119969121487794, 0.003679597262042575, -0.06951611769608197, -0.2146805850732259, -0.28885702054989715, -0.5008896965566737, -0.389344321350326, 0.13201848119272552, 0.2482202060180171, 0.39040747277236293, 0.7045115393425644, 0.5484362307082661, 0.25703925848588316, 0.657801985667905, 0.01424737535144538], [-0.3098048805261285, -0.38906715726223423, -0.5455164805638665, -0.6977839987354808, -0.13891812522248742, 0.612456049728248, 0.021078318296395934, 0.5562362593492305, 0.5440408742838444, 0.36777957521146604, 0.7248612781470769, 0.09039174888927494, -0.43621253611431726, -0.10219803458878159, 0.4319266395856097, 0.11158654505366024]], "inverted": true, "swapped": false, "error_lsq": 0.03530651035408504, "error_max": 0.2454464907743553, "target": "273.xyz", "model": "5.xyz", "model_rescale": 4.2253639853439635, "target_rescale": 4.1551387944619345},
{"mapping": [6, 7, 14, 13, 8, 11, 12, 2, 9, 4, 10, 1, 3, 15], "R": [[0.13012518954530722, -0.6646268739397535, -0.7357571294135512], [-0.9699904624547271, -0.23905590498255685, 0.04439343464788237], [-0.20539215611279543, 0.7079006941160899, -0.6757889237604412]], "T": [0.1648839802679189, 0.02569920428419581, -0.03752024064306801], "aligned_model": [[0.5986925806389503, -0.13884172744095946, -0.5046148693895856, 0.09791011944858964, -0.21810409739746445, -0.39679120223123937, 0.20238643152147517, 0.5750172429324993, -0.4366081687424522, 0.2814216374497288, -0.5906719552646911, 0.14123443081594816, 0.6979747284429778, 0.06505700197400653], [-0.11907130257483706, 0.08980466052808728, -0.4391160257370356, -0.7451966323193875, -0.5311657015495851, 0.10979378624669964, -0.2273989924160184, -0.3683324208434343, 0.6412491435796385, 0.6230036720745225, 0.020236042590512895, 0.3103858793271549, 0.09998334851222687, -0.019076310783554214], [-0.6688005357329571, -0.8265636045787709, 0.16662225657635593, 0.23472182857028123, -0.3853689254542781, 0.35145960754772276, 0.5233633817196156, 0.20687831117039968, 0.00037500863835944476, 0.009241469493368237, -0.24796850228355166, 0.6767681580313981, 0.5108956605460456, -0.08006590531254036]], "inverted": false, "swapped": true, "error_lsq": 0.04285915434652994, "error_max": 0.3193013621970314, "target": "273.xyz", "model": "6.xyz", "model_rescale": 3.89814844738969, "target_rescale": 4.1551387944619345},
{"mapping": [8, 13, 14, 6, 10, 12, 0, 7, 4, 1, 11, 9, 15], "R": [[0.20373659741704972, 0.4268625495170567, 0.8810673996311076], [-0.18206368856438537, 0.9007642321726204, -0.394305226119057], [-0.9619481338301219, -0.08007597553741375, 0.26123481001290394]], "T": [-0.23617864818966794, -0.00010685476787666848, -0.04418709482498828], "aligned_model": [[0.3722476132065251, -0.06590261559210978, 0.42271937949834304, -0.3797152729970284, 0.5198769930249121, -0.39213335569672253, -0.7093230056370127, 0.28652205978665934, -0.5129956544615057, -0.5282887121402464, 0.12013467716280601, 0.13535772125678547, -0.1198680265071827], [-0.16904636392908845, 0.32181800631923574, 0.4406772562757266, -0.730457079475241, 0.053094258403087985, 0.5297458865241484, -0.2165515305998317, -0.6456937570491039, -0.028390688760877095, 0.664252583616049, 0.5480102801862681, 0.20080096437022016, -0.004478550410108133], [-0.46733485293768384, -0.7792055229696372, -0.3226091188887186, -0.27580963040752937, 0.15763608924148878, -0.318029696713969, -0.04691488354991884, 0.12595921485712644, 0.4990556502641186, 0.21098337326686123, 0.17136951536213582, 0.7066306975811065, -0.05945580426908477]], "inverted": false, "swapped": true, "error_lsq": 0.048901940107122836, "error_max": 0.3267173900892527, "target": "273.xyz", "model": "7.xyz", "model_rescale": 3.7474275329858107, "target_rescale": 4.1551387944619345},
{"mapping": [11, 10, 9, 1, 5, 3, 12, 2, 4, 0, 13, 6, 8, 7, 15], "R": [[0.5035945420535227, 0.5554986138747742, -0.6616750163011351], [-0.7768203251095311, -0.04401452250510322, -0.6281822222137221], [-0.3780776635965488, 0.8303517398017857, 0.409357140523434]], "T": [-0.02361781022144018, -0.06826083084707772, 0.07747652609955225], "aligned_model": [[-0.15268446879602834, 0.2663087109070089, 0.45913452113532943, -0.3604535870148421, 0.750112939723963, -0.4770857823661661, -0.608512135676362, -0.5352272487239722, 0.3092122984331413, 0.004300681634180133, -0.713565395224034, 0.26795523265121785, -0.059444083493045106, 0.6552141787224495, -0.0031121395740928842], [-0.12598377421829418, 0.34705849523032867, -0.3075486396571487, -0.6635388253662832, -0.1734392595954527, -0.6342678457080966, -0.20670387680278307, -0.07342759903102884, -0.5793090667973685, -0.33666162732247734, 0.37484633070039036, 0.2180133143356961, 0.6835044388534662, 0.4393831230360547, 0.02719277432259018], [-0.5962193185532078, -0.521385359826338, -0.5947006188037222, -0.2746590860307856, 0.03281113206335673, 0.3313795349782794, -0.059591777803099516, 0.42594453584333375, 0.0531017517689079, 0.522339304690285, 0.05489320238965491, 0.7413255201115361, -0.029024910151404, 0.0982849880045002, 0.012295757014964007]], "inverted": true, "swapped": true, "error_lsq": 0.049703222548092056, "error_max": 0.3809694644796133, "target": "273.xyz", "model": "8.xyz", "model_rescale": 4.019505241142653, "target_rescale": 4.1551387944619345},
{"mapping": [12, 4, 10, 14, 13, 8, 7, 3, 2, 0, 5, 6, 15], "R": [[0.9231944919668889, -0.027572325376742757, 0.38334279290905815], [-0.3140213806952668, -0.6291878244266178, 0.7109945527636184], [0.22159084473018362, -0.7767640880387162, -0.5895210336070673]], "T": [-0.08326639189344803, -0.07767109385312199, 0.027378219800311618], "aligned_model": [[-0.13058244690663212, -0.6426719053998013, 0.1285185382398562, 0.3225526958279668, 0.47101744006474894, 0.6201077124109302, 0.2738791069318734, -0.48134548340693145, 0.08696470860761266, -0.24988011718196335, -0.34511283197817877, 0.27622695128736335, -0.00997359675566814], [-0.689427737919956, 0.15568885460113385, 0.2111129142372702, -0.3820659184042666, -0.6775082822080714, 0.00684833914324634, 0.6774778207553454, -0.5916529030032642, -0.539717754620956, -0.04721125076952826, 0.6556757255441481, 0.3324123494732562, -0.0482539287142988], [-0.032376012147604286, 0.09913416892451131, -0.6704283642338531, -0.642405869105084, -0.0490836286701358, -0.2481184831708237, -0.11803654784359836, 0.4370361469946344, 0.40252502115762945, 0.5193471070446113, -0.04580413465978088, 0.5843874819307866, -0.05947339217741379]], "inverted": false, "swapped": true, "error_lsq": 0.057355348421747505, "error_max": 0.3182665893937119, "target": "273.xyz", "model": "9.xyz", "model_rescale": 3.877068213659057, "target_rescale": 4.1551387944619345},
{"mapping": [9, 13, 10, 14, 2, 7, 8, 1, 0, 4, 5, 3, 6, 12, 5, 15], "R": [[0.5658119949782406, 0.6239936010213247, -0.5389701032739974], [0.8191421581703247, -0.5000304896086752, 0.2810260382416039], [-0.09414303504140023, -0.6005010369234582, -0.7940627139005113]], "T": [-0.00809120687664334, 0.08641146529616293, -0.03848575524386293], "aligned_model": [[-0.03282706646473218, -0.5490772717250739, 0.3720005938083696, -0.1981208521733467, -0.5491129607744986, -0.4237583289388912, 0.16302141771489911, 0.02790057083688962, 0.6247967885451441, -0.5515029011820881, 0.18272588507003915, -0.17220733124027537, 0.13542496787476763, 0.610475035620744, 0.18272588507003915, 0.06572507907152755], [-0.4661172779388355, 0.37617706902858056, 0.016600682653501828, -0.0792962751974166, -0.2681714708774983, -0.3876667022399174, -0.6351698496364777, -0.056053361058732556, -0.03397842662627108, 0.20288875039276572, 0.4653304076377237, 0.666405105173503, 0.581066872273456, 0.4920085837863265, 0.4653304076377237, 0.07650654066583969], [-0.39868768340256194, -0.5086011331002658, -0.6333533515530935, -0.7773708784446938, -0.18654574691365491, 0.47993232325931673, 0.1745020647214415, 0.8166838041957396, 0.4291947925745024, 0.3478139370852683, 0.6180237380601517, 0.16009575989266783, -0.37763721264556543, 0.06669027257935217, 0.6180237380601517, 0.012091651162754131]], "inverted": false, "swapped": false, "error_lsq": 0.049917214698046816, "error_max": 0.3941677752688307, "target": "273.xyz", "model": "10.xyz", "model_rescale": 4.260839863003843, "target_rescale": 4.1551387944619345},
{"mapping": [5, 4, 1, 9, 14, 10, 7, 6, 2, 13, 8, 15], "R": [[-0.2013784291569818, 0.969595944513931, 0.1390339262640763], [-0.5800889359488033, -0.003679916870507477, -0.8145448327757112], [-0.7892677331932756, -0.24468380124962152, 0.5631929356321723]], "T": [0.07878965354951963, -0.142491650929913, 0.03742936452430814], "aligned_model": [[0.3012002136534201, 0.1573136771238962, -0.3835719888516888, -0.3914934183319887, -0.5821353130101004, -0.371981172235503, 0.34605654450357237, 0.8097987655140174, 0.2289628013110111, -0.16886068720141056, -0.01363108986321021, 0.027240316482114724], [-0.04908725971253519, -0.5500302652447657, -0.7566205154221346, -0.17586233445998856, 0.31882496230692103, 0.39838432072526975, 0.509833256097768, 0.12662503833354266, -0.31353379218398225, 0.1177393089593401, 0.5847690065497768, -0.037963220416278476], [-0.7065638714429564, -0.41010450668837994, 0.06711387312359493, -0.6835774404285068, 0.2747503240985882, -0.3081743602659509, -0.4337275837270664, 0.06684191568235623, 0.613097218828996, 0.77487820303205, 0.23824629801654987, 0.023398007166229903]], "inverted": true, "swapped": true, "error_lsq": 0.04517008352315497, "error_max": 0.2296683768289836, "target": "273.xyz", "model": "11.xyz", "model_rescale": 3.890672605050136, "target_rescale": 4.1551387944619345},
{"mapping": [4, 3, 12, 9, 11, 7, 0, 10, 5, 6, 13, 2, 8, 15], "R": [[0.4684276430715491, -0.8831657907699679, 0.024366559463549542], [-0.7065284925091344, -0.35789581013807037, 0.6105146012655098], [-0.5304649210637811, -0.3031975842569852, -0.7916300855965018]], "T": [0.07130700864582601, 0.030688938251536766, 0.037132675411597114], "aligned_model": [[0.17703700672685657, 0.1581081382850732, 0.4002496071553868, 0.6272733424621255, 0.7325453282777576, -0.30403397735462717, -0.24549580847762248, 0.3907020348445396, -0.06222286417099562, -0.7028551799044882, 0.1276982305768664, -0.10216276517818473, -0.07892927335299871, 0.09196201490400485], [-0.38625595654848616, 0.4187016136890506, 0.5361491747353148, -0.6231834423857057, -0.004163398712895849, -0.5235225170099965, 0.053132167219093196, -0.30368707301210013, -0.7398577211455728, -0.051011576657554514, 0.7673310296028695, 0.5967850313762815, 0.17774815781988032, 0.013987030857586593], [-0.3959013100036096, -0.6204200663086208, -0.09078247254654079, 0.11117947485956267, 0.2252959845552733, 0.5576296036441927, -0.3750003104652255, 0.6706645128220727, 0.025116375359586406, 0.07788981053477381, 0.3935875708948971, -0.14354471053219503, 0.7675981051337019, 0.15147786740899266]], "inverted": true, "swapped": true, "error_lsq": 0.052007121216915406, "error_max": 0.3352307312189221, "target": "273.xyz", "model": "12.xyz", "model_rescale": 4.124412569039231, "target_rescale": 4.1551387944619345},
{"mapping": [8, 6, 5, 13, 7, 10, 2, 11, 0, 12, 9, 4, 15], "R": [[-0.8253390135924512, -0.1853530070103115, 0.533347705942826], [-0.21174403480004061, -0.7740473413617666, -0.5966700738744823], [0.5234309661921417, -0.6053882854193797, 0.5996040756266962]], "T": [0.04498653751990089, 0.19894244545004344, -0.07589199742122864], "aligned_model": [[-0.1823910663611975, -0.0407860997358714, 0.7691629013020875, -0.6870529689714721, 0.46922504377492474, 0.39259023702091045, -0.5304441926065254, 0.20426663718643068, -0.013809825858527108, -0.3696420861927717, 0.7939549842272239, 0.5048264034729246, 0.0573983402516207], [-0.32311970203173856, 0.6118270538927081, 0.3329329093095925, -0.17119075119726349, 0.020931213845388513, -0.4813131174337374, 0.4105399694063517, -0.32988752383683484, 0.7157674854229785, 0.08477194072849123, -0.1377931788078778, 0.5194953793780331, 0.09452369783238598], [0.42762328330814536, 0.5797241762583176, 0.18741755888726247, -0.07479161073249979, 0.6363452779635734, 0.10189193306921966, -0.1613719924777478, -0.48677512567511705, -0.0633945087921264, -0.5175975204876401, -0.3362493829479064, -0.31741513202546806, -0.023708875380174257]], "inverted": false, "swapped": true, "error_lsq": 0.04523496767850633, "error_max": 0.27701760714371354, "target": "273.xyz", "model": "13.xyz", "model_rescale": 3.9028299243045295, "target_rescale": 4.1551387944619345},
{"mapping": [4, 2, 3, 0, 5, 13, 10, 14, 9, 12, 11, 1, 3, 6, 1, 15], "R": [[0.9368096260312198, -0.014782943050830472, -0.3495270936136456], [0.30443982923156243, -0.45776203614843797, 0.835326468297691], [-0.1723488176713242, -0.8889518450714821, -0.42433536523757315]], "T": [-0.06243336352462075, 0.06572218647902094, -0.001911982738242321], "aligned_model": [[0.035870589500981716, -0.30484020403217393, 0.3016635395108802, -0.25420572792805884, -0.43632162373364325, -0.4961435536356527, 0.1676344653363288, 0.06875142338737794, 0.575906851269462, -0.6057702796538914, -0.0010289805357289322, 0.012830899963219518, 0.3016635395108802, 0.4676876725157247, 0.012830899963219518, 0.041659999674588576], [-0.44959100006969077, 0.654641715391244, 0.14046594496954218, 0.03116514231947147, -0.280306880820988, -0.41266515331652487, -0.614026783864006, -0.2605757427556238, 0.0775871491173004, 0.19283658904134, 0.35171517310765826, 0.6626118781792623, 0.14046594496954218, 0.4695397008526422, 0.6626118781792623, 0.049385500373840506], [-0.43104124819477263, -0.371455595450917, -0.5024479564752143, -0.8076697504295, -0.05263956021350536, 0.46251495006435406, 0.1989928043868478, 0.810104560100011, 0.43766332287150067, 0.4138610481250457, 0.6765378692677196, 0.24356050518337763, -0.5024479564752143, -0.019557505735814995, 0.24356050518337763, 0.04132008332421498]], "inverted": true, "swapped": false, "error_lsq": 0.04898789130899919, "error_max": 0.34674127210847644, "target": "273.xyz", "model": "14.xyz", "model_rescale": 3.942246331269136, "target_rescale": 4.1551387944619345},
{"mapping": [12, 14, 1, 10, 7, 11, 0, 3, 2, 4, 5, 6, 8, 8, 15], "R": [[-0.6707903072361481, -0.3808154372737611, 0.6364117900008048], [-0.4138851943464218, -0.5198408730963322, -0.7473048324206581], [0.6154180770978857, -0.7646862555273486, 0.19109034771202793]], "T": [-0.07139212998434001, 0.10132733126609167, -0.02765569020371171], "aligned_model": [[-0.5927585145268058, -0.34150335671562704, -0.24639315189313915, 0.271152705489554, 0.5131731034570959, -0.05533732406144648, -0.09528981627128309, -0.48356671822585795, -0.6361371291765358, 0.3269824928731629, 0.7028335692345334, 0.04065139006326761, -0.18887137646499802, -0.18887137646499802, -0.051770460784712403], [0.13275359365829942, -0.6456644206095081, 0.38024797520513737, -0.5838739814284202, -0.2978693929536546, -0.24352191622713654, 0.5783413338060532, 0.7082676249354436, 0.30662582925862314, 0.5039823519406863, 0.16308217100180333, 0.25489429951120696, -0.5724723431612064, -0.5724723431612064, -0.01417609189447], [-0.3551385935113272, -0.3015157178582352, -0.7229194080351068, -0.19601627185402254, 0.43911374799704495, -0.6232037330680756, 0.1787610326714591, -0.2561277219255369, 0.12106041343860528, -0.25504721270901237, 0.06441862297713684, 0.7283381247579036, 0.30396114274658315, 0.30396114274658315, -0.020283088013483424]], "inverted": false, "swapped": true, "error_lsq": 0.04675469378983314, "error_max": 0.37688887970101115, "target": "273.xyz", "model": "15.xyz", "model_rescale": 4.355366556412066, "target_rescale": 4.1551387944619345},
{"mapping": [6, 8, 7, 4, 5, 0, 9, 3, 10, 2, 11, 15], "R": [[-0.6282429894973415, -0.7148174843144393, -0.30715909601673885], [0.5672004624331204, -0.6910352683686171, 0.448055681011153], [-0.532535803080974, 0.10726705919848045, 0.8395828705064272]], "T": [0.005423906715824704, 0.05386052724318637, 0.09365673377691738], "aligned_model": [[-0.25920561120995184, 0.610603937111675, 0.010714238928667151, -0.5167442776570406, -0.4427651070013148, -0.41436024997687365, -0.0875357181239905, -0.2887781156856507, 0.441899690131101, 0.09489739778092296, 0.35471363276727375, 0.09436873756696243], [-0.660744364449507, -0.38754768372228565, -0.5777742338745974, 0.2907065862542607, -0.1517663220816017, -0.040585156517478856, 0.4353799378606745, 0.47075731924923375, 0.014380075477270403, 0.04859995990837034, 0.5522010490964091, 0.019169260540232318], [0.2578952170630129, -0.03554473916483744, -0.47199137781475464, -0.11559106639852681, -0.5134354993553146, 0.3862017664135512, -0.673110525877252, 0.6682053525904613, -0.5568148436975565, 0.7061660706045896, -0.22807241193948044, 0.025350518785529075]], "inverted": true, "swapped": true, "error_lsq": 0.04893751739152527, "error_max": 0.2370277278665596, "target": "273.xyz", "model": "16.xyz", "model_rescale": 3.795458400668931, "target_rescale": 4.1551387944619345},
{"mapping": [8, 13, 14, 6, 10, 12, 0, 7, 4, 1, 11, 9, 15], "R": [[0.20373659741704972, 0.4268625495170567, 0.8810673996311076], [-0.18206368856438537, 0.9007642321726204, -0.394305226119057], [-0.9619481338301219, -0.08007597553741375, 0.26123481001290394]], "T": [-0.23617864818966794, -0.00010685476787666848, -0.04418709482498828], "aligned_model": [[0.3722476132065251, -0.06590261559210978, 0.42271937949834304, -0.3797152729970284, 0.5198769930249121, -0.39213335569672253, -0.7093230056370127, 0.28652205978665934, -0.5129956544615057, -0.5282887121402464, 0.12013467716280601, 0.13535772125678547, -0.1198680265071827], [-0.16904636392908845, 0.32181800631923574, 0.4406772562757266, -0.730457079475241, 0.053094258403087985, 0.5297458865241484, -0.2165515305998317, -0.6456937570491039, -0.028390688760877095, 0.664252583616049, 0.5480102801862681, 0.20080096437022016, -0.004478550410108133], [-0.46733485293768384, -0.7792055229696372, -0.3226091188887186, -0.27580963040752937, 0.15763608924148878, -0.318029696713969, -0.04691488354991884, 0.12595921485712644, 0.4990556502641186, 0.21098337326686123, 0.17136951536213582, 0.7066306975811065, -0.05945580426908477]], "inverted": false, "swapped": true, "error_lsq": 0.048901940107122836, "error_max": 0.3267173900892527, "target": "273.xyz", "model": "17.xyz", "model_rescale": 3.7474275329858107, "target_rescale": 4.1551387944619345},
{"mapping": [12, 0, 2, 4, 14, 10, 13, 6, 11, 8, 9, 5, 7, 15], "R": [[-0.8288835584430819, -0.06756687828051722, 0.5553258174280751], [-0.11615704429098936, 0.9918317638222102, -0.052700031640452935], [-0.5472290083724685, -0.10818719532712442, -0.8299614106468659]], "T": [0.08107591346908527, 0.010070871319409008, -0.12261175537749072], "aligned_model": [[0.4544098935297582, 0.1937090685217394, 0.6691528109941905, -0.35675908920191995, 0.20968609229378804, -0.32379667994057093, 0.7696002147627693, 0.24830654804107635, -0.15645854208278642, 0.2829707120125272, -0.7129926373880432, -0.6082305857632251, -0.31582255435389617, 0.06107239645746917], [-0.42534401604573735, 0.37972117598152666, 0.03464283083068284, 0.12424299964632246, -0.6298197558136981, -0.310531305514147, -0.3375581633449294, 0.7481971006401682, -0.632477829949005, -0.03900929185989946, -0.323027025657151, 0.37192250779455294, 0.42609593791675326, -0.026646923114205537], [-0.3486453459132012, -0.4710278086208466, -0.3143476369337558, -0.532252507583589, 0.40649643217328935, 0.4677063927401788, 0.15661928509211007, 0.0641147741522973, -0.05504859549437119, 0.6085563008253054, -0.09748188121760096, -0.04753368930078125, 0.500559966876425, -0.012920968133804875]], "inverted": true, "swapped": true, "error_lsq": 0.04744286335539547, "error_max": 0.27704237261650033, "target": "273.xyz", "model": "18.xyz", "model_rescale": 3.922800546911778, "target_rescale": 4.1551387944619345},
{"mapping": [7, 6, 5, 10, 3, 8, 0, 11, 2, 9, 4, 1, 14, 12, 15], "R": [[-0.9860259387285387, 0.11251848868819728, -0.1228512835009392], [-0.0589535123094895, 0.4540442170821428, 0.889026620704149], [0.15581184659992633, 0.8838458228885783, -0.44106601526475947]], "T": [0.02162598368581012, -0.045229965693604685, -0.024462922181897887], "aligned_model": [[-0.17306008360113675, -0.39158540592915214, 0.40130862914235477, 0.02487466377281576, 0.2304699290550484, -0.5768334791108193, 0.0714106689733747, 0.3046913977167658, -0.2994613968288724, 0.6720735726129594, 0.5775286031062499, 0.5482205123767533, -0.25789717631410125, -0.011652364476832412, -0.024037233607789796], [0.4575480570449889, -0.29278366159879077, 0.21580049011171434, 0.7390961497652865, -0.7063460782001586, 0.42338796708215476, -0.5175206192192184, 0.39100996827418255, -0.5010479633630687, 0.5168897271542792, -0.17711994102142195, -0.21673368038299812, 0.5508312793160456, -0.22826189487015336, 0.06286170494173703], [-0.6788785701227757, -0.6373550232217354, -0.6564605191636022, -0.026716667644122064, 0.3068580291891778, -0.029001972536684743, -0.237029018290274, 0.4265635992563717, 0.24448635546716907, -0.07987021391590901, -0.23921306175837387, 0.509483141402929, 0.4975848363082656, 0.5632848411512245, -0.021076588958331626]], "inverted": false, "swapped": true, "error_lsq": 0.04288959810013336, "error_max": 0.23294457730282955, "target": "273.xyz", "model": "19.xyz", "model_rescale": 3.9282355846067225, "target_rescale": 4.1551387944619345},
{"mapping": [10, 7, 6, 9, 11, 5, 4, 0, 1, 12, 8, 14, 2, 15], "R": [[0.3193706464209793, -0.7986928107960225, -0.5099923373810579], [-0.4936769705513132, 0.3191478234486053, -0.8089670670276359], [0.8088791250563484, 0.5101318072525638, -0.292369800556264]], "T": [0.10236988625958698, -0.049534955658086674, 0.07001453425340913], "aligned_model": [[-0.5525774077130521, 0.031420370350107196, 0.7147039070529355, -0.5655649824936616, -0.5531665877413143, 0.027075944349886027, 0.11489818115405512, 0.5712997485416976, -0.16485492235118693, 0.013114229369154018, -0.08215997584090556, -0.5247477344481937, 0.47679214239312284, 0.02628990646203247], [-0.4763810852184118, -0.8125075043280584, -0.5160436199916786, 0.017495107207462016, 0.14218259576215558, -0.31081481701675023, 0.24749799015076662, 0.11946440744944188, 0.671603762543121, 0.35984272595044003, -0.6798520828006134, -0.25500771065839023, 0.15036967429422143, -0.13496735591887038], [0.0065360931963246854, -0.2930106733874988, -0.052785813716826016, -0.4698933882497341, 0.15587805026186297, -0.6633206067766371, -0.4630471706642734, -0.07920115205643903, 0.08908208237276331, 0.5222300916720989, 0.45267123121812275, 0.5900727076088443, 0.5206218798533656, 0.09634982591170838]], "inverted": false, "swapped": true, "error_lsq": 0.04872152502166053, "error_max": 0.28777889516039235, "target": "273.xyz", "model": "20.xyz", "model_rescale": 4.067790424073018, "target_rescale": 4.1551387944619345},
{"mapping": [14, 2, 10, 9, 7, 6, 5, 13, 8, 12, 3, 4, 1, 0, 15], "R": [[-0.18753645689307463, 0.782461887914575, -0.5937873957041788], [0.8492553367226985, -0.17458643669157908, -0.498281997639242], [-0.49355389815501227, -0.5977231550513133, -0.6317686123348449]], "T": [0.038880265616834206, 0.05441969387478439, 0.07335164243400098], "aligned_model": [[0.32839458613336536, 0.2500362818246048, -0.08879834974879892, 0.12184411928601373, -0.7145404382587742, -0.6305240345547708, -0.4560857211119116, 0.3408970922793807, -0.24803702064033872, 0.6001692400084745, 0.5241582781143133, 0.053994560605096165, 0.7422429209288838, -0.06405875101719206, 0.008751190059169033], [0.038986592933025546, 0.6240174836451403, -0.3974989237189909, -0.7958906817702761, -0.2078349749934315, 0.4037160288587328, -0.5221359157310163, 0.6451519714801962, 0.26158577607093064, 0.30190816612602095, 0.33212224633962756, -0.3549695050008424, -0.16088780837631356, 0.2430589138976359, 0.02956577016740834], [-0.7152543076669143, 0.19239937059848233, -0.5548607602867637, -0.03719177464975888, -0.2139251871970564, 0.26713803426639177, 0.25857872933865456, -0.4090411910359415, -0.5993576437679208, 0.012035150470249265, 0.6004668323987848, 0.5258031340323542, 0.29860122668224326, 0.5472082927357336, -0.037350332297397454]], "inverted": false, "swapped": true, "error_lsq": 0.045859526280943474, "error_max": 0.268207707675937, "target": "273.xyz", "model": "21.xyz", "model_rescale": 4.186013935880536, "target_rescale": 4.1551387944619345},
{"mapping": [9, 11, 4, 7, 8, 5, 10, 14, 0, 12, 13, 6, 15], "R": [[-0.37339338871016625, -0.9201037810787256, 0.11826415057899636], [0.04225839805236631, -0.14422283144437203, -0.9886425049957219], [0.926710097636573, -0.36415492161276775, 0.09273396359270131]], "T": [0.050051314471350826, 0.16638630848689545, 0.013332609221462285], "aligned_model": [[0.10055213548648681, -0.4224819408691205, 0.42575881885363387, 0.45964151580765616, -0.23162940605481155, 0.6528522501326539, -0.17499154895060692, -0.6752350984398126, 0.3960780384048209, -0.44790734252093634, -0.612845010442086, 0.5846920789689715, 0.0040895450463756325], [-0.34200728866794244, -0.08654929664824168, 0.2589240346252272, -0.5283230249896669, -0.31681893042839543, -0.2558386064389336, -0.5767993115818058, -0.25125935749211836, 0.5497702030429521, 0.5228254428989183, 0.30146729955122875, 0.18136675848950834, 0.06219873718536245], [-0.6802927943319258, -0.418630507145781, -0.4587065318575147, 0.27517808686868434, 0.5280614380980452, -0.25138219182146304, -0.09718405209119385, 0.08741218710091699, 0.07660675268061198, -0.057687727610017794, 0.477232621556759, 0.5804287663553215, 0.04184351353290323]], "inverted": false, "swapped": true, "error_lsq": 0.042837260315218256, "error_max": 0.258999851961175, "target": "273.xyz", "model": "22.xyz", "model_rescale": 4.166573947596378, "target_rescale": 4.1551387944619345},
{"mapping": [9, 12, 3, 11, 14, 10, 8, 7, 0, 13, 5, 6, 2, 4, 1, 15], "R": [[0.43986917045070745, 0.6643834538286921, 0.6042431126340327], [-0.17827708365289807, -0.594840718073832, 0.7838251090425881], [0.8801888401537615, -0.4525032004307436, -0.14320774863362057]], "T": [-0.015195100430399915, 0.05724901577325076, -0.035788590773157054], "aligned_model": [[-0.11485261921862812, -0.5181680848111001, 0.36177975943453816, -0.15700859822441918, -0.7688001694099756, -0.39489241114540446, 0.5051167227720473, 0.030737923275527365, 0.5460098262741656, -0.6145242652430992, -0.17045983156042077, -0.17696321158285297, 0.3256155206300118, 0.7193845773082109, 0.3128198666573218, 0.00239450595759093], [-0.43899807733678353, 0.31877676095233515, -0.018138265866911106, 0.0990794287515373, -0.18366690613389458, -0.3921872852803517, -0.5526166654819207, -0.15289732861988475, 0.13087691485139374, 0.04278907140216765, 0.40525573265081133, 0.8002628745365538, 0.572643367893903, 0.07241141158931974, 0.6043376317124239, 0.10793239005357233], [-0.35867613746845595, -0.36442634075622377, -0.49799348561177886, -0.8105353079781386, -0.03987292672468156, 0.4276530955641073, 0.07106924789156882, 0.6462072442006703, 0.5527551421455414, 0.5620480099041866, 0.70302543824671, -0.006307819638439731, -0.30229566678360953, -0.03174975787872695, 0.28232976541419336, 0.007625575004587305]], "inverted": true, "swapped": false, "error_lsq": 0.04885381884914525, "error_max": 0.37683973986114955, "target": "273.xyz", "model": "23.xyz", "model_rescale": 4.274766983524099, "target_rescale": 4.1551387944619345},
{"mapping": [2, 11, 14, 8, 10, 7, 6, 5, 4, 9, 15], "R": [[0.5677968818714219, 0.09857250559632796, 0.8172454723505984], [0.46730672416200797, -0.8559156602360809, -0.22143352979078568], [0.6776659401873932, 0.5076335722773817, -0.5320498377096274]], "T": [0.15155440417519653, -0.0288506921674644, -0.10729133100165178], "aligned_model": [[0.3291523886623842, 0.09681870013554114, -0.3731898072028744, -0.5835501819336635, -0.42545704850107025, -0.46677740732794804, -0.04733987564339584, 0.08860035875536279, 0.5700431436082334, 0.14881112605303778, 0.042783307352467534], [-0.3208105707859934, 0.6528794422385588, 0.4943708444790019, -0.06134369289981424, 0.45236795260829354, -0.2072910530294087, -0.7587278411996261, -0.03800674367466704, 0.05901016013074002, 0.6279364871495164, 0.015201546226882107], [-0.623449496737967, -0.18542108330812224, -0.5033201217958458, -0.2979285542638179, 0.11780750969362502, 0.4447712141081984, 0.0808140255329218, 0.6722404051037724, 0.32824047715910165, 0.45016149975250963, -0.10434944122279831]], "inverted": true, "swapped": true, "error_lsq": 0.04658375055082558, "error_max": 0.2129709609549004, "target": "273.xyz", "model": "24.xyz", "model_rescale": 3.7841303162186577, "target_rescale": 4.1551387944619345},
{"mapping": [9, 2, 14, 9, 8, 0, 10, 7, 11, 1, 6, 4, 12, 13, 3, 15], "R": [[0.3821584527124268, 0.6272227734416103, 0.6786357708643558], [0.05870008183876757, -0.7493709084425296, 0.659543434484902], [0.9222305662970438, -0.2122141231309372, -0.32319645501026406]], "T": [-0.03592821234686218, 0.05623574462318726, 0.08620267803680505], "aligned_model": [[-0.048241220402809495, -0.48111297353264326, 0.46028807597566607, -0.048241220402809495, -0.5984303783251173, -0.45291960922783436, 0.26784066025003916, 0.07776376797199859, 0.6132933582467857, -0.7180814614543842, 0.03153348715885218, -0.410558662416003, 0.24335412887678398, 0.6842600032036454, 0.2881985975095834, -0.0207570423182393], [-0.11175905465240149, 0.3812799542889663, -0.17012399601417788, -0.11175905465240149, -0.0728256339539908, -0.3971987234261363, -0.6577990609685632, -0.3143791591817844, 0.05175585069899922, 0.08782045441538566, 0.4394306861202766, 0.6792700544730484, 0.4199984252332434, 0.31622600945639956, 0.775057299793642, 0.10086700404376624], [-0.4739462715963194, -0.4285300857328329, -0.4898438698502211, -0.4739462715963194, -0.04182957363593916, 0.48850269974159666, 0.03022166588127677, 0.6082412654889844, 0.4959817062813349, 0.38066107007649075, 0.6950023233667544, 0.25408542726749733, -0.5178254607979359, -0.07421550561197059, 0.2512459165767825, 0.13705103967233048]], "inverted": false, "swapped": false, "error_lsq": 0.04300390643504926, "error_max": 0.320043678233571, "target": "273.xyz", "model": "25.xyz", "model_rescale": 4.19342608120988, "target_rescale": 4.1551387944619345},
{"mapping": [6, 8, 7, 4, 5, 0, 9, 3, 10, 2, 11, 15], "R": [[-0.6282429894973415, -0.7148174843144393, -0.30715909601673885], [0.5672004624331204, -0.6910352683686171, 0.448055681011153], [-0.532535803080974, 0.10726705919848045, 0.8395828705064272]], "T": [0.005423906715824704, 0.05386052724318637, 0.09365673377691738], "aligned_model": [[-0.25920561120995184, 0.610603937111675, 0.010714238928667151, -0.5167442776570406, -0.4427651070013148, -0.41436024997687365, -0.0875357181239905, -0.2887781156856507, 0.441899690131101, 0.09489739778092296, 0.35471363276727375, 0.09436873756696243], [-0.660744364449507, -0.38754768372228565, -0.5777742338745974, 0.2907065862542607, -0.1517663220816017, -0.040585156517478856, 0.4353799378606745, 0.47075731924923375, 0.014380075477270403, 0.04859995990837034, 0.5522010490964091, 0.019169260540232318], [0.2578952170630129, -0.03554473916483744, -0.47199137781475464, -0.11559106639852681, -0.5134354993553146, 0.3862017664135512, -0.673110525877252, 0.6682053525904613, -0.5568148436975565, 0.7061660706045896, -0.22807241193948044, 0.025350518785529075]], "inverted": true, "swapped": true, "error_lsq": 0.04893751739152527, "error_max": 0.2370277278665596, "target": "273.xyz", "model": "26.xyz", "model_rescale": 3.795458400668931, "target_rescale": 4.1551387944619345},
