[{"mapping": [1, 12, 5, 7, 9, 11, 8, 4, 3, 6, 13], "R": [[0.6232458750390828, -0.6962523498265267, 0.3560860073181874], [0.36945845670912025, -0.13916873353962955, -0.9187668433128673], [0.6892496122689394, 0.7041766319369138, 0.17049997953401963]], "T": [-0.05266143514166784, -0.14705469896012752, 0.023198869862313037], "aligned_model": [[-0.3691299467336346, -0.5173948560392009, 0.45623903667999294, 0.0834210485379532, -0.5012399077556186, 0.27915533700546385, 0.5806032157404706, 0.38198869475911074, 0.08000894930783893, 0.5790266813538498, -0.02172777732037407], [-0.6083145109395225, -0.27613494733108673, -0.7044549507035012, 0.514116036936308, 0.37906696958067326, -0.21715482057719032, 0.20170943595173801, 0.6802086563377536, -0.219973429601436, 0.038333918896103464, -0.02933115036374101], [0.16508326099280432, -0.2969275816454837, -0.029017311324291778, -0.3169912212708951, -0.2191160400450337, -0.5867564100676277, -0.2733118243208841, 0.22349572997152284, 0.5234805241425922, 0.41197575708087564, -0.0850791850475742]], "inverted": true, "swapped": false, "error_lsq": 0.05669010923344211, "error_max": 0.29585743097221945, "target": "274.xyz", "model": "0.xyz", "model_rescale": 3.8414455957264533, "target_rescale": 3.6685643876677996},
{"mapping": [1, 11, 5, 8, 13, 10, 6, 9, 4, 2, 14], "R": [[0.6776740339682181, -0.7340306281536504, 0.044237321546398534], [0.324290931728486, 0.3523010544787936, 0.8779062356606201], [-0.6599949206500855, -0.5805884979445314, 0.4767847530810943]], "T": [0.05082178715862986, -0.005401544254696182, 0.04614400228765671], "aligned_model": [[-0.445449564765621, -0.7181012331404818, 0.5549901536349707, 0.07325624702152723, -0.4699340568379319, 0.28491021091271246, 0.7911672933586785, 0.19163332898785226, 0.09001335815707796, 0.6593587005656286, 0.019106037641438908], [-0.7138243928480321, -0.16511403242291517, -0.4223134591540306, 0.4592641015887062, 0.5276586877622205, -0.30623100337839937, 0.12490896199127882, 0.653937971868736, -0.27704162173528885, -0.039532339776085966, -0.08364166571009052], [0.06484437712136794, -0.2847860690373621, -0.03336384916137626, -0.5925146937966952, -0.09352396334809367, -0.5222621437013352, -0.1658344805707545, 0.15080150158530176, 0.5157107429297106, 0.4622240924585158, 0.015540183986725655]], "inverted": false, "swapped": false, "error_lsq": 0.046199574504072353, "error_max": 0.24817668405983923, "target": "274.xyz", "model": "1.xyz", "model_rescale": 4.316132596720782, "target_rescale": 3.6685643876677996},
{"mapping": [2, 6, 0, 3, 10, 4, 5, 7, 1, 9, 11], "R": [[0.46274195364749965, 0.3969725428829651, -0.7926428480290021], [0.06859647486416373, -0.9074866447222737, -0.414442412509772], [-0.8838350569935011, 0.1374073864380742, -0.4471630599474338]], "T": [0.05534088544395896, -0.025869417364104974, 0.03568083445132354], "aligned_model": [[-0.2289100644273164, -0.5802802407893324, 0.5191316577741345, 0.11286758569999954, -0.39444417148322464, 0.054001565860091555, 0.6570268473920173, 0.3314904462873892, 0.037516805774868545, 0.5189467262926055, 0.003603317154619687], [-0.8130772781240091, 0.0525999351161342, -0.5618841333448239, 0.3686165252866595, 0.34845771549609533, -0.39898967859715745, 0.0651108250425798, 0.8248897153707212, -0.28876112732259845, 0.2114313124855022, -0.050322603223004365], [0.02049586819865666, -0.47999765802898553, -0.0030541928486989556, -0.48594022402666837, 0.2697927708385171, -0.6389369892215868, -0.17752442018199655, 0.015396902534071902, 0.5101990263300507, 0.5636102740319133, -0.0772056591592687]], "inverted": true, "swapped": false, "error_lsq": 0.04565445941887099, "error_max": 0.24962348937768666, "target": "274.xyz", "model": "2.xyz", "model_rescale": 3.795458400668931, "target_rescale": 3.6685643876677996},
{"mapping": [2, 10, 1, 4, 5, 0, 7, 9, 6, 8, 11], "R": [[0.6217894476326924, -0.7460524029161624, -0.23829329599393195], [0.7819202497209181, 0.5740725252480209, 0.24298448269743034], [-0.04448152300684799, -0.33741154079014657, 0.9403057195681683]], "T": [0.07284450461981234, -0.04949259743676561, -0.0343781087245657], "aligned_model": [[-0.3401486870757769, -0.5902524155005688, 0.4409058657500852, -0.09447644602948779, -0.38184815778328346, 0.26852968958740375, 0.7267302643556013, 0.30995715828147297, 0.012272804062620088, 0.5461830252376294, 0.13309737465015595], [-0.6796897603958627, -0.10092948623416617, -0.5546629131965412, 0.2703377812669697, 0.46821861460960357, -0.37611868888372113, 0.2519902691707626, 0.743594502072947, -0.22565495437190008, 0.0015195439813949912, -0.040533699833387934], [0.10709086605921525, -0.3452920138460186, 0.04047259920629396, -0.5641582156138639, 0.10365920227317776, -0.7179208279060558, -0.28902254901892893, 0.22895644060778042, 0.5247231251424076, 0.5852276880193038, -0.15690061645730657]], "inverted": false, "swapped": false, "error_lsq": 0.04327332969371462, "error_max": 0.20561197639534082, "target": "274.xyz", "model": "3.xyz", "model_rescale": 3.7530521520055578, "target_rescale": 3.6685643876677996},
{"mapping": [3, 2, 5, 0, 4, 1, 7, 6, 9, 8, 10], "R": [[-0.8453357196029849, 0.4600681471584695, 0.2715599770464646], [-0.30329452380943195, -0.8317429988759608, 0.46499033930613354], [0.4397953535344744, 0.3107102891617788, 0.8426382160918708]], "T": [0.06285641820454166, -0.0844513199457449, -0.009525902150542699], "aligned_model": [[-0.3695862170227191, -0.5040173054697656, 0.5347002685741868, 0.10920593318121802, -0.43759558565818946, 0.06849966773411548, 0.6280873764462224, 0.15614072517716837, 0.017725048456776846, 0.7650147319557584, 0.06277583216108011], [-0.7078787252786889, -0.14889163357264354, -0.6260090327757557, 0.5742734540568966, 0.4517395648892481, -0.427104812646653, 0.042221872372984665, 0.6083140898387009, -0.2193768459985548, 0.22639412603664738, -0.015610848736082872], [0.056817316131631455, -0.3781145758971758, 0.0309508384888176, -0.5036450986472218, 0.032402981226128495, -0.7219040380337038, -0.16321001566388038, 0.23070246361575117, 0.5168979106916092, 0.49229907052036315, -0.07636115396631452]], "inverted": false, "swapped": false, "error_lsq": 0.03984978099161147, "error_max": 0.19867112284381483, "target": "274.xyz", "model": "4.xyz", "model_rescale": 3.7855080009869324, "target_rescale": 3.6685643876677996},
{"mapping": [14, 13, 1, 6, 8, 11, 4, 7, 3, 5, 16], "R": [[-0.8443535172070754, -0.2608025727574681, -0.4680268753214147], [-0.30132253903171735, 0.9534427819945213, 0.012312145792975335], [0.44302580675567943, 0.15142285001159472, -0.8836284598420572]], "T": [0.0017810727072628263, -0.09995384810622286, 0.05835722186225088], "aligned_model": [[-0.42212717292899715, -0.4805472698350396, 0.5537215665348088, 0.1261547349421328, -0.4785088195139746, 0.06909743176131863, 0.6612223471008831, 0.28421862379080665, 0.19999797306722808, 0.5434226303475164, -0.025701569730831028], [-0.6171877920591957, -0.07320054756820457, -0.5240928399463317, 0.29056445126230923, 0.4057530899379237, -0.24661213436059615, 0.14559488445790858, 0.5925729768515414, -0.28861908257127666, 0.21358883246855193, -0.14029063028653113], [0.16067166384045123, -0.4815606142629474, -0.23925283486236798, -0.44968186921988096, -0.0359401068790567, -0.7203571565699031, -0.16933513511886206, 0.10313554616941246, 0.6967396269418195, 0.5716004927527013, 0.0808160856746392]], "inverted": false, "swapped": false, "error_lsq": 0.04918324435108254, "error_max": 0.22655106195734379, "target": "274.xyz", "model": "5.xyz", "model_rescale": 4.2253639853439635, "target_rescale": 3.6685643876677996},
{"mapping": [4, 10, 0, 8, 5, 1, 9, 11, 7, 12, 13], "R": [[0.8513988818096725, 0.49755474699432156, -0.1660096918756731], [-0.22965894709486911, 0.638167034312439, 0.7348466536197482], [0.4715683535528178, -0.5875220081497226, 0.6576025987381755]], "T": [0.0045893570134663, -0.045156980748450745, -0.0023148074928720924], "aligned_model": [[-0.33140508369130245, -0.5706663855576031, 0.5548630184709055, 0.10087773767485862, -0.4319707322144292, 0.036762341227952314, 0.5346944927020709, 0.12541410874634243, 0.34551568339905464, 0.6830275962800285, -0.01616230150202628], [-0.6589353131933197, 0.05586270369302994, -0.6241639598550247, 0.42479960488362867, 0.41325774839058466, -0.43769299070243806, -0.015521723236961785, 0.6578477410534155, -0.269386901196152, 0.29302518181846793, -0.08102088346913165], [-0.10859371717495013, -0.5194108608364363, 0.0684839564702261, -0.5642171397262733, -0.005849075790763533, -0.6216581387191025, -0.30349037774082027, 0.3087149809617998, 0.6780390701180051, 0.5423852428940179, 0.04243175801030247]], "inverted": false, "swapped": false, "error_lsq": 0.05090873145555837, "error_max": 0.2843352705427855, "target": "274.xyz", "model": "6.xyz", "model_rescale": 3.89814844738969, "target_rescale": 3.6685643876677996},
{"mapping": [9, 10, 8, 4, 2, 11, 7, 0, 6, 3, 12], "R": [[0.06099454796534737, 0.9556995360760515, -0.2879549649902273], [-0.727947678699424, 0.2399751923769064, 0.6422648084083289], [0.6829142275532292, 0.17044149667169337, 0.7103364372026046]], "T": [0.08583119105827361, 0.04991542954464702, -0.014339444773521], "aligned_model": [[-0.36358293221152815, -0.5553558987807601, 0.4422209617827023, 0.018288048033862303, -0.4514805450970443, 0.2328645610269964, 0.6693984477493712, 0.21589908793391713, 0.13292239003408712, 0.736221642858622, -0.046445287794373485], [-0.7154583455800162, -0.09194320005416746, -0.5228928052932776, 0.38408132359388036, 0.493407851371404, -0.45057185400684285, 0.26374597199980576, 0.5008113344803284, -0.21850926026009732, 0.048007857040382323, 0.06739233489469927], [0.08653577117009412, -0.3424536140564457, 0.03629482958272917, -0.5613923375260724, -0.14145519711351365, -0.6333984373920769, -0.22647250579257863, 0.34730349043037434, 0.6046164954274158, 0.4645870193564028, -0.11732981562032388]], "inverted": true, "swapped": false, "error_lsq": 0.0475978299641008, "error_max": 0.2521127965682771, "target": "274.xyz", "model": "7.xyz", "model_rescale": 3.7474275329858107, "target_rescale": 3.6685643876677996},
{"mapping": [2, 13, 3, 11, 12, 8, 7, 10, 0, 6, 14], "R": [[-0.7165193755755443, -0.6328995342408525, 0.2933226278051939], [-0.4275797831956225, 0.7307195785205359, 0.5321883374982537], [-0.5511583378914056, 0.25590442966952065, -0.7941897817576734]], "T": [0.03693743614377427, -0.042748189098144596, -0.08736731425301217], "aligned_model": [[-0.28737069478443306, -0.7336951429007724, 0.4594972826019815, 0.06434677704766542, -0.4102572043451417, 0.20207533584603443, 0.5934714038630582, 0.25901166799994874, 0.16629598767152487, 0.7307780457731449, -0.013202983237158745], [-0.8155948504186513, 0.06498569582757831, -0.5585349173347482, 0.4794816964428674, 0.37875239513182835, -0.5556189258941525, 0.3306211899047882, 0.5949797331793973, -0.09428249618748774, 0.006943838398762912, -0.07366215086408383], [-0.009125572519810415, -0.5375124762247148, 0.17634041055005198, -0.4235289275715213, -0.0326240058844417, -0.5055818492428553, -0.20878758241946246, 0.2579578837579668, 0.5567008637890528, 0.3404808004210327, -0.09748384618929351]], "inverted": false, "swapped": false, "error_lsq": 0.056173743882020906, "error_max": 0.3123707711539296, "target": "274.xyz", "model": "8.xyz", "model_rescale": 4.019505241142653, "target_rescale": 3.6685643876677996},
{"mapping": [1, 10, 2, 11, 9, 6, 5, 8, 0, 4, 12], "R": [[0.8084751961824432, -0.3832600827231031, -0.4466313537458385], [0.39835112256228455, -0.20227180052559118, 0.8946521680885279], [-0.43322539204336563, -0.9012201882465881, -0.010859649426041187]], "T": [0.11102126104548748, -0.06190561446423844, -0.016391710501795217], "aligned_model": [[-0.4355772145639716, -0.5893608902990104, 0.34902753103116146, 0.1128309472310133, -0.4105002219907171, 0.16477894316103742, 0.7035861136923758, 0.0852108683655936, 0.2298418320567096, 0.6832193872056617, 0.13789317964599862], [-0.4130572089486638, -0.30614915512593277, -0.6024825609595582, 0.44578310179443265, 0.37786103593659004, -0.27130361429658495, 0.10915489516888564, 0.5767589141669761, -0.28537639933855546, 0.16496305122234356, -0.03808085143383384], [0.1686163064137368, -0.5530384221668164, -0.049584218420917245, -0.3762505945279117, 0.027888051889122283, -0.7101671981393114, -0.2812122470800313, 0.20173296688267706, 0.5824309329272201, 0.5392291892054568, -0.03280906851721998]], "inverted": false, "swapped": false, "error_lsq": 0.05368980690218943, "error_max": 0.316531991308509, "target": "274.xyz", "model": "9.xyz", "model_rescale": 3.877068213659057, "target_rescale": 3.6685643876677996},
{"mapping": [0, 5, 8, 4, 3, 7, 2, 13, 10, 14, 15], "R": [[-0.8300586572863301, 0.3539881809145203, 0.4309234192253233], [0.16752701082456517, -0.5787460200087317, 0.7981151201225539], [0.5319185333377667, 0.7346736772859644, 0.4210905624624203]], "T": [0.03883936324010388, -0.03452541450191035, 0.05170549174451562], "aligned_model": [[-0.39990772666755564, -0.6446688728315262, 0.38598703530803163, 0.030412794681721263, -0.4036444151410859, 0.34055038905115115, 0.6305673941051853, 0.3099062633862294, 0.19089266236033697, 0.6043401790877847, -0.013485227804420366], [-0.6949318325354962, -0.11904587794485397, -0.687710536260767, 0.3031222873653584, 0.39733700033008745, -0.21014913874542948, 0.1562096456088252, 0.6728545004251241, -0.16505938239151507, 0.21310433942094595, -0.10765979708618051], [-0.019921247336632017, -0.31798116574283325, -0.16774980278898155, -0.5348213210364975, -0.09134800612675835, -0.6861382137945979, -0.1803148355602106, 0.2058965666051023, 0.7321843355842977, 0.5296279529098162, 0.04740143575329996]], "inverted": false, "swapped": false, "error_lsq": 0.04719626336499114, "error_max": 0.24837212629455038, "target": "274.xyz", "model": "10.xyz", "model_rescale": 4.260839863003843, "target_rescale": 3.6685643876677996},
{"mapping": [7, 0, 8, 3, 5, 1, 2, 4, 10, 9, 11], "R": [[0.3776592933015708, 0.5974300041121439, -0.7074255072935398], [0.925466786544995, -0.26808604518493895, 0.26765854998333205], [-0.029743657896081688, -0.7557825497877434, -0.6541468124597858]], "T": [0.05870980736335642, -0.0372791563056095, -0.009574300518568363], "aligned_model": [[-0.2576990198620418, -0.6726487979764393, 0.5665464563443529, -0.03761583863808697, -0.3068387611509227, 0.18127776312415483, 0.6109798428118165, 0.3391383053129465, -0.07208515580211365, 0.6410536472027235, 0.03884203416946228], [-0.6112915890761775, -0.24789833915529808, -0.5301463928730676, 0.38417885238816896, 0.5248261657589021, -0.319558449211915, 0.16910547030088932, 0.5614958118317186, -0.12398422755235783, 0.032150963250009705, -0.08080705747477376], [-0.010474501000531343, -0.44636763799773194, 0.11206957367513101, -0.5725375215579595, 0.07422756826614876, -0.664216294403949, -0.35994598885497187, 0.3049590898728175, 0.5976395829465911, 0.5306000897081853, -0.0491182621877251]], "inverted": true, "swapped": false, "error_lsq": 0.04781786365435636, "error_max": 0.2458289441345597, "target": "274.xyz", "model": "11.xyz", "model_rescale": 3.890672605050136, "target_rescale": 3.6685643876677996},
{"mapping": [7, 3, 10, 0, 8, 4, 11, 6, 5, 9, 13], "R": [[-0.3581434769956793, 0.9270841858342943, -0.1106714157378017], [-0.3608625522791348, -0.2467695447925535, -0.8993792359875031], [-0.8611106016349086, -0.28216963716679355, 0.4229288682664334]], "T": [0.20420637848208834, 0.09213058206945822, -0.07461354775135132], "aligned_model": [[-0.3786375863624677, -0.5989792415187857, 0.7479162559627508, -0.11419881562676554, -0.43593521630264476, 0.11678161759429664, 0.7510026350852388, 0.2882149943016961, -0.05133146698670754, 0.5756238206198727, 0.13049347876936812], [-0.49078330027726924, -0.08470246719086912, -0.6057387541493024, 0.3152799868810878, 0.3684359685702723, -0.3363608248502711, 0.1163196893467078, 0.6326944364906479, -0.1677957950167155, 0.06921206640865803, -0.058489798026847464], [0.14325909552481786, -0.4949539913386199, -0.20460763660969622, -0.5190424118499091, 0.1072246161615836, -0.6221617823433413, -0.13110164162221577, 0.10647100626399741, 0.6124896976660181, 0.609012257303675, -0.08975351069030549]], "inverted": false, "swapped": false, "error_lsq": 0.04919754147220933, "error_max": 0.2826263496111099, "target": "274.xyz", "model": "12.xyz", "model_rescale": 4.124412569039231, "target_rescale": 3.6685643876677996},
{"mapping": [4, 2, 7, 8, 1, 10, 9, 6, 0, 3, 12], "R": [[0.4470944703386109, 0.39783314324937097, 0.8011462567627479], [0.6222969751858338, -0.7817121025327768, 0.0408982081312555], [0.6425363875043959, 0.4802655295626692, -0.5970695201119297]], "T": [0.1859016812866221, -0.09607177090775004, 0.028753488165974506], "aligned_model": [[-0.46702327001785615, -0.4998670512995248, 0.6452167787747493, 0.030340093557739256, -0.4473801907744933, 0.09739569719981023, 0.6958358431404508, 0.23730881759985967, 0.0239786016885159, 0.5850232058477082, 0.1301219498188932], [-0.5325278140197048, -0.05245406021534986, -0.4877068322326447, 0.4111433869454571, 0.3916145778600654, -0.5119067088877622, 0.1810519167396531, 0.5657540236789853, -0.23757446933365142, 0.17933960240706143, -0.1486624147560101], [0.06711213966243679, -0.49106787958458736, -0.14074369315738094, -0.4543919319361493, 0.18360953310132294, -0.574452668494827, -0.23922204116372014, 0.1121605546519047, 0.5677574733327626, 0.551825146590335, -0.06575093453609267]], "inverted": true, "swapped": false, "error_lsq": 0.04662988916048516, "error_max": 0.2019591711739349, "target": "274.xyz", "model": "13.xyz", "model_rescale": 3.9028299243045295, "target_rescale": 3.6685643876677996},
{"mapping": [14, 7, 1, 3, 4, 6, 2, 0, 5, 8, 15], "R": [[-0.17009356978245863, -0.22032954592405446, 0.9604806446314054], [0.05926671977643056, 0.9706321178797104, 0.2331539141153114], [-0.9836440583084929, 0.09658251877668095, -0.15204007241891904]], "T": [0.09124295112067307, -0.13866845591184884, 0.025133459331201563], "aligned_model": [[-0.3991830291774072, -0.6554190781197625, 0.5176425592568706, 0.06710721602762171, -0.31756763689197565, 0.17755285611862748, 0.7792598157403894, 0.30309613845599614, -0.0102316179877434, 0.5504375532086033, 0.018255698904631926], [-0.8576910108924445, -0.0851704131726897, -0.5184906164542236, 0.3158650874389446, 0.39378256231797426, -0.23638209769728993, 0.09395605248380295, 0.6602571471347746, 0.005825149879128799, 0.16722408932772848, -0.18110474217960731], [0.18494452296822256, -0.48502507421577745, -0.284894372137242, -0.40090194940690016, 0.11858446359271513, -0.6286332473444346, -0.09597971769062585, 0.08879284243520559, 0.5056814208968868, 0.5655751562216101, -0.05130834685365529]], "inverted": true, "swapped": false, "error_lsq": 0.05011170710431125, "error_max": 0.2709216221993446, "target": "274.xyz", "model": "14.xyz", "model_rescale": 3.942246331269136, "target_rescale": 3.6685643876677996},
{"mapping": [12, 0, 11, 7, 2, 8, 6, 9, 4, 10, 14], "R": [[-0.4678825783689095, -0.5793087559070179, -0.6674483187396048], [-0.2752741385689268, -0.6221194714202924, 0.7329334976073012], [-0.8398273879161104, 0.52665807561377, 0.13161014359388856]], "T": [0.031044725514664057, -0.10537623955325101, 0.12501636226652654], "aligned_model": [[-0.4754613766625283, -0.44137033772965517, 0.6397393084177132, 0.0568461734248375, -0.4356101834165984, 0.15451059712045415, 0.4399950024858109, 0.2980116014143702, 0.2721678502396493, 0.5765044759830904, -0.05438263574129115], [-0.7466394219993561, 0.003625426566229828, -0.44543520494943156, 0.44486061445613845, 0.4405023859176239, -0.30457828630699785, 0.07978283390912008, 0.6540883735160778, -0.3776236159013654, 0.11224079637254633, -0.10275269339448688], [0.14260492272807587, -0.42784901707215195, -0.042201547823010915, -0.528859159453493, -0.13362942034720562, -0.6124900101842694, -0.20854799107207525, 0.13523863208136627, 0.584804337008181, 0.530129929475716, 0.07763502312487211]], "inverted": true, "swapped": false, "error_lsq": 0.05051825045863136, "error_max": 0.2515012307080809, "target": "274.xyz", "model": "15.xyz", "model_rescale": 4.355366556412066, "target_rescale": 3.6685643876677996},
{"mapping": [2, 6, 0, 3, 10, 4, 5, 7, 1, 9, 11], "R": [[0.46274195364749965, 0.3969725428829651, -0.7926428480290021], [0.06859647486416373, -0.9074866447222737, -0.414442412509772], [-0.8838350569935011, 0.1374073864380742, -0.4471630599474338]], "T": [0.05534088544395896, -0.025869417364104974, 0.03568083445132354], "aligned_model": [[-0.2289100644273164, -0.5802802407893324, 0.5191316577741345, 0.11286758569999954, -0.39444417148322464, 0.054001565860091555, 0.6570268473920173, 0.3314904462873892, 0.037516805774868545, 0.5189467262926055, 0.003603317154619687], [-0.8130772781240091, 0.0525999351161342, -0.5618841333448239, 0.3686165252866595, 0.34845771549609533, -0.39898967859715745, 0.0651108250425798, 0.8248897153707212, -0.28876112732259845, 0.2114313124855022, -0.050322603223004365], [0.02049586819865666, -0.47999765802898553, -0.0030541928486989556, -0.48594022402666837, 0.2697927708385171, -0.6389369892215868, -0.17752442018199655, 0.015396902534071902, 0.5101990263300507, 0.5636102740319133, -0.0772056591592687]], "inverted": true, "swapped": false, "error_lsq": 0.04565445941887099, "error_max": 0.24962348937768666, "target": "274.xyz", "model": "16.xyz", "model_rescale": 3.795458400668931, "target_rescale": 3.6685643876677996},
{"mapping": [9, 10, 8, 4, 2, 11, 7, 0, 6, 3, 12], "R": [[0.06099454796534737, 0.9556995360760515, -0.2879549649902273], [-0.727947678699424, 0.2399751923769064, 0.6422648084083289], [0.6829142275532292, 0.17044149667169337, 0.7103364372026046]], "T": [0.08583119105827361, 0.04991542954464702, -0.014339444773521], "aligned_model": [[-0.36358293221152815, -0.5553558987807601, 0.4422209617827023, 0.018288048033862303, -0.4514805450970443, 0.2328645610269964, 0.6693984477493712, 0.21589908793391713, 0.13292239003408712, 0.736221642858622, -0.046445287794373485], [-0.7154583455800162, -0.09194320005416746, -0.5228928052932776, 0.38408132359388036, 0.493407851371404, -0.45057185400684285, 0.26374597199980576, 0.5008113344803284, -0.21850926026009732, 0.048007857040382323, 0.06739233489469927], [0.08653577117009412, -0.3424536140564457, 0.03629482958272917, -0.5613923375260724, -0.14145519711351365, -0.6333984373920769, -0.22647250579257863, 0.34730349043037434, 0.6046164954274158, 0.4645870193564028, -0.11732981562032388]], "inverted": true, "swapped": false, "error_lsq": 0.0475978299641008, "error_max": 0.2521127965682771, "target": "274.xyz", "model": "17.xyz", "model_rescale": 3.7474275329858107, "target_rescale": 3.6685643876677996},
{"mapping": [4, 0, 9, 1, 3, 2, 7, 11, 5, 12, 13], "R": [[0.11383468689482094, 0.814633434244385, 0.5686950253613601], [-0.5971039734960714, 0.5135967417723168, -0.6161860365799143], [-0.7940456592002512, -0.2694267148076818, 0.5448859848199246]], "T": [0.051814218268269416, 0.005220538037051768, 0.006416104655067055], "aligned_model": [[-0.34159812083530333, -0.5444666105364067, 0.4411146714644677, -0.05442703912951523, -0.3773832697957904, 0.16833769082298505, 0.7385114656654901, 0.285192183092306, 0.04802203206582799, 0.6408101429795179, 0.02683732974227301], [-0.7072472916522771, -0.251428735166706, -0.5364620128644482, 0.442708277134836, 0.5294219448488604, -0.22017180703025482, 0.22297996697769598, 0.6806476024997398, -0.30967681380919193, -0.046231858331447974, -0.04646806442070759], [0.17025183067182756, -0.5205779318812689, 0.0588502256656633, -0.5187845143233606, 0.04631074897302425, -0.6564966308829775, -0.2136906956960852, 0.11162859408460712, 0.6576036458398803, 0.4643171582626997, -0.0825767322480051]], "inverted": false, "swapped": false, "error_lsq": 0.04597020027795123, "error_max": 0.2540548321851204, "target": "274.xyz", "model": "18.xyz", "model_rescale": 3.922800546911778, "target_rescale": 3.6685643876677996},
{"mapping": [0, 12, 1, 13, 7, 8, 4, 11, 2, 10, 14], "R": [[-0.19963788550946596, 0.9406562443786644, 0.27442766730185175], [-0.6309559782212568, 0.09087049436451825, -0.770478492107862], [-0.7496927825557388, -0.3269684742683528, 0.5753714874917416]], "T": [0.09243932059048333, -0.11981219497573078, -0.09294599961028904], "aligned_model": [[-0.38143062086509905, -0.5744351300563192, 0.404302416419166, 0.06096558907884912, -0.4562430177371215, 0.2996339561809164, 0.6633071596709735, 0.19418014118673724, 0.15556923862960387, 0.6384319754494889, 0.026668767578656452], [-0.7421281524652045, -0.014602932482956327, -0.7781983205485047, 0.43383484673537065, 0.43499204976581163, -0.247549544699465, 0.30924269241220426, 0.561266113358737, -0.30117289376533124, 0.16126913017123498, -0.058881780295798124], [0.20135446473817298, -0.49645996805099246, 0.03840141395110214, -0.49828302512049905, 0.07837522114993639, -0.6543230622782634, -0.2107974018262269, 0.08878114780986113, 0.5971640446367918, 0.43001284844273546, -0.057389984986613296]], "inverted": true, "swapped": false, "error_lsq": 0.046432293319281163, "error_max": 0.2325309405989718, "target": "274.xyz", "model": "19.xyz", "model_rescale": 3.9282355846067225, "target_rescale": 3.6685643876677996},
{"mapping": [10, 2, 11, 5, 7, 1, 4, 6, 9, 8, 13], "R": [[0.9260107900787045, -0.3669360644928062, 0.08866758839815547], [-0.29827571467968567, -0.5672432347621427, 0.7676370956701504], [-0.23137764518236476, -0.737287621753622, -0.6347214728672347]], "T": [0.12844537181402338, 0.03541064660490053, -0.002783673353499806], "aligned_model": [[-0.3190414742589842, -0.5543454927204137, 0.46150484716211493, -0.06993455318125177, -0.3959377724136106, 0.022259114980328357, 0.7539695261753797, 0.2486223704748246, 0.15580974357291988, 0.6262056358989662, 0.10183852984557862], [-0.6977173172172707, -0.07538815223014703, -0.5851623006929408, 0.46247574595534596, 0.31203422678770154, -0.18455035627727948, -0.04602826692855593, 0.6751100947790135, -0.24665303960408178, 0.2108246392700236, -0.06687406565570997], [-0.06996447600615444, -0.45026157431052394, 0.12883613628349572, -0.5184880058195507, 0.1885262566459976, -0.7111920530169017, -0.040929192262179774, -0.05922974545494256, 0.6281807419016129, 0.5450175951769353, -0.12365998467178368]], "inverted": true, "swapped": false, "error_lsq": 0.05352951704875278, "error_max": 0.2861330535433189, "target": "274.xyz", "model": "20.xyz", "model_rescale": 4.067790424073018, "target_rescale": 3.6685643876677996},
{"mapping": [6, 3, 13, 12, 0, 11, 10, 7, 5, 1, 14], "R": [[0.23980836719533682, 0.7241065148976702, 0.6466542369039712], [0.7009793035739817, 0.33167976625402074, -0.6313608703575271], [-0.6716546456208299, 0.6046968560695756, -0.4280440973492441]], "T": [-0.018878895299464737, -0.03941825244358492, 0.07197287528816823], "aligned_model": [[-0.3894623716641554, -0.5789151349801206, 0.5333989708218647, 0.07042472437010187, -0.4709107286660956, 0.0938866841271917, 0.7201517801163886, 0.14723286475118136, 0.1883969415998723, 0.672429469943605, 0.04431727511601852], [-0.6763373546459152, -0.06751753672623331, -0.465966697733622, 0.31042835735834434, 0.5075935302355803, -0.3288679032686605, -0.03721467064924443, 0.6342648438267122, -0.32094650155911575, 0.23102008631446064, -0.028384944966207325], [0.004453641061096941, -0.5678043180518056, 0.015678226427719683, -0.6037830569992945, 0.1020288356674891, -0.495067756159844, -0.28174399817892004, 0.3462390346686658, 0.5476247366799945, 0.42163120902778084, 0.027579144323122126]], "inverted": false, "swapped": false, "error_lsq": 0.043850717242885896, "error_max": 0.19476756854930272, "target": "274.xyz", "model": "21.xyz", "model_rescale": 4.186013935880536, "target_rescale": 3.6685643876677996},
{"mapping": [5, 3, 8, 4, 6, 11, 9, 7, 2, 1, 12], "R": [[0.46419951678770205, -0.8857165733153185, 0.0049960352915051215], [0.8759510023451271, 0.45823093751727345, -0.1507788094945957], [0.13125795253862077, 0.07436773263056186, 0.9885548999619387]], "T": [0.14689228816422129, 0.018219304571024678, -0.019765407698215852], "aligned_model": [[-0.3825672479024136, -0.6951733175486366, 0.5669950055532822, -0.04456016163926435, -0.31179887537679163, 0.14926305942798807, 0.764494614443461, 0.25440171384252014, 0.19041949945204134, 0.4259225873447335, 0.11355359793893216], [-0.5181794749449339, -0.08898534257144376, -0.616649327289358, 0.4512908890670954, 0.33260118516301534, -0.28605681442993464, 0.002468057817963644, 0.7371678038920217, -0.5586340236795302, 0.28294377203317067, 0.02010448312803272], [0.15484193784242764, -0.3827686226193573, -0.10989674423367685, -0.570593067619876, 0.005120304307466166, -0.5732781912553694, -0.08116593732563614, 0.0796253292708888, 0.44396384782568826, 0.6024775387451029, -0.05149069647165332]], "inverted": true, "swapped": false, "error_lsq": 0.05509214945328216, "error_max": 0.34498927891736364, "target": "274.xyz", "model": "22.xyz", "model_rescale": 4.166573947596378, "target_rescale": 3.6685643876677996},
{"mapping": [14, 11, 5, 2, 3, 6, 1, 4, 7, 0, 15], "R": [[-0.718316069359269, 0.45351560143959485, -0.5275847076547353], [-0.055226296123490545, -0.7931091086214085, -0.6065706867614323], [-0.6935215070325724, -0.4065729222078588, 0.5947490043796896]], "T": [-0.09583197857860896, -0.08810260812714554, 0.027685542072344763], "aligned_model": [[-0.4839979078501873, -0.7101856199500978, 0.6085391997192966, 0.10092364510827119, -0.3641511763771272, 0.285243224863162, 0.5596910009875297, 0.1606069560641225, 0.322425742083521, 0.5806025580462336, -0.028747147158871764], [-0.776604487441247, 0.08917490297906935, -0.5261562913601785, 0.32733071518547224, 0.4418868915113251, -0.2528584568548576, 0.0832135791019585, 0.5843508015588713, -0.3154989010195008, 0.1927468616929252, -0.0895144071677392], [0.06332452008699198, -0.43408887776485405, 0.08275091222945216, -0.4637527730986566, -0.06474059266122235, -0.6100799568366884, -0.1937629804360606, 0.1756686423424248, 0.5612968732259753, 0.3886781400586943, 0.01154179131994829]], "inverted": false, "swapped": false, "error_lsq": 0.048619029697861034, "error_max": 0.23495469488628457, "target": "274.xyz", "model": "23.xyz", "model_rescale": 4.274766983524099, "target_rescale": 3.6685643876677996},
{"mapping": [6, 8, 5, 9, 1, 7, 4, 1, 3, 2, 10], "R": [[-0.8804536882126537, 0.4324899205928797, 0.19430329770310062], [0.3606875132581475, 0.8769555115135101, -0.3175744772580621], [-0.30774310827764906, -0.2095268465176774, -0.9281124284783437]], "T": [-0.047868306021961946, -0.10722070698378862, 0.030258090774244656], "aligned_model": [[-0.3152252376924082, -0.6200510400195034, 0.5313789808028114, 0.08419104765718173, -0.003910897263923928, 0.04907624357137398, 0.6268101892559984, -0.003910897263923928, 0.1810753630163457, 0.5793508481341069, -0.0778341246622061], [-0.7256741833103031, -0.09268465096389863, -0.6540990411707505, 0.4307013470972406, 0.5407343951649394, -0.2925139921464727, 0.05252828945146605, 0.5407343951649394, -0.3452162554925697, 0.3424507958523013, -0.03888989146079337], [0.06267143407792078, -0.43601087634113367, -0.14761157194355295, -0.6184834963622441, 0.08687356850356812, -0.5674882009411982, -0.05322719570136433, 0.08687356850356812, 0.4851835781776235, 0.60720106279714, 0.010853827695677287]], "inverted": false, "swapped": false, "error_lsq": 0.06245004130864987, "error_max": 0.43765235122595014, "target": "274.xyz", "model": "24.xyz", "model_rescale": 3.7841303162186577, "target_rescale": 3.6685643876677996},
{"mapping": [7, 11, 1, 3, 13, 6, 4, 5, 8, 2, 15], "R": [[-0.29579398315397554, -0.9262652691631492, -0.23353494529090102], [-0.3547036679584434, -0.12049482050218702, 0.9271819164376385], [-0.886956158706129, 0.35709053386258255, -0.2929080455689187]], "T": [-0.05079902001536894, -0.12206577878486766, 0.14937985692767058], "aligned_model": [[-0.34184117904980155, -0.6069078762462936, 0.5470271315834285, 0.04850694852610611, -0.5287359596929814, 0.09154192504636731, 0.5941248527308258, 0.40729501835255344, 0.36136577044101126, 0.49901427020709976, -0.040440426362463505], [-0.6407725301530839, -0.10004748972625319, -0.5627887151392318, 0.4037333301023306, 0.4525327763473085, -0.19892482118671295, 0.04465341948043697, 0.6211201240600186, -0.36815697293399496, 0.22262202036975912, -0.11589993303447833], [-0.11338111401334788, -0.37947334021795504, 0.11191547866027915, -0.45284560694663184, -0.0817321925259531, -0.5547921357012835, -0.18674846700558406, 0.06474350972339493, 0.4943683977651419, 0.5336827256860299, 0.08109844304191416]], "inverted": false, "swapped": false, "error_lsq": 0.05298631346842666, "error_max": 0.2731354703941672, "target": "274.xyz", "model": "25.xyz", "model_rescale": 4.19342608120988, "target_rescale": 3.6685643876677996},
{"mapping": [2, 6, 0, 3, 10, 4, 5, 7, 1, 9, 11], "R": [[0.46274195364749965, 0.3969725428829651, -0.7926428480290021], [0.06859647486416373, -0.9074866447222737, -0.414442412509772], [-0.8838350569935011, 0.1374073864380742, -0.4471630599474338]], "T": [0.05534088544395896, -0.025869417364104974, 0.03568083445132354], "aligned_model": [[-0.2289100644273164, -0.5802802407893324, 0.5191316577741345, 0.11286758569999954, -0.39444417148322464, 0.054001565860091555, 0.6570268473920173, 0.3314904462873892, 0.037516805774868545, 0.5189467262926055, 0.003603317154619687], [-0.8130772781240091, 0.0525999351161342, -0.5618841333448239, 0.3686165252866595, 0.34845771549609533, -0.39898967859715745, 0.0651108250425798, 0.8248897153707212, -0.28876112732259845, 0.2114313124855022, -0.050322603223004365], [0.02049586819865666, -0.47999765802898553, -0.0030541928486989556, -0.48594022402666837, 0.2697927708385171, -0.6389369892215868, -0.17752442018199655, 0.015396902534071902, 0.5101990263300507, 0.5636102740319133, -0.0772056591592687]], "inverted": true, "swapped": false, "error_lsq": 0.04565445941887099, "error_max": 0.24962348937768666, "target": "274.xyz", "model": "26.xyz", "model_rescale": 3.795458400668931, "target_rescale": 3.6685643876677996},
{"mapping": [11, 8, 10, 6, 1, 5, 7, 0, 9, 3, 12], "R": [[0.6598722470343509, 0.15834886797728043, 0.7345027253891919], [-0.35283638114419125, 0.9283609389020336, 0.11684372153438816], [-0.6633815687331898, -0.33626121264762077, 0.6684708603475876]], "T": [-0.019020243074668694, -0.0663951498042426, 0.11134073712324627], "aligned_model": [[-0.27013386780344123, -0.49998490887494157, 0.44816645873406413, -0.1315710541924241, -0.41622613325518626, 0.1952834912168956, 0.7248558199858323, 0.3941218150514941, -0.12793977238882664, 0.5997285414404511, 0.11465008562193478], [-0.7359820969245627, -0.1823153343777883, -0.5621768712454348, 0.37713949746598086, 0.36667804384765773, -0.14911186748122168, 0.016860805103059484, 0.6469877585635146, -0.05712777638017075, 0.06535238585019065, -0.028233336235126152], [0.12437375116456714, -0.42343698414629144, -0.09752165500879412, -0.5755335536050352, 0.04043051009445013, -0.6056615794460045, -0.204768338050971, 0.2193761847733239, 0.5265815612713656, 0.4919574568793586, 0.021038344540035808]], "inverted": true, "swapped": false, "error_lsq": 0.05125523874292009, "error_max": 0.30797566472203075, "target": "274.xyz", "model": "27.xyz", "model_rescale": 3.6321398670334006, "target_rescale": 3.6685643876677996},
{"mapping": [7, 12, 0, 9, 6, 8, 11, 13, 1, 2, 14], "R": [[-0.9200497757955528, 0.05933801393783436, -0.38728208086673266], [0.35953189541551955, -0.26496896841378087, -0.8947224496773627], [-0.15570878664184928, -0.9624294498193882, 0.22245073136061594]], "T": [0.11715201377289332, -0.1494360586807651, -0.06866467276159506], "aligned_model": [[-0.493014367266184, -0.5785547578409623, 0.6530282478655268, 0.10979491275841526, -0.42106773597971303, -0.02876979840319545, 0.64095018792111, 0.20171914200929453, 0.14436611555312348, 0.676002692811123, 0.12649583610731394], [-0.6269117961937689, -0.10945674957304806, -0.4651224163246261, 0.37508897922993983, 0.40265871067309517, -0.468642345838574, 0.21852911370822248, 0.6234987907371505, -0.1438307876180937, 0.06183659107159448, -0.10957688168579288], [-0.04414342605704798, -0.5135281053269674, -0.11956142660794172, -0.4826592607572178, 0.028383272961722453, -0.4479321071199061, -0.12122835876676682, 0.18012731121538572, 0.5995382677788622, 0.45716177174033545, -0.01932224059445297]], "inverted": false, "swapped": false, "error_lsq": 0.04640117632814123, "error_max": 0.26869770705229346, "target": "274.xyz", "model": "28.xyz", "model_rescale": 4.156811204709835, "target_rescale": 3.6685643876677996},
{"mapping": [4, 4, 7, 9, 0, 1, 3, 5, 2, 10], "R": [[-0.5372822183074835, 0.148490186368805, -0.8302279701640672], [-0.8434003513758047, -0.0923596572144958, 0.5292877676825621], [0.0019144685316725418, 0.9845914677018984, 0.17485987686963195]], "T": [-0.059493109514353326, -0.03612826111009708, -0.011542020217947419], "aligned_model": [[-0.3198765390302901, -0.3198765390302901, 0.16886866945298432, 0.7777813575067463, -0.0866491987181213, -0.7959065598583093, -0.531932998341031, -0.4378890210988493, 0.2929011699361234, -0.1044949667083746], [-0.36336295591984175, -0.36336295591984175, 0.14498900202571252, 0.22521111196542243, -0.46182967728930574, -0.3619374876546538, 0.33237554298105976, 0.36979021823563696, 0.369402182714726, 0.027445349487289217], [-0.41261364655679833, -0.41261364655679833, -0.7517286367423958, -0.27989642192841346, 0.6753567295843736, 0.16118987067020726, -0.30072268940010843, 0.4158105058934251, 0.5758511969188725, 0.08815346509273529]], "inverted": true, "swapped": true, "error_lsq": 0.06262082094727983, "error_max": 0.34081778841178756, "target": "274.xyz", "model": "29.xyz", "model_rescale": 4.117894457231895, "target_rescale": 3.6685643876677996},
{"mapping": [13, 7, 11, 6, 8, 10, 9, 5, 3, 2, 14], "R": [[0.7466303092125384, -0.6623496646807185, -0.06193628227887914], [0.6633153057684249, 0.7483130513746594, -0.0063547050039293], [0.05055676511140776, -0.036338668655936004, 0.9980598752889447]], "T": [0.0205925927533072, -0.08200638395688506, 0.05858310375601343], "aligned_model": [[-0.3957674198666217, -0.5185403708271062, 0.6244972620576787, 0.07067641427590385, -0.3297989683089569, 0.0028431332063574982, 0.5478330935870891, 0.3261552823534325, 0.1104648035609134, 0.5918349370954324, 0.0007523084017292368], [-0.7199762004485102, -0.18406651145565606, -0.4751928751614207, 0.30265992423640087, 0.5263873470653516, -0.29234001009019295, 0.09764914998553062, 0.69278253170209, -0.2427236934353711, 0.1509987661745947, -0.09810722038671804], [-0.14804495718124128, -0.2962732598758591, -0.020202452252076522, -0.4526046165603183, -0.03561089099066554, -0.6268114447316135, -0.2234902129805582, 0.106388442644899, 0.5741887022713572, 0.6288037953182175, 0.01049259280386363]], "inverted": true, "swapped": false, "error_lsq": 0.04580393206946189, "error_max": 0.24851377786214615, "target": "274.xyz", "model": "30.xyz", "model_rescale": 4.100398675895297, "target_rescale": 3.6685643876677996},
