[{"mapping": [2, 8, 0, 6, 4, 7, 1, 12, 5, 11, 14, 9, 13, 15], "R": [[0.7756508208139027, 0.5236318440996969, 0.35238543672443406], [-0.3808294204301771, 0.8335050194788909, -0.4002978079359283], [-0.5033237096596332, 0.17629258165970763, 0.845923264218582]], "T": [-0.008659893001313076, 0.11778974304645845, 0.1795619125064159], "aligned_model": [[0.21261170521579104, 0.16513223758994722, -0.5153098552188305, -0.4935987533777073, -0.6107900441321772, 0.09530262530183069, -0.6678613517235394, -0.08023410568366142, -0.36994083825762136, 0.19531720936996294, 0.6049337676523716, 0.2670320709892013, 0.593865990463136, -0.024968557060399396], [-0.5978236611794983, -0.26649769618550884, -0.45501256804690443, -0.30677220546124, 0.28416986440083924, 0.1774967964221769, 0.20788099123766274, 0.4707980673656694, 0.7051295685417072, -0.24567459161310934, 0.5473858883778042, 0.6144850468098237, -0.047877321977817355, 0.14758515311843018], [0.23023097092837458, -0.30648371415657555, 0.352625243818534, -0.24362027660997, 0.6118054651376927, -0.6675905434050389, -0.08764522802292019, 0.7267630401121339, 0.10659066419223795, 0.8138817721406539, 0.3659234155205924, -0.1475120887727172, 0.043584542853223246, 0.09903482344361325]], "inverted": false, "swapped": true, "error_lsq": 0.03417183037198249, "error_max": 0.22670543445494856, "target": "275.xyz", "model": "0.xyz", "model_rescale": 3.8414455957264533, "target_rescale": 4.212436965797503},
{"mapping": [4, 11, 6, 2, 0, 8, 7, 1, 9, 3, 13, 12, 14, 5, 15], "R": [[-0.7389115731317399, -0.3572650812201016, 0.5712891989463583], [0.33777439220934424, -0.930033094798512, -0.14473044789231615], [0.5830249969423144, 0.08602385901769663, 0.8078872128088909]], "T": [-0.04203695600376131, 0.07447739941895971, -0.12908166526362688], "aligned_model": [[-0.6802135034198897, -0.5196134184428217, -0.08187259485853812, -0.13388283805709783, -0.6026789197102541, 0.34596147934113974, 0.7018101405810714, -0.17670501744023578, 0.49287795711583626, 0.357265969485126, 0.36183481969321873, -0.4290185635258924, 0.25854566151003655, -0.04221028170402835, 0.019943262936874304], [0.24630301334571714, 0.11282844528974313, -0.6116371004470351, -0.4466538036622777, -0.47089823998293034, -0.42444990745054756, -0.23296270742370717, -0.15320878779544128, 0.42144028833968394, 0.07564995840683321, 0.03857965806756119, 0.603069649874912, 0.6922744526461901, 0.43828233726074406, 0.05842727157356918], [0.24546366603928213, -0.7177450537909867, 0.22043475289124867, -0.6616392875841874, -0.07436796558918946, -0.25011739732231186, 0.16111223301549968, 0.5373162380289445, 0.023143416560328117, 0.5220125854643036, -0.6236236783397756, -0.1275693127175133, -0.48087354884815103, 0.46122565491692724, -0.06959051538488331]], "inverted": true, "swapped": true, "error_lsq": 0.04457019862928869, "error_max": 0.25040136898072823, "target": "275.xyz", "model": "1.xyz", "model_rescale": 4.316132596720782, "target_rescale": 4.212436965797503},
{"mapping": [12, 0, 11, 9, 14, 5, 13, 3, 2, 1, 8, 15], "R": [[-0.09431122637142811, 0.9792460815337038, -0.17939482818967806], [-0.7000153245644405, 0.06289904181398412, 0.7113524133042803], [0.7078728261172753, 0.19266764736138114, 0.6795551778222076]], "T": [-0.014806127783191198, -0.03127260969008436, -0.0454218573577748], "aligned_model": [[-0.351422875379671, 0.6932978526002812, 0.2008800556752271, -0.5551342052887017, -0.6554163583258914, -0.41649749042748757, -0.07923493204547598, -0.24399115046110292, 0.5596248472513711, 0.16833932746541921, 0.30805618652427647, -0.03069270295646402], [-0.5900738360848922, -0.3100895942577325, -0.578144538214512, 0.33889712191427723, -0.06671925137110968, -0.07466748941033816, 0.26191669887835023, 0.44007212084916114, 0.0017294151378555445, 0.052570482185139406, 0.49608601133705077, 0.04119928677773056], [0.014554584933769814, 0.14325095609303506, -0.5255106296122594, -0.018783078004638333, -0.4745403799144321, 0.5181184949592915, -0.610100367891573, 0.5101645849736953, -0.5276779503673708, 0.6426847697710493, -0.22367365295466876, 0.0007711292235223766]], "inverted": true, "swapped": true, "error_lsq": 0.04628609584310347, "error_max": 0.25382489469784814, "target": "275.xyz", "model": "2.xyz", "model_rescale": 3.795458400668931, "target_rescale": 4.212436965797503},
{"mapping": [11, 12, 4, 3, 2, 6, 5, 13, 9, 7, 0, 15], "R": [[0.9464219097768032, 0.205581004396761, -0.24904220390457488], [0.17365569071696277, -0.9741856823884437, -0.1442427027997506], [-0.2722669090727764, 0.09326685831838417, -0.9576909853200954]], "T": [0.07214934910874585, -0.0552486574426138, -0.008706103144610962], "aligned_model": [[-0.15437414873900615, -0.3694789413566496, -0.6780152769163159, 0.19755483278980865, 0.26997225753337073, 0.019862259486880904, -0.2052589998686067, 0.6297430954033946, 0.44847578945363775, 0.6965125209705111, -0.3712851054334063, 0.10959554241994604], [-0.08579438094061402, -0.5229158524730901, -0.099843526117708, -0.04672080631290318, 0.4181978300010016, 0.6610604546085347, -0.35528238622163133, -0.12433374481185151, -0.45557230125288756, 0.1743598591361501, 0.5646605351354148, -0.04204663546070598], [-0.7324662352923459, -0.13287802736930515, 0.10238792920012563, 0.7446654286691132, -0.5567440018309218, 0.2717738923283579, 0.5515091810196365, -0.3141391179489328, 0.34879785012874626, 0.5293375565418191, -0.19262474259129175, 0.06915171778409912]], "inverted": false, "swapped": true, "error_lsq": 0.044103791478278864, "error_max": 0.21417284148217927, "target": "275.xyz", "model": "3.xyz", "model_rescale": 3.7530521520055578, "target_rescale": 4.212436965797503},
{"mapping": [5, 0, 6, 2, 7, 11, 9, 12, 14, 13, 15], "R": [[-0.850707925485947, 0.5001382027506746, 0.16173374312344957], [-0.16680167924855802, 0.03492701797726694, -0.9853716574039855], [-0.49847088712908594, -0.8652409384469399, 0.05371120106831717]], "T": [-0.1132598625542603, -0.06532007854534819, -0.024345789663769976], "aligned_model": [[-0.5858847940452732, -0.011780158212633896, 0.28484487732877106, 0.4129187783211558, 0.43515197555541923, -0.21228749097897465, -0.141439036994002, -0.733747201079129, -0.31621729022549305, 0.2930076955873307, -0.08636775281196594], [-0.5712320887690823, 0.11013165392394034, -0.39539264346690717, 0.42232147399451236, -0.6765575400621306, 0.6767784706348631, -0.4240519839596385, 0.1367428225541652, 0.14520464709549755, 0.1904326476461727, -0.14717410127704633], [0.014325997767196258, -0.7817533072089939, -0.5962430090816593, -0.24564371574938987, 0.21580758310295667, -0.14907725041407943, 0.5235657362854461, 0.03338518765601766, 0.68998484857777, 0.39815873810303076, -0.009680031792978515]], "inverted": true, "swapped": true, "error_lsq": 0.04609080837233268, "error_max": 0.21711837922679061, "target": "275.xyz", "model": "4.xyz", "model_rescale": 3.7855080009869324, "target_rescale": 4.212436965797503},
{"mapping": [15, 9, 8, 3, 14, 2, 10, 5, 7, 0, 4, 13, 12, 6, 1, 16], "R": [[-0.8068815135167234, 0.5904704533227737, 0.016937145502109913], [-0.5899982607693864, -0.8069838052638497, 0.026061280301932072], [0.02905641812165386, 0.011035478905563636, 0.9995168546709277]], "T": [0.053346413492512734, -0.001959055196816226, -0.023638586199634035], "aligned_model": [[-0.33688794201225175, -0.44896206170097913, 0.23834830815453312, -0.17650823765420715, -0.6128323560346618, -0.492140046588389, 0.17396910635755172, 0.44221393799964487, 0.745760795138992, 0.21738614081517021, 0.6582738288329788, -0.022778619539339184, -0.3075771615327855, 0.5766126826211591, 0.08224704333737035, 0.00019198862176664916], [-0.6982728398315546, -0.3203184977844035, -0.5971374570504898, -0.011926026959574352, -0.0329380060670323, 0.32360212808908106, -0.6261614465844797, -0.01883272345839169, -0.23296701930043548, 0.544024386021112, 0.404683457797124, -0.1341527636799002, 0.3934162697026455, 0.06031377016984425, 0.7542400430892885, -0.006379216366250904], [0.18174487904838382, -0.4151069505832099, 0.3032357671870912, -0.6789889537278289, 0.09013113809953782, -0.4007859385495939, -0.3797085436885987, -0.7332867894118993, -0.19265668134253017, -0.5560547139570962, -0.14896006345243418, 0.6845968560501783, 0.3964540089050116, 0.3615776840694226, -0.04441396430021415, -0.030105539708171734]], "inverted": false, "swapped": false, "error_lsq": 0.04193725611560267, "error_max": 0.2846239773511533, "target": "275.xyz", "model": "5.xyz", "model_rescale": 4.2253639853439635, "target_rescale": 4.212436965797503},
{"mapping": [8, 0, 5, 3, 1, 12, 9, 7, 11, 2, 4, 14, 10, 15], "R": [[-0.945533231680854, 0.12773856041020756, 0.29941571096301617], [-0.29905560391540287, 0.022445040289413853, -0.9539716798381388], [-0.12857936675047965, -0.9915538716331729, 0.016978400846702324]], "T": [-0.008953525090902546, 0.05105542849145821, 0.007356630304720075], "aligned_model": [[0.5871441935580286, -0.22468903027072598, -0.3604129356339929, 0.12526223550753043, -0.2091416253311462, -0.5828331363211012, 0.219371212238709, 0.6654836317738058, -0.24533274847405231, 0.32519734925150096, -0.7293588394942289, 0.046244178418285264, 0.7250274539293189, 0.03210021360585229], [0.028304731578901274, 0.17678263660838478, -0.49973549761019415, -0.695573865174518, -0.5364122076928367, 0.1866743020422857, -0.264509602637044, -0.47459375607111903, 0.7654336783868907, 0.5753891289746716, -0.08751017612687982, 0.29303199134105695, 0.003709523744134788, -0.02589174072874338], [-0.2340368398154663, -0.735878493594633, 0.23956867470250273, 0.09623155351908086, -0.3516268694418055, 0.2927274977102862, 0.5345911242014135, 0.03681638591297633, -0.09195723588133381, -0.413414544659261, -0.1898572350046995, 0.7382336342133455, 0.537140469719913, 0.013020087349129525]], "inverted": true, "swapped": true, "error_lsq": 0.04412096205544896, "error_max": 0.29242583873117867, "target": "275.xyz", "model": "6.xyz", "model_rescale": 3.89814844738969, "target_rescale": 4.212436965797503},
{"mapping": [13, 14, 9, 2, 7, 12, 11, 8, 0, 4, 5, 6, 15], "R": [[-0.5271413874839002, -0.2375075494821686, 0.8159118344162709], [0.7671347227169272, -0.5460314434207889, 0.33668082808178096], [0.365549278215089, 0.8033926977106436, 0.4700360608098515]], "T": [-0.08034360861379947, 0.11862880499643302, -0.043233469411691434], "aligned_model": [[0.13830373634853518, 0.03927668990239078, 0.4470733519353964, -0.3039949387772237, 0.7385388056914559, -0.48357083070388035, -0.7274645912800854, 0.2819979038177206, -0.5484466285839691, -0.5693466263902611, 0.08774220158587342, 0.04965184370081016, -0.0011291163425402179], [-0.3120923659446164, 0.27190457191136447, 0.3741857801804399, -0.5972091247509869, -0.040551029143200384, 0.5687239432404574, -0.16388862380318936, -0.39069691534351125, -0.13569339668446234, 0.6083436194486244, 0.7768071000541549, -0.1320279667821681, 0.1359756730875792], [-0.46233426060668154, -0.7902128277230039, -0.33685170498659606, -0.00877829827815544, 0.14685543856672512, -0.29619392661268124, -0.3216091174220271, 0.10979211921376736, 0.532046783057265, 0.27002840440261855, 0.09592574667923226, 0.6742441098534704, -0.010637435307637902]], "inverted": true, "swapped": true, "error_lsq": 0.03969702540631776, "error_max": 0.25269983844553523, "target": "275.xyz", "model": "7.xyz", "model_rescale": 3.7474275329858107, "target_rescale": 4.212436965797503},
{"mapping": [9, 5, 1, 7, 0, 8, 10, 13, 6, 2, 14, 11, 12, 4, 15], "R": [[0.7550402248894899, 0.6549879134362715, -0.03008474781726453], [0.5584660667787948, -0.666460354334069, -0.49390914990262136], [-0.3435548152121457, 0.3561199648339123, -0.8689928996207288]], "T": [0.017309073051636495, 0.0025705280424086624, 0.034314914916835054], "aligned_model": [[-0.4649606815208718, 0.1689709252330595, 0.5206116944550687, -0.33995973995915957, 0.6875201751252752, -0.1792676512001184, -0.8390316583435603, -0.5304531599441086, 0.4545824132011586, 0.02240049529482758, -0.6081134639459013, 0.11230730458175271, 0.1462425490797633, 0.6504351944703074, 0.000869325811253728], [0.04367037515622764, 0.24559417403030104, -0.22341099684224197, -0.6456345250809155, -0.2284306886985797, -0.5978405261007279, -0.2621165810443462, -0.1488098847606828, -0.6286827465783904, -0.34441639782201083, 0.4549173365659095, 0.33140625340779784, 0.6442490711266393, 0.3962621616961266, -0.0476390630755143], [-0.4077443260159438, -0.5971555793916972, -0.42359498214946145, -0.39490487184374445, 0.36928223418123596, 0.1567283510678948, -0.10082173741022393, 0.3275952730372762, -0.03506116802350209, 0.7000514759268818, 0.031207936028957134, 0.7117490939462611, 0.006179081584088503, -0.11141004671465829, -0.03530607852710366]], "inverted": true, "swapped": true, "error_lsq": 0.04531176074091146, "error_max": 0.33631206334996133, "target": "275.xyz", "model": "8.xyz", "model_rescale": 4.019505241142653, "target_rescale": 4.212436965797503},
{"mapping": [5, 4, 12, 14, 9, 13, 11, 3, 7, 6, 0, 8, 15], "R": [[0.9034011039705775, 0.32248232297450474, 0.28261563423439484], [-0.0050907945227806894, -0.6509776720141188, 0.7590798076290829], [0.4287662873359668, -0.6871922743366997, -0.5864522563142591]], "T": [0.048065435220685473, 0.00597397226405294, -0.031678220083967965], "aligned_model": [[-0.401136714071381, -0.6354792483389183, -0.17468781395809319, 0.5322267518721495, 0.27362418820906215, 0.6848179405652204, 0.21350717023355248, -0.21346568587127213, 0.2720872081788964, -0.2747525751180947, -0.36254104884258487, 0.36606786795784696, 0.03943273092479247], [-0.5007721370526382, 0.14108403577975243, 0.003363574393069363, -0.3055188726238549, -0.6081354213157927, 0.027229400639887838, 0.6332907419747241, -0.6230236008754931, -0.5014146873150519, 0.17776941828754272, 0.6206034678723114, 0.05950289843962811, -0.06060059009002626], [-0.1808177683680981, -0.3343157735836411, -0.6477472055198333, -0.5458189258500078, -0.07269757855766835, 0.023705129744218317, -0.42560380689371624, 0.3137656251564332, 0.6197904394559449, 0.6471270307322347, 0.2298184086271774, 0.5252149461884057, 0.024282972912430242]], "inverted": false, "swapped": true, "error_lsq": 0.051263773519472894, "error_max": 0.26501768193230246, "target": "275.xyz", "model": "9.xyz", "model_rescale": 3.877068213659057, "target_rescale": 4.212436965797503},
{"mapping": [5, 0, 3, 11, 1, 8, 12, 10, 6, 9, 14, 4, 7, 13, 2, 15], "R": [[0.34357140059784563, 0.13065729240256674, 0.9299932067672673], [-0.9078784063128238, 0.2995341896723107, 0.29331905592415863], [-0.2402404879326595, -0.9450967893075197, 0.2215323154722474]], "T": [0.10895872826858588, -0.013928154839341258, -0.07608414729693941], "aligned_model": [[-0.310677377786, -0.48830998432646433, 0.25420527950551636, -0.09152993487328376, -0.6934473661145545, -0.45500237844182045, 0.07391819804658148, 0.4951956685687967, 0.6008314511585984, 0.1566366821176212, 0.7001756255651004, -0.041067076148907644, -0.4640174664012894, 0.7684576685246055, 0.1873048141601845, 0.044643603261868975], [-0.6286482061660885, -0.37623620119671763, -0.4697421889751473, -0.09228258292419388, -0.19574552835923276, 0.41861260358395985, -0.677229114557978, 0.053103133047576856, -0.373685138136679, 0.5640806036088817, 0.4544526446329908, 0.028649041499334022, 0.40242184559793753, 0.16724789354470296, 0.5844363263866165, -0.05824107379937994], [0.1627049630802198, -0.45788121398753445, 0.34092706162536873, -0.7820020999053041, 0.19958506133281978, -0.3763828289934584, -0.418135625574152, -0.6673020528542986, -0.17063948860779338, -0.39116824999583205, -0.2775873821973426, 0.5825281211173323, 0.3296713540758894, 0.28429743277729375, 0.19991802005353954, -0.12086087730869939]], "inverted": false, "swapped": false, "error_lsq": 0.033129106252329614, "error_max": 0.20859498474135432, "target": "275.xyz", "model": "10.xyz", "model_rescale": 4.260839863003843, "target_rescale": 4.212436965797503},
{"mapping": [11, 0, 6, 2, 7, 13, 14, 12, 1, 3, 9, 15], "R": [[-0.823959697512414, 0.3976825111700978, 0.403657078700097], [0.41308020811222323, 0.9091785509860582, -0.05252717480365801], [-0.3878854966884088, 0.12346247501300436, -0.9134012583319828]], "T": [0.08526162615571037, 0.025904475415132334, -0.07066985562723184], "aligned_model": [[0.3747224525820047, 0.09744248866907984, -0.3297952299607802, -0.2828597123305095, -0.6158589733891946, -0.28112695594272985, 0.26993814905176006, 0.7288077664263648, 0.09830664784566948, -0.11419124899021313, -0.024328006937451935, 0.03784127207013058], [-0.09970601482533578, -0.7401948161460179, -0.5762764149051862, -0.25138433581687786, 0.22188691851158976, 0.40420588242028244, 0.7531069546918953, 0.13924455225233526, -0.40634122178455134, 0.11018570789164939, 0.5792023195492256, 0.039148973693925095], [-0.7609662411703254, -0.23707625728201065, 0.17347701232906487, -0.6633152920252813, 0.37884233317668536, -0.43346499630856955, -0.25192043992531576, -0.11724464857368073, 0.5012183649137165, 0.6617802443644282, 0.26330812882285376, 0.0015398690739393123]], "inverted": false, "swapped": true, "error_lsq": 0.046260488787087356, "error_max": 0.23875244421525899, "target": "275.xyz", "model": "11.xyz", "model_rescale": 3.890672605050136, "target_rescale": 4.212436965797503},
{"mapping": [9, 7, 8, 14, 13, 4, 1, 12, 5, 0, 2, 6, 11, 15], "R": [[-0.7287439898765953, -0.6623769120878878, -0.1737498879183975], [-0.6474461525742826, 0.7490998676787435, -0.1402243479587197], [0.2230373886493023, 0.010306045633697913, -0.9747554096735737]], "T": [0.12320998897340649, -0.04140964372844977, 0.13463585985128593], "aligned_model": [[0.5270793002275183, 0.3239326719760371, 0.26366387866993096, 0.7893033231576956, 0.6897073167459374, -0.47328410977053625, -0.47239969286348316, 0.0695324378479012, -0.10049876611800909, -0.5051886505473704, 0.18664491784817733, -0.3922263419333252, 0.1818668292897835, 0.1217427202634366], [-0.3469702993081042, 0.2072570314623584, 0.5074718599381438, -0.40513597186721073, 0.25432987355481285, -0.4382752245460305, -0.13930875325099526, -0.5657554048535549, -0.6187293166667247, 0.35016266655231887, 0.6400861054751528, 0.4185082934301393, 0.11281857060983458, -0.04430691070237543], [-0.2815515393946938, -0.6590364340895611, -0.17052424830007187, 0.2753606503382302, 0.15896233267037618, 0.3871631918374667, -0.2523105490852442, 0.5236693575195812, -0.17757109592084694, 0.39257745037824165, 0.4431331395521857, -0.20785879918785946, 0.8754784194912049, 0.047298559547852115]], "inverted": true, "swapped": true, "error_lsq": 0.05409203897167895, "error_max": 0.309842000431657, "target": "275.xyz", "model": "12.xyz", "model_rescale": 4.124412569039231, "target_rescale": 4.212436965797503},
{"mapping": [6, 5, 9, 0, 7, 8, 4, 2, 12, 11, 13, 14, 15], "R": [[-0.7728177385223581, -0.5910420494438665, 0.23113208088532922], [0.6030064518823587, -0.797408204362185, -0.022877381933350774], [0.1978281122930634, 0.12169408944180429, 0.9726533743227818]], "T": [0.093882193746288, 0.15089614416963879, -0.0030877302000049934], "aligned_model": [[-0.22762127302658966, 0.0008041924412599266, 0.6235672004129754, -0.575079324940868, 0.6041627433068563, 0.35937092853645114, -0.5635830170312542, 0.04450945344561262, -0.12549398443307905, -0.14770820837249196, 0.609585260745583, 0.6370540523911505, 0.1277302840341518], [-0.40059212530137656, 0.6521642525272898, 0.42734705312558763, -0.25456730004514916, -0.19323543634135829, -0.42181804141996115, 0.5238388288084331, -0.46835009748723055, 0.7199613712800511, 0.11456085724794593, -0.08413131708351626, 0.5916708612227348, 0.14063646997502677], [0.429344832285791, 0.4668947847037024, 0.26653863118220883, -0.056355641507024185, 0.5912418391693133, 0.12195260380903464, 0.07261433757712876, -0.4246650572419441, -0.24226481679885506, -0.7216894903676989, -0.29937357339976167, -0.3293738302206639, 0.07683346177660826]], "inverted": true, "swapped": true, "error_lsq": 0.044297049885154254, "error_max": 0.27876439251311624, "target": "275.xyz", "model": "13.xyz", "model_rescale": 3.9028299243045295, "target_rescale": 4.212436965797503},
{"mapping": [8, 13, 0, 14, 12, 11, 5, 10, 4, 9, 7, 2, 1, 3, 6, 15], "R": [[-0.5505555504442822, -0.7724806270205931, 0.3164842282845474], [-0.8074003617689423, 0.5890662195864127, 0.03325123693269264], [-0.21211610426927824, -0.23722282735867617, -0.9480148144884556]], "T": [0.04046899850853975, -0.04002486177349225, -0.028748087429937938], "aligned_model": [[-0.22985643739717254, -0.3114162536554144, 0.4596580582408881, -0.2575127417618955, -0.6200389348070912, -0.48972570341723626, -0.0007833725083999793, 0.3580469986149391, 0.610774811157661, 0.14315012698938054, 0.7160183987849753, -0.1346320534376136, -0.34095854516367824, 0.5547059978563472, 0.19603033624125113, 0.08385672107961264], [-0.6780191449690957, -0.42506913989456874, -0.5270097778726499, 0.22641358214334728, -0.23431926687634802, 0.4175766710477719, -0.5194001720443986, -0.11274760067103719, -0.38603354110254845, 0.6367848334030259, 0.3926224780346398, -0.08840235254826709, 0.40737264193208844, 0.0797072780391026, 0.5616265011426534, 0.050091068022867266], [0.3124184596841348, -0.6292220876922006, 0.4950291867404246, -0.8182213870744092, -0.12983835963121207, -0.26401623985901923, -0.2036748933897617, -0.6989780622480102, -0.14871703245445933, -0.3923834526416183, -0.44955355671505287, 0.6847986941825024, 0.24792366455967052, 0.3027846687734446, 0.2125495916993711, -0.0832269992957562]], "inverted": false, "swapped": false, "error_lsq": 0.04330913763408454, "error_max": 0.28505084405263026, "target": "275.xyz", "model": "14.xyz", "model_rescale": 3.942246331269136, "target_rescale": 4.212436965797503},
{"mapping": [9, 5, 3, 4, 0, 1, 8, 7, 13, 6, 0, 2, 12, 11, 15], "R": [[-0.4227827094390176, -0.9039020371989221, 0.06492986791178293], [0.8083525001273504, -0.40853876089660907, -0.4238659179303347], [0.40965963449828097, -0.12671696016201484, 0.9033945958826812]], "T": [-0.20051212846855054, -0.05952486349793039, 0.03455129456230705], "aligned_model": [[-0.7576974274793482, -0.29041738484988316, -0.29285729171137587, 0.21211874748200865, 0.5668159256425871, 0.22791705341806845, -0.15081926977212257, -0.41016176611177513, -0.5817853053376816, 0.39363069424951563, 0.5668159256425871, 0.07527746297980692, -0.30379748526241307, -0.0657757906228541, -0.2149700517349103], [0.04932061564791994, -0.3748436502676519, 0.1555379756052262, -0.6599374801864368, -0.06386960466140616, -0.05271868432492284, 0.5772966659935272, 0.648752202260884, 0.2925446271164439, 0.37021639952950736, -0.06386960466140616, 0.29895210958580026, -0.705631623862722, -0.36295370172939717, -0.010651556163715242], [-0.29314809563857425, -0.5764379874088972, -0.6924894681134004, -0.18066488142736564, 0.195599017464541, -0.540309353042877, 0.11271683157108028, -0.39722532424387624, 0.4082499701216788, -0.2038149460703317, 0.195599017464541, 0.6337719375513952, 0.06687788262233521, 0.7170846084607101, -0.0364467289504432]], "inverted": false, "swapped": true, "error_lsq": 0.04606176680688538, "error_max": 0.3177090626263055, "target": "275.xyz", "model": "15.xyz", "model_rescale": 4.355366556412066, "target_rescale": 4.212436965797503},
{"mapping": [12, 0, 11, 9, 14, 5, 13, 3, 2, 1, 8, 15], "R": [[-0.09431122637142811, 0.9792460815337038, -0.17939482818967806], [-0.7000153245644405, 0.06289904181398412, 0.7113524133042803], [0.7078728261172753, 0.19266764736138114, 0.6795551778222076]], "T": [-0.014806127783191198, -0.03127260969008436, -0.0454218573577748], "aligned_model": [[-0.351422875379671, 0.6932978526002812, 0.2008800556752271, -0.5551342052887017, -0.6554163583258914, -0.41649749042748757, -0.07923493204547598, -0.24399115046110292, 0.5596248472513711, 0.16833932746541921, 0.30805618652427647, -0.03069270295646402], [-0.5900738360848922, -0.3100895942577325, -0.578144538214512, 0.33889712191427723, -0.06671925137110968, -0.07466748941033816, 0.26191669887835023, 0.44007212084916114, 0.0017294151378555445, 0.052570482185139406, 0.49608601133705077, 0.04119928677773056], [0.014554584933769814, 0.14325095609303506, -0.5255106296122594, -0.018783078004638333, -0.4745403799144321, 0.5181184949592915, -0.610100367891573, 0.5101645849736953, -0.5276779503673708, 0.6426847697710493, -0.22367365295466876, 0.0007711292235223766]], "inverted": true, "swapped": true, "error_lsq": 0.04628609584310347, "error_max": 0.25382489469784814, "target": "275.xyz", "model": "16.xyz", "model_rescale": 3.795458400668931, "target_rescale": 4.212436965797503},
{"mapping": [13, 14, 9, 2, 7, 12, 11, 8, 0, 4, 5, 6, 15], "R": [[-0.5271413874839002, -0.2375075494821686, 0.8159118344162709], [0.7671347227169272, -0.5460314434207889, 0.33668082808178096], [0.365549278215089, 0.8033926977106436, 0.4700360608098515]], "T": [-0.08034360861379947, 0.11862880499643302, -0.043233469411691434], "aligned_model": [[0.13830373634853518, 0.03927668990239078, 0.4470733519353964, -0.3039949387772237, 0.7385388056914559, -0.48357083070388035, -0.7274645912800854, 0.2819979038177206, -0.5484466285839691, -0.5693466263902611, 0.08774220158587342, 0.04965184370081016, -0.0011291163425402179], [-0.3120923659446164, 0.27190457191136447, 0.3741857801804399, -0.5972091247509869, -0.040551029143200384, 0.5687239432404574, -0.16388862380318936, -0.39069691534351125, -0.13569339668446234, 0.6083436194486244, 0.7768071000541549, -0.1320279667821681, 0.1359756730875792], [-0.46233426060668154, -0.7902128277230039, -0.33685170498659606, -0.00877829827815544, 0.14685543856672512, -0.29619392661268124, -0.3216091174220271, 0.10979211921376736, 0.532046783057265, 0.27002840440261855, 0.09592574667923226, 0.6742441098534704, -0.010637435307637902]], "inverted": true, "swapped": true, "error_lsq": 0.03969702540631776, "error_max": 0.25269983844553523, "target": "275.xyz", "model": "17.xyz", "model_rescale": 3.7474275329858107, "target_rescale": 4.212436965797503},
{"mapping": [7, 1, 6, 5, 13, 14, 8, 0, 9, 2, 12, 4, 11, 15], "R": [[-0.6178963472931598, 0.7126877764057334, 0.3320846840244551], [0.6383711106960187, 0.7012999637869781, -0.31727068225903665], [-0.4590059139384832, 0.01595287291476047, -0.8882899733844027]], "T": [-0.022934293638353326, -0.06621003644818974, 0.05385397629225627], "aligned_model": [[0.5422323110468871, 0.11327195544868641, 0.581697132987689, -0.375650798198386, 0.18342068046022744, -0.4625451188612073, 0.5915540945386337, 0.25732761920166464, -0.1371566845367967, 0.4366474473397297, -0.660640315261151, -0.4423794135787602, -0.22720867149163054, 0.014277408787290082], [-0.5670340463322463, 0.26183383347253875, 0.2994216776112473, -0.10417793248583118, -0.5042209048843287, -0.6411375739205223, -0.24316890039926317, 0.6630437847816066, -0.6582401318960791, 0.12653824963157054, 0.07718085048328371, 0.5092476018905365, 0.2465783996218155, -0.10545666606309474], [-0.34839276522812346, -0.5689603854955045, -0.25474932767460146, -0.5419365081735812, 0.4716301909488194, 0.32214726224351464, 0.12603758294866063, 0.12010888468968428, -0.2033294166468628, 0.6153374930045912, 0.09786423127622379, -0.21070575289923718, 0.7145430393175497, -0.014799809649477913]], "inverted": true, "swapped": true, "error_lsq": 0.0491982357864749, "error_max": 0.398314965463377, "target": "275.xyz", "model": "18.xyz", "model_rescale": 3.922800546911778, "target_rescale": 4.212436965797503},
{"mapping": [11, 2, 13, 12, 7, 0, 8, 5, 6, 14, 10, 9, 4, 3, 15], "R": [[-0.403227266036312, -0.8969901439451045, 0.1811531219444541], [0.6750319959981632, -0.42521520233913146, -0.6029293790141824], [0.6178507718726403, -0.12083341162539663, 0.7769554107742286]], "T": [0.022220916867437927, 0.13909317571810276, -0.012787730005708705], "aligned_model": [[-0.199117510294149, -0.305832467302833, 0.37170669304528287, 0.09772146270993518, 0.30452060671415115, -0.7579756292871739, -0.012787035567396514, 0.16857076539680688, -0.5254624928664405, 0.7126194547951863, 0.7614936635585616, 0.6162171604897912, -0.3851844569517187, 0.2032484004969858, 0.04631222195062824], [0.5731046086766969, -0.09850313416496137, -0.1012774738041404, 0.782114077987638, -0.6314118921012849, 0.1319402667611249, -0.46799473776150236, 0.32097283830141454, -0.36649121132529416, 0.4161580611701499, -0.3470106731524587, -0.003913399978512644, 0.653666048508464, -0.22083859410815027, 0.07709672002539553], [-0.5947826113496653, -0.6448953067924179, -0.49138412033246165, 0.08716528813122587, 0.22942962397340289, -0.09018135839736212, -0.22335743432813138, 0.6401428216401932, 0.18451665892006097, -0.21861665499030364, -0.20981433449940748, 0.2247144130842711, 0.369721318835794, 0.6360929183187918, 0.043907944949339445]], "inverted": true, "swapped": true, "error_lsq": 0.044408861226956545, "error_max": 0.32599503232361465, "target": "275.xyz", "model": "19.xyz", "model_rescale": 3.9282355846067225, "target_rescale": 4.212436965797503},
{"mapping": [3, 1, 0, 5, 9, 4, 12, 11, 14, 13, 6, 7, 2, 15], "R": [[0.08482861277656295, 0.5724169996686697, -0.815562925190155], [-0.318025700200546, -0.7601467987061898, -0.5666008281221302], [-0.9442794927702054, 0.30743393258885665, 0.11756111868553298]], "T": [0.014052748292895018, -0.03193407940237589, 0.04950226416580125], "aligned_model": [[-0.6438642172723569, -0.17271325508896113, 0.6047528230434348, -0.4568121913922135, -0.5971872084384441, 0.2058213681958386, 0.09303887312576731, 0.6791365242613819, -0.2475085967440527, 0.008850749079931608, 0.11208161491282179, -0.5752567457946275, 0.5807043439197727, -0.058521262723616074], [-0.41945042305521796, -0.6839208294300702, -0.5449267330649951, -0.20228282713304274, 0.19449854949851778, -0.2969197802340229, 0.25648499374765954, 0.3239693616275984, 0.6933558871928178, 0.3678689067937545, -0.7544893692018865, -0.3110572022772896, -0.026557156040902308, -0.07369129099808522], [0.03094763259111312, -0.18307974266430152, -0.002068536018491038, -0.43016877709116563, 0.11881074825232671, -0.636125132639026, -0.5333720356106469, -0.03458683616370996, 0.013159927663475443, 0.5486048319502381, 0.3001133295661621, 0.6034382022005308, 0.5419533539559046, 0.07455619125127275]], "inverted": true, "swapped": true, "error_lsq": 0.043628751081782435, "error_max": 0.296103955244859, "target": "275.xyz", "model": "20.xyz", "model_rescale": 4.067790424073018, "target_rescale": 4.212436965797503},
{"mapping": [6, 10, 0, 4, 2, 13, 11, 7, 8, 3, 9, 12, 5, 14, 15], "R": [[0.5282527165662263, -0.21661845714706096, 0.8209905672196418], [-0.8402665404326062, -0.27237685056259453, 0.4687888568503109], [0.12207050614223525, -0.9374898907726041, -0.3259010528202533]], "T": [0.03151359296549785, -0.0704658045645922, 0.03416628767537245], "aligned_model": [[0.17912753852303026, -0.044996535580923626, -0.14625217908704438, 0.33356339178536215, -0.626197630368071, -0.38593104985248333, -0.5937861201813274, 0.3437946041171699, -0.15348302771018127, 0.7143874757976271, 0.3505977918102875, 0.11055343691910749, 0.6888025406373464, -0.0954059506463075, 0.09366966774392296], [-0.08930981088502982, 0.804271010045534, -0.5769901584718011, -0.7670248475060344, -0.03809215656153114, 0.39785002433354333, -0.4658981539031217, 0.6541496505651029, 0.37746382311588833, 0.235498029363347, 0.40235148534006526, -0.5042226503602567, -0.18587122347272228, 0.21250188855138788, -0.01578177022652423], [-0.7223763338020162, 0.2591603635104213, -0.5373054943394577, 0.05964120089336494, -0.32638733050480373, 0.15823528590697672, 0.203601204451144, -0.29667118488906596, -0.38922028602499587, -0.11892622358307178, 0.35715045217429175, 0.5187016535733733, 0.22250009678484453, 0.7409911262214118, 0.006155043248723655]], "inverted": true, "swapped": true, "error_lsq": 0.042460337245095944, "error_max": 0.3003575989182692, "target": "275.xyz", "model": "21.xyz", "model_rescale": 4.186013935880536, "target_rescale": 4.212436965797503},
{"mapping": [2, 0, 11, 10, 3, 13, 8, 6, 12, 4, 1, 9, 15], "R": [[-0.4351161848147626, -0.7937033656866093, -0.4250986626772594], [0.8879466837548091, -0.30009830443304936, -0.3485565872067927], [0.14907914851206716, -0.5291275602103502, 0.8353439007407426]], "T": [0.07893731898607383, 0.040945546366753564, 0.01973255444728639], "aligned_model": [[0.05987401200229665, -0.5165246319172518, 0.3226743188704932, 0.6313097721114631, -0.20889501004193312, 0.5308613821616898, -0.025647179563323533, -0.6159010922199208, 0.2827831521910277, -0.28928844497502615, -0.5618748448834947, 0.39787605752656163, 0.0513265441606433], [-0.33037868453656877, 0.12852616192477487, 0.29853902494372814, -0.5888585242828208, -0.12008993615917754, -0.3877525596085562, -0.5888010464466319, -0.28764933922958963, 0.663470844526922, 0.7052392408733664, 0.13849182674210664, -0.10877004470184481, -0.0030103044996154793], [-0.632483608981435, -0.48276350450108096, -0.6513207518329673, 0.3659581086555135, 0.7086360660245484, -0.12502737368269556, -0.061521388892320894, -0.04131410870313901, 0.028447395139815455, 0.0055471158533539865, 0.3261752831157263, 0.572501049344973, 0.09004527979505353]], "inverted": true, "swapped": true, "error_lsq": 0.04734215395371487, "error_max": 0.3059357428435729, "target": "275.xyz", "model": "22.xyz", "model_rescale": 4.166573947596378, "target_rescale": 4.212436965797503},
{"mapping": [9, 10, 3, 7, 14, 13, 8, 0, 4, 5, 1, 11, 12, 2, 6, 15], "R": [[-0.2687347729952978, -0.3472990912480581, -0.8984235988671705], [0.06556598829799996, 0.9239758626331978, -0.376788676116659], [0.9609800845811904, -0.16016225051338107, -0.22553343554519065]], "T": [0.029066596819149287, -0.06285355260485709, -0.020087611404716224], "aligned_model": [[-0.2670655179022945, -0.5345062838551216, 0.3541321539287174, -0.058081881203595226, -0.7511501443116515, -0.5413865218141647, 0.21355959272021424, 0.5336661648406018, 0.6907948295531137, 0.010694289944756002, 0.5519500835619154, -0.040415301758247785, -0.28568562758797666, 0.5779172678520075, 0.21748757670344576, 0.0654067261448329], [-0.5455416640274826, -0.14825614535171816, -0.4255289034489391, -0.052952579546743886, 0.04229407702340568, 0.35670324145734483, -0.7684981522833534, -0.05235577338857243, -0.3535091341248196, 0.526102398090762, 0.3671480915083943, -0.20556871503441648, 0.26923257439135423, 0.15553840532136343, 0.6498192177384325, -0.013432880538428643], [0.17932934876657575, -0.5059201323671321, 0.33236894689322827, -0.7298035835802319, 0.05854810607173598, -0.48416570277891297, -0.3695259802613863, -0.6619792186267641, -0.15233205287077617, -0.6064793982517677, -0.24322547510957798, 0.7525041149353917, 0.4489872192104419, 0.30221214473702307, 0.1688639398393154, -0.0517100819691141]], "inverted": false, "swapped": false, "error_lsq": 0.04253025198227914, "error_max": 0.29084163118647066, "target": "275.xyz", "model": "23.xyz", "model_rescale": 4.274766983524099, "target_rescale": 4.212436965797503},
{"mapping": [11, 13, 14, 12, 9, 5, 4, 1, 0, 8, 15], "R": [[-0.2622320507571198, 0.8791452825386824, -0.3979169809717796], [-0.9504731464532651, -0.16401263208891323, 0.2640088149787752], [0.1668386928351625, 0.44744097790127246, 0.8786133517468349]], "T": [-0.002665741645039993, 0.15045701239886378, 0.05115759446840365], "aligned_model": [[0.36553617462620913, 0.08458275804572025, -0.49116582653955854, -0.3173089685683872, -0.5437637561986352, -0.5467118479644582, -0.07596320177383863, -0.028344424769054105, 0.6332397984502207, 0.3341076050468903, -0.03431360639703333], [-0.08393757068144284, 0.7016497805795017, 0.421674568093071, -0.3121750267307899, 0.5123998720581004, -0.13444715068749102, -0.5998637435176257, -0.16180867714794167, -0.267383484383505, 0.650310965800959, 0.18916699786064728], [-0.5697781457370485, -0.26116770604894224, -0.4813734777001135, -0.2896327445007728, 0.12796899394870517, 0.37312070905352857, 0.14455886883689456, 0.6960555681796715, 0.2403163948943295, 0.27665843710839366, 0.12283953598693174]], "inverted": true, "swapped": true, "error_lsq": 0.04683592128531023, "error_max": 0.2119853173440962, "target": "275.xyz", "model": "24.xyz", "model_rescale": 3.7841303162186577, "target_rescale": 4.212436965797503},
{"mapping": [10, 7, 14, 6, 0, 1, 11, 3, 13, 4, 5, 9, 8, 12, 2, 15], "R": [[0.22170211832695413, 0.02961017113911618, -0.9746647672376659], [0.4659954145880155, 0.8747985116789125, 0.13257389466747665], [0.8565608234750669, -0.48358122557588185, 0.18014647917248705]], "T": [-0.04014463878973517, -0.04516375621330355, -0.0635115430147209], "aligned_model": [[-0.3074259772223803, -0.48623458620971327, 0.3848458182387056, -0.06507158593864867, -0.7749838409701109, -0.551403083083913, 0.1090016769454725, 0.5247453570251357, 0.6136648602719803, 0.07082625891615277, 0.639309902985907, 0.13090885136978675, -0.37254726272793404, 0.6628900033113069, 0.18746258244303393, -0.028671568538228318], [-0.6681180120125948, -0.44350086158526053, -0.4569154246997157, -0.015576769324260185, -0.030753030891455264, 0.4697988719048018, -0.6603095118506356, 0.04559682266511134, -0.46049767416767456, 0.5639356845103621, 0.501351491138601, -0.013214025226195664, 0.37023563478411387, 0.045008838690532356, 0.5978060554550196, -0.04365403160416724], [0.31825250267895594, -0.31873080050715785, 0.46482796643348817, -0.7849889922504483, -0.0971809250435077, -0.22619125466554335, -0.4979981883637757, -0.6306655763981408, -0.17319687842643844, -0.47990999886058755, -0.15838701674751426, 0.49493328570179734, 0.1941891073469692, 0.20627189154400805, 0.25832351109393265, -0.13187643889798933]], "inverted": true, "swapped": false, "error_lsq": 0.044103920937796755, "error_max": 0.30939479007190956, "target": "275.xyz", "model": "25.xyz", "model_rescale": 4.19342608120988, "target_rescale": 4.212436965797503},
{"mapping": [12, 0, 11, 9, 14, 5, 13, 3, 2, 1, 8, 15], "R": [[-0.09431122637142811, 0.9792460815337038, -0.17939482818967806], [-0.7000153245644405, 0.06289904181398412, 0.7113524133042803], [0.7078728261172753, 0.19266764736138114, 0.6795551778222076]], "T": [-0.014806127783191198, -0.03127260969008436, -0.0454218573577748], "aligned_model": [[-0.351422875379671, 0.6932978526002812, 0.2008800556752271, -0.5551342052887017, -0.6554163583258914, -0.41649749042748757, -0.07923493204547598, -0.24399115046110292, 0.5596248472513711, 0.16833932746541921, 0.30805618652427647, -0.03069270295646402], [-0.5900738360848922, -0.3100895942577325, -0.578144538214512, 0.33889712191427723, -0.06671925137110968, -0.07466748941033816, 0.26191669887835023, 0.44007212084916114, 0.0017294151378555445, 0.052570482185139406, 0.49608601133705077, 0.04119928677773056], [0.014554584933769814, 0.14325095609303506, -0.5255106296122594, -0.018783078004638333, -0.4745403799144321, 0.5181184949592915, -0.610100367891573, 0.5101645849736953, -0.5276779503673708, 0.6426847697710493, -0.22367365295466876, 0.0007711292235223766]], "inverted": true, "swapped": true, "error_lsq": 0.04628609584310347, "error_max": 0.25382489469784814, "target": "275.xyz", "model": "26.xyz", "model_rescale": 3.795458400668931, "target_rescale": 4.212436965797503},
