[{"mapping": [12, 3, 10, 2, 5, 7, 0, 13, 11, 4, 8, 9, 1, 14], "R": [[0.6527367192496337, -0.4925372720399326, 0.5756229764304813], [0.5240868142803559, 0.8422370322001266, 0.1263716451115166], [-0.5470537326814368, 0.2191889989077569, 0.8078913270466038]], "T": [-0.06048746787950439, 0.18468930065553119, 0.14547856646439541], "aligned_model": [[0.24183784606002556, 0.14207884806762494, -0.4548958202384168, -0.40869930930302295, -0.6989358163889163, -0.09897816872497651, -0.6317927770785181, -0.10830162759289526, -0.38255773360480627, 0.18517865112755638, 0.6320247411640494, 0.3666791819136041, 0.6020605173307136, -0.014206431603718282], [-0.5592674426612576, -0.29403280011778793, -0.4306890753144447, -0.3194955049210059, 0.1533134989954763, 0.35920856731529954, 0.1544388899329697, 0.47064010752085794, 0.8355948447158004, -0.07539379814871827, 0.3970529064715285, 0.6688509593751133, -0.21623838116722144, 0.09129055981342517], [0.43643808449219934, -0.46451395934626294, 0.48166852984251773, -0.20126118529615736, 0.4503670349847081, -0.5818504181132772, -0.2036681247822906, 0.6145253853946289, 0.1677010126657287, 0.7085224584884753, 0.37977884532034023, -0.06194318073085697, 0.014231453795272658, 0.157592150464808]], "inverted": false, "swapped": true, "error_lsq": 0.037451969910100864, "error_max": 0.22024354036783236, "target": "276.xyz", "model": "0.xyz", "model_rescale": 3.8414455957264533, "target_rescale": 4.0853889079256795},
{"mapping": [8, 3, 12, 10, 0, 13, 5, 6, 4, 2, 11, 9, 1, 7, 14], "R": [[0.3942446422337901, -0.9185427166291169, -0.029162300964645282], [0.197484267221776, 0.05368507497405654, 0.9788349589818031], [-0.8975361420409926, -0.3916595338462115, 0.2025627884818418]], "T": [0.04130910824832151, -0.06105159636403021, -0.005074135318826986], "aligned_model": [[-0.20599114867064816, 0.29360662759025585, -0.437982272377572, 0.18064383984706678, -0.34685584048682394, -0.6024592486572793, 0.5869646685798626, 0.653533082559494, 0.25999060911313254, 0.7288050367997032, -0.7319902183512792, 0.05486655811187535, -0.26358422935106607, 0.08433406595172847, 0.020879182531520993], [0.184974064097743, -0.7369946093313291, -0.35690752190382213, -0.4857473782985303, 0.01303442729096796, 0.3268953666540513, -0.4087281098538904, 0.09900836291366669, -0.16831002365492836, 0.11757988341377706, -0.418440416455395, 0.6115646962358906, -0.7912266065054463, 0.42222018249040183, -0.14848366857495002], [-0.7140285448704785, 0.2995959928438338, -0.5198931206406494, -0.5233410798442704, 0.602673018668421, -0.10460532224754776, -0.1303890842646746, -0.4628839085852973, 0.4812295412072584, 0.19503800893057838, -0.028457567151638358, -0.11871039043037253, 0.3447578220853394, 0.4162953497089982, -0.0035741514859217276]], "inverted": false, "swapped": false, "error_lsq": 0.04238644818709946, "error_max": 0.24488916215639286, "target": "276.xyz", "model": "1.xyz", "model_rescale": 4.316132596720782, "target_rescale": 4.0853889079256795},
{"mapping": [7, 9, 6, 10, 3, 0, 12, 5, 8, 11, 4, 14], "R": [[-0.4940732030237894, -0.38563918013460663, -0.7792137657914688], [0.8471481759738286, -0.011974643714113886, -0.5312217765228902], [0.19552912314545076, -0.9225719650265929, 0.33260987860997565]], "T": [0.005742406418528911, 0.04662179791296937, 0.03509474000716959], "aligned_model": [[-0.22032780232640936, 0.49221776382687593, 0.11925965729938072, -0.49407178732270546, -0.47382810534863745, -0.5018137428347482, -0.19699456949260696, -0.25136092210511357, 0.6570051822935319, 0.27250421424370935, 0.2209244934436021, -0.02570582704509783], [-0.6587706420830445, -0.4247475811165087, -0.6639116412318827, 0.6731032193488794, -0.37514974894939024, -0.11026449371853432, 0.5034404684960166, 0.4926524964900562, 0.0032269572791211315, -0.09070235008303586, 0.5838911333107157, 0.08000860999858764], [0.1458183897316862, 0.002532878468220208, -0.5062954149453336, -0.03546718902358955, -0.4490743731865465, 0.44372868687119726, -0.6575408736536316, 0.5214199473219543, -0.35674931824493283, 0.6968207684592365, -0.29664584436868546, -0.0592891962201536]], "inverted": true, "swapped": true, "error_lsq": 0.046098633726057096, "error_max": 0.2791450829616541, "target": "276.xyz", "model": "2.xyz", "model_rescale": 3.795458400668931, "target_rescale": 4.0853889079256795},
{"mapping": [7, 9, 11, 4, 2, 10, 13, 1, 8, 12, 0, 14], "R": [[-0.008827459509709812, 0.9608637254140207, -0.2768807995186631], [0.842658036697326, 0.15622576802315552, 0.5152872428024814], [0.5383767353331796, -0.22876715364987368, -0.8110586170326547]], "T": [-0.03936962531870734, 0.004266855212480121, 0.04432652411858762], "aligned_model": [[-0.20426273450486324, -0.14101596105494005, -0.7457718113302757, 0.32228436160765733, 0.12352093051209523, 0.1852440807712194, -0.28610931959524116, 0.6910971897068968, 0.2412170658413089, 0.7286286839449031, -0.3836900425752492, 0.062161382420053764], [-0.0850999854505005, -0.6357393999697313, -0.1630921406073245, -0.012926628852741356, 0.5904974480022093, 0.7041620960404849, -0.13656267425781718, -0.25114397184314025, -0.6618688074729429, 0.2494898720297877, 0.4596637911824138, 0.02838944648901168], [-0.6807733246103079, -0.15559259812372184, 0.07412650036349545, 0.6046159694084304, -0.3099087353225255, 0.3713854185106488, 0.5169210046852755, -0.09029214067564054, 0.2832877533254499, 0.3264150589749052, -0.30676511156339514, 0.055351635666485946]], "inverted": true, "swapped": true, "error_lsq": 0.047334279813682066, "error_max": 0.24593603506844608, "target": "276.xyz", "model": "3.xyz", "model_rescale": 3.7530521520055578, "target_rescale": 4.0853889079256795},
{"mapping": [10, 3, 1, 6, 4, 7, 13, 0, 11, 9, 14], "R": [[0.6612860234861364, -0.3161979711274897, 0.680234987483555], [0.7500125397120829, 0.2623936086322272, -0.6071497215873436], [0.013490197052830333, 0.9116843956127674, 0.41066966941771954]], "T": [-0.1204088804340746, -0.12955411689434787, 0.10489250198505153], "aligned_model": [[-0.5689656430676613, -0.07395896662510965, 0.44599471823465353, 0.4574135195730784, 0.14356840842506846, -0.21526160907474856, -0.06410821404755007, -0.7260832572767113, -0.3248708922214828, 0.3536632909702455, -0.0891917524445773], [-0.7480028813553639, 0.1298056252006729, -0.22713254008255845, 0.3876881387263152, -0.7414583908193855, 0.5771580232382825, -0.3719630102241786, 0.1424356643499733, 0.19797630838710129, 0.310151643165125, -0.18945522227163786], [-0.14727835662160643, -0.6519917516215503, -0.4304616406953652, -0.3527415847266736, 0.13493638948459208, -0.12425127635597895, 0.5969566640245565, 0.013304490699059132, 0.7203762359039355, 0.30939692870880364, 0.024584678445543823]], "inverted": false, "swapped": true, "error_lsq": 0.04374671413758982, "error_max": 0.18693605795437312, "target": "276.xyz", "model": "4.xyz", "model_rescale": 3.7855080009869324, "target_rescale": 4.0853889079256795},
{"mapping": [12, 7, 13, 6, 10, 14, 4, 1, 5, 0, 15, 2, 8, 9, 16], "R": [[0.8844247462854901, 0.22119152647740764, 0.4109345164043061], [-0.4073513112708032, 0.7955644943646961, 0.4484886225002843], [-0.227723027741605, -0.5640491502704704, 0.7937195844348032]], "T": [0.005723423845537642, -0.12146425019090937, -0.052702150183129626], "aligned_model": [[-0.11390813743536515, 0.3194701747897475, -0.4401164673373051, 0.1810369360414275, -0.19896899851218347, -0.4493284714405841, 0.6896173878105755, 0.5529627394982799, 0.5295449239776571, 0.710393017357241, -0.7893885203282655, 0.08151791318097118, -0.4415951999729096, -0.33136998372030707, -0.025106600719008755], [0.13661176350054402, -0.6944160696484054, -0.4269750775889041, -0.6904553856937641, -0.3035911934523279, 0.35276767224759664, -0.39467988754565575, 0.15939499211622463, -0.12554040405895447, 0.19627751279100283, -0.16991096994696334, 0.6130934270502626, -0.6482215861307122, 0.33354823667889677, -0.07746438180063339], [-0.6708852328639607, 0.3142565133311759, -0.5351516964033143, -0.32026770893028217, 0.6224978667317583, -0.21310556308215933, -0.1208420461499939, -0.49400834366329227, 0.5643048721337022, 0.051963122747820445, 0.15888239146131397, -0.031117392340460404, 0.08049932046337716, 0.3788597696119841, -0.05217930912409055]], "inverted": true, "swapped": false, "error_lsq": 0.040104445913131274, "error_max": 0.2591005249379419, "target": "276.xyz", "model": "5.xyz", "model_rescale": 4.2253639853439635, "target_rescale": 4.0853889079256795},
{"mapping": [3, 0, 9, 6, 7, 13, 8, 1, 5, 2, 11, 4, 12, 14], "R": [[0.1351530190456358, 0.9884704340444272, 0.06826318526754835], [0.9898119463959258, -0.1378083233608145, 0.03579352992357648], [0.04478808116852932, 0.06273011264538607, -0.9970250552281716]], "T": [-0.0695373416313525, 0.04785940443120276, 0.04693327189926447], "aligned_model": [[0.5605435649788136, -0.17815788073943892, -0.31654149454678243, 0.2935098230085842, -0.09860741513958966, -0.4403146348812037, -0.06072089634296493, 0.5601566959318813, -0.330676362748458, 0.3337544312060255, -0.7832850538946978, 0.14452110247389013, 0.6600054806977398, 0.029874792753984622], [-0.23708673610805234, 0.2903328452016605, -0.5756570488095216, -0.7683009618176128, -0.38970318073408394, 0.22112603720514734, -0.4201406912830028, -0.34680352484405963, 0.69510217537071, 0.32075009870149407, 0.03145194856064226, 0.27891099956144116, 0.28664708869446387, 0.05847009693576414], [-0.35816250910465197, -0.5683849097605799, 0.14755047052720743, -0.06676038263587065, -0.5602239360654638, 0.41647602848108833, 0.6473216979415225, 0.3012268712191233, -0.07323710713574035, -0.4615632129215659, -0.08795971938875277, 0.6349873744716817, 0.42146949810231293, 0.07881804520113816]], "inverted": true, "swapped": true, "error_lsq": 0.04363364533683336, "error_max": 0.24327262508689465, "target": "276.xyz", "model": "6.xyz", "model_rescale": 3.89814844738969, "target_rescale": 4.0853889079256795},
{"mapping": [3, 2, 10, 6, 4, 0, 7, 1, 9, 11, 5, 8, 14], "R": [[0.6349245628284529, 0.5429602008336436, -0.5496044212229261], [0.6945150290900826, -0.7127447763006572, 0.0982026385802741], [-0.3384075558924473, -0.44405979796285955, -0.8296331851776931]], "T": [-0.045457015664857284, 0.1841421235834947, 0.0589934579602996], "aligned_model": [[-0.07631022943687217, 0.0257588697041594, 0.557227783916992, -0.33827897408680974, 0.5621253477001908, -0.35515955701516494, -0.6667524781568244, 0.26741421747859195, -0.46146197326944405, -0.554103928190686, 0.07401939331552383, 0.07632455060757228, 0.03782877833699341], [-0.37609860450715615, 0.21263487219836125, 0.5394894523780828, -0.6665390006460649, 0.17162346835861053, 0.5097159073209174, -0.07590770102597921, -0.5359827018062598, -0.16996265009619038, 0.6173097793716766, 0.8660486105538041, -0.25746964154786817, 0.128919474918551], [-0.5132628215670416, -0.6408627566154194, -0.33821114142097297, 0.020991355182722313, 0.3341305867821636, -0.4382934842576032, -0.26859164136703834, 0.03730312208138488, 0.4608109839403909, 0.34455469626978336, -0.09029366005673532, 0.6670365324503594, 0.026963259414301735]], "inverted": true, "swapped": true, "error_lsq": 0.051064043558826655, "error_max": 0.3697336448544806, "target": "276.xyz", "model": "7.xyz", "model_rescale": 3.7474275329858107, "target_rescale": 4.0853889079256795},
{"mapping": [1, 5, 0, 3, 11, 12, 8, 2, 9, 4, 10, 13, 7, 12, 14], "R": [[0.6756725776640703, -0.7339652153660786, 0.06900456814890352], [0.7371782443676821, 0.6734336057433358, -0.055275805616124066], [-0.0058994765677058345, 0.08821701246446341, 0.9960838091687225]], "T": [-0.018844442057242165, -0.14235634032596972, -0.04048884289622855], "aligned_model": [[-0.12642178026465828, 0.2356903897209774, -0.3742488252070832, 0.2259348988570725, -0.2238574622189133, -0.38515149587115816, 0.6428751505839031, 0.542220907499251, 0.25570881838706244, 0.6550258427768199, -0.7339395572850459, 0.17257107745184766, -0.23821723949292228, -0.38515149587115816, 0.011721484123976472], [0.1542733118810486, -0.787037700544492, -0.3979323541149032, -0.6786926066396182, -0.02805321216987644, 0.3434594368060935, -0.2987891409592541, 0.04358342683984662, -0.3657390285060035, 0.25504537634953073, -0.3294972188143874, 0.7070900473307624, -0.6044065785165683, 0.3434594368060935, -0.09632454723006575], [-0.7225737245536387, 0.1401196486547419, -0.5330148454997473, -0.4486077234725885, 0.5351711366470683, 0.06171092136521157, 0.01304876498260913, -0.6398398021540063, 0.6340933403025736, -0.026468834103403043, 0.12945416950551608, 0.1829227997738938, 0.40924750771073803, 0.06171092136521157, -0.06326771660060157]], "inverted": false, "swapped": false, "error_lsq": 0.05544100045911239, "error_max": 0.4096938738987645, "target": "276.xyz", "model": "8.xyz", "model_rescale": 4.019505241142653, "target_rescale": 4.0853889079256795},
{"mapping": [0, 7, 2, 10, 5, 4, 1, 11, 13, 9, 6, 8, 14], "R": [[-0.5774753325398558, -0.25034265021582774, 0.7770783730042286], [0.5933766258404045, -0.78244861261387, 0.1888871317080302], [0.5607373897059476, 0.5701778021823947, 0.6003922498535559]], "T": [0.043984524033177264, -0.11227060497788216, 0.019682586110394872], "aligned_model": [[-0.36442909572289406, -0.6824204435512886, -0.12226139319244417, 0.521980057681382, 0.20436256645395268, 0.7000249592106671, 0.2221451079377975, -0.2689555316931631, 0.3328747760415765, -0.25871982987506087, -0.3655652083332975, 0.298162211163033, 0.10250259562091552], [-0.4860949489880559, 0.04707772626097467, -0.13665128774236662, -0.37592131438829224, -0.769581559025609, -0.004837894025990233, 0.6467684315329696, -0.614782373189406, -0.4082318498110826, 0.17855551117522445, 0.6836328119914579, 0.34880738713979587, -0.04536241281556094], [-0.35802355720670775, -0.06914248182557702, -0.6640206663657999, -0.5713172097760806, -0.18955150785857472, 0.07520415567478213, -0.07548668801371412, 0.44093258883900693, 0.38438567084632935, 0.5523155591484826, 0.11793736637644847, 0.5695633640719239, -0.036093099866639985]], "inverted": false, "swapped": true, "error_lsq": 0.047745347150792365, "error_max": 0.290820307509911, "target": "276.xyz", "model": "9.xyz", "model_rescale": 3.877068213659057, "target_rescale": 4.0853889079256795},
{"mapping": [5, 2, 3, 4, 10, 12, 7, 1, 9, 8, 6, 0, 13, 11, 15], "R": [[0.8964280257153694, 0.031241396137139305, 0.4420868352252167], [-0.37362921834480656, -0.4832296237904122, 0.7917640670619159], [0.23836526993480917, -0.8749360581544114, -0.4215078792029]], "T": [-0.03729624803890799, -0.19353042072131343, 0.03880813222734046], "aligned_model": [[-0.11354675627416455, 0.35038798093477497, -0.3886517840570378, 0.19671695637709902, -0.35826976691703705, -0.5098254128844413, 0.7176690849312743, 0.46082472970330146, 0.27197208255063, 0.6183219161664945, -0.6496868412128122, 0.09405646629921866, -0.33903224513915065, -0.048909607155663976, -0.027266090132513736], [0.12503162231651632, -0.6907763335521745, -0.3791907271628933, -0.6053863607544225, -0.005789168590263516, 0.3555085290701189, -0.3519140649734916, 0.12223167393750567, -0.2386994307098606, 0.14593851243327505, -0.2397510222439881, 0.5620824097389828, -0.890299069231181, 0.45871058331750414, -0.10725850507742085], [-0.6709097884791604, 0.2456965048527489, -0.4560058536801483, -0.44462044012163365, 0.6429107740748458, -0.14413348604426612, -0.22807861653218475, -0.5976479945506606, 0.6201498253224325, 0.2629701316717639, 0.09489728012462935, -0.1746438542088986, 0.18409176678858902, 0.3839198225598539, 0.0151104921456676]], "inverted": true, "swapped": false, "error_lsq": 0.03821221952043407, "error_max": 0.23726952783136962, "target": "276.xyz", "model": "10.xyz", "model_rescale": 4.260839863003843, "target_rescale": 4.0853889079256795},
{"mapping": [4, 10, 2, 12, 3, 1, 8, 13, 0, 7, 9, 14], "R": [[-0.20559327754954093, 0.8730804991735753, 0.4421106718789519], [0.9065472040123016, -0.0002712609316341541, 0.4221043630608261], [0.36865101535722933, 0.48757601292550046, -0.7914329159794634]], "T": [0.16488018060766177, 0.013102746182706395, 0.05857316033880507], "aligned_model": [[0.283213987551364, 0.08868140672015691, -0.3010591637166249, -0.24489721539853712, -0.6282657508685597, -0.40110898363035286, 0.2504047819867925, 0.6851746274428809, 0.09036568905674877, -0.18469786355336335, 0.22636898113152418, 0.09471815237210127], [-0.0064441788998249126, -0.6933244531054199, -0.49018555180640205, -0.17256953320797472, 0.02387545472080229, 0.37478724790955775, 0.6671065167485467, 0.051540662704100564, -0.4257175616141363, 0.18587196974291792, 0.6576104421641707, 0.00052749017659591], [-0.5976497533965083, -0.3188212546464661, 0.21758157725645785, -0.6674695125767595, 0.17303854289418327, -0.34858679657938246, -0.3216013943937983, -0.11996308620661758, 0.5596645528914674, 0.6980197544534203, 0.26040625205049023, -0.018440804350981894]], "inverted": false, "swapped": true, "error_lsq": 0.04618318541056757, "error_max": 0.23674637687436229, "target": "276.xyz", "model": "11.xyz", "model_rescale": 3.890672605050136, "target_rescale": 4.0853889079256795},
{"mapping": [9, 8, 6, 11, 7, 10, 4, 0, 13, 12, 3, 1, 2, 14], "R": [[0.6935299865626378, 0.5252974949566476, -0.4930301203077743], [0.5113816257578736, -0.8409932846738447, -0.1766893544352119], [-0.5074494955911, -0.129587178863376, -0.8518815483965888]], "T": [0.1167022287371346, -0.16439313374823883, 0.10050205764592308], "aligned_model": [[0.5757773379885445, 0.057160275446101555, 0.45632787150274445, 0.6149183780712635, 0.731839733003355, -0.5282055730971225, -0.471820451150403, 0.3768672115270165, 0.022849782513113134, -0.6564381215232817, 0.14669652931183322, -0.15398306436637077, 0.0028178799764119744, 0.03506804559048775], [0.01356999028443967, 0.042756832009445855, 0.6358737278570925, -0.6871685048141044, 0.17136005766618057, -0.33861975646616904, -0.22696751647305474, -0.3077648798272262, -0.6122213366046116, 0.19861973119881837, 0.5581669597682571, 0.5289482726529134, 0.05422145074177359, -0.09862250816598897], [-0.36585275387576793, -0.6296429477512289, -0.13417773965766372, 0.020578967005281015, 0.3647398399443395, 0.5488447798660019, -0.20729493152361894, 0.7013073337816906, -0.20723256053799, 0.10281099425394326, 0.44590920415645224, -0.15038797724786995, 0.7599869162199341, 0.10520131072335794]], "inverted": false, "swapped": true, "error_lsq": 0.04757564972080775, "error_max": 0.28715919425556985, "target": "276.xyz", "model": "12.xyz", "model_rescale": 4.124412569039231, "target_rescale": 4.0853889079256795},
{"mapping": [9, 11, 0, 8, 7, 6, 13, 1, 5, 4, 2, 10, 14], "R": [[-0.2278857381726344, -0.3803817420665403, -0.8963134611506947], [-0.7579719616371843, 0.6471230229330256, -0.08191641204241173], [0.6111845839919336, 0.6607128903634674, -0.435788802974744]], "T": [0.0909696732111567, 0.14620351471367332, -0.008028702360899176], "aligned_model": [[-0.2390740381762155, -0.13046658444429246, 0.6188139226673891, -0.5170317087025714, 0.5094656095093821, 0.19109972493303795, -0.36463926839168903, 0.08607364235350937, 0.20488892663138591, -0.26691615886285935, 0.772799772980037, 0.39002171454047474, 0.11226275247216891], [-0.25659433449932817, 0.5237442910201915, 0.4625434312027143, -0.30573397937083596, -0.15330421825253604, -0.7242626439844739, 0.4566345363586075, -0.5434668352710579, 0.8408574826569345, 0.1750966839698131, 0.20658450874601467, 0.5659111949136696, 0.09947525901876386], [0.42640504508757615, 0.5719110069963358, 0.25752310280725677, -0.08322778781504403, 0.5361240606470092, 0.19960047086270713, -0.018614036395183782, -0.3838870274990378, -0.08572028106624474, -0.5702532132355685, -0.17278340105445097, -0.625835731501881, -0.09954412686563487]], "inverted": false, "swapped": true, "error_lsq": 0.044271077156565766, "error_max": 0.28060178300590677, "target": "276.xyz", "model": "13.xyz", "model_rescale": 3.9028299243045295, "target_rescale": 4.0853889079256795},
{"mapping": [5, 9, 13, 10, 1, 8, 7, 4, 6, 3, 12, 0, 11, 2, 15], "R": [[0.7902837203822971, 0.5122852668177236, -0.3361777010752036], [-0.15516515558152194, 0.6980780128808941, 0.6990070546322291], [0.5927692770311879, -0.5002508304178575, 0.6311685122644879]], "T": [-0.010586375184384628, -0.09885783515481328, -0.007191313603719414], "aligned_model": [[-0.21065606922480562, 0.3315720075309033, -0.45643679352808875, 0.2815853842123155, -0.2207786486460973, -0.4957128967045088, 0.7853224525092452, 0.4072278539816676, 0.337144116578334, 0.5031773104720207, -0.6941554910976817, 0.1975924941728065, -0.34153590226172703, -0.21258592472208596, 0.06300081991767356], [0.02074207247249145, -0.7430295126360971, -0.44277328111332265, -0.5173550236306361, -0.21795045484069453, 0.46672262783626495, -0.5185841349921365, 0.1320512755383733, -0.20752348504120274, 0.21742171346830658, -0.22414088677860117, 0.6878186489222391, -0.6654397748409865, 0.45501610642320234, -0.18253724226899393], [-0.46300905489651417, 0.25513662530532916, -0.5689661103765342, -0.5501907319255467, 0.5959959805729375, -0.2103615810106548, -0.11200985710338654, -0.48831034917388666, 0.551094942614776, 0.1499823726852164, -0.04293637908457465, -0.16536235076936923, 0.3323878443059838, 0.43390913797526387, 0.016346074804538792]], "inverted": true, "swapped": false, "error_lsq": 0.0358841949642424, "error_max": 0.21990616046179604, "target": "276.xyz", "model": "14.xyz", "model_rescale": 3.942246331269136, "target_rescale": 4.0853889079256795},
{"mapping": [3, 6, 4, 10, 8, 12, 9, 5, 7, 2, 13, 1, 11, 0, 14], "R": [[0.23390481407796618, 0.5797825090654208, -0.7804747146019259], [-0.5422498280152716, -0.5885067912304683, -0.5996873191030693], [-0.8070028884511881, 0.5634820306428799, 0.17673239424060394]], "T": [-0.00021346321675201965, -0.17281261653081129, -0.06966393983157652], "aligned_model": [[-0.152602443473813, 0.15555429110902946, -0.29275404213311, 0.17302501700296902, -0.20361260374023063, -0.6014386988655757, 0.7368128134162599, 0.41352282955054576, 0.5505335588275918, 0.5809781126527341, -0.8107379434451746, -0.04700917558838329, -0.384282958410027, 0.1476167286586023, 0.009155227628553284], [0.1956561008291192, -0.5715298196385598, -0.42264253006816527, -0.7589486855496684, -0.2314714334693439, 0.37858338350598586, -0.49670859579456184, 0.21296413926939314, -0.19672024794331314, 0.267259127288379, -0.22612306635929677, 0.6107632363849891, -0.7414797353692555, 0.3257047556394804, -0.08486798020697495], [-0.6676240835903287, 0.29026714801255293, -0.5120088289303488, -0.43767678418547223, 0.6746672089976751, -0.12032877305132905, -0.06288394708698092, -0.35737583204417966, 0.5838539642832, 0.15661272946900967, -0.10339685246666061, -0.27081184514387724, 0.13822871388787494, 0.45028235247444653, -0.028098606702003634]], "inverted": false, "swapped": false, "error_lsq": 0.04399867853322851, "error_max": 0.3134334788143309, "target": "276.xyz", "model": "15.xyz", "model_rescale": 4.355366556412066, "target_rescale": 4.0853889079256795},
{"mapping": [7, 9, 6, 10, 3, 0, 12, 5, 8, 11, 4, 14], "R": [[-0.4940732030237894, -0.38563918013460663, -0.7792137657914688], [0.8471481759738286, -0.011974643714113886, -0.5312217765228902], [0.19552912314545076, -0.9225719650265929, 0.33260987860997565]], "T": [0.005742406418528911, 0.04662179791296937, 0.03509474000716959], "aligned_model": [[-0.22032780232640936, 0.49221776382687593, 0.11925965729938072, -0.49407178732270546, -0.47382810534863745, -0.5018137428347482, -0.19699456949260696, -0.25136092210511357, 0.6570051822935319, 0.27250421424370935, 0.2209244934436021, -0.02570582704509783], [-0.6587706420830445, -0.4247475811165087, -0.6639116412318827, 0.6731032193488794, -0.37514974894939024, -0.11026449371853432, 0.5034404684960166, 0.4926524964900562, 0.0032269572791211315, -0.09070235008303586, 0.5838911333107157, 0.08000860999858764], [0.1458183897316862, 0.002532878468220208, -0.5062954149453336, -0.03546718902358955, -0.4490743731865465, 0.44372868687119726, -0.6575408736536316, 0.5214199473219543, -0.35674931824493283, 0.6968207684592365, -0.29664584436868546, -0.0592891962201536]], "inverted": true, "swapped": true, "error_lsq": 0.046098633726057096, "error_max": 0.2791450829616541, "target": "276.xyz", "model": "16.xyz", "model_rescale": 3.795458400668931, "target_rescale": 4.0853889079256795},
{"mapping": [3, 2, 10, 6, 4, 0, 7, 1, 9, 11, 5, 8, 14], "R": [[0.6349245628284529, 0.5429602008336436, -0.5496044212229261], [0.6945150290900826, -0.7127447763006572, 0.0982026385802741], [-0.3384075558924473, -0.44405979796285955, -0.8296331851776931]], "T": [-0.045457015664857284, 0.1841421235834947, 0.0589934579602996], "aligned_model": [[-0.07631022943687217, 0.0257588697041594, 0.557227783916992, -0.33827897408680974, 0.5621253477001908, -0.35515955701516494, -0.6667524781568244, 0.26741421747859195, -0.46146197326944405, -0.554103928190686, 0.07401939331552383, 0.07632455060757228, 0.03782877833699341], [-0.37609860450715615, 0.21263487219836125, 0.5394894523780828, -0.6665390006460649, 0.17162346835861053, 0.5097159073209174, -0.07590770102597921, -0.5359827018062598, -0.16996265009619038, 0.6173097793716766, 0.8660486105538041, -0.25746964154786817, 0.128919474918551], [-0.5132628215670416, -0.6408627566154194, -0.33821114142097297, 0.020991355182722313, 0.3341305867821636, -0.4382934842576032, -0.26859164136703834, 0.03730312208138488, 0.4608109839403909, 0.34455469626978336, -0.09029366005673532, 0.6670365324503594, 0.026963259414301735]], "inverted": true, "swapped": true, "error_lsq": 0.051064043558826655, "error_max": 0.3697336448544806, "target": "276.xyz", "model": "17.xyz", "model_rescale": 3.7474275329858107, "target_rescale": 4.0853889079256795},
{"mapping": [5, 12, 2, 4, 11, 9, 0, 3, 13, 7, 8, 1, 6, 14], "R": [[0.5152204771061124, -0.1381757725624248, 0.8458459173202454], [-0.1655017997659905, 0.9523025866865835, 0.2563765544355813], [-0.8409262834783845, -0.27207947233633717, 0.4677774540189089]], "T": [0.0684698171642517, -0.16353099351378939, -0.018033703201981686], "aligned_model": [[0.5324821922521061, -0.11515834644436697, 0.6388844159179128, -0.29172758153564143, 0.1776818748092831, -0.3613851832270591, 0.7151333581901554, 0.2390928662919023, -0.13753158574527152, 0.3272993305282996, -0.6910336077743949, -0.3688490721866633, -0.29709981670749896, 0.04705880351411361], [-0.5686770019963221, 0.3752516450474914, 0.23949295700871245, -0.1486709140836631, -0.7998116578898805, -0.23704650123142948, -0.20947926851078247, 0.5903220317539135, -0.6354037929260852, 0.05776200420999575, -0.1435375471269137, 0.4872788003199743, 0.43287851982964065, -0.07995103289341823], [-0.36747173841977, -0.6548410825725419, -0.10680949363334771, -0.5793272954212378, 0.31531410776126934, 0.5013195373219417, 0.15203474304544326, 0.19384417452760672, -0.21541267710424875, 0.6490364973496383, 0.030162676636856157, -0.06426620917779385, 0.5489775572279852, -0.07776607888014615]], "inverted": true, "swapped": true, "error_lsq": 0.03834149151696042, "error_max": 0.278658408761063, "target": "276.xyz", "model": "18.xyz", "model_rescale": 3.922800546911778, "target_rescale": 4.0853889079256795},
{"mapping": [5, 11, 12, 13, 9, 0, 4, 8, 10, 6, 3, 1, 7, 2, 14], "R": [[0.08312087375471477, -0.9926351197751694, 0.08812740399664509], [-0.38696521462797706, -0.11364411603739843, -0.9150644444835576], [0.9183402653778046, 0.041958716365177784, -0.39356146039317685]], "T": [0.06006904606274841, -0.08575640242269292, -0.08836788346685714], "aligned_model": [[-0.28532829463185483, 0.24082241523608983, -0.4091169426574656, 0.27433955934805404, -0.2666417308199362, -0.6019284063160706, 0.7159894074262074, 0.40074878226066624, 0.4612537685832006, 0.6698598533080731, -0.5747572518354137, 0.16917063337608723, -0.3848892173748939, -0.13561973068346692, 0.0008578679706948006], [0.24911779993715213, -0.6604269377892047, -0.4521655208011438, -0.6951538894354157, -0.23976145380500177, 0.42410598051978043, -0.3517827918006021, -0.019502739560469884, -0.0921648295733983, 0.22995005272822136, -0.13672146719736994, 0.6461117637364897, -0.726562244999573, 0.23973898341347752, -0.1543440568547354], [-0.6808994571578031, 0.29153421982142064, -0.602394060353088, -0.3218986026007971, 0.6412112406399313, -0.10393577288880379, 0.062845802406967, -0.5922909167994037, 0.6113537738662198, -0.02315762746175702, -0.028808020685516522, -0.06718168644260189, 0.0836525658307414, 0.5189933099285711, -0.05531820418050161]], "inverted": false, "swapped": false, "error_lsq": 0.03802279095999682, "error_max": 0.23425577857272217, "target": "276.xyz", "model": "19.xyz", "model_rescale": 3.9282355846067225, "target_rescale": 4.0853889079256795},
{"mapping": [3, 7, 11, 6, 1, 9, 8, 13, 12, 10, 0, 2, 5, 14], "R": [[0.2423459505249961, -0.9184556113547668, -0.31258235752370567], [0.3933765708588435, 0.38753725467868705, -0.8337084320884873], [0.8868614963811843, 0.07908328652154037, 0.45521700322975467]], "T": [0.09471569162780488, -0.08255545447330398, 0.029254143970552614], "aligned_model": [[-0.6786568583664897, -0.19550360127054364, 0.6929940877991362, -0.5508031429155688, -0.5426211025408466, 0.12128528115914569, 0.07958877931120983, 0.5865425488192272, -0.375240052517265, 0.03953108485447807, 0.11523679742951262, -0.3045649394654968, 0.5269207192967158, 0.01781321749146217], [-0.2844913234943771, -0.7576733640498898, -0.4761022157512815, -0.2939598459279522, 0.2575257236986938, -0.2792671892667958, 0.30175726846917855, 0.15250950017018378, 0.5943043319225094, 0.28727872336347976, -0.586800823301751, -0.2900369303460703, -0.08840425419145306, -0.013757513869638624], [0.08769768414485274, -0.11543355589488499, -0.09356697730020835, -0.5618979953248295, -0.2791048130808664, -0.6192103423243926, -0.6277412813786877, -0.05387097743244824, 0.25404760608944316, 0.7416090594285449, 0.4703026083235209, 0.5707416091404965, 0.5902553190855796, 0.048355213767562306]], "inverted": true, "swapped": true, "error_lsq": 0.047577778404860424, "error_max": 0.28973704225664676, "target": "276.xyz", "model": "20.xyz", "model_rescale": 4.067790424073018, "target_rescale": 4.0853889079256795},
{"mapping": [13, 12, 13, 11, 7, 5, 3, 6, 0, 2, 1, 4, 9, 8, 14], "R": [[0.0030055893653656574, -0.9528695841603787, -0.3033653276407736], [-0.9044077169671252, 0.12684443812273394, -0.4073784113175863], [0.4266587019186171, 0.2755903555993116, -0.8614013628836245]], "T": [0.043274022443480976, -0.10111978654602441, -0.021347167772452432], "aligned_model": [[-0.36827658956396236, 0.22436135836131002, -0.36827658956396236, 0.233098372929317, -0.30924103145390314, -0.31905748190575045, 0.8294388414632334, 0.47963692116319684, 0.36308250688268096, 0.6752429214311105, -0.7587090090704177, 0.18647625569603674, -0.384788806829305, -0.21409905413991756, 0.00587209779030453], [-0.22122864330734146, -0.8330592918435472, -0.22122864330734146, -0.5348681317566814, -0.15566323787999692, 0.32094703457038476, -0.42342517743128005, 0.19804775406453565, -0.08279868333761664, 0.24849210744514985, -0.15999471346184962, 0.6873111773721275, -0.6791771624359562, 0.2845598473970167, -0.1674755875693967], [-0.5748121272423234, 0.11461534269528048, -0.5748121272423234, -0.4616440482619639, 0.6339558963902974, -0.2189366420027308, -0.06388102478968569, -0.538689516668546, 0.612565207859139, 0.15784202227873131, 0.1419380471836245, -0.03984663432836105, 0.27303656792487524, 0.31058387346444577, -0.038208273336880455]], "inverted": false, "swapped": false, "error_lsq": 0.04696768663408549, "error_max": 0.43721699948003606, "target": "276.xyz", "model": "21.xyz", "model_rescale": 4.186013935880536, "target_rescale": 4.0853889079256795},
{"mapping": [4, 12, 10, 11, 9, 5, 13, 8, 2, 3, 6, 7, 14], "R": [[0.5706857637619951, -0.5877828477262828, 0.5734362065288253], [0.06280336585763285, 0.7275135286589396, 0.6832128532567067], [-0.8187633945630083, -0.35388612509817274, 0.4520963549805062]], "T": [0.07323634816670617, -0.09825598169950964, 0.03436277294562716], "aligned_model": [[-0.2151312256139174, -0.32504783168484513, 0.38105160840185376, 0.4726517626713718, -0.2861473821669001, 0.6959817110314562, 0.1455538527510266, -0.5927870679753919, 0.36414267208860845, -0.17328183090299004, -0.5730827682213526, 0.149153351187854, 0.015517183856451643], [-0.30775195009148315, 0.22635659654020382, 0.15452382175270704, -0.5653018554138771, -0.344658674194935, -0.23323585645154904, -0.6215152318478805, -0.4649306987451304, 0.5320126551768458, 0.6497883127231723, 0.26590329407261915, 0.2693713779489074, -0.04160513192350723], [-0.5295246859294764, -0.6479319277773613, -0.6646539092810039, 0.42196643517082044, 0.5540133162741249, -0.2747106153026054, -0.12384251087720084, 0.07348492078354356, -0.08318388249400462, 0.1825429492173255, 0.5447614954465066, 0.682462065788975, -0.03250408968429744]], "inverted": true, "swapped": true, "error_lsq": 0.05071317961552717, "error_max": 0.2757391586022468, "target": "276.xyz", "model": "22.xyz", "model_rescale": 4.166573947596378, "target_rescale": 4.0853889079256795},
{"mapping": [7, 12, 5, 13, 2, 0, 14, 10, 11, 9, 1, 8, 6, 4, 15], "R": [[0.5328583741888697, -0.2144035116802194, 0.8185921372918169], [-0.4657739145620793, -0.8819538951375834, 0.07219409508513491], [0.7064818565046888, -0.4197480923492502, -0.5698200816037059]], "T": [0.09068691562658035, -0.08091230840684377, 0.08669270958023916], "aligned_model": [[-0.10066464259018429, 0.35689563120658463, -0.38443978304205917, 0.18367183933548017, -0.33707742254440987, -0.5522789248689863, 0.6969813870783956, 0.40840858659333723, 0.49338022384856894, 0.6286129719311331, -0.613322401391732, 0.14868368282560626, -0.32857538297657674, -0.35223056521982143, 0.02671551300463504], [0.1074708721446595, -0.6374327771239567, -0.41241204127851744, -0.5064469426531584, -0.17425875434396687, 0.30200925374435494, -0.4840744698003405, -0.05625577031022688, -0.23110355370109326, 0.1674007985690239, -0.19246641089897273, 0.7152398458620886, -0.6947061540423911, 0.4579888573895891, -0.10051410503888503], [-0.5760938368308447, 0.30759821625072953, -0.5094822047860016, -0.6393150162157399, 0.5976852253856414, -0.23999026829514647, -0.22289580559390937, -0.5910876589988904, 0.7480352961241551, 0.18377682328952022, 0.08163063137792191, -0.043142811247407195, 0.24973832282017494, 0.31748082025433055, 0.06976883038904463]], "inverted": false, "swapped": false, "error_lsq": 0.03662511200375965, "error_max": 0.24304927437530904, "target": "276.xyz", "model": "23.xyz", "model_rescale": 4.274766983524099, "target_rescale": 4.0853889079256795},
{"mapping": [2, 7, 6, 1, 9, 8, 4, 13, 5, 11, 14], "R": [[0.7341645720467328, -0.37694491344590986, 0.5647255203890588], [-0.6728894519353271, -0.515013179566275, 0.5310190301177642], [0.09067616349191679, -0.7698532049035656, -0.6317466867931291]], "T": [0.07208068960704828, 0.03852788534892653, 0.039330997187310215], "aligned_model": [[0.4769853547280402, 0.06561198385949901, -0.6021922582937314, -0.5318913482199303, -0.423732178549643, -0.6363497379477233, -0.11928107848507752, 0.09290506259187167, 0.7170003396119399, 0.3012840636319168, 0.039554501030912896], [-0.04506467270043358, 0.6663426781424294, 0.3712987825894612, -0.23963936423428844, 0.4774066437319143, -0.05220931653735412, -0.5633094014843903, -0.07097645194501825, -0.11596978725529292, 0.5302094471409551, -0.04250202620449898], [-0.5305345628659356, -0.3690226511243339, -0.4561150200022263, -0.3787352680438169, 0.1858324473150781, 0.3028858698987446, 0.2542403700564416, 0.579362590492927, 0.28786032559407154, 0.5226695696158932, -0.01887723691526568]], "inverted": true, "swapped": true, "error_lsq": 0.04862897116490777, "error_max": 0.21532614652117132, "target": "276.xyz", "model": "24.xyz", "model_rescale": 3.7841303162186577, "target_rescale": 4.0853889079256795},
{"mapping": [8, 13, 2, 12, 6, 1, 14, 9, 11, 10, 4, 0, 3, 7, 15], "R": [[0.1624897313791787, -0.9787258058584685, -0.1252712422825546], [-0.15622829280065736, -0.15087623680404988, 0.9761296438980023], [-0.9742637259617721, -0.13904013130941864, -0.17742050095900747]], "T": [0.028830061661217994, -0.066390314747797, -0.04050176843333366], "aligned_model": [[-0.19318202826392417, 0.37961245077181055, -0.26441900038072436, 0.20689418634650325, -0.42357786757192356, -0.5436252089713657, 0.7235834169957532, 0.35488520783234784, 0.28210162613343187, 0.7160607781816793, -0.6879746207196313, -0.09741651088941178, -0.30513129599664623, 0.1381702727581254, -0.011220693036053019], [0.2611756919381176, -0.6952956477338891, -0.30329487570240965, -0.7385232657254187, -0.12689172421996767, 0.3824891556572209, -0.3955544463261709, -0.17401303651441644, -0.21771212593658013, 0.28920841719896584, -0.27010131050106156, 0.6565121200086904, -0.6979728621051394, 0.3761419385619894, -0.08572938008172401], [-0.4796702176982792, 0.2651611094281401, -0.6937048337488949, -0.3433257604457123, 0.5195813479537709, -0.19489923595495445, -0.23612311707458464, -0.5140480702254516, 0.6682878994167485, 0.040236013217059725, -0.07788117967078563, 0.012449360864863791, 0.3317551120914967, 0.42319585191650827, 0.012692283853653341]], "inverted": true, "swapped": false, "error_lsq": 0.04256887773530728, "error_max": 0.278545878199788, "target": "276.xyz", "model": "25.xyz", "model_rescale": 4.19342608120988, "target_rescale": 4.0853889079256795},
{"mapping": [7, 9, 6, 10, 3, 0, 12, 5, 8, 11, 4, 14], "R": [[-0.4940732030237894, -0.38563918013460663, -0.7792137657914688], [0.8471481759738286, -0.011974643714113886, -0.5312217765228902], [0.19552912314545076, -0.9225719650265929, 0.33260987860997565]], "T": [0.005742406418528911, 0.04662179791296937, 0.03509474000716959], "aligned_model": [[-0.22032780232640936, 0.49221776382687593, 0.11925965729938072, -0.49407178732270546, -0.47382810534863745, -0.5018137428347482, -0.19699456949260696, -0.25136092210511357, 0.6570051822935319, 0.27250421424370935, 0.2209244934436021, -0.02570582704509783], [-0.6587706420830445, -0.4247475811165087, -0.6639116412318827, 0.6731032193488794, -0.37514974894939024, -0.11026449371853432, 0.5034404684960166, 0.4926524964900562, 0.0032269572791211315, -0.09070235008303586, 0.5838911333107157, 0.08000860999858764], [0.1458183897316862, 0.002532878468220208, -0.5062954149453336, -0.03546718902358955, -0.4490743731865465, 0.44372868687119726, -0.6575408736536316, 0.5214199473219543, -0.35674931824493283, 0.6968207684592365, -0.29664584436868546, -0.0592891962201536]], "inverted": true, "swapped": true, "error_lsq": 0.046098633726057096, "error_max": 0.2791450829616541, "target": "276.xyz", "model": "26.xyz", "model_rescale": 3.795458400668931, "target_rescale": 4.0853889079256795},
