[{"mapping": [11, 4, 8, 2, 3, 12, 9, 0, 5, 1, 6, 13], "R": [[0.5136433737062596, -0.35627434963795024, -0.7805376816257543], [-0.19121262014732832, -0.9343670179998553, 0.30065929150859705], [-0.8364258595620089, -0.005182997599227912, -0.548055579290861]], "T": [0.10787881233878738, 0.004825795262465009, -0.024718409061813103], "aligned_model": [[0.06036257576632876, -0.8035448246576854, -0.41838565573425435, -0.27773656585260664, 0.15409264097150277, 0.3566459031307835, -0.2724041631379157, 0.20715078855762775, 0.4917548691392073, 0.6451668499257283, -0.2411490879914674, -0.016941345237012656], [-0.6726673759521542, 0.05463254142463749, -0.5428198571063221, 0.630200652548571, 0.2737642416697816, 0.03713091829893888, 0.22635803120128706, 0.7158345193792058, -0.47950959761106154, 0.2116307885089247, -0.07116250359180451, -0.06935797078796946], [-0.18536414060432738, 0.2585314251339706, 0.15888191966355766, 0.20214126868280996, 0.42108053652336574, -0.5464377987130804, -0.6104243922707588, -0.3076037277832284, 0.4116984337238485, -0.06468555628647132, 0.6512635340520109, -0.09858693668167348]], "inverted": false, "swapped": false, "error_lsq": 0.041289962925770564, "error_max": 0.20781990164425101, "target": "278.xyz", "model": "0.xyz", "model_rescale": 3.8414455957264533, "target_rescale": 3.6630182681324595},
{"mapping": [8, 11, 13, 3, 4, 6, 10, 5, 9, 2, 0, 14], "R": [[-0.3322438610917017, 0.7404291775803348, -0.5842761759258948], [0.3190433728879619, 0.6711746831928945, 0.6691306829440649], [0.88759525854026, 0.03590511981078559, -0.4592226904108966]], "T": [-0.017706914068373665, 0.00705630769580021, 0.07512491355656223], "aligned_model": [[-0.14510109730469212, -0.8479677787411677, -0.3079581040629069, -0.18786858792615702, 0.14538897462679304, 0.5136898210758465, -0.218024080255178, 0.1939428544481696, 0.38261353589797464, 0.6570307050596605, -0.214705406880906, -0.0860288510572007], [-0.5979129379565374, -0.12770778722818735, -0.6551057843401699, 0.7714899420829048, 0.40068482097435426, 0.00935950478481026, 0.18397446066997386, 0.4957784083122331, -0.5401928365754725, 0.3059345651072829, 0.004554904887500381, 0.06317712726334239], [-0.41689676421075317, 0.21213198433057925, 0.3034724802539865, 0.08306880477533288, 0.4131686377595709, -0.4972730065522334, -0.5549181805961195, -0.31304755949948604, 0.1510959042473614, 0.07750403073270662, 0.7727657282461474, 0.05942250595293083]], "inverted": true, "swapped": false, "error_lsq": 0.04506549346750891, "error_max": 0.1821758400671303, "target": "278.xyz", "model": "1.xyz", "model_rescale": 4.316132596720782, "target_rescale": 3.6630182681324595},
{"mapping": [9, 3, 7, 4, 6, 1, 0, 2, 10, 8, 3, 11], "R": [[0.9085886448186558, 0.07728151239171929, -0.41048050178911955], [-0.32319141991019423, -0.49247348688996523, -0.8080947783563956], [-0.26460155064366364, 0.8668895157705439, -0.4224790963397845]], "T": [-0.01350833411598124, -0.03030100908238482, -0.060066674706555856], "aligned_model": [[-0.09056744295528488, -0.4398080937090059, -0.3783752823586995, -0.36266123920661314, 0.15332326170161675, 0.3319236651505263, -0.3102166512067963, 0.3257379159046452, 0.4175284793328716, 0.7160346324576536, -0.4398080937090059, -0.03809916652167178], [-0.6533968584460604, -0.044780968986615446, -0.7464269669070204, 0.6443616718457238, 0.39664882964820364, -0.10023009073646932, 0.2622840790137761, 0.660490019805163, -0.3173855896086035, 0.18829065272966045, -0.044780968986615446, 0.06896057861089228], [-0.45473737476251974, 0.4390083242377036, 0.33299418876060616, 0.07128113443547865, 0.6225584177449217, -0.4728425470956373, -0.6347598096745519, -0.38937676869158316, 0.2991345330659588, 0.023723904251224365, 0.4390083242377036, 0.014502238930718711]], "inverted": false, "swapped": false, "error_lsq": 0.05489078357974911, "error_max": 0.4008412144631221, "target": "278.xyz", "model": "2.xyz", "model_rescale": 3.795458400668931, "target_rescale": 3.6630182681324595},
{"mapping": [2, 5, 10, 9, 7, 1, 6, 8, 0, 7, 4, 11], "R": [[-0.1790698599370855, 0.7353612826131799, 0.6535883791008008], [-0.8558836065970803, 0.21117426865456226, -0.47208969509679555], [-0.4851775316525769, -0.6439326147134578, 0.5915687200045342]], "T": [-0.05867041848994263, -0.035387631865879204, -0.027306706022375667], "aligned_model": [[-0.1706389402932011, -0.7095321652327735, -0.4604707584293997, -0.31356040051683526, 0.43711566807791896, 0.43628640981031697, -0.2397394598532524, 0.07294980589180595, 0.50090658878037, 0.43711566807791896, -0.1378230901472795, 0.032402658714646496], [-0.6239268784835403, 0.1111004717218699, -0.600569439409013, 0.7527052154562789, 0.4203637602591661, -0.12200415037140305, 0.07964505055754603, 0.5672522220202304, -0.46500335819429717, 0.4203637602591661, -0.17276732694210747, -0.05312493889186209], [-0.5056475016178251, 0.19347562498117227, 0.2138089231827342, 0.23440955993993912, 0.3329558670514591, -0.4064955228413599, -0.5761944731070022, -0.5069568494323011, 0.31108928213565123, 0.3329558670514591, 0.5938345076109375, 0.07325928048515977]], "inverted": true, "swapped": false, "error_lsq": 0.060633369638170925, "error_max": 0.4580130885905129, "target": "278.xyz", "model": "3.xyz", "model_rescale": 3.7530521520055578, "target_rescale": 3.6630182681324595},
{"mapping": [3, 10, 1, 2, 6, 8, 7, 4, 9, 5, 11], "R": [[0.4161660328133605, 0.6345128092675262, 0.6513058636369099], [-0.6028125914493104, 0.7287779386210973, -0.32480716705354723], [-0.6807516527505136, -0.2574416653430756, 0.6857849343801803]], "T": [0.03048351607304762, 0.004478572738987725, 0.025478309411001918], "aligned_model": [[-0.35187564815301736, -0.24477140707990058, 0.21494241034183625, 0.5063725367412665, 0.4615860914590532, -0.035952798336706, -0.277585057292576, -0.6873211149827138, -0.47112875297425966, 0.217439132832465, 0.006494209889757314], [-0.6546138854240942, 0.1713770820888961, -0.39131145094966047, 0.2752004707536033, -0.5514659695806974, 0.6769713591816783, -0.43456842106352916, 0.02681347097350221, 0.2342559065551518, 0.17005822022232922, -0.05551342444283356], [-0.08465410679776958, -0.5767564720986118, -0.5936478587564927, -0.6048655824774921, 0.2954377402500426, 0.05466535268670554, 0.4793746619337017, -0.05948164925939127, 0.5977240596603073, 0.5620025906733515, 0.023032041430965777]], "inverted": true, "swapped": true, "error_lsq": 0.05880807192632394, "error_max": 0.2728684958318922, "target": "278.xyz", "model": "4.xyz", "model_rescale": 3.7855080009869324, "target_rescale": 3.6630182681324595},
{"mapping": [13, 10, 8, 3, 0, 12, 14, 2, 6, 1, 7, 16], "R": [[0.6981304263097465, 0.6338789172333872, -0.3328835023662182], [-0.08304071825154835, 0.5334898934572896, 0.841720127293625], [0.7111386271134752, -0.5599875461704109, 0.42508328732285316]], "T": [-0.037436099061060234, -0.00619866235102964, 0.036153750034707444], "aligned_model": [[0.04085260163281693, -0.7045342984161239, -0.4563488473162058, -0.29164155140816284, 0.34078520264217366, 0.3891504219472503, -0.1612397886463524, 0.04463875797163878, 0.24012877090848664, 0.6666980460181561, -0.1695988798505669, -0.053878450602874745], [-0.6218765101394568, 0.022350340762062302, -0.569667658762883, 0.634933991883058, 0.5749047902885283, -0.07589245196996611, 0.15053731792634392, 0.6456387225928392, -0.5165870984912851, 0.27181942129919034, -0.22086510828952916, 0.018738630883133132], [-0.3375831975121908, 0.3279228726518286, 0.08436861699044898, 0.11828238737272032, 0.3935629099464387, -0.489424007098079, -0.6102237538006507, -0.30171816210255786, 0.3337078716328716, 0.038387555395542165, 0.7417179131255113, -0.008506441161859626]], "inverted": true, "swapped": false, "error_lsq": 0.04305493166059676, "error_max": 0.2440120786628464, "target": "278.xyz", "model": "5.xyz", "model_rescale": 4.2253639853439635, "target_rescale": 3.6630182681324595},
{"mapping": [4, 8, 1, 11, 12, 3, 5, 6, 0, 7, 9, 13], "R": [[-0.7379301402921022, 0.6730520947320903, -0.04959824417480807], [-0.13581563197345664, -0.2200918286698042, -0.9659781058928989], [-0.6610697558957974, -0.7060881423232706, 0.25382338960455153]], "T": [-0.12060407316583527, -0.028266747518013304, -0.04283775689070672], "aligned_model": [[0.046385980545566335, -0.7935731817184486, -0.37124164783008684, -0.2402519977900749, 0.3053213747775438, 0.48536474065256136, -0.5057145816888026, 0.20247469799522028, 0.41697090303112166, 0.6307307638469599, -0.21983335466075354, -0.07162171228057049], [-0.6133596068114523, 0.042650874324276444, -0.7007181480047537, 0.732675088283991, 0.6031515397286198, -0.08979202797548748, 0.316930806840941, 0.4259009225857429, -0.42653775708912833, 0.19792872314002127, -0.14131260380134236, -0.03348342323939323], [-0.40435121469251145, 0.2537227688790353, 0.11109632675586507, 0.06764158720843506, 0.49683086716834673, -0.4061914540543608, -0.40789913685367035, -0.36388261852330966, 0.39926630012375414, 0.07430654630692472, 0.5487453831298269, -0.07879079000831199]], "inverted": true, "swapped": false, "error_lsq": 0.04942596213893977, "error_max": 0.3177177430763161, "target": "278.xyz", "model": "6.xyz", "model_rescale": 3.89814844738969, "target_rescale": 3.6630182681324595},
{"mapping": [7, 8, 3, 9, 5, 4, 11, 10, 0, 2, 6, 12], "R": [[-0.6838527367036336, -0.31401080659980607, 0.658591411909911], [0.2144932667388343, -0.9492854546714817, -0.22989076552324067], [0.6973794326094327, -0.01594800575926343, 0.7165246597889345]], "T": [0.03803773870744024, -0.0518126979394779, 0.002613457020545676], "aligned_model": [[-0.08013882596524713, -0.6383141972776996, -0.3344739309831079, -0.37551665910658616, 0.1643223281641608, 0.38528871179857477, -0.43060644974129225, 0.27616233036235877, 0.3310569183613114, 0.7052438842230827, -0.24655353722215742, 0.12854141226683785], [-0.610758354347027, -0.05142761876100048, -0.6748341492436682, 0.709131276363673, 0.4772275845302106, -0.07581852688029692, 0.20308217943897527, 0.613076675570059, -0.4637923042484688, 0.1800012666752963, -0.05866450497261156, 0.06681086385689382], [-0.3212518425891103, 0.017932814641332687, 0.3568185724961574, 0.22143508998908334, 0.5564592713181423, -0.5399142107056248, -0.606272078480555, -0.19769246624534326, 0.31151951362800373, -0.048826699634599055, 0.6160763405211881, -0.07578973949865137]], "inverted": true, "swapped": false, "error_lsq": 0.03955980409843488, "error_max": 0.1966727861654061, "target": "278.xyz", "model": "7.xyz", "model_rescale": 3.7474275329858107, "target_rescale": 3.6630182681324595},
{"mapping": [9, 12, 11, 1, 0, 8, 4, 2, 5, 3, 10, 14], "R": [[0.3880805799234143, 0.8970796941931043, 0.2112853183558034], [-0.2507612188760786, -0.11782488421334741, 0.9608517615989967], [0.8868552726313861, -0.42587007282329425, 0.1792272481499177]], "T": [-0.0851997018996504, 0.003156973717804896, 0.07838284095826388], "aligned_model": [[0.022014760663076338, -0.6811595138739077, -0.42924813052843347, -0.19088513055192735, 0.1452039598275314, 0.28938160331728424, -0.18118747737018032, 0.1377634703392678, 0.5264199678654273, 0.5966576151485111, -0.2425185543146225, -0.10743058564179078], [-0.7027757055377851, 0.05431135065639038, -0.5098122815880651, 0.742226004503708, 0.38314184548606395, -0.08622684319436281, 0.12718492145502583, 0.6397891724605875, -0.36842026587835663, 0.22401284465806706, -0.22926745718661753, 0.039870802147378995], [-0.18714409075452643, 0.22957064149451284, 0.14890360002163044, 0.16446058461841678, 0.5649410466407164, -0.48456448776149674, -0.6881869608118282, -0.42518082254311995, 0.048832907076075495, 0.0990666617782543, 0.7830054507869961, 0.036790034894392316]], "inverted": true, "swapped": false, "error_lsq": 0.04462565310806638, "error_max": 0.21859009657372291, "target": "278.xyz", "model": "8.xyz", "model_rescale": 4.019505241142653, "target_rescale": 3.6630182681324595},
{"mapping": [6, 9, 11, 7, 4, 2, 1, 0, 5, 3, 8, 12], "R": [[-0.5609303050926514, 0.23955637573459507, 0.7924455411405698], [0.5247925408353883, 0.8432106327504569, 0.11657022733147249], [-0.6402733649873327, 0.4812572821905965, -0.5986997965811566]], "T": [-0.07431614172626558, -0.06238572582971358, -0.08937536125586965], "aligned_model": [[0.07838673119492767, -0.7363142179447818, -0.2879182544783209, -0.2895491199419101, 0.3307881033930139, 0.3765882017047256, -0.4157904000565066, 0.1191179739361545, 0.38868105223980587, 0.761981177374674, -0.3806985028828368, -0.06026075965870908], [-0.7209471445770033, -0.055825014642207835, -0.4906983120703863, 0.7185537466917608, 0.42640771439842234, -0.029686095298151735, 0.19745047381143432, 0.5556530876853002, -0.37766013292392875, 0.11080699081870077, 0.06331380549177484, -0.08333473140368056], [-0.35590965230688587, 0.08108157049564457, 0.30833306194971677, 0.3148427672613967, 0.4440721006552385, -0.4709355392813342, -0.6110896340378339, -0.14644852445838633, 0.28043589567513894, 0.00587108070544573, 0.4992386107018, -0.05899717191991723]], "inverted": true, "swapped": false, "error_lsq": 0.04924978055761981, "error_max": 0.2890872028367951, "target": "278.xyz", "model": "9.xyz", "model_rescale": 3.877068213659057, "target_rescale": 3.6630182681324595},
{"mapping": [2, 1, 4, 0, 12, 9, 8, 11, 13, 10, 3, 15], "R": [[-0.31227671190923234, -0.5941183178322162, -0.7412871775603409], [-0.5043354239826137, -0.5575893714751926, 0.6593480666038063], [-0.8050646156150674, 0.5797564292305155, -0.1255127381999393]], "T": [0.041952696246212985, -0.048674895556871586, 0.0835485813716716], "aligned_model": [[0.04704182538812066, -0.8101381389017338, -0.3955160199205214, -0.3404564142259602, 0.09865583949422313, 0.29712207788499845, -0.26089699805971966, 0.1913037521190348, 0.46861910650011673, 0.6663753906224198, -0.07901021113893267, 0.0019117751181900455], [-0.5863973696303562, 0.11496566023870765, -0.5372975237399249, 0.6492344685929481, 0.5570544485137059, -0.09583944179288123, 0.1873706506319372, 0.6235036666518506, -0.6647037324868567, 0.24664021976555578, -0.21245007904467822, 0.03195342028202701], [-0.30527528568174467, 0.09189048518455269, 0.25076021179218383, 0.06229235184557823, 0.5172211894427301, -0.5233364128010993, -0.5856953940149792, -0.18201783005942895, 0.2735557980646401, -0.07799417108085406, 0.6846367671137414, 0.0844568556347038]], "inverted": true, "swapped": false, "error_lsq": 0.04152732364954596, "error_max": 0.22707210816403414, "target": "278.xyz", "model": "10.xyz", "model_rescale": 4.260839863003843, "target_rescale": 3.6630182681324595},
{"mapping": [0, 5, 6, 4, 9, 1, 3, 2, 7, 8, 10, 11], "R": [[-0.5882599883069775, 0.6241133001215133, -0.5142302740684456], [0.78859912355347, 0.30193456040733047, -0.5356742886888741], [-0.17905755635486034, -0.7206372942355024, -0.6697912224485778]], "T": [0.022167228517751207, 0.04942093711734111, 0.04143224366393504], "aligned_model": [[-0.12374924164213028, -0.6532089419002374, -0.4586777705201913, -0.37919518447729206, 0.199160148114141, 0.402112110170382, -0.31903862126904925, 0.1722823195736664, 0.34703523619923043, 0.6877347622471525, -0.043018580535582086, 0.05357574892014579], [-0.7270720107983718, 0.028508996691944927, -0.6074040286424778, 0.6235350955569199, 0.6370234706650858, -0.052861811783447676, 0.12430533488859838, 0.5925284325442919, -0.5120430688301185, 0.2475850365884318, -0.046553614188090536, 0.006482555289268353], [-0.34040719252394014, 0.047805737766418985, 0.24298716399346054, 0.25451439945186544, 0.5504804045860904, -0.5655609764996498, -0.5764706341853839, -0.3495368522884025, 0.13537146280452003, 0.2240910917521593, 0.6577710205082807, 0.009448940074604527]], "inverted": true, "swapped": false, "error_lsq": 0.04356393284217377, "error_max": 0.22721401250631845, "target": "278.xyz", "model": "11.xyz", "model_rescale": 3.890672605050136, "target_rescale": 3.6630182681324595},
{"mapping": [2, 9, 11, 5, 8, 4, 12, 7, 0, 3, 6, 13], "R": [[0.8399378418613943, -0.46140319436987626, -0.2856772900223219], [-0.21407493111616577, -0.7654375579658299, 0.6068585244708323], [-0.4986745889624139, -0.4485670931762396, -0.741694827568985]], "T": [-0.0630221997115904, -0.0960750236202552, 0.12190026215674378], "aligned_model": [[-0.018950058009649044, -0.8114822014158138, -0.40215357682924446, -0.39304418637475436, 0.2720196315468194, 0.35980304572561306, -0.32024724883783706, 0.14819926784785284, 0.4912797349593524, 0.7848812133132901, -0.21425946502477122, -0.011034172020621916], [-0.6701501482048624, 0.099429317305276, -0.5227730110529873, 0.606937310415138, 0.39429299295515946, -0.27476663741454893, 0.2503080439212844, 0.6181392238825971, -0.22754183831606017, 0.23954522344148305, -0.18709418681270468, -0.012291902137739952], [-0.29530416174796487, 0.20795893138645566, 0.0465285136670639, 0.07910623981638883, 0.5299164695125768, -0.407576047800275, -0.4855420736806474, -0.2931270508991207, 0.2773363635006865, -0.024667155590216525, 0.6704448323184528, -0.014580295043376254]], "inverted": false, "swapped": false, "error_lsq": 0.03843726269303611, "error_max": 0.223345183164541, "target": "278.xyz", "model": "12.xyz", "model_rescale": 4.124412569039231, "target_rescale": 3.6630182681324595},
{"mapping": [6, 0, 3, 4, 10, 8, 1, 2, 9, 11, 7, 12], "R": [[0.36304471927306387, 0.5543760313522341, -0.7489097059526528], [0.8988786119506529, 0.0032975798346304708, 0.43818531119253845], [0.2453890233600717, -0.8322597802545675, -0.49711958861526406]], "T": [-0.14735762795346105, -0.04910173004972723, 0.1361898277571315], "aligned_model": [[-0.057594053315203814, -0.7264601698192729, -0.4903078620088609, -0.42934180427213287, 0.30546416649724617, 0.39699767477887116, -0.3153507784301358, 0.20622953019103754, 0.28301891954046177, 0.7752901220124186, 0.019590768771817507, -0.08252452906601054], [-0.49471834934658615, -0.01679240801216625, -0.6745050816606868, 0.6820215720517868, 0.44816848779074037, -0.06986522422595147, 0.09909939177939331, 0.6081220628311634, -0.507896783342408, 0.30384151574598933, -0.1166421526352025, 0.05320135700596265], [-0.35470847541642786, 0.11711767245013552, 0.1392164630261707, 0.07122909208099326, 0.4399733447833953, -0.33086723791603345, -0.6465483326708908, -0.294424293371605, 0.2498753520852952, 0.014925422152772788, 0.7367264200343037, 0.1479791382019143]], "inverted": false, "swapped": false, "error_lsq": 0.039261555526274784, "error_max": 0.23307781936515062, "target": "278.xyz", "model": "13.xyz", "model_rescale": 3.9028299243045295, "target_rescale": 3.6630182681324595},
{"mapping": [2, 12, 8, 14, 10, 6, 11, 9, 3, 7, 5, 15], "R": [[0.8278759633505699, 0.5196725278616, -0.21109678607761978], [0.10016447133015915, -0.5072653586554947, -0.8559491425261563], [-0.5518953415182226, 0.6874753229709754, -0.4720055214893546]], "T": [-0.024349435295301383, -0.1056895793542605, 0.0742125134837961], "aligned_model": [[-0.13354570110739133, -0.7164250955386671, -0.4760735441623329, -0.2792626123135219, 0.17605353766324167, 0.36543082094612106, -0.36850084596913696, 0.2845815099383879, 0.5277874489051073, 0.718111800403365, -0.25678945138895204, 0.04364411750401538], [-0.7636244575394141, -0.04947399872244422, -0.6589404799340968, 0.7415150378104769, 0.45400015444543373, -0.09007655992769369, 0.3301936807901053, 0.4948955289629138, -0.3925384312764201, 0.40959539861876737, -0.13935229759005874, -0.022159187655534582], [-0.237793321647483, 0.02826278058116293, 0.3680933227135077, 0.05648508783366901, 0.5235883610296774, -0.4663759138044633, -0.4130474565476587, -0.3061881374203914, 0.034816542946767615, 0.13634672947881765, 0.5291194204158775, 0.037187149860540274]], "inverted": true, "swapped": false, "error_lsq": 0.045663400737278904, "error_max": 0.26940493994131864, "target": "278.xyz", "model": "14.xyz", "model_rescale": 3.942246331269136, "target_rescale": 3.6630182681324595},
{"mapping": [11, 12, 13, 0, 5, 6, 8, 7, 10, 9, 3, 14], "R": [[-0.69837950045998, -0.658544301057687, 0.2803310130572632], [0.533567930767046, -0.21798231149713096, 0.8171835626903791], [-0.47704437591721166, 0.7202798868626071, 0.5036124978462586]], "T": [0.006201145316371483, -0.00993811994897362, 0.11634715910042227], "aligned_model": [[0.002609928282773462, -0.7706594524228783, -0.5729529054013007, -0.3049056476910516, 0.16117218473594463, 0.2765661759544487, -0.2942736788683535, 0.28305843417274656, 0.5782224441696986, 0.761353260280191, -0.18587241851609734, -0.04930633981588556], [-0.5407307044456156, -0.05605222071309572, -0.5766695905508028, 0.6218200312090107, 0.38809717362782736, -0.022738040009969488, 0.1262514214628426, 0.5939134052731575, -0.4313227878499396, 0.25317895908739585, -0.1120258439721891, 0.07031258486341259], [-0.36568744552889565, 0.36622184680143843, 0.05057579548284104, -0.09534054639599836, 0.5857419185487581, -0.37306912750324656, -0.583658708824261, -0.4218840971668467, 0.18136339829731252, 0.023196785416788337, 0.8013535628523147, 0.12168118345981849]], "inverted": true, "swapped": false, "error_lsq": 0.04680656235335117, "error_max": 0.218464253017656, "target": "278.xyz", "model": "15.xyz", "model_rescale": 4.355366556412066, "target_rescale": 3.6630182681324595},
{"mapping": [9, 3, 7, 4, 6, 1, 0, 2, 10, 8, 3, 11], "R": [[0.9085886448186558, 0.07728151239171929, -0.41048050178911955], [-0.32319141991019423, -0.49247348688996523, -0.8080947783563956], [-0.26460155064366364, 0.8668895157705439, -0.4224790963397845]], "T": [-0.01350833411598124, -0.03030100908238482, -0.060066674706555856], "aligned_model": [[-0.09056744295528488, -0.4398080937090059, -0.3783752823586995, -0.36266123920661314, 0.15332326170161675, 0.3319236651505263, -0.3102166512067963, 0.3257379159046452, 0.4175284793328716, 0.7160346324576536, -0.4398080937090059, -0.03809916652167178], [-0.6533968584460604, -0.044780968986615446, -0.7464269669070204, 0.6443616718457238, 0.39664882964820364, -0.10023009073646932, 0.2622840790137761, 0.660490019805163, -0.3173855896086035, 0.18829065272966045, -0.044780968986615446, 0.06896057861089228], [-0.45473737476251974, 0.4390083242377036, 0.33299418876060616, 0.07128113443547865, 0.6225584177449217, -0.4728425470956373, -0.6347598096745519, -0.38937676869158316, 0.2991345330659588, 0.023723904251224365, 0.4390083242377036, 0.014502238930718711]], "inverted": false, "swapped": false, "error_lsq": 0.05489078357974911, "error_max": 0.4008412144631221, "target": "278.xyz", "model": "16.xyz", "model_rescale": 3.795458400668931, "target_rescale": 3.6630182681324595},
{"mapping": [7, 8, 3, 9, 5, 4, 11, 10, 0, 2, 6, 12], "R": [[-0.6838527367036336, -0.31401080659980607, 0.658591411909911], [0.2144932667388343, -0.9492854546714817, -0.22989076552324067], [0.6973794326094327, -0.01594800575926343, 0.7165246597889345]], "T": [0.03803773870744024, -0.0518126979394779, 0.002613457020545676], "aligned_model": [[-0.08013882596524713, -0.6383141972776996, -0.3344739309831079, -0.37551665910658616, 0.1643223281641608, 0.38528871179857477, -0.43060644974129225, 0.27616233036235877, 0.3310569183613114, 0.7052438842230827, -0.24655353722215742, 0.12854141226683785], [-0.610758354347027, -0.05142761876100048, -0.6748341492436682, 0.709131276363673, 0.4772275845302106, -0.07581852688029692, 0.20308217943897527, 0.613076675570059, -0.4637923042484688, 0.1800012666752963, -0.05866450497261156, 0.06681086385689382], [-0.3212518425891103, 0.017932814641332687, 0.3568185724961574, 0.22143508998908334, 0.5564592713181423, -0.5399142107056248, -0.606272078480555, -0.19769246624534326, 0.31151951362800373, -0.048826699634599055, 0.6160763405211881, -0.07578973949865137]], "inverted": true, "swapped": false, "error_lsq": 0.03955980409843488, "error_max": 0.1966727861654061, "target": "278.xyz", "model": "17.xyz", "model_rescale": 3.7474275329858107, "target_rescale": 3.6630182681324595},
{"mapping": [4, 2, 0, 7, 11, 5, 9, 12, 8, 10, 1, 13], "R": [[-0.9498955585116178, -0.3022054843261528, 0.07981399102348541], [-0.2622619947621997, 0.9095158706236486, 0.3224895768657624], [-0.17005021030052722, 0.28539924023532715, -0.9432020990486845]], "T": [-0.009975675876781338, 0.03651453164790637, 0.07868476330794229], "aligned_model": [[-0.002879132545278041, -0.7105585594936239, -0.3821972948895532, -0.3366255188853663, 0.2554683993864935, 0.449458826360239, -0.28066223208275515, 0.1919742653004196, 0.4068867770913504, 0.6735769040620676, -0.28017846869001095, -0.09925198073374669], [-0.5954241191265094, -0.04714482868216867, -0.6791264681813072, 0.71271402660796, 0.5469415025658771, -0.010248409964179625, 0.16179492369468074, 0.6050951987816529, -0.5472680344763513, 0.1323976233917456, 0.05446040847731172, -0.02015743510667685], [-0.4596729270344181, 0.15625704200307128, 0.29880158793482875, 0.13762036472620542, 0.5154231427448589, -0.4780495558392607, -0.5202791567356875, -0.36309478526098876, 0.12641381120823558, 0.07739107090150543, 0.7152276236641254, 0.08445634712754778]], "inverted": false, "swapped": false, "error_lsq": 0.04096665972297604, "error_max": 0.19545124159554397, "target": "278.xyz", "model": "18.xyz", "model_rescale": 3.922800546911778, "target_rescale": 3.6630182681324595},
{"mapping": [10, 13, 4, 12, 5, 2, 7, 3, 1, 0, 8, 14], "R": [[0.19557246977604303, -0.28139672234048585, 0.9394505275541286], [0.45070797486077874, -0.8249976864033728, -0.34094154752094674], [0.8709843457046714, 0.4900966252537491, -0.03451908823088784]], "T": [-0.038981714752592725, -0.05461358442562726, 0.05528737841152265], "aligned_model": [[-0.05526845340223403, -0.7177183612346797, -0.49694507789695064, -0.296254398112617, 0.2745645726373447, 0.4517487842201, -0.4147622310435649, 0.16720621744071373, 0.5851548739797491, 0.6689441862571593, -0.20979495096323952, -0.07186317700154482], [-0.743930849482281, 0.029209894079173807, -0.6127292033375185, 0.6817912731342798, 0.4575812200889301, -0.28006674281103067, 0.3729839221751145, 0.4511755839850814, -0.32495091644671076, 0.3824669724965045, -0.09270815488132433, -0.006788611018183746], [-0.36325425333169964, 0.11934934836086913, 0.10670384499831403, 0.15594867546962213, 0.5263276400431547, -0.41533286503306666, -0.5052127509226055, -0.2775986340932949, 0.34744190851010565, -0.023732499575272417, 0.6415998344097392, -0.021745683395841514]], "inverted": true, "swapped": false, "error_lsq": 0.03886839451884299, "error_max": 0.2378065238391826, "target": "278.xyz", "model": "19.xyz", "model_rescale": 3.9282355846067225, "target_rescale": 3.6630182681324595},
{"mapping": [8, 7, 6, 2, 1, 11, 12, 10, 4, 0, 5, 13], "R": [[0.9156573204187504, 0.348342792068109, -0.20057161009910768], [-0.3910215109588166, 0.8875391583027752, -0.24367277329789125], [0.09313350380522761, 0.30154857269334834, 0.9488912523443169]], "T": [-0.0632606464099895, -0.09597111013828107, 0.011343407427202853], "aligned_model": [[-0.010269544651521051, -0.6696487947266045, -0.3591971768286395, -0.3208122558899248, 0.2414089318140521, 0.5133749726983404, -0.47398382573775133, 0.10337177173192132, 0.43994349980941827, 0.6909200145144822, -0.293309307047192, 0.023213699193654874], [-0.7739090416950551, 0.038971928968341216, -0.5252256919549351, 0.6350848043562782, 0.3954875348146967, -0.029966897489723685, 0.20161467340159656, 0.66967415366916, -0.4773509355916761, 0.13786978297457458, 0.010716347396134543, 0.031067729132642677], [-0.32955787332593844, -0.03536383138476597, 0.4050515836316667, 0.2905218963848878, 0.48794139809898496, -0.4087732168738972, -0.6709640867903367, -0.34678410649050573, 0.03785493142238337, 0.1406761395275792, 0.6620242450061679, 0.05786748623379756]], "inverted": true, "swapped": false, "error_lsq": 0.04863560297325892, "error_max": 0.2598020399280166, "target": "278.xyz", "model": "20.xyz", "model_rescale": 4.067790424073018, "target_rescale": 3.6630182681324595},
{"mapping": [4, 3, 6, 12, 10, 8, 0, 9, 5, 1, 11, 14], "R": [[0.2262499883306035, -0.9536166240629463, -0.1985605124167224], [-0.9740031763002631, -0.21910973223267427, -0.05752162895750262], [0.011347040909444411, 0.20641283766208768, -0.9783991951708078]], "T": [-0.018239629485120198, -0.04523720393868047, -0.004632673993431313], "aligned_model": [[0.03592551926570464, -0.8591596581992578, -0.3656629049590384, -0.37356877815465644, 0.31928270002674625, 0.32409844363735335, -0.3268593829651505, 0.2539555785078116, 0.4372914523708858, 0.7441697541636035, -0.3063290605230026, 0.0018683217092366963], [-0.7761915680216648, 0.04358359148906431, -0.6255066121532034, 0.6138711762269412, 0.4669518049974781, -0.18429037201950713, 0.13759031932347943, 0.6825657364315473, -0.4185359923395808, 0.2550812973431276, 0.10482650205725258, 0.014088504647100264], [-0.3290465285451749, 0.08869142931228838, 0.2956028739430397, 0.1576362577184659, 0.5385320503393878, -0.4389560061579961, -0.6176465188784459, 0.011570665261975116, 0.0354368767827201, -0.047595806922033884, 0.5544000780400997, 0.04186919454569765]], "inverted": true, "swapped": false, "error_lsq": 0.044725755011549295, "error_max": 0.28156371424461263, "target": "278.xyz", "model": "21.xyz", "model_rescale": 4.186013935880536, "target_rescale": 3.6630182681324595},
{"mapping": [2, 9, 8, 10, 4, 0, 1, 7, 5, 6, 11, 12], "R": [[-0.3014437052714386, 0.949858457558282, 0.0830698691297112], [0.8522140121465973, 0.307476022514339, -0.42330813018386637], [-0.4276248005591181, -0.056810264774625224, -0.9021693985959685]], "T": [0.015566127650955941, 0.005958552957683962, 0.05854607890558157], "aligned_model": [[-0.06617100413040748, -0.5996402111941053, -0.5074218400282842, -0.4058003944081991, 0.20971738068220552, 0.4295894884584425, -0.1456738061830511, 0.0354511800514068, 0.4695193643961726, 0.5181625500671136, -0.09769423724939472, 0.044973514418337086], [-0.6690591684241372, 0.08321725138747374, -0.5214730082615484, 0.6954432618587049, 0.5510009235156665, -0.12576932622630083, 0.11501931706481919, 0.6746592428078065, -0.6179583894151008, 0.24237492046407452, -0.12613520589521632, 0.012714569105793442], [-0.23703693815331756, 0.026875676317007643, 0.24819750810187602, 0.2667779758793919, 0.4976932683664686, -0.5185335200733934, -0.6465997708318458, -0.24273072399476608, 0.11505168910131679, 0.021708783039067953, 0.665743993367259, 0.09334662432095875]], "inverted": true, "swapped": false, "error_lsq": 0.04752192980019209, "error_max": 0.2260241597197677, "target": "278.xyz", "model": "22.xyz", "model_rescale": 4.166573947596378, "target_rescale": 3.6630182681324595},
{"mapping": [2, 9, 11, 10, 13, 1, 8, 7, 6, 5, 12, 15], "R": [[-0.4219729262515688, 0.7542767374346854, -0.5029964740190284], [-0.6578116878477164, 0.12706152884849056, 0.7423874670397007], [0.6238770975453632, 0.6441443714351397, 0.4425555286139835]], "T": [-0.12560229857772598, -0.03170480544340708, -0.027564554655731394], "aligned_model": [[0.09537208526950569, -0.7122931753995778, -0.5882227488413495, -0.1693145989715421, 0.25327051200995, 0.49441912606795624, -0.5313647936119559, 0.14948631957111697, 0.4655772577320897, 0.6167185369288782, -0.12955575676858794, -0.059080779106247594], [-0.6341035412074179, 0.06218895650762195, -0.5987267789957188, 0.685322610781152, 0.5674172180177639, -0.21648466923219511, 0.30120495593879226, 0.5947427675239244, -0.43373003258077847, 0.3379089998318872, -0.316358261396715, -0.03534783720628165], [-0.2302843712064314, 0.05861515759015766, 0.2666491906607091, 0.18433672490787179, 0.4353839665611869, -0.3267783507709457, -0.6428750686413366, -0.2356014219137147, 0.2331845218782774, 0.030808327096324157, 0.5626372205122091, -0.045581331234284234]], "inverted": false, "swapped": false, "error_lsq": 0.04582955334418135, "error_max": 0.23922902754646874, "target": "278.xyz", "model": "23.xyz", "model_rescale": 4.274766983524099, "target_rescale": 3.6630182681324595},
{"mapping": [6, 1, 0, 5, 8, 9, 7, 4, 3, 10, 11], "R": [[-0.8175765805428266, 0.5544867120823984, 0.15528367934831658], [-0.38865496234222685, -0.7303668149224605, 0.561704224576229], [0.424871574943137, 0.3988844466560108, 0.8126348152899103]], "T": [-0.08074443741491452, 0.15624282845275747, -0.020276269345944987], "aligned_model": [[0.20081011320482975, 0.5556396537075144, -0.4701297381951487, -0.521140798427612, -0.6577112455358611, -0.5164564170049525, 0.08946971682705726, 0.02546429597561288, 0.577583136217297, 0.12234999008020139, -0.025984002890863493], [-0.22522944129602848, 0.5326391936615348, 0.5159394546073197, -0.16523044155718294, 0.4376494223074381, -0.34288243268596486, -0.5148623593539717, 0.05200493962995531, -0.1672952331641556, 0.6696044889099366, 0.12324894018460258], [-0.605944948187876, -0.18560353104222568, -0.5617155390163484, -0.25034866786122184, 0.19287120647025466, 0.4189352227712081, 0.09945416158351328, 0.687406355922518, 0.2135152541440797, 0.38161871232982586, -0.010621793092150302]], "inverted": false, "swapped": true, "error_lsq": 0.05414123020709842, "error_max": 0.385838183027167, "target": "278.xyz", "model": "24.xyz", "model_rescale": 3.7841303162186577, "target_rescale": 3.6630182681324595},
{"mapping": [13, 7, 11, 8, 4, 12, 9, 2, 3, 5, 6, 15], "R": [[-0.3058018522398418, -0.6137200275137306, 0.7278962529064344], [-0.5984360559018959, -0.47072375118994547, -0.6483004219204626], [0.7405130074234113, -0.6338508325262439, -0.2233239976861482]], "T": [-0.24059109508774185, 0.10155000460786474, -0.016172473319259906], "aligned_model": [[0.05557828096951517, -0.7852463083908416, -0.40840159624746675, -0.30563415823910955, 0.2718230258065259, 0.32640281896898676, -0.17859511919085377, 0.26181362055350127, 0.3557714410296498, 0.6341650119613496, -0.12342665163381346, -0.2192383807072075], [-0.5823360609550028, -0.09386459592165054, -0.6231063909261427, 0.6889856677054969, 0.3534401595830971, -0.061191884246889275, 0.2677131586509433, 0.6197321168697759, -0.32994072147476283, 0.15814574856923364, -0.15323203407504415, 0.0696892242029803], [-0.25404543791556927, 0.2804238729527468, 0.17393358464541495, -0.028277236670753495, 0.46412687229039584, -0.4928326095408174, -0.5735655247086473, -0.23496421941688475, 0.3111948531711383, -0.04678979504179308, 0.6496991796272678, 0.04159102604752561]], "inverted": false, "swapped": false, "error_lsq": 0.04090133961286328, "error_max": 0.19666424620761766, "target": "278.xyz", "model": "25.xyz", "model_rescale": 4.19342608120988, "target_rescale": 3.6630182681324595},
{"mapping": [9, 3, 7, 4, 6, 1, 0, 2, 10, 8, 3, 11], "R": [[0.9085886448186558, 0.07728151239171929, -0.41048050178911955], [-0.32319141991019423, -0.49247348688996523, -0.8080947783563956], [-0.26460155064366364, 0.8668895157705439, -0.4224790963397845]], "T": [-0.01350833411598124, -0.03030100908238482, -0.060066674706555856], "aligned_model": [[-0.09056744295528488, -0.4398080937090059, -0.3783752823586995, -0.36266123920661314, 0.15332326170161675, 0.3319236651505263, -0.3102166512067963, 0.3257379159046452, 0.4175284793328716, 0.7160346324576536, -0.4398080937090059, -0.03809916652167178], [-0.6533968584460604, -0.044780968986615446, -0.7464269669070204, 0.6443616718457238, 0.39664882964820364, -0.10023009073646932, 0.2622840790137761, 0.660490019805163, -0.3173855896086035, 0.18829065272966045, -0.044780968986615446, 0.06896057861089228], [-0.45473737476251974, 0.4390083242377036, 0.33299418876060616, 0.07128113443547865, 0.6225584177449217, -0.4728425470956373, -0.6347598096745519, -0.38937676869158316, 0.2991345330659588, 0.023723904251224365, 0.4390083242377036, 0.014502238930718711]], "inverted": false, "swapped": false, "error_lsq": 0.05489078357974911, "error_max": 0.4008412144631221, "target": "278.xyz", "model": "26.xyz", "model_rescale": 3.795458400668931, "target_rescale": 3.6630182681324595},
{"mapping": [0, 1, 2, 8, 11, 7, 6, 5, 3, 10, 9, 12], "R": [[-0.7248833599054951, 0.44420682017961205, -0.5265210493779319], [-0.3703250473560153, 0.39320553008524195, 0.8415751721689212], [0.5808644194929534, 0.8050277709596744, -0.12052723406273158]], "T": [-0.030652036537048948, 0.06298409887663568, 0.18031959010798201], "aligned_model": [[-0.13286728747065446, -0.6104857030118187, -0.4321774538427067, -0.3535058186761788, 0.17623983793839, 0.5035497567235351, -0.40321245204863965, 0.17516885575595884, 0.38894645926637444, 0.6371137775495245, -0.11433911588176901, 0.050581128578220454], [-0.6139676245635737, 0.02685643671663278, -0.7024696401363657, 0.7030803798955718, 0.5614252120940436, -0.09713460283799398, 0.3129234769918342, 0.5033812259908549, -0.5423777231350323, 0.2949792341504957, -0.1757374727800053, 0.043075485595572775], [-0.2914447564685948, 0.06700197541146916, 0.34673120805497454, 0.050728323078297805, 0.6497094074921737, -0.41061064610253173, -0.5124401111861137, -0.39461397005830945, 0.12981488123766638, 0.09113717448813403, 0.5272817985571762, 0.03719928093568203]], "inverted": false, "swapped": false, "error_lsq": 0.043506040927131014, "error_max": 0.20121148698812674, "target": "278.xyz", "model": "27.xyz", "model_rescale": 3.6321398670334006, "target_rescale": 3.6630182681324595},
{"mapping": [0, 13, 2, 6, 4, 8, 9, 12, 3, 7, 1, 14], "R": [[-0.07736568284624284, -0.3235504266388245, -0.9430427734411466], [-0.9968691614029326, 0.009618019714663084, 0.0784816458834976], [-0.016322566022195284, 0.9461620448520451, -0.3232815471378596]], "T": [-0.01109386057344864, -0.07300161723956672, -0.09350071581232004], "aligned_model": [[0.055767944481744526, -0.7715910156716662, -0.4945144919234805, -0.295387514569932, 0.11872224459603203, 0.3807140922530292, -0.4339217692582449, 0.2936734322508718, 0.5203273142001301, 0.6712123719056415, -0.10345009128348867, -0.05654053210040078], [-0.676307004928161, 0.14456924638670282, -0.5637320267513605, 0.6267742824679843, 0.36223657318190894, -0.019171032270968627, 0.2273444503215024, 0.6342695270060805, -0.40439087504670224, 0.258544261009314, -0.2039327555339867, -0.07217025786027942], [-0.23828953592811125, 0.10845058599701972, 0.305161825816486, 0.08925115319749856, 0.5994514822477606, -0.4260941793957559, -0.514904276022806, -0.3941569257963104, 0.18816002830115858, 0.06594494809932418, 0.5558024181861739, -0.04828295926241425]], "inverted": true, "swapped": false, "error_lsq": 0.03946730299856869, "error_max": 0.18584298568860502, "target": "278.xyz", "model": "28.xyz", "model_rescale": 4.156811204709835, "target_rescale": 3.6630182681324595},
{"mapping": [9, 8, 4, 10, 0, 5, 7, 6, 1, 11], "R": [[-0.4810617687915635, -0.3371882199927154, 0.8092488362087871], [-0.5891557367371878, 0.8079050750036563, -0.013598075341667903], [-0.649211130894098, -0.48331510847632353, -0.5873086185658489]], "T": [-0.09193271531322028, 0.008140710551633762, 0.030668190525803173], "aligned_model": [[-0.5397193531467747, 0.03428280965211655, 0.07635004949877344, 0.5593537690976433, -0.07444754156909589, -0.5968800530403364, -0.5930639642857469, -0.5237991561261297, 0.4008156196165635, -0.09996680558642536], [-0.185213357115209, -0.617802218478791, 0.1881832889550032, 0.031702274628100026, -0.5186308562686093, -0.29581939725732165, 0.42076680250913523, 0.37428889105154717, 0.44955800209629504, 0.07168690050605434], [-0.5970092917588893, -0.19244009269003895, -0.6492039383709596, -0.17323836926347191, 0.5750623888424198, 0.08418235375151735, -0.2382139156751928, 0.5278892139697259, 0.399913219991862, 0.021845158178126968]], "inverted": false, "swapped": true, "error_lsq": 0.05132731309232859, "error_max": 0.24247666816731508, "target": "278.xyz", "model": "29.xyz", "model_rescale": 4.117894457231895, "target_rescale": 3.6630182681324595},
