[{"mapping": [8, 2, 10, 6, 9, 0, 7, 13, 11, 3, 4, 12, 1, 14], "R": [[-0.30192587860544345, 0.9129311663300093, 0.2745859598953667], [0.12818567664333386, 0.3242889704821437, -0.9372326797157267], [-0.944674121658798, -0.24777681321495804, -0.21493593161967622]], "T": [-0.12474147808382727, 0.07501791445037607, 0.10539406394782366], "aligned_model": [[-0.06192493912346442, 0.32147417357215813, -0.7197630270176132, -0.3941529888495835, -0.41897599995413104, 0.06924620613201499, -0.7158557258352275, -0.04742087519104976, -0.3084261457848907, 0.28733250122401366, 0.5720494778712141, 0.23390790793865787, 0.6179069379455951, -0.0639054017993905], [-0.5499810871302507, -0.3777725501417875, -0.38441159444201617, -0.2794693633521307, 0.005067136293008409, 0.17666703752403498, 0.14361369291733433, 0.45772976736835763, 0.7493573003478508, 0.013911682270299909, 0.5653720841583992, 0.6779234815272427, -0.08675841529807533, 0.12402415976776705], [0.5710883633027879, -0.4265800152683008, 0.22318411285565398, -0.4144482306325019, 0.8195032819432893, -0.5723741687907082, -0.140606677110008, 0.6810297407728153, 0.17752429145068793, 0.5913104491912845, 0.40304639857624414, -0.08917555008704153, 0.012140231803090304, 0.061945859172541196]], "inverted": true, "swapped": true, "error_lsq": 0.05650917786595528, "error_max": 0.47208233871623206, "target": "279.xyz", "model": "0.xyz", "model_rescale": 3.8414455957264533, "target_rescale": 4.231915125127461},
{"mapping": [1, 0, 11, 7, 4, 13, 12, 10, 9, 6, 8, 5, 3, 2, 14], "R": [[-0.052237261746320374, 0.46599594504321407, -0.8832434815431862], [-0.9662153711434616, -0.24711330602309942, -0.07323162262600344], [-0.25238685594014165, 0.8495780088900703, 0.4631609674390043]], "T": [0.1099192674520743, -0.04916675686976279, -0.05335318029984415], "aligned_model": [[-0.5295145627772357, 0.19989659100131602, -0.5281703314930039, 0.6713584679658561, 0.26420213282540717, 0.136076075787612, -0.5061241012471543, -0.3551020751194162, 0.6515313250422017, 0.3608405061829881, -0.00856696728796029, 0.005773970186733965, -0.2620091976094688, 0.6153962665080536, 0.027447761346459668], [-0.6288522497482657, -0.6645137619804516, -0.24291679978998923, -0.3093166932329727, -0.5071290163018781, 0.054557405345807615, 0.28513624265101417, 0.3467908500993701, 0.2462315967460807, 0.5224467199965538, 0.65404946059854, 0.05673575447604493, -0.4864466195268645, -0.08548076306879612, -0.07780215667114744], [0.006538365624627229, -0.425870983975572, -0.5839829822488997, -0.22674013734040444, 0.19621565035858737, -0.8039556850849707, -0.3550510693547575, 0.2554412899334752, -0.3447393017048951, 0.4160333755389309, -0.3935742278075981, 0.5887225162738999, 0.47940607173770333, 0.4830972125582176, -0.03231836092161099]], "inverted": true, "swapped": false, "error_lsq": 0.05140827753736154, "error_max": 0.34468325472646666, "target": "279.xyz", "model": "1.xyz", "model_rescale": 4.316132596720782, "target_rescale": 4.231915125127461},
{"mapping": [3, 13, 4, 5, 1, 8, 0, 10, 12, 9, 7, 14], "R": [[0.11262915000226892, -0.14253812148498243, -0.9833603401059547], [0.8123281040692428, -0.5567212881797217, 0.1737367509388291], [-0.5722217454003612, -0.8183790632775523, 0.05308467650763693]], "T": [0.023037061450348742, 0.13693904732789683, -0.08268561834813393], "aligned_model": [[-0.14207636224597975, 0.410774725479141, 0.1986219758942916, -0.6468627823474355, -0.45642228110000743, -0.4950636939983675, -0.06580693224221401, -0.1109347453302539, 0.3765316471550481, 0.18870793073693892, 0.3062006081230531, 0.03413846450756633], [-0.4632876014271782, -0.3930200377922821, -0.6706429620577732, 0.3110440790051414, -0.2863423614701862, -0.06838946866917453, 0.42762847813839033, 0.5882824530908762, -0.13070157229915783, -0.11481080522063367, 0.7017693289362276, 0.1112468975067306], [0.06603962134387073, 0.14667467119969044, -0.44537418488539243, 0.08595320469647363, -0.5038104403601573, 0.46581475331751976, -0.7268439395382038, 0.5150946908128413, -0.6600866195729062, 0.6318731372925633, 0.04150358461727352, -0.16758001771415185]], "inverted": true, "swapped": true, "error_lsq": 0.05038415422908846, "error_max": 0.2874806932511076, "target": "279.xyz", "model": "2.xyz", "model_rescale": 3.795458400668931, "target_rescale": 4.231915125127461},
{"mapping": [12, 0, 2, 10, 3, 8, 6, 11, 7, 9, 1, 14], "R": [[0.39806197001719634, 0.5305836073648832, 0.7483499873867148], [0.9116437289969658, -0.13788289275095422, -0.38716148990716504], [-0.10223687889668606, 0.8363428384832959, -0.5385891542828988]], "T": [0.11831636391031544, -0.004361955614348308, 0.03198337522532484], "aligned_model": [[0.0723208001274793, -0.3965663204378529, -0.707998364546805, 0.3162775198638175, 0.17909989117554526, 0.09484784364320517, -0.24518879411648195, 0.5936972944346206, 0.3234602241756831, 0.7297580008975417, -0.4444635543351446, 0.07805928486195685], [-0.22936431278187183, -0.45428611300890276, 0.0233336085459835, -0.0188269275140176, 0.5927584066627059, 0.6457878674088482, -0.3735395841363163, -0.3372594540333246, -0.5171359434392121, 0.4079358298300141, 0.37349320940295133, -0.02712754164714832], [-0.6588423531560214, -0.16751002594325226, 0.09165714523261513, 0.7665599595784273, -0.19029191635975562, 0.4657981815365306, 0.47925474942477636, -0.3640831099522043, 0.3630674028147027, 0.2719181603799966, -0.3242451550708188, -0.044511607845896126]], "inverted": false, "swapped": true, "error_lsq": 0.05370415553959257, "error_max": 0.2658972209643227, "target": "279.xyz", "model": "3.xyz", "model_rescale": 3.7530521520055578, "target_rescale": 4.231915125127461},
{"mapping": [5, 1, 0, 12, 6, 4, 10, 3, 9, 11, 14], "R": [[-0.829990728032651, -0.07287641140717699, 0.5529958589720562], [0.516610993908033, -0.47424937274107404, 0.7128819070702049], [0.21030566410152787, 0.8773691133810843, 0.43127133747990454]], "T": [-0.02553642002938067, -0.10206023347250127, 0.0972673734064814], "aligned_model": [[-0.44699479015423743, -0.31616305116752197, 0.4382997418423202, 0.3778040381437196, 0.19033539840198743, -0.14506937624216676, -0.20399891835682207, -0.5355835268795148, -0.45997898955506084, 0.42406276585445146, 0.015486310558050276], [-0.6499875185138358, 0.018843255044926274, -0.30394728153446904, 0.39267202592129735, -0.7481432163628478, 0.6983679879815227, -0.6215180832214713, 0.26828006945070604, 0.1033990702522609, 0.37309864446811, -0.0638615951718529], [-0.07497068270317153, -0.6008107279870368, -0.40416176208879107, -0.2527873450706174, 0.030514540372192756, -0.30221766390970495, 0.6238747147750575, -0.013879728699109889, 0.705925872688323, 0.35370654164616966, 0.027637018222005344]], "inverted": false, "swapped": true, "error_lsq": 0.05087888955833035, "error_max": 0.23435943395229097, "target": "279.xyz", "model": "4.xyz", "model_rescale": 3.7855080009869324, "target_rescale": 4.231915125127461},
{"mapping": [6, 10, 7, 9, 15, 5, 4, 1, 3, 2, 0, 12, 13, 14, 16], "R": [[-0.8368585726372753, 0.14851340083131168, 0.5268885073495349], [0.4172383708429306, 0.7961189246435179, 0.4382998970120645], [-0.35437250358886446, 0.5866331286229644, -0.7282044363378963]], "T": [-0.005676369612700169, -0.1298446070657315, 0.0037893779164085983], "aligned_model": [[-0.6278370323862832, 0.32262204583142784, -0.3654019482589794, 0.7027250358276077, 0.46193762740834504, 0.058344097306525136, -0.5670667977414233, -0.3106381735520789, 0.5058715329559399, 0.47923329222658057, -0.0756165664911214, -0.09206028051124242, -0.25259628345702484, 0.46319533021251424, 0.04032398194160204], [-0.32573203587910493, -0.5309505733143463, -0.35243053025991766, -0.15867909197072064, -0.779960034550655, 0.12630970676524253, 0.1991835526138593, 0.5389603000471463, 0.19459046933099636, 0.4056777420259954, 0.5703664307285722, 0.07499301007881445, -0.5601613488056219, -0.11541056292768564, -0.12326706428952919], [-0.021136371761065476, -0.508361408796767, -0.6146137969940215, -0.06140295675188734, 0.19873856981510069, -0.7613181909525255, -0.34775299678208854, 0.18490324637806083, -0.3360300299759526, 0.15826954187568443, -0.3327916000549341, 0.6469414855476985, 0.5317341636666559, 0.49128131221450994, 0.030760766158265812]], "inverted": true, "swapped": false, "error_lsq": 0.035339663306861085, "error_max": 0.24280095492394735, "target": "279.xyz", "model": "5.xyz", "model_rescale": 4.2253639853439635, "target_rescale": 4.231915125127461},
{"mapping": [11, 0, 1, 4, 12, 5, 3, 13, 6, 7, 2, 8, 9, 14], "R": [[-0.33816281014711613, -0.47694931612840763, -0.8112738524555376], [0.4415857385404024, -0.841682695761115, 0.3107608005750232], [-0.8310523144490558, -0.2531592176890788, 0.4952398016596817]], "T": [0.09052568697704552, 0.06668735072051671, -0.00046432924309421086], "aligned_model": [[0.6160189431653452, -0.3749831727231746, -0.4704949783186968, 0.16095731198567084, 0.11104371882390915, -0.39887385431135425, 0.12439690084931246, 0.6150316602851867, -0.27714381556659473, 0.30725691568303504, -0.7377982444453081, -0.010858653337556007, 0.6518463044813215, 0.057663116186687166], [-0.14551191910275102, 0.0433765944375698, -0.43180690270503064, -0.8330447934734247, -0.47856164123767353, 0.38748184676110364, -0.3725307254541542, -0.3492301237796376, 0.6097344974552593, 0.5821986531424572, 0.07874043587130744, 0.20440127809333009, 0.14574072023031232, 0.0041112263963221235], [-0.41580123083954307, -0.5390659012243685, 0.15169946513781835, 0.0086579107971166, -0.48240248580466843, 0.40585622858073794, 0.46385656401301983, 0.18850500371565937, -0.1964202855547707, -0.3197032223905624, -0.0297597442012464, 0.7625539796735257, 0.5287698056961866, -0.055187878667456475]], "inverted": true, "swapped": true, "error_lsq": 0.047398661276441274, "error_max": 0.32016853961383956, "target": "279.xyz", "model": "6.xyz", "model_rescale": 3.89814844738969, "target_rescale": 4.231915125127461},
{"mapping": [3, 1, 12, 8, 11, 2, 5, 9, 10, 6, 0, 7, 14], "R": [[-0.14584756920470723, 0.31029914296439237, -0.9393843347813725], [0.8650851158086292, 0.500662105333214, 0.031067646993044318], [0.47995440300454467, -0.8081162652483105, -0.3414555210824301]], "T": [0.046151651215172285, 0.05448390774990135, 0.0060997834156381985], "aligned_model": [[0.14363288496144122, -0.08252007781909243, 0.6001077451847052, -0.42857502972684947, 0.7013167292661476, -0.498439485960511, -0.6483157768150888, 0.146090334158892, -0.40630596776375, -0.4502956548643837, -0.020686239187681005, 0.00650711108056598, 0.08611522838982683], [-0.33682859162963796, 0.25519341539862544, 0.4594273024997043, -0.5267153193007843, 0.11318953678942487, 0.5394400576906837, -0.020051970290004065, -0.6996799936198831, -0.290965414766218, 0.4056579790770252, 0.761445483546442, 0.18359849266277395, 0.12007028741233315], [-0.49091692292184413, -0.7216046947857179, -0.23707779082751307, -0.21363388918123025, 0.253058897161581, -0.38806015811890715, -0.13417426872286284, 0.1566591071831945, 0.5110230266511366, 0.3202600091052388, -0.049321962427940944, 0.6356992860516287, -0.03963560833046778]], "inverted": true, "swapped": true, "error_lsq": 0.046038734759223494, "error_max": 0.26783422429095083, "target": "279.xyz", "model": "7.xyz", "model_rescale": 3.7474275329858107, "target_rescale": 4.231915125127461},
{"mapping": [8, 11, 9, 12, 13, 7, 5, 3, 10, 0, 6, 2, 4, 1, 14], "R": [[0.17479476618447054, -0.9571732798565106, 0.23079450176129895], [0.7899857881864639, 0.276245421443596, 0.5473672639050142], [-0.5876812436839615, 0.08664744347169165, 0.8044395417692323]], "T": [0.11476411785725701, -0.07762255735920365, -0.03691924409960311], "aligned_model": [[-0.5292111118933958, 0.26354171938101734, -0.330396806102515, 0.6631941248551595, 0.3712962442145389, -0.010859419498309986, -0.4649645115517458, -0.3145192862288787, 0.5895390793606362, 0.3481420273118009, -0.008826084122764491, -0.16977489633817447, -0.2409699331975553, 0.4600335696637262, 0.11681114545885019], [-0.23643312150326984, -0.41159674190230644, -0.3950810059272292, -0.3588675437160393, -0.9014347682182567, 0.09026516356867931, 0.20233963722607096, 0.45855516122473805, 0.22822523451356508, 0.5203405237454207, 0.6593402112370305, -0.0831928320510088, -0.6273951827401775, 0.12842938394731138, -0.11000414981148222], [0.12209466736842435, -0.5397178369113509, -0.5673834985979272, -0.06463934281478473, 0.2153435912105136, -0.6849239292276761, -0.3508576932714804, 0.16890531725047275, -0.5431891561270498, 0.11203760415334808, -0.3663876615165925, 0.7552903350462161, 0.39136709837161004, 0.598008644075841, 0.013273594577168757]], "inverted": true, "swapped": false, "error_lsq": 0.04542604627289139, "error_max": 0.30741431709079137, "target": "279.xyz", "model": "8.xyz", "model_rescale": 4.019505241142653, "target_rescale": 4.231915125127461},
{"mapping": [6, 7, 0, 2, 5, 1, 12, 10, 8, 9, 11, 3, 14], "R": [[-0.4389868536798084, 0.7566529119770753, 0.4845275153104464], [-0.106363992601474, 0.49171104323194414, -0.8642377861686141], [-0.8921755675729841, -0.43092530763505377, -0.135374059056594]], "T": [-0.029378639154945138, 0.029226595308149306, 0.04564166762469499], "aligned_model": [[-0.2570690324993956, -0.6431510222878694, 0.04578765376690093, 0.4518851634468514, 0.21667941829117343, 0.7122545488911677, 0.12989408539973074, -0.46218046606272595, 0.25364494134141585, -0.2043445500039645, -0.3748778986953765, 0.44071021367306307, 0.010467716480205162], [-0.4607165161523176, -0.08970862402282531, 0.06223456974883537, -0.38226876581155544, -0.6392953074089338, 0.04025453239707949, 0.660909438089266, -0.5355474500150145, -0.47628716069083776, 0.008060181389552279, 0.6408630423252516, 0.15112969691975378, 0.08375059134580437], [-0.37458759813691633, -0.10855195943303408, -0.6618850422529551, -0.48931697904664306, 0.03847833272577364, -0.1447608714857108, -0.27930575113895284, 0.3152960191804822, 0.5708029241681178, 0.8008621343850728, 0.060048352807535094, 0.46254666129379673, -0.01292272902268709]], "inverted": true, "swapped": true, "error_lsq": 0.04804186795315908, "error_max": 0.32713330520612144, "target": "279.xyz", "model": "9.xyz", "model_rescale": 3.877068213659057, "target_rescale": 4.231915125127461},
{"mapping": [9, 4, 7, 3, 13, 1, 8, 11, 5, 12, 0, 10, 14, 6, 15], "R": [[0.7344382990873961, -0.6606251219970347, 0.15548258108230567], [0.5106701054528484, 0.3870365874602523, -0.7677361026836628], [0.4470083089053152, 0.6432551034803576, 0.6216159936939244]], "T": [0.060599517467968295, -0.14024109651860753, -0.015508423742119727], "aligned_model": [[-0.5499948048792199, 0.2968127455328768, -0.26266926496005294, 0.6802000858735797, 0.29088891156341523, 0.09325013520875748, -0.6137005401494168, -0.27800323824611994, 0.548925441213929, 0.42800403001779097, -0.012333222827283566, -0.15951032413136834, -0.2365860342851739, 0.4624333052505939, 0.0553186361300817], [-0.28714198648901457, -0.525153624360624, -0.3663782440338908, -0.22460910265985237, -0.8031782438296303, 0.1739270279880091, 0.08491849276249591, 0.4673609067962373, 0.25943910537971615, 0.4821119449530632, 0.610201025063056, 0.0222320218095427, -0.5643660089646334, -0.11188998801500963, -0.05398335680641937], [0.18756793121564838, -0.5196277910971098, -0.7301033119395963, -0.12385286475973303, 0.308713151181491, -0.8236785400595783, -0.31541762243408056, 0.23111528893433175, -0.47679897280062694, 0.17392713691774786, -0.2710147312627513, 0.6389875066590708, 0.5687178621355501, 0.4514288276822371, -0.0407421367858671]], "inverted": false, "swapped": false, "error_lsq": 0.040799241244937064, "error_max": 0.30834675870749007, "target": "279.xyz", "model": "10.xyz", "model_rescale": 4.260839863003843, "target_rescale": 4.231915125127461},
{"mapping": [4, 3, 9, 13, 7, 11, 12, 1, 5, 6, 0, 14], "R": [[0.10884034834120754, -0.8254195489932088, -0.5539281060867127], [-0.8427009186320729, -0.37218353233381685, 0.3890174546163494], [-0.5272655311222472, 0.4244549285841437, -0.736090397499522]], "T": [-0.07556852819871807, -0.014632100609416365, 0.07393169853092454], "aligned_model": [[0.3825115643640389, 0.22011743828334007, -0.4907910896550324, -0.2316653561307225, -0.5942380942940436, -0.4428771304691049, 0.14394876198976148, 0.6849454154485314, 0.199262634522967, -0.11956047525757404, 0.22913443730525723, -0.021889457013288066], [0.021824924924157156, -0.45074469699418246, -0.624447797872115, -0.2524268877809943, 0.23671299289199657, 0.331367492461004, 0.49194716730957894, -0.051524676628864875, -0.36376809902817137, 0.19913781796796376, 0.5869005163333282, 0.04809975194923307], [-0.7028535191756659, -0.2894266397276397, -0.16509566450692734, -0.5608050106115149, 0.3610646372517319, -0.41499069462971483, -0.40059063417347174, -0.0076281399946974415, 0.6307883246194416, 0.7226588630591629, 0.30338355998704525, 0.0396729952977547]], "inverted": false, "swapped": true, "error_lsq": 0.046995234798455215, "error_max": 0.295616794141241, "target": "279.xyz", "model": "11.xyz", "model_rescale": 3.890672605050136, "target_rescale": 4.231915125127461},
{"mapping": [1, 4, 12, 2, 0, 10, 3, 6, 5, 9, 11, 13, 7, 14], "R": [[-0.7371616704252514, -0.6680869724045911, -0.10125447624238754], [0.017681094375346706, -0.1688673916467377, 0.9854801788671945], [-0.6754850483597274, 0.7246679248743486, 0.1362950773166895]], "T": [0.04308179575723554, -0.0015957423632489446, 0.16572520349348785], "aligned_model": [[0.3988165010199924, 0.17536557470895706, 0.49428965207509495, 0.6005076901543304, 0.7445259876524549, -0.40738176953620636, -0.22845208577883624, 0.31395069974822526, -0.0019106532117666372, -0.7252391046930294, 0.04890925329708811, -0.35073392854937585, 0.02989830328061071, 0.11732971462615435], [-0.2594226099392182, 0.45520236107458173, 0.5107459809151494, -0.5924533978142245, -0.05044879649455767, -0.3619605363031815, -0.01631344883747259, -0.41472945515874227, -0.7124244255696451, 0.096119753543016, 0.6905118636661665, 0.4708444434480739, 0.0851099992468433, 0.03137078805097571], [-0.4614690676340084, -0.601346015418021, -0.08705784300572483, 0.0005355040059528138, 0.27940443606077947, 0.6619312137252531, -0.4136765653819695, 0.6394660352717797, 0.15103922104990042, 0.12630799605498796, 0.2866778250256442, -0.15910200680270248, 0.8036484819660302, 0.12843122043895955]], "inverted": false, "swapped": true, "error_lsq": 0.05205622957625976, "error_max": 0.37223931661873844, "target": "279.xyz", "model": "12.xyz", "model_rescale": 4.124412569039231, "target_rescale": 4.231915125127461},
{"mapping": [13, 7, 0, 9, 12, 4, 10, 3, 6, 8, 1, 2, 14], "R": [[0.40337974093812545, 0.9025551707240747, 0.15059531333985093], [0.8010895921099539, -0.4278685352177419, 0.41854985603119266], [0.4421993328961487, -0.048194194358460285, -0.8956210524637863]], "T": [0.055533791769410534, 0.15928655129472336, 0.07756044001995212], "aligned_model": [[-0.17590464035812556, -0.21331787649209594, 0.6522112920310672, -0.632389074252689, 0.5686965156385329, 0.48366252936704585, -0.5553036307182155, 0.039944310378607774, 0.11433945779170258, -0.32146988350476324, 0.6342431346454294, 0.634178926616543, 0.13840724636671833], [-0.471044790639763, 0.6180551137116693, 0.5173787629264568, -0.1874183379045159, -0.14046487848560674, -0.631857262543651, 0.5767885587676735, -0.3877355951330478, 0.8356189931411439, 0.04954334061652563, -0.08670554615414297, 0.5163353659873009, 0.1389916522184351], [0.25900443120952343, 0.4407242955040682, 0.22947973375441116, -0.011753000516437448, 0.498030342376983, 0.1507657009570027, -0.10011997534174695, -0.25436938519832475, -0.009595312751680449, -0.5986536581288934, -0.35944975707879084, -0.3965808737363757, 0.10421553991809987]], "inverted": true, "swapped": true, "error_lsq": 0.046383583029793604, "error_max": 0.25881410922884024, "target": "279.xyz", "model": "13.xyz", "model_rescale": 3.9028299243045295, "target_rescale": 4.231915125127461},
{"mapping": [9, 10, 7, 5, 13, 3, 6, 1, 0, 8, 2, 12, 14, 12, 15], "R": [[0.7786194902699242, -0.6256580024088606, -0.04799743111415439], [-0.10893348084347892, -0.05944352201452564, -0.992270106594889], [0.6179685963891104, 0.7778293718498056, -0.1144389888307738]], "T": [0.06180470491659744, -0.009126056041229721, -0.10048974388483614], "aligned_model": [[-0.6206076617733094, 0.12768848683807849, -0.3557841575865806, 0.5339494693621304, 0.4152371853399112, -0.027964096778478456, -0.5260522474730572, -0.39214629719594757, 0.5798102570954043, 0.6981889033789224, 0.12374275920446043, 0.2269058683441747, -0.2387790497415629, 0.2269058683441747, -0.0280594260459312], [-0.3725983844795625, -0.7320929040161361, -0.5526135754829288, -0.18115954187803374, -0.5307620105953765, 0.21042999470421941, 0.20645681661932946, 0.34974423514662617, 0.40610914418517857, 0.3680425272554297, 0.724129163146489, 0.025624961836771973, -0.7138109321490338, 0.025624961836771973, -0.0696344865366991], [-0.1556865256022456, -0.2688074971312647, -0.6928315488940563, -0.0025834886573839894, 0.38493044985811287, -0.6770538323099158, -0.32930515156492557, 0.1950425851869015, -0.5969435540722421, 0.12147009770611225, -0.07499012583301659, 0.5746208111742516, 0.3423638262751938, 0.5746208111742516, -0.13562512372303953]], "inverted": false, "swapped": false, "error_lsq": 0.046984350562686114, "error_max": 0.33024491941955864, "target": "279.xyz", "model": "14.xyz", "model_rescale": 3.942246331269136, "target_rescale": 4.231915125127461},
{"mapping": [7, 10, 9, 4, 11, 5, 2, 0, 3, 12, 1, 8, 6, 13, 14], "R": [[-0.4510106264464022, 0.7146553174081997, -0.5346561438276093], [0.5634183180166045, 0.6925670723940416, 0.45045604575683823], [0.6922060486269707, -0.0980746018892346, -0.7150050060723379]], "T": [0.10610451690636391, -0.10749973467690999, -0.06920632376731542], "aligned_model": [[-0.729631830356605, 0.3124369859752428, -0.3867968585734225, 0.6519877459974752, 0.32748550168810525, -0.056719114639735085, -0.5316543324423147, -0.42282267749775837, 0.5654080468257112, 0.49699570611718524, 0.16197954398812225, -0.23803539849640964, -0.19128202146022727, 0.7250394677376757, 0.05864509644934443], [-0.24102716012848804, -0.709705226723759, -0.5600240149918423, -0.2932540849623659, -0.5999774972039088, 0.20097483489403656, 0.216121418774119, 0.3478946788284899, 0.29156247475135877, 0.5446922536824251, 0.6744915484913956, -0.13950409419548737, -0.5333041129455514, -0.012087098552040432, -0.02336395012533604], [0.05201534362289395, -0.3913491082584699, -0.5169030022315951, -0.174898321901962, 0.40256389323458186, -0.5994057797527714, -0.3360038457872193, 0.16224439244698835, -0.45174723780201365, 0.230670228633827, -0.2741674180706445, 0.6231695610569385, 0.13825757088429055, 0.4492006611513496, -0.054425203639460254]], "inverted": true, "swapped": false, "error_lsq": 0.04588689595379348, "error_max": 0.2915440794816696, "target": "279.xyz", "model": "15.xyz", "model_rescale": 4.355366556412066, "target_rescale": 4.231915125127461},
{"mapping": [3, 13, 4, 5, 1, 8, 0, 10, 12, 9, 7, 14], "R": [[0.11262915000226892, -0.14253812148498243, -0.9833603401059547], [0.8123281040692428, -0.5567212881797217, 0.1737367509388291], [-0.5722217454003612, -0.8183790632775523, 0.05308467650763693]], "T": [0.023037061450348742, 0.13693904732789683, -0.08268561834813393], "aligned_model": [[-0.14207636224597975, 0.410774725479141, 0.1986219758942916, -0.6468627823474355, -0.45642228110000743, -0.4950636939983675, -0.06580693224221401, -0.1109347453302539, 0.3765316471550481, 0.18870793073693892, 0.3062006081230531, 0.03413846450756633], [-0.4632876014271782, -0.3930200377922821, -0.6706429620577732, 0.3110440790051414, -0.2863423614701862, -0.06838946866917453, 0.42762847813839033, 0.5882824530908762, -0.13070157229915783, -0.11481080522063367, 0.7017693289362276, 0.1112468975067306], [0.06603962134387073, 0.14667467119969044, -0.44537418488539243, 0.08595320469647363, -0.5038104403601573, 0.46581475331751976, -0.7268439395382038, 0.5150946908128413, -0.6600866195729062, 0.6318731372925633, 0.04150358461727352, -0.16758001771415185]], "inverted": true, "swapped": true, "error_lsq": 0.05038415422908846, "error_max": 0.2874806932511076, "target": "279.xyz", "model": "16.xyz", "model_rescale": 3.795458400668931, "target_rescale": 4.231915125127461},
{"mapping": [3, 1, 12, 8, 11, 2, 5, 9, 10, 6, 0, 7, 14], "R": [[-0.14584756920470723, 0.31029914296439237, -0.9393843347813725], [0.8650851158086292, 0.500662105333214, 0.031067646993044318], [0.47995440300454467, -0.8081162652483105, -0.3414555210824301]], "T": [0.046151651215172285, 0.05448390774990135, 0.0060997834156381985], "aligned_model": [[0.14363288496144122, -0.08252007781909243, 0.6001077451847052, -0.42857502972684947, 0.7013167292661476, -0.498439485960511, -0.6483157768150888, 0.146090334158892, -0.40630596776375, -0.4502956548643837, -0.020686239187681005, 0.00650711108056598, 0.08611522838982683], [-0.33682859162963796, 0.25519341539862544, 0.4594273024997043, -0.5267153193007843, 0.11318953678942487, 0.5394400576906837, -0.020051970290004065, -0.6996799936198831, -0.290965414766218, 0.4056579790770252, 0.761445483546442, 0.18359849266277395, 0.12007028741233315], [-0.49091692292184413, -0.7216046947857179, -0.23707779082751307, -0.21363388918123025, 0.253058897161581, -0.38806015811890715, -0.13417426872286284, 0.1566591071831945, 0.5110230266511366, 0.3202600091052388, -0.049321962427940944, 0.6356992860516287, -0.03963560833046778]], "inverted": true, "swapped": true, "error_lsq": 0.046038734759223494, "error_max": 0.26783422429095083, "target": "279.xyz", "model": "17.xyz", "model_rescale": 3.7474275329858107, "target_rescale": 4.231915125127461},
{"mapping": [9, 11, 13, 7, 8, 5, 3, 12, 10, 1, 6, 0, 2, 14], "R": [[0.8730699426289844, -0.2882203048327263, 0.39329115316766594], [-0.45402333579337995, -0.7746607702545375, 0.44018575804278215], [0.17779675428104394, -0.5628763158197165, -0.8071917784865931]], "T": [0.03780271905298233, -0.008124314547578733, -0.047286403298010156], "aligned_model": [[0.4884437045132583, 0.2574488501055388, 0.6865051155736377, -0.39181875261663646, 0.235456619224362, -0.2502442704122666, 0.5960978355940532, 0.23606660436175453, -0.273531862626172, 0.21399290085805792, -0.6347035056369414, -0.4132662245047591, -0.37963160055744105, 0.04403223400643066], [-0.5666044748826783, 0.3582483287133296, -5.951620036595551e-07, -0.09471097114616814, -0.6761983914384961, -0.43723783255755605, -0.12281846424380044, 0.6906720952709827, -0.6691242044520681, 0.2577950547846272, -0.11153028987180402, 0.5090801116288529, 0.14538586272295745, 0.07745201214505829], [-0.3412960174038013, -0.6051422069106523, -0.29812993293568424, -0.5190553523596277, 0.3077499519233126, 0.44302771635857113, 0.24392740879504404, -0.09583379271514958, -0.2597729599440595, 0.6488733748829937, 0.027026351408086673, 0.14342262338870282, 0.6522185987226747, -0.02222104454875582]], "inverted": false, "swapped": true, "error_lsq": 0.050119143364691414, "error_max": 0.37253995139042784, "target": "279.xyz", "model": "18.xyz", "model_rescale": 3.922800546911778, "target_rescale": 4.231915125127461},
{"mapping": [6, 2, 10, 3, 0, 11, 4, 8, 7, 12, 13, 5, 1, 5, 14], "R": [[-0.033767788423922696, -0.9874286353762378, -0.15441640620082542], [0.24208248872413418, 0.14182252038714183, -0.9598345906270354], [0.969667883926289, -0.06979299929118893, 0.23425014862717475]], "T": [0.008935661645961358, -0.05573608257878347, -0.07203952153899731], "aligned_model": [[-0.6621460134789657, 0.11784476853842674, -0.3678290107839181, 0.6350253860520111, 0.5108273910449969, -0.007633040379417574, -0.550519067744704, -0.342933951434554, 0.6105958082488843, 0.5527898371758477, -0.03783554292733774, 0.24562304305487742, -0.2910666957961169, 0.24562304305487742, 0.08466990668748198], [-0.2127244036270481, -0.7141205116366153, -0.39251489686515206, -0.18295707816974366, -0.5740096664669576, 0.19277795508928952, 0.19169453748408938, 0.2686560619725715, 0.24116081411155016, 0.44106711293734924, 0.5980970996364571, -0.0248975655321637, -0.608635090184784, -0.0248975655321637, -0.03520683362363333], [-0.044257795907199686, -0.33241946085434604, -0.7007119792783034, -0.04080302270979376, 0.34978961434593814, -0.739280005895208, -0.4588930249610096, 0.3092060239635831, -0.5057079660724383, 0.2036836462401724, -0.2772914912670369, 0.6529168837253958, 0.3181966849479726, 0.6529168837253958, -0.1281232564163885]], "inverted": true, "swapped": false, "error_lsq": 0.04565362913425211, "error_max": 0.3342603234063681, "target": "279.xyz", "model": "19.xyz", "model_rescale": 3.9282355846067225, "target_rescale": 4.231915125127461},
{"mapping": [1, 2, 0, 5, 8, 6, 10, 7, 9, 13, 12, 3, 11, 14], "R": [[0.7540372327621976, -0.21137892868598718, -0.6218897009244422], [-0.46377083168129907, -0.8418044820865882, -0.2761916537851344], [-0.46512844171257045, 0.4966730941439204, -0.7327833037559879]], "T": [0.03294009242346629, -0.08783067560314925, 0.07107708088624332], "aligned_model": [[-0.4560242370999884, -0.22762424305207812, 0.3370144282853433, -0.39464494868866284, -0.6311464306275937, 0.24927266301843326, 0.042150453288812666, 0.5538994288383521, -0.21160718197655976, -0.08190856061327428, 0.29158637392665276, -0.5038213720747193, 0.515607896946804, 0.04976854891315414], [-0.6648341313117252, -0.744397328581832, -0.7104821364568652, -0.1490544742105412, 0.24272011024831866, -0.2390318323319003, 0.4482284896945746, 0.14976747175150398, 0.6287533466204148, 0.2359810515801696, -0.5221750953783135, -0.030483897748609358, 0.0428522286578186, -0.16496171510817786], [0.19097463908326417, -0.362686092793548, -0.09377891604888261, -0.49543866868716513, -0.17624076697432128, -0.5604434909046669, -0.4688825041860225, -0.2235180472048245, 0.23877624644344075, 0.6758572249581084, 0.5949366667363167, 0.4149551796092951, 0.5646661845455403, 0.11300550266714741]], "inverted": true, "swapped": true, "error_lsq": 0.041277354886988256, "error_max": 0.24371527895565137, "target": "279.xyz", "model": "20.xyz", "model_rescale": 4.067790424073018, "target_rescale": 4.231915125127461},
{"mapping": [0, 6, 4, 11, 3, 5, 8, 7, 13, 10, 1, 12, 3, 12, 14], "R": [[-0.07046249932609194, 0.2178791083472738, -0.9734288522200877], [-0.2940691504593676, -0.9370230342915954, -0.18844407115926323], [-0.953183282971762, 0.2729771553679329, 0.13009650921683152]], "T": [-0.0008667060093257364, -0.058486216511175984, -0.13961903246104576], "aligned_model": [[-0.5883331623411102, 0.26429932752275004, -0.38201693940511705, 0.5765559903459283, 0.12455657556926025, -0.003497407048400604, -0.45481133596808715, -0.5125424952545686, 0.5744214273980665, 0.569546283905656, -0.04379356841084093, 0.2223346729652539, 0.12455657556926025, 0.2223346729652539, 0.049425243499084955], [-0.22579937410931133, -0.6541593193676528, -0.3750074040248239, -0.23902457314144498, -0.7419314288045611, 0.14718893319748755, 0.17293722190625715, 0.43338026473814983, 0.2364998150709901, 0.48397391507433446, 0.7520391277470503, -0.036405920305349566, -0.7419314288045611, -0.036405920305349566, -0.011863939278169457], [0.22279992330765555, -0.4895010581348074, -0.7697073851335599, 0.08846250010618731, 0.35121358552815063, -0.6929335298874622, -0.39563731658877976, 0.0904227214282218, -0.4082271295267179, 0.08765359706162709, -0.26008086076472003, 0.592984183366592, 0.35121358552815063, 0.592984183366592, -0.10242526607039643]], "inverted": true, "swapped": false, "error_lsq": 0.05488362359603716, "error_max": 0.36026402456597395, "target": "279.xyz", "model": "21.xyz", "model_rescale": 4.186013935880536, "target_rescale": 4.231915125127461},
{"mapping": [11, 12, 13, 10, 6, 9, 7, 0, 3, 1, 2, 8, 14], "R": [[0.7670046920272922, 0.6355993536019515, 0.08784796018633634], [0.6279215835023613, -0.7153749055951697, -0.30651791043361476], [-0.13197835951399783, 0.2902623057606405, -0.947802461736891]], "T": [0.0027419502396191916, -0.07356377927164659, -0.010864727276735452], "aligned_model": [[-0.013567962982703914, -0.44016537591758326, 0.4075273124444319, 0.43272915093579456, -0.2864339775082707, 0.7713374479906426, -0.013756371540977287, -0.7027806764818255, 0.30047244881817686, -0.3222035741858953, -0.5423175701485032, 0.5376995925681776, -0.06996640856823891], [-0.31012349167607933, 0.10887511846233386, 0.14763411897920334, -0.5214394116845145, -0.45710118345100326, -0.08680267535469627, -0.7168573531744714, -0.14482060223538806, 0.48675286301915477, 0.6040749789330144, 0.21527123741072457, 0.2325345670503941, -0.03904150673257905], [-0.6722646996372283, -0.5590717945808226, -0.5314639692887739, 0.42904326092831685, 0.47673771929010134, -0.11335732661211126, 0.012351268780919196, 0.05617131917417798, -0.09486163239853954, 0.13614087616150242, 0.5428576634016361, 0.470347256456663, -0.04975038034049537]], "inverted": false, "swapped": true, "error_lsq": 0.043290689994338785, "error_max": 0.21768196992980646, "target": "279.xyz", "model": "22.xyz", "model_rescale": 4.166573947596378, "target_rescale": 4.231915125127461},
{"mapping": [14, 5, 13, 1, 6, 7, 10, 9, 0, 4, 8, 11, 12, 2, 15], "R": [[0.37552184226517094, 0.04591926231077252, 0.9256753034032001], [0.27615975002986026, 0.9478600917040645, -0.15905042916700235], [-0.8847141563495056, 0.3153611705705016, 0.34326111584504565]], "T": [0.015533503761926588, 0.003644153734152479, 0.06326225361651194], "aligned_model": [[-0.7062698061262986, 0.24891274082007164, -0.34017223429073523, 0.6649387716673435, 0.36768782269803646, 0.03838851648087444, -0.4727617677883484, -0.43020548773978995, 0.5900196463365154, 0.5804446269656285, 0.042302117644233285, -0.20240648037156764, -0.25734839101569146, 0.5510025828660234, 0.06850320316609396], [-0.3116552260252635, -0.4752761569173956, -0.4757989293666117, -0.23694347851132655, -0.6552801166597438, 0.07755986302542528, 0.010892409379741903, 0.35710192491793047, 0.2210109710241878, 0.4730315467299756, 0.77699629623814, 0.0062110839230500835, -0.465207629662133, -0.10985032880105422, -0.02930225970187607], [-0.01133028071485312, -0.5748846330458993, -0.5370883913227511, -0.10552592752881973, 0.2078782053900971, -0.6476552971330813, -0.5045902128532728, 0.25518286670151347, -0.4747647917715283, 0.08337223974058652, -0.17187397331693638, 0.82127867930378, 0.43081474230066774, 0.45467138348776037, 0.03373712434947043]], "inverted": true, "swapped": false, "error_lsq": 0.039220150601848566, "error_max": 0.27972102384042663, "target": "279.xyz", "model": "23.xyz", "model_rescale": 4.274766983524099, "target_rescale": 4.231915125127461},
{"mapping": [5, 7, 9, 3, 13, 4, 1, 12, 0, 11, 14], "R": [[0.9519094785109554, -0.11651577850704355, 0.283359167982789], [0.11950466202584499, -0.7104031034608622, -0.6935748455266122], [0.2821116454084968, 0.6940832111152617, -0.6623152690168312]], "T": [0.07874891909857104, 0.13647156402671917, -0.1055333947703343], "aligned_model": [[0.2637178442725755, 0.48217982803492054, -0.48063146509155286, -0.49289693112435595, -0.551159046062847, -0.5075330895556615, -0.03972477361513073, 0.037295615534489124, 0.630212690255486, -0.05266820470933545, 0.09110223601948744], [-0.2521912878490365, 0.6313778694233481, 0.515057686514391, -0.14759223403053973, 0.35743500410266044, -0.1968151210182032, -0.6035614923071868, 0.04359191759184894, -0.13289097490263208, 0.6058427208914766, 0.09533244282735674], [-0.6731997577911482, -0.18889435633294943, -0.4865651179827486, -0.15225009454790298, 0.08990044059445368, 0.49426253074155146, 0.05165944086617094, 0.615325006383469, 0.25594284909848425, 0.4005265729352183, -0.02714107994302127]], "inverted": true, "swapped": true, "error_lsq": 0.05209671050829219, "error_max": 0.3399956426347515, "target": "279.xyz", "model": "24.xyz", "model_rescale": 3.7841303162186577, "target_rescale": 4.231915125127461},
{"mapping": [10, 13, 14, 3, 11, 12, 9, 8, 5, 4, 2, 0, 7, 6, 15], "R": [[0.4786736082406747, -0.6512378386137139, 0.5888640372204703], [-0.6328193916442026, -0.7208204686898748, -0.2827675184259511], [0.6086141588337513, -0.23729123345679565, -0.7571536674887325]], "T": [-0.033271354426233975, -0.03572131496154353, 0.04697856934074156], "aligned_model": [[-0.6480289831934867, 0.26480561809741604, -0.37590345425896127, 0.7375825734599304, 0.23523397025032067, 0.10920284273738176, -0.40544892416759853, -0.2977756070319584, 0.5233180030239047, 0.5304075084730089, -0.017169331404384272, -0.3593651340840458, -0.1454545917016401, 0.5620959784646209, 0.02953539264788097], [-0.5118278545358474, -0.5369858686225629, -0.3515182143941306, -0.15131920127268722, -0.7512677702056706, 0.036929371463977304, 0.11204199723196219, 0.4651547603443903, 0.389925082014397, 0.43639215846873763, 0.636149094458931, 0.05367041577851887, -0.43084178253612965, -0.18072795100140532, -0.052284267599434685], [0.07248790340192442, -0.47444636577954474, -0.5950296274788488, -0.15654842684408654, 0.1199561698123144, -0.6943681021514959, -0.379390482863027, 0.2161484282946185, -0.4806313029686429, 0.17378294854180393, -0.295255131114064, 0.7004324045084386, 0.5510621908543843, 0.42978043280781236, 0.0712406945651465]], "inverted": false, "swapped": false, "error_lsq": 0.04536215489157395, "error_max": 0.2985102711878864, "target": "279.xyz", "model": "25.xyz", "model_rescale": 4.19342608120988, "target_rescale": 4.231915125127461},
{"mapping": [3, 13, 4, 5, 1, 8, 0, 10, 12, 9, 7, 14], "R": [[0.11262915000226892, -0.14253812148498243, -0.9833603401059547], [0.8123281040692428, -0.5567212881797217, 0.1737367509388291], [-0.5722217454003612, -0.8183790632775523, 0.05308467650763693]], "T": [0.023037061450348742, 0.13693904732789683, -0.08268561834813393], "aligned_model": [[-0.14207636224597975, 0.410774725479141, 0.1986219758942916, -0.6468627823474355, -0.45642228110000743, -0.4950636939983675, -0.06580693224221401, -0.1109347453302539, 0.3765316471550481, 0.18870793073693892, 0.3062006081230531, 0.03413846450756633], [-0.4632876014271782, -0.3930200377922821, -0.6706429620577732, 0.3110440790051414, -0.2863423614701862, -0.06838946866917453, 0.42762847813839033, 0.5882824530908762, -0.13070157229915783, -0.11481080522063367, 0.7017693289362276, 0.1112468975067306], [0.06603962134387073, 0.14667467119969044, -0.44537418488539243, 0.08595320469647363, -0.5038104403601573, 0.46581475331751976, -0.7268439395382038, 0.5150946908128413, -0.6600866195729062, 0.6318731372925633, 0.04150358461727352, -0.16758001771415185]], "inverted": true, "swapped": true, "error_lsq": 0.05038415422908846, "error_max": 0.2874806932511076, "target": "279.xyz", "model": "26.xyz", "model_rescale": 3.795458400668931, "target_rescale": 4.231915125127461},
