[{"mapping": [12, 7, 6, 4, 13, 3, 1, 11, 2, 9, 10, 0, 8, 14], "R": [[0.15679791704197016, -0.9653484512725723, -0.2086067612445625], [0.9616904614699173, 0.10114348725232154, 0.2547968824460323], [-0.22486856056166943, -0.24056675292335378, 0.9442254857071151]], "T": [0.017583897044498822, 0.11268710487107644, 0.10737865933519203], "aligned_model": [[0.29544112163859687, 0.16102614931278408, -0.406089128652105, -0.5850713018176618, -0.571277384554256, 0.10297729089618847, -0.5554178492678097, -0.05759538915936796, -0.47161267620348113, 0.11037415138989183, 0.6241178650785228, 0.28344217473465805, 0.48469553566956636, -0.04351845793722353], [-0.6556949817518201, -0.43562550800517796, -0.44516603851944025, -0.3421820949394475, 0.17239532041626568, 0.23814480245133965, 0.2660091022208055, 0.5812009912792147, 0.739850677392826, -0.021056378527983782, 0.42740173873542087, 0.6555271764318537, -0.07312051203707667, 0.1275890366632549], [0.23345031577651054, -0.42145494665904987, 0.4438433303590172, -0.23374884572292354, 0.669654972142633, -0.562343980543887, -0.20153647463858942, 0.540239664263255, 0.13559620275423417, 0.7555104442115641, 0.4785159356213928, -0.047720428706482104, -0.012253536809827659, 0.11983543513198672]], "inverted": true, "swapped": true, "error_lsq": 0.04401184084869573, "error_max": 0.2287996421795291, "target": "28.xyz", "model": "0.xyz", "model_rescale": 3.8414455957264533, "target_rescale": 4.156811204709835},
{"mapping": [4, 10, 5, 1, 12, 3, 8, 11, 0, 9, 7, 2, 13, 6, 14], "R": [[-0.40416844919029055, -0.8619999454639155, -0.30594764045392264], [0.653067948754149, -0.03775361824952103, -0.7563576658031028], [0.6404296362514499, -0.5055005027982431, 0.5782033575495387]], "T": [-0.010714113866968201, -0.04160893781929338, -0.0654431624235143], "aligned_model": [[-0.5070669148684616, 0.050043384187453285, -0.4286373569863367, -0.34923389244268366, 0.49943698246236656, -0.6546861603255382, 0.7051869172193521, 0.3480881409388522, -0.11821169720997508, 0.3393775855400254, -0.10164410932665051, -0.5033804080666233, 0.6308130588571449, -0.04299450206276589, -0.035776750088382415], [0.1762512571111302, -0.721422687030297, -0.5171229018307839, -0.14022394922759973, -0.44551851876548304, -0.31475248229971076, -0.32668367663985526, -0.03480253412889196, 0.5661574694146649, 0.2843797412374686, 0.546627989494033, -0.0030530207061569697, 0.32651658411543966, -0.46750820883067506, -0.08773423507126259], [-0.02085541465531384, -0.015014071372455667, -0.2486081641928527, 0.724605779229299, 0.3331699999293165, 0.28679182949053705, -0.24014434867164267, 0.7075251531917095, 0.3147957536812245, -0.5519376260370197, -0.30764980024708904, -0.6135290055480878, 0.10121063260143068, -0.719350618623201, 0.007415058021669529]], "inverted": true, "swapped": false, "error_lsq": 0.041577474216043915, "error_max": 0.2438393311540784, "target": "28.xyz", "model": "1.xyz", "model_rescale": 4.316132596720782, "target_rescale": 4.156811204709835},
{"mapping": [9, 8, 12, 1, 6, 11, 4, 5, 7, 0, 3, 14], "R": [[0.08621606757384907, -0.6467646537941424, -0.7578009450341462], [0.43144217398579476, 0.7098481889442683, -0.5567523678970339], [0.8980113808847375, -0.2789462874015106, 0.340241867715308]], "T": [-0.04936855482768586, -0.07744411599005889, 0.04014878724985751], "aligned_model": [[-0.327511588230686, 0.4243632979054717, 0.2336745041687609, -0.3534087310009075, -0.48356525225390157, -0.44224362911108417, -0.25155867079789734, -0.1029010689404491, 0.46745244011272447, 0.15678003798885404, 0.38456365722139824, -0.10783644243050314], [-0.6843781352655389, -0.28083147918448337, -0.5817917520141634, 0.5078853153348281, -0.32434501129428317, -0.22164504531393014, 0.33857960432548057, 0.6757730663072411, 0.08115966562029671, 0.09950658726305646, 0.4544126738468161, -0.05154906188433976], [0.06912654485319716, 0.004916302333343801, -0.5506386700059487, -0.07037824222142469, -0.5551835678115035, 0.5273665049158506, -0.6472453307769129, 0.4893341251602634, -0.515394445677658, 0.6019342449806846, 0.05992934368429203, 0.03549165177523733]], "inverted": true, "swapped": true, "error_lsq": 0.04092937200414388, "error_max": 0.19587190674883567, "target": "28.xyz", "model": "2.xyz", "model_rescale": 3.795458400668931, "target_rescale": 4.156811204709835},
{"mapping": [10, 0, 2, 4, 9, 6, 1, 8, 3, 7, 13, 14], "R": [[-0.5415947807162032, -0.5669782600520125, -0.6206534831364119], [-0.8005697993566071, 0.12264562390330547, 0.5865543856246331], [-0.25644315132030676, 0.8145512283249972, -0.5203299016731106]], "T": [0.0954764795752847, -0.018225682639048436, -0.01675268336582144], "aligned_model": [[0.1010603713050801, -0.09602797071002846, -0.6651233462748862, 0.1855500393577038, 0.03638524370063938, 0.14516639680441884, -0.2552909166507538, 0.547990107686376, 0.27321134506352773, 0.7574980765206796, -0.4813697649985149, 0.044254243939323146], [-0.17033512462532138, -0.5549205302737747, -0.20050882056889224, 0.23882070496077923, 0.4856255712616745, 0.7131488878371955, -0.1191583806488543, -0.16060540298041198, -0.5975120929381311, -0.10985652156383151, 0.5572026936100323, 0.003868061219245062], [-0.7793162353458393, -0.27110751477875966, 0.13057153825287382, 0.7657312850380259, -0.4517403854973935, 0.2411806160106216, 0.5436418387019548, -0.2216649753441579, 0.3063535722141841, 0.37595405013854094, 0.03431517191027365, 0.014852469338775744]], "inverted": true, "swapped": true, "error_lsq": 0.05334036081899887, "error_max": 0.2995033058552073, "target": "28.xyz", "model": "3.xyz", "model_rescale": 3.7530521520055578, "target_rescale": 4.156811204709835},
{"mapping": [3, 4, 1, 13, 5, 9, 0, 8, 10, 11, 14], "R": [[0.3611249217767608, 0.7001232621281366, 0.6159677010191246], [-0.6064773149139757, -0.32542980018906187, 0.7254520739812121], [0.7083601184189178, -0.6355492608570673, 0.3070880649871839]], "T": [-0.18593370298631048, 0.02198725737869814, -0.05154321005524782], "aligned_model": [[-0.3999756064305887, -0.11012789059492523, 0.22813339909151722, 0.4753779849638322, 0.24709103894157372, -0.11705830570177725, -0.12405475354450612, -0.6817732993351824, -0.33527302510575907, 0.2834006763007104, -0.12754061613968987], [-0.6288611063524038, -0.12953238352213337, -0.36086644348155883, 0.46220883414923664, -0.725347037468672, 0.6690524865255374, -0.3336787761906975, 0.026136143120978755, 0.26121889969324597, 0.2042442428023153, 0.022628499038497334], [-0.09783090778100059, -0.8625688135894375, -0.411041019312522, -0.23955689742998165, 0.10954790140679405, 0.10055849965991356, 0.4574600928818144, 0.09390608431996927, 0.6731205886686807, 0.34724679496277605, -0.07801154654168994]], "inverted": true, "swapped": true, "error_lsq": 0.047315643064098876, "error_max": 0.2450928838148183, "target": "28.xyz", "model": "4.xyz", "model_rescale": 3.7855080009869324, "target_rescale": 4.156811204709835},
{"mapping": [13, 1, 12, 6, 0, 11, 3, 7, 8, 9, 15, 14, 10, 2, 16], "R": [[0.07194182560956808, -0.27201487052253803, 0.9596000645803278], [-0.5992361531880871, -0.7808892863158563, -0.1764311628637522], [0.7973333095013062, -0.5623342713473183, -0.21917974547839664]], "T": [0.01908835282739467, -0.0894419105610049, 0.04362730990221446], "aligned_model": [[-0.6482562295472106, -0.1079628316623643, -0.5364055258520208, -0.25670367836541697, 0.4521371639817004, -0.6583981493038555, 0.6025500976311212, 0.36787977137919486, -0.13641379996241687, 0.35686197619440924, -0.11599625994708528, -0.21851142129426548, 0.5108343681764562, 0.20427955946318438, 0.015419236936346788], [0.1847994449881519, -0.8346140215366656, -0.3845300950268228, -0.08262427577628888, -0.7349580517575101, -0.40320758005275126, -0.20784306848427592, 0.08908127532932494, 0.555862562558098, 0.15280624729389672, 0.6414771879080825, -0.02314041687835075, 0.4473205299734735, -0.47392901014743494, -0.08538990154890677], [0.10928190728292278, 0.08462073051084895, -0.21601624797765884, 0.6352093781340429, 0.1088310056036804, 0.3174874427779207, -0.31410186636421716, 0.6822535623535978, 0.2775313317013942, -0.5344201177561632, -0.312501214047442, -0.5863313060446224, 0.07581757075973736, -0.559414624638897, -0.009822395497619991]], "inverted": true, "swapped": false, "error_lsq": 0.040137703238516884, "error_max": 0.24455360784367514, "target": "28.xyz", "model": "5.xyz", "model_rescale": 4.2253639853439635, "target_rescale": 4.156811204709835},
{"mapping": [2, 3, 8, 10, 0, 12, 9, 11, 4, 1, 7, 6, 13, 14], "R": [[0.4373281669281542, 0.48352751136297345, 0.7582514227921967], [-0.4879431410056184, 0.8358354056767219, -0.251576361693227], [-0.7554174776617443, -0.25996215180745025, 0.6014682984753299]], "T": [-0.005955729490398978, -0.09326031865193837, -0.003077867019648406], "aligned_model": [[0.6959760919748216, -0.30605914561804504, -0.4489482165687449, 0.0511884780634843, 0.1281052948493756, -0.6065410286629164, 0.17869616082453904, 0.563339594169016, -0.14309178573242276, 0.25959392344893856, -0.7142229115456828, 0.028757102894084827, 0.6431086195474908, 0.04415997511384441], [0.022454220439224445, -0.00025155453597805466, -0.35864434257658173, -0.8605428041623586, -0.5067836389756529, -0.02073747176233759, -0.3235020354067115, -0.38343462917106597, 0.7238322311078802, 0.41563524471498103, 0.20757388152001968, 0.3984789699284377, 0.18429657225316884, -0.05327549673803509], [-0.35993291769128044, -0.6136901739611247, 0.015858659384870993, 0.10954433313909936, -0.45078066969265757, 0.5604356341112783, 0.5964757940392797, 0.06194167152826835, -0.007629741843746374, -0.34626277862790633, -0.09658597808078945, 0.5976674438027324, 0.4069891702232407, -0.002472237399816314]], "inverted": true, "swapped": true, "error_lsq": 0.049131270924302695, "error_max": 0.32381318842917134, "target": "28.xyz", "model": "6.xyz", "model_rescale": 3.89814844738969, "target_rescale": 4.156811204709835},
{"mapping": [8, 10, 0, 12, 3, 11, 9, 7, 6, 13, 2, 4, 14], "R": [[-0.5503711049812559, -0.05194937360007823, 0.8333024117235418], [-0.7272825418937771, -0.4603591592488504, -0.509047688092401], [0.41006310619005715, -0.8862114347480806, 0.21558650668237722]], "T": [0.0016004962398006167, 0.08623172007233851, -0.04705306207698434], "aligned_model": [[0.1502447072553167, -0.11222336836821563, 0.37550787056653756, -0.3040162997306439, 0.6781663079316943, -0.2627889992666099, -0.6202899186399371, 0.3432020302640849, -0.5776979881159391, -0.621837879895425, 0.07491515997729518, 0.04337695000462209, -0.017926771078557665], [-0.30508844934121193, 0.17362385263305835, 0.4135189964830156, -0.6819151861272238, 0.02060611636728235, 0.618651180793984, 0.06235785498254745, -0.5656728609308109, -0.14787883894511172, 0.5116260752068645, 0.8548180441826395, -0.11939224581115235, 0.1285267259766045], [-0.3500432258385957, -0.8113032671857511, -0.4245289001694547, -0.0546973656260374, 0.050476741318126836, -0.2902680881947204, -0.29047555829828914, 0.19629071372839904, 0.4150215523744548, 0.26414071307863096, 0.14619208328012193, 0.7544709643403227, -0.0030013319709119787]], "inverted": false, "swapped": true, "error_lsq": 0.03868489334867671, "error_max": 0.21037981518728818, "target": "28.xyz", "model": "7.xyz", "model_rescale": 3.7474275329858107, "target_rescale": 4.156811204709835},
{"mapping": [5, 0, 6, 8, 1, 3, 12, 2, 4, 11, 9, 7, 13, 10, 14], "R": [[0.5244806176254341, 0.8353986538086267, -0.1644055076631493], [0.5929528866528179, -0.2198173055720308, 0.7746529715822067], [0.6110048739129124, -0.5037751893312999, -0.6106419594728806]], "T": [0.05412829564847681, -0.09441550549204261, -0.03398506794620719], "aligned_model": [[-0.6492561938617948, -0.04890678666452307, -0.5684330584771555, -0.27951461272641004, 0.43099268819876696, -0.4879474453570815, 0.6091162617822353, 0.13659563500403032, 0.25162920011985945, 0.16541617483232096, -0.29694765586836075, -0.3712985162537086, 0.795642028779207, 0.05212002140600248, 0.0921065369143885], [0.038701757864678527, -0.7448506798520328, -0.5622252994171851, 0.3143918371752171, -0.5982714221151837, -0.38141862156532214, -0.12369663828816452, -0.15207856988225085, 0.4286691131768071, 0.23857426367453324, 0.5246235219492024, -0.0064787883465562135, 0.39984787618501105, -0.4533539300491005, -0.0813235936676327], [-0.05746949118118701, -0.010939604292723323, -0.27997176566524906, 0.39818304995353454, 0.37699457262179914, 0.3373875742369708, -0.30189100574573685, 0.801756282469454, 0.5133737908389373, -0.5470277339760605, -0.30578793559028355, -0.5585389673849916, 0.08422204607092826, -0.7021336546388129, 0.01026799908094557]], "inverted": false, "swapped": false, "error_lsq": 0.05467394240077048, "error_max": 0.46160801434410403, "target": "28.xyz", "model": "8.xyz", "model_rescale": 4.019505241142653, "target_rescale": 4.156811204709835},
{"mapping": [0, 3, 1, 2, 11, 13, 4, 10, 9, 12, 7, 6, 14], "R": [[-0.278584584405895, 0.5662793215265403, 0.7757050723972587], [-0.6770135250287712, 0.4570867186573765, -0.5768226924759029], [-0.681207249124312, -0.685856735505655, 0.25604144606296436]], "T": [-0.07924384646566873, -0.10532125487243399, 0.03531894830605922], "aligned_model": [[-0.38845003271746814, -0.5863543380257289, 0.14622006717344654, 0.29915296645992295, 0.2564106396042509, 0.7333558595586215, 0.15520078135817977, -0.2950132225533407, 0.2797271358919351, -0.19519163400514405, -0.5284384308216827, 0.46835267181013596, -0.02527169199195215], [-0.5490621588615237, 0.10033763825326045, 0.17931221696063987, -0.3820875411245642, -0.6429087457890215, -0.18119575892253648, 0.6654085199984394, -0.7874127740987049, -0.37000156128561584, 0.2903626205809568, 0.5113210323147066, 0.32599230010049657, -0.0966875600124747], [-0.27596426474984825, -0.37953457884573116, -0.5263010357624291, -0.6078450576009679, -0.0689000135476232, 0.015266284681536929, -0.15827491257558413, 0.3400587861004326, 0.5329697600631287, 0.7519081696391992, 0.17266485848068572, 0.37885076285835884, 0.0018047353027206697]], "inverted": true, "swapped": true, "error_lsq": 0.054299117441479465, "error_max": 0.3169347213120029, "target": "28.xyz", "model": "9.xyz", "model_rescale": 3.877068213659057, "target_rescale": 4.156811204709835},
{"mapping": [6, 9, 14, 11, 8, 10, 7, 0, 5, 4, 3, 13, 1, 2, 15], "R": [[0.6163839386772451, 0.3824903050339429, 0.6883109810948594], [-0.6726242434803784, 0.7102509005843417, 0.2076542446028512], [-0.40944775884497797, -0.5909693941095201, 0.6950594996132717]], "T": [-0.080697339860017, -0.04019548922997986, -0.025737354784860646], "aligned_model": [[-0.6455385089062178, -0.09567345766583654, -0.5719721856419878, -0.17100780925053166, 0.4258573162096771, -0.6238521940646751, 0.6821743811910754, 0.233536473224983, 0.233567355791846, 0.3001410862660449, -0.17360725981664576, -0.5027421063343381, 0.6972012538444836, 0.09268666045063638, -0.049456727470736705], [0.2071355921979278, -0.7000433316621416, -0.5802325154684664, -0.2872217731244828, -0.5310171414390967, -0.3947718820644109, -0.18883459937599864, 0.13591737849551358, 0.6371330843129084, 0.23575118021205863, 0.5482770237964996, -0.06947186128476593, 0.2923951502048631, -0.4456611530492876, -0.018244324909099576], [-0.01644407575800936, -0.021063530575448068, -0.3023789692104177, 0.6638112732664476, 0.2870236113616917, 0.261437096478336, -0.2751761680685041, 0.6841974338889685, 0.2054749865201143, -0.5124674735926467, -0.2444362137534847, -0.6727764610949946, 0.16704193527586494, -0.5216112720756862, 0.05579298413529279]], "inverted": true, "swapped": false, "error_lsq": 0.03937078885277409, "error_max": 0.2554524504527474, "target": "28.xyz", "model": "10.xyz", "model_rescale": 4.260839863003843, "target_rescale": 4.156811204709835},
{"mapping": [7, 3, 1, 4, 13, 6, 12, 8, 0, 11, 9, 14], "R": [[-0.17194837787306544, 0.8656110353218094, 0.47026725473492903], [0.6787645918910092, 0.45007800122761293, -0.5802658197808902], [-0.7139414430762884, 0.21942499479335076, -0.6649363033540014]], "T": [0.07138052199250947, -0.027029105865506116, 0.06443384980683478], "aligned_model": [[0.3773656429805572, 0.3319620035220846, -0.40074430831799646, -0.39483891661890436, -0.6511604717117302, -0.4045446190943949, 0.335991050029412, 0.5607658650178705, 0.346548342420839, -0.13933200680658267, -0.01174970607198167, 0.008635773744957415], [-0.12325089185640481, -0.620085645878916, -0.47989061128759836, -0.17731359036613017, 0.2729815339747074, 0.4644648689668017, 0.5554003830180047, 0.07518103743984661, -0.39623794645464244, 0.049623998056213196, 0.5900104055928101, -0.03780503567175831], [-0.641258616950823, -0.16347251647859212, -0.07442506296946824, -0.6037886140016417, 0.29768363075765425, -0.3041260095453676, -0.4592711146444042, -0.06627456014452185, 0.4855979471031199, 0.6663062351884627, 0.30717603341210986, 0.07203072566897678]], "inverted": false, "swapped": true, "error_lsq": 0.040595384756273105, "error_max": 0.21860051413998915, "target": "28.xyz", "model": "11.xyz", "model_rescale": 3.890672605050136, "target_rescale": 4.156811204709835},
{"mapping": [8, 10, 0, 7, 3, 6, 9, 4, 12, 13, 5, 11, 1, 14], "R": [[-0.2997509365957768, 0.24483513920864985, 0.9220656867157762], [-0.9484613866652207, -0.18063725219152507, -0.2603673964339285], [0.10281232423713477, -0.9525890707589378, 0.2863628611667055]], "T": [0.10187093666805193, 0.011704121930155832, 0.05036404426517063], "aligned_model": [[0.42394256970704003, 0.07310643424556708, 0.38020027267036494, 0.6193646578134991, 0.7348584543307045, -0.41140616098974914, -0.4276097236287433, 0.1020942137384095, 0.10126417308986448, -0.6708666770217535, 0.418450664651829, -0.30105580156817724, 0.10525387499681493, 0.06227888275802296], [-0.2095520997685302, 0.27284279348512097, 0.5331998061689526, -0.5405329747987534, 0.13721567862572087, -0.5141092126571777, -0.1360814157297036, -0.38976882139966523, -0.7777655658655547, 0.11218942951411207, 0.7195021435074291, 0.4799885203167509, 0.21371575278816277, 0.031308485640900434], [-0.28778557254044457, -0.6815176610776404, -0.14960276863303804, 0.2180596660783838, 0.28516977584211056, 0.3032956463454558, -0.3296120424172484, 0.7751306813839546, -0.19508854738880496, 0.29379086132276755, 0.4636055693444129, -0.12537895633721802, 0.6878960457150247, 0.09682773771914563]], "inverted": false, "swapped": true, "error_lsq": 0.04515169031821937, "error_max": 0.2897393585250847, "target": "28.xyz", "model": "12.xyz", "model_rescale": 4.124412569039231, "target_rescale": 4.156811204709835},
{"mapping": [1, 7, 12, 5, 6, 13, 3, 11, 8, 0, 9, 10, 14], "R": [[0.6497364915522584, 0.41837383086652036, -0.6346698584236017], [0.17569781617893654, 0.7296559677653908, 0.660857356843596], [0.7395760737985748, -0.5408932485716784, 0.4005767401063893]], "T": [0.0978024490462688, 0.11922889104188052, 0.009861808745617887], "aligned_model": [[-0.3382262242240967, -0.04813084540287964, 0.6399655699182942, -0.7015934685698497, 0.5925698449503709, 0.44344949569156744, -0.5177282543229749, 0.21445245509574107, 0.169730544196189, -0.2627028569748474, 0.7294752656318073, 0.355590905898742, 0.09044587562169401], [-0.2842906847541512, 0.6777991927015835, 0.6099575032727402, -0.1825663192282604, -0.13416817515142782, -0.6150028739260057, 0.411104056910164, -0.31167060995962365, 0.6250962137891168, 0.17605869147960188, -0.015246696913085875, 0.33218645980953476, 0.058228618478290486], [0.3169744007730048, 0.5271529025012163, 0.39554861220696225, -0.19472347793328232, 0.5529111508275913, 0.09879530283853895, 0.0964119140105988, -0.45192194209889375, -0.06730176231748562, -0.4963179936296613, -0.1618295720843118, -0.6921822200836263, 0.028180765957187708]], "inverted": false, "swapped": true, "error_lsq": 0.05126043702903472, "error_max": 0.44397944042413245, "target": "28.xyz", "model": "13.xyz", "model_rescale": 3.9028299243045295, "target_rescale": 4.156811204709835},
{"mapping": [9, 13, 11, 10, 5, 14, 8, 4, 3, 2, 6, 1, 0, 12, 15], "R": [[-0.4951243404410385, 0.7207531177743312, 0.48514619520450564], [0.8657658330219788, 0.36250212056097014, 0.34502425271357307], [0.07281078130734689, 0.5908529053896422, -0.8034870467643102]], "T": [0.018250945776207082, -0.02514501166714233, -0.014170116871821722], "aligned_model": [[-0.7284003654128459, -0.019877996892458595, -0.559331970441115, -0.23160300300681047, 0.3237702620355292, -0.6597770180547768, 0.698563354341004, 0.320471191374569, 0.15914331694592038, 0.411277305721913, -0.34020157391349204, -0.262102405414968, 0.7577500597121832, 0.04210315090683939, -0.08047003007371423], [0.1451632452723348, -0.7938171542100968, -0.2919201337500366, -0.25393263627859053, -0.383466797271626, -0.5628871499093783, -0.2990089901339874, 0.10851867750101679, 0.5624028299546572, 0.2643396223516089, 0.504755065422644, 0.10505452819600938, 0.3279883444192846, -0.6052333228082165, 0.013154698086396688], [0.10563127536369256, 0.18667975941548853, -0.3897838778943341, 0.6495932665346139, 0.18674100529119708, 0.17065987475516237, -0.2564111282813274, 0.5775732525300942, 0.13953843458154352, -0.5654220525696863, -0.2015893306082514, -0.5857021230080549, 0.11094703843380439, -0.3977961229621139, 0.027765885215696104]], "inverted": true, "swapped": false, "error_lsq": 0.04825728006288841, "error_max": 0.33957577926425236, "target": "28.xyz", "model": "14.xyz", "model_rescale": 3.942246331269136, "target_rescale": 4.156811204709835},
{"mapping": [2, 3, 1, 9, 4, 5, 13, 10, 6, 8, 7, 0, 11, 12, 14], "R": [[-0.1778198955254935, 0.09605107614827375, -0.9793642200560839], [0.3154580075991166, -0.9371390675506353, -0.14918650579701254], [-0.9321299964044172, -0.3354766144473932, 0.1363418899752269]], "T": [0.04010542412869662, -0.09908776054594456, 0.040070837922088806], "aligned_model": [[-0.6939010300612887, -0.05769854247898802, -0.4099951813290722, -0.3306596935854026, 0.4353880231694371, -0.5168760278263036, 0.7053347418163803, 0.2819054379924796, 0.1600921956057924, 0.21697077713991686, -0.3896732590789225, -0.4004083420342355, 0.6906613617452169, 0.16354116861682713, -0.02336735186405975], [0.08239827887395393, -0.8098008392512943, -0.6465598178363499, 0.3188566178716067, -0.44284563931225174, -0.36703617626068585, -0.38753313385239385, -0.06020069802342713, 0.4344666707402549, 0.4588201443257951, 0.6353207950532767, 0.13948724445025557, 0.20070643047841727, -0.6114889406011894, -0.10348010981394767], [-0.06454876512920557, 0.08330548113344252, -0.35277165880322725, 0.6197414600584696, 0.30321749779884044, 0.18413633303863075, -0.3276234209563963, 0.710161179373901, 0.15717008157372128, -0.46618832779605784, -0.04307881662938666, -0.4982107535152093, 0.0718739779634254, -0.5846570274908462, -0.034102083822577275]], "inverted": true, "swapped": false, "error_lsq": 0.05342211055710478, "error_max": 0.4128004371657622, "target": "28.xyz", "model": "15.xyz", "model_rescale": 4.355366556412066, "target_rescale": 4.156811204709835},
{"mapping": [9, 8, 12, 1, 6, 11, 4, 5, 7, 0, 3, 14], "R": [[0.08621606757384907, -0.6467646537941424, -0.7578009450341462], [0.43144217398579476, 0.7098481889442683, -0.5567523678970339], [0.8980113808847375, -0.2789462874015106, 0.340241867715308]], "T": [-0.04936855482768586, -0.07744411599005889, 0.04014878724985751], "aligned_model": [[-0.327511588230686, 0.4243632979054717, 0.2336745041687609, -0.3534087310009075, -0.48356525225390157, -0.44224362911108417, -0.25155867079789734, -0.1029010689404491, 0.46745244011272447, 0.15678003798885404, 0.38456365722139824, -0.10783644243050314], [-0.6843781352655389, -0.28083147918448337, -0.5817917520141634, 0.5078853153348281, -0.32434501129428317, -0.22164504531393014, 0.33857960432548057, 0.6757730663072411, 0.08115966562029671, 0.09950658726305646, 0.4544126738468161, -0.05154906188433976], [0.06912654485319716, 0.004916302333343801, -0.5506386700059487, -0.07037824222142469, -0.5551835678115035, 0.5273665049158506, -0.6472453307769129, 0.4893341251602634, -0.515394445677658, 0.6019342449806846, 0.05992934368429203, 0.03549165177523733]], "inverted": true, "swapped": true, "error_lsq": 0.04092937200414388, "error_max": 0.19587190674883567, "target": "28.xyz", "model": "16.xyz", "model_rescale": 3.795458400668931, "target_rescale": 4.156811204709835},
{"mapping": [8, 10, 0, 12, 3, 11, 9, 7, 6, 13, 2, 4, 14], "R": [[-0.5503711049812559, -0.05194937360007823, 0.8333024117235418], [-0.7272825418937771, -0.4603591592488504, -0.509047688092401], [0.41006310619005715, -0.8862114347480806, 0.21558650668237722]], "T": [0.0016004962398006167, 0.08623172007233851, -0.04705306207698434], "aligned_model": [[0.1502447072553167, -0.11222336836821563, 0.37550787056653756, -0.3040162997306439, 0.6781663079316943, -0.2627889992666099, -0.6202899186399371, 0.3432020302640849, -0.5776979881159391, -0.621837879895425, 0.07491515997729518, 0.04337695000462209, -0.017926771078557665], [-0.30508844934121193, 0.17362385263305835, 0.4135189964830156, -0.6819151861272238, 0.02060611636728235, 0.618651180793984, 0.06235785498254745, -0.5656728609308109, -0.14787883894511172, 0.5116260752068645, 0.8548180441826395, -0.11939224581115235, 0.1285267259766045], [-0.3500432258385957, -0.8113032671857511, -0.4245289001694547, -0.0546973656260374, 0.050476741318126836, -0.2902680881947204, -0.29047555829828914, 0.19629071372839904, 0.4150215523744548, 0.26414071307863096, 0.14619208328012193, 0.7544709643403227, -0.0030013319709119787]], "inverted": false, "swapped": true, "error_lsq": 0.03868489334867671, "error_max": 0.21037981518728818, "target": "28.xyz", "model": "17.xyz", "model_rescale": 3.7474275329858107, "target_rescale": 4.156811204709835},
{"mapping": [12, 9, 6, 10, 7, 3, 4, 13, 8, 1, 0, 11, 2, 14], "R": [[-0.910712333816132, 0.4122506752265961, -0.02554262731963894], [0.177437961243194, 0.4463265839111335, 0.8771022462655518], [0.3729863468614276, 0.794255601975481, -0.4796240442112273]], "T": [-0.026672142944546205, -0.09073256427824761, 0.013446281336729222], "aligned_model": [[0.48075699645977554, 0.08889611244817076, 0.6965495910412396, -0.585744577966853, 0.3143553857637894, -0.23244046283703762, 0.6505880668037538, 0.28425679252562386, -0.1303335315117107, 0.12606898649424964, -0.6379927541013573, -0.34499009180106927, -0.2896551861902817, -0.005467679245417186], [-0.5052400275546114, 0.23746246462451126, 0.14159961587482878, -0.055211560724501924, -0.7757346608252379, -0.5416857897899655, -0.16965776621507583, 0.6634327833642312, -0.5275417089327401, 0.10205673699312706, -0.11368496692202455, 0.4538652029915443, 0.4906461304060691, -0.03989821177892103], [-0.4907451131074173, -0.5570834396850858, -0.15050346308721949, -0.5258568835912821, 0.1373806849265704, 0.48869428700477185, 0.484144351387957, -0.0187275809855935, -0.24244764876146804, 0.6353543363089741, 0.13662092080276322, -0.10743709940374495, 0.48913777386606516, 0.04626359298636451]], "inverted": true, "swapped": true, "error_lsq": 0.045552811576939356, "error_max": 0.23366925544011655, "target": "28.xyz", "model": "18.xyz", "model_rescale": 3.922800546911778, "target_rescale": 4.156811204709835},
{"mapping": [9, 1, 0, 10, 6, 2, 8, 4, 11, 12, 7, 3, 13, 5, 14], "R": [[0.5365385541422321, 0.6328186868331078, -0.5582713404015868], [-0.5086254564033947, -0.2853826082439142, -0.8123157711200364], [-0.6733695308056357, 0.7197897446523684, 0.16874892140655756]], "T": [0.06036783486650851, -0.12497223403209937, -0.031517925513461054], "aligned_model": [[-0.6498902504408595, -0.055546606826875816, -0.4649523287265783, -0.20138456373476957, 0.32500087794630406, -0.587583150815005, 0.6330053568706816, 0.42519833903476467, 0.026927603234809916, 0.22810324504550003, -0.20007646497201279, -0.3735497046311981, 0.5094903274784929, 0.20222817695206935, 0.014343421412453934], [0.19643164793569548, -0.851875097246117, -0.5111789745568436, -0.07519254723282046, -0.5249359082043163, -0.31159289426342507, -0.32743532797918673, 0.04673337247804718, 0.4638594237868595, 0.22895529417037178, 0.6010565625034943, 0.04163687617822412, 0.39419321255623796, -0.48657756177178024, -0.042967251512420396], [0.20295207859479844, 0.04696196741472841, -0.5543235442405972, 0.7298021857879213, 0.4642301796428767, 0.2102696095601349, -0.10558288351596028, 0.5695503127203387, 0.36773467927127895, -0.71358403779224, -0.23951305127691647, -0.4709564501062484, -0.007643828275749137, -0.6885194098948595, -0.05295265109198234]], "inverted": true, "swapped": false, "error_lsq": 0.04430719721676546, "error_max": 0.27206531032599607, "target": "28.xyz", "model": "19.xyz", "model_rescale": 3.9282355846067225, "target_rescale": 4.156811204709835},
{"mapping": [10, 9, 6, 11, 0, 13, 2, 4, 5, 3, 12, 8, 7, 14], "R": [[-0.7313642325862557, 0.6413183387965182, -0.2319852314626774], [0.6574519235798579, 0.572588644887413, -0.4897950713585644], [-0.1812824521972892, -0.5107377331559426, -0.8404068303244966]], "T": [-0.04864233973431465, -0.11545585489532245, 0.07129261677832063], "aligned_model": [[-0.7614071057426562, -0.15431297798288554, 0.5606108973484464, -0.41435635440927526, -0.5771407927141008, 0.1958585161363217, -0.15675426407597118, 0.7529664146585278, -0.24079072795211778, -0.05480525526426195, 0.27060393981384534, -0.21418599715245887, 0.3459978614291588, -0.019761335007895467], [-0.42591839414585214, -0.7081585696609596, -0.535331581374632, -0.14825077351665053, 0.21509728192285182, -0.29769512468532, 0.3880106741968163, 0.09196899337537917, 0.7252589764214075, 0.4267972517161411, -0.7407451961533227, -0.29333016223394437, -0.07970445016505429, -0.09511683827202391], [0.08713663949333941, -0.21872353680939347, -0.16624117988736586, -0.4556832737533586, 0.1002011476556362, -0.6859956453378863, -0.5355656283098336, 0.10071352022575983, -0.09677549702731869, 0.4925807210545281, 0.5078756942833288, 0.52734704781917, 0.737527059515502, 0.017786088321575293]], "inverted": true, "swapped": true, "error_lsq": 0.05008999443789451, "error_max": 0.29619543981407664, "target": "28.xyz", "model": "20.xyz", "model_rescale": 4.067790424073018, "target_rescale": 4.156811204709835},
{"mapping": [8, 9, 1, 0, 12, 7, 11, 3, 2, 6, 4, 5, 3, 13, 14], "R": [[0.23873359357936075, -0.8032495709087359, 0.5457072458119064], [-0.7266160027292394, -0.5205693202178122, -0.44837123840155835], [0.6442324548441088, -0.28947834061099753, -0.7079313769304457]], "T": [-0.037311300515425014, -0.08737921746638129, -0.0828270324032042], "aligned_model": [[-0.595889704924527, -0.15573844599080183, -0.5834222813353444, -0.22888619534390564, 0.3866090449013289, -0.6059142085020197, 0.570553008549907, 0.6339860746152784, 0.04774890440981057, 0.3681842346769729, -0.36624178700177296, -0.36638039564697555, 0.6339860746152784, 0.10671296452940442, -0.013993009724856474], [0.026617639595721568, -0.8240926034999956, -0.6490629775142319, 0.085602721167569, -0.5488235026354218, -0.3956943284151562, -0.2738298286086667, 0.16126949556849307, 0.5691522133319155, 0.45375676023804273, 0.6141380038988965, 0.024275152643634168, 0.16126949556849307, -0.4023188113671596, -0.1611486031301129], [-0.07006852807088514, 0.13460869953230653, -0.326915646650639, 0.5788634829427963, 0.35805229272359373, 0.28905531807691587, -0.2001701419083765, 0.3768235613085283, 0.25695697759572184, -0.3833301559614789, -0.2881336760464946, -0.5600198164250543, 0.3768235613085283, -0.6912623768311125, -0.09285839479682581]], "inverted": false, "swapped": false, "error_lsq": 0.05018077047077208, "error_max": 0.3947640587478187, "target": "28.xyz", "model": "21.xyz", "model_rescale": 4.186013935880536, "target_rescale": 4.156811204709835},
{"mapping": [12, 4, 6, 10, 0, 9, 8, 3, 13, 1, 5, 11, 14], "R": [[0.25241424511901633, 0.37154362204232144, -0.8934441145257322], [-0.001277873291954501, -0.9232138211004906, -0.3842845398515029], [-0.9676184247423397, 0.09814060040933208, -0.23255753406511898]], "T": [-0.017663786006165694, -0.10487258149016349, -0.000522077226628238], "aligned_model": [[0.1844671728942116, -0.41131486871680467, 0.2885125911196338, 0.413587238433674, -0.16448604966497943, 0.6431867057677515, -0.06429087392716099, -0.6758002330215241, 0.4575567960668535, -0.40753474243965454, -0.5671859936718952, 0.3761049733222763, -0.014228680739156625], [-0.5049440002129968, 0.34492872470388714, 0.24645797638029987, -0.5812080700828681, -0.2803495229393313, -0.129694980842283, -0.6111017706208075, -0.2577278649671614, 0.557499494244243, 0.4377437926739273, 0.21912213504542272, 0.11914279136094633, -0.04091204519718515], [-0.6952131353489153, -0.5742684169847994, -0.6223985137775846, 0.43742619508797337, 0.5800489865834737, -0.09660869040871899, -0.09319105012857427, 0.12216353474731005, -0.04417941997128426, 0.028379548418941476, 0.6036485017558395, 0.45476806468513203, 0.002303956676552441]], "inverted": false, "swapped": true, "error_lsq": 0.0447135903480189, "error_max": 0.2672719829045243, "target": "28.xyz", "model": "22.xyz", "model_rescale": 4.166573947596378, "target_rescale": 4.156811204709835},
{"mapping": [2, 0, 4, 6, 7, 1, 10, 13, 12, 9, 11, 3, 14, 8, 15], "R": [[-0.18987906278054067, 0.18687011052089364, 0.9638596906767567], [0.9758231210610624, 0.14414690965083587, 0.164289089232247], [-0.10823667548585802, 0.9717516299096303, -0.20972265458873607]], "T": [-0.010004694766347397, -0.0320187320726442, -0.03713407756272953], "aligned_model": [[-0.6757413076161142, -0.180222087440077, -0.4763840212388461, -0.40163288194752983, 0.36968464938442497, -0.4614231238243875, 0.7119771782718577, 0.6061956106613858, -0.0020765522395554473, 0.262799690592729, -0.2519536359324921, -0.37387797605587964, 0.6213143324458051, 0.12107165085130585, -0.038417248084849004], [0.027958062849592187, -0.8259930953547748, -0.4917228359129842, 0.14355246528724455, -0.6134515081977618, -0.41015571828859043, -0.210753223912347, -0.12019291400848109, 0.5693196844940184, 0.21389073498077069, 0.6586633453543176, 0.07874373914026597, 0.41003788257143386, -0.5189870768017675, -0.0697987153589163], [0.04036937765874725, 0.048810744969561934, -0.37032467484302845, 0.5912843734948916, 0.1336335318835909, 0.36452856997800726, 0.050828354958927915, 0.5367436412297486, 0.22307854424180712, -0.5120608799485878, -0.3312638197109212, -0.5027031510099063, 0.14175135658316357, -0.6693998152652287, 0.013149002576750654]], "inverted": false, "swapped": false, "error_lsq": 0.04940473017452694, "error_max": 0.32233633830912467, "target": "28.xyz", "model": "23.xyz", "model_rescale": 4.274766983524099, "target_rescale": 4.156811204709835},
{"mapping": [3, 11, 10, 8, 9, 12, 7, 6, 4, 13, 14], "R": [[-0.2865888864631644, -0.9390387333315737, 0.18992911166758453], [-0.3757470410517927, -0.07219268558433789, -0.9239060435395712], [0.881295053484715, -0.33614650593328377, -0.33215140410996147]], "T": [0.02200425987522825, 0.1151110493412695, -0.11217592469874671], "aligned_model": [[0.3067943543015014, 0.03144260129028205, -0.5494492025918519, -0.3656116726712594, -0.4017713469188327, -0.5131602121262079, -0.024176371209915642, 0.03247067314196111, 0.5310175654872128, 0.2611608416836164, 0.07117747357156887], [-0.3425140657421919, 0.7469481108127894, 0.4677507392853727, -0.18436760531579197, 0.514833198052062, -0.30844582520331654, -0.65276978662685, 0.12360462237487913, -0.2998571519566461, 0.7042586122566716, 0.1461456833065049], [-0.5376567540245536, -0.2271484513348127, -0.5042955777475564, -0.2767846730551949, 0.21525131933659913, 0.3544162878309908, -0.01670993562757689, 0.6648219842760584, 0.3929716764838823, 0.39986568533174716, -0.08516512744800572]], "inverted": false, "swapped": true, "error_lsq": 0.04681779141109186, "error_max": 0.22650872625073665, "target": "28.xyz", "model": "24.xyz", "model_rescale": 3.7841303162186577, "target_rescale": 4.156811204709835},
{"mapping": [8, 7, 10, 1, 11, 0, 13, 6, 4, 12, 2, 9, 3, 14, 15], "R": [[0.4628348232216105, -0.02239860161238358, 0.8861615140927924], [-0.5149738118926717, -0.8204783677650945, 0.24822816337848858], [0.7215163889186106, -0.5712386109808546, -0.39128065355510755]], "T": [-0.0643335705491547, -0.09362775365087331, -0.016083041609616065], "aligned_model": [[-0.5938954346156387, -0.1345548025948034, -0.28902915572091425, -0.5230401266345557, 0.48848725843652974, -0.6095372665161242, 0.6261310238127514, 0.31641807591998816, 0.06526986203107452, 0.28999181112032124, -0.27501844285783505, -0.2606415006210788, 0.6590478147410036, 0.0889951859197349, -0.017310024592676443], [0.1639968322560251, -0.6316158395383894, -0.7715680915982829, 0.18819666390652492, -0.6056263293591265, -0.3598238302083193, -0.22898324955931315, -0.07547401705769699, 0.5120512975741752, 0.25710100172213013, 0.5874645145815622, 0.0007778887173297555, 0.20541110700578832, -0.3129559079665467, -0.08784121363384033], [0.03541053567525355, 0.34230691097462834, -0.32456950397915213, 0.4969468667543193, 0.13113841971646512, 0.40011706420605037, -0.35804434195085255, 0.59769629805715, 0.3999219824332459, -0.5875852467562102, -0.2620875835625908, -0.5589379760129491, 0.17443472361454423, -0.7628657512881044, 0.03454275891572704]], "inverted": false, "swapped": false, "error_lsq": 0.0492978670738422, "error_max": 0.3869069980442138, "target": "28.xyz", "model": "25.xyz", "model_rescale": 4.19342608120988, "target_rescale": 4.156811204709835},
{"mapping": [9, 8, 12, 1, 6, 11, 4, 5, 7, 0, 3, 14], "R": [[0.08621606757384907, -0.6467646537941424, -0.7578009450341462], [0.43144217398579476, 0.7098481889442683, -0.5567523678970339], [0.8980113808847375, -0.2789462874015106, 0.340241867715308]], "T": [-0.04936855482768586, -0.07744411599005889, 0.04014878724985751], "aligned_model": [[-0.327511588230686, 0.4243632979054717, 0.2336745041687609, -0.3534087310009075, -0.48356525225390157, -0.44224362911108417, -0.25155867079789734, -0.1029010689404491, 0.46745244011272447, 0.15678003798885404, 0.38456365722139824, -0.10783644243050314], [-0.6843781352655389, -0.28083147918448337, -0.5817917520141634, 0.5078853153348281, -0.32434501129428317, -0.22164504531393014, 0.33857960432548057, 0.6757730663072411, 0.08115966562029671, 0.09950658726305646, 0.4544126738468161, -0.05154906188433976], [0.06912654485319716, 0.004916302333343801, -0.5506386700059487, -0.07037824222142469, -0.5551835678115035, 0.5273665049158506, -0.6472453307769129, 0.4893341251602634, -0.515394445677658, 0.6019342449806846, 0.05992934368429203, 0.03549165177523733]], "inverted": true, "swapped": true, "error_lsq": 0.04092937200414388, "error_max": 0.19587190674883567, "target": "28.xyz", "model": "26.xyz", "model_rescale": 3.795458400668931, "target_rescale": 4.156811204709835},
{"mapping": [11, 0, 10, 9, 12, 1, 5, 13, 3, 8, 6, 7, 14], "R": [[0.43110991222877093, -0.8768718542538521, -0.21269695530381405], [-0.8027079285723557, -0.2650629830039904, -0.5342299097281098], [0.4120730820924603, 0.4010453418984411, -0.8181432690894566]], "T": [-0.09830551020615329, -0.04998332453879885, -0.04141710994587705], "aligned_model": [[-0.08064718361064786, 0.31746981696699167, 0.5363143814281416, -0.10198750328559075, -0.05171603781760914, -0.5790189201530734, -0.12756496503931467, -0.6953015415339878, 0.07578074123790231, 0.3093015137983762, -0.6851663283729041, -0.06388565251813455, -0.15390193827889279], [-0.6187581727960088, -0.45293176510151967, -0.2943091553199992, -0.07116414938853151, 0.7026582068253103, -0.2513097419006121, -0.627898948434938, -0.39427393310807346, 0.02758501502095244, 0.26763805713107053, 0.28170994388654597, 0.6348456132756274, -0.08190946683290944], [-0.33925799349034175, 0.19133839650237458, -0.41855649339947293, -0.709331757790852, -0.3803416991812928, 0.37768847020758006, 0.6197384977051545, -0.4790665670960757, 0.6183079916823337, -0.039747474399677074, -0.42804534601087313, 0.3201240126564597, -0.04071337528589115]], "inverted": true, "swapped": true, "error_lsq": 0.04434987650719667, "error_max": 0.29150075242735946, "target": "28.xyz", "model": "27.xyz", "model_rescale": 3.6321398670334006, "target_rescale": 4.156811204709835},
