[{"mapping": [12, 2, 11, 0, 10, 1, 5, 7, 3, 13, 9, 6, 8, 15], "R": [[0.014316629929174957, 0.8733381832840288, 0.48690394507091805], [-0.4999426126348019, -0.41546393993879877, 0.7598994003698246], [0.8659401931885133, -0.25430322889944346, 0.43067092958772796]], "T": [0.05912180856219939, 0.10207324569861949, 0.09072490408679493], "aligned_model": [[-0.009341468173366237, 0.27754190752947777, -0.6684021346730962, -0.43043705083569417, -0.5077697904827649, 0.016872030076871346, -0.658420133643057, -0.003252638366244405, -0.3568137954909835, 0.1524679610289731, 0.6594695205784835, 0.21210415393352183, 0.6811320461362563, 0.006341493509926459], [-0.6856835781977698, -0.42928670769486726, -0.3652352351868693, -0.33189505705873096, 0.13865344042407765, 0.10402799804786646, 0.1960826773972213, 0.5303013697272123, 0.6258931924542104, -0.08382381305612023, 0.5080145701472056, 0.7678849130189207, 0.14592035477082166, 0.11441920701685662], [0.2576622117519286, -0.20548352135284229, 0.25244272761700126, -0.3311143050417261, 0.6630982250255948, -0.6615423362619383, 0.0064411628307155105, 0.6100125995079936, 0.18326143566276493, 0.7359499654899557, 0.43676181694698424, -0.05488628229530218, -0.04803168653324302, 0.053016073831946876]], "inverted": false, "swapped": true, "error_lsq": 0.0468501121408617, "error_max": 0.32584924262057186, "target": "280.xyz", "model": "0.xyz", "model_rescale": 3.8414455957264533, "target_rescale": 4.186372405502365},
{"mapping": [1, 8, 3, 9, 6, 7, 10, 4, 11, 5, 13, 2, 12, 0, 15], "R": [[-0.7842670460710778, 0.6051890126679262, 0.13664354866939965], [-0.19380937858611144, -0.44819623383521406, 0.8726729403092521], [0.5893751990192762, 0.6579258278270816, 0.46879684284243844]], "T": [-0.087829543536283, 0.03557225743897882, -0.15060460038797202], "aligned_model": [[-0.6460317567203069, -0.569126259472071, 0.09858135003654628, -0.2696889755678315, -0.45266013467500654, 0.2459126513620973, 0.6773211627505321, -0.28165852142612985, 0.5763782635573702, 0.24286410640360304, 0.4026425383917771, -0.31475875616364146, 0.2739801452545172, -0.022485379906852565, -0.08922628032005916], [0.27723889662346124, 0.01966001796238459, -0.4771141295414639, -0.4784015946435769, -0.5522626233783617, -0.5349248494569764, -0.1659302614535706, -0.17699302543001075, 0.44803013160833705, -0.004212652382892729, 0.0008574225249918521, 0.6270376762079684, 0.7293353597000242, 0.5970718485162653, 0.03765231118643558], [0.2940327692093657, -0.5703342370896063, 0.24733562172653784, -0.7402700187708471, -0.05437474743898202, -0.29230430688834996, 0.0051405304674257135, 0.47518782615059635, 0.2525423328349135, 0.49736671992798803, -0.6173150219373249, -0.27890877748826853, -0.35284852634228964, 0.3845524162630742, -0.08462079328469799]], "inverted": true, "swapped": true, "error_lsq": 0.03781441927804183, "error_max": 0.23086419083270338, "target": "280.xyz", "model": "1.xyz", "model_rescale": 4.316132596720782, "target_rescale": 4.186372405502365},
{"mapping": [0, 5, 11, 8, 12, 1, 13, 6, 10, 4, 7, 15], "R": [[0.08457669854571173, -0.9728684695787604, 0.21534558960561168], [0.06836655650508308, 0.22127650999972134, 0.9728117598353654], [-0.9940688084910143, -0.0675547705334266, 0.08522650387896369]], "T": [-0.16565962378459878, 0.13472198632667556, -0.03726288807247295], "aligned_model": [[-0.2040873259179368, 0.3824549555615463, 0.19657052451891058, -0.6624899000587959, -0.4597473473049496, -0.4441922510777191, -0.0660416013584606, 0.010309148261928108, 0.5117047307094302, 0.1483992423979065, 0.3204414868068449, -0.13551310790692409], [-0.6362996881555476, -0.32243875744469785, -0.5694789813842507, 0.5185024192999461, -0.323569963022574, -0.20967322278304681, 0.3553038866467354, 0.5836931144061704, 0.020006458204813338, -0.06910380819357723, 0.5747040325097251, 0.0911309376572849], [0.06270496755431294, 0.10896441230167118, -0.42029196721725043, 0.080825857816265, -0.6344203200646265, 0.5722503449390565, -0.6705136088425502, 0.46807987614822405, -0.45955815575259856, 0.5408304498275348, -0.2017351282009474, 0.002121732700329483]], "inverted": false, "swapped": true, "error_lsq": 0.046817793667631634, "error_max": 0.24799883985100787, "target": "280.xyz", "model": "2.xyz", "model_rescale": 3.795458400668931, "target_rescale": 4.186372405502365},
{"mapping": [13, 7, 10, 4, 12, 0, 3, 8, 6, 1, 11, 15], "R": [[-0.551440700564115, 0.8341798492956538, 0.007558623580944279], [0.07865257329108016, 0.06101000090707459, -0.9950334429073278], [-0.8304979990800998, -0.54810743364636, -0.09925378937628321]], "T": [0.18173931322776757, -0.040122300283818184, -0.027900146618604134], "aligned_model": [[-0.18141889163932393, -0.2477692968634945, -0.6241204759112509, 0.16598056366067895, 0.06887994535945405, 0.14496480318361055, -0.21716332412956144, 0.7246510043908592, 0.3491216875024499, 0.6673619187378341, -0.4257731978308722, 0.1685890892831815], [-0.1702500723883082, -0.5600040602615339, -0.04151713428741524, -0.027123277157304136, 0.5731505284589884, 0.6852103095070824, -0.325974444715718, -0.29146029778686705, -0.5976702550853907, 0.25925020885345473, 0.5955375178373659, -0.013379977684644592], [-0.5853671695549922, -0.07453616225546685, -0.05795790640436103, 0.6605419500561008, -0.5419772800891972, 0.25225146154413935, 0.4359080146369714, -0.2518394300661721, 0.35815012318250017, 0.464280360442751, -0.0017065735738081497, 0.031024042720634998]], "inverted": false, "swapped": true, "error_lsq": 0.046152087804102106, "error_max": 0.21039190355682807, "target": "280.xyz", "model": "3.xyz", "model_rescale": 3.7530521520055578, "target_rescale": 4.186372405502365},
{"mapping": [10, 0, 12, 2, 13, 1, 7, 4, 6, 8, 15], "R": [[0.48785046507033747, 0.8728562655593465, -0.011129393714254712], [-0.8605386957908107, 0.4787474975255438, -0.17399421444312482], [-0.14654377085808212, 0.09446043238743365, 0.9846837816963743]], "T": [-0.03474298880093316, -0.054723676291324935, 0.07212159468843703], "aligned_model": [[-0.3782623012818816, -0.22435926115853982, 0.43009399031391504, 0.40092001970840624, 0.27714805145309906, -0.21542644872619296, -0.24412928407865067, -0.648173216504106, -0.35585002608634814, 0.38626985091737753, -0.09003177211187366], [-0.772203908505513, 0.142399535879221, -0.31200248067893055, 0.24173271350326883, -0.6508846496961643, 0.6404325644007868, -0.5214074301971463, 0.25652712898448227, 0.19752081270263952, 0.2800191436814977, -0.03493007175979551], [-0.06028691172603222, -0.6566669833312857, -0.5368531980636497, -0.30217978517968513, 0.15520392310415843, -0.15548805817574335, 0.5140415666797239, 0.037536551400611816, 0.6388440843716227, 0.4167491172840465, 0.041930470881549275]], "inverted": false, "swapped": true, "error_lsq": 0.0380931108284445, "error_max": 0.21347270778464075, "target": "280.xyz", "model": "4.xyz", "model_rescale": 3.7855080009869324, "target_rescale": 4.186372405502365},
{"mapping": [4, 6, 7, 12, 11, 1, 13, 14, 8, 15, 2, 0, 5, 9, 10, 16], "R": [[0.43493713352349295, -0.0982712138501722, -0.8950823752095566], [0.06941657810776677, 0.9947281177655389, -0.07548053000898089], [0.897781169643347, -0.029304270252679458, 0.43946584756813856]], "T": [0.04922904443674189, -0.06018861677721995, -0.018436893804244757], "aligned_model": [[-0.17825438185840492, -0.5253807881887854, -0.048836257775811936, -0.24800160187438722, -0.6653511387745853, -0.09640254860858333, -0.5174016770989117, 0.23752068393165204, -0.1984831665843209, 0.17307086324125065, 0.5483240600004865, 0.34028607016658297, 0.5143724347693167, 0.6718514303094125, 0.43775103117000824, 0.07837117195403602], [-0.07558770410116897, 0.1404603637814468, 0.512745764602566, -0.6120874417003621, -0.40828831495789664, -0.6830533723807957, -0.03297930229854522, -0.39421626010151267, 0.5207757368941245, 0.30897374461835064, -0.6010924220440144, -0.4016992466987655, 0.204524304170401, -0.0327778688215258, 0.553844283481997, -0.08422230724977846], [-0.7220098770376532, -0.2543194809483448, -0.4911935574387525, 0.24637793386232767, -0.043695361464179204, -0.42332561224839793, 0.4321814785386767, 0.5389401693445784, 0.29209322428080287, 0.7079930488123116, 0.04569520787673096, -0.6565044299980253, -0.6256205073286878, 0.32580725611812544, 0.036139083496896325, 0.01977135559061992]], "inverted": false, "swapped": false, "error_lsq": 0.02653045389609904, "error_max": 0.1559974345185693, "target": "280.xyz", "model": "5.xyz", "model_rescale": 4.2253639853439635, "target_rescale": 4.186372405502365},
{"mapping": [10, 7, 4, 5, 3, 1, 0, 11, 8, 13, 6, 2, 12, 15], "R": [[-0.876378351417496, 0.17474583181590853, 0.44880383179036987], [-0.36120538162277427, -0.8548638895037267, -0.3724760431347318], [0.31857755327941484, -0.48854029996053217, 0.8123033410376787]], "T": [-0.04077616407196088, 0.12193153536778861, 0.020436477278646364], "aligned_model": [[0.4858306702025785, -0.00420071453098541, -0.4287108693190721, 0.09868477876016474, -0.20529747451806857, -0.48592231463835167, 0.18406970513375834, 0.6489540174661945, -0.3794518193737301, 0.4507177277433642, -0.6549150473958754, 0.07565124239947565, 0.642229397126052, -0.05357714629772084], [-0.2698739650928848, 0.08834941859782425, -0.44452729400755026, -0.5929351545461878, -0.3748845674455645, -0.11041803037459266, -0.3331263666172251, -0.39747519441133655, 0.6557650691546133, 0.4210610766961509, 0.05918178761277135, 0.3842483056409465, 0.29981857363923414, 0.05991548778879204], [-0.4480601674697753, -0.6537030382362512, 0.07521687844168669, 0.0024303064498368554, -0.40624756438294873, 0.5821779210728141, 0.6106155381689498, 0.18869189166695674, 0.11205118555198793, -0.33809088891483563, -0.3063773735310904, 0.5995951274431998, 0.41410601322825746, 0.03915237944266054]], "inverted": true, "swapped": true, "error_lsq": 0.04226687122680212, "error_max": 0.25693327748422085, "target": "280.xyz", "model": "6.xyz", "model_rescale": 3.89814844738969, "target_rescale": 4.186372405502365},
{"mapping": [5, 4, 1, 10, 2, 6, 7, 12, 13, 9, 8, 14, 15], "R": [[-0.29156723572739496, 0.4479936608573792, -0.8451569244122002], [-0.675609677214902, 0.5290281255792897, 0.513498594350208], [0.6771558986702116, 0.7207155626026589, 0.14842158440897754]], "T": [-0.02123221764225034, 0.0715017044423154, -0.07133248592750878], "aligned_model": [[-0.006309508610328619, 0.03684186703918237, 0.5279147132640967, -0.4504059159092438, 0.5524809758419533, -0.3730953306802698, -0.6912962821517012, 0.3962281716521402, -0.3678874185656814, -0.5657360507515686, 0.03498604454358758, 0.05573817910588109, -0.0008276438738257265], [-0.34269730513571234, 0.20327053499499426, 0.4177666967959588, -0.593361576773806, 0.1025236801447546, 0.5898811404286703, -0.013515421158625918, -0.4601135145677717, -0.27899842757524385, 0.5269887043048646, 0.5998262354249924, 0.15271135132497282, 0.059499167262438035], [-0.6705189797104014, -0.7448562117510458, -0.45373681263835547, -0.22651679003969616, 0.22477725665166964, -0.38017953863226467, -0.09808778936748248, 0.3716440155194798, 0.3940344978875607, 0.30415978824806394, 0.2833298788931187, 0.7312001741541765, -0.13297445837852723]], "inverted": false, "swapped": true, "error_lsq": 0.04422724663444281, "error_max": 0.25719558263463815, "target": "280.xyz", "model": "7.xyz", "model_rescale": 3.7474275329858107, "target_rescale": 4.186372405502365},
{"mapping": [11, 12, 2, 0, 8, 4, 5, 3, 1, 6, 10, 7, 13, 14, 15], "R": [[0.030387609308166086, -0.9802537228654813, -0.19539506649068378], [-0.939227485540781, 0.03887351472450595, -0.34108734989399103], [0.3419478375502271, 0.19388524611565505, -0.919499966141052]], "T": [0.09324682181519311, -0.06702935050337988, 0.08617895418787883], "aligned_model": [[-0.5156099911094474, 0.18808058359032515, 0.487059998872203, -0.1857560279298301, 0.700535623074219, -0.28757406092701604, -0.5957534579125523, -0.44753489544759034, 0.1966171975940066, 0.10439503793270498, -0.5642400114406461, -0.16978437949166808, 0.10375737897589832, 0.7406854183849008, 0.04727530817323939], [0.07470366854588881, 0.23794551197744684, -0.21938476290009357, -0.46323699517249173, -0.11960426800266032, -0.6075206343439944, -0.27150617825692913, -0.13954405894553434, -0.8033315657518535, -0.31532821167798786, 0.3985992634658447, 0.3444806783523832, 0.6085946280973021, 0.37794267640206336, -0.1136917898097912], [-0.5327120631987954, -0.6561908926065336, -0.40319736409318074, -0.523018546718969, 0.27725194018208055, 0.2790894531862349, -0.033302435823456766, 0.48398484196242, -0.03575741845064942, 0.7389689546869228, 0.051300992883831664, 0.5535157617953422, 0.031330360544261526, -0.1123185978465614, 0.07784966919331404]], "inverted": true, "swapped": true, "error_lsq": 0.04468685809583064, "error_max": 0.31020298860841494, "target": "280.xyz", "model": "8.xyz", "model_rescale": 4.019505241142653, "target_rescale": 4.186372405502365},
{"mapping": [13, 7, 10, 11, 12, 0, 4, 14, 2, 8, 6, 1, 15], "R": [[-0.31457742245105347, -0.08457450277224898, -0.945456608610294], [-0.8393856742092117, -0.4403172451405116, 0.3186728943042033], [-0.443252450885947, 0.8938500305491397, 0.06752323800665772]], "T": [-0.04864294613174204, 0.0024315296532236297, 0.05227138892295577], "aligned_model": [[-0.42574835549230206, -0.5820397064248314, -0.13916068429828896, 0.48268484793177524, 0.29277567425565, 0.7209779673248156, 0.2380644935823446, -0.341283922600596, 0.30813829131144876, -0.31548034784110784, -0.3854788253769451, 0.46814002557478374, -0.001888686205570339], [-0.4853225473711726, 0.13119726276046884, -0.10320882077534578, -0.29394135859931864, -0.7262271220803078, -0.04449183851912941, 0.6198512003289831, -0.6470945416994835, -0.357674895507143, -0.044406531114363226, 0.5974891175242527, 0.3735952153325934, 0.04361308783402519], [-0.2296400707125292, -0.3424904260246492, -0.7420598201296417, -0.583082721081793, -0.02260179355129764, -0.054623559792564946, -0.05242640254971974, 0.4383481439142787, 0.4532959295328294, 0.6307838720846828, 0.1949579317536493, 0.4558401492696694, 0.03040226133096505]], "inverted": false, "swapped": true, "error_lsq": 0.049914742654876026, "error_max": 0.2825444860996518, "target": "280.xyz", "model": "9.xyz", "model_rescale": 3.877068213659057, "target_rescale": 4.186372405502365},
{"mapping": [4, 3, 13, 0, 5, 1, 12, 11, 6, 10, 8, 7, 2, 9, 14, 15], "R": [[-0.8019859310187165, 0.5680081615419712, 0.18489265769562863], [0.24191121448700087, 0.025830480003506906, 0.9699545095560992], [0.546166211654902, 0.8226174777650294, -0.15812322575141963]], "T": [0.02289907443418965, -0.0028922343140077994, -0.046321719889771726], "aligned_model": [[-0.13182694791513577, -0.5419547710201044, 0.06682606981892247, -0.18888686773978058, -0.6226791222940162, -0.21028717687687093, -0.5041421063889803, 0.16818766407877628, -0.30554159882820153, 0.25465206381675015, 0.5424994040484431, 0.31327188316246646, 0.5068433837905897, 0.667569469271704, 0.5127474188533758, -0.0038425809989830716], [-0.06094145419083198, 0.16278001037311418, 0.7099006979550813, -0.6701556999272409, -0.43075549087338283, -0.772821675207791, -0.13096782862086698, -0.3001993385343145, 0.444704838409276, 0.30554001812530124, -0.5687239683458767, -0.4853672495751023, 0.1545356809099495, 0.04451228224213773, 0.5888933849488758, -0.07561425049380732], [-0.7026606763936648, -0.28350136350206, -0.34235406735770424, 0.33271946229112465, -0.1519496889041102, -0.3714977313788049, 0.46750651169447455, 0.6133410634798274, 0.22217066317042328, 0.5489688621181577, 0.02560103058145008, -0.6372430860772423, -0.47219695384838145, 0.08708816628728248, 0.09281823462370849, -0.00048049532745154944]], "inverted": false, "swapped": false, "error_lsq": 0.03533188232563146, "error_max": 0.25314379905360995, "target": "280.xyz", "model": "10.xyz", "model_rescale": 4.260839863003843, "target_rescale": 4.186372405502365},
{"mapping": [9, 6, 3, 7, 11, 13, 14, 8, 1, 0, 2, 15], "R": [[-0.4890396546988608, 0.8328396143800605, 0.25926510149129456], [0.7233048818507251, 0.5533244106553021, -0.41311275030416517], [-0.4875143731449647, -0.0145008031582686, -0.8729945376030926]], "T": [-0.029617931235834467, -0.0024266768231554787, -0.0033036628728024264], "aligned_model": [[0.33620247996076, 0.23971894970702842, -0.38017609654510853, -0.313437593243046, -0.774832080515347, -0.30619357874190556, 0.3134643642533488, 0.5738095878461905, 0.32869901956721453, -0.26463114806485505, 0.2596519229262536, -0.05337717805640331], [-0.08792457385274263, -0.6053335234428152, -0.5698696659117487, -0.24860439169755585, 0.2576835557762755, 0.39173023697467746, 0.6580615691677738, 0.0970821885133185, -0.24803328553085868, 0.11752227319807343, 0.4514080345890164, -0.04064391225048005], [-0.7131013915501647, -0.2310587304297284, -0.10851868025827249, -0.5652400833083062, 0.3850511972051501, -0.4805172827629844, -0.32365961279390937, -0.18781900368592014, 0.6123108449703862, 0.7290389620478821, 0.3546728408185826, 0.045019017142789386]], "inverted": false, "swapped": true, "error_lsq": 0.04121145300314408, "error_max": 0.2189611179965709, "target": "280.xyz", "model": "11.xyz", "model_rescale": 3.890672605050136, "target_rescale": 4.186372405502365},
{"mapping": [7, 3, 4, 9, 6, 12, 10, 14, 13, 11, 1, 5, 2, 15], "R": [[0.5365234154729273, -0.3467886990861617, -0.7693375220508828], [0.8389779258303995, 0.31737418478197216, 0.44202903389177906], [0.09087719526143842, -0.8826161255155643, 0.4612267450628902]], "T": [0.16021617272096206, 0.006590538985449808, 0.19368465631473775], "aligned_model": [[0.3069562469824972, 0.23240857027821532, 0.2640095069354958, 0.7734027568477566, 0.7668350283504715, -0.4809479095976174, -0.32030239390558535, 0.21123770438233477, -0.05190996251388874, -0.6940903345223142, 0.29989737531916427, -0.23507993139483713, -0.004507295270425482, 0.14196647290242587], [-0.3039163096680837, 0.25184890057029014, 0.6377800298707793, -0.49813576892594147, 0.19459563970277888, -0.2681462181548335, -0.1781813697944516, -0.6349606670622641, -0.6200510262613291, 0.1376810578347931, 0.6573420372895155, 0.4592520856760519, 0.029640451094151362, 0.06740367765630875], [-0.3885373425821672, -0.43128683649263977, -0.061651599694029224, 0.07451735195184389, -0.09714009853560734, 0.6017832134890997, -0.4270219274182041, 0.6860127710368282, 0.04566623870355466, 0.029987905323499042, 0.5468227523004846, -0.21819697149918915, 0.8182845695786645, 0.17555040919472364]], "inverted": true, "swapped": true, "error_lsq": 0.04807839799968011, "error_max": 0.33363254266012443, "target": "280.xyz", "model": "12.xyz", "model_rescale": 4.124412569039231, "target_rescale": 4.186372405502365},
{"mapping": [13, 11, 0, 7, 12, 14, 3, 8, 4, 6, 2, 1, 15], "R": [[0.16725462817065698, -0.6605317839999642, 0.7319314528569736], [0.5602555135319734, 0.6745505947366043, 0.4807236781119879], [-0.8112580655454342, 0.329665371955136, 0.4828882827540568]], "T": [0.05223438164260388, 0.0671718956970151, -0.047330206191096486], "aligned_model": [[-0.19376205877206257, 0.14108425478400907, 0.5345685022628623, -0.6073850021491369, 0.5209187428080897, 0.33738500733308063, -0.48788928020743727, 0.24227960765327314, -0.051599187187279114, -0.32031692996031436, 0.6828256994913136, 0.5140057982138404, 0.05518315323951865], [-0.38260628781654166, 0.496545033283673, 0.6090755440394036, -0.06782116418186843, -0.1164843448664063, -0.6824148207384871, 0.46688710527962296, -0.36904722057764433, 0.6840471771985311, 0.14568795497607098, -0.06379950530704984, 0.4943323267570244, 0.1330835784621489], [0.3962596239845789, 0.7152741260135067, 0.23487347020226443, 0.012742672591904397, 0.5849050771079235, 0.06837197370162595, -0.1140156930098993, -0.4735559570890564, -0.33551991856907337, -0.6329513641020661, 0.007362142245346842, -0.4620541996073507, -0.04999387250186616]], "inverted": true, "swapped": true, "error_lsq": 0.044367364013811056, "error_max": 0.3004952975325235, "target": "280.xyz", "model": "13.xyz", "model_rescale": 3.9028299243045295, "target_rescale": 4.186372405502365},
{"mapping": [10, 4, 5, 6, 7, 9, 3, 1, 0, 2, 11, 14, 13, 12, 8, 15], "R": [[0.6628780615140794, 0.7093557525447212, -0.23959777105609492], [0.6581138040032266, -0.7046155520018161, -0.2653359094762308], [-0.3570418694547448, 0.018202752783258273, -0.9339110039224149]], "T": [0.0360919208497829, -0.022749171698228238, 0.02342961294099656], "aligned_model": [[-0.21401313035103592, -0.47462715268484507, 0.15125256992762923, -0.2128394862090638, -0.6516747779607249, -0.12052577972944062, -0.5144607579402294, 0.3345440874442119, -0.3601646206307709, 0.15695902771687315, 0.5222040309916763, 0.3618618604333305, 0.48135188628839526, 0.7217765845143713, 0.3554392327206278, -0.013647389752050154], [-0.10921748697595152, 0.3301818470600727, 0.38230956142169514, -0.514885956308509, -0.4872774836969084, -0.7606979434583441, 0.005801219630428123, -0.4102866656826346, 0.6297074675114381, 0.20545223318489766, -0.5774938471196758, -0.5268056426889505, 0.14298935989603442, 0.06990732278714187, 0.6554212529428352, -0.11978528130904827], [-0.6732218751546238, -0.2485428081036155, -0.26771859894155026, 0.3979196689670462, -0.33963838509259947, -0.154749966659684, 0.31457574166379665, 0.45114417985938365, 0.3466903382539028, 0.7129693368458137, -0.019115067136242003, -0.6268408487125093, -0.6144776327599888, -0.050675751276101896, 0.2094654404061621, -0.009453840702160654]], "inverted": false, "swapped": false, "error_lsq": 0.0467606380786485, "error_max": 0.2902635576724067, "target": "280.xyz", "model": "14.xyz", "model_rescale": 3.942246331269136, "target_rescale": 4.186372405502365},
{"mapping": [13, 10, 7, 5, 0, 3, 8, 9, 14, 6, 1, 2, 11, 12, 15], "R": [[-0.9423591505222972, -0.1655805426109318, -0.2907616125549652], [-0.32322202301652736, 0.6751817666465089, 0.6630664414862228], [0.08652603806946066, 0.7188272851643631, -0.6897829940200277]], "T": [-0.017362183342225522, 0.08288857077553409, -0.034878292947246536], "aligned_model": [[-0.6847794424766735, -0.3504572460384756, -0.32899209770281057, 0.30343426314376454, 0.3702158733899039, 0.19116085837372374, -0.06501368284894485, -0.3789233105997053, -0.5930642796576834, 0.2800913915604629, 0.6723171544062773, 0.014029520650754752, -0.09380746783791996, -0.39821565900994627, 0.03629816117948254], [-0.01104930894088546, -0.5127323285048582, 0.10488652431740499, -0.5183747175724657, -0.4585897853821151, -0.10845589876551083, 0.6875180129970372, 0.7267469364710281, 0.43853392375667666, 0.5022536819971244, 0.1701808594732866, 0.1258246771859728, -0.7843556298121176, -0.31022563529173364, 0.04598337795280685], [-0.107792471682045, -0.46452796161256416, -0.6343217806674158, -0.2925215717631671, 0.36827071514255905, -0.6479510521396697, 0.1656840870124463, -0.3505794735916933, 0.4108364122410185, -0.5077056041322769, 0.25566831804210843, 0.6092965456574305, 0.0910763566729274, 0.5597038709351722, -0.045773909754314154]], "inverted": false, "swapped": true, "error_lsq": 0.046987408920363315, "error_max": 0.31872691257683033, "target": "280.xyz", "model": "15.xyz", "model_rescale": 4.355366556412066, "target_rescale": 4.186372405502365},
{"mapping": [0, 5, 11, 8, 12, 1, 13, 6, 10, 4, 7, 15], "R": [[0.08457669854571173, -0.9728684695787604, 0.21534558960561168], [0.06836655650508308, 0.22127650999972134, 0.9728117598353654], [-0.9940688084910143, -0.0675547705334266, 0.08522650387896369]], "T": [-0.16565962378459878, 0.13472198632667556, -0.03726288807247295], "aligned_model": [[-0.2040873259179368, 0.3824549555615463, 0.19657052451891058, -0.6624899000587959, -0.4597473473049496, -0.4441922510777191, -0.0660416013584606, 0.010309148261928108, 0.5117047307094302, 0.1483992423979065, 0.3204414868068449, -0.13551310790692409], [-0.6362996881555476, -0.32243875744469785, -0.5694789813842507, 0.5185024192999461, -0.323569963022574, -0.20967322278304681, 0.3553038866467354, 0.5836931144061704, 0.020006458204813338, -0.06910380819357723, 0.5747040325097251, 0.0911309376572849], [0.06270496755431294, 0.10896441230167118, -0.42029196721725043, 0.080825857816265, -0.6344203200646265, 0.5722503449390565, -0.6705136088425502, 0.46807987614822405, -0.45955815575259856, 0.5408304498275348, -0.2017351282009474, 0.002121732700329483]], "inverted": false, "swapped": true, "error_lsq": 0.046817793667631634, "error_max": 0.24799883985100787, "target": "280.xyz", "model": "16.xyz", "model_rescale": 3.795458400668931, "target_rescale": 4.186372405502365},
{"mapping": [5, 4, 1, 10, 2, 6, 7, 12, 13, 9, 8, 14, 15], "R": [[-0.29156723572739496, 0.4479936608573792, -0.8451569244122002], [-0.675609677214902, 0.5290281255792897, 0.513498594350208], [0.6771558986702116, 0.7207155626026589, 0.14842158440897754]], "T": [-0.02123221764225034, 0.0715017044423154, -0.07133248592750878], "aligned_model": [[-0.006309508610328619, 0.03684186703918237, 0.5279147132640967, -0.4504059159092438, 0.5524809758419533, -0.3730953306802698, -0.6912962821517012, 0.3962281716521402, -0.3678874185656814, -0.5657360507515686, 0.03498604454358758, 0.05573817910588109, -0.0008276438738257265], [-0.34269730513571234, 0.20327053499499426, 0.4177666967959588, -0.593361576773806, 0.1025236801447546, 0.5898811404286703, -0.013515421158625918, -0.4601135145677717, -0.27899842757524385, 0.5269887043048646, 0.5998262354249924, 0.15271135132497282, 0.059499167262438035], [-0.6705189797104014, -0.7448562117510458, -0.45373681263835547, -0.22651679003969616, 0.22477725665166964, -0.38017953863226467, -0.09808778936748248, 0.3716440155194798, 0.3940344978875607, 0.30415978824806394, 0.2833298788931187, 0.7312001741541765, -0.13297445837852723]], "inverted": false, "swapped": true, "error_lsq": 0.04422724663444281, "error_max": 0.25719558263463815, "target": "280.xyz", "model": "17.xyz", "model_rescale": 3.7474275329858107, "target_rescale": 4.186372405502365},
{"mapping": [7, 8, 6, 14, 10, 11, 3, 1, 13, 5, 12, 2, 0, 15], "R": [[-0.5621362919603594, -0.5071771590071787, 0.6532795103494864], [-0.811204093170677, 0.4919785846006267, -0.3160775087182003], [-0.1610922359525672, -0.7076216515029562, -0.6879832046206008]], "T": [0.09198171145986109, 0.016940315717333843, -0.07511859079193484], "aligned_model": [[0.48373612291921997, 0.06325288898736381, 0.7407217757930531, -0.4401165531603166, 0.15971110544647865, -0.2854765727499188, 0.6578118417535941, 0.15704005462965662, -0.1534513296991866, 0.2866850316680034, -0.6901247303736746, -0.4394783800332899, -0.23954273017981206, 0.1140791228817059], [-0.5166831617892895, 0.3132518189541427, 0.1716876557268256, -0.06879552680700479, -0.6858234222151389, -0.31284212592674515, -0.20255117959823543, 0.7306571606229781, -0.5729443203673346, -0.09504457680125644, -0.13127342295400823, 0.3808291136092678, 0.311084065404901, 0.03885616365213133], [-0.2118814286186136, -0.6403148787046452, -0.28272634985624434, -0.6801796797036196, 0.3145623967784158, 0.6477850982290595, 0.22087553102493362, 0.1574121448595883, -0.3018019358250569, 0.6179600209539713, 0.0643744192792883, -0.1292044939783304, 0.5648155324476988, -0.016881658224790687]], "inverted": false, "swapped": true, "error_lsq": 0.034001213399756515, "error_max": 0.26028111153478056, "target": "280.xyz", "model": "18.xyz", "model_rescale": 3.922800546911778, "target_rescale": 4.186372405502365},
{"mapping": [14, 12, 13, 8, 5, 2, 11, 6, 0, 7, 10, 3, 1, 4, 15], "R": [[0.2345843952160373, -0.6322857022717088, 0.7383664078382075], [-0.18084546592595377, 0.717915721293624, 0.6722290789407138], [-0.9551256875276419, -0.2912246689795146, 0.05406582287010392]], "T": [0.07457595940296019, 0.1768288501995835, 0.0013100470447369914], "aligned_model": [[-0.16004893262155898, -0.35517208912985493, 0.36555991731145404, -0.10683074942790374, 0.21936875498185016, -0.544172162892218, -0.007557298981705263, 0.4167110479081767, -0.42699580109171237, 0.7430405241922555, 0.5980613691153576, 0.5865039560548737, -0.42903103197996223, 0.12903668639603566, 0.06757664705253053], [0.6277445887170225, -0.13528539034094506, 0.17730353668797869, 0.7889742284548634, -0.4733918316332265, 0.23842360429915987, -0.665171120857591, 0.5313754483648064, -0.39961792449481315, 0.2214194699836337, -0.3800261785497513, -0.06491244872720908, 0.17456943556405063, -0.056004557427440954, 0.13221064499404087], [-0.6297242436399386, -0.6078019411653351, -0.6109927468484244, -0.019721784384678833, 0.29636270739104276, -0.17517513201638726, -0.23975246630464045, 0.4964379930119862, 0.14990199834069404, -0.08867001020612866, -0.25596590793598095, 0.3693367358206625, 0.5617293177844667, 0.6472144260144104, 0.04948022130158134]], "inverted": false, "swapped": true, "error_lsq": 0.03778274280944513, "error_max": 0.3236159373561506, "target": "280.xyz", "model": "19.xyz", "model_rescale": 3.9282355846067225, "target_rescale": 4.186372405502365},
{"mapping": [3, 7, 13, 6, 4, 9, 8, 14, 1, 0, 10, 5, 12, 15], "R": [[-0.785998764895494, -0.6084182294172913, 0.1096959420192323], [0.5729360066635065, -0.6501936028325379, 0.4989915942219055], [-0.23227198249300932, 0.4550555317193416, 0.8596360795129501]], "T": [0.009501549145670675, -0.03129916287438597, 0.021858203852055943], "aligned_model": [[-0.5315897043183361, -0.08466431667807178, 0.4995464015856319, -0.4707939313818128, -0.6604278194230225, 0.17285734780892467, 0.21540072311229694, 0.7644020950393627, -0.3726740783631013, -0.11550632041493689, -0.02051636750403851, -0.4504019423799379, 0.6302602090772312, -0.04336947707551341], [-0.43419645199991885, -0.6615383415322758, -0.4997399979359045, -0.09685322017173839, 0.07794648207730967, -0.29175029198255875, 0.27136785476121106, 0.08027713505819199, 0.6138808516653159, 0.3408378093371076, -0.7257081646643002, -0.21877698886168237, 0.08658180135509713, -0.019446389681018757], [0.05095808107298894, -0.20366557727275214, 0.019444256733775336, -0.4810635682869926, 0.13860521003322532, -0.7200497228271501, -0.5016596111808762, -0.2506376947762039, 0.0952026263907289, 0.6940425457051062, 0.43077198100998615, 0.554914302548749, 0.5257221368136065, 0.05959819127949159]], "inverted": true, "swapped": true, "error_lsq": 0.044797828739939524, "error_max": 0.2574498738702246, "target": "280.xyz", "model": "20.xyz", "model_rescale": 4.067790424073018, "target_rescale": 4.186372405502365},
{"mapping": [13, 5, 9, 14, 6, 4, 8, 10, 3, 11, 0, 2, 12, 1, 15], "R": [[0.788618643951027, -0.03688771113472389, -0.61377514708571], [-0.26370844263217, -0.9220265721045234, -0.28341640322623896], [-0.5554624124973349, 0.3853651477500577, -0.7368549458354863]], "T": [-0.01033772483192618, -0.03040403441279761, -0.015349332250611804], "aligned_model": [[0.3930788521727436, 0.1035749280520829, -0.39739075708568194, 0.274293446641807, -0.6844119334960124, -0.3892444754930208, -0.30568658167203355, 0.3849595650140102, -0.28054084565502424, 0.6865491586665002, 0.33254133896542676, 0.2422399721142668, 0.7489216163764755, -0.3204066061536619, -0.02003372454036317], [-0.24929543265077692, 0.687048994092136, -0.5174652148386584, -0.7851713990281973, 0.04103912393880903, 0.5001826504874405, -0.5902343271240575, 0.4510455913266156, 0.509668632330906, 0.4998433813854857, 0.35213202873613003, -0.3620716408037924, -0.22088785549685647, 0.09741090472877638, 0.027649702843887358], [-0.5142764027448712, 0.04026559842572028, -0.5231963919304035, -0.09209202413180163, -0.183964955113338, 0.20663552618358985, 0.07085851070748511, -0.5274642849245759, -0.31744958241275495, 0.06836033494844601, 0.5694966226564974, 0.4786053993603514, 0.18554184535602508, 0.6593472631971702, 0.014582114043600549]], "inverted": false, "swapped": true, "error_lsq": 0.03974130047111414, "error_max": 0.23101353257731694, "target": "280.xyz", "model": "21.xyz", "model_rescale": 4.186013935880536, "target_rescale": 4.186372405502365},
{"mapping": [1, 4, 6, 14, 12, 8, 2, 0, 7, 5, 11, 13, 15], "R": [[0.19783385160465172, 0.46939586090257757, 0.8605401169770045], [0.10370046821350407, -0.8829868386844819, 0.45779958016831407], [0.9747348255046439, -0.0013298411606711968, -0.22336125776624455]], "T": [0.10869509717272677, 0.010417801272833836, -0.029058376572348592], "aligned_model": [[-0.24361624636031706, -0.25544935421998227, 0.4141064529073313, 0.591168506115284, -0.16130449023284274, 0.5832200536746298, -0.026082771562978335, -0.6329858220783788, 0.4304029109974473, -0.48990848069824744, -0.5963377215103511, 0.39205661386184676, 0.05330438452978371], [-0.3499750954316934, 0.25897027964606284, 0.29365024954120733, -0.47650430200514127, -0.3889534123249441, -0.3715798264198506, -0.6127486088229345, -0.2253573739614178, 0.5940067843211061, 0.4219448887847887, 0.1811437544395729, 0.16618782375134675, 0.028171498027990335], [-0.589137427210351, -0.5581994893943009, -0.5897852940384228, 0.40303466227791684, 0.619570141993896, -0.22135131496439972, 0.0771900230958202, -0.012805261999114286, 0.08433293633714652, -0.08497951672616964, 0.4685381791136671, 0.5667843471840223, -0.0603124243343648]], "inverted": false, "swapped": true, "error_lsq": 0.04563115370514743, "error_max": 0.29841213630118163, "target": "280.xyz", "model": "22.xyz", "model_rescale": 4.166573947596378, "target_rescale": 4.186372405502365},
{"mapping": [5, 6, 13, 4, 1, 0, 2, 3, 12, 11, 8, 7, 10, 9, 14, 15], "R": [[0.06693193710232476, 0.4941452966865867, -0.8667990202799353], [-0.6563655973778257, -0.6324966293786286, -0.4112568739893887], [-0.7514681086876412, 0.5964632759753101, 0.28200574823613156]], "T": [0.06844283729821535, -0.044723612610828224, 0.048169917596573505], "aligned_model": [[-0.27863248804743135, -0.6379804264404164, 0.15794053634423147, -0.068610880562998, -0.5379546727945193, -0.12113955815942481, -0.4851401231337098, 0.09888372006717946, -0.09240833417761465, 0.08219242365053157, 0.5786238404572, 0.2402123179756435, 0.5555066672020914, 0.5870296264380137, 0.43108935181135266, 0.013824184148825705], [-0.008460471858165494, 0.23027908436910963, 0.3875526142934276, -0.7463838122260888, -0.3392829366894229, -0.7063670479709186, -0.22095260381634732, -0.3110158833170014, 0.5579830874017764, 0.27842666079291367, -0.6719694781287183, -0.28326311962357587, 0.13419714767097676, 0.04099648204592304, 0.6365823100871169, -0.06300207583648412], [-0.7063403105384144, -0.01851832026801388, -0.6742846238208317, 0.2177068046179098, -0.18338121113925177, -0.39119581003298953, 0.3877262277532282, 0.5863041306275428, 0.24880114553476462, 0.7675294779699872, 0.06706723030476125, -0.6037378954814243, -0.4919202787999426, 0.33828881354064305, -0.12586314945799648, 0.010147700647057077]], "inverted": true, "swapped": false, "error_lsq": 0.04551213555111143, "error_max": 0.3338223306688453, "target": "280.xyz", "model": "23.xyz", "model_rescale": 4.274766983524099, "target_rescale": 4.186372405502365},
{"mapping": [7, 4, 5, 10, 0, 12, 13, 2, 8, 1, 15], "R": [[0.47640645046469654, -0.42874038547434495, -0.7676057424348381], [0.8792164897913427, 0.23618856304174354, 0.4137551531609809], [0.003906153430039583, -0.8720072502861353, 0.48947737170761485]], "T": [0.09232355112458746, 0.026793984046876856, 0.03111926524236943], "aligned_model": [[0.22240741983243817, 0.13053386276558512, -0.3630588979572298, -0.4137303028031265, -0.46924846654404073, -0.4971207044355235, -0.08129798987285017, -0.031028266792214126, 0.6081696826091422, 0.20592970270884048, 0.06833866444705416], [-0.3080788851134786, 0.646660556335087, 0.4235059105910054, -0.23015293862118522, 0.5066694673404156, -0.2671323314682589, -0.6214080776382739, 0.07685808284969672, -0.10282547274853002, 0.7065910713025636, 0.08489914841444143], [-0.5414782871946341, -0.26666461260864677, -0.3763785059392643, -0.5417709424700162, 0.2766820321200386, 0.49939150356326806, -0.06519401642491304, 0.6636286217204495, 0.3849190124354732, 0.33552759006546773, 0.01090403875435474]], "inverted": true, "swapped": true, "error_lsq": 0.05204906869551143, "error_max": 0.2982239224050707, "target": "280.xyz", "model": "24.xyz", "model_rescale": 3.7841303162186577, "target_rescale": 4.186372405502365},
{"mapping": [2, 8, 9, 6, 1, 4, 7, 11, 10, 10, 3, 5, 12, 13, 14, 15], "R": [[-0.014372750457642858, -0.27273338665113844, -0.9619822887403298], [0.606101595994563, -0.7675579359893968, 0.20855615606483674], [-0.7952573667543896, -0.5800614749364914, 0.17633605960601628]], "T": [-0.0773162388526854, -0.05219853870275917, -0.002628581408302577], "aligned_model": [[-0.12347254500316242, -0.5539489094155596, 0.03922767756235586, -0.07267998472806497, -0.7341677576464685, -0.17923290544385445, -0.3283331066653942, 0.31352333085638623, -0.11317156008889848, -0.11317156008889848, 0.44259891939361, 0.3534411052836121, 0.5258277855355569, 0.689075268431971, 0.4414988917647185, -0.06357846496895372], [-0.006768508471385132, 0.06726877298386137, 0.4387695243125129, -0.7300726478974038, -0.34239766847540964, -0.6688562728098153, -0.10419907504906704, -0.2467342348778106, 0.5516503509286326, 0.5516503509286326, -0.6630230960438093, -0.399983653708224, 0.10113453095952493, -0.06379377626560742, 0.5479071772681546, -0.11723181658826565], [-0.7540264358655413, -0.3312722218904174, -0.2984470817962927, 0.24735471698238556, -0.19593388692447417, -0.41012161803009684, 0.5949432020566235, 0.6288996149740931, 0.48659122574098085, 0.48659122574098085, -0.07735124201397806, -0.6829464260198946, -0.4360777272383899, 0.15392685701162057, -0.000910381174194258, 0.017110109903624156]], "inverted": true, "swapped": false, "error_lsq": 0.04509260687370632, "error_max": 0.4445983720473526, "target": "280.xyz", "model": "25.xyz", "model_rescale": 4.19342608120988, "target_rescale": 4.186372405502365},
{"mapping": [0, 5, 11, 8, 12, 1, 13, 6, 10, 4, 7, 15], "R": [[0.08457669854571173, -0.9728684695787604, 0.21534558960561168], [0.06836655650508308, 0.22127650999972134, 0.9728117598353654], [-0.9940688084910143, -0.0675547705334266, 0.08522650387896369]], "T": [-0.16565962378459878, 0.13472198632667556, -0.03726288807247295], "aligned_model": [[-0.2040873259179368, 0.3824549555615463, 0.19657052451891058, -0.6624899000587959, -0.4597473473049496, -0.4441922510777191, -0.0660416013584606, 0.010309148261928108, 0.5117047307094302, 0.1483992423979065, 0.3204414868068449, -0.13551310790692409], [-0.6362996881555476, -0.32243875744469785, -0.5694789813842507, 0.5185024192999461, -0.323569963022574, -0.20967322278304681, 0.3553038866467354, 0.5836931144061704, 0.020006458204813338, -0.06910380819357723, 0.5747040325097251, 0.0911309376572849], [0.06270496755431294, 0.10896441230167118, -0.42029196721725043, 0.080825857816265, -0.6344203200646265, 0.5722503449390565, -0.6705136088425502, 0.46807987614822405, -0.45955815575259856, 0.5408304498275348, -0.2017351282009474, 0.002121732700329483]], "inverted": false, "swapped": true, "error_lsq": 0.046817793667631634, "error_max": 0.24799883985100787, "target": "280.xyz", "model": "26.xyz", "model_rescale": 3.795458400668931, "target_rescale": 4.186372405502365},
