[{"mapping": [4, 9, 6, 2, 3, 0, 7, 5, 8, 1, 11, 12, 10, 13], "R": [[-0.7381728159189254, 0.3674760919102761, -0.5657404137169931], [-0.3880454863279391, -0.9172840131408138, -0.08950273614139725], [-0.551834752782785, 0.15346452720623627, 0.8197115617767806]], "T": [0.039883786894054925, -0.0544047280720414, 0.08302120117395065], "aligned_model": [[-0.2661739892362368, 0.6384299794855113, -0.6379897436160397, 0.03632319070156385, -0.26944592257148314, 0.5732284430374834, 0.16244864529235847, -0.5180801828965141, -0.36999209431529795, 0.1906742720155412, -0.06691449716155412, 0.5518439431672754, 0.61759632292371, 0.07208605724406288], [-0.02675627549811676, 0.04191469517982779, -0.17257999398334314, -0.6297128290244243, -0.4754251374431874, -0.609972723392488, 0.355158115098654, 0.14272559785686623, 0.4752561082583418, -0.33234285909584227, 0.6284613439764731, 0.06469297225105552, 0.7706929119990513, 0.06526803253038142], [-0.8219475426794092, -0.32832803706884106, -0.2502480103476451, -0.42714167139031245, 0.06698213846284465, 0.03506168783723265, -0.5403812494590325, 0.5544202926625841, -0.3195210849070963, 0.5657807048015799, 0.1797160563167711, 0.3255749975574649, 0.053170996737076676, -0.022720495471693414]], "inverted": true, "swapped": false, "error_lsq": 0.04687061123077658, "error_max": 0.2874020608419131, "target": "281.xyz", "model": "0.xyz", "model_rescale": 3.8414455957264533, "target_rescale": 3.9128353001151757},
{"mapping": [6, 10, 9, 8, 13, 12, 5, 7, 2, 0, 4, 1, 3, 14], "R": [[-0.10910055888519027, 0.2662979110464668, -0.9576964501465103], [-0.2604250541446507, -0.9374525007657306, -0.2310012986583265], [-0.9593100954460424, 0.22420577909671655, 0.17162723966474402]], "T": [0.0250910431851325, -0.006494553450694454, -0.03905715096416218], "aligned_model": [[-0.19337065700733536, 0.4939524335524365, -0.5910649746735197, -0.0010489586069957202, -0.15427013988235316, 0.5322004419446749, 0.23694101208298143, -0.5270472747404242, -0.36228995044856255, -0.06586817425637023, -0.027814513676918423, 0.7239517830067908, 0.537072467978098, 0.11269092879787775], [0.15579590621568223, -0.04781447901461949, -0.2796182462212782, -0.6692212702847515, -0.6814246335728852, -0.5614917295764333, 0.4555708577375863, 0.10146169558040331, 0.571863294161986, 0.008967656419109044, 0.46546367705760944, 0.19346220857528762, 0.5769942040452695, 0.00737081759028364], [-0.7711524084504643, -0.5358900814192804, -0.14519333752355137, -0.4684897959752629, 0.25614778394413984, -0.16985369544934278, -0.4585067086512325, 0.271496754676379, -0.284093665579084, 0.6799732450105409, 0.22603465493858116, 0.43010044603790165, 0.06483111874342774, -0.024985527251227824]], "inverted": false, "swapped": false, "error_lsq": 0.042148815187913614, "error_max": 0.2634678403241285, "target": "281.xyz", "model": "1.xyz", "model_rescale": 4.316132596720782, "target_rescale": 3.9128353001151757},
{"mapping": [6, 10, 8, 3, 0, 1, 2, 5, 7, 11, 4, 13], "R": [[-0.24433613078872213, 0.26714536044346454, 0.9321658712829641], [-0.09272852951957064, -0.9633339407819278, 0.25177199675638956], [0.9652467430684935, -0.024921374983991718, 0.2601492841900063]], "T": [0.10327202029591928, 0.019429737926777945, -0.012728852256020523], "aligned_model": [[-0.25216392674493193, 0.5828530714751388, 0.10188613566186536, -0.4720689928466657, -0.5456844543575953, -0.43308139577584837, -0.1816640583137746, -0.20681436328045275, 0.5121938528308739, 0.2806874031492252, 0.24585971966617057, -0.034194436832225034], [-0.6057009967059928, -0.367351166031951, -0.498513477222718, 0.5482294517923119, -0.20389770004545815, -0.14236877120025054, 0.23937688475423854, 0.551236912098231, -0.006774695843767237, -0.03441335158865749, 0.5682270834032278, -0.03527374566823385], [0.051483366426854, 0.06596509678390992, -0.5570715804828257, -0.11621131484075584, -0.4075320698712199, 0.41470796989664627, -0.7434323567594379, 0.5363393572540872, -0.3463425187083331, 0.7067147273866327, -0.09909926045437475, -0.05626295542176198]], "inverted": false, "swapped": true, "error_lsq": 0.03670480130538519, "error_max": 0.17724723068378265, "target": "281.xyz", "model": "2.xyz", "model_rescale": 3.795458400668931, "target_rescale": 3.9128353001151757},
{"mapping": [5, 1, 12, 8, 4, 7, 6, 3, 0, 2, 9, 13], "R": [[-0.6676175529564128, -0.5989133541053087, -0.4422551268881124], [-0.5055969123127814, -0.07131777980014103, 0.859817152971584], [-0.5464966287583786, 0.7976318502659655, -0.2551957409460812]], "T": [-0.02153999293042546, 0.12555027512065037, 0.044222894698114155], "aligned_model": [[-0.022943809329362075, -0.20569792341563958, -0.8028936199671943, 0.11109125384396284, 0.2739275673787649, 0.04572453121270193, -0.25369433797680124, 0.569844633267572, 0.4201063947943857, 0.7551003089699, -0.3355188553694115, 0.038257682334686814], [-0.12295394444963006, -0.5263313498105409, -0.21885354629383097, 0.09523118734387423, 0.45964515126514977, 0.5749180690350038, -0.42090946245130717, -0.19292815565055704, -0.432884903101674, 0.13230074837905925, 0.7442606403344285, -0.0057253893102662545], [-0.7423468839163574, -0.14992185834977892, 0.2548541926547566, 0.7831855499551122, -0.3164003995647163, 0.31393734648199845, 0.454993478051386, -0.3683189236439445, 0.390615520368324, 0.2897370498084559, -0.32033609183597755, 0.09877245062984147]], "inverted": false, "swapped": true, "error_lsq": 0.046225096880187784, "error_max": 0.26661616701183566, "target": "281.xyz", "model": "3.xyz", "model_rescale": 3.7530521520055578, "target_rescale": 3.9128353001151757},
{"mapping": [12, 0, 8, 2, 10, 3, 11, 1, 5, 4, 13], "R": [[-0.8666487488994443, -0.0198259143720496, 0.4985247026480637], [-0.2093157023654643, -0.8925721417913937, -0.39937690023482425], [0.45288727380473004, -0.45046853920916224, 0.7693966547941855]], "T": [0.07331639937128628, -0.10399492122128352, 0.07143827707244944], "aligned_model": [[-0.4451654325326112, -0.13361660689154134, 0.34035487504878503, 0.4476889911254417, 0.2525926485693517, -0.12077042620545375, -0.3278973938608756, -0.6249839141314848, -0.4029900881371298, 0.3534901229670063, -0.0005031735062831638], [-0.8133844804439345, 0.19725169245468444, -0.35211595767001386, 0.4340222742736609, -0.6958754071822753, 0.6590945477107474, -0.4493047047740059, -0.05111217405590873, 0.32787776359012444, 0.2680674084342004, -0.05731760402293277], [0.03354276785587168, -0.6309280375049697, -0.5856024403480643, -0.41216857531864054, 0.1291245557256026, 0.034292545239799646, 0.5927472124971352, -0.00689478512819057, 0.588222998736622, 0.4061649316488254, -0.05567039615867532]], "inverted": false, "swapped": true, "error_lsq": 0.04560573832371226, "error_max": 0.2109783797550851, "target": "281.xyz", "model": "4.xyz", "model_rescale": 3.7855080009869324, "target_rescale": 3.9128353001151757},
{"mapping": [4, 12, 7, 6, 8, 13, 1, 10, 5, 15, 9, 14, 2, 16], "R": [[0.3164454235191417, -0.7868628605594875, 0.5298199058226599], [0.08825624270737034, -0.5316782108060284, -0.8423355125941674], [0.9444962305678989, 0.3133131322275552, -0.09880157699545927]], "T": [0.07152331912368862, 0.03786375773036911, -0.10930002251743007], "aligned_model": [[-0.2370916533423826, 0.7335127468457812, -0.6171082223287686, -0.06753897616794952, -0.161767891043425, 0.4399792312824604, 0.38939593551286855, -0.4914192222286746, -0.5889177039930602, 0.1360802654656377, 0.07403561794892263, 0.591154252378814, 0.4098755025995876, 0.10384454114056875], [0.04654092940702742, -0.03268082863969261, -0.1778558403353231, -0.47462696494631573, -0.5236216440902213, -0.5772863445732481, 0.3123554205418101, 0.06903421491315966, 0.47636882429312455, -0.2270795577044133, 0.45634896883972853, 0.19678817925777298, 0.6901031650549003, 0.06299143669494031], [-0.781373150478077, -0.2502210001190861, -0.31084685827303765, -0.48889454996153503, 0.24512800792705106, -0.005867767845614477, -0.739153390997966, 0.3523149380384898, -0.272499918971439, 0.6684888607737136, 0.46670157095815257, 0.2937187363257, -0.032571650654554946, -0.07450504367027241]], "inverted": false, "swapped": false, "error_lsq": 0.046089211918478055, "error_max": 0.3769268356859589, "target": "281.xyz", "model": "5.xyz", "model_rescale": 4.2253639853439635, "target_rescale": 3.9128353001151757},
{"mapping": [8, 9, 10, 1, 4, 0, 11, 2, 5, 3, 6, 7, 12, 13], "R": [[0.9786510278574102, 0.19100441596911333, -0.07589122975636323], [0.03989167025227866, 0.18570093386757508, 0.9817962201012971], [0.20162048585924658, -0.9638633078611349, 0.17411692462501427]], "T": [0.03498098282762012, -0.005533604696518507, -0.11585390336494603], "aligned_model": [[-0.11719515921300709, 0.43886808675177225, -0.6770826621453007, -0.0578963130693307, -0.21559408178516593, 0.665753620272802, 0.13025552898205006, -0.5254067077212208, -0.4495364560733291, 0.09508423808019675, 0.014530609113626712, 0.5949947400300837, 0.7827171588624605, 0.03454182198474247], [0.06934037775060246, -0.16758346075487277, -0.18769869340517234, -0.6767835102687316, -0.5621849768791365, -0.46741990804646905, 0.7468360159403837, 0.03792677846006262, 0.38935229172240793, -0.06180033906505118, 0.4605248836120017, 0.17351292092730589, 0.5530778608292624, -0.009720282109344166], [-0.8349513822541648, -0.5438860037039406, -0.37718457579508, -0.3978169401879169, 0.24228391793857493, 0.0626105803699594, -0.29025718203521633, 0.2505453916868493, -0.21609983425977508, 0.5885828404310365, 0.3269657391687206, 0.41679809318902294, -0.10215696571577212, -0.055014895780773586]], "inverted": false, "swapped": false, "error_lsq": 0.04511036394263728, "error_max": 0.31154483500805874, "target": "281.xyz", "model": "6.xyz", "model_rescale": 3.89814844738969, "target_rescale": 3.9128353001151757},
{"mapping": [11, 5, 1, 9, 6, 3, 4, 10, 7, 2, 0, 8, 13], "R": [[0.6126216064940313, 0.6983896373132663, -0.37006307806928884], [-0.14061796432954934, -0.3644333672807533, -0.9205514156853083], [-0.7777669029757475, 0.6159872038491188, -0.12505362581572058]], "T": [-0.07860438414101434, -0.00012005917811162836, -0.01430814210768477], "aligned_model": [[0.2546840193000212, -0.15836029323004355, 0.42392098721268834, -0.40502201618101547, 0.575901000439063, -0.3858615476658177, -0.6153165011278604, 0.12946600467950503, -0.3423747385872354, -0.5208108051084621, 0.11648803309345673, 0.08795851527204723, -0.012040857192124554], [-0.4340735826851611, 0.15485201982522034, 0.31600797634286537, -0.6632839290856023, 0.22103327004785184, 0.6376995844928762, -0.027207037730794373, -0.5218639414967738, -0.2581021795892334, 0.5589763539397292, 0.7126308808350393, 0.131911237215791, 0.13520061335867722], [-0.5168790726420016, -0.8205779382485933, -0.393896468749885, -0.274987462129296, 0.1953588876978365, -0.3609119165546954, -0.2147477212791494, 0.2507960345699445, 0.36394077273574443, 0.3798461549366468, 0.2699703787714984, 0.7063864103073291, 0.01797697142091648]], "inverted": false, "swapped": true, "error_lsq": 0.03825549326619581, "error_max": 0.2291986948735294, "target": "281.xyz", "model": "7.xyz", "model_rescale": 3.7474275329858107, "target_rescale": 3.9128353001151757},
{"mapping": [6, 3, 10, 0, 12, 1, 5, 11, 7, 13, 9, 4, 8, 14], "R": [[-0.5982721729968193, 0.5763982392532694, 0.5566286704827508], [-0.01381801337090588, 0.6871384521207903, -0.7263950785375173], [-0.801173807312836, -0.44227346450219596, -0.4031311363230078]], "T": [0.08445269404212631, -0.05071576181288001, -0.026163336537553074], "aligned_model": [[-0.13656036479584122, 0.4811716888059348, -0.5987906805803326, 0.08256806748538643, -0.22611103629852253, 0.4396668592433791, 0.12137335667470202, -0.418195701223695, -0.40106177886633865, 0.17048189758135696, -0.1283432194688191, 0.6407582204476491, 0.560793231626504, 0.12628388343901678], [0.06064394711051602, 0.08102489462903345, -0.24903129417864878, -0.451638915783327, -0.4288604685035256, -0.7096403022901769, 0.530146342921759, 0.15895762674155917, 0.35136679112338937, -0.2132364699719595, 0.6612867312878594, 0.14270035234769335, 0.43492275329102037, -0.07126203001194241], [-0.8044244376143872, -0.6087377743722895, -0.28905647137613766, -0.5491072249425065, 0.3496017084015709, -0.09282042053477449, -0.4436050018944082, 0.27360593550122814, -0.2840062133922081, 0.8537786071442137, 0.14149938770302548, 0.488948509491272, 0.02348785436487355, 0.011254324572052249]], "inverted": true, "swapped": false, "error_lsq": 0.048591385852843796, "error_max": 0.3062995194658284, "target": "281.xyz", "model": "8.xyz", "model_rescale": 4.019505241142653, "target_rescale": 3.9128353001151757},
{"mapping": [1, 3, 6, 12, 11, 10, 8, 5, 9, 4, 2, 7, 13], "R": [[-0.03798193338342687, 0.776321650947122, 0.6291915980106475], [-0.9389674779778174, 0.18770650888236312, -0.288281705668557], [-0.34190268796316026, -0.6017399444892542, 0.721811326573389]], "T": [0.020611948818494576, -0.013121312221582061, 0.05825641516694453], "aligned_model": [[-0.2693519633940604, -0.7624695335148839, 0.10832417615681342, 0.5086246266162361, 0.27212259977934444, 0.6408996850618954, 0.26436124313112236, -0.4809206566400325, 0.38357265887290304, -0.1957166183808303, -0.41579385025153187, 0.32848258486158366, -0.062434180557383166], [-0.4134803875752364, -0.005283160948690975, 0.02369300542686955, -0.43311632744399065, -0.7116198682574222, -0.021178880750425753, 0.6097434800147312, -0.6463286084892361, -0.3510673395585865, -0.017698187038687647, 0.6676847477161558, 0.3246173007756804, 0.03741245424289815], [-0.4439283335221324, 0.14812851463051574, -0.6574234211082867, -0.5408603012283827, 0.029681595488018638, 0.02713745329100404, -0.284091116857938, 0.22547453646282592, 0.6651670365175244, 0.5894349435888352, 0.15596012581649582, 0.3234923793004772, -0.06146991833507769]], "inverted": false, "swapped": true, "error_lsq": 0.04994513426164982, "error_max": 0.2775735230188919, "target": "281.xyz", "model": "9.xyz", "model_rescale": 3.877068213659057, "target_rescale": 3.9128353001151757},
{"mapping": [14, 11, 13, 6, 3, 12, 9, 4, 2, 5, 7, 0, 8, 15], "R": [[-0.28022056005802376, -0.6365492827970046, 0.7185272773467875], [0.95944529016997, -0.16180219911100793, 0.23083497034354233], [-0.030678541220694355, 0.7540723167796715, 0.6560745141941647]], "T": [0.031390091633529106, -0.009192486984041296, -0.0902109314450804], "aligned_model": [[-0.2192889198200895, 0.7354621314211264, -0.6391230538471242, -0.03197459093970522, -0.2598106845131518, 0.5138425881277405, 0.11034568861076902, -0.452363079616517, -0.3997092051476903, 0.2074969898240999, -0.138842251991687, 0.7389404221841728, 0.43698913152948554, 0.11206925824895136], [0.07514574791158551, 0.010288515432782471, -0.19036625976492877, -0.5754738322873424, -0.46242505723400945, -0.5649153989401016, 0.449889933203961, 0.12297949020832089, 0.46681374451497837, -0.30696535466223207, 0.6559554077928406, -0.015433353792485036, 0.6463614173522737, -0.014475041022393706], [-0.8247642936931284, -0.3105704776369167, -0.4296614900801359, -0.32603911061102464, 0.24526438503051884, 0.038656634168265105, -0.5578161592601117, 0.36432632499882905, -0.2573241321155986, 0.6107263852437462, 0.351247783130311, 0.2746172705253055, -0.057631288215144114, -0.0506130484333909]], "inverted": true, "swapped": false, "error_lsq": 0.03912907172483008, "error_max": 0.24801376583165746, "target": "281.xyz", "model": "10.xyz", "model_rescale": 4.260839863003843, "target_rescale": 3.9128353001151757},
{"mapping": [8, 2, 4, 7, 11, 10, 6, 0, 3, 5, 1, 13], "R": [[-0.22471971650761957, 0.04368395616622334, -0.9734437636486264], [0.7310422935398638, 0.668069564557642, -0.13878120178085435], [0.6442656393667991, -0.7428154339305493, -0.18206322266141295]], "T": [-0.13896150131989835, 0.0046548584982259705, -0.08133913354891303], "aligned_model": [[0.25666341820517835, 0.38638009469358836, -0.36431424541726865, -0.31860594287179367, -0.6128284523238977, -0.47628178017555245, 0.2961329703663048, 0.6522287745999785, 0.2527344300443205, -0.27860918928769196, 0.15368943853257003, 0.011709132728393828], [0.035985137772679414, -0.5996529079278616, -0.4797717726019644, -0.24656111454972132, 0.4915727157222883, 0.2825757031023994, 0.55914981701144, -0.002385501315333759, -0.3830367684988701, 0.006403515570360808, 0.4739380568718983, 0.03486162437561889], [-0.7193637703932743, -0.2307421412820296, 0.12726720776111197, -0.5100817433065811, 0.21921946924443225, -0.52266126480911, -0.23778240937451267, -0.11062414351647529, 0.4822427491973918, 0.7316453680979687, 0.355335446140812, -0.06827669036422943]], "inverted": false, "swapped": true, "error_lsq": 0.04627152298735158, "error_max": 0.2647510729457512, "target": "281.xyz", "model": "11.xyz", "model_rescale": 3.890672605050136, "target_rescale": 3.9128353001151757},
{"mapping": [8, 6, 7, 5, 12, 9, 0, 4, 3, 10, 2, 11, 1, 13], "R": [[0.6781961360783333, -0.38404538740541844, 0.62654540252167], [-0.6906212145578645, -0.04166472177722952, 0.7220155046547455], [-0.25118188432098265, -0.9223736723106578, -0.29348674521537144]], "T": [0.17210441220160083, 0.03163004189243481, -0.11203660105747784], "aligned_model": [[-0.020246694013654948, 0.6520653906578682, -0.5873898454181812, -0.03937434707081541, -0.2481412706468774, 0.5479686568363307, 0.024912265061461297, -0.3073757506615181, -0.5793541133068749, 0.010161813408843923, 0.1876615262902198, 0.5428732654223625, 0.5180814757599452, 0.012192051751271], [0.05600385923505141, 0.06643954106141828, -0.3192128508631352, -0.6633044895243011, -0.4844628263070567, -0.6484897077682049, 0.5648800482736052, 0.3751022122379472, 0.44942041898773166, -0.1919479403617949, 0.3482195116389791, 0.022135543290280994, 0.7263884477354352, -0.003791808922706967], [-0.8060092336619986, -0.42902887520381183, -0.27648083939339974, -0.39009219488047786, 0.22288706813583473, -0.06749884462414972, -0.3186121133089864, 0.266358279251495, -0.449415381138906, 0.7384503094766808, 0.5244327363921153, 0.29441447333267234, -0.16597100002767773, -0.07301560129786522]], "inverted": true, "swapped": false, "error_lsq": 0.04576149814754338, "error_max": 0.2893481248002134, "target": "281.xyz", "model": "12.xyz", "model_rescale": 4.124412569039231, "target_rescale": 3.9128353001151757},
{"mapping": [0, 1, 5, 6, 3, 2, 12, 7, 11, 10, 4, 9, 13], "R": [[0.19488359704981117, 0.9079275478607844, -0.37106327147324863], [-0.9216008225945582, 0.04003505750303459, -0.3860687995212283], [-0.33566695904416993, 0.4172106925837732, 0.8445489509790465]], "T": [0.12676529062890687, 0.03804173340591743, -0.08399788616877253], "aligned_model": [[-0.16420964661025064, -0.14323051541573825, 0.5665270213906477, -0.5477806818077431, 0.5685129127374257, 0.3510315335959691, -0.5877142057512691, 0.1856588698922336, 0.05084454427751578, -0.18767983209899428, 0.6954325346261725, 0.5248356436831569, 0.05507012899063121], [-0.4449195404078726, 0.3869836168563794, 0.5704742673180645, 0.026150526265728696, -0.10925109931768831, -0.7103573144886941, 0.5450718395059228, -0.24318137625386094, 0.7703057277434234, 0.15603926978758043, -0.0022604216262335497, 0.42732927268235976, -0.024899391556631706], [0.4718539151956785, 0.46545439393560667, 0.3671933720174465, 0.17308709418160723, 0.5520201156523498, 0.14642877279338756, -0.16102091602257523, -0.5274467838239295, -0.18399710377029121, -0.6064833272418125, -0.14694967510576878, -0.6356170505635274, 0.03717527371966724]], "inverted": true, "swapped": true, "error_lsq": 0.04672618956685207, "error_max": 0.3234910342484668, "target": "281.xyz", "model": "13.xyz", "model_rescale": 3.9028299243045295, "target_rescale": 3.9128353001151757},
{"mapping": [14, 5, 11, 12, 1, 8, 10, 6, 9, 2, 3, 0, 4, 15], "R": [[0.6057794750638523, -0.7950658674911626, -0.030024888707347402], [-0.6252654246610185, -0.4990622905896579, 0.5999833154637553], [-0.4920105449224028, -0.34468405310070405, -0.7994488896879095]], "T": [0.08301750361414277, 0.02826703358217604, -0.06090285668759551], "aligned_model": [[-0.3230786936620873, 0.515795272770102, -0.5201755976343749, 0.08118480599375054, -0.4247108181840829, 0.6514230682499915, 0.17946523386426533, -0.4300815499523735, -0.5700385957374066, 0.14510867768590824, 0.1370640910784001, 0.7098284285052946, 0.558665059139618, 0.0035850419533749733], [0.06660119905817503, -0.06472720422809046, -0.27894270219385564, -0.5918864009441696, -0.30716680119948764, -0.47600537317829755, 0.5165233415097473, 0.2335162815902599, 0.3944652450628155, -0.37067715350451974, 0.4234646441068029, 0.13492803109609697, 0.5110069199486381, 0.10627993158913458], [-0.8461843495918895, -0.3181134861600796, -0.35693824171536953, -0.3765714294430977, 0.1669015538720575, 0.07741421900671297, -0.615570518578489, 0.311938087510461, -0.261556930834577, 0.5548389652214815, 0.41824979149171365, 0.471025620921155, -0.0701158321159692, -0.08489866653258533]], "inverted": false, "swapped": false, "error_lsq": 0.04826322193330794, "error_max": 0.3238403616221902, "target": "281.xyz", "model": "14.xyz", "model_rescale": 3.942246331269136, "target_rescale": 3.9128353001151757},
{"mapping": [3, 10, 1, 5, 2, 9, 4, 0, 12, 7, 8, 6, 11, 14], "R": [[-0.6717949485997762, -0.6428437804576451, -0.3680263862316767], [0.2725495450533003, 0.24746803867043746, -0.9297721846387135], [0.688773034117236, -0.7249216811239197, 0.008959001585380932]], "T": [0.10114029232869139, 0.09665893769034192, -0.13986966150561625], "aligned_model": [[-0.22209043803426254, 0.7500669206965417, -0.6419256389191123, -0.13705280020114602, -0.20776925103473354, 0.5911805024341511, 0.3216389075357694, -0.4029409062988939, -0.5700628716085792, 0.1827195573981492, 0.02280020039083508, 0.48167086539107085, 0.531877656502351, 0.013921719818239267], [-0.004903948918618339, -0.00022720808358156486, -0.11591026818107758, -0.46165288639005375, -0.5063749556884588, -0.5036912095728202, 0.32726203479356475, -0.045636014402411496, 0.49948403721695933, -0.2508156877119727, 0.48413398378835937, 0.14478426543577858, 0.6560628343059662, 0.07486498212161508], [-0.7737109709146304, -0.42006213427276584, -0.3834036228224048, -0.3251573188177205, 0.2116597627178644, 0.0783105376263355, -0.6316689592082129, 0.37624251105705003, -0.3750175087734935, 0.6370381298964827, 0.5253873151089088, 0.26715592139137107, -0.014795170850910477, -0.10155970908634954]], "inverted": true, "swapped": false, "error_lsq": 0.04498325089881846, "error_max": 0.2655269979506912, "target": "281.xyz", "model": "15.xyz", "model_rescale": 4.355366556412066, "target_rescale": 3.9128353001151757},
{"mapping": [6, 10, 8, 3, 0, 1, 2, 5, 7, 11, 4, 13], "R": [[-0.24433613078872213, 0.26714536044346454, 0.9321658712829641], [-0.09272852951957064, -0.9633339407819278, 0.25177199675638956], [0.9652467430684935, -0.024921374983991718, 0.2601492841900063]], "T": [0.10327202029591928, 0.019429737926777945, -0.012728852256020523], "aligned_model": [[-0.25216392674493193, 0.5828530714751388, 0.10188613566186536, -0.4720689928466657, -0.5456844543575953, -0.43308139577584837, -0.1816640583137746, -0.20681436328045275, 0.5121938528308739, 0.2806874031492252, 0.24585971966617057, -0.034194436832225034], [-0.6057009967059928, -0.367351166031951, -0.498513477222718, 0.5482294517923119, -0.20389770004545815, -0.14236877120025054, 0.23937688475423854, 0.551236912098231, -0.006774695843767237, -0.03441335158865749, 0.5682270834032278, -0.03527374566823385], [0.051483366426854, 0.06596509678390992, -0.5570715804828257, -0.11621131484075584, -0.4075320698712199, 0.41470796989664627, -0.7434323567594379, 0.5363393572540872, -0.3463425187083331, 0.7067147273866327, -0.09909926045437475, -0.05626295542176198]], "inverted": false, "swapped": true, "error_lsq": 0.03670480130538519, "error_max": 0.17724723068378265, "target": "281.xyz", "model": "16.xyz", "model_rescale": 3.795458400668931, "target_rescale": 3.9128353001151757},
{"mapping": [11, 5, 1, 9, 6, 3, 4, 10, 7, 2, 0, 8, 13], "R": [[0.6126216064940313, 0.6983896373132663, -0.37006307806928884], [-0.14061796432954934, -0.3644333672807533, -0.9205514156853083], [-0.7777669029757475, 0.6159872038491188, -0.12505362581572058]], "T": [-0.07860438414101434, -0.00012005917811162836, -0.01430814210768477], "aligned_model": [[0.2546840193000212, -0.15836029323004355, 0.42392098721268834, -0.40502201618101547, 0.575901000439063, -0.3858615476658177, -0.6153165011278604, 0.12946600467950503, -0.3423747385872354, -0.5208108051084621, 0.11648803309345673, 0.08795851527204723, -0.012040857192124554], [-0.4340735826851611, 0.15485201982522034, 0.31600797634286537, -0.6632839290856023, 0.22103327004785184, 0.6376995844928762, -0.027207037730794373, -0.5218639414967738, -0.2581021795892334, 0.5589763539397292, 0.7126308808350393, 0.131911237215791, 0.13520061335867722], [-0.5168790726420016, -0.8205779382485933, -0.393896468749885, -0.274987462129296, 0.1953588876978365, -0.3609119165546954, -0.2147477212791494, 0.2507960345699445, 0.36394077273574443, 0.3798461549366468, 0.2699703787714984, 0.7063864103073291, 0.01797697142091648]], "inverted": false, "swapped": true, "error_lsq": 0.03825549326619581, "error_max": 0.2291986948735294, "target": "281.xyz", "model": "17.xyz", "model_rescale": 3.7474275329858107, "target_rescale": 3.9128353001151757},
{"mapping": [1, 0, 11, 3, 10, 8, 2, 12, 7, 5, 9, 4, 6, 13], "R": [[0.4871337056178885, -0.8625504032942438, -0.13677556297790144], [0.8129330248813832, 0.3906218605077464, 0.43191950540658786], [-0.3191248186966804, -0.3215919213388363, 0.8914807828671389]], "T": [0.00033514309709758994, 0.004977853848441818, -0.09231634493425714], "aligned_model": [[-0.08659069032927229, 0.7200020745218007, -0.6317025245509919, -0.03815077378062327, -0.23668550305718772, 0.46031920019836203, 0.21403660410488898, -0.49809138040501383, -0.5885797034719362, 0.05855721455352465, 0.05796408728123932, 0.7108623605188259, 0.4996997026179961, 0.07239375586876788], [-0.03509068570381588, 0.026597736169434973, -0.26817386161286655, -0.5860986490814343, -0.5524504734138999, -0.5367403374860664, 0.5473037778336711, 0.18392828825007843, 0.44918932988496846, -0.15965010243129868, 0.5319108740760468, 0.05482401929267988, 0.5789028392562482, 0.06292720367950372], [-0.777412563308696, -0.5174686462135132, -0.31061244847383507, -0.4235814701670586, 0.2386432352648503, 0.016359869614418515, -0.4973435064264038, 0.43568428575718865, -0.24487698889041856, 0.6096293531626629, 0.31602745977215785, 0.3341719375707226, 0.03513544704796742, -0.1439371816585182]], "inverted": false, "swapped": false, "error_lsq": 0.03223821581981763, "error_max": 0.18543039633280983, "target": "281.xyz", "model": "18.xyz", "model_rescale": 3.922800546911778, "target_rescale": 3.9128353001151757},
{"mapping": [10, 1, 11, 4, 13, 8, 2, 7, 9, 12, 3, 5, 0, 14], "R": [[0.8222269685350967, 0.16345921652156184, 0.5451824435432072], [-0.24169443018764017, -0.7669399618561714, 0.5944635374220412], [0.5152927465333247, -0.6205515123196558, -0.5910915376893254]], "T": [0.13981159340456095, -0.06352746915269734, -0.09432805098765815], "aligned_model": [[-0.23015642315318063, 0.7447871296533267, -0.5400587244944813, -0.13517423595503564, -0.2317594200680435, 0.48663772238384684, 0.07037147792265763, -0.5102315582700077, -0.4032208270219956, 0.09347850666727114, 0.03550526276691429, 0.7281393392018686, 0.5440247282303872, 0.061691446206852324], [-0.04270085856069154, 0.1261095795796907, -0.23031334938623554, -0.6068966353943158, -0.5689418622939343, -0.5557810429851966, 0.5064676919814143, 0.14075309449043866, 0.49590326397158346, -0.07519154394532011, 0.45082043008866557, 0.04301990706091331, 0.6394549385184275, -0.02532365441219027], [-0.8107710468211619, -0.47646076906402735, -0.22548609978140854, -0.4854800443629552, 0.18550229042084973, 0.014247771956470881, -0.5225949647614684, 0.3227143585311961, -0.3286274985258223, 0.6907396142483647, 0.2713434840270488, 0.38006823939915446, 0.10783552589023784, -0.05261207810495436]], "inverted": true, "swapped": false, "error_lsq": 0.036215507708551455, "error_max": 0.22864265778799012, "target": "281.xyz", "model": "19.xyz", "model_rescale": 3.9282355846067225, "target_rescale": 3.9128353001151757},
{"mapping": [3, 4, 5, 6, 7, 8, 0, 2, 1, 12, 10, 9, 11, 13], "R": [[-0.5535536377075301, 0.5777394368914314, 0.5998295701623358], [-0.3966361780941027, -0.8162036501520968, 0.4201087284326487], [0.7322964648335154, -0.005361393360439726, 0.6809648618347137]], "T": [0.07581502535894506, -0.09048779840650736, -0.06256078477613956], "aligned_model": [[-0.11509531537108951, 0.4941652178032097, -0.5345365499225198, -0.07233296390100234, -0.22882513365845492, 0.7295081535997107, 0.17121862945816085, -0.6532738400955568, -0.41069420220042535, 0.19941387728368115, -0.05186099179740124, 0.6063741861996786, 0.5735846329708814, 0.006388723701507323], [0.04931593795968908, 0.018506124918778746, -0.2623689470060827, -0.6408704405340782, -0.43818267906487307, -0.46767519477919395, 0.6035149266595752, 0.17982189748071084, 0.4074838052674369, -0.112299159869677, 0.5871124380540311, -0.10408448824099217, 0.42436114967707583, 0.05274458819084904], [-0.776957891602553, -0.523506861991057, -0.3551662829406771, -0.3818963051617883, 0.3550519782680959, -0.15762150871921451, -0.4491553503387845, 0.20961251468489267, -0.3397499796243469, 0.7782970709768857, 0.45395746580478624, 0.3810008593177857, -0.03977592750115143, -0.08367099812134926]], "inverted": false, "swapped": false, "error_lsq": 0.042696789383700286, "error_max": 0.26644127271971096, "target": "281.xyz", "model": "20.xyz", "model_rescale": 4.067790424073018, "target_rescale": 3.9128353001151757},
{"mapping": [1, 8, 10, 9, 12, 0, 5, 11, 13, 3, 6, 2, 4, 14], "R": [[0.3355762435763492, 0.024245371132496585, 0.9417009858367116], [0.9402080717444519, 0.05323391573948641, -0.33641482137626044], [-0.058286933130562796, 0.9982876900942379, -0.0049316561664965175]], "T": [0.09982305435535432, 0.03685829423541105, -0.07333143593668294], "aligned_model": [[-0.07929505970972259, 0.503949012553199, -0.6390050065637836, -0.23266098233794075, -0.25521171871694043, 0.6300057933723958, 0.14635155175381334, -0.4296390136949153, -0.47502167260425865, 0.09318175707395782, 0.09663883426699094, 0.6519808494857054, 0.6709897556229099, 0.0317703235689694], [-0.07652044262726444, 0.08907871232644013, -0.16049455784929018, -0.5560934728569158, -0.5860228850850437, -0.4148102493325216, 0.4941049954355652, 0.030797800541511974, 0.3648149194130455, -0.2034249479945437, 0.5896374060305688, 0.1232069122346978, 0.5992069895324867, 0.0038987789445128138], [-0.8660275091703109, -0.47223384827599874, -0.367392262512018, -0.45004414705101325, 0.1968226187350008, 0.06580813255685973, -0.443772624290927, 0.2977015045029307, -0.30163276524955046, 0.7427352729325744, 0.41858524095154476, 0.41798070210321375, -0.0755762069928316, -0.09253532518794949]], "inverted": true, "swapped": false, "error_lsq": 0.038637995577669206, "error_max": 0.24824007660396516, "target": "281.xyz", "model": "21.xyz", "model_rescale": 4.186013935880536, "target_rescale": 3.9128353001151757},
{"mapping": [2, 0, 3, 9, 10, 4, 7, 8, 5, 1, 12, 11, 13], "R": [[0.13698985685187634, -0.8299540904107308, 0.5407494678038979], [0.8174698787120969, -0.21358434697283687, -0.5349062760209647], [0.5594432737267757, 0.5153231360405656, 0.6492035805070583]], "T": [0.004896792639038391, -0.09114915121344558, 0.017191784343324752], "aligned_model": [[-0.07753986115531547, -0.4786474731305741, 0.3193896743135166, 0.5530038280083536, -0.2096277919060426, 0.5215475348397254, -0.01546228747739006, -0.6333045203119161, 0.5797627383426651, -0.15243396302922002, -0.46610413308359905, 0.21057644279104135, -0.09258615277801921], [-0.3557197017901597, 0.1414526366917955, 0.273170474417273, -0.3898790196279273, -0.4000431193536298, -0.25804716977797787, -0.6185246463087007, -0.44432369693942864, 0.5003475699825433, 0.5948539747627303, 0.24475850660714232, 0.24648183414799174, -0.015570983265558822], [-0.7487713672921245, -0.5650200177441002, -0.6070841775574868, 0.4911407691928937, 0.5115134498660561, -0.16770464019961118, 0.042929129711150434, -0.16320479258634082, 0.006746318388937161, 0.05187212302858386, 0.6796245732005926, 0.6462192558322907, -0.0753810625054952]], "inverted": false, "swapped": true, "error_lsq": 0.05347303800311924, "error_max": 0.31549460633081056, "target": "281.xyz", "model": "22.xyz", "model_rescale": 4.166573947596378, "target_rescale": 3.9128353001151757},
{"mapping": [1, 7, 2, 4, 3, 8, 5, 12, 6, 9, 14, 10, 13, 15], "R": [[0.7460792584874442, 0.08935387930084909, -0.6598345431308632], [-0.11063148457961597, -0.9605467914695253, -0.25516766256191403], [-0.6566021738271477, 0.2633737755576472, -0.7067586856020763]], "T": [-0.011126370672391847, -0.049516211764657425, 0.00685907728456106], "aligned_model": [[-0.17348090588040987, 0.6208979182097569, -0.5668545517197318, -0.02711673460577478, -0.2908212779410977, 0.4879694361965345, 0.27094670356034084, -0.4230407247700177, -0.5109704189302668, 0.10953080884665388, 0.16382881775657165, 0.6386152780818295, 0.4306444493801743, -0.016114374114183188], [0.007495076806784712, 0.08460832649332808, -0.23420383787430954, -0.6598713799099769, -0.5688215205579938, -0.6856742067867136, 0.49334610740700474, 0.3529236633817709, 0.3881383100024197, -0.28047950252119686, 0.48853301846619696, 0.2672885496531369, 0.6723561491123458, -0.028258794959546994], [-0.6848704787848278, -0.29964631279905896, -0.3246011899284008, -0.40187603295698715, 0.12313206263830495, 0.023756448575941363, -0.5559883837719896, 0.31950914846587375, -0.36425017747052324, 0.5477351903044586, 0.5599155582248145, 0.20284827627582983, -0.016635093219828118, -0.05861023250208301]], "inverted": true, "swapped": false, "error_lsq": 0.045162205978042616, "error_max": 0.2544605092517228, "target": "281.xyz", "model": "23.xyz", "model_rescale": 4.274766983524099, "target_rescale": 3.9128353001151757},
{"mapping": [10, 6, 12, 11, 1, 5, 4, 3, 2, 0, 13], "R": [[-0.9663886583972924, 0.2125562512625532, -0.14461258925242892], [0.24022256554546956, 0.5462247260856052, -0.8024535298791191], [-0.09157554217057065, -0.810221197366445, -0.5789261882263145]], "T": [0.058304675612308995, -0.06397260283346301, -0.05829324989859245], "aligned_model": [[0.11596566429895322, 0.034200498778542074, -0.36181932832565467, -0.6074613541218811, -0.4190321319667967, -0.6070597919112312, 0.08194598964627997, -0.011834081123172496, 0.6928830145024318, 0.3747675306806085, 0.08733869349999512], [-0.08984671678287243, 0.6406727790239171, 0.43978069804388725, -0.13396052350536697, 0.41593945124847004, -0.2529767344723364, -0.5708910509140828, -0.08164271605659368, -0.0477050843105043, 0.5287104497936193, 0.06750597917534656], [-0.6761896251459372, -0.21366451926891508, -0.6441443056607374, -0.3805224311696001, 0.1376403457316672, 0.39116853719224165, 0.20899760496242323, 0.7266420090578967, 0.45213659585608484, 0.3605949113997893, 0.016907311066664647]], "inverted": false, "swapped": true, "error_lsq": 0.051328655516500274, "error_max": 0.24709515363940032, "target": "281.xyz", "model": "24.xyz", "model_rescale": 3.7841303162186577, "target_rescale": 3.9128353001151757},
{"mapping": [13, 9, 3, 5, 4, 2, 14, 6, 11, 1, 7, 8, 10, 15], "R": [[-0.8463248104005534, 0.2881328994375899, -0.44801087884353336], [0.4403181072465422, 0.8517396050411574, -0.2840063549203713], [0.2997570344984251, -0.43762892667878006, -0.8477184926629175]], "T": [0.12372913870293821, 0.09366093590614433, -0.005991163664396691], "aligned_model": [[-0.23209672359180417, 0.613832163088447, -0.5394004040522291, -0.030682941667674227, -0.1754699676013869, 0.49893143291980585, 0.4304761002588807, -0.545658323986069, -0.4493497541989422, 0.2055593016730174, -0.08290341014117093, 0.5366569439892196, 0.42766423912745927, 0.056475768252826686], [0.20199307751044504, 0.04410501402170152, -0.2636411362119318, -0.6848011230242612, -0.542338032988942, -0.5564571130203018, 0.34497063869865247, 0.01465406505396595, 0.5581404937131413, -0.1859595645303973, 0.6135569348727231, -0.1304685535230231, 0.8017991470043365, 0.0818261111371406], [-0.6942150371886078, -0.3214019190619955, -0.2916418706801557, -0.3794780813538072, 0.244387647758286, -0.07922222812267155, -0.6930491649780411, 0.2542102802131293, -0.21875133863249924, 0.6782256104409391, 0.3253948651856277, 0.3527767045018295, -0.1128501080246477, 0.0060334229941384175]], "inverted": false, "swapped": false, "error_lsq": 0.047444599744642484, "error_max": 0.35314517508822163, "target": "281.xyz", "model": "25.xyz", "model_rescale": 4.19342608120988, "target_rescale": 3.9128353001151757},
{"mapping": [6, 10, 8, 3, 0, 1, 2, 5, 7, 11, 4, 13], "R": [[-0.24433613078872213, 0.26714536044346454, 0.9321658712829641], [-0.09272852951957064, -0.9633339407819278, 0.25177199675638956], [0.9652467430684935, -0.024921374983991718, 0.2601492841900063]], "T": [0.10327202029591928, 0.019429737926777945, -0.012728852256020523], "aligned_model": [[-0.25216392674493193, 0.5828530714751388, 0.10188613566186536, -0.4720689928466657, -0.5456844543575953, -0.43308139577584837, -0.1816640583137746, -0.20681436328045275, 0.5121938528308739, 0.2806874031492252, 0.24585971966617057, -0.034194436832225034], [-0.6057009967059928, -0.367351166031951, -0.498513477222718, 0.5482294517923119, -0.20389770004545815, -0.14236877120025054, 0.23937688475423854, 0.551236912098231, -0.006774695843767237, -0.03441335158865749, 0.5682270834032278, -0.03527374566823385], [0.051483366426854, 0.06596509678390992, -0.5570715804828257, -0.11621131484075584, -0.4075320698712199, 0.41470796989664627, -0.7434323567594379, 0.5363393572540872, -0.3463425187083331, 0.7067147273866327, -0.09909926045437475, -0.05626295542176198]], "inverted": false, "swapped": true, "error_lsq": 0.03670480130538519, "error_max": 0.17724723068378265, "target": "281.xyz", "model": "26.xyz", "model_rescale": 3.795458400668931, "target_rescale": 3.9128353001151757},
{"mapping": [11, 10, 12, 1, 0, 4, 9, 5, 7, 6, 3, 2, 13], "R": [[-0.006371646662318223, 0.9997559296785412, -0.021153798510109956], [-0.6126087538715237, -0.020622340460597674, -0.7901172278554025], [-0.79036062452452, 0.007924654347222726, 0.6125906325228028]], "T": [-0.0839924364752893, -0.05164678119695628, 0.04901996674276942], "aligned_model": [[-0.014028442110895892, 0.40684593037753697, 0.5727693812470093, -0.07653722905763112, -0.014948180193294233, -0.5764860097331448, -0.24758999735237758, -0.6959582649298218, 0.05535696346609846, 0.43020768676094445, -0.7352113333265344, -0.34106966236131797, -0.06367445996531472], [-0.7230866909105746, -0.35110673222344746, -0.41757690413084386, -0.05454908776227076, 0.6744667374095489, -0.13442109108827244, -0.7109941498542935, -0.37023729198996713, -0.02499246237502111, 0.18418557986939227, 0.30691393091183633, 0.6721422044768086, 0.07113746092401899], [-0.2612184057821879, 0.2839489459881099, -0.40732648747705275, -0.6556019020056502, -0.2590080838575321, 0.3310981823989506, 0.43989767429837195, -0.4031373573281129, 0.558012214169829, -0.39956412525919305, -0.21309299166770446, 0.32019100489520985, -0.04206200627361254]], "inverted": false, "swapped": true, "error_lsq": 0.04761715959557163, "error_max": 0.2869817519009542, "target": "281.xyz", "model": "27.xyz", "model_rescale": 3.6321398670334006, "target_rescale": 3.9128353001151757},
