[{"mapping": [1, 5, 11, 7, 12, 0, 8, 3, 6, 4, 2, 9, 13], "R": [[0.14232284837188494, -0.6390470181020786, -0.7558856497421785], [-0.2574032849382346, 0.7134906872870636, -0.6516706131610049], [0.9557655338702687, 0.28731506714663557, -0.06294677478794976]], "T": [-0.07153459879380966, -0.02206021051266531, -0.12452105496524919], "aligned_model": [[-0.6090633420701284, -0.37782280926514944, 0.25087755046328486, 0.6807536033131685, -0.14844651367540362, -0.3191224236295108, 0.5300758246172305, -0.3379337127985734, 0.06360121794926582, 0.6387144708095659, -0.010033491333337724, 0.3661646365434197, 0.08712207501956473], [0.10320213467240462, -0.711144895296091, -0.4759395867111094, 0.051499251221874834, 0.27053545573429666, 0.7050125265289877, -0.5075928291095172, -0.06251110395731747, -0.425667816516399, -0.031233890487962365, 0.4047148060833973, 0.5377364996244686, -0.025128258504858822], [-0.2930924299180852, -0.18576719578072226, -0.5453604052123634, -0.11774248318025986, -0.61807160092417, -0.050507957310088905, -0.010933615763667331, 0.3233578830020755, 0.5106053069476935, 0.5149055079286697, 0.5121412922803452, -0.30281910450329985, -0.16137901464010573]], "inverted": true, "swapped": false, "error_lsq": 0.046334290042400424, "error_max": 0.25968478935719974, "target": "282.xyz", "model": "0.xyz", "model_rescale": 3.8414455957264533, "target_rescale": 3.640162730724674},
{"mapping": [1, 5, 10, 8, 11, 0, 6, 4, 2, 9, 7, 13, 14], "R": [[0.7728082043312469, 0.39525059689933184, 0.49653242086397126], [-0.6233807392355432, 0.6194813317821432, 0.4771156395713414], [-0.11901232401924539, -0.6782476282480789, 0.7251318649096825]], "T": [0.055658774045224894, -0.025252956526168234, -0.035831182241536336], "aligned_model": [[-0.6655612373914775, -0.11979842292416648, 0.15285217433617848, 0.766209405831015, -0.10633860759427177, -0.3216759646452046, 0.4590419346724752, -0.3947309027912605, -0.026213279952017422, 0.5834860931043294, 0.05629532697016231, 0.4329879570310603, -0.0016673907034256627], [0.09667902384705576, -0.660389853862759, -0.5152177314267269, -0.020694686432288306, 0.47111417592855936, 0.5756812345410659, -0.6615493483933651, -0.04582861703408211, -0.44485416219884377, 0.17020868436915385, 0.2956138423341022, 0.6133986053519115, -0.040678873741609035], [-0.4978616773760549, -0.02405499203473535, -0.5036658354117749, -0.381373392894789, -0.7093606324444149, 0.11253984758221722, 0.17016906339617954, 0.26837765399104285, 0.5656973063529276, 0.34978877080398196, 0.5209444407204052, -0.1926555133169819, -0.10320885644198201]], "inverted": false, "swapped": false, "error_lsq": 0.04239267811261847, "error_max": 0.2735044903658143, "target": "282.xyz", "model": "1.xyz", "model_rescale": 4.316132596720782, "target_rescale": 3.640162730724674},
{"mapping": [9, 6, 3, 5, 11, 10, 4, 7, 2, 8, 1, 12], "R": [[-0.07879673220653943, 0.9709840936869476, 0.22578964723943432], [0.9676601506475628, 0.020053459921339944, 0.25145912509574847], [0.23963494703883856, 0.23830180140343146, -0.9411627614847351]], "T": [-0.05649990714822563, 0.12791999245591668, -0.02355706632205589], "aligned_model": [[-0.09683835315076698, 0.49181511813173484, 0.025961605732163426, -0.6857350855043102, -0.5908130820988442, -0.44653395511198957, -0.14163772728634538, -0.21363836019830862, 0.5328832375632347, 0.24722044186292724, 0.5660594634805952, -0.0909347487883097], [-0.6267387445449984, -0.26268987609718597, -0.5148773354763028, 0.3867611998061855, -0.25292067561945397, -0.08665984488453915, 0.46036161044422647, 0.51593412177792, 0.03625945473895098, -0.01675675093040191, 0.393965448565559, -0.019862180038978994], [0.13139565660840002, 0.0899033652702825, -0.5059911062141833, -0.13766933781521304, -0.40974153339489156, 0.4833347274729428, -0.6279597427888413, 0.3537974171738006, -0.5013430910547613, 0.6834515218211886, 0.07358642638118407, -0.1835058422504873]], "inverted": true, "swapped": true, "error_lsq": 0.04224575710600412, "error_max": 0.2621053084825861, "target": "282.xyz", "model": "2.xyz", "model_rescale": 3.795458400668931, "target_rescale": 3.640162730724674},
{"mapping": [11, 3, 9, 1, 5, 7, 6, 4, 2, 0, 10, 12], "R": [[0.6693340430356124, -0.06357102287707117, 0.7402368971376418], [0.6923738437661978, -0.3079862004719486, -0.6525051423454633], [0.2694631687300171, 0.9492645707963694, -0.16213073529951938]], "T": [0.028387075557784653, 0.10445925412617393, 0.11336697422482986], "aligned_model": [[-0.10386875326967403, -0.23640030396946346, -0.6874770955274669, 0.22910559818062567, 0.2736697878755646, 0.13506557808397784, -0.33050256916324544, 0.6339677202463755, 0.2465864418034101, 0.891742519529799, -0.45032370834798713, -0.008261389698350812], [-0.09109328476691214, -0.5989781387519514, -0.1429626009447213, -0.005807236384937076, 0.4683797001630614, 0.6437295814672329, -0.285234528170619, -0.11385500728072281, -0.5742101772517703, 0.30017046338579323, 0.550797978701324, -0.0651677048760679], [-0.6104674172404174, -0.18293420142906755, -0.03315353659526507, 0.7578439626389953, -0.4189445800392422, 0.23766932876063981, 0.543989413081873, -0.14870064902092991, 0.388776615228118, 0.22743302844983365, -0.050120285516464774, -0.022620247678972222]], "inverted": true, "swapped": true, "error_lsq": 0.04149951032944538, "error_max": 0.2348675053091143, "target": "282.xyz", "model": "3.xyz", "model_rescale": 3.7530521520055578, "target_rescale": 3.640162730724674},
{"mapping": [2, 11, 9, 10, 6, 5, 1, 4, 0, 7, 12], "R": [[0.08072629300655057, -0.18723412620972468, 0.9789926698397194], [-0.5560008020881914, 0.8067273745441584, 0.2001350824777544], [-0.8272523035294063, -0.5604768729783332, -0.038978213937031575]], "T": [0.00993585160833322, -0.04904778693701947, 0.024071944012089855], "aligned_model": [[-0.4323680545747438, -0.21600726323083008, 0.39984711202559015, 0.5713992976738419, 0.22451915143017095, -0.16036673127294862, -0.0038516768643152774, -0.665991254905287, -0.5339593646138735, 0.24795832053598282, -0.09297993375838257], [-0.6682000325133517, 0.18751724675219053, -0.34965023717146615, 0.2555760232745863, -0.6968559300449758, 0.6071331416249883, -0.4541075882194914, 0.10379031350212195, 0.271587755316016, 0.3197937453189472, -0.10938107952521889], [0.0952855820836853, -0.6634273793960389, -0.5698596360660807, -0.1928923128717922, 0.004138979943780721, -0.10391598535686249, 0.5750108465163022, 0.07728411219804115, 0.6549977776939415, 0.3775476752349944, -0.16133888273465424]], "inverted": false, "swapped": true, "error_lsq": 0.04315016271267548, "error_max": 0.19460321295355212, "target": "282.xyz", "model": "4.xyz", "model_rescale": 3.7855080009869324, "target_rescale": 3.640162730724674},
{"mapping": [7, 6, 1, 2, 5, 10, 12, 8, 13, 14, 15, 9, 16], "R": [[0.4233169375115323, -0.8969531924445733, -0.12758425051449668], [0.5912372285998295, 0.38020447453518147, -0.7112545937011722], [0.6864701813869634, 0.22565355770941203, 0.6912591134731134]], "T": [0.060097568632807144, -0.07687801350515955, -0.10895701903644459], "aligned_model": [[-0.6322220929088486, -0.41578194869617363, 0.3934338551272215, 0.73694463069484, -0.19867203686563173, -0.2945371400368896, 0.5088696418404421, -0.42255049436429365, -0.024263090711415067, 0.6130878875277037, 0.047425190152818125, 0.39790421854865426, 0.10524846563496891], [0.012191260162543252, -0.5229409689263197, -0.5800172380480301, 0.10802923595556863, 0.3209294253881483, 0.5575548673241497, -0.5376003244887363, 0.05003759241881889, -0.4559658477937383, 0.04183375009977386, 0.35420446533731037, 0.5405999369348626, -0.05537386108217721], [-0.3812245760590608, -0.08358788711123091, -0.5659491194297472, -0.34019942702761397, -0.7646175847643468, -0.05705887645246241, 0.11331273032461067, 0.38728198610292996, 0.5026338016311007, 0.2622661253433154, 0.5934142602343889, -0.0016179895920519216, -0.08931726027381007]], "inverted": false, "swapped": false, "error_lsq": 0.03949627119262552, "error_max": 0.2169348341605081, "target": "282.xyz", "model": "5.xyz", "model_rescale": 4.2253639853439635, "target_rescale": 3.640162730724674},
{"mapping": [11, 7, 6, 2, 5, 8, 3, 9, 0, 4, 1, 10, 13], "R": [[-0.5278300064902581, -0.7996123911058433, -0.2863834985443296], [-0.7675170714944128, 0.5934461821533081, -0.2423616592043862], [0.3637485796716386, 0.09187846797622742, -0.9269548629298014]], "T": [-0.0018377884768539243, 0.00015679856123830722, -0.017991591850864366], "aligned_model": [[-0.5097966345106817, -0.11789935043453174, 0.07342776049361002, 0.5665841325127866, 0.07233954965722278, -0.3788780434395005, 0.417430314256681, -0.4533357568809623, -0.09246565483431002, 0.6313661100175083, 0.18760099302026176, 0.38079867257047206, 0.03771499351484032], [-0.04389620568595552, -0.7846445402600678, -0.4014883123174495, 0.05862952820716399, 0.3148090222614605, 0.6355036163609152, -0.5698346125120931, 0.10479122672123924, -0.45461957009464066, -0.031875900060649, 0.3808002570310051, 0.6709979549119538, -0.04569017128070819], [-0.6058614178888805, -0.020782370799716385, -0.51471512679614, -0.3696292912851455, -0.5622644710930079, -0.02431162731101169, -0.06629813417378871, 0.3792459296095025, 0.636246662669816, 0.2965525884435208, 0.5802803258816408, -0.12787314631908236, -0.02525373801168545]], "inverted": false, "swapped": false, "error_lsq": 0.04892923384018583, "error_max": 0.2819623734236607, "target": "282.xyz", "model": "6.xyz", "model_rescale": 3.89814844738969, "target_rescale": 3.640162730724674},
{"mapping": [3, 6, 1, 2, 0, 7, 5, 8, 9, 10, 11, 4, 12], "R": [[-0.5595761996346366, -0.8057064792954496, 0.19419460863728671], [-0.7819505635359325, 0.43561355142183744, -0.4458633759387423], [0.2746412077389252, -0.4013451171236368, -0.873781611143608]], "T": [0.03365627787215661, 0.08433671643335247, -0.05367451907908243], "aligned_model": [[-0.7090894248194093, -0.33391223501899747, 0.34744212714949296, 0.6944948401832737, -0.0634600656231948, -0.3148866661441089, 0.3156506205715247, -0.4861997460115641, 0.12244954998120747, 0.6622518078580175, -0.026138938878099982, 0.41364962839072217, 0.19263558830453284], [0.03497521273287406, -0.47684607848376814, -0.4450527565277441, 0.08779537514931018, 0.04285025411398527, 0.621926979275165, -0.6385729366811091, 0.0002477444792399752, -0.5138537024576748, -0.03452312369494975, 0.44421002718699243, 0.6049917250355007, 0.10533357315435282], [-0.36716167951081546, -0.13936646763770155, -0.6334001772529414, -0.3082884950572853, -0.6366476545996016, -0.19785914038143002, -0.03228694922395025, 0.3710201142072858, 0.6037673845213495, 0.3063861162847346, 0.6689983678372694, -0.058056751780065995, -0.0017684844808260117]], "inverted": true, "swapped": false, "error_lsq": 0.04005996023965205, "error_max": 0.21407845401060643, "target": "282.xyz", "model": "7.xyz", "model_rescale": 3.7474275329858107, "target_rescale": 3.640162730724674},
{"mapping": [2, 3, 0, 10, 1, 4, 6, 8, 5, 7, 9, 12, 14], "R": [[0.7025657495808004, -0.6155610465521626, -0.357051768632469], [-0.7110742264454597, -0.5876387662416327, -0.3860752839732205], [0.027835445046901997, 0.5251335814605822, -0.8505644652943262]], "T": [0.11172233414257757, 0.13096659583651332, -0.06922961119544732], "aligned_model": [[-0.6653673315202798, -0.2120085273326723, 0.2597587969543291, 0.8500558224880681, -0.11022840445569959, -0.5391383919846788, 0.4218260146689613, -0.44363156563032446, 0.03632473101473517, 0.5526880998876565, 0.17095853370472372, 0.42459323409577365, 0.069056074052804], [0.08152662573536537, -0.5088173124855282, -0.3384988831091164, -0.017939922577872802, 0.09455743487081408, 0.5451960048964333, -0.6201076558078711, 0.06368838579637419, -0.35098233537411444, -0.10647023946979906, 0.2426062990155954, 0.583922571843247, 0.16480131994864605], [-0.3890371106794839, -0.0661609037674952, -0.5072942267300702, -0.1584140742456197, -0.7863168183629616, 0.0612317152599256, 0.012387018473773784, 0.3209831568136847, 0.4552338223911063, 0.39234440735910303, 0.6820147494648631, -0.34777099512541176, -0.09386455792539286]], "inverted": true, "swapped": false, "error_lsq": 0.04875665448135022, "error_max": 0.295110670505118, "target": "282.xyz", "model": "8.xyz", "model_rescale": 4.019505241142653, "target_rescale": 3.640162730724674},
{"mapping": [10, 1, 2, 3, 6, 11, 0, 9, 7, 4, 8, 5, 12], "R": [[0.515635018582624, -0.645582259430148, -0.5633330044657088], [0.852267903128164, 0.3188614298487764, 0.41468881085980147], [-0.08809057219032893, -0.6939387111725782, 0.7146251578466305]], "T": [0.01114728331072986, -0.016431755191301245, -0.09021046620949796], "aligned_model": [[-0.7849350133015295, -0.3630487018775716, 0.3078556484213956, 0.8434028485340831, -0.15734793494648316, -0.20367113191703287, 0.3758156351117629, -0.5242564927113691, 0.20730740315114107, 0.699660928224051, -0.04027253284420932, 0.4286043908563174, 0.02577203924284104], [-0.0867202840077406, -0.5741771735743864, -0.2528778148480274, -0.026727615548365835, 0.3274597608534855, 0.5501293108307708, -0.5113282841593567, 0.03936602069259165, -0.37025914788867575, -0.018828482763133578, 0.24210014306850852, 0.4952784638298282, 0.02006739679667595], [-0.5368560280985195, -0.16234031517780162, -0.544115268081897, -0.3039988596176336, -0.707794326574849, 0.05160325294332324, 0.12130902906499985, 0.3311794556658735, 0.7196730893939416, 0.371891132692995, 0.5316047728083901, -0.21023935544445196, -0.08658039664834893]], "inverted": false, "swapped": false, "error_lsq": 0.03963931331796792, "error_max": 0.2467809655755796, "target": "282.xyz", "model": "9.xyz", "model_rescale": 3.877068213659057, "target_rescale": 3.640162730724674},
{"mapping": [13, 10, 9, 8, 2, 4, 11, 3, 12, 0, 5, 7, 15], "R": [[0.3846564815523701, -0.41736927751006053, 0.8233117741114124], [0.47406069011131685, 0.854646146424829, 0.21176974876589938], [-0.7920264220914184, 0.3088411413525085, 0.5266035473837473]], "T": [-0.034620447722647746, -0.038475102144039985, -0.051349901661226535], "aligned_model": [[-0.7231887363503046, -0.058326162257287706, 0.21233882749095614, 0.6871139592264806, -0.09512845369608638, -0.21724870794492904, 0.45818585129171807, -0.4652095970385284, 0.006250971990122145, 0.5696860496526583, 0.060507775617845067, 0.3489110796040863, 0.030994228356666723], [-0.013851134053141728, -0.7301906314074813, -0.2716604933810076, 0.01331743885746589, 0.2331874813501515, 0.6131269836240374, -0.5702104412051241, 0.2066246706313085, -0.39561967405564097, -0.13150877329106536, 0.2992256216458807, 0.6333342702380498, -0.052293025671258264], [-0.4019292337039319, -0.20684409812552412, -0.6172836377110286, -0.3191929794707816, -0.6537563922403743, -0.06369170606110383, 0.08668906786934273, 0.34523606456189115, 0.6036100188822157, 0.45847794074901926, 0.6471515546854117, -0.31185384432393126, 0.0087234278148164]], "inverted": true, "swapped": false, "error_lsq": 0.04098701455100603, "error_max": 0.22570691173282298, "target": "282.xyz", "model": "10.xyz", "model_rescale": 4.260839863003843, "target_rescale": 3.640162730724674},
{"mapping": [6, 8, 10, 9, 11, 3, 2, 1, 7, 5, 4, 12], "R": [[0.6052143696762735, 0.7766942717062627, 0.17453244694333964], [-0.18337738955609098, -0.07732589857701022, 0.9799966522436963], [0.774653664379731, -0.6251133606858332, 0.09562942306172698]], "T": [0.06497155341865635, -0.0027113495543981663, 0.06989865008416146], "aligned_model": [[0.2407804029876816, 0.3154384383998705, -0.2803018058078795, -0.42625043849017674, -0.6432928208138654, -0.3682080823955618, 0.3662048452017492, 0.7170629143846087, 0.2606615567620224, -0.2563064702637536, 0.11568597372544011, -0.08257586459600491], [-0.05269445447035275, -0.6598735749073386, -0.5789758543131772, -0.21266208579568868, 0.266054221236024, 0.4422466642203767, 0.5562657920087781, 0.019578815447793455, -0.373373337633304, 0.026029226477940405, 0.6011885760887766, 0.1392945171731059], [-0.5878943595565098, -0.274256406954973, 0.13167148994368677, -0.48667029346024576, 0.14602532178960329, -0.4469172531574392, -0.35537383903992714, -0.135228672198056, 0.4466730884153422, 0.679744287599706, 0.4101946983860553, -0.011789984371737686]], "inverted": true, "swapped": true, "error_lsq": 0.04308707132160408, "error_max": 0.2882550410353496, "target": "282.xyz", "model": "11.xyz", "model_rescale": 3.890672605050136, "target_rescale": 3.640162730724674},
{"mapping": [1, 6, 8, 7, 0, 2, 5, 11, 9, 12, 10, 4, 13], "R": [[0.18494885590386193, -0.4680174603143489, 0.8641490482207103], [0.8433669735041088, 0.5269958910802621, 0.10491653247720495], [-0.504505766768203, 0.7093905748072972, 0.4921777561737224]], "T": [-0.01124907162705921, -0.07624151454869207, -0.09011334916531005], "aligned_model": [[-0.655341110259892, -0.3938144410506854, 0.23036297851078932, 0.834311606247452, -0.13444437805153223, -0.2714535128393717, 0.5627623353089868, -0.37374074976090954, 0.015419594737443726, 0.566598740799432, 0.12921380941481939, 0.1677481782174277, 0.1372640346694363], [0.10113334030481497, -0.49777029374019766, -0.4853331468141564, -0.05093136811082548, 0.11920214019187558, 0.548158401195251, -0.554185154638814, 0.053526654316565225, -0.5669518959557397, 0.07792749829567788, 0.495823516725042, 0.5898027985946525, 0.003079802918028049], [-0.4888386895009063, -0.1796430669837006, -0.6318316334023264, -0.19665304503540254, -0.6335461730210703, 0.1289357952270681, 0.126803601393572, 0.30297973081488394, 0.5134697187177197, 0.3542468289532784, 0.5826067140747857, -0.21421814884147902, -0.08897544947040158]], "inverted": false, "swapped": false, "error_lsq": 0.04688414777877569, "error_max": 0.2616166039762016, "target": "282.xyz", "model": "12.xyz", "model_rescale": 4.124412569039231, "target_rescale": 3.640162730724674},
{"mapping": [11, 9, 7, 5, 10, 2, 3, 8, 6, 0, 1, 4, 12], "R": [[-0.22946151264603257, -0.8396040330675734, 0.49235402087406577], [0.7147179423557384, 0.19803026980882546, 0.6707922741909178], [-0.6607008983564153, 0.5058152626168066, 0.5546397416476002]], "T": [0.1756742480377276, -0.10601482140044115, -0.01354439251376436], "aligned_model": [[-0.7167026297338813, -0.1770599277884218, 0.26088212112861797, 0.7520454193438283, -0.11563022162329592, -0.31558104637223383, 0.48733135221749724, -0.5096554188406153, -0.1049069840067455, 0.6996268830207664, 0.019504590544461825, 0.4134667458833126, 0.12156620217010582], [0.14104956688716352, -0.6299126057704536, -0.3854326931101016, 0.045449091803382316, 0.20157946867926518, 0.6018008536252815, -0.6473647827434716, -0.047117946353054815, -0.3770110425521661, 0.007499674039625329, 0.3079550786610982, 0.6375777845522145, -0.02259015443660843], [-0.3784766566329589, -0.11229146708729901, -0.5682902314784335, -0.4810920745275141, -0.6178101709286787, -0.005752117429835703, 0.3307860367748864, 0.19078506376827695, 0.5300069253302553, 0.20861656043103882, 0.6699058681710991, -0.10735814465289892, -0.08369340881191642]], "inverted": false, "swapped": false, "error_lsq": 0.03823372182017644, "error_max": 0.2831473314736379, "target": "282.xyz", "model": "13.xyz", "model_rescale": 3.9028299243045295, "target_rescale": 3.640162730724674},
{"mapping": [8, 4, 3, 6, 2, 12, 7, 13, 10, 9, 14, 1, 15], "R": [[0.9397046432192564, -0.3384867919283623, -0.04880445883539446], [-0.28263229759535846, -0.84901012648731, 0.4464311699220504], [-0.1925465342927234, -0.40571972692000996, -0.8934860577086885]], "T": [-0.0057231799686131846, 0.0012782385409956503, -0.13044969740736162], "aligned_model": [[-0.6665501717848575, -0.1917863153190056, 0.2728390824828354, 0.6314667648120177, -0.047743596683369305, -0.37876551790020074, 0.5621809100173238, -0.5144316818570167, -0.03811626672552627, 0.6452342229002711, 0.11169067122347053, 0.34029662106849223, 0.08857236370896238], [0.15003477427425976, -0.6504447670686014, -0.4042089977940747, 0.04680089820769795, 0.27116688343732775, 0.5642558925547527, -0.5992320551231235, 0.14034717612667347, -0.42847449035964896, 0.01858438940714835, 0.2258824542228541, 0.5244802496026738, -0.025710114205764988], [-0.5015107968523926, -0.12949706658525845, -0.5134283030048914, -0.3210406834916024, -0.8142217160589911, 0.037287788422692925, 0.2403606147710463, 0.4649718696360912, 0.4775107305661887, 0.2900267148395768, 0.7173814099655238, -0.2999451506032028, -0.07255922867875977]], "inverted": true, "swapped": false, "error_lsq": 0.04340669149495784, "error_max": 0.23640172240353519, "target": "282.xyz", "model": "14.xyz", "model_rescale": 3.942246331269136, "target_rescale": 3.640162730724674},
{"mapping": [10, 9, 5, 1, 4, 11, 2, 6, 7, 0, 8, 12, 14], "R": [[-0.6211477879074669, -0.6004003412281236, -0.5036813038329035], [-0.22625358738457893, -0.4779502537297564, 0.8487478242418478], [-0.7503230902573035, 0.6411575354098356, 0.1610350117642625]], "T": [0.023212623688320548, 0.07940039213461718, -0.14460280175136872], "aligned_model": [[-0.6029384344920665, -0.37156775259070673, 0.34322140287429037, 0.7905035868998582, -0.2280399588563859, -0.48713803678962964, 0.4183033206608553, -0.36140632329216854, -0.007419145325654165, 0.5414641644267841, 0.040441044541148934, 0.6268575046788125, 0.11260571320825899], [-0.05425978083155032, -0.6176205210372259, -0.3899329180280783, 0.03082455507822572, 0.3679829312526016, 0.5334476124098434, -0.5293057034368112, -0.01054508544154921, -0.42333108906860634, -0.08677080903120328, 0.33452073589325804, 0.6149760294212099, 0.06349633610205983], [-0.4593571925791977, -0.06415028632492938, -0.4276225597272857, -0.40062311658751704, -0.5887381806657682, 0.07332918251576545, 0.09209985775931476, 0.25133591323573135, 0.5462678523245781, 0.34988678893136216, 0.5857790969859851, -0.2744020797223324, -0.10846909321968513]], "inverted": false, "swapped": false, "error_lsq": 0.043114682307270336, "error_max": 0.2581657831300133, "target": "282.xyz", "model": "15.xyz", "model_rescale": 4.355366556412066, "target_rescale": 3.640162730724674},
{"mapping": [9, 6, 3, 5, 11, 10, 4, 7, 2, 8, 1, 12], "R": [[-0.07879673220653943, 0.9709840936869476, 0.22578964723943432], [0.9676601506475628, 0.020053459921339944, 0.25145912509574847], [0.23963494703883856, 0.23830180140343146, -0.9411627614847351]], "T": [-0.05649990714822563, 0.12791999245591668, -0.02355706632205589], "aligned_model": [[-0.09683835315076698, 0.49181511813173484, 0.025961605732163426, -0.6857350855043102, -0.5908130820988442, -0.44653395511198957, -0.14163772728634538, -0.21363836019830862, 0.5328832375632347, 0.24722044186292724, 0.5660594634805952, -0.0909347487883097], [-0.6267387445449984, -0.26268987609718597, -0.5148773354763028, 0.3867611998061855, -0.25292067561945397, -0.08665984488453915, 0.46036161044422647, 0.51593412177792, 0.03625945473895098, -0.01675675093040191, 0.393965448565559, -0.019862180038978994], [0.13139565660840002, 0.0899033652702825, -0.5059911062141833, -0.13766933781521304, -0.40974153339489156, 0.4833347274729428, -0.6279597427888413, 0.3537974171738006, -0.5013430910547613, 0.6834515218211886, 0.07358642638118407, -0.1835058422504873]], "inverted": true, "swapped": true, "error_lsq": 0.04224575710600412, "error_max": 0.2621053084825861, "target": "282.xyz", "model": "16.xyz", "model_rescale": 3.795458400668931, "target_rescale": 3.640162730724674},
{"mapping": [3, 6, 1, 2, 0, 7, 5, 8, 9, 10, 11, 4, 12], "R": [[-0.5595761996346366, -0.8057064792954496, 0.19419460863728671], [-0.7819505635359325, 0.43561355142183744, -0.4458633759387423], [0.2746412077389252, -0.4013451171236368, -0.873781611143608]], "T": [0.03365627787215661, 0.08433671643335247, -0.05367451907908243], "aligned_model": [[-0.7090894248194093, -0.33391223501899747, 0.34744212714949296, 0.6944948401832737, -0.0634600656231948, -0.3148866661441089, 0.3156506205715247, -0.4861997460115641, 0.12244954998120747, 0.6622518078580175, -0.026138938878099982, 0.41364962839072217, 0.19263558830453284], [0.03497521273287406, -0.47684607848376814, -0.4450527565277441, 0.08779537514931018, 0.04285025411398527, 0.621926979275165, -0.6385729366811091, 0.0002477444792399752, -0.5138537024576748, -0.03452312369494975, 0.44421002718699243, 0.6049917250355007, 0.10533357315435282], [-0.36716167951081546, -0.13936646763770155, -0.6334001772529414, -0.3082884950572853, -0.6366476545996016, -0.19785914038143002, -0.03228694922395025, 0.3710201142072858, 0.6037673845213495, 0.3063861162847346, 0.6689983678372694, -0.058056751780065995, -0.0017684844808260117]], "inverted": true, "swapped": false, "error_lsq": 0.04005996023965205, "error_max": 0.21407845401060643, "target": "282.xyz", "model": "17.xyz", "model_rescale": 3.7474275329858107, "target_rescale": 3.640162730724674},
{"mapping": [4, 9, 2, 1, 0, 8, 7, 5, 12, 11, 10, 3, 13], "R": [[-0.10065515297175709, 0.7648099599182172, -0.6363444549849768], [-0.5412476878391306, -0.578761250877941, -0.6099888153818859], [-0.8348170341991277, 0.28302144740654567, 0.4722069246833177]], "T": [0.08532652503458961, -0.039369367419076186, -0.04160839981387949], "aligned_model": [[-0.6924238922284761, -0.299989635826328, 0.23743465319674822, 0.6768328909409658, -0.031234021391883457, -0.25414899496307053, 0.54488332099818, -0.48963988687508353, -0.02760952395054843, 0.6645921421106429, 0.006446301352585185, 0.40224922585645406, 0.07749450672321055], [0.06206626619461666, -0.5863128352325679, -0.40040969744792543, 0.09685178668737146, 0.24872394922750893, 0.5908077932334638, -0.6119205736183148, 0.002411078158334988, -0.46235029196160515, 0.05329979532830611, 0.34196912299729026, 0.5590492374136024, -0.06070333769790691], [-0.31371301701307613, -0.031193744196406477, -0.6335084937903431, -0.3733951281135756, -0.8178546691776695, -0.10859771786475306, 0.12695004583561342, 0.3952988629014051, 0.5646667106980675, 0.3798182639785917, 0.5283023269690967, 0.0036061598225893207, -0.14504341712351854]], "inverted": false, "swapped": false, "error_lsq": 0.03934101012379436, "error_max": 0.24108042648801636, "target": "282.xyz", "model": "18.xyz", "model_rescale": 3.922800546911778, "target_rescale": 3.640162730724674},
{"mapping": [1, 2, 10, 11, 6, 8, 9, 5, 3, 7, 12, 13, 14], "R": [[-0.721477683572083, -0.06881278032375876, -0.689009980603747], [0.5888806310513397, 0.46248292324089135, -0.6628190915198023], [0.36426577451091624, -0.883953814955665, -0.2931485946500314]], "T": [-0.012024284813365677, 0.0503909833923291, -0.05762344337461744], "aligned_model": [[-0.6694414495074564, -0.08144459192779283, 0.29075861779629697, 0.6744903909958642, -0.24402872039066206, -0.2536529152692939, 0.399819632996658, -0.5709875819506208, 0.024964205244497426, 0.6204277270640781, 0.09690530486383048, 0.466242760524024, 0.06083370550397313], [-0.154538530318169, -0.646115972634383, -0.33405988867603004, 0.010552503007276101, 0.17961370349619998, 0.6021589935818785, -0.6514941201318415, 0.26586270330908923, -0.2793342320785561, -0.09037028664929327, 0.37208480941137384, 0.5412446295805919, 0.017877981384037858], [-0.32926583681092814, -0.20989899608853377, -0.6988103803254976, -0.24297205585381215, -0.6942105956126503, -0.16513307967330804, -0.03559903126580643, 0.4153096285872377, 0.4892425159527326, 0.40971127242028116, 0.6517857977270893, -0.011394900372308996, -0.0034281557584737096]], "inverted": true, "swapped": false, "error_lsq": 0.04872203324059941, "error_max": 0.2608760790537711, "target": "282.xyz", "model": "19.xyz", "model_rescale": 3.9282355846067225, "target_rescale": 3.640162730724674},
{"mapping": [12, 7, 2, 1, 10, 11, 5, 9, 6, 3, 4, 0, 13], "R": [[-0.3760403504977417, -0.5843379768121731, -0.7191264031118535], [-0.7824207696871189, -0.2155248308520621, 0.5842660236984577], [-0.4963984225999839, 0.7823670341605956, -0.3761521366402183]], "T": [-0.026460162141951474, -0.07077665043454445, 0.0974679670971167], "aligned_model": [[-0.7435227687269257, -0.2864626426147961, 0.26260036312301427, 0.6189030122011326, -0.12888858678734116, -0.15616490726258636, 0.48308080793227826, -0.6663647473613391, 0.12162196202955379, 0.6702215653018427, 0.12545823705067594, 0.43944242620605817, 0.0749623648518296], [-0.15153972721087994, -0.5986020028233991, -0.4008423317911736, 0.021170211731598026, 0.25103537648208923, 0.6300343957353076, -0.5479008998057864, 0.19178730621768875, -0.5155849075755123, 0.02996287565423411, 0.3648690007720005, 0.5671497054467727, -0.008056709550765193], [-0.35207945969425947, -0.10721931610135695, -0.5998245605295632, -0.272062740755737, -0.6951099698579418, 0.023957913461826616, 0.07720463256565675, 0.094800436382673, 0.552507913626137, 0.36362804613019784, 0.5293261747433151, -0.0297394652307416, -0.010053421814184824]], "inverted": false, "swapped": false, "error_lsq": 0.041518625460034334, "error_max": 0.3056647002707955, "target": "282.xyz", "model": "20.xyz", "model_rescale": 4.067790424073018, "target_rescale": 3.640162730724674},
{"mapping": [3, 11, 6, 5, 2, 0, 13, 12, 10, 1, 9, 8, 14], "R": [[0.6545055463992145, -0.7465879169852204, -0.11928525451343724], [-0.14433161690966684, -0.27825173731128827, 0.9496022088450992], [-0.7421528643702098, -0.6043032789046571, -0.2898735465891524]], "T": [0.11426509793701202, 0.0420296097291072, -0.11818879093532324], "aligned_model": [[-0.6731578541200164, -0.22716761417861298, 0.06925162650695948, 0.689975889319197, -0.16794408208133782, -0.22548667150162294, 0.4436584621756919, -0.5124444910141724, 0.157048677778314, 0.6490515442024063, 0.014409198628031292, 0.4947587835285129, 0.10293361670004611], [-0.0742554723855347, -0.501052957010712, -0.35524187078706104, -0.03230658281938163, 0.33009990191035354, 0.6610272033270006, -0.5318662644949033, -0.03716247374978615, -0.40455510783014637, 0.16225872601492505, 0.14496399244460847, 0.46589109090923636, 0.005682107753575312], [-0.4185017791696083, -0.03745910135455878, -0.7408492608976288, -0.22541442229918257, -0.7435650113138359, -0.19479651772768253, 0.11043107307780446, 0.31537501282209, 0.5673901446309275, 0.49242853420930516, 0.6456719370099377, -0.14527931920327292, -0.05009510685827359]], "inverted": true, "swapped": false, "error_lsq": 0.04475803080447004, "error_max": 0.27499458946021543, "target": "282.xyz", "model": "21.xyz", "model_rescale": 4.186013935880536, "target_rescale": 3.640162730724674},
{"mapping": [3, 5, 8, 9, 11, 4, 2, 6, 0, 1, 7, 10, 12], "R": [[0.45153484399078847, -0.8344125261264441, 0.3160253485173311], [0.6854098371298369, 0.09761013396311036, -0.7215854882918268], [0.5712526934972515, 0.5424278735380309, 0.6159889302423749]], "T": [0.09809511092314567, -0.019043199234118312, -0.04528937591390282], "aligned_model": [[-0.8107618209721443, -0.33245738353044463, 0.4912753631404332, 0.6664940533008497, -0.06054036267326089, -0.2693110330015817, 0.3029277728830352, -0.34090396328575984, -0.026203013972573144, 0.5467716839681193, 0.2062376743382771, 0.3848304350966356, 0.05652768065181127], [-0.06830007638830479, -0.6517907144199591, -0.34632058227660617, 0.14779011110611695, 0.09312031995563994, 0.6031497679478756, -0.7297163660983452, 0.0980106752249102, -0.41548434388906236, -0.1391805093211995, 0.4862703579892022, 0.7616143536471501, -0.005680700195243721], [-0.19985810540174415, -0.1583995331094059, -0.616224516292236, -0.23113890941656845, -0.6463052743655759, -0.11948361938396236, -0.09712019067296086, 0.27631760836201197, 0.5456191076759485, 0.5198474176662045, 0.4755629397622124, -0.11352478928862082, -0.05995595260928124]], "inverted": true, "swapped": false, "error_lsq": 0.05772005040283869, "error_max": 0.30977831537778217, "target": "282.xyz", "model": "22.xyz", "model_rescale": 4.166573947596378, "target_rescale": 3.640162730724674},
{"mapping": [8, 4, 3, 12, 9, 10, 2, 7, 1, 6, 5, 14, 15], "R": [[-0.8222082714072612, -0.4983580809499526, 0.27497778379600757], [-0.014941982106901536, -0.4640416773021239, -0.8856873369859979], [0.568990593595536, -0.7323281674758331, 0.3740924478271215]], "T": [0.09651286539260898, -0.004650616542360488, -0.11167688842082706], "aligned_model": [[-0.6365653438470883, -0.28251105921575836, 0.09681355279736734, 0.7102811137081079, -0.004240066796726949, -0.2486463354841094, 0.3997216011413106, -0.43268950147882224, 0.11305605285623069, 0.6551723790602823, 0.010296615011597413, 0.3369082102887965, 0.09728986790220877], [-0.158935593634173, -0.6340692939923855, -0.4433703873959662, 0.20785759711073143, 0.1817602367524449, 0.6548632294769452, -0.5947755315615468, 0.2643649966110981, -0.40784525164572455, -0.16634259812380825, 0.22185323487899114, 0.7347329635040089, -0.026611308698441326], [-0.41642535060379415, -0.10652845019882899, -0.5227140208861417, -0.1983380199557469, -0.6734143775661107, -0.02892517506667837, 0.0006898612356607686, 0.28702739099884433, 0.4759109518546078, 0.3791009460906014, 0.6835116078886194, -0.2583048630037935, -0.046254317861218155]], "inverted": true, "swapped": false, "error_lsq": 0.044929094368167784, "error_max": 0.21447865324866974, "target": "282.xyz", "model": "23.xyz", "model_rescale": 4.274766983524099, "target_rescale": 3.640162730724674},
{"mapping": [5, 7, 0, 4, 1, 2, 3, 6, 9, 8, 12], "R": [[0.31964785534826684, 0.46921875518850986, 0.8232004666851199], [-0.7465610103344804, -0.4102852420519835, 0.523748678282538], [0.5834997055865699, -0.7819845138707615, 0.21915363023845996]], "T": [0.04550905664103348, 0.10997868561303908, -0.04013635529484028], "aligned_model": [[0.2303102667816636, 0.15962639911436222, -0.5948650445882863, -0.4311854408143759, -0.4210716610981688, -0.5496825419741842, 0.049745548038598916, -0.02053075017281411, 0.5579659318636936, 0.34894512399407335, 0.05063687281351252], [0.03794065369906373, 0.5980175093856448, 0.4045312792620697, -0.17490054048270537, 0.48185760328116334, -0.18219943995141546, -0.6280565914634635, 0.08468568703967395, -0.23169346740378188, 0.6346562889203249, -0.10925245104309098], [-0.7009058502756591, -0.29789438685231995, -0.5877277584795586, -0.458077326896805, 0.2942372639948413, 0.3399064511808495, 0.2885228765566496, 0.6389054063333479, 0.4244015191472297, 0.4555233261456369, -0.017325086832634576]], "inverted": false, "swapped": true, "error_lsq": 0.04699038854156383, "error_max": 0.24956131799236667, "target": "282.xyz", "model": "24.xyz", "model_rescale": 3.7841303162186577, "target_rescale": 3.640162730724674},
{"mapping": [2, 4, 1, 7, 8, 9, 6, 12, 3, 11, 13, 10, 15], "R": [[0.8423794430954884, 0.3985395939369477, -0.36271623332118447], [-0.45159468423808835, 0.8893446388318179, -0.07161253067030215], [0.2940393086273267, 0.2241256465594168, 0.9291440036594367]], "T": [0.09182660609944908, 0.06334278757838875, -0.10691706526437751], "aligned_model": [[-0.628638739700458, -0.19861289296005524, 0.09256294885213491, 0.7324828556386568, -0.13201162681681788, -0.2835823171164498, 0.4194726788842069, -0.48384628643071065, -0.020081708924018712, 0.6372190323201181, 0.06957331502903817, 0.4942178955114761, 0.11613193165627572], [-0.0275115223591567, -0.6216532105205189, -0.3610670933129463, 0.07208264489190645, 0.04403579581444911, 0.509586561340857, -0.551942357482927, 0.23968774822089545, -0.45567311941114075, 0.04669479707565062, 0.20671644027888403, 0.726708059174481, 0.005817549571740098], [-0.3105545072892044, -0.1628609910553044, -0.7175823619731042, -0.217771676899415, -0.6537090450819433, -0.15247300092850383, 0.08307949654301348, 0.3542500216901099, 0.4989714599228847, 0.433173218851194, 0.6618148672185226, -0.1642134170048492, -0.07678788106737884]], "inverted": false, "swapped": false, "error_lsq": 0.041004744294629705, "error_max": 0.24232363845657004, "target": "282.xyz", "model": "25.xyz", "model_rescale": 4.19342608120988, "target_rescale": 3.640162730724674},
{"mapping": [9, 6, 3, 5, 11, 10, 4, 7, 2, 8, 1, 12], "R": [[-0.07879673220653943, 0.9709840936869476, 0.22578964723943432], [0.9676601506475628, 0.020053459921339944, 0.25145912509574847], [0.23963494703883856, 0.23830180140343146, -0.9411627614847351]], "T": [-0.05649990714822563, 0.12791999245591668, -0.02355706632205589], "aligned_model": [[-0.09683835315076698, 0.49181511813173484, 0.025961605732163426, -0.6857350855043102, -0.5908130820988442, -0.44653395511198957, -0.14163772728634538, -0.21363836019830862, 0.5328832375632347, 0.24722044186292724, 0.5660594634805952, -0.0909347487883097], [-0.6267387445449984, -0.26268987609718597, -0.5148773354763028, 0.3867611998061855, -0.25292067561945397, -0.08665984488453915, 0.46036161044422647, 0.51593412177792, 0.03625945473895098, -0.01675675093040191, 0.393965448565559, -0.019862180038978994], [0.13139565660840002, 0.0899033652702825, -0.5059911062141833, -0.13766933781521304, -0.40974153339489156, 0.4833347274729428, -0.6279597427888413, 0.3537974171738006, -0.5013430910547613, 0.6834515218211886, 0.07358642638118407, -0.1835058422504873]], "inverted": true, "swapped": true, "error_lsq": 0.04224575710600412, "error_max": 0.2621053084825861, "target": "282.xyz", "model": "26.xyz", "model_rescale": 3.795458400668931, "target_rescale": 3.640162730724674},
{"mapping": [2, 1, 6, 5, 0, 3, 8, 9, 11, 10, 4, 7, 12], "R": [[0.9117234713738307, -0.005259746355478129, -0.4107707959608713], [0.41069987724181883, 0.0342325798863327, 0.9111277305119633], [0.009269443327767635, -0.9994000528029815, 0.03337082375056717]], "T": [-0.005789246839717169, -0.10581343344855156, 0.03209635355173625], "aligned_model": [[-0.8055543551968092, -0.224565699890603, 0.39724406614767693, 0.7185569369148648, -0.24425518851601957, -0.20412938046196594, 0.36312826374070406, -0.40626775504737794, 0.15847636838830975, 0.5029450941222738, -0.00276953876707893, 0.4629311404962425, 0.09914713401317932], [0.042940827293366166, -0.5073751429319365, -0.4385093925303021, -0.13570192986777257, 0.3152408440603799, 0.6021699540328587, -0.7337238423252705, -0.07388064006444163, -0.33457726423989786, 0.2713900953696124, 0.3402131412223668, 0.49431483450063596, -0.009019191237424451], [-0.3041815899189836, -0.3437203938378449, -0.6067029162576034, -0.1711024450229751, -0.6440105034943819, -0.034965359018945597, 0.012600227844598008, 0.18366004077879788, 0.6895600476891087, 0.35858264221073194, 0.7391425745918242, -0.2513738549946861, -0.05215228764361951]], "inverted": true, "swapped": false, "error_lsq": 0.05393042600453586, "error_max": 0.3157272215067643, "target": "282.xyz", "model": "27.xyz", "model_rescale": 3.6321398670334006, "target_rescale": 3.640162730724674},
{"mapping": [4, 7, 3, 0, 1, 13, 8, 6, 12, 10, 9, 11, 14], "R": [[0.7694944586710623, -0.6351316826102064, 0.0669777860134026], [0.27046863431662016, 0.4190870416794555, 0.8667253136647532], [-0.57855422902735, -0.6488249357423701, 0.494268355079989]], "T": [0.1344875920911916, -0.008373739803201613, -0.07803793862577232], "aligned_model": [[-0.6291279210989622, -0.16489472734061106, 0.25407951827848557, 0.6952873463120401, -0.18501781593270977, -0.22383314963384493, 0.3368382883497764, -0.5425114622680653, -0.1924552814086194, 0.8050805075201486, 0.13648429839664927, 0.42359145998086156, 0.10136602478824791], [-0.14323810541290122, -0.7205171338765671, -0.42892029044362895, 0.029501572241926052, 0.18010366513144543, 0.7118748519824476, -0.43780445868424606, 0.15069242096186586, -0.4785627289666875, 0.07074575701965502, 0.29691012552737645, 0.5619145476602904, 0.040782070141198085], [-0.36987728357957117, -0.14214251797200936, -0.6075645667546175, -0.34911134311829417, -0.6345087448850819, 0.06097840571710947, 0.12610188894233956, 0.26877277925488907, 0.5182341492645257, 0.30760033747710114, 0.5164113325092676, -0.0170784506694025, -0.10247980326023476]], "inverted": true, "swapped": false, "error_lsq": 0.03714363695824878, "error_max": 0.2255892925304352, "target": "282.xyz", "model": "28.xyz", "model_rescale": 4.156811204709835, "target_rescale": 3.640162730724674},
