[{"mapping": [6, 5, 7, 13, 11, 9, 12, 2, 10, 1, 0, 8, 4, 14], "R": [[0.764283704294838, 0.37603702491881735, 0.52389557665585], [0.005579699757322365, 0.8085057285999124, -0.5884618541347799], [-0.6448560198214628, 0.4526749857362671, 0.6158295795012542]], "T": [-0.07625478622246312, 0.11388407138169096, 0.1994145700444518], "aligned_model": [[0.09198615470977908, 0.3053907916681487, -0.5432519114469916, -0.32346569899809374, -0.630898590448574, -0.076186475044704, -0.6593928396468718, 3.4524499561428e-06, -0.3744047471981707, 0.3160818063243074, 0.5664320316048503, 0.24478038455224843, 0.5970558850883887, -0.14263814248596957], [-0.5915645299888258, -0.17289309929767252, -0.49176755213471124, -0.3631965817246624, 0.3482380183060777, 0.20712469127955296, 0.21501462203037086, 0.4305048649037351, 0.8313929406032622, -0.0876803177198699, 0.5222967135526587, 0.5938144858401492, -0.19095868290376508, -0.015052240936265199], [0.1197596312983224, -0.40470804101987606, 0.4948861876224964, -0.2341734921295851, 0.5346816794246012, -0.547308470781142, -0.17177349892349586, 0.6595717424773178, 0.07042387710155967, 0.7412949555346866, 0.42712621870668244, -0.13945354167422547, 0.1264810451543541, 0.2207797943881374]], "inverted": true, "swapped": true, "error_lsq": 0.040510110611881374, "error_max": 0.22721810530406386, "target": "283.xyz", "model": "0.xyz", "model_rescale": 3.8414455957264533, "target_rescale": 3.957361872501159},
{"mapping": [7, 4, 0, 1, 2, 6, 5, 1, 9, 8, 13, 11, 12, 10, 14], "R": [[0.6848498457348223, -0.4829890060504715, 0.5456210304152213], [-0.5756300160496475, 0.10053061359092719, 0.8115070427012414], [-0.4468005969329862, -0.869836315501606, -0.20917459409526268]], "T": [-0.09194512146218911, 0.00578457708186178, -0.050746336544477036], "aligned_model": [[-0.30017140552935967, -0.022337625848760034, 0.32265694747822926, 0.7007695643791194, -0.6235305817830662, -0.7662994489024288, -0.2884477636611723, 0.7007695643791194, -0.5699536973753999, -0.3009981664032063, 0.07628063686676326, 0.6701863747125403, 0.27066151409874617, -0.07916594556318399, -0.02096503181652544], [-0.5813833671630301, -0.1576744633092454, -0.5681265165138376, 0.17768777135373878, -0.009394767242850155, 0.3996916219233658, 0.5118478139296525, 0.17768777135373878, -0.3780993524060746, 0.2070927855746502, -0.4172797339725334, 0.0007754999392733664, 0.3747223282058879, 0.6774808192185042, 0.05779856368355368], [-0.20832368900963055, -0.5648019497975916, -0.20646579770871232, -0.35166262028363054, -0.5624017024889217, -0.061265598424373305, -0.42438987911205417, -0.35166262028363054, 0.24867078058105846, 0.6841510896960047, 0.5555239691658131, 0.33056179845217104, 0.5102268424131252, 0.0797992546229203, -0.06864525101103133]], "inverted": true, "swapped": false, "error_lsq": 0.045772766599806995, "error_max": 0.3886422889825544, "target": "283.xyz", "model": "1.xyz", "model_rescale": 4.316132596720782, "target_rescale": 3.957361872501159},
{"mapping": [11, 2, 3, 13, 7, 12, 6, 9, 1, 10, 4, 14], "R": [[0.3097313671515512, 0.8676190964504541, 0.38897761333645997], [0.9362298990828505, -0.34969063795976285, 0.034496866330287784], [0.16595196975554902, 0.3534877101085576, -0.9206010984875379]], "T": [0.06601408819766802, 0.0649089578311658, 0.042032066382140874], "aligned_model": [[-0.10308762126870091, 0.4737069983509715, 0.09962879716220654, -0.537373142920855, -0.4515159769081774, -0.49370958160696693, -0.1740381990559119, -0.21271251484820575, 0.5056368573121045, 0.12192514841437702, 0.40614735068498964, -0.03679956068405067], [-0.5872062805273621, -0.3243427384985762, -0.5741585701265792, 0.3793298241778819, -0.25479616122207327, -0.04135718524276179, 0.43530242453859225, 0.5903443458541565, -0.04024742419077837, -0.23273543422196458, 0.6151349236057378, 0.047508703594706964], [0.18731071035200958, 0.05087950174543484, -0.510868092836014, -0.0753611223150076, -0.5076541617452405, 0.44635233605321567, -0.5389078890803952, 0.5030290851716478, -0.4907573039888823, 0.7691034141411396, -0.32287396855216566, -0.06099404773632145]], "inverted": true, "swapped": true, "error_lsq": 0.04030846078136207, "error_max": 0.2609464461831091, "target": "283.xyz", "model": "2.xyz", "model_rescale": 3.795458400668931, "target_rescale": 3.957361872501159},
{"mapping": [1, 2, 3, 12, 6, 13, 11, 8, 10, 9, 7, 14], "R": [[0.8822619813283825, 0.03606242605799247, -0.4693754336661952], [0.15083867554887787, -0.9661488658947422, 0.20929420175667524], [-0.44593888624023065, -0.25545228587177554, -0.8578360212661319]], "T": [0.13849701092815106, -0.03122293907989594, -0.03272881399132659], "aligned_model": [[-0.20673135283880337, -0.1168534096699764, -0.6937780755920074, 0.224570747244252, 0.06100169456884916, 0.24614279531120578, -0.3160952602433219, 0.7145100403690757, 0.33792972203955507, 0.7959476440177194, -0.504509410074847, 0.051168690611864354], [-0.12326584679462728, -0.514528557688637, -0.08434927495590801, 0.10870475755572033, 0.6151574702319987, 0.6099270643110919, -0.3022305887780183, -0.37175359019536247, -0.5858689836365447, 0.1874974803592188, 0.4606963306898411, 0.08578278419093657], [-0.6331753453114354, -0.17064368236649674, -0.17319807328497694, 0.6462921811193583, -0.36211383952860493, 0.1997724782198672, 0.408696465567778, -0.05455188209740396, 0.48971289041572047, 0.26088515150704605, 0.09673877040082213, -0.01964368400257384]], "inverted": true, "swapped": true, "error_lsq": 0.054844967186149784, "error_max": 0.30928976747024645, "target": "283.xyz", "model": "3.xyz", "model_rescale": 3.7530521520055578, "target_rescale": 3.957361872501159},
{"mapping": [10, 7, 13, 6, 9, 1, 8, 2, 0, 4, 14], "R": [[-0.6517357425170265, 0.7461040030665479, -0.13626936021664088], [0.08237088481555466, -0.10897659143323418, -0.9906256305256271], [-0.7539599188686907, -0.6568507586413115, 0.00956669283769468]], "T": [-0.1323363008476232, -0.10433707588731578, -0.0649112447460573], "aligned_model": [[-0.6192806825177566, -0.05473619456186221, 0.41282726288128907, 0.4495218618619929, 0.3076658518268007, -0.24723636933921952, -0.13739393670469663, -0.635727264792449, -0.3777708699914032, 0.3186006789899909, -0.07827073520748119], [-0.6998066075893526, 0.17406348768039098, -0.29984019702588455, 0.2719320696713702, -0.682528733508181, 0.5765843290938765, -0.4239329311532169, 0.10460692231519103, 0.17504417957869906, 0.32932646341571103, -0.05824562416425758], [0.10435830798499135, -0.832162853111811, -0.440800870874595, -0.29331934713465524, 0.1310010577382047, 0.04155269977605397, 0.5233584981039314, 0.0791325410664819, 0.6375186901186101, 0.33532298528482146, -0.19313093170671736]], "inverted": false, "swapped": true, "error_lsq": 0.04485842320665847, "error_max": 0.26018285277489217, "target": "283.xyz", "model": "4.xyz", "model_rescale": 3.7855080009869324, "target_rescale": 3.957361872501159},
{"mapping": [2, 0, 3, 5, 1, 11, 4, 7, 14, 13, 15, 10, 8, 6, 16], "R": [[0.04974613139702423, 0.7824203209609504, -0.6207606332221736], [-0.6925921567024873, 0.4748392111141173, 0.5429952376059302], [0.7196119974578159, 0.4029220333214439, 0.565519591330739]], "T": [-0.05359256428096045, 0.001090503984589878, 0.02618201902134645], "aligned_model": [[-0.2681526652193003, -0.03073109112110913, 0.25861861544473336, 0.5509433116194216, -0.5409163036460533, -0.6932486116897324, -0.0035340079135485966, 0.4907684835423413, -0.3760928257205442, -0.4277137515279436, 0.13187977767518028, 0.6359033985170175, 0.2258820081991967, -0.11563357952168682, -0.0685178236065576], [-0.64789566340088, -0.1191544355368987, -0.5402421222289036, -0.04424336408343987, 0.04458323592797188, 0.4736075325493849, 0.4642689837180583, 0.49018333674339337, -0.5052789452237957, 0.30511226618149545, -0.24914711630843345, -0.10923572641183979, 0.3070249551111933, 0.6508389265082974, -0.04759508897080948], [-0.2541153323866542, -0.7442025543476616, -0.27696773349435866, -0.5100869990793191, -0.5515098489400213, 0.028188765149719765, -0.5482399693387368, -0.1345311491777613, 0.3380809783217355, 0.5669885872497608, 0.7892673684058338, 0.2344791967412764, 0.5950475118353488, 0.03359605454973699, 0.0433197513226167]], "inverted": false, "swapped": false, "error_lsq": 0.03725737167905955, "error_max": 0.23525051875856934, "target": "283.xyz", "model": "5.xyz", "model_rescale": 4.2253639853439635, "target_rescale": 3.957361872501159},
{"mapping": [10, 11, 13, 9, 12, 6, 5, 8, 3, 2, 7, 4, 0, 14], "R": [[0.4088356114705604, 0.8554263960517422, -0.3179608839643976], [-0.437486964110804, 0.48947409186917845, 0.754334322182118], [0.8009111055707777, -0.169294992030985, 0.5743523366772557]], "T": [0.05537323705237819, 0.008116472957200568, 0.020056811715765527], "aligned_model": [[0.5574156247611823, -0.02170168420685431, -0.4492101245255983, 0.19147884560708994, -0.10137511777862014, -0.4817159305356079, 0.02479256923007883, 0.6527710790290464, -0.33255686541563967, 0.33674101088311126, -0.7178976696102561, 0.10688532477649286, 0.6992367386100454, -0.09080164806668677], [-0.2260924026077003, 0.18504900205319647, -0.44809762090081523, -0.7195841215947734, -0.49919963943914264, 0.007884916146773543, -0.468842989283075, -0.2656502673283036, 0.7106441621318458, 0.4563097460944074, 0.2104819105503679, 0.11780981234404735, 0.3653166545723853, 0.019069983895776445], [-0.5398097965558732, -0.6415396614445361, 0.13830284508501023, 0.1550243099285997, -0.43394569436884173, 0.5138612518427473, 0.6237397716214687, 0.1481035650969692, -0.2467781963966281, -0.17427186594518493, -0.16243706600918037, 0.7527979256890246, 0.31930194308220833, 0.01920887730566512]], "inverted": true, "swapped": true, "error_lsq": 0.040278682049617175, "error_max": 0.22644548609437268, "target": "283.xyz", "model": "6.xyz", "model_rescale": 3.89814844738969, "target_rescale": 3.957361872501159},
{"mapping": [11, 3, 7, 10, 13, 1, 2, 12, 8, 4, 6, 5, 14], "R": [[0.3353377592198711, 0.9153493832370372, 0.22289929082204715], [-0.1999327011853398, 0.3003545813313865, -0.9326382152099394], [-0.920638638249628, 0.2681839519449726, 0.2837285069940053]], "T": [-0.1317797054351761, 0.014906758712193262, 0.008104027203659627], "aligned_model": [[0.010474462502628068, -0.06767673195745239, 0.4740033273389707, -0.3128954492506204, 0.4823406286010224, -0.4718188988835304, -0.5341869499731023, 0.34921167502318795, -0.5415271215764486, -0.40407945101585946, 0.20512581905793836, -0.027759681657464716, -0.012579827305046587], [-0.3597206692818079, 0.3281886594729191, 0.3383447587189463, -0.7497951334039572, 0.12724171229832312, 0.5492767628346746, -0.05269818356581991, -0.4880762000723686, -0.2997081813727039, 0.5891506839204022, 0.63685546634752, 0.2563546495484401, 0.08836694002591772], [-0.552586260331709, -0.7748270677589276, -0.4398004918456604, -0.044612943910761954, 0.302985132311552, -0.2868749595009421, -0.38087752829780525, 0.06904166144845454, 0.4339594899810261, 0.39241175144618806, 0.18693949707695004, 0.7318038079204381, -0.03528705770250706]], "inverted": false, "swapped": true, "error_lsq": 0.0408357371618553, "error_max": 0.21972953612997084, "target": "283.xyz", "model": "7.xyz", "model_rescale": 3.7474275329858107, "target_rescale": 3.957361872501159},
{"mapping": [10, 11, 12, 13, 7, 5, 9, 4, 0, 3, 1, 2, 2, 8, 14], "R": [[0.9195496685148182, 0.35676411095138616, -0.16476582252201127], [0.39177922975664004, -0.8649493481510689, 0.3136425676854699], [-0.030617678971171736, -0.3529617461852032, -0.9351366549677702]], "T": [-0.059073242335233186, -0.05205698696007764, -0.06505162578297065], "aligned_model": [[-0.5049808128447831, -0.10393365867968114, 0.24977316102977543, 0.7643477005074387, -0.6259614521295341, -0.5931808003938511, -0.2637733376752821, 0.5420455196377016, -0.35176181086622066, -0.4148278692154643, 0.27270308936409043, 0.3913935578379823, 0.3913935578379823, 0.018824063212993, -0.002605972591732432], [-0.6128669659072293, -0.14187543051046358, -0.5166991419238262, -0.0876791755234603, -0.005291941069378053, 0.42515014805068674, 0.42805323937178497, 0.4483936096492087, -0.41512082793666655, 0.24482249168826092, -0.4028837862195857, 0.26683886563898607, 0.26683886563898607, 0.618688599898858, -0.04354177627136771], [-0.3138928718894556, -0.6785662106409477, -0.328422439956633, -0.42396782667477867, -0.439655977069859, -0.06015972008420768, -0.6199682696383708, -0.044284338934155114, 0.40049245038336734, 0.4821556088141338, 0.5108362475876376, 0.570538330860986, 0.570538330860986, 0.031087249569888592, -0.047415936377075585]], "inverted": false, "swapped": false, "error_lsq": 0.05806299758818837, "error_max": 0.5850544327459926, "target": "283.xyz", "model": "8.xyz", "model_rescale": 4.019505241142653, "target_rescale": 3.957361872501159},
{"mapping": [2, 4, 8, 10, 11, 12, 9, 3, 7, 6, 5, 13, 14], "R": [[-0.4253392735628243, -0.34259062202950763, -0.8376861990402398], [0.848084190894282, -0.4740253134579053, -0.2367555856919238], [-0.31597421970825423, -0.811129871166492, 0.4921672729684392]], "T": [-0.04631410322676764, -0.12719084724969684, -0.05488198788040187], "aligned_model": [[-0.22930021433414738, -0.6836031496001337, -0.0959975630362561, 0.4242815004101704, 0.3659173752780933, 0.6431320300936275, 0.26974364915150467, -0.19569260291858742, 0.12404111874000114, -0.3155915572595778, -0.20864809126348893, 0.2444815768340325, -0.02306330035406229], [-0.5940370885207152, 0.24478954488045787, 0.176499368482791, -0.28491544118728385, -0.6792727594602427, -0.016314327574150744, 0.5280111873487727, -0.84909546546588, -0.4119231608639118, 0.17201311647123405, 0.6215174059060189, 0.294800790551081, -0.1386949424541127], [-0.3125238698605622, 0.02931375570280688, -0.6494677154471772, -0.6664485875342174, -0.0699261554285096, -0.03418448067635442, -0.24751352368073926, 0.35957624408057953, 0.6948581596125569, 0.5536196912391598, 0.022204002611459703, 0.4078044315310346, 0.08939154189384156]], "inverted": true, "swapped": true, "error_lsq": 0.041866552527539944, "error_max": 0.2965063680908457, "target": "283.xyz", "model": "9.xyz", "model_rescale": 3.877068213659057, "target_rescale": 3.957361872501159},
{"mapping": [10, 9, 11, 8, 14, 13, 2, 7, 6, 3, 12, 0, 5, 4, 15], "R": [[0.283432988445196, -0.08060362377262674, 0.9555986589022333], [0.5202952931396164, 0.8499798437954849, -0.08262610409649136], [-0.8055796354165033, 0.520612447965014, 0.2828500133040292]], "T": [-0.037722095003021545, 0.0644772834796192, -0.0037084422268712676], "aligned_model": [[-0.28449725738125037, -0.01430757514330775, 0.3129206786747984, 0.5789559527782087, -0.5696474680879484, -0.7600884370611083, -0.17411218289303262, 0.43255355563748493, -0.49720736071676, -0.2716024582361455, 0.07086175448105966, 0.6284303031346009, 0.31845180970232584, -0.036066031930263975, 0.03480965207275296], [-0.5612138723560879, -0.1040600665255208, -0.5800175494719518, 0.004994936405683027, -0.13883221484917785, 0.3090090376318629, 0.45386487374114093, 0.671357169664603, -0.2168478044121683, 0.31798396466298195, -0.4123711916564169, -0.2574144381940434, 0.23112554670536406, 0.7301838229443884, 0.025064560284138157], [-0.22914884721686862, -0.6414326975383948, -0.08327810874594022, -0.46359209227262427, -0.5377891402457566, -0.13031643974881887, -0.5234491529905996, -0.2808802040922497, 0.2963483201356877, 0.5290163281917418, 0.5611103739480023, 0.29021797306656605, 0.6718387050643587, 0.11845022719086529, 0.0322193820655472]], "inverted": true, "swapped": false, "error_lsq": 0.03787220202082135, "error_max": 0.2181311556429978, "target": "283.xyz", "model": "10.xyz", "model_rescale": 4.260839863003843, "target_rescale": 3.957361872501159},
{"mapping": [6, 7, 11, 3, 2, 1, 4, 13, 12, 10, 8, 14], "R": [[-0.5181751656352471, 0.8207547542484737, 0.24053301456850412], [-0.8536188623220833, -0.4788078291659564, -0.20512898531737686], [-0.053191499385113555, -0.3116162641902895, 0.9487180657525456]], "T": [0.029430611286159605, 0.11471568929038929, 0.03207322721710142], "aligned_model": [[0.4571771969096847, 0.10961060031372301, -0.3570708827564708, -0.48996968428447024, -0.5307747521653867, -0.3437410508787581, 0.2239606617820047, 0.65685500716084, 0.31637135935148986, -0.22141663977267306, 0.057207477234843665, 0.08068935619930359], [0.09807162559307962, -0.5497393477168838, -0.41258838747931087, -0.33549558405324154, 0.1768178643497769, 0.3164413726518483, 0.6800369013493438, -0.15709110160967982, -0.32898366702949977, 0.05579724961443562, 0.6168859130431648, 0.012925666819901288], [-0.5587427223637224, -0.44150290603437176, 0.2500699298583124, -0.4606426973557744, 0.04311586324175858, -0.5231206274080796, -0.4085690887769322, -0.06372598209842614, 0.48907853185950084, 0.7763549276569948, 0.4739803360426486, -0.060117487226403955]], "inverted": false, "swapped": true, "error_lsq": 0.049586035928498605, "error_max": 0.2399707748386764, "target": "283.xyz", "model": "11.xyz", "model_rescale": 3.890672605050136, "target_rescale": 3.957361872501159},
{"mapping": [4, 5, 9, 0, 8, 3, 6, 2, 1, 7, 12, 13, 11, 14], "R": [[0.597975379686312, 0.6689748876779016, -0.4414725868560242], [0.049475283612420595, -0.5805553408348055, -0.8127162435559248], [-0.7999860258782533, 0.4641423228757766, -0.38025552266206064]], "T": [0.14579406980407483, 0.018118406709148892, 0.17571860746256263], "aligned_model": [[0.2479365271197519, 0.31163753811759776, 0.4856183887771497, 0.7001502626913358, 0.8050655190772483, -0.4431103697072615, -0.3128334223416541, 0.27355830088839805, -0.021180827511298378, -0.6688332783483435, 0.08041531478823566, -0.20199721467142656, -0.0494188867161639, 0.002867982630124666], [-0.33488470196866266, 0.2645125914844457, 0.6127254616234576, -0.548868246278206, 0.09734078522588173, -0.45509656046126834, -0.026992408310892047, -0.3911371226204874, -0.6524936277938327, 0.06074830160271351, 0.6677552433923843, 0.5084229548568935, 0.08992378626628271, 0.04019606280905495], [-0.4696893160026079, -0.5346647198137462, -0.13613231853541163, 0.12172625826122582, 0.09020047107151104, 0.555843581625001, -0.3899080277522061, 0.541771721321617, 0.07281360354907962, 0.25799045279093796, 0.4242252652949948, -0.1639289527113601, 0.8327509093403738, 0.15179150691745183]], "inverted": true, "swapped": true, "error_lsq": 0.04073093368661441, "error_max": 0.26356201755945213, "target": "283.xyz", "model": "12.xyz", "model_rescale": 4.124412569039231, "target_rescale": 3.957361872501159},
{"mapping": [8, 10, 2, 9, 0, 4, 12, 6, 11, 13, 1, 3, 14], "R": [[0.23554380596638805, -0.5017455069535981, -0.8323283977630138], [0.9001304226068838, -0.21029235549706896, 0.3815001278073803], [-0.36644827434226196, -0.8390641045065458, 0.40210333343583105]], "T": [0.0843667131536205, 0.10683745181755173, -0.03062184997261494], "aligned_model": [[-0.11600618096391223, -0.22453593617341955, 0.501498372864218, -0.5893419643363063, 0.5383028409736611, 0.3448117859754923, -0.5145473892996033, 0.14844083828169802, 0.11661080794430086, -0.37138950377879, 0.7591996330914847, 0.6893434988351113, 0.08491150409582292], [-0.1152079547154553, 0.5705854230314739, 0.3712830428088631, -0.18598869649159633, -0.15350059100478725, -0.5885764607571833, 0.45425064118115926, -0.3391021067608121, 0.79443794160034, -0.07014086608269916, -0.050159375005884285, 0.5398844445145033, 0.11971993419055509], [0.5683563812486485, 0.5260359874293463, 0.24118392088167998, 0.1326527111395765, 0.5675971085615679, -0.043409274835195605, -0.12370210517812519, -0.6045034311651463, -0.06410977972605354, -0.5181490167482082, -0.1208608854265133, -0.43275271289521267, -0.17664082231852526]], "inverted": false, "swapped": true, "error_lsq": 0.049207621112028366, "error_max": 0.26361984011674366, "target": "283.xyz", "model": "13.xyz", "model_rescale": 3.9028299243045295, "target_rescale": 3.957361872501159},
{"mapping": [7, 4, 3, 0, 10, 14, 13, 8, 9, 11, 6, 2, 1, 12, 15], "R": [[-0.0939314469547759, 0.4692384920868583, 0.8780615700604566], [-0.8964039440255781, -0.42359812246800155, 0.13047834984001241], [0.4331706966178239, -0.7748418343027408, 0.46041641956602036]], "T": [0.06488101258386209, 0.05811575552844686, -0.04888041530463805], "aligned_model": [[-0.46668865048202907, 0.10478416814243857, 0.3423841395155222, 0.7482882217353242, -0.5161018409307558, -0.7758660545058147, -0.35453164343996907, 0.6145292405959737, -0.5258406985664883, -0.3444405408254345, 0.0634068300249479, 0.7367570623190505, 0.1372745226935892, 0.02389555767405971, -0.018395378918999727], [-0.6610367492478904, -0.24789275774209582, -0.49781886095883865, -0.1576207468340439, -0.06896128268809928, 0.3192672610040195, 0.645962558298197, 0.5395175702557486, -0.29359567647936125, 0.3354432281315538, -0.40419549201492977, 0.11309623840787213, 0.12662403368255873, 0.7373557233823114, -0.013318272622208444], [-0.1933841315859358, -0.6523121031245013, -0.10004839330296224, -0.46556825682744774, -0.49794939923594556, 0.040533862922619734, -0.3823178340741157, -0.2991727998832153, 0.3091592264032063, 0.5001205202064954, 0.4314053323809527, 0.24727746463504635, 0.5931978908708299, 0.09669962287575201, -0.01832637544926294]], "inverted": true, "swapped": false, "error_lsq": 0.040163088138849536, "error_max": 0.26577965596833564, "target": "283.xyz", "model": "14.xyz", "model_rescale": 3.942246331269136, "target_rescale": 3.957361872501159},
{"mapping": [10, 11, 4, 13, 6, 7, 8, 12, 9, 2, 5, 3, 1, 0, 14], "R": [[0.027241805190178825, -0.9700073157391788, 0.24154438818249147], [-0.9932936362825412, -0.05342804503536208, -0.10253387793459576], [0.11236385615751894, -0.2371312957333407, -0.9649575702657811]], "T": [0.0023508841717137796, -0.04008780720440956, -0.05480667094850805], "aligned_model": [[-0.1741410813546356, -0.054874439075228404, 0.35004001621396486, 0.6016356026501062, -0.4668697183376088, -0.7612043832056231, -0.2617594123772915, 0.7033831342716564, -0.6831572159637872, -0.36839157472410644, 0.0042526513320196024, 0.5817907300471141, 0.4652034734698711, -0.17613583084528847, 0.009682982930252217], [-0.719258847198826, -0.17221223956839693, -0.47749411091370203, 0.04939029305098637, -0.04928657820666821, 0.3362051865512976, 0.520899427664302, 0.3801713478532731, -0.3746225346703141, 0.3017804414658566, -0.08903725071888483, -0.2299341132652583, 0.3118145673337788, 0.639361394260936, 0.045049790936413855], [-0.1835614789391642, -0.7572163956877997, -0.2321537032261448, -0.5968226691240932, -0.3590052872031802, 0.024983332433683114, -0.5178185496934763, -0.058311677762024325, 0.20273452362100336, 0.5181890082345839, 0.5779491219529918, 0.3256611668349105, 0.5096166056400773, 0.1624690940571673, -0.007398464327018808]], "inverted": false, "swapped": false, "error_lsq": 0.05093641743073198, "error_max": 0.3574400623374531, "target": "283.xyz", "model": "15.xyz", "model_rescale": 4.355366556412066, "target_rescale": 3.957361872501159},
{"mapping": [11, 2, 3, 13, 7, 12, 6, 9, 1, 10, 4, 14], "R": [[0.3097313671515512, 0.8676190964504541, 0.38897761333645997], [0.9362298990828505, -0.34969063795976285, 0.034496866330287784], [0.16595196975554902, 0.3534877101085576, -0.9206010984875379]], "T": [0.06601408819766802, 0.0649089578311658, 0.042032066382140874], "aligned_model": [[-0.10308762126870091, 0.4737069983509715, 0.09962879716220654, -0.537373142920855, -0.4515159769081774, -0.49370958160696693, -0.1740381990559119, -0.21271251484820575, 0.5056368573121045, 0.12192514841437702, 0.40614735068498964, -0.03679956068405067], [-0.5872062805273621, -0.3243427384985762, -0.5741585701265792, 0.3793298241778819, -0.25479616122207327, -0.04135718524276179, 0.43530242453859225, 0.5903443458541565, -0.04024742419077837, -0.23273543422196458, 0.6151349236057378, 0.047508703594706964], [0.18731071035200958, 0.05087950174543484, -0.510868092836014, -0.0753611223150076, -0.5076541617452405, 0.44635233605321567, -0.5389078890803952, 0.5030290851716478, -0.4907573039888823, 0.7691034141411396, -0.32287396855216566, -0.06099404773632145]], "inverted": true, "swapped": true, "error_lsq": 0.04030846078136207, "error_max": 0.2609464461831091, "target": "283.xyz", "model": "16.xyz", "model_rescale": 3.795458400668931, "target_rescale": 3.957361872501159},
{"mapping": [11, 3, 7, 10, 13, 1, 2, 12, 8, 4, 6, 5, 14], "R": [[0.3353377592198711, 0.9153493832370372, 0.22289929082204715], [-0.1999327011853398, 0.3003545813313865, -0.9326382152099394], [-0.920638638249628, 0.2681839519449726, 0.2837285069940053]], "T": [-0.1317797054351761, 0.014906758712193262, 0.008104027203659627], "aligned_model": [[0.010474462502628068, -0.06767673195745239, 0.4740033273389707, -0.3128954492506204, 0.4823406286010224, -0.4718188988835304, -0.5341869499731023, 0.34921167502318795, -0.5415271215764486, -0.40407945101585946, 0.20512581905793836, -0.027759681657464716, -0.012579827305046587], [-0.3597206692818079, 0.3281886594729191, 0.3383447587189463, -0.7497951334039572, 0.12724171229832312, 0.5492767628346746, -0.05269818356581991, -0.4880762000723686, -0.2997081813727039, 0.5891506839204022, 0.63685546634752, 0.2563546495484401, 0.08836694002591772], [-0.552586260331709, -0.7748270677589276, -0.4398004918456604, -0.044612943910761954, 0.302985132311552, -0.2868749595009421, -0.38087752829780525, 0.06904166144845454, 0.4339594899810261, 0.39241175144618806, 0.18693949707695004, 0.7318038079204381, -0.03528705770250706]], "inverted": false, "swapped": true, "error_lsq": 0.0408357371618553, "error_max": 0.21972953612997084, "target": "283.xyz", "model": "17.xyz", "model_rescale": 3.7474275329858107, "target_rescale": 3.957361872501159},
{"mapping": [10, 12, 11, 9, 0, 4, 2, 7, 8, 1, 5, 13, 6, 14], "R": [[-0.8119198147547874, 0.5837267125390431, 0.00702420649707166], [-0.5759191280048286, -0.8029106769082958, 0.15379077639709296], [0.09541159471840957, 0.12082040380260325, 0.9880784673386351]], "T": [0.1045725986021248, -0.0374381774488486, 0.0292878336559583], "aligned_model": [[0.453275050346527, 0.0891057522544366, 0.6991118071447274, -0.44376366989163757, 0.21878722990653565, -0.36197187321438984, 0.5854628465527915, 0.243601597418303, -0.06907815448469921, 0.28453742350286243, -0.6584818021829103, -0.3616808038678047, -0.3521982632271254, 0.08814050762526039], [-0.38646208036512947, 0.23509464250801476, 0.18978520730861964, -0.18339000128954086, -0.7426145799007849, -0.26387295212206346, -0.27586419385600486, 0.7517368317620916, -0.641115886244873, -0.09162348284783203, -0.13887048145000208, 0.4360043412227531, 0.36714923568593266, 0.10445164110005252], [-0.5846664731518454, -0.6137865002127512, -0.235000303729107, -0.46499398811891557, 0.3776857189128625, 0.560944877839939, 0.20164291284865235, 0.20271627179485724, -0.20233043114964588, 0.7022418970669816, 0.04712294209717262, -0.15826946111736126, 0.4292591545837271, 0.06222810099708871]], "inverted": true, "swapped": true, "error_lsq": 0.036182692882237175, "error_max": 0.20922189360390256, "target": "283.xyz", "model": "18.xyz", "model_rescale": 3.922800546911778, "target_rescale": 3.957361872501159},
{"mapping": [0, 5, 3, 12, 1, 6, 8, 13, 2, 10, 9, 7, 11, 4, 14], "R": [[0.03136444472277683, 0.49985353288226164, 0.8655418633852171], [-0.004144524681474415, -0.8658954217393684, 0.5002078983042613], [0.9994994219720174, -0.019276002591909758, -0.025086673786697267]], "T": [-0.03826612303883192, 0.07516188257317416, -0.09825289070977362], "aligned_model": [[-0.19647056292021237, -0.010104369508925085, 0.25319406000883804, 0.6224995408410219, -0.720070955611667, -0.5835050022441279, -0.0908949335497706, 0.46492034286005723, -0.41351074235124624, -0.40368417681498614, 0.018448823162350664, 0.6490880306733142, 0.2705801342895105, -0.1269159597542318, 0.03588070595148957], [-0.7014868116814397, -0.21617941260875392, -0.49413337153864834, -0.095738644594096, -0.09311266485114161, 0.4975712044459867, 0.4786129029375238, 0.5420403214630659, -0.36197453297811444, 0.27399229268439695, -0.3377622339546251, -0.13829244579419261, 0.3539595431484439, 0.7269495556690092, 0.0383810722273791], [-0.3632638274488074, -0.8031364878700086, -0.08809814163953358, -0.4891439136533537, -0.33236583547215925, -0.09099332384838901, -0.5552519459525473, -0.07292206648099975, 0.327460854268984, 0.5927874563415088, 0.6010469554092693, 0.2484350613949271, 0.47978643888712924, 0.20370931676463006, -0.04873591388913358]], "inverted": false, "swapped": false, "error_lsq": 0.03820901687072889, "error_max": 0.25274818144605155, "target": "283.xyz", "model": "19.xyz", "model_rescale": 3.9282355846067225, "target_rescale": 3.957361872501159},
{"mapping": [13, 12, 11, 9, 5, 10, 8, 2, 4, 1, 7, 6, 3, 14], "R": [[0.7044744011801546, -0.7074983817658724, -0.056230399967762634], [-0.6333728074878928, -0.5909579657940746, -0.4996074152766691], [0.3202416350457373, 0.3875754409959452, -0.8644249954276145]], "T": [0.01815236150552378, -0.057305904139510526, -0.014503116515486029], "aligned_model": [[-0.5278837300099324, -0.0864487113814477, 0.5495528684848507, -0.5362139886477455, -0.7168231289347258, 0.37006505212486707, -0.07727574265999505, 0.5413689821532026, -0.36751020601450696, 0.25349078372551026, 0.04666070358378073, -0.4645832431595812, 0.5655375238771655, -0.017414344056766028], [-0.4582873192310101, -0.6647586418488054, -0.4944168492694047, -0.1642898372850948, 0.15768360088319278, -0.2330276823004131, 0.28686666946324924, 0.15255831184291652, 0.5252192347323215, 0.3750923345332683, -0.5735629646063818, -0.039873925093621025, -0.20416255837486755, -0.14215828602051403], [0.11882461554849472, -0.3433157488315885, -0.053272685346423404, -0.5120184483713194, -0.09480979822821062, -0.6968741961842729, -0.5807778707218036, -0.011333270231649113, 0.2375375758151726, 0.48131756397679387, 0.621790528573217, 0.532278480416226, 0.6132217014855413, 0.09961470934350454]], "inverted": false, "swapped": true, "error_lsq": 0.04414495557465046, "error_max": 0.2900463377088266, "target": "283.xyz", "model": "20.xyz", "model_rescale": 4.067790424073018, "target_rescale": 3.957361872501159},
{"mapping": [6, 13, 11, 10, 5, 8, 1, 9, 2, 0, 3, 12, 0, 7, 14], "R": [[-0.8729557520663527, 0.0943239505673887, -0.4785929870815383], [-0.3468015973153412, -0.8099774752710347, 0.4729324916445143], [-0.3430406783951382, 0.578825951303949, 0.7397861928038953]], "T": [-0.10930932130824941, -0.033202703625980226, -0.060453571781317786], "aligned_model": [[-0.3963606683068488, 0.06847383604615301, 0.34186617848408896, 0.5242867331469971, -0.4977823791479734, -0.5018976902986038, -0.019134754473371887, 0.469872902944789, -0.5027638969097558, -0.18612698742934836, 0.17322756018251131, 0.6015377585268937, -0.18612698742934836, -0.07950703169863693, -0.040109638606131634], [-0.7151757624911268, -0.2037625266645502, -0.4871662065377701, 0.07502010878250519, 0.03254499308891663, 0.3796397973950255, 0.5980762695085101, 0.4750630854439286, -0.29649736360115697, 0.2593973836440743, -0.5535902098507284, -0.02758488333682769, 0.2593973836440743, 0.6991224235371056, -0.021657717987185788], [-0.0688900321632913, -0.7157596077701139, -0.15205084461374985, -0.5685192016036968, -0.5000352417440522, -0.08501652374698733, -0.5768453870274781, -0.16176368104656474, 0.5136468989602821, 0.582152267456253, 0.5503776410864297, 0.22534134784241472, 0.582152267456253, 0.07910175369349591, -0.09457702996767837]], "inverted": true, "swapped": false, "error_lsq": 0.05065796668724972, "error_max": 0.394756605912403, "target": "283.xyz", "model": "21.xyz", "model_rescale": 4.186013935880536, "target_rescale": 3.957361872501159},
{"mapping": [3, 7, 11, 0, 4, 2, 1, 6, 12, 13, 5, 8, 14], "R": [[0.21899863189789875, -0.8420258423443769, 0.4929828395097454], [0.06210526003682065, 0.5162524268213582, 0.854181695236334], [-0.9737466487247121, -0.15644779520754212, 0.16535280908436795]], "T": [0.10206502113183369, 0.04056726601878532, 0.04356095514158145], "aligned_model": [[0.05256444077566269, -0.36965535361044644, 0.4631282848512097, 0.4778461847547768, -0.2828883341278786, 0.5014462057930031, -0.01759549062086449, -0.6177508061893058, 0.18248529786792164, -0.42845838063623, -0.34979530082051974, 0.4582955604920319, -0.011048273106135445], [-0.3738671706642036, 0.09830210256776936, 0.20138744220400892, -0.531505726618213, -0.3968066656190698, -0.3162607304020528, -0.636885006130986, -0.07794379897566847, 0.7181290846040081, 0.4824520195828346, 0.18799722343124436, 0.10397048332625153, 0.05998740224017003], [-0.6919862087085085, -0.6245335423150876, -0.5209970553069798, 0.4475669392458721, 0.5041156448280962, -0.13244222524528035, -0.07862880658310775, 0.0548726685351474, -0.1064407823665022, 0.04280110801032827, 0.6493210388776899, 0.6068621317767827, -0.04763134941310482]], "inverted": false, "swapped": true, "error_lsq": 0.04934829264207027, "error_max": 0.30709632849582835, "target": "283.xyz", "model": "22.xyz", "model_rescale": 4.166573947596378, "target_rescale": 3.957361872501159},
{"mapping": [6, 1, 2, 4, 5, 13, 7, 8, 12, 14, 11, 3, 9, 10, 15], "R": [[0.033065969060633305, 0.9562368164435504, 0.2907194396114322], [0.5737404678307368, 0.22001541582904127, -0.7889328820444368], [-0.8183694259095025, 0.19288433755875034, -0.5413567354906315]], "T": [0.04263058741371913, 0.02496881484119111, 0.009258536609017511], "aligned_model": [[-0.3617372956168778, -0.017969697267837433, 0.2638781875095035, 0.641982230346584, -0.5351840712766172, -0.7132854932705531, -0.15021022145259083, 0.6361009477670893, -0.31696920808046913, -0.49410843230710294, 0.25599282103645354, 0.5857637677481016, 0.2762340212890566, -0.3212759583420311, 0.020243336948706], [-0.5798127748619205, -0.3016196029786625, -0.5787142747801889, -0.04326496498921696, 0.12378007788680499, 0.394059403448132, 0.553890246708057, 0.5590255188895277, -0.3287938748307515, 0.28690519588965274, -0.4012141866218821, -0.17991856729710248, 0.28794210707487516, 0.6776207051701778, 0.0029417658672920705], [-0.21397559137412586, -0.6214289230011925, -0.18929993323332484, -0.4102355310109252, -0.5801721511730543, -0.08653371391499362, -0.4316997255858385, -0.11979768549690992, 0.4274944768458983, 0.5281788775213891, 0.6376994120729291, 0.1656367994093198, 0.49580108308930443, 0.05984281391132598, -0.05219558124828562]], "inverted": true, "swapped": false, "error_lsq": 0.03366499637128017, "error_max": 0.2399042134153732, "target": "283.xyz", "model": "23.xyz", "model_rescale": 4.274766983524099, "target_rescale": 3.957361872501159},
{"mapping": [5, 8, 0, 1, 2, 3, 7, 11, 12, 10, 14], "R": [[-0.2839248027788717, 0.5430066227366755, 0.7902724302612919], [-0.2788451220604914, -0.8353289745810727, 0.47378360263774766], [0.9174050927861958, -0.08584469633846531, 0.38858536236007174]], "T": [0.028166316018082338, 0.035397273164821996, -0.06044585778413642], "aligned_model": [[0.42024512732981933, 0.22286915677951774, -0.42689855303409513, -0.6309370267819898, -0.41499469779097886, -0.5910237522531987, -0.07171296858573917, -0.0497949080969359, 0.6047682829540062, 0.28569463169620896, 0.03167941174146061], [-0.07574082989050351, 0.615322779624469, 0.5837697219887075, -0.09841433312222489, 0.3162751979552122, -0.3432493799776286, -0.7013540231426667, 0.0732885692064475, 0.004032779802344066, 0.6500055826136166, -0.10834953381428972], [-0.7137307494777531, -0.3324855451338805, -0.4124450756184381, -0.24983380491064333, 0.1457690214135779, 0.3736810953418837, 0.2851338533195069, 0.6232513367810786, 0.33275180300748913, 0.35941932068128823, -0.03194482138253264]], "inverted": false, "swapped": true, "error_lsq": 0.04955498499101148, "error_max": 0.2356308330197145, "target": "283.xyz", "model": "24.xyz", "model_rescale": 3.7841303162186577, "target_rescale": 3.957361872501159},
{"mapping": [3, 4, 6, 1, 5, 12, 2, 8, 13, 14, 11, 7, 10, 9, 15], "R": [[0.38037073457906656, -0.038052735672041926, -0.9240509150385898], [-0.8863719974344023, 0.2701472445747354, -0.37598556942099004], [0.263937088034117, 0.9620667625256326, 0.06902722653793174]], "T": [0.11797332538680094, 0.08162837562758214, 0.0175497936810159], "aligned_model": [[-0.33892639448843004, 0.06973960719825037, 0.2701036282864342, 0.6388370506008763, -0.5453656282022092, -0.6235900422664513, -0.1769582319345936, 0.39028588166564837, -0.4968636446697152, -0.38522617328397235, 0.061665414951802944, 0.6107673744277211, 0.3264453168768179, -0.15026417051615149, 0.11880494638538673], [-0.5414375070522046, -0.19886109462109253, -0.5981208349319947, 0.13349698946011723, -0.006310276145245944, 0.23529976096094152, 0.49499154204120993, 0.48166928977750795, -0.23385177551077968, 0.41865179257701013, -0.5003488954489986, -0.17363906290639058, 0.35362801990193393, 0.5931963830602411, 0.014462443412539022], [-0.2105586004029041, -0.6721628336991711, -0.17434557866111958, -0.5106992200032608, -0.5495365944641217, -0.022956792359148843, -0.5400695182834265, -0.32196592368393073, 0.3842209975687493, 0.5299016681538005, 0.5151032524524191, 0.35636850649720436, 0.7159842770479322, 0.10967757499162908, 0.0003534116568655078]], "inverted": false, "swapped": false, "error_lsq": 0.03673815019384722, "error_max": 0.19530602601961314, "target": "283.xyz", "model": "25.xyz", "model_rescale": 4.19342608120988, "target_rescale": 3.957361872501159},
{"mapping": [11, 2, 3, 13, 7, 12, 6, 9, 1, 10, 4, 14], "R": [[0.3097313671515512, 0.8676190964504541, 0.38897761333645997], [0.9362298990828505, -0.34969063795976285, 0.034496866330287784], [0.16595196975554902, 0.3534877101085576, -0.9206010984875379]], "T": [0.06601408819766802, 0.0649089578311658, 0.042032066382140874], "aligned_model": [[-0.10308762126870091, 0.4737069983509715, 0.09962879716220654, -0.537373142920855, -0.4515159769081774, -0.49370958160696693, -0.1740381990559119, -0.21271251484820575, 0.5056368573121045, 0.12192514841437702, 0.40614735068498964, -0.03679956068405067], [-0.5872062805273621, -0.3243427384985762, -0.5741585701265792, 0.3793298241778819, -0.25479616122207327, -0.04135718524276179, 0.43530242453859225, 0.5903443458541565, -0.04024742419077837, -0.23273543422196458, 0.6151349236057378, 0.047508703594706964], [0.18731071035200958, 0.05087950174543484, -0.510868092836014, -0.0753611223150076, -0.5076541617452405, 0.44635233605321567, -0.5389078890803952, 0.5030290851716478, -0.4907573039888823, 0.7691034141411396, -0.32287396855216566, -0.06099404773632145]], "inverted": true, "swapped": true, "error_lsq": 0.04030846078136207, "error_max": 0.2609464461831091, "target": "283.xyz", "model": "26.xyz", "model_rescale": 3.795458400668931, "target_rescale": 3.957361872501159},
{"mapping": [4, 8, 0, 1, 3, 13, 9, 6, 12, 2, 7, 11, 14], "R": [[-0.15126885831889592, -0.9610422100555787, 0.23133439647918141], [0.9879588405801543, -0.15467880500963738, 0.0034346179275321076], [0.03248171520125348, 0.22906841286454116, 0.9728682338350374]], "T": [-0.03923093087181333, -0.08451457805681398, 0.01432367992268143], "aligned_model": [[-0.09250937847517675, 0.447553798409606, 0.607133269902984, 0.0218209644127607, -0.2027470827170782, -0.647796574670703, -0.09962004555802219, -0.6396736368147722, -0.2266755494100101, 0.36703304933521747, -0.7013203816662155, 0.04300719926866492, -0.17652924919599855], [-0.6434437335179181, -0.48938331814794256, -0.32338439496718585, -0.0011266680828776882, 0.5940888213411579, -0.2754595021890943, -0.599663523484469, -0.34398295006739577, 0.07354121162966354, 0.22510201050043552, 0.3764620923321491, 0.5678750319220666, -0.038743574011675275], [-0.47184015068467666, 0.23192494685795237, -0.381724748374293, -0.6766970719628764, -0.4631653088754769, 0.27872051379052937, 0.5595427518720831, -0.30886724422914236, 0.668495555271906, -0.22420475794976844, -0.1317644761136183, 0.22067348820990487, -0.008956835713097949]], "inverted": false, "swapped": true, "error_lsq": 0.034791609746694103, "error_max": 0.1731350731714852, "target": "283.xyz", "model": "27.xyz", "model_rescale": 3.6321398670334006, "target_rescale": 3.957361872501159},
