[{"mapping": [7, 9, 4, 10, 5, 8, 6, 1, 2, 11, 12, 0, 3, 13], "R": [[-0.8719972793361662, -0.471708764254899, -0.1308112631062032], [0.038389735911427844, -0.33230468985644135, 0.9423904823776954], [-0.4880030461041971, 0.8167401268607601, 0.30787756035231684]], "T": [-0.1214758554125965, 0.0035424714770556504, 0.12114606601264316], "aligned_model": [[0.07783111881148028, 0.1556831433402596, -0.5393561607913391, 0.8298632491962997, -0.1287294566974423, -0.051385438870693384, -0.6834870049299578, -0.11136514999570901, -0.7276050757648019, 0.3840794098702517, 0.3235847173187443, -0.2804981860903544, -0.6242596077103629, -0.042159559915714725], [-0.43262020909228904, -0.6738938966959294, -0.4153080023787699, -0.24266763944178454, 0.7556158371863392, 0.11071552784531753, 0.20925284563084307, 0.18140472855017958, -0.4695624839631527, 0.284645602654104, -0.15208838424053417, -0.5088491520528942, 0.11721723515388946, -0.06792098763711395], [-0.46317689997421246, 0.08942811760583727, -0.6294167611633366, -0.10193108199875933, 0.039083295521338934, -0.6496849148906727, -0.3546406445745025, 0.6700603622081409, 0.12725464873286912, -0.2693110305172174, 0.4570328495011685, 0.675744260260319, 0.20767266496421732, -0.0019057992129110635]], "inverted": true, "swapped": false, "error_lsq": 0.04228479645224472, "error_max": 0.2417985112819838, "target": "284.xyz", "model": "0.xyz", "model_rescale": 3.8414455957264533, "target_rescale": 3.991701131539433},
{"mapping": [11, 12, 13, 1, 2, 7, 9, 5, 8, 4, 3, 10, 6, 14], "R": [[0.8065343373609166, 0.16876471826673511, 0.5665870034920825], [0.1192662869032074, 0.8922344855459685, -0.43553780043854196], [-0.5790318777633138, 0.4188509193864458, 0.6994898082624366]], "T": [-0.10869915860288609, -0.041691218198999784, -0.08288111769446882], "aligned_model": [[0.24711524057862866, -0.17224926721682163, -0.3620967758560978, 0.7000289190784654, -0.20338843212608748, -0.17985435634524316, -0.6736707778141084, -0.02186879341280884, -0.7290488071297865, 0.2651829330834133, 0.548738365141213, -0.17202100291478922, -0.6231840352261935, -0.04148721206912362], [-0.7688332893716296, -0.7912956549841684, -0.4473956993238536, -0.34191333971514304, 0.6530874349729013, 0.39202679122354644, 0.14539920823764507, 0.18127588775062417, -0.5284749149952833, 0.35130816133080534, 0.07610378219648845, -0.3688415913786023, 0.23091847839911456, -0.08742423282424033], [-0.3492003317888517, 0.04496299016436153, -0.6711332083876835, -0.017128054717038155, 0.14716516502863486, -0.5516887843040411, -0.41651852838914105, 0.5311782787224418, -0.032777788399236465, -0.12264170186594127, 0.32611414180753356, 0.5149016838076955, 0.43771127451869707, -0.04473606973515101]], "inverted": true, "swapped": false, "error_lsq": 0.05224077705014565, "error_max": 0.3750675156220031, "target": "284.xyz", "model": "1.xyz", "model_rescale": 4.316132596720782, "target_rescale": 3.991701131539433},
{"mapping": [2, 8, 6, 9, 5, 0, 4, 3, 12, 1, 7, 13], "R": [[0.4941654137577882, 0.27037370227167296, -0.8262557745429092], [-0.7164967677192371, -0.4116123682974022, -0.5632118962810441], [-0.4923747817399665, 0.8703294315283797, -0.009682712533571891]], "T": [-0.009315551327397763, 0.17810821465754556, -0.03581504078353541], "aligned_model": [[-0.29779478193698966, 0.4876182308033229, 0.07479719885623652, -0.4362075698480026, -0.48166337644519347, -0.3346140906436373, -0.1364304790312149, -0.4007753579324203, 0.5533689653692982, 0.22050800182518862, 0.3099751210071026, 0.039026692608090136], [-0.6391892130657307, -0.40788045823071795, -0.5165166695884819, 0.4739510888560506, -0.1672620830583103, -0.17305295880231053, 0.3358081023260845, 0.5672985897249361, -0.0032358123406422967, -0.08473746457305587, 0.5769115837767805, 0.050681722716378774], [0.05033502268478239, 0.11898333477885316, -0.4841526582601424, -0.0925773308395999, -0.3777379092116418, 0.5259173527291934, -0.7482903170350159, 0.5485217296879861, -0.4699519502639356, 0.5950256072164162, -0.24275977564621243, 0.025945355368738203]], "inverted": true, "swapped": true, "error_lsq": 0.0422210201738811, "error_max": 0.22016487762539555, "target": "284.xyz", "model": "2.xyz", "model_rescale": 3.795458400668931, "target_rescale": 3.991701131539433},
{"mapping": [4, 12, 6, 1, 9, 0, 8, 7, 11, 10, 5, 13], "R": [[-0.7365821297180403, 0.07207154844485902, -0.6724971807262811], [-0.6667530551843911, 0.08951254033790729, 0.7398836858077997], [0.11352149392214786, 0.9933746508880801, -0.017879412481088153]], "T": [0.12094447931808294, 0.1370021923655431, -0.020574065574167417], "aligned_model": [[-0.07534278393997304, -0.1067668431447106, -0.6640206746146646, 0.21146217988087923, 0.26570126589765636, -0.013038741067551957, -0.22109499986933545, 0.4486713540456655, 0.297528308800464, 0.833421690484881, -0.4293096926231905, 0.046092761893445244], [-0.026971966450400453, -0.5563828188076585, -0.1357883915364234, 0.17171540419256925, 0.5127995892827494, 0.6508389355604354, -0.270890028811818, -0.22860385661853946, -0.6347405792990495, 0.06435945599339629, 0.42517796334612135, 0.11425533843832737], [-0.7157231605233778, -0.09364360460303858, -0.021129266099947256, 0.6938964927082231, -0.3534457352495022, 0.49196558103522603, 0.5546835951597366, -0.27106178278919124, 0.4315148409419922, 0.1563849518269048, -0.291644959756718, 0.1069744779887927]], "inverted": true, "swapped": true, "error_lsq": 0.049265290321552656, "error_max": 0.2709501060883948, "target": "284.xyz", "model": "3.xyz", "model_rescale": 3.7530521520055578, "target_rescale": 3.991701131539433},
{"mapping": [5, 8, 12, 11, 4, 1, 9, 0, 3, 10, 13], "R": [[-0.14527257495355694, 0.37104201277792126, 0.9171824811454218], [0.2503734920665258, -0.8830565686709723, 0.3968931984771996], [0.957188065866252, 0.28729587759095565, 0.03538481711788399]], "T": [-0.04753438717577598, -0.15920461489078017, 0.06623060888590454], "aligned_model": [[-0.4553837824442022, -0.07601363844684025, 0.427725405374899, 0.5100968116526973, 0.22360790340899409, -0.2717243489739698, -0.16976658538186018, -0.6998426185803521, -0.3383581714598931, 0.29597281588925883, -0.10811418859352631], [-0.6883130816074302, 0.17645074206390018, -0.3059529607497952, 0.35545617286381326, -0.8474340532165415, 0.4972553911741089, -0.3874720784745739, 0.18597366221691483, 0.20611933134100316, 0.36262090898017263, -0.08750067627722595], [-0.04781964152981999, -0.6414507171694823, -0.4728124600832078, -0.4390661885382708, 0.10457871397196038, -0.13040550506340248, 0.5200312413819022, 0.07097609129746857, 0.720538892771817, 0.45855211160841275, -0.05029176140206125]], "inverted": false, "swapped": true, "error_lsq": 0.04215063890716752, "error_max": 0.21172018863587602, "target": "284.xyz", "model": "4.xyz", "model_rescale": 3.7855080009869324, "target_rescale": 3.991701131539433},
{"mapping": [7, 3, 10, 4, 13, 8, 15, 12, 9, 6, 1, 2, 14, 16], "R": [[0.9945545105166115, 0.03170055566634601, -0.09927940562628457], [-0.0990630058948039, -0.008329382438271775, -0.995046301561532], [-0.03237045681094872, 0.9994627037356832, -0.005143672540957216]], "T": [-0.033423547267783585, -0.1020084449859226, -0.004800317517600999], "aligned_model": [[0.3565460863371112, -0.265955986940706, -0.3474554759855997, 0.6830135106342448, -0.12494441926348163, -0.23124556028156024, -0.7537614182822959, -0.04437390441831245, -0.6511351018159577, 0.4428301357617119, 0.4528506722792296, -0.28806509577339645, -0.5677629274439326, -0.0783445170363946], [-0.30181735939029075, -0.7419843977078568, -0.4397249788658062, -0.27815929094617414, 0.6140961197276436, 0.23665334497124058, 0.15288611375373845, 0.322527385787097, -0.45080630937325944, 0.24938175496741788, -0.15408411232227376, -0.45927451795771784, 0.051441806635965315, -0.10519453776151856], [-0.612558126571932, 0.13222540939764485, -0.5689773859670466, -0.056661723182328316, -0.06551128243284027, -0.5891670834735439, -0.3137666946414707, 0.5269088897360357, 0.05591627350621657, -0.2800900282671218, 0.5730659708785875, 0.5895937625813407, 0.3807276913261371, 0.02450339357260032]], "inverted": true, "swapped": false, "error_lsq": 0.04232646511560589, "error_max": 0.3338939852105334, "target": "284.xyz", "model": "5.xyz", "model_rescale": 4.2253639853439635, "target_rescale": 3.991701131539433},
{"mapping": [11, 6, 5, 12, 1, 8, 10, 0, 2, 9, 7, 3, 4, 13], "R": [[-0.8630196202929747, -0.43286312731311793, -0.26043549681653855], [-0.05376647482737598, -0.43390574886888583, 0.8993525267008308], [-0.5023010065428966, 0.7901615746866198, 0.3511956501933846]], "T": [-0.11594581121092987, -0.047092803198969684, -0.047466776405549665], "aligned_model": [[0.28378294665674353, -0.04944943210891109, -0.3895066943027551, 0.7668896053057273, -0.3931415681472292, -0.08401643634857936, -0.7779329932745745, 0.2500417237861915, -0.680900659805092, 0.2752407720841472, 0.3532123269831656, -0.22163713282626163, -0.6204525721436206, -0.12993388808829176], [-0.5314119082443918, -0.67396772442717, -0.4052876390507891, -0.3495007636597205, 0.6301784459346129, 0.2675378664641629, 0.10098863038299477, 0.35040562436162065, -0.40269219989742794, 0.40628155501768454, -0.3766778975479729, -0.38710557149267644, 0.1453363137949018, -0.07814371011762412], [-0.5070380042198643, 0.08029876208025385, -0.4919914318092671, -0.025222288035140955, 0.008853285666639232, -0.7151889733759058, -0.4326386006617956, 0.5450792333187489, 0.019962446894681365, -0.16587782254121902, 0.5008538624328225, 0.565909237659882, 0.41008680003407294, 0.0031225590183718774]], "inverted": true, "swapped": false, "error_lsq": 0.04516668238454929, "error_max": 0.25161161632987683, "target": "284.xyz", "model": "6.xyz", "model_rescale": 3.89814844738969, "target_rescale": 3.991701131539433},
{"mapping": [5, 6, 2, 4, 0, 8, 12, 9, 7, 11, 1, 10, 13], "R": [[-0.5427031784508889, 0.3357061942151406, 0.7699185744381606], [0.3655757287918201, 0.9196815502614812, -0.1433186401936901], [-0.7561928633739098, 0.2036840623962147, -0.6218401370996751]], "T": [-0.00821673670347517, -0.061043655372552214, 0.08448652556308293], "aligned_model": [[0.2505419985469676, -0.19701007294982337, 0.42356526077860474, -0.3268921948447447, 0.6307243784427365, -0.2198538249075681, -0.6724346592540729, 0.2536319200098391, -0.45516762789239656, -0.6501660749385012, 0.2010791137784172, -0.09924191082998646, 0.009855494964750165], [-0.33904812527735084, 0.09507347783718414, 0.2920131775078527, -0.6619702700436279, 0.3066417067808829, 0.6354151388335013, 0.07871411914157925, -0.49576414589217865, -0.23807654787354363, 0.5594880007327736, 0.6042352799475368, 0.05189195910411126, 0.07516749467176467], [-0.47681712669342796, -0.7095977399334756, -0.584492072524049, -0.20873972640602823, 0.04929679435731625, -0.2061048310227388, -0.19346435761006414, 0.2087247457807198, 0.35413637219054767, 0.2688628926955909, 0.2674231950235958, 0.8077950365576803, 0.025251848420628442]], "inverted": true, "swapped": true, "error_lsq": 0.04912355628356343, "error_max": 0.27273239349511247, "target": "284.xyz", "model": "7.xyz", "model_rescale": 3.7474275329858107, "target_rescale": 3.991701131539433},
{"mapping": [0, 1, 3, 10, 9, 5, 8, 11, 2, 7, 12, 13, 4, 14], "R": [[-0.7623003383798057, 0.6308903455351653, 0.14448379153577598], [-0.08590029816776018, -0.3198817223495334, 0.9435554156918322], [0.6414977263254514, 0.7068614118886503, 0.29803961398119627]], "T": [-0.04180677153372209, -0.12679383385167814, -0.010348153663714586], "aligned_model": [[0.23884459421902943, -0.11988295692629236, -0.2842651873147767, 0.7123401783157937, -0.137545194194098, -0.15784994974812158, -0.6488286668320884, 0.2575686056858876, -0.7342854721025518, 0.3293881152799409, 0.2632085498723011, -0.3047667910081877, -0.749004194691886, -0.08272563278429018], [-0.5774356631953288, -0.8731282963820113, -0.2623855023230522, -0.08280259579644668, 0.6288430602625259, 0.3128316401380738, 0.13384149062271117, 0.3108878754641595, -0.5993235243253525, 0.38326854616130696, -0.2829201444602024, -0.15779598924136265, -0.08252888184288593, -0.15541099356392993], [-0.40069414144107723, 0.030771177118250084, -0.6713801899847257, -0.07810144653795077, 0.003344134981397597, -0.5637782643652148, -0.18006545425806625, 0.31413460463763193, -0.08636418308649357, -0.26711333125385883, 0.5027140722335997, 0.8487226951093952, 0.32152270156108204, 0.02249669174831048]], "inverted": false, "swapped": false, "error_lsq": 0.0515829327402965, "error_max": 0.3084465567451749, "target": "284.xyz", "model": "8.xyz", "model_rescale": 4.019505241142653, "target_rescale": 3.991701131539433},
{"mapping": [1, 8, 0, 3, 10, 9, 5, 11, 7, 12, 6, 4, 13], "R": [[0.7649165358655553, 0.6383892655767632, -0.08580115824276277], [-0.4590044420087923, 0.44676645042655727, -0.7679288124490784], [-0.45190443168399663, 0.6267845597728261, 0.6347625542316976]], "T": [0.1353705906523066, -0.04542022911004825, 0.0009100443050022722], "aligned_model": [[-0.321318253533526, -0.6481242888658943, -0.031228299633013934, 0.570347547115999, 0.29753877739571477, 0.6364691568961871, 0.2270673202649972, -0.5085874876947124, 0.2782348958423707, -0.2745454659655404, -0.3659423076344517, 0.4627316554879455, -0.00294247793489949], [-0.40764066368285495, -0.06596319107172668, -0.02026710470105477, -0.42691214609736367, -0.7650721781048861, 0.04465778710453203, 0.6164198874188875, -0.5567297201693898, -0.31568547195187585, 0.03208988327903826, 0.5902531354216992, 0.3740405076155876, -0.035812496946533955], [-0.4234698517986776, -0.0005752622107796646, -0.7176222941716224, -0.5571386580287203, -0.0033076488430328344, -0.11642680909669219, -0.11250833305623717, 0.3946532747616527, 0.4595638056133142, 0.6041806192841009, 0.18850017047927753, 0.5162118027540722, -0.055357321642776264]], "inverted": false, "swapped": true, "error_lsq": 0.049208497865820745, "error_max": 0.34833207477899036, "target": "284.xyz", "model": "9.xyz", "model_rescale": 3.877068213659057, "target_rescale": 3.991701131539433},
{"mapping": [1, 4, 5, 7, 11, 0, 12, 9, 3, 8, 2, 13, 6, 15], "R": [[0.9620192270732143, -0.03353834963042043, 0.27091361325249647], [-0.08521166662006936, -0.9797291016726984, 0.18130046664980665], [0.2593414325041136, -0.1974995352897702, -0.9453760917999986]], "T": [-0.15826540708653233, -0.05724835681111602, 0.11920565375183567], "aligned_model": [[0.19784785868984103, 0.05450629710797872, -0.37661243434558755, 0.5642651216643764, -0.20376753814893386, -0.1575028709971521, -0.7189713871971798, 0.23495537451613804, -0.5505627163611442, 0.47364465006110534, 0.3159911687036515, -0.34361406123354454, -0.745029238042817, -0.1629542266460726], [-0.3497526541932225, -0.6983826055263731, -0.3882310903882551, -0.3832358690877875, 0.6286964970060438, 0.26715785936235503, 0.1725414330926986, 0.34723571197024705, -0.5445674107359663, 0.3158745994753788, -0.23294552549579445, -0.39074157650263136, -0.02814426632475852, -0.01956408113372929], [-0.6160026080043288, 0.07718474510557584, -0.5544192032742896, -0.07564902614938623, -0.149242646399682, -0.6077923249802333, -0.31783058277512466, 0.46186489982220175, 0.012508401931961913, -0.1191048054726675, 0.5488177615717413, 0.7915646685566863, 0.3067309419753563, 0.03757884455446832]], "inverted": true, "swapped": false, "error_lsq": 0.043111441955955995, "error_max": 0.24989192340106658, "target": "284.xyz", "model": "10.xyz", "model_rescale": 4.260839863003843, "target_rescale": 3.991701131539433},
{"mapping": [5, 9, 7, 4, 12, 6, 2, 0, 10, 11, 8, 13], "R": [[-0.6038813750299415, 0.6034550195168635, 0.5207392095011177], [0.7943111153690563, 0.5099572775316364, 0.33017181450524724], [-0.06631091081498429, 0.613013551654793, -0.7872847315898256]], "T": [0.08275538776547468, -0.14906353007517517, -0.035666499789042974], "aligned_model": [[0.10800171958828501, 0.2455234405418078, -0.3104561132718538, -0.4449944903549095, -0.5705957755638181, -0.2556155537389407, 0.4054074644865895, 0.7642099801328549, 0.2122912317898455, -0.30681464352839133, -0.007853498057319871, 0.11979488706998102], [0.045601820926019276, -0.5473232461861319, -0.4619056551353732, -0.36927775309390953, 0.1493693266849155, 0.5206959771537674, 0.5695714059247752, 0.13383155288987783, -0.5759624331762222, 0.16698427455774842, 0.5520804290666552, -0.010587194079187123], [-0.6843362017491617, -0.332107925338271, 0.1908976284127626, -0.5064469590368912, 0.11280728582167689, -0.3927555814251546, -0.4072531672566478, -0.0519944489598609, 0.5518648007075528, 0.7255838596529692, 0.3026759658012467, 0.007242820765283327]], "inverted": true, "swapped": true, "error_lsq": 0.052132112682798666, "error_max": 0.35568027219494947, "target": "284.xyz", "model": "11.xyz", "model_rescale": 3.890672605050136, "target_rescale": 3.991701131539433},
{"mapping": [0, 8, 1, 3, 10, 2, 11, 12, 6, 4, 7, 5, 9, 13], "R": [[0.8456762383048985, -0.4236989323267339, 0.3245164321134794], [0.2073688809884768, 0.8211432476277136, 0.5317160088552898], [-0.49176198222723927, -0.3823649848254903, 0.7822833062358797]], "T": [-0.20781185073337005, -0.15854291709923193, -0.049613745466068185], "aligned_model": [[0.12474635288013103, 0.038714264018876315, -0.29768250296948146, 0.6650359011696981, -0.20061756502341282, -0.17021680939336392, -0.593127129559818, -0.012192228022016471, -0.6208555510377178, 0.3252953452553595, 0.40295692484372647, -0.21676676041241041, -0.7905250302718421, -0.07256921370706837], [-0.4447869996525552, -0.8031606918586309, -0.40888455964838, -0.45151179581570233, 0.7344564105498267, 0.3881591834474992, 0.177123264042276, 0.33797997436978855, -0.5478367684260136, 0.21185338865689937, -0.12455527016196713, -0.25002232171440464, -0.03465421931473228, -0.08821857295569815], [-0.44478953693080747, 0.15747040421114872, -0.7807434318163687, -0.12288853037472056, -0.004436898364762201, -0.502678376386562, -0.25362971208639246, 0.47031906577263777, -0.14913029132458888, -0.31354619533229094, 0.5443311281645774, 0.7227355990400001, 0.4513027715053995, 0.021893070385009192]], "inverted": false, "swapped": false, "error_lsq": 0.046268312676446155, "error_max": 0.26753176801103834, "target": "284.xyz", "model": "12.xyz", "model_rescale": 4.124412569039231, "target_rescale": 3.991701131539433},
{"mapping": [12, 11, 10, 6, 7, 4, 8, 5, 1, 2, 9, 3, 13], "R": [[-0.9095096006958003, -0.36192580320929635, -0.20445537218051257], [-0.2995232830471609, 0.9116512191485704, -0.2813856029323034], [0.288232699662645, -0.19468376305236998, -0.9375607410983848]], "T": [0.23443559370518696, 0.08183191959472565, -0.046466951348584064], "aligned_model": [[-0.20306378095037037, -0.16140897081079053, 0.6791670372262518, -0.49395561425665646, 0.4509465216636755, 0.3309065259952378, -0.46936213775164803, 0.050780408201117566, -0.008193018232465793, -0.3932679670375968, 0.6592359472646458, 0.8177388159854491, 0.10777454021290811], [-0.1412139180521153, 0.5056974825008708, 0.5704743324674704, -0.31189810606468915, -0.00863525065050795, -0.6328993454955858, 0.3936409615264686, -0.3964064481441772, 0.7537500041108484, 0.0694139722314805, -0.11365814496692371, 0.5028333992709678, 0.15638643777437017], [0.49834423531678024, 0.6569519844013716, 0.28164548807542883, -0.11723572172072713, 0.4522869891174818, 0.12235560819525049, 0.10095190843084398, -0.49015963198671536, -0.14405836599284202, -0.6501649053834602, -0.27951212623207866, -0.40517922399241674, -0.07452815726107768]], "inverted": true, "swapped": true, "error_lsq": 0.042700239345535025, "error_max": 0.24554894531464797, "target": "284.xyz", "model": "13.xyz", "model_rescale": 3.9028299243045295, "target_rescale": 3.991701131539433},
{"mapping": [5, 4, 13, 0, 1, 12, 14, 6, 10, 2, 3, 7, 9, 15], "R": [[-0.04302737508040294, 0.6172271334158216, 0.7856076061043313], [0.22529947707629783, -0.7600862761944573, 0.6095153799289976], [0.9733389906003136, 0.20322282971194727, -0.1063564330966012]], "T": [-0.019292611001187607, -0.04006892946138342, -0.07723571462639005], "aligned_model": [[0.02144721551705704, 0.13836402451817903, -0.45746684614936506, 0.7351254752283857, -0.04314149149970302, -0.1610491945767626, -0.8896759974418215, -0.03001610033461917, -0.5146726390873417, 0.5948294535697319, 0.3274676387107054, -0.4359734189445721, -0.6063177216862409, -0.09672440005297318], [-0.38302550515737854, -0.6784719357894718, -0.3112626260157569, -0.37857917755083476, 0.6059929299757428, 0.229817805252659, -0.03378613982710789, 0.3319676240515446, -0.591180142723579, 0.3630686214950583, -0.15681848190128173, -0.40698045604843314, 0.1430754393164212, -0.03787693355937666], [-0.4551548691783831, 0.08692658515855127, -0.6831306480898727, -0.01823933886605003, -0.012166056394486674, -0.7027806853513247, -0.2367472814342504, 0.47583035003132795, 0.0016798126100561889, -0.12707520069695608, 0.42755762572486716, 0.638572214769743, 0.3946807144941087, 0.006255843684949067]], "inverted": true, "swapped": false, "error_lsq": 0.03979555215058567, "error_max": 0.23111917095797888, "target": "284.xyz", "model": "14.xyz", "model_rescale": 3.942246331269136, "target_rescale": 3.991701131539433},
{"mapping": [10, 5, 4, 9, 8, 11, 13, 0, 3, 6, 2, 1, 12, 14], "R": [[-0.13719952414816425, -0.8919304384232067, 0.4308554091429096], [0.7453784039221547, -0.37943349089428846, -0.5481252237894509], [0.6523705431271243, 0.24594779731065008, 0.7168837809980506]], "T": [-0.06549537380295165, -0.09949242440175474, -0.06986761094627977], "aligned_model": [[0.1715447417331292, 0.078506165243006, -0.37902082712194807, 0.6996981452328124, 0.009395592216029952, -0.14607593926946594, -0.7756812230633822, 0.05960717606415475, -0.5148424781240512, 0.3220054692965292, 0.3705520644955891, -0.4375795406807762, -0.8018543388208809, -0.07405900943008606], [-0.4147536312062269, -0.5770808153269048, -0.3542719628319013, -0.3270883364392355, 0.6658862925796445, 0.3209828080440672, 0.1873641764134488, 0.24461559828191534, -0.6411816414678724, 0.22824733242462122, -0.18024160729314428, -0.38092529726448443, 0.002545143310452261, -0.07815703770617448], [-0.6643614049878925, 0.32250012956641316, -0.49466539088521044, -0.17398910431749945, 0.016316431013020716, -0.6450357394315768, -0.34240971151847466, 0.5678286361884676, 0.0757617214465672, -0.30485513770248973, 0.5514134201943305, 0.5926958551546552, 0.2698971129081096, 0.025112248833859152]], "inverted": true, "swapped": false, "error_lsq": 0.04601164023798361, "error_max": 0.31699741169178736, "target": "284.xyz", "model": "15.xyz", "model_rescale": 4.355366556412066, "target_rescale": 3.991701131539433},
{"mapping": [2, 8, 6, 9, 5, 0, 4, 3, 12, 1, 7, 13], "R": [[0.4941654137577882, 0.27037370227167296, -0.8262557745429092], [-0.7164967677192371, -0.4116123682974022, -0.5632118962810441], [-0.4923747817399665, 0.8703294315283797, -0.009682712533571891]], "T": [-0.009315551327397763, 0.17810821465754556, -0.03581504078353541], "aligned_model": [[-0.29779478193698966, 0.4876182308033229, 0.07479719885623652, -0.4362075698480026, -0.48166337644519347, -0.3346140906436373, -0.1364304790312149, -0.4007753579324203, 0.5533689653692982, 0.22050800182518862, 0.3099751210071026, 0.039026692608090136], [-0.6391892130657307, -0.40788045823071795, -0.5165166695884819, 0.4739510888560506, -0.1672620830583103, -0.17305295880231053, 0.3358081023260845, 0.5672985897249361, -0.0032358123406422967, -0.08473746457305587, 0.5769115837767805, 0.050681722716378774], [0.05033502268478239, 0.11898333477885316, -0.4841526582601424, -0.0925773308395999, -0.3777379092116418, 0.5259173527291934, -0.7482903170350159, 0.5485217296879861, -0.4699519502639356, 0.5950256072164162, -0.24275977564621243, 0.025945355368738203]], "inverted": true, "swapped": true, "error_lsq": 0.0422210201738811, "error_max": 0.22016487762539555, "target": "284.xyz", "model": "16.xyz", "model_rescale": 3.795458400668931, "target_rescale": 3.991701131539433},
{"mapping": [5, 6, 2, 4, 0, 8, 12, 9, 7, 11, 1, 10, 13], "R": [[-0.5427031784508889, 0.3357061942151406, 0.7699185744381606], [0.3655757287918201, 0.9196815502614812, -0.1433186401936901], [-0.7561928633739098, 0.2036840623962147, -0.6218401370996751]], "T": [-0.00821673670347517, -0.061043655372552214, 0.08448652556308293], "aligned_model": [[0.2505419985469676, -0.19701007294982337, 0.42356526077860474, -0.3268921948447447, 0.6307243784427365, -0.2198538249075681, -0.6724346592540729, 0.2536319200098391, -0.45516762789239656, -0.6501660749385012, 0.2010791137784172, -0.09924191082998646, 0.009855494964750165], [-0.33904812527735084, 0.09507347783718414, 0.2920131775078527, -0.6619702700436279, 0.3066417067808829, 0.6354151388335013, 0.07871411914157925, -0.49576414589217865, -0.23807654787354363, 0.5594880007327736, 0.6042352799475368, 0.05189195910411126, 0.07516749467176467], [-0.47681712669342796, -0.7095977399334756, -0.584492072524049, -0.20873972640602823, 0.04929679435731625, -0.2061048310227388, -0.19346435761006414, 0.2087247457807198, 0.35413637219054767, 0.2688628926955909, 0.2674231950235958, 0.8077950365576803, 0.025251848420628442]], "inverted": true, "swapped": true, "error_lsq": 0.04912355628356343, "error_max": 0.27273239349511247, "target": "284.xyz", "model": "17.xyz", "model_rescale": 3.7474275329858107, "target_rescale": 3.991701131539433},
{"mapping": [8, 0, 3, 4, 12, 10, 11, 9, 1, 5, 6, 2, 7, 13], "R": [[-0.16630188228691656, 0.8423815240511381, -0.5125788250455834], [0.42743665395943053, -0.4068594564887895, -0.8073185799407896], [-0.8886177979310312, -0.35335357731729433, -0.29240324655734634]], "T": [-0.15657550874953421, -0.08062333884118177, -0.031528637942353804], "aligned_model": [[0.2410808951171137, 0.08788684584012688, -0.4247657735418703, 0.6565987690760269, -0.16295034346983947, -0.12339852693650892, -0.7775267188027255, 0.17597833220652045, -0.684079932578511, 0.3554939056254034, 0.3135098835706309, -0.2573459667265421, -0.6816155138186237, -0.13666985779054083], [-0.3965530920902902, -0.8673844552299282, -0.3897707542457148, -0.2390733348933659, 0.6647141141481195, 0.2288452030096434, 0.14050598171915263, 0.2613369312622744, -0.5257177280626024, 0.36312925968659104, -0.23063654369778858, -0.43061563893996774, 0.27419191279379207, -0.15703083394171014], [-0.5403628218318632, 0.1112561431377092, -0.5729074690103483, 0.022015873023251684, 0.02903839902669142, -0.6476194428939932, -0.32692342484296366, 0.43772106359428165, 0.014823107808441649, -0.28468566990443755, 0.5613580070043662, 0.5777196107053941, 0.37572854409444945, 0.03904714655129954]], "inverted": true, "swapped": false, "error_lsq": 0.03783079348932732, "error_max": 0.21843436997523755, "target": "284.xyz", "model": "18.xyz", "model_rescale": 3.922800546911778, "target_rescale": 3.991701131539433},
{"mapping": [5, 8, 12, 1, 9, 3, 7, 10, 13, 2, 6, 4, 11, 14], "R": [[-0.3239758304773275, -0.19694362045617597, -0.9253393278296023], [0.8160928972203588, 0.4365969243770027, -0.37864958567390883], [0.47857292482233793, -0.8778361669389998, 0.019277438648260953]], "T": [-0.037564234506346994, -0.16381418251766744, -0.05430617635977386], "aligned_model": [[0.23081046934002047, 0.02854305071583807, -0.4727989226449775, 0.701005014552573, -0.1765471810439631, -0.14001092751729505, -0.7035153630503419, 0.03183200061138469, -0.6385982233195011, 0.3045773231121511, 0.3332735520548538, -0.23622012417472157, -0.5711580069047959, -0.1089966639605655], [-0.5755959524025881, -0.762963515291121, -0.44096799425976596, -0.20176567789472777, 0.6383032888999678, 0.14499713539200443, 0.18352278883406486, 0.31776705759675206, -0.45185494730378456, 0.4649123174574378, -0.35326107888756, -0.2818049447588466, 0.12324854285741282, -0.10859599872104078], [-0.6382107169411362, 0.05076788275710342, -0.6479142755668246, -0.02177661627923004, -0.048433482490268624, -0.605023425596728, -0.32647733901636594, 0.5890166966866058, 0.11183956969760658, -0.026537388715583247, 0.49556379138470674, 0.6316101134438561, 0.32001492981329316, -0.08823067271475579]], "inverted": false, "swapped": false, "error_lsq": 0.038798098310824626, "error_max": 0.25613501303840713, "target": "284.xyz", "model": "19.xyz", "model_rescale": 3.9282355846067225, "target_rescale": 3.991701131539433},
{"mapping": [11, 10, 0, 9, 6, 4, 3, 7, 1, 8, 12, 2, 5, 13], "R": [[-0.17454184459471184, -0.5968230413190054, -0.7831586057984732], [-0.02440132432387415, -0.7925016518337331, 0.6093814135761327], [-0.9843473573168755, 0.12547266312443284, 0.1237614275602299]], "T": [-0.05553117532550919, 0.009224516036155206, 0.008717389415669543], "aligned_model": [[0.199784579846795, 0.03858096798127256, -0.3991637541127797, 0.6203039081648991, -0.24686367461805553, -0.08322108808502501, -0.6943957137035582, 0.07955512772944062, -0.7004019432927986, 0.4369989293501343, 0.5913828232387948, -0.46136753153707644, -0.6471684470588538, -0.15182818613252946], [-0.43049632174891117, -0.8264719231394038, -0.46139310864829125, -0.1145679699975991, 0.6279502538358324, 0.12774128516949718, 0.1533221551258989, 0.1348840977710351, -0.3722892929017588, 0.4430994842244618, -0.29860506334390197, -0.40414846132571947, 0.23539502509503282, -0.11847913859796744], [-0.49608219586976815, 0.1957700959530527, -0.5395824285026098, -0.07095183653061563, 0.09482424254465739, -0.6114075085729345, -0.3620157236904047, 0.6037460749635043, -0.0007537518870385194, -0.37571490253699835, 0.46647013248533825, 0.594495371183314, 0.302830278926763, -0.0054187820039799505]], "inverted": true, "swapped": false, "error_lsq": 0.04451256330085192, "error_max": 0.24900859075646473, "target": "284.xyz", "model": "20.xyz", "model_rescale": 4.067790424073018, "target_rescale": 3.991701131539433},
{"mapping": [5, 6, 13, 4, 7, 1, 10, 0, 11, 8, 2, 3, 12, 14], "R": [[-0.7477780165421046, 0.0908168959796117, -0.6577083923601587], [0.5594698245626535, 0.6196042235503105, -0.5505307635023231], [0.35752140268827237, -0.7796428012643004, -0.5141357301886]], "T": [-0.09385136131561489, -0.09818749704830346, -0.015389050216936085], "aligned_model": [[0.21556494798673942, 0.09940926373291534, -0.4050590387318877, 0.6705098782327211, -0.0064276892750775305, -0.1944335597542111, -0.7889281552825852, 0.13183736975387766, -0.6073812444222311, 0.3367230038909278, 0.3591112547437807, -0.32642601059613807, -0.7362958047446827, -0.16600821776348856], [-0.20572725968466346, -0.8001417071149566, -0.38932654767091945, -0.33507183769618065, 0.6406332086561974, 0.3962674497811569, -0.011441726049508799, 0.3234056169029397, -0.4792194716757999, 0.22533257806688703, -0.2773604800420598, -0.4018395182430169, 0.09426718653428631, -0.08383647024615674], [-0.5064724116207929, 0.11677569724215038, -0.5708270213684667, -0.06132595660200309, -0.07164759266195532, -0.6624614018067355, -0.4403952187087489, 0.5097603308720027, 0.08018263725965903, -0.20276133672029772, 0.5471443640409903, 0.7445119296397995, 0.3550703925995858, -0.04134534570290757]], "inverted": false, "swapped": false, "error_lsq": 0.04097999454969183, "error_max": 0.3440649494926883, "target": "284.xyz", "model": "21.xyz", "model_rescale": 4.186013935880536, "target_rescale": 3.991701131539433},
{"mapping": [6, 8, 2, 4, 7, 5, 12, 11, 0, 1, 10, 9, 13], "R": [[-0.1962378511675758, -0.5162625957401156, 0.8336447912683259], [-0.5632914360590827, 0.7552484663162462, 0.3351156698655771], [-0.8026166356559207, -0.40382259268970594, -0.43901463506554683]], "T": [0.07279022085088374, -0.007020821024139499, 0.1788988360732014], "aligned_model": [[0.23756595641642642, -0.37468175119247793, 0.403803171579344, 0.4290971059134411, -0.19443670920819098, 0.6734437791068995, -0.2701626365099987, -0.7972366087215718, 0.21203434291817044, -0.3368676023599886, -0.39845156640186596, 0.45385722791518013, 0.020609325967857667], [-0.3874457159476619, 0.018975702331044536, 0.25296426954466295, -0.6411526007509878, -0.3501515587362101, -0.12651615386601406, -0.5915042942509481, -0.18975121161303948, 0.6641012024698565, 0.5251143015942321, 0.23698908723098688, 0.06156538302899089, 0.045768248511180845], [-0.5413172149095042, -0.4640486428563871, -0.5836333694261799, 0.3187943981290353, 0.5175252506312309, -0.11134335034247389, -0.10170192084673241, -0.023130998420412052, -0.09474855638570046, -0.08354986177255885, 0.6913493995809057, 0.5297059454704875, 0.048978482483635094]], "inverted": true, "swapped": true, "error_lsq": 0.04833293407442136, "error_max": 0.29006439051277805, "target": "284.xyz", "model": "22.xyz", "model_rescale": 4.166573947596378, "target_rescale": 3.991701131539433},
{"mapping": [13, 10, 5, 14, 2, 6, 1, 3, 0, 12, 9, 8, 4, 15], "R": [[-0.7328414733331684, -0.15781498309524927, -0.6618442460832588], [-0.678653294531212, 0.09989833649921437, 0.7276331686960277], [-0.04871427701201203, 0.9824025414642086, -0.18031130230759534]], "T": [-0.022287629689325142, -0.046333193010935546, 0.06085139829161211], "aligned_model": [[0.19141202387160394, 0.20209510449149215, -0.3500430590419322, 0.6738777762490863, -0.32821570257385535, -0.12123216156183127, -0.6069035804927526, -0.09058329319270447, -0.7899573029633697, 0.4741440154443525, 0.36077333444563947, -0.32436493388196197, -0.6362677973331882, -0.07253842568991897], [-0.6262774602202285, -0.7552025383240887, -0.41035698537701654, -0.35190616386818185, 0.5490844872652736, 0.367593859950987, 0.12988771591020903, 0.3294106081549168, -0.3228417160297824, 0.2599602596457806, -0.13947723785220684, -0.4035297288413299, 0.11267154064008791, -0.043075619536215214], [-0.5177764993202809, -0.029136784159868298, -0.6108070255539091, -0.15813867060725184, -0.007668959447873949, -0.57000675248846, -0.30693854473613236, 0.5251562014631214, 0.029513365946361156, -0.23768050586389905, 0.5136622318067707, 0.7205779153452022, 0.4317952778491199, 0.013657816229380573]], "inverted": true, "swapped": false, "error_lsq": 0.04138590467951712, "error_max": 0.27963504861248384, "target": "284.xyz", "model": "23.xyz", "model_rescale": 4.274766983524099, "target_rescale": 3.991701131539433},
{"mapping": [8, 12, 11, 1, 10, 3, 0, 9, 5, 4, 13], "R": [[-0.6572119718955012, 0.45913533865073614, -0.5977182988660305], [-0.22751846966422912, 0.6351907062753532, 0.7380840823531324], [0.7185455935143396, 0.621069647836289, -0.3129931669823378]], "T": [-0.0004791178180535566, 0.1306408191164816, 0.13647454177721144], "aligned_model": [[0.10341872112303828, 0.2631694835591132, -0.31148564411217894, -0.36516005161760196, -0.7220557637520263, -0.5523922799787317, -0.09737302929033854, -0.016913426667060458, 0.6009126635404768, 0.4586317313283081, 0.019142299825076734], [0.001134370542109242, 0.632718653350823, 0.495393205817805, -0.2928758825523826, 0.28233556188504094, -0.26909715050672955, -0.5984456038274621, 0.08505561164375466, -0.08208804796745098, 0.6103349578262801, 0.05112085503169597], [-0.629503110960693, -0.3286938589055135, -0.6390148332914203, -0.31905598384482703, 0.15951985536291796, 0.5628086908114395, 0.07547331927366618, 0.6566991678911254, 0.36533850315067695, 0.4647415674880061, 0.011253117046199468]], "inverted": false, "swapped": true, "error_lsq": 0.05474625681240439, "error_max": 0.2950352381493249, "target": "284.xyz", "model": "24.xyz", "model_rescale": 3.7841303162186577, "target_rescale": 3.991701131539433},
{"mapping": [0, 10, 8, 7, 3, 4, 2, 13, 9, 6, 11, 14, 12, 15], "R": [[-0.9574247596989458, -0.15130217124876066, 0.24585662995092658], [-0.2816012017755845, 0.6769680173093875, -0.6800110783647155], [-0.06354992269045398, -0.7202929657546349, -0.6907528145512183]], "T": [-0.0972309736429279, -0.14683445170598114, -0.09510954062621059], "aligned_model": [[0.2539185037900611, 0.09659089009085176, -0.3533766314536214, 0.5031379359014382, -0.006075887174566669, -0.18781830018742346, -0.7782472864213319, -0.09180263471819544, -0.585119958943394, 0.4049284535873341, 0.47580924408962544, -0.43763075868536594, -0.656862031935732, -0.05525554016901952], [-0.5741138475452644, -0.8074966511768524, -0.37710316667156946, -0.39492728462957105, 0.6292267221532948, 0.4356505967544411, 0.010393827091833757, 0.1805679068157494, -0.414795031175816, 0.3472708673576996, 0.01784308209014246, -0.40098787013473536, 0.1363230572620026, -0.09191118667315051], [-0.5803479477431133, 0.26712470486456785, -0.5755504886434323, -0.12361706252334946, 0.10090497993861734, -0.5525037332521506, -0.3784628148321132, 0.6153679228038176, 0.08461851616736725, -0.2554912589103791, 0.3885574810803975, 0.5748404489659993, 0.3312785573986498, -0.10051023885259898]], "inverted": true, "swapped": false, "error_lsq": 0.047048808935722844, "error_max": 0.2997261808698447, "target": "284.xyz", "model": "25.xyz", "model_rescale": 4.19342608120988, "target_rescale": 3.991701131539433},
{"mapping": [2, 8, 6, 9, 5, 0, 4, 3, 12, 1, 7, 13], "R": [[0.4941654137577882, 0.27037370227167296, -0.8262557745429092], [-0.7164967677192371, -0.4116123682974022, -0.5632118962810441], [-0.4923747817399665, 0.8703294315283797, -0.009682712533571891]], "T": [-0.009315551327397763, 0.17810821465754556, -0.03581504078353541], "aligned_model": [[-0.29779478193698966, 0.4876182308033229, 0.07479719885623652, -0.4362075698480026, -0.48166337644519347, -0.3346140906436373, -0.1364304790312149, -0.4007753579324203, 0.5533689653692982, 0.22050800182518862, 0.3099751210071026, 0.039026692608090136], [-0.6391892130657307, -0.40788045823071795, -0.5165166695884819, 0.4739510888560506, -0.1672620830583103, -0.17305295880231053, 0.3358081023260845, 0.5672985897249361, -0.0032358123406422967, -0.08473746457305587, 0.5769115837767805, 0.050681722716378774], [0.05033502268478239, 0.11898333477885316, -0.4841526582601424, -0.0925773308395999, -0.3777379092116418, 0.5259173527291934, -0.7482903170350159, 0.5485217296879861, -0.4699519502639356, 0.5950256072164162, -0.24275977564621243, 0.025945355368738203]], "inverted": true, "swapped": true, "error_lsq": 0.0422210201738811, "error_max": 0.22016487762539555, "target": "284.xyz", "model": "26.xyz", "model_rescale": 3.795458400668931, "target_rescale": 3.991701131539433},
{"mapping": [9, 0, 3, 10, 11, 6, 5, 7, 2, 1, 12, 8, 13], "R": [[0.607798754853317, -0.7388393692505328, -0.2910275932694905], [-0.5553139319027542, -0.6574404600802284, 0.5093117694342051], [-0.5676329012957764, -0.14794738218357334, -0.809879288210019]], "T": [-0.1609629341899159, -0.21588660445521898, -0.14300091258419786], "aligned_model": [[-0.07832359395194033, 0.4891446421238509, 0.5088546748336908, 0.12336754905764416, -0.33876858547233124, -0.5882513945808902, -0.3098585900624197, -0.47725568866017043, 0.04495493486846225, 0.36187033453118767, -0.7548307856143712, -0.16594600047692515, -0.1152811137745309], [-0.7187048444522738, -0.19525521483216374, -0.5286970081907093, -0.05119225354948034, 0.6397462090628753, -0.013519089951667146, -0.6002772478054813, -0.1521964686143633, -0.12964933114875762, 0.2766459667928396, 0.21269468768630642, 0.48858254191254247, -0.10629644365275256], [-0.25844057749333543, 0.20572688431502065, -0.4586801984332438, -0.8034910218933008, -0.4026752714441616, 0.5404149670178402, 0.394938001567793, -0.5899005031123682, 0.698888717466502, -0.08036163400392496, -0.1028334045446341, 0.20049120744055857, -0.051940504783319325]], "inverted": false, "swapped": true, "error_lsq": 0.06020279228284535, "error_max": 0.34632477517796906, "target": "284.xyz", "model": "27.xyz", "model_rescale": 3.6321398670334006, "target_rescale": 3.991701131539433},
