[{"mapping": [11, 7, 10, 12, 0, 8, 5, 3, 9, 2, 1, 6, 13, 14], "R": [[-0.24188992199107429, -0.6802471088893365, 0.6919198916687186], [-0.5344886583181239, -0.501741599118362, -0.6801303123986175], [0.8098216715848274, -0.5343400027715015, -0.2422181282846267]], "T": [-0.027906553081252, 0.20584783658383027, 0.18039428369703897], "aligned_model": [[0.2914639214209107, 0.34175278083654925, -0.7441809486979007, -0.2447165421401442, -0.7835901021810148, -0.2143352736021226, -0.6392902928212397, -0.052003634490204835, -0.16963483859868417, 0.2811596997839997, 0.5753871456140268, 0.30123172741239573, 0.4790023344786015, -0.05075387588686933], [-0.6416982344620716, -0.10518870077090164, -0.41089557852399766, -0.43076734544101986, 0.45386667097530925, 0.16969905009945438, 0.1503502321384509, 0.4050344442941095, 0.7559723053548562, -0.17460161462285512, 0.5431277697333933, 0.5021855085730728, -0.09734775224452863, 0.11553657670676315], [0.3116657282125972, -0.49872107468452515, 0.330233248479557, -0.19487687126343373, 0.48617910824668337, -0.5833690057038916, -0.04552758056576342, 0.6579523481865253, 0.28242557361647064, 0.7261816964328958, 0.436800866034481, -0.21281309614563443, 0.12738152594569618, 0.0740756203881756]], "inverted": false, "swapped": true, "error_lsq": 0.050215993664348334, "error_max": 0.3314554450473104, "target": "285.xyz", "model": "0.xyz", "model_rescale": 3.8414455957264533, "target_rescale": 4.02286044614376},
{"mapping": [13, 2, 6, 9, 0, 11, 4, 3, 1, 7, 12, 10, 12, 5, 14], "R": [[-0.8971221271721128, -0.41376129507825754, -0.15483371607420188], [0.24353253598371316, -0.7555861152262906, 0.6080966423148413], [-0.36859706029148537, 0.5078299057483773, 0.7786173604358365]], "T": [0.01800008655892392, 0.015576972905553682, 0.006314985004882062], "aligned_model": [[0.267179376473673, -0.12782916899073354, 0.4837205737905574, 0.3599782393146812, -0.5127952883519321, -0.06165154836998828, -0.48152183045413177, -0.512143638342777, -0.5562321028196241, -0.2080861927625528, 0.41079094847360614, 0.3496955981502791, 0.41079094847360614, -0.0035852437571110493, -0.013455856823881278], [0.2988911645513206, -0.6631871053606293, -0.46192552325119907, -0.3775298449909522, 0.14883501038876815, 0.832915934879658, -0.18618251546625733, 0.1670567258036538, 0.6210164889267162, -0.3934446945899641, 0.6673076064613113, 0.26788321827541595, 0.6673076064613113, -0.17114778355662347, 0.08375477963597774], [-0.6513245446228744, 0.2565506377399034, 0.4126682398465812, -0.4341707159599557, -0.46909634734483474, -0.22145252896982573, 0.0810692365477721, 0.5625329256085055, 0.23478440591350527, -0.43475334525345655, 0.06334185541177573, 0.5491786387411604, 0.06334185541177573, 0.6379721102095153, 0.05557256678388496]], "inverted": true, "swapped": false, "error_lsq": 0.05432505626970858, "error_max": 0.44732393985994906, "target": "285.xyz", "model": "1.xyz", "model_rescale": 4.316132596720782, "target_rescale": 4.02286044614376},
{"mapping": [7, 13, 11, 5, 12, 8, 10, 4, 2, 6, 3, 14], "R": [[-0.28359843697832043, 0.9514007658778957, -0.12003544989047052], [-0.18299362889719842, 0.06918145617556731, 0.980676938601323], [0.9413210176802005, 0.30008416953978445, 0.15448052584429497]], "T": [0.12920529008578474, 0.16751026310359582, 0.018017811343731448], "aligned_model": [[-0.18361411634771785, 0.3529926044685092, 0.22666309410546878, -0.44903124857264676, -0.4357196816954556, -0.5444475260507428, -0.3890527978724355, -0.2654192237678457, 0.6277567624463081, 0.14055577684958828, 0.5004605246813685, 0.016664386387382088], [-0.5571802535894186, -0.38054077872295544, -0.5046432637274131, 0.4516442233301551, -0.2290517079020397, -0.051179736412946014, 0.3424257406475704, 0.43443630655179966, -0.04039016878250509, -0.04215773436837472, 0.5059430711183581, 0.08347072959874972], [0.285519390190843, -0.01739166945937551, -0.5953953018830564, -0.09521269724780265, -0.3236139794716253, 0.3611844359718444, -0.7672759523163475, 0.614175358611357, -0.4783403993401088, 0.5717962547444998, -0.10827733593883021, 0.0020903573480232293]], "inverted": true, "swapped": true, "error_lsq": 0.04759924496503154, "error_max": 0.24434082791098188, "target": "285.xyz", "model": "2.xyz", "model_rescale": 3.795458400668931, "target_rescale": 4.02286044614376},
{"mapping": [0, 5, 10, 7, 3, 13, 12, 4, 8, 6, 2, 14], "R": [[-0.8867297060663578, -0.43371698298777733, -0.1600000220232829], [0.3422489274691835, -0.8485694616022249, 0.40347929374666025], [-0.3107669545264819, 0.30301723961532334, 0.9008909215161652]], "T": [0.109056006919721, 0.1712160676933125, -0.03431862067401433], "aligned_model": [[-0.13067975577715274, -0.07807501447148313, -0.7373033897361136, 0.3114973593421748, 0.04512280105764771, 0.09227620636709011, -0.3189809631545513, 0.6495521744183963, 0.3476214777184661, 0.6534996878584085, -0.3164740636031795, 0.0752473057238621], [-0.22771607680635864, -0.4429890976056548, -0.2686065810825699, 0.03723613926037944, 0.4485079304917127, 0.5394005643501514, -0.2138991196506292, -0.3554349789882049, -0.45521983214178136, 0.16764301458095424, 0.7677382140561368, 0.08910886882557342], [-0.7480799503121645, -0.15939757902737617, -0.1124529574159163, 0.7629619436936167, -0.46714589222294706, 0.43028137133148514, 0.47713474554063323, -0.1478281300456256, 0.37806632616114916, 0.19876586758388856, 0.00079720857720076, 0.07566847677515631]], "inverted": false, "swapped": true, "error_lsq": 0.05305087777881795, "error_max": 0.27532359445702476, "target": "285.xyz", "model": "3.xyz", "model_rescale": 3.7530521520055578, "target_rescale": 4.02286044614376},
{"mapping": [1, 11, 7, 12, 6, 10, 9, 3, 0, 5, 14], "R": [[-0.6930559348057888, 0.6878461056862661, 0.21573410978033258], [0.6700718683955627, 0.725045974792892, -0.15909753493220802], [-0.26585176774916197, 0.034293867219422805, -0.9634037410430699]], "T": [-0.11413401564342895, -0.15420891763359423, 0.024829320690310873], "aligned_model": [[-0.49772563693655303, -0.18823290425680111, 0.5340621869145471, 0.36405862903363173, 0.18594443413965728, -0.07809869314303197, -0.2596269679018386, -0.6031887549766639, -0.33013646459518176, 0.20655871206238308, 0.004585062105056131], [-0.773273086369233, 0.14694646539199174, -0.37782815020217, 0.32972847233573305, -0.6641788963250326, 0.8015533211330378, -0.36358926433263894, -0.1654825026275601, 0.3312055351967451, 0.3040170012793336, -0.10189553716586072], [-0.08954899333003233, -0.8362042585940621, -0.4489064099937435, -0.3360727411658815, 0.05019882794396501, -0.00823370612283316, 0.5426380628319025, 0.19517029403374378, 0.6910057827092312, 0.3640872339401242, -0.031303315007097814]], "inverted": false, "swapped": true, "error_lsq": 0.05222770097414498, "error_max": 0.29528206575174354, "target": "285.xyz", "model": "4.xyz", "model_rescale": 3.7855080009869324, "target_rescale": 4.02286044614376},
{"mapping": [2, 15, 10, 9, 12, 1, 13, 6, 11, 14, 0, 7, 4, 8, 16], "R": [[-0.038009352128060336, 0.2227545984287048, -0.9741332958223283], [-0.9053041152839304, -0.4203891457642654, -0.06080645503210455], [-0.4230599815638265, 0.8795756675820778, 0.2176393737280942]], "T": [0.045381236772867206, 0.09156619241207756, 0.05264505630845283], "aligned_model": [[0.2731206781663881, -0.08394088286296308, 0.5232208636047622, 0.41099401914804057, -0.48790848519305985, -0.06838135968986014, -0.6301792021210345, -0.2643066093700819, -0.6401954749010612, -0.15663982397623577, 0.4871920710249619, 0.3528138345803584, 0.18106820075569013, -0.1367351841771725, 0.04473216901493907], [0.14748294287771316, -0.7220984615747609, -0.3619027455515589, -0.39178939925407386, 0.2240370566716301, 0.7666262851597548, -0.12527176997706435, 0.36232660466336064, 0.49125611722721785, -0.2664518656698692, 0.6953216638760781, 0.23887901388929364, 0.7486685494478065, -0.3682600642447542, 0.06272714062773371], [-0.6479216795774457, 0.07596300886072965, 0.36409246343455426, -0.3209973992797622, -0.3487510143972584, -0.2705512954886022, 0.19916137056663508, 0.5594579460180762, 0.10430514450011731, -0.48467045587587654, -0.16816345968507462, 0.7198433793801372, 0.363782202995507, 0.5533478592494125, 0.007316919362283181]], "inverted": false, "swapped": false, "error_lsq": 0.03922867192163845, "error_max": 0.24412085805222103, "target": "285.xyz", "model": "5.xyz", "model_rescale": 4.2253639853439635, "target_rescale": 4.02286044614376},
{"mapping": [10, 5, 9, 3, 0, 6, 1, 2, 8, 12, 4, 13, 11, 14], "R": [[0.8539967576618954, 0.12769879653032035, 0.5043635150044841], [-0.4601796322842898, 0.6376877049022731, 0.6177289834928971], [-0.24274316454571143, -0.7596363658890878, 0.6033476176178657]], "T": [-0.00417527077266568, -0.08999203775746076, 0.1022567567581374], "aligned_model": [[0.5637330484875835, -0.10343427148401643, -0.4359736914794964, 0.06182225695265457, -0.10706893749611164, -0.4388689070691065, -0.133422019356882, 0.6150697432227441, -0.36609919865927065, 0.3454562293906457, -0.7169040970158129, 0.2592353302299055, 0.8112572711845658, 0.019259395850381025], [0.0102731411860367, 0.06824585268782457, -0.46475499256296204, -0.6030922400520888, -0.5557536207525863, 0.13747062235345517, -0.4146252591592119, -0.34059642449511685, 0.5674562284671408, 0.525695576951124, 0.06298101275339707, 0.1587759396363096, 0.24903134041658745, 0.04399196920508103], [-0.6614841679462984, -0.5246556540895178, 0.023281610291200697, 0.1285281808128036, -0.6038270687695813, 0.43401306477307655, 0.751389967431803, 0.40537502983682283, -0.1347445354266701, -0.20072917736030177, -0.12357217590715709, 0.5717499798822023, 0.34245865775583434, 0.06377449764723137]], "inverted": false, "swapped": true, "error_lsq": 0.049324171744056435, "error_max": 0.31658003228953346, "target": "285.xyz", "model": "6.xyz", "model_rescale": 3.89814844738969, "target_rescale": 4.02286044614376},
{"mapping": [6, 4, 8, 1, 7, 5, 3, 13, 2, 10, 12, 11, 14], "R": [[0.6912685438990374, -0.2680210751570832, -0.6710532791718896], [-0.12528353029643577, -0.959057563992285, 0.25399335815262214], [-0.711654296166451, -0.09150569501853578, -0.6965449522658305]], "T": [-0.21503432770917102, 0.0042883857003033765, -0.12941475451913137], "aligned_model": [[0.20755003987645732, -0.005031722423961715, 0.3703073026983566, -0.24064250323451913, 0.6076989730921067, -0.2818348348371078, -0.6833150487309754, 0.12568688460639643, -0.4643780658299915, -0.529932714615021, 0.15334340307246247, 0.0024569482811676036, -0.11327686105114744], [-0.25208787839058555, 0.1987821975901512, 0.4448205599988858, -0.7298347144812947, 0.041063493003536344, 0.6289176377794483, -0.21670164780130063, -0.2985138181320146, -0.3089457826306808, 0.7983371466088232, 0.5605524694931672, 0.0024293967315295872, 0.09496220570082038], [-0.45568723354871904, -0.8368417144798461, -0.4169966453876141, -0.19164714787494863, -0.0015596492344215895, -0.3118612939878409, -0.14335212854588283, 0.2499457846636458, 0.4852881733529169, 0.30209276162131393, 0.2552695545342499, 0.7595498812805113, -0.09192531155706879]], "inverted": true, "swapped": true, "error_lsq": 0.04890671067100387, "error_max": 0.3152168552651487, "target": "285.xyz", "model": "7.xyz", "model_rescale": 3.7474275329858107, "target_rescale": 4.02286044614376},
{"mapping": [3, 9, 4, 8, 6, 0, 7, 11, 10, 5, 1, 13, 12, 11, 14], "R": [[0.856843325998454, -0.12673531555472767, -0.4997576157330184], [-0.29071977123261905, 0.6817575049588303, -0.6713335378534017], [0.42579517294863894, 0.7205170811462797, 0.5473149061281672]], "T": [0.07187224805459097, 0.16195106166296125, 0.03987138345210031], "aligned_model": [[0.1298859576655675, -0.22806944568946697, 0.7223217801804838, 0.3764041763130804, -0.4823043173900496, -0.04819572201796346, -0.5643350986310576, -0.28912784681765796, -0.5787472841340895, -0.22870368649852807, 0.5241524020546855, 0.5665709094759821, 0.06464558887791563, -0.28912784681765796, 0.12948524743242784], [0.0765096520027875, -0.5144240650890831, -0.23530539678403212, -0.40639087605671864, 0.2549644275364098, 0.6529044468804112, -0.07820340269058679, -0.0028086697331016486, 0.5374816957722655, -0.31855143695157107, 0.7394416208118045, 0.12359673459829376, 0.5091084709215133, -0.0028086697331016486, 0.1660365366832169], [-0.669683908260299, 0.22123319959182794, 0.2168701354954001, -0.18252030334560912, -0.5527287738872467, -0.38293080875265184, 0.001875631080490353, 0.5184245341076901, 0.14443871519729198, -0.39807030263703913, -0.12368024888906579, 0.7894806207723652, 0.5498440566350759, 0.5184245341076901, 0.05523790884751202]], "inverted": false, "swapped": false, "error_lsq": 0.05279899338418386, "error_max": 0.34607896070330824, "target": "285.xyz", "model": "8.xyz", "model_rescale": 4.019505241142653, "target_rescale": 4.02286044614376},
{"mapping": [9, 0, 3, 1, 6, 13, 11, 4, 8, 5, 10, 12, 14], "R": [[-0.25219859344493833, -0.2220887951308321, 0.9418452296113893], [0.8600549314851365, 0.39464715651987936, 0.323356052485293], [-0.4435102978426683, 0.8915885760417244, 0.09147910569850629]], "T": [0.06458353566919049, -0.09297851592037634, -0.10048372892568218], "aligned_model": [[-0.3067837778276227, -0.7818761977600281, -0.1845881334599918, 0.37224513731300224, 0.3553678344260922, 0.6386264895870406, 0.6334928056693039, -0.19543122516893163, 0.1573991271320166, -0.37074947481946074, -0.35789822592804227, 0.2460815069254244, 0.11381490565237365], [-0.4984015701313248, 0.004904294821181876, -0.06719294682595982, -0.437039563146421, -0.5963951735163033, 0.023395581299916604, 0.623590800330088, -0.6893243861629832, -0.3252069574312147, 0.01824442266807895, 0.6903644009776426, 0.36768637224245004, -0.0512470470110921], [-0.27613306071878496, -0.10093379786130911, -0.5538778871504625, -0.6753156263639273, 0.012548246817740402, -0.1933615756383243, -0.12133300206800864, 0.29844705198769855, 0.6457414259509974, 0.3749375347765694, 0.251306266562196, 0.48939782556591177, 0.02528009218358228]], "inverted": false, "swapped": true, "error_lsq": 0.05236443147845659, "error_max": 0.38261378261300627, "target": "285.xyz", "model": "9.xyz", "model_rescale": 3.877068213659057, "target_rescale": 4.02286044614376},
{"mapping": [12, 13, 14, 6, 5, 12, 4, 7, 1, 3, 11, 9, 8, 2, 15], "R": [[0.21126401316924232, 0.9135167401379894, 0.347641600254181], [-0.07866544680912516, 0.3704067919056275, -0.9255325796472551], [-0.974258314933954, 0.1681843452817261, 0.15011582789369773]], "T": [0.03567625797883265, 0.06183614915039552, 0.057882432312528195], "aligned_model": [[0.1820407840136826, 0.10710411417696603, 0.5950644619859372, 0.3021419054671104, -0.4934144436407466, 0.1820407840136826, -0.5851240805685051, -0.522682294268025, -0.6419412684175634, -0.3223443659424934, 0.5088992655365808, 0.4302361826268727, 0.07597792487699281, -0.045020383635802415, 0.031876227778982275], [0.333764061731936, -0.701110786291589, -0.36810260898042535, -0.26826846071205407, 0.34080223916870594, 0.333764061731936, -0.1691832105815415, 0.2881059574661177, 0.6037372921079528, -0.24306700523820496, 0.6156204728575965, 0.13926170871659893, 0.6576874446629192, -0.20523866583827122, 0.14377856736682992], [-0.622432091706451, 0.16010048855649572, 0.3921862583648474, -0.38970172779712187, -0.4453435530281806, -0.622432091706451, 0.1969064404317299, 0.608631259269398, 0.04870368592985837, -0.3682826085097933, -0.06060041116222055, 0.5813067845232814, 0.5464107785621344, 0.659974163845518, 0.020787614490387407]], "inverted": false, "swapped": false, "error_lsq": 0.04780964113807977, "error_max": 0.4165864914895309, "target": "285.xyz", "model": "10.xyz", "model_rescale": 4.260839863003843, "target_rescale": 4.02286044614376},
{"mapping": [7, 13, 2, 11, 10, 12, 8, 6, 3, 0, 5, 14], "R": [[-0.8772711976812354, -0.4554939449780767, -0.15139521725351832], [-0.38215520839262584, 0.8536485453434915, -0.3538948399331784], [0.29043526372897616, -0.2526052792822233, -0.9229506652370053]], "T": [0.15453802426466828, -0.0806759962202431, 0.1037244543250172], "aligned_model": [[0.3521159991728091, 0.14620764534492442, -0.25589370809394335, -0.44706115869223345, -0.7024903099573505, -0.283976406245523, 0.3765119739964219, 0.6983017641322142, 0.0983828271066948, -0.09389479429205494, -0.047780688600504495, 0.11847550522267561], [0.10487164150203096, -0.42130307556980706, -0.6846684884655968, -0.4181678721950799, 0.33230026609704655, 0.3228230334404826, 0.574676846886671, -0.049701929124525, -0.3843852504294857, 0.26955557331107327, 0.5202211586227387, 0.006856601457385342], [-0.6843900289061796, -0.3816602749953288, 0.033820978954390735, -0.4977252039098652, 0.20777351181729686, -0.38413569816009074, -0.2712915206787695, -0.12891619015025338, 0.5195669265693967, 0.8397233061484229, 0.2646607702881908, -0.0012484995817060585]], "inverted": false, "swapped": true, "error_lsq": 0.05455583483064574, "error_max": 0.27445836749692515, "target": "285.xyz", "model": "11.xyz", "model_rescale": 3.890672605050136, "target_rescale": 4.02286044614376},
{"mapping": [5, 0, 9, 8, 4, 11, 10, 7, 12, 2, 1, 3, 13, 14], "R": [[-0.9175164158473259, 0.1336053669833086, -0.3745840794320177], [0.06719328006420422, -0.8762618229498234, -0.4771271117373918], [-0.39198047115244167, -0.4629414904217461, 0.795007224294976]], "T": [0.10986362201461951, 0.11750101845416089, 0.12870332994011519], "aligned_model": [[0.314060894647026, 0.15358650729276319, 0.42724207271693493, 0.6619603601645003, 0.8567062591599722, -0.6008047749846837, -0.32503095913772695, 0.3430406661500629, -0.02248850542919724, -0.5827097032082803, 0.07572742596383175, -0.09757516813575899, -0.12232839140402847, 0.12848915099827807], [-0.21975454775227815, 0.30458987421588146, 0.5478591489084612, -0.4428109736302894, 0.1109478604700482, -0.33620482801346346, -0.41486007530313923, -0.4501274538045768, -0.6397497098108589, 0.26593241344779295, 0.6774005314649862, 0.5613222587442108, -0.010565871524816778, -0.021826107584193538], [-0.3932860444554464, -0.7014541231195452, -0.08854542324529346, 0.15393085630494113, -0.028028837248014027, 0.4846042558476209, -0.5371281310166456, 0.6926322299633034, 0.08213993241792283, 0.3196429634751037, 0.6070469628089907, -0.03955104293278072, 0.6591562293122017, 0.14363060724450227]], "inverted": false, "swapped": true, "error_lsq": 0.049785389941153016, "error_max": 0.33487860783997137, "target": "285.xyz", "model": "12.xyz", "model_rescale": 4.124412569039231, "target_rescale": 4.02286044614376},
{"mapping": [6, 9, 5, 1, 8, 7, 3, 11, 0, 2, 12, 10, 14], "R": [[-0.0602402535530166, 0.9931774939650018, 0.09984777079768667], [0.4073855218909315, 0.11578174656445822, -0.9058872025346958], [-0.9112673309218989, -0.013894338555061336, -0.4115808534791138]], "T": [-0.0106164879992654, 0.11431094728817408, 0.04522041644225487], "aligned_model": [[-0.12633764082973337, -0.2820963569302249, 0.5173089925182055, -0.7026358708790906, 0.5800999987305291, 0.3466243363591667, -0.3910082012507689, 0.17370428613649358, 0.11966821871187722, -0.3198679290005106, 0.6842329026242318, 0.6522880190577582, 0.1153175522618238], [-0.24118581957797303, 0.4652115184514416, 0.4769129960258968, -0.13103908099739447, -0.12038984440517943, -0.6198199966275497, 0.4342607923755974, -0.36691385401776816, 0.9554158726095907, 0.0023802706721494787, -0.11091402337890481, 0.5534422596775487, 0.05012428570102226], [0.5045576897223176, 0.41441100692562444, 0.17835640459426633, 0.11138621573212681, 0.5092962028392538, 0.21261268421173846, -0.10055996667091417, -0.7110947146402415, 0.08576332352874382, -0.6105102472875027, -0.1988532159390109, -0.4873154699209353, 0.04364816787237219]], "inverted": false, "swapped": true, "error_lsq": 0.04989015835510765, "error_max": 0.38258552339529894, "target": "285.xyz", "model": "13.xyz", "model_rescale": 3.9028299243045295, "target_rescale": 4.02286044614376},
{"mapping": [13, 7, 4, 10, 11, 12, 9, 6, 1, 14, 8, 0, 2, 3, 15], "R": [[-0.6163519653114754, 0.7855646201473423, -0.05475840053766623], [-0.44444709869565724, -0.28962285327716997, 0.8476941543508505], [0.6500592521591354, 0.5468151702653763, 0.5276515310789431]], "T": [0.04358478207877418, 0.15943904804049758, 0.07782485194362457], "aligned_model": [[0.31022654954686557, -0.18028216241608302, 0.5372533703611102, 0.20126725159705325, -0.546944558888279, 0.04132454519101489, -0.5772862176239695, -0.4879392145917268, -0.492894091954903, -0.29961310991837325, 0.5794154780147249, 0.631731337364101, 0.042727365227154375, 0.07650982357254922, -0.03064155147756837], [0.11731576628607071, -0.7014641944047787, -0.26267905466455466, -0.4881632592983831, 0.3002739188003565, 0.6233243074670233, -0.29564796264901494, 0.0692098931133511, 0.5208579797277586, -0.1844751274840492, 0.7152348012519114, 0.29157420354800906, 0.7560382995187501, -0.032918460243986813, 0.07306995720004401], [-0.6703590484251039, 0.24916414733997108, 0.2713988847959698, -0.25549195289067883, -0.34324203700989764, -0.4408712501979687, -0.013062280773066676, 0.4699335139415294, 0.13918876052515824, -0.6617621271095074, 0.05583154472130192, 0.6468945659767457, 0.5093551145298256, 0.6699430630192243, 0.0792940916199294]], "inverted": true, "swapped": false, "error_lsq": 0.04370026081721175, "error_max": 0.2563885142700638, "target": "285.xyz", "model": "14.xyz", "model_rescale": 3.942246331269136, "target_rescale": 4.02286044614376},
{"mapping": [3, 11, 13, 4, 9, 5, 6, 7, 2, 10, 1, 12, 0, 8, 14], "R": [[0.11477407787653679, 0.9623676857879689, -0.24632366593305666], [0.35236588512072065, 0.1923988188276615, 0.9158717036336543], [0.9287977142794237, -0.19191438681044762, -0.31702314439877743]], "T": [-0.004862024331788121, 0.041204133969522994, -0.00520319857530404], "aligned_model": [[0.5335860247456629, -0.06430668012651405, 0.6130275205053518, 0.2819668112174959, -0.736083590989292, -0.02400213512146385, -0.4638129599799337, -0.7097289637832048, -0.3367568439944009, -0.27188158043804606, 0.48999646604979946, 0.7480565542751462, -0.09116922544381886, -0.1773047189845485, 0.013268136071437248], [0.26791305773507246, -0.6412861792040543, -0.4269310073633756, -0.330632244964506, 0.1487196298682371, 0.5819188500390999, -0.21291523111686927, 0.31685542359551816, 0.7227181999898762, -0.37403574635523973, 0.682807500362568, 0.19798116097823462, 0.5510251038229255, -0.10432040224792713, 0.12173295302894738], [-0.42380168499206095, 0.20641988612537104, 0.23972913153955738, -0.3561033315494535, -0.32444878543432554, -0.3369271955575396, 0.1886441029127528, 0.39248822995309396, 0.08442004136286155, -0.5202535985245281, -0.015284394485861462, 0.27158342674024805, 0.5176267246331913, 0.735017749998419, 0.047104687341705885]], "inverted": true, "swapped": false, "error_lsq": 0.06519635030268706, "error_max": 0.5643109865431686, "target": "285.xyz", "model": "15.xyz", "model_rescale": 4.355366556412066, "target_rescale": 4.02286044614376},
{"mapping": [7, 13, 11, 5, 12, 8, 10, 4, 2, 6, 3, 14], "R": [[-0.28359843697832043, 0.9514007658778957, -0.12003544989047052], [-0.18299362889719842, 0.06918145617556731, 0.980676938601323], [0.9413210176802005, 0.30008416953978445, 0.15448052584429497]], "T": [0.12920529008578474, 0.16751026310359582, 0.018017811343731448], "aligned_model": [[-0.18361411634771785, 0.3529926044685092, 0.22666309410546878, -0.44903124857264676, -0.4357196816954556, -0.5444475260507428, -0.3890527978724355, -0.2654192237678457, 0.6277567624463081, 0.14055577684958828, 0.5004605246813685, 0.016664386387382088], [-0.5571802535894186, -0.38054077872295544, -0.5046432637274131, 0.4516442233301551, -0.2290517079020397, -0.051179736412946014, 0.3424257406475704, 0.43443630655179966, -0.04039016878250509, -0.04215773436837472, 0.5059430711183581, 0.08347072959874972], [0.285519390190843, -0.01739166945937551, -0.5953953018830564, -0.09521269724780265, -0.3236139794716253, 0.3611844359718444, -0.7672759523163475, 0.614175358611357, -0.4783403993401088, 0.5717962547444998, -0.10827733593883021, 0.0020903573480232293]], "inverted": true, "swapped": true, "error_lsq": 0.04759924496503154, "error_max": 0.24434082791098188, "target": "285.xyz", "model": "16.xyz", "model_rescale": 3.795458400668931, "target_rescale": 4.02286044614376},
{"mapping": [6, 4, 8, 1, 7, 5, 3, 13, 2, 10, 12, 11, 14], "R": [[0.6912685438990374, -0.2680210751570832, -0.6710532791718896], [-0.12528353029643577, -0.959057563992285, 0.25399335815262214], [-0.711654296166451, -0.09150569501853578, -0.6965449522658305]], "T": [-0.21503432770917102, 0.0042883857003033765, -0.12941475451913137], "aligned_model": [[0.20755003987645732, -0.005031722423961715, 0.3703073026983566, -0.24064250323451913, 0.6076989730921067, -0.2818348348371078, -0.6833150487309754, 0.12568688460639643, -0.4643780658299915, -0.529932714615021, 0.15334340307246247, 0.0024569482811676036, -0.11327686105114744], [-0.25208787839058555, 0.1987821975901512, 0.4448205599988858, -0.7298347144812947, 0.041063493003536344, 0.6289176377794483, -0.21670164780130063, -0.2985138181320146, -0.3089457826306808, 0.7983371466088232, 0.5605524694931672, 0.0024293967315295872, 0.09496220570082038], [-0.45568723354871904, -0.8368417144798461, -0.4169966453876141, -0.19164714787494863, -0.0015596492344215895, -0.3118612939878409, -0.14335212854588283, 0.2499457846636458, 0.4852881733529169, 0.30209276162131393, 0.2552695545342499, 0.7595498812805113, -0.09192531155706879]], "inverted": true, "swapped": true, "error_lsq": 0.04890671067100387, "error_max": 0.3152168552651487, "target": "285.xyz", "model": "17.xyz", "model_rescale": 3.7474275329858107, "target_rescale": 4.02286044614376},
{"mapping": [9, 5, 0, 8, 1, 13, 3, 10, 6, 2, 7, 12, 11, 14], "R": [[0.4887054963739605, -0.37823326586314043, -0.7861975161550591], [0.6245966795272314, 0.7808459267650742, 0.012594704361347187], [0.6091353919593233, -0.4972114592896021, 0.6178469381761686]], "T": [0.11259973020881991, -0.1396413641189091, 0.0026590120183418303], "aligned_model": [[0.5052819682228937, 0.15634744932300995, 0.77453465867074, -0.43073641463405926, 0.2267042560806352, -0.2749068364779459, 0.5910962641640038, 0.23501437870938222, -0.19334751617875295, 0.2414450465038917, -0.7165233380353433, -0.3903730186877708, -0.3058891136549267, -0.003800136122881159], [-0.4393511531306575, 0.29357235469703713, 0.21339900682367424, -0.05285476140301899, -0.7716803821060327, -0.2629944780119996, -0.22880895236784854, 0.8084170793343952, -0.6125247486701989, -0.02180935247615462, -0.21834187598850555, 0.4416892572250885, 0.2787363775287163, -0.06704012994326167], [-0.2958521678354936, -0.48552411035642173, -0.4014201565669918, -0.5600582208190609, 0.36455984453218365, 0.43430378254621416, 0.17988171705707523, -0.04287127341169569, -0.18047387452101882, 0.7151631418208161, -0.028172592687590717, -0.04410661254528424, 0.7007930876296822, -0.03142784618075915]], "inverted": false, "swapped": true, "error_lsq": 0.04193408464815886, "error_max": 0.27084370502793315, "target": "285.xyz", "model": "18.xyz", "model_rescale": 3.922800546911778, "target_rescale": 4.02286044614376},
{"mapping": [4, 12, 7, 13, 1, 6, 5, 0, 1, 8, 10, 9, 2, 3, 14], "R": [[0.8583940065606277, -0.07345449423604479, 0.507704802791268], [0.4454942969783836, -0.3839707830669425, -0.8087652744218776], [0.25435125488294574, 0.9204188584701458, -0.2968746606094648]], "T": [0.01329673579556032, 0.04824899120553363, -0.01773570206921317], "aligned_model": [[0.4355271137882647, -0.08741659566608814, 0.5351114947532409, 0.39753693483149116, -0.5306873492643746, -0.08217856574363608, -0.6628712532645693, -0.5229160063938444, -0.5306873492643746, -0.26954503744618036, 0.5037946871414033, 0.5000619232705853, 0.07523939865821985, -0.03164213116291728, 0.075527549766451], [0.22071888245894014, -0.7041316997428922, -0.37548346988345005, -0.41606747178625253, 0.5485698351552046, 0.4991656032067454, -0.2883239485972194, 0.11921749303014298, 0.5485698351552046, -0.15150983613351968, 0.6812160400829029, 0.35971957796611553, 0.6113639252615921, -0.16076193447304418, 0.009288236468036656], [-0.5797346198647383, 0.188162732408514, 0.4139715804869954, -0.3472557142988363, -0.05948965094641866, -0.5308891369504969, 0.09203326872229967, 0.6193529907666961, -0.05948965094641866, -0.5222033385249257, -0.11450926263361084, 0.555665476653334, 0.42066324905671065, 0.5851276114344182, 0.04480945469990952]], "inverted": false, "swapped": false, "error_lsq": 0.05316810050365362, "error_max": 0.5126419409417294, "target": "285.xyz", "model": "19.xyz", "model_rescale": 3.9282355846067225, "target_rescale": 4.02286044614376},
{"mapping": [11, 12, 5, 7, 13, 8, 6, 4, 1, 3, 10, 2, 0, 14], "R": [[0.2806570569726584, -0.3578270097853483, 0.8906129616390737], [0.3964173062443147, 0.8882815487214661, 0.23196812175597487], [-0.8741195202496321, 0.28795090079572555, 0.3911513045478476]], "T": [-0.0015762240800841973, 0.02404315439004212, 0.09988134972315359], "aligned_model": [[-0.7694158599164607, -0.12064576043362782, 0.4963203705337279, -0.3357785846351258, -0.5668777802337797, 0.280061950480059, -0.011695197828577454, 0.5946874368906957, -0.3368844331479355, 0.035444852464703254, 0.17978635238745685, -0.576162015644707, 0.6776486827679521, -0.013967194599704212], [-0.46710706763205934, -0.6907447428168754, -0.398530640529815, -0.17255564670674878, 0.03926108078650764, -0.26627464647107807, 0.3607769224750782, 0.20639037301955124, 0.6783946108888385, 0.2736372279558418, -0.8339018426770493, -0.004859415024406941, -0.11737784435089155, -0.08422628149205749], [0.18208711424477186, -0.16091475570152924, 0.061919276694816686, -0.6378497085349603, -0.07871625155678517, -0.5752425485129142, -0.387220326408832, -0.34011976304030545, 0.1533411660938157, 0.5522638397852665, 0.4831712701835831, 0.5550334595697791, 0.5945822235349664, 0.00984816089200917]], "inverted": true, "swapped": true, "error_lsq": 0.04994917696731073, "error_max": 0.31631789700318247, "target": "285.xyz", "model": "20.xyz", "model_rescale": 4.067790424073018, "target_rescale": 4.02286044614376},
{"mapping": [3, 4, 0, 2, 13, 11, 5, 1, 13, 6, 12, 7, 9, 8, 14], "R": [[-0.6101119034910438, 0.4183191625084069, 0.6728837518448494], [-0.7761993735768706, -0.1451511761730645, -0.6135516836538306], [-0.15899055845366905, -0.8966271322761996, 0.41325753228313866]], "T": [-0.0054380064980292745, 0.07876627765163244, 0.028541828467584972], "aligned_model": [[0.545626243659455, -0.193028451201506, 0.6412114524727545, 0.3908503470181368, -0.6155911051154299, -0.06628172926827175, -0.5072658897716545, -0.3524942859107055, -0.6155911051154299, -0.2154630132243879, 0.44464293888852635, 0.27434629261510507, 0.1402765661812789, -0.04806116702243154, -0.018322280201768328], [0.13311289274054625, -0.7004788499336018, -0.14108949209180174, -0.4793648055241959, 0.4105379106053014, 0.4918186802242337, -0.16745024668384267, 0.3663616879980717, 0.4105379106053014, -0.25967486786605065, 0.6823368349116969, 0.14012710652020557, 0.7099680892474588, -0.2506040054408072, 0.15541222285599166], [-0.617306183279426, 0.02083787319104417, 0.22339035231181087, -0.26329231346812987, -0.059573351223762935, -0.4651362124736826, 0.21831095022124963, 0.7142137034535091, -0.059573351223762935, -0.5950798439153135, -0.11338629385638345, 0.7174682046930277, 0.4579617113513706, 0.49207864418729763, 0.03530110009458401]], "inverted": true, "swapped": false, "error_lsq": 0.05131256963241424, "error_max": 0.4133292270948644, "target": "285.xyz", "model": "21.xyz", "model_rescale": 4.186013935880536, "target_rescale": 4.02286044614376},
{"mapping": [8, 7, 6, 0, 10, 9, 5, 12, 1, 13, 11, 3, 14], "R": [[0.1690574423656045, 0.5924637937852456, 0.7876587041570697], [-0.0008315218072892372, 0.7992471291602448, -0.6010019426762205], [-0.9856058490858728, 0.10094889589639366, 0.13561132203844461]], "T": [0.12362934768416001, 0.028032082400668394, 0.039333566051618266], "aligned_model": [[-0.1738441664240707, -0.45250922638383306, 0.2183120195419132, 0.5422990111073748, -0.31791962293549847, 0.6837019681040613, 0.05049212678469539, -0.581284743234616, 0.46905665383553613, -0.22719939828159058, -0.6425906062967262, 0.486895026010595, 0.003164993595384663], [-0.3660292334842475, 0.19357850146888977, 0.2304064642814977, -0.6126652756142721, -0.611780933108581, -0.08364665647074457, -0.6217802649971377, -0.28063729398637166, 0.6763778851286011, 0.5018489342088199, 0.3783946070141387, 0.13803632562702178, -0.023146400521521185], [-0.5735464813989573, -0.5396726060367997, -0.5091551469564879, 0.4138972267016411, 0.5974974998485267, -0.04421726469837069, 0.021851856808384182, 0.008784562948269882, -0.022254354085750744, -0.024786008208174642, 0.3967088843687718, 0.39183149853454075, -0.014060106490247463]], "inverted": true, "swapped": true, "error_lsq": 0.048082450935639814, "error_max": 0.3019826245657647, "target": "285.xyz", "model": "22.xyz", "model_rescale": 4.166573947596378, "target_rescale": 4.02286044614376},
{"mapping": [6, 11, 14, 12, 4, 1, 3, 8, 4, 2, 5, 10, 7, 9, 15], "R": [[0.08288102969134772, 0.8921109496072432, 0.44414951143524295], [-0.9666787197103628, 0.18028876174750538, -0.1817366645635524], [-0.24220443384966317, -0.4142873591825055, 0.877327188821337]], "T": [0.029010028563745648, 0.058759858212872024, 0.08338962947563885], "aligned_model": [[0.3324276569195876, -0.14096598102173694, 0.6562525156730273, 0.40245205077948787, -0.6257165618930193, -0.032005893033182554, -0.5064771095166901, -0.5161789240947686, -0.6257165618930193, -0.2802837285635788, 0.528370975452289, 0.4638784949814306, 0.21525749557753773, -0.1067822448141337, 0.04034262945044081], [0.07578508868667615, -0.6991335824156785, -0.27650888684628216, -0.4277482523548026, 0.3686237373299792, 0.5256341761374912, -0.20948453960198912, 0.3244970974278769, 0.3686237373299792, -0.0014174877382491236, 0.6908796112728741, 0.28639646470569186, 0.6797483990712181, -0.3136802615011094, 0.10933576666483125], [-0.6142890331600288, -0.05371987509650039, 0.43000107500458895, -0.14733156509587272, -0.03978090893331729, -0.45177809137572233, 0.031186947481021104, 0.6183960460863983, -0.03978090893331729, -0.511190304616855, -0.12185472176279363, 0.6490858601542978, 0.38517558144124053, 0.5342754043681236, 0.03781948450216968]], "inverted": false, "swapped": false, "error_lsq": 0.04970421547588524, "error_max": 0.40860128748921026, "target": "285.xyz", "model": "23.xyz", "model_rescale": 4.274766983524099, "target_rescale": 4.02286044614376},
{"mapping": [12, 6, 4, 5, 9, 0, 10, 3, 2, 1, 14], "R": [[0.25323226493563156, -0.24938956259778416, 0.9347075831846322], [-0.7498300376125155, -0.6610891292757148, 0.02675963092965067], [0.6112514496421125, -0.7076482242051931, -0.3544088826336791]], "T": [0.06553008809862707, 0.15311845100591456, 0.017152580644149644], "aligned_model": [[0.27102319428236066, 0.07864530407320415, -0.5119951690669066, -0.3855859627952797, -0.385423057603406, -0.6310930756353007, -0.06020100468028669, -0.02787733722737243, 0.6057549782603597, 0.33193368383971966, 0.09471315051098252], [-0.34469191827060486, 0.6810071983165776, 0.4927308392855002, -0.2248297358929824, 0.42741512688242767, -0.24026354295670357, -0.7917203087940395, 0.15535176789188293, -0.06001554175399393, 0.7191403075233584, 0.10146233901206075], [-0.5333665567501407, -0.25102931408735274, -0.3482374080421823, -0.2684349308393387, 0.2506837694893945, 0.3104819213059836, -0.06854791848078864, 0.5266501215333647, 0.46534740732613994, 0.4071702184216401, -0.11115087585514224]], "inverted": false, "swapped": true, "error_lsq": 0.05042158309302713, "error_max": 0.23127420784077363, "target": "285.xyz", "model": "24.xyz", "model_rescale": 3.7841303162186577, "target_rescale": 4.02286044614376},
{"mapping": [14, 3, 11, 13, 2, 9, 4, 1, 8, 12, 10, 7, 0, 6, 15], "R": [[-0.4870794510080631, -0.8667553688931663, -0.10718553494084748], [0.4332640304842192, -0.34636984655664493, 0.8320518068515304], [-0.7583112080763766, 0.3588357004134316, 0.544243559277047]], "T": [-0.013682808727849839, 0.15468062896790064, 0.05743094462635466], "aligned_model": [[0.3762492809439188, -0.1110206149341386, 0.604305265648021, 0.3842383094411834, -0.66851567222883, -0.0603090220518069, -0.6184339487090749, -0.5106024751074559, -0.42362031288308494, -0.12900654986177312, 0.6100782995353212, 0.40187660640252887, -0.006056588486708285, -0.02998918599638315, -0.014338577708046286], [0.20646482403260352, -0.6446155543518255, -0.25828438585008107, -0.3987853617122746, 0.21712925807953928, 0.41542416314623026, -0.20687937702533316, 0.4181645016203422, 0.576981379474331, -0.16856301238290178, 0.6056190868474085, 0.2987864577693421, 0.664516568187183, -0.323712401600594, 0.09930492193453705], [-0.6314597033695885, 0.08298188289908891, 0.24972812512641673, -0.3264104003933805, -0.31146893003939474, -0.46408560749964145, 0.3028994021029455, 0.5439322167937117, 0.11284847296843588, -0.6188721601168409, -0.055846115278777794, 0.5363353637980789, 0.5878450330486168, 0.5986339218972643, 0.0991534881264971]], "inverted": true, "swapped": false, "error_lsq": 0.042661606726519925, "error_max": 0.29137849976276525, "target": "285.xyz", "model": "25.xyz", "model_rescale": 4.19342608120988, "target_rescale": 4.02286044614376},
{"mapping": [7, 13, 11, 5, 12, 8, 10, 4, 2, 6, 3, 14], "R": [[-0.28359843697832043, 0.9514007658778957, -0.12003544989047052], [-0.18299362889719842, 0.06918145617556731, 0.980676938601323], [0.9413210176802005, 0.30008416953978445, 0.15448052584429497]], "T": [0.12920529008578474, 0.16751026310359582, 0.018017811343731448], "aligned_model": [[-0.18361411634771785, 0.3529926044685092, 0.22666309410546878, -0.44903124857264676, -0.4357196816954556, -0.5444475260507428, -0.3890527978724355, -0.2654192237678457, 0.6277567624463081, 0.14055577684958828, 0.5004605246813685, 0.016664386387382088], [-0.5571802535894186, -0.38054077872295544, -0.5046432637274131, 0.4516442233301551, -0.2290517079020397, -0.051179736412946014, 0.3424257406475704, 0.43443630655179966, -0.04039016878250509, -0.04215773436837472, 0.5059430711183581, 0.08347072959874972], [0.285519390190843, -0.01739166945937551, -0.5953953018830564, -0.09521269724780265, -0.3236139794716253, 0.3611844359718444, -0.7672759523163475, 0.614175358611357, -0.4783403993401088, 0.5717962547444998, -0.10827733593883021, 0.0020903573480232293]], "inverted": true, "swapped": true, "error_lsq": 0.04759924496503154, "error_max": 0.24434082791098188, "target": "285.xyz", "model": "26.xyz", "model_rescale": 3.795458400668931, "target_rescale": 4.02286044614376},
{"mapping": [6, 13, 1, 9, 0, 8, 7, 4, 12, 3, 5, 10, 14], "R": [[0.5724746025646485, -0.7179167936452957, 0.39606603845887334], [0.7899523050895232, 0.35352320688051325, -0.5009957064493336], [0.21965469515172376, 0.5996805979844402, 0.7695030833588826]], "T": [0.05958743380148515, -0.05267522969719658, -0.08695397885191891], "aligned_model": [[-0.09421844549119815, 0.4012683980332308, 0.5560686560662716, -0.0705459202711396, -0.23553801659798565, -0.6227536404572194, -0.15305700320766405, -0.584539423340234, -0.22065349580470442, 0.3604773674984897, -0.4796640486829765, -0.14205565658048933, -0.01511238834312402], [-0.6105048563652992, -0.39900701197111016, -0.46276537570137893, -0.026403937062247182, 0.6461675447095353, -0.3352383543386424, -0.6484044700656506, -0.2818271459205993, 0.06612199063791936, 0.18776089064641427, 0.30821221080391464, 0.7501198460575692, -0.07234982817351043], [-0.21316779028073712, 0.25216687442193253, -0.4458381436537434, -0.6486561699817337, -0.4750197886107654, 0.185012018670218, 0.45570469498549515, -0.42602894396900254, 0.6204823383524818, -0.4333257427363722, -0.004015182161369701, 0.3933930787086175, 0.03142941835440502]], "inverted": false, "swapped": true, "error_lsq": 0.04763333944136909, "error_max": 0.29665312484511835, "target": "285.xyz", "model": "27.xyz", "model_rescale": 3.6321398670334006, "target_rescale": 4.02286044614376},
