[{"mapping": [11, 5, 3, 1, 2, 0, 12, 7, 6, 8, 11, 4, 9, 13], "R": [[-0.6915403681963194, -0.6211622980473047, 0.36868593496293117], [0.5544766980961008, -0.1293578226663652, 0.8220840255007166], [-0.4629551926734862, 0.7729320495357977, 0.4338761763188279]], "T": [-0.008244840153184226, 0.06616521338393128, -0.09934321596809163], "aligned_model": [[-0.6070843747386993, -0.40329721586355677, 0.36294867173322715, -0.07967766146142358, 0.7554506411224229, 0.42801369643393633, -0.2845760340427486, 0.01985366646031022, 0.3329469932010432, -0.16761320301219537, -0.6070843747386993, 0.5246098888191632, 0.11221357502571633, -0.04473889281104016], [0.05019580925122223, -0.5787712812544932, -0.285038763511736, -0.010110169181013762, 0.14258975123305223, 0.48006634993032266, 0.4739903620707333, 0.4657893854088445, -0.4628895508348065, -0.08152091038801967, 0.05019580925122223, 0.10367215783720662, 0.7775264017638503, 0.15300988316109257], [0.2587043099168541, -0.11913712338148034, -0.2092133627042842, -0.6669024917071885, -0.05258054599009522, -0.5828478932992383, -0.40338190981438765, 0.5416758769885559, 0.3345179063942263, 0.651236337035822, 0.2587043099168541, 0.6931612278936861, 0.027928939837973607, 0.03357047673247503]], "inverted": false, "swapped": false, "error_lsq": 0.06148096519865863, "error_max": 0.4041338328309528, "target": "286.xyz", "model": "0.xyz", "model_rescale": 3.8414455957264533, "target_rescale": 4.162089788498155},
{"mapping": [1, 12, 13, 0, 9, 7, 4, 5, 8, 10, 3, 6, 2, 14], "R": [[0.5553662653544906, 0.051032512766487355, 0.8300385496752206], [-0.21010234281592832, -0.9571247224389039, 0.19942234388229718], [0.8046274397815821, -0.28514548626444947, -0.5208327320873247]], "T": [0.04653921926056649, 0.07774819829804072, 0.015755844446656994], "aligned_model": [[-0.7964249684451629, -0.11761801714113589, 0.34502003088214483, -0.1552392792141592, 0.7104460363935337, 0.3522613073715968, -0.19068534596330838, -0.15043712586149466, 0.48587352024269265, -0.14409689843555967, -0.648054573046893, 0.44548239811194046, 0.24331023169834043, -0.03787194046507897], [-0.026748481357592307, -0.6422782936593944, -0.4515622238884228, 0.14546009245451957, 0.08867412109840005, 0.41564989508005723, 0.53329147912062, 0.3978495263487898, -0.5206637805536487, -0.16851227058331134, 0.39199689235988167, 0.30165483053922615, 0.7603362216564161, 0.053557226121935975], [-0.1485296185599933, 0.20785945316731075, -0.4376608322402964, -0.6772217211715913, -0.14114553339552338, -0.43735722123120124, -0.16319124214581843, 0.5571043867232524, 0.28629396199744295, 0.6251776626534514, 0.1950993807350475, 0.6487940217077235, 0.21565453541373097, 0.03455882416623751]], "inverted": false, "swapped": false, "error_lsq": 0.048543934924662656, "error_max": 0.37281205647232274, "target": "286.xyz", "model": "1.xyz", "model_rescale": 4.316132596720782, "target_rescale": 4.162089788498155},
{"mapping": [7, 12, 6, 1, 0, 9, 3, 8, 5, 11, 4, 13], "R": [[-0.785880567718605, -0.5788289280177008, 0.21759780645071414], [-0.49130774503671754, 0.7981384025127998, 0.3487001435348886], [-0.3755108959127803, 0.16712917915252085, -0.9116245962711766]], "T": [-0.13269097384449402, 0.09707724189060413, -0.09822179658202007], "aligned_model": [[-0.13201320857267101, 0.43308591901660054, 0.13184296941952572, -0.774968575797547, -0.513433942001875, -0.4486981391593239, -0.1684616195522795, -0.1441919386036558, 0.5814380037333364, 0.203003040607049, 0.5584107486837486, -0.12820470314112747], [-0.4916713712583745, -0.2861532519964125, -0.4071833453371652, 0.38967971786474825, -0.29578464648439934, -0.1406429989056419, 0.3637948079161912, 0.6448142730071433, -0.005530405503701541, -0.16332428990009445, 0.39289774038434266, 0.011880197954344127], [0.25163468976092745, 0.1094377387985094, -0.6028695593633311, 0.1089525358760225, -0.4818507136409657, 0.43215688764835797, -0.7401648017166964, 0.30344467238031264, -0.4943613232762158, 0.6177265276962818, 0.041683102127350824, -0.09653129508113228]], "inverted": true, "swapped": true, "error_lsq": 0.048812947366735034, "error_max": 0.29282913887221357, "target": "286.xyz", "model": "2.xyz", "model_rescale": 3.795458400668931, "target_rescale": 4.162089788498155},
{"mapping": [0, 6, 7, 4, 1, 8, 12, 3, 5, 2, 9, 13], "R": [[-0.23638197908921493, 0.5161301547132946, 0.8232455425676453], [-0.12696268932388755, 0.8235859618151127, -0.5527989137296871], [-0.963329660854223, -0.23519316932408282, -0.12915160712039694]], "T": [0.04754904770391893, 0.07508299799721417, -0.009762924282465744], "aligned_model": [[-0.07711237687435257, -0.05558899145483421, -0.6336525354616087, 0.2538939020328238, 0.12435191447343377, 0.2621279756522261, -0.34691259377563216, 0.6320129785678817, 0.23911594079125087, 0.6899901962461457, -0.47234760584746943, -0.022574978606299582], [-0.20704372730505577, -0.670007989814914, 0.005647826856924984, -0.016235536197904202, 0.691425734944925, 0.6462879713551587, -0.26504729461007526, -0.2090531085128582, -0.6071152045697287, 0.21527287163763947, 0.47251476324913566, 0.02912273825646213], [-0.6025030505056014, -0.12434161431653484, 0.003202799312458336, 0.7208446757997571, -0.40381987602166386, 0.28884190124305376, 0.4789117978252329, -0.25911650348005033, 0.40897659906940537, 0.3102688516400481, -0.1068631389850894, -0.02563101094191516]], "inverted": true, "swapped": true, "error_lsq": 0.04210528848763833, "error_max": 0.21047803837426518, "target": "286.xyz", "model": "3.xyz", "model_rescale": 3.7530521520055578, "target_rescale": 4.162089788498155},
{"mapping": [6, 4, 2, 8, 3, 11, 0, 7, 10, 1, 13], "R": [[0.12194851189553357, -0.9526458602123458, -0.2785577596599035], [0.2776419274741464, -0.23670682819186406, 0.9310665054633789], [-0.9529131757693905, -0.19088148812188946, 0.23562838737611247]], "T": [-0.03030511618319249, -0.07417122910567686, -0.013215415308356472], "aligned_model": [[-0.5726980949279178, -0.03873139967925011, 0.49637304608690863, 0.4570717992026358, 0.2599190318368602, -0.4368165066362834, -0.22155966294295504, -0.5878045137188531, -0.3889029086633474, 0.4816675527524565, -0.11031874086504909], [-0.6075418429278177, -0.019015185796235512, -0.23526010243825443, 0.32628651627464333, -0.706842976215295, 0.5955466094577884, -0.408995965167691, 0.2726203693309672, 0.11385108418740916, 0.20964983017154853, -0.0730949785627166], [0.002657718273432837, -0.7758369122033483, -0.49432315364554164, -0.2653689721925029, -0.01545712840376366, -0.29483206658490685, 0.5324868034954575, 0.18160490931917148, 0.7732891260556273, 0.4321917282354595, 0.016418724896231328]], "inverted": false, "swapped": true, "error_lsq": 0.05382728460281852, "error_max": 0.31253606238261783, "target": "286.xyz", "model": "4.xyz", "model_rescale": 3.7855080009869324, "target_rescale": 4.162089788498155},
{"mapping": [12, 15, 3, 2, 5, 0, 1, 6, 10, 8, 13, 7, 4, 16], "R": [[-0.3433926910323143, 0.4331571945868102, -0.8333404493502461], [-0.9271013750823054, -0.29824905410708236, 0.22700339654888296], [-0.15021484635709054, 0.8505423837187158, 0.5039971760158988]], "T": [-0.06663520465925848, 0.050481262424421636, 0.047709569610135366], "aligned_model": [[-0.67263839671226, -0.3237547584639351, 0.3650859528262453, -0.08840609652667619, 0.7327091724854022, 0.37260411035494473, -0.16177735834936402, -0.12856848252737646, 0.39965295495206865, -0.14424693764052754, -0.67742394629553, 0.47316408309392916, 0.2836073213083875, -0.0880422423778523], [0.23904362857030875, -0.6864086450462014, -0.21866227879354666, -0.07941947348208656, 0.12143752139533237, 0.4735129318554441, 0.6631457152170842, 0.47695428983611465, -0.44544906990539446, -0.2510359147594393, 0.04102598416565173, 0.23260785313746574, 0.6968572655568135, 0.015095426989931153], [-0.19778916420572415, 0.3126641053423562, -0.42514897350743264, -0.6792275078985969, -0.05772771345127145, -0.4386924391488428, -0.38667986150536227, 0.5379769395724636, 0.30769559184172424, 0.678878077007598, 0.43721611599777654, 0.5343471203317204, 0.1285119176189963, 0.013411849824368015]], "inverted": false, "swapped": false, "error_lsq": 0.03266098665310598, "error_max": 0.19081461334934063, "target": "286.xyz", "model": "5.xyz", "model_rescale": 4.2253639853439635, "target_rescale": 4.162089788498155},
{"mapping": [7, 0, 4, 3, 10, 2, 6, 11, 1, 9, 12, 8, 5, 13], "R": [[-0.9074783763913392, 0.14912839500936664, -0.39273874036574163], [-0.3861374204957015, 0.07213652329209197, 0.9196163409271582], [0.16547171623895385, 0.9861830681010803, -0.007878281264042775]], "T": [0.06781209584414663, 0.07353718665787864, 0.08960630326347484], "aligned_model": [[-0.6779018872541975, -0.34409372806077254, 0.3536216797711029, -0.23820250164350484, 0.8337325572772867, 0.3709426294114384, -0.2738428711717418, -0.2388500764175195, 0.5208208527403192, -0.03436576037991847, -0.778229202725386, 0.44868938121827395, 0.3538545951707456, 0.04578970819132977], [-0.0013741531199585044, -0.6139843184924684, -0.3146442565232135, 0.005742090002839137, 0.21507054097829004, 0.36051207414073183, 0.5079084602582459, 0.7077611705486067, -0.49446192944669476, -0.2531496534705787, 0.25249948391974464, 0.1978592088692134, 0.6382354639840766, 0.07073105308864351], [-0.1705670285966599, 0.06295256964864103, -0.4286015325629148, -0.5466077831039573, 0.04663386137337526, -0.435683050912531, -0.23950074361835094, 0.420169518359647, 0.19384570194782197, 0.5950089364874432, 0.44107519483507074, 0.7103650356853481, 0.08353912809690184, 0.03280625017993764]], "inverted": false, "swapped": false, "error_lsq": 0.04790671915059972, "error_max": 0.3240680099571739, "target": "286.xyz", "model": "6.xyz", "model_rescale": 3.89814844738969, "target_rescale": 4.162089788498155},
{"mapping": [0, 3, 1, 6, 9, 2, 5, 7, 12, 4, 8, 11, 13], "R": [[-0.5996462509416198, -0.4864325438780627, 0.6354586957371633], [0.579303277958925, -0.8116843082264427, -0.07467460026679809], [0.5521160076267528, 0.32334496135749213, 0.7685154195505888]], "T": [0.011893570072888812, 0.0982928680847775, -0.12277732308224179], "aligned_model": [[0.2343959818250373, -0.2698763703914377, 0.6369867196237746, -0.3790416268980479, 0.5548397494174149, -0.3544435995316323, -0.7838159206320543, 0.23895850087798248, -0.35280630315062084, -0.580871335866624, 0.12695116401768783, 0.0578214624120033, 0.019533379200739578], [-0.3882824477871775, 0.17085114354032527, 0.436735746125572, -0.5284736871765803, 0.021126507650952087, 0.7075573058978031, -0.11179735123663379, -0.36626706787032254, -0.20886956114048338, 0.4228885184193424, 0.7377962342020254, 0.05339416020594655, 0.017121764639716236], [-0.5230446785976149, -0.7551139567481643, -0.3119145844408048, -0.30514965767659624, 0.24726022805691647, -0.29423603704632784, -0.1107958091038583, 0.3262778327624649, 0.4089527128552545, 0.23495465614783576, 0.0754177185705798, 0.7072565116923062, -0.09758990563569558]], "inverted": false, "swapped": true, "error_lsq": 0.050676044317002615, "error_max": 0.2536782661975192, "target": "286.xyz", "model": "7.xyz", "model_rescale": 3.7474275329858107, "target_rescale": 4.162089788498155},
{"mapping": [1, 4, 11, 12, 7, 10, 0, 3, 9, 8, 2, 5, 6, 14], "R": [[-0.5885298869020906, -0.11041634950648715, 0.8008999949960507], [-0.7947135565960469, -0.10299262300303136, -0.5981829841857904], [0.14853597269844965, -0.9885346475306858, -0.027135133054928928]], "T": [-0.027585883244720118, 0.0268779178990496, -0.038450884694113854], "aligned_model": [[-0.70321962806778, -0.41215887377720944, 0.41847522442257734, -0.11936586138888028, 0.6409838311548494, 0.3972019637194183, -0.18333359945156003, -0.11826700130850404, 0.5580035509499797, -0.07172291995304755, -0.7513292943336555, 0.4050166605898454, 0.36071649267901285, -0.07903516910759001], [0.30581984590664035, -0.567497846975265, -0.28671745612990585, -0.1525868391089224, 0.15465661918997992, 0.40074231760514595, 0.6601586395615132, 0.482483603055543, -0.3770609476592039, -0.24054808896994262, -0.011069247274296853, 0.1916093700634912, 0.7221667699921556, -0.003451504519455424], [-0.21312848401820889, 0.29478613445066454, -0.3370599689566832, -0.6215558970231819, -0.014685943959946372, -0.5434697510666825, -0.13285117120842738, 0.5077495651998758, 0.23405388139162137, 0.5874449282789703, 0.3897371387377723, 0.5081202925166358, 0.1424711300105087, -0.03617579653314588]], "inverted": false, "swapped": false, "error_lsq": 0.04289646146598279, "error_max": 0.21488742810632394, "target": "286.xyz", "model": "8.xyz", "model_rescale": 4.019505241142653, "target_rescale": 4.162089788498155},
{"mapping": [9, 8, 1, 10, 7, 0, 3, 11, 12, 4, 2, 5, 13], "R": [[0.682386978658009, -0.6367728533376283, 0.3589823736762705], [-0.1050792268568615, 0.40054036828611195, 0.9102339091993827], [-0.7233991757260707, -0.6588533574517788, 0.20641193263317048]], "T": [0.05386755861649613, 0.020540052705407222, -0.032992816275968034], "aligned_model": [[-0.1129875002832829, -0.6156708221442293, -0.2417144003196265, 0.4878784353898331, 0.2353409103261389, 0.6348484042941416, 0.3083759274934527, -0.2831024300036061, 0.135198093407, -0.3170570582386949, -0.36181491256072434, 0.3369082142726622, 0.11349791010811143], [-0.5422731616104544, 0.106649633957617, 0.040847347252477115, -0.5351526843679199, -0.6379879795209212, 0.008904958220321946, 0.666861860452616, -0.6603302867584161, -0.3660042499658749, 0.15679503020804747, 0.5929213306946653, 0.2712865305460774, -0.03914010099417743], [-0.3380725848799936, -0.10906893894461869, -0.7062511992804892, -0.5671971792872484, 0.01633469408316597, -0.36284535707972865, -0.0777391229869756, 0.3075189158893563, 0.5620369584059057, 0.6216477328882676, 0.15245777923419682, 0.6980675380217322, -0.02018574201969187]], "inverted": true, "swapped": true, "error_lsq": 0.048005824091152755, "error_max": 0.2608408855751765, "target": "286.xyz", "model": "9.xyz", "model_rescale": 3.877068213659057, "target_rescale": 4.162089788498155},
{"mapping": [10, 13, 5, 12, 1, 0, 11, 9, 4, 2, 14, 7, 8, 15], "R": [[0.27915855481208357, 0.6270044084707235, 0.7272798450620691], [0.335167015030456, -0.7733787239504718, 0.5380970371376472], [0.8998519729993392, 0.09354582352525656, -0.4260464828984961]], "T": [-0.043204478356386904, -0.02841956363595613, 0.02766871966804689], "aligned_model": [[-0.6777669570269002, -0.45364536816647066, 0.5250809352103463, -0.08583106992107398, 0.8064920625545596, 0.33015497275396793, -0.2122955457117075, -0.326376940019052, 0.40699642757479904, -0.06090632963221434, -0.7178527480254951, 0.5870203907774262, 0.2249399396356319, -0.004044393876360811], [0.2531971054871043, -0.5765996353180998, -0.2287077078538732, 0.0020529386479586353, 0.10354187779207877, 0.43573458817406596, 0.5883883637534826, 0.40808919576760405, -0.4419974342613021, -0.054895593053906566, -0.00044304376917245203, 0.11155102607323958, 0.656415735485337, 0.02237781781296115], [-0.11804775776482691, 0.38638222784154447, -0.47025877531044863, -0.7176162030357901, -0.08855768242563437, -0.5004692161573242, -0.34058590408281336, 0.43377063276317684, 0.31812210486559467, 0.6904967684689206, 0.4195725002152713, 0.5271798984804301, 0.26095420996966956, -0.03550674600799733]], "inverted": true, "swapped": false, "error_lsq": 0.042521450114456384, "error_max": 0.2880504358235245, "target": "286.xyz", "model": "10.xyz", "model_rescale": 4.260839863003843, "target_rescale": 4.162089788498155},
{"mapping": [10, 6, 5, 12, 4, 11, 9, 0, 3, 2, 8, 13], "R": [[0.9216943075549089, 0.3788011835341727, 0.08360183475251581], [-0.21022830303040596, 0.6688883799392613, -0.7130164063941209], [-0.3260117544289358, 0.639607691116469, 0.6961453421799407]], "T": [0.10434610295291012, 0.08382831437889782, 0.019592539149374352], "aligned_model": [[0.6931633669355398, 0.10190846338414825, -0.40184715145969174, -0.44727802328743904, -0.6213317074707628, -0.4317430600023616, 0.23521769959201355, 0.6420898274721916, 0.3355476739607647, -0.16107431358478758, -0.09568015037781104, 0.10992602393232634], [0.1579185057701365, -0.6361227706450819, -0.558390387572328, -0.10383784436156232, 0.05576445510219215, 0.45798749829829205, 0.5565464299205456, -0.247757390436956, -0.33876155209025094, 0.14060487585724663, 0.6386699573428097, 0.05045672834789036], [-0.6364097732166066, -0.2265594556351811, 0.11317981702897974, -0.3934254057247802, 0.25898525865994804, -0.4958633237381596, -0.42434799575633964, -0.19802966616200918, 0.5220587164025217, 0.6986599821646775, 0.35667461957935165, -0.05874469620689758]], "inverted": true, "swapped": true, "error_lsq": 0.053740388323675385, "error_max": 0.30970288578133526, "target": "286.xyz", "model": "11.xyz", "model_rescale": 3.890672605050136, "target_rescale": 4.162089788498155},
{"mapping": [7, 4, 10, 12, 11, 9, 5, 8, 2, 0, 3, 6, 6, 13], "R": [[0.4918808735317625, -0.733961449230662, 0.4683522150015489], [0.8011606845275462, 0.5921552479063882, 0.08656627486658998], [-0.34087353053733027, 0.33264508627086437, 0.8792908976890784]], "T": [0.11630038922175329, 0.1237167463929278, 0.13822155094670563], "aligned_model": [[-0.6526037036326955, -0.15212675715708351, 0.31640317743097535, -0.14132812724539312, 0.6220958050237964, 0.4567070963214405, -0.21175743477038206, -0.3465005265463412, 0.4043909288304864, -0.08793268081097069, -0.6949203751727533, 0.4216900259062949, 0.4216900259062949, -0.01384207795621284], [0.15051291388202365, -0.523255650067674, -0.4782648194248063, -0.02465448382296688, -0.0482608378845648, 0.579009422918606, 0.6185411134055839, 0.5762746481948187, -0.5255999347983619, -0.0459944099032792, -0.10906938499697023, 0.5284210256007713, 0.5284210256007713, 0.052624606033526145], [-0.22924631387411776, 0.15897315642873672, -0.4919511023865586, -0.5449663238668278, 0.006476069980683979, -0.3934289625346916, -0.3642713263790621, 0.4547617596390868, 0.10730517694576232, 0.6656507085411911, 0.5134476753700363, 0.41210101373663627, 0.41210101373663627, 0.0584835124822613]], "inverted": true, "swapped": false, "error_lsq": 0.052476279008968583, "error_max": 0.35707803635401886, "target": "286.xyz", "model": "12.xyz", "model_rescale": 4.124412569039231, "target_rescale": 4.162089788498155},
{"mapping": [9, 1, 2, 10, 8, 11, 0, 12, 3, 6, 4, 5, 13], "R": [[-0.9647603123340681, 0.13643643848722595, 0.22499475104542593], [0.26112198841732126, 0.3909807499938242, 0.882581078598024], [0.03244760253171444, 0.9102302738248099, -0.4128292645910119]], "T": [0.08139660706475405, 0.15613933615524062, 0.050563482848593896], "aligned_model": [[-0.21047375036700156, -0.1554952424913863, 0.6854941226962036, -0.7571018916006047, 0.5075529444624884, 0.2824731681332562, -0.5247084125153416, 0.2773039914161185, 0.116211460374471, -0.1502889426164994, 0.8054551908728189, 0.46225269449309775, 0.028622974652136972], [-0.32911190445690636, 0.28030303547254865, 0.5385991152237248, -0.11406601283298051, 0.09180581039085024, -0.6517017750055223, 0.37542684743226357, -0.34158734573694977, 0.8332969814292883, 0.26747312905239146, 0.018899329582985624, 0.26637481015605396, 0.1117733558007294], [0.39263937799105775, 0.7357813739838966, 0.20416972170134595, 0.1308348835339408, 0.5756692372389755, 0.05707407743377267, -0.12557995239787484, -0.42270180582584055, -0.10677078041988285, -0.6655740067986935, -0.15341957209316914, -0.6707075005343804, 0.0002830271546912788]], "inverted": true, "swapped": true, "error_lsq": 0.05553880163326948, "error_max": 0.42908351686864216, "target": "286.xyz", "model": "13.xyz", "model_rescale": 3.9028299243045295, "target_rescale": 4.162089788498155},
{"mapping": [4, 8, 13, 10, 11, 9, 7, 3, 12, 2, 0, 1, 6, 15], "R": [[-0.00029427231691014823, -0.9998685805140439, 0.016209105608714774], [0.9935460014469102, -0.002130925942591789, -0.11340988565148635], [0.11342952178625951, 0.01607111867475806, 0.9934160572146407]], "T": [0.018572156682931527, 0.03679630014902907, 0.06927518654954037], "aligned_model": [[-0.601845079950343, -0.22218024864172628, 0.19897310776120064, -0.1224597441281969, 0.7522591324816662, 0.41751393857445473, -0.15892307841738323, -0.3844701669244587, 0.4403743843626917, -0.03204023922941818, -0.7100892070601434, 0.5169719695136817, 0.19795433919577912, 0.049926268589651795], [0.07665803712566711, -0.6002818340390932, -0.5402353934213378, 0.09383418535836119, 0.07383602503147552, 0.6054556610706894, 0.7354699317410069, 0.46640298174393446, -0.5143452414545646, -0.030731240422654904, -0.05884624933106394, 0.20466010662886847, 0.6376663943422791, 0.1291618703639097], [-0.2006447428670282, 0.43352357683753606, -0.447581924517536, -0.6602515673487804, -0.00938972724222481, -0.2746978390804461, -0.4793399370771523, 0.2734428376314888, 0.11993257302073465, 0.8007313959019084, 0.45283943014083095, 0.4508746163017062, 0.29551714718098254, 0.010480218937752493]], "inverted": true, "swapped": false, "error_lsq": 0.05698625085826097, "error_max": 0.342615406173292, "target": "286.xyz", "model": "14.xyz", "model_rescale": 3.942246331269136, "target_rescale": 4.162089788498155},
{"mapping": [4, 12, 8, 11, 7, 9, 10, 5, 0, 1, 3, 2, 9, 14], "R": [[-0.5408705194326353, 0.7663812747839478, -0.34658162511766694], [0.8200525627553521, 0.3888678954780411, -0.41987564133307254], [-0.18701036208470118, -0.5113135061065871, -0.8388001090521737]], "T": [-0.07572640589792043, 0.04898383058706572, -0.0368911157463757], "aligned_model": [[-0.6173572617893313, -0.44270098396486146, 0.40240078677821045, -0.16239177808837346, 0.7745286577948086, 0.34712372422683346, -0.3001897476545913, -0.0451915597528908, 0.4558594172424516, -0.22633590452782912, -0.629515161224264, 0.4708731399957129, 0.34712372422683346, -0.032261677135253006], [0.16504419423022787, -0.6052676101480898, -0.46252799334162115, -0.10476767021366086, 0.13157535390743325, 0.731142740213215, 0.615448707806647, 0.3432230356376527, -0.3198711969891849, -0.2123683978997017, 0.08913110282287752, 0.1794097915773865, 0.731142740213215, -0.002609563078918964], [-0.22880251420920694, 0.2877024293393398, -0.36642255262695866, -0.7318447932826304, -0.07188361593618435, -0.10028903056621451, -0.4080167913970841, 0.5245983957952135, 0.312508317762258, 0.7152080980333403, 0.4194575902962399, 0.47969955758030347, -0.10028903056621451, 0.033809997597571]], "inverted": false, "swapped": false, "error_lsq": 0.0521092833110876, "error_max": 0.4168467158416423, "target": "286.xyz", "model": "15.xyz", "model_rescale": 4.355366556412066, "target_rescale": 4.162089788498155},
{"mapping": [7, 12, 6, 1, 0, 9, 3, 8, 5, 11, 4, 13], "R": [[-0.785880567718605, -0.5788289280177008, 0.21759780645071414], [-0.49130774503671754, 0.7981384025127998, 0.3487001435348886], [-0.3755108959127803, 0.16712917915252085, -0.9116245962711766]], "T": [-0.13269097384449402, 0.09707724189060413, -0.09822179658202007], "aligned_model": [[-0.13201320857267101, 0.43308591901660054, 0.13184296941952572, -0.774968575797547, -0.513433942001875, -0.4486981391593239, -0.1684616195522795, -0.1441919386036558, 0.5814380037333364, 0.203003040607049, 0.5584107486837486, -0.12820470314112747], [-0.4916713712583745, -0.2861532519964125, -0.4071833453371652, 0.38967971786474825, -0.29578464648439934, -0.1406429989056419, 0.3637948079161912, 0.6448142730071433, -0.005530405503701541, -0.16332428990009445, 0.39289774038434266, 0.011880197954344127], [0.25163468976092745, 0.1094377387985094, -0.6028695593633311, 0.1089525358760225, -0.4818507136409657, 0.43215688764835797, -0.7401648017166964, 0.30344467238031264, -0.4943613232762158, 0.6177265276962818, 0.041683102127350824, -0.09653129508113228]], "inverted": true, "swapped": true, "error_lsq": 0.048812947366735034, "error_max": 0.29282913887221357, "target": "286.xyz", "model": "16.xyz", "model_rescale": 3.795458400668931, "target_rescale": 4.162089788498155},
{"mapping": [0, 3, 1, 6, 9, 2, 5, 7, 12, 4, 8, 11, 13], "R": [[-0.5996462509416198, -0.4864325438780627, 0.6354586957371633], [0.579303277958925, -0.8116843082264427, -0.07467460026679809], [0.5521160076267528, 0.32334496135749213, 0.7685154195505888]], "T": [0.011893570072888812, 0.0982928680847775, -0.12277732308224179], "aligned_model": [[0.2343959818250373, -0.2698763703914377, 0.6369867196237746, -0.3790416268980479, 0.5548397494174149, -0.3544435995316323, -0.7838159206320543, 0.23895850087798248, -0.35280630315062084, -0.580871335866624, 0.12695116401768783, 0.0578214624120033, 0.019533379200739578], [-0.3882824477871775, 0.17085114354032527, 0.436735746125572, -0.5284736871765803, 0.021126507650952087, 0.7075573058978031, -0.11179735123663379, -0.36626706787032254, -0.20886956114048338, 0.4228885184193424, 0.7377962342020254, 0.05339416020594655, 0.017121764639716236], [-0.5230446785976149, -0.7551139567481643, -0.3119145844408048, -0.30514965767659624, 0.24726022805691647, -0.29423603704632784, -0.1107958091038583, 0.3262778327624649, 0.4089527128552545, 0.23495465614783576, 0.0754177185705798, 0.7072565116923062, -0.09758990563569558]], "inverted": false, "swapped": true, "error_lsq": 0.050676044317002615, "error_max": 0.2536782661975192, "target": "286.xyz", "model": "17.xyz", "model_rescale": 3.7474275329858107, "target_rescale": 4.162089788498155},
{"mapping": [4, 0, 3, 8, 11, 10, 5, 9, 1, 2, 6, 7, 12, 13], "R": [[-0.5554537829355941, 0.7580735761560361, -0.34175363663981173], [-0.3480044612982438, 0.16134410573770583, 0.9235047235722291], [0.7552244632816505, 0.6318959824826382, 0.17419379260824538]], "T": [0.0834465328133904, 0.08759421217107335, 0.0571222288827877], "aligned_model": [[-0.7136095493492537, -0.39695067596417277, 0.41930896356760816, -0.1964675492113708, 0.8020005273527879, 0.337552401968662, -0.1783283240665832, -0.27839161695934567, 0.4261911171555406, -0.11812145168289234, -0.5760825996044526, 0.5223628195465085, 0.2707008136802968, 0.02180049969412349], [0.1637911816677681, -0.5967730076306674, -0.2937939680322925, -0.11356662277562149, 0.12100278560713051, 0.3829772245368882, 0.6522355525708335, 0.5171919919633695, -0.4863325694352706, -0.26570959387571114, 0.08557133212683052, 0.28866078671603945, 0.8023820061707085, 0.021068135127472395], [-0.16224377975953064, 0.0555662595928106, -0.39268735851866765, -0.57377940876486, -0.008457386536161987, -0.5126307471778884, -0.31148870107904225, 0.4207746272285816, 0.23503404993127064, 0.6388261845755825, 0.4571422820161595, 0.6353471054467954, 0.1722359429209188, 0.1117969879438046]], "inverted": false, "swapped": false, "error_lsq": 0.03980820652078361, "error_max": 0.21520958885038816, "target": "286.xyz", "model": "18.xyz", "model_rescale": 3.922800546911778, "target_rescale": 4.162089788498155},
{"mapping": [5, 3, 2, 1, 10, 6, 8, 13, 9, 7, 12, 11, 4, 14], "R": [[-0.8632450711153952, 0.44587578029955605, 0.23664897155330789], [0.2970300578977019, 0.8277356521429267, -0.4760533949850707], [-0.40814346975085136, -0.34065888908670205, -0.8469772307364289]], "T": [-0.0480043261589875, 0.11159759380826653, -0.01586553059275546], "aligned_model": [[-0.7546644368652123, -0.3062300921159499, 0.360365351094649, -0.0246990165234763, 0.7571895231630686, 0.28837334726045055, -0.32130169351248244, -0.10405376505373234, 0.43373513165595584, -0.0755919824469864, -0.7008109392637873, 0.40904202396405315, 0.42459295801149854, -0.0439810332405924], [0.03917724072015369, -0.43888496476988326, -0.426887302521598, 0.026788981659485983, 0.10333964102128079, 0.5193402832689145, 0.6317533086991864, 0.5450120131487767, -0.4886225470271275, -0.20159148342884778, 0.05540038852214019, 0.20546044083152148, 0.6473063382277012, 0.06111289638577294], [-0.29500796839284, 0.1827236183613079, -0.253346447535911, -0.7508807588595148, -0.06271975658149297, -0.4589950059489262, -0.18656185534986197, 0.514062906394257, 0.24947587822744338, 0.7185475290532148, 0.41922002946547293, 0.522225551433978, 0.10047486324961827, 0.06621747430302787]], "inverted": true, "swapped": false, "error_lsq": 0.04201349349472559, "error_max": 0.23500604675412065, "target": "286.xyz", "model": "19.xyz", "model_rescale": 3.9282355846067225, "target_rescale": 4.162089788498155},
{"mapping": [4, 11, 1, 3, 2, 5, 6, 9, 10, 9, 8, 12, 7, 13], "R": [[0.7385092010249885, -0.6742086092008456, -0.0068491810382758644], [0.5858872792732109, 0.6467255287451328, -0.4883463795864194], [0.33367687361767795, 0.3566354465680472, 0.8726230012232901]], "T": [-0.016048759276881243, 0.14677369489073097, 0.008335603645536094], "aligned_model": [[-0.5728064881737812, -0.2721492509251603, 0.351456632402465, -0.21287911221525307, 0.7846939769086921, 0.2720363835994789, -0.20960386136701872, -0.20582938236605347, 0.5376429352724776, -0.20582938236605347, -0.6878935340937767, 0.3330810024333701, 0.3653270258217936, 0.06471843119627618], [-0.1032432329673599, -0.4694026217894969, -0.24123948746794557, -0.008146029880366362, 0.08874637349527634, 0.4341725186908325, 0.6844966305834532, 0.07191683230361287, -0.4282293534927647, 0.07191683230361287, 0.3428244685831907, 0.21594529636147955, 0.5955014188256604, 0.023445589188292593], [-0.15561625525755893, 0.269300076832696, -0.5169132456717332, -0.7013211867683656, -0.1764889368721882, -0.559202076848735, -0.3082627553867578, 0.6692475421526899, 0.33242101017938847, 0.6692475421526899, 0.3063461266376091, 0.7804224150247232, 0.2115441583182414, -0.05528835667292625]], "inverted": false, "swapped": false, "error_lsq": 0.0519761644389834, "error_max": 0.37277172773185274, "target": "286.xyz", "model": "20.xyz", "model_rescale": 4.067790424073018, "target_rescale": 4.162089788498155},
{"mapping": [5, 6, 11, 13, 12, 9, 1, 8, 3, 2, 4, 0, 7, 14], "R": [[-0.9412323536606397, 0.327087131135763, 0.08423577071427862], [-0.26689040219296295, -0.8730891555053073, 0.4080255381177844], [0.20700524060934028, 0.3615651188712833, 0.909076176772807]], "T": [0.0005683107223182354, 0.0628491352830334, 0.030960783088500966], "aligned_model": [[-0.5608345671532413, -0.30652062560046095, 0.2683863952822671, -0.24880876759851783, 0.7426776667286497, 0.46427050870910885, -0.1589074653032111, -0.29056923190567513, 0.5282510623785183, -0.015836215645543023, -0.6346526839382545, 0.3370179472191065, 0.17915457737361484, 0.03833677558109478], [0.19467785365985088, -0.6003909447261053, -0.39769329189593494, -0.04103624564338648, 0.004690380437905518, 0.5528927135416961, 0.7433150239190494, 0.49295996351157834, -0.5347480607940169, -0.24523567416866685, -0.023445955693675163, 0.28479902682427627, 0.7728796289049072, 0.07504081685999928], [-0.09519039043775306, 0.1465717001897282, -0.3353811341553391, -0.6149048418793664, -0.15043692875048448, -0.3548985986278896, -0.3989679930392093, 0.26635726445162977, 0.32790104896062566, 0.7081140694562831, 0.5121259729682686, 0.615766663075158, 0.17458390343970392, -0.036204677831582655]], "inverted": true, "swapped": false, "error_lsq": 0.048025109082150186, "error_max": 0.30125613664721745, "target": "286.xyz", "model": "21.xyz", "model_rescale": 4.186013935880536, "target_rescale": 4.162089788498155},
{"mapping": [12, 11, 4, 6, 0, 5, 13, 9, 2, 8, 1, 3, 13], "R": [[0.3004707766985367, 0.36976898291338217, -0.8791974815849859], [0.5459830104979081, -0.8225056586402909, -0.15933296505225392], [-0.7820612920978891, -0.432151988055018, -0.4490264965703876]], "T": [-0.05852580597648371, -0.039827269169459806, 0.10001390435093531], "aligned_model": [[0.0876046243705223, -0.421903886985587, 0.3268641831103736, 0.4096743502909515, -0.07735709949256181, 0.6805402315849803, -0.07046918174983567, -0.697084320848626, 0.3081376802108072, -0.2802107148770502, -0.5794654852491752, 0.4427128368082617, -0.07046918174983567], [-0.38152494374931223, -0.15802609540824136, 0.26922372982664866, -0.6369423844426082, -0.4959073475828748, -0.22735795025707192, -0.12306603971790837, -0.1643496407821101, 0.592249397086853, 0.5764723443310803, 0.29579382295410883, 0.09545780700543763, -0.12306603971790837], [-0.5098878771583656, -0.639625764577361, -0.4836527601285489, 0.15630301727495288, 0.587982306608305, -0.20990332057156907, 0.08551619527864919, -0.020028555440305615, 0.07101143061195418, -0.08030433460523141, 0.49629444137899575, 0.5636585873852209, 0.08551619527864919]], "inverted": false, "swapped": true, "error_lsq": 0.053352435891406744, "error_max": 0.4333736915846581, "target": "286.xyz", "model": "22.xyz", "model_rescale": 4.166573947596378, "target_rescale": 4.162089788498155},
{"mapping": [12, 9, 4, 2, 0, 1, 6, 13, 8, 10, 14, 7, 5, 15], "R": [[0.9039621069271219, 0.2776983838266023, 0.32517090407964244], [0.19892148412067504, -0.9462326719316003, 0.25509600883669803], [0.3785270827762618, -0.16591364678433707, -0.91059865441127]], "T": [-0.0851008242219648, -0.04653950832744881, -0.02495997074343992], "aligned_model": [[-0.700291388026909, -0.3285285579956434, 0.4882813458864837, -0.022725157427365833, 0.7135110195487451, 0.32952064068713266, -0.24577457057353183, -0.17799861650260412, 0.43021933414970265, -0.059692437248864916, -0.6571911810875448, 0.39085829038280284, 0.22973846142354282, -0.047961807088489426], [0.15209411854712213, -0.551902903914635, -0.31752070366500396, 0.045391375487297644, 0.12336022224232839, 0.40472105048625556, 0.5732035230376472, 0.5137086009462686, -0.6309349260542679, 0.03616264557042416, 0.06757839013302434, 0.16934200198730442, 0.6853804875281644, 0.008121352405547691], [-0.13204221814806527, 0.189049241937917, -0.39597963617877746, -0.688637021711801, -0.03539871489581581, -0.3890368991018829, -0.43631158952549576, 0.6029772833993226, 0.19184932411469624, 0.7189862643543368, 0.5095187398266109, 0.46314631110415383, 0.21217148031755118, -0.04485650767297785]], "inverted": true, "swapped": false, "error_lsq": 0.03798870310100538, "error_max": 0.23656299044141904, "target": "286.xyz", "model": "23.xyz", "model_rescale": 4.274766983524099, "target_rescale": 4.162089788498155},
{"mapping": [6, 7, 10, 0, 9, 1, 3, 8, 4, 11, 13], "R": [[0.755640322170031, 0.604397229974893, -0.25241175073567534], [0.053132686263005824, 0.3275359279471093, 0.943343592523055], [0.6528281712374622, -0.7262397705320901, 0.21538610571772782]], "T": [0.007282581467445495, -0.0522448813803493, 0.08776310383145208], "aligned_model": [[0.3070128049852278, 0.005002727755956796, -0.579988980340133, -0.3456753382823957, -0.3279100098676544, -0.6506815423287478, -0.004199826605310222, -0.03589397451314837, 0.6839561055732537, 0.31462003946784106, 0.013652698113185022], [-0.17724257777652047, 0.5686760123802863, 0.3907223659693384, -0.15706191971020353, 0.5113125456559434, -0.0631374718676615, -0.7333978036183136, -0.03016038345807326, -0.0856969264786132, 0.6942324587463155, -0.002659768599014123], [-0.6003238677469376, -0.20116075438276743, -0.4035883906421301, -0.46983075598437135, 0.17563769200562784, 0.41643086041214106, -0.055091618855048874, 0.7653560049901025, 0.4423031457821989, 0.29122489317215, 0.01860922527061247]], "inverted": false, "swapped": true, "error_lsq": 0.04857203437978395, "error_max": 0.21730513044488364, "target": "286.xyz", "model": "24.xyz", "model_rescale": 3.7841303162186577, "target_rescale": 4.162089788498155},
{"mapping": [7, 6, 13, 11, 12, 14, 10, 8, 3, 1, 0, 2, 9, 15], "R": [[-0.590894582572358, -0.13908132326185763, 0.7946697287592936], [-0.704211470386553, 0.5695142729944727, -0.4239571886778032], [-0.39361122603737797, -0.8101295441935863, -0.4344655617676091]], "T": [4.1314061601939456e-05, 0.10010662507857063, 0.11073200339589032], "aligned_model": [[-0.5974048471040223, -0.22736156911564667, 0.44120709321457563, -0.1721938306193558, 0.7456437851598068, 0.4227836671611727, -0.311893658873607, -0.10496368507192083, 0.3726492585865949, -0.3629377854717478, -0.6741642350813563, 0.4897948598117667, 0.3301051827664823, -0.009298859235285933], [0.0239342307876092, -0.5854299513088634, -0.13647093215108416, -0.2856476157018203, 0.15487947590373105, 0.5351086758350692, 0.608827229677727, 0.3899776871762962, -0.6066013139011511, 0.026186059952565843, 0.2676248344490428, 0.271899846603638, 0.5829125154880244, 0.031504491926692815], [-0.13434229341367007, 0.12954644999150744, -0.490436701703302, -0.5303267223222452, -0.01673876318559278, -0.400502855591679, -0.38842230580455905, 0.615119256559735, 0.007150652308714478, 0.7555717642331189, 0.3530427055651221, 0.6579262846072367, 0.1008819634149709, 0.10696662316041487]], "inverted": false, "swapped": false, "error_lsq": 0.042230954151048904, "error_max": 0.2548701506289602, "target": "286.xyz", "model": "25.xyz", "model_rescale": 4.19342608120988, "target_rescale": 4.162089788498155},
{"mapping": [7, 12, 6, 1, 0, 9, 3, 8, 5, 11, 4, 13], "R": [[-0.785880567718605, -0.5788289280177008, 0.21759780645071414], [-0.49130774503671754, 0.7981384025127998, 0.3487001435348886], [-0.3755108959127803, 0.16712917915252085, -0.9116245962711766]], "T": [-0.13269097384449402, 0.09707724189060413, -0.09822179658202007], "aligned_model": [[-0.13201320857267101, 0.43308591901660054, 0.13184296941952572, -0.774968575797547, -0.513433942001875, -0.4486981391593239, -0.1684616195522795, -0.1441919386036558, 0.5814380037333364, 0.203003040607049, 0.5584107486837486, -0.12820470314112747], [-0.4916713712583745, -0.2861532519964125, -0.4071833453371652, 0.38967971786474825, -0.29578464648439934, -0.1406429989056419, 0.3637948079161912, 0.6448142730071433, -0.005530405503701541, -0.16332428990009445, 0.39289774038434266, 0.011880197954344127], [0.25163468976092745, 0.1094377387985094, -0.6028695593633311, 0.1089525358760225, -0.4818507136409657, 0.43215688764835797, -0.7401648017166964, 0.30344467238031264, -0.4943613232762158, 0.6177265276962818, 0.041683102127350824, -0.09653129508113228]], "inverted": true, "swapped": true, "error_lsq": 0.048812947366735034, "error_max": 0.29282913887221357, "target": "286.xyz", "model": "26.xyz", "model_rescale": 3.795458400668931, "target_rescale": 4.162089788498155},
{"mapping": [4, 12, 5, 2, 3, 9, 11, 8, 7, 6, 1, 0, 13], "R": [[0.07977489324214301, 0.8766135727154876, -0.4745362057200617], [-0.8926373448267684, -0.14905782928903843, -0.42541783477924006], [-0.4436603847864057, 0.4575264010509426, 0.7706069395694216]], "T": [-0.17184546856780503, 0.0297760568430685, -0.0754114356747937], "aligned_model": [[0.07025718122433641, 0.28478709813790565, 0.5773513374893251, -0.26503017379271343, 0.02456751598902801, -0.5582197969383783, -0.21006823104020428, -0.671291600509778, -0.07208577779975608, 0.5330147896588161, -0.8629364050080408, -0.023088659142968287, -0.1275808954463153], [-0.5990152520712251, -0.44290146983613765, -0.17257926329716855, -0.16700445302396896, 0.4571129140513206, -0.08008163832883283, -0.658817178813385, -0.3364321186155217, -0.11410973394482651, 0.2845182919686036, 0.281560491607437, 0.6295641380527645, 0.04006677550785516], [-0.43695332217059124, 0.20414936517375404, -0.34962215890492154, -0.7735505401950227, -0.5885525185468976, 0.45024924888150086, 0.3909144250402194, -0.35456947917508813, 0.5866835976807268, 0.05575533399739162, -0.06793835553708939, 0.1787587561873113, -0.0031876903318671795]], "inverted": false, "swapped": true, "error_lsq": 0.055909090125874465, "error_max": 0.35711290380122723, "target": "286.xyz", "model": "27.xyz", "model_rescale": 3.6321398670334006, "target_rescale": 4.162089788498155},
