[{"mapping": [8, 7, 5, 9, 11, 12, 1, 0, 6, 2, 3, 13], "R": [[-0.8245021203190459, 0.25091858744604645, 0.5071844990370649], [0.4829542918845585, -0.15503354860774288, 0.8618118998693249], [0.29487523724396103, 0.9555126693457139, 0.006643280826990783]], "T": [0.028397207147199705, 0.08283063806053692, 0.021839654353507758], "aligned_model": [[-0.48374740190924614, -0.4695176784955909, 0.23482295077033233, -0.09360673802099367, 0.10242257118167994, 0.46612208154069523, 0.517417011686732, 0.18088051437197789, -0.5604399262640604, -0.4624733328245234, -0.13290430915513043, -0.04910722953648554], [0.21983730200777762, -0.3371268257587636, 0.7576263212420943, -0.6394409031238714, 0.1357608035989828, -0.29209891460686743, 0.18185655053588018, -0.3497257660914966, 0.5693916067728131, -0.0558781414273008, 0.4063783230511066, -0.0048274337329276135], [-0.552195366417149, -0.3617108347783099, -0.2509981340314035, 0.00834780782597126, -0.670099999011521, -0.03242426411378028, 0.31183553854760293, 0.6423686487006561, 0.05463505386982089, 0.5972214692300011, 0.39933008095204353, -0.09151371789097229]], "inverted": true, "swapped": false, "error_lsq": 0.04712262529729563, "error_max": 0.2600218634620405, "target": "287.xyz", "model": "0.xyz", "model_rescale": 3.8414455957264533, "target_rescale": 3.7411041263118485},
{"mapping": [0, 11, 4, 12, 3, 10, 6, 8, 7, 13, 9, 14], "R": [[-0.681835549353544, 0.5704023275957143, 0.45797540142582155], [0.25226010512281505, 0.7710148285631858, -0.5847229886870426], [-0.6866331793622977, -0.28315599730373464, -0.6695950703147016]], "T": [0.0005153560225435588, 0.14220491634872562, -0.0317548650511459], "aligned_model": [[-0.6304218591476577, -0.48855737603618793, -0.02035660421285197, -0.036192830232286435, 0.2899395896987768, 0.5084975735933043, 0.6592917405338051, 0.05771672775340682, -0.3339904677592658, -0.6040729228937965, -0.16540848097886462, 0.013423423027005145], [0.3412806774621777, -0.5024393681339485, 0.5345502631623111, -0.6167430413395687, 0.16333914102028413, -0.3149182499265128, 0.28534687687612126, -0.3443255369685013, 0.6727382568602607, -0.11644054263990439, 0.4003446878376869, 0.0890197582570213], [-0.3280730071847954, -0.2991628143914806, -0.40784890243787464, 0.038530627404413195, -0.7591913499407292, -0.06881937498697323, 0.3626449677711903, 0.588179420633726, 0.1082281003298113, 0.345634244729288, 0.5776241784708629, -0.10294980751447828]], "inverted": true, "swapped": false, "error_lsq": 0.04301980287838892, "error_max": 0.2295291054420304, "target": "287.xyz", "model": "1.xyz", "model_rescale": 4.316132596720782, "target_rescale": 3.7411041263118485},
{"mapping": [7, 10, 5, 8, 9, 1, 0, 2, 3, 6, 4, 11], "R": [[0.1906804208712205, -0.9190968080833442, 0.3448217430316461], [-0.9137094286316174, -0.03776346491206645, 0.4046096893890685], [-0.3588538102431931, -0.39221802366648517, -0.846988172753964]], "T": [-0.0393159184383213, 0.037298720986993245, -0.04591600617470807], "aligned_model": [[-0.49569576735190224, -0.4451678522370879, 0.13177213237015994, -0.12663755219603706, 0.2855701671099553, 0.34908506681328944, 0.5758317161353388, 0.35192736986751083, -0.5197064099693482, -0.6756771220993156, -0.08019818779427328, -0.10123504730290306], [0.4261969214694774, -0.37595535494860455, 0.6440235655703954, -0.6913159519749085, 0.10740025495184274, -0.3226635159816127, 0.30805267207934084, -0.32324016788028587, 0.48245310291286303, -0.1089712763425919, 0.3823591069554778, 0.06341356565603362], [-0.709946685395826, -0.2943935205370867, -0.181465715701506, 0.17438312327294905, -0.7088536439543904, -0.1649501442063777, 0.1825566272691215, 0.6003546807011465, -0.00031380515451048113, 0.4538293983622857, 0.6422639857055638, 0.061331982521590646]], "inverted": false, "swapped": false, "error_lsq": 0.04477518008140844, "error_max": 0.2629646372255605, "target": "287.xyz", "model": "2.xyz", "model_rescale": 3.795458400668931, "target_rescale": 3.7411041263118485},
{"mapping": [2, 6, 0, 3, 1, 8, 7, 9, 10, 5, 4, 11], "R": [[0.7032058658835684, -0.6146080279333989, -0.3574331856260119], [-0.25885275322109225, 0.24691099144404324, -0.9338255803167846], [0.6621908805901822, 0.7491941899827693, 0.014536277352232539]], "T": [-0.07237017556365773, 0.11394552601435372, -0.034362828575264875], "aligned_model": [[-0.5695600102090383, -0.24065224392607681, 0.19296959316976697, -0.22947170429652286, 0.22104845657781008, 0.2984340395454593, 0.6430166096940075, 0.20546669516141902, -0.6787554269736408, -0.4834502656838245, -0.11650273439060808, 0.007325504676635453], [0.21143620776422023, -0.35904646231380843, 0.8331550673400427, -0.6462404650141743, 0.14297693439589143, -0.5473219387826278, 0.18894151998072967, -0.39333085442704807, 0.5053867244589111, -0.11028569446610138, 0.5457203429910104, 0.22036154054038154], [-0.609708938940342, -0.3429985702934617, -0.1910165453212309, 0.15139613957900833, -0.5905386331544156, -0.22355191676382716, 0.2223464330100355, 0.6137359215540963, 0.10010445530041634, 0.4896201242179201, 0.43741843217992527, -0.0020106184851643658]], "inverted": false, "swapped": false, "error_lsq": 0.049086595582999715, "error_max": 0.2793712921495106, "target": "287.xyz", "model": "3.xyz", "model_rescale": 3.7530521520055578, "target_rescale": 3.7411041263118485},
{"mapping": [7, 1, 5, 4, 6, 0, 10, 9, 8, 2, 11], "R": [[0.783986403695442, 0.30364394069212675, -0.541447759346776], [-0.6181848113822849, 0.3022331991615379, -0.7256050112153524], [-0.0566820765051618, 0.9035792442312623, 0.4246547910921582]], "T": [-0.05807245655906993, -0.12050018703349054, -0.09762974524017594], "aligned_model": [[-0.41943990430616684, -0.236787822936666, 0.25455195158664085, 0.5074505764808331, 0.3787997240820744, -0.16882148140208317, -0.3037603605620149, -0.7651262244678677, -0.2709256227794417, 0.3794030104223694, -0.0171442436724727], [-0.8098297019058585, 0.2184294154774018, -0.38760144662055845, 0.29316502250876386, -0.5838175499167544, 0.7214894194725255, -0.3857871438453331, -0.05517086300449216, 0.2909285554106953, 0.2418503386898938, -0.07645268795193724], [-0.12272527910611832, -0.6873726821607165, -0.4909494281300825, -0.28325552907247237, 0.213118186913196, -0.027539643444992115, 0.4974209518707982, 0.009864180161729671, 0.5878089230057706, 0.4034345437329884, -0.006973446524784682]], "inverted": false, "swapped": true, "error_lsq": 0.046939583407108625, "error_max": 0.26918582497563603, "target": "287.xyz", "model": "4.xyz", "model_rescale": 3.7855080009869324, "target_rescale": 3.7411041263118485},
{"mapping": [2, 1, 14, 4, 12, 6, 8, 7, 9, 5, 10, 16], "R": [[0.0663670183996834, 0.4478714901694937, 0.8916313964649819], [0.9959726346490972, 0.024252034178954385, -0.08631540921712064], [-0.060282086052759004, 0.8937689674247704, -0.44445821284974346]], "T": [0.0016877033539731967, 0.07874538178545473, -0.04095857315486436], "aligned_model": [[-0.5831496177979717, -0.29578584991576284, -0.03500978588053309, -0.1275868410747047, 0.14819722620483491, 0.442402592608122, 0.5616430626549677, 0.09355691678635322, -0.343272567558764, -0.5413734276913812, -0.055287802627392274, -0.014465392362380675], [0.3332134348325585, -0.4037828483982814, 0.6179294874959741, -0.6402889239257556, 0.09922240637855853, -0.3949745651342562, 0.2765241891867873, -0.3183663264513096, 0.6923193386427863, -0.17798004588080577, 0.3840953888009787, 0.12384138692019242], [-0.4137815946341246, -0.5427353473983509, -0.44793669660365626, 0.07427398838267779, -0.7051730823218799, 0.04527869458392792, 0.3367230558617203, 0.5877160729702228, 0.06601539661017303, 0.5015171473678329, 0.6181919703540305, -0.06529332228961363]], "inverted": false, "swapped": false, "error_lsq": 0.03820371921048179, "error_max": 0.21822692630125545, "target": "287.xyz", "model": "5.xyz", "model_rescale": 4.2253639853439635, "target_rescale": 3.7411041263118485},
{"mapping": [3, 2, 7, 10, 6, 5, 11, 8, 0, 1, 9, 13], "R": [[0.011231937507460432, 0.4721382238401593, 0.8814529716149855], [0.9990173153197041, -0.04309536007106474, 0.010353435746483675], [0.04287478596144584, 0.8804704921400861, -0.47215830523178903]], "T": [-0.08336602404427917, 0.06349519797685436, 0.04406408392764933], "aligned_model": [[-0.3458213650696131, -0.1708107715161815, -0.052885322701549026, -0.2032486582434183, 0.22778258237559812, 0.30656913314271805, 0.6895133592994878, 0.19806432637885257, -0.5555884972994666, -0.64220603177305, -0.09591571387744308, -0.10558452737054792], [0.29177164800227795, -0.3878297721085159, 0.7438610668872594, -0.6978787441298611, 0.1716526526718297, -0.41378890542571706, 0.14470801049836238, -0.25677632751368484, 0.6987826651781899, -0.12368888841998706, 0.3431544790859069, 0.07778503774136687], [-0.5740107732129789, -0.44463909751712866, -0.3628320051348492, 0.16427368706938947, -0.5083908715573946, -0.10047561400838542, 0.0038679809113935718, 0.6474611202307516, 0.17243237867469885, 0.4815177906438614, 0.5864934519195037, -0.010901765135902075]], "inverted": false, "swapped": false, "error_lsq": 0.047201002962020004, "error_max": 0.2730269830810883, "target": "287.xyz", "model": "6.xyz", "model_rescale": 3.89814844738969, "target_rescale": 3.7411041263118485},
{"mapping": [5, 6, 10, 3, 9, 8, 11, 7, 2, 0, 4, 12], "R": [[0.06999066664090553, 0.03236154533344371, -0.997022585986292], [-0.5874240099124493, -0.8064666533669996, -0.06741342288751029], [-0.8062470707925333, 0.5903933158417896, -0.03743518996608142]], "T": [-0.09880801299182433, 0.036915447085925444, 0.09026378700661525], "aligned_model": [[-0.4450239369813938, -0.30551206936874187, 0.006390992391491171, -0.20153962974651618, 0.2134448626872958, 0.3744287816520357, 0.6961079150804597, 0.08203930890447718, -0.4918746088281006, -0.601934350123845, 0.009278118744807398, -0.08593687106658267], [0.21405895419842916, -0.4143828383884213, 0.7070057339497213, -0.7562994077887397, 0.18549002609714516, -0.38259954409270047, 0.188770945894948, -0.25723184342823563, 0.6190295576267506, -0.1915486676263571, 0.47468378006476836, 0.2047762259601187], [-0.5815481776745439, -0.36906087119607844, -0.19047780194892788, 0.2026841837104258, -0.7333681788230098, -0.150029535177619, 0.10998545025929785, 0.6488748298549187, 0.18076051660449416, 0.303988901677676, 0.5508851750808232, 0.08210179051550306]], "inverted": true, "swapped": false, "error_lsq": 0.03604933763399724, "error_max": 0.19027664295101443, "target": "287.xyz", "model": "7.xyz", "model_rescale": 3.7474275329858107, "target_rescale": 3.7411041263118485},
{"mapping": [5, 8, 0, 4, 3, 2, 1, 13, 10, 11, 12, 14], "R": [[0.32999280917822704, 0.12566933019608692, -0.9355810843207175], [-0.8721902361567084, 0.41970655455487627, -0.2512580347303943], [0.36109408447600966, 0.8989180315867191, 0.24810770774945878]], "T": [-0.1542270047408132, 0.11735111724424528, 0.014789446358375494], "aligned_model": [[-0.548772236507336, -0.21922701662004018, 0.1797288339771979, 0.02828323958881318, 0.03497548870546752, 0.5065512009485762, 0.580670418292576, -0.025263143721827058, -0.4294053233738847, -0.6556086854571113, -0.08835372674392689, -0.11371053574311794], [0.07027693842852356, -0.4448746312947335, 0.6334752225888519, -0.6396282137545666, 0.16418281427637144, -0.3355445967961779, 0.2549361443056537, -0.3985008292772335, 0.8009156416291652, 0.1454827243439667, 0.26284561638277393, 0.07818609163483214], [-0.5811464107613434, -0.3658514894223283, -0.22249233401116902, 0.09158885391375438, -0.6752422526319053, -0.24375867477108187, 0.09093376983194824, 0.7396183368654011, 0.19445522953635375, 0.38126588286412694, 0.6107212216193775, 0.03470414984982646]], "inverted": false, "swapped": false, "error_lsq": 0.04892961041076507, "error_max": 0.24939861595950305, "target": "287.xyz", "model": "8.xyz", "model_rescale": 4.019505241142653, "target_rescale": 3.7411041263118485},
{"mapping": [6, 2, 9, 3, 1, 0, 7, 4, 11, 5, 8, 12], "R": [[0.7276476977844232, 0.6681589716784087, -0.1552173201504276], [0.14722450475313426, -0.3731301625285942, -0.9160233768914302], [-0.6699655014321433, 0.6436905082235068, -0.3698766774395763]], "T": [-0.11475485195755492, 0.1067225023157842, -0.13294126975837794], "aligned_model": [[-0.768318444510738, -0.23215156201792797, 0.12823204422003748, -0.26942163658960777, 0.2796986070836178, 0.38942245203276765, 0.6684006446734614, 0.16068174850818884, -0.4530510753382286, -0.5978968612596194, 0.08522835705505491, -0.14095576051161932], [0.12306996120058708, -0.41415473781405165, 0.745656248292582, -0.677611402998187, 0.1806431769310561, -0.29532280700981883, 0.14220909664493256, -0.2787455880425893, 0.5551166344386282, -0.09894143533215724, 0.5001801502988306, 0.10965362585761446], [-0.45019389629420936, -0.38765105637519426, -0.12512475080942975, 0.18227186202436285, -0.6763080930788982, -0.05041313236621403, 0.31981932900794674, 0.5476053500131584, 0.1349166991676261, 0.2851506612097585, 0.3782678134382821, -0.10354450305422924]], "inverted": true, "swapped": false, "error_lsq": 0.046563792538103395, "error_max": 0.2747948819756159, "target": "287.xyz", "model": "9.xyz", "model_rescale": 3.877068213659057, "target_rescale": 3.7411041263118485},
{"mapping": [13, 10, 4, 11, 2, 8, 1, 0, 3, 12, 5, 15], "R": [[0.7883770359537594, 0.10946717181157203, 0.6053747496190607], [0.01098841961825453, 0.9813786847820816, -0.19176843246396139], [-0.615094223526004, 0.1578379401505466, 0.7724935474384071]], "T": [-0.12575406017380025, 0.04619087957237992, -0.14101075392116302], "aligned_model": [[-0.5363405685960664, -0.5133220787814661, 0.1275629715225849, -0.10736964409603303, 0.15401983912742806, 0.5235073883487953, 0.506687795512057, 0.13710864476112355, -0.4131125838267166, -0.48556163995537954, -0.04260349309809708, -0.10070811757284297], [0.3860096873869258, -0.5262052743209215, 0.670121841948813, -0.6318471373102287, 0.18200099556801125, -0.3705248139809868, 0.318531375331995, -0.27032372152290746, 0.5623188257211367, -0.13706516758113682, 0.39898538168240544, 0.00975092954432101], [-0.7009932473267911, -0.300272969843717, -0.20906452226297823, 0.14981864137972978, -0.7272168061012341, -0.15243607740784454, 0.38696137010573195, 0.5405226211101529, 0.0909339912586043, 0.48759957245513863, 0.5515334430211388, -0.06258973350497138]], "inverted": true, "swapped": false, "error_lsq": 0.04254318404050519, "error_max": 0.22459661618111254, "target": "287.xyz", "model": "10.xyz", "model_rescale": 4.260839863003843, "target_rescale": 3.7411041263118485},
{"mapping": [5, 4, 0, 9, 3, 2, 1, 8, 6, 10, 7, 11], "R": [[0.0781826662215526, -0.9825066448435497, -0.16902119257880094], [0.5718143038235649, 0.18307397174702697, -0.7996951436713498], [0.8166491735410386, -0.034126437069222026, 0.5761245643501927]], "T": [-0.05488695417034714, 0.016388254290114215, 0.03108415952019589], "aligned_model": [[-0.4495512430529425, -0.37364858818053226, 0.05767521250615376, -0.27963967121132793, 0.2594646409403708, 0.42508177938185576, 0.6377587046208516, 0.20717496846064573, -0.5876474843937509, -0.6035888941311722, -0.025913600912592122, -0.01729731068217253], [0.16173281024575248, -0.5084721186652723, 0.8847336027162548, -0.7196293004771445, 0.19710922417109183, -0.40177676130823103, 0.22302228701943994, -0.3497161045745399, 0.6604491157541652, -0.06729781532441086, 0.45138293776191796, 0.060215045148403784], [-0.497807097150541, -0.3676832766948375, -0.026711895317519104, 0.2396450293264305, -0.5791257036493475, -0.22411215840657034, 0.05945687558711027, 0.5904628811265787, -0.036791895318677575, 0.32307151348933727, 0.5205183220329, 0.053873687858096264]], "inverted": false, "swapped": false, "error_lsq": 0.046475650907195874, "error_max": 0.3237275887699924, "target": "287.xyz", "model": "11.xyz", "model_rescale": 3.890672605050136, "target_rescale": 3.7411041263118485},
{"mapping": [1, 0, 11, 3, 2, 4, 12, 7, 6, 8, 5, 13], "R": [[0.22933282102196959, 0.5726517610003922, 0.7870682421653508], [-0.8746166438212813, 0.4760925618736638, -0.0915510725189469], [-0.42714421868135255, -0.6673873186926176, 0.6100344115665735]], "T": [-0.08890506781865444, 0.2187582888258458, -0.01431478521208462], "aligned_model": [[-0.5494939145578914, -0.4003804970778632, 0.0877839419586406, -0.2035743164852809, 0.30207705082885133, 0.29314835427845126, 0.5640661763499311, 0.2378419663500993, -0.5670407366461534, -0.5826800645886745, 0.042918135106812014, 0.025202417828464954], [0.1367481594793026, -0.21996043777176083, 0.6109362850608917, -0.6889053484329554, 0.19027101062960117, -0.28590232651009995, 0.20042304940162556, -0.2640764127813685, 0.5396599883749026, -0.08781211190822313, 0.3490115807728155, 0.11135948615269604], [-0.635950163335162, -0.2576324287309668, -0.3574467962344249, 0.11241658821371614, -0.6075142386386413, -0.3149971588520716, 0.3440488848624066, 0.6078356763823731, -0.035918612719369636, 0.41158648010260296, 0.741085045965093, 0.04728300586740403]], "inverted": false, "swapped": false, "error_lsq": 0.04992430404990011, "error_max": 0.31198226967174486, "target": "287.xyz", "model": "12.xyz", "model_rescale": 4.124412569039231, "target_rescale": 3.7411041263118485},
{"mapping": [8, 9, 1, 7, 6, 3, 0, 5, 2, 10, 4, 12], "R": [[0.7035828255729993, 0.4427753865743726, -0.5558067691227139], [-0.2298770826262035, -0.5982787184124688, -0.7676060851621748], [-0.6724044426102348, 0.6678416969152566, -0.3191547170564313]], "T": [-0.011571780477384663, -0.02890701169847014, -0.007701733858339363], "aligned_model": [[-0.46514496255717097, -0.23634521274317932, 0.14762324567692214, -0.18663638384617137, 0.11954078095087586, 0.5468456270103415, 0.5084717519483979, 0.16373797488122366, -0.5577665548940451, -0.6454234950888973, -0.03311872990810605, -0.1119155280848039], [0.25725959090070066, -0.44125497705536204, 0.7229682232787373, -0.5866874413573907, 0.11797303060909016, -0.31743384534453495, 0.0969048138365894, -0.27971424595966976, 0.6272113179475921, -0.08029561079368576, 0.4680385052531707, 0.006783561152190143], [-0.48443663393731207, -0.44139209761326303, -0.2764113793577738, 0.21881769456422132, -0.6471144051368571, -0.3448599178711111, 0.2170058590967615, 0.6851965992256459, 0.10881229770574141, 0.3667323565562327, 0.6012786746125928, 0.051167235038081176]], "inverted": true, "swapped": false, "error_lsq": 0.03888122645450188, "error_max": 0.2336535554230901, "target": "287.xyz", "model": "13.xyz", "model_rescale": 3.9028299243045295, "target_rescale": 3.7411041263118485},
{"mapping": [12, 13, 2, 10, 8, 4, 3, 7, 1, 9, 6, 15], "R": [[0.18736312724153972, 0.9573532381518675, 0.21993143465726872], [0.25774834167777555, -0.26396633112162676, 0.9294555225488438], [0.9478717481350667, -0.11745873077094571, -0.2962137668189162]], "T": [-0.056474103850544306, 0.07741278931973303, -0.07100165745193314], "aligned_model": [[-0.5335565354402699, -0.45223408993032044, 0.16765770337203148, -0.09900876710748585, 0.1646587318833978, 0.4727112036655111, 0.44838318547839084, 0.0840515200826687, -0.4077334048841866, -0.43419257250866616, -0.07419347750405454, -0.08667498376162935], [0.1597489156545625, -0.4496897140796756, 0.7467451086469188, -0.6451299049453905, 0.2593391390947959, -0.3455794597061643, 0.22358677509095817, -0.38669673855935105, 0.6036967638874332, -0.05151092474041982, 0.4328727018495093, 0.04437026027425075], [-0.5708550406849526, -0.5161851433579646, -0.28054628002912235, 0.1064115873599719, -0.7882953433124811, -0.05090833876487828, 0.26432166194793283, 0.694166854045505, 0.07678480097165609, 0.5934928051669525, 0.49268490140049154, 0.033723818139849454]], "inverted": true, "swapped": false, "error_lsq": 0.04229160095652548, "error_max": 0.27390241078223754, "target": "287.xyz", "model": "14.xyz", "model_rescale": 3.942246331269136, "target_rescale": 3.7411041263118485},
{"mapping": [1, 12, 5, 13, 3, 4, 10, 11, 2, 8, 6, 14], "R": [[0.981875497958609, 0.03500706846736031, 0.18626597023035496], [0.14715472713761357, 0.4785450669376044, -0.8656443294972469], [-0.11944033150317535, 0.8773648751044263, 0.46472022028679394]], "T": [-0.038294894404954594, 0.13528163072661756, 0.08118696672625143], "aligned_model": [[-0.4152561783513699, -0.43022302015982333, -0.03862985614239242, -0.06267433486803556, 0.14316678183215992, 0.42439400700151947, 0.641673371361657, 0.14575939381213254, -0.4374210304759832, -0.5711806458539443, -0.02321873395882116, -0.126521240851712], [0.21305738762150753, -0.3713618421375242, 0.6052764777400349, -0.6734360060375775, 0.044154909968202066, -0.1920702141796579, 0.21469105722728285, -0.3340916066833821, 0.7781238885295937, -0.07637804134542639, 0.22547234335594987, 0.15831456840842476], [-0.6318996744510431, -0.4265344074635555, -0.3452919773853929, 0.0017434435506101936, -0.6082443288512565, -0.06855857435705635, 0.2820297325316046, 0.5910141998638188, -0.019312176191830357, 0.600873300401471, 0.6329366691095302, 0.04604007612605988]], "inverted": false, "swapped": false, "error_lsq": 0.047560628488388094, "error_max": 0.23609859199025657, "target": "287.xyz", "model": "15.xyz", "model_rescale": 4.355366556412066, "target_rescale": 3.7411041263118485},
{"mapping": [7, 10, 5, 8, 9, 1, 0, 2, 3, 6, 4, 11], "R": [[0.1906804208712205, -0.9190968080833442, 0.3448217430316461], [-0.9137094286316174, -0.03776346491206645, 0.4046096893890685], [-0.3588538102431931, -0.39221802366648517, -0.846988172753964]], "T": [-0.0393159184383213, 0.037298720986993245, -0.04591600617470807], "aligned_model": [[-0.49569576735190224, -0.4451678522370879, 0.13177213237015994, -0.12663755219603706, 0.2855701671099553, 0.34908506681328944, 0.5758317161353388, 0.35192736986751083, -0.5197064099693482, -0.6756771220993156, -0.08019818779427328, -0.10123504730290306], [0.4261969214694774, -0.37595535494860455, 0.6440235655703954, -0.6913159519749085, 0.10740025495184274, -0.3226635159816127, 0.30805267207934084, -0.32324016788028587, 0.48245310291286303, -0.1089712763425919, 0.3823591069554778, 0.06341356565603362], [-0.709946685395826, -0.2943935205370867, -0.181465715701506, 0.17438312327294905, -0.7088536439543904, -0.1649501442063777, 0.1825566272691215, 0.6003546807011465, -0.00031380515451048113, 0.4538293983622857, 0.6422639857055638, 0.061331982521590646]], "inverted": false, "swapped": false, "error_lsq": 0.04477518008140844, "error_max": 0.2629646372255605, "target": "287.xyz", "model": "16.xyz", "model_rescale": 3.795458400668931, "target_rescale": 3.7411041263118485},
{"mapping": [5, 6, 10, 3, 9, 8, 11, 7, 2, 0, 4, 12], "R": [[0.06999066664090553, 0.03236154533344371, -0.997022585986292], [-0.5874240099124493, -0.8064666533669996, -0.06741342288751029], [-0.8062470707925333, 0.5903933158417896, -0.03743518996608142]], "T": [-0.09880801299182433, 0.036915447085925444, 0.09026378700661525], "aligned_model": [[-0.4450239369813938, -0.30551206936874187, 0.006390992391491171, -0.20153962974651618, 0.2134448626872958, 0.3744287816520357, 0.6961079150804597, 0.08203930890447718, -0.4918746088281006, -0.601934350123845, 0.009278118744807398, -0.08593687106658267], [0.21405895419842916, -0.4143828383884213, 0.7070057339497213, -0.7562994077887397, 0.18549002609714516, -0.38259954409270047, 0.188770945894948, -0.25723184342823563, 0.6190295576267506, -0.1915486676263571, 0.47468378006476836, 0.2047762259601187], [-0.5815481776745439, -0.36906087119607844, -0.19047780194892788, 0.2026841837104258, -0.7333681788230098, -0.150029535177619, 0.10998545025929785, 0.6488748298549187, 0.18076051660449416, 0.303988901677676, 0.5508851750808232, 0.08210179051550306]], "inverted": true, "swapped": false, "error_lsq": 0.03604933763399724, "error_max": 0.19027664295101443, "target": "287.xyz", "model": "17.xyz", "model_rescale": 3.7474275329858107, "target_rescale": 3.7411041263118485},
{"mapping": [0, 3, 2, 10, 1, 11, 7, 12, 6, 5, 9, 13], "R": [[0.03077662894449057, -0.9957971880280312, 0.08625983669285985], [-0.990460227625044, -0.04198092928409619, -0.1312483869210954], [0.13431804273350245, -0.08139755458187561, -0.9875895410059442]], "T": [-0.12079490899157168, 0.010057170875429337, -0.013892418081289718], "aligned_model": [[-0.5695013882925356, -0.1524173639895775, 0.029022906138361212, -0.22675512364059985, 0.20640491588884474, 0.4194073300841123, 0.5911348718998519, 0.16286797511756673, -0.41316779822733735, -0.4966498300856168, -0.15648586846213758, -0.14399211308554524], [0.42767308281771843, -0.45513029403607624, 0.6639956638015192, -0.6513884400755675, 0.08326876178984219, -0.4541551313717086, 0.18037680948210064, -0.15850521805357948, 0.7009123589865579, -0.25880854646390306, 0.4107240106273799, 0.1027898649631438], [-0.5825767209302543, -0.5070352210687612, -0.24573674850351507, 0.15254527935727383, -0.6189533690305987, -0.1339971271733299, 0.16377719052153106, 0.6571955139596096, 0.16565148785873268, 0.5425824160300912, 0.5208190974028357, -0.05947551554065546]], "inverted": true, "swapped": false, "error_lsq": 0.041598660262464206, "error_max": 0.2506965556241319, "target": "287.xyz", "model": "18.xyz", "model_rescale": 3.922800546911778, "target_rescale": 3.7411041263118485},
{"mapping": [7, 12, 11, 5, 13, 8, 6, 1, 9, 0, 2, 14], "R": [[0.1312529998635156, 0.9904213012874679, -0.04287535402614089], [-0.991221063276857, 0.13180782740674277, 0.010368237584650837], [0.015920230624128083, 0.04113809171987996, 0.9990266281068395]], "T": [0.026331796814581476, 0.052715795214278466, 0.005662047989678473], "aligned_model": [[-0.5182631019844763, -0.38507438888491496, 0.06343318559622509, -0.16316962539553662, 0.20161923356200548, 0.45724159907203155, 0.6489975518493492, 0.21985661910742324, -0.44222010400834444, -0.5537085466057949, -0.23295853036396758, -0.04588537859861269], [0.3446959440937547, -0.3824827345395937, 0.6427230544775607, -0.6793802710335437, 0.10480463530414956, -0.3567242240532845, 0.12807756494805317, -0.167680536295208, 0.7017158970300581, -0.2850766451072111, 0.4462694375623659, 0.0948108000803259], [-0.5006728292615517, -0.5042018893845712, -0.39152623700360806, 0.10890099873271113, -0.6564367468112144, -0.13948018212355165, 0.29267377785918697, 0.6853359581477264, 0.153989961725814, 0.5035496888719391, 0.5451182738449196, -0.042454491714840135]], "inverted": true, "swapped": false, "error_lsq": 0.038235326614822214, "error_max": 0.22865388364598713, "target": "287.xyz", "model": "19.xyz", "model_rescale": 3.9282355846067225, "target_rescale": 3.7411041263118485},
{"mapping": [10, 9, 1, 8, 0, 4, 3, 6, 2, 7, 5, 13], "R": [[0.8547030385033177, -0.012630916240071816, 0.5189635593450976], [-0.21134590263899528, 0.9046351126607607, 0.37009218092113416], [-0.47414726131330204, -0.4259997334461483, 0.7705248871340277]], "T": [-0.13360639906961402, -0.07185743375113254, 0.02891222765022247], "aligned_model": [[-0.5860637757482712, -0.4797832569610046, 0.11069072516685768, 0.028306997885450158, 0.33795368775982193, 0.40064483984495214, 0.5492292058851015, 0.09316747495686478, -0.49355727455078163, -0.6326051476435273, 0.030706796057249075, -0.10882175930732531], [0.3285876754284116, -0.5767729463483957, 0.6214625460341483, -0.8145524171614059, 0.2280113564913853, -0.3353324474040673, 0.22841810350304856, -0.18937597353639038, 0.6660966279282056, -0.021480090252897516, 0.395296161659203, 0.06139432612618187], [-0.5852216224302922, -0.2930298998150594, -0.11643947349888811, 0.057369083271872706, -0.543719225681449, -0.18209577181579084, 0.12853756315478973, 0.6302499505005587, 0.09655378626019537, 0.3984526835726451, 0.5213133288380549, -0.05717411947367687]], "inverted": true, "swapped": false, "error_lsq": 0.0442256399043453, "error_max": 0.24528363162165348, "target": "287.xyz", "model": "20.xyz", "model_rescale": 4.067790424073018, "target_rescale": 3.7411041263118485},
{"mapping": [1, 9, 5, 12, 13, 11, 6, 3, 8, 0, 2, 14], "R": [[-0.41874766236591393, -0.6034435870275583, 0.6786060952705897], [-0.9065553032747795, 0.321393080725857, -0.27361280994484816], [-0.05298940806855057, -0.7297686790599175, -0.6816375853015207]], "T": [-0.0705540599940232, 0.12157021739813374, 0.003173660172736949], "aligned_model": [[-0.5188778006254074, -0.516535178072892, -0.009327287260999712, -0.14914506461984775, 0.2894107946636122, 0.39738362049026266, 0.57854984301796, 0.24990383619527834, -0.46385011705360035, -0.5416647704306348, 0.004368426540087567, -0.07034778949843168], [0.2353474249789836, -0.3620538801889659, 0.6261016408720325, -0.639388355884268, 0.13241176008980593, -0.3154516554277225, 0.3461433926760623, -0.36673825040076785, 0.5339026524607511, 0.0274785954880742, 0.30742979231142753, 0.06656980549201437], [-0.6745915439357408, -0.4106602123160627, -0.2971019563631151, 0.045356247073053434, -0.5971856234571324, -0.08670661482637264, 0.2784697094280257, 0.6217256739085552, -0.018461293531300976, 0.5262984012424023, 0.7198079957746027, -0.05215450011395521]], "inverted": false, "swapped": false, "error_lsq": 0.04372023479256734, "error_max": 0.23515827872238307, "target": "287.xyz", "model": "21.xyz", "model_rescale": 4.186013935880536, "target_rescale": 3.7411041263118485},
{"mapping": [0, 6, 2, 4, 5, 11, 8, 10, 1, 7, 9, 12], "R": [[0.6767551749875581, 0.5921253818977055, 0.4374813884499047], [0.06710827085036664, 0.5421462828810834, -0.8376000763739808], [-0.7331431736782617, 0.5962088057641559, 0.3271637920342737]], "T": [-0.036200415186394976, 0.026406939081864894, -0.027105716177544054], "aligned_model": [[-0.5382653037201864, -0.3966628522409272, 0.1711222476814138, -0.11030668067618085, 0.18303433762350815, 0.5200798560647278, 0.6089203064276744, -0.11590321174040683, -0.5412022770702319, -0.6438592728840331, 0.13961938928223222, -0.02670802540220299], [0.3283215370676241, -0.2983842059095869, 0.6573953449802314, -0.6771341289392883, 0.1549752152797257, -0.27173753077420193, 0.42182234306450295, -0.3382432036407421, 0.5227671154098181, -0.1591205023000486, 0.26532144054501333, -0.014230502315620605], [-0.4496774429068893, -0.29992505681351117, -0.3566055613189806, 0.13768013209614224, -0.7578211858582862, -0.002043521084505135, 0.0959147843132513, 0.7192033151705415, 0.15653232667275194, 0.3398466254647127, 0.518291402980195, -0.04659953583246262]], "inverted": false, "swapped": false, "error_lsq": 0.04889431144174008, "error_max": 0.26237810977443043, "target": "287.xyz", "model": "22.xyz", "model_rescale": 4.166573947596378, "target_rescale": 3.7411041263118485},
{"mapping": [11, 14, 3, 13, 9, 10, 0, 5, 2, 6, 1, 15], "R": [[0.8358205394101678, 0.4541424825412797, -0.30847792700830334], [-0.1019010618794856, 0.6804559431053859, 0.7256692656302824], [0.5394628805468731, -0.5750950487039542, 0.61501665462674]], "T": [-0.023658293341332792, 0.12012128780373105, -0.09729783900361655], "aligned_model": [[-0.5647789695155139, -0.230749262479324, -0.05722988324010052, 0.03980512655985821, 0.07074779024710377, 0.3561871488187856, 0.5367623444482537, 0.09568111824191311, -0.35276930058703054, -0.5759464257113163, -0.044114669977149384, -0.023726503460092686], [0.3963579607895799, -0.559080420702311, 0.6570147614690018, -0.689218983057911, 0.10735509838098928, -0.5153186041206006, 0.31300281768004723, -0.31831672653852466, 0.6359236957958139, 0.10390032349542, 0.3376740342759581, 0.12245896499996387], [-0.6002640821461461, -0.44626221094466034, -0.3657098325943883, 0.14302248721077904, -0.690065653642038, -0.21076508945702616, 0.4643792808883187, 0.5988287253680717, 0.18277904331333428, 0.42598251714120194, 0.5811941653888199, -0.028323067643306887]], "inverted": true, "swapped": false, "error_lsq": 0.046196171319427576, "error_max": 0.24760674669904736, "target": "287.xyz", "model": "23.xyz", "model_rescale": 4.274766983524099, "target_rescale": 3.7411041263118485},
{"mapping": [1, 5, 4, 0, 2, 8, 9, 10, 7, 6, 11], "R": [[0.33938790444284106, -0.7907668529683112, 0.5094149924810715], [0.9297556273243424, 0.19983669905193097, -0.3092244608221454], [0.14272464320016928, 0.5785784976635592, 0.8030420899708578]], "T": [0.05696752392645206, 0.10649976199038534, -0.020819004311068534], "aligned_model": [[0.12938123443015564, 0.4009770809374847, -0.3268418673645063, -0.6407412143858485, -0.6081660543823045, -0.5812450082060913, 0.1245417358962126, 0.027576135344236877, 0.724414255916766, 0.16621559210350484, -0.036217186331534784], [-0.16078870798244993, 0.4845004440797031, 0.5284001985673855, -0.24389869138272724, 0.41837008004156756, -0.2188773940394551, -0.5894827399335996, -0.05374965114237641, -0.03935326184207573, 0.6578828802169766, 0.1325833746605348], [-0.6672881200745369, -0.27091975484003894, -0.4681248402674566, -0.36221013877984914, 0.16379501766902652, 0.3929692489887534, 0.14285743926808575, 0.6561457803180283, 0.35285619366147397, 0.41060430850263396, 0.028881299575456765]], "inverted": false, "swapped": true, "error_lsq": 0.05088759504346363, "error_max": 0.25694763584675084, "target": "287.xyz", "model": "24.xyz", "model_rescale": 3.7841303162186577, "target_rescale": 3.7411041263118485},
{"mapping": [3, 13, 4, 14, 5, 9, 8, 10, 6, 11, 7, 15], "R": [[0.8153919276258972, 0.16035234740394905, 0.5562581496432809], [-0.4299127830052794, 0.8112293993524151, 0.39633554046410613], [-0.3876996303469724, -0.5623112895081894, 0.7304074276186256]], "T": [0.08100343506018076, 0.09447389130807465, 0.0897820903636506], "aligned_model": [[-0.475523023460295, -0.47797125594544626, 0.10296171698961532, 0.06584130503126559, 0.09489095141791642, 0.44166930768084567, 0.6321229411914762, 0.08158777860803498, -0.41278763433634924, -0.6508862790111409, -0.1805479560264478, 0.028510661205911808], [0.27783393886784447, -0.36247451234254197, 0.6728872140111477, -0.6954478666882427, 0.1560174270308923, -0.3506947906189516, 0.3023839619821691, -0.39633044177853116, 0.6197054706696932, -0.01998095009475742, 0.2506680219576176, 0.13718544947108774], [-0.46308252376777226, -0.21145776172660186, -0.3810259435871869, 0.018419016105636024, -0.7850654823847859, -0.028055431182977417, 0.13976684916823923, 0.6934093515466, 0.04152631279702164, 0.2914379974894704, 0.6642382013691321, 0.0746856970561846]], "inverted": true, "swapped": false, "error_lsq": 0.04594207154367028, "error_max": 0.27660093702740685, "target": "287.xyz", "model": "25.xyz", "model_rescale": 4.19342608120988, "target_rescale": 3.7411041263118485},
{"mapping": [7, 10, 5, 8, 9, 1, 0, 2, 3, 6, 4, 11], "R": [[0.1906804208712205, -0.9190968080833442, 0.3448217430316461], [-0.9137094286316174, -0.03776346491206645, 0.4046096893890685], [-0.3588538102431931, -0.39221802366648517, -0.846988172753964]], "T": [-0.0393159184383213, 0.037298720986993245, -0.04591600617470807], "aligned_model": [[-0.49569576735190224, -0.4451678522370879, 0.13177213237015994, -0.12663755219603706, 0.2855701671099553, 0.34908506681328944, 0.5758317161353388, 0.35192736986751083, -0.5197064099693482, -0.6756771220993156, -0.08019818779427328, -0.10123504730290306], [0.4261969214694774, -0.37595535494860455, 0.6440235655703954, -0.6913159519749085, 0.10740025495184274, -0.3226635159816127, 0.30805267207934084, -0.32324016788028587, 0.48245310291286303, -0.1089712763425919, 0.3823591069554778, 0.06341356565603362], [-0.709946685395826, -0.2943935205370867, -0.181465715701506, 0.17438312327294905, -0.7088536439543904, -0.1649501442063777, 0.1825566272691215, 0.6003546807011465, -0.00031380515451048113, 0.4538293983622857, 0.6422639857055638, 0.061331982521590646]], "inverted": false, "swapped": false, "error_lsq": 0.04477518008140844, "error_max": 0.2629646372255605, "target": "287.xyz", "model": "26.xyz", "model_rescale": 3.795458400668931, "target_rescale": 3.7411041263118485},
{"mapping": [6, 0, 8, 3, 1, 9, 11, 4, 5, 7, 10, 12], "R": [[-0.6648156136625795, -0.7283805721508452, -0.1657767834880845], [0.3870681076591007, -0.14608416766004517, -0.910405237239041], [0.6389041241560823, -0.6694185223552447, 0.37905192528738074]], "T": [0.08257322404239253, 0.011554199151347366, -0.07873770478465483], "aligned_model": [[-0.4408803425259943, -0.4633598712182866, 0.15347616193371266, -0.17740342097502682, 0.11057375459146371, 0.39072804512067655, 0.5684491891919881, 0.38710734675350567, -0.4364934397451963, -0.6403210732122068, -0.12471862974706852, -0.07728920682218043], [0.4534136541865661, -0.5269900513615761, 0.7018383382143417, -0.6190213046123789, 0.07883203318565463, -0.2833526752152588, 0.3639878620501806, -0.20326940414241496, 0.5345825733805887, -0.08658204829726268, 0.16583422702853515, 0.012479718050451796], [-0.5391109721652455, -0.3999857986801387, -0.30062121219927196, 0.20386313906841377, -0.6661411725032679, -0.1281829453335464, 0.31022199939946093, 0.6695757123134499, 0.0757666193482742, 0.2790348634243959, 0.5852759915047927, -0.03489994129435687]], "inverted": true, "swapped": false, "error_lsq": 0.046344213666647066, "error_max": 0.27950426741841344, "target": "287.xyz", "model": "27.xyz", "model_rescale": 3.6321398670334006, "target_rescale": 3.7411041263118485},
{"mapping": [6, 7, 9, 3, 12, 8, 10, 0, 13, 1, 11, 14], "R": [[-0.23071803138138197, 0.9710476445653148, -0.061932721397125357], [0.22320764632038875, -0.009133987071279714, -0.9747281246092647], [-0.9470731421699237, -0.2387112110151846, -0.21463788369263265]], "T": [-0.08807172239312706, -0.0017978304359001218, 0.05329263618425034], "aligned_model": [[-0.4920467446502594, -0.15375753616403026, 0.1380986003143584, -0.14941038757338138, 0.10198911823594224, 0.30601643667388656, 0.6276307014292094, 0.20576797939897018, -0.5103805766057096, -0.6913504141063004, 0.009011297511435382, -0.1416999611187341], [0.4094160463897144, -0.5683353072137197, 0.5982618480783564, -0.6670903247151322, 0.02500691337484598, -0.23952524991372093, 0.2185875544522434, -0.19890063669135272, 0.6902919956508053, -0.15401170587473745, 0.452169522103983, 0.025882266826141555], [-0.4678740991693832, -0.4716912162144044, -0.13471674807086667, 0.21198587854786097, -0.7508641354893839, -0.18167504820267033, 0.26274896972215966, 0.5673163784732651, 0.14891813589525582, 0.2985536245110465, 0.49715564037907284, 0.07493890250100749]], "inverted": false, "swapped": false, "error_lsq": 0.04440134903563379, "error_max": 0.19641538166930816, "target": "287.xyz", "model": "28.xyz", "model_rescale": 4.156811204709835, "target_rescale": 3.7411041263118485},
{"mapping": [8, 9, 0, 1, 7, 10, 2, 6, 5, 11], "R": [[-0.20113838565194658, -0.8790491816777208, -0.43222203322951797], [0.6021769410072391, 0.23705844917997348, -0.7623557066039123], [0.7726100449363139, -0.41361313792494026, 0.4816615934443928]], "T": [-0.022754952611130377, 0.05804213613106744, 0.053679793326899775], "aligned_model": [[-0.5737376130276922, 0.019366227214126605, 0.07567676140262904, 0.639645690587662, -0.0483929577294835, -0.5967140011222181, -0.5279482253334642, -0.4861553553701, 0.25176464882636485, -0.11057980133723605], [-0.14019408717094678, -0.617450349253972, 0.15465389195756118, 0.057365285623641, -0.45822555627049055, -0.32953711538199426, 0.49617038083301424, 0.3144055882938581, 0.346227701538942, 0.09530459045659104], [-0.5307231122932377, -0.18649431786932102, -0.7872136795041886, -0.1826126505822338, 0.6360900960013658, 0.12564077017495728, -0.3020891032581059, 0.5244476824430205, 0.4603314190548848, 0.0014096228079581927]], "inverted": false, "swapped": true, "error_lsq": 0.04545178052435181, "error_max": 0.23882303740413327, "target": "287.xyz", "model": "29.xyz", "model_rescale": 4.117894457231895, "target_rescale": 3.7411041263118485},
