[{"mapping": [11, 7, 8, 6, 4, 5, 1, 0, 12, 2, 13], "R": [[0.8961885419161797, -0.15687054267810308, 0.4150153372804794], [0.438500773350875, 0.1707531388592314, -0.8823607183801901], [0.06755123321477685, 0.9727461119992195, 0.22181486082218504]], "T": [-0.1089747915231086, -0.062085443599947006, 0.16678334990958543], "aligned_model": [[-0.18892361583384765, -0.21337551963632842, 0.22620887539866194, 0.6256490356876461, 0.3378071591136105, 0.2916890552921704, -0.27197770082789174, -0.4753184912195775, -0.6693567613890102, 0.12410608931949607, -0.14967026363726194], [-0.34755515035315426, 0.4510300531186377, 0.08701632075290405, 0.11865839510879639, 0.7079629761398515, -0.6865398926067853, -0.4106219715466947, 0.24769554823265982, -0.1973990646350195, 0.5587073362834184, 0.015227503567823021], [-0.4650212661394344, -0.3783840165680301, -0.52314396866712, 0.0563035714399277, -0.18080195825600465, 0.018707749582095895, 0.5968954907147184, 0.7711346263809244, 0.21952877421534578, 0.5560748510241394, 0.029282626256802446]], "inverted": true, "swapped": false, "error_lsq": 0.05187349069876062, "error_max": 0.2708979595571944, "target": "288.xyz", "model": "0.xyz", "model_rescale": 3.8414455957264533, "target_rescale": 3.9534705048416483},
{"mapping": [4, 5, 2, 9, 6, 0, 11, 12, 1, 8, 14], "R": [[0.1974058976829938, 0.01855780578123445, 0.9801461724684525], [0.972017867641437, -0.13356492998021022, -0.1932399401396497], [0.12732704561783093, 0.990866296391177, -0.04440502370528909]], "T": [0.021765010912104067, 0.03223789999662577, 0.04110256472921171], "aligned_model": [[-0.07153241109013597, -0.3098945296770976, 0.22524162581808002, 0.6928006753054293, 0.19498539846339336, 0.09187311854608848, -0.36063030321309486, -0.2965955512259453, -0.7128449700827251, 0.24968448986760036, -0.06624968044392518], [-0.27328896239646716, 0.4205526747794217, 0.21118885639776194, 0.13388111500648098, 0.7380867549890056, -0.688852764161441, -0.3416791415161946, 0.23071446286540967, -0.4211339517507121, 0.5138331633328275, 0.020879846516344905], [-0.399086215514173, -0.3754744027138284, -0.645321903080579, 0.11102733822266078, -0.24490314330153723, 0.06621186211536936, 0.7045973061788813, 0.7055896980388129, 0.09854846131642138, 0.6245587421284751, 0.05482873659286147]], "inverted": false, "swapped": false, "error_lsq": 0.04459881319600233, "error_max": 0.27933758484322985, "target": "288.xyz", "model": "1.xyz", "model_rescale": 4.316132596720782, "target_rescale": 3.9534705048416483},
{"mapping": [3, 5, 7, 10, 9, 6, 2, 0, 4, 1, 11], "R": [[0.7841337580695953, 0.6205010653806078, 0.010614957238916645], [0.2527587163169446, -0.3349420246341367, 0.907704176182855], [0.5667868036408961, -0.7090784639202603, -0.41947640127070357]], "T": [0.036812847691985784, 0.0747871249257502, 0.11173387845457661], "aligned_model": [[-0.11460531142109803, -0.408513227226148, 0.29552967092651683, 0.6427205793395105, 0.2035728788115432, 0.14310999711030026, -0.20611602839502444, -0.5408947440957511, -0.5672807159329111, 0.2031282192400329, -0.013813456089303476], [-0.21350368393491426, 0.37833313758950793, 0.31089766919089035, -0.07737523115127663, 0.785307128623919, -0.7366395520211201, -0.18774566468837894, 0.3603146998113735, -0.4022589486058326, 0.3676936811983877, -0.04084118195011874], [-0.4583345029317092, -0.24224971877973123, -0.7115391844121786, 0.028317832563343026, -0.019810492758223053, 0.03183627546168449, 0.8685611356840761, 0.40946194390557383, 0.15448596906796477, 0.5373419257047978, 0.10250529647776661]], "inverted": false, "swapped": false, "error_lsq": 0.04867653044388216, "error_max": 0.3007901687958823, "target": "288.xyz", "model": "2.xyz", "model_rescale": 3.795458400668931, "target_rescale": 3.9534705048416483},
{"mapping": [1, 7, 0, 10, 4, 2, 3, 9, 8, 5, 11], "R": [[0.7180371046431052, -0.6390868594265156, 0.27566411167233884], [-0.6831654199383896, -0.5714301371142138, 0.4547005689440413], [-0.13307037745550465, -0.5148160686167285, -0.8469100838565248]], "T": [0.004390790925464509, -0.0090639858953575, 0.023889919993409614], "aligned_model": [[-0.21227366236062978, -0.5224318331275599, 0.22474918788957332, 0.7242020060972784, 0.2988715095343662, 0.4607312355966146, -0.32712019102058465, -0.5230123142421095, -0.6892989895537737, 0.1977786689781589, 0.004642244476333518], [-0.398212610025553, 0.4531310473857161, 0.21111932348730117, 0.08376485113416382, 0.5582473417819698, -0.6189845741447129, -0.18817097658462467, 0.44109247782814387, -0.3233643203935601, 0.24172062649855774, 0.08383886709503538], [-0.4209569131744405, -0.2796491559295512, -0.6938631234222555, 0.13463899190277623, -0.025035504687112964, -0.06257155120547754, 0.7275170799804089, 0.5471104907232179, 0.1987404997016843, 0.6512118647378399, -0.07656619864372487]], "inverted": true, "swapped": false, "error_lsq": 0.04975369611964044, "error_max": 0.24385631763190996, "target": "288.xyz", "model": "3.xyz", "model_rescale": 3.7530521520055578, "target_rescale": 3.9534705048416483},
{"mapping": [6, 7, 8, 9, 5, 4, 2, 1, 0, 3, 10], "R": [[-0.7374144224262862, -0.4276933255838059, -0.5227794839593186], [0.3333099701633767, -0.9036002921253563, 0.2690928759009794], [-0.5874729214077835, 0.02418535346104307, 0.8088823371112567]], "T": [0.027654778355508627, 0.07545569865372447, 0.10468814489779403], "aligned_model": [[-0.01621533459039219, -0.31379041835781807, 0.17375926642600448, 0.5584536405349754, 0.111815406181681, 0.02741839412047771, -0.12021285267609012, -0.49822993137056754, -0.6506427525966122, 0.41995454168525087, -0.05547209708924154], [-0.4258446045493457, 0.3443672201956688, 0.22633545463169885, 0.10318815156433976, 0.7863594525926119, -0.6567774999518589, -0.1943981676761809, 0.41069131134218595, -0.36076434607273966, 0.28282472570161715, 0.02820035628444017], [-0.4367072391225563, -0.3079287619017227, -0.7882666523096488, -0.017161138266900536, 0.03332580644386511, 0.16423133421361918, 0.7102209991236522, 0.5904743395055292, -0.06806867219787512, 0.7236944190236219, 0.09676204547178029]], "inverted": true, "swapped": false, "error_lsq": 0.05697202204998752, "error_max": 0.3078252554563395, "target": "288.xyz", "model": "4.xyz", "model_rescale": 3.7855080009869324, "target_rescale": 3.9534705048416483},
{"mapping": [13, 14, 15, 10, 9, 6, 1, 2, 12, 3, 16], "R": [[-0.12791998109652364, 0.8989292721118387, -0.41900195963353803], [0.7514438427009762, -0.18787570997500835, -0.6324830976936675], [-0.6472778612798803, -0.39576366854710976, -0.6514618092836124]], "T": [0.07391189149505016, -0.09925949232142509, 0.1367671586947782], "aligned_model": [[-0.17866437305502986, -0.37019069157671464, 0.2047011867852922, 0.7089604158242582, 0.13092144587577503, 0.20186017945552237, -0.39914633223262386, -0.32760296820206253, -0.5869747354803168, 0.20679553700639386, 0.0461781978671736], [-0.43683267180896324, 0.3255750123830341, 0.2736592935740897, 0.2233859241663386, 0.6042746879663851, -0.735290177985552, -0.3406518160440687, 0.42846669525873105, -0.21565136054266248, 0.4724880814176181, -0.05524161432251248], [-0.4523993864789959, -0.14605069409102525, -0.5865196765577053, -0.016782771429000642, 0.04347414113658829, 0.06485561185724087, 0.6762572902085718, 0.4624611499860106, 0.02386426985996945, 0.5080665716735402, 0.12334997381817006]], "inverted": false, "swapped": false, "error_lsq": 0.04441195322600426, "error_max": 0.22383943983063778, "target": "288.xyz", "model": "5.xyz", "model_rescale": 4.2253639853439635, "target_rescale": 3.9534705048416483},
{"mapping": [8, 5, 10, 1, 4, 9, 12, 6, 11, 3, 13], "R": [[-0.12968428988960223, 0.1275638331886702, 0.9833155411250465], [0.4676155189690997, 0.8823539104897085, -0.05279491512238056], [-0.8743670347028698, 0.4529669359961419, -0.17407826837137919]], "T": [0.0276938501795886, 0.060301311792250165, 0.10732385715856348], "aligned_model": [[-0.0570390482404796, -0.4444746506390116, 0.08654974374152172, 0.6779362061745162, 0.5230858766422072, 0.26816270014321203, -0.38976358997936544, -0.44428987622633187, -0.6918493539798963, 0.07812960908323613, 0.030390245548059178], [-0.40396850174891713, 0.2373033204543732, 0.3328112259480074, -0.009263932089867866, 0.5650583301327939, -0.5006488363261862, -0.4734141821558405, 0.3512121982677645, -0.23153810053522716, 0.5689404125501119, 0.10769011956542542], [-0.46112908879076947, -0.2753881262114039, -0.6212273111673048, -0.2259198033543619, 0.08052078345888933, 0.11762390611280583, 0.7493681092508243, 0.43339162045496915, 0.15871572006936785, 0.5990066533822965, 0.14561401677805197]], "inverted": true, "swapped": false, "error_lsq": 0.05885871859696293, "error_max": 0.3384446636734038, "target": "288.xyz", "model": "6.xyz", "model_rescale": 3.89814844738969, "target_rescale": 3.9534705048416483},
{"mapping": [4, 10, 2, 0, 1, 7, 8, 9, 11, 6, 12], "R": [[-0.07196554538901923, 0.6063758437854025, 0.7919149552511321], [0.39875443269017957, -0.7102697387342306, 0.5800963718627631], [0.914229655331085, 0.3575265504993291, -0.19068010646435202]], "T": [0.03704177031892958, -0.019186304998469954, 0.09219987389680152], "aligned_model": [[-0.08769094086886356, -0.48809088052781385, 0.08548806574679096, 0.6237908991360253, 0.5156147102250277, 0.2598375713526076, -0.21273324298014032, -0.5974844288134469, -0.6473228257201966, 0.24546829506212048, -0.06003936034444318], [-0.3013181059003467, 0.3352354000354305, 0.31153037115978693, 0.03793641676470114, 0.6566040062019947, -0.6369474649061702, -0.2329562749799687, 0.47430634433684565, -0.4445906679819406, 0.3144569405354438, 0.029925088796660754], [-0.47378527260783987, -0.27864324261968665, -0.5321616248289908, 0.03326905039113828, -0.07830528294912452, 0.08939632307495762, 0.6834710595470855, 0.4817988814690043, 0.16976659914571984, 0.6423056996438581, -0.036535710282757025]], "inverted": true, "swapped": false, "error_lsq": 0.04707158931378121, "error_max": 0.24107326747978827, "target": "288.xyz", "model": "7.xyz", "model_rescale": 3.7474275329858107, "target_rescale": 3.9534705048416483},
{"mapping": [7, 0, 6, 8, 3, 9, 13, 1, 12, 2, 14], "R": [[0.20265922077139123, -0.9471447071831964, 0.24868884955138154], [-0.17613299608653055, -0.2850732244819413, -0.9421838591129924], [0.9632789875866259, 0.14713993454642404, -0.22459615253997414]], "T": [-0.09167528498029921, -0.03744876129762003, 0.056543382185201024], "aligned_model": [[0.027347603534732437, -0.34542407957663257, 0.005992274941954187, 0.5575825061995164, 0.31904016609104313, 0.3636064957011984, -0.319287957629693, -0.443157097494858, -0.6300830209432912, 0.19376658761804666, -0.09254561617434869], [-0.3512638569091078, 0.49663733902557655, 0.2824917065216109, -0.030105809431508555, 0.506249841773954, -0.619627048524042, -0.4768089453057929, 0.5364036252013453, -0.27610503676019127, 0.503477980264117, -0.027167741793523683], [-0.5361042953601585, -0.2342775666981793, -0.6884648346743107, 0.2653991159028162, -0.16670353101606844, -0.12819259739103883, 0.8070544937953311, 0.3911413409816876, 0.24039906155598906, 0.6349123764101662, 0.11541291647713041]], "inverted": false, "swapped": false, "error_lsq": 0.050370747817550326, "error_max": 0.23035392498795831, "target": "288.xyz", "model": "8.xyz", "model_rescale": 4.019505241142653, "target_rescale": 3.9534705048416483},
{"mapping": [9, 8, 7, 0, 4, 1, 6, 5, 11, 3, 12], "R": [[0.6037721653505694, 0.4775573769442463, 0.6382774663686756], [-0.6686882595613064, 0.7392909318585539, 0.07940358679922566], [-0.433952974264212, -0.47475032364164027, 0.7657002979817902]], "T": [-0.030229156078194666, -0.1119198545551352, 0.15719230459580227], "aligned_model": [[-0.3032484672108231, -0.3338832968656886, 0.3113681639881313, 0.5456701776762444, 0.18442367082219258, 0.3610763303864381, -0.3664656744136201, -0.3494785006985701, -0.6447391702937674, 0.2913895085175435, -0.059274879640412746], [-0.39175146271129535, 0.16848307111398603, 0.2733508810456423, 0.13914417334878493, 0.6677907478335272, -0.632953072454936, -0.39978884727005454, 0.35638565190699567, -0.07109981856136235, 0.5214262180577515, -0.08680548824660189], [-0.4036060444173213, -0.3769474649822624, -0.5874295600367346, -0.009998871442117474, -0.02602945085234984, -0.0208798837947837, 0.7335067020715778, 0.516767787239802, 0.067969599619809, 0.6408192213728289, 0.16640444520491582]], "inverted": true, "swapped": false, "error_lsq": 0.05343555040998833, "error_max": 0.24835389826740326, "target": "288.xyz", "model": "9.xyz", "model_rescale": 3.877068213659057, "target_rescale": 3.9534705048416483},
{"mapping": [2, 8, 7, 3, 1, 13, 10, 11, 9, 12, 15], "R": [[0.4681185536998708, -0.8768156922731194, 0.10981466871758], [0.11964129474522095, -0.06023923654264034, -0.990987989317957], [0.8755289716929009, 0.4770382334408537, 0.07670426039015804]], "T": [0.06806961499553658, -0.00258169873188821, 0.1156867518496256], "aligned_model": [[-0.10809305337515197, -0.5215001561019743, 0.010636678141892175, 0.6971878607874756, 0.2723066797221763, 0.31406836798562676, -0.35636955759346506, -0.43308916437277883, -0.5370268543415795, 0.24430706860624085, 0.054409992809205276], [-0.3747155890350665, 0.37537360384426977, 0.255038347464696, -0.02118012664190662, 0.7333889209130873, -0.7330353527218457, -0.26055311343625787, 0.3433033067996091, -0.22587310169539263, 0.37081935813733025, 0.08161580043391484], [-0.4047346542337962, -0.2081653904478917, -0.6567250159134267, 0.19708499519169206, -0.29606691068984947, 0.05601624939061207, 0.6221577948790055, 0.5326504398060714, -0.02447214390087496, 0.7383481577415401, 0.1444829581602823]], "inverted": false, "swapped": false, "error_lsq": 0.044154482625245156, "error_max": 0.20444654073588073, "target": "288.xyz", "model": "10.xyz", "model_rescale": 4.260839863003843, "target_rescale": 3.9534705048416483},
{"mapping": [6, 7, 0, 3, 1, 5, 9, 8, 10, 2, 11], "R": [[-0.6366894837029857, -0.3537537740531103, -0.6851895859433407], [0.49028454055842, -0.8715443466158845, -0.005614371853563005], [-0.5951870047568618, -0.3395124728564065, 0.7283431266535598]], "T": [-0.04491170788701414, 0.017363309225601205, 0.14307650178520354], "aligned_model": [[-0.1272785705355342, -0.42289546426376146, 0.15724251009434753, 0.6574259729093411, 0.24056809591289913, 0.2865630851759534, -0.41379151922571283, -0.4850447582405985, -0.5453799621668097, 0.33414347526517113, -0.04471500265762808], [-0.4080511381444847, 0.30674803872880674, 0.20228868458069446, 0.061033727657886803, 0.675682381843606, -0.5436631903738085, -0.18709764885498856, 0.4449912324155902, -0.35987809275007465, 0.2858806301254224, 0.06624742883378723], [-0.5749023158413835, -0.3074680437682031, -0.6905724334130308, 0.050083232672256894, 0.05154550489876697, -0.035765972361722936, 0.8197275658977965, 0.5159446612644075, 0.11953413283556008, 0.647628523526961, 0.10482162427195586]], "inverted": false, "swapped": false, "error_lsq": 0.04060256396407538, "error_max": 0.24165628344361323, "target": "288.xyz", "model": "11.xyz", "model_rescale": 3.890672605050136, "target_rescale": 3.9534705048416483},
{"mapping": [7, 4, 3, 8, 0, 5, 9, 11, 12, 6, 13], "R": [[0.21200769745430886, 0.8591321111374643, 0.4657732837256834], [-0.49852872425367395, -0.3148535297167036, 0.8076734277657878], [0.8405485395348247, -0.4034343446428632, 0.3615506634601256]], "T": [-0.07265824688105864, 0.1919222797724179, 0.20589746763511407], "aligned_model": [[-0.045420639666277615, -0.4421313376445324, 0.24375123622018402, 0.5925254266194644, 0.19689148991482458, 0.0710776850837433, -0.18149090410790591, -0.4342379566754362, -0.5256109376709619, 0.2948310252378549, -0.13334722504328972], [-0.3868258956348437, 0.44405533664180075, 0.3075604638501863, 0.03534621439758598, 0.6140678129292079, -0.5724559946354697, -0.33124795896357784, 0.3626821956434868, -0.35507496587794596, 0.3066928608928314, 0.1193819848191759], [-0.4196205836570769, -0.3335240750015589, -0.6540885818964094, -0.02258811637013297, -0.10688141268811913, 0.1997316497259193, 0.7718204041231717, 0.5838701233814939, -0.01940237679930737, 0.634660447063552, 0.06659900210183212]], "inverted": true, "swapped": false, "error_lsq": 0.046624793770352974, "error_max": 0.27142815792787683, "target": "288.xyz", "model": "12.xyz", "model_rescale": 4.124412569039231, "target_rescale": 3.9534705048416483},
{"mapping": [10, 2, 11, 9, 8, 7, 0, 1, 4, 6, 12], "R": [[0.4842976533916774, -0.011299136150135142, 0.8748303335170629], [0.1984049331958122, -0.9724479136198136, -0.12239500716956003], [0.8521098904500992, 0.2328462686381984, -0.4687124382586704]], "T": [0.030166616184607586, -0.11427483134979546, 0.2545624677240017], "aligned_model": [[-0.063860794372565, -0.46819544138255065, 0.15210065580762844, 0.6496052263916102, 0.168286046846023, 0.3506835644673067, -0.28334976891906893, -0.41276070726694913, -0.7252043404372567, 0.28801583255414487, -0.0184824114206555], [-0.28383619287174716, 0.3342843733916112, 0.30063680751123956, -0.0014234741712419313, 0.521764316270944, -0.5952039116200886, -0.3180762642720079, 0.5238793276201115, -0.24927847000045603, 0.42463435516486814, -0.11319881296079512], [-0.45748911962079586, -0.2865709844558706, -0.6418377125835193, 0.14410138241262346, -0.04755232249006924, 0.011552632264694357, 0.6983415181583383, 0.4983635227631124, 0.08290877218330478, 0.5557326606246249, 0.14302613072692102]], "inverted": true, "swapped": false, "error_lsq": 0.03723070111602645, "error_max": 0.21490413415254597, "target": "288.xyz", "model": "13.xyz", "model_rescale": 3.9028299243045295, "target_rescale": 3.9534705048416483},
{"mapping": [4, 8, 0, 6, 2, 7, 14, 12, 13, 1, 15], "R": [[0.9533729201604086, 0.028976142500278607, 0.30040049645534717], [-0.29073411108007396, -0.1788255646692198, 0.9399441973198271], [0.08095524540939072, -0.9834540154915931, -0.16206309775567995]], "T": [-0.0046536918836114285, 0.030143167254639593, 0.06293325226365735], "aligned_model": [[-0.06299354149057823, -0.432233107673342, 0.08190527873812817, 0.6317076568376054, 0.23264560280643318, 0.41432374337506983, -0.33142509873559, -0.49756142643700224, -0.7463100637116064, 0.2917902421031159, 0.05498857645543409], [-0.3484048151316905, 0.5621616073362367, 0.2708829075213982, 0.030719841517963205, 0.7037739911902896, -0.7729453617218821, -0.4564662906608291, 0.37525284390842895, -0.17095367530406977, 0.40321489037766745, -0.053053884971074876], [-0.49622787018834563, -0.29850745126000583, -0.7255896271164703, 0.2615589392976989, -0.116120726578392, 0.05132811514449978, 0.7258678915111061, 0.41247804947604216, 0.268255530244121, 0.5046766609878781, 0.11285696846523238]], "inverted": true, "swapped": false, "error_lsq": 0.04500334402861181, "error_max": 0.23185698104600902, "target": "288.xyz", "model": "14.xyz", "model_rescale": 3.942246331269136, "target_rescale": 3.9534705048416483},
{"mapping": [0, 5, 2, 6, 9, 8, 13, 4, 12, 10, 14], "R": [[0.020795913346008, -0.9822244414437176, -0.18655475501493615], [-0.8686379279690207, -0.1101372665935958, 0.48305065221048804], [-0.495010787843853, 0.15200305634384045, -0.8554878086684459]], "T": [-0.06603872808115605, 0.08502301437273255, 0.1219424260869511], "aligned_model": [[-0.028770721964302443, -0.3280367485626021, 0.01532929392570112, 0.48693366723046294, 0.4666831829904726, 0.3375375117655087, -0.38982693016393144, -0.2859015580842361, -0.7227221070238332, 0.182335512511759, -0.09672324035733122], [-0.31907998419647865, 0.4649165380068161, 0.18711613075272826, 0.022791369173919322, 0.6345178306555421, -0.5706573405817182, -0.39943410744727925, 0.27850341471848605, -0.4012246149422989, 0.6074299805059962, 0.03930283741672429], [-0.491269890436212, -0.31373808317849444, -0.6301241661919499, 0.17796154512322718, -0.12790776597796397, 0.044157999330535436, 0.6888571849486254, 0.6297707903870249, 0.14210280725122215, 0.5395567390462819, 0.04120931968106789]], "inverted": true, "swapped": false, "error_lsq": 0.0460448724479966, "error_max": 0.22601600150088494, "target": "288.xyz", "model": "15.xyz", "model_rescale": 4.355366556412066, "target_rescale": 3.9534705048416483},
{"mapping": [3, 5, 7, 10, 9, 6, 2, 0, 4, 1, 11], "R": [[0.7841337580695953, 0.6205010653806078, 0.010614957238916645], [0.2527587163169446, -0.3349420246341367, 0.907704176182855], [0.5667868036408961, -0.7090784639202603, -0.41947640127070357]], "T": [0.036812847691985784, 0.0747871249257502, 0.11173387845457661], "aligned_model": [[-0.11460531142109803, -0.408513227226148, 0.29552967092651683, 0.6427205793395105, 0.2035728788115432, 0.14310999711030026, -0.20611602839502444, -0.5408947440957511, -0.5672807159329111, 0.2031282192400329, -0.013813456089303476], [-0.21350368393491426, 0.37833313758950793, 0.31089766919089035, -0.07737523115127663, 0.785307128623919, -0.7366395520211201, -0.18774566468837894, 0.3603146998113735, -0.4022589486058326, 0.3676936811983877, -0.04084118195011874], [-0.4583345029317092, -0.24224971877973123, -0.7115391844121786, 0.028317832563343026, -0.019810492758223053, 0.03183627546168449, 0.8685611356840761, 0.40946194390557383, 0.15448596906796477, 0.5373419257047978, 0.10250529647776661]], "inverted": false, "swapped": false, "error_lsq": 0.04867653044388216, "error_max": 0.3007901687958823, "target": "288.xyz", "model": "16.xyz", "model_rescale": 3.795458400668931, "target_rescale": 3.9534705048416483},
{"mapping": [4, 10, 2, 0, 1, 7, 8, 9, 11, 6, 12], "R": [[-0.07196554538901923, 0.6063758437854025, 0.7919149552511321], [0.39875443269017957, -0.7102697387342306, 0.5800963718627631], [0.914229655331085, 0.3575265504993291, -0.19068010646435202]], "T": [0.03704177031892958, -0.019186304998469954, 0.09219987389680152], "aligned_model": [[-0.08769094086886356, -0.48809088052781385, 0.08548806574679096, 0.6237908991360253, 0.5156147102250277, 0.2598375713526076, -0.21273324298014032, -0.5974844288134469, -0.6473228257201966, 0.24546829506212048, -0.06003936034444318], [-0.3013181059003467, 0.3352354000354305, 0.31153037115978693, 0.03793641676470114, 0.6566040062019947, -0.6369474649061702, -0.2329562749799687, 0.47430634433684565, -0.4445906679819406, 0.3144569405354438, 0.029925088796660754], [-0.47378527260783987, -0.27864324261968665, -0.5321616248289908, 0.03326905039113828, -0.07830528294912452, 0.08939632307495762, 0.6834710595470855, 0.4817988814690043, 0.16976659914571984, 0.6423056996438581, -0.036535710282757025]], "inverted": true, "swapped": false, "error_lsq": 0.04707158931378121, "error_max": 0.24107326747978827, "target": "288.xyz", "model": "17.xyz", "model_rescale": 3.7474275329858107, "target_rescale": 3.9534705048416483},
{"mapping": [9, 7, 12, 10, 11, 4, 0, 1, 2, 3, 13], "R": [[-0.8519103347347728, -0.4744988981968903, 0.2215842439841435], [-0.5234273285876234, 0.7581682555765082, -0.3888505213108227], [0.016511004200574345, -0.44724902665742233, -0.8942570630944309]], "T": [0.024109069415574037, 0.013082508189951568, 0.06163283935051289], "aligned_model": [[-0.1361387682264248, -0.3970267761719996, 0.23050624951948395, 0.6745179590939999, 0.1247529200292807, 0.2248003097904684, -0.28317008631705526, -0.3675475355068038, -0.6597168226984632, 0.2817825146744585, -0.05592210191927712], [-0.36580116024265535, 0.4495802620408305, 0.16283508898183016, 0.24150061012129925, 0.7275940601333556, -0.7903623145833234, -0.4291774433867888, 0.389475762519168, -0.15952731018070493, 0.36201695360028996, -0.04395245494086349], [-0.4660905372230373, -0.38505899231945834, -0.641368790736378, 0.02652133979817066, 0.02875854423824603, 0.12015860133797135, 0.7012640193788561, 0.48994538729396825, 0.14176225770714684, 0.5835890920420871, 0.10109555846579177]], "inverted": false, "swapped": false, "error_lsq": 0.04226640077257672, "error_max": 0.20674161357387205, "target": "288.xyz", "model": "18.xyz", "model_rescale": 3.922800546911778, "target_rescale": 3.9534705048416483},
{"mapping": [1, 8, 5, 3, 12, 2, 10, 13, 6, 7, 14], "R": [[0.11410664598269957, 0.9796325255044536, -0.16522647583346084], [-0.43576600766036155, 0.1988134766266159, 0.8778275389160379], [0.8927976589968911, -0.028165874483218334, 0.449576493607336]], "T": [-0.07158029105509767, 0.03216513664203176, 0.0828145407623476], "aligned_model": [[-0.17689895808353767, -0.5111642951022438, 0.1396297481938987, 0.5617396779321567, 0.28020057506216023, 0.24641171153036345, -0.3161234112380224, -0.3276691663452563, -0.6552479960267118, 0.40239649953020556, -0.006436523185344947], [-0.4815090266500351, 0.30695511636696365, 0.30291261014913246, 0.12091274793305712, 0.7252750945092977, -0.5990124951286573, -0.5422098014856798, 0.5713987694387819, -0.31866470977095707, 0.39599907989057287, 0.06212466880996102], [-0.4397080484884842, -0.24221934124115832, -0.5988157439930133, 0.06943836951548367, -0.037447062027329864, 0.1995400573892567, 0.5935911456350584, 0.42260760136486586, -0.026813014861770554, 0.6130804012373818, 0.14732211545307453]], "inverted": false, "swapped": false, "error_lsq": 0.045591076289646024, "error_max": 0.2351514861266017, "target": "288.xyz", "model": "19.xyz", "model_rescale": 3.9282355846067225, "target_rescale": 3.9534705048416483},
{"mapping": [9, 4, 8, 7, 6, 12, 10, 1, 11, 5, 13], "R": [[-0.8524003574020926, -0.43004013765027815, 0.2974543842516271], [0.37018803516862453, -0.09455204281165674, 0.9241324200665919], [-0.36928911345824694, 0.8978448592100265, 0.23979190868615552]], "T": [-0.011081442677224995, 0.13906412858852302, 0.07310130298327416], "aligned_model": [[-0.027195546160075218, -0.46120704947519375, -0.006560237330619445, 0.5694974663472099, 0.3625771075244833, 0.30962193366069224, -0.2947824323059467, -0.33720797215418075, -0.6206565383214111, 0.25138744995734696, -0.10863631947463771], [-0.4126035745814931, 0.3962855130630898, 0.15217484018589822, -0.0365921841341425, 0.6457636067609268, -0.6479467579624056, -0.5044989939678398, 0.3735505771140159, -0.1922139798956467, 0.637346476546708, 0.13291653093332637], [-0.3438254366075654, -0.2882737686715919, -0.6874440586302262, 0.21512512695762243, -0.10148100063892948, 0.04948871897924895, 0.5706699964926758, 0.7056820397559254, -0.10588525778452926, 0.4860358430269133, 0.20048427710382064]], "inverted": true, "swapped": false, "error_lsq": 0.0498570607651514, "error_max": 0.24607468485771974, "target": "288.xyz", "model": "20.xyz", "model_rescale": 4.067790424073018, "target_rescale": 3.9534705048416483},
{"mapping": [9, 11, 12, 0, 3, 7, 5, 6, 13, 2, 14], "R": [[0.34051234514485507, -0.10567599770539017, -0.9342825730542778], [-0.035067069651651836, -0.9943999092832283, 0.09969514052126224], [-0.9395858893310381, -0.0011848740348220227, -0.3423111926939058]], "T": [-0.07077547535033195, -0.040517416403663194, 0.16560581052864917], "aligned_model": [[0.0012260129694665195, -0.4288524499334389, 0.08082460028531492, 0.6372859966882373, 0.17374915361624743, 0.3937253304392481, -0.3672936985617405, -0.36143576496476487, -0.7461129767059356, 0.35836159225213504, -0.10463993381710177], [-0.4654334779670236, 0.3572179336727274, 0.1734383686441089, 0.012686835161673092, 0.7400075247672138, -0.6021375132230918, -0.3557613681886758, 0.5132547289049569, -0.19428001885745508, 0.42472969676349104, -0.05954065561548735], [-0.48116464780576407, -0.19718851901933063, -0.5542929365250913, 0.14898386867741045, -0.06834619029582745, 0.005963004620732265, 0.5670585661854063, 0.561092738020462, 0.06362627127392813, 0.5568965367644203, 0.0979477880870186]], "inverted": false, "swapped": false, "error_lsq": 0.0397014689899129, "error_max": 0.18072747534569303, "target": "288.xyz", "model": "21.xyz", "model_rescale": 4.186013935880536, "target_rescale": 3.9534705048416483},
{"mapping": [5, 6, 3, 11, 4, 2, 1, 7, 0, 10, 12], "R": [[-0.4012298096143879, -0.6616170554333435, -0.6334646887053093], [0.4869526074862255, 0.4316800829248886, -0.7592953734011078], [0.7758168585040985, -0.6131192200263124, 0.14897323281434904]], "T": [0.0683705628213488, -0.023701387489174587, 0.15624681808263408], "aligned_model": [[0.03117408483093316, -0.30743703980134274, 0.05865224327625336, 0.6424398403539348, 0.15135217983183014, 0.07052907899264517, -0.4220251165410309, -0.3633339830470143, -0.5775137962739482, 0.27580700851665224, 0.07719336212875492], [-0.44954588598207035, 0.26572199709219096, 0.2695198467586983, 0.11342880023045276, 0.6874846206340686, -0.7604236241865278, -0.2800950837121131, 0.42521592394916646, -0.31630279050988375, 0.5853824613698132, 0.003795788418641803], [-0.4885877818290789, -0.1350530262112597, -0.7191191149921925, -0.06871041101003988, 0.03399845671726481, 0.07297083337768555, 0.6346792439613528, 0.5440975270524842, 0.018383644491056395, 0.687553150337659, 0.12036395808843314]], "inverted": true, "swapped": false, "error_lsq": 0.04734712784733222, "error_max": 0.20887724906987812, "target": "288.xyz", "model": "22.xyz", "model_rescale": 4.166573947596378, "target_rescale": 3.9534705048416483},
{"mapping": [12, 9, 14, 5, 10, 6, 4, 8, 3, 7, 15], "R": [[0.4209204297075366, -0.9070000972190609, -0.013297198931995269], [0.4331865145797634, 0.21386941451597813, -0.8755622862599951], [0.7969789429094469, 0.3627818865092455, 0.48292221669719626]], "T": [-0.08707654471185454, -0.046058341659871764, 0.053207881273995], "aligned_model": [[-0.011584927495478722, -0.5227598307943697, 0.12098090705710214, 0.715354732233078, 0.23319614696941893, 0.3422015999781568, -0.38957974960224223, -0.50172339373097, -0.6435227627865006, 0.3318373351155203, -0.03756219467604746], [-0.31492545500684016, 0.2831891921975378, 0.3148792388472072, -0.022705631084323587, 0.6188112180215389, -0.6640275505469216, -0.20219153277251212, 0.43877246211609666, -0.24240843929330652, 0.4116518113355144, -0.07686325975155368], [-0.5395760981989169, -0.19624211764211913, -0.619409337477763, 0.2691261016507042, -0.07452271285426273, -0.06055486889441251, 0.7043359416650533, 0.5502855638646073, 0.16827698036592562, 0.40873878679858056, 0.09011824070596777]], "inverted": true, "swapped": false, "error_lsq": 0.042330154605507285, "error_max": 0.19485978939883222, "target": "288.xyz", "model": "23.xyz", "model_rescale": 4.274766983524099, "target_rescale": 3.9534705048416483},
{"mapping": [4, 7, 5, 3, 6, 2, 1, 8, 9, 0, 10], "R": [[0.5252544904211361, 0.47899973684747293, 0.7033256517378592], [-0.3812152774935435, 0.8713993076231542, -0.3087687789907009], [-0.7607776498412355, -0.10593629582885837, 0.6403084168805745]], "T": [0.00151357164549807, 0.13283807923493052, 0.11985313332717064], "aligned_model": [[-0.056499786641865744, -0.4622343018685793, 0.11870627868157926, 0.5367322261718255, 0.23826431445068993, 0.4300555885429969, -0.1916927108803772, -0.49851387032135547, -0.7839911933351067, 0.3521897525975109, -0.04617843512965026], [-0.4047024331401178, 0.3361540344506253, 0.19057437334430968, 0.05525372289731026, 0.748335712567579, -0.7300089389256326, -0.3779707020203257, 0.5988519663678308, -0.1996135623241273, 0.2201440326822796, 0.10716384816270588], [-0.3221482860442053, -0.26045333341734694, -0.6858598046180888, -0.03356115313476356, -0.02201583882603382, 0.10201262395714102, 0.4758434448369938, 0.39880607198121293, 0.10873439874403908, 0.7645028279410813, 0.1747155285633348]], "inverted": true, "swapped": false, "error_lsq": 0.05683632398842953, "error_max": 0.3110469447178356, "target": "288.xyz", "model": "24.xyz", "model_rescale": 3.7841303162186577, "target_rescale": 3.9534705048416483},
{"mapping": [13, 6, 11, 10, 7, 14, 2, 1, 5, 0, 15], "R": [[-0.013850423527999367, 0.9278165243371539, -0.3727796439386395], [0.7261902800579574, -0.24694702103767513, -0.6416111329691557], [-0.6873542339415977, -0.27959553996360853, -0.6703510208204488]], "T": [-0.04521768063666113, 0.021631427249714, 0.1472177967941285], "aligned_model": [[-0.042704242722528186, -0.43863258213375517, 0.13259030393440077, 0.7306863750109417, 0.29412473768839426, 0.37999150694002914, -0.44958135902598423, -0.3220258301646756, -0.7717766094536784, 0.2110484952118993, -0.08688293301737576], [-0.4035687910744098, 0.49149128838267553, 0.20032059339554914, 0.014166828032047878, 0.5437484164678098, -0.6247578420133035, -0.3810983068207965, 0.502523836398868, -0.46870436107348845, 0.6146363646971681, 0.055424027670317046], [-0.5094392325887983, -0.23551302038574645, -0.5779594723529189, 0.09089478670659656, -0.039988327025027554, -0.027930773547038656, 0.6402612074814369, 0.6423502366330092, 0.11525401902279181, 0.49935802543960583, 0.10328903059945384]], "inverted": false, "swapped": false, "error_lsq": 0.04322228527393324, "error_max": 0.20758102491374156, "target": "288.xyz", "model": "25.xyz", "model_rescale": 4.19342608120988, "target_rescale": 3.9534705048416483},
{"mapping": [3, 5, 7, 10, 9, 6, 2, 0, 4, 1, 11], "R": [[0.7841337580695953, 0.6205010653806078, 0.010614957238916645], [0.2527587163169446, -0.3349420246341367, 0.907704176182855], [0.5667868036408961, -0.7090784639202603, -0.41947640127070357]], "T": [0.036812847691985784, 0.0747871249257502, 0.11173387845457661], "aligned_model": [[-0.11460531142109803, -0.408513227226148, 0.29552967092651683, 0.6427205793395105, 0.2035728788115432, 0.14310999711030026, -0.20611602839502444, -0.5408947440957511, -0.5672807159329111, 0.2031282192400329, -0.013813456089303476], [-0.21350368393491426, 0.37833313758950793, 0.31089766919089035, -0.07737523115127663, 0.785307128623919, -0.7366395520211201, -0.18774566468837894, 0.3603146998113735, -0.4022589486058326, 0.3676936811983877, -0.04084118195011874], [-0.4583345029317092, -0.24224971877973123, -0.7115391844121786, 0.028317832563343026, -0.019810492758223053, 0.03183627546168449, 0.8685611356840761, 0.40946194390557383, 0.15448596906796477, 0.5373419257047978, 0.10250529647776661]], "inverted": false, "swapped": false, "error_lsq": 0.04867653044388216, "error_max": 0.3007901687958823, "target": "288.xyz", "model": "26.xyz", "model_rescale": 3.795458400668931, "target_rescale": 3.9534705048416483},
{"mapping": [10, 7, 3, 9, 0, 11, 8, 6, 5, 1, 12], "R": [[-0.8595520820693023, -0.3555923087596272, 0.3670481278542713], [-0.21325573860422936, 0.9022797904109074, 0.37471745324766215], [-0.4644267522039317, 0.24381404751787217, -0.8513885729032665]], "T": [0.15136773047179453, -0.01053010546027447, 0.09822279571779591], "aligned_model": [[-0.21724561365441225, -0.40616441565608574, 0.29043585561593355, 0.5783734905589973, 0.11763380253456401, 0.2416784697270143, -0.18037147532757702, -0.4440073865319376, -0.5963032727076546, 0.23258040248284645, 0.020228005225979007], [-0.37373483364001814, 0.2474645978014902, 0.32084583428239044, 0.0048951591584136395, 0.7961076178221993, -0.7196040921070135, -0.30219720910966585, 0.32173914359140277, -0.09371291793171999, 0.28731937682900355, 0.05505937736595483], [-0.39156588980812057, -0.433571090813753, -0.5467009222337281, 0.05576773501589724, -0.10044979317283917, 0.12337520254915926, 0.6775595804040005, 0.56331695377968, 0.12870489856866618, 0.6032409719808524, 0.020898833713550002]], "inverted": true, "swapped": false, "error_lsq": 0.051119139464725995, "error_max": 0.22772828260279532, "target": "288.xyz", "model": "27.xyz", "model_rescale": 3.6321398670334006, "target_rescale": 3.9534705048416483},
{"mapping": [8, 0, 10, 9, 11, 12, 4, 1, 3, 13, 14], "R": [[-0.5248254684335426, -0.33599050113009354, 0.7820924567043602], [0.7208126748314363, 0.3132818926319738, 0.6182908244113597], [-0.45275524898764336, 0.8882369272324121, 0.07776789578521492]], "T": [-0.07562775437542849, 0.017878675368789565, 0.06064795295669117], "aligned_model": [[-0.08783445839898937, -0.38428193703499536, 0.21328186187820283, 0.5845949455228487, 0.16514106056394404, 0.32527659141718357, -0.288530246809627, -0.4624344362389471, -0.7392156251815132, 0.3846714335215413, -0.0738313269719807], [-0.336238120860846, 0.3585296280837695, 0.23102403620493658, 0.09479948896628271, 0.6051648450950757, -0.7049598855444197, -0.3097833664027868, 0.2286146002921287, -0.13056256801025057, 0.4527964596453759, 0.05479693659317106], [-0.3154928541880576, -0.3613724472148855, -0.629114268237551, -0.008354483194204239, -0.03759241053831728, 0.04362293485191217, 0.7912486424283197, 0.5638756916185659, -0.03514565301669708, 0.5758649077004039, 0.11303641977387557]], "inverted": true, "swapped": false, "error_lsq": 0.045540076413567505, "error_max": 0.24812670688698082, "target": "288.xyz", "model": "28.xyz", "model_rescale": 4.156811204709835, "target_rescale": 3.9534705048416483},
{"mapping": [9, 9, 3, 5, 8, 7, 4, 1, 0, 10], "R": [[-0.31526038990301375, 0.944176440405279, 0.09561242566641853], [-0.31107822830183196, -0.19799828164566383, 0.9295305354543], [0.8965719281991786, 0.2633012150541296, 0.35613374975734313]], "T": [-0.01998322870366097, 0.08397768714675628, 0.05899196516909877], "aligned_model": [[-0.4040498663800241, -0.4040498663800241, 0.12267161606273551, 0.7196761728205294, 0.055940799770422864, -0.6327039597902765, -0.5837849422620939, -0.44590585470889305, 0.32740189543303944, -0.11227062045482762], [-0.2747107571514129, -0.2747107571514129, 0.19685208481312685, -0.032359993036234616, -0.27980768453263205, -0.510954809391998, 0.3971830226821833, 0.2524039445205628, 0.449430240120169, -0.004604960246147358], [-0.4803602510457067, -0.4803602510457067, -0.5684557897923795, -0.02280516796483671, 0.6762412294490018, 0.12128576841811539, -0.34178075365870736, 0.4054169662254361, 0.39287527119452226, 0.056729705195361066]], "inverted": true, "swapped": true, "error_lsq": 0.06833414462254896, "error_max": 0.4109507168268082, "target": "288.xyz", "model": "29.xyz", "model_rescale": 4.117894457231895, "target_rescale": 3.9534705048416483},
{"mapping": [2, 0, 5, 6, 8, 11, 12, 4, 3, 7, 14], "R": [[-0.2900624515757089, -0.11939209642481152, 0.9495310955925447], [0.2592846493815615, -0.9648822221472007, -0.04211612493287065], [0.9212140059622251, 0.23398253074870556, 0.3108326406982716]], "T": [0.053276671068376455, 0.03094687960880083, 0.15157607639171458], "aligned_model": [[-0.30203771891039294, -0.49081517574482175, 0.2914162219886157, 0.6529755981478412, 0.24787182514590744, 0.1325231089561913, -0.29972484368436975, -0.47725883125954877, -0.45864203275449594, 0.25070293172947233, 0.08982677865326893], [-0.32160280867041313, 0.24705884898303368, 0.20138330988826145, 0.20373089160012292, 0.6586846904922098, -0.6891694006268214, -0.4373766160021679, 0.3508108985251194, -0.13564537495759274, 0.42734517111729614, 0.0389624437133889], [-0.5231247866662806, -0.3499636828968541, -0.6295722763883808, 0.0022565354752990263, -0.11274882492103169, 0.1771919958670005, 0.645378624888968, 0.6160620097945111, 0.05186417912457622, 0.6320913487240554, 0.19114135698150153]], "inverted": false, "swapped": false, "error_lsq": 0.05001222232855737, "error_max": 0.25780049598664395, "target": "288.xyz", "model": "30.xyz", "model_rescale": 4.100398675895297, "target_rescale": 3.9534705048416483},
