[{"mapping": [2, 14, 0, 3, 4, 12, 1, 9, 5, 6, 8, 10, 13, 15], "R": [[0.38042438083653574, -0.6739639527553452, -0.6332849918097928], [-0.3843915300593903, 0.5075871778806788, -0.7711020739627983], [0.8411423435327335, 0.5367754160144809, -0.06596749713867996]], "T": [-0.001995014911641113, 0.17119981451919694, 0.0997850424206384], "aligned_model": [[0.091489748021646, 0.26537181267537335, -0.4465221062570085, -0.3956108256489007, -0.5613823777819535, 0.1710608828483343, -0.7328506525108184, -0.05948388096221832, -0.5441376229420104, 0.1739887949255967, 0.7346416547817266, 0.20491172539956054, 0.4980308550893524, -0.028015906510375742], [-0.6012203317598922, -0.33917231080827104, -0.3136958231769501, -0.34508867692858636, 0.20890346656888106, 0.18938818198969215, 0.10254736031433262, 0.47004217512528623, 0.6910827651380967, 0.005036879096012942, 0.3912465167100885, 0.8736826407807603, -0.2728849750910415, 0.17540546385162623], [0.1497639517744484, -0.4098121508985984, 0.350950373609015, -0.27871182812225265, 0.6896935556938673, -0.6438701652084136, 0.04540480871129694, 0.5375338003909196, 0.04463963794175671, 0.7844952004211161, 0.26123681997383136, 0.09423239314941143, 0.24533857159732084, 0.026693118146114705]], "inverted": true, "swapped": true, "error_lsq": 0.05133750059176733, "error_max": 0.2841425710050238, "target": "289.xyz", "model": "0.xyz", "model_rescale": 3.8414455957264533, "target_rescale": 4.247487302479698},
{"mapping": [10, 11, 13, 12, 7, 14, 2, 8, 0, 6, 3, 5, 1, 9, 15], "R": [[-0.43638154289294856, 0.13191460714200454, -0.8900391482653673], [0.10660680147427894, -0.9746460875334125, -0.19672314031459442], [-0.8934238293787522, -0.18073057427669104, 0.4112545691172611]], "T": [-0.003555027801446153, 0.07519187200652308, -0.006613700539450103], "aligned_model": [[-0.7157469402962886, -0.6596185531374997, 0.2856518077313781, -0.25038019147317403, -0.5181254751517367, 0.262910147914789, 0.690862128183639, -0.3952933529933012, 0.6399399815178078, 0.2577947319649645, 0.5035672037435324, -0.32809470333576846, 0.27239623669924135, -0.15706186593445692, -0.016757001928581795], [0.17253216024148293, 0.17440198794739156, -0.445158496362859, -0.3727979346237469, -0.3406469695428579, -0.5548662162965655, -0.2772485598110701, -0.377941914765501, 0.36001732677595755, 0.15465607829632683, 0.04132878776590565, 0.6972876818457624, 0.6267348422375192, 0.4212857776673564, 0.06745997666791234], [0.13349661441217608, -0.46539749809160363, 0.331051668292099, -0.5737862492654612, -0.10706135416195864, -0.35829131105572726, 0.03134325076744068, 0.5016496825786285, -0.03112433668563922, 0.6662831458575952, -0.5601725751617385, -0.28030825256024144, -0.4084489701542212, 0.36873994660915677, -0.08279197404097008]], "inverted": false, "swapped": true, "error_lsq": 0.04227654272395695, "error_max": 0.3297998313077043, "target": "289.xyz", "model": "1.xyz", "model_rescale": 4.316132596720782, "target_rescale": 4.247487302479698},
{"mapping": [6, 9, 8, 3, 13, 0, 12, 1, 10, 4, 5, 15], "R": [[-0.21208560216971614, 0.6653420327438121, -0.7157790698369442], [-0.9308782848862919, 0.08540488886008421, 0.3552064522020294], [0.2974648148596146, 0.7416373671971558, 0.6012393030211901]], "T": [-0.06748511356853817, 0.009632739607226428, -0.15404668102294405], "aligned_model": [[-0.08748100069775173, 0.326018297618653, 0.1268602142078221, -0.6245826204707973, -0.5037878289148542, -0.44795452807317326, -0.2309784663420325, -0.09104312687744484, 0.5978137043696229, 0.14483505408679614, 0.4660530419777691, -0.0779441862528285], [-0.6443363329160017, -0.24868094197861434, -0.5541292157308244, 0.48239454931624204, -0.4759274853380558, 0.039887141706470945, 0.46739076981426053, 0.5075449481170837, -0.02846195311659789, -0.07812128629831086, 0.46288942521767795, 0.08232680894764975], [0.16112476372315354, 0.09628271918114362, -0.6654400345601454, 0.021696691422460057, -0.359702241175657, 0.4376794665891165, -0.7431389808151067, 0.38757014379226373, -0.45777292211668485, 0.6266883691018077, 0.12368217766299883, -0.1794116915959288]], "inverted": true, "swapped": true, "error_lsq": 0.04798541327979153, "error_max": 0.261159423876025, "target": "289.xyz", "model": "2.xyz", "model_rescale": 3.795458400668931, "target_rescale": 4.247487302479698},
{"mapping": [8, 13, 12, 1, 10, 5, 3, 6, 0, 4, 11, 15], "R": [[0.6815152767719534, 0.7277341374437454, 0.07707108877819183], [-0.6023852626699224, 0.6176714214791545, -0.5055828422781071], [-0.41553450259218716, 0.29813594262840704, 0.8593288293014117]], "T": [0.0237825265439855, -0.05381898479866209, -0.0051838850088936975], "aligned_model": [[-0.017123201752620068, 0.00201511690628086, -0.736816264487866, 0.17299481335363037, -0.005764942546441283, 0.1476636234090106, -0.25367971011886503, 0.6230292242291224, 0.36580068795575316, 0.7478282047809532, -0.4138338642712795, -0.038809861714113554], [-0.11059031278609815, -0.6522895477206199, 0.012337616416187781, 0.12743338288510692, 0.5364394642170685, 0.6163980832676177, -0.35481355089342936, -0.3634966200927874, -0.3981825057109295, 0.07974202349789392, 0.6238505126505467, -0.031059500440847855], [-0.787631677815657, -0.3365178043150024, 0.015187945815717425, 0.6924575737442381, -0.4376711827743479, 0.31528524132542524, 0.6250256613183667, -0.27427788422555155, 0.5049626436641074, 0.34158282913520405, -0.004465557434054558, 0.0348336422006549]], "inverted": true, "swapped": true, "error_lsq": 0.045547743453883384, "error_max": 0.26813833317693364, "target": "289.xyz", "model": "3.xyz", "model_rescale": 3.7530521520055578, "target_rescale": 4.247487302479698},
{"mapping": [11, 1, 3, 2, 12, 6, 7, 9, 8, 13, 15], "R": [[-0.07207704224473176, 0.8068626264013536, -0.5863255086536494], [-0.966642042295581, -0.20136981957773661, -0.15828252534584544], [-0.24578051600539763, 0.5553583508690036, 0.7944614780290995]], "T": [-0.1411839089926087, -0.020778385194079554, -0.05590731136715095], "aligned_model": [[-0.49337088263628515, -0.20386908351497046, 0.39492579673255723, 0.5439268105032807, 0.18299239646781673, -0.23974484960775602, -0.16601898548632532, -0.5984421339847291, -0.2560124919113473, 0.29388690579255433, -0.12007387990959079], [-0.7432304557512929, -0.1397454303472855, -0.21527896754704767, 0.33939009807586323, -0.682363018912035, 0.6910380898565632, -0.43223553176339696, 0.2533483349274489, 0.13720705301541342, 0.3514939225541248, -0.09242073579400951], [0.01317170585986481, -0.7796045846518787, -0.5452977493266318, -0.1495670164144799, 0.14538283668006252, 0.04902823901427476, 0.4712365533019384, -0.05817850255098499, 0.7049972875253364, 0.3189922963883229, -0.07733028858050818]], "inverted": false, "swapped": true, "error_lsq": 0.04747127376021653, "error_max": 0.23305593816434525, "target": "289.xyz", "model": "4.xyz", "model_rescale": 3.7855080009869324, "target_rescale": 4.247487302479698},
{"mapping": [14, 9, 12, 2, 15, 10, 13, 4, 6, 8, 7, 5, 0, 11, 1, 16], "R": [[-0.1642772335336956, -0.01853074142272837, -0.9862401341280124], [-0.7022497899718607, -0.6999377424892232, 0.13012451392250335], [-0.6927179967540859, 0.7139634222153219, 0.10197062670981599]], "T": [0.024834142017160596, -0.010420760931356441, -0.03605387914667902], "aligned_model": [[-0.16043819727920994, 0.33254824143472395, -0.3951608486587014, 0.36931978668831617, -0.27959038498836947, 0.3364710893237829, -0.6962217981052424, 0.24749828867481494, -0.29655530803438657, -0.3308952251632732, 0.24501899306103297, 0.7672526022482702, 0.6165795765739842, -0.5570854666180124, 0.11361419077894162, 0.02528408035429966], [-0.13288240826876588, -0.4412610218744977, 0.36473928960275565, 0.18617062930650627, -0.7343511406127833, -0.6412674758644759, -0.07995692444741058, 0.4704465278629619, 0.1714226733220948, -0.5331216922219653, -0.14692669984034365, -0.03885047632551296, 0.49728320728732955, 0.5186277292744972, 0.7349646642398898, -0.023690848322038546], [-0.6750958994833138, -0.5120819474568644, -0.4180544122622469, -0.6593252112954747, -0.28619108033358875, 0.1533639378763926, -0.02553285005896419, 0.47988033393302, 0.5022015015801999, 0.27305811951555115, 0.6669782907355194, 0.2850533082689551, -0.012646515846449845, 0.08190158870934672, -0.13414878152955567, -0.08811590496129357]], "inverted": false, "swapped": false, "error_lsq": 0.029627708977026983, "error_max": 0.19541009932826683, "target": "289.xyz", "model": "5.xyz", "model_rescale": 4.2253639853439635, "target_rescale": 4.247487302479698},
{"mapping": [5, 0, 14, 12, 3, 13, 7, 11, 6, 9, 2, 8, 10, 15], "R": [[-0.5549511013529649, 0.6401250249822866, -0.5312901537752783], [0.8254491353807846, 0.5030032169395247, -0.25616691559919524], [0.10326180322968953, -0.5807131100120928, -0.8075328376319049]], "T": [0.057904725255500264, 0.017761012234017125, -0.04368527445423574], "aligned_model": [[0.7215100910748142, -0.2878131931221129, -0.4628044657083521, 0.08772379479060123, -0.2776544889450332, -0.5289279230507037, 0.24494927100968683, 0.7139612843996169, -0.21382048420020916, 0.32019470216851914, -0.7073042704047479, 0.026790266854639797, 0.6609593218504543, 0.07629824604061008], [-0.04028142835579717, 0.13747237484947275, -0.5147539747980031, -0.6857114030279302, -0.4776321892205284, 0.16900810498091923, -0.25623538817898334, -0.4189205865690911, 0.6912397918328584, 0.47990743130127184, -0.025072747182126105, 0.3071057356516103, 0.1359326337378956, -0.05695920838657812], [-0.3951065301681101, -0.6453167634581722, 0.14852230415837442, 0.2521856642202894, -0.4983639341604913, 0.2743945279645046, 0.5374642149286644, 0.1284877250215541, -0.04327676665218178, -0.08681712661950351, -0.18683078319835883, 0.685994334871615, 0.3546662960076012, -0.05444495398433684]], "inverted": true, "swapped": true, "error_lsq": 0.03760233545835331, "error_max": 0.21955075113889105, "target": "289.xyz", "model": "6.xyz", "model_rescale": 3.89814844738969, "target_rescale": 4.247487302479698},
{"mapping": [13, 14, 3, 8, 0, 12, 7, 6, 10, 11, 1, 5, 15], "R": [[-0.48767764353481713, -0.27384881622468016, -0.8289616045684318], [0.8636035190585363, -0.012210591782504832, -0.5040236733706398], [0.1279041745450093, -0.9616952361848645, 0.24245163400830583]], "T": [0.013081549593524158, 0.0032445520845541392, 0.018424488611473933], "aligned_model": [[0.12959101809543422, -0.032134182925136576, 0.38417514371728356, -0.4431099401683726, 0.7056811696612696, -0.46380832378219167, -0.6291680809351403, 0.3792085031199127, -0.5812067671954507, -0.615580039233143, 0.4159395735586409, -0.08805095096828146, -0.01290532204060258], [-0.41194440704953755, 0.23741624521675547, 0.5725577427807885, -0.6126583517847473, 0.13016430912194893, 0.44886202920106055, -0.019206097313014633, -0.6194637838884011, -0.16376649605511912, 0.42545300584090046, 0.5270743994145725, 0.37414578202795207, 0.07514688795732648], [-0.5130514495567178, -0.7128573872151213, -0.30238562527853985, -0.15383621042139226, 0.015378254333576192, -0.3781903636754453, -0.16813863468221973, 0.09321623356769666, 0.41244486704384004, 0.296397864294024, 0.342659026978787, 0.6660682181247879, 0.004570237323020216]], "inverted": false, "swapped": true, "error_lsq": 0.05236344098277579, "error_max": 0.3710292006981801, "target": "289.xyz", "model": "7.xyz", "model_rescale": 3.7474275329858107, "target_rescale": 4.247487302479698},
{"mapping": [6, 8, 10, 9, 11, 4, 6, 0, 5, 1, 2, 3, 14, 12, 15], "R": [[-0.8782963484725379, -0.11258995550017112, -0.46467087941926816], [0.03212182285232071, -0.9835772557943088, 0.17760622280984817], [-0.4770363851494461, 0.1410648212865518, 0.8674889068103078]], "T": [0.027663377833127542, -0.022837872612850627, -0.03733439583151786], "aligned_model": [[-0.5983736416133478, 0.07067548725694887, 0.4881091232666924, -0.11995021887529729, 0.8117017902178493, -0.42178170013673577, -0.5983736416133478, -0.49112149114111125, 0.382599954714301, -0.0007248216506316046, -0.5007784752132682, -0.025410404144033574, 0.1029386550040409, 0.6170555662074577, 0.08558754005922975], [-0.1670788201763243, 0.1661425582694387, -0.35917322038781374, -0.47341305437159065, -0.2109472287229885, -0.6644453337183416, -0.1670788201763243, -0.0872288257592011, -0.6367690478774596, -0.3616435755393458, 0.505092284151715, 0.2845767023016052, 0.7198445680513293, 0.4439745174480228, -0.0027347415131287085], [-0.3759796707592547, -0.798620916100704, -0.4968902701730322, -0.2811128464107394, -0.011972863408948917, 0.18327119995323804, -0.3759796707592547, 0.4343945548000701, 0.21633161263515577, 0.615524806517417, 0.1860691229100896, 0.6463516042235845, 0.1481661465396673, 0.09684931802204334, 0.010392527706929014]], "inverted": true, "swapped": true, "error_lsq": 0.04219918953916096, "error_max": 0.3332589367002691, "target": "289.xyz", "model": "8.xyz", "model_rescale": 4.019505241142653, "target_rescale": 4.247487302479698},
{"mapping": [13, 7, 9, 6, 2, 0, 5, 14, 3, 12, 11, 1, 15], "R": [[0.2712790732995171, 0.6031479880648275, 0.7500801083105096], [-0.6153575424898102, 0.7079143793671314, -0.3466876496014111], [-0.74009645269428, -0.3675183478121873, 0.5631940205033639]], "T": [-0.0036733046449951984, -0.026217341612365455, -0.1119957430031728], "aligned_model": [[-0.15251067968555848, -0.665271839635479, 0.14850280720245174, 0.2659574632819837, 0.23950675761342272, 0.6510789132508518, 0.1948312274207677, -0.2756568380913067, 0.3068948077019887, -0.5188690356837301, -0.4167190375443551, 0.5636862694968098, -0.021730043586670425], [-0.6720911598075331, 0.061009367592297345, 0.2097791901242611, -0.33473705980725527, -0.7446657257428896, -0.2550441695937727, 0.6954185307170504, -0.5397491884183956, -0.23492435504239556, -0.010272165622799378, 0.6099724301091589, 0.2800895759370857, -0.001407042330753755], [-0.28263409640075393, -0.06226347736558782, -0.5651886040548466, -0.7115983241970593, 0.06846353583537848, 0.009453645402572208, -0.027879609366162628, 0.3919526929445063, 0.5397219290089406, 0.451583300589371, 0.16259552810407144, 0.24310919668102385, -0.04061222313757487]], "inverted": true, "swapped": true, "error_lsq": 0.05954789545936755, "error_max": 0.3179860931410976, "target": "289.xyz", "model": "9.xyz", "model_rescale": 3.877068213659057, "target_rescale": 4.247487302479698},
{"mapping": [11, 9, 0, 8, 10, 14, 12, 4, 3, 6, 13, 2, 7, 5, 1, 15], "R": [[-0.9592885352122312, -0.022503809826936186, 0.28152990028351405], [-0.19253302909483208, -0.6771922768695496, -0.7101701576775837], [0.2066314083529917, -0.7354618947923194, 0.6452900606630718]], "T": [0.022006463164992798, -0.028780450928628565, 0.030434984948580317], "aligned_model": [[-0.25972685849317634, 0.46690129689150367, -0.3987024269772248, 0.37706783928582965, -0.1275389423428905, 0.36035571767140284, -0.7109364645636406, 0.2797915834416124, -0.2888254534544421, -0.38307177190183306, 0.2601013524887997, 0.6696627785983472, 0.5841454924445877, -0.455310186642528, -0.006810435671484209, -0.029463900483893257], [-0.22023527377720847, -0.37091634360992165, 0.3417269574210335, 0.1698221542612776, -0.672157652136319, -0.7279569984955074, -0.024371952178559548, 0.43180665201529933, 0.18113850715089883, -0.39468210027192907, -0.4185272181900181, -0.0880748494579237, 0.5544578031102246, 0.5848532296714993, 0.8140322332873436, 0.010430884318051854], [-0.6242608700399614, -0.31692206732226114, -0.5348033061704048, -0.6251650152093344, -0.22823996188145185, 0.10913367582715922, -0.11437677405213126, 0.45410588566121995, 0.5423714003145117, 0.31737083423870605, 0.654171128723215, 0.16227135827493294, -0.07016034398429535, 0.11178585520941214, -0.17387599338971393, -0.03216132880836942]], "inverted": false, "swapped": false, "error_lsq": 0.04189525041257971, "error_max": 0.270255302762812, "target": "289.xyz", "model": "10.xyz", "model_rescale": 4.260839863003843, "target_rescale": 4.247487302479698},
{"mapping": [8, 13, 0, 6, 4, 9, 10, 7, 3, 1, 5, 15], "R": [[0.5749917166336573, 0.7197605036615823, 0.38901072372301687], [0.44707568596107483, -0.6746163599751253, 0.5873807094860597], [0.6852064337300945, -0.1638218063102032, -0.709686239793437]], "T": [0.1131740769986686, -0.035772875191164975, -0.021248372091478514], "aligned_model": [[0.3887823935324844, 0.17752345423112625, -0.4022790390321405, -0.40058727997968085, -0.6658408421133521, -0.23939442016608264, 0.33328465067759977, 0.7182397648125498, 0.15058472232427694, -0.2263106240114977, -0.03730598674538438, 0.16220185556423145], [-0.005132723907448476, -0.5880740552991524, -0.38617525144524906, -0.2239814607842305, 0.15672502002340033, 0.2786625313525964, 0.5912381794725075, 0.13784572698135092, -0.4450300489634775, 0.08121220999391685, 0.6027298083407827, -0.026941430232063128], [-0.7562463637511941, -0.4203042140363461, 0.3063770205100616, -0.49877870546009334, 0.1144282924016154, -0.2683546877444243, -0.32903372745597775, -0.24828694360665782, 0.607922592914664, 0.6213128778461524, 0.34876241012900056, 0.038379525648703956]], "inverted": false, "swapped": true, "error_lsq": 0.04939071203574356, "error_max": 0.2521744736924795, "target": "289.xyz", "model": "11.xyz", "model_rescale": 3.890672605050136, "target_rescale": 4.247487302479698},
{"mapping": [0, 2, 13, 4, 6, 11, 3, 5, 1, 12, 8, 14, 10, 15], "R": [[0.8622097167092888, 0.505727895357408, -0.028873868280069673], [0.44562742954320933, -0.7843792640688712, -0.43146884492103066], [-0.24085389440654725, 0.3591496428456292, -0.9016656451218805]], "T": [0.11580369909529337, 0.024760440634012015, 0.1680220649580751], "aligned_model": [[0.3896352144236324, 0.2067438904010963, 0.2871759593345843, 0.6998653073220302, 0.8092366811325398, -0.43198586342062734, -0.23722630754859597, 0.03050784710296503, 0.06111854142346336, -0.6268276991905657, 0.2695006651869267, -0.3648530930073971, 0.07453359099067346, 0.042451100642968406], [-0.2967248052027361, 0.2975411880716731, 0.6130388582739581, -0.5380245490939832, 0.2229048701063987, -0.2067667791386311, -0.228669276364668, -0.6239779522215653, -0.6679860966401019, 0.20175340109793333, 0.685384156628192, 0.4143429482623546, 0.059552372670773915, -0.0002158166218327283], [-0.395427733968115, -0.5566783697674149, -0.13690916113844281, 0.10114206584342494, 0.08259427443114928, 0.7130599636226662, -0.4450768559556096, 0.5409845572939522, -0.0747372827965796, 0.18980110352197468, 0.5643481418661898, -0.28897743635415646, 0.8983710582036004, 0.1622961105542218]], "inverted": true, "swapped": true, "error_lsq": 0.04870128756862493, "error_max": 0.29596141686074817, "target": "289.xyz", "model": "12.xyz", "model_rescale": 4.124412569039231, "target_rescale": 4.247487302479698},
{"mapping": [13, 0, 4, 14, 6, 8, 3, 7, 1, 12, 9, 5, 15], "R": [[0.269054402736158, 0.8012878544363343, -0.5343664498273684], [-0.32949313967072313, 0.5979267611236033, 0.7306968312796812], [0.9050104967779207, -0.020527120232840257, 0.42489367853232174]], "T": [0.14110567690748407, 0.06145936091386057, -0.04595822830489233], "aligned_model": [[-0.1255371629489392, 0.012091148436467969, 0.631637201321863, -0.6030097271032233, 0.47836655050533805, 0.3370569936556471, -0.4509420840884135, 0.04993036071388304, 0.12693941444295967, -0.37743195990968714, 0.6633707097677245, 0.5286852547953437, 0.09614160792079351], [-0.3755496492976559, 0.565541061676924, 0.6082287659700789, -0.1332505440680721, -0.09381811254738262, -0.6986373517235572, 0.5220396343961466, -0.42643587754706175, 0.7951765500252745, -0.10920257722391186, 0.07667645335314235, 0.5297081193395943, 0.08700890415495818], [0.4082969002698549, 0.42845617744909764, 0.30439856469232107, -0.0400977965824602, 0.5781831277017602, -0.0147031541638818, -0.00021596936124846505, -0.4947785894181481, -0.10321847374066914, -0.5800887838525823, 0.06007656252392656, -0.49066383481143394, -0.10394664973869741]], "inverted": true, "swapped": true, "error_lsq": 0.04660808817126654, "error_max": 0.3418299999004805, "target": "289.xyz", "model": "13.xyz", "model_rescale": 3.9028299243045295, "target_rescale": 4.247487302479698},
{"mapping": [12, 14, 1, 11, 13, 10, 8, 3, 0, 5, 4, 7, 6, 2, 1, 15], "R": [[-0.7420755544546612, 0.17502223242464615, 0.6470634355593743], [-0.629909184705482, 0.14800568337269027, -0.7624360541796658], [-0.22921232624900956, -0.973376358787533, 0.0004167121807120977]], "T": [0.008919371796525348, 0.02664480728417113, 0.011805853645231526], "aligned_model": [[-0.3972221318219248, 0.452076081897487, 0.01270120477993935, 0.20366530528500035, -0.13925368389932818, 0.44159653029866525, -0.7518365387772747, 0.17650337901155747, -0.4037137889350646, -0.27072830386455804, 0.0908635967169262, 0.8544282477068234, 0.39869983411442755, -0.464834350420351, 0.01270120477993935, 0.12199303341870635], [-0.16137826260083526, -0.4671392427087316, 0.5124501159354857, 0.09912600079118625, -0.6830574720711806, -0.5681049404935861, -0.054692597820598925, 0.36269094652144435, 0.1753366809805816, -0.3901053148940564, -0.2742932877049416, -0.07813834285976051, 0.5666451656832767, 0.58663443885628, 0.5124501159354857, 0.03292202956819237], [-0.5210512502676736, -0.5737196326045573, -0.4196772347467618, -0.6971914568683043, -0.3153313836708616, 0.13187173588403706, 0.11736072380987439, 0.5094784750216002, 0.7152552197022616, 0.1128916924998334, 0.6135405799733928, 0.3196421543636314, -0.01784319985259478, 0.07598367515058554, -0.4196772347467618, -0.00028838625646848345]], "inverted": false, "swapped": false, "error_lsq": 0.04590109967009976, "error_max": 0.4121826253316306, "target": "289.xyz", "model": "14.xyz", "model_rescale": 3.942246331269136, "target_rescale": 4.247487302479698},
{"mapping": [13, 7, 14, 11, 5, 12, 0, 2, 6, 3, 1, 4, 10, 9, 15], "R": [[-0.8013273661972986, 0.4100335122370695, 0.43559955351886415], [0.41760906175923473, -0.1379574738604739, 0.898092649420208], [0.42834229737427576, 0.9015765382088032, -0.06068461115932006]], "T": [-0.1370823671075564, -0.03446915911318208, -0.023779570768646556], "aligned_model": [[-0.7159348066597305, -0.28369082258754574, -0.21226155640299127, 0.3067314770403299, 0.44789232079940366, 0.07681851121616365, 0.035263012059248755, -0.3805629436907484, -0.6483508721475931, 0.2898895723557259, 0.503170584178115, 0.06440646292879332, -0.18510269189656278, -0.2452304516365028, -0.07874375902389621], [0.24872059731969334, -0.5458376578792841, 0.24083436565291835, -0.6808972334530861, -0.35457281064164364, -0.2681957010098566, 0.608742624888558, 0.6597987137832609, 0.21238898033166234, 0.4843381702671114, 0.2486579441621464, 0.2365816664215444, -0.749690730311533, -0.19668706411379283, -0.04603717553604798], [-0.2543363229256653, -0.4297384822327893, -0.7380694873937568, -0.21326462486428222, 0.3263292297600228, -0.7187044200580676, 0.20510426262471865, -0.2818096158201172, 0.42907139549539214, -0.3603520173039967, 0.2036748951317681, 0.716667282487307, 0.12613875630409918, 0.4724311147540028, -0.07377948559811975]], "inverted": true, "swapped": true, "error_lsq": 0.03931019851565467, "error_max": 0.33942454939425615, "target": "289.xyz", "model": "15.xyz", "model_rescale": 4.355366556412066, "target_rescale": 4.247487302479698},
{"mapping": [6, 9, 8, 3, 13, 0, 12, 1, 10, 4, 5, 15], "R": [[-0.21208560216971614, 0.6653420327438121, -0.7157790698369442], [-0.9308782848862919, 0.08540488886008421, 0.3552064522020294], [0.2974648148596146, 0.7416373671971558, 0.6012393030211901]], "T": [-0.06748511356853817, 0.009632739607226428, -0.15404668102294405], "aligned_model": [[-0.08748100069775173, 0.326018297618653, 0.1268602142078221, -0.6245826204707973, -0.5037878289148542, -0.44795452807317326, -0.2309784663420325, -0.09104312687744484, 0.5978137043696229, 0.14483505408679614, 0.4660530419777691, -0.0779441862528285], [-0.6443363329160017, -0.24868094197861434, -0.5541292157308244, 0.48239454931624204, -0.4759274853380558, 0.039887141706470945, 0.46739076981426053, 0.5075449481170837, -0.02846195311659789, -0.07812128629831086, 0.46288942521767795, 0.08232680894764975], [0.16112476372315354, 0.09628271918114362, -0.6654400345601454, 0.021696691422460057, -0.359702241175657, 0.4376794665891165, -0.7431389808151067, 0.38757014379226373, -0.45777292211668485, 0.6266883691018077, 0.12368217766299883, -0.1794116915959288]], "inverted": true, "swapped": true, "error_lsq": 0.04798541327979153, "error_max": 0.261159423876025, "target": "289.xyz", "model": "16.xyz", "model_rescale": 3.795458400668931, "target_rescale": 4.247487302479698},
{"mapping": [13, 14, 3, 8, 0, 12, 7, 6, 10, 11, 1, 5, 15], "R": [[-0.48767764353481713, -0.27384881622468016, -0.8289616045684318], [0.8636035190585363, -0.012210591782504832, -0.5040236733706398], [0.1279041745450093, -0.9616952361848645, 0.24245163400830583]], "T": [0.013081549593524158, 0.0032445520845541392, 0.018424488611473933], "aligned_model": [[0.12959101809543422, -0.032134182925136576, 0.38417514371728356, -0.4431099401683726, 0.7056811696612696, -0.46380832378219167, -0.6291680809351403, 0.3792085031199127, -0.5812067671954507, -0.615580039233143, 0.4159395735586409, -0.08805095096828146, -0.01290532204060258], [-0.41194440704953755, 0.23741624521675547, 0.5725577427807885, -0.6126583517847473, 0.13016430912194893, 0.44886202920106055, -0.019206097313014633, -0.6194637838884011, -0.16376649605511912, 0.42545300584090046, 0.5270743994145725, 0.37414578202795207, 0.07514688795732648], [-0.5130514495567178, -0.7128573872151213, -0.30238562527853985, -0.15383621042139226, 0.015378254333576192, -0.3781903636754453, -0.16813863468221973, 0.09321623356769666, 0.41244486704384004, 0.296397864294024, 0.342659026978787, 0.6660682181247879, 0.004570237323020216]], "inverted": false, "swapped": true, "error_lsq": 0.05236344098277579, "error_max": 0.3710292006981801, "target": "289.xyz", "model": "17.xyz", "model_rescale": 3.7474275329858107, "target_rescale": 4.247487302479698},
{"mapping": [11, 14, 7, 3, 5, 4, 10, 13, 1, 9, 0, 2, 6, 15], "R": [[0.34388741389040695, 0.16504098745278575, 0.9243932707610856], [-0.6671167326444315, 0.7357368299408191, 0.11681858625429797], [-0.6608303198201384, -0.6568506599899584, 0.36311224005418735]], "T": [0.10656283267605342, 0.0015753294705556364, 0.02659359306139532], "aligned_model": [[0.6803716978224368, 0.03081405514099035, 0.7188771045080741, -0.38922362198251576, 0.21302874948617, -0.36816842932535904, 0.760134164595538, 0.0053180480426403415, -0.3419927127226197, 0.16280985840048817, -0.5936531210428505, -0.44435781090333853, -0.13731213308146756, 0.11820179894469002], [-0.49983449720695605, 0.4086579685514178, 0.1413187085769063, -0.1097504225623757, -0.7351746171322728, -0.37690643255477096, -0.2081805359156537, 0.67844438845492, -0.5727760128145375, -0.13095715278020056, -0.059116937428841915, 0.5042209657287791, 0.35530144624058435, -0.0348386276457647], [-0.23812539240884642, -0.6216346645029976, -0.20435540358599813, -0.5270754978096132, 0.14105944019421737, 0.5685434300775788, 0.28187842089423704, 0.022036020970634555, -0.07703454310125328, 0.5399230336378469, 0.0693277115597443, -0.20079150646654967, 0.6120944541144615, -0.04105078491180725]], "inverted": false, "swapped": true, "error_lsq": 0.03917751927701495, "error_max": 0.2909459739496441, "target": "289.xyz", "model": "18.xyz", "model_rescale": 3.922800546911778, "target_rescale": 4.247487302479698},
{"mapping": [8, 10, 9, 13, 1, 7, 5, 2, 12, 6, 4, 0, 14, 3, 15], "R": [[-0.6557917860780662, -0.5776868614306252, -0.48601957104932914], [-0.7272789256558867, 0.6561047843421082, 0.20147425706579816], [0.20249073462595613, 0.48559695437042216, -0.8504076083248616]], "T": [0.043272751815118034, 0.028060662602490613, -0.0498422633862095], "aligned_model": [[-0.22594863788017383, -0.28832159889198, 0.33248058362026434, 0.08835122278502744, 0.3482282745296048, -0.5814458655876896, 0.0667659389193836, 0.3005875782528251, -0.6572305267231439, 0.5879932658564945, 0.770515730700942, 0.6124155885113173, -0.32892368095935953, 0.0777051203168952, -0.007122156562789694], [0.5950316589255937, -0.11951524768250911, -0.03779983221984318, 0.6940759033928872, -0.5740243928911155, 0.1654473053442958, -0.6835936725582669, 0.4740044089962283, -0.03668140885486161, 0.4398249803955817, -0.30171616309083266, -0.05797006882365964, 0.34868785847144956, -0.17232848721763588, -0.015831337152732494], [-0.5222663773093159, -0.6859160716626249, -0.49285120975326496, 0.10120286688660973, 0.24395366479239722, -0.24642806656674643, -0.2952685921040306, 0.5356433724805894, 0.2474889479507753, -0.2971035241554749, -0.20698148842574599, 0.35572805440760763, 0.5420378283073928, 0.6736255620962132, -0.010205799781052308]], "inverted": false, "swapped": true, "error_lsq": 0.04252313592463053, "error_max": 0.39272551870435346, "target": "289.xyz", "model": "19.xyz", "model_rescale": 3.9282355846067225, "target_rescale": 4.247487302479698},
{"mapping": [5, 11, 12, 10, 9, 7, 8, 14, 6, 0, 3, 1, 2, 15], "R": [[-0.0033211141010217153, -0.9711216574771833, 0.2385617248845598], [0.9946865338106152, -0.02775551822194493, -0.09913793756204178], [0.10289640254621153, 0.23696488682292083, 0.966053814627347]], "T": [-0.06251629950232054, -0.02839556143762549, 0.039643917169382425], "aligned_model": [[-0.656227803294303, -0.24722917558065907, 0.4135261078645872, -0.4302214934469386, -0.529584122382828, 0.16476322966321247, 0.07157542537069445, 0.6916391356899214, -0.2314933280808982, -0.09372110177049611, 0.2929486175904825, -0.35378590959057166, 0.4793021645222435, -0.03896892746977049], [-0.4897585910075098, -0.6969346637774172, -0.5706089954218609, -0.16262904090654157, 0.2121322136635333, -0.2376336065971031, 0.3736972513143482, -0.16422745213382595, 0.6728640103108634, 0.13037663077834882, -0.35772247444050104, -0.3875857685516205, 0.30316379490152484, -0.10225122070740213], [0.08310321574269658, -0.3722798516657265, -0.21073668649212995, -0.5793048817052814, -0.051073994796635755, -0.5539534839585291, -0.6217648747368745, 0.10637699205702986, 0.1238472410123179, 0.7249393201030592, 0.6140441008068385, 0.6123259769980252, 0.4917183799791386, 0.04494170389975423]], "inverted": true, "swapped": true, "error_lsq": 0.05048027641712936, "error_max": 0.3190683105197756, "target": "289.xyz", "model": "20.xyz", "model_rescale": 4.067790424073018, "target_rescale": 4.247487302479698},
{"mapping": [5, 6, 11, 12, 10, 8, 7, 4, 9, 0, 2, 14, 3, 13, 15], "R": [[0.14823724961490997, -0.12645686499206554, -0.9808335124387757], [-0.8842287308139938, -0.4611248447474303, -0.07418510065863804], [-0.44290548588799483, 0.8782781671276119, -0.18017267194911213]], "T": [0.06573726890751888, 0.05095197096581186, -0.023109842258680603], "aligned_model": [[0.15576135047248582, -0.046159531271410315, -0.18533519709806232, 0.012547075671080987, -0.5375943524651078, -0.6555272423640227, -0.4281381235426346, 0.39679074732624275, -0.1334150153289753, 0.6822715846654106, 0.47896258102402056, 0.24788587442371116, 0.7398894304924222, -0.05129076160985935, 0.09179553351221328], [-0.07661022869043344, 0.749670081854927, -0.5555966079581084, -0.6892464588602487, -0.0734767638160723, 0.15858223472807884, -0.3886968700337131, 0.6386437474590314, 0.43525033577850825, 0.3872566242616151, 0.22418211483978487, -0.374217626541691, -0.22980557029523754, 0.2562345618935711, -0.02127443469216475], [-0.7599011664330143, 0.14023191764239576, -0.49194457593036145, 0.15738757080052693, -0.41912978734355566, 0.26897583328840563, 0.07979988461715015, -0.4784666379894843, -0.334379557783014, 0.027848529499361126, 0.6149390064498815, 0.5914686515953425, 0.15420671063470534, 0.6192191223882653, -0.035005927815463696]], "inverted": false, "swapped": true, "error_lsq": 0.044669029897347425, "error_max": 0.3658732160712557, "target": "289.xyz", "model": "21.xyz", "model_rescale": 4.186013935880536, "target_rescale": 4.247487302479698},
{"mapping": [14, 3, 11, 8, 6, 7, 13, 0, 5, 1, 4, 9, 15], "R": [[-0.32638967022967297, -0.10609026430540586, -0.9392628167807849], [-0.6158131696205786, 0.7777280640225228, 0.12614752694220907], [0.7171080276284892, 0.6195836620274844, -0.31917418827247007]], "T": [0.0523468260344365, -0.07312779908660945, -0.00675113586216489], "aligned_model": [[-0.07154348402816083, -0.46994249405608535, 0.6252900207447963, 0.5833334959902818, -0.16903534895800285, 0.6463885002714133, -0.06922957538127689, -0.6422697493330217, 0.18704822218104958, -0.38387270729580475, -0.379916235364993, 0.14103657187291693, 0.061286818780112856], [-0.5144439181056715, 0.0222400727459324, 0.39273031252794083, -0.5906865501134, -0.38394923323542357, -0.2463022524523314, -0.7453836840062144, 0.013155932873459869, 0.6650868388635003, 0.5088062790963509, 0.35175106490848895, 0.08706358881203656, -0.041111792368575865], [-0.6244446686198031, -0.5386025521581567, -0.3314923940289686, 0.2526846101750747, 0.6111391388400749, -0.261544221555026, 0.034651819333956294, 0.06989786159716019, 0.05753406938496235, -0.12026580314189683, 0.5363459436999933, 0.4939569123487024, -0.07698115454072749]], "inverted": true, "swapped": true, "error_lsq": 0.054077323842768865, "error_max": 0.3189608633333119, "target": "289.xyz", "model": "22.xyz", "model_rescale": 4.166573947596378, "target_rescale": 4.247487302479698},
{"mapping": [2, 12, 2, 6, 11, 14, 3, 7, 8, 9, 10, 13, 5, 4, 1, 15], "R": [[-0.14571863938815896, 0.936198135021095, 0.31984235197654476], [-0.8007951161986445, 0.07822509997714519, -0.5938080629344515], [-0.5809417010400129, -0.34265709640483144, 0.7383040391844995]], "T": [-0.020431328773164358, -0.03021807855807408, 0.013183374343459044], "aligned_model": [[-0.2913063017228451, 0.2342389011428945, -0.2913063017228451, 0.3269028718974385, -0.36524879057450205, 0.4756983722492103, -0.6009822539566201, 0.29380702099289524, -0.518290648086998, -0.2776147436013289, 0.41584299680555403, 0.7830337458068863, 0.6352988262451505, -0.5655555127444482, 0.07661489150388312, 0.006506546056646197], [0.21007319755595635, -0.48048472543640447, 0.21007319755595635, 0.15680815261188585, -0.615861934406562, -0.6185272404677913, -0.11243726242000766, 0.3693178656808001, 0.15755402078812064, -0.49067860273074343, -0.1427528153770694, -0.03885294112309602, 0.48001623563113377, 0.46217165385739195, 0.5963941910330759, 0.028533040365594443], [-0.5539992160470538, -0.3890409112642896, -0.5539992160470538, -0.6375760081211646, -0.38708593446025447, 0.1968281755134936, -0.11958439693321682, 0.5161892753502673, 0.6222456676277137, 0.30003170203258656, 0.6114658151304111, 0.27998377159635185, 0.04040266207975467, 0.028851457380694813, -0.31245162929544373, -0.01101673715156308]], "inverted": false, "swapped": false, "error_lsq": 0.04529647430787122, "error_max": 0.4121037666044738, "target": "289.xyz", "model": "23.xyz", "model_rescale": 4.274766983524099, "target_rescale": 4.247487302479698},
{"mapping": [8, 12, 11, 9, 5, 4, 6, 0, 2, 3, 15], "R": [[-0.2700162695267425, 0.9323817351943218, -0.24032376925074905], [0.9506834925052112, 0.21860284844182676, -0.2200311153705631], [-0.15261753263945763, -0.2878838212354863, -0.9454262500067887]], "T": [-0.011862922904457618, 0.08930419662077774, -0.049973281643273894], "aligned_model": [[0.20013916266852283, 0.2895294319276086, -0.3865349681398066, -0.3995748818071551, -0.7061146849087971, -0.5350551313404623, 0.018669544632066215, 0.02782254481317406, 0.6166735575829747, 0.2633343150823345, -0.008994186552384695], [-0.3029589730092376, 0.7223676353419577, 0.6566053891794146, -0.27278895981274487, 0.3765057223147138, -0.25916584677197796, -0.624847133682536, -0.02856520555670844, -0.05582276322944621, 0.537306580257685, 0.16695008621236318], [-0.696738719975927, -0.35278602790382657, -0.48417920596773045, -0.1029231098277591, 0.002635463012617481, 0.46690811968475293, 0.07833910573400246, 0.643095261626472, 0.38791966518254817, 0.486969395310822, -0.049673512854394836]], "inverted": false, "swapped": true, "error_lsq": 0.05144913714696673, "error_max": 0.25996567936381904, "target": "289.xyz", "model": "24.xyz", "model_rescale": 3.7841303162186577, "target_rescale": 4.247487302479698},
{"mapping": [3, 6, 5, 4, 11, 7, 13, 9, 14, 11, 10, 0, 8, 12, 2, 15], "R": [[0.051392664874209126, -0.3040212066837211, -0.9512780350053822], [-0.9495208918242439, -0.3100423300830524, 0.04778942922827123], [-0.30946545847060153, 0.9008023420502667, -0.30460838887058683]], "T": [0.15256847069521445, 0.0370371493870231, 0.02521987889160817], "aligned_model": [[-0.32796843844727314, 0.20082326598652406, -0.275980176027464, 0.28182776645852725, -0.20397615546189185, 0.4256229908771343, -0.6059290038733456, -0.00566099218349253, -0.404457492552259, -0.20397615546189185, 0.1641915012063296, 0.8416193753768231, 0.6094086676801562, -0.47306284007240645, 0.1713533092165841, 0.14380399756891715], [-0.11971176132558872, -0.42108237141475924, 0.5424163561670287, 0.22478825622996398, -0.6428743105896971, -0.5306245662677739, -0.15448428157944563, 0.47084352889629155, 0.20488964443460903, -0.6428743105896971, -0.2248130897012056, -0.17048092876584306, 0.41110372121431915, 0.4646682117375399, 0.7631860792086019, -0.003604144536101736], [-0.6020886142561773, -0.5313988700153686, -0.5494771371005199, -0.6852348340890139, 0.030109184926208406, 0.18648663209366492, 0.02627809659763155, 0.3842688598124569, 0.5645218151806278, 0.030109184926208406, 0.7577186589099599, 0.1784355678689152, 0.05401254981663533, -0.004596960784864969, -0.17762954676181492, -0.03027010973331558]], "inverted": false, "swapped": false, "error_lsq": 0.044150346760432495, "error_max": 0.33044718790784605, "target": "289.xyz", "model": "25.xyz", "model_rescale": 4.19342608120988, "target_rescale": 4.247487302479698},
{"mapping": [6, 9, 8, 3, 13, 0, 12, 1, 10, 4, 5, 15], "R": [[-0.21208560216971614, 0.6653420327438121, -0.7157790698369442], [-0.9308782848862919, 0.08540488886008421, 0.3552064522020294], [0.2974648148596146, 0.7416373671971558, 0.6012393030211901]], "T": [-0.06748511356853817, 0.009632739607226428, -0.15404668102294405], "aligned_model": [[-0.08748100069775173, 0.326018297618653, 0.1268602142078221, -0.6245826204707973, -0.5037878289148542, -0.44795452807317326, -0.2309784663420325, -0.09104312687744484, 0.5978137043696229, 0.14483505408679614, 0.4660530419777691, -0.0779441862528285], [-0.6443363329160017, -0.24868094197861434, -0.5541292157308244, 0.48239454931624204, -0.4759274853380558, 0.039887141706470945, 0.46739076981426053, 0.5075449481170837, -0.02846195311659789, -0.07812128629831086, 0.46288942521767795, 0.08232680894764975], [0.16112476372315354, 0.09628271918114362, -0.6654400345601454, 0.021696691422460057, -0.359702241175657, 0.4376794665891165, -0.7431389808151067, 0.38757014379226373, -0.45777292211668485, 0.6266883691018077, 0.12368217766299883, -0.1794116915959288]], "inverted": true, "swapped": true, "error_lsq": 0.04798541327979153, "error_max": 0.261159423876025, "target": "289.xyz", "model": "26.xyz", "model_rescale": 3.795458400668931, "target_rescale": 4.247487302479698},
