[{"mapping": [4, 8, 6, 5, 10, 7, 2, 12, 1, 13], "R": [[-0.11751459971458769, -0.2713184664732974, 0.9552887566618269], [0.0712664021904583, 0.9571696801408669, 0.2806194992117603], [-0.9905106858448063, 0.10105688086226264, -0.09314552086730948]], "T": [-0.0548278394259627, 0.17451746802173818, 0.06738993945710879], "aligned_model": [[-0.609327923826941, -0.041873676057362724, 0.026907530306482103, 0.6752222531008661, -0.2261770208811289, -0.5396986798643064, -0.5844131656299693, -0.11769488898620434, 0.19287742951303313, -0.13289648356388087], [-0.19968846022949732, -0.5119035027071638, 0.0768476894768217, 0.07185261167607562, -0.5224387613988586, -0.39994079569626806, 0.5372690267743118, 0.21741429870637602, 0.6173554219746727, 0.031952802049733886], [-0.61518152659756, -0.3057555713261673, -0.686484206459397, -0.10257491018743105, 0.7747232392020696, -0.011935049128942207, -0.35594082283365386, 0.6412604858091668, 0.3423094907836928, 0.07836559771332172]], "inverted": true, "swapped": false, "error_lsq": 0.05018748389777916, "error_max": 0.3104549042252736, "target": "29.xyz", "model": "0.xyz", "model_rescale": 3.8414455957264533, "target_rescale": 4.117894457231895},
{"mapping": [5, 2, 6, 9, 0, 3, 10, 11, 13, 14], "R": [[0.1593033585858286, 0.1101840732380153, 0.981061623929891], [0.5573594300156124, 0.8101909906206808, -0.18149662390731114], [-0.8148453262527477, 0.5757169692841787, 0.06765401364511532]], "T": [-0.09069622594778265, -0.006209415687718527, 0.021038204947587246], "aligned_model": [[-0.4757081597600157, 0.043967138719942706, 0.022198972398771943, 0.578015209670103, 0.0168823638616072, -0.7781373364773145, -0.5302666871314298, -0.3957255655640317, 0.33823625977685906, -0.17653682138390425], [-0.17405890417417488, -0.538399917008421, 0.0632110119979027, 0.06763173202471152, -0.325690938238141, -0.3812000165334175, 0.3744567006866928, 0.4238483400729508, 0.4037004273499433, 0.00522189444815736], [-0.48681526311135326, -0.47215929721439376, -0.7486777505800868, -0.09246149008204273, 0.6628136900439361, 0.007486420144038535, -0.3398667935071432, 0.6905700046504434, 0.49309523954218937, 0.0448019670895121]], "inverted": false, "swapped": false, "error_lsq": 0.045064347702076256, "error_max": 0.185751772009003, "target": "29.xyz", "model": "1.xyz", "model_rescale": 4.316132596720782, "target_rescale": 4.117894457231895},
{"mapping": [8, 1, 10, 7, 0, 2, 6, 4, 3, 11], "R": [[-0.14275002219999305, 0.41782730280842384, 0.8972417601682054], [-0.5575331853540029, 0.7150720660406915, -0.4216973886536603], [-0.8177892016839796, -0.560439368171201, 0.13087603376074844]], "T": [0.004388067210724461, -0.10076827174086568, -0.005579573966260302], "aligned_model": [[-0.5270013090773137, -0.10325152902072458, 0.06514334375286635, 0.8160811430144478, -0.12829895619337442, -0.7716262011731739, -0.4367474953376045, -0.427127413651596, 0.2261695145111154, -0.07041572271405443], [-0.18760307896453, -0.5989836075676384, 0.07050211208029071, 0.2515202002538245, -0.5122442874576836, -0.3899247093979395, 0.5703605954836147, 0.23445553321471202, 0.48729819454292156, -0.0066606215613679715], [-0.5506677896117009, -0.19210694427677016, -0.609078580251549, -0.13789851808120718, 0.5574441385862557, 0.11655073173660585, -0.18187881398919775, 0.5382486355852563, 0.18417771760630247, 0.03399614967110415]], "inverted": false, "swapped": false, "error_lsq": 0.048010415497487045, "error_max": 0.24110535045962964, "target": "29.xyz", "model": "2.xyz", "model_rescale": 3.795458400668931, "target_rescale": 4.117894457231895},
{"mapping": [3, 6, 5, 10, 1, 8, 9, 7, 4, 11], "R": [[-0.7457042021728298, 0.5194057302244215, -0.4173043616736101], [0.6617571782336584, 0.6502114459670254, -0.3732325181300477], [0.07747696378930742, -0.5544752140028497, -0.8285858779501886]], "T": [0.01509405856453172, -0.07162824099621873, 0.09498509342806719], "aligned_model": [[-0.43683961833332563, -0.17014686898055895, 0.0831307720002141, 0.6996131983354019, -0.10644731472342536, -0.6916018961207303, -0.6102699264858562, -0.456816296445934, 0.3004787760229407, 0.031824548841862164], [-0.18880522357034082, -0.5488260049721786, 0.25279331563634144, 0.0635413115626855, -0.5150295140469974, -0.39519126364905605, 0.4085480034481954, 0.3323120692424741, 0.49942922618331126, 0.009948410791769016], [-0.552390788093925, -0.19701557341960027, -0.5246488910871479, -0.13343004343579448, 0.5249756137838978, 0.014668625411968866, -0.2695767028156283, 0.5393218342161061, 0.15332603568374795, 0.2035566167314748]], "inverted": false, "swapped": false, "error_lsq": 0.05474000600348385, "error_max": 0.27598364836381284, "target": "29.xyz", "model": "3.xyz", "model_rescale": 3.7530521520055578, "target_rescale": 4.117894457231895},
{"mapping": [4, 4, 6, 8, 3, 2, 0, 1, 5, 10], "R": [[0.07688016658936511, -0.6394282748665808, -0.7649973341694337], [0.9773041401419406, -0.10357767636959966, 0.18479253940377874], [-0.19739822098138093, -0.7618419430951693, 0.616952831336694]], "T": [-0.020874071159141555, -0.006591757411171118, 0.08378487883415389], "aligned_model": [[-0.3525794010110014, -0.3525794010110014, 0.120611477549496, 0.7359072977143732, -0.11706410445862445, -0.6307608240830935, -0.4952355209389948, -0.5419720785923456, 0.3621388349375507, -0.08554090599577077], [-0.3753085795308623, -0.3753085795308623, 0.023444556641289815, 0.33268699690615766, -0.47698445659378125, -0.27753630055949896, 0.38690280722937254, 0.3496430479209558, 0.29229682610252294, 0.03888401204090963], [-0.4581841088813753, -0.4581841088813753, -0.6410704184388099, -0.30819902217315964, 0.6750106996032098, 0.21020950528419477, -0.46426952387695763, 0.5596835034685167, 0.6143755594898309, 0.029414641381024648]], "inverted": true, "swapped": false, "error_lsq": 0.06921836535652633, "error_max": 0.33298942616108024, "target": "29.xyz", "model": "4.xyz", "model_rescale": 3.7855080009869324, "target_rescale": 4.117894457231895},
{"mapping": [11, 12, 13, 15, 2, 1, 6, 5, 10, 16], "R": [[-0.9670451104997059, -0.2527743204998591, -0.0304778141349836], [0.2492366196135671, -0.9642998673260325, 0.08948113386965349], [-0.05200828493821073, 0.07893610562240412, 0.9955220889196558]], "T": [-0.11559256611290672, 0.04966007300688545, 0.061606397318285364], "aligned_model": [[-0.511077431097431, -0.16817001214256938, 0.07814124462959834, 0.6818277272493081, -0.046693081978178536, -0.720195150366484, -0.47007155133766465, -0.39126288626115935, 0.26948089224945704, -0.07905437683428831], [-0.18526756024386665, -0.5144801414206782, 0.013925159951859653, 0.17299200590716884, -0.5435877550096869, -0.40534821947214505, 0.3794505507200524, 0.42043688802834084, 0.5684576006479948, 0.012141801517164368], [-0.587113077496301, -0.3152844272513417, -0.635572105964436, -0.10640615205543112, 0.49645759395718103, 0.08456522739699754, -0.37618345856089047, 0.7261616415615378, 0.39855124599920255, 0.07361023938858083]], "inverted": true, "swapped": false, "error_lsq": 0.03296792501404701, "error_max": 0.18099091272976778, "target": "29.xyz", "model": "5.xyz", "model_rescale": 4.2253639853439635, "target_rescale": 4.117894457231895},
{"mapping": [7, 3, 6, 5, 1, 0, 12, 9, 8, 13], "R": [[-0.9576509234878962, -0.03642113090875976, 0.2856189944070714], [0.13690417019329373, 0.8150664816781944, 0.5629599263077396], [-0.2533021060442755, 0.5782215247360278, -0.7755629641785882]], "T": [0.020739043109083338, -0.0448399243796231, 0.03997540189048468], "aligned_model": [[-0.5356440959856207, -0.12681165165812316, 0.10229266668386748, 0.5925333515061755, -0.017083538000153498, -0.7165565363937024, -0.5714088247187524, -0.36117325681331913, 0.26318540375038413, 0.013591855739832522], [-0.1310560129085001, -0.5348417288043126, -0.011462722391609018, 0.18185918631144243, -0.35795560863791165, -0.3345852444559401, 0.5271180944971946, 0.2224125461279774, 0.44530385647587445, -0.0880720355880115], [-0.518948389548756, -0.4510811089436606, -0.5971689592965096, -0.10969105576538415, 0.702722565285369, 0.16449659392671337, -0.3999890191011284, 0.4340763276201106, 0.5368090882475567, -0.00243931544921161]], "inverted": false, "swapped": false, "error_lsq": 0.04470892561282828, "error_max": 0.2080963142778265, "target": "29.xyz", "model": "6.xyz", "model_rescale": 3.89814844738969, "target_rescale": 4.117894457231895},
{"mapping": [3, 8, 6, 9, 11, 7, 0, 4, 10, 12], "R": [[0.5684869961618186, -0.7778666361638664, -0.26785449695314656], [-0.3309179161370134, -0.5142902769418833, 0.7912008871472386], [-0.7532037360332521, -0.36114956373523655, -0.5497773409657762]], "T": [-0.19035963091426855, 0.12018660702059217, -0.015362157888447473], "aligned_model": [[-0.5683616220233406, 0.030366429359650365, 0.02773138349451737, 0.6913615135650091, 0.06294146046210564, -0.7380020065790749, -0.597197536829798, -0.44161922954835237, 0.3027534975683881, -0.1270485153585166], [-0.24303167277148605, -0.4891636194789233, 0.07115838664475937, -0.0012515126514931474, -0.45542790282226475, -0.23028240426730348, 0.3959173044594213, 0.24332828098366144, 0.42411153886045383, 0.2033619316693784], [-0.6298285219901546, -0.20942163355422716, -0.6536476692927906, -0.09129953671649596, 0.49438960757089373, 0.07701738556705888, -0.3462184533831416, 0.5653275446309669, 0.4356065121722436, 0.11686149197074633]], "inverted": true, "swapped": false, "error_lsq": 0.052124255464663025, "error_max": 0.21631359984264611, "target": "29.xyz", "model": "7.xyz", "model_rescale": 3.7474275329858107, "target_rescale": 4.117894457231895},
{"mapping": [6, 0, 3, 2, 12, 10, 5, 11, 4, 14], "R": [[-0.7470841663142368, 0.10080964522016143, 0.6570408388168482], [-0.41642418343670995, 0.6994636476030406, -0.5808110752481559], [-0.518127540178701, -0.7075224527267208, -0.4805786418432824]], "T": [-0.10770410114638032, 0.015846391461954486, 0.10130220492873397], "aligned_model": [[-0.569429997987818, -0.10108231936469261, 0.01695239982735891, 0.6883492861697088, -0.11913323011406972, -0.6998011180403834, -0.42722600631130103, -0.542130870331103, 0.44871729731917587, -0.052290067056287734], [-0.1568387718926225, -0.48406205496903393, 0.11548071427489609, 0.1394721256113875, -0.33268924652556764, -0.4570087423143228, 0.44770550956272964, 0.11837857241855251, 0.5076654383581073, 0.02061678610207761], [-0.5497946610911523, -0.327954052824083, -0.5977459303718353, -0.14283951262162786, 0.6102569208544502, 0.13435526431669112, -0.3724328668728879, 0.5340151463504971, 0.34774712430286175, 0.12317929493218593]], "inverted": true, "swapped": false, "error_lsq": 0.04370256621009625, "error_max": 0.2606582683161995, "target": "29.xyz", "model": "8.xyz", "model_rescale": 4.019505241142653, "target_rescale": 4.117894457231895},
{"mapping": [3, 0, 4, 8, 1, 2, 5, 6, 11, 12], "R": [[-0.26799144692082333, -0.3342439364038081, 0.9035826333847784], [0.8461782565292113, 0.36674386300358686, 0.38662811217808635], [-0.4606114876492641, 0.868205004550477, 0.18454573286597153]], "T": [-0.05617863211444825, -0.046503666269643196, 0.13876678540805504], "aligned_model": [[-0.6083229837352738, -0.04252826054064192, 0.06316711268007795, 0.5367025052560693, 0.018090919027980115, -0.6026716501780309, -0.3241287466685108, -0.5264371700141571, 0.18682000262835485, -0.057766354345279804], [-0.06069158482760112, -0.5584384283383332, -0.08583133874616444, 0.17976644468920333, -0.5927483245135831, -0.264053798844202, 0.463123467064141, 0.3324997707665366, 0.5156138119066607, -0.010519688530453646], [-0.519561495681234, -0.261711110127592, -0.6808700845655573, -0.09238408571947182, 0.5291590359505323, 0.07560442920432556, -0.20620805457656133, 0.5428399721132458, 0.2493340872419868, 0.12258403313542551]], "inverted": false, "swapped": false, "error_lsq": 0.047204612920942635, "error_max": 0.18349314643573095, "target": "29.xyz", "model": "9.xyz", "model_rescale": 3.877068213659057, "target_rescale": 4.117894457231895},
{"mapping": [5, 0, 12, 10, 8, 1, 3, 2, 14, 15], "R": [[-0.2440178299401328, -0.9377090157431238, -0.24729961679179938], [-0.17111805633339833, 0.2926409751284219, -0.9407868358308201], [0.9545542988578433, -0.18725133235827374, -0.23186855988266922]], "T": [-0.12804299520997117, 0.13816273401575566, 0.04629823305490342], "aligned_model": [[-0.6047521067061511, -0.09661265880206002, 0.0736421132216778, 0.5755502655100062, -0.049797135184326144, -0.7475076916299832, -0.49594280469677876, -0.26060742323063335, 0.37104888700661676, -0.12209607137778038], [-0.1518689663225596, -0.5780863705536411, -0.06689430585596326, 0.22380923465579072, -0.48590201136149824, -0.4640019305994689, 0.43831620668000126, 0.350542126294052, 0.5935717273503487, 0.05923462033914206], [-0.501082327485858, -0.29977313211507584, -0.6432450528593981, 0.017454172012386436, 0.4932252011091577, -0.03474383491927428, -0.3747943526734489, 0.6608525627187349, 0.4374906263015791, 0.0034028648862968053]], "inverted": true, "swapped": false, "error_lsq": 0.04396775923087503, "error_max": 0.23512374716758255, "target": "29.xyz", "model": "10.xyz", "model_rescale": 4.260839863003843, "target_rescale": 4.117894457231895},
{"mapping": [6, 7, 10, 9, 1, 0, 5, 3, 2, 11], "R": [[-0.043166299257605845, -0.2994534865159994, 0.953133925543423], [-0.9734820371847182, 0.22713203561636353, 0.02727199434324687], [-0.22465394251402293, -0.9266815244787064, -0.3013170395160667]], "T": [-0.0019109557912071196, 0.022175510965111393, -0.02907072918457121], "aligned_model": [[-0.6487248316398719, -0.10778821060912364, 0.1503687210769985, 0.6977565456364988, -0.07110534126219334, -0.7485027428712595, -0.45264189578433134, -0.4330494098565014, 0.27859277134919613, -0.021980231928824076], [-0.10829206868765931, -0.6053686028362381, 0.0040395067263528615, 0.32148051122420385, -0.32157162928312194, -0.4327380004449205, 0.4803274311189201, 0.30988086825665545, 0.3016752078560205, -0.030712893304009097], [-0.5466278326266973, -0.18586365449609876, -0.6371955333205045, -0.26701014463108175, 0.6036303722304222, 0.04635254345880299, -0.2377555155016156, 0.4558811573203685, 0.5308888270689865, -0.0035134925274824154]], "inverted": false, "swapped": false, "error_lsq": 0.05172200174181983, "error_max": 0.2599321529745277, "target": "29.xyz", "model": "11.xyz", "model_rescale": 3.890672605050136, "target_rescale": 4.117894457231895},
{"mapping": [2, 10, 4, 7, 9, 11, 0, 6, 8, 13], "R": [[-0.06955149955286391, 0.5798337815695028, -0.8117606634105635], [-0.36622402233821894, 0.7420725432969453, 0.5614341510339563], [0.9279237869417746, 0.33633484243475836, 0.16073680161065346]], "T": [-0.1624193737163513, 0.05657435253729405, 0.07037368253076173], "aligned_model": [[-0.5301720377303334, -0.14803347603040745, -0.08788928278387992, 0.6719665616230164, -0.08506173463325636, -0.5591544001130604, -0.28998728227974585, -0.467142779221224, 0.16731035219231682, -0.02891054691283798], [-0.22960087570330723, -0.6983165944759412, 0.07258949743312217, 0.09891469566825008, -0.47209327272377843, -0.32449902452719226, 0.574277920538628, 0.23129640878946045, 0.6323088728662877, 0.0338427027606744], [-0.46667924830450247, -0.4086599368612308, -0.6262222006789402, -0.0998367064817853, 0.6363655143602583, 0.05826731982668841, -0.18340571799391694, 0.5271823877215506, 0.35144149604179165, -0.029666180654813648]], "inverted": true, "swapped": false, "error_lsq": 0.04840351721549972, "error_max": 0.25080834083519304, "target": "29.xyz", "model": "12.xyz", "model_rescale": 4.124412569039231, "target_rescale": 4.117894457231895},
{"mapping": [2, 10, 8, 9, 5, 4, 1, 0, 3, 12], "R": [[0.3742447165582302, 0.1226974473512712, 0.9191769299442476], [0.873978687877168, -0.37802614885445546, -0.30538088335515234], [0.31000346008513197, 0.9176282292931879, -0.24870924297157682]], "T": [-0.003998644405906804, 0.03344484690400104, 0.049991664305452516], "aligned_model": [[-0.5199467914461064, -0.010444356609869587, 0.056874456356157954, 0.596945206700585, -0.1417815010973611, -0.7116894136464504, -0.5607079678808625, -0.31737553079177994, 0.29379135841735443, -0.04274008589107954], [-0.21986091572888591, -0.649234997920337, 0.1818315086762242, 0.10971174556259958, -0.43806032865683575, -0.303082237515337, 0.526511281790472, 0.22023835882787365, 0.5536122708311428, -0.06294635524071275], [-0.5919033534596622, -0.23021603466499443, -0.649416646418798, -0.15419237029737787, 0.626571782670194, 0.11479561737526334, -0.2814061613559955, 0.5012903507385807, 0.4366444039432963, -0.013380861555407145]], "inverted": true, "swapped": false, "error_lsq": 0.045100520653490565, "error_max": 0.20615627391057495, "target": "29.xyz", "model": "13.xyz", "model_rescale": 3.9028299243045295, "target_rescale": 4.117894457231895},
{"mapping": [13, 14, 10, 7, 1, 12, 5, 2, 3, 15], "R": [[0.9104876227268112, 0.09084848958319724, -0.40343381216964413], [-0.017776897981734246, 0.9832670904664741, 0.1813003328837032], [0.4131540520912593, -0.15789990736554052, 0.8968675200354435]], "T": [-0.1479833637606929, 0.08699348952593412, 0.09663895957149254], "aligned_model": [[-0.5608661399761683, -0.03867191461358724, 0.1359534084392234, 0.6956202523289803, -0.15011889948973692, -0.7278451935406132, -0.48065365476636, -0.42374542824919104, 0.2391289984128546, -0.045876054434813573], [-0.16678395292989856, -0.5959412982686665, 0.08148268746297245, 0.12643131362879048, -0.33431378185078386, -0.29441110397740766, 0.27565162966274465, 0.28114990245978133, 0.504318512872873, 0.04113642156579868], [-0.5340560337496945, -0.45535898923652257, -0.5923473556063126, -0.23108890434555335, 0.591304885540788, 0.04632908599066081, -0.24371441164359758, 0.7511680579784976, 0.3509483954543243, 0.07560199659250995]], "inverted": true, "swapped": false, "error_lsq": 0.04374069465989485, "error_max": 0.21704414176778833, "target": "29.xyz", "model": "14.xyz", "model_rescale": 3.942246331269136, "target_rescale": 4.117894457231895},
{"mapping": [1, 5, 3, 10, 7, 0, 12, 8, 11, 14], "R": [[-0.9162507630036554, -0.3605351395848594, -0.1746394927264313], [0.029419036590890568, 0.37420605525476813, -0.9268788208265032], [0.3995235407097849, -0.8543911524209454, -0.33225998718402044]], "T": [0.01744730706222855, 0.030586365240922214, -0.010057798997498677], "aligned_model": [[-0.5319551461777744, -0.03230583772007525, -0.023926690733989925, 0.7301317285020186, -0.13529474524501192, -0.608563381004505, -0.5782207396769854, -0.36938741794538943, 0.2648824265375309, -0.07243482242523029], [-0.1708779394342104, -0.47793557877484866, 0.07108755423248421, 0.06243015793259092, -0.4986955078025463, -0.280920900305895, 0.42501429829702, 0.22465756995019195, 0.5713301210309533, -0.007369444499536009], [-0.5706026358270337, -0.38650117485608165, -0.7264346387245202, -0.018267814052512665, 0.6437847450860205, 0.2175192754322799, -0.4071502842975009, 0.6314530655393106, 0.3905455920027322, -0.015559403327594423]], "inverted": true, "swapped": false, "error_lsq": 0.04357369943778458, "error_max": 0.23569590569140683, "target": "29.xyz", "model": "15.xyz", "model_rescale": 4.355366556412066, "target_rescale": 4.117894457231895},
{"mapping": [8, 1, 10, 7, 0, 2, 6, 4, 3, 11], "R": [[-0.14275002219999305, 0.41782730280842384, 0.8972417601682054], [-0.5575331853540029, 0.7150720660406915, -0.4216973886536603], [-0.8177892016839796, -0.560439368171201, 0.13087603376074844]], "T": [0.004388067210724461, -0.10076827174086568, -0.005579573966260302], "aligned_model": [[-0.5270013090773137, -0.10325152902072458, 0.06514334375286635, 0.8160811430144478, -0.12829895619337442, -0.7716262011731739, -0.4367474953376045, -0.427127413651596, 0.2261695145111154, -0.07041572271405443], [-0.18760307896453, -0.5989836075676384, 0.07050211208029071, 0.2515202002538245, -0.5122442874576836, -0.3899247093979395, 0.5703605954836147, 0.23445553321471202, 0.48729819454292156, -0.0066606215613679715], [-0.5506677896117009, -0.19210694427677016, -0.609078580251549, -0.13789851808120718, 0.5574441385862557, 0.11655073173660585, -0.18187881398919775, 0.5382486355852563, 0.18417771760630247, 0.03399614967110415]], "inverted": false, "swapped": false, "error_lsq": 0.048010415497487045, "error_max": 0.24110535045962964, "target": "29.xyz", "model": "16.xyz", "model_rescale": 3.795458400668931, "target_rescale": 4.117894457231895},
{"mapping": [3, 8, 6, 9, 11, 7, 0, 4, 10, 12], "R": [[0.5684869961618186, -0.7778666361638664, -0.26785449695314656], [-0.3309179161370134, -0.5142902769418833, 0.7912008871472386], [-0.7532037360332521, -0.36114956373523655, -0.5497773409657762]], "T": [-0.19035963091426855, 0.12018660702059217, -0.015362157888447473], "aligned_model": [[-0.5683616220233406, 0.030366429359650365, 0.02773138349451737, 0.6913615135650091, 0.06294146046210564, -0.7380020065790749, -0.597197536829798, -0.44161922954835237, 0.3027534975683881, -0.1270485153585166], [-0.24303167277148605, -0.4891636194789233, 0.07115838664475937, -0.0012515126514931474, -0.45542790282226475, -0.23028240426730348, 0.3959173044594213, 0.24332828098366144, 0.42411153886045383, 0.2033619316693784], [-0.6298285219901546, -0.20942163355422716, -0.6536476692927906, -0.09129953671649596, 0.49438960757089373, 0.07701738556705888, -0.3462184533831416, 0.5653275446309669, 0.4356065121722436, 0.11686149197074633]], "inverted": true, "swapped": false, "error_lsq": 0.052124255464663025, "error_max": 0.21631359984264611, "target": "29.xyz", "model": "17.xyz", "model_rescale": 3.7474275329858107, "target_rescale": 4.117894457231895},
{"mapping": [6, 9, 4, 10, 7, 2, 0, 1, 3, 13], "R": [[0.9367951980299075, 0.0709734574353914, -0.3426040357143701], [0.2513444855302292, 0.5446771742602002, 0.8000954477020028], [0.24339413826477224, -0.8356372084700336, 0.4924121741780546]], "T": [0.036155507793043135, -0.0247640237182072, 0.03883185642372412], "aligned_model": [[-0.4726755023562965, -0.07112200400932892, -0.042358808273432996, 0.7059723013302087, -0.08411091610495863, -0.6601248677098293, -0.562449354499256, -0.32942368302592173, 0.22445122033685147, -0.06523301157744796], [-0.2927235965047552, -0.5872914327823511, 0.0665064261164056, 0.14054997122666998, -0.5627123173284275, -0.155297064898996, 0.48217127004159877, 0.2797891796555896, 0.560134098977651, -0.012406203877180945], [-0.47525712607131565, -0.3072586163852634, -0.782588273096004, 0.06018874370656186, 0.5522195293580628, 0.08341310426803905, -0.25070435471668917, 0.5409450093729239, 0.32697781251839975, 0.010850898020384421]], "inverted": true, "swapped": false, "error_lsq": 0.05135606951602514, "error_max": 0.25830875693976213, "target": "29.xyz", "model": "18.xyz", "model_rescale": 3.922800546911778, "target_rescale": 4.117894457231895},
{"mapping": [4, 8, 13, 12, 1, 6, 11, 2, 3, 14], "R": [[-0.6803573069066031, 0.6617995700622717, 0.314857529692696], [0.7316992963830063, 0.6377628020147441, 0.24057171080348588], [-0.041594165593362126, 0.3940557542172109, -0.9181448621851005]], "T": [-0.08437906302431233, 0.0007022370029006915, 0.04968590271826026], "aligned_model": [[-0.616564342529105, 0.038679828431563534, -0.001977275701544573, 0.6446006196757637, -0.24769077080237664, -0.5811303538425504, -0.424720577060558, -0.42063048440241013, 0.3130998005698571, -0.06074107022805192], [-0.11623513807748102, -0.5295579280534376, 0.09243613278500637, 0.15972158787390214, -0.46800013157630277, -0.47770201430775344, 0.46144239151843336, 0.2879924939489226, 0.41583975221085423, 0.09278318430405987], [-0.42672948082836826, -0.22972655335643707, -0.6260422857057809, -0.1991423770764114, 0.5988947880494268, 0.038054079498380994, -0.37355135534076733, 0.6131823558329926, 0.330436040826791, 0.03341151507527295]], "inverted": false, "swapped": false, "error_lsq": 0.04261284616742801, "error_max": 0.2209401552992614, "target": "29.xyz", "model": "19.xyz", "model_rescale": 3.9282355846067225, "target_rescale": 4.117894457231895},
{"mapping": [0, 11, 10, 12, 8, 4, 1, 6, 7, 13], "R": [[0.7030043432050913, 0.22112296762683378, 0.6759360373753426], [0.6947479283015949, -0.41668886166564933, -0.5862556683601682], [0.15202042479686806, 0.8817454427167105, -0.44655880317478036]], "T": [-0.14474970868466083, 0.07730286835924943, 0.09991530261070618], "aligned_model": [[-0.629210244152158, -0.14113657626451778, 0.22108323733798532, 0.6957995398164172, -0.07702720867860889, -0.552520118917843, -0.5721077410042066, -0.38058378898044853, 0.27905415923829713, -0.20042588428432895], [-0.18525091563511792, -0.5000309203292939, 0.13661894834413008, 0.054502263356219716, -0.5034081443381428, -0.4027456471133946, 0.4311188400985185, 0.28637738493579334, 0.4848002938631704, 0.11673822744432132], [-0.4802230328590537, -0.3243909700728372, -0.6778264329616394, -0.025589432452694225, 0.5865465406679082, 0.15134059085088133, -0.4037514192012232, 0.6722038549568007, 0.3059102203170395, -0.04543319227008276]], "inverted": false, "swapped": false, "error_lsq": 0.04701502904385587, "error_max": 0.2333127969666181, "target": "29.xyz", "model": "20.xyz", "model_rescale": 4.067790424073018, "target_rescale": 4.117894457231895},
{"mapping": [11, 13, 10, 1, 4, 6, 12, 0, 7, 14], "R": [[-0.09475977523953683, 0.9954950180714972, 0.003202185407281899], [0.8938092729228162, 0.08649587506074025, -0.44002664377815104], [-0.4383213075287802, -0.03883468285317862, -0.8979790079806733]], "T": [-0.18905504073408821, -0.044230622533129246, 0.08684707826651136], "aligned_model": [[-0.5625134508878876, 0.04860688110827718, 0.09402863079181675, 0.5980369325456131, -0.1632508817823148, -0.6600904270978132, -0.4838263317767857, -0.3424246158887482, 0.28576488395106325, -0.17140624685263273], [-0.11120296298006728, -0.4261529236164443, 0.07945468289296044, 0.07710382055808183, -0.5384004859803764, -0.6114152836817385, 0.5245700225502682, 0.4587681406571015, 0.48444236146129593, -0.018447041234877573], [-0.4366753906683034, -0.44960019026844644, -0.672002315019625, -0.11081242643091266, 0.7174045983846998, 0.1499670247674833, -0.3333785504467074, 0.5642651834604142, 0.3142561201386493, 0.015362673057847859]], "inverted": false, "swapped": false, "error_lsq": 0.0450479149064847, "error_max": 0.23540712606475217, "target": "29.xyz", "model": "21.xyz", "model_rescale": 4.186013935880536, "target_rescale": 4.117894457231895},
{"mapping": [10, 11, 4, 3, 2, 9, 7, 1, 0, 12], "R": [[0.764001466367958, -0.6418023379934421, 0.06626853200246588], [-0.5847905925425629, -0.7321879728631483, -0.34917149836186806], [0.27262010612082244, 0.2280143226657164, -0.9347126544548151]], "T": [-0.08928485436030809, -0.07793464724233261, 0.04133840822147315], "aligned_model": [[-0.6615089189477366, 0.0849787729595759, -0.005591877392544048, 0.7703099537095501, 0.02640533634976397, -0.6466000434670587, -0.46281559282861867, -0.5170765620918278, 0.11026584990345842, -0.05544154408397517], [-0.038327893147429695, -0.584442893257914, 0.07585306048001796, -0.020070341366795072, -0.33201983220313497, -0.3514994209115128, 0.5007087071857156, 0.32425582924479524, 0.4233000341570377, -0.07903691955457606], [-0.564706439603318, -0.2933966566035242, -0.6636161827475083, -0.29045541749183623, 0.7281831515382533, 0.044923772438576835, -0.21158528714222397, 0.4776414122812127, 0.5216838584931272, 0.010114515812340196]], "inverted": false, "swapped": false, "error_lsq": 0.05239777988202492, "error_max": 0.2174465651987392, "target": "29.xyz", "model": "22.xyz", "model_rescale": 4.166573947596378, "target_rescale": 4.117894457231895},
{"mapping": [3, 11, 2, 6, 14, 9, 4, 7, 5, 15], "R": [[0.28398082291209736, 0.8754550231779499, -0.39106699504134], [-0.8778257602231871, 0.07330967478410147, -0.4733366944064581], [-0.3857159925473035, 0.4777072262123996, 0.7893155130349991]], "T": [-0.18382267792218554, -0.01412518545329973, 0.038737934333357274], "aligned_model": [[-0.4689637382047751, -0.15028210516117213, 0.08434582988052236, 0.5472085133843737, -0.04130911187932429, -0.6017394034294478, -0.5155852673626047, -0.32840651995194026, 0.2613405538820647, -0.1436833770471083], [-0.13969146991576792, -0.6635328965499644, 0.13469056872459723, 0.09857130502492566, -0.5491483150916234, -0.44265241381265746, 0.4507307735801577, 0.4636071375241004, 0.5241808760052092, 0.04196476513722702], [-0.47541606590711105, -0.40762288627420656, -0.5602184596724371, -0.14014898619932964, 0.603908614275272, 0.08520503428621136, -0.4235347503057702, 0.5508482621502718, 0.4894243690615049, 0.036341595560693586]], "inverted": false, "swapped": false, "error_lsq": 0.038368439520357414, "error_max": 0.1542662705281046, "target": "29.xyz", "model": "23.xyz", "model_rescale": 4.274766983524099, "target_rescale": 4.117894457231895},
{"mapping": [9, 9, 7, 5, 2, 1, 8, 0, 3, 10], "R": [[0.8925938439471632, 0.30700589739885575, -0.33018723280882734], [-0.31062336827395176, 0.949551793331368, 0.04318002852394469], [0.32678640245544566, 0.06402164277419746, 0.9429272911665676]], "T": [-0.08442259219666841, 0.1596801740260008, 0.0459964909532312], "aligned_model": [[-0.38524050409860766, -0.38524050409860766, 0.09461808978784257, 0.7059076874389497, 0.07126101523243557, -0.5020504537148519, -0.5201319613619987, -0.5423486210121364, 0.2602593829574081, -0.15410875701984567], [-0.40512480937615303, -0.40512480937615303, 0.13779585626961455, 0.11963135648050888, -0.5098457448657231, -0.320722458424749, 0.47878771867150316, 0.45934706992991803, 0.23463388572558794, 0.1293422655918492], [-0.5180685501939112, -0.5180685501939112, -0.561043859692965, -0.15404123028105093, 0.721251390291094, 0.18665089195777962, -0.4573312832419002, 0.5426581925095862, 0.48370708129605045, 0.03307264452432811]], "inverted": true, "swapped": false, "error_lsq": 0.07050138401595206, "error_max": 0.34185037747805164, "target": "29.xyz", "model": "24.xyz", "model_rescale": 3.7841303162186577, "target_rescale": 4.117894457231895},
{"mapping": [12, 9, 14, 10, 1, 5, 13, 6, 7, 15], "R": [[-0.025962502964092304, 0.6419779871444697, -0.7662833760834011], [0.8480699945341768, 0.4199719569998064, 0.3231111878356348], [0.5292477990607438, -0.6414731633947662, -0.5553457912271151]], "T": [-0.07345729764814285, -0.05616630161925641, 0.11128648297825157], "aligned_model": [[-0.5212441144506372, 0.045087217857456535, 0.03663250476680846, 0.5884469589004089, 0.007924643855231117, -0.8793784911761446, -0.4360310423644083, -0.4073834193687999, 0.3239070018653095, -0.11503588577463676], [-0.20520649815479974, -0.38707693836465495, 0.01686648399149955, 0.1929687303696762, -0.4348487146569445, -0.36339104916464005, 0.4169819702130675, 0.3367184607568277, 0.3620198808522902, -0.016311995216117647], [-0.4823850532626835, -0.3562453949278666, -0.6709189951032639, -0.21285792353832195, 0.7461195346196254, -0.04822129038016547, -0.3953405887180314, 0.6174103422936548, 0.4113322967506104, 0.1498937992415415]], "inverted": false, "swapped": false, "error_lsq": 0.04083090465500524, "error_max": 0.2107230133468206, "target": "29.xyz", "model": "25.xyz", "model_rescale": 4.19342608120988, "target_rescale": 4.117894457231895},
{"mapping": [8, 1, 10, 7, 0, 2, 6, 4, 3, 11], "R": [[-0.14275002219999305, 0.41782730280842384, 0.8972417601682054], [-0.5575331853540029, 0.7150720660406915, -0.4216973886536603], [-0.8177892016839796, -0.560439368171201, 0.13087603376074844]], "T": [0.004388067210724461, -0.10076827174086568, -0.005579573966260302], "aligned_model": [[-0.5270013090773137, -0.10325152902072458, 0.06514334375286635, 0.8160811430144478, -0.12829895619337442, -0.7716262011731739, -0.4367474953376045, -0.427127413651596, 0.2261695145111154, -0.07041572271405443], [-0.18760307896453, -0.5989836075676384, 0.07050211208029071, 0.2515202002538245, -0.5122442874576836, -0.3899247093979395, 0.5703605954836147, 0.23445553321471202, 0.48729819454292156, -0.0066606215613679715], [-0.5506677896117009, -0.19210694427677016, -0.609078580251549, -0.13789851808120718, 0.5574441385862557, 0.11655073173660585, -0.18187881398919775, 0.5382486355852563, 0.18417771760630247, 0.03399614967110415]], "inverted": false, "swapped": false, "error_lsq": 0.048010415497487045, "error_max": 0.24110535045962964, "target": "29.xyz", "model": "26.xyz", "model_rescale": 3.795458400668931, "target_rescale": 4.117894457231895},
{"mapping": [6, 1, 8, 11, 3, 0, 5, 7, 10, 12], "R": [[-0.31207865587254685, -0.9472894671815599, -0.07245397101374731], [0.9153125873715899, -0.2793548534568329, -0.2901098641019241], [0.2545776501343153, -0.15685512811823493, 0.9542466603740891]], "T": [0.05806039896845669, -0.17551997929217406, -0.021277213094801805], "aligned_model": [[-0.5685901540326683, -0.15009100101950604, 0.08984956646542229, 0.6878135505691422, -0.11596851915934894, -0.6142851365536144, -0.30739072315193694, -0.46187799118562056, 0.15286436460158082, -0.06939858242286165], [-0.0020873443274087022, -0.5299285560467164, 0.10736701820967831, 0.1408065201162914, -0.31137252395720116, -0.5482824171358136, 0.456802438458443, 0.2546065002905355, 0.43964323486984896, -0.08883453985145309], [-0.5296246978219603, -0.4472123325168798, -0.6918859705535819, -0.14343737662745462, 0.6832329575991061, 0.29538165365192304, -0.20423705904793327, 0.43134114781777455, 0.3255265593058371, 0.03970184516826855]], "inverted": true, "swapped": false, "error_lsq": 0.053486162205197106, "error_max": 0.30443690630355025, "target": "29.xyz", "model": "27.xyz", "model_rescale": 3.6321398670334006, "target_rescale": 4.117894457231895},
{"mapping": [7, 8, 12, 9, 0, 3, 4, 1, 13, 14], "R": [[0.11122120407469349, 0.4894355136906266, -0.8649177542995451], [0.5272690772103041, -0.7667835879972417, -0.36610141954910697], [-0.8423877753042065, -0.41532614547662333, -0.34334680557937464]], "T": [-0.04022995850798339, -0.07098605071408101, 0.07405916217231454], "aligned_model": [[-0.5432632498634462, -0.038611460827098654, 0.10791800230957926, 0.598539608115579, -0.08133405624780042, -0.6513132009389027, -0.5620850533860622, -0.48416405936071627, 0.3413442005236539, -0.044105356214197894], [-0.163577226538755, -0.46203727620176127, -0.027223270406822188, 0.07187855099655671, -0.5359768415743276, -0.37733881265170177, 0.5284565872700476, 0.30630907596676904, 0.5957940258792417, -0.017564482113043296], [-0.5084112370338177, -0.2637365383693052, -0.7381272275347073, -0.06060823385893083, 0.488191643129803, 0.13952164024608524, -0.16004132068804097, 0.402446277676656, 0.3502526134552001, 0.10929910995215736]], "inverted": false, "swapped": false, "error_lsq": 0.04752186044662106, "error_max": 0.23887041587762, "target": "29.xyz", "model": "28.xyz", "model_rescale": 4.156811204709835, "target_rescale": 4.117894457231895},
{"mapping": [0, 1, 2, 3, 4, 5, 6, 7, 8, 9], "R": [[1.0, 0.0, 0.0], [0.0, 1.0, 0.0], [0.0, 0.0, 1.0]], "T": [0.0, 0.0, 0.0], "aligned_model": [[-0.572140066839826, -0.10346370321652314, 0.059554049417003124, 0.6916758356926491, -0.04087101108296472, -0.6916758356926508, -0.436636326810732, -0.39683688520236937, 0.23985012249777918, -0.10653080465177739], [-0.15581996009468502, -0.5337315642318393, 0.042145482795269154, 0.14336170004629933, -0.5021376753278838, -0.40740513566434144, 0.459057746533582, 0.33205046030226665, 0.5337315642318393, 0.007467712035696805], [-0.5098030612011335, -0.37341787556004047, -0.6687143219914071, -0.1704985417406638, 0.6687143219914071, 0.03683552397357073, -0.3511054290040977, 0.5683184268819664, 0.42037376576271923, 0.13808391786277852]], "inverted": false, "swapped": false, "error_lsq": 0.0, "error_max": 0.0, "target": "29.xyz", "model": "29.xyz", "model_rescale": 4.117894457231895, "target_rescale": 4.117894457231895},
{"mapping": [6, 8, 7, 4, 2, 9, 10, 11, 12, 14], "R": [[-0.6393101143862197, 0.2229914220509956, 0.7359058386336892], [-0.6661463216161059, -0.6386567238879168, -0.38518393947578455], [0.38409849757687214, -0.7364729558676462, 0.5568446187535278]], "T": [-0.05859536555049123, -0.08274918375894327, 0.0023170228433267263], "aligned_model": [[-0.5477072784967856, -0.04831843934245643, 0.08338790935169459, 0.6712115845334282, -0.10692802954588072, -0.6549868742186701, -0.4673121570977787, -0.41529374202958996, 0.20332376073177072, -0.07445135977514404], [-0.23627346169826308, -0.5859579480686176, 0.1782321508047525, 0.12918556493635855, -0.5505208351656042, -0.1627828786047429, 0.38175996497934517, 0.27855288984416104, 0.5345111549579389, -0.04798627135912445], [-0.3836742671319715, -0.4961456246707982, -0.5796908409450445, -0.14598526999591604, 0.6984596007498597, 0.16885767460194417, -0.3603161247574884, 0.519744032320154, 0.37402385409081546, -0.03648630728645526]], "inverted": true, "swapped": false, "error_lsq": 0.04570257985323186, "error_max": 0.2803854076080146, "target": "29.xyz", "model": "30.xyz", "model_rescale": 4.100398675895297, "target_rescale": 4.117894457231895},
{"mapping": [9, 1, 6, 3, 2, 8, 7, 10, 4, 11], "R": [[-0.2932177943502554, 0.2865762709661449, 0.9120840783587387], [0.1678302854040345, -0.9237732931474776, 0.3442032802991057], [0.9411994052152666, 0.25400185784084944, 0.2227705901501033]], "T": [-0.08045040829794436, -0.0009075049083304039, 0.08015064417498524], "aligned_model": [[-0.6773266643908006, 0.04466359725588498, -0.012160236492403997, 0.6728683473933316, -0.02711542415410246, -0.6547847812362418, -0.19784588942176207, -0.6100592035183116, 0.2360811592472744, -0.13139553057228065], [0.029453074619862667, -0.5764402825602938, -0.04638352626042168, 0.19832881043652098, -0.5217219106899362, -0.4559990474248157, 0.5239821483550687, 0.2672994582042963, 0.47311890851252486, 0.02708269743339785], [-0.3962616756359563, -0.12868078440199035, -0.7488208793368476, -0.23145843076555422, 0.5301221379817282, 0.05427083757577306, -0.28272375784092446, 0.48056730308952805, 0.364002093518177, 0.11776988279116637]], "inverted": true, "swapped": false, "error_lsq": 0.05690252517653845, "error_max": 0.28924379951004325, "target": "29.xyz", "model": "31.xyz", "model_rescale": 3.8381024199148657, "target_rescale": 4.117894457231895},
{"mapping": [6, 10, 5, 1, 11, 14, 4, 12, 0, 15], "R": [[-0.1311265569975656, 0.9835696522904827, 0.12408289625545998], [0.7112848972438879, 0.006154459745417673, 0.7028768865014656], [0.6905647116691644, 0.18042411623289473, -0.7004052521782391]], "T": [-0.032123126777157576, 0.11036400356636611, 0.232240968278992], "aligned_model": [[-0.6005221779921907, -0.06368716776923977, 0.029034291364566207, 0.726543963853315, 0.02593895991154055, -0.6428032223968825, -0.5196612328120914, -0.5757856730214479, 0.38586602168063583, -0.12199838870761744], [-0.14994377358323346, -0.42446436774445395, 0.0370311836214996, 0.08797411645361233, -0.6317745345600687, -0.3533972508093888, 0.4833267414543643, 0.2857340722464248, 0.5218127790113176, 0.06242136453613031], [-0.48666821724277287, -0.26399208388017564, -0.5409701303392441, -0.07643984827906025, 0.5321134371961947, 0.1460101419884041, -0.4599576566006397, 0.4707351283900313, 0.3337208093315047, 0.1042351464108573]], "inverted": true, "swapped": false, "error_lsq": 0.0459160961522683, "error_max": 0.20902243087530828, "target": "29.xyz", "model": "32.xyz", "model_rescale": 4.180218895210482, "target_rescale": 4.117894457231895},
