[{"mapping": [5, 3, 1, 0, 4, 11, 2, 9, 7, 10, 12, 13], "R": [[-0.32918582484484743, 0.9418561979818667, -0.06740619440645289], [-0.8581804763076868, -0.2686333843635505, 0.43744985414296034], [0.3939073023003378, 0.20184897108612687, 0.8967129028100035]], "T": [-0.02757817689207494, 0.08124225271490794, 0.1452825802172622], "aligned_model": [[-0.39377288667162297, 0.08147178434884772, 0.4007486517532231, 0.6996258790576292, -0.48493405985561805, -0.566980899206282, 0.2520399186486162, 0.1660710697393773, -0.41866135733808574, -0.2757692098569709, 0.27229979376133956, -0.12341206654706839], [0.4002952683314164, -0.24777570753586942, 0.35622910493280335, -0.10362640735342264, -0.7075138407613486, 0.4959737770514889, -0.6341077501728176, -0.020113737101944598, -0.15533894684245225, 0.6693797331111107, 0.48450985445605543, 0.0715151369322137], [0.725375562589125, 0.5365057819621275, 0.41724300453103386, -0.03474595673026254, -0.14123731077425916, -0.009973037152156583, 0.10859008201351517, -0.5539813930943505, -0.4567786828313604, -0.6344125140026835, -0.14206433916128108, 0.013901032549624215]], "inverted": true, "swapped": false, "error_lsq": 0.05621715138759218, "error_max": 0.33686168472175865, "target": "290.xyz", "model": "0.xyz", "model_rescale": 3.8414455957264533, "target_rescale": 3.7500846387121856},
{"mapping": [10, 5, 6, 2, 1, 12, 4, 7, 0, 13, 9, 14], "R": [[-0.2864542232894046, 0.7523083922310725, -0.5932757039845495], [-0.7233590552608697, -0.5758625793415744, -0.38096452182082663], [-0.6282480840653364, 0.3200224565444869, 0.7091473557558161]], "T": [-0.061670532710433934, 0.07722636797709481, -0.0244034339048071], "aligned_model": [[-0.287304871982118, 0.14028094743060499, 0.4432747246834287, 0.6173417754054722, -0.6821842467265564, -0.6965042488764106, 0.1230350147580978, 0.32710002892581486, -0.22694730458115328, -0.3522288803652484, 0.33255735286421656, -0.1296936737027636], [0.22292116962727324, -0.15196329320654445, 0.37383554926244106, -0.15996513472673426, -0.5232558351743711, 0.4482814826668803, -0.42502930135066175, -0.0056405495544753215, -0.2680836623664494, 0.5327783437554845, 0.5321068727479481, 0.03344084336644307], [0.6050752949843712, 0.5595575954951569, 0.4923948385345703, 0.14078495579204703, 0.029278458619775898, 0.1795421435135798, -0.1215648367902532, -0.5293247411586932, -0.6400022814762606, -0.5562824094357444, -0.3456164171545432, 0.014579628975065616]], "inverted": true, "swapped": false, "error_lsq": 0.042462891555633424, "error_max": 0.3033421455322481, "target": "290.xyz", "model": "1.xyz", "model_rescale": 4.316132596720782, "target_rescale": 3.7500846387121856},
{"mapping": [9, 5, 7, 3, 0, 1, 4, 6, 2, 8, 10, 11], "R": [[0.5533627417713991, -0.8202095243896568, 0.14507243749152854], [-0.7996740446808777, -0.571872919140084, -0.18298302275873857], [0.23304741638337445, -0.014754675689170549, -0.9723534343346261]], "T": [-0.05868399235613231, 0.08537653361659736, 0.02250162227420717], "aligned_model": [[-0.32480880875280227, 0.038125661590616367, 0.5182687177455272, 0.5633256477323324, -0.5055334626093191, -0.5615858840988074, 0.12184674987758301, 0.45905286057404926, -0.5646018233855572, -0.28239029059085036, 0.1385670851637197, 0.00846016458689347], [0.3787897099797365, -0.2888539491345788, 0.40551504218562506, -0.09798803908453929, -0.44118928803987034, 0.28840462475769757, -0.5944782610246999, 0.04891570518748911, -0.22196934689999726, 0.4598420484871181, 0.6570308004627747, 0.015407438170477905], [0.6494288870078002, 0.5385823510362205, 0.6267350419203784, 0.1249635662058917, 0.18672112472181734, 0.0009019719518699454, -0.2929913894527194, -0.6152405843482847, -0.5693691910972273, -0.6073929610615816, -0.15509119909846608, -0.058825387886626626]], "inverted": true, "swapped": false, "error_lsq": 0.0446602464382502, "error_max": 0.2581139752076413, "target": "290.xyz", "model": "2.xyz", "model_rescale": 3.795458400668931, "target_rescale": 3.7500846387121856},
{"mapping": [0, 1, 2, 6, 7, 4, 8, 3, 9, 5, 10, 11], "R": [[-0.6929976930452751, -0.3059151396456863, 0.6528170683809413], [-0.5573519999321969, 0.8016936543503949, -0.21597692642013863], [-0.45728868956656554, -0.5135204104121566, -0.7260742678849206]], "T": [-0.033626574693222826, 0.08500864967831802, 0.05365639387227852], "aligned_model": [[-0.4324048184643532, 0.17282289107231413, 0.57231757077453, 0.5046702109901763, -0.6268032708133363, -0.5486464972698016, 0.2316982779490157, 0.30847337171249545, -0.36484817632949124, -0.056833222798726706, 0.00013180706400598569, -0.15185152605344324], [0.22615590209681163, -0.26316265948319234, 0.40808115521235294, -0.1068678286685185, -0.39321396487481114, 0.4632482335169163, -0.6172809706357406, -0.1591762818247286, -0.2672108973218407, 0.4146641182226653, 0.8182626693369912, 0.08592700947032775], [0.7118822742547379, 0.5357603240797968, 0.3945099697025664, -0.09027513221231628, 0.1060666478877634, 0.0022362626937701066, -0.1630345122609623, -0.6248798037119228, -0.6680002309346867, -0.5665156299176842, 0.06813567961757747, 0.12253638070043318]], "inverted": false, "swapped": false, "error_lsq": 0.06022281841570817, "error_max": 0.40873666611312054, "target": "290.xyz", "model": "3.xyz", "model_rescale": 3.7530521520055578, "target_rescale": 3.7500846387121856},
{"mapping": [3, 1, 2, 0, 10, 4, 7, 6, 8, 5, 11], "R": [[0.3064164915201676, -0.8961669777441146, -0.32092628705896115], [0.896314345969178, 0.3851520846047012, -0.21972361032555815], [0.3205144722696866, -0.22032389730946744, 0.9212642690021422]], "T": [-0.08373083529656909, -0.057109647512942445, 0.04775976715531403], "aligned_model": [[-0.30932018582735116, -0.1382093445220141, 0.24060248067675227, 0.5486420379186985, 0.28653370200709943, -0.3207318444610859, -0.3033040448693857, -0.617916909355703, -0.47090324704948827, 0.49515830482809553, -0.07235134690041271], [-0.5696018870049322, 0.032546059078053684, -0.595148312675046, 0.31482769775607256, -0.49109899714297833, 0.7023841040600575, -0.4658180493837901, 0.04505840602748793, 0.22405996191700123, 0.3199752447044902, -0.04998086902207048], [-0.22858994604992813, -0.6207796850216686, -0.5347081819985884, -0.3750731868926428, 0.13244068373354892, 0.07561622774266008, 0.4981789441173869, 0.049766697467077466, 0.6838148910616595, 0.29238670478610407, 0.1197776282997077]], "inverted": true, "swapped": true, "error_lsq": 0.05208083314052837, "error_max": 0.292574226411261, "target": "290.xyz", "model": "4.xyz", "model_rescale": 3.7855080009869324, "target_rescale": 3.7500846387121856},
{"mapping": [2, 1, 0, 4, 13, 9, 6, 7, 8, 10, 5, 16], "R": [[-0.9558719301872434, 0.07540641348099261, -0.2839414127703953], [0.28674804754386474, 0.02922010215936921, -0.9575603076880214], [-0.06390939140608287, -0.9967246653091968, -0.04955331728930473]], "T": [-0.17611380022841783, -0.016882761900217036, 0.03550299528144978], "aligned_model": [[-0.33991722839360045, 0.22863655741353012, 0.3930174396475362, 0.5549975974947061, -0.5234619895952941, -0.6196486793612379, 0.15941549630075535, 0.3234368968255027, -0.42269039949014675, -0.27706648424228547, 0.3514105390917215, -0.21940312785780236], [0.3955855769001894, -0.1684721898654953, 0.3314299770371228, -0.12589194434695516, -0.6422888624664433, 0.53941476394753, -0.5163236571810546, 0.03422725452578865, -0.23993723320520965, 0.42894461816038654, 0.5702816631150636, 0.002456518426310915], [0.626116230814873, 0.6570347581924414, 0.43953486408852976, 0.05987318459097306, -0.07888268386370698, 0.0624082545694182, -0.2175897769556812, -0.5205602557698892, -0.584784484433393, -0.5319569388574982, -0.1435479863987111, 0.06077706392171689]], "inverted": false, "swapped": false, "error_lsq": 0.04340034107047174, "error_max": 0.22383540584196165, "target": "290.xyz", "model": "5.xyz", "model_rescale": 4.2253639853439635, "target_rescale": 3.7500846387121856},
{"mapping": [8, 5, 10, 2, 12, 9, 6, 3, 7, 0, 4, 13], "R": [[0.7226047433765483, 0.6911709580017606, -0.011184438503635652], [0.1648884425361391, -0.1566295662078619, 0.9737961698977584], [0.6713078178955758, -0.7055139160955408, -0.22714737028593351]], "T": [-0.06350678691514461, 0.10856670618914309, 0.06193503603061485], "aligned_model": [[-0.3223108537033311, 0.23340461041688504, 0.42475724253023484, 0.5923146827399253, -0.7661485026562174, -0.6027236959614937, 0.1168874879476188, 0.2622626924841249, -0.28183461935078685, -0.43261842548138213, 0.41547646771192076, -0.030740468844113356], [0.30181906502275024, -0.19673605745579986, 0.41205787544482664, -0.029377241940335044, -0.46080787592798533, 0.3880313093698979, -0.4820061064138398, -0.09157146366954828, -0.2792478311381823, 0.44033034405589755, 0.5159569115046945, 0.09097755619485721], [0.7264189383321182, 0.5303100045075678, 0.5891957136111823, 0.094203893325984, -0.16925962006770168, 0.12309947057314805, -0.11806392711653546, -0.5354161437253847, -0.5948176253636566, -0.5679476008081568, -0.26290273056425445, 0.013601857194762382]], "inverted": true, "swapped": false, "error_lsq": 0.04405180004698794, "error_max": 0.2803956136663898, "target": "290.xyz", "model": "6.xyz", "model_rescale": 3.89814844738969, "target_rescale": 3.7500846387121856},
{"mapping": [7, 11, 8, 9, 4, 0, 10, 5, 2, 1, 6, 12], "R": [[-0.8166631634014427, 0.41398066502535674, 0.4020961160323636], [-0.5742185822631986, -0.6525879896768609, -0.4943702413304787], [0.05774337474369631, -0.6346250268581257, 0.7706599626025297]], "T": [-0.11474187458432411, 0.108155383168933, 0.09196308521030513], "aligned_model": [[-0.495323411292237, 0.2031829954427834, 0.3588394901116965, 0.7376732598418825, -0.5276048683051855, -0.5010733954740356, 0.1016964484589955, 0.3067008128399896, -0.43899676928921066, -0.2693856747401515, 0.2547251902242973, -0.12170745998543933], [0.24020215714433246, -0.373022359327721, 0.3032984920327938, -0.0806490315200061, -0.3754448999819118, 0.5096579916468218, -0.5112665526471291, 0.1633121453785401, -0.2530197277982019, 0.3872030138689102, 0.6463287959786076, -0.04717353972780239], [0.6106113503627968, 0.6600582588978489, 0.5339208098744815, -0.09694750377224332, 0.1976546314027258, -0.10941714922396709, -0.23723986252893417, -0.557590913179323, -0.42374918631206915, -0.6909892293708155, -0.08478339083453124, 0.026894414583103404]], "inverted": false, "swapped": false, "error_lsq": 0.050374088617795076, "error_max": 0.2543631414500804, "target": "290.xyz", "model": "7.xyz", "model_rescale": 3.7474275329858107, "target_rescale": 3.7500846387121856},
{"mapping": [8, 4, 2, 1, 11, 5, 12, 0, 10, 6, 3, 14], "R": [[-0.31750409577166866, -0.23018903801308926, 0.9198935568568919], [0.29938183221526055, 0.8961382145437355, 0.32757719544223374], [-0.8997564491058948, 0.37940651972913486, -0.21561313753891942]], "T": [-0.08808855805567704, -0.07171836134955861, 0.008736437516903783], "aligned_model": [[-0.21681991949675278, 0.062087764620989985, 0.5217998558241916, 0.6567459500500943, -0.550995297047115, -0.5384146461142463, 0.04042811145060178, 0.24805745281418362, -0.31020123299163194, -0.2940450531576434, 0.03801669970899642, -0.04793306782828316], [0.3191947624896401, -0.10603231495094914, 0.26314180175978746, -0.08211236363575294, -0.4849213499816129, 0.48523043407391614, -0.663125430670241, 0.1792361182367485, -0.29897982558602754, 0.45292164140126906, 0.6312731976221131, -0.08640018571165752], [0.5526348490317113, 0.7758710218898682, 0.4825447211373217, -0.09083936426827303, -0.029481317149194233, 0.014729576268325453, -0.11111247910686528, -0.4994376922642242, -0.6799445816742404, -0.5822566995301094, -0.05478418089394016, 0.05049837645869322]], "inverted": true, "swapped": false, "error_lsq": 0.045882097507045284, "error_max": 0.2391108750344679, "target": "290.xyz", "model": "8.xyz", "model_rescale": 4.019505241142653, "target_rescale": 3.7500846387121856},
{"mapping": [3, 5, 4, 8, 6, 2, 11, 9, 10, 1, 0, 12], "R": [[0.10290281677348811, -0.6352013410729489, 0.7654608197675495], [-0.5681409553872674, -0.6691996022342974, -0.47894440928055615], [0.8164722071887841, -0.385604912661373, -0.4297464208340657]], "T": [-0.035593721471200705, 0.06547051453506254, -0.06406977030639996], "aligned_model": [[-0.22035323894837777, -0.03607748625353344, 0.43818096861866773, 0.6237377025655267, -0.5757611334963305, -0.5182785631775436, 0.21112557056693132, 0.3710497773109031, -0.5124002470409343, -0.23112911031128175, 0.08281201153082349, -0.024179633531465943], [0.37817935051126783, -0.2431027735395166, 0.4286926528150906, -0.08019564711138531, -0.4179463818000096, 0.32054409508246523, -0.5057017607021231, -0.1309000907547807, -0.2739320261141151, 0.39990595942675, 0.6945185735031556, 0.03936453373043441], [0.7147356690337308, 0.5320065763140942, 0.5114316567436586, -0.07822512318061994, -0.013186479426812087, 0.16380075062666943, -0.05218082882413633, -0.577314070524914, -0.7680876754713114, -0.6174450020269874, 0.04961708017252575, -0.0367303235368245]], "inverted": false, "swapped": false, "error_lsq": 0.051869092789393424, "error_max": 0.2637370022076143, "target": "290.xyz", "model": "9.xyz", "model_rescale": 3.877068213659057, "target_rescale": 3.7500846387121856},
{"mapping": [8, 0, 1, 5, 10, 9, 12, 3, 6, 13, 4, 15], "R": [[0.291337059877181, -0.7996280154360765, -0.5250883301615853], [-0.8602091030395743, -0.4591273880369584, 0.2219061526912035], [-0.4185248100052986, 0.38703627541113306, -0.8216081212633592]], "T": [-0.1396967114806272, 0.12795240382274764, -0.05386620458085379], "aligned_model": [[-0.3174464386488052, 0.17559522766845007, 0.53226825324564, 0.6075376779850462, -0.7107545008205037, -0.7229492859569048, 0.1192742003863976, 0.32613013528287726, -0.19915656404238127, -0.37865353624507747, 0.2812264038718716, -0.10434495489322523], [0.3114143635993231, -0.3030042532577081, 0.30895554078676923, -0.08030074519726055, -0.2899495753014662, 0.3130524865504848, -0.5727150212177364, 0.07095710605743402, -0.2655324579188788, 0.40651824445152995, 0.634766301199929, 0.0752644952948137], [0.6741926389302147, 0.5365856465123945, 0.4644074304740706, 0.04239819883828327, -0.10348189300897825, 0.1935195218477993, -0.039921958189252156, -0.48108772510064085, -0.5249699772661885, -0.7342625628140113, -0.20895999598550677, 0.01000290566088808]], "inverted": false, "swapped": false, "error_lsq": 0.04499875256966936, "error_max": 0.28430093059568884, "target": "290.xyz", "model": "10.xyz", "model_rescale": 4.260839863003843, "target_rescale": 3.7500846387121856},
{"mapping": [4, 2, 9, 8, 3, 5, 1, 7, 0, 6, 10, 11], "R": [[0.5302413516666793, -0.2906685196686427, 0.7964646386728873], [-0.06652594149674478, 0.9222371250891279, 0.38085822062194225], [-0.845232753796648, -0.2549323376525235, 0.46967126283002997]], "T": [0.0055146482876641464, 0.05261169268042099, 0.00542021527296372], "aligned_model": [[-0.21234021082442153, 0.029539408442590114, 0.4351455972374154, 0.7020518681400526, -0.5542159315718251, -0.6036227263624931, 0.08442453757352442, 0.2841449204524271, -0.3609471081951974, -0.407424954110589, 0.19563036900189087, 0.016340848050010542], [0.4015436654716101, -0.37711702094624805, 0.42766635193438196, -0.06471267778983972, -0.36703555421107714, 0.34174925288382596, -0.655304010804849, 0.01415110043489156, -0.2158308056058526, 0.4514243715447491, 0.641526296192486, 0.011365515943155241], [0.6111335115827967, 0.5393801105139039, 0.5626315857901513, 0.13458793768381005, 0.12554905260735522, 0.049715049416846076, -0.12063227091092768, -0.5866030811941251, -0.7453651572565947, -0.6058773117974953, -0.09641000887359313, -0.03968718766305439]], "inverted": false, "swapped": false, "error_lsq": 0.03955204726139661, "error_max": 0.20569584000573957, "target": "290.xyz", "model": "11.xyz", "model_rescale": 3.890672605050136, "target_rescale": 3.7500846387121856},
{"mapping": [10, 11, 9, 6, 4, 12, 0, 8, 3, 7, 5, 13], "R": [[-0.7747524416127398, -0.27270010101054826, -0.5704325631693332], [-0.5541664553568135, -0.1414779216044587, 0.8202947869246444], [-0.304398084705478, 0.9516399805637212, -0.04151088315511037]], "T": [0.09068377547733558, -0.07662316389965063, 0.07093131733908789], "aligned_model": [[-0.5270557959393452, 0.1310812508608984, 0.44733796908499285, 0.6539511365099906, -0.560785072006855, -0.37235839637664864, 0.03114207242533612, 0.3635209091394323, -0.34325101808084696, -0.3521793040920006, 0.19024289287869234, -0.05292002657026107], [0.14922751454896538, -0.15043084402109988, 0.5168670662949428, -0.19396088888192767, -0.33220402012062017, 0.5007840594669111, -0.5653699629909481, -0.0434244844560803, -0.33203924608609336, 0.4184378765099582, 0.6537720321943213, -0.012232617411095964], [0.6766786222384144, 0.6146983945265326, 0.4264415828266567, 0.10287004356368143, 0.034547110378953555, 0.15651748581236247, -0.2550685165916893, -0.5951383426938454, -0.7033595685056193, -0.4636255358573901, -0.17722794906088118, 0.01108890326189664]], "inverted": false, "swapped": false, "error_lsq": 0.04951914591940213, "error_max": 0.25928558114932504, "target": "290.xyz", "model": "12.xyz", "model_rescale": 4.124412569039231, "target_rescale": 3.7500846387121856},
{"mapping": [9, 8, 11, 2, 3, 7, 1, 4, 0, 5, 10, 12], "R": [[0.7228270375664281, 0.6248702009493721, 0.29505644498711303], [0.6482007126858231, -0.46513308218493177, -0.602898873718252], [-0.23949302669708958, 0.6270474047650921, -0.7412520774613924]], "T": [-0.19003065861280394, -0.01643234998325757, -0.02564516921078349], "aligned_model": [[-0.43709476188300145, 0.23344399773332936, 0.502848423832249, 0.6711836382232803, -0.8130211570314265, -0.47191051553688873, 0.2436086890020323, 0.30345630895964737, -0.3800725160480968, -0.37832089145022274, 0.22535175956717501, -0.09074635753469225], [0.11894745819403849, -0.18457027848795274, 0.38865427814030995, -0.02069991684282796, -0.35920674467771163, 0.5417650230249308, -0.703635131305799, 0.03937271344047341, -0.2707508889142911, 0.4133825639730706, 0.5923911965097739, 0.053776211993218775], [0.5481778944713622, 0.5286967589609153, 0.562892223111977, 0.0005700257560486491, 0.030407743183614062, 0.01948922502752446, -0.07637536191173175, -0.63526198613921, -0.5114162743339203, -0.6202473950987778, 0.011784874872969926, -0.030295498001699214]], "inverted": false, "swapped": false, "error_lsq": 0.046242602391462856, "error_max": 0.26415168261121663, "target": "290.xyz", "model": "13.xyz", "model_rescale": 3.9028299243045295, "target_rescale": 3.7500846387121856},
{"mapping": [12, 11, 14, 9, 2, 5, 6, 7, 3, 4, 10, 15], "R": [[-0.537781139414699, 0.48219687445972637, 0.6915761855002667], [0.6456860504330578, -0.29188862566845386, 0.7056136014006109], [0.5421078955023502, 0.8260067823369566, -0.15437559770689396]], "T": [-0.22336378924218456, 0.02861358615207467, 0.013044983205310272], "aligned_model": [[-0.39517293847034163, 0.19462014255259044, 0.44952871834061214, 0.5314704196598314, -0.7522132114910853, -0.46983436222206987, 0.08649298140631326, 0.469599033862382, -0.2788184966962587, -0.3199011417626694, 0.20760506089740807, -0.11464958824332727], [0.171590781162399, -0.1540518902556242, 0.40391282564586894, -0.14726493407968294, -0.4809553389068617, 0.4747128617073473, -0.5376131409619094, 0.11184401966642417, -0.2478249910323952, 0.40196151802913915, 0.6006811098217432, 0.012433664250785383], [0.6720437896604984, 0.5942329431873244, 0.44826539501669166, 0.001318105700316062, 0.06603147919314027, 0.06151689939582932, -0.1536413612692961, -0.5644523558094534, -0.5430089113980456, -0.5443194713611458, -0.19276366729506328, -0.01680061512172302]], "inverted": false, "swapped": false, "error_lsq": 0.040111350527327, "error_max": 0.18799889157897742, "target": "290.xyz", "model": "14.xyz", "model_rescale": 3.942246331269136, "target_rescale": 3.7500846387121856},
{"mapping": [4, 12, 3, 1, 8, 10, 0, 2, 7, 9, 5, 14], "R": [[-0.21937905636233812, -0.6615997980912406, -0.7170484898493267], [0.9660184869573133, -0.04433748700745163, -0.2546418467231327], [0.1366788662751979, -0.7485451852837569, 0.6488443519845362]], "T": [-0.18620272775579436, 0.07818034970114025, 0.09743637023446383], "aligned_model": [[-0.3144646137869468, 0.2725242864385705, 0.33336308266471215, 0.6080714934645749, -0.5066517063079449, -0.5958966650420977, 0.13233077447551936, 0.22625207174146864, -0.35068552682936316, -0.4003700101200395, 0.3201715992594132, -0.11591816812448201], [0.42345803529767717, -0.3089058231367212, 0.3982544283185927, -0.0399554509643706, -0.6150943290519946, 0.6621840584572016, -0.47656653017400735, -0.034001803539352185, -0.24903432727402325, 0.47823993100462253, 0.354585526873664, 0.01626276923594472], [0.5535023581610305, 0.6522427142940903, 0.47710976058453525, 0.20612781371790095, -0.0271573624827659, 0.10697900892478894, -0.26520641556624636, -0.5349749844275833, -0.675127848526671, -0.5675801804651092, -0.16707218758784087, 0.06957955327294346]], "inverted": false, "swapped": false, "error_lsq": 0.04880115451446815, "error_max": 0.24324185718317437, "target": "290.xyz", "model": "15.xyz", "model_rescale": 4.355366556412066, "target_rescale": 3.7500846387121856},
{"mapping": [9, 5, 7, 3, 0, 1, 4, 6, 2, 8, 10, 11], "R": [[0.5533627417713991, -0.8202095243896568, 0.14507243749152854], [-0.7996740446808777, -0.571872919140084, -0.18298302275873857], [0.23304741638337445, -0.014754675689170549, -0.9723534343346261]], "T": [-0.05868399235613231, 0.08537653361659736, 0.02250162227420717], "aligned_model": [[-0.32480880875280227, 0.038125661590616367, 0.5182687177455272, 0.5633256477323324, -0.5055334626093191, -0.5615858840988074, 0.12184674987758301, 0.45905286057404926, -0.5646018233855572, -0.28239029059085036, 0.1385670851637197, 0.00846016458689347], [0.3787897099797365, -0.2888539491345788, 0.40551504218562506, -0.09798803908453929, -0.44118928803987034, 0.28840462475769757, -0.5944782610246999, 0.04891570518748911, -0.22196934689999726, 0.4598420484871181, 0.6570308004627747, 0.015407438170477905], [0.6494288870078002, 0.5385823510362205, 0.6267350419203784, 0.1249635662058917, 0.18672112472181734, 0.0009019719518699454, -0.2929913894527194, -0.6152405843482847, -0.5693691910972273, -0.6073929610615816, -0.15509119909846608, -0.058825387886626626]], "inverted": true, "swapped": false, "error_lsq": 0.0446602464382502, "error_max": 0.2581139752076413, "target": "290.xyz", "model": "16.xyz", "model_rescale": 3.795458400668931, "target_rescale": 3.7500846387121856},
{"mapping": [7, 11, 8, 9, 4, 0, 10, 5, 2, 1, 6, 12], "R": [[-0.8166631634014427, 0.41398066502535674, 0.4020961160323636], [-0.5742185822631986, -0.6525879896768609, -0.4943702413304787], [0.05774337474369631, -0.6346250268581257, 0.7706599626025297]], "T": [-0.11474187458432411, 0.108155383168933, 0.09196308521030513], "aligned_model": [[-0.495323411292237, 0.2031829954427834, 0.3588394901116965, 0.7376732598418825, -0.5276048683051855, -0.5010733954740356, 0.1016964484589955, 0.3067008128399896, -0.43899676928921066, -0.2693856747401515, 0.2547251902242973, -0.12170745998543933], [0.24020215714433246, -0.373022359327721, 0.3032984920327938, -0.0806490315200061, -0.3754448999819118, 0.5096579916468218, -0.5112665526471291, 0.1633121453785401, -0.2530197277982019, 0.3872030138689102, 0.6463287959786076, -0.04717353972780239], [0.6106113503627968, 0.6600582588978489, 0.5339208098744815, -0.09694750377224332, 0.1976546314027258, -0.10941714922396709, -0.23723986252893417, -0.557590913179323, -0.42374918631206915, -0.6909892293708155, -0.08478339083453124, 0.026894414583103404]], "inverted": false, "swapped": false, "error_lsq": 0.050374088617795076, "error_max": 0.2543631414500804, "target": "290.xyz", "model": "17.xyz", "model_rescale": 3.7474275329858107, "target_rescale": 3.7500846387121856},
{"mapping": [4, 0, 8, 3, 2, 9, 1, 11, 7, 12, 10, 13], "R": [[0.7154302029904571, 0.1916861093183788, 0.6718750331299832], [0.5729679171637437, 0.38934585477685196, -0.7211917714929393], [-0.39983420382712975, 0.9009252138010487, 0.16871979311112303]], "T": [-0.05779258961813244, 0.08365264773745743, -0.027934436240522834], "aligned_model": [[-0.30162196805157016, -0.012571955170653126, 0.37946865736015606, 0.607637737719821, -0.46554525649698103, -0.6880654029752213, 0.19977307563791363, 0.3259362764972163, -0.3774184054224565, -0.3448616871337047, 0.38927295863004086, -0.10327741276117552], [0.44417859893470313, -0.35745618287547476, 0.3336872327109901, -0.04867194184282761, -0.4766370371466824, 0.3081274988925451, -0.5519450246089489, -0.013760503743577013, -0.1728367179172484, 0.5518442044794493, 0.5791096029125633, 0.01378675525174168], [0.6790267329524468, 0.680952356242119, 0.4850370633837793, -0.011145637577494417, 0.12583797830545668, -0.018374739701589846, -0.11845484166779371, -0.632086318662829, -0.6599722715112953, -0.5355020896234043, -0.20426983144417968, 0.03737382920385744]], "inverted": true, "swapped": false, "error_lsq": 0.04567799679920745, "error_max": 0.21600198532766615, "target": "290.xyz", "model": "18.xyz", "model_rescale": 3.922800546911778, "target_rescale": 3.7500846387121856},
{"mapping": [6, 2, 10, 9, 5, 8, 3, 7, 12, 13, 11, 14], "R": [[0.9390652086751736, 0.33253562546827553, -0.08704361923929628], [0.3329624554088394, -0.817067435955539, 0.4706769681949159], [0.08539635322406595, -0.470978622546145, -0.8780014806141084]], "T": [-0.15515157948163363, 0.04222224869383194, 0.0775553590979782], "aligned_model": [[-0.35564307229564895, 0.3440716880937048, 0.3798809675231696, 0.64356061890266, -0.7126760617355433, -0.7237967609916184, 0.08033505968766827, 0.3230806628171424, -0.3835609797299093, -0.22751198146041632, 0.3286133774681166, -0.08762690044593986], [0.4372508550240326, -0.22954489924195443, 0.45868857868600243, -0.11055202536399701, -0.4691862462158991, 0.2677074558523528, -0.48763347525961, -0.03553828785248088, -0.24409292020784457, 0.4950820004307087, 0.5022815351426839, 0.02496391405323937], [0.6062550218585465, 0.5134999762250125, 0.5144725330471283, 0.11579187637159734, -0.023249021795852476, 0.06378100177089241, -0.19253388199027074, -0.5576282682418406, -0.618481144615398, -0.4338112063934201, -0.17055859082903466, 0.010883934491712377]], "inverted": false, "swapped": false, "error_lsq": 0.04577968984278085, "error_max": 0.27727070971472667, "target": "290.xyz", "model": "19.xyz", "model_rescale": 3.9282355846067225, "target_rescale": 3.7500846387121856},
{"mapping": [12, 10, 11, 0, 2, 7, 1, 3, 5, 6, 4, 13], "R": [[0.9569596080907917, 0.21142202703941448, -0.198819101107674], [0.16553456532609273, -0.9603244230459894, -0.22444444787895532], [-0.2383833386900602, 0.1818728374000159, -0.9539893368644367]], "T": [-0.08783432149132833, 0.2530050396637193, -0.017929215226193125], "aligned_model": [[-0.5110409986922234, -0.015828257780645436, 0.48881946222989003, 0.6217117822111107, -0.4536988779976854, -0.704984721305801, 0.12879673224082783, 0.3035561233459537, -0.35354402857242107, -0.3355504282862445, 0.4619428681498192, -0.02145303770919553], [0.385410161723161, -0.2557837575555963, 0.3212050611402019, -0.11567938824363216, -0.4779045700797568, 0.24302860017493552, -0.44500437747203786, -0.002240387781872577, -0.12424044160035513, 0.47220563116818587, 0.4995697587163862, 0.10886019485761339], [0.7074391996448757, 0.6735788726545491, 0.40181158826634816, 0.01058582529903005, 0.08517499922173252, 0.06647239046697972, -0.18332158643873933, -0.6078600252367812, -0.5421184469710935, -0.5813401533304563, -0.20850394075025938, 0.006503507072887032]], "inverted": true, "swapped": false, "error_lsq": 0.04631816518748221, "error_max": 0.2638804618431094, "target": "290.xyz", "model": "20.xyz", "model_rescale": 4.067790424073018, "target_rescale": 3.7500846387121856},
{"mapping": [0, 2, 4, 6, 12, 7, 11, 13, 10, 1, 5, 14], "R": [[-0.8923387821027314, -0.32248933922763956, 0.31580393290764247], [-0.44157158859028245, 0.7686832694726986, -0.4627532424333917], [-0.09352021228199116, -0.5523827091041893, -0.8283280223301928]], "T": [-0.02884236451734668, 0.042190949236477135, 0.03811622304436492], "aligned_model": [[-0.42051596338124886, 0.19309358166962212, 0.5173879785421637, 0.636663690605798, -0.5584619179490379, -0.6232137848841651, 0.06082640633700346, 0.21912492638267064, -0.3059007369396277, -0.35492919710052073, 0.3110994524761737, -0.06644781792544593], [0.1325214301595014, -0.017573606086966856, 0.48978159777588437, -0.2300512078701032, -0.5095384744555578, 0.4905656332043462, -0.5535635217404017, -0.029509672008836405, -0.18472632901589225, 0.5466508103910382, 0.463079890481482, 0.011789934212739436], [0.6236845159788212, 0.7458552747124342, 0.4172830971215201, 0.21288121148243205, -0.00783634546881537, 0.0865591238310708, -0.1965502974132355, -0.6126485183437501, -0.6987922031898057, -0.520894266462418, -0.19801547972908473, -0.023103882620096335]], "inverted": false, "swapped": false, "error_lsq": 0.04497983966476415, "error_max": 0.25203685822854993, "target": "290.xyz", "model": "21.xyz", "model_rescale": 4.186013935880536, "target_rescale": 3.7500846387121856},
{"mapping": [10, 7, 4, 6, 1, 9, 0, 5, 2, 8, 11, 12], "R": [[0.38020578666301313, -0.8487452864011856, 0.36752550741374224], [0.2684335803326642, 0.48152405181659896, 0.8343128912296109], [-0.885091505290694, -0.2185544013143972, 0.41090996693723425]], "T": [0.003225382985552895, 0.07078016556543489, -0.037457582258633534], "aligned_model": [[-0.2152481826348017, -0.05154845575060031, 0.4223366440641461, 0.4561191432336037, -0.444681664515397, -0.5514476776012528, 0.10228676116317331, 0.37483334259100853, -0.263812846988204, -0.42660390205885945, 0.16094359177878667, 0.04554986455178192], [0.42864010488716353, -0.22349105519270285, 0.36430891436162205, -0.19181564368270448, -0.49091314128038244, 0.3148528071545463, -0.6270547277434523, -0.06625984880129725, -0.14131913501615856, 0.48609153758376766, 0.6677343808888646, 0.08865229188796722], [0.68400274069173, 0.6324140585088158, 0.4781030574683745, 0.15170777374211641, 0.10039430121032135, 0.09751316170208953, -0.19557698663550283, -0.702037400591309, -0.695791595727688, -0.5174902693686628, -0.17063644745315837, -0.03418016364805347]], "inverted": false, "swapped": false, "error_lsq": 0.05126498041442718, "error_max": 0.22035753826064783, "target": "290.xyz", "model": "22.xyz", "model_rescale": 4.166573947596378, "target_rescale": 3.7500846387121856},
{"mapping": [6, 12, 11, 9, 13, 1, 10, 8, 7, 0, 3, 15], "R": [[0.531428626151742, -0.7582504681129825, 0.3776769028057122], [0.0599117996324009, -0.4110855823764783, -0.9096258682705758], [0.8449817699638728, 0.5060285284137991, -0.17303449615636138]], "T": [0.019384910550823926, 0.08756678628922426, 0.03299285417901615], "aligned_model": [[-0.4943774750196781, 0.07646489871876266, 0.5724841213447529, 0.5832911356895901, -0.448667207370395, -0.5645318494563305, -0.05403080255507744, 0.3580998232778989, -0.3577326069933775, -0.4505849503065903, 0.4341086648801497, -0.04579713437632058], [0.3038619352913079, -0.0664203184051303, 0.28056350686011994, -0.11042045410231338, -0.6172791294040478, 0.49353797975883196, -0.6011840165856437, 0.17030107996685123, -0.22820911200655875, 0.35260599739330084, 0.5222300821039385, 0.10983893417657745], [0.551039427044755, 0.6673517445303809, 0.5611281174349516, -0.024103451953558813, 0.06353117331610239, -0.015253060909736021, -0.25191712759146373, -0.6967374965445507, -0.4861002084475287, -0.5799005372856056, 0.010661735027848084, 0.028721915277478693]], "inverted": false, "swapped": false, "error_lsq": 0.0477195216802505, "error_max": 0.20591098241107253, "target": "290.xyz", "model": "23.xyz", "model_rescale": 4.274766983524099, "target_rescale": 3.7500846387121856},
{"mapping": [4, 5, 0, 1, 10, 3, 6, 7, 8, 9, 11], "R": [[-0.690446660679815, -0.2910457209259437, -0.662250554614181], [-0.36350813213237587, 0.9311009002843893, -0.030215085027700705], [0.6254160588198259, 0.2198715575518983, -0.7486729937362364]], "T": [-0.15212103651571202, 0.029272497757322213, 0.03710250598121417], "aligned_model": [[0.37593794010655307, 0.1047878114543907, -0.42435723788088636, -0.5983286355824745, -0.43815591350392596, -0.6051354330921774, 0.04907952400283122, 0.011685383844593639, 0.6018806343457059, 0.3981692934224506, -0.09566866315898595], [-0.21280301935039994, 0.6417998757754605, 0.4587993268821434, -0.25890861881667543, 0.4225910848255317, -0.2582741661346847, -0.4741121888484271, -0.0027372285691649456, -0.12195732709184318, 0.6563754947273683, 0.06481329784417467], [-0.5072589370376304, -0.2726652233264468, -0.6399607852563582, -0.3821843592961246, 0.3470992463230055, 0.3564814144583909, 0.08091223538100206, 0.6618226202454884, 0.2423729781669537, 0.42556494917669796, 0.06738229518659905]], "inverted": false, "swapped": true, "error_lsq": 0.04580296065453353, "error_max": 0.20444912494571812, "target": "290.xyz", "model": "24.xyz", "model_rescale": 3.7841303162186577, "target_rescale": 3.7500846387121856},
{"mapping": [9, 12, 5, 3, 10, 8, 11, 6, 7, 1, 4, 15], "R": [[-0.3570235209208448, 0.5200004081274612, -0.7759727965957035], [0.4822625615032565, 0.814054717955454, 0.32363210277533305], [0.7999731416001419, -0.2586783557272233, -0.5414134104329698]], "T": [-0.16275426490757072, 0.014695009313470606, 0.008846663880425227], "aligned_model": [[-0.42762989803887264, 0.15282223017196567, 0.47540233862646086, 0.6406568541904064, -0.7296276237617288, -0.49547690573083647, 0.12920085314177687, 0.3283908650131716, -0.36774477374211745, -0.30782909472879383, 0.3174353145178646, -0.10687354182591172], [0.05786062346835698, -0.00563360505397946, 0.41748239293392814, -0.04463476805888024, -0.5166949834443619, 0.5030199348474265, -0.6492823852348781, -0.0077978883943594784, -0.3131581905184813, 0.6008770738842626, 0.5586436202652452, 0.00874466035295485], [0.5285757637527019, 0.6981725154334847, 0.45590059620378415, 0.0053197870985571445, 0.048017774350186074, -0.008247049136689954, -0.24279553793847433, -0.5205841466613028, -0.5139312342254175, -0.4251813014986165, -0.1650562380884998, -0.03176869939064017]], "inverted": true, "swapped": false, "error_lsq": 0.05013571907604219, "error_max": 0.3110123572186694, "target": "290.xyz", "model": "25.xyz", "model_rescale": 4.19342608120988, "target_rescale": 3.7500846387121856},
{"mapping": [9, 5, 7, 3, 0, 1, 4, 6, 2, 8, 10, 11], "R": [[0.5533627417713991, -0.8202095243896568, 0.14507243749152854], [-0.7996740446808777, -0.571872919140084, -0.18298302275873857], [0.23304741638337445, -0.014754675689170549, -0.9723534343346261]], "T": [-0.05868399235613231, 0.08537653361659736, 0.02250162227420717], "aligned_model": [[-0.32480880875280227, 0.038125661590616367, 0.5182687177455272, 0.5633256477323324, -0.5055334626093191, -0.5615858840988074, 0.12184674987758301, 0.45905286057404926, -0.5646018233855572, -0.28239029059085036, 0.1385670851637197, 0.00846016458689347], [0.3787897099797365, -0.2888539491345788, 0.40551504218562506, -0.09798803908453929, -0.44118928803987034, 0.28840462475769757, -0.5944782610246999, 0.04891570518748911, -0.22196934689999726, 0.4598420484871181, 0.6570308004627747, 0.015407438170477905], [0.6494288870078002, 0.5385823510362205, 0.6267350419203784, 0.1249635662058917, 0.18672112472181734, 0.0009019719518699454, -0.2929913894527194, -0.6152405843482847, -0.5693691910972273, -0.6073929610615816, -0.15509119909846608, -0.058825387886626626]], "inverted": true, "swapped": false, "error_lsq": 0.0446602464382502, "error_max": 0.2581139752076413, "target": "290.xyz", "model": "26.xyz", "model_rescale": 3.795458400668931, "target_rescale": 3.7500846387121856},
{"mapping": [8, 11, 11, 4, 5, 1, 10, 3, 7, 0, 9, 12], "R": [[-0.17741698109616705, -0.8175842735481175, 0.547794825154017], [-0.9762301941812189, 0.21661903042412717, 0.0071276663089194225], [-0.12449025177748868, -0.5335092794927834, -0.8365823485512166]], "T": [-0.07992353036164729, 0.21130351611346096, 0.005001519874413503], "aligned_model": [[-0.4873493184120454, 0.3142892195282034, 0.3142892195282034, 0.6860404663604913, -0.5382826068455592, -0.4695020933887462, 0.1479248527324631, 0.2219848740100111, -0.25652811927073094, -0.3847188205171605, 0.21232932444270802, -0.151750380334453], [0.12885867363693165, 0.004841698035747605, 0.004841698035747605, -0.12331896947257878, -0.3789998599487484, 0.6470029906849801, -0.46311140158796427, 0.12974288026805342, -0.37618887233236054, 0.4138877970523144, 0.5228727989830969, 0.09899705169201428], [0.6032980895509453, 0.5649518902052687, 0.5649518902052687, -0.008787261879378665, 0.09615715104774197, 0.09853056156239484, -0.025593604122910472, -0.6637852450201299, -0.5277945117586063, -0.74154562016995, -0.038439715676771465, -0.09352139404479962]], "inverted": true, "swapped": false, "error_lsq": 0.061536704869787275, "error_max": 0.4471924861678194, "target": "290.xyz", "model": "27.xyz", "model_rescale": 3.6321398670334006, "target_rescale": 3.7500846387121856},
{"mapping": [13, 2, 11, 0, 4, 6, 3, 8, 7, 12, 9, 14], "R": [[-0.8211601976033371, 0.5610880432311265, -0.10428872237741793], [0.42151888309336305, 0.47310651361861655, -0.7736226844963645], [-0.3847307643895563, -0.6792278222472217, -0.6250054435103141]], "T": [0.06642814731170385, 0.024853775770514917, -0.03826083878877575], "aligned_model": [[-0.2427467442869994, 0.22683530405756722, 0.39463369325921227, 0.6436076557719292, -0.6866123771403078, -0.615669815826679, 0.18442520559272568, 0.22245524551473553, -0.2827911996656932, -0.3307933350872486, 0.05666241662698579, 0.03872056901715748], [0.4025929350065537, -0.22140968828353472, 0.2941195190918093, -0.19887581525500367, -0.31714623809069764, 0.3865671670331045, -0.6166206938987746, 0.06717564864424588, -0.29845210409715545, 0.4037264470578285, 0.6890210495278765, 0.018728258310981374], [0.6161101155625237, 0.7013792859132466, 0.4437172888286939, 0.04060981058735912, 0.011066754006745484, 0.050131629241891025, -0.2530800161491354, -0.5290703940109254, -0.6501485243516807, -0.6564681856654879, 0.03494178544107388, 0.019232680494768638]], "inverted": false, "swapped": false, "error_lsq": 0.044844380765198893, "error_max": 0.27229453662272834, "target": "290.xyz", "model": "28.xyz", "model_rescale": 4.156811204709835, "target_rescale": 3.7500846387121856},
{"mapping": [7, 6, 3, 1, 4, 8, 10, 5, 0, 11], "R": [[0.1927973156226685, -0.3977530967609644, 0.8970070619040612], [0.11331187294611805, 0.917067082106531, 0.38229358661381707], [-0.9746741068368115, 0.027936372951337607, 0.22187822004015587]], "T": [-0.13314959207736943, 0.02407685399049302, -0.0810077862835416], "aligned_model": [[-0.6171813604710041, -0.048782747082373706, 0.07435478100708065, 0.5420842939689695, 0.00471900810904663, -0.6544905905243491, -0.34007396099436, -0.3788319098359423, 0.2647405910104736, -0.20361273107695327], [-0.10814004495645425, -0.5001879177377134, 0.06037991292539002, 0.06592525383163618, -0.47834463669651, -0.5510266753415471, 0.5060707942060658, 0.36533102174914417, 0.5403541651560806, 0.01835845749011168], [-0.48888561837999805, -0.1985908855903255, -0.6688275185687325, -0.09710012527926595, 0.5209399807181905, 0.0950161899958652, -0.32075262554667006, 0.5192703016354254, 0.4595120438718106, -0.061795015881199816]], "inverted": false, "swapped": true, "error_lsq": 0.04377128205661326, "error_max": 0.22247493550871253, "target": "290.xyz", "model": "29.xyz", "model_rescale": 4.117894457231895, "target_rescale": 3.7500846387121856},
