[{"mapping": [9, 2, 12, 0, 1, 4, 3, 5, 11, 8, 7, 6, 13], "R": [[-0.4893957117651251, -0.5530958300001647, -0.6742231382430712], [-0.731199540784156, -0.1610599735231586, 0.662877753802131], [-0.47522528222196453, 0.8174011792046475, -0.3256013565265137]], "T": [0.06614659387839826, -0.13623046356325905, 0.002342542725018916], "aligned_model": [[-0.4808713221036711, 0.31644348180308335, -0.21112116500029632, 0.18170999960892753, 0.37277521067748465, -0.1222597914938889, 0.5460831423647731, 0.39102287745863396, -0.3580462670639266, -0.2619461151093176, -0.539344691517299, 0.39888013635592867, -0.0807469852117595], [0.14407536219844655, 0.5486927299657661, -0.4582609887416862, 0.05845442754101557, -0.4938904922544376, 0.7203039368235847, 0.067891009971215, -0.585401313588324, -0.468252022294121, 0.08112542124621158, 0.273287678560747, 0.2866222859336752, -0.08665524144399002], [-0.3963342880576444, -0.24156303792233438, -0.3907716120866569, -0.7353263037178172, -0.3309775866693459, 0.3821531290914066, 0.036920559828851666, 0.5172233136773359, 0.44605860295585487, 0.6773912263549436, 0.19487741503816003, 0.5455093919904078, 0.05238688335718149]], "inverted": false, "swapped": false, "error_lsq": 0.0553845511747456, "error_max": 0.29463813109347964, "target": "292.xyz", "model": "0.xyz", "model_rescale": 3.8414455957264533, "target_rescale": 3.8741894059789024},
{"mapping": [10, 6, 4, 2, 7, 8, 9, 0, 1, 11, 12, 13, 14], "R": [[-0.040105014445988185, -0.032559251140593576, 0.9986648501782024], [0.9231167012947592, 0.38132006127684515, 0.04950319846743073], [-0.38242272893614715, 0.9238695286851857, 0.014763141943479302]], "T": [0.002674128636689827, -0.02352987685996974, -0.0298879786604085], "aligned_model": [[-0.5405716132346854, 0.03346092685780952, 0.017658513473851195, 0.21546924565805212, 0.5755476719217498, 0.06653278824008241, 0.6249415418294384, 0.23278112655184346, -0.6116294076652176, -0.3374776529813598, -0.40571069483333144, 0.3628403761185594, -0.0812643111681204], [0.3730840906496936, 0.4672615104685608, -0.5184707477833707, -0.1639223374283153, -0.309415136862086, 0.721415791853338, 0.2555987154644188, -0.5978737551434017, -0.5492844483354757, -0.10014272025564738, 0.3945484426392726, 0.16239026988693667, -0.0471968812358209], [-0.15623165727256944, -0.6366854415449126, -0.25489072830766984, -0.7224288964449542, -0.08502892218393512, 0.22561235354977088, -0.049386066229502326, 0.34786491477124865, 0.2778638483501235, 0.7477318769367014, 0.460746201346572, 0.610862342328795, -0.008482131459324416]], "inverted": false, "swapped": false, "error_lsq": 0.05087770129983454, "error_max": 0.3125704336794808, "target": "292.xyz", "model": "1.xyz", "model_rescale": 4.316132596720782, "target_rescale": 3.8741894059789024},
{"mapping": [10, 5, 9, 2, 8, 0, 7, 3, 11, 1, 6, 12], "R": [[0.6927042882346932, 0.6437911566142971, 0.32510569931407407], [0.7017773361401596, -0.4977000170159782, -0.5097089988830065], [-0.16634103384700002, 0.5812294209066856, -0.7965569789608213]], "T": [-0.058600821636784775, 0.09297315950286411, -0.006567705931005044], "aligned_model": [[-0.20450390555147857, 0.3910048557657745, 0.12795834459824257, -0.5830188298164702, -0.6200571927407179, -0.3274454033489303, -0.16749231497565217, -0.19078715206415142, 0.5506464267538096, 0.22969633417238994, 0.52072553837747, -0.12891814653850492], [-0.6895211385656608, -0.37869866647434813, -0.42190609243530697, 0.45125168613037114, -0.3044894044793234, -0.2996054739847773, 0.4187901581841646, 0.6531304210040977, -0.04006218735928507, 0.09193080008516785, 0.4669895876939195, 0.06496673794196128], [0.036781836914719576, 0.1660667032389876, -0.4133507341819396, -0.09489128461006814, -0.5186987593236713, 0.49591156930046293, -0.6814835175201787, 0.469000825251958, -0.5607403568638386, 0.5576619863686317, 0.03168408714236194, -0.03868389450800445]], "inverted": false, "swapped": true, "error_lsq": 0.042187758360798966, "error_max": 0.23850000935057364, "target": "292.xyz", "model": "2.xyz", "model_rescale": 3.795458400668931, "target_rescale": 3.8741894059789024},
{"mapping": [4, 6, 11, 10, 2, 8, 9, 3, 5, 0, 7, 12], "R": [[-0.5277948683427534, 0.23813732813141467, -0.8153055806883003], [-0.5367910347677465, -0.8374167842583617, 0.10290050745917753], [-0.6582461256581975, 0.49195908609641026, 0.5698142641801425]], "T": [0.13558607199380907, -0.030004889216812183, 0.024631168424187375], "aligned_model": [[-0.06558237877999351, -0.13489656337303324, -0.630741562771749, 0.3005859564335699, 0.2823013370864746, -0.01569132745762236, -0.27190121950653573, 0.5740287829065522, 0.1067261772837225, 0.732707747063656, -0.427317404453417, 0.14308428131194045], [-0.08339120778771562, -0.561333453510829, -0.29730212307188353, 0.08692695509196155, 0.46808409691973296, 0.7131138441229306, 0.007674568019200665, -0.14893336173845773, -0.5014616387013956, -0.030126335731851667, 0.38507545792622827, 0.04744224375178867], [-0.7421320065906747, -0.3239367881750316, 0.21771686234328502, 0.7957123581778467, -0.35161449251353, 0.42510296374106354, 0.5704441074645076, -0.5678541217620654, 0.5055863177318097, 0.3743832306578038, -0.2658398427001107, 0.05120284226419616]], "inverted": false, "swapped": true, "error_lsq": 0.059006957444261605, "error_max": 0.27222805505506104, "target": "292.xyz", "model": "3.xyz", "model_rescale": 3.7530521520055578, "target_rescale": 3.8741894059789024},
{"mapping": [5, 3, 6, 4, 11, 2, 9, 0, 8, 7, 12], "R": [[-0.8637559480874937, 0.41009901026641415, -0.29282155645031105], [0.22564075515512536, 0.8343538335785321, 0.5029313372676554], [0.45056843182417905, 0.3683374569213873, -0.813213136927943]], "T": [-0.16453998395648967, -0.054234158535349714, -0.04653098512209411], "aligned_model": [[-0.3894340976912567, -0.14365354161488647, 0.3079801753956879, 0.46236537980725395, 0.35017372683070663, -0.09860869639961638, -0.1744663138654485, -0.8486816145847205, -0.3533105791552286, 0.4193289392784592, -0.19349377555574568], [-0.689696116109007, 0.3242899584765341, -0.36051619484276665, 0.2588699992160446, -0.618677034996399, 0.5831928040012815, -0.459333697293536, -0.0488575715770746, 0.2468797044628194, 0.23789800507319317, -0.006846498096743259], [-0.05227153273299878, -0.6897246268682014, -0.44638912606543335, -0.4209639730374167, 0.2888225229380097, -0.02375518110512162, 0.502261535169649, -0.15046431076006783, 0.7339714595686367, 0.33724148151690925, 0.014102528621351834]], "inverted": true, "swapped": true, "error_lsq": 0.05557321443987804, "error_max": 0.38585008004713045, "target": "292.xyz", "model": "4.xyz", "model_rescale": 3.7855080009869324, "target_rescale": 3.8741894059789024},
{"mapping": [5, 7, 9, 10, 15, 4, 8, 14, 2, 1, 0, 11, 16], "R": [[0.2772765914519977, 0.45322344643059576, 0.8471754242412461], [-0.9078108226442276, 0.41233827555474034, 0.07652879721094816], [-0.31463820830085676, -0.7902946628429908, 0.525772901316824]], "T": [0.10240366190243667, 0.0008090939087077422, 0.11767943706779813], "aligned_model": [[-0.4765643342491668, 0.1145808382690816, -0.10195156432321852, 0.11990223652952754, 0.6094831692817269, -0.17639594167435635, 0.6961407918742835, 0.17714542276905404, -0.41878648064318247, -0.29736470412257815, -0.6227824957840239, 0.43318160949144685, 0.09598996335007741], [0.33858680696192917, 0.6209203163996956, -0.5766952875201311, -0.028643316249841434, -0.5119668425757603, 0.668434268111487, 0.07755061893805162, -0.650351355168075, -0.4862010513848037, 0.1828251002170996, 0.24386045045243135, 0.26206896495640775, -0.052395879220387596], [-0.33597849641957767, -0.3026576419442457, -0.24514510757299393, -0.6101877414037672, -0.28138110826875784, 0.2711336376668041, -0.2523162828974269, 0.28531337537848034, 0.3099491467809038, 0.734250086679506, 0.27099270493042427, 0.7920424383284556, 0.12153268258253841]], "inverted": false, "swapped": false, "error_lsq": 0.04206455913484379, "error_max": 0.25883146238358345, "target": "292.xyz", "model": "5.xyz", "model_rescale": 4.2253639853439635, "target_rescale": 3.8741894059789024},
{"mapping": [2, 3, 1, 4, 0, 6, 7, 9, 8, 11, 5, 12, 13], "R": [[-0.9611132973991999, 0.21767461496962348, 0.16993819923802767], [0.019681198390080742, 0.6678012321754305, -0.7440794075466054], [-0.2754521373893616, -0.7118000255007043, -0.6461167415450781]], "T": [-0.07414583693725427, -0.0609776835366807, 0.037284928723713466], "aligned_model": [[-0.45547994169516404, 0.25362719691142166, -0.15090405611256236, -0.07467223041480363, 0.645835439116066, -0.005910163316721631, 0.6055047391687087, 0.1614553882426855, -0.4945078422807465, -0.17958562571693432, -0.6201830128749832, 0.5184839286977079, -0.05108530895600182], [0.3611207834838016, 0.43461489776228174, -0.6656010830580732, -0.07172454119086097, -0.3316999623785561, 0.5661312916034793, 0.3433829458659742, -0.5705078808976742, -0.5378601709054953, 0.24123233981212572, 0.19959892745903063, 0.13592880467188434, -0.0166235583098147], [-0.3185082650345076, -0.34996473795323557, -0.37167045086982675, -0.6703841607291138, -0.18942867739178643, 0.1629678403199985, 0.10020385922029218, 0.2770086617089176, 0.4137736447607566, 0.7465841191524062, 0.22352267663380881, 0.731087177389608, 0.002356006633025716]], "inverted": true, "swapped": false, "error_lsq": 0.04207112641008242, "error_max": 0.2998051572015821, "target": "292.xyz", "model": "6.xyz", "model_rescale": 3.89814844738969, "target_rescale": 3.8741894059789024},
{"mapping": [0, 3, 4, 7, 11, 6, 8, 10, 2, 5, 1, 9, 12], "R": [[0.4249287842578858, 0.025455544674944652, -0.90486879908328], [0.7876323781493351, 0.4822939466096973, 0.3834420242415606], [0.44617346985218465, -0.8756395173294458, 0.18489096919838308]], "T": [0.01347924224951787, -0.02078853557628579, -0.04152084052329526], "aligned_model": [[-0.4707950468934307, 0.050534748513188885, -0.11254249093195774, 0.07962006517301329, 0.7173771639568727, 0.04996498566162487, 0.6131970427705428, 0.05391076979265415, -0.5014724835156442, -0.14919045259801628, -0.686353934693264, 0.5155531011980017, -0.007224957664913236], [0.25850825971742697, 0.6662544524618937, -0.6065560210675077, -0.02271726175800631, -0.40889805432336757, 0.6071042991788416, 0.2875019390642157, -0.5391850624180401, -0.4421128868005403, 0.17660882238851872, 0.2287205132487194, 0.051880388591318674, -0.16911659436537002], [-0.23768939172878967, -0.46458201661136916, -0.27919869832982724, -0.6948938971335865, -0.13764100748624541, 0.20706562254059452, -0.09613141915868847, 0.47668181828024786, 0.201086570158878, 0.691383967396228, 0.36193345805146887, 0.6937253404633965, 0.03580734739803594]], "inverted": true, "swapped": false, "error_lsq": 0.04250956818884592, "error_max": 0.2679626456121126, "target": "292.xyz", "model": "7.xyz", "model_rescale": 3.7474275329858107, "target_rescale": 3.8741894059789024},
{"mapping": [5, 8, 11, 4, 13, 3, 2, 12, 10, 0, 6, 1, 14], "R": [[0.8454876377990526, 0.21782288040332046, -0.48754881509627246], [-0.055539275507527484, -0.8721991672080542, -0.4859876558079187], [-0.5310989015287807, 0.4379746630735365, -0.7253358886064751]], "T": [-0.032262153405720896, -0.06890738750583254, 0.03623156499527954], "aligned_model": [[-0.5350068311878027, 0.06780418472119851, -0.2899900135441282, 0.5323817099694851, 0.6116629173039999, -0.17481730810271887, 0.6104023314111126, 0.16833863935217755, -0.5316414369955579, -0.13800760846439417, -0.6802850422946065, 0.4850310730523101, 0.02670589554759628], [0.36242362673700773, 0.3717461906177503, -0.577100342426846, 0.0677164479160182, -0.5961363916850722, 0.6218070958280775, 0.47461897030911143, -0.6268694194456719, -0.4586011471097113, 0.15870583468620653, 0.2822000166011902, 0.07390775487119865, -0.0664258429811567], [-0.23620706871132466, -0.4746710362089784, -0.21235690269176624, -0.4879221157061638, -0.30362415315025537, 0.16556086317128071, 0.02394522439354154, 0.20676106877050318, 0.4533915637192199, 0.6455125818050544, 0.38798151120007374, 0.5623621315073587, 0.026814025741799554]], "inverted": false, "swapped": false, "error_lsq": 0.05292600809874405, "error_max": 0.4102238482321275, "target": "292.xyz", "model": "8.xyz", "model_rescale": 4.019505241142653, "target_rescale": 3.8741894059789024},
{"mapping": [9, 1, 11, 10, 6, 0, 2, 5, 8, 4, 7, 3, 12], "R": [[-0.20976609620587064, -0.44473032123308376, 0.8707543432326178], [0.8199188540342124, 0.40515773807175215, 0.4044505904060537], [-0.5326643011144762, 0.7987879247062387, 0.2796544182767851]], "T": [0.05045581263956485, 0.0032392121757520024, -0.008576287913081876], "aligned_model": [[-0.5186736060180138, 0.024934829259025043, -0.1740587491759477, 0.22928786971363674, 0.5703337500293107, -0.016682093370190818, 0.5833990327937436, 0.2737480056757249, -0.5663626309708931, -0.17362117982242153, -0.6429609402316427, 0.5131463999314972, 0.05008782295484377], [-0.060872552212114586, 0.5290146618352275, -0.5660723233067227, -0.00855491465506071, -0.3901419637013961, 0.5339153454300599, 0.22922737516903496, -0.4861823600176281, -0.2175924630322149, 0.08123405473485061, 0.42073141372239725, 0.05518158269475358, -0.031895062743084075], [-0.3818341718432193, -0.4319132200525102, -0.12139078650419655, -0.9063845927046688, -0.32957475932345004, 0.36091176499522404, 0.11337877141318836, 0.3928360192510354, 0.1554520944873949, 0.7859682213666018, 0.3969572600961818, 0.713698049384098, 0.009443043274663322]], "inverted": true, "swapped": false, "error_lsq": 0.05554479761144862, "error_max": 0.3878137679423829, "target": "292.xyz", "model": "9.xyz", "model_rescale": 3.877068213659057, "target_rescale": 3.8741894059789024},
{"mapping": [10, 6, 2, 13, 4, 12, 3, 7, 8, 0, 11, 5, 15], "R": [[-0.20684266934574705, 0.9756943665364507, -0.07236444739622142], [-0.9770266560032964, -0.20987267252201966, -0.037045577164914786], [-0.05133248091552282, 0.06303938798481182, 0.9966900280255433]], "T": [-0.010111085598601374, -0.023451681851885908, -0.025715307671216145], "aligned_model": [[-0.5619392805024576, 0.07629467293145581, -0.03857949963837835, 0.23412548894019716, 0.5538749710341148, -0.010060005912506423, 0.5711039814758007, 0.153125157042712, -0.48150953084888015, -0.18959112072342546, -0.6035257366544063, 0.4795214519200723, -0.03026203829562637], [0.3267691434654278, 0.5048536745569702, -0.5962131416963858, -0.06172883834246615, -0.39754340078270367, 0.6474002629760216, 0.22782762248512384, -0.7622444017048148, -0.47185083901006986, 0.19597696198849207, 0.26048814399259046, 0.20821453890093805, 0.006043067088978862], [-0.30147207782036345, -0.33187224521698666, -0.35961531885474723, -0.758191826688871, -0.01760398865172956, 0.30315074595093844, -0.06824882087941311, 0.280594691508482, 0.3890673311693556, 0.7181959927455438, 0.30878806073548604, 0.537832545317027, 0.05692260452562149]], "inverted": true, "swapped": false, "error_lsq": 0.035280241641826394, "error_max": 0.27503536889114616, "target": "292.xyz", "model": "10.xyz", "model_rescale": 4.260839863003843, "target_rescale": 3.8741894059789024},
{"mapping": [4, 7, 11, 6, 5, 1, 3, 2, 8, 10, 0, 12], "R": [[0.2710944979014268, 0.8773823240389995, 0.3958636516169388], [0.32416926591532, -0.47046046950158565, 0.8207199483820715], [0.9063233750949471, -0.09416583297710157, -0.4119596286728018]], "T": [0.0035824849022944205, 0.032575912969894594, -0.019758979514436593], "aligned_model": [[0.2741784892138988, 0.34650968773325314, -0.5101260112768903, -0.34508493702172294, -0.6298905618540631, -0.3353455670179367, 0.30003020248161394, 0.6395597615562919, 0.39685496952369387, -0.22502449819316878, -0.010568728566147944, 0.05780584251530835], [-0.12523534720939908, -0.6231833510897788, -0.6202112681117307, -0.0552955149028351, 0.13763209691138992, 0.5318543227703338, 0.49981856743663533, 0.029252018053421147, -0.3468371448685007, 0.13650241132721652, 0.5932479732241634, 0.015533741992018013], [-0.7499082928520411, -0.1807128481935764, -0.09696271904169532, -0.6094030761438826, 0.18541731797538633, -0.2129436770503946, -0.5209753639282158, -0.1016165374950615, 0.6412027793271801, 0.7368137859811772, 0.3856141802183554, 0.039652528598272424]], "inverted": true, "swapped": true, "error_lsq": 0.048280680833780676, "error_max": 0.2543226786803246, "target": "292.xyz", "model": "11.xyz", "model_rescale": 3.890672605050136, "target_rescale": 3.8741894059789024},
{"mapping": [10, 4, 11, 2, 1, 7, 0, 6, 9, 5, 12, 8, 13], "R": [[0.4265601761424945, -0.4889217361679973, -0.760921777866658], [0.7112899233182312, -0.3383206963285768, 0.6161215394885105], [-0.558670798516648, -0.8040489054393509, 0.20345096840898208]], "T": [0.08999111787329336, -0.06788778396918417, 0.0913265330764978], "aligned_model": [[-0.5764511672882396, 0.15842377188021162, -0.14845937092572425, -0.010235146107101828, 0.6926888802658717, -0.10547213303884365, 0.6463889418962362, 0.2982937542416142, -0.4955427351737737, -0.3246066713929264, -0.524893247238093, 0.5037079658788371, 0.03873566777060374], [0.12690683769998162, 0.4398387871193935, -0.41907503062929397, -0.04301086821956928, -0.39342158400658206, 0.6712284933797362, 0.08648113027324904, -0.560968725158944, -0.4629792389450947, 0.10761778209869687, 0.35088770208913117, 0.09201929637493554, 0.09246821184246283], [-0.4721006941321298, -0.3867819741698661, -0.25877494659768596, -0.6121647381827886, -0.27756564985833904, 0.4687724449329309, -0.03231099959607893, 0.304726488697358, 0.41824130050414887, 0.7255809388552954, 0.13227108782144376, 0.6591813923233918, 0.08847304324266254]], "inverted": false, "swapped": false, "error_lsq": 0.04790361892376468, "error_max": 0.2648885881214514, "target": "292.xyz", "model": "12.xyz", "model_rescale": 4.124412569039231, "target_rescale": 3.8741894059789024},
{"mapping": [3, 6, 7, 9, 11, 1, 8, 10, 5, 4, 0, 2, 12], "R": [[0.43111152735066244, 0.8424011150554226, -0.3232695660571221], [-0.6051611651083374, 0.535692736903777, 0.588908529292335], [0.6692703603403478, -0.05825506829385618, 0.7407317542727458]], "T": [-0.12212440577097736, 0.017079685658534644, -0.0033283014820425713], "aligned_model": [[-0.5758062547198113, 0.05812313410967468, -0.25539900877336286, 0.08693374789395894, 0.8169961201201006, 0.10948687272558791, 0.5469018001443006, 0.26146443735624947, -0.6216604005224137, -0.1561946991933967, -0.6070845432940233, 0.5345076565279068, -0.045690351606099286], [0.31685561111988214, 0.5465209695881218, -0.5571907501698516, -0.10995967597910379, -0.31126253627442285, 0.7304403265594119, 0.2392856215158621, -0.5584240047331833, -0.4509524477762263, -0.030466056544541414, 0.23547485353762515, 0.0837027140553963, -0.046031830980866786], [-0.4649131259878824, -0.3705006942651095, -0.21670360756050142, -0.5939186510317973, 0.02490084095425036, 0.3134320347272266, -0.13721100673862124, 0.25409115013601313, 0.32094872683234754, 0.7807985206927864, 0.2288022847290763, 0.5505590701895512, 0.06726215116300363]], "inverted": false, "swapped": false, "error_lsq": 0.04994058541294256, "error_max": 0.3581274867610852, "target": "292.xyz", "model": "13.xyz", "model_rescale": 3.9028299243045295, "target_rescale": 3.8741894059789024},
{"mapping": [11, 14, 6, 9, 7, 13, 10, 3, 2, 5, 12, 4, 15], "R": [[0.3228414058106692, 0.5683417359199365, -0.7568098162059637], [-0.7499266172808043, -0.33421119538944366, -0.5708878572628159], [-0.5773937091690219, 0.7518580637912137, 0.3183173833207459]], "T": [-0.09403395990554456, -0.08209034024671133, 0.19516149767770602], "aligned_model": [[-0.4494758514732953, 0.043678677575488184, -0.11435337086290126, 0.14772005876976463, 0.6796133143217248, -0.06775601328580819, 0.5260745292639377, 0.16997927360409357, -0.6084827591869145, -0.015945100122683034, -0.5981322857498154, 0.472940727354346, -0.0332826894392655], [0.1830104299422349, 0.5756624036188086, -0.5809050182765345, -0.11267434067660348, -0.25389013660225446, 0.7085990061016111, 0.31300130302006024, -0.6393602038365235, -0.5336317873939838, 0.26128706381611755, 0.3963139563615261, -0.13341088274579418, -0.09600899941056239], [-0.39580324890358815, -0.38055302376356365, -0.24662951713539194, -0.5406816036935749, -0.24368093519550743, 0.2774486709670272, 0.07383278248761319, 0.28701331804360075, 0.4664593487231727, 0.5667740943587631, 0.2305803602888515, 0.5629510839996381, 0.09983636366330281]], "inverted": true, "swapped": false, "error_lsq": 0.04444580615574108, "error_max": 0.31035048940038285, "target": "292.xyz", "model": "14.xyz", "model_rescale": 3.942246331269136, "target_rescale": 3.8741894059789024},
{"mapping": [1, 2, 8, 0, 7, 5, 9, 11, 13, 4, 3, 10, 14], "R": [[-0.25867023064552364, -0.9530123466262824, 0.1576615963247183], [-0.44586561378261724, 0.2625842512579627, 0.8557180408508083], [-0.856909310384735, 0.1510528985791464, -0.49283816370771905]], "T": [-0.007412588582338108, -0.026865642640779685, 0.13444014207945232], "aligned_model": [[-0.5775762316072198, 0.2214372044910553, 0.10203948930294851, -0.04479279833740723, 0.6088039238673741, -0.023291030365912097, 0.73361116485693, 0.1172621228896464, -0.5818322119687126, -0.20408845739197848, -0.5227111137152343, 0.365091441709205, -0.041374992962022454], [0.4104281751232986, 0.37174276703703757, -0.6684612814298289, -0.06554188597765, -0.1263068304355025, 0.5835324893117301, 0.28760416649902415, -0.6441688966938611, -0.5297976055199705, -0.02311526040627455, 0.4296677339268535, 0.07340117604068667, -0.01099195355744003], [-0.24016494717926418, -0.47497517327114913, -0.28414820608764196, -0.5989249450281029, -0.44982706398582706, -0.03859613673087825, 0.14688369907558857, 0.47722860966756175, 0.41378112276158646, 0.6866796862843861, 0.3408199777617793, 0.7345966454443805, 0.04419442512792393]], "inverted": true, "swapped": false, "error_lsq": 0.056339686046645736, "error_max": 0.30806880361386896, "target": "292.xyz", "model": "15.xyz", "model_rescale": 4.355366556412066, "target_rescale": 3.8741894059789024},
{"mapping": [10, 5, 9, 2, 8, 0, 7, 3, 11, 1, 6, 12], "R": [[0.6927042882346932, 0.6437911566142971, 0.32510569931407407], [0.7017773361401596, -0.4977000170159782, -0.5097089988830065], [-0.16634103384700002, 0.5812294209066856, -0.7965569789608213]], "T": [-0.058600821636784775, 0.09297315950286411, -0.006567705931005044], "aligned_model": [[-0.20450390555147857, 0.3910048557657745, 0.12795834459824257, -0.5830188298164702, -0.6200571927407179, -0.3274454033489303, -0.16749231497565217, -0.19078715206415142, 0.5506464267538096, 0.22969633417238994, 0.52072553837747, -0.12891814653850492], [-0.6895211385656608, -0.37869866647434813, -0.42190609243530697, 0.45125168613037114, -0.3044894044793234, -0.2996054739847773, 0.4187901581841646, 0.6531304210040977, -0.04006218735928507, 0.09193080008516785, 0.4669895876939195, 0.06496673794196128], [0.036781836914719576, 0.1660667032389876, -0.4133507341819396, -0.09489128461006814, -0.5186987593236713, 0.49591156930046293, -0.6814835175201787, 0.469000825251958, -0.5607403568638386, 0.5576619863686317, 0.03168408714236194, -0.03868389450800445]], "inverted": false, "swapped": true, "error_lsq": 0.042187758360798966, "error_max": 0.23850000935057364, "target": "292.xyz", "model": "16.xyz", "model_rescale": 3.795458400668931, "target_rescale": 3.8741894059789024},
{"mapping": [0, 3, 4, 7, 11, 6, 8, 10, 2, 5, 1, 9, 12], "R": [[0.4249287842578858, 0.025455544674944652, -0.90486879908328], [0.7876323781493351, 0.4822939466096973, 0.3834420242415606], [0.44617346985218465, -0.8756395173294458, 0.18489096919838308]], "T": [0.01347924224951787, -0.02078853557628579, -0.04152084052329526], "aligned_model": [[-0.4707950468934307, 0.050534748513188885, -0.11254249093195774, 0.07962006517301329, 0.7173771639568727, 0.04996498566162487, 0.6131970427705428, 0.05391076979265415, -0.5014724835156442, -0.14919045259801628, -0.686353934693264, 0.5155531011980017, -0.007224957664913236], [0.25850825971742697, 0.6662544524618937, -0.6065560210675077, -0.02271726175800631, -0.40889805432336757, 0.6071042991788416, 0.2875019390642157, -0.5391850624180401, -0.4421128868005403, 0.17660882238851872, 0.2287205132487194, 0.051880388591318674, -0.16911659436537002], [-0.23768939172878967, -0.46458201661136916, -0.27919869832982724, -0.6948938971335865, -0.13764100748624541, 0.20706562254059452, -0.09613141915868847, 0.47668181828024786, 0.201086570158878, 0.691383967396228, 0.36193345805146887, 0.6937253404633965, 0.03580734739803594]], "inverted": true, "swapped": false, "error_lsq": 0.04250956818884592, "error_max": 0.2679626456121126, "target": "292.xyz", "model": "17.xyz", "model_rescale": 3.7474275329858107, "target_rescale": 3.8741894059789024},
{"mapping": [4, 6, 3, 0, 1, 9, 2, 11, 10, 12, 5, 7, 13], "R": [[-0.5836019274368616, -0.6903190896374567, 0.4276310849015697], [-0.6840597218411022, 0.13416247749996923, -0.7169816779986393], [0.4375740934363625, -0.7109570902052975, -0.550516964897688]], "T": [-0.0010886385573367578, -0.057173441309831215, 0.05825679970278172], "aligned_model": [[-0.4894215019432321, 0.09316876151679987, -0.060478741593812384, 0.16482289244441195, 0.5393212949262232, -0.043266853551409516, 0.5680415799428539, 0.17813971853694655, -0.5143012109196585, -0.1918975609727063, -0.6620518815618675, 0.5166277610359952, 0.05387425290812764], [0.43058231880278736, 0.6439975259744137, -0.7051531001646987, 0.015652290254842154, -0.4381635064441939, 0.5811171572348698, 0.27097989180682486, -0.6024121742778026, -0.4401617875659284, 0.15849161439279313, 0.155070177993156, 0.026700628506717, -0.008708242595677672], [-0.4031011470532052, -0.2491088272454384, -0.134575663022976, -0.7580226668303384, -0.14502155839488987, 0.2545481032427914, -0.21051616799307302, 0.4968096264988472, 0.3158847342609835, 0.7484143630091394, 0.2614812424560982, 0.5989546377240036, -0.01819898281159929]], "inverted": true, "swapped": false, "error_lsq": 0.0446341045685095, "error_max": 0.20836916839671718, "target": "292.xyz", "model": "18.xyz", "model_rescale": 3.922800546911778, "target_rescale": 3.8741894059789024},
{"mapping": [12, 8, 0, 5, 1, 13, 6, 2, 9, 11, 7, 10, 14], "R": [[0.14726729579518893, 0.828368432871933, 0.5404794936077321], [0.19840852982775514, 0.5105898854088379, -0.8366194022432059], [-0.9689924658534562, 0.23044241870690407, -0.08916217123730674]], "T": [0.053680733620781046, 0.06302770623684374, 0.01440013960688663], "aligned_model": [[-0.5625706489216583, 0.3346693142585241, -0.1224699517548464, -0.018729244278099397, 0.6103315662851746, -0.1864232182462735, 0.7252195560402136, 0.14060317914738316, -0.263680574545332, -0.16335170525841883, -0.6919743250810358, 0.38529156762691785, -0.03433700450387667], [0.30341111672364507, 0.48194000957522254, -0.6236867327062529, -0.02726900201261391, -0.3483533198196167, 0.6927193677913663, 0.17310603362210736, -0.5763201565152912, -0.4129054767571395, 0.3250160935426337, 0.12456673783288287, -0.07951084981433244, 0.055278972455491515], [-0.4111161280536803, -0.33193575758619903, -0.4281344365175593, -0.7400115648129952, -0.24806609789922945, 0.14726191171125505, 0.12703292229779006, 0.32553959651606484, 0.5936346269427952, 0.6401018402277676, 0.2944403154411177, 0.7357306200885492, 0.05306984548466692]], "inverted": true, "swapped": false, "error_lsq": 0.05504171569240543, "error_max": 0.36266944003536655, "target": "292.xyz", "model": "19.xyz", "model_rescale": 3.9282355846067225, "target_rescale": 3.8741894059789024},
{"mapping": [0, 11, 2, 10, 12, 4, 9, 7, 5, 6, 3, 8, 13], "R": [[-0.33636421674262373, -0.5786776026655923, -0.7429612007826011], [0.9416876813323046, -0.2143318336431297, -0.25939579008565694], [-0.009133702541121114, -0.7868888722433283, 0.6170271292394798]], "T": [0.016585922216716904, -0.018187983500659817, 0.13883753106807914], "aligned_model": [[-0.4201463715154163, 0.17805639027455805, -0.29179958942985557, 0.12877307626050638, 0.7263059020727863, -0.11232396078693871, 0.6679056468985488, 0.2506361129445432, -0.5145667834303217, -0.14901328542338405, -0.6730081936561229, 0.44426643201351257, -0.08250686545374367], [0.4703871669522516, 0.5269986911562704, -0.6587599053042934, -0.1775703845866443, -0.3582194398511958, 0.587277988165984, 0.17441003719699394, -0.5837398680362765, -0.4093251451648123, -0.14190427053542318, 0.23922121057939433, 0.4380910214613372, -0.01887430811548332], [-0.3202443942657587, -0.29712341792581276, -0.2774342546238644, -0.7003559160483095, -0.18283078280942996, 0.2659636265699977, 0.008019168819067168, 0.2548950620520855, 0.3681379372991478, 0.7586078407864192, 0.29553957731563285, 0.5718738231949964, 0.012499423476171306]], "inverted": true, "swapped": false, "error_lsq": 0.04674143254006379, "error_max": 0.3315808596734743, "target": "292.xyz", "model": "20.xyz", "model_rescale": 4.067790424073018, "target_rescale": 3.8741894059789024},
{"mapping": [10, 13, 12, 11, 3, 5, 6, 0, 7, 8, 1, 4, 14], "R": [[-0.5235160619686865, -0.8455413376906546, -0.10483691676645521], [-0.7067409481921889, 0.36222970539877614, 0.6077062387989132], [-0.47586570060176037, 0.3922365189308794, -0.7872117556336298]], "T": [0.06503938116894159, -0.012508246667577733, 0.08632165414810056], "aligned_model": [[-0.4909971343866206, -0.1254883810457801, -0.13266952603446472, 0.20752915220182883, 0.6059821299391308, 0.007087184936456582, 0.7415305048071226, 0.10780398759574977, -0.49183244294936557, -0.1139019706695405, -0.6892060105153387, 0.5139289417338956, 0.012812075155598249], [0.1914587198210918, 0.5550997072031524, -0.5276490436540526, 0.01608031111722123, -0.5406476276718233, 0.5080915637425771, 0.26157980541878034, -0.6342206073872738, -0.32418238228282614, 0.05236739234824654, 0.26968296615912685, 0.26976323186753703, -0.00943124276365458], [-0.4798123330880547, -0.2765059738039771, -0.4452373869661125, -0.5436875628431499, -0.30379980570283355, 0.3585044993287404, -0.03530236501599704, 0.42706049620527137, 0.4728665569736623, 0.6238521563426815, 0.24376087989962297, 0.6873985789736018, 0.028449953536887493]], "inverted": false, "swapped": false, "error_lsq": 0.04649346617634606, "error_max": 0.24708937050969149, "target": "292.xyz", "model": "21.xyz", "model_rescale": 4.186013935880536, "target_rescale": 3.8741894059789024},
{"mapping": [0, 1, 5, 2, 8, 7, 9, 11, 3, 4, 6, 10, 12], "R": [[-0.1875663774656344, 0.9631741740368901, 0.1926508876511439], [-0.9221522328401698, -0.10511748542418269, -0.3722708338373908], [-0.3383106760247283, -0.2474789379451335, 0.9079097211514151]], "T": [0.04669797797782872, 0.009979997324973823, 0.04345465127050808], "aligned_model": [[-0.4404944228404718, 0.09535544633943203, -0.3590025340381937, 0.12052905211407512, 0.6201162564539909, -0.054235613696090146, 0.6452395602025882, 0.2558226534543593, -0.6313894180993624, -0.10972398584671837, -0.46798604971833224, 0.4558956536922306, 0.022451912751164257], [0.28683494753397965, 0.6248606867607559, -0.5106054388083621, -0.2063133004821692, -0.40107155090690827, 0.6705884963279597, 0.17489397367722762, -0.5076032382834302, -0.5397494894988226, 0.018176723325340406, 0.11929126833415946, 0.37419429397721754, -0.01550457803884515], [-0.4123779299871733, -0.34983585772247877, -0.36019950063512746, -0.6618576091366042, -0.25637235436644795, 0.3463284880370371, 0.04490895175586285, 0.33898881686871846, 0.34401018579663856, 0.7527367754528483, 0.2251253607478709, 0.6729025370735412, 0.0731898299556573]], "inverted": false, "swapped": false, "error_lsq": 0.04730433586667286, "error_max": 0.29132937336063736, "target": "292.xyz", "model": "22.xyz", "model_rescale": 4.166573947596378, "target_rescale": 3.8741894059789024},
{"mapping": [1, 6, 7, 13, 14, 2, 12, 9, 8, 3, 4, 11, 15], "R": [[-0.807062324464528, -0.38733813426398667, -0.4456675601553327], [-0.34417018370500574, -0.30470818702784147, 0.8880877239364753], [-0.47978879632435745, 0.8701276288586062, 0.11260826088047138]], "T": [0.004170478951760265, -0.041293863837526715, 0.04455720704670626], "aligned_model": [[-0.42128401571023744, 0.15144280901076002, -0.362976718090675, 0.25045486795744787, 0.6644862839976391, -0.15783832255507696, 0.6090143797040017, 0.23181376513508356, -0.5201356161260773, -0.112240752800045, -0.6449852017163359, 0.4953590100880046, -0.030531978125817247], [0.43925901590897104, 0.6180005392788475, -0.429468207729349, -0.33912620095925144, -0.4040018320890733, 0.5826936404046066, 0.2083082417900467, -0.43098628172621134, -0.5499053029042661, 0.09191751348518633, 0.10603135370960697, 0.198458829783712, -0.003188515034722887], [-0.2655338499130097, -0.30579887294232583, -0.4307461298848288, -0.7087375809297213, -0.1971114309551952, 0.23743536022400033, 0.009286825445264942, 0.44049599016579205, 0.39168349953385895, 0.6191264422915789, 0.3555969085248688, 0.6131922395657932, -0.0013417072857333512]], "inverted": true, "swapped": false, "error_lsq": 0.047809168868186966, "error_max": 0.3340025276279494, "target": "292.xyz", "model": "23.xyz", "model_rescale": 4.274766983524099, "target_rescale": 3.8741894059789024},
{"mapping": [0, 9, 8, 2, 7, 4, 3, 6, 1, 11, 12], "R": [[-0.13783656627889332, 0.9904520373986574, 0.0024171490009302077], [-0.04649494122295647, -0.008908197082495073, 0.9988788036921263], [0.9893630786708781, 0.1375696392289661, 0.047278884560594925]], "T": [0.031528281806079694, 0.06877037283165177, -0.03279127538610061], "aligned_model": [[0.4173584805787675, 0.19434796730352094, -0.34402922589838797, -0.517616239117842, -0.6228334388181919, -0.4340813051738828, -0.08748182787143266, 0.14788748463811202, 0.525341091279222, 0.1102661054479197, -0.009264388409729658], [-0.19590862764379402, 0.7215596552826551, 0.527490055886749, -0.20409692686507774, 0.39774902403404194, -0.23565692022408535, -0.6473085105550498, 0.0036113954615604738, -0.2954810589553808, 0.7545046385258518, 0.08912380629601256], [-0.542654883664325, -0.14563320636629262, -0.6524853717386586, -0.2203080383478531, 0.15984623996080866, 0.5344620603566369, 0.1418009294173682, 0.6448408986005442, 0.12513682811260102, 0.43577762265254405, -0.10121664496179616]], "inverted": false, "swapped": true, "error_lsq": 0.05337316305731397, "error_max": 0.2794241810024845, "target": "292.xyz", "model": "24.xyz", "model_rescale": 3.7841303162186577, "target_rescale": 3.8741894059789024},
{"mapping": [13, 3, 9, 5, 2, 6, 4, 8, 10, 7, 11, 1, 15], "R": [[0.3006326876747801, 0.908854702080012, 0.28914203708297204], [-0.8376456056537618, 0.39657286135460873, -0.3756059171072266], [-0.4560370888758727, -0.12927914040583247, 0.8805209125429949]], "T": [-0.049302181671176115, -0.10034117210694497, 0.12762159310227997], "aligned_model": [[-0.5624595294910038, 0.0063866991815514085, -0.12294684118001696, 0.36714016742502753, 0.4919664101231224, 0.07791803354005084, 0.5768528805298709, 0.384184453460365, -0.6550194147253503, -0.31994660624681237, -0.6197755588550722, 0.5693890740976546, -0.04111125709071543], [0.17114164482335664, 0.5537999092088141, -0.6160192824076305, 0.07194339642894039, -0.4309569965800851, 0.5969474715180231, 0.2709966398412547, -0.4546810590356399, -0.4665830974719653, 0.10041652412850478, 0.4101178542522002, -0.08764054145979396, -0.0314896693278761], [-0.39675099748684417, -0.3392831958189426, -0.13844843378662844, -0.6248626544187712, -0.2804403091529838, 0.26772875407662233, -0.035909475370599214, 0.31733286143538875, 0.45046612374097095, 0.6837272511823042, 0.18609618156222305, 0.5400488204037222, 0.127842767473881]], "inverted": true, "swapped": false, "error_lsq": 0.04797810305449195, "error_max": 0.31655453498641584, "target": "292.xyz", "model": "25.xyz", "model_rescale": 4.19342608120988, "target_rescale": 3.8741894059789024},
{"mapping": [10, 5, 9, 2, 8, 0, 7, 3, 11, 1, 6, 12], "R": [[0.6927042882346932, 0.6437911566142971, 0.32510569931407407], [0.7017773361401596, -0.4977000170159782, -0.5097089988830065], [-0.16634103384700002, 0.5812294209066856, -0.7965569789608213]], "T": [-0.058600821636784775, 0.09297315950286411, -0.006567705931005044], "aligned_model": [[-0.20450390555147857, 0.3910048557657745, 0.12795834459824257, -0.5830188298164702, -0.6200571927407179, -0.3274454033489303, -0.16749231497565217, -0.19078715206415142, 0.5506464267538096, 0.22969633417238994, 0.52072553837747, -0.12891814653850492], [-0.6895211385656608, -0.37869866647434813, -0.42190609243530697, 0.45125168613037114, -0.3044894044793234, -0.2996054739847773, 0.4187901581841646, 0.6531304210040977, -0.04006218735928507, 0.09193080008516785, 0.4669895876939195, 0.06496673794196128], [0.036781836914719576, 0.1660667032389876, -0.4133507341819396, -0.09489128461006814, -0.5186987593236713, 0.49591156930046293, -0.6814835175201787, 0.469000825251958, -0.5607403568638386, 0.5576619863686317, 0.03168408714236194, -0.03868389450800445]], "inverted": false, "swapped": true, "error_lsq": 0.042187758360798966, "error_max": 0.23850000935057364, "target": "292.xyz", "model": "26.xyz", "model_rescale": 3.795458400668931, "target_rescale": 3.8741894059789024},
{"mapping": [0, 3, 6, 7, 5, 9, 10, 8, 1, 9, 2, 11, 12], "R": [[0.7254707646536039, -0.6673749842730164, -0.16823436034147754], [-0.15680920024231904, -0.3982827413130281, 0.9037597759867075], [-0.6701515085055613, -0.6292706002498212, -0.3935930224342781]], "T": [0.04862261739715968, 0.02622926807516164, 0.18056800401645245], "aligned_model": [[-0.5268254322712761, -0.05552303747543152, -0.12283485935401395, 0.276410794137815, 0.4409299238597344, -0.14019894837140282, 0.6861286326537295, 0.22990631792309174, -0.4119656503305954, -0.14019894837140282, -0.7449815300654745, 0.5805742565613692, 0.08115699187252916], [0.17367768471326062, 0.626916896531382, -0.7007684975758484, 0.11256067285886286, -0.45370958110891185, 0.31980085185458096, 0.18619856473836077, -0.6390644476837459, -0.32143878159133543, 0.31980085185458096, 0.4031725966487059, 0.052157839700656225, 0.008688142977554006], [-0.40114644367814, -0.2358507929159842, -0.1705210759624407, -0.594588453554957, -0.24676576041151888, 0.4306408566281664, -0.09453621831756276, 0.41566841193082044, 0.31224391458428924, 0.4306408566281664, 0.23479989567813817, 0.6579878972941691, 0.018974605937196826]], "inverted": true, "swapped": false, "error_lsq": 0.058984439578622885, "error_max": 0.36644828356071674, "target": "292.xyz", "model": "27.xyz", "model_rescale": 3.6321398670334006, "target_rescale": 3.8741894059789024},
{"mapping": [1, 3, 6, 7, 12, 0, 8, 9, 13, 11, 2, 10, 14], "R": [[-0.2196351001898136, -0.9353344869826408, -0.27732619823148874], [0.8481967575977294, -0.04263273330529489, -0.5279627926773047], [0.48199863398697473, -0.3511863430030275, 0.8027113237788853]], "T": [0.033669854341747, 0.0452695793439687, 0.01644458979491273], "aligned_model": [[-0.5587207925072285, 0.0571409572715794, -0.14455096886702598, 0.3663456429133245, 0.5819254392124193, 0.07362766416103989, 0.5348265110980724, 0.1781056564099176, -0.527242248884321, -0.20693188731173853, -0.6552555918429206, 0.4816938233767595, -0.02838569426120583], [0.19590210947207565, 0.6092008636208486, -0.6812250592364743, 0.07398762509392531, -0.4814336195563683, 0.59359168755873, 0.13352585794421953, -0.45895466047509226, -0.4635033030728112, 0.04710937935431476, 0.311544183347334, 0.17872021584348333, 0.02952751402391795], [-0.2549414056789918, -0.3746956585858171, -0.19415055599298353, -0.6831191868190848, -0.30837733801510825, 0.311669814491603, -0.07345785995491678, 0.4305319915352258, 0.32141196261679394, 0.6119555078039317, 0.3129631028670701, 0.6378438847611968, 0.019913434811423845]], "inverted": true, "swapped": false, "error_lsq": 0.037843591873521945, "error_max": 0.21763861085728897, "target": "292.xyz", "model": "28.xyz", "model_rescale": 4.156811204709835, "target_rescale": 3.8741894059789024},
