[{"mapping": [4, 12, 1, 0, 6, 8, 2, 7, 9, 14, 15, 11, 10, 16], "R": [[-0.8159522699847599, -0.46302715103805325, -0.3461614515053655], [0.25811452797987444, 0.24400376912615207, -0.9347935874287746], [0.5172995104892758, -0.8520962492898413, -0.07958139477126785]], "T": [-0.12846238953482642, 0.017910231935042653, 0.13534376084055022], "aligned_model": [[0.085196453762176, 0.2651451002118293, -0.5192308462323848, -0.42406919106183294, -0.6768749455131953, -0.11444406804446994, -0.7183281183718797, -0.10820118813895557, -0.2384000175281875, 0.3191044325019665, 0.5517032600357363, 0.3398842190539948, 0.6132283065057136, -0.003221296052207584], [-0.7246754380153411, -0.2847803276787943, -0.38534082201488457, -0.24040247726611924, 0.19388723439992706, 0.30630556538663767, 0.21779916260849017, 0.40225863063895406, 0.6963875277370111, -0.03888241110263388, 0.5311026019759051, 0.5593813871658588, 0.012499112853787603, -0.010266414878763602], [0.5495186059668795, -0.40612415243466626, 0.3076643111347247, -0.39767031026368693, 0.5241915182452834, -0.6123348793799365, 0.0017761239574372867, 0.6618603447701603, 0.1511129918134677, 0.698519154275078, 0.42270117054085543, -0.16738285077905252, 0.024716844845577, 0.13903921448771273]], "inverted": true, "swapped": true, "error_lsq": 0.038000398515290704, "error_max": 0.2679172193662957, "target": "293.xyz", "model": "0.xyz", "model_rescale": 3.8414455957264533, "target_rescale": 4.298383383051403},
{"mapping": [13, 4, 15, 5, 14, 10, 11, 7, 8, 9, 12, 3, 0, 2, 16], "R": [[-0.49771465013698785, 0.7224423653967298, -0.4799553684656459], [0.3909530865967259, 0.680826248968284, 0.6193797726728485], [0.7742324012333177, 0.12063435412748069, -0.6212982709494183]], "T": [-0.044102631365161495, 0.16740546661858632, 0.04002171460371646], "aligned_model": [[-0.6691232462501379, -0.7077576257178342, 0.1324829496605989, -0.20860347971970652, -0.436066608953905, 0.22190094919817074, 0.5888030301143725, -0.2880369676748386, 0.7266187226536881, 0.2534392744659657, 0.351249105564589, -0.29023863401906297, 0.20236771893150193, 0.02641047025360898, -0.03140150500246628], [0.0521691982798705, 0.04081241936830801, -0.6926617623136236, -0.3359513846256409, -0.43528090889542315, -0.41308127492783997, -0.2696517228910681, -0.19460719085823955, 0.38493575260165785, 0.042311216227993914, 0.1591034758448782, 0.5513754274209337, 0.7265467638724661, 0.6626930557577136, 0.06833146318102795], [0.17671302141027223, -0.5186916553175116, 0.23410390009284515, -0.7079927214176813, -0.02195700193714114, -0.3532338274572578, 0.1522464706578356, 0.5245800665252315, 0.007450256615258756, 0.6470527141470941, -0.5791422483547566, -0.5749596294575962, -0.2145882085510431, 0.4343002745453313, -0.04069962416134552]], "inverted": true, "swapped": true, "error_lsq": 0.03783509302059781, "error_max": 0.2920985775497727, "target": "293.xyz", "model": "1.xyz", "model_rescale": 4.316132596720782, "target_rescale": 4.298383383051403},
{"mapping": [8, 2, 0, 10, 12, 11, 4, 15, 1, 9, 13, 16], "R": [[0.9778257939959023, 0.02431821187916584, 0.20800322393483112], [0.0535582725401722, -0.989243156924058, -0.13612306168110005], [0.20245549644007232, 0.14424493422621093, -0.9686099167937938]], "T": [0.08161909542204332, 0.02303637348788642, -0.07771993076620012], "aligned_model": [[-0.262636642978011, 0.5515488595314988, 0.07583652177813553, -0.6240811845635614, -0.5382414095224892, -0.43830343435681046, 0.03998310178292215, -0.3502620813950545, 0.48091366610788794, 0.22922059981904164, 0.46263266547353654, -0.02880210704531566], [-0.6584784650472257, -0.3869527707335255, -0.5573006386431816, 0.2683300051213526, -0.24225202327863146, -0.08199553508701318, 0.5612021453150248, 0.5387290594213847, 0.03505450075629436, -0.08185266741160838, 0.5313781684899282, 0.08691464883818147], [0.16603659154882028, 0.051942688015804234, -0.3961353057590251, -0.012983291575739797, -0.3694920214835591, 0.49046298020156387, -0.7685660981127924, 0.5190259977656546, -0.5083301742033173, 0.585513419278837, -0.21567629640051356, -0.09254002806631183]], "inverted": true, "swapped": true, "error_lsq": 0.04387893313489822, "error_max": 0.2740894384689209, "target": "293.xyz", "model": "2.xyz", "model_rescale": 3.795458400668931, "target_rescale": 4.298383383051403},
{"mapping": [14, 13, 4, 0, 10, 12, 1, 9, 2, 8, 5, 16], "R": [[0.06074825597014907, 0.6871800498155021, -0.7239428351272976], [-0.9956005728091069, 0.09355140269859033, 0.005256850321646633], [0.07133827036565477, 0.7204385568448501, 0.6898399357768049]], "T": [0.14816655032150927, -0.1036415466048212, 0.05963680681999781], "aligned_model": [[-0.2327326289929405, -0.28613248806536473, -0.7211955756677972, 0.22526891140233402, 0.1115506677509212, 0.11055610179974143, -0.2384461549656186, 0.7367688358395227, 0.45550903101202983, 0.7657977479268281, -0.4410659151938485, 0.10742529289775762], [-0.08185713573768608, -0.521150398116399, -0.008688824601411654, 0.04854202484989967, 0.5325368118467221, 0.592965744756963, -0.40960333996427534, -0.3595746705192787, -0.5244948481302286, 0.28315416648340586, 0.5369561313290303, -0.00301661690703188], [-0.5528574730734596, -0.18466911634608116, -0.002151989491216054, 0.6992524909100862, -0.335722595150978, 0.28998364911267693, 0.37889182781425085, -0.18676119881193437, 0.4259161734828539, 0.3932721029401914, -0.22740667753163804, -0.00897576321565182]], "inverted": true, "swapped": true, "error_lsq": 0.042713596520828824, "error_max": 0.2525727636090207, "target": "293.xyz", "model": "3.xyz", "model_rescale": 3.7530521520055578, "target_rescale": 4.298383383051403},
{"mapping": [4, 10, 12, 8, 3, 9, 1, 7, 6, 2, 16], "R": [[0.2932683875105302, -0.9028591086423008, -0.31438683628390673], [-0.30041112059235586, -0.39921713477363957, 0.8662440983507889], [-0.9076049864954571, -0.159596708126315, -0.3883066819458884]], "T": [-0.08857665498841963, -0.008698707179625245, -0.009886290065355763], "aligned_model": [[-0.4309963987479296, -0.19640858429262242, 0.3556702208830871, 0.5716807205772148, 0.21163618512534374, -0.17316370112311047, -0.07902340076639072, -0.6498908868276159, -0.32500169237937165, 0.1775809142757893, -0.12388377427918867], [-0.815704204608807, -0.09771373576759211, -0.29525389625184056, 0.3600683614408808, -0.705407997337448, 0.6718822491793426, -0.3749018714884576, 0.3061495247036069, 0.1909001836406537, 0.28035235825624666, -0.053167613452239325], [-0.02062067746487322, -0.7466503520644384, -0.5200497627530933, -0.27533454839122923, 0.09348842532998272, 0.03829031297757705, 0.44925393807760877, 0.0957112716297259, 0.6123598829786774, 0.49145900629089484, -0.12507671936551612]], "inverted": false, "swapped": true, "error_lsq": 0.0456506875561225, "error_max": 0.21027742016940873, "target": "293.xyz", "model": "4.xyz", "model_rescale": 3.7855080009869324, "target_rescale": 4.298383383051403},
{"mapping": [12, 2, 1, 14, 9, 15, 0, 5, 11, 4, 8, 6, 13, 3, 10, 7, 16], "R": [[0.4269390586979641, 0.5109350011842975, 0.7461021811540952], [0.45900110232025404, 0.588443428628242, -0.6656217539812163], [-0.7791283772440124, 0.6266416486869039, 0.01670975475795141]], "T": [0.10720777506840334, 0.07209849459076567, 0.012027114602033892], "aligned_model": [[0.18402972188173086, -0.37431032652415974, -0.3971026693496819, 0.23416978181177786, 0.028626837226963936, 0.7248051813301915, -0.6564225292939763, -0.43566002311555, 0.3023916534374194, -0.26894471887755755, 0.7350402389843804, 0.34549709745182566, 0.7356775537763496, -0.3799804341482816, 0.2340726785360382, 0.1061766358848996, 0.10672153340219556], [-0.48840369557680186, 0.08576741846757735, -0.49247519178905075, 0.045067715799461894, 0.5848606365368154, 0.4841680358634678, -0.0064460654146184515, 0.5297402543353634, -0.6898947628185805, -0.17796040475185065, 0.3089223706311894, -0.24194484078095657, -0.2815777190595202, 0.5105673966590151, 0.7740881412183889, 0.33379536472498594, 0.08146193274856678], [-0.3661275446517205, -0.5480971269171451, 0.006417543521459824, -0.6519362762370244, -0.4756346957172707, -0.3458698588692048, 0.15049513861297162, 0.40056516685956706, 0.12909870632206982, 0.5976725978281413, 0.22427867043615093, 0.5322886357753913, -0.05730189825824402, -0.21777557493519434, 0.1606208774928662, 0.7140834918181701, -0.040876966438016644]], "inverted": false, "swapped": false, "error_lsq": 0.03124538588951785, "error_max": 0.19710646790200792, "target": "293.xyz", "model": "5.xyz", "model_rescale": 4.2253639853439635, "target_rescale": 4.298383383051403},
{"mapping": [0, 3, 13, 6, 1, 14, 7, 9, 5, 12, 4, 15, 11, 16], "R": [[0.08489344667506547, -0.8768401067462678, 0.47322777804438093], [0.9922060011841473, 0.1178732424086979, 0.04041224985353986], [-0.09121597407138952, 0.46610870612471333, 0.8800126818114349]], "T": [0.17050191203634768, -0.10759816771057328, -0.022824561449317958], "aligned_model": [[0.45931829204881813, -0.1532328209986597, -0.37932447211454967, 0.08401348494204, -0.14758118534968667, -0.36722103612726686, 0.014151497945475627, 0.6080645331804464, -0.36415094890552047, 0.318355767640756, -0.6495900876705499, 0.1619660055529667, 0.6611074587484548, 0.12818566386505958], [-0.0850334957026788, 0.06339914846486643, -0.4218383312753425, -0.7919508389663822, -0.42170200006890957, 0.06878648222492172, -0.4004407993569756, -0.37824335755069266, 0.6367110323161738, 0.5346352071000573, 0.09386087727882857, 0.24518800108052985, 0.2938952330900825, 0.007831988000511561], [-0.6180461765244533, -0.695263150936868, 0.12400440988347941, 0.061484327250126654, -0.4038333500229133, 0.4248923966244389, 0.5385591416675374, 0.4331979439239888, -0.03304113340361824, -0.34749587467683124, -0.258382932302048, 0.8042395580987222, 0.4269444967963219, 0.014298552553565005]], "inverted": false, "swapped": true, "error_lsq": 0.03732277372010878, "error_max": 0.23534007918456404, "target": "293.xyz", "model": "6.xyz", "model_rescale": 3.89814844738969, "target_rescale": 4.298383383051403},
{"mapping": [10, 11, 9, 5, 7, 8, 12, 14, 3, 0, 2, 1, 16], "R": [[0.6477436410388357, -0.47192577886275505, -0.5980921624118927], [0.47221176715362495, 0.8647549965319203, -0.17092350024127467], [0.5978663918095768, -0.17171154654786708, 0.7829884560622444]], "T": [0.02756462068055658, 0.12224630057250971, 0.0705555949011736], "aligned_model": [[-0.13893944887142662, 0.07266659124393492, 0.4659012987370939, -0.30031689536301054, 0.6735767730991732, -0.38440970423246873, -0.622896490964803, 0.3887480931370934, -0.5501226684150612, -0.5181679208674385, 0.10564199105339751, -0.043398000102950265, 0.0003481824506877361], [-0.36629989163930843, 0.1937374677092148, 0.5288302602788553, -0.7222863070698821, 0.04469179943347172, 0.6122651673930659, -0.05350001201078877, -0.5006570016484037, -0.0918695370318087, 0.46505613963636117, 0.7132618685139169, 0.12494942278796614, 0.015601889117825118], [-0.4734772131566978, -0.7021266065109353, -0.2688804550300381, -0.06805404172626879, 0.025750245871043034, -0.411679199061658, -0.2222745740040729, 0.023163996827527816, 0.5251430125106072, 0.22178470643584486, 0.29492582236315107, 0.6536188598193386, 0.004380476498453384]], "inverted": true, "swapped": true, "error_lsq": 0.04441550064989641, "error_max": 0.22699239341731492, "target": "293.xyz", "model": "7.xyz", "model_rescale": 3.7474275329858107, "target_rescale": 4.298383383051403},
{"mapping": [10, 11, 8, 12, 2, 3, 5, 4, 0, 1, 14, 13, 7, 9, 16], "R": [[-0.5692266341176629, -0.7708023519052936, 0.2860852553144688], [-0.3571552230975575, 0.5452336803411822, 0.7583932887596936], [-0.7405546472916165, 0.32952081591134436, -0.5856576186270539]], "T": [0.1051462274400868, -0.033715685473198406, 0.05400373308628026], "aligned_model": [[-0.3962953207513548, 0.1958423285691419, 0.5226490708570295, -0.1776543438493119, 0.6970010713148771, -0.21459252176945026, -0.7815875489209828, -0.6371874808869574, 0.34405163285076656, 0.08596352920569168, -0.44359721543911085, -0.12009855340441931, 0.14326655953075432, 0.5879414628265428, -0.0035489477944699588], [0.049971610641992084, 0.2178945799830027, -0.3685368116855701, -0.5322246521670732, -0.12683736400263418, -0.6712619456401766, -0.15664195575324025, -0.18812222782032745, -0.6506593374129284, -0.2681884315726903, 0.428087695326323, 0.27011132209621236, 0.6012626916888584, 0.40618105063740134, -0.021918262339556405], [-0.4972906470425852, -0.6758246376032807, -0.5426351190819864, -0.4056141288107677, 0.27027595288020045, 0.33242753692761307, -0.14232911499511633, 0.4941442402336181, 0.031253470762250074, 0.5922047426916296, 0.13354152058801844, 0.5827462205998505, 0.19788987501492225, -0.16062621324091314, -0.01336904322719211]], "inverted": false, "swapped": true, "error_lsq": 0.041804881564970156, "error_max": 0.3895768058563555, "target": "293.xyz", "model": "8.xyz", "model_rescale": 4.019505241142653, "target_rescale": 4.298383383051403},
{"mapping": [9, 10, 7, 6, 2, 1, 4, 8, 0, 12, 5, 3, 16], "R": [[-0.6856142596649526, -0.055069510553040726, -0.7258790780505576], [0.40096706321003966, 0.8036741707193393, -0.4396967608924342], [0.6075841515089041, -0.5925159713678873, -0.5289294116507176]], "T": [0.0026379365088525716, -0.13031816451671677, -0.0784757968535971], "aligned_model": [[-0.23268433568277955, -0.6425755216822379, -0.07030440906706464, 0.4725207549024534, 0.3649196034221743, 0.5693182677079581, 0.2899988288408981, -0.3367647186328888, 0.24267621870293532, -0.31409430030565566, -0.3352508866509638, 0.39935174455084765, -0.08741047436450025], [-0.6656273396515835, 0.230355430836181, -0.1594306108261432, -0.38337567963828, -0.6541609573602263, 0.018689994076998534, 0.6974978011370615, -0.6583586473397579, -0.3442817106133712, 0.060574255873969, 0.6933989413275911, 0.268239394602969, -0.04014264431134898], [-0.4400472377059296, 0.04796325696158821, -0.7259213935742291, -0.5235587626127123, -0.08731878781810952, -0.03753996634060883, -0.05074809523724291, 0.419892357143792, 0.5001553990406812, 0.5563286659304028, 0.1389535434467167, 0.44112784316621034, -0.06258332835667997]], "inverted": false, "swapped": true, "error_lsq": 0.04360121747233426, "error_max": 0.2558334624328776, "target": "293.xyz", "model": "9.xyz", "model_rescale": 3.877068213659057, "target_rescale": 4.298383383051403},
{"mapping": [9, 2, 3, 13, 1, 6, 14, 0, 8, 12, 10, 11, 7, 4, 5, 16], "R": [[-0.3816618573264529, 0.6956601051977878, 0.6085977692189853], [0.8013172513228266, -0.07914088162014932, 0.5929817734035472], [0.460678726874329, 0.7139984165896929, -0.5272393874824405]], "T": [-0.015315865674243496, -0.010935998191276658, -0.1488127482438223], "aligned_model": [[0.31123845087270624, -0.1584248223368567, -0.5487094395336486, 0.3963920645109907, -0.15799484362900534, 0.27696722428218423, 0.5277940822305449, -0.6563151395382577, -0.4957136782997052, -0.5329231500922887, 0.05339958387847203, 0.10396263990529851, 0.622008276936669, 0.009750994338541135, -0.03750794337076262, 0.001484225162213141], [0.14065061803908047, -0.3646878829786889, -0.2847550680513948, -0.43475406211631706, -0.5551567896510112, -0.5664937219133507, 0.0914887215785661, -0.11707179987424648, 0.43144087563432726, 0.4371770586438041, 0.6451867893557347, 0.7044842513288375, -0.0822067517580922, -0.287655920631613, 0.36402450851470614, 0.08012805101320646], [-0.7345175951910033, -0.6588293232853334, 0.32735143404090955, 0.1222767366900851, 0.019924357064792758, -0.44689499583366843, 0.3151363325057592, -0.2755722029046237, -0.6134764695143526, 0.11767049584840106, 0.2077735078004605, -0.4283292303868612, -0.2675239016897156, 0.6827052118290832, 0.6871695335053678, -0.059829563369259306]], "inverted": false, "swapped": true, "error_lsq": 0.036117094042188685, "error_max": 0.22182113219840896, "target": "293.xyz", "model": "10.xyz", "model_rescale": 4.260839863003843, "target_rescale": 4.298383383051403},
{"mapping": [5, 10, 8, 12, 0, 3, 4, 14, 9, 2, 1, 16], "R": [[-0.2014428236236175, 0.8798273399321163, 0.43049348510578], [-0.47921516936189235, 0.2947852555059471, -0.8267130545659398], [-0.8542678796864582, -0.3728344204124263, 0.3622442334830647]], "T": [0.06771997854475016, -0.010601507569967193, 0.14939657992852842], "aligned_model": [[0.3135351324415126, 0.25893778781711313, -0.5217059836786495, -0.33144939459192885, -0.583499140950062, -0.2992797701280993, 0.3413118360469912, 0.7297588303596073, 0.201281964067331, -0.23423803835265927, -0.029100818149774874, 0.11334624421274887], [0.011188959643060133, -0.45566529616420065, -0.5500897883134312, -0.23978591447637881, 0.10453645669378278, 0.49924624364335984, 0.588767770786008, 0.03236882697090279, -0.4335365050460345, 0.10633628454047472, 0.566112981114881, -0.05640151385948993], [-0.7332439646611855, -0.42307757393747525, 0.2120157521803257, -0.42320646857125543, 0.1199051501804671, -0.28830693982112465, -0.4289876734373488, -0.13444509653665485, 0.6747094158141753, 0.697925872758456, 0.204459300380914, 0.03843030304621048]], "inverted": false, "swapped": true, "error_lsq": 0.04449529048385353, "error_max": 0.2530904119887226, "target": "293.xyz", "model": "11.xyz", "model_rescale": 3.890672605050136, "target_rescale": 4.298383383051403},
{"mapping": [11, 15, 7, 8, 9, 3, 10, 0, 12, 4, 6, 14, 1, 16], "R": [[-0.3672856660872885, -0.6779205675858269, 0.6368084040988528], [-0.7311168293808818, 0.6336543975552502, 0.2528839383095335], [-0.574951668649517, -0.37270069560305874, -0.7283713134206569]], "T": [0.12962789449711443, 0.02234555142774679, 0.20434472424430156], "aligned_model": [[0.5107416656177074, 0.2044278058009587, 0.27304797154160776, 0.6227910973460832, 0.7479736362143473, -0.4087353328178084, -0.12931415411735553, 0.20447169357040137, -0.10160578444296639, -0.7292221208734084, 0.36474849563642914, -0.28469495883510887, -0.11979375574947843, 0.05503957590228478], [-0.21621302552969546, 0.2841213053867608, 0.6159525527657086, -0.6041896753731631, 0.24436862285876937, -0.3190526047634787, -0.24283785298730937, -0.4838965357316644, -0.652439747654465, 0.16401926035259398, 0.5530364143231747, 0.43888806405159525, 0.15920873945151223, -0.008812997322573776], [-0.42970973550549924, -0.6526526085063316, -0.024599221917800923, 0.12288678620693669, 0.0018090704311121697, 0.6284086941459532, -0.44757510274944295, 0.6242616109823138, 0.02847057083629015, 0.30888941405503706, 0.5864603171597664, -0.21462651181506176, 0.7182154078481082, 0.10455174418547945]], "inverted": false, "swapped": true, "error_lsq": 0.04288876451289125, "error_max": 0.2877028339095721, "target": "293.xyz", "model": "12.xyz", "model_rescale": 4.124412569039231, "target_rescale": 4.298383383051403},
{"mapping": [9, 8, 10, 2, 15, 7, 0, 13, 12, 1, 14, 5, 16], "R": [[-0.4860712767882378, -0.809635942276854, -0.32897470245434246], [-0.8550956244892132, 0.3629088823322851, 0.3702818063363823], [-0.180405617597831, 0.4612881790137294, -0.8687157354631851]], "T": [-0.015308562547230994, 0.07674880967743285, -0.04813254141431517], "aligned_model": [[-0.11582912398758459, -0.3547543126453872, 0.5900481252547701, -0.6027151231771204, 0.7124537892875881, 0.24130752682682072, -0.5206796781952127, 0.17242740096688552, 0.08629155578258345, -0.27497260974761845, 0.6434993513366029, 0.692491386398783, 0.097730019408647], [-0.30422261949186286, 0.528406111432108, 0.4635323741630266, -0.15136893333715218, -0.12005964754131722, -0.5101807681497316, 0.49791835258585293, -0.37438175062482365, 0.8024688001329889, -0.021861097436927643, -0.15625110463943948, 0.5558615957084548, 0.13762406370730024], [0.5152703148949656, 0.5203514031681206, 0.16707535370707716, 0.04489059622185181, 0.4419637663177473, 0.0744063273872459, -0.12181488959901021, -0.4769111620253581, 0.004249167026456106, -0.5656810320174837, -0.22810798638894378, -0.37892615657925416, -0.04506762114557524]], "inverted": true, "swapped": true, "error_lsq": 0.04425181410926489, "error_max": 0.24422513016178732, "target": "293.xyz", "model": "13.xyz", "model_rescale": 3.9028299243045295, "target_rescale": 4.298383383051403},
{"mapping": [4, 10, 5, 3, 1, 13, 12, 0, 14, 8, 2, 11, 15, 7, 9, 16], "R": [[0.5289120463858875, -0.7099477179351152, -0.4650013817039851], [-0.3975170769155545, 0.2768480736746438, -0.8748344515753552], [0.7498214592477372, 0.6475564700482588, -0.13578806041118874]], "T": [-0.01212888220491231, -0.007755814583758992, 0.20982013704181562], "aligned_model": [[0.0839626530574678, -0.07245763249140932, -0.09533312648241526, -0.46964456951903766, -0.037554724786848646, 0.48230447576529195, -0.605456585632572, -0.6201152029734304, 0.5069016995490206, -0.581082375174233, -0.08915271457880766, -0.04658036977718715, 0.49473169509039056, 0.6240630004639337, 0.26593253943419176, -0.012679490363759], [-0.6364272024500807, 0.3992568431358888, -0.08751214454791034, -0.5699151719094736, -0.5824777353620809, -0.42343742245281885, 0.15310822225102458, -0.15921817447238829, -0.03832728636592143, 0.5030506286153276, -0.09596291075228025, 0.762367711879342, 0.6264690122923495, 0.10737816075960252, 0.46258945989342193, 0.03131029160709804], [-0.3936391273656869, -0.417135859572165, -0.6993939339365964, -0.036906774698836214, 0.3283697537475675, 0.1366140216277914, -0.19244958586695032, 0.42341935083791526, -0.2905603467689552, 0.4501541362186433, 0.8359385872704739, 0.11029221081793644, -0.1767251055772277, 0.29559878921748606, 0.6271012894870962, 0.0874827041858395]], "inverted": true, "swapped": true, "error_lsq": 0.040296927924227496, "error_max": 0.26571295031404807, "target": "293.xyz", "model": "14.xyz", "model_rescale": 3.942246331269136, "target_rescale": 4.298383383051403},
{"mapping": [5, 14, 4, 7, 9, 13, 0, 3, 12, 1, 2, 8, 15, 11, 16], "R": [[-0.931999701619913, -0.33975335340727875, 0.126270404406189], [0.07251500129885757, -0.5161075330273509, -0.8534486445821148], [0.3551311458701144, -0.7862573835589279, 0.5056492816489003]], "T": [0.03425114567945174, 0.03537443988629726, -0.011518275899913749], "aligned_model": [[-0.8293578891842321, -0.2678903114156181, -0.39641361914557216, 0.29294010808581517, 0.4330886074859483, 0.18821671280168045, 0.07056214252657728, -0.24542439008031125, -0.5531671925408692, 0.23269956672963066, 0.6110174923526086, -0.00220662661025596, -0.27544964452443865, -0.19741123862154397, -0.08690968132720908], [-0.001137477051869347, -0.4451499202412928, 0.2208440142375415, -0.5267378586105674, -0.3895220011620036, -0.1339918948607098, 0.6448446524191925, 0.6848720754512274, 0.3525622294072564, 0.4056095253468108, 0.2504803515380029, 0.23718876327956445, -0.798933898719132, -0.3960830262545303, -0.006700844897840411], [-0.31615011948097294, -0.45706834883211833, -0.7522971080747185, -0.2175855115994832, 0.35325300183076935, -0.6199788980632595, 0.2442949535900005, -0.30503545127047227, 0.2951860345880598, -0.4220666615890345, 0.15221169815056412, 0.7632936628626543, 0.11724902241028137, 0.5921040842870211, -0.018047878448775232]], "inverted": false, "swapped": true, "error_lsq": 0.03554040366123817, "error_max": 0.2461135950176706, "target": "293.xyz", "model": "15.xyz", "model_rescale": 4.355366556412066, "target_rescale": 4.298383383051403},
{"mapping": [8, 2, 0, 10, 12, 11, 4, 15, 1, 9, 13, 16], "R": [[0.9778257939959023, 0.02431821187916584, 0.20800322393483112], [0.0535582725401722, -0.989243156924058, -0.13612306168110005], [0.20245549644007232, 0.14424493422621093, -0.9686099167937938]], "T": [0.08161909542204332, 0.02303637348788642, -0.07771993076620012], "aligned_model": [[-0.262636642978011, 0.5515488595314988, 0.07583652177813553, -0.6240811845635614, -0.5382414095224892, -0.43830343435681046, 0.03998310178292215, -0.3502620813950545, 0.48091366610788794, 0.22922059981904164, 0.46263266547353654, -0.02880210704531566], [-0.6584784650472257, -0.3869527707335255, -0.5573006386431816, 0.2683300051213526, -0.24225202327863146, -0.08199553508701318, 0.5612021453150248, 0.5387290594213847, 0.03505450075629436, -0.08185266741160838, 0.5313781684899282, 0.08691464883818147], [0.16603659154882028, 0.051942688015804234, -0.3961353057590251, -0.012983291575739797, -0.3694920214835591, 0.49046298020156387, -0.7685660981127924, 0.5190259977656546, -0.5083301742033173, 0.585513419278837, -0.21567629640051356, -0.09254002806631183]], "inverted": true, "swapped": true, "error_lsq": 0.04387893313489822, "error_max": 0.2740894384689209, "target": "293.xyz", "model": "16.xyz", "model_rescale": 3.795458400668931, "target_rescale": 4.298383383051403},
{"mapping": [10, 11, 9, 5, 7, 8, 12, 14, 3, 0, 2, 1, 16], "R": [[0.6477436410388357, -0.47192577886275505, -0.5980921624118927], [0.47221176715362495, 0.8647549965319203, -0.17092350024127467], [0.5978663918095768, -0.17171154654786708, 0.7829884560622444]], "T": [0.02756462068055658, 0.12224630057250971, 0.0705555949011736], "aligned_model": [[-0.13893944887142662, 0.07266659124393492, 0.4659012987370939, -0.30031689536301054, 0.6735767730991732, -0.38440970423246873, -0.622896490964803, 0.3887480931370934, -0.5501226684150612, -0.5181679208674385, 0.10564199105339751, -0.043398000102950265, 0.0003481824506877361], [-0.36629989163930843, 0.1937374677092148, 0.5288302602788553, -0.7222863070698821, 0.04469179943347172, 0.6122651673930659, -0.05350001201078877, -0.5006570016484037, -0.0918695370318087, 0.46505613963636117, 0.7132618685139169, 0.12494942278796614, 0.015601889117825118], [-0.4734772131566978, -0.7021266065109353, -0.2688804550300381, -0.06805404172626879, 0.025750245871043034, -0.411679199061658, -0.2222745740040729, 0.023163996827527816, 0.5251430125106072, 0.22178470643584486, 0.29492582236315107, 0.6536188598193386, 0.004380476498453384]], "inverted": true, "swapped": true, "error_lsq": 0.04441550064989641, "error_max": 0.22699239341731492, "target": "293.xyz", "model": "17.xyz", "model_rescale": 3.7474275329858107, "target_rescale": 4.298383383051403},
{"mapping": [4, 12, 10, 0, 13, 6, 14, 11, 1, 7, 2, 8, 9, 16], "R": [[-0.5094469062882238, -0.8470502885686224, -0.15155744227576468], [-0.5487619977456588, 0.45547165037048737, -0.7010034561533762], [0.6628152981815911, -0.27395507723821894, -0.6968676317291902]], "T": [-0.0002746383749450791, -0.05754540761568219, -0.0038573312773756835], "aligned_model": [[0.524252490433229, 0.14319897931055875, 0.5868789052074539, -0.4545146239011192, 0.22347286970760272, -0.32381199662046023, 0.6608090845406391, 0.15389817953544332, -0.17619257857937642, 0.18924812472443422, -0.6098634807565069, -0.3965127451642452, -0.22076749599193268, 0.11475193543715609], [-0.6742594611356291, 0.2757322291850206, 0.36290297302442875, -0.03224798125466763, -0.5962174342710739, -0.45018191650598594, -0.22543260818296804, 0.691882161652494, -0.6030586319355773, -0.13212966873398732, -0.13321122863904294, 0.5900768647452962, 0.3039232240140889, -0.017370280451162956], [-0.3402491388550008, -0.6426665906086658, -0.2059626474397951, -0.4847304045593741, 0.2831691139400183, 0.46952091610614244, 0.23170622159786358, 0.13315368924540638, -0.13220830214066048, 0.615716902597617, 0.1647060190024226, -0.26070842784122855, 0.5377972816455013, -0.044449914028591754]], "inverted": true, "swapped": true, "error_lsq": 0.03585360875335143, "error_max": 0.23714938438324587, "target": "293.xyz", "model": "18.xyz", "model_rescale": 3.922800546911778, "target_rescale": 4.298383383051403},
{"mapping": [11, 9, 7, 10, 1, 8, 2, 5, 0, 14, 13, 4, 12, 3, 16], "R": [[-0.2785691977727923, 0.9517602344735427, -0.1286532476352219], [0.8208537658626953, 0.30548583047187255, 0.4825738310869558], [0.49859632682286614, 0.028824702180198447, -0.8663549153914742]], "T": [0.04254298705393968, -0.04321029197208509, -0.09092506889737907], "aligned_model": [[-0.31634057858968123, -0.15149811098621022, 0.4356008463426298, 0.06477430870100181, 0.25252731624759034, -0.7424612052574164, -0.23934990465828673, 0.40419899556718764, -0.43851298971780883, 0.6661734291517192, 0.6533530574721427, 0.6783220965087818, -0.3176699102390164, 0.07184479314534184, 0.07508869319964284], [0.5422569265683876, -0.0410046724260662, -0.026388791477030327, 0.6954055399383827, -0.5136001972961557, 0.11214785834115387, -0.5705215704467048, 0.583144063829184, -0.30781993229146076, 0.31436437032361664, -0.2609209732364394, -0.008644888830276198, 0.3601764059709752, -0.23518664404885134, 0.07420401011586356], [-0.45508668333763574, -0.7504776286883534, -0.6110947310208616, 0.03684466356850473, 0.19129061064135622, -0.13591388885149508, -0.3105080588587201, 0.47195981966805434, 0.27891235795557406, -0.1536420588960805, -0.13705311966294828, 0.5117477592245998, 0.4063291643847794, 0.6496857604506231, -0.0503347994140676]], "inverted": false, "swapped": true, "error_lsq": 0.038542802686256275, "error_max": 0.24280504616573234, "target": "293.xyz", "model": "19.xyz", "model_rescale": 3.9282355846067225, "target_rescale": 4.298383383051403},
{"mapping": [6, 1, 3, 2, 9, 0, 8, 12, 11, 10, 4, 7, 5, 16], "R": [[-0.7939996859484281, 0.011971503770092151, 0.6078002811872337], [-0.5728138043255084, 0.3200988920064275, -0.7545999237413133], [-0.20358989240120892, -0.9473084938042837, -0.24730097710749954]], "T": [-0.126610040029023, -0.13410364969446004, 0.04041594343984777], "aligned_model": [[-0.6815077924975521, -0.06568430769825703, 0.48368000625310437, -0.4726564604500123, -0.7040516570514718, 0.19480630653698836, 0.00821591499707447, 0.5306424602226049, -0.1992830935968147, 0.24983069938584787, 0.34323165050564886, -0.6609772868717959, 0.5588245135804882, -0.052548134231177074], [-0.5384669238358771, -0.7049414192888814, -0.5714414357429621, -0.2814067486639885, 0.22533644122247365, -0.19855196342280537, 0.437933421099218, 0.17755393477994563, 0.6359981779812784, 0.34923612886158284, -0.6929454600465754, -0.14604072334260426, -0.08817456374962479, -0.08120677842634397], [-0.06684841327267707, -0.08383407571359947, -0.10958284471395607, -0.4736766048747284, -0.059735899205017574, -0.5346934234258941, -0.5045494519983481, -0.06265991660110187, 0.1168669826868785, 0.4729060722515376, 0.5257704506899449, 0.4141311729871126, 0.64706595545887, 0.13102315297466197]], "inverted": true, "swapped": true, "error_lsq": 0.042061429001511975, "error_max": 0.25832110908954076, "target": "293.xyz", "model": "20.xyz", "model_rescale": 4.067790424073018, "target_rescale": 4.298383383051403},
{"mapping": [12, 15, 3, 0, 4, 14, 1, 10, 5, 11, 9, 2, 8, 7, 16], "R": [[0.34641328261663784, -0.7857553642178132, 0.5124317956857258], [0.3235206169979099, 0.612811023229105, 0.7209695279179207], [-0.8805295270483875, -0.08397117012302174, 0.46649393842161924]], "T": [0.028894913224998667, -0.0699980683268028, 0.13714552572356553], "aligned_model": [[0.32828603233627096, 0.16049860545207173, -0.27140703098005403, 0.2809412998145971, -0.7168720864692137, -0.4160802603326419, -0.38235296060620144, 0.18649282898608194, -0.2830836015218419, 0.6333212671995472, 0.39999623877388774, 0.19625985318317857, 0.8019901839552773, -0.17112564253004264, 0.021579226646598514], [-0.1128285252690735, 0.8170217384130964, -0.5420295328455887, -0.6392853990382047, -0.05635252672112065, 0.49394131483505055, -0.4883305831665318, 0.4733644844005481, 0.3254668192226441, 0.4173794568788509, 0.14800591523807008, -0.5072162208307843, -0.23984849966401178, 0.33265089509329504, 0.01895580338160756], [-0.5323815026524628, 0.2037963402488676, -0.3855618063039964, -0.08779311243715082, -0.32358190153844657, 0.06875360150856225, 0.166791176541032, -0.35508685495323483, -0.6285118221495783, 0.100884118528348, 0.6732653452963359, 0.5690792478136352, 0.011184166231612419, 0.6096066464026497, 0.04480593108496719]], "inverted": false, "swapped": true, "error_lsq": 0.037160069062421704, "error_max": 0.28057205861408746, "target": "293.xyz", "model": "21.xyz", "model_rescale": 4.186013935880536, "target_rescale": 4.298383383051403},
{"mapping": [13, 7, 14, 3, 0, 4, 1, 2, 10, 11, 8, 12, 16], "R": [[0.5892395781562301, 0.6257620910912169, -0.5110954166174997], [0.6033223787794948, 0.0799688366172612, 0.7934778462149613], [0.5374000621493451, -0.7759038539169846, -0.3304154697931844]], "T": [-0.11233161491893638, -0.04237173161097835, -0.03314016606833202], "aligned_model": [[0.0633215290328948, -0.3022364539302089, 0.3035143001252322, 0.37891243672720787, -0.18572470768043114, 0.6733585179611281, 0.0036143735077480837, -0.6439809678021557, 0.31141417004640193, -0.3148701338004563, -0.47004952092075425, 0.2565438481614631, -0.015243356004844555], [-0.3396666801237114, 0.09645082503845417, 0.18346232204176907, -0.5059586698471794, -0.3299931286521324, -0.3661554803005869, -0.6161411316959411, -0.37922543126564234, 0.5708710160599457, 0.6956494875016437, 0.26746305266794235, 0.20051091621292869, 0.04168956190860369], [-0.5839362867309226, -0.6414315197029113, -0.5779145628724592, 0.3273932561875267, 0.5585525098521844, -0.24873116785064975, -0.0816270159258649, 0.06492117643013186, 0.048990982094200844, 0.10282228321502866, 0.6137230628390846, 0.5539499838182826, -0.03383314001828625]], "inverted": false, "swapped": true, "error_lsq": 0.04002441648936864, "error_max": 0.22531234372759054, "target": "293.xyz", "model": "22.xyz", "model_rescale": 4.166573947596378, "target_rescale": 4.298383383051403},
{"mapping": [4, 5, 12, 0, 3, 14, 10, 13, 1, 2, 7, 8, 11, 7, 9, 16], "R": [[0.3238072479058834, -0.8059522845409279, 0.495570157744468], [0.30071534485955476, 0.5843000201286113, 0.7537663881095413], [-0.8970613956522802, -0.09504946880947684, 0.43156280065526903]], "T": [-0.0348627744274822, -0.011145495412939813, 0.06631293986115433], "aligned_model": [[-0.7869439386675343, -0.36976461990900433, 0.2565160354757166, 0.23207252737982165, -0.3271307830680441, -0.4984694834494407, 0.09857477886406799, -0.6403405706624747, -0.43213333949039495, 0.15225839892462328, -0.24109677284622974, 0.7414465001873427, 0.5531802923454165, -0.24109677284622974, 0.33643629510037665, -0.046275306317257285], [-0.038269121866195424, 0.34515325731331775, -0.06984175276465115, -0.5803528830731219, -0.5117555133405618, 0.5355996479913843, 0.5179031259224031, 0.06877090816779907, -0.4407300373603292, -0.4262810986411931, 0.40260307400722756, -0.16134481707453818, 0.49319918258047996, 0.40260307400722756, 0.23846625600888116, 0.07398413574354842], [-0.38342321851778255, -0.7088297553886052, -0.6055420076408462, -0.140958214236802, -0.4338739624266232, -0.01643097698515339, -0.4481524710073595, 0.2890789306080535, 0.11768404817751701, 0.5117178945938414, 0.5263494386524481, -0.06474355427560946, 0.002871971186575506, 0.5263494386524481, 0.588325742513458, -0.029162770741467017]], "inverted": false, "swapped": true, "error_lsq": 0.0372418425901748, "error_max": 0.26722785871457966, "target": "293.xyz", "model": "23.xyz", "model_rescale": 4.274766983524099, "target_rescale": 4.298383383051403},
{"mapping": [11, 14, 5, 12, 4, 3, 0, 1, 2, 13, 16], "R": [[-0.6521663075364685, -0.2062349945857014, 0.7294835394458768], [-0.17624881728207867, 0.9771638652882073, 0.11868923616604421], [-0.7373028290471407, -0.05116549015934746, -0.6736220237609791]], "T": [0.174274893440512, 0.02053866325488299, 0.00396924404423616], "aligned_model": [[0.4197223710438011, 0.07896433622756109, -0.5613426434112236, -0.36491911618652223, -0.4836340525867296, -0.49490374904811746, -0.06456535608483821, -0.004444188958101919, 0.5462107768475755, 0.2060738714365404, 0.10273245467813007], [-0.14258367862175794, 0.7073090136807921, 0.4098627432378803, -0.3223166854809568, 0.5426767334245832, -0.11212418730625001, -0.5591034156246799, 0.07775740278463783, -0.32679577877748467, 0.5708063601454392, 0.07009802378127983], [-0.7152870360292815, -0.19595667153722454, -0.3797596257608072, -0.3585993174667784, 0.25526993104464535, 0.3515586982319686, 0.21653272265199475, 0.5605582097527108, 0.38706187030719724, 0.3486560100876708, -0.09046835726051863]], "inverted": false, "swapped": true, "error_lsq": 0.04975595278104878, "error_max": 0.22853899032412162, "target": "293.xyz", "model": "24.xyz", "model_rescale": 3.7841303162186577, "target_rescale": 4.298383383051403},
{"mapping": [11, 15, 5, 13, 14, 4, 7, 9, 10, 12, 8, 2, 3, 1, 0, 16], "R": [[0.8735604143766914, 0.053207994244744865, -0.48379862730528145], [0.03101626926117474, 0.985900521149872, 0.16443282347976965], [0.48572645951722837, -0.15864763390880424, 0.8595933543135362]], "T": [0.09779847606551902, 0.03980207881803319, 0.1420455211340123], "aligned_model": [[0.0701365906836456, 0.19249832034468212, -0.6500609049375998, 0.32580599665109067, 0.054125514385086906, -0.35255908192798147, 0.5860543062233876, 0.6361087660539027, -0.3778992293227416, -0.5765929544152895, -0.04375112953812972, 0.512612188938459, -0.43655161670218595, 0.11867741383334639, -0.14936190089346468, 0.00860026909657012], [0.09227379430405785, -0.5184943246082111, -0.4875862815645694, -0.4313057198162883, -0.6781486327976328, -0.49245757292920067, -0.3754137453005939, 0.1501869373589209, -0.2676715128545911, 0.25231778397668925, 0.685505923150822, 0.4883522854143483, 0.1641256065367498, 0.06781421989410613, 0.6207487064773124, -0.03343499887395797], [-0.6329799612066684, -0.5564550628660261, 0.09182491899843886, 0.5276420622889533, 0.08418848724812589, 0.6735548004040326, 0.02139733532290722, -0.271117408363016, -0.34942611269407664, -0.05737665798753566, -0.31118950101600706, 0.3222392281821517, 0.676116260792323, 0.7283774759388202, 0.3411073223711856, 0.08571682840364461]], "inverted": true, "swapped": true, "error_lsq": 0.035947704506390274, "error_max": 0.22498305361732993, "target": "293.xyz", "model": "25.xyz", "model_rescale": 4.19342608120988, "target_rescale": 4.298383383051403},
{"mapping": [8, 2, 0, 10, 12, 11, 4, 15, 1, 9, 13, 16], "R": [[0.9778257939959023, 0.02431821187916584, 0.20800322393483112], [0.0535582725401722, -0.989243156924058, -0.13612306168110005], [0.20245549644007232, 0.14424493422621093, -0.9686099167937938]], "T": [0.08161909542204332, 0.02303637348788642, -0.07771993076620012], "aligned_model": [[-0.262636642978011, 0.5515488595314988, 0.07583652177813553, -0.6240811845635614, -0.5382414095224892, -0.43830343435681046, 0.03998310178292215, -0.3502620813950545, 0.48091366610788794, 0.22922059981904164, 0.46263266547353654, -0.02880210704531566], [-0.6584784650472257, -0.3869527707335255, -0.5573006386431816, 0.2683300051213526, -0.24225202327863146, -0.08199553508701318, 0.5612021453150248, 0.5387290594213847, 0.03505450075629436, -0.08185266741160838, 0.5313781684899282, 0.08691464883818147], [0.16603659154882028, 0.051942688015804234, -0.3961353057590251, -0.012983291575739797, -0.3694920214835591, 0.49046298020156387, -0.7685660981127924, 0.5190259977656546, -0.5083301742033173, 0.585513419278837, -0.21567629640051356, -0.09254002806631183]], "inverted": true, "swapped": true, "error_lsq": 0.04387893313489822, "error_max": 0.2740894384689209, "target": "293.xyz", "model": "26.xyz", "model_rescale": 3.795458400668931, "target_rescale": 4.298383383051403},
