[{"mapping": [3, 2, 11, 12, 9, 0, 1, 10, 7, 6, 8, 5, 13], "R": [[-0.9601295672570261, -0.2762030622018057, 0.0431634394966572], [-0.03904009363014252, -0.020412464496142257, -0.9990291298968934], [0.2768159770825843, -0.9608825108844159, 0.008815617294039957]], "T": [0.02206887937695248, -0.15717173140905563, -0.04851396954400642], "aligned_model": [[-0.42850467529942554, -0.6046136644322047, 0.43516762879224863, 0.5213521387767358, 0.21576875414788627, -0.03776017940859787, 0.18945672151969892, 0.8564335485934822, 0.022346650362305404, -0.620767370835356, -0.09779199841354595, 0.06596250379802014, 0.05999703945434136], [-0.37766412869036003, 0.17819841863763394, -0.2130244898749437, -0.03638477966866821, 0.5350427535344658, 0.12553566669821267, -0.48944983689878574, 0.3072823768004893, 0.46424481499282155, -0.30253643354238713, -0.010028949761737044, -0.8374754030754653, -0.03888375203621651], [-0.19537063560029713, -0.341863755895128, 0.5112107247893332, -0.31543445797829645, -0.190156608294937, -0.7639924425680945, -0.48966777983914905, 0.27327307925083366, 0.38187641275642614, 0.33901273014818184, 0.7094843836251024, 0.27960418675640586, 0.05688655637704378]], "inverted": true, "swapped": false, "error_lsq": 0.0493539746114476, "error_max": 0.2635084451840717, "target": "294.xyz", "model": "0.xyz", "model_rescale": 3.8414455957264533, "target_rescale": 4.024368741909309},
{"mapping": [0, 3, 8, 12, 10, 1, 11, 8, 6, 7, 9, 13, 14], "R": [[-0.6247419646969746, -0.7361828279815534, 0.26025433969800904], [-0.5666541235813918, 0.6567694735314925, 0.49755096509339725], [-0.5372155822151559, 0.16336677269949568, -0.8274724864326201]], "T": [-0.12543751264103847, 0.029715997189481147, 0.06559882704566256], "aligned_model": [[-0.5163643527255259, -0.444650646624386, 0.59572712623882, 0.5684057271048732, 0.3220876019745607, -0.24508019071936255, 0.25505770281047463, 0.59572712623882, 0.014147578799078298, -0.5679775261859308, -0.09046632235002489, 0.20056497932133338, -0.1101317068271411], [-0.5412207490624168, 0.4120441741103711, -0.029613956841666365, -0.07075086585133028, 0.503712286636719, -0.0503023862961644, -0.4658712204992858, -0.029613956841666365, 0.6402394325970694, -0.280798623503276, -0.19488702489716905, -0.635963195208911, 0.04788234277278531], [-0.15056038970907173, -0.5388058571394735, 0.3829376328739386, -0.2356942395136412, -0.14280004480573497, -0.7875017409153091, -0.5139545378932246, 0.3829376328739386, 0.5322939211375257, 0.41300925993857573, 0.7089029373330249, 0.2250998887395521, -0.021002069392675154]], "inverted": true, "swapped": false, "error_lsq": 0.04868466553065382, "error_max": 0.3283314712414483, "target": "294.xyz", "model": "1.xyz", "model_rescale": 4.316132596720782, "target_rescale": 4.024368741909309},
{"mapping": [11, 0, 6, 7, 3, 2, 4, 8, 5, 10, 1, 12], "R": [[0.9406240228633094, 0.07008077961298981, 0.33213721854269884], [0.10021852727986078, -0.9921743103335533, -0.07447405389794677], [0.32431881598559886, 0.10333838707360414, -0.9402863836910145]], "T": [0.05460186910488964, 0.032237589005370666, -0.003131081716520115], "aligned_model": [[-0.11433659249378178, 0.5460986323011521, 0.11960829851742688, -0.6489458331362083, -0.374497159972714, -0.5582431917209856, -0.16106964368222523, -0.19198587582245738, 0.4137911652321576, -0.060462101997922714, 0.6079258321871721, 0.019925025220166953], [-0.5573503471049588, -0.4149870823868648, -0.5079474362322667, 0.2762918236025725, -0.15162061871110033, -0.2128110033575433, 0.4756312528968939, 0.659881950386432, 0.05724676681716731, -0.1130153446930593, 0.45641379227799733, 0.04504267424571056], [0.2659834552120514, 0.020162782391363918, -0.47108321979806056, 0.04562923974394918, -0.35478990252302944, 0.30438054575920837, -0.5500079145763873, 0.3749389358427287, -0.7075699014187582, 0.7970638267135061, -0.250981871512105, -0.024467514625045896]], "inverted": true, "swapped": true, "error_lsq": 0.06080625710050578, "error_max": 0.3193407140308959, "target": "294.xyz", "model": "2.xyz", "model_rescale": 3.795458400668931, "target_rescale": 4.024368741909309},
{"mapping": [1, 4, 5, 2, 0, 11, 3, 8, 7, 10, 6, 12], "R": [[-0.24758311313255948, 0.19430450641149843, 0.9491829965184659], [-0.4554687788623867, -0.8880211889695747, 0.06298062736007644], [0.8551320328307181, -0.4167302805523574, 0.30835868675546824]], "T": [0.09071214743825709, 0.03541724341239639, -0.0323957774766763], "aligned_model": [[-0.07625184459527154, -0.28178151120640327, -0.6076912291088896, 0.37186983747340285, -0.06320429699029659, 0.19335021909592173, -0.25613350566869364, 0.6555190272258209, 0.27506042228745853, 0.8222453302220839, -0.5170833841085904, 0.07740476111702212], [-0.13107635521688416, -0.5975889711499744, -0.027051628382489416, 0.04296474365625044, 0.6447760134347631, 0.5262369121218197, -0.1184519950334495, -0.4888901045845666, -0.4832466768274277, 0.3410548987452678, 0.3749249631636038, 0.0021172453627965396], [-0.7337699861027552, -0.08472186581512711, -0.3987382727115655, 0.6392325950662479, -0.24945152278343458, 0.411606757712945, 0.41214454007842205, -0.09383592624011014, 0.471511812368985, 0.18230133428795808, 0.14174210166528242, -0.009250136887747368]], "inverted": false, "swapped": true, "error_lsq": 0.07383633112169781, "error_max": 0.5050280435910309, "target": "294.xyz", "model": "3.xyz", "model_rescale": 3.7530521520055578, "target_rescale": 4.024368741909309},
{"mapping": [4, 7, 8, 10, 1, 11, 5, 3, 6, 0, 12], "R": [[0.8670269790327062, -0.09145778113998713, -0.4897955613297957], [-0.16789018207535295, 0.8719003392331507, -0.46000291869489474], [0.4691237623400932, 0.48106680691362114, 0.74060625361511]], "T": [0.023108769620781407, -0.033536345578818634, -0.0050119099771013444], "aligned_model": [[-0.42185066188934445, -0.34374354507541754, 0.2749429358756108, 0.5035993520686717, 0.2901314901597284, -0.015270294463076588, -0.25518943603744515, -0.5511679869969746, -0.39320378607646533, 0.2621426223935822, -0.0121910875136646], [-0.6115841865314265, -0.041971684129999944, -0.3269999975316095, 0.4929462298770943, -0.647237951786948, 0.6343875308777553, -0.47419757504089305, 0.0647726165652901, 0.18903447980523558, 0.233778391293259, -0.045724495083411414], [-0.10530254167361093, -0.6548331407537287, -0.6744434122148667, -0.4131723215697535, 0.3105702168927525, 0.026317228212665168, 0.5901723049573095, -0.051221198240592396, 0.5354980201330926, 0.5549231110020967, -0.02567748950004764]], "inverted": true, "swapped": true, "error_lsq": 0.051544583438237354, "error_max": 0.23693966778447625, "target": "294.xyz", "model": "4.xyz", "model_rescale": 3.7855080009869324, "target_rescale": 4.024368741909309},
{"mapping": [1, 14, 7, 5, 9, 2, 0, 10, 8, 11, 6, 4, 16], "R": [[0.10084167852733483, -0.6360760026579269, 0.7650086762347882], [-0.9461960448435964, -0.2989568619332466, -0.12384603112478426], [0.3074800816217612, -0.71135934206682, -0.6319999096994684]], "T": [-0.03743621046040938, 0.0540103114889469, 0.04356640728632541], "aligned_model": [[-0.36704836310803135, -0.40506724565380653, 0.5079770790614129, 0.6829353226587188, 0.1880936439879385, -0.1470223328748496, 0.1816692248193436, 0.5826404647722765, 0.07806139899012726, -0.6773986194551136, -0.12758646737730933, 0.1338170002594933, -0.05402400902461172], [-0.5682495629607797, 0.48587609059257514, -0.19312456349167983, -0.2696771541602271, 0.540773700185219, 0.055498886200703736, -0.5589831584631019, 0.42546371653929616, 0.47026906244449723, -0.2855963818596794, -0.24205998785684457, -0.6429518510233723, 0.08761746096845258], [-0.23437678199195386, -0.3252652200651217, 0.4939197897064018, -0.13361859059023043, -0.42452728785009863, -0.6870322195247208, -0.3862076000099862, 0.13571606156220514, 0.5991731282929712, 0.37151707004956336, 0.6182770971904484, 0.22221932696474642, 0.00506761979320082]], "inverted": true, "swapped": false, "error_lsq": 0.041353346936262476, "error_max": 0.22322428622041351, "target": "294.xyz", "model": "5.xyz", "model_rescale": 4.2253639853439635, "target_rescale": 4.024368741909309},
{"mapping": [4, 0, 5, 6, 12, 7, 3, 11, 8, 1, 10, 2, 13], "R": [[-0.1293616424203017, -0.0258571181820767, 0.9912602962439485], [0.5592779126306918, 0.8235797516383483, 0.0944701494376575], [-0.8188246344082344, 0.5666108030479433, -0.09207831425252393]], "T": [-0.013025712100571442, 0.0023733776221481415, 0.0735423064279285], "aligned_model": [[-0.4360137975996349, -0.5577668361819793, 0.4503458071914228, 0.516050412167255, 0.37279993277913026, 0.13496499214754268, 0.04111360226200359, 0.6620983380160416, -0.0327173013354119, -0.6887441862642707, -0.08606729799769403, 0.20752117773147652, -0.006537745860292727], [-0.559600619769971, 0.19992743452784528, -0.16311199941144744, -0.18128764347698442, 0.664506339120237, 0.08694944062530416, -0.43895955855703345, 0.38637023890374445, 0.3942180889761614, -0.05490682905426942, -0.3694117868276936, -0.6203478250474743, -0.03948902289335922], [-0.005055517889831898, -0.4807970766770647, 0.4718420573037766, -0.24278829939716187, -0.4594326249900178, -0.7012717725935781, -0.47900058492273845, 0.1215810022180107, 0.6995893007470352, 0.35430787332539493, 0.7554170695727283, 0.19079837308693842, 0.029672593743934016]], "inverted": false, "swapped": false, "error_lsq": 0.057712289188167426, "error_max": 0.40630416089005056, "target": "294.xyz", "model": "6.xyz", "model_rescale": 3.89814844738969, "target_rescale": 4.024368741909309},
{"mapping": [6, 9, 4, 2, 10, 5, 1, 4, 11, 3, 7, 0, 12], "R": [[0.9174455629818651, 0.34382431027324767, -0.2001961104267876], [-0.018100635982560342, 0.5387297038192022, 0.8422841997805147], [0.39744937531956936, -0.769126224938404, 0.5004786150976722]], "T": [-0.016333726974583497, -0.06115338497690512, 0.11241250429772956], "aligned_model": [[-0.5648426771979541, -0.41878862232252934, 0.5491146878661428, 0.6068993800280527, 0.34406648094951764, -0.13447346027337503, 0.15812727180113764, 0.5491146878661428, -0.10255374740660236, -0.5653223231506657, -0.00655465922353126, 0.05170731739060124, 0.11055276072865144], [-0.30998382588710416, 0.5154443789636312, 0.09956124364590635, -0.13236405310735613, 0.4320839167713513, -0.058862632249439356, -0.6014256451812908, 0.09956124364590635, 0.6605921298154215, -0.5608484594311977, -0.22178950350454069, -0.6496943070909985, 0.032581770724769366], [-0.19515406447896702, -0.43850577899287035, 0.37686417603571587, -0.21630831889608929, -0.2946898382950027, -0.6547995654019462, -0.5140584501715604, 0.37686417603571587, 0.4687689118125544, 0.4306864279934117, 0.7491032351900928, 0.113034394237056, 0.053057088459315]], "inverted": false, "swapped": false, "error_lsq": 0.04905740321699316, "error_max": 0.34887928906726884, "target": "294.xyz", "model": "7.xyz", "model_rescale": 3.7474275329858107, "target_rescale": 4.024368741909309},
{"mapping": [12, 1, 9, 7, 6, 0, 10, 5, 8, 13, 4, 11, 14], "R": [[-0.632211216772311, -0.47856694311579895, 0.6093296795201049], [-0.028739891697385778, -0.7714126498097641, -0.6356858833879361], [0.7742628726811693, -0.41939981481907906, 0.4739417678546865]], "T": [-0.035668060386771984, -0.00513977069905569, 0.004709041395964557], "aligned_model": [[-0.3645139563787227, -0.6635937740178416, 0.5221270483717574, 0.607230068448763, 0.5146094015280621, -0.09352193584755034, 0.23898997310453454, 0.588317560987074, 0.1009437567553515, -0.6134107407051987, -0.3771929469167245, 0.20455363477409988, -0.08749099304801547], [-0.5066089210611691, 0.2689948221768536, -0.2270707104530895, -0.19717767579329473, 0.31263239336457493, 0.29062945444343713, -0.38930097905773886, 0.3221611143836965, 0.3691925528551233, -0.4949370276599116, 0.12302066979660303, -0.5696101581063885, 0.002930722226362873], [-0.14031401443898436, -0.3040972784867798, 0.47369914226521564, -0.11225706852823972, -0.5082760120438309, -0.5812830508542122, -0.5887945308926502, 0.13330740438955024, 0.5582637711347509, 0.48888243090087097, 0.6969239641029136, 0.1054397442830172, 0.03336789169580366]], "inverted": false, "swapped": false, "error_lsq": 0.060090293892024485, "error_max": 0.42602321825657213, "target": "294.xyz", "model": "8.xyz", "model_rescale": 4.019505241142653, "target_rescale": 4.024368741909309},
{"mapping": [2, 1, 8, 11, 9, 10, 6, 8, 7, 3, 4, 5, 12], "R": [[0.43569203761578784, 0.16877971771261405, 0.884129999065213], [-0.8291197440702106, -0.3070573294689146, 0.46720043494453994], [0.3503325539414681, -0.9366051480257137, 0.006156162812951255]], "T": [-0.03934381135957591, -0.06148680296146673, -0.05137267826599063], "aligned_model": [[-0.556211092176797, -0.3722350491441913, 0.48120028182143976, 0.5589363646159092, 0.4102701127735682, -0.003350338662157261, 0.0032032081866031, 0.48120028182143976, -0.00874002834958746, -0.46755074734563384, -0.08439596007242411, 0.1490273778162022, -0.014307314228782515], [-0.34460582129625755, 0.41874799026367554, 0.19144482842080734, -0.21382399662344032, 0.4293661029101302, 0.09658568067426683, -0.5714499352115475, 0.19144482842080734, 0.5601445289487447, -0.597615478895391, -0.11260507865835984, -0.6540451558921034, -0.08873223594627308], [-0.10298660753333619, -0.39028751912249265, 0.2967600094936586, -0.12949907876496614, -0.20709937942365134, -0.9524261273233701, -0.5673079385848809, 0.2967600094936586, 0.6060631632643525, 0.4659914783553745, 0.7750363590933868, 0.2014426942938909, -0.03758466971419961]], "inverted": false, "swapped": false, "error_lsq": 0.056426933960479674, "error_max": 0.4596172037473896, "target": "294.xyz", "model": "9.xyz", "model_rescale": 3.877068213659057, "target_rescale": 4.024368741909309},
{"mapping": [4, 5, 9, 8, 0, 1, 7, 11, 10, 13, 14, 2, 15], "R": [[0.4970446794380965, -0.7448184260077544, 0.44518771200653257], [-0.8572490512020845, -0.34200989762004336, 0.38490686424517506], [-0.13442712098161608, -0.5729526526766928, -0.8084890889401879]], "T": [-0.09587630897925062, 0.020013601368322267, 0.08456064264715979], "aligned_model": [[-0.449513561460402, -0.3887078620107478, 0.41043335340322973, 0.6193906535884313, 0.259084949930836, 0.00808971702536379, 0.13264825535462801, 0.44148997115247124, 0.15617610192918494, -0.565038188992015, 0.008267027537941257, 0.002758350348474603, -0.05803167075180701], [-0.41543855647802425, 0.366008772655478, -0.24317318546061922, -0.1260551159966692, 0.5515707275683046, 0.009078824601698468, -0.5469492492316163, 0.5193229683128584, 0.3231748397851733, -0.3566864436888358, -0.2366858045873142, -0.6229950271977927, 0.08368350683241847], [-0.2941381712267602, -0.5522536672090674, 0.4162661519719963, -0.16519931786422132, -0.3900081741674015, -0.7768208676589917, -0.45637948246135085, 0.16569579731236395, 0.6742839889178366, 0.5699704719259814, 0.8144792182976742, 0.21558150174346044, 0.0333849439459052]], "inverted": true, "swapped": false, "error_lsq": 0.0505763181249644, "error_max": 0.3540560662459259, "target": "294.xyz", "model": "10.xyz", "model_rescale": 4.260839863003843, "target_rescale": 4.024368741909309},
{"mapping": [5, 1, 8, 4, 2, 3, 6, 0, 9, 10, 11, 12], "R": [[-0.7554866600740602, -0.4756409637981819, -0.45056140536810085], [0.5841507499617381, -0.8004218680187334, -0.1345092358038668], [-0.2966610991843729, -0.3648157161561683, 0.882554069434945]], "T": [-0.04673781350531771, -0.04936442579501272, -0.06810756816474889], "aligned_model": [[0.35470466875879036, 0.2975174886207216, -0.5857825702069938, -0.3592040070100589, -0.528888949045386, -0.30563526416570685, 0.30409595426290703, 0.5816519001622448, 0.4508238908117686, -0.1907504912496235, 0.02083177046904547, -0.0804657423135783], [-0.06782230516516663, -0.6057812185968114, -0.5683727842226584, -0.20757782736640093, 0.365308886539722, 0.3838003864600609, 0.4966278429493723, 0.11049909342419176, -0.10701202340755524, -0.05903991213266747, 0.4723246393786839, -0.03987627232783688], [-0.7495616753895087, -0.4136672781895553, 0.12616279152431076, -0.7158110577382872, 0.2865297236775636, -0.36295345844755017, -0.3743966648625409, 0.07917312309864122, 0.6462601305187086, 0.7404817944194564, 0.34644235982965926, -0.09248171104539282]], "inverted": false, "swapped": true, "error_lsq": 0.05176005095327074, "error_max": 0.308399723130752, "target": "294.xyz", "model": "11.xyz", "model_rescale": 3.890672605050136, "target_rescale": 4.024368741909309},
{"mapping": [11, 10, 8, 0, 4, 2, 1, 3, 7, 9, 5, 6, 13], "R": [[0.567491079877255, -0.6716322571477804, -0.47630240962893], [0.6527007010252908, 0.014311332437185902, 0.7574806800473307], [-0.5019319367611921, -0.740746445771055, 0.4464963985708155]], "T": [0.004848453075209314, -0.14952501447117456, 0.033466520645642484], "aligned_model": [[-0.38023336770477306, -0.6221678866903662, 0.5163447455969222, 0.5603958156210512, 0.1797232880089178, -0.16895246183176682, 0.4107384002000849, 0.7674398180755553, 0.11948528877401998, -0.6334739097908925, -0.242733217454079, 0.05969981912051059, 0.010780765130404213], [-0.3243097097940513, 0.3592233268416027, -0.25368862669478254, -0.14879014396029283, 0.4059800588576082, 0.06028376221821463, -0.5528996686118084, 0.3609366591950401, 0.5107843529591132, -0.4094478665673787, -0.0013794636442835961, -0.7170846355909906, 0.015248211907068099], [-0.3185625484394472, -0.35067686315920765, 0.530168172005093, -0.16668624021692194, -0.35626409072333054, -0.6232964905450672, -0.49363928430259385, 0.13809178407102765, 0.5605472596801649, 0.39513638121549, 0.7557742071776242, 0.11668760005977027, 0.06758250670482355]], "inverted": false, "swapped": false, "error_lsq": 0.048501590020589395, "error_max": 0.2729536930153211, "target": "294.xyz", "model": "12.xyz", "model_rescale": 4.124412569039231, "target_rescale": 4.024368741909309},
{"mapping": [10, 4, 6, 3, 0, 5, 7, 6, 1, 11, 8, 9, 12], "R": [[-0.9825995598092613, -0.17457614291731924, -0.06341352684370816], [-0.07861523054863653, 0.0815807893805866, 0.9935613822657486], [-0.16827878829023785, 0.981258245890526, -0.09388559145799324]], "T": [0.07972204647467593, -0.03646367481938016, -0.07333806645787677], "aligned_model": [[-0.5769771450620235, -0.46810255212055507, 0.48106661761657077, 0.7888890632226724, 0.28662095473659727, -0.08769123098652598, 0.0348920533342658, 0.48106661761657077, 0.0631618982988762, -0.6088345766567872, -0.0923348125826782, 0.3159091330762931, -0.04061892343768761], [-0.36089036853584705, 0.4732375609607752, 0.020870753751132738, -0.017011608070851326, 0.4076515783479647, 0.010060359354920986, -0.5315281060530891, 0.020870753751132738, 0.5946777688546964, -0.5083193077363161, -0.16859698461520695, -0.5830291847575853, -0.053136958136667946], [-0.1633556455008507, -0.3149350763062668, 0.4588725246613725, -0.14721049177263437, -0.3843394765160235, -0.8105993416148318, -0.45541025225307324, 0.4588725246613725, 0.44071498379873897, 0.4686904381088558, 0.6106453738330122, 0.15930559984108397, -0.06638876741333051]], "inverted": false, "swapped": false, "error_lsq": 0.051124485094181445, "error_max": 0.3408963583919036, "target": "294.xyz", "model": "13.xyz", "model_rescale": 3.9028299243045295, "target_rescale": 4.024368741909309},
{"mapping": [3, 4, 11, 9, 10, 7, 6, 14, 13, 2, 12, 1, 15], "R": [[-0.23191569874694312, 0.8177057430643644, 0.5268514272869282], [0.5728454450463081, -0.3229297864914001, 0.7533687338125445], [0.786169959210103, 0.47652247665369885, -0.39352652322227355]], "T": [-0.15293308289336174, -0.059111982218133734, 0.08897706153971696], "aligned_model": [[-0.45775325616213314, -0.5054904593626255, 0.4915611029717317, 0.5113063979392627, 0.12184120343988611, 0.1873392291913226, 0.05215354386488638, 0.6390716290482492, 0.0882771283128928, -0.5867922300210403, 0.0015699130501108938, 0.10456997830826667, -0.07060708352522155], [-0.29722865976980073, 0.3475238857682957, -0.25921114914285104, -0.19018877258568823, 0.5500957341884539, 0.10528987194684802, -0.5931000765924167, 0.3215395272101119, 0.5777007238117855, -0.6006104559214921, 0.025643893304762945, -0.6157611180803758, -0.06683714702257476], [-0.39997544645906896, -0.3229863361629693, 0.38971657693476947, -0.2884487504999585, -0.24074653769106213, -0.7343179887386324, -0.25337429721424254, 0.19330163877460077, 0.4999984274611494, 0.33534145220192557, 0.7621676398826739, 0.3035293133536184, 0.010656701684621905]], "inverted": false, "swapped": false, "error_lsq": 0.054912261305561164, "error_max": 0.3044610703448333, "target": "294.xyz", "model": "14.xyz", "model_rescale": 3.942246331269136, "target_rescale": 4.024368741909309},
{"mapping": [12, 0, 10, 5, 2, 1, 3, 9, 6, 13, 11, 4, 14], "R": [[0.7898688226235675, 0.2983142415824268, -0.5358319291684297], [-0.5322538935955531, 0.7674857672903379, -0.35731133449575214], [0.30465231953758903, 0.5674277137009286, 0.7649919959872155]], "T": [0.04199003799884243, -0.015909619190538987, 0.09742129266675406], "aligned_model": [[-0.5517214245508377, -0.277420329219018, 0.5495825333366933, 0.4162971680399716, 0.24098272477096414, -0.1022531518191645, 0.15691182253759592, 0.7015473034891342, 0.07249180055092194, -0.5528194397016972, -0.21260484387643142, 0.13508510891557685, 0.0009678245818792452], [-0.38848571445005287, 0.5135832967968923, -0.23608611733574136, 0.021984974134661328, 0.535728229004887, -0.16450890239887594, -0.5660497070994838, 0.4146539970330355, 0.34455758961623983, -0.531375829119389, -0.109154185935985, -0.5574056424485759, 0.02741426931744656], [-0.32301896544495656, -0.3004879332895388, 0.5478351960760198, -0.41369291217029136, -0.39119462366121294, -0.6860029799989028, -0.35055950783100553, 0.26403909500434597, 0.5239449417117837, 0.3009553639288265, 0.7611967980538686, 0.30182124738628074, 0.020026673762208264]], "inverted": false, "swapped": false, "error_lsq": 0.05079464936760479, "error_max": 0.2797830725952435, "target": "294.xyz", "model": "15.xyz", "model_rescale": 4.355366556412066, "target_rescale": 4.024368741909309},
{"mapping": [11, 0, 6, 7, 3, 2, 4, 8, 5, 10, 1, 12], "R": [[0.9406240228633094, 0.07008077961298981, 0.33213721854269884], [0.10021852727986078, -0.9921743103335533, -0.07447405389794677], [0.32431881598559886, 0.10333838707360414, -0.9402863836910145]], "T": [0.05460186910488964, 0.032237589005370666, -0.003131081716520115], "aligned_model": [[-0.11433659249378178, 0.5460986323011521, 0.11960829851742688, -0.6489458331362083, -0.374497159972714, -0.5582431917209856, -0.16106964368222523, -0.19198587582245738, 0.4137911652321576, -0.060462101997922714, 0.6079258321871721, 0.019925025220166953], [-0.5573503471049588, -0.4149870823868648, -0.5079474362322667, 0.2762918236025725, -0.15162061871110033, -0.2128110033575433, 0.4756312528968939, 0.659881950386432, 0.05724676681716731, -0.1130153446930593, 0.45641379227799733, 0.04504267424571056], [0.2659834552120514, 0.020162782391363918, -0.47108321979806056, 0.04562923974394918, -0.35478990252302944, 0.30438054575920837, -0.5500079145763873, 0.3749389358427287, -0.7075699014187582, 0.7970638267135061, -0.250981871512105, -0.024467514625045896]], "inverted": true, "swapped": true, "error_lsq": 0.06080625710050578, "error_max": 0.3193407140308959, "target": "294.xyz", "model": "16.xyz", "model_rescale": 3.795458400668931, "target_rescale": 4.024368741909309},
{"mapping": [6, 9, 4, 2, 10, 5, 1, 4, 11, 3, 7, 0, 12], "R": [[0.9174455629818651, 0.34382431027324767, -0.2001961104267876], [-0.018100635982560342, 0.5387297038192022, 0.8422841997805147], [0.39744937531956936, -0.769126224938404, 0.5004786150976722]], "T": [-0.016333726974583497, -0.06115338497690512, 0.11241250429772956], "aligned_model": [[-0.5648426771979541, -0.41878862232252934, 0.5491146878661428, 0.6068993800280527, 0.34406648094951764, -0.13447346027337503, 0.15812727180113764, 0.5491146878661428, -0.10255374740660236, -0.5653223231506657, -0.00655465922353126, 0.05170731739060124, 0.11055276072865144], [-0.30998382588710416, 0.5154443789636312, 0.09956124364590635, -0.13236405310735613, 0.4320839167713513, -0.058862632249439356, -0.6014256451812908, 0.09956124364590635, 0.6605921298154215, -0.5608484594311977, -0.22178950350454069, -0.6496943070909985, 0.032581770724769366], [-0.19515406447896702, -0.43850577899287035, 0.37686417603571587, -0.21630831889608929, -0.2946898382950027, -0.6547995654019462, -0.5140584501715604, 0.37686417603571587, 0.4687689118125544, 0.4306864279934117, 0.7491032351900928, 0.113034394237056, 0.053057088459315]], "inverted": false, "swapped": false, "error_lsq": 0.04905740321699316, "error_max": 0.34887928906726884, "target": "294.xyz", "model": "17.xyz", "model_rescale": 3.7474275329858107, "target_rescale": 4.024368741909309},
{"mapping": [5, 9, 3, 11, 7, 12, 10, 1, 2, 4, 0, 8, 13], "R": [[-0.43668582701067005, 0.519632318735457, -0.734362132611438], [0.7195177312413394, 0.691735699568252, 0.06161133314688316], [0.5399997434419042, -0.5014817795976569, -0.6759558430949792]], "T": [0.05330176125348804, -0.01868551765506063, 0.01668621860719617], "aligned_model": [[-0.38111059996444807, -0.5048995019734073, 0.5782695949774403, 0.6846863406273109, 0.27906889444967364, -0.11161796184337239, 0.22184195988125954, 0.5883478453347811, -0.04453682850293318, -0.659375008473349, -0.07007563678916665, -0.02450283131709713, 0.02095083064889708], [-0.45744236388529846, 0.26908737952551476, -0.3985012235317442, -0.011932326753385679, 0.5835090489739457, 0.056298534927421956, -0.5812896102945926, 0.2401984109275039, 0.565954606058772, -0.32500070444562656, -0.013988977332239558, -0.6566033527544064, 0.034566835699194075], [-0.36014035553195106, -0.2142299463450894, 0.21852274759491802, -0.3340908746409809, -0.3755002007486707, -0.7088589557999263, -0.3459571418107448, 0.3705551438332012, 0.4071426949371853, 0.3124710225674183, 0.8436676881348327, 0.3389620822020187, 0.1023184891352142]], "inverted": false, "swapped": false, "error_lsq": 0.05078084417389932, "error_max": 0.3148976466926354, "target": "294.xyz", "model": "18.xyz", "model_rescale": 3.922800546911778, "target_rescale": 4.024368741909309},
{"mapping": [1, 8, 9, 3, 12, 5, 0, 7, 11, 6, 10, 2, 14], "R": [[0.3847000480038354, 0.9089209710225159, 0.16083700289838082], [-0.1266838944155593, -0.12060696353873444, 0.9845837451642565], [0.9143068762519257, -0.3991448719217791, 0.06874814366215609]], "T": [-0.07000042107149354, 0.040994673491192166, 0.016836009087964447], "aligned_model": [[-0.44870877582302116, -0.5534546016636489, 0.5105805485237963, 0.5133543526481386, 0.30931454448877416, -0.10246459475625302, 0.2880055659562537, 0.6232580496186276, 0.12940194490340548, -0.6967034835819145, -0.18129088460313292, 0.16683173136275806, 0.018922699981805582], [-0.5618807342609297, 0.3086608906316571, -0.2652134114245684, -0.07099350186857535, 0.5177736113013242, -0.005854232646850983, -0.5081877119304827, 0.40340374610741464, 0.36479040718359457, -0.13733168615118158, -0.2311023741039122, -0.5792739404206564, 0.07006519469822578], [-0.18590581862637184, -0.24587582066338082, 0.49840171840601705, -0.22045094829320339, -0.48057332529285346, -0.7442717215299486, -0.5015008085043473, 0.178895800401231, 0.6190308546778416, 0.2431339383976909, 0.7679540268989117, 0.2857343931608698, 0.040290104494968476]], "inverted": false, "swapped": false, "error_lsq": 0.04433276138620363, "error_max": 0.3651496366358487, "target": "294.xyz", "model": "19.xyz", "model_rescale": 3.9282355846067225, "target_rescale": 4.024368741909309},
{"mapping": [5, 7, 4, 0, 10, 2, 1, 11, 9, 6, 8, 3, 13], "R": [[-0.7494872324379555, -0.47443329896279696, 0.46171629086244237], [0.4711474767297862, 0.10769278709829305, 0.8754554921743065], [-0.46506875145901794, 0.873679179357205, 0.1428136827270805]], "T": [-0.06361101454425566, 0.011736373484983242, 0.09043061110962991], "aligned_model": [[-0.4017168963761267, -0.5931526014962597, 0.31378589454355926, 0.6755567581186119, 0.3585362298153084, -0.19382901887428386, 0.23489288810559128, 0.5913244822757768, 0.043219188240036704, -0.5349460750739399, -0.09984891146163313, 0.14511597264341863, 0.038109186595528866], [-0.47877699658869555, 0.27272506465033086, -0.2750832678905181, -0.25618902341038546, 0.518906479291182, 0.0548094845971442, -0.3615322666596782, 0.2435956632764033, 0.6009315409448688, -0.38819816784528616, 0.10069423209270575, -0.7095588919283691, -0.017467593414642806], [-0.2739472129936585, -0.10848743018319662, 0.5083706920686167, -0.0580415201201501, -0.46346878124210467, -0.721914259500939, -0.48668873416825853, 0.26554182168299667, 0.43664035628265224, 0.3019481693015921, 0.845013206553707, 0.04021852040037055, -0.030322434554202887]], "inverted": false, "swapped": false, "error_lsq": 0.05198604392280737, "error_max": 0.32810322173003237, "target": "294.xyz", "model": "20.xyz", "model_rescale": 4.067790424073018, "target_rescale": 4.024368741909309},
{"mapping": [0, 2, 10, 11, 6, 3, 12, 13, 5, 7, 1, 9, 14], "R": [[-0.11294942822205795, 0.13422178639384297, -0.984493239550966], [0.9769620849616879, 0.19557139080956779, -0.08542198571868409], [0.18107322058112826, -0.9714609323869163, -0.1532192730511445]], "T": [-0.03364432401170186, 0.06993161082318597, 0.026002104407216696], "aligned_model": [[-0.6281645399126928, -0.4731830801181145, 0.588341072533703, 0.5281169282054246, 0.16928401619698485, 0.03564290104420733, 0.20249783784722952, 0.5621431930516856, -0.026117874093686634, -0.4935769540152351, -0.0029808353276176217, 0.09368353236969934, 0.021360899274001394], [-0.2096460122665754, 0.36000285932210785, -0.3461544592247532, -0.017906374708980516, 0.6667585724175351, -0.04866163276015126, -0.5786453201546684, 0.2074015868850134, 0.46818157262039595, -0.3872204595667994, -0.19377225005011103, -0.6340252463267354, 0.018543420928781418], [-0.2438869377443261, -0.49972242822716234, 0.35960871457851645, -0.28179821687956325, -0.36152153274228205, -0.8135691788506463, -0.3065617404310715, 0.3669753368906511, 0.46166991517367456, 0.39497082612352813, 0.8024202427199796, 0.32978205721814996, 0.046495335697976904]], "inverted": true, "swapped": false, "error_lsq": 0.04944016669654115, "error_max": 0.3456206147836156, "target": "294.xyz", "model": "21.xyz", "model_rescale": 4.186013935880536, "target_rescale": 4.024368741909309},
{"mapping": [4, 11, 1, 0, 5, 3, 6, 2, 8, 10, 9, 7, 12], "R": [[-0.07988405280469618, 0.21600440714323943, 0.9731190236565075], [-0.8688851825120973, -0.4935357319504654, 0.038223303089057636], [0.488525411538045, -0.8424752681134422, 0.2271086631962063]], "T": [0.04373650326405906, -0.038822567735285696, 0.05477763501201337], "aligned_model": [[-0.49740649281682403, -0.45653075248325736, 0.5522562060355323, 0.7205998534639579, 0.3941795205642954, -0.10663611550313026, 0.13334118128594713, 0.550599682688082, -0.06264339008266043, -0.5503429277786358, -0.1518762050433253, 0.031235574879989854, 0.020270961845617674], [-0.4131527685413285, 0.32593729295403245, -0.36250691381913713, -0.21419213570881063, 0.4561111036889307, 0.08002047762666045, -0.36941032536286755, 0.483096886307144, 0.6160730933885409, -0.5032976200665162, 0.0047456880828075435, -0.7603246940242584, -0.03824382741013853], [-0.252886641961409, -0.07031791074728873, 0.46921628176907937, -0.12657826037415787, -0.4256067200942998, -0.8483298119901604, -0.3840111355833103, 0.1975677036485055, 0.43878690838486134, 0.4120338288166193, 0.6423899525071043, 0.18745072358268472, 0.015147475569196961]], "inverted": true, "swapped": false, "error_lsq": 0.0499766560537025, "error_max": 0.32640351805450435, "target": "294.xyz", "model": "22.xyz", "model_rescale": 4.166573947596378, "target_rescale": 4.024368741909309},
{"mapping": [0, 10, 2, 3, 9, 8, 4, 11, 12, 5, 6, 1, 15], "R": [[-0.6722656625443463, 0.5976545649530414, 0.43688430957703506], [-0.5779634712626731, -0.054929037200704633, -0.8142119053159352], [-0.462619827558021, -0.7998698780820509, 0.3823494125628971]], "T": [0.005833509829006732, 0.07433168204340689, 0.012699598746609045], "aligned_model": [[-0.3255117864626707, -0.6094360135484411, 0.4318283048565156, 0.5629234165610318, 0.21501675173887586, 0.03199151761406487, 0.27209438067364794, 0.6749179097262132, 0.15390003492461052, -0.6969324083438226, -0.0011897698931158454, -0.11008086273037851, -0.022474378060942133], [-0.6180714659458357, 0.42715515259903364, -0.35352434772064645, -0.013097552082586936, 0.5202759549948306, -0.06571294436664134, -0.5097291357895773, 0.44884388061489877, 0.4572916676781281, -0.25034800828570325, -0.18323444304895814, -0.5741446486398338, 0.019152147107951795], [-0.2657675234024561, -0.22792509934577243, 0.30981387237395264, -0.19570773522585516, -0.3305572191143003, -0.7834049179241439, -0.3448358863369179, 0.19752385679123574, 0.523384735379725, 0.3156272207024797, 0.7287428912322751, 0.2849887238414351, 0.04297947455576753]], "inverted": true, "swapped": false, "error_lsq": 0.05186080493612685, "error_max": 0.24308694774774878, "target": "294.xyz", "model": "23.xyz", "model_rescale": 4.274766983524099, "target_rescale": 4.024368741909309},
{"mapping": [1, 0, 10, 8, 2, 7, 4, 3, 5, 6, 12], "R": [[0.44987269229965576, 0.13809527679989983, 0.8823515485613534], [0.1930309904163877, 0.9495852993915749, -0.24703602149946038], [-0.8719825671777665, 0.28145595340118934, 0.40053582715295255]], "T": [-0.04226523983825494, 0.14231785039311506, -0.056463730922123735], "aligned_model": [[0.45845903932194443, 0.3694186539725228, -0.6386152213367935, -0.5733203826805754, -0.6543761937916149, -0.6240885881974261, 0.09741031102505962, -0.08933265393606943, 0.686143077957034, 0.40336791866620036, -0.05517125704220696], [-0.24683225816792898, 0.637569273612925, 0.5690678827161443, -0.3176929848882571, 0.38302615946922236, -0.17608022197817025, -0.5094400872184648, 0.0991340624690972, -0.09750738459065356, 0.4577495706671927, 0.11659251915237635], [-0.4377251409973965, -0.22188434153313896, -0.42646526220310826, -0.3790321193043428, 0.25589979483355113, 0.2856234897056793, 0.25640803862124745, 0.524495443669136, 0.13791126582983507, 0.40928171326098156, -0.024946447860866867]], "inverted": true, "swapped": true, "error_lsq": 0.05930671343475388, "error_max": 0.24698207221034954, "target": "294.xyz", "model": "24.xyz", "model_rescale": 3.7841303162186577, "target_rescale": 4.024368741909309},
{"mapping": [14, 7, 5, 3, 6, 11, 13, 4, 1, 9, 2, 12, 15], "R": [[-0.2726361795980247, 0.7616941015484547, -0.5877853428254964], [-0.527718573801612, 0.3924410207638686, 0.7533280507764235], [0.8044766127358747, 0.5155697245650734, 0.2949665043236405]], "T": [-0.15546941011421644, 0.06609961915289238, 0.03517429870120986], "aligned_model": [[-0.49199884869968064, -0.3972711437164519, 0.5273284915536489, 0.5900294807913884, 0.35547610123138085, -0.05196584290191056, 0.08033457665486188, 0.4796217949844187, -0.07627519562728036, -0.4444587042131511, 0.035158365169549816, 0.07131698226619373, -0.10024896043737921], [-0.6393417218406929, 0.4912314744474092, -0.3485595130658245, -0.10325719122234332, 0.4579982680686422, 0.039417186647724686, -0.5092705612897568, 0.30381523150805606, 0.6792759087537396, -0.3538412776986222, -0.16104653050525275, -0.6429282922142631, 0.09136327552624339], [-0.10047013978812114, -0.3933118589994267, 0.39736703052953387, -0.2188956957318025, -0.2925093683571667, -0.7250905423460539, -0.4395315392155387, 0.34638932357521596, 0.44842907249860847, 0.32201142944593875, 0.7286140624248252, 0.18015450273453157, 0.001706116756880885]], "inverted": true, "swapped": false, "error_lsq": 0.04021970686763316, "error_max": 0.22198785868662332, "target": "294.xyz", "model": "25.xyz", "model_rescale": 4.19342608120988, "target_rescale": 4.024368741909309},
{"mapping": [11, 0, 6, 7, 3, 2, 4, 8, 5, 10, 1, 12], "R": [[0.9406240228633094, 0.07008077961298981, 0.33213721854269884], [0.10021852727986078, -0.9921743103335533, -0.07447405389794677], [0.32431881598559886, 0.10333838707360414, -0.9402863836910145]], "T": [0.05460186910488964, 0.032237589005370666, -0.003131081716520115], "aligned_model": [[-0.11433659249378178, 0.5460986323011521, 0.11960829851742688, -0.6489458331362083, -0.374497159972714, -0.5582431917209856, -0.16106964368222523, -0.19198587582245738, 0.4137911652321576, -0.060462101997922714, 0.6079258321871721, 0.019925025220166953], [-0.5573503471049588, -0.4149870823868648, -0.5079474362322667, 0.2762918236025725, -0.15162061871110033, -0.2128110033575433, 0.4756312528968939, 0.659881950386432, 0.05724676681716731, -0.1130153446930593, 0.45641379227799733, 0.04504267424571056], [0.2659834552120514, 0.020162782391363918, -0.47108321979806056, 0.04562923974394918, -0.35478990252302944, 0.30438054575920837, -0.5500079145763873, 0.3749389358427287, -0.7075699014187582, 0.7970638267135061, -0.250981871512105, -0.024467514625045896]], "inverted": true, "swapped": true, "error_lsq": 0.06080625710050578, "error_max": 0.3193407140308959, "target": "294.xyz", "model": "26.xyz", "model_rescale": 3.795458400668931, "target_rescale": 4.024368741909309},
{"mapping": [8, 1, 10, 7, 0, 6, 5, 3, 9, 11, 4, 10, 12], "R": [[0.5937511497517326, 0.32454690896369365, 0.7362940146779733], [-0.7894518840009671, 0.4119605033069658, 0.45503215992102675], [-0.15564477188720202, -0.8514445651932858, 0.5008161912188918]], "T": [-0.10215587776432153, 0.08311983863078932, 0.04941144172282655], "aligned_model": [[-0.590251057576417, -0.4152256273251438, 0.27165211757533647, 0.6480466596354533, 0.4300686378813702, -0.12659641246167572, 0.1017712813180105, 0.5260024702213194, -0.2121798191403278, -0.4684664597819522, 0.10343338476757619, 0.27165211757533647, 0.03713980436670322], [-0.3098906291408657, 0.39177541419960615, -0.4716845047102953, -0.16570112774964557, 0.6168774229654314, -0.05995302277354449, -0.4962580639929005, 0.3644233865046297, 0.3892192315981615, -0.3555843344654071, -0.15856752025044046, -0.4716845047102953, 0.03188450964062506], [-0.32214955969184744, -0.3469119592156438, 0.29465856553724756, -0.13898276784281205, -0.30146331970049134, -0.7630661125943065, -0.38601412897808884, 0.31654804097009814, 0.3297187446325146, 0.4794460888656137, 0.822834649497969, 0.29465856553724756, -0.024414413490075754]], "inverted": true, "swapped": false, "error_lsq": 0.059579873207898155, "error_max": 0.377521592115751, "target": "294.xyz", "model": "27.xyz", "model_rescale": 3.6321398670334006, "target_rescale": 4.024368741909309},
{"mapping": [11, 5, 12, 8, 3, 0, 10, 7, 4, 13, 6, 9, 14], "R": [[0.40711128689597376, 0.702160994836559, 0.584149242413305], [-0.12829582723408733, -0.5892469648509479, 0.7977018209382923], [0.9043232722849863, -0.3996973251650301, -0.14980476447594981]], "T": [0.032575830158896764, -0.042875230582922086, -0.014273323364611401], "aligned_model": [[-0.4351902632881611, -0.4418248631889048, 0.6701062518460761, 0.524724908568052, 0.21367126728625999, -0.05851929385537665, 0.1784475872066464, 0.6272984267972792, -0.03349094893821535, -0.6009254278540797, -0.036075472196089996, -0.006051654094237684, -0.025123421233659814], [-0.42351446984122226, 0.4918444233337059, -0.24999134637278414, -0.10717026094616264, 0.5406336941095699, -0.012236641660907252, -0.6239985192824056, 0.40194515029061867, 0.5118830479707739, -0.33839873530983633, -0.18042386055825121, -0.6743909632662032, -0.03132526135183636], [-0.23525858933692473, -0.5251433610798889, 0.4696353527959192, -0.15809630305204597, -0.32777269723657626, -0.6308563668141847, -0.509943361619402, 0.20782405575336643, 0.5975646334792775, 0.40741298915210733, 0.7474843876023604, 0.20082655588686954, 0.011185097996547086]], "inverted": false, "swapped": false, "error_lsq": 0.03838543145109678, "error_max": 0.17946427116178, "target": "294.xyz", "model": "28.xyz", "model_rescale": 4.156811204709835, "target_rescale": 4.024368741909309},
