[{"mapping": [11, 8, 5, 9, 12, 0, 7, 4, 1, 6, 2, 3, 13], "R": [[-0.2596400822045297, -0.6775798540549625, 0.6880934304959471], [-0.7583180274503165, 0.584237205263682, 0.2891723659507309], [-0.5979471523108763, -0.44671291604848196, -0.6655124143686396]], "T": [-0.11373283756973201, -0.12645493121389542, 0.05995445310719215], "aligned_model": [[-0.6709389083175457, -0.4038702927639105, -0.7775832842769657, 0.3381303521196671, -0.11011074983021177, 0.5204669499396699, 0.046527669045460573, 0.277305807269997, -0.1540180129828747, -0.13733265712552015, 0.5725801057931157, 0.0359598097600434, -0.11462106772326101], [0.04941908084760149, 0.5655853034744824, -0.08414449178208416, -0.15979568344843234, -0.5880741849259679, -0.5651514157866756, 0.3727821541742956, 0.7422523281550161, -0.6526598601882329, 0.5043598677701455, 0.10196214086918168, -0.03818018369040485, -0.035315120840461595], [-0.32168879319287724, -0.1579439229505495, 0.4203898447702348, -0.5157635540876356, -0.28935107656035036, 0.08731242319161724, -0.4845392429701957, -0.016470034936519787, 0.293470171610287, 0.49130352530662497, 0.32083456036591496, 0.5529047407456109, -0.07507372272173664]], "inverted": false, "swapped": false, "error_lsq": 0.04948136149012151, "error_max": 0.31597118114111383, "target": "295.xyz", "model": "0.xyz", "model_rescale": 3.8414455957264533, "target_rescale": 3.9726960181244872},
{"mapping": [7, 9, 2, 11, 0, 1, 13, 8, 4, 6, 12, 5, 14], "R": [[0.07839614754048302, 0.6760207672149138, -0.7327004615427577], [0.8562425455461077, 0.3307641715092255, 0.39679184220764596], [0.5105905867204492, -0.6584762601187495, -0.5529071057713876]], "T": [-0.061599748491189224, 0.006866314712089915, 0.08076960019315267], "aligned_model": [[-0.6113989076082054, -0.46193203221743007, -0.6681937379095796, 0.6272799476807565, -0.18403340043076322, 0.42849719537271574, 0.09447939490392303, 0.2581405362537646, -0.3497404020263779, -0.29489135389606247, 0.6567727887222146, -0.07995624621310833, 0.007471938275816992], [-0.05872526806803703, 0.4870044344017241, -0.03875817574061774, -0.1967489276242844, -0.4560671320060022, -0.7059756140667168, 0.29713903021434357, 0.7226051788656924, -0.4476249044020536, 0.4868591628153072, 0.2470048659515263, -0.07856457091833983, -0.04510814479407839], [-0.24538010628799894, -0.1925637651702372, 0.49858159797546026, -0.3777617503384343, -0.463491361377318, 0.06814972068054549, -0.6020393425363091, -0.018156767130720883, 0.1596995081916088, 0.6510406466272333, -0.011771838380462321, 0.7339827260213766, 0.10509565029568085]], "inverted": false, "swapped": false, "error_lsq": 0.04296171663577497, "error_max": 0.22192935382710283, "target": "295.xyz", "model": "1.xyz", "model_rescale": 4.316132596720782, "target_rescale": 3.9726960181244872},
{"mapping": [6, 7, 1, 8, 0, 4, 2, 5, 9, 10, 11, 12], "R": [[0.41143009828188415, 0.7034493981443968, 0.5795551901916203], [0.04297810594607493, -0.6501327332016316, 0.7586041864035976], [0.9104274581959, -0.28720441060342783, -0.29771709707856964]], "T": [-0.061188395315541474, -0.017457609084548204, 0.07129731715815013], "aligned_model": [[-0.1902112873519421, 0.5339994287516043, 0.13086995665849493, -0.4691162395407737, -0.4424318886078656, -0.6051679210026543, -0.1713178066230418, -0.3271147206912974, 0.4785599952367839, 0.4409168436802036, 0.2655172364875803, -0.046695042365311884], [-0.6348847524854878, -0.3508024372362971, -0.6049254703508415, 0.5445815602410842, -0.21422269749669084, 0.014953585896056758, 0.4070837208224268, 0.5107565639043621, 0.011760223585032353, -0.07669561417905182, 0.4837360921861926, -0.07856434714580492], [0.23253048058645992, 0.038793275179996804, -0.47781690763303686, -0.09458200639453823, -0.4434093943346804, 0.29833038582234356, -0.6975291061413031, 0.573616929389954, -0.5487305776449265, 0.6457417534986141, -0.0012849682990223044, -0.07640140282044006]], "inverted": false, "swapped": true, "error_lsq": 0.042449799336299915, "error_max": 0.22851933330334895, "target": "295.xyz", "model": "2.xyz", "model_rescale": 3.795458400668931, "target_rescale": 3.9726960181244872},
{"mapping": [1, 7, 9, 5, 0, 8, 11, 6, 10, 4, 2, 12], "R": [[-0.3116293179743935, 0.3666424987383493, 0.8766187576693267], [0.7499154993293643, 0.6614570676166995, -0.010064371093482183], [-0.5835356990316913, 0.654253640279377, -0.4810803073674694]], "T": [0.15091964887501358, -0.03720974781591029, 0.10816803139541062], "aligned_model": [[-0.08572123866069342, -0.11203510217021545, -0.6083980564575471, 0.42873965803940123, 0.14080998895494448, 0.07099261115168617, -0.3117322375148669, 0.5931557754092431, 0.228571927111544, 0.6320204659399498, -0.4540242598473229, 0.0709242937874421], [-0.15066218009055998, -0.6133547280172639, -0.13250483345843397, 0.13214917190725606, 0.430985742691674, 0.5861919865262871, -0.0489340484624886, -0.2683828920449649, -0.7316376645272459, 0.2811554516535158, 0.6006547875873173, 0.00010825152461650667], [-0.6758351359509215, -0.14744025057085078, -0.1934477278157866, 0.812572471135126, -0.37107812403622087, 0.4469763107994178, 0.49419349299316817, -0.3099772816741426, 0.42016997833436, 0.23344303999716937, 0.005068084876919204, -0.02587342744913776]], "inverted": true, "swapped": true, "error_lsq": 0.050600549425797635, "error_max": 0.3107445035075769, "target": "295.xyz", "model": "3.xyz", "model_rescale": 3.7530521520055578, "target_rescale": 3.9726960181244872},
{"mapping": [6, 0, 9, 2, 7, 8, 10, 4, 5, 11, 12], "R": [[-0.15626907036356397, 0.4492812838469874, 0.879617135822461], [-0.37477864234153635, -0.8509301791228207, 0.36804727889584904], [0.9138495209236267, -0.27214730982099916, 0.30135509762546053]], "T": [-0.13853023908275458, -0.11774356349474267, 0.035057297580068314], "aligned_model": [[-0.5502582587895846, -0.22693124986080143, 0.6138645920812194, 0.3439598812551507, 0.2092310151266436, -0.15364312126253132, -0.08426957910986933, -0.6618999743106226, -0.4142401048842389, 0.333644904728409, -0.07125850252856931], [-0.5854292735025295, 0.03353830919240143, -0.2571062754853833, 0.44690669867371635, -0.7042391755016022, 0.5953601962853158, -0.5555355700845256, 0.15532122008461474, 0.3532309550165862, 0.130117063735112, -0.14496079009936003], [-0.1536473168563191, -0.6116923884198762, -0.2667649178514951, -0.446431292530802, 0.07390109097908958, 0.0024423851540914115, 0.6603565559056019, 0.04034581440401935, 0.5866178914586284, 0.3157985080278007, -0.10809555302542317]], "inverted": false, "swapped": true, "error_lsq": 0.05810809447179828, "error_max": 0.3645393290950923, "target": "295.xyz", "model": "4.xyz", "model_rescale": 3.7855080009869324, "target_rescale": 3.9726960181244872},
{"mapping": [6, 11, 4, 15, 8, 10, 13, 12, 7, 1, 14, 3, 16], "R": [[0.9559143809300176, -0.19047534385292497, -0.22348789612704267], [-0.06521676940708175, -0.879784345632666, 0.4708781988665495], [-0.2863118392929034, -0.4355440833759681, -0.853420694685161]], "T": [0.004994576986555692, -0.002392960044233259, 0.13259820044360146], "aligned_model": [[-0.5615097959322102, -0.43077446351666604, -0.6763455650007616, 0.6004846158139888, 0.023822944640075443, 0.2280630992586805, -0.01245620735410028, 0.07776633475292752, -0.4800293884959351, -0.3312049018196719, 0.5866688891437789, 0.3427197828841664, 0.05529037653339199], [-0.01830957134018277, 0.5714600405653468, -0.028174429833821495, -0.2587386677104055, -0.3900024833875605, -0.6960421929667729, 0.25709071102861203, 0.6568435286870287, -0.5734542722544274, 0.5500646592230476, 0.33196852508923397, -0.20533379470508753, 0.01566788223345225], [-0.19127912975370046, -0.2039048535256349, 0.41914961048643984, -0.3763188836715692, -0.4545254866519568, 0.12515171727450128, -0.5435906292836086, -0.01964103959332944, 0.13579233261362206, 0.5261263803155378, 0.04567990335586061, 0.7045888544999529, 0.13815614250430952]], "inverted": false, "swapped": false, "error_lsq": 0.04588249092080183, "error_max": 0.30616518380778635, "target": "295.xyz", "model": "5.xyz", "model_rescale": 4.2253639853439635, "target_rescale": 3.9726960181244872},
{"mapping": [4, 1, 10, 7, 3, 6, 0, 9, 2, 8, 12, 5, 13], "R": [[0.7390026133127233, 0.19972911592938428, 0.643415431713471], [0.25284541657655535, 0.8030051250235235, -0.5396776486961303], [-0.624455228846067, 0.5615078355962828, 0.5429222943762616]], "T": [-0.035785994983560554, 0.05571130355186027, 0.08486253201967493], "aligned_model": [[-0.5784883793512359, -0.5899997837012698, -0.688269800599228, 0.5247676380616344, 0.016015962940063348, 0.30541837852425685, 0.1033730805176733, 0.10951977495810808, -0.37963614423174313, -0.14120560893985118, 0.8880114798734939, -0.11215696376922601, -0.034853913375011585], [-0.14125611178443093, 0.49383426759623217, 0.022154473309587905, -0.19841168201852077, -0.472388479879271, -0.48783980305189034, 0.35977140551660136, 0.6438964359714312, -0.5073054678110615, 0.5482156813478698, 0.1678090798369249, -0.22280496845760245, 0.007365104052593066], [-0.32451415454650817, -0.11413778639816848, 0.5110682299432553, -0.41572946622993817, -0.38570802442602253, 0.12787111409448082, -0.6440029256784057, 0.010559700932200114, 0.20713600446282845, 0.6254094943122802, 0.011540785799981704, 0.6481896375306514, 0.04770230877378964]], "inverted": false, "swapped": false, "error_lsq": 0.04796995793269155, "error_max": 0.25663993424272263, "target": "295.xyz", "model": "6.xyz", "model_rescale": 3.89814844738969, "target_rescale": 3.9726960181244872},
{"mapping": [9, 10, 5, 8, 8, 3, 11, 4, 6, 2, 7, 0, 12], "R": [[-0.4050552573263993, 0.8889648086397096, -0.21370963364436657], [-0.8736313212492531, -0.4452511183468944, -0.19626450556105196], [-0.26962669201050704, 0.10720545980035139, 0.9569788066328673]], "T": [0.014845998600680775, 0.07023384011153049, 0.11531858591460244], "aligned_model": [[-0.6953552471964709, -0.515274877636197, -0.7187289464136505, 0.10426257637080719, 0.10426257637080719, 0.45803661467236884, 0.130954700155886, 0.23040987103061786, -0.21437186741167572, -0.2617315611333967, 0.6701866817054992, 0.19724967363315668, -0.067404473240088], [-0.13036968908482333, 0.55023077400764, -0.11602806669859374, -0.3522527926255897, -0.3522527926255897, -0.5940425927486597, 0.30904350175869993, 0.6776066347010855, -0.5603842361886547, 0.5790987477529713, 0.08221490283650859, -0.09658227341779187, 0.21675781696126012], [-0.38798876906519064, -0.05044770462815361, 0.2878030957799977, -0.40544670967743546, -0.40544670967743546, 0.23656558687730805, -0.6494226017758076, 0.12655663199734002, 0.19991091873486233, 0.522883554654038, 0.07457889090290303, 0.653753049029593, 0.10208568541840513]], "inverted": true, "swapped": false, "error_lsq": 0.05461749347144367, "error_max": 0.46329576254156585, "target": "295.xyz", "model": "7.xyz", "model_rescale": 3.7474275329858107, "target_rescale": 3.9726960181244872},
{"mapping": [1, 2, 13, 6, 0, 10, 3, 8, 12, 4, 5, 11, 14], "R": [[-0.6801239278525274, -0.4994299873141399, 0.536657367911639], [0.5774295359374548, -0.8159747073208871, -0.027575497087971218], [0.4516708688741237, 0.2911270595186767, 0.8433495487794508]], "T": [-0.01347054646415436, -0.03611393814007738, 0.09008015226658649], "aligned_model": [[-0.6020373966606575, -0.5025228481016886, -0.650484064848052, 0.5870443953081377, -0.015467520909786266, 0.27289429645384455, 0.23621825908042748, 0.11166946679310152, -0.36382056150503017, -0.3889314086508185, 0.6207792316278579, 0.18352538970223312, -0.06637151738190494], [-0.10843288954063458, 0.5566450328725566, 0.025964470047509722, -0.22923659566801408, -0.3050307773259656, -0.7366085343086958, 0.313097602362843, 0.6307278195016849, -0.46764610626131853, 0.579046372843514, 0.27542495438986603, -0.31168327592490297, -0.009228138359979408], [-0.3716133089909274, -0.25350992965796476, 0.7213264412264754, -0.42859464204610465, -0.5114952655509105, 0.03942586155615933, -0.48423799767289566, 0.15988246744125464, 0.35780664261969786, 0.39476487226767826, -0.026933528358104766, 0.611361359290807, 0.09720194644525992]], "inverted": false, "swapped": false, "error_lsq": 0.051247931936736116, "error_max": 0.2930409375788963, "target": "295.xyz", "model": "8.xyz", "model_rescale": 4.019505241142653, "target_rescale": 3.9726960181244872},
{"mapping": [5, 3, 6, 7, 8, 9, 4, 0, 11, 2, 7, 1, 12], "R": [[0.7535011101694747, 0.5701384107244498, -0.3273809242915172], [0.06687393481381182, 0.4289093369033431, 0.9008688348253885], [0.654036660911212, -0.7006989177483677, 0.28505626260508504]], "T": [-0.1380625681086482, -0.037348146329006696, 0.19320121503894291], "aligned_model": [[-0.6592985097796329, -0.45028403266248546, -0.770034188251334, 0.6289142142035145, 0.12731212885715715, 0.22650807905865294, 0.04413074897908567, 0.27503117160163865, -0.3852690996250585, -0.352032067541308, 0.6289142142035145, 0.2722549938493896, -0.16365193198547034], [0.02623232286355391, 0.66534664770361, -0.14866922752305484, 0.03492483565114517, -0.4341590508241813, -0.6138854905725453, 0.3230972218306943, 0.4449202639474998, -0.5681252982931891, 0.47374272528140987, 0.03492483565114517, 0.023013634236807197, -0.048323485324431474], [-0.22488410662348204, -0.19046347092144436, 0.5342016933126759, -0.28230611565688823, -0.2845584606036654, 0.2382899647118447, -0.5310082871245592, 0.05385696243902033, -0.017545243345075512, 0.40050615102865816, -0.28230611565688823, 0.7264002922758537, 0.16520165473437454]], "inverted": true, "swapped": false, "error_lsq": 0.06199308891456927, "error_max": 0.4172667117259599, "target": "295.xyz", "model": "9.xyz", "model_rescale": 3.877068213659057, "target_rescale": 3.9726960181244872},
{"mapping": [1, 0, 7, 6, 3, 13, 12, 11, 4, 8, 10, 2, 15], "R": [[0.3470520182127278, 0.571065697055257, 0.7439347191126829], [0.05645606171411954, 0.779077952415837, -0.624379898103133], [-0.9361450794349157, 0.25869192818165143, 0.23814045549518742]], "T": [0.039014112033818944, -0.03154203720907543, 0.04867697059297307], "aligned_model": [[-0.8115033779348519, -0.34189600227797584, -0.6235386157835267, 0.4913136441073379, -0.05726288806930554, 0.4714193187449575, 0.11552922509335845, 0.17913768676032665, -0.392536658582669, -0.29078039448533183, 0.6570237359265884, 0.026307040219745594, -0.0007169928109896986], [0.09249031303637119, 0.582374255138566, -0.12908964976536852, -0.17319176090988925, -0.46819125272609224, -0.6548430342119343, 0.2890522416548995, 0.6876472516773547, -0.547623457665859, 0.49385975061966736, 0.31603253251073193, -0.31330283491674377, 0.03782558018675965], [-0.07024563261355585, -0.28565864886581427, 0.5153619988113319, -0.3458671513837799, -0.4016890411882692, 0.19753966003532847, -0.6218153571384515, -0.03956942775052796, 0.12293718594813613, 0.5074922718027831, 0.07028258837832731, 0.6493472138634014, 0.007269258671514664]], "inverted": false, "swapped": false, "error_lsq": 0.04317953483748133, "error_max": 0.2532415374687599, "target": "295.xyz", "model": "10.xyz", "model_rescale": 4.260839863003843, "target_rescale": 3.9726960181244872},
{"mapping": [5, 8, 9, 11, 7, 10, 3, 4, 0, 1, 6, 12], "R": [[0.2579065979232339, 0.7590774015003907, 0.5977337913143929], [-0.7092100428867041, -0.2714000796286168, 0.650663593453806], [0.656129028329263, -0.59172924155309, 0.46834944525930866]], "T": [0.012603994457496036, -0.012086710645495229, -0.056283389913517015], "aligned_model": [[0.3711993842487815, 0.40457689709085504, -0.6189368931847259, -0.30686816601724753, -0.5894469579665493, -0.3918626875142367, 0.3650827160215525, 0.5867691888331469, 0.3000503265139995, -0.2823786644070392, 0.14798094141681478, -0.02726743594122106], [0.004494566775021273, -0.5409360737426439, -0.44589054427668634, -0.353395088009026, 0.23921610005842966, 0.516238646545215, 0.6153765796552199, 0.08260852771633638, -0.31843062004751227, -0.0342046670857227, 0.49194089001166647, -0.08393981206736369], [-0.7441688626242442, -0.3328420612397097, 0.24302738227255838, -0.4366069553556303, 0.14572002871059292, -0.43428371113183245, -0.36501189414821467, -0.1556582639667426, 0.46574545546850554, 0.7157446908088875, 0.3329319451833157, 0.0815803234180189]], "inverted": true, "swapped": true, "error_lsq": 0.04359294978222672, "error_max": 0.26666768116477607, "target": "295.xyz", "model": "11.xyz", "model_rescale": 3.890672605050136, "target_rescale": 3.9726960181244872},
{"mapping": [12, 10, 9, 3, 7, 8, 4, 2, 5, 11, 0, 6, 13], "R": [[-0.5391872640355471, 0.41373177844751974, 0.7335551170869941], [-0.33290331087623726, -0.9047801288410726, 0.2656093071825072], [0.7735971043828309, -0.10098977154635291, 0.625578601083441]], "T": [0.02715441422638528, 0.04654044303882289, 0.18362837190992462], "aligned_model": [[-0.5567289567166265, -0.5526158374842609, -0.619567389493854, 0.6013102025611605, -0.15803885225634431, 0.38146254799328866, 0.18757937788325352, 0.012542579099828755, -0.44565365843359833, -0.1928965069660677, 0.6038504453613357, 0.17305666374731163, -0.011804894387763061], [-0.030217104960808927, 0.6117632475747673, -0.12017916380896841, -0.261513634912115, -0.4716231685793911, -0.5807667419352461, 0.384109641576884, 0.7312271770731281, -0.5672563417621335, 0.49050947099153686, 0.07552957885334743, -0.06552341101169178, 0.016980385529154225], [-0.27279318181687096, -0.19575288870590676, 0.5833481453847421, -0.4709791225335055, -0.46765812105659355, 0.195565199991788, -0.4091345748564914, -0.007564473610923633, 0.11523089220036356, 0.4228589263889193, 0.060032832244696466, 0.7297167989449934, 0.022514485995213107]], "inverted": true, "swapped": false, "error_lsq": 0.0471328528088349, "error_max": 0.24894965372871108, "target": "295.xyz", "model": "12.xyz", "model_rescale": 4.124412569039231, "target_rescale": 3.9726960181244872},
{"mapping": [0, 5, 3, 2, 1, 8, 4, 10, 6, 7, 11, 9, 12], "R": [[0.6615197362598708, 0.658869111510854, -0.3581663474358932], [0.6098165952834227, -0.7505876962559732, -0.25444415958336597], [-0.4364806509521419, -0.05009594919800306, -0.898317893186118]], "T": [-0.18362428535174313, 0.029104195331060425, 0.07125363497714221], "aligned_model": [[-0.6713832788960564, -0.4951996459506192, -0.7589615477547637, 0.5039273628259615, -0.10242024361156885, 0.3799558862029576, -0.09488331841219519, 0.3675359352418833, -0.19911693704228373, -0.19236974929753375, 0.8029163765137723, -0.03306945926308824, -0.08443565964880156], [0.02836173503326107, 0.6889931102144701, -0.23828125281365017, -0.07491615282715865, -0.6109530209843546, -0.40290845342532244, 0.2892008020302424, 0.5167786023573187, -0.6069569529247778, 0.5400572223103718, 0.06926951417937507, -0.06947779542019197, 0.08387257689887993], [-0.24316329580644347, -0.1317569404958831, 0.3972067487480909, -0.43751744508351287, -0.42533166721811494, 0.17439713910275706, -0.6654627634556142, 0.01642885714554912, 0.27813284661315874, 0.4344728464694533, 0.19646198527478975, 0.6846508206907115, 0.026865786585482644]], "inverted": false, "swapped": false, "error_lsq": 0.04747777681053295, "error_max": 0.28278262040020724, "target": "295.xyz", "model": "13.xyz", "model_rescale": 3.9028299243045295, "target_rescale": 3.9726960181244872},
{"mapping": [9, 7, 14, 2, 1, 12, 3, 4, 11, 10, 0, 5, 15], "R": [[-0.452151579186781, 0.5885393893179872, 0.6702091738107671], [0.3465090972277727, 0.8082898232179442, -0.47602416663516], [-0.82188222695061, 0.016998497095781356, -0.5694037724841579]], "T": [0.06122141923634881, -0.028486593593475138, 0.01881209265156917], "aligned_model": [[-0.6831785608160911, -0.5464481093972624, -0.6685566085240157, 0.5824063544933237, -0.07686115765068127, 0.13942750658473643, 0.19517233038779372, 0.23008260839690323, -0.4310431226730194, -0.34256886885504917, 0.7716853236329712, 0.29457877638457375, -0.04220075105651893], [0.01614385133285445, 0.6241442375349607, -0.21751550339331074, -0.32161115497644255, -0.5291165427812189, -0.6125316682739793, 0.3848791222522838, 0.6071085437429574, -0.5794025559804755, 0.4160489517298023, 0.3668510155567549, 0.0507580414680837, 0.007283596416193073], [-0.19266426429470285, -0.14068304228358205, 0.4822155391655448, -0.41083197437485947, -0.371702454682228, 0.3889680700502689, -0.4282621557716339, 0.1827266864871198, 0.023702031699362483, 0.4600536979384873, -0.14294582704825812, 0.46755084218620513, -0.012742230501299606]], "inverted": true, "swapped": false, "error_lsq": 0.053959452849727266, "error_max": 0.3775479822144251, "target": "295.xyz", "model": "14.xyz", "model_rescale": 3.942246331269136, "target_rescale": 3.9726960181244872},
{"mapping": [6, 11, 7, 3, 5, 1, 4, 13, 2, 8, 12, 0, 14], "R": [[-0.17853957856883707, -0.9839274578603877, 0.0032212657229062636], [-0.09049888061637484, 0.019681382782081647, 0.9957020617528964], [-0.9797619973706092, 0.1774807055433934, -0.09255823933164509]], "T": [-0.12977018653953862, 0.031187060646395946, -0.12120035630907387], "aligned_model": [[-0.6417244202968979, -0.3620980415459523, -0.7522428521458548, 0.45725980354200146, -0.006226988313425552, 0.5094969182158781, 0.06295982688537052, 0.34638647903213526, -0.2831965946948568, -0.34927232301876643, 0.6321896602179617, -0.0977423240914036, -0.09329342287852577], [0.22536340821440448, 0.7057119224135453, -0.21882694911441183, -0.21063067621120699, -0.5850935646148809, -0.42281251342799464, 0.28613831731622513, 0.6900303056674257, -0.6135586398313543, 0.41766126949328236, 0.1825279852967409, -0.2288814111709083, -0.014589519402403488], [-0.007236336015456035, -0.1929708467816711, 0.4088942424422519, -0.458050327938256, -0.20903444586857983, 0.08340509644944354, -0.612646157563204, -0.13261327999851022, 0.25749640580475697, 0.5122800492797803, 0.13294404087098144, 0.5658630242184237, -0.04294654632953622]], "inverted": false, "swapped": false, "error_lsq": 0.0505219306035037, "error_max": 0.30247415776988723, "target": "295.xyz", "model": "15.xyz", "model_rescale": 4.355366556412066, "target_rescale": 3.9726960181244872},
{"mapping": [6, 7, 1, 8, 0, 4, 2, 5, 9, 10, 11, 12], "R": [[0.41143009828188415, 0.7034493981443968, 0.5795551901916203], [0.04297810594607493, -0.6501327332016316, 0.7586041864035976], [0.9104274581959, -0.28720441060342783, -0.29771709707856964]], "T": [-0.061188395315541474, -0.017457609084548204, 0.07129731715815013], "aligned_model": [[-0.1902112873519421, 0.5339994287516043, 0.13086995665849493, -0.4691162395407737, -0.4424318886078656, -0.6051679210026543, -0.1713178066230418, -0.3271147206912974, 0.4785599952367839, 0.4409168436802036, 0.2655172364875803, -0.046695042365311884], [-0.6348847524854878, -0.3508024372362971, -0.6049254703508415, 0.5445815602410842, -0.21422269749669084, 0.014953585896056758, 0.4070837208224268, 0.5107565639043621, 0.011760223585032353, -0.07669561417905182, 0.4837360921861926, -0.07856434714580492], [0.23253048058645992, 0.038793275179996804, -0.47781690763303686, -0.09458200639453823, -0.4434093943346804, 0.29833038582234356, -0.6975291061413031, 0.573616929389954, -0.5487305776449265, 0.6457417534986141, -0.0012849682990223044, -0.07640140282044006]], "inverted": false, "swapped": true, "error_lsq": 0.042449799336299915, "error_max": 0.22851933330334895, "target": "295.xyz", "model": "16.xyz", "model_rescale": 3.795458400668931, "target_rescale": 3.9726960181244872},
{"mapping": [9, 10, 5, 8, 8, 3, 11, 4, 6, 2, 7, 0, 12], "R": [[-0.4050552573263993, 0.8889648086397096, -0.21370963364436657], [-0.8736313212492531, -0.4452511183468944, -0.19626450556105196], [-0.26962669201050704, 0.10720545980035139, 0.9569788066328673]], "T": [0.014845998600680775, 0.07023384011153049, 0.11531858591460244], "aligned_model": [[-0.6953552471964709, -0.515274877636197, -0.7187289464136505, 0.10426257637080719, 0.10426257637080719, 0.45803661467236884, 0.130954700155886, 0.23040987103061786, -0.21437186741167572, -0.2617315611333967, 0.6701866817054992, 0.19724967363315668, -0.067404473240088], [-0.13036968908482333, 0.55023077400764, -0.11602806669859374, -0.3522527926255897, -0.3522527926255897, -0.5940425927486597, 0.30904350175869993, 0.6776066347010855, -0.5603842361886547, 0.5790987477529713, 0.08221490283650859, -0.09658227341779187, 0.21675781696126012], [-0.38798876906519064, -0.05044770462815361, 0.2878030957799977, -0.40544670967743546, -0.40544670967743546, 0.23656558687730805, -0.6494226017758076, 0.12655663199734002, 0.19991091873486233, 0.522883554654038, 0.07457889090290303, 0.653753049029593, 0.10208568541840513]], "inverted": true, "swapped": false, "error_lsq": 0.05461749347144367, "error_max": 0.46329576254156585, "target": "295.xyz", "model": "17.xyz", "model_rescale": 3.7474275329858107, "target_rescale": 3.9726960181244872},
{"mapping": [3, 1, 11, 4, 8, 5, 0, 2, 10, 7, 6, 12, 13], "R": [[0.6014666375514919, -0.40929796941402774, 0.6860853125858739], [0.7729057841552538, 0.5154007007664876, -0.3701064258679738], [-0.20212504231750894, 0.7528859740245979, 0.626345094484804]], "T": [-0.05578049367137405, 0.030081169397281907, 0.0758248009085997], "aligned_model": [[-0.6293261387108141, -0.5065439880793372, -0.6959691433628382, 0.6028729459818783, -0.0806578912704295, 0.2604041001221724, 0.12074403186736421, 0.17809984481161462, -0.35281732246223146, -0.18727341372011289, 0.6491679097659308, 0.0720024406590341, -0.008207654694567156], [-0.1192329435666188, 0.5133363269039601, 0.02019339443269977, -0.26551755767725205, -0.4214492703732744, -0.6022857506187552, 0.34762846046482615, 0.6902715349314497, -0.5848345306369518, 0.45112699658486183, 0.3111744279383917, -0.23333083640117946, 0.10595968264630563], [-0.25484099719475806, -0.12861380029477995, 0.41018596270602503, -0.33408111635225246, -0.48306322747276276, 0.22866235449846425, -0.6772656323063343, -0.039420122348900535, 0.1762597283827398, 0.6864386767919437, -0.062135845488362595, 0.7639545562662952, 0.019304381383107222]], "inverted": false, "swapped": false, "error_lsq": 0.04662778107662131, "error_max": 0.24332679755451508, "target": "295.xyz", "model": "18.xyz", "model_rescale": 3.922800546911778, "target_rescale": 3.9726960181244872},
{"mapping": [11, 10, 13, 0, 3, 5, 2, 6, 12, 4, 1, 8, 14], "R": [[-0.6305592188654965, -0.021915133649093088, -0.7758316817589221], [0.5127603381241181, -0.7621542895281788, -0.39521851500231797], [-0.5826421776275514, -0.6470243935671511, 0.4918206247998199]], "T": [-0.06511743045919828, -0.0059335300534829605, 0.029497886105082437], "aligned_model": [[-0.7369904313975014, -0.30315490087473695, -0.6050442728016656, 0.4923647032977666, -0.06735267336133086, 0.4521104554355576, 0.09876393532444737, 0.1585358589125757, -0.22792125166049682, -0.4260405601584048, 0.6182407477530412, 0.10291425576294479, -0.13393014532453246], [0.21447763216761848, 0.7150550270121019, -0.1332369601571836, -0.3937879096382397, -0.46847981797958466, -0.5384972705012191, 0.28686554961193544, 0.577791330296253, -0.7616569377590826, 0.5188319207942368, 0.2729036781364724, -0.028545960068279752, -0.048680347286565256], [-0.05564436514132912, -0.24274154991028193, 0.4345739140579964, -0.45755989943538417, -0.4123110984120475, 0.2066557157341252, -0.6033848515989547, 0.32106651520632595, 0.17438091276661027, 0.3733333920332577, -0.027549774102207082, 0.6174134280460896, -0.022847420673776007]], "inverted": false, "swapped": false, "error_lsq": 0.04558097123721612, "error_max": 0.2818998519294121, "target": "295.xyz", "model": "19.xyz", "model_rescale": 3.9282355846067225, "target_rescale": 3.9726960181244872},
{"mapping": [10, 12, 11, 5, 1, 3, 2, 7, 0, 9, 6, 4, 13], "R": [[-0.1127267932341739, -0.4292817400920492, 0.8961081729962528], [-0.7536975459245612, -0.5507395653726104, -0.35864458785890274], [0.6474817984734658, -0.7158233851703438, -0.2614654889059658]], "T": [0.04538611716504814, 0.1120788412369012, 0.12846388159789598], "aligned_model": [[-0.7062304168756334, -0.42690926373741656, -0.5390887113912375, 0.5478566451281323, -0.020722317599889996, 0.3833102471495874, -0.05085061772152744, 0.19953245417248844, -0.3187644964254506, -0.36590128603907335, 0.6914085343149564, 0.05836173097272069, -0.0295067810399924], [0.10189671010329951, 0.8064368374555058, -0.1198296915112621, -0.08812790107577972, -0.46195289973019854, -0.5603195961630238, 0.08173337398956912, 0.6158103978890475, -0.5983601263412037, 0.5336372754938139, 0.17059478684107618, -0.2701303552549761, 0.0016511229325951032], [-0.2924912929203848, -0.004195047739881358, 0.47193262624382304, -0.3132722173453929, -0.34862943372084, 0.13499786184643622, -0.6891753137907481, -0.20408867364655978, 0.18201565248418955, 0.49117035205335313, 0.20640600568303585, 0.6315698431041772, 0.039144556319216164]], "inverted": true, "swapped": false, "error_lsq": 0.04969071863916817, "error_max": 0.307201455285244, "target": "295.xyz", "model": "20.xyz", "model_rescale": 4.067790424073018, "target_rescale": 3.9726960181244872},
{"mapping": [1, 7, 10, 4, 5, 6, 8, 0, 13, 12, 2, 11, 14], "R": [[-0.4643880045930317, -0.7637581211419567, -0.44834954397189997], [0.6798172756374089, 0.017051730300760265, -0.7331832719304779], [0.5676198137266119, -0.6452772821690366, 0.5112973461514425]], "T": [0.0018870421353175473, 0.02867998208647487, 0.06757873686782466], "aligned_model": [[-0.7231631853538749, -0.3443867945525019, -0.7188953505649053, 0.5245575649917091, -0.0926853729612068, 0.5411002171758641, -0.03244162507083189, 0.2727432248021627, -0.40136931874597837, -0.2151836863897667, 0.719690179985263, -0.04391989919465935, -0.06355023321360978], [0.03143236972665934, 0.5794226511006185, -0.1431654983997045, -0.20619543253201844, -0.3623168471081734, -0.45361765557101413, 0.1614648446952458, 0.6767192639785172, -0.5319820949691881, 0.4221483497816237, 0.21647926371783696, -0.20345763584604756, 0.026108356054108092], [-0.31660831817043045, -0.29771689650528427, 0.4171909431242489, -0.4928867472443512, -0.36444401568165335, 0.22312629637317333, -0.4859170802752434, -0.037967683994985194, 0.18232126532872922, 0.6881243108094907, 0.010904080711404404, 0.6692814079984705, 0.1099773560968558]], "inverted": false, "swapped": false, "error_lsq": 0.04720831636839731, "error_max": 0.3063650125485883, "target": "295.xyz", "model": "21.xyz", "model_rescale": 4.186013935880536, "target_rescale": 3.9726960181244872},
{"mapping": [7, 1, 10, 3, 6, 3, 0, 2, 4, 9, 5, 11, 12], "R": [[0.9816447004711284, -0.1566727043294998, -0.1087536011129265], [0.012235077137138992, 0.6207882605140489, -0.783882796402236], [0.1903259964492414, 0.7681637841801853, 0.6113104086710621]], "T": [-0.07899511218906724, 0.1307616686361668, 0.1063085983539042], "aligned_model": [[-0.7221865817025546, -0.46370568313006455, -0.780398166539169, 0.5108711080673174, -0.05973137604180638, 0.5108711080673174, 0.038303213051277984, 0.35472703170547576, -0.3083508647507799, -0.4325247484164756, 0.6652820565047524, 0.16974299757234868, -0.06040437347997536], [-0.03523887398153802, 0.6267188772251701, -0.15617836666932647, -0.5503949814920354, -0.2324995670186141, -0.5503949814920354, 0.3700796939396701, 0.730270007964506, -0.5537183109027786, 0.4311211521441254, 0.18927327824140697, -0.1446394505045688, 0.08864145717448153], [-0.2052556699384681, -0.26938736886853154, 0.4555915840905352, -0.09474391946957429, -0.31502622356021787, -0.09474391946957429, -0.5650753653114587, 0.05968182668472831, 0.18692649429321168, 0.5189243241982794, -0.09658709853829532, 0.6174343705863434, 0.10764588387344674]], "inverted": false, "swapped": false, "error_lsq": 0.05494763932580434, "error_max": 0.4683468483601647, "target": "295.xyz", "model": "22.xyz", "model_rescale": 4.166573947596378, "target_rescale": 3.9726960181244872},
{"mapping": [12, 6, 14, 4, 3, 8, 2, 5, 9, 13, 0, 10, 15], "R": [[0.8737180365576245, 0.37830139606400426, 0.3057856215225219], [0.2515338016152606, -0.8894257866878174, 0.38164448983279176], [0.416350260284372, -0.25653425445889777, -0.8722629403169397]], "T": [-0.08738330835089225, -0.04486804117338683, -0.030376782264471863], "aligned_model": [[-0.719026731387439, -0.30861520578934704, -0.6739289683336799, 0.5153843822024275, -0.02355557913598358, 0.4847593961984168, -0.028162231173003205, 0.14547561232993755, -0.27801957712343933, -0.24580970825419232, 0.6887456143407115, -0.07870121705505173, -0.05605006591169333], [0.09851802009635427, 0.5943538232312471, -0.047764449030725825, -0.214095179733715, -0.4611359108296442, -0.5916989122153187, 0.12208513025231182, 0.6870549123873188, -0.5925208019182495, 0.43373514536057584, 0.20769802407000493, -0.03834566774915135, 0.015155800707455633], [-0.1296157806342707, -0.3790306042565859, 0.5005973816993937, -0.4149373108738112, -0.45941493172343745, 0.1360800119126063, -0.6795522144535553, 0.28762871188881717, 0.1251334519939373, 0.6498093720704725, -0.006086025029343672, 0.7185045922133049, -0.04373173623710262]], "inverted": true, "swapped": false, "error_lsq": 0.04478948308978522, "error_max": 0.26213147596314706, "target": "295.xyz", "model": "23.xyz", "model_rescale": 4.274766983524099, "target_rescale": 3.9726960181244872},
{"mapping": [6, 4, 10, 7, 11, 9, 1, 2, 0, 8, 12], "R": [[-0.5032077359044127, -0.464865777135687, -0.7284790894555512], [0.4578990353858545, -0.8583496400349819, 0.2314397736874998], [-0.7328781944625308, -0.217107587844946, 0.6447897699106975]], "T": [-0.03064954472753363, 0.22263105578137055, -0.08272165242048354], "aligned_model": [[0.24331404387073152, 0.45624665935054204, -0.5565590223013819, -0.5056091188228712, -0.4715773856117849, -0.48792267210059087, 0.00466829718140481, 0.04200740028714099, 0.4428915116295837, 0.22440743319807394, -0.01197244272277305], [-0.11032687307772165, 0.5350283264928277, 0.3782838050539479, -0.21521307465217027, 0.46513019727765625, -0.2757876686122686, -0.6003755076665225, 0.11634293827988365, -0.1243485654768654, 0.6621370016027144, 0.08471595202200244], [-0.5705149352760448, -0.20040026517709686, -0.6163850910772408, -0.3043739782334388, 0.24890568317512887, 0.3853559686424657, -0.012406810342963745, 0.7929961683509533, 0.24031102460618062, 0.4188653943938573, -0.00278672504022337]], "inverted": false, "swapped": true, "error_lsq": 0.05012840004719288, "error_max": 0.28586561930709437, "target": "295.xyz", "model": "24.xyz", "model_rescale": 3.7841303162186577, "target_rescale": 3.9726960181244872},
{"mapping": [13, 11, 10, 5, 12, 2, 3, 6, 9, 7, 4, 8, 15], "R": [[0.15513717541203126, 0.9821585366563262, 0.10628765534285127], [-0.9833148892759104, 0.14317596887895073, 0.11221617737152638], [0.09499623852280038, -0.12192313483780602, 0.9879830281223669]], "T": [-0.08898978925080217, 0.02082415577315324, 0.20291122590922298], "aligned_model": [[-0.47252938525669175, -0.5363346524790699, -0.7905966590010232, 0.4311598747813101, -0.1190485934322051, 0.4059275783404894, 0.1573148070239025, 0.17296765518236787, -0.24597529598915072, -0.3653350220587609, 0.6169714879476058, 0.23391993668123254, -0.0659460108323423], [0.03943074327513731, 0.5555571542198662, -0.034912754804188616, -0.28801365472664936, -0.47549092606891535, -0.544097038182731, 0.31491636913560606, 0.6625138136165689, -0.5423492715593529, 0.5191550888875298, 0.16234715942873904, -0.2335863091138842, 0.07756956052073755], [-0.4786686817085197, -0.11860201313103194, 0.5344173380637179, -0.4322283487172147, -0.3697489824651853, 0.13425358392243222, -0.5054994625524063, -0.0011454636794099304, 0.22113071950223995, 0.516128648007562, 0.00722204023191278, 0.6277198980115268, 0.1704056430848013]], "inverted": true, "swapped": false, "error_lsq": 0.04360912768179886, "error_max": 0.30909695068572296, "target": "295.xyz", "model": "25.xyz", "model_rescale": 4.19342608120988, "target_rescale": 3.9726960181244872},
{"mapping": [6, 7, 1, 8, 0, 4, 2, 5, 9, 10, 11, 12], "R": [[0.41143009828188415, 0.7034493981443968, 0.5795551901916203], [0.04297810594607493, -0.6501327332016316, 0.7586041864035976], [0.9104274581959, -0.28720441060342783, -0.29771709707856964]], "T": [-0.061188395315541474, -0.017457609084548204, 0.07129731715815013], "aligned_model": [[-0.1902112873519421, 0.5339994287516043, 0.13086995665849493, -0.4691162395407737, -0.4424318886078656, -0.6051679210026543, -0.1713178066230418, -0.3271147206912974, 0.4785599952367839, 0.4409168436802036, 0.2655172364875803, -0.046695042365311884], [-0.6348847524854878, -0.3508024372362971, -0.6049254703508415, 0.5445815602410842, -0.21422269749669084, 0.014953585896056758, 0.4070837208224268, 0.5107565639043621, 0.011760223585032353, -0.07669561417905182, 0.4837360921861926, -0.07856434714580492], [0.23253048058645992, 0.038793275179996804, -0.47781690763303686, -0.09458200639453823, -0.4434093943346804, 0.29833038582234356, -0.6975291061413031, 0.573616929389954, -0.5487305776449265, 0.6457417534986141, -0.0012849682990223044, -0.07640140282044006]], "inverted": false, "swapped": true, "error_lsq": 0.042449799336299915, "error_max": 0.22851933330334895, "target": "295.xyz", "model": "26.xyz", "model_rescale": 3.795458400668931, "target_rescale": 3.9726960181244872},
{"mapping": [7, 6, 0, 10, 10, 4, 5, 8, 3, 1, 11, 9, 12], "R": [[0.08107316891488414, 0.9335421588670734, 0.3491792933435523], [0.19102078037467302, -0.3583915290781501, 0.9138197707152524], [0.9782321824327544, -0.007385763523796052, -0.20738188867406188]], "T": [-0.001928977775405051, 0.07668133667372931, 0.21211777971786291], "aligned_model": [[-0.4580901479865651, -0.43244122997751094, -0.8035191217258129, 0.19187021375179494, 0.19187021375179494, 0.4781799521421367, -0.12361949095685357, 0.24832219395588437, -0.34986800146205954, -0.21022119423548294, 0.7032518090466522, 0.09554794322953938, -0.10878741862585325], [-0.25860052823803925, 0.7054548252987691, -0.08531026902183339, -0.28841479959506766, -0.28841479959506766, -0.5996616157798605, 0.32726415081963145, 0.7221884204111286, -0.5729979951763218, 0.5407275734076317, 0.058333121668363214, -0.0910226822478091, 0.043494532676939285], [-0.3707296758674621, -0.10488389280459123, 0.36206828121302814, -0.3682554735892063, -0.3682554735892063, 0.10762467603929889, -0.4873535493132779, -0.014700795355095247, 0.2560695761624431, 0.5148199655151912, 0.09397383092455633, 0.5951946675933499, 0.08981278164139762]], "inverted": false, "swapped": false, "error_lsq": 0.055791763599664805, "error_max": 0.3800050778280407, "target": "295.xyz", "model": "27.xyz", "model_rescale": 3.6321398670334006, "target_rescale": 3.9726960181244872},
{"mapping": [0, 11, 5, 12, 8, 7, 9, 13, 3, 2, 6, 1, 14], "R": [[-0.9814974878426129, 0.18971644221153233, 0.025891174427563488], [0.08221020106486414, 0.29541581118362054, 0.9518250791734784], [0.1729282053324871, 0.9363424427298606, -0.30554650340523204]], "T": [-0.03882446212743487, -0.03076314219288272, -0.06003837281782651], "aligned_model": [[-0.6591972841906782, -0.3568653818618691, -0.6707788056733904, 0.596639480540901, -0.05205874751887939, 0.30995654303955056, 0.18150418397415496, 0.22018947251804824, -0.31687081073996337, -0.4414798965945419, 0.6855594173075068, -0.045005587313959365, -0.02909686257921546], [-0.09065733035948093, 0.5195637551788441, -0.0551737722751449, -0.3296332217382328, -0.4128095574093419, -0.7189370907380834, 0.4029988923869155, 0.7224698670756793, -0.5688053371128271, 0.442830561862205, 0.2449190431979878, 0.04295018315374828, 0.013323941406194622], [-0.09105356407949701, -0.15232117632095593, 0.5498855161889822, -0.49635475341901325, -0.4077379645705259, 0.015166753219375495, -0.5181627514361921, 0.11892851607992957, 0.26362951942856516, 0.43697396938898714, -0.0036933196750331687, 0.6046384926619908, -0.014514318896188483]], "inverted": true, "swapped": false, "error_lsq": 0.03656086524495142, "error_max": 0.19397554297640068, "target": "295.xyz", "model": "28.xyz", "model_rescale": 4.156811204709835, "target_rescale": 3.9726960181244872},
