[{"mapping": [5, 2, 8, 9, 3, 4, 0, 1, 7, 11, 10, 13], "R": [[0.6375253292311378, -0.46094550582906463, -0.6173254370627518], [0.48821015121830064, 0.8615647836132592, -0.1391293350981112], [0.5959968983443905, -0.2126860698151769, 0.7743076474312005]], "T": [0.21941399470489137, -0.10315821341065448, -0.05821887987665056], "aligned_model": [[0.4494447884617237, -0.12263344071633381, -0.39572922398156823, -0.010750289300169524, 0.2117062215531034, -0.7162810165832361, 0.45810610980137556, 0.775649638426591, -0.418306193755492, 0.12062701335800441, 0.16932776784417813, 0.10298111530815796], [0.22544897479218814, -0.7876985277232573, 0.3223640609674048, -0.1342437976858839, -0.5036331888985144, -0.29308496400901285, -0.6712363722065947, -0.25598642485549583, 0.13210623824010428, 0.5853987218559932, 0.6672743211517784, -0.015090548107120322], [-0.6997049749922196, 0.017056317979413066, -0.28429131546950775, 0.6366201378698574, -0.3940174653989411, -0.10072654822885, 0.4062439434692101, -0.0752353384697112, 0.272474454641888, -0.11471949983654547, 0.5893566015988208, 0.014081418731098277]], "inverted": false, "swapped": false, "error_lsq": 0.057573008611571476, "error_max": 0.27662089461225386, "target": "296.xyz", "model": "0.xyz", "model_rescale": 3.8414455957264533, "target_rescale": 3.7067032537021647},
{"mapping": [8, 2, 13, 3, 6, 7, 5, 10, 0, 11, 1, 14], "R": [[-0.5982107364845486, -0.1147783143141118, 0.7930761964135757], [0.4658142019349728, -0.8551103848048064, 0.2276035128785581], [0.6520437439545741, 0.5055810205715663, 0.5650015819513385]], "T": [-0.009109677184837649, -0.09289215769716794, -0.037828144025085476], "aligned_model": [[0.31892410339136035, -0.1686041916247518, -0.286988723837327, 0.24411448871957112, 0.3204655286929737, -0.6304669683676789, 0.3944012757285868, 0.6740042163922167, -0.5682750909209646, 0.12253466355445339, 0.16038847358968875, 0.043644715098205826], [0.052695866540041325, -0.7951921686701977, 0.41871384721332616, -0.14268412178136702, -0.7421408539363487, -0.24861992022498056, -0.5292306012246056, -0.13202004826841485, 0.2833111305002708, 0.7466041635527294, 0.4098468001542793, -0.0496656003331432], [-0.7417460110381082, 0.12323371387208601, -0.5235127451916828, 0.7016143244298376, -0.320464815187843, -0.0890041423751374, 0.2469708351891078, -0.05217098167427862, 0.22923457433505448, 0.026833253185150806, 0.6455617946711162, 0.02058793167920931]], "inverted": true, "swapped": false, "error_lsq": 0.05103178506493524, "error_max": 0.3177608490206688, "target": "296.xyz", "model": "1.xyz", "model_rescale": 4.316132596720782, "target_rescale": 3.7067032537021647},
{"mapping": [3, 2, 6, 1, 4, 8, 0, 5, 10, 7, 9, 11], "R": [[0.7370039134556302, 0.28846041201859424, -0.6112412144555935], [-0.10220846346914197, -0.8463865429980396, -0.5226693503804339], [-0.6681157546012241, 0.4476833820122103, -0.594307099001641]], "T": [0.05567060348778042, -0.03418601758560433, 0.07240646445919187], "aligned_model": [[0.30289044025761236, -0.23954663937207865, -0.36402019520939505, -0.1327449077972622, 0.26701101610489536, -0.6832652825967725, 0.48219638954638805, 0.6972708056694387, -0.43061833947800005, 0.3579517384310042, 0.32280832338085486, 0.044209141479649085], [0.24491334401020023, -0.8157980457105332, -0.08430702845612117, -0.1931820164759115, -0.5391779811146251, -0.225187293753294, -0.5519111091494115, 0.029123488425855604, 0.36648334399884874, 0.8019394680977934, 0.32187255497350453, -0.08315023132471694], [-0.4679664692666039, 0.12393139777947922, -0.6328902679575651, 0.5559528746918362, -0.47040849287219444, 0.13969973731496893, 0.3046790241359201, 0.062358134944371826, 0.05747578376405823, -0.02750052942960217, 0.6655432418971717, -0.04373670310732866]], "inverted": true, "swapped": false, "error_lsq": 0.06313763311121902, "error_max": 0.33139422555814047, "target": "296.xyz", "model": "2.xyz", "model_rescale": 3.795458400668931, "target_rescale": 3.7067032537021647},
{"mapping": [2, 3, 10, 7, 6, 5, 8, 1, 4, 0, 7, 11], "R": [[-0.2180127133291029, -0.9628020618790307, -0.15963284896402063], [-0.14135338104988482, 0.19299367987930308, -0.9709648094511003], [0.9656550515026827, -0.18911802972781983, -0.1781704025342566]], "T": [0.034020617956537394, -0.05094421123300307, -0.022752565280678635], "aligned_model": [[0.2839308863791457, -0.18056741439294394, -0.3957739692219566, 0.16324856259006415, 0.23377878099702826, -0.6172659553197906, 0.4032797832567405, 0.6612402972832303, -0.41127229288869704, 0.27829699077644615, 0.16324856259006415, 0.04199825836700315], [-0.03970687293820408, -0.8176761837925292, 0.26366669298402107, 0.12515172415331172, -0.552752559609643, -0.3068717464552214, -0.665357355407892, -0.004820619296391375, 0.3886256453647351, 0.6902221414595316, 0.12515172415331172, 0.06598590290655887], [-0.747420690273055, 0.033319568291403104, -0.5280320198204188, 0.7090893961305165, -0.25850954697814915, -0.08718479117954527, 0.28822507722479135, -0.04989902162099899, 0.11670100421547515, 0.03389931460106087, 0.7090893961305165, 0.047860045172916366]], "inverted": false, "swapped": false, "error_lsq": 0.05737727057685434, "error_max": 0.39903318342718175, "target": "296.xyz", "model": "3.xyz", "model_rescale": 3.7530521520055578, "target_rescale": 3.7067032537021647},
{"mapping": [2, 1, 4, 6, 0, 3, 9, 8, 10, 7, 11], "R": [[-0.8830479158378813, 0.37305117945960437, 0.2847089669086173], [-0.17736223104765464, 0.29638618826153357, -0.9384550422932348], [-0.4344755658632284, -0.879197386774777, -0.19555801634356668]], "T": [-0.17858327364603446, -0.1075335968601227, -0.012255894078311394], "aligned_model": [[-0.4392964811619444, -0.09622370818087667, 0.44373884180687817, 0.20423781067548533, 0.22325912952493773, -0.13735814278518302, -0.2402866392620052, -0.5857619187686953, -0.5186405190189626, 0.5036114479521998, -0.01908021833662879], [-0.6613575824945399, 0.08463478737079985, -0.18157166347315323, 0.45029751833908876, -0.7254184955712939, 0.5790681588312399, -0.2749776869676349, -0.01993180624340593, 0.3880770574200483, -0.01701821586429067, -0.15459871303251219], [-0.16838095182499158, -0.7999839653931464, -0.43170335452200825, -0.36735679503542523, 0.066358461758954, 0.04094147795275133, 0.7925715899915325, 0.1399255342564627, 0.5858581816273843, 0.2682425370900934, -0.033641938656290546]], "inverted": true, "swapped": true, "error_lsq": 0.06829587243271963, "error_max": 0.3955489780710001, "target": "296.xyz", "model": "4.xyz", "model_rescale": 3.7855080009869324, "target_rescale": 3.7067032537021647},
{"mapping": [13, 9, 8, 0, 14, 10, 2, 12, 7, 6, 4, 16], "R": [[-0.16076181697131897, -0.8616657316515806, 0.4813395943628851], [-0.7512255770176399, 0.4231361348984439, 0.5065727428294182], [-0.6401685486171547, -0.2801570599512931, -0.7153294703287804]], "T": [0.06823072957381099, -0.06482902124108235, 0.029377871695081173], "aligned_model": [[0.32104357469240546, -0.18380127511638794, -0.3255394770705747, 0.19707050306378263, 0.3435836838165028, -0.6438439031542222, 0.3558044617807429, 0.7156421268774007, -0.45295886440282834, 0.10399785337323306, 0.11176489521081084, 0.08137891134546896], [0.20060513351074594, -0.727207461779742, 0.18659524337974298, -0.12067934223141598, -0.5887020465660203, -0.20647785375841032, -0.6835079225014452, -0.12592732656318234, 0.4245830094759269, 0.5831711169006527, 0.44362275836914655, -0.11445681471440983], [-0.5955205310150092, -0.038803426110513836, -0.49696872274886045, 0.7966815519500654, -0.2983952243021166, -0.032667271112387194, 0.3127917973560083, -0.1710984180210191, 0.25344648439178946, -0.04057641259381327, 0.5647117377065913, 0.013536166393777471]], "inverted": false, "swapped": false, "error_lsq": 0.04334272726403219, "error_max": 0.26140052132422337, "target": "296.xyz", "model": "5.xyz", "model_rescale": 4.2253639853439635, "target_rescale": 3.7067032537021647},
{"mapping": [8, 4, 5, 7, 1, 2, 0, 9, 6, 11, 12, 13], "R": [[0.541515397119885, 0.7239208996019845, -0.4274337443412099], [0.06384719424486468, 0.4715494781168408, 0.8795252273100489], [0.8382628528505554, -0.5035668980455215, 0.2091309846093105]], "T": [0.028092863505338624, -0.10970825089766945, -0.05123339277457889], "aligned_model": [[0.3784944551497917, -0.23817966163934096, -0.3490272756344693, 0.02012487418129717, 0.3269131195932508, -0.6189322793094288, 0.47349225885571705, 0.6375886028909162, -0.4026884880198485, 0.01214018290049845, 0.3956643424824806, -0.0114476410345303], [0.15609324529000634, -0.7653686585450299, 0.25421334386446337, -0.044581008914389125, -0.676455416589776, -0.22205140525201814, -0.5475398373876508, -0.10610295735535513, 0.2052320302242625, 0.6662626027524177, 0.48320684076758114, -0.13129028533292228], [-0.644894209062902, -0.06217342948834989, -0.4063147073655366, 0.7393905187817911, -0.4092974745948375, -0.1887437279224408, 0.4517432764853209, -0.08437510387531505, 0.30787385391933103, 0.005056349454918646, 0.5689977467106739, -0.01012536114814197]], "inverted": false, "swapped": false, "error_lsq": 0.05839858633379771, "error_max": 0.36581345003060034, "target": "296.xyz", "model": "6.xyz", "model_rescale": 3.89814844738969, "target_rescale": 3.7067032537021647},
{"mapping": [4, 0, 7, 5, 2, 3, 1, 10, 8, 11, 9, 12], "R": [[-0.40727924046472347, -0.9132685563613214, -0.008010258933757064], [0.17654647465864248, -0.07012100678350808, -0.9817914171010422], [0.8960775427227732, -0.4012774456275546, 0.18979317442558793]], "T": [-0.019972991748117626, -0.0584400437831628, -0.03232855483459979], "aligned_model": [[0.3050405890366979, -0.2628237554167291, -0.4338054446989794, 0.311739692693608, 0.5489797301175245, -0.8129161611165371, 0.17036311243488547, 0.6880743340045056, -0.4026584384931164, 0.08432795875881441, 0.282836585843741, 0.14498428725191906], [-0.010922235012321237, -0.5917714829767933, 0.03270501014523023, -0.29871481878999767, -0.4493903827784911, -0.1916549370633347, -0.8157759441204244, 0.0996128822742191, 0.4369070129067866, 0.7276873030902519, 0.3742533017910229, -0.04131721594455865], [-0.5869491625831074, -0.11945759718863898, -0.5340356004050393, 0.6270736983467999, -0.19043762238634232, 0.044332119766069586, 0.2917256281944531, 0.07988517031248138, 0.22432279348237016, -0.19501068490464332, 0.6881079152646534, -0.06241892600454432]], "inverted": true, "swapped": false, "error_lsq": 0.05898030171917243, "error_max": 0.2843939297174025, "target": "296.xyz", "model": "7.xyz", "model_rescale": 3.7474275329858107, "target_rescale": 3.7067032537021647},
{"mapping": [11, 6, 9, 1, 10, 5, 0, 12, 8, 13, 2, 14], "R": [[0.08233046204509442, 0.9653747440019752, -0.24753443934645275], [0.9638551372695231, -0.013979715070203791, 0.2660598465114669], [0.253386995283086, -0.2604921711101455, -0.9316323627975429]], "T": [0.06267428859382294, -0.04391024145073479, 0.029581078057069117], "aligned_model": [[0.18965279198771418, -0.25540947061312547, -0.3923231337877263, 0.4600785083774268, 0.37869730937654833, -0.6041691189118317, 0.1953684108864085, 0.643525561141138, -0.5026817388936231, 0.5136733844136335, -0.08150224570172811, 0.07923223214149969], [0.04374342589702613, -0.7959791431557188, 0.1635264535276442, -0.08948378305481619, -0.6146759965319543, -0.26676175734969054, -0.5880897934405708, 0.06689577030908353, 0.31241398591669334, 0.7269598620129967, 0.310481258815532, 0.002588210575364139], [-0.5726425098786766, 0.017204179625721953, -0.5451256326145498, 0.6658159077023025, -0.35722541471443153, -0.10708836164937266, 0.3766749021624592, -0.14642018823781705, 0.1660212592030357, -0.07274647369757023, 0.7793872445743864, 0.06328281941902433]], "inverted": false, "swapped": false, "error_lsq": 0.053249356715137856, "error_max": 0.2916634357889107, "target": "296.xyz", "model": "8.xyz", "model_rescale": 4.019505241142653, "target_rescale": 3.7067032537021647},
{"mapping": [9, 6, 1, 3, 11, 2, 5, 8, 0, 7, 4, 12], "R": [[0.5304940370026031, -0.2431265120780635, 0.8120748585133244], [-0.5835014653472977, -0.7996415191922895, 0.1417726374213421], [0.6149000867150995, -0.5490564086763784, -0.5660697337335399]], "T": [-0.02157386122951522, -0.14091873375094158, -0.09212164771817503], "aligned_model": [[0.32850508740419554, -0.2061366720632926, -0.45889634028839726, -0.20148934906937788, 0.48684474073065676, -0.5165565682598783, 0.2468789255035313, 0.6004301641166665, -0.23490432645694306, 0.29022936886524786, 0.28269234057616077, 0.006545119357764695], [0.046024596773355214, -0.8392450705702975, 0.14412599605576923, -0.17229234692524248, -0.46257617226413705, -0.25793579548880374, -0.5241520398714457, 0.1128340029293591, 0.4013693073420598, 0.7041210549998373, 0.28102494382345955, -0.16167998328232452], [-0.6487516705578004, -0.17173781522510656, -0.5208451640894715, 0.747584801806598, -0.2511705126087594, 0.2099897377339281, 0.3891163947485098, -0.161817217638409, 0.19607944729094196, -0.0011794066736135617, 0.5536184568415915, -0.07374931973389692]], "inverted": false, "swapped": false, "error_lsq": 0.06367299947776661, "error_max": 0.39681076941603516, "target": "296.xyz", "model": "9.xyz", "model_rescale": 3.877068213659057, "target_rescale": 3.7067032537021647},
{"mapping": [3, 10, 13, 8, 12, 14, 11, 5, 2, 4, 7, 15], "R": [[0.39320192179157193, -0.36668329772506936, -0.8431699756685378], [-0.5261713704841999, -0.8417690159340949, 0.12070050826787912], [-0.7540132210924377, 0.3961922298364945, -0.5239234480675521]], "T": [0.06343274558827613, -0.08398055281730679, -0.000720689853708531], "aligned_model": [[0.31494332143493287, -0.29223363701420413, -0.5020621984287678, 0.1279905239394276, 0.5392031561417144, -0.6962647651891064, 0.21302495726431078, 0.8104856326029545, -0.40045962568569504, 0.18059548404377407, 0.1919404868829366, 0.13697915442405717], [0.16675857031963806, -0.6963233019879984, 0.18746680945880426, -0.15532326254516374, -0.5753278696838091, -0.2584539155772937, -0.7383433675811333, 0.057047631556119804, 0.3200291770974397, 0.5787371178453479, 0.5118943534496205, -0.1265434488299827], [-0.5266804460081354, -0.04253649170448863, -0.4525727605230518, 0.7648284247242839, -0.3014124695275661, -0.04476934981580015, 0.30601495059900874, -0.18243056151152093, 0.24814747596412068, -0.07261548419964624, 0.5421470895599655, 0.02901735433734265]], "inverted": false, "swapped": false, "error_lsq": 0.04535733851268673, "error_max": 0.23662825701020326, "target": "296.xyz", "model": "10.xyz", "model_rescale": 4.260839863003843, "target_rescale": 3.7067032537021647},
{"mapping": [8, 0, 7, 5, 1, 6, 3, 2, 10, 9, 4, 11], "R": [[-0.5746647179793333, -0.7971120247892954, 0.18539924985296863], [-0.16130832963321362, 0.33242183777255613, 0.9292337405426361], [-0.8023341477842485, 0.5040914021367816, -0.3196119109030475]], "T": [0.06901551447463332, -0.028580243060715466, -0.0006434934342978739], "aligned_model": [[0.2947250583811419, -0.37283692205883473, -0.34551494569483715, -0.12316487723623266, 0.420445034746896, -0.685954355265997, 0.38327288612208166, 0.7543008910262728, -0.36464271467846665, 0.298598084716835, 0.3042626772569629, 0.06065167310051219], [0.3443379789548332, -0.7796343841036123, -0.1878615532538224, -0.1527562168582385, -0.5212301423712608, -0.2896240225961526, -0.5639234215238716, -0.04302391647993958, 0.4230823405754994, 0.7348075132769621, 0.3796828273680647, -0.07223850946687244], [-0.5712577313718217, -0.10417305929247184, -0.4827219010580989, 0.6351693145691213, -0.39694389985827405, 0.2545661764528318, 0.34357018591469285, 0.022431582385417367, 0.0350670494495257, 0.01561190788102473, 0.559787498149992, -0.04396939132742704]], "inverted": false, "swapped": false, "error_lsq": 0.0635069468810787, "error_max": 0.31617581831987773, "target": "296.xyz", "model": "11.xyz", "model_rescale": 3.890672605050136, "target_rescale": 3.7067032537021647},
{"mapping": [6, 4, 11, 7, 0, 10, 3, 8, 12, 9, 5, 13], "R": [[0.16647773845822456, 0.8906881408517768, 0.4230364030953369], [0.9702530517813874, -0.07149432321762572, -0.2312954328484632], [-0.17576739773558486, 0.44895790169420013, -0.8760951000887984]], "T": [0.07758849937776308, -0.04792865877106485, -0.17236689952060164], "aligned_model": [[0.4131891122445948, -0.26061952172814007, -0.3119383040715226, 0.15891731573652507, 0.3580796498576106, -0.8023827977027609, 0.447856033129751, 0.7597338101588693, -0.3473838990800268, -0.05720320139259316, 0.23801138946759726, 0.027882903796430027], [0.21731759715090088, -0.6351859007134756, 0.11575196223113278, -0.14777543207550997, -0.5495783696519608, -0.04243718980961633, -0.7655440342265614, -0.09598041858463621, 0.11857175906555072, 0.7176413936781818, 0.4479507896533856, -0.10911366319580237], [-0.5584692127801097, 0.005962318699417463, -0.524843405969143, 0.6704737827953238, -0.3078911476196805, -0.013745133909360607, 0.27595584400366174, 0.05470104008404575, 0.4165373525903325, -0.13294472025951043, 0.4049893603402814, -0.023588346080746392]], "inverted": true, "swapped": false, "error_lsq": 0.05997194499474882, "error_max": 0.3616379856068402, "target": "296.xyz", "model": "12.xyz", "model_rescale": 4.124412569039231, "target_rescale": 3.7067032537021647},
{"mapping": [4, 10, 2, 9, 5, 11, 7, 0, 8, 1, 6, 12], "R": [[-0.5532813851359408, -0.7148111569021627, 0.42769699417957907], [-0.4287668849163412, 0.6845885058527276, 0.5894892162317029], [-0.7141699148390334, 0.1427711021969161, -0.6852574298147274]], "T": [0.2395987141935967, -0.07386231178376904, 0.12441907405055493], "aligned_model": [[0.2539750477150526, -0.25623872428521666, -0.3961922580308094, 0.01604958958579336, 0.6294006359665131, -0.7469925779600343, 0.25556996586007935, 0.7561030492192071, -0.36847437066843913, 0.1544804438982608, 0.17538468709284882, 0.15107700202307875], [-0.040892976479087045, -0.5285536470454293, 0.18398105530196204, -0.22028985494531833, -0.5943659723635322, -0.20132319691918096, -0.6830903374259707, 0.0665882997596027, 0.2623884415705875, 0.7018970524163818, 0.4374351007224323, -0.11215547107085798], [-0.6610633253153216, -0.17891357592014728, -0.3968123057960142, 0.705130737004856, -0.2640088860365382, 0.09369113328614588, 0.2716053723542861, -0.09977791747892638, 0.30352428121505265, -0.10756495088745859, 0.5511090428476285, 0.05021812662094943]], "inverted": false, "swapped": false, "error_lsq": 0.05192729413771937, "error_max": 0.31115884061607224, "target": "296.xyz", "model": "13.xyz", "model_rescale": 3.9028299243045295, "target_rescale": 3.7067032537021647},
{"mapping": [10, 8, 4, 1, 13, 0, 12, 14, 3, 7, 6, 15], "R": [[-0.07533826963569272, -0.8306151525217513, -0.5517269374695852], [0.9097965396228822, 0.16922077841645505, -0.37899153637298905], [0.4081597746208332, -0.5305118250834725, 0.742941990890321]], "T": [0.025327862216801715, -0.10869820757914603, 0.11419851026534585], "aligned_model": [[0.32468078309350906, -0.3733920997563042, -0.3309653489502503, 0.21553393800623522, 0.47421046837335773, -0.7909515869231186, 0.34879308748877647, 0.8770022565116563, -0.42669452165430316, 0.18486134330608914, 0.03743458989418611, 0.0836295810265007], [0.16745183527540267, -0.7680012077749874, 0.11101847150696117, -0.14058392220695115, -0.5467144210987275, -0.17505286189862732, -0.718158005170681, -0.06052949426534279, 0.3134786150440988, 0.7322416954614841, 0.3673351781337474, -0.010867389484787493], [-0.5098860870794283, 0.06082149822316292, -0.41885214632401774, 0.734685178678346, -0.37498198237443714, -0.014258992461038553, 0.20458264670710274, -0.12113349763655006, 0.19250521596400136, -0.18244454750395384, 0.5807324373069945, 0.11536800839433028]], "inverted": true, "swapped": false, "error_lsq": 0.04648588124353336, "error_max": 0.22115980724355808, "target": "296.xyz", "model": "14.xyz", "model_rescale": 3.942246331269136, "target_rescale": 3.7067032537021647},
{"mapping": [8, 9, 11, 5, 7, 10, 2, 0, 4, 12, 3, 14], "R": [[0.8776813626764245, 0.13494790743044113, 0.4598526806387021], [0.16046514132562087, 0.8214005912449255, -0.5473134450402584], [-0.4515820678789223, 0.5541571356417172, 0.6992735551896442]], "T": [-0.02024042540028289, 0.01847759272949298, 0.017167826527001905], "aligned_model": [[0.32578918629489334, -0.23014839842898957, -0.4072666032845197, 0.17304125117131494, 0.36147420096751554, -0.6970937145067672, 0.5139845242884395, 0.6917031559805122, -0.4936477124820908, 0.36480020427165893, -0.05495245107348711, 0.07645884721785379], [0.01953128621820871, -0.7550640002236435, 0.19294063256199964, -0.20930814315844287, -0.6601637930398634, -0.1994078105220329, -0.47534242075903566, -0.12291205910284633, 0.33789860482159095, 0.7297231451947878, 0.3925962118680342, 0.021126839662832915], [-0.6750050737283526, 0.0928933371747736, -0.5606594919871632, 0.5771101541079574, -0.335988401886117, 0.07544382603637234, 0.2482379804797741, -0.10057250706210699, 0.14952996044190708, 0.13527682602712823, 0.6298490361198708, 0.031022086170468463]], "inverted": true, "swapped": false, "error_lsq": 0.044655034329615435, "error_max": 0.28964200120699407, "target": "296.xyz", "model": "15.xyz", "model_rescale": 4.355366556412066, "target_rescale": 3.7067032537021647},
{"mapping": [3, 2, 6, 1, 4, 8, 0, 5, 10, 7, 9, 11], "R": [[0.7370039134556302, 0.28846041201859424, -0.6112412144555935], [-0.10220846346914197, -0.8463865429980396, -0.5226693503804339], [-0.6681157546012241, 0.4476833820122103, -0.594307099001641]], "T": [0.05567060348778042, -0.03418601758560433, 0.07240646445919187], "aligned_model": [[0.30289044025761236, -0.23954663937207865, -0.36402019520939505, -0.1327449077972622, 0.26701101610489536, -0.6832652825967725, 0.48219638954638805, 0.6972708056694387, -0.43061833947800005, 0.3579517384310042, 0.32280832338085486, 0.044209141479649085], [0.24491334401020023, -0.8157980457105332, -0.08430702845612117, -0.1931820164759115, -0.5391779811146251, -0.225187293753294, -0.5519111091494115, 0.029123488425855604, 0.36648334399884874, 0.8019394680977934, 0.32187255497350453, -0.08315023132471694], [-0.4679664692666039, 0.12393139777947922, -0.6328902679575651, 0.5559528746918362, -0.47040849287219444, 0.13969973731496893, 0.3046790241359201, 0.062358134944371826, 0.05747578376405823, -0.02750052942960217, 0.6655432418971717, -0.04373670310732866]], "inverted": true, "swapped": false, "error_lsq": 0.06313763311121902, "error_max": 0.33139422555814047, "target": "296.xyz", "model": "16.xyz", "model_rescale": 3.795458400668931, "target_rescale": 3.7067032537021647},
{"mapping": [4, 0, 7, 5, 2, 3, 1, 10, 8, 11, 9, 12], "R": [[-0.40727924046472347, -0.9132685563613214, -0.008010258933757064], [0.17654647465864248, -0.07012100678350808, -0.9817914171010422], [0.8960775427227732, -0.4012774456275546, 0.18979317442558793]], "T": [-0.019972991748117626, -0.0584400437831628, -0.03232855483459979], "aligned_model": [[0.3050405890366979, -0.2628237554167291, -0.4338054446989794, 0.311739692693608, 0.5489797301175245, -0.8129161611165371, 0.17036311243488547, 0.6880743340045056, -0.4026584384931164, 0.08432795875881441, 0.282836585843741, 0.14498428725191906], [-0.010922235012321237, -0.5917714829767933, 0.03270501014523023, -0.29871481878999767, -0.4493903827784911, -0.1916549370633347, -0.8157759441204244, 0.0996128822742191, 0.4369070129067866, 0.7276873030902519, 0.3742533017910229, -0.04131721594455865], [-0.5869491625831074, -0.11945759718863898, -0.5340356004050393, 0.6270736983467999, -0.19043762238634232, 0.044332119766069586, 0.2917256281944531, 0.07988517031248138, 0.22432279348237016, -0.19501068490464332, 0.6881079152646534, -0.06241892600454432]], "inverted": true, "swapped": false, "error_lsq": 0.05898030171917243, "error_max": 0.2843939297174025, "target": "296.xyz", "model": "17.xyz", "model_rescale": 3.7474275329858107, "target_rescale": 3.7067032537021647},
{"mapping": [1, 12, 3, 9, 7, 10, 9, 2, 8, 0, 4, 13], "R": [[-0.9437176709230921, -0.32856226626662566, 0.03799729955185654], [-0.23080468187797307, 0.7364696258445763, 0.6358786747733861], [-0.23690959543822238, 0.5913199873115139, -0.770853109350419]], "T": [-0.00014540420240543445, -0.09452520111966028, -0.04007878538249856], "aligned_model": [[0.2507740822024551, -0.16598879939357747, -0.3807642517267022, 0.29359027326176423, 0.3507041200203181, -0.6790630581287179, 0.29359027326176423, 0.6939044660346971, -0.4407767910404654, 0.3368541132636897, -0.015309303632343276, 0.08662736629345216], [0.12450012891794254, -0.7907352545757633, 0.2285566930017532, -0.40871041789876056, -0.6909212784380518, -0.21708896883853182, -0.40871041789876056, 0.04413422581251927, 0.4485104975242373, 0.6696702906420589, 0.30766968527947053, -0.03525669000652427], [-0.6463672752566813, 0.17677243792881817, -0.49979235262783245, 0.4724942993558734, -0.3377961217071086, -0.06217657923624489, 0.4724942993558734, -0.09394031856141158, 0.12668650522139743, -0.0003425754531090272, 0.6860308148357294, -0.026925401960791653]], "inverted": true, "swapped": false, "error_lsq": 0.05120178591412061, "error_max": 0.3125177990071227, "target": "296.xyz", "model": "18.xyz", "model_rescale": 3.922800546911778, "target_rescale": 3.7067032537021647},
{"mapping": [13, 10, 7, 1, 4, 9, 6, 8, 3, 12, 0, 14], "R": [[-0.7692657489481688, -0.6050133090247339, 0.20539986221552164], [-0.5365967573814182, 0.7862731985093878, 0.3063305033351474], [-0.3468344381155955, 0.12543266404234266, -0.9295012207244703]], "T": [0.11732210718554378, -0.053525571575043035, 0.05772221204158903], "aligned_model": [[0.3171991618374808, -0.22992111499663573, -0.3836714764668896, 0.29124987690532705, 0.3108044891840689, -0.6843044677800797, 0.45893648786378927, 0.7276514194432623, -0.2923255527152967, 0.2093936839384763, -0.14624657686296735, 0.04537656006579953], [0.009733003813238744, -0.7787497961935529, 0.30558438814274924, -0.27147328264066983, -0.6216621852363009, -0.19123826809227198, -0.629189068763004, -0.043702480178552446, 0.42681422270581126, 0.6786069170415874, 0.4012323445214956, -0.014337301598940373], [-0.5963888354753423, -0.006094838488226811, -0.45046720641301974, 0.7434560890648859, -0.3468176440490819, 0.023469716631457804, 0.22409205555974912, 0.015386748231024455, 0.16073541679271447, -0.2145256317198664, 0.7074678716756861, 0.00682399008453162]], "inverted": false, "swapped": false, "error_lsq": 0.046687189691823235, "error_max": 0.2597350546235559, "target": "296.xyz", "model": "19.xyz", "model_rescale": 3.9282355846067225, "target_rescale": 3.7067032537021647},
{"mapping": [5, 10, 3, 9, 2, 0, 12, 7, 4, 6, 8, 13], "R": [[0.9198714768496021, 0.3693937343465737, -0.13185118544793248], [-0.3664708494061409, 0.6896678659480835, -0.6245457158720712], [-0.139769748565538, 0.6228214059456446, 0.7697778339766721]], "T": [0.06424163226620688, -0.011019597822152852, 0.04808020698784576], "aligned_model": [[0.24684753640021112, -0.07641451567774427, -0.3807675791667132, 0.13324992523179577, 0.3008269439044538, -0.6973576350861825, 0.5229049667473531, 0.6723795348216721, -0.4394550687320031, 0.3312091050195248, 0.03611210955202864, -0.025392832598061882], [0.1715383320639376, -0.8608810598086797, 0.348835836868976, -0.19082369916124203, -0.5498895032139565, -0.19167234987502507, -0.5545486812644954, -0.1348945509607884, 0.3311510621463022, 0.5523098522741855, 0.45991778899329233, -0.10942453454091709], [-0.6007786669282779, 0.061707109319544144, -0.44061799947977176, 0.7124093166025026, -0.5284289653068716, -0.11783581797920101, 0.5139111058369115, -0.005966660081050963, 0.21712670295887718, -0.14745074504514466, 0.6447780256360273, -0.04171567363903234]], "inverted": false, "swapped": false, "error_lsq": 0.05390392530696724, "error_max": 0.3008905542064595, "target": "296.xyz", "model": "20.xyz", "model_rescale": 4.067790424073018, "target_rescale": 3.7067032537021647},
{"mapping": [11, 7, 13, 0, 12, 1, 0, 3, 5, 6, 4, 14], "R": [[0.255048801701634, -0.943905383431997, -0.20974445374945017], [-0.8619010552917632, -0.32025184239014426, 0.3931479725658815], [-0.4382655355346865, 0.08050704673389053, -0.8952328947199615]], "T": [0.012643311658369981, -0.026459926345322904, 0.009147145846922545], "aligned_model": [[0.2975933389011285, -0.2934235864189151, -0.3684427538525155, 0.33463791752713345, 0.3850987609802038, -0.739926201190165, 0.33463791752713345, 0.8545069162749043, -0.45420601553435747, 0.3387611283981478, -0.05877575034859566, -0.006319181847768508], [0.10719642128347445, -0.6433811069593519, 0.2684056077217714, -0.4609770883680166, -0.5249034809850208, -0.3372914444666898, -0.4609770883680166, -0.03508310108178157, 0.3084017074454106, 0.6377702991356166, 0.4707766771507148, -0.05831890898652113], [-0.5556286651542472, 0.29619290529988407, -0.4987418504603002, 0.46955168450843776, -0.43789292842640326, -0.0924796072848381, 0.46955168450843776, -0.11306712799349215, 0.14474033436531464, 0.010657065643577896, 0.633749077049547, -0.05949484016140573]], "inverted": false, "swapped": false, "error_lsq": 0.0571760287391359, "error_max": 0.37020019386152203, "target": "296.xyz", "model": "21.xyz", "model_rescale": 4.186013935880536, "target_rescale": 3.7067032537021647},
{"mapping": [3, 2, 11, 1, 5, 8, 0, 6, 9, 4, 10, 12], "R": [[-0.2440391084822684, -0.957580246832558, -0.15324811387836795], [-0.4569338316902148, -0.025843299294948885, 0.8891251865392469], [-0.8553691524646412, 0.2870055657259094, -0.4312440356158825]], "T": [0.04937548592052966, -0.03951719202731668, 0.0848922020046082], "aligned_model": [[0.5075812300962784, -0.22754944398193627, -0.28489376073675654, 0.16968165278275038, 0.14489146805672137, -0.681600057250321, 0.514535063545177, 0.5903268080294127, -0.42955984355734445, 0.3222005904133382, -0.06842546169248613, 0.06695424471150062], [0.042930611514694184, -0.7254161934869872, 0.24698706877736581, -0.35178252169451185, -0.5729689037102286, -0.23498690865429409, -0.5681753406406451, 0.02709581669447869, 0.11616595714186417, 0.6116854019123315, 0.6988101277260441, -0.018726622058522005], [-0.7123458492900064, 0.03435166520361238, -0.3680375475060551, 0.7353843434137903, -0.46723526930431547, -0.0381300556216648, 0.24593744488734326, -0.028188402852618435, 0.44798236640047684, -0.08574716266025387, 0.45542578791168875, 0.04774041131251498]], "inverted": false, "swapped": false, "error_lsq": 0.06245237737928361, "error_max": 0.31719707793481955, "target": "296.xyz", "model": "22.xyz", "model_rescale": 4.166573947596378, "target_rescale": 3.7067032537021647},
{"mapping": [11, 4, 9, 5, 2, 8, 1, 6, 10, 14, 13, 15], "R": [[-0.473807907867968, -0.716222201771453, 0.5123785945289197], [-0.37143973131550573, -0.3650070263238785, -0.8536992425523549], [0.7984601382924785, -0.5948072195458385, -0.09309016668856335]], "T": [0.0198081961454036, -0.07001827882838754, -0.062525898195064], "aligned_model": [[0.23995338905079835, -0.24225007035319004, -0.34178837137005924, 0.27252153197221435, 0.40654994115254045, -0.7491762256939006, 0.34301564449984406, 0.753232223695801, -0.3249574923073882, 0.0830871997312547, 0.131728001347737, 0.05222671869068248], [0.07517032959347128, -0.7531128398670524, 0.2260551585121133, -0.09036403700942536, -0.572468032875207, -0.3185357108233881, -0.5960026998678284, -0.20873910472037535, 0.4350455815774339, 0.7177124995206156, 0.4643581709123049, -0.10750082143107301], [-0.8058627595517267, -0.1300595861125734, -0.4394046696116958, 0.7291710142788128, -0.2878796346100988, -0.09384977382160428, 0.2938115753032436, 0.08564076554027959, 0.36989559766484353, -0.024397801375247052, 0.5845667582782953, -0.014493754088016328]], "inverted": true, "swapped": false, "error_lsq": 0.043229450585030305, "error_max": 0.23046122205314468, "target": "296.xyz", "model": "23.xyz", "model_rescale": 4.274766983524099, "target_rescale": 3.7067032537021647},
{"mapping": [4, 1, 6, 7, 3, 10, 9, 8, 2, 5, 11], "R": [[-0.4941294195591196, -0.0924211617006293, -0.8644619399349364], [-0.5182000944721629, -0.7670864818708795, 0.37821553566716226], [-0.6980721873955508, 0.6348516820493296, 0.3311473433140117]], "T": [0.02647870909236888, 0.009016866952745187, 0.07584763822952817], "aligned_model": [[0.18912303108134781, 0.21246637429719314, -0.35417539463026504, -0.2890830886314305, -0.6030560383053094, -0.6306085264714862, -0.192224530766122, -0.057215717572992875, 0.6223413008832681, 0.42972795271842945, 0.052599341355442725], [0.1453077514296689, 0.730615604277896, 0.4688891362897186, -0.36858650925120046, 0.2902882730058886, -0.14683379487873433, -0.7203402590447917, 0.039983310838069275, -0.060902939139603526, 0.5780922402884782, -0.040926282571906496], [-0.647805760916426, -0.25419955679162215, -0.40106339619936254, -0.4810172325945837, 0.05296007217727958, 0.5886402224091967, 0.3917577257330432, 0.5102023690561259, 0.2736516061216555, 0.42850761975614027, -0.08206723472986949]], "inverted": false, "swapped": true, "error_lsq": 0.06843188278759962, "error_max": 0.35488100037103, "target": "296.xyz", "model": "24.xyz", "model_rescale": 3.7841303162186577, "target_rescale": 3.7067032537021647},
{"mapping": [0, 4, 8, 13, 6, 2, 3, 11, 9, 10, 14, 15], "R": [[0.906555697298338, 0.40701638199007134, 0.11177849742967849], [-0.33555049808983467, 0.8556146749878846, -0.3941184989023485], [-0.2560520082475203, 0.31978304010233094, 0.9122369080098234]], "T": [0.029965666780048358, -0.024864018625511, -0.05230781063316206], "aligned_model": [[0.11521903059511185, -0.2150316603243762, -0.4195587868949164, 0.3571985592358183, 0.4418527945416341, -0.6968581143484138, 0.239359755716458, 0.7630713076301313, -0.3481585606744339, 0.3229996345847323, -0.0045325843712982795, 0.0685811147258868], [0.18758425870374976, -0.7124192383957546, 0.061242821311283176, -0.1044078337159732, -0.5895936600018491, -0.19973963811516307, -0.7010882313788677, -0.07823806053828289, 0.3317897948925738, 0.6958030461315267, 0.46299851350710897, -0.0823132788787626], [-0.7515413501388404, -0.20706075030389884, -0.4264350099961418, 0.6538022465441348, -0.23521729201204708, 0.04738540288439727, 0.3322397381013802, 0.16935612456236934, 0.2159473560292561, -0.047289766759522844, 0.5722712337793194, -0.05632020079589378]], "inverted": false, "swapped": false, "error_lsq": 0.04272309121099807, "error_max": 0.2291102045615552, "target": "296.xyz", "model": "25.xyz", "model_rescale": 4.19342608120988, "target_rescale": 3.7067032537021647},
{"mapping": [3, 2, 6, 1, 4, 8, 0, 5, 10, 7, 9, 11], "R": [[0.7370039134556302, 0.28846041201859424, -0.6112412144555935], [-0.10220846346914197, -0.8463865429980396, -0.5226693503804339], [-0.6681157546012241, 0.4476833820122103, -0.594307099001641]], "T": [0.05567060348778042, -0.03418601758560433, 0.07240646445919187], "aligned_model": [[0.30289044025761236, -0.23954663937207865, -0.36402019520939505, -0.1327449077972622, 0.26701101610489536, -0.6832652825967725, 0.48219638954638805, 0.6972708056694387, -0.43061833947800005, 0.3579517384310042, 0.32280832338085486, 0.044209141479649085], [0.24491334401020023, -0.8157980457105332, -0.08430702845612117, -0.1931820164759115, -0.5391779811146251, -0.225187293753294, -0.5519111091494115, 0.029123488425855604, 0.36648334399884874, 0.8019394680977934, 0.32187255497350453, -0.08315023132471694], [-0.4679664692666039, 0.12393139777947922, -0.6328902679575651, 0.5559528746918362, -0.47040849287219444, 0.13969973731496893, 0.3046790241359201, 0.062358134944371826, 0.05747578376405823, -0.02750052942960217, 0.6655432418971717, -0.04373670310732866]], "inverted": true, "swapped": false, "error_lsq": 0.06313763311121902, "error_max": 0.33139422555814047, "target": "296.xyz", "model": "26.xyz", "model_rescale": 3.795458400668931, "target_rescale": 3.7067032537021647},
{"mapping": [7, 11, 6, 9, 10, 8, 4, 3, 1, 0, 2, 12], "R": [[0.24519562230493663, -0.11466134706627117, 0.9626691447696053], [-0.310007176966973, 0.931572266114097, 0.1899175169277818], [-0.9185720750335616, -0.34500128767295135, 0.192871601000621]], "T": [-0.03824115747211248, -0.11303067922273058, 0.07517000320216874], "aligned_model": [[0.4237004528386696, -0.1912122873700446, -0.5264584408279359, 0.08403448174560318, 0.29062000181025593, -0.7158515015765833, 0.5009661114829852, 0.6752383160547221, -0.447839065205027, 0.3119315259356657, 0.19351301805216817, 0.025499877475855394], [0.025135207227800604, -0.8006626758595771, 0.30633667544068005, -0.10473897338403657, -0.5725577606181851, -0.2785377525155327, -0.7353389206757709, 0.07662235328115957, 0.2843673702599298, 0.6339414703689012, 0.502785110329459, -0.0657336103332386], [-0.5788393507938094, 0.19901128207278002, -0.44151352251849807, 0.48669668008179934, -0.3588480009046472, -0.13507590129740552, 0.2195692980833928, 0.08260821305446078, 0.23219711805633994, -0.028197746228525875, 0.6598885930934743, -0.07035893080484881]], "inverted": true, "swapped": false, "error_lsq": 0.051831470214756724, "error_max": 0.27678431070160303, "target": "296.xyz", "model": "27.xyz", "model_rescale": 3.6321398670334006, "target_rescale": 3.7067032537021647},
{"mapping": [7, 9, 8, 2, 6, 10, 13, 4, 0, 3, 5, 14], "R": [[0.4376117712882531, -0.8602510015619846, 0.26165655340839533], [-0.5217957961744537, -0.0059726599770788535, 0.8530495146399573], [-0.7322739137267054, -0.5098357987081732, -0.45148906258177873]], "T": [0.003895831473505855, -0.08201345729649556, -0.03954528185502856], "aligned_model": [[0.2904218526649944, -0.2513771605394443, -0.2736091762459712, 0.15579217428385705, 0.46545294824766487, -0.7663311243462555, 0.27731250433843097, 0.8163085869768971, -0.38287237550777325, 0.119693486290806, 0.12825354924613244, 0.04509722500699546], [0.2868925443661223, -0.6956003506631326, 0.09423788755107013, -0.05357398125344051, -0.6596220553037337, -0.18126214402429136, -0.7342457991766771, -0.049467754252358165, 0.28360426655221227, 0.5944258562318628, 0.4910288543238498, -0.10479883082989444], [-0.6581716514201581, -0.10968075831070426, -0.4382382087105229, 0.7411994657902261, -0.2787957209434546, 0.00010024384508006134, 0.3682703960179764, -0.19889880163975487, 0.28625485365142445, -0.0636458672078706, 0.6147688542386351, 0.003974926583635498]], "inverted": false, "swapped": false, "error_lsq": 0.043253994110259576, "error_max": 0.24984820139101083, "target": "296.xyz", "model": "28.xyz", "model_rescale": 4.156811204709835, "target_rescale": 3.7067032537021647},
{"mapping": [6, 7, 4, 0, 10, 3, 1, 8, 2, 11], "R": [[0.28195371170044303, 0.5003550641874954, -0.8186250143993105], [-0.8102435883048236, -0.33277095058735595, -0.4824612130069228], [-0.5138165354183021, 0.799317398901785, 0.31158347796957686]], "T": [-0.08194616266910112, 0.051858515648201875, 0.12467295045352393], "aligned_model": [[-0.5951093010596216, 0.15398438037390738, -0.0027155540136966083, 0.6038004668824227, -0.3712231465310104, -0.6433292540833957, -0.5410602594540617, -0.21690644362449396, 0.25813560420569714, -0.0026511185851594427], [-0.1372471331962921, -0.5101832770742641, 0.1161462112000842, 0.11894854330494153, -0.482476651819976, -0.34798921926021686, 0.5008913389664018, 0.08064349835311628, 0.5613056324831038, 0.01868138766930546], [-0.40892505602546286, -0.30042450231936324, -0.6225166008753028, -0.14862134189995307, 0.7161237546109221, 0.094304277668828, -0.3771348513741672, 0.5460811340811228, 0.2791897595117954, -0.019289846403319724]], "inverted": false, "swapped": true, "error_lsq": 0.06249402097833551, "error_max": 0.3343153354869722, "target": "296.xyz", "model": "29.xyz", "model_rescale": 4.117894457231895, "target_rescale": 3.7067032537021647},
