[{"mapping": [1, 2, 0, 3, 9, 5, 11, 8, 6, 7, 4, 12, 10, 13], "R": [[0.6879072607608294, 0.3991742734089132, -0.6061711804770978], [0.08479663913748539, -0.8736603317827294, -0.47908992335497735], [-0.7208280867055051, 0.2781681579867782, -0.6348459224872784]], "T": [-0.056371508166766435, -0.15190063724620617, -0.02895398829126261], "aligned_model": [[-0.2917932146847569, 0.6926093422874126, 0.29462081734444023, 0.20602933644984167, 0.21234544029256808, -0.5446417043954348, -0.5285312852853159, -0.027345366424143383, 0.296045074407819, 0.21255037857119458, 0.6709505892192207, -0.3323524579300329, -0.5201353985441383, -0.04002364238563107], [-0.6712943699349809, -0.325665335158126, -0.6352191157235095, -0.44947245946091646, 0.09479553350477593, -0.19951401124098617, 0.3587192169315533, 0.5548957090432214, 0.019704634977851576, 0.5241793653513473, 0.4240722333855982, -0.2520420612308721, 0.4696277534392109, 0.0022239823224456667], [0.059651225814626396, -0.03853317522009955, 0.45953354519884204, -0.36924373713192316, 0.6064005369241734, -0.6049109680503835, -0.08721504075451546, -0.3608809977227829, -0.6853840813392661, 0.17596387670946445, -0.2584361130009831, 0.46997087433205315, 0.6145166312366734, 0.021227793090226252]], "inverted": true, "swapped": false, "error_lsq": 0.058133484989312256, "error_max": 0.35408427281650967, "target": "297.xyz", "model": "0.xyz", "model_rescale": 3.8414455957264533, "target_rescale": 3.8028543670667236},
{"mapping": [10, 2, 3, 6, 4, 8, 12, 13, 9, 0, 7, 1, 11, 14], "R": [[-0.2586780212769936, -0.7889172872256943, 0.5574003904059187], [-0.5856428736805285, 0.5869793062446685, 0.5589970648829385], [-0.7681849424555468, -0.181837311784405, -0.6138624326570158]], "T": [0.07843349304518185, -0.038448788713234795, -0.030288243613629785], "aligned_model": [[-0.3680862365148355, 0.7070004735989496, 0.12506822398636155, 0.22263095468518757, 0.48062298018205785, -0.4239940062814741, -0.6827193749920368, -0.2016425495974206, 0.3164626604335898, 0.27405111265245974, 0.5986476388916376, -0.20780451930246083, -0.5674012566371908, 0.02749180781821843], [-0.5566154099028037, -0.41451320023848676, -0.4252193831672679, -0.6329932342620853, -0.061188495736976434, -0.020010072142452803, -0.009090544537623264, 0.6067036860244345, 0.2158528312162136, 0.5496410205075664, 0.32381230594647453, 0.006289012393120595, 0.3945957780527059, -0.06225321794620668], [-0.052755646868673935, -0.12019840410795782, 0.6491310607748851, -0.5158303819571843, 0.33514814894907297, -0.6398200468463704, -0.07582887211954958, -0.3134537346552642, -0.6169589191779373, 0.3457456547213353, -0.1356407181565335, 0.7849198406251003, 0.3184742564163755, 0.03972813248880693]], "inverted": false, "swapped": false, "error_lsq": 0.04044189832281323, "error_max": 0.28924298239640245, "target": "297.xyz", "model": "1.xyz", "model_rescale": 4.316132596720782, "target_rescale": 3.8028543670667236},
{"mapping": [10, 4, 9, 5, 7, 8, 6, 3, 11, 1, 0, 13], "R": [[0.1501144486739484, -0.44752291491109997, 0.8815831741411522], [-0.635326896579437, -0.7268709959596654, -0.2608031627786468], [0.7575126314339966, -0.520943179110809, -0.3934371834942215]], "T": [0.026049607000592397, 0.018103431248653257, -0.11165289252625021], "aligned_model": [[-0.10433715254388479, 0.4847906620333215, 0.11567985703035111, -0.5653591722779548, -0.5725388816024641, -0.5640893160106891, -0.12122377340451276, -0.2194088733310744, 0.6020717513324712, 0.2509360369276555, 0.28366930506760846, 0.007618111410953234], [-0.5008407255922259, -0.36482975863888967, -0.5729443754992432, 0.5501826127295941, -0.3096956665429986, -0.011508937881694364, 0.4203543907321611, 0.40765885842380317, -0.023620349447692434, -0.06704962656126054, 0.5607523483948943, -0.0756823423754676], [0.2571917594919369, 0.04363278070110996, -0.4847453062851649, -0.05800388703440651, -0.38379682762556866, 0.3027392474350187, -0.6016939252969353, 0.5667603483241793, -0.5248277481921565, 0.6289582004214207, -0.0797841764454283, -0.21717200428458444]], "inverted": false, "swapped": true, "error_lsq": 0.043761991582296704, "error_max": 0.25804995017452353, "target": "297.xyz", "model": "2.xyz", "model_rescale": 3.795458400668931, "target_rescale": 3.8028543670667236},
{"mapping": [7, 6, 5, 2, 10, 1, 0, 9, 11, 4, 8, 13], "R": [[-0.45227383471462484, -0.3579250813249402, -0.8169075924430274], [-0.8915258938712509, 0.15565660512966545, 0.42538523932616046], [-0.02509898383591508, 0.9206848849840226, -0.3894988877678114]], "T": [0.013336423392429082, -0.03359116203042372, 0.04447695677892226], "aligned_model": [[-0.06822401334803802, -0.3040871408363195, -0.7715439607871166, 0.3077905796489152, 0.2652019788296353, 0.09691181609405422, -0.24289114539019868, 0.5807970076946041, 0.47502574310266016, 0.5669543783227748, -0.4031624138148388, 0.09053099622743294], [-0.07011061715632871, -0.5987280175231215, -0.06473588140041081, 0.06917782974519995, 0.5071572323944323, 0.6411572291972324, -0.23410142169849715, -0.19129355100911138, -0.49979621900807875, 0.16226469052011971, 0.46057998622416624, -0.09580221499589289], [-0.6847945791858829, -0.014667884217163883, -0.0924303269899371, 0.8453124175779828, -0.21340875088527916, 0.42402866983963433, 0.5504358878596518, -0.34241770919645387, 0.31604953069757225, 0.23511396472886437, -0.2767477019224933, -0.05770208766739483]], "inverted": true, "swapped": true, "error_lsq": 0.04622551733320799, "error_max": 0.24194964634767285, "target": "297.xyz", "model": "3.xyz", "model_rescale": 3.7530521520055578, "target_rescale": 3.8028543670667236},
{"mapping": [9, 8, 7, 5, 12, 3, 11, 4, 2, 0, 13], "R": [[-0.9300798976069459, -0.022107216954921412, -0.36669149843698445], [0.22219652340580948, -0.8287495147958165, -0.5136175101299315], [-0.2925407476811128, -0.559182897345946, 0.7757154106126606]], "T": [-0.0764725292358779, -0.026301928379491996, -0.01276984542757774], "aligned_model": [[-0.32761109844491526, -0.057351108381455476, 0.1137120077406024, 0.535834820282318, 0.2979923202393051, -0.0638629383899131, -0.13998849355234755, -0.6385461220318042, -0.47647525388527046, 0.1706085614787513, -0.07611309261006542], [-0.6817002344790228, 0.3171229225490365, -0.4106287294361005, 0.3621311151842278, -0.7665440525641306, 0.7616440647731265, -0.41052271723287304, -0.15193275220228655, 0.3037744927492171, 0.30972502093371046, -0.1658657719605586], [-0.07563096380652516, -0.6472424055508135, -0.6093815285993796, -0.34435738403127836, 0.1655167776616722, -0.23911014644124748, 0.5810280610024378, 0.20968238806705358, 0.6725399586526395, 0.42069087381154807, -0.040904853520790624]], "inverted": false, "swapped": true, "error_lsq": 0.057045801574872976, "error_max": 0.31591838896409236, "target": "297.xyz", "model": "4.xyz", "model_rescale": 3.7855080009869324, "target_rescale": 3.8028543670667236},
{"mapping": [3, 4, 5, 1, 7, 12, 14, 13, 11, 8, 6, 10, 15, 16], "R": [[-0.9113140115422339, 0.3874653868033724, 0.13920253731924098], [0.33512108012231545, 0.5016881999330424, 0.7974978443266143], [0.23916654035306506, 0.7734206643717616, -0.58704330495994]], "T": [-0.04291270269250336, -0.06383228366955843, -0.0003546970932093649], "aligned_model": [[-0.343969500242572, 0.6200435352085151, 0.24607689025422963, 0.15547415016952604, 0.5537055995554883, -0.2522193448955422, -0.6805317170765977, -0.06389245780305478, 0.26748526770236886, 0.03803588836510552, 0.5220878479772083, -0.11067783135576682, -0.5552389767645403, -0.09605144217132472], [-0.5994729153343642, -0.3784271494270378, -0.6152271808779155, -0.5195231207882054, -0.03950476763817265, 0.033221843484001395, 0.020410899472772984, 0.5854431686853413, 0.20038783429392934, 0.5552628893938495, 0.23346576566170593, 0.014801729566225191, 0.49277731996677754, -0.06860524025229486], [0.32348249002072493, -0.09265789818889142, 0.5168995219522912, -0.5713997536053695, 0.45222042955691444, -0.6405394274189979, -0.21021769317106315, -0.321086478680629, -0.6831995239304965, 0.32441963418775466, -0.13624184024409874, 0.7208864923669952, 0.3267930443343009, -0.0066986270933294565]], "inverted": false, "swapped": false, "error_lsq": 0.0377224867054461, "error_max": 0.2681666067208145, "target": "297.xyz", "model": "5.xyz", "model_rescale": 4.2253639853439635, "target_rescale": 3.8028543670667236},
{"mapping": [9, 10, 1, 8, 4, 11, 12, 6, 5, 3, 2, 0, 7, 13], "R": [[0.8879170951944348, 0.35116288162110565, 0.29713273571425775], [-0.14596784510304728, 0.8276409715256059, -0.5419444717386869], [-0.4362300084329945, 0.4378299359611138, 0.786135056411325]], "T": [0.04126563478632579, -0.06102907256991767, -0.0023400379914220674], "aligned_model": [[-0.3102033965631971, 0.7350492800785567, 0.3591046562405959, 0.07344149950744495, 0.5271442108523733, -0.35974846350322315, -0.8594790034169459, -0.07521562647985318, 0.31813132382533493, 0.08431712207255722, 0.5755860525773012, -0.33448867883003325, -0.4831738029670218, 0.049862735529153886], [-0.5404952727283698, -0.33170889409391385, -0.5735300862666218, -0.6863511744059781, 0.06925618490046172, 0.061950917852474044, 0.12407345807756572, 0.5272562096783664, 0.025617814439400408, 0.563121117868543, 0.32489835573353093, -0.10958074017904278, 0.4670514218468113, -0.006548236516614049], [0.13614501677343804, -0.23452350453006449, 0.41602206516696555, -0.3945158382181456, 0.4955144319216572, -0.6577920985892335, -0.16277667459599082, -0.23487070389810644, -0.5649935491821318, 0.3317147208676892, -0.1277725826199862, 0.7044230628405836, 0.27240617867488187, 0.023679845474548544]], "inverted": true, "swapped": false, "error_lsq": 0.046350698216347255, "error_max": 0.29343249678421746, "target": "297.xyz", "model": "6.xyz", "model_rescale": 3.89814844738969, "target_rescale": 3.8028543670667236},
{"mapping": [0, 2, 11, 3, 6, 4, 1, 5, 8, 10, 9, 7, 13], "R": [[-0.951903295493279, 0.13131516207554902, 0.276832881425071], [0.2999513629261317, 0.5837500293838181, 0.7544965759187694], [-0.06252436251407228, 0.8012441771416898, -0.5950617385521818]], "T": [0.011891623702139753, 0.10265743071427678, -0.007365063071906538], "aligned_model": [[0.23138484911216708, -0.16546817471761535, 0.3892684349127849, -0.43771868347726056, 0.6217355560178575, -0.27555973523551663, -0.6811647602141275, 0.17120660354637898, -0.3983597912384868, -0.5518483384039339, 0.09251854315187528, 0.08772411366622707, 0.0649131837838724], [-0.23404061459793407, 0.18174014844326936, 0.5495364388049582, -0.5772657105719882, -0.10680397150730976, 0.5613772085912678, -0.004057045638613907, -0.6147619182197791, -0.29311384196273294, 0.32747613459247354, 0.7620576995964828, 0.20169663480347433, 0.20994010313691724], [-0.45492346312580784, -0.8445577390680842, -0.41003333905004813, -0.09569917534452016, 0.08124529736849567, -0.30425343507229896, -0.34591285861412796, 0.3019552083874636, 0.43526408506786624, 0.225022388864269, 0.22770859781860878, 0.7166953060491216, 0.06976415755535761]], "inverted": false, "swapped": true, "error_lsq": 0.04435888867945256, "error_max": 0.28030723530796503, "target": "297.xyz", "model": "7.xyz", "model_rescale": 3.7474275329858107, "target_rescale": 3.8028543670667236},
{"mapping": [0, 7, 6, 10, 5, 12, 1, 4, 11, 8, 9, 3, 2, 14], "R": [[0.3282969355085837, 0.34335077227819066, -0.8799610044266979], [-0.9169900715673875, 0.3393425459392934, -0.20970418489452283], [0.2266061137359506, 0.8757607456899451, 0.4262543671636466]], "T": [-0.03723571207787553, 0.020727916840255114, -0.1064398828997701], "aligned_model": [[-0.35390720602805187, 0.5654048416818377, 0.21444054032140442, 0.13956063505789384, 0.4755336870791362, -0.2373903233316732, -0.7803384485023217, -0.17147968566420102, 0.37272786902012117, 0.14996703501390451, 0.6764569324242581, -0.08123243501280004, -0.5916153406987816, -0.07780019243768296], [-0.49000654775188335, -0.296352103685817, -0.594366070615794, -0.6628651704163605, -0.004141193659415086, -0.07327815024878856, -0.0633515104124063, 0.7914851033590713, -0.010603719550225765, 0.5462131147826398, 0.2828913978064399, -0.06769843416912837, 0.49325218592020176, 0.06383217484807865], [0.16389825577863873, -0.0937019289279179, 0.36817211544352535, -0.38339999263162294, 0.3930303711224289, -0.6824117656715308, -0.032070580891366524, -0.0947027269035981, -0.5727317939643606, 0.2860276368789604, -0.15391154307342034, 0.6037569952986384, 0.31542921806693336, -0.11472389043920257]], "inverted": true, "swapped": false, "error_lsq": 0.044726378158091655, "error_max": 0.2922888979717453, "target": "297.xyz", "model": "8.xyz", "model_rescale": 4.019505241142653, "target_rescale": 3.8028543670667236},
{"mapping": [0, 11, 6, 5, 3, 8, 7, 2, 1, 4, 9, 10, 13], "R": [[0.3291783564542517, 0.124208434347128, -0.9360629650184399], [0.004097183563101105, 0.9911137301664896, 0.1329540783967058], [0.9442588748478503, -0.047600826804818586, 0.3257442839998422]], "T": [-0.018930843496781535, -0.02343048487096111, -0.04193206854497837], "aligned_model": [[-0.2454954735261506, -0.7239804873774827, -0.18969025931860556, 0.4730049666708595, 0.5387188729485087, 0.7024726731719468, 0.3463760577540484, -0.49501588225130905, 0.2083177181173846, -0.2932876983282802, -0.2670638988150855, 0.3221107759130855, -0.056766593217744105], [-0.5365245067421157, 0.054219071784361236, -0.00311418653520959, -0.2642867135188911, -0.6222974633492303, -0.04311964101896085, 0.5738150115459628, -0.5969503694883934, -0.4509910187738837, 0.029475417387530463, 0.6061968872450083, 0.20364908393830677, 0.11330665563957373], [-0.2593127583877222, -0.008295897452484727, -0.6696772132577281, -0.6213613145790703, 0.009380284805101044, -0.034791355115733516, -0.26480295834594203, 0.38587645042472163, 0.5678874307413289, 0.5086350077616674, 0.15445632196497794, 0.4625236832964595, -0.053814187811695974]], "inverted": false, "swapped": true, "error_lsq": 0.04879088660259172, "error_max": 0.3095399465384244, "target": "297.xyz", "model": "9.xyz", "model_rescale": 3.877068213659057, "target_rescale": 3.8028543670667236},
{"mapping": [8, 1, 7, 0, 4, 11, 9, 6, 12, 13, 3, 2, 14, 15], "R": [[0.3258056611529585, -0.9023846840545158, -0.28205062159923633], [0.5400853721290235, -0.06721692627329401, 0.8389217339148061], [-0.7759886996425515, -0.4256568650993457, 0.46546511278597424]], "T": [0.028932081464239583, 0.07114651349095726, -0.021629715309985354], "aligned_model": [[-0.3142522086124964, 0.5584606891578563, 0.2014423068619719, 0.15236146625719987, 0.5105432431828262, -0.36911908780134955, -0.5832478233906817, 0.06306221539160575, 0.2251238988564302, -0.008919853945923713, 0.5826547104610578, -0.18377818622376127, -0.5770555485829226, 0.0430520873112305], [-0.6188298471576548, -0.6156814895159783, -0.5387149421367514, -0.4503001607969195, -0.0048942849063066535, -0.18444310644135947, -0.07374098483487425, 0.6256589069421704, 0.17206889479557114, 0.6974738408634277, 0.3805418319147012, 0.02093381913173327, 0.4889798631808677, 0.0159587351679858], [0.016842360260757982, -0.04943903250762953, 0.4927590447632536, -0.6103780388553983, 0.4477945763837351, -0.5880963860796392, 0.1780917928466348, -0.28931556587357943, -0.7354354728194674, 0.42994509126787744, -0.042296834183867524, 0.6049390241710002, 0.2385929408045776, -0.09134313009214996]], "inverted": false, "swapped": false, "error_lsq": 0.040659168461346755, "error_max": 0.25147281252014697, "target": "297.xyz", "model": "10.xyz", "model_rescale": 4.260839863003843, "target_rescale": 3.8028543670667236},
{"mapping": [12, 6, 0, 11, 1, 4, 9, 7, 5, 3, 10, 13], "R": [[-0.37464556580741776, 0.8062868806900847, -0.457757759134559], [0.8734569058792505, 0.4725276724576505, 0.1174335230400652], [0.3109883174537043, -0.35583572725178747, -0.8812872412661523]], "T": [-0.03598847794661382, 0.007079560533803576, -0.008357086871962766], "aligned_model": [[0.40874335889991337, 0.24953790213403276, -0.38816955556419475, -0.2827531708723234, -0.5889442848289768, -0.40620837059098897, 0.2210070415928082, 0.6727112358541526, 0.29957272117113065, -0.27894012675358365, -0.003503409727717309, 0.05584530777987744], [-0.2027236122529153, -0.5510031858826855, -0.4793142884886014, -0.09338854706450761, 0.3649031043955926, 0.43081269644656794, 0.42047491621837946, 0.19723771054548797, -0.48113105891091174, -0.10998390722898438, 0.6223804205327602, 0.05481425722275196], [-0.6998516044685709, -0.18343944238096296, 0.026869087743768214, -0.6665889545840399, 0.40701254094177985, -0.262487534515662, -0.5178927810303156, 0.029157473705233, 0.5253093708256352, 0.7659286889413689, 0.19828195671267965, -0.10612072449540919]], "inverted": false, "swapped": true, "error_lsq": 0.05385241988951161, "error_max": 0.26207640184228714, "target": "297.xyz", "model": "11.xyz", "model_rescale": 3.890672605050136, "target_rescale": 3.8028543670667236},
{"mapping": [12, 11, 10, 9, 2, 5, 7, 8, 6, 0, 6, 4, 3, 13], "R": [[0.2942196749046948, -0.6085445562598278, 0.7369588224219212], [-0.32676040467707534, 0.6605725904256405, 0.6759226958119049], [-0.8981438753530804, -0.4396787188674115, -0.00449481266150851]], "T": [0.13437189013030568, 0.04710663617628365, -0.029657242368294007], "aligned_model": [[-0.3337681196257638, 0.57303622268592, 0.14081163342515382, 0.24190318647519668, 0.43300555860460865, -0.3764684900724464, -0.7142360813620975, -0.2172915069292771, 0.4903200883308808, 0.1355384038435368, 0.4903200883308808, -0.07049018487356817, -0.4816363055297366, -0.01071658438024431], [-0.5282706781574423, -0.27353249086206327, -0.7150246327893636, -0.4713588413597143, -0.19828207168579248, -0.21702780873190552, -0.034969543589603344, 0.5773368498855473, 0.27613667570479233, 0.5705221773653102, 0.27613667570479233, 0.03306459860502625, 0.6175087020850578, 0.0027714640319714684], [0.04047138346145092, 0.05709710882446363, 0.437948321129052, -0.6001403577460921, 0.5671395804902469, -0.5533434869865864, -0.020056111654288375, -0.3678581020308259, -0.4206872477807828, 0.24370945317959267, -0.4206872477807828, 0.6403363361316016, 0.3553603443582044, 0.04337039649085116]], "inverted": true, "swapped": false, "error_lsq": 0.051527069280261115, "error_max": 0.41008454097802527, "target": "297.xyz", "model": "12.xyz", "model_rescale": 4.124412569039231, "target_rescale": 3.8028543670667236},
{"mapping": [3, 0, 6, 1, 5, 8, 2, 10, 11, 4, 7, 12, 13], "R": [[0.6234063829708925, -0.6961865583630668, 0.3559336421662569], [0.6285616570936335, 0.17546337665090364, -0.7577089458927937], [0.4650534645638653, 0.6960868332391092, 0.5469811657528021]], "T": [0.13996818453715598, 0.12599508891149924, -0.04846452203412191], "aligned_model": [[-0.16165495857568657, -0.07668856704846091, 0.5794683727077894, -0.5348806137624345, 0.5187474310437998, 0.27679207327878996, -0.6448563836953219, -0.013698024168150469, 0.01367023706945883, -0.2911727285033944, 0.7650346031503105, 0.7083875544234858, 0.22814931158957208], [-0.3690656219378433, 0.45091777103282504, 0.4970225953406953, -0.26110785390706714, -0.12113003308367593, -0.5515818787669345, 0.4712341380506028, -0.38177350490311746, 0.7700458177876075, 0.1930392853411927, -0.18647610095851153, 0.6812129981645484, 0.15514776434815591], [0.5313511330508379, 0.4090685082622938, 0.2561888397579639, -0.015904551031888904, 0.6081984599118397, 0.15897308993974973, 0.010378889906150962, -0.4238414975452498, -0.3195795033435941, -0.48529104667213196, -0.27534880186813526, -0.3461236207781827, -0.15637181862181412]], "inverted": true, "swapped": true, "error_lsq": 0.04377726488348483, "error_max": 0.22394603871662525, "target": "297.xyz", "model": "13.xyz", "model_rescale": 3.9028299243045295, "target_rescale": 3.8028543670667236},
{"mapping": [5, 12, 13, 8, 14, 0, 4, 6, 2, 9, 1, 10, 7, 15], "R": [[0.25129882434681516, 0.9071906018918311, -0.33742275074607275], [-0.9668005182160658, 0.251947880482444, -0.04265001169461605], [0.04632125709709667, 0.3369383880764284, 0.9403865501916768]], "T": [0.036102095653879014, 0.016376344976600885, -0.0820455102412137], "aligned_model": [[-0.08739501114465456, 0.5934753345106493, 0.21479327869860362, 0.10500230205056316, 0.36275009205687475, -0.4894845324288605, -0.6203488282373332, 0.09404263148298325, 0.22289681599265165, 0.13705912096723624, 0.5544098392996029, -0.3220262356645475, -0.48597065588174904, 0.0211237572210232], [-0.4741507076230272, -0.3967323909798938, -0.5663838557647716, -0.599680614210201, 0.020294115229230494, -0.20217854997409945, -0.1419938901833933, 0.6697069763333783, 0.047275509747394126, 0.6099221382024181, 0.3591254934699287, -0.07262412995261895, 0.5585184545638389, 0.10391252734843022], [-0.003092936277688099, -0.02804056747087831, 0.42894505848700265, -0.5427338475731123, 0.7403512251031752, -0.684713630783883, -0.024128958026403857, -0.20125223273633144, -0.7935950472558979, 0.4061721941156396, -0.2719898700595129, 0.5653922209873787, 0.4220873402590171, -0.010740578682400442]], "inverted": false, "swapped": false, "error_lsq": 0.04402521244986566, "error_max": 0.30592174402835387, "target": "297.xyz", "model": "14.xyz", "model_rescale": 3.942246331269136, "target_rescale": 3.8028543670667236},
{"mapping": [10, 7, 9, 6, 2, 11, 4, 12, 8, 1, 0, 5, 3, 14], "R": [[0.741824614520815, -0.49188806171121846, 0.45578764357650675], [0.5232279489911142, 0.8496802845366215, 0.06539057626537535], [-0.41943861849571756, 0.1899724948926726, 0.8876833312046912]], "T": [-0.08602135216144459, -0.011525327600960027, -0.04474679703892617], "aligned_model": [[-0.5240296533412953, 0.6818929705233365, 0.1388006787626238, 0.11908143196509781, 0.5354944313330129, -0.3197702740750416, -0.6710007056835338, -0.19443116886773676, 0.3882068372673891, 0.034681325551206885, 0.5890536905427137, 0.02750101838353057, -0.49052187934512503, -0.014630794093135571], [-0.5665467761378594, -0.38630870858498906, -0.6942136400024157, -0.45201778007535326, 0.007456181360436194, -0.2770731550537384, -0.022023475741267215, 0.7847893088537924, 0.004231482619626529, 0.6734273428156431, 0.2799666737532715, 0.09221137945443003, 0.41837510001728034, 0.05273714292775571], [0.050649407312740674, -0.07346122690951515, 0.317956978312243, -0.32167392932295547, 0.3979785713603846, -0.668410823174706, -0.08152888182360632, -0.1937654857071324, -0.6560570894195746, 0.37108025675, -0.04960300262981246, 0.570989286997301, 0.36526890551699454, -0.026762597176256377]], "inverted": true, "swapped": false, "error_lsq": 0.0471118771506713, "error_max": 0.2950874807969984, "target": "297.xyz", "model": "15.xyz", "model_rescale": 4.355366556412066, "target_rescale": 3.8028543670667236},
{"mapping": [10, 4, 9, 5, 7, 8, 6, 3, 11, 1, 0, 13], "R": [[0.1501144486739484, -0.44752291491109997, 0.8815831741411522], [-0.635326896579437, -0.7268709959596654, -0.2608031627786468], [0.7575126314339966, -0.520943179110809, -0.3934371834942215]], "T": [0.026049607000592397, 0.018103431248653257, -0.11165289252625021], "aligned_model": [[-0.10433715254388479, 0.4847906620333215, 0.11567985703035111, -0.5653591722779548, -0.5725388816024641, -0.5640893160106891, -0.12122377340451276, -0.2194088733310744, 0.6020717513324712, 0.2509360369276555, 0.28366930506760846, 0.007618111410953234], [-0.5008407255922259, -0.36482975863888967, -0.5729443754992432, 0.5501826127295941, -0.3096956665429986, -0.011508937881694364, 0.4203543907321611, 0.40765885842380317, -0.023620349447692434, -0.06704962656126054, 0.5607523483948943, -0.0756823423754676], [0.2571917594919369, 0.04363278070110996, -0.4847453062851649, -0.05800388703440651, -0.38379682762556866, 0.3027392474350187, -0.6016939252969353, 0.5667603483241793, -0.5248277481921565, 0.6289582004214207, -0.0797841764454283, -0.21717200428458444]], "inverted": false, "swapped": true, "error_lsq": 0.043761991582296704, "error_max": 0.25804995017452353, "target": "297.xyz", "model": "16.xyz", "model_rescale": 3.795458400668931, "target_rescale": 3.8028543670667236},
{"mapping": [0, 2, 11, 3, 6, 4, 1, 5, 8, 10, 9, 7, 13], "R": [[-0.951903295493279, 0.13131516207554902, 0.276832881425071], [0.2999513629261317, 0.5837500293838181, 0.7544965759187694], [-0.06252436251407228, 0.8012441771416898, -0.5950617385521818]], "T": [0.011891623702139753, 0.10265743071427678, -0.007365063071906538], "aligned_model": [[0.23138484911216708, -0.16546817471761535, 0.3892684349127849, -0.43771868347726056, 0.6217355560178575, -0.27555973523551663, -0.6811647602141275, 0.17120660354637898, -0.3983597912384868, -0.5518483384039339, 0.09251854315187528, 0.08772411366622707, 0.0649131837838724], [-0.23404061459793407, 0.18174014844326936, 0.5495364388049582, -0.5772657105719882, -0.10680397150730976, 0.5613772085912678, -0.004057045638613907, -0.6147619182197791, -0.29311384196273294, 0.32747613459247354, 0.7620576995964828, 0.20169663480347433, 0.20994010313691724], [-0.45492346312580784, -0.8445577390680842, -0.41003333905004813, -0.09569917534452016, 0.08124529736849567, -0.30425343507229896, -0.34591285861412796, 0.3019552083874636, 0.43526408506786624, 0.225022388864269, 0.22770859781860878, 0.7166953060491216, 0.06976415755535761]], "inverted": false, "swapped": true, "error_lsq": 0.04435888867945256, "error_max": 0.28030723530796503, "target": "297.xyz", "model": "17.xyz", "model_rescale": 3.7474275329858107, "target_rescale": 3.8028543670667236},
{"mapping": [7, 10, 12, 11, 5, 1, 2, 0, 3, 4, 8, 9, 6, 13], "R": [[-0.8689853267834542, -0.4833918480006878, 0.10581504203814121], [0.45311981636158416, -0.8632550418771174, -0.2224256385720424], [0.19886410901793714, -0.14533772380292886, 0.9691903900598097]], "T": [0.022663058490932017, -0.05377519652681753, -0.03482733344280255], "aligned_model": [[-0.4228602148539836, 0.6756121973028651, 0.15933115146564902, 0.1528225180725289, 0.531305956760186, -0.302601167635812, -0.6560111787572676, -0.2347969214152829, 0.3510015818750315, 0.1903152225693479, 0.5305775692483722, -0.2109531185822069, -0.4081372814195904, -0.05527840570679374], [-0.6590691420164153, -0.2752040251225383, -0.5961673292472661, -0.6511466485870815, -0.030931579919160138, -0.09301157670955251, 0.15024862302000372, 0.689183406513584, -0.03210183368763253, 0.6226599654386281, 0.4323301610257536, -0.05725386136303506, 0.3978900900439938, 0.017584826817331173], [0.015645773237533342, -0.06747800655896548, 0.46152891970519333, -0.41946030804442563, 0.4789630011206548, -0.6440744971473232, -0.07493075677277865, -0.31920254983096763, -0.6283871541133265, 0.4163423082189688, -0.1850900445171642, 0.5921778870751484, 0.4183926435002017, -0.0417668457866439]], "inverted": false, "swapped": false, "error_lsq": 0.04132252846630498, "error_max": 0.22077516925522608, "target": "297.xyz", "model": "18.xyz", "model_rescale": 3.922800546911778, "target_rescale": 3.8028543670667236},
{"mapping": [2, 3, 9, 0, 7, 1, 6, 8, 5, 13, 12, 11, 4, 14], "R": [[-0.22222285321512922, 0.8600821418531573, 0.4592120564338579], [-0.4680557704956979, -0.5072750156234604, 0.7235992359240693], [0.8553015837788482, -0.054136566103729133, 0.5152945109312643]], "T": [-0.044421385787191764, 0.03809409568643148, -0.02763472628315946], "aligned_model": [[-0.23405486653832414, 0.4848406798421211, 0.03942798836598321, 0.2913838864752377, 0.542488362437207, -0.4586919219450939, -0.7107271012245635, -0.18067438886834597, 0.3048362622191966, 0.12203008990790112, 0.6833472534705199, -0.07900675757163994, -0.5278012004506082, 0.022929622803452246], [-0.6500703103989662, -0.31960286645059327, -0.6062368373733686, -0.516111087524373, -0.05231503129873092, -0.2296981353160714, 0.17866041379565545, 0.5608972721495162, 0.14985346694356236, 0.5811709339574676, 0.32357328695543336, 0.09733292462988438, 0.38603360910112056, 0.011523437036076722], [0.032347404081874455, -0.060555733996199894, 0.4628243617877947, -0.5553979967936341, 0.5067566623596678, -0.5795860536862125, -0.13738706430755082, -0.31486740522672, -0.6970095528422195, 0.3585973293422719, -0.11405511526567105, 0.6812645796642683, 0.38364278206476343, 0.03608617290367289]], "inverted": false, "swapped": false, "error_lsq": 0.03822717392312803, "error_max": 0.2146242271643368, "target": "297.xyz", "model": "19.xyz", "model_rescale": 3.9282355846067225, "target_rescale": 3.8028543670667236},
{"mapping": [11, 12, 10, 9, 2, 8, 4, 6, 8, 5, 7, 1, 3, 13], "R": [[-0.9834142404089439, -0.020882051934180995, -0.18016762103085696], [-0.17061418156646505, -0.2305393535965598, 0.9579887303573492], [-0.061540497311165974, 0.9728389107916576, 0.22315290910135105]], "T": [0.025199596631334503, 0.03416464193346845, -0.010887182382955489], "aligned_model": [[-0.33739887492425236, 0.6886060829031573, 0.2900837025469629, 0.17842340471837617, 0.47429089918816825, -0.20722794500337127, -0.5768539644672572, 0.0013403338785060448, -0.20722794500337127, 0.09451107235309512, 0.6216031568211852, -0.1670328904016347, -0.5421829897337084, -0.010606133952812034], [-0.5835507581323203, -0.462233044580766, -0.6165377472185036, -0.47569197173359923, 0.10304103016028264, -0.017582103667528978, -0.01809206648847607, 0.6446879944759077, -0.017582103667528978, 0.6290769953479475, 0.20553083257924376, 0.11359930219479784, 0.4221054038894215, -0.011760686952264753], [-0.028584760552565695, -0.20134850670722712, 0.48776816971572495, -0.4524678923024907, 0.676345860676321, -0.7333283850683634, -0.19573466257465383, -0.2422657156099947, -0.7333283850683634, 0.34823029607877287, -0.06597074141874971, 0.7090000323839822, 0.29559941609127816, 0.13874564444243442]], "inverted": true, "swapped": false, "error_lsq": 0.05132408087876871, "error_max": 0.4633455288163675, "target": "297.xyz", "model": "20.xyz", "model_rescale": 4.067790424073018, "target_rescale": 3.8028543670667236},
{"mapping": [0, 9, 7, 12, 1, 3, 2, 6, 11, 5, 13, 8, 4, 14], "R": [[-0.35701322702906846, -0.5898879049211195, -0.7242746822539521], [0.8607719353056901, 0.09338191621220895, -0.5003513696539998], [0.3627853788624733, -0.8020673770652367, 0.47442037427929207]], "T": [0.032949912881435055, 0.03397832519814859, -0.014193846817399266], "aligned_model": [[-0.4225651543446604, 0.5901396966371404, 0.1353041584395297, 0.24708410641430822, 0.6406051452590601, -0.3926429106409494, -0.70569831753334, -0.31035621823696646, 0.25637534023122066, 0.14765844391144506, 0.5905152543624219, -0.07814598525862543, -0.5013454360235294, 0.10339978570598846], [-0.4989646265822618, -0.5059360984418423, -0.51363244029812, -0.5018402689466481, -0.08125709308809015, -0.1637829014736047, 0.04176504282724015, 0.6001042021871169, 0.14024824907933786, 0.4580298622130058, 0.44934527825258175, -0.005634992318239877, 0.48359496593563966, 0.012971896860498135], [0.09954208944967505, 0.03143355166922539, 0.4821024509096847, -0.5182363531860658, 0.5250473035182451, -0.7237755985855432, -0.10397185232330394, -0.34464701208497284, -0.6115379986017788, 0.3801262867316759, -0.09613705499638536, 0.5437097140395402, 0.37931072907306623, -0.04030588552695731]], "inverted": true, "swapped": false, "error_lsq": 0.04177835700328725, "error_max": 0.23777104783404784, "target": "297.xyz", "model": "21.xyz", "model_rescale": 4.186013935880536, "target_rescale": 3.8028543670667236},
{"mapping": [8, 3, 5, 9, 4, 7, 10, 1, 6, 0, 2, 11, 13], "R": [[-0.5956068882282229, 0.8031643002291293, -0.01339931089819386], [-0.8021035530229952, -0.5937538066212794, 0.0639242313260585], [0.043385768668774166, 0.04882134738199582, 0.9978647960103745]], "T": [0.08023919175423458, -0.008725852711515228, 0.03629908509375527], "aligned_model": [[-9.463074243175329e-05, -0.4716989404471029, 0.1988806281580925, 0.48074918804720634, -0.18798470874616321, 0.6573813981130926, -0.07372043429620356, -0.6462822361470109, 0.4904160747570251, -0.17553869187890694, -0.5928262412237867, 0.18042645148478983, 0.19886617834462472], [-0.28914520124344106, 0.08249384197063617, 0.3465668498418776, -0.41640571308618346, -0.32046449995779114, -0.34447099752175475, -0.6340885477872705, -0.28164328147278206, 0.4919584240137606, 0.5346031791119005, 0.21206992687806142, 0.20250201221506653, -0.06501933341598684], [-0.6238320779731852, -0.5631098631992459, -0.6675774100698276, 0.44855860905971984, 0.4968094311372286, -0.27030296967436807, -0.050695486347312683, -0.0270446793628688, -0.03229884833365563, 0.07126490552956652, 0.5229553269381199, 0.7068221257546076, 0.09133049787656722]], "inverted": false, "swapped": true, "error_lsq": 0.04651135346980403, "error_max": 0.27779813932414577, "target": "297.xyz", "model": "22.xyz", "model_rescale": 4.166573947596378, "target_rescale": 3.8028543670667236},
{"mapping": [7, 4, 8, 0, 3, 5, 13, 6, 1, 12, 2, 9, 14, 15], "R": [[0.1929591648739469, -0.6128302030243797, -0.7662936140620296], [0.8379111832039343, 0.5092852871394983, -0.19629912217078704], [0.5105600941641755, -0.6042082741607703, 0.611768544208291]], "T": [0.035906650811217425, 0.04800271382349264, 0.13591410410714577], "aligned_model": [[-0.3646621707309159, 0.6146281305152861, 0.22003128784831477, 0.16878784371255662, 0.5689504104660851, -0.40332248084532935, -0.7715886898478256, 0.09344009281649375, 0.2643320663906909, -0.10532209858109022, 0.5913776202807194, 0.0032202412090530236, -0.618797460696722, 0.03925311638572686], [-0.4713982565468926, -0.3771351560976936, -0.6849883098757867, -0.5525086920383732, 0.027884206975141122, -0.04509175770995727, 0.0718851359524478, 0.5778028062994486, 0.016413643877656106, 0.6783264421079023, 0.30255192842075884, -0.021383486620168354, 0.3475088303993604, 0.04514374106276892], [-0.1489663951146587, -0.019626096010392002, 0.4238401665492694, -0.40119333657947975, 0.4131977999698143, -0.563709487887499, -0.11745133083403697, -0.4073256192474317, -0.5385657110426059, 0.24604036408151958, -0.1459829313749929, 0.7313688211909939, 0.4639939354416672, 0.06704019094393757]], "inverted": false, "swapped": false, "error_lsq": 0.04588316979971525, "error_max": 0.2676879858552273, "target": "297.xyz", "model": "23.xyz", "model_rescale": 4.274766983524099, "target_rescale": 3.8028543670667236},
{"mapping": [6, 4, 2, 0, 1, 3, 5, 8, 7, 10, 13], "R": [[-0.24245619544812308, 0.9646607821066482, 0.10317251937513147], [0.7784551801124493, 0.12997675363383587, 0.6140957385220187], [0.5789840462784065, 0.22920649855577718, -0.7824588520650047]], "T": [0.08018187494113, 0.10948186062693535, -0.09416259860332504], "aligned_model": [[0.26096902740411754, 0.014132146309238397, -0.5517297088110342, -0.35165001098164894, -0.49401942231760515, -0.5439323747054616, -0.04120200646667012, 0.018575492917590815, 0.6919040005384609, 0.15918616097244664, 0.21766139909864046], [-0.417654855758104, 0.7151910892112346, 0.5283283356658018, -0.13355107114744758, 0.5158718647808627, -0.13946009882653118, -0.6289989260961667, -0.10627122461891667, -0.08042248125712478, 0.5234516116791099, 0.13910228761076493], [-0.4304338946180639, -0.1939052051219613, -0.49895579487506164, -0.4352015810529754, 0.23970829765302515, 0.37568538317489686, 0.18090629520082552, 0.5917797797499686, 0.2657750773917285, 0.40054690232494755, -0.11633882580575264]], "inverted": false, "swapped": true, "error_lsq": 0.05223320607327264, "error_max": 0.324802983247037, "target": "297.xyz", "model": "24.xyz", "model_rescale": 3.7841303162186577, "target_rescale": 3.8028543670667236},
{"mapping": [11, 12, 14, 3, 9, 6, 7, 1, 4, 8, 2, 10, 0, 15], "R": [[0.8508382959461471, 0.25608092364442314, -0.4587992531564064], [0.30909761071184505, 0.4621681051043417, 0.8311794689936051], [0.42489158758874684, -0.8490130759709663, 0.3140763213402642]], "T": [0.01636838064652192, -0.01746842684476832, 0.035361721185103945], "aligned_model": [[-0.45889349281078345, 0.6600722267206512, 0.33530947151958257, 0.13438139738854593, 0.43598433548839943, -0.3599433733025513, -0.6268865188065957, -0.10932455605242293, 0.21117936033622886, 0.16959387463735814, 0.690763783516947, -0.30485538586579697, -0.46594071057888786, -0.01111250326763194], [-0.6141147786698244, -0.41830338980761417, -0.4970631365610676, -0.4772138050519481, -0.014277290024686348, -0.11764139463376123, -0.0038210769434826874, 0.6627302255169286, 0.22333626644373847, 0.5472659243928103, 0.3017424333042258, -0.16023238314426405, 0.5204866880850101, -0.03788320669945179], [-0.051625931124806096, 0.04755177631555946, 0.5808564116041789, -0.615567616554205, 0.44285770351383646, -0.5732278717321153, 0.1293959929719949, -0.23770873271375748, -0.6434358368105919, 0.1193548409176064, -0.07458506265780034, 0.7293997964277766, 0.17433000603384796, -0.024935106105419304]], "inverted": true, "swapped": false, "error_lsq": 0.04570536778966324, "error_max": 0.2706496644858801, "target": "297.xyz", "model": "25.xyz", "model_rescale": 4.19342608120988, "target_rescale": 3.8028543670667236},
{"mapping": [10, 4, 9, 5, 7, 8, 6, 3, 11, 1, 0, 13], "R": [[0.1501144486739484, -0.44752291491109997, 0.8815831741411522], [-0.635326896579437, -0.7268709959596654, -0.2608031627786468], [0.7575126314339966, -0.520943179110809, -0.3934371834942215]], "T": [0.026049607000592397, 0.018103431248653257, -0.11165289252625021], "aligned_model": [[-0.10433715254388479, 0.4847906620333215, 0.11567985703035111, -0.5653591722779548, -0.5725388816024641, -0.5640893160106891, -0.12122377340451276, -0.2194088733310744, 0.6020717513324712, 0.2509360369276555, 0.28366930506760846, 0.007618111410953234], [-0.5008407255922259, -0.36482975863888967, -0.5729443754992432, 0.5501826127295941, -0.3096956665429986, -0.011508937881694364, 0.4203543907321611, 0.40765885842380317, -0.023620349447692434, -0.06704962656126054, 0.5607523483948943, -0.0756823423754676], [0.2571917594919369, 0.04363278070110996, -0.4847453062851649, -0.05800388703440651, -0.38379682762556866, 0.3027392474350187, -0.6016939252969353, 0.5667603483241793, -0.5248277481921565, 0.6289582004214207, -0.0797841764454283, -0.21717200428458444]], "inverted": false, "swapped": true, "error_lsq": 0.043761991582296704, "error_max": 0.25804995017452353, "target": "297.xyz", "model": "26.xyz", "model_rescale": 3.795458400668931, "target_rescale": 3.8028543670667236},
{"mapping": [4, 11, 2, 1, 3, 7, 9, 10, 12, 0, 8, 5, 13], "R": [[0.41895065074901616, 0.67564671561889, -0.6066150904077335], [0.45471500862366054, 0.42215102657558157, 0.7842338756350474], [0.7859482255017568, -0.6043922786027213, -0.13036625482098646]], "T": [-0.07743032210035874, -0.03535074327663521, 0.007779123027963734], "aligned_model": [[0.016663163883693988, 0.42787326204909226, 0.5663518968352436, -0.10544588377239304, -0.17253852803173478, -0.6817361800727048, -0.28598304925405255, -0.5645314379164286, 0.04893577101460439, 0.4406165417341439, -0.6366477842769115, -0.2275273067275362, -0.12635408264376008], [-0.5750329780595929, -0.4735082922639178, -0.2721666252390025, -0.09555942658649627, 0.5413196343480778, -0.006139814986572435, -0.6281556866004746, -0.3083637667961919, -0.2908129603282112, 0.2577558601450709, 0.35399893524525167, 0.7378493127592092, -0.11930268838023575], [-0.27697397204688595, 0.2464045535713384, -0.5099706656859275, -0.7680557713762228, -0.5672456820928359, 0.4246530851570395, 0.32661622870094775, -0.3247062364477095, 0.8069906795337364, -0.07921131942749035, -0.23001142420179085, 0.13180889330683446, 0.11183829310839213]], "inverted": true, "swapped": true, "error_lsq": 0.051235847790480925, "error_max": 0.3315261899564211, "target": "297.xyz", "model": "27.xyz", "model_rescale": 3.6321398670334006, "target_rescale": 3.8028543670667236},
