[{"mapping": [2, 8, 1, 6, 0, 11, 10, 4, 7, 5, 12, 9, 13, 15], "R": [[-0.0942859787875811, 0.07651008326061817, -0.9926008066506502], [-0.955909322903754, -0.28549013005139673, 0.06879500002851674], [-0.27811422219971926, 0.9553227689125232, 0.10005441823105715]], "T": [0.03590927029824368, -0.028373789551577197, 0.08763016204601837], "aligned_model": [[-0.04369735543926589, 0.4612325759873108, -0.5349034215978441, -0.45925067164246836, -0.5311076091923204, -0.1982007640298292, -0.6786421398919423, -0.014741291488567905, -0.3857705431269694, 0.09770581114271928, 0.6802867670351112, 0.20064194290644424, 0.7413491783514867, 0.036589622114439425], [-0.7483194336091744, -0.05315990504652287, -0.3619213907735697, -0.2829394033265779, 0.26098132387526624, 0.16278906553908534, 0.14213946073052064, 0.4936478342265722, 0.6634293181090893, 0.03023157082727855, 0.438495721972603, 0.6082003218212818, -0.11481754576322233, -0.0034836067725953733], [0.3319228995536251, -0.3608380704864356, 0.2600178612337005, -0.3136132762762956, 0.6179883683216715, -0.5874487571380357, -0.012761999432676072, 0.5677838086103413, 0.0387499400480233, 0.851150478001798, 0.3546074222441508, 0.03746888024761773, 0.03982651688215926, 0.07273401537018911]], "inverted": true, "swapped": true, "error_lsq": 0.050873624673886654, "error_max": 0.3834407843101206, "target": "298.xyz", "model": "0.xyz", "model_rescale": 3.8414455957264533, "target_rescale": 4.298966566907149},
{"mapping": [0, 2, 12, 3, 5, 13, 14, 4, 11, 9, 8, 1, 6, 10, 15], "R": [[-0.05593460949867346, -0.8809557492704576, -0.4698811416598432], [0.4064818404212207, -0.4499432901015341, 0.7951877445612349], [-0.9119450821557229, -0.14651963527095377, 0.3832599165214887]], "T": [0.009300996264055878, 0.090208739206366, -0.12583033890941694], "aligned_model": [[-0.6040702764291834, -0.4324540617051781, 0.16401242560853632, -0.2702637890795616, -0.6163324406521564, 0.3126601480544926, 0.68006261127061, -0.288048464792965, 0.5561565980350899, 0.2932521331568716, 0.5660284805298276, -0.46290967665825533, 0.09002042448895382, -0.14543738991958102, 0.02936743159704381], [0.27384515676082954, 0.1935236627490222, -0.6848730305576713, -0.543367636557061, -0.3288607154877541, -0.4780147456265413, -0.36732653702713214, -0.19581953425850662, 0.5655420246401046, -0.1593113671625458, -0.0635645281846224, 0.5709194116897864, 0.7552586885214108, 0.7176821021591702, 0.0914115763845255], [0.40006670257289145, -0.741067189390396, 0.1566213921248162, -0.496547914184309, 0.026420337139894945, -0.42996595284246464, 0.08706421501508721, 0.4532989248979953, 0.02279506617539173, 0.41453164648682495, -0.3472943585003928, -0.23867084617795734, -0.2747472803203469, 0.2375844145595292, -0.10490737021703025]], "inverted": true, "swapped": true, "error_lsq": 0.048329028076033564, "error_max": 0.3211759581463097, "target": "298.xyz", "model": "1.xyz", "model_rescale": 4.316132596720782, "target_rescale": 4.298966566907149},
{"mapping": [11, 9, 8, 1, 6, 10, 2, 0, 13, 7, 5, 15], "R": [[0.6358825121735273, -0.20679381198058638, 0.7435655653931411], [-0.022687145660280766, -0.9680271326597659, -0.24981746107168123], [0.7714523472863849, 0.14198517444102987, -0.6202430863018766]], "T": [0.05868884752447571, -0.003173196013884329, -0.16861716302149884], "aligned_model": [[-0.23923381898475024, 0.49450046151605737, 0.25795613999058886, -0.5201358496350964, -0.591353478572261, -0.46810344148912336, -0.2910934369452064, -0.09966289187701219, 0.5754438186888591, 0.045123593634530314, 0.3672071233634205, 0.06716033494177376], [-0.6525627279389294, -0.25828882624082566, -0.49420109207997737, 0.3536378337826889, -0.22306388022074414, -0.019987760927731385, 0.44352850513275416, 0.5157516851643675, -0.14818402241211714, -0.16935741568055046, 0.6898418043455173, -0.024337675183471956], [0.022740128641031393, 0.25548643188239606, -0.4877130309241059, -0.10193501162051075, -0.15987771808103132, 0.35286555678375364, -0.6809137865919165, 0.45760647481091843, -0.6369539385978965, 0.6257338110085793, -0.04711261021414463, -0.15066784588765236]], "inverted": false, "swapped": true, "error_lsq": 0.05368965212941187, "error_max": 0.2990808723720407, "target": "298.xyz", "model": "2.xyz", "model_rescale": 3.795458400668931, "target_rescale": 4.298966566907149},
{"mapping": [14, 4, 7, 1, 8, 6, 0, 3, 5, 2, 11, 15], "R": [[-0.6608018507936194, -0.5757546334287678, 0.48150546837292785], [-0.6873612310430832, 0.7218821764940763, -0.08012902919112819], [-0.3014555556739077, -0.3839176022865855, -0.8727724918945686]], "T": [0.10316559956152946, 0.07137355251816992, -0.0043981244851855755], "aligned_model": [[-0.12481146941689028, -0.20023398007424567, -0.6798420750217423, 0.1721671990145284, 0.17658682561578065, -0.04100356983742229, -0.2287145059768085, 0.7516723176707718, 0.32583712378854657, 0.7412280943772561, -0.37768432664439666, 0.0781021922481874], [0.03690540567235948, -0.5701211568722219, -0.10997299908034726, 0.1834173543846273, 0.38894356442293465, 0.6337889019607079, -0.40724247987957984, -0.3265373408932864, -0.6334492911494956, 0.19474919545080155, 0.6221364783232958, 0.07315141294991334], [-0.8115054080156977, 0.04090984734410577, 0.1087702928797095, 0.6660372684335234, -0.5301324990298655, 0.3615083415991524, 0.5849206681365193, -0.19962356140136694, 0.20502686195467196, 0.3980849065835433, -0.11631702589396585, -0.018908261951229653]], "inverted": false, "swapped": true, "error_lsq": 0.04812231619258058, "error_max": 0.29548667260234573, "target": "298.xyz", "model": "3.xyz", "model_rescale": 3.7530521520055578, "target_rescale": 4.298966566907149},
{"mapping": [1, 3, 5, 12, 0, 8, 10, 6, 11, 9, 15], "R": [[-0.9451959490299217, 0.2838965361510103, -0.16126802131508872], [-0.029291291006101672, -0.5656625448411926, -0.824116439367024], [-0.325187081859999, -0.7742277714763557, 0.5429776419578751]], "T": [-0.13530540270382377, 0.021810809315281968, -0.04945285895327424], "aligned_model": [[-0.47129167764150337, 0.0230397390681647, 0.32445235070448064, 0.5563539835888737, 0.22055663770323972, -0.2724740531917736, -0.24253516734081546, -0.6838241114402778, -0.3932808594045558, 0.39984396547001744, -0.12264120507064527], [-0.5722574432660669, 0.11173287446815185, -0.39169604175374306, 0.4207025496089714, -0.7066319690381228, 0.6248824660769293, -0.4493994395834049, -0.15033750683975028, 0.2801468603265151, 0.2652592442345586, 0.03480176408030788], [-0.017912651752456557, -0.8135522320869587, -0.5053602683058969, -0.3082172874075739, 0.12156666367353035, -0.03816748751658462, 0.512863556707558, 0.3253477547430814, 0.5938149242864786, 0.2492570675053844, -0.026809262601245935]], "inverted": true, "swapped": true, "error_lsq": 0.05181896638409466, "error_max": 0.36738622065550486, "target": "298.xyz", "model": "4.xyz", "model_rescale": 3.7855080009869324, "target_rescale": 4.298966566907149},
{"mapping": [4, 6, 13, 12, 0, 1, 7, 5, 9, 3, 7, 10, 2, 14, 9, 16], "R": [[-0.26341003624129256, -0.4602874850272043, -0.8477915922764817], [0.49011660586959005, 0.6930998871267758, -0.5285813647071977], [0.8309036439071825, -0.5547503741253192, 0.043025073498883376]], "T": [-0.016624448215330573, -0.05728360433396672, 0.01567272391268182], "aligned_model": [[0.25189847270292, -0.3550367319708061, -0.6869116746070968, -0.15181660526682364, 0.7048320943167092, 0.38081772276264036, -0.038818242871537234, 0.5566151476798482, 0.1963601073533485, 0.5589398100071147, -0.038818242871537234, -0.034314964402843956, 0.5122468118210222, -0.08108265279190613, 0.1963601073533485, -0.009380837730033724], [-0.3415237769866245, -0.3035360159894575, -0.3023420240315967, -0.612697112498057, -0.2576372000337021, -0.6986655625785692, 0.23085183615351912, 0.3185382185260469, 0.4130506820462583, 0.2820920948709096, 0.23085183615351912, 0.6618536517880199, -0.14964028939173557, -0.0914105403379957, 0.4130506820462583, -0.05045423106458888], [-0.6121041067025187, -0.48524038634120314, 0.14028830859907535, 0.384866681922256, -0.20303433415453118, -0.045750751697267326, -0.6755977551978826, -0.4147428517574047, 0.5059147635150185, 0.2053211482280128, -0.6755977551978826, -0.10048633328323386, 0.5231676703026849, 0.6882631569658219, 0.5059147635150185, 0.06847084853534206]], "inverted": false, "swapped": false, "error_lsq": 0.046738951969625235, "error_max": 0.45157536361076284, "target": "298.xyz", "model": "5.xyz", "model_rescale": 4.2253639853439635, "target_rescale": 4.298966566907149},
{"mapping": [8, 6, 7, 9, 11, 0, 4, 12, 1, 2, 10, 5, 3, 15], "R": [[-0.1735182655655323, -0.17059926593377656, 0.9699419064964592], [-0.7458615222527039, -0.6203724307407026, -0.2425461539578631], [0.6431034140307519, -0.7655285348304979, -0.01959747999776046]], "T": [0.1422462486249766, -0.010161136076985235, -0.07574600518888776], "aligned_model": [[0.5493725827319618, -0.26832043956694923, -0.45780510177207456, 0.12034590197620386, -0.14807664507332474, -0.4738048961296697, -0.04470960413411881, 0.6338870622527728, -0.30855095727515613, 0.27270454551248624, -0.5930747846579395, 0.1985450544249814, 0.7579152600276979, 0.13563417444091264], [-0.2842756779538044, 0.17840137391584357, -0.5232385846701251, -0.6301109552431118, -0.3918462347690343, 0.10376381988128958, -0.25612524389116276, -0.4784658403896076, 0.5022228155940336, 0.7396599329849466, -0.011833291540565807, 0.2350158683130135, 0.3001105485834824, -0.03817938418020715], [-0.45223954760715634, -0.5923333559713113, 0.11262753210783717, 0.14799984040158226, -0.6388724521768632, 0.4664868246119288, 0.5646981736406237, 0.4176568432510713, -0.10804485291524296, -0.1470684001417538, -0.17081047973518199, 0.6501571251160667, 0.30067153404618635, -0.07937057569633815]], "inverted": false, "swapped": true, "error_lsq": 0.04788940580760054, "error_max": 0.30504229308722536, "target": "298.xyz", "model": "6.xyz", "model_rescale": 3.89814844738969, "target_rescale": 4.298966566907149},
{"mapping": [1, 0, 7, 2, 11, 4, 5, 6, 13, 12, 9, 8, 15], "R": [[0.06412910040832565, -0.8397737693230591, 0.5391358593506468], [-0.976987176693648, -0.16296086537268611, -0.13762199291232444], [0.20342938592296228, -0.5179032464794237, -0.8308987376504309]], "T": [-0.06368762843839992, -0.0341937475706694, 0.04326307218797995], "aligned_model": [[0.07794200207196217, -0.06435671934526582, 0.37817350944700134, -0.3578282182716388, 0.6364652060711194, -0.28837582627125824, -0.6734394883963456, 0.4886478287764692, -0.472799270906027, -0.5577393395407169, 0.012211076125467499, 0.017053227547706773, -0.047322186404251614], [-0.4638676806602382, 0.17837878997475282, 0.5413366663377904, -0.7254700189660255, 0.03175605617731825, 0.5108213236136155, 0.11415447226564149, -0.42948060588340725, 0.02953621653860128, 0.5857711688470958, 0.6143928408017759, -0.012145552202576043, -0.01140241137385866], [-0.46871349888404157, -0.7575657602451839, -0.32049255789192244, -0.0980037564593316, 0.2724331491616174, -0.3543464917650557, -0.3999210301351013, -0.055007772748713185, 0.6228916869277715, 0.31898533411578556, 0.13521105158591443, 0.6561519795195033, 0.05065269765505331]], "inverted": true, "swapped": true, "error_lsq": 0.053529371778469934, "error_max": 0.35566082458161413, "target": "298.xyz", "model": "7.xyz", "model_rescale": 3.7474275329858107, "target_rescale": 4.298966566907149},
{"mapping": [7, 9, 14, 11, 13, 6, 10, 1, 8, 2, 0, 2, 5, 3, 15], "R": [[0.050916038966701604, 0.1098402619437649, -0.9926442836344077], [-0.5030875224982998, 0.8614350923368934, 0.06951637502812183], [0.8627343169727654, 0.49584745491597815, 0.09912012798056244]], "T": [0.03138717435428086, -0.08705422966792092, 0.008687490053371983], "aligned_model": [[-0.48780253896197556, 0.10030479650643244, 0.5574187357236229, -0.22270860963873645, 0.7422283588684421, -0.41709205117920267, -0.6996669676141534, -0.4850930431704821, 0.45949940910742165, 0.0573574135146359, -0.5767865042786912, 0.0573574135146359, 0.07728063178394237, 0.6113610711526487, 0.028495607010205908], [0.012708032125745436, 0.02422594276737114, -0.27703461194082946, -0.70630701014354, -0.12286106356014315, -0.5591776619114028, -0.17521836065675034, -0.025149828967227214, -0.5090711655976152, -0.026276267691808797, 0.4715307758265405, -0.026276267691808797, 0.6702140211861549, 0.33331446739612564, -0.09550303916121898], [-0.6071730571732278, -0.6376457765097137, -0.617237437593506, -0.3060244717409073, -0.020050227291909615, 0.22536505143803803, -0.07805350331593366, 0.4516487529435793, -0.13711937438576038, 0.7702447583357808, -0.05929720316647774, 0.7702447583357808, 0.12974640305135074, 0.33106529839108845, -0.01891931562192082]], "inverted": true, "swapped": true, "error_lsq": 0.05048600584037976, "error_max": 0.39137434081839917, "target": "298.xyz", "model": "8.xyz", "model_rescale": 4.019505241142653, "target_rescale": 4.298966566907149},
{"mapping": [4, 13, 9, 7, 0, 10, 11, 5, 1, 2, 8, 6, 15], "R": [[0.01990902020656332, -0.40815557286989873, 0.9126952718457896], [0.4547133621295157, -0.8093036178074766, -0.3718378847086482], [0.8904152903085655, 0.42241766362094146, 0.1694813507313963]], "T": [-0.10859299241949426, 0.013699749269171793, 0.06427939595797495], "aligned_model": [[-0.12339204931868061, -0.770350849811595, -0.1459973963052131, 0.41313421643150083, 0.3089389240650988, 0.6202678167643263, 0.3472045766743578, -0.38944509325556675, 0.32153572244026274, -0.2235316976616072, -0.37556815417683587, 0.43761669576925943, -0.10071193987413107], [-0.569146644083438, 0.26473871517610426, -0.04167170803652642, -0.21051521709156218, -0.6993247176363815, -0.1201841388870301, 0.5404343220593012, -0.6986753382641718, -0.2222091818991313, -0.07118677195262132, 0.5519215080470184, 0.31706770169304527, 0.02212969898945257], [-0.34277176677351967, -0.01608944831200608, -0.591780448242416, -0.5156542634602871, 0.002817549515155199, 0.04031905912818447, -0.18448064565230982, 0.12641236402258177, 0.5398158458647604, 0.8152263044740893, -0.08296062189420543, 0.34819166865321377, 0.037657896720638497]], "inverted": true, "swapped": true, "error_lsq": 0.05474703344941353, "error_max": 0.3144409175470938, "target": "298.xyz", "model": "9.xyz", "model_rescale": 3.877068213659057, "target_rescale": 4.298966566907149},
{"mapping": [7, 1, 5, 3, 2, 4, 0, 8, 10, 9, 8, 11, 13, 6, 14, 15], "R": [[0.8064816971916847, -0.14850469421986157, -0.5723055371822691], [-0.10231396007239264, -0.9883935482225475, 0.11229446738975046], [-0.5823393561052911, -0.03200858676524633, -0.8123154096188051]], "T": [0.08626156725816524, -0.04091415520077852, 0.10001401940229196], "aligned_model": [[0.3953138129042796, -0.2561092121683534, -0.5665541321225078, -0.22925505992122425, 0.7226807557887799, 0.20395668351639026, -0.48873091088064247, 0.28586322159310895, 0.14909306907625797, 0.588530430626216, 0.28586322159310895, -0.1699871994858954, 0.5033952519785284, -0.13553136813012506, 0.6546817150925273, 0.018680042023918486], [-0.403431573028818, -0.3910409561788961, -0.40554712114794406, -0.5199790657645277, -0.2058356525795093, -0.6904474655645829, 0.23718700812524995, 0.2943281012209929, 0.5751294367105764, 0.37024660453266606, 0.2943281012209929, 0.6280761408947424, -0.3250605526210723, 0.020290683642620246, 0.27240434705519306, -0.008265787845479218], [-0.5628241212091193, -0.6162960271802913, -0.12773563488773249, 0.37150510980511575, 0.009864842357260456, -0.049468481519293256, -0.37518007638835726, -0.5656396029149693, 0.4460678803894469, -0.019644337790326066, -0.5656396029149693, -0.07731006112790376, 0.6855896420748486, 0.6721734697645553, 0.5338937242959668, 0.05029634449707415]], "inverted": true, "swapped": false, "error_lsq": 0.05173242895782563, "error_max": 0.33904679130792326, "target": "298.xyz", "model": "10.xyz", "model_rescale": 4.260839863003843, "target_rescale": 4.298966566907149},
{"mapping": [14, 11, 10, 7, 0, 4, 12, 8, 6, 1, 3, 15], "R": [[0.4843902592738645, -0.3732939319002203, -0.7912128140564157], [-0.20849472459908236, 0.8290800272532006, -0.518802716091758], [0.8496446472113807, 0.41626667992562905, 0.32376847383391544]], "T": [0.10739659966562623, 0.07443775341859214, 0.08137654812984516], "aligned_model": [[0.533151343791712, 0.24749734275035823, -0.4135291816208204, -0.4488421064833922, -0.7172855273301579, -0.417043248901502, 0.22148759698743511, 0.6758892103825532, 0.08878235926593472, -0.25981764872449675, 0.3424570955863722, 0.10615141339013417], [0.12635725439795004, -0.6183349307778861, -0.44548958797392424, -0.2673212408715774, 0.137470733516593, 0.3892131895444659, 0.6387695009834978, -0.027313639032271617, -0.5233294783205864, -0.1049776242693251, 0.8068975910047488, 0.06113673733124998], [-0.6401641835874735, -0.13661446609901734, 0.17109255827590517, -0.4009034250447513, 0.13077880608513212, -0.2812511527659439, -0.5293437475661913, -0.14021051640450527, 0.4179937837689406, 0.6288822269772933, 0.24029842619637148, 0.05561976755974412]], "inverted": true, "swapped": true, "error_lsq": 0.05404305258230239, "error_max": 0.36262636874540427, "target": "298.xyz", "model": "11.xyz", "model_rescale": 3.890672605050136, "target_rescale": 4.298966566907149},
{"mapping": [13, 3, 4, 14, 9, 6, 2, 11, 8, 1, 0, 5, 10, 15], "R": [[0.8384369470873669, 0.27494332742667454, 0.4705631227182643], [0.49933199206817425, -0.7335117725421333, -0.4611160821738127], [0.21838280027521548, 0.6215839816514306, -0.752291370612683]], "T": [0.05769114289515744, -0.061629761163114624, 0.08418522325027258], "aligned_model": [[0.35850732105436034, 0.05814713423591763, 0.43679469751782074, 0.8034233371287156, 0.687586774011936, -0.3873646563816732, -0.6130326662565374, 0.14847251801090006, 0.294354041556325, -0.5379515699055882, -0.035398046059114625, 0.08135842374827808, -0.16530701446865456, 0.0802855406010082], [-0.3799534223411057, 0.08268838225040497, 0.5380338154340133, -0.4338777426013485, 0.026277272534007953, -0.31776983096842276, -0.03274305856901741, -0.5193093916346175, -0.6170649058698795, 0.19347701003403617, 0.6958424612775157, 0.6103099860556152, 0.15384933116856592, -0.06760738694200295], [-0.47758238799571984, -0.6879411131099175, 0.132181777142337, -0.015306982744672765, 0.2584937262356749, 0.5394883275514379, -0.28137327700387504, 0.6580932213211991, -0.05042716063864214, 0.3008161174425802, 0.4068066506045235, -0.2875048486205549, 0.7576669639034045, 0.10137942126908572]], "inverted": false, "swapped": true, "error_lsq": 0.05613186314315717, "error_max": 0.3391385710361267, "target": "298.xyz", "model": "12.xyz", "model_rescale": 4.124412569039231, "target_rescale": 4.298966566907149},
{"mapping": [3, 5, 4, 2, 12, 13, 1, 8, 0, 6, 9, 7, 15], "R": [[-0.8802358257214776, -0.3836015214991265, -0.27934703116371856], [-0.40561714051596465, 0.302683424645386, 0.8624717269363634], [-0.24629175064561254, 0.8724864567135103, -0.422028146472985]], "T": [0.048124038956697944, 0.026417363251764137, -0.1422338162764263], "aligned_model": [[-0.11746496607046064, 0.008949924039002119, 0.44590738254683404, -0.6855571569903399, 0.6564155013168937, 0.2081816378949923, -0.47733611370801543, 0.23287422334058558, 0.050737508295709464, -0.29289219669952027, 0.7032529749657801, 0.5604610947348156, 0.07376849384348064], [-0.2790869384534119, 0.37124289268243443, 0.48937879540045054, -0.05069241798290358, -0.18692834300114375, -0.5887041091920263, 0.4439104496978639, -0.5394912432213977, 0.840329734532021, 0.13219278990875194, 0.10059733753868269, 0.5871562210450625, 0.027580207554093454], [0.5622194588250427, 0.5431692888930535, 0.22253282599696053, 0.05802569338402977, 0.39528963716327403, 0.1793409254459132, -0.27025647471278047, -0.3103196275875273, 0.012860258118340823, -0.7283249378185286, -0.12870549395456957, -0.42837601092644373, -0.1557574618589255]], "inverted": true, "swapped": true, "error_lsq": 0.05193497715932042, "error_max": 0.25238018468609263, "target": "298.xyz", "model": "13.xyz", "model_rescale": 3.9028299243045295, "target_rescale": 4.298966566907149},
{"mapping": [4, 5, 13, 14, 7, 10, 8, 3, 1, 6, 0, 2, 9, 11, 6, 15], "R": [[0.9342139843559598, 0.2984793003444782, -0.1953313561608418], [0.21703107753181589, -0.041029289311580404, 0.9753020602889989], [0.2830931698560419, -0.9535337983965003, -0.10310942001776946]], "T": [0.03567910526143553, 0.02913095178143234, -0.054788620993189006], "aligned_model": [[0.2833072892565137, -0.2926708039190855, -0.5237437784607837, -0.11500637109040729, 0.7984818377231286, 0.19317860552247443, -0.5270110080149926, 0.5483446117729125, 0.012862067388808032, 0.5333323122161935, 0.13287279575732228, -0.07408932083097741, 0.4839488982027502, -0.1440791961499461, 0.5333323122161935, 0.11883006989426281], [-0.2698866225709042, -0.2098865032351007, -0.5344349997471304, -0.6191729636427556, -0.4521949578595891, -0.6971827370534083, 0.3101411808187102, 0.25411182528590365, 0.4539353164999994, 0.32709291355076475, 0.3585304018715781, 0.7453783055666556, -0.22996030275419152, -0.0034269107487103455, 0.32709291355076475, -0.017754610860381995], [-0.6103352406413095, -0.36649172812193725, -0.009063275277094836, 0.5283465033521366, 0.029385697503538054, -0.10969704364057326, -0.5030299032899014, -0.3291007246792038, 0.43635228571442775, 0.2737965539545752, -0.809285670724219, -0.1855188408531895, 0.5220747692675985, 0.661090996679426, 0.2737965539545752, 0.007332134052457237]], "inverted": true, "swapped": false, "error_lsq": 0.0438899981753666, "error_max": 0.3550442580138303, "target": "298.xyz", "model": "14.xyz", "model_rescale": 3.942246331269136, "target_rescale": 4.298966566907149},
{"mapping": [0, 4, 7, 12, 13, 9, 6, 10, 1, 11, 8, 2, 5, 3, 15], "R": [[-0.0939454728864815, 0.6184731093339328, 0.7801700206717462], [-0.5317091115961734, 0.6313478256707867, -0.5645222260162818], [-0.8417004626170425, -0.4678578160633712, 0.2695355174715745]], "T": [0.010047753258144748, 0.05999765043009376, 0.04041415190708445], "aligned_model": [[-0.756233713743491, -0.34277579340807884, -0.23594435521098514, 0.3027459324557117, 0.5470731875206806, 0.1842916405167974, -0.0751348095274387, -0.4277393443958718, -0.5307738545082222, 0.317430380446474, 0.6264015006565611, -0.24074277393962676, -0.47429766419190367, 0.05828037579407677, 0.021713328067526877], [-0.01849074137622269, -0.3910788738781167, 0.17168221518391744, -0.6849436996853692, -0.3465341899646031, -0.19777483119721256, 0.7384942337358884, 0.551147290762622, 0.4127671475767997, 0.6278088139126513, 0.09844631283927457, 0.15096958254609913, -0.5279513869556134, -0.5490946208786761, 0.06269743726021171], [-0.2648179498431829, -0.3810892212065877, -0.7249675316263747, -0.21228431927384597, 0.272230288216734, -0.5410254600520062, 0.09846270103389362, -0.3014214231020326, 0.26371735564068094, -0.3204025544600132, 0.07602004890830832, 0.7567702825381591, 0.14012433009893543, 0.534061022557216, 0.013984910930632373]], "inverted": false, "swapped": true, "error_lsq": 0.04542119808396158, "error_max": 0.3120259325815642, "target": "298.xyz", "model": "15.xyz", "model_rescale": 4.355366556412066, "target_rescale": 4.298966566907149},
{"mapping": [11, 9, 8, 1, 6, 10, 2, 0, 13, 7, 5, 15], "R": [[0.6358825121735273, -0.20679381198058638, 0.7435655653931411], [-0.022687145660280766, -0.9680271326597659, -0.24981746107168123], [0.7714523472863849, 0.14198517444102987, -0.6202430863018766]], "T": [0.05868884752447571, -0.003173196013884329, -0.16861716302149884], "aligned_model": [[-0.23923381898475024, 0.49450046151605737, 0.25795613999058886, -0.5201358496350964, -0.591353478572261, -0.46810344148912336, -0.2910934369452064, -0.09966289187701219, 0.5754438186888591, 0.045123593634530314, 0.3672071233634205, 0.06716033494177376], [-0.6525627279389294, -0.25828882624082566, -0.49420109207997737, 0.3536378337826889, -0.22306388022074414, -0.019987760927731385, 0.44352850513275416, 0.5157516851643675, -0.14818402241211714, -0.16935741568055046, 0.6898418043455173, -0.024337675183471956], [0.022740128641031393, 0.25548643188239606, -0.4877130309241059, -0.10193501162051075, -0.15987771808103132, 0.35286555678375364, -0.6809137865919165, 0.45760647481091843, -0.6369539385978965, 0.6257338110085793, -0.04711261021414463, -0.15066784588765236]], "inverted": false, "swapped": true, "error_lsq": 0.05368965212941187, "error_max": 0.2990808723720407, "target": "298.xyz", "model": "16.xyz", "model_rescale": 3.795458400668931, "target_rescale": 4.298966566907149},
{"mapping": [1, 0, 7, 2, 11, 4, 5, 6, 13, 12, 9, 8, 15], "R": [[0.06412910040832565, -0.8397737693230591, 0.5391358593506468], [-0.976987176693648, -0.16296086537268611, -0.13762199291232444], [0.20342938592296228, -0.5179032464794237, -0.8308987376504309]], "T": [-0.06368762843839992, -0.0341937475706694, 0.04326307218797995], "aligned_model": [[0.07794200207196217, -0.06435671934526582, 0.37817350944700134, -0.3578282182716388, 0.6364652060711194, -0.28837582627125824, -0.6734394883963456, 0.4886478287764692, -0.472799270906027, -0.5577393395407169, 0.012211076125467499, 0.017053227547706773, -0.047322186404251614], [-0.4638676806602382, 0.17837878997475282, 0.5413366663377904, -0.7254700189660255, 0.03175605617731825, 0.5108213236136155, 0.11415447226564149, -0.42948060588340725, 0.02953621653860128, 0.5857711688470958, 0.6143928408017759, -0.012145552202576043, -0.01140241137385866], [-0.46871349888404157, -0.7575657602451839, -0.32049255789192244, -0.0980037564593316, 0.2724331491616174, -0.3543464917650557, -0.3999210301351013, -0.055007772748713185, 0.6228916869277715, 0.31898533411578556, 0.13521105158591443, 0.6561519795195033, 0.05065269765505331]], "inverted": true, "swapped": true, "error_lsq": 0.053529371778469934, "error_max": 0.35566082458161413, "target": "298.xyz", "model": "17.xyz", "model_rescale": 3.7474275329858107, "target_rescale": 4.298966566907149},
{"mapping": [5, 1, 2, 0, 12, 9, 13, 6, 4, 8, 7, 10, 11, 15], "R": [[0.6613560053003044, 0.4092138479832319, -0.6286113750736464], [0.7448093730857319, -0.45738481344543097, 0.4858581379303301], [-0.0886974183212974, -0.7895208414274097, -0.6072805026796859]], "T": [0.1630211355568913, -0.0007276867416447091, 0.07426930479670629], "aligned_model": [[0.2632558277732382, 0.11367995116870488, 0.7214148381842334, -0.3259906949221542, 0.21366711141037353, -0.250872638863963, 0.6428832763921789, 0.013298272359240942, -0.2113995560890255, 0.3702120910596108, -0.6421355311733927, -0.4102044434007634, -0.22451909412904097, 0.1415582381136356], [-0.52380692340736, 0.4147345382036729, 0.29507469386846097, -0.14198968115536564, -0.7940969708051602, -0.4164567177647246, -0.33932708895896385, 0.6685961866036046, -0.5429437224535398, 0.03003799156671129, -0.10297596208587671, 0.3854049097371253, 0.43405300607382347, -0.005896017911173778], [-0.4794073086232565, -0.4658744145118527, -0.3558880052066256, -0.5795095789577307, 0.34346536864050187, 0.375501645601465, 0.4773647599486431, 0.050354175232034504, -0.19299553706353995, 0.6563031547319866, 0.06635014254554006, -0.19415410323273136, 0.5301866350179778, 0.09309778453924274]], "inverted": true, "swapped": true, "error_lsq": 0.04301595718962558, "error_max": 0.2470011553130417, "target": "298.xyz", "model": "18.xyz", "model_rescale": 3.922800546911778, "target_rescale": 4.298966566907149},
{"mapping": [13, 12, 9, 8, 0, 3, 4, 6, 5, 11, 7, 10, 2, 1, 15], "R": [[-0.22268215600585908, -0.8087604536456363, 0.544352079095402], [0.6861370232010449, -0.5266798098584141, -0.5018210470678903], [0.6925522671895539, 0.2617535224336232, 0.672202685731171]], "T": [0.05788980010233282, 0.16849297720075296, 0.020414081836654285], "aligned_model": [[-0.3623436811601065, -0.26716535408508557, 0.3013865912593025, 0.09306068772477219, 0.17864554698567434, -0.7172833724158686, 0.02343618853927059, 0.48649023144908465, -0.4508715175109278, 0.728952787557109, 0.6679493781534526, 0.6211244122864473, -0.4025968460216531, 0.11601879064632678, 0.0792469934798192], [0.5280727380446658, -0.029001090216161873, -0.07319746583591807, 0.6828235724755939, -0.6053604669290124, 0.18422093575780701, -0.49065644082199555, 0.4099120538682105, -0.4070621360707046, 0.47560562312826066, -0.3345066207198474, -0.12978523681714443, 0.3442031373483939, -0.004061159386704871, 0.1664040612091367], [-0.4284838933989039, -0.7277848199440928, -0.5427685256073618, -0.32144125145868135, 0.2907532148909585, -0.10554701404271576, -0.24407518596233557, 0.49895542413269367, 0.03113354498508321, -0.028967919397514575, -0.16292548465583945, 0.39927283004370895, 0.6047221129470899, 0.6789311588716535, 0.0008849757595865426]], "inverted": true, "swapped": true, "error_lsq": 0.04382097382067904, "error_max": 0.300685762106313, "target": "298.xyz", "model": "19.xyz", "model_rescale": 3.9282355846067225, "target_rescale": 4.298966566907149},
{"mapping": [0, 1, 2, 10, 7, 6, 11, 8, 9, 12, 3, 4, 13, 15], "R": [[0.7016664843814799, -0.16400638339481302, -0.6933729522425058], [-0.5287719821445845, -0.7721200443014474, -0.3524639387041154], [-0.47756081873895595, 0.6139483230644781, -0.628492737437509]], "T": [0.0678220134291889, -0.1365271253464043, 0.02253555450125385], "aligned_model": [[-0.6955145409717074, -0.12870555288832453, 0.39992453268212613, -0.43995670332799575, -0.6332396977076311, 0.1059746705736617, 0.08107831952731658, 0.5326125916762026, -0.2381677218778573, 0.034590588928304605, 0.39601170006562747, -0.51588475118333, 0.5760048948710516, 0.05779448871723208], [-0.4585642658082979, -0.6728837309503818, -0.821674694207224, -0.19746174351933998, 0.23582272240621963, -0.2327006459912325, 0.34033937908805856, 0.2716277073605292, 0.39762708761637666, 0.24346478143353792, -0.45823908156032145, -0.08800253265662367, 0.07303599330920449, -0.10950888909566926], [0.033659184120250506, -0.35229395026607485, -0.04542481959822788, -0.5142929279113864, -0.1467652103474712, -0.6559026116536875, -0.5427120901318792, 0.02670357383534818, 0.2590290333696572, 0.7701773001000302, 0.659559855891655, 0.42571213648511436, 0.475566054205059, 0.01916762914529572]], "inverted": true, "swapped": true, "error_lsq": 0.04544514142010887, "error_max": 0.3053026718728416, "target": "298.xyz", "model": "20.xyz", "model_rescale": 4.067790424073018, "target_rescale": 4.298966566907149},
{"mapping": [2, 12, 1, 6, 0, 4, 10, 3, 5, 13, 14, 11, 8, 9, 15], "R": [[-0.5814116729093262, 0.3063494032528693, 0.7537310592853325], [0.5626394945357739, -0.5177907024335815, 0.6444606952032583], [0.5877050840288073, 0.7987758331346468, 0.12868528512127336]], "T": [0.10100399277922893, -0.0514681065693766, -0.0179147807671454], "aligned_model": [[0.2927496461316851, 0.14838052239509847, -0.19920661903612308, 0.11428455725269641, -0.7103231638514756, -0.45884029284215627, -0.41318190409541583, 0.3653176484802382, -0.2925778735508202, 0.6438662098031055, 0.4359810958806762, 0.20237766232821552, 0.6364069827405089, -0.09319476250308208, 0.0964042447743644], [-0.21531869353442168, 0.7384538251770175, -0.48367330669604247, -0.7374896388085472, -0.055568173472389, 0.37357024423801505, -0.5747288736206873, 0.5292727199549679, 0.46196967679674084, 0.4072406134430746, 0.3529991638081732, -0.5528784337634978, -0.011643053387138988, 0.25979394951834356, -0.05110487972576103], [-0.7395271950377361, 0.2618085874776278, -0.4536565665517389, -0.03138328207839413, -0.18597960344676862, 0.08949264732945048, 0.0895473313142949, -0.4760472916908158, -0.4322716688611349, 0.029940196670507936, 0.636898423013959, 0.5163074158621902, 0.2893239292840799, 0.5300654951308926, 0.010731155204726155]], "inverted": false, "swapped": true, "error_lsq": 0.03631977341665508, "error_max": 0.28370512239823653, "target": "298.xyz", "model": "21.xyz", "model_rescale": 4.186013935880536, "target_rescale": 4.298966566907149},
{"mapping": [2, 2, 3, 0, 10, 5, 1, 6, 13, 8, 11, 9, 15], "R": [[-0.7120761169766485, 0.6574407774589842, -0.2464127183519246], [-0.06227327294806406, -0.4087212773824475, -0.910532238249254], [-0.6993351436241385, -0.6330233341267815, 0.3319816491061196]], "T": [0.023674479866382596, 0.053726388022225936, 0.07937006607454122], "aligned_model": [[-0.1520761430571422, -0.1520761430571422, 0.4670248567023748, 0.3811977614349702, -0.23430308187537874, 0.685869703737589, -0.2035963292247183, -0.5983474096344491, 0.1996016470096747, -0.1935709154300666, -0.5111232051896266, 0.3461424452163888, 0.023830848790752004], [-0.21137793020901255, -0.21137793020901255, 0.2768566433833045, -0.6576913279527378, -0.5079598871533254, -0.23979586963147712, -0.5655849326760002, -0.22385660068362237, 0.6857563019708338, 0.632712187878714, 0.18319790085168164, 0.29401178162867264, 0.06406632234807481], [-0.6157337433344734, -0.6157337433344734, -0.5294487462574374, 0.3086652618174973, 0.4888736415535635, -0.17667454594986348, -0.0983941534183618, 0.16315413364725198, -0.19810244623640783, 0.09413161278956486, 0.5736481820078698, 0.6020142546281557, 0.1064798534224598]], "inverted": true, "swapped": true, "error_lsq": 0.05442234152388578, "error_max": 0.41335704146605856, "target": "298.xyz", "model": "22.xyz", "model_rescale": 4.166573947596378, "target_rescale": 4.298966566907149},
{"mapping": [5, 6, 12, 14, 7, 13, 2, 0, 9, 7, 1, 4, 10, 9, 8, 15], "R": [[-0.9451607094631458, 0.011839095140393913, 0.32639097584550264], [-0.17520249885353417, -0.8617661618260031, -0.4760915528836407], [0.27563620531889516, -0.5071675444642882, 0.8165817559555589]], "T": [-0.046098352097861145, 0.048450872364714584, 0.04252460987211685], "aligned_model": [[0.4290985559483639, -0.3641685787778959, -0.5517108642503801, -0.10793264577235748, 0.6541674566020911, 0.3621786911264392, -0.42496954680013244, 0.5616855763857734, -0.1454513449978009, 0.6541674566020911, 0.07592905263916513, 0.10589283308602435, 0.4711510706725023, -0.1454513449978009, 0.4124676502426037, -0.02516369622431952], [-0.38101346909402345, -0.2389460652505152, -0.3677344821546431, -0.6155315987126844, -0.07990257622039536, -0.6925179377258845, 0.3609190758241311, 0.3830224022945778, 0.13787294147250317, -0.07990257622039536, 0.16583672092693774, 0.733145606884328, -0.3715751508477959, 0.13787294147250317, 0.607743961346576, 0.043092454676984734], [-0.4873907222329898, -0.5862376370193157, 0.06548312610536311, 0.46829633444759045, -0.024875961730259043, 0.009536470417327449, -0.41750743123025014, -0.38807537906820466, 0.6278295241180168, -0.024875961730259043, -0.649883460500849, -0.17643957329971535, 0.3845369014232947, 0.6278295241180168, 0.40444670416286094, -0.02301939072932107]], "inverted": false, "swapped": false, "error_lsq": 0.048035049334068186, "error_max": 0.3354248681518682, "target": "298.xyz", "model": "23.xyz", "model_rescale": 4.274766983524099, "target_rescale": 4.298966566907149},
{"mapping": [5, 9, 7, 1, 11, 6, 2, 8, 13, 14, 15], "R": [[0.26553011696229534, -0.47853029218663146, 0.8369602836728675], [0.7851208826262583, 0.6111595529150702, 0.1003454061968787], [-0.5595345893241587, 0.630470269196279, 0.5379853929331322]], "T": [-0.03823922170114202, -0.0026584052216500204, -0.010689074598981073], "aligned_model": [[0.3618933321089809, 0.1242936700622278, -0.3951638104096901, -0.49042866761987514, -0.5376977243530604, -0.6747659545949479, -0.04294895297994758, 0.13926741979496712, 0.5647713511413195, 0.3734843512853661, -0.04281031047726533], [-0.22774732053839708, 0.6215053713544393, 0.5973314411426713, -0.44603928260100456, 0.396663360899657, -0.14850721107288473, -0.7654685499021862, 0.19696461992642822, 0.02542988214327587, 0.6395809833834447, 0.025873236508039313], [-0.6266806274514622, -0.14810175957294655, -0.42470803932982937, -0.2670808703254604, 0.36101729297720014, 0.2003681706199187, 0.03867071127496272, 0.5472357066483561, 0.36745438033077193, 0.33944808627708967, -0.00805661742702318]], "inverted": false, "swapped": true, "error_lsq": 0.056512197220089246, "error_max": 0.2556167464462362, "target": "298.xyz", "model": "24.xyz", "model_rescale": 3.7841303162186577, "target_rescale": 4.298966566907149},
{"mapping": [13, 14, 10, 7, 3, 11, 9, 5, 8, 4, 12, 2, 6, 0, 1, 15], "R": [[0.43846346526191504, -0.7600611982633733, 0.47964232978851923], [-0.7808920358378336, -0.586374356641854, -0.21534331249865934], [0.44492405868367807, -0.28012870036341675, -0.8506294688271421]], "T": [0.047437364247214786, -0.02959297277796307, 0.05005361419320119], "aligned_model": [[0.2303491861711233, -0.3873653750478577, -0.6215382219863729, -0.07420582498333755, 0.775820362531065, 0.22223202001815975, -0.33593671203982045, 0.6099819265323791, -0.13198660746091692, 0.6782461039449792, 0.1355855410395991, 0.12512039267365604, 0.6478777369545392, -0.20754785846221468, 0.1860038761213223, 0.10925377547806422], [-0.46483926168255735, -0.18656086510701908, -0.4265189543933076, -0.4898360210129538, -0.19891554210169335, -0.7737119667859156, 0.2328609387843938, 0.41180296807371924, 0.46225302054938827, 0.34313221303751357, 0.15283009393405336, 0.6846318561045285, -0.3083109103678818, -0.016569698379190666, 0.3775776109153802, -0.057443232896253], [-0.5737283434380653, -0.5946219794117037, 0.06334027740566885, 0.49298118295071625, -0.2495961195990889, -0.021788714786275434, -0.30530953874025174, -0.4579345591796974, 0.3245574226607223, 0.1909813000398498, -0.6807840080510955, -0.1793832373139057, 0.3395603020809605, 0.7400846858670426, 0.6567230722715426, 0.06457132449488712]], "inverted": false, "swapped": false, "error_lsq": 0.04148107827234201, "error_max": 0.2854066803258568, "target": "298.xyz", "model": "25.xyz", "model_rescale": 4.19342608120988, "target_rescale": 4.298966566907149},
{"mapping": [11, 9, 8, 1, 6, 10, 2, 0, 13, 7, 5, 15], "R": [[0.6358825121735273, -0.20679381198058638, 0.7435655653931411], [-0.022687145660280766, -0.9680271326597659, -0.24981746107168123], [0.7714523472863849, 0.14198517444102987, -0.6202430863018766]], "T": [0.05868884752447571, -0.003173196013884329, -0.16861716302149884], "aligned_model": [[-0.23923381898475024, 0.49450046151605737, 0.25795613999058886, -0.5201358496350964, -0.591353478572261, -0.46810344148912336, -0.2910934369452064, -0.09966289187701219, 0.5754438186888591, 0.045123593634530314, 0.3672071233634205, 0.06716033494177376], [-0.6525627279389294, -0.25828882624082566, -0.49420109207997737, 0.3536378337826889, -0.22306388022074414, -0.019987760927731385, 0.44352850513275416, 0.5157516851643675, -0.14818402241211714, -0.16935741568055046, 0.6898418043455173, -0.024337675183471956], [0.022740128641031393, 0.25548643188239606, -0.4877130309241059, -0.10193501162051075, -0.15987771808103132, 0.35286555678375364, -0.6809137865919165, 0.45760647481091843, -0.6369539385978965, 0.6257338110085793, -0.04711261021414463, -0.15066784588765236]], "inverted": false, "swapped": true, "error_lsq": 0.05368965212941187, "error_max": 0.2990808723720407, "target": "298.xyz", "model": "26.xyz", "model_rescale": 3.795458400668931, "target_rescale": 4.298966566907149},
