[{"mapping": [1, 0, 6, 2, 3, 11, 9, 5, 4, 8, 13], "R": [[0.40944459322875587, -0.3065880554626002, 0.859278121054761], [-0.36425219377547385, -0.9184563606014258, -0.1541371240179945], [0.8364660569356616, -0.24988332861246582, -0.48773236275242304]], "T": [-0.08789491490172674, -0.0442079565272013, -0.1828058750082011], "aligned_model": [[-0.028145818733578742, -0.6143876600430263, 0.3737615672209359, -0.3308931646824492, 0.16477259364997326, 0.08107224475710156, -0.8002695613323774, 0.6271507670346707, -0.2012414757607609, 0.13184094627211856, -0.15708576601494023], [-0.35068901764275107, -0.5853733032289683, -0.15259936050180964, -0.5843978088945526, -0.4689110663400411, 0.6286444926800949, 0.09026802355378064, 0.11084248711338868, 0.03768249625214112, 0.5032691591889731, 0.08278870106007943], [-0.6681341331052831, -0.34204748836150045, 0.4169197958165469, 0.3075052705030432, -0.01255105294635206, -0.2588421913041099, -0.07706210134614863, -0.375342347170143, 0.7626309221898474, 0.3296042055952033, -0.10781029287640272]], "inverted": true, "swapped": false, "error_lsq": 0.05583162924426062, "error_max": 0.2759078133020903, "target": "299.xyz", "model": "0.xyz", "model_rescale": 3.8414455957264533, "target_rescale": 3.816764441722228},
{"mapping": [5, 6, 11, 8, 10, 4, 9, 1, 13, 0, 14], "R": [[-0.5095775967647983, 0.2407306480205188, -0.8260626053629554], [-0.8539131002409328, -0.259381939584025, 0.4511689557743839], [-0.10565552570656817, 0.9352912725569775, 0.3377382793916296]], "T": [-0.13035262997915897, -0.006627098462207354, -0.06680684816725023], "aligned_model": [[-0.06039705251183952, -0.6070511198023472, 0.4931124739723375, -0.39123261300098766, 0.09340112441234288, -0.026043870303122718, -0.7608503728796303, 0.7139009458016251, -0.2413738654062417, 0.07667396148205188, -0.04356493939652102], [-0.2777934901629123, -0.4726796155978179, -0.03538152315093618, -0.5954730719869953, -0.6294163647199963, 0.4077500297218656, 0.05708657307008089, 0.17385335745107147, 0.0701999138320857, 0.6389381701939199, -0.025559175410030017], [-0.6633785455982691, -0.4737230248615368, 0.5134774350470581, 0.3909097141535227, -0.24130351759157553, -0.40330129558200034, 0.18602282621993138, -0.12302602624232169, 0.67926211386341, 0.18990864384688966, -0.07997773626040774]], "inverted": false, "swapped": false, "error_lsq": 0.04216704698241644, "error_max": 0.20226305000464895, "target": "299.xyz", "model": "1.xyz", "model_rescale": 4.316132596720782, "target_rescale": 3.816764441722228},
{"mapping": [3, 6, 1, 8, 10, 5, 4, 9, 2, 0, 11], "R": [[0.5397757580534379, 0.056072187959036124, 0.8399393077808199], [-0.5913330076120062, -0.684891222640023, 0.4257338220757111], [0.5991388863413685, -0.7264846336214833, -0.33653034333546183]], "T": [0.029552406658512817, -0.07077943978476844, -0.06863861630196672], "aligned_model": [[-0.24575515329422143, -0.6280378966604954, 0.328324819866417, -0.09119144184583035, 0.1857637490631483, 0.11923992592794767, -0.6760548444849769, 0.74406322090196, -0.38013936258188874, -0.014584301281947876, -0.09505404324244511], [-0.055335126665161674, -0.5409445180795768, -0.0931824885045049, -0.6402599601471686, -0.6751075516393752, 0.47446580988784326, 0.23964062785872767, 0.11684658368009768, 0.00029580899646394765, 0.5647910352310664, -0.07968541737807663], [-0.6644441462060173, -0.21902397174710853, 0.38394332315076235, 0.4295069204531281, -0.15593895029718585, -0.40093915574441824, -0.07799382205483396, -0.1336176658482634, 0.6578779801859298, 0.24443674345470479, -0.08893666835199748]], "inverted": false, "swapped": false, "error_lsq": 0.04684285693513141, "error_max": 0.325556773885993, "target": "299.xyz", "model": "2.xyz", "model_rescale": 3.795458400668931, "target_rescale": 3.816764441722228},
{"mapping": [5, 9, 2, 8, 6, 4, 7, 10, 1, 0, 11], "R": [[-0.9328900482593666, 0.3484845180590326, 0.09096536995912644], [-0.007645811802208385, 0.2333493878906051, -0.9723628976534253], [-0.36008012916644283, -0.9078031746167471, -0.21502487468949766]], "T": [-0.03646175936785385, -0.07019087156637173, 0.011837045017073639], "aligned_model": [[0.09403453544592555, -0.6406223334138484, 0.6404525338944446, -0.4643727435205642, 0.11038220188832021, -0.059528723747807565, -0.7552761605903816, 0.558101122487423, -0.09665593732030528, -0.04585419924437612, -0.09408562351116323], [-0.28732048416020234, -0.40495397550895046, -0.16421805292052402, -0.665783744661991, -0.6093436774316534, 0.4122499411907103, 0.1845171085408534, 0.20897439718553112, -0.0703355636718322, 0.6540850489345231, 0.05365380574387052], [-0.6436399293488858, -0.5149250529117902, 0.35921470716415926, 0.28151139713551276, 0.1990465522304978, -0.40967631261726833, 0.053454326052340975, -0.316145374698967, 0.6384513458150005, 0.30771559650651237, 0.019863331667588132]], "inverted": false, "swapped": false, "error_lsq": 0.05726621351695513, "error_max": 0.3126492396539984, "target": "299.xyz", "model": "3.xyz", "model_rescale": 3.7530521520055578, "target_rescale": 3.816764441722228},
{"mapping": [4, 6, 5, 8, 9, 2, 0, 3, 7, 1, 10], "R": [[0.633090137808148, 0.7354152440174575, -0.2415808276267049], [-0.10453745363390995, -0.22800241154387546, -0.9680324483806911], [-0.7669868305243568, 0.6381060407149589, -0.06746764117175669]], "T": [0.007255171410019121, -0.07175216724717212, -0.016952524842224478], "aligned_model": [[-0.33985092824853386, -0.5789372664446598, 0.391784280604189, -0.30952129251508087, 0.30239308831327866, 0.10323488608739917, -0.7582139469275238, 0.7119432943405292, -0.303739886681709, 0.10354104950387417, -0.07605860566409567], [-0.09369233554453078, -0.4803252316380644, -0.11743567806059327, -0.8070163203037046, -0.5191739883478949, 0.44509451736381855, 0.2253694772797131, 0.12983686352303367, -0.11534827984648718, 0.6693696636693032, -0.025153884854258374], [-0.664059076351696, -0.2061138832010154, 0.589356078933286, 0.43084071895145987, -0.11730735956444151, -0.44708434417681614, -0.09438729090445398, -0.22394599616029304, 0.49347121418463297, 0.2407165113814913, -0.026615986097453304]], "inverted": false, "swapped": false, "error_lsq": 0.052072175813532566, "error_max": 0.2676570418921293, "target": "299.xyz", "model": "4.xyz", "model_rescale": 3.7855080009869324, "target_rescale": 3.816764441722228},
{"mapping": [8, 13, 4, 11, 6, 10, 14, 7, 1, 3, 16], "R": [[-0.7219826368557769, 0.5739512911954645, -0.38642073885059336], [0.4461297926736858, -0.04073165012947255, -0.8940409055332224], [-0.5288754864499899, -0.8178758145420302, -0.22664922638186336]], "T": [-0.14297416290668807, 0.051932673144483465, 0.019677025200698032], "aligned_model": [[-0.07661581737597337, -0.4902891068440201, 0.44149656805262993, -0.2957971596051784, 0.17839919842415247, 0.13963261221622503, -0.7966117602508817, 0.5691990804101076, -0.1439509395178632, -0.09008368976896686, -0.18880431337256456], [-0.1589570011053389, -0.508173391405043, -0.18225752383967941, -0.6818092337213436, -0.5121456407643121, 0.4758420490940041, 0.2254650893626661, -0.016941148661115624, -0.1331051969353718, 0.7236374647616494, 0.07996933645422007], [-0.6484786372289862, -0.2811903293727882, 0.4076843706901197, 0.28557959023032087, -0.0482338463272812, -0.5012822109310742, 0.0011894511992653033, -0.2026631197336688, 0.7537505716067324, 0.1882945692732169, 0.020220177588844018]], "inverted": false, "swapped": false, "error_lsq": 0.04616628984937044, "error_max": 0.3089057979006995, "target": "299.xyz", "model": "5.xyz", "model_rescale": 4.2253639853439635, "target_rescale": 3.816764441722228},
{"mapping": [5, 10, 9, 1, 8, 6, 4, 12, 0, 7, 13], "R": [[0.5572416346834795, 0.6745768857549219, 0.4841774321263585], [0.5430066663443589, -0.7371826430523066, 0.4021262377512835], [0.6281922642637918, 0.03883009126446324, -0.7770886070014948]], "T": [-0.09272380994227991, -0.05740904724956992, -0.06633505741927893], "aligned_model": [[-0.11015257279728627, -0.5415655043197047, 0.2579300833098004, -0.442141599863941, 0.18305122184841555, -0.016308202210068456, -0.7616011219763348, 0.7256446186036726, -0.05927272207267825, 0.1341951812199152, -0.12320470937412327], [-0.2107034551674961, -0.5973401916807414, -0.3382438717216108, -0.5294747984369435, -0.7313002827630123, 0.4596517226625489, 0.015494546358022825, 0.38020699272078123, 0.19943687408065486, 0.6683856851564495, -0.004588417968318208], [-0.6802880924122832, -0.4062291101045048, 0.3469083042894116, 0.3738545796695889, -0.19156927853195332, -0.4412040788599854, 0.1532088327068694, 0.03420886924428272, 0.6925943508546181, 0.15976446466893313, -0.06637825453027678]], "inverted": false, "swapped": false, "error_lsq": 0.05646019955050163, "error_max": 0.30174653498145315, "target": "299.xyz", "model": "6.xyz", "model_rescale": 3.89814844738969, "target_rescale": 3.816764441722228},
{"mapping": [8, 7, 10, 4, 11, 6, 0, 9, 2, 5, 12], "R": [[0.4100763290286359, -0.7370576691387941, -0.5371995874291847], [0.6135868895672622, -0.21283379746278938, 0.7604031191471675], [-0.674795178792477, -0.6414419436092845, 0.36497082028180394]], "T": [-0.2056474899041661, -0.07398426461850734, -0.041556240502091], "aligned_model": [[0.0657906898353085, -0.639086710983059, 0.32170665506399737, -0.3200873469823546, 0.2684423821176226, -0.15074569003356472, -0.7259706464791902, 0.6351693937673799, -0.2586883359416383, 0.17722768398129812, -0.1271834019781329], [-0.15908550882738387, -0.4963999205659894, -0.1286522358091633, -0.5559814145912271, -0.6972276018417556, 0.48162961581376945, 0.20548752886357585, 0.199270163458871, 0.011386697437805557, 0.5693756543968902, -0.11827817509505753], [-0.6553688056460085, -0.29644863895080326, 0.46619633877537675, 0.37084896668420697, -0.24685335464693883, -0.42320379947467845, 0.005023978990949474, -0.16924674407846885, 0.6594760783036651, 0.16355645986408568, 0.10089010717331467]], "inverted": true, "swapped": false, "error_lsq": 0.04745283765164134, "error_max": 0.24211597840369148, "target": "299.xyz", "model": "7.xyz", "model_rescale": 3.7474275329858107, "target_rescale": 3.816764441722228},
{"mapping": [5, 7, 1, 10, 0, 8, 11, 2, 12, 13, 14], "R": [[-0.3148979201657093, 0.26081199388910403, 0.9125877512430793], [-0.9399608018719934, 0.047599001021459614, -0.3379467799016858], [-0.1315788387981517, -0.9642154525547437, 0.23016422449021254]], "T": [-0.06631685138035534, -0.06026188034647639, -0.03717019861641746], "aligned_model": [[-0.21707299625192392, -0.6105831503259598, 0.5656822698384879, -0.48904234318996265, 0.24503995080603871, 0.09274983236406661, -0.6616453590948974, 0.7047371857634667, -0.23479788174083813, -0.1188011373518672, -0.029691698448943815], [-0.2387438750715168, -0.36207827953729765, -0.16732040038885632, -0.6207093910033856, -0.6318087715524795, 0.3155908282876346, 0.059164711784964685, 0.2522515292153732, 0.031144751437865242, 0.6909874128084966, -0.016953712740463214], [-0.7142508632084001, -0.3138626071417652, 0.3551528877738658, 0.24999718473528149, 0.06580713147121603, -0.5836524466277125, 0.09625098629854931, -0.16523477802105696, 0.5492610325384959, 0.45372869927680715, -0.018326640100580178]], "inverted": true, "swapped": false, "error_lsq": 0.04708576189968458, "error_max": 0.24284619868665433, "target": "299.xyz", "model": "8.xyz", "model_rescale": 4.019505241142653, "target_rescale": 3.816764441722228},
{"mapping": [9, 6, 0, 2, 1, 8, 5, 7, 3, 4, 12], "R": [[0.7642055659160052, 0.6218471178137693, -0.1711607872431857], [-0.6249905674719552, 0.648432678018614, -0.43465141510029875], [-0.15930048208992384, 0.43913690820098134, 0.884184444706873]], "T": [-0.14614117360449774, -0.18524957897317573, -0.1167591412086601], "aligned_model": [[0.11982476423371818, -0.7825179655058948, 0.33811653135834896, -0.27040077461221856, 0.2766325231327216, 0.043386033851619044, -0.65628342734857, 0.6149578026396849, -0.34500714708242547, 0.0814732198033418, -0.17360688810265834], [-0.12528121617728763, -0.5304932487657064, -0.10561887200130073, -0.4779923774452775, -0.7040514886771435, 0.3588081442392105, 0.19613702143774092, 0.30436085555294623, 0.07152905941478882, 0.4810872249459709, -0.15696029928360666], [-0.7436610289102861, -0.17915485551957772, 0.3096203889781982, 0.38207286229230086, -0.20847763446502796, -0.4692042615223659, 0.09495732275642682, -0.09238782940777895, 0.6788399181183769, 0.3211696462665631, -0.11890394159212876]], "inverted": true, "swapped": false, "error_lsq": 0.05335895504222655, "error_max": 0.25675480972839976, "target": "299.xyz", "model": "9.xyz", "model_rescale": 3.877068213659057, "target_rescale": 3.816764441722228},
{"mapping": [4, 1, 6, 0, 3, 2, 8, 13, 11, 9, 15], "R": [[-0.468731519468113, 0.17460034911725886, -0.8659130907575228], [0.6928071424774545, -0.5354728674528828, -0.48299800367497575], [-0.5480045857375089, -0.8263071622041764, 0.13002864184764307]], "T": [0.01739648733746854, -0.06473956523831341, 0.03455618363960615], "aligned_model": [[0.027167567320672492, -0.6316627443169396, 0.5389318541850477, -0.5582814060425534, 0.35832723268181865, 0.02477627808045027, -0.6848860546227677, 0.687108087420496, -0.32663764183048116, -0.14396613100356673, -0.04430236950450891], [-0.22048868058817306, -0.5237225657477972, -0.23941934826934802, -0.48115139002800944, -0.5453042464298471, 0.4501846565559398, 0.2492964167668757, 0.20550548540114766, -0.02983240971166233, 0.5601176403029244, -0.11366075501171505], [-0.624031258397265, -0.3132416444889422, 0.3134690905697797, 0.39366924505988615, -0.20120886211241062, -0.3839577855987904, 0.09374713794855036, -0.24129247284212757, 0.6865356961431761, 0.1729790212964536, 0.07820241941639018]], "inverted": true, "swapped": false, "error_lsq": 0.04258331160476195, "error_max": 0.24646322118092118, "target": "299.xyz", "model": "10.xyz", "model_rescale": 4.260839863003843, "target_rescale": 3.816764441722228},
{"mapping": [10, 9, 3, 4, 5, 7, 8, 0, 2, 1, 11], "R": [[0.0673128139715155, 0.23995920314640695, -0.968446470333068], [0.7616725284295385, -0.6393210039086747, -0.10546854221500435], [-0.6444563169920752, -0.7305396873452844, -0.2258048287846482]], "T": [-0.058051959408106715, -0.06850371134442819, -0.05223901296155526], "aligned_model": [[-0.24235522913428664, -0.7803254838044216, 0.38771980319493465, -0.2826634984545337, 0.36320918592650053, 0.06257067902484567, -0.6752031635178253, 0.7080409850785498, -0.3179903018141824, 0.058229815945352106, -0.034658120077265916], [-0.3190815841265436, -0.4019568447947333, -0.12972130526160983, -0.7373372176896432, -0.5967774206592756, 0.41254472722157753, 0.2950639817069476, 0.32701080620596196, -0.04712925133271301, 0.5199496944625633, -0.011040782492196748], [-0.5968276893792988, -0.10574812345229362, 0.4967354976248067, 0.1435012637276888, -0.043473299869927755, -0.4807809690556189, -0.10279918398547724, -0.21565301563474956, 0.5820576973782025, 0.3520650570848535, -0.054206647443485134]], "inverted": false, "swapped": false, "error_lsq": 0.05586409634236166, "error_max": 0.3089522154749115, "target": "299.xyz", "model": "11.xyz", "model_rescale": 3.890672605050136, "target_rescale": 3.816764441722228},
{"mapping": [3, 7, 6, 5, 8, 2, 12, 1, 9, 11, 13], "R": [[0.03770353856531161, 0.10630106958998442, 0.9936189036968246], [-0.17180772796940139, -0.9788299928477595, 0.11123825651118174], [0.984408730045425, -0.17490548220590624, -0.01864200913724673]], "T": [0.017530731189739204, 0.013779040460395756, 0.004718223716684519], "aligned_model": [[-0.017168673135379856, -0.6190779636942674, 0.4594421848554544, -0.47729613402512805, 0.19444843644142912, -0.009579826691165784, -0.7258860306363347, 0.7264249344156546, -0.23918767017188614, 0.07394568838599103, -0.11949027337670036], [-0.44149999725875755, -0.47047559039077796, -0.10945065175203565, -0.4763926110527584, -0.6775218228853703, 0.6761243527175991, 0.05764938187517822, 0.2449459944205996, 0.015091198737412263, 0.5047537765246325, -0.011699227695386581], [-0.7981392388226127, -0.2905629852582122, 0.35341157613086693, 0.35091225507706825, -0.09525321092345367, -0.2524351131253289, 0.027935849031468056, -0.21738341612348877, 0.7395068713320304, 0.24663416995927978, -0.08975617028291649]], "inverted": true, "swapped": false, "error_lsq": 0.05129204648299603, "error_max": 0.3112453063686602, "target": "299.xyz", "model": "12.xyz", "model_rescale": 4.124412569039231, "target_rescale": 3.816764441722228},
{"mapping": [8, 2, 0, 4, 1, 9, 10, 3, 5, 7, 12], "R": [[-0.9627384474714836, -0.13544082276189517, 0.23407363219674804], [-0.15191255374031615, -0.4452322228159961, -0.8824346116185736], [0.22373479339676505, -0.8851124512150467, 0.4080670176917007]], "T": [0.03336106995217651, 0.001451262485856461, -0.0216277439017544], "aligned_model": [[-0.16531039309273454, -0.5770935932990782, 0.360680601874599, -0.3399329011359723, 0.20879195488028363, 0.0980873736573067, -0.6907096463714238, 0.7157195093336232, -0.11791257366970413, -0.15930085168931896, -0.08644480811991317], [-0.1528356442109996, -0.5489002711251394, -0.238055985088568, -0.5335077100376238, -0.7408309131747766, 0.48439158623417417, 0.1375554618108663, 0.20884964937404, 0.1543294133464443, 0.5603868020230784, -0.01985758591116068], [-0.6936555119976513, -0.28018877579895124, 0.39342116378917663, 0.41740159978200136, -0.3064179741039004, -0.43541563800564614, 0.020880102270891095, -0.010391860001374969, 0.7046576234346804, 0.18705891381187362, -0.02247905618639885]], "inverted": false, "swapped": false, "error_lsq": 0.04524899101479818, "error_max": 0.24222628116476172, "target": "299.xyz", "model": "13.xyz", "model_rescale": 3.9028299243045295, "target_rescale": 3.816764441722228},
{"mapping": [1, 2, 13, 8, 12, 9, 3, 14, 4, 7, 15], "R": [[0.44765029371707143, 0.6073075116909952, 0.6563435082170856], [-0.77988081600933, -0.09394896987535171, 0.6188372192103366], [0.43748728822177413, -0.78889237371333, 0.43157119382705156]], "T": [-0.14147513468014095, -0.0992660675337072, 0.016590526043348094], "aligned_model": [[-0.17792876207985334, -0.6679625714376737, 0.54740774969767, -0.3095838610433207, 0.27751502113480364, 0.13182973226605793, -0.6859986002699474, 0.6946215172125275, -0.3340672716587431, -0.11430190403745843, -0.114956377416395], [-0.20964161285849775, -0.5349036420307283, -0.33431450651210376, -0.803557270717894, -0.6354217709996408, 0.5200997521237889, 0.19852867071022412, 0.1662754207007483, 0.14070754208364283, 0.7973970324434037, 0.006355188297392164], [-0.6226958947309902, -0.2576003785808203, 0.3372834550897501, 0.2853292779857206, -0.12909612376371077, -0.3609487270247018, 0.07576767141591932, -0.0995161469046496, 0.6204814179633569, 0.14262566603631865, -0.016759630491492313]], "inverted": false, "swapped": false, "error_lsq": 0.04043663861627763, "error_max": 0.21505486228413667, "target": "299.xyz", "model": "14.xyz", "model_rescale": 3.942246331269136, "target_rescale": 3.816764441722228},
{"mapping": [10, 9, 8, 7, 6, 4, 5, 13, 0, 12, 14], "R": [[0.27504698894882823, 0.04620949624504549, -0.9603196532024962], [-0.02365277623912325, 0.9988672025669194, 0.04128992385944938], [0.9611397921459528, 0.01135755664376315, 0.27582839930057707]], "T": [-0.09131206439695694, 0.021765499986497475, -0.0660136410634562], "aligned_model": [[-0.1373116036638814, -0.5789869590270071, 0.3752699731442774, -0.30577937922159326, 0.06866023950159361, 0.09268574549669145, -0.6984504130839015, 0.5990063910244077, -0.2246509496849817, 0.17525966878920662, -0.11912804090714471], [-0.20672643003989705, -0.5754963957336798, -0.3418843197239525, -0.6758018455310636, -0.5137846727940222, 0.290937976304732, 0.19868969842000056, 0.4484592114754308, -0.065633826654304, 0.707816270565756, 0.044949136951334526], [-0.7403103089650601, -0.29756003209702725, 0.4328860854911078, 0.37938851145551533, -0.0856162877869558, -0.5532045285702475, -0.012530823715574763, -0.1142085908588106, 0.6518300621485585, 0.2894439645894248, 0.02475253530377014]], "inverted": true, "swapped": false, "error_lsq": 0.051684152535835026, "error_max": 0.2941835985593473, "target": "299.xyz", "model": "15.xyz", "model_rescale": 4.355366556412066, "target_rescale": 3.816764441722228},
{"mapping": [3, 6, 1, 8, 10, 5, 4, 9, 2, 0, 11], "R": [[0.5397757580534379, 0.056072187959036124, 0.8399393077808199], [-0.5913330076120062, -0.684891222640023, 0.4257338220757111], [0.5991388863413685, -0.7264846336214833, -0.33653034333546183]], "T": [0.029552406658512817, -0.07077943978476844, -0.06863861630196672], "aligned_model": [[-0.24575515329422143, -0.6280378966604954, 0.328324819866417, -0.09119144184583035, 0.1857637490631483, 0.11923992592794767, -0.6760548444849769, 0.74406322090196, -0.38013936258188874, -0.014584301281947876, -0.09505404324244511], [-0.055335126665161674, -0.5409445180795768, -0.0931824885045049, -0.6402599601471686, -0.6751075516393752, 0.47446580988784326, 0.23964062785872767, 0.11684658368009768, 0.00029580899646394765, 0.5647910352310664, -0.07968541737807663], [-0.6644441462060173, -0.21902397174710853, 0.38394332315076235, 0.4295069204531281, -0.15593895029718585, -0.40093915574441824, -0.07799382205483396, -0.1336176658482634, 0.6578779801859298, 0.24443674345470479, -0.08893666835199748]], "inverted": false, "swapped": false, "error_lsq": 0.04684285693513141, "error_max": 0.325556773885993, "target": "299.xyz", "model": "16.xyz", "model_rescale": 3.795458400668931, "target_rescale": 3.816764441722228},
{"mapping": [8, 7, 10, 4, 11, 6, 0, 9, 2, 5, 12], "R": [[0.4100763290286359, -0.7370576691387941, -0.5371995874291847], [0.6135868895672622, -0.21283379746278938, 0.7604031191471675], [-0.674795178792477, -0.6414419436092845, 0.36497082028180394]], "T": [-0.2056474899041661, -0.07398426461850734, -0.041556240502091], "aligned_model": [[0.0657906898353085, -0.639086710983059, 0.32170665506399737, -0.3200873469823546, 0.2684423821176226, -0.15074569003356472, -0.7259706464791902, 0.6351693937673799, -0.2586883359416383, 0.17722768398129812, -0.1271834019781329], [-0.15908550882738387, -0.4963999205659894, -0.1286522358091633, -0.5559814145912271, -0.6972276018417556, 0.48162961581376945, 0.20548752886357585, 0.199270163458871, 0.011386697437805557, 0.5693756543968902, -0.11827817509505753], [-0.6553688056460085, -0.29644863895080326, 0.46619633877537675, 0.37084896668420697, -0.24685335464693883, -0.42320379947467845, 0.005023978990949474, -0.16924674407846885, 0.6594760783036651, 0.16355645986408568, 0.10089010717331467]], "inverted": true, "swapped": false, "error_lsq": 0.04745283765164134, "error_max": 0.24211597840369148, "target": "299.xyz", "model": "17.xyz", "model_rescale": 3.7474275329858107, "target_rescale": 3.816764441722228},
{"mapping": [10, 11, 9, 7, 12, 8, 1, 4, 2, 0, 13], "R": [[0.15992128644627795, -0.5846709939587474, 0.7953521301691835], [0.319299181815269, -0.731768747098993, -0.6021316577470994], [0.9340627466254434, 0.35024895373499765, 0.06965957058489619]], "T": [-0.07540147933903997, -0.07192075234694432, -0.043530262904915296], "aligned_model": [[-0.04426353071299362, -0.6262729358342634, 0.42653005771990193, -0.3743829231409874, 0.17920485255034063, 0.1015095010461065, -0.7059903579147612, 0.634023269719248, -0.183945200226243, -0.08908434657238369, -0.07075371426629753], [-0.25178721517450237, -0.4549484530040257, -0.33742988137526325, -0.6494015191961403, -0.7693095611793804, 0.43912996930167286, 0.140343232456755, 0.3592891029740009, 0.12187935749719532, 0.7188276371126906, -0.005067866172667579], [-0.7092012433214576, -0.3110505065393641, 0.31043838028872495, 0.33666092875747006, -0.13331549771894335, -0.5172222684742449, 0.1457316819798019, -0.04416910426259469, 0.6306303276742453, 0.22789588633671076, 0.038472002274352324]], "inverted": false, "swapped": false, "error_lsq": 0.04121763949789671, "error_max": 0.23185465529241683, "target": "299.xyz", "model": "18.xyz", "model_rescale": 3.922800546911778, "target_rescale": 3.816764441722228},
{"mapping": [5, 12, 6, 13, 8, 0, 7, 1, 11, 2, 14], "R": [[-0.2755450954346641, -0.6741535054271391, -0.685267795465541], [0.5335234191327823, 0.4857419103022509, -0.6923926326967854], [0.7996422085025073, -0.5563918113130536, 0.2258328822049882]], "T": [-0.03244194707516621, -0.05480394898775577, 0.07347245183152333], "aligned_model": [[0.043436333207897186, -0.5982569459649738, 0.579890319032998, -0.3979821293098892, 0.22670942830771132, -0.006977554143950938, -0.8143895541803555, 0.6242693086773901, -0.3966179988506905, 0.10958830720867013, -0.1230948416171398], [-0.221813566745735, -0.3594327451425978, -0.1905209902108294, -0.5711576424994308, -0.5945950281084059, 0.4528689819995372, 0.06348812448988032, 0.1795591920564062, -0.06130475696002281, 0.6393376241673356, -0.024904389805802524], [-0.6673946039506418, -0.38003469050593985, 0.36052271314059553, 0.34100373072960277, -0.05245137260430692, -0.5898995369593013, 0.18650317399804567, -0.17509799818951305, 0.6854995391223582, 0.17894209710270959, 0.0872775351110917]], "inverted": false, "swapped": false, "error_lsq": 0.04418569731557815, "error_max": 0.20073960946853392, "target": "299.xyz", "model": "19.xyz", "model_rescale": 3.9282355846067225, "target_rescale": 3.816764441722228},
{"mapping": [6, 5, 9, 2, 7, 4, 1, 8, 10, 11, 13], "R": [[0.09593170009638924, 0.8540448918303576, 0.5112772551708995], [-0.9548950669417016, -0.06605273250123983, 0.2895037955874209], [0.28102049755670844, -0.5159887200972444, 0.8091867032307116]], "T": [-0.015179023357977127, -0.06840968391861857, -0.05987910826670352], "aligned_model": [[0.02838598671357582, -0.5027609192148661, 0.5717794800355634, -0.5878185686551384, 0.11099649692705735, 0.049856953973975625, -0.7524181422007745, 0.6300476072202065, -0.24937680947225307, 0.09818703107143853, -0.15030444403111826], [-0.3116252494259545, -0.42218012250330195, 0.05382019089046339, -0.5393218554627053, -0.6729807884337001, 0.5011095200360389, 0.02361230477566799, 0.20432374059893404, -0.036788649777153765, 0.5360862915648884, -0.024530579022842017], [-0.6646867906331534, -0.41315028436913415, 0.2850330519073845, 0.2993449001366473, 0.021798881705123133, -0.3259355739260502, 0.03764643480410808, -0.35639327904415263, 0.7686049628960808, 0.30767486688974166, 0.01493341662810567]], "inverted": false, "swapped": false, "error_lsq": 0.05388601193917279, "error_max": 0.23879527107762946, "target": "299.xyz", "model": "20.xyz", "model_rescale": 4.067790424073018, "target_rescale": 3.816764441722228},
{"mapping": [12, 10, 6, 13, 11, 0, 1, 2, 5, 8, 14], "R": [[0.33185383771047194, 0.8949636179655263, 0.2981830862320785], [0.12499378537019756, -0.3550258161090745, 0.9264627480449036], [0.9350131464400171, -0.2701791857529757, -0.22968156994020728]], "T": [-0.00830368409070037, 0.002489255843740032, -0.00917885783734378], "aligned_model": [[-0.08103576451722426, -0.621859679405499, 0.562991996331611, -0.3603763607633373, 0.0947712336144925, 0.21539746606524574, -0.8035580694909802, 0.6713339877833585, -0.19371823732526341, -0.17559848614576465, -0.06177341377897144], [-0.28533900982431315, -0.5169790195999593, -0.29834285603560085, -0.5044505929406525, -0.6116990899442081, 0.5279897486880444, 0.154744807521776, 0.304276127566767, 0.08289788072019227, 0.5035228588866627, -0.04509605179837278], [-0.715492386560274, -0.1672566012881027, 0.3523155248138883, 0.32124560422958576, -0.18290419052512247, -0.43139332580387263, 0.12383922651083266, -0.03636802046090293, 0.5454579759126257, 0.20563658516486977, -0.04020980499882677]], "inverted": true, "swapped": false, "error_lsq": 0.04702913232240096, "error_max": 0.22450247772374554, "target": "299.xyz", "model": "21.xyz", "model_rescale": 4.186013935880536, "target_rescale": 3.816764441722228},
{"mapping": [4, 11, 1, 8, 9, 6, 5, 7, 2, 0, 12], "R": [[0.97767260953572, -0.03611315591599365, 0.20700750839861567], [-0.06496623366533139, 0.8849125667993338, 0.46120400865989475], [-0.1998390778775697, -0.4643550248359565, 0.8628086426680257]], "T": [-0.06925174579567074, -0.0962138537697825, -0.06407250488786624], "aligned_model": [[0.005807155731269151, -0.4969593384207938, 0.48617490641985706, -0.4078666394589627, 0.19841493814754912, -0.030129262249248105, -0.7031023140005583, 0.5972818959088014, -0.3613623354940918, 0.0527523418434455, -0.09443667605960028], [-0.10266558687164976, -0.467112163948476, 0.07052557247717786, -0.6605982607059951, -0.6333879420581402, 0.37657480481049665, 0.2734430500636711, 0.0681564103715217, -0.054522268966571585, 0.5260217888325636, -0.08491060076426322], [-0.7865271299059479, -0.3441914750224695, 0.38182258779182615, 0.3289648033924969, 0.09482779535333598, -0.3552651638204271, 0.1811335446897534, -0.3229915281811452, 0.6160983692368854, 0.2819423050277841, -0.1009435215673913]], "inverted": true, "swapped": false, "error_lsq": 0.050235730731217225, "error_max": 0.27705125077200454, "target": "299.xyz", "model": "22.xyz", "model_rescale": 4.166573947596378, "target_rescale": 3.816764441722228},
{"mapping": [6, 1, 10, 0, 5, 12, 3, 14, 8, 9, 15], "R": [[0.006114055836195453, -0.5823655336986059, -0.8129040555201886], [-0.8250877137095254, 0.45634692533541904, -0.33313322923793987], [0.5649715771672238, 0.6727539437988064, -0.47771251616043336]], "T": [-0.1252774965780701, 0.031038791874055977, -0.00878695237079945], "aligned_model": [[-0.18915208308677198, -0.4495181811714223, 0.5168560534548228, -0.4112772741757319, 0.1937563740520251, 0.11207639693053986, -0.6113815143953751, 0.6031781906492789, -0.36160349087910104, -0.017620395019156854, -0.1387394039914402], [-0.2392405699920274, -0.5470174112604909, -0.1067564431361615, -0.6647125505847199, -0.7164488236904111, 0.3523714692573232, 0.3707578737156261, 0.3242383604656973, 0.035737162820789044, 0.5341083391333057, -0.03151260348859532], [-0.7172901180055543, -0.2711189278126948, 0.3512383387334668, 0.30884484628751124, -0.1835486048288623, -0.5281998853164679, 0.0898055489194008, -0.10555517000475183, 0.7646515325452682, 0.3006967231056324, -0.03465369662824745]], "inverted": true, "swapped": false, "error_lsq": 0.04189244517783796, "error_max": 0.2245906838994729, "target": "299.xyz", "model": "23.xyz", "model_rescale": 4.274766983524099, "target_rescale": 3.816764441722228},
{"mapping": [7, 5, 1, 3, 4, 8, 6, 9, 0, 8, 10], "R": [[0.2860603170002435, 0.9570462817008766, 0.04724309177273321], [0.9417750258826757, -0.2899042617824671, 0.17033883768550448], [0.17671812488085675, -0.0042348179287250015, -0.9842523917449756]], "T": [-0.10982314131285395, -0.1271977416280217, 0.10027481484094551], "aligned_model": [[-0.06638091135593989, -0.458722800104187, 0.4798381511015316, -0.4425734682512229, 0.18161395726888838, -0.03932504792044944, -0.739969171899509, 0.6273378525257084, -0.21078902645900016, -0.03932504792044944, -0.04512981461770367], [0.009092875999765743, -0.6092404832089918, -0.16930479089023365, -0.5217622037536952, -0.7115625756353544, 0.5810367605640931, 0.0872211634529221, 0.019158331256900613, 0.1357784451786542, 0.5810367605640931, -0.08992948028781847], [-0.5166288378349039, -0.45842436360547406, 0.37506552999419746, 0.3230087119958377, -0.14723834694314353, -0.09579924371112249, -0.009066711563619184, -0.303258362399692, 0.7835161758324499, -0.09579924371112249, 0.11949527894129273]], "inverted": false, "swapped": false, "error_lsq": 0.0683778194617726, "error_max": 0.3813153080482577, "target": "299.xyz", "model": "24.xyz", "model_rescale": 3.7841303162186577, "target_rescale": 3.816764441722228},
{"mapping": [6, 3, 8, 5, 4, 7, 13, 0, 9, 10, 15], "R": [[0.10144980290513017, 0.289185288456402, 0.9518822439939187], [-0.21361984009579882, -0.9281676947794683, 0.3047479192467337], [0.9716349630431977, -0.2342575490953407, -0.03238671462017195]], "T": [-0.03723076036533599, 0.0055988316455769516, 0.07390700844651915], "aligned_model": [[-0.08777900970863559, -0.5722951179962883, 0.46853074947705864, -0.4246905478390058, 0.07365366524049499, 0.1626613811099275, -0.8136291402311192, 0.6238626441885291, -0.11079813988687565, -0.01796343683201463, -0.05497837515440389], [-0.24232988672749423, -0.46545220606397797, -0.14998514385866524, -0.7535744522094456, -0.6998230767032455, 0.436613942895145, 0.08908230739118231, 0.2555104474650865, 0.0932873435812921, 0.7701074060012977, -0.021911878530840184], [-0.6028519422421608, -0.30135149005668516, 0.3374534092322249, 0.28095672135461147, -0.14240045383327812, -0.3700239160802761, 0.026619988131629316, -0.13061595868787126, 0.6475264590154111, 0.2167723830396816, 0.01278538712141343]], "inverted": true, "swapped": false, "error_lsq": 0.03703836019366657, "error_max": 0.17335785265342593, "target": "299.xyz", "model": "25.xyz", "model_rescale": 4.19342608120988, "target_rescale": 3.816764441722228},
{"mapping": [3, 6, 1, 8, 10, 5, 4, 9, 2, 0, 11], "R": [[0.5397757580534379, 0.056072187959036124, 0.8399393077808199], [-0.5913330076120062, -0.684891222640023, 0.4257338220757111], [0.5991388863413685, -0.7264846336214833, -0.33653034333546183]], "T": [0.029552406658512817, -0.07077943978476844, -0.06863861630196672], "aligned_model": [[-0.24575515329422143, -0.6280378966604954, 0.328324819866417, -0.09119144184583035, 0.1857637490631483, 0.11923992592794767, -0.6760548444849769, 0.74406322090196, -0.38013936258188874, -0.014584301281947876, -0.09505404324244511], [-0.055335126665161674, -0.5409445180795768, -0.0931824885045049, -0.6402599601471686, -0.6751075516393752, 0.47446580988784326, 0.23964062785872767, 0.11684658368009768, 0.00029580899646394765, 0.5647910352310664, -0.07968541737807663], [-0.6644441462060173, -0.21902397174710853, 0.38394332315076235, 0.4295069204531281, -0.15593895029718585, -0.40093915574441824, -0.07799382205483396, -0.1336176658482634, 0.6578779801859298, 0.24443674345470479, -0.08893666835199748]], "inverted": false, "swapped": false, "error_lsq": 0.04684285693513141, "error_max": 0.325556773885993, "target": "299.xyz", "model": "26.xyz", "model_rescale": 3.795458400668931, "target_rescale": 3.816764441722228},
{"mapping": [9, 2, 6, 0, 1, 11, 3, 8, 7, 10, 12], "R": [[-0.09579391597852738, -0.06366368795762378, 0.9933632067361531], [-0.6221245759581616, 0.7828566613969372, -0.009821389683685566], [-0.7770357376918879, -0.6189364931413202, -0.11459965011965817]], "T": [-0.02530171277752328, 0.008349891885167965, -0.11840877213910919], "aligned_model": [[-0.26566633370591575, -0.5174366843929592, 0.5227738509760578, -0.44212899756014773, 0.24920165674414693, 0.19052641986796306, -0.7284444365058367, 0.701436913982707, -0.28432794662363453, -0.1304973458972835, -0.04886242451743028], [-0.09174293114136872, -0.6751445648725583, -0.34576232658505324, -0.5599609189609525, -0.5075175801186429, 0.5655668395617838, 0.011213199310987437, 0.053033787961956014, 0.19336271579145897, 0.6440222282812775, 0.024454354011447004], [-0.45984773579138016, -0.37428649917633494, 0.3869670017382687, 0.32267061870689706, -0.21265219101213118, -0.5114763008336737, 0.10666603850475412, -0.143026406311096, 0.6291765165063639, 0.18579673080663986, 0.04488281385639312]], "inverted": false, "swapped": false, "error_lsq": 0.055291430852220574, "error_max": 0.27136789707840636, "target": "299.xyz", "model": "27.xyz", "model_rescale": 3.6321398670334006, "target_rescale": 3.816764441722228},
{"mapping": [1, 2, 8, 11, 0, 4, 13, 7, 9, 6, 14], "R": [[0.13983032627492348, 0.5209957977526719, 0.8420278252990844], [0.9560288657320375, -0.2924328080385609, 0.022177932045078286], [0.2577911707971442, 0.8019017592615314, -0.5389779965381689]], "T": [0.07398939110337131, -0.14180839412464, 0.06249084897915359], "aligned_model": [[-0.16669910529323567, -0.5172031806992774, 0.5317289204902732, -0.43987690156033465, 0.129501271020737, 0.0787085371271211, -0.6955772081379118, 0.7259962756250967, -0.22504499389695398, -0.1948869263779881, 0.019927984070140868], [-0.07231247436504148, -0.4907598127039472, -0.18994520235934556, -0.47566624129706947, -0.760768190010787, 0.481003536468556, 0.12605557316958724, 0.22244886941438738, 0.0184484843179982, 0.5805062840546016, -0.1274860234486042], [-0.5575950813445497, -0.34020992609990497, 0.2974099557461337, 0.2548608247138357, 0.005755529428934238, -0.48390669963413724, 0.11242556908103592, -0.14509299552515625, 0.6382237130051076, 0.1618612103815773, 0.031138487241823977]], "inverted": false, "swapped": false, "error_lsq": 0.04268437276469336, "error_max": 0.2130016770617431, "target": "299.xyz", "model": "28.xyz", "model_rescale": 4.156811204709835, "target_rescale": 3.816764441722228},
{"mapping": [2, 3, 4, 0, 6, 8, 2, 9, 5, 10], "R": [[0.28913769098242464, 0.24256836899560816, 0.9260453455507256], [-0.7935219023364679, -0.48036954580191416, 0.37358812879744474], [0.535464645112696, -0.8428556731901813, 0.053590372320607704]], "T": [-0.08631652311562366, 0.07902121535292318, -0.002214705415586174], "aligned_model": [[-0.5036223784766556, -0.10768585598303909, 0.08711900686380519, 0.6064546154909497, 0.010099087843222249, -0.6269170555734226, -0.5036223784766556, -0.46401161201487345, 0.17635860752837373, -0.03124666309111676], [0.26907901331468115, -0.6669803462739811, -0.011950713658177778, 0.14369683314466003, -0.4603829851900584, -0.3710869766636423, 0.26907901331468115, 0.29405159270334735, 0.51609574490877, -0.06288084497407594], [-0.3861664467760816, -0.3554253888305212, -0.6465099161489127, -0.06635684562999221, 0.5847291883094335, 0.11932865250500772, -0.3861664467760816, 0.5387647570996489, 0.3412385436147259, 0.015350629607872833]], "inverted": true, "swapped": true, "error_lsq": 0.05912187704184001, "error_max": 0.4477943988589571, "target": "299.xyz", "model": "29.xyz", "model_rescale": 4.117894457231895, "target_rescale": 3.816764441722228},
{"mapping": [0, 5, 7, 6, 8, 3, 11, 4, 10, 12, 14], "R": [[0.8213856617383751, -0.5143239989093545, -0.24656929824392573], [0.4206366696905143, 0.8381867474377239, -0.3471422885956747], [0.3852147281741507, 0.1814216099742802, 0.9048181102476097]], "T": [-0.10528657783296155, -0.03995352270287629, -0.003978332439835608], "aligned_model": [[-0.006867105263606232, -0.5177048077876213, 0.3677709230184042, -0.31097967208344457, 0.11853318687518502, -0.07059274892896185, -0.6417273368724902, 0.6028959627993948, -0.18150603497532652, -0.020852383048347883, -0.09239531136551853], [-0.12641540984987387, -0.6597003212170964, -0.1918460450030572, -0.5602131141832637, -0.7030981946465301, 0.3091675968778746, 0.4218391788323748, 0.25458064035577616, -0.09654295449799409, 0.7105412948119056, -0.046787868239780955], [-0.7636627410680444, -0.3805110413276485, 0.4204612079091401, 0.31036185221667656, -0.113219092487903, -0.4242960493641633, 0.15249033266193404, -0.1100688979560488, 0.7068727034707706, 0.12795467516599668, 0.04848763777399078]], "inverted": false, "swapped": false, "error_lsq": 0.04881396413404824, "error_max": 0.2561091470969052, "target": "299.xyz", "model": "30.xyz", "model_rescale": 4.100398675895297, "target_rescale": 3.816764441722228},
