[{"mapping": [5, 11, 8, 9, 3, 2, 7, 1, 12, 0, 6, 13], "R": [[-0.4932874852715238, 0.8564283213555904, 0.15230885481330989], [0.8554721091192227, 0.5093516932146743, -0.09342549512019396], [-0.15759101304834996, 0.08421034971658814, -0.9839073582441616]], "T": [0.11657826120215767, -0.028406681863752645, -0.005170237527490344], "aligned_model": [[-0.08480111238897003, -0.3106638436307434, -0.6610175074556505, 0.19538656030520243, 0.1806649341234806, 0.19452347337216794, -0.38917739356270875, 0.6300157430931042, 0.4758077194527536, 0.7450106194592871, -0.3894881119790331, 0.0070427449546750925], [-0.18767274799871478, -0.5721184953545944, -0.09743081662453308, -0.1453459512703708, 0.43318044714895687, 0.667980991084656, -0.10696924942120417, -0.09477088443958695, -0.4371220700683058, 0.22473092888381888, 0.4872082347196824, -0.08590134137009486], [-0.7168456751474327, -0.09952853642977755, 0.028882970965958592, 0.7137578750313093, -0.2418779190281379, 0.31141624082396446, 0.5510973447812499, -0.2601640771176448, 0.19237908730909503, 0.3641623438961103, -0.2553389164614175, 0.10083069201582298]], "inverted": true, "swapped": false, "error_lsq": 0.05319861543624988, "error_max": 0.3489994090423048, "target": "3.xyz", "model": "0.xyz", "model_rescale": 3.8414455957264533, "target_rescale": 3.7530521520055578},
{"mapping": [0, 13, 11, 10, 4, 5, 12, 7, 8, 6, 1, 14], "R": [[0.5111360437065542, -0.6338771752316232, 0.5804650476509245], [-0.22535556725979694, -0.750561822427755, -0.6211858168204927], [0.8294304148806138, 0.18669943072839168, -0.5264869508702641]], "T": [0.18077660441425314, 0.03434077457158651, 0.002675464829697792], "aligned_model": [[-0.1262987601992805, -0.057253204332296, -0.6370128309276113, 0.06605845448203104, 0.23516231325963927, 0.3900385019525101, -0.32681683891379565, 0.481537959582191, 0.21326340907106253, 0.7944388289378385, -0.5492576642277549, 0.1094436570590308], [-0.032033951092502046, -0.6696044677950078, -0.20514336329760124, 0.22282471818399963, 0.42407710478668603, 0.5664003872597769, -0.24790281053267488, -0.11779293343919578, -0.5517146963541716, 0.13265123081400498, 0.4811751768856329, 0.08283264987076219], [-0.650636471191411, -0.14782339409238202, 0.014216230933400624, 0.6505140631602011, -0.3727776246928718, 0.3304632189744711, 0.4976269764194105, -0.5444560954549904, 0.5316234679658752, 0.4757303265210401, -0.12336768129780665, 0.027658413394163504]], "inverted": false, "swapped": false, "error_lsq": 0.053013904779979415, "error_max": 0.30238365801506406, "target": "3.xyz", "model": "1.xyz", "model_rescale": 4.316132596720782, "target_rescale": 3.7530521520055578},
{"mapping": [5, 0, 9, 8, 3, 10, 1, 4, 2, 6, 7, 11], "R": [[-0.38737042137984856, 0.06480870027949553, -0.919643403177602], [0.009636717830321367, 0.9977562352306195, 0.06625427328014213], [0.9218737930484073, 0.01680260177780528, -0.38712579643319966]], "T": [-0.005817257550403132, 0.009448839228142719, 0.07051002082097488], "aligned_model": [[-0.2163786980002813, -0.08462915096252706, -0.745319637630693, 0.24515511168223497, 0.24214962022068223, -0.03622116115620422, -0.27963319070440956, 0.6197062340279229, 0.40214590381342646, 0.7299350717310324, -0.40086893521506195, 0.11726265793744317], [-0.0940390707524328, -0.6478276279200681, 0.017084028877550894, 0.0023714982080200956, 0.4088040197394577, 0.4917844506427965, -0.2763843126347482, -0.27116862017679083, -0.6239949918996177, 0.35484302729121353, 0.7084675404726833, 0.015829103441645162], [-0.5300846962724434, -0.18579134432640024, 0.015469681372379918, 0.794387701744163, -0.3877965099707499, 0.4750637986998505, 0.44188787079581326, -0.28205760970900384, 0.4352570201523156, 0.19487773290375038, -0.32416471496089794, 0.041722500210322755]], "inverted": false, "swapped": false, "error_lsq": 0.04893130118008814, "error_max": 0.26422518934069633, "target": "3.xyz", "model": "2.xyz", "model_rescale": 3.795458400668931, "target_rescale": 3.7530521520055578},
{"mapping": [0, 1, 2, 3, 4, 5, 6, 7, 8, 9, 10, 11], "R": [[1.0, 0.0, 0.0], [0.0, 1.0, 0.0], [0.0, 0.0, 1.0]], "T": [0.0, 0.0, 0.0], "aligned_model": [[-0.1033155507292361, -0.16947570250525476, -0.755851487031454, 0.2093094148932141, 0.16960887411592182, 0.11594567098340738, -0.20027743275518606, 0.6536417962348557, 0.3066433141316763, 0.755851487031454, -0.4386962885981128, 0.04991972997227956], [-0.10286326551409697, -0.5898529544325725, -0.10139757844735568, 0.04802712371147777, 0.48718995258909775, 0.5898529544325725, -0.2445875151267118, -0.22884003877778417, -0.5329128184193266, 0.18953893289755366, 0.5700824857594022, 0.001531766617453138], [-0.768734667984365, -0.1400725539396184, 0.07830946336382547, 0.768734667984365, -0.3805699846821324, 0.3639432772790247, 0.49735519902182207, -0.3220045581711934, 0.48222063715072083, 0.38382048574257915, -0.1468409384360679, -0.12738959668985994]], "inverted": false, "swapped": false, "error_lsq": 0.0, "error_max": 0.0, "target": "3.xyz", "model": "3.xyz", "model_rescale": 3.7530521520055578, "target_rescale": 3.7530521520055578},
{"mapping": [1, 0, 2, 10, 6, 4, 8, 7, 9, 5, 11], "R": [[0.707666474039151, -0.5126345166551581, -0.48622424235606393], [-0.3607916717640052, -0.8538715931215747, 0.37514353525785127], [-0.6074845933081187, -0.09005084560267437, -0.7892105638544844]], "T": [-0.03368437945535821, -0.06668755212529323, -0.007339161052963885], "aligned_model": [[-0.28423776223548514, -0.3870801198693151, 0.48730243814546226, 0.49761261177384186, 0.22448739744148424, -0.08900285996748997, -0.28940771349726313, -0.7701224896836804, -0.28478811204596244, 0.36360178482844585, -0.1301655724448329], [-0.578944342986847, 0.09659087823260246, -0.4553502745146448, 0.31689814960630436, -0.5343719007444512, 0.5532719475497597, -0.5919942700381045, 0.09453888411340203, 0.22387150615203485, 0.3422723945796361, 0.00042038636465430157], [-0.2739565358680891, -0.6860582111855454, -0.41383557619834455, -0.33839240743191157, 0.24148804865591206, -0.1607823681365083, 0.5115262989397955, 0.11500152178426572, 0.771812295301532, 0.4034406841305452, -0.07741297274633464]], "inverted": true, "swapped": true, "error_lsq": 0.05414193514760655, "error_max": 0.2664111727701162, "target": "3.xyz", "model": "4.xyz", "model_rescale": 3.7855080009869324, "target_rescale": 3.7530521520055578},
{"mapping": [14, 8, 10, 4, 2, 0, 7, 12, 6, 1, 3, 16], "R": [[0.4046510695565246, 0.7248707145083544, -0.5575122950706185], [0.08322688204604817, 0.5779332101469106, 0.811829101913808], [0.910676011549472, -0.3749075244075991, 0.1735325621631616]], "T": [0.028044643167597687, -0.09089468738194448, -0.01480085677233655], "aligned_model": [[0.12455954390998536, -0.31219497386195016, -0.6976695891359331, 0.2458532005013982, 0.1484500838087686, 0.1844365890653653, -0.32018667679328305, 0.6184836960277567, 0.23911668420666937, 0.6480875476675249, -0.3113896539205483, 0.025757374267811425], [-0.0077677191001830626, -0.7064743097857598, -0.14211686572943363, 0.03878602143906801, 0.5364057291948648, 0.5684875163290424, -0.2657647694929318, -0.13613166808967672, -0.5266997951777896, 0.29163822205907597, 0.5078815655326343, -0.07247488188920136], [-0.6792345853050167, -0.03947078681648102, 0.026179816132329732, 0.6799963294462004, -0.3859913803653539, 0.37150284759518, 0.6251404483929948, -0.35006284901750495, 0.42292002412965407, 0.19091571709387373, -0.10790274883201886, -0.06522140181475689]], "inverted": true, "swapped": false, "error_lsq": 0.044008115518235254, "error_max": 0.26264136480037786, "target": "3.xyz", "model": "5.xyz", "model_rescale": 4.2253639853439635, "target_rescale": 3.7530521520055578},
{"mapping": [1, 4, 10, 6, 9, 11, 2, 0, 3, 7, 8, 13], "R": [[0.9722933365370436, -0.23112251201624953, 0.035043575230879434], [0.1874352898227126, 0.8603707340341198, 0.47395169811560534], [-0.13969137358741748, -0.4542516752383956, 0.8798532466771787]], "T": [0.026255173249491615, 0.08468078823360191, 0.0572386901010782], "aligned_model": [[-0.1979020402608709, -0.06512394241489255, -0.7345265055981078, 0.21001871018223384, 0.20488510395301046, 0.061123952794226895, -0.3237438449885417, 0.6587830099029826, 0.37824883160547607, 0.7646643847725052, -0.41470583065400596, 0.051581996449548945], [-0.16899050624363277, -0.5994784237597957, -0.06729846552639747, 0.05917620622695234, 0.4115644879769147, 0.7139618548449732, -0.32232063338621963, -0.13734650561500605, -0.43159352811079377, -0.005079353046672785, 0.5944112182202325, 0.03876269370915522], [-0.5939987473576267, -0.09924562883054608, -0.024161665828863928, 0.6731107928251292, -0.4263260131024983, 0.5136850683654962, 0.459758431317692, -0.3828466038719405, 0.39275436403992625, 0.33307590550577754, -0.24540492437105235, 0.08837045194760706]], "inverted": false, "swapped": false, "error_lsq": 0.04451315025004335, "error_max": 0.21895502654652899, "target": "3.xyz", "model": "6.xyz", "model_rescale": 3.89814844738969, "target_rescale": 3.7530521520055578},
{"mapping": [11, 8, 7, 1, 10, 2, 0, 9, 6, 5, 4, 12], "R": [[-0.6063058519014894, 0.775758228752492, -0.1749067879552013], [0.7942974930190279, 0.5801070444461267, -0.18046415036695584], [-0.03853188982773581, -0.24834449361074268, -0.9679051120639498]], "T": [-0.08629560648903792, -0.04512984226530506, 0.07049056921136544], "aligned_model": [[-0.1908142850680174, -0.03962625439329749, -0.7230625034991305, 0.2967649979582965, 0.3375009542992661, 0.03915483251967522, -0.2699080132826269, 0.6881835124144134, 0.2677927797840918, 0.654218259919471, -0.42961814359621886, -0.03728231131235759], [-0.10147934074908185, -0.6223351479668232, -0.1997573307492709, 0.18247344516322192, 0.46437792613598416, 0.6180337613684791, -0.06566489940468079, -0.2273121085525291, -0.5425147864056994, 0.010683012587990398, 0.46523239309971565, 0.10403212076240376], [-0.7302846483570486, -0.27928475719076185, 0.026982659318620386, 0.7890014799886554, -0.24526562163035032, 0.2850227735279689, 0.633407244189161, -0.3356345288404525, 0.3613607861066778, 0.296545303545053, -0.12226786150382161, 0.009188601485398504]], "inverted": false, "swapped": false, "error_lsq": 0.04693581968956075, "error_max": 0.2353123013265937, "target": "3.xyz", "model": "7.xyz", "model_rescale": 3.7474275329858107, "target_rescale": 3.7530521520055578},
{"mapping": [13, 8, 9, 6, 12, 10, 5, 1, 3, 0, 11, 14], "R": [[0.15523447016232966, -0.2540679585754147, 0.9546474384288383], [0.47539638774045995, -0.8278948204483634, -0.2976381037402547], [0.865967975041077, 0.5000396371289917, -0.007734824055093736]], "T": [0.06529516582882405, -0.014981149855438015, -0.027049388779373955], "aligned_model": [[-0.11736217385766567, -0.2378764388393529, -0.6829601385015434, 0.212695126460818, 0.15451962444720646, 0.14264076311019525, -0.2637119489627447, 0.7688748985070284, 0.29772114791491744, 0.6211489549941731, -0.3829283382184981, 0.08054234868903111], [0.05625942380973108, -0.6259220594673707, -0.055791668503059236, 0.06803015641238747, 0.44840314357508393, 0.662151404167894, -0.3018319936292659, -0.11466859537146834, -0.49150723124675266, 0.07574665869979307, 0.40735047782786277, -0.04245067098512589], [-0.9043594283976839, -0.020085270601793194, 0.11002336999340423, 0.7719002172879553, -0.4244869453659502, 0.30577567420610735, 0.5408347330841082, -0.27167112334277677, 0.4556882144687732, 0.31501532359571266, -0.11197077753262641, -0.07789255675613005]], "inverted": true, "swapped": false, "error_lsq": 0.03713586432806241, "error_max": 0.20955050349767668, "target": "3.xyz", "model": "8.xyz", "model_rescale": 4.019505241142653, "target_rescale": 3.7530521520055578},
{"mapping": [6, 11, 10, 7, 2, 0, 9, 5, 8, 4, 1, 12], "R": [[-0.7046645306048407, 0.668859233780355, 0.23680207915940304], [0.5497472962789423, 0.3036709528231458, 0.7781785544754339], [0.44858199868190496, 0.678536128587299, -0.5816897047914018]], "T": [0.04195278040376128, 0.039942743662298316, -0.01675743367643575], "aligned_model": [[-0.15889137360757366, 0.03929119082577133, -0.8215712539957023, 0.31038951713324947, 0.14341662656339826, 0.28674835965304435, -0.3409468317007287, 0.5495653039259106, 0.21373451709182606, 0.7881800542401908, -0.48354171721575046, 0.06692943282992919], [-0.14119666932394065, -0.5807009687179701, -0.044390010444839756, 0.18251154025273442, 0.4888380520473036, 0.5446114877750773, -0.32264024174130024, -0.23233932260295287, -0.392343238577654, 0.14648377288294007, 0.42535084100163795, 0.01158380273867382], [-0.6912290615670159, -0.06196608568848513, -0.3089799290750064, 0.8360027006453291, -0.38847002728752494, 0.3119227469957922, 0.4182845495579272, -0.36131036356639923, 0.47289223280499243, 0.3287690285784512, 0.16106673129403082, -0.0282110920529912]], "inverted": true, "swapped": false, "error_lsq": 0.058471454454728115, "error_max": 0.3969408319574041, "target": "3.xyz", "model": "9.xyz", "model_rescale": 3.877068213659057, "target_rescale": 3.7530521520055578},
{"mapping": [13, 9, 7, 0, 3, 5, 8, 6, 11, 12, 4, 15], "R": [[0.9395740841917083, 0.3297880881002117, 0.09187141700507281], [0.3423289961485349, -0.9024190765235963, -0.26163078703057163], [-0.003376197750333834, 0.2772717570786951, -0.960785602522875]], "T": [0.03609404232461458, -0.0631153956988847, -0.0519372323833882], "aligned_model": [[0.01564854395392705, -0.19985101439438302, -0.735116579660806, 0.22743469177470818, 0.21754107164297465, 0.1703078342499394, -0.3777556937084514, 0.5686330360062852, 0.3675887433973134, 0.6795487806205864, -0.4031218734523444, 0.06244628531381533], [-0.08612543574192756, -0.6795190222862407, 0.09174537462414879, 0.04862846545872296, 0.4985463591787783, 0.6136770375375039, -0.4242870358357168, -0.013664076851445661, -0.46581833825897156, 0.13799585467861109, 0.4147979172380573, -0.05020805445181038], [-0.8243950083279786, -0.05660662629239415, 0.16609691120111114, 0.7126986947057042, -0.2851204037048011, 0.3153965431035983, 0.489917340499715, -0.35895736592125627, 0.4701708785264822, 0.2701116465924477, -0.24371555334489536, 0.033174373601367595]], "inverted": false, "swapped": false, "error_lsq": 0.046523046213447244, "error_max": 0.2526772102771367, "target": "3.xyz", "model": "10.xyz", "model_rescale": 4.260839863003843, "target_rescale": 3.7530521520055578},
{"mapping": [0, 7, 6, 9, 3, 4, 10, 1, 8, 2, 5, 11], "R": [[0.22449726243865248, 0.9508846182803176, -0.2131183283423683], [0.9412628706280425, -0.15498644654442878, 0.30000568288715457], [0.25224033685080544, -0.2679508240431919, -0.9298264184029009]], "T": [0.07098047441747829, -0.010407689923595597, 0.09015815744166752], "aligned_model": [[-0.23888984405378344, -0.12295912069940121, -0.7008672775569986, 0.21523475217699556, 0.27951134724075766, 0.049658118256993206, -0.3808806668318588, 0.5824666818099986, 0.4591768864814689, 0.6985926085755838, -0.3304591019323599, 0.08271944227616922], [-0.20980351100436528, -0.5963071044877537, -0.026682536209667884, 0.030172776296908888, 0.46350070699104345, 0.5646646638106506, -0.16816464471402692, -0.21437285424114616, -0.487109734174952, 0.260024222797512, 0.5202468989406035, -0.05039983871509712], [-0.7062437271122757, -0.13055645181998296, -0.23731934072353236, 0.8732783208052586, -0.3953918171501606, 0.5428611546700276, 0.49545810104676724, -0.3789268183712673, 0.4612000873174772, 0.14783584620396356, -0.027582558138491448, 0.04415863391131657]], "inverted": true, "swapped": false, "error_lsq": 0.052952369728827074, "error_max": 0.3289789397480118, "target": "3.xyz", "model": "11.xyz", "model_rescale": 3.890672605050136, "target_rescale": 3.7530521520055578},
{"mapping": [8, 6, 9, 10, 7, 12, 11, 0, 2, 4, 5, 13], "R": [[-0.9926566307823534, 0.0029441543414118823, 0.12093033250198534], [-0.11514996306116079, 0.2832615284884155, -0.9521047171847328], [-0.037058054061702844, -0.9590381840331597, -0.2808424152359102]], "T": [0.047979501869176, -0.14607422344958504, -0.022833108529119718], "aligned_model": [[0.035432674817293876, -0.27934265453105367, -0.6931575525217948, 0.15171058394497378, 0.19676651340667095, -0.02856397372080123, -0.09547731088496843, 0.5045351161634435, 0.4176868640328015, 0.6802914211177009, -0.4211440286431034, 0.12456617256240217], [-0.043160681857624755, -0.5585795821501236, -0.01695761428703868, 0.15938961760242992, 0.6586051932511527, 0.5187501953376079, -0.41152075583358866, -0.370948303085438, -0.32449057989579566, 0.03451988262727243, 0.43716947431753855, 0.002992199263317341], [-0.7358845975017344, -0.25683712326904046, 0.17682956667193753, 0.8111166554637095, -0.26224411874440423, 0.30470579797505504, 0.4372977915579995, -0.32230457480183133, 0.5577254189090368, 0.21929175481970944, -0.23430907399490544, -0.006616066446431448]], "inverted": true, "swapped": false, "error_lsq": 0.053449087177108806, "error_max": 0.24793440978245482, "target": "3.xyz", "model": "12.xyz", "model_rescale": 4.124412569039231, "target_rescale": 3.7530521520055578},
{"mapping": [7, 9, 3, 1, 5, 4, 6, 10, 8, 2, 0, 12], "R": [[-0.9290817841131229, -0.36440624972672453, 0.0633650028744668], [-0.2586678399491673, 0.5176841126154748, -0.8155330208652259], [0.2643822743778581, -0.7740873624505397, -0.5752310564365926]], "T": [-0.02825405957598024, -0.0063169135858823595, 0.005961521196690384], "aligned_model": [[-0.01120461882842427, -0.15166725583817894, -0.7353008632883683, 0.02728248543701122, -0.023132860332042628, 0.40029346208547467, -0.31439613963261254, 0.6262213557322988, 0.2948235436456299, 0.7294890224472266, -0.3410951052840924, 0.09199079959964304], [-0.12685150662812478, -0.6120096802030183, -0.09820553462172538, 0.14630023792331057, 0.5276053422926386, 0.6445955156314732, -0.38420909515844964, -0.050833709437037695, -0.49762949009788165, 0.05772229845152648, 0.47649874537057324, 0.0027859217664246054], [-0.6090656350869821, -0.15697014379332944, 0.02582793632761177, 0.8037634992225493, -0.5312969613497539, 0.1105382247100116, 0.47811935911878756, -0.33210630918903783, 0.41721440611807714, 0.41107868278889037, 0.08203328324230055, -0.010364911470024846]], "inverted": true, "swapped": false, "error_lsq": 0.05703337157904353, "error_max": 0.3847915474367188, "target": "3.xyz", "model": "13.xyz", "model_rescale": 3.9028299243045295, "target_rescale": 3.7530521520055578},
{"mapping": [12, 5, 0, 7, 1, 6, 4, 14, 10, 9, 2, 15], "R": [[-0.253990560638199, 0.7362082265240254, 0.6272848175311135], [-0.6698502640437632, 0.33394650378012103, -0.6631593747912596], [-0.6977029589067213, -0.5886231220495699, 0.40833001521002965]], "T": [-0.04135865356251652, 0.014383494346992466, -0.026134723243698317], "aligned_model": [[0.054952898634089496, -0.2229044076326456, -0.833868579915228, 0.38947177426655943, 0.1436636050130701, 0.14702583895386737, -0.3151237133714114, 0.7678490718965804, 0.3170333731425365, 0.6415778216955768, -0.5434386976478845, 0.04706484070845463], [-0.12911597796261257, -0.4454955282996008, -0.013360479117154232, -0.03398236508589866, 0.5636135029465391, 0.5963271740855711, -0.372644179967413, -0.31142304150992123, -0.5326064912940989, 0.23699916575414523, 0.49056835682545175, 0.03688890891470184], [-0.7002061403214672, -0.1590040476337731, 0.2154738399604419, 0.7692732487650711, -0.319923622333056, 0.2389333790260844, 0.458246887911518, -0.17474027843321593, 0.33123023425994025, 0.26521642240302196, -0.2777562160327484, 0.04202772306728316]], "inverted": false, "swapped": false, "error_lsq": 0.04876911823519836, "error_max": 0.2038382256621034, "target": "3.xyz", "model": "14.xyz", "model_rescale": 3.942246331269136, "target_rescale": 3.7530521520055578},
{"mapping": [11, 10, 9, 1, 8, 0, 5, 13, 3, 12, 7, 14], "R": [[-0.36975682008104654, -0.7905727079848911, 0.4881338826520742], [-0.9276189073955162, 0.344042469700397, -0.14545769723462662], [-0.05294390093203821, -0.5065861944742353, -0.8605622411669076]], "T": [0.006831100398370711, -0.07430439632563095, 0.00881993351095637], "aligned_model": [[0.137640036070965, -0.34982507071380947, -0.7967610191430734, 0.354684955523543, 0.12799895182626303, 0.024310656170164598, -0.21481394237466594, 0.7393992184011987, 0.3217282384736489, 0.7722283359017164, -0.5517223134099682, 0.028435779017582426], [-0.14110433716800036, -0.6223235716999365, -0.1229122018293081, 0.04063930846096163, 0.5657819174081177, 0.6098536329740751, -0.14874714589312424, -0.20372814999983369, -0.4942373784758585, 0.03532714342819404, 0.5684184614526057, -0.0011986333681832662], [-0.6929904503593658, -0.2766128520495453, 0.0025515375943228405, 0.7316111038949801, -0.408850737040473, 0.27778041191442165, 0.5988295183823247, -0.3190875091858972, 0.4997822675398128, 0.2738185288615547, -0.0680235446863908, 0.06996315577335566]], "inverted": false, "swapped": false, "error_lsq": 0.04542468506697927, "error_max": 0.255458726363167, "target": "3.xyz", "model": "15.xyz", "model_rescale": 4.355366556412066, "target_rescale": 3.7530521520055578},
{"mapping": [5, 0, 9, 8, 3, 10, 1, 4, 2, 6, 7, 11], "R": [[-0.38737042137984856, 0.06480870027949553, -0.919643403177602], [0.009636717830321367, 0.9977562352306195, 0.06625427328014213], [0.9218737930484073, 0.01680260177780528, -0.38712579643319966]], "T": [-0.005817257550403132, 0.009448839228142719, 0.07051002082097488], "aligned_model": [[-0.2163786980002813, -0.08462915096252706, -0.745319637630693, 0.24515511168223497, 0.24214962022068223, -0.03622116115620422, -0.27963319070440956, 0.6197062340279229, 0.40214590381342646, 0.7299350717310324, -0.40086893521506195, 0.11726265793744317], [-0.0940390707524328, -0.6478276279200681, 0.017084028877550894, 0.0023714982080200956, 0.4088040197394577, 0.4917844506427965, -0.2763843126347482, -0.27116862017679083, -0.6239949918996177, 0.35484302729121353, 0.7084675404726833, 0.015829103441645162], [-0.5300846962724434, -0.18579134432640024, 0.015469681372379918, 0.794387701744163, -0.3877965099707499, 0.4750637986998505, 0.44188787079581326, -0.28205760970900384, 0.4352570201523156, 0.19487773290375038, -0.32416471496089794, 0.041722500210322755]], "inverted": false, "swapped": false, "error_lsq": 0.04893130118008814, "error_max": 0.26422518934069633, "target": "3.xyz", "model": "16.xyz", "model_rescale": 3.795458400668931, "target_rescale": 3.7530521520055578},
{"mapping": [11, 8, 7, 1, 10, 2, 0, 9, 6, 5, 4, 12], "R": [[-0.6063058519014894, 0.775758228752492, -0.1749067879552013], [0.7942974930190279, 0.5801070444461267, -0.18046415036695584], [-0.03853188982773581, -0.24834449361074268, -0.9679051120639498]], "T": [-0.08629560648903792, -0.04512984226530506, 0.07049056921136544], "aligned_model": [[-0.1908142850680174, -0.03962625439329749, -0.7230625034991305, 0.2967649979582965, 0.3375009542992661, 0.03915483251967522, -0.2699080132826269, 0.6881835124144134, 0.2677927797840918, 0.654218259919471, -0.42961814359621886, -0.03728231131235759], [-0.10147934074908185, -0.6223351479668232, -0.1997573307492709, 0.18247344516322192, 0.46437792613598416, 0.6180337613684791, -0.06566489940468079, -0.2273121085525291, -0.5425147864056994, 0.010683012587990398, 0.46523239309971565, 0.10403212076240376], [-0.7302846483570486, -0.27928475719076185, 0.026982659318620386, 0.7890014799886554, -0.24526562163035032, 0.2850227735279689, 0.633407244189161, -0.3356345288404525, 0.3613607861066778, 0.296545303545053, -0.12226786150382161, 0.009188601485398504]], "inverted": false, "swapped": false, "error_lsq": 0.04693581968956075, "error_max": 0.2353123013265937, "target": "3.xyz", "model": "17.xyz", "model_rescale": 3.7474275329858107, "target_rescale": 3.7530521520055578},
{"mapping": [2, 9, 4, 10, 1, 3, 5, 7, 12, 11, 0, 13], "R": [[-0.37738930572110263, 0.9132921538501614, -0.1532147305029033], [-0.16502192742494573, -0.22912434267024298, -0.959306936837676], [-0.9112327229617581, -0.3367483887291255, 0.23718230813456073]], "T": [0.03317271940972437, 0.03041348815162692, 0.05961935044282121], "aligned_model": [[-0.05327382261473655, -0.1566868701129322, -0.7752458476622095, 0.1649830665886, 0.3287426328069902, 0.18199063223109802, -0.2370116280133992, 0.6330897362272301, 0.34048983030263535, 0.7060863485043671, -0.5195864534818452, -0.02027379903223297], [0.03271318767434844, -0.5890737023555473, -0.13570412854509084, 0.08593997817958961, 0.5337169303673615, 0.6394008187550821, -0.3617067803216466, -0.2881147222676793, -0.5924286376879012, 0.2067579316694939, 0.505298756669232, 0.04896941315246715], [-0.644904907878921, -0.10745285825716394, 0.14956477754708958, 0.7348838998937867, -0.3116520976349999, 0.3195748106609171, 0.6041026377256196, -0.26604709568903906, 0.33685715981526454, 0.2541098304800343, -0.3503607335979273, -0.02990399242556055]], "inverted": false, "swapped": false, "error_lsq": 0.04060609534335387, "error_max": 0.22838664004812362, "target": "3.xyz", "model": "18.xyz", "model_rescale": 3.922800546911778, "target_rescale": 3.7530521520055578},
{"mapping": [5, 8, 13, 10, 3, 9, 4, 1, 6, 2, 7, 14], "R": [[0.037146454568405894, 0.040573367574749275, -0.9984858250153792], [0.5635901519299474, 0.8242573438944618, 0.05446073524683814], [0.8252189294730075, -0.5647598010479249, 0.0077514875818879905]], "T": [0.011266897308791726, -0.026275153434894925, -0.03374961294350059], "aligned_model": [[0.10004753152733813, -0.1881755993864957, -0.6609132250022468, 0.2553400407040855, 0.07067502778469299, 0.22720719601360856, -0.24401632154100739, 0.6614914451765246, 0.2453542101881147, 0.5874069743860797, -0.4325986004450032, -0.028514853662125944], [-0.19707088812869078, -0.5788186819800795, -0.09410522042291536, 0.039872838483158146, 0.510383695949379, 0.6670511180405774, -0.35261889983512745, -0.36330333831992423, -0.5732550936288379, 0.3283681659673602, 0.6378115328483491, 0.06145381631646041], [-0.7723161544168293, -0.2049483091897222, 0.09029357309468361, 0.7321834070403984, -0.3767032497459273, 0.33423361302227367, 0.5597125816833447, -0.14146713184897383, 0.3152258115314619, 0.20166425745608552, -0.02021033438917438, -0.02889663359852044]], "inverted": false, "swapped": false, "error_lsq": 0.047113095046341154, "error_max": 0.2843026579169627, "target": "3.xyz", "model": "19.xyz", "model_rescale": 3.9282355846067225, "target_rescale": 3.7530521520055578},
{"mapping": [12, 7, 2, 3, 11, 0, 5, 8, 6, 4, 10, 13], "R": [[0.6765566998761656, -0.7355138148606492, -0.03592297317604368], [0.6284234379007633, 0.602104368328312, -0.4924980328254621], [0.3838684860074575, 0.3106280054809918, 0.8695718645754607]], "T": [0.09602665183529793, -0.07071720010990948, 0.021832246553204787], "aligned_model": [[-0.19492888923747595, -0.2422328050604224, -0.7174699866722878, 0.23427033638506226, 0.3307203999395336, 0.13803135966838187, -0.21163590119452705, 0.797377916598949, 0.3004684370678078, 0.623863306263955, -0.468825147320841, 0.003664799305429317], [-0.1571119902850466, -0.5409670820505978, -0.06305445369592123, 0.09222526409527429, 0.5614340601769652, 0.6621088006555004, -0.37832443462209064, -0.2234657320433227, -0.5971966846396566, 0.2122014393852191, 0.4708535657163363, 0.04706629259704995], [-0.772318342829696, -0.2073911482715897, 0.1517580400436854, 0.7434232014455209, -0.22038005710715064, 0.34026378600693297, 0.5681029623961191, -0.2299531154812068, 0.3502633091482342, 0.22360775202302136, -0.3385535184041695, 0.07994856166939915]], "inverted": true, "swapped": false, "error_lsq": 0.04644265573971162, "error_max": 0.23901866906417385, "target": "3.xyz", "model": "20.xyz", "model_rescale": 4.067790424073018, "target_rescale": 3.7530521520055578},
{"mapping": [3, 0, 4, 1, 11, 13, 8, 12, 7, 10, 6, 14], "R": [[-0.8687557745281749, -0.23440511497218125, -0.43625410748648474], [0.4116960859075027, 0.14778604883223545, -0.8992583703357997], [0.2752630325205204, -0.9608400105352788, -0.031886314966962204]], "T": [-0.02875577765741235, 0.007567129376325801, 0.060119681744913556], "aligned_model": [[-0.007937323590857512, -0.12108344276209723, -0.8165749480239568, 0.3190992706386956, 0.28302311764328314, 0.1957884771013144, -0.27824697944826415, 0.598799618496987, 0.18561334232499524, 0.682349499779048, -0.4929307456129286, 0.04540393919734618], [-0.05090760178553586, -0.6634813688851499, -0.0032243778813249666, -0.04665852742600186, 0.4241421829135166, 0.6124108935935516, -0.29200547456272286, -0.14196962607561692, -0.5941839229207659, 0.35323106228054535, 0.4583109636778821, 0.030104842361331798], [-0.7883449989794208, -0.15348636863356807, 0.20741867329053246, 0.8013089590540821, -0.32366593444557434, 0.3319052656517548, 0.47626664127145846, -0.35319236795130327, 0.4456135321058461, 0.2749045775008079, -0.2989464648882635, 0.06898991666274872]], "inverted": true, "swapped": false, "error_lsq": 0.04267600845684504, "error_max": 0.20990552736914977, "target": "3.xyz", "model": "21.xyz", "model_rescale": 4.186013935880536, "target_rescale": 3.7530521520055578},
{"mapping": [4, 11, 3, 2, 7, 0, 5, 9, 8, 1, 6, 12], "R": [[0.5728338841412208, -0.7379476254181347, 0.35678374867616836], [0.5209761145586027, 0.6638321489989967, 0.5365731693020032], [-0.6328074187611146, -0.12149148157426808, 0.7647186349669957]], "T": [0.11174032303525289, -0.019245255020827426, 0.001970542284023921], "aligned_model": [[-0.2225461232885001, -0.12595939321416, -0.811236121553444, 0.26146272960658634, 0.32682400029069225, 0.05070566533634177, -0.36983459456938345, 0.6561069765090028, 0.39543612493042846, 0.6299891416488432, -0.2670430307789431, 0.0693984508261007], [-0.016197343422131985, -0.5856329409759117, -0.038190292502384385, -0.12566290665864605, 0.4968758941210576, 0.5694764752498476, -0.08878019579257261, -0.2818642899614607, -0.6534292276990561, 0.46816436533514894, 0.36808713390195696, -0.027077626306138185], [-0.6429010967322915, -0.14523615866825246, -0.007736312295039419, 0.7202724894172416, -0.47308914982591677, 0.41605982718892337, 0.6034597498853024, -0.1399694073812231, 0.3260006512071443, 0.1721858762654459, -0.1258951700153772, -0.014379868406856473]], "inverted": true, "swapped": false, "error_lsq": 0.05892255471908226, "error_max": 0.37183688562969014, "target": "3.xyz", "model": "22.xyz", "model_rescale": 4.166573947596378, "target_rescale": 3.7530521520055578},
{"mapping": [14, 10, 5, 4, 12, 2, 0, 9, 8, 3, 6, 15], "R": [[-0.5301034418719999, 0.8366100748438648, -0.13810837623114008], [-0.6242435355377324, -0.27481789732263395, 0.7312968833863018], [0.5738556867844139, 0.4738762559792473, 0.6679303442457751]], "T": [0.0858820483774971, 0.024264586790577018, 0.005899400306813574], "aligned_model": [[0.032192562400050376, -0.15761835865708215, -0.7390309382413199, 0.250507900459344, 0.10307656248615772, 0.12380366859075059, -0.3033025416530455, 0.582328568471499, 0.4340271714716385, 0.5961037523757466, -0.3571214559954681, 0.028336934035293943], [-0.1663391714340281, -0.5965811440475067, -0.06970342650986727, 0.023751100661204054, 0.4278421927072152, 0.5972946988099552, -0.23370569167472682, -0.22394099709563436, -0.5574540175559084, 0.19946197886165795, 0.6411717264450896, 0.04397179612225887], [-0.7601067417484442, -0.3349808768847521, 0.04773907269243698, 0.7219661419747356, -0.5100568186850489, 0.356623908473198, 0.6757818177125151, -0.22297612721055685, 0.4468955214282226, 0.27124132800893713, -0.0418615473745686, 0.038505752252425585]], "inverted": true, "swapped": false, "error_lsq": 0.042376776659804, "error_max": 0.20632170366311425, "target": "3.xyz", "model": "23.xyz", "model_rescale": 4.274766983524099, "target_rescale": 3.7530521520055578},
{"mapping": [7, 9, 8, 1, 6, 2, 0, 10, 4, 5, 11], "R": [[-0.6249729551928853, -0.6673255722021565, 0.4050745437108285], [-0.3148796957449428, -0.25931826472654773, -0.9130196135827446], [0.714324563825887, -0.6981623151275613, -0.048060370896193305]], "T": [-0.08342442173300874, 0.0779904838579866, 0.05739601359657144], "aligned_model": [[0.3028090629513294, 0.3599705845253783, -0.4427422995573091, -0.5262262868194556, -0.5732778345318712, -0.6551975264676295, 0.09475771056104493, 0.08231440949655872, 0.50185006432797, 0.2352382902547378, 0.000398529217321239], [-0.06952986524656038, 0.7155793088777596, 0.47662910978393225, -0.25622260744180914, 0.4055962283952913, -0.11480797051697045, -0.6830856383493227, -0.04638192593112406, -0.0897337327228073, 0.5997464164348001, -0.022202792039705918], [-0.5847595271602124, -0.3317517750934111, -0.5105307824141913, -0.24008837227846852, 0.053600392913564394, 0.530290911124276, 0.022435920450670735, 0.7617204267089306, 0.2580875591634252, 0.4038775258865319, 0.016684154720461836]], "inverted": true, "swapped": true, "error_lsq": 0.043376292400161956, "error_max": 0.24421586414631818, "target": "3.xyz", "model": "24.xyz", "model_rescale": 3.7841303162186577, "target_rescale": 3.7530521520055578},
{"mapping": [11, 13, 14, 2, 7, 8, 12, 6, 5, 4, 10, 15], "R": [[-0.40322175892857587, 0.8990018430409681, 0.17090318702554563], [0.09924287129578496, -0.14269700990285428, 0.9847783587497003], [0.9097049332742536, 0.4140449849638659, -0.031680984876711005]], "T": [0.07090150308207707, 0.16547939939932094, 0.043495572412582874], "aligned_model": [[-0.019858776240476203, -0.25486448302705955, -0.6782552720798875, 0.17695217197095103, 0.1170085678339495, 0.21208055134574624, -0.23648180746264932, 0.6356275824378711, 0.32566014328940995, 0.7358477031803787, -0.5408488992722109, 0.12043634376754225], [-0.15099066397859928, -0.5083801134540906, -0.08118196958990723, 0.09113950207594872, 0.4804328880689441, 0.5856152888793482, -0.4027182217861555, -0.04861070366321135, -0.4776420844668106, -0.04540685274502765, 0.5114196624130309, 0.13209231353623913], [-0.6500726216718588, -0.18407831998798552, 0.12847355537197788, 0.7864759646312436, -0.523500017213174, 0.43466317631282164, 0.44078497587794846, -0.3530852331102474, 0.5827835638171937, 0.3082178466731656, -0.2901837420834925, 0.008292282021507683]], "inverted": true, "swapped": false, "error_lsq": 0.04578656340443907, "error_max": 0.24761953193120756, "target": "3.xyz", "model": "25.xyz", "model_rescale": 4.19342608120988, "target_rescale": 3.7530521520055578},
{"mapping": [5, 0, 9, 8, 3, 10, 1, 4, 2, 6, 7, 11], "R": [[-0.38737042137984856, 0.06480870027949553, -0.919643403177602], [0.009636717830321367, 0.9977562352306195, 0.06625427328014213], [0.9218737930484073, 0.01680260177780528, -0.38712579643319966]], "T": [-0.005817257550403132, 0.009448839228142719, 0.07051002082097488], "aligned_model": [[-0.2163786980002813, -0.08462915096252706, -0.745319637630693, 0.24515511168223497, 0.24214962022068223, -0.03622116115620422, -0.27963319070440956, 0.6197062340279229, 0.40214590381342646, 0.7299350717310324, -0.40086893521506195, 0.11726265793744317], [-0.0940390707524328, -0.6478276279200681, 0.017084028877550894, 0.0023714982080200956, 0.4088040197394577, 0.4917844506427965, -0.2763843126347482, -0.27116862017679083, -0.6239949918996177, 0.35484302729121353, 0.7084675404726833, 0.015829103441645162], [-0.5300846962724434, -0.18579134432640024, 0.015469681372379918, 0.794387701744163, -0.3877965099707499, 0.4750637986998505, 0.44188787079581326, -0.28205760970900384, 0.4352570201523156, 0.19487773290375038, -0.32416471496089794, 0.041722500210322755]], "inverted": false, "swapped": false, "error_lsq": 0.04893130118008814, "error_max": 0.26422518934069633, "target": "3.xyz", "model": "26.xyz", "model_rescale": 3.795458400668931, "target_rescale": 3.7530521520055578},
{"mapping": [3, 9, 4, 8, 7, 5, 11, 0, 1, 6, 10, 12], "R": [[-0.11935274360779763, 0.9617016560457974, -0.24674855086111935], [0.9873078887126616, 0.08873557429028844, -0.13171609902027673], [-0.1047762161897345, -0.2593374685889869, -0.9600864658492059]], "T": [0.03159978316142454, -0.1562001597706221, 0.10652925746919766], "aligned_model": [[-0.07140093321338004, -0.11816747516697906, -0.7620567568866397, 0.19717573194418686, 0.15624981713630792, 0.22693047219677298, -0.5533892437164963, 0.589284324180743, 0.49579816042305563, 0.7266389299132825, -0.3824864877818694, 0.08872728671458077], [-0.13548320350543241, -0.5416796833941036, -0.08397434851449534, 0.016144595281301993, 0.4877970854233008, 0.5431045100323654, -0.12070526425825734, -0.20542333342286118, -0.4491826388543114, 0.1858332634478488, 0.41045372032232363, -0.02111565726796974], [-0.6242499287404538, -0.009011191358108087, -0.1459700717653864, 0.7947396909101276, -0.37298926755576384, 0.30572606616086606, 0.5165323581383557, -0.5081562100477982, 0.3279661650724089, 0.3913461838618715, -0.016443783889948993, 0.029281419852929716]], "inverted": true, "swapped": false, "error_lsq": 0.054972429419826184, "error_max": 0.3747032513234862, "target": "3.xyz", "model": "27.xyz", "model_rescale": 3.6321398670334006, "target_rescale": 3.7530521520055578},
{"mapping": [10, 0, 2, 4, 9, 6, 1, 8, 3, 7, 13, 14], "R": [[-0.5415947807162032, -0.5669782600520125, -0.6206534831364119], [-0.8005697993566071, 0.12264562390330547, 0.5865543856246331], [-0.25644315132030676, 0.8145512283249972, -0.5203299016731106]], "T": [0.0954764795752847, -0.018225682639048436, -0.01675268336582144], "aligned_model": [[0.1010603713050801, -0.09602797071002846, -0.6651233462748862, 0.1855500393577038, 0.03638524370063938, 0.14516639680441884, -0.2552909166507538, 0.547990107686376, 0.27321134506352773, 0.7574980765206796, -0.4813697649985149, 0.044254243939323146], [-0.17033512462532138, -0.5549205302737747, -0.20050882056889224, 0.23882070496077923, 0.4856255712616745, 0.7131488878371955, -0.1191583806488543, -0.16060540298041198, -0.5975120929381311, -0.10985652156383151, 0.5572026936100323, 0.003868061219245062], [-0.7793162353458393, -0.27110751477875966, 0.13057153825287382, 0.7657312850380259, -0.4517403854973935, 0.2411806160106216, 0.5436418387019548, -0.2216649753441579, 0.3063535722141841, 0.37595405013854094, 0.03431517191027365, 0.014852469338775744]], "inverted": true, "swapped": false, "error_lsq": 0.05334036081899887, "error_max": 0.2995033058552073, "target": "3.xyz", "model": "28.xyz", "model_rescale": 4.156811204709835, "target_rescale": 3.7530521520055578},
{"mapping": [3, 6, 5, 10, 1, 8, 9, 7, 4, 11], "R": [[-0.7457042021728298, 0.5194057302244215, -0.4173043616736101], [0.6617571782336584, 0.6502114459670254, -0.3732325181300477], [0.07747696378930742, -0.5544752140028497, -0.8285858779501886]], "T": [0.01509405856453172, -0.07162824099621873, 0.09498509342806719], "aligned_model": [[-0.43683961833332563, -0.17014686898055895, 0.0831307720002141, 0.6996131983354019, -0.10644731472342536, -0.6916018961207303, -0.6102699264858562, -0.456816296445934, 0.3004787760229407, 0.031824548841862164], [-0.18880522357034082, -0.5488260049721786, 0.25279331563634144, 0.0635413115626855, -0.5150295140469974, -0.39519126364905605, 0.4085480034481954, 0.3323120692424741, 0.49942922618331126, 0.009948410791769016], [-0.552390788093925, -0.19701557341960027, -0.5246488910871479, -0.13343004343579448, 0.5249756137838978, 0.014668625411968866, -0.2695767028156283, 0.5393218342161061, 0.15332603568374795, 0.2035566167314748]], "inverted": false, "swapped": true, "error_lsq": 0.05474000600348385, "error_max": 0.27598364836381284, "target": "3.xyz", "model": "29.xyz", "model_rescale": 4.117894457231895, "target_rescale": 3.7530521520055578},
