[{"mapping": [1, 3, 0, 12, 2, 5, 6, 4, 7, 9, 11, 8, 13], "R": [[0.6046187558536208, -0.23403238531578757, 0.7613573423126769], [0.701852959995844, 0.6084942732777253, -0.37032032341377863], [-0.3766146340957721, 0.7582635175264705, 0.5321633728220048]], "T": [-0.07973167542565555, 0.12238417877234738, -0.16240687187269143], "aligned_model": [[-0.08187279241274818, -0.41063498780273167, 0.39717088425726216, 0.3620634574058806, -0.003988203874160254, -0.7196954250829968, -0.6581379836386999, -0.1417035993721551, 0.23305522233371917, 0.6098798965653635, -0.14704181789431459, -0.3253450079449537, -0.011263353288040151], [0.20201813401453136, -0.24919291608994648, -0.30394121205160024, 0.4057746337985762, -0.6414631346981794, 0.5138075423445002, -0.22857017934961582, -0.42227864756514805, 0.08690096608076507, 0.004275478065782393, 0.7155778480732428, 0.26937796428236266, 0.15736528280090428], [-0.7339818557667604, -0.32251235656734356, -0.5939425532332439, -0.4065926998398326, -0.11703668749032067, -0.2605669962408672, 0.19371595149336418, 0.6204763332476517, 0.5248338288156624, 0.0549163582655276, 0.19905191729347294, 0.5646736254127883, -0.018781409366900953]], "inverted": false, "swapped": false, "error_lsq": 0.047403559411870806, "error_max": 0.2560860777518367, "target": "300.xyz", "model": "0.xyz", "model_rescale": 3.8414455957264533, "target_rescale": 4.096756579833525},
{"mapping": [3, 4, 2, 5, 7, 1, 0, 13, 8, 6, 10, 11, 14], "R": [[0.9097181248103721, -0.34796859243540457, 0.226562998016058], [0.29902243113072124, 0.17043363858332214, -0.938902529829334], [0.28809463561853094, 0.9218840672870822, 0.25909698456379815]], "T": [-0.018552414590519033, -0.021554632473368106, 0.036503583440329834], "aligned_model": [[-0.3010642944608951, -0.22119855436231656, 0.3846502444629626, 0.29436734478081117, -0.07197127174811499, -0.7247160040028658, -0.6364248041747628, -0.2393323944272942, 0.35921671850120074, 0.7443216200808968, 0.24123580604039757, -0.6599081584283217, -0.0666899630102735], [0.39066066614249917, -0.18822933528380684, -0.28641909613787997, 0.3339331190191203, -0.6545762251909817, 0.41936453833033444, -0.39947287549949456, -0.29208207765971134, 0.1443391637322103, 0.07585223791907963, 0.6104738149027171, 0.3035302335455285, 0.05227759588655977], [-0.5665241666335734, -0.4399114880328888, -0.521957838001065, -0.42178940986886027, -0.0603730958398459, -0.19891341037020258, 0.006026029656121611, 0.7094954872129928, 0.7103523260852977, -0.0997398846898789, 0.07433772858975335, 0.4939399635651609, 0.019311214350186318]], "inverted": false, "swapped": false, "error_lsq": 0.03943979347150905, "error_max": 0.21474618947770766, "target": "300.xyz", "model": "1.xyz", "model_rescale": 4.316132596720782, "target_rescale": 4.096756579833525},
{"mapping": [10, 8, 11, 1, 5, 3, 6, 2, 7, 9, 4, 12], "R": [[0.36319129974021075, -0.4567133523656342, 0.8120991279172517], [-0.03491411577675871, -0.8776770853705724, -0.47797901453405295], [0.9310601937106665, 0.14524409656286003, -0.3347104242492234]], "T": [-0.034777597170423426, 0.029421754143238322, 0.008386924431453738], "aligned_model": [[-0.1560098098923346, 0.5315491406234188, 0.05497411962073064, -0.41548023212979746, -0.5558265624519926, -0.5010016606397472, -0.06653717588809496, -0.1298654067416781, 0.5857893290560625, 0.1885741019497359, 0.2270642817465365, -0.16542157062105853], [-0.6454496917840492, -0.40122969685895726, -0.42200457763129695, 0.5402164026846459, -0.3719952853325078, -0.17854528170304335, 0.3051124500600731, 0.5784722567166549, -0.027481615555326976, -0.06289607750005614, 0.6292876877880219, 0.06928985685682225], [0.10448560480983927, 0.05100515852278446, -0.5450816069614187, -0.12266875356328001, -0.5103269115066656, 0.5802972689785623, -0.6988708490653044, 0.4945317161747972, -0.46233386923164843, 0.6477841124986145, -0.09881243006750381, 0.009249020620644602]], "inverted": false, "swapped": true, "error_lsq": 0.04345520191833069, "error_max": 0.21646473010109263, "target": "300.xyz", "model": "2.xyz", "model_rescale": 3.795458400668931, "target_rescale": 4.096756579833525},
{"mapping": [3, 10, 9, 7, 1, 4, 8, 5, 11, 6, 2, 12], "R": [[-0.9989306082494179, 0.003001985646614542, -0.046137056523207085], [0.020030345682618488, -0.8712808488585654, -0.490375843271396], [-0.041670435014322715, -0.4907755805808552, 0.8702889774961199]], "T": [0.0018644576355596187, 0.0385026696303209, 0.03491467976264749], "aligned_model": [[-0.3450043416062598, -0.0739375210523186, -0.6773832061070738, 0.1798556239308164, 0.30231318047260824, 0.02726740442426064, -0.28793905940892683, 0.6635456544957358, 0.44727958149286307, 0.6761540550911967, -0.37456059086430926, 0.0557130448749725], [-0.14021687854849685, -0.6307249074961031, -0.016154339769275473, -0.040456965446003294, 0.5384544688098559, 0.6332005814054069, -0.3851147999312673, -0.3950692154227168, -0.4426973501362439, 0.27375652777515685, 0.6133468804033084, 0.07744504364608784], [-0.6249625563713371, -0.12562249456281543, -0.018681498002567763, 0.7912240673452221, -0.2528352523328127, 0.32745714425641503, 0.5294499374121485, -0.24055786262469336, 0.33193391709315434, 0.2941766125991291, -0.23838592515254747, -0.08442465902019482]], "inverted": false, "swapped": true, "error_lsq": 0.047723642791161584, "error_max": 0.2836885336420743, "target": "300.xyz", "model": "3.xyz", "model_rescale": 3.7530521520055578, "target_rescale": 4.096756579833525},
{"mapping": [6, 5, 11, 10, 7, 3, 4, 1, 2, 9, 12], "R": [[-0.45023971367034343, -0.3603146930514439, -0.8169807355166283], [-0.5518019350599774, -0.6070605049998992, 0.5718322898659466], [-0.7019963138778662, 0.7082731572214996, 0.07450040309540013]], "T": [-0.008538249675469761, -0.023213719878684293, 0.0655131198461505], "aligned_model": [[-0.36884707717569254, -0.16643807176301786, 0.26742122367111376, 0.4177562308731638, 0.3504142203957935, -0.05384716505137624, -0.28969880494142397, -0.655715951269984, -0.37189762675484617, 0.33276593395968146, -0.12371330949820668], [-0.6439614651097516, -0.04082649987868911, -0.3850407542256688, 0.30675554592306425, -0.7166574652080768, 0.7408035187756331, -0.41718390311838277, -0.06351894614024758, 0.26087910152001176, 0.388888941239734, 0.03706528453671954], [-0.18364019528929915, -0.756952164261025, -0.49224676147779123, -0.3689716023017416, 0.07994451927046892, 0.02167969900063947, 0.5189756280956237, 0.1160875330711773, 0.6435236183343485, 0.49086024700188274, 0.023570255801032607]], "inverted": true, "swapped": true, "error_lsq": 0.045519877411791955, "error_max": 0.2064508888466583, "target": "300.xyz", "model": "4.xyz", "model_rescale": 3.7855080009869324, "target_rescale": 4.096756579833525},
{"mapping": [12, 14, 2, 1, 9, 13, 15, 10, 7, 0, 6, 8, 16], "R": [[-0.6610739412572877, -0.30487692535640676, -0.6855882908683466], [-0.7244593155969836, 0.021528938294122113, 0.6889812804863993], [-0.19529450641353624, 0.9521483945274247, -0.23510314877419536]], "T": [-0.0032026581515509217, 0.08271939642371076, 0.0033821898730493766], "aligned_model": [[-0.17949225073252628, -0.3305669979400421, 0.2785801553859663, 0.4888594958552013, -0.0945949170598165, -0.6122522097918046, -0.7124101476004139, -0.09581914488172678, 0.21027558718654688, 0.7672469344749593, -0.058533815725107866, -0.5392818332625131, -0.019524566657298195], [0.3127188541730628, -0.2602196454465632, -0.36197449635969225, 0.4101057059320917, -0.6208517531188655, 0.45276873283588837, -0.315775932249877, -0.3487916502558154, 0.2926038311968163, 0.060729730351749917, 0.6852689590852186, 0.15892833022565056, 0.044141093336509646], [-0.6123186238285331, -0.4792385733860682, -0.5149145159767137, -0.46968966506030846, -0.05619223242398014, -0.12696262645315382, 0.13583715059867285, 0.583196536930436, 0.6902191681169771, -0.11660848946581302, 0.24822817330949165, 0.45296109327571366, -0.030263939613523402]], "inverted": false, "swapped": false, "error_lsq": 0.035641492637448674, "error_max": 0.17869369114678396, "target": "300.xyz", "model": "5.xyz", "model_rescale": 4.2253639853439635, "target_rescale": 4.096756579833525},
{"mapping": [12, 9, 0, 7, 1, 11, 8, 10, 2, 3, 6, 5, 13], "R": [[0.24191507764833814, -0.9102499461968154, -0.3360388826536198], [0.19538144735595064, -0.29353379329955936, 0.9357692035006633], [-0.950422635060578, -0.29203244278652707, 0.10683570154513583]], "T": [-0.05951457475485908, -0.038098227760248446, 0.009858920982481652], "aligned_model": [[-0.2548693093374701, -0.31589251220826176, 0.3770832685411639, 0.36451751119624887, 0.016085026536233976, -0.5705478376676055, -0.7335062811342569, -0.2600563698417109, 0.18758264907254893, 0.5845141101429061, 0.0948326224351074, -0.38253699160730537, -0.004719596876174251], [0.5036185265253615, -0.36121231687786254, -0.31382185954487285, 0.41241674897458586, -0.7662203461233495, 0.5394626274728394, -0.33150925171603773, -0.36942382357381404, 0.1416601128630075, 0.25852012670068397, 0.5818817101602466, 0.226534470862076, -0.012254966016689049], [-0.7247996733805417, -0.44010115067523414, -0.6036730271924751, -0.4867538676652491, 0.06304409742596612, -0.09417113002377647, 0.08408847272364459, 0.6869990928607037, 0.6071875683704953, 0.02579873039431436, 0.08415419282941664, 0.48563966826147287, 0.016840482094460214]], "inverted": false, "swapped": false, "error_lsq": 0.035721301535402095, "error_max": 0.2099749459207306, "target": "300.xyz", "model": "6.xyz", "model_rescale": 3.89814844738969, "target_rescale": 4.096756579833525},
{"mapping": [8, 3, 7, 11, 0, 9, 6, 1, 2, 4, 10, 5, 12], "R": [[-0.9672357048946819, 0.10491247379472847, -0.23118923854530657], [0.07870668582888098, -0.741846689159486, -0.6659344918150305], [-0.2413718061056885, -0.6623117563695964, 0.7092832921984689]], "T": [0.00915557068905229, -0.0005750596389073603, -0.07774412325445722], "aligned_model": [[-0.32594737546266717, -0.30824976139040117, 0.36744414426038374, 0.2338405735297663, -0.0067449263603340665, -0.5652241818360663, -0.6410870936215246, -0.2794777055465033, 0.3113539452097033, 0.6373573163504779, 0.12236823691363556, -0.5312888845611846, 0.088142001766139], [0.16895656260118444, -0.5939492295150914, -0.32561608703231304, 0.5937559969080778, -0.5635393260801251, 0.6821266907590408, -0.18451551663892782, -0.34341556835985726, 0.05007968313294012, 0.11101776333617772, 0.6011010931878917, 0.20182607732040792, 0.11182362008676906], [-0.6404623625677165, -0.524446357814788, -0.5218750815372771, -0.5793690966611076, 0.10618193898847998, -0.03356155964192527, -0.10469290461251839, 0.6391574247026736, 0.5607369524187069, 0.013936828925714212, 0.3273143445967775, 0.44141883244604274, 0.019914496780135252]], "inverted": true, "swapped": false, "error_lsq": 0.048493350909153195, "error_max": 0.3023520185523355, "target": "300.xyz", "model": "7.xyz", "model_rescale": 3.7474275329858107, "target_rescale": 4.096756579833525},
{"mapping": [1, 0, 10, 12, 6, 2, 3, 5, 9, 11, 4, 8, 14], "R": [[0.1355695090148818, -0.637987075466053, -0.7580193927359224], [-0.9761791101033086, -0.21682229350020943, 0.007901774434994846], [-0.16939673321341342, 0.7388914565615046, -0.6521841474591681]], "T": [0.018752956763441006, 0.0960584086547875, -0.07097992457108061], "aligned_model": [[-0.3952177675055188, -0.27441170662832104, 0.46585888857857677, 0.427492499716423, -0.1493930941767337, -0.6992561281843581, -0.591291326262569, -0.1493004922852575, 0.3629618721491497, 0.6232167929042981, -0.19751321456387394, -0.31864776250487425, -0.0020122719855167268], [0.2954335838927361, -0.3056599611304932, -0.4225548966676442, 0.3342568025239378, -0.7029183819830914, 0.5342724624356326, -0.24832686116474317, -0.3340480136728909, 0.04354895601240406, 0.09573330794408545, 0.7771757520622172, 0.2916593993151017, 0.15107961013892263], [-0.6656896007971554, -0.5032877652846314, -0.3971698768481607, -0.4670053404020599, -0.05362792258388663, -0.10293133848703785, 0.08192297161869956, 0.47654904065104253, 0.6065917838410917, 0.07428989575397514, 0.24766400443833186, 0.48858358652167433, -0.08163598239868568]], "inverted": true, "swapped": false, "error_lsq": 0.04169621973281933, "error_max": 0.2957751348241164, "target": "300.xyz", "model": "8.xyz", "model_rescale": 4.019505241142653, "target_rescale": 4.096756579833525},
{"mapping": [10, 9, 11, 6, 8, 1, 7, 0, 3, 5, 2, 0, 12], "R": [[-0.9529498819728146, -0.256284948485354, 0.1618781876222311], [0.2797951288917866, -0.5382130674607357, 0.7950103017338419], [-0.1166242183100379, 0.8028977015749672, 0.5845973593074192]], "T": [-0.03737351752637255, 0.061877652220451974, -0.06553316746697174], "aligned_model": [[-0.25894400928482975, -0.37362970364413983, 0.2879013991389495, 0.40978232875224674, -0.07979701531228826, -0.6273492316340593, -0.5537927265750655, -0.374268999824632, 0.38195820089265864, 0.6051219070069519, 0.0622407449354489, -0.374268999824632, -0.002467605375184284], [0.5342413288210001, -0.3231590969319197, -0.2833928518495465, 0.4992168549617269, -0.6085693939740845, 0.3655986622300566, -0.5490693806642978, 0.04815886248020974, 0.2254813838201071, -0.049282796370538944, 0.5588349438377275, 0.04815886248020974, 0.043434380865524536], [-0.8178355218618762, -0.5194258205581512, -0.46831602658663, -0.4354627673253436, -0.135088443835709, -0.1919748813608731, 0.35830514322537094, 0.4903079131362669, 0.666488373661551, 0.09373925093857097, 0.23956126256948068, 0.4903079131362669, -0.06635293911572648]], "inverted": true, "swapped": false, "error_lsq": 0.060565193479716194, "error_max": 0.434235355580971, "target": "300.xyz", "model": "9.xyz", "model_rescale": 3.877068213659057, "target_rescale": 4.096756579833525},
{"mapping": [13, 3, 4, 2, 5, 10, 12, 0, 8, 7, 9, 11, 15], "R": [[-0.8746563646194038, -0.43096249600085823, -0.22191793724590808], [-0.47607929110732006, 0.6775470659205413, 0.5606054602313622], [-0.09124008115691384, 0.5959876680797815, -0.7977931731265341]], "T": [-0.11508164284885156, 0.06736653194090898, -0.10971462811120541], "aligned_model": [[-0.17302910255214626, -0.23335359687118085, 0.3692223247151126, 0.35659637330709804, -0.11181872909734172, -0.6283668998394685, -0.6876383419671308, -0.21301305018502248, 0.291371530148563, 0.6879633526252693, 0.025762263009701553, -0.45032180438931935, -0.1308880296527103], [0.3617879656615605, -0.3998268019408882, -0.2301661707807452, 0.4698975478532443, -0.7074003335161982, 0.5308905053534336, -0.34122265660025874, -0.33551043902861427, 0.28217736912394265, -0.018472200455846785, 0.677420928217538, 0.1988569838041611, 0.02121906201484608], [-0.8221727723158192, -0.52263529409485, -0.47715800818209647, -0.34602795455149715, -0.00617188415418779, 0.048065441884404175, 0.1421363536529729, 0.569892332825312, 0.5099425821245474, 0.008763288317535645, 0.09919188606611223, 0.534474452379005, -0.03404696792824122]], "inverted": false, "swapped": false, "error_lsq": 0.03608395748650837, "error_max": 0.2133976682534993, "target": "300.xyz", "model": "10.xyz", "model_rescale": 4.260839863003843, "target_rescale": 4.096756579833525},
{"mapping": [2, 4, 6, 1, 5, 0, 3, 9, 7, 11, 10, 12], "R": [[0.9330264676566146, -0.16460557473002166, 0.3199478323414928], [0.25323112887322796, 0.9321134151311256, -0.2589180887890621], [-0.25560830585450733, 0.32259818055963874, 0.9113697426828474]], "T": [0.11713012169802907, -0.011418199841491871, -0.003369416093276144], "aligned_model": [[0.3891552985948554, 0.18988229887278457, -0.43733267694019184, -0.25705578833442344, -0.6001779276905685, -0.44242396743386725, 0.2333891357970292, 0.7431162654630665, 0.19039547203770602, -0.21216190361003417, 0.13401985796367705, 0.028092584374096827], [-0.12320372621552902, -0.6247521898100884, -0.5117973596820696, -0.22349400009115603, 0.3168250380381941, 0.3801029010074996, 0.6502796997370305, 0.2247222033260467, -0.5245015281846396, 0.003800812458291081, 0.5730836597021226, 0.0320129952472322], [-0.6818539064627236, -0.24507284381580416, 0.13598369707802457, -0.4912526189808727, 0.27844124102367895, -0.4513935281018163, -0.3726069262281882, -0.14342792334443866, 0.5808369306815454, 0.6365553159351776, 0.36738115679750055, -0.09741251718657865]], "inverted": false, "swapped": true, "error_lsq": 0.039140335898105845, "error_max": 0.22364086279728956, "target": "300.xyz", "model": "11.xyz", "model_rescale": 3.890672605050136, "target_rescale": 4.096756579833525},
{"mapping": [5, 12, 7, 8, 4, 9, 10, 2, 1, 3, 6, 11, 13], "R": [[0.5706538751123894, -0.7295675542755004, -0.3769420891432509], [-0.7861117770392344, -0.3526003477362646, -0.5076428555357424], [0.2374498448502984, 0.5860069782218726, -0.7747344013633569]], "T": [-0.04553701184406056, 0.15816007508620256, 0.057477065013061795], "aligned_model": [[-0.21825096345795067, -0.4069902612982216, 0.16402036918436186, 0.4971683507963852, 0.13727893543962136, -0.6685256098651964, -0.6624021820939988, -0.25841660343844264, 0.2816398059449322, 0.7600216050870765, -0.02733496460757101, -0.4716066327959315, -0.02411555964364017], [0.3263306336817452, -0.2689943760693675, -0.20798589026319414, 0.4819434907600383, -0.5048294222707173, 0.5272339526278156, -0.48628571218938643, -0.3186943930101529, 0.30928363750718846, -0.2329417213406828, 0.7079728246835245, 0.15236275991918474, 0.02425597567017848], [-0.6820232635701226, -0.4344810328591905, -0.6834595087847689, -0.2886821973706265, 0.19194006973306052, -0.2279876362609479, 0.11836625484034621, 0.5400288543640486, 0.7469807192259288, -0.16874816682833135, 0.22903746195300412, 0.40560524993068003, -0.042323348349883244]], "inverted": false, "swapped": false, "error_lsq": 0.0592512428120403, "error_max": 0.3631340334134198, "target": "300.xyz", "model": "12.xyz", "model_rescale": 4.124412569039231, "target_rescale": 4.096756579833525},
{"mapping": [3, 7, 5, 0, 10, 6, 9, 11, 2, 4, 1, 8, 12], "R": [[-0.5780804196102212, 0.33851546877708794, -0.7424488574049388], [0.6255892059647914, -0.40031780917406656, -0.6696146630999186], [-0.5238904215994147, -0.8515591165953801, 0.019644263785731197]], "T": [-0.09199351858394075, 0.0659953924338493, -0.16619025717183325], "aligned_model": [[-0.4364929787846793, -0.2053774228482696, 0.4000171196291078, 0.2433690954863071, 0.10245199001333086, -0.5426943337379174, -0.7026910848009377, -0.2933062476887347, 0.25037483391864424, 0.6719452983817681, 0.08008240054911545, -0.42555923520348826, -0.03963314566282233], [0.4046316728209248, -0.4926947701848168, -0.30421731365414484, 0.3663949701610826, -0.5454713013024505, 0.5420792950793983, -0.12246556170539605, -0.396545483163939, 0.06388822262974644, 0.06646410232804459, 0.7529556964228855, 0.17852357188352735, -0.003891341608687815], [-0.6909749437747604, -0.4271252432563942, -0.6073409833509993, -0.5323314924612981, 0.19837674481142006, -0.03267730781708347, -0.15306686652939372, 0.6917619471135252, 0.6244898201597023, 0.020018013303984145, 0.23548089900761862, 0.459083636753278, -0.08144076793640154]], "inverted": true, "swapped": false, "error_lsq": 0.04662399525382458, "error_max": 0.3124231674864139, "target": "300.xyz", "model": "13.xyz", "model_rescale": 3.9028299243045295, "target_rescale": 4.096756579833525},
{"mapping": [2, 1, 6, 3, 11, 8, 12, 13, 10, 7, 4, 5, 15], "R": [[-0.8273531538070032, -0.15847259286473211, 0.5388628732769907], [0.08313623948084965, -0.9833568493560879, -0.16154774065102562], [0.5554953866330377, -0.08885799983792725, 0.8267582060640312]], "T": [-0.07148608374529311, 0.058722466908632184, -0.05507117721363977], "aligned_model": [[-0.4436767424235841, -0.1742372101497075, 0.3296184201927992, 0.2856331871477994, -0.12710110390184026, -0.7534585778262348, -0.6508841448109113, -0.38422735845296707, 0.3226845024036924, 0.8158118691534232, 0.18605344226363404, -0.3343399272615356, 0.030609932916857374], [0.2373577090084375, -0.3836206299793074, -0.14132611967937386, 0.44375003319370754, -0.6776612256774095, 0.42120760425568055, -0.28966119751462516, -0.14497385621189635, 0.06941322177007635, 0.06925618919755826, 0.6179494451586828, 0.27930902419094195, 0.008651561993701616], [-0.6647541550212444, -0.5198007183459169, -0.5485324240952515, -0.39109058855103407, -0.07749248770743426, -0.06009134425618204, 0.10975296591263739, 0.6473190667651831, 0.5772798794190127, 0.1271905557794866, 0.2283046390147798, 0.32486468757176, -0.0486966204625988]], "inverted": false, "swapped": false, "error_lsq": 0.0435009235942947, "error_max": 0.2413460050547872, "target": "300.xyz", "model": "14.xyz", "model_rescale": 3.942246331269136, "target_rescale": 4.096756579833525},
{"mapping": [9, 6, 0, 5, 8, 10, 11, 13, 12, 1, 3, 4, 14], "R": [[-0.6037571087256656, -0.48635354112184886, -0.6316150621236506], [0.7971608960357214, -0.36492680711865433, -0.48100200756099826], [0.003443761715175575, -0.7939072102484162, 0.6080291785932864]], "T": [-0.0969853655295845, 0.05256729553742777, -0.09015466913310635], "aligned_model": [[-0.36631113463741827, -0.44524568850386337, 0.4608496364384166, 0.28549516544126075, -0.09379525554807241, -0.7039445366728571, -0.6669993955678883, -0.20985647265643334, 0.403123672617433, 0.6569284347123043, 0.1973194928993066, -0.4102415893501562, -0.004836039920607466], [0.28142798093612487, -0.25731595977177396, -0.34588163592095955, 0.49357574004058036, -0.7180113642622167, 0.415368935220579, -0.31647848678224255, -0.20363020256360742, -0.071595555032362, 0.27963368519933424, 0.5837950186166626, 0.3454945784275811, 0.023269025598474765], [-0.8135140009355475, -0.3991473953569512, -0.3561923402762872, -0.3391521660970002, -0.16114254519290314, -0.18489669176008233, 0.14006314244563361, 0.6730967977164805, 0.5443142384303751, 0.10140804193394667, 0.29420152899286234, 0.3095053389973954, -0.10429049287472414]], "inverted": false, "swapped": false, "error_lsq": 0.04677773681702709, "error_max": 0.2659113065387364, "target": "300.xyz", "model": "15.xyz", "model_rescale": 4.355366556412066, "target_rescale": 4.096756579833525},
{"mapping": [10, 8, 11, 1, 5, 3, 6, 2, 7, 9, 4, 12], "R": [[0.36319129974021075, -0.4567133523656342, 0.8120991279172517], [-0.03491411577675871, -0.8776770853705724, -0.47797901453405295], [0.9310601937106665, 0.14524409656286003, -0.3347104242492234]], "T": [-0.034777597170423426, 0.029421754143238322, 0.008386924431453738], "aligned_model": [[-0.1560098098923346, 0.5315491406234188, 0.05497411962073064, -0.41548023212979746, -0.5558265624519926, -0.5010016606397472, -0.06653717588809496, -0.1298654067416781, 0.5857893290560625, 0.1885741019497359, 0.2270642817465365, -0.16542157062105853], [-0.6454496917840492, -0.40122969685895726, -0.42200457763129695, 0.5402164026846459, -0.3719952853325078, -0.17854528170304335, 0.3051124500600731, 0.5784722567166549, -0.027481615555326976, -0.06289607750005614, 0.6292876877880219, 0.06928985685682225], [0.10448560480983927, 0.05100515852278446, -0.5450816069614187, -0.12266875356328001, -0.5103269115066656, 0.5802972689785623, -0.6988708490653044, 0.4945317161747972, -0.46233386923164843, 0.6477841124986145, -0.09881243006750381, 0.009249020620644602]], "inverted": false, "swapped": true, "error_lsq": 0.04345520191833069, "error_max": 0.21646473010109263, "target": "300.xyz", "model": "16.xyz", "model_rescale": 3.795458400668931, "target_rescale": 4.096756579833525},
{"mapping": [8, 3, 7, 11, 0, 9, 6, 1, 2, 4, 10, 5, 12], "R": [[-0.9672357048946819, 0.10491247379472847, -0.23118923854530657], [0.07870668582888098, -0.741846689159486, -0.6659344918150305], [-0.2413718061056885, -0.6623117563695964, 0.7092832921984689]], "T": [0.00915557068905229, -0.0005750596389073603, -0.07774412325445722], "aligned_model": [[-0.32594737546266717, -0.30824976139040117, 0.36744414426038374, 0.2338405735297663, -0.0067449263603340665, -0.5652241818360663, -0.6410870936215246, -0.2794777055465033, 0.3113539452097033, 0.6373573163504779, 0.12236823691363556, -0.5312888845611846, 0.088142001766139], [0.16895656260118444, -0.5939492295150914, -0.32561608703231304, 0.5937559969080778, -0.5635393260801251, 0.6821266907590408, -0.18451551663892782, -0.34341556835985726, 0.05007968313294012, 0.11101776333617772, 0.6011010931878917, 0.20182607732040792, 0.11182362008676906], [-0.6404623625677165, -0.524446357814788, -0.5218750815372771, -0.5793690966611076, 0.10618193898847998, -0.03356155964192527, -0.10469290461251839, 0.6391574247026736, 0.5607369524187069, 0.013936828925714212, 0.3273143445967775, 0.44141883244604274, 0.019914496780135252]], "inverted": true, "swapped": false, "error_lsq": 0.048493350909153195, "error_max": 0.3023520185523355, "target": "300.xyz", "model": "17.xyz", "model_rescale": 3.7474275329858107, "target_rescale": 4.096756579833525},
{"mapping": [6, 2, 0, 4, 1, 9, 7, 11, 10, 8, 5, 12, 13], "R": [[-0.3551283595366254, -0.8032522951327651, -0.4781941014031544], [-0.1215811554418677, -0.46750536633627837, 0.8755893758424678], [-0.9268774842956569, 0.3690860100447146, 0.06836407166799802]], "T": [-0.048835732354746676, -0.03156526131491816, 0.045881577526402026], "aligned_model": [[-0.2278531690632891, -0.3403748029734466, 0.37809802410604876, 0.303370633365071, -0.029852661617304134, -0.4637158672796678, -0.7445332215386788, -0.18582829634568188, 0.24532144268636288, 0.6526859941244169, 0.08006176407680463, -0.5141703763759051, -0.05072317391330628], [0.2595302481929159, -0.3239432012855847, -0.2803577050300732, 0.5461729335848289, -0.7192843483368534, 0.428306152921207, -0.2686086184654363, -0.4114139796756499, 0.18229768048839662, 0.12457670690057146, 0.6462558165643544, 0.3859775690603367, -0.05985749521283912], [-0.6456493134387155, -0.5314855797755842, -0.6286347516498342, -0.43515384333262924, -0.026233033897148636, -0.20733161697424074, 0.21091106704352308, 0.6447844497660942, 0.6325446571202371, 0.02740444955189337, 0.2630542242076837, 0.4561967943895138, -0.05615404698759548]], "inverted": false, "swapped": false, "error_lsq": 0.03455439218159342, "error_max": 0.2602404191789224, "target": "300.xyz", "model": "18.xyz", "model_rescale": 3.922800546911778, "target_rescale": 4.096756579833525},
{"mapping": [1, 2, 10, 6, 9, 5, 3, 7, 13, 4, 8, 12, 14], "R": [[-0.46524286744396426, 0.8336046007714228, -0.2977456025959657], [0.8826735170901694, 0.4622021536587614, -0.08518586373849436], [0.06660733082918466, -0.30244427375290084, -0.9508369601324361]], "T": [-0.08447736845478693, 0.09919064961332882, -0.028884350048203916], "aligned_model": [[-0.24311900677611725, -0.20847208940884882, 0.46831154310323375, 0.36467873987112037, -0.12022802802628668, -0.6755059616573823, -0.6163637006533397, -0.20497440125333216, 0.2605048149466461, 0.6376204143152727, 0.05720878206555072, -0.5134881180476841, -0.10368669922740806], [0.3551388552780089, -0.3992654007904144, -0.3494144941485927, 0.382297298912775, -0.7078748803869924, 0.5809977275169997, -0.21779876736536494, -0.42677616099281335, 0.19238753512786444, 0.14224914489269874, 0.6891462029909524, 0.2428624496465457, 0.025702249024507767], [-0.7051286628106851, -0.5281796912834407, -0.4080656938827213, -0.4691992230528277, -0.12943437014013162, 0.003992113943566106, 0.13162696646556646, 0.5602254854546539, 0.5577291346980605, -0.004637758638166151, 0.05028719667944945, 0.6144835347389286, 0.030554423850944812]], "inverted": true, "swapped": false, "error_lsq": 0.03584023360797817, "error_max": 0.17930949690429832, "target": "300.xyz", "model": "19.xyz", "model_rescale": 3.9282355846067225, "target_rescale": 4.096756579833525},
{"mapping": [8, 4, 11, 9, 0, 6, 3, 1, 2, 10, 7, 5, 13], "R": [[-0.31431759467024967, 0.3846112596910314, -0.867916256674333], [-0.8088548463140326, -0.587095003091386, 0.03276118037293829], [-0.49694897854308073, 0.7123156858191483, 0.4956289705626429]], "T": [-0.07545361245923275, 0.17284929974539548, -0.07779637006543719], "aligned_model": [[-0.28130318816138916, -0.3425169007689203, 0.29038892273653805, 0.34818471260192385, 0.0025364045768565407, -0.6616196737434631, -0.6099024949204853, -0.08836373854399578, 0.20762895953649818, 0.7091925229939066, 0.03787192663901305, -0.4874736567866094, -0.022137506908448866], [0.3420993038524607, -0.2307768414093314, -0.29702307930600275, 0.3673315701766531, -0.6232899693352874, 0.45870976269297326, -0.32140957640111795, -0.3271412852407248, 0.2006387099644668, -0.06939876609047246, 0.7315813085891514, 0.22510567986542326, 0.053224942347982404], [-0.7902582760093173, -0.4841594874291729, -0.47622121639415804, -0.5888071735374046, -0.061158772064975137, -0.03858924853129883, 0.11306385242175568, 0.48018529618922157, 0.695384214579467, 0.1827428126090693, 0.17334829115820014, 0.48362940958652145, 0.015093753445289293]], "inverted": true, "swapped": false, "error_lsq": 0.036685174559837455, "error_max": 0.24318581969072978, "target": "300.xyz", "model": "20.xyz", "model_rescale": 4.067790424073018, "target_rescale": 4.096756579833525},
{"mapping": [6, 11, 3, 2, 12, 5, 10, 9, 7, 0, 8, 1, 14], "R": [[0.272822987125323, -0.40230216059759993, -0.8739110877397764], [-0.8536197581306303, 0.31774461833573325, -0.41276102777234663], [0.4437351983165416, 0.8585984679098738, -0.2567250371074027]], "T": [-0.10620269923653854, 0.13383186043180706, -0.09830106451620238], "aligned_model": [[-0.19777045803912152, -0.34210151882336665, 0.3532099235905686, 0.46036337289019796, 0.0718482120420879, -0.4667108497067216, -0.6708853965412074, -0.19456226689477646, 0.15867057948521984, 0.58321659985383, 0.0008628953451758486, -0.5065172988281079, -0.14713750512235396], [0.307734830596263, -0.36038440094618884, -0.32713889924721357, 0.37692963569465254, -0.6057034342937525, 0.5973268137463852, -0.3784408551795536, -0.3326054257114295, 0.19556138406388995, 0.14421795835688922, 0.58453289052617, 0.23344343555605945, 0.07417782654400282], [-0.8116943678287749, -0.4420077532585741, -0.646197968467014, -0.5149883442789388, -0.006653436365125082, -0.03770054839322701, 0.20169383170464125, 0.517067722771122, 0.5964618945857694, 0.07214302758614838, 0.23422477907162728, 0.6110161118822871, -0.06911149298674404]], "inverted": false, "swapped": false, "error_lsq": 0.040505005074139865, "error_max": 0.20939236625306656, "target": "300.xyz", "model": "21.xyz", "model_rescale": 4.186013935880536, "target_rescale": 4.096756579833525},
{"mapping": [9, 8, 2, 1, 5, 10, 11, 3, 6, 0, 7, 4, 12], "R": [[0.03225817413121018, 0.41066987686050466, 0.9112132914093709], [0.998303768072559, 0.030970512129048833, -0.049299229513202286], [-0.048466450807248984, 0.9112579654619448, -0.4089742333305439]], "T": [-0.0768791542307665, 0.04216587678952165, -0.059924237309751875], "aligned_model": [[-0.3481532245180843, -0.35599027029179886, 0.2963861720118841, 0.43014631297246675, 0.2263213498644379, -0.607888482736398, -0.6195910992700225, -0.1351165051581906, 0.1291399926834604, 0.638314467459646, 0.03593129853534678, -0.492078227568991, -0.09493549473233266], [0.2919674223527378, -0.3513057109532589, -0.41654724163319923, 0.45360999053295475, -0.6544272777031228, 0.6858459387886321, -0.2762890475750751, -0.4515277269246485, 0.12611811991669825, 0.03368750670054639, 0.7416629150744679, 0.30021260078335166, 0.026644270346090584], [-0.5593842726101871, -0.6556970339646147, -0.5070869303833826, -0.38971531178808, 0.08624760520876143, -0.06204637365922349, -0.005004436040027031, 0.7180305758672479, 0.45033156226125187, 0.04114327349543715, 0.13060511753654608, 0.4773259525493097, -0.020496272449841445]], "inverted": true, "swapped": false, "error_lsq": 0.043108870920535364, "error_max": 0.28112490733227957, "target": "300.xyz", "model": "22.xyz", "model_rescale": 4.166573947596378, "target_rescale": 4.096756579833525},
{"mapping": [12, 6, 5, 14, 1, 11, 2, 4, 8, 10, 9, 3, 15], "R": [[0.6760051323913525, -0.2126997928016021, -0.7055323232302723], [-0.6267704142384345, 0.33754144892544513, -0.7022995216378066], [0.38752536538390736, 0.9169648675927918, 0.09486581462572517]], "T": [-0.011361033154235346, 0.054612580212866926, -0.006716031023323566], "aligned_model": [[-0.2788572430480059, -0.3507161588298097, 0.42560084731348835, 0.3208652618503628, -0.14723215873815673, -0.6097438257829725, -0.5965505752025522, -0.21499241020383178, 0.26627686977421267, 0.7042897300721072, 0.031201816736234365, -0.4382135553330853, -0.009442309356566932], [0.32511821549468123, -0.36139551613383913, -0.5401969592941863, 0.5697155726114611, -0.6434261054528927, 0.5631590132557756, -0.2762246880714465, -0.30703572815803587, 0.13254742944535802, 0.24285329710984843, 0.6143642901474584, 0.20255796954271088, -0.012385030790718635], [-0.5402456311416924, -0.5460517283571534, -0.3892443409964067, -0.506988316233865, -0.05550221158419914, -0.08028155522842749, 0.02343593376416592, 0.5995828034617373, 0.7488781023272393, -0.12226104692510285, 0.20615856425896048, 0.3899396611098657, -0.023166778431923916]], "inverted": true, "swapped": false, "error_lsq": 0.03597379838841029, "error_max": 0.21846633135097662, "target": "300.xyz", "model": "23.xyz", "model_rescale": 4.274766983524099, "target_rescale": 4.096756579833525},
{"mapping": [5, 1, 6, 11, 4, 8, 10, 9, 3, 2, 12], "R": [[-0.1482806593204447, -0.47332850251097125, 0.8683161721298388], [0.08299902431771368, 0.8689684105356552, 0.48785762621224316], [-0.9854562435916686, 0.14440924555532703, -0.0895654049526907]], "T": [-0.09609182571457811, 0.10668318017811804, 0.07734666081079168], "aligned_model": [[0.10011407255955568, 0.16612264553284498, -0.4218954754778711, -0.44675317393423164, -0.3799008699769185, -0.5637702721084649, 0.060636978002606534, 0.028731518737209777, 0.5939981312945991, 0.22516515382526828, 0.017445995503477113], [-0.25803133527291844, 0.6333282160505833, 0.4113977701369359, -0.3245778961409004, 0.7023980101563114, -0.3418323908741415, -0.5676406094787, -0.0178035724555496, -0.11027865025058131, 0.6383106413738853, 0.1503163479985589], [-0.650786757662678, -0.19997956809216288, -0.5376562573076277, -0.38005799793843004, 0.1441918345051877, 0.3741860338222592, 0.06699373426062524, 0.7377703950496273, 0.33111825679550644, 0.4785960845410157, 0.015190676048254768]], "inverted": true, "swapped": true, "error_lsq": 0.0493836606022705, "error_max": 0.28516235038019416, "target": "300.xyz", "model": "24.xyz", "model_rescale": 3.7841303162186577, "target_rescale": 4.096756579833525},
{"mapping": [1, 7, 6, 4, 11, 8, 10, 14, 12, 3, 2, 9, 15], "R": [[-0.303612143177071, 0.5498108352544735, -0.7781566114556914], [0.7154773699851382, 0.6709064672930978, 0.19487597384861244], [0.6292152251452402, -0.49758673372696915, -0.5970725608034178]], "T": [-0.13420307369361834, 0.02002741616721436, -0.04286410028655721], "aligned_model": [[-0.2658075729754485, -0.3739028462483138, 0.3357480582929923, 0.365618934945354, 0.11534944375908698, -0.4428376254630327, -0.724804233183802, -0.2828080129494471, 0.20473243085323556, 0.6646494274909209, -0.0356208371821663, -0.37764016918508375, -0.08019070890287078], [0.46048481925728224, -0.43432055077344933, -0.18510454156023082, 0.4603452692109299, -0.7042665089989023, 0.500235613644551, -0.44281428078002777, -0.20349122916235046, 0.18457442368572324, -0.08405207948261173, 0.7298883705936452, 0.22896527466508299, -0.0007928205934673097], [-0.6274271213844845, -0.44150868393767373, -0.5518761489714953, -0.3790225314309076, -0.09335588341176326, -0.1964954257658449, 0.16261811123805703, 0.703631009897943, 0.6153295737201206, -0.04487098085964117, 0.19202309807133247, 0.4462412670435585, -0.08103282818600324]], "inverted": true, "swapped": false, "error_lsq": 0.04232624963963123, "error_max": 0.2566414286493389, "target": "300.xyz", "model": "25.xyz", "model_rescale": 4.19342608120988, "target_rescale": 4.096756579833525},
{"mapping": [10, 8, 11, 1, 5, 3, 6, 2, 7, 9, 4, 12], "R": [[0.36319129974021075, -0.4567133523656342, 0.8120991279172517], [-0.03491411577675871, -0.8776770853705724, -0.47797901453405295], [0.9310601937106665, 0.14524409656286003, -0.3347104242492234]], "T": [-0.034777597170423426, 0.029421754143238322, 0.008386924431453738], "aligned_model": [[-0.1560098098923346, 0.5315491406234188, 0.05497411962073064, -0.41548023212979746, -0.5558265624519926, -0.5010016606397472, -0.06653717588809496, -0.1298654067416781, 0.5857893290560625, 0.1885741019497359, 0.2270642817465365, -0.16542157062105853], [-0.6454496917840492, -0.40122969685895726, -0.42200457763129695, 0.5402164026846459, -0.3719952853325078, -0.17854528170304335, 0.3051124500600731, 0.5784722567166549, -0.027481615555326976, -0.06289607750005614, 0.6292876877880219, 0.06928985685682225], [0.10448560480983927, 0.05100515852278446, -0.5450816069614187, -0.12266875356328001, -0.5103269115066656, 0.5802972689785623, -0.6988708490653044, 0.4945317161747972, -0.46233386923164843, 0.6477841124986145, -0.09881243006750381, 0.009249020620644602]], "inverted": false, "swapped": true, "error_lsq": 0.04345520191833069, "error_max": 0.21646473010109263, "target": "300.xyz", "model": "26.xyz", "model_rescale": 3.795458400668931, "target_rescale": 4.096756579833525},
{"mapping": [0, 6, 5, 7, 8, 2, 1, 11, 4, 10, 3, 9, 12], "R": [[0.9303894849035431, -0.3430287647492706, 0.12925429561724225], [-0.08893106194915754, 0.13085155076210878, 0.9874052551428651], [-0.3556215300027755, -0.9301661884941534, 0.09123699458412789]], "T": [-0.14596889269505847, -0.014504632842943885, 0.07068379553064927], "aligned_model": [[-0.37101934617843124, -0.2144242882169969, 0.3444323121285029, 0.4196826615928961, -0.16539449903104342, -0.830378522668517, -0.650043963722873, 0.10717750058719705, 0.32569812051226643, 0.5597535045021986, 0.017694059412679708, -0.3956296700640714, -0.04506157960238359], [0.5337213260616499, -0.43656341573847174, -0.37341291967450446, 0.30569633925074396, -0.737159179620562, 0.5375068175794051, -0.21920531879781147, -0.35789610818759565, 0.3012518725700687, 0.03261337920007171, 0.7030268891716097, 0.1934288418097136, 0.026643236081857292], [-0.5124746593193005, -0.635267479190593, -0.3737843898678874, -0.4168792826769755, -0.01956453933646715, 0.02943175435193439, -0.16246663335409356, 0.6447689721047736, 0.684435569929737, 0.156836099878839, 0.012036443751430037, 0.35141045346997124, -0.05422885371816999]], "inverted": true, "swapped": false, "error_lsq": 0.05766343186963092, "error_max": 0.32595220516193574, "target": "300.xyz", "model": "27.xyz", "model_rescale": 3.6321398670334006, "target_rescale": 4.096756579833525},
{"mapping": [4, 6, 12, 7, 9, 1, 13, 11, 0, 8, 3, 2, 14], "R": [[-0.03265673168370028, -0.8869796204028129, -0.46065246212933797], [0.3811750133941847, 0.41501029260228817, -0.8261186756139256], [0.923925942399975, -0.2025675443506323, 0.3245415889159242]], "T": [0.027213804129449348, 0.03173174547561913, 0.05611410161889366], "aligned_model": [[-0.3620679993123332, -0.3131382939114274, 0.4466480480290996, 0.4071490274621098, 0.008148290956556448, -0.48592875141926334, -0.665267953061554, -0.24846915205292314, 0.18280574109148767, 0.5396140873487021, 0.22165995009846556, -0.591780498429362, -0.03688620754813346], [0.3725975286184034, -0.33224166075873446, -0.2890113858864842, 0.4096000549399535, -0.6362269902527087, 0.4569516177590062, -0.40013379121887843, -0.2807747792971034, 0.24420239198266191, 0.03172622524656374, 0.688868480210322, 0.21114163750659856, 0.03295243085657473], [-0.5909851548716395, -0.5402006190229013, -0.5800529280111484, -0.5040217308160473, 0.049805790284057794, 7.863029455359993e-05, 0.03517356468012256, 0.5448516754391771, 0.6218517331629927, -0.01078556595068296, 0.09995572729885421, 0.5231278142372477, 0.05545451929861141]], "inverted": true, "swapped": false, "error_lsq": 0.038240440719634436, "error_max": 0.19070028352091623, "target": "300.xyz", "model": "28.xyz", "model_rescale": 4.156811204709835, "target_rescale": 4.096756579833525},
