[{"mapping": [1, 0, 12, 5, 11, 3, 2, 6, 9, 8, 4, 7, 13], "R": [[0.33957530841225675, 0.7469037912433659, 0.5716846478111929], [0.37085484741209174, 0.4522423529378761, -0.811137187139246], [-0.8643814505573771, 0.487454183319315, -0.1234225550571073]], "T": [-0.05364807661449309, 0.08433133379187545, -0.12221024776957717], "aligned_model": [[-0.44083578824560976, -0.3571288459554581, 0.10711504695743232, -0.23630818574350657, 0.468845564550847, -0.5054520728519158, -0.35216925736880655, -0.22741189209649373, 0.3721328271006963, 0.44266881969028254, 0.2368832469656659, 0.585374479552134, 0.10174153032757385], [0.2825147088915573, -0.4115074976517305, 0.15644333031746305, 0.7533806434925113, 0.5311937881749056, -0.024503216279110326, -0.6023052137887588, -0.001628055870213696, -0.4082680302486443, 0.16373051553298346, -0.5188084504813301, -0.25843527461318816, 0.046587257414819214], [-0.5014900115573779, -0.6296111843606345, -0.6736401037169111, 0.18012990200163193, -0.0023095278057671115, 0.1170145324946617, 0.052928558830507455, 0.6173594946791738, -0.4580668545865026, 0.4760743333487542, 0.5598587936453758, 0.09122758240171386, -0.09107639146760071]], "inverted": false, "swapped": false, "error_lsq": 0.042201810018784015, "error_max": 0.25178480367870937, "target": "302.xyz", "model": "0.xyz", "model_rescale": 3.8414455957264533, "target_rescale": 4.058979716958624},
{"mapping": [13, 11, 0, 9, 7, 8, 10, 6, 1, 2, 5, 4, 14], "R": [[0.6484905149411562, 0.7610301937234131, 0.017120054692050024], [0.038947219737706706, -0.010710245349261488, -0.9991838693249916], [-0.7602257336515631, 0.6486280404714734, -0.03658550270366394]], "T": [0.019827601249408106, -0.03433638824047639, -0.013086642432466848], "aligned_model": [[-0.42521169025565053, -0.27755871855128433, 0.36655070013421576, -0.19866436915834726, 0.3185807589080739, -0.7571228671067192, -0.29380146572946186, -0.13947662494928156, 0.32674936517740705, 0.4672472907366245, 0.21673049998408614, 0.5631239431894036, 0.028308650503774693], [0.35409892512653446, -0.34477010303440536, 0.20038645892833926, 0.5914880330474342, 0.5307902601597135, 0.05267156499437891, -0.5750907835268964, -0.018936383798467994, -0.6451459025059413, 0.1484060386313278, -0.4307667145179614, -0.0369707005698999, -0.11776618804289118], [-0.4883813267973116, -0.748924727641853, -0.6048683988459674, 0.148513891540753, -0.07891539141090576, 0.10128111218240289, 0.26548613573290214, 0.7513819162160008, -0.5433777504843127, 0.5446100085334475, 0.47517049254858146, -0.03837260852754438, -0.04520422913916794]], "inverted": true, "swapped": false, "error_lsq": 0.043839444314846494, "error_max": 0.24653313378663902, "target": "302.xyz", "model": "1.xyz", "model_rescale": 4.316132596720782, "target_rescale": 4.058979716958624},
{"mapping": [1, 5, 0, 11, 2, 8, 4, 10, 3, 6, 7, 12], "R": [[0.7897120122843302, -0.25481138822331634, -0.5580556370878628], [-0.5915105375962044, -0.07502076260604593, -0.8027995821440471], [0.16269671652028866, 0.9640762633784289, -0.2099684186343345]], "T": [-0.0026923940723551434, 0.07372267307779924, -0.07381751603851394], "aligned_model": [[-0.30571709811942616, 0.5337996015873038, 0.21727932020008647, -0.4668916345176933, -0.498899473376302, -0.5525283865947533, -0.3078599560981566, -0.1362449578393515, 0.39855262290731414, 0.15543836031672545, 0.6061675616235292, -0.04528740545749564], [-0.6601503646414336, -0.11690977855546221, -0.6987347446420501, 0.4202306000348991, -0.2867135802426908, -0.1323134814481975, 0.383326079754182, 0.6257300769271155, 0.06159213932776246, -0.09657789579815444, 0.5210545683208546, -0.007757191295844859], [0.10864307712682056, 0.13798299805780295, -0.47020536732476925, -0.06980833363976162, -0.47824341374160984, 0.3908084292141692, -0.570687719359537, 0.5080745955677933, -0.6078034805267324, 0.5938188672945452, 0.026440709322514258, -0.11976190078181434]], "inverted": true, "swapped": true, "error_lsq": 0.04273762837080081, "error_max": 0.2517648380381064, "target": "302.xyz", "model": "2.xyz", "model_rescale": 3.795458400668931, "target_rescale": 4.058979716958624},
{"mapping": [3, 4, 9, 8, 5, 6, 11, 0, 2, 1, 7, 12], "R": [[0.5351768431237645, 0.10075190404466983, 0.8387102004956513], [0.6207948231149861, 0.6264318994061386, -0.47137762250668064], [-0.5728870169393918, 0.7729373384937432, 0.27270558590629196]], "T": [-0.007272109454814622, 0.0430412608222673, 0.06394727182529882], "aligned_model": [[-0.02802082757819075, -0.2984149051766107, -0.7617568725078612, 0.24108477333135675, 0.14645165476527933, 0.1567602441051982, -0.31986241601914733, 0.7443580472591622, 0.38423652792541313, 0.7477387466074773, -0.49592571904994764, 0.07665457208143597], [-0.14758608162243733, -0.5486448166799729, -0.09990523220459915, 0.09750009249783997, 0.5386350802887923, 0.6797295035884944, -0.24172068026490554, -0.11738440641755266, -0.563770992205434, 0.036079901896794074, 0.4691028015225596, -0.016266125109869155], [-0.5759874363904651, 0.03224604983027966, 0.03092412153489106, 0.7682205703906839, -0.25193185254768313, 0.32369220074980676, 0.45987995419431493, -0.3959625657803892, 0.19883960453603222, 0.36988128680616217, -0.3367486169357682, 0.06571811425123497]], "inverted": true, "swapped": true, "error_lsq": 0.05072076804744235, "error_max": 0.2954280679996763, "target": "302.xyz", "model": "3.xyz", "model_rescale": 3.7530521520055578, "target_rescale": 4.058979716958624},
{"mapping": [3, 7, 9, 10, 4, 6, 2, 5, 1, 8, 12], "R": [[0.9347413503190993, -0.3171948020952784, 0.1601438900719112], [-0.33434088248071514, -0.9377383163019117, 0.09414363728512276], [0.12031118944488826, -0.14154260017038456, -0.9825939700768387]], "T": [-0.09732308519871474, -0.09427697045442371, 0.025656997487383315], "aligned_model": [[-0.4981023284879392, -0.22858418423729507, 0.37675255593039164, 0.4721785510830084, 0.23586934822416733, -0.19962419774822654, -0.0480924449151621, -0.5744594473052251, -0.3246944360786436, 0.25539547084014336, -0.12843928486001413], [-0.5831480158304486, -0.03506894342236545, -0.3777340455421605, 0.35828936884231655, -0.663621260568142, 0.6038786828379605, -0.4590123628255789, 0.19125793945575434, 0.20198475747585667, 0.3572161400841758, -0.12683890219302238], [-0.19036805409682112, -0.7227632823811114, -0.5088295402979257, -0.33765896080626906, 0.051951310775856935, -0.017460582920113404, 0.6614561030239923, -0.2189540365491191, 0.7496851268961213, 0.5077268845462448, 0.11804580905446158]], "inverted": false, "swapped": true, "error_lsq": 0.04838880300348296, "error_max": 0.31354657691218607, "target": "302.xyz", "model": "4.xyz", "model_rescale": 3.7855080009869324, "target_rescale": 4.058979716958624},
{"mapping": [4, 11, 1, 5, 2, 7, 8, 10, 13, 9, 15, 14, 16], "R": [[0.6932800523922693, -0.7202660565333143, 0.024074400530876228], [-0.35538848712967264, -0.3707528178673567, -0.8580450869616919], [0.6269464029489722, 0.586309778060509, -0.5130097971578924]], "T": [0.01920670506352871, -0.006291042610857157, -0.07396493779511693], "aligned_model": [[-0.5104743569241044, -0.0146825530348112, 0.12070577462611753, -0.3921961422838997, 0.5987137427945994, -0.7083798899656624, -0.25390402954387603, -0.2203156349642591, 0.09696695866931256, 0.4444021898387233, 0.2904062344652909, 0.6736859280716525, 0.07052725113375759], [0.3330759607617179, -0.33895478599936807, 0.38126381740177806, 0.625075846475762, 0.4519107467791736, 0.06562272722601574, -0.5710390025429858, 0.0069692620552984745, -0.6922777275505071, 0.153428197542035, -0.5449592491807537, -0.1560859001621318, -0.005635387914769823], [-0.46289782848311184, -0.7955067455378333, -0.7163068314529144, 0.2213768865014374, -0.07686338541840065, 0.08978984325748521, 0.2450650644904404, 0.6140884663982336, -0.293608398704091, 0.4743165440194822, 0.48782282032078383, 0.00919662685313341, -0.05807393833761984]], "inverted": false, "swapped": false, "error_lsq": 0.04444978833130305, "error_max": 0.22547808050787518, "target": "302.xyz", "model": "5.xyz", "model_rescale": 4.2253639853439635, "target_rescale": 4.058979716958624},
{"mapping": [12, 11, 6, 0, 3, 9, 8, 1, 5, 4, 10, 2, 13], "R": [[0.5507178325963982, 0.8188599171048364, -0.16179711066451682], [-0.7817630195753901, 0.573940706955965, 0.24380042272985447], [0.292500342024918, -0.007778242600204911, 0.956233783578764]], "T": [-0.011689688933517552, -0.008497982512439151, -0.008446273543832773], "aligned_model": [[-0.5396260823753734, -0.2137307780772048, 0.3085168632904899, -0.32497333402022993, 0.44425005389091066, -0.5974024430997446, -0.41311335084910833, -0.134955711544526, 0.2543681718935063, 0.4270689702691107, 0.3103590063963474, 0.6430325131491612, 0.031661593959502216], [0.3287663202514705, -0.2976678288477203, 0.12699131148674697, 0.6812740619312823, 0.5205434391060021, 0.02862447193178817, -0.6152475257866623, -0.048267150192957645, -0.5263334535404016, 0.2372058495490453, -0.6057211872482763, -0.15496060858112523, 0.0331868048320724], [-0.700457631131128, -0.7020700815847988, -0.5495824701224069, 0.25448058653651573, -0.13191123951991407, 0.1593599255920516, 0.12031284648069322, 0.7140007369212447, -0.257044153840671, 0.4895816153253946, 0.376419360087604, -0.01613713190325576, -0.01855323893430455]], "inverted": true, "swapped": false, "error_lsq": 0.036096559930446845, "error_max": 0.18757880164193874, "target": "302.xyz", "model": "6.xyz", "model_rescale": 3.89814844738969, "target_rescale": 4.058979716958624},
{"mapping": [3, 7, 0, 6, 1, 8, 11, 9, 4, 5, 10, 2, 12], "R": [[0.5366596460512402, 0.5352143510361554, -0.6523358205288936], [-0.6666973079228179, -0.20492185463336846, -0.7166043072031372], [-0.5172147754160017, 0.8194831492706653, 0.24685267702175565]], "T": [-0.009456106105766277, -0.07282476639237132, -0.1071972400972299], "aligned_model": [[-0.48418187081869957, -0.29221555260449994, 0.20451927857758997, -0.22327510311324594, 0.6064431585644986, -0.6602691894850787, -0.46153102113575517, -0.2012457185028736, 0.264525062866227, 0.2972459861159784, 0.3614533332225125, 0.6852841812498502, 0.09870292794633768], [0.42531366588926, -0.2620455310118823, 0.30334013728070486, 0.5406194936763293, 0.5043693999446494, -0.025287555105333676, -0.6990521519918239, -0.004028012248385199, -0.6134516956381781, 0.3467344209169444, -0.42345128760172546, -0.20536000611975927, -0.17930637309953557], [-0.5301339815511151, -0.6689064862366301, -0.5118265611585489, 0.08080123685207437, -0.05911811615575989, 0.07132255253119994, 0.13530616595908257, 0.7625323904377043, -0.3266343171996723, 0.46941399721607363, 0.42043036863257727, -0.07089038294316562, -0.033897742476795514]], "inverted": false, "swapped": false, "error_lsq": 0.04324644865621114, "error_max": 0.2575934282225707, "target": "302.xyz", "model": "7.xyz", "model_rescale": 3.7474275329858107, "target_rescale": 4.058979716958624},
{"mapping": [2, 4, 13, 1, 12, 3, 5, 0, 9, 10, 7, 11, 14], "R": [[-0.08690334765567174, 0.7295832695631691, 0.6783480382073452], [0.21860488299456782, 0.6782937826724034, -0.7015193864170071], [-0.9719360644081323, 0.08732581039692061, -0.21843646568591127]], "T": [0.013520985366447073, -0.008627063574105143, 0.0009159240282491932], "aligned_model": [[-0.6649907453894265, -0.19007757483859075, 0.4052772353030808, -0.31710390290665136, 0.47907699512692536, -0.6317554533058116, -0.24333348517167797, -0.25629429902321327, 0.2757365782970602, 0.45787526764017494, 0.2865728996542475, 0.5966103034172914, -0.0021383459205673166], [0.2735906324481603, -0.02519270986704301, 0.3298942781180736, 0.6657358676808048, 0.39097445961059385, -0.1971146286655342, -0.6490721577275494, 0.2805052623861137, -0.6966320142556452, 0.04467209473657442, -0.5125637629883467, -0.22040710633151425, 0.02400428974657659], [-0.4096501475465941, -0.7543979521125634, -0.7339596916694564, 0.027816486355817238, -0.06403669904215142, 0.25036590395401187, 0.19295062495819332, 0.5279979366425311, -0.19461568658787895, 0.6132653595931361, 0.36883994745056575, -0.03953177373736226, -0.04664518435122364]], "inverted": false, "swapped": false, "error_lsq": 0.04939213036632938, "error_max": 0.28714045941752453, "target": "302.xyz", "model": "8.xyz", "model_rescale": 4.019505241142653, "target_rescale": 4.058979716958624},
{"mapping": [10, 9, 1, 6, 2, 11, 8, 5, 7, 3, 4, 0, 12], "R": [[-0.35513021685413326, -0.6289623922224821, -0.6915842958359517], [-0.023914691115035913, 0.7456777190277319, -0.6658774864000669], [0.9345108970076319, -0.2199341913286145, -0.2798541313945886]], "T": [-0.012146433190248787, 0.04093237807695094, -0.05514682155440952], "aligned_model": [[-0.43240888497534574, -0.3953314459434162, 0.2011848915625532, -0.3706784759111209, 0.36840740811167016, -0.595071407881034, -0.26434979338877773, -0.15752302011265173, 0.3660885853348844, 0.5114227587918428, 0.3992407315325601, 0.5965934008430117, -0.032119275081334796], [0.5822056932530959, -0.3165196471232806, 0.1895786711404369, 0.6528661616895891, 0.46953879053178776, -0.10743550408692945, -0.5844997822602563, 0.08032685538035067, -0.7643068443812321, 0.1547249522271118, -0.498631570715075, -0.18290860740927306, 0.033455336644939014], [-0.6622567194440694, -0.4941654511272907, -0.6786043803410965, 0.10313664815363309, 0.09130275778812873, 0.10433662403459758, -0.01820078920170988, 0.5989467820488839, -0.22281332223933797, 0.6167068522595146, 0.4215354805173219, -0.09961147885438648, -0.021913879687164017]], "inverted": false, "swapped": false, "error_lsq": 0.04628425667443614, "error_max": 0.28326307305750004, "target": "302.xyz", "model": "9.xyz", "model_rescale": 3.877068213659057, "target_rescale": 4.058979716958624},
{"mapping": [12, 0, 11, 6, 10, 3, 4, 13, 8, 14, 2, 9, 15], "R": [[0.5654018155699977, -0.8073404653777753, -0.16888504940860696], [-0.786013833184075, -0.46532582606843936, -0.4070063017165724], [0.25000608191287554, 0.3628680869921214, -0.8976768407669047]], "T": [-0.07152891412206128, -0.10374363866581256, -0.01598990257029882], "aligned_model": [[-0.40593511686299466, -0.1786867228679537, 0.26805783674595884, -0.2716616640175752, 0.3574682573439866, -0.6743343118855938, -0.43594241493260744, -0.09324433570098559, 0.4151211059134027, 0.46458258940817454, 0.25253545688206336, 0.5826656151598245, -0.08517082230285854], [0.35727255322994317, -0.1570546004412421, 0.1697740775402386, 0.4597179643395312, 0.4580884974949498, -0.017925742201924638, -0.584158930078796, 0.08762853351069043, -0.5388398827966697, 0.21110339291118713, -0.4689407350568554, -0.16316936556084977, -0.10510125799893835], [-0.4995514582091393, -0.8030357595653963, -0.6114092286087063, 0.13488249213050735, -0.075292997860874, 0.16295780990987713, 0.2914098826419733, 0.7327047135087589, -0.4273121024948858, 0.4562148720013767, 0.4334194010525315, 0.04837938156663414, -0.10496788216563264]], "inverted": true, "swapped": false, "error_lsq": 0.042800399037911184, "error_max": 0.22637702367793314, "target": "302.xyz", "model": "10.xyz", "model_rescale": 4.260839863003843, "target_rescale": 4.058979716958624},
{"mapping": [1, 8, 10, 6, 7, 5, 0, 2, 4, 9, 3, 12], "R": [[0.34338392186961, 0.3712703095124441, -0.8626968410026664], [-0.6988861410348511, 0.7146298051584037, 0.029366706466281423], [0.6274118615956031, 0.5928428112525246, 0.5048680590761745]], "T": [-0.006877131986657809, 0.0048861860601337095, 0.000813439483580404], "aligned_model": [[0.4227202130100797, 0.17359970753282836, -0.5199987417811461, -0.42951939530420175, -0.6736469910350884, -0.3979023398120326, 0.4407773035219179, 0.7266166798738503, 0.3466174965634995, -0.26885252245973085, 0.052391115663854224, 0.08609612332030003], [-0.07960392662584309, -0.6028524049674084, -0.6120690383728611, -0.1991370423664829, 0.25432312937127405, 0.35103149913214526, 0.6552405718538219, -0.016133695268920292, -0.045443036135704815, -0.1726844462306801, 0.6139434479243682, 0.02646344721922486], [-0.6862040398008846, -0.39759552128389053, 0.1320359808002055, -0.5278584806269787, 0.27296624266666697, -0.30951954277492366, -0.422088470143371, -0.03441520714491011, 0.5561241869628781, 0.701248341053538, 0.26881017521252165, -0.037325587525347266]], "inverted": false, "swapped": true, "error_lsq": 0.046071614756498395, "error_max": 0.30869588342460325, "target": "302.xyz", "model": "11.xyz", "model_rescale": 3.890672605050136, "target_rescale": 4.058979716958624},
{"mapping": [3, 8, 0, 4, 2, 7, 5, 12, 6, 10, 9, 11, 13], "R": [[0.27120549664953386, -0.7699900170291312, 0.5775490907815184], [-0.9364117483069965, -0.3498825363543554, -0.026744128082216212], [0.22266705238924436, -0.5335705992928415, -0.8159177650661641]], "T": [0.13890815512145266, -0.09235137318121582, -0.1270956751898903], "aligned_model": [[-0.5435196301390375, -0.3445421948542423, 0.05701382797033441, 0.004165800936842906, 0.5356678097082763, -0.669767197508119, -0.35237935977043955, -0.19154986811419955, 0.4021003789828726, 0.346039387454124, 0.2982049426057022, 0.640511725929509, 0.01350984968121835], [0.37382366264186345, -0.3698073321927076, 0.20927021077530078, 0.5903475990651652, 0.4629430314108886, -0.017617590856597212, -0.5863687697131249, -0.01671717973547042, -0.49771174960043146, 0.3291051080113618, -0.6982652633086386, -0.060340975791139825, -0.0102662458152053], [-0.5394502676001707, -0.5836972474118052, -0.6281069315696681, -0.04449025704031653, 0.07238874622575028, 0.13256411396756884, 0.21867241395403747, 0.5363868870572797, -0.4408968263504772, 0.633832436720612, 0.3347628608027368, 0.0968046510867567, -0.05037145593527943]], "inverted": true, "swapped": false, "error_lsq": 0.04831749441780023, "error_max": 0.2835178198614599, "target": "302.xyz", "model": "12.xyz", "model_rescale": 4.124412569039231, "target_rescale": 4.058979716958624},
{"mapping": [5, 7, 10, 4, 2, 0, 3, 1, 9, 1, 6, 8, 12], "R": [[-0.27802221910912045, -0.8715025342235259, 0.40396408073442924], [-0.8251641764758708, 0.0013978153824275585, -0.5648912532276054], [0.4917394915425627, -0.4903890077827284, -0.7195212946837175]], "T": [-0.053681765520804094, -0.10574661301526463, -0.10101461653075877], "aligned_model": [[-0.6270986747613212, -0.18479121378160357, 0.2468632933910467, -0.21865314614005785, 0.5060878588421528, -0.5559680241633217, -0.40651230639912084, 0.16574705439288615, 0.24125805888849491, 0.16574705439288615, 0.21612282792639345, 0.6404805203536246, 0.0061721699407820685], [0.20152407195525496, -0.23964772957589703, 0.30646694256817936, 0.657564528032757, 0.5337033714749957, -0.0003560613223652781, -0.6820436214632485, 0.12213780349731891, -0.6218571075377568, 0.12213780349731891, -0.519842129705682, -0.15788389006639164, -0.01350947646321883], [-0.4889883958342223, -0.6993109294699318, -0.6342709568160272, -0.009271489932243804, 0.0409614329454851, 0.16985202849367687, 0.1273398080888351, 0.649174682653612, -0.33613528644634205, 0.649174682653612, 0.34992129820188717, 0.07310185629626723, -0.15314960692758342]], "inverted": true, "swapped": false, "error_lsq": 0.05034818605271495, "error_max": 0.40563784615057996, "target": "302.xyz", "model": "13.xyz", "model_rescale": 3.9028299243045295, "target_rescale": 4.058979716958624},
{"mapping": [9, 14, 10, 6, 4, 1, 12, 2, 13, 0, 8, 5, 15], "R": [[0.4237769063695623, -0.8567150294130588, 0.29402804629086904], [-0.9041336441622358, -0.4195884081979976, 0.08054763311101312], [0.05436439203889905, -0.2999748757540416, -0.9523967591264623]], "T": [-0.008600058859528123, 0.04879817219434404, 0.02207006289131015], "aligned_model": [[-0.4614210779107417, -0.25645003038302133, 0.3287574275049927, -0.4709875115041014, 0.5983032170575461, -0.6277815859603879, -0.17372712990994188, -0.1774489195190072, 0.2294955149320536, 0.5310172392096468, 0.32801423304097643, 0.40007584110920064, -0.05239174478437351], [0.38624178708265555, -0.24405310162670288, 0.13853292012407878, 0.5245963955914871, 0.3382915254549629, 0.0022684271787140886, -0.6269728941115227, 0.030312996788806043, -0.5654056754783467, 0.28016864510399475, -0.41669037537322806, -0.2565023542695314, 0.11760620842589645], [-0.5089011114112048, -0.7753377222601433, -0.6363296663437294, 0.08704818611922376, -0.06293161933766024, 0.21350667137734078, 0.03958592173493225, 0.7385183374373564, -0.42370508563107395, 0.6073027389568361, 0.5383242542828939, -0.021259268753464306, -0.057422512264281855]], "inverted": false, "swapped": false, "error_lsq": 0.040298666112007026, "error_max": 0.2515498140106243, "target": "302.xyz", "model": "14.xyz", "model_rescale": 3.942246331269136, "target_rescale": 4.058979716958624},
{"mapping": [13, 12, 3, 11, 4, 8, 0, 6, 1, 9, 2, 5, 14], "R": [[-0.7155524900007229, 0.13073583078468654, 0.6862162753846658], [-0.6983906707791091, -0.1123220771987688, -0.706848089721165], [-0.015333134789457137, -0.9850339555176724, 0.17167702657821376]], "T": [0.05455183132662309, 0.07845996690531894, 0.03933147984692047], "aligned_model": [[-0.4330660090862962, -0.22798610715365694, 0.45785521166506693, -0.40401222506793555, 0.18765721634448446, -0.6538204680797357, -0.2042677214820268, -0.16581800059032628, 0.25927702700025823, 0.4790049820200376, 0.2884725612867668, 0.5750028798143649, 0.037156126211840355], [0.3993929917191488, -0.18719987227285123, 0.032093358622360485, 0.6185465581029924, 0.556085104363114, -0.08425904551548642, -0.5975586980205341, 0.23936464779462935, -0.5115934399648621, 0.11907556564367607, -0.5766085439473694, -0.28237615183369164, -0.016567969799861845], [-0.5264959512663145, -0.6801637747099742, -0.5537489966017365, 0.1494972860119699, -0.27343226720550573, 0.3049856435980971, 0.1686709039373937, 0.5275283767924311, -0.47696882722049055, 0.7222313276561874, 0.3536788304380163, -0.001991149915610807, 0.024607722392561433]], "inverted": true, "swapped": false, "error_lsq": 0.058179649297680755, "error_max": 0.42330579847611244, "target": "302.xyz", "model": "15.xyz", "model_rescale": 4.355366556412066, "target_rescale": 4.058979716958624},
{"mapping": [1, 5, 0, 11, 2, 8, 4, 10, 3, 6, 7, 12], "R": [[0.7897120122843302, -0.25481138822331634, -0.5580556370878628], [-0.5915105375962044, -0.07502076260604593, -0.8027995821440471], [0.16269671652028866, 0.9640762633784289, -0.2099684186343345]], "T": [-0.0026923940723551434, 0.07372267307779924, -0.07381751603851394], "aligned_model": [[-0.30571709811942616, 0.5337996015873038, 0.21727932020008647, -0.4668916345176933, -0.498899473376302, -0.5525283865947533, -0.3078599560981566, -0.1362449578393515, 0.39855262290731414, 0.15543836031672545, 0.6061675616235292, -0.04528740545749564], [-0.6601503646414336, -0.11690977855546221, -0.6987347446420501, 0.4202306000348991, -0.2867135802426908, -0.1323134814481975, 0.383326079754182, 0.6257300769271155, 0.06159213932776246, -0.09657789579815444, 0.5210545683208546, -0.007757191295844859], [0.10864307712682056, 0.13798299805780295, -0.47020536732476925, -0.06980833363976162, -0.47824341374160984, 0.3908084292141692, -0.570687719359537, 0.5080745955677933, -0.6078034805267324, 0.5938188672945452, 0.026440709322514258, -0.11976190078181434]], "inverted": true, "swapped": true, "error_lsq": 0.04273762837080081, "error_max": 0.2517648380381064, "target": "302.xyz", "model": "16.xyz", "model_rescale": 3.795458400668931, "target_rescale": 4.058979716958624},
{"mapping": [3, 7, 0, 6, 1, 8, 11, 9, 4, 5, 10, 2, 12], "R": [[0.5366596460512402, 0.5352143510361554, -0.6523358205288936], [-0.6666973079228179, -0.20492185463336846, -0.7166043072031372], [-0.5172147754160017, 0.8194831492706653, 0.24685267702175565]], "T": [-0.009456106105766277, -0.07282476639237132, -0.1071972400972299], "aligned_model": [[-0.48418187081869957, -0.29221555260449994, 0.20451927857758997, -0.22327510311324594, 0.6064431585644986, -0.6602691894850787, -0.46153102113575517, -0.2012457185028736, 0.264525062866227, 0.2972459861159784, 0.3614533332225125, 0.6852841812498502, 0.09870292794633768], [0.42531366588926, -0.2620455310118823, 0.30334013728070486, 0.5406194936763293, 0.5043693999446494, -0.025287555105333676, -0.6990521519918239, -0.004028012248385199, -0.6134516956381781, 0.3467344209169444, -0.42345128760172546, -0.20536000611975927, -0.17930637309953557], [-0.5301339815511151, -0.6689064862366301, -0.5118265611585489, 0.08080123685207437, -0.05911811615575989, 0.07132255253119994, 0.13530616595908257, 0.7625323904377043, -0.3266343171996723, 0.46941399721607363, 0.42043036863257727, -0.07089038294316562, -0.033897742476795514]], "inverted": false, "swapped": false, "error_lsq": 0.04324644865621114, "error_max": 0.2575934282225707, "target": "302.xyz", "model": "17.xyz", "model_rescale": 3.7474275329858107, "target_rescale": 4.058979716958624},
{"mapping": [0, 4, 8, 1, 3, 2, 9, 7, 5, 11, 12, 10, 13], "R": [[0.9984141612820738, 0.05251710044846845, -0.02027601321509489], [0.025035945088900936, -0.09162542024367287, 0.9954787711542], [0.05042186038732372, -0.9944077315295049, -0.09279493234776033]], "T": [-0.006128537550356052, -0.017738957472154877, 0.008655248168091365], "aligned_model": [[-0.4936711485151604, -0.21173010419944227, 0.2741912478095339, -0.17679399355235695, 0.3805157385959848, -0.6907392879241026, -0.32119964624232333, -0.16445394702248237, 0.3517815841966023, 0.4221197898661149, 0.25443541728381036, 0.6750783557332353, -0.10407853314657159], [0.39206569524344587, -0.39412432300354533, 0.1287068696720625, 0.6176672051186622, 0.5266455314408997, 0.13519308862889562, -0.6047329241614173, -0.08967059257361013, -0.5848972125968137, 0.26550799869534447, -0.594226993950179, -0.09813636025623965, 0.008396522633759125], [-0.5331055291932237, -0.7021807908914436, -0.6369676207472926, 0.22231555678650966, -0.11275691458086406, 0.11706481212683285, 0.0710447135776838, 0.7415796553366695, -0.2623646681947539, 0.5167016965297506, 0.40740942376051154, -0.0683694013406737, -0.021971809262681635]], "inverted": true, "swapped": false, "error_lsq": 0.04019235567810424, "error_max": 0.25862022456182615, "target": "302.xyz", "model": "18.xyz", "model_rescale": 3.922800546911778, "target_rescale": 4.058979716958624},
{"mapping": [5, 3, 12, 8, 13, 1, 2, 6, 9, 4, 10, 11, 14], "R": [[0.6152795494013688, -0.07535874644537027, 0.7846987545693134], [-0.7528558045648641, -0.35133586302137576, 0.556570973810184], [0.23375032325419398, -0.9332117501881381, -0.2729040411744618]], "T": [-0.033242038560424694, 0.025007360503428094, -0.06727305515961812], "aligned_model": [[-0.567886529704046, -0.09373171657993573, 0.09234826572042264, -0.15707211890053718, 0.5269193093088184, -0.700097148872523, -0.22616219183986347, -0.19692711530558177, 0.23356619662290234, 0.38507267943515044, 0.22816384794843897, 0.6427008769225825, 0.028561118127012827], [0.3977908196052262, -0.23382748857041605, 0.4085219872315343, 0.5936254864085524, 0.4213876592023342, -0.08832368614608128, -0.6604520715147887, 0.11288186935302465, -0.7320736180237318, 0.15235099746043013, -0.4867242401058838, -0.16355693606124114, -0.013206273947694195], [-0.4644146934898134, -0.6490760831193577, -0.7423713080997061, 0.12175126104526718, -0.0975330944336226, 0.2334649697920197, 0.010548177827837596, 0.596995744543097, -0.202864144489634, 0.5094968590410196, 0.49876438061619077, 0.054334073900353164, -0.13069701922662655]], "inverted": false, "swapped": false, "error_lsq": 0.0393675060709131, "error_max": 0.24712713065484337, "target": "302.xyz", "model": "19.xyz", "model_rescale": 3.9282355846067225, "target_rescale": 4.058979716958624},
{"mapping": [12, 7, 9, 10, 11, 2, 5, 1, 6, 0, 3, 4, 13], "R": [[0.8799832540138516, -0.4678970486809905, -0.0818646718115469], [0.09588428656274378, 0.3437722851783093, -0.9341449670868206], [0.4652264784441521, 0.8141823922063792, 0.3473778288485765]], "T": [0.0787949157990542, -0.09848355613384692, -0.1557422357947366], "aligned_model": [[-0.31864042881442023, -0.4143220037271531, 0.2444737526295757, -0.328497798578255, 0.4675846020374995, -0.669736593682537, -0.24076393909374846, -0.14897094684815157, 0.14724862688122572, 0.3853444860176687, 0.34736071387605694, 0.6888772483276172, 0.035497753857463045], [0.4146700418002331, -0.23498053467867103, 0.36375206064972043, 0.6236246789754684, 0.4870137952937191, -0.05417273486408607, -0.6399978628925277, -0.10356950744091221, -0.732592419462448, 0.21508012658414727, -0.4838599412290101, -0.10915384014214449, -0.03741935770222381], [-0.7048441180049899, -0.5111322397407403, -0.6428906555201682, 0.0785795314270451, -0.016463369228874453, 0.18551036975060978, 0.1481237644156493, 0.5581188439809359, -0.29739001355440486, 0.5135126977514798, 0.432230997487021, 0.00873736025140609, -0.013694045107944114]], "inverted": true, "swapped": false, "error_lsq": 0.04657415128808565, "error_max": 0.2915511630989175, "target": "302.xyz", "model": "20.xyz", "model_rescale": 4.067790424073018, "target_rescale": 4.058979716958624},
{"mapping": [7, 1, 9, 0, 12, 8, 5, 2, 13, 3, 6, 11, 14], "R": [[-0.4319371627752392, 0.5550430657504707, -0.7108849995435238], [-0.7656895624674974, 0.19084632127678533, 0.6142452080264453], [0.47660233039926436, 0.8096325566684168, 0.3425570636267098]], "T": [-0.005880297418837478, -0.09005453960316571, 0.025400979995219012], "aligned_model": [[-0.4565637717621232, -0.3088026707127013, 0.12235640193323197, -0.2873690173196846, 0.5215082913848714, -0.5692035540284941, -0.32186116228447725, -0.1736619541946485, 0.2764178320395209, 0.5080397021405195, 0.20738851069377773, 0.6352440990821675, 0.04196276591088142], [0.33112619013993766, -0.22856923384651584, 0.2574494005070909, 0.5290473772043781, 0.42767295502822683, -0.09871035809826693, -0.5798836300729168, 0.12492695132165373, -0.6310493711770451, 0.3173979917182373, -0.483470080563995, -0.17104225312813465, -0.08650143414138585], [-0.39430743790430095, -0.724503558273155, -0.6578605072964507, 0.23018121999597396, -0.1766717410732662, -0.06268921295453211, -0.06781745179927567, 0.7177550843004061, -0.31775476218587845, 0.5672622956688071, 0.6147205285527859, 0.046203682905366916, -0.03611901602945598]], "inverted": true, "swapped": false, "error_lsq": 0.043046222333545096, "error_max": 0.2540830915566712, "target": "302.xyz", "model": "21.xyz", "model_rescale": 4.186013935880536, "target_rescale": 4.058979716958624},
{"mapping": [8, 2, 5, 11, 3, 9, 1, 10, 0, 4, 7, 6, 12], "R": [[0.1231055065848749, -0.9889336018507933, 0.08279713388094062], [0.6099524996348789, 0.14121265689541423, 0.7797544060290402], [-0.7828173365719775, -0.04548974239270981, 0.6205865780851214]], "T": [-0.02276872073504379, -0.026124942883312567, -0.023190486019359264], "aligned_model": [[-0.6398809065416687, -0.28114828697814287, 0.27526789027534904, -0.12031392952882039, 0.73379909035253, -0.6034183545314329, -0.20373744151304263, -0.2550150371748763, 0.3067433362847736, 0.32437944264372703, 0.13168928899584206, 0.5172876574201041, 0.00980272317849954], [0.28911562070375907, -0.15491547130125255, 0.16745766707909085, 0.5967694787450399, 0.4745562738983078, -0.06567936341335123, -0.7347578206172989, 0.021925570224860642, -0.5627471676502628, 0.2708699171487926, -0.4752722893032875, -0.12462289539557084, 0.005694984772437038], [-0.3510076117188736, -0.7060903340225986, -0.7103867663734076, 0.014933659315560493, -0.1942522325462249, 0.19298585594937778, -0.037785095530063276, 0.7768421566446986, -0.37709277927430385, 0.5415203732225383, 0.5360349822085478, 0.06895131113063972, -0.016254395098865754]], "inverted": false, "swapped": false, "error_lsq": 0.04651042480225576, "error_max": 0.2883633852107493, "target": "302.xyz", "model": "22.xyz", "model_rescale": 4.166573947596378, "target_rescale": 4.058979716958624},
{"mapping": [14, 10, 13, 12, 6, 9, 8, 3, 7, 2, 4, 1, 15], "R": [[-0.4394405606650207, 0.48772090979154015, -0.7543343474842736], [0.8153202309507781, 0.5690265270370045, -0.1070594812736132], [0.3770211063651241, -0.6620703328803653, -0.6477020608851729]], "T": [-0.01696745913090599, 0.0005995481698372468, 0.03412409185267358], "aligned_model": [[-0.45744247574036684, -0.26983851335587955, 0.07519542129345017, -0.13458977171743722, 0.5418420576130875, -0.6091381613255634, -0.28420837436656915, -0.18581812356527352, 0.169836982631573, 0.3745907518301241, 0.23601118695212345, 0.6878797989459793, 0.05113469368759314], [0.37218146528948914, -0.2197701463809683, 0.11087672531643761, 0.6433386033394745, 0.5171348873960739, -0.06064780994049391, -0.7461074670851507, -0.07575740084385806, -0.47385382674099785, 0.19090985857946113, -0.4863470766357593, -0.06047552319287569, -0.0030877842095680327], [-0.5079888132075411, -0.6355285500168361, -0.8002367932373499, -0.015199875654566333, 0.039673802984335385, 0.11178867109498543, 0.1925225350715961, 0.6060381775976017, -0.46726173086646033, 0.5472258287137778, 0.5227326290079597, 0.12106797781757446, 0.023565264601948122]], "inverted": false, "swapped": false, "error_lsq": 0.04363407224278156, "error_max": 0.25812103562423777, "target": "302.xyz", "model": "23.xyz", "model_rescale": 4.274766983524099, "target_rescale": 4.058979716958624},
{"mapping": [8, 5, 0, 2, 3, 4, 11, 9, 10, 7, 12], "R": [[0.07022263891413144, 0.8804091133324723, -0.46898675263280665], [0.908798406883079, -0.2503070445026286, -0.3338140786712516], [-0.411283644983256, -0.4027731081309786, -0.8176916208056665]], "T": [-0.016550275835166946, 0.12001946061688616, -0.04411281466368005], "aligned_model": [[0.3224246881671798, 0.1850411967171806, -0.5838633410668739, -0.5472588478749244, -0.4944826393906232, -0.4379631424799038, 0.03737938710912679, 0.051351732559097106, 0.6773422735826065, 0.25638526282785773, -0.0864618661926485], [-0.3712708244432752, 0.6820749281226002, 0.5358928402145297, -0.2603411620763847, 0.5238466386375296, -0.2413470941460975, -0.4162103723901813, -0.07081255924254752, -0.16126688648798354, 0.59471450247205, 0.10030652058324369], [-0.49619423900227577, -0.15581948606321977, -0.5985553852489014, -0.3808178387722155, 0.1899598021215121, 0.3132202487542809, 0.16828753718529768, 0.6973343806613738, 0.27296448117717403, 0.4860181039565505, -0.11683117074799898]], "inverted": true, "swapped": true, "error_lsq": 0.049589380440008754, "error_max": 0.2599136740405413, "target": "302.xyz", "model": "24.xyz", "model_rescale": 3.7841303162186577, "target_rescale": 4.058979716958624},
{"mapping": [2, 4, 1, 9, 0, 12, 3, 14, 6, 10, 11, 7, 15], "R": [[0.6517520793446108, 0.2635566769466092, -0.7111660179640458], [-0.7582964133474833, 0.244179824366587, -0.6044524488135076], [0.014344914580417145, 0.933227781095893, 0.3589987911073201]], "T": [0.02494350537660665, 0.030836938027506058, -0.01368877756479695], "aligned_model": [[-0.5478064781925016, -0.2108305637296435, 0.2798500993356022, -0.3027721223829402, 0.650062424976393, -0.690773762673523, -0.3208973361282775, -0.3131251782842316, 0.2513912888471295, 0.40944963278892094, 0.30102559149257696, 0.6546084448842963, 0.03527343194903965], [0.356833280211565, -0.24772463225045563, 0.22043106977904137, 0.4540838429128584, 0.3191915007697666, -0.013947060851230184, -0.6882307547627032, 0.22138227312733044, -0.5843555385485222, 0.34293538474854107, -0.5491258178464997, -0.08941290002230409, -0.033666142376123365], [-0.38039965704810624, -0.6644716774321128, -0.6860823285190051, 0.22211884180586586, -0.2733191530136437, 0.23312105223828125, -0.12476376649439458, 0.6781934398032213, -0.3174750023488866, 0.5863151414339888, 0.4068459447680544, 0.09524973951723167, -0.036933450803469076]], "inverted": false, "swapped": false, "error_lsq": 0.0454069448240462, "error_max": 0.30539803212302874, "target": "302.xyz", "model": "25.xyz", "model_rescale": 4.19342608120988, "target_rescale": 4.058979716958624},
{"mapping": [1, 5, 0, 11, 2, 8, 4, 10, 3, 6, 7, 12], "R": [[0.7897120122843302, -0.25481138822331634, -0.5580556370878628], [-0.5915105375962044, -0.07502076260604593, -0.8027995821440471], [0.16269671652028866, 0.9640762633784289, -0.2099684186343345]], "T": [-0.0026923940723551434, 0.07372267307779924, -0.07381751603851394], "aligned_model": [[-0.30571709811942616, 0.5337996015873038, 0.21727932020008647, -0.4668916345176933, -0.498899473376302, -0.5525283865947533, -0.3078599560981566, -0.1362449578393515, 0.39855262290731414, 0.15543836031672545, 0.6061675616235292, -0.04528740545749564], [-0.6601503646414336, -0.11690977855546221, -0.6987347446420501, 0.4202306000348991, -0.2867135802426908, -0.1323134814481975, 0.383326079754182, 0.6257300769271155, 0.06159213932776246, -0.09657789579815444, 0.5210545683208546, -0.007757191295844859], [0.10864307712682056, 0.13798299805780295, -0.47020536732476925, -0.06980833363976162, -0.47824341374160984, 0.3908084292141692, -0.570687719359537, 0.5080745955677933, -0.6078034805267324, 0.5938188672945452, 0.026440709322514258, -0.11976190078181434]], "inverted": true, "swapped": true, "error_lsq": 0.04273762837080081, "error_max": 0.2517648380381064, "target": "302.xyz", "model": "26.xyz", "model_rescale": 3.795458400668931, "target_rescale": 4.058979716958624},
{"mapping": [3, 0, 7, 4, 10, 9, 1, 11, 6, 11, 8, 5, 12], "R": [[0.8499497108148907, 0.02652881453487449, -0.5261955065230585], [0.41481700185826387, -0.6494420034035743, 0.637300509323877], [-0.32482663692345937, -0.7599482260091974, -0.5629976462921217]], "T": [-0.11759688475562333, -0.09401294342261997, 0.022955118906830742], "aligned_model": [[-0.4033576069392819, -0.3839328922390367, 0.27944394881257717, -0.19793301181357398, 0.32587544249188816, -0.5240605249629798, -0.2688039983739128, 0.050995118267245204, 0.3479668084537739, 0.050995118267245204, 0.32996078408903495, 0.6113996780382102, -0.02309339120834808], [0.3529843684805446, -0.2715332724693046, 0.2084188468907689, 0.7080766466454913, 0.4619583548853084, -0.01655086094902508, -0.6662476141232695, 0.20218779767888234, -0.7188407395450986, 0.20218779767888234, -0.5205674174381392, -0.16598670492229328, -0.06769269792148348], [-0.490475277209601, -0.7443941210001792, -0.6182170009773099, 0.2444536038458546, -0.02080146839959134, 0.13767750156883282, 0.029042892767120656, 0.6517765953379338, -0.24912507595089609, 0.6517765953379338, 0.40830576943418, -0.15095364157003222, -0.11066724927722099]], "inverted": true, "swapped": false, "error_lsq": 0.05578997893275476, "error_max": 0.429774876815327, "target": "302.xyz", "model": "27.xyz", "model_rescale": 3.6321398670334006, "target_rescale": 4.058979716958624},
{"mapping": [7, 12, 8, 3, 0, 4, 6, 1, 9, 2, 13, 11, 14], "R": [[0.6649524813672667, -0.39721625577721376, 0.632500943611823], [0.6611114484423858, -0.08100401001857477, -0.745902140430849], [0.34751956817124136, 0.9141430941090363, 0.2087403967391847]], "T": [0.0930402561639303, 0.03961744997897457, -0.09499097654899398], "aligned_model": [[-0.5601887300383976, -0.3239425301658504, 0.052934929357161514, -0.14500268232799227, 0.5161760424856483, -0.6525966063354592, -0.2991308443107007, -0.16204104462779112, 0.3764454860179006, 0.4112614397080134, 0.23440478898414724, 0.6577338916427998, 0.08940133249336187], [0.2888857918440968, -0.30789142551732707, 0.21566079803708468, 0.6815244904435845, 0.49611806042327555, -0.07845443638461716, -0.6278717166787923, 0.17081088660132418, -0.5277899373001496, 0.12542329379572847, -0.601617897345958, -0.14153909722347155, 0.015135694196485729], [-0.4297215687164088, -0.7185875354040747, -0.5791706107352912, -0.041596306418450815, -0.05055008076899804, 0.24640608156902905, -0.027407861144304754, 0.5091522252830929, -0.3054725524000066, 0.6294510841039705, 0.3900972938880938, 0.15164486811689953, -0.03584591346652603]], "inverted": true, "swapped": false, "error_lsq": 0.04270518366345089, "error_max": 0.2358120270556411, "target": "302.xyz", "model": "28.xyz", "model_rescale": 4.156811204709835, "target_rescale": 4.058979716958624},
