[{"mapping": [11, 9, 12, 10, 6, 3, 13, 2, 5, 1, 4, 0, 8, 14], "R": [[0.6232751420944858, -0.057471626539615885, 0.7798878825767134], [-0.11808010489829973, 0.9789443431025875, 0.166508444034079], [-0.7730363420139476, -0.1958698170988435, 0.6033654188593844]], "T": [-0.013077146621923823, 0.05910328011941624, 0.12719885541840686], "aligned_model": [[0.12969379671631823, 0.3794816702048497, -0.46170011741008954, -0.46899786445268565, -0.5874324617013977, -0.055402753564218636, -0.6233168814340442, -0.08759342684483085, -0.3309561319574465, 0.25682508239845514, 0.5289650282049602, 0.11683909729372377, 0.5696623864543408, 0.005424677220369104], [-0.7002486430784783, -0.4688398778657734, -0.43838902694562387, -0.18462765276721843, 0.16680800692748066, 0.20693135932364687, 0.3213826561490213, 0.4434596134362063, 0.8109385636035747, -0.06769312277979134, 0.5717840567619453, 0.7876840243906219, -0.3065858472930497, 0.09266922194747246], [0.22784524600048217, -0.3349785449811703, 0.3885916055456217, -0.26341314736493754, 0.506990167630825, -0.5884721794573187, -0.14289088801547273, 0.7333219893545344, 0.20176276973102028, 0.7198114061456229, 0.33227238143628157, -0.20725102978664783, 0.14254435527009732, 0.18145395567089537]], "inverted": true, "swapped": true, "error_lsq": 0.03902741519315427, "error_max": 0.22438407295696775, "target": "303.xyz", "model": "0.xyz", "model_rescale": 3.8414455957264533, "target_rescale": 4.3115090260427555},
{"mapping": [9, 12, 10, 7, 8, 6, 5, 13, 11, 0, 4, 1, 3, 2, 14], "R": [[-0.5306741565863043, 0.4684910742869218, 0.7063292807500626], [0.7436499242955453, -0.14247269248449118, 0.653212310042799], [0.4066567712784882, 0.8719046078612648, -0.2727867760058207]], "T": [-0.04027424828075706, -0.08273797860691331, 0.03276325875219564], "aligned_model": [[-0.3932521334740441, 0.04871180819807367, 0.5374115655207653, -0.4911731251214466, -0.04500573122539448, 0.4655202943312792, 0.5872438410884007, -0.6591881217618201, -0.3219438212701719, -0.6067478576399242, -0.04227304566441965, 0.052636366206452824, 0.4069718684240654, 0.21707062133805335, -0.0009298301432383929], [-0.6663959943656753, 0.09495584921095487, -0.05692487007555633, -0.2744599198642572, -0.5139637632479028, -0.6747542291951996, -0.09309524090000679, -0.1717764054446011, 0.4975003152534859, 0.3080996016975889, 0.14531014409250176, 0.7769425469664759, 0.4874087576246334, -0.40433370823104, -0.00567050558554337], [0.048875775577974, -0.7039835968059757, -0.33328876537936314, 0.448561169087784, -0.6292974131129128, 0.09372073152552657, 0.2338516960497376, -0.3960313032448829, -0.5242386946733804, 0.26051532839918384, 0.5265317200683094, 0.004216755740228298, 0.32988359177743226, 0.645098569171931, 0.00875033658705774]], "inverted": true, "swapped": false, "error_lsq": 0.04258182250246272, "error_max": 0.318861903482752, "target": "303.xyz", "model": "1.xyz", "model_rescale": 4.316132596720782, "target_rescale": 4.3115090260427555},
{"mapping": [3, 7, 0, 12, 13, 10, 2, 11, 4, 9, 1, 14], "R": [[0.5205535888323912, 0.11264790376243389, 0.846365412178243], [-0.5976125122343566, -0.6599082776824274, 0.45539032737548707], [0.6098223072130592, -0.7428536294749739, -0.2761978254823876]], "T": [-0.06242957822109617, 0.056876230791801236, -0.08393903651841766], "aligned_model": [[-0.1374658905295173, 0.4642226583563068, 0.17404384540268103, -0.5730637339423773, -0.632787941467964, -0.5882540848442723, -0.01013789638495348, -0.05819431718691146, 0.5826622253310428, 0.1815024158979181, 0.22856998640539317, -0.033288712405565545], [-0.637624246501208, -0.34743255543034146, -0.594094713105946, 0.5225570125468484, -0.3206339095323619, -0.1690133639576313, 0.3882106017692788, 0.5263654946470285, -0.010509005728195492, -0.07150984341206418, 0.6389889263899062, 0.08747203005566714], [0.1348491419539883, 0.15424646216713683, -0.5080640265745733, 0.11476049504013142, -0.29913407821085414, 0.2199173185738404, -0.7228058732623872, 0.537905377424396, -0.5058658595484801, 0.6713414083281062, -0.21269554823128675, -0.13519635645059647]], "inverted": true, "swapped": true, "error_lsq": 0.04447013068430597, "error_max": 0.25038899750219207, "target": "303.xyz", "model": "2.xyz", "model_rescale": 3.795458400668931, "target_rescale": 4.3115090260427555},
{"mapping": [2, 4, 0, 9, 6, 10, 7, 1, 8, 11, 13, 14], "R": [[-0.2687282168786832, -0.9315867105526456, 0.2448087951338857], [-0.3475554350086274, -0.14325506192054432, -0.9266516102776192], [0.898326424552438, -0.3341020621843606, -0.2852813470856277]], "T": [0.047639802015569686, 0.08236801093171175, 0.039297621207901604], "aligned_model": [[0.04528879112491473, -0.23071000626689006, -0.733893167968278, 0.27243959243394644, 0.11731073165017011, 0.0070371804788621, -0.22104208810936796, 0.49363282742499986, 0.40773651931719396, 0.7502271114332123, -0.3647943972677799, 0.05007073149258141], [-0.1047170028240258, -0.6060817870474924, -0.13553292153746757, -0.02803767364904168, 0.4901841082468035, 0.6711360829088211, -0.350218083887891, -0.2922767333581259, -0.37153163827395286, 0.11552205283288196, 0.654925285898883, 0.042397355980317124], [-0.6575964818288127, -0.17810686125453518, 0.003377466323816594, 0.8033067777054081, -0.5215568780193136, 0.30678554590026247, 0.5273957846751554, -0.27826451941958275, 0.41058571463792337, 0.37455940491449324, -0.08801173699444835, -0.013702786001266322]], "inverted": true, "swapped": true, "error_lsq": 0.03946001314543098, "error_max": 0.2034583091525368, "target": "303.xyz", "model": "3.xyz", "model_rescale": 3.7530521520055578, "target_rescale": 4.3115090260427555},
{"mapping": [1, 9, 7, 3, 4, 10, 2, 12, 6, 13, 14], "R": [[0.5054576543196739, 0.8573308394335568, -0.09744943019744268], [0.01756002392355488, -0.12313627423499111, -0.9922343994880088], [-0.8626727103887415, 0.49982125777489517, -0.07729492238733729]], "T": [-0.0724798384842835, -0.08238520611778327, -0.016262233006008986], "aligned_model": [[-0.48396812559920155, -0.11562412723236747, 0.37046483741642255, 0.47423367409965644, 0.295121749939691, -0.10386795281839951, -0.16747185000586418, -0.6987833720094117, -0.33376127227819785, 0.17870200692802232, -0.07684596599514527], [-0.598420539875838, 0.04469714952884424, -0.283463923472222, 0.3279669358547828, -0.7602433559603388, 0.5620908071945849, -0.49317798485195435, 0.24614853137871906, 0.09734851804508265, 0.4621970235696207, -0.1379398030969355], [0.050813099108030696, -0.8089935856114476, -0.5270732236970881, -0.2780733918610036, 0.047642774492994006, -0.0755214926627632, 0.5693088823663952, 0.11372546851718263, 0.6043451934094468, 0.3767636569633275, 0.01989339622024211]], "inverted": true, "swapped": true, "error_lsq": 0.047128691428675845, "error_max": 0.24572746372039414, "target": "303.xyz", "model": "4.xyz", "model_rescale": 3.7855080009869324, "target_rescale": 4.3115090260427555},
{"mapping": [0, 14, 9, 4, 2, 5, 10, 1, 12, 11, 6, 13, 8, 7, 16], "R": [[-0.6751161896821667, -0.6444305196491538, 0.35906466795516734], [-0.3691040072799839, -0.12635041547939774, -0.9207593628728634], [0.6387334046680904, -0.754151760491816, -0.15256067615281532]], "T": [0.050056666475531954, -0.0025841446905465887, -0.024383156977792385], "aligned_model": [[-0.30755059238455257, 0.15445867731286075, 0.560981165147577, -0.3885876018410733, -0.03380048026503301, 0.2352043215844213, 0.7268726340560966, -0.6495054559662174, -0.3948138113933165, -0.6039126249128197, -0.22478360401017858, -0.04958994927970899, 0.46213359797769304, 0.20258863609724165, 0.0653577866836409], [-0.6945527918236581, 0.25097356268391907, -0.169161393360593, -0.3652936934491819, -0.33727464396729473, -0.7400313018065844, -0.17503976165856655, -0.25159248759812763, 0.3471327775927392, 0.4335230283538356, 0.22954650532990045, 0.7126982745109613, 0.4398105020561297, -0.235625082291693, 0.0037290833640732024], [-0.06645836483065015, -0.6428539385810921, -0.49141869752184925, 0.4478813589215552, -0.6776334430191411, 0.25309707815339133, 0.18332693011103512, -0.17173179455746357, -0.4023429368480869, 0.09632694135948125, 0.5202775218924457, 0.033142938189218527, 0.3358798761206189, 0.6711708607096974, -0.07549842933051021]], "inverted": true, "swapped": false, "error_lsq": 0.03462159402945205, "error_max": 0.2301639952746493, "target": "303.xyz", "model": "5.xyz", "model_rescale": 4.2253639853439635, "target_rescale": 4.3115090260427555},
{"mapping": [13, 10, 7, 0, 3, 8, 4, 5, 11, 12, 9, 1, 2, 14], "R": [[-0.8569861593124894, 0.4943692267853423, -0.14551216565803385], [-0.5029295760925065, -0.8639088050974808, 0.026896430366397966], [-0.11241247367725674, 0.09623224034961277, 0.9889907945370646]], "T": [0.0671263826608409, 0.022724659877909573, 0.024377088494232015], "aligned_model": [[0.49772466532291726, 0.05197466756800208, -0.45409846211560223, 0.2281593569404623, -0.16332491503383517, -0.5246160042865923, 0.08625750605236696, 0.7393762199884107, -0.4072361376192575, 0.2162623620438182, -0.7152451114755487, 0.09672162501068693, 0.6227339786762512, 0.0993724016857036], [-0.1892429930220888, 0.09970202549257834, -0.43334709795480747, -0.7705171611290413, -0.493533226390332, 0.17594124549488366, -0.3919865547148676, -0.4450916453413699, 0.6395507186267272, 0.6707316006481783, 0.07477763501448459, 0.39661156190546404, 0.08836035027736273, 0.023142687727818818], [-0.5083388842668268, -0.618811154576405, 0.15810710602073044, 0.09071449626574041, -0.4405956229857269, 0.3404704466417303, 0.6773357837514518, 0.05741011607728653, -0.016050551371899438, -0.24936147235133413, -0.153442159941213, 0.5715944880899104, 0.4800742202246202, 0.08245139735338389]], "inverted": true, "swapped": true, "error_lsq": 0.040637309201819, "error_max": 0.24279397958195525, "target": "303.xyz", "model": "6.xyz", "model_rescale": 3.89814844738969, "target_rescale": 4.3115090260427555},
{"mapping": [5, 0, 4, 13, 1, 7, 3, 6, 10, 9, 8, 12, 14], "R": [[0.6603877044892426, -0.008297554522168571, -0.750878971837926], [-0.7035809740604795, 0.34259800940530183, -0.622575631463063], [0.2624154963022113, 0.939445450540092, 0.2204095115007239]], "T": [-0.005519947565293434, 0.08457218851930254, 0.052974526277882475], "aligned_model": [[0.16978112689856095, -0.15087038999613922, 0.39404475052356386, -0.3158429070154903, 0.584596902334979, -0.2937636358534605, -0.6700810058167, 0.28289052736581327, -0.5118331356600907, -0.49345046866880043, 0.03315146604877535, 0.06304154420096468, 0.05696702654224654], [-0.45964634963386036, 0.011653535525981237, 0.4139919608419911, -0.5465898078307667, 0.3192668986386029, 0.6204625796467442, 0.07048010601753091, -0.5297982485525843, -0.22946843369322306, 0.6679955108128572, 0.7481010676801205, -0.20864655073175448, 0.08597899674884604], [-0.5343574379038039, -0.742714468242216, -0.5219490466840178, -0.0865448979744118, 0.24479390174230659, -0.3038133232234716, -0.2536027743020397, 0.2113858294446212, 0.30767365951781755, 0.31369542254730953, 0.2312533359329007, 0.7059748540921723, 0.030479975889128527]], "inverted": false, "swapped": true, "error_lsq": 0.05151113140595175, "error_max": 0.309816305684676, "target": "303.xyz", "model": "7.xyz", "model_rescale": 3.7474275329858107, "target_rescale": 4.3115090260427555},
{"mapping": [5, 1, 0, 9, 3, 6, 10, 8, 4, 4, 11, 13, 12, 7, 14], "R": [[0.6304665934655899, -0.6707175059535937, 0.3907043661533435], [-0.7409494664021417, -0.6700226965119527, 0.04542548180518821], [0.23131312708594032, -0.3181314403925569, -0.91939470515741]], "T": [0.046012202958523186, 0.0042516375787503, -0.02889300390467892], "aligned_model": [[-0.25900128083068846, 0.37277817788387113, 0.540480509519209, -0.4355132248075478, -0.05676402430410279, 0.36768335042532, 0.6649001207402457, -0.598267232142521, -0.5921430976633832, -0.5921430976633832, 0.05294049001258442, -0.20058399001914606, 0.36304744719723336, 0.10269391622073909, 0.02494463423820089], [-0.6372175701423475, 0.2937744738673372, -0.2580189902956627, -0.21114293326639458, -0.534521243371918, -0.7461298322438532, -0.1853636583420349, -0.14787102948051864, 0.40562413156709953, 0.40562413156709953, 0.12283495501636918, 0.8568627597184146, 0.4889078755609038, -0.4547601379900121, 0.05023964577137595], [0.06333223274084607, -0.6406138102766313, -0.37664068425399533, 0.5207240276304953, -0.4907321174998683, -0.04872784779133317, 0.3664386852690314, -0.1931276516778538, -0.23837755990645823, -0.23837755990645823, 0.581328227497386, 0.11378292505753687, 0.18380303201240916, 0.47108000056145155, -0.060725998687908]], "inverted": true, "swapped": false, "error_lsq": 0.04389293747637891, "error_max": 0.310600409223506, "target": "303.xyz", "model": "8.xyz", "model_rescale": 4.019505241142653, "target_rescale": 4.3115090260427555},
{"mapping": [4, 7, 1, 2, 5, 6, 11, 0, 13, 3, 9, 10, 14], "R": [[0.8962940536314389, 0.198433816788255, 0.3965866737294243], [-0.2841392239249766, 0.9435854480095401, 0.17003353708003482], [-0.34047301046079353, -0.2650858778952225, 0.9021128568467938]], "T": [0.06139392695329929, 0.025965346689904384, -0.03308383072047415], "aligned_model": [[-0.3810782263120964, -0.6383470706197698, 0.14163106525373723, 0.36433724795035194, 0.254259004290471, 0.7237365066062835, 0.10595657452508547, -0.3271159129952568, 0.410564577429103, -0.27761707348520304, -0.42089757715342435, 0.29719166521072476, 0.06707999104116971], [-0.45399472594873846, 0.03970967398934367, 0.09613975249513612, -0.4434999734830455, -0.7566566217963524, -0.18907810340302902, 0.7746312241911237, -0.633323746603723, -0.25565818832879195, -0.025560300555605306, 0.6485626318054963, 0.27485258868748785, -0.012745982935243302], [-0.4484910662865412, 0.05486009729631185, -0.6878751949770623, -0.4896967717216307, 0.11580887062411356, -0.06109094980885006, -0.24437073464486408, 0.23887729296602328, 0.5262903874127021, 0.613635797419847, 0.1287861102972791, 0.5167350237352829, -0.08676536826873246]], "inverted": false, "swapped": true, "error_lsq": 0.05017663465817701, "error_max": 0.28335425582398654, "target": "303.xyz", "model": "9.xyz", "model_rescale": 3.877068213659057, "target_rescale": 4.3115090260427555},
{"mapping": [10, 4, 13, 11, 6, 14, 2, 12, 5, 0, 8, 1, 7, 9, 15], "R": [[0.7039005901880312, 0.36078866056570263, -0.6118459786091169], [0.2902418469741675, 0.6400999219217606, 0.711359093721856], [0.6482928577409793, -0.6783093928016645, 0.34585074561011436]], "T": [0.015232881995415122, -0.07094471754976062, -0.08473089886693429], "aligned_model": [[-0.21069306356471232, 0.4286892250371127, 0.5613043250209823, -0.5523390180424695, -0.16366498515915742, 0.38345949766710474, 0.6404776934865792, -0.6866626825963594, -0.3848398891179822, -0.6559244166414558, -0.02927618219805677, -0.16065987234212786, 0.412545768982982, 0.23580520719478865, -0.06316890892059701], [-0.7121721680605482, 0.39055099135420335, -0.4666113318741699, -0.25585092955579464, -0.48618332057038804, -0.7387803347130301, -0.07632657887840008, -0.1274173264960107, 0.4912319476359075, 0.2858628414626321, 0.19106224323756538, 0.7744524095650839, 0.5659926571991617, -0.35327624215954256, -0.03369228021081082], [0.11774281126372953, -0.3570656979778538, -0.4627420169371643, 0.3492358133503386, -0.5041078543781672, 0.08238072430067893, 0.13751967868354825, -0.3344280685720151, -0.45201092442903623, 0.15191711391125523, 0.6396269074081883, 0.0005453970244499035, 0.23579962994173365, 0.4695993848694958, -0.060846997690531715]], "inverted": true, "swapped": false, "error_lsq": 0.03645213559850581, "error_max": 0.2790713936112504, "target": "303.xyz", "model": "10.xyz", "model_rescale": 4.260839863003843, "target_rescale": 4.3115090260427555},
{"mapping": [5, 13, 10, 3, 9, 7, 4, 2, 12, 11, 1, 14], "R": [[0.9064678837207121, -0.29707807557596344, -0.30010097099972194], [-0.3107805513147265, 0.011801285586866106, -0.9504084272474713], [0.28588708384152034, 0.954780260934724, -0.0816286017399056]], "T": [0.01947909455281222, 0.026457590156952787, -0.023713217066709414], "aligned_model": [[0.5282081851154727, 0.12685323443514923, -0.25272042235343545, -0.4890267876288101, -0.7342180494512789, -0.47662237019395065, 0.22933881445917495, 0.716748686772279, 0.16809903410158503, -0.28737151879022216, 0.35685245852292186, 0.07275738410524465], [-0.1632276859252478, -0.6062447266052629, -0.5579633117310913, -0.2369957404933706, 0.18059276219684364, 0.4162533353784734, 0.6587877601616497, 0.20238105474121373, -0.3602952625015794, 0.11027122056224156, 0.4638559033476385, 0.06566319640142507], [-0.6377794419807433, -0.3435413693461455, 0.04113921344975123, -0.4796120419393773, 0.20999026179535657, -0.33915436589768444, -0.4171899040075027, -0.08315874546294805, 0.5640126372699625, 0.6875859871452183, 0.34367772620652837, -0.0297918798369112]], "inverted": false, "swapped": true, "error_lsq": 0.0418256484116196, "error_max": 0.24979477507733405, "target": "303.xyz", "model": "11.xyz", "model_rescale": 3.890672605050136, "target_rescale": 4.3115090260427555},
{"mapping": [8, 9, 7, 1, 4, 6, 10, 2, 12, 13, 0, 3, 5, 14], "R": [[0.2504474167326315, -0.06412694175337158, 0.9660040511267598], [0.7308959043512838, 0.666859093965506, -0.1452243980811202], [-0.6348757897844828, 0.7424194799012648, 0.21388325649443676]], "T": [0.09395646658036963, -0.07597071543085666, 0.034074840048859065], "aligned_model": [[0.6072066117319128, 0.2305544456776362, 0.43911810948491103, 0.5698515738065212, 0.7064447422795492, -0.2705395136361617, -0.49601774770677276, 0.29578481357951136, -0.2447545777518055, -0.5538476300596352, 0.12811206104089595, -0.22213060656180558, -0.11485739913529505, 0.13495095204423135], [-0.10918277243545489, 0.11903312703239567, 0.4782198308894535, -0.5268595058004949, 0.20621078893982525, -0.48961442180001297, -0.04079102510604327, -0.36491806668188664, -0.6868785789994611, 0.09232820462824563, 0.6206102440315455, 0.5518851348057985, 0.17674777417233534, -0.09463821384848034], [-0.4231129041599891, -0.733876229813689, -0.2329397350760271, 0.13574746141262048, 0.4134666689347667, 0.4604166531003699, -0.23151699185950608, 0.6637116139305529, -0.13666984070054217, 0.29128448299715937, 0.45021570484237566, -0.17016918478505932, 0.785335949533988, 0.08289678699984127]], "inverted": true, "swapped": true, "error_lsq": 0.04762673825017707, "error_max": 0.25617645309320314, "target": "303.xyz", "model": "12.xyz", "model_rescale": 4.124412569039231, "target_rescale": 4.3115090260427555},
{"mapping": [0, 4, 8, 5, 7, 3, 2, 10, 1, 6, 9, 11, 14], "R": [[-0.7433641897618795, 0.667316690537439, 0.04580519522744819], [0.35158100343007403, 0.44806760066838347, -0.8219648552452719], [-0.5690346908640693, -0.5949150021317653, -0.5676932805941911]], "T": [0.09532526501646589, 0.09778049994760867, -0.11213798703314411], "aligned_model": [[-0.23188736691595657, -0.13264705191227683, 0.6333959863011072, -0.6508289415046375, 0.4781737156007887, 0.30242375746206035, -0.5129854538736567, 0.24956709287230883, 0.03655178929015194, -0.43203148876167563, 0.8914451482293106, 0.6828902271463466, 0.05323089357588652], [-0.31979710386383575, 0.3824425658368248, 0.4669498072501547, -0.17640073569074977, -0.040502028703710405, -0.5718914370439944, 0.4829261964867187, -0.37705069616624004, 0.7585801094211779, 0.13754282379878852, 0.01552336715416229, 0.44542031106967145, 0.1437421969595091], [0.5027812721940799, 0.5702860600673912, 0.1063644320045324, 0.08771613537105095, 0.46393970811523605, 0.09876326805324641, -0.06429885877681667, -0.5251646194048379, -0.11020641555079948, -0.5660538259453887, -0.03557920027623314, -0.48769431897758175, -0.08915555590604027]], "inverted": false, "swapped": true, "error_lsq": 0.044458461169474606, "error_max": 0.31383734240895783, "target": "303.xyz", "model": "13.xyz", "model_rescale": 3.9028299243045295, "target_rescale": 4.3115090260427555},
{"mapping": [10, 6, 9, 5, 7, 14, 11, 4, 3, 0, 12, 2, 1, 13, 15], "R": [[0.2670523177427372, -0.9636684672704534, 0.005113196343490944], [0.15556163050187724, 0.048344417519709, 0.9866424866233348], [-0.9510434473271079, -0.2626897456759494, 0.16282032678039754]], "T": [-0.0743925222431077, 0.05746409128162847, 0.0535202687125264], "aligned_model": [[-0.20957126895093553, 0.2632626318160225, 0.45488642294651643, -0.3958548279138832, -0.06991819588038517, 0.44468116145734576, 0.6408668342916676, -0.6669250006434826, -0.3440626494384927, -0.7943822497745048, 0.1859947676594622, -0.12663219332842934, 0.45821283699432863, -0.06479846076643439, -0.02070710966216411], [-0.6640227955725501, 0.30314461759902844, -0.2747369167284427, -0.13695572082077365, -0.4548812431329899, -0.6425414418887216, -0.04327687259930795, -0.19027691768781319, 0.29267845662150394, 0.4600110894172703, 0.0709299048153954, 0.7866388345974674, 0.42951776994306273, -0.48905490582725636, 0.0016687191999861309], [-0.07507203504217327, -0.4661318631747076, -0.4051209253811939, 0.4013201484566807, -0.6935474621822986, 0.2071608141537863, 0.20880065840718554, -0.16302748213753593, -0.4570105041840105, -0.028863684737017413, 0.6987004141633568, 0.14141213426879903, 0.0432077884647101, 0.6313405622110451, -0.0300026625179765]], "inverted": true, "swapped": false, "error_lsq": 0.04323845739789931, "error_max": 0.3059384716558171, "target": "303.xyz", "model": "14.xyz", "model_rescale": 3.942246331269136, "target_rescale": 4.3115090260427555},
{"mapping": [12, 5, 3, 8, 1, 13, 4, 0, 2, 7, 6, 9, 10, 11, 14], "R": [[0.8729855705434213, -0.42017650922432503, 0.24768507165155987], [0.48680540313341014, 0.7190740719729452, -0.49593646618933585], [0.03027694012108481, 0.5535198100450506, 0.832285483944419]], "T": [0.055867292939982056, -0.02768868020709475, 0.03209834283833739], "aligned_model": [[0.03468883339512588, 0.07327325585639405, 0.4899549284332092, -0.5428502414763149, -0.04626735100862569, 0.2947453537443986, 0.6145440988195852, -0.6319444741336301, -0.4473383770308629, -0.649875699962953, -0.15404593746950382, -0.00040172101715762326, 0.5654237289645622, 0.17171079840569117, -0.01656449671328674], [-0.7906034158074886, 0.22336987049098023, -0.2661293633150469, -0.24757448446551886, -0.3608833640488989, -0.7483012869580286, -0.16550848254227982, -0.12545856000723601, 0.31719407213935674, 0.4379056062606997, 0.24356973418765848, 0.7745081116214185, 0.38747617829519637, -0.17422593150140936, -0.05649610641354463], [-0.2604573565042611, -0.5505217690402768, -0.48872974381939943, 0.47030887826153756, -0.6994693252181933, 0.32293264199038385, 0.144124703928304, -0.20888611007761032, -0.42669121620002576, 0.15909557314668826, 0.47385019360697817, 0.07052244179581223, 0.30957067445693814, 0.724354177686317, -0.026837863244542473]], "inverted": false, "swapped": false, "error_lsq": 0.046147823916677135, "error_max": 0.37527852664480665, "target": "303.xyz", "model": "15.xyz", "model_rescale": 4.355366556412066, "target_rescale": 4.3115090260427555},
{"mapping": [3, 7, 0, 12, 13, 10, 2, 11, 4, 9, 1, 14], "R": [[0.5205535888323912, 0.11264790376243389, 0.846365412178243], [-0.5976125122343566, -0.6599082776824274, 0.45539032737548707], [0.6098223072130592, -0.7428536294749739, -0.2761978254823876]], "T": [-0.06242957822109617, 0.056876230791801236, -0.08393903651841766], "aligned_model": [[-0.1374658905295173, 0.4642226583563068, 0.17404384540268103, -0.5730637339423773, -0.632787941467964, -0.5882540848442723, -0.01013789638495348, -0.05819431718691146, 0.5826622253310428, 0.1815024158979181, 0.22856998640539317, -0.033288712405565545], [-0.637624246501208, -0.34743255543034146, -0.594094713105946, 0.5225570125468484, -0.3206339095323619, -0.1690133639576313, 0.3882106017692788, 0.5263654946470285, -0.010509005728195492, -0.07150984341206418, 0.6389889263899062, 0.08747203005566714], [0.1348491419539883, 0.15424646216713683, -0.5080640265745733, 0.11476049504013142, -0.29913407821085414, 0.2199173185738404, -0.7228058732623872, 0.537905377424396, -0.5058658595484801, 0.6713414083281062, -0.21269554823128675, -0.13519635645059647]], "inverted": true, "swapped": true, "error_lsq": 0.04447013068430597, "error_max": 0.25038899750219207, "target": "303.xyz", "model": "16.xyz", "model_rescale": 3.795458400668931, "target_rescale": 4.3115090260427555},
{"mapping": [5, 0, 4, 13, 1, 7, 3, 6, 10, 9, 8, 12, 14], "R": [[0.6603877044892426, -0.008297554522168571, -0.750878971837926], [-0.7035809740604795, 0.34259800940530183, -0.622575631463063], [0.2624154963022113, 0.939445450540092, 0.2204095115007239]], "T": [-0.005519947565293434, 0.08457218851930254, 0.052974526277882475], "aligned_model": [[0.16978112689856095, -0.15087038999613922, 0.39404475052356386, -0.3158429070154903, 0.584596902334979, -0.2937636358534605, -0.6700810058167, 0.28289052736581327, -0.5118331356600907, -0.49345046866880043, 0.03315146604877535, 0.06304154420096468, 0.05696702654224654], [-0.45964634963386036, 0.011653535525981237, 0.4139919608419911, -0.5465898078307667, 0.3192668986386029, 0.6204625796467442, 0.07048010601753091, -0.5297982485525843, -0.22946843369322306, 0.6679955108128572, 0.7481010676801205, -0.20864655073175448, 0.08597899674884604], [-0.5343574379038039, -0.742714468242216, -0.5219490466840178, -0.0865448979744118, 0.24479390174230659, -0.3038133232234716, -0.2536027743020397, 0.2113858294446212, 0.30767365951781755, 0.31369542254730953, 0.2312533359329007, 0.7059748540921723, 0.030479975889128527]], "inverted": false, "swapped": true, "error_lsq": 0.05151113140595175, "error_max": 0.309816305684676, "target": "303.xyz", "model": "17.xyz", "model_rescale": 3.7474275329858107, "target_rescale": 4.3115090260427555},
{"mapping": [4, 1, 2, 8, 0, 3, 5, 12, 7, 13, 9, 11, 10, 14], "R": [[0.7563741104781881, -0.6168636396030228, -0.2176636284132969], [0.6540869447199377, 0.7174248920728176, 0.23973275325087218], [0.00827488642020098, -0.3236985856781245, 0.9461240679132493]], "T": [0.054374743881990054, 0.024970074862617167, 0.025158098249280048], "aligned_model": [[0.36766410398000615, 0.22362308292696154, 0.7206284014004621, -0.3996942228289529, 0.3429574605423585, -0.2495006121203635, 0.7543336690375572, -0.001684334342775963, -0.31094493787913285, 0.2906581239341854, -0.7381586371421336, -0.48774620774182553, -0.20220273117500553, 0.10491448929153581], [-0.5130886655167577, 0.2571237183987105, 0.11458622343466172, -0.04664349355995942, -0.6991637911788017, -0.40882754073168925, -0.26169023281809506, 0.7351661641386917, -0.5613806298423001, 0.052813810952926823, -0.07297823940652377, 0.5014048096829475, 0.24346713966054384, 0.019618968296877683], [-0.434242617742745, -0.5728167020736095, -0.2370302505191405, -0.4869378458580458, 0.25300676900783087, 0.5304392327511289, 0.34098477733565463, 0.12296520357565018, -0.11730202214407222, 0.7015650506188339, -0.06828343355658885, -0.26851416589972377, 0.5785776834462528, -0.017616960279770184]], "inverted": false, "swapped": true, "error_lsq": 0.029951301435905832, "error_max": 0.17404744613567685, "target": "303.xyz", "model": "18.xyz", "model_rescale": 3.922800546911778, "target_rescale": 4.3115090260427555},
{"mapping": [3, 10, 2, 12, 9, 0, 1, 7, 11, 13, 8, 4, 6, 5, 14], "R": [[-0.11039135020765262, -0.33699122596420256, -0.9350137236546185], [0.18745800417083303, -0.9309382301872046, 0.31339034485478867], [-0.9760498176177379, -0.14068022319807155, 0.16593923083261958]], "T": [0.004284103053761947, -0.004706591772070244, 0.07956233070710443], "aligned_model": [[-0.18263376874639073, 0.27240087079130393, 0.41494762145093855, -0.582655679809465, -0.035131852142858216, 0.31707603695808373, 0.7216142215518088, -0.6605679766074819, -0.3941350750711858, -0.5733910100975398, 0.02187566294847162, -0.04735798433690336, 0.46458068360201166, 0.08442724486499868, -0.06599629654916128], [-0.6052613560791213, 0.39179969818578275, -0.2705889228819309, -0.37066320457769264, -0.27457115963480194, -0.774455061933111, -0.0845086225174303, -0.2709745130632768, 0.3195256894360093, 0.35476854928848955, 0.30311666695705863, 0.6986698542712981, 0.5057321216552506, -0.4294770284374172, -0.04427013273324856], [-0.03682034779321704, -0.5696655246296317, -0.4436881097600052, 0.4539838757640324, -0.687485701298182, 0.16951306414496936, 0.2440377420011346, -0.27439264569531074, -0.41377244314697, 0.17381111544890704, 0.6080753697396994, -0.08310853040053358, 0.137416886995799, 0.7085940255695092, 0.026667123828449338]], "inverted": false, "swapped": false, "error_lsq": 0.03725129107731208, "error_max": 0.18554758054288578, "target": "303.xyz", "model": "19.xyz", "model_rescale": 3.9282355846067225, "target_rescale": 4.3115090260427555},
{"mapping": [3, 7, 8, 0, 13, 4, 2, 1, 6, 12, 9, 10, 11, 14], "R": [[-0.05719762353241137, -0.6249017097783276, 0.7786053461018412], [-0.9972499920089053, -0.0010516064708640527, -0.07410362718564706], [0.04712626974929662, -0.7807027265483026, -0.6231230756917635]], "T": [-0.042988132724029945, -0.06319012635227546, 0.019818914075141626], "aligned_model": [[-0.5944220884660849, -0.021551190449734067, 0.4946144239909193, -0.5232366643434625, -0.710260301967225, 0.17310452151459033, 0.11477791017427809, 0.5583845634802843, -0.20140100583994197, 0.0873091529524022, 0.15231348084753932, -0.4526835543671459, 0.46874959550333334, -0.013176023945076006], [-0.5388742381498826, -0.7370628680147987, -0.4860672958510453, -0.3183329967451484, 0.1825256395051149, -0.2289120549786704, 0.467840910152406, 0.1707078792693288, 0.6140907884514754, 0.37950163796067016, -0.7206910174051568, -0.06267109923865669, -0.16632992765884613, -0.032843269871954454], [0.09381111908573188, -0.1875370365089989, 0.09536874010796952, -0.583362916416024, 0.11203111014931626, -0.7044370187688397, -0.44254850957028813, -0.13431343010982977, 0.06365612478281267, 0.5713023267736651, 0.4393236341593515, 0.5218105448888902, 0.5982782993031547, -0.031199830633228964]], "inverted": true, "swapped": true, "error_lsq": 0.04131477540228929, "error_max": 0.2817587409879517, "target": "303.xyz", "model": "20.xyz", "model_rescale": 4.067790424073018, "target_rescale": 4.3115090260427555},
{"mapping": [12, 8, 7, 11, 0, 9, 1, 3, 2, 6, 13, 4, 5, 10, 14], "R": [[0.02277319509465405, 0.990428622057034, -0.13613422125015537], [-0.995383919926681, 0.009764085402713762, -0.09547520404609498], [-0.09323214862146952, 0.13768009023258937, 0.9860790836525083]], "T": [-0.04538068638707092, 0.014823158390600534, -0.007283978438831875], "aligned_model": [[-0.2718851525250112, 0.3815177509827006, 0.5260476506807121, -0.46237830329223, -0.07750600964770982, 0.3658563796285184, 0.7341692635312794, -0.823540332356858, -0.48788427822436475, -0.5980362360875109, 0.08536872826410515, -0.05546539649726225, 0.27029638380303767, 0.1975150370514741, -0.029022786504249824], [-0.716643483247608, 0.26043768284213314, -0.2649865070474887, -0.2403015366935192, -0.17799309133397223, -0.6359159740390389, -0.1093855805765927, -0.2607067388708797, 0.29323952145312376, 0.4791936257663833, 0.08306000870442873, 0.7649090278731794, 0.47281317559482444, -0.4564072092730366, -0.04247034321607803], [0.018525823725749714, -0.29468461565932985, -0.3969507128827139, 0.41586685924532196, -0.6901074453528723, 0.09982604223384055, 0.21672308847044275, -0.21294354605014895, -0.5368090784379378, 0.15546986977949215, 0.6770929848678101, -0.28967020643310887, 0.19035015918761639, 0.6174002855542094, 0.043076392520278124]], "inverted": false, "swapped": false, "error_lsq": 0.04255571803413645, "error_max": 0.27389870848544695, "target": "303.xyz", "model": "21.xyz", "model_rescale": 4.186013935880536, "target_rescale": 4.3115090260427555},
{"mapping": [4, 2, 0, 9, 11, 7, 8, 1, 13, 6, 12, 10, 14], "R": [[-0.8032968642605979, -0.38205630014749037, 0.45688853278091923], [0.5938348325272347, -0.45513185350490276, 0.6634871420024225], [-0.04554491789916282, 0.8042934659953432, 0.592484329759662]], "T": [0.03128173069812084, 0.009076539779075903, 0.0011991577570767582], "aligned_model": [[0.0025167889699514376, -0.4886201688871605, 0.520056999255751, 0.4211100380070548, -0.20323106291937373, 0.5298044903151742, 0.013433567582438376, -0.5371457922623968, 0.2722426300091688, -0.3861042614546882, -0.3785981546330169, 0.3054538624652296, -0.012344901024906908], [-0.2847041012630544, 0.21446652524240828, 0.19575691880626414, -0.5494754972177924, -0.43212191959566, -0.44549161740617355, -0.6720285627896153, -0.306941740320565, 0.6811566738193054, 0.5659689600239547, 0.20946396807009224, 0.33878564069018446, 0.004121411486744324], [-0.7140434319839836, -0.45507344623151164, -0.6199401422411522, 0.4283851417959057, 0.5990923342847154, -0.20472158745693345, 0.09777383358682286, -0.1297083442494916, 0.06736268981139538, 0.0384220377811767, 0.5570144989546818, 0.4869642823288078, -0.04864830504508716]], "inverted": false, "swapped": true, "error_lsq": 0.048358603336654135, "error_max": 0.2692477335391, "target": "303.xyz", "model": "22.xyz", "model_rescale": 4.166573947596378, "target_rescale": 4.3115090260427555},
{"mapping": [11, 1, 6, 9, 2, 12, 13, 3, 4, 8, 10, 0, 7, 14, 15], "R": [[-0.14145935107873, 0.9897458530300158, -0.01980904849484804], [-0.9890559891993462, -0.14215155343487004, -0.03951184739993932], [-0.041922574125254075, 0.014002937761052534, 0.999022730228283]], "T": [-0.036663287876296545, -0.08099589703798377, 0.011776083189537805], "aligned_model": [[-0.370957752398952, 0.2699514886546268, 0.5047404503258716, -0.4497732015195027, -0.08883173173015002, 0.22102584831995906, 0.6450891961165466, -0.5634778646083554, -0.4541206396845844, -0.6324841818811567, 0.18854533251788422, 0.013774053693966372, 0.20327744593404815, 0.26114478264437707, 0.007149472422052411], [-0.789330815383771, 0.22941305661310107, -0.3177411698261021, -0.28054519646877585, -0.22425493528572935, -0.6825550189833667, 0.0692881779206666, -0.22508464691415375, 0.32524811373811124, 0.4326944082866067, 0.1832403185930485, 0.6838043911684588, 0.5387254834844821, -0.4459007677096061, -0.04815882129711168], [-0.08097186486313653, -0.5519017691102238, -0.46774586629772125, 0.39903496640395414, -0.6436356504674741, 0.04500689900775734, 0.49077648640351756, -0.2394837144658147, -0.4360505311316269, 0.1993897093043914, 0.6754036389414211, -0.2698129019868738, 0.27590389776441, 0.6474902891918309, -0.030237687925761165]], "inverted": false, "swapped": false, "error_lsq": 0.044701284344429854, "error_max": 0.3197016839265644, "target": "303.xyz", "model": "23.xyz", "model_rescale": 4.274766983524099, "target_rescale": 4.3115090260427555},
{"mapping": [8, 10, 12, 1, 6, 2, 4, 5, 0, 13, 14], "R": [[0.88840079205628, 0.3475870256608555, -0.2998787959593243], [-0.22931505895977897, -0.2298882678082465, -0.9458149861671661], [-0.3976916348228201, 0.9090295066258101, -0.12452597992221917]], "T": [0.044701296803186547, 0.09705462595891619, -0.13413398049852196], "aligned_model": [[0.13727623212938644, 0.2283171260627659, -0.4266862468804561, -0.4524330359728572, -0.4629612901166118, -0.47357191013949396, 0.11040703466367094, 0.019018689368576126, 0.5317355613313529, 0.16308993166734678, 0.005702611844394925], [-0.2837404220737303, 0.7152099043504363, 0.5719392048896496, -0.29842424714523696, 0.42462410344306306, -0.18609421894816475, -0.6267605685140396, 0.07954413843163483, -0.15809219178787415, 0.6272059996524554, 0.050174828945290045], [-0.699796776187346, -0.1975018300244526, -0.397507775095566, -0.32536183516763506, 0.21328897820100498, 0.28045899467673874, 0.13134816459891244, 0.6849489863791818, 0.4635804861482228, 0.3338992732859486, -0.10779023279343261]], "inverted": true, "swapped": true, "error_lsq": 0.05022828717913708, "error_max": 0.24747148819985154, "target": "303.xyz", "model": "24.xyz", "model_rescale": 3.7841303162186577, "target_rescale": 4.3115090260427555},
{"mapping": [2, 10, 14, 4, 9, 12, 13, 8, 0, 0, 6, 7, 11, 3, 15], "R": [[-0.1637316530261242, -0.6421712779750335, -0.7488711474888354], [-0.7826046845410792, -0.37760992674922367, 0.49491479161043866], [-0.6006012433650889, 0.667103285079873, -0.44073955291526884]], "T": [-0.06272448796792154, -0.04606840243824822, -0.020300839946580697], "aligned_model": [[-0.3718882261283091, 0.22981718911184038, 0.5462696747622248, -0.4517205158049512, 0.04887032200529476, 0.3545900882357411, 0.6806893918205194, -0.584132585291668, -0.5702524364706706, -0.5702524364706706, -0.12688837315320142, -0.07896797168888622, 0.47608838884458926, 0.23134771297421716, -0.058517523939438716], [-0.7308672582073388, 0.372152615658277, -0.28099173897475754, -0.33749547053507345, -0.40286965364387745, -0.6793237634572309, -0.17706562124572567, -0.18850765147737256, 0.44846496696871235, 0.44846496696871235, 0.23950809240480725, 0.6039456077448783, 0.41480104184947963, -0.2539509760185239, -0.02742258009910832], [-0.08557976511589868, -0.607468322417183, -0.4711179847200725, 0.5457881081577403, -0.4701676803018827, -0.02314665385668433, 0.18506597644215314, -0.25968012062321694, -0.21824547206168196, -0.21824547206168196, 0.6402712709346715, -0.025148097162398027, 0.27416071656909236, 0.7003296228204597, 0.04634977416523272]], "inverted": true, "swapped": false, "error_lsq": 0.04278710854626961, "error_max": 0.29429204206189413, "target": "303.xyz", "model": "25.xyz", "model_rescale": 4.19342608120988, "target_rescale": 4.3115090260427555},
{"mapping": [3, 7, 0, 12, 13, 10, 2, 11, 4, 9, 1, 14], "R": [[0.5205535888323912, 0.11264790376243389, 0.846365412178243], [-0.5976125122343566, -0.6599082776824274, 0.45539032737548707], [0.6098223072130592, -0.7428536294749739, -0.2761978254823876]], "T": [-0.06242957822109617, 0.056876230791801236, -0.08393903651841766], "aligned_model": [[-0.1374658905295173, 0.4642226583563068, 0.17404384540268103, -0.5730637339423773, -0.632787941467964, -0.5882540848442723, -0.01013789638495348, -0.05819431718691146, 0.5826622253310428, 0.1815024158979181, 0.22856998640539317, -0.033288712405565545], [-0.637624246501208, -0.34743255543034146, -0.594094713105946, 0.5225570125468484, -0.3206339095323619, -0.1690133639576313, 0.3882106017692788, 0.5263654946470285, -0.010509005728195492, -0.07150984341206418, 0.6389889263899062, 0.08747203005566714], [0.1348491419539883, 0.15424646216713683, -0.5080640265745733, 0.11476049504013142, -0.29913407821085414, 0.2199173185738404, -0.7228058732623872, 0.537905377424396, -0.5058658595484801, 0.6713414083281062, -0.21269554823128675, -0.13519635645059647]], "inverted": true, "swapped": true, "error_lsq": 0.04447013068430597, "error_max": 0.25038899750219207, "target": "303.xyz", "model": "26.xyz", "model_rescale": 3.795458400668931, "target_rescale": 4.3115090260427555},
{"mapping": [3, 7, 9, 10, 12, 5, 0, 13, 4, 8, 6, 1, 14], "R": [[-0.7551218637021084, 0.5240428225361076, -0.3939163503936389], [0.6545315691371631, 0.6366789884556747, -0.40771103818991933], [0.03714022027260107, -0.5657022059418265, -0.8237727952722487]], "T": [-0.08514980668613978, 0.03336445632584892, -0.0713185524667768], "aligned_model": [[-0.02446351261650495, 0.41295974794929413, 0.6278159016412113, -0.22765968089966596, -0.24430819296581646, -0.7635609983628601, -0.2897139166770669, -0.6531996843704123, 0.027793451039971828, 0.578177553528324, -0.6994558151500776, 0.056709824067342735, -0.10141829436248329], [-0.6624677129096981, -0.41444063717848134, -0.1403690281574981, -0.168207293224308, 0.524326654124512, -0.24374564818945646, -0.6151118659625877, -0.2962309536373007, -0.060904883342447064, 0.19053867557717918, 0.3454937933257761, 0.5991072085609611, 0.0638931942702633], [-0.2903263014926614, 0.14985552943469066, -0.3998469793806064, -0.670406167800674, -0.5720301098891314, 0.2958753542236177, 0.37274995734279287, -0.35909915767903094, 0.6883284453130905, 0.02271582250842967, -0.17586128018115388, 0.24479085858213628, -0.014609308882073568]], "inverted": false, "swapped": true, "error_lsq": 0.04775785548266033, "error_max": 0.3202832622607175, "target": "303.xyz", "model": "27.xyz", "model_rescale": 3.6321398670334006, "target_rescale": 4.3115090260427555},
