[{"mapping": [5, 6, 1, 12, 11, 10, 0, 4, 9, 2, 8, 13], "R": [[0.9288747231256707, 0.2706317907904331, -0.25288373326841773], [0.3681555246063447, -0.5996404909665165, 0.7105580843923054], [0.040660280865189635, -0.7531199873904546, -0.6566254839350705]], "T": [0.0032944694761756453, -0.002937623227379109, -0.12022296137319505], "aligned_model": [[-0.18474312087110276, 0.5990249985430299, -0.2281182196455367, -0.457915361369303, -0.4151691869122295, -0.716026868835917, 0.12506947677323402, 0.736601978965179, -0.03936515995935588, 0.6881025919052114, 0.14758253234423782, -0.009381925752703048], [0.6990905650161455, 0.4668135044981605, -0.09457381288101033, -0.3500870946908708, 0.3549497959118725, -0.24456043430750463, -0.6844657758990165, 0.020241749012701656, -0.6231760239580297, -0.34397348109793446, 0.4298801326272972, -0.020988644163811056], [-0.3304598467418217, -0.02543214469793384, -0.6408908876776613, -0.1637263447785041, 0.30857373211589106, 0.542818631633053, -0.46096136439582697, 0.4922531931346123, 0.26736916192104143, -0.19762208611900153, 0.5141498602021022, 0.04118748408357514]], "inverted": true, "swapped": false, "error_lsq": 0.05041106583058569, "error_max": 0.3371778992577682, "target": "304.xyz", "model": "0.xyz", "model_rescale": 3.8414455957264533, "target_rescale": 3.825975173924289},
{"mapping": [0, 1, 7, 9, 13, 8, 2, 10, 6, 5, 12, 14], "R": [[-0.1198474352878888, -0.4809062315730761, -0.86854233557674], [-0.7521517821951111, 0.6149996706613077, -0.2367342426164861], [0.6480002228360987, 0.6249036737935425, -0.4354206123780779]], "T": [0.05528792128227662, 0.00439517483482673, -0.038152919372657954], "aligned_model": [[-0.10139939002968566, 0.6261626993148514, -0.3108649106559857, -0.5577710215832902, -0.575930796474201, -0.3549311473265811, 0.20721267387590186, 0.43367380631282115, 0.11337988066740336, 0.5821104948015189, 0.05847045340123859, 0.12554899288075286], [0.5451163666541592, 0.653612083105162, -0.03742709042405861, -0.28464620623841536, 0.3813578279253859, -0.14355056430510804, -0.5678255978059243, -0.16738247931343744, -0.7511829678695594, -0.3895596611208215, 0.3178457937033645, 0.05279297575725302], [-0.49486623065061464, -0.07157873261493329, -0.564591903422403, -0.1164056675241945, 0.14707420922389747, 0.6207361240334308, -0.47870596331426785, 0.5056281578591274, 0.1509348071085434, 0.0016006746813961165, 0.6575683789123056, -0.010134465612761628]], "inverted": false, "swapped": false, "error_lsq": 0.048261634045633515, "error_max": 0.24688295967761975, "target": "304.xyz", "model": "1.xyz", "model_rescale": 4.316132596720782, "target_rescale": 3.825975173924289},
{"mapping": [3, 7, 6, 2, 4, 0, 8, 9, 1, 10, 5, 11], "R": [[0.46129960291664057, 0.6400426519564015, 0.6144494120963634], [-0.8810310098538703, 0.41225935750897097, 0.23200556420517232], [-0.10481906327009205, -0.648373060685673, 0.7540725019202553]], "T": [0.06345148710521877, -0.051890396304397776, 0.060723749978921396], "aligned_model": [[0.07155997649198106, 0.7406509070591397, -0.19244819019798964, -0.5839079523234523, -0.637581145263434, -0.38140533825596273, 0.025790301022751663, 0.577109688098729, 0.13389400943404323, 0.4947668542232716, 0.02156019257038473, -0.02432756767471804], [0.5636964913180521, 0.5326273633911681, 0.09501622822617257, -0.5801991384510966, 0.24306155013205438, -0.1095489199954947, -0.6639736557748674, -0.11378866871360897, -0.5461891458839309, -0.21698299059342568, 0.4098528854692714, -0.004421519056293996], [-0.1673202041752755, 0.07490310096218596, -0.7067589936867966, 0.010315110848593836, -0.0653172305963211, 0.6108982297231018, -0.39859295377978043, 0.5920196766119782, 0.2735707857038063, -0.36816701465471713, 0.5088288080803404, -0.017119926357589854]], "inverted": false, "swapped": false, "error_lsq": 0.046364138607053657, "error_max": 0.277911866984211, "target": "304.xyz", "model": "2.xyz", "model_rescale": 3.795458400668931, "target_rescale": 3.825975173924289},
{"mapping": [2, 10, 6, 8, 1, 7, 3, 4, 9, 5, 0, 11], "R": [[0.13495662787047177, -0.9902716660463197, 0.033893008418808435], [0.8215416552537808, 0.13095387973892417, 0.5549057488116353], [-0.5539458613228456, -0.04704369040763917, 0.8312225176907331]], "T": [0.022011824944399086, 0.0408341085715676, 0.04892405168149836], "aligned_model": [[0.02095370056185794, 0.6507302108323216, -0.2100243581386489, -0.5634440953580566, -0.5344834933978804, -0.28190157096824486, 0.015269301368223215, 0.4944710509630175, 0.0946908609902701, 0.5781437235197999, -0.0398529034643883, 0.021109308276473206], [0.6316216252402922, 0.40806975127781736, -0.03858521290977746, -0.40888614990860384, 0.33503605602326625, -0.28751018325996774, -0.5639869193580511, 0.04887441124854946, -0.8179344258850265, -0.3336178395495412, 0.5657577674081341, 0.07031159974090818], [-0.4396394569191451, -0.04521366325133792, -0.4869379433662908, -0.20711499129177116, 0.04372628885463405, 0.6678981791072447, -0.47186005722156077, 0.48213573966596046, 0.15750123507649086, -0.16161731120107306, 0.6258433284856972, 0.1825380407406773]], "inverted": true, "swapped": false, "error_lsq": 0.04792252961037949, "error_max": 0.2917943101522491, "target": "304.xyz", "model": "3.xyz", "model_rescale": 3.7530521520055578, "target_rescale": 3.825975173924289},
{"mapping": [2, 1, 9, 7, 6, 10, 3, 4, 5, 8, 11], "R": [[0.676279914449218, -0.7209997547638954, 0.15101268470880685], [0.13431473183062817, 0.3222536141912287, 0.9370763901379425], [-0.7242962309206264, -0.6134427127051832, 0.3147745353472567]], "T": [-0.1532578397198926, -0.08806484731617628, -0.05081234042461624], "aligned_model": [[-0.4116742760997497, -0.1272717145060209, 0.4417087617141412, 0.38430351505801363, 0.2726899456934405, -0.30362289850514707, -0.2767686389723226, -0.6842985203142031, -0.18885064148308767, 0.34611097213297265, -0.11412690227283208], [-0.7311305495575857, 0.21877173174222356, -0.304918329664319, 0.4273745202668575, -0.703576823996396, 0.6008564567904567, -0.44389436274519367, 0.03456145687710005, 0.4263877947568723, 0.028066311076563044, -0.08529484723223268], [-0.15477560229533846, -0.793425200001965, -0.31821241586066606, -0.3322208704492621, 0.11442975497993668, -0.09964849129424622, 0.646796103238747, 0.1548021165399831, 0.577079537038842, 0.3594376699942695, -0.06143182464498395]], "inverted": false, "swapped": true, "error_lsq": 0.057259351679977206, "error_max": 0.39067335496238365, "target": "304.xyz", "model": "4.xyz", "model_rescale": 3.7855080009869324, "target_rescale": 3.825975173924289},
{"mapping": [9, 2, 15, 8, 10, 7, 13, 1, 6, 12, 5, 16], "R": [[0.179008713330327, 0.9772978801221117, -0.11333461104467521], [-0.3965122076626166, 0.1770898015672777, 0.900787028856089], [0.9004076575231572, -0.11631017019026854, 0.4192111575136949]], "T": [0.10142428305321101, -0.04134217049359272, 0.06713912014317634], "aligned_model": [[-0.0059575109094965745, 0.5917791120954766, -0.3352715437380725, -0.48046771605058264, -0.5452264653564781, -0.42051564910351485, 0.0845101893780369, 0.765441322379547, -0.03059799998752237, 0.6524923510632609, -0.15024752465401148, 0.11972317006810125], [0.5647227007820678, 0.4972193394880096, 0.027049262904671176, -0.3457205638805071, 0.2942708765467009, -0.16882815327746487, -0.6236134164520128, -0.12213644090614345, -0.6217300869124923, -0.3021078941983281, 0.4217249500987737, -0.011700094125274375], [-0.2907275329275034, -0.0565109068683803, -0.6285170257986705, -0.18597225649132393, 0.054063711476396534, 0.5893416702037552, -0.36360645260316643, 0.4216212725037159, 0.3350888380430156, -0.23516947181307224, 0.6814138043447777, 0.026233738609981683]], "inverted": true, "swapped": false, "error_lsq": 0.038483268636996415, "error_max": 0.2009149866027441, "target": "304.xyz", "model": "5.xyz", "model_rescale": 4.2253639853439635, "target_rescale": 3.825975173924289},
{"mapping": [11, 6, 8, 1, 9, 0, 10, 3, 4, 2, 7, 13], "R": [[0.35015451428233113, 0.7141911087292573, -0.6060716759095239], [-0.5807735413511944, -0.34211669244703746, -0.7386868500355828], [-0.7349108175786347, 0.6106449287115823, 0.29498959514655665]], "T": [-0.0065571822631477865, 0.013909899058634066, -0.031543577578386175], "aligned_model": [[0.15466350582934085, 0.5334791086118814, -0.4132059990682628, -0.46275399179404975, -0.600904543257427, -0.41581350558934704, 0.09662459943159665, 0.44617806739161, 0.13443474378573178, 0.5722062569162613, 0.16495200920244293, 0.03580148372496572], [0.6944816173475674, 0.3432931983033961, 0.047229829280977235, -0.5610597062214777, 0.15161671270217492, -0.011739451340755248, -0.5233659691348614, -0.056256861787459596, -0.6129025041917195, -0.3053089737520527, 0.4380186141788443, 0.005143974683366208], [-0.37269429912155033, 0.08501291018478156, -0.64749113836556, -0.03199737943482846, -0.011935532273915223, 0.6575964821832055, -0.5876017002349687, 0.5098591302932618, 0.2653382172947066, -0.1468856980198346, 0.6166135106562602, 0.011444885517966685]], "inverted": true, "swapped": false, "error_lsq": 0.05071429065824454, "error_max": 0.22899377867183043, "target": "304.xyz", "model": "6.xyz", "model_rescale": 3.89814844738969, "target_rescale": 3.825975173924289},
{"mapping": [2, 1, 4, 11, 10, 9, 7, 6, 8, 0, 5, 12], "R": [[0.22707758129897215, 0.5642768216581097, 0.7937426790911716], [-0.27169735165317904, -0.7459668562970887, 0.6080411157240005], [0.9352092392486601, -0.35373028969210496, -0.01607983141335917]], "T": [0.0734186977958905, -0.1376940740586123, -0.05751837995478494], "aligned_model": [[0.008250078086697366, 0.5876870299685045, -0.23402494142357178, -0.6236248572863362, -0.4702060706510458, -0.35753219692650584, 0.1925395779192797, 0.4643802027914565, -0.04453149001182599, 0.6267877568613455, 0.14100821666123492, -0.04507157080448869], [0.5147100942480689, 0.5164337764866775, -0.005046518390593752, -0.5493494562373885, 0.34513077659222735, -0.03239682957459705, -0.6033501274006122, -0.216361317619597, -0.6884859988216789, -0.02768665812482851, 0.37871784886545246, -0.023165109955130284], [-0.3252303458850221, 0.09228632524247278, -0.6083167305905388, -0.060758420785761165, 0.04375322404720333, 0.717813610663849, -0.5050106541345049, 0.4886834302123886, 0.31718521106971354, -0.23832612419405508, 0.5180917197014399, -0.09291185666765923]], "inverted": true, "swapped": false, "error_lsq": 0.04659544036469759, "error_max": 0.31556089963950046, "target": "304.xyz", "model": "7.xyz", "model_rescale": 3.7474275329858107, "target_rescale": 3.825975173924289},
{"mapping": [1, 2, 0, 10, 12, 11, 6, 8, 7, 3, 4, 14], "R": [[0.22707666169613425, -0.9391469872841844, -0.2577578824943661], [0.780637748084769, 0.3337734015044987, -0.5283938140376528], [0.5822721837578027, -0.08122962958894228, 0.8089257390507258]], "T": [-0.03108503201621921, -0.014508586976567997, 0.11994252599795265], "aligned_model": [[-0.02100591276561373, 0.5522800083251105, -0.041137503892195476, -0.5945735819374827, -0.5871218986820012, -0.44800195000105253, 0.10144266791536469, 0.5670651566138974, -0.1570904516575375, 0.5517724542816078, 0.3408880025139382, -0.018855255529291473], [0.5471209778300316, 0.5783160229047891, -0.06693683705287908, -0.4308814163078921, 0.24708265490068998, -0.2588212898112629, -0.6431471698725879, -0.00831670530565825, -0.6772619147148261, -0.194487867962219, 0.4738685305353876, 0.0426154949244272], [-0.37932940726100217, -0.009802252226150485, -0.5368401351846337, -0.1705358394451938, 0.17503920358352976, 0.5110582918800005, -0.3842281189657071, 0.44764411021697, 0.2135282766061386, -0.25691175096739977, 0.6050710641387897, 0.13256594630418417]], "inverted": false, "swapped": false, "error_lsq": 0.04987463505882649, "error_max": 0.33452165580644766, "target": "304.xyz", "model": "8.xyz", "model_rescale": 4.019505241142653, "target_rescale": 3.825975173924289},
{"mapping": [8, 4, 9, 10, 11, 6, 1, 3, 2, 0, 5, 12], "R": [[0.052545759767356384, 0.8804320950883828, 0.4712518106795475], [-0.6805633142270451, 0.37691764727741794, -0.6283045937275619], [-0.7308026535657708, -0.28770195186883396, 0.618995208731127]], "T": [0.007458062652590929, -0.06277632262471362, -0.011311649771020702], "aligned_model": [[0.004672550916049971, 0.6930238904340945, -0.3360616938204617, -0.7227164417077317, -0.42145461172336307, -0.47982466188309947, -0.023990332844996583, 0.6246494415416823, 0.24344708542421356, 0.6184505045588764, 0.04421092108362447, 0.0012550832058556994], [0.5156689525788735, 0.4016004335064743, 0.12291745783951884, -0.5953085843231093, 0.38601031615390696, -0.25733717526461986, -0.6014207373879841, -0.009287527659460629, -0.45712217799398497, -0.19404466718681307, 0.3280807231113876, -0.030606533306189093], [-0.35992351977133186, 0.03282898215080375, -0.5724284453136589, -0.15771636844612666, 0.03197800957672928, 0.4914442143976675, -0.4177332228149697, 0.5842339474588757, 0.36121041628820016, -0.19048457105213978, 0.5331189852391275, 0.01073096096634859]], "inverted": true, "swapped": false, "error_lsq": 0.043934878897476666, "error_max": 0.22602911639540543, "target": "304.xyz", "model": "9.xyz", "model_rescale": 3.877068213659057, "target_rescale": 3.825975173924289},
{"mapping": [1, 8, 5, 3, 4, 13, 12, 9, 6, 11, 2, 15], "R": [[-0.20601358304994383, 0.9252941238216358, -0.3184166892926241], [-0.8559694785302746, -0.32808842227907914, -0.3995925912614434], [-0.47420950583421906, 0.19023346600316227, 0.8596142000856488]], "T": [0.05289691510280957, -0.06921372426672887, 0.10420974469678407], "aligned_model": [[-0.06399326496621026, 0.6209497400007373, -0.2856487413496487, -0.5252984954100107, -0.48422109854429607, -0.3649026853912035, 0.12188918496081311, 0.5376605449703089, -0.11682635833076722, 0.7053428368021626, 0.00832271808336807, 0.09238735435949078], [0.5149974679910422, 0.44503824075318255, -0.015110575669337795, -0.2499887179930578, 0.3423565474267617, -0.28080979491309943, -0.5630389764207735, 0.08703145201804177, -0.6601861469229781, -0.2727214920632987, 0.32924017480643664, -0.06765769894491933], [-0.5266155709395026, 0.01374516374521978, -0.5982538700560034, -0.08492462984518545, 0.11852164949331673, 0.7192781089277291, -0.4521821160887282, 0.5240156188160967, 0.15164581999441976, -0.17427577372032016, 0.632984733915231, 0.02332025443725229]], "inverted": false, "swapped": false, "error_lsq": 0.04161210841155271, "error_max": 0.2519150110446179, "target": "304.xyz", "model": "10.xyz", "model_rescale": 4.260839863003843, "target_rescale": 3.825975173924289},
{"mapping": [5, 6, 4, 2, 3, 1, 9, 7, 8, 10, 0, 11], "R": [[-0.638021098698163, -0.7271885602152799, -0.25323087392341687], [0.15570502682317336, -0.44390742513561354, 0.8824410136272366], [-0.7541120753826875, 0.5235866650340687, 0.3964492173791216]], "T": [0.0223786002741186, -0.07508536236774174, 0.023088765720486553], "aligned_model": [[0.004891840514212015, 0.5459507631556979, -0.16325913937962344, -0.6045579044552509, -0.5384205601943748, -0.3883209115367366, 0.09782847705663955, 0.4446763149215076, 0.08801920759190822, 0.5732875644640993, 0.16219570257553467, 0.023370380471130568], [0.4885727773344345, 0.5779657859498312, -0.08655395175630445, -0.3444628557986884, 0.354064545676547, -0.1565488359215168, -0.6572376309715241, -0.09863827370960199, -0.7729839464968608, -0.1593358976026283, 0.5348813003199631, -0.07057253695565098], [-0.349194214052265, 0.07458364498854829, -0.6850849133123531, -0.04578438733664232, 0.0949756870356908, 0.6129618508974339, -0.5164845040123489, 0.5238037843220463, 0.17878810419135455, -0.2645480756784524, 0.6382522543710136, 0.08499015726550023]], "inverted": true, "swapped": false, "error_lsq": 0.04366028685044776, "error_max": 0.24209069480463982, "target": "304.xyz", "model": "11.xyz", "model_rescale": 3.890672605050136, "target_rescale": 3.825975173924289},
{"mapping": [12, 10, 7, 8, 5, 6, 3, 2, 0, 4, 11, 13], "R": [[-0.7029971192483317, -0.7105805450545448, -0.029501513834593443], [0.5463405032964919, -0.5130229324974578, -0.6620570407370083], [0.455309899723565, -0.4815420643325925, 0.7488725762718398]], "T": [-0.06315109777483838, -0.041576862859396865, 0.2202513708673556], "aligned_model": [[0.05699891516628193, 0.5774228206428379, -0.20576228207063954, -0.5917385964694111, -0.5930427787030066, -0.4191678305349227, 0.026630920201688404, 0.6247786107578348, 0.059243111656376024, 0.5311767793460966, 0.19140355609279405, -0.01228149090118539], [0.5022333713083518, 0.5711319749365137, 0.04780377656178193, -0.45927841892359866, 0.3582202373499819, -0.16538897866114183, -0.6836767789883816, 0.03428052211960658, -0.6183070161096618, -0.20060099036722706, 0.23850286247419766, -0.01577008163242276], [-0.27468958556051937, 0.10280589597636444, -0.6155939029045377, -0.03531019142927053, -0.18514876107928277, 0.656119458615343, -0.4375556243502756, 0.38323145225458044, 0.1871375130907443, -0.11522254044682914, 0.6196502185705508, 0.06183545594265766]], "inverted": true, "swapped": false, "error_lsq": 0.04354577650719352, "error_max": 0.30841799651430535, "target": "304.xyz", "model": "12.xyz", "model_rescale": 4.124412569039231, "target_rescale": 3.825975173924289},
{"mapping": [1, 2, 6, 3, 0, 5, 9, 10, 7, 8, 4, 12], "R": [[0.688216810548713, 0.6035894919262942, -0.40253862785367034], [0.22857107716622596, 0.34619597729583096, 0.9098920859020899], [0.6885585555065225, -0.7182117170725796, 0.10029479098352329]], "T": [-0.04481202565636545, -0.10036422578775328, 0.0265493412398211], "aligned_model": [[-0.023427767316245587, 0.6178231116179695, -0.09777990446100004, -0.6268681521077923, -0.5409627194963595, -0.31620843725316006, 0.11750372047968598, 0.5367489131268628, -0.006993139678440466, 0.4905104559181087, 0.038816142797884326, 0.056499511557231374], [0.593310770893746, 0.4484081698359872, -0.07063535318370737, -0.34157549824698963, 0.1676632241997299, -0.15956368772788576, -0.6308329810180612, -0.19134631003421834, -0.6200988277558466, -0.014589394110560594, 0.501274749406988, -0.07286438219118185], [-0.3991524456755007, 0.0730148800801841, -0.6397264370477508, -0.307787559901653, 0.1635280565547383, 0.7312374215637292, -0.29109475248946104, 0.47165473002460173, 0.37515133477471263, -0.4435236742270729, 0.525861997515562, 0.08809583750743627]], "inverted": false, "swapped": false, "error_lsq": 0.05181400595539968, "error_max": 0.41096960532191845, "target": "304.xyz", "model": "13.xyz", "model_rescale": 3.9028299243045295, "target_rescale": 3.825975173924289},
{"mapping": [4, 10, 3, 2, 8, 12, 6, 14, 11, 9, 13, 15], "R": [[-0.41670685065649804, 0.28254135373537226, 0.8640172359654213], [0.47648685187419637, -0.7415489890085355, 0.472297974684877], [0.7741548169500471, 0.6085026543325858, 0.17438130365161564]], "T": [-0.0759974591075153, -0.015419983287586876, -0.052014084598547145], "aligned_model": [[-0.001922162479093506, 0.5103947639741969, -0.1304646048145957, -0.7207732823031504, -0.7642627690707511, -0.2866312214317793, 0.09563159753669785, 0.6106277804327473, 0.20405313798921998, 0.6031135650309375, 0.09817706286364507, 0.02771786745666971], [0.5704681500106195, 0.43919140124924017, 0.0010021345012630814, -0.32306206966098516, 0.2471315327009358, -0.12497115711539175, -0.5186768034146787, -0.07279132172916386, -0.5403139710158659, -0.3779836444135711, 0.35692193196922006, -0.04776570301362207], [-0.3845967353373718, 0.017449947877051883, -0.6728627693229363, -0.23025620664044322, 0.18007366628668023, 0.6021053597256233, -0.45411395050280545, 0.5032380767972026, 0.3860665621440288, -0.14257492043946973, 0.6289235673448922, -0.08619320925292662]], "inverted": false, "swapped": false, "error_lsq": 0.03979700185255623, "error_max": 0.2885617908735058, "target": "304.xyz", "model": "14.xyz", "model_rescale": 3.942246331269136, "target_rescale": 3.825975173924289},
{"mapping": [9, 6, 5, 3, 4, 13, 1, 8, 12, 0, 11, 14], "R": [[0.7881134217800133, -0.6044614794087251, 0.11620479474279236], [-0.5800081876978531, -0.79248328856033, -0.18857555397255676], [0.20607701621881777, 0.08121919270480527, -0.9751593234557773]], "T": [0.009149338462413486, 0.08169392726157673, -0.014644412399645323], "aligned_model": [[0.15913531848420323, 0.3369298781511709, -0.10515985108705206, -0.549611786106043, -0.5241963291702773, -0.23878407440975968, -0.08445274450416766, 0.6602627763978459, -0.11577083504429149, 0.6146674383714117, 0.028919480001634797, 0.06372246410006867], [0.7014852072465458, 0.5121657751282012, -0.08124372778863662, -0.3230338492147936, 0.16876713496486576, -0.23412555940989785, -0.6421430886488851, 0.051809652585678295, -0.6811625805681735, -0.29160777825239526, 0.42047827606265675, 0.0077610179628341686], [-0.5060966289821515, 0.12692993320739465, -0.6172755499459858, -0.21596347041486072, 0.21256613365907973, 0.6922621734555433, -0.3666956306091178, 0.4024876378611666, 0.25091378626046235, -0.20095369883275283, 0.6169767803792999, -0.04789207735855215]], "inverted": true, "swapped": false, "error_lsq": 0.0497463445605652, "error_max": 0.2698248782893788, "target": "304.xyz", "model": "15.xyz", "model_rescale": 4.355366556412066, "target_rescale": 3.825975173924289},
{"mapping": [3, 7, 6, 2, 4, 0, 8, 9, 1, 10, 5, 11], "R": [[0.46129960291664057, 0.6400426519564015, 0.6144494120963634], [-0.8810310098538703, 0.41225935750897097, 0.23200556420517232], [-0.10481906327009205, -0.648373060685673, 0.7540725019202553]], "T": [0.06345148710521877, -0.051890396304397776, 0.060723749978921396], "aligned_model": [[0.07155997649198106, 0.7406509070591397, -0.19244819019798964, -0.5839079523234523, -0.637581145263434, -0.38140533825596273, 0.025790301022751663, 0.577109688098729, 0.13389400943404323, 0.4947668542232716, 0.02156019257038473, -0.02432756767471804], [0.5636964913180521, 0.5326273633911681, 0.09501622822617257, -0.5801991384510966, 0.24306155013205438, -0.1095489199954947, -0.6639736557748674, -0.11378866871360897, -0.5461891458839309, -0.21698299059342568, 0.4098528854692714, -0.004421519056293996], [-0.1673202041752755, 0.07490310096218596, -0.7067589936867966, 0.010315110848593836, -0.0653172305963211, 0.6108982297231018, -0.39859295377978043, 0.5920196766119782, 0.2735707857038063, -0.36816701465471713, 0.5088288080803404, -0.017119926357589854]], "inverted": false, "swapped": false, "error_lsq": 0.046364138607053657, "error_max": 0.277911866984211, "target": "304.xyz", "model": "16.xyz", "model_rescale": 3.795458400668931, "target_rescale": 3.825975173924289},
{"mapping": [2, 1, 4, 11, 10, 9, 7, 6, 8, 0, 5, 12], "R": [[0.22707758129897215, 0.5642768216581097, 0.7937426790911716], [-0.27169735165317904, -0.7459668562970887, 0.6080411157240005], [0.9352092392486601, -0.35373028969210496, -0.01607983141335917]], "T": [0.0734186977958905, -0.1376940740586123, -0.05751837995478494], "aligned_model": [[0.008250078086697366, 0.5876870299685045, -0.23402494142357178, -0.6236248572863362, -0.4702060706510458, -0.35753219692650584, 0.1925395779192797, 0.4643802027914565, -0.04453149001182599, 0.6267877568613455, 0.14100821666123492, -0.04507157080448869], [0.5147100942480689, 0.5164337764866775, -0.005046518390593752, -0.5493494562373885, 0.34513077659222735, -0.03239682957459705, -0.6033501274006122, -0.216361317619597, -0.6884859988216789, -0.02768665812482851, 0.37871784886545246, -0.023165109955130284], [-0.3252303458850221, 0.09228632524247278, -0.6083167305905388, -0.060758420785761165, 0.04375322404720333, 0.717813610663849, -0.5050106541345049, 0.4886834302123886, 0.31718521106971354, -0.23832612419405508, 0.5180917197014399, -0.09291185666765923]], "inverted": true, "swapped": false, "error_lsq": 0.04659544036469759, "error_max": 0.31556089963950046, "target": "304.xyz", "model": "17.xyz", "model_rescale": 3.7474275329858107, "target_rescale": 3.825975173924289},
{"mapping": [3, 8, 11, 7, 1, 2, 12, 4, 9, 5, 0, 13], "R": [[-0.3410990739175388, -0.8310868768057678, 0.4392562179114053], [-0.21305489477867096, -0.3867703045943056, -0.8972270299622485], [0.9155648713135771, -0.3996289963018982, -0.045140134373865104]], "T": [0.01556492725565867, -0.03801326697268003, -0.012377759957760439], "aligned_model": [[-0.013986664275514035, 0.5479722213676181, -0.3495148690299867, -0.5735951793255266, -0.5365224421847682, -0.41408568835559145, 0.10261778340689848, 0.6710328770947763, 0.14012308094474676, 0.6508829352438875, 0.03333694320962777, -0.012599262911423801], [0.570392480518094, 0.44373123628070615, 0.06621157685888909, -0.4691457052135751, 0.3760502545293496, -0.10265887889323971, -0.6618616854172847, -0.08209025228203945, -0.6408366451726535, -0.3267268548123702, 0.45858450725864214, -0.022499553586518194], [-0.31164073990583446, 0.023942454527144576, -0.6268617598132253, -0.19794303565880336, 0.035259971677620475, 0.5489189683188016, -0.4154557602921579, 0.49520948192322706, 0.2499453364352416, -0.20273381999498638, 0.660093203622302, 0.08852508784019605]], "inverted": false, "swapped": false, "error_lsq": 0.03254947459869723, "error_max": 0.17202179501143403, "target": "304.xyz", "model": "18.xyz", "model_rescale": 3.922800546911778, "target_rescale": 3.825975173924289},
{"mapping": [2, 1, 9, 7, 3, 12, 11, 8, 13, 4, 5, 14], "R": [[0.17473626090762467, 0.9534617697886204, 0.24571913371891568], [0.2848906726029327, -0.28784271777181325, 0.9143215378025309], [0.9424990948472423, -0.0897620375063318, -0.32192892512919813]], "T": [0.13962874025017993, 0.029820383045713807, 0.04951394287698825], "aligned_model": [[0.028941774087501232, 0.5300893383049816, -0.2951985571641378, -0.5400979650500962, -0.46483702971071617, -0.3809779942361503, 0.03439981773255693, 0.5285829981986718, 0.11464444006484137, 0.6143672661442485, 0.020937387739023233, 0.054810259074019554], [0.4706885776667968, 0.6586793255147354, 0.09690771236638951, -0.3635032652258554, 0.2373669466804218, -0.1788689266933956, -0.5241299085522626, -0.09804816818815168, -0.6366052372880074, -0.4524974417871867, 0.40530661552993874, -0.00614574995542283], [-0.5041218519204896, 0.05725834597057784, -0.6354442292641749, -0.09704366651477923, 0.07587301065470853, 0.600904407588346, -0.38558324290235196, 0.5042170029620389, 0.21403270815088998, -0.20711806403670757, 0.7033152676229618, 0.020969700368506716]], "inverted": true, "swapped": false, "error_lsq": 0.03441786084384144, "error_max": 0.17122511124773354, "target": "304.xyz", "model": "19.xyz", "model_rescale": 3.9282355846067225, "target_rescale": 3.825975173924289},
{"mapping": [0, 1, 4, 8, 11, 12, 6, 2, 7, 5, 10, 13], "R": [[-0.3272644414674097, 0.6054295601299212, 0.7255019180346215], [0.5663448371819889, 0.7402724352025756, -0.3622847596526181], [-0.7564069742858873, 0.29232134612466953, -0.5851467506972335]], "T": [-0.03743387322622209, -0.1412604299459384, -0.023964335353273077], "aligned_model": [[0.00881904793174848, 0.5318630037723427, -0.3193549330887234, -0.6675689235487738, -0.49339549324171195, -0.3693175184027114, 0.15311215113716664, 0.6146964989308287, 0.13129597309293073, 0.6154848949169851, -0.0034454290964350126, 0.04347246278109752], [0.6128508706658207, 0.34257567189474236, 0.08443353371799639, -0.428289253122906, 0.41142479348162914, -0.2878633446751887, -0.6440982796369357, 0.004084118856701402, -0.5822949285500278, -0.32482221763181485, 0.42558890594590265, -0.004439390877919613], [-0.2873534045471828, -0.08144901767741881, -0.5425688047820262, -0.3388704358798044, -0.02506715157748179, 0.7449018277237738, -0.39503085711790925, 0.45802855899636485, 0.3823810674529815, -0.1903743847989543, 0.6239252887773197, -0.0012632978901363431]], "inverted": true, "swapped": false, "error_lsq": 0.04069384670572009, "error_max": 0.24668776557470673, "target": "304.xyz", "model": "20.xyz", "model_rescale": 4.067790424073018, "target_rescale": 3.825975173924289},
{"mapping": [7, 0, 1, 13, 5, 6, 10, 3, 11, 12, 2, 14], "R": [[-0.8240132438197378, 0.4422886077630087, 0.3540945656921793], [0.25993935286748787, -0.2601965616429791, 0.9299082116746811], [0.5034219967785528, 0.8582997942165844, 0.09943719830759495]], "T": [-0.04161899274265571, 0.05420787945595892, 0.05627934129092965], "aligned_model": [[0.15730610958708086, 0.4552219657739002, -0.34174971481073435, -0.47730676809090755, -0.6171293390916891, -0.28296619617881646, -0.0632912460332502, 0.5651443663499063, 0.10882976634627958, 0.608253053258972, 0.16025540945508737, -0.026905671381083792], [0.5063803373538756, 0.5596689280120065, 0.11373949452761845, -0.458877765875159, 0.16462527536369842, -0.13181074568432807, -0.55414066620758, -0.16045351784887732, -0.5554847836432678, -0.30967270384393036, 0.4379896387706903, -0.0028130108567469975], [-0.5028564465016663, 0.10228173094548945, -0.7050895822649721, -0.13618568941449377, -0.0148681167385393, 0.730597887076105, -0.4921084612539795, 0.612609932954435, 0.21013733240845442, -0.12336227922246412, 0.6609943307640911, 0.005108749927065961]], "inverted": true, "swapped": false, "error_lsq": 0.046808384337533065, "error_max": 0.23051047045491238, "target": "304.xyz", "model": "21.xyz", "model_rescale": 4.186013935880536, "target_rescale": 3.825975173924289},
{"mapping": [8, 2, 11, 4, 9, 7, 3, 0, 6, 5, 1, 12], "R": [[-0.6336855697230674, 0.2618334819994368, 0.7279325699738968], [0.02766882256378013, -0.9327055958297211, 0.3595757330046886], [0.7730957476164808, 0.24799899034466988, 0.5837974527225508]], "T": [-0.055500063469386116, 0.00960547261507562, 0.0389009064624724], "aligned_model": [[0.011819581278088478, 0.5402195521387746, -0.2539999048605641, -0.5527266023820571, -0.4098443463920898, -0.43819817567405056, 0.2047384549019195, 0.48390140072414095, 0.029164169775494297, 0.6278890049987819, 0.06261720083122947, -0.0599186001549231], [0.6270671630339497, 0.44439484140741714, -0.0096018311820346, -0.5090253333144764, 0.5182712592511072, -0.20003793223308264, -0.7545036653438417, -0.13010447907046913, -0.5126206729014532, -0.1396153997826508, 0.3034046307775139, -0.028478100573979467], [-0.41040662407730866, -0.03709611472792613, -0.5604277772832515, -0.0678886291215684, 0.07281265817591612, 0.6287445616792683, -0.40915243141168733, 0.4985917056223787, 0.2120039669934761, -0.29163092022586184, 0.6983352113553305, 0.013373781700759858]], "inverted": true, "swapped": false, "error_lsq": 0.04360080714207598, "error_max": 0.23807134070870725, "target": "304.xyz", "model": "22.xyz", "model_rescale": 4.166573947596378, "target_rescale": 3.825975173924289},
{"mapping": [1, 6, 4, 8, 7, 10, 3, 12, 9, 11, 13, 15], "R": [[0.8894992629666476, 0.3312047972335006, -0.3147926992026765], [-0.4471844343371876, 0.7725538040270132, -0.45076235598142067], [0.09389964253563765, 0.5417231785450085, 0.8352956691847339]], "T": [0.05532825368487852, -0.040245692623410455, 0.025819957626946055], "aligned_model": [[0.031003705251437988, 0.550999043801091, -0.2476085487934972, -0.6035815040561562, -0.5530788587433287, -0.369769184321578, 0.16461438692109143, 0.6475180420559512, 0.017349450224898783, 0.6656259418995192, -0.10641959434306307, 0.04900885528837767], [0.5622371787103866, 0.5316461804459073, -0.05885647769543103, -0.4378438917118938, 0.26648458245623324, -0.038455488566669714, -0.42584674680754225, -0.04930331727166523, -0.6187842612166624, -0.5290818911300218, 0.381357147710866, 0.025597465144492938], [-0.35434022829477024, -0.05391576403970022, -0.6433111548971797, -0.22284194829439113, 0.24295349153304902, 0.6424480436511399, -0.42228161580303786, 0.30619572193972056, 0.18170421411204943, -0.07747200825556554, 0.7419915973727158, 0.00612903965549615]], "inverted": false, "swapped": false, "error_lsq": 0.04504727676648467, "error_max": 0.24879059990277055, "target": "304.xyz", "model": "23.xyz", "model_rescale": 4.274766983524099, "target_rescale": 3.825975173924289},
{"mapping": [5, 10, 7, 8, 9, 6, 3, 2, 4, 0, 11], "R": [[-0.6947651035722207, 0.6896861487176784, 0.20404525754169892], [0.710872995865063, 0.701611484181327, 0.048999071569836294], [-0.10936651502225017, 0.17909310855488575, -0.9777344342202724]], "T": [-0.025820462180756235, 0.16372596116753416, 0.07183917023806671], "aligned_model": [[0.26284665536779644, 0.3284702752792941, -0.4047525828111414, -0.39697971826931383, -0.6909173533595299, -0.5978349645889071, 0.07661470011360594, -0.004744662152327248, 0.5403366416924101, 0.3299609435763698, -0.06310523089018212], [-0.23043553992845342, 0.46497409950974833, 0.6052944738249735, -0.18391598802885648, 0.3221389757274896, -0.22366708747339162, -0.613527677637655, 0.028651909932297687, 0.027004568059350642, 0.5451434031572622, 0.17392539410071817], [-0.5773792710880007, -0.4604528701707693, -0.4715468888025971, -0.3435481297945657, 0.14300750683548646, 0.4039799451038554, 0.18978373663543532, 0.7591758585832799, 0.0814367865840088, 0.5958202592628847, 0.059289500872559645]], "inverted": false, "swapped": true, "error_lsq": 0.05635051114390322, "error_max": 0.3081518209091897, "target": "304.xyz", "model": "24.xyz", "model_rescale": 3.7841303162186577, "target_rescale": 3.825975173924289},
{"mapping": [7, 6, 10, 9, 8, 2, 14, 3, 12, 13, 4, 15], "R": [[-0.7226066562012907, 0.033968488410546005, -0.6904243348902852], [-0.629206274791394, 0.38127768756425867, 0.6772937241173794], [0.28625003786327585, 0.923836277032221, -0.2541406088418751]], "T": [-0.043001642537075405, 0.09380593437786111, -0.022829057689792136], "aligned_model": [[0.0804884992396483, 0.4805508165066583, -0.22208540338815863, -0.39214341073453063, -0.5751158059307104, -0.4268438778736167, -0.06197802751896937, 0.6419307581852669, 0.07726268750622838, 0.541748075583717, 0.08761569654771238, 0.014231727061498722], [0.5471116287222816, 0.5511457761161858, -0.006109782022607396, -0.37268917186941014, 0.2549459744355226, -0.1954853629136593, -0.6125119737699638, 0.0013313653026900685, -0.610917553456498, -0.40970838562691825, 0.3359710831225626, 0.12606688202781458], [-0.47235068393167484, 0.1740453795311248, -0.773296219858006, -0.0740447786495261, 0.17803454838400692, 0.5583496683579343, -0.3834588841784806, 0.39107666605444613, 0.2302977939912322, -0.1514412421002099, 0.6707122131241527, -0.0006650720454737455]], "inverted": true, "swapped": false, "error_lsq": 0.041091055126713974, "error_max": 0.26403464143677247, "target": "304.xyz", "model": "25.xyz", "model_rescale": 4.19342608120988, "target_rescale": 3.825975173924289},
{"mapping": [3, 7, 6, 2, 4, 0, 8, 9, 1, 10, 5, 11], "R": [[0.46129960291664057, 0.6400426519564015, 0.6144494120963634], [-0.8810310098538703, 0.41225935750897097, 0.23200556420517232], [-0.10481906327009205, -0.648373060685673, 0.7540725019202553]], "T": [0.06345148710521877, -0.051890396304397776, 0.060723749978921396], "aligned_model": [[0.07155997649198106, 0.7406509070591397, -0.19244819019798964, -0.5839079523234523, -0.637581145263434, -0.38140533825596273, 0.025790301022751663, 0.577109688098729, 0.13389400943404323, 0.4947668542232716, 0.02156019257038473, -0.02432756767471804], [0.5636964913180521, 0.5326273633911681, 0.09501622822617257, -0.5801991384510966, 0.24306155013205438, -0.1095489199954947, -0.6639736557748674, -0.11378866871360897, -0.5461891458839309, -0.21698299059342568, 0.4098528854692714, -0.004421519056293996], [-0.1673202041752755, 0.07490310096218596, -0.7067589936867966, 0.010315110848593836, -0.0653172305963211, 0.6108982297231018, -0.39859295377978043, 0.5920196766119782, 0.2735707857038063, -0.36816701465471713, 0.5088288080803404, -0.017119926357589854]], "inverted": false, "swapped": false, "error_lsq": 0.046364138607053657, "error_max": 0.277911866984211, "target": "304.xyz", "model": "26.xyz", "model_rescale": 3.795458400668931, "target_rescale": 3.825975173924289},
{"mapping": [8, 11, 5, 0, 1, 2, 7, 4, 3, 10, 9, 12], "R": [[-0.45061358925255657, 0.8841619891098605, -0.12330843521115367], [0.4302414433577443, 0.33611616672804956, 0.8378055996957094], [0.782201824082745, 0.3244741892313426, -0.5318616426518178]], "T": [-0.013563968325845877, 0.0967107812690054, 0.0527936853443465], "aligned_model": [[-0.0641053597088164, 0.5716587940914089, 0.06147965364086004, -0.5911154984244312, -0.5358578130749267, -0.5655399598922028, 0.06493142282736615, 0.7373245706731661, 0.043398340502137325, 0.5640100917704618, -0.015958097133872615, -0.02456441008640582], [0.6711770158803241, 0.5066267160414519, 0.029813877047650927, -0.4984078710649385, 0.37472185816455456, -0.10998781353798773, -0.58223358334563, -0.11292807640039798, -0.5881658489924495, -0.18655581086979633, 0.13095661632908553, -0.025866599183866662], [-0.39238697815614665, 0.08531808390424567, -0.693365632018877, 0.11230176729904828, 0.06929069755350559, 0.7065773724598586, -0.3866162849057029, 0.3545901962446254, 0.32256369024214304, -0.25356341248622194, 0.4808074480245864, -0.05825755948153857]], "inverted": false, "swapped": false, "error_lsq": 0.04670722696846357, "error_max": 0.2654471619334963, "target": "304.xyz", "model": "27.xyz", "model_rescale": 3.6321398670334006, "target_rescale": 3.825975173924289},
{"mapping": [3, 7, 1, 11, 0, 10, 13, 12, 9, 6, 8, 14], "R": [[-0.9552846362882154, 0.09883094444421928, -0.27868209144463457], [0.26982473683408437, -0.09411397241032843, -0.9582991034064287], [-0.12093748411517886, -0.9906437324373538, 0.06323859832791429]], "T": [-0.013909883590287445, 0.01721724137940557, -0.015547045969887287], "aligned_model": [[-0.10450675730273828, 0.5345688756664991, -0.03466180461896505, -0.4900593239228417, -0.5842781045472086, -0.46245187220156536, -0.0027952971550798157, 0.6778082804629019, 0.053030612792797194, 0.5876105567382709, 0.08937432522394156, -0.017977755951267372], [0.6778577176018923, 0.560443817954198, 0.11852870452047244, -0.4132445989769912, 0.2551537858549746, -0.12888069408706404, -0.7087295180540777, -0.013562842223608026, -0.5637662357897094, -0.4443763034382853, 0.28451958441373093, -0.014792937707532212], [-0.17957889535380758, 0.05490379611751314, -0.6762834089439107, -0.038133565991624846, 0.0709283120537057, 0.602625349646159, -0.3888500065132619, 0.4362142835307971, 0.3077938429085526, -0.18587612860213149, 0.41446626244340085, -0.07095045261586624]], "inverted": true, "swapped": false, "error_lsq": 0.04190227501010698, "error_max": 0.261547650863537, "target": "304.xyz", "model": "28.xyz", "model_rescale": 4.156811204709835, "target_rescale": 3.825975173924289},
{"mapping": [5, 4, 3, 2, 1, 10, 8, 7, 9, 11], "R": [[0.0587546806148653, -0.09806856362551944, 0.9934437298278516], [-0.38013647058175093, 0.9179891908538447, 0.11310220691548645], [-0.9230623766785726, -0.38428947722248574, 0.016656724064889397]], "T": [-0.008670929353662066, -0.03745868364059616, -0.024898395789654994], "aligned_model": [[-0.673524430083691, -0.04952024098517992, 0.1158852497577745, 0.6763809020308762, -0.04851233520636617, -0.5783789694976206, -0.3796070069905112, -0.5233509359419046, 0.12142152953071564, -0.017868388503505694], [-0.0916496786743374, -0.5075431079388704, 0.15189630551500907, -0.07117889785893658, -0.3089338645714849, -0.42702583101475416, 0.47563845184347625, 0.1955878869028574, 0.507746605888634, -0.005817539465389272], [-0.4888054305306247, -0.36646930732986327, -0.7846072535633968, -0.16873110166374247, 0.7307547737794012, 0.1276708359359098, -0.19896299045240243, 0.5360245038605105, 0.37302199120057006, -0.0011092942612622447]], "inverted": true, "swapped": true, "error_lsq": 0.05126436720418075, "error_max": 0.21509236850636904, "target": "304.xyz", "model": "29.xyz", "model_rescale": 4.117894457231895, "target_rescale": 3.825975173924289},
