[{"mapping": [12, 0, 2, 6, 3, 1, 5, 9, 10, 8, 4, 7, 11, 13], "R": [[0.9795887139192245, -0.18510890070169755, 0.07836227691363104], [-0.15342164444437179, -0.4366353228760082, 0.8864600351019492], [-0.12987590453222758, -0.8803887151128034, -0.45612274633475863]], "T": [-0.034933632312599466, -0.00791368807889875, -0.1905106181397502], "aligned_model": [[-0.6109691406043486, -0.3355674969374336, 0.3505810439573427, 0.7253037267690885, 0.3231001483667977, -0.34417598335541144, 0.15044328365098927, -0.34830397081788644, -0.6818512261101989, 0.3955657163037487, 0.6715345261899177, 0.08831208923378664, -0.14292886538657637, -0.034474693930523825], [-0.0629560960425146, -0.5477718075524207, -0.604699638189159, 0.07099863283998907, -0.010407709517517766, 0.16284828351635422, 0.7241562728821351, -0.6058364933882818, -0.033001323759762835, 0.11902589871634078, -0.5030167720923446, -0.383236746149728, 0.3826327290382254, -0.05872561109254918], [-0.1739808121445514, -0.6526631090557635, -0.48459089551512813, -0.17158213031456937, -0.5713070172130783, -0.6468587646259477, -0.23644787674250559, 0.09414798721105552, 0.5816921803611962, 0.44912661011377586, 0.2208042294326624, 0.4539562752507018, 0.3777079723283506, -0.0357275437723778]], "inverted": true, "swapped": false, "error_lsq": 0.03973015337149657, "error_max": 0.2763456779926052, "target": "305.xyz", "model": "0.xyz", "model_rescale": 3.8414455957264533, "target_rescale": 3.8103950762857184},
{"mapping": [12, 1, 4, 7, 0, 11, 13, 5, 10, 9, 2, 6, 8, 14], "R": [[0.2775483765087808, 0.46954331532898647, -0.8381503288355879], [-0.11545005712025917, -0.8498028755314494, -0.5143018151333019], [-0.9537495389295184, 0.2395081371651997, -0.18165260588107984]], "T": [0.05656721365574051, -0.13412800518553392, -0.05355062514626731], "aligned_model": [[-0.6153655187473828, -0.3638584650287849, 0.33533509877237677, 0.6811715497209894, 0.3623107542344081, -0.4521392373525958, 0.09232690344345067, -0.11409312179943011, -0.5288371694602817, 0.4901006311799662, 0.5139326632913196, 0.08120621090967017, -0.262182029640247, -0.01333911219416671], [0.22725082790341677, -0.43922118566957463, -0.5210741590142747, -0.03005710500623554, -0.002554224621952761, 0.2492964022946783, 0.6036533144695766, -0.7005795051461764, -0.3092875075686364, 0.2780890943876252, -0.6141373253874127, -0.349687132899841, 0.4276177816526806, -0.16929965618510778], [-0.06773815444540522, -0.7454019755775073, -0.31504321607942004, -0.16306625526125035, -0.697543324770878, -0.6196503271254551, -0.22456807920748395, 0.2368465736645346, 0.25467357468859886, 0.27452790006179784, 0.2705058909391302, 0.6967522177491934, 0.4015790139328874, -0.09759673325492126]], "inverted": true, "swapped": false, "error_lsq": 0.03969900036528253, "error_max": 0.23763438878028512, "target": "305.xyz", "model": "1.xyz", "model_rescale": 4.316132596720782, "target_rescale": 3.8103950762857184},
{"mapping": [1, 4, 5, 8, 0, 7, 12, 11, 6, 2, 9, 13], "R": [[0.8605324137580468, 0.37244548276291567, -0.347517376891068], [0.3088489296859902, 0.16104505118171414, 0.9373776347458357], [0.4050880194520299, -0.913974208530732, 0.02355509789948022]], "T": [0.04851601089358266, 0.10703526867909535, -0.0807387153289003], "aligned_model": [[-0.22976492341999738, 0.4835772775949768, 0.09990420783733311, -0.6571354021236723, -0.4665893261021911, -0.3643005690720722, -0.13998800319999083, -0.2486398765572317, 0.5184992940172696, 0.26217223997065253, 0.2678107807074727, 0.07226285497923175], [-0.6978447667637517, -0.4232140558107819, -0.6035115232236514, 0.3189586857511404, -0.21624310212751513, 0.03578678745999157, 0.5157384603241075, 0.7225856131488908, -0.010440913632533133, -0.23112742296047262, 0.6358901751701937, -0.03380150959463782], [0.15222331327524496, 0.09286418077920806, -0.40926926687841186, -0.08189874868486142, -0.49481087339646823, 0.3904240130887079, -0.5404445281597936, 0.4022807748739585, -0.6011700666354878, 0.637991516503999, -0.049728977726792745, -0.049202875829881705]], "inverted": false, "swapped": true, "error_lsq": 0.04722888777126203, "error_max": 0.2037680243927623, "target": "305.xyz", "model": "2.xyz", "model_rescale": 3.795458400668931, "target_rescale": 3.8103950762857184},
{"mapping": [5, 6, 3, 11, 1, 7, 9, 0, 12, 8, 2, 13], "R": [[-0.9455914687937893, -0.025777923881279006, 0.3243335825732134], [-0.04009999571279571, -0.9800223371602742, -0.1948030005178254], [0.32287577253215854, -0.19720983065578934, 0.9256670666089817]], "T": [0.007819427030619254, -0.0643780546710803, 0.0919434011255435], "aligned_model": [[0.06975028021772525, -0.24990333316813604, -0.7295085030138744, 0.1208330721256217, 0.1800304777946374, 0.22789070617823817, -0.2042173606520717, 0.6331307897941184, 0.3492090542486641, 0.6703932853143946, -0.4476983376160012, -0.02660630547975143], [-0.11816237480027113, -0.6341942119113061, -0.15256888532463542, 0.23963161553744244, 0.5157490934377278, 0.5099502747405947, -0.2966022012168632, -0.1416649989808743, -0.5482154613296403, 0.09398255070438642, 0.6128415511131045, 0.005022093320044177], [-0.6882627446472254, -0.24632018998729338, 0.12321622118552075, 0.8635117470168461, -0.5509712920104668, 0.23052115384948954, 0.5713718717485086, -0.2879389400772946, 0.34345082226171136, 0.3726115290955621, -0.010298019168697159, -0.032120728627560796]], "inverted": false, "swapped": true, "error_lsq": 0.04351375598716539, "error_max": 0.2313504683966381, "target": "305.xyz", "model": "3.xyz", "model_rescale": 3.7530521520055578, "target_rescale": 3.8103950762857184},
{"mapping": [6, 12, 9, 11, 3, 8, 4, 0, 1, 7, 13], "R": [[0.6917122293437139, -0.5650643056031053, 0.44970715172168413], [-0.7221259582992392, -0.548320434192981, 0.4217568040907298], [0.00826390505480945, -0.6164795470895212, -0.7873275531146766]], "T": [-0.05693929682757566, -0.09870085347122662, -0.012850044375687148], "aligned_model": [[-0.43359324089221435, -0.24870363810676632, 0.3059949503885397, 0.6000472346416243, 0.29186865924709965, -0.10379565889102259, -0.10593548031265422, -0.6848246845636463, -0.3704676706031089, 0.19030527057126184, -0.10269613903390791], [-0.6792340298755064, 0.018425640791326747, -0.26069090497098757, 0.3474775938625597, -0.7478553680434685, 0.6048843497896186, -0.5282726662319343, 0.2844250287580964, 0.15513962684113966, 0.3996312887817838, -0.12672720138828192], [-0.17608842455493443, -0.6156844480855651, -0.4261021071973549, -0.2770567182926717, 0.08379111817448809, -0.22645982917194019, 0.5471928549885414, 0.0036624827829945996, 0.7725214766388789, 0.28383731853311756, 0.12321705342976194]], "inverted": false, "swapped": true, "error_lsq": 0.04420665968300175, "error_max": 0.21905065013520603, "target": "305.xyz", "model": "4.xyz", "model_rescale": 3.7855080009869324, "target_rescale": 3.8103950762857184},
{"mapping": [8, 11, 1, 2, 12, 13, 14, 4, 7, 3, 0, 5, 10, 16], "R": [[-0.1476550108507067, 0.8321365829384483, 0.5345528085289621], [-0.9836715725620641, -0.17978763657601501, 0.00816352054490227], [0.10289915016147597, -0.5246190170685145, 0.8450956465549401]], "T": [-0.04689521086984613, -0.012052591714336952, -0.07807906110380042], "aligned_model": [[-0.6772923248670487, -0.22062951526398242, 0.37779282219981114, 0.6801357641959623, 0.17575607742193988, -0.45701676511036715, 0.2868173044424789, -0.1221250636132877, -0.5165292473981417, 0.4431809749106892, 0.4500156605728167, 0.085190762474779, -0.28572900547747265, -0.012998287158885485], [0.2999473316520088, -0.41869202610085565, -0.5811383258093847, 0.11837224808046445, -0.041347180856113344, 0.15209459557827829, 0.471098265210522, -0.7259457610160046, -0.3243690095361852, 0.13856368748016065, -0.5329898353405603, -0.2831271983366501, 0.3499792527656629, 0.027563575437422577], [-0.0543009104815842, -0.7390608991136187, -0.34053942155142347, -0.09225686199293376, -0.7204446064743282, -0.6522947440371918, -0.4140829377325755, 0.09995968733588192, 0.4151468493763539, 0.39048968942449486, 0.22221722153339724, 0.673036840677985, 0.5074596961189952, -0.09105249776963115]], "inverted": true, "swapped": false, "error_lsq": 0.039009988656634756, "error_max": 0.24303733067715697, "target": "305.xyz", "model": "5.xyz", "model_rescale": 4.2253639853439635, "target_rescale": 3.8103950762857184},
{"mapping": [3, 2, 5, 8, 10, 4, 1, 6, 7, 9, 11, 12, 0, 13], "R": [[0.3044761005806222, -0.9499935602628617, -0.06932921198392344], [-0.17487546971942058, -0.12729912649938985, 0.9763265347632957], [-0.9363294688653301, -0.28514411768715364, -0.204890111725246]], "T": [0.05820868723050952, -0.06316939210476076, -0.07745422938405741], "aligned_model": [[-0.6419519156741721, -0.2170158713437092, 0.3056968964878396, 0.788052790892477, 0.35478261170876346, -0.38620147640077485, 0.18565333277989354, -0.2583313250634637, -0.48239245997276914, 0.3844144875107432, 0.38970400618278256, 0.08371426243199, -0.2981371409103917, -0.0014190412999163723], [-0.1761034253813623, -0.34887537692857373, -0.5343945299220494, 0.011454087252697406, -0.018793427342371202, 0.29362837672027126, 0.6072610226554052, -0.6151527035830464, -0.21548450794470153, 0.30626179905699846, -0.6907428263418832, -0.38349899488433475, 0.4895150345654076, -0.07506490871369192], [-0.07193091820558253, -0.6185597132138874, -0.42014610588299395, -0.1647685825978186, -0.7975841867251705, -0.49710440611369966, -0.3476147432338249, 0.016539454390473204, 0.4828507957193019, 0.2826940711057815, 0.24163232151670302, 0.7989487462417408, 0.3814795617116107, -0.08215918939881309]], "inverted": true, "swapped": false, "error_lsq": 0.047218127254526975, "error_max": 0.32414646212194986, "target": "305.xyz", "model": "6.xyz", "model_rescale": 3.89814844738969, "target_rescale": 3.8103950762857184},
{"mapping": [9, 10, 3, 8, 6, 2, 7, 12, 0, 1, 4, 5, 13], "R": [[0.5601414554024748, 0.8283967226806516, -0.0006479132297029233], [0.4873817080363546, -0.33018774050183974, -0.8083533427244892], [-0.6698511928862732, 0.4524764368165989, -0.5886972511525695]], "T": [-0.011702279767155141, -0.04399984746726622, -0.06278671329193894], "aligned_model": [[0.30699279078088576, -0.10533299143644112, 0.46883002024958254, -0.5042941719433562, 0.5999801851007134, -0.3272590665906859, -0.6097664843773744, 0.20797006594788692, -0.29833649061028467, -0.6014199287124651, 0.07813217552398721, -0.014150853795249514, -0.052713449232976245], [-0.2517457036782171, 0.20374538958573296, 0.4256976399036199, -0.5919130702918839, 0.055024854491583716, 0.6477860906199682, -0.009047017487950074, -0.6434707776816527, -0.3267350817059032, 0.4387245654398581, 0.6407075958125947, 0.29714792042126226, 0.07785886004147252], [-0.49175573693950414, -0.8060689695085198, -0.38040451397015274, -0.06384741604871105, 0.28588562834726405, -0.3765258828983141, -0.25921913999607726, 0.016460752892610203, 0.5530052822828643, 0.38303129030836947, 0.09111619507114249, 0.6436565034776363, 0.006941037817687679]], "inverted": false, "swapped": true, "error_lsq": 0.04742689582930427, "error_max": 0.2730753920048575, "target": "305.xyz", "model": "7.xyz", "model_rescale": 3.7474275329858107, "target_rescale": 3.8103950762857184},
{"mapping": [13, 2, 3, 5, 8, 4, 9, 0, 12, 7, 6, 10, 11, 14], "R": [[-0.6620967492541247, -0.7165004152303025, 0.2196703202572565], [0.3443240061002345, -0.030491155707453588, 0.9383556192865847], [-0.6656341889132552, 0.6969199698662886, 0.2668963884194855]], "T": [-0.07873845720869477, -0.1508749801184949, -0.029333272257401212], "aligned_model": [[-0.8599558041498853, -0.30450787653926764, 0.4061747683102138, 0.6074709409350808, 0.14552676347474938, -0.40391432113660186, 0.27411179819520903, 0.06056881064491901, -0.5741850335753946, 0.4265224293294776, 0.6066679988585426, 0.06528697819177479, -0.11845261075337775, -0.1247456844561477], [0.2722114891177706, -0.4950950934364948, -0.5494387665422569, -0.018483058520388312, 0.08213691567693746, 0.14975269773466257, 0.5237286043085563, -0.7689238543727924, -0.08483156619853521, 0.11338258922203162, -0.5046810706142372, -0.2554605768536334, 0.3396439689704063, -0.15393265928326083], [-0.1664796359712351, -0.7635881181605969, -0.37594632575223774, -0.18621062886633288, -0.629850451916859, -0.6743987748793314, -0.056667156503388556, 0.15183601814005718, 0.33234832285585364, 0.34316774184177457, 0.23895265489349074, 0.7079467875580822, 0.3505270996989485, -0.06736042762440411]], "inverted": false, "swapped": false, "error_lsq": 0.04911244167365712, "error_max": 0.308289615971653, "target": "305.xyz", "model": "8.xyz", "model_rescale": 4.019505241142653, "target_rescale": 3.8103950762857184},
{"mapping": [9, 12, 6, 3, 10, 4, 5, 11, 7, 8, 0, 1, 13], "R": [[-0.4003075397847698, 0.46589246288043806, 0.7891122142145973], [0.709884936926591, -0.38689283423194015, 0.5885382834996432], [0.5794974114836017, 0.7957751867526256, -0.17585392299470914]], "T": [-0.021677080895704207, -0.07870709971907551, -0.03198110265449373], "aligned_model": [[-0.27188011814952573, -0.6497980555883162, -0.027585526594699164, 0.368939226128108, 0.24860148867456056, 0.6373048049201965, 0.3051923672710288, -0.3043443906273296, 0.11205441901659886, -0.4829437457793703, -0.263347916462505, 0.5433263551543753, 0.10418186377805459], [-0.5312894541133784, -0.017762024700337983, 0.22218645885911492, -0.43132374059550177, -0.8121095596552075, 0.06922581689919104, 0.6265259625792976, -0.7533659504023735, -0.2285854827547072, -0.04306019300126994, 0.5566977702430413, 0.4120305331417492, -0.005791908385559222], [-0.27958353530300284, -0.1570860007316096, -0.6761564576042235, -0.5568510804334379, 0.07610798859543957, -0.24278751572166668, -0.13805892911354078, 0.3747698077847715, 0.5656312697494952, 0.541446450731877, 0.2493621463928376, 0.43651772292998364, -0.01660837323304422]], "inverted": true, "swapped": true, "error_lsq": 0.04873131512919842, "error_max": 0.3321250105129167, "target": "305.xyz", "model": "9.xyz", "model_rescale": 3.877068213659057, "target_rescale": 3.8103950762857184},
{"mapping": [5, 12, 10, 9, 11, 0, 8, 6, 3, 2, 14, 13, 4, 15], "R": [[-0.5997103110994463, 0.6952345318534139, 0.3962278239593604], [-0.7337411322559602, -0.28015753972053903, -0.6189795665233842], [-0.31932975682943665, -0.6619370805871954, 0.6781355378882262]], "T": [-0.010037427059336454, -0.04531768807662018, -0.001427622890442147], "aligned_model": [[-0.7520099991996363, -0.4498314773454253, 0.3974284894373421, 0.6382662800507461, 0.17126224283735886, -0.3137919152934061, 0.3506596012222267, -0.15785245774734025, -0.5466383241227246, 0.41238478938686335, 0.6323804813603495, 0.16119372233321416, -0.29108959917593064, -0.04579267641434495], [0.14366511655930017, -0.3847555059682312, -0.5319883301252727, 0.04930199981500699, -0.11796806110522695, 0.20972282759588534, 0.5241771389094723, -0.643347445543701, -0.22675209830322718, 0.21059685308122772, -0.4299072497582938, -0.43322985538461223, 0.30158532672378563, -0.02109109728734785], [-0.1587732424226637, -0.500985804518437, -0.31818303724251323, -0.08139462802548739, -0.7131211167892256, -0.6916837940884628, -0.3767890908556926, 0.027132856997278278, 0.28475828658924435, 0.44176824422268096, 0.2197321533478233, 0.644979787258756, 0.5072556327961439, -0.08041914195562366]], "inverted": false, "swapped": false, "error_lsq": 0.033659475575937695, "error_max": 0.23927146183054465, "target": "305.xyz", "model": "10.xyz", "model_rescale": 4.260839863003843, "target_rescale": 3.8103950762857184},
{"mapping": [11, 12, 0, 8, 1, 7, 10, 9, 6, 5, 4, 13], "R": [[0.8142940995009097, 0.44088005839823163, 0.37755780170031533], [0.5718383201902452, -0.7209594057938945, -0.39143131039725654], [0.0996295893798696, 0.5346422255154251, -0.8391851021174722]], "T": [0.09316007697137768, -0.0004519974265252396, -0.01260666427295776], "aligned_model": [[0.26048507797458875, 0.26081381608225956, -0.47686989610652636, -0.28117062298850143, -0.6704053747767282, -0.28817392243134027, 0.4252854265301573, 0.6097933271703804, 0.39194636740613104, -0.3286646925581785, 0.042563394862227655, 0.013295747929660512], [0.1297938684522893, -0.5986375376114289, -0.4515728441037486, -0.3201605533550703, 0.35142995886554107, 0.2881975206881166, 0.5877726281109513, -0.05631220589372213, -0.2541401813408712, -0.05380597715446794, 0.4714776278658908, 0.07903620100945408], [-0.8222671081629553, -0.17984236565444328, 0.10076871579550423, -0.5608034933478429, 0.25700480870446507, -0.4234034851129038, -0.42040252882814, -0.25490613582088156, 0.5806072846860291, 0.6466861615854528, 0.5120866003815648, 0.08064962316965588]], "inverted": false, "swapped": true, "error_lsq": 0.04840453143393653, "error_max": 0.22601172370166595, "target": "305.xyz", "model": "11.xyz", "model_rescale": 3.890672605050136, "target_rescale": 3.8103950762857184},
{"mapping": [0, 2, 10, 9, 11, 1, 6, 4, 3, 5, 12, 7, 8, 13], "R": [[-0.7827568951347431, 0.28446821600072536, 0.5535065286014085], [-0.6144653318706015, -0.49421187415716117, -0.6149690881428255], [0.098610339458744, -0.8214818668281311, 0.5616436089055054]], "T": [0.030215922147066594, 0.013789970277197347, -0.12369100182529119], "aligned_model": [[-0.5551587945590627, -0.11388112434834197, 0.3843771920258179, 0.7820338793760917, 0.2405418918920379, -0.5256102301362671, 0.06633559255999608, -0.34293733071960275, -0.6550605596983602, 0.5498896312656977, 0.4625160668740687, 0.09563038409882285, -0.20720888706567928, 0.02510144576407334], [0.08650862596549803, -0.4802229441158575, -0.7576068640269857, 0.20932913686658866, -0.0805747860022321, 0.267602781088399, 0.5582440627533278, -0.5792736744389155, -0.17991281802200326, 0.10481826883097765, -0.5078314370183405, -0.32084769735118096, 0.4447106029929466, -0.11493363831345706], [-0.09643338081169209, -0.6143552610401524, -0.40486216568445577, -0.17221532087155514, -0.6233113007708139, -0.6052869277800899, -0.3089569040761151, -0.11424605522907519, 0.4644743909314614, 0.44782038629252047, 0.18640549777621762, 0.6577837257559676, 0.4027383990522458, -0.015277978230642447]], "inverted": false, "swapped": false, "error_lsq": 0.04478034336825265, "error_max": 0.2844073870206035, "target": "305.xyz", "model": "12.xyz", "model_rescale": 4.124412569039231, "target_rescale": 3.8103950762857184},
{"mapping": [9, 3, 4, 11, 6, 12, 10, 8, 2, 7, 0, 1, 13], "R": [[0.5307539998193811, -0.5007157230599502, 0.6838011087708765], [-0.46055186249185215, 0.5069056251197623, 0.7286553843740052], [-0.7114718361474436, -0.7016626339648525, 0.038436629229043125]], "T": [0.18061575615642123, 0.018945980293624043, 0.05172582877170586], "aligned_model": [[-0.23092421831736493, -0.014980703910824511, 0.43090077730666787, -0.5881956422086001, 0.60882124392128, 0.20737584162650485, -0.5303968354604569, 0.05093658820476682, -0.07645768139513959, -0.07883345031784361, 0.7167443099011528, 0.6121838693245325, 0.26012420883508197], [-0.18956442297883613, 0.43664642789425123, 0.6592741388088528, -0.19549143385672896, -0.02066841190923782, -0.6131464911628405, 0.35801397115327194, -0.4388188388296616, 0.7826060099626522, 0.17119326512249256, -0.27915500912596153, 0.5390967602093562, 0.13749941122086723], [0.3921631550901614, 0.6345435096917027, 0.21881225863132106, -0.20018150557155032, 0.6179453016154898, 0.16853551113757198, 0.09762699643884745, -0.510849926879495, -0.11353984577157852, -0.502345524884667, -0.3544762629096218, -0.5163723902695514, 0.019836804649208527]], "inverted": true, "swapped": true, "error_lsq": 0.04805984393986103, "error_max": 0.2924961639872882, "target": "305.xyz", "model": "13.xyz", "model_rescale": 3.9028299243045295, "target_rescale": 3.8103950762857184},
{"mapping": [8, 4, 7, 6, 3, 0, 2, 10, 13, 11, 9, 14, 12, 15], "R": [[0.8853407228621237, -0.45782782146865275, 0.08102771335314558], [-0.20903240708054616, -0.23627846792422286, 0.9489351602641218], [-0.4153038131682455, -0.8570683586999635, -0.30488780113882163]], "T": [-0.008997092118789275, -0.0037331488118042266, -0.08376448272665048], "aligned_model": [[-0.611398370403033, -0.30576856659122564, 0.4231799798664469, 0.6361797369700666, 0.21587904453148288, -0.36009454289410253, 0.035888213441463125, -0.15061867679055405, -0.5187641725729601, 0.3462573390083458, 0.6098827051935, 0.09721892975128252, -0.28694537084424226, 0.07567290866282206], [0.469575749499032, -0.41945981944373356, -0.7704297916018756, 0.059314690857295294, -0.053564422782367865, 0.19400818339376186, 0.6741996551133365, -0.7248330411813689, -0.24969644039892924, 0.09727617846729468, -0.39713358625554096, -0.47281111719745106, 0.32228950331313255, -0.07872612257382], [-0.1817366535656969, -0.5292544390078844, -0.29830397145045545, -0.2392639726587581, -0.6631063615321359, -0.8082265968785038, -0.3675640462618041, 0.03997263389012866, 0.4750654866487326, 0.5561168291625821, 0.1673716332770785, 0.6590239589283359, 0.46459149072113304, -0.07040888595893093]], "inverted": true, "swapped": false, "error_lsq": 0.040343894767869135, "error_max": 0.3527580857255731, "target": "305.xyz", "model": "14.xyz", "model_rescale": 3.942246331269136, "target_rescale": 3.8103950762857184},
{"mapping": [13, 8, 7, 9, 6, 11, 10, 0, 12, 5, 2, 1, 3, 14], "R": [[0.3589742827792313, 0.5814090439992929, -0.7301376499393557], [0.9331787445888307, -0.20870193422763356, 0.2926105488482239], [0.01774527967519185, -0.7863885974538752, -0.6174771889258553]], "T": [-0.009884965487912085, 0.024333970249367454, -0.07349813776742666], "aligned_model": [[-0.8046928077602415, -0.2734527891775164, 0.4786743401845246, 0.7518779824722778, 0.15112859499815848, -0.3531296121361035, 0.2533172964944761, 0.039890113463945345, -0.6555964940220526, 0.3881291610269908, 0.5018552240946765, -0.11547171710350336, -0.14286809311400872, -0.013092042092331235], [0.18800414190135975, -0.5258095910048255, -0.5697211712575504, 0.10310631138641024, -0.06810738568953618, 0.2221259218832757, 0.630467008989148, -0.6993699975042992, -0.16339909727619134, -0.009803217304129197, -0.48302792066919475, -0.24255716158451907, 0.3281684544425004, -0.0600666771036828], [-0.12271617591532026, -0.549644113927964, -0.4468448959147304, -0.3218415200411492, -0.6010572514127094, -0.6711372270786581, -0.34243646653184046, 0.046886626389811156, 0.39114062023527857, 0.41965393381864163, 0.17820368711472168, 0.6843026258982701, 0.5641130482092003, -0.024345785529730476]], "inverted": false, "swapped": false, "error_lsq": 0.043921005755388855, "error_max": 0.32347006955557833, "target": "305.xyz", "model": "15.xyz", "model_rescale": 4.355366556412066, "target_rescale": 3.8103950762857184},
{"mapping": [1, 4, 5, 8, 0, 7, 12, 11, 6, 2, 9, 13], "R": [[0.8605324137580468, 0.37244548276291567, -0.347517376891068], [0.3088489296859902, 0.16104505118171414, 0.9373776347458357], [0.4050880194520299, -0.913974208530732, 0.02355509789948022]], "T": [0.04851601089358266, 0.10703526867909535, -0.0807387153289003], "aligned_model": [[-0.22976492341999738, 0.4835772775949768, 0.09990420783733311, -0.6571354021236723, -0.4665893261021911, -0.3643005690720722, -0.13998800319999083, -0.2486398765572317, 0.5184992940172696, 0.26217223997065253, 0.2678107807074727, 0.07226285497923175], [-0.6978447667637517, -0.4232140558107819, -0.6035115232236514, 0.3189586857511404, -0.21624310212751513, 0.03578678745999157, 0.5157384603241075, 0.7225856131488908, -0.010440913632533133, -0.23112742296047262, 0.6358901751701937, -0.03380150959463782], [0.15222331327524496, 0.09286418077920806, -0.40926926687841186, -0.08189874868486142, -0.49481087339646823, 0.3904240130887079, -0.5404445281597936, 0.4022807748739585, -0.6011700666354878, 0.637991516503999, -0.049728977726792745, -0.049202875829881705]], "inverted": false, "swapped": true, "error_lsq": 0.04722888777126203, "error_max": 0.2037680243927623, "target": "305.xyz", "model": "16.xyz", "model_rescale": 3.795458400668931, "target_rescale": 3.8103950762857184},
{"mapping": [9, 10, 3, 8, 6, 2, 7, 12, 0, 1, 4, 5, 13], "R": [[0.5601414554024748, 0.8283967226806516, -0.0006479132297029233], [0.4873817080363546, -0.33018774050183974, -0.8083533427244892], [-0.6698511928862732, 0.4524764368165989, -0.5886972511525695]], "T": [-0.011702279767155141, -0.04399984746726622, -0.06278671329193894], "aligned_model": [[0.30699279078088576, -0.10533299143644112, 0.46883002024958254, -0.5042941719433562, 0.5999801851007134, -0.3272590665906859, -0.6097664843773744, 0.20797006594788692, -0.29833649061028467, -0.6014199287124651, 0.07813217552398721, -0.014150853795249514, -0.052713449232976245], [-0.2517457036782171, 0.20374538958573296, 0.4256976399036199, -0.5919130702918839, 0.055024854491583716, 0.6477860906199682, -0.009047017487950074, -0.6434707776816527, -0.3267350817059032, 0.4387245654398581, 0.6407075958125947, 0.29714792042126226, 0.07785886004147252], [-0.49175573693950414, -0.8060689695085198, -0.38040451397015274, -0.06384741604871105, 0.28588562834726405, -0.3765258828983141, -0.25921913999607726, 0.016460752892610203, 0.5530052822828643, 0.38303129030836947, 0.09111619507114249, 0.6436565034776363, 0.006941037817687679]], "inverted": false, "swapped": true, "error_lsq": 0.04742689582930427, "error_max": 0.2730753920048575, "target": "305.xyz", "model": "17.xyz", "model_rescale": 3.7474275329858107, "target_rescale": 3.8103950762857184},
{"mapping": [2, 9, 5, 8, 4, 6, 0, 12, 7, 3, 10, 11, 1, 13], "R": [[0.6880904619877051, 0.6963721621624505, 0.20395422988195372], [-0.5221190859421131, 0.2799606581596487, 0.8056138591023551], [0.5039079044989465, -0.6608236085734304, 0.5562274553952461]], "T": [0.008062230569270752, -0.1059994041751429, 0.0011885134278684512], "aligned_model": [[-0.5339058698576961, -0.3526679511951621, 0.36022301540808904, 0.6695449735756048, 0.28228744400798506, -0.33980176498370424, 0.08803669245215129, -0.16451307765543807, -0.6130731615677866, 0.45355945611356047, 0.5376913364980682, 0.016674650284427085, -0.15989472654422834, -0.03759185920657829], [0.32758536094456014, -0.41293902187121434, -0.623195244216336, 0.1041892176485953, -0.016014342275273027, 0.07645922302688347, 0.6673168947028371, -0.8335762614171706, -0.35623789143140705, 0.1533891725045522, -0.49435216453123754, -0.3065450887483881, 0.3871387050939359, -0.02320894022157237], [-0.14749757665913282, -0.47144873955676886, -0.3617318378010009, -0.1862035226338432, -0.7772259282225765, -0.6626626004657543, -0.3065912424318629, 0.010494592648507536, 0.3461389535881002, 0.44259418809648504, 0.21359028870369146, 0.6950501108893166, 0.45629694287448846, -0.04652652371582864]], "inverted": true, "swapped": false, "error_lsq": 0.03954461859133863, "error_max": 0.26222500873820664, "target": "305.xyz", "model": "18.xyz", "model_rescale": 3.922800546911778, "target_rescale": 3.8103950762857184},
{"mapping": [1, 5, 12, 7, 3, 0, 9, 8, 6, 11, 13, 4, 10, 14], "R": [[-0.41347351196774795, -0.4166178080826041, -0.809610558780889], [-0.7904969153238515, -0.27699341494429053, 0.5462501944539477], [-0.45183435212977374, 0.8658546356438515, -0.2148056520893275]], "T": [-0.049988865561815504, -0.12605105790652615, -0.05334231854514572], "aligned_model": [[-0.7758609426302339, -0.30773785468744963, 0.401486705575257, 0.7081042394386649, 0.19843478089564345, -0.33087501516741824, 0.2539243263098222, -0.257269773058682, -0.5319296447467815, 0.46911191461915425, 0.4435316383032899, 0.012220848639412224, -0.11244090723203526, 0.035868841070649], [-0.015036964461744129, -0.5471561903368305, -0.5544593178271938, 0.04821467052602629, 0.08579741399141949, 0.11235152805262177, 0.6279778792746983, -0.682984502318725, -0.16959055249973198, 0.09592859829406261, -0.5026664268630172, -0.19406138788550129, 0.4361684680337521, -0.0904735967710713], [-0.14698324295781467, -0.6353815321994191, -0.5342271447402681, -0.23537890581061288, -0.6033924620960679, -0.803482181267164, -0.09600752233851641, 0.09243291221803483, 0.43819116930920965, 0.3808270320743813, 0.2406170714234077, 0.664551605072625, 0.5216442851301191, -0.07913397850409346]], "inverted": true, "swapped": false, "error_lsq": 0.041643108968504185, "error_max": 0.28579024639986844, "target": "305.xyz", "model": "19.xyz", "model_rescale": 3.9282355846067225, "target_rescale": 3.8103950762857184},
{"mapping": [12, 8, 4, 0, 11, 9, 10, 6, 7, 1, 3, 5, 2, 13], "R": [[0.7951408699882131, 0.5641563682378073, 0.22243783187919103], [-0.3308695505941118, 0.7109909009297407, -0.6204976061877807], [-0.5082089504957957, 0.41978510094075894, 0.752000087542627]], "T": [-0.0647701002990262, -0.17866374813219144, -0.062018366349528], "aligned_model": [[-0.6964652881218243, -0.2652549215568102, 0.3383976130903403, 0.6894798767168873, 0.26035266087512543, -0.4083612203423752, 0.022643023671695253, -0.20415881864658314, -0.6013465904350371, 0.4869396521616155, 0.5563277205707895, 0.04347584991853859, -0.06519135522436842, 0.04973095465129909], [0.34068431386718967, -0.6548786650789273, -0.5022736476799908, 0.03426046327776902, 0.09161799791732078, -0.00936962534582475, 0.6759424507343766, -0.7499735570253876, -0.07866036670286379, 0.09730637708287743, -0.5147840761299061, -0.3609735673298585, 0.35683677180512063, -0.07572525018313002], [-0.2944686308074809, -0.6202716855970121, -0.4254743784539709, -0.22316190659790133, -0.6404698675532824, -0.6379606095086283, -0.1271454698317212, 0.22262165458377176, 0.2382860963473198, 0.3633727893356945, 0.19801180720545009, 0.6033658056400095, 0.5640449100459446, -0.016473409494371892]], "inverted": true, "swapped": false, "error_lsq": 0.05101218242041377, "error_max": 0.26176933942507935, "target": "305.xyz", "model": "20.xyz", "model_rescale": 4.067790424073018, "target_rescale": 3.8103950762857184},
{"mapping": [2, 6, 13, 1, 5, 4, 8, 11, 3, 9, 10, 12, 0, 14], "R": [[-0.24202959869231905, -0.8894641166802376, -0.3876535289341237], [0.05144339160600653, -0.4107337703559397, 0.9103028876968726], [-0.9689041494476665, 0.20037803030132473, 0.14516678048250337]], "T": [-0.0042969375951288705, -0.05569468117670987, -0.08239576627425271], "aligned_model": [[-0.7034805157842775, -0.51159434435597, 0.4163102912563636, 0.7870533779603933, 0.2308610484070399, -0.35081026058112136, 0.14690362071337693, -0.07923032989590506, -0.6780166809746248, 0.5653948739740459, 0.6262699948534348, 0.016252184354071726, -0.308391647388954, 0.04904754479141888], [0.19237999446845888, -0.41846443994812116, -0.5490913279669336, 0.15213220323921814, 0.011288168192234153, 0.28172816298249653, 0.44562859130796645, -0.6666523918683736, -0.33494299547831147, -0.019984842227947407, -0.516456924779079, -0.3011871260212589, 0.4709234290135899, -0.09729088170517367], [-0.14004306311543013, -0.48064737758301956, -0.34654120547627465, -0.1446674730355303, -0.6196853905624079, -0.7215724523079313, -0.3081860768668565, 0.11546255789697635, 0.35563060620941367, 0.4450755094386296, 0.16533457124335527, 0.6430868730831962, 0.28456172856127343, -0.04353170217157335]], "inverted": true, "swapped": false, "error_lsq": 0.04178326754760701, "error_max": 0.2570009304438757, "target": "305.xyz", "model": "21.xyz", "model_rescale": 4.186013935880536, "target_rescale": 3.8103950762857184},
{"mapping": [9, 3, 10, 8, 0, 11, 12, 6, 2, 4, 5, 7, 13], "R": [[0.09555109941727019, 0.8109270777026383, -0.577293046943067], [-0.4005496437868296, 0.5622450895524489, 0.7234918397165255], [0.9112793041995386, 0.1621040836093216, 0.3785396885595845]], "T": [-0.04109087286372443, -0.10257019315418633, 0.03454394837079687], "aligned_model": [[0.05436709775853862, -0.300936919028535, 0.44380049954425044, 0.4515432642277705, -0.15950110091054592, 0.7131229550082139, -0.10428630944749434, -0.7333917164191015, 0.21974868864308716, -0.37327906584213844, -0.5771363973079197, 0.510584979096803, -0.08606193989970387], [-0.33845254011571135, 0.2659879057433495, 0.23118172399017692, -0.5129099851886109, -0.36615508443733835, -0.29617110277318226, -0.742077739428923, -0.18806281062380092, 0.6718849595390687, 0.5221140298585074, 0.15908830025640888, 0.09428818147183107, 0.018240821254317002], [-0.47925232083538283, -0.556263167648564, -0.49091103526084334, 0.397572403342843, 0.7111532804826055, -0.2723629847226899, 0.0039182795066821235, -0.1030942934798705, -0.059040644435525855, 0.0356590302863979, 0.5440926134846272, 0.26775785473944036, 0.1036505458756264]], "inverted": true, "swapped": true, "error_lsq": 0.04530131781428089, "error_max": 0.30349324128626737, "target": "305.xyz", "model": "22.xyz", "model_rescale": 4.166573947596378, "target_rescale": 3.8103950762857184},
{"mapping": [8, 0, 5, 6, 1, 4, 2, 10, 9, 12, 13, 14, 11, 15], "R": [[-0.23736388387539165, -0.9186088459953414, 0.3159369789858365], [-0.6593812448594152, 0.39118985502848996, 0.6420178122532403], [-0.7133545826300113, -0.05593107706719269, -0.6985677877334929]], "T": [-0.056847200493890415, -0.038330565830147156, -0.008373602737516], "aligned_model": [[-0.8222168751622256, -0.1941815905028494, 0.434870517221184, 0.6540938770108116, 0.28028598614627925, -0.4282970896968406, 0.15265571087386628, -0.1590088886254033, -0.4718447215580445, 0.3722783216068856, 0.34154913823039573, 0.13574497602308577, -0.0727015118642188, -0.016658692373633724], [-0.1796053831393663, -0.3088328644041084, -0.5863283204913776, 0.1671044862078151, 0.0211592272356646, 0.22695120843542393, 0.5099810861128529, -0.7422219567802559, 0.00766599653872535, 0.16232848711903008, -0.7661428179425627, -0.3979927693649791, 0.5851840618800715, -0.04924082219816846], [-0.22821406151050838, -0.7664788293552233, -0.3943452703151683, -0.18576259810497697, -0.6335945555645729, -0.5841375069710312, -0.33742086630471835, 0.22623486328304135, 0.4230317055781646, 0.4443609618591057, 0.16009841826859023, 0.6695121664840904, 0.4744011659370325, -0.06340848797000463]], "inverted": true, "swapped": false, "error_lsq": 0.05324335248078157, "error_max": 0.3599735356912902, "target": "305.xyz", "model": "23.xyz", "model_rescale": 4.274766983524099, "target_rescale": 3.8103950762857184},
{"mapping": [12, 7, 11, 9, 10, 3, 6, 4, 5, 1, 13], "R": [[0.8933975046094358, -0.20142741408582135, 0.4015817421302077], [0.24807605576259265, 0.9664099504018111, -0.0671571166865039], [-0.37456530714270453, 0.15962081511841975, 0.9133575565275753]], "T": [0.016823505547064993, 0.057342781430950854, -0.07238782290500209], "aligned_model": [[0.1232828070385408, 0.028069465884866127, -0.4683781518129033, -0.4497864325476273, -0.6841729161686643, -0.5207378200718921, 0.11825566287854061, 0.007985746124654386, 0.6113117907015048, 0.5406115340022215, 0.07345301792883356], [-0.25993780560408886, 0.6853165261811113, 0.509319519582243, -0.13873483579330187, 0.4118590720222475, -0.22789693182922438, -0.611438263468527, 0.023659590137272278, -0.11071339932509765, 0.5424017329075569, 0.09175132643329215], [-0.6218429555203684, -0.12725762973020416, -0.5830815234777161, -0.3417723913355527, 0.0020107086912970473, 0.35431373027661905, 0.1466490751082796, 0.634271892994794, 0.4111311658572442, 0.447138279873051, 0.058006081284134176]], "inverted": true, "swapped": true, "error_lsq": 0.0518970520931742, "error_max": 0.2904382442675897, "target": "305.xyz", "model": "24.xyz", "model_rescale": 3.7841303162186577, "target_rescale": 3.8103950762857184},
{"mapping": [10, 11, 3, 4, 6, 7, 1, 13, 14, 2, 5, 12, 9, 15], "R": [[0.09067314290486686, 0.9830951266811863, -0.15906713378777004], [0.3011155385934683, 0.12518486419493094, 0.9453349576705934], [0.9492669875084245, -0.13361407737285558, -0.2846743134785459]], "T": [-0.05031678656104349, 0.07000134440737171, -0.09789005103607587], "aligned_model": [[-0.8166228191937921, -0.3766422149355905, 0.38686896218685657, 0.6866223750812486, 0.278297364032646, -0.3836109666603234, 0.3683971947647164, -0.23598947293729242, -0.5516193756887715, 0.4255121484984467, 0.6104913606498803, 0.05770110101877936, -0.22534383714837564, -0.017492662339135774], [0.2040999928670788, -0.4474407398521987, -0.5851597041425951, 0.050978075686814256, -0.1629648489418234, 0.20630892966022202, 0.638418095418285, -0.6824832411325118, -0.2518401654355988, 0.23587434369883917, -0.33801556127633287, -0.3952005684788626, 0.14176672817225391, 0.035668282965195516], [-0.09098193196244134, -0.561779017703711, -0.2671073940828137, -0.21305571494462405, -0.6976949735142116, -0.6393148304974015, -0.3315936941735601, 0.008376591565154329, 0.42595412330052507, 0.4632391681224227, 0.30977837145902554, 0.49125443263318247, 0.4556042757477696, -0.14840230063549587]], "inverted": true, "swapped": false, "error_lsq": 0.03931176427499007, "error_max": 0.2746011284121246, "target": "305.xyz", "model": "25.xyz", "model_rescale": 4.19342608120988, "target_rescale": 3.8103950762857184},
{"mapping": [1, 4, 5, 8, 0, 7, 12, 11, 6, 2, 9, 13], "R": [[0.8605324137580468, 0.37244548276291567, -0.347517376891068], [0.3088489296859902, 0.16104505118171414, 0.9373776347458357], [0.4050880194520299, -0.913974208530732, 0.02355509789948022]], "T": [0.04851601089358266, 0.10703526867909535, -0.0807387153289003], "aligned_model": [[-0.22976492341999738, 0.4835772775949768, 0.09990420783733311, -0.6571354021236723, -0.4665893261021911, -0.3643005690720722, -0.13998800319999083, -0.2486398765572317, 0.5184992940172696, 0.26217223997065253, 0.2678107807074727, 0.07226285497923175], [-0.6978447667637517, -0.4232140558107819, -0.6035115232236514, 0.3189586857511404, -0.21624310212751513, 0.03578678745999157, 0.5157384603241075, 0.7225856131488908, -0.010440913632533133, -0.23112742296047262, 0.6358901751701937, -0.03380150959463782], [0.15222331327524496, 0.09286418077920806, -0.40926926687841186, -0.08189874868486142, -0.49481087339646823, 0.3904240130887079, -0.5404445281597936, 0.4022807748739585, -0.6011700666354878, 0.637991516503999, -0.049728977726792745, -0.049202875829881705]], "inverted": false, "swapped": true, "error_lsq": 0.04722888777126203, "error_max": 0.2037680243927623, "target": "305.xyz", "model": "26.xyz", "model_rescale": 3.795458400668931, "target_rescale": 3.8103950762857184},
{"mapping": [9, 8, 11, 10, 2, 6, 12, 3, 0, 7, 4, 1, 13], "R": [[0.48507369193558925, 0.6220889650303214, -0.6145802087437251], [0.17311759250454545, 0.6205771968221375, 0.7647968631929711], [0.8571661522466967, -0.47737748414842707, 0.1933311280438595]], "T": [-0.15030254448259428, -0.14104287528854625, 0.03505099947251731], "aligned_model": [[-0.15504287052033572, 0.527116836800335, 0.4934918960869399, 0.02929225147559411, -0.16706867182508567, -0.7952361902302448, -0.032105697964361635, -0.6754898632123643, 0.0285953644215165, 0.364726730766474, -0.6314319403191097, -0.08264677159995759, -0.20452469105814383], [-0.611526942570724, -0.2453648990359394, -0.41140139610343907, -0.11298481238235772, 0.4731447986699093, -0.3418445222642189, -0.6954129259744581, -0.17809125112350954, 0.0008382857055842519, 0.19387040734266803, 0.3538654331743954, 0.7028679629753616, -0.006078635156357065], [-0.29260977595881527, 0.3053780131016197, -0.42641044469583156, -0.7327845163948093, -0.511820589223002, 0.2570262737792213, 0.33936144772621574, -0.4895572223492449, 0.7344532011164162, -0.10660396928642765, -0.12038673120846924, 0.28561167093681106, 0.05047930455574217]], "inverted": true, "swapped": true, "error_lsq": 0.05009349855411034, "error_max": 0.2764457912887376, "target": "305.xyz", "model": "27.xyz", "model_rescale": 3.6321398670334006, "target_rescale": 3.8103950762857184},
