[{"mapping": [5, 7, 9, 8, 12, 4, 14, 13, 10, 11, 0, 2, 6, 15], "R": [[-0.0804945844929289, -0.7416436507627018, -0.6659469326835905], [0.9059798233475602, -0.33300894377526147, 0.261353406430467], [-0.41559737914769723, -0.5822969505750969, 0.6987196002664509]], "T": [-0.06179550120502558, 0.0005796291184388958, 0.18332333086016112], "aligned_model": [[0.21076994511668495, 0.15577824489855333, -0.41663461943317154, -0.5466543100713557, -0.5306794217533337, -0.029753705736318692, -0.8291464457775131, -0.07836356095647909, -0.37226442628318795, 0.21922917379062573, 0.6012017464286961, 0.3056484807700997, 0.7295512001798155, -0.04719020004481173], [-0.6676572176951245, -0.2534214368918499, -0.47114465841798325, -0.2067221915523211, 0.20731019858691993, 0.3508824058599817, 0.1644496236685056, 0.5073712218475092, 0.6688112094918375, 0.019455537622757334, 0.39590875893656474, 0.694872141717114, -0.20479048793882926, 0.029948226574952767], [0.4521294615494286, -0.43589345226330994, 0.27192650604478774, -0.35672834145550586, 0.596936709348151, -0.6564505027644563, 0.05690176557417381, 0.5288224308676723, -0.0781529810245361, 0.7119518553300526, 0.38895797163141943, 0.03479359565205431, 0.26192619280801355, 0.12046687588188834]], "inverted": false, "swapped": true, "error_lsq": 0.04715723690434208, "error_max": 0.251090504921483, "target": "307.xyz", "model": "0.xyz", "model_rescale": 3.8414455957264533, "target_rescale": 4.327837153429069},
{"mapping": [9, 5, 13, 6, 11, 0, 2, 12, 4, 10, 1, 3, 7, 8, 15], "R": [[0.8978030472351723, -0.13027673538395043, -0.4206871291030179], [-0.08879068124578587, 0.882082800719219, -0.46265121592755837], [0.4313535710981751, 0.45272276825121044, 0.7803692663142321]], "T": [-0.12817176376182624, 0.015191862392805722, 0.02789189544764637], "aligned_model": [[-0.6409015315422547, -0.7031512378312054, 0.04100712964770806, -0.08704847184797429, -0.3410300340217829, 0.2473845231025064, 0.5900451771674242, -0.3610889838377538, 0.639680966051502, 0.4309285014208606, 0.5288303566057782, -0.41110341654959115, 0.11447135689347196, -0.11135026119104964, -0.06462992056309513], [0.29813025517627784, 0.038607556706219445, -0.5065028211359006, -0.21423275606951445, -0.5123058042519556, -0.5697604999550026, -0.3342712409632735, -0.2591247421195857, 0.5027128611699547, -0.0012379428188319629, 0.013670169113067333, 0.5685939176006644, 0.5625738239011292, 0.7142056894157331, 0.04598606227403319], [0.14338725055080345, -0.4839083111982123, 0.30301915031964943, -0.7596727787123652, -0.15976964357343557, -0.3657123295273468, -0.006140740892716039, 0.5794040487558558, 0.06893169027937895, 0.5741804776985475, -0.4585355120624416, -0.26171990108922727, -0.3419480770318653, 0.3121710273614381, 0.0214954364614721]], "inverted": false, "swapped": true, "error_lsq": 0.0442250873592875, "error_max": 0.31903667055293955, "target": "307.xyz", "model": "1.xyz", "model_rescale": 4.316132596720782, "target_rescale": 4.327837153429069},
{"mapping": [13, 1, 10, 9, 14, 11, 8, 5, 4, 6, 7, 15], "R": [[-0.44829341603736983, 0.13924338642602924, 0.8829746839372901], [0.7184578218740031, -0.5315822340938456, 0.4485963515052916], [0.53183773025765, 0.8354828590296797, 0.1382643155047017]], "T": [-0.1490656120566483, -0.024341983877874798, 0.019086857442403328], "aligned_model": [[-0.2970547853435599, 0.6427283109409203, -0.015473771992591506, -0.5501457864940307, -0.5241958455964411, -0.3425182386212575, -0.12269776786613223, -0.3127863564689905, 0.556074332994019, 0.2671178485288061, 0.38435081034722945, -0.08759019579619062], [-0.614800472668762, -0.16679837811518694, -0.5594191052599641, 0.4061436813960651, -0.10931003659602213, -0.2242526959221352, 0.3650479190852006, 0.5097902481209876, -0.0842290460557459, 0.11445890993136855, 0.40840579893889223, -0.03226039511371699], [0.09615711613817932, 0.16411886680576712, -0.535115230758371, -0.08142140886640842, -0.6764136798119925, 0.5495499317903735, -0.6269767295386214, 0.5491693212657262, -0.5537569269944409, 0.713428657777115, -0.13414687842117037, -0.015334578176734802]], "inverted": true, "swapped": true, "error_lsq": 0.0476057839339498, "error_max": 0.2619116503177621, "target": "307.xyz", "model": "2.xyz", "model_rescale": 3.795458400668931, "target_rescale": 4.327837153429069},
{"mapping": [8, 4, 10, 0, 9, 11, 2, 7, 1, 6, 12, 15], "R": [[0.6880228223458676, 0.18367084804521427, 0.702060977059385], [0.6655754840613635, 0.22582324614639826, -0.711346003374156], [-0.28919521252556746, 0.9566968595528339, 0.033124733569295906]], "T": [0.05380423664637606, 0.19919676979698328, -0.04069737584004004], "aligned_model": [[-0.05847025196437846, -0.10427565895799029, -0.6235745897995094, 0.17594890056547718, 0.16300918871663364, 0.17334091084719908, -0.20719993950611448, 0.4470804457827338, 0.3086997746852702, 0.7208690357101535, -0.4497942875164425, 0.04767029718053327], [-0.09624594507298775, -0.6887740139953663, -0.1874893529953268, 0.0826530286034449, 0.5303247405808031, 0.6002211330670483, -0.26545038879176186, -0.3294144257609347, -0.4506058939567823, 0.1406119605037852, 0.6213661396791248, 0.1285720634286629], [-0.7261358921178249, -0.16510572534758985, 0.01339539675471639, 0.7400934503115448, -0.5251699461032007, 0.3878696881608401, 0.5552037008729261, -0.2880601222022428, 0.3848029030803431, 0.43488360637987533, -0.08344355415003783, -0.039562075000250004]], "inverted": true, "swapped": true, "error_lsq": 0.036177043303644754, "error_max": 0.2322391516323013, "target": "307.xyz", "model": "3.xyz", "model_rescale": 3.7530521520055578, "target_rescale": 4.327837153429069},
{"mapping": [6, 9, 11, 12, 0, 8, 1, 7, 4, 10, 15], "R": [[-0.3752186969526485, 0.4042903684893937, -0.8341224295053257], [-0.21865908066746775, -0.9130799372856012, -0.3441994110514729], [-0.9007769623490681, 0.053238389093146515, 0.4310064245785118]], "T": [0.0024682840316018542, -0.012276666527036947, -0.15249592262625342], "aligned_model": [[-0.3139098387525771, -0.16412511221687492, 0.2853196926804284, 0.5536065313886603, 0.22293914592912084, -0.36018247150206145, -0.27729090294461833, -0.6457425872196098, -0.320258111292465, 0.3808394136661782, -0.022996157290976395], [-0.7702244039612317, 0.2892929418109106, -0.4742126481675518, 0.2596382861242646, -0.7097776379451011, 0.6453820669935902, -0.435149697945838, 0.0273280180823275, 0.27335309711765865, 0.3638004772772021, -0.0022271410718851005], [-0.1502581958506635, -0.6399254432574578, -0.4082096575969779, -0.38908539194091646, 0.16847303329128308, -0.07708148173762264, 0.4887364230145671, 0.11868378970198365, 0.6495153712915374, 0.41907693387713496, -0.0870946035475517]], "inverted": true, "swapped": true, "error_lsq": 0.046142295652061655, "error_max": 0.2573099176945912, "target": "307.xyz", "model": "4.xyz", "model_rescale": 3.7855080009869324, "target_rescale": 4.327837153429069},
{"mapping": [12, 11, 1, 8, 4, 15, 13, 6, 7, 10, 0, 14, 3, 2, 5, 16], "R": [[-0.791456102486442, -0.5671254395487517, -0.22796046511096166], [-0.4414330182380601, 0.7883198587510242, -0.42858918641048577], [0.4227695923859796, -0.2385802508913944, -0.8742684574193399]], "T": [0.03591975517835577, -0.022935906815111963, -0.0716089684667584], "aligned_model": [[0.1829005208952385, 0.3258405218348036, 0.7446312742647645, -0.5394204354208927, 0.6231194032022684, -0.7735968176909946, -0.29044338364297784, 0.15100393566992681, 0.0747942441817264, -0.40980125269811674, 0.723582010612367, -0.22156411047993035, 0.12632894508058296, 0.2683921350156781, 0.31948628569482285, 0.017581820329035144], [-0.651532879120721, -0.36272128820908167, -0.28297657735583154, 0.2166206945244547, 0.366598082089487, -0.1601805813291963, -0.34010682934348063, 0.2125125379542905, 0.7034452473240805, 0.4707985780764942, 0.12970015018166273, -0.6026961041831919, 0.07717047242682254, -0.4300180959459115, 0.6072171019135889, -0.06171800186581474], [-0.2868478216686214, -0.7295816669525177, -0.1282726373237771, -0.3985740641566142, -0.29624340196708543, 0.00025843898085112227, -0.6353086636916085, -0.6694356401059682, -0.2511324067472518, 0.22591971189983479, 0.2634980888692509, 0.1635028581312672, 0.6097290508859952, 0.4993782218308343, 0.3498177190843778, -0.039260530409790564]], "inverted": false, "swapped": false, "error_lsq": 0.038114401233444783, "error_max": 0.2496403184595816, "target": "307.xyz", "model": "5.xyz", "model_rescale": 4.2253639853439635, "target_rescale": 4.327837153429069},
{"mapping": [8, 4, 13, 12, 10, 0, 11, 9, 1, 7, 2, 6, 5, 15], "R": [[-0.7598212942622582, 0.6499961549809447, -0.013289066769889446], [-0.09053964149244537, -0.1260346294223494, -0.987885542714737], [-0.6437966869315548, -0.74941328430737, 0.1546142140929963]], "T": [0.15673532024681897, -0.1403801021924927, 0.05951061893835018], "aligned_model": [[0.5836996015947533, -0.11419063576908811, -0.3216365161647634, 0.13238671645353137, -0.30347102606860377, -0.4903420090807696, -0.014266600373617377, 0.7250412593468505, -0.32306598448723095, 0.34237632370078436, -0.6146110530697928, 0.01153828143958402, 0.6320370177120604, 0.12856677752408607], [-0.1335688576646426, 0.26588088804218857, -0.5042226778691388, -0.7973306504832072, -0.42375326691974674, 0.1255804989182197, -0.2390145385956156, -0.3202087617989063, 0.5112539347273684, 0.4591077780960722, 0.017343248697546998, 0.47568784751656473, 0.10999383004935953, -0.10165012608107274], [-0.5628823658876844, -0.7089358254289087, 0.18304528380611085, 0.0980957036163785, -0.5054708218610908, 0.44511659044926355, 0.6250270871875513, 0.09073782978502463, -0.05637516275198193, -0.2589795696914024, -0.07929273886193845, 0.582925366478068, 0.6113170454181753, 0.007229786673883118]], "inverted": false, "swapped": true, "error_lsq": 0.04057380884907542, "error_max": 0.2110268313187327, "target": "307.xyz", "model": "6.xyz", "model_rescale": 3.89814844738969, "target_rescale": 4.327837153429069},
{"mapping": [11, 6, 3, 13, 9, 1, 2, 12, 10, 4, 7, 14, 15], "R": [[0.902115552638125, -0.3668697561992278, -0.22714337250892852], [0.04731001460244322, -0.4391408735896714, 0.8971716979827313], [-0.42889310114144674, -0.820098698407222, -0.3787991983413551]], "T": [0.07119481014787161, 0.02087837497124117, -0.06587155791675567], "aligned_model": [[0.12517711271454204, -0.0004594109557554127, 0.5194230822389351, -0.258464378053639, 0.6391696046359605, -0.5332910026389566, -0.7162607679385425, 0.18606100366470701, -0.49169834230370063, -0.5170735366707382, 0.020282355107162725, 0.15565534419161253, 0.02011073691263522], [-0.36583329960038763, 0.2581287428783828, 0.5397876822615731, -0.49649178040460246, 0.04644282853741801, 0.4559097074193614, -0.04377561557051305, -0.5528236442690607, -0.12209953803933882, 0.6059856020635657, 0.722763643857542, -0.15091670358440612, 0.06670363992095148], [-0.5200953755673677, -0.8489187034994061, -0.06394946100422577, -0.0774814300733365, 0.11588712129704956, -0.40293292684356063, -0.18773963917237282, 0.2363492833108423, 0.45758128182968494, 0.3090266797770358, -0.07289240343708842, 0.7055013276532466, -0.048060723434205824]], "inverted": true, "swapped": true, "error_lsq": 0.048783131354327554, "error_max": 0.315697442622245, "target": "307.xyz", "model": "7.xyz", "model_rescale": 3.7474275329858107, "target_rescale": 4.327837153429069},
{"mapping": [10, 14, 8, 4, 3, 1, 2, 0, 7, 6, 13, 11, 12, 9, 15], "R": [[0.7634592423012663, -0.6371202474920019, 0.10586678223364979], [0.23395385651949097, 0.12002897024550106, -0.9648101571404927], [0.6019930052454382, 0.7613611735159177, 0.24069396564523782]], "T": [0.08240901142972196, 0.03923299260947774, 0.07878292851617888], "aligned_model": [[-0.4009413501161717, 0.2072315783618082, 0.5095870424430122, -0.14759890490453176, 0.6986171508003693, -0.3341560401016034, -0.6705078210234585, -0.5378900320873874, 0.3239747038161137, -0.00582246412113635, -0.4281428655617537, -0.09837141797101528, -0.0032873631384549573, 0.631358685853781, 0.05810282008917547], [0.03883249243921111, 0.3562907380528554, -0.17247203301949768, -0.6562787042720858, -0.25813103061919984, -0.645064620022845, -0.22651536730356794, -0.11056164134887037, -0.6183776614497508, -0.33420913170830313, 0.3793734161390976, 0.3352044852776175, 0.6544550247401947, 0.26567172527929245, -0.0190997302045552], [-0.5357628612484328, -0.6392400322993748, -0.506381860327682, -0.4618820709195003, 0.12396383392358547, 0.24149758576425387, 0.03862937582773809, 0.5593313037988505, 0.011860996689877307, 0.804965469745531, 0.06768696743262421, 0.5671461095965792, -0.13990330500707107, 0.018244666019814726, 0.04663847669946761]], "inverted": true, "swapped": true, "error_lsq": 0.039353626032558583, "error_max": 0.28039675653877766, "target": "307.xyz", "model": "8.xyz", "model_rescale": 4.019505241142653, "target_rescale": 4.327837153429069},
{"mapping": [11, 12, 13, 0, 6, 1, 10, 5, 3, 9, 14, 7, 15], "R": [[-0.44843671937604535, 0.13385207128355117, 0.8837353290031769], [-0.7227241861018115, -0.6360462754267954, -0.27039764484768636], [0.5259032796424874, -0.7599531291657431, 0.38196463440019074]], "T": [-0.016832091457381515, -0.01841519734448996, 0.04059683683154225], "aligned_model": [[-0.2132764419647833, -0.5771914045421416, -0.1669968863890805, 0.3528927738448142, 0.3966686065758102, 0.7738587994295154, 0.11757705816769914, -0.18126468679938587, 0.059283608481833866, -0.41612019216394097, -0.389107878065109, 0.5186055329461868, 0.044771882219757655], [-0.4629298695962418, 0.22138195735058094, 0.08719207644887852, -0.38514035491295995, -0.7235998178544798, -0.11620496600145327, 0.6712121048614306, -0.6846665322158332, -0.17542186180423128, -0.05147400464345429, 0.6714563510917182, -0.00501121143878544, 0.016584356828889507], [-0.3095397194834648, -0.20872314031647474, -0.544876890380746, -0.5651690086247905, -0.03888096133513291, -0.14246271825765172, -0.30239386956381975, 0.3901111029713788, 0.7037216026854524, 0.48304599077308746, 0.17155959788716854, 0.4971175752044996, 0.04319393248437228]], "inverted": true, "swapped": true, "error_lsq": 0.04733367333230855, "error_max": 0.2791337176593397, "target": "307.xyz", "model": "9.xyz", "model_rescale": 3.877068213659057, "target_rescale": 4.327837153429069},
{"mapping": [10, 6, 14, 5, 13, 0, 12, 3, 4, 1, 2, 11, 8, 9, 7, 15], "R": [[0.4095706982366616, -0.06829585922145413, -0.9097183733217311], [0.3636318809850767, 0.9267740205429864, 0.09413697455220776], [0.8366741888436553, -0.36935834965489994, 0.4044140344535785]], "T": [0.1316705298332559, -0.007434781086635896, -0.12760133794087536], "aligned_model": [[0.3125568579040239, 0.22359995338286248, 0.8152365101154075, -0.5170267828073096, 0.8069566180951216, -0.6235995924497431, -0.41107420754012436, 0.03312482383122958, 0.2076054524848853, -0.4963936151548608, 0.6469970794059814, -0.22933221459973896, -0.05671409983998893, 0.47254490290261986, 0.09236702173691669, 0.045986389381019246], [-0.6917626899937879, -0.2695828038474113, -0.3828703930630274, 0.3422577737299724, 0.11671330262392374, -0.17703683577046644, -0.3346242397910839, 0.3257456839298308, 0.6643438751998944, 0.515482335018384, 0.24144637080028664, -0.607764591160868, -0.09153519911223865, -0.30586820067735965, 0.5764510225758745, -0.02928290332427093], [-0.1743584643251722, -0.6781755567100626, -0.09144613776996241, -0.38818214291559205, -0.48286806629388984, 0.05832397251317942, -0.523291145592931, -0.6586765343944455, -0.15981941089264953, 0.16394579318579072, 0.20833329482331697, 0.10464080705392517, 0.6158778391709594, 0.35238559912679945, 0.44144977746925507, -0.11069236778934444]], "inverted": true, "swapped": false, "error_lsq": 0.04279860222352435, "error_max": 0.2745757574225936, "target": "307.xyz", "model": "10.xyz", "model_rescale": 4.260839863003843, "target_rescale": 4.327837153429069},
{"mapping": [8, 7, 1, 4, 2, 10, 14, 9, 6, 0, 13, 15], "R": [[0.9063929034516198, -0.3212811046628046, -0.27428152755734525], [-0.28012310188324163, 0.02888317391751305, -0.9595294732605987], [0.316200810188484, 0.9465432975047147, -0.06381875574662646]], "T": [0.2318052578999066, 0.083193838867606, 0.04788817283928313], "aligned_model": [[0.3721730192832053, 0.13755970560038527, -0.39119282888129503, -0.3995429739528862, -0.5473305826472827, -0.332176290180509, 0.31027233152025624, 0.7930824230034003, 0.1623009449067606, -0.2590909537950007, -0.06476095543143515, 0.17760480966853157], [-0.021311695794730343, -0.5401576154494804, -0.43020160653521433, -0.23657633518183058, 0.12018911575448878, 0.47626211651253725, 0.5864848839982774, 0.11836153591648756, -0.48409293315400226, -0.020550527413731992, 0.5516072748563149, 0.053064292023817614], [-0.6863416297081326, -0.2648977624299019, 0.17659025130561162, -0.5249165492214074, 0.22309361409096132, -0.3245583369556239, -0.5621973143411789, -0.15215258037649135, 0.6377523652122671, 0.6694942318076974, 0.31079344335768955, 0.013518344654013942]], "inverted": true, "swapped": true, "error_lsq": 0.04166186148256202, "error_max": 0.21647075549870434, "target": "307.xyz", "model": "11.xyz", "model_rescale": 3.890672605050136, "target_rescale": 4.327837153429069},
{"mapping": [1, 0, 13, 4, 10, 3, 6, 8, 7, 5, 12, 11, 9, 15], "R": [[-0.9628550524350106, -0.19386982092542757, -0.18794850500792992], [0.07211549466253128, 0.4861391899787755, -0.8709007081156604], [0.26021049830848797, -0.8521051463881221, -0.4541005572215539]], "T": [0.08460847035529538, 0.08836759237079078, 0.17373375631027577], "aligned_model": [[0.26795196541390426, 0.1151691579002076, 0.39272586787815417, 0.6942417192062806, 0.8645826054013592, -0.3194330131381937, -0.39553808017254866, 0.2811057732782663, 0.0279509520942621, -0.685036478198964, 0.26631132851675854, -0.19836971612673654, -0.230494272443324, 0.12870802518426774], [-0.36041543118302194, 0.2643915241102307, 0.574591223527547, -0.5788261498113381, 0.13034316284089104, -0.3883937842908552, -0.07482173356512556, -0.37294595594083524, -0.6110983316319027, 0.06124240543982326, 0.63671992566148, 0.5216170496196453, 0.09290702487811064, 0.03684159017311606], [-0.48447949567158977, -0.6048660745203909, -0.03870940554548999, 0.0634676419383633, 0.2079778837950991, 0.4559184775318299, -0.4723416499667098, 0.7379115104337187, 0.1206145713273894, 0.17359496548179104, 0.489897441885289, -0.127924226395972, 0.6806605567092776, 0.15306823835425518]], "inverted": true, "swapped": true, "error_lsq": 0.043039750198357145, "error_max": 0.25122718306618796, "target": "307.xyz", "model": "12.xyz", "model_rescale": 4.124412569039231, "target_rescale": 4.327837153429069},
{"mapping": [10, 0, 11, 4, 12, 14, 1, 8, 6, 7, 9, 5, 15], "R": [[-0.7329114590402093, 0.019391129980554395, 0.6800476286890711], [-0.38909682044444416, -0.8319176783638701, -0.39562184058225625], [0.5580720899019906, -0.5545601504830161, 0.6172670264712663]], "T": [0.20993351777948271, 0.10843073583291148, 0.03066313405668534], "aligned_model": [[-0.19350613108901443, -0.09750885510601054, 0.49213500104181673, -0.6210905033523579, 0.6173472737743178, 0.34531927888753977, -0.5202769874053967, 0.0950140127256657, 0.048452360417457374, -0.22958797113890833, 0.6553209233848734, 0.6344830200957798, 0.14119688527399546], [-0.39084366829801787, 0.7182406644896105, 0.556719149819536, -0.23548099246464615, -0.2031486872865384, -0.6672672283884161, 0.4752752893407265, -0.49622596989243456, 0.8957519683021816, 0.12331664661667775, -0.09796442307668639, 0.5758566834257597, 0.09325594392072506], [0.4770438899421869, 0.4450869690421022, 0.3102684013378736, -0.11104996742490791, 0.4436982181361076, 0.13848995544898265, 0.008676406827619478, -0.4062598497049777, -0.13855273221851944, -0.5187761905905278, -0.3089192907480323, -0.41019948112397914, 0.022191752043910752]], "inverted": false, "swapped": true, "error_lsq": 0.035184419083904586, "error_max": 0.21102714123501554, "target": "307.xyz", "model": "13.xyz", "model_rescale": 3.9028299243045295, "target_rescale": 4.327837153429069},
{"mapping": [9, 14, 11, 4, 13, 3, 7, 10, 5, 0, 12, 6, 2, 1, 8, 15], "R": [[0.585440739203605, 0.8087455160892891, 0.05647858962656702], [0.810702825979956, -0.5836245017062731, -0.04629653287469617], [-0.004479824645012627, 0.07289122864634623, -0.9973298350884607]], "T": [0.06227564046062052, 0.0216254530797899, -0.016939667189709046], "aligned_model": [[0.10504575911988542, 0.6324177634248845, 0.6444348319856059, -0.4252420692589615, 0.6090075138868083, -0.5374014162348081, -0.4074918493094671, 0.014481872487893767, 0.16257220971678543, -0.5235297284366855, 0.7122816326456207, -0.16807960049021753, -0.039004551039908325, 0.3169446182605131, 0.18379904149196516, 0.04259906859838748], [-0.6599281813509189, -0.2499516358146126, -0.4329872396238172, 0.3605640594046168, 0.40397060291679954, -0.09987391212997027, -0.42219959594644363, 0.08416284951250584, 0.4995539983633303, 0.5097386821362822, 0.22155495174404105, -0.5790379035689133, 0.07917876792203125, -0.41898258857641896, 0.6658362981786421, -0.06948664602950175], [-0.38368319720465893, -0.636806182814159, -0.033512648022292965, -0.34375823724818344, -0.4500075565225936, 0.10270471071783938, -0.651735529848834, -0.757991238835948, -0.17064958051267884, 0.3083201591581882, 0.13057539864541443, 0.157840930117976, 0.7100952070192731, 0.3870492201785506, 0.3913881540721069, -0.08238235224082356]], "inverted": false, "swapped": false, "error_lsq": 0.046326209569844866, "error_max": 0.3397772052367362, "target": "307.xyz", "model": "14.xyz", "model_rescale": 3.942246331269136, "target_rescale": 4.327837153429069},
{"mapping": [1, 4, 2, 8, 9, 10, 11, 0, 6, 13, 12, 5, 7, 3, 15], "R": [[0.07543313073107703, -0.3978534387637914, -0.9143426513358843], [0.08972970233115087, 0.9159434347993818, -0.3911472929312865], [0.9931054442040237, -0.052538229050251545, 0.10479175149119324]], "T": [0.06440526628477335, 0.017008848495815677, 0.020754138579752113], "aligned_model": [[-0.6856250417466139, -0.3192884016775427, -0.3041812101454539, 0.25501306720330946, 0.40388113828643013, 0.2539882764899807, 0.04462395760095107, -0.4256403805622824, -0.6195036135423198, 0.25012781510393517, 0.6746890818255278, -0.08793002446799601, -0.41219799126239814, -0.07850816705959864, 0.0248455304862803], [0.007917710929356909, -0.5638809118384286, 0.2745107560342653, -0.7129060529126231, -0.2131510531383481, -0.118124604824297, 0.5890233755658788, 0.6018767131238262, 0.35355233846748685, 0.46672190125695195, 0.23369515226214047, 0.14217803389613554, -0.49567222801053873, -0.4473531447370484, -0.02024329619310716], [-0.30426526506723156, -0.5660209965399357, -0.6402716038751972, -0.0039606563930052185, 0.4544218430931704, -0.7256314803597179, 0.19735358764190686, -0.21572191024865064, 0.3266822676076603, -0.3530735653256288, -0.09868788256385586, 0.7652108371737751, 0.0934985522305436, 0.504616554315195, -0.024787801328511716]], "inverted": true, "swapped": true, "error_lsq": 0.040946439862642396, "error_max": 0.2507232277473312, "target": "307.xyz", "model": "15.xyz", "model_rescale": 4.355366556412066, "target_rescale": 4.327837153429069},
{"mapping": [13, 1, 10, 9, 14, 11, 8, 5, 4, 6, 7, 15], "R": [[-0.44829341603736983, 0.13924338642602924, 0.8829746839372901], [0.7184578218740031, -0.5315822340938456, 0.4485963515052916], [0.53183773025765, 0.8354828590296797, 0.1382643155047017]], "T": [-0.1490656120566483, -0.024341983877874798, 0.019086857442403328], "aligned_model": [[-0.2970547853435599, 0.6427283109409203, -0.015473771992591506, -0.5501457864940307, -0.5241958455964411, -0.3425182386212575, -0.12269776786613223, -0.3127863564689905, 0.556074332994019, 0.2671178485288061, 0.38435081034722945, -0.08759019579619062], [-0.614800472668762, -0.16679837811518694, -0.5594191052599641, 0.4061436813960651, -0.10931003659602213, -0.2242526959221352, 0.3650479190852006, 0.5097902481209876, -0.0842290460557459, 0.11445890993136855, 0.40840579893889223, -0.03226039511371699], [0.09615711613817932, 0.16411886680576712, -0.535115230758371, -0.08142140886640842, -0.6764136798119925, 0.5495499317903735, -0.6269767295386214, 0.5491693212657262, -0.5537569269944409, 0.713428657777115, -0.13414687842117037, -0.015334578176734802]], "inverted": true, "swapped": true, "error_lsq": 0.0476057839339498, "error_max": 0.2619116503177621, "target": "307.xyz", "model": "16.xyz", "model_rescale": 3.795458400668931, "target_rescale": 4.327837153429069},
{"mapping": [11, 6, 3, 13, 9, 1, 2, 12, 10, 4, 7, 14, 15], "R": [[0.902115552638125, -0.3668697561992278, -0.22714337250892852], [0.04731001460244322, -0.4391408735896714, 0.8971716979827313], [-0.42889310114144674, -0.820098698407222, -0.3787991983413551]], "T": [0.07119481014787161, 0.02087837497124117, -0.06587155791675567], "aligned_model": [[0.12517711271454204, -0.0004594109557554127, 0.5194230822389351, -0.258464378053639, 0.6391696046359605, -0.5332910026389566, -0.7162607679385425, 0.18606100366470701, -0.49169834230370063, -0.5170735366707382, 0.020282355107162725, 0.15565534419161253, 0.02011073691263522], [-0.36583329960038763, 0.2581287428783828, 0.5397876822615731, -0.49649178040460246, 0.04644282853741801, 0.4559097074193614, -0.04377561557051305, -0.5528236442690607, -0.12209953803933882, 0.6059856020635657, 0.722763643857542, -0.15091670358440612, 0.06670363992095148], [-0.5200953755673677, -0.8489187034994061, -0.06394946100422577, -0.0774814300733365, 0.11588712129704956, -0.40293292684356063, -0.18773963917237282, 0.2363492833108423, 0.45758128182968494, 0.3090266797770358, -0.07289240343708842, 0.7055013276532466, -0.048060723434205824]], "inverted": true, "swapped": true, "error_lsq": 0.048783131354327554, "error_max": 0.315697442622245, "target": "307.xyz", "model": "17.xyz", "model_rescale": 3.7474275329858107, "target_rescale": 4.327837153429069},
{"mapping": [9, 10, 8, 13, 5, 6, 3, 4, 11, 7, 0, 2, 1, 15], "R": [[-0.3238941572313526, 0.945342701406841, -0.037679594055781224], [0.8985242183034927, 0.294895225390826, -0.3251015766861055], [-0.29622087035435174, -0.13915452899029382, -0.9449281523100052]], "T": [0.09592043351382008, -0.15158523707452265, -0.12770495960314354], "aligned_model": [[0.5789376834129321, 0.00029744464728366504, 0.7779880711907473, -0.3593331345725889, 0.2129406226410117, -0.3262285052886179, 0.620613708603998, 0.22991203178502573, -0.3321499801102467, 0.38531741947755643, -0.6702709088023008, -0.5063591655030129, -0.292887196734852, 0.09606955713594054], [-0.4911652016098979, 0.4950630592442491, 0.17085073182912308, -0.09745537191732628, -0.8010725796810384, -0.40083442975922945, -0.30205234343990284, 0.715577841992446, -0.5688800879268208, 0.1501737117325661, -0.11040771417826131, 0.3737491510826667, 0.3124635836880342, -0.08560210954537456], [-0.21525443084953602, -0.5566530741724968, -0.15087178395651268, -0.5354990174478513, 0.2692353495046433, 0.5312715271497417, 0.28730800950503493, 0.11526262997641787, -0.16512170977426435, 0.438400350705489, 0.09453661010360642, -0.10767197657659094, 0.4216155689630511, -0.10176333446907694]], "inverted": false, "swapped": true, "error_lsq": 0.040261331238275765, "error_max": 0.2655445862433284, "target": "307.xyz", "model": "18.xyz", "model_rescale": 3.922800546911778, "target_rescale": 4.327837153429069},
{"mapping": [12, 9, 11, 13, 7, 14, 3, 2, 8, 0, 6, 1, 10, 4, 15], "R": [[0.09400367041620561, 0.8501968065748419, 0.5180045366965647], [-0.5173336706775159, 0.48626042338401476, -0.7042135143787904], [-0.8506051864006059, -0.20178253328853807, 0.4855456993199003]], "T": [0.04773412551066658, 0.03183153928944356, -0.1584885031435594], "aligned_model": [[-0.32905485717626276, -0.3153601287932019, 0.41621023599819446, 0.12265236085972642, 0.13910496212013876, -0.7181430539711613, -0.05886947396234449, 0.4268281554115093, -0.5348837410571887, 0.7596561833924845, 0.8263698751366189, 0.6125742099215102, -0.26068956296339885, -0.04345073745587685, 0.053106409426870504], [0.5022754091283947, -0.24961534311092476, 0.30119540349574986, 0.6407313505531843, -0.5546085363929757, 0.20959811459088984, -0.6367991432522337, 0.4591374965000739, -0.36686579489218346, 0.369654111777768, -0.21013058850679572, -0.08359551729886715, 0.4763074827149758, -0.1580279847467987, 0.01835504447432179], [-0.42377761717288515, -0.5395860507715935, -0.5463644490609612, -0.14799445597577687, 0.219696251811702, -0.042322888291133565, -0.26687591244031417, 0.4008106928214927, 0.10855976109349147, -0.02741993423224587, -0.2573095272018324, 0.4210785750665999, 0.4059671853107059, 0.7272865730404481, -0.08908903683436777]], "inverted": true, "swapped": true, "error_lsq": 0.03470209943973157, "error_max": 0.21770572195841953, "target": "307.xyz", "model": "19.xyz", "model_rescale": 3.9282355846067225, "target_rescale": 4.327837153429069},
{"mapping": [13, 2, 4, 0, 11, 1, 6, 7, 5, 9, 14, 12, 8, 15], "R": [[0.1488757049120506, 0.7166800253683104, -0.681326475138768], [-0.9635946333257001, -0.04959925715400538, -0.2627266570328951], [-0.22208423427350646, 0.6956361512513917, 0.6832049018847137]], "T": [-0.06664174546499449, -0.05994497228996507, 0.13489755272794451], "aligned_model": [[-0.5380309531442514, -0.1534330636969119, 0.6339421733628091, -0.43401966103323086, -0.602163558420976, 0.21628798790589973, -0.1548888102427353, 0.5769213508094313, -0.1595466341822896, 0.013531995396825647, 0.07682659901040814, -0.47791718357197943, 0.5511995022823407, -0.01618692539066341], [-0.44867829991613756, -0.6324655873848911, -0.5811525060536408, -0.1833289869957651, 0.1338201869434973, -0.2388817728553457, 0.3783162843014314, 0.0858002845191568, 0.7031933609695272, 0.2955859844942186, -0.46462308646818945, -0.2851975196386167, -0.14116790502662233, -0.0983383494637867], [0.07867956586430008, -0.4162881397135422, -0.12294674741876072, -0.563633712718054, -0.05071154100686992, -0.6108893550902676, -0.5541049314535142, -0.10978420437912845, 0.08931567226680759, 0.6076078614518134, 0.8037142073188197, 0.5972604946778964, 0.5608000602802119, 0.10316392716397091]], "inverted": false, "swapped": true, "error_lsq": 0.04149602450908665, "error_max": 0.3120584749972175, "target": "307.xyz", "model": "20.xyz", "model_rescale": 4.067790424073018, "target_rescale": 4.327837153429069},
{"mapping": [11, 14, 0, 6, 2, 10, 1, 12, 13, 9, 8, 7, 3, 4, 15], "R": [[-0.9280388903010532, 0.3569526809572443, 0.10643590393389488], [0.29803661440730433, 0.5401979177577099, 0.7869945273779648], [0.22342335276649433, 0.7620833243206875, -0.6077096446749124]], "T": [0.1863153800639405, 0.047964627997367865, -0.06989238980862841], "aligned_model": [[0.22872769428901812, 0.2019408233263802, -0.30318665671539063, 0.19104027965636924, -0.593981199994452, -0.4213081805262278, -0.3458823545280632, 0.22032926283711246, -0.1944710048414266, 0.740812342112938, 0.3697864485450794, 0.2100646243982217, 0.6855527177035057, -0.3602660129977345, 0.13928517064218435], [-0.15413976976135263, 0.8103487047042569, -0.44117137795509975, -0.7547911420086734, -0.11181649297890489, 0.5110347559642622, -0.5203555754449314, 0.6000627081033784, 0.252108837183829, 0.2549447415256908, 0.38643955667196916, -0.3026116810650442, -0.15252626749132078, 0.02757899286473023, 0.03578914961505755], [-0.6321505980814357, 0.15413802001584878, -0.4689785965453749, -0.24351769247222974, -0.13863463089844102, 0.0964023044085737, 0.17919282081093726, -0.42723879301945356, -0.5055628135203276, 0.007421759036881859, 0.5793309984397844, 0.5398752101402488, 0.3552483269940744, 0.657975737209774, -0.018252478897719776]], "inverted": false, "swapped": true, "error_lsq": 0.04495492975042068, "error_max": 0.3039559597334449, "target": "307.xyz", "model": "21.xyz", "model_rescale": 4.186013935880536, "target_rescale": 4.327837153429069},
{"mapping": [7, 4, 1, 5, 9, 6, 3, 8, 2, 10, 14, 13, 15], "R": [[-0.28239429168691244, -0.9453417054518078, -0.16304147925026446], [0.8924304493821287, -0.3212309437343658, 0.31682577831221526], [-0.35188258984817544, -0.0560333893406077, 0.9343655078398092]], "T": [0.08892318709510766, -0.04888011054973718, 0.18889281648151257], "aligned_model": [[-0.07711007254900346, -0.3438370056046117, 0.3787657419504524, 0.453778372841019, -0.16508559794133837, 0.7878327125447959, -0.10336651424261001, -0.6172112528632905, 0.3238699235925978, -0.3034234316750257, -0.6171778714308409, 0.2747948531166531, 0.06674417768442782], [-0.33539090769007895, 0.26787987462855045, 0.18145286661945456, -0.7180448048652969, -0.5006562083189261, -0.28623404492658633, -0.6724521850108561, -0.25448106401346804, 0.6222747123708166, 0.6222443998202509, 0.1441796122800824, 0.47075618920238294, -0.022571780550232283], [-0.4320973773570409, -0.5468656568605431, -0.5399444338825544, 0.2992941171074684, 0.4849722324128193, -0.17134804981588547, -0.021729324478362733, 0.019127334715988015, -0.17644194761980697, 0.1055244625057378, 0.4984287562185563, 0.4570563615824369, 0.1269030868065329]], "inverted": false, "swapped": true, "error_lsq": 0.04491945783225991, "error_max": 0.2982327706638994, "target": "307.xyz", "model": "22.xyz", "model_rescale": 4.166573947596378, "target_rescale": 4.327837153429069},
{"mapping": [2, 3, 4, 14, 8, 12, 11, 9, 10, 13, 0, 6, 5, 1, 7, 15], "R": [[-0.6755266099336057, -0.6529944695509748, -0.3424354275005016], [-0.4651703430440199, 0.017091036367995693, 0.8850561837692436], [-0.5720842168981061, 0.7571698087032454, -0.3152991112647989]], "T": [0.0604004514253727, -0.028043967246355446, -0.17152897487402416], "aligned_model": [[0.18947406128863553, 0.3165072413824668, 0.7467242166369914, -0.5894962985230556, 0.7217625404777326, -0.556402441466217, -0.2764045055289208, 0.005509889682669328, -0.07175705909986582, -0.3487305797805103, 0.7162255419317316, -0.262606053509412, 0.015855170461622117, 0.3160491900017582, 0.32455671955682464, 0.07556746333585147], [-0.6844447863030455, -0.35041019080007135, -0.2883500335415576, 0.41177336914517976, 0.3198330562968914, -0.23547464754395175, -0.4330720720714089, 0.2107370301660892, 0.6981978606418136, 0.5129026872282212, 0.0439722733363495, -0.5262743676105893, 0.16009376648981283, -0.3863795591346885, 0.4882941054341016, -0.049285984595494235], [-0.09881579059727497, -0.609611138475389, -0.20399364059321082, -0.272388720244371, -0.48081994447413334, -0.24839287681153624, -0.7585621789598288, -0.7196346469741975, -0.04484656511836302, 0.33522703664721887, 0.3095769122159955, 0.3044341517330421, 0.6369769881774706, 0.3891299115422018, 0.2468083392131982, -0.10764058062164554]], "inverted": false, "swapped": false, "error_lsq": 0.04098695922758256, "error_max": 0.26730820547761863, "target": "307.xyz", "model": "23.xyz", "model_rescale": 4.274766983524099, "target_rescale": 4.327837153429069},
{"mapping": [1, 11, 5, 7, 9, 8, 4, 14, 10, 12, 15], "R": [[-0.7239959308107604, 0.6119421296490063, -0.31836570501563105], [0.6346258495237515, 0.41002505315775567, -0.6550797561360273], [-0.2703329859371916, -0.6763181838037617, -0.685210763904555]], "T": [-0.010239021508988783, 0.21760092023495042, -0.05473554629680127], "aligned_model": [[0.2443431450037046, 0.20604193627618256, -0.5156008433782184, -0.3818782559694778, -0.4955434208069933, -0.44477763222806865, 0.09258321493488134, -0.031702676900907195, 0.49019750938858464, 0.21356503385577083, 0.0026666937826161762], [-0.32698756609335006, 0.6973747639101393, 0.6321759575066253, -0.32675259224078596, 0.4574960713108467, -0.20626738002879647, -0.6849702968450588, 0.11463122786923996, -0.18686154645669778, 0.59753476829094, 0.14821312402038112], [-0.6087003696811971, -0.3407755627038661, -0.46195306720206036, -0.3014090833749351, 0.19669055107924033, 0.3938508756839481, 0.006514673961347868, 0.7330460309000858, 0.3894126853840782, 0.4343735438553034, -0.06148384388036768]], "inverted": true, "swapped": true, "error_lsq": 0.04507170406510369, "error_max": 0.2160210619434012, "target": "307.xyz", "model": "24.xyz", "model_rescale": 3.7841303162186577, "target_rescale": 4.327837153429069},
{"mapping": [2, 4, 5, 7, 3, 0, 1, 6, 11, 7, 12, 8, 14, 9, 13, 15], "R": [[-0.28480805049219127, -0.30691579951992054, 0.9081228256022891], [0.786685662155195, 0.4664807194994144, 0.40437780267313284], [-0.5477317256963301, 0.8295772600188343, 0.10858879465839688]], "T": [-0.007341273915403429, -0.021986179694192837, -0.012281676963390858], "aligned_model": [[0.3692097250678573, 0.2982801357955793, 0.8030585563774518, -0.5288929187099142, 0.5975403112788406, -0.7044981860825561, -0.3411112105014935, 0.026206122917916283, -0.007728581891332714, -0.5288929187099142, 0.6726667294406519, -0.22645367270029165, 0.2479373660958781, 0.12738114601078357, 0.5094133105846878, 0.008719181874157732], [-0.6753890405982206, -0.28665067412493606, -0.2853057229086047, 0.34909065859755983, 0.3147051389368293, -0.16768781437087862, -0.4690180201026459, 0.32434398012511123, 0.7446519399251611, 0.34909065859755983, -0.09249895046246767, -0.5687880950255989, 0.13124578070337659, -0.30423897733099003, 0.5138102399463086, 0.014751405230088513], [-0.004091777430312105, -0.6393802355427786, -0.2202568645852517, -0.12669942906417375, -0.42430001573553, -0.19687101257543516, -0.5040098100771598, -0.6454928935477718, -0.05343277295996094, -0.12669942906417375, 0.316030630083463, -0.06183170953150193, 0.7230085681624843, 0.4820096706460498, 0.22831527515695188, -0.06885093727572253]], "inverted": false, "swapped": false, "error_lsq": 0.05197468212628951, "error_max": 0.3501705636162503, "target": "307.xyz", "model": "25.xyz", "model_rescale": 4.19342608120988, "target_rescale": 4.327837153429069},
{"mapping": [13, 1, 10, 9, 14, 11, 8, 5, 4, 6, 7, 15], "R": [[-0.44829341603736983, 0.13924338642602924, 0.8829746839372901], [0.7184578218740031, -0.5315822340938456, 0.4485963515052916], [0.53183773025765, 0.8354828590296797, 0.1382643155047017]], "T": [-0.1490656120566483, -0.024341983877874798, 0.019086857442403328], "aligned_model": [[-0.2970547853435599, 0.6427283109409203, -0.015473771992591506, -0.5501457864940307, -0.5241958455964411, -0.3425182386212575, -0.12269776786613223, -0.3127863564689905, 0.556074332994019, 0.2671178485288061, 0.38435081034722945, -0.08759019579619062], [-0.614800472668762, -0.16679837811518694, -0.5594191052599641, 0.4061436813960651, -0.10931003659602213, -0.2242526959221352, 0.3650479190852006, 0.5097902481209876, -0.0842290460557459, 0.11445890993136855, 0.40840579893889223, -0.03226039511371699], [0.09615711613817932, 0.16411886680576712, -0.535115230758371, -0.08142140886640842, -0.6764136798119925, 0.5495499317903735, -0.6269767295386214, 0.5491693212657262, -0.5537569269944409, 0.713428657777115, -0.13414687842117037, -0.015334578176734802]], "inverted": true, "swapped": true, "error_lsq": 0.0476057839339498, "error_max": 0.2619116503177621, "target": "307.xyz", "model": "26.xyz", "model_rescale": 3.795458400668931, "target_rescale": 4.327837153429069},
