[{"mapping": [1, 8, 6, 2, 4, 5, 11, 7, 9, 13], "R": [[-0.060735539348015524, -0.9147595535408823, 0.3994072526454563], [0.9641770758954225, 0.049747354167674895, 0.2605528105222986], [-0.2582126266816914, 0.4009241324228333, 0.8789687590939395]], "T": [0.022940188143094814, 0.15967138994251145, -0.1987735683810888], "aligned_model": [[0.22430838764358602, -0.5382912102367279, -0.15649285475126365, 0.6093359561276415, 0.04133397763761942, -0.5326515808778884, -0.6183004774349307, -0.11485298471623673, 0.343623600354548, -0.036041977297934916], [0.3133781355500468, -0.07541478838142657, -0.566282142721156, -0.256826035538728, -0.3667404250526299, -0.07561052067994911, 0.4025036804054246, 0.25041961430935544, 0.5777704980024589, 0.2069052409398376], [-0.7172995542368051, 0.2914640656866908, -0.03958331830758108, 0.0731237344135818, 0.5986952373741158, -0.655239853194739, -0.06875538364961722, 0.5389067714430739, 0.31024357940091074, -0.05444779197490207]], "inverted": false, "swapped": false, "error_lsq": 0.044777364812406004, "error_max": 0.1958818488675338, "target": "309.xyz", "model": "0.xyz", "model_rescale": 3.8414455957264533, "target_rescale": 3.7227326888087293},
{"mapping": [0, 8, 9, 2, 6, 13, 12, 10, 3, 14], "R": [[-0.42074007624393206, -0.9069668550573099, 0.019720853675814998], [-0.4732230842292579, 0.20087686758129103, -0.8577344557747912], [0.7739752585159287, -0.3702156235198363, -0.5137146010257252]], "T": [0.025496837202491948, 0.08254473326674215, -0.043611764557313006], "aligned_model": [[0.20621458910924317, -0.6894255708947026, -0.12485134879483446, 0.6111678964169248, 0.07829023657516929, -0.5206378976675223, -0.6400826952219598, -0.2157320525976188, 0.4942108848718708, 0.02281679465184249], [0.2532731912185968, -0.18093336108007507, -0.5620489128411496, -0.28563509523052644, -0.3558278457599168, -0.06960377243264966, 0.4325538010912241, 0.33669673938554734, 0.671120933005254, 0.17050757947692954], [-0.7245745075163668, 0.16559540955593108, -0.20915370594404706, 0.21336635105722065, 0.600647121857019, -0.5470347320719378, 0.0859532088165052, 0.544262950770692, 0.17378667301484313, -0.025741282585130695]], "inverted": false, "swapped": false, "error_lsq": 0.03659757130168802, "error_max": 0.19951355618665387, "target": "309.xyz", "model": "1.xyz", "model_rescale": 4.316132596720782, "target_rescale": 3.7227326888087293},
{"mapping": [3, 1, 0, 4, 2, 9, 10, 8, 6, 11], "R": [[-0.8227533410540755, -0.0056181626719487565, -0.5683708085682686], [0.19067567092637355, 0.9392799464596497, -0.28529979091393454], [0.5354621632768586, -0.34310584143518885, -0.7717244671979226]], "T": [-0.1425730206999028, 0.041400608093155655, -0.12330425028461695], "aligned_model": [[0.2923502783176874, -0.5582334478631095, -0.03718251581391986, 0.5877564351474127, 0.036538795351526626, -0.7352770862677951, -0.4107030368123686, -0.3209674910448326, 0.3915696550707906, -0.023880749636978976], [0.33227736097893606, -0.17772321537120372, -0.6604240963819248, -0.16727947598976747, -0.32953920875669757, -0.15261797493079565, 0.5997975107282782, 0.3160945210179428, 0.5802464217508443, 0.06927141378762137], [-0.5198511547503959, 0.1483728055844204, -0.10752501536055305, 0.008609507775908909, 0.6054261603413962, -0.5245649951035962, -0.006964264998734593, 0.5693390799837923, 0.1936070212467335, -0.089341657764243]], "inverted": false, "swapped": false, "error_lsq": 0.04074547594391812, "error_max": 0.20515671115648254, "target": "309.xyz", "model": "2.xyz", "model_rescale": 3.795458400668931, "target_rescale": 3.7227326888087293},
{"mapping": [8, 4, 7, 1, 0, 9, 5, 10, 2, 11], "R": [[-0.4929796032393565, -0.8694469060006556, -0.03214324868232227], [-0.6111609919866408, 0.3197629483265549, 0.7240399842214613], [-0.6192361041346601, 0.37658164390128746, -0.6890086449477483]], "T": [-0.02630814967600182, 0.10949105548388936, 0.01348122302038855], "aligned_model": [[0.2703622142704522, -0.5212749063980747, -0.13922568676996888, 0.5745881280653449, 0.13876808707705202, -0.576058791957683, -0.6080111460493078, -0.3009763359881048, 0.4319539068105715, -0.04815463261186882], [0.10082387192819607, -0.11392986233998321, -0.5963080538191917, -0.07696325558815582, -0.41685300797795943, -0.013946982677910183, 0.49075218871621384, 0.45357766009181216, 0.5957139940734459, -0.012763295573233746], [-0.7093427611669277, 0.35413608727799323, -0.25559041008050487, -0.007189897870715308, 0.5683863564383987, -0.647648056964183, -0.08694879164626985, 0.6009950793315173, 0.389391389135926, 0.0709184924994941]], "inverted": false, "swapped": false, "error_lsq": 0.05021905675360715, "error_max": 0.2286915768551263, "target": "309.xyz", "model": "3.xyz", "model_rescale": 3.7530521520055578, "target_rescale": 3.7227326888087293},
{"mapping": [2, 5, 9, 6, 8, 3, 1, 7, 0, 10], "R": [[-0.026825897952123062, 0.8704318433310645, -0.49155750153399935], [0.4573637676828552, 0.4479350151738083, 0.7682269236314123], [0.8888749941414743, -0.2042122138769511, -0.4101202463832636]], "T": [-0.0611810386486668, -0.00046770537889054276, -0.05627206921591995], "aligned_model": [[-0.015179787464704851, -0.7030051835464467, -0.09364801778942189, 0.6034209769049416, 0.10706510128338378, -0.5143757682617138, -0.49723167985688765, -0.12917318857304355, 0.47063880923597917, -0.006540425483673305], [0.3695599226381484, -0.13712665985072006, -0.5399166354249488, -0.13362034140482734, -0.46792345574976046, -0.14989992744867062, 0.6501717787033418, 0.15496757569690506, 0.5877399322104115, 0.07615106746335454], [-0.6240038918404792, 0.23859372937559334, -0.12910417738836466, 0.23853308521891145, 0.7148685469477418, -0.6498664872765567, -0.16329529503563697, 0.5185043059935666, 0.17044319327757165, -0.03756552231761913]], "inverted": true, "swapped": false, "error_lsq": 0.04717472770579441, "error_max": 0.22701484811181222, "target": "309.xyz", "model": "4.xyz", "model_rescale": 3.7855080009869324, "target_rescale": 3.7227326888087293},
{"mapping": [1, 8, 13, 14, 15, 6, 7, 10, 3, 16], "R": [[0.45066804676301137, -0.8483680369311198, -0.27779486233631123], [-0.45564793473027165, 0.04898954384151649, -0.8888109946272257], [0.7676478823020683, 0.5271353701923615, -0.3644791218839725]], "T": [0.010431298548710721, 0.11483154571803368, -0.08386265477638435], "aligned_model": [[0.3021651059830663, -0.48483434154651345, -0.1717963625442604, 0.5456130750891568, 0.006869255605526224, -0.5243291598449242, -0.6402264209610478, -0.25373638588822706, 0.385656207352403, 0.05658986320323282], [0.30045667096242934, -0.23181195580091746, -0.579638945087868, -0.2482350371411211, -0.3626544262279018, -0.01980261238375082, 0.4836864908364983, 0.35303057663501747, 0.6156046906348467, 0.09946780440600128], [-0.7573154277807178, 0.27649841770421646, -0.1806689345716209, 0.11478406934172874, 0.5879353543980786, -0.4331218188334146, -0.03959039054782449, 0.5520940499164121, 0.21754924038143061, -0.06105707305356026]], "inverted": false, "swapped": false, "error_lsq": 0.04103364831928337, "error_max": 0.2062242738839914, "target": "309.xyz", "model": "5.xyz", "model_rescale": 4.2253639853439635, "target_rescale": 3.7227326888087293},
{"mapping": [7, 1, 4, 2, 10, 0, 9, 8, 11, 13], "R": [[-0.30177386730421873, -0.46212145325868176, 0.8338922564998072], [0.5009461642878443, 0.6673350509903758, 0.5511051353462143], [-0.8111630375562933, 0.5840442553075554, 0.0301136903200373]], "T": [0.009451566260841718, 0.09680401102207564, 0.006210436196638941], "aligned_model": [[0.1704422037071241, -0.5822950638074406, -0.09010521205153303, 0.4853168200270948, 0.057900175734618045, -0.5108390310905516, -0.5146136468825276, -0.24952826111536058, 0.4168321742659878, 0.0388606776610011], [0.30425225682940116, -0.2906474316745249, -0.5886190764749384, -0.35965897089510857, -0.3214250155226564, 0.06403514697313611, 0.4094124692822061, 0.38136025860265066, 0.7448604521905633, 0.06653316752250493], [-0.7424139395706847, 0.20222851524400928, -0.13937442299087244, 0.13016776125040316, 0.6629064754603479, -0.6031224327537174, 0.021311154146536976, 0.6369418105341982, 0.1462735580188393, -0.037810992384331554]], "inverted": false, "swapped": false, "error_lsq": 0.037544135761299405, "error_max": 0.17629439024438398, "target": "309.xyz", "model": "6.xyz", "model_rescale": 3.89814844738969, "target_rescale": 3.7227326888087293},
{"mapping": [6, 10, 11, 7, 4, 9, 5, 2, 0, 12], "R": [[0.13819823962710928, -0.9876321689790075, -0.07405366541765276], [-0.27630596248515454, 0.03335539505802659, -0.9604907249503639], [0.9510816272324478, 0.15319959666508443, -0.2682790001519593]], "T": [0.08289261478453659, 0.04930178484276909, -0.0005064774859334445], "aligned_model": [[0.10088510484444528, -0.5993988032914699, -0.053820683272727834, 0.6718605479688624, 0.08062600813324454, -0.6099612221246253, -0.49157896507644616, -0.25354559090145784, 0.421231983141588, -0.0443275429730008], [0.4616900675785782, -0.10547954939243137, -0.7333057175438884, -0.21723329063679092, -0.2681005236190017, -0.044442705732840565, 0.5261161262767924, 0.2768260649589538, 0.5081481198207483, 0.005884665123114641], [-0.5362191108925322, 0.22181046393853335, -0.15599069072134067, 0.11503791556558945, 0.5605161828957138, -0.5564843639181061, -0.2131260715023208, 0.57965718927834, 0.16072906501427522, 0.10117690729657641]], "inverted": false, "swapped": false, "error_lsq": 0.03927944700014648, "error_max": 0.21081323805087585, "target": "309.xyz", "model": "7.xyz", "model_rescale": 3.7474275329858107, "target_rescale": 3.7227326888087293},
{"mapping": [8, 12, 11, 7, 10, 13, 1, 0, 3, 14], "R": [[0.47680747756848574, 0.7807430911202723, -0.40385004024110294], [-0.16244717252544646, 0.5297914660240853, 0.8324253231771236], [0.8638666248173188, -0.33130232144676086, 0.3794380401735194]], "T": [-0.03582352500475261, 0.07908005434784975, -0.037388826316365996], "aligned_model": [[0.30734989944999236, -0.5406046269370745, -0.002254582331284366, 0.469890376170793, -0.009662413887586908, -0.6715126569589053, -0.5619772765026323, -0.0705648202873572, 0.3776788416163973, -0.07637190388392961], [0.3539456955640943, -0.264935539958275, -0.5379721241068223, -0.3237982761019696, -0.3496671411153031, -0.1946303162159993, 0.5730531417245792, 0.40298194393308223, 0.6473799160497332, 0.10374595706011439], [-0.5588206971137989, 0.04916710245544193, -0.10520984622904603, 0.17666755162130274, 0.5877150037277786, -0.611055793514012, 0.17226478987487034, 0.5354059414252436, 0.10468719901141571, -0.0737137643044673]], "inverted": true, "swapped": false, "error_lsq": 0.05036868925838178, "error_max": 0.21429154676017334, "target": "309.xyz", "model": "8.xyz", "model_rescale": 4.019505241142653, "target_rescale": 3.7227326888087293},
{"mapping": [9, 5, 0, 1, 2, 8, 11, 6, 10, 12], "R": [[-0.9548845360983739, 0.24967545574316033, -0.16080326339859766], [0.12084343515819126, 0.8212776053497487, 0.5575840377289782], [0.2712791678315193, 0.5129963564689595, -0.8143969249390685]], "T": [-0.10994601824711672, -0.07116378031868532, 0.023524387936558706], "aligned_model": [[0.060795940230477435, -0.7302930167201948, 0.03795090319086519, 0.5621266252561717, 0.005004992878286374, -0.41493929042608624, -0.47169979897822034, -0.16448436144348266, 0.48566069808295553, -0.14815185562235975], [0.3040463656202247, -0.07073219936379202, -0.6898526389145906, -0.09787476622421146, -0.36147640765703765, 0.009923003720868392, 0.40872010541433396, 0.37804945377391597, 0.5908049306088374, -0.06150459014531488], [-0.5218237498893442, 0.27983305803041214, -0.11062729840973068, -0.039007102186523805, 0.5259952882539887, -0.5735861284385839, -0.1380156452859232, 0.5921146423415726, 0.23619743144055105, 0.026026991098310227]], "inverted": false, "swapped": false, "error_lsq": 0.051070309171923955, "error_max": 0.2066882459065619, "target": "309.xyz", "model": "9.xyz", "model_rescale": 3.877068213659057, "target_rescale": 3.7227326888087293},
{"mapping": [10, 5, 0, 8, 1, 12, 3, 4, 2, 15], "R": [[0.807364593628426, -0.5875541131423145, -0.05424552594228316], [0.10006497340346199, 0.22693997049243272, -0.9687544843202835], [0.5815061599441326, 0.7767099934482897, 0.24201688375935027]], "T": [0.008314084226272486, 0.23725240002211667, -0.06914355574406536], "aligned_model": [[0.2188314632608775, -0.5806317610163074, -0.10372132985634495, 0.5979579152727512, -0.1356450585753331, -0.48042173963897683, -0.5807458038573505, -0.15984129366402083, 0.45355951606481304, -0.007371071541695515], [0.31317724491943766, -0.19447449953594165, -0.5468456782555403, -0.2380027964417225, -0.36519302987980307, -0.15071684242042244, 0.4078241137693341, 0.4232046030935943, 0.6115981985311647, 0.14953194305313333], [-0.7422918533067914, 0.20969352538399968, -0.14917045913543706, 0.07842197732869241, 0.5385092064462769, -0.48001138984993497, 0.09418152331139404, 0.559534602620298, 0.25019495824233096, -0.0819546040861001]], "inverted": true, "swapped": false, "error_lsq": 0.045155527102481316, "error_max": 0.2257258387094701, "target": "309.xyz", "model": "10.xyz", "model_rescale": 4.260839863003843, "target_rescale": 3.7227326888087293},
{"mapping": [2, 7, 10, 5, 6, 8, 1, 0, 3, 11], "R": [[0.89333880992631, -0.36325659918560005, 0.2645570143231073], [0.1813616808864269, 0.8300720360068148, 0.5273408345136487], [-0.41116141767618997, -0.4231135287220368, 0.8074163922208244]], "T": [-0.03343882778940498, -0.03216121373227257, -0.12164558837366002], "aligned_model": [[0.10876632194672142, -0.5834849644577097, -0.0654813145823496, 0.5565234676023428, 0.08088806119718703, -0.5486265942220175, -0.37152089867077964, -0.2268632225284618, 0.35015214553471785, -0.07838216537123857], [0.4339197338667128, -0.14145499285104063, -0.6583622706751083, -0.13544197389891702, -0.37089323372572613, -0.09653313217788947, 0.6069337256939605, 0.23673986223160368, 0.5362594823833334, -0.0010639440136949799], [-0.6042462222472667, 0.21763268482469256, -0.1082550183335112, 0.1912257539435901, 0.6369355317051553, -0.6176810996957325, -0.09886807995784902, 0.6909511654472786, 0.06162729239288678, -0.09221452112451546]], "inverted": true, "swapped": false, "error_lsq": 0.03970061823050795, "error_max": 0.20581725686959165, "target": "309.xyz", "model": "11.xyz", "model_rescale": 3.890672605050136, "target_rescale": 3.7227326888087293},
{"mapping": [7, 0, 4, 12, 11, 3, 8, 6, 5, 13], "R": [[0.3740761953484452, -0.39795157660728575, -0.837676275627648], [0.6516441094785205, 0.7554795178599396, -0.06790178698722954], [0.6598688920199055, -0.5204663685291191, 0.5419297044585519]], "T": [-0.08257646346938727, -0.018099458431641985, 0.2637740364909433], "aligned_model": [[0.2189609472336879, -0.6238017188131593, -0.12025751356579545, 0.5778653229314501, 0.09252041185793972, -0.5224427429606093, -0.44058723372710773, -0.3333332495611715, 0.38646604808189555, -0.01341943502871741], [0.22328450483726997, -0.14344864130828072, -0.5707881577343311, -0.07173926160399047, -0.3142094473033493, -0.03826333216413846, 0.5312974242010194, 0.28233312002741107, 0.5612163877409494, -0.04957933985932563], [-0.4963398645130304, 0.0636307251426913, -0.1653790643389062, -0.07691873571940905, 0.6932180056373919, -0.5481214188262331, -0.03486018721946832, 0.6867629772103447, 0.04159290640546881, 0.11352214317587916]], "inverted": true, "swapped": false, "error_lsq": 0.04598523431009246, "error_max": 0.24959220759864795, "target": "309.xyz", "model": "12.xyz", "model_rescale": 4.124412569039231, "target_rescale": 3.7227326888087293},
{"mapping": [8, 4, 10, 7, 5, 2, 1, 0, 3, 12], "R": [[0.43199024101987515, 0.2962219204111015, 0.8518432986949828], [0.8708166669580248, -0.38275007696259433, -0.30851371303921804], [0.23465456358593817, 0.8750742553938422, -0.42329928340974743]], "T": [0.07672465847952346, 0.13147551527469778, 0.030351141092587606], "aligned_model": [[0.0016477167342248272, -0.6067919481549272, 0.012365361201645289, 0.51983426346621, 0.050782730750656174, -0.55525213307234, -0.5309846946909641, -0.14218907850816853, 0.44665009324898486, 0.02590852547309109], [0.28274887605455684, -0.20205289258806994, -0.5498890350137285, -0.2925319025050698, -0.3419953568006202, -0.11651800547842986, 0.6286193293547252, 0.3176729404012375, 0.6484956481370194, 0.03555365527161283], [-0.6670554433579623, 0.22995100420120743, -0.24571027012176386, 0.16054047303772223, 0.6210272187816714, -0.5002146533695143, -0.18505932545860815, 0.5345085451127564, 0.3537684113358126, -0.02464847320659286]], "inverted": true, "swapped": false, "error_lsq": 0.0388725338726307, "error_max": 0.16660508705622643, "target": "309.xyz", "model": "13.xyz", "model_rescale": 3.9028299243045295, "target_rescale": 3.7227326888087293},
{"mapping": [1, 13, 14, 9, 10, 12, 8, 4, 3, 15], "R": [[-0.9907183949185331, 0.12578253533763337, 0.05153460753787309], [-0.11742324670596103, -0.6009541709610547, -0.790611070968237], [-0.06847512762366059, -0.7893242921692887, 0.610146145352386]], "T": [-0.03245269591705907, 0.21199890737257604, -0.004795463526659043], "aligned_model": [[0.21850132758340685, -0.6120583765743579, -0.04134718907637757, 0.5601428342809209, -0.036697125369561844, -0.5227536452354087, -0.6718966252479113, -0.08626887634762162, 0.3548892998246667, 0.0594592126106568], [0.23168887829423185, -0.3267546640847196, -0.6710295811463152, -0.2860516831422955, -0.29333090201520345, -0.009286451815797764, 0.6316495850161319, 0.35968959380912524, 0.6251218131646565, 0.14840666875342043], [-0.6038222900351535, 0.07553632337635979, -0.06164816125010785, -0.045064599857414366, 0.5429055229720943, -0.4462454129742535, -0.11208912388386821, 0.654487900245304, 0.2559440392014005, 0.01710328916036722]], "inverted": false, "swapped": false, "error_lsq": 0.04681479149419525, "error_max": 0.19742209275679928, "target": "309.xyz", "model": "14.xyz", "model_rescale": 3.942246331269136, "target_rescale": 3.7227326888087293},
{"mapping": [12, 11, 8, 0, 7, 13, 4, 9, 5, 14], "R": [[0.5693371276138631, 0.16696687759808085, 0.8049703702034896], [-0.7475853899685356, 0.5124977374470293, 0.4224478119451782], [-0.3420107013325584, -0.8422993119413213, 0.41660598804768545]], "T": [-0.11271918471150424, 0.1777604016279266, 0.05999359398298644], "aligned_model": [[0.1271037916673551, -0.7252564813910085, -0.07985201160107322, 0.5057023627654694, 0.23116956287852228, -0.49049521613765534, -0.5502020608122763, -0.10583583035828745, 0.331105254880407, -0.021468535443040532], [0.18449507683947297, -0.18794301784209394, -0.5927853515912103, -0.21966905323538843, -0.3433568967315309, 0.03426580715022112, 0.5073461461135147, 0.27564783318407154, 0.5994284559732004, 0.1526742569729769], [-0.7213615380237909, -0.011909770479666085, -0.0034092246883741933, 0.04204642452674627, 0.6440798879161193, -0.6454313970266196, -0.14892253050979126, 0.8590761781434414, 0.22731208356112997, 0.035627373535533455]], "inverted": true, "swapped": false, "error_lsq": 0.05283051666784385, "error_max": 0.2405232244146941, "target": "309.xyz", "model": "15.xyz", "model_rescale": 4.355366556412066, "target_rescale": 3.7227326888087293},
{"mapping": [3, 1, 0, 4, 2, 9, 10, 8, 6, 11], "R": [[-0.8227533410540755, -0.0056181626719487565, -0.5683708085682686], [0.19067567092637355, 0.9392799464596497, -0.28529979091393454], [0.5354621632768586, -0.34310584143518885, -0.7717244671979226]], "T": [-0.1425730206999028, 0.041400608093155655, -0.12330425028461695], "aligned_model": [[0.2923502783176874, -0.5582334478631095, -0.03718251581391986, 0.5877564351474127, 0.036538795351526626, -0.7352770862677951, -0.4107030368123686, -0.3209674910448326, 0.3915696550707906, -0.023880749636978976], [0.33227736097893606, -0.17772321537120372, -0.6604240963819248, -0.16727947598976747, -0.32953920875669757, -0.15261797493079565, 0.5997975107282782, 0.3160945210179428, 0.5802464217508443, 0.06927141378762137], [-0.5198511547503959, 0.1483728055844204, -0.10752501536055305, 0.008609507775908909, 0.6054261603413962, -0.5245649951035962, -0.006964264998734593, 0.5693390799837923, 0.1936070212467335, -0.089341657764243]], "inverted": false, "swapped": false, "error_lsq": 0.04074547594391812, "error_max": 0.20515671115648254, "target": "309.xyz", "model": "16.xyz", "model_rescale": 3.795458400668931, "target_rescale": 3.7227326888087293},
{"mapping": [6, 10, 11, 7, 4, 9, 5, 2, 0, 12], "R": [[0.13819823962710928, -0.9876321689790075, -0.07405366541765276], [-0.27630596248515454, 0.03335539505802659, -0.9604907249503639], [0.9510816272324478, 0.15319959666508443, -0.2682790001519593]], "T": [0.08289261478453659, 0.04930178484276909, -0.0005064774859334445], "aligned_model": [[0.10088510484444528, -0.5993988032914699, -0.053820683272727834, 0.6718605479688624, 0.08062600813324454, -0.6099612221246253, -0.49157896507644616, -0.25354559090145784, 0.421231983141588, -0.0443275429730008], [0.4616900675785782, -0.10547954939243137, -0.7333057175438884, -0.21723329063679092, -0.2681005236190017, -0.044442705732840565, 0.5261161262767924, 0.2768260649589538, 0.5081481198207483, 0.005884665123114641], [-0.5362191108925322, 0.22181046393853335, -0.15599069072134067, 0.11503791556558945, 0.5605161828957138, -0.5564843639181061, -0.2131260715023208, 0.57965718927834, 0.16072906501427522, 0.10117690729657641]], "inverted": false, "swapped": false, "error_lsq": 0.03927944700014648, "error_max": 0.21081323805087585, "target": "309.xyz", "model": "17.xyz", "model_rescale": 3.7474275329858107, "target_rescale": 3.7227326888087293},
{"mapping": [8, 2, 1, 11, 7, 0, 6, 9, 5, 13], "R": [[-0.9876351330676731, 0.1434704701860719, 0.06319072807767745], [-0.05076030117125302, -0.6740208689457865, 0.7369662543499332], [0.14832476447108625, 0.7246461842928272, 0.6729692948674868]], "T": [0.07140646067515925, 0.05683183448503519, 0.016772388475562602], "aligned_model": [[0.21435554553181196, -0.5817132283671905, -0.0693450716345675, 0.5846812780370197, 0.06343857764278715, -0.5240016242051018, -0.606451172036346, -0.2102370912353822, 0.38253861306431985, -0.03129499034893786], [0.35577936868568844, -0.1987446222778459, -0.5930458920439984, -0.429313750674354, -0.341285366732317, 0.006825931191392118, 0.40578944730853994, 0.4537571184140189, 0.705803882359896, 0.04453714060221385], [-0.6212326131918964, 0.12607961762093023, -0.17392727991322943, 0.16492127877933105, 0.6561928205632005, -0.5681472751329328, 0.13397488711619174, 0.4759579658853772, 0.08924308253247741, -0.005954997304720842]], "inverted": false, "swapped": false, "error_lsq": 0.04385669558487222, "error_max": 0.24152983878013126, "target": "309.xyz", "model": "18.xyz", "model_rescale": 3.922800546911778, "target_rescale": 3.7227326888087293},
{"mapping": [6, 12, 13, 11, 7, 8, 5, 3, 2, 14], "R": [[0.9279646695779223, -0.2956413454532614, -0.22688712364020056], [-0.1844660647976109, 0.16461041126542444, -0.9689559760077402], [0.3238114311651489, 0.9410098869627321, 0.09821685031177123]], "T": [-0.01562127051360418, 0.1504669647526326, -0.06965761775796547], "aligned_model": [[0.22154392488931637, -0.6144978612632493, -0.08563225702536767, 0.46844918114945727, 0.06373104801550507, -0.37217100200786774, -0.7266991504278786, -0.17684957061061443, 0.4416868566632898, 0.0024096670658216857], [0.3002317537744442, -0.18228382505446306, -0.5296610731597724, -0.3539397771040698, -0.29629266723715775, 0.012437403787968676, 0.42657798568934174, 0.28330038898812804, 0.6408208215274876, 0.10891224562132654], [-0.6998091471315431, 0.3166554489396933, -0.1355215732515233, 0.06633226923746824, 0.587852883927793, -0.5473717407362273, -0.0438763648864613, 0.5349165797056765, 0.18243628290560354, 0.015492848244248777]], "inverted": false, "swapped": false, "error_lsq": 0.04439558770567399, "error_max": 0.23458618483685398, "target": "309.xyz", "model": "19.xyz", "model_rescale": 3.9282355846067225, "target_rescale": 3.7227326888087293},
{"mapping": [2, 11, 0, 3, 4, 10, 12, 8, 6, 13], "R": [[0.07451585654258158, 0.044471766215559594, 0.9962277094788088], [-0.8414681258447229, -0.5332976780399515, 0.08674664134458321], [0.5351437006179696, -0.8447578638916982, -0.0023175595009052863]], "T": [-0.01621142331743386, 0.19994845443043702, 0.04912363479161339], "aligned_model": [[0.11336815384529819, -0.5041859650448846, -0.033223895008651555, 0.5690528112401357, 0.03961194490759025, -0.5593379788693607, -0.6965729985433659, -0.19399210625414667, 0.498101207926963, -0.010850337751165211], [0.2859853734406334, -0.30651679408935145, -0.5933438625704568, -0.26859348702075725, -0.2310720930855535, -0.03277538126475463, 0.6576606541859971, 0.31398039468291716, 0.49734119226836926, 0.08743726028619044], [-0.7599023178881743, 0.18600668704289736, -0.05380771996070343, 0.11461633660215562, 0.507896873024666, -0.5778432781671826, -0.17538029483675643, 0.7798851037436898, 0.32093998985655053, -0.06530389246241394]], "inverted": true, "swapped": false, "error_lsq": 0.044585369657579, "error_max": 0.20859298853257766, "target": "309.xyz", "model": "20.xyz", "model_rescale": 4.067790424073018, "target_rescale": 3.7227326888087293},
{"mapping": [0, 11, 6, 5, 13, 3, 12, 10, 7, 14], "R": [[0.5551160615223125, -0.6749010143035975, 0.48616332557272524], [-0.8291043550850815, -0.40219442904076946, 0.3883627294521459], [-0.06657421887568293, -0.6186665193305234, -0.7828279576257787]], "T": [0.0817326705193334, 0.011543458354505834, -0.028221481440883635], "aligned_model": [[0.17033187593473126, -0.5154630196085785, -0.09054811227755778, 0.5208343720155255, -0.011621899349622558, -0.5780967662217742, -0.5333856583165028, -0.23735354292987615, 0.45528208353486455, 0.041991503667203126], [0.4241241964756974, -0.1557242998610715, -0.6783458585947116, -0.2792648161991597, -0.25759948246984093, -0.05490817792681721, 0.4682829041341505, 0.24237700909426518, 0.6573848862204968, 0.04377689596022507], [-0.5995229297605005, 0.15456544022839266, -0.23298711560248858, 0.23839878045260918, 0.6112865378725588, -0.5610951166455798, -0.022530515196166022, 0.6902398479243015, -0.03191516477279153, 0.030667722454392414]], "inverted": true, "swapped": false, "error_lsq": 0.038536088387233706, "error_max": 0.2253598225596662, "target": "309.xyz", "model": "21.xyz", "model_rescale": 4.186013935880536, "target_rescale": 3.7227326888087293},
{"mapping": [2, 4, 11, 9, 10, 3, 6, 7, 1, 12], "R": [[-0.10325499146824058, 0.8823489284833378, -0.45912827743583734], [-0.2470636813063082, -0.4698808133919702, -0.8474500330907275], [-0.9634821970935781, 0.025930476478578712, 0.2665139138456477]], "T": [0.0032644806413372335, 0.07398488711939125, -0.09294948734129665], "aligned_model": [[0.44679042054031304, -0.5432102378013083, -0.1006014662343155, 0.49830951430359566, 0.008060768545083044, -0.8018992166776004, -0.4886858232694307, -0.14280928802910442, 0.3839503619375143, -0.03793419686633451], [0.30544263212580713, -0.23603814109411445, -0.5202028781347464, -0.16996659729477295, -0.301675852087109, -0.03685024906028103, 0.32841733362566294, 0.35051342101847793, 0.6347107391124589, 0.055752848621850856], [-0.640134333420084, 0.2715601186347664, -0.2803494430877618, 0.19142499839325583, 0.652138049313985, -0.5308600351068415, -0.03725498434386559, 0.5707659365618163, 0.1823467433280445, -0.10252956331858705]], "inverted": false, "swapped": false, "error_lsq": 0.053555611678748796, "error_max": 0.2804645153771389, "target": "309.xyz", "model": "22.xyz", "model_rescale": 4.166573947596378, "target_rescale": 3.7227326888087293},
{"mapping": [0, 9, 10, 13, 14, 8, 3, 12, 6, 15], "R": [[0.38004467631696803, -0.9120727649684746, 0.15391333732296528], [-0.27943878902867403, 0.04541016887098795, 0.9590890885362511], [-0.8817482674716857, -0.40750605880878665, -0.23761061601875152]], "T": [-0.11962154501305014, 0.17812262987877187, 0.0016673393302996352], "aligned_model": [[0.15695982150708562, -0.6147921582976683, 0.08015100819334128, 0.5125560258510213, -0.005438127902405138, -0.5851808780748962, -0.6300493393682179, -0.028298867285830448, 0.40010578496909377, -0.06404243314311145], [0.2706463570553777, -0.12436320982714466, -0.5419858670224251, -0.36625669448435266, -0.37366968017457797, -0.0841370295973542, 0.4898970552712263, 0.2685796388708866, 0.6629834237087071, 0.20840926303289078], [-0.7610238632158015, 0.1558021725083837, -0.04809120546531134, 0.14594418777832494, 0.5570637356484341, -0.6054187489896862, -0.05905190339379564, 0.6442084300678086, 0.27351498975807265, -0.025840307741701034]], "inverted": true, "swapped": false, "error_lsq": 0.04496220929672223, "error_max": 0.2183010461266634, "target": "309.xyz", "model": "23.xyz", "model_rescale": 4.274766983524099, "target_rescale": 3.7227326888087293},
{"mapping": [3, 7, 4, 1, 9, 5, 6, 8, 0, 10], "R": [[-0.15084683714595198, -0.5160584585441813, 0.843165997350502], [-0.3768342246469262, 0.8185430296278757, 0.43357038157878], [-0.9139153127384468, -0.2523310841189061, -0.31794311618521465]], "T": [-0.017231952824893954, 0.11392661035133067, -0.006606911073807793], "aligned_model": [[0.0672618217141688, -0.5432926761476922, 0.004545002961259564, 0.5170886071055214, -0.017595566925368372, -0.5951691341262803, -0.4563767000424127, -0.25675966030608477, 0.47654752664219124, 0.025721615573109757], [0.2516808328898135, -0.1521468307562749, -0.5147976834714304, -0.18182758256702364, -0.5238029722282982, -0.17063936132365976, 0.6093723982048945, 0.33455002565248804, 0.6599525265534126, 0.09776190387931213], [-0.5450294774924896, 0.2246883889131355, -0.3097770505405381, 0.2214596956678847, 0.5599319696121304, -0.5078571189005858, -0.13583700975879454, 0.6559358525830106, 0.05825345165366538, 0.055338785217309706]], "inverted": true, "swapped": false, "error_lsq": 0.04692450114722961, "error_max": 0.2421676595282889, "target": "309.xyz", "model": "24.xyz", "model_rescale": 3.7841303162186577, "target_rescale": 3.7227326888087293},
{"mapping": [9, 4, 1, 7, 6, 2, 5, 3, 13, 15], "R": [[0.3909253234736647, 0.8912023045648267, -0.23007790812103734], [-0.28029037522618006, 0.35336425757373124, 0.8925082672025695], [0.8767067337613974, -0.28441545986058425, 0.387934465044954]], "T": [0.14552225989046896, -0.004414543158358444, -0.11023128852511266], "aligned_model": [[0.13489288802028293, -0.516438774005444, -0.183985324489909, 0.63184919063967, 0.027126103650252198, -0.4857689063021582, -0.6056776282956154, -0.2075637671263717, 0.29669535033323147, 0.13084170402447415], [0.28345411591054925, -0.18712288168027552, -0.6691342304916449, -0.361132129782972, -0.2166709402342044, 0.09500644102616519, 0.4357937899920585, 0.34734007114313986, 0.693962206425023, -0.01139318547460487], [-0.6193082572691699, 0.1815384760091337, -0.1613085134942679, 0.1327589168763239, 0.5701774300631722, -0.5107059560362492, -0.004145960332052612, 0.5226990682095113, 0.20822845718598326, -0.042826174257656086]], "inverted": false, "swapped": false, "error_lsq": 0.04442378234217007, "error_max": 0.22116029869831313, "target": "309.xyz", "model": "25.xyz", "model_rescale": 4.19342608120988, "target_rescale": 3.7227326888087293},
{"mapping": [3, 1, 0, 4, 2, 9, 10, 8, 6, 11], "R": [[-0.8227533410540755, -0.0056181626719487565, -0.5683708085682686], [0.19067567092637355, 0.9392799464596497, -0.28529979091393454], [0.5354621632768586, -0.34310584143518885, -0.7717244671979226]], "T": [-0.1425730206999028, 0.041400608093155655, -0.12330425028461695], "aligned_model": [[0.2923502783176874, -0.5582334478631095, -0.03718251581391986, 0.5877564351474127, 0.036538795351526626, -0.7352770862677951, -0.4107030368123686, -0.3209674910448326, 0.3915696550707906, -0.023880749636978976], [0.33227736097893606, -0.17772321537120372, -0.6604240963819248, -0.16727947598976747, -0.32953920875669757, -0.15261797493079565, 0.5997975107282782, 0.3160945210179428, 0.5802464217508443, 0.06927141378762137], [-0.5198511547503959, 0.1483728055844204, -0.10752501536055305, 0.008609507775908909, 0.6054261603413962, -0.5245649951035962, -0.006964264998734593, 0.5693390799837923, 0.1936070212467335, -0.089341657764243]], "inverted": false, "swapped": false, "error_lsq": 0.04074547594391812, "error_max": 0.20515671115648254, "target": "309.xyz", "model": "26.xyz", "model_rescale": 3.795458400668931, "target_rescale": 3.7227326888087293},
{"mapping": [9, 6, 7, 10, 5, 0, 1, 8, 11, 12], "R": [[0.32981374467236346, -0.9000071032840713, 0.2849738722469284], [-0.8268183720086517, -0.4210727292096108, -0.3729197452870165], [0.45562514585364644, -0.11262757546083191, -0.8830179815335919]], "T": [-0.005417348695516869, 0.19323371195535716, -0.1149136850697117], "aligned_model": [[0.0690071296837212, -0.6333018234268362, 0.04296500506242888, 0.5255939305998422, -0.06518190612501046, -0.5135837116542865, -0.5356727251022564, -0.1824471395450502, 0.5418183827707225, -0.02722630581486285], [0.4714716368827467, -0.07311460288243415, -0.6172012243714966, -0.24207268372619134, -0.3009255263016222, -0.22709787961503775, 0.4521520885919099, 0.40027290039317737, 0.5170939118294728, 0.029524636032708773], [-0.4333770962576958, 0.3498514397517518, -0.1475090904997113, 0.07540654940123859, 0.4499715358387252, -0.6212352160932987, -0.0686137867667074, 0.5607688866375597, 0.21253435184216576, -0.10069008689929923]], "inverted": true, "swapped": false, "error_lsq": 0.05379441305943729, "error_max": 0.29393836105444965, "target": "309.xyz", "model": "27.xyz", "model_rescale": 3.6321398670334006, "target_rescale": 3.7227326888087293},
{"mapping": [7, 9, 10, 0, 11, 12, 6, 13, 1, 14], "R": [[0.7991963611607673, 0.24313646869712163, -0.5496997670518717], [-0.4454992702166976, 0.8535439309170787, -0.27017246016389396], [0.40350412209019415, 0.46081169210873396, 0.7904663230474194]], "T": [0.06536967610815002, 0.04817325993375834, -0.04324888427931232], "aligned_model": [[0.10847449955741088, -0.5122849532566099, -0.006931518129318401, 0.5387532769836245, 0.043182229535087144, -0.5304701836250969, -0.5559893223542276, -0.3245198510352929, 0.3964093563687882, 0.06534730240404725], [0.3438873597040235, -0.20806971499630697, -0.7228100088210659, -0.34167205567838477, -0.23734081119457215, 0.08582000103892162, 0.5110131132835303, 0.31421974635489025, 0.5763230206017945, 0.08873260654040374], [-0.7584988611379812, 0.1740684601566088, 0.027666344046966822, 0.07225129120663357, 0.5316556893857501, -0.6151468780659445, 0.016748635017396644, 0.6228462707855499, 0.19910985095739211, 0.006406684602356175]], "inverted": true, "swapped": false, "error_lsq": 0.043176757058532744, "error_max": 0.24678689618186891, "target": "309.xyz", "model": "28.xyz", "model_rescale": 4.156811204709835, "target_rescale": 3.7227326888087293},
{"mapping": [8, 1, 2, 6, 0, 3, 4, 5, 7, 9], "R": [[0.48951878378766617, -0.8719836101417144, -0.003992989264603897], [0.13369438193887717, 0.07957750003551084, -0.9878224707537688], [0.8616827563303249, 0.4830238142496923, 0.1555339908529735]], "T": [-0.13705049823847185, 0.046047786192559705, -0.09690371961497601], "aligned_model": [[0.21262208566436777, -0.5532993018675374, -0.13212332294852805, 0.4755800562965471, 0.005114721951214152, -0.3513105581864305, -0.5522290244127444, -0.1535657015099727, 0.3490204596688825, -0.07783857820738618], [0.38676280067143815, -0.2665172428405299, -0.6258391215728242, -0.27893689017738527, -0.3686554578223923, -0.22625604361512777, 0.7520419054127327, 0.20732820004842376, 0.6340766153911838, 0.19609849133771484], [-0.626765899654715, 0.30813339773519016, -0.06456988168055343, 0.11221127887687748, 0.5506559663054261, -0.7356376567438448, 0.07685077384448441, 0.6901586274964819, -0.0037373314270606195, -0.030191787797557823]], "inverted": true, "swapped": false, "error_lsq": 0.056872969909505355, "error_max": 0.2956854593258924, "target": "309.xyz", "model": "29.xyz", "model_rescale": 4.117894457231895, "target_rescale": 3.7227326888087293},
{"mapping": [0, 6, 9, 12, 10, 5, 8, 7, 4, 14], "R": [[-0.4979218885079836, -0.6913271211697103, 0.5235843814322998], [-0.49406033067996613, 0.7223240643868939, 0.483892896885252], [-0.7127258818038291, -0.017741407576603974, -0.7012182683474205]], "T": [0.04014887787515854, 0.0007502104069795137, -0.014014269298037021], "aligned_model": [[0.0930928286917619, -0.5515918119309299, -0.231797596468387, 0.7633876940702126, -0.13995445512618715, -0.5777563252050655, -0.5455917238037773, -0.08737873663293101, 0.47190500660255164, 0.027655956251164057], [0.396438830253628, -0.18320458694194583, -0.5458878093058818, -0.1458335402055028, -0.3236959568586172, -0.08417772812044791, 0.3950757608137285, 0.29911531015911275, 0.6082561035168693, -0.005983126477709086], [-0.6734912631487893, 0.15269815315361573, -0.14461290293131435, 0.1938720978993984, 0.599678193326056, -0.5680288691000848, -0.07062694012673318, 0.5531881951199838, 0.19586981132695924, 0.03856101143563639]], "inverted": true, "swapped": false, "error_lsq": 0.044936083943959024, "error_max": 0.20223270582459096, "target": "309.xyz", "model": "30.xyz", "model_rescale": 4.100398675895297, "target_rescale": 3.7227326888087293},
{"mapping": [7, 1, 8, 10, 2, 6, 3, 0, 4, 11], "R": [[-0.8397492030012498, 0.5300683397458267, 0.11768105734513457], [0.11413823808867038, 0.38421862938629736, -0.9161596517193547], [-0.530842480086871, -0.7559124288114452, -0.3831483541705511]], "T": [-0.006348632459986153, 0.020510839032599162, 0.009436388931209627], "aligned_model": [[0.13428875457817277, -0.5406702763526143, -0.0008778773414401808, 0.6716884270058601, -0.05737150494683896, -0.5895541250268083, -0.46572374097797875, -0.28147310965608163, 0.2920629627729542, 0.05960132639318737], [0.2735128765699521, -0.2590785947723077, -0.7116893932797969, -0.20718416946756668, -0.2785385998577007, 0.04349829750512897, 0.722275463937201, 0.2581368848400515, 0.5691355143672069, 3.49769910653816e-05], [-0.5712354401587636, 0.17324172300656834, -0.02917629082790779, -0.024837228738510228, 0.6295434043926782, -0.5849274163847262, -0.018588484312574927, 0.5650518030398557, 0.1336394670413424, 0.004395949896766855]], "inverted": false, "swapped": false, "error_lsq": 0.044101305921374866, "error_max": 0.19480820506479304, "target": "309.xyz", "model": "31.xyz", "model_rescale": 3.8381024199148657, "target_rescale": 3.7227326888087293},
{"mapping": [3, 8, 13, 14, 11, 7, 0, 9, 5, 15], "R": [[-0.6093511941271827, -0.7766858153356058, 0.15953139650940815], [-0.28798749307445826, 0.40425452966581815, 0.8681252669271626], [-0.7387518704196053, 0.4830501211066339, -0.47000878124818146]], "T": [-0.054038530367572, 0.11530746813020186, -0.008701563736450264], "aligned_model": [[0.0015402770527247062, -0.5527284912329888, -0.05475636605697605, 0.5608157374861397, -0.052328753734058236, -0.49070147016432186, -0.534102086417419, -0.21252849344285524, 0.44936352701052873, 0.10739695594763843], [0.372767087953313, -0.10073802809297423, -0.5765050791627764, -0.34219501439910915, -0.3759264224296206, -0.0494850652937157, 0.4356333833883652, 0.21952218479445695, 0.6861328404116862, 0.14089736966360894], [-0.647018672180236, 0.18512400290093203, -0.056766494419666365, 0.08122142237189153, 0.6259248261394437, -0.5574896447616297, -0.15441865727890344, 0.6447164799597658, 0.15778596819446655, -0.001971743971335621]], "inverted": true, "swapped": false, "error_lsq": 0.04308643605074648, "error_max": 0.1825135594352487, "target": "309.xyz", "model": "32.xyz", "model_rescale": 4.180218895210482, "target_rescale": 3.7227326888087293},
