[{"mapping": [9, 12, 7, 0, 2, 4, 1, 3, 11, 5, 6, 13], "R": [[0.752401496285256, -0.5068469202840229, -0.4207115256161989], [-0.6439445638109809, -0.431519218754273, -0.6317646417646272], [0.13866285416791985, 0.7462555616169997, -0.6510570248677937]], "T": [0.11008977094738226, -0.015340602256302568, 0.08868735309146687], "aligned_model": [[0.046609882520348644, 0.546074386871956, -0.43675541933429574, 0.4555312935073925, -0.19797518620904853, -0.808101968746981, 0.6490495962217262, 0.02953147416336921, -0.00650237620974517, 0.1825172999774601, -0.4856558061217987, 0.012508467106862542], [-0.5806019559466704, -0.388651456862523, -0.528182457265468, 0.004264470457704037, 0.2743771175887961, -0.035416975511182336, 0.1886057363829338, 0.4851975034163079, -0.40076401488334173, 0.33022134037937795, 0.44842869912539096, -0.1452780794050887], [-0.37304100596139744, 0.013346603932189255, -0.007997972020581653, -0.6010214479223575, -0.5535103348440061, -0.17574618299094819, 0.0575054493832194, -0.03848289258992611, 0.6587021819016469, 0.7578229576456181, 0.2093170620610978, 0.10026333807729344]], "inverted": false, "swapped": false, "error_lsq": 0.05259536845868449, "error_max": 0.27625988027789006, "target": "31.xyz", "model": "0.xyz", "model_rescale": 3.8414455957264533, "target_rescale": 3.8381024199148657},
{"mapping": [5, 10, 6, 1, 4, 2, 11, 0, 8, 13, 9, 14], "R": [[-0.2975227491248517, 0.6765818359292114, -0.6735853569102048], [-0.8050949527414027, 0.20140032828233395, 0.5579068245129168], [0.513129935614274, 0.7082901432735216, 0.4847914418779124]], "T": [-0.03428290252938994, 0.0004918596498107788, -0.006519929941161634], "aligned_model": [[-0.17280161015049994, 0.22471283929395292, -0.5221423627382619, 0.6357629718944523, -0.18377405446929035, -0.677355340537012, 0.768611216251437, 0.11266770491792637, 0.07110562380333699, 0.1775544032166369, -0.48732479647876903, 0.03981504874333672], [-0.5156991890428891, -0.6329600554316438, -0.5997987125119919, 0.13281056844748676, 0.21239041039558848, -0.1335790368000107, 0.24167206277924927, 0.6912032024116256, -0.3098322177317988, 0.41344687979982697, 0.17511343406337715, -0.022567418902582993], [-0.39211317919612654, -0.0001029674662886889, 0.10151501737685242, -0.5375831810124875, -0.4846084515893094, -0.34280487135023624, 0.14664189877466274, -0.17035133553301438, 0.7124339093386909, 0.5930133117281339, 0.47282340011520635, -0.0517057945142358]], "inverted": false, "swapped": false, "error_lsq": 0.05165521915129098, "error_max": 0.23118206840956354, "target": "31.xyz", "model": "1.xyz", "model_rescale": 4.316132596720782, "target_rescale": 3.8381024199148657},
{"mapping": [5, 4, 3, 0, 9, 7, 2, 1, 6, 8, 10, 11], "R": [[0.06618923915455342, 0.8738684624286789, 0.48163564547557947], [-0.9662862521194749, 0.17650302637871396, -0.18745015509210255], [-0.24881692785065823, -0.4529907196087926, 0.8560896824300994]], "T": [-0.024490078439701635, 0.012193638073346436, -0.027503496310376952], "aligned_model": [[-0.08414537051136112, 0.4479456407143207, -0.3343006027877487, 0.5091359556097842, -0.3421211244128641, -0.8631698143113528, 0.7568842494073647, 0.16236900522785877, -0.020025193824527, 0.1654672922663485, -0.4284607240554393, 0.0172523304248619], [-0.34394994803825535, -0.5810483936971879, -0.5614962666706665, -0.05130358476929443, 0.37888627918866136, -0.19698809878177015, 0.17964689582435145, 0.511916198070191, -0.35038521556588703, 0.4633588408080855, 0.28451934557450226, -0.0809561244664936], [-0.5616971635476545, 0.11105376313470995, 0.04940125670986675, -0.49131964206463385, -0.5883943331207869, -0.25841564710433346, 0.22177339390434497, -0.12729482502147776, 0.7104752314985907, 0.5619049130024334, 0.3723492579681053, 0.04732155131268326]], "inverted": true, "swapped": false, "error_lsq": 0.04287747848280732, "error_max": 0.22029599303301226, "target": "31.xyz", "model": "2.xyz", "model_rescale": 3.795458400668931, "target_rescale": 3.8381024199148657},
{"mapping": [6, 5, 3, 2, 1, 8, 10, 0, 9, 4, 7, 11], "R": [[0.6537155344833501, -0.7379085401303808, 0.167770636220404], [0.03916294571050738, 0.25439390421209146, 0.9663074071862463], [-0.7557263153142313, -0.6251197708458598, 0.1951999191577593]], "T": [0.0355791234529059, 0.03023495921419096, -0.026698779648118173], "aligned_model": [[-0.09742122193727051, 0.33398217449464773, -0.19478117216422905, 0.4417308147122364, -0.2653894481073952, -0.6390217574903856, 0.7676660347149226, 0.15618552616217707, -0.383064145197049, 0.3480532627948182, -0.506556782081063, 0.025448357845836427], [-0.38029802648253613, -0.47604189542339903, -0.7330140253811617, 0.009960241323640168, 0.32228026935514165, -0.31217769734408884, 0.04428357536164358, 0.803282892066739, -0.41847253908050774, 0.26740201710422534, 0.3740073216474124, 0.15098779432912793], [-0.42803389199430797, 0.35861146046557596, 0.011447612754297957, -0.6765872707884236, -0.4961626203401139, -0.2222241260627767, 0.02680006280052701, -0.019021976037698448, 0.5880808860821891, 0.48031841159682676, 0.3870783576781458, 0.03685085051760592]], "inverted": true, "swapped": false, "error_lsq": 0.05390698038903661, "error_max": 0.37114960658176843, "target": "31.xyz", "model": "3.xyz", "model_rescale": 3.7530521520055578, "target_rescale": 3.8381024199148657},
{"mapping": [2, 10, 8, 9, 1, 7, 0, 4, 3, 6, 11], "R": [[-0.651185674812647, 0.14859038047823758, -0.7442298809831075], [-0.2903923901851788, -0.954801409060698, 0.06345493659475701], [-0.7011629458559091, 0.2574396396925662, 0.6649025156168573]], "T": [-0.1289773041993485, -0.057451356098962486, -0.026956918848958546], "aligned_model": [[-0.22430751652312594, -0.3246736529773837, 0.3747200970714859, 0.4745317752381708, 0.25937608748467444, -0.07170526253527347, -0.4269726375376949, -0.7185425930213029, -0.3336883642836007, 0.477699227283198, -0.14823755775394248], [-0.7355300264140966, 0.04017536312553552, -0.3586199755309537, 0.2854794464160243, -0.46117220197842723, 0.5887815586530641, -0.4918394392299339, 0.1641526833781223, 0.17087297986383354, 0.3106394984023023, -0.04573652837112478], [-0.11463860749548249, -0.7088116794406544, -0.4665299378350089, -0.3468428111094033, 0.2499784163267715, -0.035419298206820486, 0.3772384281504849, 0.06668783044980278, 0.7542254235654576, 0.4093664839815691, -0.09242347114140001]], "inverted": true, "swapped": true, "error_lsq": 0.054167853716429785, "error_max": 0.3004620866612185, "target": "31.xyz", "model": "4.xyz", "model_rescale": 3.7855080009869324, "target_rescale": 3.8381024199148657},
{"mapping": [8, 13, 6, 15, 10, 7, 14, 9, 1, 2, 5, 16], "R": [[-0.7513599485957515, 0.4871607096872543, -0.4451209617432101], [-0.4494267638433522, 0.11613862395597407, 0.8857355158098293], [0.4831912784679389, 0.8655554649833964, 0.13168115070083153]], "T": [-0.016490548581725856, -0.08552681528838815, 0.12010232043301138], "aligned_model": [[-0.006708067818038288, 0.3828360380125513, -0.3049776665854108, 0.451015565961695, -0.26360894172220295, -0.6992967566102867, 0.6276764227752322, 0.2604128813441743, -0.08085873717658194, 0.28045595002131174, -0.6879260434189832, 0.027810998963785465], [-0.33783612555259, -0.6445094939615055, -0.6676263337265234, 0.044640519552138685, 0.2931091682881005, -0.2019120133992132, 0.11837519291400764, 0.5424970593467178, -0.22737238862122605, 0.4239967715173083, 0.3641373211429536, -0.055299750023931456], [-0.5368255211049545, -0.10999392259974196, 0.056758801056665906, -0.5460902977269947, -0.451327085344306, -0.16555418625687668, 0.15431171383165543, -0.06917135082800467, 0.8609400277699594, 0.5650676887873876, 0.16570698356526237, 0.12333490552179584]], "inverted": true, "swapped": false, "error_lsq": 0.04592404255320606, "error_max": 0.27849600553517684, "target": "31.xyz", "model": "5.xyz", "model_rescale": 4.2253639853439635, "target_rescale": 3.8381024199148657},
{"mapping": [5, 6, 2, 11, 8, 10, 12, 9, 3, 0, 1, 13], "R": [[-0.765427280657317, -0.06496464540822655, -0.6402348575894072], [-0.4210973701422458, -0.7017539457822906, 0.5746463298745331], [-0.48661903259616723, 0.709451192419866, 0.5097851730770532]], "T": [-0.03476578652365158, -0.010081396156692315, 0.05651074465863662], "aligned_model": [[-0.13551099007036882, 0.35343745775613045, -0.33065349653516934, 0.5026942007341045, -0.23910882202417252, -0.7177642045553877, 0.8760111241664267, 0.057434119492066095, 0.11344783529961963, 0.14116927817952646, -0.6087975281257553, -0.025527330569774645], [-0.39119900497064747, -0.5227529240121984, -0.6120824617059094, -0.14707581125319827, 0.3662349421202112, -0.1733266220673926, 0.18844785391349997, 0.5917048042464839, -0.4383202112305298, 0.4311430942578597, 0.4100936556476495, -0.050667387469591346], [-0.43880838344459805, 0.07007959796546046, 0.0712346089265454, -0.48931256113037724, -0.5455646766857222, -0.28316061352843447, 0.007364836492888827, 0.012363561052158079, 0.6020872399995979, 0.7025993232551841, 0.23719352588789797, 0.10108129788124687]], "inverted": true, "swapped": false, "error_lsq": 0.04643753433890186, "error_max": 0.2775871504874802, "target": "31.xyz", "model": "6.xyz", "model_rescale": 3.89814844738969, "target_rescale": 3.8381024199148657},
{"mapping": [5, 10, 2, 9, 6, 1, 11, 8, 4, 7, 0, 12], "R": [[-0.06596276273745388, 0.26795794896403896, 0.9611698348986134], [-0.4921294812932722, -0.8466965168912148, 0.20227106052596722], [0.8680192898628792, -0.4596776543092671, 0.18772044788640546]], "T": [-0.021260304777974682, 0.07293271034229343, 0.1065729131554561], "aligned_model": [[-0.1909065682681707, 0.2906288389733765, -0.2712615735370393, 0.4571509927919105, -0.2472226207274052, -0.7211699764181309, 0.7706029420746028, 0.37089100929624164, 0.10709185060027003, -0.01789407459559768, -0.594179774255095, 0.0331005978122831], [-0.26240881203414307, -0.5725555828544465, -0.5784611676677792, -0.07831922393346186, 0.4000987514313393, -0.2629599578174699, 0.13906579186791754, 0.5730569749379386, -0.26711142893625345, 0.4642914991118494, 0.18294053768138982, -0.08543745431064398], [-0.5726492984063396, -0.05145774338983165, 0.2279534133637794, -0.632474691380243, -0.44049131009138437, -0.22823924172384974, 0.2612318380030992, -0.12533189306309617, 0.6389181920265522, 0.6339263491859244, 0.20987802864590643, 0.12589411350133112]], "inverted": false, "swapped": false, "error_lsq": 0.056405380997452896, "error_max": 0.32051187673430326, "target": "31.xyz", "model": "7.xyz", "model_rescale": 3.7474275329858107, "target_rescale": 3.8381024199148657},
{"mapping": [4, 8, 2, 13, 12, 1, 9, 11, 3, 7, 0, 14], "R": [[0.23581381859732276, -0.3124643466870058, 0.9201944767319635], [-0.6061272650272337, 0.6928521374469832, 0.3905965363719356], [-0.7596062016263131, -0.6498630222474656, -0.02600905162122595]], "T": [-0.039589375357347294, 0.07815140669537737, 0.06916643795255768], "aligned_model": [[0.24280475834113469, 0.3208215519568139, -0.33415890293757833, 0.1709851809011212, -0.15699120609754919, -0.7196156114914312, 0.7028728889680835, 0.36869012170079246, -0.24426495483044763, 0.3008259279376045, -0.6151248029101765, -0.050013307791121335], [-0.5167111444502268, -0.48694130539075386, -0.6941283115074083, 0.007403605772358865, 0.45006317640701243, -0.13603107325953787, 0.14000021277018046, 0.521847879222971, -0.3241875174376283, 0.4785560787128049, 0.17183504532121582, 0.04049328131524759], [-0.353465724030831, 0.19559628441379467, -0.09021463408434362, -0.8019047035816311, -0.40889324920811937, -0.1685140271671623, 0.22811596241952292, -0.08223121109916952, 0.6262713062488764, 0.5023767238798884, 0.37607943069214045, 0.023941598188882064]], "inverted": false, "swapped": false, "error_lsq": 0.057152108090990146, "error_max": 0.33303706803418315, "target": "31.xyz", "model": "8.xyz", "model_rescale": 4.019505241142653, "target_rescale": 3.8381024199148657},
{"mapping": [1, 2, 0, 10, 9, 7, 6, 11, 3, 5, 8, 12], "R": [[0.1711819721948547, 0.8681615672637109, -0.4658242431665588], [0.5374722347869687, 0.3139668820750637, 0.7826547091745917], [0.825724124165318, -0.38434397365677575, -0.41286726763590526]], "T": [0.020281135092990107, -0.04019854211207788, 0.006048204738827129], "aligned_model": [[0.03930953321199318, 0.33516073739765256, -0.3708548915982533, 0.5956563742990464, -0.2550869455972622, -0.871819554013505, 0.7215318281987828, 0.060615582781927926, 0.04650925357168954, 0.1642415008266514, -0.5005728818525625, 0.022141106521085283], [-0.41663219063761414, -0.4911334493967282, -0.5484907406371307, 0.0581253975656843, 0.3291779528052766, -0.18624421173486014, 0.14349100758021124, 0.5803526587223254, -0.41713671550435394, 0.2232341079325196, 0.38972702876128273, -0.012270917980376262], [-0.5545237625350762, 0.2239488877604726, 0.11233897392338517, -0.6992570449315589, -0.49899979948451306, -0.04305386197781556, 0.05671824242764814, 0.02926163760856453, 0.7778580951798143, 0.6063842532402215, 0.002580074551158929, 0.03390206090954663]], "inverted": false, "swapped": false, "error_lsq": 0.04779592262145401, "error_max": 0.3219995113898725, "target": "31.xyz", "model": "9.xyz", "model_rescale": 3.877068213659057, "target_rescale": 3.8381024199148657},
{"mapping": [0, 8, 11, 1, 5, 12, 7, 4, 9, 2, 6, 15], "R": [[-0.9035709352589139, -0.2765181801068315, -0.32725717872300014], [0.07420160320132452, -0.8532942812034436, 0.5161230393499711], [-0.42196408263936985, 0.4420707700537375, 0.7915300039963177]], "T": [-0.12853281301844802, 0.08398280931441028, 0.1655777236739851], "aligned_model": [[-0.12716271380269342, 0.3941455545406001, -0.33483792467382456, 0.3890261613066104, -0.15280912501041208, -0.670084975202205, 0.6762233923981049, 0.26377458044382396, 0.08333750054995234, 0.31636302909141223, -0.7178719917769595, -0.13327184411716336], [-0.43392425656619904, -0.48358236238199914, -0.6189795001073484, 0.047950154164411465, 0.23973089133460518, -0.12487960626491527, 0.1531803938429554, 0.612267264242747, -0.2809076940468622, 0.2614087287669166, 0.25412176019399535, 0.025814154297929992], [-0.43901836428298086, 0.16538859109674048, 0.07648525092238662, -0.5299371690938617, -0.6000257232001973, -0.30484013600610493, 0.04782495913839491, 0.007144382925015513, 0.6731318534816717, 0.6248631368206428, 0.2291123197511241, 0.09702865511901686]], "inverted": false, "swapped": false, "error_lsq": 0.0371535146764436, "error_max": 0.18135365627895822, "target": "31.xyz", "model": "10.xyz", "model_rescale": 4.260839863003843, "target_rescale": 3.8381024199148657},
{"mapping": [2, 3, 4, 1, 8, 9, 0, 7, 5, 6, 10, 11], "R": [[-0.2549867499659767, 0.3618864092518089, 0.8966716144389881], [-0.957041560294534, -0.22683094357354924, -0.18060779303933056], [0.13803336267291627, -0.9042045951201343, 0.4041792188532726]], "T": [-0.031156890160235044, -0.02169516021494069, -0.025880395647155535], "aligned_model": [[-0.03576712634910387, 0.4591150232420255, -0.4992331116631469, 0.4901100985848358, -0.3502643385116326, -0.7976725296388115, 0.7370156515564361, 0.18576025111021083, 0.0331771563328106, 0.2212146502520307, -0.4734459728479405, 0.016821891679531572], [-0.5172422517892786, -0.5332152218348388, -0.5480643239137223, -0.02865294894129157, 0.259899495289204, -0.1255171762245017, 0.2933127372007477, 0.5960831289314797, -0.3509409949459823, 0.3000361674446387, 0.29542799397868835, 0.011073322281093818], [-0.4999784360311534, 0.01670773535232577, 0.173977086003704, -0.5273711321139196, -0.6042300247270967, -0.2192919376597017, 0.25822388128883955, -0.055923174556982216, 0.560693736941376, 0.7062759353686818, 0.28580384272840403, -0.04772975592262929]], "inverted": true, "swapped": false, "error_lsq": 0.042615486275235676, "error_max": 0.23769794917887332, "target": "31.xyz", "model": "11.xyz", "model_rescale": 3.890672605050136, "target_rescale": 3.8381024199148657},
{"mapping": [9, 5, 12, 6, 11, 10, 8, 0, 7, 3, 4, 13], "R": [[-0.4034713430262869, -0.8292539038681318, -0.38671544871653096], [0.625297097926642, 0.05866040099326533, -0.7781789618589218], [0.667992825321563, -0.5557849586618667, 0.49486226876186795]], "T": [0.03407787695679094, 0.0818697205633283, -0.15472622479811132], "aligned_model": [[0.08777181484041124, 0.288352610807419, -0.35949672171101177, 0.43823079722110186, -0.29059808544979815, -0.8235422805950545, 0.6751692744851093, 0.18927965700316582, 0.0571429586587185, 0.20203787082537264, -0.44299236884951726, -0.034523883488670686], [-0.5640634160177014, -0.6237900489924926, -0.4741482017114337, 0.16328766130202443, 0.09730775963489754, -0.16941761698960067, 0.10155059950666298, 0.6039588848438582, -0.33012033097787796, 0.43921800116643467, 0.3762593999149338, 0.03215723579653144], [-0.5856644571731748, 0.05109124576908278, 0.14706054121028667, -0.5573300994804808, -0.5986962128381048, -0.18443891213652058, 0.17361129796975405, 0.07337430514101506, 0.5913946566370345, 0.6802317398993367, 0.2657446316030298, -0.00922097992941065]], "inverted": false, "swapped": false, "error_lsq": 0.04389845143177772, "error_max": 0.19984818192575612, "target": "31.xyz", "model": "12.xyz", "model_rescale": 4.124412569039231, "target_rescale": 3.8381024199148657},
{"mapping": [10, 9, 7, 2, 4, 5, 8, 1, 3, 6, 0, 12], "R": [[-0.006166394012777188, -0.9290394656797475, 0.3699292456597191], [0.1676827425666277, -0.3656588158562988, -0.9155195946739227], [0.9858217249737466, 0.05638529592064795, 0.15803868189062986]], "T": [-0.04511280124096453, -0.07357222046000987, 0.07420149134702914], "aligned_model": [[0.05968490772804733, 0.30034144713880434, -0.2551249477906772, 0.3879809902328957, -0.34313601091395796, -0.7314180105239555, 0.6649976837376163, 0.25878502347644494, -0.22331000899472772, 0.383131443680328, -0.49885401134163265, -0.016246862681939124], [-0.43788984701373845, -0.5140833834805134, -0.6621415760506485, 0.2442801216729686, 0.31576411053203396, -0.258395796318078, -0.0008978323601130794, 0.6817326329078296, -0.04687777356920586, 0.15848587991263152, 0.26474641838074114, -0.09252302713767117], [-0.5589649792391946, 0.3828316090139291, 0.0236180308362387, -0.5994417154295978, -0.5405144134540322, -0.18765970201746957, 0.0010054987228899775, 0.06920253948228124, 0.7643366501528119, 0.5328611903912255, 0.20236859423754566, -0.042485546024779816]], "inverted": true, "swapped": false, "error_lsq": 0.05272277854257421, "error_max": 0.2669662710246357, "target": "31.xyz", "model": "13.xyz", "model_rescale": 3.9028299243045295, "target_rescale": 3.8381024199148657},
{"mapping": [6, 11, 9, 2, 3, 7, 12, 5, 14, 13, 10, 15], "R": [[-0.5843231123345363, -0.4401842206464321, 0.6817656138920283], [-0.6182820303073102, 0.7856293363889875, -0.022668850964917053], [-0.5256365963198826, -0.43476936149974105, -0.7312193726306466]], "T": [0.08346351706446806, 0.10000647202127733, -0.14731550944683594], "aligned_model": [[-0.09367103446130928, 0.34277232160196613, -0.3177787494930552, 0.5467240642005692, -0.25737045498865485, -0.7869518462056954, 0.6664997407311785, 0.15927792289046266, -0.04767701756607781, 0.23181642425472207, -0.45823927514865626, 0.001429547931795977], [-0.42761186384157424, -0.4928846974799188, -0.5347329788111829, 0.12265941459251953, 0.13682441966968972, -0.14519332050792655, 0.10260511444916859, 0.5436092462290782, -0.2642788466617418, 0.3535731822000483, 0.2342105702336897, 0.02341968740438681], [-0.5142630596039582, 0.20918931991002396, 0.044923741353697755, -0.7191776250095024, -0.6680516110027016, -0.09363019521589364, 0.23255591342000678, 0.09675535780189329, 0.6483911070593853, 0.5918371745180868, 0.34654676586934186, -0.1279191324285317]], "inverted": true, "swapped": false, "error_lsq": 0.03807794024025495, "error_max": 0.2062092841901085, "target": "31.xyz", "model": "14.xyz", "model_rescale": 3.942246331269136, "target_rescale": 3.8381024199148657},
{"mapping": [0, 5, 1, 7, 8, 12, 9, 6, 3, 10, 13, 14], "R": [[0.40903555451540313, 0.7233513670462731, -0.5562847426764146], [0.17989142937754976, 0.5337315298613914, 0.8262988125783076], [0.8946110824144642, -0.43805645049937, 0.08819046091904995]], "T": [0.002934162031164851, 0.053433376561988905, 0.09870886615637775], "aligned_model": [[-0.024046308091535615, 0.2805565701934157, -0.2832638291609811, 0.519622969991792, -0.18721522556352607, -0.7397943674537371, 0.804069931344454, 0.2684600153358672, -0.24493587069206654, 0.3590236288849504, -0.7490022456632598, -0.016643625378127434], [-0.2853573426675794, -0.5046906615489227, -0.7043435268037346, 0.11065060711080832, 0.3908171278814283, -0.28567115876483196, 0.13307901877329323, 0.47799768052645186, -0.41647332565172157, 0.42333877152833166, 0.32941234615054926, -0.016559609057835684], [-0.5533727128382505, 0.2178848484601818, 0.07620752522624272, -0.580068249239824, -0.5712585517310731, 0.06077861737358396, 0.09930630729554636, -0.1503504889467819, 0.5827502575611483, 0.5940580424085875, 0.23783863879241987, 0.03338352231006721]], "inverted": false, "swapped": false, "error_lsq": 0.05173376328250709, "error_max": 0.32399484459434014, "target": "31.xyz", "model": "15.xyz", "model_rescale": 4.355366556412066, "target_rescale": 3.8381024199148657},
{"mapping": [5, 4, 3, 0, 9, 7, 2, 1, 6, 8, 10, 11], "R": [[0.06618923915455342, 0.8738684624286789, 0.48163564547557947], [-0.9662862521194749, 0.17650302637871396, -0.18745015509210255], [-0.24881692785065823, -0.4529907196087926, 0.8560896824300994]], "T": [-0.024490078439701635, 0.012193638073346436, -0.027503496310376952], "aligned_model": [[-0.08414537051136112, 0.4479456407143207, -0.3343006027877487, 0.5091359556097842, -0.3421211244128641, -0.8631698143113528, 0.7568842494073647, 0.16236900522785877, -0.020025193824527, 0.1654672922663485, -0.4284607240554393, 0.0172523304248619], [-0.34394994803825535, -0.5810483936971879, -0.5614962666706665, -0.05130358476929443, 0.37888627918866136, -0.19698809878177015, 0.17964689582435145, 0.511916198070191, -0.35038521556588703, 0.4633588408080855, 0.28451934557450226, -0.0809561244664936], [-0.5616971635476545, 0.11105376313470995, 0.04940125670986675, -0.49131964206463385, -0.5883943331207869, -0.25841564710433346, 0.22177339390434497, -0.12729482502147776, 0.7104752314985907, 0.5619049130024334, 0.3723492579681053, 0.04732155131268326]], "inverted": true, "swapped": false, "error_lsq": 0.04287747848280732, "error_max": 0.22029599303301226, "target": "31.xyz", "model": "16.xyz", "model_rescale": 3.795458400668931, "target_rescale": 3.8381024199148657},
{"mapping": [5, 10, 2, 9, 6, 1, 11, 8, 4, 7, 0, 12], "R": [[-0.06596276273745388, 0.26795794896403896, 0.9611698348986134], [-0.4921294812932722, -0.8466965168912148, 0.20227106052596722], [0.8680192898628792, -0.4596776543092671, 0.18772044788640546]], "T": [-0.021260304777974682, 0.07293271034229343, 0.1065729131554561], "aligned_model": [[-0.1909065682681707, 0.2906288389733765, -0.2712615735370393, 0.4571509927919105, -0.2472226207274052, -0.7211699764181309, 0.7706029420746028, 0.37089100929624164, 0.10709185060027003, -0.01789407459559768, -0.594179774255095, 0.0331005978122831], [-0.26240881203414307, -0.5725555828544465, -0.5784611676677792, -0.07831922393346186, 0.4000987514313393, -0.2629599578174699, 0.13906579186791754, 0.5730569749379386, -0.26711142893625345, 0.4642914991118494, 0.18294053768138982, -0.08543745431064398], [-0.5726492984063396, -0.05145774338983165, 0.2279534133637794, -0.632474691380243, -0.44049131009138437, -0.22823924172384974, 0.2612318380030992, -0.12533189306309617, 0.6389181920265522, 0.6339263491859244, 0.20987802864590643, 0.12589411350133112]], "inverted": false, "swapped": false, "error_lsq": 0.056405380997452896, "error_max": 0.32051187673430326, "target": "31.xyz", "model": "17.xyz", "model_rescale": 3.7474275329858107, "target_rescale": 3.8381024199148657},
{"mapping": [12, 9, 7, 5, 10, 11, 4, 8, 2, 0, 1, 13], "R": [[0.33567288927867855, -0.7323137112286561, 0.5924865734764097], [-0.3618784009807071, -0.680967060391773, -0.6366536621782948], [0.8696940463789268, -0.0007007195589414095, -0.49359069550098805]], "T": [-0.05184091872563216, -0.011250933219463678, 0.017551774004818665], "aligned_model": [[-0.017677565189177992, 0.3853239830366179, -0.4647518177776198, 0.4106577774841218, -0.1391100827973849, -0.7128320739541529, 0.7476937559948741, 0.21651462080854347, -0.03352156125233898, 0.18820351705187674, -0.5734607376513989, -0.020208172006714667], [-0.5320723576366908, -0.5177986401955651, -0.6400578243378222, -0.008369169144867895, 0.2590772381947368, -0.04710018203193096, 0.20166951502097322, 0.6449905227159088, -0.2633186951601322, 0.42830226699290375, 0.13859642449489795, -0.011719171436174496], [-0.5179991875820816, 0.013031256276591574, 0.05661281805693323, -0.5386016114118214, -0.6115318000976441, -0.2714848774345823, 0.08563267192245491, -0.10155702974974905, 0.6808458025786259, 0.6871143504800822, 0.44647711797454864, 0.11861824565849005]], "inverted": false, "swapped": false, "error_lsq": 0.04105925147270845, "error_max": 0.21535745229029288, "target": "31.xyz", "model": "18.xyz", "model_rescale": 3.922800546911778, "target_rescale": 3.8381024199148657},
{"mapping": [6, 8, 4, 1, 2, 10, 5, 3, 13, 12, 7, 14], "R": [[0.9780726816533846, -0.0840695758497631, 0.19054169050315], [-0.12436913355482579, -0.9696316829294082, 0.21058660469817614], [0.16705133349416634, -0.22966651013137485, -0.9588259206456072]], "T": [0.009893928254090821, -0.012927859218762924, -0.011579750641663928], "aligned_model": [[0.017258454925899558, 0.39710003660585774, -0.3776579155957008, 0.37033380408162403, -0.27558976362748266, -0.6399711809724018, 0.7402193350450502, 0.048631780799692506, -0.16865887826415096, 0.31734619039705453, -0.3984704386818368, -0.04370978096635963], [-0.578498930777488, -0.4611726843477301, -0.6228282867598839, -0.0886341676461813, 0.3326364362049361, -0.23620537088826998, 0.19297642465095521, 0.6157148753197982, -0.2974023657325694, 0.3076954748435077, 0.4378690919285734, 0.0500494306805888], [-0.4063491753390782, 0.14184339109973118, 0.029556315115161172, -0.6537126611154778, -0.5703402916480736, -0.4339813839908, 0.07065130350111952, 0.10003088808574694, 0.5875920921950728, 0.637487140151944, 0.5063311217214683, 0.03804901689503334]], "inverted": true, "swapped": false, "error_lsq": 0.04531888349823351, "error_max": 0.3057625526347924, "target": "31.xyz", "model": "19.xyz", "model_rescale": 3.9282355846067225, "target_rescale": 3.8381024199148657},
{"mapping": [6, 7, 5, 8, 4, 3, 9, 11, 2, 10, 1, 13], "R": [[0.4333792564308671, 0.5540835843227789, 0.7107557960927584], [-0.7013327032707175, -0.2879305076397603, 0.6520954394053816], [0.5659636555631613, -0.781080920490529, 0.2638138287263417]], "T": [0.08080826392350732, -0.06143932294321071, -0.038301424335361045], "aligned_model": [[-0.07001681075077917, 0.3731013055724234, -0.4060238214527916, 0.4588318041029576, -0.11077422121934263, -0.6317779295315789, 0.7081248233537367, 0.18353839664739757, -0.15920842565191967, 0.20792878944275334, -0.5490499805125515, -0.017842286253059114], [-0.5637725003852535, -0.550265059022623, -0.5509992842135458, 0.048854755599984936, 0.3121494364695372, -0.01985851641621751, 0.22294716260962172, 0.6474111902911651, -0.31412097011771906, 0.3585393093579509, 0.051135223561118034, 0.010179179742217825], [-0.4278617274304547, 0.21411084543310427, 0.06665436263107524, -0.6891124556160921, -0.5106312192527956, -0.2767275608374487, -0.10172922846976953, -0.05675788780614366, 0.7081971920507031, 0.7031111931682945, 0.35170672904336425, 0.06619751375801089]], "inverted": false, "swapped": false, "error_lsq": 0.04563866932299127, "error_max": 0.2752079729903149, "target": "31.xyz", "model": "20.xyz", "model_rescale": 4.067790424073018, "target_rescale": 3.8381024199148657},
{"mapping": [12, 0, 9, 3, 11, 10, 2, 6, 8, 4, 13, 14], "R": [[-0.15860081819017485, -0.6162452752706307, -0.7714191734563198], [-0.7644258904877799, -0.41785729552146106, 0.4909667387221409], [-0.6248990625864081, 0.6675605150741878, -0.40480133435120164]], "T": [-0.03149015423155084, -0.03487371770167952, 0.12382509097400546], "aligned_model": [[-0.10260159970883807, 0.5086267516319816, -0.47651012365526685, 0.47326462870825065, -0.22832145553174577, -0.7803230875786935, 0.6963991507896159, 0.21929070032110126, 0.0453847350936976, 0.37737808255808974, -0.6511846095656388, -0.09457152931530752], [-0.4285000451859092, -0.49571799059918514, -0.648372575929768, 0.05472832069163647, 0.20238485056702354, -0.17939538344909717, 0.11956350910190866, 0.6511124897970388, -0.21622957485776728, 0.3620752828616315, 0.289174818362138, -0.058623773883413305], [-0.5296390193879148, 0.14264831224275298, -0.04829776409131359, -0.5550998684036685, -0.44450409584531053, -0.1755902520162526, 0.1307701721075749, 0.005128887131007315, 0.6589589071279325, 0.6875011953394445, 0.09073682446935738, 0.08454445799823815]], "inverted": false, "swapped": false, "error_lsq": 0.039154609289766315, "error_max": 0.22357441612615403, "target": "31.xyz", "model": "21.xyz", "model_rescale": 4.186013935880536, "target_rescale": 3.8381024199148657},
{"mapping": [5, 0, 2, 3, 11, 8, 6, 4, 1, 7, 9, 12], "R": [[-0.12987738467017257, -0.9910462236613602, -0.030971721259775098], [-0.4541311237904835, 0.03168877044746993, 0.8903711272454424], [-0.8814174875483403, 0.1297042959738987, -0.4541805899087793]], "T": [-0.051006942781002686, 0.029264051230328294, 0.045954714883668854], "aligned_model": [[0.10082135483310403, 0.35126320302501335, -0.3552002174705891, 0.5328121864050548, -0.2914983400623511, -0.7628870929312535, 0.5039885871653704, 0.2825396711286893, -0.05445145862764261, 0.2781130926661937, -0.5721229114761116, -0.02654643090823177], [-0.5161444372619826, -0.5223634718503062, -0.6406842754447617, 0.0751064589693313, 0.32785108759971826, -0.1266414386798215, 0.0639560245240698, 0.6617999665667113, -0.28038416053905557, 0.34474935068251616, 0.21642295215355895, 0.04853187075625835], [-0.4813180085138068, 0.2819086226273256, -0.04534092621635276, -0.6677625630252467, -0.45601704553485156, -0.1919281570124568, 0.0208693058631789, -0.08156438536177872, 0.7086985237502254, 0.6208223239708853, 0.32677574902195883, 0.012014317102767541]], "inverted": false, "swapped": false, "error_lsq": 0.039016007236396595, "error_max": 0.33661498829728165, "target": "31.xyz", "model": "22.xyz", "model_rescale": 4.166573947596378, "target_rescale": 3.8381024199148657},
{"mapping": [10, 7, 13, 8, 9, 14, 4, 3, 6, 2, 12, 15], "R": [[0.6943189683765534, 0.5081216498473412, 0.5096406176012024], [-0.6992374855799944, 0.6438447196324866, 0.3106942480335485], [-0.17025894664388772, -0.5720807337760825, 0.8023313063379325]], "T": [0.020350446594145866, 0.025237813461297765, 0.047878581815630594], "aligned_model": [[-0.18593952058624308, 0.27981759843326254, -0.3649283099343844, 0.5642737878865898, -0.1607568208083257, -0.6911450485456169, 0.7197366386028582, 0.23837386898877794, -0.1441324240317021, 0.2486085882648106, -0.5661887058358127, 0.049111991313031754], [-0.5258993777681965, -0.6062892164525885, -0.7278145884026884, 0.0928238046280424, 0.30905595957934323, -0.19936321628348774, 0.24736429433637983, 0.582126005597728, -0.06361348270415111, 0.376081729914097, 0.17912369799650985, -0.011395682964751287], [-0.41540694460242694, -0.16481851561369062, 0.012024729714980309, -0.546813500539985, -0.4492095229607959, -0.21538231739587732, 0.084923072447818, -0.013505298498460216, 0.7855495548159679, 0.5747713662017975, 0.2962176895630375, 0.09880744353948283]], "inverted": true, "swapped": false, "error_lsq": 0.04650875431181045, "error_max": 0.3132869972471176, "target": "31.xyz", "model": "23.xyz", "model_rescale": 4.274766983524099, "target_rescale": 3.8381024199148657},
{"mapping": [10, 2, 5, 4, 0, 3, 7, 6, 9, 1, 11], "R": [[0.054727892210023665, 0.06128844900747435, 0.9966185748983944], [-0.15431762852116837, -0.9856030181977412, 0.06908516517390567], [0.9865043980347229, -0.15757670049141578, -0.04448208763522593]], "T": [0.0018076785768717588, 0.07918227017168009, 0.025622006733077095], "aligned_model": [[0.28898292647804963, -0.022882239358998864, -0.30664977971359014, -0.5085853416396177, -0.49068682829941623, -0.6529128356667695, 0.05844177062777023, 0.19272255824186962, 0.6740267741590859, 0.11839328063982762, 0.029044418489864606], [-0.10445946197718683, 0.7326350041951415, 0.41297853978137755, -0.18834485507766005, 0.5205743698341818, -0.0890473165365166, -0.5560167620514924, -0.18278766552034234, -0.2334971819618353, 0.5443659669075865, 0.05918589365022961], [-0.6041081283084445, -0.19563924923263948, -0.7239861838376098, -0.24528964184929344, 0.0847005903809818, 0.5229391359356369, 0.14513538594219924, 0.7929867598933931, 0.21137661930695265, 0.42626397131210475, -0.03481282552170381]], "inverted": false, "swapped": true, "error_lsq": 0.056940072222308506, "error_max": 0.3369488680068195, "target": "31.xyz", "model": "24.xyz", "model_rescale": 3.7841303162186577, "target_rescale": 3.8381024199148657},
{"mapping": [3, 4, 6, 12, 13, 11, 2, 9, 1, 8, 7, 15], "R": [[-0.8404261670233419, -0.5182572004969948, 0.15840874949153333], [-0.541855985656569, 0.8083169100918564, -0.2302517397712816], [-0.008714848857084165, -0.27934431619879346, -0.9601514486875633]], "T": [-0.058737553083564875, 0.11911066141280377, 0.07623757469196397], "aligned_model": [[-0.032768728728487864, 0.299160937457666, -0.36120283396604197, 0.3847902911813065, -0.21651615856736361, -0.7040014976238351, 0.6939546296233684, 0.2746131423956973, 0.11185635662657717, 0.2787701559780551, -0.6582865104489009, -0.08353814018079553], [-0.5002637949619558, -0.5267298023237036, -0.5370440746624315, 0.232585583774068, 0.11308270329804412, -0.028654717015804354, 0.10577613556430175, 0.5842733482096119, -0.1795656388044373, 0.2165949204110913, 0.11643498588303533, 0.055710278104417546], [-0.43825517606866354, 0.18349012117584307, 0.07771013360468283, -0.5283932215672049, -0.6899670798511905, -0.31264210332794357, 0.12173149120274383, -0.04476530610676101, 0.73557556044855, 0.5516775280093041, 0.3279108720098502, 0.0630849371426374]], "inverted": false, "swapped": false, "error_lsq": 0.04705109008121802, "error_max": 0.261628356884964, "target": "31.xyz", "model": "25.xyz", "model_rescale": 4.19342608120988, "target_rescale": 3.8381024199148657},
{"mapping": [5, 4, 3, 0, 9, 7, 2, 1, 6, 8, 10, 11], "R": [[0.06618923915455342, 0.8738684624286789, 0.48163564547557947], [-0.9662862521194749, 0.17650302637871396, -0.18745015509210255], [-0.24881692785065823, -0.4529907196087926, 0.8560896824300994]], "T": [-0.024490078439701635, 0.012193638073346436, -0.027503496310376952], "aligned_model": [[-0.08414537051136112, 0.4479456407143207, -0.3343006027877487, 0.5091359556097842, -0.3421211244128641, -0.8631698143113528, 0.7568842494073647, 0.16236900522785877, -0.020025193824527, 0.1654672922663485, -0.4284607240554393, 0.0172523304248619], [-0.34394994803825535, -0.5810483936971879, -0.5614962666706665, -0.05130358476929443, 0.37888627918866136, -0.19698809878177015, 0.17964689582435145, 0.511916198070191, -0.35038521556588703, 0.4633588408080855, 0.28451934557450226, -0.0809561244664936], [-0.5616971635476545, 0.11105376313470995, 0.04940125670986675, -0.49131964206463385, -0.5883943331207869, -0.25841564710433346, 0.22177339390434497, -0.12729482502147776, 0.7104752314985907, 0.5619049130024334, 0.3723492579681053, 0.04732155131268326]], "inverted": true, "swapped": false, "error_lsq": 0.04287747848280732, "error_max": 0.22029599303301226, "target": "31.xyz", "model": "26.xyz", "model_rescale": 3.795458400668931, "target_rescale": 3.8381024199148657},
{"mapping": [1, 6, 8, 2, 9, 11, 0, 3, 5, 7, 10, 12], "R": [[-0.1742493010572615, 0.927988714207318, 0.32935410637322293], [0.14556787778884528, -0.3065205082541625, 0.9406674072038754], [0.9738825257889718, 0.21185401653841335, -0.08167436341615414]], "T": [-0.11404383411290808, -0.02421214011841322, -0.11178725943856736], "aligned_model": [[0.19187814737900744, 0.2652915180952587, -0.3699022351253128, 0.4725565851343362, -0.12511817362957656, -0.8262983200466562, 0.6875654766472382, 0.19111250715410788, -0.15188193567109481, 0.1622385031698042, -0.46772598943868354, -0.04288443992118285], [-0.4604555762789948, -0.6439485521815338, -0.6929282324892496, 0.19818456191460518, 0.15707033994531358, -0.05003005994056248, 0.1882722517381853, 0.6447318939772954, -0.30278696491458174, 0.30545207798874374, 0.30013785947255417, 0.008500328244462143], [-0.36957898971341085, 0.2796439986440007, 0.022774906647694063, -0.7292616062441621, -0.5008737685102933, -0.17180037481048716, -0.052238219035817934, -0.044928860713015537, 0.5866573073958311, 0.5775585696159168, 0.4148933261906025, 0.03431146720498966]], "inverted": true, "swapped": false, "error_lsq": 0.04755188599820532, "error_max": 0.24739905611823998, "target": "31.xyz", "model": "27.xyz", "model_rescale": 3.6321398670334006, "target_rescale": 3.8381024199148657},
{"mapping": [3, 8, 7, 0, 1, 4, 10, 11, 12, 9, 6, 14], "R": [[0.6114621450336422, -0.7671743915144036, 0.19379757014823937], [0.1966182601026081, 0.38454755675604524, 0.9019226332602921], [-0.7664563294702968, -0.5133874069330693, 0.38597676797633684]], "T": [0.037187674657161295, 0.030926883965262265, -0.04950961937772862], "aligned_model": [[0.02133064387988034, 0.27748670208182713, -0.27724034192752794, 0.5170348555893752, -0.4041760487632034, -0.775670295758616, 0.781575385864168, 0.3392044540884208, -0.14278166048761962, 0.1852803936574244, -0.5349683176786653, -0.00024412679821778083], [-0.4355558428146375, -0.38654534309587557, -0.6739596323248871, 0.028035797902186476, 0.18312813225153904, -0.10264961579066607, 0.11974615212702937, 0.5945924199563132, -0.37755943093009475, 0.38400404860756904, 0.2400140926811592, 0.07894914890660121], [-0.5531985116050345, 0.13758108815724374, 0.02230545942061353, -0.4484457280375357, -0.5283624567034728, -0.13831553699321536, 0.15705684935281944, -0.10945013069189953, 0.6463780869447111, 0.49819214582618926, 0.4330123974529719, -0.06959590645154312]], "inverted": true, "swapped": false, "error_lsq": 0.04408427912798616, "error_max": 0.24133067403226996, "target": "31.xyz", "model": "28.xyz", "model_rescale": 4.156811204709835, "target_rescale": 3.8381024199148657},
{"mapping": [9, 1, 6, 3, 2, 8, 7, 10, 4, 11], "R": [[-0.2932177943502554, 0.2865762709661449, 0.9120840783587387], [0.1678302854040345, -0.9237732931474776, 0.3442032802991057], [0.9411994052152666, 0.25400185784084944, 0.2227705901501033]], "T": [-0.08045040829794436, -0.0009075049083304039, 0.08015064417498524], "aligned_model": [[-0.6773266643908006, 0.04466359725588498, -0.012160236492403997, 0.6728683473933316, -0.02711542415410246, -0.6547847812362418, -0.19784588942176207, -0.6100592035183116, 0.2360811592472744, -0.13139553057228065], [0.029453074619862667, -0.5764402825602938, -0.04638352626042168, 0.19832881043652098, -0.5217219106899362, -0.4559990474248157, 0.5239821483550687, 0.2672994582042963, 0.47311890851252486, 0.02708269743339785], [-0.3962616756359563, -0.12868078440199035, -0.7488208793368476, -0.23145843076555422, 0.5301221379817282, 0.05427083757577306, -0.28272375784092446, 0.48056730308952805, 0.364002093518177, 0.11776988279116637]], "inverted": true, "swapped": true, "error_lsq": 0.05690252517653845, "error_max": 0.28924379951004325, "target": "31.xyz", "model": "29.xyz", "model_rescale": 4.117894457231895, "target_rescale": 3.8381024199148657},
