[{"mapping": [6, 11, 4, 8, 7, 14, 1, 0, 2, 5, 12, 10, 13, 15], "R": [[-0.9634533172659344, 0.11827990409671815, -0.24034885008282925], [-0.2585255237494431, -0.1755664558714075, 0.9499162979667364], [0.07015881284160452, 0.9773363207512675, 0.1997284584655688]], "T": [-0.03333871832941235, 0.08959230559601217, 0.038923856512134314], "aligned_model": [[0.23560691477335546, 0.2584779586710072, -0.5226292799067451, -0.509501861365037, -0.7633898734645651, 0.02806007427664007, -0.7013065146085259, -0.133254156542432, -0.3490205927929987, 0.36460355580792836, 0.6629537940119286, 0.2624297604917257, 0.6219583526871357, -0.0834960309111138], [-0.5289037354374935, -0.506811209100676, -0.4625168572703531, -0.296635571234129, 0.08036936067868183, 0.22645464814620764, 0.36701780436899456, 0.5154413207456331, 0.7553353443073878, 0.05947062366395574, 0.40160359104269244, 0.6935422304735299, -0.14504055758389348, 0.07594633900949663], [0.27201338868610075, -0.3434280080614141, 0.30749693239688275, -0.24325964370656233, 0.5526933612373099, -0.6432398596139239, -0.05651402802540484, 0.6687210562302379, 0.06277539883729882, 0.640692607885345, 0.17729819632118468, 0.232719331018357, 0.187657159652095, 0.0819621943223271]], "inverted": true, "swapped": true, "error_lsq": 0.04691331260979693, "error_max": 0.31504028924479544, "target": "310.xyz", "model": "0.xyz", "model_rescale": 3.8414455957264533, "target_rescale": 4.252932141130952},
{"mapping": [8, 4, 2, 7, 1, 0, 10, 9, 13, 14, 5, 6, 6, 11, 15], "R": [[-0.9144205157485601, 0.23372925330307792, 0.3304629427462684], [-0.32243828001969344, 0.07290387693681677, -0.9437788831635955], [-0.24468076335519232, -0.969564675964408, 0.008698457676698135]], "T": [0.06538901161539279, 0.01923461026573308, 0.02210438751077099], "aligned_model": [[-0.5911339784733997, -0.5596708390445568, 0.14816004004303404, -0.42637047603939915, -0.36919433690072256, 0.3444425574644935, 0.6628521009577166, -0.40462524302321873, 0.5235317731209189, 0.028914300435583448, 0.518606093527806, 0.02709365865078789, 0.02709365865078789, -0.08441398033524974, 0.02675882446996227], [0.11767009757247635, 0.17047679777176725, -0.7063713445233769, -0.443699274086131, -0.5613428361602202, -0.47515095262752444, -0.3451819557444445, -0.1823374233551971, 0.5500933261084744, 0.0351376966092894, 0.17726604022470438, 0.644355235293611, 0.644355235293611, 0.7246797100634442, -0.002905824397469354], [0.14383711830045612, -0.4282146796751592, 0.12251699008835384, -0.5617480603157864, 0.10161172009370889, -0.4933439852888018, 0.016662507900038214, 0.5491917615139004, -0.09989012516777893, 0.7194315241043648, -0.5173502845472315, -0.31988611886962337, -0.31988611886962337, 0.2808578385699444, -0.028608300497227103]], "inverted": true, "swapped": true, "error_lsq": 0.04705126293679574, "error_max": 0.38582125655152155, "target": "310.xyz", "model": "1.xyz", "model_rescale": 4.316132596720782, "target_rescale": 4.252932141130952},
{"mapping": [5, 13, 6, 1, 4, 0, 8, 2, 11, 10, 14, 15], "R": [[-0.8041894045646034, -0.4638911758950602, -0.3715970647256611], [0.32437995821503535, -0.8664165963273138, 0.3796049582355382], [-0.4980532544763068, 0.18473564500466888, 0.847240046958516]], "T": [0.007502335804968084, 0.05084203555934279, -0.03692773529674721], "aligned_model": [[-0.019992092493452955, 0.4658657915203827, 0.12837678420148424, -0.4949635298806734, -0.5101682387401031, -0.4682664629241565, -0.18845016869911033, -0.3042578305928072, 0.504907417286018, 0.09523627954562042, 0.44687443174067487, -0.057353826332096035], [-0.6137767340468069, -0.4928013219418635, -0.524947845143026, 0.5793754396832872, -0.1391758472977605, -0.18716987301314475, 0.337394530404768, 0.4783090295561057, -0.06657588882732864, 0.015114504253973912, 0.5888501415025541, 0.03818029261022199], [0.24399386746288082, -0.006215041842258975, -0.4407286978436893, -0.016076630137832074, -0.5957404578653507, 0.5153125863056275, -0.6157378277263801, 0.47640968124308747, -0.6077589622023493, 0.656482308894536, -0.11005698657955462, -0.050625378499295395]], "inverted": true, "swapped": true, "error_lsq": 0.04762180548884845, "error_max": 0.23013870389272081, "target": "310.xyz", "model": "2.xyz", "model_rescale": 3.795458400668931, "target_rescale": 4.252932141130952},
{"mapping": [14, 10, 13, 3, 8, 4, 5, 1, 0, 7, 11, 15], "R": [[0.8392062362170972, -0.026986060287197577, 0.5431433012055927], [0.5391027672935373, -0.08988983270411266, -0.8374294145018294], [0.07142198114574913, 0.99558604375845, -0.06088784839862444]], "T": [-0.03144496046575176, -0.033892123711108016, -0.08155097867553432], "aligned_model": [[-0.1439056309834294, -0.0993840615875902, -0.6992070670288061, 0.15463381295942913, 0.26014065052679375, 0.29977650533283035, -0.33072334824111094, 0.6687673147975215, 0.2808339775649291, 0.7260939490652211, -0.5414622891834486, 0.017740012521225437], [-0.031638422066190386, -0.7283147687229766, -0.06599792020246605, 0.05220650482929, 0.5389387159172014, 0.5760393512572592, -0.2677916739153962, -0.048530974595877754, -0.5292802154370795, 0.10295804980933763, 0.5013929567827693, -0.014212558366162215], [-0.770895570702143, -0.027212600007246367, 0.1626854111191028, 0.6177662709680753, -0.28739922388250294, 0.28537846263029176, 0.532545468490626, -0.2858613985170519, 0.41347174273076337, 0.37058361009944485, -0.28254670168805696, -0.03974404060220247]], "inverted": true, "swapped": true, "error_lsq": 0.04167505076660525, "error_max": 0.20039216898641465, "target": "310.xyz", "model": "3.xyz", "model_rescale": 3.7530521520055578, "target_rescale": 4.252932141130952},
{"mapping": [12, 2, 0, 7, 5, 9, 13, 14, 11, 4, 15], "R": [[0.5878955711002366, 0.8088511882631971, -0.01177084219335961], [0.7984993722774286, -0.5825786283484099, -0.15166045715425672], [-0.12952818208127326, 0.0797615009694504, -0.9883625615176957]], "T": [-0.11055308561335207, -0.010896106177285494, 0.03073925488485696], "aligned_model": [[-0.41680346801287405, -0.146227336265364, 0.32860317480741846, 0.6599877432598511, 0.21155398238159062, -0.4100590150381186, -0.22220758096276494, -0.7468457184475777, -0.38221816970430167, 0.5096389367346164, -0.04722294630727028], [-0.7218371109776104, 0.06399423953449468, -0.378874858157316, 0.29742042100390964, -0.6496269230645195, 0.645502800708506, -0.5589138806232545, 0.2767590770706873, 0.11103352947132229, 0.3724378053620851, 0.009308257986041141], [-0.0150357806689006, -0.70176092906623, -0.47887668706989606, -0.29823886888478757, 0.12902953773904124, -0.10638279809578655, 0.4709644470187757, 0.015421647624380325, 0.7366984036303449, 0.3219062965288556, 0.019105508489519384]], "inverted": true, "swapped": true, "error_lsq": 0.044383763655739365, "error_max": 0.24489000184519555, "target": "310.xyz", "model": "4.xyz", "model_rescale": 3.7855080009869324, "target_rescale": 4.252932141130952},
{"mapping": [4, 3, 0, 7, 10, 6, 8, 5, 9, 2, 1, 15, 11, 13, 14, 16], "R": [[-0.16875936475173242, -0.342975326734982, 0.9240607134055773], [0.6693872477815974, -0.7280291368357079, -0.14796718698965922], [0.7234922178682853, 0.5935836092491831, 0.3524450446732698]], "T": [0.004478837822953399, -0.06831098751977138, 0.0021755893293420384], "aligned_model": [[0.021980976715124376, -0.5874562136000093, -0.2723330743919706, -0.27776500966352696, -0.5773605088600772, 0.35533072653550485, 0.05584098360035185, -0.6712677018665142, -0.4556993555883657, -0.18256547610150142, 0.2868071120787726, -0.0666485780597963, 0.7643141987139552, 0.6033873146520301, 0.12993822280094475, -0.0005131183277939872], [-0.5627610561683916, 0.24278433969092128, -0.052141054836497794, -0.7622122984044465, -0.25481627938498574, -0.6180109906833509, -0.40515608337504355, -0.3528170644033738, 0.41353362303641117, 0.5750867352366984, 0.04912401727109503, 0.15175771457399373, -0.20416792874823364, -0.1158859359193981, 0.5581757764826614, -0.01656973963992387], [-0.547563975021744, -0.18557210755082462, -0.7269249399897972, -0.012276164352014576, 0.3992184394501068, -0.02628362316430801, 0.6179735962626335, -0.3406452836252025, 0.2531254266189843, -0.30901483879949754, -0.6903586727796676, 0.7932689869471354, -0.1892123521926549, 0.4070371700485388, 0.22459788089107757, 0.015765138159614105]], "inverted": false, "swapped": false, "error_lsq": 0.044410790511880786, "error_max": 0.3314812092372798, "target": "310.xyz", "model": "5.xyz", "model_rescale": 4.2253639853439635, "target_rescale": 4.252932141130952},
{"mapping": [11, 8, 3, 6, 4, 0, 5, 13, 2, 14, 7, 10, 12, 15], "R": [[-0.7749163245408159, -0.408992974886487, -0.48190189505090586], [-0.07163855390220092, -0.7006807106818562, 0.7098693254910866], [-0.6279909295164655, 0.584612083497998, 0.5136692557212037]], "T": [0.08375453396372501, 0.07718595380542906, -0.05650088102867375], "aligned_model": [[0.642437638250235, -0.07687283253698046, -0.3849018247666628, 0.2892182437806802, -0.35987096827220977, -0.4232323275067399, 0.08211098143088866, 0.5788954520559237, -0.30992986222877916, 0.4837530349310902, -0.791575794306861, 0.10576136252359236, 0.5164975052867847, 0.02177154411682148], [-0.2536773756206522, 0.0045692015095103455, -0.4294624026470615, -0.6047725492922219, -0.43018363660585524, 0.09789009277910468, -0.3505950047321129, -0.3166367554533315, 0.665497152981148, 0.5513759864116741, -0.07723353758067347, 0.4091503607110418, 0.12745910045387288, 0.051718513720547594], [-0.46325599149057783, -0.7080041395308854, 0.17748963102389664, -0.10028558554191865, -0.4591592858231785, 0.5183996774991926, 0.5252136104919181, 0.2695782077407456, 0.14926662040865135, -0.377426823173385, -0.13998916105908743, 0.5592153870748762, 0.5850035183349238, -0.06448745702372316]], "inverted": true, "swapped": true, "error_lsq": 0.0444829973201023, "error_max": 0.2779112449100182, "target": "310.xyz", "model": "6.xyz", "model_rescale": 3.89814844738969, "target_rescale": 4.252932141130952},
{"mapping": [8, 4, 7, 11, 1, 3, 6, 14, 13, 5, 0, 10, 15], "R": [[0.5333259895515456, -0.5362815784137904, 0.6541906889607022], [0.20752862129656885, 0.8326728776149974, 0.5134079763960674], [-0.8200580834377588, -0.13805052531002215, 0.5553798630217133]], "T": [-0.000714861503936709, -0.045688071236329245, 0.08591849365517262], "aligned_model": [[0.2263739914352006, -0.055910291671174506, 0.34725226324043246, -0.4234609925518382, 0.684157104149297, -0.24147709279174553, -0.6385526567634894, 0.27613726196569743, -0.6705346322791177, -0.5246642248414413, 0.09444751577054536, 0.061944936269257816, 0.012918618972598585], [-0.3124842789418747, 0.15541918402110977, 0.5940809111125593, -0.6389135373107269, 0.09552077861217685, 0.5688343176134983, -0.0672137309114947, -0.6551260722380727, -0.12211695795695841, 0.41635159266908006, 0.6856408875837856, 0.24206173509229456, 0.0017264361251083798], [-0.4909534816102972, -0.6709636734166431, -0.4304470601282641, -0.1516027238093795, -0.1220832501527859, -0.22307775388300854, -0.23329840637085814, 0.28538446269770135, 0.31414760482007176, 0.2686407228274531, 0.2958638846798921, 0.7207924886051023, 0.03987221657731125]], "inverted": true, "swapped": true, "error_lsq": 0.05073074564578625, "error_max": 0.28429438251379535, "target": "310.xyz", "model": "7.xyz", "model_rescale": 3.7474275329858107, "target_rescale": 4.252932141130952},
{"mapping": [9, 14, 11, 8, 13, 4, 8, 7, 6, 3, 1, 0, 10, 12, 15], "R": [[-0.9133851424435914, 0.2460666588266412, -0.3243127826299693], [-0.38450105349629454, -0.2597289683799879, 0.8858328300782868], [0.13374050031138662, 0.9338051522658036, 0.33184547032963907]], "T": [0.06032767567453118, 0.025380467416495703, -0.021870924902841992], "aligned_model": [[-0.4430143758268164, 0.029021527860147653, 0.37435262402850283, -0.396704151392831, 0.7507618481624452, -0.329079659811145, -0.396704151392831, -0.6018586159822197, 0.42302508408179257, 0.002272925367774882, -0.6415907207597571, -0.01701942624169986, 0.30436464212040837, 0.7271309377152861, 0.01719523440968887], [0.08479846050262987, 0.2390494252551642, -0.48622224045271367, -0.3866916052808572, -0.1384258820837228, -0.6092129074475217, -0.3866916052808572, -0.12967907587157984, -0.5748561915153637, -0.26129074234487604, 0.22425657696156026, 0.3673652708194547, 0.6385341861866763, 0.40709744048894414, 0.0010868520426558191], [-0.5533613438410507, -0.6861103017135539, -0.4979991374393149, -0.29908808774153556, 0.03341524474321064, 0.22715608991381964, -0.29908808774153556, 0.5564756052932376, 0.10991063510166661, 0.6456110320561694, -0.01824713686400876, 0.6600666172053529, 0.21110904618697776, 0.08294951731389467, 0.023994963222931088]], "inverted": true, "swapped": true, "error_lsq": 0.04779015018519677, "error_max": 0.415145186927757, "target": "310.xyz", "model": "8.xyz", "model_rescale": 4.019505241142653, "target_rescale": 4.252932141130952},
{"mapping": [12, 14, 2, 0, 5, 3, 1, 13, 6, 11, 9, 4, 15], "R": [[0.5736838003624082, 0.8149968297899415, 0.08165209509920737], [0.8095559028735393, -0.5793463364528423, 0.09474736176421561], [0.1245236416282213, 0.011746908998347752, -0.9921471024019731]], "T": [-0.043040122325373575, -0.023753465283735675, -0.0017030920946282755], "aligned_model": [[-0.32311113910697464, -0.6834709885128166, -0.014805023188056113, 0.45072196203050985, 0.2873612286265803, 0.6577410618976391, 0.13413583940388513, -0.1778706690711367, 0.16005769149257965, -0.3805745573676226, -0.34796071881129786, 0.5370108204342496, 0.02046526391363669], [-0.7037655170343086, 0.25494433501839237, 0.22789015371355004, -0.2530971402603342, -0.6651025139934249, -0.21657900116714585, 0.6001607244852982, -0.6635212904072542, -0.3615360272154736, -0.07998016170985854, 0.6443692723225214, 0.28051872101342873, -0.0009233266513322645], [-0.24760062754220646, -0.006631568723191315, -0.6940296073484092, -0.5416803824233313, -0.03165879949051666, 0.05127750770688226, -0.3357600280061225, 0.2795552959238491, 0.593153239489265, 0.683830377132596, -0.0028082921988646804, 0.4311024287914518, -0.002046049267522985]], "inverted": true, "swapped": true, "error_lsq": 0.04783470058977608, "error_max": 0.2511558536421986, "target": "310.xyz", "model": "9.xyz", "model_rescale": 3.877068213659057, "target_rescale": 4.252932141130952},
{"mapping": [13, 9, 2, 6, 10, 3, 12, 14, 11, 8, 4, 0, 4, 5, 8, 15], "R": [[0.007915955160488375, -0.9071884943502135, -0.42064994160523794], [-0.7035598726660479, 0.29387640591667374, -0.6470240827199814], [0.7105918963990737, 0.3010742329793291, -0.6359351091171781]], "T": [-0.027062268900291328, -0.121376159919526, -0.03906539180209873], "aligned_model": [[-0.15960882128556586, -0.5239575847153908, -0.09711580760968351, -0.20379457017505337, -0.700536811595708, 0.40055646710960724, -0.0031897421019160266, -0.6688530639289101, -0.43200492598992973, -0.14405546659637591, 0.5339283129432085, 0.13047829202771072, 0.5339283129432085, 0.6150306621967678, -0.14405546659637591, -0.010759287988465597], [-0.6458548790145343, 0.2300429544310824, 0.067298093800997, -0.686712422163607, -0.24730339105374427, -0.5881839854027073, -0.3631358078571314, -0.2950327655788384, 0.1758826414551175, 0.640604041759648, -0.14374023312393078, 0.2611359714246462, -0.14374023312393078, -0.17383190792274023, 0.640604041759648, -0.08210834466183911], [-0.591326182218102, -0.2944963121890006, -0.671402236882947, 0.13258885196386946, 0.14474198634129, 0.005588985465818812, 0.6674596189419485, -0.448295773575013, 0.5015952464343073, -0.007101353416623386, -0.4170602264990435, 0.6411047903367684, -0.4170602264990435, 0.4036088728430694, -0.007101353416623386, 0.04028999327170358]], "inverted": false, "swapped": false, "error_lsq": 0.046259972861788436, "error_max": 0.33373383326846023, "target": "310.xyz", "model": "10.xyz", "model_rescale": 4.260839863003843, "target_rescale": 4.252932141130952},
{"mapping": [11, 14, 1, 8, 7, 4, 6, 13, 10, 0, 5, 15], "R": [[0.9593610974034932, 0.08063769927813147, 0.27041421235559243], [-0.05539388373758203, -0.8858358600537752, 0.4606803085516638], [0.27669080655712625, -0.45693805980451946, -0.8453696274818778]], "T": [0.061151725385659494, -0.10584961845690835, -0.028155048997604945], "aligned_model": [[0.4204153845465565, 0.25855320502219636, -0.5727217714699546, -0.35094838975848663, -0.7569881389138968, -0.47491154606780417, 0.2747235704386272, 0.672172192257015, 0.31535319008190565, -0.16052108856195937, 0.33044776591557923, 0.0033242756043515426], [0.006419001731599344, -0.7095065564006695, -0.4568863789891585, -0.16787153379532108, 0.18091397509826543, 0.35905251245157443, 0.49471977902593733, 0.2585827518135564, -0.27406450587200654, 0.1090206634491949, 0.4449230984158171, -0.07222430139585526], [-0.6955173597316547, -0.3188084598676476, 0.05688527543423923, -0.5590576921798507, 0.18499433445892338, -0.36410661713684933, -0.34894049467120486, -0.0489267555512916, 0.6018263457761062, 0.6737473065904803, 0.35331586247643126, -0.01923366820217684]], "inverted": false, "swapped": true, "error_lsq": 0.041474506977807156, "error_max": 0.22620081131091457, "target": "310.xyz", "model": "11.xyz", "model_rescale": 3.890672605050136, "target_rescale": 4.252932141130952},
{"mapping": [14, 14, 1, 11, 8, 5, 10, 6, 13, 0, 7, 2, 3, 15], "R": [[-0.489390134023028, 0.5472457227424927, 0.6789841056026052], [-0.7631427898461332, 0.10804793439782823, -0.6371332091315153], [-0.42203125361373817, -0.8299685312181478, 0.3647490344892048]], "T": [0.12470153791756879, -0.04483208167832546, 0.04435627555691128], "aligned_model": [[0.4432961514215144, 0.4432961514215144, 0.2472113159580583, 0.6618870272549751, 0.7426980006461384, -0.38619939562123584, -0.5168289276614637, 0.29384565313508343, -0.05588686572409972, -0.5262798804634569, 0.0764496067478438, -0.22236516328299827, -0.11649923128595584, 0.12525139224777598], [-0.09303170924171245, -0.09303170924171245, 0.6683748639660518, -0.5911639299548836, 0.19817022205453527, -0.371052940530267, -0.03896939402525394, -0.5337061102287722, -0.7243447935527682, 0.2743617232655773, 0.6477615761621727, 0.525649725288151, 0.06535616312562534, -0.00222116725897821], [-0.5753393886926815, -0.5753393886926815, -0.04828000788268934, 0.04493529632505493, 0.16502562484436145, 0.43672241420341446, -0.23527827415083435, 0.5358766605302997, 0.1549850697335849, 0.2939829950362742, 0.6056090101339306, -0.2679463795179518, 0.7231520025968748, 0.09668480088990428]], "inverted": false, "swapped": true, "error_lsq": 0.05060094174727548, "error_max": 0.3348363175242569, "target": "310.xyz", "model": "12.xyz", "model_rescale": 4.124412569039231, "target_rescale": 4.252932141130952},
{"mapping": [10, 0, 7, 12, 2, 14, 5, 11, 3, 6, 8, 4, 15], "R": [[0.8841081433378256, -0.46672780658321755, 0.022758414834110334], [0.4640854638174766, 0.8827048656463256, 0.0738701728549495], [-0.054566227256980404, -0.054747371866795, 0.9970081504765237]], "T": [0.14044418273794157, -0.04775679756767834, -0.010509526695040414], "aligned_model": [[-0.2804305375782238, -0.06697297049825271, 0.6075953364762761, -0.5878129377665046, 0.3359821979391452, 0.333066166209138, -0.45333642389981654, 0.09767806807767272, 0.04439605678045154, -0.11845264018930513, 0.7331416108831371, 0.5512940094869787, 0.171150371589061], [-0.10169428573887668, 0.47417807015460844, 0.6848326709282415, -0.23672293227796143, -0.04858817960123682, -0.7186941672700015, 0.36258158142331154, -0.3787620805034898, 0.6717308194896745, 0.19406622664473774, -0.05381146444858409, 0.486085668953818, 0.012283448754235593], [0.5460391305950411, 0.5115413421569122, 0.19467654988541297, 0.1772539662249738, 0.7002660559918418, 0.013744659773934903, -0.031438102977956815, -0.7001859985037047, -0.07528008950134953, -0.6299398265570879, -0.333315875921617, -0.4137165693646672, -0.007947160833895073]], "inverted": true, "swapped": true, "error_lsq": 0.04619003419477065, "error_max": 0.25358126996507924, "target": "310.xyz", "model": "13.xyz", "model_rescale": 3.9028299243045295, "target_rescale": 4.252932141130952},
{"mapping": [12, 2, 8, 11, 6, 14, 9, 1, 3, 0, 13, 7, 13, 10, 4, 15], "R": [[-0.5083815782468213, 0.10101139198225735, -0.8551870377812552], [-0.01511549307613443, 0.9918966877533706, 0.1261446895154836], [0.8609992408639722, 0.07705621009171928, -0.5027351665817346]], "T": [-0.12431632378641781, -0.021017055072987414, -0.058895631218266326], "aligned_model": [[0.006470454091072261, -0.753342855993466, -0.16642486480467722, -0.15236335672280826, -0.5951304526828951, 0.4438095761806407, -0.09077770751110219, -0.5956075310208722, -0.43839804998332793, -0.3490329647225902, 0.5586737381455631, 0.10758057521131921, 0.5586737381455631, 0.5292297081736527, 0.17501436047346142, -0.1123838683424054], [-0.4140866189164457, 0.13326558037338465, 0.2881153844117281, -0.7593010528011892, -0.1858747116608928, -0.6726512122404354, -0.4817320800627732, -0.46632058469324245, 0.39286469444647, 0.756681150001618, -0.25354495993954845, 0.056134340843406794, -0.25354495993954845, 0.014972972113527883, 0.5541026275778063, -0.06315679478573058], [-0.6180301639321951, -0.40914163010345206, -0.7654160946085109, -0.05628968036381466, 0.3833308620462511, 0.1299337621034354, 0.5635690532664522, -0.101181801936826, 0.28569689905775886, -0.23751349805926608, -0.3937190183281728, 0.8133998727140624, -0.3937190183281728, 0.29738361895122445, 0.13859301648299102, 0.046238501940614504]], "inverted": true, "swapped": false, "error_lsq": 0.05051373767388248, "error_max": 0.31298501187433453, "target": "310.xyz", "model": "14.xyz", "model_rescale": 3.942246331269136, "target_rescale": 4.252932141130952},
{"mapping": [13, 10, 5, 2, 1, 10, 4, 6, 11, 3, 7, 8, 14, 9, 15], "R": [[-0.7108770242229034, -0.323497552306414, -0.6245023539457224], [-0.29329388786323646, -0.6706938672528828, 0.6812843985968267], [-0.6392437342470059, 0.6674721492924864, 0.3819010056870915]], "T": [-0.14622243808177043, -0.04431915308296343, -0.05023747119647005], "aligned_model": [[-0.6780678027337814, -0.07377861659088286, -0.17856747811776127, 0.35177120050258665, 0.4369647632777763, -0.07377861659088286, 0.18071772503147315, -0.46421892352882854, -0.7766909350168603, 0.24588776273930235, 0.6843234210729485, -0.04153871265531156, -0.48166257313374555, -0.06711639974615799, -0.08995077797766556], [0.20737764674106368, -0.45911645644331595, 0.2902411762524285, -0.5786858663447256, -0.3027134215228836, -0.45911645644331595, 0.5842160790996485, 0.5909191054911725, 0.23910409380816122, 0.49741760161126136, 0.2697064316851152, 0.14682691745544796, -0.530177355988942, -0.39023017551419353, -0.007624630005271998], [-0.45070926331959027, -0.6092421944462806, -0.6893103808220865, -0.1496974491580751, 0.3038520150188533, -0.6092421944462806, 0.28801520079370185, -0.11769431988705945, 0.28025883915373667, -0.33981264007406453, 0.042500675025496766, 0.5885389660415677, 0.3229517175617351, 0.5927660928640313, -0.043812583945168654]], "inverted": false, "swapped": true, "error_lsq": 0.050999875358138776, "error_max": 0.3653494650983784, "target": "310.xyz", "model": "15.xyz", "model_rescale": 4.355366556412066, "target_rescale": 4.252932141130952},
{"mapping": [5, 13, 6, 1, 4, 0, 8, 2, 11, 10, 14, 15], "R": [[-0.8041894045646034, -0.4638911758950602, -0.3715970647256611], [0.32437995821503535, -0.8664165963273138, 0.3796049582355382], [-0.4980532544763068, 0.18473564500466888, 0.847240046958516]], "T": [0.007502335804968084, 0.05084203555934279, -0.03692773529674721], "aligned_model": [[-0.019992092493452955, 0.4658657915203827, 0.12837678420148424, -0.4949635298806734, -0.5101682387401031, -0.4682664629241565, -0.18845016869911033, -0.3042578305928072, 0.504907417286018, 0.09523627954562042, 0.44687443174067487, -0.057353826332096035], [-0.6137767340468069, -0.4928013219418635, -0.524947845143026, 0.5793754396832872, -0.1391758472977605, -0.18716987301314475, 0.337394530404768, 0.4783090295561057, -0.06657588882732864, 0.015114504253973912, 0.5888501415025541, 0.03818029261022199], [0.24399386746288082, -0.006215041842258975, -0.4407286978436893, -0.016076630137832074, -0.5957404578653507, 0.5153125863056275, -0.6157378277263801, 0.47640968124308747, -0.6077589622023493, 0.656482308894536, -0.11005698657955462, -0.050625378499295395]], "inverted": true, "swapped": true, "error_lsq": 0.04762180548884845, "error_max": 0.23013870389272081, "target": "310.xyz", "model": "16.xyz", "model_rescale": 3.795458400668931, "target_rescale": 4.252932141130952},
{"mapping": [8, 4, 7, 11, 1, 3, 6, 14, 13, 5, 0, 10, 15], "R": [[0.5333259895515456, -0.5362815784137904, 0.6541906889607022], [0.20752862129656885, 0.8326728776149974, 0.5134079763960674], [-0.8200580834377588, -0.13805052531002215, 0.5553798630217133]], "T": [-0.000714861503936709, -0.045688071236329245, 0.08591849365517262], "aligned_model": [[0.2263739914352006, -0.055910291671174506, 0.34725226324043246, -0.4234609925518382, 0.684157104149297, -0.24147709279174553, -0.6385526567634894, 0.27613726196569743, -0.6705346322791177, -0.5246642248414413, 0.09444751577054536, 0.061944936269257816, 0.012918618972598585], [-0.3124842789418747, 0.15541918402110977, 0.5940809111125593, -0.6389135373107269, 0.09552077861217685, 0.5688343176134983, -0.0672137309114947, -0.6551260722380727, -0.12211695795695841, 0.41635159266908006, 0.6856408875837856, 0.24206173509229456, 0.0017264361251083798], [-0.4909534816102972, -0.6709636734166431, -0.4304470601282641, -0.1516027238093795, -0.1220832501527859, -0.22307775388300854, -0.23329840637085814, 0.28538446269770135, 0.31414760482007176, 0.2686407228274531, 0.2958638846798921, 0.7207924886051023, 0.03987221657731125]], "inverted": true, "swapped": true, "error_lsq": 0.05073074564578625, "error_max": 0.28429438251379535, "target": "310.xyz", "model": "17.xyz", "model_rescale": 3.7474275329858107, "target_rescale": 4.252932141130952},
{"mapping": [14, 2, 9, 10, 11, 6, 8, 7, 13, 4, 5, 0, 3, 15], "R": [[-0.5849748893247244, 0.7958388069565048, 0.15634887975797523], [-0.6564516379044847, -0.3513764849553773, -0.6675371247450758], [-0.47631462916022815, -0.4931279338695497, 0.7279761087326311]], "T": [0.06327686497063038, -0.11872229176369903, -0.07502113974536045], "aligned_model": [[0.5271925948485517, 0.13419244814783593, 0.776927146968252, -0.3656245717846665, 0.27138916705766364, -0.18354379537681997, 0.6370895908960964, 0.1229246199380545, -0.41978318443094315, 0.24880135227795946, -0.6408379386871603, -0.42658474935597207, -0.33080770488454747, 0.06351267226857203], [-0.4663704084124641, 0.39903010093569463, -0.07554578968813272, 0.003583517458963209, -0.7780425867684999, -0.4480056889881805, -0.06402117171404689, 0.6946774642928135, -0.6278049713482652, 0.16697358546744862, -0.11524128031058008, 0.4570946836592266, 0.27811287707486393, -0.06403209014760784], [-0.4645996693169012, -0.5949645745971512, -0.2429641324789525, -0.6143503873691594, 0.25518045318813337, 0.5079469917045498, 0.27608793512063884, 0.288079174200005, 0.04362219655692806, 0.6323117442649424, 0.08498268904164569, -0.20326076269433618, 0.39220696298390473, -0.03548390194259272]], "inverted": false, "swapped": true, "error_lsq": 0.044229629386635445, "error_max": 0.296798296626679, "target": "310.xyz", "model": "18.xyz", "model_rescale": 3.922800546911778, "target_rescale": 4.252932141130952},
{"mapping": [14, 8, 1, 14, 3, 11, 4, 10, 6, 2, 7, 0, 12, 5, 15], "R": [[-0.37278357264687634, -0.2141126874886301, -0.9028777132153766], [0.5648567177031563, 0.7196013082592144, -0.40386983746900973], [0.7361856399239585, -0.6605525824701799, -0.14731255670080687]], "T": [-0.0013589943849477426, 0.11636371194830553, -0.010227233988638446], "aligned_model": [[-0.21973939450628555, -0.13589603512186968, 0.5276775238287661, -0.21973939450628555, 0.22682444563900062, -0.7526771355131214, -0.019738048411915954, 0.35336375928614544, -0.5002006651680859, 0.6642410428477186, 0.6077046363861076, 0.6236971927407748, -0.1015759203179572, 0.007821711260459293, 0.03428711844416711], [0.6801432519531444, -0.1225123899912805, 0.119738429679735, 0.6801432519531444, -0.5235984108392734, 0.08397852815742224, -0.6008276022247302, 0.4912952698411888, -0.34637528797907, 0.4230161012413, -0.4942342622401682, -0.05753540485988698, 0.48148494342900516, -0.15785584838586364, 0.06075093529991179], [-0.3599572430749314, -0.6269677239954637, -0.512584923008084, -0.3599572430749314, 0.2533324338308387, -0.15692189763914616, -0.3290690563828829, 0.4624135235501438, 0.2047830954951952, -0.09009361055324844, -0.24094451422915902, 0.39847663359662333, 0.6665037443069113, 0.6576876908118745, -0.02404174247041079]], "inverted": false, "swapped": true, "error_lsq": 0.044720839774626646, "error_max": 0.40874551220439703, "target": "310.xyz", "model": "19.xyz", "model_rescale": 3.9282355846067225, "target_rescale": 4.252932141130952},
{"mapping": [11, 13, 12, 6, 4, 5, 3, 0, 7, 1, 14, 8, 2, 15], "R": [[0.4740280125665851, -0.11200617755852821, -0.8733567767475681], [-0.7994989205821127, -0.47032764869248445, -0.37362197320745993], [-0.3689158702064882, 0.8753550817034919, -0.3124972986213852]], "T": [-0.0002145382183192865, -0.2147653803855794, 0.127681907872762], "aligned_model": [[-0.5763105729517176, -0.011325863962369946, 0.5064837156942167, -0.44860216679243425, -0.5749756519689183, 0.22600869463096546, -0.05525368483107418, 0.5287626525100455, -0.06988504809530749, 0.060864201328538876, -0.02760490537838256, -0.5549219333317823, 0.5444784397414187, -0.015195057508522361], [-0.7144020486253005, -0.669511411488108, -0.6727214816431585, -0.3341075011314796, 0.3011618411775731, -0.18159293838335056, 0.3034931092971381, 0.2653879988581798, 0.6752390879453802, 0.28444744252654075, -0.6579112151449849, -0.023666619692720325, 0.09696887509808844, -0.14990305136896226], [0.053360765687210376, -0.4197402444617032, -0.23954397861843024, -0.41444891499732694, -0.013137276296696365, -0.557236800740249, -0.38169195248619714, -0.15090534122506127, 0.12013722649595338, 0.6561799864462731, 0.6668664635333899, 0.4613161520534943, 0.5144234872874721, 0.11660358456555373]], "inverted": false, "swapped": true, "error_lsq": 0.045160549653866885, "error_max": 0.23543236528307251, "target": "310.xyz", "model": "20.xyz", "model_rescale": 4.067790424073018, "target_rescale": 4.252932141130952},
{"mapping": [11, 5, 8, 9, 4, 3, 1, 13, 6, 12, 10, 2, 14, 0, 15], "R": [[0.8186566475370165, 0.5690473541472643, -0.07737184359604765], [0.5737602596247429, -0.8047051599918611, 0.1524754732992205], [0.024504242873450495, -0.16921794887207303, -0.9852739861889827]], "T": [0.0937343835035126, -0.01531676848513305, -0.004457263383386806], "aligned_model": [[0.29788772938622987, 0.001885744567621278, -0.22086161170016944, 0.15899679970413988, -0.6233857751410739, -0.5029735842468224, -0.21183017323112496, 0.37499289120339724, -0.09480943919968166, 0.6204851019230981, 0.41824364107069134, 0.11393763491051354, 0.5976106800221805, -0.1892207990377356, 0.027485113676251005], [-0.007029179681896574, 0.6919941570832511, -0.4900656419419147, -0.7426991468391505, -0.08198744094236868, 0.39186395153818004, -0.5791562647541822, 0.5720985662295264, 0.4208649788999121, 0.5174301133432246, 0.24266676190311046, -0.3060970041231884, -0.4804049675009749, 0.3083863420650759, -0.016970085350757207], [-0.7429014392678737, 0.10808642366527643, -0.3666363715264162, -0.08205543879228974, -0.31695522811198845, 0.09159668952653507, 0.34334957691024975, -0.29155533655401816, -0.536807285940766, 0.195633224778617, 0.5593950493408211, 0.672651604320804, -0.13731091626336545, 0.6304660801496217, 0.008292941385933662]], "inverted": false, "swapped": true, "error_lsq": 0.04752601662100662, "error_max": 0.38503413940627756, "target": "310.xyz", "model": "21.xyz", "model_rescale": 4.186013935880536, "target_rescale": 4.252932141130952},
{"mapping": [12, 10, 14, 6, 3, 11, 5, 0, 9, 1, 7, 8, 15], "R": [[0.09765376150589387, 0.5170358266751983, 0.8503750330283952], [-0.5558619544980242, 0.7370954223322332, -0.3843277584542954], [-0.8255187644174944, -0.43516007665129514, 0.35938068574069537]], "T": [0.066214730337061, -0.022516717053524364, -0.05674627939836814], "aligned_model": [[-0.07875514084666206, -0.41355699579994776, 0.4513538056896937, 0.3989237223270546, -0.30024614673686745, 0.8088077566287518, -0.2289241235592413, -0.6816143271959176, 0.32552611490570893, -0.21912842312425362, -0.4510559980048003, 0.41284513679481966, 0.034398654344886516], [-0.494654605398064, -0.13934044082757652, 0.3940427784074399, -0.5727321122012147, -0.3911643772120012, -0.20922303900047692, -0.6815004084372531, -0.18248034507655872, 0.664504250141121, 0.6101703403972136, 0.18566943085246534, 0.353123312319255, -0.01745812441825608], [-0.6545684216320181, -0.5526923441331336, -0.464170539253556, 0.2527170979820907, 0.4540259082146099, -0.02948054432689269, -0.05179140217095137, -0.0007254824653385311, -0.04554000423190557, 0.168066189445095, 0.6404684488119707, 0.384017567886893, 0.0025530872084824074]], "inverted": false, "swapped": true, "error_lsq": 0.04840695970781151, "error_max": 0.25140140120425863, "target": "310.xyz", "model": "22.xyz", "model_rescale": 4.166573947596378, "target_rescale": 4.252932141130952},
{"mapping": [0, 13, 10, 1, 6, 4, 2, 5, 12, 14, 8, 11, 8, 3, 9, 15], "R": [[0.03984466112386635, 0.9990125398867369, -0.019655740356839924], [-0.5431913008316898, 0.005145528451457396, -0.8395931956833215], [-0.8386629917199764, 0.044130133537147787, 0.5428599429256985]], "T": [-0.0544035582858976, -0.034103644512653006, 0.020995834972409234], "aligned_model": [[0.032085551307241764, -0.694268746843055, -0.2233123099453751, -0.30401741417112593, -0.6331612275115639, 0.4262828013831927, -0.033769716864521473, -0.6789671165714605, -0.41627071709851654, -0.4085697211985534, 0.6257666456098021, 0.14574766492517588, 0.6257666456098021, 0.4358625763187434, 0.31868558887904336, -0.09187000519170146], [-0.7045298068355363, 0.20391520693103943, 0.3346392020837994, -0.70108225342458, -0.34385096470192084, -0.5897847923594448, -0.48211783558267635, -0.3812768608199919, 0.310313151088834, 0.6631230058789529, -0.11494167944018495, 0.326700620041524, -0.11494167944018495, -0.10510308683071044, 0.4362707067183229, -0.09140915857910667], [-0.43704800314007014, -0.47973633468107274, -0.6086388049584485, 0.051516632327012514, 0.4059682884218807, 0.017446339185139277, 0.5226598344552921, -0.4038018824671264, 0.4450366178102199, -0.09908368139767579, -0.409019102050392, 0.693196026844618, -0.409019102050392, 0.36162003914236135, 0.019721372784030945, 0.012316440677002237]], "inverted": true, "swapped": false, "error_lsq": 0.045641590274418005, "error_max": 0.3036223716621029, "target": "310.xyz", "model": "23.xyz", "model_rescale": 4.274766983524099, "target_rescale": 4.252932141130952},
{"mapping": [1, 3, 4, 8, 6, 11, 14, 13, 10, 5, 15], "R": [[-0.273143858845093, 0.1785816585439388, 0.9452518307873876], [0.12939084579960894, 0.9805087569237214, -0.14785326042790148], [-0.9532315780535567, 0.08192172378310342, -0.29092677734084776]], "T": [0.057430290349641686, -0.03000141827677734, 0.01934493243999804], "aligned_model": [[0.2464425013749873, 0.09764216661959102, -0.39549297493886454, -0.42883511998355456, -0.42663048969490436, -0.6164333336688887, -0.04557727906573657, -0.07385889223033505, 0.7070192281823297, 0.259028621855146, 0.05659027550830509], [-0.23344176080130336, 0.6748332738275624, 0.39979252832910916, -0.17377552477066227, 0.40984532904179855, -0.17436759159633142, -0.7154697391883634, 0.20827288443080322, -0.049305308952950495, 0.5554655987072304, 0.013736842216590474], [-0.655296220438499, -0.16141446902529538, -0.45657413387400125, -0.42608272323186513, 0.3046865460265577, 0.3541781713615245, 0.10519986712932605, 0.6770507439062557, 0.27906162888630626, 0.3907981383156932, -0.032041115034425485]], "inverted": true, "swapped": true, "error_lsq": 0.044994986400965616, "error_max": 0.24615031629162487, "target": "310.xyz", "model": "24.xyz", "model_rescale": 3.7841303162186577, "target_rescale": 4.252932141130952},
{"mapping": [2, 1, 8, 5, 3, 12, 13, 4, 6, 7, 9, 11, 14, 13, 7, 15], "R": [[0.3998408318293651, -0.8983345450048427, -0.18199547921018178], [-0.5523489523324209, -0.394608785170019, 0.73429867324129], [-0.7314628794814391, -0.1930775800490157, -0.6539748496870024]], "T": [-0.022393795991791247, 0.051167359609170446, -0.13514239443076462], "aligned_model": [[-0.12941201199827376, -0.5870222300290023, -0.16929118391337603, -0.27115326313765764, -0.36577684731114823, 0.29044767016861006, 0.31155844012287226, -0.6855487192846857, -0.583680151755383, -0.0706858253906303, 0.4141855372385826, 0.07365143968523152, 0.7293050653814345, 0.31155844012287226, -0.0706858253906303, -0.07146003587168884], [-0.5153994256955551, 0.24987457017184306, 0.08511751514556558, -0.7881500976607634, -0.38967228029144535, -0.6323276844838757, -0.2781634743344263, -0.2884195679695522, 0.16563400742857531, 0.6698156357760037, -0.19411701649313917, 0.3003965541018599, -0.18122714079975316, -0.2781634743344263, 0.6698156357760037, 0.05091001839122034], [-0.6212927900487056, -0.576443391200874, -0.7067421914913766, -0.08033656562651567, 0.4451595783317397, -0.03446147181386014, 0.4909702975657093, -0.1752747901777611, 0.3051773366892976, 0.05914540856419015, -0.4374249926105912, 0.5846406912825328, -0.03394664204735609, 0.4909702975657093, 0.05914540856419015, -0.08615150264394911]], "inverted": true, "swapped": false, "error_lsq": 0.047369098505651845, "error_max": 0.3130570140580668, "target": "310.xyz", "model": "25.xyz", "model_rescale": 4.19342608120988, "target_rescale": 4.252932141130952},
{"mapping": [5, 13, 6, 1, 4, 0, 8, 2, 11, 10, 14, 15], "R": [[-0.8041894045646034, -0.4638911758950602, -0.3715970647256611], [0.32437995821503535, -0.8664165963273138, 0.3796049582355382], [-0.4980532544763068, 0.18473564500466888, 0.847240046958516]], "T": [0.007502335804968084, 0.05084203555934279, -0.03692773529674721], "aligned_model": [[-0.019992092493452955, 0.4658657915203827, 0.12837678420148424, -0.4949635298806734, -0.5101682387401031, -0.4682664629241565, -0.18845016869911033, -0.3042578305928072, 0.504907417286018, 0.09523627954562042, 0.44687443174067487, -0.057353826332096035], [-0.6137767340468069, -0.4928013219418635, -0.524947845143026, 0.5793754396832872, -0.1391758472977605, -0.18716987301314475, 0.337394530404768, 0.4783090295561057, -0.06657588882732864, 0.015114504253973912, 0.5888501415025541, 0.03818029261022199], [0.24399386746288082, -0.006215041842258975, -0.4407286978436893, -0.016076630137832074, -0.5957404578653507, 0.5153125863056275, -0.6157378277263801, 0.47640968124308747, -0.6077589622023493, 0.656482308894536, -0.11005698657955462, -0.050625378499295395]], "inverted": true, "swapped": true, "error_lsq": 0.04762180548884845, "error_max": 0.23013870389272081, "target": "310.xyz", "model": "26.xyz", "model_rescale": 3.795458400668931, "target_rescale": 4.252932141130952},
