[{"mapping": [2, 9, 4, 3, 0, 12, 5, 11, 6, 8, 13], "R": [[-0.7476869195748805, -0.42537155302396534, -0.5099248103148211], [0.6292818908281725, -0.6990893084445233, -0.3395267893617208], [-0.212057945317657, -0.574746188066122, 0.7903785467300561]], "T": [0.011545356204672522, -0.18233880147650391, 0.012167418550632123], "aligned_model": [[-0.37248889941938684, 0.520001636000913, -0.11379987009522201, -0.5045766687870383, -0.02352941337445262, 0.431092849926321, -0.26035910295407955, 0.42738714443568515, -0.5144217651126964, 0.14411411158728454, 0.12792555879035317], [-0.05249894126415186, -0.15653535981910688, 0.6547009993290026, -0.18681612973944114, -0.6669925803109693, -0.5801843976537312, -0.14819322261341297, 0.09522870732626962, 0.3702061992519473, 0.5560388344410392, -0.0707352163920151], [-0.6412218579278047, -0.5146623126705919, -0.43174380311692917, -0.07028447437981615, -0.5872430499774636, -0.01644359485113049, 0.7173647703432268, 0.49909012911272593, 0.06314676388547627, 0.23080667279338102, -0.01107371949819036]], "inverted": true, "swapped": false, "error_lsq": 0.04872279265834876, "error_max": 0.22230708220826634, "target": "311.xyz", "model": "0.xyz", "model_rescale": 3.8414455957264533, "target_rescale": 3.821735750024231},
{"mapping": [8, 9, 6, 12, 13, 0, 1, 4, 10, 5, 14], "R": [[0.40832491599430365, 0.59810694542796, -0.6895932459131834], [-0.6437429005199733, 0.7242781924109098, 0.24701452999391912], [0.6471984556597586, 0.34305856909399635, 0.6807679319436273]], "T": [0.10264687377821399, -0.010713639079032295, -0.04132601374827198], "aligned_model": [[-0.37503357200940124, 0.4016797914646689, 0.07914628299209919, -0.6214054799034266, 0.009977043570603944, 0.4513340663842028, -0.1611609600767793, 0.48295259210624986, -0.46856077282181063, 0.015342116418806256, 0.04707447287246745], [-0.03357157226192958, -0.06232170674338698, 0.6893535035549195, -0.23207008320735137, -0.6323329502805342, -0.5907917418608332, -0.3014117579480245, 0.04095386840258479, 0.36191725391686463, 0.5912233418134419, -0.01672926283032154], [-0.6702944581899009, -0.6524116063499292, -0.3868414140138466, -0.13639997252782105, -0.46541177765693326, 0.2183738243201938, 0.7296460490734021, 0.3440507682791671, 0.015676990217587353, 0.21239141836659348, 0.028955702194371075]], "inverted": true, "swapped": false, "error_lsq": 0.040987610420694605, "error_max": 0.23229667301208257, "target": "311.xyz", "model": "1.xyz", "model_rescale": 4.316132596720782, "target_rescale": 3.821735750024231},
{"mapping": [9, 10, 7, 0, 1, 8, 4, 6, 5, 3, 11], "R": [[-0.42272316698436396, -0.7162186998070275, 0.5552800177761136], [0.6167388358670953, -0.6763002509822816, -0.40280414453503754], [0.6640318760631979, 0.17218810809122165, 0.7276076710727809]], "T": [-0.03001341494507053, -0.08700859712485264, -0.0938786390747682], "aligned_model": [[-0.3496158896480177, 0.5364167684445832, 0.047866246043316914, -0.6672659441296493, -0.10359397452462113, 0.5102863464850439, -0.1927570503706263, 0.5715971093535263, -0.5537844749523633, 0.057201729012031556, 0.004994715284456899], [0.022406771365132708, -0.03736325011647163, 0.7152771059972878, -0.35447473006747393, -0.5266395058240313, -0.6301584510659541, -0.08561807208865525, 7.093156202078732e-06, 0.2877796314235834, 0.49583814018703243, -0.07283584041122207], [-0.75405591870045, -0.3657756516638553, -0.48212280033144883, 0.06824828763089216, -0.40356853037427787, -0.10390459415213057, 0.6596744822812121, 0.45982616467682413, -0.06293445775807047, 0.19543124376462598, 0.026917298339562523]], "inverted": true, "swapped": false, "error_lsq": 0.04026425435850045, "error_max": 0.23175745281113375, "target": "311.xyz", "model": "2.xyz", "model_rescale": 3.795458400668931, "target_rescale": 3.821735750024231},
{"mapping": [9, 4, 7, 6, 5, 10, 2, 0, 8, 1, 11], "R": [[-0.036394084278639716, 0.41641174280708027, -0.9084474289037805], [0.5007174048866582, -0.7791101923262702, -0.3771861458973441], [-0.8648453914273289, -0.46860278345918105, -0.1801496052208223]], "T": [-0.019367079160519357, -0.034437245624063195, -0.038808005078600785], "aligned_model": [[-0.3166300979374589, 0.5230596025186598, 0.15407675981368937, -0.565748330639787, -0.1085884534378058, 0.36738518495837624, -0.10522172944874453, 0.6399145566760596, -0.6905103352446491, -0.13157231142910178, 0.09518073516844273], [0.051587265245229025, -0.18554006222564456, 0.5925998431941877, -0.1317545067206728, -0.5732160409957132, -0.6428708202775151, -0.3634425985181277, 0.2839287451430512, 0.35241526370656834, 0.39309719596482506, 0.03741460803924182], [-0.8504662607531137, -0.3452324935601509, -0.4388630270245745, 0.1594170572760556, -0.4810540582878635, 0.0999075558130784, 0.6482944386704496, 0.23723323232490534, -0.1411544894770459, 0.40940302676519735, -0.05974945803405382]], "inverted": false, "swapped": false, "error_lsq": 0.04767383889813963, "error_max": 0.24035628634822565, "target": "311.xyz", "model": "3.xyz", "model_rescale": 3.7530521520055578, "target_rescale": 3.821735750024231},
{"mapping": [6, 7, 0, 9, 8, 5, 3, 1, 4, 2, 10], "R": [[0.7334624205225236, -0.2932710024663133, 0.6132087709692716], [-0.030936018198672116, 0.8867984702959085, 0.46111976303217406], [-0.6790256552290587, -0.35718425524264164, 0.6413607154694675]], "T": [-0.037352880768642516, -0.05408952537473717, -0.005730949303518723], "aligned_model": [[-0.37459925604302646, 0.37138444167127654, 0.15763285290947648, -0.41639156604156236, -0.09494121135541211, 0.3760534131249835, -0.15030070100000428, 0.6040035540852422, -0.5276003187074176, -0.07539209152096771, -0.008503536124907382], [0.09340054663797424, -0.20520434224684958, 0.5798493369202808, -0.44060103642464776, -0.613571831576395, -0.6225967624384499, -0.17566406530675532, 0.23009626999790989, 0.4740586152940342, 0.4696515040423061, 0.024800657656021977], [-0.6467045085568575, -0.41712984808639175, -0.4959579052168306, 0.059860938424288385, -0.7303982007241989, 0.14741766990485475, 0.7375941520080159, 0.3587223782840925, -0.14865713834582486, 0.42508726709119915, -0.05209928106946275]], "inverted": true, "swapped": false, "error_lsq": 0.047919510987211075, "error_max": 0.26623760539512453, "target": "311.xyz", "model": "4.xyz", "model_rescale": 3.7855080009869324, "target_rescale": 3.821735750024231},
{"mapping": [15, 14, 13, 10, 9, 2, 5, 1, 8, 6, 16], "R": [[-0.15772976067126226, -0.9710286182939886, 0.1795125206013607], [-0.39723133955424733, 0.22882331431726557, 0.8887334548112839], [-0.9040622685824935, 0.06887171610268994, -0.4218152453936982]], "T": [0.05158428551933671, 0.043539534606010455, 0.04827711312852759], "aligned_model": [[-0.3555031042515466, 0.33810708624109975, 0.08504432449334354, -0.6104351633842409, -0.0707002831326713, 0.5182952854638222, -0.25204893934534633, 0.7018407114539446, -0.5012889649626627, -0.062142860899364806, 0.07017748932130309], [-0.01028756453267457, -0.17224178060581335, 0.6208179171344236, -0.25825896174397966, -0.5603014907139269, -0.5211095267923512, -0.3986406164121133, 0.09397979350289669, 0.3746624735953284, 0.6330864946055178, 0.012512154518122143], [-0.6663560845146402, -0.5253434123104438, -0.388183347546475, 0.008125015442691758, -0.308565316606505, -0.04731560401801657, 0.6544015421224145, 0.43262890485394, -0.2345631989561626, 0.30435832327437373, 0.00854870197170668]], "inverted": false, "swapped": false, "error_lsq": 0.03947601501801605, "error_max": 0.20417568931047364, "target": "311.xyz", "model": "5.xyz", "model_rescale": 4.2253639853439635, "target_rescale": 3.821735750024231},
{"mapping": [11, 9, 12, 5, 8, 1, 4, 0, 6, 7, 13], "R": [[0.5998819345840484, 0.3329635683579426, -0.7275142106557406], [0.7951073645419491, -0.34939835823549426, 0.4957066331142821], [-0.0891400213756745, -0.8758173607600428, -0.4743395484043655]], "T": [-0.075716935573129, -0.12216827942915108, -0.00010470800954241744], "aligned_model": [[-0.4243652320392294, 0.4510494823984791, 0.09653208430782081, -0.6331736715931499, 0.004702411761789579, 0.37271361966021155, -0.01972139085228161, 0.6015389118310724, -0.5277238172339935, 0.033062143076965506, -0.09326896032000373], [0.18149253215591266, -0.17324216636831358, 0.642969328845937, -0.3280197469006715, -0.6102607986098368, -0.6536656356045835, -0.3345157801131222, 0.19747277365706362, 0.33375633210105166, 0.6471019027168369, -0.08886984932484412], [-0.6260346287610392, -0.30425109785441606, -0.506304747541506, -0.2182982625807332, -0.5488881779617346, 0.23468536731288253, 0.6727135067641157, 0.28662994923536067, 0.039144440457196075, 0.16046214702606826, 0.04787702761668992]], "inverted": false, "swapped": false, "error_lsq": 0.05014918745080794, "error_max": 0.2298801564723805, "target": "311.xyz", "model": "6.xyz", "model_rescale": 3.89814844738969, "target_rescale": 3.821735750024231},
{"mapping": [5, 10, 9, 0, 2, 4, 7, 11, 6, 8, 12], "R": [[0.3921568015246703, 0.4691163840958208, 0.7912918937982387], [-0.9071337243493505, 0.054409213004974095, 0.41731048835160633], [0.15271361814198903, -0.881458709023311, 0.4468882356036473]], "T": [-0.09868060255395358, -0.07836573424208948, 0.02711403001917763], "aligned_model": [[-0.28603293126605156, 0.4041272444951929, 0.1760231206259141, -0.6107065456142278, -0.0004211774706121274, 0.3035083589419316, -0.11999649563414422, 0.5964617496792448, -0.5833368475453486, -0.03977362488673811, 0.02149272967251964], [0.17700562666023556, -0.12696053369046306, 0.6183293973293261, -0.3733080361566785, -0.6021258703669422, -0.5729596127355481, -0.27416736919155854, 0.21671004788460524, 0.3743743166673649, 0.5207931197106507, -0.14347219355556223], [-0.6815898411300327, -0.5055457839939512, -0.4598147503485686, 0.07011239792854375, -0.4393280882653244, 0.12259556222270535, 0.6535978941364148, 0.3187435246815409, -0.10521367502071159, 0.335700173627226, -0.07152189012495787]], "inverted": false, "swapped": false, "error_lsq": 0.03488195536785084, "error_max": 0.16955251978010139, "target": "311.xyz", "model": "7.xyz", "model_rescale": 3.7474275329858107, "target_rescale": 3.821735750024231},
{"mapping": [7, 0, 10, 9, 5, 3, 4, 1, 11, 12, 14], "R": [[-0.2104229235041123, 0.04802831647804867, -0.9764299637353757], [-0.12063373496910845, 0.9898835116853929, 0.07468691505744521], [0.9701390082103625, 0.1335062324750404, -0.20250034725633204]], "T": [0.019763622638850467, -0.010451066958521497, 0.03682538062038178], "aligned_model": [[-0.32969491528344314, 0.6006886465788037, 0.0433424968444905, -0.6844866393323356, -0.1728639788149996, 0.39144442264546964, -0.18610534689500635, 0.6853536404458936, -0.49464899314042277, -0.022827630435369492, 0.0311438783846002], [-0.02628204391593512, 0.04831092046679315, 0.48396210146324087, -0.24943997677996738, -0.5552454531541775, -0.5808973646111278, -0.3212857572152973, 0.13526681526683815, 0.31321789063744393, 0.5789018777078292, -0.012290117310210128], [-0.547559545918457, -0.2686028155586113, -0.5378597638462306, -0.12826946964537134, -0.386394595219279, -0.18807224361225888, 0.7247393349501133, 0.3539342689304208, -0.0939340251817785, 0.21428441976470064, 0.09546995904963541]], "inverted": false, "swapped": false, "error_lsq": 0.04699414062163223, "error_max": 0.2349902927345319, "target": "311.xyz", "model": "8.xyz", "model_rescale": 4.019505241142653, "target_rescale": 3.821735750024231},
{"mapping": [4, 0, 7, 5, 3, 2, 6, 1, 8, 9, 12], "R": [[-0.8894285197516929, -0.017644552635600552, -0.45673359632788396], [-0.4401268006516701, -0.23651781148622786, 0.8662261391795394], [-0.12330980334279179, 0.9714669292426044, 0.20259984646466872]], "T": [7.1371052355447e-05, -0.01337934386719895, 0.11511132489135677], "aligned_model": [[-0.23738119647724093, 0.35259755736274745, 0.10906253333954996, -0.5386067169020647, -0.09778061103841207, 0.27609312233717365, -0.15004891695957706, 0.6197177013554059, -0.3831818053299742, -0.05077784192647316, -0.038348244763453845], [-0.020447644240877205, 0.0006359163786858642, 0.5743065250939123, -0.39346318365028343, -0.6560741099541589, -0.5316838813516939, -0.4576556497131843, 0.18864488401559862, 0.5030108688535986, 0.6288959568341986, -0.021950789710366386], [-0.6793450858364761, -0.43094264544196204, -0.5648373761460128, -0.010931967018502645, -0.44687553882264774, 0.0433857265508472, 0.670218793007177, 0.29267804153859056, -0.09127443620937, 0.3436651633601207, 0.11199484873111956]], "inverted": false, "swapped": false, "error_lsq": 0.041067814344395236, "error_max": 0.18856271818436698, "target": "311.xyz", "model": "9.xyz", "model_rescale": 3.877068213659057, "target_rescale": 3.821735750024231},
{"mapping": [6, 11, 14, 3, 12, 0, 1, 8, 13, 2, 15], "R": [[0.32143195027321514, -0.8042410588328642, 0.49987780569950363], [0.6489592553179558, -0.19733731511225663, -0.734785593898962], [0.6895892881133825, 0.5605838950163298, 0.4584891605780871]], "T": [-0.0625061167269049, 0.041696413352410866, -0.03546307730005249], "aligned_model": [[-0.3576642247406209, 0.5617381162987266, 0.00023460563210295216, -0.6377357846721553, -0.030672667284801003, 0.3814624408432685, 0.025844659366140527, 0.6080097758765979, -0.5886764538869133, -0.08735815347213838, -0.013836732962526702], [-0.04243304668218467, -0.21676749097580944, 0.7070833821199451, -0.22630592396200683, -0.5935195053596343, -0.6121077278837073, -0.469023079523711, 0.10145783245421391, 0.566459997521775, 0.6331425416446426, -0.03376808679809337], [-0.5703541880440045, -0.33239880091268514, -0.43900406678043685, -0.042312824582323806, -0.4274867804417881, 0.06044365043763933, 0.6604294073292528, 0.3415779633853937, -0.2485509769713313, 0.2644189187371345, -0.029026778443966686]], "inverted": true, "swapped": false, "error_lsq": 0.043436270458811495, "error_max": 0.24345960366892147, "target": "311.xyz", "model": "10.xyz", "model_rescale": 4.260839863003843, "target_rescale": 3.821735750024231},
{"mapping": [0, 7, 1, 5, 6, 10, 4, 8, 3, 2, 11], "R": [[-0.6704352617706334, 0.1550647140120752, -0.7255835542808944], [0.09312613494811947, 0.9877703897246987, 0.1250487111998423], [0.7361005928296533, 0.016266273435247842, -0.676676677287139]], "T": [0.05605575614124316, -0.02050455587700478, 0.021732830452840565], "aligned_model": [[-0.18642134545720615, 0.43560103600879113, 0.09393912428459994, -0.5225623504759853, -0.19868289813459403, 0.31331274969208306, -0.23902383992854906, 0.7031118463358728, -0.5512468738170883, -0.05807673337991396, 0.07139486586967098], [-0.01952551718230495, -0.10629542097711923, 0.6303464550330267, -0.36798158580378043, -0.6235201268408299, -0.5827953119883404, -0.2182869788162848, 0.2225591184428114, 0.334493622609723, 0.5372112977774984, 0.008013340301030288], [-0.8216165432581248, -0.5057052581204857, -0.2916654068695742, 0.054469699818402786, -0.5024196033363532, 0.12652661320318387, 0.6619773179424068, 0.21628840972758828, -0.07309796797027741, 0.40420364967906713, -0.031225387102949115]], "inverted": true, "swapped": false, "error_lsq": 0.04289925125112486, "error_max": 0.2295229860896747, "target": "311.xyz", "model": "11.xyz", "model_rescale": 3.890672605050136, "target_rescale": 3.821735750024231},
{"mapping": [5, 12, 7, 6, 9, 11, 1, 4, 8, 3, 13], "R": [[0.5186700248692777, 0.681572006946074, 0.516179236941592], [0.6175602692936175, -0.7161821686375952, 0.3251190783629068], [0.5912704280547926, 0.15014226810945797, -0.7923740153708034]], "T": [-0.01122408660814337, -0.143829008634178, 0.0226146942878145], "aligned_model": [[-0.18661584358033736, 0.4602583259717802, 0.1481651892030276, -0.4977642249236394, -0.13552551327663437, 0.20541019331566046, -0.193694174919476, 0.536283328584326, -0.5631820347069806, -0.0019090964355978346, 0.08991943176555214], [0.04748208251174438, 0.012472272213351926, 0.5484961929066883, -0.4390112714489943, -0.6095829290433897, -0.6448243769987538, -0.31975864976125823, 0.18699482470507997, 0.3173303163027932, 0.7366520886795973, -0.02203165751142888], [-0.7106042224252114, -0.53272879489551, -0.44881403239755685, 0.11319322082153561, -0.5884850168666164, 0.09215168828662199, 0.7581768729204503, 0.3087060528240717, -0.02057727709960025, 0.3014146660117207, -0.0346976334670214]], "inverted": false, "swapped": false, "error_lsq": 0.04496844246824121, "error_max": 0.21787462377196004, "target": "311.xyz", "model": "12.xyz", "model_rescale": 4.124412569039231, "target_rescale": 3.821735750024231},
{"mapping": [6, 0, 3, 8, 1, 4, 10, 5, 9, 7, 12], "R": [[0.07090744835001966, -0.775632413357302, 0.6271893598571461], [-0.5406183387846586, -0.5582968066686423, -0.629314299403178], [0.8382743855911412, -0.2944469986485241, -0.45890850879959794]], "T": [-0.011809002797294167, 0.009466147958931446, -0.06661444144786294], "aligned_model": [[-0.4123615809439395, 0.49846118605638795, 0.07883931628043764, -0.6585312742804755, -0.09004409067458721, 0.4574837708033071, -0.13380059023543872, 0.6229695304059367, -0.5021776714682401, 0.030463365810254626, -0.029956380755962332], [0.03007473383851038, -0.007537066557958407, 0.5007663773263703, -0.2946195161772532, -0.6026343720758209, -0.5809484257868032, -0.18994561974860483, 0.1615691984679831, 0.41824849649833595, 0.44252525194720466, -0.06328016517653366], [-0.6021008867592257, -0.34248147183994426, -0.5756923752043854, -0.13125447032264093, -0.5977232093163201, 0.15576177019453374, 0.633358895038312, 0.317659880986525, -0.033799318274469775, 0.3847729019959089, 0.02923380721459079]], "inverted": false, "swapped": false, "error_lsq": 0.03981110300603615, "error_max": 0.1765370773312763, "target": "311.xyz", "model": "13.xyz", "model_rescale": 3.9028299243045295, "target_rescale": 3.821735750024231},
{"mapping": [3, 2, 0, 7, 6, 1, 14, 12, 4, 5, 15], "R": [[-0.4720367343363647, -0.4478247030069439, 0.7593644426846722], [-0.6837851413264181, 0.7296644919052246, 0.005254498444266398], [-0.5564343644476595, -0.5167618064731883, -0.6506443217552094]], "T": [0.03595332967328977, 0.003942844492332575, 0.005762917951029137], "aligned_model": [[-0.24598522177415336, 0.5574378064355927, 0.01966415992597146, -0.8134391941947049, -0.05754092178907478, 0.43698782225338695, -0.15531461843664354, 0.5706276219378271, -0.4588837567791104, 0.049375500859022044, -0.04158361744043231], [-0.007287913891062734, 0.04253790706770352, 0.577275444818261, -0.30952072184801604, -0.5500976936997606, -0.4970649252706845, -0.33908403204758675, 0.06887489446659706, 0.44559661156293856, 0.46129785523398303, -0.07830853383694263], [-0.5501812955380604, -0.5126135197817585, -0.5927692880305547, -0.024251891918736432, -0.35299350252468137, -0.0960275832802628, 0.7987318875709225, 0.44638465940104183, -0.1336697962388309, 0.23543240466034, 0.019693449393464332]], "inverted": true, "swapped": false, "error_lsq": 0.04392287653920702, "error_max": 0.20716241679367992, "target": "311.xyz", "model": "14.xyz", "model_rescale": 3.942246331269136, "target_rescale": 3.821735750024231},
{"mapping": [7, 5, 9, 8, 0, 1, 13, 3, 6, 10, 14], "R": [[0.42641900408577976, -0.6286219839679681, -0.6503854505035206], [0.8591009135024967, 0.5064657694917737, 0.07374309969265874], [0.2830414340227726, -0.5901921937854493, 0.7560163497048534]], "T": [-0.004873943896690235, 0.024386198515146538, 0.05600726765918097], "aligned_model": [[-0.41524075232924273, 0.5335879505585998, -0.00263420985714604, -0.6906444736813662, -0.12823993121599667, 0.561666301688014, -0.20249319782480746, 0.6392514921268055, -0.47058770237725417, 0.026582106493180525, 0.010097997416893913], [0.026340383805625058, 0.0070570461420866905, 0.6055635023242153, -0.3110234172567993, -0.5191895479705576, -0.5498659557490191, -0.2734377688865193, -0.10386062044431682, 0.2725471798733321, 0.7190913540231797, -0.059003263305796305], [-0.6940425785682349, -0.2794596411213508, -0.5011194964268888, -0.07072116803838398, -0.4236006178822265, -0.020856568027092445, 0.7861972165240925, 0.34790297950669447, -0.1292390867763923, 0.21536780181865056, 0.0073066827040161805]], "inverted": false, "swapped": false, "error_lsq": 0.04338426950109041, "error_max": 0.21560376366282735, "target": "311.xyz", "model": "15.xyz", "model_rescale": 4.355366556412066, "target_rescale": 3.821735750024231},
{"mapping": [9, 10, 7, 0, 1, 8, 4, 6, 5, 3, 11], "R": [[-0.42272316698436396, -0.7162186998070275, 0.5552800177761136], [0.6167388358670953, -0.6763002509822816, -0.40280414453503754], [0.6640318760631979, 0.17218810809122165, 0.7276076710727809]], "T": [-0.03001341494507053, -0.08700859712485264, -0.0938786390747682], "aligned_model": [[-0.3496158896480177, 0.5364167684445832, 0.047866246043316914, -0.6672659441296493, -0.10359397452462113, 0.5102863464850439, -0.1927570503706263, 0.5715971093535263, -0.5537844749523633, 0.057201729012031556, 0.004994715284456899], [0.022406771365132708, -0.03736325011647163, 0.7152771059972878, -0.35447473006747393, -0.5266395058240313, -0.6301584510659541, -0.08561807208865525, 7.093156202078732e-06, 0.2877796314235834, 0.49583814018703243, -0.07283584041122207], [-0.75405591870045, -0.3657756516638553, -0.48212280033144883, 0.06824828763089216, -0.40356853037427787, -0.10390459415213057, 0.6596744822812121, 0.45982616467682413, -0.06293445775807047, 0.19543124376462598, 0.026917298339562523]], "inverted": true, "swapped": false, "error_lsq": 0.04026425435850045, "error_max": 0.23175745281113375, "target": "311.xyz", "model": "16.xyz", "model_rescale": 3.795458400668931, "target_rescale": 3.821735750024231},
{"mapping": [5, 10, 9, 0, 2, 4, 7, 11, 6, 8, 12], "R": [[0.3921568015246703, 0.4691163840958208, 0.7912918937982387], [-0.9071337243493505, 0.054409213004974095, 0.41731048835160633], [0.15271361814198903, -0.881458709023311, 0.4468882356036473]], "T": [-0.09868060255395358, -0.07836573424208948, 0.02711403001917763], "aligned_model": [[-0.28603293126605156, 0.4041272444951929, 0.1760231206259141, -0.6107065456142278, -0.0004211774706121274, 0.3035083589419316, -0.11999649563414422, 0.5964617496792448, -0.5833368475453486, -0.03977362488673811, 0.02149272967251964], [0.17700562666023556, -0.12696053369046306, 0.6183293973293261, -0.3733080361566785, -0.6021258703669422, -0.5729596127355481, -0.27416736919155854, 0.21671004788460524, 0.3743743166673649, 0.5207931197106507, -0.14347219355556223], [-0.6815898411300327, -0.5055457839939512, -0.4598147503485686, 0.07011239792854375, -0.4393280882653244, 0.12259556222270535, 0.6535978941364148, 0.3187435246815409, -0.10521367502071159, 0.335700173627226, -0.07152189012495787]], "inverted": false, "swapped": false, "error_lsq": 0.03488195536785084, "error_max": 0.16955251978010139, "target": "311.xyz", "model": "17.xyz", "model_rescale": 3.7474275329858107, "target_rescale": 3.821735750024231},
{"mapping": [7, 1, 11, 9, 2, 0, 4, 8, 12, 10, 13], "R": [[0.15941450146920855, 0.3225538274219449, 0.9330305703120227], [0.9621834001149241, -0.2622316524565499, -0.07374052476889209], [0.22088485974508992, 0.9095018355480993, -0.352159466534737]], "T": [-0.0020935520237106847, 0.022969049851182834, -0.05759818136766849], "aligned_model": [[-0.38460307951840644, 0.45969778146958523, 0.11820325957892856, -0.6067308346875229, -0.014854224806565744, 0.5077496886235039, -0.09054885502455905, 0.4320374573945264, -0.6410691555651257, 0.0631171796266064, 0.018346363906710184], [0.1063297127282577, -0.08741387057097753, 0.5825532569993399, -0.24127008511612238, -0.5958998399091222, -0.6210344859901201, -0.3872120921484343, 0.08101903725982372, 0.4107182204063609, 0.6466968152748116, -0.08026777637838707], [-0.7011482907583644, -0.5606715279079473, -0.4982010116294158, 0.05337749984550026, -0.4049757660311855, 0.09880420535042254, 0.6587487402698325, 0.5125026139677347, -0.08204571961093142, 0.23076028578863655, -0.06941550557139804]], "inverted": true, "swapped": false, "error_lsq": 0.03824350775818753, "error_max": 0.2258369879201475, "target": "311.xyz", "model": "18.xyz", "model_rescale": 3.922800546911778, "target_rescale": 3.821735750024231},
{"mapping": [11, 13, 7, 10, 4, 8, 1, 5, 9, 3, 14], "R": [[-0.8463305509513054, 0.09814780933548004, 0.5235375880002375], [0.18017013342094285, 0.9776920247338801, 0.10796771644730661], [-0.5012617295879866, 0.1857022140266847, -0.8451339338566686]], "T": [0.051645365163712674, -0.05420660583624333, 0.04965438294458259], "aligned_model": [[-0.2488072152397077, 0.35340682630971554, 0.04160921362984401, -0.6812391094686384, -0.13290860481471595, 0.4928397883525312, -0.10146210821123489, 0.6193401848455168, -0.597919047269985, 0.07883773643932354, 0.03764791642503174], [-0.002207134164475495, -0.12479959719849434, 0.574119459336741, -0.3171895063562722, -0.5755225308424229, -0.47765355299172096, -0.35859181123482625, 0.0817317609145592, 0.4175682107530839, 0.5703577419984396, 0.026405852340818173], [-0.5939820941475631, -0.5633467564978689, -0.4436169932220051, -0.16087112178166535, -0.4172895939866098, 0.07041053657213876, 0.7068383543460829, 0.5413627033310525, -0.08539295115259855, 0.1850397364483935, -0.001416296196472884]], "inverted": false, "swapped": false, "error_lsq": 0.041127317942318324, "error_max": 0.1939489761048695, "target": "311.xyz", "model": "19.xyz", "model_rescale": 3.9282355846067225, "target_rescale": 3.821735750024231},
{"mapping": [5, 1, 3, 7, 2, 10, 9, 11, 6, 4, 13], "R": [[0.6034701487575113, 0.693516222814192, -0.3935213186755242], [0.7785294092289514, -0.4057587701537321, 0.4788024429855711], [0.17238253543850507, -0.5953109012414161, -0.784786080622564]], "T": [-0.1122081157619588, 0.017126273805524724, 0.05698347482547643], "aligned_model": [[-0.33265922764620603, 0.33594513000870996, 0.11276764199652542, -0.5724292099097517, -0.01966889827770113, 0.4360020132520994, -0.11102172349103417, 0.4680284562433593, -0.6172221011951167, 0.14294077649831768, 0.018662723518478863], [0.08758347031444325, -0.02916828558673099, 0.5554458586316455, -0.3955169420061664, -0.5635290419117972, -0.6466353702003864, -0.17765509677940639, 0.06981639987363325, 0.3710020016914414, 0.5650590958029335, -0.02218319727417967], [-0.6018998554976506, -0.5417788138855814, -0.4183616652098307, -0.020604522478341297, -0.5200712088194068, 0.09045709704394993, 0.7206728866622331, 0.47401158232951346, -0.15883334052308506, 0.24147333984825187, -0.02732997575716853]], "inverted": true, "swapped": false, "error_lsq": 0.039838521930542437, "error_max": 0.18781220150511588, "target": "311.xyz", "model": "20.xyz", "model_rescale": 4.067790424073018, "target_rescale": 3.821735750024231},
{"mapping": [12, 0, 3, 10, 9, 7, 5, 4, 11, 6, 14], "R": [[-0.273772420512691, -0.03322195260370242, -0.9612205593056258], [-0.3152109214970527, -0.9411077045572074, 0.1223043882779491], [-0.9086752647319072, 0.33647078667881675, 0.2471774119456247]], "T": [0.034910561168360874, -0.02377066477493085, 0.04107985857536757], "aligned_model": [[-0.2760088431753141, 0.5946889449411878, 0.05388315875001484, -0.6933325566643129, -0.26349245009474903, 0.34665905063065167, 0.047367065680689324, 0.5687253564711853, -0.4884032655428363, 0.0023791221978579496, -0.031120002196693697], [-0.02096079473243853, -0.06347682480501927, 0.6351950598618377, -0.3812254185776783, -0.6052916619657691, -0.6599246452012271, -0.1873594180443732, 0.19979638210291004, 0.3087654974549675, 0.6438607925319177, -0.05516007606969718], [-0.6591594544673993, -0.3942701287191146, -0.49664612270670083, -0.07370202965980845, -0.3794422837241453, -0.1929819916150165, 0.6081333623622411, 0.5956355677718412, -0.1422084213593895, 0.3585177980032405, 0.013859227827136188]], "inverted": false, "swapped": false, "error_lsq": 0.04896542468518244, "error_max": 0.24900356123535228, "target": "311.xyz", "model": "21.xyz", "model_rescale": 4.186013935880536, "target_rescale": 3.821735750024231},
{"mapping": [2, 9, 1, 5, 8, 11, 3, 4, 0, 6, 12], "R": [[-0.6396970161539026, 0.33826009073997165, 0.6901940586069836], [-0.7523773975510198, -0.45923432121476604, -0.47226273394453677], [0.15721316477365632, -0.8213914713649028, 0.5482700717628601]], "T": [0.10742428761085585, 0.040841615059219474, -0.10078636280045233], "aligned_model": [[-0.44974198476867644, 0.5039835699236275, 0.01981131022301999, -0.5887101349426307, 0.08937576071145188, 0.2989364472587164, -0.2202898874864019, 0.5579167855607462, -0.4383348222622355, -0.01999309663624138, 0.10839163341630506], [-0.14391662706376002, -0.042611946589323005, 0.6099786278785889, -0.2534343343154152, -0.5431790487312369, -0.5341625897966917, -0.2160233411628376, 0.06674045522081558, 0.5136489430625827, 0.3320217249459605, 0.025157029106747067], [-0.5536984290509719, -0.5711341053251557, -0.5519296468739598, 0.06455361261577156, -0.5970345322138342, 0.07714406128967677, 0.7232054262617647, 0.4684252921554331, -0.12050096609909217, 0.3561948215115145, -0.057490010558262514]], "inverted": false, "swapped": false, "error_lsq": 0.048355859456899214, "error_max": 0.2649698630120916, "target": "311.xyz", "model": "22.xyz", "model_rescale": 4.166573947596378, "target_rescale": 3.821735750024231},
{"mapping": [4, 7, 8, 2, 1, 5, 12, 10, 3, 9, 15], "R": [[-0.6184756865422413, 0.3793322306695528, 0.6881823042852562], [0.11202955556732458, -0.8242582394781687, 0.5550204801011744], [0.777777091354259, 0.42036343017395267, 0.4672872593350875]], "T": [-0.04475553714540502, -0.00875257145314053, 0.06963701098569657], "aligned_model": [[-0.33864384602713166, 0.5817113309100582, 0.09495020690032728, -0.6152839776800486, -0.14743609797724794, 0.47095388814390293, -0.22427441396973974, 0.6736145269182938, -0.5384984045589567, -0.05790288537150755, -0.03784474629026913], [0.09565646732959619, -0.07841940943752591, 0.5863009370260768, -0.3153317347353428, -0.575345781716205, -0.6388233087480791, -0.1986451844699837, 0.15455380867513532, 0.3021714268778812, 0.5508975277014905, -0.06879585594761328], [-0.5956313017180559, -0.2681135516552147, -0.4599597859725068, -0.1128890265305555, -0.35051522020937237, -0.09804314846595112, 0.6705489210145973, 0.20460630516253897, -0.07517631766936596, 0.2865888029417148, 0.03631984681505532]], "inverted": false, "swapped": false, "error_lsq": 0.042845964386049415, "error_max": 0.20494972177948279, "target": "311.xyz", "model": "23.xyz", "model_rescale": 4.274766983524099, "target_rescale": 3.821735750024231},
{"mapping": [7, 4, 5, 8, 9, 1, 0, 2, 6, 3, 10], "R": [[0.6344512551861508, -0.70747811987419, 0.31136203155169573], [0.7471793598740384, 0.6645027262098728, -0.012614715132284071], [-0.19797628385980948, 0.24064670527336957, 0.9502076374509585]], "T": [-0.09651416946583433, -0.0041353965402091235, -0.005318047955563926], "aligned_model": [[-0.31028080451634754, 0.4962852034695312, 0.04125954231522991, -0.7061296672993964, 0.05553502940852956, 0.27565534127981073, -0.23934864867302005, 0.8222200424505264, -0.6039329974989674, 0.12369725688678487, -0.09361471682500004], [-0.022998835102391823, 0.08083686141228603, 0.6165552454428096, -0.3966322808973343, -0.6473814133811865, -0.5223124862410954, -0.14900516117023094, 0.05097252986876666, 0.4372960658635903, 0.4476426603612861, -0.08075429360107006], [-0.6011204253480927, -0.36455226923244943, -0.517179826084276, -0.1443369972950125, -0.5445592360904823, 0.1287182884770471, 0.7051609489232331, 0.2799223507804144, 0.046445385800639866, 0.24651085983298546, 0.0027264439488771334]], "inverted": true, "swapped": false, "error_lsq": 0.0513234615333007, "error_max": 0.23610537367326362, "target": "311.xyz", "model": "24.xyz", "model_rescale": 3.7841303162186577, "target_rescale": 3.821735750024231},
{"mapping": [10, 11, 14, 8, 7, 6, 4, 3, 9, 12, 15], "R": [[0.7186169533309883, 0.010659419304862527, 0.695324421522336], [-0.6425550269459822, 0.39252638458082634, 0.6580623638792551], [-0.2659186186255791, -0.9196789734401827, 0.2889253780481657]], "T": [-0.12492497951083689, -0.07454791005259812, -0.053227409527425704], "aligned_model": [[-0.27239499480075646, 0.5404082296621818, -0.11373900934421499, -0.6679816811364607, 0.005544159882696298, 0.38000093556026837, -0.026910721849740055, 0.5453475083704848, -0.46106582378671745, 0.001484602126305884, -0.06934762368636677], [0.038106906538006025, -0.14877138766236947, 0.6361062486047747, -0.2255338193777799, -0.5254279749172079, -0.5461911609246046, -0.3276223555504061, -0.002810100799445797, 0.40051372960861453, 0.6242346155187994, -0.10838580848295062], [-0.8087514608762406, -0.4290600389061555, -0.4055688677252573, 0.12495917145893577, -0.5032168881531545, 0.15802816185359414, 0.6417912040286978, 0.3878965711697166, -0.11210422888803592, 0.2130346907694759, -0.029272791018692148]], "inverted": false, "swapped": false, "error_lsq": 0.0401008912016192, "error_max": 0.1891188092680162, "target": "311.xyz", "model": "25.xyz", "model_rescale": 4.19342608120988, "target_rescale": 3.821735750024231},
{"mapping": [9, 10, 7, 0, 1, 8, 4, 6, 5, 3, 11], "R": [[-0.42272316698436396, -0.7162186998070275, 0.5552800177761136], [0.6167388358670953, -0.6763002509822816, -0.40280414453503754], [0.6640318760631979, 0.17218810809122165, 0.7276076710727809]], "T": [-0.03001341494507053, -0.08700859712485264, -0.0938786390747682], "aligned_model": [[-0.3496158896480177, 0.5364167684445832, 0.047866246043316914, -0.6672659441296493, -0.10359397452462113, 0.5102863464850439, -0.1927570503706263, 0.5715971093535263, -0.5537844749523633, 0.057201729012031556, 0.004994715284456899], [0.022406771365132708, -0.03736325011647163, 0.7152771059972878, -0.35447473006747393, -0.5266395058240313, -0.6301584510659541, -0.08561807208865525, 7.093156202078732e-06, 0.2877796314235834, 0.49583814018703243, -0.07283584041122207], [-0.75405591870045, -0.3657756516638553, -0.48212280033144883, 0.06824828763089216, -0.40356853037427787, -0.10390459415213057, 0.6596744822812121, 0.45982616467682413, -0.06293445775807047, 0.19543124376462598, 0.026917298339562523]], "inverted": true, "swapped": false, "error_lsq": 0.04026425435850045, "error_max": 0.23175745281113375, "target": "311.xyz", "model": "26.xyz", "model_rescale": 3.795458400668931, "target_rescale": 3.821735750024231},
{"mapping": [6, 7, 0, 8, 5, 10, 11, 4, 1, 9, 12], "R": [[0.4740857781367039, -0.2204437785486783, 0.8524360477289175], [-0.776254358378333, 0.35226881527479686, 0.5228153143161872], [-0.41553802000197115, -0.9095665023977481, -0.004114808472952723]], "T": [-0.047671127476280294, 0.12272204648823153, 0.037293624053426636], "aligned_model": [[-0.49650202981384045, 0.49801025335525856, 0.1671495206358638, -0.62710275205449, -0.06762541794074081, 0.4408894971212919, -0.08805070318879743, 0.5614684564988167, -0.5480615007655371, -0.011859674534181318, 0.03302993168403665], [-0.08789826472947197, -0.11185925566593281, 0.6456550754314112, -0.3181145667306283, -0.482434271489287, -0.3951413184095793, -0.29263930506762365, -0.046094469637340804, 0.38529613622812126, 0.4465106203397578, 0.07093851228600381], [-0.6225373128427417, -0.5171534355680107, -0.5723508038534509, 0.011336293864165365, -0.4101972976245295, 0.06579765707998216, 0.6181714332631646, 0.5843888020201634, -0.1388242122606042, 0.31703062446055685, -0.09792622482581152]], "inverted": true, "swapped": false, "error_lsq": 0.04564083551791897, "error_max": 0.2488100593415171, "target": "311.xyz", "model": "27.xyz", "model_rescale": 3.6321398670334006, "target_rescale": 3.821735750024231},
{"mapping": [0, 8, 10, 1, 3, 7, 6, 12, 11, 9, 14], "R": [[-0.5197507127399398, -0.7444997109296154, -0.4190219290586641], [0.1254670746717143, -0.551676833447751, 0.824566967935525], [-0.8450545602383597, 0.37599581362401086, 0.3801446282108573]], "T": [-0.09999315541376658, -0.04202785300044043, -0.06861082622947683], "aligned_model": [[-0.26205447249296554, 0.37711123084643444, 0.0879129866536261, -0.5889602291151632, -0.05691230834141264, 0.4305559982497395, -0.060126903707686974, 0.6127451953209204, -0.5170966470287992, -0.006157000964232773, -0.1556722684227794], [0.07135171182805733, -0.021155340401906364, 0.6028674231740823, -0.4905354446355277, -0.5664813449749987, -0.605252983007636, -0.059380137846192504, -0.03632254583947815, 0.44045969611049846, 0.5288305045205114, -0.050162646371979785], [-0.6604662967674302, -0.266007276612112, -0.46036712488687104, 0.015170658765071357, -0.5098054038632838, -0.021894314382253685, 0.7072867297186689, 0.35029396453108125, -0.1444809695941816, 0.2658853217107253, -0.03787976490653035]], "inverted": true, "swapped": false, "error_lsq": 0.0447664055609718, "error_max": 0.2517623953637, "target": "311.xyz", "model": "28.xyz", "model_rescale": 4.156811204709835, "target_rescale": 3.821735750024231},
{"mapping": [4, 1, 0, 2, 7, 5, 3, 6, 9, 10], "R": [[0.15650546128714224, 0.9434969442259299, -0.29209511605576644], [-0.9148501447733807, 0.24993754710069196, 0.31714418669969985], [0.37223010785725474, 0.2175884619772433, 0.9022749071203049]], "T": [-0.10729629378953241, 0.06209334377966183, 0.03255269557020603], "aligned_model": [[-0.5937817764926974, 0.03526664039572723, 0.07552673717499371, 0.6541373720576079, -0.02611368052279195, -0.628581605024718, -0.4869154353639228, -0.6233007754536376, 0.32505280051382435, -0.08836490317379783], [-0.18209812432399633, -0.5383727574843995, 0.15348171130792518, 0.01736729855159652, -0.35713978788684664, -0.4283104763627411, 0.5627200637190053, 0.3414635652237503, 0.31401007215420307, 0.03559876572770693], [-0.557150818615093, -0.19400283301715637, -0.7481692179030873, -0.2380901262548505, 0.6467756204349158, 0.08702187375314058, -0.25614609789023507, 0.5750937575365287, 0.429289042302087, 0.014165526628849477]], "inverted": false, "swapped": true, "error_lsq": 0.05197496238775977, "error_max": 0.23583153431571027, "target": "311.xyz", "model": "29.xyz", "model_rescale": 4.117894457231895, "target_rescale": 3.821735750024231},
{"mapping": [9, 12, 10, 5, 2, 3, 1, 4, 6, 7, 14], "R": [[0.760530545934024, 0.5410487840582026, -0.3589700572059399], [0.49136387966768114, -0.11818227695868375, 0.862898885832393], [0.4244464942242071, -0.832645880721211, -0.35573306123943366]], "T": [0.010171045622462356, 0.00046422352598964045, -0.10229843243815492], "aligned_model": [[-0.37153150226743575, 0.7296036494177233, -0.026651516046257977, -0.7507183222174445, -0.1410211509327576, 0.31090155929506647, -0.060013686308267165, 0.5756392206124641, -0.5256460281643145, 0.10766325945930766, 0.013120098149597074], [0.0034094271358893896, 0.002825593046455757, 0.6664645071067419, -0.3415463376665388, -0.7850531092402665, -0.4565261690978004, -0.24964888666546314, 0.021490581091893793, 0.3467422312217343, 0.5512719350684191, 0.054789120554364815], [-0.5963819307665429, -0.36723064148747253, -0.3657537150112392, -0.0970147338365049, -0.3589388280650977, -0.080454892029559, 0.7179124937100744, 0.42621999440966774, -0.1714435556530933, 0.2355029796380577, -0.10468164719540635]], "inverted": false, "swapped": false, "error_lsq": 0.04698879991023759, "error_max": 0.2609251527124087, "target": "311.xyz", "model": "30.xyz", "model_rescale": 4.100398675895297, "target_rescale": 3.821735750024231},
