[{"mapping": [3, 12, 5, 9, 8, 11, 13, 4, 7, 1, 2, 0, 10, 14], "R": [[-0.8914491829104172, -0.1626452456765745, -0.4229241992924462], [0.4242127373287436, 0.02847223492995149, -0.9051148464842174], [0.15925422373175668, -0.9862737226028588, 0.043614634318026924]], "T": [-0.043616012070756646, 0.15615575158571304, 0.19858372894865195], "aligned_model": [[0.10562173236501406, 0.22997829201042091, -0.5188189819399903, -0.3825679807063605, -0.5383212309559006, 0.0217804636682946, -0.772857759923159, -0.05785188220091565, -0.3658823614782656, 0.32179044026724873, 0.6161616661585563, 0.3190439073133318, 0.5435952024837315, -0.15017940593370233], [-0.6206390084043619, -0.3667034727299091, -0.403839202333385, -0.4183282945714526, 0.24464244893233064, 0.173486034714142, 0.16969581246671828, 0.5692171352504581, 0.7151896565135996, -0.11718349856586263, 0.38399378965912645, 0.7720483428613977, 0.04390270271959104, 0.08979088529764252], [0.24237041934349235, -0.37448498148568443, 0.46920151531248455, -0.29130252093649245, 0.529742395261061, -0.558250885637522, -0.13717805358283358, 0.7419506780786681, 0.03180721816791046, 0.6128574309731338, 0.4980823299889914, -0.003327716313533874, 0.0022547824052188414, 0.13386547560493883]], "inverted": false, "swapped": true, "error_lsq": 0.04160590332301347, "error_max": 0.21350544494755394, "target": "314.xyz", "model": "0.xyz", "model_rescale": 3.8414455957264533, "target_rescale": 3.921279096737007},
{"mapping": [5, 7, 2, 0, 6, 13, 9, 10, 8, 11, 4, 1, 1, 12, 14], "R": [[0.8113948938207916, 0.5674315315094903, -0.14021334933001386], [-0.33384773154904, 0.25300536295069165, -0.9080385335753921], [-0.47977496643854445, 0.783587738142311, 0.39472298921130833]], "T": [-0.04368002443353128, -0.06789536833116545, 0.039744165015859895], "aligned_model": [[-0.04721567353424607, -0.4388107064088934, -0.36561770178642716, -0.5580834287143405, 0.29227427653577764, 0.20146083522044808, 0.10083876229651553, 0.41346720386506386, 0.7122411762608327, 0.11262609593631837, -0.5685865068606916, -0.36502607113812024, -0.36502607113812024, 0.5389926114278851, -0.04579254567816239], [0.07306734331056598, -0.530256668127505, -0.46474567238126113, 0.0034928426968035137, -0.43279043950020946, -0.2173784567036267, -0.7074035776994276, 0.2761738330090229, -0.22775278359588652, 0.5290930507078816, -0.03268033219302712, 0.7280448675140699, 0.7280448675140699, 0.36377829213245344, 0.02131350895248317], [-0.604025823485111, 0.24722615157721434, -0.4926754962424371, 0.5455210234205394, -0.5635911219352713, 0.7414618902145815, 0.22856484827411805, -0.335774272292386, 0.20506549644724104, 0.6274844362225882, -0.09827873447522298, 0.14797424585619065, 0.14797424585619065, 0.2773151947045027, 0.029678752199171172]], "inverted": false, "swapped": false, "error_lsq": 0.04596070662443869, "error_max": 0.34682971056571454, "target": "314.xyz", "model": "1.xyz", "model_rescale": 4.316132596720782, "target_rescale": 3.921279096737007},
{"mapping": [4, 8, 7, 10, 0, 1, 11, 3, 13, 6, 9, 14], "R": [[0.7778205532139871, 0.13669501349110422, 0.6134408368249984], [-0.590590279067098, 0.4927800066868314, 0.6390391124815239], [-0.214937919570593, -0.8593499510073842, 0.4640251635787353]], "T": [-0.0878828711499901, -0.016131370561592334, -0.044432268613138336], "aligned_model": [[-0.15685672399813402, 0.38012955443148194, 0.09995010735388912, -0.6387013843501854, -0.5810364262698018, -0.377115064607974, -0.16744857431549473, -0.06073874947259733, 0.614865982934502, 0.09301682768411401, 0.36205136490948037, 0.029691640332500255], [-0.6552917737054701, -0.35820696840109556, -0.43634020339118695, 0.28714620068979846, -0.34267995368238147, 0.04219027361844137, 0.39918318317806, 0.6189828088527768, 0.02984588211747849, -0.28983480353738733, 0.6628568734803147, 0.05492490852163204], [0.18532106597962894, 0.11736348639117897, -0.5264407958882412, -0.06860855908407501, -0.493631252114116, 0.49667977649430783, -0.6757473974671951, 0.4283176161390671, -0.43010437674027063, 0.6842064021157133, -0.19086669705146, -0.07723080756511716]], "inverted": false, "swapped": true, "error_lsq": 0.04721703986294718, "error_max": 0.28723017354700947, "target": "314.xyz", "model": "2.xyz", "model_rescale": 3.795458400668931, "target_rescale": 3.921279096737007},
{"mapping": [0, 7, 4, 5, 10, 3, 8, 11, 13, 9, 1, 14], "R": [[-0.21277187141721032, 0.8838223597318638, 0.416636732864036], [-0.8528172998851008, -0.37609374756546954, 0.36229290092250876], [0.47689703684370277, -0.27822927502360517, 0.8337611689024232]], "T": [-0.03009168426394735, 0.03456822150018162, -0.011664109906875865], "aligned_model": [[-0.1705097974924124, -0.08731359867236976, -0.6930789501537419, 0.03930029296958195, 0.11726790993019989, 0.25510796348857384, -0.2986419189068342, 0.6253431730749308, 0.3568828688028619, 0.7028310213559154, -0.3244543326440606, 0.07056919399092032], [-0.20514069374144545, -0.6141622061965554, -0.1279121173655417, 0.1771658123892824, 0.4562969873354473, 0.6893420890860581, -0.27487173444926644, -0.1237759553291343, -0.5464364502567847, 0.0875315660231483, 0.5741251536945802, -0.006393405900079009], [-0.7004576364987393, -0.1533094277236192, -0.022528401430601953, 0.7548193392634891, -0.4548263948490299, 0.3311647410034852, 0.4291951608457958, -0.361961042576308, 0.3850689254500644, 0.36903010581144996, 0.034029100008347614, 0.07854696133476674]], "inverted": false, "swapped": true, "error_lsq": 0.043319052389637985, "error_max": 0.2139662087132594, "target": "314.xyz", "model": "3.xyz", "model_rescale": 3.7530521520055578, "target_rescale": 3.921279096737007},
{"mapping": [10, 11, 9, 13, 3, 7, 1, 0, 4, 8, 14], "R": [[-0.4536641039686411, -0.010592706252225137, -0.8911097998252429], [-0.880820298238405, -0.14664107634907708, 0.450168853807537], [-0.13544180662386834, 0.9891330493424222, 0.057195521826664375]], "T": [-0.09135139592073331, -0.07028315661333387, 0.09146694028509814], "aligned_model": [[-0.5020077291378944, -0.22938266482280456, 0.47735876586270115, 0.43754378464786375, 0.27300182963030084, -0.19893912445345635, -0.1679891894369957, -0.773682507937955, -0.27904507028567754, 0.2750321977958095, 0.02630931058331344], [-0.5170140643094174, -0.07897793977091061, -0.2999661776883837, 0.39956362627497277, -0.7736675732116564, 0.5720947644080787, -0.5209357758681619, 0.19384470940689805, 0.24986081517765, 0.29731946343403415, -0.05491848953875697], [-0.07513343434479353, -0.6556926418252627, -0.4641618529498168, -0.2883049955514352, 0.08165025626029127, -0.04982849000526715, 0.5048647954276515, -0.03610600672466516, 0.6644843309544722, 0.396197292339148, 0.014861523664993645]], "inverted": true, "swapped": true, "error_lsq": 0.04653702151162746, "error_max": 0.24033965138633728, "target": "314.xyz", "model": "4.xyz", "model_rescale": 3.7855080009869324, "target_rescale": 3.921279096737007},
{"mapping": [15, 6, 8, 4, 13, 1, 11, 14, 12, 0, 10, 3, 5, 2, 16], "R": [[-0.3716661953955704, 0.8810810638601068, -0.2925070906958054], [-0.34397074152884133, 0.16195966765556097, 0.9249071277836488], [0.8622925073154006, 0.4443705941666737, 0.24287117339790804]], "T": [-0.06272373866238404, 0.009355149164250426, 0.030988141144436446], "aligned_model": [[-0.03205144427211331, -0.3451493967653605, -0.41482415905836656, -0.38956775649734676, 0.14114638520484638, 0.2852351406121558, 0.23844602880600616, 0.498252845893729, 0.5522040134849519, -0.0800386067842983, -0.5772408274224246, -0.07263318375936148, -0.5963906791556828, 0.4338516708409369, -0.023497774843832163], [0.03999931633873907, -0.5530677983764277, -0.3047368455646339, -0.1502184632302079, -0.5972306039081768, -0.05570505592432791, -0.6746871923419466, 0.16713587426175472, -0.27330740979763457, 0.38079342390177007, 0.34884261822864693, 0.7001591736676382, 0.5099904264427844, 0.5356581887644062, 0.0363750231740224], [-0.7920782304568301, 0.20417371730977002, -0.49120089241316606, 0.67496798096726, -0.3086562841584304, 0.7001635494173406, 0.3026848001045619, -0.31268017700597595, 0.10191768654193913, 0.716705055564993, -0.35757935337411867, 0.10245987001000022, 0.3769175564708444, 0.17999706961161638, 0.006128487752104839]], "inverted": true, "swapped": false, "error_lsq": 0.04098440217935352, "error_max": 0.32560109058268516, "target": "314.xyz", "model": "5.xyz", "model_rescale": 4.2253639853439635, "target_rescale": 3.921279096737007},
{"mapping": [11, 0, 8, 13, 7, 6, 5, 9, 2, 10, 4, 3, 12, 14], "R": [[-0.4293277843534247, 0.84331053517345, 0.32327232304614023], [-0.8951562599803429, -0.3498208868315292, -0.2762618637351283], [-0.11988712941839645, -0.4079861375118906, 0.9050825309318178]], "T": [-0.03169737387689424, -0.0058215822316113885, -0.013497335849469848], "aligned_model": [[0.6381710564157166, -0.09092035883372347, -0.418834329845549, 0.18031409927996378, -0.1709731379172258, -0.6265688159530294, -0.07079220323713671, 0.6243808734974499, -0.32793259171004546, 0.25675991517287816, -0.7008467892013578, 0.29586311220787503, 0.7414850037802547, 0.043956319101713145], [-0.08880550729159056, 0.22212785990714357, -0.43583715438597753, -0.7802651349236585, -0.42879892745629056, 0.045547827348590336, -0.3378548967415459, -0.34824318950220373, 0.6605093102078392, 0.5430762089627961, 0.026125818759941827, 0.2560113415309636, 0.22393248835014604, -0.11242689813116363], [-0.36244665289587835, -0.7178735298859016, 0.1521553022261135, -0.01457139906322643, -0.509361569632495, 0.5175786793349415, 0.694225540463493, 0.35693169966748645, -0.22601558401681016, -0.12057870652199937, -0.14498281649684372, 0.6586238777406822, 0.14788865018407968, 0.03998471782780647]], "inverted": false, "swapped": true, "error_lsq": 0.045698752955057646, "error_max": 0.34665966720876534, "target": "314.xyz", "model": "6.xyz", "model_rescale": 3.89814844738969, "target_rescale": 3.921279096737007},
{"mapping": [1, 3, 5, 2, 8, 12, 10, 4, 0, 11, 13, 7, 14], "R": [[-0.7362583080051752, 0.5305547299963446, -0.42004211975927225], [-0.2052944077014055, -0.7665903548150743, -0.6084352340808573], [-0.6448084289615683, -0.361733197789482, 0.6733284366170122]], "T": [-0.029523892952518074, 0.05424948081212818, -0.004674597564395054], "aligned_model": [[-0.00711611237549329, -0.047814272452124565, 0.5505343986399351, -0.34441247039026585, 0.5512035486070817, -0.5682733176487696, -0.5886136826014796, 0.30484589848919547, -0.48480540559145835, -0.5784942463197061, 0.29338524572286373, 0.05517313657199428, 0.013019080252449564], [-0.3201333508496236, 0.2825950631122994, 0.3815686154887954, -0.6278920616926583, 0.06390863664869409, 0.5299938520994717, -0.09113150242528575, -0.4988312420302065, -0.28205336091068056, 0.5370337912736437, 0.69427059469116, 0.10557562345857247, 0.1888766066063036], [-0.49374954887480726, -0.763043264394588, -0.41582026483235474, -0.11622847735504607, 0.15309596623471847, -0.40474922702037447, -0.2541656586314281, 0.21525394690331046, 0.4761926146077156, 0.2025125938454642, 0.357009652323784, 0.6544012339135338, -0.008434535883632098]], "inverted": true, "swapped": true, "error_lsq": 0.03384219618942695, "error_max": 0.2552932801416971, "target": "314.xyz", "model": "7.xyz", "model_rescale": 3.7474275329858107, "target_rescale": 3.921279096737007},
{"mapping": [2, 0, 1, 10, 3, 7, 6, 8, 5, 11, 1, 13, 12, 9, 14], "R": [[0.019539149019534713, -0.8321024263110722, 0.5542777045694868], [0.7720935715676639, 0.36477426849135164, 0.5203952822523358], [-0.6352084212284038, 0.4177861715923902, 0.6495883130311788]], "T": [-0.035741677600787974, 0.08099153953205294, 0.07926521041450725], "aligned_model": [[-0.058267150327774325, -0.35943577210481614, -0.6044507435946942, -0.3200284016837214, 0.24027874327294832, 0.3006489611183619, 0.13272899752461256, 0.5182599673826411, 0.5909672474759363, 0.03809770626890244, -0.6044507435946942, -0.29185848588621177, -0.5095143519215555, 0.5977112811969434, -0.052944998843039014], [0.06254675280584342, -0.49183351574107437, -0.08942903184128644, -0.18060382217976695, -0.49247267196352673, -0.10024578784772177, -0.6654828349375603, 0.1790634209839048, -0.2533759633005612, 0.4257148844370079, -0.08942903184128644, 0.926166904828036, 0.41249147953235965, 0.35329175325224527, 0.11359813944979441], [-0.762008757309977, 0.0431151500892822, -0.38152611671630593, 0.7319613762752533, -0.25101658196746884, 0.6430665950087417, 0.3644524090766072, -0.3063179833072537, 0.17122041853534326, 0.5913135640464187, -0.38152611671630593, -0.08864729984919466, 0.2944159985750357, 0.4031948056767124, 0.032223374925021385]], "inverted": false, "swapped": false, "error_lsq": 0.04445755456352172, "error_max": 0.35796735760389764, "target": "314.xyz", "model": "8.xyz", "model_rescale": 4.019505241142653, "target_rescale": 3.921279096737007},
{"mapping": [3, 1, 10, 12, 9, 11, 0, 5, 13, 8, 4, 7, 14], "R": [[-0.08790974223344392, -0.963125572083972, 0.2542852917853713], [-0.07665091933055662, 0.2610571571713846, 0.9622753230003229], [-0.9931749663509599, 0.06510217421497483, -0.09677392792613684]], "T": [-0.04142539812001578, 0.0497712576510448, 0.016554985328922748], "aligned_model": [[-0.33096992307172013, -0.5609199688979498, 0.036544360033584966, 0.3122162859513588, 0.29630227275740284, 0.6720679926121093, 0.28516472513615965, -0.40225146780452437, 0.3734897659076077, -0.2658782721047162, -0.4323767577944368, 0.322434590015712, 0.013877169000588344], [-0.5794330299653744, 0.038435636723714375, 0.12826570939769452, -0.4449662429818609, -0.7057238864561838, -0.08211732163953202, 0.6938754309034783, -0.5714904642996489, -0.29246612591642185, 0.015937098576683836, 0.5382018250395543, 0.3899030606221481, -0.06504346189019276], [-0.36797747140737713, -0.3148900567265947, -0.6028981207151208, -0.5373545048507804, 0.025272881388274705, -0.20907359358449926, -0.15688906396113259, 0.3271747167671278, 0.612736010368326, 0.5739645013161031, 0.28979960703174446, 0.4593926271448113, 0.07744596127299701]], "inverted": true, "swapped": true, "error_lsq": 0.050803394557218357, "error_max": 0.3244794139010384, "target": "314.xyz", "model": "9.xyz", "model_rescale": 3.877068213659057, "target_rescale": 3.921279096737007},
{"mapping": [1, 2, 7, 13, 8, 10, 9, 0, 11, 6, 4, 5, 3, 12, 15], "R": [[-0.3604094731078098, -0.7932104533224017, 0.49083825078555293], [-0.828235268288822, 0.5141881137951381, 0.22279345590555782], [-0.4291052925060404, -0.32623267827099833, -0.8422831397881816]], "T": [-0.06582790599604237, -0.01808213391224141, 0.1737642583410094], "aligned_model": [[-0.10010037263353526, -0.48435703706296795, -0.41529544104699506, -0.5997349388445492, 0.2460666494547279, 0.3887522910184527, 0.08598709428471117, 0.5163749615895543, 0.6654686209899014, -0.0050847325336538934, -0.6637926155490961, -0.051787684196970565, -0.3866871007743397, 0.420367477369557, 0.0015650842190427366], [0.21585606330780013, -0.5328928208523633, -0.33189866871974755, -0.10170991272392693, -0.5153098304916559, -0.2197470089121036, -0.653890843519056, 0.2370243447204812, -0.11176142760131262, 0.3138890792125037, 0.09553871878411443, 0.6314685019310138, 0.5252227512170042, 0.544547358475951, 0.013664370807704215], [-0.6611039516870487, 0.1611673932504763, -0.49382707911299706, 0.7265645575898418, -0.32704442752874874, 0.6796287680008898, 0.26511410441381605, -0.3055337086570895, 0.14082710886025224, 0.6899134186222708, -0.12224112624963668, -0.2608416388693087, 0.24181219474723076, 0.24627163177649503, 0.12321359118546593]], "inverted": true, "swapped": false, "error_lsq": 0.03866188043223004, "error_max": 0.24362166132737312, "target": "314.xyz", "model": "10.xyz", "model_rescale": 4.260839863003843, "target_rescale": 3.921279096737007},
{"mapping": [7, 11, 9, 13, 5, 8, 4, 0, 12, 3, 1, 14], "R": [[-0.462988937419836, 0.08039236023208632, -0.8827107749671836], [0.1226642400033206, -0.980484391504288, -0.15363541987729964], [-0.8778352510871612, -0.17940854615313304, 0.4440921588093627]], "T": [0.11607303173662525, 0.12154923237256891, -0.039185478352838254], "aligned_model": [[0.23703507780087993, 0.322054574666484, -0.3995746934922045, -0.3751179693395375, -0.6417822540857006, -0.2762256605762029, 0.2508380414152031, 0.8075856061463429, 0.12106434443674602, -0.246790740006195, 0.1538552530599509, 0.005957069068363921], [0.012260669337627705, -0.6096878347973853, -0.49122602753098926, -0.289175399405853, 0.24064350752857694, 0.4035376136620527, 0.7197363218066155, 0.06594523891084099, -0.493806170449732, 0.05487615238420003, 0.5249345098179993, 0.03503992426898066], [-0.685415394690104, -0.054665373608325574, 0.16943570579213263, -0.5236950365459511, 0.11611460748126362, -0.3980914553171475, -0.33931979208756374, -0.3043885857783896, 0.5066681408267036, 0.6618736213880375, 0.4252623044655215, -0.05760066453067293]], "inverted": false, "swapped": true, "error_lsq": 0.04779333423114754, "error_max": 0.2831524784515705, "target": "314.xyz", "model": "11.xyz", "model_rescale": 3.890672605050136, "target_rescale": 3.921279096737007},
{"mapping": [10, 12, 3, 2, 1, 7, 11, 4, 0, 13, 5, 9, 8, 14], "R": [[0.6531257625972056, 0.7568865168124503, -0.023442246038621606], [-0.022842038502585593, -0.011251252886363597, -0.999675772731106], [-0.7569048682026462, 0.6534494701015555, 0.009940347837537583]], "T": [0.10615216447534107, -0.06391356670395225, 0.1654071983817118], "aligned_model": [[0.42407266792094633, 0.09486840813760995, 0.4865559906447302, 0.6848328736050256, 0.7142730865816916, -0.40407667380519285, -0.34094085107448124, 0.3138021074563033, 0.03143865237830133, -0.6213712642332666, 0.12893631003941142, -0.26106761280295443, -0.053072918237563466, 0.011625058183132128], [-0.23186086873524098, 0.2614913383123185, 0.5663458128475578, -0.5505488720904599, 0.033047460767528555, -0.4267689336318269, -0.13587403129511977, -0.40755280235798397, -0.7836947312341689, 0.2363334137529069, 0.6584122663529527, 0.5832627005221916, 0.08900978559937474, 0.04054998101773476], [-0.35100646328735663, -0.5899918241161555, -0.12727918888473216, 0.0930823427615945, 0.19083207834088614, 0.3938616285118731, -0.4447609739860312, 0.7175517310716353, -0.001766660643754303, 0.32438595820458394, 0.4660273422400651, -0.1968377580669649, 0.7253098978114474, 0.15538232539977082]], "inverted": true, "swapped": true, "error_lsq": 0.03481625969225351, "error_max": 0.24866259647828706, "target": "314.xyz", "model": "12.xyz", "model_rescale": 4.124412569039231, "target_rescale": 3.921279096737007},
{"mapping": [11, 0, 4, 12, 7, 13, 10, 9, 1, 3, 8, 6, 14], "R": [[0.8867899675021444, -0.46142508482582556, -0.026276313117049352], [-0.423251974297429, -0.7879615698297812, -0.44718489545680706], [0.1856376033859361, 0.4076805803136404, -0.8940554930451796]], "T": [0.14360489333919638, 0.17079963387781333, 0.03525963690644041], "aligned_model": [[-0.34619988345279407, 0.006235097144292073, 0.6368138426570802, -0.592438527348194, 0.48759082322102554, 0.4626607506259367, -0.4302794939244219, -0.13144376207398276, 0.02705161177240588, -0.2359424129780394, 0.7233841962045714, 0.6053919697866259, 0.15447409587525204], [-0.3026579919035942, 0.408217593838066, 0.6197200384641991, -0.14073764786614978, -0.05480390692100939, -0.5647350236130804, 0.4203962506459769, -0.5192591791627617, 0.6551299492112848, 0.1471715527949638, 0.07370226899432018, 0.5666875710314887, 0.038653900994773394], [0.3718674633296877, 0.7254598862728818, 0.1811548415534836, -0.15923448512005792, 0.5596312930721123, 0.07890550989559425, 0.10099434373699576, -0.32953614960708905, -0.3276431041657846, -0.6597114659602331, -0.09380342200254799, -0.4829854981260613, -0.013401131911142464]], "inverted": false, "swapped": true, "error_lsq": 0.04759617453445389, "error_max": 0.32474277349415154, "target": "314.xyz", "model": "13.xyz", "model_rescale": 3.9028299243045295, "target_rescale": 3.921279096737007},
{"mapping": [13, 9, 14, 6, 10, 3, 7, 5, 4, 2, 11, 12, 1, 0, 15], "R": [[-0.266671040717586, 0.9606719447522888, -0.0774336529453103], [-0.6084796543306891, -0.10550997060957706, 0.7865240977666044], [0.7474216121495315, 0.2568600020786057, 0.6126857865366013]], "T": [0.025099004382643467, 0.11300468062338927, 0.10954743383187729], "aligned_model": [[0.048014724746346514, -0.4738550632097343, -0.44435040905104034, -0.3233245997385071, 0.21292625193864434, 0.28305384833381614, 0.06571808244179478, 0.3556607580947503, 0.6362358158306204, 0.024111955036511583, -0.6828522040594097, -0.24289139349023375, -0.5325735523822431, 0.7153797469457668, -0.02351170515324298], [0.16726131828273932, -0.4785695292651074, -0.2770198096214792, -0.12169755006760537, -0.46167813840923705, -0.08758142286483782, -0.7824268676721916, 0.25523266093733477, -0.1799261431981281, 0.6736382046774785, 0.11830109493388716, 0.5811865815517842, 0.3267852289715629, 0.36561682580639604, 0.010878221573810548], [-0.6836627771622502, 0.1534820339948904, -0.5311933858596366, 0.6271613027043562, -0.3261281158989109, 0.6405031370762133, 0.24062141542919255, -0.2545980896250849, 0.10138630454999958, 0.5868721105416252, -0.10171951294118992, -0.33002866111858487, 0.3654731111721442, 0.4928436767005896, 0.12290828677855581]], "inverted": true, "swapped": false, "error_lsq": 0.04235814418302385, "error_max": 0.3057988212161905, "target": "314.xyz", "model": "14.xyz", "model_rescale": 3.942246331269136, "target_rescale": 3.921279096737007},
{"mapping": [8, 4, 13, 10, 12, 5, 3, 0, 1, 9, 11, 7, 6, 2, 14], "R": [[-0.4739931282771237, -0.3532305206269445, -0.806572199895139], [-0.30619376722450153, 0.9249634604053389, -0.22513989834733644], [0.8255760965888814, 0.14025261570679864, -0.5465833079489962]], "T": [-0.08734396171235471, -0.0285213613658353, 0.10760810021017417], "aligned_model": [[-0.1763591843510134, -0.4342465394648909, -0.3936719254669245, -0.6040402577734131, 0.2449421366468149, 0.39667390725606233, 0.18988351394313346, 0.45322131122470277, 0.6330311584748658, -0.1630011515628521, -0.7388063045531822, 0.08957231686711613, -0.40194641074158, 0.5217685793161552, 0.0007211064688446983], [0.39775164253214823, -0.47732559352442017, -0.5591640301306973, -0.043078055026217754, -0.5845946386986408, -0.06703619755414597, -0.6513756983259469, 0.323641870385988, -0.3956705352976072, 0.5271939442053675, 0.015339453390523977, 0.8060734824127329, 0.4304495612257139, 0.4014335577754352, -0.013638087733826482], [-0.53208600057095, 0.2555855973771195, -0.4267245519957342, 0.5993535184395897, -0.39083419056814794, 0.5162924137111625, 0.3350841037189225, -0.24522008285469046, 0.05373226075422047, 0.6852055334716044, -0.1886756648627684, 0.05164753158495938, 0.051390837570510994, 0.27121921996522547, 0.06795031060088604]], "inverted": false, "swapped": false, "error_lsq": 0.05279945501195149, "error_max": 0.32978361221429275, "target": "314.xyz", "model": "15.xyz", "model_rescale": 4.355366556412066, "target_rescale": 3.921279096737007},
{"mapping": [4, 8, 7, 10, 0, 1, 11, 3, 13, 6, 9, 14], "R": [[0.7778205532139871, 0.13669501349110422, 0.6134408368249984], [-0.590590279067098, 0.4927800066868314, 0.6390391124815239], [-0.214937919570593, -0.8593499510073842, 0.4640251635787353]], "T": [-0.0878828711499901, -0.016131370561592334, -0.044432268613138336], "aligned_model": [[-0.15685672399813402, 0.38012955443148194, 0.09995010735388912, -0.6387013843501854, -0.5810364262698018, -0.377115064607974, -0.16744857431549473, -0.06073874947259733, 0.614865982934502, 0.09301682768411401, 0.36205136490948037, 0.029691640332500255], [-0.6552917737054701, -0.35820696840109556, -0.43634020339118695, 0.28714620068979846, -0.34267995368238147, 0.04219027361844137, 0.39918318317806, 0.6189828088527768, 0.02984588211747849, -0.28983480353738733, 0.6628568734803147, 0.05492490852163204], [0.18532106597962894, 0.11736348639117897, -0.5264407958882412, -0.06860855908407501, -0.493631252114116, 0.49667977649430783, -0.6757473974671951, 0.4283176161390671, -0.43010437674027063, 0.6842064021157133, -0.19086669705146, -0.07723080756511716]], "inverted": false, "swapped": true, "error_lsq": 0.04721703986294718, "error_max": 0.28723017354700947, "target": "314.xyz", "model": "16.xyz", "model_rescale": 3.795458400668931, "target_rescale": 3.921279096737007},
{"mapping": [1, 3, 5, 2, 8, 12, 10, 4, 0, 11, 13, 7, 14], "R": [[-0.7362583080051752, 0.5305547299963446, -0.42004211975927225], [-0.2052944077014055, -0.7665903548150743, -0.6084352340808573], [-0.6448084289615683, -0.361733197789482, 0.6733284366170122]], "T": [-0.029523892952518074, 0.05424948081212818, -0.004674597564395054], "aligned_model": [[-0.00711611237549329, -0.047814272452124565, 0.5505343986399351, -0.34441247039026585, 0.5512035486070817, -0.5682733176487696, -0.5886136826014796, 0.30484589848919547, -0.48480540559145835, -0.5784942463197061, 0.29338524572286373, 0.05517313657199428, 0.013019080252449564], [-0.3201333508496236, 0.2825950631122994, 0.3815686154887954, -0.6278920616926583, 0.06390863664869409, 0.5299938520994717, -0.09113150242528575, -0.4988312420302065, -0.28205336091068056, 0.5370337912736437, 0.69427059469116, 0.10557562345857247, 0.1888766066063036], [-0.49374954887480726, -0.763043264394588, -0.41582026483235474, -0.11622847735504607, 0.15309596623471847, -0.40474922702037447, -0.2541656586314281, 0.21525394690331046, 0.4761926146077156, 0.2025125938454642, 0.357009652323784, 0.6544012339135338, -0.008434535883632098]], "inverted": true, "swapped": true, "error_lsq": 0.03384219618942695, "error_max": 0.2552932801416971, "target": "314.xyz", "model": "17.xyz", "model_rescale": 3.7474275329858107, "target_rescale": 3.921279096737007},
{"mapping": [3, 1, 10, 6, 9, 13, 12, 0, 5, 11, 8, 4, 7, 14], "R": [[0.9045915345755221, -0.42585054428105856, -0.019117256859402604], [0.11454672726237462, 0.19963340889792697, 0.9731523772386689], [-0.4106010263598733, -0.8824952215096235, 0.2293664778578146]], "T": [0.01605901287909564, 0.07159388647068178, 0.015307160017607839], "aligned_model": [[0.40230789099060715, 0.15543295306546337, 0.5984009789372626, -0.42409165907409674, 0.2682925105869718, -0.3317488198813331, 0.7416423391126378, 0.15464748135782655, -0.2650160776265561, 0.48326928262125934, -0.5655386704318286, -0.4610078499204874, -0.3423735400504152, 0.0006308281955648837], [-0.48298634798707907, 0.10166299982027192, 0.2727773612928393, -0.06491959575182767, -0.6550846319105976, -0.3612246096901642, -0.28920161236558883, 0.7512182981227361, -0.6139362402223869, 0.018547915689273567, -0.08034627304120175, 0.4792406943418599, 0.33493439919285695, -0.0502741159797586], [-0.39803512607761105, -0.5843007739626207, -0.11262194830079683, -0.6375205644956443, 0.3206356515064126, 0.5953163802199817, 0.15672428510444636, 0.2808594681136484, -0.23706446314410645, 0.6121960612542738, -0.014484351662613679, -0.2535818440923791, 0.5116606537367694, 0.0850112904618944]], "inverted": true, "swapped": true, "error_lsq": 0.03424644787168828, "error_max": 0.18119424141750123, "target": "314.xyz", "model": "18.xyz", "model_rescale": 3.922800546911778, "target_rescale": 3.921279096737007},
{"mapping": [5, 2, 0, 10, 3, 11, 9, 12, 7, 4, 1, 8, 6, 13, 14], "R": [[0.08545649839273534, 0.422408119080124, 0.9023683105127555], [-0.5842113600024091, -0.712406433402816, 0.3888112144607136], [0.8070900034857255, -0.5604002628313722, 0.18589586249279672]], "T": [-0.048486985727913046, 0.08559012249401517, 0.042141217479078175], "aligned_model": [[-0.08381925339208013, -0.43581307612403447, -0.28657106964481077, -0.35732098229860304, 0.19349387627457204, 0.31412165451061735, 0.010937576481318018, 0.5729560903118494, 0.6360767968017182, -0.06461475338434436, -0.7539243522146819, -0.09141620415433613, -0.5545136717602155, 0.49330138176094723, 0.02484824311592354], [0.25622675496639485, -0.5028121817268657, -0.38674392090035464, -0.1395228699777601, -0.39462193229284376, -0.03446131774444926, -0.6581393669148756, 0.14817234543342772, -0.31521635924512387, 0.4442388722804271, 0.11025727811391108, 0.6809357452938363, 0.4457861516957741, 0.43176906124095576, 0.024132415413953112], [-0.7009391891431855, 0.17210348459457553, -0.6048975418800928, 0.7524554792293853, -0.3042557923911318, 0.6432620360254327, 0.3678379382252589, -0.4358818083059914, 0.13668015603495737, 0.6706140557777821, -0.18086702751128486, -0.09243710781890044, 0.3420805204781398, 0.2838833404985948, 0.05428229252837011]], "inverted": false, "swapped": false, "error_lsq": 0.035399842845921306, "error_max": 0.2059713618053146, "target": "314.xyz", "model": "19.xyz", "model_rescale": 3.9282355846067225, "target_rescale": 3.921279096737007},
{"mapping": [6, 5, 9, 8, 4, 13, 7, 11, 0, 10, 3, 1, 12, 14], "R": [[-0.2149953693377002, 0.9365179582660483, 0.27696769668778687], [-0.08303029994239905, 0.2650447423083038, -0.9606545965466462], [-0.9730791131530986, -0.22953300072084792, 0.020775974712683803]], "T": [-0.09748942565594498, -0.0065767665928272295, 0.03968037412850248], "aligned_model": [[-0.7424479188354769, -0.13995005934943586, 0.5733186306267434, -0.4001123651199487, -0.7405183035509432, 0.272547654295351, -0.09089883400930303, 0.6077907484425089, -0.12887744459202255, 0.07790348501459526, 0.09435195575479544, -0.43158314983031604, 0.5880653844052907, -0.0070669641671620015], [-0.4772144181767224, -0.7714090571481418, -0.48331739742765556, -0.25318906946228587, 0.162934530492562, -0.20771977519469847, 0.3759297110278629, 0.27616270589871916, 0.734361105278361, 0.21779396445059185, -0.6091173011504745, -0.2080571545009502, -0.14572764832200763, -0.08854810834032482], [0.07256389172769326, -0.12117626761846148, -0.047748549546909505, -0.41839269870694773, -0.11475339948914356, -0.6439327359124869, -0.5060615704272757, 0.03594696991004982, 0.08017722756279433, 0.6008023881920291, 0.5169026141398532, 0.5168029558917566, 0.47245628966951947, -0.031403958148788436]], "inverted": false, "swapped": true, "error_lsq": 0.0424666702723774, "error_max": 0.28528800921244435, "target": "314.xyz", "model": "20.xyz", "model_rescale": 4.067790424073018, "target_rescale": 3.921279096737007},
{"mapping": [2, 5, 4, 1, 6, 10, 13, 3, 11, 9, 8, 0, 7, 12, 14], "R": [[0.4307619866056823, -0.7207858764236432, 0.5430578525753279], [0.7366457115340976, -0.06679364655283304, -0.6729722910035733], [0.5213417368424945, 0.6899321192178082, 0.5021916609200867]], "T": [-0.03126210273767298, -0.022373470533572807, 0.022079333632457718], "aligned_model": [[-0.03250870426190898, -0.4219213674367014, -0.5010559364578434, -0.48845589987577914, 0.23671898165197952, 0.257000734964181, 0.10481891295884717, 0.6270539755519616, 0.5851883249479822, 0.008558635233986478, -0.5970071440691757, -0.1827055229424483, -0.4937314601132338, 0.5118899208133227, 0.0038988053186693045], [0.16512854234658056, -0.462272987224635, -0.31570740020791305, -0.07236916509422867, -0.4773575125399358, -0.1597476600008088, -0.5699968524141008, 0.28175975948789156, -0.1829002349831823, 0.3513400996571408, 0.04428396719332395, 0.6116875232268085, 0.4780643504747473, 0.43874566295447553, -0.020657417239757035], [-0.6980341106868818, 0.0704515878456966, -0.5573354178509615, 0.7016228301524794, -0.49631488182935624, 0.7766120963551661, 0.4364633268826008, -0.4227441550828829, 0.13276936064781436, 0.7023751338191069, -0.0035571819177224046, -0.2598596246355267, 0.32596753347224505, 0.30380418333758646, 0.09170015583254579]], "inverted": false, "swapped": false, "error_lsq": 0.03536832596379373, "error_max": 0.23594777084812069, "target": "314.xyz", "model": "21.xyz", "model_rescale": 4.186013935880536, "target_rescale": 3.921279096737007},
{"mapping": [12, 3, 9, 0, 4, 11, 10, 1, 13, 5, 6, 7, 14], "R": [[0.3253144489502967, 0.8633157180225787, -0.38581923269754764], [0.7384234812431233, 0.022937047727359272, 0.6739470707632312], [0.5906786534596893, -0.5041427008860809, -0.6300308448721664]], "T": [0.008979442130084211, -0.08591072666764293, 0.12776223389066102], "aligned_model": [[0.13616928778115395, -0.46421324275902104, 0.20552960152507416, 0.39212875872232905, -0.21946498395298153, 0.6183165252222254, -0.04509948438649405, -0.5668146531725414, 0.4849386144152195, -0.3715831614266329, -0.6850509597095509, 0.5173835728136265, 0.05633416035081808], [-0.2614660967411437, 0.008210134475284347, 0.34426253169318555, -0.6368350657341213, -0.12715764740469976, -0.2471009740982274, -0.6331944118224948, -0.2995023153712008, 0.5589327940507396, 0.5635885816729154, 0.18959654544362897, 0.03301343294892062, 0.026609150433306583], [-0.665740389771091, -0.5005921440149932, -0.551375378667075, 0.44602801380247514, 0.769776130781957, -0.2966216664757759, -0.17804628528316865, 0.07581308257456298, 0.07925929817148727, -0.08664147531961036, 0.4123147370928524, 0.5419737686539606, 0.05673186978976465]], "inverted": false, "swapped": true, "error_lsq": 0.04982700018348453, "error_max": 0.2554237416661978, "target": "314.xyz", "model": "22.xyz", "model_rescale": 4.166573947596378, "target_rescale": 3.921279096737007},
{"mapping": [10, 12, 14, 6, 9, 2, 11, 8, 3, 1, 13, 7, 5, 4, 15], "R": [[-0.05459593404095736, -0.9685017053366063, -0.24294800008701703], [-0.9828101547503434, 0.09509752535037469, -0.1582424102187565], [0.17636179775053842, 0.23013236937102227, -0.9570452491193286]], "T": [0.03246131581322154, -0.028194867724612736, 0.06781013467438578], "aligned_model": [[-0.2959611418309517, -0.34083855318765455, -0.4841815665817104, -0.40558491260745666, 0.2847566358952439, 0.21944433975854222, 0.22970416736745614, 0.6518692303447863, 0.5656611556016066, -0.05196543851542725, -0.7039106314667477, -0.13688270334875813, -0.5455578476252151, 0.6228966184472418, 0.008292904032884168], [0.20326559113829226, -0.5515241256717304, -0.3833428241458879, -0.0732677852230432, -0.3630786665987757, -0.10300056858145334, -0.7798594751985424, 0.30494470897027487, -0.26265413268847804, 0.40886782539349237, 0.22253465141756143, 0.595878416856206, 0.5556898225598396, 0.3168541213064469, 0.01869311610220447], [-0.564254718328859, 0.19491265553713266, -0.41481583265507166, 0.6884481659304977, -0.361897997664779, 0.7098776506449979, 0.20267637510623498, -0.33147797944422297, 0.21665043814864288, 0.6245393204595578, -0.26641165154785407, -0.23754995816158275, 0.19443752646109547, 0.3364750969167866, 0.11231174493933305]], "inverted": false, "swapped": false, "error_lsq": 0.03819241685594408, "error_max": 0.25872191140886974, "target": "314.xyz", "model": "23.xyz", "model_rescale": 4.274766983524099, "target_rescale": 3.921279096737007},
{"mapping": [4, 7, 0, 10, 11, 12, 3, 9, 5, 13, 14], "R": [[0.7500370832435681, -0.5415340292291798, 0.3797173540230831], [0.6603742955224575, 0.5812672191297523, -0.47543055200353146], [0.0367445720168203, 0.6073461246702533, 0.7935871226748368]], "T": [0.020404351928112463, 0.03922523533983951, -0.1485851208150436], "aligned_model": [[0.3781627905612716, 0.12460648428169441, -0.4088869498965348, -0.5417647091308515, -0.5359339039142692, -0.5449826005227585, -0.02906377464953927, -0.03314958679111679, 0.5768578487010139, 0.3353188973680234, 0.0587302079511421], [0.08075960379318894, 0.6825611863394562, 0.41083025343268986, -0.22953631332901314, 0.3902768091949641, -0.19266528016130513, -0.6188728986477765, 0.024483656003898284, -0.27106561153723585, 0.5648192002241115, 0.07399592593050498], [-0.7285452952272213, -0.2880472344228184, -0.6273677662291477, -0.23631190962185125, 0.23171240635059376, 0.4020579045429473, 0.2896602764944584, 0.6771409570364005, 0.30608541216171703, 0.3703490251185356, -0.017167342182036666]], "inverted": false, "swapped": true, "error_lsq": 0.04703550670794751, "error_max": 0.27663784203090525, "target": "314.xyz", "model": "24.xyz", "model_rescale": 3.7841303162186577, "target_rescale": 3.921279096737007},
{"mapping": [9, 13, 14, 3, 10, 6, 11, 8, 7, 4, 12, 2, 5, 1, 15], "R": [[-0.3381167295965853, 0.0021848860145127214, 0.9411016435221081], [0.6039215342950611, 0.7674440880866287, 0.21519375473182842], [-0.7217727187845279, 0.6411121570630107, -0.26080518492622895]], "T": [0.11128517962248922, -0.012184728915826087, 0.017873383757512934], "aligned_model": [[-0.12706202201706268, -0.5112810275149344, -0.36165671114589604, -0.38327248237368855, 0.349462925883662, 0.22250112433887728, 0.034939890108368496, 0.3970336153711603, 0.597094587760907, 0.03281507073879893, -0.6217001434641238, -0.1733804130021323, -0.568224674338948, 0.6223354435110046, 0.1081370724278468], [0.11335939346209559, -0.47477731400003786, -0.34110900069719363, -0.05802077400395189, -0.5386942198276123, -0.11525665835162799, -0.7041128710320198, 0.4607707503174465, -0.4265789355949625, 0.5026278504046798, 0.08884655407669531, 0.666197923965963, 0.47047397267357627, 0.4902301795530345, -0.023956175309678272], [-0.5013279195277117, 0.11994892062442973, -0.5275014907096588, 0.6521553900959434, -0.5030049345116956, 0.7242965170467982, 0.3416548101539689, -0.1921712061972776, 0.14064235595826308, 0.5522092266910603, -0.14855108086423152, -0.1481251239826494, 0.29108700273179056, 0.21647671034321941, 0.08613165848966013]], "inverted": true, "swapped": false, "error_lsq": 0.037963370973769374, "error_max": 0.31029173996462306, "target": "314.xyz", "model": "25.xyz", "model_rescale": 4.19342608120988, "target_rescale": 3.921279096737007},
{"mapping": [4, 8, 7, 10, 0, 1, 11, 3, 13, 6, 9, 14], "R": [[0.7778205532139871, 0.13669501349110422, 0.6134408368249984], [-0.590590279067098, 0.4927800066868314, 0.6390391124815239], [-0.214937919570593, -0.8593499510073842, 0.4640251635787353]], "T": [-0.0878828711499901, -0.016131370561592334, -0.044432268613138336], "aligned_model": [[-0.15685672399813402, 0.38012955443148194, 0.09995010735388912, -0.6387013843501854, -0.5810364262698018, -0.377115064607974, -0.16744857431549473, -0.06073874947259733, 0.614865982934502, 0.09301682768411401, 0.36205136490948037, 0.029691640332500255], [-0.6552917737054701, -0.35820696840109556, -0.43634020339118695, 0.28714620068979846, -0.34267995368238147, 0.04219027361844137, 0.39918318317806, 0.6189828088527768, 0.02984588211747849, -0.28983480353738733, 0.6628568734803147, 0.05492490852163204], [0.18532106597962894, 0.11736348639117897, -0.5264407958882412, -0.06860855908407501, -0.493631252114116, 0.49667977649430783, -0.6757473974671951, 0.4283176161390671, -0.43010437674027063, 0.6842064021157133, -0.19086669705146, -0.07723080756511716]], "inverted": false, "swapped": true, "error_lsq": 0.04721703986294718, "error_max": 0.28723017354700947, "target": "314.xyz", "model": "26.xyz", "model_rescale": 3.795458400668931, "target_rescale": 3.921279096737007},
{"mapping": [9, 7, 13, 5, 6, 10, 11, 3, 0, 8, 1, 4, 14], "R": [[0.9586411217541715, 0.24422885356410828, -0.14614878298728837], [0.19625995599605978, -0.939119507898315, -0.2820223032975435], [-0.20612915697282816, 0.24167502347488942, -0.9482109225663262]], "T": [-0.13166210954503996, -0.04987873952807509, 0.046054005083411655], "aligned_model": [[-0.1167646723376604, 0.4575747506292953, 0.5145752275306437, -0.06735789018316594, -0.21184400691413827, -0.6632210036192, -0.10505979438866966, -0.6840974650104061, -0.07825883880870815, 0.2971594917294321, -0.6242602800656646, 0.0542872562709259, -0.0730563920114272], [-0.7249229905251845, -0.06449745550566137, -0.43379520017191364, -0.01481421562160709, 0.5928789206505953, -0.2134482454458325, -0.7534758544289196, -0.2361958629911926, -0.013499000817202539, 0.24269854987527056, 0.2919313629450546, 0.591105313677233, -0.14208381838372536], [-0.4324877587345372, 0.35714101400956433, -0.23625485075403027, -0.7332287701781275, -0.42190543371277833, 0.340422773117026, 0.33174455151386484, -0.4903230873658578, 0.7859450363372082, -0.25847805477090346, -0.09667587097547117, 0.1896934320155488, -0.043456318402080855]], "inverted": false, "swapped": true, "error_lsq": 0.04638199473200774, "error_max": 0.3191445261593606, "target": "314.xyz", "model": "27.xyz", "model_rescale": 3.6321398670334006, "target_rescale": 3.921279096737007},
