[{"mapping": [5, 6, 12, 11, 8, 1, 3, 9, 4, 7, 2, 0, 13], "R": [[-0.4694548470827087, 0.7366504162156837, 0.4867836386320012], [0.7327238173499662, 0.6326470741340982, -0.25074586153645384], [-0.4926742879820745, 0.23896410583772837, -0.8367605404669433]], "T": [0.09842012813702616, -0.07104108185266478, -0.012735773926584138], "aligned_model": [[0.16531146230976768, -0.3268300906677081, 0.3965042105741783, -0.23030240539092933, -0.636597985846786, 0.6715244755242387, 0.20644534163718498, -0.06590848511802724, -0.718906862282046, -0.5603907505572027, 0.012806675412700391, 0.5421638578910014, -0.03639076162724689], [-0.38587359417458234, 0.3122758310993248, -0.38098593006288145, -0.6779527086941078, -0.24244363129937435, -0.10962809329456569, 0.3432838957238389, -0.04090493032033615, 0.4207047363089591, -0.11671212776530235, 0.6756870005731307, 0.3326325817201205, -0.12296933643171079], [-0.6974308148311154, -0.5194671424436078, 0.3748205172610996, -0.11599086580546389, -0.21509355060331103, -0.06847232366579638, -0.31251181033077574, 0.7005881994548788, 0.046987485061328896, 0.35506425891035404, 0.14951635406876024, 0.47260071782154667, 0.06255926331185559]], "inverted": true, "swapped": false, "error_lsq": 0.04666670353028925, "error_max": 0.2341154351972298, "target": "315.xyz", "model": "0.xyz", "model_rescale": 3.8414455957264533, "target_rescale": 4.105574759760458},
{"mapping": [8, 13, 5, 10, 12, 6, 9, 4, 0, 1, 7, 2, 14], "R": [[0.6919122294701044, -0.6398725906934226, 0.3343957750764771], [-0.5004838062266774, -0.09127198296956271, 0.8609212419435719], [-0.520358939977558, -0.7630416062077428, -0.3833980709149964]], "T": [-0.07408740312272077, 0.014425708305380843, 0.04439412391810121], "aligned_model": [[0.03578661424206597, -0.4250032619306826, 0.2787101594676238, 0.018865841994216953, -0.4531425491222604, 0.6541087024782342, 0.26080270722909193, -0.08130491801716075, -0.5564484305396704, -0.7530571897937394, 0.042600048427719445, 0.5269953118734906, -0.1294843544498044], [-0.23694151843241243, 0.32469379878591814, -0.4007375002179295, -0.6604321043757361, -0.477220321023353, -0.2539919372620336, 0.4346599127787824, 0.22550009046233468, 0.5236775498762966, -0.2522348363479941, 0.6434087298027565, 0.18309489049735514, -0.04636306116147114], [-0.696581324481402, -0.551792736643218, 0.41519889074484523, -0.021240678556495564, -0.39932980151710734, -0.04341005092166215, -0.376036021733468, 0.5456054042420776, 0.22744540250708845, 0.5095715888514523, 0.10538100327602062, 0.4379103298485618, 0.08044828259306014]], "inverted": false, "swapped": false, "error_lsq": 0.04453696212172727, "error_max": 0.24864901569813433, "target": "315.xyz", "model": "1.xyz", "model_rescale": 4.316132596720782, "target_rescale": 4.105574759760458},
{"mapping": [10, 8, 7, 5, 11, 6, 2, 0, 9, 1, 4, 12], "R": [[0.9881752584169611, 0.13319084682808718, -0.07595957460247629], [-0.08783628087963352, 0.8977988040127874, 0.43155775427449206], [0.12567595797847045, -0.41978268882175895, 0.898881553794363]], "T": [-0.07566113610722813, 0.07086783773066326, -0.04297176758677347], "aligned_model": [[-0.15569197491997344, 0.4586211387697703, 0.028967213746033976, -0.6394751101986109, -0.6646749213969534, -0.421412969523511, -0.17690401124900554, -0.15981906813921976, 0.5618500060560988, 0.21869181232403423, 0.5350711512633755, 0.012585287899742018], [-0.6421750365701488, -0.44917210278605507, -0.36184563500693806, 0.4343613354534825, -0.4231831012287686, -0.1348507579195234, 0.3134418779467581, 0.6159317640402922, 0.012271293170580275, 0.07669134640260002, 0.5046031146981084, 0.06670232954059292], [-0.014381724837132973, 0.21743835298191683, -0.6370473290973141, -0.18058961005436958, -0.34535821510574477, 0.39084398062434367, -0.6559527818285291, 0.4988935944736598, -0.4758128839320731, 0.6778061198334395, 0.002869196667652868, -0.029450238516427932]], "inverted": true, "swapped": true, "error_lsq": 0.04750030156795696, "error_max": 0.28834300622105447, "target": "315.xyz", "model": "2.xyz", "model_rescale": 3.795458400668931, "target_rescale": 4.105574759760458},
{"mapping": [0, 3, 4, 7, 6, 10, 9, 5, 2, 11, 1, 12], "R": [[0.9302117214693002, 0.176394773048672, 0.32185561558287035], [-0.11191471698925323, 0.971494442178275, -0.20898240341698102], [-0.34954434534453027, 0.15837750110994284, 0.9234366885606364]], "T": [0.04933723668950022, 0.05122151429675433, 0.04915811460812556], "aligned_model": [[-0.17086825322159063, -0.14222672483870727, -0.6201956487592247, 0.24386988429102183, 0.2670717964393731, 0.26703302746840063, -0.37965572698005445, 0.5344217105474237, 0.29362768915336357, 0.7971447303322285, -0.46162937815439525, -0.035289280534274166], [-0.047075691831979384, -0.5499766530142262, -0.2854588991310738, 0.028010074072597917, 0.49062050073287006, 0.6360511133771212, -0.18840294169156319, -0.3009689602964135, -0.5111037516952325, 0.27848569397954986, 0.4758842092348209, 0.059704351553238055], [-0.6854455291135454, -0.23483714953129234, 0.009237871078021827, 0.7652112494560767, -0.28187174282534, 0.40445425730222817, 0.6456064364517967, -0.28191183821264065, 0.3117423461160868, 0.31673254962772335, -0.3567643515603329, 0.07661733185031817]], "inverted": false, "swapped": true, "error_lsq": 0.04988396874240348, "error_max": 0.23939863853128276, "target": "315.xyz", "model": "3.xyz", "model_rescale": 3.7530521520055578, "target_rescale": 4.105574759760458},
{"mapping": [9, 4, 3, 0, 2, 1, 7, 8, 10, 6, 12], "R": [[0.840350524297276, -0.4159111266825035, -0.34760456126895656], [-0.05525955253293946, 0.5722087913643943, -0.8182441450686697], [0.5392192301533325, 0.7068203688257644, 0.45787289507663353]], "T": [0.06743916475877385, -0.06294244151555935, 0.10542070851414014], "aligned_model": [[-0.4924314543268351, -0.16149728071854139, 0.4022519644660624, 0.4778890787489295, 0.27368036978050386, -0.14173783816969326, -0.29400105782080965, -0.6629308850450286, -0.29335034295266293, 0.2356621816357811, -0.005335133152501045], [-0.5319775461491282, -0.140818778211461, -0.2793447875583824, 0.38638445069200333, -0.6969466811532005, 0.6197132312200581, -0.5838782299142994, 0.23424574873357973, 0.08983694762167303, 0.42634679114621465, -0.05635778811271161], [-0.14707959628149891, -0.6050333656115351, -0.460140704214318, -0.37147710436973247, 0.08694916154953052, -0.20510231547139307, 0.49155628539448887, 0.1495941145522151, 0.7072029412834823, 0.39240091287853157, 0.05396044753554542]], "inverted": false, "swapped": true, "error_lsq": 0.04943240325781015, "error_max": 0.2628160547287699, "target": "315.xyz", "model": "4.xyz", "model_rescale": 3.7855080009869324, "target_rescale": 4.105574759760458},
{"mapping": [13, 12, 10, 15, 14, 8, 6, 5, 1, 3, 4, 7, 16], "R": [[0.21145224760354103, -0.9257603064587059, -0.31345781529401096], [0.9615105234093071, 0.2546020420108059, -0.10332140909360685], [0.17545785920434395, -0.27954544387167424, 0.9439644508423066]], "T": [-0.12421920526911506, 0.005848298357743704, 0.0011494788763787983], "aligned_model": [[0.12674111138130983, -0.4944987742897679, 0.23328163186058648, 0.08663704485117799, -0.5504396732241434, 0.4787263124918896, 0.33788676476913987, -0.05810322464951409, -0.5743485896217869, -0.49217594698141764, 0.02336417272993932, 0.46432216331194515, -0.16196431077023354], [-0.09304500517296804, 0.11651989276253868, -0.42834857676767435, -0.7639780522427219, -0.427777075630759, -0.31593123908437964, 0.4102881628499378, 0.1852106628203172, 0.6088577248699634, -0.19358304078206487, 0.6915218778201957, 0.24876723417789262, -0.03138887223776467], [-0.671239302156514, -0.5589488178251315, 0.4644317893061744, -0.20433808374538553, -0.295502752300798, -0.16685202664981424, -0.22012757942723682, 0.7876360101917008, -0.08171853587635093, 0.5554522685108969, 0.23582302410652345, 0.39609114541037177, -0.007536851334682727]], "inverted": true, "swapped": false, "error_lsq": 0.03774300247505334, "error_max": 0.19422777571923014, "target": "315.xyz", "model": "5.xyz", "model_rescale": 4.2253639853439635, "target_rescale": 4.105574759760458},
{"mapping": [7, 0, 5, 6, 3, 11, 9, 10, 4, 2, 1, 8, 13], "R": [[0.12204536745079647, 0.90332219794035, 0.41123464712012736], [0.03275957510139904, 0.41043999442285367, -0.9112989746605359], [-0.9919837390416115, 0.12469169052660833, 0.020499848551652267]], "T": [0.01441939612675551, 0.024819915002881655, -0.003674392170351766], "aligned_model": [[-0.14887273988202776, -0.22552486662426374, 0.1933079555277153, -0.06524388254730236, -0.5479023754923885, 0.60797357422707, 0.35783861770985087, -0.07386588683600218, -0.6491240093904719, -0.3904284671179816, -0.1783133590927382, 0.5748102466612653, -0.03522612528360093], [-0.3126273180930264, 0.4178219808486376, -0.3299991658965754, -0.602230339188653, -0.3042071604254063, -0.47737525081070226, 0.4642116484148647, 0.1889089739321129, 0.23855593384971666, -0.31201757123624135, 0.7110966407982802, 0.3301330421489929, -0.005157720959487189], [-0.7028569571850385, -0.6602098263553146, 0.48911721652017653, -0.1227529749312345, -0.28393298971297326, -0.03603550936855369, -0.2518569264910747, 0.7538168381030054, 0.11854825486624215, 0.4120302235455576, 0.17120877641747073, 0.36863040853487994, -0.022536245733390137]], "inverted": false, "swapped": false, "error_lsq": 0.04908344497848397, "error_max": 0.28376205558840695, "target": "315.xyz", "model": "6.xyz", "model_rescale": 3.89814844738969, "target_rescale": 4.105574759760458},
{"mapping": [7, 4, 6, 3, 0, 8, 11, 5, 2, 1, 10, 9, 12], "R": [[-0.6334772135304754, -0.04389970529454214, 0.7725150068527581], [0.4436663843362675, 0.7973555037706257, 0.40912631303385394], [-0.6339296170298782, 0.6019111366985529, -0.48562971920034737]], "T": [-0.05925657321468922, -0.016993800169557236, -0.08306115156280741], "aligned_model": [[-0.0618084862675119, -0.33666210597405055, 0.14189736848311263, 0.08760917715024027, -0.48602523909242856, 0.5855567773935257, 0.5264059182089252, -0.09844401271722023, -0.6281557875021834, -0.6408580809792153, -0.0836069921226512, 0.5182185016274294, -0.10469835634884761], [-0.28202383873573633, 0.3836002287934673, -0.46493423669884126, -0.8027197183847968, -0.42726056052206124, -0.21804828061767628, 0.40154972533953476, 0.0920879333353381, 0.3782636981372024, -0.1809106005835223, 0.6713901112723084, 0.31147796996898824, 0.14464126207830819], [-0.683916580050673, -0.5050402775132983, 0.38197896293181355, -0.1990230827491929, -0.05939517084988699, -0.12152686465743198, -0.4534138653599587, 0.6844947903890679, 0.0641565054499299, 0.5082658144567704, 0.17078587051767857, 0.5140776205770978, -0.06827343493216305]], "inverted": false, "swapped": false, "error_lsq": 0.0416999589671834, "error_max": 0.2867384327834306, "target": "315.xyz", "model": "7.xyz", "model_rescale": 3.7474275329858107, "target_rescale": 4.105574759760458},
{"mapping": [2, 1, 5, 8, 4, 3, 0, 7, 12, 11, 10, 6, 14], "R": [[0.6408601227200783, 0.6478728437228432, 0.4117755231599891], [0.561690200903489, -0.7613761281511329, 0.32374451298915946], [0.5232613317609133, 0.02381532800668884, -0.8518394266736715]], "T": [-0.17273913598895324, 0.009876635739588984, 0.02234953523988758], "aligned_model": [[-0.051749507785975535, -0.12088815425943367, 0.31829476168959697, -0.04963782574879927, -0.52182750381116, 0.49506330290205686, 0.27698823190102184, 0.02506198668414103, -0.6556900661340412, -0.5437354043284803, -0.09578904931294216, 0.5458701650115736, -0.2025322549484331], [-0.35642016528386844, 0.31968422064430974, -0.35531090355359113, -0.6575515383637583, -0.5947080720228822, -0.1849523221068277, 0.44563077664024364, 0.0534328826111229, 0.392656732552296, 0.07508840890888303, 0.6322164379635972, 0.24572880914884804, -0.008381573755859609], [-0.7258333697219492, -0.6603894749822045, 0.3945661878731231, -0.04544438548132327, -0.33097819992467714, -0.1514783013695294, -0.18277691572548393, 0.6726227094918681, -0.007322258696518744, 0.5169090858585458, 0.44900538533056544, 0.3304282966165971, -0.026138471059260128]], "inverted": true, "swapped": false, "error_lsq": 0.05230930169277776, "error_max": 0.296429707040124, "target": "315.xyz", "model": "8.xyz", "model_rescale": 4.019505241142653, "target_rescale": 4.105574759760458},
{"mapping": [7, 0, 11, 8, 4, 9, 1, 6, 2, 5, 2, 10, 12], "R": [[0.6076536019349151, -0.49798075890021976, -0.618685916940644], [0.532492823341734, -0.32250884285594295, 0.7825851004007618], [-0.5892440013653708, -0.8049864657526129, 0.06919752025936207]], "T": [-0.04176795297130707, 0.02044036866863919, 0.055609439434333975], "aligned_model": [[-0.07682613503289953, -0.31787057909699146, 0.13266436473521798, 0.07561438226390421, -0.6492097071682538, 0.5422414106665814, 0.3725567354186258, -0.0040329779156422566, -0.37741569163535554, -0.5227537846972565, -0.37741569163535554, 0.6812230296544505, -0.05934667369790022], [-0.3449602769235488, 0.18375555479706762, -0.45767346906145906, -0.6097960585048362, -0.34697993190077264, -0.3050126768185796, 0.4659939764280515, 0.249831948934344, 0.5018673368014119, -0.25437170187129166, 0.5018673368014119, 0.43009256941601515, -0.007500914715301014], [-0.771939521139628, -0.5098475155122184, 0.4137016743452809, -0.15690024181441123, -0.37288969618992907, -0.08705604271466358, -0.2378566359026861, 0.7440986641340737, 0.13004620522151206, 0.434628798710889, 0.13004620522151206, 0.43986049237038277, 0.07727790147963969]], "inverted": true, "swapped": false, "error_lsq": 0.05200257472912558, "error_max": 0.44666507758089236, "target": "315.xyz", "model": "9.xyz", "model_rescale": 3.877068213659057, "target_rescale": 4.105574759760458},
{"mapping": [8, 11, 4, 7, 1, 2, 9, 3, 12, 5, 6, 13, 15], "R": [[0.5937681887650456, -0.048576755939187644, -0.8031684983819409], [-0.6605819511688525, -0.5993590539825825, -0.4521064146847018], [-0.45942444841413144, 0.799005020754894, -0.38796926812293087]], "T": [0.005434388343760491, 0.11451579924688976, 0.009260041677612199], "aligned_model": [[-0.04546032314653729, -0.3604200557973763, 0.13752723530102073, 0.13073850900271078, -0.50309067793506, 0.5965088639859593, 0.40124762289491517, -0.1599756058887642, -0.6312425331055844, -0.6446186866745192, -0.03427945606836817, 0.6096573811309838, -0.07716359184025577], [-0.231472595660501, 0.432745205956037, -0.4182353181677421, -0.6746388867929682, -0.5878124996952834, -0.1732090050343743, 0.1798142388382686, 0.09038157389129653, 0.4936238946790909, -0.16247975101537765, 0.6340378618693205, 0.31578909166420016, 0.10856988285054658], [-0.6785078659335416, -0.5470994164710097, 0.4052630800765086, -0.15753422760052815, -0.023048280385739736, -0.08129800156048483, -0.5148709543918215, 0.6214841964630198, 0.10473132209787107, 0.34347540194208626, 0.3391451915940522, 0.44748616220264226, -0.0260563198233009]], "inverted": true, "swapped": false, "error_lsq": 0.04424351486054848, "error_max": 0.3269713124305741, "target": "315.xyz", "model": "10.xyz", "model_rescale": 4.260839863003843, "target_rescale": 4.105574759760458},
{"mapping": [0, 5, 2, 3, 9, 4, 1, 6, 11, 7, 8, 12], "R": [[0.4883240278221534, 0.701908677467697, -0.5185208311602314], [-0.8719180473055181, 0.4169748029348795, -0.2566922914704509], [0.03603557456849055, 0.577456684274212, 0.815625658713942]], "T": [0.057230089569763415, -0.006825585864911646, -0.004075382972675873], "aligned_model": [[0.28985046579492013, 0.17583642183527132, -0.39733922637858643, -0.31089574218447247, -0.6165242602955958, -0.4442361078880621, 0.37804978823223345, 0.6481911442223682, 0.3878359229584476, -0.2653427311757883, 0.09958115192652328, 0.013891822046871234], [0.020817251315965894, -0.6448768213231005, -0.48487851321930914, -0.2221633013700102, 0.2914893765405837, 0.34964103303114824, 0.5941790408126029, 0.014763089592546371, -0.45790329147662956, -0.08349171364719819, 0.7245303963407144, 0.07097195893561976], [-0.7409057203002807, -0.22265157039876912, 0.09426150848076112, -0.5489628374661495, 0.22888105642819487, -0.43382509355632703, -0.3809924748638741, -0.023036798501346628, 0.603945849897207, 0.6601406165582325, 0.29094552253110406, -0.011621981413247606]], "inverted": false, "swapped": true, "error_lsq": 0.03793927460482805, "error_max": 0.21927082511835605, "target": "315.xyz", "model": "11.xyz", "model_rescale": 3.890672605050136, "target_rescale": 4.105574759760458},
{"mapping": [7, 3, 9, 5, 8, 12, 4, 11, 0, 6, 2, 10, 13], "R": [[0.018993006210188346, 0.5545422259354776, 0.8319388110730411], [0.8035494407244649, 0.486661684289365, -0.3427370732150785], [-0.5949349225137984, 0.6750135737147542, -0.4363589271165843]], "T": [-0.1721009915593551, 0.001891144360736634, 0.14216709382338857], "aligned_model": [[0.14480289406506774, -0.42313801165512704, 0.1249488099302285, 0.07663224582683567, -0.6518003382331834, 0.5088594157681484, 0.0757576083548624, 0.02325954708838987, -0.5829083311449332, -0.586943124586269, 0.12819314375642787, 0.6528419245855651, -0.07107710189688782], [-0.26835513965378827, 0.2677004244217791, -0.5870026885713387, -0.6924794757395839, -0.3322650829148344, -0.17820801247739335, 0.5613490632727088, 0.16454204133961647, 0.3480409393434941, -0.2126489529078528, 0.610257568724823, 0.30904701321407074, 0.01713599533081242], [-0.6018107576808647, -0.7060009303185855, 0.5554295830369259, -0.10472033071650316, -0.27904449007690246, -0.10071016757344867, -0.19934424601819037, 0.6301641322841571, -0.10301077818636281, 0.4797124911719848, 0.3549530418276935, 0.2992179192711725, 0.008334821188676678]], "inverted": false, "swapped": false, "error_lsq": 0.04455777924677559, "error_max": 0.27537020217986585, "target": "315.xyz", "model": "12.xyz", "model_rescale": 4.124412569039231, "target_rescale": 4.105574759760458},
{"mapping": [4, 1, 7, 5, 0, 10, 2, 9, 6, 3, 8, 11, 12], "R": [[-0.9167774849679334, -0.06977404455466392, 0.3932564376616794], [0.09190386828209125, -0.9950538959292777, 0.03770176641424447], [0.38868074566494615, 0.07070591844004295, 0.9186555127178476]], "T": [-0.14977647438528105, -0.09306676494869108, 0.06273193698891369], "aligned_model": [[0.11555313925810021, -0.4486981296019692, 0.13501023935165848, 0.01367387748690213, -0.5213202255798172, 0.5861149177657048, 0.35816884638810353, -0.12106216662619795, -0.5584237328618548, -0.7848454449804795, 0.029982822333534526, 0.650898307340407, -0.035623768414967505], [-0.26320577159687436, 0.452120852280473, -0.4949734460950796, -0.8110105469532445, -0.3967783316444735, -0.14599461961410848, 0.3954262814691997, 0.09152999514615125, 0.40710596536617677, -0.2230638644153129, 0.5949854190283033, 0.4782208313780914, -0.07724907096678887], [-0.6576354486485472, -0.462892077846058, 0.4506046246647203, -0.11499422154176006, -0.26358373624409437, 0.04623425666374967, -0.4330115534925171, 0.6740753729500729, 0.23722397913705953, 0.36029122937170444, 0.15847590946806028, 0.2147294288372448, 0.02365252489011796]], "inverted": true, "swapped": false, "error_lsq": 0.04808298023326553, "error_max": 0.263622612268659, "target": "315.xyz", "model": "13.xyz", "model_rescale": 3.9028299243045295, "target_rescale": 4.105574759760458},
{"mapping": [2, 1, 4, 0, 8, 3, 6, 10, 11, 13, 9, 7, 15], "R": [[0.8200258010622493, 0.5689434185666526, -0.06213752539252766], [0.532380419337374, -0.7981321109791378, -0.2820571263594429], [-0.21006850001458566, 0.19821331916315765, -0.9573832594149253]], "T": [-0.1417546771850355, -0.04017842095473058, 0.0034543827008375293], "aligned_model": [[-0.13873764373840586, -0.2727291230305475, 0.23375215944429015, 0.2106940587592331, -0.5125368617460199, 0.44880271019209617, 0.2581782534844843, -0.0440414768005625, -0.5328290385885678, -0.7389947659793097, 0.08351851378342567, 0.5105669568432974, -0.08621506076428925], [-0.2884878664442176, 0.36087222175135114, -0.4471330628067616, -0.7612683021683202, -0.674346821715439, -0.16569776672485442, 0.38756195578693764, 0.04974916411253155, 0.5809948071037382, -0.1014825374059614, 0.6762698763234855, 0.3397413092795522, 0.05034071629047125], [-0.6897144901906604, -0.49071444701559225, 0.39428146595176905, -0.20397194394885995, -0.23499513113052484, -0.1520329521206441, -0.3151363945043756, 0.7367467950191217, -0.08057747396178207, 0.525179821450354, 0.1952857753916431, 0.5042192378918599, 0.04460002537744494]], "inverted": true, "swapped": false, "error_lsq": 0.045837889315153944, "error_max": 0.2432210547348174, "target": "315.xyz", "model": "14.xyz", "model_rescale": 3.942246331269136, "target_rescale": 4.105574759760458},
{"mapping": [7, 8, 5, 2, 0, 9, 6, 3, 13, 1, 4, 10, 14], "R": [[0.7626804549297657, 0.6202410910071376, -0.18335624531060274], [0.30139124214961854, -0.089989679294005, 0.9492445294949414], [0.5722602928944454, -0.7792322161248457, -0.25556860239381124]], "T": [-0.05183944252512053, 0.12227384551896345, 0.05449524837396546], "aligned_model": [[0.14425514101591824, -0.3732600189645925, 0.05787094367156265, -0.017749321817862207, -0.4396215203402441, 0.6646936450275839, 0.213444318846698, -0.22357024664456504, -0.5581809493069859, -0.5476074169159864, 0.047945663761348484, 0.5678715503743905, -0.11666310684814069], [-0.3418654743376538, 0.2151977469627513, -0.4025865055907726, -0.6253342186059755, -0.3889923695115244, -0.19095327420611855, 0.23532941007996094, 0.05736934433314525, 0.7484015473500467, -0.3511477765498362, 0.5592702951059694, 0.44194232304679537, 0.05048264530572555], [-0.6362298157419553, -0.6432832894656376, 0.3940019510804859, -0.0957311300188198, -0.30460000411768495, -0.13689809540600958, -0.4247044538511457, 0.7493649247471369, 0.16635331028687728, 0.4866150455445455, 0.4323060641725003, 0.20539543325689474, 0.04058034772256619]], "inverted": false, "swapped": false, "error_lsq": 0.048252331587131075, "error_max": 0.282635826574122, "target": "315.xyz", "model": "15.xyz", "model_rescale": 4.355366556412066, "target_rescale": 4.105574759760458},
{"mapping": [10, 8, 7, 5, 11, 6, 2, 0, 9, 1, 4, 12], "R": [[0.9881752584169611, 0.13319084682808718, -0.07595957460247629], [-0.08783628087963352, 0.8977988040127874, 0.43155775427449206], [0.12567595797847045, -0.41978268882175895, 0.898881553794363]], "T": [-0.07566113610722813, 0.07086783773066326, -0.04297176758677347], "aligned_model": [[-0.15569197491997344, 0.4586211387697703, 0.028967213746033976, -0.6394751101986109, -0.6646749213969534, -0.421412969523511, -0.17690401124900554, -0.15981906813921976, 0.5618500060560988, 0.21869181232403423, 0.5350711512633755, 0.012585287899742018], [-0.6421750365701488, -0.44917210278605507, -0.36184563500693806, 0.4343613354534825, -0.4231831012287686, -0.1348507579195234, 0.3134418779467581, 0.6159317640402922, 0.012271293170580275, 0.07669134640260002, 0.5046031146981084, 0.06670232954059292], [-0.014381724837132973, 0.21743835298191683, -0.6370473290973141, -0.18058961005436958, -0.34535821510574477, 0.39084398062434367, -0.6559527818285291, 0.4988935944736598, -0.4758128839320731, 0.6778061198334395, 0.002869196667652868, -0.029450238516427932]], "inverted": true, "swapped": true, "error_lsq": 0.04750030156795696, "error_max": 0.28834300622105447, "target": "315.xyz", "model": "16.xyz", "model_rescale": 3.795458400668931, "target_rescale": 4.105574759760458},
{"mapping": [7, 4, 6, 3, 0, 8, 11, 5, 2, 1, 10, 9, 12], "R": [[-0.6334772135304754, -0.04389970529454214, 0.7725150068527581], [0.4436663843362675, 0.7973555037706257, 0.40912631303385394], [-0.6339296170298782, 0.6019111366985529, -0.48562971920034737]], "T": [-0.05925657321468922, -0.016993800169557236, -0.08306115156280741], "aligned_model": [[-0.0618084862675119, -0.33666210597405055, 0.14189736848311263, 0.08760917715024027, -0.48602523909242856, 0.5855567773935257, 0.5264059182089252, -0.09844401271722023, -0.6281557875021834, -0.6408580809792153, -0.0836069921226512, 0.5182185016274294, -0.10469835634884761], [-0.28202383873573633, 0.3836002287934673, -0.46493423669884126, -0.8027197183847968, -0.42726056052206124, -0.21804828061767628, 0.40154972533953476, 0.0920879333353381, 0.3782636981372024, -0.1809106005835223, 0.6713901112723084, 0.31147796996898824, 0.14464126207830819], [-0.683916580050673, -0.5050402775132983, 0.38197896293181355, -0.1990230827491929, -0.05939517084988699, -0.12152686465743198, -0.4534138653599587, 0.6844947903890679, 0.0641565054499299, 0.5082658144567704, 0.17078587051767857, 0.5140776205770978, -0.06827343493216305]], "inverted": false, "swapped": false, "error_lsq": 0.0416999589671834, "error_max": 0.2867384327834306, "target": "315.xyz", "model": "17.xyz", "model_rescale": 3.7474275329858107, "target_rescale": 4.105574759760458},
{"mapping": [11, 7, 8, 3, 1, 10, 12, 4, 2, 0, 9, 5, 13], "R": [[0.8200806439036382, 0.2167831316153243, -0.5295968384928738], [-0.4695851615010295, -0.27397681789885053, -0.8393011851249061], [-0.32704359585939924, 0.9369854732604306, -0.12288494336687819]], "T": [-0.06852597906070795, 0.01595660503859125, -0.00422332359733156], "aligned_model": [[0.07890537674708661, -0.2554597993342001, 0.1708396394694188, -0.01484657563282199, -0.573325855494647, 0.5562689369530771, 0.40424851565847864, 0.04567182404703812, -0.7383006761866926, -0.6265162653693521, -0.032201580546495634, 0.5649680462593385, -0.16082290471110383], [-0.25061836629037587, 0.3883188991620384, -0.44602634726435164, -0.6515316499447504, -0.35709044441432647, -0.26069032650861423, 0.4986971653252131, 0.18906454190312474, 0.24480727547343517, -0.270636711433708, 0.6658286660071753, 0.22686087049587647, 0.03013012087177682], [-0.6591572452960706, -0.6317751945923739, 0.4918918884913993, -0.11452804886399363, -0.29496616608262627, -0.10188170087393612, -0.32466481889823007, 0.7996537353989273, 0.04927386830093952, 0.5486360636970101, 0.15092501929133945, 0.27402952430547195, 0.045733363331896114]], "inverted": true, "swapped": false, "error_lsq": 0.04240422493697798, "error_max": 0.2923455251883926, "target": "315.xyz", "model": "18.xyz", "model_rescale": 3.922800546911778, "target_rescale": 4.105574759760458},
{"mapping": [12, 5, 11, 13, 8, 7, 3, 10, 1, 6, 2, 9, 14], "R": [[-0.6271286129483298, -0.6884689455673291, -0.36430785581828223], [-0.018282778858712934, -0.45457191391209495, 0.8905223832557487], [-0.7787011254767182, 0.5651326269750363, 0.27248792837406083]], "T": [-0.14110811360357822, -0.011554048531660964, -0.009441916062075444], "aligned_model": [[0.14256137056967738, -0.42667049076746283, 0.30188478614002606, 0.02146912126325351, -0.6211040581443255, 0.6241385203334254, 0.3000859779040466, -0.054420620485360144, -0.6755507136941226, -0.6829451541867803, 0.0434288610197788, 0.4920561744927682, -0.04550509258580007], [-0.23938631722717926, 0.19517706686090708, -0.3947920790462315, -0.6757467435500212, -0.33608257618258996, -0.19462228133956547, 0.3082238796897409, 0.042030258608849194, 0.49240825535293653, -0.06972064781775468, 0.5725762256654672, 0.3264225911850299, -0.01937393881707518], [-0.7067496857423261, -0.6863836379722937, 0.39568709488736376, -0.07448385182269096, -0.20610350861836227, -0.14762523793317467, -0.3444629509633111, 0.7906922275841364, 0.08207926950516323, 0.4134020741904057, 0.36186239383889063, 0.37476891304122395, -0.0195128117852712]], "inverted": true, "swapped": false, "error_lsq": 0.033032037247280224, "error_max": 0.18359039350217116, "target": "315.xyz", "model": "19.xyz", "model_rescale": 3.9282355846067225, "target_rescale": 4.105574759760458},
{"mapping": [8, 9, 3, 4, 11, 6, 7, 1, 10, 0, 2, 5, 13], "R": [[0.3367364477445405, 0.4436697816410518, -0.8305213360407846], [0.9175846120548699, -0.35255111106139725, 0.18370137127819267], [-0.21129847249921713, -0.823932545144295, -0.5258213732547792]], "T": [0.020754720351470544, 0.03361643431075865, -0.10680263827730893], "aligned_model": [[0.08993045968679611, -0.3375078635645977, 0.21400085685080997, -0.10233641682873576, -0.6345749644469635, 0.65166613340465, 0.3106805916876742, -0.10241081370626967, -0.6628466623648198, -0.48202386336137926, 0.01722149327891031, 0.5213332473839085, -0.06370351616085876], [-0.4358479087153013, 0.0688852637311887, -0.4221801800894064, -0.5861459950645919, -0.24704645256440158, -0.1329495954986259, 0.5501364245398438, 0.10524958796574316, 0.5237296863308486, -0.3319423886878776, 0.6898211190344589, 0.16675801712118504, 0.05864611527944979], [-0.7013104404487411, -0.6974199897620749, 0.45999577930250635, -0.09626945156770528, -0.17845819967236487, -0.13921560867256613, -0.2997996983671237, 0.6288601505222371, 0.07951026716440426, 0.3969606304158255, 0.39129287305862015, 0.3615824697794705, 0.027441506457265424]], "inverted": false, "swapped": false, "error_lsq": 0.044559980360460445, "error_max": 0.24775312629758592, "target": "315.xyz", "model": "20.xyz", "model_rescale": 4.067790424073018, "target_rescale": 4.105574759760458},
{"mapping": [6, 2, 10, 11, 3, 13, 5, 9, 0, 12, 7, 1, 14], "R": [[0.49504176990634013, -0.6521411003906357, -0.5741477433808214], [0.219029304052199, -0.5457934247579779, 0.808786561125596], [-0.8408090211304872, -0.5261383113519191, -0.12735253163303617]], "T": [-0.022388040071818244, 0.07788839106598569, -0.1040512629664285], "aligned_model": [[-0.00932919002099944, -0.5167004133357735, 0.3419918380895678, -0.07069372531509108, -0.722218810778952, 0.5611856285052607, 0.49552139838348874, -0.00747592627897703, -0.6053417496320156, -0.4553047266453223, -0.10231335951993292, 0.5134912897097703, -0.0033835713018992714], [-0.2536258130128093, 0.2475596285145991, -0.3454181942215244, -0.565078460981507, -0.36300743009555747, -0.2975856245678199, 0.2806411120245797, 0.07264043807905751, 0.47850761189739677, -0.3063339937831556, 0.6362809276233565, 0.3866546264154982, 0.035878865490399314], [-0.7654775261467811, -0.6337576725554996, 0.4953865242950939, -0.05617181100148157, -0.3030306184397237, -0.011398459422702095, -0.30185740180109943, 0.6729944160773242, -0.03980764903167845, 0.39791503905467773, 0.3842864026266817, 0.4352092094397585, -0.04112016488481722]], "inverted": true, "swapped": false, "error_lsq": 0.04215871511166161, "error_max": 0.2634629494164478, "target": "315.xyz", "model": "21.xyz", "model_rescale": 4.186013935880536, "target_rescale": 4.105574759760458},
{"mapping": [2, 1, 11, 8, 9, 5, 0, 4, 7, 10, 6, 3, 12], "R": [[-0.9057732457627472, 0.4149978677680198, 0.08574145443375152], [0.42155002871153996, 0.8617575024745007, 0.2822580029374025], [0.04324812774812058, 0.2918060600414392, -0.9554992531495637]], "T": [-0.06341823305350539, -0.02720758064838723, -0.00022840002544961824], "aligned_model": [[0.25622773857577874, -0.4483329334363426, 0.12401074401090878, -0.002806437689873778, -0.5399366694229712, 0.6835305695493588, 0.14015721565524336, -0.17767858865612715, -0.5914164695256451, -0.757196683262922, 0.10405175646746706, 0.6670370102259476, -0.03821857063169718], [-0.28332791636485877, 0.25376216180260647, -0.468655321315944, -0.7590837389269164, -0.41271194022233376, -0.044922867404724995, 0.481527816309233, 0.17421054113745854, 0.4703053873389601, -0.08119838309097417, 0.46926202423650143, 0.22755834168759775, -0.01961241180409228], [-0.618231659983392, -0.5552238172935193, 0.4108193460186761, -0.22011844052268215, -0.09905819708996137, -0.20095814625192282, -0.47090214432374317, 0.6882419770586267, 0.1094185281010797, 0.4602668637009984, 0.1877199520622514, 0.5036248694076642, 0.03757115732567749]], "inverted": true, "swapped": false, "error_lsq": 0.04806313431700849, "error_max": 0.3021862965532363, "target": "315.xyz", "model": "22.xyz", "model_rescale": 4.166573947596378, "target_rescale": 4.105574759760458},
{"mapping": [1, 5, 3, 2, 6, 4, 7, 9, 13, 12, 10, 8, 15], "R": [[0.518275122884001, 0.8364623184360298, 0.1781058304385234], [0.5630258388585385, -0.17696272928882675, -0.8072707706961085], [-0.6437334866054533, 0.518666542471434, -0.5626652787790585]], "T": [-0.06135030209583106, -0.04171872365193779, 0.1473595839100488], "aligned_model": [[0.0012303590876543286, -0.31792255774059475, 0.2844933811061975, -0.0035919668315197023, -0.5386197738628891, 0.5867805961176223, 0.10981235142997522, 0.056464023421569434, -0.5578444721892514, -0.6445881936482522, -0.17319933025913722, 0.6826470139472496, -0.06623274871949955], [-0.2826499215829333, 0.30602419052907376, -0.4487301199889477, -0.6714509978080198, -0.42999083179591774, -0.3112069039004856, 0.5452268239721992, 0.08231020481886991, 0.5949971509049515, -0.2531815921885751, 0.6966419255397217, 0.22894667593678247, -0.049822911054206144], [-0.5205737058551155, -0.5627865450462396, 0.42333154273397866, -0.0826631905771669, -0.30048665457307966, -0.0697946765868209, -0.22356886985485544, 0.7228470085227483, -0.10739436217567119, 0.3583059569932575, 0.20440850789879747, 0.31254849215559954, 0.0789967845743207]], "inverted": true, "swapped": false, "error_lsq": 0.043408865394903545, "error_max": 0.23483475669664045, "target": "315.xyz", "model": "23.xyz", "model_rescale": 4.274766983524099, "target_rescale": 4.105574759760458},
{"mapping": [5, 7, 10, 6, 8, 1, 0, 4, 3, 9, 12], "R": [[0.25875455680566084, -0.8883435967246172, 0.3793306387449837], [-0.4001663748482154, 0.258837035896498, 0.8791304006170831], [-0.8791546802316099, -0.3792743637614944, -0.2885099742126256]], "T": [0.0037314389820825994, 0.08379376999848635, -0.0882358208722065], "aligned_model": [[0.40632070853678603, 0.1516825708158998, -0.47708880318044367, -0.41760530133483226, -0.5900895111647046, -0.5623918182511788, -0.033705183674248865, 0.18799473764855296, 0.5143304864068032, 0.2191230766913863, -0.018676258535945026], [-0.3056487688475982, 0.7835143534725024, 0.4928005677349913, -0.20487477119403363, 0.48436155990808943, -0.24908570565774496, -0.6468938704958571, 0.035492842777227876, -0.257415180333247, 0.6676365583939212, 0.11569894548523213], [-0.48220127596878004, -0.28727195205845785, -0.4305482518891959, -0.3869102236721059, 0.24438204504704275, 0.32996753492950126, 0.16174294462948752, 0.637667525669776, 0.23059699232393388, 0.36995571577962255, -0.007814620769247077]], "inverted": false, "swapped": true, "error_lsq": 0.04596369979710932, "error_max": 0.21306809891005923, "target": "315.xyz", "model": "24.xyz", "model_rescale": 3.7841303162186577, "target_rescale": 4.105574759760458},
{"mapping": [14, 10, 3, 13, 11, 12, 9, 4, 0, 6, 8, 2, 15], "R": [[-0.8441434639673165, -0.192226770445972, 0.5004704596329057], [-0.48850862647546167, -0.10878558475731981, -0.8657511296025355], [0.22086451525837777, -0.9753022943031151, -0.0020737952556215133]], "T": [-0.12474817055735743, 0.09994507233141159, 0.027103729433793446], "aligned_model": [[0.24589774644261297, -0.40900945048056303, -0.0015558079751994969, 0.05536696642527386, -0.5624396666086564, 0.544078767902804, 0.3090264301513526, 0.027562082396646953, -0.6359463967218936, -0.5166215433859571, -0.006151219138623265, 0.5223257143596679, -0.15310494150834048], [-0.11576462304403712, 0.22227993405949623, -0.5699411087368549, -0.6178113507035887, -0.5051637190015744, -0.23465283531149395, 0.2800570085843527, 0.06794055305522766, 0.6267998259196018, -0.24531597845630448, 0.6595995912276863, 0.3825546396085692, 0.05653175618143261], [-0.6402716475789068, -0.6866783182667566, 0.4573106957283333, -0.22663679136012757, -0.1509329917744866, -0.09893861670088072, -0.3215221369693457, 0.7568171255348538, 0.0764027308369906, 0.5263596945658373, 0.176031115202915, 0.292094762997248, 0.07313466599407906]], "inverted": false, "swapped": false, "error_lsq": 0.03817018771245113, "error_max": 0.2439154525852956, "target": "315.xyz", "model": "25.xyz", "model_rescale": 4.19342608120988, "target_rescale": 4.105574759760458},
{"mapping": [10, 8, 7, 5, 11, 6, 2, 0, 9, 1, 4, 12], "R": [[0.9881752584169611, 0.13319084682808718, -0.07595957460247629], [-0.08783628087963352, 0.8977988040127874, 0.43155775427449206], [0.12567595797847045, -0.41978268882175895, 0.898881553794363]], "T": [-0.07566113610722813, 0.07086783773066326, -0.04297176758677347], "aligned_model": [[-0.15569197491997344, 0.4586211387697703, 0.028967213746033976, -0.6394751101986109, -0.6646749213969534, -0.421412969523511, -0.17690401124900554, -0.15981906813921976, 0.5618500060560988, 0.21869181232403423, 0.5350711512633755, 0.012585287899742018], [-0.6421750365701488, -0.44917210278605507, -0.36184563500693806, 0.4343613354534825, -0.4231831012287686, -0.1348507579195234, 0.3134418779467581, 0.6159317640402922, 0.012271293170580275, 0.07669134640260002, 0.5046031146981084, 0.06670232954059292], [-0.014381724837132973, 0.21743835298191683, -0.6370473290973141, -0.18058961005436958, -0.34535821510574477, 0.39084398062434367, -0.6559527818285291, 0.4988935944736598, -0.4758128839320731, 0.6778061198334395, 0.002869196667652868, -0.029450238516427932]], "inverted": true, "swapped": true, "error_lsq": 0.04750030156795696, "error_max": 0.28834300622105447, "target": "315.xyz", "model": "26.xyz", "model_rescale": 3.795458400668931, "target_rescale": 4.105574759760458},
{"mapping": [1, 2, 5, 6, 0, 8, 9, 10, 3, 7, 4, 11, 12], "R": [[0.1698565761138639, 0.5297419502415278, 0.8309766601446628], [0.3623015385989996, 0.750607172611762, -0.5525635416425649], [-0.9164531295596482, 0.3949206737790258, -0.06443075928659835]], "T": [0.05336087051449332, 0.05740042381785678, -0.050564337241115635], "aligned_model": [[0.1633287691210509, -0.3918861593196558, 0.11408702090609549, 0.0913000169452701, -0.6857059160401575, 0.6440307608142259, 0.026380356496575615, -0.005816095452506019, -0.6159772314960275, -0.5068162918491519, 0.030638294906618214, 0.6065709774638467, -0.050705820637059744], [-0.24122853833653982, 0.2915507337014939, -0.508742599231706, -0.7638954931053902, -0.18951613703689804, -0.36821807388357464, 0.40549133701011314, 0.14981933685777343, 0.348734051662785, -0.2214668167135452, 0.7435146063199056, 0.3943656611764684, -0.033294375038372535], [-0.5496444658676469, -0.772896413715965, 0.4420357845525694, -0.1228180408774924, -0.3405396621919752, -0.02392441956386014, -0.30052244999546956, 0.6534550230897583, 0.05983394776152271, 0.46774320423790994, 0.42650399723925525, 0.25273023592872207, 0.04121354761242443]], "inverted": false, "swapped": false, "error_lsq": 0.04775420100433647, "error_max": 0.32694511733934184, "target": "315.xyz", "model": "27.xyz", "model_rescale": 3.6321398670334006, "target_rescale": 4.105574759760458},
{"mapping": [12, 7, 13, 6, 4, 9, 8, 2, 3, 1, 0, 10, 14], "R": [[-0.040733789640095996, -0.7057525228629995, 0.7072864588369184], [0.682532102807615, -0.536632606991957, -0.4961606330111562], [0.7297195947886913, 0.4625352111845401, 0.503557833218689]], "T": [-0.005368747233792853, 0.07356178885944234, 0.0463386800032642], "aligned_model": [[0.19439368633560106, -0.4157218659572436, 0.1643687419804112, 0.01725233335204454, -0.643733242675048, 0.5830731021564652, 0.1267246867946496, -0.19577261689994171, -0.5187025510354669, -0.5584524240702575, 0.04131477202478835, 0.6506898969665492, -0.026005837113426848], [-0.15164959865108205, 0.1778895780835923, -0.604186260970221, -0.6663068879538628, -0.4137519630625599, -0.24190082066558335, 0.38445736488100746, 0.001579233497055299, 0.5255418669014318, -0.11871524653425702, 0.6019215574943282, 0.4822407118958585, 0.029994158466805254], [-0.7236512757299046, -0.6029789728858247, 0.4686230600380888, -0.19028351871110916, -0.15733589010003612, 0.018201638615386886, -0.34471743015403256, 0.8157595933348895, -0.015000499074340548, 0.3694411161184562, 0.3750761103904504, 0.13142819893720975, 0.08860815743051934]], "inverted": true, "swapped": false, "error_lsq": 0.04252792868761574, "error_max": 0.3293457067577434, "target": "315.xyz", "model": "28.xyz", "model_rescale": 4.156811204709835, "target_rescale": 4.105574759760458},
