[{"mapping": [11, 15, 12, 13, 8, 6, 14, 0, 4, 7, 1, 5, 10, 16], "R": [[-0.9268836578219527, 0.21873870755284813, -0.30502469191969867], [0.2275100060459731, -0.31894676239365155, -0.9200609544522412], [-0.298539581984632, -0.9221856323846721, 0.24586129710006005]], "T": [-0.012585339013760119, 0.08851285806714049, 0.10697164280278207], "aligned_model": [[0.11909691959189399, 0.2551858638655523, -0.5224927410938106, -0.33353303736324924, -0.7024866046740934, -0.11882474901281899, -0.7329292387852651, 0.07948044520049535, -0.345814150422211, 0.09656082945163785, 0.7434006790011508, 0.21854390580154653, 0.6052968817806664, 0.010007097786808562], [-0.6548181325423927, -0.5005343336629092, -0.4907770824179406, -0.4246603088343923, 0.23533615420459572, 0.5183232521474278, 0.19056481897858873, 0.5773739652972371, 0.6250424660929825, -0.08581042621698542, 0.41558201019545177, 0.7999165549583153, -0.03704392028920628, 0.06677831389926316], [0.3782834244996507, -0.17361337633764598, 0.3214530422582238, -0.29821442509535045, 0.5024560206540319, -0.46575940562376617, -0.1998782997125729, 0.6015600187730464, 0.10971997870405072, 0.7687776008866561, 0.21421799261885605, 0.04102312636869436, -0.06961022142671225, 0.16717261061267094]], "inverted": false, "swapped": true, "error_lsq": 0.046913871242528146, "error_max": 0.30275517239293914, "target": "316.xyz", "model": "0.xyz", "model_rescale": 3.8414455957264533, "target_rescale": 4.181726478252338},
{"mapping": [12, 13, 9, 15, 11, 10, 1, 7, 4, 0, 3, 14, 6, 8, 16], "R": [[-0.2675322760470906, -0.06529014761059124, -0.961334321606199], [0.9579852333198148, -0.1250843851687607, -0.2581049967128363], [-0.10339619922532683, -0.9899955016119721, 0.09601110755436681]], "T": [0.007439750918852623, 0.06494607169895429, -0.07773950598201762], "aligned_model": [[-0.7710683011108997, -0.5560103576427885, 0.14145630580156465, -0.3218697806136745, -0.5769964417664595, 0.24398955148869655, 0.6716505918061387, -0.145971366923476, 0.2846592538508415, 0.42114978747675136, 0.6428888139024677, -0.2564046898240853, 0.3695512504023169, -0.27017510162567193, -0.004805361717177711], [0.1543769105173904, 0.17411349154883757, -0.6820156087481667, -0.38514437292671844, -0.47691665250878823, -0.4728098692807695, -0.43059485622653026, -0.2676393993349699, 0.6088261985713742, 0.11428352479338319, 0.07639495727020253, 0.7899494212776975, 0.500794649266171, 0.6222390775562262, 0.021187056267674864], [0.08812791863376196, -0.5262217503658139, 0.2227325720765745, -0.5094567609545494, 0.013421815384153685, -0.366853389998714, -0.020695515453659726, 0.5105976023743274, 0.08429990027047429, 0.4866085903233943, -0.45436395129462964, -0.24573676213287643, -0.5282457992817271, 0.43828687807410316, -0.027319560315284153]], "inverted": false, "swapped": true, "error_lsq": 0.045546469281277875, "error_max": 0.3167038764138075, "target": "316.xyz", "model": "1.xyz", "model_rescale": 4.316132596720782, "target_rescale": 4.181726478252338},
{"mapping": [7, 11, 9, 4, 0, 8, 3, 14, 10, 12, 2, 16], "R": [[0.4261063272287469, -0.7281722316972814, -0.5368413162943301], [-0.6173017832848695, -0.6678256570387686, 0.41586945085454063], [-0.661340990903292, 0.15418849757922234, -0.7340667551151694]], "T": [-0.010905329823838295, 0.08784504475550733, -0.07360792862756685], "aligned_model": [[-0.09766762094829803, 0.5404983576341372, 0.21740369535259915, -0.5837852556814982, -0.5812706371581849, -0.5642142326252118, -0.06842620218408002, -0.24966861017449293, 0.4065205696088862, 0.17837669053305333, 0.4090566928870733, -0.009014892612202783], [-0.5960774184938046, -0.42687164614035267, -0.575891381990944, 0.3514393949952537, -0.23443868987367059, -0.01706874203040004, 0.5043633106471905, 0.6119413123328742, 0.02336723388632525, -0.13273708077072735, 0.48472976540117385, 0.020020369778062208], [-0.0028195906655567593, 0.1993608668244566, -0.4901707733037378, -0.03839964178644459, -0.3243978068383736, 0.506711884230626, -0.6810422418303299, 0.46656058411011225, -0.5739301533269496, 0.6727837294337633, -0.21000025825929491, -0.07539813737884954]], "inverted": true, "swapped": true, "error_lsq": 0.04014498585187528, "error_max": 0.19517342349501973, "target": "316.xyz", "model": "2.xyz", "model_rescale": 3.795458400668931, "target_rescale": 4.181726478252338},
{"mapping": [9, 10, 5, 14, 7, 8, 6, 11, 13, 12, 0, 16], "R": [[0.10938937767165796, 0.06164003827306078, 0.99208591852435], [0.2909945110033837, -0.9563341973742608, 0.027333084319744988], [0.9504505029818804, 0.28570160765075203, -0.12254971549239407]], "T": [-0.015598252283747026, -0.0675413776136236, 0.08397228028365451], "aligned_model": [[-0.022237349743398103, -0.1702104556002083, -0.761678028702811, 0.12570993831706423, 0.2021783052514381, 0.18164008393834155, -0.45262335549471394, 0.6494836248502981, 0.5129025589191101, 0.7423852120851152, -0.4188468442864533, 0.0046001362097826334], [-0.08921635319236071, -0.553629148758854, 0.013166998992999362, 0.07273721958384104, 0.34956136716107566, 0.6365052163218629, -0.32622543084909084, -0.17142328698289366, -0.41362254327139947, 0.15239259746022377, 0.4533265892148384, -0.03780418039053305], [-0.7319209581675835, -0.32656132792465314, 0.11073568334052661, 0.8480539083333052, -0.42483740022481625, 0.429434524334968, 0.5998562407760183, -0.35233713668235084, 0.4465251636775258, 0.2206279750321501, -0.15720418334815306, 0.02639894149216316]], "inverted": false, "swapped": true, "error_lsq": 0.04697517253980767, "error_max": 0.2843407771802235, "target": "316.xyz", "model": "3.xyz", "model_rescale": 3.7530521520055578, "target_rescale": 4.181726478252338},
{"mapping": [15, 7, 12, 8, 13, 0, 2, 1, 3, 4, 16], "R": [[0.9511136130892515, -0.1672408076403622, 0.2596409198414406], [0.04715337660067665, -0.7522023395427935, -0.6572428770717131], [0.30522033692312306, 0.6373555935630812, -0.7075439161510668]], "T": [-0.06382784601812755, -0.05590588469200122, 0.03341207717305667], "aligned_model": [[-0.3305721800085868, -0.22166287160411716, 0.4127308520634597, 0.6027186720080394, 0.26713618010113305, -0.17315625631543857, -0.19610006319760437, -0.8147886968541772, -0.4019944487294109, 0.2848853869173512, -0.09099697193544308], [-0.7071670734853291, 0.13695722648831712, -0.43633607529641005, 0.27989828140068607, -0.7022402575766674, 0.6177214644702265, -0.4761558427487921, 0.2735334785233454, 0.11745677708201294, 0.40702298065918274, -0.04348760120222597], [-0.012547561620280083, -0.6132567288889907, -0.48596191323758725, -0.27784349484899473, 0.09037316709457754, -0.12892228638764625, 0.4313850447217205, 0.1657690782448114, 0.6669428954825912, 0.28442793561955154, -0.027535358934436857]], "inverted": false, "swapped": true, "error_lsq": 0.04544956312467493, "error_max": 0.29659818034946084, "target": "316.xyz", "model": "4.xyz", "model_rescale": 3.7855080009869324, "target_rescale": 4.181726478252338},
{"mapping": [2, 0, 7, 5, 9, 3, 10, 12, 14, 1, 4, 11, 13, 8, 15, 6, 16], "R": [[0.884359666313676, 0.464113246843687, 0.05006869982109417], [-0.46344935704644125, 0.8857750149841607, -0.024845850419144284], [-0.05588089164288877, -0.0012316387542834172, 0.9984366825268265]], "T": [-0.018920575346992284, 0.01960387659003377, 0.009754617198159843], "aligned_model": [[-0.1015000192592036, -0.6225880089379964, -0.12958475469150768, -0.2317911583158493, 0.4547080857261503, 0.037839246451930396, 0.4580315991230532, -0.18048076198684973, 0.3102447165676371, -0.7100751039395753, -0.6583682281355319, -0.43018818667114384, 0.19005675962646867, 0.4590379244802972, 0.7920745981312146, -0.27305163822881856, 0.007830322643792974], [-0.6025992003004396, -0.05947400354771997, 0.7473205193967624, 0.3959450387617779, -0.27885404973438976, -0.16337323106755394, 0.4138147989289713, -0.4907295247728359, -0.5672119444129202, -0.2881471805726596, 0.3857836538588917, -0.0747730698978159, -0.010416462821158191, 0.43922389336353274, -0.02833591880336405, 0.4502251191161085, -0.025913555886249023], [-0.3798986313830233, -0.4778991552829758, -0.1300717003104472, -0.6744651495296244, -0.4301462544459298, -0.6578637663877466, -0.37505526579766985, 0.42990148265885986, 0.08042852576599836, 0.036186480745382166, -0.053647700802879755, 0.6838378258213209, 0.702787727204042, 0.31105942620305366, 0.14870320948519306, 0.42934944132116465, -0.00021057187374417738]], "inverted": false, "swapped": false, "error_lsq": 0.0359844868882733, "error_max": 0.26138087076977834, "target": "316.xyz", "model": "5.xyz", "model_rescale": 4.2253639853439635, "target_rescale": 4.181726478252338},
{"mapping": [15, 13, 8, 7, 12, 4, 0, 9, 6, 2, 14, 5, 1, 16], "R": [[-0.970770478867843, 0.23931925748066377, 0.018192590733672992], [0.17245847744208975, 0.7482550020748242, -0.6406032511846638], [-0.1669213914303837, -0.6187412584181766, -0.7676565014471225]], "T": [0.0632900110638431, -0.034921046756892414, 0.0025989223962511743], "aligned_model": [[0.4810302151785134, -0.10923383463589303, -0.6067524738723499, 0.2700337246746378, -0.22174434989246997, -0.4203708407814296, 0.033367729670836496, 0.7736830278601624, -0.21435187342614195, 0.22766347756810026, -0.6731986101849737, 0.05389181946641952, 0.6841150954991496, 0.09592904563322273], [0.04096080066255623, 0.06528167182098768, -0.47065422191295847, -0.6761322348874211, -0.5552379732947754, 0.10545521782392372, -0.27057752282153796, -0.38853890570800376, 0.6264235173670892, 0.4292392211235248, 0.1372303857996072, 0.34784474644532126, 0.146822103743354, -0.09301765952667723], [-0.5605538377328024, -0.6979186089881595, 0.1255151468002384, 0.16506082189348492, -0.5355556776844296, 0.38375466369620925, 0.6626365234427039, 0.19362727173142966, 0.10049168213201362, -0.3291013320720748, -0.2241503199957139, 0.6485611319164056, 0.5236905756003537, 0.015500168191789548]], "inverted": false, "swapped": true, "error_lsq": 0.03473743358463448, "error_max": 0.2521795306442487, "target": "316.xyz", "model": "6.xyz", "model_rescale": 3.89814844738969, "target_rescale": 4.181726478252338},
{"mapping": [2, 10, 5, 13, 4, 9, 11, 14, 12, 7, 0, 8, 16], "R": [[-0.4925216981714877, -0.05334059580655082, 0.8686640073522536], [0.6201158393033821, 0.6788126737694942, 0.3932806882812484], [-0.610637963670239, 0.732371582442214, -0.30125262248775764]], "T": [-0.003950187858820592, 0.05741362748245436, -0.10751848904693248], "aligned_model": [[0.05022920727243495, -0.15501212182698879, 0.6176833283927103, -0.2390867086214069, 0.5346637679806194, -0.4813176092382798, -0.8035546694574442, 0.34263228509416577, -0.5181612741385737, -0.45068117291331244, 0.21397900808879303, 0.08937851731824309, -0.05212075704673867], [-0.31376645320669805, 0.2138770469731952, 0.44762495912801226, -0.6317737762633588, 0.11195537950883007, 0.650593900802539, -0.0018542797652663784, -0.5106747939550037, -0.32119636803932394, 0.513622269357987, 0.6748143082405275, 0.027298757883938957, 0.10326031480510656], [-0.5677123508341195, -0.7251134927564041, -0.26617548607933394, -0.1236867618088659, 0.21780168901179434, -0.40154768331393376, -0.13224195760289323, 0.31747910948282154, 0.376037189850126, 0.16191373204015494, 0.1442794803317343, 0.6951717234210057, -0.09393016090579105]], "inverted": true, "swapped": true, "error_lsq": 0.042795981034839475, "error_max": 0.23492036354416293, "target": "316.xyz", "model": "7.xyz", "model_rescale": 3.7474275329858107, "target_rescale": 4.181726478252338},
{"mapping": [12, 11, 15, 13, 10, 6, 14, 4, 2, 5, 8, 0, 7, 9, 16], "R": [[0.950265608293632, -0.3023050941716551, 0.07487926102867275], [0.31004023892397303, 0.8954690851880265, -0.31939030624063225], [0.029501253232687083, 0.32672120762262413, 0.9446602185692563]], "T": [0.001335106777152718, -0.08423452066137593, 0.06260034257708372], "aligned_model": [[-0.35485880508644835, 0.30653675718565887, 0.4083573559358341, -0.17936371465241752, 0.6335118625447645, -0.19871286139040634, -0.7179493535371743, -0.45261449932653997, 0.20619051905843616, 0.05297951529741404, -0.708820375825838, -0.03520618249258267, 0.14073195554959128, 0.6736429133519075, 0.027728635726547962], [0.17823885416842122, 0.24401510764749917, -0.3191184046376373, -0.4458201071434692, -0.25403247993859357, -0.6884099059607561, -0.39389807998723103, -0.12179312561989852, -0.6194468847202342, -0.20739685009680653, 0.30253271121935277, 0.3697453958263575, 0.5885905472077978, 0.3785543499747117, -0.02264316595992147], [-0.605095912626105, -0.6026780922324139, -0.4632973793048053, -0.5433152237394601, 0.07826241882100705, 0.40756056515144046, -0.03842029423311544, 0.5001299080959759, -0.09254615271492272, 0.8015381276820357, 0.06696252609204154, 0.5961225277150791, -0.027752113331714262, 0.06753320846650794, 0.05179054185470988]], "inverted": true, "swapped": true, "error_lsq": 0.0411159036633102, "error_max": 0.23846768258975137, "target": "316.xyz", "model": "8.xyz", "model_rescale": 4.019505241142653, "target_rescale": 4.181726478252338},
{"mapping": [12, 7, 15, 13, 14, 2, 10, 8, 4, 0, 9, 5, 16], "R": [[-0.3107016977491366, -0.7952174659766574, 0.5206665313052761], [0.9340578088083463, -0.15397311063169286, 0.3222239764613294], [-0.17606948861161342, 0.5864481758928612, 0.7906187906772648]], "T": [0.07106178858413041, -0.0410803881616134, 0.027923556496792942], "aligned_model": [[-0.3279364181859087, -0.6071016982010982, 0.17634245612101118, 0.2913306229030361, 0.36179240820192565, 0.5549155462197479, 0.23002897484049023, -0.2936894789062967, 0.21238547712857564, -0.25195376530440866, -0.38959300233490757, 0.35498000175152117, 0.008199647507488306], [-0.5576549857327616, 0.09988878379733036, 0.18938238342165165, -0.4025373283194307, -0.7739185625148866, 0.08541276048623302, 0.5608451303509382, -0.7015029556079376, -0.3546965400952612, 0.09632022554846921, 0.6271516155417696, 0.2105144595866434, -0.01582675834869908], [-0.43633475596955285, 0.05051995970851379, -0.6302624780706952, -0.5648330503511371, 0.07140620720696478, -0.29203499417945633, -0.1749044543818149, 0.3190030560231576, 0.5576268118141475, 0.6352628156660799, -0.05844085493387413, 0.6759633973997646, 0.02373183411178146]], "inverted": true, "swapped": true, "error_lsq": 0.04536539705781827, "error_max": 0.23926739817611833, "target": "316.xyz", "model": "9.xyz", "model_rescale": 3.877068213659057, "target_rescale": 4.181726478252338},
{"mapping": [4, 5, 9, 2, 10, 6, 13, 1, 0, 7, 12, 8, 14, 15, 11, 16], "R": [[-0.844806438422236, -0.4986689857290084, -0.1939879487812042], [-0.3246014561281909, 0.7658467585960216, -0.5550789466620273], [0.4253656971122557, -0.4059654973270137, -0.8088609514003231]], "T": [0.008193655775724767, 0.00856224357902325, -0.08890091248955628], "aligned_model": [[0.17269521665615437, -0.22082598174943233, -0.7409715331296257, 0.2752385578580037, -0.30923022294719854, 0.4041283416353137, 0.5872656456883875, -0.6648269813372281, -0.458941930876183, -0.4861809464489174, 0.32371200171266845, 0.2298919346367871, 0.7253333215908785, 0.08390227278361354, -0.16057397670889967, -0.04520719404722748], [0.11978098455213324, -0.32502542612050167, -0.03096329796150976, -0.4746185831598217, -0.49297866429023707, -0.43362050494761456, 0.009868510517321467, -0.4565352790450836, 0.2245744216879641, 0.46612031870943166, 0.6052615719120648, 0.7151956362879371, 0.21941730710072846, -0.25801550903438975, 0.27009744333212826, 0.04323994759299755], [-0.6884696262459842, -0.7214627093374755, 0.23263432668370215, 0.1295293018298723, 0.1875460030114381, -0.5033339980014035, 0.3529178264607151, -0.23283973882157466, -0.5655580586880946, 0.07395786144595576, 0.34235626078378456, -0.41362826155569105, -0.34329758264731547, 0.5596439751357039, 0.6504285724055101, -0.06538982534910123]], "inverted": true, "swapped": true, "error_lsq": 0.03463550032564629, "error_max": 0.22523940717356958, "target": "316.xyz", "model": "10.xyz", "model_rescale": 4.260839863003843, "target_rescale": 4.181726478252338},
{"mapping": [3, 9, 7, 0, 8, 4, 6, 2, 11, 12, 13, 16], "R": [[0.4048187853057598, -0.9141484899518094, 0.02131406536529025], [-0.9011071626466937, -0.394867165217708, 0.17912510505162738], [-0.1553307197253473, -0.09171946441054926, -0.9835953981987958]], "T": [0.04303885422388455, 0.031030707293216275, -0.08407749513187128], "aligned_model": [[0.40711944590442584, 0.16331629429552347, -0.3114076481719515, -0.441144284328302, -0.6993907777377457, -0.3481192905799919, 0.2413717256523688, 0.5947333331515664, 0.19289679352849998, -0.19868513486452644, 0.33790539704936495, 0.020302795194898235], [0.16952449157583216, -0.7747306037956514, -0.5354258803567487, -0.24859495888953836, 0.27795366237803687, 0.3913470352875524, 0.5974551342551373, 0.25009727411486377, -0.4253961647799276, 0.09849347773151756, 0.40307668133133207, -0.03072164331947219], [-0.7118014439431601, -0.13385405280743273, 0.09972465647934357, -0.5076989388569619, 0.1202654166861916, -0.42478332708305216, -0.4888886629372628, -0.0726105510974254, 0.5583463292990615, 0.6765820556920008, 0.4683402716411677, -0.06744367567696495]], "inverted": true, "swapped": true, "error_lsq": 0.041167680269231906, "error_max": 0.26109232500556695, "target": "316.xyz", "model": "11.xyz", "model_rescale": 3.890672605050136, "target_rescale": 4.181726478252338},
{"mapping": [2, 6, 5, 15, 10, 12, 14, 11, 13, 8, 0, 4, 7, 16], "R": [[-0.8169624410734236, 0.4980846525580143, -0.2906613988157266], [-0.06698156455052923, -0.5825595129105549, -0.8100233848030439], [-0.5727877790994812, -0.6422897265281292, 0.5092917310448941]], "T": [0.14970856436402796, 0.0472182007175938, 0.1167754037762914], "aligned_model": [[0.4757941973155439, 0.1793539672856381, 0.3343259019721966, 0.5314201129953042, 0.8000523720473136, -0.353922801220065, -0.4579592562518791, 0.25506834338066975, -0.0008294381912517246, -0.6338474282775928, 0.05793180320982734, -0.21073516065102105, 0.07753362812903686, 0.15568959304997324], [-0.2637976217753887, 0.21646889855132592, 0.7171378285113442, -0.5440598225301999, -0.018710731277432897, -0.49918452645157324, -0.10010315619543386, -0.5124721530967312, -0.6261772232676402, 0.19791827132276213, 0.6887647465301794, 0.4790175226368893, 0.1443755678715899, 0.0529749189980743], [-0.2697808893110436, -0.5864457508376629, -0.16781076161186598, 0.16251987894237463, 0.15459611072158075, 0.41574726181245863, -0.36541030886022613, 0.6816977759057068, -0.11647722035631351, 0.2481459670231163, 0.3852414316049722, -0.17052701716476326, 0.7991534839318413, 0.18414047355668617]], "inverted": false, "swapped": true, "error_lsq": 0.039405675899931, "error_max": 0.24409591098187053, "target": "316.xyz", "model": "12.xyz", "model_rescale": 4.124412569039231, "target_rescale": 4.181726478252338},
{"mapping": [7, 8, 4, 11, 0, 9, 12, 10, 14, 13, 3, 6, 16], "R": [[-0.03444519092393075, 0.012113335779749101, -0.9993331756318816], [0.9993771600343975, 0.00809094526950871, -0.034348633251238825], [0.007669473501894203, -0.9998938962214605, -0.012384485264671952]], "T": [0.14819543472866287, 0.07585201517789712, -0.057364776239033265], "aligned_model": [[-0.1361934223523144, -0.05019742466689334, 0.5214539699419948, -0.5487699912657742, 0.501246697902002, 0.07982467893085803, -0.6036026728324755, 0.287471783043046, 0.07201435614702206, -0.3266522691242671, 0.8058894169335233, 0.6435240504679189, 0.12128913438511667], [-0.2765880430203994, 0.6198219231529231, 0.5171403679673087, -0.3203588744930613, -0.038391544570862246, -0.7110697552630874, 0.3260102608441504, -0.46562797769633874, 0.8568849288648932, 0.36497828270652666, -0.0191710169590861, 0.46314692605659796, 0.030709898918912272], [0.4672280211142591, 0.5071400885152783, 0.19730298766932716, -0.08470316672029823, 0.5379352884827561, 0.14824462454198614, 0.06013042429389654, -0.3981368617404267, -0.14483394160207594, -0.5279553982162422, -0.3801368484039232, -0.416108215712795, -0.0144089212539028]], "inverted": false, "swapped": true, "error_lsq": 0.04376048875611946, "error_max": 0.24877656888344193, "target": "316.xyz", "model": "13.xyz", "model_rescale": 3.9028299243045295, "target_rescale": 4.181726478252338},
{"mapping": [12, 4, 8, 7, 11, 13, 0, 9, 14, 1, 10, 5, 6, 2, 3, 16], "R": [[0.5931304096516891, 0.7979867769605953, 0.10683361335488403], [0.12753877326613472, 0.03789121481636004, -0.9911095384232311], [-0.7949403615744952, 0.6014826345255377, -0.07929982284992321]], "T": [0.01954876165524587, -0.014839713108651877, 0.057813315964593916], "aligned_model": [[0.16351559444558056, 0.036110889053387475, -0.0817732618560105, -0.5738043163058717, -0.1127766543971608, 0.6215116822946413, -0.5630524413226216, -0.6044583308686526, 0.5631542091781074, -0.4550940298473953, -0.04849370204631262, -0.17121951356048137, 0.4770720080429072, 0.4732957055500693, 0.14216075204001397, -0.03830931881960423], [-0.7189160286277761, 0.4185161060990048, -0.13644421670876328, -0.36534465151192935, -0.7658433192119118, -0.4249077539192249, 0.30029982027824553, -0.2146847337847542, 0.03853960674095399, 0.4004241923406103, 0.043336803772804015, 0.7112726201988013, 0.5453145556689047, 0.043874320661141074, 0.6265607407642697, -0.04974578063927541], [-0.2959305992296241, -0.4013614266837656, -0.735203028147267, -0.015446718969729496, 0.3067607594261059, 0.06164972097450707, -0.17314526303942485, 0.5445090884166519, -0.5123713817618807, 0.5984249867250873, 0.7064347881321476, 0.07309399557003321, 0.02708360536801846, 0.43617137749941376, 0.4032757871826791, 0.0642144181613799]], "inverted": false, "swapped": true, "error_lsq": 0.04980777546676069, "error_max": 0.2993767056888171, "target": "316.xyz", "model": "14.xyz", "model_rescale": 3.942246331269136, "target_rescale": 4.181726478252338},
{"mapping": [9, 11, 10, 13, 14, 2, 5, 1, 0, 3, 6, 4, 12, 8, 16], "R": [[-0.6488834897926778, -0.7046061476518457, 0.2871939995294147], [0.3408876268573111, 0.06824184022930302, 0.9376239529244701], [-0.6802542484469072, 0.7063095836340775, 0.19591051410424534]], "T": [-0.10124191325063132, -0.05692226659549532, -0.040719081152555875], "aligned_model": [[-0.7855750946286055, -0.5357179928627991, -0.18558383880514118, 0.28855900720034006, 0.45746579021802564, 0.3115387985594386, 0.009027747339365497, -0.410009807089128, -0.4949835441518445, 0.2399805014690674, 0.5409412567408667, 0.1165144117585699, -0.22228326203379845, -0.18711399324526112, -0.16846594393688594], [0.13732341975053294, -0.5972593488815354, 0.21611005022837376, -0.6327279846641181, -0.37724665603421476, -0.0518374733220762, 0.6571180374326349, 0.6437140775274106, 0.35901998672610574, 0.5709508444933618, 0.26521774896153333, 0.1801957540985453, -0.8377920671758732, -0.36948202432215926, -0.06515967493687073], [-0.4409094969959737, -0.4441513994799503, -0.6298403689222211, -0.2575897600775461, 0.41612313614030694, -0.467421176786896, 0.16385902314006817, -0.3628401302714749, 0.36429761285786044, -0.2281095331480299, 0.04800085733232565, 0.5026686639907317, 0.09033820014807412, 0.7001325325326891, -0.04519568009944795]], "inverted": true, "swapped": true, "error_lsq": 0.043506301864084426, "error_max": 0.26340923399907673, "target": "316.xyz", "model": "15.xyz", "model_rescale": 4.355366556412066, "target_rescale": 4.181726478252338},
{"mapping": [7, 11, 9, 4, 0, 8, 3, 14, 10, 12, 2, 16], "R": [[0.4261063272287469, -0.7281722316972814, -0.5368413162943301], [-0.6173017832848695, -0.6678256570387686, 0.41586945085454063], [-0.661340990903292, 0.15418849757922234, -0.7340667551151694]], "T": [-0.010905329823838295, 0.08784504475550733, -0.07360792862756685], "aligned_model": [[-0.09766762094829803, 0.5404983576341372, 0.21740369535259915, -0.5837852556814982, -0.5812706371581849, -0.5642142326252118, -0.06842620218408002, -0.24966861017449293, 0.4065205696088862, 0.17837669053305333, 0.4090566928870733, -0.009014892612202783], [-0.5960774184938046, -0.42687164614035267, -0.575891381990944, 0.3514393949952537, -0.23443868987367059, -0.01706874203040004, 0.5043633106471905, 0.6119413123328742, 0.02336723388632525, -0.13273708077072735, 0.48472976540117385, 0.020020369778062208], [-0.0028195906655567593, 0.1993608668244566, -0.4901707733037378, -0.03839964178644459, -0.3243978068383736, 0.506711884230626, -0.6810422418303299, 0.46656058411011225, -0.5739301533269496, 0.6727837294337633, -0.21000025825929491, -0.07539813737884954]], "inverted": true, "swapped": true, "error_lsq": 0.04014498585187528, "error_max": 0.19517342349501973, "target": "316.xyz", "model": "16.xyz", "model_rescale": 3.795458400668931, "target_rescale": 4.181726478252338},
{"mapping": [2, 10, 5, 13, 4, 9, 11, 14, 12, 7, 0, 8, 16], "R": [[-0.4925216981714877, -0.05334059580655082, 0.8686640073522536], [0.6201158393033821, 0.6788126737694942, 0.3932806882812484], [-0.610637963670239, 0.732371582442214, -0.30125262248775764]], "T": [-0.003950187858820592, 0.05741362748245436, -0.10751848904693248], "aligned_model": [[0.05022920727243495, -0.15501212182698879, 0.6176833283927103, -0.2390867086214069, 0.5346637679806194, -0.4813176092382798, -0.8035546694574442, 0.34263228509416577, -0.5181612741385737, -0.45068117291331244, 0.21397900808879303, 0.08937851731824309, -0.05212075704673867], [-0.31376645320669805, 0.2138770469731952, 0.44762495912801226, -0.6317737762633588, 0.11195537950883007, 0.650593900802539, -0.0018542797652663784, -0.5106747939550037, -0.32119636803932394, 0.513622269357987, 0.6748143082405275, 0.027298757883938957, 0.10326031480510656], [-0.5677123508341195, -0.7251134927564041, -0.26617548607933394, -0.1236867618088659, 0.21780168901179434, -0.40154768331393376, -0.13224195760289323, 0.31747910948282154, 0.376037189850126, 0.16191373204015494, 0.1442794803317343, 0.6951717234210057, -0.09393016090579105]], "inverted": true, "swapped": true, "error_lsq": 0.042795981034839475, "error_max": 0.23492036354416293, "target": "316.xyz", "model": "17.xyz", "model_rescale": 3.7474275329858107, "target_rescale": 4.181726478252338},
{"mapping": [9, 5, 10, 0, 11, 12, 15, 6, 7, 13, 8, 4, 14, 16], "R": [[0.6434679751424903, -0.765255375357167, 0.018253094340000053], [-0.5277265141592554, -0.42621563664276113, 0.7347414220897901], [-0.5544850685269576, -0.4824152169740994, -0.6781016643634551]], "T": [0.07382064654227047, 0.011228808432283924, -0.002200083878176457], "aligned_model": [[0.4128069689276449, 0.019978783980825053, 0.6876097923550484, -0.2942657040047244, 0.31233480934190905, -0.21314540615090224, 0.6453211352180084, 0.1282008435423006, -0.11994208044730562, 0.2285761682708028, -0.7167374270816682, -0.3844712211239968, -0.35955370582497737, 0.06813469087991235], [-0.5605985848837566, 0.4893646348901848, -0.048681232944071756, -0.04353962772255464, -0.7004832637707176, -0.44041497912850613, -0.2184456492453254, 0.7320158971648819, -0.6065382682892143, 0.023894649529922887, -0.06252047395407058, 0.42064601816946817, 0.4267307026823491, -0.05102158098735676], [-0.4758005106314551, -0.578700161824846, -0.2221950146482847, -0.5968359467154878, 0.28076313306717604, 0.5938309877238356, 0.34137348768461856, 0.037213211071583915, -0.24940134649253562, 0.7094319691423098, 0.15112214330461496, -0.14800518253135017, 0.510646550575482, -0.02864860106400677]], "inverted": true, "swapped": true, "error_lsq": 0.038399158934103464, "error_max": 0.24636416248749518, "target": "316.xyz", "model": "18.xyz", "model_rescale": 3.922800546911778, "target_rescale": 4.181726478252338},
{"mapping": [15, 10, 2, 13, 0, 11, 1, 14, 7, 6, 5, 4, 12, 8, 16], "R": [[0.5526032603632729, 0.21265797212401666, -0.8058574461578065], [0.5268701289063195, 0.6600564536038289, 0.5354748783296702], [0.6457844097701024, -0.7204873801448836, 0.252706215099358]], "T": [0.07192444429617206, 0.02552768399891467, -0.0130054904014017], "aligned_model": [[-0.3008907054730454, -0.06554792445077123, 0.2164555147305755, -0.04111830328727267, 0.16586441402587013, -0.7029203201338147, 0.10716524788414006, 0.4834789336392396, -0.46150738187251605, 0.7591248531379073, 0.6266332414056721, 0.5725229998239418, -0.3989462450738176, 0.1198179439459878, 0.015918568585521306], [0.4112771999100262, -0.10267214466461128, 0.3822103776080791, 0.744714060507362, -0.6200758659050292, 0.22022596073768977, -0.6168016900553137, 0.5260743463784167, -0.3479610018871978, 0.19200675387198693, -0.4648699022381205, -0.12013923149068265, 0.48606501383807255, 0.03900031115164902, -0.011442682727747677], [-0.4708396735064047, -0.6402137890563127, -0.4650858763313772, -0.0358564638110514, 0.2447740488734112, -0.08511258984351916, -0.538516603743853, 0.43815164959294245, 0.2241554423742118, -0.16819878378137268, -0.13819938961938555, 0.3434987176053702, 0.44281336207450156, 0.7941211606154528, -0.002832044279284825]], "inverted": false, "swapped": true, "error_lsq": 0.04469241231181772, "error_max": 0.30280311399138904, "target": "316.xyz", "model": "19.xyz", "model_rescale": 3.9282355846067225, "target_rescale": 4.181726478252338},
{"mapping": [13, 12, 8, 11, 15, 7, 9, 0, 10, 3, 14, 2, 5, 16], "R": [[0.17577287007752335, -0.8136064163655812, -0.5542097954687077], [-0.8522356967441826, 0.1560268829613652, -0.4993495058456736], [0.4927455888586605, 0.5600894669980121, -0.6659591380994895]], "T": [0.026781264140879328, -0.11674832208427997, 0.09969781464352583], "aligned_model": [[-0.5609633968930737, -0.23402512240192286, 0.48626126691851584, -0.4451362856076455, -0.6535699097044935, 0.23857454696314262, 0.010925066483324308, 0.6843840436322527, -0.28018256666976366, 0.09746722416784204, 0.06085045440920698, -0.4370118350200637, 0.5258355843335094, 0.03911374847384512], [-0.5358855182845986, -0.742224573393131, -0.7635007726245168, -0.1518891013124381, 0.02102415019633895, -0.05589051426072218, 0.47058214539771714, 0.07257689390670703, 0.461598688111155, 0.36165296229130495, -0.7942946830711844, 0.016019686873250047, 0.2632286139313018, -0.10011589033634853], [0.1967034748379301, -0.32731992777792596, -0.05688482979847005, -0.5480291444944679, -0.024989755993790067, -0.5573627246280664, -0.46685947433534664, -0.05455360163947541, 0.09622787056655156, 0.6581852966853956, 0.5037238569643547, 0.44575715428333373, 0.5125264330464457, 0.03505852952721336]], "inverted": false, "swapped": true, "error_lsq": 0.04121240151363693, "error_max": 0.23591889981633274, "target": "316.xyz", "model": "20.xyz", "model_rescale": 4.067790424073018, "target_rescale": 4.181726478252338},
{"mapping": [2, 5, 13, 11, 14, 4, 12, 3, 6, 1, 0, 7, 9, 0, 16], "R": [[-0.9786972110440129, 0.1420023278615476, -0.14828050437118356], [0.14290559242130196, -0.047386499328533116, -0.9886012903775231], [-0.14741017858135763, -0.9887314390486875, 0.026084107945715918]], "T": [0.01587882547461511, -0.04474410582726511, -0.03499900361721374], "aligned_model": [[0.1294557187108929, 0.14138044582780435, -0.28280952911413804, 0.27699926392347335, -0.7442368926881882, -0.3820535547967579, -0.3826253465292222, 0.27664734845313066, -0.21659215624554487, 0.7297000941059539, 0.10383056343897001, 0.2287187777853682, 0.7377317532644352, 0.10383056343897001, 0.048466904332367576], [-0.03697541686654507, 0.6888584581613864, -0.48883173983726236, -0.8010225167347977, 0.012867546908314362, 0.4152647271280056, -0.7320849974727722, 0.565044366287488, 0.4884212086612328, 0.36236473360721966, 0.3181052132202304, -0.35445400925999143, -0.2382352466522667, 0.3181052132202304, -0.07653240044262496], [-0.6176896474226774, 0.06470945127595035, -0.5290651065576997, 0.022883148545769477, -0.24084315912445436, 0.13516182832118478, 0.06669459560660695, -0.3604684463213927, -0.46597073240301146, 0.0862959202695599, 0.558872881460657, 0.5472960677217452, 0.29315520981813176, 0.558872881460657, 0.01534468097011426]], "inverted": false, "swapped": true, "error_lsq": 0.042871936162505384, "error_max": 0.32007396235988017, "target": "316.xyz", "model": "21.xyz", "model_rescale": 4.186013935880536, "target_rescale": 4.181726478252338},
{"mapping": [13, 15, 6, 8, 7, 14, 12, 11, 3, 10, 9, 0, 16], "R": [[-0.7797423261669304, 0.19765208770806397, 0.5940837962850261], [0.5073051761959824, -0.35664904818689197, 0.7845016982978096], [0.36693781896739375, 0.9130909640621946, 0.17782443127822567]], "T": [0.08617475959093164, 0.027918360289780196, 0.01985038229990404], "aligned_model": [[-0.05038473714950607, -0.47884939529542675, 0.5991578459086285, 0.5274102620888632, -0.24494111831518672, 0.6480360466113286, -0.11373647359822488, -0.6291859275518938, 0.31347106412953646, -0.3392404383697635, -0.5370524322883258, 0.3198653683347892, 0.0440239709184069], [-0.32758297658312613, 0.05252396886736945, 0.368082594931084, -0.5895208935640098, -0.2170852342769998, -0.37545864524100137, -0.7384407327031252, -0.3350328269327566, 0.716435351926776, 0.5180526464416142, 0.27618733046443655, 0.15808653521426974, 0.012709541001562113], [-0.6010362234937044, -0.40151434399313685, -0.3611762408526514, 0.29915080999141236, 0.5771870253958098, -0.36102454394540734, -0.09979034649878679, 0.015753468356301682, -0.12175930523892683, -0.06683519333027549, 0.4847654761424005, 0.6683285222952922, 0.07083045650701816]], "inverted": true, "swapped": true, "error_lsq": 0.04363418087973673, "error_max": 0.27305275371692034, "target": "316.xyz", "model": "22.xyz", "model_rescale": 4.166573947596378, "target_rescale": 4.181726478252338},
{"mapping": [1, 3, 6, 4, 5, 10, 2, 9, 0, 8, 7, 14, 13, 11, 12, 16], "R": [[0.9060707096799465, 0.27226944909911066, 0.3238907472394739], [-0.4146448592110874, 0.7238386126647156, 0.5514773826236551], [-0.08429418597919683, -0.6339771367351402, 0.768744092860048]], "T": [-0.03752771487693095, 0.0822482457984498, 0.007012209460740673], "aligned_model": [[-0.8079296644013664, -0.26703676082138883, 0.23217448095613918, 0.15830903840370542, -0.3386853419709072, -0.48020689571332464, 0.0888753065463218, -0.7744021847061292, -0.4244006267850775, 0.36791660840329693, -0.39480684581280834, 0.7130738831040989, 0.5153796395567872, -0.14035818645575476, 0.41944044534124064, -0.08010965462407757], [0.04923590299392064, 0.01240774926210042, -0.08163666800260175, -0.4903609457243845, -0.3966013635291816, 0.49021885721043973, 0.49878709152606066, 0.3038691462737308, -0.4921620022182521, -0.45973850666695026, -0.0018505384747298792, -0.14721138889383986, 0.5547083873042276, 0.6397165465221643, 0.28609158364969006, 0.08423358638928419], [-0.3018273777821363, -0.6917155374534859, -0.6444838392758693, -0.1737630494641017, -0.48682206422738816, -0.2505129761386241, -0.39672794925372423, 0.279217740114197, 0.11864181769810696, 0.449498356864966, 0.5948622215991032, -0.07908274417054602, 0.047071490829482934, 0.5745914986553486, 0.6324821597509879, 0.05983078541777624]], "inverted": false, "swapped": true, "error_lsq": 0.04194292048455187, "error_max": 0.26993264801498396, "target": "316.xyz", "model": "23.xyz", "model_rescale": 4.274766983524099, "target_rescale": 4.181726478252338},
{"mapping": [1, 4, 6, 2, 14, 13, 15, 12, 7, 8, 16], "R": [[-0.5476519819244845, -0.8360947626393828, -0.03198209782328529], [0.761756407670655, -0.48241807997224, -0.43243493324267424], [0.34612784064111746, -0.26118641619136995, 0.9010977604734269]], "T": [0.04929185499342348, 0.03841735694741143, -0.054236792789606116], "aligned_model": [[0.457626758953164, 0.03239493639718665, -0.4432620435387086, -0.4310821722249807, -0.4584938285370167, -0.5215395911133318, -0.2221742549161994, -0.02185601938524548, 0.6691765565508198, 0.2101970048533447, 0.10890735691904278], [-0.22635304946387647, 0.654216792524969, 0.35859907796515367, -0.24834046720993258, 0.5679071915597088, -0.16054638917974362, -0.6018495012049333, -0.011178278498493968, -0.08860152990169869, 0.6577382790454667, 0.013994405606864078], [-0.7274010426973355, -0.19358729933907004, -0.47722492914225567, -0.25298083381302017, 0.23775813615494543, 0.35208175439357664, 0.06311083464609374, 0.7420438847806295, 0.2284251587502257, 0.4402122520804972, -0.03287148179270947]], "inverted": false, "swapped": true, "error_lsq": 0.04634093896859353, "error_max": 0.23874616564628845, "target": "316.xyz", "model": "24.xyz", "model_rescale": 3.7841303162186577, "target_rescale": 4.181726478252338},
{"mapping": [3, 6, 13, 8, 14, 12, 4, 5, 2, 15, 1, 0, 11, 7, 9, 16], "R": [[-0.30154162979443333, 0.6880373087661169, 0.6600585634978129], [0.953450458104524, 0.21599773373389675, 0.21042148883156925], [0.0022066810350535593, 0.6927839784288461, -0.7211417958980813]], "T": [-0.01767770659327134, -0.05687658108792112, 0.0925487677237776], "aligned_model": [[0.14813504452278825, 0.1725497763746197, -0.5586161616633457, 0.4226842264486323, 0.1211320808265885, -0.33777325729699287, 0.539948036074546, 0.5412189829746901, -0.4059816852870865, -0.7135445374030086, 0.14328693931408282, 0.5879982080728552, -0.60963247441184, 0.05422310849761125, -0.16849051960750397, -0.01929521896385849], [0.12313418009804711, -0.38045206389844305, -0.5444128748297065, -0.5006736957563016, -0.8336103534954169, -0.44985995799351713, -0.331368481860819, 0.1552200585089679, -0.1533359304227567, 0.036213222745416974, 0.6852670516622905, 0.2620342544690716, 0.14508386905545542, 0.31944933008955023, 0.7156297880616231, -0.01150592806550129], [-0.6044984465014731, -0.5264480437185847, 0.10750951747965312, 0.6054368829227993, 0.06282817547459049, 0.7127806344084517, -0.019793307722269865, -0.36189007353086555, -0.34609010839215926, 0.02539516511297632, -0.24405794699398367, 0.2459486301351145, 0.5948363259554293, 0.6700413659926285, 0.3086160345320299, 0.14300521066291633]], "inverted": true, "swapped": true, "error_lsq": 0.041371744642776126, "error_max": 0.2737313142111471, "target": "316.xyz", "model": "25.xyz", "model_rescale": 4.19342608120988, "target_rescale": 4.181726478252338},
{"mapping": [7, 11, 9, 4, 0, 8, 3, 14, 10, 12, 2, 16], "R": [[0.4261063272287469, -0.7281722316972814, -0.5368413162943301], [-0.6173017832848695, -0.6678256570387686, 0.41586945085454063], [-0.661340990903292, 0.15418849757922234, -0.7340667551151694]], "T": [-0.010905329823838295, 0.08784504475550733, -0.07360792862756685], "aligned_model": [[-0.09766762094829803, 0.5404983576341372, 0.21740369535259915, -0.5837852556814982, -0.5812706371581849, -0.5642142326252118, -0.06842620218408002, -0.24966861017449293, 0.4065205696088862, 0.17837669053305333, 0.4090566928870733, -0.009014892612202783], [-0.5960774184938046, -0.42687164614035267, -0.575891381990944, 0.3514393949952537, -0.23443868987367059, -0.01706874203040004, 0.5043633106471905, 0.6119413123328742, 0.02336723388632525, -0.13273708077072735, 0.48472976540117385, 0.020020369778062208], [-0.0028195906655567593, 0.1993608668244566, -0.4901707733037378, -0.03839964178644459, -0.3243978068383736, 0.506711884230626, -0.6810422418303299, 0.46656058411011225, -0.5739301533269496, 0.6727837294337633, -0.21000025825929491, -0.07539813737884954]], "inverted": true, "swapped": true, "error_lsq": 0.04014498585187528, "error_max": 0.19517342349501973, "target": "316.xyz", "model": "26.xyz", "model_rescale": 3.795458400668931, "target_rescale": 4.181726478252338},
