[{"mapping": [0, 11, 3, 6, 2, 10, 4, 5, 12, 1, 8, 13, 7, 14], "R": [[0.4858342666015826, 0.8714942610334387, -0.06680432906244205], [0.508807871534381, -0.21984384635728105, 0.8323360097241314], [0.7106895350716481, -0.43836792332995456, -0.5502308138727129]], "T": [-0.01900992802664438, 0.07853842217671347, 0.14397416882997116], "aligned_model": [[-0.003415741135323166, 0.18227579304969868, -0.4980702822290381, -0.3663730364430236, -0.49084907767409663, -0.027636917801752838, -0.6345543155895187, -0.16630862119997478, -0.3670436660645316, 0.36496534729726376, 0.5947389730921921, 0.16582642013591736, 0.5324317516523022, 0.08550547403818902], [-0.545279568358095, -0.4098681978481209, -0.3611715876851067, -0.39954114688442044, 0.008754349702086883, 0.14608534870704282, 0.28218687199683323, 0.5889431726253825, 0.8068429291757971, -0.060019307295975044, 0.5223306490122404, 0.7421065197732587, -0.25258751750491604, 0.1664908163940268], [0.40821961998449396, -0.402350565136502, 0.18477314102852022, -0.29726943474098333, 0.6844664353932582, -0.6808581418680151, -0.16573310302685784, 0.7183394920550268, 0.1999639008316113, 0.7066287586653843, 0.42766138372973084, -0.08447572601728814, 0.07245536735882957, 0.12576695892262493]], "inverted": false, "swapped": true, "error_lsq": 0.048402443557556976, "error_max": 0.3670190612931957, "target": "317.xyz", "model": "0.xyz", "model_rescale": 3.8414455957264533, "target_rescale": 4.231129389022291},
{"mapping": [4, 0, 1, 3, 10, 11, 5, 7, 13, 9, 6, 2, 12, 8, 14], "R": [[-0.4502770875596904, 0.8149029464883747, 0.3649434644206255], [0.1897658941319757, -0.31204551447528833, 0.9309223932853612], [0.8724903723497783, 0.4884268468260299, -0.014133840827149857]], "T": [-0.0022309281460099603, 0.0832420488029838, 0.02483703266955537], "aligned_model": [[-0.16326270361161727, 0.48104622565875677, 0.1110988160322804, -0.40106692000563354, -0.3476201643732539, 0.6068700441132602, -0.6417415114032657, 0.17522609827133953, 0.7060187170653418, 0.1768997638718021, -0.5984918060018583, -0.5586593650564456, 0.2725893887888973, 0.19353014574406568, -0.010138907612434984], [0.12469531400501395, 0.1078916352692176, -0.6500244507221485, -0.4195616650849773, -0.33876940247420456, -0.5116174086113098, -0.07596578774790336, 0.6071940312151982, 0.21559837197817822, 0.698652431310966, 0.3727654555248895, 0.5076503794703962, -0.42501636653466257, 0.13027043582262726, -0.004858553783251535], [-0.49301200801959677, -0.5149341781268102, -0.4201062231815524, -0.42404508875864266, 0.43835113267059816, 0.06230213172932117, 0.02620219392165327, -0.30217722701424554, 0.26086932794473083, 0.2587001042991742, 0.43796695930566576, -0.20940577101060118, 0.5232713016612998, 0.7888843677635966, 0.009353274983215526]], "inverted": false, "swapped": false, "error_lsq": 0.0323122867538835, "error_max": 0.19892877466380227, "target": "317.xyz", "model": "1.xyz", "model_rescale": 4.316132596720782, "target_rescale": 4.231129389022291},
{"mapping": [8, 1, 5, 10, 13, 9, 4, 11, 2, 7, 3, 14], "R": [[0.11350031271759303, -0.42922900534045705, -0.8960357916888424], [-0.9934295181380999, -0.06235365029437295, -0.09596777994134278], [-0.014678947677253251, 0.9010407778060932, -0.4334859227537608]], "T": [0.037082045279737595, 0.060717471169173275, -0.08177057364053039], "aligned_model": [[-0.16926907881072586, 0.44852468628662423, 0.20980092915931717, -0.6291835516690539, -0.5788014716739388, -0.4277272543227421, -0.16030388840555498, -0.14132054826817908, 0.6125252690014624, 0.036319916494511294, 0.45332581624768004, -0.05608226940761991], [-0.6961618594889941, -0.415959894727941, -0.5123795000815807, 0.5429300234005187, -0.2736870650041839, -0.19369334196143348, 0.46473572494651183, 0.5750454695330415, 0.012668802031039879, 0.0021832162396411767, 0.5407113468529602, -0.033616493998599374], [0.11487779917461469, 0.21269349194680356, -0.5855894771258665, 0.010677042881774873, -0.27028463130506164, 0.38149914586379075, -0.6422116697542853, 0.44848116624462786, -0.5132683277397809, 0.5627605839776316, -0.22618412670985757, -0.04419253624497022]], "inverted": false, "swapped": true, "error_lsq": 0.041257314721481225, "error_max": 0.2470478977414496, "target": "317.xyz", "model": "2.xyz", "model_rescale": 3.795458400668931, "target_rescale": 4.231129389022291},
{"mapping": [5, 2, 1, 11, 13, 9, 0, 4, 6, 10, 8, 14], "R": [[-0.7238601174888104, -0.10625123445720897, 0.6817163673298485], [0.4195200549273075, 0.7166492196077014, 0.5571506255488382], [-0.5477494443839033, 0.6892928051358088, -0.4741792645879124]], "T": [0.03614686827513955, -0.05439911510399315, 0.04911312520116452], "aligned_model": [[-0.26232356718256433, -0.20387964477649195, -0.6570525021905109, 0.2894303646928459, 0.28581031524938905, -0.007259555491983011, -0.3330216188438063, 0.6440275068417289, 0.47188463465192887, 0.7507036322199125, -0.4048841918436775, 0.019868452416793816], [-0.09098022841162792, -0.6383046653024165, -0.004111133756857295, 0.027280088419760852, 0.5103425289451285, 0.6138999492603741, -0.4514603361662595, -0.33566281893008215, -0.4353145385765755, 0.23994105089928947, 0.5702738825874462, 0.0798652663215291], [-0.6731629024513004, -0.29884588331226053, 0.06180940960294244, 0.7609443278686164, -0.3322154587357402, 0.26563938871161474, 0.4556530829942401, -0.21099845966424913, 0.5062270718800208, 0.3453526411094694, -0.21431227237367262, 0.022680485009419153]], "inverted": false, "swapped": true, "error_lsq": 0.045199963572629696, "error_max": 0.2493119521931688, "target": "317.xyz", "model": "3.xyz", "model_rescale": 3.7530521520055578, "target_rescale": 4.231129389022291},
{"mapping": [2, 4, 6, 10, 0, 13, 1, 5, 8, 9, 14], "R": [[-0.6457672388305438, 0.7489240067926501, -0.14865229666176846], [0.16492253816238778, 0.32690973444492477, 0.9305539113513117], [0.7455100466521236, 0.5764051158471719, -0.3346220446503144]], "T": [-0.01629080952402074, -0.1104759044293229, -0.0226175138090424], "aligned_model": [[-0.5191428704405261, -0.138197362336808, 0.4687472593122128, 0.5209055378476598, 0.18759967635945551, -0.20003124945548467, -0.19377304404159287, -0.7877591522762606, -0.2760910071613968, 0.29718714612721275, -0.02124533148926664], [-0.5991160465735734, 0.029944699204175224, -0.35428441725910453, 0.3838989381833918, -0.7386298475508369, 0.5903847789588854, -0.40594593492745434, -0.06268947328537403, 0.271824358615957, 0.35165961404232504, 0.00015668890595503526], [-0.18996298414858862, -0.7166686825796158, -0.521829494821115, -0.41248794404174316, 0.12926736345870543, 0.018737091981603136, 0.581048752788353, 0.09845474537611912, 0.6410601611996081, 0.40581417704960665, 0.05939759098238339]], "inverted": false, "swapped": true, "error_lsq": 0.044846040892498974, "error_max": 0.2657176693040816, "target": "317.xyz", "model": "4.xyz", "model_rescale": 3.7855080009869324, "target_rescale": 4.231129389022291},
{"mapping": [7, 8, 6, 4, 1, 13, 0, 10, 15, 9, 2, 5, 12, 14, 16], "R": [[-0.6289108235526949, -0.41357136138217176, -0.6583539360122093], [-0.5956981881037848, -0.28782596180567915, 0.749866577732668], [-0.49961469624915833, 0.8637794537699613, -0.06534684794791934]], "T": [0.01884421460974937, -0.006989033073556281, 0.043110304132846], "aligned_model": [[-0.11194507248616482, 0.6040355495250679, 0.10638867198715672, -0.4986139732763206, -0.5225830406526919, 0.6111567771692885, -0.7604613473035406, 0.17522516748660674, 0.7358802321378721, 0.09785578339170702, -0.32429630698545797, -0.5507686514007663, 0.12398704746945115, 0.28555599614995403, 0.030880988269072804], [0.031658774336343606, 0.05393845220183477, -0.49461396563984644, -0.35658123468523656, -0.45738547166919064, -0.4189378846928017, -0.0012766390481256697, 0.5901479484339652, 0.3895547065319714, 0.6329063916094558, 0.24796936337888634, 0.3947755475044425, -0.4350395792306631, 0.14420549585038492, 0.01758251475660811], [-0.6936189414107651, -0.34308759467250044, -0.38190141475167916, -0.3531510997753706, 0.3207854999079065, 0.10892527780248638, 0.0766378009976976, -0.34410629800050324, 0.1321637646659935, 0.3451120205475112, 0.645635395806595, -0.3682650102548486, 0.5615531434536262, 0.6461877772190051, 0.08934997663265203]], "inverted": true, "swapped": false, "error_lsq": 0.03953720107878817, "error_max": 0.28327431471745845, "target": "317.xyz", "model": "5.xyz", "model_rescale": 4.2253639853439635, "target_rescale": 4.231129389022291},
{"mapping": [2, 6, 7, 1, 0, 9, 8, 5, 10, 4, 11, 13, 12, 14], "R": [[-0.374155197805565, 0.9145444004510147, -0.15367637280588253], [0.6090522655177782, 0.11736620216195215, -0.7843981848893722], [-0.6993305554762643, -0.3870836010395866, -0.6009185135968819]], "T": [0.05073140249035266, -0.06000554161847599, -0.04080119265440853], "aligned_model": [[0.6243351088337666, -0.23719335291537455, -0.5078098082290307, 0.06620270050662319, -0.12913788437776358, -0.41881542513348624, 0.06248422551929682, 0.7423704924074538, -0.38905739905024644, 0.3611934262338504, -0.6469256945851811, 0.1467156547684307, 0.6792680850364204, 0.02043202374302449], [-0.31255741449324875, 0.278927435595181, -0.3724489508740231, -0.7415546432278348, -0.511923577372059, -0.06361471908198926, -0.4035196217160471, -0.27235829216524987, 0.6393792175531807, 0.5442443620048198, 0.11333739750883945, 0.2871596984177814, 0.31988794832378814, -0.05985969383814826], [-0.39693351315121106, -0.6291385901707395, 0.055417749981356526, 0.09509179816087347, -0.5126431694196427, 0.4835118153386817, 0.6913037438453855, 0.25693546523041644, 0.00851535310398853, -0.27485581063837683, -0.28728543817871544, 0.589230369754079, 0.29877554802564565, 0.09363288704970728]], "inverted": true, "swapped": true, "error_lsq": 0.04016586844015848, "error_max": 0.22725844324556266, "target": "317.xyz", "model": "6.xyz", "model_rescale": 3.89814844738969, "target_rescale": 4.231129389022291},
{"mapping": [2, 5, 12, 0, 4, 8, 1, 3, 11, 9, 13, 10, 14], "R": [[-0.3965245424953755, -0.7655877410236015, 0.5066001361954147], [0.5131381475960509, 0.2727429784268296, 0.8138184743544201], [-0.761221077401649, 0.582654853676893, 0.2847029905115712]], "T": [-0.0920163683767258, -0.0006456834315664017, 0.0014568722548394773], "aligned_model": [[0.18099158817545566, 0.1085711855529996, 0.4891644343332545, -0.4075695787964053, 0.606818117168388, -0.5320460490035078, -0.615528642137598, 0.15623666529890334, -0.33861930267309637, -0.5314558931209248, 0.051793012973715746, 0.12745721213855557, -0.14718094900551731], [-0.375621846917519, 0.26761316538361574, 0.47725231272829344, -0.5954763059141726, -0.025274550523583073, 0.5972553602626862, -0.07028217449521634, -0.6024534675299524, -0.23190586908801825, 0.46645666548697345, 0.708562480078363, 0.2221289049226983, 0.12552659107631717], [-0.5503523543828208, -0.7055843302612549, -0.29608668362428253, -0.07483483362682207, 0.16671412363568539, -0.3194884692577204, -0.4505399222621336, 0.02802930426812236, 0.6820693921686357, 0.29145631979174763, 0.056403144668631555, 0.7677389242742271, 0.00675041544428058]], "inverted": false, "swapped": true, "error_lsq": 0.048558059177485235, "error_max": 0.28250137696081973, "target": "317.xyz", "model": "7.xyz", "model_rescale": 3.7474275329858107, "target_rescale": 4.231129389022291},
{"mapping": [9, 8, 4, 13, 12, 2, 11, 5, 3, 6, 10, 7, 1, 0, 14], "R": [[0.15964760460216082, -0.751283195474495, -0.6403797330821954], [-0.86172387708223, -0.422535865733077, 0.2808832530350801], [-0.4816062728112683, 0.5069881678765599, -0.7148555068137947]], "T": [-0.03997012485971064, -0.02093297879835792, 0.06667475103500482], "aligned_model": [[-0.26791314201446725, 0.3845000096714506, 0.22441507557797663, -0.3794862215279471, -0.5087657745625596, 0.6621257433576436, -0.6122969613822591, 0.21672589701030498, 0.5876010242402994, 0.13032927851925583, -0.5336141756064442, -0.32897407858703587, 0.2701237897738443, 0.17887781179323298, -0.021350454782060276], [0.2856335180923542, -0.028602025446355494, -0.5594696667832435, -0.808499479890919, -0.35744396088292624, -0.48504122034395963, 0.0664997296718624, 0.5624379362059959, 0.31780188780089486, 0.7220820062658316, 0.3769092693978662, 0.5780260666026417, -0.4400669839334266, 0.18598970709580392, -0.07735236421439157], [-0.5924150789600738, -0.46715725106971456, -0.43562450969441274, -0.20273136462043856, 0.2849260203452167, 0.05072395759345623, -0.15977053877143066, -0.2601386389981747, 0.14115750039276992, 0.3597019572404607, 0.48296846513695046, -0.08030282748061253, 0.6079420324187278, 0.6527650344487949, 0.06017554018628674]], "inverted": false, "swapped": false, "error_lsq": 0.053150688497680024, "error_max": 0.49661221034436787, "target": "317.xyz", "model": "8.xyz", "model_rescale": 4.019505241142653, "target_rescale": 4.231129389022291},
{"mapping": [4, 13, 2, 3, 6, 0, 1, 10, 11, 9, 8, 7, 14], "R": [[0.29338431307541385, -0.1072348641184575, 0.949961224871186], [-0.9470037294254343, -0.16856082008437404, 0.27344320504778075], [0.1308035981752293, -0.9798407696406493, -0.15100491665649135]], "T": [-0.025240051614012146, -0.03408980379836229, -0.09105094530614706], "aligned_model": [[-0.3130635517909034, -0.7229935257240097, 0.1796256738139539, 0.4024492921084811, 0.31251934134147447, 0.646658874377237, 0.26411970004150154, -0.3108305140540635, 0.3022833405765814, -0.24212567105331168, -0.36822828982233397, 0.2826333954400147, -0.11334729351344598], [-0.6068847785527527, 0.054355747772906894, 0.0608826680496617, -0.3985418875475813, -0.6858658446935698, 0.0382499247028262, 0.5976596980462874, -0.6431001566157469, -0.42383183710366545, 0.18987179477686822, 0.6586953050629465, 0.1851743837245226, 0.036713210491355654], [-0.41562717372919755, 0.08781750909645795, -0.775626839025641, -0.42084599649815374, -0.02017283782604712, -0.14141481497206454, -0.11051745399290357, 0.39116252498701615, 0.4731806188409315, 0.5399745773856022, 0.14670008310923943, 0.43429123808487796, -0.012217941416238817]], "inverted": true, "swapped": true, "error_lsq": 0.04650402545107753, "error_max": 0.26492990951056306, "target": "317.xyz", "model": "9.xyz", "model_rescale": 3.877068213659057, "target_rescale": 4.231129389022291},
{"mapping": [12, 6, 10, 11, 8, 14, 0, 3, 13, 4, 1, 5, 9, 2, 15], "R": [[0.009821951584265316, 0.04344870854877714, -0.999007376845897], [-0.19222532778025714, 0.9805042219809144, 0.040754067740229855], [0.9813016623989025, 0.19163423598889096, 0.017982407238881833]], "T": [0.047520259899666656, 0.05076542416149481, 0.06086771048733246], "aligned_model": [[-0.2669187631139095, 0.3710753749749165, 0.26571660025311805, -0.34645343341384127, -0.42585983904343916, 0.6734353865467346, -0.7077351488497647, 0.15984872313260767, 0.8020246146999903, 0.09615348584395828, -0.6702615538321898, -0.45294835076777173, 0.1749754419888073, 0.36555347852130016, -0.03630819545928225], [0.07467760725538264, 0.091935446104254, -0.5352563778459184, -0.5067502293167392, -0.3622469154774528, -0.40884025138545455, -0.04828089198282476, 0.6185214298551308, 0.21190128971848454, 0.6192751341164799, 0.45851819489663764, 0.5959788685342783, -0.5061248812856053, -0.0038551683032886364, 0.03945116475466456], [-0.6164442737706478, -0.4625075773575586, -0.2740644977104212, -0.21951827590884276, 0.5088130475974267, 0.14157969149388971, -0.17053049703977652, -0.19951043198003943, 0.1098259312701424, 0.4249036960246436, 0.3281382775856484, -0.19066541268792558, 0.3914333895245141, 0.6407183987523938, 0.030048832374359388]], "inverted": true, "swapped": false, "error_lsq": 0.04351130051771757, "error_max": 0.24615785351633443, "target": "317.xyz", "model": "10.xyz", "model_rescale": 4.260839863003843, "target_rescale": 4.231129389022291},
{"mapping": [11, 0, 2, 3, 12, 4, 10, 7, 1, 5, 13, 14], "R": [[0.12938257589110355, 0.9688657552690381, -0.2110907324416195], [-0.12213507852512653, 0.2268298922927862, 0.9662459430994286], [0.9840442935404098, -0.09923380587984898, 0.14768033085403226]], "T": [0.05013635021443799, 0.010845257193065137, -0.03163984321179948], "aligned_model": [[0.5116203707553607, 0.2086727705499926, -0.479129654459175, -0.2581022678333913, -0.5177883077943749, -0.5156402045550406, 0.1990548078644509, 0.6805932281602723, 0.32675424435492684, -0.374784898781239, 0.0556728055148247, 0.12197575531752297], [0.07981173403514513, -0.609530095021183, -0.4602962012520358, -0.3581767294649032, 0.4491225989243262, 0.3287302277658482, 0.6491083433403683, -0.12633430011405972, -0.46065955099580913, -0.059039662283718174, 0.6478300645998829, 0.0925120759990723], [-0.6314763265922454, -0.2534919295841858, 0.10078792033100296, -0.471321545788372, 0.3426118666947426, -0.34007494817297584, -0.5370395650563156, -0.08216851911827075, 0.3977564777035164, 0.6215549738192597, 0.3160613978002219, 0.05297827535912643]], "inverted": false, "swapped": true, "error_lsq": 0.04915068220454502, "error_max": 0.27408305665887167, "target": "317.xyz", "model": "11.xyz", "model_rescale": 3.890672605050136, "target_rescale": 4.231129389022291},
{"mapping": [1, 8, 7, 2, 0, 4, 13, 3, 5, 10, 11, 9, 6, 14], "R": [[-0.24224970384382882, 0.055163733540118165, 0.9686444360494166], [0.2457536535272049, -0.9623344160128421, 0.11626527226671286], [0.9385735041889942, 0.2662131369018764, 0.2195685382181497]], "T": [0.08299059706501022, -0.06717775756560171, 0.09401969383851715], "aligned_model": [[0.6378785997309886, 0.07461547621364939, 0.32704062879843826, 0.4606183383207919, 0.6962953240491685, -0.36218919385283066, -0.503950557746325, 0.34337527490609676, 0.1396969975666396, -0.5650525129199144, 0.03922936647344212, -0.137670663018394, 0.035240790426711244, 0.024747965845231333], [-0.0275997104682281, 0.035639058725398576, 0.5153313150636096, -0.6678139680581625, 0.07378704465658573, -0.438028838909146, -0.09871073130459138, -0.24664103576737026, -0.7013388286700862, 0.336531665032606, 0.5817679025450383, 0.4663971391589318, 0.12244280600964327, -0.019611298186463906], [-0.3228115988985733, -0.7081500199754023, -0.04729561069930614, 0.22156310529158607, 0.3454236692026546, 0.5189556980085135, -0.33163533380899723, 0.6636696066765085, -0.36065552964779, 0.4134632455251045, 0.4870618898652556, -0.308469831153307, 0.8051322861683549, -0.021461141197740313]], "inverted": true, "swapped": true, "error_lsq": 0.05728305636173399, "error_max": 0.309000884863811, "target": "317.xyz", "model": "12.xyz", "model_rescale": 4.124412569039231, "target_rescale": 4.231129389022291},
{"mapping": [5, 4, 10, 2, 13, 8, 3, 1, 6, 0, 9, 11, 14], "R": [[0.016739004554318378, 0.8557460821596462, 0.5171251769107229], [-0.9961894545622282, -0.03000159607400838, 0.08189306962144129], [0.08559425416195121, -0.5165254563924493, 0.851983025977062]], "T": [0.08496614057666196, 0.0814396035512088, 0.00015225476075654294], "aligned_model": [[-0.2650401646955866, -0.10613739642523051, 0.6300061259719132, -0.622076999161974, 0.5323429722912029, 0.4540166924422726, -0.3963640549843679, -0.03804010172074637, 0.0010052516853205906, -0.23144594195634838, 0.7538656943656104, 0.46116213001576056, 0.1940040996819309], [-0.4881316332414871, 0.5399648366164345, 0.6669849131302502, -0.04503037713877861, -0.13156923137018106, -0.6366740236658286, 0.4882598339903156, -0.47296813267863824, 0.7935950073611263, 0.14744523655572736, -0.11033121544579813, 0.5929225531900385, 0.0030176092052966313], [0.40658752796261544, 0.5193056301741679, 0.21241025286208015, 0.061219698285928006, 0.5303952715900072, 0.047398404812115186, -0.16515598707949683, -0.4007429563405015, -0.17219150374403908, -0.5954519534802037, -0.10562449016221491, -0.4174473772979222, 0.030995563385303435]], "inverted": false, "swapped": true, "error_lsq": 0.04228071893074798, "error_max": 0.21098986376389195, "target": "317.xyz", "model": "13.xyz", "model_rescale": 3.9028299243045295, "target_rescale": 4.231129389022291},
{"mapping": [9, 14, 7, 6, 3, 10, 1, 11, 13, 12, 2, 1, 4, 5, 15], "R": [[-0.5653584377127782, 0.03207702272409818, -0.8242213910838062], [-0.6119748292903443, -0.6862857258865577, 0.3930632401527962], [-0.5530430771847893, 0.7266243644810697, 0.4076277563175267]], "T": [-0.04118052303042746, 0.016314955278884886, 0.20223737182711138], "aligned_model": [[-0.022019695415832374, 0.5526443285406075, 0.12376514463947097, -0.5303274557763145, -0.4042815083300625, 0.5822323975488068, -0.4790786291076706, -0.022323141058723205, 0.6769577645868983, 0.1531268770235372, -0.6527086375938331, -0.4790786291076706, 0.2064155062940774, 0.33094726652897216, -0.03397376729102896], [-0.1842381728071472, 0.22116297446631705, -0.7316657535837238, -0.18052736489217103, -0.47932733480292583, -0.34469923129249586, 0.3705842575236514, 0.4760677542456721, 0.3567743649897283, 0.6830927071750011, 0.25199658661330426, 0.3705842575236514, -0.5231159465904244, 0.0925510200726325, -0.040335699003040605], [-0.5462656421706238, -0.4210282115918486, -0.28144200722836493, -0.20568007254638332, 0.3080005033760759, 0.011508009645909811, -0.12170284784895141, -0.3758010795974493, 0.23411435400286573, 0.2457385536675622, 0.5378521857222334, -0.12170284784895141, 0.5294586765337441, 0.5454731571373721, 0.10369756691461533]], "inverted": true, "swapped": false, "error_lsq": 0.04879268993661195, "error_max": 0.44870518379400254, "target": "317.xyz", "model": "14.xyz", "model_rescale": 3.942246331269136, "target_rescale": 4.231129389022291},
{"mapping": [8, 0, 12, 13, 4, 1, 11, 7, 2, 9, 10, 6, 3, 5, 14], "R": [[-0.45140886846867256, -0.2107638230141841, -0.8670689963182159], [0.08352289345473965, 0.9574587094764669, -0.27621865598942896], [0.8883996621660664, -0.19710766234752006, -0.41460174831652014]], "T": [-0.06347687187753463, 0.011163983971522578, 0.07519485678165612], "aligned_model": [[-0.13823370502374327, 0.49394833031686064, 0.15200358830265576, -0.4778495068113714, -0.4576778552646418, 0.5933797480562161, -0.7221371823982505, 0.22283916201577153, 0.6094547786100254, -0.01984256257621446, -0.5406134318560805, -0.3147020465263888, 0.14041375130835054, 0.4385860090092258, 0.02272874431881934], [0.19149187621417454, 0.12717195397167164, -0.7297243474375804, -0.6199976513554527, -0.29654886211860365, -0.4581750336833563, 0.04764325282468144, 0.733606015826279, 0.37122024934531134, 0.7399821338155932, 0.252013312869267, 0.46329089738527157, -0.5256448047848452, 0.04538345565782504, -0.0028080288922072184], [-0.6736270135353529, -0.39014026732057555, -0.19448812344719857, -0.22623532753086995, 0.381107206925217, 0.14520702098602864, -0.20578002278098878, -0.28128816872477275, 0.062141191524178255, 0.41443291131272425, 0.5477758762317685, -0.1375410243668468, 0.5074133994096177, 0.46190075224009236, 0.031341887244784455]], "inverted": false, "swapped": false, "error_lsq": 0.048530637085899546, "error_max": 0.31401930002265394, "target": "317.xyz", "model": "15.xyz", "model_rescale": 4.355366556412066, "target_rescale": 4.231129389022291},
{"mapping": [8, 1, 5, 10, 13, 9, 4, 11, 2, 7, 3, 14], "R": [[0.11350031271759303, -0.42922900534045705, -0.8960357916888424], [-0.9934295181380999, -0.06235365029437295, -0.09596777994134278], [-0.014678947677253251, 0.9010407778060932, -0.4334859227537608]], "T": [0.037082045279737595, 0.060717471169173275, -0.08177057364053039], "aligned_model": [[-0.16926907881072586, 0.44852468628662423, 0.20980092915931717, -0.6291835516690539, -0.5788014716739388, -0.4277272543227421, -0.16030388840555498, -0.14132054826817908, 0.6125252690014624, 0.036319916494511294, 0.45332581624768004, -0.05608226940761991], [-0.6961618594889941, -0.415959894727941, -0.5123795000815807, 0.5429300234005187, -0.2736870650041839, -0.19369334196143348, 0.46473572494651183, 0.5750454695330415, 0.012668802031039879, 0.0021832162396411767, 0.5407113468529602, -0.033616493998599374], [0.11487779917461469, 0.21269349194680356, -0.5855894771258665, 0.010677042881774873, -0.27028463130506164, 0.38149914586379075, -0.6422116697542853, 0.44848116624462786, -0.5132683277397809, 0.5627605839776316, -0.22618412670985757, -0.04419253624497022]], "inverted": false, "swapped": true, "error_lsq": 0.041257314721481225, "error_max": 0.2470478977414496, "target": "317.xyz", "model": "16.xyz", "model_rescale": 3.795458400668931, "target_rescale": 4.231129389022291},
{"mapping": [2, 5, 12, 0, 4, 8, 1, 3, 11, 9, 13, 10, 14], "R": [[-0.3965245424953755, -0.7655877410236015, 0.5066001361954147], [0.5131381475960509, 0.2727429784268296, 0.8138184743544201], [-0.761221077401649, 0.582654853676893, 0.2847029905115712]], "T": [-0.0920163683767258, -0.0006456834315664017, 0.0014568722548394773], "aligned_model": [[0.18099158817545566, 0.1085711855529996, 0.4891644343332545, -0.4075695787964053, 0.606818117168388, -0.5320460490035078, -0.615528642137598, 0.15623666529890334, -0.33861930267309637, -0.5314558931209248, 0.051793012973715746, 0.12745721213855557, -0.14718094900551731], [-0.375621846917519, 0.26761316538361574, 0.47725231272829344, -0.5954763059141726, -0.025274550523583073, 0.5972553602626862, -0.07028217449521634, -0.6024534675299524, -0.23190586908801825, 0.46645666548697345, 0.708562480078363, 0.2221289049226983, 0.12552659107631717], [-0.5503523543828208, -0.7055843302612549, -0.29608668362428253, -0.07483483362682207, 0.16671412363568539, -0.3194884692577204, -0.4505399222621336, 0.02802930426812236, 0.6820693921686357, 0.29145631979174763, 0.056403144668631555, 0.7677389242742271, 0.00675041544428058]], "inverted": false, "swapped": true, "error_lsq": 0.048558059177485235, "error_max": 0.28250137696081973, "target": "317.xyz", "model": "17.xyz", "model_rescale": 3.7474275329858107, "target_rescale": 4.231129389022291},
{"mapping": [2, 3, 4, 0, 5, 8, 12, 10, 1, 13, 7, 11, 9, 14], "R": [[0.15552630553277813, 0.8184699280011172, -0.5530990374654172], [0.8395899917626393, -0.40453695387944516, -0.3625444782064001], [-0.520480752784708, -0.4079912130227632, -0.75009529799678]], "T": [0.03509345927171076, -0.02681493660402852, -0.0446222639894212], "aligned_model": [[0.3552717894060134, 0.1816637560962671, 0.6750574778856135, -0.3426669888749212, 0.4109492508023362, -0.2386066233692125, 0.7280610188961056, 0.126372802373048, -0.39129702605851646, 0.26763742761925546, -0.602094456875248, -0.37457256176186426, -0.3800896075926303, -0.0008386106633700915], [-0.5004845908903129, 0.06584450334554841, 0.28001048240115317, -0.15157510170919006, -0.683656602404823, -0.44695613609572465, -0.209752283553916, 0.7623717541047693, -0.5754137460931675, 0.03862877114406098, 0.06991336754388261, 0.5937176449155285, 0.15402052163663238, -0.03626034283320785], [-0.48366302023719315, -0.6726665682790589, -0.15682919580350585, -0.5932110603155344, 0.1538642314088453, 0.5899542305120914, 0.3309036022522606, 0.18740747923057485, -0.06573965413373994, 0.639714549361324, 0.014390003159148186, -0.20159598605791462, 0.494184693905841, 0.08808141365851693]], "inverted": true, "swapped": true, "error_lsq": 0.04360236764186749, "error_max": 0.24271784049332976, "target": "317.xyz", "model": "18.xyz", "model_rescale": 3.922800546911778, "target_rescale": 4.231129389022291},
{"mapping": [7, 9, 11, 13, 8, 10, 12, 3, 2, 0, 5, 12, 6, 1, 14], "R": [[-0.7263043306134087, 0.07078636527004006, 0.6837187359024648], [0.2953042528832921, -0.8660791444442336, 0.40336374872785075], [0.6207071914850419, 0.49486988800148324, 0.6081335185534099]], "T": [-0.0031232787721134593, -0.06859427497495424, 0.11526372631247975], "aligned_model": [[-0.0998978748586041, 0.6003518226814837, 0.16143892091772125, -0.4208482285923381, -0.42599767761827406, 0.6757700493382909, -0.6449975193932463, -0.010199709882161952, 0.6646200611311207, 0.11555381049593172, -0.46224101249787464, -0.6449975193932463, 0.2119728422514073, 0.2824080631005938, -0.0006382061995693937], [0.08090539744940792, 0.11710555882262624, -0.48498164013836315, -0.48249536140854193, -0.3180955338559071, -0.49331854949166676, 0.26102871916062026, 0.4911634055731064, 0.19047773502988968, 0.7377639917590946, 0.4231031401381076, 0.26102871916062026, -0.5129070976439571, 0.11117618848070696, -0.04305025339771493], [-0.6635145120557736, -0.39862007336221816, -0.4386175401466066, -0.239708813142295, 0.48038975748382284, 0.018755763186441038, -0.1977221927488351, -0.1942043766889526, 0.10388442779675808, 0.3000466525513582, 0.47578873062614624, -0.1977221927488351, 0.5970183798921307, 0.7741548077615713, 0.02229147976309359]], "inverted": true, "swapped": false, "error_lsq": 0.04273125418939343, "error_max": 0.292633369424627, "target": "317.xyz", "model": "19.xyz", "model_rescale": 3.9282355846067225, "target_rescale": 4.231129389022291},
{"mapping": [9, 7, 0, 8, 13, 1, 5, 2, 12, 4, 11, 10, 3, 14], "R": [[-0.23233157162369383, -0.5421402866028106, -0.807530773697874], [0.19564656334396513, -0.8393281254213742, 0.5071988960243682], [-0.9527562453631885, -0.04015230402933838, 0.30107030641126886]], "T": [0.02509211411885017, -0.11591175493053657, 0.06761480729238051], "aligned_model": [[-0.5567277283106186, -0.08267058389905446, 0.5720692747030204, -0.4522817604500944, -0.6365710406757279, 0.2048614238084033, 0.05767393848282123, 0.6020280545988858, -0.24983422659803475, 0.0554329922023429, -0.03644942948101027, -0.44198924503929593, 0.5958696795813055, -0.09888852983826701], [-0.487472965249769, -0.7356931591044784, -0.5066999227148015, -0.14923702389882054, 0.17675814077675878, -0.3429138965291657, 0.47418361004631976, 0.2742583135097882, 0.644484454598723, 0.36992744290631335, -0.7202684816906613, -0.25040653490403314, -0.0960343079495048, -0.12800358237183257], [-0.06956871134521653, -0.0843900115033652, -0.01793235019775015, -0.5843984597881466, 0.010846401117282078, -0.5643412567840174, -0.44505596793135666, -0.11825108092163022, 0.037566520636130335, 0.5961277053163176, 0.5242254381015836, 0.7374890575024571, 0.3811847831190395, 0.008681089922354612]], "inverted": false, "swapped": true, "error_lsq": 0.04712481045733629, "error_max": 0.3162109583788861, "target": "317.xyz", "model": "20.xyz", "model_rescale": 4.067790424073018, "target_rescale": 4.231129389022291},
{"mapping": [8, 4, 0, 7, 12, 2, 9, 5, 6, 13, 10, 1, 3, 11, 14], "R": [[0.7467156470746227, 0.6561596612701526, 0.10895063715172361], [0.5214471664873692, -0.4758014512455252, -0.708311959206497], [-0.4129268639556184, 0.5857196239793327, -0.6974409846784798]], "T": [0.05867600524367343, 0.02893532694061673, 0.019254765728286723], "aligned_model": [[0.0006868745256724054, 0.6619534928357664, 0.02304678874883971, -0.4730787767075696, -0.3435375892791447, 0.6231240172906204, -0.7094729095783707, 0.16974941732805265, 0.7451858780070992, -0.06329565821751001, -0.5318954011052421, -0.5711560976882614, 0.3865399063910439, 0.08570544812908568, -0.0012575691988474802], [0.06235689653398274, 0.1378988527256323, -0.625505883554506, -0.2079101472287197, -0.36589377081122415, -0.43497468411917656, -0.03154834661737782, 0.5129727856192686, 0.1723811798429179, 0.663618536351857, 0.4097876170935389, 0.43724662298928396, -0.5462672990180455, 0.10507732907734285, 0.049664730753254345], [-0.5470385823957574, -0.4971324124136082, -0.2544152736596628, -0.44744109931261383, 0.5382423136012476, -0.12184050305732558, 0.12093499664627971, -0.2998636395411867, 0.25523015550198336, 0.2883711756351475, 0.44051925348153553, -0.31225467443023, 0.5534758979062516, 0.6607405868553503, 0.06469210335039503]], "inverted": true, "swapped": false, "error_lsq": 0.047041881772944334, "error_max": 0.2627987514796111, "target": "317.xyz", "model": "21.xyz", "model_rescale": 4.186013935880536, "target_rescale": 4.231129389022291},
{"mapping": [7, 1, 0, 10, 13, 11, 9, 8, 3, 2, 5, 4, 14], "R": [[-0.9927414252794671, 0.11179426265907964, -0.044345297051718496], [-0.07339104896688607, -0.8552235695714816, -0.5130364509281512], [-0.09527967498702217, -0.5060579896473584, 0.8572205635940155]], "T": [0.03443634720551438, 0.019450486414283166, 0.045446291349802645], "aligned_model": [[0.06366647802470678, -0.44451873569489087, 0.18900165802831376, 0.6017001704422694, -0.24533503370662532, 0.633186422963785, -0.09724755855193132, -0.6585493463278089, 0.4367495290117061, -0.14045416270216024, -0.6178699895518738, 0.3802647356087092, -0.04202013212097477], [-0.3440801351192754, 0.11144834376105921, 0.3400723815758777, -0.4918245486927114, -0.44016120277748216, -0.3264262653672336, -0.6590810068420634, -0.38983875064680756, 0.5233637605428632, 0.7180752895710929, 0.33590124264162263, 0.2354204302388575, -0.09391287933970631], [-0.4891922217043601, -0.4498857858741775, -0.5312068864518843, 0.3644994943282615, 0.5324386113985897, -0.2698239138605469, -0.08739098304301658, -0.03437124498079762, -0.04795492799799582, 0.07660048985074995, 0.33948846642654823, 0.6370930504503245, 0.06258541279365076]], "inverted": false, "swapped": true, "error_lsq": 0.046644050309528895, "error_max": 0.24631954645522985, "target": "317.xyz", "model": "22.xyz", "model_rescale": 4.166573947596378, "target_rescale": 4.231129389022291},
{"mapping": [11, 9, 14, 12, 5, 10, 6, 3, 8, 4, 1, 2, 7, 0, 15], "R": [[0.3133135392466294, 0.6657841589568295, -0.6771750732320991], [-0.03473467218958037, 0.720635944979832, 0.692443021013937], [0.9490142931866905, -0.19343031945683267, 0.24891079294035126]], "T": [0.02163341256687165, 0.0002981862254155393, -0.04499404429451358], "aligned_model": [[-0.09909966177972415, 0.4691653407208338, 0.12923716253017317, -0.3448517889628454, -0.2940796403899828, 0.43149432619936645, -0.7340615650771679, 0.12712853908465377, 0.7175341351971954, 0.13261679586362354, -0.43715700720855544, -0.44561438038969015, 0.284743841508585, 0.08730307661248493, -0.022061352427715994], [0.23341377718808437, -9.960703270490978e-05, -0.6914253441833023, -0.26201651413058075, -0.43154197443092474, -0.5998668068149463, -0.06643188958673309, 0.534371112080976, 0.3370980630015202, 0.6481095772599389, 0.210374578437671, 0.48433450863651484, -0.29534201293528295, 0.23580939633578635, 0.0021175558120127176], [-0.7887507070783498, -0.44519921833080073, -0.41366429491555445, -0.5206629945804069, 0.5913245276789237, 0.135995584439505, 0.014837633874695458, -0.3000696020517058, 0.19242366243221792, 0.2834516949722885, 0.45847226145445275, -0.05905027967431238, 0.5506227977042215, 0.7340937094113831, 0.008395522831248052]], "inverted": true, "swapped": false, "error_lsq": 0.04338377726899671, "error_max": 0.24324388732168128, "target": "317.xyz", "model": "23.xyz", "model_rescale": 4.274766983524099, "target_rescale": 4.231129389022291},
{"mapping": [9, 1, 5, 13, 2, 4, 10, 6, 11, 0, 14], "R": [[-0.13433703474482817, 0.8734148768888874, -0.46808120441343976], [0.4682990674547667, -0.3603306547501207, -0.8067575860618511], [-0.8732980845719076, -0.3275794133893625, -0.3606136206613922]], "T": [-0.07199742523298866, 0.1390084357861704, 0.005847091978709529], "aligned_model": [[0.3423691447877938, 0.17304782861999515, -0.6376743584826428, -0.3184448491825993, -0.48909090154928625, -0.5835918712468865, 0.05994580513941741, 0.08356805878643453, 0.512448487694239, 0.2864593466672173, -0.04914198727560744], [-0.19222715330206297, 0.7014341860625487, 0.49997322436431946, -0.315451486622516, 0.6842863321591219, -0.2024831999319897, -0.6555725602838992, -0.09284031467748993, -0.20529570884968684, 0.6063168101059966, 0.0874464022191416], [-0.45672691292744544, -0.3210252728821555, -0.39642081304300614, -0.5034723523375126, 0.22570827060597173, 0.3772508668081533, 0.1961557298563497, 0.6884616671416577, 0.34849168012519394, 0.34103263523048816, -0.1198890645561175]], "inverted": false, "swapped": true, "error_lsq": 0.050800301612769556, "error_max": 0.25416390336854927, "target": "317.xyz", "model": "24.xyz", "model_rescale": 3.7841303162186577, "target_rescale": 4.231129389022291},
{"mapping": [10, 14, 11, 7, 6, 13, 0, 9, 12, 2, 1, 8, 3, 5, 15], "R": [[-0.3581607515328864, 0.2852550846707166, 0.889016542439397], [-0.9327741692018395, -0.15078932513158086, -0.3274063663036811], [0.040659873723559836, -0.9465157769925785, 0.32008539262659186]], "T": [-0.07781250486551679, 0.04197367114710879, 0.0010869602157021034], "aligned_model": [[-0.09483223592170274, 0.5535050591781364, 0.061696556574095465, -0.4887633343705639, -0.3124285827650081, 0.587162717803723, -0.7791596141314344, 0.23505666093258576, 0.6399431209643528, 0.09822985608466726, -0.7066374490284845, -0.39937565598282904, 0.27214792292153006, 0.42256765057864615, -0.0868148513564797], [-0.009492684522748915, 0.15974467963228078, -0.6904302030607048, -0.3532528914787527, -0.5036790733767764, -0.3679932786255412, 0.10358351191914683, 0.4814161797397174, 0.23294707162263356, 0.6622814543811929, 0.2835211822439733, 0.5335152422947067, -0.4088249818349077, 0.22758016493382108, -0.012011954230011841], [-0.7750036583759914, -0.4646029421881773, -0.18207787261066033, -0.3115165266879452, 0.4124807261233057, -0.04056697838732436, -0.21256324267673185, -0.22506315643418615, 0.15447512249859335, 0.39226514102020865, 0.3161589889401738, 0.06773384548514667, 0.5696906544402979, 0.6971535338604661, 0.04365666316063012]], "inverted": false, "swapped": false, "error_lsq": 0.04347876260278668, "error_max": 0.25221335344056345, "target": "317.xyz", "model": "25.xyz", "model_rescale": 4.19342608120988, "target_rescale": 4.231129389022291},
{"mapping": [8, 1, 5, 10, 13, 9, 4, 11, 2, 7, 3, 14], "R": [[0.11350031271759303, -0.42922900534045705, -0.8960357916888424], [-0.9934295181380999, -0.06235365029437295, -0.09596777994134278], [-0.014678947677253251, 0.9010407778060932, -0.4334859227537608]], "T": [0.037082045279737595, 0.060717471169173275, -0.08177057364053039], "aligned_model": [[-0.16926907881072586, 0.44852468628662423, 0.20980092915931717, -0.6291835516690539, -0.5788014716739388, -0.4277272543227421, -0.16030388840555498, -0.14132054826817908, 0.6125252690014624, 0.036319916494511294, 0.45332581624768004, -0.05608226940761991], [-0.6961618594889941, -0.415959894727941, -0.5123795000815807, 0.5429300234005187, -0.2736870650041839, -0.19369334196143348, 0.46473572494651183, 0.5750454695330415, 0.012668802031039879, 0.0021832162396411767, 0.5407113468529602, -0.033616493998599374], [0.11487779917461469, 0.21269349194680356, -0.5855894771258665, 0.010677042881774873, -0.27028463130506164, 0.38149914586379075, -0.6422116697542853, 0.44848116624462786, -0.5132683277397809, 0.5627605839776316, -0.22618412670985757, -0.04419253624497022]], "inverted": false, "swapped": true, "error_lsq": 0.041257314721481225, "error_max": 0.2470478977414496, "target": "317.xyz", "model": "26.xyz", "model_rescale": 3.795458400668931, "target_rescale": 4.231129389022291},
