[{"mapping": [4, 5, 0, 3, 8, 13, 2, 11, 7, 1, 10, 12, 9, 14], "R": [[-0.4196172550240103, 0.9011070688371596, -0.10921268139651942], [0.7840368505173225, 0.4204443681818895, 0.45663196372462755], [0.4573921471964649, 0.1059838844156728, -0.8829268598967717]], "T": [-0.07949702025886465, 0.07004486285102005, 0.07488413135865199], "aligned_model": [[0.09901032874860369, 0.2853945194496462, -0.40113063922759484, -0.42792711976988596, -0.5131702422161697, 0.009236536655988059, -0.8831526809784085, 0.05017957771670603, -0.3839134938819968, 0.18880942130670328, 0.6037075419761717, 0.26103054385877356, 0.5603476372261513, -0.0769298297363841], [-0.72399295599574, -0.2428980031723965, -0.3609829382706097, -0.35254040750917537, 0.3893956595538668, 0.26204473577422027, -0.11478135476685516, 0.5809002378159134, 0.8146533471067294, -0.04261073619215902, 0.4379586978438673, 0.6412183635778715, -0.19409264784862088, 0.14100133389312247], [0.09373386271701731, -0.35825156037732575, 0.39817044696826076, -0.31187922770471466, 0.4633312040927119, -0.5986692415826933, 0.02885678269263013, 0.6189308751127716, 0.025252888940108437, 0.7453090866097255, 0.41870372323647, 0.09906247512349306, 0.14774494763318985, 0.12729182371818912]], "inverted": false, "swapped": true, "error_lsq": 0.04991161336492951, "error_max": 0.373970978330098, "target": "318.xyz", "model": "0.xyz", "model_rescale": 3.8414455957264533, "target_rescale": 4.112648886295525},
{"mapping": [7, 4, 9, 13, 0, 11, 8, 6, 2, 1, 3, 5, 10, 12, 14], "R": [[0.7094665690011625, -0.7021357108451707, 0.0605196746989447], [-0.13431010721011571, -0.21901291029723235, -0.9664337226237214], [0.6918222189052087, 0.677524013359736, -0.24968626063520238]], "T": [0.07101707547230444, -0.03975213925630914, -0.02968732821342838], "aligned_model": [[0.041571479404997676, 0.08552495102297235, 0.23197699480387274, -0.42560353469695295, -0.48765298563195697, -0.6922456580460041, 0.1303493707022762, 0.8219118549324473, 0.6644276029692853, -0.450669364068293, 0.08810250555194776, 0.5621882063443436, 0.31209488370958166, -0.23920062845369572, 0.037504775087599994], [-0.5033768740156659, 0.10953158111932035, -0.7005908590171892, -0.5362085818621364, -0.17472666870273615, 0.17535077631406956, -0.3330194212630125, -0.09412939391406186, -0.09218052522308429, 0.62884121500057, 0.6732770365336942, 0.3973849877397273, 0.39736416458106016, 0.1614597398019729, 0.04271573840990491], [-0.47369190513429626, -0.5524885593003569, 0.024106452347316138, 0.25622519475401945, -0.4714870664813946, 0.2824442745845838, 0.7015967325644035, 0.17822447553766207, -0.46525585074358616, -0.20093006999167687, -0.3532215066108248, -0.0742388420151703, 0.4384922609459639, 0.637821697765838, -0.01785626978469281]], "inverted": false, "swapped": false, "error_lsq": 0.051864954246905834, "error_max": 0.3430055006733123, "target": "318.xyz", "model": "1.xyz", "model_rescale": 4.316132596720782, "target_rescale": 4.112648886295525},
{"mapping": [5, 3, 4, 12, 9, 13, 1, 7, 0, 6, 8, 14], "R": [[0.12326507683823629, -0.9559094780572628, -0.2665385349107241], [0.9669857524968255, 0.1760625428897873, -0.18422957270571538], [0.22303424692233334, -0.23502989331460244, 0.9460532088356948]], "T": [-0.0424383120895243, 0.029467652716515327, -0.0725761617692192], "aligned_model": [[-0.31385193779544823, 0.3723621021741607, 0.1423839942388297, -0.5827334860771051, -0.48140320019782135, -0.33110360156089513, -0.10386684276573065, -0.10071396153335607, 0.48747491789747954, 0.2957532436308996, 0.2785328602010221, -0.06502553358025472], [-0.5575664088177923, -0.4487475746176758, -0.5932787092347516, 0.39451577034581115, -0.267923908942049, -0.26708478863274276, 0.3023774027271371, 0.6246229942130423, -0.01834961659279272, 0.12052541064352401, 0.6090397134225686, 0.11464614322670084], [-0.052296739166460146, 0.14837304858696537, -0.5632327907276047, 0.06010307151431822, -0.5235158416392245, 0.4993860237904152, -0.7477769135259549, 0.4677649458959191, -0.40522112188682996, 0.6705925388722559, -0.027606659652737356, -0.07731110085164139]], "inverted": false, "swapped": true, "error_lsq": 0.0446884370526566, "error_max": 0.23346816518517502, "target": "318.xyz", "model": "2.xyz", "model_rescale": 3.795458400668931, "target_rescale": 4.112648886295525},
{"mapping": [7, 8, 2, 4, 13, 5, 0, 12, 1, 9, 6, 14], "R": [[0.2296827890134404, -0.9659547146071403, 0.11906849188280622], [0.6698704076653048, 0.06814512209050116, -0.7393442224495903], [0.7060591004762463, 0.2495751022508238, 0.6627162401595159]], "T": [0.09808389400084971, 0.008346062626215362, 0.07446474780027541], "aligned_model": [[-0.07743712211451775, -0.23221175209360695, -0.7257934104188811, 0.13859815965397795, 0.14898349517860132, 0.35750826818644177, -0.25793473508494097, 0.5322727435926324, 0.4103174263243523, 0.6871283215065911, -0.5062777613267972, 0.11815019233971234], [-0.14700368809881195, -0.49636199029966704, -0.018862835994003752, 0.1866385657636491, 0.6300789883446795, 0.5452992782823458, -0.25555752123012737, -0.09122199911162461, -0.577915246124609, 0.08395021985109745, 0.2840135249564031, -0.05728825104962185], [-0.6966599323353285, -0.20324569600053483, 0.12572420203725776, 0.8677406275448022, -0.25609408388245813, 0.3255938756933909, 0.5187088543709282, -0.41985197873808866, 0.3793534985919658, 0.43749254653428565, -0.4089803897639509, 0.018989906586830814]], "inverted": true, "swapped": true, "error_lsq": 0.055309599263040236, "error_max": 0.39385250758827134, "target": "318.xyz", "model": "3.xyz", "model_rescale": 3.7530521520055578, "target_rescale": 4.112648886295525},
{"mapping": [4, 2, 3, 6, 5, 8, 9, 1, 10, 12, 14], "R": [[-0.058617157196648895, -0.014040226251130578, 0.9981817975343974], [0.9978612536028775, 0.028152937943420497, 0.05899432721243886], [-0.02893004390383358, 0.9995050195631692, 0.012359952578844202]], "T": [-0.01915191481671672, -0.01402285035029624, 0.0010981484432574205], "aligned_model": [[-0.37436965225056335, 0.026066822874541366, 0.19577845533209745, 0.5653700351561117, 0.2130072185435596, -0.20139636213471823, -0.25423260634122835, -0.7005346830906002, -0.24960001253557804, 0.1565204150561282, -0.03841002816454532], [-0.7297239080997794, 0.13675903943025874, -0.37925493261438836, 0.30243875510955553, -0.593293235867591, 0.579805691652352, -0.45704458419747385, 0.05927513922229881, 0.15498436011102018, 0.3286951821286087, 0.06456185143948484], [-0.15481400223630612, -0.809680339200892, -0.5184961191900254, -0.4817588733780763, 0.17207638641947456, -0.23364244718944974, 0.4837443134858381, 0.25505519014282046, 0.8002672248387241, 0.5437456997088136, 0.03633374384439533]], "inverted": false, "swapped": true, "error_lsq": 0.0540449556167873, "error_max": 0.2556100402215607, "target": "318.xyz", "model": "4.xyz", "model_rescale": 3.7855080009869324, "target_rescale": 4.112648886295525},
{"mapping": [6, 4, 8, 13, 11, 12, 15, 9, 10, 1, 0, 5, 3, 14, 16], "R": [[-0.207770428336487, -0.6327232474779851, 0.7459844108356323], [0.25708413510032035, 0.7004952634933044, 0.6657432938476862], [-0.943789805300202, 0.33010252638287796, 0.01712090789205961]], "T": [0.055316682762821826, -0.0003530435206824129, -0.010408194961482369], "aligned_model": [[-0.16637554813454514, -0.0013098220244386616, 0.2400393146251913, -0.3919839142724374, -0.6816373411317281, -0.5802510287592376, 0.2838407186942159, 0.452768852856371, 0.7468631192979059, -0.4173888718804249, 0.12075856272282944, 0.6613975082672097, 0.4974977136878141, -0.13660191580724124, 0.05266310549093774], [-0.332762580389636, 0.23788948824556436, -0.6794587685449612, -0.5583243721286143, -0.15147961409839308, 0.06882104096957473, -0.5424339708508534, 0.15259164614070206, -0.22093763779546427, 0.5365524199915187, 0.7083282825766521, 0.3862803804995258, 0.48870414172434706, 0.045407353980876364, 0.012515105181594016], [-0.526580184346105, -0.7082869228781135, -0.012092677287985874, 0.10559961175340446, -0.2682759025779872, 0.222688122288919, 0.5668639591498559, 0.5601649499037082, 0.053390213784672395, -0.25817001778642623, -0.3297231205580426, -0.3822735913156379, 0.20803083737834535, 0.6367167049429113, 0.04168903598626954]], "inverted": true, "swapped": false, "error_lsq": 0.03956374057049057, "error_max": 0.300643245910496, "target": "318.xyz", "model": "5.xyz", "model_rescale": 4.2253639853439635, "target_rescale": 4.112648886295525},
{"mapping": [11, 7, 2, 0, 8, 3, 0, 1, 13, 12, 6, 5, 9, 14], "R": [[0.02393169717976007, -0.7743455415342156, 0.6323102531006267], [0.31944193017058053, -0.5934099388318759, -0.7387973319824885], [0.9473036087332245, 0.21966708174333216, 0.23315712744708894]], "T": [0.0828561606486257, 0.021976031853914967, 0.09857566588404401], "aligned_model": [[0.5352562991018147, -0.17141587163478733, -0.5737873596737842, 0.02867807303618862, -0.003787756818675589, -0.4388959412088254, 0.02867807303618862, 0.7112277721723568, -0.2686780375090255, 0.37294138419957856, -0.674342975310683, 0.08805441865952755, 0.6210154664681585, 0.11911860823975161], [-0.13007007977018029, 0.1299450736523139, -0.4789617740911716, -0.5499534004402532, -0.41134176748499496, -0.04061448805671534, -0.5499534004402532, -0.35124734984415473, 0.6341610806441517, 0.3965936807437126, 0.08205221589387476, 0.44986958598080695, 0.25581128149405646, 0.00880848835379757], [-0.48963534068590153, -0.6585655785838127, 0.10329481244204963, 0.35098139353188196, -0.3970825222408333, 0.5150188335663666, 0.35098139353188196, 0.0969396983768415, 0.1066326559735033, -0.3686447985450557, -0.21448196757360807, 0.5839267605070089, 0.47298739968051995, 0.019205468950606305]], "inverted": true, "swapped": true, "error_lsq": 0.04771188039745491, "error_max": 0.3581582547104819, "target": "318.xyz", "model": "6.xyz", "model_rescale": 3.89814844738969, "target_rescale": 4.112648886295525},
{"mapping": [0, 1, 9, 2, 5, 11, 8, 3, 6, 7, 12, 13, 14], "R": [[0.9464388791296161, -0.3150152478153423, 0.07084378388902474], [-0.31239650064053737, -0.9488513090962851, -0.04571235734255132], [0.08162030666092271, 0.021132602066590934, -0.9964394305076814]], "T": [0.03716439953352796, 0.07856648007107442, -0.06353722013373936], "aligned_model": [[-0.01659511314248021, 0.0683724508577123, 0.622863090190783, -0.3821889569216925, 0.6353210633749611, -0.38478407087633654, -0.59742045967157, 0.19878580192160272, -0.43654461632339026, -0.6337747956550301, -0.10310977890921275, 0.20198404010539867, -0.024276854046523112], [-0.37353454415919585, 0.33273152817732027, 0.3777883311892229, -0.631421223219913, 0.04490842608989725, 0.6218739455494948, 0.057958635643900525, -0.5313913958494942, -0.2591374805134063, 0.3446040039512394, 0.7079785708797599, 0.1331990238000294, 0.13822344393163033], [-0.49534941396096754, -0.7480629223965949, -0.2913569655350495, -0.016612896419378548, 0.1809241091306019, -0.3806374879618993, -0.2580260278552743, 0.1631732842043232, 0.5165667055156724, 0.29512568108435044, 0.10061623541844539, 0.6207591431281243, -0.08484441351605773]], "inverted": true, "swapped": true, "error_lsq": 0.047035106657302365, "error_max": 0.2659440957183155, "target": "318.xyz", "model": "7.xyz", "model_rescale": 3.7474275329858107, "target_rescale": 4.112648886295525},
{"mapping": [1, 0, 13, 4, 2, 8, 13, 11, 12, 3, 6, 10, 7, 9, 14], "R": [[-0.4041343618727975, 0.8595480081555595, 0.31281406494829644], [-0.8637276085308017, -0.4711720387037248, 0.17880583940531233], [0.30108144382430724, -0.1979245604253951, 0.9328321566954502]], "T": [0.06275851334921023, 0.0592820047464751, -0.03217676864586623], "aligned_model": [[-0.029993751684633307, 0.11698516424876731, 0.20489456719985, -0.4215991133439911, -0.6169065594221623, -0.5414859767738269, 0.20489456719985, 0.49817976080055326, 0.5538886250645011, -0.4537073851408935, 0.0810716707270715, 0.7106326965525521, 0.30981627700854875, 0.024564858754217017, 0.03904505244201813], [-0.2989976024698889, 0.3159949577854588, -0.7710147333741788, -0.4737047056635226, -0.3313199630127866, 0.06847706725585528, -0.7710147333741788, 0.07685540792719579, -0.31194619158947473, 0.4632747865357949, 0.8292857318430027, 0.4249458776074264, 0.6178088895458465, 0.3082534567988295, 0.00479466968705379], [-0.6862674048988494, -0.6366361698476208, 0.28169660957302506, 0.27368055403251035, -0.3388932297090507, 0.2840737061963448, 0.28169660957302506, 0.41119606358275734, -0.07246893179254937, -0.3223273242950829, -0.30364865839148014, -0.17986676326701512, 0.2692992872789343, 0.686777263890303, -0.038570593487463466]], "inverted": false, "swapped": false, "error_lsq": 0.05177878151005401, "error_max": 0.43666187567981096, "target": "318.xyz", "model": "8.xyz", "model_rescale": 4.019505241142653, "target_rescale": 4.112648886295525},
{"mapping": [9, 13, 12, 10, 1, 11, 7, 4, 0, 3, 6, 8, 14], "R": [[0.7694938440539966, 0.131538573942944, -0.6249614608342342], [0.6309012158309834, -0.3085763171841147, 0.7118597560868821], [-0.09921128880319197, -0.9420606456264614, -0.3204354227233069]], "T": [-0.06507123795235172, -0.0882586281226092, 0.07228867788909826], "aligned_model": [[-0.18388199127515042, -0.6236045444523507, 0.12395245025751055, 0.29478039673030554, 0.47160919226512954, 0.6072195652605165, 0.2087328886050357, -0.3684350556740399, 0.11450841525533258, -0.5303034893436597, -0.27366068918469005, 0.46962621541825955, 0.009157417878977267], [-0.6947072778367211, 0.24015539621434723, 0.08551147367989712, -0.38649247818406846, -0.5823198971350796, -0.018995906345232072, 0.6328961732407538, -0.7539154022721839, -0.30654150816169023, -0.01948457169028006, 0.6712572953641125, 0.2564388605378055, -0.060423929297601625], [-0.2479964278740504, -0.2080620233315908, -0.5415979396379145, -0.6361634004413128, 0.027268354832451436, -0.2697695698844146, -0.16125253306402432, 0.4294828784396965, 0.6325126728114479, 0.5501974791387256, 0.3059353428709388, 0.26263257136461493, 0.03351608881931146]], "inverted": false, "swapped": true, "error_lsq": 0.052062658207374254, "error_max": 0.2899698729022604, "target": "318.xyz", "model": "9.xyz", "model_rescale": 3.877068213659057, "target_rescale": 4.112648886295525},
{"mapping": [2, 13, 7, 8, 9, 11, 1, 5, 4, 10, 6, 3, 12, 0, 15], "R": [[-0.2639993473021501, 0.9644763686999588, -0.009469891413317055], [-0.9214817531984799, -0.255106652546184, -0.2929026704366764], [-0.2849135362637136, -0.06859978167619668, 0.9560953649127706]], "T": [0.03508656922718556, 0.05260309090428114, -0.10798161094425052], "aligned_model": [[-0.046950790038747456, 0.22873990431902896, 0.17633174571961086, -0.4327061415772634, -0.5379753571505634, -0.5185709134832535, 0.3863275370472864, 0.5724445019953803, 0.5766271943965852, -0.5130482050565737, 0.1308165835332641, 0.6254436019787598, 0.09396435325875964, -0.08318532010038168, 0.022021758790529967], [-0.4118330544892138, 0.19757986633334848, -0.7460288594579739, -0.47061514511017133, -0.18218321987203262, 0.2613320992400348, -0.43376340821632187, 0.11099832125561032, -0.3313277557965787, 0.4828331024059055, 0.6388734916026134, 0.2845339042036503, 0.6140343582839776, 0.07699945745157905, 0.06025975766800648], [-0.5748052355458868, -0.842228583261922, -0.01565947169795498, 0.21254232424350983, -0.33628124017724925, 0.3330975987013832, 0.5189027653656094, 0.45667039817803823, -0.2399722772342106, -0.24087700546220484, -0.2735936779889643, -0.12914796280929453, 0.3814298256502463, 0.6788999640897363, -0.019236403613047875]], "inverted": true, "swapped": false, "error_lsq": 0.04082356546369434, "error_max": 0.2924840096437463, "target": "318.xyz", "model": "10.xyz", "model_rescale": 4.260839863003843, "target_rescale": 4.112648886295525},
{"mapping": [4, 1, 8, 0, 6, 3, 5, 9, 12, 7, 13, 14], "R": [[-0.4714621199291522, 0.8644454584323176, -0.17452082645819159], [-0.6054161419241293, -0.17336339955254157, 0.7767988328990257], [0.6412446994475762, 0.47188894995679476, 0.6050835102190948]], "T": [0.008969978687106589, -0.023193918170235063, -0.034884609894136095], "aligned_model": [[0.2554987989870199, 0.3059938899502632, -0.4386533075004062, -0.2645917628351806, -0.6509748601311552, -0.31334862277230235, 0.3862030980138636, 0.6710358916489476, 0.2997569247015446, -0.3596258191328483, 0.060596391243177845, 0.007008026921206302], [0.11375807238150168, -0.6557665743825302, -0.4715343114759909, -0.26143885050932214, 0.3445544691787522, 0.433245180793206, 0.4668633223450366, -0.03543247893640906, -0.15264275355646217, -0.12204782852041848, 0.601784014317064, -0.08826375610149373], [-0.7985494164855665, -0.24884227382608454, 0.16404454459651407, -0.5468909749338122, 0.2879136158937239, -0.4054811681287357, -0.22521242000858976, -0.2493547787831652, 0.5494686507354384, 0.6750023435714739, 0.2893823155799869, 0.024697639184321274]], "inverted": false, "swapped": true, "error_lsq": 0.04983068998076429, "error_max": 0.3186808913175014, "target": "318.xyz", "model": "11.xyz", "model_rescale": 3.890672605050136, "target_rescale": 4.112648886295525},
{"mapping": [3, 5, 4, 2, 0, 7, 13, 8, 6, 12, 1, 9, 11, 14], "R": [[-0.22758396390796898, -0.793390657973416, -0.5645678021393411], [-0.4755277430939636, 0.5965009213226594, -0.6465756076509381], [0.8497522609089648, 0.12131741301943605, -0.5130333131272996]], "T": [0.06260553695274568, 0.04630790366689952, 0.0752039939132019], "aligned_model": [[0.4622523886912124, -0.03441250520415498, 0.5801463944190426, 0.6388629468099214, 0.6741267143958645, -0.35620649056442455, -0.343688347009191, 0.1791888607563623, 0.04113079329632491, -0.5595249010879415, 0.20770108409189475, -0.06833920441637917, -0.2341740849573576, 0.02281218557251951], [-0.21989330661467438, 0.2911612650122949, 0.5296731903326227, -0.5448267031231243, 0.1010759116894181, -0.5309472202087434, -0.24274287146405127, -0.27538903282742694, -0.7671320843148841, 0.09307178810832276, 0.5893151292611624, 0.7036616814902967, 0.16451953685080062, 0.04060523563575118], [-0.3927565283798602, -0.5158289421701475, -0.32632521334386666, 0.10028272575161308, 0.20477832349638625, 0.4506336837740458, -0.4245826313352833, 0.6442979516866956, -0.03801695198250782, 0.3066119439471655, 0.5423653004846801, -0.11246058534455997, 0.7620256296974793, 0.15376572907502029]], "inverted": false, "swapped": true, "error_lsq": 0.05383149041926216, "error_max": 0.3880050597521511, "target": "318.xyz", "model": "12.xyz", "model_rescale": 4.124412569039231, "target_rescale": 4.112648886295525},
{"mapping": [9, 12, 13, 1, 5, 4, 11, 0, 7, 8, 3, 6, 14], "R": [[-0.5389372217607544, -0.5021879696783568, 0.6762794645049702], [0.6693241252871828, 0.23213796581061408, 0.7057741707783434], [-0.5114214370842772, 0.833018131819254, 0.2110187331755471]], "T": [0.12159673947389958, 0.07880339613537357, -0.0008996444025520071], "aligned_model": [[-0.050039371177159994, -0.18788755849734418, 0.6366453019976681, -0.5236196366894197, 0.5021625250801538, 0.30906266002411664, -0.5712225331634572, 0.06825975510292333, 0.015597708760945447, -0.20032179152288315, 0.7103594831344576, 0.6075290210032425, 0.050772743456514044], [-0.28720213328569166, 0.5606392024099975, 0.4439245068555907, -0.2635626606460573, -0.1444511727158138, -0.7033544570138612, 0.3830154398618867, -0.3750525522973787, 0.8419981386437525, 0.3314100671054169, -0.155472202719526, 0.5854663501225202, 0.1301268501876416], [0.5657214871948277, 0.3379757121293136, 0.31504860179385236, 0.024211355166692723, 0.47240013471673586, 0.12480582552663096, -0.03600778443420308, -0.4309195697798793, -0.23727315171295257, -0.5238784702602901, -0.22008248210456824, -0.4276633144555902, -0.012640262812730094]], "inverted": false, "swapped": true, "error_lsq": 0.04160875140208109, "error_max": 0.2512833778089353, "target": "318.xyz", "model": "13.xyz", "model_rescale": 3.9028299243045295, "target_rescale": 4.112648886295525},
{"mapping": [10, 4, 14, 9, 7, 6, 11, 12, 13, 3, 0, 8, 2, 1, 15], "R": [[0.9878371109576749, 0.09193513590016704, -0.12540244416203414], [-0.04905806270003912, -0.5810233001141873, -0.8124070600435092], [-0.1475504954207654, 0.8086778440834377, -0.5694462185225659]], "T": [0.09001868793645597, 0.08522671499749662, -0.011641741195273066], "aligned_model": [[0.011885591151441915, -0.011117728455668927, 0.17466506705945137, -0.44227651290337877, -0.6282923977638748, -0.48873406233193306, 0.12142426326621222, 0.6789863275378638, 0.6757377485986659, -0.37337878788369505, 0.12079410034820953, 0.7055567393167141, 0.16055363905593495, -0.02589880591644747, 0.0003752725529261175], [-0.43688426525834717, 0.21385264273188673, -0.792846350939254, -0.4494021021611367, -0.29611569067996774, 0.14251890097236836, -0.39766820458865854, -0.08803289277546211, -0.4162859461782324, 0.46271501110823343, 0.8184988885049587, 0.549755907258817, 0.718206089983878, 0.10840643043164683, 0.014974497091702552], [-0.5376150727740135, -0.6693575383877494, 0.05816752868168073, 0.16634506587228126, -0.4106844828023676, 0.31419736286105926, 0.5466439158066008, 0.31598383286388476, -0.20675602681437028, -0.1889967832467361, -0.39710406463980596, -0.054451744671837395, 0.35783315790912723, 0.6272828170696757, -0.011746949289641373]], "inverted": false, "swapped": false, "error_lsq": 0.04428169724998783, "error_max": 0.2841499461773336, "target": "318.xyz", "model": "14.xyz", "model_rescale": 3.942246331269136, "target_rescale": 4.112648886295525},
{"mapping": [12, 0, 13, 3, 1, 5, 4, 11, 11, 2, 7, 8, 6, 10, 14], "R": [[0.24132507504693634, -0.4164448607746164, -0.8765477089628385], [0.12954287896753858, -0.8813360545669074, 0.45438464039758103], [-0.9617592477654645, -0.2232049212155676, -0.15874102331395007]], "T": [0.005059941356943751, 0.030173438937382904, 0.07790084324009816], "aligned_model": [[-0.0772848387533914, -0.08389826032659957, 0.4240125073642441, -0.5040559884369556, -0.5905106386673177, -0.6164117521343604, 0.052461444437188906, 0.682111270404581, 0.682111270404581, -0.43439897988299486, 0.12733332300707817, 0.5790457942650651, 0.39275875271325755, 0.07860885461284706, -0.031602305374801645], [-0.5954419833450035, 0.33676619395025176, -0.6550629893333185, -0.4733977994904578, -0.25154607617615077, 0.15804586362972545, -0.4006333487248045, -0.08231440263302235, -0.08231440263302235, 0.5560847240594173, 0.8348161888680239, 0.2582786677782886, 0.4179105245257524, 0.08632589307141447, 0.04417586195533902], [-0.4416190685570921, -0.5845225891617957, -0.04803418489753583, 0.13925969230843355, -0.3938737160510732, 0.06371862262885747, 0.47264454000107897, 0.2854074888932182, 0.2854074888932182, -0.2581662562555323, -0.18397464865048668, -0.38830637627131803, 0.18807785295972962, 0.7853172519392199, -0.011595079341134268]], "inverted": true, "swapped": false, "error_lsq": 0.05660494883084837, "error_max": 0.460741887186548, "target": "318.xyz", "model": "15.xyz", "model_rescale": 4.355366556412066, "target_rescale": 4.112648886295525},
{"mapping": [5, 3, 4, 12, 9, 13, 1, 7, 0, 6, 8, 14], "R": [[0.12326507683823629, -0.9559094780572628, -0.2665385349107241], [0.9669857524968255, 0.1760625428897873, -0.18422957270571538], [0.22303424692233334, -0.23502989331460244, 0.9460532088356948]], "T": [-0.0424383120895243, 0.029467652716515327, -0.0725761617692192], "aligned_model": [[-0.31385193779544823, 0.3723621021741607, 0.1423839942388297, -0.5827334860771051, -0.48140320019782135, -0.33110360156089513, -0.10386684276573065, -0.10071396153335607, 0.48747491789747954, 0.2957532436308996, 0.2785328602010221, -0.06502553358025472], [-0.5575664088177923, -0.4487475746176758, -0.5932787092347516, 0.39451577034581115, -0.267923908942049, -0.26708478863274276, 0.3023774027271371, 0.6246229942130423, -0.01834961659279272, 0.12052541064352401, 0.6090397134225686, 0.11464614322670084], [-0.052296739166460146, 0.14837304858696537, -0.5632327907276047, 0.06010307151431822, -0.5235158416392245, 0.4993860237904152, -0.7477769135259549, 0.4677649458959191, -0.40522112188682996, 0.6705925388722559, -0.027606659652737356, -0.07731110085164139]], "inverted": false, "swapped": true, "error_lsq": 0.0446884370526566, "error_max": 0.23346816518517502, "target": "318.xyz", "model": "16.xyz", "model_rescale": 3.795458400668931, "target_rescale": 4.112648886295525},
{"mapping": [0, 1, 9, 2, 5, 11, 8, 3, 6, 7, 12, 13, 14], "R": [[0.9464388791296161, -0.3150152478153423, 0.07084378388902474], [-0.31239650064053737, -0.9488513090962851, -0.04571235734255132], [0.08162030666092271, 0.021132602066590934, -0.9964394305076814]], "T": [0.03716439953352796, 0.07856648007107442, -0.06353722013373936], "aligned_model": [[-0.01659511314248021, 0.0683724508577123, 0.622863090190783, -0.3821889569216925, 0.6353210633749611, -0.38478407087633654, -0.59742045967157, 0.19878580192160272, -0.43654461632339026, -0.6337747956550301, -0.10310977890921275, 0.20198404010539867, -0.024276854046523112], [-0.37353454415919585, 0.33273152817732027, 0.3777883311892229, -0.631421223219913, 0.04490842608989725, 0.6218739455494948, 0.057958635643900525, -0.5313913958494942, -0.2591374805134063, 0.3446040039512394, 0.7079785708797599, 0.1331990238000294, 0.13822344393163033], [-0.49534941396096754, -0.7480629223965949, -0.2913569655350495, -0.016612896419378548, 0.1809241091306019, -0.3806374879618993, -0.2580260278552743, 0.1631732842043232, 0.5165667055156724, 0.29512568108435044, 0.10061623541844539, 0.6207591431281243, -0.08484441351605773]], "inverted": true, "swapped": true, "error_lsq": 0.047035106657302365, "error_max": 0.2659440957183155, "target": "318.xyz", "model": "17.xyz", "model_rescale": 3.7474275329858107, "target_rescale": 4.112648886295525},
{"mapping": [9, 12, 13, 11, 4, 0, 5, 6, 1, 3, 8, 7, 2, 14], "R": [[0.810067924209499, -0.2690014247158981, -0.5209877077894746], [-0.47012209070506866, 0.2330095814267393, -0.8512882912353672], [0.3503928909067779, 0.9345291694025142, 0.06229007575720272]], "T": [0.06791648096502614, -0.08138342617517602, -0.006948585632436215], "aligned_model": [[0.4207161255304305, 0.0651613475194521, 0.6001789234070161, -0.4454219716582364, 0.37219478084853885, -0.23788748443732713, 0.6959279291547142, 0.009505177548775473, -0.29678488611657206, 0.3150963340339119, -0.5622144159027285, -0.26378598853245716, -0.2649120436399022, 0.007073820127260488], [-0.6164951259557268, 0.1113141871090719, 0.37888555381122285, -0.11478413484332903, -0.7048042206709313, -0.3861553519565448, -0.2271298627744014, 0.6773287453085026, -0.666175498338359, 0.03135916000103431, 0.12807662246434148, 0.5897043854219497, 0.22458206130478736, -0.0652982793703848], [-0.27836411277008266, -0.6438495365172038, -0.06405287578577316, -0.5629558871144579, 0.41905314322691645, 0.44840314660410313, 0.04823472491269657, 0.3027427473560223, -0.2501776883086223, 0.606043233549339, -0.01012095853032746, -0.3055939695207335, 0.6842474518498222, -0.06881470029004388]], "inverted": true, "swapped": true, "error_lsq": 0.04977931958029569, "error_max": 0.2886733547326523, "target": "318.xyz", "model": "18.xyz", "model_rescale": 3.922800546911778, "target_rescale": 4.112648886295525},
{"mapping": [2, 10, 0, 3, 9, 7, 5, 8, 1, 11, 4, 6, 4, 12, 14], "R": [[-0.5998703532955838, -0.676325118276258, -0.427480869309537], [0.31511905164150766, -0.6908131471828123, 0.6507512420056802], [-0.735428815406079, 0.25565901131777874, 0.6275212565343325]], "T": [0.09723196171070597, 0.014489542150408147, 0.07620994580892568], "aligned_model": [[-0.038752874509375396, 0.03935891126754307, 0.0741364949746437, -0.333549944845027, -0.5012070534801722, -0.681911069479854, 0.3735958582128344, 0.5496362050609642, 0.6646446851816896, -0.35575333730233716, 0.231750710835261, 0.6474763698457389, 0.231750710835261, -0.22195249050564242, 0.001057277540893825], [-0.34140480458502426, 0.3302042829942611, -0.8205877872871639, -0.44104387124449823, -0.13531254298815484, 0.08235459707035808, -0.4677108288766524, 0.23207108444403918, -0.3690910536028183, 0.5223313336664916, 0.6896840358459702, 0.28215266064997985, 0.6896840358459702, -0.11454184850577565, 0.012903622075450842], [-0.5304005561342436, -0.6637735402970873, 0.0997702716244728, 0.20295970655859522, -0.4549898906937734, 0.2391255384529501, 0.599315593911908, 0.4260375134382135, -0.20466680962072306, -0.13389632833966672, -0.14713785675318586, -0.24215355433567834, -0.14713785675318586, 0.7833776983649895, 0.08331108901420325]], "inverted": false, "swapped": false, "error_lsq": 0.046034824257831716, "error_max": 0.3857749007813537, "target": "318.xyz", "model": "19.xyz", "model_rescale": 3.9282355846067225, "target_rescale": 4.112648886295525},
{"mapping": [5, 3, 2, 4, 9, 0, 1, 8, 10, 12, 6, 13, 7, 14], "R": [[0.8680800293731871, -0.47928470453466077, -0.12931834596285882], [0.37840162198819993, 0.8074676111452482, -0.45255747638071997], [0.32132425224396943, 0.3439218355244539, 0.882308617190915]], "T": [-0.04523670120257006, -0.08858321268153095, 0.022544582914663578], "aligned_model": [[-0.6614714624141873, -0.1283392167536991, 0.48441448728923775, -0.509685085424971, -0.6230127192821321, 0.17409088361653036, 0.006307959684737227, 0.6069024506072479, -0.26667337223260157, -0.06048761172299476, 0.3651532328848177, -0.3441079676119414, 0.4827404144471853, 0.006690825997446949], [-0.2825068806575816, -0.7400925072386998, -0.6951320162579688, -0.3068706490141199, 0.24151048873626985, -0.25977453313549337, 0.47020549017524477, 0.03615266787953654, 0.7181527515946785, 0.38319754845126297, -0.6356970708364751, -0.39460878460456367, 0.010367718915161847, -0.022022136582416293], [0.05906759859761643, -0.11235297784657797, -0.16105780258162442, -0.6094004600387752, -0.18164045580104043, -0.539893088645265, -0.44569422869583614, 0.012346058969557806, 0.16566642004447843, 0.49155748819225753, 0.4777492505829485, 0.5841815270075431, 0.6233967468860083, 0.04825708057239188]], "inverted": false, "swapped": true, "error_lsq": 0.04329501660229745, "error_max": 0.29258870794608144, "target": "318.xyz", "model": "20.xyz", "model_rescale": 4.067790424073018, "target_rescale": 4.112648886295525},
{"mapping": [5, 1, 4, 6, 13, 11, 2, 0, 8, 10, 9, 7, 12, 3, 14], "R": [[0.1319255659787148, 0.31683879167092266, -0.9392597218734048], [0.9645300998832711, 0.17752779602771246, 0.19536009842521596], [0.2286423658475457, -0.9317172649092926, -0.28218009640934016]], "T": [0.03774965624032129, -0.046279194706666235, 0.012199768426949396], "aligned_model": [[-0.016385663789723087, 0.18872930915334568, 0.2570483321211203, -0.3715452222602217, -0.5191622595209141, -0.5165063551917295, 0.30409856635792165, 0.6419293243407609, 0.4752972605148103, -0.39508197605582435, 0.14985224021193264, 0.65133373509726, -0.05787184353863179, -0.11362153772013917, 0.0021665439124541677], [-0.414559611803039, 0.23701449120939577, -0.8167443604660323, -0.573886117262814, -0.0035386511115108737, 0.18539393587566733, -0.4613800854092259, 0.04977575574929298, -0.24970427988077876, 0.5351278331904594, 0.6735137320115806, 0.275372730105172, 0.6328656832867825, 0.0635413656466653, 0.01890049436081835], [-0.4459541602547245, -0.7429524898661536, -0.015441031934102883, 0.3310501101225926, -0.4098735298205697, 0.2512815292050634, 0.5693994096293107, 0.3730299288458159, -0.2916722859653783, -0.36978120956718286, -0.2586896052704306, -0.264781412606903, 0.3537149662922491, 0.8421221881828473, -0.011711388554645388]], "inverted": false, "swapped": false, "error_lsq": 0.04361433183345982, "error_max": 0.41187921236373043, "target": "318.xyz", "model": "21.xyz", "model_rescale": 4.186013935880536, "target_rescale": 4.112648886295525},
{"mapping": [9, 5, 4, 11, 7, 1, 12, 13, 0, 3, 6, 8, 14], "R": [[-0.2846783669420849, -0.04697598747868148, 0.9574714011371778], [0.3319479455383061, 0.9321750591548439, 0.14443067729039105], [-0.8993157336820509, 0.3589469538665373, -0.24977649101116084]], "T": [0.0018845228690294097, -0.016346101118971463, -0.013567365885658478], "aligned_model": [[0.1422003666576535, -0.35202670338772807, 0.17951871132009212, 0.43967640993349, -0.1997859241014642, 0.6885279425261448, -0.07601994804988207, -0.6934421109303855, 0.39379425631600357, -0.30483143599856155, -0.5074407348522216, 0.3088432663629985, 0.039559939627085615], [-0.2738736340855006, 0.011787884764195587, 0.42929870736190356, -0.539004338830767, -0.3364661710750782, -0.2017455955986886, -0.6627402011225131, -0.13208723530053382, 0.4736886409983628, 0.5733893976423239, 0.24869207816298713, 0.003529764600380795, -0.07551263797097904], [-0.6448118055165923, -0.5545303252175942, -0.6712626171595697, 0.3164973607287415, 0.6980692099680247, -0.18178476359768533, 0.12386750252525637, -0.0527669030447739, -0.01802880047829256, -0.10134608176450165, 0.5740611788792449, 0.5749305549838571, 0.0399850510292309]], "inverted": true, "swapped": true, "error_lsq": 0.04592982027747843, "error_max": 0.3186776813256055, "target": "318.xyz", "model": "22.xyz", "model_rescale": 4.166573947596378, "target_rescale": 4.112648886295525},
{"mapping": [12, 6, 11, 9, 14, 10, 3, 4, 2, 13, 5, 1, 0, 8, 15], "R": [[0.03340314324537552, 0.1875146287934032, 0.9816936864469492], [0.8966599640832525, -0.43948316323566505, 0.053436486061434085], [0.4414579694960201, 0.8784604790318378, -0.182816979374469]], "T": [0.01988133100213715, -0.04525585908016876, 0.024586312782493167], "aligned_model": [[-0.11358873721878177, 0.3800440027978779, 0.09516000609252423, -0.31335893400210113, -0.6883730730053401, -0.6421050142573348, 0.33745676491314397, 0.5670226470682663, 0.6577819130049385, -0.5457261891833479, -0.011784118563436214, 0.5544660223073988, 0.3635675247912981, -0.017581105381342336, 0.05729874426865847], [-0.39770877670623833, 0.06844348412248635, -0.8179563744071556, -0.4464432154749335, -0.1853434711778156, 0.29349866437727573, -0.458452271021257, 0.059838993683938725, -0.18670357185951636, 0.45807634156864036, 0.708116797838924, 0.3893124424611572, 0.6179446269204144, 0.042119586622150366, 0.006949658554362449], [-0.5114584959557233, -0.6360671070732601, -0.11455520552332539, 0.3219897376635444, -0.2990321714872378, 0.11380898160160692, 0.32432156421500397, 0.5035904521597104, -0.13630070104730657, -0.3543041302157394, -0.32539785873362326, -0.15835810496422714, 0.3544357911894235, 0.8277309059721134, -0.0006626393631719366]], "inverted": true, "swapped": false, "error_lsq": 0.04716729404512602, "error_max": 0.3397089609420219, "target": "318.xyz", "model": "23.xyz", "model_rescale": 4.274766983524099, "target_rescale": 4.112648886295525},
{"mapping": [8, 6, 2, 0, 3, 4, 1, 5, 12, 13, 14], "R": [[-0.6090303180580658, -0.6731428551642178, -0.41947677912782766], [0.09253013033755303, 0.4649645051631006, -0.8804806550504949], [0.7877310750921326, -0.5750536544356518, -0.2208914843410566]], "T": [0.04793168648108326, -0.00254577871147553, 0.08826136622536171], "aligned_model": [[0.2116700185108742, 0.15357207337814016, -0.3723710140212431, -0.467213459017748, -0.45282679082888155, -0.6539510430282632, 0.008847119013816435, -0.12978386634798528, 0.695162618626872, 0.27159070203063096, 0.11519834564186265], [-0.0907432483646093, 0.7190938296264522, 0.3954756365267691, -0.18804802391107717, 0.442881093152498, -0.2103664506006831, -0.728042140972096, 0.1581066924914884, -0.1092083663592102, 0.5662390698539601, -0.03980156020000883], [-0.5492019567071182, -0.28994644118553115, -0.5008619328495575, -0.21827017888215214, 0.1083509184433422, 0.44447400796187386, 0.009035889658401908, 0.6893383715919297, 0.20005579825868042, 0.44163394910602427, 0.04495800862568454]], "inverted": true, "swapped": true, "error_lsq": 0.04461234289419309, "error_max": 0.25193737235581365, "target": "318.xyz", "model": "24.xyz", "model_rescale": 3.7841303162186577, "target_rescale": 4.112648886295525},
{"mapping": [4, 6, 5, 2, 1, 8, 12, 13, 3, 0, 7, 11, 11, 9, 15], "R": [[0.49313186530580455, 0.21933989412008445, 0.841849733781159], [0.5197239406002212, 0.701746900876598, -0.48727642327232323], [-0.6976446007724821, 0.6778209925618126, 0.23205756409891865]], "T": [-0.044510599937223345, 0.11345800593658897, 0.09115765774014399], "aligned_model": [[-0.09626355020413147, 0.2597858551978823, 0.1872529722429221, -0.3776148694458301, -0.6032824949306526, -0.6208794913924975, 0.27657455143931176, 0.6890492693131961, 0.570584926205961, -0.5542786889963099, -0.027004301730651666, 0.5919723829403343, 0.5919723829403343, -0.20235158103185963, -0.005236908915587014], [-0.428912626629783, 0.11828652414937042, -0.7324857226517013, -0.5402968068233818, 0.02115770504706263, -0.016894142858313144, -0.39228668022282065, 0.04472942400876265, -0.29325443967949527, 0.551597923784806, 0.7058685025882894, 0.5170517425768912, 0.5170517425768912, -0.026407505259631897, 0.10648727489548596], [-0.41860706438819223, -0.5641337316791788, 0.08926026054313423, 0.2656260455802767, -0.39080812696283573, 0.07487877860080552, 0.5562367310332387, 0.3541525199001076, -0.23325622595285433, -0.2080076094895233, -0.1763285906545119, -0.05522908146355217, -0.05522908146355217, 0.6367441055108215, 0.034442089323604035]], "inverted": false, "swapped": false, "error_lsq": 0.0466437250415397, "error_max": 0.37885868641849546, "target": "318.xyz", "model": "25.xyz", "model_rescale": 4.19342608120988, "target_rescale": 4.112648886295525},
{"mapping": [5, 3, 4, 12, 9, 13, 1, 7, 0, 6, 8, 14], "R": [[0.12326507683823629, -0.9559094780572628, -0.2665385349107241], [0.9669857524968255, 0.1760625428897873, -0.18422957270571538], [0.22303424692233334, -0.23502989331460244, 0.9460532088356948]], "T": [-0.0424383120895243, 0.029467652716515327, -0.0725761617692192], "aligned_model": [[-0.31385193779544823, 0.3723621021741607, 0.1423839942388297, -0.5827334860771051, -0.48140320019782135, -0.33110360156089513, -0.10386684276573065, -0.10071396153335607, 0.48747491789747954, 0.2957532436308996, 0.2785328602010221, -0.06502553358025472], [-0.5575664088177923, -0.4487475746176758, -0.5932787092347516, 0.39451577034581115, -0.267923908942049, -0.26708478863274276, 0.3023774027271371, 0.6246229942130423, -0.01834961659279272, 0.12052541064352401, 0.6090397134225686, 0.11464614322670084], [-0.052296739166460146, 0.14837304858696537, -0.5632327907276047, 0.06010307151431822, -0.5235158416392245, 0.4993860237904152, -0.7477769135259549, 0.4677649458959191, -0.40522112188682996, 0.6705925388722559, -0.027606659652737356, -0.07731110085164139]], "inverted": false, "swapped": true, "error_lsq": 0.0446884370526566, "error_max": 0.23346816518517502, "target": "318.xyz", "model": "26.xyz", "model_rescale": 3.795458400668931, "target_rescale": 4.112648886295525},
{"mapping": [6, 12, 13, 3, 4, 8, 7, 2, 11, 5, 0, 1, 14], "R": [[0.41815652679332216, -0.7449191061068732, -0.5198467509344294], [0.5678759406075702, -0.23229263601291217, 0.7896562842992133], [-0.7089866255291514, -0.6254083918617578, 0.32588695618216623]], "T": [-0.01936453597002752, 0.01746541345831326, -0.043322748236448515], "aligned_model": [[-0.1920019209057684, 0.3630349507471272, 0.4782934585980123, -0.1677678178413645, -0.06597512399924185, -0.5127337117595769, -0.06563880616710915, -0.6690774249338314, -0.11395999911707527, 0.44662874480987236, -0.5541309660464663, -0.21552177112767992, -0.031473229435641716], [-0.7330440482334759, -0.19404850209389696, -0.3823687004990172, -0.04800794747763629, 0.6837713745957443, -0.26070460148053093, -0.6952775624082137, -0.30195098436607143, -0.023673306224156365, 0.2337284459234312, 0.3003800197982887, 0.5502724964743555, -0.007195180751906654], [-0.3294986425498619, 0.45848924668784447, -0.3447874116456485, -0.6939051379629194, -0.5087043798219372, 0.3033136928410825, 0.33008130467860924, -0.4407997856435454, 0.70710073065889, -0.4367260573968804, -0.20985017190565375, 0.4168817743271615, 0.040541499832284465]], "inverted": true, "swapped": true, "error_lsq": 0.052923873203808654, "error_max": 0.2782900524479312, "target": "318.xyz", "model": "27.xyz", "model_rescale": 3.6321398670334006, "target_rescale": 4.112648886295525},
