[{"mapping": [0, 1, 12, 4, 3, 2, 11, 8, 5, 9, 7, 13], "R": [[0.9390667508693981, -0.03490735107238291, 0.3419577667676252], [-0.172704046741874, -0.9080603402084727, 0.38157532779184433], [0.2971985021001498, -0.41738219341699556, -0.8587579140641705]], "T": [0.08876495763399878, 0.005379002064605048, -0.1351329951015716], "aligned_model": [[-0.17763766980775053, -0.0634163294272298, -0.4739677411736058, 0.5741646058712733, 0.5237275165725034, 0.42489910630480093, -0.08656543741423744, 0.36310284335602, 0.40441442483800305, -0.38451354279047406, -0.01849678997509689, 0.0420827317475685], [-0.7136407073502938, -0.16917674894718415, -0.04240977338494725, -0.08469536894367792, -0.23289549947742808, -0.6283245387785223, 0.6676762059304088, 0.5287908311822846, 0.5382407767705184, -0.27440141171774646, 0.14072504422265697, 0.06698547712495428], [-0.2214622030538839, -0.6637304403092362, -0.2622862514788579, 0.6832055752894817, -0.3001576600286543, 0.14180003259635668, -0.002153646452812824, 0.37609876566839096, -0.56967298561187, 0.34909169743688717, 0.6007819788237199, 0.008272982013491803]], "inverted": true, "swapped": false, "error_lsq": 0.04085372449317096, "error_max": 0.25005501129125957, "target": "319.xyz", "model": "0.xyz", "model_rescale": 3.8414455957264533, "target_rescale": 4.0246618039686375},
{"mapping": [13, 8, 9, 1, 12, 11, 2, 3, 10, 7, 4, 14], "R": [[-0.06689295911122328, 0.30634072456563066, -0.9495686876124068], [0.38413980011718185, -0.8704319813358306, -0.30787136897365425], [-0.9208484924173335, -0.38536155275323564, -0.059451893765795294]], "T": [0.008631261859055508, 0.05493778128808367, 0.012815977830146999], "aligned_model": [[-0.14528958496637556, 0.028876272875324113, -0.5894975117181539, 0.6820769652534272, 0.5467810209408392, 0.5621329462174859, -0.39985512383581456, 0.4871881138538474, 0.4937297971524661, -0.5573492500672965, -0.07595720097299534, 0.09495727336902038], [-0.6620652335033596, -0.20247867100308725, -0.10762318087421348, -0.06214415671371422, -0.29052401879476586, -0.5885545521118408, 0.6530201093780853, 0.4609603222502639, 0.3386290272412492, -0.06322511268512565, 0.26185205669503675, 0.059027696752494856], [-0.17969908737736712, -0.7339298337545914, -0.27236043036894103, 0.5431560531989096, -0.4035258593070883, 0.08909772137258654, 0.15438267287815616, 0.48133056424075743, -0.377798907237125, 0.29327737043629903, 0.5086471077894479, 0.03721047302196935]], "inverted": false, "swapped": false, "error_lsq": 0.0417972486358956, "error_max": 0.2056235754439011, "target": "319.xyz", "model": "1.xyz", "model_rescale": 4.316132596720782, "target_rescale": 4.0246618039686375},
{"mapping": [5, 3, 7, 2, 4, 0, 10, 8, 6, 9, 1, 11], "R": [[-0.20672951729032202, -0.5012772094615019, -0.8402285795873646], [0.6056266268557211, 0.6089168920223902, -0.512285669771422], [0.7684265062608603, -0.6147693696698646, 0.17770573032810627]], "T": [0.04902538549413526, -0.020788720475154725, 0.04621390799225666], "aligned_model": [[-0.1418109786141237, -0.028203631053799937, -0.7147959656574657, 0.7830804823311782, 0.6741575354915855, 0.3186493431467913, -0.19388416637701358, 0.35025308552541, 0.475605058060105, -0.5688008176261412, 0.03074946519590959, 0.14279430767933898], [-0.5994384809625363, -0.07240753097888708, -0.027433152642427953, 0.004465686942903786, -0.28112907809293464, -0.61994310335388, 0.5605444927365939, 0.5994881221119772, 0.4777752773637255, -0.2626617782144059, 0.0228138138606266, -0.005199982139731725], [-0.16475011438794535, -0.6037000757350747, -0.41961214841278605, 0.4477742788688211, -0.32224562081892094, 0.31497217395514343, 0.029407855036524832, 0.3802118527417693, -0.4493258845692825, 0.3774837555634783, 0.586919070850498, -0.03734729819921195]], "inverted": false, "swapped": false, "error_lsq": 0.043715382662926065, "error_max": 0.26715743863133523, "target": "319.xyz", "model": "2.xyz", "model_rescale": 3.795458400668931, "target_rescale": 4.0246618039686375},
{"mapping": [2, 1, 0, 3, 8, 6, 4, 9, 7, 10, 5, 11], "R": [[0.5375300415707941, -0.4623054079500767, 0.7052199402945256], [0.8399467297628408, 0.36743870179791377, -0.39934733200783185], [-0.0745046681061673, 0.807008370589288, 0.585821256211494]], "T": [0.030232602855499266, -0.038160429585401834, -0.02406012772580631], "aligned_model": [[-0.2739582344426767, 0.11304457404591914, -0.5198753821545907, 0.6626665189823694, 0.7815026831094966, 0.3863964008204035, -0.37221362364649696, 0.6195784704444349, 0.2602946569524506, -0.5726872053724675, 0.07652472974296325, -0.03347987038003118], [-0.7415654841593091, -0.3413081948040093, 0.1442562053842181, -0.15169678573112239, -0.16898269973358265, -0.4948711950971431, 0.43529404130042026, 0.5130808076258382, 0.5553708340305079, -0.1385310370733497, 0.13062278463207283, 0.05520501025648211], [-0.00369900991043063, -0.5695071479121602, -0.5497152620964698, 0.44944474352849495, -0.1944764919041456, 0.08483855135616492, 0.13352360270385066, 0.2974351126136729, -0.44607243440792793, 0.3826635885718977, 0.6565233580684622, -0.1011707657183959]], "inverted": false, "swapped": false, "error_lsq": 0.060664301152203115, "error_max": 0.3298448012031928, "target": "319.xyz", "model": "3.xyz", "model_rescale": 3.7530521520055578, "target_rescale": 4.0246618039686375},
{"mapping": [3, 0, 9, 2, 10, 1, 7, 4, 8, 6, 11], "R": [[0.8922684100199723, -0.37802805812317103, -0.24688432868867022], [0.2544276271325144, -0.030742205591897415, 0.9666030722830671], [-0.3729928511810236, -0.9252835803508946, 0.0687504829138012]], "T": [-0.019367969526756963, -0.03357221486519861, -0.05103612717871782], "aligned_model": [[-0.42111729422603056, -0.10355899759865331, 0.3774535943977282, 0.4636046864083269, 0.20559365153840584, -0.23760465189661634, -0.18540536308385885, -0.7867231769662933, -0.3728942606913905, 0.5290718056677526, -0.13022039110416564], [-0.7703773507248642, 0.20118323836666147, -0.2536485984167419, 0.4760861556517752, -0.6257095872198065, 0.553581117870315, -0.42620848453385635, 0.12190082274967255, 0.30168239826712184, 0.009939635968888291, -0.12122598966481914], [0.052387585004480194, -0.7155185945866253, -0.45691140745838354, -0.3450571294869203, 0.11860832960297253, -0.1264576824052086, 0.5999499087524206, 0.016391360271505076, 0.5917309140313013, 0.4145304543964631, -0.056822960876688665]], "inverted": true, "swapped": true, "error_lsq": 0.05316536440228134, "error_max": 0.33152803326347313, "target": "319.xyz", "model": "4.xyz", "model_rescale": 3.7855080009869324, "target_rescale": 4.0246618039686375},
{"mapping": [6, 1, 4, 15, 12, 13, 5, 9, 2, 7, 10, 16], "R": [[0.8244000131248195, -0.46844387309708757, 0.3176868837670158], [0.24930662706291085, -0.20336929472582382, -0.9468300458188026], [0.5081444913233955, 0.8597681476540759, -0.050871487271033314]], "T": [0.1391998286620852, -0.039149708178470154, 0.0007951185242065593], "aligned_model": [[-0.22747202577853115, 0.029462790667590763, -0.510111248081613, 0.6433882589365565, 0.5788860946703032, 0.46190784473534724, -0.46192003759123595, 0.5097751633306413, 0.4905749449226768, -0.5429097263702609, -0.03103020912531232, 0.18724186778561225], [-0.5787460835719194, -0.0351251547882396, -0.128316986795517, -0.0955464330420342, -0.31590556880347065, -0.6791765061351583, 0.49786532156077884, 0.5012227049810025, 0.4973781893973764, -0.11181162101931005, 0.2601365212893038, -0.01510009644178948], [-0.020758788089071403, -0.7482346034839217, -0.34190753087803694, 0.650357696639575, -0.4386903125239896, 0.10611782801634916, 0.07409592922263104, 0.2793370286213019, -0.36589143750749364, 0.3021525030891009, 0.6429896071023543, 0.00021992468421436749]], "inverted": false, "swapped": false, "error_lsq": 0.03858577028206092, "error_max": 0.19614326332588103, "target": "319.xyz", "model": "5.xyz", "model_rescale": 4.2253639853439635, "target_rescale": 4.0246618039686375},
{"mapping": [2, 6, 3, 8, 11, 5, 0, 9, 12, 4, 1, 13], "R": [[-0.03995696559673978, 0.8757426167225205, 0.48112192857558855], [0.881465269137185, 0.25765014171568335, -0.39577188351220516], [-0.47055543797220223, 0.40827842672602854, -0.7822316191927479]], "T": [0.09811867380897464, -0.03194732843153778, 0.06609281233232786], "aligned_model": [[-0.20724958339606597, 0.051189750913943885, -0.47328745631970215, 0.6841367535448916, 0.7174069716077213, 0.38085697251391365, -0.2737541985094467, 0.3613864240604686, 0.5099493530456741, -0.5526144691538241, -0.1189058704477541, 0.04867907024195441], [-0.6241764721899571, -0.25540351492000263, -0.05643271781998993, -0.09782492173528479, -0.14776729005899805, -0.5949852972641301, 0.6784064592966775, 0.45771026818615107, 0.49974199326267343, -0.14784369690246002, 0.12501995861447274, -0.03957048183812906], [-0.01256137262917531, -0.5352248882545199, -0.353317455610897, 0.5111858683574986, -0.39065824624480683, 0.004541479698578571, 0.07915850865607046, 0.3181284392533821, -0.5812445968329543, 0.31912585490095347, 0.7494429421675692, 0.031211311431314025]], "inverted": false, "swapped": false, "error_lsq": 0.042849709182972116, "error_max": 0.21202843429848153, "target": "319.xyz", "model": "6.xyz", "model_rescale": 3.89814844738969, "target_rescale": 4.0246618039686375},
{"mapping": [9, 8, 11, 1, 6, 5, 4, 0, 3, 10, 2, 12], "R": [[0.48084092839222525, 0.37161432273653106, 0.794162953505118], [-0.6843227771113983, 0.725318468771194, 0.07493634355874296], [-0.5481736388312068, -0.5794962588287174, 0.6030669512534026]], "T": [0.05851342750663555, 0.13599586718463963, -0.04066808002789337], "aligned_model": [[-0.1058259339705859, 0.01968403489120627, -0.6350256200484605, 0.6415172780934695, 0.5905743237331219, 0.3372470178889496, -0.39162277521397343, 0.5368180433660428, 0.617141444574031, -0.39035770267695014, -0.03617526427401132, -0.05618112826106502], [-0.7277062688099448, -0.06684961352275098, 0.047911089062439155, -0.039836713223032505, -0.2074934816514813, -0.519447775447794, 0.4930727592218761, 0.43766941473131027, 0.4051638176627629, -0.2747433831667269, 0.15394946347044078, 0.09518497830392411], [-0.19864615946382466, -0.6848984437491621, -0.44881637489452986, 0.5458351389760135, -0.2779487597525267, 0.2680029761956194, 0.2515121392847295, 0.1360468107609147, -0.5582251200270296, 0.37007714485078264, 0.6609440382755483, 0.0759044544364785]], "inverted": true, "swapped": false, "error_lsq": 0.04713246736532381, "error_max": 0.2485913156315559, "target": "319.xyz", "model": "7.xyz", "model_rescale": 3.7474275329858107, "target_rescale": 4.0246618039686375},
{"mapping": [2, 3, 8, 12, 0, 1, 9, 10, 6, 4, 11, 14], "R": [[-0.6656233664120872, 0.6016209622338864, -0.4415854978223504], [-0.6091575375822966, -0.09616455456239609, 0.787197226146338], [0.43112947996270573, 0.7929720021832982, 0.43049131844962696]], "T": [0.09759804651403366, 0.01399428109542259, 0.09111962050234018], "aligned_model": [[-0.20148274098813362, 0.0609973523892937, -0.5232999781426446, 0.3664319470169322, 0.6293920178621372, 0.4397707802071533, -0.4000949443936196, 0.7031358461621627, 0.47164118271639044, -0.5532223710774041, 0.05919429077421902, 0.07533033557528779], [-0.7175163354320285, -0.07528082872882963, -0.0468110192933373, -0.07211301649385857, -0.12546305377136716, -0.6519827996893979, 0.5854320361258349, 0.4557277058591753, 0.41517866516704266, -0.38975678004128145, 0.45763317089489935, -0.03817345796582868], [-0.19876379796887567, -0.6193906756511125, -0.18455895008048911, 0.6397146314545217, -0.27214345416480235, 0.026357222182336937, 0.16922864056785855, 0.20713218159832933, -0.5139265931332169, 0.25125615762806197, 0.5249279221661411, 0.10995456029426015]], "inverted": false, "swapped": false, "error_lsq": 0.04847480049493394, "error_max": 0.25519982398626184, "target": "319.xyz", "model": "8.xyz", "model_rescale": 4.019505241142653, "target_rescale": 4.0246618039686375},
{"mapping": [4, 0, 7, 6, 2, 5, 9, 10, 1, 8, 11, 12], "R": [[0.016141483641058108, 0.6533761981331367, -0.7568612793761837], [-0.7776066295804833, 0.48404762449061595, 0.4012802348203469], [0.6285438585638607, 0.5820630901698541, 0.5158829100906268]], "T": [0.17440603472003874, -0.029549365033377437, 0.009811136833167835], "aligned_model": [[-0.2766191893624611, 0.013909557757255803, -0.5969958717853103, 0.755603824194071, 0.6518776227245289, 0.2523363687367205, -0.2571871385952578, 0.6153264689274394, 0.2925893777466479, -0.46912095849029195, -0.021556820438421553, 0.16763047668685344], [-0.6666451560159088, -0.19881806773201002, -0.0771582903708865, -0.0008100266597389529, -0.23623983666799456, -0.599072092426679, 0.46254558460386686, 0.7337641693378457, 0.5113510121014662, -0.057610724252624784, -0.018731210255043904, -0.055701075031268976], [-0.26997426592543655, -0.5970126145480273, -0.4616297172978845, 0.4450639575101177, -0.271741866703623, 0.3563590341929714, 0.20706720066795384, 0.25703851630772595, -0.37718341302121366, 0.21284438660901425, 0.6003456835942577, 0.03861094350715749]], "inverted": false, "swapped": false, "error_lsq": 0.05569591216755119, "error_max": 0.29151681206539887, "target": "319.xyz", "model": "9.xyz", "model_rescale": 3.877068213659057, "target_rescale": 4.0246618039686375},
{"mapping": [9, 2, 14, 0, 7, 8, 6, 5, 4, 10, 12, 15], "R": [[0.3037311076778761, 0.5440348552949994, 0.7821595044828896], [-0.6570340635729222, 0.7141108757430639, -0.2415613720161558], [-0.6899664147867081, -0.4405357344979217, 0.5743471189940391]], "T": [0.0625030507229282, 0.0744635706601512, -0.014516667036032941], "aligned_model": [[-0.1783555481131798, 0.03620928519681266, -0.6092910462317287, 0.4859849089330732, 0.6991759353382101, 0.39694052859932916, -0.37875340002153846, 0.6118858745108257, 0.46556000913064977, -0.5387060069310561, 0.029937132359368318, 0.10720604533100904], [-0.5157574979109548, -0.18260361541315434, -0.17578633932985632, -0.08870841200388506, -0.20653796098957422, -0.6181470327215534, 0.4622126464356091, 0.5154822666470529, 0.3651888441636856, -0.17452230897907473, 0.3573326396340116, 0.058721057098716764], [-0.18560591123665934, -0.6257289523251256, -0.3236917314986374, 0.6395506501983325, -0.44109883570107755, 0.046843428164356216, 0.17322777106140325, 0.3241224697443728, -0.4739887373192899, 0.2679093944295604, 0.6762218989153184, 0.06202640046045932]], "inverted": true, "swapped": false, "error_lsq": 0.03652531270469521, "error_max": 0.21594705442657666, "target": "319.xyz", "model": "10.xyz", "model_rescale": 4.260839863003843, "target_rescale": 4.0246618039686375},
{"mapping": [5, 3, 0, 9, 2, 4, 7, 8, 1, 6, 10, 11], "R": [[-0.4960845565265747, -0.573667137404019, 0.6517715307057454], [0.8493666127189374, -0.47642423343150697, 0.2271482049181981], [0.18021229140708048, 0.6662776938048277, 0.7236004178854032]], "T": [0.12683623154709714, 0.002011873114149604, 0.031830850948729096], "aligned_model": [[-0.16376056398485758, 0.09888427041757278, -0.6160217341910631, 0.7012493004196753, 0.7089282044914308, 0.4762338530290112, -0.2618730927038947, 0.5630103043014222, 0.22576133103363522, -0.6794462684121838, -0.027488474705723215, 0.10231658840674923], [-0.6069401001817296, -0.31589467819086137, 0.19752750918401232, -0.09371500078922954, -0.06509509873273635, -0.6051888071678316, 0.5221928512368252, 0.522949154061117, 0.41429025892453974, -0.1797208478452987, -0.04285373174667052, 0.04932277787888668], [-0.0048010872133685475, -0.6021937415704688, -0.392397799953809, 0.5764584788545162, -0.3245716118721156, 0.24474279182828995, 0.12083894340059056, 0.26418819349513606, -0.554258733011308, 0.1737360412918428, 0.6380525550988314, -6.1854551238194055e-06]], "inverted": false, "swapped": false, "error_lsq": 0.058179321737684135, "error_max": 0.2878122831427145, "target": "319.xyz", "model": "11.xyz", "model_rescale": 3.890672605050136, "target_rescale": 4.0246618039686375},
{"mapping": [7, 8, 5, 2, 0, 4, 9, 11, 6, 12, 10, 13], "R": [[0.4858441678725916, 0.24955984743945256, -0.8376606276351936], [-0.839916066096322, 0.39849757390013285, -0.3684300279686593], [0.24186038629231535, 0.8825641994448368, 0.4032170475076998]], "T": [0.2158178778022773, 0.05022763469859616, -0.09112470978763546], "aligned_model": [[-0.35638209072382093, 0.1091576280461374, -0.5360388954582425, 0.5890486478158815, 0.6579633396245015, 0.44300942697110873, -0.31661551525229087, 0.35798893554756483, 0.35494440067123867, -0.36158683968110844, 0.04657538049810195, 0.13972930004270245], [-0.5775673073495817, -0.1740622144007452, 0.04181296641493469, 0.0017374167695569792, -0.25874666683159375, -0.4907873396209157, 0.6130757989807906, 0.426280193872607, 0.4821575363401903, -0.1807373503918583, 0.003533960870189576, -0.08982270802255148], [-0.16477847434762552, -0.7675186043129228, -0.2901542746643516, 0.5121261706484684, -0.3314095643481322, 0.29194687800434094, -0.016713407245851825, 0.2845533797697879, -0.44628483514496275, 0.31923015448860337, 0.7856404710750712, -0.03685004902941171]], "inverted": false, "swapped": false, "error_lsq": 0.04552337842837021, "error_max": 0.279876844823981, "target": "319.xyz", "model": "12.xyz", "model_rescale": 4.124412569039231, "target_rescale": 4.0246618039686375},
{"mapping": [9, 8, 6, 5, 10, 7, 1, 4, 2, 3, 0, 12], "R": [[0.9305763657483541, -0.35584075473242094, -0.08605222124992709], [0.22391931815198318, 0.3672700568760734, 0.9027584639761604], [-0.2896338489695848, -0.8593544452632492, 0.4214524539462985]], "T": [0.06105204335777356, -0.0854664254406804, 0.06716085282401829], "aligned_model": [[-0.15215433179835006, -0.10886067391685175, -0.5544449713300994, 0.5610134204309448, 0.7228395964992621, 0.3820837855197722, -0.2992192520048732, 0.5495297202061442, 0.41346141168357864, -0.5063600462431066, -0.04272315229157858, 0.16262821134693237], [-0.6077345889033867, 0.01587584851688159, -0.0437062151919852, -0.16144047391470046, -0.1777004251691525, -0.6112404894411777, 0.616405710409772, 0.5075393400533873, 0.4704890534605055, -0.3274567015645911, 0.17373435512537638, -0.05789112674990583], [-0.23353879637176989, -0.6225894881805412, -0.19174516204311565, 0.6310867739038865, -0.2461118655837623, 0.18368522222749153, -0.13394707233851041, 0.23452266764789081, -0.48882175144061213, 0.42526363499997805, 0.5758975799392432, 0.0060861021328348225]], "inverted": false, "swapped": false, "error_lsq": 0.037150240534968244, "error_max": 0.20096432986432244, "target": "319.xyz", "model": "13.xyz", "model_rescale": 3.9028299243045295, "target_rescale": 4.0246618039686375},
{"mapping": [4, 5, 0, 9, 13, 10, 2, 11, 12, 3, 6, 15], "R": [[0.2763880305324414, 0.740874098739521, 0.6121398748613754], [0.10610391116559792, 0.6095339970654576, -0.7856273076063289], [-0.9551709881553988, 0.28208841918502947, 0.08985826143393821]], "T": [0.07676539683995665, 0.03259540326466982, 0.008833021016488448], "aligned_model": [[-0.20901886306551243, 0.12917924627627375, -0.6862072335064451, 0.47663823722430854, 0.6627757336256005, 0.4372565776605528, -0.42292652694095584, 0.656741817553873, 0.46429315612382893, -0.4382898173490264, -0.061823055893345025, 0.11917444639262154], [-0.565909889572451, -0.15489905379172042, -0.11133110317782778, -0.08999662222181608, -0.13576261274552315, -0.6196143333062291, 0.5690508565817011, 0.42227589147683037, 0.43996938121534945, -0.14630677672156128, 0.19974396076649065, -0.010345411872219608], [-0.13074507582876854, -0.46466507889052183, -0.28163958583358856, 0.6614572339244478, -0.5019495309767464, 0.01343412106592594, -0.059528499375712765, 0.24890208787128437, -0.4011779140010378, 0.3111599658478514, 0.6391209415284451, 0.10541917956143458]], "inverted": false, "swapped": false, "error_lsq": 0.03809146022257542, "error_max": 0.20150515110400344, "target": "319.xyz", "model": "14.xyz", "model_rescale": 3.942246331269136, "target_rescale": 4.0246618039686375},
{"mapping": [5, 0, 1, 10, 7, 9, 13, 11, 8, 3, 4, 14], "R": [[0.06429178059535506, 0.9684830202845427, 0.24063916216694503], [-0.3579430632795899, -0.2027123723745355, 0.9114737832413566], [0.9315274179528494, -0.14473539134164182, 0.33362903964625085]], "T": [0.09473191910856639, -0.0078616270268922, 0.042262916830536], "aligned_model": [[-0.1877504299056989, 0.057627185692495204, -0.6183481056372319, 0.40377719902418135, 0.6772624105176513, 0.6275162854773292, -0.19850405689890593, 0.48294284202547483, 0.4588419211712749, -0.561264308826307, -0.06909348604360922, 0.05478626150512052], [-0.5720096842813803, -0.08447650211734511, -0.21541965708279515, -0.15282466649975726, -0.28551656558689087, -0.6026872493459571, 0.7329595914944845, 0.5450656011532932, 0.44133666297657703, -0.15546461090121508, 0.16887806236667707, -0.02296669554466753], [-0.026441160053474397, -0.688127993943451, -0.2818944188082915, 0.6687429629547758, -0.518580617322237, 0.14466215568578822, 0.20389964244932673, 0.2824186669626732, -0.4720188434367761, 0.29609403901073844, 0.5766675348330331, -0.045634123439092525]], "inverted": false, "swapped": false, "error_lsq": 0.044162766764075795, "error_max": 0.2133608210468062, "target": "319.xyz", "model": "15.xyz", "model_rescale": 4.355366556412066, "target_rescale": 4.0246618039686375},
{"mapping": [5, 3, 7, 2, 4, 0, 10, 8, 6, 9, 1, 11], "R": [[-0.20672951729032202, -0.5012772094615019, -0.8402285795873646], [0.6056266268557211, 0.6089168920223902, -0.512285669771422], [0.7684265062608603, -0.6147693696698646, 0.17770573032810627]], "T": [0.04902538549413526, -0.020788720475154725, 0.04621390799225666], "aligned_model": [[-0.1418109786141237, -0.028203631053799937, -0.7147959656574657, 0.7830804823311782, 0.6741575354915855, 0.3186493431467913, -0.19388416637701358, 0.35025308552541, 0.475605058060105, -0.5688008176261412, 0.03074946519590959, 0.14279430767933898], [-0.5994384809625363, -0.07240753097888708, -0.027433152642427953, 0.004465686942903786, -0.28112907809293464, -0.61994310335388, 0.5605444927365939, 0.5994881221119772, 0.4777752773637255, -0.2626617782144059, 0.0228138138606266, -0.005199982139731725], [-0.16475011438794535, -0.6037000757350747, -0.41961214841278605, 0.4477742788688211, -0.32224562081892094, 0.31497217395514343, 0.029407855036524832, 0.3802118527417693, -0.4493258845692825, 0.3774837555634783, 0.586919070850498, -0.03734729819921195]], "inverted": false, "swapped": false, "error_lsq": 0.043715382662926065, "error_max": 0.26715743863133523, "target": "319.xyz", "model": "16.xyz", "model_rescale": 3.795458400668931, "target_rescale": 4.0246618039686375},
{"mapping": [9, 8, 11, 1, 6, 5, 4, 0, 3, 10, 2, 12], "R": [[0.48084092839222525, 0.37161432273653106, 0.794162953505118], [-0.6843227771113983, 0.725318468771194, 0.07493634355874296], [-0.5481736388312068, -0.5794962588287174, 0.6030669512534026]], "T": [0.05851342750663555, 0.13599586718463963, -0.04066808002789337], "aligned_model": [[-0.1058259339705859, 0.01968403489120627, -0.6350256200484605, 0.6415172780934695, 0.5905743237331219, 0.3372470178889496, -0.39162277521397343, 0.5368180433660428, 0.617141444574031, -0.39035770267695014, -0.03617526427401132, -0.05618112826106502], [-0.7277062688099448, -0.06684961352275098, 0.047911089062439155, -0.039836713223032505, -0.2074934816514813, -0.519447775447794, 0.4930727592218761, 0.43766941473131027, 0.4051638176627629, -0.2747433831667269, 0.15394946347044078, 0.09518497830392411], [-0.19864615946382466, -0.6848984437491621, -0.44881637489452986, 0.5458351389760135, -0.2779487597525267, 0.2680029761956194, 0.2515121392847295, 0.1360468107609147, -0.5582251200270296, 0.37007714485078264, 0.6609440382755483, 0.0759044544364785]], "inverted": true, "swapped": false, "error_lsq": 0.04713246736532381, "error_max": 0.2485913156315559, "target": "319.xyz", "model": "17.xyz", "model_rescale": 3.7474275329858107, "target_rescale": 4.0246618039686375},
{"mapping": [8, 0, 4, 11, 1, 3, 9, 7, 2, 5, 12, 13], "R": [[-0.003760040654399388, -0.7225760512004933, 0.6912812107426178], [-0.6501264047003983, -0.5234881175345929, -0.5507230235893741], [0.7598167673890932, -0.45149090913504625, -0.46779743368556254]], "T": [0.10707456616834814, -0.025268374772608564, 0.05063287028895881], "aligned_model": [[-0.22045026264749906, 0.08892309693062904, -0.6303928083005328, 0.6292205750889308, 0.7356264329457061, 0.41671564066457273, -0.2773059379003986, 0.5411182797699781, 0.3314928676862656, -0.517957561721567, -0.08140574731583773, 0.11220914290152742], [-0.6353609439679793, -0.20447613795272, -0.07709529135681656, -0.18276527043938018, -0.12478153770179978, -0.6291756891952565, 0.521215945129398, 0.5122020878770981, 0.40970997532145226, -0.11651504442508065, 0.31401117027846215, 0.009905023063645095], [-0.14267774695810753, -0.7658825873487778, -0.32709939512128505, 0.5242307324354123, -0.22054621810873337, 0.053379118799725525, 0.08711138518708213, 0.35088416253982274, -0.4634322857982286, 0.4030939618338712, 0.6898523044837752, -0.0491255870515437]], "inverted": true, "swapped": false, "error_lsq": 0.03734394313330352, "error_max": 0.18019584769244235, "target": "319.xyz", "model": "18.xyz", "model_rescale": 3.922800546911778, "target_rescale": 4.0246618039686375},
{"mapping": [7, 3, 12, 10, 2, 9, 8, 6, 1, 13, 4, 14], "R": [[-0.47381635840663794, 0.1514376267891317, 0.8675048724351628], [0.7214391808457449, 0.6316645162194646, 0.2837700605945782], [-0.5049985810345345, 0.7603069012850702, -0.40854601822977216]], "T": [0.047294692618074174, 0.07276784604343561, -0.060440012499412006], "aligned_model": [[-0.27283386926645203, -0.010720446514501485, -0.6317279826980078, 0.6276250870479534, 0.6972213067112013, 0.47553903040070433, -0.26065020162066604, 0.3647442647595887, 0.535349143019284, -0.49080842487432597, 0.07106393428942298, 0.022991876847573124], [-0.6590241657835434, -0.33683939596458046, -0.1085143957295592, -0.11767197413364061, -0.18520703667025973, -0.619583196613051, 0.5888249900597993, 0.5584265734462461, 0.5665699816913141, -0.048373752832113134, 0.1785560438771105, -0.02028938471669972], [-0.07490287357953662, -0.5482979780089645, -0.41353914842424166, 0.466390088629111, -0.21591772463232398, -0.06035752264289474, 0.05464960581424864, 0.3125601772562549, -0.3172382371992973, 0.3489296185029635, 0.6551793132888435, -0.06766747411114919]], "inverted": true, "swapped": false, "error_lsq": 0.04393648681720319, "error_max": 0.21550888841525612, "target": "319.xyz", "model": "19.xyz", "model_rescale": 3.9282355846067225, "target_rescale": 4.0246618039686375},
{"mapping": [3, 4, 0, 7, 8, 6, 10, 12, 9, 1, 2, 13], "R": [[0.4485919745026224, 0.8882337884189433, 0.09902513581293576], [0.2907059140073861, -0.24978907130762742, 0.923631686017973], [0.8451362682863451, -0.38554656912778357, -0.370268188021637]], "T": [0.18093822832885298, -0.07574660952224214, 0.005069689856179744], "aligned_model": [[-0.28083024150016167, 0.04239998154872887, -0.5371016007934186, 0.5449903060634145, 0.6805843775586087, 0.4820343954877168, -0.24203359550349723, 0.5687216514053894, 0.5381901621388843, -0.5141453976074849, -0.18181866099293315, 0.02680234029652756], [-0.6589796050047833, -0.30838172639722694, -0.04721961484397329, 0.0348753333702594, -0.17303715831129568, -0.6441745492950542, 0.6509528279005135, 0.6536048448540084, 0.42377315351063755, -0.19317182769771873, 0.10118681323331662, -0.04255420468766003], [-0.10879084937400908, -0.565943358607219, -0.3467853975953499, 0.49835119855831994, -0.560182336946367, 0.11941491041629719, 0.19278520036304006, 0.20622837859185805, -0.31316903714974786, 0.259177673591928, 0.7232745447001594, 0.03542691834410352]], "inverted": false, "swapped": false, "error_lsq": 0.04622610440321371, "error_max": 0.2540221840798, "target": "319.xyz", "model": "20.xyz", "model_rescale": 4.067790424073018, "target_rescale": 4.0246618039686375},
{"mapping": [1, 8, 5, 12, 0, 9, 6, 3, 2, 13, 11, 14], "R": [[-0.7077397540493338, 0.35384523808529833, 0.6114719846587803], [0.47971246175206406, 0.87609764896122, 0.04825830005706616], [-0.5186331984919242, 0.32748504846631077, -0.7897931048401567]], "T": [0.05460969657516818, -0.01147106722231743, -0.04924241483184583], "aligned_model": [[-0.22121601990012252, -0.005865894548843918, -0.4639769652100691, 0.5680841830253844, 0.6779555650296086, 0.29716576049615334, -0.22505195008561246, 0.576568184954307, 0.3648968234747039, -0.5136952199220426, 0.02135384843091343, 0.05157540235739461], [-0.7777712694123501, -0.23195499709959416, -0.09428540258889234, -0.1635179751158929, 0.009553141329982195, -0.6914820146547807, 0.6702875606554086, 0.562054360198688, 0.5716535932705431, -0.17768866847465392, 0.17911227613840086, -0.05908631761583525], [-0.14928878174852397, -0.5716382764819234, -0.318826874573357, 0.49869878316514454, -0.38903049651878174, 0.23851019887661912, 0.018221941658323415, 0.300576019732912, -0.39189305432409843, 0.32428768569047534, 0.5676889361115187, 0.01248176330470481]], "inverted": true, "swapped": false, "error_lsq": 0.0419178153745253, "error_max": 0.23684241165572006, "target": "319.xyz", "model": "21.xyz", "model_rescale": 4.186013935880536, "target_rescale": 4.0246618039686375},
{"mapping": [4, 11, 3, 1, 9, 7, 5, 2, 8, 6, 0, 12], "R": [[-0.4637658326050189, 0.836180989445125, -0.2927842301059693], [0.810931485668443, 0.26754959270942735, -0.5203915266341212], [-0.35680720012318323, -0.4787677603301951, -0.8021658516844652]], "T": [0.1578351990783662, -0.06583367632298255, -0.022714371371267354], "aligned_model": [[-0.19328565062323175, 0.00703819832528621, -0.750656210084473, 0.5986710101988764, 0.7317453254263324, 0.27424646253659124, -0.2874373291500758, 0.34527312293246865, 0.5474357232555219, -0.2807533137671945, 0.018778835513820286, 0.11673754353785251], [-0.6481073863913711, -0.003657793334209805, 0.006237976657506042, -0.10380103288035943, -0.1598330479448078, -0.6972237363112925, 0.563267051085434, 0.6339252189293152, 0.4203100349614334, -0.27992623771696057, 0.14098480055932133, -0.07530156098298552], [-0.278228801954919, -0.6329277790003534, -0.17032091272552657, 0.5598193215616932, -0.2400667241266387, 0.3324176460094122, 0.04439320267301356, 0.1350947414249803, -0.46941768929393046, 0.2449745162816938, 0.6552811200434324, -0.04123079599984382]], "inverted": false, "swapped": false, "error_lsq": 0.04528641447069843, "error_max": 0.26470978785174243, "target": "319.xyz", "model": "22.xyz", "model_rescale": 4.166573947596378, "target_rescale": 4.0246618039686375},
{"mapping": [8, 10, 9, 1, 7, 0, 12, 6, 13, 3, 2, 15], "R": [[-0.6964692212499469, 0.6692390791633317, -0.2589395272493341], [0.6824649589209465, 0.7292618760749986, 0.04918023941182536], [0.22174806356882482, -0.14246463078318616, -0.9646406715867247]], "T": [-0.026185123263539736, 0.030820609679487524, 0.01817956962210531], "aligned_model": [[-0.2136570311582781, 0.15983913983699943, -0.5483980812132665, 0.520235573367425, 0.47375462490279985, 0.5363311254846379, -0.1994112402137569, 0.3511153411008424, 0.48138337281328336, -0.46145486917025424, -0.008400661181258914, 0.036456423532601465], [-0.736354915345374, -0.014457346761066494, -0.059400043265409236, -0.03739984655013086, -0.29503197965031885, -0.5433539999093014, 0.6622891901059822, 0.5388692370352605, 0.3538260818831874, -0.19329886541202482, 0.089939238061987, 0.031247536438231513], [-0.15610507621429864, -0.7058964714830727, -0.26396051369412166, 0.4708046379869667, -0.375863557307744, 0.1618971761839137, 0.04310946271682577, 0.4408361486543032, -0.5775173546712146, 0.3670883846426972, 0.6882526550954047, 0.04714235298335363]], "inverted": false, "swapped": false, "error_lsq": 0.04495494132599256, "error_max": 0.21169712949988548, "target": "319.xyz", "model": "23.xyz", "model_rescale": 4.274766983524099, "target_rescale": 4.0246618039686375},
{"mapping": [0, 9, 2, 1, 6, 8, 4, 7, 3, 10, 11], "R": [[-0.2536089114091622, 0.5977415080214544, -0.7605179877176461], [0.7763198977428071, -0.3432658805147913, -0.5286737667437292], [-0.5770701312860144, -0.7244816249309868, -0.3769833401025829]], "T": [-0.04894388209744909, 0.11810235284859597, -0.029926993330178238], "aligned_model": [[0.12068825195793534, 0.2334373069650615, -0.44341850806546107, -0.4330023571131071, -0.46739286000068087, -0.5579920452104123, -0.007606002469798971, -0.0163497532927089, 0.607210336090947, 0.2892865295126068, 0.05503380558369366], [-0.027739288627572883, 0.5662982129570968, 0.42639896575521863, -0.2671224098327487, 0.623708228236286, -0.3256911914652302, -0.6608241795937155, 0.07342505203655, -0.042397114964225574, 0.5104645772220958, 0.03906567951972893], [-0.7034923993819976, -0.3299554026182676, -0.6033426878791041, -0.3495606377619794, 0.26788983245909787, 0.4110301713623751, 0.0655558985348339, 0.7462534218153615, 0.4786812598004916, 0.37214975799326216, 0.024357219697504116]], "inverted": true, "swapped": true, "error_lsq": 0.048717660184308946, "error_max": 0.2735781827894864, "target": "319.xyz", "model": "24.xyz", "model_rescale": 3.7841303162186577, "target_rescale": 4.0246618039686375},
{"mapping": [3, 6, 4, 14, 11, 13, 8, 10, 7, 5, 9, 15], "R": [[0.40482255467676187, 0.9129570984605387, 0.05126436964885725], [-0.22109992946144652, 0.15213183623971657, -0.9633123717644635], [-0.8872618105255764, 0.3786360267761727, 0.26344114866518087]], "T": [0.048933713131286465, 0.14966715924778834, 0.022351729969752793], "aligned_model": [[-0.12752627025722604, -0.04049838739985163, -0.5995854552473387, 0.4750297354190426, 0.6133336257908782, 0.4087514919944126, -0.3197695651063009, 0.7187089267913375, 0.45290434924790746, -0.5478655334167859, 0.053489604459889574, 0.04082119582580985], [-0.5942606888277862, -0.14006737208899595, -0.07185581891780907, -0.040036287648854085, -0.2334509932460947, -0.5235323415570912, 0.600016357296945, 0.4945224686166231, 0.39834558887822624, -0.4460734870416096, 0.24355435976237783, 0.10971250140509164], [-0.23148900504596956, -0.6334548367773876, -0.2726987762973876, 0.6640321366650535, -0.3299276889326366, 0.19362226275665181, 0.12579870224154469, 0.21659663735204984, -0.42236427366889673, 0.26372796558963985, 0.5996775876618009, -0.03373286665144934]], "inverted": false, "swapped": false, "error_lsq": 0.04087501100023358, "error_max": 0.24695107224642876, "target": "319.xyz", "model": "25.xyz", "model_rescale": 4.19342608120988, "target_rescale": 4.0246618039686375},
{"mapping": [5, 3, 7, 2, 4, 0, 10, 8, 6, 9, 1, 11], "R": [[-0.20672951729032202, -0.5012772094615019, -0.8402285795873646], [0.6056266268557211, 0.6089168920223902, -0.512285669771422], [0.7684265062608603, -0.6147693696698646, 0.17770573032810627]], "T": [0.04902538549413526, -0.020788720475154725, 0.04621390799225666], "aligned_model": [[-0.1418109786141237, -0.028203631053799937, -0.7147959656574657, 0.7830804823311782, 0.6741575354915855, 0.3186493431467913, -0.19388416637701358, 0.35025308552541, 0.475605058060105, -0.5688008176261412, 0.03074946519590959, 0.14279430767933898], [-0.5994384809625363, -0.07240753097888708, -0.027433152642427953, 0.004465686942903786, -0.28112907809293464, -0.61994310335388, 0.5605444927365939, 0.5994881221119772, 0.4777752773637255, -0.2626617782144059, 0.0228138138606266, -0.005199982139731725], [-0.16475011438794535, -0.6037000757350747, -0.41961214841278605, 0.4477742788688211, -0.32224562081892094, 0.31497217395514343, 0.029407855036524832, 0.3802118527417693, -0.4493258845692825, 0.3774837555634783, 0.586919070850498, -0.03734729819921195]], "inverted": false, "swapped": false, "error_lsq": 0.043715382662926065, "error_max": 0.26715743863133523, "target": "319.xyz", "model": "26.xyz", "model_rescale": 3.795458400668931, "target_rescale": 4.0246618039686375},
{"mapping": [4, 10, 11, 0, 7, 3, 8, 6, 5, 9, 1, 12], "R": [[0.510475642656233, 0.783919402509121, 0.35339070251557103], [0.11283376769052839, 0.34635173602389324, -0.9312942691877767], [-0.8524571303728216, 0.5152774449973317, 0.08835154528108691]], "T": [-0.032197388015545156, -0.03104888611970731, 0.12694785114194262], "aligned_model": [[-0.3244004007679018, 0.08889449267684062, -0.6122517017402125, 0.6460869251690904, 0.6685326960827739, 0.35192208677184444, -0.2512909543872403, 0.39932159919320875, 0.3359340887966903, -0.25720369842138335, -0.03739643285202296, 0.11964501758008687], [-0.6480709387199293, -0.20595684702708944, -0.01813308562734965, -0.2248078938299377, -0.17204080724345855, -0.6612801641805541, 0.650950460469449, 0.6670988543908449, 0.4193052264188786, -0.30697237978163816, 0.3218906552731907, -0.025108793511383398], [-0.3555087464707755, -0.5530744941900578, -0.2913161408061823, 0.5670171973951303, -0.2594544341085621, 0.1453142359443062, -0.005817394809953774, 0.21394242438767935, -0.35109070062962694, 0.3669742581024148, 0.6020897463747121, 0.06071189370392874]], "inverted": true, "swapped": false, "error_lsq": 0.04035035789928646, "error_max": 0.20819506480312178, "target": "319.xyz", "model": "27.xyz", "model_rescale": 3.6321398670334006, "target_rescale": 4.0246618039686375},
{"mapping": [0, 3, 8, 13, 1, 2, 12, 6, 4, 10, 9, 14], "R": [[-0.0930322403494817, 0.973779119629175, 0.20760353665047487], [-0.9864193748094574, -0.061796571349885546, -0.15217753043704524], [-0.13535811485121824, -0.21894156741840343, 0.966303663865711]], "T": [0.01762872799215484, -0.04743793410541031, -0.027867934832315942], "aligned_model": [[-0.21138141671633173, -0.048223866869279264, -0.45795026964851215, 0.5992333183974656, 0.6042872307495577, 0.5441584767288875, -0.30941459940360005, 0.4000572632750026, 0.5967779055611901, -0.5745891527747802, -0.09447287518324281, 0.0793117039854177], [-0.618076714400697, -0.23978042621090512, 0.09651274846237651, -0.017224564340963623, -0.19226071421170765, -0.6370475439894532, 0.7102126569674122, 0.5649686504660316, 0.41095203338590697, -0.3640174098420694, 0.13985668736585272, -0.057221117020760756], [-0.13434530455730445, -0.6837855222188078, -0.16975674265706908, 0.5442339657247415, -0.31444315994961397, 0.06470957517975526, 0.02231149036233141, 0.25955862572833116, -0.403277205074075, 0.3642124781429162, 0.6037380472116091, -0.013368402999801087]], "inverted": true, "swapped": false, "error_lsq": 0.042678471799439684, "error_max": 0.3282359949091124, "target": "319.xyz", "model": "28.xyz", "model_rescale": 4.156811204709835, "target_rescale": 4.0246618039686375},
{"mapping": [0, 9, 2, 6, 3, 5, 1, 4, 8, 11], "R": [[0.30842116335395386, -0.906741825437087, -0.2875685100952694], [-0.17814712191085963, -0.3520149167494, 0.9188847051403077], [-0.9344196000460774, -0.23217398732186242, -0.2701022966596113]], "T": [-0.0077778276142752845, -0.0564165824793149, -0.03943994533848055], "aligned_model": [[-0.573988727814435, 0.01757644746241155, 0.03046149568183812, 0.6904547724945982, -0.08529012946447789, -0.6791795897275447, -0.3120121699245756, -0.5156589961860155, 0.14374546558641196, -0.07318319399762285], [-0.13729103855980263, -0.529396839534236, 0.12272975895046821, 0.054104295499868546, -0.5367906588360647, -0.32718637053283617, 0.4656475265282175, 0.3009544586305895, 0.6118131009959229, -0.10586390251592337], [-0.4596776642198412, -0.4219089617388863, -0.7782950957729244, -0.17975417032626992, 0.6520897953043483, 0.2633429235093657, -0.22097569309135773, 0.4421148318778247, 0.38604300987501255, 0.0758077515578279]], "inverted": true, "swapped": true, "error_lsq": 0.04544190531781383, "error_max": 0.2406175564810521, "target": "319.xyz", "model": "29.xyz", "model_rescale": 4.117894457231895, "target_rescale": 4.0246618039686375},
