[{"mapping": [11, 14, 9, 10, 1, 6, 5, 0, 2, 8, 7, 3, 13, 15], "R": [[-0.7623309862623061, 0.46409230062903034, 0.45107627279784235], [-0.4812544168352287, 0.05950868011167726, -0.8745586905793975], [-0.4327189083699994, -0.8837856377471972, 0.1779811586962406]], "T": [0.0582158644255835, 0.12121203252295437, 0.18988888826301825], "aligned_model": [[0.08515681336556805, 0.2636711947307256, -0.3730651573560905, -0.41782426349115215, -0.6455477001329029, -0.19696460601532115, -0.5821309301285248, -0.02929751947169728, -0.37611146446234756, 0.20705111178443542, 0.5824521580073942, 0.21003937127426225, 0.6385771341285384, 0.005485958895415845], [-0.676762756043896, -0.28934553242879396, -0.319255003216608, -0.2456408588580566, 0.17964939390281714, 0.08880814044118965, 0.2752178052471978, 0.479816043543917, 0.7076198932718523, -0.10821318567791535, 0.5063123817088274, 0.776499031222085, -0.2532014062678991, 0.11376938496531727], [0.2709736302277662, -0.4303296448034675, 0.4778478889394411, -0.22494803173850197, 0.6054160569974659, -0.727444722032492, -0.22629801683267908, 0.6568447235431754, 0.10169459877021625, 0.6979713837159558, 0.4995233331945151, 0.033774306273333776, 0.12735308313315508, 0.035209497791949734]], "inverted": false, "swapped": true, "error_lsq": 0.039357684643223416, "error_max": 0.2591554184514106, "target": "32.xyz", "model": "0.xyz", "model_rescale": 3.8414455957264533, "target_rescale": 4.180218895210482},
{"mapping": [3, 2, 8, 1, 0, 9, 11, 7, 14, 13, 10, 4, 6, 12, 15], "R": [[0.553150241264681, 0.1779628189243195, 0.8138513658336732], [0.1308628217275337, 0.9462273154237942, -0.29585264818045415], [-0.8227391643032034, 0.2701538499196147, 0.5001171511708805]], "T": [-0.026462542136867835, -0.0556463016268713, -0.011704973121670438], "aligned_model": [[-0.6168101786825264, -0.5837017089573097, 0.0717181175373349, -0.20733587656669666, -0.4933939513697445, 0.3150468396789543, 0.7258179964637097, -0.4622748613703827, 0.5326217633199436, 0.36774182620288365, 0.4195367731294532, -0.3956863488275804, 0.22870974601181376, -0.04815258989342391, 0.01820660682811622], [0.28840997648733796, 0.08612336985010664, -0.563243920134352, -0.5787373810616764, -0.4248015672010019, -0.527764545248627, -0.3279140472984104, -0.1433942463069681, 0.4696168477424098, 0.028615646017646115, 0.14609972755287876, 0.7366638433940802, 0.7510181808764942, 0.3284770251097599, 0.07787561826333657], [0.08798522760494101, -0.4696116357470725, 0.24449982687248314, -0.6158750381443753, -0.010083198057843003, -0.3630034524296366, 0.051608368342429066, 0.5551877685396034, 0.07174440647810088, 0.552580587213404, -0.5536164677313657, -0.31477585533240554, -0.44970902940748475, 0.47325059316234025, -0.09500031402358325]], "inverted": false, "swapped": true, "error_lsq": 0.042002560795188035, "error_max": 0.338663391495884, "target": "32.xyz", "model": "1.xyz", "model_rescale": 4.316132596720782, "target_rescale": 4.180218895210482},
{"mapping": [10, 14, 11, 2, 1, 5, 0, 4, 13, 6, 12, 15], "R": [[0.31613562025280606, -0.6614479180291297, -0.6801065514625656], [0.7829580475129634, -0.2229291932246218, 0.5807574972765377], [-0.5357564422777034, -0.7160930292518906, 0.4474101116590786]], "T": [-0.010410223850246848, 0.07395892630478197, -0.2880261121503811], "aligned_model": [[-0.13381752802849867, 0.5334234446425629, 0.307939357255855, -0.5893287904652541, -0.771288192580581, -0.48387487460849965, -0.3824042009229098, -0.12605146820327087, 0.6570847994109947, 0.08426593119948536, 0.5038007526048974, -0.0019406756730001619], [-0.4800820406414307, -0.22847241544756136, -0.6276773783923779, 0.4067556202174831, -0.166109927575525, -0.08444258482695231, 0.3755515190802967, 0.49036175281157746, -0.010246003901401388, -0.10224123274921425, 0.4011605976237555, 0.03821852154233023], [0.17142373464325944, 0.16828590849840425, -0.5125797882237645, 0.019207177412070897, -0.47455377781681685, 0.31006545362763305, -0.6415308082836436, 0.530001597438928, -0.45617865329117113, 0.6434554855790793, -0.1797245536950145, -0.12861331467954346]], "inverted": true, "swapped": true, "error_lsq": 0.04671054813580807, "error_max": 0.2244659226407057, "target": "32.xyz", "model": "2.xyz", "model_rescale": 3.795458400668931, "target_rescale": 4.180218895210482},
{"mapping": [10, 9, 11, 7, 6, 12, 8, 2, 0, 3, 14, 15], "R": [[0.2691593702382399, -0.052599503600699454, 0.9616582166413983], [0.1404040856794678, -0.9856968024170087, -0.09321215816296496], [0.952806342410391, 0.16010966843337393, -0.25792434537415865]], "T": [0.05498621577568929, -0.048911801052923476, 0.11688632418781819], "aligned_model": [[-0.1630459614864147, -0.31496660498493967, -0.7356989701793633, 0.29158869243698116, 0.16834775607992755, 0.07091126351840285, -0.250196861854618, 0.7235707483834235, 0.37478077376805635, 0.6778282123297557, -0.3239705165184052, 0.07415529425075887], [-0.024750644066984955, -0.5587726676855812, -0.13261212324676064, 0.04048512416896684, 0.5230423852235001, 0.4957069746856263, -0.37221071928901933, -0.21612056511195432, -0.456628334591339, 0.19639465106694304, 0.549677646129878, 0.0415573180064346], [-0.5796501972303949, -0.14023567502783657, 0.007911528599763101, 0.7914431548093209, -0.636562816282199, 0.41072279495375213, 0.4846862458626817, -0.13870826191625663, 0.409805852627882, 0.2863436417715307, -0.18892882327779992, -0.018056014251343316]], "inverted": true, "swapped": true, "error_lsq": 0.04406108759731763, "error_max": 0.2584943271623676, "target": "32.xyz", "model": "3.xyz", "model_rescale": 3.7530521520055578, "target_rescale": 4.180218895210482},
{"mapping": [1, 11, 8, 13, 0, 14, 2, 10, 4, 12, 15], "R": [[-0.9602271137259163, 0.032810834884689236, 0.27728566349482675], [0.14938553334049182, 0.8993605104695587, 0.4108949192147695], [-0.23589797051728412, 0.4359749090510884, -0.8684918112358471]], "T": [0.0140806008248563, -0.10943342655150427, 0.016400767906420616], "aligned_model": [[-0.40576278303494556, -0.10387869225187313, 0.31453359637335004, 0.4101251669980178, 0.22072335398823195, -0.16799205239669934, -0.2733036949222643, -0.6632693827758073, -0.2993898778089289, 0.4073983963926565, -0.10098442811653235], [-0.8022922165672907, 0.14139004282598183, -0.34954764307208946, 0.36487645978039457, -0.6548596273458954, 0.6337912962191783, -0.4739031316351661, 0.1226316058523687, 0.17225138533397255, 0.3236318655212497, -0.010766678598357823], [-0.10623339572095139, -0.7367509470115406, -0.4137257765885849, -0.2983915235719322, 0.13519560464489705, -0.08313312612145651, 0.5863698382078928, -0.12722283025734835, 0.8400047205149814, 0.21878321298595402, 0.07793500016340547]], "inverted": false, "swapped": true, "error_lsq": 0.044259448740986765, "error_max": 0.2251858322095913, "target": "32.xyz", "model": "4.xyz", "model_rescale": 3.7855080009869324, "target_rescale": 4.180218895210482},
{"mapping": [5, 3, 0, 4, 1, 2, 12, 7, 10, 9, 14, 15, 6, 8, 13, 16], "R": [[-0.6883792973598204, 0.7220527766136977, -0.0690921902305126], [0.348151426282832, 0.24533949159326096, -0.904764675615704], [-0.6363368033860918, -0.6468758162500818, -0.4202703308671225]], "T": [0.09074162914715102, 0.13828152168280594, -0.03707316788979631], "aligned_model": [[-0.35114649320173125, 0.2612204539788512, -0.015921829077695612, -0.4401037835541175, 0.1955791048771569, 0.6531349176942707, 0.549249649427698, -0.6431592782331139, -0.1677402067197708, 0.4947936496714478, 0.7477115985326679, 0.3658860861060097, -0.380040284882619, -0.17031396359566803, 0.1992481760140159, 0.14155325597962415], [-0.4427123804332824, -0.48501595759293714, -0.0784178310120415, 0.29175341721008846, 0.44701167247431634, -0.1415142332738611, 0.6269754558308536, -0.006218498841902564, -0.4274145953484759, -0.4226821497370764, 0.12563746560824218, -0.034997375203463854, 0.5875018332007778, 0.2035709242040159, 0.70170969511205, 0.12258264637726997], [-0.38676477152105837, -0.2917373153698594, -0.7787861720508827, -0.5286525703901762, -0.7202998774556486, -0.42593536981237495, -0.15545347484779484, 0.006270506281770366, 0.3425836742412003, 0.13314946076574344, 0.12394852538302131, 0.7202827975482188, 0.014332757927419087, 0.6132322567990486, 0.4052419477784486, -0.029426201918648982]], "inverted": true, "swapped": false, "error_lsq": 0.03387932845502304, "error_max": 0.2400000519813524, "target": "32.xyz", "model": "5.xyz", "model_rescale": 4.2253639853439635, "target_rescale": 4.180218895210482},
{"mapping": [14, 13, 9, 10, 11, 1, 5, 6, 7, 12, 8, 2, 4, 15], "R": [[-0.21558116107467046, -0.9356378606088505, 0.27947550301411106], [0.935869181139555, -0.11628490347396629, 0.33260591849398835], [-0.27869990811422285, 0.3332560802436225, 0.9007034729575434]], "T": [-0.09259450969727628, 0.08740886392210398, 0.011447037565110046], "aligned_model": [[0.45791000855855785, -0.021990331752941655, -0.5204031089186392, 0.1692771986952049, -0.3240465141217588, -0.5853636834140064, 0.24922609042138183, 0.7540947759561629, -0.2419130208786749, 0.25759538029803114, -0.609041768831853, 0.045625144951671526, 0.6947028044254313, 0.04838917736921641], [-0.24363735085925778, 0.15038108117302823, -0.43843576484846236, -0.5817706195521778, -0.4732951785147661, -0.20238401240383133, -0.2938344412107826, -0.31729031488065784, 0.7744320877274032, 0.44505105221731134, 0.13110576403257218, 0.2365805311128026, 0.24649735712519139, 0.01169895551661801], [-0.4160966616141574, -0.6755499808803601, 0.0697749401350324, 0.1414737453548334, -0.5140101535936259, 0.5984389780777936, 0.5986314676440425, 0.17577556682987774, -0.1457233543993315, -0.3527811816618381, -0.24214415558183408, 0.7178009016038348, 0.4705628568088354, 0.04540524020834598]], "inverted": true, "swapped": true, "error_lsq": 0.04357600107785133, "error_max": 0.3554144177057291, "target": "32.xyz", "model": "6.xyz", "model_rescale": 3.89814844738969, "target_rescale": 4.180218895210482},
{"mapping": [5, 1, 0, 6, 3, 9, 10, 4, 14, 11, 8, 12, 15], "R": [[-0.7428166439958972, -0.10382587247877462, -0.6613952083336361], [-0.3972449959530524, -0.7268539914787497, 0.5602496660076371], [-0.5389061575014076, 0.6788987135614787, 0.49867493433261434]], "T": [0.03422075203537814, 0.22583864757269603, 0.049447084446200176], "aligned_model": [[-0.08628225070532128, 0.0566793404110435, 0.4863699474383282, -0.323030475045998, 0.6306984179102127, -0.38498489551802184, -0.5340374585175728, 0.3152056410808243, -0.4855992252941388, -0.6778049781377224, 0.003748026074656935, 0.17765976910276637, -0.029990057894834443], [-0.34696719674634446, 0.4320634684519348, 0.5108752622938731, -0.6571991129003131, -0.10785849025648162, 0.5455782764736686, -0.13171888592261685, -0.6555196381927473, -0.15577091809948682, 0.5787753648878543, 0.8011758151298841, 0.07484543890534362, 0.07550188144591677], [-0.46469864036892816, -0.7432242490982087, -0.21250408380548103, 0.06629676165218837, 0.14785341007053682, -0.38063210612503484, -0.23781609432519019, 0.03571357742823307, 0.4732415702594017, 0.16133696977927847, 0.08097866208459971, 0.632395957765141, 0.04333329551975916]], "inverted": false, "swapped": true, "error_lsq": 0.04685806249145806, "error_max": 0.2344311958483166, "target": "32.xyz", "model": "7.xyz", "model_rescale": 3.7474275329858107, "target_rescale": 4.180218895210482},
{"mapping": [5, 10, 14, 4, 13, 3, 2, 0, 12, 7, 1, 8, 9, 11, 15], "R": [[0.04282807038397379, -0.43263607849850866, -0.9005508203142217], [-0.540529524778874, 0.7480302552922089, -0.38506956515647595], [0.8402342466416791, 0.5032660933829192, -0.20181588148999793]], "T": [0.020807911865939728, -0.0604099520468576, 0.08196134229585546], "aligned_model": [[-0.4182305180413206, 0.07266824611850563, 0.5827856731793096, -0.3432674864314889, 0.6822900329424126, -0.33601900651754874, -0.6737196420357157, -0.396023248764034, 0.3486927833206334, 0.007664029611180564, -0.5572474300247127, 0.18264949562282104, 0.01281336186312227, 0.6130174169310896, 0.024080014564492325], [0.00942689422566003, 0.2479762361108853, -0.22483654698291064, -0.6947257264198083, -0.1910719148754469, -0.6470068013539351, -0.22595225922888396, -0.007695138938688818, -0.5795556038491496, -0.46087286263804256, 0.5201683166571857, 0.2514748397522084, 0.6173871982903736, 0.47584314005439265, -0.10144180882424692], [-0.557836600236413, -0.5779578816874186, -0.4206173344463993, -0.48463035170477814, 0.24408539482233688, 0.15545880691683556, -0.09273800478477585, 0.5035963896893382, 0.16058953616202706, 0.6806734229653718, 0.09386947321007288, 0.5396412109814787, 0.02312236237788775, 0.005903228856692269, -0.07636499742599505]], "inverted": true, "swapped": true, "error_lsq": 0.041413877879333684, "error_max": 0.2421559216242757, "target": "32.xyz", "model": "8.xyz", "model_rescale": 4.019505241142653, "target_rescale": 4.180218895210482},
{"mapping": [5, 14, 9, 1, 2, 0, 8, 4, 3, 12, 13, 7, 15], "R": [[-0.5267204421037628, -0.7723260135368224, -0.3550747874523572], [-0.4053946577602536, -0.13891705368517615, 0.9035248882321266], [-0.747141718370393, 0.6198504505199217, -0.23992638800429295]], "T": [-0.0027062822974790596, 0.02691256099039041, -0.04294030260340093], "aligned_model": [[-0.20059581636405954, -0.7649592523066523, 0.06357798127770684, 0.4620255632377245, 0.2772044328772109, 0.5889663545664866, 0.29151105810611455, -0.3023657152093152, 0.1867239506281162, -0.23112337690523033, -0.31759900923373224, 0.39778321943751793, -0.13144861837071153], [-0.6746308727667498, 0.12392494114457048, 0.14359227129323004, -0.27656432290599614, -0.6506200865161649, -0.032187937175014114, 0.4956101974525635, -0.7372974046517247, -0.3411059556518061, 0.2054984000273679, 0.6025851333211761, 0.2785563228503122, -0.07398245830770601], [-0.3179855319028751, 0.027766440059959575, -0.7099689054374523, -0.6456732456615653, 0.0108383507761289, -0.015851502580008163, -0.20632440822319537, 0.38381594826415116, 0.5097818236662021, 0.5039927998608364, 0.18146783769094116, 0.5004592152989917, -0.04561532776823633]], "inverted": false, "swapped": true, "error_lsq": 0.042079051918017, "error_max": 0.2429846789094952, "target": "32.xyz", "model": "9.xyz", "model_rescale": 3.877068213659057, "target_rescale": 4.180218895210482},
{"mapping": [8, 11, 0, 1, 5, 12, 3, 7, 9, 10, 6, 14, 4, 2, 13, 15], "R": [[-0.8905378941061656, -0.2559122439834586, -0.37609996349415764], [-0.16201083723211568, 0.9509683555108925, -0.26346095618944704], [0.42508204829221485, -0.17368969513549026, -0.8883339135839832]], "T": [0.1262322059354947, 0.09815940969411682, -0.013830865616149851], "aligned_model": [[-0.41941224510940944, 0.2997059420797802, 0.08201128920545167, -0.4164409404119759, 0.1301515142678239, 0.6417533305485736, 0.35430203586938014, -0.6785580280148538, -0.08279372396673887, 0.570974355838938, 0.7240361961850934, 0.3176268285125612, -0.24894847573355636, -0.2944816441221898, 0.33389602554309644, 0.126128592325052], [-0.43047669673991884, -0.5575979717640814, -0.22928742652740222, 0.274194515549149, 0.46139395943645767, 0.013148738071372276, 0.6683419642555491, 0.221974369372845, -0.38773331267292044, -0.40032719612543277, 0.22570868174994788, -0.14866749751278188, 0.6613286228824086, 0.15319396420025538, 0.4811611704976918, 0.06141420390143501], [-0.14851173220924133, -0.3045960557523385, -0.7381161102579709, -0.6676076684650878, -0.7059585584143826, -0.5478780278606901, -0.17394754143710525, -0.0710069490313929, 0.3809624054497446, 0.22476147159870327, 0.06781561357636101, 0.7016872144949292, -0.0007704994575210809, 0.49639105877504686, 0.6247800372120228, -0.09601848486265083]], "inverted": true, "swapped": false, "error_lsq": 0.04416526522922229, "error_max": 0.3161549831860577, "target": "32.xyz", "model": "10.xyz", "model_rescale": 4.260839863003843, "target_rescale": 4.180218895210482},
{"mapping": [4, 3, 8, 12, 11, 14, 6, 5, 1, 9, 10, 15], "R": [[0.3612252300699845, -0.05005709455002583, -0.9311340507392569], [0.8351674893180089, 0.4615008824298248, 0.2991858958954233], [0.41474280939775277, -0.8857263814529311, 0.2085118204111136]], "T": [-0.115267318996233, -0.20494185800783885, -0.02659088324277701], "aligned_model": [[0.5475378892144556, 0.23675025919079623, -0.5096260420578193, -0.3737060585505596, -0.6658703067295144, -0.3523533394742469, 0.30228117245474867, 0.5586910943043588, 0.3122926900453973, -0.1661374144935705, 0.10818926245185954, -0.03915055726177501], [-0.00817515542594982, -0.5536587146875281, -0.46558854071869626, -0.2465026863583406, 0.2368619872813019, 0.4412290610319354, 0.5458664601795689, 0.17921133176581036, -0.33727739835106163, -0.006923385547257688, 0.46232888946529027, -0.07429334310213856], [-0.6413312070365977, -0.5075309721525445, 0.30428702192109536, -0.587558979509521, 0.35512894265640216, -0.37543726480669715, -0.4384260006403695, 0.04537938304356696, 0.659733130173599, 0.6223589093770187, 0.16860600011379998, -0.08903088574424753]], "inverted": false, "swapped": true, "error_lsq": 0.04569225320783026, "error_max": 0.26106839469706816, "target": "32.xyz", "model": "11.xyz", "model_rescale": 3.890672605050136, "target_rescale": 4.180218895210482},
{"mapping": [9, 1, 0, 11, 8, 6, 5, 14, 10, 4, 7, 2, 12, 15], "R": [[0.29374897129606886, 0.5348537663256878, -0.792239225556099], [0.8165840643265032, 0.29042190651095084, 0.49884424634003094], [0.49689235026362644, -0.7934649109228278, -0.35144192604713315]], "T": [0.20578500367973065, 0.08904577713427243, 0.16496564721421098], "aligned_model": [[0.5323933894966845, 0.24511972653659514, 0.3133815047872027, 0.740301499609977, 0.7655791516103434, -0.5398771526465406, -0.4056473470053479, 0.05423869473478529, -0.046093836544645245, -0.7038201755832476, 0.38513746862106857, -0.3462763669681709, 0.13746383396102194, 0.07797544418396737], [-0.23180653650164734, 0.1681991244615912, 0.6006259918279709, -0.5095443325835229, 0.2066909377474651, -0.4824515732307392, -0.1710623548354384, -0.5136211285547029, -0.5501159628464328, 0.13511429227938976, 0.7008499901064676, 0.40512034843104566, 0.18562837566304558, -0.011474652136726937], [-0.33833910196001143, -0.6496191765740964, -0.11966017393883127, 0.17177075001097764, 0.08929655236362571, 0.32322734328407154, -0.24181141152951185, 0.6224224787092562, -0.0826514715195267, 0.3275376458627608, 0.5004172208406448, -0.20329750446415779, 0.7725897983260979, 0.18290748594556272]], "inverted": true, "swapped": true, "error_lsq": 0.04424595401631759, "error_max": 0.28961023675777725, "target": "32.xyz", "model": "12.xyz", "model_rescale": 4.124412569039231, "target_rescale": 4.180218895210482},
{"mapping": [8, 1, 2, 11, 0, 7, 10, 12, 5, 14, 3, 4, 15], "R": [[-0.5737393323387849, 0.12567449856811957, -0.8093386799956477], [0.8126980767038121, -0.03535818171867944, -0.5816112405271013], [-0.10171044513406763, -0.9914412334552163, -0.0818490437050382]], "T": [0.033444639726648295, -0.003951274349485404, 0.034162332676022186], "aligned_model": [[-0.17804643763044858, -0.003398748460890333, 0.5586814451549171, -0.7547095430672173, 0.3743374913494892, 0.4815966566686376, -0.38960034964138396, 0.2120343309645777, 0.10532863575849954, -0.3424989361200054, 0.7040029865328343, 0.5793336384093868, 0.020237137591360747], [-0.3795291429894473, 0.458831854985683, 0.49128780877874545, -0.15464109218056926, -0.08190192589079336, -0.5616870856618524, 0.5571952276308962, -0.3791544675283183, 0.7654901676415005, 0.02702792410056863, 0.0014902661161531466, 0.4949444374042739, 0.10813140410163714], [0.4177616973454252, 0.7093180539071947, 0.17257183102053741, 0.04719599080239439, 0.515845777295409, 0.11836443734137264, -0.1644137428812325, -0.4246746488290569, -0.06466020403789047, -0.6389997226212671, -0.13059531895714055, -0.5217529620273726, -0.08426310739053414]], "inverted": false, "swapped": true, "error_lsq": 0.04306622946844973, "error_max": 0.23519825767666772, "target": "32.xyz", "model": "13.xyz", "model_rescale": 3.9028299243045295, "target_rescale": 4.180218895210482},
{"mapping": [10, 7, 4, 5, 0, 3, 2, 13, 14, 9, 6, 11, 12, 12, 1, 15], "R": [[0.9037961791724691, 0.0004858838174750246, 0.42796288440723673], [-0.4273237783605509, 0.055666938675180834, 0.9023832779845803], [-0.023384930209618376, -0.9984492755545721, 0.05051919618958426]], "T": [0.11491515776878987, 0.15544011333855534, -0.1250232958477271], "aligned_model": [[-0.22245714326785831, 0.4178016125130952, 0.0025087380790761588, -0.3474189798339121, 0.23156237048024192, 0.5850749147297014, 0.4432100385688465, -0.6468453239752975, -0.2742925842671196, 0.4189128643472674, 0.745800967643119, 0.10940650166985028, -0.3238999640360811, -0.3238999640360811, 0.46194447609944783, 0.1625425283027304], [-0.4881211209111399, -0.6712170707208287, -0.06931425252817233, 0.23455137903772205, 0.5612478500719539, 0.11882539129529185, 0.8140070945129573, 0.013427596574368927, -0.42506519486784955, -0.4525631890277185, 0.023478378215150503, 0.03913040055535422, 0.4716513592917617, 0.4716513592917617, 0.37051045912595015, 0.055569648658010354], [-0.2904363253019399, -0.3383907052911699, -0.7544782550934969, -0.3301827131353434, -0.8384165379090005, -0.5328205620257904, -0.15074822739468902, 0.05443356618477227, 0.41773039918018195, 0.24748554320229238, 0.045204368213286134, 0.6045645287205007, 0.3128031832155921, 0.3128031832155921, 0.3804607833522565, -0.09802605577461736]], "inverted": true, "swapped": false, "error_lsq": 0.045068638026992826, "error_max": 0.32699527850694293, "target": "32.xyz", "model": "14.xyz", "model_rescale": 3.942246331269136, "target_rescale": 4.180218895210482},
{"mapping": [8, 7, 13, 3, 4, 12, 10, 11, 9, 14, 6, 5, 0, 2, 15], "R": [[0.1610467525766926, 0.9173026137184564, -0.36417009535351763], [0.7521921357817912, 0.12480713250533643, 0.6470163603370653], [0.63896082380106, -0.3781257655080964, -0.6698880287827117]], "T": [-0.2039354652647099, -0.03520111697905185, -0.07202527669088575], "aligned_model": [[-0.7313481332397542, -0.31008033316965256, -0.17501146101184767, 0.15836223069151872, 0.6223477059152036, 0.14750927874015146, 0.013723980916245632, -0.5126992558879504, -0.6661116224261789, 0.28943877768439785, 0.6181658767453542, 0.14616576600140557, -0.5514459880063511, -0.007478550727242711, -0.06724423569308954], [-0.020227461791263703, -0.6061774934155305, 0.19967442141134253, -0.6222407367735033, -0.29228703357166447, -0.17332772284573003, 0.5419325929662407, 0.6672491222672331, 0.37433849721733814, 0.4955995330419241, 0.3458217878185406, 0.09970156738294453, -0.49541831273208675, -0.44953147993233483, 0.03303740883820056], [-0.3055790201811891, -0.49831004595718603, -0.7238782024996616, -0.04123477649759309, 0.2552307354599949, -0.562546145001147, 0.3189043382411634, -0.3071696924876283, 0.21364134639997362, -0.33711575554810874, 0.2223197025072302, 0.6107658545631203, 0.07541878219487862, 0.5024550724348119, -0.013539713268143155]], "inverted": false, "swapped": true, "error_lsq": 0.0396176654148838, "error_max": 0.2622608297093505, "target": "32.xyz", "model": "15.xyz", "model_rescale": 4.355366556412066, "target_rescale": 4.180218895210482},
{"mapping": [10, 14, 11, 2, 1, 5, 0, 4, 13, 6, 12, 15], "R": [[0.31613562025280606, -0.6614479180291297, -0.6801065514625656], [0.7829580475129634, -0.2229291932246218, 0.5807574972765377], [-0.5357564422777034, -0.7160930292518906, 0.4474101116590786]], "T": [-0.010410223850246848, 0.07395892630478197, -0.2880261121503811], "aligned_model": [[-0.13381752802849867, 0.5334234446425629, 0.307939357255855, -0.5893287904652541, -0.771288192580581, -0.48387487460849965, -0.3824042009229098, -0.12605146820327087, 0.6570847994109947, 0.08426593119948536, 0.5038007526048974, -0.0019406756730001619], [-0.4800820406414307, -0.22847241544756136, -0.6276773783923779, 0.4067556202174831, -0.166109927575525, -0.08444258482695231, 0.3755515190802967, 0.49036175281157746, -0.010246003901401388, -0.10224123274921425, 0.4011605976237555, 0.03821852154233023], [0.17142373464325944, 0.16828590849840425, -0.5125797882237645, 0.019207177412070897, -0.47455377781681685, 0.31006545362763305, -0.6415308082836436, 0.530001597438928, -0.45617865329117113, 0.6434554855790793, -0.1797245536950145, -0.12861331467954346]], "inverted": true, "swapped": true, "error_lsq": 0.04671054813580807, "error_max": 0.2244659226407057, "target": "32.xyz", "model": "16.xyz", "model_rescale": 3.795458400668931, "target_rescale": 4.180218895210482},
{"mapping": [5, 1, 0, 6, 3, 9, 10, 4, 14, 11, 8, 12, 15], "R": [[-0.7428166439958972, -0.10382587247877462, -0.6613952083336361], [-0.3972449959530524, -0.7268539914787497, 0.5602496660076371], [-0.5389061575014076, 0.6788987135614787, 0.49867493433261434]], "T": [0.03422075203537814, 0.22583864757269603, 0.049447084446200176], "aligned_model": [[-0.08628225070532128, 0.0566793404110435, 0.4863699474383282, -0.323030475045998, 0.6306984179102127, -0.38498489551802184, -0.5340374585175728, 0.3152056410808243, -0.4855992252941388, -0.6778049781377224, 0.003748026074656935, 0.17765976910276637, -0.029990057894834443], [-0.34696719674634446, 0.4320634684519348, 0.5108752622938731, -0.6571991129003131, -0.10785849025648162, 0.5455782764736686, -0.13171888592261685, -0.6555196381927473, -0.15577091809948682, 0.5787753648878543, 0.8011758151298841, 0.07484543890534362, 0.07550188144591677], [-0.46469864036892816, -0.7432242490982087, -0.21250408380548103, 0.06629676165218837, 0.14785341007053682, -0.38063210612503484, -0.23781609432519019, 0.03571357742823307, 0.4732415702594017, 0.16133696977927847, 0.08097866208459971, 0.632395957765141, 0.04333329551975916]], "inverted": false, "swapped": true, "error_lsq": 0.04685806249145806, "error_max": 0.2344311958483166, "target": "32.xyz", "model": "17.xyz", "model_rescale": 3.7474275329858107, "target_rescale": 4.180218895210482},
{"mapping": [4, 10, 5, 14, 3, 7, 2, 9, 12, 0, 13, 11, 8, 15], "R": [[0.38139070405187386, -0.22894112731831745, -0.8956154817135724], [0.6071921029425447, -0.6684973026450002, 0.42945210033316816], [-0.6970357817121202, -0.707599686672187, -0.11594741236610917]], "T": [0.006909977446478626, -0.0038910892949475667, 0.09885269639728134], "aligned_model": [[0.5406233042676737, 0.22385262913422244, 0.6608993217472579, -0.32255371487541123, 0.2884260305971567, -0.22509684129446958, 0.7092618249265578, 0.059042724394182275, -0.3426160636521725, 0.23016765142245635, -0.6697589637911069, -0.49226174797705285, -0.30880909388541283, 0.0636705868689953], [-0.6108665653217871, 0.36370662078154814, 0.08981423651982638, -0.0833110708424417, -0.6186729693756934, -0.45487993281748273, -0.20284027204780491, 0.674140750138198, -0.5031258845068209, -0.018041401060049048, -0.10052789344854161, 0.5779258444500662, 0.2777270730667318, -0.030640294024515853], [-0.35132993459789486, -0.49367808501676835, -0.31405235898014033, -0.5943908233139888, 0.2389067657726735, 0.6104984322491723, 0.18495580603598183, 0.12098676071899246, -0.009771681292105969, 0.650449433943336, -0.01817646872425445, -0.13859405014356152, 0.49121523591135174, -0.0522243139011391]], "inverted": false, "swapped": true, "error_lsq": 0.038781043074497014, "error_max": 0.25345548823175446, "target": "32.xyz", "model": "18.xyz", "model_rescale": 3.922800546911778, "target_rescale": 4.180218895210482},
{"mapping": [2, 1, 0, 3, 11, 5, 9, 12, 10, 7, 8, 13, 4, 14, 15], "R": [[0.8280179424306318, 0.12457162975159114, -0.5466883902864372], [0.5458505081656707, -0.40200513564797047, 0.7351456275105882], [-0.12819325157051972, -0.9071239055243169, -0.4008649526687112]], "T": [0.14798300342629897, 0.033336910667241496, -0.014843607845096233], "aligned_model": [[-0.3090994674817623, -0.19913460078287457, 0.309163504961799, 0.12713246939892972, 0.285397209033211, -0.6259457987122885, -0.004437865842525646, 0.44636280250427374, -0.4451152332748215, 0.7195019403596512, 0.5774168793979555, 0.6210962192024763, -0.42551590666824346, 0.0013380852458438064, 0.017890599545993868], [0.4827337210169693, -0.20697099973151212, 0.22624632960026536, 0.7226285899979131, -0.7213778321821201, 0.10692414057249068, -0.5649771054261689, 0.34569307938697336, -0.3330340123759544, 0.45602774378487443, -0.26656203235969805, -0.14174323911179787, 0.698828905919806, -0.13758923544142243, 0.050783451383960385], [-0.37458068141722106, -0.717070341179453, -0.5543896978090144, -0.0504164435773705, 0.22092599647409877, -0.06575985394053095, -0.30071618811525125, 0.42855937923286835, 0.2026230467675958, -0.13188216672380254, -0.2568825591067808, 0.4609989918167375, 0.2752476697718429, 0.7232078511991462, 0.08279416377046418]], "inverted": true, "swapped": true, "error_lsq": 0.03740674414655747, "error_max": 0.31206164024520716, "target": "32.xyz", "model": "19.xyz", "model_rescale": 3.9282355846067225, "target_rescale": 4.180218895210482},
{"mapping": [0, 8, 11, 7, 3, 13, 12, 14, 4, 5, 9, 2, 10, 15], "R": [[-0.6297588137706968, -0.32876243097330493, -0.7037891022590843], [-0.08919822624831487, -0.8694225395643999, 0.48595074249510517], [-0.7716524560398155, 0.3688085027191109, 0.5182014814816802]], "T": [-0.06037004963216941, -0.18938038309020078, 0.014473169663147708], "aligned_model": [[-0.5863158303808025, -0.07804853348455143, 0.6212513693561541, -0.547406302273395, -0.5826606094697698, 0.2977812555921765, -0.04795225776855068, 0.5781967537784037, -0.2518405152507391, -0.01018280038761582, 0.21387973029689022, -0.5445844794228941, 0.45583523403966897, 0.014569804459701768], [-0.46120535065898527, -0.7255543562862603, -0.6048585369838496, -0.23800691079366618, 0.2520253146433476, -0.22843646378659127, 0.1509441170540446, 0.21055852952113274, 0.680981306694202, 0.1748110238253654, -0.6878944929851016, 0.0932953144414298, -0.033237812043528187, -0.06053959521670363], [0.0760800191411444, -0.1979900635429857, -0.06819761182013112, -0.5141387951619102, -0.08142663074667711, -0.5780786158952058, -0.5024679513859956, -0.15202529702743145, 0.26295482839421425, 0.7013641322207964, 0.38757591132737457, 0.48978725158542086, 0.5068516014756601, 0.08189437867940942]], "inverted": true, "swapped": true, "error_lsq": 0.042054940898843325, "error_max": 0.24553709582305303, "target": "32.xyz", "model": "20.xyz", "model_rescale": 4.067790424073018, "target_rescale": 4.180218895210482},
{"mapping": [10, 12, 9, 1, 11, 13, 8, 6, 14, 4, 3, 0, 2, 7, 15], "R": [[-0.24074458890152567, -0.14367816237095118, 0.9598951133182949], [0.20596811752611474, -0.9740203958687078, -0.09413502533337104], [0.9484825657213654, 0.17504529153756865, 0.2640832604182697]], "T": [-0.001271657986039454, -0.020256738758233552, 0.06592311009433234], "aligned_model": [[0.1586341948876928, -0.12439916603472961, -0.20239732984967213, 0.26142582437140166, -0.6329380825795926, -0.5693704261493222, -0.4553341666820516, 0.4840765635005567, -0.16551087178122353, 0.7800023462197659, 0.45779358124157576, 0.12169146874841369, 0.7023432055330863, -0.13202576128449553, 0.0844525737661096], [-0.04464990183782712, 0.542386420114577, -0.5515641165945452, -0.7880993736877964, -0.12357474688652617, 0.37707660966849643, -0.3240143975440508, 0.5036034247516629, 0.5511378994808155, 0.4709537834260252, 0.2455048569317602, -0.4029897724487952, -0.19280562831570347, 0.1163230808877965, 0.06160700198195816], [-0.646200481222255, 0.29280497829910707, -0.3085042523765627, -0.047075247013465424, -0.41821243965923166, 0.0833974707699663, 0.25164927064855913, -0.5646922007580644, -0.4259855030571894, 0.0006797332504701742, 0.5080238576564235, 0.5048976828993762, 0.19020361948180783, 0.7610840822983153, -0.04682099759611594]], "inverted": true, "swapped": true, "error_lsq": 0.04533702251281898, "error_max": 0.39350455503300324, "target": "32.xyz", "model": "21.xyz", "model_rescale": 4.186013935880536, "target_rescale": 4.180218895210482},
{"mapping": [1, 2, 0, 11, 14, 8, 10, 5, 7, 3, 6, 12, 15], "R": [[0.5839476745775728, 0.38740059790004233, -0.7133904191269569], [0.8102860658579054, -0.3316434777246263, 0.4831657015551019], [-0.04941259790745289, -0.8601938039938473, -0.5075677439895402]], "T": [0.1334719269469675, -0.024809591174564327, 0.0036884095618504344], "aligned_model": [[-0.0011125795577722752, -0.3998124082180865, 0.28802197397941764, 0.499838075759209, -0.04347637180034408, 0.6716689547171178, -0.31132702265973355, -0.5993737423148139, 0.5239329339844394, -0.12989059338233996, -0.6668500529570788, 0.23340446729841763, -0.006449599425207314], [-0.37766152667546943, 0.22526091659090824, 0.21188902522010802, -0.6763130196206542, -0.23508147948400662, -0.14780665451024627, -0.5818824986005271, -0.2393338894482865, 0.5771298123327291, 0.6090559416997834, -0.1669480791932772, 0.37644330885161437, -0.0557951976165826], [-0.723459051537832, -0.4360446907156353, -0.5201352526974826, 0.29589286028952805, 0.7247400500192184, -0.16409527706693336, 0.16214530508456873, -0.15087512363944064, -0.06118544054802841, -0.07166316457879834, 0.5006284622850177, 0.4643538925147532, 0.08257699192641085]], "inverted": true, "swapped": true, "error_lsq": 0.05575525098230128, "error_max": 0.3696004656583164, "target": "32.xyz", "model": "22.xyz", "model_rescale": 4.166573947596378, "target_rescale": 4.180218895210482},
{"mapping": [3, 8, 9, 12, 14, 10, 13, 2, 4, 8, 7, 0, 6, 1, 5, 15], "R": [[-0.7022095899530733, 0.046556243098957305, 0.7104464849701544], [0.11409457690465111, 0.9923219954655835, 0.047743950780713994], [-0.7027688946580417, 0.11458435121653121, -0.7021298363959484]], "T": [-0.014981863905796575, 0.05780213318950436, -0.1695323331688442], "aligned_model": [[-0.36514108965269965, 0.38451884778580137, 0.08560129189966763, -0.35348154779261304, 0.2536833827918613, 0.6799293035911587, 0.5281069435896741, -0.6012625361238965, -0.13307754405214028, 0.38451884778580137, 0.6208590430369687, 0.2879534342088166, -0.45485773947363567, -0.18692518137725544, 0.3281696131155183, -0.018644016316001592], [-0.4280232501625203, -0.6379412893092261, -0.26783093790925117, 0.4622500213837587, 0.4746596895561038, 0.2452529672157917, 0.7045051893516642, 0.006867321582007979, -0.474424713923182, -0.6379412893092261, 0.14584450984655944, -0.10514987261355044, 0.6136060292778717, 0.24228153909752567, 0.6345163137531439, 0.0892978607371026], [-0.22234204374608557, -0.06745681392526748, -0.6637947109168381, -0.5584040664858215, -0.785995248628647, -0.376660040670633, -0.22988830403680582, 0.15679550434903222, 0.3230542144629964, -0.06745681392526748, 0.14565733769775435, 0.5710300286879992, 0.10741328451318771, 0.49717742770156204, 0.32108951607581127, -0.1082330977945512]], "inverted": false, "swapped": false, "error_lsq": 0.04584540976041527, "error_max": 0.3484138100178129, "target": "32.xyz", "model": "23.xyz", "model_rescale": 4.274766983524099, "target_rescale": 4.180218895210482},
{"mapping": [11, 8, 1, 10, 2, 4, 14, 12, 13, 7, 15], "R": [[0.49817162084242717, -0.0025779024887832014, -0.8670746165157802], [0.5800017841191805, 0.7443263488172633, 0.33102298541782443], [0.6445331384853664, -0.6678110817253035, 0.3722974516688015]], "T": [-0.06181820443019716, 0.18498259131237102, 0.016840500192967803], "aligned_model": [[0.40246596072899693, 0.3588085438586936, -0.4827245607065819, -0.3916818904556931, -0.7335750127654934, -0.7296137713858667, 0.08164629061569635, 0.21560003046555115, 0.557379486139544, 0.2571236132075089, -0.15553398574428073], [-0.16592660313815957, 0.4886712182981111, 0.6057918745057272, -0.33489569648141626, 0.44034611558227854, -0.12225655967317586, -0.5682089093087376, -0.007802042243749419, -0.09500996088560718, 0.62248334680527, 0.05239374778294234], [-0.5357599563125405, -0.2357105644494163, -0.5462920724628894, -0.3758444015033037, 0.17119367118013096, 0.5786115655125792, 0.10379415280398084, 0.5355661479073482, 0.155092965445563, 0.4920969213432882, 0.0368180045568369]], "inverted": true, "swapped": true, "error_lsq": 0.05080572585253689, "error_max": 0.22344538109448672, "target": "32.xyz", "model": "24.xyz", "model_rescale": 3.7841303162186577, "target_rescale": 4.180218895210482},
{"mapping": [4, 2, 5, 3, 13, 12, 14, 6, 1, 8, 9, 0, 11, 7, 10, 15], "R": [[-0.8815559410723351, 0.46284078635825066, -0.09293830880399094], [0.3999082369364446, 0.8367860796847676, 0.37398189645513924], [0.2508635581156704, 0.2925191674558679, -0.9227675828075409]], "T": [0.11552630637553711, 0.07659632589378815, 0.03458596793948167], "aligned_model": [[-0.2778498733711659, 0.46843637214983647, 0.09295973302420618, -0.39602518208239995, 0.05834203565732983, 0.44987003228387074, 0.6728116306657269, -0.6045599127886464, -0.08366474772579684, 0.34938379368615585, 0.6877277199112849, 0.015281645592574153, -0.314697616002354, -0.18651245926569854, 0.45991710242141337, 0.048530778860689655], [-0.4829314803663155, -0.4903181741836625, -0.28131637570758117, 0.1335556553973863, 0.6433494665871925, 0.16440366885456564, 0.5790745603625824, 0.04549636138893455, -0.5493692292328028, -0.4103038923252418, 0.08567745974674065, -0.12167081060040935, 0.7117624748983141, 0.3515125357961193, 0.6104725349726733, 0.07837533298607832], [-0.2635552034676234, -0.31592146850707326, -0.7658688985228764, -0.5851499411961121, -0.5016237242217378, -0.6404518457391576, -0.2228002273516858, -0.015763624121002948, 0.383192395826665, 0.2747872101633468, -0.08642553515737506, 0.7359924833943164, 0.004604157866893291, 0.5405496244239325, 0.4836141165623101, 0.01680665340560618]], "inverted": false, "swapped": false, "error_lsq": 0.0457545247046535, "error_max": 0.3136948124301315, "target": "32.xyz", "model": "25.xyz", "model_rescale": 4.19342608120988, "target_rescale": 4.180218895210482},
{"mapping": [10, 14, 11, 2, 1, 5, 0, 4, 13, 6, 12, 15], "R": [[0.31613562025280606, -0.6614479180291297, -0.6801065514625656], [0.7829580475129634, -0.2229291932246218, 0.5807574972765377], [-0.5357564422777034, -0.7160930292518906, 0.4474101116590786]], "T": [-0.010410223850246848, 0.07395892630478197, -0.2880261121503811], "aligned_model": [[-0.13381752802849867, 0.5334234446425629, 0.307939357255855, -0.5893287904652541, -0.771288192580581, -0.48387487460849965, -0.3824042009229098, -0.12605146820327087, 0.6570847994109947, 0.08426593119948536, 0.5038007526048974, -0.0019406756730001619], [-0.4800820406414307, -0.22847241544756136, -0.6276773783923779, 0.4067556202174831, -0.166109927575525, -0.08444258482695231, 0.3755515190802967, 0.49036175281157746, -0.010246003901401388, -0.10224123274921425, 0.4011605976237555, 0.03821852154233023], [0.17142373464325944, 0.16828590849840425, -0.5125797882237645, 0.019207177412070897, -0.47455377781681685, 0.31006545362763305, -0.6415308082836436, 0.530001597438928, -0.45617865329117113, 0.6434554855790793, -0.1797245536950145, -0.12861331467954346]], "inverted": true, "swapped": true, "error_lsq": 0.04671054813580807, "error_max": 0.2244659226407057, "target": "32.xyz", "model": "26.xyz", "model_rescale": 3.795458400668931, "target_rescale": 4.180218895210482},
