[{"mapping": [0, 8, 3, 2, 5, 13, 4, 9, 10, 6, 12, 14, 7, 15], "R": [[0.45003739385046665, -0.8822136117004898, -0.13843947221315608], [-0.04834335727139927, 0.13073001366316334, -0.9902386496877199], [0.8917002096803666, 0.45233705006113134, 0.016184226826877618]], "T": [-0.04373074608298083, 0.03466031410527643, 0.20873224201365603], "aligned_model": [[-0.05323784795370555, 0.376278084700126, -0.59420523982774, -0.35528399352491136, -0.5322983880800398, 0.1619481215888332, -0.7129679506206423, -0.03882028454503926, -0.4502099065288679, 0.391445286941632, 0.5731339937279167, 0.13931727248323822, 0.5490818489116154, -0.08268889614411154], [-0.7322567214750461, -0.23252259085879257, -0.4691972060365239, -0.359903572218087, 0.21970507977478296, 0.24620226646875545, 0.21236887201913046, 0.5621688100541314, 0.7121610597241962, -0.004142442572626415, 0.44943497375526464, 0.7690900370401738, -0.2034748238538746, 0.06563958998855031], [0.09413949455347219, -0.29540155665639334, 0.3270789810780581, -0.24697987582697334, 0.6028914180522298, -0.6189414911106683, 0.024171335999267546, 0.5941914814249556, 0.14473929332298996, 0.7970661150337979, 0.2585520832473976, -0.17996007804326164, 0.23177226559760195, 0.1642686205073597]], "inverted": true, "swapped": true, "error_lsq": 0.04921802996818048, "error_max": 0.2863856002802924, "target": "321.xyz", "model": "0.xyz", "model_rescale": 3.8414455957264533, "target_rescale": 4.203361606616059},
{"mapping": [9, 10, 1, 4, 5, 3, 0, 6, 8, 7, 2, 14, 13, 12, 15], "R": [[-0.30134787951948183, -0.5083369765781042, 0.8067112083965019], [-0.30593902740188095, -0.7497620506825825, -0.5867351863222795], [0.9031006405830434, -0.42361584672870883, 0.07041908391065654]], "T": [0.002354150758706231, -0.0018100442908941666, -0.020245309607906686], "aligned_model": [[-0.6325991568421211, -0.6247055513535377, -0.017144412977126523, -0.19383067396853346, -0.44475160589716506, 0.2627935777125916, 0.7085216359568459, -0.1627863371027243, 0.5589484177764158, 0.3130052833144545, 0.49663758638138233, -0.39687252978554705, 0.2656802531313404, -0.25060607956178044, -0.01024625327995023], [0.024202312392305456, 0.1292882759341084, -0.6278915175992824, -0.20353941602079856, -0.45022746262426994, -0.6592007911492799, -0.31810564185272727, -0.12346489375190142, 0.4325862689163892, 0.22398034246803533, -0.10350351094569511, 0.7160700577164207, 0.7422813186285763, 0.5468959687327477, 0.0176732171983865], [0.13149725411378507, -0.4870825682904143, 0.21771959244723874, -0.679288760869095, -0.18553179866272246, -0.28653318080574586, 0.03140931295099044, 0.6832810201475847, 0.0384715925350353, 0.49081293999861697, -0.4738552134214956, -0.24214963896193817, -0.40636059052585927, 0.4156158784304306, -0.0828240517468765]], "inverted": true, "swapped": true, "error_lsq": 0.04197274621914935, "error_max": 0.2277947847163651, "target": "321.xyz", "model": "1.xyz", "model_rescale": 4.316132596720782, "target_rescale": 4.203361606616059},
{"mapping": [9, 12, 6, 2, 1, 10, 0, 11, 7, 14, 8, 15], "R": [[0.21503851013231068, -0.9457411587757145, -0.24358181327357958], [-0.8310921047330173, -0.308199333581197, 0.4629244908519633], [-0.5128784969274103, 0.1028923290516594, -0.852272735696623]], "T": [-0.12860824645997107, 0.0007602335294076468, -0.10835250263246685], "aligned_model": [[-0.15984129494351304, 0.4990650618351846, 0.1459175676960466, -0.3621295591998107, -0.4876514463480316, -0.4328302738177181, -0.19247223230519783, -0.26133496724788985, 0.4123118700430779, 0.21999506207209094, 0.3689847387241373, -0.15220597187659535], [-0.5784355653247797, -0.33544489018394946, -0.5673965877041054, 0.6312970708357517, -0.2880505516211081, -0.18645892096144762, 0.45402614062842434, 0.3936051665003202, -0.008696833693393422, -0.027084867292837694, 0.4935684358285553, 0.03184783072955018], [0.19235478768547834, 0.11081518415777594, -0.48098366562816897, -0.19951562031157796, -0.5948314958200065, 0.5992671776585657, -0.7343357540006085, 0.607815371362858, -0.4489137318463503, 0.66732507106886, -0.21552669003118347, -0.054212173086221484]], "inverted": true, "swapped": true, "error_lsq": 0.0482574769981566, "error_max": 0.3231340892868257, "target": "321.xyz", "model": "2.xyz", "model_rescale": 3.795458400668931, "target_rescale": 4.203361606616059},
{"mapping": [12, 8, 11, 3, 9, 5, 2, 6, 0, 1, 10, 15], "R": [[0.8915967413698495, 0.09645327120893141, 0.4424387158147017], [0.16935836608909477, 0.8351195711251665, -0.5233479203735791], [-0.4199678495007662, 0.5415459984127058, 0.7282547198534918]], "T": [0.04662141914332003, -0.04589551272912036, 0.002960306237433749], "aligned_model": [[0.05163550272684004, -0.14751921726888118, -0.7651634422222412, 0.24251601256958358, 0.12670740988485046, 0.16875736487037632, -0.23335182074284366, 0.6733636068445382, 0.30665991565212103, 0.6137401021164642, -0.428606433661269, -0.015435175025973531], [-0.12590282083207333, -0.720645047245993, 0.10436712424052332, 0.027403689985698518, 0.47841969984968896, 0.5610901466201088, -0.34410876188693323, -0.019731858139150824, -0.5748232935499036, 0.1472566592888958, 0.5793796662149618, -0.026936159256113923], [-0.7377257485160105, -0.09173651823442687, 0.06011296412526983, 0.7290133722470072, -0.37854715518850207, 0.2149805464726422, 0.5443506124892039, -0.3758935879245663, 0.5069434460637652, 0.3030505221482602, -0.10435746576840678, 0.018580442724864123]], "inverted": true, "swapped": true, "error_lsq": 0.04069712818072984, "error_max": 0.21683913058182883, "target": "321.xyz", "model": "3.xyz", "model_rescale": 3.7530521520055578, "target_rescale": 4.203361606616059},
{"mapping": [2, 13, 11, 14, 4, 12, 1, 7, 6, 9, 15], "R": [[0.23696900993992498, -0.610663717031132, 0.7556027481618987], [-0.5114343421826153, 0.5828507226868311, 0.6314427517199596], [-0.8260027856879949, -0.5360735581663775, -0.17419683771673958]], "T": [-0.14871710687612433, -0.14225359510317737, 0.1162236826677224], "aligned_model": [[-0.3354912690263335, -0.125962065053218, 0.36952826410536327, 0.34837893031870476, 0.352654164783246, -0.13146781513514083, -0.2936205357974207, -0.667999645120781, -0.385624856033565, 0.3117892180577762, -0.10398478865342567], [-0.6913127000303207, -0.011037230338538262, -0.3070588033485821, 0.32429390830503024, -0.6393523649336466, 0.5974090462882724, -0.38460171589151215, 0.2301653693090503, 0.306554257623157, 0.20865801032304954, -0.166514418991613], [-0.23601080226907659, -0.7523165158320698, -0.507555866777807, -0.3928973948484652, -0.006418710124320867, 0.028794963389995973, 0.7238879686473173, 0.09845517619952382, 0.6448698871448342, 0.41898286262984563, 0.07303920908553911]], "inverted": false, "swapped": true, "error_lsq": 0.04870161277520997, "error_max": 0.23959373347447163, "target": "321.xyz", "model": "4.xyz", "model_rescale": 3.7855080009869324, "target_rescale": 4.203361606616059},
{"mapping": [2, 1, 3, 0, 5, 4, 11, 12, 14, 6, 7, 10, 13, 15, 8, 16], "R": [[-0.5432596683932551, -0.45498294908939, 0.705591559427387], [-0.8347636822325278, 0.20297386428126513, -0.5118312273047841], [0.08965783581395192, -0.8670594711187071, -0.49007075613681167]], "T": [0.10518768979369124, 0.03596667289632188, 0.058203417822614865], "aligned_model": [[0.232537341296077, -0.4197754004116406, 0.6025275514256218, 0.05429521734250507, 0.532181559965291, -0.20603749391983328, -0.6763692622085271, -0.3959477136361906, 0.17019872536865688, -0.297488349292527, 0.25820793185339963, 0.7677211131714686, -0.2723939668188956, 0.5271469848400423, 0.2680964899826646, 0.12239004888398193], [0.16011087665674545, -0.23628360567279094, -0.13020915115262666, -0.5490468640024515, -0.6425381175687379, -0.6338576755956371, 0.12844078020367972, 0.4186667655159693, 0.6292188465977997, -0.18874754479890457, -0.5247302970984844, -0.05183211772836148, 0.5153090728163414, 0.6713892098846377, 0.2529123592590208, 0.07562213000209614], [-0.6588432825488483, -0.41444600694216654, -0.397269153176809, -0.4552583638257429, -0.05320003262281437, 0.09660929048752552, 0.17245532614387307, -0.19766609882256056, -0.26042304401759586, 0.5201910756430583, 0.5310386800805603, 0.34855683927042586, 0.4487550726699715, 0.3704639812903294, 0.7075917191903148, 0.026292984430917606]], "inverted": true, "swapped": false, "error_lsq": 0.03481882654207583, "error_max": 0.22632349413552635, "target": "321.xyz", "model": "5.xyz", "model_rescale": 4.2253639853439635, "target_rescale": 4.203361606616059},
{"mapping": [13, 2, 5, 10, 4, 1, 9, 14, 0, 8, 3, 6, 12, 15], "R": [[0.17171858140837856, 0.7455312828519671, 0.6439688153072282], [-0.292660271007646, 0.6627732544118627, -0.6892616186978932], [-0.9406714062693867, -0.07010506062624111, 0.331997870327154]], "T": [0.02181646361749054, 0.031763925099756646, 0.07464659846919601], "aligned_model": [[0.690050273123151, -0.17501338753638876, -0.4012070929942527, 0.15331200787864777, -0.23639688588459792, -0.568404402666109, 0.12142554250799761, 0.7418808657648214, -0.34783425516504207, 0.4089518679581199, -0.6824165724531327, -0.0027016052480800246, 0.6374262192480378, 0.0349895782246114], [0.016690199142673917, 0.15997571207881459, -0.4274932918395449, -0.7495903226762698, -0.5179245282137163, 0.15546764648886438, -0.3890660066630679, -0.4191045111998605, 0.6297776705994739, 0.5158311440434361, 0.08133150359207345, 0.31611809057945184, 0.08855099335606023, -0.015465152653398734], [-0.49573394234525975, -0.5619375421621734, 0.27069567753965523, 0.0517965001119932, -0.30573474433669395, 0.36674627004689714, 0.5643897465717067, 0.027740046566248164, -0.2526476552486479, -0.26850076907494597, -0.19461053808122442, 0.7496000432794091, 0.4903893070542504, 0.029365809010234306]], "inverted": false, "swapped": true, "error_lsq": 0.03852091432158152, "error_max": 0.2252012381310008, "target": "321.xyz", "model": "6.xyz", "model_rescale": 3.89814844738969, "target_rescale": 4.203361606616059},
{"mapping": [3, 1, 5, 0, 4, 6, 7, 2, 8, 12, 9, 13, 15], "R": [[-0.5338202995775687, 0.8254060721660107, -0.18368642788838188], [0.5302129787013697, 0.15750818487412688, -0.833105856967936], [-0.6587185172556911, -0.5421217462241638, -0.5217220785967636]], "T": [-0.04093803222157278, 0.13800594380396322, 0.004131664733445239], "aligned_model": [[0.30663638147149636, -0.016279000035887232, 0.43654891055321215, -0.26191291621929086, 0.6657275887124107, -0.5256919180989228, -0.6775470183646968, 0.17646009216700426, -0.46808227879980346, -0.4969946339835817, 0.08020424578934354, -0.0807103455506804, 0.01027269326361887], [-0.33068275514785184, 0.10935313343691319, 0.393813745488249, -0.5536558631319616, 0.0419129585291597, 0.5118940416818027, 0.08242669197903184, -0.49427219074389683, -0.2582368947841308, 0.6371478193552217, 0.7760901554956884, -0.08345026216097992, 0.13144068547323992], [-0.47589276166061373, -0.6648649334698734, -0.3631147787356494, -0.26818739021513976, 0.07421257435241291, -0.3986610116893323, 0.021621802817651217, 0.11981241859512944, 0.40722522097701835, 0.3170404472096579, -0.06687001444636113, 0.8535272820123028, 0.04642617508909265]], "inverted": true, "swapped": true, "error_lsq": 0.050101605039887843, "error_max": 0.3277252889186577, "target": "321.xyz", "model": "7.xyz", "model_rescale": 3.7474275329858107, "target_rescale": 4.203361606616059},
{"mapping": [5, 1, 6, 9, 7, 14, 10, 11, 12, 13, 4, 2, 3, 0, 15], "R": [[0.47646289867894026, -0.6719426373302166, 0.566988710928335], [-0.283784242628636, 0.492839130431637, 0.8225424579625537], [-0.8321355717779125, -0.552813425717123, 0.04413282824322232]], "T": [0.08946902157020634, -0.057056310416262676, -0.013317673146788299], "aligned_model": [[-0.33969827988561896, 0.24044649186866884, 0.5092214907385056, -0.21146705319287343, 0.6845720190767809, -0.3214848407804859, -0.6705741649214323, -0.5318346571590021, 0.2666119018137232, -0.010548161462931832, -0.5417130386578721, 0.06842322092642178, 0.04247726687666867, 0.5832552258263451, 0.034466301271849145], [0.1305128276253622, 0.31548227737929624, -0.33271482312964873, -0.4552957501097218, -0.2830528841496951, -0.7151406116766332, -0.2799363131804581, -0.13943544593981694, -0.7805514713931083, -0.3380323286413256, 0.26784300113979087, 0.4518737835600177, 0.6843049778338935, 0.5160313881710422, -0.05277066550940195], [-0.4704113265473832, -0.5494205586859774, -0.5470224874247597, -0.4348754731660814, 0.04536733704524337, 0.3359920606943639, -0.04472666403443551, 0.5270852916331643, -0.028058572454652757, 0.8132091824368475, 0.0845145287025949, 0.43497559520503176, -0.15143260640551418, 0.15735539571290255, 0.024242952984916938]], "inverted": true, "swapped": true, "error_lsq": 0.041314215318055486, "error_max": 0.24566688984271057, "target": "321.xyz", "model": "8.xyz", "model_rescale": 4.019505241142653, "target_rescale": 4.203361606616059},
{"mapping": [11, 2, 4, 10, 14, 9, 1, 13, 12, 7, 0, 6, 15], "R": [[0.6916159883015087, 0.35557915150681124, -0.6286738357363251], [0.5235927901003679, 0.35273141124842816, 0.7755199170063942], [0.49751172336000277, -0.865531061564164, 0.05777600355659488]], "T": [0.018987274869716343, 0.0657502066122377, 0.034765905962790916], "aligned_model": [[-0.203739377825584, -0.6078514262090798, -0.06630252585376661, 0.36610703625317437, 0.20299002271834893, 0.6504743222875365, 0.20716536615505707, -0.4643023514378259, 0.3730237652616572, -0.06454207490869399, -0.5571957068573933, 0.48261242129179877, 0.0012613008659468732], [-0.5921469824955735, 0.126338199008719, -0.06254703866669868, -0.4069857313800595, -0.7648314613435261, -0.08297009588930003, 0.7008353198642078, -0.6588013975805397, -0.3251450994962019, 0.14996338670412246, 0.5672668922542142, 0.3910842370581158, 0.021318000076579455], [-0.415127497254245, -0.2178641768385496, -0.665081907685607, -0.4984847572911294, 0.05065289253835295, -0.04252918926097596, -0.06643391964879684, 0.15118631948918487, 0.5609798978174658, 0.6629354272117987, 0.16847382573760414, 0.49977135972292397, -0.011774780494147513]], "inverted": true, "swapped": true, "error_lsq": 0.052547864149120056, "error_max": 0.29401904787155664, "target": "321.xyz", "model": "9.xyz", "model_rescale": 3.877068213659057, "target_rescale": 4.203361606616059},
{"mapping": [2, 14, 8, 9, 11, 10, 13, 4, 7, 6, 12, 0, 3, 1, 5, 15], "R": [[0.19042577822267145, -0.2631941557338634, 0.9457625808710286], [0.35010660377272596, 0.9182503209181632, 0.18504516780618196], [-0.9171496001105914, 0.29588035507824684, 0.2670045439608718]], "T": [0.013095375701603879, -0.012867177827261031, 0.052327491667818825], "aligned_model": [[-0.18747283959276906, -0.4541709780085553, 0.6393970273890862, 0.08480693420992103, 0.48887152873635387, -0.09644495237693881, -0.7407540389087892, -0.12307265874586157, 0.35676553926540033, -0.386550857252825, 0.20314449586532018, 0.723766248580476, -0.27947675638203595, 0.6347118216513771, 0.31250078941233095, 0.09126947399960382], [0.19938770462532418, -0.4455897561304419, -0.05883488519831745, -0.3261837547148787, -0.5723534029429794, -0.711473167504726, 0.041398206788855904, 0.6484720877943059, 0.5882495096259079, -0.2977013897228135, -0.3024021417948928, -0.11022422796931099, 0.3123453600576769, 0.5712146184990653, 0.3847476710191113, -0.02662776511359078], [-0.5435547230677565, -0.3992639958024892, -0.3959538338195123, -0.5241579625488395, 0.12490498386010915, -0.0038985447485334404, -0.11016812085050051, 0.005644283907303385, -0.3799179434245268, 0.425766824550714, 0.7143290417255129, 0.39763105501898155, 0.5121097177909, 0.21153823103052372, 0.6550332842898199, 0.09480668933873262]], "inverted": true, "swapped": false, "error_lsq": 0.041174428124494046, "error_max": 0.3397749309269524, "target": "321.xyz", "model": "10.xyz", "model_rescale": 4.260839863003843, "target_rescale": 4.203361606616059},
{"mapping": [0, 8, 12, 7, 9, 1, 3, 2, 11, 10, 4, 15], "R": [[-0.8594894380406991, -0.02451812233585919, 0.5105651452788441], [0.15062692252065024, 0.9423472929394444, 0.2988195269751612], [-0.4884561762414734, 0.33373708389512974, -0.806244455934262]], "T": [-0.10029959646806762, -0.008311575641579956, -0.07423501416111208], "aligned_model": [[0.3503240248844782, 0.22927211114485718, -0.6012836681198827, -0.2651375230205393, -0.6454192522537862, -0.2758913241558957, 0.2840112080319467, 0.5703961231742698, 0.31634991152339464, -0.190460973546147, 0.25032921293893007, -0.06359120150749549], [0.07258770462656343, -0.583341314922997, -0.5513332028959966, -0.4295962636581275, 0.11073090458272682, 0.5205679380233752, 0.592387413753857, 0.055822139777219296, -0.1618686132494702, 0.1607501486792447, 0.3940406802116962, -0.007669029395157138], [-0.7001561597944719, -0.3245713840424608, 0.02160137963278949, -0.5259136931071987, 0.26567909257231226, -0.44630961019126514, -0.3239677697179749, -0.15469456256295297, 0.6240939707783503, 0.6949312390807769, 0.40398417799418884, -0.01849860324658867]], "inverted": true, "swapped": true, "error_lsq": 0.04439677611369645, "error_max": 0.2095235892297899, "target": "321.xyz", "model": "11.xyz", "model_rescale": 3.890672605050136, "target_rescale": 4.203361606616059},
{"mapping": [2, 13, 11, 3, 4, 6, 8, 1, 0, 12, 10, 14, 9, 15], "R": [[0.5636237287567274, -0.772579012484543, -0.292318254391975], [0.38896022462739166, -0.06397052322340224, 0.9190308568357937], [-0.7287237034982271, -0.6316877722632699, 0.2644472014087035]], "T": [0.03488584010270547, -0.10630611582674339, 0.168290526763071], "aligned_model": [[0.47010059573960544, -0.07708391843239257, 0.3865699587249863, 0.6356536416888328, 0.6865969672056229, -0.4707603579334153, -0.25703542585330896, 0.20260677219844037, 0.18480682798284648, -0.6412507687562774, 0.33175779285308293, -0.2044408233573688, -0.1121461028494007, 0.07450067558243925], [-0.29197279274693105, 0.3459419846001621, 0.5437579153924924, -0.5605291763155287, 0.1914334361957148, -0.383823037254072, -0.2327414555712733, -0.5810149340607993, -0.7859564335066703, 0.20154343229519828, 0.5923369478233983, 0.6922841422320841, 0.2593062262573132, -0.0584137355133238], [-0.3180587533703826, -0.5767141923859521, -0.2039660830357129, 0.2287882904551611, 0.18034297438869876, 0.6203158142424752, -0.46475061640903614, 0.6104519527667889, -0.17373690677169767, 0.22405865361054855, 0.396528514304219, -0.001861354193566589, 0.6894213877239393, 0.1439707540313788]], "inverted": false, "swapped": true, "error_lsq": 0.050871376695635954, "error_max": 0.4181010622826459, "target": "321.xyz", "model": "12.xyz", "model_rescale": 4.124412569039231, "target_rescale": 4.203361606616059},
{"mapping": [7, 13, 14, 0, 12, 6, 2, 1, 11, 3, 9, 10, 15], "R": [[-0.38323701460014753, -0.18532173130093754, 0.9048675298340578], [0.9236465936484657, -0.07956762052437433, 0.3748946035963644], [0.0025220392448073725, 0.9794513003063052, 0.2016650431937458]], "T": [0.07610186425789463, 0.036077973057085225, -0.04805178923896143], "aligned_model": [[-0.049582079610249616, -0.04563582881423604, 0.6032166363488521, -0.663818304061573, 0.5534026834109325, 0.3412888484222616, -0.5087745990401509, -0.02905981659681335, 0.17224884600580181, -0.403513081177843, 0.7108252293530164, 0.6061636346026981, 0.08053613866706108], [-0.3409865733630116, 0.6939152711904287, 0.5782218272655618, -0.19577332424435145, -0.09435104643965038, -0.6362727758433219, 0.3647797085127612, -0.45274720598109514, 0.8580079104657287, -0.03375194948468717, -0.0471177204635405, 0.552080032667186, 0.10148122222646891], [0.4526395662771446, 0.5216214732462682, 0.34208328107637725, -0.0601655282775511, 0.5089170976831398, 0.07294785402742693, -0.14951268080510804, -0.49411957000325374, -0.04286686810075761, -0.6277015158382722, -0.17871501115019162, -0.3328395343583374, -0.06059048280904589]], "inverted": false, "swapped": true, "error_lsq": 0.04238092311222596, "error_max": 0.25308862730832404, "target": "321.xyz", "model": "13.xyz", "model_rescale": 3.9028299243045295, "target_rescale": 4.203361606616059},
{"mapping": [2, 8, 3, 0, 4, 5, 12, 1, 6, 13, 10, 7, 11, 9, 14, 15], "R": [[0.8134263133178098, 0.43485269801530546, -0.38631692149193486], [0.5488928200682013, -0.7936414457502721, 0.2623926974307689], [-0.19249494767337005, -0.4254837089903999, -0.8842563590407473]], "T": [0.05647119829058321, -0.017092125564649206, -0.021040588582944324], "aligned_model": [[-0.18677651878697188, -0.4831138560284973, 0.54186495295588, 0.1874983185698526, 0.44098129105024253, -0.16326415646605508, -0.613137328058761, -0.12918054931719808, 0.42431813321293027, -0.36717358485568796, 0.3748146123411194, 0.8855048822324751, -0.21339778509500523, 0.4622504625452402, -0.031869896080626306, 0.1379717996231574], [0.13448363661325288, -0.42569388807150155, -0.05301492052555341, -0.5287971814751893, -0.5750562960144603, -0.46416528258985706, 0.04996547983695346, 0.5856401890239773, 0.5069821785505086, -0.3320022484761085, -0.32635655767374244, 0.03258039554959116, 0.5628781763124799, 0.4885829619660842, 0.20093851727702997, 0.037459507014830196], [-0.6992773510874034, -0.39306172829061237, -0.41064538959580843, -0.6599507847385867, -0.03486979473951112, 0.09704327903935508, 0.15606951265057786, -0.17739256747550464, -0.2066288923191565, 0.5739451793107695, 0.5775958485071004, 0.3407103580268201, 0.34863747282306695, 0.40379037899757037, 0.8320181096379305, 0.036865356503831145]], "inverted": true, "swapped": false, "error_lsq": 0.04684393882838526, "error_max": 0.34195048101152486, "target": "321.xyz", "model": "14.xyz", "model_rescale": 3.942246331269136, "target_rescale": 4.203361606616059},
{"mapping": [2, 4, 3, 10, 9, 5, 7, 0, 8, 1, 6, 12, 11, 14, 15], "R": [[0.8450288163619422, 0.3744799103781663, -0.38169503041183983], [0.5240419530505612, -0.43803260642642394, 0.7304159548847675], [0.10633123229271917, -0.817246739014867, -0.5663933585492309]], "T": [-0.06332402174217631, 0.07239536118663843, -0.02065599223857807], "aligned_model": [[-0.6654345786640464, -0.2326813962360869, -0.20592795327153157, 0.09780518293653202, 0.4941981373347657, 0.3192452046007304, -0.07321991805651648, -0.4654374493614023, -0.5854666458723772, 0.28624425070527015, 0.5057571096608379, 0.20587266539144927, -0.49323863124504175, -0.11729370073905447, -0.09612824065131897], [0.09995755444403932, -0.47145201859505054, 0.22481371996236388, -0.7034118968840041, -0.241853271895828, -0.22060303808142334, 0.5797275217571104, 0.6532896160311704, 0.3649578801670503, 0.39173203182624644, 0.4957663816890007, 0.07361725388763259, -0.6297461700389623, -0.5332841682108383, 0.014633293823143365], [-0.33230134111302795, -0.4554773380016148, -0.7468331621734751, -0.04274995968740648, 0.11081640000505098, -0.46348111262517006, 0.3681654442703063, -0.3404219664082776, 0.35844724192935806, -0.4947990228746885, 0.16352930757543338, 0.6740193223543571, 0.0630736093321073, 0.5745035629399496, -0.027128505162385727]], "inverted": true, "swapped": true, "error_lsq": 0.046337118729000155, "error_max": 0.29826296702515726, "target": "321.xyz", "model": "15.xyz", "model_rescale": 4.355366556412066, "target_rescale": 4.203361606616059},
{"mapping": [9, 12, 6, 2, 1, 10, 0, 11, 7, 14, 8, 15], "R": [[0.21503851013231068, -0.9457411587757145, -0.24358181327357958], [-0.8310921047330173, -0.308199333581197, 0.4629244908519633], [-0.5128784969274103, 0.1028923290516594, -0.852272735696623]], "T": [-0.12860824645997107, 0.0007602335294076468, -0.10835250263246685], "aligned_model": [[-0.15984129494351304, 0.4990650618351846, 0.1459175676960466, -0.3621295591998107, -0.4876514463480316, -0.4328302738177181, -0.19247223230519783, -0.26133496724788985, 0.4123118700430779, 0.21999506207209094, 0.3689847387241373, -0.15220597187659535], [-0.5784355653247797, -0.33544489018394946, -0.5673965877041054, 0.6312970708357517, -0.2880505516211081, -0.18645892096144762, 0.45402614062842434, 0.3936051665003202, -0.008696833693393422, -0.027084867292837694, 0.4935684358285553, 0.03184783072955018], [0.19235478768547834, 0.11081518415777594, -0.48098366562816897, -0.19951562031157796, -0.5948314958200065, 0.5992671776585657, -0.7343357540006085, 0.607815371362858, -0.4489137318463503, 0.66732507106886, -0.21552669003118347, -0.054212173086221484]], "inverted": true, "swapped": true, "error_lsq": 0.0482574769981566, "error_max": 0.3231340892868257, "target": "321.xyz", "model": "16.xyz", "model_rescale": 3.795458400668931, "target_rescale": 4.203361606616059},
{"mapping": [3, 1, 5, 0, 4, 6, 7, 2, 8, 12, 9, 13, 15], "R": [[-0.5338202995775687, 0.8254060721660107, -0.18368642788838188], [0.5302129787013697, 0.15750818487412688, -0.833105856967936], [-0.6587185172556911, -0.5421217462241638, -0.5217220785967636]], "T": [-0.04093803222157278, 0.13800594380396322, 0.004131664733445239], "aligned_model": [[0.30663638147149636, -0.016279000035887232, 0.43654891055321215, -0.26191291621929086, 0.6657275887124107, -0.5256919180989228, -0.6775470183646968, 0.17646009216700426, -0.46808227879980346, -0.4969946339835817, 0.08020424578934354, -0.0807103455506804, 0.01027269326361887], [-0.33068275514785184, 0.10935313343691319, 0.393813745488249, -0.5536558631319616, 0.0419129585291597, 0.5118940416818027, 0.08242669197903184, -0.49427219074389683, -0.2582368947841308, 0.6371478193552217, 0.7760901554956884, -0.08345026216097992, 0.13144068547323992], [-0.47589276166061373, -0.6648649334698734, -0.3631147787356494, -0.26818739021513976, 0.07421257435241291, -0.3986610116893323, 0.021621802817651217, 0.11981241859512944, 0.40722522097701835, 0.3170404472096579, -0.06687001444636113, 0.8535272820123028, 0.04642617508909265]], "inverted": true, "swapped": true, "error_lsq": 0.050101605039887843, "error_max": 0.3277252889186577, "target": "321.xyz", "model": "17.xyz", "model_rescale": 3.7474275329858107, "target_rescale": 4.203361606616059},
{"mapping": [11, 2, 4, 8, 14, 12, 10, 1, 13, 9, 7, 0, 6, 15], "R": [[-0.36787141638921095, 0.8490020701272611, -0.37929685725486995], [0.4335740488490915, 0.51745494717706, 0.7377356720442574], [0.8226081480075441, 0.10693859248003751, -0.5584621493619661]], "T": [0.02298456784048136, 0.09672860169157882, 0.055623066874765925], "aligned_model": [[0.5053232903901375, 0.06982831794134536, 0.6803261774527012, -0.4989804853088207, 0.2162294703992656, -0.29709848649845766, 0.7119079442826887, 0.052942641896914416, -0.0888975712265011, 0.304031335404024, -0.6070069847787475, -0.361342949045855, -0.34239116924095614, 0.0699761162151375], [-0.46830379185279103, 0.19151052727576465, 0.10172214806856052, -0.19216362679840093, -0.7179451963031623, -0.3796354165036119, -0.25930174135220363, 0.7431289746692967, -0.6463053058203126, -0.021942080258482266, 0.05865735403616765, 0.5521452979067378, 0.3372644718698956, 0.061576626573775155], [-0.30896944331942966, -0.6146318625275042, -0.22968127639580976, -0.3265271303138066, 0.20707710346127678, 0.5306665412897642, 0.21980175579847197, 0.22956147962759632, -0.3998773194761942, 0.6333757257746345, 0.15724581596262371, -0.44063454242932937, 0.6435547344157142, 0.023833136793647167]], "inverted": true, "swapped": true, "error_lsq": 0.04159965161645111, "error_max": 0.2630653522645779, "target": "321.xyz", "model": "18.xyz", "model_rescale": 3.922800546911778, "target_rescale": 4.203361606616059},
{"mapping": [6, 12, 9, 1, 11, 7, 14, 3, 8, 5, 10, 4, 0, 2, 15], "R": [[0.20360589721361982, -0.9205235216293788, 0.33343827726714914], [-0.7029333453931167, -0.37450694256347383, -0.6046728552748178], [0.6814905359242187, -0.1112699245025642, -0.7233185006253576]], "T": [0.014016375499459721, 0.08218437615453103, -0.010584008096959467], "aligned_model": [[-0.24205559196707188, -0.3126080754729123, 0.3410904234160436, 0.15567038120416332, 0.365119950757858, -0.5987037708920437, 0.10596753700638772, 0.2812792393613795, -0.58483761876051, 0.6086185069282299, 0.6598161779881497, 0.6273988701572266, -0.35718515508842674, -0.005005970450765063, 0.05148593269990945], [0.5364889673880784, -0.18010806866484566, 0.08442676157273574, 0.7365232918868801, -0.6358692371500573, 0.18182320692301931, -0.6777496365823094, 0.5255340052518847, -0.20922534932959422, 0.33960903282606425, -0.3251768647802876, -0.10489167534886806, 0.4384735852956678, -0.024316451492113783, 0.03206993723832431], [-0.5254189968551665, -0.6266694595628712, -0.5761683873591285, 0.016988185212659913, 0.20381103703238507, -0.1632669639593058, -0.3820952392672826, 0.5397905802460485, 0.2310754114473082, -0.10268294186691984, -0.2234856289520524, 0.30923775745906107, 0.5696323699539859, 0.659278175336417, 0.012633268298190066]], "inverted": false, "swapped": true, "error_lsq": 0.03173731697279569, "error_max": 0.21075707552819306, "target": "321.xyz", "model": "19.xyz", "model_rescale": 3.9282355846067225, "target_rescale": 4.203361606616059},
{"mapping": [10, 11, 13, 4, 5, 2, 3, 8, 1, 6, 12, 9, 7, 15], "R": [[0.1389402654498833, 0.8905791477289116, -0.43308704005911036], [-0.5752671001148055, -0.28339106552245125, -0.7673051984103536], [-0.806079007394572, 0.35575031358031894, 0.47294645386691125]], "T": [0.013181057562670496, -0.03551642150911383, 0.06710857587809471], "aligned_model": [[-0.5880159627742367, -0.1276274694133565, 0.46582020794322404, -0.4304417330600309, -0.6153491535922347, 0.25590495387356477, -0.14203790387967447, 0.6976369470926331, -0.22167098211008268, 0.01691384897467103, 0.17300646300424607, -0.46799471920366353, 0.5226097266808144, -0.006231404451197353], [-0.5462887756408669, -0.7329036053042867, -0.7552615952032657, -0.22437748778806998, 0.1307642477032032, -0.006878141606621979, 0.4736020254423049, -0.20534852545776563, 0.5916026381213854, 0.33576455648040504, -0.37432498565875516, -0.18000515693062574, 0.10057348218343465, -0.08403658891563939], [-0.01036019631975904, -0.3555780954567105, -0.15466222293728812, -0.4630346244047724, -0.007737097848117769, -0.5658879326532599, -0.4691805257235566, -0.0008781975300253819, 0.09059696295731409, 0.6988973708397852, 0.711085857095825, 0.4847938980620132, 0.42853343472882366, 0.02559452643341123]], "inverted": false, "swapped": true, "error_lsq": 0.046839150226344155, "error_max": 0.3253077372900404, "target": "321.xyz", "model": "20.xyz", "model_rescale": 4.067790424073018, "target_rescale": 4.203361606616059},
{"mapping": [4, 0, 11, 10, 13, 8, 14, 3, 2, 1, 6, 9, 5, 7, 15], "R": [[0.5016257036426718, 0.8501915574852834, 0.1598310640199292], [0.14274445415592024, -0.2635715542964259, 0.9540199455847319], [0.8532266253772927, -0.45574592850239976, -0.2535743961853458]], "T": [0.07431531810379625, 0.07281009355742243, 0.11079551038770137], "aligned_model": [[0.2733120263060903, 0.038626409461228334, -0.2849178200247399, 0.1946700110597142, -0.7438324556112348, -0.5567978764840305, -0.4024755135064144, 0.5098282525917246, -0.10755464809272088, 0.6618383258235204, 0.33023374627556246, 0.3556310395703699, 0.6569841871331225, -0.2133905784127686, 0.0562888478180916], [-0.2169781607870185, 0.8247811223387193, -0.4288613965611162, -0.6636977368449174, -0.12136229778947877, 0.39359394619678967, -0.6303736924695226, 0.4817685518772278, 0.3998549112630556, 0.3833343778193472, 0.19656957549173248, -0.4374796687587653, -0.18085600344129957, 0.4058002093660448, 0.03480140222704864], [-0.513659910992168, -0.07534824022795632, -0.4406727262203443, -0.15640970908347013, -0.14421214738796545, 0.13797758362205972, 0.15746863609976136, -0.3517863556388137, -0.45522977468052545, 0.19668429953660965, 0.7862286518170865, 0.4063187319952533, -0.04557540270414377, 0.57448598827695, 0.05897994920880717]], "inverted": true, "swapped": true, "error_lsq": 0.043982489817691074, "error_max": 0.22074486810498267, "target": "321.xyz", "model": "21.xyz", "model_rescale": 4.186013935880536, "target_rescale": 4.203361606616059},
{"mapping": [11, 13, 10, 3, 0, 4, 2, 8, 9, 12, 7, 1, 15], "R": [[-0.0955671129065131, -0.9907140453734586, 0.09670887875717912], [-0.6972968563613856, 0.13596193866048645, 0.7037694546825768], [-0.7103830101003564, -0.00017758220381036693, -0.7038152793349387]], "T": [0.031021895218964125, 0.06367984219053835, 0.10178915304580533], "aligned_model": [[0.07771764058065869, -0.5306146708168988, 0.4788363329544004, 0.43285703646385676, -0.19137259773142634, 0.5192724271104355, -0.04365198049571543, -0.6394370265388677, 0.3483903568010011, -0.3553235379501124, -0.49397078496064517, 0.409805151847943, 0.04606568815859562], [-0.17180712408220516, -0.1448349385768672, 0.24990816406173186, -0.488963165114369, -0.49924924459181896, -0.27841757818749946, -0.6066062555820902, -0.16237472506013567, 0.6183248990091661, 0.6863977928627959, 0.23752420549205444, 0.0404799225370599, 0.03857470677827027], [-0.6901738155302475, -0.5410044037151751, -0.5251948237525224, 0.42430232370997617, 0.5865933970242214, -0.29583160672466374, 0.027223878638133248, 0.06533128060703972, -0.03427800580595003, -0.03238126944077638, 0.4224553073370258, 0.6540305024968354, 0.04180679649144902]], "inverted": false, "swapped": true, "error_lsq": 0.04673072633121182, "error_max": 0.2441939576537008, "target": "321.xyz", "model": "22.xyz", "model_rescale": 4.166573947596378, "target_rescale": 4.203361606616059},
{"mapping": [8, 7, 4, 0, 1, 5, 10, 9, 3, 13, 6, 6, 14, 11, 12, 15], "R": [[-0.37846224470546624, 0.1877007253956544, 0.9063855509762088], [-0.6999094556402186, 0.5827647569717842, -0.4129309772068822], [-0.605716999297455, -0.7906666021260559, -0.08918094552383035]], "T": [0.11918426829247446, 0.10193327038074648, 0.023686365874651075], "aligned_model": [[-0.08246138195356391, -0.3712260963593424, 0.49870395907651155, 0.12972195883727428, 0.4753541940784662, -0.13226300633058302, -0.6262511640320316, -0.08497081225390922, 0.5128922443065324, -0.5211833832723493, 0.51623871832504, 0.51623871832504, -0.4203476965779292, 0.49975856916624256, 0.21901896365424767, 0.1380669928524486], [0.2583926100599616, -0.35090104163532587, -0.03467825512504105, -0.5167218414011256, -0.5134080843733736, -0.6677782059863397, 0.031433523757783716, 0.6545857890507449, 0.4581937295967988, -0.27876937631711474, -0.3000701411758665, -0.3000701411758665, 0.36497785051674436, 0.7390227996410028, 0.314552298135794, 0.03566315374951877], [-0.7437370159591202, -0.23288410739384185, -0.5904435949404556, -0.5091462275185796, -0.027275011285968383, 0.21178339518341754, 0.04092107113333251, -0.09183446764424623, -0.2582696002586194, 0.42593989851587044, 0.5334398874642968, 0.5334398874642968, 0.5391381783308731, 0.29084448506213084, 0.635411416749419, 0.027520792347633456]], "inverted": true, "swapped": false, "error_lsq": 0.051377560253985405, "error_max": 0.3325210207425835, "target": "321.xyz", "model": "23.xyz", "model_rescale": 4.274766983524099, "target_rescale": 4.203361606616059},
{"mapping": [8, 2, 0, 7, 1, 6, 12, 9, 14, 4, 15], "R": [[-0.8239243330253587, -0.09584679793114317, -0.5585356611489232], [-0.44193623738379517, 0.7256306429919228, 0.5274016799728486], [0.3547408286845086, 0.6813762259409083, -0.6402229167928564]], "T": [-0.03592272361707504, 0.16189462963582807, 0.08295252820221485], "aligned_model": [[0.11805947577973264, 0.15885240676852236, -0.3888489593651722, -0.3161153205633971, -0.6176756452458138, -0.6124290493387586, 0.03672065857344498, -0.034181029305329895, 0.6580225406702741, 0.3522966822836701, 0.025192943700902498], [-0.08380445100812378, 0.6323708381900206, 0.48852207498235, -0.2834184541927839, 0.4486175798877688, -0.25297511440385007, -0.571989343146585, -0.07885723059759944, -0.28097923130926206, 0.7107032166822373, 0.1873966461593104], [-0.5634733791081, -0.3655275789338165, -0.525439784608234, -0.2801649808624508, 0.25129440591874486, 0.2633524496851802, 0.18868518922665875, 0.6903269263071606, 0.29807581417383766, 0.3311788829437168, 0.09125848927888028]], "inverted": true, "swapped": true, "error_lsq": 0.049759097335086926, "error_max": 0.24952111218209455, "target": "321.xyz", "model": "24.xyz", "model_rescale": 3.7841303162186577, "target_rescale": 4.203361606616059},
{"mapping": [12, 5, 9, 2, 8, 4, 3, 13, 14, 6, 0, 0, 11, 10, 7, 15], "R": [[-0.4805495641058483, 0.4621377502926788, -0.7453192713140464], [0.21936256085652317, 0.886208798721688, 0.40806130907344174], [0.8490890314520307, 0.03259854019253722, -0.5272429723051489]], "T": [0.1451605275711374, -0.0242132971829574, 0.08429503933004551], "aligned_model": [[-0.10005869096926256, -0.402882843945746, 0.4638286336659679, 0.19613861781308156, 0.5201622328975508, -0.2951742110328054, -0.6564933968548674, -0.31960577965287507, 0.3159533865839698, -0.39654000815693935, 0.5836619980502002, 0.5836619980502002, -0.2334607484776559, 0.6590137150211888, 0.2639153098945584, 0.08517056495552855], [0.163851441380175, -0.32982967489045556, 0.0945892894712598, -0.4959113538217609, -0.47543101958138356, -0.6254071059324018, -0.021186719548566997, 0.5554494652903093, 0.5848814681686466, -0.1804153082601384, -0.28050778625723854, -0.28050778625723854, 0.5243698656929429, 0.5336336314458111, 0.16018881060926224, -0.033342550190926884], [-0.6082878765693809, -0.528555544464274, -0.39160126459374495, -0.5019601999690861, 0.011948155259467408, 0.047205078986456234, 0.004647610536897551, -0.1606199637674712, -0.3943826480986237, 0.5361666068914357, 0.6166103073897227, 0.6166103073897227, 0.4652543703549504, 0.25754864317155535, 0.6964214351155587, 0.11784396961725305]], "inverted": false, "swapped": false, "error_lsq": 0.04373019650145748, "error_max": 0.3400524015597557, "target": "321.xyz", "model": "25.xyz", "model_rescale": 4.19342608120988, "target_rescale": 4.203361606616059},
{"mapping": [9, 12, 6, 2, 1, 10, 0, 11, 7, 14, 8, 15], "R": [[0.21503851013231068, -0.9457411587757145, -0.24358181327357958], [-0.8310921047330173, -0.308199333581197, 0.4629244908519633], [-0.5128784969274103, 0.1028923290516594, -0.852272735696623]], "T": [-0.12860824645997107, 0.0007602335294076468, -0.10835250263246685], "aligned_model": [[-0.15984129494351304, 0.4990650618351846, 0.1459175676960466, -0.3621295591998107, -0.4876514463480316, -0.4328302738177181, -0.19247223230519783, -0.26133496724788985, 0.4123118700430779, 0.21999506207209094, 0.3689847387241373, -0.15220597187659535], [-0.5784355653247797, -0.33544489018394946, -0.5673965877041054, 0.6312970708357517, -0.2880505516211081, -0.18645892096144762, 0.45402614062842434, 0.3936051665003202, -0.008696833693393422, -0.027084867292837694, 0.4935684358285553, 0.03184783072955018], [0.19235478768547834, 0.11081518415777594, -0.48098366562816897, -0.19951562031157796, -0.5948314958200065, 0.5992671776585657, -0.7343357540006085, 0.607815371362858, -0.4489137318463503, 0.66732507106886, -0.21552669003118347, -0.054212173086221484]], "inverted": true, "swapped": true, "error_lsq": 0.0482574769981566, "error_max": 0.3231340892868257, "target": "321.xyz", "model": "26.xyz", "model_rescale": 3.795458400668931, "target_rescale": 4.203361606616059},
