[{"mapping": [11, 7, 4, 5, 9, 12, 8, 6, 3, 1, 2, 0, 13], "R": [[0.1445186252082455, -0.34781499269290517, 0.9263579749891255], [0.6221336173692514, -0.696058269099876, -0.35840291315324824], [0.7694570352573098, 0.6281143342383768, 0.11579401546415174]], "T": [0.02624014725292683, -0.1837694400171973, -0.018430232608814774], "aligned_model": [[0.29075901551039857, -0.383376998345846, -0.30332325213773187, 0.7801887181500753, -0.6680518735307972, -0.18878255990840243, 0.18044825906945067, 0.3104784216595859, 0.17503859926377577, 0.1641239874678953, -0.39411879198439714, -0.5084051887955077, -0.04285747441156693], [0.09205458823491836, 0.3929697971753555, 0.6581044541465436, -0.16403140820828604, -0.14303619981299973, -0.5753591107504441, 0.5529566315024458, 0.3606927310352689, -0.1940579991623007, -0.7394252445546347, -0.04931458808007788, -0.6597237372388869, -0.07024493339197807], [-0.6023931720303531, -0.2848511942269561, 0.2914738472590242, -0.07820667432338643, -0.2487399475205977, -0.3865913021879414, -0.22827228134051314, 0.43688925065849854, 0.48252233203940137, 0.0542250281394479, 0.6112351550404849, 0.2697265062998753, -0.11265107600989172]], "inverted": true, "swapped": false, "error_lsq": 0.05892752848391324, "error_max": 0.3793600237510694, "target": "322.xyz", "model": "0.xyz", "model_rescale": 3.8414455957264533, "target_rescale": 3.8565460032139005},
{"mapping": [12, 8, 13, 1, 6, 10, 11, 0, 4, 5, 7, 2, 14], "R": [[0.7297037795611117, -0.11776232781279614, 0.6735461589544851], [0.2411457957381635, -0.8774414273391016, -0.414662810952379], [0.6398289609669423, 0.4650038448628485, -0.6118744356244437]], "T": [-0.09934859883742375, -0.0599985109195708, 0.0771623467878137], "aligned_model": [[0.07359537288326895, -0.5373064809027585, -0.21339541727023784, 0.7626109650272664, -0.6735115308463734, -0.05807147951323932, 0.4653932002379815, 0.2747167052132399, 0.13359307662543565, -0.0867015633997659, -0.3016926851172553, -0.4058449748230522, -0.02126432610757782], [0.2799796116364979, 0.2961954073239877, 0.6894101263810071, -0.0927036187119105, -0.5343661335723116, -0.3369853947947498, 0.502260863732449, 0.29820844746500685, -0.3241834786732625, -0.6937737671840664, 0.07840360627669195, -0.6240102336619388, -0.07685045532247756], [-0.5837421869353223, -0.475667811256878, 0.062095224170219315, 0.010424221587694849, -0.15808105879312073, -0.5473020364974184, -0.2248252326305596, 0.5843903948860247, 0.4916037943937784, -0.10309236750283987, 0.6711797933651797, 0.4412440350602305, 0.03613970195010434]], "inverted": true, "swapped": false, "error_lsq": 0.044161711660903664, "error_max": 0.29170487480192464, "target": "322.xyz", "model": "1.xyz", "model_rescale": 4.316132596720782, "target_rescale": 3.8565460032139005},
{"mapping": [5, 1, 6, 8, 3, 9, 7, 11, 2, 4, 10, 12], "R": [[0.7487473181638375, -0.6620120347787266, 0.03342931872759758], [0.17798470524852494, 0.15221162416082842, -0.9721898303150052], [0.638513036859904, 0.7338744356349067, 0.23179606226485022]], "T": [-0.05166265530630684, -0.08490260192311479, -0.11508638229966076], "aligned_model": [[-0.10832457680045415, 0.4776800824989087, 0.07160082593750801, -0.3859567044634997, -0.6311668908126079, -0.5293983366126875, -0.04812537138549655, -0.33680810915788373, 0.592267100448962, 0.21063924025962735, 0.3769616557044201, -0.09156036098501635], [-0.6128825867548027, -0.3011745603105971, -0.38761881556434524, 0.4092849561209835, -0.22204899741394452, -0.04750290658932323, 0.3341960656905773, 0.5103306109668552, -0.06230646889875126, -0.041887596729587515, 0.5728685601358477, -0.13848183291193214], [0.31649192675040916, 0.09906834478112803, -0.6572007366860546, -0.01932721294876842, -0.47075317858351096, 0.47686197301804245, -0.7892796721380109, 0.5616057046418719, -0.596269931830491, 0.6387842632787021, -0.05594361446977539, -0.05477940460412102]], "inverted": true, "swapped": true, "error_lsq": 0.0433086041301352, "error_max": 0.2544565615026746, "target": "322.xyz", "model": "2.xyz", "model_rescale": 3.795458400668931, "target_rescale": 3.8565460032139005},
{"mapping": [9, 3, 0, 2, 4, 1, 6, 8, 7, 10, 5, 12], "R": [[0.4055454147975528, 0.059986398672904784, -0.9121044614028242], [0.9129581263979768, 0.022728620737720334, 0.4074197703146677], [0.04517052114572642, -0.9979403999105437, -0.045547582216922206]], "T": [0.05898237898038253, -0.020145868977323202, 0.03751168880522154], "aligned_model": [[0.037851261331130474, -0.24162646777741084, -0.609399000244619, 0.1871303004031955, 0.23087105824350496, -0.007200500670169724, -0.2549150211361647, 0.4681067604814967, 0.4037967979262328, 0.8012137924353349, -0.42584697865935983, 0.003321823410394123], [0.05620466031692539, -0.6307430225578602, -0.04186541799160984, 0.07994204742335631, 0.6721103907922791, 0.5393514238607509, -0.24265224582737893, -0.29545283848385906, -0.582109611561162, 0.16191003466958834, 0.3622487683928187, 0.006824856255860819], [-0.719955832816034, -0.09642337021586664, 0.080793334071022, 0.8250739042138626, -0.3233332614227107, 0.27293077666971904, 0.5401828531885957, -0.31172603158696566, 0.47965710170053383, 0.2267938734935014, -0.25735796011441253, -0.027863956542144817]], "inverted": true, "swapped": true, "error_lsq": 0.045955273746262265, "error_max": 0.23574132204805917, "target": "322.xyz", "model": "3.xyz", "model_rescale": 3.7530521520055578, "target_rescale": 3.8565460032139005},
{"mapping": [5, 3, 6, 7, 1, 8, 4, 9, 11, 10, 12], "R": [[0.20002648929347794, -0.91418264200736, -0.352504610797319], [-0.3743793897190148, 0.2611633153010045, -0.8897380486944493], [0.9054443528646828, 0.30994163933461927, -0.2900115585145264]], "T": [0.021194236312445193, -0.11378730755760463, -0.10662543953870084], "aligned_model": [[-0.4168712825985116, -0.22003301057820673, 0.3791651825643461, 0.545345371196143, 0.22904960650325457, -0.16889977516600557, -0.2446620743189167, -0.6948071871007393, -0.4712240359153687, 0.46009255646901537, -0.05895574860980538], [-0.638387078385511, 0.1413466105995571, -0.28953536612534475, 0.40674701587292833, -0.6050092972795558, 0.43755881901118304, -0.39561395415961814, -0.0018502834072664232, 0.35117218944864265, 0.2154939797218418, -0.1547192769825105], [-0.07305527180933048, -0.7048304728742774, -0.598243570399019, -0.39731841084522335, 0.19058937011817678, 0.05156870656000424, 0.5925652988986467, 0.1275647354523224, 0.5528134123867045, 0.45801751580895034, -0.10684053605163846]], "inverted": true, "swapped": true, "error_lsq": 0.04655962532974824, "error_max": 0.2846774883746276, "target": "322.xyz", "model": "4.xyz", "model_rescale": 3.7855080009869324, "target_rescale": 3.8565460032139005},
{"mapping": [13, 9, 10, 6, 2, 12, 8, 7, 4, 1, 5, 0, 16], "R": [[-0.5117682983228136, 0.41301860492380726, 0.7533318265004898], [0.5508590561607111, 0.8306404838141686, -0.08118304561110452], [-0.6592780210787421, 0.373432749816826, -0.6526105058047578]], "T": [-0.056532136332848974, -0.005364533108094781, -0.09762949554495925], "aligned_model": [[0.42002159920955795, -0.6798569721415244, -0.23288579090335118, 0.5791846692433125, -0.705681524977805, 0.009152593284884054, 0.31707276276329227, 0.2842745592744422, 0.25067146864056455, -0.06147583891587148, -0.32298409372708403, -0.34849887804678736, -0.09687369169669735], [0.08345286491125425, 0.3116785022748015, 0.6425481683141664, -0.06569281996539311, -0.33331847180481705, -0.43934171578882636, 0.5782456534225907, 0.26540359752776443, -0.37696037645553326, -0.7571717630765727, 0.06853538172284585, -0.5128287745852839, -0.002965265602073162], [-0.6360305039253753, -0.23128532979221483, 0.185341870373256, 0.03765431346361009, -0.2273868571622406, -0.6176435186421187, -0.2206270707755335, 0.5122105552364814, 0.46321206689811856, -0.008942474164913228, 0.6630579577550567, 0.4178405313968999, -0.13303506886393351]], "inverted": false, "swapped": false, "error_lsq": 0.0458256339074193, "error_max": 0.26458537760863604, "target": "322.xyz", "model": "5.xyz", "model_rescale": 4.2253639853439635, "target_rescale": 3.8565460032139005},
{"mapping": [6, 2, 10, 11, 4, 3, 5, 8, 9, 7, 1, 0, 13], "R": [[-0.2489536745675662, -0.5832237724080589, -0.7732218952004781], [0.9619517352306024, -0.2416884967271211, -0.12741871776398161], [-0.11256521223779203, -0.7755235018024258, 0.6212023592565983]], "T": [-0.0011882175550483945, -0.0548635476073774, 0.06498232496690706], "aligned_model": [[0.2345768906854242, -0.2673820788266009, -0.27343525693799686, 0.7529694304023988, -0.6989775838805352, -0.2985437529701298, 0.23951311007093218, 0.29073844310035235, 0.13783281535914524, 0.12088597668277914, -0.5112649667721451, -0.28684453526184106, -0.02794762964485048], [-0.15423806619209512, 0.3096745642526289, 0.6712891433942125, 0.028521844043470287, -0.0463169456910793, -0.4017556728876613, 0.4761278176167086, 0.3837296190166635, -0.2684442311570383, -0.753642108631046, 0.054957376521078016, -0.7586785739916255, -0.07963978539929259], [-0.5251511234288968, -0.43142920316284494, 0.14922182453514887, -0.10778024997255783, -0.05303575858508816, -0.4774704487147102, -0.18170027958241358, 0.5829395959728981, 0.6196469727562839, -0.29026073236396854, 0.5811866028356183, 0.322096163794255, 0.01610310771336873]], "inverted": true, "swapped": false, "error_lsq": 0.055547331291914234, "error_max": 0.35146647125026376, "target": "322.xyz", "model": "6.xyz", "model_rescale": 3.89814844738969, "target_rescale": 3.8565460032139005},
{"mapping": [2, 5, 9, 4, 6, 1, 10, 11, 7, 0, 8, 3, 12], "R": [[0.9617720024869438, 0.06525395592321631, 0.2659634118983766], [-0.20571774962446915, 0.8132150423614337, 0.5443909462569491], [-0.18076178446148072, -0.5782933650954879, 0.795551356711079]], "T": [0.021064054560331093, -0.09852308611066066, 0.07109466053351962], "aligned_model": [[0.3816581056575881, -0.43587449105836223, -0.4385266755281539, 0.6644512138602413, -0.6492571646339973, -0.2524079839375267, 0.25783998398106783, 0.2879015314381042, 0.2867291426346389, -0.06299234824713973, -0.33237828111949197, -0.41918916208968754, 0.12416699104965173], [-0.03101073689795597, 0.23924156339862, 0.6674363281956069, -0.0790423552606837, -0.17890141122132713, -0.31575088301416215, 0.5160345570139574, 0.39793515892010567, -0.5201452709588293, -0.6299240329160053, 0.0631910112071132, -0.6768583897326097, 0.009379442161094001], [-0.534679107087708, -0.4577709283400375, 0.06576404265683175, 0.03690032243761854, 0.03128713639534114, -0.6988545198973177, -0.25318874264368196, 0.6521861689015955, 0.4987995515136009, -0.17701407036839856, 0.624821884347396, 0.4233549598630515, -0.007240225981198556]], "inverted": false, "swapped": false, "error_lsq": 0.04994113168836874, "error_max": 0.28515336809410124, "target": "322.xyz", "model": "7.xyz", "model_rescale": 3.7474275329858107, "target_rescale": 3.8565460032139005},
{"mapping": [11, 0, 6, 9, 1, 12, 7, 5, 8, 4, 3, 2, 14], "R": [[0.14693257986420025, -0.2173902258003983, 0.9649623343431093], [-0.9882271871865824, -0.07431230865979277, 0.13373371783864874], [0.042636175716708635, -0.973251853585753, -0.22574983059163167]], "T": [-0.06378682713433162, -0.07596253071618718, -0.1257658028705967], "aligned_model": [[0.4008237370090212, -0.6196135350897852, -0.2168170473514253, 0.6808564227707339, -0.7678498665783362, -0.13122099535761358, 0.3303301715565624, 0.24795980841492646, 0.21623892372684625, 0.1323691156466186, -0.3191942084717707, -0.46227528141366314, -0.07948638285518214], [0.03428549327943002, 0.27429735839825886, 0.6764784010211135, 0.02315798335060948, -0.33448910590828773, -0.22301278355066734, 0.4792521131440588, 0.3009181345622612, -0.34556707212698284, -0.7934195246924106, 0.14366040557795484, -0.6403577888990075, -0.133618633261407], [-0.5238391032580056, -0.07489421524154354, 0.15235736111319537, 0.0008122131920469955, -0.17331647540176073, -0.7211408736425473, -0.14268095909332346, 0.3974898357850034, 0.43468873227193616, 0.11714190337159669, 0.5072171134837893, 0.35512341534568104, -0.12459247612897628]], "inverted": false, "swapped": false, "error_lsq": 0.046808933965515935, "error_max": 0.2599205397999503, "target": "322.xyz", "model": "8.xyz", "model_rescale": 4.019505241142653, "target_rescale": 3.8565460032139005},
{"mapping": [3, 0, 7, 5, 1, 2, 4, 8, 11, 6, 9, 10, 12], "R": [[-0.9977891336991022, 0.054515738501224764, -0.03801156307838108], [0.06251532261390108, 0.9640012493318654, -0.258444241036791], [0.022553915635107162, -0.2602491605025252, -0.965278040435633]], "T": [-0.07420388443633362, -0.11284626006738119, 0.02190492333879389], "aligned_model": [[0.361614221599603, -0.30645249809134834, -0.2894403021522093, 0.583398632290498, -0.7436249134545353, -0.10775175431828095, 0.27690457452236183, 0.10382440288954896, 0.28994138543003645, 0.1428101358942217, -0.3193361972929582, -0.5441848726977664, -0.03558195261223915], [0.07603775647647709, 0.35643378370871726, 0.7598574107158441, -0.1601157808771635, -0.19977128625016183, -0.3109928237047928, 0.5908343500604659, 0.332997869367491, -0.2301134394077155, -0.8055184330593094, -0.0029468710581721513, -0.8326389177524512, -0.11247863732430503], [-0.6942278956880089, -0.36342986621428647, 0.12981960058900482, -0.10398884751150735, -0.0030916344620638622, -0.5344983853876436, -0.241061082488712, 0.49694794512353274, 0.5127166541241327, -0.01232976242735366, 0.6505322651872115, 0.3368591403819371, 0.030118340570849854]], "inverted": true, "swapped": false, "error_lsq": 0.05277150322836592, "error_max": 0.27697591128903853, "target": "322.xyz", "model": "9.xyz", "model_rescale": 3.877068213659057, "target_rescale": 3.8565460032139005},
{"mapping": [1, 8, 11, 5, 2, 7, 0, 12, 3, 4, 10, 13, 15], "R": [[0.6240747831651374, -0.5909715692213167, -0.5111587516510707], [0.23546492942813055, 0.766016303624199, -0.5981432015757802], [0.7450415639592143, 0.2529261294410154, 0.617204537425961]], "T": [-0.15239573993196168, -0.09255134842153623, 0.14194587254140678], "aligned_model": [[0.3628388757915727, -0.43686369664932867, -0.22308260664559834, 0.6093156371417915, -0.6320289414454613, -0.2108085063228878, 0.2605522882389206, 0.35110722768479563, 0.3289384159409312, 0.0548222044369672, -0.5175275433168308, -0.430866330232602, -0.10427616261533762], [-0.014067279933438037, 0.3241699420528734, 0.6397361667120373, -0.05487623117947338, -0.46955532058740795, -0.3145127523550344, 0.5380754963750117, 0.3388811539690101, -0.4549798565180222, -0.6443882306233107, 0.29159329915084453, -0.6980392587915613, -0.020452147376605126], [-0.5517977054160484, -0.4417871858632776, 0.20037222205435182, -0.029436173833739754, -0.11915823490727001, -0.6413852536774086, -0.11408097035894404, 0.48625093087729565, 0.3412555552899124, -0.19066119100101275, 0.6134566734339023, 0.5337073008329432, 0.11763050436638897]], "inverted": false, "swapped": false, "error_lsq": 0.04467313076277106, "error_max": 0.27580167177508524, "target": "322.xyz", "model": "10.xyz", "model_rescale": 4.260839863003843, "target_rescale": 3.8565460032139005},
{"mapping": [9, 8, 7, 3, 6, 0, 5, 4, 10, 2, 1, 12], "R": [[0.782807290682917, 0.6118191206708529, -0.11353461690258083], [0.28138057884020484, -0.18529970542917074, 0.9415354422534575], [0.555011455291891, -0.7689872448548202, -0.31720797869122147]], "T": [-0.0063454981302282845, -0.013230561732292761, -0.061722542414005724], "aligned_model": [[0.4678555230446194, 0.19214684621199796, -0.4839912491829956, -0.48421604674820823, -0.5883798088759037, -0.3517685602405638, 0.20073772423076408, 0.750363310103934, 0.349712999116691, -0.32833013670159006, 0.21092189720380938, 0.023846150931575966], [-0.06589313006647662, -0.5516530414023404, -0.5629805364354605, -0.19527059384587836, 0.1602166542844863, 0.4847976426290315, 0.5508743531426858, 0.24148763279576163, -0.4290671437747209, 0.07547140674007896, 0.4292142012031822, 0.03588106026258459], [-0.6553495458267926, -0.2510521358899271, 0.25422412943311157, -0.5303741488513706, 0.11680221612732265, -0.34760630121112274, -0.3890380761170012, -0.023200519216608928, 0.5041235958479202, 0.6698180082234692, 0.2986620464055768, -0.13083119152907263]], "inverted": true, "swapped": true, "error_lsq": 0.040277535090186674, "error_max": 0.23463827085162298, "target": "322.xyz", "model": "11.xyz", "model_rescale": 3.890672605050136, "target_rescale": 3.8565460032139005},
{"mapping": [9, 12, 10, 6, 7, 5, 11, 2, 0, 8, 4, 3, 13], "R": [[-0.49347126093227467, 0.19179794381857201, -0.8483511439144047], [-0.06587007010027918, 0.9643405209810371, 0.25633667989385855], [0.8672642322261972, 0.1823757339697091, -0.4632405888521803]], "T": [0.13089119196080648, -0.06430517891739199, 0.027422779643191796], "aligned_model": [[0.2851828082986299, -0.4740905731784085, -0.2505633545737419, 0.6538612183523111, -0.6488274473812521, -0.20774599211289949, 0.3970331099790686, 0.109304962608801, 0.18220094378295656, 0.09295929344727451, -0.29785318004784356, -0.3923800228459322, -0.03696090432203239], [0.20303920048082394, 0.2446009052527943, 0.7434659949988423, -0.24938451977002588, -0.3466566410967101, -0.249442920589712, 0.4172163595652797, 0.48285700304136336, -0.399147882523297, -0.7758859843728776, 0.10709494163192204, -0.654924398825056, -0.061247076898422625], [-0.6870990856299753, -0.2786919729525533, 0.06664858697297148, -0.12848210490883508, -0.17077072565950813, -0.6478705314492281, 0.035647823478559534, 0.48097731330279997, 0.5110985108485658, -0.07937129425894134, 0.5545444980078692, 0.5074429134213257, 0.040292540624042306]], "inverted": false, "swapped": false, "error_lsq": 0.04235320344693025, "error_max": 0.2622675389421641, "target": "322.xyz", "model": "12.xyz", "model_rescale": 4.124412569039231, "target_rescale": 3.8565460032139005},
{"mapping": [7, 8, 2, 5, 6, 9, 10, 4, 0, 3, 1, 3, 12], "R": [[0.4475508109744708, -0.8941318610599763, 0.015049472865083582], [0.8906476237682232, 0.44719135189117354, 0.082259984620487], [-0.08028126725526735, -0.023411745581395412, 0.9964972695881915]], "T": [-0.010637426971157375, -0.06658918546328607, -0.01429842640575173], "aligned_model": [[0.41278548842625373, -0.6019433305078153, -0.23015773722284846, 0.736098762186339, -0.6379940816668107, -0.24890062118053347, 0.29238908842324146, 0.32830236467753865, 0.18582012875551326, -0.14381375255323386, -0.555189348727286, -0.14381375255323386, 0.01853765394980802], [-0.15492426846912366, 0.2842911680621392, 0.7482008271719512, -0.11121750246496781, -0.2988258305567483, -0.2538787171413817, 0.5218651992002209, 0.41509032769912774, -0.33094139682100737, -0.7661160831799374, 0.12425683340910684, -0.7661160831799374, 0.049900507165481375], [-0.4681570192986844, -0.21957001930406653, 0.15983825079291372, 0.1046101779774035, -0.004170086517516908, -0.5771434793371398, -0.3406510584400786, 0.5066439120409189, 0.46349831965078037, 0.026684026440576197, 0.5600754069998085, 0.026684026440576197, -0.033975985648398516]], "inverted": false, "swapped": false, "error_lsq": 0.05239060870539536, "error_max": 0.44329616955514106, "target": "322.xyz", "model": "13.xyz", "model_rescale": 3.9028299243045295, "target_rescale": 3.8565460032139005},
{"mapping": [9, 1, 12, 10, 2, 6, 14, 13, 4, 3, 8, 0, 15], "R": [[0.10909202656486777, 0.11817826315772804, -0.9869816755426585], [-0.5625631908995737, -0.8112584819108062, -0.15931833470339946], [-0.8195252198589501, 0.5726199207544194, -0.022019091042606964]], "T": [-0.06329571120616978, -0.052119448910571235, 0.01684842286486582], "aligned_model": [[0.34066391375181254, -0.4619408786632691, -0.2901337526440647, 0.6730580713141363, -0.7781048981959602, -0.1737315210111255, 0.5104775563327462, 0.28490109922706386, 0.2895315654792468, -0.11193572583396039, -0.5231303818709625, -0.35716611007805227, 0.009631924199321365], [0.04480876243409288, 0.17073152128738747, 0.5742362067209152, -0.025402793391573537, -0.22862386194665335, -0.2841908086202814, 0.5849846116599957, 0.5263979970676054, -0.511900291902784, -0.6576936474996249, 0.011005495754911769, -0.6800321651245451, -0.06273604554452236], [-0.6375726951570031, -0.4453401006704293, 0.21800354851657988, 0.12830213224634607, 0.02346566772716323, -0.5982573226492265, -0.2020883402544509, 0.43723859603527243, 0.3682424511676125, -0.12316402021925757, 0.6341607235467859, 0.47136158959207863, -0.06998575808437853]], "inverted": true, "swapped": false, "error_lsq": 0.047877795691411824, "error_max": 0.2583781787477923, "target": "322.xyz", "model": "14.xyz", "model_rescale": 3.942246331269136, "target_rescale": 3.8565460032139005},
{"mapping": [11, 10, 9, 8, 3, 4, 6, 7, 0, 12, 2, 1, 14], "R": [[-0.7081314189560709, 0.4074361942743552, 0.576667704213173], [0.42780109929403587, 0.8973178648508534, -0.10865941681382255], [-0.5617260123317026, 0.16975393077845205, -0.8097206246942141]], "T": [-0.0938698064013386, -0.06215811932038439, -0.07733506862915132], "aligned_model": [[0.3542502702791901, -0.3737393587150887, -0.3021361998528608, 0.667247171272932, -0.6502651127865471, -0.33190643832370426, 0.2524104408893372, 0.2920522551632181, 0.21901435866073762, -0.022631775378629537, -0.19882927858576746, -0.41572136706786145, -0.07762410354802343], [0.09153927159499856, 0.4153396489197333, 0.6835633835872014, -0.05973114932509473, -0.5100775200430662, -0.1572809151537856, 0.3755576749794954, 0.43506279715273366, -0.2309282515101139, -0.8764070951230394, 0.07379591116240342, -0.6680530472112033, -0.11079572813533878], [-0.6155511344969317, -0.5275232859966984, 0.14331591276977426, 0.06243611008955738, -0.15696172239150713, -0.6045486804588327, -0.11317168531034197, 0.501296965351369, 0.5663555593920481, -0.07741571032586524, 0.6664040855329363, 0.35387757616842597, 0.005852481473158894]], "inverted": false, "swapped": false, "error_lsq": 0.05086386479771724, "error_max": 0.33592966982471134, "target": "322.xyz", "model": "15.xyz", "model_rescale": 4.355366556412066, "target_rescale": 3.8565460032139005},
{"mapping": [5, 1, 6, 8, 3, 9, 7, 11, 2, 4, 10, 12], "R": [[0.7487473181638375, -0.6620120347787266, 0.03342931872759758], [0.17798470524852494, 0.15221162416082842, -0.9721898303150052], [0.638513036859904, 0.7338744356349067, 0.23179606226485022]], "T": [-0.05166265530630684, -0.08490260192311479, -0.11508638229966076], "aligned_model": [[-0.10832457680045415, 0.4776800824989087, 0.07160082593750801, -0.3859567044634997, -0.6311668908126079, -0.5293983366126875, -0.04812537138549655, -0.33680810915788373, 0.592267100448962, 0.21063924025962735, 0.3769616557044201, -0.09156036098501635], [-0.6128825867548027, -0.3011745603105971, -0.38761881556434524, 0.4092849561209835, -0.22204899741394452, -0.04750290658932323, 0.3341960656905773, 0.5103306109668552, -0.06230646889875126, -0.041887596729587515, 0.5728685601358477, -0.13848183291193214], [0.31649192675040916, 0.09906834478112803, -0.6572007366860546, -0.01932721294876842, -0.47075317858351096, 0.47686197301804245, -0.7892796721380109, 0.5616057046418719, -0.596269931830491, 0.6387842632787021, -0.05594361446977539, -0.05477940460412102]], "inverted": true, "swapped": true, "error_lsq": 0.0433086041301352, "error_max": 0.2544565615026746, "target": "322.xyz", "model": "16.xyz", "model_rescale": 3.795458400668931, "target_rescale": 3.8565460032139005},
{"mapping": [2, 5, 9, 4, 6, 1, 10, 11, 7, 0, 8, 3, 12], "R": [[0.9617720024869438, 0.06525395592321631, 0.2659634118983766], [-0.20571774962446915, 0.8132150423614337, 0.5443909462569491], [-0.18076178446148072, -0.5782933650954879, 0.795551356711079]], "T": [0.021064054560331093, -0.09852308611066066, 0.07109466053351962], "aligned_model": [[0.3816581056575881, -0.43587449105836223, -0.4385266755281539, 0.6644512138602413, -0.6492571646339973, -0.2524079839375267, 0.25783998398106783, 0.2879015314381042, 0.2867291426346389, -0.06299234824713973, -0.33237828111949197, -0.41918916208968754, 0.12416699104965173], [-0.03101073689795597, 0.23924156339862, 0.6674363281956069, -0.0790423552606837, -0.17890141122132713, -0.31575088301416215, 0.5160345570139574, 0.39793515892010567, -0.5201452709588293, -0.6299240329160053, 0.0631910112071132, -0.6768583897326097, 0.009379442161094001], [-0.534679107087708, -0.4577709283400375, 0.06576404265683175, 0.03690032243761854, 0.03128713639534114, -0.6988545198973177, -0.25318874264368196, 0.6521861689015955, 0.4987995515136009, -0.17701407036839856, 0.624821884347396, 0.4233549598630515, -0.007240225981198556]], "inverted": false, "swapped": false, "error_lsq": 0.04994113168836874, "error_max": 0.28515336809410124, "target": "322.xyz", "model": "17.xyz", "model_rescale": 3.7474275329858107, "target_rescale": 3.8565460032139005},
{"mapping": [3, 5, 12, 1, 4, 8, 11, 7, 2, 0, 9, 6, 13], "R": [[0.007252282878343092, 0.5941387352696658, -0.8043298873256013], [-0.6932641603795721, 0.5826558063956632, 0.4241426826041284], [0.7206470761241313, 0.5545370812899544, 0.4161206761843962]], "T": [-0.00733867451245946, 0.03219339462896782, -0.03009779037161269], "aligned_model": [[0.37428740697340246, -0.651622368173793, -0.30879097364987373, 0.6554547612790378, -0.6845305558077759, -0.23050334132682948, 0.4734327543916162, 0.3178837291792116, 0.21681329897925417, 0.09027053979036936, -0.45975714891736325, -0.3853882091367988, 0.00457096842647468], [0.020598868173976145, 0.2942296861276558, 0.6701098773468374, -0.16584259197966694, -0.43798241640594054, -0.253470180707149, 0.55174998281905, 0.4304929469921096, -0.4094933230293257, -0.7927350686693899, 0.06814644594193657, -0.4515625350795493, -0.06265671063562053], [-0.5911827056877036, -0.22873172677226178, 0.21774489306917116, -0.02785585162947251, -0.1279327771911652, -0.6509426215738365, -0.1738212979264625, 0.5203630499800238, 0.47833259821043844, -0.1255329123355064, 0.4615820525897411, 0.4368685481395272, 0.015475222924599533]], "inverted": false, "swapped": false, "error_lsq": 0.042626365659376615, "error_max": 0.3301229264879013, "target": "322.xyz", "model": "18.xyz", "model_rescale": 3.922800546911778, "target_rescale": 3.8565460032139005},
{"mapping": [7, 2, 0, 12, 10, 11, 3, 5, 8, 4, 1, 6, 14], "R": [[-0.5204270402347128, 0.329945467387343, 0.7875859853648265], [-0.1758132241343935, 0.8611686388297252, -0.47694683741023824], [-0.8356107981662314, -0.3866840623127704, -0.39016666943921213]], "T": [-0.010314841647337376, -0.08984755030427263, 0.03679908804759661], "aligned_model": [[0.3474296523329289, -0.6027041423551042, -0.08265303357624082, 0.7329800237617562, -0.6692685225930786, -0.03887319543811569, 0.16327534009791683, 0.36596598495509713, 0.24018666076029882, -0.17690980534564946, -0.46709850724124735, -0.4203466103703467, 0.020137017018717278], [0.06589680134808715, 0.2587552779816211, 0.719885491344251, 0.15675142608933162, -0.41446973301061407, -0.4645622892099813, 0.4717719390332248, 0.32416853232410103, -0.4048658835122758, -0.786434544665693, 0.10961158662844342, -0.5132192035684086, -0.061704419887163256], [-0.6603189744166067, -0.16489361709025654, 0.23055724381907888, -0.03610998179023275, -0.2963692359664594, -0.568194215753687, -0.21538981254686576, 0.5559687549602153, 0.49767119726661563, -0.0675072705747129, 0.5841086526237083, 0.39512598316347336, -0.05028225189717763]], "inverted": false, "swapped": false, "error_lsq": 0.04658068899836758, "error_max": 0.2820252633682107, "target": "322.xyz", "model": "19.xyz", "model_rescale": 3.9282355846067225, "target_rescale": 3.8565460032139005},
{"mapping": [0, 10, 2, 3, 9, 11, 1, 5, 6, 8, 7, 8, 13], "R": [[0.6020497359492971, 0.17742409940838288, 0.7784965024921475], [-0.48741082225908516, 0.8539254328426122, 0.18232401237708795], [-0.632429289160539, -0.4892157439143616, 0.6005840075445014]], "T": [-0.0937392185704704, -0.08370869994367545, 0.08641427095613073], "aligned_model": [[0.2979945034740246, -0.5263113902506124, -0.17026191610200747, 0.6522666332411928, -0.6501078328904265, -0.20429898256286694, 0.3182281701918488, 0.324550815265095, 0.2199000048284398, -0.17726153551057366, -0.44655428499092914, -0.17726153551057366, -0.04876178717567914], [0.037669565861526616, 0.4396606276617149, 0.7324724297610341, -0.026994973316536566, -0.4471576557590309, -0.2927439845122553, 0.48765000552780524, 0.30598068408059365, -0.26528603729587613, -0.8377106298954052, 0.1327308269748101, -0.8377106298954052, 0.03302475170194835], [-0.6006148374520406, -0.4438688724694103, 0.1683218446982399, 0.0050884360918389965, -0.10537636164672771, -0.5899317645295762, -0.16918873486524577, 0.48749504065373106, 0.6300172162782454, 0.1423310960645875, 0.5520033993447264, 0.1423310960645875, -0.01424108643586322]], "inverted": true, "swapped": false, "error_lsq": 0.04766678457563925, "error_max": 0.33019888604893416, "target": "322.xyz", "model": "20.xyz", "model_rescale": 4.067790424073018, "target_rescale": 3.8565460032139005},
{"mapping": [4, 8, 0, 6, 1, 5, 2, 3, 11, 13, 12, 10, 14], "R": [[-0.5554688676057736, -0.8018532884658944, 0.22019455237855168], [0.15240554331247783, -0.3584914655689594, -0.9210083710161641], [0.8174514587964156, -0.47803260651408574, 0.32133773451146574]], "T": [-0.09169426768463179, -0.019847848509362213, -0.00044482556506299925], "aligned_model": [[0.2650657047420419, -0.3657678937429721, -0.2740969719716409, 0.6399240048793426, -0.7736078083737927, -0.08451498361734834, 0.340560328482961, 0.3824803119264456, 0.1906292741342026, -0.05686048715595694, -0.2813898302554642, -0.4428763713977171, -0.12742441564316892], [0.20638570025202874, 0.14634431947472268, 0.663925690760983, -0.08422664719250864, -0.4055130471435138, -0.31411686266899164, 0.5760893211066528, 0.3745635887055209, -0.31955563789181857, -0.7190603096129101, 0.05551362989295313, -0.6501328304847004, -0.06863193430349415], [-0.681629967964121, -0.47207148673365745, 0.05989612225190875, -0.09070542730243514, -0.2444968258971052, -0.5121286400869676, -0.10878127142229144, 0.5855100386485281, 0.49805383310665097, -0.003915711445829161, 0.7380334124430994, 0.3877545988055404, 0.04884779739377199]], "inverted": false, "swapped": false, "error_lsq": 0.04221661838715232, "error_max": 0.24695247841509388, "target": "322.xyz", "model": "21.xyz", "model_rescale": 4.186013935880536, "target_rescale": 3.8565460032139005},
{"mapping": [1, 2, 8, 7, 5, 0, 9, 10, 4, 6, 11, 3, 12], "R": [[0.9909499220425266, 0.0757862585190765, -0.11079122268298158], [0.07879386406420569, -0.9966251355869686, 0.02301882060592285], [-0.10867280703902785, -0.03154016702454014, -0.993577092567216]], "T": [-0.044437679192666, -0.004000899534674571, 0.008534959908910974], "aligned_model": [[0.3247261037429272, -0.5456106560965506, -0.4657168306561833, 0.6613843591240018, -0.7407785770226853, -0.07326693127335976, 0.18176972496943583, 0.6173275283221409, 0.2642197974605264, 0.06532062450354734, -0.33776870098706846, -0.48287115101157174, -0.05661442906822796], [0.12347771239674861, 0.24262498864974852, 0.6342661628026691, -0.19043805521696405, -0.2881533204147901, -0.3734198558777225, 0.5725135567334075, 0.23283414158114002, -0.32682112353185294, -0.5497167820711191, 0.13989664633222226, -0.7213899642295376, -0.03408912625902619], [-0.6100040775018782, -0.4790104445033695, 0.0615176399190056, -0.0648147305366198, -0.17286385991114253, -0.6115351570337235, 0.05226197963919924, 0.4582853418547414, 0.5813646150883205, 0.008908235134133089, 0.5491053870119808, 0.3899372086983459, 0.04121433393809954]], "inverted": true, "swapped": false, "error_lsq": 0.056904803352466025, "error_max": 0.347893168630353, "target": "322.xyz", "model": "22.xyz", "model_rescale": 4.166573947596378, "target_rescale": 3.8565460032139005},
{"mapping": [3, 12, 14, 8, 6, 2, 9, 10, 7, 1, 13, 5, 15], "R": [[-0.44975447391330814, -0.8703193905007461, 0.20066158504649892], [0.6156319916170679, -0.1393117322664602, 0.7756220033950304], [-0.647084356241569, 0.4723731573357318, 0.5984525345723805]], "T": [0.023961596019882687, -0.015187137988762894, -0.11306743533585965], "aligned_model": [[0.3135106313110412, -0.5130036668944651, -0.2877011877635961, 0.8285064316577628, -0.6421571086594108, -0.1502841101606981, 0.3235142921351513, 0.12899682469925935, 0.23372815866787364, -0.1646008284045511, -0.33916269022614126, -0.3177673953151327, -0.0014584890401607292], [0.013004446102241884, 0.32051685249986483, 0.6143293709602817, -0.05017698371914395, -0.35683814741633035, -0.4035272457740886, 0.4970883655812317, 0.26272945161562855, -0.25958662859408604, -0.7023754453681867, 0.08569088674918632, -0.4818140531936207, -0.07745588854805523], [-0.639178871026497, -0.28144941899965165, 0.25101090429063583, -0.03848554500471786, -0.24969865797683677, -0.6342580278756752, -0.2041232257847706, 0.5744434395330502, 0.5254124201309521, -0.1308298440498719, 0.6450733931116193, 0.484044446717158, -0.09759454126830172]], "inverted": false, "swapped": false, "error_lsq": 0.04741701441238803, "error_max": 0.29892141731218297, "target": "322.xyz", "model": "23.xyz", "model_rescale": 4.274766983524099, "target_rescale": 3.8565460032139005},
{"mapping": [10, 8, 11, 4, 9, 5, 1, 0, 6, 3, 12], "R": [[0.4245195116614818, 0.7979494582923661, 0.4278549359650034], [0.6874568094025619, -0.5915900068953419, 0.4212177571608531], [0.5892251856673704, 0.11531663259256875, -0.7996972894931956]], "T": [0.11815113885756368, 0.05491965515460741, 0.05939877293572343], "aligned_model": [[0.28968329839428536, 0.06926730942879009, -0.45424574650383265, -0.5415689281671088, -0.533143003113649, -0.4210722153426242, -0.030095848979197426, 0.051455773440023334, 0.5942147677614475, 0.31444572968869117, 0.04095356735124915], [-0.09755961313924875, 0.5392167785356881, 0.47258436647723123, -0.24751366791817642, 0.44812380860501655, -0.13628475887762354, -0.5358281548283637, -0.04824556673908635, -0.11719020605902368, 0.5730271917178146, 0.06525635346925546], [-0.6937322645322839, -0.29866594167249166, -0.566253432888876, -0.2756788950968296, 0.02419354447467073, 0.43478167200344325, 0.016046762825741162, 0.7181759529780043, 0.43947847766789405, 0.4767309870188593, 0.10448957124344598]], "inverted": false, "swapped": true, "error_lsq": 0.042356928062179784, "error_max": 0.23858046304904146, "target": "322.xyz", "model": "24.xyz", "model_rescale": 3.7841303162186577, "target_rescale": 3.8565460032139005},
{"mapping": [1, 6, 7, 8, 3, 4, 0, 10, 9, 5, 11, 12, 15], "R": [[0.7050088831423602, -0.08915472617029085, 0.703572248949504], [-0.6834836734468663, -0.35013688669064374, 0.6405109122490895], [0.18924202181846306, -0.9324460281325049, -0.30778541518073366]], "T": [0.015631436720888972, -0.037352977824303725, 0.11097285185903626], "aligned_model": [[0.33884342248274235, -0.5191707349449753, -0.08143859712724087, 0.534711903778156, -0.6925645598860967, -0.15618294767462831, 0.3855315289714041, 0.23905466760791588, 0.3676937541004326, -0.23140585048075984, -0.6114035090201037, -0.1186972354043873, -0.0428509803955269], [0.13549256519678893, 0.18324763117513435, 0.6051650122681188, -0.07779296388869769, -0.35989301567057713, -0.32821184862751246, 0.5427091026663948, 0.3942901113162571, -0.35702776998833213, -0.8380493457318202, 0.3081661665061135, -0.7198827558212056, -0.02662790850573832], [-0.5360934695646853, -0.32186483219074874, 0.13450157975868718, -0.16898760943073987, -0.09742158666827748, -0.5542979782907811, -0.14985631422761142, 0.7184441752763602, 0.4515618423774534, -0.1482503156924857, 0.3882295323618746, 0.4131000045955876, 0.07530144349245932]], "inverted": true, "swapped": false, "error_lsq": 0.050938282725469346, "error_max": 0.3105198689479065, "target": "322.xyz", "model": "25.xyz", "model_rescale": 4.19342608120988, "target_rescale": 3.8565460032139005},
{"mapping": [5, 1, 6, 8, 3, 9, 7, 11, 2, 4, 10, 12], "R": [[0.7487473181638375, -0.6620120347787266, 0.03342931872759758], [0.17798470524852494, 0.15221162416082842, -0.9721898303150052], [0.638513036859904, 0.7338744356349067, 0.23179606226485022]], "T": [-0.05166265530630684, -0.08490260192311479, -0.11508638229966076], "aligned_model": [[-0.10832457680045415, 0.4776800824989087, 0.07160082593750801, -0.3859567044634997, -0.6311668908126079, -0.5293983366126875, -0.04812537138549655, -0.33680810915788373, 0.592267100448962, 0.21063924025962735, 0.3769616557044201, -0.09156036098501635], [-0.6128825867548027, -0.3011745603105971, -0.38761881556434524, 0.4092849561209835, -0.22204899741394452, -0.04750290658932323, 0.3341960656905773, 0.5103306109668552, -0.06230646889875126, -0.041887596729587515, 0.5728685601358477, -0.13848183291193214], [0.31649192675040916, 0.09906834478112803, -0.6572007366860546, -0.01932721294876842, -0.47075317858351096, 0.47686197301804245, -0.7892796721380109, 0.5616057046418719, -0.596269931830491, 0.6387842632787021, -0.05594361446977539, -0.05477940460412102]], "inverted": true, "swapped": true, "error_lsq": 0.0433086041301352, "error_max": 0.2544565615026746, "target": "322.xyz", "model": "26.xyz", "model_rescale": 3.795458400668931, "target_rescale": 3.8565460032139005},
{"mapping": [10, 11, 8, 7, 9, 4, 5, 6, 0, 3, 1, 2, 12], "R": [[0.8377142226045804, 0.49799467203576503, 0.22413430765948028], [0.30508263238184036, -0.08635119095197975, -0.9484028992153819], [-0.45294532635293916, 0.8628700820199793, -0.2242671462561198]], "T": [-0.1748564244649477, -0.014458073175256478, 0.014953099105144488], "aligned_model": [[0.2212496843489593, -0.5114671883337758, -0.27358156861183097, 0.6147735113950772, -0.4978773102089579, -0.26180724861700144, 0.390923820366925, 0.21491626522760404, 0.22980710602580845, 0.1250241750271432, -0.3669289318168769, -0.4636302833788848, -0.00928116941725654], [0.06443456615563443, 0.302782326013326, 0.6966932603919632, -0.16272125821645367, -0.29702567348659614, -0.3026517895105477, 0.4800275739160427, 0.4649096440119147, -0.5249855369317019, -0.6760040963349182, 0.11562660536773765, -0.6785171020797939, -0.02098353840168314], [-0.5720412198869076, -0.5305982866539306, 0.13852023383325296, -0.10633453828856713, 0.001265559411891895, -0.7649488938918714, -0.032345180556168765, 0.562192353695365, 0.5315596495224638, -0.11735353012316559, 0.5595073194350746, 0.5154230566825386, 0.019519948617116943]], "inverted": true, "swapped": false, "error_lsq": 0.04827983454478314, "error_max": 0.26488319904610264, "target": "322.xyz", "model": "27.xyz", "model_rescale": 3.6321398670334006, "target_rescale": 3.8565460032139005},
{"mapping": [13, 1, 2, 9, 4, 6, 11, 0, 8, 12, 3, 7, 14], "R": [[-0.07515984358320046, 0.7283239449462651, -0.6810985458290595], [-0.8453779400569459, -0.4087879013721269, -0.3438438455997831], [-0.5288545512497969, 0.5499424359964257, 0.6464334309986557]], "T": [0.027316250059742246, -0.03190480568671481, 0.11665535973859854], "aligned_model": [[0.15092136864620576, -0.5220684706412815, -0.12230568265847613, 0.5768664558770966, -0.6695737106850932, -0.041748055319083884, 0.41181580453163413, 0.1487513263505615, 0.16700917498525902, 0.1552239074394635, -0.4389020269164379, -0.40873527271782084, 0.004866043114905207], [0.24126689233162765, 0.29259222907864396, 0.723165738990167, -0.1653779267298511, -0.27156123473953964, -0.4037638495335038, 0.45018679292209085, 0.3850610799350475, -0.3671805127674844, -0.8438620394910504, 0.03350413081606576, -0.615425438943813, 0.0029791190265232442], [-0.642670874481616, -0.08370755907387183, -0.08564494560827347, -0.2393666318087455, -0.2619954437541995, -0.5622101721398867, -0.06299324053548126, 0.5647676968748894, 0.4842226362497253, 0.027915219348845208, 0.6165776228967721, 0.3817027593682881, 0.06776940446064687]], "inverted": false, "swapped": false, "error_lsq": 0.051603312140978165, "error_max": 0.2429641084025153, "target": "322.xyz", "model": "28.xyz", "model_rescale": 4.156811204709835, "target_rescale": 3.8565460032139005},
