[{"mapping": [4, 6, 5, 3, 2, 0, 1, 8, 7, 11, 9, 10, 12, 13], "R": [[-0.3372215683773179, -0.1398692826606365, 0.9309770123849145], [-0.5486621269395842, 0.8327965186049708, -0.0736194883272927], [-0.7650173097932319, -0.5356179070638319, -0.3575779262612372]], "T": [0.070600079379391, 0.10780615458449973, -0.13936042770384308], "aligned_model": [[-0.6633879981209716, -0.03624188397325022, 0.7262669350878936, 0.08351040287676356, -0.502693384345724, -0.2471383523226814, 0.4199791959955065, -0.07481479881256226, -0.47609605983241793, 0.3155333052537595, -0.4911152547783099, -0.0021760774382923453, 0.14805466533695258, -0.017060096340040715], [-0.4726581674818554, -0.4614717015086841, -0.2449629979039601, 0.09824893098793473, 0.2294560303173488, 0.7939533063198537, 0.5513500342695223, -0.6380917840116984, -0.2537146070534337, -0.3085437676630647, 0.353594600968816, 0.08239678538085365, 0.518115058754686, 0.027744095990588427], [-0.33359456349477185, -0.6384133323307518, -0.273733638648202, -0.6617992172496144, -0.6371496979718416, -0.2931681315602994, -0.25872195035445605, 0.04249091273955852, 0.23723026887680812, 0.36434811694326086, 0.2616471716759107, 0.8653718349398657, 0.2615974232560919, -0.027800476906333804]], "inverted": true, "swapped": false, "error_lsq": 0.04005320406827563, "error_max": 0.2161616496209494, "target": "323.xyz", "model": "0.xyz", "model_rescale": 3.8414455957264533, "target_rescale": 4.23687249031688},
{"mapping": [1, 0, 7, 4, 3, 5, 2, 13, 12, 9, 10, 8, 6, 14], "R": [[0.06997139236678568, -0.3625137425090415, 0.9293480460744199], [0.5735610013283441, -0.7476166483346262, -0.33480908722453684], [0.8161689665782943, 0.5564648538991377, 0.15561196730820798]], "T": [-0.035285524158847045, -0.02049485906459383, -0.07155392193597385], "aligned_model": [[-0.7035055013811687, 0.06478083716333724, 0.5286439994058876, 0.07072533703091578, -0.48075009436088006, -0.2011516087657486, 0.40897795264572406, 0.07413802596212331, -0.6002568984096905, 0.5469142368627488, -0.5113625505826548, -0.08493319954865315, 0.19113883188478187, -0.12073876932009632], [-0.21727758052755722, -0.5736046625408668, -0.22594874749499183, 0.06763764277392229, 0.2960705037194414, 0.6077607644195313, 0.5103220449411268, -0.6843617672001885, -0.23817493678062054, -0.1462958482182705, 0.366373080931909, -0.10583556527132396, 0.6362699142180861, -0.01751902560328894], [-0.5846392108922754, -0.5293460561381068, -0.3011779501124753, -0.5976827980468368, -0.6325571035848717, -0.1815816389905546, -0.3274212805765917, 0.2779517512665355, 0.39289443246926115, 0.26120309059388225, 0.23186849372364318, 0.7123813239186161, 0.2854043632302634, -0.09899269694526443]], "inverted": false, "swapped": false, "error_lsq": 0.04540054035507304, "error_max": 0.28960776624878576, "target": "323.xyz", "model": "1.xyz", "model_rescale": 4.316132596720782, "target_rescale": 4.23687249031688},
{"mapping": [7, 8, 0, 6, 1, 9, 3, 12, 4, 11, 5, 13], "R": [[0.9059880361897278, -0.3620570681461685, -0.21931793744808376], [-0.3332449454960919, -0.9295275505085915, 0.15788077510198925], [-0.2610239157287846, -0.06995149927556132, -0.9627945280103715]], "T": [-0.09175450553430106, 0.008414438730505973, 0.06530986021758842], "aligned_model": [[-0.26940707131503316, 0.3908434604469496, 0.2076147109886747, -0.36531133246261827, -0.4796173897251583, -0.4608628852196759, -0.21026281228159968, -0.1432565363330723, 0.5139011779836319, 0.17390420571854517, 0.2490322722743701, -0.008769245443232848], [-0.6778227945386534, -0.39209721606428705, -0.5381849894379672, 0.5446281923734757, -0.32240779148107473, -0.050132522918680394, 0.32786301043789745, 0.5678636174987033, 0.10658114543603885, -0.15108302235044677, 0.6454404318804823, -0.0478716330945077], [0.11463081542451159, 0.187219537572942, -0.5361657076830538, -0.07414552424381349, -0.4966405239770223, 0.5008498689718985, -0.6506435464512493, 0.5006704160500246, -0.6232676794332243, 0.7739724922897034, -0.17443862225679693, -0.07278306505449905]], "inverted": true, "swapped": true, "error_lsq": 0.04022469805803684, "error_max": 0.22613081737223953, "target": "323.xyz", "model": "2.xyz", "model_rescale": 3.795458400668931, "target_rescale": 4.23687249031688},
{"mapping": [7, 1, 9, 5, 8, 10, 6, 0, 3, 4, 11, 13], "R": [[-0.8164015350580246, 0.034969565341467154, -0.5764248980177125], [-0.5316256650075144, 0.34430634110884367, 0.77383932167961], [0.22552757228378867, 0.938205879843049, -0.26250150698179053]], "T": [-0.13514987210623752, 0.004996250793480671, 0.07133342037391567], "aligned_model": [[-0.18216209284616833, 0.10148173490869788, -0.6909379659916037, 0.16707444451362052, 0.13306168619510705, 0.15906557405546595, -0.2792495193581261, 0.5939294083128448, 0.29138024093235565, 0.756539313940955, -0.48775861491195216, 0.030879615992368603], [-0.11598521671680692, -0.6570783562813237, -0.00810260819780604, 0.13151541502741337, 0.44805742779750557, 0.5775558697847663, -0.28409475548179874, -0.1531544909292659, -0.5316668690283255, 0.04297511685635904, 0.6545674454884295, -0.01881993302943727], [-0.627285121246666, -0.21385405561294746, -0.07111606711697104, 0.7584072462848638, -0.30274104447762007, 0.2590964518694574, 0.5980857465793894, -0.3686637014498759, 0.469762394909063, 0.30380393165142033, -0.1565723815941807, 0.0398480308431674]], "inverted": false, "swapped": true, "error_lsq": 0.04345220407839995, "error_max": 0.2887575064527909, "target": "323.xyz", "model": "3.xyz", "model_rescale": 3.7530521520055578, "target_rescale": 4.23687249031688},
{"mapping": [1, 2, 9, 12, 7, 5, 0, 3, 4, 10, 13], "R": [[-0.06979004802456644, 0.008188839470503986, 0.9975280908850913], [-0.02223543207223447, 0.9997050973808558, -0.009762368119201559], [-0.9973138597037995, -0.022861784244893754, -0.06958738437281696]], "T": [0.10535050464750637, -0.05824984831659714, -0.05395012404956318], "aligned_model": [[-0.47769166714462663, -0.14250733635525697, 0.4209167161962516, 0.40425834001129257, 0.2200355975863144, -0.13385552858771227, -0.28175581591428567, -0.658708563430503, -0.38822285194317896, 0.36717673231717207, 0.008553979709738146], [-0.5418505233671158, -0.2575978430813889, -0.2287194132696026, 0.46259494303125487, -0.7567115570220033, 0.6463328184547794, -0.4821422773747235, 0.15251388490345058, 0.2248329767794886, 0.33420081429848636, -0.08625046503827964], [-0.09709421094545657, -0.729773330749501, -0.501970140847389, -0.4341467385261834, 0.008604667979925186, 0.1065516456475582, 0.5946095313603262, -0.03219515906152765, 0.6718900740615458, 0.422570291014919, 0.08378414731109929]], "inverted": false, "swapped": true, "error_lsq": 0.05401553691745775, "error_max": 0.3328847898583047, "target": "323.xyz", "model": "4.xyz", "model_rescale": 3.7855080009869324, "target_rescale": 4.23687249031688},
{"mapping": [2, 1, 11, 4, 5, 7, 6, 14, 9, 13, 10, 15, 8, 16], "R": [[0.3196185642972761, 0.023891279144490546, -0.9472450475655115], [0.36387993637788985, -0.9261245953064413, 0.09942145578346505], [-0.8748916305795656, -0.37646041060026575, -0.3047001706473242]], "T": [-0.07095409654598328, -0.03034437580704358, -0.1056619736100699], "aligned_model": [[-0.4904584467764886, 0.09293079118572733, 0.6701705493523898, 0.06332973882275197, -0.6389465225870087, -0.1031722084685308, 0.4405264376805157, -0.14462258619705398, -0.6423994009252569, 0.5423101525815751, -0.5184869121803839, -0.14177737186132205, 0.14507056750460814, -0.09185418954489707], [-0.6245355176778945, -0.40880219411015895, -0.22027024377178173, 0.27188685416073516, 0.3756298328031123, 0.6909415000129817, 0.3368084432892751, -0.583881054153639, -0.24221935758499644, -0.09406634196058383, 0.44045709316954484, -0.005428721028941007, 0.41081350679467993, -0.07191798257542573], [-0.23504000357879168, -0.7404968831162979, -0.3226842126091918, -0.7671942245670237, -0.5151406550120341, -0.3058572544800089, -0.27789303528003617, 0.27626406358878, 0.2624049706385463, 0.27475110535401825, 0.22452680544536174, 0.7151189840798866, 0.3983449123585776, -0.07879985290656172]], "inverted": true, "swapped": false, "error_lsq": 0.04073982299408386, "error_max": 0.2910135676668747, "target": "323.xyz", "model": "5.xyz", "model_rescale": 4.2253639853439635, "target_rescale": 4.23687249031688},
{"mapping": [1, 9, 12, 8, 10, 5, 11, 0, 4, 7, 2, 3, 6, 13], "R": [[0.7215120110748612, 0.27971948019566584, 0.6333856884030269], [-0.6409943767860987, -0.07605684649077454, 0.7637680047177153], [0.2618141073420427, -0.957064453681645, 0.12442268561538154]], "T": [-0.0879093842885276, 0.008058748034809686, -0.12709846068228497], "aligned_model": [[-0.6216897500857806, 0.09152096773410356, 0.8363614182803089, -0.1336084440689484, -0.7188844684407384, -0.1537990440451412, 0.5108934856943249, 0.03387899452436624, -0.662241339094304, 0.4289364841020541, -0.46114967891063363, -0.09444094213346724, 0.21884925310220218, -0.09200633807172026], [-0.4253743622358329, -0.4226469037571253, -0.11744250417386062, 0.11231435115984521, 0.35685581647502485, 0.619835934506762, 0.4622574353530237, -0.7476223847099089, -0.18430948737508748, -0.2156416096390864, 0.45931566395455126, -0.019679599448618697, 0.3874726537337104, 0.010080813523510606], [-0.3838474469874588, -0.5206639797167938, -0.09081232446131948, -0.8571034200838714, -0.4249634009081556, -0.27585495062576504, -0.3288221929298784, 0.11201713003982966, 0.2390279927471059, 0.4316677823308988, 0.20036220923433173, 0.5815604103758207, 0.2920222792860417, -0.06628536838556189]], "inverted": false, "swapped": false, "error_lsq": 0.036711572860774075, "error_max": 0.20620286412705355, "target": "323.xyz", "model": "6.xyz", "model_rescale": 3.89814844738969, "target_rescale": 4.23687249031688},
{"mapping": [1, 2, 6, 0, 5, 9, 7, 4, 8, 11, 12, 10, 13], "R": [[-0.12378813697372543, -0.7850109915671085, 0.6069878419403468], [-0.668745043166122, -0.38591977265500155, -0.6354887853571088], [0.73311429148893, -0.4845860833667607, -0.4771999197631399]], "T": [-0.0769849704540028, 0.13138268610400222, -0.0689073654406745], "aligned_model": [[-0.09944735385765355, -0.01642185172020194, 0.4464713585908672, -0.24006185087649287, 0.6076419534162923, -0.3586486436174108, -0.7032368182833174, 0.3740375821819868, -0.46595394618550545, -0.5572200256555566, 0.18947198079234526, 0.02588270270538212, -0.0538832865865127], [-0.3581704454270566, 0.3989255143629104, 0.3653931014363606, -0.7187333517392067, 0.13157770300752053, 0.5780907564688518, -0.10069705859961897, -0.5793769834824785, -0.11990271180739004, 0.5442397041412224, 0.7715677775814631, 0.0860143718618793, -0.035147112333971275], [-0.6481330312838294, -0.7636469445449179, -0.2992091859048125, -0.03933753739729792, 0.2638132618234093, -0.2935878429838471, -0.3115225880970076, 0.3079133963248944, 0.3712416281325121, 0.3750972420400878, 0.08710032077392182, 0.5921540234919829, -0.0396077115388001]], "inverted": true, "swapped": true, "error_lsq": 0.042908073951504526, "error_max": 0.2359054450767421, "target": "323.xyz", "model": "7.xyz", "model_rescale": 3.7474275329858107, "target_rescale": 4.23687249031688},
{"mapping": [12, 1, 2, 0, 10, 6, 3, 4, 11, 8, 7, 9, 5, 14], "R": [[-0.33632858397548787, 0.7752521730862146, 0.5346654577641473], [0.8986349903193077, 0.43400203471668636, -0.0640108431095393], [-0.2816704417841196, 0.4589404122398443, -0.8426360188350963]], "T": [-0.11617337019249871, -0.0868014815201308, -0.10723643759030706], "aligned_model": [[-0.5747808889668331, 0.1408435548421744, 0.6257750824144783, -0.026575166594256322, -0.7158824659296634, -0.08370796457654464, 0.4469603599581813, 0.28988309751496344, -0.6469021260208545, 0.3922932131258112, -0.4409093997702932, -0.2597871115463577, 0.1258977931649146, -0.0904873790290946], [-0.4450829077077466, -0.3614663249076355, -0.442894057084105, 0.2439644869077774, 0.3010058188434198, 0.7112342649244893, 0.34501820547122314, -0.6587155854960717, -0.12034842016718356, -0.12332624356085183, 0.43215629781784703, 0.06998404279703739, 0.4641869130855705, -0.14030067355686235], [-0.3120685204581334, -0.7578541011243456, -0.2841546875030105, -0.6700679165152846, -0.36261431048282966, -0.2775979450751673, -0.20993354990551533, 0.2395462732703429, 0.21475975219175142, 0.345905914505585, 0.19127146227611475, 0.6242919847880282, 0.2811381301951083, -0.11431776624741943]], "inverted": true, "swapped": false, "error_lsq": 0.05014735370147962, "error_max": 0.36810388904205343, "target": "323.xyz", "model": "8.xyz", "model_rescale": 4.019505241142653, "target_rescale": 4.23687249031688},
{"mapping": [10, 4, 8, 11, 12, 9, 7, 5, 6, 3, 0, 2, 13], "R": [[0.7955430194871823, -0.30085895035842425, 0.525923184632931], [-0.12193149134005944, -0.9297453720838013, -0.3474280565935099], [0.5935014874158328, 0.21226736696435783, -0.7763366211619885]], "T": [0.11899258857802113, -0.03989447051819672, 0.01184611121757506], "aligned_model": [[-0.2780599076105017, -0.8003891523280603, -0.10218372664830251, 0.43586582665658086, 0.4028819183817072, 0.6901875189412359, 0.3470364457785455, -0.3527417840777575, 0.16544297764837723, -0.32365566139091906, -0.4583231934091298, 0.6241276750657372, -0.030488165266336617], [-0.4131810969175932, -0.009427499408716039, 0.10204135732674002, -0.2903356047949733, -0.6876570474333962, -0.06640662594471909, 0.5758482627510788, -0.5809870296086203, -0.3528126186216053, 0.03324157868124411, 0.5936595685091007, 0.11696799960467696, 0.04242698397084152], [-0.3788566042551901, 0.07820510122245605, -0.5704833575417078, -0.6477653701128675, 0.08245169702585142, -0.03711610932051551, -0.2597628295319883, 0.2650310295652849, 0.542629424211678, 0.6656002961844094, -0.11257852041878613, 0.5392386111106618, 0.0101101259045923]], "inverted": false, "swapped": true, "error_lsq": 0.049852205407219505, "error_max": 0.29861769408332467, "target": "323.xyz", "model": "9.xyz", "model_rescale": 3.877068213659057, "target_rescale": 4.23687249031688},
{"mapping": [0, 11, 10, 12, 5, 3, 6, 8, 7, 14, 4, 2, 13, 15], "R": [[-0.26310803253094633, -0.6540047062846395, -0.7092615930495865], [-0.45823746455863423, 0.7316600631907277, -0.5046701675417469], [0.8489950466831764, 0.1922274592488881, -0.49219509812486767]], "T": [-0.05044128909310221, 0.03138757371646954, -0.04185572219493966], "aligned_model": [[-0.4091062126225094, 0.1391555851254671, 0.5932131850108133, -0.009907498831185232, -0.6276673641588851, -0.2229239733551016, 0.35067680321629935, -0.2927962324800775, -0.6731017978120322, 0.626432543934483, -0.5139861583479268, -0.030892167142011, 0.3415409910464171, -0.08801710499712567], [-0.3740337887778861, -0.5262821161035791, -0.20593945022758303, 0.09879178140343896, 0.2734763963826703, 0.6196637647353236, 0.4023708958845311, -0.687058472848411, -0.19452078172763432, -0.02242479205387672, 0.3875073428000538, -0.027165243760971222, 0.5432578959397445, -0.012227614278913113], [-0.6256014091996958, -0.4865048182316491, -0.22239818570906456, -0.7848287367429949, -0.5100421193134097, -0.20599648324578038, -0.327828143627606, 0.10105087457122569, 0.43516196640709964, 0.34345920107085953, 0.29931218954406474, 0.6188596154096144, 0.3847320896883058, -0.11107132070574494]], "inverted": true, "swapped": false, "error_lsq": 0.041538442161438476, "error_max": 0.290659218644503, "target": "323.xyz", "model": "10.xyz", "model_rescale": 4.260839863003843, "target_rescale": 4.23687249031688},
{"mapping": [11, 7, 0, 8, 4, 10, 12, 9, 1, 3, 6, 13], "R": [[-0.9047665458738746, 0.2615000834419672, -0.33617733984803677], [-0.25314244073392955, -0.9649435410424073, -0.06930272216738004], [-0.3425148203607067, 0.022397967773534505, 0.93924540396687]], "T": [0.11133241303804392, 0.0657599694787749, -0.051952219550793], "aligned_model": [[0.27092106889322365, 0.2837073154573878, -0.4689895626872727, -0.23049437692146663, -0.7701837047296671, -0.3680177300388586, 0.3933938332722187, 0.6571753364698754, 0.13129761608657253, -0.17504980391797426, 0.26865333417999576, -0.03351467696990407], [0.0888575653849353, -0.6142793405731932, -0.5446321449238578, -0.2332045645067103, 0.10499167265973341, 0.32429639640400093, 0.688864736394534, 0.04627617648223728, -0.4202615079997982, 0.21630961773044638, 0.5211563141598827, -0.005296415679276786], [-0.8084009481747914, -0.16485908770271696, 0.15007152316879585, -0.5013373605083112, 0.2163475101840972, -0.4431357549160513, -0.24523041552197178, -0.228133168145919, 0.530330970424893, 0.671926857697177, 0.33492066452404556, 0.00367728636625779]], "inverted": true, "swapped": true, "error_lsq": 0.04635649263657604, "error_max": 0.25471996899696475, "target": "323.xyz", "model": "11.xyz", "model_rescale": 3.890672605050136, "target_rescale": 4.23687249031688},
{"mapping": [12, 7, 3, 4, 10, 2, 0, 5, 9, 8, 11, 6, 1, 13], "R": [[-0.5262404805663461, 0.7365863881597202, 0.42486639004647], [-0.3698452503698335, -0.648175846845723, 0.6656444714295351], [0.7656927891734231, 0.19315425013094603, 0.6135193462835347]], "T": [-0.06631683221193328, 0.05526677482065122, 0.04662735967909404], "aligned_model": [[-0.46440645052418855, 0.10354204298162713, 0.7082814846084575, 0.07820785819555943, -0.7202552334163757, -0.297324134812228, 0.468488068593402, -0.2448950875598334, -0.6715963002662446, 0.48742162595054805, -0.4840019560756359, -0.010366316638413878, 0.28497328565899993, -0.055448288109048116], [-0.3470767552044658, -0.609214316726152, -0.1050563188390178, 0.3057451931424303, 0.2387692978741418, 0.6186016782028421, 0.2987093473893911, -0.7005384258022684, -0.2855811528655255, -0.349785911178359, 0.4033059692265816, 0.1240489086218756, 0.7023074542811829, -0.018819150755749067], [-0.4379100345269707, -0.4599069548260031, -0.43019242726398726, -0.5916752485270604, -0.5349497168169994, -0.3205967496103176, -0.011801842633833715, 0.0895282601743968, 0.3977396946451701, 0.26684790221533905, 0.13130333239560044, 0.6160102728564787, 0.29808690433731055, -0.10417867250389845]], "inverted": true, "swapped": false, "error_lsq": 0.05042822589391135, "error_max": 0.2928458935500249, "target": "323.xyz", "model": "12.xyz", "model_rescale": 4.124412569039231, "target_rescale": 4.23687249031688},
{"mapping": [9, 6, 3, 11, 1, 7, 12, 8, 5, 10, 0, 4, 13], "R": [[-0.3476223772738404, -0.4359409315718047, -0.8301290182849838], [0.08911522071766065, 0.8659750354308609, -0.49208303714613255], [0.9333901436456925, -0.24503620587747135, -0.2621833281393901]], "T": [0.0231337934883164, 0.04947902673129673, 0.09560135018648543], "aligned_model": [[-0.34572556312165675, -0.050797926618723094, 0.5605240272318384, -0.5735988444856186, 0.6790962449113298, 0.24980179304132089, -0.5945057244487622, 0.05507512830506381, -0.013128942670072696, -0.15560176481631297, 0.782481037022301, 0.6035531528266207, 0.1701256903324294], [-0.2198602289010661, 0.55890492990573, 0.605301826103684, -0.3391967548014785, -0.08164967866461087, -0.6180154176575758, 0.38368971568501237, -0.30319586045160046, 0.7667020984498094, 0.226577667443304, -0.17728214952119617, 0.4831718059220508, 0.062337422996414385], [0.44311103683521735, 0.4373990701133119, 0.27153782062295856, -0.20615685215062735, 0.45363448297699815, 0.18497313412605315, 0.2051426558527566, -0.4361622504005098, -0.15677368441018236, -0.5259546599296294, -0.25387948496618445, -0.47502854561083707, 0.009855357908513607]], "inverted": false, "swapped": true, "error_lsq": 0.04563850055116599, "error_max": 0.2619773139656286, "target": "323.xyz", "model": "13.xyz", "model_rescale": 3.9028299243045295, "target_rescale": 4.23687249031688},
{"mapping": [0, 3, 7, 6, 2, 1, 9, 4, 5, 10, 12, 13, 14, 15], "R": [[0.6117955179799432, -0.1553386176246669, -0.7756134076033695], [0.007984527557271942, -0.9792654584780875, 0.20242383543295522], [-0.7909756579689037, -0.13003490187699035, -0.5978699129363354]], "T": [-0.1703802978302061, 0.04261839319576699, -0.0979010677275469], "aligned_model": [[-0.6107221027150772, -0.07242791431001828, 0.6766994851051579, 0.11429781620613202, -0.7392627031666836, -0.25096485752233666, 0.5243840009468687, -0.04116373229186776, -0.3701057182443635, 0.36252026364889944, -0.5295602940536746, -0.18269160891151862, 0.3618602501034137, -0.06024228620830596], [-0.6005502565101886, -0.32086648048506533, -0.24297894774607665, 0.2532122753741549, 0.13000981512042736, 0.6011587127179959, 0.36312014480196236, -0.6176798107869116, -0.1933353788858234, -0.2325522766363557, 0.4735690253474756, 0.131042994273633, 0.46999087109213095, 0.06127512968954902], [-0.38012366099548633, -0.5948653747014928, -0.24459106747632037, -0.662716834528533, -0.5571235822326113, -0.41998428050033, -0.22210514505926132, -0.016214870053559496, 0.31018888257264066, 0.3444231302182235, 0.3138167627362769, 0.6924664881215739, 0.4652360532785136, -0.12010178146441003]], "inverted": true, "swapped": false, "error_lsq": 0.04189918297232482, "error_max": 0.23659712281060616, "target": "323.xyz", "model": "14.xyz", "model_rescale": 3.942246331269136, "target_rescale": 4.23687249031688},
{"mapping": [13, 4, 10, 3, 12, 1, 5, 11, 8, 9, 0, 7, 2, 14], "R": [[0.8341180274492054, 0.322211821436547, -0.4476903599708055], [-0.34134663190376585, -0.3360197016039243, -0.8778230100777517], [-0.4332777321444082, 0.8850255941273971, -0.17029417067899308]], "T": [-0.014318487411797053, -0.06311752464110347, -0.09077990420449206], "aligned_model": [[-0.5679176993829617, 0.1174820370647556, 0.5412917956227061, 0.07788429827716686, -0.6310159184618477, -0.226373480885908, 0.3083862954962796, -0.2014741516882935, -0.5659510049295305, 0.6417790959739634, -0.38910894206248686, 0.02442617408975651, 0.11724311181831013, -0.06403101234528438], [-0.44194881494071697, -0.379826896826381, -0.49956538231388986, 0.2506358046844022, 0.19496621639949047, 0.6440342507539937, 0.4773326668062788, -0.7521778651722351, -0.25130924497570406, -0.055574393926915586, 0.4149614833137843, 0.09610117080988238, 0.5599625258139984, 0.017824296940920012], [-0.5500669740204751, -0.5661616163478155, -0.18983038104491978, -0.7307841425881156, -0.5610493156161933, -0.42486145424710536, -0.17174144965573146, -0.02536103007099609, 0.418264659956979, 0.37574058664961313, 0.32357508867462953, 0.7483433086510785, 0.3300653345381729, -0.06782789496389632]], "inverted": false, "swapped": false, "error_lsq": 0.04868295232275737, "error_max": 0.34975824356480356, "target": "323.xyz", "model": "15.xyz", "model_rescale": 4.355366556412066, "target_rescale": 4.23687249031688},
{"mapping": [7, 8, 0, 6, 1, 9, 3, 12, 4, 11, 5, 13], "R": [[0.9059880361897278, -0.3620570681461685, -0.21931793744808376], [-0.3332449454960919, -0.9295275505085915, 0.15788077510198925], [-0.2610239157287846, -0.06995149927556132, -0.9627945280103715]], "T": [-0.09175450553430106, 0.008414438730505973, 0.06530986021758842], "aligned_model": [[-0.26940707131503316, 0.3908434604469496, 0.2076147109886747, -0.36531133246261827, -0.4796173897251583, -0.4608628852196759, -0.21026281228159968, -0.1432565363330723, 0.5139011779836319, 0.17390420571854517, 0.2490322722743701, -0.008769245443232848], [-0.6778227945386534, -0.39209721606428705, -0.5381849894379672, 0.5446281923734757, -0.32240779148107473, -0.050132522918680394, 0.32786301043789745, 0.5678636174987033, 0.10658114543603885, -0.15108302235044677, 0.6454404318804823, -0.0478716330945077], [0.11463081542451159, 0.187219537572942, -0.5361657076830538, -0.07414552424381349, -0.4966405239770223, 0.5008498689718985, -0.6506435464512493, 0.5006704160500246, -0.6232676794332243, 0.7739724922897034, -0.17443862225679693, -0.07278306505449905]], "inverted": true, "swapped": true, "error_lsq": 0.04022469805803684, "error_max": 0.22613081737223953, "target": "323.xyz", "model": "16.xyz", "model_rescale": 3.795458400668931, "target_rescale": 4.23687249031688},
{"mapping": [1, 2, 6, 0, 5, 9, 7, 4, 8, 11, 12, 10, 13], "R": [[-0.12378813697372543, -0.7850109915671085, 0.6069878419403468], [-0.668745043166122, -0.38591977265500155, -0.6354887853571088], [0.73311429148893, -0.4845860833667607, -0.4771999197631399]], "T": [-0.0769849704540028, 0.13138268610400222, -0.0689073654406745], "aligned_model": [[-0.09944735385765355, -0.01642185172020194, 0.4464713585908672, -0.24006185087649287, 0.6076419534162923, -0.3586486436174108, -0.7032368182833174, 0.3740375821819868, -0.46595394618550545, -0.5572200256555566, 0.18947198079234526, 0.02588270270538212, -0.0538832865865127], [-0.3581704454270566, 0.3989255143629104, 0.3653931014363606, -0.7187333517392067, 0.13157770300752053, 0.5780907564688518, -0.10069705859961897, -0.5793769834824785, -0.11990271180739004, 0.5442397041412224, 0.7715677775814631, 0.0860143718618793, -0.035147112333971275], [-0.6481330312838294, -0.7636469445449179, -0.2992091859048125, -0.03933753739729792, 0.2638132618234093, -0.2935878429838471, -0.3115225880970076, 0.3079133963248944, 0.3712416281325121, 0.3750972420400878, 0.08710032077392182, 0.5921540234919829, -0.0396077115388001]], "inverted": true, "swapped": true, "error_lsq": 0.042908073951504526, "error_max": 0.2359054450767421, "target": "323.xyz", "model": "17.xyz", "model_rescale": 3.7474275329858107, "target_rescale": 4.23687249031688},
{"mapping": [2, 6, 4, 9, 7, 12, 5, 0, 1, 8, 11, 3, 10, 13], "R": [[-0.227714550094945, -0.8868797288087695, 0.4019831219132718], [-0.7537336854011589, 0.42190750479535566, 0.5038646533434785], [-0.6164670430498645, -0.18825090710389808, -0.7645456041387696]], "T": [-0.10147967973022679, 0.049592603462220906, -0.05057419511354699], "aligned_model": [[-0.4576685429782038, 0.08353766636854532, 0.6118034927540702, 0.036913916014586184, -0.7225463803406589, -0.08594629363915762, 0.4950878281322507, 0.017400201335931786, -0.6299080271439266, 0.44581687539335346, -0.5386988999997404, -0.15023952945715266, 0.1930945434706944, -0.11602625132396598], [-0.47066723577577557, -0.4114615588350798, -0.29401908102458135, 0.10837508487817915, 0.3338993319952323, 0.6996553547471283, 0.4298337159073558, -0.7666722371253213, -0.25120862971897406, -0.13342714572663675, 0.497186237100686, 0.03297246445830495, 0.5509496065227822, -0.05000009003639199], [-0.37659860705819037, -0.6406559288854315, -0.30034198358012376, -0.7025833962690821, -0.3681668895194882, -0.4199169310945627, -0.20138481025562788, 0.08625297572309443, 0.2792750379854179, 0.3781736368056471, 0.31030799391673514, 0.6261350698912499, 0.32132169484917183, -0.083513142593585]], "inverted": false, "swapped": false, "error_lsq": 0.03651121178655371, "error_max": 0.193204112005636, "target": "323.xyz", "model": "18.xyz", "model_rescale": 3.922800546911778, "target_rescale": 4.23687249031688},
{"mapping": [7, 13, 8, 4, 11, 10, 6, 12, 3, 5, 2, 0, 1, 14], "R": [[0.788642649222353, 0.6097151548809994, 0.07931079205245195], [-0.45686360719318064, 0.49477631216801166, 0.7392374756056793], [0.4114831907259195, -0.6192284157125391, 0.668758366619929]], "T": [-0.02051142503593295, 0.025240148249852382, -0.07605696606186747], "aligned_model": [[-0.6676161181881951, -0.010981854316917755, 0.5527058009077556, 0.10129696820063588, -0.4541313129534651, -0.31250018528948054, 0.3985868001131123, -0.06485387182634185, -0.4242562613255077, 0.3710043690646053, -0.4156979520483192, -0.13402860424516236, 0.34955646922546135, -0.106463648731555], [-0.4187711409836809, -0.37517711389646585, -0.12743997035007615, 0.28597701917054924, 0.05168047156847033, 0.6904315427582547, 0.528633794093527, -0.7506659207046446, -0.25654452528802485, -0.3575455613900698, 0.5343034525334373, -0.009211570910689245, 0.4973084730249891, -0.017563132258668405], [-0.2254574687121177, -0.6340793224933489, -0.22606179027546686, -0.740170012592181, -0.6404312344990442, -0.4265760380406532, -0.2922034139027813, 0.04484615275122271, 0.3322771477637614, 0.45566119579740266, 0.2366907339897123, 0.7512093542655957, 0.3577451481754644, -0.08514573231234138]], "inverted": true, "swapped": false, "error_lsq": 0.04579224008322232, "error_max": 0.33428934807939176, "target": "323.xyz", "model": "19.xyz", "model_rescale": 3.9282355846067225, "target_rescale": 4.23687249031688},
{"mapping": [12, 9, 8, 11, 10, 0, 4, 7, 2, 6, 1, 5, 3, 13], "R": [[0.5139371178120284, -0.8112122364665795, 0.27893251216370546], [0.8033684142443489, 0.5691653828742269, 0.17507129385526024], [-0.3007787059111487, 0.1341099338025535, 0.9442175044585275]], "T": [0.01825672374932894, -0.062050251984119925, -0.05428526656625904], "aligned_model": [[-0.37661449243209244, 0.08379151265333959, 0.6725209550167324, 0.0006025004035019946, -0.7412169140243334, -0.10460629713004288, 0.46366362163461894, -0.1984446954131868, -0.7197439499409694, 0.43041001813212676, -0.3951450556496969, -0.0734337397261533, 0.23363039374019307, -0.09279325867741153], [-0.6685446734443676, -0.37841023156203757, -0.25565165061673406, 0.29266991233856554, 0.05355063160006547, 0.7038301360509748, 0.3445654305875543, -0.6062977750177926, -0.0698843497010086, -0.2292772301825897, 0.48132106322629664, 0.01547421735496951, 0.5383584321424066, 0.05371190459060493], [-0.5004193099170997, -0.6658785791544126, -0.39055657557098955, -0.676559406111602, -0.44424754452768006, -0.25057305915776557, -0.24308205399333996, 0.15768856432870365, 0.31178828192571534, 0.42426342870840106, 0.25449844236741154, 0.6336631092657765, 0.34506253102585976, -0.04734310927375321]], "inverted": true, "swapped": false, "error_lsq": 0.045984417741455716, "error_max": 0.33383088086238677, "target": "323.xyz", "model": "20.xyz", "model_rescale": 4.067790424073018, "target_rescale": 4.23687249031688},
{"mapping": [13, 5, 4, 1, 10, 7, 8, 6, 11, 2, 12, 3, 0, 14], "R": [[-0.5963441528061498, 0.04029554634440391, -0.801716857973388], [0.7511649666345445, 0.38019422567624855, -0.5396327859418493], [0.2830633220939076, -0.9240284734288462, -0.2569952061380074]], "T": [-0.05194376357370671, 0.01338350077884718, -0.0783369458771635], "aligned_model": [[-0.4876676412493227, 0.15376035790439802, 0.65561962400571, -0.19301641630621674, -0.7906630679688114, 0.12207410250211241, 0.38021280088895487, 0.06584738080274578, -0.5881534431675061, 0.4610372037399017, -0.5919238465989485, -0.19210192538950654, 0.31247352488807684, -0.12487805546496165], [-0.34906786598965267, -0.264958448869237, -0.3554763197237, 0.3403792503671713, 0.10969939864526593, 0.6883114734020549, 0.20073413751065597, -0.6558183560755713, -0.23739334209223892, -0.09497663392005959, 0.39990147189240294, -0.04624590194921757, 0.5073171538295036, 0.03300980033953055], [-0.4893080083963743, -0.5565395120882937, -0.15429074836425022, -0.8175780348873736, -0.41937046136481576, -0.34452103868875705, -0.39975309269164566, 0.21466650765957496, 0.18170614395349033, 0.4497071241785104, 0.30381385529954585, 0.7586487413705516, 0.27899709360851704, -0.09787384967345607]], "inverted": false, "swapped": false, "error_lsq": 0.048266187379820115, "error_max": 0.2947117281031491, "target": "323.xyz", "model": "21.xyz", "model_rescale": 4.186013935880536, "target_rescale": 4.23687249031688},
{"mapping": [2, 1, 7, 12, 5, 9, 6, 3, 8, 0, 4, 10, 13], "R": [[-0.16217253790567104, 0.06260891528775098, -0.9847741830875368], [0.8176768760210924, 0.5671713712089093, -0.09859595377799868], [0.5523627380350898, -0.8212166336646483, -0.14317348295994564]], "T": [0.15538715709250778, -0.05535559592592369, -0.019290483343035566], "aligned_model": [[0.08460238888695096, -0.36392597512810726, 0.3053259572467424, 0.492996326944089, -0.16690718802490084, 0.5770923451145491, -0.08041268909070376, -0.6070954828400144, 0.36191945091736827, -0.3365798612352339, -0.5111873738425454, 0.27069637043912265, 0.03204976603590849], [-0.5383742787952962, 0.08716705128604334, 0.39733395396080373, -0.6090052194130985, -0.3469246645928027, -0.2821419049998278, -0.6228405038648067, -0.2685566459088901, 0.5207257763912658, 0.6521763745329229, 0.3109320207176348, 0.15985976939092256, 0.05860493084122212], [-0.5846157062605202, -0.5537718814911771, -0.5460779724765303, 0.2716851156685851, 0.6056342417469313, -0.33567086565197257, 0.0452513109597375, 0.023679568348941003, 0.16414074601874873, -0.10608152616091926, 0.5023476230073793, 0.6052320013641954, 0.0111269062619473]], "inverted": true, "swapped": true, "error_lsq": 0.039422817946306594, "error_max": 0.2284734558109243, "target": "323.xyz", "model": "22.xyz", "model_rescale": 4.166573947596378, "target_rescale": 4.23687249031688},
{"mapping": [14, 12, 2, 6, 13, 5, 1, 9, 10, 4, 7, 8, 0, 15], "R": [[-0.17756060754106628, 0.35794071670083677, 0.9167064273677473], [0.8120639129725293, -0.47289442454884506, 0.3419401475088313], [0.5558996599183993, 0.8051393087896705, -0.20670331769059724]], "T": [0.011542166441930811, -0.16044775124450422, -0.07418769940970511], "aligned_model": [[-0.6538474776931394, -0.059142765003643356, 0.6514642644598115, 0.28205116451506257, -0.692668938344627, -0.24440585877504487, 0.39655158592162826, -0.18104702171063644, -0.709221780738424, 0.5420836879125822, -0.3751668823766416, 0.0071452249493947, 0.18701625007795045, 0.03180914539235305], [-0.4496277770544737, -0.469338122128476, -0.10133892234637948, 0.12568939402299817, 0.21005890811983935, 0.5915768285230554, 0.42263469473756615, -0.6701526506937838, -0.029320376516163205, 0.032615235416415894, 0.3660161785270453, -0.18326681514891746, 0.5272270583205974, -0.0973578164124169], [-0.38979710575019416, -0.6477482755225634, -0.27372489895850544, -0.7253850950022387, -0.36336701083725936, -0.31916039383563793, -0.21519007161178533, 0.17792236854917082, 0.08152414068579415, 0.39603128206782484, 0.216813142275586, 0.7342299509723382, 0.3296290475185457, -0.09347236063585061]], "inverted": true, "swapped": false, "error_lsq": 0.049097029782075925, "error_max": 0.3106763592398373, "target": "323.xyz", "model": "23.xyz", "model_rescale": 4.274766983524099, "target_rescale": 4.23687249031688},
{"mapping": [0, 10, 11, 7, 9, 2, 1, 6, 3, 5, 13], "R": [[-0.6209846568857428, 0.40825485648638454, -0.6691083829005415], [-0.19259836586421625, 0.748001450389889, 0.635137543907661], [0.7597920277147752, 0.5232798509114449, -0.3858682058049954]], "T": [-0.11023246087835623, 0.17341209689543902, 0.004909782210862381], "aligned_model": [[0.37425391487229176, 0.20824496256826677, -0.556019235975832, -0.4396287885536565, -0.6733143588549027, -0.48549271307844477, 0.01616768487464562, -0.006800980327420075, 0.4686645407620911, 0.4455323414532675, 0.028287336217768078], [-0.3107654927840835, 0.6994548533596877, 0.678857990564663, -0.26445874131798147, 0.19377895367457373, -0.22554468666826616, -0.5737350360026633, 0.21256268596069852, -0.16557502317142225, 0.5636914035221956, 0.10731962410608112], [-0.5251946743080504, -0.26247262405826294, -0.37458371809221624, -0.4475078560750623, 0.11394101266382373, 0.5127713450847524, 0.04316372563177226, 0.6128369913544691, 0.42757617923716185, 0.3487478633405273, -0.06971181075733744]], "inverted": false, "swapped": true, "error_lsq": 0.058439738895528344, "error_max": 0.3061002355181969, "target": "323.xyz", "model": "24.xyz", "model_rescale": 3.7841303162186577, "target_rescale": 4.23687249031688},
{"mapping": [4, 3, 11, 12, 2, 9, 14, 6, 1, 7, 8, 0, 10, 15], "R": [[-0.518647414290359, -0.7830193005457935, -0.3433447751498504], [0.7839545063570372, -0.5957869007260008, 0.17450874157417098], [-0.3412040322335289, -0.17865817612436066, 0.9228548447570171]], "T": [-0.03487936649270683, 0.047621813544955614, -0.07028663150868267], "aligned_model": [[-0.5521658781584505, 0.06015604773506135, 0.647838956033902, -0.018799616926888377, -0.6562674543229366, -0.1035076536440079, 0.38158377758417317, 0.023412653184972827, -0.6152367810129883, 0.2972624376868333, -0.536879921369127, -0.1889759920480667, 0.4695797113500235, -0.02537968750587525], [-0.4474476697224456, -0.534371290773107, -0.30340053649777077, 0.29323272889056085, 0.2780610008456479, 0.594447545990335, 0.6199721010275955, -0.6709809816585396, -0.17483903615232702, -0.14622760913951802, 0.2525057174262955, 0.022573067256535996, 0.5123823720911725, -0.02049159221752756], [-0.2801084951082374, -0.6191529032014624, -0.08060995556738718, -0.7876349613632452, -0.43024170257465466, -0.26627766463105973, -0.4284382200221234, -0.02297367968099004, 0.33804269093400097, 0.4540317673116482, 0.16524640751763148, 0.6487104057963557, 0.2968288370826986, -0.07911780657795026]], "inverted": true, "swapped": false, "error_lsq": 0.03976087858111116, "error_max": 0.27474954090531967, "target": "323.xyz", "model": "25.xyz", "model_rescale": 4.19342608120988, "target_rescale": 4.23687249031688},
{"mapping": [7, 8, 0, 6, 1, 9, 3, 12, 4, 11, 5, 13], "R": [[0.9059880361897278, -0.3620570681461685, -0.21931793744808376], [-0.3332449454960919, -0.9295275505085915, 0.15788077510198925], [-0.2610239157287846, -0.06995149927556132, -0.9627945280103715]], "T": [-0.09175450553430106, 0.008414438730505973, 0.06530986021758842], "aligned_model": [[-0.26940707131503316, 0.3908434604469496, 0.2076147109886747, -0.36531133246261827, -0.4796173897251583, -0.4608628852196759, -0.21026281228159968, -0.1432565363330723, 0.5139011779836319, 0.17390420571854517, 0.2490322722743701, -0.008769245443232848], [-0.6778227945386534, -0.39209721606428705, -0.5381849894379672, 0.5446281923734757, -0.32240779148107473, -0.050132522918680394, 0.32786301043789745, 0.5678636174987033, 0.10658114543603885, -0.15108302235044677, 0.6454404318804823, -0.0478716330945077], [0.11463081542451159, 0.187219537572942, -0.5361657076830538, -0.07414552424381349, -0.4966405239770223, 0.5008498689718985, -0.6506435464512493, 0.5006704160500246, -0.6232676794332243, 0.7739724922897034, -0.17443862225679693, -0.07278306505449905]], "inverted": true, "swapped": true, "error_lsq": 0.04022469805803684, "error_max": 0.22613081737223953, "target": "323.xyz", "model": "26.xyz", "model_rescale": 3.795458400668931, "target_rescale": 4.23687249031688},
{"mapping": [12, 10, 11, 9, 7, 3, 5, 2, 4, 8, 1, 0, 13], "R": [[0.6155532777859183, -0.12359787865091072, -0.7783429363718841], [0.41138833953872306, 0.8927817682356993, 0.18357654642549048], [0.6722007113196062, -0.43320235306255284, 0.6004014698536995]], "T": [-0.10745195494177402, -0.12508041169264034, -0.1506204232503987], "aligned_model": [[-0.006439024469394136, 0.4236086622788668, 0.5552561278023593, -0.1201732112872458, -0.06908351390699952, -0.6948376864055039, -0.12295989794506397, -0.7130112450805612, -0.07144456700008563, 0.4238464908227842, -0.672500530577634, -0.11879780168108113, -0.11378741972918469], [-0.8011916425121433, -0.302078134381098, -0.21863653264152483, -0.2245150423489339, 0.49986260989550163, -0.1776718707010975, -0.6363631100474083, -0.20896144958807938, 0.027069049068568996, 0.21278442569358486, 0.3764099288303933, 0.5988339156726392, -0.023660643683488358], [-0.345157432101297, 0.21855247534361222, -0.5382826039564398, -0.7156998563934373, -0.4866094313693476, 0.379373001394567, 0.4130874663463098, -0.5797731427870149, 0.7583067173930309, -0.04226145954764585, -0.0806436787886679, 0.3247584149977136, -0.013513808431957375]], "inverted": true, "swapped": true, "error_lsq": 0.04219667047095206, "error_max": 0.2559370778727041, "target": "323.xyz", "model": "27.xyz", "model_rescale": 3.6321398670334006, "target_rescale": 4.23687249031688},
