[{"mapping": [3, 1, 2, 5, 11, 12, 0, 7, 4, 6, 13], "R": [[0.603265595622267, 0.5656975593082882, -0.562189374260273], [0.7724790811425366, -0.5897719882732477, 0.2354677707148114], [-0.19836000185444172, -0.5763291362067913, -0.7927786806060314]], "T": [-0.11727508513511825, -0.1274627778089843, -0.054903568777548165], "aligned_model": [[0.16496892775795613, -0.2510893385853904, 0.6473418245431581, -0.634019927491692, -0.6740786893701962, -0.33115556212854447, 0.35001422264785004, 0.04551005797347091, 0.4783645679504876, 0.14671007226130933, -0.12401981136219774], [0.06967392595873628, -0.4837096632993348, -0.08566660806817886, 0.27672809089644185, 0.08983916117084406, -0.6508625285308067, -0.7250110097165683, 0.05176699909563487, 0.4532530476932003, 0.5781788468153258, -0.09651098254563478], [-0.44819194009221647, -0.48875379129096724, -0.1247054816363224, -0.43174009831606075, 0.305389998289246, 0.06930452467454788, -0.19628690568986384, 0.661177548645126, 0.4156139763729551, -0.1850112874555767, 0.10489742400252396]], "inverted": true, "swapped": false, "error_lsq": 0.0522002390373403, "error_max": 0.27611736238400597, "target": "324.xyz", "model": "0.xyz", "model_rescale": 3.8414455957264533, "target_rescale": 3.6502562985902385},
{"mapping": [0, 13, 7, 11, 12, 8, 9, 6, 5, 1, 14], "R": [[-0.2259207571364666, -0.8634194367909926, 0.451072818585216], [-0.4927494599953645, -0.2981507035964593, -0.8174987019067452], [0.8403319470121096, -0.40695581346930254, -0.35809102853098096]], "T": [0.11823727265741234, 0.008741535114489232, 0.04155015459401577], "aligned_model": [[0.26032302529741624, -0.2534567518490578, 0.5838119228857431, -0.5560791919726409, -0.6421276644136302, -0.41464609208547587, 0.29154096864040346, 0.3078344698180687, 0.29409342405376443, -0.1271692139812533, 0.07442144780287406], [0.14002259280993684, -0.45140415715165666, -0.2624996350557965, 0.2460304017440318, 0.02688162262356987, -0.5205173673753112, -0.6490086374457569, -0.2542668662518451, 0.33348753876374965, 0.7818650616873968, 0.08708872512134098], [-0.6570872995223915, -0.432745633574531, -0.3086261935572313, -0.4224074958790281, 0.10324005299874171, 0.28695335591005644, -0.011743554688065275, 0.7521179961286515, 0.5873866063928962, -0.2593710313399083, 0.043977164634201024]], "inverted": false, "swapped": false, "error_lsq": 0.04851631436521366, "error_max": 0.25859716570830665, "target": "324.xyz", "model": "1.xyz", "model_rescale": 4.316132596720782, "target_rescale": 3.6502562985902385},
{"mapping": [0, 4, 5, 2, 8, 6, 3, 10, 9, 1, 11], "R": [[-0.40873708172728995, 0.1018208002646474, 0.9069545317459555], [0.7277875820783279, -0.5632638057457149, 0.39122770928122474], [0.5506897796342688, 0.8199795178968315, 0.15612289017322256]], "T": [0.07396147093942598, -0.02819389205981064, 0.04541555779321821], "aligned_model": [[0.20914281303271423, -0.13283465752884707, 0.6346838011209349, -0.5638244635162736, -0.6207703815306992, -0.45419433901449535, 0.3038532081622017, -0.12339526926515182, 0.6099690949742248, -0.05759874277695862, 0.013515280538561124], [0.24228418116123351, -0.483782779364896, -0.13694456002622962, 0.21627632411494346, 0.17452118236809688, -0.6465017691294239, -0.6413954327787899, -0.05643445326337104, 0.4412391312120039, 0.49814382619622105, -0.12972637102012846], [-0.5968318051775718, -0.5411028631889285, -0.2537894598279353, -0.43851503326188407, 0.2969913268489991, 0.16724647572908205, 0.09179085785343866, 0.643319050330283, 0.2510364926964183, 0.06147108371860051, 7.784178288941512e-05]], "inverted": false, "swapped": false, "error_lsq": 0.05131516094802595, "error_max": 0.2667670606827656, "target": "324.xyz", "model": "2.xyz", "model_rescale": 3.795458400668931, "target_rescale": 3.6502562985902385},
{"mapping": [8, 7, 1, 9, 5, 4, 0, 10, 2, 3, 11], "R": [[-0.6508681465398379, -0.7408182706695534, -0.16600887223870958], [-0.2198293405746845, -0.025395192287007207, 0.9752077446530074], [-0.7266675421692476, 0.6712252781673811, -0.14632467019209894]], "T": [0.05559764323409533, -0.04783176353932232, 0.005875359357194385], "aligned_model": [[0.170751926131798, -0.14685248583722033, 0.6261311119704045, -0.640493523663405, -0.517259359410209, -0.3525365944980967, 0.32666220600243556, -0.0568195391631804, 0.6096744126744413, -0.24383133370684185, 0.04311952369608525], [0.36855776240033594, -0.4997313107320726, -0.13219644183052826, 0.1555012350999933, 0.26662084948393316, -0.46862384946263, -0.7721837435460149, -0.10907122244452165, 0.19726957658132793, 0.6546122295685955, -0.18307580564875842], [-0.6452177145188819, -0.5755909260815804, -0.2464002916045809, -0.4723164660004682, 0.26429173699888764, 0.2653270846138797, 0.12439183942361054, 0.7288019401211188, 0.47560887748485475, -0.22647082600136978, -0.010731286932078778]], "inverted": false, "swapped": false, "error_lsq": 0.05563166404922327, "error_max": 0.2886597312965199, "target": "324.xyz", "model": "3.xyz", "model_rescale": 3.7530521520055578, "target_rescale": 3.6502562985902385},
{"mapping": [1, 0, 2, 7, 8, 6, 4, 9, 3, 5, 10], "R": [[0.741732335687035, -0.1109510216564123, -0.6614552237224033], [-0.12860951299662948, 0.9443917164092764, -0.3026282854333201], [0.6582497515100373, 0.3095386191914341, 0.6862165167540307]], "T": [0.028337651784921314, -0.006924781224457499, 0.019867548991949004], "aligned_model": [[0.36358050570782025, -0.17016650494146138, 0.6408137518622812, -0.47139590412903754, -0.8440414185718551, -0.42047329399964967, 0.21037052416632035, -0.013387164411489627, 0.6560778806689074, -0.1486852118109442, 0.015853179655319932], [0.3125999275568039, -0.5610185987322319, -0.20440914396455453, 0.14406081711668103, 0.03190068965328921, -0.5828996378049995, -0.714114720662862, 0.08242803872132845, 0.3456140857657058, 0.6903431762692105, -0.06682535444871118], [-0.6207899727633428, -0.5578837183644606, -0.1974546457654568, -0.27444633573074917, 0.3008067460945752, 0.134572571422974, 0.10022504609865124, 0.5561873063422799, 0.2683194304428125, 0.026195519206712054, -0.05403797948060418]], "inverted": false, "swapped": false, "error_lsq": 0.054678140435259134, "error_max": 0.28991702369965033, "target": "324.xyz", "model": "4.xyz", "model_rescale": 3.7855080009869324, "target_rescale": 3.6502562985902385},
{"mapping": [7, 6, 8, 4, 1, 11, 13, 14, 9, 5, 16], "R": [[-0.7626210642137458, -0.6468105405455474, 0.006725849884628321], [0.04334658863352664, -0.040727658987339266, 0.9982295983626446], [-0.6453914979850057, 0.7615624612811398, 0.05909680106471604]], "T": [0.03937447850944473, 0.017034683598002656, 0.07859662220575736], "aligned_model": [[0.09841477232150478, -0.13466571465211336, 0.5821133931446678, -0.5000185423199995, -0.7029344251648656, -0.4158397556020528, 0.20164400774835997, 0.22763384182042626, 0.4573173503400796, -0.051057336502392844, 0.055938753062597026], [0.2226655288434557, -0.3476616528898976, -0.2817526236829389, 0.15410886173253818, 0.01381035139986975, -0.6322987420398936, -0.6889821615142596, -0.12359645807512597, 0.3973863229551735, 0.7425990201069805, 0.021400832633757808], [-0.6394560715891581, -0.4340276665121635, -0.25527534354159953, -0.4085035960600285, 0.22715985519793896, 0.018744039036964096, 0.08734037275726461, 0.7130087064619807, 0.511690613821107, -0.26850815309883963, 0.12952121102992484]], "inverted": true, "swapped": false, "error_lsq": 0.04405791520715477, "error_max": 0.24177482923789584, "target": "324.xyz", "model": "5.xyz", "model_rescale": 4.2253639853439635, "target_rescale": 3.6502562985902385},
{"mapping": [8, 10, 11, 1, 4, 2, 5, 6, 7, 0, 13], "R": [[-0.4175152006552627, -0.4760346695965493, -0.7739974486804849], [-0.8511870008952037, -0.09325907160127878, 0.5165108276416824], [-0.31805934466514907, 0.8744676888863141, -0.36625744274349464]], "T": [0.0291273634792725, 0.03414245627696823, -0.05464443578808746], "aligned_model": [[0.19931527822457096, -0.3796172388413612, 0.7637322055623673, -0.5247790320461951, -0.6487182756010709, -0.26818680198428757, 0.1811679229437975, 0.31701003169389497, 0.3030665708571033, -0.1351623143361386, 0.010717997723530631], [-0.12952793974393384, -0.5144315598061066, -0.22258585695068456, 0.2597719268681293, 0.06192635045225987, -0.4874347362935394, -0.5762711038142292, -0.20013817547040996, 0.4465832446586108, 0.8046263215592189, 0.035160808010344734], [-0.7547251102390388, -0.42948690048675603, -0.054941064417581106, -0.4800675533487145, 0.14701036085891217, 0.24491045274188933, -0.12549794935791048, 0.4706689212216006, 0.5652274241694739, 0.0951092433975352, 0.003486142963980872]], "inverted": true, "swapped": false, "error_lsq": 0.061772417787321905, "error_max": 0.34958087831611806, "target": "324.xyz", "model": "6.xyz", "model_rescale": 3.89814844738969, "target_rescale": 3.6502562985902385},
{"mapping": [11, 10, 7, 9, 5, 2, 4, 0, 3, 8, 12], "R": [[0.4300903097969727, -0.8463773574955766, 0.3141141418935944], [-0.8975451851243081, -0.3634405297843503, 0.24964699471502255], [-0.09713375355104842, -0.3893023889329165, -0.9159741720661171]], "T": [0.03207131333309694, -0.04839000819571751, 0.05292620893002589], "aligned_model": [[0.23372003127093915, -0.45010636653511527, 0.6878598715056314, -0.6385671452688685, -0.7243834522472437, -0.2502388518544436, 0.2820002939652679, 0.15267481126940213, 0.4208872021114113, 0.14425111538176, -0.03955116540252966], [0.07688012620316623, -0.4124922509510841, -0.03268928777034066, 0.34482680952908906, 0.03299833983189654, -0.6885006816622019, -0.5953620849525215, -0.13437372715261908, 0.4995568149834353, 0.5618611248849743, -0.17502590347413405], [-0.721015363286327, -0.3640125214723515, 0.08406354815592276, -0.3870402342641911, 0.20696752955847306, 0.1629586626290768, -0.1791359385063597, 0.6265741705128917, 0.501210070195759, -0.21669578368331513, -0.032180172336187585]], "inverted": false, "swapped": false, "error_lsq": 0.05708017709657955, "error_max": 0.33810047810220256, "target": "324.xyz", "model": "7.xyz", "model_rescale": 3.7474275329858107, "target_rescale": 3.6502562985902385},
{"mapping": [8, 13, 9, 2, 1, 12, 11, 10, 6, 3, 14], "R": [[0.4411279658735297, 0.4175195580609806, -0.7944076638356693], [0.31550707346824947, 0.7565327217957389, 0.5728119477139353], [0.8401555833985649, -0.5033246064806438, 0.20199736680294236]], "T": [-0.007488359549481601, -0.04916421618300466, -0.0032333315184809343], "aligned_model": [[0.17659090274865272, -0.37862470719724023, 0.6658281277402524, -0.546686791627465, -0.7235617920734796, -0.269181544863272, 0.3410386395532098, 0.19766528487257815, 0.3604383815058868, 0.04777466507092029, -0.05273482153383192], [0.22815646261040445, -0.7366592271231465, -0.23606515515059978, 0.36935756876817055, 0.14099053839774106, -0.5700595069163387, -0.5581951521583083, -0.24057062948159064, 0.47362043316476415, 0.6652461454358248, -0.05814219807726136], [-0.5985638129839121, -0.44789078403633237, -0.30663634245483196, -0.4958732225299305, 0.12278979569826567, 0.19882456031332388, 0.07355464088896087, 0.7014218514020595, 0.5049636991895418, -0.029660028362210048, -0.04123638962154333]], "inverted": true, "swapped": false, "error_lsq": 0.043057020096273074, "error_max": 0.24315190760063443, "target": "324.xyz", "model": "8.xyz", "model_rescale": 4.019505241142653, "target_rescale": 3.6502562985902385},
{"mapping": [11, 6, 5, 10, 1, 2, 3, 0, 7, 9, 12], "R": [[0.7238675889486904, -0.6306429672275968, 0.2798305943887872], [-0.4241042767733969, -0.08680648441087838, 0.9014433962744072], [-0.5441978280847174, -0.7712030096872003, -0.33029478009390356]], "T": [0.009270547338256736, -0.02312280938654656, -0.03563595248629136], "aligned_model": [[0.25821586704130167, -0.2671403364407746, 0.4725337447515361, -0.7801726707548278, -0.5618048964097595, -0.19218426091455268, 0.39939841875537274, 0.0945160260505131, 0.40797331115530966, -0.052663287115015875, 0.03987442807710848], [0.21742485361260216, -0.3735385530880887, -0.3998804444797184, 0.18037268634883652, 0.18279320649917183, -0.5551351673828865, -0.7395417021825884, -0.10313561229282203, 0.4515433843921414, 0.6475707690863343, -0.030794141043322065], [-0.5527554489439148, -0.6091058016165548, -0.3421740634339885, -0.4522277753057433, 0.2606354334427505, 0.1266938765275289, 0.23455846220470544, 0.6038773294721754, 0.6241459059214647, -0.15257348014785524, -0.05938047061717695]], "inverted": false, "swapped": false, "error_lsq": 0.052066081185726816, "error_max": 0.3121379302111728, "target": "324.xyz", "model": "9.xyz", "model_rescale": 3.877068213659057, "target_rescale": 3.6502562985902385},
{"mapping": [8, 1, 11, 7, 4, 5, 12, 6, 14, 2, 15], "R": [[0.2616869418923717, 0.961766903767889, 0.08077355544822212], [-0.7705660037197167, 0.15780127862322926, 0.6175166316596662], [0.5811608885278192, -0.22383739473466557, 0.7823994135759264]], "T": [0.041303525862568004, -0.0019861127309450805, 0.10239403789847812], "aligned_model": [[0.1959244073185529, -0.4684078177584865, 0.6506112435522542, -0.48142841292436, -0.6274226951069148, -0.3540785937886494, 0.30819974900541997, 0.24779324204202569, 0.4401363299932198, -0.15481532947790777, 0.062034221341057294], [0.16131763429576185, -0.3879994277478144, -0.26286147914245106, 0.2653111277561675, 0.10178942036093205, -0.6697199862423663, -0.6881836655207352, -0.18977319061790826, 0.5930398248815054, 0.6268374284509945, -0.07207840700442618], [-0.6356758808984536, -0.48420179998067114, -0.22217248013311475, -0.4646950863287834, 0.11364392075752158, 0.008586277728684588, 0.22925829736864742, 0.6523054722364545, 0.41287443108988553, 0.021934690493393305, 0.04983612516982707]], "inverted": false, "swapped": false, "error_lsq": 0.043594961427898246, "error_max": 0.1988760028000141, "target": "324.xyz", "model": "10.xyz", "model_rescale": 4.260839863003843, "target_rescale": 3.6502562985902385},
{"mapping": [3, 2, 5, 1, 8, 9, 4, 10, 6, 0, 11], "R": [[0.44325264620668914, -0.7278989443949335, 0.5231541057657002], [-0.7402897077710853, 0.031845155577286594, 0.6715333458842233], [-0.5054683374841288, -0.6849445326557474, -0.5247406473545108]], "T": [-0.07318838838173636, -0.025740277451256097, 0.013924757087069483], "aligned_model": [[0.19274669195091582, -0.3396876402712043, 0.5951735685121848, -0.48921729203326547, -0.7406527112906434, -0.2875291404653738, 0.2555858402982451, 0.06381584627647743, 0.5179276755834347, 0.15105023492794972, -0.10066672929250947], [0.07697972038542564, -0.3834298999436456, -0.0826937977138896, 0.3180766589865151, -0.19970711043227052, -0.7281955087261975, -0.6785559063362783, -0.15294942245391602, 0.46619339053193243, 0.8132651211597026, 0.02869603401228182], [-0.6361215539598164, -0.5070295680174015, -0.06768096179659551, -0.4677084110879888, 0.21352517222955683, 0.3243244207594072, -0.02899516649811006, 0.6125744586284718, 0.3483472441915666, -0.11185779485425161, 0.002316127908552736]], "inverted": true, "swapped": false, "error_lsq": 0.05427140076160612, "error_max": 0.26172606410470906, "target": "324.xyz", "model": "11.xyz", "model_rescale": 3.890672605050136, "target_rescale": 3.6502562985902385},
{"mapping": [5, 8, 7, 6, 1, 0, 3, 4, 10, 9, 13], "R": [[-0.22269083584175542, 0.03668659960324, -0.9741985860396492], [0.7075500917305062, -0.6813628002040477, -0.18739691083433307], [-0.6706576319734625, -0.7310258736239439, 0.12577564457436563]], "T": [-0.10975695662116972, 0.08420116390605333, 0.007423869204159394], "aligned_model": [[0.35159218868377295, -0.187773710624828, 0.6219344003753844, -0.5987867537497509, -0.7775688140713871, -0.35312226811599257, 0.13882771086180237, 0.18933408398363213, 0.4010071144231854, -0.012692819521997967, 0.04579521195239081], [0.22546556565270803, -0.40133881854071, -0.2640315345195497, 0.20270527162248014, -0.14091791737782322, -0.42972339872940973, -0.804247347466342, -0.22823960791127879, 0.5464148388932832, 0.7463647749453968, 0.025227452900905584], [-0.6026363874595722, -0.5192215118431466, -0.25776647021295673, -0.27340522102025, 0.3370403322047686, 0.16663884597516368, 0.05133356898210993, 0.5587698199113971, 0.5775283217631252, -0.3899906769890211, 0.033403346191773306]], "inverted": true, "swapped": false, "error_lsq": 0.05443159945255374, "error_max": 0.2962239425355262, "target": "324.xyz", "model": "12.xyz", "model_rescale": 4.124412569039231, "target_rescale": 3.6502562985902385},
{"mapping": [4, 1, 0, 2, 8, 6, 3, 9, 7, 10, 12], "R": [[0.17154572579788205, 0.9797293051416915, -0.10345314208402048], [-0.91666540961473, 0.19720900619800144, 0.3476106078505898], [0.36096619062778956, 0.035200802845607115, 0.9319143269113784]], "T": [0.11469906974742376, -0.0507424057153929, 0.01627204276369867], "aligned_model": [[0.17841418389023195, -0.35222389695538925, 0.49277554796058265, -0.5112823462231505, -0.5918627841105629, -0.251009725166503, 0.4211890294625825, -0.04570702958053123, 0.44176861501269526, -0.03098250315165456, 0.06746725305791018], [0.2669221136913509, -0.4723719897058023, -0.3199438021093691, 0.31936868911429317, -0.06374693230202434, -0.5821479289542778, -0.6346056190544358, -0.08650581134506996, 0.32213118219007114, 0.6726863321678537, 0.05589304577707023], [-0.7001816494519102, -0.5005216646072901, -0.33209009380612664, -0.44585408503299623, 0.14076039506810192, 0.19369262211651808, 0.2881562616310959, 0.6340358601863038, 0.3997671203312197, 0.022388644746392763, -0.018459443677917926]], "inverted": true, "swapped": false, "error_lsq": 0.04981054623965291, "error_max": 0.2676127462441826, "target": "324.xyz", "model": "13.xyz", "model_rescale": 3.9028299243045295, "target_rescale": 3.6502562985902385},
{"mapping": [10, 9, 4, 14, 11, 6, 3, 2, 8, 13, 15], "R": [[-0.20480395769441342, 0.9767621681172598, 0.0631744081695633], [-0.9603809338753073, -0.18806715304660757, -0.20566771208368223], [-0.18900740927671972, -0.1027930585195983, 0.9765806604467901]], "T": [0.05505794428651163, -0.04856575551672859, 0.07717568334237589], "aligned_model": [[0.14021963839103563, -0.4740954059902324, 0.6369195623852696, -0.524055921621264, -0.6729137303386493, -0.23526596782058584, 0.3681314780566143, 0.15919275440618708, 0.4455640354406018, -0.026724824888055512, 0.001574726175290031], [0.10300185330216916, -0.39508922625689546, -0.11505921203997847, 0.3075993317563557, 0.07757559952992302, -0.6460193719517852, -0.5874281337951597, -0.22643596103273683, 0.384469596420051, 0.6851773434821573, -0.11011253994444067], [-0.647481027013047, -0.37089091057056944, -0.26396791033306505, -0.48923778198490564, 0.07868824023694866, 0.1334736807911277, 0.09454649123850935, 0.7840475959735232, 0.5836266052510702, -0.21877024944414558, -0.0023407666420556528]], "inverted": true, "swapped": false, "error_lsq": 0.04224289147053273, "error_max": 0.2303417616676651, "target": "324.xyz", "model": "14.xyz", "model_rescale": 3.942246331269136, "target_rescale": 3.6502562985902385},
{"mapping": [13, 3, 12, 10, 9, 5, 1, 0, 8, 11, 14], "R": [[-0.7961046348739661, -0.4818468508074679, 0.3661161328036708], [-0.008667327495493593, 0.614008320743129, 0.7892519619819066], [-0.6050969242743474, 0.625153896592774, -0.49299119445340633]], "T": [-0.11363587139494515, 0.018134241490792374, -0.013400220656097053], "aligned_model": [[0.4542082791092865, -0.07699367531625914, 0.5893349572723845, -0.6946684132480734, -0.8249833569852454, -0.3585971920603568, 0.22231304641593808, 0.2489274325947486, 0.3343741680176414, -0.016396483333634346, -0.05897241827021872], [0.2581466526555247, -0.5422208716095561, -0.3069114984067661, 0.2779732648863509, 0.09717048774735806, -0.5521399968976538, -0.718992847794518, -0.1782924627303286, 0.48667039474504303, 0.6931172337674686, -0.03684107689326298], [-0.5433784369351581, -0.4619617294700762, -0.2746540037482565, -0.3357127759059619, 0.3552464023508019, 0.11911695784333146, 0.007176821018577643, 0.5954362790194422, 0.40921284583266326, -0.2348804369356474, 0.046092044433674886]], "inverted": false, "swapped": false, "error_lsq": 0.051716169009389405, "error_max": 0.2580284144549912, "target": "324.xyz", "model": "15.xyz", "model_rescale": 4.355366556412066, "target_rescale": 3.6502562985902385},
{"mapping": [0, 4, 5, 2, 8, 6, 3, 10, 9, 1, 11], "R": [[-0.40873708172728995, 0.1018208002646474, 0.9069545317459555], [0.7277875820783279, -0.5632638057457149, 0.39122770928122474], [0.5506897796342688, 0.8199795178968315, 0.15612289017322256]], "T": [0.07396147093942598, -0.02819389205981064, 0.04541555779321821], "aligned_model": [[0.20914281303271423, -0.13283465752884707, 0.6346838011209349, -0.5638244635162736, -0.6207703815306992, -0.45419433901449535, 0.3038532081622017, -0.12339526926515182, 0.6099690949742248, -0.05759874277695862, 0.013515280538561124], [0.24228418116123351, -0.483782779364896, -0.13694456002622962, 0.21627632411494346, 0.17452118236809688, -0.6465017691294239, -0.6413954327787899, -0.05643445326337104, 0.4412391312120039, 0.49814382619622105, -0.12972637102012846], [-0.5968318051775718, -0.5411028631889285, -0.2537894598279353, -0.43851503326188407, 0.2969913268489991, 0.16724647572908205, 0.09179085785343866, 0.643319050330283, 0.2510364926964183, 0.06147108371860051, 7.784178288941512e-05]], "inverted": false, "swapped": false, "error_lsq": 0.05131516094802595, "error_max": 0.2667670606827656, "target": "324.xyz", "model": "16.xyz", "model_rescale": 3.795458400668931, "target_rescale": 3.6502562985902385},
{"mapping": [11, 10, 7, 9, 5, 2, 4, 0, 3, 8, 12], "R": [[0.4300903097969727, -0.8463773574955766, 0.3141141418935944], [-0.8975451851243081, -0.3634405297843503, 0.24964699471502255], [-0.09713375355104842, -0.3893023889329165, -0.9159741720661171]], "T": [0.03207131333309694, -0.04839000819571751, 0.05292620893002589], "aligned_model": [[0.23372003127093915, -0.45010636653511527, 0.6878598715056314, -0.6385671452688685, -0.7243834522472437, -0.2502388518544436, 0.2820002939652679, 0.15267481126940213, 0.4208872021114113, 0.14425111538176, -0.03955116540252966], [0.07688012620316623, -0.4124922509510841, -0.03268928777034066, 0.34482680952908906, 0.03299833983189654, -0.6885006816622019, -0.5953620849525215, -0.13437372715261908, 0.4995568149834353, 0.5618611248849743, -0.17502590347413405], [-0.721015363286327, -0.3640125214723515, 0.08406354815592276, -0.3870402342641911, 0.20696752955847306, 0.1629586626290768, -0.1791359385063597, 0.6265741705128917, 0.501210070195759, -0.21669578368331513, -0.032180172336187585]], "inverted": false, "swapped": false, "error_lsq": 0.05708017709657955, "error_max": 0.33810047810220256, "target": "324.xyz", "model": "17.xyz", "model_rescale": 3.7474275329858107, "target_rescale": 3.6502562985902385},
{"mapping": [4, 0, 9, 8, 3, 1, 2, 7, 12, 10, 13], "R": [[-0.42176998977190006, -0.19850002000008501, -0.8847077584082654], [0.85926174970348, 0.2239810498572845, -0.4598931775981715], [0.28944657749630776, -0.9541646772778769, 0.07609498939404247]], "T": [-0.003670904955101466, -0.004987178128473449, 0.03176968919427292], "aligned_model": [[0.22642565818667232, -0.29971489981039867, 0.6552411791755312, -0.4141791899964693, -0.6702241239780693, -0.4326745985639227, 0.17394716237548455, 0.31386821863558256, 0.49484930961253254, -0.2351054836564228, 0.006113112215690865], [0.08342416341460011, -0.5466657839046345, -0.022308009235080375, 0.26278443034425175, 0.10278054777475136, -0.47448168866743096, -0.6914364793455934, -0.21150369757621107, 0.43287802636165723, 0.641043454714577, -0.09883568441122732], [-0.7609880470262598, -0.5322202326442123, -0.08337812907632142, -0.494192063053003, 0.10019559637131631, 0.3038894280105708, -0.000970237897245374, 0.6828757590636528, 0.3767169049791754, 0.10607869048756408, -0.01631370171184652]], "inverted": true, "swapped": false, "error_lsq": 0.05233756556557647, "error_max": 0.28531242080729285, "target": "324.xyz", "model": "18.xyz", "model_rescale": 3.922800546911778, "target_rescale": 3.6502562985902385},
{"mapping": [1, 5, 6, 0, 3, 12, 8, 11, 10, 2, 14], "R": [[0.16639882356367836, -0.9805160638686603, -0.10440153261390964], [0.688147614926018, 0.19130460968202517, -0.6998967112267644], [0.7062324628535966, 0.044618323701338336, 0.7065726527412634]], "T": [0.028834153882241927, -0.11925073138034102, 0.07032468207393112], "aligned_model": [[0.24310868563183868, -0.3517083750305262, 0.6801367337567014, -0.5482351543205759, -0.5901465405943651, -0.5607564824520157, 0.2944612305497539, 0.1816977473711084, 0.5271372121377496, -0.02334858283663871, -0.03380013001681887], [0.13686258280264874, -0.47651995966073585, -0.06682250107309061, 0.17486063059587953, 0.04070638313431803, -0.627738754506773, -0.6234293789405623, -0.009135839074077487, 0.44105824212055333, 0.5894963030490139, -0.1016584289775147], [-0.5903381814786843, -0.4865234142668225, -0.15063685763113832, -0.45781559849903536, 0.09096117805814968, 0.18184533688931254, -0.15246849894163944, 0.7571660356970624, 0.367559544785034, -0.019583971368931405, 0.14152839426008396]], "inverted": false, "swapped": false, "error_lsq": 0.04433486563403516, "error_max": 0.2356913310835034, "target": "324.xyz", "model": "19.xyz", "model_rescale": 3.9282355846067225, "target_rescale": 3.6502562985902385},
{"mapping": [2, 10, 1, 12, 9, 11, 0, 4, 6, 7, 13], "R": [[0.18060240480220144, 0.39689068538369254, 0.8999225273518409], [-0.7378575511541904, -0.5503211383149611, 0.3907849522799809], [0.6503452971955769, -0.7345913344025972, 0.19345946819995272]], "T": [0.03901291164038893, 0.08330564538280173, 0.11739253758447121], "aligned_model": [[0.32939009867064756, -0.2474329387070456, 0.5792050138076875, -0.6687811164679333, -0.6457770245251213, -0.30196980568152837, 0.27454648228137973, 0.1034487274808838, 0.3657523198700602, -0.07349521823714872, 0.10365980570433006], [0.14912057172733878, -0.3490069448055668, -0.2849834327144811, 0.2910077147088265, 0.04356715383640318, -0.5386986966099708, -0.68133426049112, -0.2764085383517833, 0.5434646033287457, 0.6105845864931101, -0.029633477651842377], [-0.6507647998683029, -0.5705674526582929, -0.24874465530494394, -0.30531517400765057, 0.20632184014463972, 0.21841014177232573, 0.1242291773339472, 0.6329714128275742, 0.44654166273732854, -0.19472381147894102, 0.023335626005707072]], "inverted": true, "swapped": false, "error_lsq": 0.039546484205361304, "error_max": 0.1892721162007067, "target": "324.xyz", "model": "20.xyz", "model_rescale": 4.067790424073018, "target_rescale": 3.6502562985902385},
{"mapping": [3, 12, 0, 11, 13, 9, 7, 8, 4, 6, 14], "R": [[-0.16784554526891265, -0.19590551891553803, -0.9661515929665568], [-0.7804568259408529, -0.572333761125132, 0.2516370575227146], [-0.6022582633519534, 0.7962757647541424, -0.056832127265261156]], "T": [-0.03243229704892538, -0.0025555136784503676, 0.058651724636514524], "aligned_model": [[0.14651961159339247, -0.23057091986842068, 0.57832656290382, -0.4783719867183462, -0.683297076477129, -0.3304662070766317, 0.23329213493280213, 0.27953611021094077, 0.433537312191539, -0.03314582302150353, -0.09681337447425195], [0.22335923137256453, -0.40270831848078925, -0.29206447541114944, 0.1673230415478326, 0.13320170774129833, -0.7173918344539132, -0.6596273239718821, -0.1528029789694872, 0.49581515300314566, 0.7258741174572817, -0.0432990403652417], [-0.7417755106651251, -0.5639498219835548, -0.15955965358798674, -0.3775951362472279, 0.2778970685083127, -0.006423020408602917, 0.2916991867005482, 0.511718285718233, 0.4793315275649521, -0.07152763647545052, 0.0418786783792935]], "inverted": false, "swapped": false, "error_lsq": 0.04866148063760931, "error_max": 0.23167544773725118, "target": "324.xyz", "model": "21.xyz", "model_rescale": 4.186013935880536, "target_rescale": 3.6502562985902385},
{"mapping": [1, 7, 9, 0, 6, 4, 10, 11, 8, 2, 12], "R": [[0.15997071413881414, -0.9840130135409177, -0.07828000894251269], [-0.6838156804265327, -0.167659933241681, 0.7101311582997842], [-0.711902722161333, -0.06007109094662033, -0.6997042076561832]], "T": [-0.07151138519392079, 0.019002889634897838, 0.04380805663718097], "aligned_model": [[0.03252312681950269, -0.1976951692963495, 0.5250492273630017, -0.49715079148228053, -0.6023858434200926, -0.31062474842459037, 0.2657228211382958, 0.09341732045022073, 0.5271519761177875, 0.08202212429572654, -0.09948369936501061], [0.13881527889214945, -0.5020212173679676, -0.10763138162966178, 0.3814561466204666, -0.13633892392632274, -0.6187563970742566, -0.7407468173014028, -0.0751601329373233, 0.3924989726624158, 0.7415513569679318, 0.004012394563630664], [-0.6702963108210664, -0.4571263426930225, -0.07251028725291918, -0.4136273741302853, -0.01859450404564842, 0.2962046503329245, -0.02935549663595348, 0.6462180714497427, 0.3434261243328471, -0.01983451310561961, 0.0771899500723915]], "inverted": true, "swapped": false, "error_lsq": 0.051918786567662974, "error_max": 0.26055100565275285, "target": "324.xyz", "model": "22.xyz", "model_rescale": 4.166573947596378, "target_rescale": 3.6502562985902385},
{"mapping": [0, 8, 2, 7, 10, 9, 3, 12, 6, 5, 15], "R": [[0.3155833162228316, 0.019740837815181128, -0.9486925054221497], [-0.45014195430238063, 0.883242019587666, -0.13136116553812588], [0.8353319049926408, 0.4685016906661662, 0.2876226248825188]], "T": [-0.0024213497758823147, -0.12904500071901037, 0.0677105618583731], "aligned_model": [[0.05559349472549175, -0.32142901465197676, 0.6673217911967537, -0.42963067332396976, -0.7147149205538438, -0.3164959564735559, 0.2822710875312051, 0.13093015097725821, 0.520532901174762, -0.08438740351287048, 0.028554887106957326], [0.1949932984027254, -0.5412801493092909, -0.15910844526038326, 0.2715170574891903, 0.10223462031768465, -0.6211074005794617, -0.6461782516343831, -0.08543800227978049, 0.3511678242593341, 0.6838511106104778, -0.07297238254645295], [-0.6795438937039799, -0.550654566717161, 0.009835233682132849, -0.34269396912028394, 0.07713600750209437, 0.20799920128925914, -0.04608780787473281, 0.7077864652973506, 0.341612234189581, -0.0857282188377973, 0.042033281796928265]], "inverted": false, "swapped": false, "error_lsq": 0.041839569291056394, "error_max": 0.22557363929734572, "target": "324.xyz", "model": "23.xyz", "model_rescale": 4.274766983524099, "target_rescale": 3.6502562985902385},
{"mapping": [0, 8, 1, 6, 5, 7, 9, 4, 2, 3, 10], "R": [[0.22122191257900914, 0.7560624933942548, -0.6159791972764566], [-0.568658838011916, -0.413125892777612, -0.7113045217539663], [-0.7922676260871846, 0.5076381612912523, 0.33854911882179484]], "T": [-0.04570076223649709, -0.020609932151079896, -0.12753490257378627], "aligned_model": [[0.2861036538173183, -0.20018466195341605, 0.5824635783300218, -0.6182449659391893, -0.6130606205318738, -0.4247176278839595, 0.23681592548121938, 0.08384709496613614, 0.583310575009336, -0.10913672616501806, 0.011350119065636259], [0.308797746877297, -0.5605143232555846, -0.18162891504400144, 0.17133474879527363, 0.10866915415339165, -0.49047467547754, -0.7780092773375386, -0.02811341960845981, 0.4728906918166208, 0.5220662099880514, -0.06733866143785017], [-0.6998685051558574, -0.6067520776611193, -0.060708045004626246, -0.42814333622055023, 0.4448553992759582, 0.06379155930572264, 0.14485454126244482, 0.558644124561772, 0.41030651692589526, 0.004725322079615429, -0.15001153186586422]], "inverted": false, "swapped": false, "error_lsq": 0.050496325552127415, "error_max": 0.2981829528725017, "target": "324.xyz", "model": "24.xyz", "model_rescale": 3.7841303162186577, "target_rescale": 3.6502562985902385},
{"mapping": [11, 12, 6, 14, 9, 2, 4, 8, 0, 10, 15], "R": [[-0.8618192098039175, 0.4159178797438373, 0.2903101219770722], [-0.25293531444734507, -0.8485258659156665, 0.4647876736505513], [0.43964915139048577, 0.3271332636426013, 0.8364762109589049]], "T": [0.05379997254690118, -0.028951870258163554, -0.032414699077907366], "aligned_model": [[0.3698939166331171, -0.5100368650098244, 0.7053042590970986, -0.6113750108528443, -0.5205119264782344, -0.33629777978374054, 0.3723663135004278, -0.021013833392207498, 0.4229565451860734, -0.1618850230848145, 0.10914574838116], [0.262059452704365, -0.4016889119004328, -0.23940444496641508, 0.21937635619194185, 0.009072264503779317, -0.5746988368786651, -0.6901342117755949, -0.1116019087058938, 0.3427615161627516, 0.7171893847292885, -0.05525138059546475], [-0.6686729780671125, -0.37640165352521726, -0.26323569172895533, -0.3862144951743086, 0.07180006158425442, 0.31222572219958056, 0.10196439354949374, 0.5481278482210458, 0.4841920494111036, -0.07722893277988646, -0.06486235618660692]], "inverted": true, "swapped": false, "error_lsq": 0.04519417403956887, "error_max": 0.25208271276099753, "target": "324.xyz", "model": "25.xyz", "model_rescale": 4.19342608120988, "target_rescale": 3.6502562985902385},
{"mapping": [0, 4, 5, 2, 8, 6, 3, 10, 9, 1, 11], "R": [[-0.40873708172728995, 0.1018208002646474, 0.9069545317459555], [0.7277875820783279, -0.5632638057457149, 0.39122770928122474], [0.5506897796342688, 0.8199795178968315, 0.15612289017322256]], "T": [0.07396147093942598, -0.02819389205981064, 0.04541555779321821], "aligned_model": [[0.20914281303271423, -0.13283465752884707, 0.6346838011209349, -0.5638244635162736, -0.6207703815306992, -0.45419433901449535, 0.3038532081622017, -0.12339526926515182, 0.6099690949742248, -0.05759874277695862, 0.013515280538561124], [0.24228418116123351, -0.483782779364896, -0.13694456002622962, 0.21627632411494346, 0.17452118236809688, -0.6465017691294239, -0.6413954327787899, -0.05643445326337104, 0.4412391312120039, 0.49814382619622105, -0.12972637102012846], [-0.5968318051775718, -0.5411028631889285, -0.2537894598279353, -0.43851503326188407, 0.2969913268489991, 0.16724647572908205, 0.09179085785343866, 0.643319050330283, 0.2510364926964183, 0.06147108371860051, 7.784178288941512e-05]], "inverted": false, "swapped": false, "error_lsq": 0.05131516094802595, "error_max": 0.2667670606827656, "target": "324.xyz", "model": "26.xyz", "model_rescale": 3.795458400668931, "target_rescale": 3.6502562985902385},
{"mapping": [1, 0, 9, 6, 5, 7, 3, 10, 11, 8, 12], "R": [[-0.6943083909813692, -0.6608223978749171, 0.2850431838857185], [-0.1326367053556224, -0.2717894745700857, -0.9531725897786418], [0.7073495335442503, -0.6996029159314316, 0.10105640709509656]], "T": [0.173833845713402, -0.0108392998603613, -0.063886262834388], "aligned_model": [[0.10712379944474577, -0.11695623156235857, 0.571870726448909, -0.5349367499697408, -0.5003702720714233, -0.3930535899219678, 0.2433967277105456, -0.0075071854454487885, 0.49841214322954747, -0.08436692496480053, 0.03493390129820284], [0.2143315968968141, -0.6295459826568961, -0.11339190306330652, 0.25654278270205183, 0.16559196324089237, -0.5104263457545297, -0.7408057005742779, -0.1461929462379979, 0.4039732691605849, 0.6702315037657222, -0.09262895800939733], [-0.6072102983156397, -0.5370842802792833, -0.1880792387470996, -0.39151108529968304, 0.22103703358539664, 0.2348770507148306, 0.022059174071118584, 0.6117476982271874, 0.4200084086563175, -0.07894058365851395, -0.025209911451240477]], "inverted": true, "swapped": false, "error_lsq": 0.039775956972195776, "error_max": 0.2334741753184092, "target": "324.xyz", "model": "27.xyz", "model_rescale": 3.6321398670334006, "target_rescale": 3.6502562985902385},
{"mapping": [12, 4, 8, 6, 13, 1, 3, 0, 10, 9, 14], "R": [[-0.20327742257993026, 0.8310349098978129, 0.5177444041227243], [0.27652269872872237, 0.555985162682745, -0.783846729893304], [-0.9392622033048307, -0.01617026307070768, -0.34281924688555543]], "T": [0.03476661315385017, -0.08309917138412012, 0.0492398661876422], "aligned_model": [[0.2700886945125513, -0.40952630889967084, 0.5186822506127845, -0.4655569216824054, -0.7094031914113823, -0.40482731506987196, 0.33677591880028945, 0.3260221674809759, 0.4755416066163052, -0.09197760664224285, -0.027272950121121756], [0.22064362776615218, -0.5455033761923731, -0.018256891981280443, 0.1604101492080855, 0.24168165161954866, -0.5800376133830618, -0.6971949667950637, -0.2070555248024312, 0.4258361801334545, 0.5705738716780585, -0.09341782778142924], [-0.682793986068738, -0.47540611268556177, -0.1200254593197414, -0.4932423993422488, 0.13412832769127261, 0.13336215383370065, 0.10613286508741299, 0.5870285967693455, 0.4383077858500861, -0.007501800533912251, 0.0617039962217756]], "inverted": false, "swapped": false, "error_lsq": 0.0456964776390532, "error_max": 0.24666600562448407, "target": "324.xyz", "model": "28.xyz", "model_rescale": 4.156811204709835, "target_rescale": 3.6502562985902385},
{"mapping": [3, 9, 0, 2, 7, 4, 1, 5, 6, 10], "R": [[-0.9988529368999647, -0.04668768176867245, -0.010633476260495526], [-0.04578681171407153, 0.8662799718757903, 0.49745610680736496], [-0.014013504892621039, 0.49737236623876435, -0.8674239741802606]], "T": [-0.06126369702082406, -0.1293481248269469, -0.0004081280501632943], "aligned_model": [[-0.6806374152334731, -0.0756898618836205, 0.16574398829783715, 0.5933828349438914, 0.06754366338741465, -0.7234425454950302, -0.3987223868135528, -0.4391418954044629, 0.1874133187714691, -0.05352432645988498], [-0.1607038016427089, -0.6887578840228424, 0.02778017817032874, 0.17376420374471402, -0.3480803548236134, -0.27637764304873585, 0.5374643100962392, 0.25414401002708803, 0.45542288038602763, -0.055935568260293195], [-0.4916709543943279, -0.435499692470836, -0.6591511109788104, -0.08050286852377002, 0.6186439983240954, 0.10659938126764164, -0.17438791643098994, 0.3949810979245228, 0.41250023711557415, 0.06727455514200018]], "inverted": true, "swapped": true, "error_lsq": 0.04791529077099034, "error_max": 0.19701303334003362, "target": "324.xyz", "model": "29.xyz", "model_rescale": 4.117894457231895, "target_rescale": 3.6502562985902385},
{"mapping": [6, 7, 11, 8, 1, 4, 12, 3, 2, 5, 14], "R": [[0.4030451964600329, -0.8909071829313188, -0.2093775561321582], [0.9149246970526054, 0.39765032191025007, 0.0691882953097736], [0.021618703330483588, -0.21945070718969223, 0.9753840365621391]], "T": [0.057461746417877255, -0.0924363909815345, -0.10411572521618881], "aligned_model": [[0.029497177700024232, -0.33385106367494977, 0.7721795301237262, -0.4867135186874799, -0.7287481184763408, -0.41022062310364477, 0.3909414234940595, 0.1221225315789545, 0.3920404692594972, 0.017851265802105575, 0.0534472701802592], [0.22455482236705948, -0.4444688318475039, -0.20494033563430533, 0.3024904877708347, 0.05861942976643214, -0.6204814947927584, -0.7224032469221537, -0.1483861331046217, 0.41303290347665583, 0.7397462709701057, -0.12008459258008472], [-0.6613625258313007, -0.4913509329250222, -0.059115920760768145, -0.32704111171034983, 0.21097888790809152, 0.21521116331097231, 0.1782156195807513, 0.4366659407826958, 0.47753599499494304, -0.14718309688458397, -0.15086005096203814]], "inverted": true, "swapped": false, "error_lsq": 0.04591889620313284, "error_max": 0.21361085006088382, "target": "324.xyz", "model": "30.xyz", "model_rescale": 4.100398675895297, "target_rescale": 3.6502562985902385},
