[{"mapping": [13, 14, 8, 9, 7, 10, 4, 0, 6, 12, 1, 3, 2, 15], "R": [[-0.6770459266491614, 0.5079927066619574, 0.5324962189406016], [-0.7184343899987897, -0.29934295892945334, -0.6278899746025784], [-0.15956453388784586, -0.807673945919774, 0.5676283613488111]], "T": [-0.059613974450448894, 0.22924924388517864, 0.07152939770234973], "aligned_model": [[0.09939117803914652, 0.28755154840714814, -0.4192983231147832, -0.3288429632021831, -0.5797728525702107, -0.1965522470398488, -0.6461161543731819, 0.023011080524788056, -0.25875171536688557, 0.15952321263148989, 0.5922782127975048, 0.2087811673603228, 0.5043460096495902, -0.07405605261459305], [-0.6902554439493258, -0.3775663595277503, -0.3741300824236363, -0.4543620375383177, 0.2533445230970409, 0.19261056336023175, 0.22232055271615764, 0.5755789454837315, 0.8034043441240689, -0.14204324157029596, 0.5455632302776363, 0.6159673266972887, -0.08110273461926137, 0.1459437456824672], [0.32175468352533254, -0.3893524943777707, 0.20718074237819256, -0.30897743851111403, 0.6395756520078111, -0.7093403806685032, -0.09370229330309549, 0.6712277816787233, 0.20382149157098098, 0.7148957045099089, 0.4821083819458864, -0.0909019967202993, 0.1436371216931468, 0.10566113145063391]], "inverted": false, "swapped": true, "error_lsq": 0.03706493738916515, "error_max": 0.2260262474542596, "target": "325.xyz", "model": "0.xyz", "model_rescale": 3.8414455957264533, "target_rescale": 4.098549261404581},
{"mapping": [7, 6, 9, 5, 4, 10, 14, 8, 2, 13, 11, 0, 1, 12, 15], "R": [[-0.1682256676174106, 0.893728462848628, 0.4158720469674604], [-0.6953398190881701, -0.4066265177934945, 0.5925853617982545], [0.6987150068125829, -0.1894843257933647, 0.6898500050978666]], "T": [-0.05787871226159761, 0.05218638622756825, -0.16974114250111363], "aligned_model": [[-0.7389920618650282, -0.5099198305937048, 0.18300575460508695, -0.3031687608767429, -0.44218024025262376, 0.20733998920829796, 0.6751297436614354, -0.15799807850768427, 0.4807523105848008, 0.32776350114617103, 0.4998786992440996, -0.4091136003902292, 0.13927410960888034, -0.028755908869907233, -0.050971473198306756], [0.19727898110155745, 0.18243666771068703, -0.5694324440294225, -0.43397961430790816, -0.4177496606191807, -0.642088753929251, -0.25528252268050705, -0.20147614325151994, 0.3577473346350643, 0.1093427353799826, -0.0941403563290327, 0.6516050711639804, 0.8274575467195259, 0.585794481675851, 0.04953120480318833], [0.16019086852888528, -0.5765639646220032, 0.3203188419612172, -0.769796594476502, -0.11676215623518746, -0.4481170831536321, 0.09355084152792334, 0.49167564216955306, 0.020200601522216033, 0.7142257336444731, -0.4033542299480043, -0.23090164587745707, -0.40142725909601074, 0.39080652188413045, -0.07886433049006678]], "inverted": false, "swapped": true, "error_lsq": 0.03929324182265337, "error_max": 0.21618288406120909, "target": "325.xyz", "model": "1.xyz", "model_rescale": 4.316132596720782, "target_rescale": 4.098549261404581},
{"mapping": [13, 2, 12, 4, 7, 9, 6, 10, 1, 14, 3, 15], "R": [[0.8145397407774312, -0.44622748342266316, -0.3706832120996476], [0.32590587795616877, -0.17661782064694406, 0.9287580439186208], [-0.47990662571781006, -0.8773181740213757, 0.0015659259065981257]], "T": [-0.04120567445999222, 0.12614871647086148, -0.1269650763483224], "aligned_model": [[-0.09235105367342676, 0.43959400009893046, 0.07842549261410305, -0.6115748386608626, -0.5547469278347019, -0.4458542393216723, -0.11245792223929431, -0.16717830131812977, 0.6557568642463806, 0.1738862513199454, 0.3085203951130736, -0.07421116571256459], [-0.7606335273785098, -0.2595182886008166, -0.5955355442651422, 0.330963987020794, -0.11058538371800608, -0.11174551224210147, 0.5199940505664479, 0.605812607878162, -0.005791317233433402, -0.11691339247487323, 0.4726890802567255, 0.04403966793173368], [0.2530159828002233, 0.07218655490270734, -0.3812476611304987, -0.06321519786756895, -0.6504674496836029, 0.5544011686179093, -0.6030113840593597, 0.4926360394881394, -0.5633457716488143, 0.6449270598422644, -0.2016125019149193, -0.10500837813705909]], "inverted": true, "swapped": true, "error_lsq": 0.04191542081921423, "error_max": 0.23598899697280842, "target": "325.xyz", "model": "2.xyz", "model_rescale": 3.795458400668931, "target_rescale": 4.098549261404581},
{"mapping": [5, 4, 7, 13, 3, 2, 8, 10, 9, 14, 0, 15], "R": [[0.028371046135451085, 0.9988479365059503, -0.03870249964777077], [-0.8728063298746852, 0.04362647702706198, 0.4861129920428887], [0.487241412722546, 0.019988252550256075, 0.8730385303571229]], "T": [-0.02403138556844433, 0.14366572098389838, -0.05517104463647773], "aligned_model": [[0.09801415171734124, -0.15855193426347822, -0.7476808761779558, 0.11314771598940054, 0.12269895539004808, 0.27116634266727524, -0.12720108242086714, 0.573400216311266, 0.36885296093951875, 0.7013836665723152, -0.5872838182004099, -0.03464247278088885], [-0.20830238714142427, -0.4326536009329518, -0.08660704598889202, 0.09347138154486725, 0.4353801072814546, 0.5669791424461975, -0.3047216689541492, -0.28375263894231884, -0.4467444947920144, 0.08389024427746469, 0.5505103228800979, 0.11831968361137757], [-0.7747643125058858, -0.20041080053010846, 0.07570391679183167, 0.8998402775566805, -0.4311281026694786, 0.3362785517884285, 0.4926843118210955, -0.35557264392774135, 0.37103518743361635, 0.3587867910978826, -0.1154494048080491, 0.03176765859082862]], "inverted": false, "swapped": true, "error_lsq": 0.043246268977834686, "error_max": 0.22734866190462963, "target": "325.xyz", "model": "3.xyz", "model_rescale": 3.7530521520055578, "target_rescale": 4.098549261404581},
{"mapping": [11, 8, 4, 7, 5, 12, 3, 2, 1, 0, 15], "R": [[0.1014585836620317, -0.7746711783696217, -0.6241720285343745], [-0.01729605956417002, -0.6286883393606418, 0.7774649948875582], [-0.9946893998253158, -0.06808478064428103, -0.0771845873200922]], "T": [-0.06837523945871003, -0.1467645841767447, -0.03875355770919411], "aligned_model": [[-0.5407459651717242, -0.08036575759097804, 0.35166938187047947, 0.5031739464793177, 0.3580395380582905, -0.2828650660532999, -0.11004284327193009, -0.6690666893259734, -0.3073224778033402, 0.20980905313696857, -0.09408351788260563], [-0.5350779594299544, 0.11760388999072402, -0.3644150947998861, 0.3316868486204222, -0.8291400740376114, 0.5956864159600324, -0.3840316706249944, 0.07108095664670103, 0.22241071551641522, 0.3332575894611552, -0.09185825898865743], [0.07595712353736614, -0.7034386461116753, -0.4228435170232274, -0.2342993132383988, 0.05677267860281352, -0.08935047398290447, 0.39706627444212933, 0.0674624509080341, 0.66849949422399, 0.38385917971345535, -0.10685447382626587]], "inverted": false, "swapped": true, "error_lsq": 0.046805348999042824, "error_max": 0.24133643410758654, "target": "325.xyz", "model": "4.xyz", "model_rescale": 3.7855080009869324, "target_rescale": 4.098549261404581},
{"mapping": [3, 2, 1, 14, 8, 15, 9, 10, 7, 6, 13, 12, 0, 4, 11, 16], "R": [[0.5357346892433031, -0.7887847029981471, -0.301342056569452], [0.19929026503006064, 0.4649116087507707, -0.8626358364414377], [0.8205313723469871, 0.4020894034476607, 0.4062663887518565]], "T": [0.08234595056417275, 0.020849642056238574, 0.06406419201946911], "aligned_model": [[-0.31501979576538125, -0.6230786324905293, -0.13405614880451555, -0.4761312497601326, 0.5316906801804478, 0.008032226467000261, -0.38700840078148585, 0.2816065496951474, 0.7301531398525953, 0.6488405830657286, 0.263376961669716, -0.24356260009375047, -0.09688767013222481, 0.4646723414529651, 0.25410475935277865, 0.03381876691547951], [-0.519404963991278, -0.07841447054767103, 0.3899223327047253, 0.1677599010369017, -0.025875831243333033, -0.12440233962677155, -0.4266576182182406, -0.6158390165149693, -0.310679178596839, 0.3290118713022287, 0.5632018576805765, 0.6179545163338452, -0.16734013985324026, 0.06373186234709803, 0.7849533349101824, 0.018334629686029596], [0.24473524583728323, 0.25978971705325193, 0.6886115636380524, -0.28838153579834624, -0.4755800593856838, -0.7438327314267239, -0.22980272364741605, -0.22900071504899167, 0.24240083564192277, 0.1650440904152963, -0.3808509528125257, 0.04632585128171904, 0.7995462098264554, 0.6957195014076074, 0.20219705006137484, 0.04113954685997201]], "inverted": true, "swapped": false, "error_lsq": 0.04200372301898137, "error_max": 0.2858980149676818, "target": "325.xyz", "model": "5.xyz", "model_rescale": 4.2253639853439635, "target_rescale": 4.098549261404581},
{"mapping": [9, 4, 3, 11, 10, 0, 2, 14, 7, 8, 6, 12, 13, 15], "R": [[-0.6732743360530912, -0.5181026443614263, -0.5275142825724884], [-0.45111746509427286, 0.8531049480364684, -0.26211634882741014], [0.5858282180803408, 0.06149469522968992, -0.8080988190558261]], "T": [-0.13553861802146105, -0.08145029960929964, 0.024066635988952305], "aligned_model": [[0.5899821499374378, -0.14316108064114347, -0.4501902258944108, 0.06352709537713469, 0.06474923139262606, -0.5999972211205069, 0.1989498728958612, 0.588090005206561, -0.3334553856987451, 0.38728546607633985, -0.7400106727849568, 0.09826574283084333, 0.7137621618217078, -0.06373498664096527], [-0.05203525954586377, 0.1450715663712797, -0.4568982445818548, -0.6694675558310462, -0.5888615597912903, 0.24750637005085904, -0.2917577996479166, -0.5008635194211406, 0.6596474719401625, 0.37873984328959154, 0.005236405115940909, 0.36657426960990247, 0.22942843225642548, -0.027221273180059097], [-0.3726050866701405, -0.5415870282122447, 0.11353166767417142, 0.06515761356051869, -0.5523626177802569, 0.4271485496941669, 0.5373472054226973, 0.06425820159568027, -0.04959090995285443, -0.1393981579861548, -0.0938743124626151, 0.6109302721732714, 0.36381183840453707, 0.03879097347067238]], "inverted": true, "swapped": true, "error_lsq": 0.041440328543111485, "error_max": 0.2893733058933359, "target": "325.xyz", "model": "6.xyz", "model_rescale": 3.89814844738969, "target_rescale": 4.098549261404581},
{"mapping": [3, 1, 2, 5, 14, 0, 6, 10, 4, 7, 12, 8, 15], "R": [[0.08696071914264164, 0.8534048638419207, 0.5139435491346768], [-0.04583929549133409, -0.5119236922214647, 0.8578070251118266], [0.9951565667346286, -0.09815432600398391, -0.005397774694343382]], "T": [-0.041062903478813376, 0.04340833962244057, -0.022450182887074892], "aligned_model": [[-0.04797510989676122, 0.010009324244040482, 0.4937198595175719, -0.37911954232681616, 0.762375501667153, -0.45609458720883156, -0.5924200820662512, 0.21489461589008885, -0.3488856637073404, -0.6274341085918069, 0.07417794676798399, 0.05648358241554911, -0.011099935800357154], [-0.17919335984326923, 0.4530851163207519, 0.3466872556397285, -0.6916641846574468, -0.08199908461580313, 0.48451296161808627, -0.08421868933119223, -0.683661501248852, -0.23771232205796983, 0.4320585919851144, 0.8081576170688475, 0.29726879408102597, 0.10046007051146452], [-0.4678393278075569, -0.7457410166976317, -0.22640614281029178, -0.06691619745161902, 0.17735197509970269, -0.3682604308803675, -0.28037986359161804, 0.16651354103165594, 0.42201651709123794, 0.29210057478223594, 0.018507238084967605, 0.6392750487272801, 0.042053115258300224]], "inverted": false, "swapped": true, "error_lsq": 0.04512031043356776, "error_max": 0.26840919689287446, "target": "325.xyz", "model": "7.xyz", "model_rescale": 3.7474275329858107, "target_rescale": 4.098549261404581},
{"mapping": [8, 7, 0, 12, 6, 2, 13, 14, 3, 11, 9, 10, 4, 5, 15], "R": [[0.6395660040685913, 0.3772154139071472, 0.6698237514082301], [-0.7415315701404993, 0.07297675965225134, 0.6669372706901479], [0.20269745169759937, -0.9232458632788546, 0.3263905927164295]], "T": [0.10667743287753212, -0.11728728251895265, 0.003170532966217391], "aligned_model": [[-0.44740298913016147, 0.20562828691537216, 0.4569468252879504, -0.27021700097274687, 0.7032657256873964, -0.26460054210899336, -0.8180690679444731, -0.5481178419606545, 0.45543232853903143, -0.010509604575706044, -0.5511822179595254, 0.0653836195316555, 0.16303273913020835, 0.636036871806865, 0.026526590092528002], [0.20054803271610244, 0.09687449345643234, -0.48572430715849146, -0.5608096959301455, -0.050042190777640466, -0.6246024905899796, -0.2843496994793188, -0.16999222863060345, -0.3217957687777189, -0.26579253737933994, 0.3531022330664583, 0.35053179196340967, 0.48020271589872326, 0.382612740778526, -0.11164512717682065], [-0.31903487937277425, -0.7304273474790732, -0.474296560431933, -0.5077481257140813, -0.15922288933497358, 0.15922399507656373, -0.22114678957014006, 0.5224262810891336, 0.2938887598042834, 0.5958705480117839, 0.1779517342059484, 0.6429300414638597, -0.10248980384928336, 0.3587962977742117, -0.039926605977264426]], "inverted": true, "swapped": true, "error_lsq": 0.0479764710976165, "error_max": 0.34643978567910666, "target": "325.xyz", "model": "8.xyz", "model_rescale": 4.019505241142653, "target_rescale": 4.098549261404581},
{"mapping": [14, 2, 11, 10, 9, 4, 6, 13, 8, 12, 1, 7, 15], "R": [[-0.4753544638207187, 0.37798831030518726, 0.7944576584049945], [0.8160059638632804, 0.5269926428798566, 0.2375142549197059], [-0.3288957291684951, 0.7611856485924665, -0.5589490206732546]], "T": [0.10050996095658685, 0.11522430219390638, -0.05589966642896521], "aligned_model": [[-0.28678125363459095, -0.5277764954577795, -0.1883189255703336, 0.39187194447693674, 0.2521422628398754, 0.6847298851587801, 0.413068215582972, -0.35258794332607357, 0.2442531272670814, -0.34773770303629514, -0.5156426725137305, 0.4685318789040537, 0.08394845105027976], [-0.5658312203233692, -0.04233258986963985, -0.07164245684068034, -0.26793968090915116, -0.6981488734056698, -0.05336766282176937, 0.6521967846791064, -0.5754942104026762, -0.4234943784815451, 0.08917124732504507, 0.6737855603956607, 0.2935698901806413, 0.052905818588106154], [-0.351416308266526, -0.05673185416288862, -0.5742997136692785, -0.6868875037087421, -0.060979737252535804, -0.015922735264989385, -0.08381037416574771, 0.44509377526871635, 0.3923868654160867, 0.5751270297654283, -0.011646788686050374, 0.5972275089002395, 0.00856332987016653]], "inverted": true, "swapped": true, "error_lsq": 0.048362928870019986, "error_max": 0.26993835786423287, "target": "325.xyz", "model": "9.xyz", "model_rescale": 3.877068213659057, "target_rescale": 4.098549261404581},
{"mapping": [0, 11, 10, 8, 4, 7, 1, 5, 3, 13, 2, 9, 12, 6, 14, 15], "R": [[-0.2338306108552895, 0.7085363331982483, -0.665807412068252], [0.4899590426090733, -0.505615010398273, -0.7101363234094947], [-0.8397996082355852, -0.49226997247235704, -0.22892551672852535]], "T": [0.1136995712203232, 0.07115304172984305, 0.08798646631990115], "aligned_model": [[-0.4562984824697664, -0.527201490283989, -0.11712782510253955, -0.5562658297327501, 0.5140563872298833, -0.020748899764426315, -0.12187759553371386, 0.18161650216640218, 0.6236707875214191, 0.7466927828399046, 0.23411729558533034, -0.22962255595014097, -0.015809042403080675, 0.4227591347768624, 0.21184287536365148, 0.05074746658079232], [-0.4762737094741434, 0.039389724104747115, 0.46057794789918405, 0.1652971367905029, -0.11191298386852541, 0.004030553457863045, -0.578906858287277, -0.7060840347423349, -0.2990935161271996, 0.5119240297564123, 0.5403258934510847, 0.6267203735965875, -0.4126980323037097, 0.07542032386909975, 0.8188550078169369, 0.008684891470016831], [0.18386246169699472, 0.4525302871148737, 0.6341345552314032, -0.2829666125176995, -0.42610684222561523, -0.7143256609939324, -0.4362578804281654, 0.040182076454777824, 0.16287430022913743, 0.13974577583308084, -0.3655901697803458, -0.007513065915954464, 0.6423427352187486, 0.621623563608155, 0.29005380262121855, 0.10347156775657092]], "inverted": true, "swapped": false, "error_lsq": 0.039959288244271224, "error_max": 0.27002381653352936, "target": "325.xyz", "model": "10.xyz", "model_rescale": 4.260839863003843, "target_rescale": 4.098549261404581},
{"mapping": [12, 7, 4, 8, 10, 14, 2, 0, 6, 5, 3, 15], "R": [[-0.7295048794726618, -0.5783872306859528, 0.36509018366016294], [-0.5113229159843824, 0.8156923665785522, 0.2705454466345889], [-0.4542813075780307, 0.010685246132655007, -0.89079420693013]], "T": [0.020306703253935993, 0.0689499002992023, -0.03288528777130257], "aligned_model": [[0.44175692823622015, 0.2755837081760173, -0.3449746657909126, -0.2966999746708212, -0.668364144752368, -0.49118590317662403, 0.15456624355974438, 0.6892186912952416, 0.3150667375871695, -0.2974068219870065, 0.17872469396738935, 0.0026131566500804115], [0.011956748028558825, -0.6433766795199146, -0.3912865062576691, -0.28572356715952946, 0.2776031935169148, 0.6065913243604212, 0.5630613052863618, -0.12654224478412157, -0.19404895562526103, -0.052974459355697556, 0.36250336782428616, 0.045314979218584926], [-0.6801340109911512, -0.17864839160345408, 0.12862724126682373, -0.56725802943693, 0.30185096738938966, -0.4208004949416773, -0.429618237481001, -0.005519485604610554, 0.44748877588125674, 0.702494681954134, 0.3368455434260648, -0.11915048246334015]], "inverted": false, "swapped": true, "error_lsq": 0.04244186888552498, "error_max": 0.2172663504027037, "target": "325.xyz", "model": "11.xyz", "model_rescale": 3.890672605050136, "target_rescale": 4.098549261404581},
{"mapping": [0, 1, 11, 6, 3, 8, 12, 4, 7, 13, 14, 2, 9, 15], "R": [[-0.5542542589268079, 0.13029176419442512, -0.822086535983043], [-0.24119290514160852, 0.9201553564544143, 0.3084478926781647], [0.7966355496529426, 0.36923999806542346, -0.4785745760670953]], "T": [0.25270167923080344, -0.043733428334662455, 0.13461696881539695], "aligned_model": [[0.2662595808031886, 0.3335089750504238, 0.4303339897302486, 0.6906134807824402, 0.6707381546577975, -0.3423842770624612, -0.3825352246554119, 0.3243538435122714, -0.002735312073339158, -0.672589555737138, -0.05440344899913463, -0.05175332260229454, -0.16275567621265113, 0.16322462759975365], [-0.39811354892305695, 0.16348167620310614, 0.5429816941386977, -0.44196109457700106, 0.1412574951834367, -0.22301879462425042, -0.10042093275975805, -0.4204308274325227, -0.7652228939755854, 0.22216790690222218, 0.6558615079234523, 0.4582251531260402, 0.1459920139927963, -0.0486468353498119], [-0.4659163167729924, -0.6679571059456716, 0.2408810155618314, -0.05632568484993561, -0.06285365949190705, 0.4889758144228815, -0.3047689936779405, 0.6082195051205155, 0.04502186604613587, 0.21534375212679932, 0.4772750500430476, -0.13908628736478992, 0.8245398103132829, 0.15144166982560503]], "inverted": false, "swapped": true, "error_lsq": 0.04897766605522686, "error_max": 0.30560939844032864, "target": "325.xyz", "model": "12.xyz", "model_rescale": 4.124412569039231, "target_rescale": 4.098549261404581},
{"mapping": [12, 7, 6, 13, 0, 2, 8, 11, 4, 9, 3, 5, 15], "R": [[-0.8376557708320674, 0.000758364292202246, -0.5461979810245875], [0.46618063844790164, -0.5200990519064507, -0.7156623425487179], [-0.2846197848499681, -0.8541056147161263, 0.4353104374838103]], "T": [0.2152519959172143, 0.08707435747379368, -0.04224085405844185], "aligned_model": [[-0.18868436074111497, -0.006439272584549766, 0.6790469237764594, -0.6535396741101573, 0.459088605608831, 0.06538402543113989, -0.4781775972612572, 0.3544979487269037, 0.07568542743847442, -0.4375778829745307, 0.6835223903813951, 0.6879606166526341, 0.12653115716552987], [-0.2627473222101986, 0.559021267750289, 0.4255136684875813, -0.32924809111218667, 0.0649214725681438, -0.5430455506408027, 0.2615011985544046, -0.2871698265477546, 0.6587883206652564, 0.1841593538395208, -0.05653508581257409, 0.595943362441089, 0.07638260852570893], [0.5183477949933851, 0.5251580209387868, 0.19684953625519916, 0.030290904692376948, 0.6107999341985652, -0.034675742895502425, -0.018336757792128296, -0.5193485731905024, -0.20035044511139627, -0.5412215526689114, -0.13207376051773806, -0.4596016441881336, -0.02413963374616153]], "inverted": false, "swapped": true, "error_lsq": 0.04719759802204119, "error_max": 0.3094289362055117, "target": "325.xyz", "model": "13.xyz", "model_rescale": 3.9028299243045295, "target_rescale": 4.098549261404581},
{"mapping": [10, 7, 3, 9, 12, 11, 14, 13, 8, 2, 1, 6, 4, 0, 2, 15], "R": [[-0.7222124071902613, 0.08327674909738753, 0.6866398051090684], [0.6790431346838969, -0.10346486129988419, 0.7267705578205981], [0.13156618159358358, 0.9911407596986248, 0.01817510178562154]], "T": [0.09990877154103739, 0.020718254650603906, 0.09699686518131358], "aligned_model": [[-0.3741645378211824, -0.7732025891713827, -0.09008387092132422, -0.5881226978456884, 0.5385320527733172, -0.029649224594386486, -0.3190983376158481, 0.23511163080048075, 0.8431931052475463, 0.5972720155808346, 0.16005584620033347, -0.25495258746105853, -0.04954955471701805, 0.4591380157780353, 0.5972720155808346, -0.011199770989654217], [-0.5433977795943248, -0.02320070821491176, 0.3916718712411124, 0.12925045394084445, -0.21689789315321717, 0.06433685330508492, -0.48072390987827635, -0.7125111083323642, -0.09398591506550462, 0.5581128746023133, 0.48176921227456754, 0.577736441211316, -0.24225266400387718, 0.1860683903220514, 0.5581128746023133, 0.032167754152117464], [0.20826320918120395, 0.33443239818531506, 0.5606623215038032, -0.2431191669524701, -0.3881716338216486, -0.6290670657687917, -0.499693549432106, -0.18003425202918333, 0.2727196931628629, 0.17436995792647644, -0.35688979426877576, 0.0063744729317233295, 0.7035212080867469, 0.8255777405569155, 0.17436995792647644, 0.07474539671469971]], "inverted": true, "swapped": false, "error_lsq": 0.04319559857837922, "error_max": 0.3882228168584008, "target": "325.xyz", "model": "14.xyz", "model_rescale": 3.942246331269136, "target_rescale": 4.098549261404581},
{"mapping": [4, 8, 7, 13, 2, 12, 3, 6, 5, 0, 1, 11, 9, 14, 15], "R": [[0.5950002792065007, -0.019621171941955673, -0.8034859534278185], [0.753237761515252, 0.36234765005286895, 0.5489417593230235], [0.28037036642926216, -0.9318364610342247, 0.23037636058314093]], "T": [-0.12288006081721344, 0.0998505814865274, -0.00868215268180593], "aligned_model": [[-0.7037842546325791, -0.30263274600528345, -0.2581520320204033, 0.22093605442177855, 0.41554046991795407, 0.43643618058971984, -0.016240433466115742, -0.26708907906488805, -0.7433443479755153, 0.23881060846081548, 0.618649038688717, -0.03143911944936617, -0.4961734571755265, -0.02737479726792931, -0.10984804848916813], [0.05652626055704152, -0.49843451003862227, 0.16384936519781837, -0.7837282315684557, -0.18248161323451847, -0.19681727058233237, 0.47693223716336375, 0.6774336888010367, 0.5379264120963274, 0.5077015894994349, 0.4778338690631412, 0.00734852195330718, -0.6274325657632681, -0.5385043151969502, 0.019991251934326534], [-0.18758896180787393, -0.35737205908827496, -0.7646107455315875, -0.19432472095583614, 0.21483653108697398, -0.45472357329244517, 0.2985770220323421, -0.18871723339869462, 0.27363817685247116, -0.4437071274625012, 0.02058033155247993, 0.5997271203631603, 0.11901024662466632, 0.524743536396201, -0.0507060630105655]], "inverted": true, "swapped": true, "error_lsq": 0.04896925687247307, "error_max": 0.35376661362378653, "target": "325.xyz", "model": "15.xyz", "model_rescale": 4.355366556412066, "target_rescale": 4.098549261404581},
{"mapping": [13, 2, 12, 4, 7, 9, 6, 10, 1, 14, 3, 15], "R": [[0.8145397407774312, -0.44622748342266316, -0.3706832120996476], [0.32590587795616877, -0.17661782064694406, 0.9287580439186208], [-0.47990662571781006, -0.8773181740213757, 0.0015659259065981257]], "T": [-0.04120567445999222, 0.12614871647086148, -0.1269650763483224], "aligned_model": [[-0.09235105367342676, 0.43959400009893046, 0.07842549261410305, -0.6115748386608626, -0.5547469278347019, -0.4458542393216723, -0.11245792223929431, -0.16717830131812977, 0.6557568642463806, 0.1738862513199454, 0.3085203951130736, -0.07421116571256459], [-0.7606335273785098, -0.2595182886008166, -0.5955355442651422, 0.330963987020794, -0.11058538371800608, -0.11174551224210147, 0.5199940505664479, 0.605812607878162, -0.005791317233433402, -0.11691339247487323, 0.4726890802567255, 0.04403966793173368], [0.2530159828002233, 0.07218655490270734, -0.3812476611304987, -0.06321519786756895, -0.6504674496836029, 0.5544011686179093, -0.6030113840593597, 0.4926360394881394, -0.5633457716488143, 0.6449270598422644, -0.2016125019149193, -0.10500837813705909]], "inverted": true, "swapped": true, "error_lsq": 0.04191542081921423, "error_max": 0.23598899697280842, "target": "325.xyz", "model": "16.xyz", "model_rescale": 3.795458400668931, "target_rescale": 4.098549261404581},
{"mapping": [3, 1, 2, 5, 14, 0, 6, 10, 4, 7, 12, 8, 15], "R": [[0.08696071914264164, 0.8534048638419207, 0.5139435491346768], [-0.04583929549133409, -0.5119236922214647, 0.8578070251118266], [0.9951565667346286, -0.09815432600398391, -0.005397774694343382]], "T": [-0.041062903478813376, 0.04340833962244057, -0.022450182887074892], "aligned_model": [[-0.04797510989676122, 0.010009324244040482, 0.4937198595175719, -0.37911954232681616, 0.762375501667153, -0.45609458720883156, -0.5924200820662512, 0.21489461589008885, -0.3488856637073404, -0.6274341085918069, 0.07417794676798399, 0.05648358241554911, -0.011099935800357154], [-0.17919335984326923, 0.4530851163207519, 0.3466872556397285, -0.6916641846574468, -0.08199908461580313, 0.48451296161808627, -0.08421868933119223, -0.683661501248852, -0.23771232205796983, 0.4320585919851144, 0.8081576170688475, 0.29726879408102597, 0.10046007051146452], [-0.4678393278075569, -0.7457410166976317, -0.22640614281029178, -0.06691619745161902, 0.17735197509970269, -0.3682604308803675, -0.28037986359161804, 0.16651354103165594, 0.42201651709123794, 0.29210057478223594, 0.018507238084967605, 0.6392750487272801, 0.042053115258300224]], "inverted": false, "swapped": true, "error_lsq": 0.04512031043356776, "error_max": 0.26840919689287446, "target": "325.xyz", "model": "17.xyz", "model_rescale": 3.7474275329858107, "target_rescale": 4.098549261404581},
{"mapping": [10, 6, 3, 4, 14, 13, 11, 0, 9, 2, 8, 7, 12, 15], "R": [[-0.7772794451409577, 0.5709099345205848, -0.26438326502838033], [-0.6048462909192027, -0.7937496722760049, 0.06420609101182105], [-0.17319823475615553, 0.20981731202986248, 0.9622780611912106]], "T": [0.1251188321487573, 0.059637500970279866, -0.0660067309320572], "aligned_model": [[0.39274200275985005, 0.2439689248331609, 0.5996059816998132, -0.19439877817222762, 0.24825521942915518, -0.39834672176975405, 0.5938768404095413, 0.08048938462979484, -0.24977618239115723, 0.29915080535197075, -0.517915646799148, -0.4896314113707002, -0.24579662552432097, 0.05262385479689842], [-0.5734859187517833, 0.5167462350447927, 0.18911281917357106, -0.09637867112196064, -0.666459445575792, -0.3212116093269041, -0.3254805475725499, 0.7459994933821636, -0.6777183433048872, -0.05780913706337122, -0.23115555152104278, 0.49350120231271716, 0.33191024186494816, 0.03283747397133183], [-0.4627240964894891, -0.47065148598206874, -0.1439096994419602, -0.5608822468634923, 0.33246767175617165, 0.6511557138318137, 0.07194231285286831, 0.04942611296178055, -0.04718727649499653, 0.5467639419990634, 0.051410426716665764, -0.23234017539762422, 0.5569609239890972, -0.017637404776175127]], "inverted": false, "swapped": true, "error_lsq": 0.040984904814135525, "error_max": 0.2957053571129826, "target": "325.xyz", "model": "18.xyz", "model_rescale": 3.922800546911778, "target_rescale": 4.098549261404581},
{"mapping": [6, 7, 4, 3, 13, 0, 8, 11, 12, 10, 9, 14, 1, 2, 15], "R": [[0.5138457826260303, 0.7763247786302075, -0.36507855286527197], [-0.7249990981758966, 0.16546406795798566, -0.6685790528119554], [-0.45862710268973284, 0.6082281482302129, 0.6478577778948609]], "T": [0.05460387778792765, 0.1710055654519565, -0.0766840119598585], "aligned_model": [[-0.25091909473173796, -0.3978842234022226, 0.295338027762827, 0.019741301011137982, 0.14416837652241316, -0.6360318086011928, 0.2081759116540406, 0.4481490798327168, -0.4290496225934797, 0.8039653622400516, 0.6975904080246075, 0.6514553234195085, -0.5357912251434662, 0.020658944571702656, 0.05648407632071183], [0.5864796498695326, -0.1471597759020561, 0.10212119868348463, 0.6389317518502942, -0.7130398965008626, 0.25935903830115414, -0.4993323383879604, 0.3938961753610512, -0.3676083838012018, 0.41874604192969267, -0.3458760113926182, -0.11056872342261465, 0.4323893722379096, -0.010768945934465396, 0.08004235214323965], [-0.4243161674459457, -0.6131984310018711, -0.632234494435323, 0.09005071879164106, 0.3025600056595745, -0.11699934631531203, -0.2739235984861482, 0.35054177174836687, 0.1985862670239337, -0.15995535227341492, -0.13989668736437627, 0.43872404671405174, 0.4493437364237941, 0.5441013830085178, -0.07072468488415928]], "inverted": false, "swapped": true, "error_lsq": 0.03880179135073818, "error_max": 0.2604282461975157, "target": "325.xyz", "model": "19.xyz", "model_rescale": 3.9282355846067225, "target_rescale": 4.098549261404581},
{"mapping": [13, 14, 11, 9, 8, 10, 4, 3, 7, 0, 2, 12, 1, 15], "R": [[-0.8147864250454134, 0.2763338951615281, -0.5096691671531373], [0.01541170728038005, -0.8684676048494072, -0.4955063053139062], [-0.5795563482875663, -0.411586683108178, 0.7033568379191245]], "T": [0.10354499095046846, 0.03131456079450348, -0.0017682095315850604], "aligned_model": [[-0.6817264410901526, -0.07335804120200812, 0.404623151131281, -0.4265490817453096, -0.5960125755373341, 0.31447020717636687, -0.08565568975224352, 0.5967064083026098, -0.31269117351606324, 0.19384144803832015, 0.05786512074343811, -0.35580491808949843, 0.4809315975675902, 0.015882807057680373], [-0.49286667384033067, -0.7494173086972895, -0.4862285192017868, -0.317841910700018, 0.007414849577835711, -0.21741118794094014, 0.37803612806740206, -0.011992767471570742, 0.654245871249867, 0.41665472189747266, -0.5158620095877835, -0.06465747489060134, -0.08644355292265941, 0.009251921885238296], [0.2030903133827322, -0.247378185772062, -0.17082743617515, -0.5325074274015618, -0.14971666128676137, -0.725299929126085, -0.4657957763176626, 0.05196332096277172, 0.17858263144822772, 0.572486806764657, 0.3418593335574648, 0.6143376666654513, 0.7312430044922201, 0.010145496049440317]], "inverted": false, "swapped": true, "error_lsq": 0.04507747020814068, "error_max": 0.2745799544223301, "target": "325.xyz", "model": "20.xyz", "model_rescale": 4.067790424073018, "target_rescale": 4.098549261404581},
{"mapping": [12, 9, 0, 1, 7, 4, 6, 13, 8, 14, 11, 3, 2, 10, 15], "R": [[-0.27664404467446857, 0.6932957376494315, 0.6654390225281965], [0.9304593679355977, 0.3663592408133868, 0.005125552802106803], [-0.24023621119023447, 0.620581925959635, -0.7464346160282168]], "T": [-0.03894224965340415, -0.04607931366457184, 0.09263662030653907], "aligned_model": [[0.226481300785713, 0.06458892134321642, -0.19564891612090363, 0.3521019943297204, -0.5925997284417421, -0.5374046095787834, -0.4801442712157655, 0.4608931151944925, -0.12176793707933428, 0.5938808330092211, 0.4109716950949875, 0.058412979041940205, 0.5875843857977874, -0.037879964354986306, -0.021025843898048634], [-0.13665271573489035, 0.7748084927480292, -0.6178768523633537, -0.7620544283318847, -0.08621889035868006, 0.2909989816025589, -0.4652571885307602, 0.491778991407241, 0.52415875297865, 0.478377666854516, 0.029968155774577676, -0.39493473778996646, -0.08419313529256935, 0.3876767636552719, 0.010315283309107554], [-0.6292679571569847, 0.09694832462301772, -0.27465060937281804, -0.0748659125389618, -0.44184873829754, 0.18880222811608344, 0.22086221244683912, -0.5352624598374831, -0.3314025079077718, 0.2527647467800329, 0.5155717749296477, 0.4343859994128555, -0.06730227351853607, 0.757246754988045, 0.023267990954715295]], "inverted": false, "swapped": true, "error_lsq": 0.0449267357649381, "error_max": 0.3129186646081973, "target": "325.xyz", "model": "21.xyz", "model_rescale": 4.186013935880536, "target_rescale": 4.098549261404581},
{"mapping": [7, 6, 0, 13, 9, 12, 8, 4, 1, 3, 10, 2, 15], "R": [[0.27377862278647125, 0.11420337210334253, -0.9549884059533753], [0.92951257801376, -0.286501752759303, 0.23221350731613588], [-0.24708628658700799, -0.9512488294164009, -0.18459152611799468]], "T": [-0.09815664578120278, 0.06905344095484972, 0.024974592604798434], "aligned_model": [[-0.05266020961677585, -0.34680823186518317, 0.2332707758633724, 0.5116711396893898, -0.2752556503263328, 0.6143052242227834, -0.01240259535082211, -0.5805707170061573, 0.4780976829610558, -0.1802223093052564, -0.7011536357392897, 0.42378225571609307, -0.053479693819651425], [-0.3742117483951692, 0.3288348551075242, 0.2460595789286541, -0.5504212119895688, -0.5220597572421957, -0.1967375241470502, -0.633488703229484, -0.2824187452790146, 0.635566475488063, 0.5602080782600523, 0.12101484254555168, 0.19492935489420582, -0.00831883539547515], [-0.6037291804110791, -0.4824671505406944, -0.5625915781066417, 0.44657325194859604, 0.5761689452476031, -0.12183367662316628, 0.1294806110104042, -0.09781910314585747, -0.1764875487385386, 0.026745112171536047, 0.5383426253352552, 0.38733322087325534, 0.04316403231467303]], "inverted": true, "swapped": true, "error_lsq": 0.04512095523697645, "error_max": 0.28331500551188216, "target": "325.xyz", "model": "22.xyz", "model_rescale": 4.166573947596378, "target_rescale": 4.098549261404581},
{"mapping": [9, 11, 2, 12, 10, 13, 14, 9, 8, 0, 5, 6, 3, 4, 1, 15], "R": [[-0.9471276118317307, -0.31551968831105925, 0.05828047009088452], [-0.24696846938730066, 0.6009342540391118, -0.7601872121069586], [0.2048313014029262, -0.7343877372414032, -0.6470848393796869]], "T": [0.04682996139504605, 0.019927438616973808, 0.07961156925342647], "aligned_model": [[-0.038241603131022615, -0.5955311997835564, -0.14539154885065184, -0.585420659174129, 0.32724046493572595, 0.11645035818682853, -0.30452319247598447, -0.038241603131022615, 0.6743618302415602, 0.7604241747911767, 0.3316871073412139, -0.32701767283663974, -0.023231915349387518, 0.4777087212488632, 0.24308192141600185, 0.06719632739486264], [-0.5709559640732514, -0.2607074536370673, 0.44468011401629653, 0.047842097579774576, -0.27648997795723523, 0.13310013053334221, -0.3278366227183293, -0.5709559640732514, -0.40617401215600013, 0.405468120724147, 0.5912419459278878, 0.6794608861544299, -0.1608582558435517, 0.1591898740054207, 0.6937545791083801, 0.08549724981825209], [0.143398712287129, 0.4411492896717032, 0.5648386242792897, -0.09027450973511356, -0.5484393026985297, -0.7565451630944638, -0.538117240280904, 0.143398712287129, 0.3601832133166749, 0.17393783222354242, -0.45285262798507, 0.01357211191470295, 0.6486761685051613, 0.6582331915257962, 0.20427597392552613, 0.07262590776067465]], "inverted": false, "swapped": false, "error_lsq": 0.051620018107429694, "error_max": 0.3638226046860202, "target": "325.xyz", "model": "23.xyz", "model_rescale": 4.274766983524099, "target_rescale": 4.098549261404581},
{"mapping": [2, 8, 9, 11, 4, 5, 3, 6, 0, 7, 15], "R": [[0.3780471445136582, 0.5577599524321207, -0.7389074312713249], [-0.8878303652162104, 0.4446188380803035, -0.11862264296571462], [0.2623692038428287, 0.7008694060144438, 0.6632831044040253]], "T": [-0.009706507008694853, 0.02375108339422722, -0.0164804006913572], "aligned_model": [[0.2717062051539398, 0.000126214294672522, -0.4448715114401639, -0.2986609690779949, -0.37794335174959937, -0.6401293623704287, -0.0723695832181713, 0.025878252156944614, 0.5696091107350727, 0.32767759506458316, 0.018872104409220727], [-0.20669939062438386, 0.6866068587072804, 0.5170017810806947, -0.38379837168992026, 0.4286804284889671, -0.1480782149932914, -0.45150630322991936, -0.11904580423005506, -0.06918584640293454, 0.5688560530330778, 0.09275534110396788], [-0.5524544696020999, -0.2854901925749089, -0.518405945995547, -0.38727506194484085, 0.25141543202046446, 0.4627198175106799, 0.11833258442037536, 0.5877992455716294, 0.36056794605069153, 0.41113499629617806, -0.06877791773104514]], "inverted": true, "swapped": true, "error_lsq": 0.046487612379804005, "error_max": 0.23619226155081832, "target": "325.xyz", "model": "24.xyz", "model_rescale": 3.7841303162186577, "target_rescale": 4.098549261404581},
{"mapping": [5, 3, 6, 13, 9, 14, 12, 2, 8, 0, 10, 11, 4, 1, 7, 15], "R": [[-0.38019484712956425, 0.06939068513771285, -0.92229974034055], [0.7930586820636287, 0.5375790416823288, -0.2864728621482478], [0.475930462378305, -0.8403533225733255, -0.25941566687527745]], "T": [0.13932269754520213, 0.09594943168456707, 0.04950959389246029], "aligned_model": [[-0.3349560115977468, -0.5983165167013141, -0.21229502057389601, -0.5514233095421998, 0.30063876965467645, -0.02849611160094967, -0.27158157806945593, 0.27601930648087947, 0.6453541506449856, 0.7252158898885992, 0.40945275274661996, -0.35760819440574465, -0.024652371370760234, 0.594341757386052, 0.2744614305390719, 0.09439656734502103], [-0.6273813259310091, -0.034304478354819534, 0.3492753215001273, 0.16140716966137825, -0.2155867328296124, 0.03167567514641223, -0.40666234374309207, -0.6451621166269796, -0.17535925934705346, 0.4428520768703821, 0.580959670639465, 0.6787415819701903, -0.29159975141774963, -0.016373868088676052, 0.7192995712813337, 0.1144755566789476], [0.19508111097137817, 0.34602973850051993, 0.6276250028696833, -0.31185619793461705, -0.41853212604828227, -0.7231511944408178, -0.3425503325361214, 0.07884793045011347, 0.19015647897454538, 0.3282884870682901, -0.4955132741259289, -0.003787379314109343, 0.665644441396712, 0.6268981331905683, 0.17591246731613788, 0.09896760756517606]], "inverted": false, "swapped": false, "error_lsq": 0.03850074631944506, "error_max": 0.26726503848632255, "target": "325.xyz", "model": "25.xyz", "model_rescale": 4.19342608120988, "target_rescale": 4.098549261404581},
{"mapping": [13, 2, 12, 4, 7, 9, 6, 10, 1, 14, 3, 15], "R": [[0.8145397407774312, -0.44622748342266316, -0.3706832120996476], [0.32590587795616877, -0.17661782064694406, 0.9287580439186208], [-0.47990662571781006, -0.8773181740213757, 0.0015659259065981257]], "T": [-0.04120567445999222, 0.12614871647086148, -0.1269650763483224], "aligned_model": [[-0.09235105367342676, 0.43959400009893046, 0.07842549261410305, -0.6115748386608626, -0.5547469278347019, -0.4458542393216723, -0.11245792223929431, -0.16717830131812977, 0.6557568642463806, 0.1738862513199454, 0.3085203951130736, -0.07421116571256459], [-0.7606335273785098, -0.2595182886008166, -0.5955355442651422, 0.330963987020794, -0.11058538371800608, -0.11174551224210147, 0.5199940505664479, 0.605812607878162, -0.005791317233433402, -0.11691339247487323, 0.4726890802567255, 0.04403966793173368], [0.2530159828002233, 0.07218655490270734, -0.3812476611304987, -0.06321519786756895, -0.6504674496836029, 0.5544011686179093, -0.6030113840593597, 0.4926360394881394, -0.5633457716488143, 0.6449270598422644, -0.2016125019149193, -0.10500837813705909]], "inverted": true, "swapped": true, "error_lsq": 0.04191542081921423, "error_max": 0.23598899697280842, "target": "325.xyz", "model": "26.xyz", "model_rescale": 3.795458400668931, "target_rescale": 4.098549261404581},
