[{"mapping": [13, 6, 9, 10, 7, 8, 11, 3, 1, 12, 0, 4, 5, 14], "R": [[0.9516919574977412, 0.28458499019166617, 0.11529874843955218], [0.09492556522380408, 0.0844202723989958, -0.9918983590444238], [-0.2920129365303174, 0.9549264898230067, 0.05332770324373819]], "T": [-0.07423453735834501, 0.08361399977341327, 0.08961317148679399], "aligned_model": [[-0.06980419984323118, 0.32380765365431946, -0.5355798647119991, -0.311411682229625, -0.5235392182299233, 0.050991329838863675, -0.7437818622537293, 0.05018173683978125, -0.45230653447844466, 0.2177718853252843, 0.533739518425727, 0.3140808338783569, 0.5987544621416221, -0.08141195722869816], [-0.6736609808326792, -0.29847195871029775, -0.36374841283993736, -0.2371431037773764, 0.31530318211038244, 0.14262021826394716, 0.12230768392656131, 0.4291178026629085, 0.6566209776714835, -0.26803824305404306, 0.6463091487546357, 0.5400691828913937, 0.05214751684048191, 0.17184031790257442], [0.2329052430608044, -0.3300203364100948, 0.4795177420835366, -0.42158264180536337, 0.6900846082392706, -0.5999069201549345, -0.1029716414629297, 0.6689747811149582, 0.24420722965600067, 0.5600761186690385, 0.38490568859748975, -0.20709379891250407, 0.2338167090269761, 0.06467530547758478]], "inverted": false, "swapped": true, "error_lsq": 0.05091188301234677, "error_max": 0.24153042490467713, "target": "326.xyz", "model": "0.xyz", "model_rescale": 3.8414455957264533, "target_rescale": 4.234470000636072},
{"mapping": [2, 5, 6, 4, 9, 7, 13, 3, 8, 1, 12, 10, 0, 11, 14], "R": [[-0.04526793766505888, -0.08937769015527292, -0.9949685634843246], [0.7964008343127871, 0.5980415543919693, -0.08995560197305214], [0.6030725701981887, -0.7964658986566502, 0.044108359203278574]], "T": [0.07149863243608691, 0.025284129375701243, -0.07547945547160656], "aligned_model": [[0.2089993412121528, -0.3385527675674739, 0.11483966507740748, 0.006399185855968145, 0.7202345389323467, 0.5978421955368, 0.502163652592765, -0.5812654100303072, 0.24828682473893615, -0.5771742293446646, -0.24082122594699523, -0.42620065524029943, 0.25739265094188846, -0.2122972223168797, -0.012759194707200078], [0.3607401110945244, 0.06629232970200732, -0.2912700387220504, 0.5574224079675364, -0.14963201240750418, 0.3938959983745613, -0.2601203414300676, 0.44718620134017173, -0.7429345673440423, 0.3666911482007104, -0.5542384897220675, -0.4005472954937529, 0.5152833509590778, -0.14108630835545796, 0.03083996552403932], [-0.7182605745421426, -0.5897740809963254, -0.7881800850021037, -0.1671754169992088, -0.19403639099034814, -0.08201747892938939, 0.47942497692811475, -0.17178432853146, -0.021735929600291422, 0.3840449258782102, 0.31039537381984506, -0.273833474968208, 0.4253813497813265, 0.7106796838915057, -0.04492212710060443]], "inverted": true, "swapped": false, "error_lsq": 0.05377334301709407, "error_max": 0.4404838678966115, "target": "326.xyz", "model": "1.xyz", "model_rescale": 4.316132596720782, "target_rescale": 4.234470000636072},
{"mapping": [5, 6, 12, 1, 3, 4, 7, 2, 9, 8, 11, 14], "R": [[-0.29119710892617373, -0.519945280165006, 0.8030324709419735], [-0.7361886073235755, -0.41425685261553263, -0.5351799645988695], [0.6109260005925533, -0.7470262148647839, -0.26214739385464286]], "T": [0.060319581233173526, -0.05333127965990293, -0.05821994559001241], "aligned_model": [[-0.18930203703972157, 0.4143399830010675, 0.09504343556418451, -0.36836508934130324, -0.49455198406004036, -0.3556490783700486, -0.2127680449262684, -0.28658487940794614, 0.4583208211501319, 0.22165282986875498, 0.32035901518967214, -0.004686416996701685], [-0.6892750510907028, -0.4786955945112434, -0.5585582173203688, 0.49121767018678664, -0.136836658663663, -0.13863411548422339, 0.3152660450416972, 0.5333006060062145, 0.0806354201739057, 0.0057900826892383, 0.5927806208295995, -0.004214380116260082], [0.031018838043727612, 0.3592178356775382, -0.4751161327254916, -0.18016521603050156, -0.45275328957234423, 0.4583734036177801, -0.6951498322196884, 0.577921728696453, -0.6816348554395605, 0.6237459302513924, -0.10063028018213596, -0.015569668907747837]], "inverted": false, "swapped": true, "error_lsq": 0.04808827085043379, "error_max": 0.3272095794999772, "target": "326.xyz", "model": "2.xyz", "model_rescale": 3.795458400668931, "target_rescale": 4.234470000636072},
{"mapping": [1, 11, 2, 6, 3, 5, 8, 9, 10, 13, 0, 14], "R": [[0.3640166753382744, -0.34718387439541987, -0.8642657099731856], [-0.6511404589187259, -0.7583487791256044, 0.030384732314377938], [-0.6659639350856625, 0.5516978217815351, -0.5021170686271569]], "T": [0.10941361695845911, 0.03297164663268631, 0.03472531641871322], "aligned_model": [[-0.25405155594163253, 0.08192334151774214, -0.7545859780406979, 0.1769941237551774, 0.07336824997175831, 0.10674830764316767, -0.2936845678654185, 0.7522207796325068, 0.17378797837399512, 0.831256586005305, -0.32298520539313225, 0.022311766084794113], [-0.10990518363108298, -0.6205876113712228, -0.3142187462792605, 0.08113278964332785, 0.4988285820977442, 0.6647631215890366, -0.22074208718230282, -0.21305311435515176, -0.4865503852957305, -0.0051638406007746, 0.7837819982213854, 0.027483522453741718], [-0.5506412644602849, -0.20814154562788706, -0.011312002875732544, 0.7229352595693728, -0.46746011646966, 0.3095551210869315, 0.5521636248950136, -0.2673822506138516, 0.4173636273447432, 0.3021314767245812, -0.11617540667867786, 0.005734907744552202]], "inverted": true, "swapped": true, "error_lsq": 0.05276775262498573, "error_max": 0.265208718821375, "target": "326.xyz", "model": "3.xyz", "model_rescale": 3.7530521520055578, "target_rescale": 4.234470000636072},
{"mapping": [1, 10, 9, 13, 7, 6, 3, 4, 0, 12, 14], "R": [[-0.4035355026583499, 0.5086126990963634, 0.7605736127503933], [0.7881812386232925, -0.22893620022368882, 0.5712779982717622], [0.464682077528847, 0.8300008063520488, -0.3084951025193487]], "T": [-0.13723803452615832, -0.015250593943563068, -0.08838804869856648], "aligned_model": [[-0.40997817000980064, -0.1900370216628146, 0.5192593281140296, 0.522172460867068, 0.1439173325180411, -0.18138222700743115, -0.041993985398765504, -0.7294541146109703, -0.4611140826530732, 0.38517244849477783, -0.21836236620585617], [-0.6566807766810848, 0.18446829733372247, -0.2960672705567263, 0.31522226616561955, -0.7222120833586255, 0.654451859461305, -0.3407967846062516, 0.1671001531091436, 0.030079078856345504, 0.18694396991148338, -0.055305351320585006], [0.008332650829291036, -0.7030293330907957, -0.32323144427300815, -0.3119571190436019, 0.10468611292578411, -0.26179352906208725, 0.5078169585415733, 0.16301502915808191, 0.7280098200325136, 0.2528846883062723, -0.07190305707870684]], "inverted": false, "swapped": true, "error_lsq": 0.05099770197152819, "error_max": 0.2516711649547507, "target": "326.xyz", "model": "4.xyz", "model_rescale": 3.7855080009869324, "target_rescale": 4.234470000636072},
{"mapping": [7, 13, 15, 6, 10, 5, 3, 11, 9, 1, 2, 12, 4, 0, 16], "R": [[-0.0751743489952342, -0.6838906509432713, 0.7257013123906636], [0.8939449747469911, -0.3686766118824315, -0.2548331571351985], [0.4418271148059437, 0.6295801246888912, 0.6390756349752164]], "T": [-0.002924174622310101, -0.017404691560950043, -0.1373417309948083], "aligned_model": [[0.48923248133517366, -0.4536190691865605, 0.1493232418611683, -0.14376712014065013, 0.6757773689971864, 0.6439579634197661, 0.396136636851353, -0.6932622651800519, 0.30685991494907167, -0.44367357747905006, -0.11378516627799656, -0.666185784567436, 0.036762282678715154, 0.09649481762994211, -0.013164375156185681], [0.5417679432095346, 0.04439457579671204, -0.5024190140458249, 0.5806114889330655, -0.13416955661331303, 0.18022021972824798, -0.38915607134967317, 0.3676669574501859, -0.6576841481996644, 0.1839009699484879, -0.5427604684638543, -0.16654421538504188, 0.6202497702260754, 0.14254126954485125, -0.07009726109210239], [-0.21782317231198295, -0.7011879879152333, -0.786109746424438, -0.35783431733736437, -0.3754477054097747, 0.3071705169122121, 0.2927373149611676, -0.2244587451382894, -0.1058765994377121, 0.44431102926258514, 0.37009972945413383, -0.10723023457441211, 0.23524726016749242, 0.6196305517381869, -0.135021471307651]], "inverted": true, "swapped": false, "error_lsq": 0.045760278277155265, "error_max": 0.26361668384818293, "target": "326.xyz", "model": "5.xyz", "model_rescale": 4.2253639853439635, "target_rescale": 4.234470000636072},
{"mapping": [2, 11, 13, 6, 10, 12, 5, 4, 7, 1, 9, 3, 0, 14], "R": [[0.5594714690606921, -0.2176960282716973, -0.7997500325612995], [-0.5829581153318155, 0.582551483745134, -0.5663864445368734], [0.5891956475364094, 0.7830978278995999, 0.19901326805788572]], "T": [0.004016174337267146, -0.10280176072151538, -9.996564807390751e-05], "aligned_model": [[0.7606769088238647, -0.13751074767552537, -0.6806416702158481, 0.011909154044242868, -0.13970395498330465, -0.37141881671578825, 0.17285442007128565, 0.6516625641348973, -0.2226469205043726, 0.2714615984564724, -0.7023022535802667, 0.09735707116123876, 0.5776903169551849, 0.08467448278570316], [-0.019763959554922286, 0.08878236114829334, -0.42580898915460813, -0.7881398456074046, -0.5292303459560191, -0.1032631461901156, -0.32562267044503107, -0.23219804745730488, 0.6481805298237245, 0.49499424118168356, 0.1297208682751806, 0.4360712747468344, 0.1392605793590927, -0.06788370353441292], [-0.5383612036361893, -0.6559546646780862, 0.14456381071035346, 0.10367361828692225, -0.46696446759482935, 0.5377762190468014, 0.6296170201500556, 0.10471388257143475, -0.027848128558482073, -0.25756382675043, -0.10985295581730162, 0.41392357285258585, 0.6209956433054925, -0.02716031095687883]], "inverted": false, "swapped": true, "error_lsq": 0.04647810562291677, "error_max": 0.30766086813253546, "target": "326.xyz", "model": "6.xyz", "model_rescale": 3.89814844738969, "target_rescale": 4.234470000636072},
{"mapping": [4, 0, 5, 2, 6, 3, 1, 8, 11, 7, 12, 10, 14], "R": [[0.767718713870043, -0.209701152286955, 0.6055026037130234], [-0.1581476769588073, 0.8536984049242442, 0.4961737051702098], [-0.6209648046759656, -0.47668066895913125, 0.6222364913715809]], "T": [-0.03508822104782025, 0.1641354705778722, 0.10447723028980076], "aligned_model": [[0.11995318667312985, -0.007424999658973336, 0.4240544137095177, -0.337691967470631, 0.6327236796727013, -0.3585632698710748, -0.6883063991706038, 0.29588206327963074, -0.4766508887093718, -0.729758025998836, 0.18853151790194736, 0.16462904982973217, -0.07874655928294601], [-0.2397895474000168, 0.27247051556850066, 0.40657187621218005, -0.6809130244784121, 0.01737096762147139, 0.5468189263907368, -0.00449856569550694, -0.45499531935332665, -0.1238862279936766, 0.5292244752884208, 0.7785423069682436, -0.18566816924106788, 0.10253305158293935], [-0.40540700143438674, -0.7678496683350067, -0.3484152772729154, -0.14747498246267138, 0.21852543226787596, -0.36395571821329126, -0.09563106071180795, 0.1461538936020098, 0.5615829547413362, 0.08821683209520313, 0.051933085094664586, 0.6126206178662387, 0.0519759235990463]], "inverted": false, "swapped": true, "error_lsq": 0.045046392582222615, "error_max": 0.35074335807032203, "target": "326.xyz", "model": "7.xyz", "model_rescale": 3.7474275329858107, "target_rescale": 4.234470000636072},
{"mapping": [7, 0, 10, 5, 11, 9, 13, 3, 12, 2, 13, 1, 8, 4, 14], "R": [[-0.0184506382945821, 0.19281709897424293, 0.9810612316719479], [-0.23222632257312514, -0.9552204138792174, 0.18337092466522406], [0.9724867654887058, -0.22444493144549613, 0.06240163217209321]], "T": [-0.009561227517555709, 0.010510935357412375, -0.1404659979486365], "aligned_model": [[0.42790232605692596, -0.4844812425090298, 0.20951872093986304, 0.10807823833913487, 0.5876187957007779, 0.6236561541560101, 0.24875013116196595, -0.46975437353044547, 0.15379835495750654, -0.6424010064470018, 0.24875013116196595, -0.6601044512818381, -0.02312832561580899, -0.029122301900009136, -0.03199380145557242], [0.31422793893186923, -0.025776570405638327, -0.2164145036720306, 0.7018716085849582, -0.14047853383449665, 0.414890351054624, -0.5610723151316377, 0.5483681846450535, -0.5838759983670642, 0.10982034044481732, -0.5610723151316377, -0.36203740574012, 0.5133209616249503, 0.05944976947601151, -0.012699052791972887], [-0.5650354892663206, -0.595820183075946, -0.8302284070384993, -0.28607794666574715, -0.22447882823046256, -0.01455541143878833, 0.5034902571107269, -0.2547742860825404, -0.16616499852343655, 0.4056484150781225, 0.5034902571107269, -0.08752199347500503, 0.3201947527025933, 0.6402056364339903, -0.09016535200049383]], "inverted": false, "swapped": false, "error_lsq": 0.05737392286238009, "error_max": 0.4295590254179406, "target": "326.xyz", "model": "8.xyz", "model_rescale": 4.019505241142653, "target_rescale": 4.234470000636072},
{"mapping": [3, 1, 4, 5, 12, 6, 8, 7, 9, 11, 2, 10, 14], "R": [[-0.4440872797946985, 0.22246750006711113, -0.8679255148562206], [-0.19312893683153365, 0.9221462601407873, 0.3351827690479951], [0.8749215403011101, 0.3164719360737221, -0.36654851247124615]], "T": [0.09258675309728481, -0.12288374172546224, 0.022008119392594144], "aligned_model": [[-0.31101865376286436, -0.6067360813077949, -0.02353726956846841, 0.38544729005151235, 0.38206902441288376, 0.7195916244218925, 0.3046800077711862, -0.4855057468348136, 0.13997477287324817, -0.1904327521416574, -0.42110598780236763, 0.4034988199086963, 0.022775723719722876], [-0.5963736413961496, -0.06975599051441725, 0.23947812275519376, -0.3480910863489527, -0.7023360843289622, 0.12683241008639418, 0.5369261948825025, -0.5803127422984663, -0.5631890290323639, 0.1500896434733559, 0.6387622040226812, 0.3054966708029683, -0.07414844398972503], [-0.2668208131444356, 0.07945174287150736, -0.5278866692238494, -0.5595530132991942, -0.08142027463318724, -0.1361888505718046, -0.09744273781943523, 0.2916157802216357, 0.6293662040624355, 0.5984326350702249, -0.13664598590978191, 0.39655209001292424, -0.012756613593160257]], "inverted": true, "swapped": true, "error_lsq": 0.05165402809360487, "error_max": 0.30902388521222196, "target": "326.xyz", "model": "9.xyz", "model_rescale": 3.877068213659057, "target_rescale": 4.234470000636072},
{"mapping": [9, 2, 13, 8, 10, 11, 12, 7, 6, 1, 3, 4, 0, 5, 15], "R": [[-0.5202126811930252, -0.8432263781388605, -0.1354549428289099], [0.5923238005760678, -0.4704901518892676, 0.6540577438165047], [-0.6152489590377919, 0.26001594602261097, 0.744217996434432]], "T": [0.04812016454166528, -0.05651601255587334, -0.13022039656098164], "aligned_model": [[0.24489194158998265, -0.2732375523912834, -0.032302153301128005, 0.004132238485879257, 0.7236027993574161, 0.6086522483771339, 0.4580411127985445, -0.6264228917502515, 0.4012704143589064, -0.49792393600238777, -0.1815135433955066, -0.6092007819561841, 0.20606148473623825, -0.22831329486032131, 0.0693492636874058], [0.3300303867302217, 0.05256457399347085, -0.6243177472174759, 0.7115120576843886, -0.04925261301659549, 0.3714893337948727, -0.20016161346872624, 0.39460860955569355, -0.5584222670618065, 0.3337210553340726, -0.5739122028358558, -0.2177898134830209, 0.38599043181595083, -0.14773079828049995, -0.00980693385700395], [-0.6277222084731144, -0.7004712197565284, -0.648652587760312, -0.18955741276863866, -0.346741140484934, 0.08719736432793215, 0.4776660839862471, -0.2183385555854658, -0.06956079001186674, 0.41974094872532874, 0.1567131936493855, -0.13347833680798232, 0.5124370718453157, 0.5952172972699843, -0.056243285516431055]], "inverted": true, "swapped": false, "error_lsq": 0.04767139233203172, "error_max": 0.3800602587612337, "target": "326.xyz", "model": "10.xyz", "model_rescale": 4.260839863003843, "target_rescale": 4.234470000636072},
{"mapping": [7, 12, 13, 9, 10, 11, 1, 3, 5, 6, 4, 14], "R": [[-0.3319780632158055, -0.7445969668672633, 0.5791078677375696], [0.08317017428617812, 0.5884291119910966, 0.804259847481258], [-0.9396133713675479, 0.3151611287792978, -0.1334172974312906]], "T": [-0.010402842990789944, 0.08984029799361616, 0.02758853728273896], "aligned_model": [[0.2875881292970204, 0.16343122296132673, -0.4312473736457236, -0.2949102286304004, -0.632412132842724, -0.4055517637434691, 0.2886603001293078, 0.6159209636579288, 0.3629499132362947, -0.32714644811484533, 0.3008675108040951, 0.03074855598531933], [0.06521873300428431, -0.5426411151962357, -0.555360473741784, -0.3110755346796343, 0.2296619945523788, 0.4574821967543902, 0.5525169253014532, -0.03297106307352231, -0.24553434539654978, -0.08444049486819825, 0.4681663358412439, 0.172055347035108], [-0.6981632651904686, 0.024209938549971055, 0.002618813850156769, -0.5410240338858437, 0.1459676467756572, -0.41465177787447777, -0.410208595551245, -0.22370416182584885, 0.49963785803619143, 0.6190437260324028, 0.48273177182810617, 0.029720156650902916]], "inverted": true, "swapped": true, "error_lsq": 0.05048491056552776, "error_max": 0.30893009908201297, "target": "326.xyz", "model": "11.xyz", "model_rescale": 3.890672605050136, "target_rescale": 4.234470000636072},
{"mapping": [9, 7, 3, 13, 12, 8, 11, 6, 10, 2, 0, 1, 4, 14], "R": [[-0.13184302414993837, -0.7179955236259381, -0.6834470316243342], [-0.12282624574169565, -0.6723196878469154, 0.729999966226319], [-0.9836316029591563, 0.18019063623435372, 0.0004519662149629622]], "T": [0.13797803071097287, -0.04057050654307405, 0.11816075007733873], "aligned_model": [[0.4865571952727657, 0.22473857790917962, 0.37590078207274596, 0.6957256225316852, 0.791565049000027, -0.31788184110247475, -0.29065083673657915, 0.24484566670555521, -0.1143889928358856, -0.7595204819113706, 0.24794789745691664, -0.2573707454459027, -0.182232706561491, 0.06464064843852213], [-0.27731229509546435, 0.38297329735858576, 0.5897438182106489, -0.5584420970220993, 0.013026115256356482, -0.35685967917465994, -0.2691601880154123, -0.49221498870410674, -0.6378728550089471, 0.15919624178838154, 0.7090832838611417, 0.41651819851037636, 0.2398779949639967, 0.013595672898967737], [-0.5042893322978956, -0.5369757039893296, -0.010714298718330711, -0.003265283010082859, 0.13278426200800622, 0.5503113545657705, -0.3827422177335863, 0.6330550271448246, 0.11790190984358426, 0.2722567265291478, 0.5646826160543319, -0.2423167325083349, 0.6339018767633539, 0.13020023070540238]], "inverted": true, "swapped": true, "error_lsq": 0.046278093138843235, "error_max": 0.33517687682074937, "target": "326.xyz", "model": "12.xyz", "model_rescale": 4.124412569039231, "target_rescale": 4.234470000636072},
{"mapping": [12, 3, 4, 9, 5, 6, 7, 10, 1, 11, 8, 2, 14], "R": [[0.820989573808308, -0.4805772398731436, -0.3082557967240255], [-0.19118957856358748, 0.2773266577507774, -0.9415606565428808], [0.5379801713322997, 0.8319467779952597, 0.13580093459389486]], "T": [0.07748769644400061, 0.034718118244719695, 0.03823303630505622], "aligned_model": [[-0.2017582837987873, -0.14248848127126307, 0.6827732261807811, -0.6357998604852406, 0.37343730173214446, 0.4888801643489917, -0.5460451904779366, 0.18853610656050834, -0.06670534508992815, -0.1792888838071358, 0.6670710838632568, 0.6174647738210892, 0.12122169593327801], [-0.2301037669180787, 0.48957392027469737, 0.3010117274291596, -0.18237825591469659, -0.09823456937546927, -0.5218454879597895, 0.5097831587483225, -0.3546013582776502, 0.6946897718378301, 0.16064585294313294, -0.12283755991498548, 0.5894276928549008, 0.1123542507811041], [0.5694142550078075, 0.5021606625624632, 0.13769322540746254, -0.057099219092931426, 0.6460458423725147, 0.07712694387551564, 0.07873570336257839, -0.4682823858352357, -0.1587962452097845, -0.5982319863906506, -0.31129356636251443, -0.4812647477132856, 0.015489598983899164]], "inverted": false, "swapped": true, "error_lsq": 0.04123012206561505, "error_max": 0.2828868879961742, "target": "326.xyz", "model": "13.xyz", "model_rescale": 3.9028299243045295, "target_rescale": 4.234470000636072},
{"mapping": [14, 10, 7, 13, 9, 11, 1, 5, 6, 8, 3, 4, 12, 2, 15], "R": [[-0.42319561334983796, 0.9059813598765327, 0.01016112187324493], [0.8900880520526779, 0.4136242675713234, 0.19146337735754007], [0.169259364392414, 0.09007075458968208, -0.9814471594197629]], "T": [-0.06119793083999571, -0.024982465755007496, 0.04200626616992115], "aligned_model": [[0.41669201028510894, -0.1817877509763361, 0.06117911726623794, -0.1542997315261599, 0.5328958520282229, 0.6170605926987138, 0.47014754961814287, -0.4382872124060242, 0.3610250381315587, -0.5405448603028882, -0.23945645507637142, -0.612449967070524, 0.08852308772367952, -0.11855383755342513, 0.004943916894509126], [0.4431473943361344, 0.08520159249848776, -0.5365811100492471, 0.7002958270631626, -0.24872746879394392, 0.26787207861586293, -0.07857690948163713, 0.3125095638292572, -0.5364814977665614, 0.3166569021233661, -0.6215398369844682, -0.23377069805984035, 0.608122504003528, -0.20541545139680417, -0.07419043024961049], [-0.5372400467621894, -0.6850908185685955, -0.6955021345214005, -0.2709710564446551, -0.40278155654569525, 0.034372169868087964, 0.41213917708321596, -0.035483328939764025, 0.10912382701152394, 0.5420224889945269, 0.0741410854010287, -0.29249626070458234, 0.28899210144835497, 0.7535566910965401, -0.0365759157774761]], "inverted": false, "swapped": false, "error_lsq": 0.04954049513916743, "error_max": 0.2991332154064701, "target": "326.xyz", "model": "14.xyz", "model_rescale": 3.942246331269136, "target_rescale": 4.234470000636072},
{"mapping": [7, 5, 9, 0, 6, 8, 11, 1, 10, 12, 4, 3, 8, 13, 14], "R": [[-0.09409173498694735, 0.9038085939710802, 0.4174646941612732], [-0.9752481213657919, 0.0006017604809796101, -0.2211125045238685], [-0.20009459557829215, -0.4279365178952865, 0.8813810126568516]], "T": [-0.015960180281120142, -0.06891425627477445, -0.08525855033624782], "aligned_model": [[0.5292169760311303, -0.414755964134529, 0.3552001680774235, -0.011802804972210281, 0.5402269129591417, 0.4816051397632992, 0.4691961018400309, -0.7297295113460273, 0.20064120118484444, -0.5584680056636083, -0.17632079610059975, -0.7062927360499205, 0.4816051397632992, -0.14200883177232013, -0.05122563984550886], [0.37390386066504366, -0.052015269933497005, -0.31863868544225943, 0.6415528051136131, -0.07175994749580085, 0.46050945803132015, -0.2680823121477426, 0.30115205651685734, -0.7413343712686503, 0.2908702347321241, -0.5489255177432196, -0.2643661064224362, 0.46050945803132015, -0.08466251995587247, 0.01980931700688618], [-0.5727762337839365, -0.5786710605449947, -0.7546164601391425, -0.2748284682582317, -0.14388626300563068, 0.18116256239175035, 0.40368571243274565, -0.18638076326980538, -0.18493576208407175, 0.40902541419468774, 0.21060905295967577, -0.0429801016866265, 0.18116256239175035, 0.7177318457169035, -0.1060956146761537]], "inverted": false, "swapped": false, "error_lsq": 0.05517137002520709, "error_max": 0.4396123147558872, "target": "326.xyz", "model": "15.xyz", "model_rescale": 4.355366556412066, "target_rescale": 4.234470000636072},
{"mapping": [5, 6, 12, 1, 3, 4, 7, 2, 9, 8, 11, 14], "R": [[-0.29119710892617373, -0.519945280165006, 0.8030324709419735], [-0.7361886073235755, -0.41425685261553263, -0.5351799645988695], [0.6109260005925533, -0.7470262148647839, -0.26214739385464286]], "T": [0.060319581233173526, -0.05333127965990293, -0.05821994559001241], "aligned_model": [[-0.18930203703972157, 0.4143399830010675, 0.09504343556418451, -0.36836508934130324, -0.49455198406004036, -0.3556490783700486, -0.2127680449262684, -0.28658487940794614, 0.4583208211501319, 0.22165282986875498, 0.32035901518967214, -0.004686416996701685], [-0.6892750510907028, -0.4786955945112434, -0.5585582173203688, 0.49121767018678664, -0.136836658663663, -0.13863411548422339, 0.3152660450416972, 0.5333006060062145, 0.0806354201739057, 0.0057900826892383, 0.5927806208295995, -0.004214380116260082], [0.031018838043727612, 0.3592178356775382, -0.4751161327254916, -0.18016521603050156, -0.45275328957234423, 0.4583734036177801, -0.6951498322196884, 0.577921728696453, -0.6816348554395605, 0.6237459302513924, -0.10063028018213596, -0.015569668907747837]], "inverted": false, "swapped": true, "error_lsq": 0.04808827085043379, "error_max": 0.3272095794999772, "target": "326.xyz", "model": "16.xyz", "model_rescale": 3.795458400668931, "target_rescale": 4.234470000636072},
{"mapping": [4, 0, 5, 2, 6, 3, 1, 8, 11, 7, 12, 10, 14], "R": [[0.767718713870043, -0.209701152286955, 0.6055026037130234], [-0.1581476769588073, 0.8536984049242442, 0.4961737051702098], [-0.6209648046759656, -0.47668066895913125, 0.6222364913715809]], "T": [-0.03508822104782025, 0.1641354705778722, 0.10447723028980076], "aligned_model": [[0.11995318667312985, -0.007424999658973336, 0.4240544137095177, -0.337691967470631, 0.6327236796727013, -0.3585632698710748, -0.6883063991706038, 0.29588206327963074, -0.4766508887093718, -0.729758025998836, 0.18853151790194736, 0.16462904982973217, -0.07874655928294601], [-0.2397895474000168, 0.27247051556850066, 0.40657187621218005, -0.6809130244784121, 0.01737096762147139, 0.5468189263907368, -0.00449856569550694, -0.45499531935332665, -0.1238862279936766, 0.5292244752884208, 0.7785423069682436, -0.18566816924106788, 0.10253305158293935], [-0.40540700143438674, -0.7678496683350067, -0.3484152772729154, -0.14747498246267138, 0.21852543226787596, -0.36395571821329126, -0.09563106071180795, 0.1461538936020098, 0.5615829547413362, 0.08821683209520313, 0.051933085094664586, 0.6126206178662387, 0.0519759235990463]], "inverted": false, "swapped": true, "error_lsq": 0.045046392582222615, "error_max": 0.35074335807032203, "target": "326.xyz", "model": "17.xyz", "model_rescale": 3.7474275329858107, "target_rescale": 4.234470000636072},
{"mapping": [4, 1, 2, 3, 6, 13, 8, 11, 5, 10, 12, 7, 9, 14], "R": [[-0.22554558049467088, 0.8717816531921986, 0.43488612334357063], [0.9440552031797068, 0.08533308498790942, 0.3185561770799131], [0.240601256165974, 0.4824054454128017, -0.8422565059217008]], "T": [0.006821234869994839, -0.07246379711327758, 0.024149020070938304], "aligned_model": [[0.4208676713831132, 0.11322966375172971, 0.8189551437307863, -0.40647695644512855, 0.21538111238948138, -0.41273974681321424, 0.6541487637458047, 0.25493384768184013, -0.19425333926602004, 0.37611066084946476, -0.5844762880837212, -0.4211302760646844, -0.4835584332038468, 0.06385582422727178], [-0.39758000489790635, 0.44325498552684506, 0.16076179700290666, -0.013453414293472507, -0.6124670859353305, -0.2172847132182227, -0.301865924363528, 0.544295976717158, -0.6995150846809365, -0.005781761217657361, -0.34633334960438744, 0.5158083153139906, 0.3412294874087014, -0.05066098224692676], [-0.38821027455454604, -0.4426337324409718, -0.36980559683883096, -0.5201069322001339, 0.4054871534864808, 0.6542387968694302, 0.17561830007867005, 0.2361094984509853, -0.17851990115527985, 0.5529572111984805, 0.09914997348216456, -0.2706626924673401, 0.41579153684321635, -0.04461862209066986]], "inverted": true, "swapped": true, "error_lsq": 0.0480697652022057, "error_max": 0.29611561429389, "target": "326.xyz", "model": "18.xyz", "model_rescale": 3.922800546911778, "target_rescale": 4.234470000636072},
{"mapping": [11, 9, 10, 7, 4, 13, 8, 3, 6, 0, 1, 2, 12, 5, 14], "R": [[-0.10071615053076848, -0.7105680380371486, 0.6963830270349078], [0.057951136483631316, 0.6945639063385334, 0.7170931918460898], [-0.9932260179850905, 0.11257905369914423, -0.028775577590833462]], "T": [0.06182135685070683, -0.02148688408547439, 0.017626306075013864], "aligned_model": [[0.34570638105858514, -0.3954227421916486, 0.09201694722799084, -0.012166860319774542, 0.6369616414493755, 0.6322449854826517, 0.48562619278136937, -0.41682192019196856, 0.3350172614054166, -0.6978816152753371, -0.24258990398537839, -0.4957663210005368, 0.09938968022863987, -0.13854060164561802, 0.0393142247106774], [0.2255984409036749, 0.1523961676116446, -0.4057880810693774, 0.70608552254268, -0.25779387095482575, 0.35367658223593573, -0.18267441345998292, 0.3997218166127541, -0.6526274081403659, 0.0067700235450351975, -0.6479435985775688, -0.2678423404042216, 0.6503858926249796, 0.05789569554206357, 0.06066203067526124], [-0.5870237976827741, -0.633093068262669, -0.6908943101259635, -0.3038937646700405, -0.3528325986373115, -0.05775939718664186, 0.42847749012776204, 0.06893992398550838, -0.035226400036996425, 0.36475103436571676, 0.2683628073663122, -0.3585836531741079, 0.42479904283481795, 0.7498060734989094, -0.02762295976360251]], "inverted": false, "swapped": false, "error_lsq": 0.05057181270461882, "error_max": 0.36424881201900505, "target": "326.xyz", "model": "19.xyz", "model_rescale": 3.9282355846067225, "target_rescale": 4.234470000636072},
{"mapping": [13, 10, 11, 6, 5, 8, 4, 1, 0, 3, 9, 12, 7, 14], "R": [[0.6642297405249069, 0.23342935182385552, 0.7101475829074612], [-0.5598435170355436, -0.47417641006198497, 0.6795086228842142], [0.4953524888758386, -0.8489213566920217, -0.1842781645141096]], "T": [-0.010295018350728574, -0.1379700769463703, -0.008035108127683054], "aligned_model": [[-0.4940758438288222, 0.009571647762963986, 0.5491752198202925, -0.5304282899215046, -0.5647260492677676, -0.025277290040701887, -0.009783196954067125, 0.6306443370668173, -0.15472793102069268, 0.06867168237108237, 0.04561493266975561, -0.48822536695695873, 0.4442715128656133, 0.05181745451866609], [-0.6800577070932619, -0.6532149368802747, -0.5516538066004363, -0.3026964802801073, 0.27104210744201096, -0.1934017788153913, 0.3659910119911707, 0.1179192715699543, 0.7267881764955689, 0.34705089539053124, -0.6544119786352491, -0.11657499875001653, -0.07307106808070601, -0.08082662032895696], [0.24909279012508923, -0.40121105721947664, -0.06036632316375294, -0.4356402277137785, -0.004259103181749838, -0.7089659651859058, -0.4475782196574195, 0.12941356789473588, 0.061162078930907596, 0.47053680744808746, 0.5352512371998794, 0.440726819797997, 0.6285793019879414, -0.04455855001887221]], "inverted": true, "swapped": true, "error_lsq": 0.044753842887585146, "error_max": 0.2638952082430039, "target": "326.xyz", "model": "20.xyz", "model_rescale": 4.067790424073018, "target_rescale": 4.234470000636072},
{"mapping": [7, 12, 3, 9, 0, 8, 4, 10, 2, 13, 6, 11, 1, 5, 14], "R": [[0.2033565670088595, -0.1879489026644222, 0.9608961008567007], [-0.4361595163245392, -0.8960373675709693, -0.08295729163872007], [0.8765905446523568, -0.40223406855179145, -0.2641907854607302]], "T": [0.03136336695569074, -0.036194676163321074, -0.018750507353104538], "aligned_model": [[0.47876090999452353, -0.27918908306047685, -0.10758896663218871, -0.12949687301352897, 0.5806304522116358, 0.4968288263208178, 0.5051404446661036, -0.5961468813527478, 0.45355961445916726, -0.5253776462654189, -0.15071136114369466, -0.5563641788171271, 0.03586741099379451, 0.08712030058037737, -0.025945619206791948], [0.5272926084544544, 0.08430277855718304, -0.6401623681818102, 0.6277994882332529, -0.09343805933843226, 0.18837234478672588, -0.41661002120978535, 0.48599132886194796, -0.6360494708307767, 0.16267755881954465, -0.7003490932868083, -0.22553608292164617, 0.7452369834804005, 0.0775835918189176, 0.011410872444518397], [-0.21618777781055368, -0.708715293478109, -0.6015543273810469, -0.3892712656288464, -0.4653900641078379, 0.22224628923283732, 0.5040228093202309, -0.08831692150030623, -0.1438364196189542, 0.3562332035299814, 0.2519977268022955, -0.21047535604462583, 0.23154806669912717, 0.5578011303564939, -0.04189537773176617]], "inverted": true, "swapped": false, "error_lsq": 0.048157897423409236, "error_max": 0.30805465040258195, "target": "326.xyz", "model": "21.xyz", "model_rescale": 4.186013935880536, "target_rescale": 4.234470000636072},
{"mapping": [12, 5, 13, 7, 1, 9, 3, 4, 10, 8, 2, 11, 14], "R": [[0.8236712277682872, -0.05795728009440197, -0.5640980962835643], [-0.1750633386413226, 0.9201842408591394, -0.35016251989361047], [0.539368645742813, 0.3871716887358224, 0.7477830884895802]], "T": [-0.013530074743689113, -0.007773934004855199, -0.06113284057265729], "aligned_model": [[0.15726062676593477, -0.4192865587100975, 0.5092850589572537, 0.351143327726813, -0.06021399716507897, 0.7206850904370508, -0.13071348142526007, -0.671829203641918, 0.1894090162463412, -0.36357148155849844, -0.5206109898294482, 0.3694657603542795, -0.07244913273414624], [-0.3088562365338512, -0.1632562240763174, 0.17068490553645926, -0.6248536568093639, -0.3618906921518014, -0.15501575632871936, -0.6835921419462868, 0.054845651942989335, 0.6020178705273492, 0.5895149228303932, 0.23139563012480757, 0.18865079871873675, -0.02068841228830168], [-0.6183064390383085, -0.5958158554783013, -0.5985660182619953, 0.2587834688814962, 0.5451646833661552, -0.12629533315761454, -0.06820113744796062, 0.038346968258330935, 0.025058559975845177, 0.06263405091700794, 0.6837314215628639, 0.4880586072111405, 0.008286584546685932]], "inverted": true, "swapped": true, "error_lsq": 0.05040237005679855, "error_max": 0.29857944325909763, "target": "326.xyz", "model": "22.xyz", "model_rescale": 4.166573947596378, "target_rescale": 4.234470000636072},
{"mapping": [11, 9, 8, 12, 3, 2, 1, 14, 4, 13, 0, 7, 6, 5, 15], "R": [[-0.3455164885671897, 0.3412436043925071, 0.8741688387201922], [-0.8447722940823592, -0.5187427213771812, -0.13139923960596028], [0.40862957220327006, -0.7838742191700188, 0.46750730608362295]], "T": [-0.00018083013499476872, 0.048833018838282366, -0.1365535257878146], "aligned_model": [[0.38929730350495106, -0.14165541348543417, -0.08048616209814945, 0.030607728749458992, 0.4559169794401123, 0.6411504617587365, 0.3094126301109226, -0.5831910658850181, 0.4486182255099918, -0.7183767892739424, 0.034688781393954884, -0.48486042992344053, 0.28912989094525715, -0.3358097548091644, 0.012644963796208296], [0.5561961389336297, 0.1095886851324814, -0.6347254507754931, 0.7031997443640565, -0.051466447436670656, 0.09183712650017603, -0.1731651683971066, 0.5646163774222371, -0.5321994845457938, 0.2275819052033886, -0.6598457493713303, -0.3967464758827086, 0.4277406034441348, -0.06570654857586056, 0.03161720367254554], [-0.5980540948122336, -0.7168490173790054, -0.5612628528560426, -0.12113897436029636, -0.5151581443304485, 0.06257974604593444, 0.4659145273936817, -0.2781316146250491, -0.1654351986617256, 0.27461133019511813, 0.2675680852635381, 0.14261353366461138, 0.45660411005871787, 0.6153080928761436, -0.07096310583402421]], "inverted": true, "swapped": false, "error_lsq": 0.0538674891078144, "error_max": 0.302500006307276, "target": "326.xyz", "model": "23.xyz", "model_rescale": 4.274766983524099, "target_rescale": 4.234470000636072},
{"mapping": [10, 4, 2, 11, 1, 7, 9, 3, 12, 0, 14], "R": [[0.7274716579035263, 0.12168883250263107, 0.67526055340975], [0.6833235176351712, -0.03944686650002224, -0.7290493227279111], [-0.0620802480165078, 0.991784136174539, -0.11184931845448526]], "T": [0.12133093718143026, 0.02008640687096136, -0.057209299905766946], "aligned_model": [[0.15062424308152442, 0.18220131706335688, -0.41480623047610676, -0.4287819652651649, -0.5305952064210526, -0.4132390010128669, -0.009296173744418074, -0.01743088615041105, 0.53564956332927, 0.2606071398414279, 0.06496190371251587], [-0.22211034339612992, 0.6756997081539906, 0.6343479969218988, -0.2679996288709002, 0.21718983937823494, -0.21327160107241683, -0.6946563643572641, 0.2002961109349134, -0.2236637400434851, 0.7175375962035864, 0.09221695739105551], [-0.6579937150203056, -0.17400477948992954, -0.5093105499605824, -0.37542614769844884, 0.11975763126763025, 0.46805210275800335, 0.13534599690707344, 0.5899242108585805, 0.38909595140954806, 0.4601106511170242, -0.06598491812701607]], "inverted": false, "swapped": true, "error_lsq": 0.04890129062607565, "error_max": 0.24081966804167135, "target": "326.xyz", "model": "24.xyz", "model_rescale": 3.7841303162186577, "target_rescale": 4.234470000636072},
{"mapping": [11, 14, 10, 13, 7, 6, 1, 12, 0, 5, 8, 9, 3, 4, 15], "R": [[0.9123354547954039, -0.05336131758345791, -0.40595145979417474], [0.4017450099066186, -0.07469415966828837, 0.9127002407836757], [-0.07902509056239701, -0.9957777625038662, -0.04670848707033182]], "T": [0.01854640278644771, -0.08186154720537453, -0.06576564893148035], "aligned_model": [[0.44828264216479824, -0.4891024516959568, 0.09990957092599112, -0.1559939679467456, 0.6012596538016862, 0.5534751795063543, 0.275687341243231, -0.6280447439212052, 0.4768099725079661, -0.4944197396675387, -0.10727116283031668, -0.5038134909253781, 0.06858051275455818, 0.060324038497666065, 0.06140399531933451], [0.42390852845299387, 0.07152380474324832, -0.3530488125668671, 0.6035778874907795, -0.20419580095737677, 0.2839028278820912, -0.5287228378339579, 0.31363870270880795, -0.6568938002882159, 0.3824938092770637, -0.5899348560781051, -0.25647522812844603, 0.6584502380339241, 0.0860809505834575, -0.03578295363171107], [-0.4517073081186787, -0.6557355944887615, -0.7903983884990842, -0.3999937710558418, -0.3270799377686043, 0.25375599039338476, 0.47017270434296615, -0.09167602803402536, -0.04002933349675594, 0.4732877668313991, 0.2089873976981234, -0.26271973597206366, 0.2479809623787506, 0.6600127535090885, -0.03665105508097702]], "inverted": false, "swapped": false, "error_lsq": 0.04688099745385263, "error_max": 0.2900698671465504, "target": "326.xyz", "model": "25.xyz", "model_rescale": 4.19342608120988, "target_rescale": 4.234470000636072},
{"mapping": [5, 6, 12, 1, 3, 4, 7, 2, 9, 8, 11, 14], "R": [[-0.29119710892617373, -0.519945280165006, 0.8030324709419735], [-0.7361886073235755, -0.41425685261553263, -0.5351799645988695], [0.6109260005925533, -0.7470262148647839, -0.26214739385464286]], "T": [0.060319581233173526, -0.05333127965990293, -0.05821994559001241], "aligned_model": [[-0.18930203703972157, 0.4143399830010675, 0.09504343556418451, -0.36836508934130324, -0.49455198406004036, -0.3556490783700486, -0.2127680449262684, -0.28658487940794614, 0.4583208211501319, 0.22165282986875498, 0.32035901518967214, -0.004686416996701685], [-0.6892750510907028, -0.4786955945112434, -0.5585582173203688, 0.49121767018678664, -0.136836658663663, -0.13863411548422339, 0.3152660450416972, 0.5333006060062145, 0.0806354201739057, 0.0057900826892383, 0.5927806208295995, -0.004214380116260082], [0.031018838043727612, 0.3592178356775382, -0.4751161327254916, -0.18016521603050156, -0.45275328957234423, 0.4583734036177801, -0.6951498322196884, 0.577921728696453, -0.6816348554395605, 0.6237459302513924, -0.10063028018213596, -0.015569668907747837]], "inverted": false, "swapped": true, "error_lsq": 0.04808827085043379, "error_max": 0.3272095794999772, "target": "326.xyz", "model": "26.xyz", "model_rescale": 3.795458400668931, "target_rescale": 4.234470000636072},
{"mapping": [9, 3, 7, 11, 2, 6, 12, 10, 5, 1, 8, 4, 14], "R": [[0.3507987170790048, -0.7406133826800398, 0.5730899383961942], [-0.4285554363163302, 0.4171700171677596, 0.8014420844826975], [-0.8326346726502832, -0.5267456636475334, -0.17105118452988127]], "T": [-0.12840044586544222, -0.1375294635897096, -0.014755793316547909], "aligned_model": [[-0.004729209201667861, 0.5059470418089755, 0.5628961538525621, -0.12866614885135708, -0.11187333648665013, -0.758995607178248, -0.02726756081631898, -0.6735190825792179, -0.16216050971238732, 0.40603065700223695, -0.6540323989801474, -0.16021180423737053, -0.09374181179915225], [-0.8071462897061138, -0.16457111207309846, -0.3804896673126158, -0.12922565622793303, 0.7201404965510064, -0.12743280747058341, -0.6279500721675473, -0.15146222596014522, -0.1119755860736633, 0.15919655674822422, 0.32477557773584986, 0.4722252576573568, -0.05420296844382273], [-0.3330590211769705, 0.24482882860054356, -0.29618050873066576, -0.7124740085238124, -0.3798379730852712, 0.27293735312687256, 0.4089448105174074, -0.365627318372455, 0.6729260013153755, -0.3633412486779736, -0.08247807209728808, 0.2579389176936615, -0.03244109848999797]], "inverted": true, "swapped": true, "error_lsq": 0.044854511756605, "error_max": 0.24566092776925005, "target": "326.xyz", "model": "27.xyz", "model_rescale": 3.6321398670334006, "target_rescale": 4.234470000636072},
