[{"mapping": [8, 9, 2, 6, 4, 0, 7, 12, 11, 10, 5, 1, 13], "R": [[-0.39529660943556916, 0.9048322448919106, -0.1581745844711116], [0.9165075138013523, 0.40001138184364277, -0.0022071568145189124], [0.06127452745152371, -0.1458406767654524, -0.98740869415161]], "T": [-0.05868766048603099, -0.1384821287028662, 0.12392011299683899], "aligned_model": [[0.6762581452402265, -0.3286002611860535, -0.321271422763085, 0.4226515843156479, 0.38382391212153005, -0.7965084676363945, 0.2668617569384569, -0.40036571958738554, 0.44791738215812943, 0.08231075171089103, 0.3629983782718928, -0.46018756241507824, 0.02164193209725116], [-0.15201311748176013, 0.0637701913161478, -0.7835759617252582, -0.7306665925318363, -0.6839803299912928, -0.2794434742469607, -0.05602540590018833, 0.3262414146129054, 0.34152421357562746, 0.7494317453856796, -0.08052156456264814, -0.04419612188073117, -0.08220144300564947], [-0.14112838560435614, -0.5264523639688635, -0.20190493176585228, 0.17057176249605854, -0.5241689604418011, -0.05260974334200079, -0.5532895651344529, 0.0748493458297025, 0.12125872553708561, -0.3312252754238748, 0.749398104746186, 0.5275933609232697, -0.006154877790222876]], "inverted": false, "swapped": false, "error_lsq": 0.054109086040225414, "error_max": 0.38385648757702506, "target": "327.xyz", "model": "0.xyz", "model_rescale": 3.8414455957264533, "target_rescale": 4.070100954453887},
{"mapping": [8, 5, 2, 9, 6, 4, 10, 1, 12, 11, 13, 0, 14], "R": [[0.7458336740668466, 0.64406549488332, 0.17003461097274652], [-0.3742302057483671, 0.6162934959454002, -0.6929170801480738], [-0.5510752069667842, 0.45316880426183503, 0.7006812050500676]], "T": [-0.03301661501164083, -0.18087781582467843, -0.023984714255732224], "aligned_model": [[0.7564895969049674, -0.20800224906819445, -0.3563239335640542, 0.297977084597621, 0.24370314174087626, -0.5679909044385254, 0.23672821459305354, -0.5054820315700861, 0.4656907652831345, 0.09718816008127854, 0.38516532817663335, -0.4289929258527531, -0.05861983761792271], [-0.15379736082652298, -0.3034982847853431, -0.7952273637189027, -0.6687268781582215, -0.6995112455752762, -0.27768793063614056, 0.05165359170445827, 0.539549162660599, 0.3878202229873743, 0.6134056385532181, -0.008871462132106156, 0.007145668728699428, -0.10391020523780067], [-0.03976406160445723, -0.6474163732594967, -0.27428800706475864, 0.3194627245070252, -0.5382538223612088, -0.008251114204176242, -0.6084059423305198, -0.10310038903368329, -0.12479658537178756, 0.25606155473296954, 0.5846076594394979, 0.5533949701948341, -0.06251341758336035]], "inverted": false, "swapped": false, "error_lsq": 0.04146309058975804, "error_max": 0.26941666696775396, "target": "327.xyz", "model": "1.xyz", "model_rescale": 4.316132596720782, "target_rescale": 4.070100954453887},
{"mapping": [6, 0, 8, 5, 7, 1, 11, 2, 10, 4, 3, 12], "R": [[0.8533953483957405, -0.33806130415590263, 0.3967756720981307], [-0.5105820147729955, -0.6954287732897878, 0.5056528725034692], [0.1049875493897329, -0.6341083313701781, -0.7660837020587681]], "T": [-0.09229118884635103, -0.08182558073844678, -0.2119242703458742], "aligned_model": [[-0.035202717149546106, 0.5058500827987057, 0.14617050656239916, -0.5722709825048987, -0.659845861130309, -0.5393560550363786, -0.1652594149504183, -0.2664331973793752, 0.5564107381731302, 0.20356207413516902, 0.4070578338342532, 0.017125547279049372], [-0.5263005204243941, -0.34833759505398654, -0.5496663575771453, 0.4687697305022246, -0.16729649414195658, -0.1003391822337665, 0.420317644722374, 0.49513952049674637, 0.006886434889086607, -0.09720584036903404, 0.43117868100959644, -0.020369594078764895], [0.17806046732326114, 0.13714177171423142, -0.4148074001196067, -0.13989879544882902, -0.3646507056358404, 0.420805495730385, -0.684480738946267, 0.4811886673871632, -0.6938862942403793, 0.6186865818690974, 0.05592101959651813, -0.1448216080203132]], "inverted": false, "swapped": true, "error_lsq": 0.04224292516290118, "error_max": 0.23037931143249832, "target": "327.xyz", "model": "2.xyz", "model_rescale": 3.795458400668931, "target_rescale": 4.070100954453887},
{"mapping": [11, 10, 9, 6, 5, 1, 8, 3, 0, 4, 7, 12], "R": [[0.1729906929663606, -0.9688851058199716, -0.1770194109899842], [-0.7920574122868875, -0.03002258002493996, -0.6097078811447705], [0.585422305509807, 0.24568332545956112, -0.7726062566422263]], "T": [-0.0175792929772283, 0.03406291521440518, 0.009994507155738588], "aligned_model": [[-0.16108164765767388, -0.08111999727960092, -0.7746220287717527, 0.08466601243551541, 0.11645666484124376, 0.27823901501860276, -0.30889044829470796, 0.6447970749449996, 0.36058694681044695, 0.7326292635742733, -0.40710878637419057, 0.10875175649640953], [-0.0313839693965376, -0.7386049762508622, -0.0630656336758593, 0.08739664007175002, 0.5631806185446913, 0.6926707278820008, -0.3188776106907454, -0.25125038119270693, -0.3993895483288556, 0.09842600681277552, 0.4776925707151614, -0.03102539920110233], [-0.6652132952347066, -0.23478766684259722, 0.1950810024221265, 0.5927522377250236, -0.4807113988093585, 0.29156862288451296, 0.3378227136274034, -0.24322039856570227, 0.4787780321140373, 0.46904200746176383, -0.05487805746095925, 0.0025376313175566427]], "inverted": false, "swapped": true, "error_lsq": 0.046259998611563956, "error_max": 0.21921622283639852, "target": "327.xyz", "model": "3.xyz", "model_rescale": 3.7530521520055578, "target_rescale": 4.070100954453887},
{"mapping": [7, 6, 1, 4, 5, 0, 11, 8, 10, 3, 12], "R": [[-0.29376475321635087, -0.9315411195699429, -0.21432081634343042], [0.9540076374312404, -0.2997437626818188, -0.004806709499103445], [-0.05976368036357656, -0.2058757374819176, 0.9767514951233385]], "T": [-0.17019903194188557, -0.14551633571835676, 0.02431896054617952], "aligned_model": [[-0.32789207827711225, -0.19545991575388527, 0.28446760650197345, 0.41443733095839974, 0.2715443941285055, -0.11365513485576118, -0.16463435419406183, -0.6446072887692469, -0.4715030523516125, 0.36702335790890384, -0.0815212628508978], [-0.6848813303371196, 0.1461915831165016, -0.3627712964970927, 0.3732153800300232, -0.7176034084843108, 0.5784331828314089, -0.49220964673561085, 0.14420586262637852, 0.28052927183865317, 0.24520199124054048, -0.04310823131502568], [-0.1679497389947999, -0.49256936304262056, -0.5644384044217192, -0.3840899321971911, 0.15200057555998528, -0.12848358731567944, 0.6247809321734438, -0.06455392979365361, 0.6477549491434763, 0.4024660366812469, 0.06791323945282807]], "inverted": false, "swapped": true, "error_lsq": 0.04352460685045626, "error_max": 0.27790773151167275, "target": "327.xyz", "model": "4.xyz", "model_rescale": 3.7855080009869324, "target_rescale": 4.070100954453887},
{"mapping": [7, 13, 15, 10, 8, 14, 6, 12, 4, 1, 5, 2, 16], "R": [[0.6925953984750196, -0.6701159949572825, 0.26693850848770423], [0.7150999895083033, 0.6863891338819966, -0.1322949806075313], [-0.09457070908295703, 0.2825146194290376, 0.954589896653224]], "T": [-0.0011455531619073457, -0.08878289680666182, -0.010939361993399462], "aligned_model": [[0.7360317290756093, -0.25305594685342175, -0.33242591934796895, 0.2998081797254722, 0.16602206618604437, -0.661512577652276, 0.3796149688001579, -0.516453409382109, 0.5520069566200605, -0.07306915393840721, 0.5690018624415423, -0.45921843344147095, -0.04921991296720382], [-0.21211225211167173, -0.15790663872733615, -0.817201517042548, -0.7160452917017381, -0.6054815229141244, -0.2231824014976317, 0.10323571197385245, 0.2792486231532224, 0.4016344770657363, 0.6546020979223487, -0.11138040203330993, 0.09596199811974013, -0.10302932864250547], [-0.06317916050820693, -0.6866839148596943, -0.20836716996161014, 0.20570092208583124, -0.4585858640280062, 0.048638860852100445, -0.5051329949593999, -0.2600896713327821, 0.011729651910124823, 0.11279294685300276, 0.5631029028770037, 0.5384459742959018, 0.00836471283661279]], "inverted": true, "swapped": false, "error_lsq": 0.038823922421904786, "error_max": 0.2064636387373226, "target": "327.xyz", "model": "5.xyz", "model_rescale": 4.2253639853439635, "target_rescale": 4.070100954453887},
{"mapping": [0, 8, 10, 4, 1, 5, 9, 11, 7, 12, 3, 6, 13], "R": [[0.6682285348150516, -0.291722424315352, -0.6843746433135166], [0.7439523552570042, 0.2649313199744655, 0.6134706910718258], [0.002349120364216528, -0.9190807488181661, 0.394062252423844]], "T": [-0.0013542749272314088, -0.17018069061424176, -0.07052477964932422], "aligned_model": [[0.784779066396621, -0.36605618822802044, -0.4144611189505293, 0.3313436323643596, 0.32408100817552443, -0.6223218928254795, 0.24757052723251863, -0.5173944468251542, 0.3955879838012112, 0.09816240880779602, 0.28611859868739675, -0.20922150767602762, 0.01934233830581247], [-0.022749721178614485, -0.2316343082268149, -0.8159606719071204, -0.7322889356656452, -0.6958287588447087, -0.2560614401445268, 0.014504110596607389, 0.4118158681076338, 0.36255140001547836, 0.7577828853446805, -0.16348153992202027, 0.13296028284459208, -0.17326561745550678], [-0.12815401039957713, -0.7101190595766562, -0.2148280213718128, 0.20197794609035194, -0.46611518251025563, 0.017594348992399603, -0.5963806482643103, -0.09368369665001522, 0.36309323067285004, -0.08851910711503888, 0.5777991679371373, 0.45731490423480503, -0.013242675978999682]], "inverted": false, "swapped": false, "error_lsq": 0.05046919158728936, "error_max": 0.3507119978389486, "target": "327.xyz", "model": "6.xyz", "model_rescale": 3.89814844738969, "target_rescale": 4.070100954453887},
{"mapping": [10, 6, 8, 11, 9, 3, 5, 0, 2, 1, 4, 7, 12], "R": [[-0.35180005935504477, -0.9165274664569671, -0.1903000826793324], [-0.3632974934314077, -0.053675341914999064, 0.9301257382401398], [-0.8627002083599169, 0.39635383295772697, -0.31408914275325556]], "T": [-0.01158485497722652, -0.11723246409481416, 0.04216401631769855], "aligned_model": [[0.7153190055207073, -0.35722071519196946, -0.28948834443663407, 0.2367233543650399, 0.37933477958525275, -0.8140466211810887, 0.27952383327787855, -0.3522529950356216, 0.4705522564588347, 0.03748543550469272, 0.3073982556235353, -0.40891669144316634, 0.15311885621856833], [-0.15121304025679422, -0.11146876972726208, -0.7047323216875884, -0.8420722430473297, -0.5729308226691102, -0.14760017224015912, 0.09550538578326262, 0.3670784675092261, 0.39137280652273143, 0.6148499216174432, -0.031194449195124763, -0.22044910593602898, -0.09880210310923095], [-0.0545818419348746, -0.539109140630591, -0.14571983128365618, 0.3034889046163751, -0.6192486569361818, -0.044524234056205605, -0.6452768486855928, 0.062127166026333766, 0.14420483656680813, -0.3778884793964807, 0.5956466479583463, 0.5547539266003554, 0.07286474721624175]], "inverted": true, "swapped": false, "error_lsq": 0.05787955174692091, "error_max": 0.45985726742867433, "target": "327.xyz", "model": "7.xyz", "model_rescale": 3.7474275329858107, "target_rescale": 4.070100954453887},
{"mapping": [10, 9, 5, 0, 7, 8, 11, 4, 12, 13, 1, 2, 14], "R": [[-0.5542727426376365, 0.8269996292443829, -0.09409218882885995], [0.8114559160772259, 0.5620664129809889, 0.160064498443455], [0.18525933993249255, 0.012367725269337632, -0.9826118340114979]], "T": [0.07470221289954969, -0.15964665202076755, -0.013980008092726981], "aligned_model": [[0.7495021267018409, -0.24265388122909637, -0.2789152385414762, 0.3952168613916141, 0.2126306472387568, -0.6040235781442104, 0.28472890037300824, -0.5303052019509648, 0.5094096334819838, 0.012094193563057173, 0.23846507042574716, -0.4405885205486073, 0.051969396504376125], [-0.41102988063167917, -0.19777502396977475, -0.7093555935610534, -0.5597662848681995, -0.5471933628316066, -0.20298510400895362, 0.03845850522122882, 0.3267587588192899, 0.27765603765457075, 0.7362192779113061, -0.02764838410550402, -0.019735249561494805, -0.11526014250409461], [-0.25212892871559434, -0.7054796659815263, -0.30688996294045817, 0.40001018157244644, -0.556806799863778, -0.06558809861944917, -0.5645461647105461, 0.08400800202554326, -0.03491884503839268, -0.054183244209623005, 0.7075184352958068, 0.6367808967979909, 0.018961390448458626]], "inverted": false, "swapped": false, "error_lsq": 0.04537896086624326, "error_max": 0.2852516805531051, "target": "327.xyz", "model": "8.xyz", "model_rescale": 4.019505241142653, "target_rescale": 4.070100954453887},
{"mapping": [0, 8, 9, 1, 7, 11, 4, 5, 3, 3, 2, 6, 12], "R": [[0.5168920692530673, 0.6086898491776469, 0.6019296107115649], [-0.8260444540110843, 0.1701161554712562, 0.5373183913148791], [0.22466229933126827, -0.774956231767816, 0.5907365657409526]], "T": [-0.0503644291250502, -0.23478141117560666, 0.06926699951253058], "aligned_model": [[0.5649883186179401, -0.27941575328111906, -0.3330259265759192, 0.26589204919752535, 0.38440865096571064, -0.6459809522883979, 0.28972553135306667, -0.3130346292781105, 0.33809451635865023, 0.33809451635865023, 0.279686696220148, -0.4562096842129458, -0.07569292416916933], [-0.21196116492234365, -0.3781222127432582, -0.8025921265318583, -0.7622242029724479, -0.4956824213269452, -0.22103604992426776, 0.18496720505044542, 0.37436280771348085, 0.5310376297495958, 0.5310376297495958, 0.06678032890771221, -0.020058328455030944, -0.2081655407306435], [-0.1392187560612787, -0.5497045966810238, -0.18574972702888104, 0.34871510466107714, -0.680724348308296, -0.11045931011370351, -0.5598153394554525, -0.03306777310905769, 0.036378521714649906, 0.036378521714649906, 0.4566930360575044, 0.6325124740940056, 0.054799388576683865]], "inverted": true, "swapped": false, "error_lsq": 0.054648666868303386, "error_max": 0.37899565591677264, "target": "327.xyz", "model": "9.xyz", "model_rescale": 3.877068213659057, "target_rescale": 4.070100954453887},
{"mapping": [3, 0, 1, 4, 5, 8, 12, 11, 6, 10, 13, 9, 15], "R": [[0.6093114419611871, -0.5853282528371464, 0.5349115844004436], [0.43422201843161423, 0.8107668491428448, 0.3925663702358608], [-0.663468767467131, -0.0069247932530682454, 0.7481719333375509]], "T": [0.050156813670422226, -0.10979403125144131, 0.09933309517237483], "aligned_model": [[0.6213167532817804, -0.3197831933206964, -0.20688274671460077, 0.27722994884123425, 0.2624647559727505, -0.7103174258840739, 0.22753374857505093, -0.40225533539459973, 0.5161669030163254, -0.055275624335211895, 0.5516088097352481, -0.41570119312567066, 0.011425008618492945], [-0.32997351228989397, -0.16792061699936445, -0.8168786868566359, -0.7204743527560318, -0.5349039441700487, -0.2399160435573739, 0.16053244233737657, 0.3218610437468812, 0.28239171398074947, 0.5906044356380536, 0.010270019507883046, 0.14574119066085878, -0.112990135678419], [-0.06817410539229514, -0.6031850376117482, -0.33294987281062616, 0.2826307109662505, -0.5213136173913953, 0.09095880740781605, -0.5742069825916758, -0.2926521339756956, 0.0027436910467550507, 0.13853472849181092, 0.6753270320515193, 0.4908983793407446, 0.018125596529418045]], "inverted": false, "swapped": false, "error_lsq": 0.03959855728100757, "error_max": 0.23747466736217931, "target": "327.xyz", "model": "10.xyz", "model_rescale": 4.260839863003843, "target_rescale": 4.070100954453887},
{"mapping": [8, 6, 1, 7, 5, 11, 10, 0, 4, 2, 3, 12], "R": [[0.9957123533359904, -0.08843480057686964, -0.027132922087992437], [0.0007450823037797663, -0.28564073548611624, 0.958336483226696], [-0.09250056360079309, -0.954247691261488, -0.2843501177345558]], "T": [-0.04643047729727508, 0.02156740230679515, -0.23003012317875698], "aligned_model": [[0.33945120542804014, 0.2786460660859562, -0.31156514179521194, -0.5278957093583381, -0.704014715415794, -0.4268457240703034, 0.3889150816741498, 0.6593543454466643, 0.36838441536900607, -0.33776289448343433, 0.19972853406852276, 0.032503186144872784], [-0.07185811319000451, -0.47033100464263927, -0.554397858061674, -0.22332041471229774, 0.128549310161244, 0.5909216895344896, 0.6583694022408332, -0.06786025905032547, -0.30697650126978776, -0.05086042979932038, 0.4621748909677815, 0.07866779335463467], [-0.6291134941531362, -0.1574604366217209, 0.2155305723847098, -0.4769514355391352, 0.07796550874606106, -0.33912518517106155, -0.48679628425891647, -0.019034356141355346, 0.47542547547031505, 0.6380132763497757, 0.3440210073203697, -0.12629657099040137]], "inverted": false, "swapped": true, "error_lsq": 0.04727857502612678, "error_max": 0.22076368568557733, "target": "327.xyz", "model": "11.xyz", "model_rescale": 3.890672605050136, "target_rescale": 4.070100954453887},
{"mapping": [0, 7, 8, 6, 3, 5, 4, 12, 2, 10, 11, 9, 13], "R": [[-0.5729267389799807, -0.3498208979582624, 0.741201923306625], [-0.20496038928102572, -0.8144543610661753, -0.5428216397363489], [0.7935654923114636, -0.4629140666386831, 0.3949232537095041]], "T": [0.10833748943147667, -0.19996824131191454, 0.07625607486368287], "aligned_model": [[0.5300935355183243, -0.423942128913542, -0.08187693784976477, 0.1631840986059018, 0.2613524565797235, -0.6623579194253952, 0.42651494581914606, -0.3845021052830834, 0.5694214464006255, 0.074732933792477, 0.27851528262305036, -0.4445608601918495, 0.050955661590415716], [-0.4896357096308358, -0.15591282912261545, -0.840870951639316, -0.5922831139763265, -0.48998083366350526, -0.2818789959520563, 0.1694615754509033, 0.30383508507766904, 0.3412203139270839, 0.6935466509148847, 0.13143702896958148, -0.07242870149076272, -0.12816596530066995], [-0.21854747859880724, -0.5883503491405644, -0.19254354081162445, 0.49475247161033525, -0.7871918228743139, 0.010747320667918933, -0.42707459235062967, -0.16545343869639945, 0.08523749850838731, 0.06974641651639558, 0.48119092077021464, 0.6090388606098182, -0.06481507014985254]], "inverted": true, "swapped": false, "error_lsq": 0.05725285587197501, "error_max": 0.3164674523390236, "target": "327.xyz", "model": "12.xyz", "model_rescale": 4.124412569039231, "target_rescale": 4.070100954453887},
{"mapping": [4, 8, 11, 10, 2, 9, 1, 6, 0, 3, 5, 7, 12], "R": [[0.3927558878345066, -0.31585960065757357, 0.8636987468115063], [-0.91176859049511, -0.2563769505002161, 0.3208565047474804], [0.12008684340046821, -0.9135116703822934, -0.3886844196999199]], "T": [0.022142342185997844, 0.015074260059591546, 0.027285544005061058], "aligned_model": [[0.7523174437983294, -0.3300883216731584, -0.33834610532512954, 0.05645617758937586, 0.2921965327280386, -0.613334489952267, 0.29939805266352526, -0.3299278087346731, 0.4404930100868928, -0.20191793420502632, 0.4609950392177533, -0.1827108450846358, 0.051999658157004205], [-0.2697459313193874, -0.27983327874768027, -0.862513279209849, -0.6976424022655368, -0.6108326346087493, 0.0006151161963254964, 0.16713987832925298, 0.337361771805905, 0.409501283866773, 0.6843944447431669, -0.02724094926966012, -0.16013020952056806, -0.10273025643595693], [-0.03594447511394322, -0.5239487291405933, -0.27344864338726016, 0.21561289794375385, -0.49969339962194775, 0.09511917117218815, -0.7229608273001256, -0.44153231336296334, 0.10588220393097378, 0.1300515825812814, 0.6432105495370561, 0.5933387570692055, 0.021050421753252765]], "inverted": false, "swapped": false, "error_lsq": 0.052914167171112574, "error_max": 0.3168120985515613, "target": "327.xyz", "model": "13.xyz", "model_rescale": 3.9028299243045295, "target_rescale": 4.070100954453887},
{"mapping": [10, 12, 11, 9, 14, 1, 5, 2, 4, 0, 7, 6, 15], "R": [[-0.10290857646224498, 0.4575088277355059, -0.8832301497540703], [-0.1554788880925106, 0.8696314660189739, 0.46858022650044373], [0.9824643200890458, 0.18554456568106145, -0.018359572385963398]], "T": [-0.015646692728132232, 0.008140294526940817, -0.11341270096736619], "aligned_model": [[0.6939582869373838, -0.2576096341682175, -0.2925037961932386, 0.097716001593119, 0.3190992904318919, -0.5877412443797629, 0.24682735144255713, -0.6365156416755683, 0.5149019366033212, -0.009821945433136185, 0.5496846973531538, -0.3015870412714885, 0.02112214802601397], [-0.21917652485964317, -0.2165579100857999, -0.6682959608423178, -0.6136741366264515, -0.7839551508474656, -0.28034504399810084, 0.1952696559721756, 0.40371912482892763, 0.4098547568795228, 0.8333338742992056, -0.23860184560857367, -0.16784280189981782, -0.06538448364762686], [-0.10156202559235393, -0.7259524472486658, -0.22130535605033663, 0.33529786187829713, -0.3221723353757026, -0.005325749074838057, -0.5111460436442586, -0.09966836374790143, 0.015066544570583457, -0.03443145340623048, 0.5500228207732754, 0.4625007726518844, -0.034587029672874636]], "inverted": true, "swapped": false, "error_lsq": 0.046982622344803146, "error_max": 0.30413265072613177, "target": "327.xyz", "model": "14.xyz", "model_rescale": 3.942246331269136, "target_rescale": 4.070100954453887},
{"mapping": [11, 9, 7, 8, 6, 2, 10, 5, 4, 3, 13, 1, 14], "R": [[-0.25193545309746124, 0.015934933259083794, -0.9676128385747087], [-0.6792402903892012, 0.709286866298147, 0.18853320452628036], [0.6893193420937576, 0.7047398237640492, -0.16787085934266943]], "T": [0.05743858329479871, -0.0768591935858125, -0.007954730366072686], "aligned_model": [[0.7221515084697627, -0.23366251125644869, -0.3411820725910592, 0.21171088276697783, 0.2147763531078298, -0.6732881381694419, 0.3651011648411842, -0.49551449056076474, 0.4588439560312203, -0.07105556392193077, 0.6683791740140861, -0.4556220419256564, -0.013107811539730223], [-0.332640070689042, -0.21357721722481005, -0.7798717917092216, -0.7952645152819098, -0.5110471364880663, -0.28865134138205606, 0.1709366749120783, 0.22445616655230394, 0.34740745060195805, 0.5856077193753532, 0.0328670859684362, 0.2524853905573822, -0.10436486162837158], [-0.0906825652839236, -0.7460134278256133, -0.2869786858070732, 0.23481013048097113, -0.3234147845203058, -0.06984546722921248, -0.6020434943691899, -0.08689464452636947, -0.058308660605794205, 0.23938061660923382, 0.51706106434116, 0.5258452092410429, 0.05382190555595213]], "inverted": true, "swapped": false, "error_lsq": 0.05057287709411134, "error_max": 0.3000305990136452, "target": "327.xyz", "model": "15.xyz", "model_rescale": 4.355366556412066, "target_rescale": 4.070100954453887},
{"mapping": [6, 0, 8, 5, 7, 1, 11, 2, 10, 4, 3, 12], "R": [[0.8533953483957405, -0.33806130415590263, 0.3967756720981307], [-0.5105820147729955, -0.6954287732897878, 0.5056528725034692], [0.1049875493897329, -0.6341083313701781, -0.7660837020587681]], "T": [-0.09229118884635103, -0.08182558073844678, -0.2119242703458742], "aligned_model": [[-0.035202717149546106, 0.5058500827987057, 0.14617050656239916, -0.5722709825048987, -0.659845861130309, -0.5393560550363786, -0.1652594149504183, -0.2664331973793752, 0.5564107381731302, 0.20356207413516902, 0.4070578338342532, 0.017125547279049372], [-0.5263005204243941, -0.34833759505398654, -0.5496663575771453, 0.4687697305022246, -0.16729649414195658, -0.1003391822337665, 0.420317644722374, 0.49513952049674637, 0.006886434889086607, -0.09720584036903404, 0.43117868100959644, -0.020369594078764895], [0.17806046732326114, 0.13714177171423142, -0.4148074001196067, -0.13989879544882902, -0.3646507056358404, 0.420805495730385, -0.684480738946267, 0.4811886673871632, -0.6938862942403793, 0.6186865818690974, 0.05592101959651813, -0.1448216080203132]], "inverted": false, "swapped": true, "error_lsq": 0.04224292516290118, "error_max": 0.23037931143249832, "target": "327.xyz", "model": "16.xyz", "model_rescale": 3.795458400668931, "target_rescale": 4.070100954453887},
{"mapping": [10, 6, 8, 11, 9, 3, 5, 0, 2, 1, 4, 7, 12], "R": [[-0.35180005935504477, -0.9165274664569671, -0.1903000826793324], [-0.3632974934314077, -0.053675341914999064, 0.9301257382401398], [-0.8627002083599169, 0.39635383295772697, -0.31408914275325556]], "T": [-0.01158485497722652, -0.11723246409481416, 0.04216401631769855], "aligned_model": [[0.7153190055207073, -0.35722071519196946, -0.28948834443663407, 0.2367233543650399, 0.37933477958525275, -0.8140466211810887, 0.27952383327787855, -0.3522529950356216, 0.4705522564588347, 0.03748543550469272, 0.3073982556235353, -0.40891669144316634, 0.15311885621856833], [-0.15121304025679422, -0.11146876972726208, -0.7047323216875884, -0.8420722430473297, -0.5729308226691102, -0.14760017224015912, 0.09550538578326262, 0.3670784675092261, 0.39137280652273143, 0.6148499216174432, -0.031194449195124763, -0.22044910593602898, -0.09880210310923095], [-0.0545818419348746, -0.539109140630591, -0.14571983128365618, 0.3034889046163751, -0.6192486569361818, -0.044524234056205605, -0.6452768486855928, 0.062127166026333766, 0.14420483656680813, -0.3778884793964807, 0.5956466479583463, 0.5547539266003554, 0.07286474721624175]], "inverted": true, "swapped": false, "error_lsq": 0.05787955174692091, "error_max": 0.45985726742867433, "target": "327.xyz", "model": "17.xyz", "model_rescale": 3.7474275329858107, "target_rescale": 4.070100954453887},
{"mapping": [2, 12, 11, 1, 7, 10, 9, 5, 6, 4, 0, 8, 13], "R": [[0.9643063871054678, 0.21124729561962002, -0.1596489019097743], [0.2647137570037936, -0.75473185656703, 0.6002553219554332], [0.006310201307117985, -0.6210913014817394, -0.7837128151199154]], "T": [-0.012863764350223468, -0.19706737960274032, -0.027465153895109288], "aligned_model": [[0.6955440909685164, -0.29785404672615035, -0.31315450778667264, 0.28316546637955414, 0.23821786444574983, -0.702163218939721, 0.21366346572614314, -0.489742145346998, 0.5332988757332636, 0.025785713971339323, 0.4472476571266019, -0.35886050662695584, 0.08238170034135828], [-0.23134010837445368, -0.14665297458689733, -0.8385578652272658, -0.7399410253765754, -0.6340184120169873, -0.23313597963745342, 0.22093510195570074, 0.3006861189155574, 0.34288192514256, 0.6034327335216672, 0.014250941537144651, 0.10196617695273161, -0.1721630792416939], [0.001107812260441262, -0.7170127229805842, -0.16907054950434924, 0.2826530753134259, -0.5873321854209725, -0.025299869245533308, -0.49829793238550835, -0.24666460900616524, -0.09929780902099117, 0.18917188987600494, 0.6379553430525461, 0.5272596766347433, 0.011565076487820462]], "inverted": false, "swapped": false, "error_lsq": 0.038679841191317406, "error_max": 0.2279488519800062, "target": "327.xyz", "model": "18.xyz", "model_rescale": 3.922800546911778, "target_rescale": 4.070100954453887},
{"mapping": [7, 10, 4, 13, 11, 6, 9, 1, 3, 0, 12, 8, 14], "R": [[0.274036258631131, 0.8090880297569676, 0.5198852652840247], [-0.3238761266326651, 0.5866426139238864, -0.7422632269794673], [-0.9055431428445992, 0.03502861162733778, 0.4228056442558299]], "T": [-0.04152948095171067, -0.051354509717928744, 0.022788297389872328], "aligned_model": [[0.7309647072981299, -0.2752187204421483, -0.331850516519783, 0.1927280868612205, 0.2436394602770185, -0.69685756498652, 0.3613030654081771, -0.6130258976227191, 0.46393309228804175, 0.09996573279949894, 0.5083247079883867, -0.3772247797454816, 0.050849035662207547], [-0.22067548724383793, -0.31323173586755426, -0.6872505242147707, -0.6500852052717159, -0.5900014417173568, -0.22854140289822103, 0.06951598220534089, 0.415478687253185, 0.3404794773533148, 0.771182571125741, -0.015107773818630356, -0.24204118064559085, -0.06137841269586906], [-0.09032295204424025, -0.7034419037405029, -0.16487388352540822, 0.26457062293132616, -0.3456974830344123, -0.09934965360609598, -0.6742478922663173, -0.03587715985519012, 0.011699689956749644, 0.06585209656681583, 0.5840017947402012, 0.497486005326097, -0.0030620853881448175]], "inverted": false, "swapped": false, "error_lsq": 0.03957098036689473, "error_max": 0.23504344152824944, "target": "327.xyz", "model": "19.xyz", "model_rescale": 3.9282355846067225, "target_rescale": 4.070100954453887},
{"mapping": [11, 3, 1, 10, 0, 5, 4, 6, 9, 8, 12, 7, 13], "R": [[0.385163121554385, -0.008584883710942976, -0.92280857688155], [0.0383031231523002, -0.9989463359301511, 0.0252802034901864], [-0.9220532742478939, -0.04508345265610315, -0.384428461154144]], "T": [-0.039568955770370014, -0.046284620081099355, 0.0015958092248400113], "aligned_model": [[0.6270906783536102, -0.35971261145775646, -0.2453577909633725, 0.4022353318827967, 0.27038629469361336, -0.7035930905282581, 0.181786370500864, -0.5580777906137024, 0.5162141120098378, 0.23075611829353077, 0.3353662698848428, -0.3155142881746849, -0.02404919461529223], [-0.17457877259806492, -0.23480393660900453, -0.7197120443958421, -0.6962665959544737, -0.5337564953035785, -0.2480551405414428, 0.13264840762552313, 0.32971935370053157, 0.2516921713067289, 0.6455542372147818, 0.0009143668217411124, 0.036820103633023175, -0.20183210133588766], [-0.22746469366814867, -0.6528685337003681, -0.25462139511033166, 0.3545359620021733, -0.5520249109200327, -0.07619080775258152, -0.5626316591484293, -0.12729815474126877, 0.2857433740583616, -0.16243141106515258, 0.7631666709742806, 0.5539051019225949, -0.035082346790218516]], "inverted": true, "swapped": false, "error_lsq": 0.0487421071089145, "error_max": 0.3130342068452493, "target": "327.xyz", "model": "20.xyz", "model_rescale": 4.067790424073018, "target_rescale": 4.070100954453887},
{"mapping": [8, 6, 2, 0, 4, 3, 5, 11, 1, 10, 7, 12, 14], "R": [[-0.2902376772221401, 0.8899287734516419, -0.35183642350324296], [0.26181661947800183, 0.42748001229983845, 0.8652819753405484], [0.9204423656513254, 0.15902080765417625, -0.3570689488701103]], "T": [0.029750536609464626, -0.06533898272212109, -0.08582093602136129], "aligned_model": [[0.5617108811325634, -0.3585141303003267, -0.1818374573911823, 0.07100953782485935, 0.324587947630635, -0.7389180594338131, 0.4336980527326035, -0.5230146943068242, 0.6636960124650791, -0.025475237744426463, 0.5412415383238975, -0.4265847250406453, 0.015930743373608766], [-0.27073138379274975, -0.25049208165018605, -0.767650056560147, -0.6161042954549761, -0.5734645913280718, -0.39692229922498484, 0.053168347896724755, 0.2668655164401395, 0.4184944559792008, 0.72462711368488, -0.13833843679844893, 0.1350046395519136, 0.0038866248207407167], [-0.08559696646636719, -0.6879220746036884, -0.2111668888806114, 0.3607362211600541, -0.6311206349736388, 0.06565879966839436, -0.499642803091515, -0.13189722282446134, 0.10737181362383522, 0.12439443432097677, 0.4524280696242695, 0.4961021077623782, -0.05260765925874846]], "inverted": false, "swapped": false, "error_lsq": 0.04810402483843827, "error_max": 0.28550646273806723, "target": "327.xyz", "model": "21.xyz", "model_rescale": 4.186013935880536, "target_rescale": 4.070100954453887},
{"mapping": [4, 0, 1, 9, 7, 2, 6, 5, 3, 3, 11, 8, 12], "R": [[-0.43341107788143607, -0.29632081717458014, 0.8510868409737288], [0.8004617489958954, -0.5604505334864126, 0.21249985390401543], [0.4140239437086751, 0.7733622520034094, 0.48009894939702924]], "T": [0.041524197608290916, -0.24067265124923093, -0.009314845598122748], "aligned_model": [[0.752822877822294, -0.35984822831080737, -0.28075053711340564, 0.03773251970779211, 0.4215301981876363, -0.6862372998664945, 0.2549891019417723, -0.40222032668400215, 0.30444310658588475, 0.30444310658588475, 0.26749886959075525, -0.325983110303936, 0.06911013112265495], [-0.10222616682316149, -0.16215551913655327, -0.7624639318275339, -0.7541065875299278, -0.6577100838327712, -0.16746675581333798, 0.021518839138512158, 0.39286146580928744, 0.6345792226373412, 0.6345792226373412, 0.034083860624210816, -0.31934805350595813, -0.20380195881341384], [-0.05934390959441761, -0.6047337541683745, -0.4080579844793588, 0.3397152053893822, -0.4783553121131911, 0.11194232957794052, -0.45151525944160426, -0.025565870130323493, -0.14025933496924525, -0.14025933496924525, 0.5126145418839544, 0.6588293681869447, -0.008273489111583666]], "inverted": false, "swapped": false, "error_lsq": 0.05666859238138773, "error_max": 0.34719320188899505, "target": "327.xyz", "model": "22.xyz", "model_rescale": 4.166573947596378, "target_rescale": 4.070100954453887},
{"mapping": [6, 4, 0, 5, 1, 8, 2, 9, 12, 11, 14, 10, 15], "R": [[-0.4399920504250999, -0.8113072767426006, 0.38495129336998235], [-0.897338477264453, 0.38074909031646686, -0.22319002541309058], [0.03450583694723816, -0.4436334443295375, -0.8955438092516089]], "T": [-0.010297413131227742, -0.044551949752425365, -0.02304045790635767], "aligned_model": [[0.709412462353786, -0.364775737393296, -0.2716582907876348, 0.31195721451178543, 0.2737743066950323, -0.8046501317566139, 0.28404559878890173, -0.36431355848538316, 0.4915466050399107, 0.15501975064493573, 0.15892197475050984, -0.24311822272977696, 0.021368437633872146], [-0.2066293643821595, -0.25516115895395874, -0.7650008611207811, -0.7728427906622374, -0.5632789701445087, -0.1406159576142777, -0.015373475923346216, 0.40316959866658053, 0.33711259323727966, 0.7052094198514506, 0.22587084986909867, -0.2620794234196799, -0.10203690583942557], [-0.20973871382523687, -0.6311871441527391, -0.3048198407164533, 0.21530044754398164, -0.4209406931126762, -0.14074604412537442, -0.6274575714859485, 0.16315070781309154, 0.15547036327690514, -0.20365455325090506, 0.7009858340403043, 0.6547629810948742, -0.044388577038945526]], "inverted": true, "swapped": false, "error_lsq": 0.05823971009284502, "error_max": 0.3614459276111337, "target": "327.xyz", "model": "23.xyz", "model_rescale": 4.274766983524099, "target_rescale": 4.070100954453887},
{"mapping": [11, 8, 9, 7, 6, 1, 5, 4, 3, 0, 12], "R": [[-0.34456242310456286, 0.5438535385813158, -0.7651797600282519], [-0.8899509294532518, -0.4486476265573786, 0.08186971570565094], [-0.2987709486372552, 0.7091816662583799, 0.6385900754736035]], "T": [-0.023708183793651763, 0.08019813424346556, -0.07635225966763692], "aligned_model": [[0.3120762803228274, -0.07137735466204681, -0.3917795997837716, -0.48628382386765057, -0.32098469703607974, -0.5138090115551024, -0.08918245340148317, 0.028037720293254006, 0.6138493388071283, 0.21510299005148276, 0.08424531478951693], [-0.3067630444112553, 0.6213474949772896, 0.4752180245709544, -0.15768716433393637, 0.42203636311654025, -0.24325811117253215, -0.6499572682769256, 0.15623493043627262, -0.08128966854913633, 0.594812150057023, 0.08489282482918897], [-0.5435691651678586, -0.22395157038124022, -0.6466919729398832, -0.36302857371648173, 0.307937294158266, 0.42934917480697377, -0.11254170984949599, 0.8007001107500937, 0.31314230164538925, 0.40196810819698975, 0.016252436518824756]], "inverted": true, "swapped": true, "error_lsq": 0.054231510837697464, "error_max": 0.2544838583129853, "target": "327.xyz", "model": "24.xyz", "model_rescale": 3.7841303162186577, "target_rescale": 4.070100954453887},
{"mapping": [11, 4, 5, 13, 3, 2, 6, 8, 7, 0, 10, 9, 15], "R": [[0.8585415658951382, 0.4896059453282144, 0.1522905050539597], [0.1619732868302036, 0.022831629654162106, -0.9865309782468851], [-0.4864884726113715, 0.8716448445247648, -0.05970118114119761]], "T": [0.0045665622456535215, -0.046368884637838954, 0.03585428016607521], "aligned_model": [[0.7467173200542793, -0.299505996340806, -0.4476059046671912, 0.3778305188100116, 0.19404563899969304, -0.723184061820112, 0.36040877028805507, -0.4647475474724698, 0.5020080599958066, 0.05149929761871819, 0.3474326213094695, -0.32597088443296807, 0.03860257692354309], [-0.23870573046687454, -0.15643680233512958, -0.7099818989822556, -0.7191140580844861, -0.6353609956902814, -0.23473010560326987, -0.056532297480587614, 0.3129789370252921, 0.3720415631713763, 0.6859159628203095, 0.2174940278132696, -0.18803829412026932, -0.06118675450305874], [-0.004721076681479995, -0.6365513083493848, -0.31698643857589887, 0.1775862370607793, -0.48007968869387035, -0.024908434845047234, -0.5928741828908515, 0.02741667835567332, 0.01881862401681559, -0.01786880505053693, 0.6824409597783802, 0.4971735657874339, -0.02270893385113424]], "inverted": false, "swapped": false, "error_lsq": 0.041272012909983086, "error_max": 0.22244048443897055, "target": "327.xyz", "model": "25.xyz", "model_rescale": 4.19342608120988, "target_rescale": 4.070100954453887},
{"mapping": [6, 0, 8, 5, 7, 1, 11, 2, 10, 4, 3, 12], "R": [[0.8533953483957405, -0.33806130415590263, 0.3967756720981307], [-0.5105820147729955, -0.6954287732897878, 0.5056528725034692], [0.1049875493897329, -0.6341083313701781, -0.7660837020587681]], "T": [-0.09229118884635103, -0.08182558073844678, -0.2119242703458742], "aligned_model": [[-0.035202717149546106, 0.5058500827987057, 0.14617050656239916, -0.5722709825048987, -0.659845861130309, -0.5393560550363786, -0.1652594149504183, -0.2664331973793752, 0.5564107381731302, 0.20356207413516902, 0.4070578338342532, 0.017125547279049372], [-0.5263005204243941, -0.34833759505398654, -0.5496663575771453, 0.4687697305022246, -0.16729649414195658, -0.1003391822337665, 0.420317644722374, 0.49513952049674637, 0.006886434889086607, -0.09720584036903404, 0.43117868100959644, -0.020369594078764895], [0.17806046732326114, 0.13714177171423142, -0.4148074001196067, -0.13989879544882902, -0.3646507056358404, 0.420805495730385, -0.684480738946267, 0.4811886673871632, -0.6938862942403793, 0.6186865818690974, 0.05592101959651813, -0.1448216080203132]], "inverted": false, "swapped": true, "error_lsq": 0.04224292516290118, "error_max": 0.23037931143249832, "target": "327.xyz", "model": "26.xyz", "model_rescale": 3.795458400668931, "target_rescale": 4.070100954453887},
{"mapping": [11, 6, 5, 10, 8, 7, 1, 0, 9, 2, 4, 3, 12], "R": [[0.47744688798194324, 0.7975065216077576, 0.3688194912819189], [0.8397620453746736, -0.29065450293694106, -0.45860622223278297], [-0.2585424071685393, 0.5286807239871484, -0.8084877956901528]], "T": [0.14921114597969737, -0.06919643480517042, -0.08750047300977569], "aligned_model": [[0.7442743798040146, -0.2758104050762544, -0.19515376932630518, 0.050703302752602236, 0.38211916364452597, -0.538765094248923, 0.14177983808619457, -0.5472254925896611, 0.3615869389544501, 0.02721571359448982, 0.4505506225914729, -0.24372690556462234, -1.7883355955233826e-05], [-0.4311615817504247, -0.3011400968687208, -0.706320172725114, -0.616422480407514, -0.4682549576688259, -0.3871117181255211, 0.2129018474725018, 0.38488800052630356, 0.273238443333471, 0.8024986459813886, -0.23516841273860334, 0.19799946688090603, -0.13760343034581263], [0.07515121582492705, -0.755890911632598, -0.2932834061345696, 0.3580624163183189, -0.6507569516618101, 0.20546140871146273, -0.6078066380224613, -0.0950188598595864, 0.06085439515412068, -0.07751475776934573, 0.6744122549406049, 0.47755049515024384, -0.06448346495842883]], "inverted": false, "swapped": false, "error_lsq": 0.0577132652685362, "error_max": 0.31394550770078855, "target": "327.xyz", "model": "27.xyz", "model_rescale": 3.6321398670334006, "target_rescale": 4.070100954453887},
{"mapping": [3, 12, 4, 1, 7, 6, 8, 9, 0, 10, 2, 13, 14], "R": [[-0.7791747851630038, 0.048879534106055555, 0.6248979479177075], [-0.3839827335629003, 0.7507624395549802, -0.5375062973389403], [-0.4954229652445974, -0.6587613759921186, -0.5662062654273801]], "T": [0.08019780179240163, -0.03858522577243079, -0.05126703210481625], "aligned_model": [[0.6838387990907768, -0.3811441908594331, -0.10956007519286987, 0.2309442038105606, 0.2008146462932646, -0.626742255730847, 0.20161453439989635, -0.4586184232571823, 0.5943945605133337, 0.1664932028768432, 0.2793060125764726, -0.4850288593330585, 0.06121825407827214], [-0.3301790337441487, -0.106395781015969, -0.845082303797714, -0.5440453096599029, -0.49625501642596576, -0.3612032156961677, 0.12375525458004907, 0.35633698550556425, 0.28053462081983194, 0.7282736841343413, -0.08088522302998652, -0.07072308707584107, -0.0657880210300559], [-0.20009806883919048, -0.733963908671237, -0.046612612940851166, 0.3598933040432049, -0.6651703824374728, -0.05906605687460769, -0.5265913017107445, -0.03436484636321107, 0.10096933362842331, -0.14693389703138804, 0.7181550200634279, 0.5369194275641026, 0.003601185630422492]], "inverted": false, "swapped": false, "error_lsq": 0.0538745109547761, "error_max": 0.37489601146457874, "target": "327.xyz", "model": "28.xyz", "model_rescale": 4.156811204709835, "target_rescale": 4.070100954453887},
