[{"mapping": [2, 4, 6, 11, 0, 1, 12, 5, 9, 8, 13], "R": [[-0.18891682811917748, 0.8173821257286402, -0.5442397381602326], [-0.2986372453783648, 0.4801479112362674, 0.8247871113252632], [0.9354818158180369, 0.31834642117476203, 0.15339272603030935]], "T": [0.1165084710646891, -0.08117504396944304, -0.010268086716914891], "aligned_model": [[-0.3523945093633256, 0.16684839353646536, 0.4770540084738064, 0.6459620572218175, -0.6414229704160807, -0.06623346563854478, -0.13903474467962273, 0.7594830474149563, -0.3595999320974371, 0.6683546409259303, 0.14466940626310879], [0.15597290599400693, 0.7361575592618833, 0.12928045256412357, 0.0949758054686504, -0.22144474990463636, -0.6229006918625031, -0.2198659086536633, -0.47267782932760877, 0.37513846354548647, 0.46939930116684153, 0.06545244873955826], [-0.5716494991127669, -0.5030535720061218, -0.6507848184428191, 0.40891161125386594, -0.04600006388531978, 0.06836282582877162, 0.4903138914982475, -0.08583609360865435, 0.30885875806750496, -0.06423869825624723, 0.05490247692973008]], "inverted": false, "swapped": false, "error_lsq": 0.04297134451382994, "error_max": 0.20022836007478817, "target": "33.xyz", "model": "0.xyz", "model_rescale": 3.8414455957264533, "target_rescale": 3.8080524453851337},
{"mapping": [7, 0, 13, 12, 2, 6, 10, 8, 3, 11, 14], "R": [[-0.15787842625662254, -0.9859386424436586, 0.05476674044607366], [0.9428714639410515, -0.13403983418581153, 0.30500282840835896], [-0.29337314977412454, 0.09979136329259945, 0.9507754092338598]], "T": [0.01821396421001535, 0.047247158909796506, -0.09086361962717229], "aligned_model": [[-0.23035962204483101, 0.019681992689903595, 0.6256046391027218, 0.6901116846155848, -0.6629126073479695, -0.2455306968901675, 0.16728883291489555, 0.6159813893954544, -0.3789850115594896, 0.6708689090768897, 0.031936421688081695], [0.10398543604016727, 0.6453547491779724, 0.10196511372557657, 0.04460759782881212, -0.22566847651922892, -0.6618076167889967, -0.19700887062684108, -0.46900923959456103, 0.47045537943019394, 0.5765871528814954, 0.10002653143754922], [-0.6807338954165219, -0.5004762718525947, -0.5413406047368342, 0.2708490147916045, -0.1695298580936647, 0.1033199342169325, 0.5308251899600761, -0.0695133528594875, 0.43497348230808563, 0.050932345946015395, -0.01951916599742036]], "inverted": true, "swapped": false, "error_lsq": 0.04571811895177689, "error_max": 0.2567278433791096, "target": "33.xyz", "model": "1.xyz", "model_rescale": 4.316132596720782, "target_rescale": 3.8080524453851337},
{"mapping": [3, 6, 4, 1, 7, 5, 9, 0, 10, 8, 11], "R": [[0.22485769658767057, -0.8687253468617985, -0.4413108745602533], [0.5092446028658527, 0.4909055806080375, -0.7068816346319136], [0.8307279643404858, -0.0657874049323589, 0.5527775923596929]], "T": [0.17891288295801913, 0.044252878442737974, -0.007004708308320055], "aligned_model": [[-0.27958350803430265, 0.10848929571943841, 0.46573623533633013, 0.49755215830651545, -0.6930613183273604, -0.002183379160004245, -0.04199928023864036, 0.6525595018940877, -0.11313113914966252, 0.5142611389194931, 0.1950462263751792], [-0.0010663894080456052, 0.6489580632084541, -0.04318856375035949, 0.0625742330330423, -0.13066802396564847, -0.5554037074725208, -0.35206592173582824, -0.48089552599515817, 0.5495111014038666, 0.7066038882123066, 0.08512860346203008], [-0.47470571562773606, -0.5596964134002469, -0.7172272719138434, 0.43200622956927875, 0.09059032216514923, -0.15989684261330842, 0.5795792413602734, -0.06858467480074218, 0.23102935620896675, 0.18238590099879998, -0.12569331368040038]], "inverted": false, "swapped": false, "error_lsq": 0.04770651443129737, "error_max": 0.23135397459618728, "target": "33.xyz", "model": "2.xyz", "model_rescale": 3.795458400668931, "target_rescale": 3.8080524453851337},
{"mapping": [1, 7, 8, 5, 0, 2, 10, 6, 4, 9, 11], "R": [[0.27198904688424896, 0.10662049345166402, 0.9563754643188633], [0.9410060615357473, 0.1784495992109665, -0.28751231746557715], [-0.20131952346451443, 0.9781553102230591, -0.051794194215681225]], "T": [0.1156085885242764, 0.00894738566598513, -0.050360609307574945], "aligned_model": [[-0.12733931314802072, -0.0389642990038475, 0.6033767693609515, 0.5581013749243869, -0.6586584168056067, -0.025892547483172337, -0.08336459162117511, 0.5107155883177384, -0.1502830181182781, 0.7084771438889936, 0.007517241329103905], [-0.21551671638988396, 0.6757721415470597, 0.06375815121505646, 0.11867381310558842, 0.1143916035826639, -0.7429227377775336, -0.25991891146854373, -0.3661571824661483, 0.3649077743322544, 0.6436782458472219, 0.092821575464404], [-0.5859546962063491, -0.3891145967399523, -0.6583416277403386, 0.4844149143043717, -0.09036142856388027, -0.0014315034848899483, 0.6031922372535397, -0.27504554049237556, 0.4117525678916864, -0.037009429561445914, -0.052314078394175394]], "inverted": false, "swapped": false, "error_lsq": 0.055522991331862975, "error_max": 0.28417173569381476, "target": "33.xyz", "model": "3.xyz", "model_rescale": 3.7530521520055578, "target_rescale": 3.8080524453851337},
{"mapping": [7, 6, 0, 2, 5, 1, 3, 2, 9, 4, 10], "R": [[-0.30714449228771334, 0.8982416588129617, 0.3143631391086774], [-0.2064949434525479, 0.2595562198022805, -0.9433930289600827], [-0.9289898272779158, -0.35467237154152437, 0.10576109719201576]], "T": [-0.006368902970619539, 0.11593170552078273, -0.04213724636591504], "aligned_model": [[-0.30779756622405263, 0.17643533480370557, 0.4950187345630126, 0.5414665039099658, -0.6556904612859886, 0.10665723486589726, -0.02215362512471504, 0.5414665039099658, -0.25591754390801036, 0.6282237579808185, 0.05597705815047521], [0.04582403125180326, 0.7158812563084326, 0.10627622956826073, -0.19754728845904762, -0.18986894862108789, -0.6606474727651175, -0.1833373390869099, -0.19754728845904762, 0.46159916100087445, 0.4859819228667335, 0.10287349338724511], [-0.5553395607909866, -0.43326214943571945, -0.6969178160856506, 0.20878758366966926, 0.007129535784083069, -0.1374039395399131, 0.6580474911002894, 0.20878758366966926, 0.2978675401760187, -0.03401962846667217, -0.11388982181459709]], "inverted": true, "swapped": false, "error_lsq": 0.05798164680632998, "error_max": 0.40827996983737885, "target": "33.xyz", "model": "4.xyz", "model_rescale": 3.7855080009869324, "target_rescale": 3.8080524453851337},
{"mapping": [10, 8, 15, 12, 5, 3, 1, 14, 6, 13, 16], "R": [[0.6431751676566712, -0.46100402543334373, 0.6113926661680418], [-0.2939938885340455, 0.5885853435464373, 0.7530835855779583], [-0.7070313268975037, -0.6641103687615304, 0.24303111094874236]], "T": [0.05824440278911422, 0.022243422019301528, 0.025265585357773644], "aligned_model": [[-0.26367237937492394, 0.11293939773324307, 0.4853422600417342, 0.6058463667982913, -0.688850345085309, -0.1717612351814494, 0.02911563175120012, 0.6492191317506366, -0.10916018696328203, 0.5589962368766089, 0.09567105329432418], [0.0029859352498271645, 0.5459393606836436, 0.13953657942021286, 0.01048301207070924, -0.2733590415637581, -0.6042422522650797, -0.1892534907800309, -0.2816720859936249, 0.6065199854536336, 0.5456754659770028, -0.013125711260396414], [-0.6281584795792009, -0.44170432300694723, -0.6698227847384335, 0.4290712871269365, -0.0725703274829704, -0.16716547195221113, 0.7515744105578689, -0.10154779032069913, 0.26332790664814826, 0.036847247227810874, 0.009935143785888364]], "inverted": false, "swapped": false, "error_lsq": 0.04256632888217418, "error_max": 0.21753069244561674, "target": "33.xyz", "model": "5.xyz", "model_rescale": 4.2253639853439635, "target_rescale": 3.8080524453851337},
{"mapping": [1, 0, 4, 6, 8, 10, 5, 2, 9, 7, 13], "R": [[0.12595265361735228, -0.9303365427065393, 0.3443978024778772], [0.9901900604736671, 0.09672922239922567, -0.1008320468561295], [0.06049440623646812, 0.353719344733766, 0.933393299726976]], "T": [0.11390297618766874, 0.1013888259750034, 0.030789682048964158], "aligned_model": [[-0.26989658721116117, 0.15964649095880284, 0.39096420512561936, 0.6298448802526037, -0.56728766620818, -0.1164107999858298, 0.1217760341974491, 0.5262918457247843, -0.3666108846336886, 0.6223948022215632, 0.17297361119911148], [0.011785622213774133, 0.7641609144619808, -0.0930370570683392, 0.10102556075045432, -0.11705683093727107, -0.6228954798743167, -0.40610057645749276, -0.4255465993837224, 0.472027450558559, 0.698593397940383, 0.1065313547881302], [-0.588383107218182, -0.41832426663844047, -0.5907784667720117, 0.41487533368325175, 0.21552105265825391, -0.14493818481970044, 0.40911994495026505, -0.018668278090443656, -0.03501204293409662, 0.1498441994234638, 0.01653063402383118]], "inverted": false, "swapped": false, "error_lsq": 0.05387847053650798, "error_max": 0.2963859892733418, "target": "33.xyz", "model": "6.xyz", "model_rescale": 3.89814844738969, "target_rescale": 3.8080524453851337},
{"mapping": [7, 2, 0, 5, 11, 8, 9, 6, 10, 1, 12], "R": [[0.46725341998602554, 0.061148954081808315, 0.8820062624075091], [-0.7301853757316763, -0.5357965740261116, 0.4239709286371798], [0.4985013125147754, -0.8421299404940918, -0.205702709618672]], "T": [0.04832829115052015, 0.02496349137811562, -0.21785032866857043], "aligned_model": [[-0.20041947591953888, 0.12344286132522772, 0.4810210321655648, 0.5239003640334368, -0.6887028415519537, -0.1008522395820485, 0.03536786960876065, 0.5675117050731513, -0.19244919652279305, 0.7786927226286482, -0.023826869617381313], [-0.1654350332018306, 0.7258132133637166, 0.1367133545229107, 0.17014685327430942, -0.23399187263526858, -0.6183306160172749, -0.21598787916631665, -0.36701617059243463, 0.4590983083685398, 0.44219387037595903, 0.1562837286998289], [-0.7950397514418878, -0.14918219150772147, -0.6068224966039072, 0.37824496484345915, -0.005559023856022888, -0.07086518331214045, 0.6422196356603982, -0.03298178527388293, 0.32294244602294186, -0.13250854460714237, -0.1406612516579036]], "inverted": true, "swapped": false, "error_lsq": 0.05402011676006253, "error_max": 0.2794075124171631, "target": "33.xyz", "model": "7.xyz", "model_rescale": 3.7474275329858107, "target_rescale": 3.8080524453851337},
{"mapping": [0, 12, 1, 4, 6, 3, 8, 2, 11, 13, 14], "R": [[0.9364460940524921, 0.09843134798480702, -0.3367194420696924], [0.10955361409658027, 0.8297739682574039, 0.547241415867566], [0.33326673787254657, -0.5493509182082565, 0.7662550816089486]], "T": [-0.020845116209148917, 0.13002934151037088, -0.01840221398757961], "aligned_model": [[-0.24627795294709634, 0.12501870930814307, 0.3779314923516105, 0.6446106317560627, -0.719013639550556, -0.16952544746171475, 0.19560573017664695, 0.6238626814500892, -0.23363602428009123, 0.6662801131006815, 0.038829637737298625], [-0.153183663538089, 0.6713079530731747, -0.05703092696741549, 0.04575354421353092, -0.25609889088603605, -0.5705549450080312, -0.26125286498859823, -0.40585084021064427, 0.6571737288729067, 0.6904157784431251, 0.12880888398821597], [-0.5690233791444089, -0.27605280659209835, -0.627325437778272, 0.3844527020002587, -0.1927690673727632, -0.05319235004280227, 0.4966294178882645, -0.09438762262550757, 0.23323001746218383, 0.12971189486196164, -0.02148655039062556]], "inverted": false, "swapped": false, "error_lsq": 0.045097261430437435, "error_max": 0.21859582966932434, "target": "33.xyz", "model": "8.xyz", "model_rescale": 4.019505241142653, "target_rescale": 3.8080524453851337},
{"mapping": [1, 2, 0, 5, 10, 9, 11, 8, 6, 3, 12], "R": [[0.489504806366678, -0.8715526736414605, -0.027946048241977994], [0.2485848600960311, 0.1701918758794026, -0.9535409234614354], [0.8358173316430798, 0.45981590060922417, 0.299964540691013]], "T": [0.1558517676736724, 0.020958090880953302, -0.09888540645344475], "aligned_model": [[-0.2653285139508662, 0.1262803205584086, 0.5102075776684224, 0.5030004442377936, -0.7564685331276471, -0.05356850942972505, 0.12654869250448464, 0.48299026865379246, -0.2747747122281726, 0.7301695274637667, 0.17462936929081654], [-0.05553300532290053, 0.5891897624002937, 0.11375928112948999, 0.28527541098545195, -0.04526582166614725, -0.6297957530075645, -0.2881089263976208, -0.5518052285192014, 0.3902001735865473, 0.6601911593605282, 0.02138070444326251], [-0.6214383556775055, -0.26078185241352064, -0.6359756940983707, 0.4111625028595067, -0.06059937283108681, -0.10051133163546148, 0.4404367909472779, 0.04623355341155079, 0.35529842982155785, -0.09988675236847518, -0.06415109974928207]], "inverted": false, "swapped": false, "error_lsq": 0.048162846802156455, "error_max": 0.2510082458870006, "target": "33.xyz", "model": "9.xyz", "model_rescale": 3.877068213659057, "target_rescale": 3.8080524453851337},
{"mapping": [8, 9, 11, 6, 7, 5, 3, 12, 2, 10, 15], "R": [[0.8301368550434731, 0.5270306196992234, 0.18196573248275172], [-0.49221181227582994, 0.5394055795669144, 0.6832050589597712], [0.2619166542140358, -0.6567193819520892, 0.7071911478615888]], "T": [0.0829263520399414, 0.06504813994368056, 0.054932800552093854], "aligned_model": [[-0.2494537372148507, 0.001427756467050914, 0.48445304195276034, 0.5976073455330718, -0.7094192424887273, 0.03983522422477939, 0.13211237721617922, 0.6491828780854809, -0.38203655595390573, 0.6372420526610754, 0.10273479115815967], [0.18432875782175254, 0.6338330556668162, 0.06361521040738247, 0.06078439159757151, -0.0031923421976037814, -0.7147510463581616, -0.3258321261153373, -0.4081042004701484, 0.5247858308757724, 0.4685797984890062, 0.005440427275089012], [-0.6310836323951787, -0.2698548261597698, -0.5642840760463264, 0.3946236460451879, -0.12896462967721636, 0.08736466742916507, 0.5524814868745672, -0.06201002815186447, 0.16809687469154255, -0.12702072114077756, -0.009561943203138613]], "inverted": false, "swapped": false, "error_lsq": 0.04546762724613987, "error_max": 0.24066824007712606, "target": "33.xyz", "model": "10.xyz", "model_rescale": 4.260839863003843, "target_rescale": 3.8080524453851337},
{"mapping": [2, 3, 1, 7, 4, 9, 10, 8, 5, 0, 11], "R": [[0.9275926265424688, -0.3489274732945172, -0.13349733167501332], [-0.09518587881748744, 0.12480773642110003, -0.9876045146733505], [0.36126384770384523, 0.9288017265863289, 0.08255776785056436]], "T": [0.12968553834088464, 0.045366028802271426, -0.003516223950449253], "aligned_model": [[-0.07658802254389982, -0.05163087071982159, 0.5711107761326886, 0.7306907847784956, -0.5869515828263152, -0.2462546334427666, 0.0436331350570547, 0.4219392421918278, -0.3260819687993603, 0.6367652227344587, 0.18705384907871214], [-0.08786971182673692, 0.5912080634748046, 0.20909736793575998, 0.05763836517461477, -0.10474612521543114, -0.6567370834638228, -0.2283867660966336, -0.586697912158685, 0.48531493966104305, 0.7455208778501365, 0.06514574165708978], [-0.6438728290076627, -0.41946562520335007, -0.5526942016291756, 0.25772640809240127, -0.004176816544375954, 0.03460815332648877, 0.5541469209823282, -0.17871997442700957, 0.2317109800826839, 0.14710797890255392, -0.016584176308691446]], "inverted": false, "swapped": false, "error_lsq": 0.05083512559798187, "error_max": 0.26420221273016165, "target": "33.xyz", "model": "11.xyz", "model_rescale": 3.890672605050136, "target_rescale": 3.8080524453851337},
{"mapping": [6, 0, 8, 7, 11, 9, 12, 5, 4, 3, 13], "R": [[0.07706552063416883, -0.9075818058781718, 0.41274225755100585], [0.9110868705377829, -0.10403197399069854, -0.3988709850581612], [0.4049464407338997, 0.40678325190021647, 0.8188685890363796]], "T": [-0.06934941934662564, 0.05280996460874242, -0.13565837698832092], "aligned_model": [[-0.17485354199613773, 0.020925257439397882, 0.5340502644882988, 0.6451815520865355, -0.5943078115094261, -0.1560284140780171, 0.12029497640001618, 0.46019456974474904, -0.11383913223112703, 0.543141614952143, 0.01892659634464111], [-0.11622524535282149, 0.5963746244105321, 0.14254267661712747, 0.03975860724564227, -0.10067429793504747, -0.7206769051166351, -0.24158146890402826, -0.4997077620678373, 0.5679438931184927, 0.7354073488135163, 0.08632628616319798], [-0.6763563720269229, -0.34798473685199705, -0.5191266387540975, 0.32935702405788614, -0.07546343081766296, -0.14068134983252417, 0.521989578821822, 0.003192287973708935, 0.33732655403031886, -0.02621112950141463, 0.00374503116707392]], "inverted": false, "swapped": false, "error_lsq": 0.04486846771365984, "error_max": 0.21746810388780632, "target": "33.xyz", "model": "12.xyz", "model_rescale": 4.124412569039231, "target_rescale": 3.8080524453851337},
{"mapping": [8, 6, 9, 0, 2, 10, 4, 7, 1, 3, 12], "R": [[0.4974713562566435, 0.8053138178946323, 0.32247775801153644], [0.8463109500834388, -0.36892757154632116, -0.38425281094847136], [-0.19047316208075948, 0.46407122477148427, -0.8650768017153458]], "T": [0.2524367086147319, 0.021576159116448203, -0.02525515697680554], "aligned_model": [[-0.276056708359501, 0.1334599685004185, 0.4382559726105686, 0.4430955044186703, -0.5774651063220431, -0.0008756053426468013, -0.11705508944669485, 0.6534556084983647, -0.3249437778645681, 0.7564962725929462, 0.17531889235555975], [0.15090259232380893, 0.596391776318174, 0.04449635077246778, 0.24207329121711618, -0.20110824856700024, -0.6635966088471852, -0.2546616469796497, -0.4275123036306689, 0.5519774812539756, 0.5230615502071265, -0.07253647707602595], [-0.49308579170181394, -0.3462603848421003, -0.6364729069995689, 0.4765392548214908, 0.03854253724672814, -0.130044574076638, 0.6114902720590655, -0.20012959501620647, 0.19422265560665997, -0.08173288932017178, -0.023281759511253934]], "inverted": true, "swapped": false, "error_lsq": 0.044546335713172444, "error_max": 0.2799813539354137, "target": "33.xyz", "model": "13.xyz", "model_rescale": 3.9028299243045295, "target_rescale": 3.8080524453851337},
{"mapping": [1, 11, 9, 10, 2, 3, 4, 7, 12, 14, 15], "R": [[0.3100095419829715, -0.07526765032479099, -0.9477493680789736], [-0.6462965096547352, -0.7477912736627214, -0.15201655384198204], [-0.6972767782506567, 0.6596536908473039, -0.2804676499418686]], "T": [-0.05324045879508943, 0.011800500167272424, 0.06603637244357688], "aligned_model": [[-0.29998324466308934, 0.07742562905267192, 0.5191575122072961, 0.6241187399940059, -0.748171968731427, -0.0840700625257445, 0.1711916847388132, 0.7244488489086389, -0.30307299055839826, 0.5822554197917079, 0.04038636342659896], [0.18850093544650393, 0.5542101320832459, 0.036034199385430885, 0.04353965851592426, -0.1567118819355564, -0.604658735026392, -0.4117222802563581, -0.4263241393119486, 0.6577693696000815, 0.6173529741993451, -0.00850247570813717], [-0.5085014501034115, -0.4182929091709725, -0.4560926796864674, 0.3751152356679789, -0.10952997721209268, -0.021810039642542245, 0.5452252092226944, -0.08847607625124179, 0.13347682586227783, -0.0457752650356375, 0.004447944615605243]], "inverted": true, "swapped": false, "error_lsq": 0.043371007191245176, "error_max": 0.24541648445480788, "target": "33.xyz", "model": "14.xyz", "model_rescale": 3.942246331269136, "target_rescale": 3.8080524453851337},
{"mapping": [12, 0, 8, 6, 3, 13, 10, 11, 5, 7, 14], "R": [[0.2699438209619456, -0.8700575369884787, -0.41246844225226187], [0.3541793887509386, -0.30861562527561087, 0.8827872656646989], [-0.8953699202611605, -0.38439078834603474, 0.22484756553326807]], "T": [0.05299370949558724, 0.051745502788404646, 0.05469393883526059], "aligned_model": [[-0.39636225462179037, 0.171125884330077, 0.6459954199826501, 0.5971146605814328, -0.6580828462321922, -0.03743385581168307, 0.14556300967283692, 0.5181063085085533, -0.3588027416780434, 0.6437984349383145, 0.03266391197091818], [-0.13799210284895233, 0.5948281468249441, 0.08645336200624323, 0.06811014232794754, -0.05058636420969209, -0.6236034412892173, -0.24042881718059447, -0.4936233014051139, 0.4974342214457067, 0.6696966586504226, 0.11919925267044462], [-0.6011681782914212, -0.4267866047834953, -0.44127507446670344, 0.18296700109151354, 0.0758186019485245, -0.388765761330557, 0.6989497944225491, 0.03587473830798655, 0.24061006791375172, 0.04659125456528956, -0.013029021111246979]], "inverted": true, "swapped": false, "error_lsq": 0.05040101096384265, "error_max": 0.3078912171553399, "target": "33.xyz", "model": "15.xyz", "model_rescale": 4.355366556412066, "target_rescale": 3.8080524453851337},
{"mapping": [3, 6, 4, 1, 7, 5, 9, 0, 10, 8, 11], "R": [[0.22485769658767057, -0.8687253468617985, -0.4413108745602533], [0.5092446028658527, 0.4909055806080375, -0.7068816346319136], [0.8307279643404858, -0.0657874049323589, 0.5527775923596929]], "T": [0.17891288295801913, 0.044252878442737974, -0.007004708308320055], "aligned_model": [[-0.27958350803430265, 0.10848929571943841, 0.46573623533633013, 0.49755215830651545, -0.6930613183273604, -0.002183379160004245, -0.04199928023864036, 0.6525595018940877, -0.11313113914966252, 0.5142611389194931, 0.1950462263751792], [-0.0010663894080456052, 0.6489580632084541, -0.04318856375035949, 0.0625742330330423, -0.13066802396564847, -0.5554037074725208, -0.35206592173582824, -0.48089552599515817, 0.5495111014038666, 0.7066038882123066, 0.08512860346203008], [-0.47470571562773606, -0.5596964134002469, -0.7172272719138434, 0.43200622956927875, 0.09059032216514923, -0.15989684261330842, 0.5795792413602734, -0.06858467480074218, 0.23102935620896675, 0.18238590099879998, -0.12569331368040038]], "inverted": false, "swapped": false, "error_lsq": 0.04770651443129737, "error_max": 0.23135397459618728, "target": "33.xyz", "model": "16.xyz", "model_rescale": 3.795458400668931, "target_rescale": 3.8080524453851337},
{"mapping": [7, 2, 0, 5, 11, 8, 9, 6, 10, 1, 12], "R": [[0.46725341998602554, 0.061148954081808315, 0.8820062624075091], [-0.7301853757316763, -0.5357965740261116, 0.4239709286371798], [0.4985013125147754, -0.8421299404940918, -0.205702709618672]], "T": [0.04832829115052015, 0.02496349137811562, -0.21785032866857043], "aligned_model": [[-0.20041947591953888, 0.12344286132522772, 0.4810210321655648, 0.5239003640334368, -0.6887028415519537, -0.1008522395820485, 0.03536786960876065, 0.5675117050731513, -0.19244919652279305, 0.7786927226286482, -0.023826869617381313], [-0.1654350332018306, 0.7258132133637166, 0.1367133545229107, 0.17014685327430942, -0.23399187263526858, -0.6183306160172749, -0.21598787916631665, -0.36701617059243463, 0.4590983083685398, 0.44219387037595903, 0.1562837286998289], [-0.7950397514418878, -0.14918219150772147, -0.6068224966039072, 0.37824496484345915, -0.005559023856022888, -0.07086518331214045, 0.6422196356603982, -0.03298178527388293, 0.32294244602294186, -0.13250854460714237, -0.1406612516579036]], "inverted": true, "swapped": false, "error_lsq": 0.05402011676006253, "error_max": 0.2794075124171631, "target": "33.xyz", "model": "17.xyz", "model_rescale": 3.7474275329858107, "target_rescale": 3.8080524453851337},
{"mapping": [0, 2, 1, 11, 4, 8, 10, 3, 9, 7, 13], "R": [[0.38678224427676267, -0.7559467872333732, 0.5281514464467291], [-0.6301609581289682, -0.6348085875020729, -0.44711880309779417], [0.6732730964194334, -0.1598828074095665, -0.721900841897711]], "T": [0.10242946287539707, 0.09298184957617248, 0.04700864525731654], "aligned_model": [[-0.20472049178382268, 0.043338957932839636, 0.5836719109040217, 0.7844177852260026, -0.7075818567275828, -0.18116946472565976, 0.22690613892896577, 0.47375908142348977, -0.3132620622653311, 0.535098965772186, 0.06322696695596489], [-0.10072846154201284, 0.5482305491201561, 0.08556740874030269, 0.02472866509053573, -0.0767253191065626, -0.5629919164152842, -0.3691360857025203, -0.45671561049013076, 0.5752381175402803, 0.6951908701264284, 0.12682953963094673], [-0.7061696945136863, -0.49436891024238083, -0.4498506397441661, 0.27497814495197, -0.01861879590363772, -0.03125065331618194, 0.5443937490510163, -0.09629591885289321, 0.2528085815828197, 0.17952535691001387, -0.0453644016566831]], "inverted": true, "swapped": false, "error_lsq": 0.05055091729694789, "error_max": 0.2629033833540318, "target": "33.xyz", "model": "18.xyz", "model_rescale": 3.922800546911778, "target_rescale": 3.8080524453851337},
{"mapping": [3, 9, 2, 6, 12, 5, 8, 1, 13, 10, 14], "R": [[0.2694177265519311, -0.5600672585173302, -0.7834148036362799], [0.9079033425949617, -0.1235521263427318, 0.40055760207626223], [-0.32113176287076406, -0.8191822373642337, 0.4751998030959648]], "T": [0.08514430436512829, 0.06255460353807046, 0.0008454234932705681], "aligned_model": [[-0.24093636110186692, 0.20291368958851363, 0.5288643744504252, 0.6439182035835133, -0.6751861461277991, -0.17966916438701427, 0.035248838823859624, 0.6469245605520021, -0.34213881091892284, 0.6575517834093231, 0.02619496376904039], [-0.009787736012769624, 0.5841907993231399, 0.19528897875284398, 0.02643540226471945, -0.13394904429949872, -0.6513065570684269, -0.24265895099573115, -0.4128705891059746, 0.38479026618467005, 0.6301732208743835, 0.11918196707478286], [-0.5446701391646777, -0.6129698883603604, -0.5456187087493033, 0.4036293665257219, -0.042720239663208155, -0.05216203193252466, 0.5288092315984105, -0.07888445731580138, 0.43143462903847274, -0.02671234221420208, -0.050348601496337]], "inverted": false, "swapped": false, "error_lsq": 0.04001618756875955, "error_max": 0.25501775884877825, "target": "33.xyz", "model": "19.xyz", "model_rescale": 3.9282355846067225, "target_rescale": 3.8080524453851337},
{"mapping": [9, 11, 4, 1, 12, 7, 2, 5, 10, 0, 13], "R": [[0.6009405119976451, 0.1729694007841706, 0.7803538219502573], [0.6632956394638228, 0.4368431662353104, -0.6076240143228279], [-0.4459925960240676, 0.8827511736077583, 0.1477869066793091]], "T": [0.1881513196863136, -0.1069234726222056, -0.2300453328082983], "aligned_model": [[-0.36791394477103956, 0.07550140120839671, 0.5426875843237629, 0.5974211408007485, -0.6581463829242117, -0.1634318113276892, 0.1095698030361202, 0.6068993357006863, -0.24806541097608326, 0.5767796752680816, 0.23238454130230146], [0.10457679902192689, 0.5804964724461079, 0.22102370346421885, 0.11488891734628336, -0.12530800808882436, -0.5861988011795155, -0.2387974516593226, -0.5294500770018428, 0.3887665148165687, 0.57290153937234, -0.013411851545801379], [-0.5828680673311988, -0.39775635306382684, -0.6376266519259397, 0.35714992729521977, -0.15107348542336424, -0.04354536550992033, 0.5793682878169982, 0.1357572367890632, 0.3233448995184238, -0.06571961205446827, -0.10724399784479607]], "inverted": true, "swapped": false, "error_lsq": 0.045656792628202034, "error_max": 0.25452208652001684, "target": "33.xyz", "model": "20.xyz", "model_rescale": 4.067790424073018, "target_rescale": 3.8080524453851337},
{"mapping": [8, 0, 2, 11, 1, 5, 13, 6, 9, 3, 14], "R": [[-0.20208239985623871, -0.9725864352525655, 0.11505794032160852], [0.890298106891344, -0.23138381977603178, -0.39221270863084223], [0.40808330587520036, 0.02317658103690895, 0.9126504596818036]], "T": [0.10651861165175948, 0.045879377738090255, -0.06800838808162259], "aligned_model": [[-0.2685171832886657, 0.10437817342257202, 0.5928927630993021, 0.46987992254503125, -0.683003115482109, -0.12153716822480977, -0.010851975106599465, 0.7337140171320811, -0.41569071409591785, 0.8224234249593985, 0.07999778668079092], [-0.08535762283934212, 0.5574756018321169, 0.14337360504729507, 0.1155757452801284, -0.08200448072918193, -0.49209468331206085, -0.37581500896649833, -0.34500171839248384, 0.4819835548041431, 0.504521690865091, 0.06683107340293173], [-0.4770229341773524, -0.5606773961772004, -0.6226767502440919, 0.4622210227176241, 0.11531172103326674, -0.15191662224242497, 0.4783628178425524, -0.10535533879392882, 0.3077048886555556, -0.038469540045708794, 0.002304949697899447]], "inverted": false, "swapped": false, "error_lsq": 0.05056805998660663, "error_max": 0.21300675731636226, "target": "33.xyz", "model": "21.xyz", "model_rescale": 4.186013935880536, "target_rescale": 3.8080524453851337},
{"mapping": [7, 4, 6, 5, 9, 1, 2, 0, 11, 3, 12], "R": [[-0.4668978297605309, 0.8282080767575482, 0.3099641885096882], [-0.33454993624043694, 0.15903406685956747, -0.9288619411622085], [-0.8185858273427571, -0.5373821239785241, 0.2028242985983294]], "T": [-0.007757323938636679, 0.04954499222276025, -0.018255897853670072], "aligned_model": [[-0.1340580735450912, -0.028072804635111442, 0.41109816192262294, 0.5889962569895201, -0.6113357914850926, -0.10180148633172201, 0.13714284232177648, 0.496340135713348, -0.15659513046802903, 0.6879738878329423, 0.013997933325909893], [-0.13485005938186795, 0.5958952747118156, 0.13867991198202362, 0.08585047900183594, -0.07661638462350946, -0.6469246589726085, -0.3580185592786584, -0.4597166188598227, 0.5992234335005374, 0.6563937308060345, 0.0895712081063587], [-0.7170908751361668, -0.49648680320867355, -0.37387914942846856, 0.4727694084127303, 0.0540427933160699, -0.2212557905037162, 0.5839027989781921, -0.10950721924880932, 0.25499654450286535, -0.012657310234730393, -0.025047579183101992]], "inverted": true, "swapped": false, "error_lsq": 0.050497006879099034, "error_max": 0.2588907277942259, "target": "33.xyz", "model": "22.xyz", "model_rescale": 4.166573947596378, "target_rescale": 3.8080524453851337},
{"mapping": [10, 9, 8, 2, 13, 5, 6, 0, 12, 3, 15], "R": [[0.2133113315101669, 0.7313547424656088, 0.6477796820852157], [-0.8254628410836713, 0.48958304082239956, -0.28092622542078], [-0.5225986737826971, -0.4747933095697075, 0.7081397738783005]], "T": [0.15013122933442102, 0.152503865554939, -0.04644246763546347], "aligned_model": [[-0.34354613338187473, 0.11232682724706566, 0.6090674103034452, 0.5618638972326786, -0.5734674659270924, -0.16291079620312843, 0.011840921510981484, 0.5588273521317095, -0.25171636213185966, 0.6226731033256596, 0.15872717753348922], [-0.025714732422904146, 0.6470929204171743, 0.16963795598362275, 0.13597732587415465, -0.2605827628408426, -0.6127796025119466, -0.11133235117678963, -0.5251278955078788, 0.4600036186287133, 0.5213368822070084, 0.09097639834182755], [-0.5807289319786786, -0.3846756124858648, -0.7121474660874316, 0.4855465574963098, -0.19670059404526968, 0.03962660318683676, 0.6538245339215504, -0.24778406405156123, 0.3699032664864728, -0.0006927663441199869, -0.01638470783205304]], "inverted": true, "swapped": false, "error_lsq": 0.04560467778193564, "error_max": 0.23157937133307438, "target": "33.xyz", "model": "23.xyz", "model_rescale": 4.274766983524099, "target_rescale": 3.8080524453851337},
{"mapping": [5, 7, 4, 1, 6, 3, 0, 2, 8, 9, 10], "R": [[-0.11335889487835893, 0.972859783300025, -0.20172655499310507], [0.5727533467392454, 0.22989078281164832, 0.7868315142247684], [0.8118518120636002, -0.026345208590493885, -0.5832688618753555]], "T": [0.03811116321107068, 0.030501400381947548, 0.014430093332197448], "aligned_model": [[-0.1655565583901863, -0.08852240058728576, 0.5013442282049219, 0.6281280348924908, -0.6319622623749499, -0.05193508549641511, -0.0437836464286767, 0.7446331655419391, -0.23309691931425003, 0.5612247723795174, 0.08321260321396859], [-0.032218872070182696, 0.5474066877803384, -0.03450637039716708, 0.06795331472695162, -0.03098491025135503, -0.4991798436400798, -0.31307819373142587, -0.6071589230963156, 0.6221231685904823, 0.7017369677731017, 0.06739473130779174], [-0.7734953950317686, -0.3287977331345865, -0.504096399862944, 0.28913143251163204, -0.03285726274560768, -0.15092932314266408, 0.6635954380812892, -0.136193586259395, 0.36291393378839754, -0.044395249957194925, 0.06491096401903304]], "inverted": false, "swapped": false, "error_lsq": 0.049577003611449615, "error_max": 0.2493066877060963, "target": "33.xyz", "model": "24.xyz", "model_rescale": 3.7841303162186577, "target_rescale": 3.8080524453851337},
{"mapping": [6, 7, 11, 14, 4, 3, 12, 13, 8, 10, 15], "R": [[0.07690515540724804, 0.9452015865549797, 0.31730042206990006], [-0.07953158130436841, 0.32304445179450736, -0.9430360596180898], [-0.9938613206313114, 0.04728893040380533, 0.10001716059882118]], "T": [0.0148944568334156, 0.19992154295948555, 0.035747579970094596], "aligned_model": [[-0.25946863774894496, 0.17217266015463756, 0.4657252380075011, 0.6762156066990833, -0.6459724676598309, -0.10742125054148384, 0.20918851199595678, 0.5267857217060729, -0.36268855139338135, 0.6354262337145625, -0.006277133293099198], [-0.06535930219127772, 0.5537354782236512, -0.03311380514949555, 0.07063035548350766, -0.13874272230647217, -0.5492620000516948, -0.34510863885390314, -0.38893601592470156, 0.554296325410608, 0.6690125894561303, 0.1623354928957869], [-0.5777484817697642, -0.4866362119618457, -0.5403372249331211, 0.454360871555496, -0.036818020703103825, -0.23400188572677083, 0.5260167177598354, -0.02094550217462516, 0.3208920505459508, 0.023540645276727327, -0.01853613960258741]], "inverted": false, "swapped": false, "error_lsq": 0.04283214742473083, "error_max": 0.24166524893766034, "target": "33.xyz", "model": "25.xyz", "model_rescale": 4.19342608120988, "target_rescale": 3.8080524453851337},
{"mapping": [3, 6, 4, 1, 7, 5, 9, 0, 10, 8, 11], "R": [[0.22485769658767057, -0.8687253468617985, -0.4413108745602533], [0.5092446028658527, 0.4909055806080375, -0.7068816346319136], [0.8307279643404858, -0.0657874049323589, 0.5527775923596929]], "T": [0.17891288295801913, 0.044252878442737974, -0.007004708308320055], "aligned_model": [[-0.27958350803430265, 0.10848929571943841, 0.46573623533633013, 0.49755215830651545, -0.6930613183273604, -0.002183379160004245, -0.04199928023864036, 0.6525595018940877, -0.11313113914966252, 0.5142611389194931, 0.1950462263751792], [-0.0010663894080456052, 0.6489580632084541, -0.04318856375035949, 0.0625742330330423, -0.13066802396564847, -0.5554037074725208, -0.35206592173582824, -0.48089552599515817, 0.5495111014038666, 0.7066038882123066, 0.08512860346203008], [-0.47470571562773606, -0.5596964134002469, -0.7172272719138434, 0.43200622956927875, 0.09059032216514923, -0.15989684261330842, 0.5795792413602734, -0.06858467480074218, 0.23102935620896675, 0.18238590099879998, -0.12569331368040038]], "inverted": false, "swapped": false, "error_lsq": 0.04770651443129737, "error_max": 0.23135397459618728, "target": "33.xyz", "model": "26.xyz", "model_rescale": 3.795458400668931, "target_rescale": 3.8080524453851337},
{"mapping": [10, 7, 5, 1, 4, 11, 9, 8, 3, 6, 12], "R": [[0.11297999185945629, -0.5883705312372701, 0.8006595027919234], [-0.2840115482709632, -0.7913211539758553, -0.5414316870289839], [0.9521412510169738, -0.16622559743280743, -0.25650748306811383]], "T": [0.13292373952321135, 0.01373766368528919, 0.12854226923185885], "aligned_model": [[-0.2398583354787956, -0.041649929438865696, 0.4420132486615018, 0.6190903549402986, -0.6388810459028461, -0.06244427219557375, -0.07376142694852234, 0.7016700599260705, -0.4050355383330846, 0.867515221778051, 0.13502759463284006], [0.019061117393064077, 0.6295344208567829, 0.17463964782438832, 0.04027553200447009, -0.24655382255501965, -0.6330204113134043, -0.0956107107354644, -0.3593120686623997, 0.5099819003292854, 0.30681121999606, 0.1436809318543767], [-0.47865754459144194, -0.3719839404631059, -0.5388666719136627, 0.46512945578267956, -0.05968338794811745, -0.10621276086199763, 0.4886790003320046, -0.13244284591783417, 0.22558881380613696, -0.10740307288334691, 0.025639772924876153]], "inverted": false, "swapped": false, "error_lsq": 0.054014281435240674, "error_max": 0.4116161210611212, "target": "33.xyz", "model": "27.xyz", "model_rescale": 3.6321398670334006, "target_rescale": 3.8080524453851337},
{"mapping": [6, 13, 9, 0, 4, 7, 3, 8, 1, 11, 14], "R": [[-0.47620308818083956, 0.8056594400636842, -0.3523400139684713], [-0.3949385924182064, -0.5539601246956752, -0.7329063299398347], [-0.7856552214717072, -0.20985958849531539, 0.5819835273363153]], "T": [0.2353016262027013, 0.007061168398842688, -0.028592543695365295], "aligned_model": [[-0.21367898543875496, 0.0403010052101421, 0.5170587526132838, 0.6304274477353793, -0.5892696472779022, -0.13042297593622837, 0.07941451824054341, 0.46233062579071493, -0.26909391217039585, 0.5767380475914783, 0.1998810552828136], [0.0829802235881876, 0.6769461136122132, 0.17032650469387997, 0.10577810397802001, -0.05934774653764907, -0.6725914626184055, -0.2830040058665118, -0.45712571076816183, 0.3158835310476464, 0.5492157932577122, 0.06042641260520758], [-0.6583227593988739, -0.452510283242846, -0.6121416100998525, 0.44421000072231137, -0.07484536335606021, 0.043554532097840104, 0.5740030787678724, -0.03283404694605707, 0.28362706706544044, -0.07348540851904273, -0.031468388824541255]], "inverted": false, "swapped": false, "error_lsq": 0.04223881193341549, "error_max": 0.20769654849373542, "target": "33.xyz", "model": "28.xyz", "model_rescale": 4.156811204709835, "target_rescale": 3.8080524453851337},
{"mapping": [6, 3, 7, 2, 8, 6, 5, 4, 0, 10], "R": [[0.48474752947709615, 0.4829088512053819, -0.7292591268495379], [-0.3810726949702972, -0.6338702336456606, -0.6730468988458909], [-0.787275957853361, 0.6041585622380057, -0.12324365241495855]], "T": [-0.08115432387105143, -0.031095189218292716, 0.08720373139933275], "aligned_model": [[-0.6335037261061496, 0.007372994848333703, 0.08533348959469034, 0.623069183403103, -0.16383018155626491, -0.6335037261061496, -0.3847600609053905, -0.4576764245902313, 0.21041970582890118, -0.009995880300254528], [-0.28600694007456356, -0.563814727496718, 0.07966182691043949, 0.13698962954570193, -0.4115031286007741, -0.28600694007456356, 0.494231206635709, 0.3359590743828291, 0.4889404795112258, -0.06973015011308215], [-0.13611016413100469, -0.4093394722429034, -0.6663673580109059, -0.2239243655403586, 0.6107920279467912, -0.13611016413100469, -0.25441358608087433, 0.539377633053905, 0.40571108731884936, 0.029171088792605715]], "inverted": false, "swapped": true, "error_lsq": 0.05543465852958692, "error_max": 0.40045040860948145, "target": "33.xyz", "model": "29.xyz", "model_rescale": 4.117894457231895, "target_rescale": 3.8080524453851337},
{"mapping": [1, 4, 3, 11, 8, 5, 9, 2, 7, 12, 14], "R": [[0.1195034926675621, -0.9080838425965643, 0.4013759460347771], [-0.97267332135828, -0.1881390947499012, -0.1360525300923872], [0.19906161146264784, -0.37414892201066946, -0.9057522061801163]], "T": [0.09188349055600573, 0.09706134885390418, 0.04825086647375459], "aligned_model": [[-0.3628416443121436, 0.03805102456087006, 0.4752855407724573, 0.6963647791686388, -0.5495781384634796, -0.15069831803474326, 0.2106295411374316, 0.5824680282415206, -0.3615746667398235, 0.6583432313825673, 0.06723655392777841], [0.06852231471412172, 0.6671831044794153, 0.07808801968645399, 0.06156205602338712, -0.1559693528408741, -0.7010055320089025, -0.306495552735423, -0.5262988956607251, 0.5602060741349756, 0.6136580021825291, 0.1300375190171812], [-0.6815703466382502, -0.47289339524662305, -0.3421323833358926, 0.4468055079403978, -0.1138976122507214, 0.03428335629096224, 0.5096240508498056, -0.22835294764584635, 0.13117446914689296, 0.0428487693104543, 0.08389734984501146]], "inverted": true, "swapped": false, "error_lsq": 0.047096614369153085, "error_max": 0.25275644780102685, "target": "33.xyz", "model": "30.xyz", "model_rescale": 4.100398675895297, "target_rescale": 3.8080524453851337},
