[{"mapping": [6, 2, 1, 3, 0, 5, 12, 11, 9, 10, 7, 13], "R": [[-0.5119599440263162, -0.28093709233995356, 0.8117705130516528], [-0.7696508241899026, -0.26966443912900234, -0.5787216075912878], [0.3814900058145364, -0.92106212625252, -0.07816607350258792]], "T": [0.020608940738354585, -0.15051313423426502, 0.020701596332083513], "aligned_model": [[-0.20116684370948865, -0.6610898312859169, 0.3229410426455139, -0.0983578256847499, -0.33440288943649277, 0.6257668158692152, 0.1912807673151888, 0.38983329161689395, -0.42510621781911345, 0.2035649313913878, -0.4089288465065256, -0.03509278640737451], [-0.7307062923827722, -0.4508274619439555, -0.24052695548484002, -0.6471098547817923, -0.05349331655939958, -0.5199741343890015, 0.3063498949861959, 0.16385180694543286, 0.4212307990488311, 0.8055779086452332, 0.2487061873247889, -0.04369587721853177], [0.466501646643721, -0.16997177412792752, -0.4625549872373908, -0.09082827153300467, -0.657506476455957, 0.2846784437512483, -0.2911751551548415, 0.5226078657875337, -0.08508140773894947, 0.28117414354461834, 0.49768766017270516, 0.13037043170483995]], "inverted": true, "swapped": false, "error_lsq": 0.044889040127929714, "error_max": 0.271490271340435, "target": "331.xyz", "model": "0.xyz", "model_rescale": 3.8414455957264533, "target_rescale": 3.8330220156362595},
{"mapping": [3, 10, 2, 5, 6, 4, 9, 0, 8, 13, 12, 14], "R": [[-0.6312000572684089, -0.39525599938063566, 0.6673523676873954], [0.16091773418338823, 0.7749554573465314, 0.6111869778996545], [-0.7587436790706343, 0.4931700863621427, -0.425548229214874]], "T": [0.034883792625023814, -0.03644693706655421, 0.09956329971753566], "aligned_model": [[-0.023201403087384463, -0.6112878066549932, 0.3620527035087653, -0.19714452115411255, -0.21801937369142618, 0.41771042242339207, 0.2800938029742442, 0.5562352579598391, -0.4709529333650351, 0.08546403688187268, -0.6015821516524539, -0.010126426154170316], [-0.7572737219037745, -0.2465200001048506, -0.4393555812776266, -0.5928604432605232, -0.1884200001005351, -0.41180623302442626, 0.44310707874081445, 0.07491413970236335, 0.523350238863482, 0.6852601311897074, 0.25103187861608967, -0.0820447832505314], [0.4002487472209739, 0.01763117610290499, -0.42506023748754673, -0.16668781617165293, -0.6236042813885494, 0.19103135590888826, -0.31925608467268407, 0.5907951489305879, -0.13508265903945016, 0.32633972521013166, 0.40706383008416114, 0.16248321465883148]], "inverted": false, "swapped": false, "error_lsq": 0.048872868099424725, "error_max": 0.28474143867310003, "target": "331.xyz", "model": "1.xyz", "model_rescale": 4.316132596720782, "target_rescale": 3.8330220156362595},
{"mapping": [4, 0, 8, 2, 1, 6, 10, 3, 9, 7, 5, 11], "R": [[-0.13693097402873722, -0.8070067878775653, 0.5744475195098989], [-0.1304575188565481, -0.5601672677486472, -0.8180424609498025], [0.9819525162274063, -0.18695634908328157, -0.028575853655061045]], "T": [-0.05853072503435644, -0.02039794755178921, 0.003693207741799827], "aligned_model": [[-0.07187281275238003, -0.6980218864335375, 0.33060122075050125, -0.1979828189032903, -0.2881268641242695, 0.6400749665648537, 0.4426033606772244, 0.21318205027524215, -0.4627184531909536, 0.12728504184302178, -0.4666584497776901, 0.00087625305981575], [-0.6063551827045011, -0.31586378651019964, -0.3524968459633299, -0.7904947204878162, -0.05556414578478762, -0.39543996504352585, 0.2235839391569866, 0.12058301062715467, 0.5614432565779324, 0.7856853818057863, 0.18974196045813596, -0.10544019794164665], [0.5044983978150032, 0.09124348522493705, -0.5666775192914371, -0.2933412609215007, -0.48686383768885144, 0.22138458510991532, -0.2905401446935307, 0.5844802134535442, -0.2154975740363051, 0.34452056387879604, 0.45649875240132376, 0.07619645810470113]], "inverted": true, "swapped": false, "error_lsq": 0.04334961140455376, "error_max": 0.24756921361939135, "target": "331.xyz", "model": "2.xyz", "model_rescale": 3.795458400668931, "target_rescale": 3.8330220156362595},
{"mapping": [9, 5, 6, 3, 2, 8, 1, 7, 10, 0, 4, 11], "R": [[0.20582526873061602, -0.978070630503628, -0.031840233953383645], [-0.3971869424737305, -0.053759208022048366, -0.9161618199211383], [0.894359263093048, 0.20121577795759116, -0.39954188669097285]], "T": [-0.03725470697398985, 0.010889350003902419, 0.012767524891502721], "aligned_model": [[-0.07928476920154531, -0.6018960482262976, 0.14491109584700823, -0.06562415125220575, -0.09614744056339647, 0.5317325939724367, 0.5092407049487355, 0.33135571286770066, -0.6804549749178556, 0.06656457266684734, -0.4667336616359198, -0.024422026516970098], [-0.6511561287571965, -0.4003037194868375, -0.35207208201135676, -0.7791128691198326, 0.2448106041423815, -0.5240485358385844, 0.2382420397236352, 0.05858190476979396, 0.28901666600160975, 0.7617401378536647, 0.2659956636436405, 0.10768902326927146], [0.5735561666527356, 0.08974174720522816, -0.41428155398927147, -0.09751254559672658, -0.714925957426174, -0.012880997159620558, -0.20152750814534898, 0.6799662023632191, -0.2062058680424655, 0.2068102926928052, 0.4145427475810512, 0.10861939322116367]], "inverted": false, "swapped": false, "error_lsq": 0.06325541666619809, "error_max": 0.34511383473786406, "target": "331.xyz", "model": "3.xyz", "model_rescale": 3.7530521520055578, "target_rescale": 3.8330220156362595},
{"mapping": [0, 1, 10, 8, 7, 4, 5, 3, 2, 6, 11], "R": [[-0.1364795873846869, -0.9567590735995923, -0.2568762295584315], [0.2566939597416946, -0.28460100592027593, 0.9236397990890695], [-0.9568079918455088, 0.06011940214288097, 0.2844365029783408]], "T": [0.07964498286189206, -0.0013961089310831343, 0.0479934335751364], "aligned_model": [[-0.6216418081397783, -0.25458729059326257, 0.34809896159119225, 0.4168235827045671, 0.4656267361081956, -0.10979375566751201, -0.26750526131936314, -0.6080341003622359, -0.4355815314999235, 0.40350840892062445, 0.0012856607027007944], [-0.6670176888584489, 0.05441650813741611, -0.24890061331044533, 0.3399127449212377, -0.5843662735132251, 0.6483995885672218, -0.5115114475912437, -0.010321352138919965, 0.30254059926808685, 0.17091842805096724, -0.026867135218300375], [-0.09364398534905245, -0.5041148941708655, -0.5668888774819818, -0.3292616474398212, 0.14980436166316258, -0.09331837823397728, 0.5754134645364581, -0.062392690066785786, 0.5474327544962632, 0.42632533738228134, 0.04347533190963535]], "inverted": true, "swapped": true, "error_lsq": 0.050894464281527725, "error_max": 0.25743228945283136, "target": "331.xyz", "model": "4.xyz", "model_rescale": 3.7855080009869324, "target_rescale": 3.8330220156362595},
{"mapping": [1, 6, 5, 4, 7, 2, 10, 14, 8, 15, 13, 16], "R": [[0.5039082395235668, -0.3368720515035324, -0.7953575969688484], [0.7754200633072805, 0.5820904551921231, 0.24473338022174285], [0.38052622979341755, -0.740059404973701, 0.554537524022657]], "T": [0.0013949232025986871, -0.1022242338901372, 0.11159261487773309], "aligned_model": [[-0.03512836413234849, -0.6273999537587902, 0.3178726617482812, -0.29356370492625716, -0.2840075055257537, 0.6197059547250503, 0.23473579244029258, 0.3259747836707177, -0.34191581708098745, 0.11406848229055072, -0.5006716256415427, 0.03957090417932552], [-0.8122873881169258, -0.19955877095044658, -0.38885937551052707, -0.6790284125171017, -0.1281038326310937, -0.353648347485017, 0.3416549487842981, 0.14250453190835227, 0.4838750966058069, 0.70358202070947, 0.2344079455480984, -0.0851557121547242], [0.3715547380440181, -0.034078448375506915, -0.5760012923179118, -0.24519462014639748, -0.5806827435750095, 0.42823605943227055, -0.417073238006636, 0.6523819859845568, -0.0726224343494197, 0.24311848996116614, 0.510936570852774, 0.1453270518526921]], "inverted": false, "swapped": false, "error_lsq": 0.04298383282866205, "error_max": 0.2659652436285998, "target": "331.xyz", "model": "5.xyz", "model_rescale": 4.2253639853439635, "target_rescale": 3.8330220156362595},
{"mapping": [12, 6, 0, 7, 3, 9, 4, 8, 2, 10, 5, 13], "R": [[0.16481603215556972, 0.4977887298549006, -0.8514940140564342], [-0.9514241126955485, -0.1473792490326563, -0.27031743328179614], [-0.26005352011842153, 0.8546845835651975, 0.4493177375644129]], "T": [0.033149058034498184, -0.026993312359920578, 0.09977176142812502], "aligned_model": [[-0.14666126481390424, -0.5802929825673444, 0.4698704651642542, -0.23587821991365715, -0.3251102790784349, 0.5368295406534533, 0.14992433960363566, 0.35686065580822135, -0.3967088622200651, 0.09427698470659407, -0.3537735130202549, -9.525633395997268e-05], [-0.9149986501067853, -0.20481261516843025, -0.4836575039412575, -0.6635009519200527, -0.13302425941828197, -0.31109775566729647, 0.35764653841043276, 0.16073680658738332, 0.44921398440127047, 0.7270074029722614, 0.30695779385821137, -0.031088085817265933], [0.3244015288216323, 0.023698596027624613, -0.3939841276593564, -0.28993782855947914, -0.5030691448943064, 0.295186868845964, -0.48274607608445685, 0.7368220573275189, -0.09674895234793712, 0.2901891247342785, 0.4732805954799454, 0.04880947766516834]], "inverted": false, "swapped": false, "error_lsq": 0.05252924405958625, "error_max": 0.3673201481570181, "target": "331.xyz", "model": "6.xyz", "model_rescale": 3.89814844738969, "target_rescale": 3.8330220156362595},
{"mapping": [9, 11, 2, 10, 4, 5, 0, 6, 7, 3, 8, 12], "R": [[-0.20343650766912064, 0.19296191576959634, -0.959885038121711], [0.01564117339604687, -0.9796211278382703, -0.20024434970223204], [-0.9789631969804515, -0.05575073950542894, 0.19627255030291724]], "T": [-0.02799337820412525, 0.004267694444309432, -0.03083034584315838], "aligned_model": [[-0.07006105315498015, -0.792927314020149, 0.2999892193718164, -0.05887379103232864, -0.2876672405271519, 0.5063777938656024, 0.38893969263871037, 0.32525202329126407, -0.3665473774615218, 0.05689833193594943, -0.3896919987329138, -0.04244667818575966], [-0.6471046296277484, -0.23922376737691498, -0.33888354185012926, -0.7096027570827735, -0.09297982246528541, -0.46990668645568734, 0.3954989623898444, 0.12968969954674403, 0.533287200551504, 0.7173127716912537, 0.11730468250118617, -0.13600940763180447], [0.5789977325459963, 0.07370840812004911, -0.5563990751620767, -0.1991723833507417, -0.6127308477035996, 0.27278571266455276, -0.18612135294788637, 0.5320753815981462, -0.22264857044884698, 0.3389561493581994, 0.5296012017639821, -0.12315023708117837]], "inverted": false, "swapped": false, "error_lsq": 0.043302677321798454, "error_max": 0.2299064946146056, "target": "331.xyz", "model": "7.xyz", "model_rescale": 3.7474275329858107, "target_rescale": 3.8330220156362595},
{"mapping": [4, 9, 3, 8, 5, 2, 0, 12, 7, 10, 11, 14], "R": [[0.037261383685823796, 0.20577904294417715, -0.9778888355896063], [-0.8034950028808708, 0.5879842636764687, 0.09311437061114763], [0.5941442330203055, 0.7822592224792362, 0.18725153995333]], "T": [0.05588353083323682, -0.023401872244157747, 0.130342088124345], "aligned_model": [[-0.0003371192630269512, -0.6913498416741874, 0.28072382168742765, -0.15767093663297077, -0.30790653057322326, 0.5613892210783634, 0.5392607932440223, 0.13591663300994414, -0.4334055891714777, -0.009538840953150336, -0.42972509617324084, 0.08188509341005723], [-0.7537128470001684, -0.14341205397343923, -0.21324284597874343, -0.624451856600522, -0.11292281570655366, -0.6935178935353787, 0.2985759484398855, 0.24856972617112766, 0.34923321790351963, 0.731925826509324, 0.23800658617073372, -0.06566828820959614], [0.4054983428219343, 0.04327726525721909, -0.5235247066318341, -0.11120236241626064, -0.48012024152865973, 0.06711226139306291, -0.18092940558937437, 0.6783099439432451, -0.1622615320850801, 0.10881674367007058, 0.41727384801840145, 0.1636519625038713]], "inverted": false, "swapped": false, "error_lsq": 0.04908393761103766, "error_max": 0.2488661479412653, "target": "331.xyz", "model": "8.xyz", "model_rescale": 4.019505241142653, "target_rescale": 3.8330220156362595},
{"mapping": [6, 11, 3, 5, 4, 2, 0, 1, 8, 7, 9, 12], "R": [[-0.48193551391296463, -0.1623725471559722, -0.8610303806251719], [-0.5901968555153823, -0.666154051763894, 0.45596759869348424], [-0.6476154971657192, 0.7279244021521939, 0.22521152852855786]], "T": [-0.023769176337188332, -0.12419004447904344, 0.18000425350862864], "aligned_model": [[-0.07893027105085909, -0.6266994952726044, 0.36715701061272604, -0.24541048386960274, 0.0005807336971625117, 0.4801818809680337, 0.40898290079991806, 0.33879756045104364, -0.5393569011086815, -0.03951410586436577, -0.4461862937855403, -0.05036092758869268], [-0.8019326785957913, -0.27508134962820885, -0.40751019244744213, -0.5490979656374241, 0.17500095983438954, -0.41997694048997836, 0.2661696489764326, 0.1578409630924776, 0.26887024797181813, 0.7167067242226038, 0.2706621092374848, -0.14226882234617294], [0.43629317932747613, 0.21092946218712197, -0.5308875932963069, -0.28994585924180205, -0.5929682531579146, 0.08772421121440736, -0.1080773799391781, 0.6752912150909844, -0.00923061629474553, -0.1550012862321472, 0.5446898948800528, 0.15708514481864755]], "inverted": false, "swapped": false, "error_lsq": 0.06153914389999134, "error_max": 0.41082688461014355, "target": "331.xyz", "model": "9.xyz", "model_rescale": 3.877068213659057, "target_rescale": 3.8330220156362595},
{"mapping": [10, 12, 13, 6, 3, 9, 4, 8, 5, 1, 0, 15], "R": [[0.9185962075663101, 0.009479214656352541, -0.3950837277518417], [0.2983986205494196, 0.6388279474313441, 0.7091241899941502], [0.25911246727819964, -0.76929123098483, 0.5839963452204554]], "T": [0.08002202935810149, -0.13490183675452974, 0.021499681728641373], "aligned_model": [[-0.024475446993242098, -0.6583969432872077, 0.39925996105310935, -0.26578425728848454, -0.21203386256848367, 0.5298853814038675, 0.3216444928651897, 0.3658750293995194, -0.44762072922388646, -0.04531790160587082, -0.41439597712497483, 0.02060186135900141], [-0.7765193883728695, -0.19738285661507934, -0.5289554506938298, -0.5535702717715094, 0.016998576503301804, -0.4127751239030292, 0.32786193420467225, 0.13069502481538955, 0.4226185913547694, 0.709753275493679, 0.21870208818697187, -0.09804369501227722], [0.305432727271716, 0.11651946234384579, -0.5619790139168311, -0.2708003845747725, -0.5210783893093356, 0.4165372807937023, -0.40926586605966087, 0.6871341950312707, -0.1260114493745519, 0.1756238305903543, 0.5355824909773613, 0.07820723558349718]], "inverted": true, "swapped": false, "error_lsq": 0.04480702276616121, "error_max": 0.22941313208534683, "target": "331.xyz", "model": "10.xyz", "model_rescale": 4.260839863003843, "target_rescale": 3.8330220156362595},
{"mapping": [1, 3, 9, 2, 4, 8, 10, 7, 5, 6, 0, 11], "R": [[-0.571447236533912, -0.14286805131139807, -0.8081069086279606], [-0.2026773612802702, -0.9296535693702144, 0.3076786118365836], [-0.7952169157420019, 0.3396070683476774, 0.5022918434994481]], "T": [-0.003418224102126395, -0.08683764086968061, 0.02286212394036409], "aligned_model": [[-0.19860348976201614, -0.6953330911028407, 0.4580896068274846, -0.22890827233929767, -0.14522714929891414, 0.5618459734260192, 0.41935985012743204, 0.31614323565133284, -0.44485493894440337, -0.13153251593149465, -0.33786698469074966, -0.003870615974014689], [-0.5637732713546951, -0.22993994583262756, -0.2975294551193522, -0.7040988182458162, -0.0792752975260057, -0.5275563856589198, 0.3198867602683922, 0.09886549856009584, 0.3472017559737156, 0.7093131506605391, 0.28257869166262006, -0.09628997919775717], [0.5304995531991133, 0.09074893083568368, -0.5922417230286161, -0.17335205289626066, -0.6954246560430248, 0.06595251780027357, -0.1988759050754607, 0.564157280697201, -0.24797792299689514, 0.25304896115980996, 0.7451569870358636, 0.08421014866890864]], "inverted": true, "swapped": false, "error_lsq": 0.056031790163790555, "error_max": 0.32435065833165616, "target": "331.xyz", "model": "11.xyz", "model_rescale": 3.890672605050136, "target_rescale": 3.8330220156362595},
{"mapping": [9, 6, 2, 11, 1, 12, 4, 7, 0, 3, 8, 13], "R": [[-0.46575374650499124, -0.39131944786663525, -0.7936891944192743], [-0.7649902830953696, 0.628898164477169, 0.13884151211692503], [0.4448182936730805, 0.6718304759674123, -0.5922672514795745]], "T": [-0.09771719526892073, -0.1723291384288866, 0.051653487318346195], "aligned_model": [[-0.15531502891898144, -0.6493924617235968, 0.26998898841769203, -0.05232332930973484, -0.5287277263428534, 0.5402674478292774, 0.40835746056684574, 0.37131112881816264, -0.27235896129089066, 0.062350949839256514, -0.4692670346797754, 0.04435017478313602], [-0.8541868349632383, -0.33865535085033405, -0.2649420721383573, -0.6019405039216035, 0.03632375299737095, -0.3438053867047086, 0.1952137883872254, 0.19823410836091984, 0.3365455350109725, 0.7299510652489024, 0.26936111539027174, -0.10271651262723207], [0.4225618146137702, 0.04470112187519003, -0.5498273026118395, -0.28913330155119743, -0.5615285275785907, 0.3961874307741199, -0.26434917642564554, 0.6596497715249688, -0.19174199341089831, 0.16711681039035226, 0.4829903421697123, 0.10927512958665413]], "inverted": true, "swapped": false, "error_lsq": 0.04594677159999313, "error_max": 0.23783009720533263, "target": "331.xyz", "model": "12.xyz", "model_rescale": 4.124412569039231, "target_rescale": 3.8330220156362595},
{"mapping": [11, 8, 4, 2, 1, 10, 0, 7, 6, 3, 9, 12], "R": [[0.4322323336197478, -0.8819401162935911, 0.18803414861581447], [-0.9012666061576189, -0.4294115862333356, 0.05765582567007505], [0.029895056426682623, -0.19438961104086233, -0.9804687474471727]], "T": [0.0776246284171914, 0.09333822619212784, 0.051561384054396024], "aligned_model": [[-0.28398270197711417, -0.5381804811371282, 0.50462821617983, -0.10346724728867432, -0.3579707630725828, 0.3230480977765266, 0.3523221222704572, 0.4154336196694547, -0.5398722405734694, -0.050654422996469356, -0.25571303055866346, 0.10365043969637126], [-0.758588370288823, -0.2717767092103784, -0.31694859942158166, -0.6848757639720943, -0.005167417089050011, -0.5404937969452894, 0.4182286345131206, 0.10946007104910889, 0.336302365852313, 0.7940695477348991, 0.20445217638590618, -0.02527943441794213], [0.41764071172803197, 0.10025709116763631, -0.4657479165725953, -0.2709044772626309, -0.6291864342038518, 0.3390226152329096, -0.34309657272055477, 0.5794845281422262, -0.033754841893523076, 0.08724717595060297, 0.5855847610532156, 0.059355478735129245]], "inverted": false, "swapped": false, "error_lsq": 0.05574956106490745, "error_max": 0.2876770982963129, "target": "331.xyz", "model": "13.xyz", "model_rescale": 3.9028299243045295, "target_rescale": 3.8330220156362595},
{"mapping": [12, 5, 2, 8, 0, 1, 3, 9, 4, 7, 10, 15], "R": [[-0.7127440128056777, 0.5037956222397445, -0.48804297272036257], [-0.6989198609435091, -0.45135409130445886, 0.5547887095475468], [0.05921993066836517, 0.7365252577303747, 0.6738126924723512]], "T": [0.002146922121628321, -0.1266029018298366, 0.10791852595899284], "aligned_model": [[-0.11425923411527361, -0.4884392178593404, 0.3399529629713892, -0.3344491874709003, -0.2191828088686692, 0.5795765923299125, 0.19076481915809573, 0.3862141264477779, -0.4395907691813257, 0.06231474230522694, -0.43945487241257136, 0.04579445468421622], [-0.7612401250119235, -0.2686669949872006, -0.49420931821754166, -0.6668334663174668, -0.04160565896728674, -0.40643879029157304, 0.28907795159716787, 0.27961291534072774, 0.31465089907085875, 0.7384740706092402, 0.3204239372620128, -0.04386271589682546], [0.36854371795463625, 0.07263586238179456, -0.43328602959443485, -0.32952993472886305, -0.6864397232776195, 0.2102200764594069, -0.3167250448741106, 0.6448789983451905, -0.15575962853192063, 0.3699292528523116, 0.508552351596193, 0.172882220774012]], "inverted": false, "swapped": false, "error_lsq": 0.046131580912564966, "error_max": 0.23680418516764426, "target": "331.xyz", "model": "14.xyz", "model_rescale": 3.942246331269136, "target_rescale": 3.8330220156362595},
{"mapping": [7, 0, 5, 2, 1, 9, 4, 11, 12, 13, 8, 14], "R": [[-0.9733118257594819, -0.20641235891811394, -0.10028971992484088], [-0.056220100666854775, 0.6381699236720854, -0.7678401192965715], [0.22249357320550195, -0.7417095702538993, -0.6327428571513262]], "T": [0.12384386479939727, -0.008447277215583332, 0.03973756147582053], "aligned_model": [[-0.13673256957013616, -0.5287359076108861, 0.14892116523485194, -0.17936771112971825, -0.3135784324021108, 0.5475040916590798, 0.510517619609917, 0.28848719745875195, -0.3960769051733719, -0.03444540674552227, -0.37415165642508075, 0.03690012308276362], [-0.7082435872783669, -0.3473152544079321, -0.37107370380457383, -0.6758463383123998, 4.6998995648722675e-05, -0.6775936243436772, 0.41919317294661573, 0.3684086205347421, 0.5164229413557865, 0.7817531652879668, -0.007625418742202017, -0.03874426804141845], [0.4561082549723865, 0.044798939031968806, -0.48050542207252434, -0.17307491961764385, -0.6423408921959114, 0.18436634296378102, -0.06642754413054286, 0.6270902919522925, -0.3099335765532041, 0.14677780477846014, 0.63205564466829, 0.00698719555924384]], "inverted": true, "swapped": false, "error_lsq": 0.04888629516584745, "error_max": 0.30302985604680965, "target": "331.xyz", "model": "15.xyz", "model_rescale": 4.355366556412066, "target_rescale": 3.8330220156362595},
{"mapping": [4, 0, 8, 2, 1, 6, 10, 3, 9, 7, 5, 11], "R": [[-0.13693097402873722, -0.8070067878775653, 0.5744475195098989], [-0.1304575188565481, -0.5601672677486472, -0.8180424609498025], [0.9819525162274063, -0.18695634908328157, -0.028575853655061045]], "T": [-0.05853072503435644, -0.02039794755178921, 0.003693207741799827], "aligned_model": [[-0.07187281275238003, -0.6980218864335375, 0.33060122075050125, -0.1979828189032903, -0.2881268641242695, 0.6400749665648537, 0.4426033606772244, 0.21318205027524215, -0.4627184531909536, 0.12728504184302178, -0.4666584497776901, 0.00087625305981575], [-0.6063551827045011, -0.31586378651019964, -0.3524968459633299, -0.7904947204878162, -0.05556414578478762, -0.39543996504352585, 0.2235839391569866, 0.12058301062715467, 0.5614432565779324, 0.7856853818057863, 0.18974196045813596, -0.10544019794164665], [0.5044983978150032, 0.09124348522493705, -0.5666775192914371, -0.2933412609215007, -0.48686383768885144, 0.22138458510991532, -0.2905401446935307, 0.5844802134535442, -0.2154975740363051, 0.34452056387879604, 0.45649875240132376, 0.07619645810470113]], "inverted": true, "swapped": false, "error_lsq": 0.04334961140455376, "error_max": 0.24756921361939135, "target": "331.xyz", "model": "16.xyz", "model_rescale": 3.795458400668931, "target_rescale": 3.8330220156362595},
{"mapping": [9, 11, 2, 10, 4, 5, 0, 6, 7, 3, 8, 12], "R": [[-0.20343650766912064, 0.19296191576959634, -0.959885038121711], [0.01564117339604687, -0.9796211278382703, -0.20024434970223204], [-0.9789631969804515, -0.05575073950542894, 0.19627255030291724]], "T": [-0.02799337820412525, 0.004267694444309432, -0.03083034584315838], "aligned_model": [[-0.07006105315498015, -0.792927314020149, 0.2999892193718164, -0.05887379103232864, -0.2876672405271519, 0.5063777938656024, 0.38893969263871037, 0.32525202329126407, -0.3665473774615218, 0.05689833193594943, -0.3896919987329138, -0.04244667818575966], [-0.6471046296277484, -0.23922376737691498, -0.33888354185012926, -0.7096027570827735, -0.09297982246528541, -0.46990668645568734, 0.3954989623898444, 0.12968969954674403, 0.533287200551504, 0.7173127716912537, 0.11730468250118617, -0.13600940763180447], [0.5789977325459963, 0.07370840812004911, -0.5563990751620767, -0.1991723833507417, -0.6127308477035996, 0.27278571266455276, -0.18612135294788637, 0.5320753815981462, -0.22264857044884698, 0.3389561493581994, 0.5296012017639821, -0.12315023708117837]], "inverted": false, "swapped": false, "error_lsq": 0.043302677321798454, "error_max": 0.2299064946146056, "target": "331.xyz", "model": "17.xyz", "model_rescale": 3.7474275329858107, "target_rescale": 3.8330220156362595},
{"mapping": [4, 9, 0, 6, 2, 8, 1, 10, 7, 11, 12, 13], "R": [[0.3987277686016684, 0.4617109974901109, 0.7923629984688972], [0.44198751921804147, -0.8537973387408534, 0.27509477860279086], [0.8035317040424829, 0.24052662878717576, -0.5445032060905245]], "T": [0.015259286649514099, 0.0024177711777735936, 0.09283556058486779], "aligned_model": [[0.011348298762400212, -0.5887613867039979, 0.4048624770418192, -0.3695904822101999, -0.2027611991150307, 0.5708421070876131, 0.3170683154383311, 0.2706799280272893, -0.4791396455473637, 0.1431113696277105, -0.5193509680565399, 0.010932793636506642], [-0.8158402540878305, -0.28113076866301806, -0.4975399747483672, -0.5853349759535694, -0.11794846309404725, -0.38088807632949556, 0.3471649358992002, 0.1743389829574737, 0.5343050693847814, 0.7023632369784162, 0.2321737051977559, -0.0522807133511101], [0.23306512338382573, 0.1426694604101887, -0.45250286379531396, -0.22565490255102633, -0.5718536609644935, 0.34034072844905866, -0.42541063512501426, 0.7106079809484044, -0.10737652667495302, 0.2172013580909045, 0.5625599581407468, 0.002256099044267948]], "inverted": true, "swapped": false, "error_lsq": 0.047941802177156025, "error_max": 0.25484296190503625, "target": "331.xyz", "model": "18.xyz", "model_rescale": 3.922800546911778, "target_rescale": 3.8330220156362595},
{"mapping": [6, 13, 5, 8, 12, 1, 3, 2, 7, 9, 11, 14], "R": [[-0.2432359809501486, 0.31154876135571263, -0.918571514292132], [0.6568892268289166, 0.7496958276121293, 0.08032876033571618], [0.7136755574119988, -0.5838608869916584, -0.3870060250099304]], "T": [-0.02189445040881236, -0.1548229873027233, 0.08066305115458863], "aligned_model": [[0.021599130317625167, -0.6931620968869764, 0.3314086233776266, -0.17833726872363329, -0.23655782355639476, 0.5946786343330831, 0.20182807783039203, 0.4429701614172363, -0.3895190177427989, 0.08402512490413802, -0.555417853185167, -0.05427408409659301], [-0.6620284348804228, -0.19028245149123982, -0.41470992785613103, -0.7186017066120581, 0.0066792251992748575, -0.5186937410703538, 0.33540548324718134, 0.21063044837347347, 0.5171894696302558, 0.5717452412465733, 0.18820919428911578, -0.0661600958854798], [0.5460862073213291, -0.06060308070763512, -0.543972391618681, -0.09841752923664482, -0.6585599978315578, 0.26886169530561743, -0.26397229323954774, 0.48498178904842815, -0.14619032501172657, 0.4322634475469208, 0.4045848223449301, 0.06083977543516324]], "inverted": false, "swapped": false, "error_lsq": 0.0460514620701488, "error_max": 0.3525679577239255, "target": "331.xyz", "model": "19.xyz", "model_rescale": 3.9282355846067225, "target_rescale": 3.8330220156362595},
{"mapping": [8, 3, 11, 4, 0, 9, 10, 7, 1, 2, 5, 13], "R": [[0.4466730855286848, 0.1231788211365045, 0.8861772580515173], [0.5872528450087027, -0.7876188276579806, -0.18652259473815208], [0.6749942597485323, 0.6037247388852716, -0.424145245127706]], "T": [0.0014038039843070407, -0.1300168378318313, 0.20478946248391441], "aligned_model": [[0.10969503510315706, -0.717546781916723, 0.24822701762234825, -0.26820915103650556, -0.2585327299547847, 0.6011765016660611, 0.5004169115857435, 0.24856361057987472, -0.3821876660454384, 0.020898752744080824, -0.5039026336035569, -0.029357258755718856], [-0.8673807999668404, -0.13286948634233017, -0.39631533543639763, -0.6086702416120537, -0.10378611375295689, -0.47149728536531865, 0.36724339117309734, 0.154746942761028, 0.38389436485131556, 0.693580136892652, 0.267520268737226, -0.027083137749232045], [0.3570687313799472, -0.017599805626302395, -0.4128889188027348, -0.1075686948841377, -0.5514789658104762, 0.1590878180313863, -0.29114655363448394, 0.7006920695003791, -0.18283620253814384, 0.2097068355031591, 0.4774060527376187, 0.08545975350038398]], "inverted": false, "swapped": false, "error_lsq": 0.04050928722128242, "error_max": 0.20749785358470915, "target": "331.xyz", "model": "20.xyz", "model_rescale": 4.067790424073018, "target_rescale": 3.8330220156362595},
{"mapping": [4, 8, 13, 5, 1, 6, 11, 3, 9, 12, 0, 14], "R": [[0.16643554123222748, 0.6896044722022553, -0.704801307130871], [-0.9842218744760821, 0.15971428667700982, -0.07614885707639502], [0.06005424562445877, 0.706354739879264, 0.7053059400236004]], "T": [-0.050815213809965946, -0.08438141599815506, 0.06907834213428954], "aligned_model": [[-0.14800775555564336, -0.5393706296374228, 0.2743717315833343, -0.13428125814875813, -0.5344941549993588, 0.5245127622639509, 0.5126815634561166, 0.4064363144385896, -0.36641039339694575, 0.0753331574574796, -0.463659901622158, -0.03786982785064622], [-0.8134562912388178, -0.3784481793864108, -0.1974008465919751, -0.5908817713121614, -0.08418256701432178, -0.4689438082438528, 0.21239099574182008, 0.30965221847610797, 0.49464118833286574, 0.6707826166693062, 0.13731299263484426, -0.032083843877216064], [0.38763121193474426, 0.06658013056003725, -0.5405146072435894, -0.22239537943783794, -0.5937638288142766, 0.331121065964447, -0.04241054349977502, 0.6685810956460502, -0.3422395468081613, 0.09784879728667649, 0.6028094377686711, 0.012654285999609896]], "inverted": true, "swapped": false, "error_lsq": 0.05209632827007077, "error_max": 0.24578811088153146, "target": "331.xyz", "model": "21.xyz", "model_rescale": 4.186013935880536, "target_rescale": 3.8330220156362595},
{"mapping": [7, 0, 3, 6, 5, 4, 11, 9, 2, 8, 1, 12], "R": [[0.03118091224603462, 0.1773335755443503, 0.983656725538011], [0.4772223293947264, 0.862075487395328, -0.17054237701867347], [-0.878229240596427, 0.4747406207780879, -0.057747241879239276]], "T": [0.006150905439476974, -0.0458475093932412, 0.11052486325756578], "aligned_model": [[-0.0488399036638432, -0.6633175855596909, 0.24521263058240472, -0.06913585402098718, -0.26086720476478736, 0.5421458056415129, 0.5421849488952031, 0.15132246424483609, -0.46972482671796195, 0.12796034624329317, -0.5607328721490462, 0.0330336592576045], [-0.5863546234830671, -0.27868552971061455, -0.42825681752032074, -0.5575138423150854, 0.1239387867368377, -0.5360765034544325, 0.1874970180419194, 0.30007915935130636, 0.4810309567483563, 0.7109537779639755, -0.09037462017032957, -0.06685505799835684], [0.6036291224292989, -0.028711758578627816, -0.6950502526478624, -0.09534479604523075, -0.595458648295097, 0.1115968276357234, -0.12860651169023513, 0.6052073054400778, -0.1031116793209233, 0.10144729259480996, 0.5707241190643921, 0.07958109877026973]], "inverted": false, "swapped": false, "error_lsq": 0.055238424831411115, "error_max": 0.33669096821530053, "target": "331.xyz", "model": "22.xyz", "model_rescale": 4.166573947596378, "target_rescale": 3.8330220156362595},
{"mapping": [12, 2, 5, 6, 1, 14, 7, 9, 4, 8, 3, 15], "R": [[-0.28518367844061315, 0.3216773906461534, 0.9028809034962268], [-0.5946576999699749, -0.7981618176565464, 0.09653979853727301], [0.7516997335489086, -0.5093735065571038, 0.4189106604041245]], "T": [0.017101368481660363, -0.06544570679024586, 0.12211251621047997], "aligned_model": [[0.014742545327179571, -0.6313945694735554, 0.30664930876088387, -0.2862956413815407, -0.3338211603244514, 0.6292598841893693, 0.4658261961241115, 0.19193827830960591, -0.454975738829605, 0.08941748519880943, -0.42214051167873373, 3.553176646440073e-05], [-0.6639334059071057, -0.2007132715473789, -0.2777099974277488, -0.6666772190047495, -0.1279729135052169, -0.460799447304792, 0.22627657971790938, 0.13037178994259244, 0.46414335538973217, 0.7353837129872227, 0.17918487339115416, -0.07817135254142968], [0.388923807553912, 0.003939153859435385, -0.6276660126909299, -0.23225813027874803, -0.49517411742408063, 0.4302279730248652, -0.35215933016238027, 0.6620539289741183, -0.06902131997912042, 0.2088405964556966, 0.4517321484676285, 0.05646342155619913]], "inverted": false, "swapped": false, "error_lsq": 0.044057119856901104, "error_max": 0.22645567138232453, "target": "331.xyz", "model": "23.xyz", "model_rescale": 4.274766983524099, "target_rescale": 3.8330220156362595},
{"mapping": [10, 7, 9, 8, 6, 4, 1, 3, 0, 5, 11], "R": [[0.0045865562042753105, 0.6209744481760999, -0.7838173883083823], [-0.9512446269957884, -0.23902766024737931, -0.1949344434631978], [-0.3084033448486386, 0.7464961569553132, 0.5896022935310887]], "T": [-0.14376483784970062, 0.1382062174394093, 0.0877656442052962], "aligned_model": [[0.0900876498242241, 0.20943566707963746, -0.5011858851226074, -0.5117465739610556, -0.49805809412505475, -0.6268918065644771, 0.042421084043411966, 0.15577346143114468, 0.7577744895390084, 0.3514525280385225, -0.08916781622467924], [-0.18065588701787877, 0.5891252464765588, 0.44413333703304403, -0.1626230890705473, 0.5270836162193523, -0.28940455769222806, -0.4821983885464928, -0.23235642651972366, -0.030262658958691235, 0.621280024275808, 0.11146531504428184], [-0.5080919286964789, -0.3259045436013913, -0.6581317436937889, -0.2951099338806735, 0.05669306613188024, 0.33641774934717167, 0.09686475239303045, 0.5958280536875774, 0.42505111408890167, 0.5123858244864934, 0.14356402375885535]], "inverted": true, "swapped": true, "error_lsq": 0.05451294644131816, "error_max": 0.27876278420516487, "target": "331.xyz", "model": "24.xyz", "model_rescale": 3.7841303162186577, "target_rescale": 3.8330220156362595},
{"mapping": [4, 3, 7, 6, 11, 1, 10, 9, 13, 14, 12, 15], "R": [[0.2501898543662486, -0.22299555813163507, 0.9421666613852114], [0.4175970729900812, -0.8530919275599921, -0.3128048077669105], [0.8735088559381136, 0.47170662936356694, -0.12031265275169645]], "T": [0.12077588114104756, -0.10430734550860463, 0.10859385151217923], "aligned_model": [[-0.15224546450569568, -0.6451091506881896, 0.3645967834206797, -0.21104963483073477, -0.2511602074966772, 0.5091669409267161, 0.5120198760433353, 0.2482202966605996, -0.5208965325101913, -0.007964105048510944, -0.35358164252697555, 0.07724444854418165], [-0.7215551101977655, -0.352772609153353, -0.2162645978816286, -0.6461874087772409, 0.005908079734044128, -0.7161860407362861, 0.43825443175233847, 0.3390737864744727, 0.30709628843412384, 0.6752815112120195, 0.2964716539611918, -0.14973728063172742], [0.42666441705673075, 0.08238281538185835, -0.4837088593991319, -0.2353309603654579, -0.5539343932971559, 0.2753069008161818, -0.28865916557585225, 0.4681933527359827, -0.06748442883139741, 0.17906507076872108, 0.5439477762121472, 0.07945959385396953]], "inverted": true, "swapped": false, "error_lsq": 0.05082263922957284, "error_max": 0.2341435537810656, "target": "331.xyz", "model": "25.xyz", "model_rescale": 4.19342608120988, "target_rescale": 3.8330220156362595},
{"mapping": [4, 0, 8, 2, 1, 6, 10, 3, 9, 7, 5, 11], "R": [[-0.13693097402873722, -0.8070067878775653, 0.5744475195098989], [-0.1304575188565481, -0.5601672677486472, -0.8180424609498025], [0.9819525162274063, -0.18695634908328157, -0.028575853655061045]], "T": [-0.05853072503435644, -0.02039794755178921, 0.003693207741799827], "aligned_model": [[-0.07187281275238003, -0.6980218864335375, 0.33060122075050125, -0.1979828189032903, -0.2881268641242695, 0.6400749665648537, 0.4426033606772244, 0.21318205027524215, -0.4627184531909536, 0.12728504184302178, -0.4666584497776901, 0.00087625305981575], [-0.6063551827045011, -0.31586378651019964, -0.3524968459633299, -0.7904947204878162, -0.05556414578478762, -0.39543996504352585, 0.2235839391569866, 0.12058301062715467, 0.5614432565779324, 0.7856853818057863, 0.18974196045813596, -0.10544019794164665], [0.5044983978150032, 0.09124348522493705, -0.5666775192914371, -0.2933412609215007, -0.48686383768885144, 0.22138458510991532, -0.2905401446935307, 0.5844802134535442, -0.2154975740363051, 0.34452056387879604, 0.45649875240132376, 0.07619645810470113]], "inverted": true, "swapped": false, "error_lsq": 0.04334961140455376, "error_max": 0.24756921361939135, "target": "331.xyz", "model": "26.xyz", "model_rescale": 3.795458400668931, "target_rescale": 3.8330220156362595},
{"mapping": [10, 7, 8, 5, 6, 11, 1, 9, 0, 2, 3, 12], "R": [[0.6148021526188188, 0.5834148743105142, 0.5307027393640564], [0.7868037315782699, -0.5001123692169227, -0.3617008517141562], [0.05438934739244891, 0.639933357928373, -0.7665031613116415]], "T": [0.1095111054563668, -0.06290405222632789, 0.10638135486382608], "aligned_model": [[-0.1656349967043945, -0.6619506175478258, 0.4480717468280352, -0.2275036227939766, -0.13329081415783475, 0.5946498841803701, 0.2770339306685379, 0.3061410910472052, -0.5062464081642907, 0.08034285065186877, -0.39593287364873553, -0.04643856237042135], [-0.6575118414793241, -0.31556088825491835, -0.3884558348477275, -0.5921507216681123, -0.10456227761025075, -0.5364294545304422, 0.30370667583001637, 0.2106553559665444, 0.48882304152845835, 0.801705641753743, 0.1592258132849162, -0.11006280578271377], [0.38642175897479747, 0.14130171821875542, -0.45052477641163924, -0.3097670606171896, -0.6813360943306088, 0.3343915530661069, -0.32707665654922724, 0.3726071783128678, 0.018557152450613484, 0.2689673440712298, 0.5965458840601099, 0.07581411811077994]], "inverted": false, "swapped": false, "error_lsq": 0.05046676175669406, "error_max": 0.23826590599325492, "target": "331.xyz", "model": "27.xyz", "model_rescale": 3.6321398670334006, "target_rescale": 3.8330220156362595},
{"mapping": [6, 1, 7, 4, 3, 12, 8, 9, 0, 10, 11, 14], "R": [[-0.6283894336550598, -0.7622768601345555, -0.1551151448894541], [0.7369521769458918, -0.6471986454681978, 0.19502667048083694], [-0.24905462968068692, 0.008240255307524494, 0.9684543817997224]], "T": [-0.10616597236694553, -0.011295290729142572, 0.056240271031940445], "aligned_model": [[0.07224652453409311, -0.6554904167798827, 0.29094691184699895, -0.24262160155411766, -0.2587839229881634, 0.6563369856338952, 0.3192893501545852, 0.16790553249618528, -0.34711909738353974, 0.13927836585856673, -0.41713804329649845, -0.15560898053358457], [-0.6356924613786921, -0.35973617405969804, -0.38297543773958165, -0.8075393525113314, 0.018769305035878682, -0.3273946387009385, 0.16592822212620054, 0.07380349276934398, 0.5238653978397438, 0.6957675993976464, 0.3361363712082047, -0.04154961979658793], [0.48309456862672934, -0.09899761654884552, -0.49606635532106397, -0.12772306145246004, -0.612612449073105, 0.10293258422932912, -0.17744586639147475, 0.6597426889967448, -0.15578879106818566, 0.2671686456883601, 0.4979567500135955, 0.08364102165697174]], "inverted": true, "swapped": false, "error_lsq": 0.04866800277836261, "error_max": 0.2537566803841139, "target": "331.xyz", "model": "28.xyz", "model_rescale": 4.156811204709835, "target_rescale": 3.8330220156362595},
{"mapping": [9, 8, 10, 1, 2, 6, 7, 5, 0, 11], "R": [[0.8323654897522574, 0.5410957402502672, 0.11992952660833735], [-0.13110461997649597, 0.40248325440118277, -0.9059905123937289], [-0.5384972331315205, 0.7383919215495576, 0.405953322563135]], "T": [-0.11916336098235245, -0.1194883988727437, 0.0110546391924972], "aligned_model": [[-0.6585279605460408, -0.008929321374869736, 0.10963074386494806, 0.5145593110769503, -0.09070264309808117, -0.5803220674980445, -0.5483835154957943, -0.3611523001294109, 0.3350783574513957, -0.06832523014046443], [-0.25549582111700064, -0.46025230911205217, 0.15465272909317918, -0.06986424889580753, -0.40356050614398975, -0.37364795293591363, 0.39184275241588157, 0.3726658399638711, 0.6457547056852859, -0.08337485832725018], [-0.6732639493634269, -0.48314264130557094, -0.6085469863535482, -0.11377678740596318, 0.7361536285605111, 0.032277653006785076, -0.22027219537597903, 0.6094929387325169, 0.41476723683922995, 0.06509782964054443]], "inverted": true, "swapped": true, "error_lsq": 0.0524470562193048, "error_max": 0.2829362578550362, "target": "331.xyz", "model": "29.xyz", "model_rescale": 4.117894457231895, "target_rescale": 3.8330220156362595},
