[{"mapping": [12, 11, 8, 13, 6, 3, 9, 7, 10, 4, 0, 5, 1, 14], "R": [[0.5550407327073027, 0.8133109832536437, 0.1745136944618731], [0.03859058054416936, -0.23474754747693494, 0.971290047332324], [0.8309275251963946, -0.5323709547604523, -0.16168059375954763]], "T": [-0.07543829382803476, 0.041885290944350125, 0.21639663098499315], "aligned_model": [[0.10002520166113264, 0.15638561743637674, -0.46309016442205725, -0.3483446858360427, -0.8390111214397556, -0.19318335098226247, -0.6456125238376997, 0.19404962718533825, -0.3479928452726926, 0.31886258710363663, 0.6151951917139145, 0.31067663547305496, 0.5192338437646334, -0.005701911419273009], [-0.6284717113066892, -0.4075566228758407, -0.5877719430416183, -0.2512955732551153, 0.19973379654271312, 0.4422781689029354, 0.1810488038803201, 0.563088254948099, 0.6223580350053285, -0.00610428273009718, 0.3187056993565148, 0.6857393887575086, 0.04008855583611274, 0.06343276178986297], [0.4062205809886491, -0.3608896507536481, 0.44591933656522703, -0.1004073401344612, 0.27749179228858756, -0.5323687221921234, -0.2959275123446322, 0.6434433472137479, 0.06167914939543526, 0.8419658100559668, 0.40192519903275825, 0.07050211429915357, -0.17154122359043414, 0.20957520635560747]], "inverted": true, "swapped": true, "error_lsq": 0.056781092908371904, "error_max": 0.3280779497037014, "target": "334.xyz", "model": "0.xyz", "model_rescale": 3.8414455957264533, "target_rescale": 4.2220194759511465},
{"mapping": [5, 6, 2, 8, 3, 10, 11, 3, 0, 13, 12, 9, 7, 13, 14], "R": [[0.3224051252731228, 0.8068973309985441, 0.4949460904230365], [-0.6985449597625484, 0.5556645779276075, -0.4508567577699971], [-0.6388191249391035, -0.20038356735012075, 0.7428031714714728]], "T": [-0.029271459807252292, -0.12341994098078791, 0.0068417395108271994], "aligned_model": [[-0.514548853213118, -0.0881247070485493, -0.4567923566427975, 0.6297924239140753, -0.7415336988649086, -0.10623477185204874, 0.2571759757194837, -0.7415336988649086, -0.04849052990274706, 0.6550669809350432, 0.35703160839438297, 0.4174349655203168, 0.016671575639214287, 0.6550669809350432, -0.06890148851669448], [-0.3938472643946264, -0.829986755661126, -0.6891230201316958, -0.29297367915247496, 0.1499174039981448, -0.16254902560207085, 0.6629965100849928, 0.1499174039981448, 0.3290611372343169, 0.12918476447160954, 0.2457405562021202, -0.5395917257833214, -0.28818948386438037, 0.12918476447160954, -0.0591194724717992], [-0.34769697372501895, -0.3207659610477497, 0.2113182335793229, -0.394641416482969, -0.17020650445814958, -0.6720742079717651, -0.15366506502789928, -0.17020650445814958, 0.5728884431573794, 0.2135269154307304, -0.5379334532840943, 0.31141372623774266, 0.6262731218018914, 0.2135269154307304, -0.04172686806033757]], "inverted": false, "swapped": false, "error_lsq": 0.054373215734173114, "error_max": 0.38219263211862886, "target": "334.xyz", "model": "1.xyz", "model_rescale": 4.316132596720782, "target_rescale": 4.2220194759511465},
{"mapping": [3, 10, 5, 12, 1, 13, 2, 8, 7, 6, 4, 14], "R": [[-0.4720807158957513, 0.690406869949356, -0.5481588744206267], [-0.6387047632984584, 0.16071490834185873, 0.7524805270414168], [0.6076150286317936, 0.7053432300400999, 0.36509574746548823]], "T": [-0.029501538626538107, 0.0227971908199409, 0.026000039542279994], "aligned_model": [[-0.2227017452663148, 0.3359173622876662, 0.2527550538770938, -0.4156286591324864, -0.4123745597142025, -0.3954639322620513, -0.39567291642505015, -0.24519613409243002, 0.5736652888591746, 0.27964447670423, 0.27580161121377544, -0.032937291417624], [-0.808297842370732, -0.5046269490620586, -0.47957435990215136, 0.6272367439017573, -0.20728211751589587, -0.04023071349175565, 0.3793466410180786, 0.5772484715275593, 0.014428263774982058, -0.10825380712199849, 0.5529741477917607, 0.009807949191434717], [0.10835679568775242, 0.17918258667048195, -0.476863847520905, -0.015925539658329248, -0.5259109316275056, 0.37656627261567693, -0.634354213583541, 0.521461941479516, -0.37744128999784343, 0.7323615685519209, -0.3921092316801641, -0.04606564972763887]], "inverted": false, "swapped": true, "error_lsq": 0.053989031243435875, "error_max": 0.32348485959329476, "target": "334.xyz", "model": "2.xyz", "model_rescale": 3.795458400668931, "target_rescale": 4.2220194759511465},
{"mapping": [8, 6, 9, 5, 12, 1, 10, 4, 7, 0, 11, 14], "R": [[0.9874694493066793, 0.14839389624530383, 0.053696724696216475], [-0.12708912669526626, 0.9495029185832098, -0.2868668009334662], [-0.0935544791113597, 0.2764479320941004, 0.9564643748091708]], "T": [0.004751977485385216, -0.017552696246418836, -0.006717253448167697], "aligned_model": [[-0.12483111548693632, -0.4595409840055355, -0.7496446846000737, 0.1953652036508328, 0.22569542796766245, 0.12363374587953926, -0.26128830720254054, 0.727923885349507, 0.529347138834434, 0.6244078073262436, -0.28600313088042123, 0.04823883891085354], [-0.08089884583828238, -0.6295667837945765, -0.17026308690873182, -0.00962335570918732, 0.32907904375840213, 0.5899409060960846, -0.4017577428611263, -0.0895718762195144, -0.34705301064886185, 0.18753179538722328, 0.6871218700186229, 0.020830132009656985], [-0.7673869352486111, -0.15356082693333542, 0.11372516663840337, 0.7339053032353436, -0.5959790876284268, 0.3410651594985983, 0.45888036069869814, -0.15145360368765615, 0.37127034766861794, 0.3957650483524968, -0.09557125411372602, 0.03811175215869773]], "inverted": true, "swapped": true, "error_lsq": 0.055146773877180144, "error_max": 0.310565336793843, "target": "334.xyz", "model": "3.xyz", "model_rescale": 3.7530521520055578, "target_rescale": 4.2220194759511465},
{"mapping": [6, 12, 4, 2, 7, 11, 10, 13, 3, 1, 14], "R": [[0.801287297289568, 0.4724894038123796, 0.3670046736587993], [-0.35409283920324686, 0.8689879027837105, -0.34565631202185815], [-0.48224156646577365, 0.14701628515436904, 0.8636140824882642]], "T": [-0.11607005900108698, -0.1514178137188415, -0.02818626111852507], "aligned_model": [[-0.7326722026298605, -0.07732943441864397, 0.4448384961308714, 0.4782029121837435, 0.4202758243730968, -0.23819186371391388, -0.2539105022806207, -0.5532976670990571, -0.37628953281910965, 0.27682762933009497, -0.050254056611395856], [-0.6251262533096098, 0.16543233810970975, -0.3859661725084388, 0.34050584658529565, -0.6179479245506024, 0.6062529434319224, -0.4868165084338904, 0.11011304753706119, 0.09889249478517648, 0.38904956757917447, -0.12718602091145276], [0.056041663313865425, -0.6718509455656787, -0.4518389984605187, -0.3477601588776338, 0.11785454199840179, -0.023592854084306225, 0.5228852560189867, -0.06327616531194757, 0.7492830207345639, 0.21193948667947027, -0.00685406919988657]], "inverted": true, "swapped": true, "error_lsq": 0.0497371998594426, "error_max": 0.3209080065766856, "target": "334.xyz", "model": "4.xyz", "model_rescale": 3.7855080009869324, "target_rescale": 4.2220194759511465},
{"mapping": [11, 12, 13, 2, 6, 1, 5, 4, 10, 3, 0, 14, 8, 9, 16], "R": [[0.6033416484590597, -0.4019261433089099, -0.6887918630177987], [-0.46791360409707256, 0.5209947006904436, -0.7138777072814103], [0.6457830241927951, 0.7530072358067356, 0.12627109125649816]], "T": [-0.021083291995694767, -0.09938812699432789, 0.04002377812887348], "aligned_model": [[-0.5772191465399571, -0.058824974531452426, -0.43683233153663925, 0.6188672649197585, -0.6693595731424893, -0.06580531521531924, 0.17288844501479045, -0.4017202130514615, 0.16158102692630788, 0.5911415106585065, 0.19072169103410835, 0.39380211172928375, -0.3484648092025681, 0.6286894194075378, 0.022615299681380416], [-0.5429099441392898, -0.7098034712664422, -0.6399899312158756, -0.24754120404832705, -0.03521758435748332, -0.18818667543914053, 0.6770308146919871, 0.3319170585380795, 0.34039016285742474, 0.2202790926176866, 0.3061203477002775, -0.6248100307834701, -0.11366865182697392, -0.10320742004157704, -0.1297804498874327], [-0.31555678560752326, -0.2583617709291851, 0.28450294752493444, -0.2980585166481887, -0.0011717656487933784, -0.7104552005391551, -0.08102099396451815, -0.42483335597513194, 0.5915607908869595, -0.033530726286481544, -0.5917795215104308, 0.13748825025807626, 0.6628618652473878, 0.33104758431206693, 0.047337600001647655]], "inverted": false, "swapped": false, "error_lsq": 0.04133051007881871, "error_max": 0.2432511165758192, "target": "334.xyz", "model": "5.xyz", "model_rescale": 4.2253639853439635, "target_rescale": 4.2220194759511465},
{"mapping": [6, 12, 0, 7, 4, 1, 5, 10, 11, 13, 2, 3, 9, 14], "R": [[0.5275153778719699, 0.8357144960209197, -0.15267222160266386], [0.751274402343381, -0.3749986247132613, 0.5431047816460082], [0.3966286657469282, -0.40119485615304523, -0.8256684497449015]], "T": [0.1095856350020227, -0.04239507244308189, -0.10251948622820746], "aligned_model": [[0.8818620989638473, -0.27708359708942876, -0.45728347524586777, 0.015890939764586068, -0.2902393931645946, -0.44644223839120956, -0.04429635248048752, 0.5583197539767798, -0.2449046702878174, 0.27842327543197165, -0.7184582878748041, 0.36428050562472136, 0.7032604527104769, 0.050733140819610154], [-0.031215994518965014, 0.2136650539955181, -0.5001867102514224, -0.7483941295008432, -0.5534674647047519, 0.12135332782905062, -0.4298301809834469, -0.2462868336141359, 0.6242808133297678, 0.4361948986530963, -0.013291697274994567, 0.2750386580238433, 0.3629212795231156, -0.06568187387084176], [-0.22563050908438637, -0.6512627753109286, 0.13646006860164778, 0.03687851453967099, -0.46037132485416227, 0.3075456597142209, 0.5386765980531335, 0.3359299742741522, 0.03488392566688921, -0.15946827716213802, -0.20631246921548285, 0.6519301535510167, 0.1978303587623897, -0.06553168860457423]], "inverted": false, "swapped": true, "error_lsq": 0.05116234131129898, "error_max": 0.36347597094166023, "target": "334.xyz", "model": "6.xyz", "model_rescale": 3.89814844738969, "target_rescale": 4.2220194759511465},
{"mapping": [13, 11, 3, 8, 10, 1, 12, 6, 4, 0, 5, 7, 14], "R": [[0.6894737163297019, 0.4358479294407105, -0.5785002825347235], [-0.08775184263025965, -0.7425433376203192, -0.6640248533531486], [-0.7189753880387727, 0.5085921491312285, -0.47371765560993634]], "T": [-0.06236337696811825, -0.0239194091836423, -0.021899311857228734], "aligned_model": [[0.06195093680073155, -0.2456411138211791, 0.5931024117725534, -0.3169092428879212, 0.5483566928753262, -0.27332409543600145, -0.6838735811935366, 0.49753316603559283, -0.6155681157990109, -0.40584479518564776, 0.1658839389684296, -0.08700594164972078, -0.09002845957539318], [-0.23648067485310517, 0.18927711146792947, 0.39717798359099976, -0.7189510076712524, 0.10827660558804977, 0.5989553991948009, -0.28842604182641574, -0.5621594686243067, -0.012485914748330156, 0.5583281455260407, 0.6407214116414194, 0.2467284779293585, 0.04281923825529722], [-0.4692932476429139, -0.7360115758409776, -0.3794877553388808, -0.24896836899551658, 0.18956534048258103, -0.28958664224419306, -0.26676741521682706, 0.07032721397515293, 0.4709969995800963, 0.3400859085607085, 0.27988503160632167, 0.6509956519427293, -0.009466110031984644]], "inverted": false, "swapped": true, "error_lsq": 0.05223046423075983, "error_max": 0.260795689541352, "target": "334.xyz", "model": "7.xyz", "model_rescale": 3.7474275329858107, "target_rescale": 4.2220194759511465},
{"mapping": [7, 6, 10, 3, 11, 5, 4, 9, 13, 2, 8, 0, 12, 1, 14], "R": [[-0.2533225824528472, 0.33409445472971, 0.9078593308097231], [-0.9386618042885033, 0.14208697389618352, -0.3142058386136022], [-0.2339694133626704, -0.9317683119573681, 0.2776078645190817]], "T": [0.0075420744850980236, -0.09860895614768835, 0.025523998194197442], "aligned_model": [[-0.49619732321564514, 0.01419273612393426, -0.4065853513830131, 0.4694280545312394, -0.6020111629565723, -0.07903414634256328, 0.23754139577772165, -0.528923748439999, -0.12355983571962034, 0.7687830686953023, 0.1896730169731825, 0.3394195756640527, -0.21181761024530604, 0.6109636982166545, 0.04020803847241926], [-0.4002307835486992, -0.7993865906069179, -0.7004422204602528, -0.34337290754575006, -0.018524281106787097, -0.22506092964946733, 0.6478580833291545, 0.17972418058883138, 0.6045396914539665, 0.25880227832400754, 0.3296563930389807, -0.6619883957758624, -0.06569315826005048, -0.20981696316819481, -0.05544228321351496], [-0.31965497619935473, -0.3937665623234902, 0.229383157416925, -0.465277882932429, 0.11778044045076254, -0.6741444378571889, -0.020444654441438177, -0.4382383611193919, 0.5700477324879438, -0.011338639491192834, -0.47310153898871415, 0.10721958462589619, 0.6012326899505002, 0.45947899959129096, 0.050854849951545246]], "inverted": true, "swapped": false, "error_lsq": 0.04878641599166042, "error_max": 0.387605465021389, "target": "334.xyz", "model": "8.xyz", "model_rescale": 4.019505241142653, "target_rescale": 4.2220194759511465},
{"mapping": [1, 10, 13, 11, 2, 12, 8, 0, 4, 7, 6, 4, 14], "R": [[-0.37685170426519876, -0.19945186369425102, 0.9045450497688359], [0.27254574744744436, 0.9094358749125867, 0.31407834209046054], [-0.885269229410313, 0.3648908651787112, -0.28836270211038495]], "T": [-0.09837505288606002, 0.03407519609595429, -0.05828821740582937], "aligned_model": [[-0.10677899473787014, -0.7399454154879541, -0.0014992685655033922, 0.15660345244259155, 0.41157152331078156, 0.616734607723501, 0.47344331238855547, -0.13751869894484775, 0.25048301231458797, -0.3647376125235839, -0.38361791470629747, 0.25048301231458797, -0.10552024378737283], [-0.6478140040119672, 0.18485365961459682, 0.22437948150045922, -0.31736233655514556, -0.6200417391474737, -0.004874721327732409, 0.5357763933645319, -0.5901144665091481, -0.1409607939014343, -0.1422683333648031, 0.7589471340919524, -0.1409607939014343, -0.03618125173834237], [-0.2560012696714764, -0.029558198433895067, -0.522181562278967, -0.6911210810281178, 0.038470515686743256, -0.11573521860549199, -0.20231093525519786, 0.3854234451604216, 0.5716113255679481, 0.5933244846962976, -0.12821257516358575, 0.5716113255679481, -0.03861676219874771]], "inverted": false, "swapped": true, "error_lsq": 0.0631755242807304, "error_max": 0.3948872672502838, "target": "334.xyz", "model": "9.xyz", "model_rescale": 3.877068213659057, "target_rescale": 4.2220194759511465},
{"mapping": [1, 8, 0, 9, 5, 7, 13, 4, 6, 14, 2, 11, 12, 10, 15], "R": [[-0.2763786569178131, 0.7753201093517819, 0.5678851697614994], [0.18329846907872405, -0.537528411555977, 0.8230825462877369], [0.943406863041446, 0.3315749309052925, 0.006446391350875824]], "T": [0.0075822168218735875, -0.0035148805191704963, -0.018533365327572993], "aligned_model": [[-0.6884278958154949, 0.14951815733166185, -0.3406627937443207, 0.5789302131284166, -0.7451789803727571, -0.24747750475985802, 0.28297794001714854, -0.4009523877545338, 0.08784472062857876, 0.7368139106868867, 0.2890353183062722, 0.23110143274610379, -0.25721301358967835, 0.5771510054047115, -0.031379716061349726], [-0.41809748740189767, -0.6623985976554749, -0.6719735665424448, -0.22071627542594302, -0.1144881140018943, -0.21150458861898175, 0.7138622922365511, 0.3047476441690802, 0.3392499281317973, 0.2742348770893681, 0.1828168769944568, -0.6050372723673002, -0.19411691397843317, -0.09854833539922149, -0.07740835383021888], [-0.32933522404189014, -0.39409876827670803, 0.23769784535836008, -0.26759224404243387, 0.16043859809414554, -0.7655081903170187, -0.10318372633348077, -0.46143783864139604, 0.48780129826755547, -0.0429824031357845, -0.5898651303784938, 0.34597349123568366, 0.6535898127477089, 0.3934991782727084, 0.015033702312708112]], "inverted": false, "swapped": false, "error_lsq": 0.043018295203237945, "error_max": 0.2794558754889499, "target": "334.xyz", "model": "10.xyz", "model_rescale": 4.260839863003843, "target_rescale": 4.2220194759511465},
{"mapping": [2, 5, 10, 7, 6, 8, 12, 11, 3, 9, 13, 14], "R": [[-0.1706397782946856, 0.9755260242738547, -0.13867603263717665], [-0.13292712665548737, -0.16224476841397906, -0.9777561117791136], [-0.9763259932331293, -0.1484102795858192, 0.1573592826960088]], "T": [-0.05271635081923796, 0.020171017659871796, -0.16177237146339193], "aligned_model": [[0.5461576471989634, 0.06249213950967832, -0.3526716103658304, -0.33669963250202767, -0.6652115320128695, -0.22763248442796452, 0.1926113431070577, 0.6387859703950101, 0.19785086739394922, -0.16159826600730515, 0.07411557804476665, -0.009301371239297883], [0.07510662498210104, -0.7349397561099378, -0.4301170024361494, -0.501830008148981, 0.17103779283202442, 0.774052244777753, 0.5941048136463295, 0.26757635489729603, -0.4029038293686775, 0.038536446288686965, 0.34919757641078636, -0.026742752238297293], [-0.7410898505045899, -0.19988760453191465, 0.21563938040535605, -0.5783219986140402, 0.30059231326614366, -0.18391552086423066, -0.5176001403750503, 0.060971763538306356, 0.5404039969023752, 0.6094270860795233, 0.20762289042527507, -0.19766423833164914]], "inverted": true, "swapped": true, "error_lsq": 0.05939886800275207, "error_max": 0.41089557201728444, "target": "334.xyz", "model": "11.xyz", "model_rescale": 3.890672605050136, "target_rescale": 4.2220194759511465},
{"mapping": [12, 2, 11, 8, 13, 7, 2, 6, 4, 5, 3, 1, 10, 14], "R": [[0.5735481086115783, 0.2293622056485874, 0.7864067304697338], [0.6731378050970831, -0.6790446500307744, -0.2928888161293711], [0.4668276581964297, 0.6973459269864551, -0.5438571463704777]], "T": [0.13304665882053332, -0.07796978252805756, 0.20959465600220606], "aligned_model": [[0.4680077140629769, -0.10098533870092297, 0.44446379001787895, 0.79077603958175, 0.5949473960423328, -0.5186594886264254, -0.10098533870092297, 0.4939026503257701, -0.22721645309288155, -0.5531003581951893, 0.085730471535266, -0.15930347983112178, -0.08174435026653745, 0.07404258064172044], [-0.2878706197842904, -0.0027109013498897994, 0.4896777489143329, -0.4516593940600946, 0.136996330555236, -0.377860130024426, -0.0027109013498897994, -0.29692378128766317, -0.5977953473139369, 0.21580587512263524, 0.6595994276298088, 0.4340855116837874, 0.06672549764708363, -0.05320679655492829], [-0.3903568509558718, -0.5884290610117329, -0.20246779225058886, 0.04475833300488302, 0.2447365573231186, 0.3190937151694693, -0.5884290610117329, 0.8680278966145393, -0.17654632094531097, 0.37637649527526645, 0.6438535050433619, -0.18596157337441105, 0.816307263033485, 0.173827329442386]], "inverted": false, "swapped": true, "error_lsq": 0.0601072808152479, "error_max": 0.38087068670416213, "target": "334.xyz", "model": "12.xyz", "model_rescale": 4.124412569039231, "target_rescale": 4.2220194759511465},
{"mapping": [1, 11, 9, 2, 3, 5, 12, 7, 8, 4, 10, 6, 14], "R": [[0.5961352692298991, 0.5668789765093548, -0.5685692277743342], [0.43117673316380134, 0.3713345235182088, 0.8223121648265318], [0.6772808616507544, -0.7353631059790883, -0.023059419038659216]], "T": [0.10955691343133246, 0.15890882409772067, -0.08184424061603285], "aligned_model": [[-0.19281629365044495, -0.18389552506775353, 0.7429487338046051, -0.6668022969421066, 0.6700642431103002, 0.3101768664758652, -0.5101655997802812, 0.1461670877460527, -0.10446994787169374, -0.37395017872504593, 0.7269810468225965, 0.7255914262788757, 0.07746874530878836], [-0.23631419729012032, 0.3433734715090597, 0.4622085309015419, -0.09588622953566422, -0.03131685586883226, -0.5703216728397317, 0.5216349197378121, -0.4169744273396262, 0.8765428682251609, -0.09346667388157143, -0.07284477434361902, 0.5652013318193481, 0.09564908541471992], [0.4246171749950825, 0.6028880216662862, 0.25544681096283245, 0.09026788879124298, 0.5382151382986633, 0.03170118939214675, -0.10577887810324507, -0.5219162153551216, -0.27835571308735335, -0.5834820397726226, -0.09764925044940201, -0.3409197309104047, -0.06333631546026577]], "inverted": false, "swapped": true, "error_lsq": 0.048370422875905095, "error_max": 0.2773111481518679, "target": "334.xyz", "model": "13.xyz", "model_rescale": 3.9028299243045295, "target_rescale": 4.2220194759511465},
{"mapping": [0, 3, 2, 7, 8, 4, 14, 5, 11, 9, 10, 6, 1, 9, 15], "R": [[-0.7653958163177828, 0.2825278707140759, 0.5782276771592705], [0.6335735857862749, 0.48846757167667687, 0.5999866188626315], [-0.11293252745403726, 0.8255770307427777, -0.5528732319011133]], "T": [-0.13024720269696116, -0.07288401093361714, -0.029041554288173843], "aligned_model": [[-0.5969235560994381, 0.014413569822093408, -0.5598604254129895, 0.6688604271625058, -0.9018399435330882, -0.13376447065816552, 0.3263110672567093, -0.45220607868924917, 0.1393034900250646, 0.6179785967519646, 0.23744696109193625, 0.3040616878250432, -0.04327673323886558, 0.6179785967519646, -0.016402782903699134], [-0.6274106168760695, -0.6446047453830013, -0.5535614843487221, -0.17868828875969955, -0.07729549597188819, -0.20991926240662256, 0.679225449757784, 0.1902384350658921, 0.3108536711018253, 0.03191945984491083, 0.32059635804379927, -0.47659493187359475, -0.18615551239791206, 0.03191945984491083, -0.0699003822421694], [-0.4314466160376997, -0.23127436056103906, 0.32667099113945613, -0.44239419614649866, -0.0626918239211833, -0.6927977162652421, 0.06549181579008906, -0.32772348249302946, 0.5418739418906109, 0.14422079596557377, -0.5441403828579485, 0.27559190115718224, 0.6048389235158589, 0.14422079596557377, -0.030410186020039982]], "inverted": false, "swapped": false, "error_lsq": 0.04597729905018265, "error_max": 0.3462677708663969, "target": "334.xyz", "model": "14.xyz", "model_rescale": 3.942246331269136, "target_rescale": 4.2220194759511465},
{"mapping": [7, 9, 6, 5, 8, 2, 12, 0, 13, 3, 1, 10, 11, 4, 14], "R": [[-0.7376335880023707, 0.6278028630748989, 0.24851610604890167], [0.5991602446208677, 0.7783028074898674, -0.18775447030431194], [-0.3112935770564678, 0.010406967298431269, -0.9502568094547067]], "T": [0.05956721047040496, -0.12577726668427502, 0.01477365286884489], "aligned_model": [[-0.5907951535125165, 0.016296067477565554, -0.3446899655989347, 0.39200876933375567, -0.686977650998379, -0.11150087370306126, 0.17371678522668155, -0.39725967320960365, 0.08471173868104213, 0.6965986061789263, 0.35204614908486054, 0.3559527473692668, -0.21521906300275512, 0.46845058089226765, 0.028741341932671482], [-0.49714616164472136, -0.8862410309271275, -0.4798705221062649, -0.19496915106977722, 0.04316299349605532, -0.2419770497853302, 0.6835470140303703, 0.1399410873783738, 0.43396133147132143, 0.18694482282013503, 0.4182955966844065, -0.6752829277935207, -0.2073132120603603, -0.11194071014274402, -0.0704899669513728], [-0.3976502158626365, -0.24596525406689887, 0.16963969627255976, -0.5213929735308247, 0.12866344430138624, -0.7199924593219489, 0.02112514020896259, -0.4965192548950965, 0.6038324792530938, -0.09899728418581621, -0.5097091643839077, 0.36002668756836237, 0.6720068064596478, 0.4346390074983209, -0.0596762541935398]], "inverted": true, "swapped": false, "error_lsq": 0.040332421854959846, "error_max": 0.28222551180888983, "target": "334.xyz", "model": "15.xyz", "model_rescale": 4.355366556412066, "target_rescale": 4.2220194759511465},
{"mapping": [3, 10, 5, 12, 1, 13, 2, 8, 7, 6, 4, 14], "R": [[-0.4720807158957513, 0.690406869949356, -0.5481588744206267], [-0.6387047632984584, 0.16071490834185873, 0.7524805270414168], [0.6076150286317936, 0.7053432300400999, 0.36509574746548823]], "T": [-0.029501538626538107, 0.0227971908199409, 0.026000039542279994], "aligned_model": [[-0.2227017452663148, 0.3359173622876662, 0.2527550538770938, -0.4156286591324864, -0.4123745597142025, -0.3954639322620513, -0.39567291642505015, -0.24519613409243002, 0.5736652888591746, 0.27964447670423, 0.27580161121377544, -0.032937291417624], [-0.808297842370732, -0.5046269490620586, -0.47957435990215136, 0.6272367439017573, -0.20728211751589587, -0.04023071349175565, 0.3793466410180786, 0.5772484715275593, 0.014428263774982058, -0.10825380712199849, 0.5529741477917607, 0.009807949191434717], [0.10835679568775242, 0.17918258667048195, -0.476863847520905, -0.015925539658329248, -0.5259109316275056, 0.37656627261567693, -0.634354213583541, 0.521461941479516, -0.37744128999784343, 0.7323615685519209, -0.3921092316801641, -0.04606564972763887]], "inverted": false, "swapped": true, "error_lsq": 0.053989031243435875, "error_max": 0.32348485959329476, "target": "334.xyz", "model": "16.xyz", "model_rescale": 3.795458400668931, "target_rescale": 4.2220194759511465},
{"mapping": [13, 11, 3, 8, 10, 1, 12, 6, 4, 0, 5, 7, 14], "R": [[0.6894737163297019, 0.4358479294407105, -0.5785002825347235], [-0.08775184263025965, -0.7425433376203192, -0.6640248533531486], [-0.7189753880387727, 0.5085921491312285, -0.47371765560993634]], "T": [-0.06236337696811825, -0.0239194091836423, -0.021899311857228734], "aligned_model": [[0.06195093680073155, -0.2456411138211791, 0.5931024117725534, -0.3169092428879212, 0.5483566928753262, -0.27332409543600145, -0.6838735811935366, 0.49753316603559283, -0.6155681157990109, -0.40584479518564776, 0.1658839389684296, -0.08700594164972078, -0.09002845957539318], [-0.23648067485310517, 0.18927711146792947, 0.39717798359099976, -0.7189510076712524, 0.10827660558804977, 0.5989553991948009, -0.28842604182641574, -0.5621594686243067, -0.012485914748330156, 0.5583281455260407, 0.6407214116414194, 0.2467284779293585, 0.04281923825529722], [-0.4692932476429139, -0.7360115758409776, -0.3794877553388808, -0.24896836899551658, 0.18956534048258103, -0.28958664224419306, -0.26676741521682706, 0.07032721397515293, 0.4709969995800963, 0.3400859085607085, 0.27988503160632167, 0.6509956519427293, -0.009466110031984644]], "inverted": false, "swapped": true, "error_lsq": 0.05223046423075983, "error_max": 0.260795689541352, "target": "334.xyz", "model": "17.xyz", "model_rescale": 3.7474275329858107, "target_rescale": 4.2220194759511465},
{"mapping": [3, 13, 6, 11, 5, 0, 10, 8, 1, 7, 2, 12, 4, 14], "R": [[-0.46430255950363813, -0.7586425189231871, 0.4570390155339613], [0.1537841931756326, -0.5772509376135848, -0.8019549718990193], [0.8722233401874147, -0.30206436980570717, 0.38468631549119436]], "T": [0.12022702646063357, 0.04907269986248819, 0.012566228312457427], "aligned_model": [[0.4974963448176636, 0.17775218140108726, 0.8191809830567255, -0.3033443038493847, 0.21036996337892058, -0.2719300666386585, 0.6961900413797675, 0.03521420392109478, -0.3319451835703813, 0.19701170299094056, -0.6973912897924843, -0.43481016952563345, -0.2571335276535558, 0.0781867679667751], [-0.567334621415525, 0.2000799633054176, 0.383123380411596, -0.1119335001466549, -0.6461265092456578, -0.38456598478372517, -0.26550886762776205, 0.7832565558247918, -0.4805278905119008, -0.18324414799069388, -0.07972514178530812, 0.49166447977411276, 0.22631397339210424, -0.005063447689561171], [-0.44845197634322537, -0.4718770985950195, -0.09497791101951211, -0.6068400539562397, 0.31832815936034037, 0.508746946335003, 0.07947760298772905, -0.21801946749489376, -0.12598869094136864, 0.6957778812823576, 0.12296610553658141, -0.0980922920898587, 0.6251815438610574, 0.038563969738703845]], "inverted": true, "swapped": true, "error_lsq": 0.04906224574531192, "error_max": 0.3689024594304695, "target": "334.xyz", "model": "18.xyz", "model_rescale": 3.922800546911778, "target_rescale": 4.2220194759511465},
{"mapping": [11, 13, 4, 12, 10, 7, 0, 9, 1, 5, 3, 8, 6, 8, 14], "R": [[-0.9357793998664167, 0.29503440005207837, 0.19305858585299795], [-0.0040895577055330146, 0.538431227000394, -0.8426595334467079], [-0.3525623211624044, -0.7893329567278694, -0.5026462902676369]], "T": [0.016698474258416106, -0.0659327988304228, -0.007707839062052184], "aligned_model": [[-0.48516411336584986, 0.06388439898249143, -0.39523577738023397, 0.6013787985833129, -0.7719649360728092, -0.0820734053823503, 0.34263000587654135, -0.5645397291826445, 0.06975111589200103, 0.7366029290447488, 0.1784779572167514, 0.3713925890585027, -0.21116555515272167, 0.3713925890585027, -0.0032864610244552027], [-0.45174471390863624, -0.7118590799260599, -0.6017083924368628, -0.22101321471263752, -0.06960601105932185, -0.19055559955576634, 0.6945691727218006, 0.2791832943253308, 0.39575235522365415, 0.17502663453927217, 0.3053325505951663, -0.40290362229582954, -0.18986269462528593, -0.40290362229582954, -0.06708494318955131], [-0.3340921556208632, -0.2365450622537331, 0.2513709611411625, -0.5104135457370871, 0.16139916842122398, -0.7906026547239371, -0.12538546496911263, -0.46135992934765996, 0.5684998141998665, 0.07109474740986327, -0.5028226568515567, 0.3597610753794929, 0.6314221453244622, 0.3597610753794929, -0.1020571166299504]], "inverted": false, "swapped": false, "error_lsq": 0.04114322955733161, "error_max": 0.3990310089235023, "target": "334.xyz", "model": "19.xyz", "model_rescale": 3.9282355846067225, "target_rescale": 4.2220194759511465},
{"mapping": [11, 1, 5, 2, 12, 0, 4, 7, 8, 6, 3, 13, 10, 14], "R": [[-0.24714741978897026, 0.4091709776356894, -0.878349169722559], [-0.40422893012069944, 0.7802881511895813, 0.47723094321996784], [0.8806345013370357, 0.4730005414096262, -0.027447456732295594]], "T": [-0.027260325648785777, -0.008109254816289407, 0.1176198382160561], "aligned_model": [[-0.6302827289721166, -0.16323134085169128, 0.5326523011830804, -0.38530812014598115, -0.6239971083832586, 0.261070994508643, 0.08594103157994079, 0.5810997889223174, -0.5499824692224679, 0.17356738814745876, 0.15105000642104655, -0.38586803853272944, 0.49728288374586127, -0.011471769315426952], [-0.4817797527302857, -0.6225119240997706, -0.4900034775340777, -0.23095415064243932, 0.24003547346366358, -0.2685525611249082, 0.3282451771557774, 0.07468054850807632, 0.5400662452413438, 0.37756417770702366, -0.6763177313607281, -0.05825270013345876, -0.15545443129065753, -0.05388280573472312], [0.14924342612085573, -0.21124974307825045, -0.080354544784459, -0.6030872154727103, -0.19627263807136064, -0.5434847930205302, -0.5328908307992966, -0.26927677144176027, 0.2778947870292593, 0.7677094207647743, 0.6241085021306292, 0.4777362321784819, 0.48952830769207734, 0.06257901799597233]], "inverted": false, "swapped": true, "error_lsq": 0.04708101836730089, "error_max": 0.3241507060142675, "target": "334.xyz", "model": "20.xyz", "model_rescale": 4.067790424073018, "target_rescale": 4.2220194759511465},
{"mapping": [8, 5, 1, 6, 7, 4, 3, 0, 12, 11, 2, 13, 9, 11, 14], "R": [[-0.2684530494735148, -0.636441612305408, 0.7231009848938553], [0.5544879725805159, -0.7159199316820078, -0.4242661189442054], [0.7877030204918095, 0.2870552656659031, 0.5450901081120056]], "T": [0.014388022294034887, -0.1290980693939291, -0.06890037672952355], "aligned_model": [[-0.4391283862425216, -0.0011386699129008401, -0.4366456373561224, 0.6155383189111479, -0.7127226307928354, -0.017887891409500888, 0.39959947876769125, -0.44315051688933094, 0.05722101648305535, 0.547099781238567, 0.04860694050486323, 0.3765435100788984, -0.3430794061254221, 0.547099781238567, 0.0241247176576318], [-0.36565742124577927, -0.6805225917479881, -0.6899678725479956, -0.1094072490263233, -0.12742914453734447, -0.3509389394131925, 0.627680176597728, 0.37964784294280673, 0.380091361819477, 0.02887716356359457, 0.310287779892642, -0.6371334334091215, -0.11530265557366244, 0.02887716356359457, -0.1384800674789921], [-0.32095282556624727, -0.2790337601639387, 0.32517931451492954, -0.49993111248485156, 0.09834575944765168, -0.8384569948675116, -0.12031863074553728, -0.25941051127247344, 0.5019808058707255, 0.26169644968202416, -0.6684761205869043, 0.24869524139902743, 0.6210826836752942, 0.26169644968202416, 0.00793365253745186]], "inverted": false, "swapped": false, "error_lsq": 0.052928001344897245, "error_max": 0.46740990214543443, "target": "334.xyz", "model": "21.xyz", "model_rescale": 4.186013935880536, "target_rescale": 4.2220194759511465},
{"mapping": [9, 3, 10, 8, 12, 6, 13, 11, 7, 0, 2, 4, 14], "R": [[-0.23736942076137763, 0.9709896097947217, -0.028895254940952686], [-0.6205824179405011, -0.17445846928408576, -0.7644878710863734], [-0.7473508015855269, -0.1635341559606075, 0.643990185642392]], "T": [0.05079851955121152, -0.01449206733428899, 0.010301401955112307], "aligned_model": [[0.09649043096042531, -0.29739614086814864, 0.27290530463225077, 0.29978824273740035, -0.10684142831946862, 0.6345558382872654, -0.07352487813750343, -0.6293202311595602, 0.3160333252668215, -0.19509920593932834, -0.489617991162861, 0.22446096598005638, 0.006139803145875894], [-0.42016716519174135, -0.020981163953597178, 0.19145658489352965, -0.6429092306695673, -0.33532399364587645, -0.35491423357745144, -0.49112017487595894, -0.3696167521859952, 0.6584376895712367, 0.6698778830149139, 0.20968172880923736, 0.3822157535238273, 0.0423197338335364], [-0.6532354304425684, -0.7729905483438645, -0.5757240393755573, 0.38781810891797464, 0.6335313776509168, -0.3834401047135567, -0.12448366374954911, 0.02832233302172171, 0.06913342731748234, 0.25360590064916133, 0.6060973670698849, 0.6116143331804705, 0.02263050015282948]], "inverted": false, "swapped": true, "error_lsq": 0.05034556608592445, "error_max": 0.26439257130256805, "target": "334.xyz", "model": "22.xyz", "model_rescale": 4.166573947596378, "target_rescale": 4.2220194759511465},
{"mapping": [0, 1, 5, 2, 7, 4, 9, 8, 14, 11, 3, 6, 13, 12, 15], "R": [[-0.9252416216258674, -0.0402338507759811, 0.3772388883226004], [-0.32301786093302576, 0.6050411250611396, -0.727725702791239], [-0.19896583407557106, -0.795177008116109, -0.5728054841166639]], "T": [0.04499622500581844, -0.007185939965486068, -0.03188583679053497], "aligned_model": [[-0.5351888284964492, -0.027862347822518473, -0.38256386920940977, 0.45119795857443074, -0.6461226418205899, -0.10224625377119101, 0.09955637440573795, -0.4484439065617948, 0.08679857544318034, 0.7531407731628552, 0.3238637261522461, 0.4132621538512391, -0.346969136854385, 0.5546322752300546, 0.02902555386838139], [-0.43949461420309094, -0.6880199969553562, -0.6183150195578998, -0.39730860824572856, -0.14159271858689376, -0.15435083742353262, 0.5903766391551875, 0.38299128083365913, 0.34044193065930617, 0.3334548076236041, 0.20060261110448957, -0.6399236833924233, -0.15813763669438963, 0.004184719572024674, -0.07428676048951252], [-0.41037001969585757, -0.23001628895595433, 0.3352321212454891, -0.40014348372926395, 0.09333068539169526, -0.7365245092776176, -0.051667657085977925, -0.5401748423269301, 0.6776105975084898, -0.09962435924132268, -0.5222769937914047, 0.17579368955106378, 0.7032263174092233, 0.37984606583875935, -0.03421092171872722]], "inverted": true, "swapped": false, "error_lsq": 0.042710359087875266, "error_max": 0.3037503046730611, "target": "334.xyz", "model": "23.xyz", "model_rescale": 4.274766983524099, "target_rescale": 4.2220194759511465},
{"mapping": [12, 1, 11, 13, 3, 9, 6, 10, 7, 5, 14], "R": [[0.9862805779205028, -0.07557989155735761, 0.14675933227218232], [0.0008277559349575483, 0.8912853763377018, 0.4534420500424205], [-0.165075547665034, -0.4470996062609975, 0.8791200177702416]], "T": [0.10236294417407957, -0.0271696930056764, -0.0719379189007166], "aligned_model": [[0.21785924520053068, 0.08189142905808479, -0.35082209979526036, -0.36025882814293764, -0.5044488352554155, -0.5900381304969602, -0.20586917544582897, -0.05128017850107594, 0.7006308548286038, 0.3056216481160343, 0.13660877439229963], [-0.1448743171094879, 0.663067090552422, 0.3712495069423869, -0.14118058103633194, 0.38035272120002067, -0.17338435847859116, -0.6383786664544481, -0.02756446389561118, 0.07650038417572991, 0.5121526151233178, 0.037646600224076565], [-0.7712270626925068, -0.2371288938082281, -0.5461586142010841, -0.2557320625434154, 0.37587103097437546, 0.25385831670255304, 0.306359297229173, 0.5695959650297171, 0.32552049311044823, 0.43079003449478254, -0.07218207027423743]], "inverted": true, "swapped": true, "error_lsq": 0.05831758178039464, "error_max": 0.2844494005688004, "target": "334.xyz", "model": "24.xyz", "model_rescale": 3.7841303162186577, "target_rescale": 4.2220194759511465},
{"mapping": [12, 5, 13, 4, 14, 2, 0, 9, 7, 1, 8, 3, 11, 6, 15], "R": [[0.43124269948952787, -0.8268532844330463, -0.3610309961198185], [-0.04044205476533025, 0.3820341348827828, -0.9232628878010434], [0.9013291154419361, 0.4127512153908784, 0.1313097858120633]], "T": [-0.02590805038845112, 0.040378276906744295, -0.010596976927360606], "aligned_model": [[-0.4618588120305859, 0.06513088558377508, -0.4620731751923892, 0.5677077796792064, -0.8125338154376288, 0.017821292174761034, 0.316862487979555, -0.4733018666386708, 0.11537034343076813, 0.5985675688261104, 0.1701045507756853, 0.18628239275451264, -0.13381198940778527, 0.5095707052636115, 0.018242058390862056], [-0.5072538161029952, -0.7146856428091547, -0.5116654418629291, -0.33787964240731144, -0.05982064669318636, -0.16490382162379758, 0.6875960966310011, 0.09528259669432794, 0.42127016382262616, 0.339532460188338, 0.35952107054933546, -0.7055443326600751, -0.14307284993039893, -0.22112093860114057, 0.003366858204803362], [-0.3025180802370566, -0.44755136210273616, 0.33146692608310824, -0.25807533078410133, -0.032484045730018875, -0.7349863974389442, 0.05974078824811271, -0.38337706944284217, 0.49711095685128337, -0.2818410910292455, -0.46796413916109014, 0.20752354940835638, 0.7270546977599408, 0.3979456949896722, 0.027985303707226156]], "inverted": false, "swapped": false, "error_lsq": 0.0509265926625512, "error_max": 0.29300280396919476, "target": "334.xyz", "model": "25.xyz", "model_rescale": 4.19342608120988, "target_rescale": 4.2220194759511465},
{"mapping": [3, 10, 5, 12, 1, 13, 2, 8, 7, 6, 4, 14], "R": [[-0.4720807158957513, 0.690406869949356, -0.5481588744206267], [-0.6387047632984584, 0.16071490834185873, 0.7524805270414168], [0.6076150286317936, 0.7053432300400999, 0.36509574746548823]], "T": [-0.029501538626538107, 0.0227971908199409, 0.026000039542279994], "aligned_model": [[-0.2227017452663148, 0.3359173622876662, 0.2527550538770938, -0.4156286591324864, -0.4123745597142025, -0.3954639322620513, -0.39567291642505015, -0.24519613409243002, 0.5736652888591746, 0.27964447670423, 0.27580161121377544, -0.032937291417624], [-0.808297842370732, -0.5046269490620586, -0.47957435990215136, 0.6272367439017573, -0.20728211751589587, -0.04023071349175565, 0.3793466410180786, 0.5772484715275593, 0.014428263774982058, -0.10825380712199849, 0.5529741477917607, 0.009807949191434717], [0.10835679568775242, 0.17918258667048195, -0.476863847520905, -0.015925539658329248, -0.5259109316275056, 0.37656627261567693, -0.634354213583541, 0.521461941479516, -0.37744128999784343, 0.7323615685519209, -0.3921092316801641, -0.04606564972763887]], "inverted": false, "swapped": true, "error_lsq": 0.053989031243435875, "error_max": 0.32348485959329476, "target": "334.xyz", "model": "26.xyz", "model_rescale": 3.795458400668931, "target_rescale": 4.2220194759511465},
