[{"mapping": [12, 11, 10, 0, 8, 8, 2, 9, 4, 5, 1, 3, 6, 13], "R": [[0.2418201885664678, -0.9703208329493666, 0.0006910471224165771], [0.812207153027123, 0.20202585627351285, -0.5472705856964448], [0.5308884411750305, 0.1329023496459012, 0.8369554519120745]], "T": [-0.0774697223769788, -0.11310208074000587, 0.12230745885889255], "aligned_model": [[-0.3251347288289628, 0.49614076927983, 0.27850675326941965, -0.791864502745226, 0.6771315655854885, 0.6771315655854885, -0.3898429946172087, -0.20537162680091484, 0.3634358162907676, 0.2454136134687166, -0.515532189464847, -0.24251454521294402, 0.2853331487833604, 0.030362571486142756], [-0.4873075682617343, -0.48210315412746474, -0.5844048994203059, 0.06422329965601277, 0.08468442225319757, 0.08468442225319757, 0.5891223359324622, 0.07045275827776366, 0.7239559389889425, -0.4898961661463584, -0.43811155225202375, 0.1575992618590128, 0.3750156547182753, -0.08252936798119039], [-0.2434138908889314, -0.025581190277604804, -0.6941380852724957, -0.10922707815586374, 0.0771795621451635, 0.0771795621451635, 0.14601511223595603, -0.5753256077901285, -0.013119289572265658, 0.6934237596922199, 0.31075965910962167, 0.5378568486645641, 0.585623158135905, 0.004081539999348127]], "inverted": true, "swapped": false, "error_lsq": 0.0469874175068938, "error_max": 0.2990546800889323, "target": "335.xyz", "model": "0.xyz", "model_rescale": 3.8414455957264533, "target_rescale": 3.9579251275733163},
{"mapping": [4, 2, 7, 1, 9, 6, 11, 0, 13, 5, 3, 10, 8, 14], "R": [[-0.6355024373767417, 0.14166543320504402, -0.7589911442981716], [-0.10371621824820294, -0.989777007313211, -0.09790006060465442], [-0.7651010378770322, 0.016503964036893835, 0.6436987035955232]], "T": [0.0790502815812693, -0.004174056371688776, 0.052573844549616555], "aligned_model": [[-0.11050793361702434, 0.4070397944198864, 0.3583068000298694, -0.7851612806685029, 0.7039556935937437, 0.6016793882316968, -0.4974083536451441, -0.21583855393119017, 0.21813701103233452, 0.020657480562167083, -0.5223939631772786, -0.04940493180050133, 0.45821394449692743, -0.004079879447873677], [-0.4369900464297583, -0.6650300037242037, -0.15398010645514115, -0.02354402926637764, 0.15036484634840386, -0.299360882563796, 0.6196802537498738, 0.06639797970567182, 0.6682356524013869, -0.4806575882848284, -0.47891781809771516, 0.04136207934956655, 0.5797086600667392, -0.0018836110500347978], [-0.21678694815986677, 0.03533946219552091, -0.5064690396708004, 0.017062283156048963, -0.1735248807387644, 0.5523245106902926, -0.016467040045122422, -0.605892200073163, -0.26893364506399015, 0.5041007092954665, 0.21462341470979288, 0.7232503827623448, 0.4262291505061019, 0.08645790060679093]], "inverted": true, "swapped": false, "error_lsq": 0.05514995424502595, "error_max": 0.35484713425123326, "target": "335.xyz", "model": "1.xyz", "model_rescale": 4.316132596720782, "target_rescale": 3.9579251275733163},
{"mapping": [2, 0, 1, 8, 4, 7, 12, 6, 9, 3, 11, 13], "R": [[-0.5158900622252245, -0.6530531080323805, 0.5544177863186772], [-0.2801563273070282, 0.7402175272163933, 0.6112204550499643], [-0.8095491806969428, 0.15999890778032275, -0.5648278264586585]], "T": [-0.013208074078533236, -0.0015745731511857908, -0.01953940710054147], "aligned_model": [[-0.30994674594737537, 0.31352646200780604, 0.15286980658237498, -0.590874222612738, -0.5891543468155506, -0.2624062605087759, -0.13055056778796453, -0.15583729604349678, 0.5184231602342428, 0.31500492922826734, 0.34889863602337906, -0.012144999728388409], [-0.7361969841181166, -0.37701600131845964, -0.6022539059164164, 0.2995581472375249, -0.2659052176541158, -0.21121864555397044, 0.607682123652161, 0.6208659880373362, -0.036029282778371564, 0.038670307544828746, 0.6024655960578171, 0.07215430255076268], [0.050814974485870135, 0.21615780185634886, -0.4865001699429229, -0.1811587525242892, -0.49999687465121423, 0.49380755428743917, -0.6320059823348789, 0.44245367650496703, -0.5034340105892532, 0.6963357236580363, -0.09900135881753647, -0.04821412072314549]], "inverted": false, "swapped": true, "error_lsq": 0.044267594089572836, "error_max": 0.23883135491143112, "target": "335.xyz", "model": "2.xyz", "model_rescale": 3.795458400668931, "target_rescale": 3.9579251275733163},
{"mapping": [6, 7, 3, 1, 11, 9, 0, 8, 2, 5, 10, 13], "R": [[0.9165850869664196, 0.3704068458541566, 0.15056741644571164], [-0.05648511507675388, -0.2528391179843987, 0.9658580704180286], [0.3958297741776472, -0.8937959213160724, -0.21082609163295343]], "T": [0.11756202439554017, -0.04183495387041192, 0.01111363969608635], "aligned_model": [[-0.07900809314621277, -0.14221366075073563, -0.6348763545440322, 0.30552498177052967, 0.016080710693550077, 0.14972081714138835, -0.3107483291825295, 0.6392710674245667, 0.1704820284530305, 0.7196776362843103, -0.38758211389113795, 0.14697513549083746], [-0.1347035037167167, -0.588877652544273, -0.1722251277155258, 0.07994746786717465, 0.51844748564689, 0.5931175141899878, -0.08805956068369955, -0.24988573371266795, -0.6042114491143143, 0.21264478026527756, 0.5142479742645537, 0.005326850543023072], [-0.7464803002278054, -0.04214380311166639, -0.18549642429847785, 0.7569613759673826, -0.4108876970641241, 0.34841774425316646, 0.3541565293012953, -0.35635670563128075, 0.571118832398348, 0.2702651298566727, 0.17440541443322932, -0.04518866523763959]], "inverted": false, "swapped": true, "error_lsq": 0.05064705839457242, "error_max": 0.33004449815391346, "target": "335.xyz", "model": "3.xyz", "model_rescale": 3.7530521520055578, "target_rescale": 3.9579251275733163},
{"mapping": [4, 7, 0, 3, 1, 6, 5, 8, 12, 11, 13], "R": [[0.597781751016885, 0.7456093609326376, -0.29448880970388513], [0.7106954595296601, -0.6628606239979238, -0.2356432832843084], [-0.3709028740184047, -0.06842860544178349, -0.9261471718912608]], "T": [0.016967479893934954, -0.07146486972474445, -0.05449347930744018], "aligned_model": [[-0.5763591240988769, -0.07725160681391788, 0.45366489880092437, 0.4653179298415628, 0.20637249736141935, -0.15539410882217888, -0.22829173388813215, -0.6303868021762759, -0.3415263909814165, 0.22482712686933048, -0.0027730836472335783], [-0.5923910352897871, 0.019154781330564807, -0.2342310285087506, 0.375744658403968, -0.8176491427035864, 0.6916502079844421, -0.5083215377358123, 0.053799374323504984, 0.09315766743574147, 0.4119333154073447, -0.02564390233328344], [0.040499403858940033, -0.6481990616650353, -0.3478660056976576, -0.5243936184680615, 0.06291455878033061, -0.1502004141580499, 0.4389300808188288, 0.0709704992466876, 0.7229766834722019, 0.4202912709318781, 0.0069073801252535205]], "inverted": true, "swapped": true, "error_lsq": 0.04996542085286462, "error_max": 0.2126660363240025, "target": "335.xyz", "model": "4.xyz", "model_rescale": 3.7855080009869324, "target_rescale": 3.9579251275733163},
{"mapping": [10, 9, 15, 7, 14, 2, 6, 8, 12, 3, 5, 4, 1, 16], "R": [[0.6280009287996765, -0.776609391291708, 0.04992681428117024], [-0.46642275650530673, -0.32426200132387495, 0.8229847913001958], [-0.6229483490954406, -0.5401222156650827, -0.5658651310200221]], "T": [0.04407190137345908, 0.07470392183922246, 0.03309895794820556], "aligned_model": [[-0.25420393988570905, 0.42322016129901424, 0.2533710233160628, -0.6932743389554475, 0.6853639621478991, 0.6315210425165043, -0.42160191283961534, -0.2681307011147184, 0.5189970314277433, 0.22414116432333758, -0.37759373863341594, -0.4421043551939487, 0.20967703711462543, 0.09381278055677858], [-0.5366116178240654, -0.5182190909598523, -0.2262145316791634, -0.05274132554324128, 0.01659505100509237, -0.15576091737281111, 0.5237820372394371, 0.04247438445509742, 0.5620536926573317, -0.5044164206720434, -0.42899282500369773, 0.32106741814204376, 0.48591043236364667, 0.05645909894201239], [-0.22822288874969915, -0.07461787981513684, -0.7051151495924277, 0.0711476460774649, -0.17442272875206097, 0.41725407249955637, -0.05381371714467755, -0.5968222005178634, 0.03435782116967052, 0.3716418574891082, 0.5059529733448764, 0.5330374132653573, 0.6467666886525716, 0.02417015224391292]], "inverted": false, "swapped": false, "error_lsq": 0.043361941100085184, "error_max": 0.2776521111933964, "target": "335.xyz", "model": "5.xyz", "model_rescale": 4.2253639853439635, "target_rescale": 3.9579251275733163},
{"mapping": [5, 6, 11, 10, 12, 7, 1, 8, 9, 3, 2, 4, 0, 13], "R": [[-0.9184227844313346, -0.01326646361013617, -0.39537778134421697], [-0.3355973481752419, -0.5030513248127537, 0.7964381862403882], [-0.2094612349222165, 0.864154711580869, 0.4575616084391758]], "T": [0.004326138982097091, 0.008182978091762664, 0.030657806098006897], "aligned_model": [[-0.27330974656816376, 0.29246535838333043, 0.36674566198218095, -0.7570019655849779, 0.8978496915536598, 0.6972842690155904, -0.43143182903047866, -0.26974558367686896, 0.18375648639779718, 0.20258469175943955, -0.37700862279696845, -0.36546486139075385, 0.399641019407146, 0.016830646628177924], [-0.4376652323418861, -0.5625430234011503, -0.3566161970934079, -0.0688843692042449, -0.013946841511405236, -0.13720524716233137, 0.5730641132628461, 0.2835674105993515, 0.5513934870555599, -0.3162659182364879, -0.4965995541796499, 0.06339637471357223, 0.5267131635441463, -0.02302278029512513], [-0.32272435921105375, 0.10112474576384431, -0.5534033550365095, -0.12084340038630065, -0.2385441562894482, 0.38851603222234926, 0.2030819296992188, -0.5977632158052322, -0.18223540859648935, 0.6293529978444882, 0.254152787271626, 0.6315882588820665, 0.49747173199980094, 0.08153947181229206]], "inverted": true, "swapped": false, "error_lsq": 0.04421457516023919, "error_max": 0.21263419647069728, "target": "335.xyz", "model": "6.xyz", "model_rescale": 3.89814844738969, "target_rescale": 3.9579251275733163},
{"mapping": [0, 1, 2, 10, 7, 5, 9, 3, 11, 12, 8, 6, 13], "R": [[0.20849672836596705, -0.09711586352178003, 0.973189407727554], [-0.8649324000836671, -0.48279253450513593, 0.1371251687751542], [0.45653155153416886, -0.8703331992280463, -0.18465932084592518]], "T": [0.008968293833775745, 0.1154999811638645, -0.01604693382443595], "aligned_model": [[0.19450943348346345, -0.13702704309830877, 0.5488753004828665, -0.3625982370919343, 0.6066139453334491, -0.4058323109057762, -0.5935879038137133, 0.3531322471983157, -0.5093480228092043, -0.6654768479372479, 0.0366351342763988, 0.12959165948486578, -0.046855553698952106], [-0.2984517927764573, 0.21237000406232742, 0.3026961783348225, -0.5434104476232601, 0.03762548085280999, 0.5952792387576071, -0.06686240394754214, -0.5486437614106221, -0.1255548485397573, 0.5669159698947367, 0.6968814561671043, 0.002380904811655926, 0.13255528688706048], [-0.32827010995820954, -0.7748297997012152, -0.5693386046651485, -0.15329993756845112, 0.06351884666475092, -0.31971609970880904, -0.3648203169416058, 0.23352247777114, 0.4029289154410763, 0.3024269977124242, 0.31821349417928063, 0.7545807549426924, 0.03735841266837064]], "inverted": true, "swapped": true, "error_lsq": 0.041392010247694046, "error_max": 0.27505113457891855, "target": "335.xyz", "model": "7.xyz", "model_rescale": 3.7474275329858107, "target_rescale": 3.9579251275733163},
{"mapping": [8, 3, 2, 9, 1, 0, 11, 4, 12, 6, 5, 7, 10, 14], "R": [[0.17134319005332876, -0.35818508620945844, 0.9177935253854606], [-0.13565118698211298, -0.9312746916781686, -0.33812158184605123], [0.9758279903203704, -0.06656495066365564, -0.2081558085916711]], "T": [0.06793789015490723, 0.07667747726583243, -0.004433362848932379], "aligned_model": [[-0.2976506803291472, 0.23070314983204196, 0.37912766394905384, -0.6851196607881502, 0.7659387922913292, 0.6169001810627156, -0.33001021445605716, -0.17644846111179677, 0.22021517778218427, 0.1928987033449191, -0.31057093840011785, -0.3081145320654525, 0.2031921397435933, 0.08213389522399503], [-0.38797329299963346, -0.6131170035670961, -0.36119651670659003, 0.04440382074194579, 0.06277473404596548, -0.10827856090545163, 0.5149269940848464, -0.01903566930914853, 0.6718524732895615, -0.3359400301065264, -0.4492444077063863, 0.062112104498301374, 0.42171437364951114, 0.08238636674048705], [-0.34451419835669694, 0.10431212643351022, -0.6525203831929854, 0.10603462414558638, -0.28264780244105003, 0.3096445012742733, 0.1854471854816132, -0.7415494668195274, -0.06118695815697493, 0.6891585100665863, 0.3007857414598553, 0.5632373670485677, 0.6573212652349082, -0.06220845200701336]], "inverted": true, "swapped": false, "error_lsq": 0.05055857647867394, "error_max": 0.33319884508729786, "target": "335.xyz", "model": "8.xyz", "model_rescale": 4.019505241142653, "target_rescale": 3.9579251275733163},
{"mapping": [7, 8, 6, 3, 0, 10, 11, 2, 1, 5, 12, 9, 13], "R": [[0.60342722455233, 0.6847900868766814, -0.4085806182193411], [-0.10511512107333662, -0.4395996789514101, -0.8920218234928756], [-0.7904596106005731, 0.5812182543427591, -0.1932846212918817]], "T": [-0.04174397386519703, -0.12039473455700528, -0.013400047527076887], "aligned_model": [[-0.19268295984199535, -0.6612403806736845, -0.1686302213123081, 0.38407460500864604, 0.3480996042742099, 0.7162602680603105, 0.24994907205446082, -0.25889168609964747, 0.10558659618925452, -0.2629004709609857, -0.30175306540609975, 0.413270705623283, -0.05144129517426731], [-0.6011507717288765, 0.1282022610801966, 0.14173913376460207, -0.40749772679351354, -0.5083684117709505, 0.006756698439365938, 0.4844065808033506, -0.8202978964411736, -0.3580540749280986, 0.16620778243100126, 0.6917380948818586, 0.1830389845648117, -0.04334242618851572], [-0.3534978734758957, -0.0835687227160663, -0.7457924776885853, -0.6117904205572765, 0.014227976985347376, 0.004630743228175228, -0.24018305656884983, 0.2958831562549016, 0.7134160353661455, 0.5894361168383927, 0.1680216404615737, 0.4544273812838202, -0.028507005367803803]], "inverted": true, "swapped": true, "error_lsq": 0.04051668903282243, "error_max": 0.2700512113797276, "target": "335.xyz", "model": "9.xyz", "model_rescale": 3.877068213659057, "target_rescale": 3.9579251275733163},
{"mapping": [4, 3, 5, 7, 12, 6, 8, 1, 11, 13, 2, 9, 10, 15], "R": [[0.9799212349820446, 0.14188978599344798, 0.14007734242909553], [-0.04996795926052106, 0.8548902215957043, -0.5163970488561943], [-0.19302221705960032, 0.49902905491642596, 0.844815024766141]], "T": [0.07737222899163607, -0.04079031309090382, 0.11853967815887989], "aligned_model": [[-0.2527127073601546, 0.3741490065513243, 0.28832159331873164, -0.6737434454088287, 0.710800961460408, 0.6381596431848505, -0.4434289924176781, -0.2589360325536395, 0.28213929730354625, 0.1295250222349341, -0.4603329488107809, -0.2587401969148634, 0.410970516221278, 0.09702349926998287], [-0.5761045040985368, -0.5447955961182084, -0.1884975936600483, -0.12672549739541544, 0.18463969990499568, -0.19838584062626508, 0.5149805150490244, -0.009510876323668996, 0.6674221316865545, -0.5960721585611156, -0.23253425090012414, 0.31433667797567394, 0.3584985885637905, 0.01813409025313005], [-0.1316069417352309, -0.12776006140671328, -0.6194836054842529, -0.18923776933409853, -0.20725867333664805, 0.3209889333024523, -0.0047802722762492755, -0.680725584601459, 0.0844683256617309, 0.6538719620833496, 0.4568631358548988, 0.5618889324346708, 0.6007132311796933, 0.053372447828509084]], "inverted": false, "swapped": false, "error_lsq": 0.039537557043518246, "error_max": 0.24492659647947693, "target": "335.xyz", "model": "10.xyz", "model_rescale": 4.260839863003843, "target_rescale": 3.9579251275733163},
{"mapping": [3, 7, 8, 6, 12, 11, 10, 0, 4, 5, 9, 13], "R": [[0.15513025175255105, 0.8171599721061563, 0.5551433913671822], [0.18711142872942138, 0.5274703043458244, -0.8287124901147312], [-0.9700123289061975, 0.2324320503303915, -0.07107336877611449]], "T": [0.09826811996724528, -0.06327595190620847, -0.023632748537253292], "aligned_model": [[0.38319473797024484, 0.3691886430854677, -0.39952160881992865, -0.3635336963784842, -0.6752881941241589, -0.35954780795856495, 0.31516335345985086, 0.6090762816977238, 0.012004453389325584, -0.0978712079452728, 0.14269354211445556, 0.0233401526034714], [-0.04802075639833486, -0.5288431979982318, -0.46788315637907285, -0.2720812034184724, 0.17932351567564084, 0.39642945359642445, 0.6205210180768559, 0.07315397003544646, -0.43376351903280896, 0.08897332080829126, 0.6036656588396834, -0.038396598272487696], [-0.7587550037872942, -0.3054566039853986, 0.17384713213137004, -0.6272488565322478, 0.297045308815095, -0.308896685232088, -0.30011274534628457, -0.17766779544031663, 0.6747380120629805, 0.6342518637028747, 0.243178333167826, -0.028744882161011252]], "inverted": true, "swapped": true, "error_lsq": 0.04350226130347886, "error_max": 0.29061732084056696, "target": "335.xyz", "model": "11.xyz", "model_rescale": 3.890672605050136, "target_rescale": 3.9579251275733163},
{"mapping": [0, 8, 3, 2, 7, 5, 10, 4, 12, 6, 1, 11, 9, 13], "R": [[-0.38536210451110764, -0.7677088186240928, 0.5119757984647026], [-0.13267673516793183, 0.5951602322576787, 0.7925788174586579], [-0.9131773827422296, 0.23750256366150163, -0.3312092992388132]], "T": [0.021694892159180152, -0.09196359411666043, 0.16721274640139275], "aligned_model": [[-0.14701941992003015, 0.527871609755451, 0.2297802984949573, -0.6118946112485929, 0.6326930357453235, 0.7427065277207208, -0.32840758294316474, -0.28552539663014453, 0.2959491354054402, 0.03593852677412375, -0.5295084998618284, -0.36939757224204156, 0.3135548959786601, 0.07645426905023596], [-0.5611199281593828, -0.5925568212267663, -0.4776223023147064, 0.1791739698062717, 0.14442890416861903, 0.18175683835289558, 0.71612687486993, 0.05702560931724206, 0.5632888348609756, -0.4368488377970251, -0.6379271945924709, 0.15221874669375218, 0.30909902294646824, -0.011658331176015904], [-0.14920842051771196, 0.05593562668180374, -0.6458253710710441, -0.007752668089921144, -0.37846483749328386, 0.2681658447620221, 0.012427232535249383, -0.444730841882263, -0.057645011137461094, 0.6286340631023539, 0.22549531643963147, 0.46751897780556917, 0.7670351629434627, 0.029728986092244614]], "inverted": false, "swapped": false, "error_lsq": 0.05130476232665798, "error_max": 0.34666767283560146, "target": "335.xyz", "model": "12.xyz", "model_rescale": 4.124412569039231, "target_rescale": 3.9579251275733163},
{"mapping": [11, 10, 1, 6, 9, 12, 3, 8, 0, 7, 4, 2, 13], "R": [[-0.9188897087358184, 0.39354625048896563, -0.027623394170144054], [0.3317764406878322, 0.808751133256808, 0.48563978199931496], [0.21346216663361256, 0.43708460643438946, -0.8737224675113824]], "T": [0.09781526833613986, 0.09923080846355857, -0.04903647551527142], "aligned_model": [[-0.2311405718080325, -0.09891643646751459, 0.7678443655796279, -0.5844321993972462, 0.4068791664252166, 0.3011744224218638, -0.5785736277884513, 0.18710946481049925, 0.03773609716700978, -0.16261953748938096, 0.7497393620447558, 0.49052663383159467, 0.08197116817981534], [-0.26265846923372504, 0.41771365219172796, 0.45963747048295955, -0.2706095400987748, 0.1554337391418658, -0.6934354024457596, 0.5040968129090929, -0.45770437282114174, 0.6385138063000213, 0.3725702072464687, -0.1349976047850161, 0.5902639006929437, 0.028661176927814724], [0.46391986104011723, 0.6224755062700276, 0.11714993821807217, -0.18676615937831348, 0.5984923818177983, 0.25163547485781335, -0.028981340407705877, -0.4128354001833145, 0.04492755378346423, -0.5255181236064013, -0.43962091363007577, -0.5362099054476728, -0.01697079236597053]], "inverted": true, "swapped": true, "error_lsq": 0.050063237168416944, "error_max": 0.2894721409186956, "target": "335.xyz", "model": "13.xyz", "model_rescale": 3.9028299243045295, "target_rescale": 3.9579251275733163},
{"mapping": [10, 13, 14, 7, 12, 12, 6, 9, 1, 5, 4, 3, 2, 15], "R": [[-0.7667225683004695, -0.5240879779914202, 0.37076717031527584], [0.5992599863681863, -0.37711868100643064, 0.7061649730579755], [-0.23026934662853668, 0.7636185512157461, 0.6032103582022048]], "T": [0.05841435715873509, 0.015879638756021563, 0.1938219539953657], "aligned_model": [[-0.26126605208956855, 0.47619149975242503, 0.20288689947076496, -0.7462687629080191, 0.7383076724420999, 0.7383076724420999, -0.2670402492710663, -0.2803933160427404, 0.2920994438254196, 0.2407552624925489, -0.3762323858806861, -0.4444241509221184, 0.2854212337232027, -0.015149550955251466], [-0.5663923882201002, -0.6064589251483523, -0.30542396717006326, -0.11128484691284461, -0.06609437021780339, -0.06609437021780339, 0.5683753469430174, 0.2016961682105683, 0.5873878804111456, -0.4273637638416979, -0.4105441967415895, 0.23695425028202827, 0.5197878831683055, 0.030840685204977323], [-0.1439891242612982, -0.07227637895493114, -0.6179306746543645, -0.2023373898315554, 0.07026779321297698, 0.07026779321297698, 0.01151437368722244, -0.4781356595673739, -0.008584482988883146, 0.37379115677960273, 0.49149324110152637, 0.4887268474233959, 0.6803341622302249, 0.1081724027811328]], "inverted": true, "swapped": false, "error_lsq": 0.04430508963457486, "error_max": 0.3279338212576758, "target": "335.xyz", "model": "14.xyz", "model_rescale": 3.942246331269136, "target_rescale": 3.9579251275733163},
{"mapping": [6, 9, 7, 11, 2, 5, 13, 8, 1, 10, 10, 4, 3, 14], "R": [[0.0690626718883394, 0.06170827010746746, 0.9957019818961835], [0.4916319962416019, 0.8663662156244588, -0.08779271436771718], [-0.8680600944768405, 0.4955821524479044, 0.02949580566726408]], "T": [0.03169156857849622, 0.054883250780837986, 0.04589787519003827], "aligned_model": [[-0.17862984123022635, 0.34783011129462355, 0.31374593634690273, -0.6605613036419613, 0.7133229459795452, 0.6351347528930997, -0.5866273501026734, -0.2705430822577371, 0.5546171874001409, -0.17885589530133592, -0.17885589530133592, -0.2794920532134825, 0.26106728814516356, 0.0910424150683874], [-0.36786247145964784, -0.6855345643597915, -0.3897474067966685, -0.10909943073712865, -0.04236275070447178, 0.07220322150576239, 0.5747311213655552, 0.09541312633130203, 0.6694007437037495, -0.4602345910769723, -0.4602345910769723, 0.10826760228676766, 0.47148842291236126, 0.10895695385594226], [-0.25383592043845316, 0.04633026860067557, -0.6276957857762728, -0.04358209866587068, -0.28360144070751314, 0.24169343210452374, 0.13738422802367484, -0.6653351887978188, 0.12045311546433475, 0.49235491735275816, 0.49235491735275816, 0.5398400190341558, 0.5847622740207498, -0.009808677397049236]], "inverted": true, "swapped": false, "error_lsq": 0.04863189805848284, "error_max": 0.31098849675770246, "target": "335.xyz", "model": "15.xyz", "model_rescale": 4.355366556412066, "target_rescale": 3.9579251275733163},
{"mapping": [2, 0, 1, 8, 4, 7, 12, 6, 9, 3, 11, 13], "R": [[-0.5158900622252245, -0.6530531080323805, 0.5544177863186772], [-0.2801563273070282, 0.7402175272163933, 0.6112204550499643], [-0.8095491806969428, 0.15999890778032275, -0.5648278264586585]], "T": [-0.013208074078533236, -0.0015745731511857908, -0.01953940710054147], "aligned_model": [[-0.30994674594737537, 0.31352646200780604, 0.15286980658237498, -0.590874222612738, -0.5891543468155506, -0.2624062605087759, -0.13055056778796453, -0.15583729604349678, 0.5184231602342428, 0.31500492922826734, 0.34889863602337906, -0.012144999728388409], [-0.7361969841181166, -0.37701600131845964, -0.6022539059164164, 0.2995581472375249, -0.2659052176541158, -0.21121864555397044, 0.607682123652161, 0.6208659880373362, -0.036029282778371564, 0.038670307544828746, 0.6024655960578171, 0.07215430255076268], [0.050814974485870135, 0.21615780185634886, -0.4865001699429229, -0.1811587525242892, -0.49999687465121423, 0.49380755428743917, -0.6320059823348789, 0.44245367650496703, -0.5034340105892532, 0.6963357236580363, -0.09900135881753647, -0.04821412072314549]], "inverted": false, "swapped": true, "error_lsq": 0.044267594089572836, "error_max": 0.23883135491143112, "target": "335.xyz", "model": "16.xyz", "model_rescale": 3.795458400668931, "target_rescale": 3.9579251275733163},
{"mapping": [0, 1, 2, 10, 7, 5, 9, 3, 11, 12, 8, 6, 13], "R": [[0.20849672836596705, -0.09711586352178003, 0.973189407727554], [-0.8649324000836671, -0.48279253450513593, 0.1371251687751542], [0.45653155153416886, -0.8703331992280463, -0.18465932084592518]], "T": [0.008968293833775745, 0.1154999811638645, -0.01604693382443595], "aligned_model": [[0.19450943348346345, -0.13702704309830877, 0.5488753004828665, -0.3625982370919343, 0.6066139453334491, -0.4058323109057762, -0.5935879038137133, 0.3531322471983157, -0.5093480228092043, -0.6654768479372479, 0.0366351342763988, 0.12959165948486578, -0.046855553698952106], [-0.2984517927764573, 0.21237000406232742, 0.3026961783348225, -0.5434104476232601, 0.03762548085280999, 0.5952792387576071, -0.06686240394754214, -0.5486437614106221, -0.1255548485397573, 0.5669159698947367, 0.6968814561671043, 0.002380904811655926, 0.13255528688706048], [-0.32827010995820954, -0.7748297997012152, -0.5693386046651485, -0.15329993756845112, 0.06351884666475092, -0.31971609970880904, -0.3648203169416058, 0.23352247777114, 0.4029289154410763, 0.3024269977124242, 0.31821349417928063, 0.7545807549426924, 0.03735841266837064]], "inverted": true, "swapped": true, "error_lsq": 0.041392010247694046, "error_max": 0.27505113457891855, "target": "335.xyz", "model": "17.xyz", "model_rescale": 3.7474275329858107, "target_rescale": 3.9579251275733163},
{"mapping": [1, 0, 2, 11, 6, 4, 12, 7, 9, 8, 3, 10, 5, 13], "R": [[0.6921868824695158, -0.6536606541616422, 0.30594945487466874], [-0.16347376729804763, 0.2709003421058228, 0.9486249691275959], [-0.7029606298666496, -0.7066404700043172, 0.08065729359184493]], "T": [-0.01581454416997259, -0.03440290429832945, 0.04176979572968098], "aligned_model": [[-0.2876485217202004, 0.500576157380156, 0.30000385443021443, -0.7360954755994901, 0.6988659812626857, 0.7283155994371198, -0.22701882077405366, -0.36652876761552955, 0.3723046713626822, 0.1697718801200953, -0.39547909410812604, -0.37771606950871356, 0.14580732315185896, 0.05803649826041106], [-0.5666512275630934, -0.6896603280920693, -0.2499262463298996, -0.03588256402749301, 0.06729972155328381, 0.01564061575880355, 0.682966182657606, 0.2728090228198877, 0.47275543321573626, -0.35738232565032946, -0.5120973946700392, 0.12562410114185135, 0.44589458718277025, -0.08600419224722816], [-0.3065639922391957, -0.01409381225106425, -0.5562612669709439, -0.012358313716031792, -0.23005208330605464, 0.4064502003255201, 0.045126868510268626, -0.5498716897542126, -0.15792512428673022, 0.6566652532840965, 0.33884215172735044, 0.6073297076318575, 0.5579215450734771, -0.013895383857684504]], "inverted": false, "swapped": false, "error_lsq": 0.045491973542280906, "error_max": 0.2586326752546672, "target": "335.xyz", "model": "18.xyz", "model_rescale": 3.922800546911778, "target_rescale": 3.9579251275733163},
{"mapping": [2, 9, 10, 1, 11, 7, 8, 6, 13, 3, 0, 5, 12, 14], "R": [[-0.6618356242912932, -0.23220162211721077, -0.7127804803058867], [0.5418959770426249, 0.5088156407124699, -0.6689210669663335], [0.5179984135921397, -0.8289686667495311, -0.2109231923320235]], "T": [-0.003017344735273951, 0.06404339882211732, 0.010311371403602929], "aligned_model": [[-0.08053556859687064, 0.42362076116543607, 0.19358728813074463, -0.6922725266417173, 0.641814344294281, 0.7040700806294957, -0.27315646381193726, -0.3448441909662868, 0.463765551629701, 0.13621564902528335, -0.4102674586359605, -0.47681174395057807, 0.21910647583969364, 0.07890301796782617], [-0.6247875797143952, -0.623160825431333, -0.2729044777827424, -0.14810087358482776, 0.05869346334298983, -0.08062967811423513, 0.6122144058019847, 0.2207105380673692, 0.567915826283056, -0.29444515246827363, -0.44303110563521186, 0.2329084514301241, 0.34890703627040864, 0.03109535728487306], [-0.17033128902178046, -0.08174006354801482, -0.6956726185355461, -0.15673690256499995, -0.29202467306093893, 0.352814061552812, -0.02008694224668612, -0.5679425404634765, 0.0039827597129181574, 0.5214369681284146, 0.535159375433446, 0.5843646628893494, 0.7089727779228276, 0.04911848397232768]], "inverted": true, "swapped": false, "error_lsq": 0.04156306236608696, "error_max": 0.2441163686849625, "target": "335.xyz", "model": "19.xyz", "model_rescale": 3.9282355846067225, "target_rescale": 3.9579251275733163},
{"mapping": [5, 6, 3, 2, 4, 8, 10, 1, 11, 7, 7, 12, 9, 13], "R": [[-0.7067425893264855, 0.7073839394300723, -0.011084884685332475], [-0.38331744390163525, -0.36970668390575534, 0.8463951234950063], [0.594628160813808, 0.602432510835697, 0.5324400625942664]], "T": [0.12361794823464772, -0.048749209940786235, 0.049353602420861564], "aligned_model": [[-0.15393353837934648, 0.34104503997100877, 0.3078324488392722, -0.6802379368326543, 0.6663799016431844, 0.8062391507434499, -0.4552773549106059, -0.26594745839159745, 0.3510920398758793, -0.234006986386739, -0.234006986386739, -0.2164740928748224, 0.3139950147969699, 0.036495974371850454], [-0.5839697392928972, -0.6642671732604847, -0.24488824489121852, -0.1180841879913195, 0.1140734698112299, -0.05137300468350855, 0.5887799108915575, 0.025478153359186857, 0.6267501732291836, -0.360097867670661, -0.360097867670661, 0.24645113072920377, 0.3408845192825209, 0.025746113907654695], [-0.30305852774352443, 0.022761297765140465, -0.6534618540663013, -0.11715341611371735, -0.23040715578216797, 0.38497688634909427, 0.07526107390245129, -0.586437156244499, -0.02357987613968371, 0.45341324634298974, 0.45341324634298974, 0.7704558890001527, 0.5882106844161237, -0.06308027785839566]], "inverted": false, "swapped": false, "error_lsq": 0.0457134678030216, "error_max": 0.38376854934697074, "target": "335.xyz", "model": "20.xyz", "model_rescale": 4.067790424073018, "target_rescale": 3.9579251275733163},
{"mapping": [5, 6, 4, 1, 2, 3, 7, 8, 0, 11, 13, 9, 12, 14], "R": [[-0.06589143049311283, -0.9531175209438602, -0.2953393144459465], [0.6717601611606562, 0.1764890977947202, -0.7194371996477626], [0.7378323693529448, -0.24580193170403714, 0.6286372603541597]], "T": [0.041016880825991524, -0.07332627847496866, 0.06074725119834597], "aligned_model": [[-0.2883490510190008, 0.5128035023885078, 0.23107283494163383, -0.7684509755222321, 0.6855776139283375, 0.8078185287795049, -0.3377070154949826, -0.2050529321887058, 0.3380770258671962, 0.22080600871912098, -0.3564976535323834, -0.4308362376327909, 0.17353092162087727, 0.00040264522402774783], [-0.40417214880705965, -0.6320202042315959, -0.31381309390069617, 0.058019448036588414, 0.028607712790596915, 0.021151742912131413, 0.5500365644233274, 0.1176029648948735, 0.5433552761724468, -0.35722183561494747, -0.5882326518133251, 0.3543369503482138, 0.27973064016054655, -0.07199597962131378], [-0.30053548279535997, -0.05254610135442714, -0.6798723006957851, 0.0321957022914697, -0.2968458895442724, 0.41688507960383087, -0.09625890682738393, -0.4169174511548685, -0.12877097986849328, 0.6131161823546493, 0.3195466459939736, 0.5062903992571426, 0.7276840608688678, 0.12734310204130905]], "inverted": false, "swapped": false, "error_lsq": 0.04757394530612029, "error_max": 0.2701981982065285, "target": "335.xyz", "model": "21.xyz", "model_rescale": 4.186013935880536, "target_rescale": 3.9579251275733163},
{"mapping": [8, 8, 6, 9, 1, 11, 5, 4, 3, 7, 2, 0, 13], "R": [[-0.7185076161514626, -0.1241839907919311, 0.6843428541040903], [-0.6953857758567686, 0.1090000982867021, -0.7103221813441909], [0.013617204868203392, -0.9862541837703298, -0.1646731815660903]], "T": [0.0787710676184103, -0.0060439046971890835, 0.017873134357208886], "aligned_model": [[-0.2708057274540063, -0.2708057274540063, 0.36962442528187317, 0.4176645425195264, -0.18198040884731415, 0.6845460129562577, -0.17922654998115478, -0.6236263583961832, 0.4982768439161404, -0.14900749218650902, -0.5431698394130564, 0.19355177152129044, 0.11353254296036726], [-0.15108763127687913, -0.15108763127687913, 0.36384475630052515, -0.5320562310485312, -0.3867530820002005, -0.21835826186299165, -0.6592872235717772, -0.3745233576131394, 0.6553983270115572, 0.5575981826937412, 0.21110332331446396, 0.2501674503397936, -0.04600196146358991], [-0.5364357046423347, -0.5364357046423347, -0.6144239945873622, 0.3734503113438835, 0.6451841155528593, -0.2825587657994578, 0.05212274277940306, -0.03944113555036707, 0.10914036048745396, 0.0179046749771581, 0.46364241841959103, 0.491630486730318, -0.04090024373346465]], "inverted": false, "swapped": true, "error_lsq": 0.04953056883853638, "error_max": 0.3587039883366577, "target": "335.xyz", "model": "22.xyz", "model_rescale": 4.166573947596378, "target_rescale": 3.9579251275733163},
{"mapping": [7, 8, 0, 13, 4, 3, 6, 5, 2, 9, 14, 12, 11, 15], "R": [[-0.028851067081310744, -0.8916220168612037, -0.45186037110663835], [0.4598435696889071, 0.3895352594818218, -0.7980013615503379], [0.8875311303520755, -0.23080827686369698, 0.39876814314483294]], "T": [0.05537451862109901, -0.04140320318321665, 0.10711761831395798], "aligned_model": [[-0.1681565278661535, 0.575538978348161, 0.27422502713894, -0.7329846684155537, 0.6958734228188632, 0.6047216816812429, -0.23446393177919408, -0.47120054939475964, 0.3791845870478889, 0.20082021628280722, -0.5608730126455699, -0.28819895705650234, 0.26630252565746637, 0.0424064242614737], [-0.4715625950821457, -0.6398201355279219, -0.16213429499062237, -0.272555005146974, -0.013036602913802195, 0.05418089865499735, 0.6429032392868371, 0.028922629162392535, 0.5411922360284637, -0.39890108700735194, -0.28218014288447363, 0.3062442393924235, 0.26044354344697535, -0.008311536669010619], [-0.41860704010304367, -0.052272626497925204, -0.6702395847982847, -0.09750832226924379, -0.2517834865536811, 0.3318575256059606, -0.05666882016737505, -0.5322844119067291, 0.014711812304387159, 0.5669980140420843, 0.5409876550024564, 0.5435576230232496, 0.8046068618316186, 0.04795886065717897]], "inverted": false, "swapped": false, "error_lsq": 0.05061640864049653, "error_max": 0.25965270500527043, "target": "335.xyz", "model": "23.xyz", "model_rescale": 4.274766983524099, "target_rescale": 3.9579251275733163},
{"mapping": [7, 8, 1, 0, 9, 10, 3, 11, 6, 12, 13], "R": [[0.05412552357550199, -0.9614066271672963, 0.26975493496223796], [-0.9231881125638406, -0.15112902320499194, -0.35338891771802705], [0.3805182472871587, -0.22990718906530183, -0.8957391070493687]], "T": [-0.01940692159561628, 0.1351661478530975, -0.11209251802463943], "aligned_model": [[0.22923165408667556, 0.526193326274717, -0.6448609170915599, -0.39276687416016276, -0.6065833329693061, -0.566603463283496, 0.007778606424707325, 0.02081846572526596, 0.5989623391801029, 0.19653415549081232, 0.0111907442803185], [-0.25860420144489277, 0.5241091515229863, 0.4615385919176892, -0.2321679716890222, 0.3778075772635585, -0.18242694125434838, -0.6470536311377597, 0.11305978408689552, -0.19400347894828202, 0.7869994743464748, 0.16632817658018442], [-0.502860027774924, -0.1513814055925462, -0.4418472823024366, -0.2821892193657321, 0.22602267278742766, 0.3246838568187901, -0.016104012346784602, 0.5951508800961678, 0.24912731890222511, 0.4250862742859684, -0.046122621486578086]], "inverted": true, "swapped": true, "error_lsq": 0.05150945224566727, "error_max": 0.36583999314615745, "target": "335.xyz", "model": "24.xyz", "model_rescale": 3.7841303162186577, "target_rescale": 3.9579251275733163},
{"mapping": [9, 2, 8, 10, 4, 5, 11, 0, 6, 12, 14, 13, 3, 15], "R": [[-0.1478933671474796, -0.9776426025279961, 0.1494740568662938], [0.988427804746421, -0.14095422772581587, 0.056056939716598926], [-0.03373465218365761, 0.15603476346156356, 0.9871753267953682]], "T": [-0.022687451137351655, -0.001298614439774002, -0.0993486679985226], "aligned_model": [[-0.16662297070242812, 0.48593796933083105, 0.1879005908764947, -0.7838958621231815, 0.7064882402092667, 0.6478740469893023, -0.3859818933404841, -0.1495189202007983, 0.2680223308032282, 0.10405145198152327, -0.5039782853183372, -0.22176118683426682, 0.38812078414910106, 0.006558920258859277], [-0.5562480271507081, -0.5571080736007312, -0.32955543254618574, -0.09679399095214239, 0.15606725891905704, -0.21088076640981396, 0.5887082382317509, 0.1426886767022276, 0.6597999375235285, -0.3946238024595587, -0.4161597748699065, 0.13850489390042015, 0.4014133771430648, 0.059572871318784734], [0.016644538981216775, -0.06515722626246045, -0.5435985093786764, -0.22856744908853277, -0.11494148395809436, 0.4257811676130414, 0.23131223266504658, -0.8096383186315512, -0.07783170912617329, 0.536579357279151, 0.37557060178371804, 0.6441731030899163, 0.46462077557919945, -0.08363302037514875]], "inverted": false, "swapped": false, "error_lsq": 0.04304385315365184, "error_max": 0.2705884281242754, "target": "335.xyz", "model": "25.xyz", "model_rescale": 4.19342608120988, "target_rescale": 3.9579251275733163},
{"mapping": [2, 0, 1, 8, 4, 7, 12, 6, 9, 3, 11, 13], "R": [[-0.5158900622252245, -0.6530531080323805, 0.5544177863186772], [-0.2801563273070282, 0.7402175272163933, 0.6112204550499643], [-0.8095491806969428, 0.15999890778032275, -0.5648278264586585]], "T": [-0.013208074078533236, -0.0015745731511857908, -0.01953940710054147], "aligned_model": [[-0.30994674594737537, 0.31352646200780604, 0.15286980658237498, -0.590874222612738, -0.5891543468155506, -0.2624062605087759, -0.13055056778796453, -0.15583729604349678, 0.5184231602342428, 0.31500492922826734, 0.34889863602337906, -0.012144999728388409], [-0.7361969841181166, -0.37701600131845964, -0.6022539059164164, 0.2995581472375249, -0.2659052176541158, -0.21121864555397044, 0.607682123652161, 0.6208659880373362, -0.036029282778371564, 0.038670307544828746, 0.6024655960578171, 0.07215430255076268], [0.050814974485870135, 0.21615780185634886, -0.4865001699429229, -0.1811587525242892, -0.49999687465121423, 0.49380755428743917, -0.6320059823348789, 0.44245367650496703, -0.5034340105892532, 0.6963357236580363, -0.09900135881753647, -0.04821412072314549]], "inverted": false, "swapped": true, "error_lsq": 0.044267594089572836, "error_max": 0.23883135491143112, "target": "335.xyz", "model": "26.xyz", "model_rescale": 3.795458400668931, "target_rescale": 3.9579251275733163},
{"mapping": [1, 7, 4, 5, 12, 10, 0, 9, 3, 8, 11, 6, 13], "R": [[-0.39176867347919947, -0.45130497722962554, 0.8017737361675772], [0.19830794725953477, -0.8923697591493873, -0.40540124692626955], [0.898438236349087, 0.00017459505088204819, 0.43909988041732634]], "T": [-0.018005559739851018, -0.10247396100109044, 0.01310390308556083], "aligned_model": [[-0.11179991683632301, 0.3790248019628987, 0.49451506926213956, -0.026107126112954238, -0.19679854006191344, -0.7421918557114959, -0.17679814342169767, -0.609911561014969, -0.18882296918615452, 0.41215210119081197, -0.5359229146912012, 0.04689934850822765, -0.04456191106611236], [-0.7586434040028931, -0.20266890716883343, -0.24570789555316108, -0.18025445960411268, 0.46926095721531136, -0.2669733512781014, -0.530384419732347, -0.3075926968707924, -0.09439005662119733, 0.32348015122734153, 0.38126013350984767, 0.5683059542580142, -0.03381050212216152], [-0.3956676198193546, 0.46244045916423737, -0.5778536433324027, -0.6857145273223522, -0.6203237113176878, 0.2119937882751155, 0.3212312339764686, -0.3412214748478188, 0.782893934146335, -0.276770877267262, 0.00517064792609636, 0.4218270546694125, -0.015868602151361155]], "inverted": true, "swapped": true, "error_lsq": 0.05347050623041895, "error_max": 0.2933503279396882, "target": "335.xyz", "model": "27.xyz", "model_rescale": 3.6321398670334006, "target_rescale": 3.9579251275733163},
