[{"mapping": [4, 9, 11, 6, 5, 3, 8, 0, 1, 2, 12, 13], "R": [[-0.2690373792242571, -0.6704695558131447, -0.6914401371831607], [0.894855970584351, 0.09147038345924137, -0.4368820903394399], [0.3561624355398565, -0.736276947674952, 0.5753647328719181]], "T": [-0.003937447071452271, 0.20398431133541595, -0.024850678149998615], "aligned_model": [[-0.39212112070521554, -0.499125845046383, -0.4503857921227261, 0.14746402831720695, 0.2793430566062326, 0.4228649709625468, -0.48682104277040833, 0.22198302187913446, 0.41305376775162395, 0.180868581076978, -0.14636842867187638, -0.16360887562315443], [-0.6596783248649944, 0.12439748404039175, 0.5121595889189572, -0.37903476664934377, 0.46434500271191087, -0.09199274959400061, -0.08131491809243241, 0.1485460347880641, 0.5567877625074251, -0.4503773844672414, 0.6483441324020531, 0.17453137215888626], [-0.1544829000959094, 0.5091882335374927, -0.46391071314585974, -0.4957143868211926, -0.6762842718981783, -0.08348156729256796, -0.5689158528445597, 0.7108795535132334, 0.16140765058852138, 0.3341977147387257, 0.31775342701450693, -0.03817064562449132]], "inverted": false, "swapped": false, "error_lsq": 0.053486114562658484, "error_max": 0.3005825199888939, "target": "336.xyz", "model": "0.xyz", "model_rescale": 3.8414455957264533, "target_rescale": 3.9974336386925984},
{"mapping": [3, 6, 12, 1, 11, 0, 10, 9, 13, 4, 8, 14], "R": [[0.7879776596517016, -0.2808079014897287, -0.5479398966590787], [-0.48748214321250366, -0.8281552777305949, -0.2766224792310004], [-0.3761015393996295, 0.4850832489665006, -0.7894566952235778]], "T": [-0.04032782137291095, 0.0013234896623146308, 0.11837962790328821], "aligned_model": [[-0.23957213688901013, -0.6591061936196191, -0.2418703364648201, 0.09666504815869643, 0.2537016655746929, 0.6463417157270436, -0.6569375550716329, 0.13748879129178893, 0.41905766145697027, 0.13380868330622153, -0.3005022412823889, -0.061928780533983194], [-0.6373466470186513, 0.03734127489216567, 0.519314535136729, -0.37027792339294663, 0.31662984003812866, -0.1733647802416663, 0.11204622987176988, 0.3504970816707924, 0.6023983760279769, -0.5121590737224069, 0.7455682709115492, -0.02393395031376401], [-0.28878009663548937, 0.5936092765685341, -0.4044544139166985, -0.6508038578018918, -0.61673530756462, -0.03487285881081026, -0.1571457094413754, 0.6769212421969688, 0.06817046753395889, 0.1611507593610913, 0.17045048643871683, 0.034956253741336846]], "inverted": true, "swapped": false, "error_lsq": 0.04989610511991613, "error_max": 0.286952306539389, "target": "336.xyz", "model": "1.xyz", "model_rescale": 4.316132596720782, "target_rescale": 3.9974336386925984},
{"mapping": [7, 5, 1, 10, 8, 6, 9, 4, 2, 3, 0, 11], "R": [[-0.0038478671572684253, 0.22596042589888554, -0.9741288825642807], [0.31388510667393676, -0.9246305393638465, -0.21571857936676134], [-0.9494531761633278, -0.30659460465461, -0.06736775690233432]], "T": [-0.0844817887014354, 0.08216361929329523, -0.07188172848749759], "aligned_model": [[-0.48124235407829774, -0.5197999593107079, -0.24003870154981755, 0.11804894156365743, 0.4164253165101016, 0.6890110709763226, -0.778439267747434, 0.3077973102278936, 0.3233097730628135, 0.032960736910323904, -0.35881508666992185, 0.01792854175902557], [-0.7182926657292913, -0.03936358412556591, 0.47716879696121695, -0.22420373102491536, 0.35167447826239767, -0.18352008251143687, 0.04289018308947164, 0.22877821941822563, 0.8109081080055358, -0.45034994773673115, 0.6030283209014188, 0.06799513834935027], [-0.11996404654132115, 0.3879977242863627, -0.41006839275062573, -0.5840888629034254, -0.5851965292279653, 0.013070785438625637, -0.330400818144101, 0.5753825133103506, -0.013891090705082383, 0.29370487267014894, 0.3247985745663081, 0.001121511670446454]], "inverted": false, "swapped": false, "error_lsq": 0.04579982861820759, "error_max": 0.24094394953644754, "target": "336.xyz", "model": "2.xyz", "model_rescale": 3.795458400668931, "target_rescale": 3.9974336386925984},
{"mapping": [2, 0, 8, 6, 9, 5, 1, 4, 9, 10, 7, 11], "R": [[0.2517113640756576, 0.8226791214156925, 0.5097454780396545], [0.9670710875879323, -0.23427643115755137, -0.09943875178005328], [0.03761516644474294, 0.5179899776933771, -0.8545592327408025]], "T": [-0.09180290967939686, -0.004344753777545646, -0.02903953659894695], "aligned_model": [[-0.3255590944320257, -0.5942910896001123, -0.20722376283802335, -0.08990749384457997, 0.4500339789363954, 0.6081600834954582, -0.6911229312199002, 0.1576967447728726, 0.4500339789363954, 0.19191570326277796, -0.2796761310146215, -0.1429136648006771], [-0.71933880587881, -0.003717781209740992, 0.3690986244978849, -0.19018255852389268, 0.6440462310664132, -0.06659575792207821, -0.016122520724430524, 0.08338536543165834, 0.6440462310664132, -0.5475504613137561, 0.713404887923072, 0.05623977944694353], [-0.17691402041778445, 0.570721399208902, -0.7056346939195589, -0.5882863643474604, -0.2304261292895026, -0.030151389970194422, -0.2212520178432377, 0.5549194362196351, -0.2304261292895026, 0.3752401232535075, 0.15218242994962802, 0.08249359811528996]], "inverted": false, "swapped": false, "error_lsq": 0.057919892791352234, "error_max": 0.34911775885781876, "target": "336.xyz", "model": "3.xyz", "model_rescale": 3.7530521520055578, "target_rescale": 3.9974336386925984},
{"mapping": [5, 7, 8, 10, 4, 1, 3, 9, 0, 6, 11], "R": [[0.34616546987141805, -0.844337053575246, 0.4089797151798273], [0.8287810923510449, 0.07092819601140465, -0.5550595391234863], [0.4396491424193952, 0.5310971012634509, 0.7243234778739749]], "T": [-0.09957134387054775, -0.06345019849210695, 0.020054702199457018], "aligned_model": [[-0.4627291012608715, -0.29798186665839077, 0.2945428804094682, 0.584563421318794, 0.4989960479957791, -0.09845705372571431, -0.1847740312301414, -0.6442435951963618, -0.536149822972336, 0.16969613340183345, 0.014736590363145563], [-0.5419011869901925, 0.03558215933368636, -0.4319000904807453, 0.3053878958499662, -0.7032357515184504, 0.6549822480497394, -0.35349638088749524, 0.07819879650459877, 0.20224005208999354, 0.2577456808489763, -0.036400064485731], [-0.09318582403895687, -0.611073404996445, -0.5733793833691904, -0.3562231056150955, -0.0372581424987691, -0.08205545721731416, 0.6649446227011756, -0.03259434527286695, 0.7051554992102209, 0.5036624562282975, 0.004837862114260821]], "inverted": true, "swapped": true, "error_lsq": 0.046742905262582846, "error_max": 0.2909650233357341, "target": "336.xyz", "model": "4.xyz", "model_rescale": 3.7855080009869324, "target_rescale": 3.9974336386925984},
{"mapping": [5, 10, 14, 0, 12, 6, 3, 8, 13, 7, 15, 16], "R": [[-0.6033552816652371, -0.03292997781471935, 0.796792332196906], [0.7788815346766127, -0.23881590273220155, 0.5799228565438754], [0.17118983330346182, 0.9705063529742224, 0.1697393879163207]], "T": [0.011094605180956112, 0.08481499774210911, -0.14205322896828498], "aligned_model": [[-0.3611794280902821, -0.45985644621908733, -0.2331855927315157, -0.10430850411217901, 0.3240403499142482, 0.587738255380352, -0.6136580007598517, 0.11448936655710606, 0.4725411702986226, 0.11931559854640147, -0.29750642215082607, -0.021284024979029044], [-0.6318761528711194, -0.06321551863120746, 0.6669003811585715, -0.496482767841087, 0.511378957548485, -0.09737144650552727, -0.13103912601584994, 0.2900927807851717, 0.6006030541843326, -0.4843861792151465, 0.6796804040698294, 0.1224288471932235], [-0.08848940345185227, 0.39390978046588065, -0.38536617530206035, -0.6492503439186499, -0.5700408596981728, 0.10364428482475738, -0.3553787643035883, 0.5231387952416529, 0.0721835261603791, 0.3329917253480194, 0.3377578390263797, -0.16263416272302406]], "inverted": false, "swapped": false, "error_lsq": 0.040824067470184675, "error_max": 0.2098858011782726, "target": "336.xyz", "model": "5.xyz", "model_rescale": 4.2253639853439635, "target_rescale": 3.9974336386925984},
{"mapping": [12, 0, 2, 11, 5, 8, 6, 1, 10, 9, 4, 13], "R": [[0.6125374637906615, -0.7819996965791982, 0.11521427864178234], [0.7307854382772505, 0.6158108958188002, 0.2944988689159495], [-0.30124823427670233, -0.096194673141962, 0.9486812352968093]], "T": [-0.09485450456938513, 0.08084234184130504, -0.014601515880995987], "aligned_model": [[-0.4328767915951983, -0.5369241035672413, -0.17596421870178217, 0.02535596350316424, 0.21196591431047432, 0.6181299816084921, -0.47959871260816367, 0.19399711826609914, 0.4525116631015328, 0.10972105590505293, -0.3098878299948736, -0.14928371857359723], [-0.7614374075634761, -0.16005532511206816, 0.6609146330969502, -0.3907624973291456, 0.2630855778781178, -0.1122191022994625, 0.07066451125700149, 0.33517128490838244, 0.6335425230975221, -0.34542685245721294, 0.6661985779226269, 0.10703731046044032], [-0.23288921980746377, 0.6095822976105874, -0.34187657332964905, -0.6218017364425339, -0.5374685161094508, 0.0010598012615918445, -0.5299521482356283, 0.6103683319212455, -0.07312725823200245, 0.37145526949396, 0.32010739951219985, -0.022991405973134874]], "inverted": true, "swapped": false, "error_lsq": 0.05326774276550377, "error_max": 0.34671506235400373, "target": "336.xyz", "model": "6.xyz", "model_rescale": 3.89814844738969, "target_rescale": 3.9974336386925984},
{"mapping": [3, 8, 4, 0, 2, 5, 7, 9, 10, 6, 11, 12], "R": [[0.1708517967993548, -0.7908686390825482, 0.5876533495575005], [-0.5955026168699861, -0.5580481090203271, -0.57789180762478], [0.784975347913188, -0.2512152537855835, -0.5663078663006671]], "T": [-0.0775188324229264, 0.06618002429226835, -0.12188612766262072], "aligned_model": [[-0.48126476805645163, -0.419505579024937, -0.21304424367975938, -0.023546692060327667, 0.39122282413290793, 0.639244006265294, -0.6824450355567393, 0.32538477094734913, 0.3689346273613107, 0.1095836532253261, -0.4908628433000561, 0.0034456014000428248], [-0.6328676424778775, -0.0827213200194831, 0.5685663521123268, -0.3484680778168491, 0.3670666807589069, -0.07977103683540684, 0.009081451985801486, 0.21016263729066853, 0.6342232038272096, -0.49826152988007677, 0.6074770900311903, 0.21222542488326593], [-0.09536225704508922, 0.4425252711640323, -0.5023288025919941, -0.5416054945618569, -0.5592604797805582, 0.13797138109196164, -0.37104214574893546, 0.6622589944799674, 0.008152010906974733, 0.20025397045546747, 0.3157033883423336, -0.1447995950425817]], "inverted": true, "swapped": false, "error_lsq": 0.04643597163410903, "error_max": 0.22819880284369104, "target": "336.xyz", "model": "7.xyz", "model_rescale": 3.7474275329858107, "target_rescale": 3.9974336386925984},
{"mapping": [10, 12, 4, 7, 8, 3, 11, 1, 2, 0, 13, 14], "R": [[0.1327063596499283, 0.7618775802958435, 0.6339807368927031], [-0.988940417125002, 0.1445188913671843, 0.0333337878829732], [-0.0662259275895094, -0.6313927800351782, 0.7726301080299411]], "T": [-0.051918035792400605, 0.011435106757035393, -0.09196283775947076], "aligned_model": [[-0.36723075542702815, -0.5589724652740437, -0.0036309197374755006, -0.19312915493198302, 0.2825455031828851, 0.6459939993413932, -0.6067983371249281, 0.20750572645215226, 0.49819866879356045, 0.28768069676252095, -0.6155030685004195, -0.04951357188267516], [-0.6679607379221336, 0.03114959207485515, 0.7826892524441225, -0.47393390192058, 0.4203842307537812, -0.11825979224615464, -0.10422446936645165, 0.15163919609847026, 0.5934009290353761, -0.3993394351635296, 0.6857944310006721, 0.06537393907124875], [0.02746301688497159, 0.25896416805663147, -0.21468709383423948, -0.548420915977693, -0.5233618073165924, -0.19311896151167232, -0.3473266355733461, 0.5992997353375206, 0.16741505043692775, 0.2955293740125885, 0.09704309179231793, -0.06633278063769288]], "inverted": true, "swapped": false, "error_lsq": 0.06032276079685697, "error_max": 0.41359743055340314, "target": "336.xyz", "model": "8.xyz", "model_rescale": 4.019505241142653, "target_rescale": 3.9974336386925984},
{"mapping": [10, 9, 0, 6, 3, 5, 1, 8, 4, 11, 7, 12], "R": [[-0.9838100171342263, 0.10822239815567868, 0.14284874071473963], [0.13467159591520905, 0.9723374560149393, 0.19084924124566635], [-0.11824301856770993, 0.206997063186485, -0.9711698123357039]], "T": [-0.06607324996200462, 0.016644802448284896, -0.11952901366179677], "aligned_model": [[-0.5911818718297485, -0.4245042051752471, -0.2188583847828638, 0.14941153701952697, 0.49786766719248843, 0.6031807934793074, -0.7193227722734734, 0.02197866328338474, 0.3324085617744307, 0.19847160757598128, -0.29261886992750685, -0.02968640468232045], [-0.723712891888824, -0.1360864719319864, 0.6252293149720098, -0.6086531021745986, 0.45831365054210693, -0.029338644731208653, 0.0089015343318725, 0.1942553198714332, 0.7305186265547652, -0.3338755012980754, 0.7711763044965866, 0.009985095115595071], [-0.23915834908495692, 0.4422008765893304, -0.28961038173343995, -0.42057830368031257, -0.5942500668332276, -0.14209595995282898, -0.29131494314751316, 0.5261011405756038, 0.019002860699156937, 0.32138034097332013, 0.3265015733688189, -0.10571254610422964]], "inverted": true, "swapped": false, "error_lsq": 0.05776109271325008, "error_max": 0.32021648645952494, "target": "336.xyz", "model": "9.xyz", "model_rescale": 3.877068213659057, "target_rescale": 3.9974336386925984},
{"mapping": [1, 4, 6, 0, 10, 8, 5, 2, 14, 7, 13, 15], "R": [[0.5263568067504293, -0.8502413042345187, 0.006183571870372773], [-0.3377871609765253, -0.21577601873089328, -0.9161553054040917], [0.780287348267874, 0.48013584985317437, -0.40077577249486995]], "T": [-0.05066796614399242, 0.1632265127613072, -0.10707608380069125], "aligned_model": [[-0.3099800200220361, -0.45508223559975314, -0.28653684845370747, -0.01128188566368827, 0.3702806633718732, 0.5117287897337165, -0.630192647677697, 0.19339860060134462, 0.38366988283998565, 0.021536151616127895, -0.21258127858284945, -0.04781285050935721], [-0.6636732915346596, -0.03918875681164685, 0.651425719239197, -0.4101270956069719, 0.5983614143543243, -0.3624233844260114, -0.29085782713187436, 0.23458370612525997, 0.7812832447037383, -0.4298190422996655, 0.7955024540106944, 0.10164609323729143], [-0.06348041231512888, 0.39647911381844037, -0.40089912625511204, -0.6579666464982776, -0.47676601899534576, -0.0548744518981526, -0.369667016621232, 0.5058635705714734, 0.09009910652303679, 0.4491344019128686, 0.3072302151327787, -0.1726864937056271]], "inverted": true, "swapped": false, "error_lsq": 0.04379717070948099, "error_max": 0.26070812856744197, "target": "336.xyz", "model": "10.xyz", "model_rescale": 4.260839863003843, "target_rescale": 3.9974336386925984},
{"mapping": [9, 2, 5, 10, 6, 7, 4, 1, 0, 8, 3, 11], "R": [[-0.9776695260577862, -0.08159940371485636, 0.1936590693237053], [0.19805290815556226, -0.04964468361717406, 0.9789333230407858], [-0.07026623221055925, 0.9954280198497182, 0.0646970935127783]], "T": [-0.045040812181908564, 0.03969593014002752, -0.025305033282703105], "aligned_model": [[-0.44533874521995664, -0.5104722723262787, -0.31234184102646656, 0.07778936791715785, 0.3625047693621099, 0.6076468939996068, -0.709609258568408, 0.14505831587610254, 0.551582980111235, 0.0783689471165229, -0.3216246097208444, 0.0035817741331782837], [-0.6342865188950014, -0.009899302376528217, 0.48312630175027277, -0.28502722570410716, 0.4722710791734079, -0.0181714826865068, -0.058706847943282195, 0.2293926194767026, 0.6824643426906936, -0.5891579239179157, 0.6380410945066607, 0.05666709778527994], [-0.17105304992588907, 0.4759643503434639, -0.4595061016371446, -0.547608978278007, -0.6169473864462713, -0.009312847236994118, -0.31645539294956465, 0.6463631368039704, 0.005077325938935905, 0.2986182116459646, 0.2379772081062187, 0.009349765305038744]], "inverted": true, "swapped": false, "error_lsq": 0.038665553405139955, "error_max": 0.19928019710115139, "target": "336.xyz", "model": "11.xyz", "model_rescale": 3.890672605050136, "target_rescale": 3.9974336386925984},
{"mapping": [10, 9, 7, 4, 3, 0, 12, 6, 8, 11, 5, 13], "R": [[0.4144743519410482, -0.28162082559239277, -0.8653905027071346], [-0.2318966279033968, -0.9522076704514647, 0.19880771187362994], [-0.8800198665655689, 0.11828044185770449, -0.4599725769259126]], "T": [0.07543462307011925, -0.0054912567819600105, 0.09725921561852868], "aligned_model": [[-0.4987938724199772, -0.49697514040200175, -0.2888990731798745, 0.15598955230194309, 0.4744294807647458, 0.617111740838897, -0.5901811682582008, 0.31000328377047304, 0.3522068400448283, -0.04288796931915177, -0.46799195696619134, 0.0031346044784694715], [-0.6216885992176515, 0.06377181455613988, 0.5122883841043668, -0.2960740701765531, 0.39755796589196873, 0.04183277666638531, 0.017525524171709897, 0.1011181807429871, 0.6596302034608557, -0.4826324788864565, 0.5477320991028882, 0.025651433443035516], [-0.20291235962625254, 0.6201072869088462, -0.47381816227070706, -0.5352987467543121, -0.6317247235990796, -0.13304683226364317, -0.23674376771242556, 0.6126913791370794, 0.08305960740203192, 0.3444396804497165, 0.1572896449740246, -0.05157676497555719]], "inverted": false, "swapped": false, "error_lsq": 0.048690894609146156, "error_max": 0.27631856784611714, "target": "336.xyz", "model": "12.xyz", "model_rescale": 4.124412569039231, "target_rescale": 3.9974336386925984},
{"mapping": [5, 3, 1, 4, 2, 10, 0, 9, 8, 7, 6, 12], "R": [[-0.7407440516085954, -0.3612198860870907, 0.5664083720265017], [0.3768087347418398, -0.921423222633449, -0.0948389277356271], [0.5561595341525097, 0.1431762504293882, 0.8186495794198179]], "T": [-0.08728452460614444, 0.044214375003048326, 0.035163598326074665], "aligned_model": [[-0.19703546940653505, -0.6551141813464262, -0.3026539308464282, -0.0435465197398453, 0.4338007628244773, 0.5749557405701057, -0.594204582715667, 0.12353553832789685, 0.3143292386788173, 0.13128851346270784, -0.2736105356569908, 0.015401747501847085], [-0.6873569555515854, 0.12149733160625409, 0.6592587880375184, -0.19736951032954841, 0.3483927581291753, -0.2402088847169876, -0.1234623959108538, 0.2064975827645983, 0.6386310579717346, -0.42970861624511, 0.647458926791877, 0.023083151312603807], [-0.1276368853899048, 0.4598401826944711, -0.4528944799387203, -0.7118306914964442, -0.579930823784094, -0.12342679484775515, -0.1921774419111653, 0.6164211432607625, 0.05163518134160431, 0.3825833731112677, 0.2565037056881493, -0.026620227058449582]], "inverted": true, "swapped": false, "error_lsq": 0.045043834377264495, "error_max": 0.24897477772350302, "target": "336.xyz", "model": "13.xyz", "model_rescale": 3.9028299243045295, "target_rescale": 3.9974336386925984},
{"mapping": [14, 9, 4, 13, 8, 12, 10, 1, 2, 11, 3, 15], "R": [[0.5655811215864949, 0.315242717088833, -0.7620630054184581], [-0.3170110442031022, -0.7699533823867324, -0.5537831586501069], [-0.7613290962246364, 0.5547916890812988, -0.3355356746578494]], "T": [-0.04850638229042595, 0.22481050797138824, -0.04016924494549823], "aligned_model": [[-0.30683275218806616, -0.5226705450109623, -0.4633052744444571, 0.028841545001082186, 0.5357593179421045, 0.48153601089420195, -0.6334551970880818, 0.268580351518374, 0.4817578648858105, 0.11383976384879174, -0.31840930655517086, -0.13849545714966746], [-0.6215110541022772, -0.14216878673704325, 0.5453761972831872, -0.36635016801916254, 0.46640649287944874, -0.2039229753119039, -0.09017895856152414, 0.11597246312309725, 0.6841622260215027, -0.37130201431091236, 0.7613264013536439, 0.18890341024162005], [-0.03255656029083759, 0.45109443222847856, -0.46975368575608933, -0.5666649287847266, -0.4837592934877517, -0.17975058574638647, -0.37776237593175416, 0.5164356768606917, 0.1833606117779648, 0.36498538966936533, 0.12714050629372464, 0.01969705483704287]], "inverted": false, "swapped": false, "error_lsq": 0.04312855688193231, "error_max": 0.2322007015579096, "target": "336.xyz", "model": "14.xyz", "model_rescale": 3.942246331269136, "target_rescale": 3.9974336386925984},
{"mapping": [9, 0, 11, 10, 13, 3, 6, 1, 12, 5, 8, 14], "R": [[0.3453940440228552, -0.937949984998306, -0.030867134548186348], [-0.6809194554702558, -0.27310696552310115, 0.6795301910473545], [-0.6457953619496105, -0.21368764827299092, -0.7329979123162154]], "T": [-0.058747419661144926, 0.019219181218184195, -0.08346304433596394], "aligned_model": [[-0.5118784478118849, -0.3551609198790947, -0.2770442621103304, -0.06031334140423935, 0.30399921871378227, 0.6353078210629396, -0.572429316057109, 0.42554146597988457, 0.45762288071180124, 0.14131199786323367, -0.5968720691958909, -0.06293870621913324], [-0.6419202938607773, 0.22304677436839704, 0.3824779536962434, -0.3892401643726118, 0.6825948044724145, -0.1148142557352595, 0.023930140249981677, 0.05111428878931987, 0.570428751075501, -0.4327541285647485, 0.5683703084634033, 0.04347905527781252], [-0.1591543381003738, 0.5578721504158852, -0.6618232931869713, -0.668406654380381, -0.3822564601353544, 0.046422640412305705, -0.3045922045986207, 0.5654502111444694, 0.22895651515609747, 0.3146272907549318, 0.004262820129445399, 0.011107564058287778]], "inverted": false, "swapped": false, "error_lsq": 0.05760834148715437, "error_max": 0.34512413698860706, "target": "336.xyz", "model": "15.xyz", "model_rescale": 4.355366556412066, "target_rescale": 3.9974336386925984},
{"mapping": [7, 5, 1, 10, 8, 6, 9, 4, 2, 3, 0, 11], "R": [[-0.0038478671572684253, 0.22596042589888554, -0.9741288825642807], [0.31388510667393676, -0.9246305393638465, -0.21571857936676134], [-0.9494531761633278, -0.30659460465461, -0.06736775690233432]], "T": [-0.0844817887014354, 0.08216361929329523, -0.07188172848749759], "aligned_model": [[-0.48124235407829774, -0.5197999593107079, -0.24003870154981755, 0.11804894156365743, 0.4164253165101016, 0.6890110709763226, -0.778439267747434, 0.3077973102278936, 0.3233097730628135, 0.032960736910323904, -0.35881508666992185, 0.01792854175902557], [-0.7182926657292913, -0.03936358412556591, 0.47716879696121695, -0.22420373102491536, 0.35167447826239767, -0.18352008251143687, 0.04289018308947164, 0.22877821941822563, 0.8109081080055358, -0.45034994773673115, 0.6030283209014188, 0.06799513834935027], [-0.11996404654132115, 0.3879977242863627, -0.41006839275062573, -0.5840888629034254, -0.5851965292279653, 0.013070785438625637, -0.330400818144101, 0.5753825133103506, -0.013891090705082383, 0.29370487267014894, 0.3247985745663081, 0.001121511670446454]], "inverted": false, "swapped": false, "error_lsq": 0.04579982861820759, "error_max": 0.24094394953644754, "target": "336.xyz", "model": "16.xyz", "model_rescale": 3.795458400668931, "target_rescale": 3.9974336386925984},
{"mapping": [3, 8, 4, 0, 2, 5, 7, 9, 10, 6, 11, 12], "R": [[0.1708517967993548, -0.7908686390825482, 0.5876533495575005], [-0.5955026168699861, -0.5580481090203271, -0.57789180762478], [0.784975347913188, -0.2512152537855835, -0.5663078663006671]], "T": [-0.0775188324229264, 0.06618002429226835, -0.12188612766262072], "aligned_model": [[-0.48126476805645163, -0.419505579024937, -0.21304424367975938, -0.023546692060327667, 0.39122282413290793, 0.639244006265294, -0.6824450355567393, 0.32538477094734913, 0.3689346273613107, 0.1095836532253261, -0.4908628433000561, 0.0034456014000428248], [-0.6328676424778775, -0.0827213200194831, 0.5685663521123268, -0.3484680778168491, 0.3670666807589069, -0.07977103683540684, 0.009081451985801486, 0.21016263729066853, 0.6342232038272096, -0.49826152988007677, 0.6074770900311903, 0.21222542488326593], [-0.09536225704508922, 0.4425252711640323, -0.5023288025919941, -0.5416054945618569, -0.5592604797805582, 0.13797138109196164, -0.37104214574893546, 0.6622589944799674, 0.008152010906974733, 0.20025397045546747, 0.3157033883423336, -0.1447995950425817]], "inverted": true, "swapped": false, "error_lsq": 0.04643597163410903, "error_max": 0.22819880284369104, "target": "336.xyz", "model": "17.xyz", "model_rescale": 3.7474275329858107, "target_rescale": 3.9974336386925984},
{"mapping": [11, 3, 2, 7, 6, 5, 1, 8, 4, 10, 0, 13], "R": [[0.10658624100415756, 0.38721126414062934, -0.915809374352119], [-0.7804757913087295, 0.6032334190258113, 0.16421626396749672], [0.6160332072296235, 0.6972638518473806, 0.36650540036585827]], "T": [-0.0015562428401903403, -0.004464689542587899, -0.10360187484134703], "aligned_model": [[-0.35655908330181557, -0.4237492687086387, -0.2774330073052497, -0.17261126945473185, 0.2914909940324948, 0.665991266519886, -0.6894485393620259, 0.09112329445093442, 0.5335290655185789, 0.19606964978659602, -0.299807365005237, -0.03144941551683167], [-0.6334094746027742, -0.16706633755530442, 0.45221159360987656, -0.37162116397385886, 0.6189549980226126, -0.14613118435156813, 0.04019219355992083, 0.2205596969633502, 0.5817554627248163, -0.4726938700882812, 0.7525154106435278, 0.09144590890735892], [-0.09185017641821477, 0.40226662020536613, -0.5717594413123193, -0.7387046879270671, -0.45068979104950874, 0.13625404788308704, -0.16129388457545524, 0.5728809261697572, 0.13982258546366844, 0.3634578767027471, 0.08919280047510894, -0.13711063394744788]], "inverted": true, "swapped": false, "error_lsq": 0.04856231320714791, "error_max": 0.22452177394407336, "target": "336.xyz", "model": "18.xyz", "model_rescale": 3.922800546911778, "target_rescale": 3.9974336386925984},
{"mapping": [10, 13, 3, 2, 0, 1, 9, 8, 5, 6, 12, 14], "R": [[0.6889803425542423, 0.22753277003821612, 0.6881387404677748], [0.596893318711312, -0.7166944513287251, -0.3606486233335906], [0.4111258367600307, 0.6592252285777254, -0.6296011788068783]], "T": [-0.09824562971352231, 0.0537470284345678, 0.06871874619906562], "aligned_model": [[-0.32075450029374275, -0.5503358244281794, -0.23589254342848343, -0.04480871010501593, 0.30625287785807215, 0.5805617742028638, -0.5465248543957077, 0.18680279650176684, 0.39336860180215116, 0.2344882150599369, -0.29584954767902266, -0.18016196344067986], [-0.6994874047438407, 0.16161393202995367, 0.48658047941818444, -0.26316413033267033, 0.45475800278983797, -0.17189160480273427, -0.16173857313777149, 0.1259470128172658, 0.6362672909042517, -0.49096236989532627, 0.8012980845491937, 0.08749251426333225], [-0.11493401977744358, 0.5744785051477116, -0.3816786055243482, -0.5714693323054835, -0.5428479235074087, -0.12178253861272842, -0.5757615701398663, 0.605305375727741, 0.10769709107438938, 0.3301525462832706, 0.21271233867145536, 0.030594374632432073]], "inverted": true, "swapped": false, "error_lsq": 0.04238076203387794, "error_max": 0.3144083521612543, "target": "336.xyz", "model": "19.xyz", "model_rescale": 3.9282355846067225, "target_rescale": 3.9974336386925984},
{"mapping": [12, 2, 0, 9, 4, 6, 10, 5, 3, 7, 1, 13], "R": [[0.2465048888987381, -0.7836394754238073, 0.5702144441405542], [0.7390569622703967, 0.532607565224989, 0.4124608926731877], [-0.6269211643170732, 0.3197473284057423, 0.7104445789142994]], "T": [0.08524306383397814, -0.0023384656562164957, -0.1228885287271062], "aligned_model": [[-0.34898658256074533, -0.46213524960743413, -0.21193937173265978, -0.027164944034490268, 0.3676042156211643, 0.6616724521098534, -0.7717539071436363, 0.23636004579309147, 0.3381744499994145, 0.042335412646097415, -0.26527998317580037, -0.03174021626089561], [-0.7213322731658115, 0.031049385853819597, 0.6853159905994087, -0.4507208121996375, 0.3746431400741765, -0.024328499482082475, -0.031061520619871844, 0.23116584412673885, 0.6883190921943992, -0.4928002839897186, 0.5719378693994508, 0.10452530106880449], [-0.2543680488902655, 0.4919109863226836, -0.4039773705179185, -0.6374199041679462, -0.544225559905426, 0.1838518383609279, -0.20634826057554906, 0.5176811765547988, 0.036400268172773836, 0.25882329268553583, 0.20702218770481584, -0.09688436407470905]], "inverted": true, "swapped": false, "error_lsq": 0.046436081170209136, "error_max": 0.3022728526770111, "target": "336.xyz", "model": "20.xyz", "model_rescale": 4.067790424073018, "target_rescale": 3.9974336386925984},
{"mapping": [13, 6, 8, 10, 7, 12, 5, 3, 0, 11, 2, 14], "R": [[-0.977311600248476, 0.11559864891642618, 0.17747954357744974], [0.18027831501476121, 0.014139183513841913, 0.9835140124192437], [0.11118347518944335, 0.9931953664099821, -0.03465831771075606]], "T": [-0.10160162029907774, 0.11065620813078689, -0.09215112453199051], "aligned_model": [[-0.36882652993838405, -0.5542782366078625, -0.2846529090935983, 0.15663649232769875, 0.23717411591418122, 0.6065400878997279, -0.6171213824234284, 0.273053562264581, 0.27769183810809406, 0.05158958433193178, -0.1885703832778788, -0.062089917851103425], [-0.5091162946867966, 0.018116100176404304, 0.5016434677887706, -0.586515151691303, 0.47248664418386, -0.14005944686640084, 0.08359959423893452, 0.14168011069671096, 0.7063276849638347, -0.41141921721790387, 0.6411649415629912, 0.048804800710574574], [-0.2781521930684121, 0.48584291710026717, -0.4646951959931519, -0.4364649258592779, -0.64980127768143, 0.05848369331002068, -0.3784611581700834, 0.6710107379182969, -0.016190650481194724, 0.2571366637598872, 0.4223572325984135, -0.11859960176361374]], "inverted": true, "swapped": false, "error_lsq": 0.052709294453534596, "error_max": 0.3134341897613053, "target": "336.xyz", "model": "21.xyz", "model_rescale": 4.186013935880536, "target_rescale": 3.9974336386925984},
{"mapping": [10, 1, 6, 4, 3, 11, 7, 8, 5, 9, 0, 12], "R": [[0.8387531286576996, 0.2725013699617509, 0.47141933831344784], [0.5351768194663138, -0.5721832525835641, -0.6214435592785669], [0.10039402906966413, 0.7735304317425798, -0.6257569097463462]], "T": [-0.022304600828381614, 0.0947154332620039, 0.0478909955499695], "aligned_model": [[-0.24982492160567205, -0.6440840162324827, -0.21607264324882525, -0.00649169497613452, 0.4053148002144662, 0.5473643961765005, -0.6646303877484522, 0.46887860468770076, 0.3761121388881801, -0.06612008421449383, -0.4234415204652519, 0.0001416501784241471], [-0.6744206544232669, 0.17038684462857753, 0.3598954151717588, -0.21447601183015938, 0.5472888553399667, -0.14040540560077627, -0.14373605245954274, -0.08347578808735032, 0.7564406682868158, -0.4010830747529279, 0.6896857700590906, 0.10061266752749046], [-0.18224725614118095, 0.4257632385288242, -0.40153794427042705, -0.6091986110173487, -0.6337669833639327, -0.0905337265764386, -0.21456321435254316, 0.6088322384235766, 0.0917383553318174, 0.4189904473201665, 0.13088443530381677, 0.008105262483391086]], "inverted": false, "swapped": false, "error_lsq": 0.04785693912410264, "error_max": 0.3190255661887347, "target": "336.xyz", "model": "22.xyz", "model_rescale": 4.166573947596378, "target_rescale": 3.9974336386925984},
{"mapping": [11, 4, 10, 12, 13, 6, 9, 1, 5, 2, 7, 15], "R": [[-0.047105420561696115, -0.9109220007697713, 0.4098806995545205], [0.8669740990072073, -0.24108707287492612, -0.4361570072155685], [0.4961219517460874, 0.33481059094090415, 0.8011022888429766]], "T": [-0.18650341056920594, 0.026073464353004436, -0.048271792096159935], "aligned_model": [[-0.3381539448017141, -0.4498865307184252, -0.2899666027148736, 0.1291298575517683, 0.21413926762196073, 0.5314410590699147, -0.6820521673270408, 0.26548975443775685, 0.4060591562093576, 0.05060355834135416, -0.17421897245379986, -0.13543811356229948], [-0.7068065269002579, -0.006624009828510288, 0.6339786854157491, -0.35210699329252154, 0.615338889843769, -0.2018207984290588, -0.09630585623671427, 0.1163728360300225, 0.6003323381390585, -0.4194032875996643, 0.7357448537199035, 0.048013102997900424], [-0.2972343622026258, 0.6368659462945998, -0.47334571881922166, -0.48040202332224613, -0.5055078816918325, 0.06002213881636044, -0.3643475707471938, 0.495462759986808, 0.05251675651983595, 0.3968573891005337, 0.03893634596709476, -0.007357538232391381]], "inverted": true, "swapped": false, "error_lsq": 0.042089832679997184, "error_max": 0.2579342352592036, "target": "336.xyz", "model": "23.xyz", "model_rescale": 4.274766983524099, "target_rescale": 3.9974336386925984},
{"mapping": [5, 3, 0, 9, 6, 1, 7, 10, 8, 2, 11], "R": [[0.741112168632416, 0.5362314414519916, -0.40399083492484916], [-0.4299601630239769, -0.08307285616324804, -0.8990178856848596], [-0.5156423292528967, 0.8399730601437165, 0.1689918533996469]], "T": [-0.015773836315447876, 0.06311393258601304, -0.03512467118825433], "aligned_model": [[0.30833691517291956, 0.0025789789022973575, -0.6243070906001944, -0.3200502645050947, -0.35376390270551544, -0.6126007926161852, 0.026411081490542443, 0.027870126389995073, 0.6383293116088584, 0.2804193804469309, 0.006670960373520773], [-0.13369371457040902, 0.635048335443127, 0.43775240556277834, -0.2459476663198618, 0.5670468011115364, -0.12495031048119394, -0.5971229777881465, -0.014706178449231305, -0.23536105110998562, 0.5305391065054695, 0.09698178133940039], [-0.5145423311891311, -0.4591806915702412, -0.5040473436292943, -0.3976174361885302, 0.16825331685474584, 0.33230196265189665, 0.0638929334659124, 0.8237735417974993, 0.32027245117511094, 0.4703248001561062, 0.07613523049750229]], "inverted": false, "swapped": true, "error_lsq": 0.047930634871815175, "error_max": 0.27935053709437846, "target": "336.xyz", "model": "24.xyz", "model_rescale": 3.7841303162186577, "target_rescale": 3.9974336386925984},
{"mapping": [1, 7, 9, 4, 12, 3, 8, 11, 13, 6, 10, 15], "R": [[-0.2521209062703695, 0.2141946694358442, -0.9436925835284905], [0.3986843086328292, -0.8655937312367413, -0.30298236663809197], [-0.8817515923838021, -0.4526236140867218, 0.13283822228449094]], "T": [-0.1490984200952962, 0.1180716863776633, -0.08702135422500387], "aligned_model": [[-0.5428085689216452, -0.39036361004355946, -0.2753879394693154, 0.11768180193998648, 0.32565467086297195, 0.6151191424070994, -0.5874581250776845, 0.22735972044133643, 0.4964962768046226, 0.18076791861821748, -0.5341847683388053, -0.10573019756926484], [-0.49471526291799417, 0.021909042960348873, 0.5537628205018498, -0.5084898590551193, 0.5049864936821091, -0.135298129810712, -0.07320133755986644, 0.2411697319560514, 0.5288141816563119, -0.41795234337694065, 0.6727029603663811, 0.07302493545725669], [-0.23709089572913178, 0.5090905599576285, -0.45629754011841217, -0.39190376725344267, -0.5343225289856675, -0.059144104706495476, -0.43445938179310084, 0.5706668004206215, 0.07576097644393529, 0.2677925270598267, 0.29943402429537525, -0.05706042792141554]], "inverted": true, "swapped": false, "error_lsq": 0.048020908770605136, "error_max": 0.31636500646857957, "target": "336.xyz", "model": "25.xyz", "model_rescale": 4.19342608120988, "target_rescale": 3.9974336386925984},
{"mapping": [7, 5, 1, 10, 8, 6, 9, 4, 2, 3, 0, 11], "R": [[-0.0038478671572684253, 0.22596042589888554, -0.9741288825642807], [0.31388510667393676, -0.9246305393638465, -0.21571857936676134], [-0.9494531761633278, -0.30659460465461, -0.06736775690233432]], "T": [-0.0844817887014354, 0.08216361929329523, -0.07188172848749759], "aligned_model": [[-0.48124235407829774, -0.5197999593107079, -0.24003870154981755, 0.11804894156365743, 0.4164253165101016, 0.6890110709763226, -0.778439267747434, 0.3077973102278936, 0.3233097730628135, 0.032960736910323904, -0.35881508666992185, 0.01792854175902557], [-0.7182926657292913, -0.03936358412556591, 0.47716879696121695, -0.22420373102491536, 0.35167447826239767, -0.18352008251143687, 0.04289018308947164, 0.22877821941822563, 0.8109081080055358, -0.45034994773673115, 0.6030283209014188, 0.06799513834935027], [-0.11996404654132115, 0.3879977242863627, -0.41006839275062573, -0.5840888629034254, -0.5851965292279653, 0.013070785438625637, -0.330400818144101, 0.5753825133103506, -0.013891090705082383, 0.29370487267014894, 0.3247985745663081, 0.001121511670446454]], "inverted": false, "swapped": false, "error_lsq": 0.04579982861820759, "error_max": 0.24094394953644754, "target": "336.xyz", "model": "26.xyz", "model_rescale": 3.795458400668931, "target_rescale": 3.9974336386925984},
{"mapping": [4, 3, 1, 11, 8, 5, 9, 7, 6, 10, 0, 12], "R": [[0.7142431424330737, 0.11820344311340153, -0.6898439530237727], [-0.3796955588090031, 0.8934277097863992, -0.24003793451566957], [0.587952392722444, 0.43337613388598917, 0.683005937360713]], "T": [-0.14733609753837004, 0.1083780728508699, -0.16764624218345608], "aligned_model": [[-0.3873382983823028, -0.5580002363237357, -0.16812306252917208, -0.006617285151895552, 0.40776546299500294, 0.5663929496381009, -0.552323094743864, 0.12982331787303594, 0.42518369091255714, 0.15895639815743837, -0.4185222986577414, -0.07005122213346472], [-0.6853122594963934, -0.024523458729491104, 0.6416289209161644, -0.4489776211278169, 0.24898174825647576, 0.11970378589170712, 0.06134486563849269, 0.04002652280503069, 0.6989142323468882, -0.4450259377925613, 0.6351542073348558, 0.12479822781632423], [-0.06126117478607862, 0.4313268013394768, -0.42370210654774776, -0.593236935177806, -0.6180289395220877, 0.07177606947716977, -0.302359640289224, 0.5930894692726019, -0.09927156971137108, 0.16040152353585246, 0.41565311539673827, -0.021920371317803]], "inverted": true, "swapped": false, "error_lsq": 0.055946295419133006, "error_max": 0.349041922614855, "target": "336.xyz", "model": "27.xyz", "model_rescale": 3.6321398670334006, "target_rescale": 3.9974336386925984},
{"mapping": [4, 3, 11, 6, 9, 12, 1, 8, 10, 7, 0, 14], "R": [[0.5934665335719689, 0.7782347986072534, -0.20529995559375835], [-0.7479740058671308, 0.4390875492029507, -0.4977318662513219], [-0.2972076043393719, 0.44894623550228635, 0.8426831655795536]], "T": [-0.09263647381772641, 0.14857185349435087, -0.058541058578101025], "aligned_model": [[-0.3674006809526097, -0.4595865895593664, -0.19595154854133723, 0.15287175131804628, 0.3778042790839815, 0.6020469526329512, -0.6957505419147522, 0.24421687140335205, 0.2836464222473365, 0.05095758505814077, -0.33298092723032924, -0.1327272518914548], [-0.6186421332501051, 0.013650996803365761, 0.6676652591865764, -0.3468798022358822, 0.34597733983482437, -0.29458686140169554, -0.10494589949089594, 0.1551443712850572, 0.8173422495153683, -0.44374528190417684, 0.6368603407880491, 0.13887265472919116], [-0.20805554409789176, 0.505997739866453, -0.4224007402143252, -0.6045820875911411, -0.4901528438576326, 0.008801508096923559, -0.1972831427885968, 0.3332704287698619, 0.06727218607995153, 0.4204459364151793, 0.24677941422068708, -0.1076266132297472]], "inverted": false, "swapped": false, "error_lsq": 0.047388678487428094, "error_max": 0.2608009392354365, "target": "336.xyz", "model": "28.xyz", "model_rescale": 4.156811204709835, "target_rescale": 3.9974336386925984},
{"mapping": [8, 2, 10, 1, 3, 4, 7, 5, 9, 11], "R": [[0.8989843601348897, 0.3777781691286839, -0.22160951054194908], [-0.34109676591693927, 0.28649721793161287, -0.8953057245424328], [-0.27473644919061524, 0.8804561312451776, 0.3864154298664937]], "T": [-0.02673281975070907, 0.026147690226697985, 0.11903440196699093], "aligned_model": [[-0.6535851999198579, -0.11553257898559914, 0.07218655677181338, 0.5716015855378046, 0.0028580465239108344, -0.6831088719480732, -0.1933535817927397, -0.4684431238499216, 0.1307028480819747, -0.020400306308723925], [0.03707162740946607, -0.6193309421202429, -0.14092183804148975, 0.25985764100910347, -0.39681052533560607, -0.5215309478688469, 0.6013471272612296, 0.2508050053376822, 0.48890898404451244, -0.040675801069604486], [-0.38114768455118336, -0.2513273413264027, -0.7223749128762272, -0.21852819207457957, 0.6913105799978585, -0.08124496818854003, -0.17909302118266468, 0.47686595444667695, 0.4028833350031918, 0.02144297772696996]], "inverted": true, "swapped": true, "error_lsq": 0.05973779498873464, "error_max": 0.3301833283736081, "target": "336.xyz", "model": "29.xyz", "model_rescale": 4.117894457231895, "target_rescale": 3.9974336386925984},
