[{"mapping": [10, 0, 1, 12, 5, 11, 8, 3, 9, 2, 7, 6, 4, 13], "R": [[-0.8285594349407017, 0.1628827219617887, -0.5356850582731086], [-0.5129405848337156, 0.16272692839436315, 0.8428593614629796], [0.2244576111456037, 0.9731336833455384, -0.05127977317768223]], "T": [-0.04744445009191944, -0.14556587371787555, -0.006727066074797096], "aligned_model": [[-0.7907243293158245, -0.44288406083580895, -0.15404878033492075, -0.583033399208636, 0.4326056758994947, -0.09780271604294169, 0.2527960485202756, 0.34734686256728153, -0.6342074161462828, 0.10462138422069944, -0.2301346934093348, 0.6535411886457053, 0.2837550489802966, -0.10060186768923486], [-0.07238926462107531, -0.09143203758036555, -0.62915154536679, -0.3651441074488133, -0.6328306238475945, -0.22873600855991794, 0.2543980399683213, -0.15222667755715386, 0.29080170909764613, 0.34915298745343415, 0.49238778469369837, 0.1582831384004426, 0.7473931818106312, -0.035629480779793485], [0.6697410630071402, -0.6671129204208645, -0.3030791006085271, 0.00032168056973302245, 0.31657805336850436, 0.6843652682511187, 0.593659178241827, -0.34921175031450447, -0.051846087551901024, -0.5753987427440975, 0.35525896568800636, 0.02227631831357514, 0.07286717727879413, 0.10110679093471295]], "inverted": false, "swapped": false, "error_lsq": 0.04911943606935385, "error_max": 0.3646101243264571, "target": "337.xyz", "model": "0.xyz", "model_rescale": 3.8414455957264533, "target_rescale": 4.14709995967519},
{"mapping": [7, 8, 6, 9, 5, 2, 4, 10, 13, 12, 0, 3, 1, 14], "R": [[0.05704025517664524, 0.42235639903346556, 0.9046333409093805], [0.7976714048888294, -0.5641843264249552, 0.21311118140327917], [0.6003888232737723, 0.7094442317842213, -0.36908284012675463]], "T": [-0.11070711305589027, 0.02554923709725969, 0.06717809748618497], "aligned_model": [[-0.5241190444389136, -0.4574711426803612, -0.03325031492280099, -0.7276073772420286, 0.41858654258766675, 0.001124767324747325, 0.08982666443476663, 0.3170719027517908, -0.7229747711564511, -0.04367771444451042, -0.31064363111687426, 0.6198008727761006, 0.45283735062425473, -0.03827515864661803], [0.01806328192571585, -0.17299202061597418, -0.7410419801996415, -0.26288841213761044, -0.36528369947070183, -0.5122399080334368, 0.10054591323001477, -0.18113397616607635, 0.3823610070156128, 0.28844271100340335, 0.596064335910443, 0.1816871396477125, 0.6808174527140249, 0.07247525083918308], [0.5591024184954739, -0.6144658522741114, -0.06074970938107849, 0.10898080725931122, 0.10486930032765751, 0.5600078789813339, 0.5671570345450947, -0.425435811574597, -0.20237834619698303, -0.6460425030059976, 0.4672471918673936, 0.30245648591761143, 0.10640938890795876, 0.04236761014445005]], "inverted": true, "swapped": false, "error_lsq": 0.045615797656016484, "error_max": 0.2992762942403041, "target": "337.xyz", "model": "1.xyz", "model_rescale": 4.316132596720782, "target_rescale": 4.14709995967519},
{"mapping": [8, 9, 1, 5, 3, 10, 2, 6, 7, 12, 4, 13], "R": [[-0.7292608428735514, -0.13268834841101007, 0.6712469182404609], [-0.6380459346514605, 0.48620151849092685, -0.5970807890829023], [-0.24713560715951408, -0.8637140068408499, -0.4392289904603554]], "T": [0.04745084675921648, 0.033039113162656356, -0.03477882991723111], "aligned_model": [[-0.3145423054934121, 0.4008726768005289, 0.12218624367215661, -0.4024563172581566, -0.49892796184908633, -0.37287375634579656, -0.10621806398624567, -0.16713441575959162, 0.525502293423713, 0.2849990679152648, 0.18401976731241718, -0.05761867380001135], [-0.7639859235297783, -0.40363831066634065, -0.5949085700665585, 0.4477017537576538, -0.23219939303211246, -0.10597385266642255, 0.37317086247109627, 0.5706239439912578, 0.10562109809647786, -0.02833698038313942, 0.6459350817999395, -0.0012332820310927695], [0.08381222820094453, 0.12446208108208615, -0.5875633887257825, -0.1016661834044564, -0.47789505662841114, 0.5564275620177932, -0.6563675288750758, 0.4271194965246874, -0.4004106016453236, 0.7308408966379454, -0.16071794722215577, -0.08878309675283072]], "inverted": true, "swapped": true, "error_lsq": 0.039763056152658606, "error_max": 0.26799699885008166, "target": "337.xyz", "model": "2.xyz", "model_rescale": 3.795458400668931, "target_rescale": 4.14709995967519},
{"mapping": [8, 10, 3, 4, 9, 7, 5, 12, 6, 11, 1, 13], "R": [[-0.8339012232226641, -0.5518745691893581, -0.00657341538358025], [-0.21181142206048206, 0.3090106434886626, 0.9271722297909053], [-0.5096515195625939, 0.7745623810209112, -0.3745776908930321]], "T": [0.023879233357564728, 0.06024846439589824, 0.10894994715977553], "aligned_model": [[-0.3532000861444893, 0.10748461756683214, -0.720802634322184, 0.19403452009191005, 0.2554227433565817, 0.11623227349138078, -0.21555147807502997, 0.6931943546089497, 0.3392057647510254, 0.7433523281902312, -0.4726204298375116, -0.0934481479341313], [-0.06608415261381076, -0.5793594754881498, 0.004874718090201936, 0.07466245274571948, 0.3384116737331104, 0.6198903091810474, -0.3404311660033341, -0.22455181658253634, -0.5290388263813146, 0.13430885884684005, 0.6273792088438679, 0.02570726091806822], [-0.6798485360672817, -0.2508196978595309, 0.021680695939839498, 0.7261959394810279, -0.3492690639213119, 0.32286545439450665, 0.5101534466483925, -0.23350562126132174, 0.4278606191746025, 0.3592417768343517, -0.2616242613746359, 0.09584067865046189]], "inverted": true, "swapped": true, "error_lsq": 0.04770759561586574, "error_max": 0.29846618213996656, "target": "337.xyz", "model": "3.xyz", "model_rescale": 3.7530521520055578, "target_rescale": 4.14709995967519},
{"mapping": [12, 7, 4, 2, 6, 1, 10, 9, 8, 3, 13], "R": [[0.10425963945382022, 0.7783554093513958, -0.6191064402139432], [0.5820378032310474, 0.45701329805160673, 0.6725851923838126], [0.8064501988287536, -0.4304668420882318, -0.4053842309114272]], "T": [-0.04148652553716596, -0.0950458510943803, -0.06249799559965363], "aligned_model": [[-0.550873182411698, -0.12060153368486488, 0.3486676221145433, 0.5466200727494959, 0.2557485279411094, -0.27838800397584573, -0.13811012894477886, -0.6172133157593834, -0.4199053591443355, 0.2915843660785455, 0.02067053748241754], [-0.7077499231683302, 0.15383713353699147, -0.33216119266817473, 0.24119139070790074, -0.7691255585840062, 0.7093024928735281, -0.4974098575128984, 0.0007661519147631191, 0.2571878537792995, 0.43896287252400384, -0.027598005088730893], [0.044687366208552876, -0.6095683732831336, -0.511618531270151, -0.32086091470049455, 0.012749729492831374, -0.01375507866304626, 0.5492940116317094, -0.08012051719478955, 0.6537997036709157, 0.3487582776621581, 0.019465103690764166]], "inverted": true, "swapped": true, "error_lsq": 0.04290598388844175, "error_max": 0.19738573237037113, "target": "337.xyz", "model": "4.xyz", "model_rescale": 3.7855080009869324, "target_rescale": 4.14709995967519},
{"mapping": [11, 15, 8, 13, 7, 6, 4, 10, 14, 3, 1, 5, 0, 16], "R": [[-0.44485704706207824, 0.47313039429852405, -0.7604274046022614], [-0.05538335613524166, -0.8619766792628876, -0.5039135722225808], [-0.893887516157601, -0.182054481949356, 0.40965994929910665]], "T": [-0.1442096714865866, 0.05331011398184216, 0.009889487523650445], "aligned_model": [[-0.6132801960499921, -0.44906285282375746, -0.19663939279996526, -0.717183021102464, 0.450765409699315, -0.12136104092666228, 0.2737627745189309, 0.29147505368263077, -0.6438998155000033, 0.2165726524340792, -0.21541726659088276, 0.6461934882883377, 0.2911773526080715, -0.17187419958686884], [-0.019532900711593353, -0.36587453290001376, -0.6280731210582438, -0.3698278750162977, -0.35227143737471434, -0.3478720718612773, 0.1226117319725383, -0.2668157283111966, 0.28756982954139515, 0.49223080444605155, 0.591132100057142, 0.2227001071443839, 0.6402895846136036, 0.07861060512089142], [0.647935697838016, -0.6309434675691692, -0.1582708088989258, 0.14226554945317754, 0.216958871651163, 0.524289975383679, 0.6161048815787541, -0.4786415139743923, -0.38142821482915334, -0.3896118862262602, 0.5378865790713716, -0.031014300241214307, 0.28259284948930025, -0.02859831871282842]], "inverted": false, "swapped": false, "error_lsq": 0.044173286679731034, "error_max": 0.27190414986266775, "target": "337.xyz", "model": "5.xyz", "model_rescale": 4.2253639853439635, "target_rescale": 4.14709995967519},
{"mapping": [3, 1, 10, 4, 5, 2, 6, 8, 0, 9, 7, 11, 12, 13], "R": [[0.19295811335047242, -0.6228490044314505, -0.758172990926858], [-0.9811820106671048, -0.11696846879971312, -0.15362369364752468], [0.007002030811429472, 0.7735486377632643, -0.6336982535711413]], "T": [-0.06417828431874165, -0.02069161215476996, 0.010291191147239052], "aligned_model": [[-0.4771091925090549, -0.48145479825342374, 0.0038359214996468716, -0.6883672893890357, 0.3849786159664663, -0.14158662664354837, 0.1110529187901331, 0.38377976266474867, -0.628751764398873, -0.03664609449583581, -0.25310145174866805, 0.6534190824429743, 0.309730320680062, -0.09855045875482288], [0.10453208949582858, -0.2844970846107055, -0.7798345905788899, -0.3417647697451341, -0.4187358231476194, -0.5146061488269339, 0.10763432355784282, -0.23301110124906127, 0.513918509656804, 0.28927703185971154, 0.6205060389326674, 0.21157663439503183, 0.825082437125862, -0.015200451202734878], [0.5731557950302574, -0.5328411735476726, -0.15580661288818273, 0.10090810806033815, 0.21168670120629834, 0.4577596157759271, 0.615720334650926, -0.5375398944002748, -0.18595215924564198, -0.5148353133607341, 0.4375672436883437, 0.2017572969584778, 0.1375797497073994, 0.060366202378055796]], "inverted": true, "swapped": false, "error_lsq": 0.044141509706231576, "error_max": 0.2945671751237926, "target": "337.xyz", "model": "6.xyz", "model_rescale": 3.89814844738969, "target_rescale": 4.14709995967519},
{"mapping": [3, 0, 5, 1, 4, 10, 8, 7, 9, 12, 6, 11, 13], "R": [[-0.3809728134677688, 0.8653208291662964, -0.3256985999500248], [-0.21530150620923408, -0.42560806992536376, -0.8789215165408355], [-0.8991690479673375, -0.26472180383444105, 0.34844998170777963]], "T": [-0.006020538371862297, 0.006230292292033604, 0.03832788856535116], "aligned_model": [[0.022789855080738927, -0.0911418605935143, 0.40901630886389034, -0.26710305502263915, 0.576664460314116, -0.4035775515926881, -0.7304519081342836, 0.2162265692344032, -0.48170312241023056, -0.46251354477563805, 0.23165257102258419, 0.13081320301171662, -0.0020401240942332956], [-0.266340844993339, 0.25371448989758466, 0.3104128197436488, -0.753786035594888, 0.13220579579074365, 0.5782162093065532, -0.12462501369531569, -0.4357232387811067, -0.19713189668779235, 0.5066038688055006, 0.7044303918299859, 0.2691925385964855, -0.013387818747574977], [-0.6617493888744181, -0.7807753612678343, -0.29938927893676204, -0.20597835721320829, 0.27233977827399714, -0.20723861258007856, -0.44996287507559607, 0.3887151346583094, 0.3091077428815219, 0.4714677816199305, 0.10482949210313197, 0.7439480841760353, -0.08303910892873367]], "inverted": true, "swapped": true, "error_lsq": 0.0479536110236309, "error_max": 0.2533089472387472, "target": "337.xyz", "model": "7.xyz", "model_rescale": 3.7474275329858107, "target_rescale": 4.14709995967519},
{"mapping": [2, 12, 0, 1, 6, 3, 5, 10, 4, 11, 8, 7, 9, 14], "R": [[0.8270300482060182, 0.13605240848825922, -0.5454457273724812], [-0.5612930809799186, 0.2536418856774114, -0.7877917688539768], [0.031166915285633867, 0.9576823773958414, 0.28613473647396837]], "T": [-0.1392459594886682, 0.01729239993454386, -0.039866174458872174], "aligned_model": [[-0.8329937604433386, -0.2854660954956143, -0.06665923111232275, -0.6766148032355903, 0.4645114247596986, -0.06890249893539563, 0.32190318564300735, 0.3900312051309431, -0.7063097245605805, 0.1721823406582405, -0.2749046163191815, 0.5322819892857809, 0.270176340536811, -0.19800681006168858], [-0.05281263112721844, -0.03528467922790479, -0.6277816497588286, -0.507944571128598, -0.4181604318490965, -0.2477237292142092, 0.18357242552750297, -0.3342351432565103, 0.5248307840392316, 0.34996147369547786, 0.43685111192542964, 0.13054887800275272, 0.6549289613969099, 0.028126296637730266], [0.43171496292920686, -0.6369406600737001, 0.07337637453563198, -0.05262039134446712, 0.295984909587202, 0.6226689459936318, 0.48235397361568966, -0.4540610912294051, 0.1419835460479112, -0.46274163700135185, 0.48049671033981756, -0.04990689726071373, 0.03845008066543378, -0.0412329327913691]], "inverted": true, "swapped": false, "error_lsq": 0.04679025473948223, "error_max": 0.33531391375760733, "target": "337.xyz", "model": "8.xyz", "model_rescale": 4.019505241142653, "target_rescale": 4.14709995967519},
{"mapping": [11, 7, 9, 12, 6, 10, 8, 4, 5, 2, 1, 0, 13], "R": [[-0.4397158008143616, 0.566491094857981, 0.6969489608004238], [-0.8283044509981757, 0.04421753201079376, -0.558530703112627], [-0.34722003250215216, -0.8228807017481212, 0.44978394782353465]], "T": [-0.04872671341180353, -0.054619792613712685, 0.0024880381174600397], "aligned_model": [[-0.25260867712064805, -0.6509767272550772, -0.13040432246113937, 0.31618711745765443, 0.34636235614143424, 0.676546278641852, 0.40239938107894874, -0.31834713995990027, 0.16827779380121827, -0.41354713944793736, -0.39383473360100496, 0.5757181580915464, -0.00607157362577071], [-0.6789111693544191, -0.07489968327258145, 0.18668744753630784, -0.36874173106137925, -0.6718820942556883, -0.0814375348321909, 0.6815207298697962, -0.5747285915730294, -0.29296942397685977, -0.0648185377735585, 0.7111310784606131, 0.2710686444188345, 0.02135909392821373], [-0.3905321878475533, -0.06362980782912625, -0.5229179136938384, -0.6413559272575564, 0.10872469510710056, -0.13456038474341886, -0.1844188062868786, 0.2612250909984938, 0.5268295078432313, 0.6289689189377772, 0.0031942476040827394, 0.4958640062036376, 0.08931205500792781]], "inverted": false, "swapped": true, "error_lsq": 0.04685076072099511, "error_max": 0.23920529068140445, "target": "337.xyz", "model": "9.xyz", "model_rescale": 3.877068213659057, "target_rescale": 4.14709995967519},
{"mapping": [10, 3, 12, 6, 0, 11, 8, 5, 13, 4, 9, 1, 7, 15], "R": [[-0.29067452652241926, -0.2666135351390444, -0.9189262987376243], [-0.8998242361380291, -0.25035143267502025, 0.3572681125096077], [-0.32530702988035826, 0.9307208942740175, -0.16713453644352927]], "T": [-0.18971274642093514, 0.08391459464725606, 0.05866840062518066], "aligned_model": [[-0.6474502709343825, -0.24512657655695724, -0.1387767449094134, -0.6567413823653505, 0.3869996502673789, -0.06813494323326341, 0.2957238807636079, 0.306225016705964, -0.8150344054400026, 0.032938386427587535, -0.3235550885204258, 0.6522452545035704, 0.3895074980120006, -0.12759132886954516], [-0.1775230286942958, -0.08161533086927242, -0.6593357935935937, -0.2757265503834533, -0.420214655362806, -0.35600157035616187, 0.2958434211445937, -0.3055409371291272, 0.42268357783188537, 0.4717411907244776, 0.40527547309156886, 0.08430809135170333, 0.6577900076540977, 0.02319320025305295], [0.5333656801767918, -0.5514877219503237, 0.002280460040560227, -0.12256922001067691, 0.27551522772694725, 0.6386234694059005, 0.6197035058505618, -0.40324670641938465, -0.24439412552637949, -0.44937459377725786, 0.619434588235022, -0.15112478335129834, 0.020491336802962855, 0.08230877681009202]], "inverted": false, "swapped": false, "error_lsq": 0.041919249828668965, "error_max": 0.2766298229167612, "target": "337.xyz", "model": "10.xyz", "model_rescale": 4.260839863003843, "target_rescale": 4.14709995967519},
{"mapping": [8, 9, 7, 1, 2, 3, 0, 10, 11, 4, 5, 13], "R": [[0.015158410867616268, 0.8782428220085938, 0.4779746522257749], [-0.5051928866756312, -0.40579930506727113, 0.761647603068022], [0.8628733220075309, -0.2530147616193602, 0.43753075385667106]], "T": [0.05078727003790466, -0.08136464997287643, 0.05550148973720497], "aligned_model": [[0.34120267364270224, 0.19492370886382915, -0.40665450183678603, -0.41824065357494017, -0.5687251004647432, -0.23944195726866863, 0.2338402892011353, 0.725150256675821, 0.23465792080847425, -0.17891419758715782, 0.01799104079500434, 0.023109169839459875], [-0.022939243911345747, -0.5776971811099114, -0.4522169781073162, -0.28034748432446266, 0.2617637083102281, 0.403626064316035, 0.6574822146150994, 0.18193181834236768, -0.5072918675041855, 0.01096898349987932, 0.4847754347358394, 0.013023036670706853], [-0.7767227322928729, -0.21621626033675878, 0.19938859393137806, -0.6122507692531116, 0.21088361298680502, -0.4402648470687302, -0.3445248897832654, -0.09089491231667848, 0.6642297257895632, 0.6461493845112867, 0.2947613727710135, -0.01836020154312481]], "inverted": false, "swapped": true, "error_lsq": 0.03826035574931382, "error_max": 0.19143009162897745, "target": "337.xyz", "model": "11.xyz", "model_rescale": 3.890672605050136, "target_rescale": 4.14709995967519},
{"mapping": [7, 9, 10, 12, 2, 4, 0, 11, 5, 6, 8, 1, 6, 13], "R": [[-0.24108200597178514, -0.4250464029410784, 0.8724763731720594], [0.3902663247655237, 0.780644162841664, 0.4881463784309461], [-0.8885784501948214, 0.45818145572260777, -0.02231796319741268]], "T": [-0.02890137495063256, 0.06221083992991527, 0.06675723173644986], "aligned_model": [[-0.7618343499923531, -0.36849968501334557, -0.13224886838018068, -0.6128635915922627, 0.36244521209333097, 0.06312838309033336, 0.2842177186226249, 0.24583689386401342, -0.7648796005272271, 0.1993770449803047, -0.25055283097112374, 0.7151693810107024, 0.1993770449803047, -0.13744380631435235], [-0.0029947904932339856, 0.08687255475798719, -0.8105034536927943, -0.3995428928479663, -0.5294842704205351, -0.414049261874454, 0.2478264212615438, -0.22862988679419727, 0.23724154088897553, 0.4986369898985634, 0.6785081215478536, 0.2427372472242305, 0.4986369898985634, -0.020378213691866855], [0.4974794741781579, -0.6331607660644992, -0.09825659117243997, 0.03669452151665238, 0.11480802635108434, 0.5724882698281952, 0.5317280146400629, -0.31098966662616206, -0.11399809193056364, -0.23237404807048534, 0.3671558644771279, 0.2048413248926596, -0.23237404807048534, 0.16548361006421303]], "inverted": true, "swapped": false, "error_lsq": 0.058766711443644495, "error_max": 0.4520264302346985, "target": "337.xyz", "model": "12.xyz", "model_rescale": 4.124412569039231, "target_rescale": 4.14709995967519},
{"mapping": [3, 1, 9, 2, 8, 0, 7, 5, 11, 4, 10, 12, 13], "R": [[-0.22981453284462022, 0.9367801826390398, 0.26387150264508735], [0.6504670977830567, 0.3495212073736921, -0.6743348428620042], [-0.7239322034521577, 0.016667783620022247, -0.6896697396537707]], "T": [0.08056538602261752, 0.17777983835536668, -0.06312236356491158], "aligned_model": [[-0.06581297199289841, -0.13669327356554184, 0.3350423642558337, -0.5764391475182642, 0.6176300115856181, 0.3349753776786752, -0.374518469028251, -0.0626752435117826, 0.08653865180438589, -0.33133801387046935, 0.7483039086758543, 0.7202122604778068, 0.07207285251879099], [-0.3860274255405546, 0.2574418773711519, 0.6170957448664309, -0.12884895847116382, -0.029273168552916118, -0.6214116486979963, 0.5708118132974233, -0.33661248735185856, 0.7041334827514326, 0.19319378600920306, -0.11104867050836051, 0.5461138501852011, 0.07191718115048433], [0.41219648049903973, 0.7442976481115648, 0.2253127799305114, -0.06284749475112159, 0.606983919614908, 0.12659512275490703, 0.013770251406632322, -0.3692565450932031, -0.6187199133642707, -0.5532766240530602, -0.19050263025187367, -0.38179410635490996, -0.0010608074812851406]], "inverted": false, "swapped": true, "error_lsq": 0.05945490164083968, "error_max": 0.4349147250608743, "target": "337.xyz", "model": "13.xyz", "model_rescale": 3.9028299243045295, "target_rescale": 4.14709995967519},
{"mapping": [13, 7, 4, 10, 0, 5, 8, 3, 14, 6, 12, 2, 1, 15], "R": [[-0.20563500310540336, -0.3364708155722845, -0.9189677011549224], [-0.05189816341141437, 0.9414640826427765, -0.3330945237137915], [0.9772516698028013, -0.020803157493928415, -0.2110601869276153]], "T": [-0.03886082152089863, 0.06846652731924903, 0.043782499149479764], "aligned_model": [[-0.6409147414258664, -0.42895542650092344, -0.08954889111070077, -0.6747969958684895, 0.5471495736204736, -0.18617185034031428, 0.3182505499079437, 0.32569894789763887, -0.8653316000308946, 0.17620105276517056, -0.18157468559906006, 0.6594810286786098, 0.17687184806530282, -0.09512986420812189], [0.06389216248107137, -0.2650045913066044, -0.605089834985559, -0.2988089908161265, -0.4995089049849299, -0.19709008931251526, -0.05235775476011255, -0.24064642504204442, 0.3823813047794143, 0.3205541483401964, 0.47538698651626365, 0.2547627021120073, 0.665709273148546, 0.08069710949306207], [0.5635531259731048, -0.7027100782048238, -0.012037034014834101, -0.0828921943907705, 0.18942636043399333, 0.4559487008283756, 0.7178597356838715, -0.3565108963020799, 0.005648294763274317, -0.5346710286345587, 0.5899407013653367, 0.18436046710071252, -0.09391017883413263, -0.05448008175395179]], "inverted": false, "swapped": false, "error_lsq": 0.04589631423148547, "error_max": 0.28191697471204524, "target": "337.xyz", "model": "14.xyz", "model_rescale": 3.942246331269136, "target_rescale": 4.14709995967519},
{"mapping": [11, 9, 7, 6, 0, 8, 12, 2, 10, 5, 4, 1, 3, 14], "R": [[-0.5517504012935955, -0.5998716226000165, -0.5794182695355573], [0.7094525867936803, -0.7028275710632258, 0.052061813694126186], [-0.4384615396635284, -0.3823446635597125, 0.8133658687720419]], "T": [-0.1315392773841024, 0.0838207398221168, 0.12191918083112582], "aligned_model": [[-0.6895599347779621, -0.47345391400560377, -0.165838240656661, -0.5322235470754626, 0.3656991170938455, -0.18156320267634202, 0.43424615906213715, 0.29517493102676784, -0.7235407844855388, 0.24253118363748735, -0.37622824010191114, 0.6519676432635877, 0.2376694921964265, -0.043651716650001934], [-0.005938693093156422, -0.129908821402114, -0.698490557025364, -0.30451854820107055, -0.45785687625414695, -0.5727314225624535, 0.30080807789736047, -0.29827146297283225, 0.3893434594576183, 0.24220542213114454, 0.5913118113832955, 0.28819437771417644, 0.6996318201695019, 0.04109850842070969], [0.5631302581864017, -0.5749139140023831, -0.22128939142819196, 0.08404963187730091, 0.11438113286192572, 0.5284628946606383, 0.6704441056824095, -0.3826285885060047, -0.13340531744374903, -0.36569248924053877, 0.2839194917332164, 0.09045877376831032, 0.09014610595844547, 0.12246319990573697]], "inverted": false, "swapped": false, "error_lsq": 0.04906432591129621, "error_max": 0.28122317286061416, "target": "337.xyz", "model": "15.xyz", "model_rescale": 4.355366556412066, "target_rescale": 4.14709995967519},
{"mapping": [8, 9, 1, 5, 3, 10, 2, 6, 7, 12, 4, 13], "R": [[-0.7292608428735514, -0.13268834841101007, 0.6712469182404609], [-0.6380459346514605, 0.48620151849092685, -0.5970807890829023], [-0.24713560715951408, -0.8637140068408499, -0.4392289904603554]], "T": [0.04745084675921648, 0.033039113162656356, -0.03477882991723111], "aligned_model": [[-0.3145423054934121, 0.4008726768005289, 0.12218624367215661, -0.4024563172581566, -0.49892796184908633, -0.37287375634579656, -0.10621806398624567, -0.16713441575959162, 0.525502293423713, 0.2849990679152648, 0.18401976731241718, -0.05761867380001135], [-0.7639859235297783, -0.40363831066634065, -0.5949085700665585, 0.4477017537576538, -0.23219939303211246, -0.10597385266642255, 0.37317086247109627, 0.5706239439912578, 0.10562109809647786, -0.02833698038313942, 0.6459350817999395, -0.0012332820310927695], [0.08381222820094453, 0.12446208108208615, -0.5875633887257825, -0.1016661834044564, -0.47789505662841114, 0.5564275620177932, -0.6563675288750758, 0.4271194965246874, -0.4004106016453236, 0.7308408966379454, -0.16071794722215577, -0.08878309675283072]], "inverted": true, "swapped": true, "error_lsq": 0.039763056152658606, "error_max": 0.26799699885008166, "target": "337.xyz", "model": "16.xyz", "model_rescale": 3.795458400668931, "target_rescale": 4.14709995967519},
{"mapping": [3, 0, 5, 1, 4, 10, 8, 7, 9, 12, 6, 11, 13], "R": [[-0.3809728134677688, 0.8653208291662964, -0.3256985999500248], [-0.21530150620923408, -0.42560806992536376, -0.8789215165408355], [-0.8991690479673375, -0.26472180383444105, 0.34844998170777963]], "T": [-0.006020538371862297, 0.006230292292033604, 0.03832788856535116], "aligned_model": [[0.022789855080738927, -0.0911418605935143, 0.40901630886389034, -0.26710305502263915, 0.576664460314116, -0.4035775515926881, -0.7304519081342836, 0.2162265692344032, -0.48170312241023056, -0.46251354477563805, 0.23165257102258419, 0.13081320301171662, -0.0020401240942332956], [-0.266340844993339, 0.25371448989758466, 0.3104128197436488, -0.753786035594888, 0.13220579579074365, 0.5782162093065532, -0.12462501369531569, -0.4357232387811067, -0.19713189668779235, 0.5066038688055006, 0.7044303918299859, 0.2691925385964855, -0.013387818747574977], [-0.6617493888744181, -0.7807753612678343, -0.29938927893676204, -0.20597835721320829, 0.27233977827399714, -0.20723861258007856, -0.44996287507559607, 0.3887151346583094, 0.3091077428815219, 0.4714677816199305, 0.10482949210313197, 0.7439480841760353, -0.08303910892873367]], "inverted": true, "swapped": true, "error_lsq": 0.0479536110236309, "error_max": 0.2533089472387472, "target": "337.xyz", "model": "17.xyz", "model_rescale": 3.7474275329858107, "target_rescale": 4.14709995967519},
{"mapping": [4, 2, 9, 6, 12, 5, 10, 7, 0, 1, 8, 11, 3, 13], "R": [[-0.7070993873405119, 0.707079706731831, 0.006981744101629106], [-0.29901544057029106, -0.2900472621060621, -0.9090997481274166], [-0.6407809475345124, -0.6449115242208074, 0.41651999136172]], "T": [-0.015389844077322842, 0.022762993312648104, 0.041970626689216355], "aligned_model": [[-0.7069773484079083, -0.38167144710970713, -0.22437657008838285, -0.6615173253752127, 0.41022577451028724, -0.01919507784631749, 0.37730067823345476, 0.41520289227939283, -0.7111849905598305, 0.07642158621297461, -0.2941882443349908, 0.6681615563900273, 0.19461667458963477, -0.10158921264265293], [-0.11712743994297284, -0.08272697291774517, -0.6126254884449105, -0.3720842878522808, -0.5536301874958122, -0.2770309747005898, 0.18027945687710453, -0.349894238086345, 0.43560995452513623, 0.4588367628219032, 0.4662337817475389, 0.2184382768294634, 0.6626551175435221, 0.027943334758656697], [0.47942143827601963, -0.5568134563611098, 0.06014179773232483, -0.1050454062073366, 0.25611816845724916, 0.7002479494105255, 0.5873348057997374, -0.4511173627398209, -0.16914282984510567, -0.4871123021827286, 0.5343724575523857, -0.08532952313706094, 0.12578299316289793, -0.01933283590446007]], "inverted": false, "swapped": false, "error_lsq": 0.037041157802626276, "error_max": 0.20905343356701145, "target": "337.xyz", "model": "18.xyz", "model_rescale": 3.922800546911778, "target_rescale": 4.14709995967519},
{"mapping": [0, 8, 12, 5, 7, 3, 9, 13, 1, 4, 2, 11, 10, 14], "R": [[0.7640620024660436, -0.03977393802392176, 0.6439155924821582], [0.4999721330464724, -0.5942790426559803, -0.629968479875662], [0.407721869127154, 0.8032748304994755, -0.4341801747218532]], "T": [-0.13444053754853807, 0.033224433572118676, -0.0416445854447075], "aligned_model": [[-0.6960057516434861, -0.36339083510859954, -0.11636514846101143, -0.749038942571896, 0.435449935981748, -0.16437954278928604, 0.2747682010247646, 0.3319913694793708, -0.7518661289014654, 0.2720647978624959, -0.1810203776380142, 0.57001151687138, 0.24776681078569235, -0.06875695904092445], [-0.12896139059613643, -0.08446087872008343, -0.7527149841469672, -0.41902497286294327, -0.3944038197446845, -0.3147321491019436, 0.2733499616356229, -0.2772183551555437, 0.4402385031387642, 0.394294230709205, 0.4814688626168976, 0.13757056433210033, 0.7387053549184266, -0.009233831360044908], [0.5556684852596234, -0.5967324906808646, -0.01742565583929672, -0.058167149034958766, 0.31970004811624864, 0.4942463699968713, 0.6198923560502126, -0.43898612348658583, -0.00835479341874961, -0.5193988663987469, 0.5151643702262168, -0.05178365777813051, 0.040907578421460984, 0.014795422580216572]], "inverted": false, "swapped": false, "error_lsq": 0.03822378789615861, "error_max": 0.26956600249973095, "target": "337.xyz", "model": "19.xyz", "model_rescale": 3.9282355846067225, "target_rescale": 4.14709995967519},
{"mapping": [8, 12, 11, 9, 0, 4, 3, 10, 7, 2, 6, 1, 5, 13], "R": [[0.34753903386143414, 0.8824675183466286, 0.31696640043670843], [-0.5988726872829095, -0.05120824571192992, 0.799205367848373], [0.7215040709304471, -0.46757758140681793, 0.5106888299116625]], "T": [-0.16386414206429994, 0.05499257286138223, 0.10238598287233405], "aligned_model": [[-0.7248501119551238, -0.6339275020722264, -0.05388668581846073, -0.6495509478775996, 0.4708382296320332, -0.08257177887205047, 0.36702309667662164, 0.15167661443855307, -0.4557454504027512, 0.27544327087920323, -0.33898529651667886, 0.5731506942369358, 0.15757264741856203, -0.014957833916248914], [-0.21367056990821823, -0.11725202870977261, -0.6530093865847515, -0.3981722468807821, -0.40545641777293207, -0.29007049812671337, 0.1938542000903645, -0.31676062107507175, 0.4626252937165283, 0.4295363390155231, 0.5431082480863614, 0.1581817788898486, 0.6685902295453255, 0.023372775376959483], [0.540263176193702, -0.5847578012625573, 0.10355039864187573, -0.09042168825283312, 0.2615607754235716, 0.6255407149227056, 0.6173920579500127, -0.6078730844933123, -0.267395902988084, -0.48535730677701305, 0.49977712887334, 0.01485361664309337, 0.19107903968917803, 0.05131476944983813]], "inverted": true, "swapped": false, "error_lsq": 0.046469888622294, "error_max": 0.3009420504956884, "target": "337.xyz", "model": "20.xyz", "model_rescale": 4.067790424073018, "target_rescale": 4.14709995967519},
{"mapping": [4, 3, 0, 2, 7, 8, 1, 12, 6, 11, 5, 9, 10, 14], "R": [[-0.7988655232761536, -0.576545761874686, -0.17149011687282512], [0.28204571500585923, -0.10722404698413773, -0.9533903809013269], [0.5312853191718656, -0.8099987581550242, 0.2482698560433138]], "T": [-0.12228340225568424, 0.05757005698674364, 0.07449232821311011], "aligned_model": [[-0.7816361124425671, -0.3763537330448829, -0.10388001163176644, -0.689204912621277, 0.3587752433564747, -0.1286667137120892, 0.457924127333021, 0.3435391520073825, -0.7809437637093664, -0.07901224702512796, -0.2783651283444972, 0.6535071479816069, 0.5036359245974247, -0.05809002689356693], [-0.07610747140880333, -0.173423954228786, -0.6482188709361145, -0.395593885418426, -0.3952909621142947, -0.19037903352801647, 0.23026810714609997, -0.049846230845912456, 0.322433842477613, 0.4366026953883816, 0.32937793798018955, 0.026182262480594104, 0.5733107810167466, 0.09556187765339781], [0.5102179491118001, -0.703861736750931, -0.002846756058717287, -0.08971599656834281, 0.42113830622143833, 0.5879593656875788, 0.6284234677589446, -0.5242438039400878, -0.13424340442632823, -0.447517365308432, 0.5747173690386124, 0.03965372911023393, -0.04179749680364614, 0.051642266941394725]], "inverted": true, "swapped": false, "error_lsq": 0.04792121484250949, "error_max": 0.29654904538900884, "target": "337.xyz", "model": "21.xyz", "model_rescale": 4.186013935880536, "target_rescale": 4.14709995967519},
{"mapping": [0, 10, 8, 2, 4, 3, 5, 6, 9, 12, 11, 7, 13], "R": [[-0.5548186333756687, -0.41764784615953704, -0.7195460795928605], [0.1878694393510817, 0.779637214443834, -0.5973867152960214], [0.8104821761254628, -0.4666219995376978, -0.3540939871423621]], "T": [0.07722535772816616, 0.02570560683312289, 0.08833575211624989], "aligned_model": [[0.14815495767136103, -0.33289923147386224, 0.4351164590314641, 0.38213125574843465, -0.17296385447113796, 0.5793117687421405, -0.11940846284200798, -0.615740855556237, 0.20925851339310472, -0.504815281518875, -0.4318848265081675, 0.3436506581388996, 0.13866293506810826], [-0.42213590335399037, 0.1121357786035927, 0.3386233742213131, -0.5666744248329079, -0.3217700533911558, -0.36410498918085127, -0.5488648002155979, -0.2317443044832233, 0.5941887522077883, 0.5660931233710134, 0.288095535488263, 0.1204007983923148, -0.0452862272804655], [-0.6423017606448562, -0.5198172066436394, -0.6562098951873008, 0.3743332051210421, 0.5645911703019506, -0.31314923284551854, -0.011861392292861359, 0.04461253623946976, 0.069734961873431, -0.03648321342454955, 0.5960077149656553, 0.6245617331061623, 0.008860940766360292]], "inverted": false, "swapped": true, "error_lsq": 0.0445103421911884, "error_max": 0.2570150815187364, "target": "337.xyz", "model": "22.xyz", "model_rescale": 4.166573947596378, "target_rescale": 4.14709995967519},
{"mapping": [3, 0, 1, 4, 6, 2, 12, 5, 8, 7, 9, 13, 14, 15], "R": [[0.17390077911076093, 0.9568168844177635, 0.23293769278018256], [0.09952843079199913, -0.25240771297842646, 0.9624886689686702], [0.9797206798311204, -0.14419360638421075, -0.1391243810019032]], "T": [-0.09437086388857953, 0.09277003505732498, 0.17771855519371746], "aligned_model": [[-0.592175056616767, -0.35793407870978583, -0.0460450365586199, -0.7133251016373466, 0.3631053928235093, -0.2533308529992595, 0.3408933413747805, 0.41481645630607744, -0.7593546138930117, -0.007661422961440553, -0.31773530270511197, 0.5980572975731525, 0.4465278495694225, -0.07460992571483], [0.01667174324419199, -0.2670234082976808, -0.5628738849608593, -0.25712328673619866, -0.49400195392010937, -0.5032165520373106, 0.11206010336539804, -0.19206292520907145, 0.3886484419980013, 0.2144742506219719, 0.599121418616866, 0.3416315429264906, 0.6515765383618185, 0.036995067689161054], [0.5060882975595835, -0.5062689247720151, -0.09777141816866289, -0.007548355779964461, 0.3374738038180569, 0.4466812831957817, 0.6671614222480269, -0.4144473327973175, -0.17488847927592585, -0.5216091250950815, 0.4104539631608084, -0.24111832237505035, 0.32312019502054024, 0.14219888727473798]], "inverted": false, "swapped": false, "error_lsq": 0.05064086114787223, "error_max": 0.3471352733015255, "target": "337.xyz", "model": "23.xyz", "model_rescale": 4.274766983524099, "target_rescale": 4.14709995967519},
{"mapping": [7, 6, 12, 9, 10, 8, 1, 3, 2, 5, 13], "R": [[0.3524612043634736, -0.9317017975501535, 0.08776593792846152], [0.29664899708899306, 0.20018256743270746, 0.9337699460906547], [-0.8875643480586318, -0.30308200233247506, 0.3469449926391694]], "T": [0.016834618972736776, 0.10384800503351159, -0.07762543296028743], "aligned_model": [[0.35374293723645145, 0.07977771614268739, -0.5301991293835505, -0.3838706622137753, -0.5174674082058298, -0.6727196100142686, -0.060799546591047, 0.08333754439303281, 0.6758811587159109, 0.3315604971889967, 0.020651206689466645], [-0.2725153291678117, 0.8385458338065407, 0.47530792479984446, -0.21092481907713984, 0.5629609065777145, -0.19700158998031786, -0.695504783720146, -0.1495085335730692, -0.024230651346477103, 0.5019791582821618, 0.08647841464218346], [-0.41278412439697687, -0.14582819032373923, -0.5349451833431328, -0.3627660596661558, 0.14431839303482838, 0.3853608270130636, 0.1683064607233158, 0.6270880430675583, 0.19610759011487552, 0.27061971946799834, 0.044088958329942265]], "inverted": false, "swapped": true, "error_lsq": 0.05056884367882781, "error_max": 0.29938237714454075, "target": "337.xyz", "model": "24.xyz", "model_rescale": 3.7841303162186577, "target_rescale": 4.14709995967519},
{"mapping": [6, 2, 5, 4, 13, 3, 11, 12, 1, 9, 7, 14, 10, 15], "R": [[0.19712563866483773, -0.8244823335702567, -0.5304435542180941], [-0.07580416140280644, -0.5522585888351432, 0.8302193566593312], [-0.9774432012628649, -0.12344769211435458, -0.17136351891999185]], "T": [-0.13155144372320743, 0.17537423211021635, 0.030893882486913368], "aligned_model": [[-0.5061572213125449, -0.3074801393021611, -0.19435168776520972, -0.694775645798057, 0.45792917333939404, -0.1598056807387085, 0.17378798551224212, 0.3097237465782598, -0.8428502175959567, 0.20141194131328466, -0.2125256608277404, 0.6338537986131976, 0.3411914414051814, -0.1587228875704128], [-0.06944918190655777, -0.16573462526352195, -0.6535097604324942, -0.31328584018214206, -0.2443221629030239, -0.5369853032399556, 0.1481457238576269, -0.35876619643453117, 0.33851919723634916, 0.21464155454426956, 0.6240473168645211, 0.17134758037278602, 0.7891787589174115, 0.1410500342319318], [0.5981314514021678, -0.618326318539127, -0.24901003263112126, 0.004546685240691323, 0.32816065727250143, 0.40605715110407226, 0.7347788236919335, -0.2775572732032108, -0.1121940920054262, -0.448412042930272, 0.49451139648053266, -0.17752291959558703, 0.10169835062756917, 0.0846640570987938]], "inverted": true, "swapped": false, "error_lsq": 0.05337540115571805, "error_max": 0.3250474106183451, "target": "337.xyz", "model": "25.xyz", "model_rescale": 4.19342608120988, "target_rescale": 4.14709995967519},
{"mapping": [8, 9, 1, 5, 3, 10, 2, 6, 7, 12, 4, 13], "R": [[-0.7292608428735514, -0.13268834841101007, 0.6712469182404609], [-0.6380459346514605, 0.48620151849092685, -0.5970807890829023], [-0.24713560715951408, -0.8637140068408499, -0.4392289904603554]], "T": [0.04745084675921648, 0.033039113162656356, -0.03477882991723111], "aligned_model": [[-0.3145423054934121, 0.4008726768005289, 0.12218624367215661, -0.4024563172581566, -0.49892796184908633, -0.37287375634579656, -0.10621806398624567, -0.16713441575959162, 0.525502293423713, 0.2849990679152648, 0.18401976731241718, -0.05761867380001135], [-0.7639859235297783, -0.40363831066634065, -0.5949085700665585, 0.4477017537576538, -0.23219939303211246, -0.10597385266642255, 0.37317086247109627, 0.5706239439912578, 0.10562109809647786, -0.02833698038313942, 0.6459350817999395, -0.0012332820310927695], [0.08381222820094453, 0.12446208108208615, -0.5875633887257825, -0.1016661834044564, -0.47789505662841114, 0.5564275620177932, -0.6563675288750758, 0.4271194965246874, -0.4004106016453236, 0.7308408966379454, -0.16071794722215577, -0.08878309675283072]], "inverted": true, "swapped": true, "error_lsq": 0.039763056152658606, "error_max": 0.26799699885008166, "target": "337.xyz", "model": "26.xyz", "model_rescale": 3.795458400668931, "target_rescale": 4.14709995967519},
{"mapping": [6, 11, 12, 10, 8, 2, 4, 5, 7, 9, 3, 1, 13], "R": [[-0.531457573211884, -0.7595372021114526, 0.3750414463555211], [0.7067808474727688, -0.15355847160747024, 0.6905654418252136], [-0.46691935226697295, 0.6320783451489886, 0.6184361600620604]], "T": [-0.08588058995669728, -0.06126861516298312, -0.020993863333413763], "aligned_model": [[-0.09371341395755897, 0.4348755686550702, 0.582227938873827, 0.006470717799714365, -0.07740900761593829, -0.6730697437138269, -0.2189718540971376, -0.5658782718486426, 0.02182420430301668, 0.38580558030029316, -0.6987513027695849, -0.21517609989647912, -0.1885579332114963], [-0.7182497161002028, -0.5794633516207865, -0.2755987844350689, -0.1218140444115243, 0.656745964486238, -0.16078045922902306, -0.5969394158331883, -0.41292070558923877, -0.018137512477694094, 0.2821776444320052, 0.35776050107375873, 0.7162627663228182, -0.007161383361178823], [-0.36262060273859714, 0.1936214077716835, -0.41350286981285705, -0.7512868603295532, -0.5355179989789206, 0.3925064901005151, 0.3038087050358715, -0.17840578306346397, 0.5740080761311556, 0.0015594895454280402, -0.13947317444507054, 0.26918205364804565, -0.061742270764811015]], "inverted": true, "swapped": true, "error_lsq": 0.04710246842582341, "error_max": 0.2456814879993182, "target": "337.xyz", "model": "27.xyz", "model_rescale": 3.6321398670334006, "target_rescale": 4.14709995967519},
