[{"mapping": [8, 11, 5, 4, 3, 6, 12, 7, 2, 9, 1, 0, 13], "R": [[-0.7916333128086273, 0.22396758736554825, -0.568467429024121], [-0.5651728637794243, 0.08509602629042001, 0.8205719349069555], [0.23215583580647456, 0.9708744440550673, 0.05921555354602004]], "T": [0.044374584481892326, 0.21808259376460365, 0.01596210697755342], "aligned_model": [[-0.2819630912802643, 0.04355993973004122, -0.47448564498524715, -0.25861752888503786, -0.32566993093040275, -0.6453313758283274, 0.5697785574552766, 0.22474398719986896, -0.04962647522337141, 0.6484442416649387, 0.15350623763943827, 0.48641683007384284, 0.09391008857882346], [-0.14110394650414043, 0.36253306404245267, 0.7105018232247882, -0.6779904786745361, 0.17840865416733206, -0.11170519533787393, 0.46005321189895637, -0.3779660767820648, -0.3297991255193768, -0.1951728072925515, 0.6784459643545153, 0.12415718572588419, 0.12020507829299708], [-0.5964657518683874, -0.666822807057399, -0.23042909655200258, -0.12061407944600329, 0.38296802100053506, 0.0063711393980673305, -0.006856594060597864, -0.41250882946759054, 0.5472319704729535, -0.016641489941702173, 0.3464162834092767, 0.641413228502979, -0.10447911542726761]], "inverted": true, "swapped": false, "error_lsq": 0.053028598654467234, "error_max": 0.3189824657257348, "target": "339.xyz", "model": "0.xyz", "model_rescale": 3.8414455957264533, "target_rescale": 3.901416031732805},
{"mapping": [5, 1, 10, 2, 8, 6, 11, 4, 9, 0, 12, 13, 14], "R": [[0.9007921798369667, -0.4067138739827304, -0.15217514072451455], [-0.1946744308394917, -0.6914628540279335, 0.6956874208125838], [-0.38816918311721504, -0.5970451793704599, -0.7020411234882252]], "T": [0.025682451686324357, -0.03564092071184001, -0.030577367659747917], "aligned_model": [[-0.45711489978152003, 0.4922976449804963, -0.42588917520847586, -0.3435457725202931, -0.2768627879453552, -0.7356313692916048, 0.5792675833666519, 0.19681581977054177, -0.0663106780966037, 0.723024373803881, 0.02908872940093595, 0.42722452845598274, 0.04230183827494163], [-0.045283536129236926, 0.3653036336812635, 0.4504381977958398, -0.631084989808004, 0.3642659140505057, -0.19348927454759857, 0.6105478259962699, -0.3735801863058895, -0.383492175304304, -0.22804331090037194, 0.7033001633889677, 0.13428124030897964, 0.027403849369960903], [-0.47905983372284877, -0.6388631696133199, -0.1984804847980856, -0.2623565872758755, 0.5800315898467258, 0.043667746408247776, 0.01684633675324032, -0.4208691276881874, 0.5491177666519277, -0.0776191938817227, 0.15980124292223677, 0.5896946858916386, -0.09232809253111614]], "inverted": true, "swapped": false, "error_lsq": 0.04296266273494826, "error_max": 0.19955911247730704, "target": "339.xyz", "model": "1.xyz", "model_rescale": 4.316132596720782, "target_rescale": 3.901416031732805},
{"mapping": [2, 4, 10, 7, 1, 0, 9, 3, 11, 5, 8, 12], "R": [[0.1638143494286623, -0.026088724872263408, -0.9861461541555613], [-0.3266211938626472, 0.9418334142134508, -0.07917332625811316], [0.930850930407766, 0.3350659611264235, 0.14576469755541946]], "T": [-0.025482127631642676, 0.03150295350707538, -0.08224608726562069], "aligned_model": [[-0.1668025958555606, 0.531965399522895, 0.14043361354566725, -0.5926443542464909, -0.602835958397233, -0.5118324635133442, -0.050639017727153735, -0.1774288371545462, 0.46853426142126553, 0.17284631311018997, 0.4355494608613514, -0.04933726693525968], [-0.6918737021304608, -0.2566499764917685, -0.61982631621466, 0.35613715456934353, -0.1915599223053852, -0.2045184852437545, 0.4780579203155719, 0.6366816935122821, -0.08455921164753961, 0.07252157405532525, 0.5343165817805047, -0.01595088245847808], [0.10678139304454057, 0.056751986596089626, -0.47120799058929586, 0.03178111339158722, -0.41361321918535066, 0.32074605985811033, -0.5848115537386567, 0.4375275077228601, -0.6246120438954331, 0.6430374905959214, 0.013448685257865176, -0.06657096784881716]], "inverted": true, "swapped": true, "error_lsq": 0.03560843975366755, "error_max": 0.18524587925988753, "target": "339.xyz", "model": "2.xyz", "model_rescale": 3.795458400668931, "target_rescale": 3.901416031732805},
{"mapping": [5, 4, 2, 6, 7, 1, 10, 8, 11, 9, 0, 12], "R": [[0.663683299534134, -0.676219094464177, 0.31976900131428243], [0.21919053294924645, -0.23291235279310668, -0.9474741928843259], [0.7151782911868274, 0.6989131363756357, -0.006359215097927473]], "T": [0.11345313519653788, 0.024897589450305152, -0.05940634523812951], "aligned_model": [[-0.13055909516079522, -0.09533850402052649, -0.63184440750763, 0.15122945597270432, 0.24169473746182193, -0.046639798300916746, -0.25739889748308564, 0.6006409267227466, 0.3422551615440812, 0.721244994925819, -0.3623521125346289, 0.060371364123975285], [-0.1510917272130292, -0.5798960399192966, 0.008955751275678298, 0.07669265295447379, 0.6501193753904332, 0.5364026176809464, -0.28245307887388493, -0.3154837375830519, -0.48905971196929365, 0.13980024264920127, 0.4536519739480368, 0.03813072694949613], [-0.7497242124636706, -0.12048857180109171, 0.09308653855493612, 0.8603613466180302, -0.2402774820235159, 0.3940597806423877, 0.549735304578977, -0.40771334753497007, 0.4255482658348704, 0.20517387157059455, -0.27017750885190456, -0.050812554485542984]], "inverted": false, "swapped": true, "error_lsq": 0.040858519671986594, "error_max": 0.22676938684689787, "target": "339.xyz", "model": "3.xyz", "model_rescale": 3.7530521520055578, "target_rescale": 3.901416031732805},
{"mapping": [7, 8, 5, 4, 0, 11, 1, 9, 6, 10, 12], "R": [[-0.8477215629604709, 0.5170410804962645, 0.11847646505155318], [0.34391987605162067, 0.3657017758501977, 0.8648591388177902], [0.4038406499456122, 0.7739061520748283, -0.4878339853190207]], "T": [-0.04157908408426245, -0.11908874577201141, -0.08035169504268377], "aligned_model": [[-0.3709265021557974, -0.23954859200544878, 0.4150096082574487, 0.4090875340906748, 0.24679696220203542, -0.14568263674460225, -0.2270574050985269, -0.6860941554205104, -0.3222341253060671, 0.2616641619917615, -0.002815247365762566], [-0.6942362765032327, 0.1158411376574046, -0.378428519440152, 0.29835356453003914, -0.7017037217007136, 0.6065825267351904, -0.35952185217738625, 0.07339353717402443, 0.3039475871380893, 0.34244366558881495, -0.13946829068773214], [-0.052100068697269575, -0.6969108435916852, -0.620094794835401, -0.2694068139031501, 0.0986580397695078, 0.03900953955840883, 0.552647817089929, -0.06742307701179764, 0.6892945840179987, 0.46561586807492306, -0.046459473226147754]], "inverted": false, "swapped": true, "error_lsq": 0.042361844609036525, "error_max": 0.19750280736252107, "target": "339.xyz", "model": "4.xyz", "model_rescale": 3.7855080009869324, "target_rescale": 3.901416031732805},
{"mapping": [11, 13, 12, 4, 2, 1, 15, 6, 5, 10, 14, 9, 16], "R": [[0.5196203206608997, 0.8525923046428951, -0.0555075167880929], [0.7969850944405241, -0.46026682231735583, 0.3911127861800382], [0.30791148337775986, -0.24746881487896652, -0.9186673522371998]], "T": [0.06432518985584239, -0.005072248157650713, -0.008256515430917492], "aligned_model": [[-0.3925762243223142, 0.16772509048706274, -0.3725356217873344, -0.28648828071891924, -0.29366286826307936, -0.6858382668312495, 0.719052292909006, 0.0339121838177683, 0.13547351617420528, 0.7071287029886281, 0.036219580513626885, 0.35175096035527037, 0.06450476988690775], [0.0927017673313932, 0.36544820633611175, 0.45951541399896983, -0.6417656200795886, 0.3072521792935739, -0.10681613393708092, 0.4950422475302686, -0.32827732532138876, -0.647002959660186, -0.2049540702639917, 0.6492428361968565, 0.3192304069548916, 0.040950403216552564], [-0.6517761871717964, -0.6221707539256667, -0.24569324054407957, -0.14446313376979086, 0.5575028767493622, -0.005628027815221537, -0.031408586964278784, -0.5745520171138045, 0.4795611983836261, 0.27069719895532635, 0.1613879470266762, 0.5566578440863529, 0.019467761066155328]], "inverted": false, "swapped": false, "error_lsq": 0.039590210958078256, "error_max": 0.2126133391406054, "target": "339.xyz", "model": "5.xyz", "model_rescale": 4.2253639853439635, "target_rescale": 3.901416031732805},
{"mapping": [5, 6, 11, 10, 9, 8, 7, 2, 1, 4, 12, 0, 13], "R": [[-0.37072353686849135, 0.8985604608040041, 0.23484709385345284], [-0.7763679302357422, -0.1610488337448357, -0.6093571284976474], [-0.5097223716035882, -0.40823078206955976, 0.7573181184005104]], "T": [0.02508999961417896, 0.030421680093329042, -0.00465864770271622], "aligned_model": [[-0.31749302182677364, 0.24099296911205717, -0.39984232095417843, -0.2892114010651843, -0.21369357039535158, -0.6825130301845783, 0.5529798726795159, 0.22107630664100097, 0.008779002283295062, 0.5080239429268041, -0.02005542397029604, 0.4942705740590237, 0.08135193590424429], [-0.08068993995472354, 0.3699587430033091, 0.5785226228860517, -0.6477141296143278, 0.1782532859097309, -0.11072438193925813, 0.6224702001709038, -0.3186815873750343, -0.5114402089303246, -0.48453131846368136, 0.9566441711138898, 0.21463046991489246, 0.03386942487495411], [-0.5252663193340225, -0.5064738116780306, -0.35760576592201526, -0.22794977496098945, 0.5373050508054319, 0.15421431094979726, 0.009555704759774422, -0.5430710251032858, 0.49013972188640875, 0.045436540491240754, 0.10219429950080018, 0.6190394841228332, -0.027935536555081773]], "inverted": true, "swapped": false, "error_lsq": 0.044330216378236656, "error_max": 0.26103958150102685, "target": "339.xyz", "model": "6.xyz", "model_rescale": 3.89814844738969, "target_rescale": 3.901416031732805},
{"mapping": [2, 0, 4, 5, 11, 10, 3, 1, 9, 6, 7, 8, 12], "R": [[-0.664485456066811, -0.6739646564195059, -0.3228478288188096], [0.595958188765003, -0.7385669588883759, 0.3152026086223166], [-0.4508801569370947, 0.01704374183427715, 0.8924217584442165]], "T": [0.010776455064421847, 0.1650098575052601, -0.021213090074757045], "aligned_model": [[-0.4594068318870199, 0.3246383571796717, -0.5040317380191833, 0.03000113482139076, -0.33886320635611555, -0.6141673044195658, 0.7779908693553287, 0.15378611321619487, -0.08690333540993965, 0.5633262315771795, 0.16226741955778132, 0.32770435795425845, -0.15167623236040248], [0.0019264532045911165, 0.2655091250659002, 0.52647129718702, -0.601026582735469, 0.38491270391190663, -0.21472716629632416, 0.416836940044927, -0.3206368070730974, -0.5403526932966778, -0.22144866343276315, 0.8031778801647091, 0.17632764065046747, 0.12359722420119211], [-0.5250774809918062, -0.513555441583015, -0.1619750890000944, -0.14529043666301114, 0.6750161929398234, 0.0431977264738719, -0.0025824788735223023, -0.69833358665795, 0.5181089004779019, 0.03088688207374963, 0.011447927633769568, 0.5763782288625767, -0.03863846572943305]], "inverted": false, "swapped": false, "error_lsq": 0.04696926795515776, "error_max": 0.32790722324207966, "target": "339.xyz", "model": "7.xyz", "model_rescale": 3.7474275329858107, "target_rescale": 3.901416031732805},
{"mapping": [12, 1, 13, 10, 9, 11, 2, 0, 7, 3, 4, 8, 14], "R": [[-0.06695271821016192, -0.6837488123633572, -0.7266394533164087], [0.9976677781242264, -0.036185066453509496, -0.05787612166018857], [0.013279232543355002, -0.7288197325521955, 0.6845768469833068]], "T": [0.016829619232861276, -0.004456394022453777, -0.028783034006697822], "aligned_model": [[-0.44032163064747487, 0.3683523221086612, -0.47940000413178296, -0.3191304084648735, -0.29534310543289366, -0.5713386902255131, 0.6272798786342374, 0.37840131007427336, -0.20780266416429322, 0.6880646906638875, 0.09310910900233109, 0.31730796498250746, 0.025487062810511715], [0.08054532103262814, 0.1779918636130562, 0.7207387586788739, -0.6476483973681978, -0.017758733823229338, -0.10404777828547052, 0.5592242843037409, -0.40174340911729683, -0.5173325202548832, -0.1897949134798309, 0.7479276831049236, 0.341227461746441, 0.05123773144562711], [-0.4342828021569356, -0.6674897293673392, -0.2184142025588379, -0.24945987082852691, 0.6659915177861712, 0.14620139821320294, -0.16370549147156818, -0.41041397830507864, 0.35900047301831095, 0.14217792373203492, 0.17202903179418927, 0.47661359385386726, -0.04866498474662924]], "inverted": false, "swapped": false, "error_lsq": 0.051213334619756176, "error_max": 0.32087884730494676, "target": "339.xyz", "model": "8.xyz", "model_rescale": 4.019505241142653, "target_rescale": 3.901416031732805},
{"mapping": [11, 5, 8, 10, 7, 9, 3, 6, 1, 2, 4, 0, 12], "R": [[0.21137895078723823, -0.04382010718672252, -0.9764213933390802], [0.5734553186369515, -0.8034208534076334, 0.16019965616923987], [-0.7914972752265663, -0.5937968764787285, -0.14469738350442574]], "T": [0.01912169437983127, -0.012582773739187578, -0.03907456774305944], "aligned_model": [[-0.361069074881017, 0.26623092477057503, -0.5044981306207954, -0.2048796333642063, -0.3171506326091139, -0.651268529626823, 0.7402735442402153, 0.24486591686855905, -0.0554441483220218, 0.5908797169467299, 0.17593705802605625, 0.24281873336400725, 0.01797009041741279], [0.08939493928286549, 0.36810679080023934, 0.4139345215392615, -0.8876456357569084, 0.5270058010168862, -0.12170722200576017, 0.4541258658154029, -0.41559668330769883, -0.4951351237270827, -0.1505228265752841, 0.7724608304072242, 0.23496979581409977, 0.011176298293136919], [-0.5210549086374009, -0.5335815978735048, -0.045571265425053326, -0.1882997362102189, 0.6054012519506239, 0.03844229350187793, -0.06323782393539375, -0.6000390698946312, 0.427710679232334, 0.024466502995659625, 0.17705074904429646, 0.5188890853100464, -0.07059328109577452]], "inverted": false, "swapped": false, "error_lsq": 0.045406709613809784, "error_max": 0.30413231477455127, "target": "339.xyz", "model": "9.xyz", "model_rescale": 3.877068213659057, "target_rescale": 3.901416031732805},
{"mapping": [6, 12, 3, 14, 4, 13, 0, 10, 2, 8, 5, 1, 15], "R": [[-0.19111009796640493, 0.5311008750435807, -0.8254748881602724], [0.5895445142030605, -0.610285838743284, -0.529139358583808], [-0.7848020108462698, -0.5877780665841057, -0.19647582094064958]], "T": [0.017225982239654145, -0.012903124199068777, -0.010842143123583631], "aligned_model": [[-0.330674415617709, 0.20252931514203637, -0.4013965737419277, -0.26332648822068633, -0.28509622747396995, -0.700458865604326, 0.6846669217896687, 0.10595081842716601, -0.1648361342662607, 0.6790543281616983, 0.12963889601419154, 0.4376552495639911, 0.09095901103570646], [0.0895499992995111, 0.4705127976326645, 0.4640744456099667, -0.7043030289052369, 0.2147081976390429, -0.3000815979465665, 0.40265844351464275, -0.402031817776462, -0.4766045082042215, -0.2778271641279306, 0.7547786254241404, 0.5298252713591077, 0.03530768807772378], [-0.5096138802748792, -0.5495135986958781, -0.013824801457874479, -0.2405768373460428, 0.5503040476591302, -0.02061349691372762, -0.13573093880080353, -0.5972869766229748, 0.4275523939712545, 0.28432125130390923, 0.08415001631442641, 0.5198100311256163, -0.02939433129929522]], "inverted": false, "swapped": false, "error_lsq": 0.0450026639493397, "error_max": 0.2587766025532981, "target": "339.xyz", "model": "10.xyz", "model_rescale": 4.260839863003843, "target_rescale": 3.901416031732805},
{"mapping": [6, 1, 0, 2, 5, 4, 11, 9, 7, 3, 8, 12], "R": [[0.9841601217059506, -0.17561069010321356, -0.024284570517136186], [-0.012322450075010025, -0.204413375211343, 0.9788070950186537], [-0.17685308045911316, -0.9630036643524155, -0.20333944618775443]], "T": [-0.00859236550676322, 0.04793981295812536, -0.04195041450747011], "aligned_model": [[0.5693893940592416, 0.27568871062617867, -0.3748041476183303, -0.49393492662075184, -0.6455272208368937, -0.3727651109937261, 0.3044190554051282, 0.6417778475481609, 0.1591001705406272, -0.13004070369685244, 0.06605505685741452, -0.04045947617606653], [-0.12626740454176152, -0.5459879299567175, -0.5079496192529515, -0.2922693046956636, 0.2041442562691393, 0.49880278140033124, 0.5262919261830287, 0.17403900194176508, -0.4184322651058692, 0.03015457009962006, 0.6191651873178051, 0.011387305874207623], [-0.7388516391994091, -0.2855336128831206, 0.06538694713500395, -0.5191055293384095, 0.32814028776683607, -0.3198013030553806, -0.5161724678708823, 0.07524103612113167, 0.3990018010942145, 0.7608121196355389, 0.33575117918285696, -0.06869074119287538]], "inverted": false, "swapped": true, "error_lsq": 0.04172650215420031, "error_max": 0.2166776649894726, "target": "339.xyz", "model": "11.xyz", "model_rescale": 3.890672605050136, "target_rescale": 3.901416031732805},
{"mapping": [10, 4, 12, 11, 5, 9, 3, 2, 6, 0, 7, 8, 13], "R": [[0.709794146060373, -0.41379947237888137, -0.5700546174511576], [0.3526463310545913, -0.49180903988067354, 0.7960932316540481], [-0.609780973311042, -0.766089984891207, -0.20315831176013638]], "T": [0.04667032262203187, -0.09968808868097388, 0.05020524332415219], "aligned_model": [[-0.4205137853285824, 0.3459750741105335, -0.41500671256635036, -0.21737353515616864, -0.405081512331355, -0.6778562915995109, 0.7540516827726961, 0.08636842765449548, 0.05907553397190528, 0.636605770433644, 0.012329362802904822, 0.3799422492615622, 0.046149571183804305], [0.017282868211973404, 0.17417081150377284, 0.42732459141873214, -0.49339976441087824, 0.3772906531385962, -0.2146789128395935, 0.49416790510789455, -0.3091020979950771, -0.5151174981769133, -0.12368408547138109, 0.7492475374006373, 0.16121060066985798, 0.05585474303876116], [-0.7031852988015763, -0.5211746761262505, -0.20325894929260194, -0.2291406380824084, 0.4665989768307067, 0.3103181258682328, 0.0470706054715198, -0.6281265094535814, 0.4493579213795267, 0.04046361612109983, 0.12157170270476897, 0.6333456575016696, -0.014257655158244786]], "inverted": false, "swapped": false, "error_lsq": 0.04440069846751807, "error_max": 0.2635273401206867, "target": "339.xyz", "model": "12.xyz", "model_rescale": 4.124412569039231, "target_rescale": 3.901416031732805},
{"mapping": [3, 9, 6, 5, 1, 0, 11, 7, 4, 10, 8, 2, 12], "R": [[0.7691825176511611, 0.18804195428686948, -0.6107360133214648], [-0.39348556318100975, 0.8924221340193208, -0.22079820262068556], [0.5035150108069719, 0.41014992154135127, 0.7604272981368295]], "T": [-0.08845535572138909, 0.0096452879995651, -0.11037025129137609], "aligned_model": [[-0.6412438261507316, 0.11690626919279264, -0.36696959773692595, -0.07612601400276572, -0.4297088032540345, -0.568104204083035, 0.7964441310974336, 0.22495862502868613, -0.0370944219400743, 0.6053860328928279, 0.20360496400006545, 0.3431735933002862, 0.013439086865054059], [0.10991901612419393, 0.3546307261189696, 0.6136104087115967, -0.7464433096195261, 0.4274554831868873, -0.2904361555643123, 0.4173995251308956, -0.31188137389980397, -0.41599889573071386, -0.2002826211526954, 0.6412286483544309, 0.21256771158880194, -0.011201811652342152], [-0.5498283973921201, -0.6078166529253227, -0.18295650854363887, -0.15423252386581046, 0.49942071637979935, 0.01868594921054359, 0.09271160822770028, -0.5479430530904419, 0.5487695966067939, 0.027919562875706738, 0.06484204697989246, 0.6072051482451711, -0.047194613745412575]], "inverted": false, "swapped": false, "error_lsq": 0.04749278098902551, "error_max": 0.27111020440310213, "target": "339.xyz", "model": "13.xyz", "model_rescale": 3.9028299243045295, "target_rescale": 3.901416031732805},
{"mapping": [13, 10, 14, 8, 11, 12, 7, 5, 2, 3, 9, 6, 15], "R": [[-0.6831989706978513, -0.7253155948349823, 0.08459582925045833], [-0.45627661421825616, 0.514462931591038, 0.7260437613093856], [-0.5701322809269105, 0.45743325186078365, -0.6824250891762021]], "T": [0.07698457904540958, -0.0772050788586673, 0.017526841201884972], "aligned_model": [[-0.45309933078079756, 0.2149314418021312, -0.3630821668547708, -0.18374555251401287, -0.43121554403887885, -0.6078641007587321, 0.6830574924653187, -0.06513092723787016, 0.07112853283237114, 0.6660267850620579, 0.17585489890004713, 0.36046807876682696, 0.11733622756588805], [0.05402603514852376, 0.37699952647421575, 0.6465596230591074, -0.7870238421445255, 0.36466612250460656, -0.19542247408880548, 0.5804692994449367, -0.2892819936539981, -0.6346477690816213, -0.18751143988554522, 0.6616354522867784, 0.18211990806343165, 0.027978903469277464], [-0.5607817226764542, -0.5569480856652085, -0.2385133278998669, -0.1395854795815754, 0.3214004409778731, -0.017789191933388567, -0.1265841978577294, -0.426239312013853, 0.498539443319055, 0.18943155750193197, 0.230093973779383, 0.5623166344183029, 0.03424214659439126]], "inverted": false, "swapped": false, "error_lsq": 0.040468313506158204, "error_max": 0.25212325497360694, "target": "339.xyz", "model": "14.xyz", "model_rescale": 3.942246331269136, "target_rescale": 3.901416031732805},
{"mapping": [3, 5, 4, 12, 11, 13, 9, 1, 8, 0, 10, 6, 14], "R": [[0.25498824104529605, -0.6280433291412864, 0.7352160047562595], [-0.9281346812026028, -0.37222379574158004, 0.003931848505934643], [0.2711955207549881, -0.6833820473240869, -0.6778214860253181]], "T": [0.06820836121969492, 0.11019359784541871, -0.0027731232536345185], "aligned_model": [[-0.24538125381701686, 0.3887986248631999, -0.4311743658138871, -0.36607169899382214, -0.2989526287546133, -0.6693455453772739, 0.6505789604436554, 0.10487366668009657, 0.1971318629543307, 0.5259539974073799, -0.06061249214045861, 0.27613827428004534, 0.11272843347794285], [0.10134139553483754, 0.1681732407749585, 0.40137514661472745, -0.5215608444749266, 0.23992439353143086, -0.18657610029341543, 0.6610543968040484, -0.3657543997191413, -0.3381594175698445, -0.4650292542760862, 0.8064391638592849, 0.27082350215194473, 0.02851612865856433], [-0.6494037151343668, -0.5474196159916905, -0.10021117803416851, -0.2862575356508634, 0.5992848081352893, 0.16714399664736776, 0.07178672829226804, -0.6575788919899825, 0.6146402152452284, 0.014693582691978263, 0.08467866682955896, 0.4909399254250614, -0.032714107502819605]], "inverted": true, "swapped": false, "error_lsq": 0.05203646064381141, "error_max": 0.2848904406670438, "target": "339.xyz", "model": "15.xyz", "model_rescale": 4.355366556412066, "target_rescale": 3.901416031732805},
{"mapping": [2, 4, 10, 7, 1, 0, 9, 3, 11, 5, 8, 12], "R": [[0.1638143494286623, -0.026088724872263408, -0.9861461541555613], [-0.3266211938626472, 0.9418334142134508, -0.07917332625811316], [0.930850930407766, 0.3350659611264235, 0.14576469755541946]], "T": [-0.025482127631642676, 0.03150295350707538, -0.08224608726562069], "aligned_model": [[-0.1668025958555606, 0.531965399522895, 0.14043361354566725, -0.5926443542464909, -0.602835958397233, -0.5118324635133442, -0.050639017727153735, -0.1774288371545462, 0.46853426142126553, 0.17284631311018997, 0.4355494608613514, -0.04933726693525968], [-0.6918737021304608, -0.2566499764917685, -0.61982631621466, 0.35613715456934353, -0.1915599223053852, -0.2045184852437545, 0.4780579203155719, 0.6366816935122821, -0.08455921164753961, 0.07252157405532525, 0.5343165817805047, -0.01595088245847808], [0.10678139304454057, 0.056751986596089626, -0.47120799058929586, 0.03178111339158722, -0.41361321918535066, 0.32074605985811033, -0.5848115537386567, 0.4375275077228601, -0.6246120438954331, 0.6430374905959214, 0.013448685257865176, -0.06657096784881716]], "inverted": true, "swapped": true, "error_lsq": 0.03560843975366755, "error_max": 0.18524587925988753, "target": "339.xyz", "model": "16.xyz", "model_rescale": 3.795458400668931, "target_rescale": 3.901416031732805},
{"mapping": [2, 0, 4, 5, 11, 10, 3, 1, 9, 6, 7, 8, 12], "R": [[-0.664485456066811, -0.6739646564195059, -0.3228478288188096], [0.595958188765003, -0.7385669588883759, 0.3152026086223166], [-0.4508801569370947, 0.01704374183427715, 0.8924217584442165]], "T": [0.010776455064421847, 0.1650098575052601, -0.021213090074757045], "aligned_model": [[-0.4594068318870199, 0.3246383571796717, -0.5040317380191833, 0.03000113482139076, -0.33886320635611555, -0.6141673044195658, 0.7779908693553287, 0.15378611321619487, -0.08690333540993965, 0.5633262315771795, 0.16226741955778132, 0.32770435795425845, -0.15167623236040248], [0.0019264532045911165, 0.2655091250659002, 0.52647129718702, -0.601026582735469, 0.38491270391190663, -0.21472716629632416, 0.416836940044927, -0.3206368070730974, -0.5403526932966778, -0.22144866343276315, 0.8031778801647091, 0.17632764065046747, 0.12359722420119211], [-0.5250774809918062, -0.513555441583015, -0.1619750890000944, -0.14529043666301114, 0.6750161929398234, 0.0431977264738719, -0.0025824788735223023, -0.69833358665795, 0.5181089004779019, 0.03088688207374963, 0.011447927633769568, 0.5763782288625767, -0.03863846572943305]], "inverted": false, "swapped": false, "error_lsq": 0.04696926795515776, "error_max": 0.32790722324207966, "target": "339.xyz", "model": "17.xyz", "model_rescale": 3.7474275329858107, "target_rescale": 3.901416031732805},
{"mapping": [5, 12, 10, 4, 3, 8, 7, 9, 0, 2, 11, 1, 13], "R": [[-0.6617813671367789, -0.7467132520828539, -0.06681871949105235], [0.7388860607451146, -0.6647239716565929, 0.11040575502052415], [-0.12685744498113857, 0.02369305106847429, 0.9916379520691632]], "T": [0.04950814038042996, 0.06744394728401679, -0.013548102760137922], "aligned_model": [[-0.38608600166065743, 0.16119215872131004, -0.48029964443449036, -0.3098502467624059, -0.31543764136084895, -0.6103280113663238, 0.6854799291986271, 0.32285536895263156, -0.0034681692308473414, 0.6030817805900308, 0.10962376827011133, 0.3122602887398745, 0.09564225555256678], [0.024348022332982, 0.41520068935170495, 0.4764601512123966, -0.6369151317846291, 0.357838134918372, -0.15264953192599032, 0.44717392205317763, -0.22148358010992678, -0.5692724396236024, -0.30863191242831467, 0.7706269344156905, 0.21517283824479166, -0.017300745060269643], [-0.5894130360061182, -0.6661037338807352, -0.18221590210838814, -0.26646243478636833, 0.479478238814695, 0.16819227381031174, -0.15053099266063566, -0.5516246237141688, 0.5258294496501806, 0.22300188438085627, 0.14025846308820347, 0.6090720865348065, 0.03010120584022126]], "inverted": true, "swapped": false, "error_lsq": 0.04438175144824024, "error_max": 0.2679011423572688, "target": "339.xyz", "model": "18.xyz", "model_rescale": 3.922800546911778, "target_rescale": 3.901416031732805},
{"mapping": [0, 2, 1, 12, 8, 5, 10, 3, 13, 11, 6, 4, 14], "R": [[-0.9701715427810853, 0.12762018904034667, -0.206107411140587], [-0.07745939090814852, 0.6424446285365133, 0.7624073334017192], [0.22971116720331086, 0.7556308534025644, -0.6133961143080422]], "T": [0.016368433524888093, 0.031492697715745, -0.010478170052339884], "aligned_model": [[-0.4256064449243047, 0.2819849656612399, -0.34416380248905953, -0.3015989022018017, -0.3486154289920688, -0.7222119888944565, 0.6732612307465082, -0.050854789290101995, 0.21168993039529654, 0.6785416365023254, 0.032840259753231196, 0.4321039436924551, 0.0672952252503155], [0.02183479968407783, 0.36875125281865867, 0.6438190287714574, -0.687549136925327, 0.1036589804810677, -0.12371978657925453, 0.4990812740338468, -0.3520251296933145, -0.3766432765981161, -0.15909633630670247, 0.6396065785156412, 0.2649443214974144, -0.042095218103066746], [-0.7197084341431421, -0.583918217183284, -0.21797755565740387, 0.01165004753031016, 0.47528870999986933, -0.12424004645894748, -0.03177191369858919, -0.5179664536204498, 0.5063276795192023, 0.1696497904029894, 0.3146279031488611, 0.5340688564123904, -0.04644748728894505]], "inverted": true, "swapped": false, "error_lsq": 0.04549599764917068, "error_max": 0.2671292441481993, "target": "339.xyz", "model": "19.xyz", "model_rescale": 3.9282355846067225, "target_rescale": 3.901416031732805},
{"mapping": [11, 10, 0, 8, 3, 4, 2, 9, 6, 7, 1, 5, 13], "R": [[0.9882019482013056, -0.15241020116990606, -0.015100998327698319], [-0.1531188941108983, -0.9809608922047118, -0.11945849585187068], [0.003393204591517195, 0.12036136649392387, -0.9927243462403427]], "T": [0.073432078777344, -0.07039643470686839, -0.0202083261983714], "aligned_model": [[-0.3719442546820454, 0.33896838632894477, -0.45421226700604067, -0.3122127612466301, -0.35210444981299116, -0.5550987309082364, 0.6634081576226591, 0.052192545573309775, 0.09154423856919626, 0.6631510136384452, 0.05244748138683632, 0.30468303190731344, 0.06384344383881735], [0.0673834306881206, 0.4527490319864681, 0.5125306327512892, -0.7203903622265974, 0.2831695842546469, -0.12683520657119085, 0.5013034216771376, -0.4586478061375042, -0.37474876200630347, -0.26239228290820776, 0.6550835301943658, 0.18315680184412264, 0.08820533805003512], [-0.5642853442867705, -0.6511153233394225, -0.1684799235604257, -0.10627533891838244, 0.4899532190130932, 0.013429914633275586, 0.0414659063521132, -0.592252537819545, 0.5576200779080348, 0.03867247304348011, 0.16617639287986966, 0.5880053740415935, -0.04333201098405312]], "inverted": false, "swapped": false, "error_lsq": 0.036370144985523954, "error_max": 0.2193089738129142, "target": "339.xyz", "model": "20.xyz", "model_rescale": 4.067790424073018, "target_rescale": 3.901416031732805},
{"mapping": [5, 1, 13, 4, 11, 6, 9, 8, 2, 0, 10, 12, 14], "R": [[0.7354547539155191, 0.33325186335892737, -0.589957202270526], [0.4889212759211304, 0.3418012241463092, 0.8025757964975886], [0.4691079735995941, -0.8787008129846516, 0.08844540895600604]], "T": [0.01518156134452139, -0.0034726916433198, 0.02151182318402681], "aligned_model": [[-0.277430157653813, 0.2962773946335311, -0.3885182915708787, -0.32286054371970085, -0.2471272508806213, -0.6315240534252264, 0.5636991446219892, 0.20606311034312053, -0.04099073643268594, 0.5438442814722506, 0.058242916553224805, 0.3947322269842915, 0.030257794284097295], [-0.02733495277242258, 0.43109740287830867, 0.5323791072275007, -0.6498081951768535, 0.3746439648103676, -0.2673159211180833, 0.5446998590701596, -0.26625036530075796, -0.6856027684799404, -0.44462431435493577, 0.8140869828305014, 0.3721253404057513, 0.07247121157678679], [-0.4906161835257529, -0.6152291498449116, -0.17852013296345468, -0.310829036193934, 0.47566392889363046, 0.26587937581935817, -0.030307236520048377, -0.44718853440505574, 0.3135138142324219, 0.19575017615781162, -0.010561840708925883, 0.5709490602102042, 0.031078637811517977]], "inverted": false, "swapped": false, "error_lsq": 0.046898434763792046, "error_max": 0.25768176431256085, "target": "339.xyz", "model": "21.xyz", "model_rescale": 4.186013935880536, "target_rescale": 3.901416031732805},
{"mapping": [1, 2, 0, 10, 6, 7, 5, 9, 4, 11, 5, 3, 12], "R": [[-0.8365653403174544, -0.4084320156766482, -0.365159855337155], [-0.5307805494782871, 0.43904642705555896, 0.7249208530489901], [-0.1357587554269316, 0.8002634087974148, -0.5840787933702718]], "T": [0.037341755650293317, -0.008469639146749211, -0.10079529044162674], "aligned_model": [[-0.5113840918608422, 0.30261620695113306, -0.35128028863015903, -0.21630927124905416, -0.23400710957854162, -0.6373324849524247, 0.4287983527860032, 0.06419485098522884, -0.05572583711239607, 0.5778379917725657, 0.4287983527860032, 0.3359015073654586, 0.05255765594660398], [0.13940739308693378, 0.49438852534632166, 0.5984148562172974, -0.8014817760457055, 0.18088717951201866, -0.2770379640895723, 0.6447274537602926, -0.4344222061061818, -0.42344670906751697, -0.27262562187690026, 0.6447274537602926, 0.31670442102656393, -0.009675653927461642], [-0.5613987680048017, -0.5766758791975557, -0.15031858791241445, -0.04518647889414654, 0.34682803064838164, 0.004130701502244261, 0.03571136321150431, -0.5516767407253294, 0.48805834450155516, 0.09169214872619072, 0.03571136321150431, 0.7100453597374139, -0.05733797784168534]], "inverted": true, "swapped": false, "error_lsq": 0.04804022467296584, "error_max": 0.349883501902593, "target": "339.xyz", "model": "22.xyz", "model_rescale": 4.166573947596378, "target_rescale": 3.901416031732805},
{"mapping": [1, 12, 5, 4, 7, 0, 14, 2, 8, 9, 13, 10, 15], "R": [[0.8032814364228102, -0.19877882483479692, 0.5614498309696102], [-0.03759726362671065, 0.9238598122234098, 0.38087989330799465], [-0.5944117930074154, -0.32706272510914924, 0.7346458971354068]], "T": [0.1544812345632208, -0.032745228584118935, -0.12886278336948273], "aligned_model": [[-0.48444178239343194, 0.563343115562835, -0.43237311575152726, -0.2664577348789259, -0.2727377305927612, -0.6123931101104593, 0.6798303748641111, -0.059524449867432244, 0.03942409817881312, 0.6477165809052716, 0.0680232649573925, 0.2217837413766349, 0.09247258295905844], [-0.009621888092392672, 0.2811205485119921, 0.5543493539564728, -0.6347923013064374, 0.22278669142257446, -0.18148149974149588, 0.5298681342608287, -0.32358965175032434, -0.558208643617893, -0.23480324383221207, 0.7619274103423948, 0.40597525810179474, -0.012962816658919418], [-0.44404804697591127, -0.5334633165655335, -0.08432174757675873, -0.11460727229254455, 0.38453476368246853, 0.10891237084459332, 0.054036773638347385, -0.6966834660973811, 0.47506535395254124, 0.14743527647700364, 0.15012387460711804, 0.47440825044764323, -0.15180993517872515]], "inverted": false, "swapped": false, "error_lsq": 0.04309092952054116, "error_max": 0.2345561954327086, "target": "339.xyz", "model": "23.xyz", "model_rescale": 4.274766983524099, "target_rescale": 3.901416031732805},
{"mapping": [8, 0, 7, 9, 1, 6, 11, 10, 4, 2, 12], "R": [[0.8473375706607116, 0.012105452931883087, -0.5309166595202282], [0.5302622179416256, -0.07388116363662944, 0.8446085210814095], [-0.029000371901608257, -0.9971935778318127, -0.06902135003429635]], "T": [0.040501653603204193, 0.11474160654873349, -0.1330413583851352], "aligned_model": [[0.3018999155130415, 0.059527032743616495, -0.32591076107015093, -0.43542080465503463, -0.5289854989989252, -0.577812109706361, 0.005470119887630423, 0.017534939359529794, 0.5733527057056473, 0.24371915825030893, 0.04652000692877224], [-0.327367976282762, 0.7882790775295917, 0.5037519499538735, -0.3023098033829461, 0.41727657215231867, -0.17247704725068924, -0.5379808250540989, -0.03728293871980411, -0.12855691761726484, 0.5557888675606325, 0.15646557235463218], [-0.592104780248893, -0.1079266308547886, -0.5260750126500402, -0.36147557384181384, 0.1445476294917098, 0.4876646275766585, 0.21967618962210994, 0.628148684033041, 0.13148823456593672, 0.4527543469010066, -0.09713128057334955]], "inverted": true, "swapped": true, "error_lsq": 0.04896614463463699, "error_max": 0.28175675430558605, "target": "339.xyz", "model": "24.xyz", "model_rescale": 3.7841303162186577, "target_rescale": 3.901416031732805},
{"mapping": [2, 9, 12, 1, 3, 4, 14, 8, 6, 7, 13, 11, 15], "R": [[0.22259273400912077, 0.8935507267359765, -0.38989687548883095], [-0.3348818245234967, 0.44567542456687126, 0.8301973136194509], [0.9155908684396972, -0.054226512765870816, 0.39843800890865577]], "T": [0.13062976163570558, -0.015177404702540684, -0.07698567013205344], "aligned_model": [[-0.4088633134252807, 0.20007751387306713, -0.18092425813477156, -0.1163605314847029, -0.37930008998041653, -0.5575508732396727, 0.4448632208126435, 0.016143150537063944, -0.10754411009422549, 0.5865220299925561, 0.14468932599531623, 0.44008029447095376, 0.10283347588704853], [0.07532772613588355, 0.31971308271165805, 0.6607846741667925, -0.6945634819352028, 0.24508766995404135, -0.2749790422175266, 0.6826529006458297, -0.35636843721259387, -0.3015879637899437, -0.3564316132471529, 0.6579043425370548, 0.17285987732257724, -0.029832383475035307], [-0.5961668246247626, -0.5515023502127246, -0.22252352473916948, -0.2515329329863118, 0.4897907628447549, 0.0479737864344989, -0.28576584251836296, -0.5459625126869233, 0.54210127910161, 0.2368827177366437, 0.32146544036200914, 0.6000002362642858, -0.01517735601268666]], "inverted": false, "swapped": false, "error_lsq": 0.049613049354703606, "error_max": 0.3566308826910026, "target": "339.xyz", "model": "25.xyz", "model_rescale": 4.19342608120988, "target_rescale": 3.901416031732805},
{"mapping": [2, 4, 10, 7, 1, 0, 9, 3, 11, 5, 8, 12], "R": [[0.1638143494286623, -0.026088724872263408, -0.9861461541555613], [-0.3266211938626472, 0.9418334142134508, -0.07917332625811316], [0.930850930407766, 0.3350659611264235, 0.14576469755541946]], "T": [-0.025482127631642676, 0.03150295350707538, -0.08224608726562069], "aligned_model": [[-0.1668025958555606, 0.531965399522895, 0.14043361354566725, -0.5926443542464909, -0.602835958397233, -0.5118324635133442, -0.050639017727153735, -0.1774288371545462, 0.46853426142126553, 0.17284631311018997, 0.4355494608613514, -0.04933726693525968], [-0.6918737021304608, -0.2566499764917685, -0.61982631621466, 0.35613715456934353, -0.1915599223053852, -0.2045184852437545, 0.4780579203155719, 0.6366816935122821, -0.08455921164753961, 0.07252157405532525, 0.5343165817805047, -0.01595088245847808], [0.10678139304454057, 0.056751986596089626, -0.47120799058929586, 0.03178111339158722, -0.41361321918535066, 0.32074605985811033, -0.5848115537386567, 0.4375275077228601, -0.6246120438954331, 0.6430374905959214, 0.013448685257865176, -0.06657096784881716]], "inverted": true, "swapped": true, "error_lsq": 0.03560843975366755, "error_max": 0.18524587925988753, "target": "339.xyz", "model": "26.xyz", "model_rescale": 3.795458400668931, "target_rescale": 3.901416031732805},
{"mapping": [4, 11, 10, 2, 7, 3, 8, 9, 0, 1, 5, 6, 12], "R": [[0.44138182164260464, -0.16633978673072258, 0.88176706837681], [-0.8184568138394441, 0.32820369638201974, 0.47160447152350515], [-0.36784579840368115, -0.9298459060680736, 0.008721213516572339]], "T": [0.09513150606802291, 0.02756475990723497, -0.11685208939309552], "aligned_model": [[-0.482882477224152, 0.18100531605830789, -0.360265727601262, 0.04953874984252972, -0.4550184062820779, -0.5764270500702994, 0.6985815905372942, 0.05004919512514737, -0.17221860051261484, 0.5723150335161313, 0.13521957036002435, 0.5318796111139956, 0.012889030346554517], [0.20982316104358711, 0.41651105085092577, 0.571518855978493, -0.8486850783484537, 0.3153819309985598, -0.2548405611518618, 0.43451831196754626, -0.30441503837455175, -0.4573652280952345, -0.2565755616515642, 0.6477858224654294, 0.2376213573771454, 0.0892883285363612], [-0.6926514407044, -0.7109236871422495, -0.1832879941652537, -0.046549632566577126, 0.40727046172980685, 0.0028679973207781095, -0.08541147671304196, -0.3854247776699238, 0.5033414443849988, 0.0878753619852474, 0.3080940819518634, 0.5512154807478161, 0.013167059803795844]], "inverted": false, "swapped": false, "error_lsq": 0.05198128589172857, "error_max": 0.3520253445507134, "target": "339.xyz", "model": "27.xyz", "model_rescale": 3.6321398670334006, "target_rescale": 3.901416031732805},
{"mapping": [9, 11, 10, 6, 8, 12, 5, 13, 4, 1, 0, 3, 14], "R": [[0.5865714735935604, 0.804418303590611, -0.09404838762404549], [0.8019595267329791, -0.5931113930740066, -0.07127266578448901], [-0.11311420710280101, -0.03361648783283023, -0.9930131458834217]], "T": [-0.025962395957097886, 0.09465107985870558, 0.0318931722062632], "aligned_model": [[-0.43925439999804783, 0.13590895771565992, -0.3874161750148466, -0.23031590236044258, -0.40249410106879796, -0.7404939134554647, 0.7769636511494611, 0.1698039889800913, 0.23337565131232058, 0.5783045036715866, 0.19887431109161113, 0.27263987127424305, 0.018769391912204628], [0.00010915488417745367, 0.3203275526064997, 0.7063884227911928, -0.629453945665855, 0.3115568377320682, -0.2529759177245756, 0.4278180371651787, -0.3429366403051174, -0.6146089248153808, -0.1753119148466093, 0.6767672323457696, 0.3127919075779899, 0.0600955498510439], [-0.48465663665843384, -0.5472386184312187, -0.2840185589202952, -0.16257788880668048, 0.31154542598159213, 0.2601691278228456, 0.1594818198430528, -0.6289168168257594, 0.3727175776810341, 0.12806329048205653, 0.03285981433058954, 0.6105220215116718, 0.0016323209524059905]], "inverted": true, "swapped": false, "error_lsq": 0.04821597076706756, "error_max": 0.28442631893886033, "target": "339.xyz", "model": "28.xyz", "model_rescale": 4.156811204709835, "target_rescale": 3.901416031732805},
