[{"mapping": [3, 2, 0, 1, 9, 12, 5, 4, 11, 7, 6, 8, 13], "R": [[0.5323431303025528, 0.7759146546341195, -0.3384778284373946], [-0.6916438776299619, 0.6292059513819988, 0.3545823138320128], [0.4880978776399971, 0.045346658856952715, 0.8716100862047442]], "T": [0.008794229736706051, -0.09500680859335109, -0.0741736911467601], "aligned_model": [[-0.34645088676745917, -0.7324560415941527, -0.5508611779476721, -0.03235649139374571, -0.14173612883939218, 0.1813935110622588, 0.44366782144903544, -0.35022538510986806, 0.6678427269281837, 0.08036971913378291, -0.19012215105229965, 0.33142262066978445, 0.0645606442946659], [-0.058635351809525046, 0.10328212720102944, -0.5359360106639134, -0.642438512672955, -0.06984220077341388, -0.5180072691406339, -0.08838314997019395, 0.7758574110431179, 0.12096244563447975, 0.45745139219628383, 0.4878450714851975, 0.6166692466926614, 0.009619409789232258], [-0.4558519982708311, -0.024296054843865558, 0.2221026966935068, -0.2521322844821663, 0.6423809302356203, 0.2813539539615989, -0.6932393959142424, 0.08739565533784303, 0.003763465724722609, 0.43676795735462925, -0.5272324550288395, -0.07148197809127528, 0.0375551041108142]], "inverted": false, "swapped": false, "error_lsq": 0.0445657628370421, "error_max": 0.23424621574919505, "target": "34.xyz", "model": "0.xyz", "model_rescale": 3.8414455957264533, "target_rescale": 3.965704957203078},
{"mapping": [5, 10, 1, 3, 11, 0, 2, 8, 7, 13, 6, 9, 14], "R": [[-0.41495716044853465, -0.28297661041733535, 0.864716596897044], [0.7795514017578608, 0.3794976693592656, 0.498278166256801], [-0.4691589997110188, 0.8808551282178025, 0.06311953804136422]], "T": [-0.01133176620279909, 0.062417471427967, -0.028889173339005467], "aligned_model": [[-0.31554438366063775, -0.6608792548421737, -0.34977696408412184, -0.2992538407570919, -0.3495035264553885, 0.41673331173472816, 0.3031629090223892, -0.3113734126977568, 0.6312735912850393, 0.16803209051366502, -0.14930002716143365, 0.41878600948821093, -0.07730772155230638], [-0.10454351689527569, 0.16081404225648716, -0.6654470425021533, -0.626870701461409, -0.11358117697115211, -0.3210971366126952, -0.007227673339111174, 0.7689508348353522, 0.06504797275556035, 0.4295573941492951, 0.47639136360383216, 0.5918990174210497, 0.004551231771587186], [-0.5891583021869818, -0.22068978663797206, 0.2938583883265845, -0.26417533047374664, 0.7332982960275031, 0.4129187079588761, -0.6928525613987738, 0.15842877631188595, -0.026352024187962196, 0.6097687043132654, -0.6766681088937656, -0.04144590383840596, -0.009845258532991962]], "inverted": false, "swapped": false, "error_lsq": 0.05027436384345961, "error_max": 0.2754115837447549, "target": "34.xyz", "model": "1.xyz", "model_rescale": 4.316132596720782, "target_rescale": 3.965704957203078},
{"mapping": [7, 1, 4, 8, 9, 11, 5, 6, 2, 0, 3, 12], "R": [[0.7796460575691496, 0.6024139153813962, 0.17102485045085797], [-0.6157376452347386, 0.687690096785092, 0.3846420193173001], [0.11410160891793492, -0.4051910726294043, 0.9070837985014238]], "T": [-0.061031946161114535, 0.03164284316386637, -0.03318514754836457], "aligned_model": [[-0.14533194353625703, 0.45041286534949043, 0.0006199159906503451, -0.5719637430369616, -0.5808419709762105, -0.7031255961024705, 0.011222659384585894, -0.20177637955395247, 0.5216442258225749, 0.41341972366760565, 0.49814653134710407, -0.09461773372437846], [-0.7454796425959992, -0.3105928266124802, -0.4785727293430445, 0.36705782372563656, -0.36005998230816816, -0.08332308433134267, 0.37418479488722733, 0.5816153305122178, 0.07539375140712277, 0.0527721605933279, 0.5170547791822397, 0.022726052624242973], [0.09330810686502347, 0.058547805102138854, -0.5617669319956627, -0.16523063388657205, -0.32733875883019115, 0.34986303650693795, -0.5889317068418924, 0.49345041666980394, -0.48361054301262046, 0.5987810334821404, -0.023676460650547092, 0.005863097800862471]], "inverted": true, "swapped": true, "error_lsq": 0.04682952626062834, "error_max": 0.24420683914559568, "target": "34.xyz", "model": "2.xyz", "model_rescale": 3.795458400668931, "target_rescale": 3.965704957203078},
{"mapping": [0, 1, 2, 9, 6, 8, 4, 10, 7, 11, 3, 12], "R": [[-0.35542360751096186, -0.864317199240404, 0.35585086528083365], [-0.8793519465936239, 0.4382624659252093, 0.1861885200090474], [-0.3168820178645333, -0.24674235562298397, -0.9158078383021862]], "T": [-0.030773104114507156, 0.09727792024299474, 0.10578382570778824], "aligned_model": [[0.01423465219202976, -0.2679741211979198, -0.7554711852169246, 0.25973372019683294, 0.27475684125548744, 0.18218219230948676, -0.2887372388366396, 0.6975445162382279, 0.2968171941350505, 0.7120947307783072, -0.5526784510708979, 0.020800974960523917], [-0.13720728113963182, -0.42500531869347746, -0.04068883355799589, -0.026262974229084676, 0.5976370631073822, 0.6175191640827881, -0.3356887784520032, -0.19101383303051445, -0.594302806697495, 0.2006241659421038, 0.3222026481395092, 0.09795582981812881], [-0.6478228895153296, -0.13519725095796342, 0.11508792915187424, 0.7464891751725516, -0.4000975146328256, 0.3796261355127598, 0.643848811005142, -0.25502920941565876, 0.30932027320641464, 0.20424328167557612, -0.36899971240515417, 0.09730240184171329]], "inverted": true, "swapped": true, "error_lsq": 0.053166683646023595, "error_max": 0.3518392645966116, "target": "34.xyz", "model": "3.xyz", "model_rescale": 3.7530521520055578, "target_rescale": 3.965704957203078},
{"mapping": [7, 0, 1, 3, 4, 6, 9, 11, 8, 5, 12], "R": [[-0.33334143385184334, -0.8626521065516574, 0.3804140264758718], [0.5939578038204466, -0.5055007726949284, -0.6258459044250608], [0.7321868721565481, 0.01732950855674853, 0.6808833030518464]], "T": [-0.016959570201879055, -0.021989820933150765, 0.01783207325384036], "aligned_model": [[-0.3480458572750088, -0.08778786690065599, 0.2055336047612932, 0.49363749061508094, 0.25084220751199054, -0.33038750884008394, -0.28989200250247554, -0.7550181568159776, -0.2142664427913797, 0.4823336345842261, -0.06874949990180407], [-0.7217530512371151, 0.1602173866558818, -0.34778874312127345, 0.4151269814855432, -0.6679347851508121, 0.665386886812903, -0.45572760422577335, 0.014442183968581136, 0.2853790318251354, 0.1370987342970753, -0.017243662995799408], [-0.14872026947907155, -0.7481418002653117, -0.4632789668255027, -0.2929979043744016, 0.2514062508505096, -0.15216774674545916, 0.5153653235538258, 0.17960216576772417, 0.5253603060540798, 0.41382081315535385, 0.012582605553569916]], "inverted": false, "swapped": true, "error_lsq": 0.052875886951921185, "error_max": 0.3497419540410376, "target": "34.xyz", "model": "4.xyz", "model_rescale": 3.7855080009869324, "target_rescale": 3.965704957203078},
{"mapping": [1, 6, 7, 5, 8, 10, 2, 13, 9, 15, 12, 14, 16], "R": [[-0.7914179565300743, 0.19774284017367055, 0.5784076306912039], [-0.4741556211659537, 0.3986000414026579, -0.7850442369131363], [-0.38579018261030257, -0.895553335181021, -0.2216983510260278]], "T": [-0.10480266343687492, 0.017616898413853582, -0.09598141675724987], "aligned_model": [[-0.3591615174240361, -0.7399393019531891, -0.46591442301118846, -0.001402195099706488, -0.2366208155241996, 0.2026113342797278, 0.417787703165455, -0.3986426788503342, 0.6003537756970462, 0.30383265685752747, -0.19025235500571114, 0.351499431921908, -0.05910283422017772], [0.030811189418352307, 0.010985164266184039, -0.5496693723008457, -0.7820568051164309, 0.12818498373706955, -0.37698572280201537, 0.06828119907458344, 0.6177706282439264, -0.009360631177502271, 0.37322597902601784, 0.5940824046215256, 0.5088294720677958, 0.04434611995270611], [-0.8088849327203829, 0.05446637679039294, 0.23440329237993285, -0.1662206910211293, 0.5864470023841728, 0.43387675238968976, -0.6157103123862051, 0.18391353637386426, -0.0014265200349816848, 0.5252089433417447, -0.4473375514321353, -0.18651320006192135, -0.10513709921552736]], "inverted": true, "swapped": false, "error_lsq": 0.03841007933159256, "error_max": 0.2180478262061787, "target": "34.xyz", "model": "5.xyz", "model_rescale": 4.2253639853439635, "target_rescale": 3.965704957203078},
{"mapping": [9, 8, 11, 12, 5, 6, 0, 10, 3, 2, 1, 4, 13], "R": [[-0.3471122462710615, 0.93356540347083, 0.08926772054334314], [0.694774287606124, 0.19205090178404255, 0.693112646259855], [0.6299220410257611, 0.30260880450886174, -0.7152804580468116]], "T": [-0.047886154970171776, 0.04563541433069634, -0.055790417148855395], "aligned_model": [[-0.3483745475909231, -0.7781962542295872, -0.38424823665580937, -0.047141580801515585, -0.3226249631465974, 0.25605406669590824, 0.3426486455391726, -0.37198417839699516, 0.6483515667776982, 0.19678102740739706, -0.16666778342535205, 0.3893193228607752, 0.011131695798950444], [-0.06962832292856913, 0.14538853693501616, -0.5641040571685947, -0.8674519583764144, 0.08120419230368175, -0.32097481634215574, -0.04312767287139591, 0.6737404398257301, -0.00571154327961014, 0.3576975728377367, 0.6279653967220188, 0.5990080753224704, 0.044438766031452706], [-0.5744593137087003, -0.10640018941747395, 0.29153092644099393, -0.24973540904388908, 0.5134149199360937, 0.37656967414390186, -0.7505323356107253, 0.2742959693439052, 0.0692135726188433, 0.48543669888708446, -0.486474173875208, -0.11529991578581404, -0.04047482714149661]], "inverted": true, "swapped": false, "error_lsq": 0.03729131895714299, "error_max": 0.24966348299430705, "target": "34.xyz", "model": "6.xyz", "model_rescale": 3.89814844738969, "target_rescale": 3.965704957203078},
{"mapping": [3, 6, 1, 0, 5, 2, 7, 9, 4, 10, 8, 11, 12], "R": [[-0.9047350271968757, -0.03715063092061205, -0.42435169516012194], [0.4167342166691324, -0.2835632219757069, -0.8636692027622154], [-0.08824467814113879, -0.9582336509249488, 0.2720315184216901]], "T": [0.025252430337463515, 0.02875847966029125, -0.09765438911418081], "aligned_model": [[-0.39828050182019326, -0.6474157478770808, -0.37802099010299445, -0.13534383646451212, -0.480351162016203, 0.29324319933344123, 0.320636467589004, -0.3709305847531874, 0.6555148283230874, 0.2552605543735094, -0.22641546410025978, 0.4141457640503341, 0.123006254298176], [-0.1481156820671189, 0.04400626100055156, -0.5611293646321146, -0.5248406045560984, 0.047643068454268446, -0.33568723635227543, -0.08743135361383861, 0.6981277932056004, -0.07456100388138778, 0.2819137232434424, 0.5412530136607908, 0.7262538049288669, 0.05101218962067951], [-0.7622725674399582, -0.16592501390628378, 0.354229989412177, -0.23457509796551654, 0.4910602987694984, 0.44723836394278405, -0.6725655759306024, 0.3415831544453112, -0.010532736292591369, 0.5518934140349798, -0.4605585029564291, -0.23032923769213678, 0.03783910836628282]], "inverted": true, "swapped": false, "error_lsq": 0.044311435900201875, "error_max": 0.2546573905783039, "target": "34.xyz", "model": "7.xyz", "model_rescale": 3.7474275329858107, "target_rescale": 3.965704957203078},
{"mapping": [1, 0, 10, 12, 6, 11, 4, 3, 9, 5, 2, 8, 14], "R": [[-0.5117685440552717, 0.2601774319920275, -0.8187799833884447], [-0.09599748059280475, 0.9297551299987026, 0.3554432190391737], [0.8537431938442507, 0.2605054742671061, -0.45084305122901525]], "T": [-0.024781932213440713, -0.054934407384088335, -0.06578370148844453], "aligned_model": [[-0.5806681450138821, -0.6645974677041867, -0.34416631544528997, -0.08522311116733933, -0.42436916782535133, 0.3260587766129222, 0.44837105955324075, -0.285912626858193, 0.6357230460145827, 0.1677474319843357, -0.13602531402712142, 0.3855281056577442, -0.017417490948339814], [0.006230233131142959, 0.04017038877565744, -0.5457144253078428, -0.6245629196583771, 0.1844281136843813, -0.515694903718527, 0.21308581333943977, 0.5875010945747647, -0.0313817108433635, 0.3955331436460812, 0.512660774567766, 0.4837458316146586, -0.0475568247944155], [-0.567830736355575, 0.05993183422240081, 0.41628678033203886, -0.29494050520633297, 0.6050171057871003, 0.16024841489709032, -0.6283823626236056, 0.11648511954751278, 0.31305516176354214, 0.4567417939779194, -0.6773800677934965, -0.14751245279986636, -0.1246344889612136]], "inverted": true, "swapped": false, "error_lsq": 0.04995078862747197, "error_max": 0.3014716248787521, "target": "34.xyz", "model": "8.xyz", "model_rescale": 4.019505241142653, "target_rescale": 3.965704957203078},
{"mapping": [6, 2, 3, 5, 0, 4, 11, 1, 8, 7, 10, 9, 12], "R": [[0.2383570115262983, -0.3038461770105653, 0.9224225906667273], [-0.9055265285916028, 0.2737501836214764, 0.32416437648830165], [-0.3510094600905985, -0.9125449784439518, -0.20989049822141637]], "T": [-0.08451833685769067, 0.08823550331552467, -0.0783321167820404], "aligned_model": [[-0.4069905197585299, -0.6449814475294073, -0.43798959363042, -0.02004381482457908, -0.21996498889922228, 0.16855902304814657, 0.3558952390917701, -0.3433210906435722, 0.5801054400771921, 0.39081884907316494, -0.3384249759652691, 0.4079162184349923, -0.0665295576411444], [-0.03670666688594472, -0.08200020975140059, -0.6197289299223153, -0.5527307248980731, 0.08482541755721859, -0.42321265734076685, -0.02867241973564412, 0.6954383897699389, 0.0640447816095092, 0.21914073910248477, 0.7304202844126858, 0.5511099067701634, 0.056516698323510334], [-0.7174432051910994, 0.004571838427810074, 0.256787622486625, -0.2668262796629992, 0.5575048543331592, 0.5233050663337545, -0.5021456885801366, 0.06530315564374171, 0.0392560437710322, 0.6809454141581236, -0.6794226954489113, -0.18126683789524278, -0.09348369158834295]], "inverted": false, "swapped": false, "error_lsq": 0.04762483553872809, "error_max": 0.35694709547163034, "target": "34.xyz", "model": "9.xyz", "model_rescale": 3.877068213659057, "target_rescale": 3.965704957203078},
{"mapping": [8, 9, 10, 11, 14, 6, 0, 2, 3, 13, 7, 4, 15], "R": [[-0.6782516472623392, 0.7203190263269291, 0.14531071294762876], [0.6921188273002402, 0.6926494254612476, -0.2029982815315043], [-0.24687290633535236, -0.037111638600692234, -0.9683369735778491]], "T": [0.07480799080373196, 0.032965755871383215, -0.04651869248864007], "aligned_model": [[-0.45126362132498704, -0.5832962823846359, -0.2694466524077207, -0.20027476488673374, -0.4302538448630317, 0.34522775154880275, 0.2038511898041095, -0.31392134942860583, 0.676323250725618, 0.09393656992593387, -0.09425865479430912, 0.356868953893389, 0.09155623502529271], [0.059428473827977, 0.031186932454200587, -0.5006280124029027, -0.5879396039127004, 0.0010377869930613265, -0.2903635383022109, -0.3883615255029716, 0.5484898301285599, 0.15479203052956103, 0.3400472708463447, 0.664256171988707, 0.6446207182968744, -0.018121925933133415], [-0.6103194722670456, 0.003888700799582784, 0.26967303818450905, -0.33541536601888566, 0.5479682237633573, 0.4036322773566241, -0.7095399669551796, 0.10671246248095898, 0.11503344650134958, 0.6626875797517565, -0.5355743634315818, -0.11293028625190507, -0.11873067712602586]], "inverted": true, "swapped": false, "error_lsq": 0.04933956730785923, "error_max": 0.36200369004986704, "target": "34.xyz", "model": "10.xyz", "model_rescale": 4.260839863003843, "target_rescale": 3.965704957203078},
{"mapping": [9, 11, 6, 8, 3, 5, 4, 7, 10, 0, 1, 12], "R": [[0.40741861088024134, -0.8594375192676433, -0.3088320352286883], [0.6555073418530957, 0.5106664127415963, -0.5563541495075943], [0.6358617776569869, 0.024227368258003146, 0.7714226042463286]], "T": [-0.0821342429474533, 0.08360748079987133, -0.08728915593064032], "aligned_model": [[0.3919270120228906, 0.23459717508473477, -0.5145398464559484, -0.29027003790351324, -0.6887933024878753, -0.4931626871960598, 0.33185821944370997, 0.7002463662198644, 0.3698426329496938, -0.15001251991756595, 0.12780500780827375, -0.06059937047407411], [-0.0008226233536011845, -0.5942640219617156, -0.5001133698871064, -0.2913579416394292, 0.3528118563500513, 0.3985108692355043, 0.6007478140718515, 0.14911839696648174, -0.4836414771084706, 0.018840155656921806, 0.48643171089370646, 0.03681713630874005], [-0.6148281558725991, -0.1986389007124681, 0.18088823386633204, -0.5423396405356502, 0.2411762488324848, -0.4913948708740642, -0.4108563084221618, 0.0157413885943673, 0.3792837331691584, 0.6976502188837289, 0.3378862597883254, -0.07839012932194901]], "inverted": true, "swapped": true, "error_lsq": 0.04130712069017562, "error_max": 0.25817257464187093, "target": "34.xyz", "model": "11.xyz", "model_rescale": 3.890672605050136, "target_rescale": 3.965704957203078},
{"mapping": [3, 0, 2, 4, 11, 10, 7, 6, 12, 9, 8, 5, 13], "R": [[0.307437167775953, -0.032698490347556175, -0.951006412490942], [0.7885177432436561, 0.5681897354451337, 0.2353724561725965], [0.5326557579336136, -0.8222476714857756, 0.20046598284094935]], "T": [-0.17346045836124768, 0.13994465360481745, 0.05960529711855758], "aligned_model": [[-0.34511910451237315, -0.644875529033914, -0.3157725530408884, -0.21425331285921834, -0.209582921764211, 0.2852692313576989, 0.38794772821896895, -0.458145862042328, 0.5250059859126791, 0.30648139992604073, -0.28428062075989735, 0.46505216450072784, -0.07267782507016315], [-0.1082181810740114, 0.0226979570153574, -0.48252270129252983, -0.5187479273861622, -0.005819193557885738, -0.5190760809904984, 0.05736823445225056, 0.5996083466027108, -0.11450285807907268, 0.5500081682475189, 0.5900671491986782, 0.538607139223521, 0.04897455665149], [-0.8133275025216932, -0.27612611789761266, 0.3724084196440226, -0.17601531020281086, 0.5889541729965383, 0.45305065239216014, -0.5767642129281241, 0.25890871959804274, 0.009274026855558726, 0.5149339066348285, -0.4920283461669337, -0.13620592534148787, -0.03997688627497441]], "inverted": true, "swapped": false, "error_lsq": 0.04474947858358579, "error_max": 0.24541278052800752, "target": "34.xyz", "model": "12.xyz", "model_rescale": 4.124412569039231, "target_rescale": 3.965704957203078},
{"mapping": [9, 8, 8, 6, 2, 1, 3, 10, 0, 4, 7, 5, 12], "R": [[-0.3661431155822167, -0.5740709152666559, 0.7323809139762258], [0.6727358939706771, -0.7070672111469102, -0.2179045109317493], [0.6429351723737173, 0.4129146923588879, 0.6450859019998372]], "T": [0.02776248322270649, 0.09031933945107207, -0.12139621923410981], "aligned_model": [[-0.3951281161501958, -0.5273389655445498, -0.5273389655445498, -0.06918032610934191, -0.3426084357142952, 0.17553701728404789, 0.3769818984465636, -0.42268171130554966, 0.6058899100772642, 0.300723922079619, -0.12412682625417029, 0.4121196199781406, -0.037800240409860957], [-0.0376125716090224, -0.3143416895573784, -0.3143416895573784, -0.5572653471845983, 0.05778889637467412, -0.5117714415236, -0.22938128478460157, 0.6111973454323225, 0.0813159859742574, 0.4005787876687714, 0.5762462867254952, 0.7426931305249652, 0.15333820052746014], [-0.5833899844462952, 0.08598737239444137, 0.08598737239444137, -0.2586878072425175, 0.6558827952310532, 0.406347731424726, -0.6548666370268443, 0.1439258544768765, -0.07184814824516966, 0.5475637073970296, -0.4872955415828151, -0.14198522642857145, -0.04053589155884037]], "inverted": false, "swapped": false, "error_lsq": 0.04710881855142184, "error_max": 0.3571166996854136, "target": "34.xyz", "model": "13.xyz", "model_rescale": 3.9028299243045295, "target_rescale": 3.965704957203078},
{"mapping": [4, 5, 13, 10, 12, 14, 7, 2, 9, 1, 3, 6, 15], "R": [[0.7680493075083346, -0.5678578201018233, -0.2960367500584569], [0.4234314458264853, 0.10352047236521814, 0.8999940680285479], [-0.48042280537174764, -0.8165910898059614, 0.31995768490263266]], "T": [-0.16295791471271984, 0.15713044125818254, 0.006036371989837499], "aligned_model": [[-0.4219702254762733, -0.5843566987795162, -0.4101455015309269, -0.03916911185826924, -0.3762743600400096, 0.2701011951220702, 0.4131625396826212, -0.4033825974470745, 0.5896002357650253, 0.16899392668780697, -0.09112014282167848, 0.36852111953215094, -0.058911598002804336], [-0.029673286201500615, -0.13360113810804425, -0.5304556508264994, -0.5006497178708794, -0.00810861044379968, -0.5483006536984434, -0.12236228986407188, 0.8304561924057698, -0.021954594184957654, 0.5263397152837663, 0.5224953124067372, 0.5459991107590277, 0.12826021935426174], [-0.5917765286427947, 0.006253630816175703, 0.3203212979566114, -0.3216131306696081, 0.6474663673178118, 0.3188900605414477, -0.6347420539221927, 0.1820425489536206, -0.043261058911854194, 0.4251917640666984, -0.49400091731815193, -0.09749843514292797, -0.03018794825732112]], "inverted": true, "swapped": false, "error_lsq": 0.034866345251636184, "error_max": 0.19615673848001275, "target": "34.xyz", "model": "14.xyz", "model_rescale": 3.942246331269136, "target_rescale": 3.965704957203078},
{"mapping": [13, 12, 1, 3, 0, 5, 10, 8, 9, 7, 11, 6, 14], "R": [[-0.6679723948780123, -0.6483548245691301, 0.36530658512934794], [0.3976008170849469, -0.7258712809333412, -0.5612704105594497], [0.6290679374553401, -0.2296669435816204, 0.7426483859078679]], "T": [0.0014125807333772653, 0.015050489772080441, -0.0954957938672654], "aligned_model": [[-0.6249862183852551, -0.7671890274827812, -0.4000437385068076, -0.17398158674556588, -0.263236842872137, 0.20568181710932634, 0.5382290067490567, -0.31139888272677774, 0.7720866442779356, 0.30833921329559033, -0.06362932714442543, 0.25215721493468957, -0.04697949166972696], [0.10563487071335152, -0.2629506617295156, -0.5760900137804678, -0.665891228557458, 0.15656130510827515, -0.4805528685043755, 0.012148491139110706, 0.6867285396532863, 0.11699287352699554, 0.5092731256656031, 0.5414627443605539, 0.5148571196619279, 0.0002703117540793637], [-0.6057397168075962, -0.10206738226505806, 0.2866392144509743, -0.2441672193444923, 0.5758110321045938, 0.2442555100663615, -0.5654109130184252, 0.12774961352891778, 0.11386405019659818, 0.5310180020889912, -0.5779589666537962, -0.08501483609500168, -0.01189279146455241]], "inverted": true, "swapped": false, "error_lsq": 0.045444755149156454, "error_max": 0.27812218598757327, "target": "34.xyz", "model": "15.xyz", "model_rescale": 4.355366556412066, "target_rescale": 3.965704957203078},
{"mapping": [7, 1, 4, 8, 9, 11, 5, 6, 2, 0, 3, 12], "R": [[0.7796460575691496, 0.6024139153813962, 0.17102485045085797], [-0.6157376452347386, 0.687690096785092, 0.3846420193173001], [0.11410160891793492, -0.4051910726294043, 0.9070837985014238]], "T": [-0.061031946161114535, 0.03164284316386637, -0.03318514754836457], "aligned_model": [[-0.14533194353625703, 0.45041286534949043, 0.0006199159906503451, -0.5719637430369616, -0.5808419709762105, -0.7031255961024705, 0.011222659384585894, -0.20177637955395247, 0.5216442258225749, 0.41341972366760565, 0.49814653134710407, -0.09461773372437846], [-0.7454796425959992, -0.3105928266124802, -0.4785727293430445, 0.36705782372563656, -0.36005998230816816, -0.08332308433134267, 0.37418479488722733, 0.5816153305122178, 0.07539375140712277, 0.0527721605933279, 0.5170547791822397, 0.022726052624242973], [0.09330810686502347, 0.058547805102138854, -0.5617669319956627, -0.16523063388657205, -0.32733875883019115, 0.34986303650693795, -0.5889317068418924, 0.49345041666980394, -0.48361054301262046, 0.5987810334821404, -0.023676460650547092, 0.005863097800862471]], "inverted": true, "swapped": true, "error_lsq": 0.04682952626062834, "error_max": 0.24420683914559568, "target": "34.xyz", "model": "16.xyz", "model_rescale": 3.795458400668931, "target_rescale": 3.965704957203078},
{"mapping": [3, 6, 1, 0, 5, 2, 7, 9, 4, 10, 8, 11, 12], "R": [[-0.9047350271968757, -0.03715063092061205, -0.42435169516012194], [0.4167342166691324, -0.2835632219757069, -0.8636692027622154], [-0.08824467814113879, -0.9582336509249488, 0.2720315184216901]], "T": [0.025252430337463515, 0.02875847966029125, -0.09765438911418081], "aligned_model": [[-0.39828050182019326, -0.6474157478770808, -0.37802099010299445, -0.13534383646451212, -0.480351162016203, 0.29324319933344123, 0.320636467589004, -0.3709305847531874, 0.6555148283230874, 0.2552605543735094, -0.22641546410025978, 0.4141457640503341, 0.123006254298176], [-0.1481156820671189, 0.04400626100055156, -0.5611293646321146, -0.5248406045560984, 0.047643068454268446, -0.33568723635227543, -0.08743135361383861, 0.6981277932056004, -0.07456100388138778, 0.2819137232434424, 0.5412530136607908, 0.7262538049288669, 0.05101218962067951], [-0.7622725674399582, -0.16592501390628378, 0.354229989412177, -0.23457509796551654, 0.4910602987694984, 0.44723836394278405, -0.6725655759306024, 0.3415831544453112, -0.010532736292591369, 0.5518934140349798, -0.4605585029564291, -0.23032923769213678, 0.03783910836628282]], "inverted": true, "swapped": false, "error_lsq": 0.044311435900201875, "error_max": 0.2546573905783039, "target": "34.xyz", "model": "17.xyz", "model_rescale": 3.7474275329858107, "target_rescale": 3.965704957203078},
{"mapping": [2, 9, 4, 0, 5, 8, 1, 12, 3, 10, 7, 11, 13], "R": [[0.5843698124293002, -0.018098891854285523, 0.8112856170517209], [0.4620767924877665, -0.8144211383563785, -0.3510032011855706], [0.667080924750185, 0.5799919305576134, -0.4675600499641628]], "T": [-0.05314117721317524, 0.06531985939307472, -0.05574731146344156], "aligned_model": [[-0.3176746216612588, -0.716848621261076, -0.45985090794814576, 0.02360140413551709, -0.31029395365080625, 0.2441510376117052, 0.36782576923781085, -0.39171638235641654, 0.6176155833076052, 0.2683541345645959, -0.22241540428552392, 0.4085005818229386, -0.0861998386838236], [-0.172513587110812, 0.13972220754662695, -0.5385251250346924, -0.7191155909148841, 0.1323374994064901, -0.4128386412329943, 0.010387439662006392, 0.6732021151572034, -0.01849670828049342, 0.3097823866019951, 0.6513762130839195, 0.612897374986361, -0.009770974859359419], [-0.6699867047802476, -0.014748711966442507, 0.34323170017441795, -0.33487808957463105, 0.6170089758856575, 0.39128315562157323, -0.6019045013528533, 0.2182653103312965, 0.004662393951539473, 0.5040010317757305, -0.49767883147977576, -0.14946183828175996, -0.12270829351699022]], "inverted": true, "swapped": false, "error_lsq": 0.03567854259265032, "error_max": 0.20177271839374625, "target": "34.xyz", "model": "18.xyz", "model_rescale": 3.922800546911778, "target_rescale": 3.965704957203078},
{"mapping": [5, 8, 6, 1, 4, 10, 0, 13, 9, 11, 12, 7, 14], "R": [[0.7309100726318536, 0.609186795804922, -0.30767176266636886], [0.04601661022211517, 0.4058021724064351, 0.9128017684327104], [0.6809206541947189, -0.6813340184426063, 0.26857218397273713]], "T": [-0.06388450116630844, 0.014368675687324667, -0.07494843315196775], "aligned_model": [[-0.3748749440578837, -0.67525085081047, -0.3810444218774283, -0.1604775484350342, -0.2960190215768539, 0.279749834569483, 0.2654641754744409, -0.3342648819188015, 0.7302515684389879, 0.18413611895314602, -0.19051675322846867, 0.37609907157188655, 0.0017964337301176747], [0.0010103079214683897, -0.0025728161763820534, -0.48331996013215406, -0.684833276463174, -0.0007197053920479646, -0.3175514932472182, -0.2285515434776564, 0.5641310408182428, 0.03807884564733349, 0.3595775055566526, 0.6474857137791828, 0.6807195909493293, 0.08499039922778986], [-0.7718273456083922, -0.0932466953050649, 0.28209971259839717, -0.2980390812395083, 0.6104368922543576, 0.5749323959399447, -0.8036197252945239, 0.23564702465445453, 0.10261540524792412, 0.4965060694504836, -0.5241044565803206, -0.050414120268227336, -0.07390047906201017]], "inverted": false, "swapped": false, "error_lsq": 0.03926666753021714, "error_max": 0.2913361259271717, "target": "34.xyz", "model": "19.xyz", "model_rescale": 3.9282355846067225, "target_rescale": 3.965704957203078},
{"mapping": [8, 4, 11, 9, 0, 10, 7, 3, 2, 1, 6, 5, 13], "R": [[-0.8793862703302265, 0.4687040640534258, 0.0836438156380751], [0.1299822746984719, 0.06733866212348161, 0.989227027960534], [0.45802226563662296, 0.8807848800491651, -0.12013991533987828]], "T": [-0.03275477368017984, 0.015175587931885573, -0.163864211919517], "aligned_model": [[-0.6162953174685982, -0.6425662624187712, -0.422104507892452, -0.19980325002562305, -0.3386806635815298, 0.3739424920914672, 0.4599904317599925, -0.2998954786768467, 0.7162462656327729, 0.19612586599983478, -0.100586638833674, 0.2879940212414939, 0.010681823005055213], [-0.16147630237980476, 0.10129509322162088, -0.44036549115947576, -0.61876132239008, 0.04430689909988683, -0.5196278586918032, -0.027584100296685427, 0.6279188091999236, 0.13100261055116014, 0.34687756672397096, 0.5136843857978256, 0.6351437372665831, 0.026030582068244653], [-0.6187225662811903, -0.02215597662288274, 0.22888542977995774, -0.3844172112640988, 0.5748899452901322, 0.3754102603900436, -0.5426405944434813, 0.18187652572288054, 0.159087416500512, 0.4678701043493518, -0.5806757647549894, -0.14265438836069716, -0.009667583518023687]], "inverted": true, "swapped": false, "error_lsq": 0.03953357876425301, "error_max": 0.22523659038923896, "target": "34.xyz", "model": "20.xyz", "model_rescale": 4.067790424073018, "target_rescale": 3.965704957203078},
{"mapping": [4, 8, 1, 5, 9, 13, 6, 0, 11, 12, 2, 3, 14], "R": [[0.1011202366468949, -0.6412622714688859, 0.7606296056104055], [0.4863004743572473, -0.6351266755927412, -0.6001049529794178], [0.867920818036065, 0.4305772928767586, 0.2476219870660315]], "T": [-0.060330675262571395, 0.02800980509811097, -0.011657062532227343], "aligned_model": [[-0.37177944958946174, -0.6062606870242064, -0.46594221326233143, -0.24608979513070012, -0.1764514598726022, 0.2775741642952494, 0.36942499255417816, -0.44747939906393813, 0.5685692402859641, 0.25462128298518794, -0.12989240905388255, 0.4279931053423699, -0.029238591632705358], [-0.08674218803021305, -0.09903671169155681, -0.4985689350888302, -0.4827658501141258, 0.011612761270440704, -0.5675066486966954, 0.005411472241040681, 0.6234488884305691, 0.055508623450125645, 0.4474763630966997, 0.5284301215485218, 0.7136211907985518, 0.007555521796838632], [-0.7412488222030952, -0.11647834641392402, 0.469486587434622, -0.24202177399258598, 0.7566508183359535, 0.13430175953844906, -0.6136174300206794, -0.006539131296471852, 0.13585892030161925, 0.5467934165743856, -0.5579743729064727, -0.13503424739409114, 0.05690821882980571]], "inverted": false, "swapped": false, "error_lsq": 0.043008597368827825, "error_max": 0.2418383011312386, "target": "34.xyz", "model": "21.xyz", "model_rescale": 4.186013935880536, "target_rescale": 3.965704957203078},
{"mapping": [0, 6, 3, 5, 4, 11, 2, 7, 8, 10, 1, 9, 12], "R": [[0.2795425133529388, 0.9540445061755575, 0.10795861922310343], [-0.9443484764122511, 0.2935081398965198, -0.14852247948491032], [-0.17338378911012037, -0.06043221037428594, 0.982998478952585]], "T": [-0.01103808703399732, 0.06694069028651438, -0.03330458305113461], "aligned_model": [[-0.44751734047684094, -0.5535069591668843, -0.46368302645033876, -0.06976490476150492, -0.318114651119426, 0.3118852609578001, 0.3047098717062371, -0.43415336231487395, 0.7312050116494019, 0.0605341396098293, -0.12124267044369373, 0.45401727480738663, -0.029319863163970856], [0.05366267527616127, -0.03678801666330385, -0.6839546385314291, -0.6192778974967624, 0.08626792959837447, -0.2731587312435112, -0.17385909432027002, 0.6487623642466284, -0.08737643702887014, 0.6399619330675345, 0.5943582622038616, 0.4728460484227555, 0.03700021148019823], [-0.6087157374770236, 0.03612687335435236, 0.2558448916444933, -0.3857162553538289, 0.6246821876202334, 0.3898016370739893, -0.6594179059805328, 0.11085069231224702, -0.14701270667301686, 0.5690437417019154, -0.5280862425340334, 0.03314171780302437, -0.0034572967043048006]], "inverted": false, "swapped": false, "error_lsq": 0.046571257749617796, "error_max": 0.2791312437937718, "target": "34.xyz", "model": "22.xyz", "model_rescale": 4.166573947596378, "target_rescale": 3.965704957203078},
{"mapping": [14, 12, 11, 9, 2, 3, 10, 6, 0, 1, 13, 5, 15], "R": [[-0.9211195252061196, -0.38875496933405257, -0.020208763003527867], [-0.3637434944212899, 0.8780270977488492, -0.31106122529965363], [0.13867043863146156, -0.2791737620852158, -0.9501749944157368]], "T": [0.02449026524715924, -0.07303088312920977, -0.003430360805397919], "aligned_model": [[-0.39581885259557664, -0.6223161519979727, -0.5768108449710965, -0.058508234279844674, -0.10931036115822457, 0.01572639691524574, 0.23143065611739339, -0.348244569480748, 0.7476578146706282, 0.23946756097874908, 0.0028377188560174474, 0.25436752147911706, 0.044570126299434173], [-0.06733176360164109, 0.007613181756554233, -0.5316631902354702, -0.6148487036072677, 0.02882957274736933, -0.5256630274771565, 0.013038296291146806, 0.5059296695257812, 0.24254562328387844, 0.44747740308325146, 0.4602055753852501, 0.704726674380605, -0.012414702520934337], [-0.6737180070552132, -0.07065646167726061, 0.22059354228328118, -0.24836681127932586, 0.6481301345373094, 0.39213757082064354, -0.7180694334039088, 0.320577437583238, 0.206797912504781, 0.4335535601473536, -0.6606998530545668, -0.18594504515977922, 0.02275105054096283]], "inverted": false, "swapped": false, "error_lsq": 0.04928020760739964, "error_max": 0.28423402036439316, "target": "34.xyz", "model": "23.xyz", "model_rescale": 4.274766983524099, "target_rescale": 3.965704957203078},
{"mapping": [0, 1, 3, 6, 5, 8, 11, 9, 7, 4, 12], "R": [[-0.7736299764551416, 0.6308766962452697, 0.059086831567370296], [-0.504855973023862, -0.6700611241858779, 0.5441861228999572], [0.38290613214226105, 0.39116835760246693, 0.8368812400684115]], "T": [-0.09417732802018816, 0.11634285879082788, 0.023150327809512976], "aligned_model": [[0.1706309498251409, 0.36067357528570543, -0.42516446146969533, -0.48435811377235427, -0.5596878063995802, -0.5542585271594413, -0.012491091325790377, 0.07513876314745915, 0.64958700291073, 0.24150114485109272, -0.0816767319351921], [0.0020651640940512056, 0.4319185689098318, 0.47456088539348296, -0.3880319267514121, 0.5400855073719627, -0.16994463155278905, -0.6000030364094044, -0.01832464701589505, 0.013629304458713826, 0.5640373228359359, 0.06559401990900608], [-0.712885862539819, -0.260819055108895, -0.5340956639856842, -0.41615455494235654, 0.21063930661105015, 0.33516841026254757, 0.25206788557299187, 0.7038533736104634, 0.2747272278509888, 0.5031599267749849, 0.02390543991530576]], "inverted": false, "swapped": true, "error_lsq": 0.051651952494422476, "error_max": 0.25809946755022045, "target": "34.xyz", "model": "24.xyz", "model_rescale": 3.7841303162186577, "target_rescale": 3.965704957203078},
{"mapping": [12, 9, 8, 2, 0, 1, 3, 10, 6, 7, 13, 11, 15], "R": [[-0.8212106789294858, 0.5515885584914632, -0.14616115405087354], [-0.5209957493925216, -0.8292539687904282, -0.20224065951298864], [-0.2327583509288082, -0.08993284931899767, 0.9683675091029585]], "T": [-0.08574237459633449, 0.029547309659039962, -0.011652582928677007], "aligned_model": [[-0.3636832635337977, -0.6436343307534411, -0.30137339608907865, -0.3600028214162311, -0.03392948656735997, 0.12970396888894944, 0.4735749328703941, -0.5100739774219999, 0.6361602514204725, 0.14690715963475587, -0.025081379737034684, 0.2942444200317176, -0.017763296494224506], [-0.04210124795073527, -0.038100725739435924, -0.4238011561487221, -0.6235256922867224, -0.023968840385917782, -0.49873471436899786, 0.01779756623882634, 0.6029666059104507, 0.05761980353200831, 0.42129753969097194, 0.48907826669238597, 0.6856330470648326, 0.03428415676242225], [-0.7136406546772126, -0.1738901158489213, 0.3004951621514488, -0.27063113294184454, 0.7203183151745576, 0.465356190545003, -0.5913317879471764, 0.29881175770827506, -0.00190651290946184, 0.45225636459469687, -0.64185218662717, -0.13243797212655103, -0.02446183030812863]], "inverted": true, "swapped": false, "error_lsq": 0.04446820952751569, "error_max": 0.3001901270112736, "target": "34.xyz", "model": "25.xyz", "model_rescale": 4.19342608120988, "target_rescale": 3.965704957203078},
{"mapping": [7, 1, 4, 8, 9, 11, 5, 6, 2, 0, 3, 12], "R": [[0.7796460575691496, 0.6024139153813962, 0.17102485045085797], [-0.6157376452347386, 0.687690096785092, 0.3846420193173001], [0.11410160891793492, -0.4051910726294043, 0.9070837985014238]], "T": [-0.061031946161114535, 0.03164284316386637, -0.03318514754836457], "aligned_model": [[-0.14533194353625703, 0.45041286534949043, 0.0006199159906503451, -0.5719637430369616, -0.5808419709762105, -0.7031255961024705, 0.011222659384585894, -0.20177637955395247, 0.5216442258225749, 0.41341972366760565, 0.49814653134710407, -0.09461773372437846], [-0.7454796425959992, -0.3105928266124802, -0.4785727293430445, 0.36705782372563656, -0.36005998230816816, -0.08332308433134267, 0.37418479488722733, 0.5816153305122178, 0.07539375140712277, 0.0527721605933279, 0.5170547791822397, 0.022726052624242973], [0.09330810686502347, 0.058547805102138854, -0.5617669319956627, -0.16523063388657205, -0.32733875883019115, 0.34986303650693795, -0.5889317068418924, 0.49345041666980394, -0.48361054301262046, 0.5987810334821404, -0.023676460650547092, 0.005863097800862471]], "inverted": true, "swapped": true, "error_lsq": 0.04682952626062834, "error_max": 0.24420683914559568, "target": "34.xyz", "model": "26.xyz", "model_rescale": 3.795458400668931, "target_rescale": 3.965704957203078},
{"mapping": [1, 9, 3, 0, 4, 7, 6, 11, 5, 10, 8, 8, 12], "R": [[-0.8505493886789227, -0.37636885078122395, 0.3673039961388007], [0.017492082283908722, 0.6778025020105076, 0.7350359143100895], [-0.5256041899331514, 0.6316092592971678, -0.569921028823116]], "T": [-0.20690702795820995, 0.05444529311361642, -0.060681710208780146], "aligned_model": [[-0.2771922704244192, -0.6338878247009216, -0.3452269223816309, -0.15846935425579983, -0.46087299200364873, 0.35075600020687436, 0.39955220918950296, -0.31154238672446366, 0.5391496882852027, 0.1495049665432718, 0.12423061840039265, 0.12423061840039265, -0.07518356970163109], [0.026934224702628677, 0.015057644699228968, -0.5424134186157297, -0.7506799219316981, 0.20454967183567987, -0.41500879047795364, -0.012884550654709094, 0.691295177497436, 0.15247461099082738, 0.15076809967065832, 0.5881387090183572, 0.5881387090183572, -0.03792555674171614], [-0.6477560635555953, -0.03809183458380079, 0.35126955376225827, -0.26242504208730605, 0.7215159292862005, 0.2982513044978136, -0.6164342140197961, 0.24761726512118704, -0.035184713035397844, 0.5487268847598848, -0.4298306057647427, -0.4298306057647427, -0.02074226182844794]], "inverted": false, "swapped": false, "error_lsq": 0.05378544007619576, "error_max": 0.3543371936297827, "target": "34.xyz", "model": "27.xyz", "model_rescale": 3.6321398670334006, "target_rescale": 3.965704957203078},
{"mapping": [4, 6, 12, 7, 9, 8, 3, 13, 0, 11, 1, 2, 14], "R": [[0.905084815972719, -0.3293122524866239, -0.26902586540668516], [0.423376748348252, 0.6388504064599612, 0.6423568222755973], [-0.03966868858042327, -0.6952867023955864, 0.717636953213936]], "T": [0.05407767681096307, 0.004157812213922342, 0.03687835133113142], "aligned_model": [[-0.47739033413711096, -0.7205455914249127, -0.4408066789381977, -0.09325369934150235, -0.24604204815094324, 0.1975340190646007, 0.4479292125640523, -0.4165715289606532, 0.6671249995193046, 0.21160740220965468, -0.006848335642638009, 0.27301838471130463, 0.029292979360163066], [0.005527731573873797, 0.05993828825783929, -0.6291630192228742, -0.6315572198140036, 0.08746982229776293, -0.476355477697744, -0.21407725919880116, 0.6461658038051492, 0.11169800625814111, 0.5081273805570842, 0.3832265528975813, 0.7475477271691772, 0.059896272128180675], [-0.598737199940922, 0.06435139158245508, 0.23053766497984896, -0.38150812987806176, 0.628113855072922, 0.16160554114969955, -0.48159488939848366, 0.21796505916358339, 0.08182032508521692, 0.40256249949527184, -0.5107183131851102, -0.14445025782730164, 0.017138050488396422]], "inverted": true, "swapped": false, "error_lsq": 0.04293946115059741, "error_max": 0.3024746451115747, "target": "34.xyz", "model": "28.xyz", "model_rescale": 4.156811204709835, "target_rescale": 3.965704957203078},
