[{"mapping": [0, 2, 3, 6, 4, 1, 12, 5, 11, 8, 7, 13], "R": [[-0.5022883991841531, 0.8365251809932988, -0.21893374707693997], [0.3835865975241959, 0.4424728735957186, 0.8106041440381104], [0.7749630225016102, 0.32317700675647676, -0.5431288392813372]], "T": [-0.14525094043715053, -0.08004249892645436, 0.18877261819129326], "aligned_model": [[-0.8693024234060929, -0.34509497925980404, -0.1262810329207472, 0.40844970483674853, 0.32011244282096024, -0.5289912292483234, -0.5448624909532145, 0.3046553705094057, 0.2960488031075165, 0.5673077520930905, 0.12381196749633133, -0.08101264224116228], [-0.09467895612352727, -0.1773439779447591, -0.5149333596407997, -0.37322918950147127, 0.23125567843396616, -0.41842356857651714, 0.16486918167283415, -0.5249830871158488, 0.2361015725523048, 0.22442095226044184, 0.5724473221227865, 0.0687334458783823], [-0.07758739891303901, -0.5473340505311164, -0.10055485660791635, -0.24940935779652657, -0.5857818298016964, 0.4557665429696835, 0.5285500238170722, 0.6035176540792875, 0.6273718695125019, 0.08806885354638118, -0.0818870712287923, 0.17206868010140855]], "inverted": false, "swapped": false, "error_lsq": 0.047453082303389287, "error_max": 0.22374007203232374, "target": "340.xyz", "model": "0.xyz", "model_rescale": 3.8414455957264533, "target_rescale": 3.8176695107588365},
{"mapping": [6, 8, 10, 11, 13, 5, 2, 3, 7, 0, 9, 14], "R": [[0.9021326912479408, -0.4314030831835219, 0.006927279516434376], [0.04643536010680398, 0.08111648572495819, -0.9956223546482794], [0.42895263691169794, 0.8985051449843702, 0.09321019109044403]], "T": [0.005648184990318619, -0.06403931965899477, 0.0936723767028733], "aligned_model": [[-0.7731593380420339, -0.3015085453488727, -0.36173012968166957, 0.6298214530333607, 0.36318795458829656, -0.4284039463891026, -0.41211786170034875, 0.1201282246944547, 0.1645170875107847, 0.6740057093186493, -0.18600870773948963, 0.0361093425906794], [-0.01953937932157268, -0.02937104654876735, -0.610984619639877, -0.43494078359773786, 0.2639145004968473, -0.4178181602175335, 0.18136304114156515, -0.6229612466118324, 0.517494451258418, 0.163819279966818, 0.5514660489395375, -0.14820607184807308], [0.13247664401743847, -0.6334832128015072, -0.09143654568603378, -0.35253972268321426, -0.48895838599366004, 0.4411807423583367, 0.6503176310295347, 0.6302145298658118, 0.316235058277387, 0.25767252230474536, -0.12977886336748523, 0.10088866182589387]], "inverted": true, "swapped": false, "error_lsq": 0.04735728715040435, "error_max": 0.2839731839005929, "target": "340.xyz", "model": "1.xyz", "model_rescale": 4.316132596720782, "target_rescale": 3.8176695107588365},
{"mapping": [1, 9, 10, 7, 5, 8, 2, 6, 4, 3, 0, 11], "R": [[0.8395415844158411, -0.54172560438567, -0.04127102602940147], [0.5354304002732797, 0.8378761383926354, -0.10619728421876179], [0.09210979589454234, 0.06705927426706729, 0.9934882179648835]], "T": [-0.06641723750876648, -0.06265976607484298, 0.02078706960363299], "aligned_model": [[-0.5976328660826975, -0.25774582398801316, -0.1339807426442816, 0.4884859613251752, 0.2792826352237275, -0.5545219347949037, -0.5586971794667303, 0.25849493841259474, 0.2603516195825755, 0.5850934499259741, -0.2434410103764349, -0.0008478042822777782], [-0.04323050971662378, -0.07982428843726638, -0.6886860847366069, -0.45103533003004115, 0.34158711551666804, -0.44009779389121506, 0.28815839164240264, -0.37821812777133257, 0.39957614625748056, -0.1305076533935886, 0.6218734149086153, -0.045359266330699886], [-0.08889302595147341, -0.6954881961985135, 0.04839177401958542, -0.5637708668116528, -0.3436795799450939, 0.4750231926257756, 0.599848794039589, 0.7070457389849266, 0.544131895241821, 0.06491752602327405, -0.0423870276104071, 0.12764883472941663]], "inverted": true, "swapped": false, "error_lsq": 0.0440464339262773, "error_max": 0.28859039768933475, "target": "340.xyz", "model": "2.xyz", "model_rescale": 3.795458400668931, "target_rescale": 3.8176695107588365},
{"mapping": [1, 8, 6, 3, 9, 2, 0, 10, 4, 5, 7, 11], "R": [[0.3135607339875738, 0.8625858044176379, 0.3970206494860824], [0.7626297020158986, 0.020344865753485153, -0.646515292967316], [-0.5657522458676729, 0.5055015494087526, -0.6514542039476259]], "T": [-0.08405293182568582, -0.051223233521582, 0.13114989081726308], "aligned_model": [[-0.7016043390239156, -0.25613311077770895, -0.1603695049867112, 0.32820933424489096, 0.4688306666709755, -0.377431916650268, -0.5103805615387984, 0.2118353127380124, 0.23827874589775774, 0.6055948593793057, -0.2043331581880329, -0.11765508493079874], [-0.10191186894737425, -0.1399729904916108, -0.5304845947488213, -0.3876192705140561, 0.2809218911596282, -0.6803492136146705, 0.364891238570367, -0.2792528893968632, 0.3340816609279033, -0.18609403637077912, 0.6507885661610466, 0.06923752128302246], [0.020110421862261835, -0.6258671695459337, -0.2031862049254422, -0.4637850264687205, -0.45070403025843037, 0.4565029050190479, 0.6383987867594609, 0.7631810278434201, 0.5293924816747173, 0.12663257146686469, -0.1445571944535935, 0.18667049017359513]], "inverted": false, "swapped": false, "error_lsq": 0.0557358627830147, "error_max": 0.3108845561942376, "target": "340.xyz", "model": "3.xyz", "model_rescale": 3.7530521520055578, "target_rescale": 3.8176695107588365},
{"mapping": [1, 3, 4, 9, 10, 7, 0, 2, 5, 8, 11], "R": [[-0.4472541398401044, -0.8597867078938163, -0.24643569409686183], [-0.47132646390633137, 0.46073509592711104, -0.7520468973425725], [0.760141499207511, -0.22020442391139528, -0.6113059077682862]], "T": [-0.0006804668541902023, -0.09555503433409526, 0.015789813090743114], "aligned_model": [[-0.4667154932911488, -0.22572352575606602, 0.2595245440064411, 0.4490219126841297, 0.46986413477704003, -0.08540339108339542, -0.31618827759814755, -0.6554738388609124, -0.5632553415223497, 0.527320249292823, -0.054771370203208984], [-0.652612008577878, 0.041172866337748165, -0.4781063674651195, 0.33016093406006075, -0.4682047064063114, 0.694101452605944, -0.48091039461378227, 0.020316860629744915, 0.21719984803046746, 0.2474121354375887, -0.0033272617241163482], [-0.18033302169703327, -0.6588833879889765, -0.44114415636595783, -0.38940974938034145, 0.18217916204088055, 0.11367856279404054, 0.5249727776303161, 0.03154081007111479, 0.6289360072246032, 0.2700028529933145, 0.011290919923355916]], "inverted": true, "swapped": true, "error_lsq": 0.05216639889167021, "error_max": 0.2749832196482247, "target": "340.xyz", "model": "4.xyz", "model_rescale": 3.7855080009869324, "target_rescale": 3.8176695107588365},
{"mapping": [7, 4, 6, 1, 0, 8, 10, 14, 9, 2, 5, 16], "R": [[0.2497148270416608, -0.9602435907679515, -0.12479884432407318], [0.05584286661947532, 0.1429483192764371, -0.9881535064268919], [0.9667078562850687, 0.23978745673014804, 0.08931906958547234]], "T": [-0.013393512573879045, -0.2010517890619637, 0.1554581958894662], "aligned_model": [[-0.6695421945147025, -0.20962520221977798, -0.4270825253942036, 0.43910475255405146, 0.26925604356270977, -0.5694019434984584, -0.45044039187647683, 0.4660512405158335, 0.2250668957526939, 0.6585163844982581, -0.23269777721014134, 0.02563596066492243], [0.021207609366145574, -0.134776238686622, -0.5792950301848088, -0.31156696977901693, 0.23177623242385148, -0.4150737374646784, 0.26086463592432735, -0.3227266790295886, 0.22839397577546855, 0.10124024541367216, 0.5093097511047211, -0.195117780845679], [-0.12991723906176317, -0.5545428317622613, -0.17901230996059103, -0.44131282709729036, -0.4287018982225653, 0.5301035005528412, 0.511249589396995, 0.6170048873725491, 0.6708483277051223, 0.20970120177762278, -0.16453456400310862, 0.19190322244969665]], "inverted": false, "swapped": false, "error_lsq": 0.045280370798819115, "error_max": 0.22647256084429077, "target": "340.xyz", "model": "5.xyz", "model_rescale": 4.2253639853439635, "target_rescale": 3.8176695107588365},
{"mapping": [5, 2, 6, 3, 4, 11, 8, 12, 9, 0, 1, 13], "R": [[0.7898853670866732, -0.3813745000827118, -0.48024431027240005], [-0.3425504893238659, 0.3751661976811452, -0.8613416780705853], [0.508665183717474, 0.8448691110486485, 0.16569826815490518]], "T": [-0.06216161609300578, 0.0009818517595096346, 0.06237744561640719], "aligned_model": [[-0.6652142085486079, -0.33475730408698773, -0.11902344171015392, 0.32308213453385287, 0.19634181139463366, -0.4536018538452478, -0.5312314231154224, 0.2093634437632371, 0.12841149702854587, 0.7175197446461128, 0.08733159058457104, -0.03338074780982532], [-0.15659886147447183, -0.13501127991543652, -0.6201140421980399, -0.37552976119480075, 0.2822607200343967, -0.510750459216779, 0.38956266160766445, -0.5962926944316164, 0.29742720868992006, 0.13706317012864408, 0.7131704755564797, -0.03095112356816826], [-0.04824423399447145, -0.5354260932335739, -0.09486310710351466, -0.3989637845070625, -0.5334157134964407, 0.4987928108185545, 0.4805201795678606, 0.726366167517073, 0.5607733388528431, 0.19137938294106244, -0.03325166736546374, 0.01912177915038099]], "inverted": false, "swapped": false, "error_lsq": 0.044490539910026335, "error_max": 0.2507089068285323, "target": "340.xyz", "model": "6.xyz", "model_rescale": 3.89814844738969, "target_rescale": 3.8176695107588365},
{"mapping": [5, 9, 10, 11, 8, 2, 1, 4, 0, 7, 6, 12], "R": [[0.31263834103374144, -0.7576752615732925, 0.5728747382417151], [-0.6475128872849369, -0.6112590897513746, -0.4550707483416684], [0.694970739323315, -0.228671211996973, -0.6817075240073569]], "T": [0.08996311502146997, -0.0009959762930384225, 0.11516610409718281], "aligned_model": [[-0.6618320076214752, -0.38232869320638097, -0.31255198345242613, 0.5012706565882326, 0.3513920559864953, -0.2966558858614842, -0.5850954469543215, 0.31382526825112755, 0.04414629972442499, 0.7107567814489828, -0.184291919818854, 0.02620611775038746], [0.09313252185763261, -0.10987622663422762, -0.5976108652228086, -0.4507042786928699, 0.23716202461003622, -0.39060440004681873, 0.26263856519912404, -0.5208298288264558, 0.362970972247407, 0.09508519152688197, 0.5691622726418855, -0.15628993464199414], [-0.05371410028156201, -0.6351880909341512, -0.029526441875283416, -0.41768370422217643, -0.46156819152471823, 0.5626913758051921, 0.550584728491265, 0.42363699493766477, 0.5803964419670409, 0.30662971019453633, -0.12374726527333318, 0.1302776018627733]], "inverted": false, "swapped": false, "error_lsq": 0.044082808889635006, "error_max": 0.30601688433009144, "target": "340.xyz", "model": "7.xyz", "model_rescale": 3.7474275329858107, "target_rescale": 3.8176695107588365},
{"mapping": [0, 1, 12, 4, 2, 10, 6, 9, 5, 8, 3, 14], "R": [[-0.7266143561443288, 0.5279859626312645, -0.4396161970506769], [0.2904959392642703, 0.8159541054333532, 0.49983097852916825], [0.6226103811501476, 0.2354776445669385, -0.7462617450956968]], "T": [-0.05015756550555583, -0.21285167091092863, 0.07890532069538586], "aligned_model": [[-0.6035898528080111, -0.3657037163635059, -0.26782676405128514, 0.6295976814037528, 0.2567441648645852, -0.6634245539034062, -0.49158392649344984, 0.42564503619923705, 0.15063892743518492, 0.5475727934680624, -0.06920441208815903, -0.024024134828296823], [0.1242505355940349, -0.08325412137609942, -0.7633223414192946, -0.2652493262849822, 0.1973450260168402, -0.4349002391513196, 0.30048419908084045, -0.33063140100016053, 0.25272608711127087, 0.11545385238040304, 0.5038719910507595, -0.2225382479844999], [-0.040627283089602284, -0.5907490094505126, -0.09500494269894488, -0.3050388625605823, -0.5890314229976135, 0.466024674347571, 0.5355968476613715, 0.6620693280547705, 0.5848100386805108, 0.09091436704381636, 0.08779053336020182, 0.02603479079626099]], "inverted": true, "swapped": false, "error_lsq": 0.04582692156195572, "error_max": 0.21573998319465887, "target": "340.xyz", "model": "8.xyz", "model_rescale": 4.019505241142653, "target_rescale": 3.8176695107588365},
{"mapping": [11, 8, 9, 7, 4, 10, 6, 1, 2, 0, 5, 12], "R": [[0.4323102373754786, 0.7536435901179587, 0.4951052390497114], [-0.8084942817285982, 0.08082020880307429, 0.5829280318025422], [0.39930546586856974, -0.6522955104269398, 0.6442559367241738]], "T": [-0.04497837127437651, -0.007108222558643448, 0.138104907061982], "aligned_model": [[-0.593352132350588, -0.1544661757616914, -0.2935429294424067, 0.5173327592623141, 0.4262852943230204, -0.5122277532392263, -0.5443377318782645, 0.19110067029946734, 0.21440688862448784, 0.5995827315797108, -0.25993602281966677, -0.06600435576244838], [-0.0008035009585963121, -0.2075735613391823, -0.5924615171850199, -0.34947280356766347, 0.3414397727572244, -0.47874946514296807, 0.27011118963998954, -0.5094876035188334, 0.32578305986490314, -0.0162434683081379, 0.5933206133811, 0.018373298394976513], [-0.15599710354261312, -0.49747592965531007, -0.11272818948474791, -0.48332624457169904, -0.4484268684558629, 0.7685113724196659, 0.5873837341219913, 0.5230554829625621, 0.5526828168090684, 0.053821990384230245, -0.07118709029132242, 0.11647508845128511]], "inverted": true, "swapped": false, "error_lsq": 0.04926258688865581, "error_max": 0.303066790119499, "target": "340.xyz", "model": "9.xyz", "model_rescale": 3.877068213659057, "target_rescale": 3.8176695107588365},
{"mapping": [0, 1, 5, 4, 7, 12, 11, 6, 9, 2, 8, 15], "R": [[0.4875334298348539, 0.32547289247717204, -0.810171926850102], [0.7429682580721252, -0.6420398593478218, 0.18916391438617833], [-0.45859494359481956, -0.6941557572124377, -0.5548319226919913]], "T": [0.11476436553649288, -0.1280864355295569, 0.22839967978738535], "aligned_model": [[-0.6516341979929929, -0.2606804541083009, -0.3272389246626476, 0.45598782329219606, 0.29119079559070254, -0.4974994837244326, -0.4663702756156883, 0.11527445980491591, 0.2871434951688561, 0.6728110713262854, -0.12107821213066056, 0.02693514588647511], [-0.035093754626944904, -0.1265524211667103, -0.5933825496319108, -0.3511204401542931, 0.2179246718899569, -0.4932535646954189, 0.20989546852794738, -0.5463414742766599, 0.4724779524562708, 0.2004111513733614, 0.5599201480037271, -0.12064917368153344], [0.03410187034971829, -0.5538697395338978, -0.2178379921957334, -0.31189011689886154, -0.48953945254728354, 0.4519643513669699, 0.5328763416948195, 0.681574080533218, 0.44112757041306294, 0.0833873785656429, -0.029181677034627096, 0.21007644443421994]], "inverted": true, "swapped": false, "error_lsq": 0.03901815501925227, "error_max": 0.2012720635917498, "target": "340.xyz", "model": "10.xyz", "model_rescale": 4.260839863003843, "target_rescale": 3.8176695107588365},
{"mapping": [2, 1, 8, 7, 0, 9, 4, 10, 5, 6, 3, 11], "R": [[0.6088935405730997, 0.6785125076089337, -0.41093726195928204], [-0.5897066301190385, 0.04069188080674188, -0.8065917562373528], [-0.5305607850586042, 0.7334609381927892, 0.4249003477326784]], "T": [-0.06386573308693366, -0.08560761577460796, 0.07413433952081766], "aligned_model": [[-0.7231743984038945, -0.27227920694200725, -0.3683792608468753, 0.3848143116571982, 0.556113559663477, -0.4804070290386863, -0.4037481454612082, 0.23995858432274886, 0.14392736528647354, 0.7287226314596214, -0.23669787248853785, -0.044009296373601015], [0.048514002378633514, -0.012546313995669217, -0.7179694559808878, -0.4108308968186205, 0.24858686255688894, -0.5265948786335457, 0.11080045929047141, -0.41626938186314155, 0.4415994932020353, 0.15500317582014903, 0.5654412982200236, -0.09149835015854461], [-0.05883408351026409, -0.6146954749031219, -0.07753444936096102, -0.27589660796471005, -0.4492909146162625, 0.5915866019762324, 0.6922012229639405, 0.511955504655571, 0.4422180185406392, 0.20515138424320947, -0.149690222556363, 0.015618079679337635]], "inverted": false, "swapped": false, "error_lsq": 0.04387955663545252, "error_max": 0.2825261376959841, "target": "340.xyz", "model": "11.xyz", "model_rescale": 3.890672605050136, "target_rescale": 3.8176695107588365},
{"mapping": [8, 6, 0, 11, 9, 3, 7, 4, 12, 10, 5, 13], "R": [[-0.05041670402742729, 0.9759662280362588, 0.2120096169698173], [-0.6328396308046517, -0.19544271315632797, 0.7492103493393065], [0.7726397334062254, -0.09639537129328954, 0.6274836848517944]], "T": [-0.010913003711784948, -0.16474330080905192, -0.08814031687456976], "aligned_model": [[-0.7267340329185277, -0.18455299728298763, -0.3262718516628169, 0.4789141380519832, 0.23532514805458804, -0.6003876904531011, -0.32519432638294943, 0.1654834492023085, 0.26710861038241973, 0.7850416517553328, -0.23109008351547128, -0.012800772396069998], [-0.08378157277983088, -0.21657026981638666, -0.6489780998968436, -0.24663227027021817, 0.45730152545417285, -0.4498461568153149, 0.2884189582092386, -0.49333746433051395, 0.3526707790096389, -0.027097422895060175, 0.5781221996008234, -0.11603419145191265], [-0.10351882714231231, -0.6351517078507202, 0.03335040753935263, -0.3250490160972405, -0.48594356316001236, 0.5632421446565453, 0.5621176223294854, 0.5051279284614655, 0.37024685446304906, 0.2953310682065998, -0.019985466240397334, 0.07302161398143274]], "inverted": false, "swapped": false, "error_lsq": 0.04413376564884488, "error_max": 0.201496901924147, "target": "340.xyz", "model": "12.xyz", "model_rescale": 4.124412569039231, "target_rescale": 3.8176695107588365},
{"mapping": [2, 4, 10, 5, 0, 11, 8, 9, 6, 3, 1, 12], "R": [[-0.7202365142001682, -0.6810199625280964, -0.1321785695603545], [-0.5705746615231595, 0.47314920666243, 0.6712483771767687], [-0.3945933593467119, 0.5588753339278302, -0.7293520699131067]], "T": [0.13768583368583603, -0.08431357712090981, 0.05239081266213909], "aligned_model": [[-0.7145481625675896, -0.25696130370194886, -0.32025340208174097, 0.3860133670882118, 0.41886488516156034, -0.6655699645772513, -0.35445444721577585, 0.2817121445156808, 0.18078582805437993, 0.766784861647337, -0.23319310964090062, 0.03566054615274586], [-0.011747895246411844, -0.06054983092908833, -0.6585003490019791, -0.48893063681469556, 0.18438913532553486, -0.46869992279808903, 0.08173765707985875, -0.27590369278938914, 0.3981424248399934, 0.20237566106328175, 0.637698691570785, -0.1457752282820079], [-0.05166182350305422, -0.6272893893947433, -0.019795610153481538, -0.5378331704419533, -0.3783116214256667, 0.49689066772417323, 0.547487825815043, 0.645004448488447, 0.5139007382774091, 0.2278817511552404, -0.010944739472884255, 0.027459982078718248]], "inverted": false, "swapped": false, "error_lsq": 0.041349991712660156, "error_max": 0.2169995617739349, "target": "340.xyz", "model": "13.xyz", "model_rescale": 3.9028299243045295, "target_rescale": 3.8176695107588365},
{"mapping": [10, 14, 9, 1, 12, 7, 4, 3, 0, 2, 5, 15], "R": [[-0.005961144465543133, 0.18693444032826467, -0.9823543046049219], [0.8966853074650432, -0.4338341415433633, -0.08799657384042964], [-0.4426284267113694, -0.8813872319534086, -0.16503521810973087]], "T": [0.06140357143860382, -0.0006855003953940841, 0.028566305830709543], "aligned_model": [[-0.6834330236865297, -0.48319854681079427, -0.25231552711777133, 0.5163635432425513, 0.2541943355066471, -0.5821288853121449, -0.33140821283335864, 0.13327678934325196, 0.29708137880381785, 0.7703494943042304, -0.114756444944524, 0.000816342339333205], [0.014156638708693464, -0.20385934874776077, -0.683363027880955, -0.3702112517058188, 0.31370908914122764, -0.5500410784958755, 0.23341739465579198, -0.215451207549783, 0.3976020631107876, 0.0767248217885412, 0.47865015364740393, -0.0970982326544605], [0.009837730919968923, -0.6386514793990541, -0.16216171290497275, -0.2518991981397851, -0.5615422031073039, 0.3521437799468815, 0.5288242498440348, 0.6094271986584652, 0.7163449018313144, 0.21174133149569757, -0.007583563414030589, 0.026308023416031726]], "inverted": false, "swapped": false, "error_lsq": 0.04160959621492777, "error_max": 0.23757203119443326, "target": "340.xyz", "model": "14.xyz", "model_rescale": 3.942246331269136, "target_rescale": 3.8176695107588365},
{"mapping": [8, 11, 6, 4, 13, 7, 0, 5, 1, 3, 12, 14], "R": [[0.7279696369274489, -0.6584569503079871, -0.1910357356695959], [-0.6433203503921605, -0.7523603138369599, 0.1417493736651392], [-0.2370635663340665, 0.01970793632668394, -0.9712942204928007]], "T": [0.01781164116786023, -0.20803148875984856, 0.062177690278918486], "aligned_model": [[-0.714367766006173, -0.22554481097509244, -0.3918461671913893, 0.4481722600991237, 0.0961287025440362, -0.6675766946094458, -0.45383114963683613, 0.3188900286760025, 0.30442163271496187, 0.6601999591619683, 0.16477309424118453, -0.014577846183632268], [-0.018125339252205275, -0.3170338828804947, -0.5550961240875665, -0.23377155611451617, 0.3154311721663339, -0.5303680891403049, 0.10367384099888288, -0.2585472187464919, 0.3540853798183986, 0.0866752485724187, 0.5947358028334083, -0.14742322015007062], [-0.10119273659587785, -0.6034101250639649, -0.09439819641362285, -0.3350516685659204, -0.554898582979742, 0.4588153755341451, 0.5324014116607896, 0.618576399648852, 0.5706270727997104, 0.19268867976377926, 0.016975201173201414, 0.13165622818589826]], "inverted": false, "swapped": false, "error_lsq": 0.04482235711958777, "error_max": 0.2691085994135375, "target": "340.xyz", "model": "15.xyz", "model_rescale": 4.355366556412066, "target_rescale": 3.8176695107588365},
{"mapping": [1, 9, 10, 7, 5, 8, 2, 6, 4, 3, 0, 11], "R": [[0.8395415844158411, -0.54172560438567, -0.04127102602940147], [0.5354304002732797, 0.8378761383926354, -0.10619728421876179], [0.09210979589454234, 0.06705927426706729, 0.9934882179648835]], "T": [-0.06641723750876648, -0.06265976607484298, 0.02078706960363299], "aligned_model": [[-0.5976328660826975, -0.25774582398801316, -0.1339807426442816, 0.4884859613251752, 0.2792826352237275, -0.5545219347949037, -0.5586971794667303, 0.25849493841259474, 0.2603516195825755, 0.5850934499259741, -0.2434410103764349, -0.0008478042822777782], [-0.04323050971662378, -0.07982428843726638, -0.6886860847366069, -0.45103533003004115, 0.34158711551666804, -0.44009779389121506, 0.28815839164240264, -0.37821812777133257, 0.39957614625748056, -0.1305076533935886, 0.6218734149086153, -0.045359266330699886], [-0.08889302595147341, -0.6954881961985135, 0.04839177401958542, -0.5637708668116528, -0.3436795799450939, 0.4750231926257756, 0.599848794039589, 0.7070457389849266, 0.544131895241821, 0.06491752602327405, -0.0423870276104071, 0.12764883472941663]], "inverted": true, "swapped": false, "error_lsq": 0.0440464339262773, "error_max": 0.28859039768933475, "target": "340.xyz", "model": "16.xyz", "model_rescale": 3.795458400668931, "target_rescale": 3.8176695107588365},
{"mapping": [5, 9, 10, 11, 8, 2, 1, 4, 0, 7, 6, 12], "R": [[0.31263834103374144, -0.7576752615732925, 0.5728747382417151], [-0.6475128872849369, -0.6112590897513746, -0.4550707483416684], [0.694970739323315, -0.228671211996973, -0.6817075240073569]], "T": [0.08996311502146997, -0.0009959762930384225, 0.11516610409718281], "aligned_model": [[-0.6618320076214752, -0.38232869320638097, -0.31255198345242613, 0.5012706565882326, 0.3513920559864953, -0.2966558858614842, -0.5850954469543215, 0.31382526825112755, 0.04414629972442499, 0.7107567814489828, -0.184291919818854, 0.02620611775038746], [0.09313252185763261, -0.10987622663422762, -0.5976108652228086, -0.4507042786928699, 0.23716202461003622, -0.39060440004681873, 0.26263856519912404, -0.5208298288264558, 0.362970972247407, 0.09508519152688197, 0.5691622726418855, -0.15628993464199414], [-0.05371410028156201, -0.6351880909341512, -0.029526441875283416, -0.41768370422217643, -0.46156819152471823, 0.5626913758051921, 0.550584728491265, 0.42363699493766477, 0.5803964419670409, 0.30662971019453633, -0.12374726527333318, 0.1302776018627733]], "inverted": false, "swapped": false, "error_lsq": 0.044082808889635006, "error_max": 0.30601688433009144, "target": "340.xyz", "model": "17.xyz", "model_rescale": 3.7474275329858107, "target_rescale": 3.8176695107588365},
{"mapping": [12, 5, 10, 8, 4, 11, 7, 1, 2, 0, 9, 13], "R": [[-0.4632688823160438, 0.6466004865799275, 0.6060443493938743], [-0.8269872342627143, -0.06960759276561845, -0.5578950594833069], [-0.3185499286519309, -0.7596463610022605, 0.566977379770898]], "T": [-0.03204844059222417, -0.08515309782432262, 0.11201046775140559], "aligned_model": [[-0.742011524464298, -0.29599408056438764, -0.3195204803461318, 0.3888600848582701, 0.37182036396973855, -0.43713496642929534, -0.5301465542342833, 0.22713393549782046, 0.2728679484962138, 0.7925630508058517, -0.25077745647634947, 0.04718092172155949], [0.06174251819171808, -0.07631005046118394, -0.6026985349443184, -0.44908161085675086, 0.2410973160278978, -0.5565511844647534, 0.1434530926755754, -0.2905947491441208, 0.3963423348927657, 0.03724466448305974, 0.5119380933486073, -0.02234587573070436], [-0.0713226194086108, -0.5613946379044039, -0.24287813074036996, -0.3432328757735668, -0.5358139515039599, 0.48001238663641227, 0.6287858163194692, 0.7195766292819747, 0.5351190445346405, 0.1766406992012136, -0.09622952093983662, 0.1435262194442851]], "inverted": true, "swapped": false, "error_lsq": 0.037698025595212944, "error_max": 0.19155110424589064, "target": "340.xyz", "model": "18.xyz", "model_rescale": 3.922800546911778, "target_rescale": 3.8176695107588365},
{"mapping": [5, 12, 3, 7, 13, 0, 1, 2, 6, 4, 8, 14], "R": [[0.8438132111526422, -0.40628148683613496, 0.35059181128270256], [-0.4865570860183479, -0.8548054881451417, 0.18047099346509993], [0.22636578082740477, -0.32286673859529974, -0.9189753002008454]], "T": [0.050312704380339406, -0.027384275991363623, 0.10456736977961978], "aligned_model": [[-0.6924947836222702, -0.2846706501235159, -0.2022871045409005, 0.31777416673665415, 0.3799641338769538, -0.5997125169154335, -0.32150819140258097, 0.132436104250388, 0.20847484280302597, 0.6347707442956746, -0.1300762014535548, 0.08217069893026763], [0.056392808435204604, -0.1734268798514631, -0.5895724784416806, -0.5663451501642643, 0.20517927169181993, -0.5029038730634806, 0.13881146898197572, -0.4857818676500095, 0.4769314898982985, 0.3973474681906157, 0.5403263848240942, -0.10272262883331787], [-0.04954997537643918, -0.5919035589960325, -0.06656709531651367, -0.42097669242987723, -0.45136237231018383, 0.32770625065122166, 0.7227188235090348, 0.648861736775204, 0.5477582069567868, 0.1479134671197848, -0.03527218925195552, 0.05346245781621772]], "inverted": false, "swapped": false, "error_lsq": 0.04471260798127382, "error_max": 0.30746607808716225, "target": "340.xyz", "model": "19.xyz", "model_rescale": 3.9282355846067225, "target_rescale": 3.8176695107588365},
{"mapping": [6, 8, 4, 11, 9, 3, 5, 1, 2, 10, 7, 13], "R": [[-0.05500626847449863, 0.5908945946602053, -0.8048713489930318], [-0.9859255760242431, -0.15959881823782485, -0.04978931369635575], [-0.15787675246778976, 0.7908045240250218, 0.5913570290541772]], "T": [-0.06868254912855759, -0.0013175932974794219, -0.009862696537487212], "aligned_model": [[-0.7135582652127734, -0.3536092141319379, -0.20788898071812878, 0.41118652048788434, 0.24171007710151965, -0.4008096420919581, -0.4467559069821217, 0.11105282422084622, 0.22729430158068126, 0.7638273570243328, -0.13312097733603495, 0.025513148892398918], [0.0957531954313475, -0.1613107560265305, -0.5811418271629173, -0.45264609498152975, 0.11559934884888405, -0.5297862704181744, 0.12236403628818236, -0.25366258332038133, 0.3778287670803715, 0.10369648273786858, 0.6170568061351986, -0.059515090594526955], [0.02959141398977229, -0.6967692131597947, -0.21913111786824635, -0.2916275469341168, -0.616831947372259, 0.4105746002899234, 0.5641177411369669, 0.6724260970711315, 0.6589885213102097, 0.1854156918807215, 0.02961599994615051, 0.1064188188567889]], "inverted": true, "swapped": false, "error_lsq": 0.040576387828622155, "error_max": 0.22312513169098858, "target": "340.xyz", "model": "20.xyz", "model_rescale": 4.067790424073018, "target_rescale": 3.8176695107588365},
{"mapping": [0, 7, 8, 1, 9, 2, 3, 6, 11, 13, 12, 14], "R": [[0.22187563774561664, -0.4235831373323432, -0.8782644972573269], [-0.8648755431337282, 0.33045880561360014, -0.37787203215053056], [0.450290457664955, 0.8434300822001325, -0.29302593771842655]], "T": [0.013817525571870944, -0.15857733690077847, 0.12040976607531055], "aligned_model": [[-0.6681674282672158, -0.22540292749055116, -0.0972253002357853, 0.4378840321693049, 0.14447878738453745, -0.5778128814956035, -0.4489168392003466, 0.07017983283826437, 0.25472782533240096, 0.7087737484880426, -0.1318259226508569, 0.05814831596251744], [-0.14177455614894854, -0.2079075769839796, -0.6037890056403147, -0.27144351941751826, 0.3059591504709716, -0.3808444733346462, 0.31815158105291924, -0.33805604717253096, 0.32510016009535286, -0.09826253719204026, 0.5875656363060706, -0.1004627980175436], [-0.07725717303455555, -0.5845753823205471, -0.21815183478908368, -0.5729400187412461, -0.48883844773473245, 0.5132108773690478, 0.6517773065746986, 0.8360686132742874, 0.4754457647402303, 0.1797518105579609, 0.025160007957380423, 0.0931375352938069]], "inverted": true, "swapped": false, "error_lsq": 0.048748980170423804, "error_max": 0.2885049479954305, "target": "340.xyz", "model": "21.xyz", "model_rescale": 4.186013935880536, "target_rescale": 3.8176695107588365},
{"mapping": [5, 3, 11, 4, 6, 8, 2, 9, 1, 7, 0, 12], "R": [[0.9538447262894192, 0.14925771154977002, -0.2605808390361587], [0.15154269685821703, 0.5099000003941602, 0.8467802552179485], [0.2592586530066091, -0.8471860038627651, 0.4637465101758045]], "T": [0.015254924902079907, -0.09984433001765229, 0.11634934937226801], "aligned_model": [[-0.6756063851477857, -0.30225688463428435, -0.2038664280672423, 0.4313343451999712, 0.16690263621030715, -0.44269787723864146, -0.5716245277231204, 0.1988533977677649, 0.27576361726888643, 0.7145650459398413, -0.07709623709164523, 0.010570540350657189], [0.12799586394083962, -0.1327866787192083, -0.6687134707698213, -0.417210240243392, 0.1704245897946342, -0.4904581877509725, 0.16102897333239508, -0.39141893261478067, 0.41498733533707827, 0.12019095063646333, 0.6154107124161565, -0.11521490134159977], [-0.14697226464374116, -0.7499298822866449, -0.04899789761008064, -0.3874094657363354, -0.34604715975779776, 0.5910789311994075, 0.4867772513323805, 0.6328051675407217, 0.5660234685761167, 0.08679313577056888, 0.07548459490352707, 0.07318317985912468]], "inverted": true, "swapped": false, "error_lsq": 0.03811252730490446, "error_max": 0.23409189532669014, "target": "340.xyz", "model": "22.xyz", "model_rescale": 4.166573947596378, "target_rescale": 3.8176695107588365},
{"mapping": [10, 8, 9, 3, 4, 14, 13, 12, 6, 2, 0, 15], "R": [[0.4615780150032668, -0.18187545924217896, -0.8682551775780497], [-0.7811262910326422, 0.3805753042739143, -0.4949789442333943], [0.4204610011918251, 0.9066883450790928, 0.03359749059831586]], "T": [-0.006276912003595626, -0.07280134461977403, 0.08249555792041995], "aligned_model": [[-0.7525492324775134, -0.2408218188045125, -0.1773404467933635, 0.39445075341892283, 0.32618006562493274, -0.4949158312781235, -0.6473330434809857, 0.143828166795996, 0.3905044286642342, 0.6452663239292218, -0.07050477587896434, 0.00807665311486399], [-0.06875476025352353, -0.07541836705586046, -0.6021337779397661, -0.3262781420999088, 0.22395187175096545, -0.4842630661119738, 0.15830298057229722, -0.4038755046944644, 0.24039960127548562, 0.0946844294612578, 0.6452373948560948, -0.00761664574281104], [0.14576072964641348, -0.6914947379544728, -0.14332208617069198, -0.28709002529447913, -0.5016819835550453, 0.5493028217211697, 0.5849405460221071, 0.6276925141469046, 0.6513341704943363, 0.09828056282261315, -0.30097662223340427, 0.10004316950179712]], "inverted": false, "swapped": false, "error_lsq": 0.046025681155847396, "error_max": 0.24218392100521519, "target": "340.xyz", "model": "23.xyz", "model_rescale": 4.274766983524099, "target_rescale": 3.8176695107588365},
{"mapping": [3, 2, 1, 4, 0, 10, 9, 8, 7, 5, 11], "R": [[-0.3744860939159637, 0.7582321536686472, -0.5337079412998922], [0.8895773715098689, 0.45616027430514067, 0.02387266728817046], [0.2615573848339153, -0.46583452565139916, -0.8453318455789888]], "T": [-0.1219763339782878, 0.05071344852867142, 0.0557440084018988], "aligned_model": [[0.16880277309035416, 0.21456643244659726, -0.4494393305932911, -0.5112280497310947, -0.4317791186107768, -0.6544222750443407, 0.1648557229720232, -0.022172894029207135, 0.6278378174770509, 0.2896814138079633, -0.016807787827203366], [-0.17981097696824744, 0.5544250851313334, 0.43808609649281094, -0.32594693984161943, 0.6750775801661718, -0.1458294547054605, -0.6312758606091116, -0.3047703383856445, -0.006223645141175259, 0.7715542121366151, 0.07030077296781082], [-0.5662116375881325, -0.2189236152643672, -0.49984190052857586, -0.30404881561909264, 0.20238264407662782, 0.31233243895646967, 0.07220470894538905, 0.6255738567468688, 0.3293394290811354, 0.3738333883570802, 0.05292593685817471]], "inverted": true, "swapped": true, "error_lsq": 0.0530980215466454, "error_max": 0.31418867607899775, "target": "340.xyz", "model": "24.xyz", "model_rescale": 3.7841303162186577, "target_rescale": 3.8176695107588365},
{"mapping": [9, 10, 8, 7, 11, 2, 5, 4, 3, 6, 13, 15], "R": [[0.9465209081999166, -0.28709198270788827, -0.1472289502959901], [0.23830936969261562, 0.3144662202011301, 0.918868674332259], [-0.21750129805845703, -0.9048144504909658, 0.36606556178588867]], "T": [-0.08036928020832214, -0.16193850211564143, -0.03707244661731739], "aligned_model": [[-0.6602798300380794, -0.23443454746356596, -0.27440346369307655, 0.3769251453219651, 0.3740825554859868, -0.5654992188881729, -0.32022953980871566, 0.16192934899098732, 0.2328840950911093, 0.5891533537997654, -0.13380874455713238, -0.02147791140636239], [-0.15711492324267662, -0.15133143652469944, -0.7060576427492276, -0.2758561342071122, 0.36937710872178275, -0.36887323626906443, 0.1473825268441668, -0.28824778435469584, 0.3861681144554171, -0.04075837627140312, 0.6178156808475266, -0.1382678832322213], [-0.11336920807629734, -0.7995726032483299, 0.08839818769380552, -0.4850793010044533, -0.354255075204089, 0.5020193696111971, 0.7478646861209426, 0.6572197702242268, 0.46338069541267474, 0.20599394738702886, -0.07065272464766507, -0.009158685121793048]], "inverted": false, "swapped": false, "error_lsq": 0.046652747679936074, "error_max": 0.2036418016957561, "target": "340.xyz", "model": "25.xyz", "model_rescale": 4.19342608120988, "target_rescale": 3.8176695107588365},
{"mapping": [1, 9, 10, 7, 5, 8, 2, 6, 4, 3, 0, 11], "R": [[0.8395415844158411, -0.54172560438567, -0.04127102602940147], [0.5354304002732797, 0.8378761383926354, -0.10619728421876179], [0.09210979589454234, 0.06705927426706729, 0.9934882179648835]], "T": [-0.06641723750876648, -0.06265976607484298, 0.02078706960363299], "aligned_model": [[-0.5976328660826975, -0.25774582398801316, -0.1339807426442816, 0.4884859613251752, 0.2792826352237275, -0.5545219347949037, -0.5586971794667303, 0.25849493841259474, 0.2603516195825755, 0.5850934499259741, -0.2434410103764349, -0.0008478042822777782], [-0.04323050971662378, -0.07982428843726638, -0.6886860847366069, -0.45103533003004115, 0.34158711551666804, -0.44009779389121506, 0.28815839164240264, -0.37821812777133257, 0.39957614625748056, -0.1305076533935886, 0.6218734149086153, -0.045359266330699886], [-0.08889302595147341, -0.6954881961985135, 0.04839177401958542, -0.5637708668116528, -0.3436795799450939, 0.4750231926257756, 0.599848794039589, 0.7070457389849266, 0.544131895241821, 0.06491752602327405, -0.0423870276104071, 0.12764883472941663]], "inverted": true, "swapped": false, "error_lsq": 0.0440464339262773, "error_max": 0.28859039768933475, "target": "340.xyz", "model": "26.xyz", "model_rescale": 3.795458400668931, "target_rescale": 3.8176695107588365},
{"mapping": [3, 4, 9, 11, 10, 2, 0, 1, 6, 8, 7, 12], "R": [[-0.17510788713779657, 0.21892862262139334, 0.9598997270857184], [-0.888843762818124, -0.45446138148340787, -0.058494598378918405], [0.4234312142030335, -0.8634437508820665, 0.27417311301667213]], "T": [0.046407227596665386, -0.12974291739718286, 0.06730775928823507], "aligned_model": [[-0.6499112059154378, -0.18007454795589695, -0.1732167051017253, 0.4467865972421151, 0.08471322656233879, -0.5814093299363478, -0.5544606582655056, 0.1794979121909784, 0.4193290831504231, 0.756234124977811, -0.23301358763997365, 0.010366333525929132], [0.05173632180828136, -0.24777084598576965, -0.4971408801127075, -0.39213828136870327, 0.2877952419689261, -0.5428766681655592, 0.16619487339738243, -0.30863170046115646, 0.32548778038778164, -0.10432080355919396, 0.623972451337256, 0.031928524771254935], [-0.09786634200041672, -0.7287064340853702, 0.03327314023670265, -0.46412391558813126, -0.5087833484591727, 0.5255672796068556, 0.5599047546222213, 0.6156131883324283, 0.645997020567916, 0.22932998612281932, -0.051204896472308026, 0.07378862626370375]], "inverted": false, "swapped": false, "error_lsq": 0.04517636376294837, "error_max": 0.23945859761781535, "target": "340.xyz", "model": "27.xyz", "model_rescale": 3.6321398670334006, "target_rescale": 3.8176695107588365},
{"mapping": [8, 0, 3, 2, 11, 7, 12, 4, 6, 13, 9, 14], "R": [[-0.0657051963510836, -0.8137974790839749, -0.577422280665574], [0.3632132006432328, 0.5194697573173, -0.7734515770952982], [0.9293863556406261, -0.26054718242436004, 0.2614501246505019]], "T": [-0.09689054335501622, -0.06880441251819044, -0.01683362040487872], "aligned_model": [[-0.6097146774860966, -0.22809204187872534, -0.36080529074884926, 0.5342737461110486, 0.25241483396202335, -0.5628125414254541, -0.5284356883314497, 0.195667379922025, 0.23197778817546422, 0.6362304826040552, -0.0022341909504817598, -0.03362855711885164], [-0.010574730162844936, -0.2499974465174987, -0.6978130494849855, -0.30931429071454497, 0.21954230982137798, -0.41140294221649587, 0.2853391698840658, -0.4659380280627138, 0.24070563653119906, 0.2790485309143643, 0.5921276616349264, -0.07748680760905743], [0.00866789602192053, -0.5993857171611302, -0.09593621638931436, -0.4378209146611158, -0.47221012123923384, 0.49933526975266146, 0.5929703167343586, 0.6488705220573645, 0.6155875898613242, 0.0726606417356412, 0.0111150741148381, -0.011065281680066354]], "inverted": false, "swapped": false, "error_lsq": 0.03642333663671277, "error_max": 0.22192312505622622, "target": "340.xyz", "model": "28.xyz", "model_rescale": 4.156811204709835, "target_rescale": 3.8176695107588365},
{"mapping": [8, 7, 9, 3, 5, 6, 10, 0, 1, 11], "R": [[-0.46842737533348133, 0.730141509990417, 0.4974627316966568], [0.05062549364839347, -0.5399505665639239, 0.840172866177047], [0.8820503689875328, 0.4187442668935438, 0.21596385232891674]], "T": [-0.0635725095702169, 0.12272492935382937, -0.050955503052995094], "aligned_model": [[-0.4950534838893884, 0.04644940435844244, 0.10379008933634745, 0.6370484330888191, -0.2054113102739642, -0.7732920728014652, -0.5228861155524481, -0.3814913310654693, 0.24751166949559464, -0.013739908585880145], [-0.15419631017260463, -0.6462491463537818, -0.012509958561359835, 0.18660498642878967, -0.510525035123635, -0.28651948536483296, 0.5108763827149987, 0.21588874231514243, 0.5871283273365699, 0.028221827406917657], [-0.4961232257701592, -0.24302735919023982, -0.7590192621261215, -0.222921948770938, 0.5566056860759818, 0.1491863410011699, -0.21323574299947015, 0.5795675739296159, 0.4525535854667285, -0.04479892064146836]], "inverted": true, "swapped": true, "error_lsq": 0.04919340164619865, "error_max": 0.22833272404220673, "target": "340.xyz", "model": "29.xyz", "model_rescale": 4.117894457231895, "target_rescale": 3.8176695107588365},
