[{"mapping": [0, 12, 3, 1, 2, 9, 8, 4, 6, 5, 11, 7, 13], "R": [[-0.7285445507747123, 0.5366056753026023, -0.42576658719245564], [0.6819950626936178, 0.5100754401397192, -0.5241238210841022], [-0.0640747375960371, -0.6722182641072094, -0.7375751035675546]], "T": [-0.08717679240289151, 0.1319034629236622, 0.15506644163154515], "aligned_model": [[-0.6963776521431325, -0.5991988029769302, 0.14469086758804495, -0.347322312083609, -0.1132463139028718, -0.5990728835328323, 0.4580849529771443, 0.3387452277835908, 0.5991917912662744, 0.427285860367913, 0.12099830424310008, -0.052185118301106906, -0.08377378574673389], [-0.27351936238677, 0.4000342854248937, -0.17445077183662513, 0.29558434779108755, -0.6338535736598777, -0.08974248232196883, 0.19413763852901805, -0.513645854401392, -0.20483917812978072, 0.59923253329902, 0.6683745175934032, -0.03855631953093144, 0.13763208963739026], [0.39985018249209464, 0.1225221535591671, 0.5094458666726986, 0.6435098773966681, 0.21983361218315117, -0.31988475439419867, -0.40116702377173197, -0.40641440241614135, 0.16205537831664205, 0.4539526730436458, -0.23980540780982557, -0.5805377507059889, -0.00770783347687648]], "inverted": false, "swapped": false, "error_lsq": 0.04311749884967416, "error_max": 0.2485450326841397, "target": "341.xyz", "model": "0.xyz", "model_rescale": 3.8414455957264533, "target_rescale": 3.8431904144951354},
{"mapping": [2, 3, 9, 4, 6, 5, 11, 8, 13, 0, 1, 10, 14], "R": [[-0.1685849628662356, 0.9068197635351025, 0.3863379696037281], [-0.9117734079964614, 0.005449030317495898, -0.41065747349721743], [-0.37449748031983976, -0.4214833621042949, 0.8258955216632134]], "T": [0.005142981840749707, -0.009133986495627903, 0.10157197840452123], "aligned_model": [[-0.5757804762258544, -0.5289033443495935, 0.2717774422925257, -0.29729588205844965, -0.4319081951083211, -0.6128655914383311, 0.5716596263841953, 0.4162204297451906, 0.7565894078923575, 0.3114642928281568, -0.04849434142636458, -0.22379403494941227, -0.010849198047247901], [-0.20869781995380254, 0.5184853615904688, -0.48849576640441783, 0.3326545173215416, -0.6536389160229313, -0.09107725142317802, 0.45421177506176846, -0.5847702845414924, -0.08085282148965761, 0.530090183418088, 0.7795439071388007, -0.1910941653497375, 0.05002915066201688], [0.5106036884978186, -0.12156301895773938, 0.5073157749753484, 0.39742428464865576, 0.04134874097842061, -0.11214159081620484, -0.3350457019887557, -0.25050838415067134, 0.17250630099023898, 0.4769676610155328, -0.25000747038883764, -0.5171845456540067, 0.03593683193950524]], "inverted": false, "swapped": false, "error_lsq": 0.04498118849707833, "error_max": 0.2702338799756226, "target": "341.xyz", "model": "1.xyz", "model_rescale": 4.316132596720782, "target_rescale": 3.8431904144951354},
{"mapping": [7, 8, 6, 5, 11, 4, 10, 0, 9, 2, 3, 12], "R": [[0.6042345492624293, 0.37540069322376846, 0.7028335002009674], [-0.78358561811359, 0.4399651038292181, 0.4386619273405074], [-0.1445482222760705, -0.8157849146310929, 0.5600007004434623]], "T": [-0.0715696835970806, 0.004580406151946932, -0.07293695398740518], "aligned_model": [[-0.20938968731869956, 0.4319360662588545, 0.002493018345120279, -0.6027905807710254, -0.596187446548991, -0.4626525587914097, 0.006711989833387416, -0.21786298963373807, 0.759601389777672, 0.3769925464333548, 0.21145118259454249, -0.10249437554728688], [-0.6355327831968371, -0.4748370369797749, -0.4902944907398763, 0.3052772356613567, -0.16033731939061632, -0.06722448860780555, 0.24813729331346762, 0.56918922610001, 0.0999949148783667, -0.04602014702945096, 0.615049958386737, 0.04937406534540322], [0.2226132787614929, 0.03531545961541646, -0.623876930845952, -0.018546232185654335, -0.439017206392471, 0.5432753523232159, -0.7404629142559354, 0.4178161341966756, -0.3336861766077681, 0.5574180391774739, -0.030148687484407688, -0.14144165509266532]], "inverted": false, "swapped": true, "error_lsq": 0.05199729200042893, "error_max": 0.271545692942797, "target": "341.xyz", "model": "2.xyz", "model_rescale": 3.795458400668931, "target_rescale": 3.8431904144951354},
{"mapping": [6, 10, 9, 0, 7, 4, 3, 11, 1, 5, 8, 12], "R": [[-0.6461480021703516, -0.36243322052709287, -0.6716657799453705], [0.3216709985388711, -0.9273924065083083, 0.19097406381426235], [-0.6921130890181668, -0.09265789231947813, 0.7158170066439069]], "T": [0.033086494724358935, 0.08201656948520938, 0.03260227178020807], "aligned_model": [[-0.07383711534979187, -0.040996889424458664, -0.7952708303930024, 0.21499917565021914, 0.14110271919943285, 0.4278233217444642, -0.21709231238939075, 0.5435977003723823, 0.24093976569323594, 0.5799439978920358, -0.4933252141552112, 0.06541950690364992], [-0.0843521330805562, -0.6052467491219745, -0.20225809246331347, 0.1604371070082395, 0.6950765310248576, 0.6344923562253781, -0.24037618192914909, -0.11176930031246732, -0.5615248357720919, -0.03645034248834787, 0.43690255232690034, 0.0008381338722345949], [-0.6849004124718181, -0.14966036399960925, 0.0017559221415737597, 0.7686603131936939, -0.3259771022629491, 0.3096811542131861, 0.569331439016864, -0.33923337763807343, 0.49920218485142853, 0.28257234496114153, -0.2707529027343519, 0.02809223136801431]], "inverted": false, "swapped": true, "error_lsq": 0.05232903612892376, "error_max": 0.31969473445189467, "target": "341.xyz", "model": "3.xyz", "model_rescale": 3.7530521520055578, "target_rescale": 3.8431904144951354},
{"mapping": [1, 11, 4, 7, 0, 6, 3, 10, 9, 8, 12], "R": [[0.22022909931331747, -0.9227047911184357, 0.31640956411387033], [0.9077081404459336, 0.07508414821219124, -0.41282962884879676], [0.35716253384674956, 0.3781246343923312, 0.8540823644601472]], "T": [0.008478230429245802, -0.04495818463173508, -0.028144184189630682], "aligned_model": [[-0.5564705982679394, -0.2525314841042725, 0.5899168486135049, 0.5541340004650516, 0.19961408476519565, -0.2680296721067533, -0.21896893373692475, -0.6974056651592413, -0.2601150719211155, 0.321078428168321, -0.07302233427062144], [-0.6415109338437979, 0.10154236252831138, -0.3563567908281424, 0.34041279604356006, -0.7799596359681634, 0.6349226054740061, -0.5065903109824036, 0.05096932974502079, 0.2216492940299426, 0.465413548400437, -0.06328890628442452], [-0.02349232732568867, -0.6170821462914926, -0.3487364579163868, -0.2924133207947595, 0.037150503474086584, -0.15154109085225162, 0.4074798372895125, 0.031561119139527895, 0.7622465603423106, 0.34182813972529397, -0.054170039544836054]], "inverted": false, "swapped": true, "error_lsq": 0.05008615955329903, "error_max": 0.29426711253908644, "target": "341.xyz", "model": "4.xyz", "model_rescale": 3.7855080009869324, "target_rescale": 3.8431904144951354},
{"mapping": [10, 15, 5, 9, 7, 8, 12, 4, 0, 2, 14, 13, 16], "R": [[0.5643172129909646, 0.8070628676195944, 0.17376884309837376], [-0.8054637435955384, 0.5844043488385782, -0.09848713018266914], [-0.1810365733081874, -0.08438652006211972, 0.9798493120662151]], "T": [0.028126902658451237, 0.00252500282630427, -0.04297777160255361], "aligned_model": [[-0.515466439633665, -0.685498280902278, 0.1434151138289492, -0.19374142021106244, -0.1812837000991816, -0.6244843461106155, 0.34060159312110494, 0.43684309179203706, 0.6650117078151171, 0.43530347725721813, -0.008772062284290626, -0.24047572710775522, 0.026367128073273068], [-0.15772443787206972, 0.41458394881685806, -0.4656161790776917, 0.4566389502772511, -0.7045245129020914, -0.14289617975866967, 0.40909819153759336, -0.613249644599479, -0.2224302172145508, 0.5005044919745102, 0.6774140959503036, 0.16000665368644026, 0.05458270918906308], [0.4150513421509599, -0.05924519619666151, 0.6071419918179564, 0.4584890660713152, 0.08967837652799676, -0.2626618893700589, -0.4903289457952187, -0.07078863626222998, 0.34721035899272656, 0.320353142392386, -0.07231336263612989, -0.6971335602343158, -0.029800116369421356]], "inverted": true, "swapped": false, "error_lsq": 0.041678310570478834, "error_max": 0.22822782446803416, "target": "341.xyz", "model": "5.xyz", "model_rescale": 4.2253639853439635, "target_rescale": 3.8431904144951354},
{"mapping": [5, 6, 8, 11, 10, 2, 0, 1, 9, 12, 7, 4, 13], "R": [[-0.6170198865436937, -0.5205256909473603, 0.5902029012749608], [-0.7832569866377239, 0.3336636471637766, -0.5245732202891793], [0.07612458533746119, -0.7859526548241569, -0.613582489875697]], "T": [-0.02563618046464253, 0.004278397414366548, 0.017040226369861484], "aligned_model": [[-0.5208891154086686, -0.4670614643194889, 0.171442289479199, -0.21536106607118186, -0.3493797404843402, -0.640652741157852, 0.572172161353662, 0.3478048784508034, 0.5562324891421441, 0.2711943450057314, 0.055538771818630206, -0.12996688452589225, -0.05325378774389514], [-0.18293399157991583, 0.4692254234328087, -0.47085812045216696, 0.3322627354610289, -0.705223394850651, -0.13704268526824218, 0.3006603627857902, -0.5433527139255406, -0.05077714134667423, 0.7783816030335369, 0.7663492981956016, -0.22699389336811832, 0.03669038789000992], [0.3640522121672788, 0.06886637704096323, 0.547389395948688, 0.6967346655047326, 0.03464103622735938, -0.21089527700717695, -0.4277581171315742, -0.2981545124298138, 0.19309182808692305, 0.44599200765551855, -0.18802021674679006, -0.6436711659284943, -0.02661566229830963]], "inverted": true, "swapped": false, "error_lsq": 0.04471492797608959, "error_max": 0.28909723299059575, "target": "341.xyz", "model": "6.xyz", "model_rescale": 3.89814844738969, "target_rescale": 3.8431904144951354},
{"mapping": [1, 2, 6, 5, 0, 2, 11, 7, 8, 9, 10, 4, 12], "R": [[-0.4849291863145689, -0.34373414520172213, 0.8041707043176416], [-0.044874193502150106, 0.9280899601037536, 0.369642168471273], [-0.8734013916967514, 0.14316376419001703, -0.46548270172491213]], "T": [0.05976661661131316, -0.10461552235325311, -0.00439011090697862], "aligned_model": [[-0.6342150266939932, -0.5830211944890389, 0.18645753210446706, -0.21728737835825396, -0.2840276817156863, -0.5830211944890389, 0.6526981661537443, 0.27407881524441297, 0.7115260573566009, 0.3788166491777584, -0.14711926577857787, -0.1437714732462303, -0.013293869727313543], [-0.1653537442569499, 0.14434361938512905, -0.25042617502197484, 0.29255347873463494, -0.5690608600942063, 0.14434361938512905, 0.2691599514065714, -0.581131726447889, -0.1192918652241271, 0.5827560128195812, 0.5920059301713326, -0.003344290943893463, 0.029833920094129357], [0.47466829804654814, -0.16684324312261994, 0.6437337326041257, 0.6023013036285169, 0.12640131142968275, -0.16684324312261994, -0.4094388018020859, -0.40223086836936106, 0.17638878353056353, 0.4685510359475802, -0.10841148660648978, -0.6075585550834361, -0.07506569599109934]], "inverted": false, "swapped": false, "error_lsq": 0.05007576482513055, "error_max": 0.4182042565920159, "target": "341.xyz", "model": "7.xyz", "model_rescale": 3.7474275329858107, "target_rescale": 3.8431904144951354},
{"mapping": [11, 10, 4, 12, 9, 7, 3, 8, 2, 1, 0, 6, 14], "R": [[0.5052994931689804, -0.50495601529665, -0.699779854539198], [-0.43189119535067555, 0.5540681420933625, -0.7116730213347799], [0.747089296926235, 0.6618367748417573, 0.061884294334870485]], "T": [-0.05116949453238391, 0.03087231570157633, 0.12467368068236273], "aligned_model": [[-0.6077341116503794, -0.665656975220356, 0.4139366536664239, -0.3358476174202172, -0.3870935221175747, -0.5644985359280508, 0.3770285786385129, 0.3370581715623226, 0.7807180324005683, 0.40638041059012536, 0.061472146063205876, -0.20729597402935485, -0.010647121016374467], [-0.1835805126274237, 0.4361340749235366, -0.44473584303632746, 0.28323674896152995, -0.6389094027639055, -0.14428208653497804, 0.0657373570942904, -0.5137411702409254, 0.022967507496359223, 0.5876483002331009, 0.5963399803810614, 0.27224433330845205, 0.027328582812696994], [0.2999613499117142, -0.058168880769650544, 0.5366190606723988, 0.6103826243655089, -0.012759711871152296, -0.28726304086717125, -0.4494041677023557, -0.009063920854146645, 0.2530876689798285, 0.33786469226865556, -0.19434264904516846, -0.6397229244343873, 0.16846247043523083]], "inverted": false, "swapped": false, "error_lsq": 0.05001585205412241, "error_max": 0.25374630694697065, "target": "341.xyz", "model": "8.xyz", "model_rescale": 4.019505241142653, "target_rescale": 3.8431904144951354},
{"mapping": [11, 9, 5, 8, 6, 9, 0, 2, 3, 4, 7, 1, 12], "R": [[-0.19869461154788876, 0.538501435703411, 0.8188630258396082], [0.2635153548129477, 0.8341081069478788, -0.484585723790572], [-0.9439703963152871, 0.11949840864710809, -0.3076361831956198]], "T": [-0.0631591396890654, -0.09513062661954855, -0.02443007990242809], "aligned_model": [[-0.4851477268135056, -0.6666988122961544, 0.16982069166735658, -0.3408184823534105, -0.19289032774915038, -0.6666988122961544, 0.3899847707458045, 0.39205169408017193, 0.7478304272664948, 0.459347684331332, 0.051147219386230444, -0.19696617846551678, -0.0631420119646464], [-0.15256524197319998, 0.21892579416645683, -0.3030353908432108, 0.41301991992770926, -0.8022356090604561, 0.21892579416645683, 0.29605086983985174, -0.4186472336343846, -0.1870102403602474, 0.4330366473489504, 0.8008014408169059, -0.05051639303918539, -0.100362487348179], [0.4293059901745346, -0.09112707820710586, 0.5697253932998256, 0.3231691762259892, 0.08156143210990255, -0.09112707820710586, -0.27797240641748705, -0.21960247554633613, 0.2444841566300767, 0.343836971031976, -0.08626677523526535, -0.685043846566786, 0.014709111797086262]], "inverted": true, "swapped": false, "error_lsq": 0.05575336517846482, "error_max": 0.3660583229314885, "target": "341.xyz", "model": "9.xyz", "model_rescale": 3.877068213659057, "target_rescale": 3.8431904144951354},
{"mapping": [4, 13, 1, 3, 7, 2, 11, 8, 0, 12, 6, 9, 15], "R": [[0.38589370803304757, 0.5148894047815354, -0.765490004470484], [0.8330349285596832, 0.16206124947095069, 0.5289508098296837], [0.3964074342139272, -0.8417987005594812, -0.3663824420415101]], "T": [-0.07715194348559633, 0.13252438101501815, 0.0006744718892905607], "aligned_model": [[-0.5114824367188873, -0.7609492510290807, 0.20374617507701914, -0.27208946940958223, -0.26277417657574836, -0.5756712091790374, 0.5871348525590332, 0.25456895031990473, 0.6670122071292794, 0.4759733926665565, -0.10686741658723749, -0.10873565462029061, 0.007954171906922367], [-0.16642637553845027, 0.4744547377170365, -0.4734571676214995, 0.4020415824337298, -0.6513357753916497, -0.20067733569113935, 0.18224815256078344, -0.4863687329136429, -0.05451518098998187, 0.5518193039684378, 0.7468067738615422, -0.07437895437520808, 0.11617684198750933], [0.42502827185908726, -0.11397006276275132, 0.5545600376007517, 0.5411568322437117, 0.13256158724764572, -0.28359743257199627, -0.31698237977257704, -0.3190996639514038, 0.21281111374639303, 0.2771511360141023, 0.046267318059960864, -0.6252958012826972, 0.025061614659077962]], "inverted": false, "swapped": false, "error_lsq": 0.043189377601889456, "error_max": 0.2730827703704821, "target": "341.xyz", "model": "10.xyz", "model_rescale": 4.260839863003843, "target_rescale": 3.8431904144951354},
{"mapping": [1, 10, 6, 11, 7, 4, 0, 3, 9, 8, 2, 12], "R": [[-0.3618186264529709, 0.6145845589575533, 0.7009801006038869], [-0.31060740468596915, -0.7884345812263197, 0.5309368618590395], [0.878982549147554, -0.02562676369399436, 0.4761648320452069]], "T": [-0.06779075501267193, 0.016101939983685948, -0.08160610618830313], "aligned_model": [[0.5165870239394327, 0.2192522004870651, -0.4255555027445058, -0.45396951967173516, -0.7054583103279722, -0.3618764197593448, 0.3169854116617763, 0.5985112295931019, 0.4486827274623727, -0.23272983446432083, 0.07941277237541758, -0.040943129457157036], [-0.1166858233002748, -0.6188210678149355, -0.5990264013205485, -0.3080111751177077, 0.23973648058894345, 0.6572493610572873, 0.5889264951944588, 0.10599098726377679, -0.3203403682161218, 0.005099706501060619, 0.5811503071318185, -0.042189996434823504], [-0.6436861919413229, -0.2413496543435735, 0.1364370420604934, -0.5085171682954198, 0.16223168790545697, -0.2822624563782601, -0.40540044681733467, -0.13226521341906775, 0.541291280177101, 0.6023176913913819, 0.4284599404250433, -0.1410784333689929]], "inverted": false, "swapped": true, "error_lsq": 0.04144317325953455, "error_max": 0.23673834205053274, "target": "341.xyz", "model": "11.xyz", "model_rescale": 3.890672605050136, "target_rescale": 3.8431904144951354},
{"mapping": [8, 3, 6, 0, 5, 7, 10, 9, 11, 1, 4, 12, 13], "R": [[-0.34553275176000375, 0.8867476265579324, -0.30705987079889363], [0.925973432241334, 0.26909668511171264, -0.2648776639225957], [-0.15225084644875841, -0.37585319056216804, -0.9140864613918507]], "T": [0.0706376512927262, 0.010822590789467238, 0.13199875431454058], "aligned_model": [[-0.5212997221593556, -0.7138378098050469, 0.2364045095889337, -0.16404163667752808, -0.28376938142625513, -0.6245367022841006, 0.4870724198341773, 0.3739654173170404, 0.6154665186408279, 0.31543203665612984, -0.04782940518393228, -0.04745022576688304, -0.027755883195155664], [-0.17937243803674063, 0.4961395244213463, -0.25979189130970876, 0.42932917245836366, -0.6104980571305603, -0.0784298630295362, 0.22346204140802872, -0.6786741697197414, 0.03366127462087379, 0.4499409580841214, 0.6245093422489149, -0.13797343455048677, 0.05408541054259251], [0.49617871361842825, 0.1781385513190985, 0.6129847153470401, 0.47619697139999473, -0.17349836426863643, -0.3535223965045856, -0.6301738324615952, -0.06397802907422537, 0.05850002153440516, 0.725757172182674, -0.18487846392313542, -0.5884505102972426, 0.002398022217084267]], "inverted": false, "swapped": false, "error_lsq": 0.04811148327812615, "error_max": 0.31055282951264085, "target": "341.xyz", "model": "12.xyz", "model_rescale": 4.124412569039231, "target_rescale": 3.8431904144951354},
{"mapping": [4, 5, 1, 0, 2, 10, 9, 8, 6, 3, 7, 10, 12], "R": [[-0.7805651163715404, 0.5063582981590996, -0.3664960749984972], [-0.42039505440243236, -0.8591753864227358, -0.2916944524657925], [-0.4625863133922789, -0.07361337684662288, 0.8835128597883437]], "T": [0.030774912079397473, 0.1264348298583201, 0.08724112390006097], "aligned_model": [[-0.647059740427585, -0.5874154099844757, 0.19475920336604444, -0.14621651005945968, -0.25320033227080185, -0.4049361879055912, 0.4936002505164803, 0.39779656477769193, 0.6501164490671395, 0.4744504853846765, -0.1244192354116383, -0.4049361879055912, -0.04471921360803818], [-0.178787289717403, 0.5630836337606162, -0.47243081447179847, 0.33327615448841064, -0.6788579013025638, -0.08238117084266017, 0.2691374241111622, -0.43996810120374463, -0.05536272816522614, 0.5875370026419131, 0.5468015870644838, -0.08238117084266017, 0.05672124448693806], [0.3434751913695685, 0.11764551222594687, 0.6138656496876669, 0.5997429251735391, -0.027898753573426083, -0.47057729413454485, -0.32997578334903477, -0.1564368337271251, 0.263248292056407, 0.4023445159357679, -0.3512611458050672, -0.47057729413454485, 0.022057589364151087]], "inverted": false, "swapped": false, "error_lsq": 0.0483014325068408, "error_max": 0.3408541415755187, "target": "341.xyz", "model": "13.xyz", "model_rescale": 3.9028299243045295, "target_rescale": 3.8431904144951354},
{"mapping": [6, 2, 7, 3, 9, 1, 13, 14, 10, 4, 8, 12, 15], "R": [[-0.43694490476424397, 0.304966639425639, -0.846211852338407], [-0.498321882121916, 0.701130654564969, 0.509991281325249], [0.748835397132799, 0.6445239747804035, -0.15438391734320228]], "T": [-0.0759021439170706, 0.13795005334890556, 0.023533702514111673], "aligned_model": [[-0.5369086923988582, -0.6844620934146577, 0.22960777947944377, -0.27383066318081045, -0.09111606208248295, -0.6293535125164298, 0.5197138316653017, 0.3608034340066021, 0.5955450651511647, 0.3471648183812182, -0.1058429361810788, -0.06836923957378045, -0.06513159379678113], [-0.21505685145124462, 0.54792242733878, -0.37960176986534444, 0.27311546965708694, -0.6123546698983727, -0.12426311725630565, 0.09446195573648059, -0.544906206409959, -0.13257855100700613, 0.4210310492283058, 0.8259773456014442, 0.1747450038442265, 0.03789578448937578], [0.3510506481361113, -0.03751717781029476, 0.7013476540015621, 0.5990717609728466, 0.21758734311521855, -0.19357132160892582, -0.5018249814270076, -0.33149618284969473, 0.2005238765597187, 0.4710186397648907, -0.32607915999507414, -0.671325762364282, 0.0768672345942358]], "inverted": true, "swapped": false, "error_lsq": 0.04090734975226829, "error_max": 0.2615420178251915, "target": "341.xyz", "model": "14.xyz", "model_rescale": 3.942246331269136, "target_rescale": 3.8431904144951354},
{"mapping": [11, 10, 8, 6, 13, 4, 5, 12, 0, 7, 9, 3, 14], "R": [[0.7420320628408725, 0.05222707941803888, 0.6683268286486643], [-0.4615765046543035, -0.6831835214561037, 0.5658687183101334], [0.4861435467711517, -0.7283766938791352, -0.4828372849588831]], "T": [-0.027027608685023095, 0.0429794327653269, -0.023054932773992863], "aligned_model": [[-0.529460580724683, -0.6268271730239753, 0.19532413861505468, -0.14758701885826073, -0.3442634840064084, -0.527938493048474, 0.29630140403757754, 0.21886248499053393, 0.670296853381689, 0.4229635236980652, -0.05985891611503543, -0.03803571717343945, 0.06804311376620753], [-0.16044246393611813, 0.4224909220567017, -0.19617475639394824, 0.28358223463854565, -0.7039015840797225, -0.11675862295903722, 0.33869015319025025, -0.6937584990391094, -0.018769680772223185, 0.5141005717556453, 0.8407789529288728, -0.16412325682327267, 0.020673899440883055], [0.4462974563818852, -0.09524931037923007, 0.6785189411466109, 0.4672155126822457, 0.026543379605518815, -0.2823540195487635, -0.48217700537202784, -0.27767531655246436, 0.20198534017499475, 0.5305987146465674, 0.07990300529594607, -0.7111938925875774, -0.02676023440440122]], "inverted": true, "swapped": false, "error_lsq": 0.04886705682728446, "error_max": 0.33293104440105614, "target": "341.xyz", "model": "15.xyz", "model_rescale": 4.355366556412066, "target_rescale": 3.8431904144951354},
{"mapping": [7, 8, 6, 5, 11, 4, 10, 0, 9, 2, 3, 12], "R": [[0.6042345492624293, 0.37540069322376846, 0.7028335002009674], [-0.78358561811359, 0.4399651038292181, 0.4386619273405074], [-0.1445482222760705, -0.8157849146310929, 0.5600007004434623]], "T": [-0.0715696835970806, 0.004580406151946932, -0.07293695398740518], "aligned_model": [[-0.20938968731869956, 0.4319360662588545, 0.002493018345120279, -0.6027905807710254, -0.596187446548991, -0.4626525587914097, 0.006711989833387416, -0.21786298963373807, 0.759601389777672, 0.3769925464333548, 0.21145118259454249, -0.10249437554728688], [-0.6355327831968371, -0.4748370369797749, -0.4902944907398763, 0.3052772356613567, -0.16033731939061632, -0.06722448860780555, 0.24813729331346762, 0.56918922610001, 0.0999949148783667, -0.04602014702945096, 0.615049958386737, 0.04937406534540322], [0.2226132787614929, 0.03531545961541646, -0.623876930845952, -0.018546232185654335, -0.439017206392471, 0.5432753523232159, -0.7404629142559354, 0.4178161341966756, -0.3336861766077681, 0.5574180391774739, -0.030148687484407688, -0.14144165509266532]], "inverted": false, "swapped": true, "error_lsq": 0.05199729200042893, "error_max": 0.271545692942797, "target": "341.xyz", "model": "16.xyz", "model_rescale": 3.795458400668931, "target_rescale": 3.8431904144951354},
{"mapping": [1, 2, 6, 5, 0, 2, 11, 7, 8, 9, 10, 4, 12], "R": [[-0.4849291863145689, -0.34373414520172213, 0.8041707043176416], [-0.044874193502150106, 0.9280899601037536, 0.369642168471273], [-0.8734013916967514, 0.14316376419001703, -0.46548270172491213]], "T": [0.05976661661131316, -0.10461552235325311, -0.00439011090697862], "aligned_model": [[-0.6342150266939932, -0.5830211944890389, 0.18645753210446706, -0.21728737835825396, -0.2840276817156863, -0.5830211944890389, 0.6526981661537443, 0.27407881524441297, 0.7115260573566009, 0.3788166491777584, -0.14711926577857787, -0.1437714732462303, -0.013293869727313543], [-0.1653537442569499, 0.14434361938512905, -0.25042617502197484, 0.29255347873463494, -0.5690608600942063, 0.14434361938512905, 0.2691599514065714, -0.581131726447889, -0.1192918652241271, 0.5827560128195812, 0.5920059301713326, -0.003344290943893463, 0.029833920094129357], [0.47466829804654814, -0.16684324312261994, 0.6437337326041257, 0.6023013036285169, 0.12640131142968275, -0.16684324312261994, -0.4094388018020859, -0.40223086836936106, 0.17638878353056353, 0.4685510359475802, -0.10841148660648978, -0.6075585550834361, -0.07506569599109934]], "inverted": false, "swapped": false, "error_lsq": 0.05007576482513055, "error_max": 0.4182042565920159, "target": "341.xyz", "model": "17.xyz", "model_rescale": 3.7474275329858107, "target_rescale": 3.8431904144951354},
{"mapping": [0, 4, 1, 8, 2, 6, 12, 7, 11, 10, 5, 9, 13], "R": [[0.6838838163829948, -0.7295907786780282, 0.00047048636458757453], [0.6601248342957335, 0.6184948517445875, -0.42626203386118194], [0.3107058558113463, 0.29182428622962414, 0.9045996115028514]], "T": [0.04240023619457958, 0.0146085555839559, 0.11030073286756839], "aligned_model": [[-0.6489156111712233, -0.6620858863571429, 0.14843504990291323, -0.25521620117461186, -0.303514160127221, -0.5959497788941874, 0.46468187123920224, 0.4912755401904575, 0.7284019313113141, 0.41609665363929216, 0.019212067758226665, -0.16280720733695142, -0.04179413344121652], [-0.22337439933449663, 0.4308812172719448, -0.5158697198373482, 0.49292269955481205, -0.5945703729050659, -0.14903375796780138, 0.24861889800602596, -0.46022959635594074, -0.0925537954942833, 0.5706965758598506, 0.6755965351270277, 0.03281332650281143, -0.04950974042006898], [0.5159963122495147, -0.02984988712336359, 0.5414246528691786, 0.556948790183166, -0.004053922971074098, -0.2906098094132893, -0.46079847362552917, -0.2644778323695717, 0.3094352768683654, 0.27630215381955914, -0.1825766073525805, -0.5263174080074154, 0.11422932596234418]], "inverted": true, "swapped": false, "error_lsq": 0.03929399710084355, "error_max": 0.20956780549663928, "target": "341.xyz", "model": "18.xyz", "model_rescale": 3.922800546911778, "target_rescale": 3.8431904144951354},
{"mapping": [9, 10, 0, 2, 7, 11, 8, 12, 5, 1, 6, 13, 14], "R": [[0.9927652856201572, -0.0512870379852067, 0.1085666956402019], [-0.013630863622407074, 0.8502015699093473, 0.5262808091509599], [-0.11929495892298052, -0.5239531756353668, 0.8433515177653854]], "T": [0.023520933792513635, 0.06195348388443148, -0.009632429471543302], "aligned_model": [[-0.6357374947116051, -0.6434387248753378, 0.37523121402612475, -0.3194835833457749, -0.36806363540800086, -0.6061418347197227, 0.443262055894758, 0.36115210257641894, 0.7464914457451551, 0.3391559854131663, 0.030605128023837906, -0.09578930027382214, -0.02942322280634625], [-0.15300238292621773, 0.5074319968954017, -0.1775296496747689, 0.20387832844300213, -0.6289200555776605, -0.053034138945348024, 0.2793047150469991, -0.6172721905940216, -0.13106167833865995, 0.5722964999759768, 0.741862485907382, -0.15901238016251917, -0.01855368004209846], [0.41688308687568887, 0.07589157545399884, 0.7096660782396427, 0.6030128206590208, -0.09661689184169558, -0.3219563915914346, -0.398176489714502, -0.21765099008914296, 0.14067560818660882, 0.4238506083175478, -0.12556920134897637, -0.6489702914766072, -0.005386950580844825]], "inverted": true, "swapped": false, "error_lsq": 0.03884275408429771, "error_max": 0.25415463336116617, "target": "341.xyz", "model": "19.xyz", "model_rescale": 3.9282355846067225, "target_rescale": 3.8431904144951354},
{"mapping": [11, 8, 10, 9, 0, 4, 5, 1, 2, 7, 6, 3, 13], "R": [[0.7591020631467027, -0.5302361263039183, -0.3776423017732981], [0.47881536395326474, 0.8478140720106959, -0.2279191666862301], [0.4410214336840355, -0.007807026505535802, 0.8974626150255063]], "T": [-0.041424073490716654, 0.16378483070353028, 0.0920851021991678], "aligned_model": [[-0.5228377210560589, -0.6829342154528554, 0.21775891913055134, -0.4129492426858202, -0.26764340674249515, -0.5820836308153498, 0.4566720755101765, 0.3252340357254051, 0.7282358533398311, 0.38422943270947163, 0.018305415646583348, -0.07868356613939138, 0.014516186368803266], [-0.2913805833513915, 0.5719580967477127, -0.41132159275118224, 0.3084640162643423, -0.5801048849815331, 0.006075918859807322, 0.22222824263236604, -0.4188094093785892, -0.11272968210083284, 0.5566018451660655, 0.6278682817172354, -0.12607250918678775, 0.013610130370254991], [0.36490100553326354, 0.11401457494083364, 0.6788654077893248, 0.6572946272054213, -0.09672668863486628, -0.1945906504176391, -0.39389303126075303, -0.20396654646337412, 0.1914809351079938, 0.321457424391383, -0.3638787041272461, -0.6014201406511146, 0.08211435767607785]], "inverted": false, "swapped": false, "error_lsq": 0.0396688057734331, "error_max": 0.19656728061539097, "target": "341.xyz", "model": "20.xyz", "model_rescale": 4.067790424073018, "target_rescale": 3.8431904144951354},
{"mapping": [1, 10, 8, 13, 7, 9, 3, 0, 2, 6, 11, 12, 14], "R": [[-0.43794112537463104, -0.7445176527199264, -0.5038859350031644], [-0.18163321204213795, -0.47565881278117544, 0.8606730332169463], [-0.8804640520707578, 0.46844653762410715, 0.07308142307815557]], "T": [0.057433072891706835, 0.03568889406580179, 0.16813527393975417], "aligned_model": [[-0.6560370448547272, -0.6810152855426314, 0.0452931856457386, -0.381039362895349, -0.24618935290179844, -0.5917732341063745, 0.5691327195688967, 0.36870054928144913, 0.7862924689893777, 0.5630454583211341, -0.01750425584772687, -0.15197177333493128, -0.00911393678420587], [-0.25856040561176674, 0.3473430973606588, -0.4240874526140827, 0.512239740379842, -0.6409132651687797, -0.1833839903435182, 0.3062286507267279, -0.5097524503915019, -0.09969551325885427, 0.5369530408141809, 0.5973249143541609, 0.12178228857069748, 0.060909215189702645], [0.4468516925464966, -0.0017249658103060117, 0.5052201755541804, 0.4341516625505615, 0.08636181930344919, -0.19872729125242275, -0.45533623968946213, -0.16362416815576367, 0.10366067031613885, 0.36974696402828916, -0.1432834657905324, -0.5638151374250528, 0.1361708549137285]], "inverted": false, "swapped": false, "error_lsq": 0.03854991514029688, "error_max": 0.23096368220938396, "target": "341.xyz", "model": "21.xyz", "model_rescale": 4.186013935880536, "target_rescale": 3.8431904144951354},
{"mapping": [4, 3, 7, 6, 10, 11, 2, 9, 1, 0, 5, 8, 12], "R": [[-0.32541852681195743, 0.2994402361958521, -0.8969048597005751], [0.7102417505725329, -0.5487779853053186, -0.4409074490047768], [-0.6242270725875319, -0.7804987301663009, -0.034092434022703955]], "T": [-0.011292452164061287, 0.008166193405741581, 0.01694382830992792], "aligned_model": [[-0.5860369417338951, -0.6962252217836802, 0.13316034012723138, -0.17775519983738025, -0.20947646065139736, -0.5162129372571133, 0.4203933097024712, 0.19267544376315837, 0.6738757308854906, 0.4242290053764298, -0.0824443830027174, 0.07571123130253675, -0.05407378135228305], [-0.23660772253252393, 0.6009027586215479, -0.3554751762232962, 0.2534462061887995, -0.7728742049760496, -0.07299163691456682, 0.40274153007199315, -0.5109441805514341, -0.09596621209268232, 0.48214567959693866, 0.740348709914107, -0.09063776655263157, 0.02229988545726561], [0.3875792968687585, 0.19546307123335796, 0.6376064459810904, 0.48809212554062636, 0.23373503549640548, -0.35377802028137983, -0.4387500487187383, -0.2557689827558456, 0.25108959272610054, 0.3447439925839969, -0.22260771389396722, -0.7382622808175104, 0.026510057126409463]], "inverted": false, "swapped": false, "error_lsq": 0.04344381794103572, "error_max": 0.2591965025357158, "target": "341.xyz", "model": "22.xyz", "model_rescale": 4.166573947596378, "target_rescale": 3.8431904144951354},
{"mapping": [2, 11, 1, 3, 6, 12, 10, 5, 7, 8, 9, 14, 15], "R": [[0.9319537728717885, -0.002612151070360433, -0.3625677066381185], [-0.19565826246790308, 0.83825589102393, -0.5089645424700217], [0.3052540082588275, 0.5452707931206869, 0.7807046513320239]], "T": [-0.02301046615598064, 0.07173570667968396, 0.07874525754265094], "aligned_model": [[-0.42262213122397696, -0.7452670674934604, 0.07134585130892189, -0.32157299404445616, -0.3613072133909678, -0.5225353983258488, 0.5116486996675873, 0.43672630756651204, 0.6756414434315785, 0.4424188545507373, -0.1011612501821675, -0.06098324896192038, -0.004511717363687384], [-0.18966504960692668, 0.38331439061165584, -0.49892336472939336, 0.4195698934818535, -0.6097832117305289, -0.07872696457056141, 0.17562314664651704, -0.6074704367738374, -0.06590391225856368, 0.6316898090780356, 0.6381127795627204, 0.15844604079666386, 0.010104749499832921], [0.5528648637006996, 0.020801724943601864, 0.49533158765939095, 0.4677162686072045, 0.09270615386290382, -0.3177609617404092, -0.4353444324162732, -0.05683901434599306, 0.012938782341445645, 0.43074822749450464, -0.10444489653400807, -0.7067591338795363, 0.10369340139577314]], "inverted": true, "swapped": false, "error_lsq": 0.04340873518661629, "error_max": 0.2486057442002857, "target": "341.xyz", "model": "23.xyz", "model_rescale": 4.274766983524099, "target_rescale": 3.8431904144951354},
{"mapping": [11, 5, 1, 10, 3, 9, 6, 8, 7, 2, 12], "R": [[-0.09527967399265896, 0.9008268351154947, 0.4235950859720333], [0.6919284157374539, 0.3658562694341442, -0.6224020064321677], [-0.715651347528187, 0.23379521648556584, -0.6581663509551045]], "T": [0.04603538888004008, 0.1489325341937596, 0.02485424263898693], "aligned_model": [[0.28060531564783076, 0.18206878549975797, -0.4783571644733623, -0.48221851589816767, -0.4978960344518868, -0.6234887627234033, 0.06164405277579421, 0.12211728745394913, 0.6891851733268987, 0.12488478862545319, 0.0013497781752114454], [-0.17053741883577808, 0.448969074475168, 0.4780746408556741, -0.19961456349044596, 0.5469009756401599, -0.0814940716663616, -0.5951398943222489, -0.14326305019268346, -0.03281509790986084, 0.5337932825006854, 0.13071265418917483], [-0.5036836492582867, -0.49191027335401627, -0.515277153431201, -0.30756359396699384, 0.04394473715224216, 0.5411685156540178, 0.019032195984513375, 0.6603941667525205, 0.2883221565729488, 0.6932709421404706, -0.048131610224638174]], "inverted": true, "swapped": true, "error_lsq": 0.05175574923565025, "error_max": 0.31027590585476433, "target": "341.xyz", "model": "24.xyz", "model_rescale": 3.7841303162186577, "target_rescale": 3.8431904144951354},
{"mapping": [2, 12, 1, 9, 4, 5, 11, 6, 7, 10, 13, 3, 15], "R": [[-0.7659934451061756, -0.4081884284923684, 0.4966248573111329], [0.23794192313393075, -0.8976980845664497, -0.3708393050649489], [0.5971914963139537, -0.16589260324275534, 0.7847559881387609]], "T": [0.06097162030667719, 0.0530951345796385, 0.20587541989514838], "aligned_model": [[-0.6262136549882764, -0.5652855699090074, 0.12772159102749406, -0.27986404328931835, -0.2539830315225239, -0.710725421756893, 0.5208199175195878, 0.3248082605477626, 0.7104880092730277, 0.5017912449362751, -0.0647148531711538, -0.16461942319729303, 0.07759711006917025], [-0.14012130006178458, 0.41443191375123317, -0.6106066064815041, 0.41521653939827113, -0.5824402702181436, -0.13317512271783363, 0.30787665163999867, -0.3900232526812521, 0.022656235185537284, 0.6182871430020271, 0.5444095156286993, -0.11752912356445908, 0.01740554712667805], [0.4492616042390371, -0.023055945691111718, 0.5346319165980756, 0.5138362081773271, -0.025647061514370822, -0.16712030656877921, -0.3536364131142118, -0.30015103631107853, 0.20861293118236532, 0.5083504724764906, -0.389786469627864, -0.5484440954673521, 0.14880076671077674]], "inverted": true, "swapped": false, "error_lsq": 0.04708504194482125, "error_max": 0.2822419269844672, "target": "341.xyz", "model": "25.xyz", "model_rescale": 4.19342608120988, "target_rescale": 3.8431904144951354},
{"mapping": [7, 8, 6, 5, 11, 4, 10, 0, 9, 2, 3, 12], "R": [[0.6042345492624293, 0.37540069322376846, 0.7028335002009674], [-0.78358561811359, 0.4399651038292181, 0.4386619273405074], [-0.1445482222760705, -0.8157849146310929, 0.5600007004434623]], "T": [-0.0715696835970806, 0.004580406151946932, -0.07293695398740518], "aligned_model": [[-0.20938968731869956, 0.4319360662588545, 0.002493018345120279, -0.6027905807710254, -0.596187446548991, -0.4626525587914097, 0.006711989833387416, -0.21786298963373807, 0.759601389777672, 0.3769925464333548, 0.21145118259454249, -0.10249437554728688], [-0.6355327831968371, -0.4748370369797749, -0.4902944907398763, 0.3052772356613567, -0.16033731939061632, -0.06722448860780555, 0.24813729331346762, 0.56918922610001, 0.0999949148783667, -0.04602014702945096, 0.615049958386737, 0.04937406534540322], [0.2226132787614929, 0.03531545961541646, -0.623876930845952, -0.018546232185654335, -0.439017206392471, 0.5432753523232159, -0.7404629142559354, 0.4178161341966756, -0.3336861766077681, 0.5574180391774739, -0.030148687484407688, -0.14144165509266532]], "inverted": false, "swapped": true, "error_lsq": 0.05199729200042893, "error_max": 0.271545692942797, "target": "341.xyz", "model": "26.xyz", "model_rescale": 3.795458400668931, "target_rescale": 3.8431904144951354},
{"mapping": [4, 3, 9, 3, 11, 10, 6, 8, 1, 0, 7, 5, 12], "R": [[0.5289908745762675, -0.6662942115573964, 0.5255670064417505], [-0.3122095503814081, -0.7286798991563416, -0.6095496708358908], [0.7891095305885455, 0.15835917469667227, -0.5934884333529291]], "T": [0.06129218732356653, -0.102744083347622, 0.13195498547328546], "aligned_model": [[-0.7265210562102613, -0.31570232819503696, 0.04355811535187622, -0.31570232819503696, -0.2815729745942336, -0.5547263892403422, 0.6162244403973351, 0.3979133914236169, 0.6494045971005756, 0.3075472075605791, -0.27416748000940383, 0.025776914527194716, 0.025788025621988647], [-0.2850944881609766, 0.440138501105824, -0.19915867510866206, 0.440138501105824, -0.7233520388655933, -0.05017184936816005, 0.1241482899733288, -0.5226764767419788, -0.1289731988247897, 0.6649962070428065, 0.5365869950271772, 0.041377716183396945, 0.028428386639270636], [0.3439969761583863, 0.4609385619841768, 0.5500028527113126, 0.4609385619841768, 0.037807027321137124, -0.2222253387286898, -0.4352813013623885, -0.3590589247517627, 0.1935098189049001, 0.3349488366417457, -0.24077907850046118, -0.6061696924628843, 0.03702427118965529]], "inverted": false, "swapped": false, "error_lsq": 0.06018679669257953, "error_max": 0.5240303457338985, "target": "341.xyz", "model": "27.xyz", "model_rescale": 3.6321398670334006, "target_rescale": 3.8431904144951354},
{"mapping": [12, 7, 9, 8, 6, 4, 2, 13, 11, 0, 3, 1, 14], "R": [[-0.7446858351850667, -0.015282667666435046, -0.6672401718599661], [-0.651311126862798, 0.23493107457590362, 0.7215269961847052], [0.1457285932802204, 0.9718918819846212, -0.1849036149807774]], "T": [0.008877623064893269, 0.10534835263037359, 0.13218777913008778], "aligned_model": [[-0.6257027710253582, -0.7258776463141788, 0.18412452214414507, -0.2283312490878619, -0.316183618194025, -0.5290508223576471, 0.5967558482337445, 0.34179877349871646, 0.6262154559672626, 0.40970616420169403, -0.19025719813696043, 0.024528378901728553, 0.03009429770759219], [-0.18043235669749078, 0.3523608939690551, -0.4060276969539809, 0.3437513642742435, -0.5908676890987639, -0.11097469664160511, 0.11167867304293741, -0.5856089388896242, -0.06833634297192495, 0.5797424423849726, 0.7153327207325089, 0.1330821866569925, 0.07268731020014738], [0.5784464938598657, 0.1295643186386753, 0.5250684499384587, 0.5245212735015394, 0.01588709206853249, -0.4596775588632713, -0.4042847580497862, -0.14748857096626633, 0.16759205852758954, 0.19300243555348437, -0.11240264099751524, -0.5358339903042806, 0.08125796818227865]], "inverted": false, "swapped": false, "error_lsq": 0.047353061890590416, "error_max": 0.2926032909748364, "target": "341.xyz", "model": "28.xyz", "model_rescale": 4.156811204709835, "target_rescale": 3.8431904144951354},
