[{"mapping": [7, 10, 12, 8, 11, 0, 5, 6, 4, 9, 2, 1, 3, 13], "R": [[0.7972714597590506, -0.5311255855795279, 0.2868167216123852], [0.4774306529846515, 0.8456070930300862, 0.23876477086843584], [-0.3693483329383283, -0.05342524272299498, 0.9277540365827933]], "T": [-0.03671005656505518, 0.1940480970562246, 0.1260657299267938], "aligned_model": [[0.0881808150686704, -0.44912312776992086, -0.5723444981656772, 0.5468763665520093, 0.14052167401272647, -0.6120275930761154, 0.38610425484723426, 0.6819904221950672, 0.5161666242717209, -0.47046302851669747, 0.025220462658389488, -0.3598841455278175, 0.19644173296347775, -0.018684063847566268], [-0.26859654805053534, -0.7204134008165227, 0.0016069332774316103, -0.2787525315465971, -0.4518532602216856, 0.6425294347093664, 0.1282750654039558, 0.4092840799242035, 0.164857668371669, -0.031882464957590395, 0.728157360903876, 0.4703550685892447, 0.6612988584057826, 0.06424295531123264], [-0.45853386382270367, 0.030647952498647518, 0.23181047650202347, -0.08949304156930521, 0.3221835291859096, -0.12550266343835123, 0.7500074153540609, -0.021207409839014674, -0.6529589945018996, -0.4194220446708282, -0.42361613303626433, 0.5162670614574681, 0.14880940719397004, 0.029289952903249317]], "inverted": true, "swapped": false, "error_lsq": 0.0496223395947517, "error_max": 0.35850593450996904, "target": "343.xyz", "model": "0.xyz", "model_rescale": 3.8414455957264533, "target_rescale": 3.667543471662451},
{"mapping": [8, 6, 2, 12, 10, 7, 3, 11, 13, 9, 0, 4, 1, 14], "R": [[0.14243108461775508, -0.7477915192485172, 0.6484760827313562], [0.982505177177327, 0.02739217637684324, -0.18420978663765186], [0.11998734497587316, 0.663368308267236, 0.7386105365023614]], "T": [-0.06154232432938198, 0.08891949993851773, -2.5316846025642825e-05], "aligned_model": [[0.1744582002559548, -0.46884603247503603, -0.7299249740754784, 0.62235387444958, 0.25564917445690494, -0.5185410027652498, 0.08639232484085443, 0.7279081652226858, 0.19253664292823217, -0.4565386302401396, -0.006736258762131055, -0.2972408444647603, 0.5102515567087755, 0.00725369958530888], [-0.48315999145163174, -0.5642462440284509, 0.019590867414997173, -0.20913716209879402, -0.43776768920835435, 0.45758647410859493, 0.2897577746373607, 0.3568368777725738, 0.22709785049379333, -0.031947616302691786, 0.7955972538563179, 0.46237268504716444, 0.5373766509110233, 0.09915148815192797], [-0.4912800424485431, 0.1322825590439556, 0.30503681100539465, -0.16045523730332412, 0.30059314282780397, -0.26116105204760914, 0.7423736385889392, -0.1768122092631336, -0.7008802394045087, -0.5430526996931805, -0.15207865223166606, 0.3174587945460096, 0.4694806282895886, 0.056776202307236255]], "inverted": true, "swapped": false, "error_lsq": 0.052663907396461984, "error_max": 0.36837825153371945, "target": "343.xyz", "model": "1.xyz", "model_rescale": 4.316132596720782, "target_rescale": 3.667543471662451},
{"mapping": [5, 11, 12, 0, 8, 9, 3, 1, 6, 2, 4, 13], "R": [[0.040238304147533044, -0.11197643357866104, -0.9928958440855387], [-0.2647568964101929, 0.9569871788435168, -0.1186563328793245], [0.9634753056942211, 0.2676505517500952, 0.00886100814222665]], "T": [-0.053823787994437364, 0.051492225639249926, -0.0958432343708975], "aligned_model": [[-0.22461959270149212, 0.40230839156263964, 0.3526389972879844, -0.5340237975508432, -0.6953945006058353, -0.43393388734641436, -0.06947125722669191, -0.1288720438184683, 0.609392682215521, 0.1805537563773329, 0.289245902376838, -0.1500160959387899], [-0.6686883638432903, -0.43179589045402805, -0.4676394808409895, 0.4621942503963369, -0.2651425366310006, -0.10461323803170086, 0.4528324824313378, 0.668584298449124, 0.13720534793330774, -0.07040219904738798, 0.42978086479077754, -0.12953910741150593], [0.3946648629157252, 0.03599408443258523, -0.6400248197935711, -0.03465550971393083, -0.347067810752294, 0.372000006830812, -0.6228251776886947, 0.41684356123004207, -0.5113974404403608, 0.6130126021785075, -0.027968443185914044, -0.19931745480348528]], "inverted": true, "swapped": true, "error_lsq": 0.04665679921902787, "error_max": 0.26682986143730053, "target": "343.xyz", "model": "2.xyz", "model_rescale": 3.795458400668931, "target_rescale": 3.667543471662451},
{"mapping": [0, 4, 2, 12, 8, 10, 11, 3, 6, 7, 5, 13], "R": [[0.9915497038884642, 0.021188762060487133, -0.12798523774656076], [-0.1094237188129654, 0.6665371617565927, -0.7373972211492306], [0.06968238285133987, 0.7451706169460859, 0.6632232785121082]], "T": [-0.026609485489018474, -0.0959003446792721, -0.10253384022210307], "aligned_model": [[0.08695227400501221, -0.06233764768209962, -0.773275264929575, 0.3109580989616849, 0.24824341629625696, 0.14237814074828997, -0.3379698424275183, 0.572927381182514, 0.2825640003310265, 0.708263623450009, -0.6328419111339418, 0.04744155694190653], [-0.09614463674715916, -0.6098315710941717, -0.204122468708892, 0.06638455122722199, 0.5786613130481368, 0.5693282287153911, -0.03800683833403849, -0.35341412988464965, -0.5661075883214459, 0.10234580095899688, 0.5263187994530109, 0.11035758497730853], [-0.7271263530400568, -0.1004632888596286, -0.04734446834192706, 0.6659419634923016, -0.3132630314626885, 0.2855565261800149, 0.49638862309343745, -0.21773370797027214, 0.4481067209114614, 0.15144793402118392, 0.08119167419724704, -0.03393116158197257]], "inverted": false, "swapped": true, "error_lsq": 0.052644791812405195, "error_max": 0.30266591386101654, "target": "343.xyz", "model": "3.xyz", "model_rescale": 3.7530521520055578, "target_rescale": 3.667543471662451},
{"mapping": [10, 8, 7, 3, 12, 0, 11, 9, 2, 4, 13], "R": [[-0.7599440977488898, 0.250601096978474, -0.5997366576171677], [0.12753168965033668, 0.9622408505312758, 0.2404749752131754], [0.6373544041046209, 0.10626210877840035, -0.7632088363000072]], "T": [-0.039831591621882934, 0.0881895661685045, 0.10326957938165544], "aligned_model": [[-0.28454599995506774, -0.3779972546292197, 0.3833744932920911, 0.5106322731740758, 0.2773153143622233, -0.12828666921174392, -0.13088391239395838, -0.6374984311160168, -0.4516787318130572, 0.29258909426160135, -0.11482057352572254], [-0.5744546062735139, -0.060742444708253365, -0.31120989719591163, 0.23650708657077252, -0.7044483020360174, 0.6281387053159574, -0.4320207587717614, 0.2629007712687188, 0.17469606385421832, 0.3218177323134536, -0.0739809920233168], [-0.24704108882432596, -0.5588841642728383, -0.44920072797061467, -0.23439928251404124, 0.05870084237168306, -0.2186663868425865, 0.5276464634379535, 0.10376509622064324, 0.7318920734590527, 0.42000363473640345, -0.04098568255601302]], "inverted": true, "swapped": true, "error_lsq": 0.04665175452111225, "error_max": 0.2874926187285373, "target": "343.xyz", "model": "4.xyz", "model_rescale": 3.7855080009869324, "target_rescale": 3.667543471662451},
{"mapping": [13, 15, 10, 12, 14, 7, 2, 1, 6, 8, 4, 5, 0, 16], "R": [[-0.2626035318288717, -0.9106183998427708, 0.3190823011995406], [-0.8584124081058524, 0.06946182780087662, -0.5082353707569685], [0.440644440201978, -0.40736860991779056, -0.79992705478233]], "T": [0.013800474459086873, 0.06636720410990243, 0.006960142616420084], "aligned_model": [[0.13282195799248958, -0.4246606563391262, -0.6927122055661592, 0.6110811743650463, 0.23369408597122543, -0.4664344220511471, 0.3673469559015354, 0.6774288476256444, 0.01811997415631153, -0.48153653544461483, 0.14743734077031634, -0.339727226086773, 0.2912034393561458, 0.024913165014606956], [-0.4235154596978867, -0.630269903665063, 0.07043463234197433, -0.24603413183483103, -0.4907290121426799, 0.5573559628916049, 0.013893255276968663, 0.4289588862369805, 0.26798281948825353, -0.23363892847853174, 0.749426758935392, 0.7185872299146201, 0.7073200494312621, 0.029337060605766803], [-0.5133440962991312, 0.04899207733205588, 0.18525081277446798, -0.08645524064536281, 0.32158373357246095, -0.2924959556679806, 0.6535179959692617, 0.04201143888252482, -0.6138534796768871, -0.39297415322804874, -0.24318304915474648, 0.330580981725019, 0.3543805341614296, 0.04427004447189988]], "inverted": false, "swapped": false, "error_lsq": 0.04594280368174294, "error_max": 0.2673174823590058, "target": "343.xyz", "model": "5.xyz", "model_rescale": 4.2253639853439635, "target_rescale": 3.667543471662451},
{"mapping": [5, 8, 1, 11, 9, 4, 12, 6, 2, 10, 3, 0, 7, 13], "R": [[0.28970261930324054, -0.07789924197765168, 0.9539413506438167], [0.39437729947251243, -0.8984240265244535, -0.1931341870937316], [0.872088836088165, 0.4321642936001256, -0.2295541010469962]], "T": [-0.03588972288255492, 0.06886609642940326, -0.009991237653644241], "aligned_model": [[0.2076861846544364, -0.2112813782968866, -0.7653137035577612, 0.6330199971571931, -0.2361651137791979, -0.497495125237885, 0.6365086315477934, 0.5279053787928935, 0.004485824183069156, -0.4240010950771471, 0.13441402068949682, -0.28988652543183174, 0.4007568148163325, -0.02165801479500369], [-0.26805010246415434, -0.6472005721444765, 0.01920072446446834, -0.32469412966488614, -0.17372334956321778, 0.5277120381849681, 0.0622636603093487, 0.309167982689065, 0.25982180040511244, -0.27042990630805963, 0.7441387186921496, 0.5334283127053315, 0.6218062977692774, 0.12566774422890392], [-0.48737946398660775, 0.03849761639774547, 0.0546600515971321, 0.046788368598480644, 0.5131115782244327, -0.28800592513858353, 0.6374503622344629, -0.2052040827994714, -0.6519237468440775, -0.5954485458228648, -0.14420373053743335, 0.5922796489332312, 0.35468416717194196, -0.027024653811426137]], "inverted": false, "swapped": false, "error_lsq": 0.05502924326465412, "error_max": 0.33284122237668706, "target": "343.xyz", "model": "6.xyz", "model_rescale": 3.89814844738969, "target_rescale": 3.667543471662451},
{"mapping": [9, 5, 10, 1, 8, 11, 2, 0, 4, 6, 12, 3, 13], "R": [[0.39828474940726505, 0.3130095999799689, -0.8622031365693192], [0.29681601847257455, 0.8454224282788774, 0.4440283424975654], [0.86791100325303, -0.4327654192324367, 0.24381259678058653]], "T": [-0.08074769015960741, 0.014616833015906314, 0.052218065534509264], "aligned_model": [[0.06854609400956103, 0.050109410567054466, 0.41786503909641337, -0.4366080971885743, 0.6656654251846732, -0.3799355992956457, -0.5667894318119246, 0.1713337306296101, -0.5112556640710786, -0.47019881646567413, -0.016851439534044207, 0.05573715266713451, 0.10101399711671756], [-0.3200963825041749, 0.16012394007697472, 0.5600227073294336, -0.7075779813824905, 0.022981767864649158, 0.5129606239240488, -0.14594737469602564, -0.5467679345442918, -0.09718802809975667, 0.5182840745684135, 0.8602004929577477, 0.006421762183141812, 0.1403635977928157], [-0.45117872738343434, -0.8138844589167384, -0.2227688135421262, 0.08509112708677971, -0.08113045843058501, -0.295840992821796, -0.5047830490595339, 0.20814830638121573, 0.31215777329480887, 0.5153975705636065, 0.16061024975975788, 0.7005494176153116, -0.010092913710971207]], "inverted": false, "swapped": true, "error_lsq": 0.051463473274531976, "error_max": 0.270384009914928, "target": "343.xyz", "model": "7.xyz", "model_rescale": 3.7474275329858107, "target_rescale": 3.667543471662451},
{"mapping": [1, 2, 8, 0, 3, 9, 6, 10, 12, 4, 11, 5, 7, 14], "R": [[0.7293285711519122, -0.6022922692632853, 0.32453637344247366], [0.2813843652090379, -0.16831350143648752, -0.9447186905370808], [0.6236206172966199, 0.7803297941382683, 0.0467197823487117]], "T": [0.020560700010232427, 0.1064109562355251, -0.1354300550816152], "aligned_model": [[0.27101113195760473, -0.3784058741847305, -0.6092485812639221, 0.5208593604336099, -0.04406512427632203, -0.3960895301483989, 0.4295987340409916, 0.6812579606717638, 0.2886052113392212, -0.6735685615081273, 0.050737916817387665, -0.19754268067663366, 0.16372128024339522, -0.007895347780338319], [-0.5633717488261012, -0.634095242977793, 0.016143685956481454, -0.23949728440152585, -0.26672691383753605, 0.7168048906691272, 0.16550547064753912, 0.47419490710185147, 0.22421024716465887, -0.10574197287760259, 0.6918377583687098, 0.31042273145364285, 0.6591524100518275, 0.0702702808105514], [-0.366660522770365, -0.16807568957732016, 0.11033895230912075, 0.11806940658431364, 0.4734428132063674, 0.04940032825355445, 0.568937621263917, -0.07646010571953267, -0.6784936662749566, -0.42766548896707435, -0.34241979038207415, 0.5155934275418613, 0.23586439064086256, -0.17359003189171104]], "inverted": true, "swapped": false, "error_lsq": 0.054884448192379684, "error_max": 0.4413533113358826, "target": "343.xyz", "model": "8.xyz", "model_rescale": 4.019505241142653, "target_rescale": 3.667543471662451},
{"mapping": [9, 8, 0, 1, 2, 4, 3, 5, 11, 10, 7, 6, 13], "R": [[-0.07175483072330563, -0.5046622821587695, 0.8603297189067531], [0.9973158826653191, -0.04890123551999076, 0.05449494791367726], [0.014569641428866964, 0.8619307687575155, 0.5068166092559647]], "T": [0.08901198041988065, -0.04595881095843804, -0.021384793823743316], "aligned_model": [[-0.2116939534971681, -0.6532412329424468, -0.05093082850850944, 0.47901424214109345, 0.34700568955217337, 0.5911418758382494, 0.20006377486561125, -0.35895229947668206, 0.20654507102675332, -0.5104382150220373, -0.1948073123626156, 0.5868056076367661, -0.11081164751001113], [-0.5423723723901427, 0.08634742855982791, 0.022255318733241936, -0.3369597017065259, -0.754840961669608, 0.012628191944854622, 0.5809859166992998, -0.7410723916130249, -0.32045236704466873, 0.02564138313334488, 0.6563739951803852, 0.38094059043435113, -0.006096802147276412], [-0.24694946102403917, -0.10225237678800697, -0.6368317718046893, -0.663645904935676, 0.03512205122048656, -0.12057766382411392, -0.20478768641506548, 0.30199516196048004, 0.5867634671236203, 0.4857965155389092, 0.24323191127160604, 0.4143290224202563, 0.08451022930011123]], "inverted": false, "swapped": true, "error_lsq": 0.04492367872020337, "error_max": 0.3119948370742385, "target": "343.xyz", "model": "9.xyz", "model_rescale": 3.877068213659057, "target_rescale": 3.667543471662451},
{"mapping": [12, 10, 14, 0, 11, 13, 8, 1, 3, 6, 4, 2, 7, 15], "R": [[-0.011403695143435644, -0.27169665840445634, -0.9623153753052727], [-0.6019151938481575, -0.7666229753464286, 0.22357842714744175], [-0.7984785877854274, 0.5817818658937739, -0.15479601211061073]], "T": [-0.032825451144274494, 0.11999367015458035, -0.03828749292463651], "aligned_model": [[0.2184068103601951, -0.4447873705117341, -0.7600503475084722, 0.6355516971708114, 0.14947719074004565, -0.6963475945028761, 0.3273906504101781, 0.793922168122675, 0.011820447171293415, -0.36969457786161375, 0.12282795296649224, -0.3046395618250283, 0.37424937554755566, 0.0408490553859794], [-0.4444241857221945, -0.4357576181546335, 0.055441783650405, -0.31015000695857947, -0.5386176846072321, 0.4550326611524766, 0.06538388468349805, 0.38318182333533823, 0.31439255310402364, -0.1531627165086814, 0.7561797777092383, 0.5946125036304329, 0.7087139211986475, 0.06828252279109245], [-0.4584184849501523, 0.11867958003528639, 0.23829622079585583, 0.006595023532814853, 0.24037378246990287, -0.25071568255019017, 0.6418485723739275, -0.02701894088067694, -0.64076335202592, -0.4767043664760723, -0.2089624298314786, 0.337490912647526, 0.3541218862971593, -0.03654107722101971]], "inverted": false, "swapped": false, "error_lsq": 0.04347991918507068, "error_max": 0.3456816885337063, "target": "343.xyz", "model": "10.xyz", "model_rescale": 4.260839863003843, "target_rescale": 3.667543471662451},
{"mapping": [9, 8, 7, 0, 6, 4, 2, 5, 10, 12, 11, 13], "R": [[-0.7420558428168615, 0.5088659905124652, -0.43635825859163613], [-0.5788118910445533, -0.15804689878414624, 0.7999987328553353], [0.33812707807388853, 0.8462130827897201, 0.4118173109386405]], "T": [-0.12807724751153285, 0.051120877262471, -0.20470689220640345], "aligned_model": [[0.3909467710037948, 0.1806018730445291, -0.4630222904725919, -0.22803402340666407, -0.6629559879990903, -0.4855026882545468, 0.29334337939881006, 0.74636041899593, 0.26731923733524054, -0.20425922294526758, 0.14604416240418147, -0.02194298001019515], [0.009937420263032792, -0.6404484245481044, -0.4790166358904336, -0.25855163747171367, 0.3432232628504041, 0.4009411241680237, 0.647542787489191, 0.13838815625759335, -0.3395544249155182, 0.005374982020870833, 0.4492373230018633, -0.10399542769227527], [-0.5462444345486615, -0.16684608050595293, 0.29590553022613775, -0.7497974503131246, 0.2937598099728469, -0.32831491543128566, -0.4020726473454047, -0.07753507423377501, 0.354519746299937, 0.6455559742609749, 0.270020182302124, -0.07277256328831155]], "inverted": false, "swapped": true, "error_lsq": 0.045497859383224815, "error_max": 0.24600708865908102, "target": "343.xyz", "model": "11.xyz", "model_rescale": 3.890672605050136, "target_rescale": 3.667543471662451},
{"mapping": [6, 1, 2, 8, 0, 10, 3, 5, 9, 11, 5, 4, 7, 13], "R": [[0.32893646304967883, 0.9372428104159191, -0.11565776065633032], [-0.012774598964476858, -0.11804578571752333, -0.9929259801695338], [-0.9442656474200808, 0.32808704149661605, -0.026856662196439868]], "T": [-0.021566531192959173, 0.029304251388031846, -0.0802757451479475], "aligned_model": [[0.1552585936470431, -0.2877130129206048, -0.7167457281020401, 0.643886087455441, 0.011390413783839409, -0.6861131170604255, 0.29770317062085033, 0.5196499553228666, 0.09694155791991312, -0.46701499290580656, 0.5196499553228666, -0.38685850648436937, 0.4102790712189373, -0.0113375521530097], [-0.4040688561219787, -0.683539179107261, 0.0543975848440077, -0.15524333827008752, -0.34284077156036513, 0.6244978491035877, 0.039330201441724014, 0.5295720556816902, 0.30546651335389746, -0.017079475674815124, 0.5295720556816902, 0.22117666253909601, 0.6542917387025635, 0.16357617869008167], [-0.4163991880286722, 0.081954289845382, 0.06689878548694392, 0.12540858902336985, 0.3770167885979568, -0.1407978146174309, 0.7863438333472981, -0.3288497191390445, -0.7982664511477631, -0.3999417923232292, -0.3288497191390445, 0.48611969485127965, 0.3068472154914024, 0.020797131968514168]], "inverted": true, "swapped": false, "error_lsq": 0.05585139749202471, "error_max": 0.45436463301903185, "target": "343.xyz", "model": "12.xyz", "model_rescale": 4.124412569039231, "target_rescale": 3.667543471662451},
{"mapping": [3, 6, 2, 7, 1, 0, 12, 8, 11, 10, 9, 5, 13], "R": [[0.8690579824664143, 0.4307726577840746, 0.24325529884680813], [0.4565070295646324, -0.5088265168784747, -0.7298608824148578], [-0.19062936570602446, 0.7453391798550266, -0.63885049260649]], "T": [0.16182667324274644, 0.06424668856714964, 0.12869448951970697], "aligned_model": [[-0.27581004034085965, -0.39077577487404647, 0.7602161466896011, -0.5956454567399293, 0.765040123045853, 0.4055558381508756, -0.5408830266092625, 0.03689669278960889, 0.09739717496585927, -0.19918220504114556, 0.6814286556785667, 0.5632686177954724, 0.05979156199916391], [-0.3140582260270905, 0.4266666582530392, 0.5259418185819182, -0.14750916264959674, -0.16506330650698892, -0.5157983719231768, 0.4982787983479059, -0.35865171999412354, 0.7202317718024714, 0.19727352508477086, -0.019454363906359115, 0.4487337155630633, 0.050894239882644327], [0.45178629089495204, 0.5566786291573584, 0.1608709727679761, -0.03018343193223158, 0.6112222892849737, 0.21328740849168293, -0.09189229117879577, -0.48817970815512546, -0.02794987628483414, -0.5595470783490676, -0.20407842917862368, -0.5637241505400925, -0.07659254401033361]], "inverted": true, "swapped": true, "error_lsq": 0.04596600419150792, "error_max": 0.30232029882002204, "target": "343.xyz", "model": "13.xyz", "model_rescale": 3.9028299243045295, "target_rescale": 3.667543471662451},
{"mapping": [4, 0, 8, 6, 2, 13, 1, 9, 10, 5, 14, 12, 11, 15], "R": [[-0.9415009007788728, 0.3018922197619278, 0.1497903250540141], [0.33574602591188973, 0.8017614394620081, 0.49442208716458197], [0.029166074760652576, 0.5157903467873597, -0.8562182305020323]], "T": [0.039653422494042995, 0.006504701176123243, -0.013980074536399267], "aligned_model": [[-0.09530345830647366, -0.2874510075075043, -0.6566072206280575, 0.6553755672441888, -0.07412204267329445, -0.43210240454925963, 0.330849549315299, 0.7170789979712515, 0.08601133021208698, -0.42367444061148196, 0.20278983238744186, -0.36180784687614875, 0.29812135881845614, 0.13981768086899757], [-0.35060633879258657, -0.7534292678814041, -0.20635724233875746, -0.13948510001854897, -0.41159285776488075, 0.5890472467196165, 0.1489297672764407, 0.3528057800218514, 0.27433337794952833, 0.05660859105936025, 0.8339224280428359, 0.4658470267844644, 0.62129349383252, 0.03779231441339085], [-0.5739993771856654, -0.06612855285134805, 0.24373695904867493, 0.1957375467085925, 0.5813344173830516, -0.27995370871398184, 0.5491528334111165, -0.162356652685782, -0.7078614378390797, -0.22592045564341956, -0.28196714477816953, 0.32079412707011806, 0.30395978558531483, -0.05824669529245961]], "inverted": false, "swapped": false, "error_lsq": 0.04500270038150558, "error_max": 0.24666921909420034, "target": "343.xyz", "model": "14.xyz", "model_rescale": 3.942246331269136, "target_rescale": 3.667543471662451},
{"mapping": [13, 11, 10, 8, 6, 3, 7, 0, 12, 4, 1, 5, 2, 14], "R": [[0.976476468562106, -0.20451854744055292, 0.06830717456669674], [0.025285247822866244, 0.42321215608368934, 0.9056777170635987], [-0.21413631776747985, -0.882645814976654, 0.4184280137815627]], "T": [-0.08174383799141169, 0.07656867827985403, 0.03608659105896456], "aligned_model": [[-0.08999493495819517, -0.1307217645924313, -0.6833214068204703, 0.5666892807254499, 0.05075871344442068, -0.44018113734378683, 0.458778833442416, 0.5976534337729699, 0.15526343203348364, -0.5718719577299091, 0.09432465066729714, -0.18789492529749655, 0.2851408004319054, -0.005647122110152225], [-0.322891906307361, -0.6353009572093068, -0.17771754568206138, -0.34482128546951574, -0.3098935982608212, 0.5301989237550231, 0.06109259115673438, 0.3490629318461104, 0.2661931572232565, -0.09077852765525335, 0.7627917087295577, 0.6847448391015626, 0.6104348044281991, 0.13599408364770663], [-0.6719338940016031, -0.0342967125786503, 0.3232162848004371, 0.06447523826556484, 0.41802817299580247, -0.39086801229338297, 0.6983367254662254, 0.10597014964566982, -0.722824714103594, -0.2385646711444392, -0.3572825429137991, 0.18316909260492564, 0.43985699621496127, 0.020999531258844947]], "inverted": true, "swapped": false, "error_lsq": 0.05142377366275435, "error_max": 0.32281146155003076, "target": "343.xyz", "model": "15.xyz", "model_rescale": 4.355366556412066, "target_rescale": 3.667543471662451},
{"mapping": [5, 11, 12, 0, 8, 9, 3, 1, 6, 2, 4, 13], "R": [[0.040238304147533044, -0.11197643357866104, -0.9928958440855387], [-0.2647568964101929, 0.9569871788435168, -0.1186563328793245], [0.9634753056942211, 0.2676505517500952, 0.00886100814222665]], "T": [-0.053823787994437364, 0.051492225639249926, -0.0958432343708975], "aligned_model": [[-0.22461959270149212, 0.40230839156263964, 0.3526389972879844, -0.5340237975508432, -0.6953945006058353, -0.43393388734641436, -0.06947125722669191, -0.1288720438184683, 0.609392682215521, 0.1805537563773329, 0.289245902376838, -0.1500160959387899], [-0.6686883638432903, -0.43179589045402805, -0.4676394808409895, 0.4621942503963369, -0.2651425366310006, -0.10461323803170086, 0.4528324824313378, 0.668584298449124, 0.13720534793330774, -0.07040219904738798, 0.42978086479077754, -0.12953910741150593], [0.3946648629157252, 0.03599408443258523, -0.6400248197935711, -0.03465550971393083, -0.347067810752294, 0.372000006830812, -0.6228251776886947, 0.41684356123004207, -0.5113974404403608, 0.6130126021785075, -0.027968443185914044, -0.19931745480348528]], "inverted": true, "swapped": true, "error_lsq": 0.04665679921902787, "error_max": 0.26682986143730053, "target": "343.xyz", "model": "16.xyz", "model_rescale": 3.795458400668931, "target_rescale": 3.667543471662451},
{"mapping": [9, 5, 10, 1, 8, 11, 2, 0, 4, 6, 12, 3, 13], "R": [[0.39828474940726505, 0.3130095999799689, -0.8622031365693192], [0.29681601847257455, 0.8454224282788774, 0.4440283424975654], [0.86791100325303, -0.4327654192324367, 0.24381259678058653]], "T": [-0.08074769015960741, 0.014616833015906314, 0.052218065534509264], "aligned_model": [[0.06854609400956103, 0.050109410567054466, 0.41786503909641337, -0.4366080971885743, 0.6656654251846732, -0.3799355992956457, -0.5667894318119246, 0.1713337306296101, -0.5112556640710786, -0.47019881646567413, -0.016851439534044207, 0.05573715266713451, 0.10101399711671756], [-0.3200963825041749, 0.16012394007697472, 0.5600227073294336, -0.7075779813824905, 0.022981767864649158, 0.5129606239240488, -0.14594737469602564, -0.5467679345442918, -0.09718802809975667, 0.5182840745684135, 0.8602004929577477, 0.006421762183141812, 0.1403635977928157], [-0.45117872738343434, -0.8138844589167384, -0.2227688135421262, 0.08509112708677971, -0.08113045843058501, -0.295840992821796, -0.5047830490595339, 0.20814830638121573, 0.31215777329480887, 0.5153975705636065, 0.16061024975975788, 0.7005494176153116, -0.010092913710971207]], "inverted": false, "swapped": true, "error_lsq": 0.051463473274531976, "error_max": 0.270384009914928, "target": "343.xyz", "model": "17.xyz", "model_rescale": 3.7474275329858107, "target_rescale": 3.667543471662451},
{"mapping": [3, 10, 12, 8, 5, 7, 4, 0, 1, 11, 2, 9, 6, 13], "R": [[0.34938893646290986, -0.7906579742275023, -0.5027796126214535], [0.930127000788089, 0.35744214984742423, 0.08425480352719306], [0.11309789335912081, -0.49708658934124716, 0.8602986627996205]], "T": [-0.027740388863683567, 0.09532141134042499, -0.05757069276932352], "aligned_model": [[0.18102822599782925, -0.21222946539097204, -0.6913448772360073, 0.49377108123521485, -0.14869211605335603, -0.6309916360646147, 0.4842876241483943, 0.7596667663527522, 0.1111622012303762, -0.4770401327792759, 0.16155114024660477, -0.22690139512007257, 0.25434157048870737, 0.040366908609920975], [-0.349251839086398, -0.5672918650514465, 0.01794938748825367, -0.38492946481643814, -0.28669830110647365, 0.48227471411285133, 0.09288653961416206, 0.35451152795194135, 0.27703619299933, -0.17002890437415685, 0.765685510908668, 0.45670477698737016, 0.6539407071989836, 0.1763202364771842], [-0.5259289656363337, 0.0002808158954821366, 0.2784048662385082, 0.06175798661895616, 0.5446348831448468, -0.28946367726934863, 0.5959177978035293, -0.1668997655072616, -0.7104138786888019, -0.5570260079613926, -0.19400168201601287, 0.46917509266868457, 0.39339833273324465, -0.061554153807136996]], "inverted": false, "swapped": false, "error_lsq": 0.03893885992064006, "error_max": 0.23942076494352102, "target": "343.xyz", "model": "18.xyz", "model_rescale": 3.922800546911778, "target_rescale": 3.667543471662451},
{"mapping": [5, 0, 2, 12, 3, 6, 7, 13, 8, 1, 4, 10, 11, 14], "R": [[-0.2129198099566746, 0.19916729937117217, 0.9565550383481379], [0.5213371007922828, -0.8048390256769088, 0.2836225838767808], [0.8263611691418656, 0.5590764970991342, 0.06753286996604702]], "T": [0.00010593244663825111, 0.11131133682667169, -0.049137022523892286], "aligned_model": [[0.10625446583373781, -0.3201504904819582, -0.5820300295334832, 0.6501668238137209, 0.09132589002352387, -0.37406735198298535, 0.4840923425318913, 0.600636993237164, 0.18544041848738319, -0.6230145529191075, 0.045843047220363996, -0.44165348921242004, 0.23095467735994718, 0.04517715128772357], [-0.5096034193644824, -0.6565401973037461, 0.02370880444938203, -0.33144692807695497, -0.4005328498157351, 0.5451353572646351, 0.019746857514496174, 0.4446422823708194, 0.21426770665186318, -0.05765848007364377, 0.8289408034239396, 0.6948723704993792, 0.6072338677941078, 0.0963430439697714], [-0.48010230487220684, 0.030125079286631447, 0.3589958980771673, -0.0491676995061745, 0.3234803301653637, -0.4332709111920246, 0.5798177612560983, -0.05730235097017227, -0.623107203123939, -0.4112876619408026, -0.13149723194361707, 0.2898405292661955, 0.40694774264548633, 0.034809667068957]], "inverted": false, "swapped": false, "error_lsq": 0.048401926357588006, "error_max": 0.331639675245678, "target": "343.xyz", "model": "19.xyz", "model_rescale": 3.9282355846067225, "target_rescale": 3.667543471662451},
{"mapping": [2, 5, 3, 7, 6, 0, 8, 12, 10, 1, 11, 4, 9, 13], "R": [[-0.7331324679956015, -0.41088224285588226, -0.5419340982780085], [0.609083814513801, -0.04219382349990858, -0.7919826943537192], [0.3025453540677764, -0.9107115151156147, 0.28119538575130537]], "T": [0.058946000591201704, 0.06930426855746022, 0.08271292064752861], "aligned_model": [[0.08300575401022042, -0.2325871220584078, -0.6722683867891148, 0.5271805230604001, -0.03352658410063757, -0.552024900836694, 0.22572370145790155, 0.8468836381478047, 0.23571979999886672, -0.4661811752628815, -0.04765771278541064, -0.33552212192146, 0.5483107686616888, -0.02808028591677452], [-0.3693877099465266, -0.5613324654459041, -0.0814138404709446, -0.334402063508897, -0.3814835496582757, 0.48781076368721277, 0.40370268495815786, 0.23917799687570643, 0.37636924557907214, -0.09466243602816013, 0.7658035379261332, 0.4352408597644817, 0.5471017502255405, 0.08658444534623466], [-0.6141993310897695, 0.012031237218724455, 0.17739470580437514, 0.006061724980451613, 0.5464835731103288, -0.22021258065507504, 0.7452719570590087, -0.18764155225155882, -0.702587323030748, -0.4260671548993223, -0.04723932977229431, 0.41415395081267437, 0.18594332082472229, -0.051111553894554684]], "inverted": true, "swapped": false, "error_lsq": 0.05089126471653651, "error_max": 0.3529670256130799, "target": "343.xyz", "model": "20.xyz", "model_rescale": 4.067790424073018, "target_rescale": 3.667543471662451},
{"mapping": [3, 3, 6, 12, 11, 4, 10, 9, 0, 2, 8, 5, 1, 14], "R": [[0.8999162154661384, 0.43399758993962456, 0.042389822690124423], [-0.40536045386866515, 0.868423534638121, -0.28552314604252677], [-0.16072867690767717, 0.2397637512494952, 0.9574338807490979]], "T": [-0.01285548746412355, 0.19781565406283774, 0.027193692289597213], "aligned_model": [[-0.11567290724350854, -0.11567290724350854, -0.6715520704445105, 0.5419845412009572, 0.03771285152146904, -0.6940790248425243, 0.5281750662358262, 0.7546411056810847, 0.13349063168913614, -0.46826662795313406, -0.048109025425422565, -0.27919029459129857, 0.4488984919258524, 0.046616065155082494], [-0.5900312426930836, -0.5900312426930836, -0.11015702576682385, -0.3282033387454153, -0.3378175837917432, 0.5533721371492217, 0.1293737305334146, 0.2645880594160964, 0.16934229534218512, -0.007850883913936069, 0.7212220275683728, 0.6553073109957164, 0.8090441669622375, 0.18095080894067195], [-0.2768965280608676, -0.2768965280608676, 0.16441082949873226, -0.022509714973997563, 0.3857632553827354, -0.20081195280099962, 0.63865788962284, 0.12985977657612785, -0.6672342094920808, -0.5241899308024194, -0.19634792119668182, 0.2884086903414425, 0.32128223136436085, 0.07478575681863833]], "inverted": false, "swapped": false, "error_lsq": 0.049339513942867265, "error_max": 0.3738024830355611, "target": "343.xyz", "model": "21.xyz", "model_rescale": 4.186013935880536, "target_rescale": 3.667543471662451},
{"mapping": [7, 8, 10, 6, 4, 12, 3, 0, 5, 9, 1, 11, 13], "R": [[0.003886753230651461, 0.8032545488244112, 0.5956232222993123], [-0.8609221823801594, 0.3056989911866026, -0.4066461885635686], [-0.5087218189100089, -0.5112047110310951, 0.6927278357223036]], "T": [-0.0753768098329807, -0.030970275768834994, 0.12163564852592078], "aligned_model": [[0.1553506191309027, -0.23543005614170917, 0.36468160487681667, 0.40974155443614224, -0.12055664724815648, 0.6852374974907114, -0.2477186408990434, -0.7024464871312496, 0.2003660261351133, -0.3302984570935076, -0.671461009628169, 0.5426505436473125, 0.008457487848061968], [-0.5226481327799767, 0.17522828279116898, 0.19281088791695822, -0.6140084138800131, -0.3100137285633623, -0.2806611016826337, -0.6498874201748753, -0.057772124018493694, 0.8043184816509134, 0.536577357040561, 0.028360678970986535, 0.1901858537001801, 0.0264660385746791], [-0.46901187800623745, -0.5902979526831116, -0.49315747732917636, 0.3328578680717734, 0.5523323259969797, -0.17830382762676877, -0.04044049167795129, 0.02636014952598255, 0.00044133340702397217, 0.0964455709983739, 0.6605661468044717, 0.2893771274814842, -0.08428933362749831]], "inverted": false, "swapped": true, "error_lsq": 0.05224577658437647, "error_max": 0.29463518044823445, "target": "343.xyz", "model": "22.xyz", "model_rescale": 4.166573947596378, "target_rescale": 3.667543471662451},
{"mapping": [9, 11, 2, 14, 12, 4, 13, 10, 8, 3, 7, 1, 5, 15], "R": [[0.19905387852802506, -0.3567168658802242, -0.9127598978042037], [0.9601897338192267, -0.11528317509274791, 0.2544513010552264], [-0.1959929297477665, -0.927072201685028, 0.31956830936712427]], "T": [-0.045097641358481794, 0.07135256671725623, -0.013798320876397586], "aligned_model": [[0.1412112301128612, -0.33029279680923995, -0.6862071647386183, 0.611037966737209, 0.012990704082283845, -0.5662956088253397, 0.6621929499301062, 0.6797702903957197, -0.03132145009877618, -0.48473516348562484, 0.35463966109517997, -0.42109700629608715, 0.2215259445599854, -0.06444366099415832], [-0.30445062507632403, -0.6623946712828817, 0.06207480733610912, -0.33193182806868726, -0.4374800034922973, 0.4432321889053765, 0.28524022675917515, 0.23712928027122662, 0.3641881458770778, -0.1455435731568185, 0.6610592415174753, 0.5620418227204766, 0.6635229743243776, 0.12242123266954502], [-0.44334474645915833, -0.0625019291717866, 0.1904117214850185, 0.16737983435010623, 0.3949760849357947, -0.3742310312041797, 0.3994875695822246, -0.1033851271690072, -0.7675467406781865, -0.36179482324631507, -0.07581262868801564, 0.3410926376963234, 0.5051506679343902, 0.028400154849754406]], "inverted": true, "swapped": false, "error_lsq": 0.055209776390651596, "error_max": 0.42208601151521324, "target": "343.xyz", "model": "23.xyz", "model_rescale": 4.274766983524099, "target_rescale": 3.667543471662451},
{"mapping": [12, 3, 6, 11, 4, 2, 5, 9, 8, 0, 13], "R": [[0.5302725758138074, 0.2737337180460214, -0.8024218634511969], [0.5999886344656603, -0.7898557063214425, 0.12704960331889087], [-0.5990197274312611, -0.5488149185255049, -0.583075939609946]], "T": [-0.05309561485361806, 0.18905283862141362, 0.07966469887511891], "aligned_model": [[0.0534145424474752, 0.17632306455714056, -0.354098213122472, -0.38356856893929786, -0.444403771208932, -0.6202737959482824, -0.04554219200787455, 0.010072774240419045, 0.6656927362794268, 0.20067675184547687, 0.12160137581499517], [-0.08798160896184684, 0.7558312815178453, 0.4305809682927617, -0.3026166389561393, 0.5204764862037867, -0.1818210254188676, -0.6632990928663639, -0.1333195776586432, -0.021656908259914037, 0.5419112455028094, 0.05748140184805503], [-0.7220527224459464, -0.17559610854277596, -0.6065930677738526, -0.24905067717271823, 0.03024418861912516, 0.4158628085479181, 0.3283987186011328, 0.6086407678956707, 0.19768608922997272, 0.5423769967009963, 0.009649440362054895]], "inverted": false, "swapped": true, "error_lsq": 0.055143840811195416, "error_max": 0.31239509828855405, "target": "343.xyz", "model": "24.xyz", "model_rescale": 3.7841303162186577, "target_rescale": 3.667543471662451},
{"mapping": [4, 1, 7, 2, 8, 11, 9, 12, 3, 6, 13, 10, 14, 15], "R": [[-0.8359537531635686, -0.2092263114460556, 0.5073516267544848], [0.1801965321573192, 0.7685747509389826, 0.613858340350245], [-0.5183729664731948, 0.6045801872520792, -0.604791091875551]], "T": [-0.046294912721535804, 0.0545714452912141, 0.06359081162920104], "aligned_model": [[0.11965206499275804, -0.22196838228532423, -0.6872112982758223, 0.6032258341976636, 0.07047640811228734, -0.4822626972719962, 0.37952596492447016, 0.6227943826301485, 0.09020931148228617, -0.42611613681173566, 0.13494176172960157, -0.34460604835855174, 0.3137628805917521, -0.07344814999203633], [-0.44067967742336794, -0.6680057712980025, 0.12209275553903992, -0.3277875923525032, -0.44393756197064055, 0.6033870707479212, 0.17902852977051747, 0.38437336610266715, 0.22056054914883, -0.060571036322991025, 0.7409690074485271, 0.47401242207291433, 0.6835123506700003, 0.05215480717091932], [-0.46922460565505214, 0.07116655983019475, 0.15003512602121588, 0.09037501557326871, 0.3590751799947502, -0.24971585802756296, 0.44480954517966603, -0.07323796569120918, -0.7128215155579771, -0.5401512681543549, -0.26506044999842565, 0.6469730522129934, 0.38622169255388855, -0.00016286406443263846]], "inverted": false, "swapped": false, "error_lsq": 0.04239420729064992, "error_max": 0.2624932114727969, "target": "343.xyz", "model": "25.xyz", "model_rescale": 4.19342608120988, "target_rescale": 3.667543471662451},
{"mapping": [5, 11, 12, 0, 8, 9, 3, 1, 6, 2, 4, 13], "R": [[0.040238304147533044, -0.11197643357866104, -0.9928958440855387], [-0.2647568964101929, 0.9569871788435168, -0.1186563328793245], [0.9634753056942211, 0.2676505517500952, 0.00886100814222665]], "T": [-0.053823787994437364, 0.051492225639249926, -0.0958432343708975], "aligned_model": [[-0.22461959270149212, 0.40230839156263964, 0.3526389972879844, -0.5340237975508432, -0.6953945006058353, -0.43393388734641436, -0.06947125722669191, -0.1288720438184683, 0.609392682215521, 0.1805537563773329, 0.289245902376838, -0.1500160959387899], [-0.6686883638432903, -0.43179589045402805, -0.4676394808409895, 0.4621942503963369, -0.2651425366310006, -0.10461323803170086, 0.4528324824313378, 0.668584298449124, 0.13720534793330774, -0.07040219904738798, 0.42978086479077754, -0.12953910741150593], [0.3946648629157252, 0.03599408443258523, -0.6400248197935711, -0.03465550971393083, -0.347067810752294, 0.372000006830812, -0.6228251776886947, 0.41684356123004207, -0.5113974404403608, 0.6130126021785075, -0.027968443185914044, -0.19931745480348528]], "inverted": true, "swapped": true, "error_lsq": 0.04665679921902787, "error_max": 0.26682986143730053, "target": "343.xyz", "model": "26.xyz", "model_rescale": 3.795458400668931, "target_rescale": 3.667543471662451},
{"mapping": [7, 6, 12, 10, 5, 0, 3, 8, 4, 11, 9, 2, 13], "R": [[0.10679770226836852, 0.4398386766859288, 0.8917040928925738], [-0.9939468047342304, 0.07047080068667319, 0.08428294969442579], [-0.02576820034094035, -0.8953076592667741, 0.4447023668808601]], "T": [-0.16914128726823544, -0.046150463848600366, 0.10704777472223542], "aligned_model": [[-0.007553876791798725, 0.5182418127484898, 0.48226454425301024, -0.05951843969292289, -0.23355292961186092, -0.7476703770489532, -0.17839155876535492, -0.6177764529950465, 0.026006027860101394, 0.3637070439614911, -0.5849018296038896, -0.07811910807625413, -0.18305847341575499], [-0.7487367298671138, -0.37617443834582737, -0.3367033295156122, -0.1368184668908411, 0.6223766213742811, -0.18360244336795015, -0.6712035786389865, -0.26470836125954256, -0.0586206416503135, 0.29246973214042554, 0.3927380569184487, 0.6886965716891317, -0.09783148932918556], [-0.24524302806374582, 0.30320274901966493, -0.3642194502346528, -0.6684921337866441, -0.4737724715938583, 0.32936103471800415, 0.3267108115909394, -0.4638666438110787, 0.5836693377098512, -0.13874495460029715, -0.04211636148713499, 0.2619105473376527, -0.11626277469927537]], "inverted": false, "swapped": true, "error_lsq": 0.04076013850799624, "error_max": 0.22889841948077147, "target": "343.xyz", "model": "27.xyz", "model_rescale": 3.6321398670334006, "target_rescale": 3.667543471662451},
