[{"mapping": [9, 4, 2, 8, 12, 3, 5, 0, 1, 13], "R": [[-0.5738945644747754, 0.6594530244403102, -0.48555817099791004], [-0.5420637840438743, -0.7503335615253907, -0.3783733612143684], [-0.6138500491930776, 0.04605708420157292, 0.7880779543297133]], "T": [-0.10163422733010315, 0.05236414704700341, 0.19022759257529498], "aligned_model": [[0.42059231754644705, -0.41688916745505217, 0.07975988676296968, -0.6746157199225806, 0.3444271707424967, -0.2503086156830755, -0.6838986722717402, 0.5873102848807469, 0.1439580363389369, -0.1139838887888688], [0.3966717241070169, 0.0887411587808406, -0.4209333999766358, 0.45832380832043695, 0.30609788422820955, -0.4429034071646024, -0.01214857226512741, -0.27912021076450716, -0.21668290209030364, 0.18819819484227887], [-0.1911841271837993, -0.7112685318507679, -0.3879971498592527, -0.15250859487498863, 0.45812351964247167, 0.11402863070010968, 0.6689837785879242, 0.08589152881270654, 0.6378236591346382, 0.10114078335639926]], "inverted": true, "swapped": false, "error_lsq": 0.05081722963642747, "error_max": 0.21374296594256303, "target": "344.xyz", "model": "0.xyz", "model_rescale": 3.8414455957264533, "target_rescale": 3.831262225132075},
{"mapping": [10, 3, 1, 2, 8, 0, 9, 12, 13, 14], "R": [[-0.3632994124900326, -0.7291257898533043, 0.5799906201441474], [-0.8796390656227464, 0.47357007656354755, 0.04434520057388014], [-0.30699943178243677, -0.49407182185831167, -0.8134152590964039]], "T": [-0.17261173327513438, 0.0609880958685224, 0.06985756153908382], "aligned_model": [[0.3282795997617107, -0.21453530284284625, 0.06124968623866703, -0.750463970715266, 0.35793766932118554, -0.4517764233023076, -0.40393372542713574, 0.5821541745403648, 0.05079319823834866, -0.12335327366244042], [0.44325838077430013, 0.0008948246478224786, -0.4688033516122255, 0.4954172640181377, 0.3277341564574348, -0.6077623234686205, 0.21181218366190208, -0.02977601493335011, -0.341430873754374, 0.03490003222657935], [-0.19727274781763796, -0.7098911769073163, -0.572892584169173, -0.0783410118842042, 0.5910737048669317, 0.08876052388880104, 0.6937581229121007, 0.13603795483546652, 0.6723492296162717, -0.0005485188757993198]], "inverted": true, "swapped": false, "error_lsq": 0.04622773613483773, "error_max": 0.25233775895052385, "target": "344.xyz", "model": "1.xyz", "model_rescale": 4.316132596720782, "target_rescale": 3.831262225132075},
{"mapping": [1, 9, 5, 10, 2, 3, 6, 0, 4, 11], "R": [[0.047820952916060006, 0.9962415858768326, -0.07222090439625961], [-0.9619363569602383, 0.06540893430047648, 0.26533020271303676], [0.26905687432263314, 0.056783570540162795, 0.9614489193381234]], "T": [-0.12282047953876979, 0.0601453276824449, -0.020035525192903025], "aligned_model": [[0.1578843231221101, -0.04232715871528481, 0.05660155953347648, -0.6326777169622144, 0.4258254781718271, -0.5052512884808288, -0.5584340349994648, 0.5592925287544162, 0.11585835807014214, -0.14042041634389904], [0.48462273960906316, 0.10342869073445637, -0.4978950902390205, 0.4285598672411879, 0.4130648834218899, -0.4551702801060789, 0.05991051849196329, -0.13435577818788957, -0.35079172474581494, 0.014870451797849828], [-0.2087707999350768, -0.7559695446659314, -0.288658878195191, -0.05943251845307647, 0.504522195186367, 0.11857727934036516, 0.6773429503589641, -0.04841196469616327, 0.5870006208115794, 0.09683415671360418]], "inverted": true, "swapped": false, "error_lsq": 0.036689839364718306, "error_max": 0.21223325015560016, "target": "344.xyz", "model": "2.xyz", "model_rescale": 3.795458400668931, "target_rescale": 3.831262225132075},
{"mapping": [1, 2, 10, 6, 7, 5, 9, 0, 4, 11], "R": [[0.0318603752876419, 0.22877576975154637, 0.9729576371359228], [-0.1879053981338247, 0.9574650932295246, -0.21897980865629282], [-0.981670249034114, -0.17584721328916544, 0.07349339929364623]], "T": [-0.09776130496395746, 0.07211985004930124, 0.04054353763429512], "aligned_model": [[0.17886697931921752, -0.12667407430502628, -0.07133532357783003, -0.5193302330075389, 0.24706327219091412, -0.5905008323579057, -0.5386460051664883, 0.6770092561490064, 0.15565610929698648, 0.02424248360894471], [0.5743650036438392, 0.044324108653345365, -0.5883028316973442, 0.3775813935998036, 0.3435365245359572, -0.3911607172698568, 0.11672044911888457, -0.01714308404121806, -0.4458142427351466, 0.05213767420934197], [-0.2192553075998535, -0.7250390901363836, -0.279072301057269, -0.23562521682723692, 0.6656285689832633, 0.23134052303304753, 0.7876620760853442, -0.022469559464604674, 0.3206839006747621, 0.09917990277437146]], "inverted": true, "swapped": false, "error_lsq": 0.057678879773342094, "error_max": 0.26418330019337716, "target": "344.xyz", "model": "3.xyz", "model_rescale": 3.7530521520055578, "target_rescale": 3.831262225132075},
{"mapping": [7, 8, 6, 5, 1, 9, 3, 0, 2, 10], "R": [[-0.5436599101630918, -0.7694692037241284, -0.3351880764609848], [-0.6118211117623051, 0.6367176424161908, -0.4693245902761808], [0.5745509805782217, -0.050077822997050075, -0.8169353599645938]], "T": [-0.09934635883933611, -0.06185425936098379, 0.11243403635621224], "aligned_model": [[0.10798440359126286, -0.2690863672357947, 0.16891284727713657, -0.4747592547011443, 0.22019461991396133, -0.5879837543314832, -0.5607210512076065, 0.7046987826914297, 0.13094291754710646, -0.0038315113945880247], [0.3245200975669913, 0.008511559716174483, -0.4997993367439626, 0.5458656045806791, 0.46713241397815475, -0.26249033312126235, -0.03751142740541344, -0.16997221018548245, -0.2405897550108614, -0.06942233535741084], [-0.29607514568483717, -0.7862964422130145, -0.41914535580425843, 0.026985416815059074, 0.605376764405555, -0.02300019298008585, 0.7179178139002251, -0.03603247454847097, 0.7259293132762643, 0.10737379929900394]], "inverted": false, "swapped": false, "error_lsq": 0.056513929045184465, "error_max": 0.29318934847725725, "target": "344.xyz", "model": "4.xyz", "model_rescale": 3.7855080009869324, "target_rescale": 3.831262225132075},
{"mapping": [6, 13, 12, 8, 5, 14, 9, 1, 2, 16], "R": [[-0.9082859301170466, -0.38400235649901376, -0.1660086122904959], [-0.36512644889055984, 0.9213401968956166, -0.1334725361447664], [0.20420417594158363, -0.06061709154645175, -0.9770497544856495]], "T": [-0.030421807337491946, 0.12626657595285581, 0.08675975180571735], "aligned_model": [[0.209633318503136, -0.3191801768733766, 0.03803016749783315, -0.5023648324085963, 0.2905935707228216, -0.4141558498633136, -0.47418209850490683, 0.624507671395002, 0.0430938305803851, -0.05962396889870425], [0.47925163994314623, 0.03806912791702517, -0.4419972037025157, 0.5536195604491695, 0.5554622637734432, -0.42967108473920224, -0.07222733543492019, -0.2487468458914379, -0.45254045258730047, 0.0850246082901988], [-0.4070541293523292, -0.5718049398217209, -0.2812835430429842, -0.2131553723418466, 0.6932607272577856, 0.12389330218677336, 0.606943363979376, 0.027293372117799614, 0.5399303182293697, 0.1050103972532177]], "inverted": false, "swapped": false, "error_lsq": 0.050650927460877425, "error_max": 0.24826117103704357, "target": "344.xyz", "model": "5.xyz", "model_rescale": 4.2253639853439635, "target_rescale": 3.831262225132075},
{"mapping": [4, 2, 10, 6, 0, 8, 12, 1, 9, 13], "R": [[0.03279757084618467, 0.11621902285626745, 0.992681952124105], [-0.49335475641832516, 0.8656604206211149, -0.08504775417075819], [-0.8692096431045879, -0.48695500294833094, 0.0857287666864886]], "T": [-0.14746707373337342, 0.02729498161262263, 0.058246321051229205], "aligned_model": [[0.3783700629719955, -0.22731806491896306, 0.0368841345624267, -0.6426535426318956, 0.31450189124132094, -0.17686264839635857, -0.6898741724457489, 0.5391662092277838, 0.05154060612916567, -0.14740284358944625], [0.32115881907252436, 0.19808671626733093, -0.4315983088044305, 0.4141857173629041, 0.4193737086196012, -0.7065228893869002, 0.2406903795367541, -0.2304318819821235, -0.2438127676534148, 0.08511478498536082], [-0.31330537508453793, -0.5856679703086903, -0.5450314378618837, -0.07895385290466608, 0.5835287180106137, 0.13894395416801558, 0.7873558518353608, 0.02965645449216516, 0.5676508352921374, 0.03885631882692617]], "inverted": true, "swapped": false, "error_lsq": 0.056056471589158885, "error_max": 0.35001384255448226, "target": "344.xyz", "model": "6.xyz", "model_rescale": 3.89814844738969, "target_rescale": 3.831262225132075},
{"mapping": [4, 7, 0, 8, 10, 6, 9, 2, 5, 12], "R": [[-0.8092740916428953, -0.4215968627594715, 0.40906176783823067], [-0.37455732645155637, -0.16610268008787088, -0.9122043131169075], [0.45252873256515924, -0.8914403990054514, -0.023489598207989293]], "T": [-0.08582465162843435, 0.023953300719600175, -0.07626516848931887], "aligned_model": [[0.38621442378793935, -0.1871437806982329, 0.05772681176872009, -0.7358876535493561, 0.282784629048174, -0.5208672731884992, -0.43785064839551396, 0.5958455482444681, -0.0415659533502538, 0.0370955284828349], [0.41038304798020936, 0.193495465714196, -0.46177997537449694, 0.20790241953457597, 0.32787734283680087, -0.4543655181657836, 0.16372760899169306, -0.05772055897959887, -0.3663272508322128, 0.10305169631222325], [-0.28446447227401156, -0.7025754493561102, -0.38361927911701166, -0.04066197290960305, 0.48110458120503086, 0.12203983889581031, 0.7327383663495693, 0.09752483055561846, 0.5932860713213187, 0.007660981794829769]], "inverted": true, "swapped": false, "error_lsq": 0.04980125996673246, "error_max": 0.27259845053372633, "target": "344.xyz", "model": "7.xyz", "model_rescale": 3.7474275329858107, "target_rescale": 3.831262225132075},
{"mapping": [7, 3, 0, 8, 11, 1, 13, 10, 12, 14], "R": [[-0.8322715125597047, 0.399209562805828, 0.38465030137250783], [0.1240841189001636, -0.5421007640832378, 0.8311016141346014], [0.5403029343047764, 0.7394311912171067, 0.40163945602604734]], "T": [-0.11757078876529298, 0.06056063067562681, 0.034120985175211435], "aligned_model": [[0.4236958729781464, -0.29691637899702494, 0.06204750823246469, -0.5861001890978521, 0.25417587329091135, -0.4256693061393497, -0.4925111212201123, 0.6155213219420941, 0.05149919030682129, -0.16939113914581838], [0.44042067884632985, 0.04584974244051562, -0.43318417759608807, 0.5089833422151081, 0.3621269880564184, -0.623758955672914, 0.0664213892671896, -0.132694305567017, -0.21249808206217466, 0.04457765809023863], [-0.1290181475087694, -0.6599635096929407, -0.3635806232139354, -0.17708410154411014, 0.43078470539174174, -0.005676343648752288, 0.8511260202269971, 0.05629859831779965, 0.5609007307747221, 0.05924616736268832]], "inverted": false, "swapped": false, "error_lsq": 0.046216148588888104, "error_max": 0.23113226431422274, "target": "344.xyz", "model": "8.xyz", "model_rescale": 4.019505241142653, "target_rescale": 3.831262225132075},
{"mapping": [11, 8, 4, 9, 6, 0, 1, 5, 2, 12], "R": [[-0.9100817775224651, -0.27855726111646284, 0.3068501433938805], [0.022790371873554177, -0.7729360528639909, -0.6340744886311852], [0.41380159155254037, -0.5700664088177171, 0.7097834404705817]], "T": [-0.08259643048159963, 0.02587906495830504, 0.1445129663446148], "aligned_model": [[0.16588729102990513, -0.2221780802726498, 0.006232161039491285, -0.4966192004882289, 0.3973450396858863, -0.38307971875789054, -0.6312179269804877, 0.5467740867078544, 0.10392471586138453, -0.05071673567498442], [0.47841147670810724, 0.14666931840587444, -0.6104238643887706, 0.4836849317352979, 0.3907933870822744, -0.5503037488966444, 0.08323462520512948, -0.07597047032300298, -0.3106259692172909, 0.030774591706632073], [-0.20293455552406942, -0.5051512616222498, -0.37972241463975803, -0.14932201402880269, 0.5501674507142236, 0.1252974373133872, 0.5344233348380032, -0.06535399960671845, 0.5938974188549773, 0.12173210016644793]], "inverted": true, "swapped": false, "error_lsq": 0.04765814347625525, "error_max": 0.2606240533782108, "target": "344.xyz", "model": "9.xyz", "model_rescale": 3.877068213659057, "target_rescale": 3.831262225132075},
{"mapping": [4, 13, 2, 6, 1, 9, 11, 7, 8, 15], "R": [[0.6078884139561179, 0.6869352385291609, 0.39823567676038346], [-0.7890358330748071, 0.5787228586540952, 0.2061608764901279], [-0.08884891840569041, -0.43954502720212557, 0.8938154388686861]], "T": [-0.20120712697293536, 0.141529953051399, 0.04847546781719563], "aligned_model": [[0.3745819069967076, -0.34603700613555854, 0.07874196829204677, -0.6796045634075774, 0.48878707239610913, -0.3233303649702265, -0.5841663392815606, 0.5644535259356593, 0.06292872865483384, -0.2000032963301538], [0.3058145473027589, 0.08419196056205984, -0.34068725023565505, 0.45572767827837835, 0.39721116888355523, -0.5057139457291403, -0.004819983795951083, -0.1297373709478045, -0.36517833956915857, 0.16943581326856352], [-0.2670688875386599, -0.708739928673594, -0.31131673730102954, -0.18113345491840355, 0.5083034040184408, 0.09097904569103077, 0.6621359716435687, 0.1288767920270878, 0.5669365481013802, 0.1340607434156197]], "inverted": true, "swapped": false, "error_lsq": 0.044738604629607645, "error_max": 0.23991534038415696, "target": "344.xyz", "model": "10.xyz", "model_rescale": 4.260839863003843, "target_rescale": 3.831262225132075},
{"mapping": [10, 9, 8, 4, 6, 2, 3, 7, 1, 11], "R": [[-0.9572477745032227, -0.2878665657137982, 0.028452390985134163], [0.2887554190482642, -0.9450539184790282, 0.15327556601655792], [-0.017233867206426667, 0.15493847653690931, 0.987773791062272]], "T": [-0.0342480960682511, 0.04189850522858815, 0.11867105522950343], "aligned_model": [[0.24571867048755328, -0.2894186432728017, 0.10710947084661762, -0.5976528599400089, 0.4238526634351719, -0.5850171307895388, -0.4465870619877824, 0.600566461411704, -0.024848548135130398, 0.0026286100944958035], [0.4345782805311681, 0.07948180526737257, -0.44767107585248533, 0.4104414894483235, 0.6430256754917479, -0.36577966777303106, -0.007897356780259393, -0.10257103434550022, -0.5820815340771024, 0.004717696107373062], [-0.28227157874049963, -0.6357881872446915, -0.3872469921010437, -0.16917265137226017, 0.48205123351117746, 0.0902263054205832, 0.6942837902553837, 0.19446458416849158, 0.4844868588629898, 0.15200013370531013]], "inverted": true, "swapped": false, "error_lsq": 0.048140442866915996, "error_max": 0.2581619482693635, "target": "344.xyz", "model": "11.xyz", "model_rescale": 3.890672605050136, "target_rescale": 3.831262225132075},
{"mapping": [4, 3, 0, 7, 10, 6, 9, 2, 11, 13], "R": [[-0.5963531951152766, -0.7763312977633959, 0.2041386361980564], [-0.28787308291012137, -0.030558563620748214, -0.9571808932094596], [0.7493276685213374, -0.6295839025121579, -0.20526118699339763]], "T": [-0.181419612775121, -0.12243429108179657, 0.09988737968411149], "aligned_model": [[0.31638354837464266, -0.22240316593616655, -0.03562290152708045, -0.5379169721734999, 0.3682638286941097, -0.40593698431009195, -0.5397570015880871, 0.5191696098852756, 0.1485523800462982, -0.17438070931512026], [0.22877759796049738, 0.13229731945689396, -0.34777577224962086, 0.5819612742107546, 0.4385701664254139, -0.6363448622635113, -0.06588077427704797, -0.047310199493400235, -0.25313791885859316, 0.03508744710621978], [-0.2463773536772102, -0.7869583289736548, -0.42609653223864147, -0.22213853637633757, 0.5272778536937053, 0.23234952011777976, 0.7885211223493409, 0.19525637685723674, 0.5203599822811154, 0.040839392432107186]], "inverted": true, "swapped": false, "error_lsq": 0.05179417940436767, "error_max": 0.22455192308808222, "target": "344.xyz", "model": "12.xyz", "model_rescale": 4.124412569039231, "target_rescale": 3.831262225132075},
{"mapping": [10, 11, 2, 9, 5, 1, 3, 4, 0, 12], "R": [[-0.7669161336921791, 0.4881846822924183, -0.4165517493153648], [-0.09602976994389356, 0.5544826570758294, 0.8266361147969832], [0.6345218098435725, 0.6739619417869076, -0.3783614328332877]], "T": [-0.17811022652699604, 0.07478264807186134, 0.1845810385853222], "aligned_model": [[0.23460860199737327, -0.19857391280589626, 0.11948234027464955, -0.6642566030959383, 0.4299538935153958, -0.3012777281461908, -0.6168985670870595, 0.5187781205243689, 0.01876634798473928, -0.10423086101116155], [0.36578277480033444, 0.18785093678228532, -0.3710325852839721, 0.45320853382305865, 0.38076437753958536, -0.7259086836341889, 0.13233879812381177, -0.2841955910227355, -0.15196502956207814, 0.07940074645150563], [-0.35355627393165595, -0.8040289254391508, -0.4900173275120268, 0.014003133970737991, 0.5168145200727015, 0.1034178894078146, 0.7439605676580889, 0.12328249577975656, 0.6811618461989124, 0.08799557026026246]], "inverted": true, "swapped": false, "error_lsq": 0.05223407975538639, "error_max": 0.28315308061863476, "target": "344.xyz", "model": "13.xyz", "model_rescale": 3.9028299243045295, "target_rescale": 3.831262225132075},
{"mapping": [14, 10, 7, 5, 11, 3, 2, 9, 6, 15], "R": [[-0.45044614894207036, 0.7969084482799818, 0.40253595114380747], [0.8809917007122228, 0.4698426347553599, 0.05569130849896384], [-0.14474767763057034, 0.37971676763889817, -0.9137085345964673]], "T": [-0.27865349511727056, 0.1086213810679002, 0.15209461613074582], "aligned_model": [[0.39355017041187024, -0.09806580051111397, 0.12524362965142394, -0.591429940463452, 0.3478423347166517, -0.4583352776773955, -0.616557145039469, 0.4423723055277877, 0.07863963512283467, -0.18690827958885756], [0.5179703427402342, 0.1117211365916133, -0.49177121490330866, 0.41171905217063104, 0.43347846582209415, -0.48659429755259465, 0.024404886770201695, -0.14180908490780086, -0.3656056857363088, 0.05273067702284561], [-0.2524128775080268, -0.5709068210196246, -0.3929042821651173, -0.11698628371883585, 0.3707896961477359, 0.19816193837233775, 0.8008460901277199, 0.01699527128034317, 0.45517640450269753, 0.11427436044621173]], "inverted": false, "swapped": false, "error_lsq": 0.04721794436743875, "error_max": 0.24180949624573636, "target": "344.xyz", "model": "14.xyz", "model_rescale": 3.942246331269136, "target_rescale": 3.831262225132075},
{"mapping": [0, 1, 12, 5, 7, 4, 10, 8, 11, 14], "R": [[0.8756900180574687, -0.3781911291097319, -0.30023068153874044], [0.08971096647495286, -0.4835128411332424, 0.8707280143382262], [-0.4744670007162146, -0.7894218152052591, -0.38947947687829926]], "T": [-0.14693128253557272, -0.010570520837915912, 0.1361314436543451], "aligned_model": [[0.36240063375233056, -0.2757304150214872, -0.02419448400255117, -0.4899398658646279, 0.3660166146289995, -0.5309868250062292, -0.5853808561415413, 0.6176772231327883, 0.09869185526551796, -0.10220224859291928], [0.37022703437526566, 0.1313861982446742, -0.42691132131752557, 0.43338907273666877, 0.6244954612642005, -0.4412328336659764, -0.08597537111231632, -0.07620072779170035, -0.4942716595133992, 0.03133842479771517], [-0.23304561936882534, -0.6512061644648157, -0.5564523233403853, -0.16055787065407162, 0.39020852113312315, 0.2395494765584783, 0.6938738537353801, 0.23566754405309956, 0.6049741755776815, 0.06002190323577608]], "inverted": true, "swapped": false, "error_lsq": 0.05054976903160994, "error_max": 0.23310886986131388, "target": "344.xyz", "model": "15.xyz", "model_rescale": 4.355366556412066, "target_rescale": 3.831262225132075},
{"mapping": [1, 9, 5, 10, 2, 3, 6, 0, 4, 11], "R": [[0.047820952916060006, 0.9962415858768326, -0.07222090439625961], [-0.9619363569602383, 0.06540893430047648, 0.26533020271303676], [0.26905687432263314, 0.056783570540162795, 0.9614489193381234]], "T": [-0.12282047953876979, 0.0601453276824449, -0.020035525192903025], "aligned_model": [[0.1578843231221101, -0.04232715871528481, 0.05660155953347648, -0.6326777169622144, 0.4258254781718271, -0.5052512884808288, -0.5584340349994648, 0.5592925287544162, 0.11585835807014214, -0.14042041634389904], [0.48462273960906316, 0.10342869073445637, -0.4978950902390205, 0.4285598672411879, 0.4130648834218899, -0.4551702801060789, 0.05991051849196329, -0.13435577818788957, -0.35079172474581494, 0.014870451797849828], [-0.2087707999350768, -0.7559695446659314, -0.288658878195191, -0.05943251845307647, 0.504522195186367, 0.11857727934036516, 0.6773429503589641, -0.04841196469616327, 0.5870006208115794, 0.09683415671360418]], "inverted": true, "swapped": false, "error_lsq": 0.036689839364718306, "error_max": 0.21223325015560016, "target": "344.xyz", "model": "16.xyz", "model_rescale": 3.795458400668931, "target_rescale": 3.831262225132075},
{"mapping": [4, 7, 0, 8, 10, 6, 9, 2, 5, 12], "R": [[-0.8092740916428953, -0.4215968627594715, 0.40906176783823067], [-0.37455732645155637, -0.16610268008787088, -0.9122043131169075], [0.45252873256515924, -0.8914403990054514, -0.023489598207989293]], "T": [-0.08582465162843435, 0.023953300719600175, -0.07626516848931887], "aligned_model": [[0.38621442378793935, -0.1871437806982329, 0.05772681176872009, -0.7358876535493561, 0.282784629048174, -0.5208672731884992, -0.43785064839551396, 0.5958455482444681, -0.0415659533502538, 0.0370955284828349], [0.41038304798020936, 0.193495465714196, -0.46177997537449694, 0.20790241953457597, 0.32787734283680087, -0.4543655181657836, 0.16372760899169306, -0.05772055897959887, -0.3663272508322128, 0.10305169631222325], [-0.28446447227401156, -0.7025754493561102, -0.38361927911701166, -0.04066197290960305, 0.48110458120503086, 0.12203983889581031, 0.7327383663495693, 0.09752483055561846, 0.5932860713213187, 0.007660981794829769]], "inverted": true, "swapped": false, "error_lsq": 0.04980125996673246, "error_max": 0.27259845053372633, "target": "344.xyz", "model": "17.xyz", "model_rescale": 3.7474275329858107, "target_rescale": 3.831262225132075},
{"mapping": [9, 7, 11, 2, 4, 3, 0, 5, 8, 13], "R": [[0.47217419311992825, 0.29930264615342783, -0.8291377794776336], [-0.875092644381452, 0.04590572831021478, -0.4817733158424057], [-0.10613385464130815, 0.9530532986742478, 0.28359304431722754]], "T": [-0.05259980323177681, -0.042202837301709054, -0.029071465774879263], "aligned_model": [[0.2699919756932265, -0.21619389798357458, -0.17501475196217248, -0.5475715155016151, 0.3002732697769241, -0.29166722428629976, -0.5362793043047219, 0.658104947866141, 0.09262020112798432, -0.11791206827561182], [0.5232760310870882, 0.09754463018118818, -0.5772865313716155, 0.4653819307321997, 0.3573050515132852, -0.6451358255094227, 0.19500065668438138, -0.05151999579407736, -0.3286685480786168, 0.030346878573196193], [-0.18364300077341086, -0.7509626622378599, -0.4985783160698368, -0.0636175382334077, 0.6074030923502575, 0.1706978042104984, 0.6104056905516676, 0.10521138493498797, 0.6141260140876681, 0.011991027644876688]], "inverted": true, "swapped": false, "error_lsq": 0.048319300216736236, "error_max": 0.2616477223840215, "target": "344.xyz", "model": "18.xyz", "model_rescale": 3.922800546911778, "target_rescale": 3.831262225132075},
{"mapping": [1, 6, 8, 10, 0, 13, 7, 5, 12, 14], "R": [[0.8555340192230776, -0.2766764024638054, 0.43762050942762426], [-0.49485611474674285, -0.18842426634498283, 0.8483004901272388], [-0.15224640439026965, -0.9423091128563077, -0.2981183794706277]], "T": [-0.13906566898791306, 0.05398168373439423, 0.05199722795636221], "aligned_model": [[0.3186132356431681, -0.1916480502415721, 0.07966415682232153, -0.7188491852987566, 0.48166046679123586, -0.5074884715959938, -0.5201967509727267, 0.5847164739653651, 0.0940960382041004, -0.1842162811668616], [0.45906945563930474, 0.14919641439346093, -0.3850987555413398, 0.5189711150169802, 0.4748921907327434, -0.5225399211602754, -0.0718625835205746, -0.15293272928000606, -0.45817431146937176, 0.05472340320668458], [-0.3656353153692924, -0.6291319963178043, -0.3137298358057714, -0.2614298772420191, 0.42074652644512733, 0.11283491716516658, 0.7427311404022482, 0.1779319547579149, 0.6014932692912013, 0.13722271313866985]], "inverted": true, "swapped": false, "error_lsq": 0.04795922676129593, "error_max": 0.20022809205934494, "target": "344.xyz", "model": "19.xyz", "model_rescale": 3.9282355846067225, "target_rescale": 3.831262225132075},
{"mapping": [4, 8, 6, 9, 0, 7, 10, 3, 1, 13], "R": [[0.7063862261873964, 0.2022458341167508, 0.6783178620935382], [0.6987440592056202, -0.04621885088337785, -0.71387713056791], [-0.11302760360894662, 0.9782435486142701, -0.1739664347423923]], "T": [-0.15476808962575514, -0.07935494192132968, 0.019808409855190043], "aligned_model": [[0.2580439927484288, -0.2089893007033365, 0.08901822861143102, -0.661203765859563, 0.3219423752094933, -0.5785446317532272, -0.5344285908098719, 0.5917329963943867, 0.26072959345201796, -0.10194926513947894], [0.34345094501583945, 0.2698835373737738, -0.49264627357979685, 0.34843479781243686, 0.3852202864833269, -0.5340711100762219, 0.16529829930248008, -0.14620497471525346, -0.21312448207075996, -0.059996747528218326], [-0.2042210782863843, -0.6537746392019471, -0.4235904628016904, -0.17753309529237588, 0.4637836096875242, -0.021957906006246086, 0.7534548126888542, 0.0877956941645144, 0.6288799834750931, 0.17019657803809868]], "inverted": true, "swapped": false, "error_lsq": 0.04945653046186654, "error_max": 0.24862313698486727, "target": "344.xyz", "model": "20.xyz", "model_rescale": 4.067790424073018, "target_rescale": 3.831262225132075},
{"mapping": [8, 7, 9, 0, 6, 12, 3, 13, 11, 14], "R": [[-0.6392304551425371, 0.43609321795448647, 0.6334091335561607], [-0.7383702671865179, -0.11784912956046567, -0.6640187732261426], [-0.2149273685531366, -0.8921514938147791, 0.39733101858637065]], "T": [0.06341794236289741, 0.13064055850785222, 0.05099076977998245], "aligned_model": [[0.13335798836277096, -0.1996719045706982, -0.09816297404997085, -0.5672428633454546, 0.27090565238930703, -0.4166734537601484, -0.5071391973936854, 0.655628731865739, 0.09226921811760938, 0.07308043453481188], [0.4810912869447002, 0.11756416576228962, -0.47037265075256135, 0.3894811293626262, 0.4266785413336352, -0.45826101384071377, 0.0683960880465094, -0.23270592144149504, -0.30956231537313195, 0.053934967975748316], [-0.3933745907384448, -0.6470613039236973, -0.41454615594618, -0.14832439909540954, 0.6966433587222167, 0.1495861872784595, 0.6789519093583757, 0.13695135017610094, 0.5236653805783581, 0.04054176005566151]], "inverted": false, "swapped": false, "error_lsq": 0.04142226657986604, "error_max": 0.21147074964698384, "target": "344.xyz", "model": "21.xyz", "model_rescale": 4.186013935880536, "target_rescale": 3.831262225132075},
{"mapping": [9, 10, 7, 11, 2, 6, 5, 1, 0, 12], "R": [[-0.4888058445688711, 0.4560957669754235, -0.743670288274591], [0.4789910995171505, 0.8527778434271445, 0.20817655089634926], [0.7291339883030171, -0.25445353427855805, -0.6353086068947019]], "T": [-0.14298831451187163, 0.06747967717418898, 0.05046870540854999], "aligned_model": [[0.20025419304771522, -0.1287475861004587, 0.07826822847443565, -0.5977130402166864, 0.17782375053522495, -0.3813694168084939, -0.40275161003903737, 0.5386831546079586, 0.1401294195199939, -0.18822546087037154], [0.4286617520268814, 0.04560921940857726, -0.46836605904689943, 0.4895706701093747, 0.38597770748186644, -0.4296657855370508, 0.14568843412748644, -0.19694042009124638, -0.3931040127259062, 0.05881277226452303], [-0.3199133271573445, -0.7835686542878253, -0.3992407886432008, -0.06798211234940964, 0.6381232182605648, 0.12710869490926202, 0.7749997238939856, 0.07347427609254338, 0.5295255436658141, 0.050506922081051335]], "inverted": false, "swapped": false, "error_lsq": 0.04355116593857168, "error_max": 0.24571945244695406, "target": "344.xyz", "model": "22.xyz", "model_rescale": 4.166573947596378, "target_rescale": 3.831262225132075},
{"mapping": [3, 4, 8, 1, 12, 7, 5, 9, 10, 15], "R": [[0.7610668698354179, -0.42472367516070775, 0.49029278946044164], [0.62405894562664, 0.27316783628126456, -0.732072240700861], [0.17699619211238934, 0.8631275299626321, 0.47295159900175865]], "T": [0.0419513708146017, 0.12620523849549267, 0.11849110081953916], "aligned_model": [[0.31423457056425613, -0.22510276086845532, 0.0815311100549419, -0.5986168602209297, 0.346551107525763, -0.4087766235016, -0.6633645370319169, 0.5811492982422054, 0.032714719090030146, -0.02396839170401458], [0.30237511463117145, 0.1268918764359029, -0.4544832119578346, 0.4166546664811266, 0.5290770804025795, -0.4143453860108052, 0.03132649469487701, -0.12173808344123555, -0.4954048783430167, 0.14589060512484123], [-0.3877229703919335, -0.5660051611453756, -0.4430367328387458, 0.0026872492515984253, 0.5359771899567696, 0.24513605782834175, 0.5481298738775634, 0.02772287704684094, 0.5361713373797726, 0.12397377550060912]], "inverted": false, "swapped": false, "error_lsq": 0.047876792788138875, "error_max": 0.2207792302600958, "target": "344.xyz", "model": "23.xyz", "model_rescale": 4.274766983524099, "target_rescale": 3.831262225132075},
{"mapping": [7, 5, 4, 6, 8, 3, 0, 9, 1, 10], "R": [[0.3718324252379304, 0.7052032725875608, 0.6036795440243719], [0.5034385790532021, -0.699558444466001, 0.5071169292157401], [0.7799296408411287, 0.11535305417761424, -0.6151450464966167]], "T": [-0.13706829127782827, -0.012252517944335602, 0.11969621781872254], "aligned_model": [[0.25984246093864216, -0.2425079412746579, 0.08522161455925287, -0.5359516188301624, 0.2002711408068628, -0.6229782045726316, -0.5165705738455776, 0.7107210386777345, 0.18393435731066543, -0.08563064161984796], [0.32119617728710087, 0.02228804672981413, -0.5036845745614423, 0.511982524600613, 0.572836000736168, -0.23723916635011422, -0.03909836851237844, -0.10593206728991209, -0.452026323684348, -0.024077970937894405], [-0.2440431104167684, -0.6889634004464952, -0.3238827925081195, -0.025509730011872747, 0.4178315236336977, -0.05143778813243484, 0.7532786197155825, 0.13164820883215506, 0.4782205264617033, 0.17589143933799298]], "inverted": false, "swapped": false, "error_lsq": 0.056462382507124174, "error_max": 0.3424945174928255, "target": "344.xyz", "model": "24.xyz", "model_rescale": 3.7841303162186577, "target_rescale": 3.831262225132075},
{"mapping": [9, 5, 4, 13, 10, 6, 11, 8, 7, 15], "R": [[-0.5988817004264101, 0.03386521322798007, -0.8001211509686488], [-0.5092379147719829, 0.7549924306851538, 0.4131139985122825], [0.6180756062595048, 0.6548584403832227, -0.4349057001302682]], "T": [0.06497831477025909, 0.017487870999303348, 0.05754459810973481], "aligned_model": [[0.34159039801937696, -0.2449597798219291, -0.07083084191330055, -0.5802765632903986, 0.2738372118215492, -0.39425897328445214, -0.5430049086804872, 0.6016467797754995, 0.0405720680572729, 0.012036241467149197], [0.4924982967988751, 0.0224295527676136, -0.5215588057394082, 0.45871511474353366, 0.4608904551082354, -0.5333684774604792, 0.0692269495048432, -0.15766733636036184, -0.1976536610298208, -0.02726781031542454], [-0.14243429904798083, -0.762975177852763, -0.44013893197359677, 0.026485638245694193, 0.6617194195027143, 0.14520786786815615, 0.5234920596550504, -0.11785607361809713, 0.6706710258697893, 0.05886196781647424]], "inverted": false, "swapped": false, "error_lsq": 0.04690554296989295, "error_max": 0.2387665377504698, "target": "344.xyz", "model": "25.xyz", "model_rescale": 4.19342608120988, "target_rescale": 3.831262225132075},
{"mapping": [1, 9, 5, 10, 2, 3, 6, 0, 4, 11], "R": [[0.047820952916060006, 0.9962415858768326, -0.07222090439625961], [-0.9619363569602383, 0.06540893430047648, 0.26533020271303676], [0.26905687432263314, 0.056783570540162795, 0.9614489193381234]], "T": [-0.12282047953876979, 0.0601453276824449, -0.020035525192903025], "aligned_model": [[0.1578843231221101, -0.04232715871528481, 0.05660155953347648, -0.6326777169622144, 0.4258254781718271, -0.5052512884808288, -0.5584340349994648, 0.5592925287544162, 0.11585835807014214, -0.14042041634389904], [0.48462273960906316, 0.10342869073445637, -0.4978950902390205, 0.4285598672411879, 0.4130648834218899, -0.4551702801060789, 0.05991051849196329, -0.13435577818788957, -0.35079172474581494, 0.014870451797849828], [-0.2087707999350768, -0.7559695446659314, -0.288658878195191, -0.05943251845307647, 0.504522195186367, 0.11857727934036516, 0.6773429503589641, -0.04841196469616327, 0.5870006208115794, 0.09683415671360418]], "inverted": true, "swapped": false, "error_lsq": 0.036689839364718306, "error_max": 0.21223325015560016, "target": "344.xyz", "model": "26.xyz", "model_rescale": 3.795458400668931, "target_rescale": 3.831262225132075},
{"mapping": [9, 2, 3, 1, 11, 7, 5, 4, 10, 12], "R": [[-0.14335101734600325, -0.9254567775176954, 0.350685384315384], [-0.6687613948833737, -0.17061901876399105, -0.7236348161536019], [0.7295263412238863, -0.33825863386257504, -0.5944513555186111]], "T": [-0.13283709676462466, 0.175172769235856, 0.05814536468675528], "aligned_model": [[0.12430935427887777, -0.19744948565455256, 0.020072614702075803, -0.5172290872741859, 0.38536179682291505, -0.38705027349577614, -0.5252139795294577, 0.6297550012809217, 0.12158630389431987, -0.21779061287485751], [0.2911872132492678, 0.23742480102055585, -0.43780868151614305, 0.5680587709895778, 0.43114502703639196, -0.5746203240169173, -0.05091130382717779, -0.14584871457592896, -0.2920805077915504, 0.03969799744953065], [-0.265568462035859, -0.8175171488650215, -0.3238872517493311, -0.16148286166245718, 0.47947979439133076, 0.2408858274094654, 0.6596325562870549, 0.17756764722379553, 0.5320963503524881, 0.10182704511397483]], "inverted": true, "swapped": false, "error_lsq": 0.04943408467691272, "error_max": 0.20944483238562583, "target": "344.xyz", "model": "27.xyz", "model_rescale": 3.6321398670334006, "target_rescale": 3.831262225132075},
{"mapping": [3, 7, 8, 4, 5, 9, 13, 0, 11, 14], "R": [[0.8911044781465618, -0.3240340854803308, -0.3177022512889536], [0.11335583409251546, 0.8368438607846447, -0.5355770789944623], [0.4394124075448187, 0.4412417297966909, 0.7824464658886832]], "T": [-0.09790457734140504, -0.08035673405969164, 0.030268080241650175], "aligned_model": [[0.32254239171410926, -0.20763006430771208, 0.05686863552878943, -0.6045465315003887, 0.4749302703605749, -0.4229472781685223, -0.5965427479772526, 0.5090016754100367, 0.02846613615513277, -0.12379085506448696], [0.3594721935830737, 0.17835824186579724, -0.32021497118872194, 0.552318256305823, 0.494253150334831, -0.6257143014377616, -0.08936411607041596, -0.11604321555744526, -0.3196403376845609, -0.047180622133012856], [-0.288063414560387, -0.6921682579541366, -0.4004788227695664, -0.1414978628640571, 0.3673927449921919, 0.23884547010621832, 0.6766086822219823, 0.1709911047591753, 0.6127624031542306, 0.07864144937978973]], "inverted": true, "swapped": false, "error_lsq": 0.04819601759686094, "error_max": 0.21951885214268738, "target": "344.xyz", "model": "28.xyz", "model_rescale": 4.156811204709835, "target_rescale": 3.831262225132075},
{"mapping": [1, 2, 0, 3, 4, 6, 8, 5, 7, 9], "R": [[-0.5814912196782167, -0.781601186042302, 0.2257599331467095], [0.8135404987118771, -0.557126869400038, 0.1666178512289215], [-0.004451785346356721, 0.2805516661326033, 0.9598286014895837]], "T": [-0.13618473408439985, 0.11651867954481238, 0.08713186367057354], "aligned_model": [[0.2568409299009989, -0.35472475088280486, 0.20320565181338118, -0.6889315735774804, 0.43102170321954075, -0.32035016118337684, -0.5979171447321998, 0.5927630138991411, -0.03665507323399772, -0.04890096307292237], [0.2674848782756517, 0.03006818630253802, -0.3470712398147749, 0.5709462280600084, 0.4744425912849686, -0.5529564928600748, 0.08433204590168478, -0.21307382110800105, -0.2966264362801604, 0.04869833825576614], [-0.4205639750143755, -0.543160405228829, -0.4433602002528776, -0.039376341746554994, 0.588289383670681, -0.11913594238337213, 0.6392901457176599, 0.011268655879417291, 0.7275440870537881, 0.22223808876990442]], "inverted": false, "swapped": false, "error_lsq": 0.05960763817410042, "error_max": 0.2680642336526273, "target": "344.xyz", "model": "29.xyz", "model_rescale": 4.117894457231895, "target_rescale": 3.831262225132075},
{"mapping": [12, 4, 7, 0, 11, 8, 5, 10, 6, 14], "R": [[0.3447481947755509, 0.6703387802038745, 0.6571107988412461], [-0.17581927525047153, 0.7337489398684434, -0.6562774380491339], [-0.9220825693230503, 0.11071771762783605, 0.37081710094585046]], "T": [-0.056720370803264565, 0.08912759573433778, 0.07045465983212451], "aligned_model": [[0.3957226879888393, -0.16414087643202352, 0.12511244781933373, -0.7650830086618313, 0.4171727597255516, -0.5170101454743526, -0.5808807243225984, 0.5367302325236817, 0.007060859130019435, -0.018332600146339674], [0.566060132480703, 0.1167177152372303, -0.422235656940194, 0.38865308158741835, 0.5546204056087263, -0.44359982656914226, -0.03995455941232405, -0.30257478135712507, -0.4029502091020539, 0.051507976484367744], [-0.3240178446658625, -0.6958531845965932, -0.29347955227218553, 0.017640761725938398, 0.360705198335855, 0.14871386706216377, 0.7064935678803151, 0.1637637906014873, 0.47737090666329174, 0.061695985731030856]], "inverted": false, "swapped": false, "error_lsq": 0.04894862468209916, "error_max": 0.22434410893158474, "target": "344.xyz", "model": "30.xyz", "model_rescale": 4.100398675895297, "target_rescale": 3.831262225132075},
{"mapping": [1, 6, 9, 3, 2, 7, 4, 8, 10, 11], "R": [[0.25971819484703607, 0.608935683015611, -0.7494956925931653], [-0.20101366853781133, 0.793218413221728, 0.5748026217641801], [0.9445316110784054, 0.0013721794035033152, 0.32841764994792333]], "T": [-0.07010677310533271, 0.061938808014958546, 0.16588713063771793], "aligned_model": [[0.2553260808331399, -0.267190150449587, 0.14502801102763474, -0.7381160623119756, 0.40776589742561553, -0.4934343498730212, -0.5577357261768627, 0.6135793329656974, 0.12443217090489035, -0.053303572195251336], [0.4613125320709167, 0.026816361300764452, -0.5059665044073689, 0.5155003892355153, 0.46447112995539513, -0.38261091535681174, 0.08877917525483608, -0.14842253431700375, -0.463644663103161, 0.01000930738452406], [-0.18780220226637862, -0.6427227623194276, -0.29817354332950796, -0.06287028276803017, 0.4594378955742163, -0.044203290199947676, 0.5744976028239992, 0.0047677264189799895, 0.6116118954017686, 0.20849045712976882]], "inverted": true, "swapped": false, "error_lsq": 0.04334810621523227, "error_max": 0.1882561190609221, "target": "344.xyz", "model": "31.xyz", "model_rescale": 3.8381024199148657, "target_rescale": 3.831262225132075},
{"mapping": [12, 3, 4, 0, 11, 5, 1, 14, 10, 15], "R": [[0.11034362068576659, 0.72237525978129, 0.6826406590805072], [-0.7260515589815155, -0.410452539809358, 0.5517044917929872], [0.678729267878192, -0.5565093859226105, 0.4791908641716495]], "T": [-0.0723102521648368, 0.22054167111129977, 0.07173680947296429], "aligned_model": [[0.31823423586901267, -0.297119892604954, -0.08954701860063205, -0.6026309066132712, 0.3814351181500669, -0.28878855820856253, -0.735868482367169, 0.6420322452201926, 0.11853170220169562, -0.009926810896098773], [0.342438844345463, 0.08921645679572346, -0.5133635384800947, 0.4724597751687273, 0.42556374824286536, -0.5181162938996686, 0.10281331158039611, -0.06982602308697874, -0.33449709958530316, 0.06955509693647646], [-0.39282661096459287, -0.5678235897513093, -0.4913081107525394, -0.02624509445403503, 0.7011376357387353, 0.19213153128227559, 0.537774808411339, 0.10075118943775965, 0.5062436897120506, 0.06319804780575727]], "inverted": false, "swapped": false, "error_lsq": 0.04945966503813053, "error_max": 0.25121318116259367, "target": "344.xyz", "model": "32.xyz", "model_rescale": 4.180218895210482, "target_rescale": 3.831262225132075},
