[{"mapping": [1, 10, 0, 11, 9, 4, 12, 7, 8, 6, 13, 5, 2, 14], "R": [[0.07089212898272829, 0.9041638696658347, 0.42126239191173914], [-0.010186855462840372, 0.422959198876979, -0.906091465615433], [-0.9974319696220266, 0.05994341395222333, 0.039195064736226526]], "T": [0.03804533434690773, 0.08298885662708613, -0.04972952744683934], "aligned_model": [[0.12555981462984292, 0.1873855342387469, -0.35982967402248417, -0.43302923769429486, -0.6951068611926832, 0.026273544212900145, -0.6886928299249863, 0.00709901464581645, -0.3714249841849931, 0.17951664148995283, 0.5380517073446939, 0.2546363871530775, 0.7101872082374517, -0.10913416380473767], [-0.5608895331995062, -0.5119189272984314, -0.3638609878346365, -0.47628863738510807, 0.21818459980670696, 0.32950428828461753, 0.4155682980495693, 0.46593668679598854, 0.6033118911376795, -0.03537720706281393, 0.5121177775902386, 0.645789569646414, -0.09361534782236597, 0.08681086110168207], [0.23118029731000989, -0.4758646784714724, 0.47719279368072653, -0.07031799804291197, 0.49922235138330306, -0.7119119119012165, -0.18011000597537308, 0.5832407335090631, 0.27340183734732476, 0.6203624047661195, 0.4527875684611522, -0.012066502625729697, 0.13432906691207652, 0.07614213082676141]], "inverted": true, "swapped": true, "error_lsq": 0.04405569962114254, "error_max": 0.24552038414315158, "target": "345.xyz", "model": "0.xyz", "model_rescale": 3.8414455957264533, "target_rescale": 4.2441701935739},
{"mapping": [9, 8, 10, 11, 1, 3, 6, 2, 4, 7, 12, 13, 0, 5, 14], "R": [[0.4873916701296308, -0.5895242523151801, 0.6441354793989205], [-0.3659183295778121, 0.5318913702193253, 0.7636722768080508], [-0.7928134307434713, -0.6079084850686298, 0.0435216936059553]], "T": [0.19481392319703622, 0.12299880204220942, 0.033224684031137784], "aligned_model": [[0.6806908230801341, 0.2429781314763623, 0.038641907086817584, -0.6046388193622372, -0.5573097463895775, -0.1178576222367031, 0.7785638788306741, 0.795227399902994, 0.23958841621782545, 0.5294380343226328, -0.3143005063063326, 0.011839686870215332, -0.07741402813368131, 0.35274897291197416, 0.11932051042054305], [0.5562783265314754, 0.2633394396172607, -0.4095978656095634, 0.3716285020194775, -0.09503172027386264, -0.4342874106062456, -0.2912211971987193, -0.1466665266688179, 0.03788711275424321, 0.5507310059650038, 0.08728713403364691, 0.790415873907061, 0.5964327793866657, -0.5135893904890472, 0.07525982123856834], [-0.17098641217028565, -0.742846905441396, -0.36719058965442797, -0.12591043727664758, 0.40101615776984334, 0.4860441446421786, -0.27932124109061673, 0.3669745830565434, 0.5685455971005514, 0.3767750706062005, -0.5340642355738361, -0.27648789508584615, 0.5099526789268186, 0.09752692492382706, 0.04248391761583942]], "inverted": false, "swapped": false, "error_lsq": 0.041872298401978404, "error_max": 0.22842198113646664, "target": "345.xyz", "model": "1.xyz", "model_rescale": 4.316132596720782, "target_rescale": 4.2441701935739},
{"mapping": [12, 4, 3, 6, 11, 8, 1, 13, 10, 5, 2, 14], "R": [[-0.8303303361175788, -0.5210517675023539, -0.19762739816518748], [0.536318827267133, -0.6508431694707452, -0.5373688530907632], [0.15137254850756743, -0.5521849548257793, 0.8198647005588033]], "T": [0.009713928454428679, 0.00853877377393718, -0.016894238849878573], "aligned_model": [[-0.32211981049315364, 0.5332012674138253, 0.18879995041138403, -0.4362691762229182, -0.2812917765120412, -0.4793119305191961, -0.17947420549939705, -0.06616161033653192, 0.41806127322460707, 0.1313021359057461, 0.27082849065841647, -0.17975605339895992], [-0.7021508247139173, -0.4454379908722583, -0.6079202167452306, 0.5415557086935018, -0.2543508594633309, -0.22454845036167026, 0.37641130177537585, 0.6074908877862836, -0.00636116948244232, 0.08317347303398455, 0.6766000860866109, -0.03168551799592633], [0.18450878432689133, 0.12188633068536008, -0.5015807716995196, -0.010579903856611266, -0.6344144193032707, 0.48244526100421187, -0.5913732618809212, 0.5507154010070615, -0.6420657123895733, 0.5702350481428263, -0.06541823517936347, -0.015100059647671058]], "inverted": false, "swapped": true, "error_lsq": 0.05242563653621513, "error_max": 0.33882354792258895, "target": "345.xyz", "model": "2.xyz", "model_rescale": 3.795458400668931, "target_rescale": 4.2441701935739},
{"mapping": [5, 4, 12, 11, 7, 0, 3, 2, 10, 1, 8, 14], "R": [[-0.2724844892728011, 0.432230637779467, 0.8596097247416971], [-0.9476451720687756, -0.2751614848376598, -0.16203328397793876], [0.16649573856553135, -0.8587565621447615, 0.4845785137754549]], "T": [0.09832681756197588, -0.061076057104586974, -0.05603884380482676], "aligned_model": [[-0.06420438027713128, -0.27600342588938437, -0.6753402196520656, 0.0777339372229562, 0.0581816878188325, 0.24616913566077442, -0.21378497367444033, 0.7571905207136481, 0.4196238784103695, 0.6376269663057115, -0.4036881443306181, 0.029798843434912695], [-0.08699597182132393, -0.6574454585274486, 0.1112326721853738, 0.07851434564134163, 0.5499968324918828, 0.5599015595926176, -0.4429076648945569, -0.15664354356570312, -0.5353587984676321, 0.13858800184560077, 0.4151592946482935, 0.11172777616126425], [-0.6374049917008721, -0.11615830200369806, 0.10980907082308933, 0.6617472702949235, -0.47225556469290336, 0.4216178182685758, 0.5794179827709894, -0.3273445496505855, 0.4231615459623665, 0.35680266079266626, -0.3090146305739469, -0.0016068796515039466]], "inverted": true, "swapped": true, "error_lsq": 0.04855615629198878, "error_max": 0.22953412149234032, "target": "345.xyz", "model": "3.xyz", "model_rescale": 3.7530521520055578, "target_rescale": 4.2441701935739},
{"mapping": [12, 3, 11, 1, 9, 2, 8, 5, 13, 6, 14], "R": [[-0.6311598725373839, -0.49942935395999777, 0.5934707538722463], [0.08773141358872882, 0.7142486587612278, 0.694371696231572], [-0.7706752976243085, 0.49032557944786687, -0.40698944921311775]], "T": [-0.18956661120801416, 0.07130237801029257, -0.11137451298837495], "aligned_model": [[-0.3387337386696334, -0.19071874908797987, 0.32892693694145364, 0.4419568031729619, 0.23254358676254794, -0.10933716214178951, -0.27381080845979794, -0.6373610750316954, -0.31836931717556166, 0.2808562001661595, -0.07775307403146056], [-0.7219178510593451, -0.2208080461644837, -0.18986127017398333, 0.36021965551314694, -0.6751139392389847, 0.7608630844791348, -0.49174665907484694, 0.09064484903019729, 0.39405447142617145, 0.23203528984963367, -0.07116622627229405], [-0.17700491544838542, -0.8608307812554582, -0.5564412970200554, -0.24868248303648852, 0.2376582335882679, 0.075469211606317, 0.3562734079752141, 0.2938178082038342, 0.6409036168654098, 0.37433647410741333, -0.042668498340752176]], "inverted": true, "swapped": true, "error_lsq": 0.05650034074512704, "error_max": 0.305796405583523, "target": "345.xyz", "model": "4.xyz", "model_rescale": 3.7855080009869324, "target_rescale": 4.2441701935739},
{"mapping": [6, 7, 10, 0, 2, 14, 8, 13, 12, 11, 5, 4, 1, 15, 16], "R": [[0.00520940001093706, 0.4860454980455631, 0.873917980122372], [-0.9513236979954354, -0.2668958314886518, 0.15410982047316366], [0.30814945040323477, -0.8321817042951746, 0.46099623344726226]], "T": [0.1118847688200586, 0.029218593138953836, 0.02435151738184319], "aligned_model": [[0.5830164279379412, 0.2554314201648434, 0.06732544397832341, -0.5106922267959931, -0.503246215455476, 0.025179468481911244, 0.675987486905663, 0.761023061500987, 0.22645334109739612, 0.5484388560426761, -0.3898932105860411, 0.03026237229079219, -0.17948242999188357, 0.43568478660531673, 0.09202845651518551], [0.4459518891518307, 0.2521992164087392, -0.42814143501208535, 0.4902234748784642, -0.09735838412171324, -0.3890367874685454, -0.2817349114383617, -0.033187497307684874, 0.1686287258420814, 0.5438333403384552, 0.16666972212596584, 0.7017956488524808, 0.6347057331519266, -0.7280888488650162, -0.0075940019293904495], [-0.1501345503658072, -0.6763934236700527, -0.5411575853686021, -0.06700638792768174, 0.4134245549859107, 0.5489866534707414, -0.2592078510106303, 0.3399344632548002, 0.6804796452320228, 0.4450989703680263, -0.5956721040573976, -0.27226047222392136, 0.3730554286371696, 0.055288444403214565, 0.05807557262095428]], "inverted": false, "swapped": false, "error_lsq": 0.03925052653953423, "error_max": 0.2836810352894247, "target": "345.xyz", "model": "5.xyz", "model_rescale": 4.2253639853439635, "target_rescale": 4.2441701935739},
{"mapping": [7, 8, 11, 0, 9, 3, 1, 6, 4, 5, 12, 10, 2, 14], "R": [[0.536792531012217, -0.7942968261692197, -0.2845106862439483], [-0.7348754051889125, -0.6058280570586733, 0.3048450493758178], [-0.41450201145221216, 0.04544136021310749, -0.9089131780781116]], "T": [0.08678855446891166, 0.1335975840864159, 0.08822784998219836], "aligned_model": [[0.4701556944765656, -0.005264350140513435, -0.34906472666369076, 0.04421444161067026, -0.1622321674953356, -0.6381618704564159, 0.26986038606341245, 0.5882169487662107, -0.29546672754511466, 0.3295016720000989, -0.5442383310595135, -0.09669600327845444, 0.7190785253636474, 0.04415866111621671], [-0.12849119547724344, -0.015267873696054701, -0.36750373685704363, -0.6619505827697488, -0.5300683147539904, 0.16013171309674817, -0.3622209352712772, -0.3366867240598592, 0.7266980304346603, 0.504474129930025, 0.05796579742406044, 0.19366177401934867, 0.22733539989500812, -0.02297833527964316], [-0.4884845342942965, -0.6274405223431764, 0.3949130898104494, 0.11850981506045834, -0.5073176569426013, 0.4357294280740604, 0.5591813456995365, -0.013997823402287904, 0.1270441259992635, -0.3224006445123139, -0.4136101876694511, 0.8097087185945583, 0.41726268767733427, -0.017539632820085388]], "inverted": false, "swapped": true, "error_lsq": 0.05265754045543697, "error_max": 0.3239822833777086, "target": "345.xyz", "model": "6.xyz", "model_rescale": 3.89814844738969, "target_rescale": 4.2441701935739},
{"mapping": [12, 9, 7, 3, 5, 0, 11, 4, 10, 1, 6, 2, 14], "R": [[-0.08499656364066052, 0.6713698039289375, -0.736232416117152], [-0.9419570505736812, 0.18672241319924007, 0.27901909483686604], [0.3247960884059581, 0.7172149794737087, 0.6165307568765056]], "T": [0.052666694953415846, -0.00045124343899864694, 0.08970058788244618], "aligned_model": [[0.14534222774568678, 0.020911373514993545, 0.46907226406004293, -0.45544151802157834, 0.6550275961583513, -0.43775171275523644, -0.6187163720789057, 0.22022690801844125, -0.5111821715702034, -0.5077871683187513, 0.04557913016175215, 0.09774974616226322, 0.025601497827366447], [-0.3400433012526867, 0.3442591065502753, 0.5385624925740911, -0.600204014854895, -0.009107961093450231, 0.4922959553322889, -0.03183534317872248, -0.680324177894501, -0.2797468730970291, 0.39466181222205904, 0.6944609046287374, 0.35315426173426406, 0.0876484038000543], [-0.6395764468163274, -0.7689638228393276, -0.20069338759723465, -0.0809955821518993, 0.13618968454449665, -0.3005767772906196, -0.19906621845035866, 0.18504371224078864, 0.49204042010347504, 0.2655574477977936, 0.07996784477945042, 0.714017794940331, -0.08066963842427292]], "inverted": true, "swapped": true, "error_lsq": 0.04308439186443192, "error_max": 0.28669969839769954, "target": "345.xyz", "model": "7.xyz", "model_rescale": 3.7474275329858107, "target_rescale": 4.2441701935739},
{"mapping": [8, 2, 0, 13, 12, 10, 3, 5, 7, 9, 1, 4, 11, 6, 14], "R": [[-0.27077876829602543, -0.9499781376540504, 0.15562903527115096], [0.8465342785579535, -0.1580150363592252, 0.5083413848102061], [-0.45832147436755855, 0.2693933671487376, 0.8469761743224025]], "T": [0.07153344460236594, 0.08977174071599497, 0.024498579471779327], "aligned_model": [[0.5555048441534614, 0.16480058228147498, 0.0657912311661968, -0.5319982209968632, -0.5253014060144281, -0.13285217567497176, 0.6251269586417165, 0.7649882996572994, 0.3809032258029486, 0.4542209795042222, -0.28614327881294394, 0.08937637119032915, -0.09111429712008076, 0.537324185530293, 0.0468897393829876], [0.5177342394855082, 0.2943321039241498, -0.5323771259696484, 0.7529003203009546, 0.1125565048075593, -0.43604627428770254, -0.19472356054968532, 0.04624695547935716, -0.0758232444984801, 0.5077325749529126, -0.17525957482645638, 0.7783794761260368, 0.2780818549022116, -0.5581717206974204, 0.1233033554578496], [-0.1942023577004988, -0.786701639144525, -0.19255222631706018, -0.03970301123454689, 0.17913245161458094, 0.5314554740986118, -0.3314946532671664, 0.19841643678589493, 0.6082333405368872, 0.5336149038644655, -0.5809992185081785, -0.346617120209272, 0.5942046164747491, 0.19812563633550398, -0.018401274980698924]], "inverted": false, "swapped": false, "error_lsq": 0.05504862355849085, "error_max": 0.35348733133441884, "target": "345.xyz", "model": "8.xyz", "model_rescale": 4.019505241142653, "target_rescale": 4.2441701935739},
{"mapping": [2, 4, 5, 13, 2, 6, 8, 10, 1, 11, 12, 0, 14], "R": [[-0.9818097354545057, 0.12603687149079193, 0.14200123376776413], [-0.1886810610065576, -0.5641915154149677, -0.803795615284882], [-0.02119199339829274, -0.8159673038538835, 0.5777094931340758]], "T": [-0.10256831504051649, -0.04539319885826819, -0.016785821941983234], "aligned_model": [[0.1616557998551878, -0.7770618510892139, -0.07941022706340284, 0.42017636061159463, 0.1616557998551878, 0.5849108575362925, 0.14144731074804406, -0.47103038504897765, 0.22740740845012886, -0.13552258842102538, -0.3294032828489058, 0.4081099290688864, 0.006765640087379454], [-0.6890547786363905, 0.004579650018587525, 0.049185313390043686, -0.20374489369647952, -0.6890547786363905, -0.14321017878676362, 0.6031107493202565, -0.518959781912159, -0.40285747060343, 0.08325018908553604, 0.7286098559841768, 0.14268812310238055, 0.09883622948469066], [-0.19769103924875192, -0.22161533049384746, -0.6131023806182995, -0.639958494918292, -0.19769103924875192, 0.012404572126518937, -0.26721522213802684, 0.42793805643361477, 0.49749407375911, 0.7025828925974731, 0.05547538425769567, 0.5658457817371709, 0.052236239798265305]], "inverted": true, "swapped": true, "error_lsq": 0.0603944386145873, "error_max": 0.4443671411971927, "target": "345.xyz", "model": "9.xyz", "model_rescale": 3.877068213659057, "target_rescale": 4.2441701935739},
{"mapping": [8, 11, 12, 14, 13, 3, 0, 1, 4, 7, 10, 9, 2, 5, 15], "R": [[0.2547154943789772, 0.1514932712138261, 0.9550758114936255], [0.8906959907142431, -0.42132771693771, -0.17071498781779482], [0.3765377392092937, 0.8941659486454352, -0.24225314700569495]], "T": [0.04404707742955383, 0.05907190454531582, 0.034216151720933424], "aligned_model": [[0.5668725524486404, 0.2561146938819838, 0.1439257996461527, -0.587222079092713, -0.6321758230949792, -0.060587117798688195, 0.6755480041414071, 0.8580106594664182, 0.18463767137394213, 0.5722819168887091, -0.3425152365634149, -0.055633227947124414, -0.09234544004716327, 0.5180303301639914, 0.11257433522447992], [0.5810518040360829, 0.1037281174128562, -0.5409206249992896, 0.49537573326404616, 0.12394890034881484, -0.46430916890355284, -0.18680832946348205, -0.08637495920270297, 0.018422283482465593, 0.46257339149712073, 0.1760311622520393, 0.6700948328766795, 0.6007835700921773, -0.5426433063213103, 0.02791247823520184], [-0.18830001175213404, -0.6712542055359948, -0.39963684302795055, -0.10951890909454062, 0.40320403795213666, 0.3775604102613568, -0.38353440270076844, 0.29730379329122203, 0.6950282074120971, 0.5079682744877355, -0.5489655428623, -0.19460718990537548, 0.39240731651469773, 0.19001770300186127, -0.015161279693296115]], "inverted": true, "swapped": false, "error_lsq": 0.04087797695425395, "error_max": 0.23960149854536508, "target": "345.xyz", "model": "10.xyz", "model_rescale": 4.260839863003843, "target_rescale": 4.2441701935739},
{"mapping": [10, 2, 6, 1, 9, 11, 3, 4, 5, 8, 12, 14], "R": [[0.8743887404434612, 0.45846160627858923, -0.15892541066221422], [0.39011262645968914, -0.8589823747094958, -0.33160431030847354], [-0.28854197140523713, 0.2279522658516277, -0.9299361780416375]], "T": [0.09573838103780662, -0.0996200477601996, -0.027059212167241393], "aligned_model": [[0.3237697318624558, 0.15630515670230627, -0.45543816829507666, -0.31928123415634085, -0.6271512248772421, -0.26368218209700056, 0.29900669720228806, 0.7354665013747027, 0.33756263901615724, -0.1757262288208668, 0.018453326611404516, -0.07038636542865719], [0.0007104579394263261, -0.7686379048642441, -0.5213880714167637, -0.26178720982321824, 0.2938922537511668, 0.36573510864234043, 0.5767112928455277, 0.19473306138421653, -0.346796806369554, 0.08293284474998637, 0.5831460844716058, -0.026172605777555744], [-0.7311504181092234, -0.2831609153736318, 0.00987314602217728, -0.5771583171859003, 0.3968710678184761, -0.46224640184459487, -0.4121208107929687, 0.032085716247456424, 0.46841985744722514, 0.6330902314779913, 0.4014427627255606, 0.04023215896293723]], "inverted": true, "swapped": true, "error_lsq": 0.04119515023244776, "error_max": 0.20845484281750454, "target": "345.xyz", "model": "11.xyz", "model_rescale": 3.890672605050136, "target_rescale": 4.2441701935739},
{"mapping": [3, 4, 12, 10, 11, 6, 5, 1, 2, 7, 9, 8, 0, 14], "R": [[-0.5763654103346129, 0.7249930448813403, -0.3770782394192168], [0.18845024266718902, 0.5669126105308092, 0.8019330383890044], [0.7951662843760988, 0.3911459790088936, -0.46337393463236926]], "T": [0.050582982550737315, -0.12327551872147063, -0.04911821530834776], "aligned_model": [[0.8246714303140298, 0.294352455023497, 0.24295882167480576, 0.6288905701274101, 0.6435958816522179, -0.34091085894061246, -0.4390457589119402, 0.26235955946358475, -0.2513419157149912, -0.567867051266928, -0.035013649936374236, -0.2981949486586558, 0.2062252484112567, 0.039196051556393816], [0.01745296299696608, -0.0737713502163247, 0.6510303574326612, -0.595263308945728, 0.007744994830029578, -0.22120562805411056, -0.030667341485017874, -0.4791457772393759, -0.767609636547463, 0.16819741848669495, 0.6433500366957674, 0.5243261610061645, 0.06656668244584055, 0.02114694842166065], [-0.2164415395961608, -0.7105709535753455, -0.18767672324631274, -0.07354757567989184, 0.3586755798649059, 0.5167352278688966, -0.3908231336399992, 0.5250381530820734, 0.053430359700402955, 0.23517239152710373, 0.462835562251339, -0.0069056575807145415, 0.709407896316443, 0.07946084806412113]], "inverted": false, "swapped": true, "error_lsq": 0.06003110459468946, "error_max": 0.49428124197446266, "target": "345.xyz", "model": "12.xyz", "model_rescale": 4.124412569039231, "target_rescale": 4.2441701935739},
{"mapping": [10, 2, 5, 1, 4, 3, 6, 11, 7, 0, 12, 8, 14], "R": [[0.45610803232857755, -0.06535162828133545, -0.8875216208782362], [-0.6265470319982704, 0.6846562170411439, -0.3724039220538211], [0.6319843981772901, 0.7259304575149663, 0.2713313312402386]], "T": [0.14893654496438796, 0.13996670883897455, 0.12807734857632383], "aligned_model": [[-0.15973895405414656, -0.34752359821030304, 0.4779902299246162, -0.5217954420779793, 0.6708152281815158, 0.34854743334448857, -0.32989158663358664, -0.08387165479912603, 0.14446784375729826, -0.2966898176762229, 0.7611675729044833, 0.555104656851647, 0.14871639599707304], [-0.452036476520014, 0.428782282221464, 0.6114552694843761, -0.048325055122117766, -0.14014282001020706, -0.6381665013090985, 0.5605789464200225, -0.42447725996113594, 0.7819023682937051, 0.033951519287168344, -0.03789706247037508, 0.5089654574105831, 0.16289470878410678], [0.46283188319558954, 0.5604593563361343, 0.31381113592813215, 0.0023263725466370067, 0.5135319311426605, 0.08710509109828697, -0.1491532763238785, -0.2748243777315923, -0.2409168335168875, -0.524459518418074, -0.37121631324057935, -0.3635355777724383, -0.06426179227615156]], "inverted": true, "swapped": true, "error_lsq": 0.05107432316167418, "error_max": 0.29243389640424705, "target": "345.xyz", "model": "13.xyz", "model_rescale": 3.9028299243045295, "target_rescale": 4.2441701935739},
{"mapping": [1, 12, 8, 14, 10, 4, 2, 3, 3, 6, 13, 11, 9, 0, 15], "R": [[0.3683360580093624, 0.04068065996388054, 0.9288022568205929], [0.4341066330689012, -0.8909700954273162, -0.13313046300460862], [0.8221192002962259, 0.45223597043926334, -0.34583615708186416]], "T": [0.14251810440246476, 0.05657505283250998, 0.008224615149086104], "aligned_model": [[0.5417192833935361, 0.03696357336116013, 0.33427384432923546, -0.5395034778389003, -0.5430744898071076, -0.09163935244661359, 0.8321706649398137, 0.46186267416449756, 0.46186267416449756, 0.5128024747279103, -0.5112910175977661, 0.05737037504529843, -0.05156506006342487, 0.5065330998101643, 0.10903177250934071], [0.5375485368971588, 0.17936638119257564, -0.47840609164239256, 0.6060991775277649, 0.027835430074155648, -0.45056541535862016, -0.08986451596146401, -0.12883384706809292, -0.12883384706809292, 0.4633186975529421, 0.008495992108893888, 0.7327669465538429, 0.6994724015721238, -0.6710995571302955, 0.1315655953566473], [-0.1692625169525334, -0.6685477392043603, -0.5147783206161769, -0.11795165249999069, 0.2988952722468922, 0.39207628546922674, -0.20410665431327454, 0.5105512328385148, 0.5105512328385148, 0.3848641707210735, -0.4421900690081424, -0.27703154234589666, 0.3953424017698301, 0.16696703033337187, 0.08713222707169764]], "inverted": true, "swapped": false, "error_lsq": 0.046702935567090445, "error_max": 0.3050453232075151, "target": "345.xyz", "model": "14.xyz", "model_rescale": 3.942246331269136, "target_rescale": 4.2441701935739},
{"mapping": [8, 7, 9, 1, 3, 4, 6, 11, 13, 13, 2, 0, 12, 10, 14], "R": [[-0.15442520990697975, 0.5867187851050931, 0.7949301363956389], [-0.9464398169619147, -0.3187608743097582, 0.05141184570092955], [0.28355692094230905, -0.744414247723727, 0.604518734508398]], "T": [0.10055128974802971, 0.00845625463452665, 0.010123110296300536], "aligned_model": [[0.6516177637132377, 0.3332708183717305, 0.1105336111995249, -0.5829540464231731, -0.4794776451528959, 0.11403081810893925, 0.5600445758286624, 0.7657306782113253, 0.3762421997886852, 0.3762421997886852, -0.27341355147645197, -0.004513224775002961, -0.1464922190614437, 0.2592326579017036, 0.05742240266811524], [0.5015109478792591, 0.13433188508585636, -0.5334671764036223, 0.43498223016874166, -0.03140754383187047, -0.29077789577484076, -0.11466416737194976, -0.07778489751605804, 0.31447666825606735, 0.31447666825606735, 0.17813494740665153, 0.5849265800318091, 0.6161529474036986, -0.6798789629824422, 0.08785365399977868], [-0.21805168460595642, -0.802881474429199, -0.5851765237390661, 0.0969417914697438, 0.4326455863258899, 0.5140489009307513, -0.28398005369584356, 0.26351977463086895, 0.7110338571629559, 0.7110338571629559, -0.6333109246960812, -0.4341300771910245, 0.4977197597056896, 0.11019991895964816, -0.027101349642586155]], "inverted": false, "swapped": false, "error_lsq": 0.05450380518367872, "error_max": 0.455984782557676, "target": "345.xyz", "model": "15.xyz", "model_rescale": 4.355366556412066, "target_rescale": 4.2441701935739},
{"mapping": [12, 4, 3, 6, 11, 8, 1, 13, 10, 5, 2, 14], "R": [[-0.8303303361175788, -0.5210517675023539, -0.19762739816518748], [0.536318827267133, -0.6508431694707452, -0.5373688530907632], [0.15137254850756743, -0.5521849548257793, 0.8198647005588033]], "T": [0.009713928454428679, 0.00853877377393718, -0.016894238849878573], "aligned_model": [[-0.32211981049315364, 0.5332012674138253, 0.18879995041138403, -0.4362691762229182, -0.2812917765120412, -0.4793119305191961, -0.17947420549939705, -0.06616161033653192, 0.41806127322460707, 0.1313021359057461, 0.27082849065841647, -0.17975605339895992], [-0.7021508247139173, -0.4454379908722583, -0.6079202167452306, 0.5415557086935018, -0.2543508594633309, -0.22454845036167026, 0.37641130177537585, 0.6074908877862836, -0.00636116948244232, 0.08317347303398455, 0.6766000860866109, -0.03168551799592633], [0.18450878432689133, 0.12188633068536008, -0.5015807716995196, -0.010579903856611266, -0.6344144193032707, 0.48244526100421187, -0.5913732618809212, 0.5507154010070615, -0.6420657123895733, 0.5702350481428263, -0.06541823517936347, -0.015100059647671058]], "inverted": false, "swapped": true, "error_lsq": 0.05242563653621513, "error_max": 0.33882354792258895, "target": "345.xyz", "model": "16.xyz", "model_rescale": 3.795458400668931, "target_rescale": 4.2441701935739},
{"mapping": [12, 9, 7, 3, 5, 0, 11, 4, 10, 1, 6, 2, 14], "R": [[-0.08499656364066052, 0.6713698039289375, -0.736232416117152], [-0.9419570505736812, 0.18672241319924007, 0.27901909483686604], [0.3247960884059581, 0.7172149794737087, 0.6165307568765056]], "T": [0.052666694953415846, -0.00045124343899864694, 0.08970058788244618], "aligned_model": [[0.14534222774568678, 0.020911373514993545, 0.46907226406004293, -0.45544151802157834, 0.6550275961583513, -0.43775171275523644, -0.6187163720789057, 0.22022690801844125, -0.5111821715702034, -0.5077871683187513, 0.04557913016175215, 0.09774974616226322, 0.025601497827366447], [-0.3400433012526867, 0.3442591065502753, 0.5385624925740911, -0.600204014854895, -0.009107961093450231, 0.4922959553322889, -0.03183534317872248, -0.680324177894501, -0.2797468730970291, 0.39466181222205904, 0.6944609046287374, 0.35315426173426406, 0.0876484038000543], [-0.6395764468163274, -0.7689638228393276, -0.20069338759723465, -0.0809955821518993, 0.13618968454449665, -0.3005767772906196, -0.19906621845035866, 0.18504371224078864, 0.49204042010347504, 0.2655574477977936, 0.07996784477945042, 0.714017794940331, -0.08066963842427292]], "inverted": true, "swapped": true, "error_lsq": 0.04308439186443192, "error_max": 0.28669969839769954, "target": "345.xyz", "model": "17.xyz", "model_rescale": 3.7474275329858107, "target_rescale": 4.2441701935739},
{"mapping": [6, 2, 1, 5, 9, 12, 0, 10, 8, 11, 4, 4, 3, 14], "R": [[0.6580536490514577, 0.212866540465118, -0.7222556548206965], [-0.7049874920907189, -0.1627623718424865, -0.6902905520922669], [-0.264495805194902, 0.9634294194504445, 0.04296187579331265]], "T": [-0.014880310872107939, 0.0034717347279281663, -0.12329488060064869], "aligned_model": [[0.5319044288560881, 0.28286723834799776, 0.6545951840288671, -0.39067673640331096, 0.20646632357938138, -0.3951896693151896, 0.6429150213176523, 0.14742161524936837, -0.2083115547963692, 0.3532118463382784, -0.6424451122782798, -0.6424451122782798, -0.18275297260286572, 0.057287147839538186], [-0.30728940446505737, 0.3083539412416948, 0.22200738711939255, -0.23325363278460315, -0.7962854132589935, -0.451758922770517, -0.2898512220294069, 0.6957141195769945, -0.7050079244268387, 0.10266130219276465, 0.29999581276472626, 0.29999581276472626, 0.3695000138651777, -0.15437362827882703], [-0.41910193961538306, -0.702289307955881, -0.051230845529522256, -0.5329447031362532, 0.28723205850369266, 0.4279640003270399, 0.2186018615180335, 0.10532598243119992, -0.06450026050215803, 0.5010416042856585, 0.009482506594616996, 0.009482506594616996, 0.5730215659187041, -0.0372903107727106]], "inverted": false, "swapped": true, "error_lsq": 0.051783638649640015, "error_max": 0.4279566143387783, "target": "345.xyz", "model": "18.xyz", "model_rescale": 3.922800546911778, "target_rescale": 4.2441701935739},
{"mapping": [7, 9, 10, 0, 1, 6, 11, 13, 8, 12, 2, 3, 5, 4, 14], "R": [[0.2628203665933393, -0.02014136852507481, 0.9646345319226759], [-0.3801117729920505, 0.9167651746743313, 0.12270556033523095], [-0.8868148030657714, -0.39891846256883157, 0.23328858798736202]], "T": [0.12661461207733968, 0.0803095009178598, 0.10827672704332666], "aligned_model": [[0.6755844636723467, 0.13491630160043872, 0.08644660022449802, -0.4559376456295512, -0.5812730669391427, -0.11516673583353079, 0.6610807141263586, 0.7847848876332006, 0.1748715042849321, 0.49847109288215863, -0.30238460540877554, 0.08785421013948738, -0.16364562006520664, 0.45004838553033943, 0.18186655247408856], [0.4771946787690088, 0.13325045585504564, -0.5437951383811624, 0.6667071237287279, -0.07962123444324298, -0.5325876549522701, -0.18441110042898626, 0.006960329719888858, -0.06053311799447528, 0.726929155502166, 0.021892621834797663, 0.6533624940131084, 0.5912288061085386, -0.5660315382223096, 0.1283200034983114], [-0.31519142606912787, -0.7040480375406325, -0.40111563380686643, -0.015065604210971834, 0.25422266812892236, 0.3124007776640705, -0.2809694697934525, 0.29061030672484933, 0.7017624329150002, 0.35771574675604356, -0.4624036584810769, -0.1732497227465614, 0.5953539092288036, 0.14701939609599846, 0.045469673483748765]], "inverted": false, "swapped": false, "error_lsq": 0.04219761895509656, "error_max": 0.2731384579598541, "target": "345.xyz", "model": "19.xyz", "model_rescale": 3.9282355846067225, "target_rescale": 4.2441701935739},
{"mapping": [2, 5, 4, 13, 6, 5, 8, 12, 0, 11, 10, 1, 3, 14], "R": [[-0.6920316444616179, 0.45886003032153677, 0.5572608685679155], [0.6495842256348806, 0.7325536966319937, 0.2034832065727634], [-0.3148531989198802, 0.5028046878501827, -0.8050185768078889]], "T": [-0.009260694222816487, -0.17944981511321362, 0.0296468728987938], "aligned_model": [[-0.6027169618811528, 0.0037830176391423637, 0.5624521412944894, -0.5508465932346509, -0.6257862804872026, 0.0037830176391423637, 0.15574407318471328, 0.6246698422869924, -0.2957717351633269, 0.11897480672761811, 0.03548590655799329, -0.4651920973002654, 0.5807453938599454, -0.012801712038761709], [-0.5825169258919723, -0.39588873645210365, -0.5940794053404528, -0.3280010566437956, 0.12166687950454641, -0.39588873645210365, 0.2764741383398797, 0.2804294830577955, 0.50367860300283, 0.2488374527119075, -0.4813284653449358, -0.004992259983334607, -0.13750596574755763, 0.011997082664132602], [0.07642157128581573, -0.5343202228434529, 0.004733423063482671, -0.5796959519186226, -0.0811357570525191, -0.5343202228434529, -0.5250806785308755, -0.1762648058414582, 0.3243898559608654, 0.6086564802186822, 0.7113183156558803, 0.5423257313820896, 0.5747597556155316, 0.0003956630917161391]], "inverted": false, "swapped": true, "error_lsq": 0.05566780117189083, "error_max": 0.41417649587220273, "target": "345.xyz", "model": "20.xyz", "model_rescale": 4.067790424073018, "target_rescale": 4.2441701935739},
{"mapping": [7, 1, 10, 4, 6, 11, 9, 12, 3, 0, 5, 8, 2, 12, 14], "R": [[-0.9197544995138957, -0.21289221831885446, 0.3297401461806268], [0.3677886332372447, -0.17412798148809105, 0.913460982923936], [-0.1370517489323773, 0.9614345268618976, 0.23845433246728065]], "T": [0.03358135227209731, 0.11202317778755207, 0.0018015625810092924], "aligned_model": [[0.5871597672669191, 0.27334132871795885, 0.27801574767596215, -0.5229901829366338, -0.5909883082499874, -0.018260570646548388, 0.6804123133480527, 0.6061768988565669, 0.13975358843834995, 0.45530483893118295, -0.35841276604237293, 0.04474934752147891, -0.1323421763090319, 0.6061768988565669, 0.06942031326317792], [0.4778176938638922, 0.09163853245513391, -0.5586126081124595, 0.6883114568382741, 0.02678917623273129, -0.48083448822275504, -0.15568710214007164, -0.3078740173636298, -0.0645312450106761, 0.5902906836688548, 0.24496097981245796, 0.5890424837283308, 0.5571833541250846, -0.3078740173636298, 0.04824500209560857], [-0.3393864613428727, -0.7826757928653864, -0.4004251030784044, 0.02614166037112074, 0.3893642114903857, 0.25451574275310906, -0.3358236931145915, 0.2896114867210404, 0.8272111631483047, 0.3146394169706934, -0.41907166400573154, -0.310441538811065, 0.5745351233274149, 0.2896114867210404, -0.02529467993631108]], "inverted": true, "swapped": false, "error_lsq": 0.051145522997431046, "error_max": 0.4028838923385074, "target": "345.xyz", "model": "21.xyz", "model_rescale": 4.186013935880536, "target_rescale": 4.2441701935739},
{"mapping": [4, 3, 10, 13, 8, 2, 5, 12, 1, 11, 9, 6, 14], "R": [[0.19094981800142075, -0.7364340044219291, -0.6490016364665857], [0.20928347406298717, 0.6765086509510737, -0.7060711526981438], [0.9590300279393505, -0.0010011590485269894, 0.2833026706390328]], "T": [0.06652659108275084, -0.09395251403343621, -0.06667041152757686], "aligned_model": [[-0.18426575321406968, -0.3969812508470735, 0.25733942039934743, 0.5422169894781607, -0.37139612083265644, 0.7851052273774343, 0.12226233739243998, -0.7314695826913227, 0.3974158348924567, -0.2213171624773519, -0.5065454715783331, 0.40424778258777, -0.03803821506357656], [-0.4475025355284147, 0.25140698009876616, 0.3229949076981362, -0.5564782980682967, -0.37657503723896757, -0.11594157334384239, -0.677746802812682, -0.18756864800457027, 0.5270651021588707, 0.5736743929826218, 0.12993856218037966, 0.10008614577782166, -0.024396536353729015], [-0.6247918371268348, -0.6260466942393048, -0.6562077261203694, 0.4297870181706364, 0.45406377083446264, -0.06507838288084306, 0.07876887182276451, 0.03429809618517407, 0.010775850484652433, -0.14758233536115106, 0.6251383720670998, 0.5089520764818658, 0.08080248101719287]], "inverted": false, "swapped": true, "error_lsq": 0.049322011308652075, "error_max": 0.2397745636571344, "target": "345.xyz", "model": "22.xyz", "model_rescale": 4.166573947596378, "target_rescale": 4.2441701935739},
{"mapping": [8, 10, 14, 5, 6, 12, 9, 3, 2, 4, 13, 7, 1, 11, 15], "R": [[0.11048111192504012, -0.9838750390822797, 0.1406550083667476], [-0.953569256682965, -0.144828806180603, -0.2640649344562799], [0.28017779465351067, -0.10495010419787305, -0.9541938372322215]], "T": [0.20400164652713576, 0.07619846073421811, 0.04128152203519258], "aligned_model": [[0.830942616778118, 0.06819793377901245, -0.02299107109385018, -0.4978208855833011, -0.39765924166075933, -0.06267693289178194, 0.6561827617842373, 0.692420095149209, 0.1721459721459269, 0.5736879403621558, -0.4101821690463037, 0.013696028195258503, -0.16128238370537235, 0.5066341387698408, 0.1562222357092518], [0.5361575673362577, 0.18299375816104313, -0.4238164053314595, 0.4979929171674443, -0.04786795822938271, -0.5181488264245562, -0.20432841315327155, -0.005719874723997084, 0.08484057841750307, 0.5744334306785623, 0.11221563655354651, 0.6194743895935597, 0.5049086495169718, -0.5918044539507912, 0.11753488899571585], [-0.18111852359384217, -0.687479995304616, -0.5283123710856941, -0.10223346375249359, 0.49041327472850366, 0.1120995476736589, -0.23672221591422865, 0.38210912857173324, 0.7133825330452628, 0.4349151997606631, -0.5403490674538709, -0.3830116365280318, 0.4781730556657876, 0.3315899925242661, 0.06905590001164795]], "inverted": false, "swapped": false, "error_lsq": 0.05054581301793468, "error_max": 0.3508909696833325, "target": "345.xyz", "model": "23.xyz", "model_rescale": 4.274766983524099, "target_rescale": 4.2441701935739},
{"mapping": [4, 2, 13, 8, 6, 9, 12, 11, 3, 1, 14], "R": [[0.8847575018434259, -0.10076233011525125, 0.45502869773402815], [-0.3332933114992242, 0.5456482964391396, 0.7688845850340259], [-0.3257602361272191, -0.8319344261555776, 0.44918301296412416]], "T": [0.057400528285631636, 0.14230987424283445, -0.09216122766885299], "aligned_model": [[0.5176684939481289, 0.08883712727683526, -0.4975690455585134, -0.5322075817376863, -0.44802605638860976, -0.6030139799617842, -0.10205026275625925, 0.2578637246452672, 0.6505748818509585, 0.12582015674418146, -0.07800275410444354], [-0.2427940758490776, 0.830175719698416, 0.5392946401394348, -0.29557812125327565, 0.5742049492890169, -0.28507848735126684, -0.6398053943496232, 0.01897731320188295, -0.27789571862700524, 0.6205947409350374, 0.07349096540994399], [-0.4653130610804753, -0.2987855939068164, -0.5623668244863218, -0.15074672851844267, 0.11046765736604128, 0.3960293721380153, 0.04432197759159562, 0.6004642404928409, 0.2522019111415425, 0.4252465762195469, 0.028046907064051135]], "inverted": true, "swapped": true, "error_lsq": 0.054643936707672223, "error_max": 0.2742267907439526, "target": "345.xyz", "model": "24.xyz", "model_rescale": 3.7841303162186577, "target_rescale": 4.2441701935739},
{"mapping": [13, 3, 4, 7, 0, 8, 12, 9, 9, 14, 6, 11, 10, 2, 15], "R": [[-0.6146170634372142, 0.13043950285422531, 0.77796619555541], [0.5150864371376014, 0.8133135697266117, 0.270567920447802], [-0.5974377186022888, 0.5670154966080723, -0.5670640166661909]], "T": [0.05332675739722827, 0.0528132771662552, 0.04300076775266498], "aligned_model": [[0.557629301143385, 0.30785481878562415, 0.007166333312874709, -0.4862280603706065, -0.6152959530395252, -0.0981921810886086, 0.8069624038583529, 0.4588441777547093, 0.4588441777547093, 0.6407981976108482, -0.2910509388449617, -0.05163289546260626, -0.05625411141735437, 0.44514434215966325, 0.03292742653513785], [0.555517898608613, 0.08886533468576485, -0.49444054250394004, 0.41483435795782564, -0.05033626626708313, -0.42394477770966826, 0.025891129236894857, -0.011246258694495088, -0.011246258694495088, 0.4616192390641291, 0.09019755800084275, 0.7208957624035864, 0.5974874516694353, -0.5845973558293199, 0.05936861267905615], [-0.2809853511208019, -0.7204896400113268, -0.4620604314728242, 0.0680386547697692, 0.33219584400621505, 0.3579635465534533, -0.03750026803028783, 0.45964534791427347, 0.45964534791427347, 0.38513225528436085, -0.5910598524725874, -0.320422997779173, 0.5875897706680004, 0.1377620105808072, -0.022942878455405408]], "inverted": false, "swapped": false, "error_lsq": 0.0425517285482918, "error_max": 0.2705550647333685, "target": "345.xyz", "model": "25.xyz", "model_rescale": 4.19342608120988, "target_rescale": 4.2441701935739},
{"mapping": [12, 4, 3, 6, 11, 8, 1, 13, 10, 5, 2, 14], "R": [[-0.8303303361175788, -0.5210517675023539, -0.19762739816518748], [0.536318827267133, -0.6508431694707452, -0.5373688530907632], [0.15137254850756743, -0.5521849548257793, 0.8198647005588033]], "T": [0.009713928454428679, 0.00853877377393718, -0.016894238849878573], "aligned_model": [[-0.32211981049315364, 0.5332012674138253, 0.18879995041138403, -0.4362691762229182, -0.2812917765120412, -0.4793119305191961, -0.17947420549939705, -0.06616161033653192, 0.41806127322460707, 0.1313021359057461, 0.27082849065841647, -0.17975605339895992], [-0.7021508247139173, -0.4454379908722583, -0.6079202167452306, 0.5415557086935018, -0.2543508594633309, -0.22454845036167026, 0.37641130177537585, 0.6074908877862836, -0.00636116948244232, 0.08317347303398455, 0.6766000860866109, -0.03168551799592633], [0.18450878432689133, 0.12188633068536008, -0.5015807716995196, -0.010579903856611266, -0.6344144193032707, 0.48244526100421187, -0.5913732618809212, 0.5507154010070615, -0.6420657123895733, 0.5702350481428263, -0.06541823517936347, -0.015100059647671058]], "inverted": false, "swapped": true, "error_lsq": 0.05242563653621513, "error_max": 0.33882354792258895, "target": "345.xyz", "model": "26.xyz", "model_rescale": 3.795458400668931, "target_rescale": 4.2441701935739},
{"mapping": [0, 12, 9, 6, 13, 10, 3, 1, 4, 8, 2, 5, 14], "R": [[-0.26655113565352134, -0.35953751009232965, -0.8942501165325203], [-0.051830788953117435, 0.9318224161680531, -0.3591943123759468], [0.9624261329568704, -0.04939396282279657, -0.26701343606332756]], "T": [-0.1787613402667685, -0.014508697824458572, 0.04432319803286366], "aligned_model": [[-0.07708130787693318, 0.5375161573930177, 0.5538444146416286, -0.2187222518515385, -0.15033346771043327, -0.7687497453927511, -0.20992177759093536, -0.6085986198861755, -0.14592230812225984, 0.5278510949338224, -0.7413720045682435, 0.04499007309853004, -0.04382387424647205], [-0.5605882945225893, -0.2868558751942399, -0.3699033956738695, 0.0601574244404291, 0.6852557951733123, -0.38006726670951535, -0.6159171227697018, -0.3917472600295917, 0.0930190540414976, 0.10886457471283029, 0.33763936418678187, 0.5432054143738274, -0.10118090877225665], [-0.527589980138509, 0.306105693193351, -0.3962691449387087, -0.6455144271560925, -0.39862481915052544, 0.3201665379004415, 0.5775693503197161, -0.3729051267781357, 0.7420002894701617, -0.12388436112545184, -0.23190549826727863, 0.1072922717225191, -0.06430412295206117]], "inverted": true, "swapped": true, "error_lsq": 0.044475016226804845, "error_max": 0.21953793953575726, "target": "345.xyz", "model": "27.xyz", "model_rescale": 3.6321398670334006, "target_rescale": 4.2441701935739},
