[{"mapping": [8, 2, 5, 3, 1, 0, 7, 6, 9, 4, 13, 11, 12, 14], "R": [[0.18687646897954813, 0.44716958129275797, -0.8747094094087446], [0.207514192191812, -0.8882720799280144, -0.40976892519972585], [-0.9602161451364557, -0.10493844665716326, -0.25879118422478375]], "T": [0.055480803857642515, 0.13622745315590892, 0.09263250745573037], "aligned_model": [[-0.09407143844740457, 0.2974476552926812, -0.3711510432379151, -0.3449415365108769, -0.6568205840697482, -0.21980151513873328, -0.7266770343558364, -0.059381525197727845, -0.3235456410510729, 0.32956296966566934, 0.5925846857702314, 0.25422908693961077, 0.7003052486419475, -0.006247227172521158], [-0.6942948453850778, -0.34454492207179777, -0.3190386544161794, -0.25363527297753474, 0.1265582146688214, 0.23449803323225873, 0.2218072960368668, 0.561208155028999, 0.7010720630186268, -0.23301189238495365, 0.46216088219101437, 0.6767996551962812, -0.008169073796035209, 0.103863693468745], [0.1590693046149006, -0.31294985295922323, 0.6635893520483248, -0.20780994580010514, 0.4433101863725962, -0.5753275015467249, -0.201467647866088, 0.5270261756755463, 0.02266757412974367, 0.7283137799824307, 0.5634220287145401, 0.0005296870022098166, 0.02691229936566722, 0.06030264744601534]], "inverted": true, "swapped": true, "error_lsq": 0.04890422421281243, "error_max": 0.35294815441787847, "target": "346.xyz", "model": "0.xyz", "model_rescale": 3.8414455957264533, "target_rescale": 4.021975074014438},
{"mapping": [1, 5, 0, 4, 9, 2, 10, 3, 7, 10, 11, 12, 13, 8, 14], "R": [[0.7115077514700912, -0.5233799275736462, 0.46886050272013746], [0.524790147006601, -0.04792610590679609, -0.8498813975946294], [0.46728152242814525, 0.8507505743669032, 0.24056483328121595]], "T": [0.10584459029004421, -0.06455366477561912, -0.0783689943122663], "aligned_model": [[-0.6577426464676379, 0.35755859119093186, -0.34782099436084224, 0.043361139949009773, 0.538762028512588, 0.6540986844362869, 0.1428661031563876, -0.19491759091237998, 0.2714330237791802, 0.1428661031563876, -0.6685357743893262, -0.2471624289527699, -0.12006552002323477, 0.30161718900158346, 0.0401091908045348], [0.16658371394882848, 0.4182237326854683, -0.6051942476027483, -0.2295239821505924, -0.4814284856019129, -0.13050879690670192, 0.607847924737826, 0.3087673803994518, -0.668984333118827, 0.607847924737826, -0.001963449167152423, 0.34097845358147977, -0.46341747388395665, 0.1301348192064924, -0.007224965043183582], [-0.4130448601674252, -0.4497028484565667, -0.24393670556925665, -0.5928569413692122, 0.24459780806425757, -0.5679321632862863, 0.043642523239436765, -0.6976834456435821, -0.22049232102508456, 0.043642523239436765, 0.27189221941129826, 0.4631282718056525, 0.5255509378651372, 0.6619497757449629, -0.09972962419195835]], "inverted": false, "swapped": false, "error_lsq": 0.0428944282082203, "error_max": 0.3083591962938956, "target": "346.xyz", "model": "1.xyz", "model_rescale": 4.316132596720782, "target_rescale": 4.021975074014438},
{"mapping": [13, 12, 4, 9, 6, 11, 1, 0, 8, 10, 3, 14], "R": [[0.13456391530620143, 0.9705250887657153, 0.19993400104475978], [0.3918049369066431, -0.23743907794345082, 0.8888822057398524], [0.9101546264855477, -0.04127634118553217, -0.41220725314493034]], "T": [-0.0033967768650988717, 0.00986347928486394, -0.05204164901397267], "aligned_model": [[-0.28244718434947125, 0.3307619928400829, 0.2330005036872136, -0.6088002016956565, -0.5482137584443962, -0.4160702794797754, -0.2961825241488951, 0.017225758392226467, 0.6961403712866282, 0.12964878077836933, 0.3248971812540191, 0.017847914511435643], [-0.7226038952071593, -0.46414236139856896, -0.5552233135736231, 0.3170456645256911, -0.18018005738150858, -0.13660577896420564, 0.3839973036259265, 0.614203110881638, 0.15226381303764933, -0.014125564961774896, 0.5371299413778184, 0.08101756577909791], [-0.007562790633593268, 0.2714153758992042, -0.5422891889721139, 0.03000327404965731, -0.27465728490731456, 0.33324973657620993, -0.6882350029388059, 0.35533576372286657, -0.5069228784265352, 0.7323739723318671, -0.18169433362655585, -0.07175818186546543]], "inverted": true, "swapped": true, "error_lsq": 0.05007227269358794, "error_max": 0.3073343530249253, "target": "346.xyz", "model": "2.xyz", "model_rescale": 3.795458400668931, "target_rescale": 4.021975074014438},
{"mapping": [9, 0, 10, 8, 6, 4, 2, 1, 3, 5, 13, 14], "R": [[0.7224625582634532, 0.13544574757702005, -0.6780134964517515], [0.688625069233425, -0.05303167709778871, 0.7231757429888371], [0.061994886326917964, -0.9893644882890725, -0.13158473840766827]], "T": [-0.060590392724102805, 0.02975707708831907, 0.010723371247817089], "aligned_model": [[0.02741767554489779, -0.22937141013259957, -0.812056514141544, 0.34806219280868494, 0.1306415315738177, 0.17525560437218818, -0.31956884293356536, 0.6908592389463822, 0.21508185387966064, 0.7198530293712854, -0.33369669401533586, -0.019173839530307067], [-0.16912357060881275, -0.6679984343392096, -0.2322861951683152, -0.0814605131666043, 0.3804576812841416, 0.6708625644977078, -0.23553347732472754, -0.05152113145835127, -0.47617492394164074, 0.23747151009232945, 0.7445751621465729, -0.03349962672338076], [-0.6375872325660831, -0.11678447212734949, 0.025435729684584955, 0.743649507720174, -0.4614410576707916, 0.39661173310634157, 0.5735183331314199, -0.23250265487698873, 0.27649448781062713, 0.26179399732144315, -0.16478733191278033, 0.024370391018502986]], "inverted": false, "swapped": true, "error_lsq": 0.04883634881156701, "error_max": 0.23221959046459664, "target": "346.xyz", "model": "3.xyz", "model_rescale": 3.7530521520055578, "target_rescale": 4.021975074014438},
{"mapping": [5, 7, 3, 0, 8, 11, 4, 6, 13, 12, 14], "R": [[0.7084238975170428, 0.6879848179768193, 0.15751975006381091], [0.6498233933783537, -0.5487009127627004, -0.5259818112364925], [-0.2754362700244905, 0.4749781032498053, -0.8357814682009966]], "T": [-0.02843468197887635, 0.05377398244150143, 0.015822466500923414], "aligned_model": [[-0.36958811479265596, -0.07680343994289832, 0.29495244256419584, 0.3662364116268315, 0.3127264052558765, -0.18108400102637803, -0.25461563075677246, -0.632381967390007, -0.41183266765253, 0.2949287405290588, -0.004338575969515757], [-0.7167174659178857, -0.01091319556359778, -0.27817532120511357, 0.3309691045241656, -0.7208749281320043, 0.6130910455874271, -0.43694661519891365, 0.18429299581840647, 0.30481571689261944, 0.17784116500644248, 0.01982085650280041], [-0.05650279417311819, -0.8202790387012769, -0.4175677630856226, -0.5309916041417191, 0.02449353754910035, 0.07957765021528204, 0.5846676841234272, 0.042510931831136155, 0.6532704923041361, 0.5824012328987866, -0.04874955157481498]], "inverted": true, "swapped": true, "error_lsq": 0.04851887718106021, "error_max": 0.2822651897845993, "target": "346.xyz", "model": "4.xyz", "model_rescale": 3.7855080009869324, "target_rescale": 4.021975074014438},
{"mapping": [13, 1, 8, 6, 5, 4, 2, 11, 7, 12, 15, 14, 10, 3, 16], "R": [[0.6570947712903438, 0.28935041698818237, 0.696062351899351], [-0.1965865880820922, 0.9572194761325629, -0.2123313163401575], [-0.7277225947633705, 0.0026852748960234235, 0.6858663239798265]], "T": [0.024784832857838536, 0.009021888880998117, -0.03585227035598373], "aligned_model": [[-0.5899132122216034, 0.5057689111561873, -0.5045361723931235, -0.032387676501962025, 0.6592981870622059, 0.5702369488990622, 0.30232260525678095, -0.11632403875392819, 0.24748590343517793, -0.16385829284003467, -0.6782199942601395, -0.30711897053087484, -0.054052097360433725, 0.4094364832746648, 0.008288514658720016], [0.12320855514539912, 0.48450850879435153, -0.4504498514402036, -0.24674280474763163, -0.4293899028592447, -0.1834564309752815, 0.5392130759345622, 0.3412700934537907, -0.6776593869037804, 0.6178314600536043, -0.12829117084598776, 0.4919125122117138, -0.5649230390143536, 0.03206828284693217, 0.0430383141684267], [-0.40187871407055065, -0.37595626870976967, -0.09921525016231386, -0.6336756504052414, 0.20969028974050213, -0.49675884370551093, 0.3973402707169865, -0.7444675716379626, -0.23645768036828738, -0.2742425809512691, 0.37188225524013374, 0.30231027891322276, 0.4061163170472879, 0.5420132650032545, 0.0023250330103277636]], "inverted": true, "swapped": false, "error_lsq": 0.04224867883985921, "error_max": 0.23178808804534762, "target": "346.xyz", "model": "5.xyz", "model_rescale": 4.2253639853439635, "target_rescale": 4.021975074014438},
{"mapping": [13, 4, 2, 10, 12, 3, 0, 11, 5, 6, 8, 7, 9, 14], "R": [[-0.08398753672207204, 0.8443314070241521, 0.5291980430689199], [0.8057436313661155, 0.3700057403650897, -0.4624640014204645], [-0.5862791947428326, 0.38755674063225587, -0.7113905246783924]], "T": [0.06551153437573635, -0.03420805435681536, 0.009339768954440726], "aligned_model": [[0.508804414054949, -0.17811475586717535, -0.4420262647299044, 0.20801197190096604, -0.02099063409497949, -0.402211533246391, 0.03763172722598117, 0.60431560594954, -0.34296120918449513, 0.5351514981675083, -0.7574316668367623, 0.028106136209499186, 0.5730414027032191, 0.02273546050582815], [-0.10417937303048404, 0.21907719462797365, -0.4760777119304456, -0.8013101610875701, -0.5403214543543962, 0.05709209857941598, -0.30139415217907917, -0.25638651027334036, 0.6815466546930504, 0.3376021623143386, 0.14287026894628407, 0.323214514165485, 0.17458717579377458, -0.011221559630016281], [-0.6348274382550174, -0.6921174439244482, 0.045995917824821424, 0.16692290516598016, -0.4117714616382911, 0.4282622888799704, 0.6871615310504431, 0.032340233391948976, -0.18070994635305315, -0.144592936402962, -0.07984971788861883, 0.7685759894060057, 0.41729020190955557, 0.06887808576511414]], "inverted": false, "swapped": true, "error_lsq": 0.044568618944788356, "error_max": 0.28868460872817525, "target": "346.xyz", "model": "6.xyz", "model_rescale": 3.89814844738969, "target_rescale": 4.021975074014438},
{"mapping": [11, 10, 0, 13, 7, 2, 12, 6, 4, 8, 3, 5, 14], "R": [[0.21046570121850733, -0.8247677910395128, 0.5248450051914421], [0.42666301797589795, 0.560535549329354, 0.709759513518303], [-0.8795810694315224, 0.07455192017542017, 0.4698714223017369]], "T": [-0.017724186497114415, 0.00632261152581208, -0.043152365737210804], "aligned_model": [[0.15208527154371787, -0.1171003773899596, 0.4224102439167962, -0.37668505668027313, 0.7210166865049877, -0.37640355613114784, -0.5907307322189744, 0.20217070125566575, -0.6008735380982808, -0.38260440548968944, 0.15475546531164838, -0.08032464850749113, 0.020915746887223113], [-0.3698467718450001, 0.14623547020024974, 0.45310422449816146, -0.6849418597686335, 0.3653824891686788, 0.5372012504254103, -0.036994315823715165, -0.5411977108133806, -0.2293243716590751, 0.5879673846211828, 0.5915536152830194, 0.07664407888152718, 0.06799778230206016], [-0.4552973137307567, -0.8204124421113188, -0.4150070539706301, -0.14141974515995853, 0.1327101418356429, -0.2522075393500275, -0.3759514187759325, 0.14223249220921147, 0.425843093935513, 0.45192216732604973, 0.13106619115627177, 0.7973294921468046, -0.018533034674573987]], "inverted": true, "swapped": true, "error_lsq": 0.041772608495967124, "error_max": 0.3054582150451998, "target": "346.xyz", "model": "7.xyz", "model_rescale": 3.7474275329858107, "target_rescale": 4.021975074014438},
{"mapping": [9, 5, 12, 11, 0, 6, 3, 9, 10, 8, 13, 4, 1, 2, 14], "R": [[0.7373806163553731, 0.41649937287168404, 0.5317876446673656], [-0.3581514332622814, 0.9085749831030296, -0.2149861645118197], [-0.5727105529633131, -0.03193387663318652, 0.8191354283924197]], "T": [0.01489527411968099, -0.08652035717742558, -0.05392918271919306], "aligned_model": [[-0.24970502406252287, 0.36733867955727684, -0.3446467794595075, -0.35252030707362075, 0.5763100190704631, 0.7516126444445075, 0.6143982700576724, -0.24970502406252287, 0.23200566469134098, -0.042569899829103294, -0.8295916076151835, -0.4632584665511581, 0.18723011946056245, 0.07541626185369081, -0.01588745160119616], [0.33640228843463316, 0.4043189351345244, -0.5861577254257021, -0.24108908687034114, -0.3878205481701255, -0.11373876411862519, 0.27869211557793894, 0.33640228843463316, -0.6573153269441597, 0.5880374064390763, -0.18581703283204923, 0.3948200844732788, -0.3825472835732, 0.2858007123054603, -0.07784984704304443], [-0.6296579019253696, -0.43848333899388775, -0.01228028408607501, -0.5309975783265459, 0.11413305779476768, -0.40527626607552353, 0.09218907277921162, -0.6296579019253696, -0.5037286274532619, 0.029015938802594746, 0.23777941412744485, 0.33582230907976657, 0.6150032353768788, 0.698602362873858, -0.0034383423876790872]], "inverted": true, "swapped": false, "error_lsq": 0.06031281526805179, "error_max": 0.4839292044308779, "target": "346.xyz", "model": "8.xyz", "model_rescale": 4.019505241142653, "target_rescale": 4.021975074014438},
{"mapping": [6, 9, 11, 13, 4, 12, 10, 5, 8, 3, 0, 2, 14], "R": [[-0.08007521783575927, -0.7781795631499849, 0.6229161476348597], [-0.9965514801456934, 0.04886225541520034, -0.0670643527901913], [0.021751020849220315, -0.6261382015908615, -0.7794086512225653]], "T": [-0.03169588441722232, -0.07275044023999488, -0.008584937556744443], "aligned_model": [[-0.31303897937867914, -0.6128438150018847, -0.07821212423398621, 0.3204581896311666, 0.3736537459398705, 0.6140647746182082, 0.3040001271311927, -0.22655861982449946, 0.1810084561699572, -0.2325066272577912, -0.32458542919666067, 0.38850801014043995, -0.07424693699615728], [-0.4112269763590593, 0.08078658901988775, 0.15791780382455622, -0.3996330860531221, -0.742071242661018, 0.026952243092706774, 0.6208654371252157, -0.7725844309325156, -0.3379217441901975, 0.0892549118081859, 0.567375525056997, 0.238815701443444, -0.05515250306102179], [-0.44307257605108025, -0.334620264706472, -0.542280090050925, -0.6294643118739989, 0.048430400436419, -0.12699360918579988, -0.20805840486827482, 0.4244676918869688, 0.7666492545592656, 0.5710925374932629, 0.18131634942839692, 0.4163177706133857, 0.05291874636273106]], "inverted": false, "swapped": true, "error_lsq": 0.04426676785624137, "error_max": 0.26967667184866007, "target": "346.xyz", "model": "9.xyz", "model_rescale": 3.877068213659057, "target_rescale": 4.021975074014438},
{"mapping": [13, 5, 2, 4, 8, 1, 12, 3, 7, 6, 14, 10, 9, 11, 15], "R": [[-0.0802208926002701, 0.03347222063375707, 0.9962149461016238], [-0.996657112364116, -0.01820116100939595, -0.07964495032286556], [0.015466375284390765, -0.9992739004816222, 0.03482044014378993]], "T": [0.002652244230787571, 0.03404054735881567, -0.07168134164462556], "aligned_model": [[-0.7360950054556131, 0.5625163045658765, -0.35004257650494713, -0.015010718147553836, 0.41240030729198884, 0.7382164175488861, 0.35434541668382913, -0.04446317829178974, 0.2795226854771501, -0.2870175888657905, -0.6650791473179825, -0.24820151157673193, -0.1915638203067977, 0.3602037215991917, 0.0866957921809834], [0.06543983381270119, 0.33971132524145153, -0.5232912013031404, -0.22350496010824522, -0.5093347824550407, -0.20866963679225042, 0.6821834989177438, 0.3945231487199067, -0.6676709865002982, 0.5778276742301099, -0.08047368321928164, 0.27840059231718134, -0.37703808938266636, 0.187413742931786, 0.05662173941233997], [-0.29730288727942733, -0.5234700663116559, -0.14477746540709963, -0.6973402032365686, 0.2918743096322792, -0.4627615426822801, 0.04839297912349791, -0.5918676292423329, -0.3834989989861278, -0.04538450594693541, 0.31631714594783256, 0.5452233034060376, 0.4067951766819796, 0.5554461415476765, -0.04862060758606597]], "inverted": true, "swapped": false, "error_lsq": 0.04179079375604638, "error_max": 0.2591705439242296, "target": "346.xyz", "model": "10.xyz", "model_rescale": 4.260839863003843, "target_rescale": 4.021975074014438},
{"mapping": [7, 5, 4, 8, 12, 2, 0, 9, 6, 13, 11, 14], "R": [[-0.017332348601345582, 0.9279232162653371, -0.3723682242186541], [-0.9725648595678319, 0.07076336876615996, 0.22160807651046543], [0.23198530907315074, 0.3659932381296912, 0.9012390171411677]], "T": [-0.005356114424694814, 0.07074596095735054, -0.034159652760788674], "aligned_model": [[0.6338045321031448, -0.0071009395609856595, -0.46673871326587746, -0.4569313831493666, -0.5773364641939593, -0.5020915387141618, 0.2744417402316472, 0.6566541112776508, 0.3595263400297905, -0.18869434889246242, 0.2145508349263646, 0.018814478302345748], [0.08774747106444412, -0.7340510187971696, -0.5187116248930842, -0.33367160699432896, 0.29831886138741137, 0.3355524331485374, 0.591518423798666, 0.20198098299604206, -0.19521602462466858, -0.037814393383124104, 0.41131743527649633, 0.06610756655371222], [-0.5789296146078264, -0.29410668007671414, 0.20081962317767071, -0.6249838372499897, 0.2148727182399544, -0.40472480978025793, -0.4609116160404255, 0.07595574662752994, 0.3884806520452918, 0.7214577733901482, 0.3851899861915953, -0.106941864521472]], "inverted": false, "swapped": true, "error_lsq": 0.04937944609460587, "error_max": 0.2522328721592984, "target": "346.xyz", "model": "11.xyz", "model_rescale": 3.890672605050136, "target_rescale": 4.021975074014438},
{"mapping": [3, 8, 2, 7, 0, 6, 4, 9, 1, 13, 10, 12, 11, 14], "R": [[-0.6752171287354123, 0.007215727093956903, -0.7375837324296213], [-0.5831431519272089, -0.617557913979063, 0.5277937923490843], [-0.45169225521665285, 0.7864923115735676, 0.42119348334579026]], "T": [0.03125687881076815, 0.0055122434277926615, 0.09216474641022793], "aligned_model": [[0.5529843735360611, 0.18297216381772136, 0.31983170339704875, 0.6729826224344642, 0.7197810871263066, -0.3391641305465242, -0.5873824510406596, 0.19990131127102762, 0.11070231149641878, -0.6947254737526607, 0.28372448006316964, -0.22789148301923579, -0.07948020599226728, 0.09563952600282297], [-0.10453079058756529, 0.021909310651189035, 0.5099733386309889, -0.5313279342038945, 0.0777141733304949, -0.3935945067510836, 0.005300294300615681, -0.4006291583177311, -0.7668052144250254, 0.16164648547158428, 0.6579369546546855, 0.6141358522655666, 0.10456262760222251, -0.02413891279428238], [-0.25176492012808077, -0.7404579881165028, -0.24905462451796484, 0.16686674369024107, 0.3209207989397978, 0.38542553202333535, -0.3903647788928075, 0.6158190105146593, -0.07413547435895373, 0.3469738429572977, 0.47188381119664674, 0.033962541428956716, 0.6561934997788164, 0.0625224408414194]], "inverted": false, "swapped": true, "error_lsq": 0.04265784005454571, "error_max": 0.23641765213808089, "target": "346.xyz", "model": "12.xyz", "model_rescale": 4.124412569039231, "target_rescale": 4.021975074014438},
{"mapping": [11, 7, 1, 10, 6, 13, 0, 12, 3, 2, 4, 8, 14], "R": [[0.9959584494741915, -0.08943579372069135, -0.008246558222317735], [-0.013105310993647867, -0.05387634190601306, -0.9984616119844498], [0.0888539123771368, 0.9945343526416652, -0.05483068183872759]], "T": [0.12829736727457317, 0.062685752810971, 0.036212317557220534], "aligned_model": [[-0.14569380445997634, -0.05441104374288874, 0.5716478880699946, -0.5846873954219413, 0.43330155312458907, 0.3963894010929242, -0.4890388458572378, 0.009127976232908938, 0.018700409602714532, -0.1528242630062244, 0.7937650670253291, 0.45443504875306473, 0.11658631609650083], [-0.32570926254178617, 0.7675151418174048, 0.5732631229250458, -0.23990279424080863, -0.15327129751114021, -0.6704445959241684, 0.43593739467895454, -0.3995902269680565, 0.6619893599468233, 0.18838250958633057, -0.1775257153699508, 0.5482377751117116, 0.13860396499811753], [0.3742659598138318, 0.4550474446453407, 0.4523765408447969, -0.1473016083982681, 0.5289950380539707, 0.11989329880079178, 0.14198210287446028, -0.42538018898580293, -0.141045565076576, -0.5632524765547148, -0.30290506520785154, -0.5756867394191203, 0.03470933957698072]], "inverted": false, "swapped": true, "error_lsq": 0.04469079357624373, "error_max": 0.2518418292303994, "target": "346.xyz", "model": "13.xyz", "model_rescale": 3.9028299243045295, "target_rescale": 4.021975074014438},
{"mapping": [10, 12, 4, 5, 2, 8, 1, 13, 0, 14, 7, 9, 3, 6, 15], "R": [[-0.28452868596113084, -0.26892556303056536, 0.9201752378834835], [-0.1015817619101241, -0.9459870042030738, -0.307879413936899], [0.9532704613657486, -0.1810735470122208, 0.24184250672689045]], "T": [0.08733521682414809, -0.002606716320325621, -0.058094062984635264], "aligned_model": [[-0.6149210241020624, 0.46453633313813864, -0.34106052856785235, 0.03235535032542772, 0.7409328581476888, 0.5848393833207893, 0.49881165245106374, -0.0919948175573231, 0.2540253892340937, -0.3351350908800763, -0.714495795298667, -0.3210264109363999, -0.013955515485162037, 0.10456992137370998, 0.008945393717330372], [0.10367039805270026, 0.41268999189601696, -0.4991401408797274, -0.11281464327293135, -0.2891727784781038, -0.3095030695828907, 0.3286849952437601, 0.3759545450415775, -0.80965016634007, 0.756726369308318, -0.031865902910477875, 0.4507655958792079, -0.4772238674762127, 0.05247937427486733, 0.04053751506626285], [-0.28369093594546607, -0.4697835709357553, -0.22925164390950592, -0.555017860736106, 0.12312344398274619, -0.5628825258383784, 0.3202334413228276, -0.7342474937679592, -0.14815884770596555, -0.22537453692266946, 0.362428093191891, 0.41996428488439475, 0.33327301868558457, 0.60604202986928, 0.012368253485891836]], "inverted": true, "swapped": false, "error_lsq": 0.049804764660742996, "error_max": 0.3389007980573767, "target": "346.xyz", "model": "14.xyz", "model_rescale": 3.942246331269136, "target_rescale": 4.021975074014438},
{"mapping": [10, 13, 5, 3, 0, 12, 8, 4, 1, 11, 9, 6, 2, 7, 14], "R": [[-0.8925027748217055, -0.3829104990270227, 0.2383659931081466], [0.07791030849975987, 0.3896563672546162, 0.9176589231775651], [-0.44426206316208094, 0.8375843033347823, -0.31793671389469813]], "T": [-0.03204331923668276, 0.03838749138680918, -0.11710979344431093], "aligned_model": [[-0.6720232164050837, 0.41925968053225304, -0.226017072829634, -0.05621793773903235, 0.44332565425339965, 0.6233892293567234, 0.4670555214032614, -0.23488955947214324, 0.33065567743929075, -0.0035804089742598605, -0.6663797971956069, -0.15719479018726612, -0.01759924774342518, -0.028063258685579393, 0.03470662512780147], [0.3209863819741333, 0.4540696810333359, -0.5657264832871755, -0.38317977001771875, -0.275319956474392, -0.14712382050380274, 0.41996139675446326, 0.24076424905527571, -0.6476598293078116, 0.7533568818350033, -0.04117798329233903, 0.4073196165154097, -0.5255047368249212, 0.006432932441219383, -0.025060344078382105], [-0.25698157152087187, -0.6504612405367, -0.1029660064770384, -0.698697759647876, 0.3480025145713497, -0.5688508537517896, 0.3347116627772056, -0.6285401676894681, -0.3504120595254467, -0.16314953842711089, 0.3722253413070279, 0.2841576805744799, 0.39715165990465817, 0.7372569740564163, -0.0844214859540264]], "inverted": false, "swapped": false, "error_lsq": 0.048093884870516725, "error_max": 0.32570326528626803, "target": "346.xyz", "model": "15.xyz", "model_rescale": 4.355366556412066, "target_rescale": 4.021975074014438},
{"mapping": [13, 12, 4, 9, 6, 11, 1, 0, 8, 10, 3, 14], "R": [[0.13456391530620143, 0.9705250887657153, 0.19993400104475978], [0.3918049369066431, -0.23743907794345082, 0.8888822057398524], [0.9101546264855477, -0.04127634118553217, -0.41220725314493034]], "T": [-0.0033967768650988717, 0.00986347928486394, -0.05204164901397267], "aligned_model": [[-0.28244718434947125, 0.3307619928400829, 0.2330005036872136, -0.6088002016956565, -0.5482137584443962, -0.4160702794797754, -0.2961825241488951, 0.017225758392226467, 0.6961403712866282, 0.12964878077836933, 0.3248971812540191, 0.017847914511435643], [-0.7226038952071593, -0.46414236139856896, -0.5552233135736231, 0.3170456645256911, -0.18018005738150858, -0.13660577896420564, 0.3839973036259265, 0.614203110881638, 0.15226381303764933, -0.014125564961774896, 0.5371299413778184, 0.08101756577909791], [-0.007562790633593268, 0.2714153758992042, -0.5422891889721139, 0.03000327404965731, -0.27465728490731456, 0.33324973657620993, -0.6882350029388059, 0.35533576372286657, -0.5069228784265352, 0.7323739723318671, -0.18169433362655585, -0.07175818186546543]], "inverted": true, "swapped": true, "error_lsq": 0.05007227269358794, "error_max": 0.3073343530249253, "target": "346.xyz", "model": "16.xyz", "model_rescale": 3.795458400668931, "target_rescale": 4.021975074014438},
{"mapping": [11, 10, 0, 13, 7, 2, 12, 6, 4, 8, 3, 5, 14], "R": [[0.21046570121850733, -0.8247677910395128, 0.5248450051914421], [0.42666301797589795, 0.560535549329354, 0.709759513518303], [-0.8795810694315224, 0.07455192017542017, 0.4698714223017369]], "T": [-0.017724186497114415, 0.00632261152581208, -0.043152365737210804], "aligned_model": [[0.15208527154371787, -0.1171003773899596, 0.4224102439167962, -0.37668505668027313, 0.7210166865049877, -0.37640355613114784, -0.5907307322189744, 0.20217070125566575, -0.6008735380982808, -0.38260440548968944, 0.15475546531164838, -0.08032464850749113, 0.020915746887223113], [-0.3698467718450001, 0.14623547020024974, 0.45310422449816146, -0.6849418597686335, 0.3653824891686788, 0.5372012504254103, -0.036994315823715165, -0.5411977108133806, -0.2293243716590751, 0.5879673846211828, 0.5915536152830194, 0.07664407888152718, 0.06799778230206016], [-0.4552973137307567, -0.8204124421113188, -0.4150070539706301, -0.14141974515995853, 0.1327101418356429, -0.2522075393500275, -0.3759514187759325, 0.14223249220921147, 0.425843093935513, 0.45192216732604973, 0.13106619115627177, 0.7973294921468046, -0.018533034674573987]], "inverted": true, "swapped": true, "error_lsq": 0.041772608495967124, "error_max": 0.3054582150451998, "target": "346.xyz", "model": "17.xyz", "model_rescale": 3.7474275329858107, "target_rescale": 4.021975074014438},
{"mapping": [9, 6, 1, 13, 0, 2, 7, 5, 11, 3, 12, 4, 8, 14], "R": [[0.062278935719110584, 0.6498744161077572, -0.7574856945542248], [0.928885143669789, -0.31537202439596496, -0.19419803319793416], [-0.3650941303763318, -0.6915227613874992, -0.6232997244085365]], "T": [-0.05210422002410291, -0.12721450548241056, -0.006662638952808473], "aligned_model": [[0.4617897205211288, 0.13708737139794286, 0.6088271349135003, -0.5195731392038455, 0.28389292551049605, -0.3800573618656714, 0.744280355481346, 0.2050624217201492, -0.1003180991760685, 0.2556674560849301, -0.7064433035510265, -0.4535592491112957, -0.12324174160837807, 0.0014331567696691805], [-0.4191201290375336, 0.012489789238492727, 0.3058684505530851, -0.03533747110723498, -0.6658794230595927, -0.23852901147595423, -0.2539666807732729, 0.6723324347403354, -0.5405688731721595, -0.07370176771085898, -0.23111090924579308, 0.5352953785929605, 0.41561669042099525, -0.12298023645223571], [-0.35062440417418295, -0.5786670640770945, -0.08444755496246328, -0.6306717523562907, 0.35188172434313586, 0.571474803673856, 0.22848665129207144, 0.09265346649624703, -0.4153381872196802, 0.5456141448196199, 0.03821462024106323, -0.1310166548657182, 0.6389539309599882, 0.0482809944911029]], "inverted": false, "swapped": true, "error_lsq": 0.04329730125964999, "error_max": 0.2821779878575836, "target": "346.xyz", "model": "18.xyz", "model_rescale": 3.922800546911778, "target_rescale": 4.021975074014438},
{"mapping": [5, 13, 1, 8, 10, 4, 7, 12, 6, 12, 0, 3, 2, 9, 14], "R": [[-0.7276194963957322, 0.4918515709593758, -0.47817559599964443], [0.0313553735329056, -0.6724931677655105, -0.7394388276654946], [-0.6852639703175946, -0.5530234818283064, 0.47389695032893375]], "T": [0.05147232475821448, -0.06088277377544076, -0.12166485678226083], "aligned_model": [[-0.6468971028615667, 0.4749662627307504, -0.3597287477729695, -0.02266723944220779, 0.6141959973006468, 0.6849227154602822, 0.2925913369718578, -0.21886297142864083, 0.23233736621197124, -0.21886297142864083, -0.6849757264017442, -0.26245300471442246, -0.0010227709923972539, 0.2957250933942942, 0.07715886185348622], [0.0727372585265389, 0.32910150872919725, -0.67532487014924, -0.1691366343384355, -0.5028777016893745, -0.3046896706857169, 0.63293846475863, 0.6443343346124057, -0.6827249443251358, 0.6443343346124057, -0.03361699257749234, 0.3435696902732298, -0.3607645159856367, 0.03813773274385813, 0.01612022131706354], [-0.3990806993712379, -0.4963365673770719, -0.08481906884360571, -0.7193061210160803, 0.25060278796009383, -0.372993205025241, 0.19247640120022794, -0.3412137174924972, -0.35908415595376125, -0.3412137174924972, 0.2724715165648871, 0.26176484397859623, 0.5267518058652209, 0.6485810196865814, -0.06957597302280488]], "inverted": true, "swapped": false, "error_lsq": 0.045827742701912276, "error_max": 0.4624579426054425, "target": "346.xyz", "model": "19.xyz", "model_rescale": 3.9282355846067225, "target_rescale": 4.021975074014438},
{"mapping": [1, 3, 2, 5, 6, 8, 4, 12, 13, 11, 0, 9, 10, 14], "R": [[-0.6180936548333523, -0.7283252294933269, 0.2958083736783692], [0.3539842536507578, 0.07811495911291516, 0.9319834769619597], [-0.7018941387574517, 0.6807645798998951, 0.2095333022019526]], "T": [-0.02976436302861469, -0.09328307683918192, 0.0741798501327035], "aligned_model": [[-0.732573390533436, 0.023201832148104805, 0.5713569308239606, -0.4862181320977853, -0.536840601605111, 0.15624758198821403, -0.06836113170172298, 0.5179640725856086, -0.06273220120537423, -0.05086457622947276, 0.13484916003878883, -0.4780551558651974, 0.5854709392950498, -0.04092250855695036], [-0.3989640774383543, -0.7035860771237434, -0.34114082594496065, -0.23350945731896866, 0.24124264492565273, -0.47472779144704114, 0.33753804325261333, 0.27392195057622293, 0.6908578253232897, 0.19861807334166764, -0.6463624383551718, -0.19177339313658875, -0.06058776340776441, -0.1686446258220174], [-0.13332964998029012, -0.09111229615668431, -0.10303981960083688, -0.6238604058462955, 0.1902231193854479, -0.6582452283414197, -0.5803832561309128, -0.0040639738984595275, 0.09398188682164807, 0.5787099430986993, 0.5198407566249912, 0.5810729293713142, 0.5781649698716094, 0.0642241820248719]], "inverted": false, "swapped": true, "error_lsq": 0.0524681479660884, "error_max": 0.3135041019038172, "target": "346.xyz", "model": "20.xyz", "model_rescale": 4.067790424073018, "target_rescale": 4.021975074014438},
{"mapping": [10, 7, 11, 12, 2, 0, 8, 9, 3, 1, 13, 5, 6, 4, 14], "R": [[0.0457775217151018, 0.17539909994235797, 0.983432546870925], [0.06741180764002816, -0.9827628775184577, 0.1721417287073201], [0.9966745038859612, 0.05841474395263127, -0.056812419351945476]], "T": [0.03346306680195259, -0.02440485794427133, -0.016467695506609467], "aligned_model": [[-0.6595801502648309, 0.3571811392540954, -0.403391008555906, -0.08357586415808303, 0.6139357653230142, 0.6839546206224648, 0.3342607994392612, -0.1789858828979432, 0.23084939477678668, -0.23720002100154308, -0.6397584482294841, -0.1119396492713954, -0.041041533678617625, 0.4166534517494509, -0.02493551422657063], [0.15586494993664018, 0.5292237908647224, -0.47509748483622527, -0.31868406631003426, -0.4239716885240544, -0.05511117890873227, 0.4314340714448789, 0.32126121651730166, -0.8187431847020616, 0.7335723004415302, 0.09281162546114219, 0.3268638191963351, -0.5357729280803927, 0.0433652005062061, -0.014878227184959182], [-0.4145640622295062, -0.39773647995477696, -0.1716028845760409, -0.7141176815748662, 0.22252963860202768, -0.299974114802473, 0.14754294810733692, -0.6793630931423356, -0.24843811780881792, -0.17620880338082323, 0.13570520876364256, 0.4351233667125929, 0.5131629909607259, 0.6842782233524912, -0.06731198936836727]], "inverted": true, "swapped": false, "error_lsq": 0.0423539368258077, "error_max": 0.2796711407059941, "target": "346.xyz", "model": "21.xyz", "model_rescale": 4.186013935880536, "target_rescale": 4.021975074014438},
{"mapping": [1, 9, 6, 8, 2, 5, 3, 0, 13, 11, 10, 12, 14], "R": [[0.8953042167447779, -0.4025179539913062, 0.19081314470882998], [-0.02374295383905975, 0.38462611209627867, 0.9227670486296623], [-0.44482202241122965, -0.8306876973979777, 0.3348004148289396]], "T": [0.027641733697565, 0.0028043760313970975, 0.013381333580496339], "aligned_model": [[0.20819493547921958, -0.36380890865389953, 0.18588037747386438, 0.4446859288982497, -0.05684479256489403, 0.6577087091421117, -0.12335857683219001, -0.6465114174287735, 0.38058623358851323, -0.2679467196475941, -0.5172392950972294, 0.1536420364953433, 0.0035855245705039354], [-0.36988628332837487, 0.15178687723242995, 0.34868717564944196, -0.6776967862367761, -0.2948287500553909, -0.45362491769526836, -0.6128621218116016, -0.2732919256800454, 0.7032338301206867, 0.49806414043354935, 0.2740552040098866, 0.2937392763284193, -0.06841905942086318], [-0.6640725834198411, -0.5271519032004862, -0.4742921546616443, 0.29540849002135944, 0.6120996598334612, -0.31822322961108385, 0.04077354536492167, 0.0433212182632699, 0.047800997962392344, -0.07349413588955746, 0.5263258865727464, 0.5968613030932486, -0.0024775329934408393]], "inverted": false, "swapped": true, "error_lsq": 0.044550062838521094, "error_max": 0.26141939009667675, "target": "346.xyz", "model": "22.xyz", "model_rescale": 4.166573947596378, "target_rescale": 4.021975074014438},
{"mapping": [3, 12, 8, 9, 13, 14, 6, 11, 10, 2, 4, 1, 0, 5, 15], "R": [[0.16233356950671593, 0.8665588987684699, 0.47193589307911854], [0.6077524125791159, 0.2889848253806031, -0.7396788328078657], [-0.7773575864526393, 0.40689488281977615, -0.47974132313113116]], "T": [-0.001307641607690646, -0.016287892598824634, -0.132480160661607], "aligned_model": [[-0.5123508330120496, 0.4091269650090004, -0.558953178277491, -0.09728490361950773, 0.7443293958927824, 0.6579447133298972, 0.28849665431852556, -0.10725268179571974, 0.4210892305501761, -0.3135484832398606, -0.6822287571457395, -0.11086699065075831, -0.32520674622061724, 0.4382408314464271, 0.004891882295634475], [0.14997895692925764, 0.38249857708212914, -0.6017396227363371, -0.27713552697362936, -0.32625797400536144, -0.21206723107635544, 0.6096891697275556, 0.41664020214516184, -0.6345144258451949, 0.5586898997845411, -0.014403914960404336, 0.28788996094179076, -0.26013001692555465, -0.0919377369452686, 0.004937898679966912], [-0.40195528619885973, -0.4516887766481133, -0.15137109320687486, -0.6646418307392981, 0.12199399487503587, -0.5236764622223338, 0.18888228187144512, -0.7832045575204483, -0.11464566920532876, 0.02473127108518705, 0.14355679050122377, 0.5027927281978379, 0.5763118760267201, 0.5690440528103857, -0.06710416996576853]], "inverted": false, "swapped": false, "error_lsq": 0.052244444442448974, "error_max": 0.375013977942946, "target": "346.xyz", "model": "23.xyz", "model_rescale": 4.274766983524099, "target_rescale": 4.021975074014438},
{"mapping": [4, 6, 13, 12, 11, 10, 2, 0, 3, 9, 14], "R": [[-0.5245187104704447, -0.009287058842476742, 0.851348267693356], [-0.27840874222419865, -0.9430966659448874, -0.18181653097773365], [0.8045922536412847, -0.3323889727739081, 0.492086248699092]], "T": [0.07839677730321243, 0.0857990152089246, 0.004844317171829114], "aligned_model": [[0.19297109125128203, 0.10816032828281516, -0.3890963312939825, -0.4214615925248082, -0.35906062913520476, -0.5722738133094698, -0.025739082709210118, 0.07744920422404455, 0.5073039453417191, 0.12561566489510886, 0.1360259189357811], [-0.05319722920651662, 0.6646326190703762, 0.3898615367467403, -0.26768325579127483, 0.4470737940619648, -0.154119022832541, -0.5687986403609468, -0.019700254423377, -0.24549071621158816, 0.6587989221698112, 0.06420877802083533], [-0.7587669574780157, -0.2109463236444141, -0.5477424451247813, -0.25237147071839244, 0.14017231464153673, 0.39555083004048563, 0.12668321505400548, 0.7262852654825247, 0.3348176777227997, 0.37504298600224867, 0.05084134204358043]], "inverted": true, "swapped": true, "error_lsq": 0.046179694047526934, "error_max": 0.23647281668556427, "target": "346.xyz", "model": "24.xyz", "model_rescale": 3.7841303162186577, "target_rescale": 4.021975074014438},
{"mapping": [12, 11, 9, 14, 7, 11, 6, 13, 10, 3, 2, 4, 8, 1, 15], "R": [[0.8841787236362864, 0.26848602537947086, -0.38228685413553265], [0.46233635630935, -0.6200928511256945, 0.6338217017564178], [-0.06688107582494182, -0.7371567744779546, -0.6724037563382262]], "T": [0.020327646072396958, -0.09233109837901142, 0.019769226017493438], "aligned_model": [[-0.5895017903315992, 0.5438176352197549, -0.40932193659616495, -0.274376873372112, 0.6576044543370215, 0.5438176352197549, 0.4201134511039013, -0.04773974796891764, 0.33257645459272817, -0.04264603132960662, -0.6740455016813838, -0.17418740344932304, -0.17964822131894384, 0.09896046198206238, 0.051004512473526956], [0.08619300256977123, 0.18975042321170926, -0.4456664270113699, -0.39358356712707426, -0.2204195971784168, 0.18975042321170926, 0.4860001671518528, 0.24449103212072326, -0.6955788943751314, 0.6905925356900757, -0.07535210474465825, 0.452195395959757, -0.3775290246998858, -0.10824321323679069, -0.03046193571997352], [-0.39424660737991296, -0.4658394802494442, -0.16105137618014764, -0.6523134761871833, 0.036417535950545185, -0.4658394802494442, 0.18629462842748673, -0.6830235453917498, -0.35950360912978685, -0.15930278967360706, 0.31362407688930133, 0.4913189427293682, 0.4973983487918664, 0.7590932947898237, 0.025998686523693824]], "inverted": false, "swapped": false, "error_lsq": 0.04903536113933306, "error_max": 0.3908611523999426, "target": "346.xyz", "model": "25.xyz", "model_rescale": 4.19342608120988, "target_rescale": 4.021975074014438},
{"mapping": [13, 12, 4, 9, 6, 11, 1, 0, 8, 10, 3, 14], "R": [[0.13456391530620143, 0.9705250887657153, 0.19993400104475978], [0.3918049369066431, -0.23743907794345082, 0.8888822057398524], [0.9101546264855477, -0.04127634118553217, -0.41220725314493034]], "T": [-0.0033967768650988717, 0.00986347928486394, -0.05204164901397267], "aligned_model": [[-0.28244718434947125, 0.3307619928400829, 0.2330005036872136, -0.6088002016956565, -0.5482137584443962, -0.4160702794797754, -0.2961825241488951, 0.017225758392226467, 0.6961403712866282, 0.12964878077836933, 0.3248971812540191, 0.017847914511435643], [-0.7226038952071593, -0.46414236139856896, -0.5552233135736231, 0.3170456645256911, -0.18018005738150858, -0.13660577896420564, 0.3839973036259265, 0.614203110881638, 0.15226381303764933, -0.014125564961774896, 0.5371299413778184, 0.08101756577909791], [-0.007562790633593268, 0.2714153758992042, -0.5422891889721139, 0.03000327404965731, -0.27465728490731456, 0.33324973657620993, -0.6882350029388059, 0.35533576372286657, -0.5069228784265352, 0.7323739723318671, -0.18169433362655585, -0.07175818186546543]], "inverted": true, "swapped": true, "error_lsq": 0.05007227269358794, "error_max": 0.3073343530249253, "target": "346.xyz", "model": "26.xyz", "model_rescale": 3.795458400668931, "target_rescale": 4.021975074014438},
