[{"mapping": [8, 6, 11, 0, 1, 5, 2, 14, 13, 9, 10, 12, 7, 15], "R": [[0.5824017609671397, 0.18692603952848252, -0.7911174657208441], [0.5618262950265396, -0.7959154487224748, 0.22554337210756886], [-0.587502683431426, -0.5758274517866422, -0.5685625231491924]], "T": [-0.07416105230534899, 0.030640821095848404, 0.10039264407614185], "aligned_model": [[0.1433356239896506, 0.1433254321208957, -0.43450143848243483, -0.47834057753788656, -0.6206262983561139, -0.153213591108047, -0.6428269982070441, -0.04964535234001359, -0.3448621238268969, 0.2752413789980318, 0.6565068693077667, 0.2533256581715819, 0.649875012660524, -0.026101494261710143], [-0.5500812782875849, -0.47748884565119387, -0.548928226322774, -0.25650779062121837, 0.07339141380068104, 0.14576741976693705, 0.35847948575087885, 0.5447029816489397, 0.7147339469160411, -0.07348849681195763, 0.4438260861038225, 0.907645472882013, -0.17360628679764548, 0.12682744943309593], [0.3732246632311459, -0.35028277735404983, 0.4084219987733843, -0.17964267814731988, 0.38381362633520905, -0.6388552365891711, -0.18770740298058092, 0.6214272439202284, 0.12684762109267209, 0.6708626546168137, 0.45703474562170987, 0.12721889929833252, 0.02886665610126582, 0.056358073260193896]], "inverted": true, "swapped": true, "error_lsq": 0.045474030351904775, "error_max": 0.32941279405846613, "target": "347.xyz", "model": "0.xyz", "model_rescale": 3.8414455957264533, "target_rescale": 3.960581701579602},
{"mapping": [2, 1, 6, 11, 0, 8, 7, 5, 10, 4, 9, 14, 14, 12, 15], "R": [[-0.3124531994096093, -0.1793671171879081, 0.932845343800567], [-0.2892649613394354, 0.9533401474613605, 0.0864195890967226], [-0.9048197501823187, -0.24283739520520858, -0.34975880141885707]], "T": [-0.08470196924944248, -0.054841070967855524, -0.07095860053329783], "aligned_model": [[-0.755309802958023, -0.5443239460172444, 0.1031677680642357, -0.25033002909500446, -0.48727915435241287, 0.2922661579927158, 0.62451898547013, -0.3605545083574102, 0.6254494210099328, 0.25842183428071697, 0.4058713842634636, -0.025743749354721207, -0.025743749354721207, 0.07831888387061334, -0.06668534195772682], [0.0841125761827383, 0.07301782221555593, -0.6932792816725537, -0.46674314751400897, -0.4573879254134713, -0.44897277089158194, -0.22720374795400727, -0.2721638405441008, 0.513308085940091, 0.07725109097161965, 0.11598802247045843, 0.6332605572233225, 0.6332605572233225, 0.7667317421922876, 0.015864787613342896], [0.14079078552810767, -0.4623395829642319, 0.1853733669067804, -0.6738944040148477, -0.05987548131778481, -0.47287339964704556, 0.12489291561791796, 0.594373690260017, -0.0025275994705855898, 0.5581832119697715, -0.5051431378363644, -0.3146347304260009, -0.3146347304260009, 0.3480242951640766, 0.019466587995725357]], "inverted": false, "swapped": true, "error_lsq": 0.04169703903763624, "error_max": 0.3359287650306753, "target": "347.xyz", "model": "1.xyz", "model_rescale": 4.316132596720782, "target_rescale": 3.960581701579602},
{"mapping": [8, 6, 0, 14, 1, 9, 13, 10, 5, 7, 4, 15], "R": [[0.6490764377407597, 0.7189643480554904, 0.24857603302593279], [0.7515234653880112, -0.6566922523751079, -0.06299021068152236], [0.11795023925775028, 0.2276961833137562, -0.9665620462046851]], "T": [-0.06472399968541723, -0.08319798315854396, -0.14532391926385282], "aligned_model": [[-0.1636180306906954, 0.5030646449333172, 0.11345356648561408, -0.6228989030899957, -0.5092250121177224, -0.47295869328176, -0.2786224171282674, -0.23065807630131943, 0.585299485447603, 0.2618399113225205, 0.43500745951505226, -0.022875380462566194], [-0.5518554946212236, -0.4643534008150103, -0.49015660086138957, 0.3898139145951163, -0.25055665835218954, -0.06838516428703328, 0.45400827123904686, 0.5580425414701955, 0.015492004378041171, -0.007211560390592328, 0.40287211658338695, 0.025066458802632155], [0.33380067744248, 0.05701507166714331, -0.5015157691310183, -0.11309814565389217, -0.5392645940953755, 0.394570535344002, -0.6009764710814155, 0.4816272233943818, -0.5110022229905485, 0.5319080550197264, 0.06682232948152125, -0.15062822818758345]], "inverted": true, "swapped": true, "error_lsq": 0.042469926960389454, "error_max": 0.23977196187008287, "target": "347.xyz", "model": "2.xyz", "model_rescale": 3.795458400668931, "target_rescale": 3.960581701579602},
{"mapping": [11, 1, 2, 12, 6, 4, 13, 9, 14, 10, 5, 15], "R": [[0.04845020729935698, -0.07578007611444548, -0.995946764378869], [0.7044598032602472, 0.7094700895387258, -0.019712372775655185], [0.7080882452090159, -0.700649393144675, 0.08775799042147343]], "T": [0.040195233431875754, 0.03144293988078705, -0.12623710776491323], "aligned_model": [[0.009768406686677986, -0.23912122391813373, -0.6283085052429738, 0.19819294293664663, 0.022236883958753353, 0.17912017139463854, -0.2553004313999231, 0.6663667652185488, 0.29232600530973435, 0.7768809818373421, -0.46880577720328126, 0.03994760616553535], [-0.3192140287872076, -0.5110740045859368, -0.10927417510496285, 0.04056011003237115, 0.6065730469953226, 0.5998169657448228, -0.25978240664379404, -0.2181322201043457, -0.4666343857114504, 0.07858654944026328, 0.5670120903963641, 0.07733150361826296], [-0.7871012818052158, -0.2180903228559608, 0.09093155966431093, 0.7968327453678236, -0.5475532861778156, 0.30810438503729, 0.48190140469220144, -0.189343835403573, 0.3477745274247197, 0.4093586835394629, 0.015447481620434828, -0.019490630464577968]], "inverted": true, "swapped": true, "error_lsq": 0.043123546134376904, "error_max": 0.25269398427997525, "target": "347.xyz", "model": "3.xyz", "model_rescale": 3.7530521520055578, "target_rescale": 3.960581701579602},
{"mapping": [1, 8, 9, 7, 14, 6, 13, 0, 5, 4, 15], "R": [[0.5798893897380978, -0.3088907743037489, -0.7538665566393081], [0.41487029302107714, 0.9083324140205612, -0.05305530706899754], [0.7011497241230167, -0.2819906296131318, 0.6548819352926202]], "T": [-0.11901793017161615, -0.09944483191890612, -0.0028876942978496942], "aligned_model": [[-0.5054292068108728, -0.08911646390223553, 0.2970049468418208, 0.4144759292690517, 0.2474158977080277, -0.25228028942754166, -0.07448033780114664, -0.6629931387772932, -0.3385546787804778, 0.3521302872238464, -0.04997334309797398], [-0.5774300059502278, 0.08962065937463272, -0.3089917144743686, 0.38400823867403755, -0.7301070523320212, 0.5861328215712548, -0.5849670731615987, 0.06768616926876612, 0.35148012676936036, 0.283260022285361, -0.09348883371085016], [-0.057621871873649096, -0.6527649241688036, -0.49418808773111683, -0.23249279416120125, 0.06291042285652694, -0.14720986604667713, 0.5486981075959408, 0.016946528284667244, 0.5578806752836715, 0.4002971961036434, 0.09037539110231436]], "inverted": true, "swapped": true, "error_lsq": 0.045016444852468876, "error_max": 0.2716397346339757, "target": "347.xyz", "model": "4.xyz", "model_rescale": 3.7855080009869324, "target_rescale": 3.960581701579602},
{"mapping": [13, 12, 14, 9, 10, 15, 8, 7, 6, 4, 5, 11, 3, 2, 0, 16], "R": [[0.500277823943374, 0.48960364183976696, -0.7141501052073855], [0.135864281859519, 0.7701779405410069, 0.6231908510390782], [0.855139167495724, -0.4087960540431508, 0.3187832969486791]], "T": [-0.07091499789190284, 0.06120446588356439, 0.001969758796395508], "aligned_model": [[0.3171539572995328, 0.4551292568358938, -0.09831528273678118, -0.6318436143378052, -0.7451838589614793, -0.4714358995396559, -0.24258320515327875, -0.2642430341882648, 0.3067962116990317, 0.20701080246905443, -0.5260213941595511, 0.7104051398360868, -0.5618198788542548, -0.17091538383547808, -0.03252731981467624, -0.08526830363676817], [-0.4522969934083822, 0.19368919985053995, 0.204645308151355, 0.2703716458609275, -0.1833292854014033, -0.4077594832094508, -0.6202341505711526, -0.2360431804141933, -0.3269770573755582, 0.2043844453001178, 0.3621855538131552, -0.08622855978551307, 0.552499277858021, 0.7179999547233251, 0.7153584385048026, 0.08119022253468774], [-0.3305755406698085, -0.4088714518236318, -0.6586143370557493, -0.3834160184728826, 0.13053500117831693, -0.5448153255651026, -0.03651806503876641, 0.6619982271431362, 0.3662861257311558, 0.6722365167766379, 0.5997923055477686, -0.013476069867564208, 0.00961246601063638, -0.32114832523723985, 0.42515157503641887, -0.04579324300480677]], "inverted": true, "swapped": false, "error_lsq": 0.033974658543034546, "error_max": 0.22849779500337256, "target": "347.xyz", "model": "5.xyz", "model_rescale": 4.2253639853439635, "target_rescale": 3.960581701579602},
{"mapping": [2, 1, 6, 5, 0, 7, 4, 3, 9, 14, 8, 10, 12, 15], "R": [[0.4625762487793902, -0.7083821139806523, 0.5331209943882251], [-0.32410333450997425, -0.6948166372390688, -0.642017810637141], [0.8252152704747431, 0.12419589851558857, -0.5509946788919129]], "T": [-0.06337825929375912, -0.03591864444383615, -0.11680848700129191], "aligned_model": [[0.45612649418739853, 0.08527011772191362, -0.5297069408342518, 0.1912397744320763, -0.1725731957058732, -0.45041741042434574, 0.1451820353404332, 0.6496842965920269, -0.3564222564256623, 0.32788712470890136, -0.7190380154398144, 0.0590222919874176, 0.6667249854851622, 0.021082851132401506], [-0.34470967467937624, 0.14113486147728976, -0.5402891659070955, -0.7312244841704908, -0.4449331442580053, -0.013407931590033076, -0.257415217594409, -0.3727422317378399, 0.5517712070417523, 0.5828285688562898, 0.13463344963088897, 0.5365916387286473, 0.2500100231485376, -0.04714875231116533], [-0.5023259262199405, -0.6889405063414756, 0.07490067415021366, 0.016271612279117567, -0.49762182753016004, 0.5318478431989406, 0.5453422327137494, 0.21939060969109297, 0.0478331267564001, -0.09677691176195859, -0.11840190003376526, 0.5825064236053716, 0.3953422737859586, -0.03780951536209609]], "inverted": true, "swapped": true, "error_lsq": 0.043070854844412025, "error_max": 0.27566207603983384, "target": "347.xyz", "model": "6.xyz", "model_rescale": 3.89814844738969, "target_rescale": 3.960581701579602},
{"mapping": [12, 3, 2, 10, 1, 5, 4, 14, 7, 6, 0, 8, 15], "R": [[-0.6770845491707936, -0.6181429902290906, 0.39931911662831987], [-0.17598967569292817, 0.6628892829805771, 0.7277399484424327], [-0.714551710741554, 0.42246543307131645, -0.5576188756993293]], "T": [0.04128541677144418, 0.12008320629525931, 0.12917941559328058], "aligned_model": [[-0.03817328545840437, -0.1378676937030452, 0.425252080915118, -0.29093315458877445, 0.6504482630940995, -0.25957654850036593, -0.5417579202687253, 0.3991271437488224, -0.6354754267263812, -0.4781453370155383, 0.16965655760970347, -0.11172436368810765, -0.0021985145141784623], [-0.4854894950087067, 0.1411829766823166, 0.4831170948636756, -0.7227940543001314, 0.20708038977218018, 0.6222946378286283, -0.028202417806866498, -0.4917771678591079, -0.13732564236404027, 0.5463614703516511, 0.6706934261523698, 0.07919256337908098, 0.07944748377943546], [-0.5808011269838983, -0.7089119474917209, -0.3552137942707958, 0.02439388270078527, 0.17534702577396988, -0.3433209786614453, -0.2820061202080192, -0.05497855916077504, 0.3455044413066971, 0.3680999007576651, 0.19688784571704476, 0.7878874191832569, 0.029387042173531552]], "inverted": true, "swapped": true, "error_lsq": 0.04634761126394116, "error_max": 0.2836468151737971, "target": "347.xyz", "model": "7.xyz", "model_rescale": 3.7474275329858107, "target_rescale": 3.960581701579602},
{"mapping": [4, 7, 10, 12, 9, 13, 3, 2, 14, 1, 5, 0, 6, 8, 15], "R": [[0.6030778648485315, 0.021741897000750708, 0.7973859660443903], [0.06795767902407387, -0.9973946088530642, -0.024202233213167182], [0.7947822612460584, 0.0687843306695088, -0.6029841399762935]], "T": [0.0821886860675993, 0.02451659590069742, 0.14679247727627692], "aligned_model": [[-0.261872915010819, 0.3254183642160896, 0.36886695774355305, -0.24527656550890228, 0.69856139275235, -0.313679538265899, -0.6727454951103775, -0.4751595064771602, 0.25855951448206016, 0.14264838556981912, -0.603639115195026, -0.11489087371462786, 0.02723006460078585, 0.6570441062463952, 0.011088946010505973], [0.0614165300628823, 0.32501687279582553, -0.41918886475160577, -0.6732641250128744, -0.157500671915639, -0.5900036522183809, -0.24295884012693453, -0.1611636306605423, -0.6828690099532523, -0.23597121222238143, 0.324488930609963, 0.36374879163738383, 0.7193373217306654, 0.38274133499767155, -0.024711812993187914], [-0.4945044224173652, -0.5025148295235449, -0.5966672030192957, -0.385159519894609, -0.0660816814319225, 0.23405962081272463, -0.15893525027180272, 0.5575802946667219, 0.07724454986627026, 0.7029130200167584, 0.07164134884011719, 0.5594865043868549, -0.004231274171674154, 0.13277271344674818, 0.06919078439027983]], "inverted": false, "swapped": true, "error_lsq": 0.036561078082330174, "error_max": 0.28704249169188994, "target": "347.xyz", "model": "8.xyz", "model_rescale": 4.019505241142653, "target_rescale": 3.960581701579602},
{"mapping": [5, 4, 13, 2, 0, 1, 14, 6, 8, 7, 10, 9, 15], "R": [[0.9318140633021537, 0.3187540375241458, -0.17354657874583881], [-0.16155115289927618, 0.7924698702232147, 0.5881264573077085], [0.324998117578002, -0.5199878540412812, 0.789929652070549]], "T": [0.10603542289340259, -0.1260491131778774, 0.029211692618364617], "aligned_model": [[-0.329496586241916, -0.6074311811595925, 0.16516303361531576, 0.26880842415582246, 0.294120426307932, 0.6795352261770743, 0.2987833579599797, -0.2225689628902586, 0.2516558382677755, -0.4275521188851935, -0.3041438859550999, 0.23236678966324684, 0.020460410726090394], [-0.6051344651933473, -0.015096523248839741, 0.18386889928505432, -0.3673134052333342, -0.6561980917944809, -0.12839441287063375, 0.5492767299208124, -0.649406675110502, -0.18873179753670868, 0.0016576424954849733, 0.6658825227198052, 0.35325265747802226, -0.08028485279727379], [-0.3539070372600488, -0.06905646969080294, -0.635932721721593, -0.6258892741219941, -0.05911320468338646, -0.19854213656036315, -0.17844479743818137, 0.3851899007006996, 0.6878814484866882, 0.5488619511807593, 0.2199693455342153, 0.49037457619759994, -0.0346880865797132]], "inverted": false, "swapped": true, "error_lsq": 0.046271350431459614, "error_max": 0.22532472685900198, "target": "347.xyz", "model": "9.xyz", "model_rescale": 3.877068213659057, "target_rescale": 3.960581701579602},
{"mapping": [4, 3, 13, 14, 9, 2, 7, 8, 1, 0, 11, 5, 10, 6, 12, 15], "R": [[-0.45967756346488725, 0.7901525738608228, 0.40540775481988683], [-0.8867235480980655, -0.3830838948295177, -0.25878191353072755], [-0.04917201333444084, -0.4784408422609465, 0.8767419652105595]], "T": [-0.1219256541475846, 0.08903564616619876, -0.05257916420533052], "aligned_model": [[0.25347292385398046, 0.41147330237070645, -0.27758131276739495, -0.7846438218844345, -0.7562518824931868, -0.4588262975753582, -0.037286449185641, -0.43858389974775813, 0.4279081374514573, 0.14196804189590873, -0.3825424189785679, 0.6189729369965131, -0.621349108442727, -0.0540853637237364, 0.21510933904433516, -0.09141593389249032], [-0.36744044932194825, 0.23964899989753352, 0.18378291472339048, 0.2575912374128401, -0.07456336283518862, -0.37484543238596113, -0.7179766398910145, -0.35699733155796104, -0.41971547931370967, 0.15371105197208929, 0.3832990906511653, 0.09323813520918865, 0.5839098018383699, 0.6518676014412167, 0.6527925901443842, 0.10115260844688327], [-0.38242179581511787, -0.36171103508121283, -0.803866570598021, -0.4292954891098841, 0.02811100983252878, -0.38674627714246873, 0.03604331913230432, 0.49157621257968037, 0.38532688067437026, 0.6957143909627853, 0.5720352795858606, 0.1965133065140074, 0.04168940323653566, -0.295318654691234, 0.303483663388382, 0.03125019722000174]], "inverted": true, "swapped": false, "error_lsq": 0.0409193192821668, "error_max": 0.3692666650741884, "target": "347.xyz", "model": "10.xyz", "model_rescale": 4.260839863003843, "target_rescale": 3.960581701579602},
{"mapping": [7, 6, 0, 8, 1, 9, 10, 4, 5, 2, 13, 15], "R": [[-0.9836762615666165, -0.15457100487626346, 0.09213477563801807], [-0.11832896083461336, 0.9413661246919984, 0.3159558138572063], [-0.13557016433613384, 0.2998960215373174, -0.9442897366846484]], "T": [-0.10596347065665788, 0.026491377447734707, -0.025411313553982004], "aligned_model": [[0.34297629193794316, 0.10997679665147746, -0.32396354312655135, -0.36431582786313577, -0.6313446713017046, -0.2633760771176358, 0.3367635085008185, 0.6209816919401517, 0.34206416221145086, -0.17854564187863445, -0.02516586999649885, -0.0071521708635503], [-0.06874196984410598, -0.6146381183950024, -0.4276765931910053, -0.19681749833450757, 0.16506721758244863, 0.37095560533115185, 0.6711088931872637, 0.06305906079445855, -0.38122541650914427, 0.0013947672430493635, 0.5143441555994996, 0.07624840206882733], [-0.625781841257499, -0.2510819477383113, 0.23999896953626693, -0.6105330761902714, 0.26707913422570106, -0.586594593606743, -0.49472181185640923, -0.060271593906370394, 0.4207154876954002, 0.6873037583801584, 0.5199635623831733, 0.010102029730409204]], "inverted": false, "swapped": true, "error_lsq": 0.0463279992798647, "error_max": 0.26700755460033376, "target": "347.xyz", "model": "11.xyz", "model_rescale": 3.890672605050136, "target_rescale": 3.960581701579602},
{"mapping": [13, 2, 5, 12, 3, 9, 1, 10, 14, 8, 6, 0, 7, 15], "R": [[-0.91998325734645, 0.196772191335489, -0.33898600401675216], [-0.02859632807112722, -0.8962446138676118, -0.4426373709190679], [-0.3909131057192433, -0.39752521533900936, 0.830157001383841]], "T": [-0.05262361144047013, 0.07395829001998613, 0.08285932752744514], "aligned_model": [[0.38151708127952133, 0.24056413212370525, 0.4737409648946055, 0.6640449853512276, 0.7909980763923857, -0.40370436575980906, -0.32240787110198116, 0.20481871991448009, 0.015551766576462067, -0.6070580215259127, -0.1041032192528342, -0.18766935191498657, 0.005680250129482048, 0.057902687687347965], [-0.31056376891566495, 0.19851893455124647, 0.5982764468206591, -0.5254015960545533, 0.07089629217602819, -0.3693913585529538, -0.08323130830257638, -0.573981570684735, -0.646007303029294, 0.17074888745053607, 0.6950088706145743, 0.5323031278973581, 0.1319140189752079, 0.04306284688193238], [-0.3706017908088409, -0.5593138407401598, -0.03555380480855923, 0.14811422849399059, -0.06955865752679351, 0.4550748562628107, -0.4493879974265786, 0.6708122562772341, -0.032638037591579114, 0.45997248925760176, 0.42963085308921717, -0.22684674779541902, 0.8340602757544862, 0.10102635291945092]], "inverted": false, "swapped": true, "error_lsq": 0.042681972784496654, "error_max": 0.2896068577007217, "target": "347.xyz", "model": "12.xyz", "model_rescale": 4.124412569039231, "target_rescale": 3.960581701579602},
{"mapping": [9, 14, 12, 11, 10, 7, 1, 6, 13, 0, 4, 3, 15], "R": [[0.9859878227450871, -0.026542207997266948, -0.16469221169512777], [0.08304787865104689, -0.7781215354017232, 0.6225993302242029], [-0.14467571755468833, -0.6275526968619408, -0.7650140844529214]], "T": [-0.039021285660907346, 0.046915376997743466, -0.10538801646383095], "aligned_model": [[-0.11892431786307513, 0.009592618230465241, 0.6492316773824393, -0.7477559673031439, 0.5266526059405712, 0.3912636945201915, -0.5316220120778572, 0.05176032461090671, 0.1271581130047979, -0.34452604286889077, 0.6816527521111204, 0.6057614268143596, 0.0670534350078725], [-0.2172393785842423, 0.4705958344197248, 0.5622502810971496, -0.19403131271437318, -0.03456683097846845, -0.5479444196512924, 0.41643857613760976, -0.5114873214643987, 0.7593808462645573, 0.040994467484509925, -0.03190246629041801, 0.5408484392935841, 0.09414866149453513], [0.512834255314899, 0.4899854268800348, 0.2658829738407296, -0.12174043969193869, 0.6053615608365988, 0.07365870808348862, -0.06568334251271679, -0.5396109893757706, -0.023292320548484846, -0.5858742094755174, -0.17899768223715185, -0.379657143134766, -0.10116871701156563]], "inverted": true, "swapped": true, "error_lsq": 0.037435888642089445, "error_max": 0.1863233771212951, "target": "347.xyz", "model": "13.xyz", "model_rescale": 3.9028299243045295, "target_rescale": 3.960581701579602},
{"mapping": [10, 13, 5, 0, 3, 4, 7, 6, 9, 11, 1, 14, 2, 8, 12, 15], "R": [[0.4075600680357668, 0.6009595224853348, 0.6875626831619643], [0.713530252954937, 0.2603074616274556, -0.6504726001447986], [-0.5698853999364657, 0.7557034324093476, -0.32271187332353546]], "T": [-0.17396622306751355, 0.1063994323022689, 0.0021040962911755877], "aligned_model": [[0.2633339021178257, 0.5022854929999944, -0.023370574324088067, -0.8560476545677043, -0.7024784144101627, -0.3534546359723366, -0.10081723944152501, -0.4310190317535655, 0.13032471355180056, 0.30486773050284144, -0.21662359462663403, 0.6745156729173879, -0.7223183548802257, -0.3776480675456717, 0.21689604336370075, -0.1421077950100311], [-0.38575200759598705, 0.31661917096756864, 0.2818318933994423, 0.19892539088004563, -0.22429603836333206, -0.24437201655537283, -0.7959795373542371, -0.18801017292882355, -0.4232414675040904, 0.23214139114422067, 0.3242904772407334, -0.0922795934926041, 0.5558970765943146, 0.7438029048832772, 0.6802116344410546, 0.00966623067506818], [-0.34704939827523207, -0.3600321070722521, -0.45467400719900736, -0.4598702287926358, -9.010552244365349e-05, -0.5493544916208518, 0.03355846249554129, 0.5421551125327169, 0.47931788444834206, 0.5505233638526812, 0.6127616082650293, 0.15590841898081878, 0.2006275882716967, -0.383561145763733, 0.04907785830549729, 0.05308502778235103]], "inverted": false, "swapped": false, "error_lsq": 0.045050269258723526, "error_max": 0.2627225716092463, "target": "347.xyz", "model": "14.xyz", "model_rescale": 3.942246331269136, "target_rescale": 3.960581701579602},
{"mapping": [0, 6, 5, 7, 10, 4, 13, 2, 1, 3, 12, 14, 8, 9, 15], "R": [[0.8362489518129901, -0.3674308076918123, -0.40704089739314614], [0.11728853801089077, -0.6052686012604351, 0.7873330420981353], [-0.5356594902015114, -0.7061476629481815, -0.46305981111502015]], "T": [-0.24284775738101216, -0.056728060072170725, -0.008221320381788265], "aligned_model": [[-0.7210884276950134, -0.400746305737497, -0.1884864187113977, 0.1597187957704963, 0.5579179235273334, 0.36768741793418835, 0.014116910757190793, -0.43015185231822517, -0.6324575676642571, 0.27319070036256377, 0.5863183079559781, 0.09480101220049314, -0.4843502032291679, -0.08152660714828039, -0.1406496494721962], [0.05195251252072204, -0.49472378616495416, 0.20375954339789482, -0.67627521921683, -0.3048743940567065, -0.11415476528454077, 0.6156905103966888, 0.6091345982707499, 0.2915307297880448, 0.4898258331047273, 0.35611810966755186, 0.21216199038980965, -0.6689432181377132, -0.46139513112247804, -0.011662623671315694], [-0.297547416542387, -0.5484363303261608, -0.7119129573772494, -0.16684842805699093, 0.3509290446443495, -0.40185906916330943, 0.1460017847080128, -0.19638316940916017, 0.31995445952706514, -0.42043646101050636, 0.13014785605441434, 0.5834115284819636, 0.1525562914676602, 0.5100267426826933, -0.040241395319878415]], "inverted": true, "swapped": true, "error_lsq": 0.03734191893447966, "error_max": 0.3224967692203648, "target": "347.xyz", "model": "15.xyz", "model_rescale": 4.355366556412066, "target_rescale": 3.960581701579602},
{"mapping": [8, 6, 0, 14, 1, 9, 13, 10, 5, 7, 4, 15], "R": [[0.6490764377407597, 0.7189643480554904, 0.24857603302593279], [0.7515234653880112, -0.6566922523751079, -0.06299021068152236], [0.11795023925775028, 0.2276961833137562, -0.9665620462046851]], "T": [-0.06472399968541723, -0.08319798315854396, -0.14532391926385282], "aligned_model": [[-0.1636180306906954, 0.5030646449333172, 0.11345356648561408, -0.6228989030899957, -0.5092250121177224, -0.47295869328176, -0.2786224171282674, -0.23065807630131943, 0.585299485447603, 0.2618399113225205, 0.43500745951505226, -0.022875380462566194], [-0.5518554946212236, -0.4643534008150103, -0.49015660086138957, 0.3898139145951163, -0.25055665835218954, -0.06838516428703328, 0.45400827123904686, 0.5580425414701955, 0.015492004378041171, -0.007211560390592328, 0.40287211658338695, 0.025066458802632155], [0.33380067744248, 0.05701507166714331, -0.5015157691310183, -0.11309814565389217, -0.5392645940953755, 0.394570535344002, -0.6009764710814155, 0.4816272233943818, -0.5110022229905485, 0.5319080550197264, 0.06682232948152125, -0.15062822818758345]], "inverted": true, "swapped": true, "error_lsq": 0.042469926960389454, "error_max": 0.23977196187008287, "target": "347.xyz", "model": "16.xyz", "model_rescale": 3.795458400668931, "target_rescale": 3.960581701579602},
{"mapping": [12, 3, 2, 10, 1, 5, 4, 14, 7, 6, 0, 8, 15], "R": [[-0.6770845491707936, -0.6181429902290906, 0.39931911662831987], [-0.17598967569292817, 0.6628892829805771, 0.7277399484424327], [-0.714551710741554, 0.42246543307131645, -0.5576188756993293]], "T": [0.04128541677144418, 0.12008320629525931, 0.12917941559328058], "aligned_model": [[-0.03817328545840437, -0.1378676937030452, 0.425252080915118, -0.29093315458877445, 0.6504482630940995, -0.25957654850036593, -0.5417579202687253, 0.3991271437488224, -0.6354754267263812, -0.4781453370155383, 0.16965655760970347, -0.11172436368810765, -0.0021985145141784623], [-0.4854894950087067, 0.1411829766823166, 0.4831170948636756, -0.7227940543001314, 0.20708038977218018, 0.6222946378286283, -0.028202417806866498, -0.4917771678591079, -0.13732564236404027, 0.5463614703516511, 0.6706934261523698, 0.07919256337908098, 0.07944748377943546], [-0.5808011269838983, -0.7089119474917209, -0.3552137942707958, 0.02439388270078527, 0.17534702577396988, -0.3433209786614453, -0.2820061202080192, -0.05497855916077504, 0.3455044413066971, 0.3680999007576651, 0.19688784571704476, 0.7878874191832569, 0.029387042173531552]], "inverted": true, "swapped": true, "error_lsq": 0.04634761126394116, "error_max": 0.2836468151737971, "target": "347.xyz", "model": "17.xyz", "model_rescale": 3.7474275329858107, "target_rescale": 3.960581701579602},
{"mapping": [1, 9, 14, 8, 2, 5, 13, 10, 0, 3, 6, 7, 4, 15], "R": [[-0.107777341653753, -0.9802765983849138, 0.16565577347304616], [0.4826348788299122, -0.19726475185233122, -0.8533171692949082], [0.8691648971069224, -0.012017001936471705, 0.4943763478379327]], "T": [0.005645977134731774, -0.11991035962346303, -0.09325680238039855], "aligned_model": [[0.3952952663440558, 0.09947585298812786, 0.6635874742974893, -0.3704022438776846, 0.31451997738368404, -0.2718578984699213, 0.6397110256374948, 0.2332371290060273, -0.20876065733974647, 0.22135102070372867, -0.7015103742366624, -0.4601478622748508, -0.17649452094644355, 0.0368434586675777], [-0.5228568359506112, 0.35656256208712567, 0.18802549750779196, 0.029151806830822247, -0.6562160289034469, -0.3984615704214672, -0.19918094802135244, 0.7615880999786977, -0.6474180020043672, -0.07973029128251208, -0.18180071420852972, 0.4749999889365604, 0.3026829358329039, -0.06693825887038163], [-0.35130117867415933, -0.5649882048212842, -0.18613560995273254, -0.6367165318850075, 0.26845284119232726, 0.5481414270124225, 0.27231128814247896, -0.03890611887140602, -0.09408011526388887, 0.7354741952706854, -0.024671502627022446, -0.07988340512404166, 0.47175775462549385, 0.005339879637788841]], "inverted": true, "swapped": true, "error_lsq": 0.03661062292928977, "error_max": 0.21196026922022704, "target": "347.xyz", "model": "18.xyz", "model_rescale": 3.922800546911778, "target_rescale": 3.960581701579602},
{"mapping": [8, 6, 0, 9, 3, 7, 5, 14, 4, 1, 2, 13, 10, 12, 15], "R": [[-0.5025294395834927, -0.5144650805942643, 0.6948308018510966], [-0.6948101658244288, -0.2379426491049823, -0.6786914830789709], [0.5144929502130525, -0.823837955295846, -0.23788238185084043]], "T": [0.12184673409400223, 0.14223560318059225, -0.15913897498761292], "aligned_model": [[-0.19352850824524784, -0.3150290095583804, 0.36466930112015883, -0.12358143492825005, 0.1654763201535411, -0.6297108159637987, 0.08351167667917195, 0.3470995628651614, -0.3602154001649698, 0.7025287783714748, 0.6920259489923575, 0.5752857332917163, -0.3765730401600962, 0.06869736635560114, 0.09539435807917879], [0.6209693054934234, -0.07838765425287092, -0.05231988564523321, 0.7409384835628021, -0.580036075487447, 0.21151468068917473, -0.5937756267803791, 0.44751450371362544, -0.2997247608116663, 0.3430182141367857, -0.292008074020604, -0.09910311656392828, 0.39215730264418713, -0.11454474919286195, 0.07139895754957112], [-0.520155277080994, -0.677858000574157, -0.6360252908235866, 0.040061631556049304, 0.3005981799118717, -0.12141988458791977, -0.31016466626304634, 0.46728255618123454, 0.16224683585040534, -0.2163581858698112, -0.1453957259602696, 0.368223364476396, 0.5626006846256726, 0.739940191775132, -0.07091724605364824]], "inverted": true, "swapped": true, "error_lsq": 0.03285457747271617, "error_max": 0.25406456705150054, "target": "347.xyz", "model": "19.xyz", "model_rescale": 3.9282355846067225, "target_rescale": 3.960581701579602},
{"mapping": [13, 2, 0, 3, 12, 5, 4, 6, 10, 9, 1, 14, 8, 15], "R": [[-0.3975900482422608, 0.9151586066339676, -0.06638432226431035], [0.4980654346905627, 0.15448943639406587, -0.8532665684351783], [-0.7706185673244693, -0.3723140324328631, -0.5172323316927931]], "T": [0.13238122939458485, -0.13771967993456125, 0.12712019762017268], "aligned_model": [[-0.5335625056819484, -0.10636801682290331, 0.48479047812010106, -0.38964383637205935, -0.7249212926149258, 0.21069893422091623, -0.06347392188359799, 0.7370883172204719, -0.36405943269107344, 0.08442385493412372, 0.022954192739936208, -0.49797730056167033, 0.6223053329367912, 0.050268015540514896], [-0.42839515279594687, -0.7444673577789159, -0.5582518789149922, -0.16713336551037794, 0.15936944956580668, -0.29695087548796023, 0.326989377420698, 0.04986708607842186, 0.610786288454835, 0.27236544388925354, -0.6530684148007648, -0.0776841765779077, 0.12738767625787784, -0.09793201237519214], [0.008844875107708705, -0.17073352158812183, -0.025180775963179525, -0.5522639617424994, -0.10498923271747082, -0.6039766702121644, -0.39889116705200034, -0.20112514928935143, 0.28547659250962654, 0.6636752164469456, 0.44840003922779303, 0.4950629115582156, 0.5127012319681957, 0.05518276898998521]], "inverted": true, "swapped": true, "error_lsq": 0.03803029783135427, "error_max": 0.20787858026047934, "target": "347.xyz", "model": "20.xyz", "model_rescale": 4.067790424073018, "target_rescale": 3.960581701579602},
{"mapping": [10, 6, 12, 14, 3, 5, 13, 7, 4, 8, 11, 1, 9, 0, 15], "R": [[0.5810626093106552, -0.04687296611343848, 0.8125079501819176], [-0.1445694423327648, -0.9884076552128418, 0.04636791412437594], [0.8009156762135988, -0.14440648241813991, -0.5811031297721028]], "T": [0.07998574002132908, 0.061363164513707685, 0.14470281097343718], "aligned_model": [[0.35964418824896394, 0.0761654618718431, -0.2763770522891605, 0.21096429701758684, -0.6811289086968989, -0.5816577658819765, -0.3584550282996315, 0.3629078338599992, -0.2405914293256165, 0.6775706834261399, 0.5233218863690481, 0.10551364477492714, 0.6892405149816991, -0.10690743865612393, 0.00823306650671557], [-0.23499825167011815, 0.7745175923873577, -0.48325224656110566, -0.6262393044888787, -0.08080161379451375, 0.41882346410132143, -0.5277387691428961, 0.4737808830428849, 0.2572224776906846, 0.37232828616559377, 0.1727989758387829, -0.31417434417698153, -0.11539491309036773, 0.31919161051931055, 0.03483129310677265], [-0.6712336613216844, 0.14390776575718575, -0.5287242207377216, -0.07066998424619014, -0.22330783764403067, 0.12370585891847136, 0.09282849013472713, -0.4218020748581288, -0.479693787327545, 0.21662777270277972, 0.7377143448301209, 0.6336805580621099, -0.09178441482244687, 0.6167522021553451, 0.05724856201814882]], "inverted": false, "swapped": true, "error_lsq": 0.03808438214443003, "error_max": 0.24723511218415245, "target": "347.xyz", "model": "21.xyz", "model_rescale": 4.186013935880536, "target_rescale": 3.960581701579602},
{"mapping": [8, 7, 6, 1, 14, 11, 9, 10, 5, 4, 12, 2, 15], "R": [[0.6237148550952702, -0.35732298316467764, -0.6951978604942493], [-0.7747283298378524, -0.4007136833353908, -0.489105877018909], [-0.10380652426576126, 0.843652078578652, -0.5267593148960749]], "T": [0.1414541556212834, -0.04158027654348185, 0.021431871581174634], "aligned_model": [[0.17095053807689262, -0.3569875965660283, 0.3059829422764192, 0.5170835585358419, -0.24725675726969035, 0.6512486021739122, -0.23834312046502806, -0.7581888391442819, 0.3267516440802143, -0.3501954797145229, -0.5612643348214055, 0.5336677412157049, 0.06512513704519726], [-0.4059343905558038, 0.08184019757931399, 0.3079664961555906, -0.38115429241167553, -0.4239289646984702, -0.5200184478208429, -0.566479332303535, -0.19004733209599323, 0.6861341541510949, 0.4930133166555758, 0.17690197817456702, 0.23130659229853806, 0.029356684417733876], [-0.5489682639484367, -0.5329906005947386, -0.578027715609889, 0.3740951258561732, 0.5103605837239732, -0.246586964548031, -0.1750268190246513, 0.041212641884471414, 0.06712010650618797, -0.03766153092015926, 0.6007043293470223, 0.5558119285386875, 0.07283674012473643]], "inverted": false, "swapped": true, "error_lsq": 0.04978729178212815, "error_max": 0.2902429434493695, "target": "347.xyz", "model": "22.xyz", "model_rescale": 4.166573947596378, "target_rescale": 3.960581701579602},
{"mapping": [1, 7, 5, 12, 12, 6, 2, 3, 4, 8, 9, 0, 14, 13, 10, 15], "R": [[0.95815741129183, 0.2330795418977779, 0.16615746247238317], [0.21738708032528486, -0.21488942342069273, -0.9521372763470459], [-0.1862182388870316, 0.9484178735402684, -0.2565663747554776]], "T": [-0.1798170683226047, 0.03306972758320158, 0.11087894645080888], "aligned_model": [[0.17127163419107982, 0.3759398953028542, 0.18032482974507463, -0.801738506076125, -0.801738506076125, -0.4014024728735372, -0.23186714529441266, -0.24125860220817202, 0.3174525685485649, 0.35789652952786544, -0.38888996003314746, 0.6070405183876944, -0.649533493611458, -0.15588984966722852, -0.02527352831135582, -0.14599571862996577], [-0.3954986270351267, 0.4323969695360706, 0.2149402701026799, 0.03461965133431439, 0.03461965133431439, -0.34204507649924604, -0.6310596132203699, -0.348444378748609, -0.43243280017278274, 0.15542661015377635, 0.2840509043041802, -0.1145625524066891, 0.6587697257197065, 0.6696781542274491, 0.7617386936129382, 0.007257754188672257], [-0.33763521079970416, -0.09663394198347876, -0.6159517767724363, -0.09550099014230291, -0.09550099014230291, -0.5130572876429087, 0.015840810104738465, 0.5714205586854614, 0.38634912317307796, 0.7024632770373276, 0.6146111582118186, -0.049793425099017394, -0.006780542610146725, -0.44676819846136406, 0.03278243378843172, 0.056538843341324196]], "inverted": true, "swapped": false, "error_lsq": 0.04541544843499244, "error_max": 0.38055743461876507, "target": "347.xyz", "model": "23.xyz", "model_rescale": 4.274766983524099, "target_rescale": 3.960581701579602},
{"mapping": [1, 6, 5, 13, 4, 12, 14, 10, 9, 7, 15], "R": [[-0.8056405249471658, 0.27404547662505496, -0.5252070270895103], [0.34786645454219045, 0.9364647046730442, -0.04497540111965838], [0.47951253827934603, -0.21893591218202307, -0.8497851446041665]], "T": [0.10020308838945946, 0.12469409440170764, -0.18817249339387224], "aligned_model": [[0.2418754790290372, 0.2239102125604614, -0.44445066787487286, -0.4227679902840473, -0.3928136991007044, -0.5762699008248644, 0.014423313290617329, -0.008673054683859482, 0.531856445987607, 0.21567430734322451, -0.002869741484523458], [-0.32857191156793236, 0.822748219164335, 0.5583626062959757, -0.389289549359464, 0.4610989372198334, -0.2504080245508615, -0.527201256542968, -0.0608619964731546, -0.08222735791432842, 0.5896337975250773, 0.12230306744697081], [-0.5822006561759623, -0.26577050206066016, -0.4732598032823464, -0.25362786401660237, 0.22988005475753662, 0.33983039294629647, 0.13433682475476702, 0.6981153752457122, 0.2905966558008114, 0.39625760632960116, -0.13459165027757639]], "inverted": true, "swapped": true, "error_lsq": 0.048440210658502056, "error_max": 0.2521798179948112, "target": "347.xyz", "model": "24.xyz", "model_rescale": 3.7841303162186577, "target_rescale": 3.960581701579602},
{"mapping": [5, 6, 4, 8, 9, 2, 12, 14, 13, 11, 10, 3, 0, 1, 7, 15], "R": [[0.7320219376327177, -0.3007180978831529, 0.6113202993766689], [0.6284400800738171, -0.04843629767193387, -0.7763484983077189], [0.2630721356990435, 0.9524823099004907, 0.15352687303977047]], "T": [-0.1776716782725115, 0.12940801436945118, 0.04125201338551569], "aligned_model": [[0.11973591100007697, 0.4433467721049631, 0.1420223513625799, -0.6182692202499759, -0.5999395825033517, -0.4633038909024317, -0.1190658370970244, -0.3904249455953014, 0.2744866904516622, 0.36964980410833903, -0.5337530697606986, 0.5583751083182039, -0.47537534008015625, -0.34222821840358025, -0.08641949816668815, -0.11249884166501058], [-0.5190292290844709, 0.4517063267654928, 0.11592446819284959, 0.25675740110740475, -0.26391348794307756, -0.3048466679417391, -0.626624157202616, -0.41290779920135523, -0.34791483778203924, 0.2700476356762263, 0.2993778146656635, -0.15005716630850305, 0.7988519724168117, 0.5794089267720122, 0.6949117138553728, 0.14776242244324628], [-0.4690582967088713, -0.13898764473791897, -0.6327793391913031, -0.33172750795546446, 0.13679635597696937, -0.5052186060682341, 0.053605853123580044, 0.5797021669792103, 0.4651809009099461, 0.5609512158149607, 0.7117528820652668, -0.12944136191438088, -0.026181406606328936, -0.5274805404041881, 0.3489599359255927, 0.026309233479682628]], "inverted": false, "swapped": false, "error_lsq": 0.04399492225621891, "error_max": 0.2627296457576202, "target": "347.xyz", "model": "25.xyz", "model_rescale": 4.19342608120988, "target_rescale": 3.960581701579602},
{"mapping": [8, 6, 0, 14, 1, 9, 13, 10, 5, 7, 4, 15], "R": [[0.6490764377407597, 0.7189643480554904, 0.24857603302593279], [0.7515234653880112, -0.6566922523751079, -0.06299021068152236], [0.11795023925775028, 0.2276961833137562, -0.9665620462046851]], "T": [-0.06472399968541723, -0.08319798315854396, -0.14532391926385282], "aligned_model": [[-0.1636180306906954, 0.5030646449333172, 0.11345356648561408, -0.6228989030899957, -0.5092250121177224, -0.47295869328176, -0.2786224171282674, -0.23065807630131943, 0.585299485447603, 0.2618399113225205, 0.43500745951505226, -0.022875380462566194], [-0.5518554946212236, -0.4643534008150103, -0.49015660086138957, 0.3898139145951163, -0.25055665835218954, -0.06838516428703328, 0.45400827123904686, 0.5580425414701955, 0.015492004378041171, -0.007211560390592328, 0.40287211658338695, 0.025066458802632155], [0.33380067744248, 0.05701507166714331, -0.5015157691310183, -0.11309814565389217, -0.5392645940953755, 0.394570535344002, -0.6009764710814155, 0.4816272233943818, -0.5110022229905485, 0.5319080550197264, 0.06682232948152125, -0.15062822818758345]], "inverted": true, "swapped": true, "error_lsq": 0.042469926960389454, "error_max": 0.23977196187008287, "target": "347.xyz", "model": "26.xyz", "model_rescale": 3.795458400668931, "target_rescale": 3.960581701579602},
