[{"mapping": [8, 11, 5, 6, 11, 1, 12, 10, 9, 7, 2, 3, 0, 13], "R": [[0.5911864429050382, -0.08347663398057065, 0.8022033665502546], [-0.802797745920616, -0.15654305866752538, 0.5753347285952711], [0.0775523621179045, -0.9841371461144478, -0.1595609876117714]], "T": [-0.07382352842449592, 0.024925401422570603, 0.1378291334204912], "aligned_model": [[-0.20408221908097052, -0.049579832128569506, -0.6935306164765236, -0.6184764869753752, -0.049579832128569506, -0.15116545859469943, 0.34714032478433354, 0.653052837884444, 0.630047739964994, 0.32962083373170425, -0.043835893693243824, -0.44815603322368663, 0.307816612583267, 0.016396243002877703], [0.25554998792575434, -0.31442718127064456, -0.3575248744928375, 0.5115057999134616, -0.31442718127064456, -0.32444021860322236, -0.3464631135708785, -0.40259939378834286, 0.22694705712026564, 0.3891285645692852, 0.7122281526980532, 0.273974675188452, 0.1800952988675215, 0.06404676990744475], [-0.597306299837488, -0.4715261887460066, -0.06734438317437108, -0.08831010407241593, -0.4715261887460066, 0.5906050192674657, 0.27917910050977535, -0.4138068173867454, 0.11556571209403804, -0.38751188446577045, 0.48130244426440694, 0.40438108123776634, 0.7902749474764365, 0.007945440730213943]], "inverted": false, "swapped": false, "error_lsq": 0.06501791398973138, "error_max": 0.5719097010902993, "target": "348.xyz", "model": "0.xyz", "model_rescale": 3.8414455957264533, "target_rescale": 3.953616627246337},
{"mapping": [0, 12, 13, 7, 11, 8, 10, 3, 5, 4, 2, 9, 6, 14], "R": [[-0.10189571321324642, 0.5860227843727586, 0.8038622766523903], [0.3383434596071165, 0.7803102039883751, -0.5259654826057587], [-0.9354896936737743, 0.21838791575455946, -0.27778724103624347]], "T": [-0.0027400334746327227, 0.07149161769166401, -0.010058838253650011], "aligned_model": [[-0.3105630884271373, -0.04232781637819635, -0.6974139921364978, -0.37301995202345295, -0.18234787550630502, -0.330406554531577, 0.43294763912822054, 0.681101128796277, 0.6063049815405969, 0.20245293274604592, 0.26352739851299267, -0.5286386028674536, 0.24933891273945544, 0.05471310805701388], [0.3161395542329186, -0.6894339611110053, -0.2078742918737041, 0.5938292887233242, -0.529640817848103, -0.47655525293817247, -0.3928353160960586, 0.15837709204597938, 0.15053018807072469, 0.5002586747597004, 0.6777963683882542, 0.27101420963932166, 0.15653619441936611, 0.025452412781122515], [-0.6190824203036235, -0.05146674614183145, -0.12934748133880825, -0.06493270704219226, -0.5868137430032567, 0.4553245263736793, 0.24085559120705508, -0.38179673135879644, 0.22898061259082245, -0.27439175757125156, 0.31567254120478005, 0.37611613505056934, 0.7242781406793489, -0.061474081195196255]], "inverted": true, "swapped": false, "error_lsq": 0.05627908693302232, "error_max": 0.32608834831214967, "target": "348.xyz", "model": "1.xyz", "model_rescale": 4.316132596720782, "target_rescale": 3.953616627246337},
{"mapping": [5, 6, 12, 3, 11, 2, 10, 0, 8, 4, 9, 13], "R": [[-0.9515307743817091, 0.22159123659040397, 0.21327566497582656], [-0.023990874946750895, -0.7448242175372343, 0.6668293056617536], [0.30661641072166174, 0.6293919357891256, 0.7140393321377912]], "T": [0.049750244234788875, -0.04791013205138581, 0.04971934527086596], "aligned_model": [[-0.22110184828459048, 0.40777830085565075, 0.1922263468738966, -0.613893919511966, -0.5293824921846225, -0.5618631880703228, -0.08332995401680462, -0.11395189094203725, 0.5883068259405113, 0.2687631805532179, 0.3215385475301463, -0.05728135411129851], [-0.49432924088375063, -0.3467915371844587, -0.5269666694846286, 0.27678301537909694, -0.19564509905443075, -0.13967027533631807, 0.28316641469882003, 0.566225904841259, -0.01821699585514009, 0.11140755858167628, 0.43096135742730074, 0.06585199461155436], [0.020944589848456756, 0.04827478967715459, -0.5878947832770364, -0.04895963693528189, -0.5352294870286447, 0.5832870484886656, -0.6701372861150532, 0.5675249859960535, -0.5232987474866906, 0.6648905670437364, -0.11032638744722398, 0.04018280844528513]], "inverted": true, "swapped": true, "error_lsq": 0.039304559875077805, "error_max": 0.20193343703878833, "target": "348.xyz", "model": "2.xyz", "model_rescale": 3.795458400668931, "target_rescale": 3.953616627246337},
{"mapping": [2, 5, 1, 8, 0, 9, 6, 3, 12, 10, 4, 13], "R": [[0.17649880807589163, -0.944293274979654, -0.2777739756996495], [-0.3161067811572105, -0.3216340926193956, 0.8925402026639057], [-0.9321612916519422, -0.06972604458233664, -0.35526554160611334]], "T": [0.02544361788103034, 0.00270503649300864, 0.08536790525318683], "aligned_model": [[-0.14884947587988806, -0.0644972267093982, -0.6632036631224262, 0.2288630530946349, 0.030047223167217814, 0.27110643979883736, -0.2833312501467999, 0.5548102171463604, 0.18800223069589328, 0.7853081828485466, -0.44260994130915043, 0.13765803615973748], [-0.151064933793685, -0.49676859116434663, -0.19700967867836572, 0.06018816575229234, 0.6262612841653157, 0.4660947833965697, -0.09921024512326557, -0.035794296139988385, -0.5564731617209097, -0.017576800335827633, 0.4367561306085132, 0.05036638832340741], [-0.697678786901314, -0.040789151828811876, -0.12452693245390264, 0.8433856041832102, -0.4468355851954191, 0.31714612294632716, 0.4197144719326818, -0.43796331162743973, 0.6486092592450627, 0.34557950900402506, -0.12513135447837523, -0.012738414186943908]], "inverted": true, "swapped": true, "error_lsq": 0.0535103740756619, "error_max": 0.24592838851753193, "target": "348.xyz", "model": "3.xyz", "model_rescale": 3.7530521520055578, "target_rescale": 3.953616627246337},
{"mapping": [2, 11, 3, 10, 0, 12, 4, 6, 7, 9, 13], "R": [[-0.027583063213866665, 0.9466948120112314, -0.3209487615410898], [0.7435297555748253, 0.23403034976803694, 0.6264130410218893], [0.6681337270326807, -0.2213565637121921, -0.710351036110281]], "T": [-0.18185707983923488, -0.035267203837237, 0.024999803136544783], "aligned_model": [[-0.35477743404273143, -0.010963021968045772, 0.26292460061296535, 0.4023933503071058, 0.22415987347040184, -0.4173324481705446, -0.2925917478115161, -0.5158519676621046, -0.17350586579669647, 0.26976145666482726, -0.05601719315845613], [-0.7727433124878637, 0.17688405977079433, -0.37378073247307564, 0.4127068316726471, -0.6851760620105514, 0.6716417843055904, -0.46288544812620447, 0.22023978325718283, 0.25902605439636084, 0.13024766278891686, -0.1089572627794513], [-0.28063551658369795, -0.7656787318006454, -0.46811742963606295, -0.29669304277056024, 0.3162949320547898, -0.2930841735060649, 0.5316208601222251, 0.22669230388214776, 0.8170352285552691, 0.337164740656169, -0.03176839372825288]], "inverted": false, "swapped": true, "error_lsq": 0.05962309425566767, "error_max": 0.3019701587554797, "target": "348.xyz", "model": "4.xyz", "model_rescale": 3.7855080009869324, "target_rescale": 3.953616627246337},
{"mapping": [4, 5, 7, 6, 0, 10, 9, 2, 14, 12, 13, 8, 15, 16], "R": [[-0.6376088007338003, 0.7624131363741765, 0.11036859476724423], [0.08648601368295011, 0.21320700865810127, -0.9731715886195491], [-0.7654901610497926, -0.6109574297307101, -0.20188073804305096]], "T": [0.019461816080569225, 0.09111417039583242, -0.03912184038938786], "aligned_model": [[-0.45661392843367626, -0.28926602142232616, -0.6874009659145862, -0.5101801810863923, 0.04321852678250023, -0.2088749605436268, 0.4689887657444235, 0.6613744496694766, 0.6446243408856327, 0.41959374746798833, -0.009151011148797572, -0.33267651940836607, 0.21159099745241172, 0.07044097960532042], [0.04688050450279012, -0.6153099243627513, -0.15729735962686048, 0.45867664768239597, -0.29503137286337533, -0.4133616695989302, -0.3469527777077764, -0.17140366946017005, 0.2199258623959205, 0.6102249430808901, 0.7467435062074019, 0.25227588368474885, 0.1323604234454525, 0.08586334581393129], [-0.6033877813713129, -0.2856078751146936, -0.03663365676219553, -0.14136785837991564, -0.7164704370795923, 0.43451379739216156, 0.2969390019504228, -0.29371611011080717, 0.18510296670452397, -0.2221073758195114, 0.26779690947223417, 0.548530581380899, 0.7613175582914918, -0.022987841402405815]], "inverted": true, "swapped": false, "error_lsq": 0.04977983015004184, "error_max": 0.2743683472793139, "target": "348.xyz", "model": "5.xyz", "model_rescale": 4.2253639853439635, "target_rescale": 3.953616627246337},
{"mapping": [0, 3, 4, 1, 7, 2, 6, 12, 11, 9, 8, 10, 5, 13], "R": [[0.37518612692056874, 0.42881830776502416, 0.8217969512549219], [-0.11994273455323229, 0.9015659980678563, -0.415683162463677], [-0.9191567388613526, 0.057389982169815806, 0.3896886954381823]], "T": [-0.01887486887089468, 0.09248278071109767, 0.02598774817361226], "aligned_model": [[-0.22603343124320607, -0.183427999235857, -0.6872510288528495, -0.6050140057646562, 0.25544215623813277, -0.2677056152283064, 0.30717100630874355, 0.7711733161230228, 0.7301190746817721, 0.07452691872441047, 0.12969831611522126, -0.40759904223324867, 0.169225831398774, -0.03465727738197114], [0.0880288568502837, -0.5686805478537549, -0.13831128366733478, 0.5214875881611076, -0.41740272999457656, -0.320360900040182, -0.45125422440328006, 0.006710499991444699, 0.08441483594012711, 0.5804304719026903, 0.7552819172100655, 0.3280282042932347, 0.05049196843015821, 0.03472968637368439], [-0.7486916319086766, -0.17097619001426695, -0.004322659642622996, -0.07937623687100723, -0.5163757385533788, 0.4926942587004977, 0.13444107763241828, -0.46371700544533917, 0.2369303223538517, -0.32866642735542195, 0.31665626892877646, 0.6599627830625311, 0.6289771052046732, 0.014385953059263856]], "inverted": false, "swapped": false, "error_lsq": 0.04695404498375066, "error_max": 0.3126406466022854, "target": "348.xyz", "model": "6.xyz", "model_rescale": 3.89814844738969, "target_rescale": 3.953616627246337},
{"mapping": [5, 12, 10, 1, 3, 8, 6, 2, 4, 7, 9, 0, 13], "R": [[-0.7226735823528527, 0.6627006731635388, 0.19639427475842391], [0.6681054263352983, 0.7425658067951675, -0.04723517629872201], [-0.17713845621610236, 0.0970764665984225, -0.9793866075060152]], "T": [-0.04465586756054925, 0.042285954625791905, -0.06162097470585408], "aligned_model": [[0.048227865061555505, -0.12085800146929813, 0.4279831555239089, -0.445891414324227, 0.6821959085274025, -0.31399390726791837, -0.4611425210405682, 0.2805216780053618, -0.38812537041977085, -0.7251717577100444, -0.06375826139694983, 0.13701630650400648, 0.09162812091076393], [-0.3378120342276425, 0.23023765251906161, 0.6367086722085431, -0.5867136579521675, -0.019074883836526765, 0.6851666021952219, 0.03599928388183575, -0.6478426126747773, -0.14940672197632898, 0.4866958879976835, 0.5628854810505763, 0.001745364051612651, 0.06519223223339353], [-0.4085748540416938, -0.8459766190735404, -0.323898643225904, -0.022296537322063693, 0.09170254173463015, -0.4269100410773113, -0.2714199633756427, 0.2302137950598851, 0.48341759573091053, 0.16945545012018076, 0.1779884020743221, 0.7367748069244301, 0.011799097308092768]], "inverted": false, "swapped": true, "error_lsq": 0.045354005853965346, "error_max": 0.2665896529003224, "target": "348.xyz", "model": "7.xyz", "model_rescale": 3.7474275329858107, "target_rescale": 3.953616627246337},
{"mapping": [13, 8, 2, 1, 4, 3, 5, 9, 7, 11, 10, 0, 6, 14], "R": [[-0.3969658218742316, -0.1343361076992019, 0.9079493082942154], [-0.33258180548846594, 0.9430560901634725, -0.0058782194256892795], [-0.8554574676287232, -0.3043008724499698, -0.41903878114613585]], "T": [-0.031943267712471454, 0.14114062324299093, -0.037251724651939364], "aligned_model": [[-0.22054644894995018, 0.012964298263434065, -0.7088750736467943, -0.7593495394265131, -0.26366934570011324, -0.19095783703849717, 0.3817864910201484, 0.6391507550236527, 0.5941859855320374, 0.4556097126328603, 0.2777146290110444, -0.3239421178705355, 0.20713908223022448, -0.07554237143101611], [0.31475996348667346, -0.5226502748596825, -0.3484882979146012, 0.3014871743602754, -0.320802216195825, -0.3250566840158485, -0.32959940449054864, -0.1443828525674673, 0.19772411850196583, 0.41945308629698064, 0.737538913807627, 0.32835722358907504, 0.11599385797574527, 0.12925973521929823], [-0.8988763490754871, -0.18750241506862364, -0.14028737639634664, 0.06260276681300371, -0.6247359233476961, 0.4838135058435121, 0.3095233855424948, -0.25736441737400734, 0.22473701216658953, -0.3042989486687282, 0.31443624172821766, 0.5230159378881937, 0.7432259294421524, -0.07636747034197647]], "inverted": false, "swapped": false, "error_lsq": 0.04924275759385238, "error_max": 0.28912795941985586, "target": "348.xyz", "model": "8.xyz", "model_rescale": 4.019505241142653, "target_rescale": 3.953616627246337},
{"mapping": [10, 3, 9, 8, 12, 6, 4, 11, 5, 2, 0, 1, 13], "R": [[-0.671613393897313, 0.7224366368899431, -0.16437991001604013], [0.09329073366386581, 0.3025575007726819, 0.9485545834260918], [0.735004957908578, 0.6217268406666527, -0.27059831382414845]], "T": [0.09114773728893406, -0.021711157328754574, -0.007553997082940623], "aligned_model": [[-0.31422671327534213, -0.6339734421030012, -0.024661125765980438, 0.4086072505508815, 0.4187999952012053, 0.5532931692996421, 0.23869967354453464, -0.3349119601105007, 0.16236542793483066, -0.24811637139471626, -0.3537799770842083, 0.5113426506211358, -0.06373780567730504], [-0.5569126853095797, -0.0985215761308907, 0.07782431867970703, -0.4260528795299669, -0.7614862880377529, -0.07938088374962354, 0.633751746165347, -0.7104243435329326, -0.27718330089179455, 0.30894418643565985, 0.66154046670034, 0.294800081480584, -0.0035206141650386547], [-0.4488548785705135, 0.14699758768206106, -0.5602586361612393, -0.6033743037107643, -0.04906467852920603, -0.03229410074223445, 0.011971196163311836, 0.20109107157907846, 0.4431575378313541, 0.6578423634330708, -0.0929395326423911, 0.5229493096952957, -0.020519441983944356]], "inverted": true, "swapped": true, "error_lsq": 0.0504696259671484, "error_max": 0.3063224971241617, "target": "348.xyz", "model": "9.xyz", "model_rescale": 3.877068213659057, "target_rescale": 3.953616627246337},
{"mapping": [1, 12, 0, 8, 5, 11, 6, 3, 13, 4, 2, 9, 14, 15], "R": [[-0.27767816445287113, 0.553138211396117, -0.7854507980004787], [0.9532753847536626, 0.2599277793361844, -0.1539597036633812], [0.11899948659065951, -0.7915021595819334, -0.5994693099469689]], "T": [0.0469646731261277, 0.05988741015514655, 0.05897252527083496], "aligned_model": [[-0.349963963663078, -0.07065673333421857, -0.5757953820930085, -0.6482958846083684, -0.0036238926181377043, -0.534211669072119, 0.42547790775811833, 0.5045816293373081, 0.7370710756977835, 0.34089410380522434, 0.167774445434488, -0.22394355234104982, 0.27777114639674755, -0.021411011049707974], [0.2238956847641801, -0.6588626566662976, -0.3056961054152359, 0.3904160435342932, -0.23893024108353433, -0.32075318017397214, -0.39518658688063957, -0.13923675377234462, 0.2501509083957289, 0.46318264942720516, 0.681502917823027, 0.37051381790719157, 0.2183540715154781, 0.014243773818587727], [-0.6949873896847714, -0.10763708399582639, -0.2761164814131329, 0.11080412936841944, -0.6615441300305299, 0.30797468696159314, 0.23200420894509344, -0.33307036964809744, 0.35084826994746054, -0.3982463714363395, 0.2573522558158435, 0.5744967944191828, 0.7877648384659413, 0.02227852143646216]], "inverted": true, "swapped": false, "error_lsq": 0.045184045379815095, "error_max": 0.29058324647420813, "target": "348.xyz", "model": "10.xyz", "model_rescale": 4.260839863003843, "target_rescale": 3.953616627246337},
{"mapping": [2, 3, 9, 0, 7, 4, 1, 5, 10, 8, 6, 13], "R": [[-0.583277121970257, -0.1762424562997552, 0.7929226920599026], [0.365447154900471, -0.9287385733288851, 0.06239422558361446], [0.7254213782080354, 0.3261644661952873, 0.6061192663414505]], "T": [0.08288704377871854, 0.03018388819340656, 0.011797270688897375], "aligned_model": [[0.4162445573773988, 0.34595580097085354, -0.381829707633986, -0.3620253272585087, -0.6379706486949714, -0.34457148707585494, 0.22198239676669573, 0.5772811820822922, 0.1498831158352818, -0.14768380447464435, 0.039462572524410475, 0.08216999867516342], [-0.005405207368757957, -0.6058312683423243, -0.23846156883010144, -0.2816588329141515, 0.3712056748602829, 0.2963155676902219, 0.6517579537689766, 0.19501738821247058, -0.5896560273409346, 0.05439628705370807, 0.43954751329928415, -0.11414897455574066], [-0.733046063706465, -0.274325617663118, 0.21346378050653794, -0.6021174154269704, 0.29120147243967565, -0.43344149501873097, -0.37868326886016823, -0.03159877273629098, 0.5185769014598867, 0.7638115340778197, 0.2310049533538824, -0.048667931030554286]], "inverted": false, "swapped": true, "error_lsq": 0.0496056193786495, "error_max": 0.32072126874316115, "target": "348.xyz", "model": "11.xyz", "model_rescale": 3.890672605050136, "target_rescale": 3.953616627246337},
{"mapping": [10, 1, 2, 4, 11, 0, 6, 9, 5, 12, 7, 3, 8, 13], "R": [[0.9189798492633098, 0.3316631903437672, -0.21325000543723047], [-0.29194816526484607, 0.20881153252933907, -0.933361673029935], [-0.2650326497744663, 0.9199985174193179, 0.2887220505950009]], "T": [0.05900772517851031, -0.07702167790251982, 0.012857398015104743], "aligned_model": [[-0.22351583250038445, -0.3475962206208234, -0.49119528613568203, -0.5697324534011166, 0.008219033982458268, -0.32427372175123587, 0.3552530914544743, 0.7198174951712301, 0.6718940882552655, 0.16210112985906372, 0.14337932636346237, -0.3885045055430562, 0.29882268453948796, 0.010999389976838393], [0.3018035145845863, -0.7180982052201426, -0.1442834093391639, 0.23008267931631318, -0.3295615332559745, -0.2384263897365542, -0.5569889327308064, -0.06737726698697794, 0.3967243076326732, 0.5856712316389217, 0.7217244763474678, 0.31834964529040466, -0.03007803097810932, 0.08405225663102958], [-0.7462291697333499, 0.18312896866924602, -0.4324701662470096, -0.02495457683424638, -0.4733589059072344, 0.4320690285603799, 0.13087629986635896, -0.3983090515423249, 0.08290901454817398, -0.31170693197194643, 0.2989521100612097, 0.7174689762291723, 0.6907040806198528, 0.02284220283301714]], "inverted": true, "swapped": false, "error_lsq": 0.054145022051437626, "error_max": 0.3746990629991908, "target": "348.xyz", "model": "12.xyz", "model_rescale": 4.124412569039231, "target_rescale": 3.953616627246337},
{"mapping": [4, 0, 3, 7, 2, 1, 9, 6, 10, 8, 5, 11, 13], "R": [[-0.8070066265715763, -0.1977418273051344, 0.5564516820026612], [-0.21178746396953996, 0.9765024628179769, 0.039862390994223035], [-0.5512588999507538, -0.08568027686960342, -0.8299231984832287]], "T": [0.11965749134828649, 0.060007035283932905, -0.049158856844378526], "aligned_model": [[-0.1662250845820775, -0.08577216789339281, 0.5068657674356275, -0.6762953742149707, 0.670866650518492, 0.32584985336745664, -0.36281269782809067, -0.021325290115489226, 0.07209630703160555, -0.33560613717234833, 0.5886906454544601, 0.7020349253871738, 0.1489309101213112], [-0.2781989813249442, 0.2576828178157085, 0.62591572589649, -0.20977437075654687, -0.05150051371618436, -0.6264408348245053, 0.36977313045024945, -0.2997439104711212, 0.76324004648126, 0.1822964803236728, -0.11841991456051744, 0.5423563577490615, 0.19029934344585453], [0.4564815964719811, 0.7194809043850124, 0.24308053545469993, -0.13676826554237131, 0.5432261005538407, 0.16167501010793583, -0.04085797457207967, -0.31034726156781894, -0.4347970998049829, -0.679281804245381, -0.19630024198414409, -0.4063158793377068, 0.032422461048853865]], "inverted": false, "swapped": true, "error_lsq": 0.04987453791435437, "error_max": 0.33365328105160724, "target": "348.xyz", "model": "13.xyz", "model_rescale": 3.9028299243045295, "target_rescale": 3.953616627246337},
{"mapping": [11, 13, 14, 9, 12, 10, 5, 8, 0, 2, 3, 7, 4, 15], "R": [[-0.4031154872239115, 0.627358017992935, 0.6662730830674498], [0.8670183975110131, 0.028813028951198916, 0.49744236624969196], [0.2928771113242954, 0.7781977426224224, -0.5555459216299791]], "T": [0.049978743401936136, 0.13740328710342234, -0.050102665431212196], "aligned_model": [[-0.4691811706274646, -0.10940891767311889, -0.7051952174718756, -0.6828079361122233, 0.08484365061322752, -0.34718723353827885, 0.27007611609240534, 0.7306255525980865, 0.7849600429474427, 0.5714822754018237, 0.22115583567747682, -0.5177430377273029, 0.24431130423676875, -0.050263044766985183], [0.10516352145706606, -0.6373486842238859, -0.3098592195767109, 0.38279762053837274, -0.2850558889044168, -0.24631411382729815, -0.3120826274278322, -0.15436387060613596, 0.3031632928914201, 0.5178459749358386, 0.6127445090576791, 0.378210249503788, 0.022463428830491322, 0.17623015054529223], [-0.5747837776450782, -0.13380635840056274, -0.1628820594680446, 0.010318853155225377, -0.6019658475812918, 0.45026994076648097, 0.0576998986751535, -0.26941752213455716, 0.2956465486594203, -0.4042879233715637, 0.315189780465601, 0.613472456109766, 0.5889489433315569, -0.012481053410807366]], "inverted": true, "swapped": false, "error_lsq": 0.040882383399256574, "error_max": 0.3133325288989567, "target": "348.xyz", "model": "14.xyz", "model_rescale": 3.942246331269136, "target_rescale": 3.953616627246337},
{"mapping": [9, 7, 2, 5, 6, 0, 8, 11, 13, 4, 3, 1, 12, 14], "R": [[-0.028167166472642592, 0.13745598713241705, -0.9901072983946513], [-0.748431644722533, 0.6536793726317497, 0.11204173764131986], [0.6626135253002512, 0.7441835320653198, 0.08446411481782322]], "T": [0.05631005847538485, 0.11694206688533432, -0.07919401073399053], "aligned_model": [[-0.39554305209133334, -0.3480357563220189, -0.6507884143805179, -0.5189155151642019, 0.16205125017807592, -0.29312636491530625, 0.315012256912916, 0.6970620122853515, 0.767532080999632, 0.40261523719034015, -0.05411818111131883, -0.33298656274172633, 0.26986133131192486, 0.005047897498164602], [0.00944873020092693, -0.5966833547511694, -0.1549879366804226, 0.3719584546383516, -0.2766589463644145, -0.3931736425920666, -0.6005353826947735, -0.0707611220775825, 0.24236790939039754, 0.578375538410751, 0.7449110829721202, 0.3580387638563317, 0.2626318130763761, 0.07866243580884238], [-0.7367928665511181, -0.32048787260988854, 0.014153412824797637, 0.003641607194079813, -0.46219065834919704, 0.31879296370179067, 0.05172660702884756, -0.34056629541316574, 0.29411743995260475, -0.18319329666331818, 0.25248120576163824, 0.5893581257514406, 0.6962069241941483, -0.005325417671361118]], "inverted": true, "swapped": false, "error_lsq": 0.05325165813171805, "error_max": 0.3409079033470518, "target": "348.xyz", "model": "15.xyz", "model_rescale": 4.355366556412066, "target_rescale": 3.953616627246337},
{"mapping": [5, 6, 12, 3, 11, 2, 10, 0, 8, 4, 9, 13], "R": [[-0.9515307743817091, 0.22159123659040397, 0.21327566497582656], [-0.023990874946750895, -0.7448242175372343, 0.6668293056617536], [0.30661641072166174, 0.6293919357891256, 0.7140393321377912]], "T": [0.049750244234788875, -0.04791013205138581, 0.04971934527086596], "aligned_model": [[-0.22110184828459048, 0.40777830085565075, 0.1922263468738966, -0.613893919511966, -0.5293824921846225, -0.5618631880703228, -0.08332995401680462, -0.11395189094203725, 0.5883068259405113, 0.2687631805532179, 0.3215385475301463, -0.05728135411129851], [-0.49432924088375063, -0.3467915371844587, -0.5269666694846286, 0.27678301537909694, -0.19564509905443075, -0.13967027533631807, 0.28316641469882003, 0.566225904841259, -0.01821699585514009, 0.11140755858167628, 0.43096135742730074, 0.06585199461155436], [0.020944589848456756, 0.04827478967715459, -0.5878947832770364, -0.04895963693528189, -0.5352294870286447, 0.5832870484886656, -0.6701372861150532, 0.5675249859960535, -0.5232987474866906, 0.6648905670437364, -0.11032638744722398, 0.04018280844528513]], "inverted": true, "swapped": true, "error_lsq": 0.039304559875077805, "error_max": 0.20193343703878833, "target": "348.xyz", "model": "16.xyz", "model_rescale": 3.795458400668931, "target_rescale": 3.953616627246337},
{"mapping": [5, 12, 10, 1, 3, 8, 6, 2, 4, 7, 9, 0, 13], "R": [[-0.7226735823528527, 0.6627006731635388, 0.19639427475842391], [0.6681054263352983, 0.7425658067951675, -0.04723517629872201], [-0.17713845621610236, 0.0970764665984225, -0.9793866075060152]], "T": [-0.04465586756054925, 0.042285954625791905, -0.06162097470585408], "aligned_model": [[0.048227865061555505, -0.12085800146929813, 0.4279831555239089, -0.445891414324227, 0.6821959085274025, -0.31399390726791837, -0.4611425210405682, 0.2805216780053618, -0.38812537041977085, -0.7251717577100444, -0.06375826139694983, 0.13701630650400648, 0.09162812091076393], [-0.3378120342276425, 0.23023765251906161, 0.6367086722085431, -0.5867136579521675, -0.019074883836526765, 0.6851666021952219, 0.03599928388183575, -0.6478426126747773, -0.14940672197632898, 0.4866958879976835, 0.5628854810505763, 0.001745364051612651, 0.06519223223339353], [-0.4085748540416938, -0.8459766190735404, -0.323898643225904, -0.022296537322063693, 0.09170254173463015, -0.4269100410773113, -0.2714199633756427, 0.2302137950598851, 0.48341759573091053, 0.16945545012018076, 0.1779884020743221, 0.7367748069244301, 0.011799097308092768]], "inverted": false, "swapped": true, "error_lsq": 0.045354005853965346, "error_max": 0.2665896529003224, "target": "348.xyz", "model": "17.xyz", "model_rescale": 3.7474275329858107, "target_rescale": 3.953616627246337},
{"mapping": [8, 6, 0, 3, 4, 2, 9, 5, 12, 10, 11, 1, 7, 13], "R": [[0.36713366124097563, -0.25767519226406965, -0.8937652768347353], [0.8649398418852894, -0.2589079391023658, 0.4299369128014203], [-0.34218700253406337, -0.9308975101274255, 0.12781972044763884]], "T": [0.0037492459410316246, 0.08697494463233929, 0.04763399654509769], "aligned_model": [[-0.24863349514868396, -0.043638299362822625, -0.7221474063734347, -0.36267391200291943, -0.0042783037265218, -0.342612734912391, 0.4121378032194362, 0.5256563555695085, 0.73708867428065, 0.29791713469534525, 0.10168830385637839, -0.527663428115476, 0.26878241681773607, -0.06595488914682301], [0.22349691230090268, -0.6819450368794198, -0.2706776557341611, 0.6382263252524081, -0.44981103759956226, -0.3882489260891889, -0.4396506122356772, 0.04880844611285659, 0.13742807907563614, 0.6018680323249261, 0.7140106199650342, 0.2999872833889155, 0.11115505724969496, 0.008946856061303216], [-0.6115466733494654, 0.00870721858489653, -0.16284416952112396, -0.10218311194416775, -0.5856291318196233, 0.4451618254142524, 0.10770457997483954, -0.4517418378525079, 0.18512831417629266, -0.3056219049423089, 0.39255553052171055, 0.4358925833133005, 0.7523268534161948, 0.06401180317900915]], "inverted": true, "swapped": false, "error_lsq": 0.04932540459099384, "error_max": 0.31279392811005197, "target": "348.xyz", "model": "18.xyz", "model_rescale": 3.922800546911778, "target_rescale": 3.953616627246337},
{"mapping": [8, 0, 1, 6, 5, 2, 3, 12, 7, 13, 11, 10, 9, 14], "R": [[0.09044481883001698, 0.6905197892058688, 0.7176365065002535], [0.3631855160664268, -0.6938343359867074, 0.6218441887848181], [0.9273165671260106, 0.2043925999662604, -0.3135405068131765]], "T": [-0.053707188253789825, 0.09809943884379532, -0.0668370300996052], "aligned_model": [[-0.2282701503794008, -0.0368161568360255, -0.6880319168523307, -0.6827842768166552, 0.0016621115258063507, -0.28760021383345297, 0.36560529362609334, 0.60447186122875, 0.6840046003645732, 0.32371177814208907, 0.21303873052554406, -0.414602785007167, 0.14139954027728796, 0.029879803684870018], [0.28982590316848755, -0.7366055839434252, -0.2778247390013264, 0.37467348089583097, -0.41571359969663124, -0.22235508948097146, -0.35737546097214434, -0.06449365336011184, 0.16826283554430474, 0.6343037295134556, 0.6230787846316092, 0.4543041313847457, -0.01400519803354458, 0.09751880254338945], [-0.6210566518680013, -0.029089796183622146, -0.13238224453744696, -0.1263062475266011, -0.6284989588908367, 0.5295956238095588, 0.09400109275221646, -0.46555732022332785, 0.23160799625466008, -0.2714186257828396, 0.33377115014584724, 0.5604374174264654, 0.7155369858208392, -0.018718542045612956]], "inverted": false, "swapped": false, "error_lsq": 0.03969340889781971, "error_max": 0.2373153635500243, "target": "348.xyz", "model": "19.xyz", "model_rescale": 3.9282355846067225, "target_rescale": 3.953616627246337},
{"mapping": [11, 12, 10, 0, 9, 2, 7, 8, 6, 4, 3, 1, 5, 13], "R": [[-0.06986312464202829, -0.8910808914899846, 0.4484350439435649], [0.8850361826751345, 0.15203754731914734, 0.43999493129012807], [-0.46025003983821544, 0.4276206601961517, 0.7780170125404258]], "T": [0.11138546820087458, 0.006902945637850856, 0.005436974424735005], "aligned_model": [[-0.2771111938949927, -0.06020338969863062, -0.688085536584575, -0.4234546183670047, 0.11924463123876128, -0.36514941419927616, 0.26813927863570897, 0.6272611501690881, 0.6826329624635624, 0.21460167809740613, 0.12496430547177195, -0.38739838085848505, 0.2228822235944716, -0.03265547641782435], [0.20355001751615606, -0.7785735460615584, -0.3031375543385076, 0.5876143100464876, -0.34375969886634883, -0.27308229493956604, -0.531559011323619, 0.07773634865461204, 0.1290511386850793, 0.5328160938284422, 0.6975839120796851, 0.3467176651502879, 0.1497577793770712, 0.058879183385446565], [-0.5635651731880951, -0.270929250175698, -0.07796176581286568, -0.12462985933222881, -0.5907163351722596, 0.6163698523045872, 0.276702048105456, -0.5490686512447271, 0.29801204733929776, -0.3294206363812142, 0.3039842686929992, 0.4495556799830874, 0.6798634880365831, 0.05372616599637646]], "inverted": true, "swapped": false, "error_lsq": 0.052042152513366614, "error_max": 0.2842440422608555, "target": "348.xyz", "model": "20.xyz", "model_rescale": 4.067790424073018, "target_rescale": 3.953616627246337},
{"mapping": [10, 7, 1, 5, 9, 8, 0, 12, 3, 11, 6, 4, 2, 14], "R": [[0.5551840751779842, -0.8212888610121514, -0.131359238145361], [-0.5424668505347913, -0.4772761011789653, 0.6913300509266691], [-0.6304762951448937, -0.31255740276110777, -0.7104980726501655]], "T": [-0.025879530634887054, 0.10713271998928123, 0.0313673170708748], "aligned_model": [[-0.14164854710979746, -0.20518374174585835, -0.6340524507163674, -0.5822245329108857, -0.022698163910507385, -0.41011911557699127, 0.3059543352657274, 0.544769816556456, 0.7949003251675903, 0.3158608521391281, 0.1043654576155953, -0.3459803087416675, 0.3238323730622002, -0.02210807944464016], [0.16170198535098115, -0.6148786668272339, -0.25333783193183324, 0.2709710337918545, -0.36503970049295553, -0.21642261998557907, -0.4198989795647552, -0.08775308897057232, 0.2914314977858078, 0.5109776638832046, 0.753632008179524, 0.2767569383503886, 0.14111447147830228, 0.1043396321465348], [-0.7778956511020083, -0.02532055106641741, -0.3851561297554368, 0.14138261705562377, -0.5859599735218878, 0.30125577562797123, 0.37280823820891873, -0.44127706395342675, 0.15825074964735797, -0.34032479483349626, 0.36697395601073957, 0.7463747374079618, 0.6873160624140072, -0.046506092988607875]], "inverted": false, "swapped": false, "error_lsq": 0.04549713325508425, "error_max": 0.27717956634970914, "target": "348.xyz", "model": "21.xyz", "model_rescale": 4.186013935880536, "target_rescale": 3.953616627246337},
{"mapping": [11, 10, 3, 1, 6, 2, 5, 8, 0, 9, 7, 4, 13], "R": [[-0.8418075540174004, -0.38509481555939395, -0.3782354095381848], [0.08657818342479581, 0.595322437959221, -0.7988087462072209], [0.532789132916677, -0.7051901714371565, -0.4678061157726881]], "T": [-0.015164972930700519, -0.09497886993095087, 0.028689623501183623], "aligned_model": [[-0.09005653021882887, -0.5034978161359366, 0.31241836237956855, 0.4142945870919191, -0.22724699964829415, 0.7893880668258505, 0.1591204561412455, -0.8003240370481407, 0.4541302855412525, -0.3373214534126084, -0.46260558181653855, 0.31105745535108886, 0.03921724037264755], [-0.40840370527270553, 0.09102677957030611, 0.1257428691194698, -0.4709651763805517, -0.34431552359250583, -0.16838647454408862, -0.5692408580237555, -0.09778276263430138, 0.5735457191206274, 0.3792020102582856, 0.21540682149016407, 0.19137431432196897, 0.00175264611317974], [-0.7430238016214717, -0.5815959828551464, -0.6034162457408621, 0.5107432218210044, 0.36090750003270045, -0.09168952000915935, -0.10613996956316119, 0.08152891648625815, 0.0988392966838805, 0.04169411316615676, 0.6747979765015593, 0.5418808218621302, -0.08164676542854314]], "inverted": false, "swapped": true, "error_lsq": 0.053655796703990156, "error_max": 0.28338250721575686, "target": "348.xyz", "model": "22.xyz", "model_rescale": 4.166573947596378, "target_rescale": 3.953616627246337},
{"mapping": [14, 6, 5, 10, 12, 1, 2, 11, 3, 9, 8, 0, 4, 15], "R": [[0.669464609099533, -0.6884648208467194, -0.2789862498756959], [-0.3279274400948018, -0.6108894377662029, 0.7206092483853943], [-0.6665438704212048, -0.39093514204045055, -0.6347353649527755]], "T": [-0.0016994379159088898, 0.0838910163076529, -0.044126803983177254], "aligned_model": [[-0.2304541571996688, -0.13618556796597658, -0.7730852939840953, -0.5314140371897074, 0.12202698519486439, -0.23134529874699084, 0.3251436516835866, 0.6771338820520649, 0.5634741941027934, 0.3044990625080902, 0.11386569473216311, -0.37458966617843076, 0.23693254862035565, -0.04033377797906671], [0.2346969182726989, -0.6643729705707233, -0.19202231438571465, 0.537276222499601, -0.2697629709389658, -0.381576310552311, -0.41630584054652126, -0.06305618049105548, 0.14816687488551306, 0.5248334603546272, 0.7576354249279955, 0.14352815710205752, 0.15364337043395232, 0.040910502202513924], [-0.7863576451358223, -0.07762484470046982, 0.09693231909997926, -0.3175962377898871, -0.5817158521956565, 0.44444459007927944, 0.26536623045112584, -0.4178715999077012, 0.15048571280577883, -0.31294162064712033, 0.38806795788934306, 0.6798566571139719, 0.6472796592930848, -0.0064034472046069005]], "inverted": false, "swapped": false, "error_lsq": 0.04862106894780971, "error_max": 0.3306187278078645, "target": "348.xyz", "model": "23.xyz", "model_rescale": 4.274766983524099, "target_rescale": 3.953616627246337},
{"mapping": [3, 9, 12, 5, 6, 1, 2, 4, 0, 7, 13], "R": [[-0.12397584548284868, 0.7048071269930096, -0.6984818562258243], [0.9572795635516715, 0.2702709729860342, 0.10280777386707768], [0.2612390226270468, -0.6558967257892377, -0.7082045313013913]], "T": [-0.0754349667636227, 0.14739751283543226, -0.07394739734354863], "aligned_model": [[0.31916131859365227, 0.3486400769749948, -0.6258563571501663, -0.4851622005486287, -0.41560681522874876, -0.5111447972904187, -0.03980602997769439, 0.11182324007085233, 0.5999074257377293, 0.02849564694747976, 0.049443195829023526], [-0.2992530859057194, 0.5332449822147236, 0.5333428022860083, -0.1312176578921516, 0.39846142853099376, -0.19005684328220598, -0.6605015014628269, 0.02341450241979881, -0.17077053029358027, 0.797425147659123, 0.08149728696932032], [-0.521589857147235, -0.06480904647143026, -0.5260855503018161, -0.24120780460646044, 0.1229441823401082, 0.4304912898177984, 0.04100985535602886, 0.5595721382845268, 0.26482375204860764, 0.45582697088796886, -0.14140949618651916]], "inverted": false, "swapped": true, "error_lsq": 0.04699441498080237, "error_max": 0.2820423333939455, "target": "348.xyz", "model": "24.xyz", "model_rescale": 3.7841303162186577, "target_rescale": 3.953616627246337},
{"mapping": [1, 5, 2, 8, 4, 12, 3, 6, 11, 7, 10, 14, 13, 15], "R": [[0.9622297049066504, 0.0836003384619119, 0.2590848864837824], [0.13413377474641092, 0.6825621070282113, -0.7184129039218935], [-0.23690108794081072, 0.7260302703457086, 0.6455679058582433]], "T": [-0.047830856042307815, 0.1892833302858863, -0.02507369302589482], "aligned_model": [[-0.2177601414047684, -0.2478882220278361, -0.6641544336237428, -0.5049547879764585, -0.036540328584220405, -0.29618494066875123, 0.3934539601869986, 0.5339609964240598, 0.6604112627899023, 0.3691638686394783, -0.028396812350992118, -0.24210519740338665, 0.2981379157165286, 0.008525079933170823], [0.2261216286926328, -0.6615458664343278, -0.2334252914873154, 0.2930044171770533, -0.3812093241144996, -0.2960284023561691, -0.4811383003234434, -0.05733654764889895, 0.274843689067921, 0.6607821328027131, 0.8729180515796727, 0.28491734423105913, -0.10457529191962345, 0.15626610392689322], [-0.7481251238037494, 0.04844823409146817, -0.12634410688425327, -0.3852645183199879, -0.5058179058077809, 0.5021498622497236, 0.04424034458371137, -0.37539258839725903, 0.2586516940649279, -0.18819891766334598, 0.345764534594411, 0.7380845985336053, 0.6120704950463203, -0.048344723136492476]], "inverted": false, "swapped": false, "error_lsq": 0.05338672720198053, "error_max": 0.4216187839220077, "target": "348.xyz", "model": "25.xyz", "model_rescale": 4.19342608120988, "target_rescale": 3.953616627246337},
{"mapping": [5, 6, 12, 3, 11, 2, 10, 0, 8, 4, 9, 13], "R": [[-0.9515307743817091, 0.22159123659040397, 0.21327566497582656], [-0.023990874946750895, -0.7448242175372343, 0.6668293056617536], [0.30661641072166174, 0.6293919357891256, 0.7140393321377912]], "T": [0.049750244234788875, -0.04791013205138581, 0.04971934527086596], "aligned_model": [[-0.22110184828459048, 0.40777830085565075, 0.1922263468738966, -0.613893919511966, -0.5293824921846225, -0.5618631880703228, -0.08332995401680462, -0.11395189094203725, 0.5883068259405113, 0.2687631805532179, 0.3215385475301463, -0.05728135411129851], [-0.49432924088375063, -0.3467915371844587, -0.5269666694846286, 0.27678301537909694, -0.19564509905443075, -0.13967027533631807, 0.28316641469882003, 0.566225904841259, -0.01821699585514009, 0.11140755858167628, 0.43096135742730074, 0.06585199461155436], [0.020944589848456756, 0.04827478967715459, -0.5878947832770364, -0.04895963693528189, -0.5352294870286447, 0.5832870484886656, -0.6701372861150532, 0.5675249859960535, -0.5232987474866906, 0.6648905670437364, -0.11032638744722398, 0.04018280844528513]], "inverted": true, "swapped": true, "error_lsq": 0.039304559875077805, "error_max": 0.20193343703878833, "target": "348.xyz", "model": "26.xyz", "model_rescale": 3.795458400668931, "target_rescale": 3.953616627246337},
{"mapping": [9, 4, 7, 8, 12, 3, 0, 10, 2, 6, 11, 5, 13], "R": [[0.512042597789974, -0.7686486214901695, -0.3833949331039175], [-0.13909137669920174, -0.5146543353463461, 0.846040486050834], [-0.8476237177996, -0.3798818392480391, -0.3704373377956268]], "T": [-0.02294277579817923, -0.03191194853153277, 0.0010503037342751917], "aligned_model": [[-0.06396574451832875, 0.4598897747274413, 0.5817484740408929, 0.022058718397734017, -0.15461631193015363, -0.6717381852798795, -0.020052251247330524, -0.6544681811677189, -0.12674467862618066, 0.3319153691026378, -0.7573966466019487, -0.10450568937920925, -0.14244826469669952], [-0.503236509911948, -0.37305112571420684, -0.40750786891731705, -0.031067105813051124, 0.5467303681154583, -0.1853022536527092, -0.7063138911091197, -0.14926555987938606, 0.05014911012632696, 0.18145926769710025, 0.3626076579096521, 0.4532221618427227, -0.11654274743660817], [-0.3229430537314606, 0.32086464810464665, -0.45422387376052553, -0.7846015023631494, -0.5504762432900392, 0.3344010027330764, 0.46715952607800426, -0.4815669162252528, 0.807075462156806, -0.21357656197819594, -0.06465567066257769, 0.178451683046787, 0.05622816199130624]], "inverted": false, "swapped": true, "error_lsq": 0.04523969735377294, "error_max": 0.25898575967180343, "target": "348.xyz", "model": "27.xyz", "model_rescale": 3.6321398670334006, "target_rescale": 3.953616627246337},
