[{"mapping": [1, 9, 5, 12, 6, 8, 7, 2, 10, 11, 13], "R": [[-0.37790457417771806, -0.5124449937906801, 0.7710954941863088], [0.8547167836558691, 0.12703574462186437, 0.5033101820203276], [-0.35587547337871506, 0.8492714806981563, 0.3899879479166468]], "T": [-0.010208141895140906, -0.09726615765104142, -0.07830303819629096], "aligned_model": [[-0.17372362067881691, 0.4573296334687922, -0.670195977316521, -0.08332671954341271, 0.07418969468083317, -0.13521921701458894, 0.2828541011879189, 0.6923810573422998, -0.23970497623068704, -0.49479243508053566, 0.015950037196502318], [-0.08420613497903935, 0.45408441591650983, -0.4662309147981991, 0.4159704632119281, -0.7578168191612112, -0.20813128203730263, 0.18657062464670338, -0.4043291368321298, 0.8105525450664381, 0.15057613287377253, -0.014441944725435876], [-0.6315988337965502, 0.04071017703085668, -0.052181676808765606, -0.33591059356192887, 0.2973245871821225, 0.6850188381540459, 0.5580503896796476, -0.13608702681796947, 0.2940211896857274, 0.3585196977833121, 0.05952207444746023]], "inverted": false, "swapped": false, "error_lsq": 0.04832479994530919, "error_max": 0.264977310206071, "target": "349.xyz", "model": "0.xyz", "model_rescale": 3.8414455957264533, "target_rescale": 3.845780714239323},
{"mapping": [0, 7, 1, 4, 12, 10, 6, 13, 2, 5, 14], "R": [[0.3513577177568838, 0.44580926543691046, 0.8232872238916842], [0.01768910895717951, -0.8823577450351537, 0.47024664294472074], [0.9360741688546772, -0.15066156984141954, -0.3179091722110956]], "T": [0.05433957064798298, -0.0091603877816099, 0.10247190631261807], "aligned_model": [[0.0390380634493572, 0.3400135939399628, -0.6253469488845798, -0.2637833118434758, 0.09608022888693493, -0.20114017809592025, 0.16562872590278255, 0.6252435555571054, -0.0525126562681264, -0.3787433037603788, -0.018736190871877667], [-0.03202551214556736, 0.40572947092247746, -0.40960911529157157, 0.3285995944341281, -0.7363657822809089, -0.2942654289047858, 0.35501093437970316, -0.4073340575884927, 0.7028354027338484, 0.23137408322279052, -0.06135164029958717], [-0.6219315858603821, -0.2965415767876368, -0.25272514177492644, -0.1813119214456609, 0.32989128879346685, 0.6697694595580856, 0.7843964958543038, -0.19814973184194593, 0.2644883360651788, 0.5371041383609532, 0.1023990620565222]], "inverted": false, "swapped": false, "error_lsq": 0.04195022076596351, "error_max": 0.23898748353385535, "target": "349.xyz", "model": "1.xyz", "model_rescale": 4.316132596720782, "target_rescale": 3.845780714239323},
{"mapping": [4, 3, 0, 5, 8, 1, 10, 6, 7, 9, 11], "R": [[-0.018219424630076222, 0.7547565853042513, -0.6557518963037892], [-0.4253534223085347, 0.5876990682356025, 0.6882472457812105], [0.9048439195223485, 0.29146578209949636, 0.31033075769018226]], "T": [-0.06743786631719854, -0.047884536169002026, 0.13420355719980206], "aligned_model": [[0.05766776610443729, 0.26483937173553956, -0.6496860839095516, -0.4296179618262151, 0.27372394206878375, -0.3579231643801174, 0.35574878400080695, 0.6935422413326681, 0.06955593124937949, -0.5631216853368979, 0.011012436972951262], [-0.2644013751613867, 0.3935129535625292, -0.2604209734284344, 0.3672937746282138, -0.6298366369793076, -0.35049706957521115, 0.0056127533226072585, -0.22812953799917574, 0.816941311417413, 0.31066197923418887, -0.07813922983940245], [-0.5950417858130083, -0.22044711877566828, -0.21181571182150558, -0.2007776819430018, 0.4974892418533122, 0.47864689018736395, 0.5981937484743227, -0.11979836813925573, 0.31796991036186195, 0.5533615859744968, 0.03960811261904039]], "inverted": false, "swapped": false, "error_lsq": 0.05246912159928152, "error_max": 0.2778997628495057, "target": "349.xyz", "model": "2.xyz", "model_rescale": 3.795458400668931, "target_rescale": 3.845780714239323},
{"mapping": [9, 5, 7, 4, 8, 1, 2, 3, 10, 0, 11], "R": [[-0.3576210471298077, 0.18922441096134207, 0.9144951114938303], [-0.46462007713764936, 0.8134049691214049, -0.35000077161230847], [-0.810083557770669, -0.550060431684501, -0.20297327638060064]], "T": [-0.02072889045162598, 0.02269035415102835, 0.1818931276508184], "aligned_model": [[0.09583006011612014, 0.3822454230701423, -0.5922586699373275, -0.3372257523836054, 0.20975730762987804, -0.19983105594718478, 0.3020062341905011, 0.6165096575221417, 0.10974633784904142, -0.7062494117490433, -0.1547885523488796], [-0.3086589783678079, 0.3212285638705662, -0.3544425284891885, 0.4733691826092834, -0.7220338158154801, -0.3293316541038458, 0.2639884635923482, -0.30455122822242814, 0.7416198260821636, 0.25608106895080335, 0.04532904907561962], [-0.6125729028936855, -0.3103580841591039, -0.1563771734524234, -0.14624261147294837, 0.12874277306155751, 0.6720683636416405, 0.8340760568334626, -0.17011540247021373, 0.2534987460677464, 0.4782009630198954, 0.16646809480203106]], "inverted": false, "swapped": false, "error_lsq": 0.05338726140408472, "error_max": 0.24568340125714458, "target": "349.xyz", "model": "3.xyz", "model_rescale": 3.7530521520055578, "target_rescale": 3.845780714239323},
{"mapping": [3, 4, 1, 2, 5, 7, 6, 9, 4, 0, 10], "R": [[-0.4621915201965607, -0.24517513916764097, -0.8522136761355807], [-0.31450356084575115, 0.9438704680276424, -0.10097549108879131], [0.8291360014338633, 0.22135422001716518, -0.5133573807854109]], "T": [0.0431138797212208, -0.11169384373411578, 0.10534753649644207], "aligned_model": [[0.09687288466884778, 0.13617474549460035, -0.6856611071714405, -0.30158591173260174, 0.03330703645580459, -0.1298597052525575, 0.31455938262683836, 0.5633100706915807, 0.13617474549460035, -0.4175875747075123, -0.019962988556375932], [-0.2846624302911721, 0.6169937988688599, -0.31812453776650707, 0.2479176234383345, -0.8308479965968973, -0.3878683076684919, 0.3190780982206986, -0.21750369325346858, 0.6169937988688599, 0.37688215508606887, -0.056260559724250515], [-0.6344237947580182, 0.09729153309539579, -0.12092499354346084, -0.3564074087686618, 0.08858829321121156, 0.6082975786728855, 0.6411538593564037, -0.01940809459020182, 0.09729153309539579, 0.5841669690950337, 0.15176334811197528]], "inverted": true, "swapped": false, "error_lsq": 0.06010680967559525, "error_max": 0.37572172857216624, "target": "349.xyz", "model": "4.xyz", "model_rescale": 3.7855080009869324, "target_rescale": 3.845780714239323},
{"mapping": [7, 8, 4, 6, 3, 2, 14, 10, 13, 12, 16], "R": [[0.7820360851323271, 0.5798256939639467, -0.22852073466128064], [0.18291307136021803, 0.13698789437016523, 0.973538455902796], [0.5957871850555998, -0.8031416322263816, 0.0010717780872494566]], "T": [-0.052211314148334104, -0.022883534334755803, 0.13186992689223842], "aligned_model": [[-0.0050130198097054005, 0.38518107083701414, -0.5845027926238077, -0.34028325263393133, 0.15494926019456504, -0.1219755039628681, 0.1489538528597232, 0.5672607799835737, -0.04745088188864241, -0.4001376885996235, -0.03124024634451346], [-0.17866540363434108, 0.4030546310936482, -0.2545806680253032, 0.3162886019053625, -0.6515916036964299, -0.4279215630779805, 0.12803142239330317, -0.257321807675342, 0.700460803926593, 0.3305414594647952, -0.025697923492271443], [-0.5994807428175526, -0.2182364208821695, -0.3263690981234482, -0.34567995356259673, 0.34217272134984117, 0.7457614813788724, 0.759926174334502, -0.17186893242477064, 0.17209361972806203, 0.5978133512788493, 0.1812566227183693]], "inverted": false, "swapped": false, "error_lsq": 0.044009635398507434, "error_max": 0.22950892093722194, "target": "349.xyz", "model": "5.xyz", "model_rescale": 4.2253639853439635, "target_rescale": 3.845780714239323},
{"mapping": [6, 2, 12, 5, 0, 9, 1, 3, 10, 8, 13], "R": [[-0.15012548725951852, -0.8536318379431502, -0.4987735190694187], [-0.9886239694617378, 0.1249111806388481, 0.08378450905224935], [-0.009218735315081966, 0.5056776465310769, -0.8626732479438448]], "T": [-0.027850006125761814, -0.008739101820949505, 0.10451881736497866], "aligned_model": [[-0.014696944949206023, 0.35476559291922166, -0.5871002484329273, -0.22508153399720837, 0.2286116704627526, -0.3337902978345648, 0.2375838244984415, 0.4897055044812053, 0.1006728893566212, -0.5428696422143385, 0.017940763721786976], [-0.09366297851502048, 0.4147067609894585, -0.6864030203558404, 0.5082191195634043, -0.6929328520210116, -0.2725292350112693, 0.12121871997836728, -0.2845017597365048, 0.7354492845377837, 0.3601963574117981, -0.02716244765913134], [-0.5329236508406198, -0.24828497608604178, -0.2106867416982225, -0.20304449027639987, 0.4349260962726671, 0.5621340826544455, 0.7763533416874533, -0.2943555019864333, 0.299910693692396, 0.4846586297532667, 0.06870133980544722]], "inverted": false, "swapped": false, "error_lsq": 0.05326612848191488, "error_max": 0.2827484417199148, "target": "349.xyz", "model": "6.xyz", "model_rescale": 3.89814844738969, "target_rescale": 3.845780714239323},
{"mapping": [11, 7, 9, 8, 10, 5, 0, 4, 3, 6, 12], "R": [[0.9575935757348937, -0.2532857637489041, -0.13733486663405844], [-0.2668535706676983, -0.9594064050493412, -0.09126073510661117], [-0.1086449056935483, 0.12403899319340542, -0.9863116204498485]], "T": [0.0967790871633009, 0.009101039426205916, 0.15589941561021492], "aligned_model": [[0.012242672666898394, 0.4706651704331339, -0.66731501681228, -0.36248169107036726, 0.05275336477263677, -0.38931223263575226, 0.3114048563452275, 0.6505355880024085, -0.05690591552659084, -0.44120617916043575, 0.14536096099690515], [-0.15907346206193823, 0.47146692422807013, -0.4294535936647916, 0.2989183540035888, -0.7205306914206886, -0.37622911407437093, 0.3181966811699449, -0.24515717300923387, 0.7954017101898356, 0.2805523548489433, -0.15149404102732547], [-0.6314450457891884, -0.12285076798522004, 0.008332776091695804, -0.2475509952981066, 0.08805447356240213, 0.6226032892218063, 0.6135084746621542, -0.054343985170489356, 0.2583401876435456, 0.4629204044719243, 0.13982001156743445]], "inverted": false, "swapped": false, "error_lsq": 0.04326194246893775, "error_max": 0.238772728350262, "target": "349.xyz", "model": "7.xyz", "model_rescale": 3.7474275329858107, "target_rescale": 3.845780714239323},
{"mapping": [2, 0, 8, 3, 13, 11, 10, 1, 6, 7, 14], "R": [[-0.09112765012086327, 0.7490649600200773, -0.6561992357916684], [-0.9177838992286905, -0.31890599254159757, -0.23658335156481167], [-0.38648216737649127, 0.5806898084099451, 0.7165409134925871]], "T": [-0.047124334574610724, -0.08870452096368799, 0.15632179555061396], "aligned_model": [[0.024333134113718194, 0.35434164689412584, -0.5871408374258851, -0.2222626926831635, 0.098286163989605, -0.19629635744767693, 0.23405908159019423, 0.5643730913395025, -0.12605087824788347, -0.38587496830417095, -0.03202580580658162], [-0.3229114925546221, 0.40602087630057104, -0.23141271409178454, 0.3892888228971736, -0.9694810542104019, -0.25533484395399225, 0.31948438132174234, -0.12970002668239444, 0.7230257762368842, 0.2891640412607972, -0.13554581734193907], [-0.6490541542248347, -0.01185990574898213, -0.2351202360695455, -0.34863706983186926, 0.2621533318797009, 0.7363752401934083, 0.7304133093471233, -0.27864037138018194, 0.19877911186012742, 0.61056951404157, 0.122410052911442]], "inverted": false, "swapped": false, "error_lsq": 0.04697169669971793, "error_max": 0.23781966563155466, "target": "349.xyz", "model": "8.xyz", "model_rescale": 4.019505241142653, "target_rescale": 3.845780714239323},
{"mapping": [6, 2, 11, 5, 9, 8, 0, 1, 3, 4, 12], "R": [[-0.8830285610003724, 0.12260744898428849, -0.4530209420227463], [0.381668519243259, -0.37411778944030744, -0.8452011719365726], [-0.27311115296938965, -0.919240606738988, 0.2835612897520882]], "T": [0.05750046203119227, -0.0786455893686475, 0.05682945766461766], "aligned_model": [[-0.0009660605561209873, 0.33801626422747766, -0.44011906564737535, -0.48057712634851746, 0.017235586625786475, -0.3670088722596103, 0.3317107219915255, 0.68860142685132, -0.09487349267573023, -0.28559397684406174, 0.01931617264709056], [-0.04896838629550247, 0.39842808441083344, -0.4105641925643815, 0.2745283236796827, -0.7356003266804468, -0.3980769474859593, 0.24638530217247429, -0.31296924739445997, 0.7647164595347127, 0.3766372335119534, -0.0719183537068725], [-0.6668851043839843, -0.15217713725856175, -0.11479329874764091, -0.13360534789246326, 0.24157055856697396, 0.47383349114320533, 0.548570986262274, 0.11259053425987761, 0.11994395788656359, 0.6589909214314936, 0.049349261710220374]], "inverted": false, "swapped": false, "error_lsq": 0.05511255815068462, "error_max": 0.26417868045120196, "target": "349.xyz", "model": "9.xyz", "model_rescale": 3.877068213659057, "target_rescale": 3.845780714239323},
{"mapping": [13, 4, 10, 2, 12, 0, 1, 3, 7, 8, 15], "R": [[0.3611092143570133, -0.9282266441466603, -0.08941718180914669], [-0.9321115776921359, -0.3564366534830427, -0.06419438282347463], [0.027715375493362816, 0.10652797355642653, -0.9939233616387249]], "T": [-0.0856391449894322, -0.08973244459411255, 0.0018068859952481697], "aligned_model": [[0.02458110800115426, 0.40709902923611685, -0.6147049129128825, -0.257450522044784, 0.07283418958025853, -0.10287107485187423, 0.3062371820848145, 0.5122018881331507, 0.009950087102778574, -0.5451662348850561, -0.08696916143189205], [-0.04348008476532471, 0.3649218228626381, -0.5293095641573002, 0.4589190487848731, -0.7397520248303069, -0.30476504177372765, 0.2721562348675271, -0.2522362281567993, 0.6764714231171879, 0.29838124662174226, -0.11870888338847554], [-0.7619671061023033, -0.09087142046968975, -0.17160634483786616, -0.329580723122621, 0.33430645479715626, 0.768116274152013, 0.6861869983303037, -0.13581564911786229, 0.26653486190462194, 0.48505170195395164, 0.08703377549025407]], "inverted": false, "swapped": false, "error_lsq": 0.037070321693393186, "error_max": 0.18250944830831217, "target": "349.xyz", "model": "10.xyz", "model_rescale": 4.260839863003843, "target_rescale": 3.845780714239323},
{"mapping": [8, 1, 10, 7, 4, 5, 3, 2, 0, 6, 11], "R": [[0.4722323500936448, 0.8706390196760814, 0.1377835438015211], [-0.6900349130179864, 0.2678645657859067, 0.6723841113623877], [0.5484965144294843, -0.41259698473667983, 0.7272656336201422]], "T": [-0.023150921911032813, -0.07965866132155267, 0.029830019954195472], "aligned_model": [[0.07081328205749518, 0.4815858834739795, -0.585426790248326, -0.35068660540895186, 0.0496673608365909, -0.1715339828332823, 0.44940492412526034, 0.625459980866528, -0.1804459877206628, -0.6476759039479334, -0.015420583188913406], [-0.1864831709533276, 0.4064788793191457, -0.3358404004793757, 0.40770760768413505, -0.7544321130557321, -0.21928995988657, 0.1023150314663285, -0.28952127554678564, 0.7250748740541444, 0.24712265207667303, -0.020534175496601373], [-0.673997131819047, -0.14953467002361803, -0.07764349515448997, -0.26137459050599626, 0.3045683411502917, 0.6741098271344987, 0.5272328938128333, -0.04512800890247687, 0.3423943633600039, 0.48418434719205455, 0.012576946733904516]], "inverted": true, "swapped": false, "error_lsq": 0.03945979291760651, "error_max": 0.2275629159301012, "target": "349.xyz", "model": "11.xyz", "model_rescale": 3.890672605050136, "target_rescale": 3.845780714239323},
{"mapping": [2, 0, 10, 4, 9, 5, 8, 6, 3, 7, 13], "R": [[-0.3459812183182316, -0.2829272799647664, -0.8945664597014418], [0.8373714679404771, -0.5231836210150791, -0.15839167711960483], [-0.42320919324873274, -0.8038849749518207, 0.41792693834744377]], "T": [0.10798701117434098, -0.09596109781641475, 0.030905253652699263], "aligned_model": [[-0.14473841097375814, 0.3437593479630505, -0.6106790779083809, -0.31641318352336756, 0.07006450127037878, -0.14206971921407383, 0.40918422484481753, 0.6447184538709402, -0.036834228436268074, -0.4516456448749363, -0.03960468500661807], [-0.09684588894010301, 0.42617884506204734, -0.40858847470375137, 0.33491484885911366, -0.8181023934956226, -0.3319446171956019, 0.2703725041622254, -0.2929518699617081, 0.7950206459232971, 0.2296302969909469, -0.0250859475188097], [-0.6336947853267014, -0.1121885093255786, -0.39958711569390215, -0.3230544010286724, 0.3188188662845794, 0.7285839705445994, 0.5733727424265699, 0.10282422230482753, 0.22645958595506582, 0.5856716046393371, 0.07018264219783335]], "inverted": false, "swapped": false, "error_lsq": 0.041724017446574745, "error_max": 0.23389193017149032, "target": "349.xyz", "model": "12.xyz", "model_rescale": 4.124412569039231, "target_rescale": 3.845780714239323},
{"mapping": [3, 7, 1, 0, 8, 2, 10, 9, 5, 4, 12], "R": [[-0.011529357539317865, 0.12068519288573712, 0.9926238754598156], [-0.2631099022443199, 0.9573424084829536, -0.11945163147082816], [-0.9646969748349559, -0.262546371405492, 0.020715926387551535]], "T": [0.01707826916747499, -0.0027225481983310677, -0.010530698814918027], "aligned_model": [[0.05123836773816509, 0.5177724988312445, -0.6273308285354569, -0.40220920835309976, 0.11772296264101367, -0.27851637945057706, 0.29523983930064246, 0.5728421573156317, -0.021442360235823226, -0.5243408549018569, 0.024765383661900786], [0.0009679955225204459, 0.3719842228905243, -0.49995205367079076, 0.2950482708724475, -0.6688106995425201, -0.3458027313392257, 0.14537824547768466, -0.2684299509702198, 0.7482676952724627, 0.302004016276598, 0.0019429383925526796], [-0.7229721654061125, 0.03394174880844546, 0.008548939390231013, -0.2794134686206024, 0.23663997341975598, 0.7224872445488864, 0.6567788006762074, -0.18131520848442154, 0.08044014483437555, 0.4714270884910153, 0.1108257253201781]], "inverted": true, "swapped": false, "error_lsq": 0.04439311033054769, "error_max": 0.2102900855660536, "target": "349.xyz", "model": "13.xyz", "model_rescale": 3.9028299243045295, "target_rescale": 3.845780714239323},
{"mapping": [10, 3, 13, 4, 11, 12, 2, 9, 0, 8, 15], "R": [[0.9516257067733993, -0.23593703505515182, 0.19683045927247306], [0.1451995011459478, 0.9098742165854103, 0.38864638794160156], [-0.2707870363865237, -0.3412662091131644, 0.900117634224846]], "T": [0.05043430646211047, -0.010565983637079519, 0.1137973047227933], "aligned_model": [[-0.14919096171895382, 0.4121794961447376, -0.5943609106285762, -0.14180368181374448, 0.23628837058168675, -0.342720807887139, 0.19518107710293395, 0.5678748021383397, -0.09697506629801247, -0.48634770767293034, 0.12561696806344252], [-0.18188426102623287, 0.4809641870695645, -0.44587210460673343, 0.44129066043977194, -0.7026289162380045, -0.4246781891041239, 0.3336768380432435, -0.4586385434745591, 0.798396712138975, 0.2963193583611963, -0.05434779242106311], [-0.5834489947905319, -0.013591683281385061, -0.05172931204490795, -0.35335727670605926, 0.29369686700122155, 0.5115163340703153, 0.7483798617367775, -0.24997703606925425, 0.21899351620369545, 0.5766078661033154, 0.040298680754771554]], "inverted": true, "swapped": false, "error_lsq": 0.04557123766492528, "error_max": 0.22748897868147439, "target": "349.xyz", "model": "14.xyz", "model_rescale": 3.942246331269136, "target_rescale": 3.845780714239323},
{"mapping": [7, 5, 8, 0, 11, 13, 3, 10, 1, 12, 14], "R": [[-0.953166733697291, -0.10863810070678381, 0.28226041317843464], [0.18714830843188368, 0.5212764402884073, 0.832614186434108], [-0.2375893272517149, 0.8464447033770545, -0.4765319251645248]], "T": [0.11173046374837109, -0.0652579549735365, 0.05995931258974555], "aligned_model": [[-0.09491060194484507, 0.3804729406431085, -0.5312093926168491, -0.4126386022099549, -0.006237307986298624, -0.25108071936431847, 0.336133859129938, 0.7195453771638476, -0.08197142601293181, -0.38114329670549485, 0.04878074791558322], [-0.1090433787983552, 0.49395913053470963, -0.39603866543037536, 0.28138735895389855, -0.7583103669998678, -0.3501267497065475, 0.3961693749047235, -0.43790975814819266, 0.6899720862890448, 0.26718270724684257, 0.00535621033615348], [-0.7685102491677716, -0.07358203148488465, -0.2158184765349959, -0.32160535016926883, 0.20093088303212717, 0.729397630660237, 0.5632245169137583, 0.08626863914091379, 0.2807501603575789, 0.6208825876651249, 0.03545051256513908]], "inverted": true, "swapped": false, "error_lsq": 0.0476205486927665, "error_max": 0.2654455223350929, "target": "349.xyz", "model": "15.xyz", "model_rescale": 4.355366556412066, "target_rescale": 3.845780714239323},
{"mapping": [4, 3, 0, 5, 8, 1, 10, 6, 7, 9, 11], "R": [[-0.018219424630076222, 0.7547565853042513, -0.6557518963037892], [-0.4253534223085347, 0.5876990682356025, 0.6882472457812105], [0.9048439195223485, 0.29146578209949636, 0.31033075769018226]], "T": [-0.06743786631719854, -0.047884536169002026, 0.13420355719980206], "aligned_model": [[0.05766776610443729, 0.26483937173553956, -0.6496860839095516, -0.4296179618262151, 0.27372394206878375, -0.3579231643801174, 0.35574878400080695, 0.6935422413326681, 0.06955593124937949, -0.5631216853368979, 0.011012436972951262], [-0.2644013751613867, 0.3935129535625292, -0.2604209734284344, 0.3672937746282138, -0.6298366369793076, -0.35049706957521115, 0.0056127533226072585, -0.22812953799917574, 0.816941311417413, 0.31066197923418887, -0.07813922983940245], [-0.5950417858130083, -0.22044711877566828, -0.21181571182150558, -0.2007776819430018, 0.4974892418533122, 0.47864689018736395, 0.5981937484743227, -0.11979836813925573, 0.31796991036186195, 0.5533615859744968, 0.03960811261904039]], "inverted": false, "swapped": false, "error_lsq": 0.05246912159928152, "error_max": 0.2778997628495057, "target": "349.xyz", "model": "16.xyz", "model_rescale": 3.795458400668931, "target_rescale": 3.845780714239323},
{"mapping": [11, 7, 9, 8, 10, 5, 0, 4, 3, 6, 12], "R": [[0.9575935757348937, -0.2532857637489041, -0.13733486663405844], [-0.2668535706676983, -0.9594064050493412, -0.09126073510661117], [-0.1086449056935483, 0.12403899319340542, -0.9863116204498485]], "T": [0.0967790871633009, 0.009101039426205916, 0.15589941561021492], "aligned_model": [[0.012242672666898394, 0.4706651704331339, -0.66731501681228, -0.36248169107036726, 0.05275336477263677, -0.38931223263575226, 0.3114048563452275, 0.6505355880024085, -0.05690591552659084, -0.44120617916043575, 0.14536096099690515], [-0.15907346206193823, 0.47146692422807013, -0.4294535936647916, 0.2989183540035888, -0.7205306914206886, -0.37622911407437093, 0.3181966811699449, -0.24515717300923387, 0.7954017101898356, 0.2805523548489433, -0.15149404102732547], [-0.6314450457891884, -0.12285076798522004, 0.008332776091695804, -0.2475509952981066, 0.08805447356240213, 0.6226032892218063, 0.6135084746621542, -0.054343985170489356, 0.2583401876435456, 0.4629204044719243, 0.13982001156743445]], "inverted": false, "swapped": false, "error_lsq": 0.04326194246893775, "error_max": 0.238772728350262, "target": "349.xyz", "model": "17.xyz", "model_rescale": 3.7474275329858107, "target_rescale": 3.845780714239323},
{"mapping": [2, 7, 0, 1, 4, 8, 10, 9, 11, 3, 13], "R": [[-0.060290133319422345, 0.32481649202567914, 0.9438534559625551], [-0.4742073858375378, 0.8227343607624669, -0.31342547254156594], [-0.8783464322472398, -0.46647874349096263, 0.10442761526357788]], "T": [0.08528064091157325, 0.018533172199295043, 0.1251758804961929], "aligned_model": [[-0.05142221574188882, 0.443913435552012, -0.5413979221282464, -0.41412120855621304, 0.12033421879322928, -0.29732740772647603, 0.16886878564879337, 0.6246413789494725, 0.06481233005879106, -0.4353333860250982, 0.042773569187408864], [-0.12247549461691767, 0.518538352426384, -0.46494193172224657, 0.3735813273784835, -0.7967779031296104, -0.3290360260427003, 0.21257410710765268, -0.2986686371729359, 0.7261760439890084, 0.3010788310836611, -0.037450720118744715], [-0.5569249981685248, -0.3093314501563087, -0.14439450603628692, -0.1958490672285693, 0.2777043012718778, 0.6248369503920781, 0.7822911733502983, -0.11188354718022508, 0.268560942696185, 0.4564132076675378, 0.04596581636989637]], "inverted": false, "swapped": false, "error_lsq": 0.03977881940135237, "error_max": 0.2139711816541583, "target": "349.xyz", "model": "18.xyz", "model_rescale": 3.922800546911778, "target_rescale": 3.845780714239323},
{"mapping": [13, 8, 7, 12, 10, 2, 1, 4, 5, 0, 14], "R": [[-0.17668534202759928, -0.979432762476804, -0.09743589533455649], [-0.9824214875047272, 0.1815476413118181, -0.04345658549765109], [0.06025206055886774, 0.08804497555892579, -0.9942925985228084]], "T": [0.011456161325738286, -0.017839295497372946, 0.10267376669486236], "aligned_model": [[0.08949216321171731, 0.43570477243184885, -0.6114427065711031, -0.4474634539949694, 0.2749778425762563, -0.18695470392049715, 0.3082458203158409, 0.5374202306947407, -0.12850921999567014, -0.47710473576645773, -0.06862443096992245], [-0.11318357370383908, 0.3602777669858401, -0.3064295000706178, 0.41156355613125234, -0.7409825125163714, -0.3688209492392823, 0.22681455479615398, -0.43102731392652416, 0.727579693800853, 0.3753002644923339, -0.058494037567764556], [-0.5730729298143582, -0.12411083828356412, -0.30588921897058097, -0.37021102081009816, 0.3439637549944602, 0.6947666395422061, 0.7351636209920966, -0.17392087940580872, 0.18807834860285633, 0.6551157744028628, 0.06750557172788664]], "inverted": false, "swapped": false, "error_lsq": 0.04225612210401413, "error_max": 0.22487538421712489, "target": "349.xyz", "model": "19.xyz", "model_rescale": 3.9282355846067225, "target_rescale": 3.845780714239323},
{"mapping": [2, 5, 10, 1, 9, 11, 4, 7, 3, 0, 13], "R": [[0.37909376261393324, 0.8123999913429027, -0.44305098263434906], [-0.45306732506591607, -0.2545229721270963, -0.8543699758402123], [-0.8068568138801496, 0.5246182523756113, 0.27158381978596013]], "T": [0.20168211144779397, -0.0751135591641841, 0.1652204452165049], "aligned_model": [[-0.07170031725396947, 0.3856282470830741, -0.48952716354486875, -0.28515268111485975, 0.19933917746529262, -0.316706811907512, 0.10323378294059998, 0.5392524056256585, 0.0834542419029684, -0.4816241529335494, 0.05954484974894983], [-0.017686046942078787, 0.4363701410380218, -0.47477923328355226, 0.3907917922979052, -0.6969770770600352, -0.2846681232494465, 0.1774835618823608, -0.34146502830514586, 0.6585843650966837, 0.25833918205679773, -0.023395584349476792], [-0.6098152564624453, -0.2732295472123911, -0.1584019212637707, -0.1625369109726084, 0.46804894620070003, 0.6132416279071417, 0.7360710964318194, -0.2855577349949422, 0.2838146944014573, 0.4144167666706249, 0.11133706227237308]], "inverted": false, "swapped": false, "error_lsq": 0.05158141718936504, "error_max": 0.22614668295762208, "target": "349.xyz", "model": "20.xyz", "model_rescale": 4.067790424073018, "target_rescale": 3.845780714239323},
{"mapping": [9, 11, 7, 12, 5, 4, 6, 13, 3, 2, 14], "R": [[0.27420082551236596, 0.06858701961724206, -0.9592235026459484], [-0.4369233081055431, 0.8974464633270203, -0.06072782143245682], [0.8566865997098625, 0.435758724757001, 0.2760478286016873]], "T": [-0.06074473195632593, -0.078765185356947, 0.09046042317223543], "aligned_model": [[-0.1594876537100955, 0.38560964159842737, -0.6031623556906478, -0.12170113127692626, 0.14749135195728588, -0.19480493330218843, 0.29288780662869973, 0.583177345702121, -0.1490366436715126, -0.4292319726800651, -0.025999877543314065], [-0.1623017137192768, 0.3616716866995433, -0.4192696740781752, 0.4482589709240882, -0.5853126955542309, -0.3774723779099152, 0.18582329781811135, -0.2968909547156955, 0.7569128104300694, 0.24396283019147902, -0.0727842309039637], [-0.6759085371214271, -0.06706858660306489, -0.2922976882139152, -0.46229967214563206, 0.31071816793309914, 0.8220848967025498, 0.6841723608325827, -0.07659948142153908, 0.22309466586202192, 0.6506262137583014, 0.020866483394981844]], "inverted": true, "swapped": false, "error_lsq": 0.04329867670978842, "error_max": 0.2658462637169583, "target": "349.xyz", "model": "21.xyz", "model_rescale": 4.186013935880536, "target_rescale": 3.845780714239323},
{"mapping": [8, 5, 9, 11, 1, 7, 6, 2, 3, 4, 12], "R": [[0.4726860914766603, -0.31779802212759745, -0.8219320385873186], [0.6409018535140235, -0.5161805003668133, 0.568157113132763], [-0.6048244977568347, -0.7953377321445609, -0.04031400179018796]], "T": [-0.048422990470425795, -0.057061579461336956, 0.12090788735129926], "aligned_model": [[-0.07780537910263004, 0.5602337885507488, -0.39659463974295, -0.3586991243516498, 0.19077833519952786, -0.30697604910726617, 0.07536680538478456, 0.5152640157313517, 0.13096551653850452, -0.549632453501137, -0.05715923758750015], [-0.16869664597276632, 0.36627541816030845, -0.4838547844706087, 0.3501247134523766, -0.7097040944562492, -0.3708471127373481, 0.2000964513046612, -0.2337149521844109, 0.8269606074922904, 0.3189460120193425, -0.012987663425561922], [-0.636945936197062, -0.10013846052876876, -0.16557915081813712, -0.24908403461290712, 0.3488633859715303, 0.7316555397062445, 0.5988186349515953, -0.32714316756301653, 0.3175374661623739, 0.48836334599333675, 0.13104119991276955]], "inverted": false, "swapped": false, "error_lsq": 0.05290001273705716, "error_max": 0.2622594048036775, "target": "349.xyz", "model": "22.xyz", "model_rescale": 4.166573947596378, "target_rescale": 3.845780714239323},
{"mapping": [10, 12, 8, 9, 0, 4, 2, 5, 11, 3, 15], "R": [[0.02322032334018659, 0.9551892116126792, -0.2950836942339], [0.9944579337454965, 0.008205113412827425, 0.10481457019193799], [0.10253894184462431, -0.2958821490604515, -0.949704964329846]], "T": [0.05978931776077889, 0.05265796527401399, 0.029966885720810243], "aligned_model": [[0.04700688694448485, 0.3831653486978545, -0.6335609564472839, -0.41182826342252193, 0.07462715497415519, -0.26923212137250063, 0.21649162795493065, 0.6849024884369534, -0.12672750216835185, -0.34745938649334096, 0.1083563009074048], [-0.1970612376875142, 0.6149343960628263, -0.36326022536534286, 0.33005629958816934, -0.7282085903877583, -0.3211413453560315, 0.15996717639351116, -0.4667981323867523, 0.7922683532709783, 0.2502064512025083, 0.011634803847439479], [-0.6760204811907828, -0.0630627505463196, 0.011083131537018037, -0.21716908398137397, 0.26825877327421455, 0.57021912433511, 0.6755196398608718, -0.14456353469802097, 0.2306688470388502, 0.425630556793559, 0.05682460055483228]], "inverted": false, "swapped": false, "error_lsq": 0.04289745474876552, "error_max": 0.20758868683174245, "target": "349.xyz", "model": "23.xyz", "model_rescale": 4.274766983524099, "target_rescale": 3.845780714239323},
{"mapping": [9, 4, 8, 7, 0, 6, 3, 1, 5, 6, 10], "R": [[0.4520182745763648, -0.6281930288763952, 0.633287452836472], [0.8213620477848212, 0.01621296891119651, -0.5701767498748171], [0.34791358971407155, 0.7778885897801724, 0.5233024708350645]], "T": [0.050261093131800785, -0.05111310522424973, 0.13099574541966175], "aligned_model": [[0.05311067218803024, 0.46344700318935683, -0.5314870500709505, -0.3616854986985209, 0.18690594924108556, -0.4408414976718176, 0.3060240229342421, 0.4896190117152, -0.06108569123141504, -0.4408414976718176, 0.06257615408839125], [-0.029199783722226043, 0.4510792094321283, -0.4041208267720748, 0.2833333766356704, -0.6877471601114971, 0.02294618295604591, 0.13099206092809074, -0.3487201548919644, 0.745272079628404, 0.02294618295604591, -0.10418321785658911], [-0.7217510764924628, -0.12348586440803666, -0.15530090861618406, -0.2146602001862289, 0.4805591954783627, 0.5874478494315832, 0.5972974889199616, -0.2476571878450246, 0.2710438784721477, 0.5874478494315832, 0.07644779879225752]], "inverted": true, "swapped": false, "error_lsq": 0.06245556912967654, "error_max": 0.42886635013283897, "target": "349.xyz", "model": "24.xyz", "model_rescale": 3.7841303162186577, "target_rescale": 3.845780714239323},
{"mapping": [6, 3, 1, 4, 10, 9, 12, 11, 5, 2, 15], "R": [[-0.4638673813847231, -0.5436818514459644, -0.699454856939008], [0.2181702360001008, 0.6951141763467225, -0.6849949123646669], [0.8586202889583614, -0.47034702747025603, -0.20382559490641503]], "T": [-0.045754497136232225, -0.2113553589403955, 0.12474868418219587], "aligned_model": [[0.10489330487043233, 0.3486596165757918, -0.6951121055572955, -0.3527013612031321, 0.19311025418096509, -0.11998159269205691, 0.20891224830335578, 0.6339164323926936, -0.06739535969214536, -0.5058815970780883, -0.022678262088736117], [-0.014680348518711028, 0.4155576165949061, -0.22485627655775872, 0.36091844513878113, -0.8978977333462209, -0.21785361958068264, 0.2887442294425946, -0.363762569607946, 0.6532541039110125, 0.26650317981412874, -0.1833290781080691], [-0.5539637971154593, -0.19214170008874398, -0.23745128187574005, -0.2426620650652903, 0.4019819866560932, 0.7049114367095541, 0.6348635309515361, -0.19812441604838826, 0.27076544780651035, 0.4835345489618855, 0.0656751320860009]], "inverted": true, "swapped": false, "error_lsq": 0.04699999040215253, "error_max": 0.2585882753197494, "target": "349.xyz", "model": "25.xyz", "model_rescale": 4.19342608120988, "target_rescale": 3.845780714239323},
{"mapping": [4, 3, 0, 5, 8, 1, 10, 6, 7, 9, 11], "R": [[-0.018219424630076222, 0.7547565853042513, -0.6557518963037892], [-0.4253534223085347, 0.5876990682356025, 0.6882472457812105], [0.9048439195223485, 0.29146578209949636, 0.31033075769018226]], "T": [-0.06743786631719854, -0.047884536169002026, 0.13420355719980206], "aligned_model": [[0.05766776610443729, 0.26483937173553956, -0.6496860839095516, -0.4296179618262151, 0.27372394206878375, -0.3579231643801174, 0.35574878400080695, 0.6935422413326681, 0.06955593124937949, -0.5631216853368979, 0.011012436972951262], [-0.2644013751613867, 0.3935129535625292, -0.2604209734284344, 0.3672937746282138, -0.6298366369793076, -0.35049706957521115, 0.0056127533226072585, -0.22812953799917574, 0.816941311417413, 0.31066197923418887, -0.07813922983940245], [-0.5950417858130083, -0.22044711877566828, -0.21181571182150558, -0.2007776819430018, 0.4974892418533122, 0.47864689018736395, 0.5981937484743227, -0.11979836813925573, 0.31796991036186195, 0.5533615859744968, 0.03960811261904039]], "inverted": false, "swapped": false, "error_lsq": 0.05246912159928152, "error_max": 0.2778997628495057, "target": "349.xyz", "model": "26.xyz", "model_rescale": 3.795458400668931, "target_rescale": 3.845780714239323},
{"mapping": [8, 9, 6, 1, 10, 7, 3, 11, 2, 0, 12], "R": [[0.16116008677286708, 0.9580996387833773, -0.23679634413251424], [0.9112020842095987, -0.23661811568862517, -0.33722785925846643], [-0.379128194893819, -0.16142165124643768, -0.911155783796288]], "T": [0.08811944595761477, -0.0024726562848314633, 0.01678352152320764], "aligned_model": [[-0.09222296775807261, 0.3337250083018711, -0.6628782454157214, -0.26870786476276215, 0.32520408634461057, -0.2271534602944516, 0.15357981133746598, 0.6558725361184966, -0.027386379295073968, -0.45740561883689734, -0.006885327727680884], [-0.3189964585018547, 0.34890894630611974, -0.22477517174018477, 0.321314732760763, -0.5947124908819825, -0.4264740036679937, 0.1640120528446766, -0.30205857764824523, 0.8435452741823597, 0.3621627088213775, -0.09032906329300174], [-0.6141213893401102, 0.04093237701544106, -0.24354515313636152, -0.3270029930033653, 0.33416228596427744, 0.6340629968259709, 0.7330755995460324, -0.2986198647410151, 0.23066895711878171, 0.5273877188108123, 0.12038828791749454]], "inverted": false, "swapped": false, "error_lsq": 0.04762175075051504, "error_max": 0.2655989771978028, "target": "349.xyz", "model": "27.xyz", "model_rescale": 3.6321398670334006, "target_rescale": 3.845780714239323},
{"mapping": [13, 9, 2, 11, 4, 3, 8, 6, 10, 0, 14], "R": [[0.9537509359949458, 0.3002264718834912, -0.014940470847881804], [-0.27713610641988956, 0.8589729335287374, -0.4305358033700091], [-0.1164247851927967, 0.4147644693623438, 0.9024498348093287]], "T": [0.024281242949562836, -0.0180168694482723, 0.23349874662034348], "aligned_model": [[0.0562947535895677, 0.3581900074752718, -0.6262289041266689, -0.29799610893608713, 0.26830258714201033, -0.2838624357726928, 0.22772511510842608, 0.5938651534487176, -0.07790713709650779, -0.4982248479857457, 0.005583395165493121], [-0.15200440741227522, 0.37294630046939914, -0.20397811787836292, 0.2971271790773153, -0.8093247740313217, -0.28377958509756185, 0.22800138489012034, -0.325758262413833, 0.7523060761357571, 0.2617395483124033, -0.054677392869606364], [-0.5711749802534105, -0.19337933663185364, -0.18566545314580668, -0.22404619495281847, 0.2060645329096178, 0.7866512863383521, 0.6398424745255016, -0.19635802149768172, 0.2623384325914289, 0.4287816846284139, 0.18433439846621522]], "inverted": false, "swapped": false, "error_lsq": 0.041513847389897364, "error_max": 0.20855679224041734, "target": "349.xyz", "model": "28.xyz", "model_rescale": 4.156811204709835, "target_rescale": 3.845780714239323},
{"mapping": [8, 6, 9, 5, 7, 1, 3, 0, 2, 10], "R": [[-0.2486389591623931, -0.7427482468539619, 0.6216942253085579], [-0.8866747244487951, -0.08380351676505199, -0.45473608126193676], [0.38985458957192604, -0.6643056618554262, -0.6377392779314516]], "T": [-0.1337828929276923, 0.0008861980037907086, 0.10146231197463497], "aligned_model": [[-0.5284043335981702, 0.0619694391371452, 0.06102509373475823, 0.5751147966000221, -0.1506352194991406, -0.6417454603565209, -0.49449081408992396, -0.41274636491346717, 0.22619285209443157, -0.05335461499854602], [-0.09415283221817156, -0.6143332798947135, 0.167407781903876, -0.060870065600291526, -0.48655852412128703, -0.3501446533264451, 0.31829419328025615, 0.3587824477317797, 0.6758656467046398, 0.004429616166560905], [-0.6097181136671537, -0.3459072903681857, -0.6637233653044776, -0.16504858046637294, 0.6150831880654715, 0.02511520657495428, -0.07816449914969407, 0.6511970555041321, 0.23320039373326695, 0.09675273205315846]], "inverted": false, "swapped": true, "error_lsq": 0.05548906853596099, "error_max": 0.31250323328347585, "target": "349.xyz", "model": "29.xyz", "model_rescale": 4.117894457231895, "target_rescale": 3.845780714239323},
{"mapping": [6, 7, 9, 10, 0, 3, 4, 8, 13, 12, 14], "R": [[-0.3356154399307815, 0.9270524138429987, 0.16714095389203004], [-0.8456125923866882, -0.2183089726153798, -0.48711449996143863], [-0.4150923030810532, -0.30481964251584426, 0.8571950568332625]], "T": [-0.08968975827685416, -0.11238940437253249, 0.09090013565071815], "aligned_model": [[-0.012081301565225064, 0.2928397061553629, -0.49932695298794527, -0.25264199323668096, 0.1828293834769894, -0.18397576371907692, 0.32236065985977175, 0.4919212035581319, -0.04926539066726759, -0.481433421106233, -0.08548455175604268], [-0.1463467721155403, 0.3922540948896746, -0.33573021025484406, 0.404484597736602, -0.7112364896246778, -0.30614323906155816, 0.23825685314845818, -0.34208793846332236, 0.6454567554050451, 0.3103546625852849, -0.06666436506308826], [-0.5451920493841029, -0.07037543084246371, -0.32399776232832606, -0.3787899746969842, 0.49264375673934235, 0.594214949443103, 0.6447861773205411, -0.24190154578594508, 0.30790559881618473, 0.5964713762750036, 0.061623727421605545]], "inverted": true, "swapped": false, "error_lsq": 0.043382910680321296, "error_max": 0.22177796683417025, "target": "349.xyz", "model": "30.xyz", "model_rescale": 4.100398675895297, "target_rescale": 3.845780714239323},
