[{"mapping": [1, 3, 5, 0, 12, 8, 11, 6, 2, 2, 9, 7, 4, 13], "R": [[0.23560052290403868, 0.6938567100628344, 0.6804816378919587], [-0.9715028173057364, 0.18686184099262237, 0.14582499219223288], [-0.025974402290725174, -0.6954462727498272, 0.7181084960812065]], "T": [-0.03948343167365377, -0.1732614884534581, -0.05930473346558875], "aligned_model": [[-0.470814744992721, -0.4570216102578069, -0.305415348648172, -0.28999699413130314, 0.08046298708800255, 0.4688075864232547, 0.4150375846896649, -0.16065926818823167, -0.2218002256086377, -0.2218002256086377, 0.43817016928883984, 0.6538900916245524, 0.37280647387537547, 0.12119470931673722], [-0.556163774502571, 0.13632666889789904, -0.14138397611585093, -0.4085822663544658, -0.7222400384425531, 0.28849841770189355, -0.295792260342581, 0.5543055767969882, 0.28912157717244324, 0.28912157717244324, -0.3312719384775336, 0.08829164947926224, 0.6559556700236752, -0.14658895753120782], [-0.03972793822776879, -0.004374340692995131, -0.7668817965357684, 0.6315494632311298, 0.079818292133087, -0.43212796451766367, -0.5745315732823746, -0.26057287897177206, 0.5273985413517294, 0.5273985413517294, 0.47325785152792965, 0.08975094640622314, 0.17695818042603664, -0.05599212762232204]], "inverted": false, "swapped": false, "error_lsq": 0.04977741675993287, "error_max": 0.36570990566386125, "target": "35.xyz", "model": "0.xyz", "model_rescale": 3.8414455957264533, "target_rescale": 3.968001226010424},
{"mapping": [11, 0, 1, 13, 12, 3, 10, 4, 7, 9, 8, 6, 2, 14], "R": [[-0.8871304484954465, 0.3824760281723243, 0.25828599502449134], [0.27746013593623825, 0.8892060337864311, -0.3637698481788296], [-0.3688027119185979, -0.2510472412740836, -0.8949635983268593]], "T": [0.06870224138155367, 0.03459557437554629, 0.051063924624244444], "aligned_model": [[-0.42783718633599355, -0.6382868535959253, -0.3201174087440329, -0.35600427018510045, 0.11784743110857128, 0.10094111699521235, 0.5712613708941003, -0.1056167969761132, -0.24267953964477873, 0.09168953916113454, 0.36469818109212443, 0.8067072080989135, 0.39849871076994237, 0.06175968223286252], [-0.6105246059113755, 0.19070230110189945, -0.1282444785642134, -0.38239199033826565, -0.7198100420575041, 0.24344110416011044, -0.32374437958960045, 0.48607520285443845, 0.46983458918792737, 0.13832896770739395, -0.5510368009537097, 0.1945789512344498, 0.6931896829964536, -0.0008005763501633539], [-0.20099549662097352, 0.014808180791358316, -0.7044493366779875, 0.5207369497664788, -0.0526012097654702, -0.703072058888164, -0.24458468292572869, -0.19712199919660925, 0.4068214102308566, 0.7250228604965234, 0.4912042683120741, 0.25051607932048625, 0.09681123588093923, -0.031173004146583527]], "inverted": true, "swapped": false, "error_lsq": 0.04321617954303394, "error_max": 0.30552198897778116, "target": "35.xyz", "model": "1.xyz", "model_rescale": 4.316132596720782, "target_rescale": 3.968001226010424},
{"mapping": [3, 1, 0, 11, 4, 9, 6, 12, 2, 8, 7, 13], "R": [[0.7281823132493542, -0.39280144122827826, 0.5616560748712746], [-0.666068675195244, -0.5987431989027756, 0.4448135583492523], [0.16156434815413864, -0.6980068835883058, -0.6976269431930432]], "T": [-0.02582620643861726, 0.04852345269281821, -0.0690375459851296], "aligned_model": [[-0.24626807714129217, 0.4338812165218268, 0.1349273120318541, -0.5457067720961568, -0.3777957882479694, -0.36058943494047146, -0.3195359633446242, -0.17129058683021847, 0.45079612492866367, 0.2252899347937955, 0.493143170587153, -0.11904258163077969], [-0.6707666905167258, -0.3172987137872874, -0.604801402775025, 0.3980660671920372, -0.3281573340857611, -0.0858130565213519, 0.4834385839390877, 0.6568016273020335, 0.06663783559160946, 0.0558816161203639, 0.30165931430657306, 0.05712858097542712], [0.08857510614567568, 0.10598546653013219, -0.4743633820724832, -0.03997024401767535, -0.5427845927813973, 0.4675144621910845, -0.6958363432057914, 0.4859772042606689, -0.5418943401080564, 0.6492980644369302, 0.14162172181677454, -0.194864661986441]], "inverted": true, "swapped": true, "error_lsq": 0.0427380210888382, "error_max": 0.31870761121258795, "target": "35.xyz", "model": "2.xyz", "model_rescale": 3.795458400668931, "target_rescale": 3.968001226010424},
{"mapping": [6, 11, 10, 8, 2, 1, 9, 5, 12, 7, 0, 13], "R": [[-0.11889973799455995, 0.7811934389148717, -0.6128618631479541], [-0.8983097831388857, -0.34757331485997195, -0.2687607194405818], [-0.422968539990616, 0.5185842282538174, 0.74308008477189]], "T": [-0.006994947250282574, 0.07678260521984863, 0.060320132196293105], "aligned_model": [[-0.021940719757767485, -0.1554060752655768, -0.7655804989332018, 0.2814747120624127, 0.29181011702813364, 0.11421414215575101, -0.2692749915507784, 0.645269017505657, 0.36386830634664535, 0.5720318048119878, -0.37586435241405647, -0.08729763624564196], [-0.23970217410297007, -0.5191694837575771, -0.26235040983409535, 0.03491081126428526, 0.5177384365407789, 0.5855285512407662, -0.20765107509382308, -0.20985059154931823, -0.5964534177802807, 0.18983431999478056, 0.7485260006074875, 0.044408077759675604], [-0.6932761345322219, -0.06662865538236236, -0.021676022124041086, 0.763279246714255, -0.34878133903014596, 0.3801259266648895, 0.5783041418024889, -0.34256736344418187, 0.38958795802430807, 0.23274877256370446, -0.11190143021630612, -0.07044367040128637]], "inverted": false, "swapped": true, "error_lsq": 0.04142878770776733, "error_max": 0.23793365745014497, "target": "35.xyz", "model": "3.xyz", "model_rescale": 3.7530521520055578, "target_rescale": 3.968001226010424},
{"mapping": [2, 6, 5, 12, 7, 10, 1, 4, 3, 9, 13], "R": [[-0.19461372090539025, -0.956952896650459, -0.215329174121054], [-0.6058329286731128, 0.2899181772858959, -0.7408872471669243], [0.7714220389454258, -0.013733319755985907, -0.6361756312196828]], "T": [-0.04179007501007079, -0.08573641027704998, 0.05412497842294895], "aligned_model": [[-0.3488403073035331, -0.30426195401623, 0.27544700978416525, 0.7474998939809286, 0.3363162711712928, -0.3465684187698367, -0.07402301009764667, -0.6829353461134232, -0.37922787265674684, 0.26091005387938204, -0.1461167174131474], [-0.652846722351661, 0.020402846979104605, -0.45042374798032264, 0.11516377093394245, -0.5693234156062212, 0.6912747288459471, -0.45783126499671095, 0.19098479053993928, 0.2341431532186407, 0.3689810389325611, -0.023321820200873214], [-0.1334825218566676, -0.7127754686274501, -0.6063967707290812, -0.13525310557468664, 0.08516535681032728, 0.03066306676131742, 0.5402281404264921, 0.0034753549734377123, 0.6661931724717616, 0.39996518386091584, -0.04495163127105015]], "inverted": true, "swapped": true, "error_lsq": 0.050703394419170204, "error_max": 0.3523586427178941, "target": "35.xyz", "model": "4.xyz", "model_rescale": 3.7855080009869324, "target_rescale": 3.968001226010424},
{"mapping": [0, 1, 2, 4, 5, 14, 9, 12, 11, 6, 7, 8, 13, 16], "R": [[-0.6397904839842156, -0.7654230461425278, -0.06925097138045899], [-0.2618019196275984, 0.30177143965475195, -0.9167299237441762], [0.7225841760532457, -0.5683850443516194, -0.39345971823664494]], "T": [0.145208599828959, -0.037867127649028526, -0.012389456552048053], "aligned_model": [[-0.4587451943871295, -0.6097886046402188, -0.18006957588875883, -0.3089667459161852, 0.06912489704364418, 0.22897006093883449, 0.4554687807810296, -0.1843283416614725, -0.2489826829710325, 0.08740893352862546, 0.3147195927560097, 0.756220739993344, 0.3494982333292351, 0.15233109196499184], [-0.527654640547413, 0.017616829790909824, -0.144322910366918, -0.3334864520759381, -0.8384484519241356, 0.312452543960695, -0.2463835726896989, 0.5284643854132922, 0.5518396151404598, 0.1281318856576539, -0.47844828347793045, 0.12664146390228162, 0.6276405316547047, -0.024445018960121884], [-0.07421089281261108, -0.010223654183517889, -0.6671008145613365, 0.49093425062654705, 0.07917504536706425, -0.5850652320558348, -0.6183379127034208, -0.1960720210916016, 0.3471872645707874, 0.6162444545788586, 0.569438473579587, 0.29568677077028555, 0.1881920478988543, -0.06392458340646148]], "inverted": true, "swapped": false, "error_lsq": 0.034837808888535805, "error_max": 0.22783328828296853, "target": "35.xyz", "model": "5.xyz", "model_rescale": 4.2253639853439635, "target_rescale": 3.968001226010424},
{"mapping": [3, 2, 6, 4, 7, 11, 12, 5, 10, 1, 0, 9, 8, 13], "R": [[-0.6369504356502176, -0.764116310054662, 0.10208039593108084], [0.7530986825890174, -0.6450546102167385, -0.1294099073518647], [0.16473165089831618, -0.0055510851713621995, 0.9863228014426798]], "T": [0.046910555350236874, 0.01987290639097228, 0.06440942772248692], "aligned_model": [[-0.35103637875539495, -0.614935484969318, -0.2148563625920591, -0.40928335620552625, 0.16071662669652403, 0.2805667005905376, 0.6568396298365745, -0.24035316676128338, -0.3550628039141607, 0.10617832074623458, 0.3943735499465446, 0.6177657698071974, 0.38373611142064895, 0.00821202902439759], [-0.5588767989468143, 0.10358669343448419, -0.19891316106217066, -0.21352172227556626, -0.6906027940181214, 0.25455546292726383, -0.33562118168041843, 0.4829350627476019, 0.6207194634211157, 0.14403691692517595, -0.6076707406316132, 0.05433750984969271, 0.6710873672642493, -0.026454152477037984], [-0.03406132380148211, -0.007168731022986485, -0.48086912997301723, 0.5525952269583795, -0.2697517209465994, -0.6397799589216335, -0.5462903691593868, -0.2577617375913389, 0.3575191473427298, 0.7853646360616, 0.4229078067904521, 0.2777939227569527, 0.15569549635333482, 0.05572993173019518]], "inverted": true, "swapped": false, "error_lsq": 0.040221592607004565, "error_max": 0.314539810408065, "target": "35.xyz", "model": "6.xyz", "model_rescale": 3.89814844738969, "target_rescale": 3.968001226010424},
{"mapping": [9, 3, 10, 8, 11, 0, 1, 12, 7, 2, 4, 5, 13], "R": [[0.9191164749379537, -0.14147159944607204, 0.3677100651978414], [0.01544921137504926, -0.9196483096844933, -0.3924389230980332], [0.3936829020487424, 0.36637791014828536, -0.8430782879364501]], "T": [-0.07640527591737427, 0.09908040559945054, 0.029465453996100063], "aligned_model": [[0.19147732313373217, -0.13139642546301367, 0.5736155833786196, -0.3009462512746522, 0.5352794840118651, -0.46765206970264844, -0.6360765459234308, 0.28559688342792555, -0.46568570919034574, -0.5181180776959952, 0.1099319260372242, -0.03977300682329553, 0.012378686988237436], [-0.29353154818862126, 0.2509874313608546, 0.3870986908551992, -0.6013697618126528, 0.023595008888144378, 0.685775048723311, 0.0022770097720672955, -0.6109053893859818, -0.26585905844267127, 0.45414670429926746, 0.7253793356815809, -0.01945430421809831, 0.22564209793808593], [-0.40882159944159735, -0.7220096990096273, -0.4083757960973759, -0.16565097666742973, 0.14541569891462494, -0.31648170375365864, -0.2011576133868988, 0.28260218425720207, 0.3345297712994277, 0.38989332423713946, -0.22200097187637136, 0.838497469915243, 0.055834942445617305]], "inverted": false, "swapped": true, "error_lsq": 0.045176736936729786, "error_max": 0.36569004668217975, "target": "35.xyz", "model": "7.xyz", "model_rescale": 3.7474275329858107, "target_rescale": 3.968001226010424},
{"mapping": [8, 5, 3, 9, 4, 0, 1, 6, 7, 11, 13, 12, 10, 14], "R": [[0.21542824525304252, 0.8909129086611606, -0.3998310397256646], [-0.9602996465937491, 0.26759454065405397, 0.07885271437348693], [0.17724350453293292, 0.36697050425484723, 0.9131907736655183]], "T": [0.1058312399149609, -0.062153258406894146, 0.0033269448253282763], "aligned_model": [[-0.3881421820199369, -0.5919658479144774, -0.31318537971506033, -0.4322474658345824, 0.05050745007917931, 0.2548013504618762, 0.6140275647530776, -0.27406766824655227, -0.2817458336327552, 0.12020730190822315, 0.5948598630820235, 0.6487102030228103, 0.2883957486107622, 0.13270608031632905], [-0.5288689584907298, 0.08656915622718583, -0.02635851113545945, -0.10114215194148377, -0.8380089991556257, 0.31920031334760546, -0.2031736958328817, 0.5749596214196719, 0.4164073011910002, 0.11126772672835586, -0.6507784769639376, -0.001990306208049672, 0.6562855511408763, -0.1147706448486864], [-0.054785270531748226, -0.05977877301427639, -0.5774297559764935, 0.541185302284096, 0.08825628999511773, -0.5129971753750427, -0.5320715532105436, -0.33828994049291017, 0.2942589554077937, 0.6001505756796639, 0.47500817881134194, 0.2902162429823377, 0.1638860828041598, -0.0056859627862963745]], "inverted": false, "swapped": false, "error_lsq": 0.04243603546686396, "error_max": 0.3188053184748864, "target": "35.xyz", "model": "8.xyz", "model_rescale": 4.019505241142653, "target_rescale": 3.968001226010424},
{"mapping": [9, 12, 11, 10, 3, 4, 6, 8, 1, 7, 5, 2, 13], "R": [[0.2419398384950971, 0.9584489800064303, 0.151131291510394], [-0.4989248889620125, -0.010702102071836903, 0.866579148252188], [0.8321893232451435, -0.285063182006862, 0.47560478607864404]], "T": [0.06969853901649883, -0.07692430496213751, 0.08163315788690086], "aligned_model": [[-0.1965074162233673, -0.7278420960637382, -0.1250918301210213, 0.38670895027365215, 0.45957513794725513, 0.7102349559132926, 0.2740828616806696, -0.4924259230699295, 0.13222789976504057, -0.31414999011960676, -0.3046544127210503, 0.35030469407582265, 0.167237940404157], [-0.5805450347267642, -0.031103869259364203, 0.09016865073512684, -0.29722399825638923, -0.7327723933931812, -0.07357782517772138, 0.6253296647366273, -0.526356320250859, -0.40179519208148384, 0.029861861866076797, 0.6412424146319178, 0.31746717384012346, 0.002683095449949685], [-0.2241467045778091, -0.16541546025709564, -0.4905883081475716, -0.6587444854371062, -0.011502222589798508, -0.2010489351035014, -0.28355136475534926, 0.3289112622845178, 0.5977133966770681, 0.5496516693695918, 0.20004613752005224, 0.5472575478891714, -0.011879038828290098]], "inverted": true, "swapped": true, "error_lsq": 0.04562210638510125, "error_max": 0.35275839748981014, "target": "35.xyz", "model": "9.xyz", "model_rescale": 3.877068213659057, "target_rescale": 3.968001226010424},
{"mapping": [14, 2, 3, 9, 10, 5, 12, 4, 7, 8, 11, 0, 1, 15], "R": [[0.5799228506447556, 0.21589506854881013, -0.7855436376652574], [-0.4119337772234566, -0.7541859570405471, -0.5113844985773912], [-0.7028513715448497, 0.6201555140278434, -0.3484351990519688]], "T": [-0.059876711928523216, -0.10123838242828273, -0.08011126693589629], "aligned_model": [[-0.5772961751014223, -0.656307708363487, -0.03316995952352973, -0.32096773261968875, 0.005294304224961424, 0.4532325873866841, 0.5938924172159309, -0.3546298369118082, -0.26976306184876914, 0.07979601932432097, 0.46046117443188334, 0.6889503221185223, 0.3270464840717606, 0.026322350465558295], [-0.6659831425100239, 0.03432039486128638, 0.08695259079366721, -0.35653923807849175, -0.7907167507314277, 0.3670371922106399, -0.3137967654655043, 0.4660565222962313, 0.5914166365650002, 0.09178775787262083, -0.4506588997063703, 0.06022572173470905, 0.6658964994184051, -0.08640059378290119], [0.07109059062104961, 0.1772780147773446, -0.6856129182152125, 0.4697052987643102, 0.07345662604773892, -0.43848575737205087, -0.3726861723735193, -0.3023448515516413, 0.29733186016722, 0.6537520535216699, 0.30951555758572513, 0.13657618489493228, 0.04113692337814004, -0.05879021366850694]], "inverted": false, "swapped": false, "error_lsq": 0.043089091814180115, "error_max": 0.3242768315286393, "target": "35.xyz", "model": "10.xyz", "model_rescale": 4.260839863003843, "target_rescale": 3.968001226010424},
{"mapping": [3, 1, 2, 0, 6, 4, 10, 9, 7, 5, 11, 13], "R": [[-0.12096385606997795, 0.5594471474705985, 0.8199918503934611], [0.8868372171627206, -0.3102144658483625, 0.34247151039684576], [0.4459680434512806, 0.7686259651907589, -0.45861381341474133]], "T": [0.0866341312340577, -0.04352811482794404, 0.04413837598328366], "aligned_model": [[0.3544619838778623, 0.22868478963869382, -0.45254142362444383, -0.2638887499043767, -0.532076067009959, -0.28330974130263076, 0.15130071977639692, 0.6795246095749764, 0.18633130177931895, -0.24194007252833494, 0.15600444001424651, -0.023653141197619118], [-0.03266922470333829, -0.5984128898223917, -0.4393350534948566, -0.3138893378351715, 0.4240737316415987, 0.2564737384689349, 0.6674141269859192, 0.17903600497392164, -0.5032506322214255, -0.07004144472572958, 0.5403356696207108, 0.06334381664476152], [-0.6762538799734819, -0.17429771089161658, 0.10510651290866643, -0.6047087653104684, 0.30267179481562273, -0.4690357515663827, -0.3889504966236626, -0.0860417592611504, 0.43973916847864497, 0.7933120803485292, 0.26229334707506535, 0.012343537395738284]], "inverted": false, "swapped": true, "error_lsq": 0.04635875274749621, "error_max": 0.2343509055286329, "target": "35.xyz", "model": "11.xyz", "model_rescale": 3.890672605050136, "target_rescale": 3.968001226010424},
{"mapping": [4, 10, 7, 2, 0, 5, 8, 12, 10, 11, 1, 6, 9, 13], "R": [[-0.6484891473070511, -0.497419481353925, -0.5762253772566479], [-0.754513327408094, 0.31972731090873174, 0.573135311617281], [-0.10085367910265061, 0.8064417562531492, -0.5826493192159381]], "T": [0.17861125866346328, -0.0871955476595481, 0.03544587809349011], "aligned_model": [[-0.4310619278109128, -0.5809680585059467, -0.13605231059875278, -0.3318623093415566, 0.22419728583387524, 0.30605302030394327, 0.6088348353351546, -0.3154002490775616, -0.5809680585059467, 0.08378038049809228, 0.3957371212728451, 0.7201443553397189, 0.4083278774438626, 0.052099222684102], [-0.43225349613144837, 0.30693820809961836, -0.01802566670537306, -0.20053654317019098, -0.6756802038618934, 0.41892157753942805, -0.3524996614143854, 0.3643192108758754, 0.30693820809961836, 0.13486823834465672, -0.6469401856417166, -0.07382030414833468, 0.6552845242290978, -0.08791598063711059], [0.01839707415639303, 0.2947494606799799, -0.7539631008422383, 0.5172494571291475, 0.01806015727318421, -0.5412483518111924, -0.47808352431567147, -0.2919975518134335, 0.2947494606799799, 0.5298717505831035, 0.5302595707360658, 0.23196903705140615, 0.07756516020671594, -0.0756554031362405]], "inverted": false, "swapped": false, "error_lsq": 0.05406551443439615, "error_max": 0.41797892200587883, "target": "35.xyz", "model": "12.xyz", "model_rescale": 4.124412569039231, "target_rescale": 3.968001226010424},
{"mapping": [11, 12, 7, 10, 5, 6, 9, 4, 8, 3, 2, 1, 13], "R": [[-0.4137610397714454, 0.17106259221495207, -0.894169665953813], [-0.5447107821421928, 0.7404601273627136, 0.39371177732452267], [0.7294463419507242, 0.649966452465583, -0.21319391380621572]], "T": [0.1612932852771964, 0.11031623034850409, -0.06282901985767185], "aligned_model": [[-0.2255903807821286, -0.07160701254649557, 0.5778347788849597, -0.5476341023244279, 0.6410558436421648, 0.2774800478960816, -0.395119353301008, -0.02247251562560723, 0.0672891339776703, -0.26113832875187315, 0.7872537602896101, 0.4028294652301398, 0.13711697092067165], [-0.13964223825237126, 0.47307841327681305, 0.5136811385724646, -0.3117171841327378, -0.0290806036260481, -0.6190833194873249, 0.4388060737523854, -0.43486752141040436, 0.8585213901961211, 0.21417434721998463, -0.08499920203878429, 0.5132523481768507, -0.04463826573847089], [0.36277941856222373, 0.6536656741699682, 0.14106860335745613, -0.19126720193224783, 0.5854931327961418, 0.28755684997364206, -0.04046447752621192, -0.4618428958469626, 0.03950262956113952, -0.6965321835058523, -0.20814209899233965, -0.4566469801466973, -0.06347238950242105]], "inverted": false, "swapped": true, "error_lsq": 0.04871931647163677, "error_max": 0.2801476337700564, "target": "35.xyz", "model": "13.xyz", "model_rescale": 3.9028299243045295, "target_rescale": 3.968001226010424},
{"mapping": [4, 10, 5, 7, 3, 12, 2, 13, 14, 9, 6, 1, 11, 15], "R": [[0.21615181162854025, -0.48055855881955334, 0.8499069748360549], [-0.49512016803392445, -0.8042066013436194, -0.32879744761996516], [0.8415072272629386, -0.34973592023213623, -0.41176494819693227]], "T": [0.08360869834425147, -0.11965638936696217, -0.11411159300715304], "aligned_model": [[-0.45067697348017544, -0.6074804296412528, -0.22972770779790716, -0.3931100057802218, 0.11152396889975039, 0.2698857166239601, 0.6803947512760988, -0.3411980403936492, -0.22898509464589142, 0.05246557138715516, 0.4388188028920693, 0.6785612462375221, 0.3828861355842692, 0.05950324370918954], [-0.5265603052414198, 0.03052426127988432, -0.021508659446916448, -0.36080797755789307, -0.717025042467976, 0.44690673509970485, -0.4189574704261774, 0.4903492818348552, 0.6179092168512492, 0.07762310112028738, -0.33802033602492515, 0.05148860132833842, 0.48085172731494913, -0.11317520818611927], [-0.20538753732909262, 0.12082284763640092, -0.5069081731254258, 0.6174710369725678, 0.062129364775778906, -0.4726466504510177, -0.4246193054050835, -0.3971021716837647, 0.2618308891506247, 0.634858609831443, 0.406033800778396, 0.08321963528177537, 0.1952097701349965, -0.0029889199903989916]], "inverted": true, "swapped": false, "error_lsq": 0.03743071376217454, "error_max": 0.21708428696234716, "target": "35.xyz", "model": "14.xyz", "model_rescale": 3.942246331269136, "target_rescale": 3.968001226010424},
{"mapping": [13, 8, 12, 11, 4, 1, 3, 0, 7, 6, 10, 5, 2, 14], "R": [[0.6894007244662448, -0.17675231770093525, -0.7024850598359831], [-0.6029122761793697, 0.3975393782273287, -0.6917074742915827], [0.4015263731532819, 0.9004005003030466, 0.16749779316873092]], "T": [0.08039140490299634, -0.07593074019078772, 0.10200617029827866], "aligned_model": [[-0.3933955832766699, -0.6326168386138141, -0.16154114422453839, -0.4010662149408833, 0.21003691773466324, 0.32758248737825096, 0.510160588815656, -0.1599697194120681, -0.09870717462594161, -0.166222502452423, 0.3838627519439227, 0.6144236581530267, 0.3233398619735258, 0.06697409641821003], [-0.63292759216314, 0.20417797344987532, -0.20411266147981766, -0.48408804859052745, -0.6471288219009553, 0.17416834196070718, -0.336517134492096, 0.5761307876815671, 0.6429987196646945, 0.031387194203577135, -0.4810436491727983, 0.21106945082960737, 0.6464080689628054, -0.0009247034756576233], [-0.253254639853709, 0.21154739316637086, -0.6681329696563495, 0.4421784745070372, 0.07774159991585536, -0.6280544118675512, -0.41174582255891345, -0.13832646721694936, 0.5286718927223567, 0.5923670894125983, 0.6047876223671282, -0.08566375545453445, 0.05898744603657534, 0.04081974505728461]], "inverted": false, "swapped": false, "error_lsq": 0.05266016447252357, "error_max": 0.3054995596178326, "target": "35.xyz", "model": "15.xyz", "model_rescale": 4.355366556412066, "target_rescale": 3.968001226010424},
{"mapping": [3, 1, 0, 11, 4, 9, 6, 12, 2, 8, 7, 13], "R": [[0.7281823132493542, -0.39280144122827826, 0.5616560748712746], [-0.666068675195244, -0.5987431989027756, 0.4448135583492523], [0.16156434815413864, -0.6980068835883058, -0.6976269431930432]], "T": [-0.02582620643861726, 0.04852345269281821, -0.0690375459851296], "aligned_model": [[-0.24626807714129217, 0.4338812165218268, 0.1349273120318541, -0.5457067720961568, -0.3777957882479694, -0.36058943494047146, -0.3195359633446242, -0.17129058683021847, 0.45079612492866367, 0.2252899347937955, 0.493143170587153, -0.11904258163077969], [-0.6707666905167258, -0.3172987137872874, -0.604801402775025, 0.3980660671920372, -0.3281573340857611, -0.0858130565213519, 0.4834385839390877, 0.6568016273020335, 0.06663783559160946, 0.0558816161203639, 0.30165931430657306, 0.05712858097542712], [0.08857510614567568, 0.10598546653013219, -0.4743633820724832, -0.03997024401767535, -0.5427845927813973, 0.4675144621910845, -0.6958363432057914, 0.4859772042606689, -0.5418943401080564, 0.6492980644369302, 0.14162172181677454, -0.194864661986441]], "inverted": true, "swapped": true, "error_lsq": 0.0427380210888382, "error_max": 0.31870761121258795, "target": "35.xyz", "model": "16.xyz", "model_rescale": 3.795458400668931, "target_rescale": 3.968001226010424},
{"mapping": [9, 3, 10, 8, 11, 0, 1, 12, 7, 2, 4, 5, 13], "R": [[0.9191164749379537, -0.14147159944607204, 0.3677100651978414], [0.01544921137504926, -0.9196483096844933, -0.3924389230980332], [0.3936829020487424, 0.36637791014828536, -0.8430782879364501]], "T": [-0.07640527591737427, 0.09908040559945054, 0.029465453996100063], "aligned_model": [[0.19147732313373217, -0.13139642546301367, 0.5736155833786196, -0.3009462512746522, 0.5352794840118651, -0.46765206970264844, -0.6360765459234308, 0.28559688342792555, -0.46568570919034574, -0.5181180776959952, 0.1099319260372242, -0.03977300682329553, 0.012378686988237436], [-0.29353154818862126, 0.2509874313608546, 0.3870986908551992, -0.6013697618126528, 0.023595008888144378, 0.685775048723311, 0.0022770097720672955, -0.6109053893859818, -0.26585905844267127, 0.45414670429926746, 0.7253793356815809, -0.01945430421809831, 0.22564209793808593], [-0.40882159944159735, -0.7220096990096273, -0.4083757960973759, -0.16565097666742973, 0.14541569891462494, -0.31648170375365864, -0.2011576133868988, 0.28260218425720207, 0.3345297712994277, 0.38989332423713946, -0.22200097187637136, 0.838497469915243, 0.055834942445617305]], "inverted": false, "swapped": true, "error_lsq": 0.045176736936729786, "error_max": 0.36569004668217975, "target": "35.xyz", "model": "17.xyz", "model_rescale": 3.7474275329858107, "target_rescale": 3.968001226010424},
{"mapping": [2, 1, 7, 0, 6, 12, 9, 11, 3, 8, 4, 5, 10, 13], "R": [[-0.290561527573985, -0.41855749278675075, 0.8604554746911319], [-0.9514029279403795, 0.22224675899151003, -0.21316389662473872], [-0.10201209438270062, -0.8805770854103794, -0.4627931819396396]], "T": [-0.00026981182236243337, 0.02183334968268948, 9.611491225349975e-05], "aligned_model": [[-0.39649508851075355, -0.6892605152755658, -0.2243897296367354, -0.3503932073889404, 0.1611996956280443, 0.4690207399545844, 0.39687325567680615, -0.2740201562225819, -0.31701673706061706, 0.1698222254599246, 0.49476405213360314, 0.7082974910807462, 0.3203518970369679, -0.04589273800456531], [-0.5513005641252655, 0.07859913250134919, 0.03817216975029701, -0.46341995392423907, -0.7323086293754973, 0.21673994709735347, -0.4073597051387374, 0.6209968192174371, 0.4922361129494884, 0.16028436940970434, -0.44381346369146774, 0.14313928741857376, 0.6182059992654763, -0.0705735958766311], [-0.13538735554102996, 0.024342212860607917, -0.7188771720977537, 0.5841211400578892, 0.014106291437046305, -0.5485519686628434, -0.32516512084521804, -0.29621545678534134, 0.3728987530095523, 0.6847525727131062, 0.4768983178768842, 0.08032817457000838, 0.13418844542069688, 0.024484362563594913]], "inverted": false, "swapped": false, "error_lsq": 0.04142692425135795, "error_max": 0.27606230479973193, "target": "35.xyz", "model": "18.xyz", "model_rescale": 3.922800546911778, "target_rescale": 3.968001226010424},
{"mapping": [6, 4, 8, 10, 1, 12, 5, 13, 11, 9, 2, 3, 7, 14], "R": [[-0.26365789737276546, 0.929540872863364, -0.25775623916675294], [0.29984365249858386, 0.33294989393683505, 0.8940012036813816], [0.9168305717030172, 0.15842390540529666, -0.3665017994319439]], "T": [0.05645584211993091, -0.08293990079298165, -0.05194055318601833], "aligned_model": [[-0.4667174407603317, -0.6551940705798656, -0.2064647235389743, -0.40425823664619187, 0.11874349064209086, 0.4774792858468512, 0.5285932156103278, -0.26860207336753195, -0.2904899532331643, 0.26253808377868726, 0.25959002675965387, 0.6526466982674795, 0.3205548107715451, 0.09444207132034113], [-0.5321564390959627, 0.017412185012794956, -0.19309329800741026, -0.2114390363940456, -0.8203360626010112, 0.41172687844429345, -0.2930413435980716, 0.47536046318728953, 0.4108601807828402, 0.0952271292903137, -0.3928901367060507, 0.10684272316012035, 0.6300395141730665, -0.00491483217032547], [-0.06812664933323226, 0.03379741810423018, -0.5933550517518958, 0.5975447484488751, -0.07065347193783178, -0.4954020305635459, -0.6136143058846151, -0.2852896521314127, 0.3262574204882529, 0.7152164092272704, 0.5610817278739559, 0.08105667338895198, 0.19325958476353727, -0.009849624115340565]], "inverted": false, "swapped": false, "error_lsq": 0.04138532529223514, "error_max": 0.22629533199319501, "target": "35.xyz", "model": "19.xyz", "model_rescale": 3.9282355846067225, "target_rescale": 3.968001226010424},
{"mapping": [12, 2, 10, 7, 9, 0, 11, 1, 5, 6, 8, 4, 3, 13], "R": [[0.9109748488215886, -0.4079340354875858, -0.06094790812896732], [0.2926577819755105, 0.5351506454926137, 0.7924425589769983], [-0.2906479785989547, -0.7397321199729345, 0.6068938483925254]], "T": [0.041031871459059135, -0.06436157413592149, 0.13218696297948565], "aligned_model": [[-0.3920493837676515, -0.6813914419722553, -0.3458014709993619, -0.4764628618833064, 0.17382084277104531, 0.39527050793706403, 0.4410395745452172, -0.13585514132625953, -0.25849599034915355, 0.0967622319210388, 0.5879519797622429, 0.6611444208017654, 0.3488229405241864, 0.008104976906345492], [-0.7776422065919112, 0.2445369561970026, -0.22377914915434144, -0.26485545542792766, -0.7307739618738411, 0.31925995937344637, -0.278093876549893, 0.556214719552516, 0.49754623480002336, 0.1466430218713844, -0.4828581453076416, 0.04538907107740331, 0.621793613502455, 0.02621714400916643], [-0.03049589107098083, -0.11560824385260385, -0.6209268072632033, 0.4152049498760847, 0.003010944287416051, -0.4740691674233032, -0.4224980933385236, -0.2487288344435423, 0.4189496287956582, 0.7479915110656747, 0.4552358666757107, 0.07943218155864493, 0.16066125704004616, 0.003763894670121698]], "inverted": true, "swapped": false, "error_lsq": 0.04298453309604592, "error_max": 0.23873945562667864, "target": "35.xyz", "model": "20.xyz", "model_rescale": 4.067790424073018, "target_rescale": 3.968001226010424},
{"mapping": [7, 8, 0, 1, 9, 3, 12, 2, 4, 5, 10, 11, 6, 14], "R": [[-0.2931277568981606, 0.5272661092907638, -0.7975378161123357], [0.7731606206234809, 0.6214314982639677, 0.12667102147892623], [0.5624044566439415, -0.5794940404859925, -0.5898202134449549]], "T": [0.048927485448089454, 0.03303892018729987, 0.07535509745078736], "aligned_model": [[-0.47083318795093376, -0.5064417553446565, -0.3278557707029492, -0.2374803187363408, 0.10857008919829722, 0.4961930625414057, 0.4808981427790611, -0.1422926406101645, -0.41847317076837887, -0.18327482454761768, 0.5019867937740772, 0.6948595980369654, 0.3323395206885564, 0.094665646513595], [-0.48197543153396044, 0.0004093295964701926, -0.0022374040613236806, -0.5743815617372507, -0.7397671455311419, 0.3270197729350683, -0.39837931337938826, 0.5947752233888477, 0.6601070103631113, 0.1665063125530514, -0.5684879488197887, 0.03340935051931741, 0.7110416500168157, -0.028441918831986747], [-0.07049762661602685, 0.2005278298017965, -0.5256839930854987, 0.5468591049837231, 0.01822853554155214, -0.5859117007599633, -0.3875633898112082, -0.3736539454366099, 0.25083937477486606, 0.6014108580557161, 0.39813909729491725, 0.047003330539553606, 0.16222752875066832, 0.08999819254371379]], "inverted": true, "swapped": false, "error_lsq": 0.04474675119977214, "error_max": 0.251759743844945, "target": "35.xyz", "model": "21.xyz", "model_rescale": 4.186013935880536, "target_rescale": 3.968001226010424},
{"mapping": [5, 6, 11, 8, 1, 12, 7, 2, 10, 4, 0, 9, 13], "R": [[-0.39107685469124553, -0.5551441265368289, -0.7340803038472454], [-0.3977782611461144, 0.8212127361346384, -0.40912357176021363], [0.8299586427553944, 0.1320024271819361, -0.5419815592192243]], "T": [-0.012861912405089784, -0.04799864985616418, 0.06553907127115557], "aligned_model": [[-0.11032526400092098, -0.2806035683485329, 0.35357957779846455, 0.469643152242829, -0.18410940687540828, 0.6830567995803389, -0.017833983223221647, -0.631855290932107, 0.23142727448040157, -0.3408436821607094, -0.602898772058856, 0.5605000804014527, -0.07116288148050533], [-0.4918340921766723, 0.24221877354173452, 0.2366461353412814, -0.5153494235161897, -0.34717546579958325, -0.3695382490495469, -0.6626088734360911, -0.2902503802750167, 0.7501961619387926, 0.5691154462469045, 0.22637928914539526, 0.09988444394404411, 0.0712728936410402], [-0.6152224130892406, -0.6502692674026558, -0.35635988637192606, 0.4231584570787488, 0.5724486840845685, -0.2683965948655098, 0.06181651581817105, -0.030647319776532123, 0.04567840563727757, 0.10802927124984722, 0.5054678663184967, 0.3251298841204373, -0.017954041466336543]], "inverted": true, "swapped": true, "error_lsq": 0.04530993996785715, "error_max": 0.2955635168238149, "target": "35.xyz", "model": "22.xyz", "model_rescale": 4.166573947596378, "target_rescale": 3.968001226010424},
{"mapping": [5, 13, 7, 6, 1, 8, 4, 10, 14, 12, 2, 3, 9, 15], "R": [[-0.27829303168834324, 0.8698973606140674, 0.40722422633039734], [-0.3308126862238614, 0.3112242085400217, -0.890899802812859], [-0.9017294245764993, -0.38264614726313, 0.2011615540743788]], "T": [0.12835230927941135, 0.026148846835540144, 0.074877103425384], "aligned_model": [[-0.5471890656703982, -0.7066168208396545, -0.2834666975616863, -0.11613351675428121, 0.055467847663071224, 0.5095846797620017, 0.6386615073326158, -0.3942075461293485, -0.361716277122345, -0.03437839256625885, 0.47658152511116647, 0.7261523397992864, 0.3572176203774174, 0.10290398146933051], [-0.41161118652838624, 0.1419920801364049, -0.030122138621971408, -0.5182391587409132, -0.6782313435927113, 0.2482088617855884, -0.3380216572128375, 0.4367485890112754, 0.5855347338374329, 0.15052366030807143, -0.4802310319401016, 0.04916855130554201, 0.5811232846018042, -0.03724531887135632], [-0.13266080906648076, -0.003990101053769526, -0.5070406995762673, 0.5470804623926605, -0.006581250684542295, -0.6029358277568085, -0.30829110993271813, -0.2704926728209962, 0.34487335018732757, 0.6973166424006212, 0.3489666340562698, 0.13430663087272865, 0.06632087270581861, 0.06505107485335636]], "inverted": true, "swapped": false, "error_lsq": 0.043195259914464997, "error_max": 0.2535838393812102, "target": "35.xyz", "model": "23.xyz", "model_rescale": 4.274766983524099, "target_rescale": 3.968001226010424},
{"mapping": [6, 11, 10, 4, 9, 1, 2, 7, 5, 12, 13], "R": [[-0.6204791718987975, -0.4418956232662594, 0.6478687022676021], [-0.5247979808972528, -0.37991519321212447, -0.7617424270793645], [0.5827458077806732, -0.8126454971909451, 0.003823533618564634]], "T": [-0.17509169041977582, 0.037072973107060626, 0.1079633609626483], "aligned_model": [[0.3726998148895939, 0.11097644792354297, -0.4579271169067207, -0.453636735569396, -0.46433032089918025, -0.5317909690341341, -0.0015078469837372654, 0.06253780754557531, 0.622183453672398, 0.26477837525249004, -0.144088205932357], [-0.11142426387729717, 0.4845342461637549, 0.44313199857904617, -0.15729938390859724, 0.6081931220107871, -0.22923336270498676, -0.6101254698440236, -0.09559537091464243, -0.1008843244654267, 0.673138160630714, 0.011151179574154745], [-0.48039568095386725, -0.22556951490162164, -0.5645742214828762, -0.5042778583669054, 0.1983158069580133, 0.5294326804455802, 0.15371650417339633, 0.6590673783927183, 0.23143534973744384, 0.4259869437438851, -0.043570953724188954]], "inverted": true, "swapped": true, "error_lsq": 0.043516249960607274, "error_max": 0.20932614207521996, "target": "35.xyz", "model": "24.xyz", "model_rescale": 3.7841303162186577, "target_rescale": 3.968001226010424},
{"mapping": [5, 12, 3, 2, 4, 11, 6, 13, 14, 9, 1, 7, 10, 15], "R": [[-0.6243991077056159, -0.09910365068133241, 0.7747930179848443], [-0.04042408742421451, -0.986489447511786, -0.1587591354971762], [0.7800587461546409, -0.13044936323924214, 0.6119569561481641]], "T": [0.16963504277448815, -0.013002359186363572, 0.14533438860143436], "aligned_model": [[-0.5568236976946739, -0.5791533338506889, -0.16476677564777076, -0.322987546185322, 0.047307026324006504, 0.355965065564277, 0.4344422610898992, -0.2642320848415409, -0.28168251227878155, -0.1864711149286118, 0.5429105047019822, 0.7677349722102536, 0.44793888925971687, 0.18267953114817098], [-0.46649259712493885, 0.09917542711638468, -0.2638015265263723, -0.43380336489306576, -0.7223161023828274, 0.3799757392556476, -0.34118437045853217, 0.3928086783366358, 0.6269310051091738, 0.20918703135372313, -0.6048588753690459, 0.1890282392991437, 0.6762676329818471, -0.04131899121993211], [-0.044252129732693046, 0.10169933710172044, -0.5433433946401889, 0.5313946512159436, -0.0511706061500142, -0.48734001890589007, -0.4413513508267858, -0.3636614018229696, 0.27220722285958254, 0.5527174855795532, 0.3971432200155013, -0.010440037363739857, 0.3749186916475262, 0.08340152759965347]], "inverted": true, "swapped": false, "error_lsq": 0.04521698870767632, "error_max": 0.28405425125835315, "target": "35.xyz", "model": "25.xyz", "model_rescale": 4.19342608120988, "target_rescale": 3.968001226010424},
{"mapping": [3, 1, 0, 11, 4, 9, 6, 12, 2, 8, 7, 13], "R": [[0.7281823132493542, -0.39280144122827826, 0.5616560748712746], [-0.666068675195244, -0.5987431989027756, 0.4448135583492523], [0.16156434815413864, -0.6980068835883058, -0.6976269431930432]], "T": [-0.02582620643861726, 0.04852345269281821, -0.0690375459851296], "aligned_model": [[-0.24626807714129217, 0.4338812165218268, 0.1349273120318541, -0.5457067720961568, -0.3777957882479694, -0.36058943494047146, -0.3195359633446242, -0.17129058683021847, 0.45079612492866367, 0.2252899347937955, 0.493143170587153, -0.11904258163077969], [-0.6707666905167258, -0.3172987137872874, -0.604801402775025, 0.3980660671920372, -0.3281573340857611, -0.0858130565213519, 0.4834385839390877, 0.6568016273020335, 0.06663783559160946, 0.0558816161203639, 0.30165931430657306, 0.05712858097542712], [0.08857510614567568, 0.10598546653013219, -0.4743633820724832, -0.03997024401767535, -0.5427845927813973, 0.4675144621910845, -0.6958363432057914, 0.4859772042606689, -0.5418943401080564, 0.6492980644369302, 0.14162172181677454, -0.194864661986441]], "inverted": true, "swapped": true, "error_lsq": 0.0427380210888382, "error_max": 0.31870761121258795, "target": "35.xyz", "model": "26.xyz", "model_rescale": 3.795458400668931, "target_rescale": 3.968001226010424},
{"mapping": [5, 11, 6, 2, 0, 8, 12, 7, 9, 13, 1, 3, 13], "R": [[-0.7837066861472578, 0.6196619680730641, 0.04269514506241304], [0.5649511605087286, 0.7397028553113237, -0.36560890591466116], [-0.2581356548947168, -0.2624094723292049, -0.9297888214557023]], "T": [-0.06324114092772129, -0.016703608726905343, -0.05644051701026931], "aligned_model": [[-0.010130093639785828, 0.38981432465927346, 0.6118877318962697, -0.15826324259171948, -0.06259294780844488, -0.6834499752380874, -0.17178288702873806, -0.5543189244592621, -0.13756979492350863, 0.08597598653083083, -0.5917160538109154, -0.10415372729548658, 0.08597598653083083], [-0.7381283193566813, -0.3208932361801093, -0.3123421089778618, 0.0056071480101121465, 0.6800536656289926, -0.16725605583236577, -0.6959700776184352, -0.34490588119875876, 0.05227800813845871, 0.00411443647439582, 0.27386319722867497, 0.6813462904660967, 0.00411443647439582], [-0.4393906533223301, 0.2526066729052071, -0.41012428414524305, -0.7209430043669206, -0.41906011707409213, 0.3580404483800017, 0.4189744072948186, -0.22647046937851828, 0.582087134757903, -0.09999119811801353, -0.16632693497409595, 0.262725858258723, -0.09999119811801353]], "inverted": true, "swapped": true, "error_lsq": 0.040921108551058155, "error_max": 0.31708959724121266, "target": "35.xyz", "model": "27.xyz", "model_rescale": 3.6321398670334006, "target_rescale": 3.968001226010424},
