[{"mapping": [2, 9, 0, 12, 4, 6, 3, 1, 11, 5, 8, 13], "R": [[-0.7018596776185809, -0.11614642565528174, -0.7027823281362757], [-0.4572055061749555, 0.8300161085186323, 0.3194313458677608], [0.5462198440705395, 0.5455119314983755, -0.6356576236752512]], "T": [0.011599249554202964, -0.061500729719365196, 0.07908099986351666], "aligned_model": [[0.1634792800849996, -0.6384696271185542, -0.2184749874793623, -0.43785135330411956, 0.07961448605711977, 0.5867444098284254, 0.4643362574095441, 0.10248424049933647, -0.17687478189627223, 0.5090012503673063, 0.052259904292156004, -0.09122961639533485], [-0.08497177516617757, -0.015016599193895766, -0.617332510219053, -0.3805721918343071, 0.6773269730159132, 0.3929491994261403, -0.16625447311219277, -0.6110817849948934, 0.3440647478490024, 0.01449923642404373, 0.7104516614634527, 0.06476770176864645], [-0.6743377494129408, -0.2555723326388468, -0.40416770610536257, 0.25601987526327, -0.5233405965998272, -0.13824270040968714, -0.16020159616284438, 0.2298944459686689, 0.6148570946240314, 0.6440734911188606, 0.1931658302578806, 0.07435132836451053]], "inverted": false, "swapped": false, "error_lsq": 0.0572375146943181, "error_max": 0.3160848061088098, "target": "350.xyz", "model": "0.xyz", "model_rescale": 3.8414455957264533, "target_rescale": 3.8947184801121337},
{"mapping": [9, 8, 13, 12, 6, 2, 4, 11, 10, 1, 5, 14], "R": [[0.7528428289707081, 0.6463926007130851, -0.12411398233380261], [-0.612538085789867, 0.7570560709883467, 0.2272953999459143], [0.24088330852150602, -0.09509317074880586, 0.9658843204818429]], "T": [0.15659848547836736, 0.0008530731081570278, -0.07537227900859955], "aligned_model": [[0.010537285500640259, -0.6075146768042632, -0.151192249272029, -0.45681748113479964, -0.1104879593676692, 0.5381054141170736, 0.69131803407361, -0.07041175175883477, -0.27068044503328187, 0.44610175346589936, 0.2186133709733157, 0.15744816758558305], [-0.047962669667063244, -0.055255502488316725, -0.6319069291032027, -0.2552127971111807, 0.6927625636094682, 0.5642204359207607, 0.07687366229339057, -0.6709544991698294, 0.3478130193331387, -0.287721313289994, 0.60261646955976, -0.006442254460252615], [-0.7400472590641235, -0.26846629878017125, -0.35773134800164785, 0.2993818615688196, -0.3202258305804807, -0.3611596222144595, -0.011238752532811647, 0.3972865198616225, 0.33136204664731206, 0.6871305554177465, 0.1860808786517601, 0.014126633294147137]], "inverted": true, "swapped": false, "error_lsq": 0.04431165717209431, "error_max": 0.24475181897674164, "target": "350.xyz", "model": "1.xyz", "model_rescale": 4.316132596720782, "target_rescale": 3.8947184801121337},
{"mapping": [10, 9, 7, 5, 1, 8, 6, 3, 0, 4, 2, 11], "R": [[0.02311409964890515, 0.3255064539022545, -0.9452572596205755], [0.6152307798653225, -0.7498999223637263, -0.24318962548839235], [-0.7880081382217621, -0.5759302517726057, -0.2175948510177011]], "T": [-0.010036290992706975, 0.03765976296894955, -0.047742578303532936], "aligned_model": [[0.24858832810456266, -0.6814761003436107, -0.32984181183206274, -0.45864638545965775, -0.18053929490414292, 0.4935990924921878, 0.7779485463403439, 0.13332936888652222, -0.3526073762926012, 0.3292428456034321, 0.3266019707073894, 0.08882027904288191], [-0.06378217549258658, 0.042955670127915103, -0.7235093111961046, -0.2601434469382121, 0.5126779089792598, 0.4967336454307556, -0.19016329985673955, -0.5782094926256286, 0.3748603737192974, -0.017813496051178053, 0.7288654136487099, 0.006358395681190378], [-0.6134798301327257, -0.36253146155419386, -0.3924267658653347, 0.3069715505782228, -0.24745174189627264, -0.39794064619705855, 0.009463288331259083, 0.12880304305220786, 0.47461252908270685, 0.6422879399643241, 0.28336893006322306, 0.024822548841354784]], "inverted": false, "swapped": false, "error_lsq": 0.040038815911640525, "error_max": 0.23085065242643474, "target": "350.xyz", "model": "2.xyz", "model_rescale": 3.795458400668931, "target_rescale": 3.8947184801121337},
{"mapping": [4, 7, 0, 1, 9, 5, 10, 2, 8, 2, 3, 11], "R": [[0.5537554041330504, -0.7835796634093692, -0.28170527770118503], [-0.6241080539097197, -0.16661871086471267, -0.7633657984444966], [0.5512205451890058, 0.5985324688611646, -0.5813043903846714]], "T": [0.0133768144465247, 0.005102875854577971, -0.011871378040034613], "aligned_model": [[0.19399854966248667, -0.6186056466265073, -0.226569817097967, -0.3944310566231169, -0.1485369214527921, 0.5138927940422945, 0.6616464299977358, 0.37454076884542775, -0.43816412627692763, 0.37454076884542775, 0.1516602853689043, -0.04895256633972103], [-0.09838200816936529, 0.12910968635026165, -0.6633418897627996, -0.30587541086653314, 0.8014120406868486, 0.45356789224719585, -0.2857979524296126, -0.4237460925406058, 0.4757989327783903, -0.4237460925406058, 0.7305625385057601, -0.06073145883225563], [-0.6181892821709636, -0.422386635323772, -0.34022355711750285, 0.3531684655952874, -0.31884091877417836, -0.21726733416011024, -0.1966251305237657, 0.510980868550063, 0.4183831255718279, 0.510980868550063, 0.2908760167822188, -0.11435710271145404]], "inverted": true, "swapped": false, "error_lsq": 0.06055473731618976, "error_max": 0.41604430878129944, "target": "350.xyz", "model": "3.xyz", "model_rescale": 3.7530521520055578, "target_rescale": 3.8947184801121337},
{"mapping": [6, 4, 10, 8, 9, 1, 7, 0, 2, 3, 11], "R": [[-0.3354868176587528, 0.22952791397399475, 0.913655039872243], [-0.9276663821770699, 0.08831098502016649, -0.3628171072362426], [-0.16396243031777114, -0.9692874220949712, 0.18329815823617995]], "T": [-0.07635150473662922, -0.055113216248584875, -0.007899826960770217], "aligned_model": [[-0.3254084227463575, -0.17840459166422212, 0.2835042468465689, 0.44831169088582135, 0.29897628258838443, -0.050434243184139305, -0.006949838119530677, -0.7248190460015536, -0.5748669189829645, 0.2500761095159088, -0.0817856666927105], [-0.6713832500512639, 0.2680194207300151, -0.32736686757214817, 0.16261539544223835, -0.7263180865614409, 0.6555448285262565, -0.3753819417925147, 0.012007071930470285, 0.2710318860801008, 0.2580603810642022, -0.059625479481569814], [-0.06285449635387459, -0.6434164639265705, -0.6896292716618453, -0.29163829060135454, 0.17085427076082896, -0.03040297151025862, 0.7181561752121755, -0.020895073348386785, 0.6459049223568883, 0.3616462230955581, -0.0648942467778437]], "inverted": false, "swapped": true, "error_lsq": 0.05332520846884084, "error_max": 0.2575898461520795, "target": "350.xyz", "model": "4.xyz", "model_rescale": 3.7855080009869324, "target_rescale": 3.8947184801121337},
{"mapping": [10, 8, 7, 6, 15, 9, 3, 4, 13, 1, 14, 16], "R": [[0.10298226196114098, -0.5880929448381664, -0.8022102853697033], [0.9083099926057674, -0.27312073796742714, 0.3168249040473914], [-0.4054227559645335, -0.7612829636368474, 0.5060441069930772]], "T": [0.08911685225571318, 0.008258644092417066, 0.09206774083390265], "aligned_model": [[0.0770600088143129, -0.4901049896845202, -0.17292174858890208, -0.42893290873421697, -0.17663713478858928, 0.5022772909393148, 0.7150077222767294, 0.08126959824185043, -0.4993860533431278, 0.39014008511805576, 0.2810625098593883, 0.11618508223494939], [-0.028252454004895625, 0.13784507510788663, -0.5936603752730334, -0.34496146411948725, 0.6388761928388011, 0.4194055600852491, -0.007235713307198233, -0.6969547474687263, 0.35736948738876295, -0.2568279107186066, 0.6485651588582907, 0.05466137603963564], [-0.6355900402117222, -0.28611117010595455, -0.26903991301663444, 0.2735534657822012, -0.36729533154895055, -0.316797377053891, -0.20865995844294974, 0.31480812072183234, 0.33008788298585257, 0.7341098506093409, 0.1962878454603234, 0.09114600908826496]], "inverted": false, "swapped": false, "error_lsq": 0.04355756609247136, "error_max": 0.23416837357649584, "target": "350.xyz", "model": "5.xyz", "model_rescale": 4.2253639853439635, "target_rescale": 3.8947184801121337},
{"mapping": [0, 3, 12, 6, 4, 1, 9, 11, 2, 8, 10, 13], "R": [[-0.042020627037481995, 0.8536270535191274, -0.5191869801946404], [-0.6494666345017778, -0.41821615146469915, -0.635049873098948], [-0.7592281327587321, 0.3105094268364631, 0.5719759944904859]], "T": [0.04502985782563158, 0.020114502438713808, 0.014471219258933497], "aligned_model": [[0.14530340377434975, -0.5746628863899604, -0.044095528132661974, -0.5308632328415129, -0.1290340414798648, 0.5267972613478709, 0.5618693832930225, -0.0443667815434851, -0.39840376776822467, 0.6568146890403621, 0.2352968523334405, -0.009635889288090504], [-0.03613564773756951, 0.13474374823947194, -0.8827719799614574, -0.2335393811335737, 0.6499091612201203, 0.5245691462891484, -0.200737575267381, -0.6186604983564395, 0.4216603573765856, -0.04897319914355337, 0.5854838947456631, 0.03328215915566403], [-0.7791557623354521, -0.310875536483367, -0.20506563401600506, 0.1476058263062734, -0.25750627785342595, -0.21385193585118187, -0.2236415527062142, 0.449819962270612, 0.31827898432120755, 0.42289634750685906, 0.5171325321054417, -0.009137568997034082]], "inverted": false, "swapped": false, "error_lsq": 0.05969561014492881, "error_max": 0.3578050950923119, "target": "350.xyz", "model": "6.xyz", "model_rescale": 3.89814844738969, "target_rescale": 3.8947184801121337},
{"mapping": [2, 3, 1, 6, 7, 4, 10, 5, 8, 9, 11, 12], "R": [[-0.4816606344579195, -0.815647709810741, -0.32050249093273464], [-0.36003579641810785, 0.5176051605421277, -0.776182403226031], [0.7989851428600993, -0.2584641392159682, -0.5429724028237304]], "T": [-0.018441127082327258, 0.10220593824078193, -0.10565673455100266], "aligned_model": [[0.43242188341031185, -0.8175650926665349, -0.10956693756303468, -0.469064876160975, -0.2999599620241288, 0.39347140079061393, 0.6765061564324008, 0.11677105047388614, -0.2798633315148665, 0.27244222324859496, 0.33232709433600005, 0.14709985358297684], [-0.2315225224511437, 0.21567486611893327, -0.679767347636902, -0.2737284297440049, 0.6349052861841944, 0.40554463265064467, -0.09564903521941283, -0.6098391357517559, 0.3787096014305056, -0.19631970459181558, 0.6996503237013126, 0.08117165073612331], [-0.5379710933394641, -0.07552989095489789, -0.41389443320535685, 0.23047930749441842, -0.3669099255738681, -0.49784227003047077, 0.023978699126260244, 0.1723470130285873, 0.45370980680361694, 0.6844161710129435, 0.31310600298389535, -0.12939000307795076]], "inverted": true, "swapped": false, "error_lsq": 0.05257715995918236, "error_max": 0.30408781430289566, "target": "350.xyz", "model": "7.xyz", "model_rescale": 3.7474275329858107, "target_rescale": 3.8947184801121337},
{"mapping": [3, 10, 1, 12, 7, 5, 8, 2, 11, 4, 9, 14], "R": [[-0.3711524913254033, 0.9283050144017904, -0.02226271365846183], [0.4443762504574613, 0.15651565619848967, -0.8820615610002083], [-0.8153377068505505, -0.3372723670881568, -0.4706078773102269]], "T": [-0.06919672812068886, -0.025484489745586897, -0.01758059328329916], "aligned_model": [[0.37381548250064345, -0.6813521468043933, -0.2320557750020004, -0.5889133835568766, -0.1388566817957178, 0.38469943284793817, 0.6004942026724681, 0.4261544754965425, -0.33656916440151496, 0.4189051860736789, 0.2241852530098946, -0.0554874186954178], [-0.15159611731645603, 0.3011178897773211, -0.7466447425508154, -0.12526437225857057, 0.6145304471805594, 0.4100586080878337, 0.013925365284763694, -0.7048077466804984, 0.44431656256146645, -0.28867242062130627, 0.6330913783551624, -0.0712246663927814], [-0.5670990876185118, -0.32394636936544474, -0.1525125786413399, 0.2995647864832579, -0.2398552056200009, -0.36007431440749343, 0.10559097972121517, 0.024091861793775628, 0.28946811158012803, 0.5344288996121377, 0.22847891007236726, 0.018363390657622193]], "inverted": true, "swapped": false, "error_lsq": 0.060077454206807955, "error_max": 0.3963156030586055, "target": "350.xyz", "model": "8.xyz", "model_rescale": 4.019505241142653, "target_rescale": 3.8947184801121337},
{"mapping": [6, 11, 10, 9, 5, 3, 2, 1, 8, 0, 4, 12], "R": [[-0.14728973997806238, -0.2700357623322234, -0.9515179554579358], [0.8265244010903519, -0.562015706910189, 0.0315556585809294], [-0.543289192695226, -0.7818049835143646, 0.3059702940690061]], "T": [0.025652656651319154, -0.019283972568083264, 0.009706589894902244], "aligned_model": [[0.006488162920197847, -0.5221046809571177, -0.22255680642062853, -0.549940439689843, 0.03784882076720692, 0.6624167096779858, 0.5749233371812537, 0.16097121745760312, -0.4619272779192688, 0.4555669441566471, 0.2422703010789593, 0.011063174092248695], [-0.17393803590798046, 0.16820128634850146, -0.8228336406859097, -0.2590051171076336, 0.5373486853100348, 0.5444054356849714, -0.07194323528249416, -0.6326180316489859, 0.2914863486268353, 0.06742102548038728, 0.6674294732429118, 0.01287599136604066], [-0.7000656840348323, -0.21846155156680078, -0.352066476442346, 0.2900036140237444, -0.3651748005559414, -0.11377053162216544, -0.2036027717777997, 0.25833386362651933, 0.35874032215390644, 0.48960452360924, 0.42091956477304393, -0.007960687918855316]], "inverted": false, "swapped": false, "error_lsq": 0.050263048523600674, "error_max": 0.25030721363536423, "target": "350.xyz", "model": "9.xyz", "model_rescale": 3.877068213659057, "target_rescale": 3.8947184801121337},
{"mapping": [7, 5, 4, 3, 0, 8, 9, 13, 12, 14, 11, 15], "R": [[0.7157166110481066, -0.6428575082286225, -0.27291749079877614], [-0.2926159616429568, -0.6308561345641119, 0.7186072894666424], [-0.6341337648017027, -0.4344591598722644, -0.6396245826588478]], "T": [0.04287974453913133, -0.03641734687027852, 0.0625490186406841], "aligned_model": [[0.22203586515835375, -0.6522846329418827, -0.17871949019542305, -0.5206563758198425, -0.20296879345239283, 0.502680819124938, 0.6986195124749108, 0.13540684148874035, -0.44384158921960326, 0.6048429063766445, 0.21701115493172182, 0.012893244419079929], [-0.2130584384405405, 0.1467957899940674, -0.5196686496359944, -0.32020634479397286, 0.6728711227353966, 0.36090984751141975, 0.03444694516737398, -0.7061541010529256, 0.45370996910266176, -0.29162354016254444, 0.6662985464409612, 0.04450903856077547], [-0.7139737296612221, -0.24433023612296131, -0.3563216502838292, 0.13075597163263758, -0.20246871451251355, -0.41288447641683024, 0.0876271517686813, 0.4374222137222229, 0.3472818286833803, 0.5406585775091939, 0.20581067249885243, 0.03692177545010125]], "inverted": true, "swapped": false, "error_lsq": 0.041901537631426115, "error_max": 0.23124300796761882, "target": "350.xyz", "model": "10.xyz", "model_rescale": 4.260839863003843, "target_rescale": 3.8947184801121337},
{"mapping": [10, 8, 9, 2, 7, 6, 5, 4, 1, 3, 0, 11], "R": [[-0.2863024373659368, 0.7579603099881784, -0.5861118347559178], [0.8331890380662383, -0.10509956373805751, -0.5429089320948094], [-0.4731035206004921, -0.643778106326003, -0.6014339603071357]], "T": [-0.002625695588085661, 0.009882884379153772, -0.02854238266708309], "aligned_model": [[0.15236305608453382, -0.6742953875676126, -0.30368645677029044, -0.3563787125739517, -0.12130924763869856, 0.6796240319681071, 0.6414485744023746, 0.21560351493784002, -0.39057869516992405, 0.23208631397599216, 0.34204342310310765, -0.021900952406233125], [-0.099070295029761, -0.040608611078837425, -0.6272158574998277, -0.33271309403112814, 0.5868442727328216, 0.4201634831656065, -0.15958062729621128, -0.6889151765857898, 0.3848010582296203, 0.026225678838998318, 0.791711864820919, 0.06718748916026829], [-0.626406483942492, -0.2773873963227439, -0.40163871383347427, 0.44878761292501057, -0.3160061196912559, -0.29209593351236823, 0.08574390345162303, -0.015887728737110227, 0.45331804958833355, 0.6411413165883207, 0.17140989518204186, -0.014479017428171984]], "inverted": false, "swapped": false, "error_lsq": 0.051297167417849225, "error_max": 0.3352687367468921, "target": "350.xyz", "model": "11.xyz", "model_rescale": 3.890672605050136, "target_rescale": 3.8947184801121337},
{"mapping": [6, 5, 8, 7, 9, 11, 2, 3, 12, 4, 10, 13], "R": [[0.42418312179656914, 0.6215171527372614, -0.658623646733311], [-0.4973985279179774, 0.7676710928692388, 0.4040740001509352], [0.756745256746249, 0.15619706151626778, 0.6347748375335439]], "T": [0.144777646150245, -0.03441929200588772, -0.17718624956782736], "aligned_model": [[0.19275327727921282, -0.619453748264722, -0.24344455039168564, -0.4901356379364702, -0.23713828370284687, 0.46981947831532334, 0.7115837761307652, 0.0392386398878041, -0.2550800762518749, 0.42735055245175946, 0.3220575054621966, 0.07746852936578266], [-0.09596549163315887, 0.10955101553391339, -0.6090044945444382, -0.2259956165657907, 0.5495811915487594, 0.39704374806328113, 0.22711669527851103, -0.8080026590431192, 0.35268818971308225, -0.15781124884042927, 0.6359008235130719, -0.046271967597003236], [-0.7481229781733486, -0.19115436227176696, -0.37295758805746565, 0.35867548990863707, -0.5220109496021899, -0.28182666380769994, 0.16324564088659055, 0.3162643035806233, 0.31818608128812526, 0.45208636340527797, 0.38742272897887053, -0.02330868186793994]], "inverted": false, "swapped": false, "error_lsq": 0.04765064425525344, "error_max": 0.3393261807776097, "target": "350.xyz", "model": "12.xyz", "model_rescale": 4.124412569039231, "target_rescale": 3.8947184801121337},
{"mapping": [10, 2, 11, 8, 4, 5, 7, 9, 1, 3, 0, 12], "R": [[-0.23893245597780916, -0.8983878374803239, -0.368524863405225], [0.057026319450386415, -0.3918441603346726, 0.9182625729613281], [-0.9693602428253159, 0.19838711520419589, 0.14485603939982056]], "T": [0.13562916561760113, 0.049950473643823226, 0.12358331327825878], "aligned_model": [[0.07220549507055167, -0.5983950467220958, -0.3888967677941895, -0.43198766684926787, -0.111211628690805, 0.6413661147375387, 0.6335135775145568, 0.2758765316075886, -0.5514478848102236, 0.4813337784974227, 0.2855655968695735, 0.08709736291459447], [-0.16086403565816149, 0.08470092281185605, -0.5921131100034491, -0.3864178800761423, 0.6375608510236539, 0.45249074206010004, -0.1981083053026121, -0.5513579938472303, 0.356622835847961, 0.06994933576096297, 0.5788397304536608, 0.03752709235607955], [-0.5807918374614688, -0.3263015338000001, -0.427034304555576, 0.17143634108683198, -0.336916331032413, -0.2713057213509926, -0.16564951524172483, 0.28911299417211966, 0.4346162503512758, 0.7471550749172536, 0.3094935443269717, 0.012684422855436028]], "inverted": false, "swapped": false, "error_lsq": 0.04810120923391751, "error_max": 0.2517266489144123, "target": "350.xyz", "model": "13.xyz", "model_rescale": 3.9028299243045295, "target_rescale": 3.8947184801121337},
{"mapping": [9, 10, 7, 4, 13, 11, 1, 3, 5, 2, 12, 15], "R": [[-0.2989581948843912, 0.6613657496338373, -0.6879094002285031], [0.874201059962665, 0.4788520271369734, 0.08045646566289501], [0.38261796151202787, -0.5773180070966815, -0.721323377002504]], "T": [0.06751037157792818, 0.013265745751530859, 0.11463305827809389], "aligned_model": [[0.21800792130370888, -0.5302676362593206, -0.28550922209700547, -0.5315774835933251, -0.3036325893174523, 0.5133732664196713, 0.7092678877064963, 0.03550081829027407, -0.2984542954189154, 0.5354893314008198, 0.26541916852798014, 0.0674022953823131], [-0.22003989342216201, 0.033189665856226055, -0.5688106750950287, -0.2669352800249438, 0.6913229236333047, 0.34667681371155595, 0.03599958739529141, -0.5861999573379262, 0.3148345800955533, -0.08957066824744175, 0.6784241802755665, -0.04006109141331683], [-0.6090826474516857, -0.32990838276285794, -0.4830224968815766, 0.2627694846654864, -0.07283085263824365, -0.3710623474063972, 0.015490642131355481, 0.2828760508689857, 0.3075784762527884, 0.6737127794938617, 0.1659814178643888, 0.013997260131608597]], "inverted": false, "swapped": false, "error_lsq": 0.04402436421858993, "error_max": 0.2996135596316022, "target": "350.xyz", "model": "14.xyz", "model_rescale": 3.942246331269136, "target_rescale": 3.8947184801121337},
{"mapping": [5, 10, 3, 4, 9, 2, 0, 12, 6, 8, 7, 14], "R": [[0.8753756527215641, 0.04628478762993114, 0.48122259408339113], [-0.08093960219982316, -0.9673249081010956, 0.2402733921243506], [0.47661960452548574, -0.24927944279715433, -0.8430264005241533]], "T": [-0.0708015272997883, -0.07209340633775965, 0.04458493745666859], "aligned_model": [[0.1224520864833805, -0.7282726603630233, -0.1574390757662552, -0.5737432421908584, -0.21667713985724074, 0.49546287998233307, 0.6540853151492123, 0.24834111738278208, -0.1492879879031547, 0.29664321560857704, 0.378643784542431, 0.024811169277061215], [-0.0614067520389521, 0.17484804258009506, -0.6233421784656474, -0.372801333450419, 0.6483222754216416, 0.2663735309980796, 0.03485895067271444, -0.8142148040494919, 0.3918496265734054, 0.1248412829762747, 0.6474832531490977, -0.08798170894011896], [-0.5598308088378484, -0.08092261625249514, -0.4083683238450506, 0.027604038874967714, -0.2838718439750554, -0.33938468636195007, 0.10637281525223374, 0.1690038329916656, 0.3468863219284684, 0.6965374014765399, 0.15035757528812893, 0.03211567772810851]], "inverted": true, "swapped": false, "error_lsq": 0.056522976025698946, "error_max": 0.32971750377963405, "target": "350.xyz", "model": "15.xyz", "model_rescale": 4.355366556412066, "target_rescale": 3.8947184801121337},
{"mapping": [10, 9, 7, 5, 1, 8, 6, 3, 0, 4, 2, 11], "R": [[0.02311409964890515, 0.3255064539022545, -0.9452572596205755], [0.6152307798653225, -0.7498999223637263, -0.24318962548839235], [-0.7880081382217621, -0.5759302517726057, -0.2175948510177011]], "T": [-0.010036290992706975, 0.03765976296894955, -0.047742578303532936], "aligned_model": [[0.24858832810456266, -0.6814761003436107, -0.32984181183206274, -0.45864638545965775, -0.18053929490414292, 0.4935990924921878, 0.7779485463403439, 0.13332936888652222, -0.3526073762926012, 0.3292428456034321, 0.3266019707073894, 0.08882027904288191], [-0.06378217549258658, 0.042955670127915103, -0.7235093111961046, -0.2601434469382121, 0.5126779089792598, 0.4967336454307556, -0.19016329985673955, -0.5782094926256286, 0.3748603737192974, -0.017813496051178053, 0.7288654136487099, 0.006358395681190378], [-0.6134798301327257, -0.36253146155419386, -0.3924267658653347, 0.3069715505782228, -0.24745174189627264, -0.39794064619705855, 0.009463288331259083, 0.12880304305220786, 0.47461252908270685, 0.6422879399643241, 0.28336893006322306, 0.024822548841354784]], "inverted": false, "swapped": false, "error_lsq": 0.040038815911640525, "error_max": 0.23085065242643474, "target": "350.xyz", "model": "16.xyz", "model_rescale": 3.795458400668931, "target_rescale": 3.8947184801121337},
{"mapping": [2, 3, 1, 6, 7, 4, 10, 5, 8, 9, 11, 12], "R": [[-0.4816606344579195, -0.815647709810741, -0.32050249093273464], [-0.36003579641810785, 0.5176051605421277, -0.776182403226031], [0.7989851428600993, -0.2584641392159682, -0.5429724028237304]], "T": [-0.018441127082327258, 0.10220593824078193, -0.10565673455100266], "aligned_model": [[0.43242188341031185, -0.8175650926665349, -0.10956693756303468, -0.469064876160975, -0.2999599620241288, 0.39347140079061393, 0.6765061564324008, 0.11677105047388614, -0.2798633315148665, 0.27244222324859496, 0.33232709433600005, 0.14709985358297684], [-0.2315225224511437, 0.21567486611893327, -0.679767347636902, -0.2737284297440049, 0.6349052861841944, 0.40554463265064467, -0.09564903521941283, -0.6098391357517559, 0.3787096014305056, -0.19631970459181558, 0.6996503237013126, 0.08117165073612331], [-0.5379710933394641, -0.07552989095489789, -0.41389443320535685, 0.23047930749441842, -0.3669099255738681, -0.49784227003047077, 0.023978699126260244, 0.1723470130285873, 0.45370980680361694, 0.6844161710129435, 0.31310600298389535, -0.12939000307795076]], "inverted": true, "swapped": false, "error_lsq": 0.05257715995918236, "error_max": 0.30408781430289566, "target": "350.xyz", "model": "17.xyz", "model_rescale": 3.7474275329858107, "target_rescale": 3.8947184801121337},
{"mapping": [9, 5, 12, 10, 4, 6, 2, 11, 8, 1, 0, 13], "R": [[0.8184080326318458, 0.4765341095495793, -0.3211285327706984], [0.45118788973630297, -0.878961665198391, -0.15445348577152204], [-0.3558620242158099, -0.01848333161152449, -0.934355706448869]], "T": [0.056594237938091, -0.08260767685393051, 0.06353018310769487], "aligned_model": [[0.14785864146498923, -0.5507633561101215, -0.2015614982597092, -0.580100426969008, -0.18429400390382644, 0.39211648680092714, 0.7336880385401146, -0.005083172303627662, -0.3911493265089045, 0.5053411688125732, 0.39262382208003616, 0.13634308870180198], [-0.04742782841376965, -0.0166225977503678, -0.5877875362391164, -0.294960215708594, 0.6255190436566133, 0.39158275000760195, 0.10702768797692576, -0.7024505136913473, 0.40049174768516926, -0.16839623080609128, 0.6350288613780977, -0.013174982668442844], [-0.5984043701290145, -0.32374576367696795, -0.4236924034512983, 0.22466886060094005, -0.2966853421850083, -0.44398047791454875, -0.03350144782499562, 0.42921777722769333, 0.35161888077733605, 0.5829384356905806, 0.3304090102120784, 0.05765622494091861]], "inverted": false, "swapped": false, "error_lsq": 0.04226624037700779, "error_max": 0.2169749027195161, "target": "350.xyz", "model": "18.xyz", "model_rescale": 3.922800546911778, "target_rescale": 3.8947184801121337},
{"mapping": [3, 7, 12, 13, 9, 2, 1, 8, 11, 6, 10, 14], "R": [[-0.3154361773747515, -0.24363892883397972, -0.9171368983744115], [0.9443142424458757, 0.014790041880306637, -0.32871243690352026], [0.09365163915851302, -0.9697532299599778, 0.22540639623824776]], "T": [0.1133391373921867, -0.10348900623827705, 0.004824966096449893], "aligned_model": [[-0.01900353171384095, -0.5698904493516213, -0.3436632590133477, -0.47472221267471426, -0.038470855195953835, 0.44595093830855304, 0.8531500040646613, 0.1940230038514027, -0.4074461218180868, 0.5117508059193258, 0.20379855868190852, 0.03954258128695812], [-0.0628361975488085, 0.09503305951400882, -0.6081242932257578, -0.2884921919705048, 0.6228684604223473, 0.4737659523263392, -0.12708710089622144, -0.5985192443935243, 0.31974706686455034, -0.03814803249119457, 0.6086702707007843, -0.0680475638753399], [-0.6196604305820113, -0.3584894160383424, -0.38901012803963025, 0.3077629410131083, -0.329991017231306, -0.25837660208185853, 0.015122316128496325, 0.35529012988133923, 0.2433570456635203, 0.564080248989974, 0.3725842686747368, -0.04616997211031314]], "inverted": false, "swapped": false, "error_lsq": 0.04216707676548571, "error_max": 0.20312184282499346, "target": "350.xyz", "model": "19.xyz", "model_rescale": 3.9282355846067225, "target_rescale": 3.8947184801121337},
{"mapping": [7, 5, 2, 1, 6, 8, 9, 10, 3, 11, 4, 13], "R": [[-0.04176262354364339, 0.5450885468726359, 0.8373376614861117], [-0.5373912095621955, 0.6942656916208034, -0.47875446454687787], [-0.842298386060446, -0.46997194119071173, 0.26393143680395853]], "T": [0.10098998683525547, 0.05743157988277283, -0.07528214941822167], "aligned_model": [[0.0957529815767418, -0.5557654886678063, -0.38628424785503784, -0.49471516952737576, -0.1527427710301657, 0.6281475836487287, 0.785914436583679, 0.21903465456003807, -0.4535471160747752, 0.4920728632080559, 0.19679685424618604, 0.020354881676976327], [-0.17709913785723563, 0.11329221438161288, -0.5893008678431666, -0.2184367879476374, 0.5327125609181821, 0.6043248207162489, -0.03756404906843839, -0.7445017273141753, 0.41804815236724296, -0.03981835092644035, 0.5024787706533852, -0.035305412652899694], [-0.6524005883819246, -0.3060244020698025, -0.22699626090849032, 0.2860110924507221, -0.4448382760202447, -0.11570776482091907, -0.0919900473939628, 0.21661299651842417, 0.2836041254478696, 0.5171364577267047, 0.3630349584887165, 0.028057093230620347]], "inverted": false, "swapped": false, "error_lsq": 0.048919199493732024, "error_max": 0.2984899734309981, "target": "350.xyz", "model": "20.xyz", "model_rescale": 4.067790424073018, "target_rescale": 3.8947184801121337},
{"mapping": [0, 12, 3, 11, 9, 7, 8, 6, 10, 5, 1, 14], "R": [[0.628948863763658, -0.44598771227290673, 0.6368031778124089], [-0.5069262262061318, -0.8562823413843641, -0.09902703175255129], [0.5894481554427099, -0.260529292661862, -0.7646406735913913]], "T": [0.11876760852849928, -0.10833522746398964, 0.042034651931893895], "aligned_model": [[0.3157815713423978, -0.5163731201582651, -0.36726605702209936, -0.48686401441995125, -0.17401209476458163, 0.4170373467241389, 0.6539686482073562, 0.07296521945339499, -0.3993519039142614, 0.4972375827887768, 0.31989837160941154, 0.06199791249892755], [-0.15292006406380987, 0.07423937701544096, -0.6620532985324182, -0.2609585641320197, 0.5867231984794555, 0.4510999639847246, 0.08031879292578444, -0.7833993688541274, 0.4406044261811582, -0.03956369747227796, 0.6517866047958653, -0.05704718490109718], [-0.6388880458265888, -0.34562065302356865, -0.3833035551157768, 0.20921332392174707, -0.14564520669317568, -0.3513244550609798, -0.013977886329630575, 0.34161343766209246, 0.3606319667914033, 0.4898036505281676, 0.276696786805055, 0.057300020608968286]], "inverted": true, "swapped": false, "error_lsq": 0.0405261154436612, "error_max": 0.1849909288828601, "target": "350.xyz", "model": "21.xyz", "model_rescale": 4.186013935880536, "target_rescale": 3.8947184801121337},
{"mapping": [11, 3, 4, 6, 5, 8, 9, 7, 5, 1, 2, 12], "R": [[-0.3666393039269612, 0.9211432530443182, -0.1306549967926405], [0.8376103797392751, 0.2656904469496448, -0.4773022503118185], [-0.4049499630435609, -0.2844357462954146, -0.8689717105063832]], "T": [0.1155320140068316, -0.05967283589960462, 0.018469987793867593], "aligned_model": [[0.09436717653198762, -0.7419043383732793, -0.18554202614718024, -0.3722863971220019, -0.323191326964555, 0.5968400047548179, 0.7201526024127306, 0.14569262093844582, -0.323191326964555, 0.42660841595535476, 0.2785164635490951, 0.07895759377438427], [0.03278320483704339, 0.0427961052769171, -0.6208412409652684, -0.27341105928689446, 0.5775392208215359, 0.43479931630649027, -0.15939645250478687, -0.7086804114768194, 0.5775392208215359, -0.13445444613412802, 0.6273946136364321, -0.06723788590537817], [-0.6060057194180511, -0.3080903779087712, -0.33090172295253134, 0.18034036384884589, 0.023096106142433976, -0.31545820723977286, -0.08122908243860329, 0.35935595775120704, 0.023096106142433976, 0.6763167927977671, 0.24446465998868427, -0.008485492445929357]], "inverted": false, "swapped": false, "error_lsq": 0.05450240968696651, "error_max": 0.3881309278344093, "target": "350.xyz", "model": "22.xyz", "model_rescale": 4.166573947596378, "target_rescale": 3.8947184801121337},
{"mapping": [7, 8, 10, 9, 4, 1, 6, 14, 3, 12, 2, 15], "R": [[-0.09802166304399579, -0.8925684260257014, 0.44012879755372936], [0.06949819030510285, 0.4350393981991289, 0.8977253051790708], [-0.9927546298650061, 0.11858468230147623, 0.019388605031122552]], "T": [0.03794190929470273, -0.0021520450706908577, 0.021374053107324813], "aligned_model": [[0.0068190351803584515, -0.672313754335923, -0.10504185322237458, -0.450713176795555, -0.2194102805809919, 0.4862711373371683, 0.769135370368444, 0.10063824119364093, -0.2866264641796159, 0.37411438064062896, 0.30438346169782016, 0.08776336504164475], [-0.2336568588859682, 0.15438347520586654, -0.6463088881377811, -0.21736185719658063, 0.6365808181884126, 0.43316143640340204, 0.1719524581786059, -0.7549099410135368, 0.41234985729344975, -0.2357889854739297, 0.584969597926991, 0.02345907293774726], [-0.6545153872136734, -0.3323386316999254, -0.33296877282594944, 0.2958737978885469, -0.23483619868523264, -0.3215576266729093, 0.140333610933432, 0.25675137419490035, 0.3116673459902435, 0.5330215927451138, 0.21400404730815317, -0.018935767694986325]], "inverted": true, "swapped": false, "error_lsq": 0.04295257120149157, "error_max": 0.29640201371969016, "target": "350.xyz", "model": "23.xyz", "model_rescale": 4.274766983524099, "target_rescale": 3.8947184801121337},
{"mapping": [9, 6, 2, 3, 0, 1, 8, 4, 10, 5, 11], "R": [[0.7221818416324948, 0.49060159267614367, 0.4876099515800813], [0.6566696355552827, -0.2647725738530403, -0.7061731189127269], [-0.21734391492744914, 0.8301840527249769, -0.513377114064449]], "T": [-0.09852834908048007, 0.06475856609925836, -0.060900907200335176], "aligned_model": [[0.46915294045930306, 0.345732316557927, -0.8479311904633304, -0.4335376758680089, -0.3507111662636579, -0.6500246759742196, 0.03539000358770912, -0.06974670768443332, 0.5778677835416952, 0.37156447646003204, -0.06786140039494126], [-0.02680509575358546, 0.5263081776886087, 0.4165490138102472, -0.3482456092680267, 0.6399041232395881, -0.22713721824768396, -0.5087060030600213, 0.025267274490470018, -0.179421825067686, 0.5274966251838339, 0.07037706822773879], [-0.6019129243097502, -0.24648791016122085, -0.3723294840379824, -0.3025479113349304, 0.11458577721585048, 0.2809493598280703, 0.1765627651293378, 0.6576552732741868, 0.3279916958693033, 0.35776974269774814, -0.012669950149035908]], "inverted": false, "swapped": true, "error_lsq": 0.05862130170754849, "error_max": 0.35902422150306984, "target": "350.xyz", "model": "24.xyz", "model_rescale": 3.7841303162186577, "target_rescale": 3.8947184801121337},
{"mapping": [0, 11, 10, 13, 6, 1, 8, 9, 3, 2, 4, 15], "R": [[-0.5977137812805994, -0.4697554037755749, -0.6496676814271235], [0.5491752667553405, -0.830279419870393, 0.09509264600317074], [-0.5840759899631626, -0.29994323723553146, 0.7542475007484091]], "T": [0.02188701831523518, -0.07284469628999136, -0.020360838830832857], "aligned_model": [[0.3772421622951727, -0.7024213271306284, -0.177757946909844, -0.6625879474227061, -0.23295595113716847, 0.6047930916960297, 0.6094367164027209, 0.18781146075940722, -0.4106085199698545, 0.5391091833952001, 0.27295782806593183, -0.009999287699016014], [-0.0330180630278675, 0.031144256000788545, -0.6962424382038854, -0.16840533870080066, 0.5822346711951922, 0.3098307939176265, -0.11028719852698321, -0.5554649609019822, 0.4703952507957594, -0.06563360221956709, 0.575702668783478, -0.011425853685080041], [-0.6633744547687812, -0.25272109292267875, -0.44080375827904233, 0.3461936348441149, -0.1875509565379563, -0.2788494703281329, -0.07366369937696306, 0.265449357123696, 0.38809951039160073, 0.5284763501419287, 0.24992439311080458, -0.02468042913087699]], "inverted": false, "swapped": false, "error_lsq": 0.043839522184191126, "error_max": 0.24441866590123074, "target": "350.xyz", "model": "25.xyz", "model_rescale": 4.19342608120988, "target_rescale": 3.8947184801121337},
{"mapping": [10, 9, 7, 5, 1, 8, 6, 3, 0, 4, 2, 11], "R": [[0.02311409964890515, 0.3255064539022545, -0.9452572596205755], [0.6152307798653225, -0.7498999223637263, -0.24318962548839235], [-0.7880081382217621, -0.5759302517726057, -0.2175948510177011]], "T": [-0.010036290992706975, 0.03765976296894955, -0.047742578303532936], "aligned_model": [[0.24858832810456266, -0.6814761003436107, -0.32984181183206274, -0.45864638545965775, -0.18053929490414292, 0.4935990924921878, 0.7779485463403439, 0.13332936888652222, -0.3526073762926012, 0.3292428456034321, 0.3266019707073894, 0.08882027904288191], [-0.06378217549258658, 0.042955670127915103, -0.7235093111961046, -0.2601434469382121, 0.5126779089792598, 0.4967336454307556, -0.19016329985673955, -0.5782094926256286, 0.3748603737192974, -0.017813496051178053, 0.7288654136487099, 0.006358395681190378], [-0.6134798301327257, -0.36253146155419386, -0.3924267658653347, 0.3069715505782228, -0.24745174189627264, -0.39794064619705855, 0.009463288331259083, 0.12880304305220786, 0.47461252908270685, 0.6422879399643241, 0.28336893006322306, 0.024822548841354784]], "inverted": false, "swapped": false, "error_lsq": 0.040038815911640525, "error_max": 0.23085065242643474, "target": "350.xyz", "model": "26.xyz", "model_rescale": 3.795458400668931, "target_rescale": 3.8947184801121337},
{"mapping": [10, 11, 4, 9, 8, 5, 7, 3, 1, 0, 6, 12], "R": [[0.7438533942707055, 0.6102173315090794, 0.2726113280072734], [0.026210467972743512, 0.380942955465631, -0.9242269613302572], [-0.6678286750361957, 0.6946346327437531, 0.26737162862269204]], "T": [-0.1221758383162455, 0.025826459174032236, 0.06124012549284146], "aligned_model": [[0.18716053561107482, -0.5516226270220297, -0.28399713355958045, -0.41929784661286096, -0.26380427874124773, 0.3891220770207649, 0.6549920655431402, 0.21291433446586905, -0.25297154012674683, 0.3870911678778494, 0.29286297608820283, 0.04256973180080893], [-0.21284483028044385, 0.008555292936161453, -0.6287549812089062, -0.22345136700211418, 0.6957887967574027, 0.4247150320907145, -0.16044416767720654, -0.6055624743386089, 0.42114918792873796, -0.13637657631002068, 0.7226463338191473, 0.023409938711815258], [-0.5346067104179208, -0.5104693761077597, -0.4329260297106006, 0.2455045216145265, -0.18744353136618933, -0.3212815288598955, -0.08546161755294357, 0.24600795167066813, 0.4819129140935079, 0.6981156893000713, 0.2141185232905103, 0.04302857831373893]], "inverted": true, "swapped": false, "error_lsq": 0.0434905400485024, "error_max": 0.3057610385548248, "target": "350.xyz", "model": "27.xyz", "model_rescale": 3.6321398670334006, "target_rescale": 3.8947184801121337},
{"mapping": [8, 9, 12, 6, 11, 0, 3, 4, 13, 1, 2, 14], "R": [[-0.61182692963586, -0.14374959061526033, 0.7778199427697272], [-0.7851297940183787, -0.009129171145089376, -0.6192639701927297], [0.09611979357559419, -0.9895719849673135, -0.10727661371816521]], "T": [0.09445699891236214, 0.014993174469465, -0.14074877080578568], "aligned_model": [[0.18349543816760677, -0.5361891119393231, -0.2976528930286985, -0.48696432569836345, -0.11732574616009148, 0.4865292299540132, 0.7626030353424066, 0.14764758249490945, -0.4614597230784093, 0.3681453094845029, 0.26429258689850677, 0.08189807990818501], [-0.21031342573352668, 0.15452898006438345, -0.6400796394656245, -0.35184657074838493, 0.6199544453740116, 0.4440945878314688, -0.14353220406803913, -0.5301662351446211, 0.30659128529263086, 0.038211597857288344, 0.6068104637568034, 0.03457690041028897], [-0.5971901230456134, -0.31217631539780955, -0.45798554664535107, 0.22158433802803124, -0.09956909118288051, -0.3678237296114615, -0.14401347976920814, 0.48089359606314014, 0.3811750472840251, 0.4690239816338882, 0.3635842866933266, -0.08100357978237381]], "inverted": false, "swapped": false, "error_lsq": 0.04815731953882902, "error_max": 0.25785817357830715, "target": "350.xyz", "model": "28.xyz", "model_rescale": 4.156811204709835, "target_rescale": 3.8947184801121337},
{"mapping": [10, 6, 9, 7, 0, 5, 8, 1, 3, 11], "R": [[0.10012104781542752, -0.9734961433630045, 0.20562352647909105], [-0.8324646584547553, 0.03123087931160129, 0.5531972745786371], [-0.5449572168603227, -0.2265610095201307, -0.8072742661308303]], "T": [-0.11523798809449616, 0.021777188315876512, 0.08054610860958672], "aligned_model": [[-0.7289054159421265, 0.005159312806581495, 0.2013962551524171, 0.661685973499913, -0.09993741254859577, -0.5677938556804047, -0.4804814964563613, -0.3188616642236325, 0.13937447919737855, -0.16871080169458125], [0.008843751305673015, -0.5407786432013789, -0.029366470262497207, 0.04354999109751333, -0.4558828156882121, -0.5966812136584149, 0.5033788575729048, 0.4457579830392353, 0.5368495483783183, 0.0030493420430621997], [-0.4594708009265251, -0.2569054360919149, -0.6408879046673897, -0.0939848890429939, 0.5241573962825545, -0.07144494631496379, -0.11398343852157344, 0.6143912516891143, 0.18575983353138567, 0.07115566103740587]], "inverted": false, "swapped": true, "error_lsq": 0.060543536483795866, "error_max": 0.2552425785773522, "target": "350.xyz", "model": "29.xyz", "model_rescale": 4.117894457231895, "target_rescale": 3.8947184801121337},
