[{"mapping": [11, 10, 1, 3, 6, 5, 11, 8, 4, 7, 12, 9, 2, 13], "R": [[-0.8764353064190198, -0.4511343325813154, 0.1683418178249546], [0.2829040475129868, -0.7653360189322216, -0.5781228918022084], [0.3896491416171334, -0.4590627321961448, 0.7983952369256984]], "T": [0.031234241159627158, 0.12254361487347588, -0.02685624255844255], "aligned_model": [[-0.4854969023361948, -0.784861538925041, -0.08828736572928826, 0.47054769935388036, 0.5642675166797639, -0.1594771774092584, -0.4854969023361948, 0.02045044796462719, 0.6288369806745442, 0.025697936895387425, -0.38833590910089033, -0.04370338989713746, 0.7394907485711653, -0.01120158977036546], [-0.26235148223399357, -0.3369552249893326, 0.686958669297051, 0.33126682725980455, -0.16095664284597833, 0.2569936091388088, -0.26235148223399357, -0.5862529271383937, -0.6215814401291959, -0.5872034015345796, 0.3105983948226602, -0.14938619002313736, 0.11113094780684131, -0.028313697402400848], [-0.2950101729928344, 0.345000475189611, -0.012915466048642972, -0.2182683943625274, -0.49595049241547323, -0.7465461857361229, -0.2950101729928344, -0.3555967229666875, 0.02367191644836674, 0.23318799312161653, 0.3248767481066877, 0.6492958885664372, 0.27231046038381285, 0.017653687137962414]], "inverted": false, "swapped": false, "error_lsq": 0.05716790960769854, "error_max": 0.42815923562511515, "target": "351.xyz", "model": "0.xyz", "model_rescale": 3.8414455957264533, "target_rescale": 3.9904472256406427},
{"mapping": [9, 2, 8, 12, 11, 13, 7, 0, 1, 4, 6, 5, 10, 14], "R": [[-0.2325107110739142, 0.4301013607090144, -0.8723253915553288], [0.8634855908436181, 0.504039130338762, 0.018362720190456927], [0.44758396267220235, -0.7489708770063088, -0.48858082417861015]], "T": [-0.033584740750503744, -0.12995756933644884, -0.01391231556991001], "aligned_model": [[-0.6140069085050772, -0.5346353187794798, -0.03844588534505515, 0.5171390531356302, 0.6396434523570437, -0.06314493713866579, -0.5346144143889363, -0.0024147591227015874, 0.6994569693357804, -0.10679324126325007, -0.3938466300303757, 0.03661368710636617, 0.34519392997912657, 0.05228555729459228], [0.12344124423053024, -0.3699265676484651, 0.6402813878167689, 0.3639713691633163, -0.08915684342882756, 0.1293266264986184, -0.43926170277716325, -0.65493323041397, -0.5887055730953878, -0.6510792171819222, 0.2726656422761231, -0.15067537332060293, 0.2633907414117712, -0.1477425437366294], [-0.26770126027667007, 0.4718529834422647, -0.19001091197921105, -0.20106746625305646, -0.5348388966737467, -0.7257724852795138, -0.27131321165494, -0.5128575600894959, -0.04033222264217189, 0.12352850241253893, 0.5501205685662176, 0.6410424449341967, 0.3986226834813297, 0.005426393451629326]], "inverted": false, "swapped": false, "error_lsq": 0.04420919660001423, "error_max": 0.3047169633021966, "target": "351.xyz", "model": "1.xyz", "model_rescale": 4.316132596720782, "target_rescale": 3.9904472256406427},
{"mapping": [1, 10, 0, 7, 6, 9, 5, 8, 2, 12, 3, 13], "R": [[-0.18971338037007257, -0.9367235814607914, -0.2942070108679067], [-0.8228099335682174, -0.011816233352541283, 0.5681937960333817], [-0.5357169462785605, 0.34987041681832254, -0.768503770260984]], "T": [0.07489778396137642, 0.0074287686253836, -0.005826975579508127], "aligned_model": [[-0.1847712404637662, 0.4584101305792942, -0.024621030848131095, -0.4831770516911425, -0.6100754609806538, -0.4000823011952534, -0.11642455572904878, -0.3921457666274998, 0.5637554305238255, 0.33705046506710035, 0.45425603611055493, -0.00436610011349832], [-0.8056356864231539, -0.4031758799421829, -0.4689935153503072, 0.35432590297003097, -0.23557854839517003, -0.0757775099877075, 0.4001120525191368, 0.6515120767784333, 0.008013131404955914, 0.09158243538464315, 0.4960310380573903, 0.0003609307249116487], [0.02234760577220534, 0.05072152759872125, -0.5397694523968262, -0.13917296632032305, -0.34778079152461744, 0.39334356707292956, -0.6358533411711645, 0.4828879447697793, -0.41436557808983987, 0.6468604038047419, -0.0391822622464767, -0.03077819605970896]], "inverted": true, "swapped": true, "error_lsq": 0.041425660711316335, "error_max": 0.2367906280085892, "target": "351.xyz", "model": "2.xyz", "model_rescale": 3.795458400668931, "target_rescale": 3.9904472256406427},
{"mapping": [0, 6, 1, 8, 2, 12, 9, 5, 7, 4, 10, 13], "R": [[0.5682624262309959, 0.2273592931985943, -0.7908132312564693], [0.4303157866393351, 0.7370618717122102, 0.5211219828764315], [0.7013602061017095, -0.6364334600445904, 0.3210082743990232]], "T": [0.02307899719263888, 0.164265384228706, 0.029499110284659444], "aligned_model": [[-0.21937923995380293, -0.12982585472837865, -0.758278146134751, 0.3871093618932263, 0.2231067159741964, -0.12632253818115902, -0.24811779464851502, 0.6085421038023824, 0.3439605626648846, 0.8357275549050358, -0.3423667222648603, 0.019147822415306322], [-0.15882742655041598, -0.6133921708515266, -0.11972801089028268, -0.04262246758075927, 0.46424201879963334, 0.6560077530162882, -0.1318739779870982, -0.22168147231699686, -0.3787899198975084, 0.03841919271012956, 0.5128806324974244, 0.08113489434082172], [-0.5695015529722364, -0.10104646772168512, -0.1657555527676624, 0.864061612263794, -0.49575212508188005, 0.5170186555488029, 0.5097284997007621, -0.28036472299730125, 0.25685841810430776, 0.34169920796110065, -0.22307259329692852, 0.03489805189802726]], "inverted": false, "swapped": true, "error_lsq": 0.05588963352145742, "error_max": 0.2941129272573611, "target": "351.xyz", "model": "3.xyz", "model_rescale": 3.7530521520055578, "target_rescale": 3.9904472256406427},
{"mapping": [2, 3, 4, 8, 5, 12, 0, 10, 1, 9, 13], "R": [[0.3213088201538076, -0.7889041264096248, -0.5238233685367955], [0.3836730244266403, -0.39726965500423417, 0.8336497055359237], [-0.8657688215792272, -0.46883589937917935, 0.17503498802991657]], "T": [-0.11037375425049518, -0.030521933595765806, 0.04650191179973049], "aligned_model": [[-0.5354723399779983, -0.15752948583018705, 0.4936204240480309, 0.6565269297961798, 0.23714504152658583, -0.25225861506098746, -0.3152121940012184, -0.6538683887003766, -0.3423786617414309, 0.25708561241255806, -0.04945872002595095], [-0.45954420660674367, -0.16338375333497557, -0.25459727671130306, 0.3714362623875423, -0.7047562430545309, 0.5846362420937868, -0.4736742750819498, 0.07124639632199739, 0.14354641289053008, 0.40196132664054285, -0.04966752723055033], [-0.1562713889489141, -0.5567240078615457, -0.5524013495456153, -0.3029379383184804, -0.06474737127724883, -0.274832475097341, 0.5790748847858906, 0.1610986831125133, 0.8497263829130516, 0.3106956507195645, 0.100149706763442]], "inverted": false, "swapped": true, "error_lsq": 0.05709615559844006, "error_max": 0.3106132927488128, "target": "351.xyz", "model": "4.xyz", "model_rescale": 3.7855080009869324, "target_rescale": 3.9904472256406427},
{"mapping": [15, 13, 9, 3, 5, 10, 8, 7, 4, 6, 14, 12, 1, 16], "R": [[-0.7071276887411193, -0.3636585709630379, -0.6064015794675701], [0.7015592549188869, -0.4678529971577862, -0.5375204041598168], [-0.08823289439488463, -0.8055222013176283, 0.5859598446404869]], "T": [0.03282866343298604, -0.09058945626098747, 0.032452780500989035], "aligned_model": [[-0.715398183711216, -0.5319964346830188, -0.11508381691791292, 0.3597812830035186, 0.6030365001265137, -0.13466364929176586, -0.5229598057136948, 0.21817938396115966, 0.6034709491176478, 0.013980322059556426, -0.2906585562322732, -0.08210074355018468, 0.581376028006109, 0.015467278460559085], [0.16952914103857947, -0.38884098340954176, 0.5574922036859622, 0.44773677942358125, -0.05036994416765239, 0.024036516634840965, -0.3887636774773912, -0.5802620485333901, -0.5607073095643001, -0.7403504468733799, 0.4187853022643967, -0.02251000764706182, -0.14244619838969652, -0.04173336719078646], [-0.1951719265002685, 0.37433912706545625, -0.22254933605080285, -0.26033289867217174, -0.5405643732034745, -0.6673839758858724, -0.2797990174589268, -0.5034906257023346, 0.013548557178733454, 0.09188730895739755, 0.338378870632766, 0.6997021215250723, 0.5515968896894183, 0.04653883986437844]], "inverted": false, "swapped": false, "error_lsq": 0.0392773258824614, "error_max": 0.21515601586392694, "target": "351.xyz", "model": "5.xyz", "model_rescale": 4.2253639853439635, "target_rescale": 3.9904472256406427},
{"mapping": [4, 3, 1, 9, 8, 10, 2, 5, 11, 6, 0, 7, 12, 13], "R": [[-0.2478685924237088, -0.8819261070318988, -0.4009582305246387], [-0.29962437069511755, -0.3237964897102318, 0.8974302589822156], [-0.921296042201118, 0.342581632588339, -0.1839875746828144]], "T": [0.015001335693307416, -0.05768690166452929, -0.08391300792050868], "aligned_model": [[-0.6577040834804595, -0.508471796712668, -0.19525396446920826, 0.38936394836920724, 0.5246941299571143, -0.16851465484654304, -0.4411952702026519, 0.12782792175929558, 0.6054593581858044, -0.05175365226432116, -0.1372918339624694, -0.05925906903940527, 0.6064992554459491, -0.031969734104646236], [0.14051214317160532, -0.27410186994917823, 0.5610830903777224, 0.4189435068275622, 0.110691798633942, -0.10503724068570515, -0.4794624868407371, -0.541298376021797, -0.5548978125362835, -0.6240330863993511, 0.5101124580503743, -0.18284190307866305, -0.19876974318824403, -0.07930451856708709], [-0.17928527772057362, 0.342877237808904, -0.41801207655116024, -0.01130091928149951, -0.5915809548701277, -0.840611297200917, -0.3372144578877496, -0.47650869026733345, 0.014547251054973134, 0.21359957793460618, 0.46149814608181083, 0.6959670046050551, 0.6243027835053274, -0.05157876577194449]], "inverted": true, "swapped": false, "error_lsq": 0.047298398411325326, "error_max": 0.27351016609580636, "target": "351.xyz", "model": "6.xyz", "model_rescale": 3.89814844738969, "target_rescale": 3.9904472256406427},
{"mapping": [12, 11, 10, 8, 2, 1, 9, 3, 7, 6, 0, 5, 13], "R": [[-0.07136293687186297, -0.9961245863109606, -0.05141147525446201], [0.9917621590425613, -0.06536488201050565, -0.11016012023863436], [0.10637269918668141, -0.05884930540431495, 0.9925833003436888]], "T": [0.029035371749802294, 0.03204722274970249, -0.026129186817883423], "aligned_model": [[0.10790533029284996, -0.07562077611038093, 0.3656208874310169, -0.525892942447882, 0.609843750317637, -0.26189298884171425, -0.5392999042212542, 0.42308575697336026, -0.45727179286625297, -0.5471810807170808, 0.05823506084602246, 0.031833354019371075, -0.040732853771469915], [-0.37304998096398545, 0.16346655129286455, 0.3297004002966012, -0.7186800212772206, 0.17714622513882672, 0.7571106481743213, -0.03743514487488198, -0.4170661590701945, -0.1571244439350056, 0.47066198890170297, 0.7103748053361177, 0.0012183228484311664, 0.05745807360290833], [-0.6018743285517905, -0.7862563966638798, -0.3681648679612696, -0.009442948850400975, 0.19180162035405607, -0.37100501296212857, -0.27917800205649546, 0.13751341305111026, 0.3949239207808926, 0.3213834049989749, 0.22084414084862616, 0.7398860680438774, 0.011844019804722872]], "inverted": true, "swapped": true, "error_lsq": 0.042151683518065676, "error_max": 0.2563327465750385, "target": "351.xyz", "model": "7.xyz", "model_rescale": 3.7474275329858107, "target_rescale": 3.9904472256406427},
{"mapping": [5, 6, 8, 4, 13, 9, 7, 11, 12, 10, 3, 0, 1, 14], "R": [[0.707635235061479, 0.6487378608819071, -0.27998493166213984], [0.5824442797748844, -0.759897028289567, -0.2886436684810555], [-0.40001379358342376, 0.04117880832482404, -0.9155835683802684]], "T": [0.0828615546148619, -0.0835549113271058, -0.00799501836568868], "aligned_model": [[-0.5902670080368176, -0.6103892942486214, -0.09307162073012627, 0.45508328963541894, 0.8564589091589966, -0.2918201451026076, -0.4649419586926521, 0.0677461041065799, 0.5393239484746554, -0.1253937873185617, -0.3516141426475924, -0.048680349520915614, 0.5276853851912916, 0.13231122436594964], [0.1316736459083468, -0.26823655016588044, 0.5239700763018706, 0.51264783387153, -0.04167603684986123, -0.05449987610401724, -0.418180005523322, -0.48816600959807693, -0.49357319754717605, -0.7979744504475397, 0.32614719331821623, -0.22127262229424116, 0.0407258595934336, -0.049989900669122206], [-0.1245972066586921, 0.3821768043273768, -0.2632815692765547, -0.35182508168392523, -0.4639611592220076, -0.6706486751981336, -0.2356240786065445, -0.4797378910217122, -0.0725682849417174, 0.13862624328282525, 0.38887976153612136, 0.6228328481472516, 0.5848691058487562, -0.00844125509367286]], "inverted": false, "swapped": false, "error_lsq": 0.048699648503131535, "error_max": 0.2889339040821852, "target": "351.xyz", "model": "8.xyz", "model_rescale": 4.019505241142653, "target_rescale": 3.9904472256406427},
{"mapping": [10, 3, 12, 11, 1, 9, 8, 0, 6, 5, 4, 7, 13], "R": [[0.13497181474589087, 0.9276293713605943, -0.34826191094253994], [-0.8797159743388598, 0.27392089141212633, 0.3886735773641122], [0.4559412393250158, 0.2539115882293182, 0.8530219760625362]], "T": [-0.09934677068197481, -0.1321793247294621, -0.04413189379731963], "aligned_model": [[-0.24236808685559305, -0.5734713014304175, 0.005409239661859147, 0.30450062646026677, 0.38107592905618337, 0.5110139606482039, 0.3186221851534311, -0.14570203441573637, 0.3431660201768738, -0.40096372415672177, -0.29670322732249743, 0.16239559857144578, -0.04727441380612171], [-0.5818157298334689, 0.2414532319821095, 0.0687491226532719, -0.4406069589241071, -0.8370874952007739, -0.006451456814815848, 0.7006670946647182, -0.7037180679598705, -0.312978681751608, 0.1074377052393316, 0.6846020470503322, 0.27248470519263096, -0.12935728818369155], [-0.35436992655682253, -0.18327957873733483, -0.7152955253929494, -0.6338750570764359, -0.004205484959157124, -0.1034511073558846, -0.10315776117937761, 0.39538080252702257, 0.6013658498688033, 0.6187018053915331, 0.21591130068537218, 0.42202714802915964, 0.020951028799950505]], "inverted": true, "swapped": true, "error_lsq": 0.044936321787082636, "error_max": 0.21239612455440438, "target": "351.xyz", "model": "9.xyz", "model_rescale": 3.877068213659057, "target_rescale": 3.9904472256406427},
{"mapping": [0, 1, 11, 10, 6, 12, 5, 3, 13, 4, 8, 7, 2, 15], "R": [[-0.09600082478579275, 0.18905717779350145, 0.9772621066864325], [-0.09732691372891328, 0.9753093212625267, -0.1982402575725591], [-0.9906115855896561, -0.11414513298072011, -0.07523014762953431]], "T": [0.13667091050069496, -0.06827114642240478, -0.03195089200128601], "aligned_model": [[-0.5804033568767897, -0.6474261386076661, -0.12058590191207813, 0.47736131657258474, 0.41902570058176125, -0.20121831013306796, -0.49129871816045484, 0.09666440557687268, 0.830518097355128, 0.059986600847643845, -0.2033146078571012, -0.17541701928294845, 0.48158749165187414, 0.0569509948792391], [0.22867912477517827, -0.31412934631966216, 0.58977322384585, 0.475534993027328, -0.1395906322970371, 0.043393061766196395, -0.4535150932094506, -0.6212776971545033, -0.40905363246108667, -0.661596555502552, 0.4050944698511015, -0.26462232292751603, -0.14254322009343867, -0.03455041350624752], [-0.2091261361369039, 0.24671050347048643, -0.2451452059244757, -0.33430120102581296, -0.5755443785127627, -0.6888810213930283, -0.29317242477691163, -0.34073006412821594, -0.04099934309283925, 0.28455369775671746, 0.47367523118172594, 0.696289390450342, 0.5300736351050419, -0.056703121533992165]], "inverted": false, "swapped": false, "error_lsq": 0.04375258200999378, "error_max": 0.24605647075553783, "target": "351.xyz", "model": "10.xyz", "model_rescale": 4.260839863003843, "target_rescale": 3.9904472256406427},
{"mapping": [8, 7, 5, 4, 2, 3, 12, 9, 6, 0, 10, 13], "R": [[-0.05832111958468299, -0.8272983012735763, 0.5587272749027418], [0.1462984185278798, 0.5465545428944689, 0.8245452712723902], [-0.9875198325839488, 0.12982932007552506, 0.08915676027142558]], "T": [0.01883314713374385, 0.16437244781209426, 0.04493010451438493], "aligned_model": [[0.40351881905285314, 0.14389807286191625, -0.4427787714898365, -0.26916364669844395, -0.5661820730538205, -0.4232603173349867, 0.27307341426890863, 0.6197823262382788, 0.3006948479874575, -0.10766790195746656, -0.02661818720312286, 0.05360206642239327], [-0.16653255116449484, -0.4601887503911051, -0.44759719682642374, -0.3036028076208858, 0.333838114554056, 0.2768375427950417, 0.6806361016791819, 0.029113542572468037, -0.466558347965194, -0.028790880570145644, 0.6341405817211088, 0.09178315674932674], [-0.7388645591778972, -0.16446992247547576, 0.0328797484825167, -0.6419183870074103, 0.23181110881425282, -0.37419088923435856, -0.3681563383886372, -0.06656698470521491, 0.45438538556843777, 0.729519155600241, 0.3549747903517905, 0.06677496956726006]], "inverted": false, "swapped": true, "error_lsq": 0.04755411193539788, "error_max": 0.22379247111793912, "target": "351.xyz", "model": "11.xyz", "model_rescale": 3.890672605050136, "target_rescale": 3.9904472256406427},
{"mapping": [11, 1, 9, 5, 7, 12, 2, 4, 3, 0, 6, 6, 8, 13], "R": [[0.148146396832815, -0.8965679598811762, 0.4173949429736298], [-0.9509888899001462, -0.01331330636851974, 0.308938322582397], [-0.2714272948543336, -0.44270605280258307, -0.8545984872558662]], "T": [-0.07626163203135668, -0.05811590764892152, -0.028946299651732406], "aligned_model": [[-0.6071037242951248, -0.4488874874140094, -0.2106716422181481, 0.4229314426118731, 0.6528471881638988, 0.11909045760749641, -0.5867839997653571, -0.07128598661614918, 0.5808526784322452, 0.03947686050072845, -0.2119770802338899, -0.2119770802338899, 0.5168956577993646, 0.019023270295959363], [0.0504817428989269, -0.5067133254048479, 0.7012453075912304, 0.5039388232139856, -0.06179566476777007, 0.15494860652049441, -0.4320357257075407, -0.6352119777342784, -0.7071506568382157, -0.5601191234122747, 0.17630683776634237, 0.17630683776634237, -0.05404684199845553, -0.10455888009977914], [-0.12473454147589683, 0.48603779629036487, -0.13442098842580485, -0.22862838592369417, -0.4709315459863017, -0.7156581902001318, -0.35316075857200807, -0.4264288938239555, -0.02472334680212955, 0.25965708296335127, 0.47966518025480004, 0.47966518025480004, 0.3801244986992848, -0.15976352581330777]], "inverted": false, "swapped": false, "error_lsq": 0.057474108036543785, "error_max": 0.45270740976879315, "target": "351.xyz", "model": "12.xyz", "model_rescale": 4.124412569039231, "target_rescale": 3.9904472256406427},
{"mapping": [9, 6, 0, 8, 1, 11, 7, 12, 5, 3, 10, 2, 13], "R": [[-0.6634810182157403, 0.6205794738550514, 0.4179402530233144], [-0.36776916817100824, 0.2159540577768632, -0.9044941591146469], [-0.6515664029170084, -0.7538202448591409, 0.08494857874206019]], "T": [0.12845037376276386, 0.10959826192640852, -0.10446025099703536], "aligned_model": [[-0.18204605037175942, 0.006806102819316678, 0.5748374488805512, -0.7643825941114433, 0.6021595127531922, 0.3982428345080117, -0.4300332592627966, 0.05070457352738417, -0.1285844289020523, -0.022926970590562673, 0.6547122389965785, 0.513447770635527, 0.0943611286278103], [-0.23101560493910056, 0.4800334889475833, 0.5376850832818857, -0.16317694108132996, -0.056871280430224005, -0.5904356123854834, 0.3873809991286816, -0.5390189634572261, 0.828808370972835, 0.1956972553199323, -0.08417451141530836, 0.43975272781206864, 0.1428203647541632], [0.3191441074744984, 0.5977887992549192, 0.26897917952559375, -0.12053008177003377, 0.5863242019607199, 0.10334236517714508, 0.1415053559620431, -0.37842734487661733, -0.17084963056423888, -0.6989594513914337, -0.1706130450231444, -0.4900260208476279, -0.0359803539139843]], "inverted": false, "swapped": true, "error_lsq": 0.04579964875606346, "error_max": 0.24326560802377667, "target": "351.xyz", "model": "13.xyz", "model_rescale": 3.9028299243045295, "target_rescale": 3.9904472256406427},
{"mapping": [3, 0, 1, 11, 14, 9, 4, 10, 13, 5, 2, 8, 12, 15], "R": [[-0.5734988161400625, -0.7530805503977132, -0.32244192112475734], [0.4749515328044967, -0.6263582491527282, 0.6181394544963035], [-0.6674729577837635, 0.2013579606844639, 0.7168924761052999]], "T": [-0.08225783014254917, -0.048415825690780546, -0.05298816701172046], "aligned_model": [[-0.6932435110584595, -0.728851743529768, 0.04959107822044398, 0.47806014979311007, 0.6308492554390502, 0.050527112024763565, -0.4601881326408769, 0.07190587558924089, 0.5648696024491371, 0.06073123858406945, -0.3749472249017706, -0.0684149826794406, 0.5060835452178701, -0.08454170787237208], [0.002685801327230737, -0.2981750289344297, 0.5873583743017677, 0.3815028357735495, -0.15372395494784283, 0.20831804244514826, -0.6046028727628003, -0.5950798851497516, -0.5062928416437721, -0.4761611932119757, 0.3733734079032297, -0.21875875797903518, 0.031067409230811645, -0.029915376557970746], [-0.16601279561090895, 0.40171290051553754, -0.02837541157621265, -0.2699452923233059, -0.5662513891391664, -0.7722248016106882, -0.13776982189966108, -0.5354242352941972, 0.012020109726786937, 0.18927173566308175, 0.47481532878519284, 0.7002042523282352, 0.31002303166718415, -0.16534404979250727]], "inverted": true, "swapped": false, "error_lsq": 0.041843373994472695, "error_max": 0.2260053368882692, "target": "351.xyz", "model": "14.xyz", "model_rescale": 3.942246331269136, "target_rescale": 3.9904472256406427},
{"mapping": [5, 1, 9, 6, 11, 10, 3, 4, 13, 12, 2, 0, 8, 14], "R": [[-0.29637459562120183, 0.39077341729029175, 0.8714690100110484], [0.09864004065099388, 0.9201089459269389, -0.37903782133922714], [-0.9499643369362555, -0.026375442450983583, -0.31124282254338886]], "T": [0.021558562891806837, -0.056439450759738115, -0.09055336324172736], "aligned_model": [[-0.599601250621749, -0.5411294297187355, -0.16798283735699096, 0.3968709965528439, 0.6864928528818238, 0.052152875686989064, -0.4836210786737917, 0.05107313883170926, 0.4562592299857235, -0.021482409378131995, -0.4040293183409391, -0.03187585709485437, 0.6192005906346569, -0.009896948753556133], [0.04738234437970814, -0.45922836775719844, 0.693385215391942, 0.3567782971682562, -0.09741301003548491, 0.16987544996532544, -0.544172445641427, -0.3784313456845475, -0.7402455936617026, -0.7904774819830076, 0.3612913856627411, 0.07962847330310058, 0.06855482080183503, -0.06533178211538074], [-0.012060821437160876, 0.33109192262845766, -0.3141586712167577, -0.12491990620384538, -0.35568461770317106, -0.7664572541741269, -0.24371336439097857, -0.5795462940008774, -0.1566921223997139, 0.2663946744145585, 0.38591680611736734, 0.6301045068118621, 0.38488471373570343, 0.0015399892580540975]], "inverted": false, "swapped": false, "error_lsq": 0.05293227921985978, "error_max": 0.28499973199698114, "target": "351.xyz", "model": "15.xyz", "model_rescale": 4.355366556412066, "target_rescale": 3.9904472256406427},
{"mapping": [1, 10, 0, 7, 6, 9, 5, 8, 2, 12, 3, 13], "R": [[-0.18971338037007257, -0.9367235814607914, -0.2942070108679067], [-0.8228099335682174, -0.011816233352541283, 0.5681937960333817], [-0.5357169462785605, 0.34987041681832254, -0.768503770260984]], "T": [0.07489778396137642, 0.0074287686253836, -0.005826975579508127], "aligned_model": [[-0.1847712404637662, 0.4584101305792942, -0.024621030848131095, -0.4831770516911425, -0.6100754609806538, -0.4000823011952534, -0.11642455572904878, -0.3921457666274998, 0.5637554305238255, 0.33705046506710035, 0.45425603611055493, -0.00436610011349832], [-0.8056356864231539, -0.4031758799421829, -0.4689935153503072, 0.35432590297003097, -0.23557854839517003, -0.0757775099877075, 0.4001120525191368, 0.6515120767784333, 0.008013131404955914, 0.09158243538464315, 0.4960310380573903, 0.0003609307249116487], [0.02234760577220534, 0.05072152759872125, -0.5397694523968262, -0.13917296632032305, -0.34778079152461744, 0.39334356707292956, -0.6358533411711645, 0.4828879447697793, -0.41436557808983987, 0.6468604038047419, -0.0391822622464767, -0.03077819605970896]], "inverted": true, "swapped": true, "error_lsq": 0.041425660711316335, "error_max": 0.2367906280085892, "target": "351.xyz", "model": "16.xyz", "model_rescale": 3.795458400668931, "target_rescale": 3.9904472256406427},
{"mapping": [12, 11, 10, 8, 2, 1, 9, 3, 7, 6, 0, 5, 13], "R": [[-0.07136293687186297, -0.9961245863109606, -0.05141147525446201], [0.9917621590425613, -0.06536488201050565, -0.11016012023863436], [0.10637269918668141, -0.05884930540431495, 0.9925833003436888]], "T": [0.029035371749802294, 0.03204722274970249, -0.026129186817883423], "aligned_model": [[0.10790533029284996, -0.07562077611038093, 0.3656208874310169, -0.525892942447882, 0.609843750317637, -0.26189298884171425, -0.5392999042212542, 0.42308575697336026, -0.45727179286625297, -0.5471810807170808, 0.05823506084602246, 0.031833354019371075, -0.040732853771469915], [-0.37304998096398545, 0.16346655129286455, 0.3297004002966012, -0.7186800212772206, 0.17714622513882672, 0.7571106481743213, -0.03743514487488198, -0.4170661590701945, -0.1571244439350056, 0.47066198890170297, 0.7103748053361177, 0.0012183228484311664, 0.05745807360290833], [-0.6018743285517905, -0.7862563966638798, -0.3681648679612696, -0.009442948850400975, 0.19180162035405607, -0.37100501296212857, -0.27917800205649546, 0.13751341305111026, 0.3949239207808926, 0.3213834049989749, 0.22084414084862616, 0.7398860680438774, 0.011844019804722872]], "inverted": true, "swapped": true, "error_lsq": 0.042151683518065676, "error_max": 0.2563327465750385, "target": "351.xyz", "model": "17.xyz", "model_rescale": 3.7474275329858107, "target_rescale": 3.9904472256406427},
{"mapping": [12, 11, 5, 4, 6, 9, 7, 2, 0, 1, 10, 3, 8, 13], "R": [[0.490867885336446, -0.8197045368314886, -0.29518331836877376], [-0.4917974349049392, -0.5403677588365304, 0.6827429737689783], [-0.7191550612811177, -0.189966200961804, -0.6683777676777495]], "T": [-0.04497193688058149, -0.11869636487779295, -0.01138399288850589], "aligned_model": [[-0.6278567927710568, -0.6211118834942018, -0.08916101359866552, 0.5869462694599652, 0.39983919669397666, -0.07753157652608192, -0.6237348088345183, 0.20272841216092147, 0.7303520492196016, -0.02177371286194202, -0.3033741706021705, -0.002445516539695325, 0.4181946731242271, 0.031359429204637745], [0.25438713340312263, -0.3215956107318354, 0.6004659763591753, 0.3607853857535976, -0.11383887805143467, 0.10605990264461956, -0.4807820004631389, -0.6420847342691303, -0.4290883837920158, -0.7611707672843242, 0.3367822181405449, -0.24822957739007215, 0.21581032963578156, -0.17590503416073042], [-0.29474043166749975, 0.3741433339690985, -0.07520240023042679, -0.25633797494923743, -0.6415572006101452, -0.640787405599006, -0.32973413437847654, -0.42192251200733016, 0.029504904784888097, 0.24397242756030213, 0.43829024084382295, 0.6534481902513248, 0.42500621543536987, -0.05738369196331358]], "inverted": false, "swapped": false, "error_lsq": 0.04592473453767958, "error_max": 0.2344981035344649, "target": "351.xyz", "model": "18.xyz", "model_rescale": 3.922800546911778, "target_rescale": 3.9904472256406427},
{"mapping": [4, 10, 13, 12, 5, 8, 6, 1, 0, 2, 11, 9, 3, 14], "R": [[-0.500258412246385, 0.8621974595294969, -0.0797311843484576], [-0.01899676808642886, 0.08113062662053633, 0.9965224253504936], [0.8656677444487559, 0.5000333610920785, -0.024207313274353826]], "T": [0.011033582132372433, -0.05468179547622456, -0.09240479778099735], "aligned_model": [[-0.6863116897660293, -0.6270875654561794, -0.1939741430763821, 0.5750523805715164, 0.612060464486349, -0.08846556376386892, -0.5128331715035415, 0.02741647553990629, 0.7018228229867993, 0.004894867133691229, -0.3981805022761445, -0.005316493014431423, 0.5532767671476895, 0.04007590562562301], [0.13071647735260772, -0.33078665996382867, 0.5982472583053601, 0.4862614803667189, -0.12193871422649905, 0.09143447490226009, -0.3661684010168085, -0.7314109067758079, -0.5180241445099206, -0.5999516095202527, 0.3171267427548316, -0.21220460326927562, -0.03593175457239868, -0.005773680032826793], [-0.14901037423062793, 0.31645722304003393, -0.15130496885716577, -0.1811584562638045, -0.5579978752142785, -0.6781868472825324, -0.41537150027041053, -0.39199173784868374, -0.011369447540627964, 0.372107967230194, 0.3565337913255632, 0.7061328819703537, 0.2463724267422206, -0.01451352136086291]], "inverted": false, "swapped": false, "error_lsq": 0.043272278319274195, "error_max": 0.3017510122792129, "target": "351.xyz", "model": "19.xyz", "model_rescale": 3.9282355846067225, "target_rescale": 3.9904472256406427},
{"mapping": [6, 3, 8, 9, 12, 7, 5, 7, 10, 1, 4, 0, 11, 13], "R": [[0.17122234229883287, -0.24604423660137156, 0.9540152740564221], [-0.37199917698016394, 0.8804942873809019, 0.29384761733878156], [-0.9123045115660573, -0.40520617409517173, 0.05923204074967676]], "T": [-0.042828639912029925, -0.0668869724409687, -0.0856013455863594], "aligned_model": [[-0.634161854234423, -0.586856982823788, -0.09874023375384702, 0.47218152081864284, 0.6397800182397708, -0.006328029329774658, -0.5663882692932598, -0.006328029329774658, 0.6769961261193873, -0.15539337791717933, -0.20223702508986457, 0.05941573745389303, 0.4165453647964268, -0.006054411021212069], [0.07211913879295442, -0.24451670160180825, 0.6916497817231524, 0.3776928399299132, -0.011786504048472368, -0.2148029252282232, -0.5111485865455612, -0.2148029252282232, -0.5237590464683244, -0.7018785158014405, 0.2925270993401066, -0.26279474525146257, 0.1443283755421293, -0.19123132536058035], [-0.32611409937674235, 0.40310706499042864, -0.09643949046514573, -0.21025346155004027, -0.5893906899225523, -0.6896595817836519, -0.21290839552454413, -0.6896595817836519, 0.03831218544727491, 0.2959949278822514, 0.40914943680873234, 0.6834000978754364, 0.4220666284876888, 0.009094520353887317]], "inverted": false, "swapped": false, "error_lsq": 0.04923806523804266, "error_max": 0.3609417934985163, "target": "351.xyz", "model": "20.xyz", "model_rescale": 4.067790424073018, "target_rescale": 3.9904472256406427},
{"mapping": [5, 1, 4, 2, 3, 6, 13, 11, 12, 9, 8, 7, 0, 14], "R": [[0.544424806279798, -0.7106115489172502, -0.4456824619082866], [-0.7363419978361803, -0.150397024435095, -0.6596826489030103], [0.40174879281688874, 0.6873223127372603, -0.605132998508325]], "T": [-0.023166175049217502, -0.09616111830227361, -0.07675839337463156], "aligned_model": [[-0.5703790446746606, -0.583704629739908, -0.23050899160365138, 0.42637581061033447, 0.7280927797756352, -0.005405970544327218, -0.5426468493445215, 0.12017615522249722, 0.47486149201761185, -0.016069714501754068, -0.24776939685693075, -0.012768609216447319, 0.49626922887277003, -0.034091705381650225], [0.12464064454380261, -0.38900055165615177, 0.6706694029596133, 0.47769235185132375, -0.13205810879243776, 0.21665161819322956, -0.46425133578505606, -0.5221597903938656, -0.6756359054507212, -0.7089071433624469, 0.23973345612936822, -0.12704579164620286, 0.16453231345740352, -0.17326520025369868], [-0.09321371768741421, 0.44606739822785946, -0.18377429322496203, -0.2261777008983706, -0.47433405349486457, -0.7471237189378732, -0.3679162988217827, -0.541527542208354, -0.02026697107955891, 0.40130211376807945, 0.325604781314647, 0.6686287441492046, 0.33151091150968526, -0.07208009117692457]], "inverted": false, "swapped": false, "error_lsq": 0.04419704005564833, "error_max": 0.2632020655793454, "target": "351.xyz", "model": "21.xyz", "model_rescale": 4.186013935880536, "target_rescale": 3.9904472256406427},
{"mapping": [11, 12, 10, 6, 7, 1, 9, 8, 2, 3, 4, 5, 13], "R": [[-0.9721636668829592, 0.23299423420558468, -0.024728356589788506], [0.23254238922212783, 0.9465574711347704, -0.22350165783235837], [-0.028667786931379922, -0.22303058235565215, -0.9743898179509859]], "T": [0.08092104838234715, 0.04482219660177151, -0.043139492541558244], "aligned_model": [[0.0846912505728444, -0.38355319093741164, 0.3775111846931402, 0.46550392122233847, -0.1226967934656441, 0.6932355755953432, -0.11454265494933408, -0.7395104122621345, 0.34727514439887813, -0.2709105153509732, -0.5380676430013204, 0.15978337342752466, 0.09985479547997395], [-0.27197386773440446, 0.052371182709300766, 0.21987331871349614, -0.49838949236885227, -0.27316524882240684, -0.45837472158233744, -0.544493540163327, -0.3318550682851467, 0.6224616470034958, 0.5465980323072919, 0.22544164819640805, 0.24709416410035961, -0.016631394527784046], [-0.7542255376475494, -0.5779416773393651, -0.4906515329784007, 0.4065163642369176, 0.510927341229906, -0.36119514590675905, -0.12293542789138373, 0.1952335677276829, -0.007445085439886617, 0.04737568728710749, 0.5551359096819795, 0.6921185610066846, 0.009966537368411896]], "inverted": false, "swapped": true, "error_lsq": 0.04465864782940386, "error_max": 0.2689888766392188, "target": "351.xyz", "model": "22.xyz", "model_rescale": 4.166573947596378, "target_rescale": 3.9904472256406427},
{"mapping": [3, 4, 11, 12, 14, 9, 8, 10, 13, 7, 2, 1, 6, 15], "R": [[0.18837721529556983, 0.9287381350027362, 0.3193109790613625], [0.9285858265726312, -0.06257879549004197, -0.3658035771331915], [-0.3197536355476037, 0.3654167086309203, -0.8742014879920048]], "T": [-0.02106352967486275, -0.09239977320042625, -0.037866810684042844], "aligned_model": [[-0.5216968830231443, -0.6706232626320434, -0.11296337964322886, 0.41716991926795177, 0.5696723042590226, -0.19562398429777014, -0.6583057759166923, 0.3061619441525017, 0.6886441631518282, 0.07208845537222006, -0.23230862129280552, -0.034751505376589026, 0.38168651212337296, -0.006719331509626435], [0.2364064584620803, -0.19686893675895614, 0.6413935174782547, 0.3846308510921734, -0.07881334121554373, 0.006132845410493776, -0.5173699949525065, -0.63974617911654, -0.5478692997649437, -0.7987749298163305, 0.31113983657631394, -0.19885281089074056, 0.21310448485147537, -0.11291654156107064], [-0.08962934106289036, 0.2892598628700578, -0.3120841543316472, -0.1367333011846931, -0.5640078056583966, -0.6037900714125738, -0.2974853201355865, -0.43064745469956484, -0.11320365432282087, 0.023341795311034537, 0.4574518077805317, 0.666817126237209, 0.5309628510869835, 0.026447220961727698]], "inverted": false, "swapped": false, "error_lsq": 0.045512598657077505, "error_max": 0.2867149389122727, "target": "351.xyz", "model": "23.xyz", "model_rescale": 4.274766983524099, "target_rescale": 3.9904472256406427},
{"mapping": [3, 7, 8, 12, 9, 11, 10, 1, 0, 6, 13], "R": [[-0.49518372125069776, 0.4431155271981571, -0.7472895769139367], [0.04674023525766735, -0.8453181248553698, -0.5322148233552492], [-0.867530075914587, -0.2984726073643952, 0.39787645071897687]], "T": [0.06469755039550869, -0.00830044961406691, -0.08646116976550125], "aligned_model": [[0.14723708018642395, 0.14857494517901282, -0.4542546781681385, -0.5560346171593992, -0.38228775197251524, -0.5399329544681809, 0.03809743341670986, -0.007835261890793435, 0.5750097108914957, 0.3299924485432884, 0.08132834940017172], [-0.20011717461178846, 0.6425768289314567, 0.600502448404759, -0.2843389065439245, 0.3752195287561982, -0.29867712879255615, -0.509472742972114, -0.03583506351907058, -0.025329309900035346, 0.5850240355644304, 0.06603401592612795], [-0.6696858317521712, -0.22390078621312062, -0.5679825869348245, -0.28721233291480075, 0.12563091843044624, 0.30865990171193847, 0.1723715885791964, 0.7639954449554185, 0.42468291215934484, 0.38551127323916645, -0.052504067239016405]], "inverted": false, "swapped": true, "error_lsq": 0.04525942477345909, "error_max": 0.2108207814151697, "target": "351.xyz", "model": "24.xyz", "model_rescale": 3.7841303162186577, "target_rescale": 3.9904472256406427},
{"mapping": [0, 1, 7, 11, 14, 10, 8, 9, 12, 2, 6, 4, 3, 15], "R": [[0.0413939784157209, -0.2809576948390061, -0.9588270502346452], [-0.9564119407594595, -0.28878810379941794, 0.043331635979512395], [-0.28907220226725916, 0.9152399711631308, -0.28066538272766783]], "T": [0.006958279795457888, -0.08883965975733463, -0.07601162161695976], "aligned_model": [[-0.6854534379530689, -0.6531349342862082, -0.2690970354048192, 0.3646000935606565, 0.549346394040664, -0.023310678999241347, -0.4512196482370384, 0.15487710695127968, 0.6323065920042044, -0.00795125389656665, -0.02580527455183006, -0.1040365378283198, 0.5040567223547578, 0.017252446880527877], [0.11693082566300067, -0.20183402690695024, 0.4757274327627137, 0.5898664495910227, -0.27029087818532055, 0.15639150139743807, -0.4622844081524409, -0.5310684636473126, -0.517295966373477, -0.8101599847802048, 0.3818850034493211, -0.26012710477219303, 0.08083097815079576, -0.0469753984022329], [-0.21584891923818564, 0.24732352265133237, -0.24293382233751745, -0.10564132533874258, -0.6257293229574661, -0.8137111356532409, -0.08436565051488987, -0.42913258404911137, -0.05284724882894554, 0.14368754187987567, 0.4711367067169042, 0.6416548082091129, 0.5348131492217134, -0.02170615832146825]], "inverted": true, "swapped": false, "error_lsq": 0.046865594923074114, "error_max": 0.2573861128052663, "target": "351.xyz", "model": "25.xyz", "model_rescale": 4.19342608120988, "target_rescale": 3.9904472256406427},
{"mapping": [1, 10, 0, 7, 6, 9, 5, 8, 2, 12, 3, 13], "R": [[-0.18971338037007257, -0.9367235814607914, -0.2942070108679067], [-0.8228099335682174, -0.011816233352541283, 0.5681937960333817], [-0.5357169462785605, 0.34987041681832254, -0.768503770260984]], "T": [0.07489778396137642, 0.0074287686253836, -0.005826975579508127], "aligned_model": [[-0.1847712404637662, 0.4584101305792942, -0.024621030848131095, -0.4831770516911425, -0.6100754609806538, -0.4000823011952534, -0.11642455572904878, -0.3921457666274998, 0.5637554305238255, 0.33705046506710035, 0.45425603611055493, -0.00436610011349832], [-0.8056356864231539, -0.4031758799421829, -0.4689935153503072, 0.35432590297003097, -0.23557854839517003, -0.0757775099877075, 0.4001120525191368, 0.6515120767784333, 0.008013131404955914, 0.09158243538464315, 0.4960310380573903, 0.0003609307249116487], [0.02234760577220534, 0.05072152759872125, -0.5397694523968262, -0.13917296632032305, -0.34778079152461744, 0.39334356707292956, -0.6358533411711645, 0.4828879447697793, -0.41436557808983987, 0.6468604038047419, -0.0391822622464767, -0.03077819605970896]], "inverted": true, "swapped": true, "error_lsq": 0.041425660711316335, "error_max": 0.2367906280085892, "target": "351.xyz", "model": "26.xyz", "model_rescale": 3.795458400668931, "target_rescale": 3.9904472256406427},
{"mapping": [4, 12, 8, 7, 6, 2, 3, 5, 10, 9, 0, 1, 13], "R": [[-0.5347684907687724, 0.589069193369921, -0.6058218770425845], [0.8419522977513529, 0.43227975916903616, -0.3228785191430016], [0.07168674627925936, -0.6827383797878007, -0.7271377552930547]], "T": [-0.09357133595051303, -0.06950110366701948, 0.08035151760451764], "aligned_model": [[-0.06398338032003437, 0.46794892518272746, 0.558992808606971, -0.03866871209246575, -0.2564184621745581, -0.6179850138453711, -0.18535479008522648, -0.61029557266505, -0.18021779721413403, 0.41075095498954894, -0.6204130880821634, -0.06814121629342931, -0.09653827318555822], [-0.7472719955514836, -0.30051811113153637, -0.4430526215684444, -0.10623517379636258, 0.48404548342143416, -0.2785041811144696, -0.6765690424874611, -0.29317321654134676, 0.10933436199011115, 0.20628562435115547, 0.4247158489025834, 0.76757989207156, -0.0247553652888253], [-0.47951901587326373, 0.4452252240378871, -0.4732137992927311, -0.5868835288648643, -0.47843314937790704, 0.375637714162726, 0.1628242495819662, -0.4399411592312662, 0.6089211890945343, -0.1675742691290871, 0.0675402833477255, 0.24751710297172083, 0.010035820671986079]], "inverted": true, "swapped": true, "error_lsq": 0.04883958409889354, "error_max": 0.3335812400149335, "target": "351.xyz", "model": "27.xyz", "model_rescale": 3.6321398670334006, "target_rescale": 3.9904472256406427},
