[{"mapping": [0, 2, 1, 5, 6, 3, 4, 11, 8, 12, 9, 7, 13], "R": [[-0.5674020534618256, -0.5340304730554764, 0.6267905260734628], [-0.5958671117399437, -0.25907819149512923, -0.7601452991621476], [0.5683285096438515, -0.8047918641113103, -0.17120969769917]], "T": [0.12599555580162966, -0.07966543894026787, -0.14763136916421601], "aligned_model": [[-0.34344082845344137, -0.6297923046737948, 0.2839661834524705, 0.6797256388585889, -0.11006908706787014, -0.12044047431516225, -0.4896752939138429, 0.658676305017018, 0.22659301192774256, 0.3169865557963901, -0.19646034590171738, -0.08675601557982468, 0.12123133240529514], [0.0512448676241711, -0.22089639504824407, -0.27333655485097386, -0.5635411543399269, -0.5569333631354701, -0.5399920254751216, 0.0003733316753363469, 0.17193435981711117, 0.021650070701529286, 0.2998683423588465, 0.5731452353600074, 0.4434225376084793, 0.04485641247485933], [-0.7458824931525934, -0.15746866577005056, -0.6678052757420769, 0.03026901758578185, 0.4010352847422808, -0.17148556349514904, 0.5789685390521635, 0.22654853612715578, 0.6206097719820246, -0.5408187987031108, -0.2288938250742356, 0.3548725812086425, -0.04269580345373811]], "inverted": true, "swapped": false, "error_lsq": 0.05247477735991299, "error_max": 0.3604009574151368, "target": "353.xyz", "model": "0.xyz", "model_rescale": 3.8414455957264533, "target_rescale": 3.751150105625296},
{"mapping": [5, 2, 3, 11, 0, 4, 7, 12, 13, 10, 6, 8, 14], "R": [[0.09385822899174673, -0.7754072932823877, 0.6244470853283043], [-0.9845856548999419, -0.1652723147013947, -0.05723766381060841], [0.1475863171699393, -0.6094494167014395, -0.7789670644298703]], "T": [-0.025134329382792902, -0.05664400899231417, 0.017838774166967324], "aligned_model": [[-0.17619513138475412, -0.7020073137344007, 0.08257585762469256, 0.7584599251945378, 0.0048093434251846486, -0.2901498741259313, -0.48658820995685187, 0.6773485356793296, 0.2517502387193853, 0.3020781056684685, -0.4084537642053523, 0.2562130070090947, 0.040703957638448376], [0.09864885521296182, -0.036442878924964006, -0.4581574343826179, -0.3089070716661768, -0.6978888627875318, -0.48872572375632783, -0.31597000766021033, 0.23644640973395228, -0.013874858470327031, 0.3514479728467155, 0.5574412218766124, 0.6132965180309223, -0.08551847528240458], [-0.6045658734762999, -0.2754863100269707, -0.6459099485332829, 0.23831279425499097, 0.3546262196679625, -0.17936514987938135, 0.3822085652489974, 0.07174030115875552, 0.7223618301061095, -0.4234935916492135, -0.27540636884415526, 0.3282026961321171, -0.03597185885253496]], "inverted": true, "swapped": false, "error_lsq": 0.04534500438743513, "error_max": 0.3105010232037753, "target": "353.xyz", "model": "1.xyz", "model_rescale": 4.316132596720782, "target_rescale": 3.751150105625296},
{"mapping": [11, 9, 10, 4, 6, 8, 5, 3, 0, 7, 2, 12], "R": [[-0.27841670314990447, -0.317639729465466, 0.9064155458023895], [-0.2500279497754995, 0.9351620284846069, 0.25091433759674925], [-0.9273457627757828, -0.15677047791488274, -0.33978353920715615]], "T": [-0.05134579681582542, -0.05574775706796529, -0.12213330622287455], "aligned_model": [[-0.07122567663675812, 0.5080412437083363, 0.1004339110886769, -0.5341537045927578, -0.5280633462731781, -0.6454339736629958, -0.15660120557415103, -0.061168102605608426, 0.5139234551722809, -0.01588541666586872, 0.5281117337026239, -0.04017036302881939], [-0.69853762997247, -0.21168662282746906, -0.6180874419829486, 0.4863093154847996, -0.2507591838889599, -0.17537188033811055, 0.33723944024474817, 0.5782843790026415, 0.08113649229301198, -0.1145288836676165, 0.5878230235551495, 0.010955419838204396], [0.27360780127273876, 0.004652663805822965, -0.4911315724032852, -0.1002439783385621, -0.38922944432423745, 0.29827830251320964, -0.5403033887887043, 0.5379010068277367, -0.6066772400606869, 0.5924894891144884, -0.12405215406966266, -0.0060330243394371985]], "inverted": true, "swapped": true, "error_lsq": 0.047953705497249505, "error_max": 0.2840493779119641, "target": "353.xyz", "model": "2.xyz", "model_rescale": 3.795458400668931, "target_rescale": 3.751150105625296},
{"mapping": [8, 4, 3, 0, 11, 9, 5, 6, 1, 10, 7, 12], "R": [[-0.809519659931538, 0.5815969857283502, 0.08014278742360126], [0.5499254037238775, 0.7989714651946593, -0.2433652566489916], [-0.20557229999067866, -0.15293640507216233, -0.9666180659806365]], "T": [0.05277784658727217, 0.02325432346206088, 0.0833287129095158], "aligned_model": [[-0.054063858253062945, -0.3217982369948316, -0.8493681354629857, 0.19020687678444956, 0.29743787955267564, 0.028751015887823472, 0.027924418777239897, 0.425124717319579, 0.5802754918650559, 0.6998757352383869, -0.3580428719408322, -0.07301920702993284], [-0.05160760682576046, -0.5649815100021934, 0.03394818934332374, 0.03512849255250544, 0.5820798565725557, 0.5298633156360494, -0.48944077794928237, -0.3164732835186257, -0.4262895401314022, 0.22311288816843544, 0.4726067162420646, 0.057822305202039154], [-0.6426032088284666, -0.11935293457872173, -0.07080366515741174, 0.8276550624046876, -0.36168875450640237, 0.39328921621897617, 0.36065504846494156, -0.20402540042641845, 0.5388170227565234, 0.21272576860548317, -0.2970752346928026, 0.0511785103787119]], "inverted": false, "swapped": true, "error_lsq": 0.06194409662095354, "error_max": 0.3615468662842481, "target": "353.xyz", "model": "3.xyz", "model_rescale": 3.7530521520055578, "target_rescale": 3.751150105625296},
{"mapping": [8, 4, 3, 2, 7, 5, 11, 6, 10, 9, 12], "R": [[0.7320451027333115, -0.008034624326820672, -0.6812087876533176], [-0.6528844803956779, -0.2938375960473764, -0.6981413341205093], [-0.19455544922371484, 0.9558215900266253, -0.22034805471420169]], "T": [-0.10867737357189007, 0.06184869613685695, 0.08014510172273547], "aligned_model": [[-0.4507489875210879, -0.2982584864982884, 0.40692973717011854, 0.5975116854851014, 0.21792590938723405, -0.23935943034137508, -0.18074870078113675, -0.6886274441339332, -0.35230485918893667, 0.3495002842562555, -0.023620105388746607], [-0.5585870289651839, 0.025114309066714385, -0.3464683694070963, 0.4553493299182896, -0.5774288313581972, 0.508517378661554, -0.48127069299914793, 0.07279101859848103, 0.28284631868592724, 0.10455065870885566, -0.018210732595850265], [-0.12489912629918128, -0.6199392323541019, -0.556380626746531, -0.23035824029672813, 0.07286929107217496, -0.2716973976542517, 0.5997719942436763, 0.06719879822431751, 0.6861388479657, 0.4563833898015444, 0.013743079288697196]], "inverted": false, "swapped": true, "error_lsq": 0.04417174015112266, "error_max": 0.2512254903659159, "target": "353.xyz", "model": "4.xyz", "model_rescale": 3.7855080009869324, "target_rescale": 3.751150105625296},
{"mapping": [5, 4, 3, 14, 12, 1, 6, 15, 13, 10, 7, 8, 16], "R": [[0.9965950144224864, -0.04757204891667463, -0.06734446814782769], [0.048178442449460734, 0.998811272078787, 0.00740813414429321], [0.0669119937783075, -0.010627461137325264, 0.9977022813236356]], "T": [0.04287625211316205, -0.12112696937436836, -0.03306174246468495], "aligned_model": [[-0.2442980881293459, -0.6805806111549219, 0.2654039666407575, 0.6107031429083275, 0.1093322459021323, -0.39733457738922046, -0.44250672972123817, 0.7440143230602283, 0.1516659707447044, 0.30035418552907434, -0.40021877034226316, 0.20414784368116412, 0.08986177582245237], [0.09315361702866169, -0.12952897947825093, -0.2524599093296478, -0.4601045238081124, -0.6415183772868768, -0.7364781904198834, 0.12288915555150702, 0.2488227102513616, -0.03874783461634568, 0.45902378024707396, 0.4497758526809433, 0.48382513996391724, -0.14685677601374397], [-0.7588151256578723, -0.18649041345504197, -0.6777707315047544, 0.10964157989636812, 0.40034527924875085, -0.058776316853308336, 0.3287898290237756, 0.1924615306121803, 0.678448000372325, -0.39096465610445164, -0.2308147215077731, 0.28839477578296663, -0.03719572454607045]], "inverted": false, "swapped": false, "error_lsq": 0.04326712700358566, "error_max": 0.29417077254784, "target": "353.xyz", "model": "5.xyz", "model_rescale": 4.2253639853439635, "target_rescale": 3.751150105625296},
{"mapping": [5, 10, 11, 12, 9, 8, 1, 7, 0, 6, 2, 3, 13], "R": [[0.8383956742138632, -0.12557276596922864, 0.530400013109275], [-0.18474048876990817, -0.9809680580393376, 0.05977140550117557], [0.5127998101291937, -0.14809844547924148, -0.8456377505634993]], "T": [-0.051608562998729526, -0.042798670325122114, 0.011444204328408834], "aligned_model": [[-0.2467324095975425, -0.7867585215164137, 0.353158648814592, 0.8156622752514842, 0.004117321260278403, -0.4019451333939915, -0.5860243370629916, 0.6706566056742758, 0.24846623460302525, 0.34968748660021265, -0.31221501192113976, 0.23336846826333696, -0.03089694942327437], [-0.005983939042007183, 0.006346624469118413, -0.33697805867372654, -0.38199417996681995, -0.5653474729309288, -0.656499480599267, -0.17938158370707796, 0.21439054453076392, -0.05349804891899061, 0.3106471386465983, 0.4969752136247734, 0.5893145521746711, 0.013804355163497262], [-0.5896486558019705, -0.24478177577543106, -0.584522053546061, -0.052832259705575625, 0.321982128267132, -0.20419549171857238, 0.4956452681042531, 0.2153509229780888, 0.755018873389002, -0.34598482194074937, -0.29005213897102217, 0.16054295781859707, 0.02073035220940329]], "inverted": false, "swapped": false, "error_lsq": 0.04441571954754907, "error_max": 0.2531391631676267, "target": "353.xyz", "model": "6.xyz", "model_rescale": 3.89814844738969, "target_rescale": 3.751150105625296},
{"mapping": [5, 1, 9, 8, 3, 6, 0, 11, 7, 10, 2, 4, 12], "R": [[0.10172914422786428, -0.024774258977986297, -0.9945036034659496], [-0.8829955210540607, -0.46272033992468176, -0.07879591879314271], [-0.45822493495349526, 0.8861580689200315, -0.0689477039123596]], "T": [0.0458152051990624, -0.01623631685071368, 0.07145047780325478], "aligned_model": [[-0.2549140811668884, -0.7390283264699764, 0.41038781163962035, 0.5208791512821533, -0.08500272269441095, -0.1454598426608604, -0.47516250984444103, 0.8419992002197041, 0.18506553409487342, 0.18573929429962419, -0.3359165647682553, 0.13823734887041308, 0.06372038475029576], [-0.15464883480534247, -0.033411253134764785, -0.24615954599571638, -0.49790057285998907, -0.6784175408554689, -0.6243704711236701, -0.12770943572666427, 0.13013427638932112, -0.03308977697006522, 0.4611419379624472, 0.545289201823586, 0.5801557759402579, 0.13078190412667223], [-0.6306752055470367, -0.24243208685230258, -0.7109611800644479, 0.07220143034995008, 0.5150546177604174, -0.1542984037015691, 0.33061519697704056, 0.07410843388665553, 0.7130110644436516, -0.46839664330886666, -0.1298398403845413, 0.2978801741769227, -0.00901425242877972]], "inverted": true, "swapped": false, "error_lsq": 0.04839190512517297, "error_max": 0.2470566474904695, "target": "353.xyz", "model": "7.xyz", "model_rescale": 3.7474275329858107, "target_rescale": 3.751150105625296},
{"mapping": [0, 10, 1, 4, 13, 12, 11, 8, 9, 3, 6, 5, 14], "R": [[-0.7130208662540254, 0.6500924096029952, 0.2626425389439624], [0.6572351705498001, 0.75018177578364, -0.07258948873273537], [-0.2442195219034189, 0.12086009373931585, -0.962158855315789]], "T": [0.01443737930992662, -0.08768283842714947, -0.05005396557411622], "aligned_model": [[-0.18691165770221896, -0.7323909501354573, 0.16401799255362948, 0.6845501259664302, 0.20925782447978916, -0.31348674344334304, -0.3527741137426978, 0.6036645869133597, 0.031867362614259966, 0.32172254697055813, -0.3037912592546679, 0.1295527910170995, 0.05526617131511017], [0.12171636726133547, 0.020218800855484206, -0.4012692018829856, -0.4072805943175379, -0.9082002589283871, -0.6102783151118176, -0.2183754459101842, 0.14211007326002228, 0.17166685035152518, 0.4684997191970743, 0.6200903806424978, 0.5831408933943332, -0.13024360404075577], [-0.6415129883121878, -0.12665711346113, -0.7164555358348972, 0.19699264347735412, 0.2612465090326217, -0.048518952682132556, 0.4342549413326377, 0.2053218974488349, 0.6660286935517795, -0.3822757669583223, -0.30446643060454326, 0.17302769399133333, -0.05973228567425349]], "inverted": true, "swapped": false, "error_lsq": 0.05540330868131752, "error_max": 0.31742113673408123, "target": "353.xyz", "model": "8.xyz", "model_rescale": 4.019505241142653, "target_rescale": 3.751150105625296},
{"mapping": [8, 7, 9, 10, 1, 0, 0, 6, 2, 11, 4, 5, 12], "R": [[0.14760033213202473, 0.9845233611282898, 0.09448753011467155], [0.9867704160689432, -0.1401086827422216, -0.08157023348847389], [-0.06706927706215905, 0.10527729295956681, -0.9921786147974894]], "T": [0.10628844708613823, -0.022221640843168668, 0.02194739708862841], "aligned_model": [[-0.12931549155024974, -0.6925064061231132, 0.1961394268984745, 0.8411914205496445, 0.11380205723929969, -0.4871336071006776, -0.4871336071006776, 0.7624798095419766, 0.09661685314427708, 0.42008350050695786, -0.607232208679085, 0.17102776727448302, 0.11252516295054184], [0.1118885564976714, -0.20431292120404293, -0.3453502528130821, -0.5680265435577705, -0.6854734248532847, -0.17443687470708227, -0.17443687470708227, 0.1609149118682871, 0.010714480677573114, 0.26436616299382926, 0.39801460457126187, 0.643063275693227, 0.014870564311099281], [-0.5966333740757553, -0.36321949943629833, -0.5737494746369187, 0.03588963453422144, 0.14979855602127684, 0.23949478561706727, 0.23949478561706727, 0.2748025668325195, 0.612535099624376, -0.4326399093042147, -0.02146277544580124, 0.08301718825143983, 0.009925721708114427]], "inverted": false, "swapped": false, "error_lsq": 0.0618000619468319, "error_max": 0.5115479300655578, "target": "353.xyz", "model": "9.xyz", "model_rescale": 3.877068213659057, "target_rescale": 3.751150105625296},
{"mapping": [8, 7, 11, 12, 5, 1, 4, 6, 3, 9, 2, 13, 15], "R": [[0.8033979202685755, 0.5392217317075945, 0.25257019967207295], [-0.3951332295817927, 0.1654745817211589, 0.9035971965895367], [0.4454452969651719, -0.8257469871930933, 0.3460063591224002]], "T": [0.12148262609783256, 0.03413567805170632, -0.04140857564073564], "aligned_model": [[-0.225774060642998, -0.6796064762371471, 0.5001138474069581, 0.6498371570118961, 0.026643611883165996, -0.43349776833930087, -0.4126682212476138, 0.646231176041713, 0.1613299933114973, 0.06754320805333092, -0.30691831222057253, 0.18238143062248255, 0.1349290919084398], [-0.12582297024264988, -0.04533241430363534, -0.26213938603219716, -0.48538541907965943, -0.6513980573516613, -0.6327601907445434, 0.04521380548928235, 0.13598019509690695, -0.10945877759045607, 0.4142498544863134, 0.5322191191847905, 0.6850488989627682, -0.048618993104654534], [-0.7115943410503875, -0.1764183598578355, -0.6013324641432203, 0.05416618573240014, 0.3219707045187493, -0.029028261576320498, 0.37410415234432787, 0.26611577917441154, 0.5754821459325391, -0.5782968842805438, -0.13490124736660172, 0.3711951209184771, -0.0742092250389011]], "inverted": false, "swapped": false, "error_lsq": 0.04169218431359762, "error_max": 0.2529723821773143, "target": "353.xyz", "model": "10.xyz", "model_rescale": 4.260839863003843, "target_rescale": 3.751150105625296},
{"mapping": [10, 11, 8, 6, 4, 5, 0, 9, 7, 3, 2, 12], "R": [[-0.2932862279635396, -0.7280521308750345, 0.6196154317116709], [0.2138641720836053, 0.581728171326686, 0.7847639457721691], [-0.9317968149687532, 0.3626739988105454, -0.014908594865237518]], "T": [-0.006722078737232838, 0.00944282965837173, -0.13686974659508477], "aligned_model": [[0.315430936571033, 0.3359471620874537, -0.39838639420776883, -0.38237454957730244, -0.6701501279452509, -0.3498431590931736, 0.3406761293006333, 0.5752386821509321, 0.1763346127537124, -0.18603552864531006, 0.20877765483129113, -0.0067167691321191915], [-0.10102758465275477, -0.6618255654948083, -0.5840527779750324, -0.19869183637483162, 0.14443308998591217, 0.4630215880099256, 0.6370141590748772, 0.09296129778721246, -0.41186050744782066, 0.07362532963863096, 0.7235366199937052, -0.004055307012081719], [-0.736399932403713, -0.1833626229660511, 0.05898387528784274, -0.5269910193898959, 0.12590266735353667, -0.26693930669786703, -0.37877501799654256, -0.04939511355933969, 0.41484770361295886, 0.7583764849210408, 0.30311659951108255, -0.0031862402775476584]], "inverted": true, "swapped": true, "error_lsq": 0.039796460800324236, "error_max": 0.2198317185038464, "target": "353.xyz", "model": "11.xyz", "model_rescale": 3.890672605050136, "target_rescale": 3.751150105625296},
{"mapping": [11, 10, 9, 5, 7, 12, 4, 8, 3, 6, 2, 0, 13], "R": [[-0.532096126307097, -0.8056743116727612, -0.2603125350028388], [0.27323802984752177, 0.12760118762132028, -0.9534458117599938], [0.8013829867260889, -0.578452107290008, 0.1522447639747339]], "T": [0.09460838821680063, 0.09224787262346375, -0.1191395362211149], "aligned_model": [[-0.2112434342455496, -0.7031630621884697, 0.2777268840992574, 0.46236158808347216, 0.16316928645656753, -0.20482119985330527, -0.4421352206939875, 0.7096295433176696, 0.16593956442290198, 0.49231709855804245, -0.576189987024996, 0.14630000867609944, 0.03065360794414844], [0.21681986606631892, -0.25922634566306574, -0.33876881519995866, -0.592488623180217, -0.5521513559067137, -0.5882420222375985, 0.13888227099921385, 0.08995120826706263, 0.14598202430493368, 0.37389879694166817, 0.31927981317514786, 0.5142475474834617, -0.016388700279649684], [-0.5592516185835334, -0.31805432008773943, -0.7408409495256645, -0.14856226786484833, 0.4349481894854465, -0.07007252566188225, 0.328954845585549, 0.2562732365362321, 0.800146958972936, -0.4266438166644358, -0.18278049322987017, 0.29066381971873523, -0.0075277533738306035]], "inverted": false, "swapped": false, "error_lsq": 0.058851913606215854, "error_max": 0.3910133441055461, "target": "353.xyz", "model": "12.xyz", "model_rescale": 4.124412569039231, "target_rescale": 3.751150105625296},
{"mapping": [8, 11, 6, 3, 7, 9, 10, 0, 5, 1, 2, 4, 12], "R": [[0.7366849541882127, 0.3752271772121728, -0.5625831882967144], [-0.5100498812729192, -0.23792530122012498, -0.82658373420531], [-0.4440094558522293, 0.8958772887626398, 0.01610858755787689]], "T": [0.14235382695024756, -0.11740538139477062, 0.01973564598952223], "aligned_model": [[-0.2679635873784694, -0.8142478098020112, 0.3203686379936367, 0.7101980940674465, -0.06818042703781074, -0.06917016594358266, -0.5160586721232449, 0.6510430796284283, 0.2624499831846886, 0.3471914014726963, -0.38494490704827034, 0.10004501135976629, 0.0398140391785778], [-0.07289188919465732, -0.047422883743403074, -0.2730847052101861, -0.5290507064089123, -0.5138186001284906, -0.6792406708954207, 0.007382678132626844, 0.09323074752353065, -0.03215855942909383, 0.4337253205526931, 0.5240192790407554, 0.5997543509823391, -0.058648696451177304], [-0.5672518235608841, -0.24591190231813906, -0.6061137687818278, -0.11008881419445085, 0.45746794137896235, -0.199900370871019, 0.32881588405190026, 0.20313427956690822, 0.7627402029571614, -0.5434346802381558, -0.2103207900379265, 0.33937315650674865, 0.04874399084781621]], "inverted": true, "swapped": false, "error_lsq": 0.04592855764815991, "error_max": 0.3325284360532353, "target": "353.xyz", "model": "13.xyz", "model_rescale": 3.9028299243045295, "target_rescale": 3.751150105625296},
{"mapping": [12, 13, 2, 3, 4, 5, 10, 6, 7, 11, 14, 9, 15], "R": [[0.7711282547420383, 0.04724940536767688, 0.6349241753397797], [0.3168767884825034, -0.8934384430035968, -0.3183659050280414], [0.5522230669389981, 0.4466936783252142, -0.7039278671034249]], "T": [0.10211893369964613, -0.17720528487447035, -0.14241318906416045], "aligned_model": [[-0.25965832587400933, -0.6766792724516946, 0.5830300266509735, 0.5620602321049197, -0.041213896231803535, -0.3194762057603437, -0.377560157771191, 0.6751416832030023, 0.19918934063991384, 0.04399084010576308, -0.43572119679613036, 0.23465453561868216, 0.12278707411376968], [-0.012010007871060602, -0.06828760810890519, -0.4615283113815496, -0.44371618932764073, -0.6345713070598202, -0.46198873054669937, -0.06734506786553202, 0.12743984356730248, 0.07335668819414837, 0.5106086964606484, 0.5101898020001769, 0.4790921798611288, -0.09944432315159273], [-0.7134368522095933, -0.2618353209270601, -0.6220325244020917, 0.1833403758694796, 0.3367895816883685, -0.19948998916645228, 0.41722178480133665, 0.010048401238271637, 0.7227018261711446, -0.40583251286748345, 0.0034176765022039812, 0.24816767128263906, -0.061806812673668804]], "inverted": true, "swapped": false, "error_lsq": 0.044950418043522, "error_max": 0.2740389308488298, "target": "353.xyz", "model": "14.xyz", "model_rescale": 3.942246331269136, "target_rescale": 3.751150105625296},
{"mapping": [7, 2, 8, 13, 12, 0, 5, 4, 3, 6, 9, 10, 14], "R": [[-0.17343025350151442, 0.18526973081430387, -0.9672626706403986], [-0.8337893801810419, -0.550319293249521, 0.0440901913656781], [-0.5241347314075979, 0.8141399156909968, 0.2499179485570055]], "T": [0.1007737895047167, -0.01330377500553017, 0.02011694966035172], "aligned_model": [[-0.386280036751953, -0.6421141498710735, 0.24642794368972748, 0.7994419149272506, 0.28698960866410317, -0.340572374536853, -0.4360925469967115, 0.5148179847930703, 0.0616894485603867, 0.1716472001028444, -0.322370632555284, 0.3166311649907921, 0.04032915253555221], [0.064530627620969, -0.10822368904577354, -0.35672640307962467, -0.4054207108702661, -0.7376015788310545, -0.4985564674557017, 0.03109061370872835, 0.1774148072083856, -0.15149028233613135, 0.23761455872093193, 0.6312214689885153, 0.6574292608243042, -0.08948654068267825], [-0.6782381779255728, -0.1273809760473391, -0.6578850357225251, 0.15809160541976833, 0.34995420988282805, -0.3122395920593934, 0.3556512000303204, 0.388705885561768, 0.724336257820362, -0.47466213115101996, -0.21161201716573602, 0.13202451927885173, 0.010507557384782073]], "inverted": true, "swapped": false, "error_lsq": 0.0485531213340286, "error_max": 0.2805885922139587, "target": "353.xyz", "model": "15.xyz", "model_rescale": 4.355366556412066, "target_rescale": 3.751150105625296},
{"mapping": [11, 9, 10, 4, 6, 8, 5, 3, 0, 7, 2, 12], "R": [[-0.27841670314990447, -0.317639729465466, 0.9064155458023895], [-0.2500279497754995, 0.9351620284846069, 0.25091433759674925], [-0.9273457627757828, -0.15677047791488274, -0.33978353920715615]], "T": [-0.05134579681582542, -0.05574775706796529, -0.12213330622287455], "aligned_model": [[-0.07122567663675812, 0.5080412437083363, 0.1004339110886769, -0.5341537045927578, -0.5280633462731781, -0.6454339736629958, -0.15660120557415103, -0.061168102605608426, 0.5139234551722809, -0.01588541666586872, 0.5281117337026239, -0.04017036302881939], [-0.69853762997247, -0.21168662282746906, -0.6180874419829486, 0.4863093154847996, -0.2507591838889599, -0.17537188033811055, 0.33723944024474817, 0.5782843790026415, 0.08113649229301198, -0.1145288836676165, 0.5878230235551495, 0.010955419838204396], [0.27360780127273876, 0.004652663805822965, -0.4911315724032852, -0.1002439783385621, -0.38922944432423745, 0.29827830251320964, -0.5403033887887043, 0.5379010068277367, -0.6066772400606869, 0.5924894891144884, -0.12405215406966266, -0.0060330243394371985]], "inverted": true, "swapped": true, "error_lsq": 0.047953705497249505, "error_max": 0.2840493779119641, "target": "353.xyz", "model": "16.xyz", "model_rescale": 3.795458400668931, "target_rescale": 3.751150105625296},
{"mapping": [5, 1, 9, 8, 3, 6, 0, 11, 7, 10, 2, 4, 12], "R": [[0.10172914422786428, -0.024774258977986297, -0.9945036034659496], [-0.8829955210540607, -0.46272033992468176, -0.07879591879314271], [-0.45822493495349526, 0.8861580689200315, -0.0689477039123596]], "T": [0.0458152051990624, -0.01623631685071368, 0.07145047780325478], "aligned_model": [[-0.2549140811668884, -0.7390283264699764, 0.41038781163962035, 0.5208791512821533, -0.08500272269441095, -0.1454598426608604, -0.47516250984444103, 0.8419992002197041, 0.18506553409487342, 0.18573929429962419, -0.3359165647682553, 0.13823734887041308, 0.06372038475029576], [-0.15464883480534247, -0.033411253134764785, -0.24615954599571638, -0.49790057285998907, -0.6784175408554689, -0.6243704711236701, -0.12770943572666427, 0.13013427638932112, -0.03308977697006522, 0.4611419379624472, 0.545289201823586, 0.5801557759402579, 0.13078190412667223], [-0.6306752055470367, -0.24243208685230258, -0.7109611800644479, 0.07220143034995008, 0.5150546177604174, -0.1542984037015691, 0.33061519697704056, 0.07410843388665553, 0.7130110644436516, -0.46839664330886666, -0.1298398403845413, 0.2978801741769227, -0.00901425242877972]], "inverted": true, "swapped": false, "error_lsq": 0.04839190512517297, "error_max": 0.2470566474904695, "target": "353.xyz", "model": "17.xyz", "model_rescale": 3.7474275329858107, "target_rescale": 3.751150105625296},
{"mapping": [12, 7, 5, 4, 6, 9, 2, 8, 0, 10, 11, 3, 13], "R": [[-0.32489802040670096, -0.9457298406575525, -0.006028666987589804], [-0.6715420320150098, 0.23518210570657638, -0.7026526000752948], [0.6659373661035686, -0.22424193551889682, -0.7115075395115505]], "T": [-0.03577260341209207, 0.039325500943659775, -0.004610423020923841], "aligned_model": [[-0.2652306788088823, -0.7674340316469277, 0.38977870056401454, 0.5718939558819182, -0.02085115506094977, -0.16870557287255314, -0.40309513403144825, 0.655381688918, 0.2531258947233326, 0.29599803728167795, -0.36592824311429994, 0.1815869506508333, -0.04597573493286371], [-0.13749952840343216, 0.03274456344484877, -0.20358231571959529, -0.5147299721158844, -0.6742729517206032, -0.5840126847242801, -0.2666864323158938, 0.19711610815462913, -0.08194381282034602, 0.40302073311767384, 0.6269476725107155, 0.6653557384906952, -0.010661453127923479], [-0.694044121026106, -0.18362865597861544, -0.5367023483105484, 0.10936197499346073, 0.28788472257059816, -0.2083320413502023, 0.5200452536012061, 0.1148145311904267, 0.770614577927299, -0.4884424088703423, -0.26429118638567095, 0.14177997025542033, 0.08819303669016881]], "inverted": false, "swapped": false, "error_lsq": 0.05034677227712481, "error_max": 0.2879764422847924, "target": "353.xyz", "model": "18.xyz", "model_rescale": 3.922800546911778, "target_rescale": 3.751150105625296},
{"mapping": [5, 0, 12, 11, 9, 3, 2, 4, 10, 8, 1, 6, 14], "R": [[0.21570824375697706, -0.5180733983940853, 0.8276894994209387], [-0.4716065455915383, -0.797501190720747, -0.37627000538736427], [0.8550188417400502, -0.30917924360376176, -0.41635438702397365]], "T": [0.10312202882137263, -0.03067993121660836, -0.101907759601231], "aligned_model": [[-0.2792359754955091, -0.6938513267501912, 0.18252075018611869, 0.6051310378362463, -0.08314321778541568, -0.25007409302570377, -0.3605617256903775, 0.6854776720819947, 0.24637017619925067, 0.3327496159133922, -0.40633216914603426, 0.21550516841986306, 0.11598876480821785], [0.11635571374048123, -0.18706695686988636, -0.4306821642759902, -0.37648147379251123, -0.5931115321758766, -0.5377258619698422, -0.16388688728828252, 0.22869024271854146, 0.03108067324668397, 0.4157528986567456, 0.4929292788720295, 0.5820843689185966, -0.12614263501008496], [-0.7458926940776356, -0.2989336573740886, -0.774446309544403, 0.26640170374289107, 0.4564103737814226, -0.26715353777385853, 0.4276035674200068, 0.24081101246636716, 0.6894620927891923, -0.45170706445929515, 0.01756122892543477, 0.1941626954038408, -0.09702610599278037]], "inverted": false, "swapped": false, "error_lsq": 0.0428770105712537, "error_max": 0.27739258710173365, "target": "353.xyz", "model": "19.xyz", "model_rescale": 3.9282355846067225, "target_rescale": 3.751150105625296},
{"mapping": [4, 0, 8, 12, 10, 11, 1, 7, 2, 6, 3, 5, 13], "R": [[-0.8038031339218837, -0.5857176676079225, -0.10409291882397081], [-0.06037949861805336, -0.09374907352600081, 0.9937632652496515], [-0.5918233165768236, 0.805075105232395, 0.039990460000570605]], "T": [0.13742652222870333, -0.042375262608949, -0.11504235835480925], "aligned_model": [[-0.2656683400370006, -0.6432193542819155, 0.33027176783545203, 0.7003109942806331, -0.028251833083190958, -0.2573383463914391, -0.3980954181991886, 0.686840330418766, 0.14465332391631608, 0.3488834363033766, -0.4283500144445518, 0.10175043256302732, 0.018757698671567083], [-0.04774571295407294, -0.21201208288648285, -0.1629369388797619, -0.6344575195414573, -0.6468423516875289, -0.6098585271822935, 0.1550723871545974, 0.048638899883420586, 0.06481010086086965, 0.5300763022728734, 0.4472695373315677, 0.5830376135037675, -0.06325604310489476], [-0.601718364767593, -0.07018310189714917, -0.8409191885332012, 0.12031697843915135, 0.4760621753729225, -0.3034212697500499, 0.37047949823849585, 0.16416843294009809, 0.7017656249283419, -0.34834309434043165, -0.19566462316289518, 0.19362591547192975, -0.008915677632524488]], "inverted": true, "swapped": false, "error_lsq": 0.0512940777338065, "error_max": 0.29795379206731737, "target": "353.xyz", "model": "20.xyz", "model_rescale": 4.067790424073018, "target_rescale": 3.751150105625296},
{"mapping": [8, 4, 7, 9, 13, 5, 6, 12, 11, 0, 2, 3, 14], "R": [[-0.982283060304542, -0.17060870088273056, -0.07754134782069975], [-0.18517528075376932, 0.8200089531592649, 0.5415675693174485], [-0.02881153998845756, 0.5463313902035593, -0.837073418071402]], "T": [0.019043469192931553, -0.11433664460767488, -0.015697286714379182], "aligned_model": [[-0.147742119723693, -0.7228426865861711, 0.39427873378838096, 0.7342803565253249, -0.018699525182184547, -0.37265792644583245, -0.5362103549959365, 0.6976972566336826, 0.19810850322416151, 0.19715178168424663, -0.339207790278648, 0.14761871125649667, 0.07876973765202362], [-0.2714223389031514, -0.024851420555199025, -0.23572882056863959, -0.3959081491649836, -0.6744881312115986, -0.5417821441508064, 0.11803276899171543, 0.13768369460561497, -0.05334712627259773, 0.389889958493158, 0.5231122039692784, 0.6323443456132632, -0.15173917607544946], [-0.5378797727309981, -0.30564524976268564, -0.6490426846042128, -0.13060412850064182, 0.40254819563804534, -0.12672197961128948, 0.4147147821713397, 0.23515855298808733, 0.6025649927591448, -0.4831274860680904, -0.15367167590989497, 0.3711889014880365, 0.01777085745025363]], "inverted": true, "swapped": false, "error_lsq": 0.04299906409730846, "error_max": 0.32125158273151483, "target": "353.xyz", "model": "21.xyz", "model_rescale": 4.186013935880536, "target_rescale": 3.751150105625296},
{"mapping": [7, 10, 1, 2, 8, 9, 11, 5, 11, 6, 4, 3, 12], "R": [[-0.561406587201947, 0.27411954533779026, 0.7808207980772964], [-0.120185837829237, 0.9065324327738006, -0.4046656801787118], [-0.818766149905788, -0.3210255802782985, -0.47598799204962583]], "T": [0.08115106595312249, -0.0776651431120424, -0.09859660220844024], "aligned_model": [[-0.2490181709250382, -0.7267961698221643, 0.2608119915467626, 0.6717674961133882, 0.11374878005310302, -0.263838189340804, -0.17054187654187059, 0.7306391818758832, -0.17054187654187059, 0.17602286887548763, -0.428590607973408, 0.29278704023791446, 0.07409420999446839], [0.061999931006048115, -0.12592448357806552, -0.4363737674656243, -0.4907837666462168, -0.6434890992094854, -0.593716259419006, 0.0002052867242637313, 0.11815268430454148, 0.0002052867242637313, 0.42515941305015814, 0.4397604563069092, 0.7338165638901447, -0.03721658091732736], [-0.7387572710812902, -0.30155406794627204, -0.7102936763893973, 0.07519763871732993, 0.41759015706121705, -0.10975094344452277, 0.47547032556843516, 0.2733702536481101, 0.47547032556843516, -0.3177304785209368, -0.09150268248919136, 0.28746855851696346, -0.07772483390178574]], "inverted": true, "swapped": false, "error_lsq": 0.048277759959794914, "error_max": 0.4348105832702859, "target": "353.xyz", "model": "22.xyz", "model_rescale": 4.166573947596378, "target_rescale": 3.751150105625296},
{"mapping": [2, 11, 6, 5, 14, 12, 9, 7, 10, 4, 3, 8, 15], "R": [[-0.8813891887703728, 0.4545417445967711, -0.1286269813749351], [-0.4273162006033294, -0.8832404007542393, -0.19309909160176292], [-0.2013801445541228, -0.11523105872296124, 0.9727115916266991]], "T": [0.034376574362453685, -0.03533787959392775, -0.036762739507456184], "aligned_model": [[-0.05625493207961359, -0.7259650256154832, 0.19538722117141788, 0.7950145673314922, -0.14428967955203054, -0.3083327541886261, -0.39909850842419403, 0.6536935735130924, 0.32243042281780154, 0.16156278235441046, -0.365279828874537, 0.0917658494167668, 0.08991098968135469], [0.05008783568922912, -0.14092071165790768, -0.5155698029957266, -0.3682556507395475, -0.5984684709560246, -0.5846298940442013, 0.11577160525785446, 0.06529911822108544, -0.1952080692496113, 0.6124717868106815, 0.35832398667990245, 0.6975927401529504, -0.044698808398080374], [-0.6980475619534989, -0.21794288285308938, -0.6047068417981936, -0.0774761587793755, 0.489488217740686, -0.13780705757851625, 0.3501667663111514, 0.3063236882101736, 0.6358498800244686, -0.35928377444001575, -0.2529380073100916, 0.3002807561535393, -0.07665371842014368]], "inverted": false, "swapped": false, "error_lsq": 0.05153842721821538, "error_max": 0.28635154319001943, "target": "353.xyz", "model": "23.xyz", "model_rescale": 4.274766983524099, "target_rescale": 3.751150105625296},
{"mapping": [2, 5, 0, 9, 10, 11, 7, 8, 4, 6, 12], "R": [[-0.08462083028869449, 0.9563078724758123, -0.2798474014923803], [0.9899132969656405, 0.11271249122457289, 0.08583448498456948], [0.11362649150558016, -0.26976127847179276, -0.9561997035480593]], "T": [-0.04972678549716925, 0.11086159153179936, 0.04723166047074081], "aligned_model": [[0.18485239044094026, 0.3287490454936625, -0.24725513119464798, -0.4771699313878806, -0.6147922448099485, -0.57307203313318, -0.10144866216552711, 0.17625975951924616, 0.6667120424155686, 0.03362744715886481, 0.00343202162097668], [-0.10024509915779051, 0.4915316832919015, 0.42980751901627856, -0.12334190867918987, 0.49922221616589063, -0.18881841129707577, -0.5798227406497976, -0.14155634213043583, 0.13717746848276896, 0.5034399553652675, -0.011807809164334354], [-0.7592202207259809, -0.18130757658244293, -0.6102677667323682, -0.29298378696930655, 0.12003120258100539, 0.501639739374964, 0.2361189278374287, 0.7023743027518239, 0.16312544318130306, 0.4662349130693415, 0.033821256235809144]], "inverted": true, "swapped": true, "error_lsq": 0.06460753941604999, "error_max": 0.34456619646548814, "target": "353.xyz", "model": "24.xyz", "model_rescale": 3.7841303162186577, "target_rescale": 3.751150105625296},
{"mapping": [12, 13, 2, 1, 6, 3, 11, 0, 7, 9, 14, 10, 15], "R": [[-0.3009492007417113, -0.3395589048432551, -0.8911393430404554], [-0.3686265362524548, 0.9032464639369092, -0.21968227547070676], [0.8795135333486591, 0.2623844041232615, -0.39700172434063585]], "T": [0.13048095947118155, -0.060527816995689925, -0.044313807007300345], "aligned_model": [[-0.3075326945408759, -0.6457573452296657, 0.3891706272519223, 0.7799744660503634, -0.016685273956944968, -0.41050138030167993, -0.43968904648392027, 0.711765139738378, 0.1975868593733101, 0.1546967442075542, -0.30046164843113554, 0.09311533170512676, 0.10486289816941931], [-0.011840502182196504, -0.0067185577122875415, -0.2206907475855953, -0.41147455060830784, -0.6454913911368795, -0.6531572386248472, -0.06594912553309776, 0.0212502052679999, 0.04301999700397916, 0.3357795365030111, 0.5329757041281276, 0.6514886897280521, -0.11739635447735422], [-0.6615216250907989, -0.1252993316494654, -0.734401134362009, 0.04530186618280765, 0.3534124416984798, -0.1159403684668733, 0.46979157410204697, 0.39925242953164786, 0.5941062807988986, -0.4738423693388185, -0.34654054543152, 0.26696004234687676, -0.014025955014178193]], "inverted": false, "swapped": false, "error_lsq": 0.04518884854781242, "error_max": 0.2652975452984143, "target": "353.xyz", "model": "25.xyz", "model_rescale": 4.19342608120988, "target_rescale": 3.751150105625296},
{"mapping": [11, 9, 10, 4, 6, 8, 5, 3, 0, 7, 2, 12], "R": [[-0.27841670314990447, -0.317639729465466, 0.9064155458023895], [-0.2500279497754995, 0.9351620284846069, 0.25091433759674925], [-0.9273457627757828, -0.15677047791488274, -0.33978353920715615]], "T": [-0.05134579681582542, -0.05574775706796529, -0.12213330622287455], "aligned_model": [[-0.07122567663675812, 0.5080412437083363, 0.1004339110886769, -0.5341537045927578, -0.5280633462731781, -0.6454339736629958, -0.15660120557415103, -0.061168102605608426, 0.5139234551722809, -0.01588541666586872, 0.5281117337026239, -0.04017036302881939], [-0.69853762997247, -0.21168662282746906, -0.6180874419829486, 0.4863093154847996, -0.2507591838889599, -0.17537188033811055, 0.33723944024474817, 0.5782843790026415, 0.08113649229301198, -0.1145288836676165, 0.5878230235551495, 0.010955419838204396], [0.27360780127273876, 0.004652663805822965, -0.4911315724032852, -0.1002439783385621, -0.38922944432423745, 0.29827830251320964, -0.5403033887887043, 0.5379010068277367, -0.6066772400606869, 0.5924894891144884, -0.12405215406966266, -0.0060330243394371985]], "inverted": true, "swapped": true, "error_lsq": 0.047953705497249505, "error_max": 0.2840493779119641, "target": "353.xyz", "model": "26.xyz", "model_rescale": 3.795458400668931, "target_rescale": 3.751150105625296},
{"mapping": [4, 3, 11, 8, 1, 9, 0, 5, 6, 10, 3, 7, 12], "R": [[-0.4931768808483761, 0.1762619699921687, 0.851885134352717], [-0.8683197766452438, -0.1592776742566795, -0.4697354446602224], [0.05288978808258149, -0.971371371010008, 0.23160382099334345]], "T": [0.01759812489190458, -0.22420070481650684, -0.04715584870618397], "aligned_model": [[-0.13084658635754473, -0.5617774806084452, 0.381829588291003, 0.6739224883779404, 0.018001589676972057, -0.2984110980866724, -0.5203334045265338, 0.5838136255039212, 0.43578777855297685, 0.2559117561244705, -0.5617774806084452, 0.001763473736010806, 0.032660427476198], [0.03421765931727205, 0.22565005941945193, -0.395786027199373, -0.49707990487024484, -0.6213525792222674, -0.4589389105706406, 0.05746842179432504, 0.21277975991873183, -0.159556211347243, 0.33374784237264926, 0.22565005941945193, 0.5685718151915027, -0.07357631945301202], [-0.8282110960588115, -0.13102930407368307, -0.6383144652772811, 0.11261580766269241, 0.39173297141046837, -0.21865055960775723, 0.5207925335124336, 0.18802184621128185, 0.6614522677522721, -0.42076856311442046, -0.13102930407368307, 0.1302394555505443, 0.020401715413038563]], "inverted": false, "swapped": false, "error_lsq": 0.05778074817089552, "error_max": 0.43381407796299176, "target": "353.xyz", "model": "27.xyz", "model_rescale": 3.6321398670334006, "target_rescale": 3.751150105625296},
{"mapping": [2, 5, 13, 6, 4, 1, 3, 12, 7, 11, 0, 8, 14], "R": [[0.808884109157401, 0.33422399782531254, -0.48373630960504044], [-0.41001652545855904, 0.9103167836351149, -0.05665511700729627], [0.421417781783741, 0.24416730475205958, 0.8733781428949241]], "T": [0.10708820884025289, 0.10124713902204745, -0.025681062901305785], "aligned_model": [[-0.35081534934017733, -0.7360207700589128, 0.4144048921521559, 0.6928688361200634, 0.11776044494494342, -0.27496998060830563, -0.4527441451353403, 0.7530988328835209, 0.11792587611820671, 0.0886565845542055, -0.35292216783711655, 0.19331417536404968, 0.09998744839455824], [-0.15062187665752697, -0.018989474812890372, -0.326847181351163, -0.4092919266843002, -0.6655171636461965, -0.43949801066320276, 0.09975564538548401, 0.13940410656551863, -0.0341503301205265, 0.25764142559716424, 0.4927658674107217, 0.4558338236657481, 0.05131076008177331], [-0.6259559949771998, -0.24173598175740804, -0.6491945278212068, -0.036560227948668866, 0.28804789637602757, -0.11998598914310057, 0.37199416998494195, 0.48883234830491684, 0.7374948370861183, -0.648358297728107, -0.18225447344698767, 0.3401918406662979, -0.06526229428852975]], "inverted": false, "swapped": false, "error_lsq": 0.04545948993129087, "error_max": 0.28277371366089504, "target": "353.xyz", "model": "28.xyz", "model_rescale": 4.156811204709835, "target_rescale": 3.751150105625296},
