[{"mapping": [14, 7, 13, 12, 5, 0, 4, 3, 2, 15, 10, 9, 8, 16], "R": [[0.08909864601345074, -0.8046578611586881, 0.5870154663670247], [0.6818071213558716, -0.3803616485111137, -0.6248712392247924], [0.726085725343082, 0.4559065066627517, 0.5147317521151935]], "T": [0.012044867628984247, 0.07097020161073711, 0.13428100952007022], "aligned_model": [[0.32237441354936275, 0.24885248163022453, -0.49582016269622187, -0.37409024373170086, -0.5922400936659997, -0.20641528454123373, -0.7806104081987634, -0.11893687830220975, -0.32849618151569443, -0.0034947866305200734, 0.8486888531655663, 0.30448375295777375, 0.5262297638878787, 0.020966875219841866], [-0.7004352128038623, -0.3623381877928745, -0.45369275074125437, -0.3502633058287171, 0.16220528260449085, 0.2664012845713334, 0.2573711269625253, 0.5401158485311471, 0.6987031291945603, 0.028323175981461807, 0.35203924228842365, 0.8157088419694174, -0.14302135447303185, 0.12415621134641433], [0.28058244997984516, -0.3861138255771776, 0.3917775011454805, -0.18404350116927137, 0.42422944986918526, -0.5326331237474642, -0.17214231269979974, 0.608038047231815, 0.08162113043630281, 0.7566806625184881, 0.2538372393857023, 0.14438639098740413, 0.11905365369607873, 0.11231432512324414]], "inverted": false, "swapped": true, "error_lsq": 0.045514144907012846, "error_max": 0.2867850604988336, "target": "354.xyz", "model": "0.xyz", "model_rescale": 3.8414455957264533, "target_rescale": 4.121685950154138},
{"mapping": [6, 9, 14, 11, 8, 15, 13, 7, 4, 12, 5, 1, 2, 0, 16], "R": [[-0.041915759814483255, 0.9824280497534748, -0.18187412167969003], [-0.027513908071854498, -0.18310006233860163, -0.9827091899612082], [-0.9987422359857363, -0.03618693450935517, 0.0347052132831302]], "T": [0.0002023417352928509, -0.06210920809651481, -0.08525630993432773], "aligned_model": [[-0.6472294548163037, -0.4749551124360906, -0.009396462759520411, -0.25353215948850805, -0.4062579954182512, 0.22807283039988177, 0.6926078863037753, -0.2566356381954741, 0.5613670313747606, 0.3666001861233239, 0.6122397611817897, -0.5440079428572636, 0.10881260301858656, -0.07534112365671053, -0.03030025526945075], [0.11607933013857076, 0.3006200761133077, -0.7982533762155496, -0.3800248497084202, -0.41724513337534735, -0.46297367981895526, -0.3484840817026573, -0.13546642609869053, 0.5909521609807145, 0.018545567196541005, 0.08293777391463127, 0.6945187986796023, 0.5344961186348749, 0.5685555066128248, -0.017213257308432123], [0.06998348684653094, -0.6171502119037341, 0.3279923786740184, -0.5543217160433196, 0.052869845730296516, -0.5057611177647853, 0.10985017231373817, 0.5805497890197657, 0.039435241466087456, 0.4505756721002583, -0.3341053057507315, -0.15373262562281786, -0.46611821752071203, 0.27146179989825026, -0.1063474041033105]], "inverted": false, "swapped": true, "error_lsq": 0.041982356358282284, "error_max": 0.26128979944038677, "target": "354.xyz", "model": "1.xyz", "model_rescale": 4.316132596720782, "target_rescale": 4.121685950154138},
{"mapping": [0, 2, 4, 8, 12, 6, 13, 10, 5, 9, 3, 16], "R": [[0.8193193097314437, 0.34392670650604806, -0.4587268133138648], [0.46209858213685573, 0.07748707863119729, 0.8834368415638496], [0.3393829239786502, -0.9357938732419151, -0.09544138365822459]], "T": [-0.13822987323981878, 0.11836755590595817, -0.09930349322958029], "aligned_model": [[-0.23911127008869199, 0.4441853233403728, 0.21190397261453592, -0.5421873779498605, -0.42064751154679914, -0.45511335416717413, -0.14008338717063384, -0.27153281572209964, 0.36228293107915127, 0.26072576728449015, 0.5031633442950083, -0.11577706733651821], [-0.5929620216266741, -0.2617535220549193, -0.5785529177363731, 0.4185753299919871, -0.22426865088577574, -0.04116419445231716, 0.2181276636920119, 0.5583391098071437, 0.03285580281067289, 0.07374115227759713, 0.3193396822040045, 0.09049899371362209], [0.02121946442762114, 0.07125559410659857, -0.4848564559664986, 0.13966092409664357, -0.5796254617979167, 0.49158817280737954, -0.8671231538126816, 0.6635346374017072, -0.5462139152466023, 0.5928678322551425, 0.00031844975752214066, -0.05336762681949457]], "inverted": false, "swapped": true, "error_lsq": 0.047164491884620324, "error_max": 0.24309785911166573, "target": "354.xyz", "model": "2.xyz", "model_rescale": 3.795458400668931, "target_rescale": 4.121685950154138},
{"mapping": [7, 8, 10, 3, 0, 2, 11, 12, 15, 5, 1, 16], "R": [[0.25194981154843776, -0.9434698251212353, 0.215374050308788], [-0.10087692871668247, 0.19573663811437889, 0.9754542602051468], [-0.9624682528340331, -0.2674917897532303, -0.045858529209053145]], "T": [0.1356365958239077, -0.08138512218367441, 0.0115094323332579], "aligned_model": [[0.021271210962270776, -0.24858988650758695, -0.7190954393266242, 0.13335499360304418, 0.16568112969396137, 0.18906446245356184, -0.2252490064175972, 0.6096995826372228, 0.25149420929713606, 0.6877517082074316, -0.37555441934365014, 0.10347528048439505], [-0.23412410614834633, -0.4434004296755516, -0.2715236334313955, 0.07951560759682752, 0.4999699013530692, 0.5567310559393456, -0.33198107501106777, -0.0767370413515646, -0.42963606119719433, 0.08248479679475626, 0.6880613868149998, -0.03359135639416894], [-0.6800367716873364, -0.16660652258948455, 0.17444239673771914, 0.6716649715968235, -0.42645891129273544, 0.332045083510638, 0.4501860307771584, -0.43916912939239033, 0.5162270509860739, 0.36629078027002954, -0.12982561677451226, 0.020012068497116793]], "inverted": true, "swapped": true, "error_lsq": 0.04241559339564516, "error_max": 0.20154053259903965, "target": "354.xyz", "model": "3.xyz", "model_rescale": 3.7530521520055578, "target_rescale": 4.121685950154138},
{"mapping": [9, 15, 8, 14, 6, 13, 0, 5, 4, 12, 16], "R": [[-0.7486468513955636, -0.38098963370452693, 0.5425631676636367], [-0.2946757330954442, 0.9243260830993932, 0.242461346252957], [-0.593880547096949, 0.021637724275537243, -0.8042622113888008]], "T": [-0.06410550337086184, -0.1189319467504894, -0.06467959226602972], "aligned_model": [[-0.4299531017876074, -0.3153480418385478, 0.38043024120132213, 0.5885828300402633, 0.2640266217324461, -0.09080731763929362, -0.03166481744824355, -0.5927895927869341, -0.5038038597322557, 0.15650127408579906, -0.08697463338174358], [-0.8234302681454173, 0.12763722937765637, -0.29609194404113215, 0.2779522570641394, -0.7156688864982343, 0.654765590435469, -0.34097056537033693, 0.2924792535831614, 0.14557754876515488, 0.31422658804031955, -0.16927344489643392], [-0.16515801141496794, -0.5799682550074883, -0.3500086534198959, -0.42420110779931364, 0.0413996897103774, -0.051200724936675726, 0.6283853838824065, 0.02906586282606856, 0.6379177503598698, 0.37301301630641237, -0.04641417326147668]], "inverted": false, "swapped": true, "error_lsq": 0.047751935401307205, "error_max": 0.21385029436256633, "target": "354.xyz", "model": "4.xyz", "model_rescale": 3.7855080009869324, "target_rescale": 4.121685950154138},
{"mapping": [7, 4, 0, 2, 5, 3, 6, 8, 13, 1, 11, 12, 10, 9, 15, 14, 16], "R": [[-0.11949183440907651, -0.9919496485262572, -0.041923696141783484], [0.6822327879127293, -0.05135853611293219, -0.7293289544952686], [0.721304460409319, -0.11575057475870859, 0.6828774998758195]], "T": [0.015627855748230876, -0.07218402138795953, -0.02840602298615725], "aligned_model": [[-0.5150961477533876, 0.08000113237068601, 0.44018142340644734, 0.5873680413741458, -0.14963106342416677, 0.15649970953132708, -0.2083038988535072, -0.6111779356420637, -0.10195392184718939, 0.6604499150542246, 0.30399719768990807, 0.5127588819592392, -0.566414367807549, 0.006873797188079581, -0.41044020019351024, 0.30870679044644633, 0.038193280776907076], [-0.27513960923396097, -0.49661510754931326, 0.000864453277716018, 0.39530688925098756, 0.20722043007252855, 0.5330600013775976, -0.6796286232327108, -0.18769479325364702, -0.47943476430658544, -0.36199656371599426, -0.7795891864594274, -0.306520367821798, 0.34622302683819245, 0.6245993664610664, 0.27817588772746105, 0.25399598016259206, -0.03438523822894412], [-0.516781425054286, -0.6306643713900049, -0.6787075467873948, -0.0471435839027688, -0.7698410415530833, -0.3386501190097882, -0.11172884721590326, 0.2700594447420202, 0.5591218460082648, -0.2991774046554697, 0.19263081412176272, 0.3728575842953686, -0.1592749118299407, 0.1176429281412017, 0.5839925828879217, 0.4867723375430002, 0.0023966681423478013]], "inverted": false, "swapped": false, "error_lsq": 0.042877629589306174, "error_max": 0.272283466122216, "target": "354.xyz", "model": "5.xyz", "model_rescale": 4.2253639853439635, "target_rescale": 4.121685950154138},
{"mapping": [14, 12, 5, 15, 13, 2, 3, 11, 0, 7, 4, 9, 10, 16], "R": [[0.03937097428538805, -0.5144396018344235, 0.8566223336151465], [-0.5204077332961292, -0.7423983490295942, -0.4219247355675155], [0.85300979918721, -0.42918129901310126, -0.29694729341757414]], "T": [0.09383533942783517, 0.003963463421406584, -0.001899338369775655], "aligned_model": [[0.6550780700853882, -0.2045815779096063, -0.4226944247944321, 0.2391246001469866, -0.14895455000773578, -0.4282719195561884, -0.0621150644573229, 0.4958133214551308, -0.3250505544471402, 0.3250104227717181, -0.765953157997336, 0.13241720865537146, 0.8039897849558203, 0.08024999385712968], [-0.18597730202209362, 0.10344852619523387, -0.4325585084102862, -0.5899166886477734, -0.4907835534318898, 0.06985369061131513, -0.38831545081578356, -0.26509588946613666, 0.597632181217998, 0.47873181434409795, 0.0852141359353672, 0.22563840283831263, 0.19988228500994124, 0.03734550327668756], [-0.6033176244624947, -0.5754135507940088, 0.012236548329021893, 0.12315654273963064, -0.5457568607963328, 0.48374702007192527, 0.5305443784171808, 0.38732382909330554, -0.054669299973767266, -0.4874895818626829, -0.1072796571262839, 0.7659742993022449, 0.4986634799716343, 0.0438386860220756]], "inverted": false, "swapped": true, "error_lsq": 0.03761337649112005, "error_max": 0.25595993192549005, "target": "354.xyz", "model": "6.xyz", "model_rescale": 3.89814844738969, "target_rescale": 4.121685950154138},
{"mapping": [2, 9, 11, 4, 15, 6, 0, 5, 12, 7, 8, 13, 16], "R": [[-0.8119061765581758, -0.33885865800349424, -0.475376871926638], [0.1400225824794661, 0.6774926209857756, -0.722078544831243], [0.5667468895922283, -0.6528235277668042, -0.5026125791617629]], "T": [-0.01285916994036225, 0.15471789927530988, 0.004335839557523976], "aligned_model": [[-0.011619181372265266, 0.11520253563977494, 0.48695884431396463, -0.35443246865727945, 0.5958367185241414, -0.3738849772202731, -0.6644894527359512, 0.23788053289891664, -0.4117440464997779, -0.5640275495744952, -0.01474430651622495, 0.13478233804679313, -0.027087185943101312], [-0.3503820931933681, 0.21883988624796358, 0.45151080252135223, -0.6454501561497695, 0.12798822897329754, 0.5926213853165297, -0.08480566107860454, -0.4609421402813473, -0.08053710400100056, 0.5266786566742252, 0.7089905832549606, -0.18946724422100558, 0.1487361214072528], [-0.5032686890147943, -0.7829041703383313, -0.21376925600569488, 0.005642878469828635, 0.13930404986659584, -0.3867132420675101, -0.21634276385589754, 0.12942208830320664, 0.4663038306635367, 0.2736003990879485, 0.060803565166032636, 0.6820091516430931, -0.05181281108171809]], "inverted": true, "swapped": true, "error_lsq": 0.04267304834904511, "error_max": 0.3121390360514616, "target": "354.xyz", "model": "7.xyz", "model_rescale": 3.7474275329858107, "target_rescale": 4.121685950154138},
{"mapping": [6, 7, 12, 0, 13, 2, 1, 9, 5, 3, 10, 11, 8, 14, 16], "R": [[-0.33242699441317514, 0.8408406178853174, 0.4271760160632391], [-0.08640349808610912, -0.47818194896995136, 0.874000262698921], [0.939162780834029, 0.25363177835897593, 0.23161215879689212]], "T": [0.10439259224300367, -0.08711881805849488, 0.03329101313742233], "aligned_model": [[-0.4406358383875696, 0.1606862615381833, 0.5077032756142271, -0.1964009178336581, 0.8556388851953229, -0.27016448804450677, -0.7593223536890091, -0.6309155373739158, 0.4103218363871596, -0.04612567393479562, -0.4620167786006807, -0.05795082009148676, 0.03875927898028779, 0.6434580254266523, 0.049118567152535667], [0.20137333466935475, 0.21901524950478968, -0.30641523446097635, -0.4770729457502771, -0.27361200205788044, -0.6647850998977083, -0.33790890251309624, -0.14025030484054912, -0.6145763535611779, -0.3221076240090408, 0.5588818620042982, 0.2531351771972095, 0.4585490959723526, 0.5402906237803331, -0.10539891405803825], [-0.27449912391666237, -0.6130508052890564, -0.4326682775227686, -0.5035065744291344, 0.05204855680644016, 0.23026450836758453, -0.2205605301265403, 0.3443493074519076, 0.32612219032134626, 0.6528264029237745, 0.26808922914547895, 0.5265918774029522, -0.05808273456231418, -0.13564892582885324, 0.03451955495210624]], "inverted": false, "swapped": true, "error_lsq": 0.047626275286240846, "error_max": 0.3541942014055338, "target": "354.xyz", "model": "8.xyz", "model_rescale": 4.019505241142653, "target_rescale": 4.121685950154138},
{"mapping": [2, 5, 0, 1, 9, 6, 7, 3, 11, 15, 13, 8, 16], "R": [[0.22922066481485287, 0.9328263783359142, -0.27801588929868526], [0.8496195284989475, -0.3311174372373409, -0.41049713707966556], [-0.47497846647512665, -0.14211330211516987, -0.8684464668284738]], "T": [-0.005540415820538366, 0.07865707792353514, 0.05973138406630734], "aligned_model": [[-0.2705803304360238, -0.6732094071017617, 0.10332397871258402, 0.4241197844521966, 0.26965768512305066, 0.6394581670649043, 0.42872731529035335, -0.323454033816086, 0.14019089150108227, -0.29969691037747365, -0.5877873001916543, 0.4553468964117794, 0.01360403510822486], [-0.4771905140265815, -0.021785096385735725, 0.08263096583042444, -0.4687938429397882, -0.6697382976692554, -0.05311052978053811, 0.603939344769628, -0.47992116185905487, -0.25297336140629867, -0.0372450889038871, 0.5690508438393679, 0.23631738911368705, 0.03219757753209122], [-0.30575075718618344, 0.018697980434131144, -0.6605639437286276, -0.5639908151955704, -0.006816567507044603, -0.14430931404233688, -0.16417678600623026, 0.28023278566576626, 0.5639709553786219, 0.5977650467090493, 0.20117064943608154, 0.3301689511312543, 0.03030530895496717]], "inverted": true, "swapped": true, "error_lsq": 0.04564360791304468, "error_max": 0.32828597295900624, "target": "354.xyz", "model": "9.xyz", "model_rescale": 3.877068213659057, "target_rescale": 4.121685950154138},
{"mapping": [3, 2, 12, 6, 0, 9, 8, 4, 5, 13, 14, 15, 11, 7, 14, 16], "R": [[0.45283210877373586, -0.7246636170777426, 0.519428265834017], [0.21065537893378922, 0.6530467070964505, 0.727429934548163], [-0.8663529261160219, -0.2199832730783994, 0.4483748063572721]], "T": [0.013532668260028153, -0.007858586990405118, -0.07186458952203119], "aligned_model": [[0.13973524381445204, -0.1535232730845191, -0.5389844078146278, 0.4150382073769555, -0.3157586451278395, 0.48119370141677476, 0.4312414218323858, -0.7553555319204147, -0.4466983249196311, -0.525822470588698, 0.14010307481338016, 0.1534491886075092, 0.5384019226378677, -0.017509717151157646, 0.14010307481338016, 0.02979506061127718], [0.13108216726657093, -0.3752708030222466, -0.0041350987732719485, -0.5139881366009346, -0.6500357053464911, -0.43937258125095624, 0.05828715014722155, -0.30177730468206754, 0.2285123262976755, 0.5385339954714452, 0.5195848693518949, 0.5307834052844702, 0.23021152267143535, -0.21375927259016117, 0.5195848693518949, -0.05644252644293059], [-0.7249097359727908, -0.6633799936855168, 0.2782489669168647, 0.16822843811187327, 0.02747516592632475, -0.5569904429397917, 0.290839841976759, -0.35358371681656847, -0.5076058852243372, 0.02840367976325653, 0.5750961391829813, -0.3542291574020788, -0.3027515666243444, 0.6146381917905704, 0.5750961391829813, -0.0995417370761418]], "inverted": false, "swapped": true, "error_lsq": 0.0404786424113122, "error_max": 0.3529125260875872, "target": "354.xyz", "model": "10.xyz", "model_rescale": 4.260839863003843, "target_rescale": 4.121685950154138},
{"mapping": [6, 7, 12, 0, 5, 2, 9, 8, 14, 13, 15, 16], "R": [[0.09444816430640611, -0.6468022401788855, 0.7567868962652073], [0.9949289365455873, 0.03491934263875009, -0.09432417894656889], [0.034582589310473866, 0.7618579274439907, 0.6468203327874984]], "T": [0.016393543166133444, 0.08469828819918744, -0.030946879060789134], "aligned_model": [[0.40065881234479767, 0.23229028214989514, -0.342881130278663, -0.33681302257592166, -0.5391385961570329, -0.42558243406773927, 0.18161462992615285, 0.5490384403483034, 0.4676000683380806, -0.3505370705541597, 0.10980046148276387, 0.01284820813765325], [-0.0660820038898214, -0.5867478796768352, -0.4418493009412562, -0.2349581120169537, 0.3476219856767747, 0.5010950723116601, 0.6323800469398505, -0.07807380455503461, -0.3712836795610394, -0.12017828493808082, 0.48305487228611915, 0.10809959389755112], [-0.5828743990029901, -0.16207060884752708, 0.11581085161260257, -0.5820888890209575, 0.25155873857511174, -0.41050036820242125, -0.5904153289869787, -0.016628174247859284, 0.5179319496980559, 0.6193530980972177, 0.4402523964344747, -0.08415118871322422]], "inverted": false, "swapped": true, "error_lsq": 0.04612569114843021, "error_max": 0.2503488057305517, "target": "354.xyz", "model": "11.xyz", "model_rescale": 3.890672605050136, "target_rescale": 4.121685950154138},
{"mapping": [8, 14, 13, 10, 15, 1, 7, 9, 6, 0, 5, 12, 2, 16], "R": [[-0.7037109405648808, -0.19938522000431774, -0.6819358079563799], [0.16442536158671556, -0.979461733672316, 0.11670052587156042], [-0.6911983887397081, -0.030004104976664822, 0.7220419247441111]], "T": [0.1495550512179828, 0.08125039291943008, 0.09865046316996638], "aligned_model": [[0.29536534017957705, 0.3999560768074559, 0.2528804301316969, 0.5103896168041446, 0.738864159759077, -0.37581896987631697, -0.2650580448114919, 0.23115984415174115, -0.11378918836963992, -0.5563583178896099, 0.24097750824694744, -0.26126261771847187, -0.01757430818951705, 0.1301443055681012], [-0.28271163713828146, 0.16755281566937075, 0.8085414772849621, -0.7314999679433567, 0.2785836947163898, -0.51175666717286, -0.08565993873331697, -0.4774823671152684, -0.5512977601226511, 0.013002504957686206, 0.6476326539976774, 0.5061004028597218, 0.10543599826328642, 0.04571131030440541], [-0.29717950827044765, -0.7029891504664504, -0.14604136438475895, 0.04863123229472356, 0.15535954793149787, 0.5942960471758025, -0.462492756125097, 0.6655866354720055, 0.02414458146915484, 0.2651471554172942, 0.45699013610443295, -0.18170609206681337, 0.794547532504809, 0.1404964383007085]], "inverted": true, "swapped": true, "error_lsq": 0.04362341782399094, "error_max": 0.2528351639347955, "target": "354.xyz", "model": "12.xyz", "model_rescale": 4.124412569039231, "target_rescale": 4.121685950154138},
{"mapping": [2, 6, 7, 3, 0, 4, 11, 5, 8, 15, 12, 14, 16], "R": [[0.975981144447964, -0.2088101010615883, 0.06212203616021942], [0.181514805953383, 0.621731467400978, -0.7619070531653663], [0.12047066407116722, 0.7548829870503614, 0.644700314068619]], "T": [0.08261247678658823, 0.14472775545767042, -0.021050343793876748], "aligned_model": [[-0.22735230137969614, 0.07466008643105974, 0.6554026443770283, -0.5162214308102294, 0.4387429866243604, 0.3797958866324968, -0.45114338697406287, 0.007173829284881028, 0.09366924734794632, -0.28446006726422485, 0.6980103432596237, 0.44238168041319936, 0.05663878956737494], [-0.3993223549405938, 0.5484722698947941, 0.5347366539543498, -0.1586654686190933, -0.11436579360488619, -0.6541828166871875, 0.42520359798911683, -0.4579196748460556, 0.7017279973697457, 0.13139323557978771, -0.05449623674710724, 0.7106860169392744, 0.13421795022633243], [0.3263992368111307, 0.5374705666459306, 0.16455481178518092, -0.12616974861332, 0.5592376883265777, 0.153210559157307, -0.169076987201037, -0.31884110544294164, -0.027282864628683658, -0.5255515981885215, -0.11833216630614576, -0.5339170109916069, 0.02999669961396865]], "inverted": true, "swapped": true, "error_lsq": 0.04379928818997911, "error_max": 0.21261823739899718, "target": "354.xyz", "model": "13.xyz", "model_rescale": 3.9028299243045295, "target_rescale": 4.121685950154138},
{"mapping": [15, 7, 14, 11, 3, 5, 8, 9, 13, 6, 2, 0, 12, 4, 0, 16], "R": [[0.2596101917167104, -0.8880799655637676, 0.379363312829629], [0.8692178356258041, 0.3860528502044541, 0.3089070265937802], [-0.4207884297206922, 0.24955394529695463, 0.8721581999843373]], "T": [-0.05848582638442484, -0.0052656802132832956, 0.008186722497350654], "aligned_model": [[-0.018576287814617252, -0.1765598147179488, -0.13919294398069926, -0.4695971535520289, -0.052987632520652125, 0.502665188770091, -0.49320806839725045, -0.545983190315765, 0.5804371002035659, -0.6031236031174109, 0.0931180198527421, 0.0829691701457379, 0.4226414331243505, 0.6445583843581357, 0.0829691701457379, -0.08229050060339169], [-0.5966136476197554, 0.619315323319593, 0.06447119140769755, -0.4678470178950913, -0.5883586888843618, -0.33979557583702763, 0.09020330186138656, -0.18811177880921556, -0.14776033222656557, 0.3865434322400077, -0.1307233416670501, 0.5783342414088966, 0.3887294212808624, 0.20255564514562158, 0.5783342414088966, 0.0029758669872056356], [-0.18714987898188817, -0.3243819081298993, -0.8293083412765998, -0.04161177350397964, 0.3570017159768565, 0.18355359404703842, -0.3269440157859081, 0.6157818897086134, -0.4053048902654438, 0.16590099706646355, 0.6967116286403912, 0.42061153123781675, -0.1946750685749843, 0.4766758665949129, 0.42061153123781675, 0.060687231633125754]], "inverted": true, "swapped": true, "error_lsq": 0.04623570775478274, "error_max": 0.39921427623358385, "target": "354.xyz", "model": "14.xyz", "model_rescale": 3.942246331269136, "target_rescale": 4.121685950154138},
{"mapping": [2, 3, 5, 11, 8, 15, 12, 4, 0, 13, 14, 7, 9, 6, 16], "R": [[-0.1818122603556483, 0.1902734312044489, 0.96474883952356], [-0.7355859858860788, 0.6247791255751503, -0.26184785966961077], [-0.6525776270700486, -0.757262877489209, 0.02636996443660805]], "T": [-0.027776750575370227, -0.01839793006270492, -0.011476053100804288], "aligned_model": [[-0.6884143260693402, -0.24089230269634654, -0.20974167936524846, 0.18062102024860566, 0.34050880821669766, 0.2810392107055173, 0.011893863196174984, -0.6297385018299716, -0.5716868586465198, 0.3061042962088691, 0.7779486537088054, 0.17766459005325452, -0.5022906896757379, -0.1820683809121696, -0.0766536666103807], [-0.11360080831317516, -0.37578878437104785, 0.25402313306253405, -0.5756553751657993, -0.26061967898911725, -0.2216589005269505, 0.6250740122132902, 0.5642805515145821, 0.2829673132638665, 0.5513517450821654, 0.14534558926186866, 0.2598732149024144, -0.6620476418762719, -0.32838515354215475, -0.04701452663455387], [-0.27086823341645716, -0.5486474645458714, -0.6032782004172114, -0.18898215579522812, 0.32926539948980377, -0.5142277389718457, 0.09915209895566499, -0.24614769775159734, 0.36804126123165054, -0.4157176888434639, 0.1802776553645548, 0.6170172374066752, 0.016981510252477214, 0.5844438198153965, 0.0020526775859679852]], "inverted": false, "swapped": true, "error_lsq": 0.04133799553587912, "error_max": 0.2852490474593297, "target": "354.xyz", "model": "15.xyz", "model_rescale": 4.355366556412066, "target_rescale": 4.121685950154138},
{"mapping": [0, 2, 4, 8, 12, 6, 13, 10, 5, 9, 3, 16], "R": [[0.8193193097314437, 0.34392670650604806, -0.4587268133138648], [0.46209858213685573, 0.07748707863119729, 0.8834368415638496], [0.3393829239786502, -0.9357938732419151, -0.09544138365822459]], "T": [-0.13822987323981878, 0.11836755590595817, -0.09930349322958029], "aligned_model": [[-0.23911127008869199, 0.4441853233403728, 0.21190397261453592, -0.5421873779498605, -0.42064751154679914, -0.45511335416717413, -0.14008338717063384, -0.27153281572209964, 0.36228293107915127, 0.26072576728449015, 0.5031633442950083, -0.11577706733651821], [-0.5929620216266741, -0.2617535220549193, -0.5785529177363731, 0.4185753299919871, -0.22426865088577574, -0.04116419445231716, 0.2181276636920119, 0.5583391098071437, 0.03285580281067289, 0.07374115227759713, 0.3193396822040045, 0.09049899371362209], [0.02121946442762114, 0.07125559410659857, -0.4848564559664986, 0.13966092409664357, -0.5796254617979167, 0.49158817280737954, -0.8671231538126816, 0.6635346374017072, -0.5462139152466023, 0.5928678322551425, 0.00031844975752214066, -0.05336762681949457]], "inverted": false, "swapped": true, "error_lsq": 0.047164491884620324, "error_max": 0.24309785911166573, "target": "354.xyz", "model": "16.xyz", "model_rescale": 3.795458400668931, "target_rescale": 4.121685950154138},
{"mapping": [2, 9, 11, 4, 15, 6, 0, 5, 12, 7, 8, 13, 16], "R": [[-0.8119061765581758, -0.33885865800349424, -0.475376871926638], [0.1400225824794661, 0.6774926209857756, -0.722078544831243], [0.5667468895922283, -0.6528235277668042, -0.5026125791617629]], "T": [-0.01285916994036225, 0.15471789927530988, 0.004335839557523976], "aligned_model": [[-0.011619181372265266, 0.11520253563977494, 0.48695884431396463, -0.35443246865727945, 0.5958367185241414, -0.3738849772202731, -0.6644894527359512, 0.23788053289891664, -0.4117440464997779, -0.5640275495744952, -0.01474430651622495, 0.13478233804679313, -0.027087185943101312], [-0.3503820931933681, 0.21883988624796358, 0.45151080252135223, -0.6454501561497695, 0.12798822897329754, 0.5926213853165297, -0.08480566107860454, -0.4609421402813473, -0.08053710400100056, 0.5266786566742252, 0.7089905832549606, -0.18946724422100558, 0.1487361214072528], [-0.5032686890147943, -0.7829041703383313, -0.21376925600569488, 0.005642878469828635, 0.13930404986659584, -0.3867132420675101, -0.21634276385589754, 0.12942208830320664, 0.4663038306635367, 0.2736003990879485, 0.060803565166032636, 0.6820091516430931, -0.05181281108171809]], "inverted": true, "swapped": true, "error_lsq": 0.04267304834904511, "error_max": 0.3121390360514616, "target": "354.xyz", "model": "17.xyz", "model_rescale": 3.7474275329858107, "target_rescale": 4.121685950154138},
{"mapping": [0, 12, 4, 7, 9, 11, 2, 13, 6, 3, 8, 14, 15, 16], "R": [[0.14971611035816174, 0.3807485295292633, -0.9124777496249028], [-0.22262461834764533, 0.9121626180564907, 0.3440895777641255], [0.963339693776182, 0.15162425756333514, 0.22132943526241466]], "T": [0.006569483006097065, -0.02706341456392001, 0.03926185559050309], "aligned_model": [[0.41565087738710577, 0.1640251204224234, 0.8191551456761142, -0.320692682454091, 0.15514244531036897, -0.29900497620829086, 0.6297232066626623, 0.10244434315798172, -0.22263229326487638, 0.27377806189926224, -0.5295343230483072, -0.6848743240530175, -0.11967757682031897, 0.03134462321585961], [-0.33366006918107194, 0.3493695629555963, 0.1451329800356442, -0.07292853838122335, -0.7156382698967625, -0.17669484736281835, -0.30990159528788286, 0.7387353636004365, -0.6304491173313641, -0.08529116270067631, -0.16463673596359626, 0.4153830582410608, 0.2804108744955322, -0.07942326171164117], [-0.4797212959416379, -0.4719860508135151, -0.2195737798615498, -0.5974803656010368, 0.4187997407953001, 0.5585966143881183, 0.2501454671119988, -0.02288947866839213, -0.20242124332006411, 0.6612817035742946, -0.0245868433340361, -0.15802329925380515, 0.5674311647657425, 0.04522238482023754]], "inverted": false, "swapped": true, "error_lsq": 0.041138679729563234, "error_max": 0.25255815840804635, "target": "354.xyz", "model": "18.xyz", "model_rescale": 3.922800546911778, "target_rescale": 4.121685950154138},
{"mapping": [4, 0, 2, 5, 10, 12, 6, 15, 7, 3, 9, 11, 13, 8, 16], "R": [[0.976361030244855, -0.21508096314098213, 0.02143170346830156], [0.21559832549255087, 0.9620327509782495, -0.16736292328359204], [0.015378578088165028, 0.16802727558217723, 0.9856623833729364]], "T": [0.013261674959687497, 0.04948851471915662, 0.06938813635225148], "aligned_model": [[-0.2565731836482201, -0.31758365840535546, 0.34849039991987674, 0.0958037576131119, 0.5220502938022691, -0.5992092505957669, 0.027506677287532668, 0.36478570495668805, -0.5639013767917684, 0.6165815411626174, 0.6459940497262251, 0.5343667866630315, -0.35022477666678764, -0.013113481489579713, 0.04107735335374389], [0.5484552426142184, -0.1259347030165366, 0.24143774374579002, 0.7021791226593462, -0.63557306084519, 0.26505718193442973, -0.6191452238686178, 0.3844194374874288, -0.36787328486074655, 0.3487297208312447, -0.28001601412056626, -0.07009803032505472, 0.6738253950105719, -0.37246642897385274, 0.024614406762113492], [-0.5902817031914201, -0.5554803838143528, -0.5335771137478516, -0.08788877679777889, 0.3245183683578856, -0.009845702284774577, -0.09717862017425959, 0.4614260312174564, 0.15504285435876264, -0.020941405783326608, -0.2930132574456356, 0.3850183445105143, 0.34792647337123844, 0.43225001447755035, 0.02468404410932115]], "inverted": false, "swapped": true, "error_lsq": 0.042189247908773715, "error_max": 0.32645925651616386, "target": "354.xyz", "model": "19.xyz", "model_rescale": 3.9282355846067225, "target_rescale": 4.121685950154138},
{"mapping": [15, 11, 10, 3, 5, 9, 2, 6, 4, 12, 14, 13, 7, 16], "R": [[0.4222431375054283, 0.906411853215379, -0.011326304791702657], [0.38469498888036047, -0.1678646203497285, 0.9076514941127907], [0.8208047869986577, -0.38760678733157405, -0.419571781766344]], "T": [0.011434311961225456, -0.09256003782145861, 0.08239578593731597], "aligned_model": [[-0.4459314827246131, -0.03288495401334107, 0.5243631728335743, -0.39493741669399224, -0.6130635368500746, 0.24553909158886467, -0.15753340333820354, 0.6781163785753236, -0.3140725471063788, -0.051929339612532883, 0.08528879459439265, -0.5532261727284972, 0.5267963248048386, 0.03599790975531614], [-0.5089282385598517, -0.6201379910769405, -0.6923693302800649, -0.20492474227811047, 0.1594698355934006, -0.12516484110629522, 0.3331353803373359, -0.10749026225153484, 0.7142345560528709, 0.2903110284275328, -0.5944101563658885, -0.0349383061458389, -0.01461692312163465, -0.07128792180014464], [-0.0006441379989722273, -0.24190532939105655, -0.33039889986447113, -0.45046045913737676, 0.018853420159435363, -0.6820583603582566, -0.46807966268481216, -0.09176101497085873, 0.07398676310904093, 0.6089537413510406, 0.7572786097310783, 0.6090273638606268, 0.5753173388857277, 0.034073784552537456]], "inverted": true, "swapped": true, "error_lsq": 0.04201987597236451, "error_max": 0.23671900056351772, "target": "354.xyz", "model": "20.xyz", "model_rescale": 4.067790424073018, "target_rescale": 4.121685950154138},
{"mapping": [13, 3, 12, 7, 4, 2, 0, 15, 5, 11, 9, 6, 8, 9, 16], "R": [[-0.12304924692380736, 0.25640451362821937, -0.9587051727317217], [-0.9506294537883231, -0.30777871012309144, 0.03969769747832741], [-0.28489037263761413, 0.9162581464773139, 0.2816176212390819]], "T": [0.14966598631110978, -0.03730967815437243, -0.05473209104536438], "aligned_model": [[0.09259932548264119, 0.07229121732521063, -0.123930001824547, 0.2728939676910192, -0.6892690050335253, -0.4026801736085978, -0.41309719476885826, 0.4453463164913582, -0.22472023306861816, 0.5824870380460485, 0.07145672342899123, 0.25639445540539585, 0.6330368132548416, 0.07145672342899123, 0.124177981657164], [-0.025763001718189363, 0.6316793749476634, -0.4574274763675904, -0.7438708258394557, -0.03429297144912104, 0.33240559280888426, -0.428264728649546, 0.4460982627297831, 0.3608545123218724, 0.3592928439682197, 0.3303960688719087, -0.36903428303731534, -0.2643723749647949, 0.3303960688719087, -0.02720192256638055], [-0.8268153872527699, 0.03563592612322088, -0.47486868433549145, -0.03953340822826417, -0.28521402840284876, 0.21175287181211375, 0.19254176106691231, -0.3161350036854494, -0.4532976297878055, 0.14737254552206924, 0.6516205529176361, 0.5398991402644218, 0.10403044029696548, 0.6516205529176361, -0.003360075607204936]], "inverted": true, "swapped": true, "error_lsq": 0.04252422479127096, "error_max": 0.3458056797694655, "target": "354.xyz", "model": "21.xyz", "model_rescale": 4.186013935880536, "target_rescale": 4.121685950154138},
{"mapping": [0, 12, 4, 9, 8, 2, 6, 7, 5, 13, 14, 15, 16], "R": [[0.8506083821653508, 0.08198616249678826, -0.5193685101631544], [0.014255743764526187, 0.9838095341717988, 0.17864930518305516], [0.5256064630117905, -0.15936458085697225, 0.8356678624959303]], "T": [0.032590349692472875, -0.05858938729300965, 0.11399540103617538], "aligned_model": [[0.009186105326712823, -0.34474265035714047, 0.3104689429820369, 0.6006046331683289, -0.3119079680536997, 0.6608586920683754, -0.10867086074093424, -0.6174272581202962, 0.4029673671304358, -0.17592931167549686, -0.6759328486087212, 0.24120931052450925, 0.06788988177911448], [-0.36924311138089433, 0.23131512484852124, 0.22723137862649767, -0.6080693473445256, -0.31756079240902485, -0.15303271986799566, -0.7331488009083346, -0.3012637424849345, 0.4719164124636167, 0.6811851784601857, 0.17654929725651208, 0.3152058209943686, -0.10212803870789945], [-0.5445174025457815, -0.334829361019598, -0.6593304816487552, 0.23925437316765774, 0.4670748345686414, -0.2163820259938795, 0.10822056088389315, -0.06829847609071184, -0.08333354739877279, 0.02042356507585967, 0.5083043261663079, 0.5680844332147081, 0.09820876295577623]], "inverted": false, "swapped": true, "error_lsq": 0.04588455921035942, "error_max": 0.3019166403540779, "target": "354.xyz", "model": "22.xyz", "model_rescale": 4.166573947596378, "target_rescale": 4.121685950154138},
{"mapping": [4, 5, 3, 9, 2, 13, 15, 12, 0, 6, 7, 10, 11, 14, 8, 16], "R": [[0.6205281060231276, -0.5899420523460184, 0.5166364722985768], [-0.051116538995450045, 0.6269895562225023, 0.7773488250644214], [-0.7825164337421144, -0.5087754625192509, 0.35890884589522953]], "T": [-0.09410710380315435, 0.08150418194299913, 0.0037003322198689813], "aligned_model": [[-0.8312172018671061, -0.43825712840265313, 0.16107355174870164, 0.39586628344971364, -0.19764665089595146, -0.5723825421894841, 0.15764020251955435, -0.6950677367981379, -0.5111594162096951, 0.19442924609610185, -0.2703444092280624, 0.747788735632276, 0.4881645138931129, -0.020476445816763333, 0.2580593188752942, -0.0792370797861452], [-0.2170011687518184, 0.23226203242878316, 0.039697612699299556, -0.4926794156409091, -0.4111987447222517, 0.6736332812561294, 0.5185463841456815, 0.2150739230278571, -0.4880529333007657, -0.37488345164852427, 0.060263722658792235, -0.0984072894296778, 0.21348969752502545, 0.7456195540166073, 0.2069362850082534, 0.026407948349196707], [-0.3491540323677652, -0.5587826307196069, -0.6246583474951154, -0.261813394129246, -0.5055277950806052, -0.13820907754675274, -0.36380338878873486, 0.22477481735480026, 0.18360216271897917, 0.4320408317532311, 0.6987787780361434, 0.23197629300314096, -0.16663314776252547, 0.519746987784981, 0.4168056023869355, -0.007883125983766214]], "inverted": false, "swapped": true, "error_lsq": 0.04483167991469356, "error_max": 0.3191183229465221, "target": "354.xyz", "model": "23.xyz", "model_rescale": 4.274766983524099, "target_rescale": 4.121685950154138},
{"mapping": [15, 8, 10, 9, 6, 1, 2, 0, 12, 7, 16], "R": [[0.41026362852780457, -0.8615385302834082, -0.29905704463246563], [0.5231828818530633, 0.49094336917320786, -0.6966019526248712], [0.7469694955238291, 0.12932891827416, 0.6521584191397918]], "T": [0.1886114488249685, 0.025309342308157762, -0.06590543816935049], "aligned_model": [[0.3859691563688623, 0.06980837413648885, -0.4685966575122452, -0.5624950222528254, -0.3533779249315224, -0.611578359408683, -0.13434950116288663, -0.011483844004341659, 0.6579984167931892, 0.27204461271387864, 0.1359554532181614], [-0.11321998032215164, 0.5479768874660794, 0.4595079752653567, -0.20645215130964487, 0.38963418527991656, -0.1328967896920669, -0.5996298817833408, -0.0949413652093857, 0.06586170535460233, 0.5944861258389892, 0.0052598203551284285], [-0.6414930854887544, -0.21794106775816974, -0.481616525782429, -0.21551807804763556, 0.154397554042732, 0.3901722645317358, 0.06802397744010777, 0.6241628545049729, 0.38785646665941786, 0.3627220073184385, -0.0511999333988388]], "inverted": true, "swapped": true, "error_lsq": 0.04188040210522252, "error_max": 0.21498325394059914, "target": "354.xyz", "model": "24.xyz", "model_rescale": 3.7841303162186577, "target_rescale": 4.121685950154138},
{"mapping": [13, 14, 11, 6, 8, 10, 7, 12, 15, 3, 4, 0, 9, 1, 2, 16], "R": [[-0.9734911456367689, -0.13833087238152178, -0.18215257097548315], [0.11135409627072637, 0.4089942083757665, -0.9057173967407328], [0.19978802419199476, -0.9019913011006522, -0.3827485311901428]], "T": [-0.007458375103177518, -0.0502294679163064, -0.022014461968681037], "aligned_model": [[0.07288856538780031, 0.2242459428725829, -0.5206501211183961, 0.2245732415300517, 0.06976475225417461, -0.31939018613867737, 0.6379679941101487, 0.5087442936370551, -0.5225144211460592, -0.6391422743009098, 0.2297703799404341, 0.489335223828628, -0.4106247659887382, 0.1346461817758585, -0.2461017815905749, -0.01567047658060018], [0.07552416837559317, -0.7185148581530809, -0.3771224916617817, -0.2937337644933122, -0.5887615694243167, -0.6491776755260376, -0.35894139956363563, 0.1367720737338956, -0.18153380287142332, 0.1951443470953908, 0.7757929409912825, 0.36332755261865074, 0.061115499461871385, 0.2692407145419961, 0.5552675708986406, -0.02758683765577208], [-0.7817729353735057, -0.4829728095093052, 0.1014727452609969, 0.5795547088504812, 0.09811101504527114, 0.5586973823456045, 0.030583408283658506, -0.37758964997649413, -0.3489976706488016, 0.027651713381512524, -0.15748564500326442, 0.31393094766211893, 0.6601273285192679, 0.8446370699279936, 0.2766702512609288, 0.03100215579079022]], "inverted": false, "swapped": true, "error_lsq": 0.038370728080049536, "error_max": 0.2991808408895975, "target": "354.xyz", "model": "25.xyz", "model_rescale": 4.19342608120988, "target_rescale": 4.121685950154138},
{"mapping": [0, 2, 4, 8, 12, 6, 13, 10, 5, 9, 3, 16], "R": [[0.8193193097314437, 0.34392670650604806, -0.4587268133138648], [0.46209858213685573, 0.07748707863119729, 0.8834368415638496], [0.3393829239786502, -0.9357938732419151, -0.09544138365822459]], "T": [-0.13822987323981878, 0.11836755590595817, -0.09930349322958029], "aligned_model": [[-0.23911127008869199, 0.4441853233403728, 0.21190397261453592, -0.5421873779498605, -0.42064751154679914, -0.45511335416717413, -0.14008338717063384, -0.27153281572209964, 0.36228293107915127, 0.26072576728449015, 0.5031633442950083, -0.11577706733651821], [-0.5929620216266741, -0.2617535220549193, -0.5785529177363731, 0.4185753299919871, -0.22426865088577574, -0.04116419445231716, 0.2181276636920119, 0.5583391098071437, 0.03285580281067289, 0.07374115227759713, 0.3193396822040045, 0.09049899371362209], [0.02121946442762114, 0.07125559410659857, -0.4848564559664986, 0.13966092409664357, -0.5796254617979167, 0.49158817280737954, -0.8671231538126816, 0.6635346374017072, -0.5462139152466023, 0.5928678322551425, 0.00031844975752214066, -0.05336762681949457]], "inverted": false, "swapped": true, "error_lsq": 0.047164491884620324, "error_max": 0.24309785911166573, "target": "354.xyz", "model": "26.xyz", "model_rescale": 3.795458400668931, "target_rescale": 4.121685950154138},
