[{"mapping": [2, 13, 3, 5, 7, 4, 6, 8, 9, 1, 14, 11, 10, 15], "R": [[-0.9067102640252238, -0.27828434874419367, 0.3169137396127361], [-0.14721392537021816, -0.4953292798126949, -0.8561407388609241], [0.39522722235240954, -0.8229257109874848, 0.40815281073066506]], "T": [-0.014917051308025436, 0.1150973128043762, 0.14330039879003523], "aligned_model": [[0.006442632752467082, 0.2662005477009876, -0.5069386118419846, -0.3045784461668834, -0.6851806386503896, -0.12136384969781752, -0.6264242607508304, -0.027048169159338626, -0.4776140387058697, 0.35532665523887796, 0.6990226855406829, 0.3075891651509617, 0.5859350568319743, -0.09987662711453393], [-0.5075415867635846, -0.34711468027656345, -0.4084841710077084, -0.30069394047577785, 0.26894076722966864, 0.07793560859749689, 0.1429091427894934, 0.5595007931340638, 0.6459220426280953, -0.10573354214142987, 0.3734979988988714, 0.8414628061767363, -0.0972312453844769, 0.09190333840515007], [0.2706392930850742, -0.40604800344412717, 0.39784965870581845, -0.2843137043525441, 0.4830662041382462, -0.6448975843668805, -0.1488616689160984, 0.7264733168320273, 0.16605235894442943, 0.5904974238614307, 0.36784678343554533, 0.089620636844157, 0.10574998019423082, 0.18391339221852449]], "inverted": true, "swapped": true, "error_lsq": 0.043606100789243755, "error_max": 0.2632066105573187, "target": "355.xyz", "model": "0.xyz", "model_rescale": 3.8414455957264533, "target_rescale": 4.1803150882100075},
{"mapping": [1, 0, 13, 3, 2, 5, 4, 10, 11, 12, 6, 8, 9, 14, 15], "R": [[-0.1804723136550347, 0.5222343460815266, -0.8334872715145683], [-0.04504063405906539, -0.8509005453664197, -0.5233923988545186], [-0.982548261047546, -0.05691704198155709, 0.17708575618754185]], "T": [0.002284131035236758, 0.06163500750746584, -0.08555754285826125], "aligned_model": [[-0.5712764292464577, -0.6521589081459631, 0.1727872587179566, -0.342995430994691, -0.4098777561102357, 0.23304386303535904, 0.6736538432680711, -0.21606764126283282, 0.31788472450899213, 0.4340477580911845, 0.4117953951289763, -0.2713759804385572, 0.35246900474555354, -0.23772182493347635, -0.022163722859334718], [0.11916797658229836, 0.1911400267134562, -0.5694750419952794, -0.332784652855476, -0.42183978220292495, -0.5355224011697262, -0.3523320596550864, -0.07486012989527857, 0.7089578077519725, 0.0011750412128896243, -0.11930505741669406, 0.7230603471606416, 0.4857005827143782, 0.4731051995030897, 0.05085667159475431], [0.14585137902068165, -0.6433734480914136, 0.323196034404038, -0.638941015242839, -0.11248960289504029, -0.25816370303647096, 0.02335503952257463, 0.49857282565142114, 0.25483644084584844, 0.5700575255850578, -0.5951009231307945, -0.2448024270458089, -0.5259210174780946, 0.5468911613713442, -0.17878648214096882]], "inverted": true, "swapped": true, "error_lsq": 0.04719189067284004, "error_max": 0.3629271913377599, "target": "355.xyz", "model": "1.xyz", "model_rescale": 4.316132596720782, "target_rescale": 4.1803150882100075},
{"mapping": [14, 11, 8, 2, 1, 10, 3, 13, 9, 12, 6, 15], "R": [[-0.14125766008992158, -0.07692091671477533, 0.9869799623283542], [-0.41783465811592974, -0.899191513377817, -0.1298800244319953], [0.8974744965418598, -0.43074098347042644, 0.09487746421498383]], "T": [0.012165109182919666, 0.07154483825620316, -0.09791891158920474], "aligned_model": [[-0.20687556852659902, 0.45609856232113893, 0.12783578987348962, -0.5394121861533487, -0.5160725994275082, -0.4170963312091774, -0.27641670876032914, -0.25572856749755246, 0.6340021363282895, 0.13834272335091433, 0.43658830387501285, 0.016543000457450857], [-0.6250885839027173, -0.539022004450049, -0.500319604858704, 0.37739399522146033, -0.2429897673593056, -0.13087593796283303, 0.5516155233954363, 0.4786226384689788, 0.0035995438302193067, -0.04112772616419742, 0.5663299507543693, 0.11463840076832281], [0.20806311063233757, 0.15630505705227649, -0.5421301473954716, -0.1789708073832998, -0.18660235445591247, 0.329020371638451, -0.6149012938493033, 0.4995518748315373, -0.4220842957169792, 0.6710352210172793, -0.28533791583238644, -0.18469035932910793]], "inverted": false, "swapped": true, "error_lsq": 0.05099508904955053, "error_max": 0.27609581088505725, "target": "355.xyz", "model": "2.xyz", "model_rescale": 3.795458400668931, "target_rescale": 4.1803150882100075},
{"mapping": [11, 9, 4, 3, 10, 2, 6, 8, 7, 0, 13, 15], "R": [[-0.34513083681484225, 0.845673914802334, -0.4070876260737751], [0.47459756369376044, -0.21694771061815582, -0.8530479725041775], [-0.809717146919487, -0.4876159561380614, -0.326479434733844]], "T": [0.02253143066432111, 0.07832181599043118, -0.0562989994633751], "aligned_model": [[-0.0002812881331255915, 0.031839113918696725, -0.7706728501857039, 0.24115911422222916, 0.011779144740955282, 0.13860023492961351, -0.3000855487064092, 0.612887787019149, 0.3303290046515567, 0.760057706613726, -0.520569708209647, 0.05826111488252408], [-0.27200973768103975, -0.6259794750133844, 0.052835896249870604, 0.16078974373400007, 0.6267677679713675, 0.5678531330240425, -0.32933966272993753, -0.28117032491555494, -0.475074997232376, -0.0030219436543968, 0.6231128559948893, 0.041005789542229], [-0.7713136768110022, -0.04035829204095217, 0.008085863165962277, 0.6692484413153753, -0.38280800779041363, 0.33259398283176905, 0.3793655989184525, -0.30120110812182543, 0.3765687725327554, 0.3972029417831837, -0.004389715685483998, 0.025776630541279176]], "inverted": false, "swapped": true, "error_lsq": 0.04809504791261251, "error_max": 0.22754277581826435, "target": "355.xyz", "model": "3.xyz", "model_rescale": 3.7530521520055578, "target_rescale": 4.1803150882100075},
{"mapping": [9, 12, 4, 13, 6, 1, 7, 8, 0, 2, 15], "R": [[0.034193517587811695, 0.9366382850653835, 0.34862519459263125], [-0.4609803021891653, -0.29472465790182384, 0.8370391490355988], [0.8867513542975609, -0.18933066041830326, 0.4216941269178541]], "T": [-0.0893341397923338, 0.013238174690336904, -0.07123486826763907], "aligned_model": [[-0.4268803033098489, 0.03654519945135977, 0.44319448647923204, 0.5522969102077624, 0.17978220169307302, -0.26195090314387637, -0.2949170577185595, -0.786831968666573, -0.32825125284779844, 0.3063300349969688, -0.0811177446965347], [-0.5985856517012338, 0.09667789281519422, -0.3663808548278411, 0.2399258672847483, -0.5861527651213062, 0.5873660613422125, -0.4404571640571873, 0.014946225264518526, 0.14983541734326394, 0.3938193561325322, -0.02379102616055516], [0.01884976185602137, -0.8439563967199025, -0.5254051319668622, -0.4336889808938715, 0.09722917807815039, 0.09128427135929924, 0.5120815903773991, 0.15509703616925702, 0.7536806619851321, 0.24963653039389855, 0.018022256606795226]], "inverted": true, "swapped": true, "error_lsq": 0.051311741419859835, "error_max": 0.2667347292561756, "target": "355.xyz", "model": "4.xyz", "model_rescale": 3.7855080009869324, "target_rescale": 4.1803150882100075},
{"mapping": [5, 7, 4, 0, 12, 1, 2, 3, 10, 9, 6, 15, 13, 11, 8, 16], "R": [[-0.08017570323911194, -0.3604941287740488, -0.9293093347909259], [-0.2820118740996194, -0.8860153152242456, 0.3680301129729758], [-0.9560549981444239, 0.29158334024343785, -0.030626723878751705]], "T": [0.01663883642273237, -0.0225590318703532, 0.02972835467338773], "aligned_model": [[-0.5779645334689784, 0.044607135958194766, -0.12908967984718314, -0.6258096653032557, 0.22619071105129535, -0.2354971667578478, -0.5276927225731555, -0.6307695490198573, -0.10057738888970932, -0.331818590840566, 0.4430952155278446, 0.36338487729424135, 0.7079890255289024, 0.4972159355249561, 0.5395292558814109, 0.003266594653483494], [0.3532984459186305, 0.4427725543907745, -0.1659656773189293, -0.2752660039649148, -0.6262567771584164, -0.680683457806749, -0.33852449218820907, 0.14909972440193114, 0.6930794688751039, 0.25270011756240807, -0.06139837422930537, 0.41305455519536516, -0.1746043326867162, -0.6083184385110364, 0.44690108152839064, -0.03174005621860572], [-0.37062303288862425, -0.5568326062886473, -0.6810448281720987, -0.3334148570287518, 0.26361359829494824, -0.24668368355103878, 0.4165806124487861, 0.2136094555318282, 0.1010457217629117, 0.5862567378558076, -0.4629211457553079, 0.6374504067576671, 0.1839515092187503, -0.21186592847666139, 0.06849283750994534, 0.08094987493359386]], "inverted": true, "swapped": false, "error_lsq": 0.03101044902495905, "error_max": 0.18630539371745294, "target": "355.xyz", "model": "5.xyz", "model_rescale": 4.2253639853439635, "target_rescale": 4.1803150882100075},
{"mapping": [11, 8, 2, 10, 1, 3, 5, 12, 7, 9, 0, 6, 4, 15], "R": [[0.682948194529631, -0.2234579809192507, 0.6954482686384441], [-0.7066193423894216, 0.039181958150337384, 0.7065082300416937], [-0.18512392754546647, -0.973925718378459, -0.1311404839519204]], "T": [0.08761962729077065, -0.10896928205779897, 0.008081281403006117], "aligned_model": [[0.6608996224785905, -0.08655693620946649, -0.3635251520178159, 0.19333184799382558, -0.24685737734445778, -0.5722209301137725, 0.062192719833155864, 0.779978363658319, -0.29862066185973346, 0.22573583918916573, -0.7207813287065302, 0.1135459568556575, 0.6114554726661457, 0.015484716334700305], [-0.007640281044685768, 0.14609360742739574, -0.44818589475665305, -0.7332495347492518, -0.5295784098282924, 0.044567053121910574, -0.0879049640121732, -0.47681153219991085, 0.5511382652275467, 0.5627246117444538, 0.1064159608070518, 0.42077686258195945, -0.05568074841601851, -0.04756584926834214], [-0.5355924140527031, -0.6570034626873877, 0.3009141810751069, -0.07325628008665122, -0.30343909188384893, 0.3574451955791205, 0.6703121158291204, 0.08045402716207334, -0.050556185496071014, -0.15357351336021163, -0.2292432161990109, 0.4308933987418734, 0.6053453043290492, 0.028858149980989543]], "inverted": false, "swapped": true, "error_lsq": 0.05107643301009922, "error_max": 0.3421271466302918, "target": "355.xyz", "model": "6.xyz", "model_rescale": 3.89814844738969, "target_rescale": 4.1803150882100075},
{"mapping": [1, 0, 3, 14, 5, 7, 8, 10, 11, 9, 6, 4, 15], "R": [[0.00681838708001542, 0.7613749196515873, 0.6482759762039357], [0.8643829949047965, 0.32147286800406777, -0.3866487207487614], [-0.5027877760218934, 0.5629950504780464, -0.6559276068440634]], "T": [-0.0012845482260416957, -0.0039050608646521157, 0.04030123397742487], "aligned_model": [[0.03945179949390286, -0.07109026687426, 0.4020513649283794, -0.3320880852449091, 0.5439914878484085, -0.2584551047526125, -0.6253402142719333, 0.20276166582309124, -0.6638755756018538, -0.4989616853275158, 0.08543951644522725, 0.3179071506614433, 0.006839747776854789], [-0.41851099116065993, 0.2853033107422329, 0.4421490226736612, -0.7214220649241092, 0.3005246985280706, 0.6429256017033987, -0.019112111927332753, -0.6086235113418423, -0.2883502676974079, 0.47862783512904705, 0.6298229012066793, 0.16406612664205156, 0.07638071589669593], [-0.42043114007958976, -0.7768349267080816, -0.428072556561173, -0.01108271355900009, 0.2630936873085838, -0.2819335969891705, -0.3444786264116928, 0.05435273212675769, 0.37877229804386153, 0.16623978693380337, 0.266002464788826, 0.750139464371178, -0.013491842428007036]], "inverted": true, "swapped": true, "error_lsq": 0.04868789780122036, "error_max": 0.2848610241385374, "target": "355.xyz", "model": "7.xyz", "model_rescale": 3.7474275329858107, "target_rescale": 4.1803150882100075},
{"mapping": [11, 9, 6, 4, 3, 13, 12, 10, 5, 2, 14, 1, 8, 0, 15], "R": [[-0.9802968106005694, -0.09790133915937693, -0.17156191569562323], [-0.10811500354677156, 0.992818293708439, 0.05121505331389692], [0.1653157861017303, 0.0687543705422745, -0.9838412104587317]], "T": [0.0035999456146405314, -0.037622866200894695, -0.02328351507088439], "aligned_model": [[-0.5412792239972535, 0.23057528832792493, 0.410984865291182, -0.18911960889365478, 0.7013777796828367, -0.28868496740066485, -0.7145321083813332, -0.45619312565198206, 0.23327912890254665, 0.24469055257807545, -0.6147601919835061, -0.07188498650687122, 0.08289175277713576, 0.6748116535250994, 0.09999691406921139], [0.3470971911461971, 0.18236479557611854, -0.3673269186233743, -0.7353567496636243, -0.17592352474312595, -0.6931041374076888, -0.34242446173856067, -0.08211588001733916, -0.6593443394264351, -0.25093225938336483, 0.4007046103240406, 0.2827274550262121, 0.6805595104577701, 0.43156729524695503, -0.029374624794187225], [-0.4587094840452126, -0.6529410966947395, -0.4538714897407578, -0.35493781547684633, 0.2505725311919134, 0.2584335961922304, -0.12953178811098462, 0.4173154065713451, -0.004580743170525679, 0.5251005213240283, 0.20563067154925876, 0.5035082319019507, -0.14842005194517455, 0.26922505100507826, -0.029998884855302527]], "inverted": false, "swapped": true, "error_lsq": 0.0431580303207938, "error_max": 0.3259567034620316, "target": "355.xyz", "model": "8.xyz", "model_rescale": 4.019505241142653, "target_rescale": 4.1803150882100075},
{"mapping": [4, 3, 9, 11, 12, 14, 8, 13, 10, 2, 0, 1, 15], "R": [[-0.7181352531522072, -0.685341020411515, -0.12078677047308864], [0.6482577209013042, -0.7219325074309533, 0.24202351539944056], [-0.2530685390795585, 0.09550466195825093, 0.9627227919148784]], "T": [-0.05666353283550031, -0.0739722241201744, -0.057170527690942524], "aligned_model": [[-0.34455143010170286, -0.6805144678471705, -0.1320155312979839, 0.5885877081098387, 0.3213489115822831, 0.7106420467811984, 0.31201816955867756, -0.2111537869228226, 0.30101781144394124, -0.3516813636618859, -0.2886625124098856, 0.22294901502530745, -0.12828379851861868], [-0.7910665626288436, 0.29145851435777315, 0.1203119788208723, -0.18503585299745304, -0.7646330912465722, -0.06810627555854493, 0.5076957404198508, -0.7079503195841308, -0.30765113452315845, 0.006040868327556584, 0.7491835517662899, 0.22347968565814524, -0.010348874697726579], [-0.24917115812241933, 0.1842595827040459, -0.7301911606923419, -0.5108381514623987, -0.056453849038342385, 0.13804647827839547, -0.3090999841557792, 0.353506028642144, 0.41714469365756635, 0.5004252164553817, 0.10036317589196414, 0.41098653186750234, -0.07227390998183927]], "inverted": true, "swapped": true, "error_lsq": 0.05749553298271843, "error_max": 0.3124135858854019, "target": "355.xyz", "model": "9.xyz", "model_rescale": 3.877068213659057, "target_rescale": 4.1803150882100075},
{"mapping": [7, 2, 9, 8, 12, 11, 0, 1, 4, 5, 14, 3, 6, 10, 13, 15], "R": [[0.4610726176061842, 0.1100502078376114, 0.8805117790516379], [-0.44093793769655637, -0.8326890939167568, 0.33496657739541524], [0.7700556969425585, -0.5426949646228436, -0.335404828497327]], "T": [0.041247055940777905, 0.010457924741162705, -0.019989946633779548], "aligned_model": [[-0.5879776016294253, 0.03728887115448351, 0.021122101695784296, -0.5671802316573932, 0.09772228920704776, -0.1336732151065522, -0.4973688719944521, -0.7367449985585705, -0.12593460529918313, -0.3013042932217601, 0.5718514048331254, 0.23511500200066054, 0.5767015759974837, 0.4273811607076061, 0.6650659705667459, -0.016005103975824796], [0.4772504693611289, 0.4304786915416678, -0.14780873682708015, -0.20108502855685526, -0.4874003473753583, -0.7020339303749114, -0.47964663707378685, 0.19065591598146694, 0.6503306112595046, 0.06673840280496081, -0.03743425150183362, 0.30762692787082324, -0.14542458008055523, -0.5248278155528193, 0.43790992464091044, -0.047181278327540946], [-0.24904806155155734, -0.5337235801239554, -0.6604522436914076, -0.44471191501307467, 0.5342148030988465, -0.1000744734394494, 0.30165649947815515, 0.3193677662478891, 0.12389861072161835, 0.6803574837308681, -0.590679802010431, 0.506191719521239, 0.2432469747245243, -0.2799522685839462, -0.18053042595365956, 0.01880358499744889]], "inverted": false, "swapped": false, "error_lsq": 0.039409582598539994, "error_max": 0.31723540766474245, "target": "355.xyz", "model": "10.xyz", "model_rescale": 4.260839863003843, "target_rescale": 4.1803150882100075},
{"mapping": [4, 9, 8, 11, 1, 10, 13, 6, 7, 0, 2, 15], "R": [[0.4976319457358901, 0.8158881503073432, -0.294429911474997], [-0.3278488826489081, 0.4911866241144335, 0.8070011217073548], [0.8030426867414802, -0.30506102091078213, 0.5119181739222556]], "T": [-0.017782123895837658, 0.05617520751877501, -0.10479192651954577], "aligned_model": [[0.541628685446898, 0.20607919576800354, -0.45548978504070126, -0.3983456204838086, -0.5197342875546291, -0.41119843963453634, 0.19627481114113468, 0.6215795490295982, 0.2625765042735564, -0.14358085251640168, 0.030274164204496086, 0.028834724460520426], [0.205893650724196, -0.611387116178977, -0.46179439451575677, -0.4421027540208113, 0.3145505050146489, 0.5021106738501092, 0.6949937752469929, -0.16333024155125972, -0.4286179142061156, -0.060949991544851166, 0.5906608218712559, 0.03305149084350281], [-0.6512458659822207, -0.079737961405145, 0.1742273639073984, -0.5961055784446896, 0.15427964468919936, -0.3369166102436242, -0.47968012871577326, -0.04904923267971251, 0.41936125358116777, 0.7476646373504887, 0.23633319800651004, -0.022952642668094658]], "inverted": true, "swapped": true, "error_lsq": 0.0465290801951933, "error_max": 0.20110710948516802, "target": "355.xyz", "model": "11.xyz", "model_rescale": 3.890672605050136, "target_rescale": 4.1803150882100075},
{"mapping": [10, 13, 2, 14, 1, 9, 4, 8, 11, 6, 3, 5, 7, 15], "R": [[0.3306722872224739, 0.5545979992534421, -0.7635947208350363], [-0.5456998720095504, -0.5477714179179434, -0.6341593832790983], [-0.7699788881208486, 0.6263924751593405, 0.12151122957133212]], "T": [0.10335826257168478, -0.042071048846639814, 0.09397384390627375], "aligned_model": [[0.5678543395078736, 0.10161817780869663, 0.4050820304086178, 0.6581237819702299, 0.7190856106819937, -0.3796098982205581, -0.46083872612005305, 0.31979598136645526, 0.05369902220507215, -0.5177465221444765, 0.09604511365483008, -0.23347778231262956, -0.19751624713136984, 0.07776095311901177], [-0.12114764525422234, 0.23293166892691802, 0.5084268743239655, -0.5865031950497479, 0.0008734649157225993, -0.30992194220286684, 0.019968568060824143, -0.4203759351792882, -0.8370652196406994, 0.19900207041186738, 0.6519286530514821, 0.44900578081225695, 0.1274738197066175, 0.01755555694493518], [-0.3367313833977862, -0.6263185796134022, -0.007344633509166532, -0.056793519771075635, 0.1637409528699691, 0.5314423595957594, -0.4644174326057938, 0.6836961485097467, 0.08987083171934981, 0.22119741274332338, 0.4091389491496168, -0.19761651502411307, 0.7788759934347195, 0.16604985125571387]], "inverted": false, "swapped": true, "error_lsq": 0.043534024745839575, "error_max": 0.2413650403313442, "target": "355.xyz", "model": "12.xyz", "model_rescale": 4.124412569039231, "target_rescale": 4.1803150882100075},
{"mapping": [12, 4, 9, 13, 11, 14, 5, 1, 6, 2, 8, 7, 15], "R": [[-0.2889975120767032, 0.833181544814389, 0.4714752924535754], [-0.7404255852164209, -0.5067140407431375, 0.44160030986253007], [0.6068363789114792, -0.22147097844744934, 0.7633480300198154]], "T": [0.11532826095303403, 0.08123502156303994, -0.07970638826043358], "aligned_model": [[-0.19219652954303237, -0.3730874142386926, 0.6229997803060744, -0.6265117847568932, 0.586866201637223, 0.32345813603756524, -0.4141381974502948, 0.14959731908505852, 0.06920269282616054, -0.2929584789634071, 0.8156261218936057, 0.5611320344647394, 0.13730842621165085], [-0.23631712100216565, 0.4220124528376027, 0.5245342241006146, -0.027506410997530414, -0.1964076145729746, -0.6623808046002755, 0.4798128774120983, -0.4115576908511862, 0.7530733376681826, 0.010849752803531149, -0.07680707422105301, 0.6188262252827063, 0.1493532226489274], [0.5718267997855664, 0.4487714678135429, 0.12556536600122392, 0.10001379837268193, 0.4991417296030421, 0.09527760946457348, -0.10070337458933669, -0.4562868208542754, 0.0014043254089108614, -0.5620946979329466, -0.22916498322674808, -0.396907555781054, -0.1451455830973417]], "inverted": false, "swapped": true, "error_lsq": 0.04470488229933203, "error_max": 0.3162682809600538, "target": "355.xyz", "model": "13.xyz", "model_rescale": 3.9028299243045295, "target_rescale": 4.1803150882100075},
{"mapping": [8, 12, 13, 5, 7, 10, 4, 0, 2, 3, 11, 6, 9, 14, 1, 15], "R": [[-0.4753297281873499, 0.8679742976730631, 0.14381330981620966], [0.04040687658254738, 0.18482426602015822, -0.9819405659279754], [-0.8788793624987352, -0.46093449563800587, -0.122924598452687]], "T": [-0.06030055759028137, 0.048751635803819776, -0.007532719812439104], "aligned_model": [[-0.6185627707926727, 0.029218349964896848, -0.13398793798433511, -0.4344538067452593, 0.18519360213673564, -0.07930762649948764, -0.5498793429674058, -0.7772499430817043, -0.21248329730451593, -0.21940947013209133, 0.6008839184449266, 0.3663342555458295, 0.5992166926227362, 0.4782989008516079, 0.4140669612320745, 0.018180969428440788], [0.44926123959146813, 0.2657368576930473, -0.32811652034773964, -0.10619048194369085, -0.6234726171582605, -0.694301566391322, -0.34306869466822987, 0.288201864100028, 0.7567891105724779, 0.10054840106156374, 0.1142846241058899, 0.21294335581326865, -0.29004088803595496, -0.4913913845448622, 0.49278641248359256, -0.015821374541554384], [-0.3602968309998619, -0.6626236048296986, -0.7040899067287898, -0.3207484920044574, 0.5478726520617168, -0.06104227118413972, 0.24966898200957824, 0.33285467134224755, 0.12540755855373462, 0.5930427494641107, -0.33063828217894226, 0.4776807152343366, 0.21852496956219322, -0.4560935225110918, -0.0048253358218920284, 0.04387062018406461]], "inverted": false, "swapped": false, "error_lsq": 0.0426902767915115, "error_max": 0.23714096278775876, "target": "355.xyz", "model": "14.xyz", "model_rescale": 3.942246331269136, "target_rescale": 4.1803150882100075},
{"mapping": [8, 9, 11, 6, 5, 9, 10, 14, 1, 12, 13, 2, 7, 3, 15], "R": [[-0.27431178310686466, 0.9458460956549931, -0.17357479362781347], [-0.9141317812916266, -0.20044435741409433, 0.3523991288488789], [0.2985232521619219, 0.25533746868616125, 0.919612225344799]], "T": [-0.054280866577433085, 0.025752031725875292, -0.01974235090044693], "aligned_model": [[-0.736115625284899, -0.19228591438414724, -0.22832294880839107, 0.2602263422843136, 0.4915646800100187, -0.19228591438414724, -0.0007319353270293372, -0.3911586453810084, -0.4465324720216209, 0.40650647422555736, 0.5814457562687487, -0.0036688969166819574, -0.3760659480965727, -0.11749609313917131, -0.08078482251275945], [-0.04710485952374544, -0.472447227007831, 0.3006079902732162, -0.5700472875548726, -0.2121799669736338, -0.472447227007831, 0.6407659193344636, 0.7077385829458657, 0.386132256927401, 0.5605710526963915, 0.366035946165597, 0.08258942095823796, -0.6703177506837873, -0.44229897944826485, -0.05945318121955626], [-0.27959905160844445, -0.4984208996232662, -0.7468339284359485, -0.09836566558866214, 0.27194397796636083, -0.4984208996232662, 0.14276037654149357, -0.2395369081272147, 0.29978326509386777, -0.36838256158566596, 0.25322141342705906, 0.6115726014576897, -0.03715231351861445, 0.5785470422985489, 0.01824603168657924]], "inverted": true, "swapped": true, "error_lsq": 0.04568172609727992, "error_max": 0.4617371929229943, "target": "355.xyz", "model": "15.xyz", "model_rescale": 4.355366556412066, "target_rescale": 4.1803150882100075},
{"mapping": [14, 11, 8, 2, 1, 10, 3, 13, 9, 12, 6, 15], "R": [[-0.14125766008992158, -0.07692091671477533, 0.9869799623283542], [-0.41783465811592974, -0.899191513377817, -0.1298800244319953], [0.8974744965418598, -0.43074098347042644, 0.09487746421498383]], "T": [0.012165109182919666, 0.07154483825620316, -0.09791891158920474], "aligned_model": [[-0.20687556852659902, 0.45609856232113893, 0.12783578987348962, -0.5394121861533487, -0.5160725994275082, -0.4170963312091774, -0.27641670876032914, -0.25572856749755246, 0.6340021363282895, 0.13834272335091433, 0.43658830387501285, 0.016543000457450857], [-0.6250885839027173, -0.539022004450049, -0.500319604858704, 0.37739399522146033, -0.2429897673593056, -0.13087593796283303, 0.5516155233954363, 0.4786226384689788, 0.0035995438302193067, -0.04112772616419742, 0.5663299507543693, 0.11463840076832281], [0.20806311063233757, 0.15630505705227649, -0.5421301473954716, -0.1789708073832998, -0.18660235445591247, 0.329020371638451, -0.6149012938493033, 0.4995518748315373, -0.4220842957169792, 0.6710352210172793, -0.28533791583238644, -0.18469035932910793]], "inverted": false, "swapped": true, "error_lsq": 0.05099508904955053, "error_max": 0.27609581088505725, "target": "355.xyz", "model": "16.xyz", "model_rescale": 3.795458400668931, "target_rescale": 4.1803150882100075},
{"mapping": [1, 0, 3, 14, 5, 7, 8, 10, 11, 9, 6, 4, 15], "R": [[0.00681838708001542, 0.7613749196515873, 0.6482759762039357], [0.8643829949047965, 0.32147286800406777, -0.3866487207487614], [-0.5027877760218934, 0.5629950504780464, -0.6559276068440634]], "T": [-0.0012845482260416957, -0.0039050608646521157, 0.04030123397742487], "aligned_model": [[0.03945179949390286, -0.07109026687426, 0.4020513649283794, -0.3320880852449091, 0.5439914878484085, -0.2584551047526125, -0.6253402142719333, 0.20276166582309124, -0.6638755756018538, -0.4989616853275158, 0.08543951644522725, 0.3179071506614433, 0.006839747776854789], [-0.41851099116065993, 0.2853033107422329, 0.4421490226736612, -0.7214220649241092, 0.3005246985280706, 0.6429256017033987, -0.019112111927332753, -0.6086235113418423, -0.2883502676974079, 0.47862783512904705, 0.6298229012066793, 0.16406612664205156, 0.07638071589669593], [-0.42043114007958976, -0.7768349267080816, -0.428072556561173, -0.01108271355900009, 0.2630936873085838, -0.2819335969891705, -0.3444786264116928, 0.05435273212675769, 0.37877229804386153, 0.16623978693380337, 0.266002464788826, 0.750139464371178, -0.013491842428007036]], "inverted": true, "swapped": true, "error_lsq": 0.04868789780122036, "error_max": 0.2848610241385374, "target": "355.xyz", "model": "17.xyz", "model_rescale": 3.7474275329858107, "target_rescale": 4.1803150882100075},
{"mapping": [7, 8, 9, 1, 5, 13, 6, 11, 2, 4, 10, 14, 12, 15], "R": [[0.6746291606590444, 0.13721385061406854, -0.7252915653639809], [-0.5514806683497337, -0.5594303128878569, -0.6187946327003214], [-0.4906572816386246, 0.8174411808942922, -0.30173721638727447]], "T": [0.047034279044798, -0.08581793111066824, -0.04609586356047118], "aligned_model": [[0.6581275361612655, 0.1763251758138462, 0.6916656086718691, -0.4425084103732013, 0.17408228072944704, -0.33178570216329384, 0.639193451580802, 0.10048532159761313, -0.2723518322774797, 0.23599203636591154, -0.5725381459844654, -0.4957691422022021, -0.25154425155242627, 0.10547372151519055], [-0.26070441135622846, 0.2973436839058792, 0.17269707062020342, -0.1163027498154984, -0.583856189589482, -0.3615093572942447, -0.33920728342113327, 0.7080123970103377, -0.6302363946175693, -0.15974096332621462, 0.002159418873378699, 0.4695116819545564, 0.30811755792863804, -0.14587621936138964], [-0.47544611406067355, -0.6578174591230603, -0.16442375703303466, -0.4272132720218499, 0.3727795469634943, 0.5662278722395062, 0.1665413613347223, -0.0076901001304540625, -0.12324298175594889, 0.7238381109177698, 0.08002591270636492, -0.20061255527517868, 0.5667434683076391, -0.09491531440764142]], "inverted": true, "swapped": true, "error_lsq": 0.038473506636778954, "error_max": 0.2646384256720691, "target": "355.xyz", "model": "18.xyz", "model_rescale": 3.922800546911778, "target_rescale": 4.1803150882100075},
{"mapping": [14, 8, 1, 10, 6, 11, 7, 13, 9, 2, 3, 5, 12, 4, 15], "R": [[-0.3747714987684264, -0.47061624042481837, -0.7987907598109015], [0.8923359817479597, 0.05067783618615865, -0.4485178397760721], [0.2515607667915901, -0.8808814399043148, 0.4009551963041865]], "T": [0.06498767186567068, 0.03257550420740358, -0.04821913156375169], "aligned_model": [[-0.32208554982335835, -0.3137449478352601, 0.23794188905437774, 0.13738153944943132, 0.1456512834399346, -0.716003882227073, 0.09080875684935537, 0.40543261424414245, -0.3483867914103791, 0.6767046542805227, 0.7031807908100388, 0.4950955506569716, -0.2612908219111101, 0.05581248898327647, 0.10955326232674742], [0.6342516242845759, -0.1548414964181945, 0.38302982998424046, 0.6657124310138386, -0.5266917369594764, 0.18549951897696568, -0.6929153588791885, 0.47937995946431416, -0.5377694461791829, 0.1785748558311076, -0.35581926828665067, -0.09774545027420983, 0.5672118395592229, 0.039090541736049096, -0.04935633881883247], [-0.38742719288192623, -0.6475260148364607, -0.5310239081218713, -0.0858152253226436, 0.3269965045967824, -0.08235188126091605, -0.2959249381541854, 0.47990369319311144, -0.033754059490220346, -0.14222525960535284, -0.19947109213339576, 0.43928837874449156, 0.42886858423190677, 0.7479224036576568, -0.07480082545364775]], "inverted": false, "swapped": true, "error_lsq": 0.042834469450171254, "error_max": 0.2868557592691402, "target": "355.xyz", "model": "19.xyz", "model_rescale": 3.9282355846067225, "target_rescale": 4.1803150882100075},
{"mapping": [6, 7, 8, 3, 5, 0, 2, 1, 13, 12, 11, 4, 14, 15], "R": [[-0.35831773315825477, -0.8857602824398354, 0.2950205487020059], [-0.5286944817918187, 0.4529667989684878, 0.7178462397722243], [-0.7694742016644938, 0.10124130127741554, -0.630602610118643]], "T": [-0.006755282012727522, -0.12699904179373245, 0.07932662760726342], "aligned_model": [[-0.6134558115153798, -0.175188512661571, 0.5040710190842592, -0.27883353578136844, -0.6013106895918545, 0.2406259637773655, -0.05119115309824735, 0.5031392649787482, -0.3190546367199882, -0.02381131039965586, 0.34322109994731814, -0.6442247569053295, 0.6885781206727903, -0.04004224270241045], [-0.41898577924847735, -0.7314879339201237, -0.6406612229402824, -0.08776097107839465, 0.14468733665863592, -0.3944746984603658, 0.3225406384153322, 0.12700590229529818, 0.5466828240096671, 0.20959165183993445, -0.47703116090633535, 0.06702912426378516, 0.026163757869882093, -0.17041738137371965], [-0.002718796065883683, -0.36179162590247493, -0.034427156744787385, -0.6316247839375443, -0.031715212543859006, -0.7102841106590326, -0.36821125753437567, -0.16830391835400824, 0.2868659125505062, 0.7908898025943182, 0.7034200934591547, 0.515163424076002, 0.42567119186670266, -0.0007504055610348948]], "inverted": true, "swapped": true, "error_lsq": 0.05083328097171123, "error_max": 0.27012484869016806, "target": "355.xyz", "model": "20.xyz", "model_rescale": 4.067790424073018, "target_rescale": 4.1803150882100075},
{"mapping": [12, 2, 11, 9, 14, 1, 8, 13, 10, 5, 3, 7, 6, 0, 15], "R": [[0.342372329323384, 0.882898932387791, -0.3213575318896065], [-0.17923620848637753, 0.3971208171038849, 0.9000941274056681], [0.9223099097814729, -0.2505684174257442, 0.29421063629252087]], "T": [0.08096605662258664, 0.010614554805214255, -0.04495448443020071], "aligned_model": [[0.11439387977656808, 0.10729457499801333, -0.24688090896644937, 0.25611800270088, -0.6059366243684051, -0.43875410110548535, -0.42682134436616453, 0.3911188482443771, -0.24210998222352287, 0.6688645469389314, 0.3321276232908921, 0.24382394864795648, 0.6884682355183254, -0.18572171293914252, 0.11245896776074138], [0.04377417124552127, 0.5998220277959027, -0.5624507726592857, -0.6455880721512347, 0.0014625061140619566, 0.3297327788147374, -0.42927700137868896, 0.5569559866767154, 0.41417697855892466, 0.3170952340654395, 0.32962596861624416, -0.3704732883498676, -0.21294620652719456, 0.06642859692347616, 0.0025562321830954644], [-0.8308866542893463, 0.19272595702582285, -0.4906125417694531, 0.14239800632125582, -0.4386331454409557, 0.07288593614995204, 0.2489496562045761, -0.49190748389153344, -0.41948879483860274, -0.03574201970861591, 0.6001561240950506, 0.6004998131578945, 0.15761631189388586, 0.7808713155615178, 0.046417093149692654]], "inverted": true, "swapped": true, "error_lsq": 0.039936145581442296, "error_max": 0.2857682634951899, "target": "355.xyz", "model": "21.xyz", "model_rescale": 4.186013935880536, "target_rescale": 4.1803150882100075},
{"mapping": [14, 11, 12, 2, 0, 10, 1, 8, 4, 9, 7, 5, 15], "R": [[0.450206332889621, -0.7623233645024551, -0.46494875605784525], [-0.09076155867974972, -0.5570746047692797, 0.825487870405843], [-0.8882998352426409, -0.32944039317425644, -0.31998817173934613]], "T": [0.05084936302836219, 0.006456279606727115, 0.05474052136049988], "aligned_model": [[-0.02548861295582843, -0.3206315827423143, 0.4587492166306942, 0.4214988945710899, -0.39061826282216294, 0.430924762584049, 0.05940067998007718, -0.6275126673710575, 0.525791366194335, -0.4986101055085763, -0.4975876195261921, 0.5095285819593544, 0.013129384429757147], [-0.4124218006839242, 0.18952973183357458, 0.24975319702064477, -0.3608251725715794, -0.48048511984063286, -0.353440517632245, -0.6100909975526609, -0.24489163031911532, 0.6426772627857602, 0.44161492645141087, 0.14704257532607995, 0.3021761861310232, 0.008318018597757272], [-0.6128039404978354, -0.6256892137910423, -0.5732170206364638, 0.4181602360315663, 0.6241439236101688, -0.3106821002781649, -0.020280662128749752, -0.06518217697205582, -0.005433625837644174, 0.12624081605738635, 0.5722482576242651, 0.4313079418689789, 0.14406712628493656]], "inverted": false, "swapped": true, "error_lsq": 0.05430417161995456, "error_max": 0.33585365648562615, "target": "355.xyz", "model": "22.xyz", "model_rescale": 4.166573947596378, "target_rescale": 4.1803150882100075},
{"mapping": [4, 3, 8, 0, 13, 7, 5, 1, 2, 6, 9, 12, 14, 10, 11, 15], "R": [[0.6828915954012523, -0.06335101821751893, 0.7277676259776439], [0.6632635096677466, -0.36376633427998467, -0.6540302521961239], [0.3061708439312195, 0.9293334721913904, -0.20639455368574705]], "T": [0.04647858729716972, 0.04536646833018816, -0.049078089464102054], "aligned_model": [[-0.47578620482971, 0.06289833990607283, -0.07624881480417342, -0.6903678345377945, 0.1576947020123426, -0.24177430090786903, -0.40266459100046836, -0.6157609209659876, -0.3020460277518977, -0.21748198016539808, 0.5270928426617167, 0.4430775495447522, 0.6918503551709437, 0.28657420803133815, 0.5322682638201877, -0.01326613146427915], [0.30177182775900435, 0.5334276085037714, -0.11783601494590502, -0.22602066018278727, -0.6708875610198823, -0.6001727171195442, -0.48609723325650883, 0.11746824522203571, 0.6010393241467332, 0.27269605940272207, 0.0771665616241395, 0.2569175490399472, -0.3111431167411825, -0.6622187584928121, 0.6661490790503711, 0.03588814479961985], [-0.4977977033940486, -0.3997251587414433, -0.8316265380902287, -0.2730471497034713, 0.3884425159514533, -0.156684223771422, 0.40576113541190595, 0.20457369612305135, 0.10114677266822336, 0.6274968936785629, -0.40747431975813286, 0.4277203570768766, 0.23793055187612702, -0.10024910460154232, -0.02204722122982068, -0.01585583134298188]], "inverted": false, "swapped": false, "error_lsq": 0.04104446699522843, "error_max": 0.25697713744970463, "target": "355.xyz", "model": "23.xyz", "model_rescale": 4.274766983524099, "target_rescale": 4.1803150882100075},
{"mapping": [13, 11, 14, 1, 8, 0, 3, 7, 6, 9, 15], "R": [[0.013635547243208042, -0.8270634543210511, 0.5619431593834995], [0.3946967495783919, 0.5208109591949872, 0.7569480964073096], [-0.9187102632079552, 0.21147573692726118, 0.33354079955447946]], "T": [0.05073157921665762, 0.05198516214782305, -0.12712075917488125], "aligned_model": [[0.4083479576552311, 0.025538219501161155, -0.4184683825391039, -0.5214056834065897, -0.44564139998823316, -0.5187448241406497, -0.025942003680290607, 0.01636795619694993, 0.5622926682249261, 0.2520634622138537, 0.04548673392081971], [-0.2997637113991242, 0.8390428472256398, 0.4806641216331739, -0.0798383251403579, 0.4560569657991808, -0.27661349281389164, -0.5914342329888534, 0.011730826484132748, -0.07135715334881783, 0.4412898581538007, 0.005808827638600758], [-0.7126410012576005, -0.24713784731454233, -0.5993364798640881, -0.3298850777409241, 0.23075088359145074, 0.4420412350235437, 0.27431510817195626, 0.6380985671255688, 0.30085723595404185, 0.424502639700501, -0.04199882936832987]], "inverted": false, "swapped": true, "error_lsq": 0.05037683117605632, "error_max": 0.30437607936328326, "target": "355.xyz", "model": "24.xyz", "model_rescale": 3.7841303162186577, "target_rescale": 4.1803150882100075},
{"mapping": [0, 7, 10, 8, 12, 9, 2, 1, 6, 4, 11, 3, 13, 14, 11, 15], "R": [[-0.3903359449179845, -0.4966315212114909, -0.7752386614740938], [-0.9096215832527681, 0.33810094299167653, 0.241404903903932], [0.14221963783427266, 0.7994028299219986, -0.5837197016779446]], "T": [-0.09721972290813527, -0.044185756873129825, -0.04563793713929658], "aligned_model": [[-0.5805546126668797, -0.042986081908924584, 0.08659257530003209, -0.6737133618814459, 0.23488215775074847, -0.13885344102696628, -0.4859171431155208, -0.7640443975213187, 0.03390375734066675, -0.3652521265047294, 0.5443415997007206, 0.3397743579870768, 0.6549286626759627, 0.35342732218986217, 0.5443415997007206, -0.07481141330022875], [0.2984375679561599, 0.4140336198858135, -0.21346865237841922, -0.17390438313978895, -0.5955850284217319, -0.622416036636342, -0.4925341119283746, 0.2708762869489791, 0.6123348241028189, 0.22430603557716977, 0.34192789549921, 0.21587668735324705, -0.18478477064960414, -0.6611210902571732, 0.34192789549921, 0.01224159837854747], [-0.48190229618827796, -0.5037855935197189, -0.7823953229821369, -0.06254787095537002, 0.35540955459533485, -0.12346521774630954, 0.41986297152856106, 0.04984586082067806, 0.22604903701565554, 0.5968378451804832, -0.2151752072209912, 0.5791865070037785, 0.11716476756599455, -0.2591958858963593, -0.2151752072209912, -0.012149269827222343]], "inverted": true, "swapped": false, "error_lsq": 0.04915420746013076, "error_max": 0.3419450659754433, "target": "355.xyz", "model": "25.xyz", "model_rescale": 4.19342608120988, "target_rescale": 4.1803150882100075},
{"mapping": [14, 11, 8, 2, 1, 10, 3, 13, 9, 12, 6, 15], "R": [[-0.14125766008992158, -0.07692091671477533, 0.9869799623283542], [-0.41783465811592974, -0.899191513377817, -0.1298800244319953], [0.8974744965418598, -0.43074098347042644, 0.09487746421498383]], "T": [0.012165109182919666, 0.07154483825620316, -0.09791891158920474], "aligned_model": [[-0.20687556852659902, 0.45609856232113893, 0.12783578987348962, -0.5394121861533487, -0.5160725994275082, -0.4170963312091774, -0.27641670876032914, -0.25572856749755246, 0.6340021363282895, 0.13834272335091433, 0.43658830387501285, 0.016543000457450857], [-0.6250885839027173, -0.539022004450049, -0.500319604858704, 0.37739399522146033, -0.2429897673593056, -0.13087593796283303, 0.5516155233954363, 0.4786226384689788, 0.0035995438302193067, -0.04112772616419742, 0.5663299507543693, 0.11463840076832281], [0.20806311063233757, 0.15630505705227649, -0.5421301473954716, -0.1789708073832998, -0.18660235445591247, 0.329020371638451, -0.6149012938493033, 0.4995518748315373, -0.4220842957169792, 0.6710352210172793, -0.28533791583238644, -0.18469035932910793]], "inverted": false, "swapped": true, "error_lsq": 0.05099508904955053, "error_max": 0.27609581088505725, "target": "355.xyz", "model": "26.xyz", "model_rescale": 3.795458400668931, "target_rescale": 4.1803150882100075},
