[{"mapping": [8, 2, 6, 3, 0, 11, 7, 9, 1, 5, 12, 13], "R": [[-0.23638613867714636, 0.5681509755507796, 0.7882423881154872], [-0.004232902397403315, 0.810623558769954, -0.5855523277252247], [-0.9716499760606196, -0.14175300683876982, -0.18921524535186035]], "T": [0.09613237764289784, 0.00043565154005673415, -0.0032232706245508558], "aligned_model": [[-0.49070443972533795, -0.056666254217230594, -0.09017130145778485, 0.31216299745080445, 0.29905576181253657, -0.15507053995248882, -0.6547955705176697, -0.34484345290962726, 0.6426382654644233, 0.4397161515297344, 0.2140146792585406, -0.05705555804830098], [-0.48173638109236183, 0.5750844291928137, -0.22895983004748777, 0.10082078560974116, 0.737676094477816, -0.572098311178989, 0.015743345731408374, 0.4577777342671101, 0.11688866608721257, -0.6547992309043333, 0.15633626056367134, -0.024367519376673263], [-0.1868310383004904, -0.4907574805560888, -0.7083579644018614, -0.4684693366594562, 0.10027099991592053, 0.3068796099942404, 0.08202562171648205, 0.36163520604773136, 0.1410477361725806, -0.1613962758794395, 0.5416790793845773, 0.04635617397241733]], "inverted": true, "swapped": false, "error_lsq": 0.04740560028304098, "error_max": 0.2857862165870235, "target": "356.xyz", "model": "0.xyz", "model_rescale": 3.8414455957264533, "target_rescale": 4.160887549827494},
{"mapping": [1, 8, 11, 13, 9, 3, 10, 6, 7, 0, 2, 14], "R": [[0.48079589727715605, 0.02775163143978404, -0.8763932633891507], [-0.8682579158441088, -0.12437004221204155, -0.4802710528172817], [-0.12232537241103975, 0.99184774010561, -0.035701032364555574]], "T": [0.0014126104719094446, 0.029497105691728833, 0.01487654622923762], "aligned_model": [[-0.2798632432799342, -0.20386867152347893, -0.13856966102528698, 0.3571653337249003, 0.44052919330901225, -0.37222100705738687, -0.6696600989555649, -0.2766134868835538, 0.6224375180435406, 0.5081830396666265, 0.1311166638342785, -0.060354841165553307], [-0.7647334570940663, 0.6540920633977075, -0.3506268050108602, 0.21590736557176846, 0.5514589837155555, -0.5773041227079949, 0.1627213795449586, 0.5988393808591271, 0.04408560421827609, -0.44965970905931457, 0.14623542843005918, -0.03265006853528869], [-0.18154035325212792, -0.42335071395794877, -0.7349075415644615, -0.6281928244834926, -0.000683163303632453, 0.3397874126289536, -0.0022702298041298898, 0.47157999123501365, 0.17940691431218325, -0.18288555448423024, 0.7319216983389524, -0.004783304258466844]], "inverted": true, "swapped": false, "error_lsq": 0.04922097581551648, "error_max": 0.23717139029709317, "target": "356.xyz", "model": "1.xyz", "model_rescale": 4.316132596720782, "target_rescale": 4.160887549827494},
{"mapping": [7, 6, 3, 4, 2, 9, 10, 8, 0, 5, 1, 11], "R": [[-0.4759278848475405, -0.8790658867506768, 0.027125913363293785], [0.30376748953243216, -0.19324867197844198, -0.9329417254479149], [0.8253592919012365, -0.43577301147479885, 0.35900406925615047]], "T": [-0.008913558013486787, -0.015900167065058084, 0.008276737824270894], "aligned_model": [[-0.48130244265587596, -0.2951559148699058, -0.12223465100938462, 0.46567487762316667, 0.42098681275308414, -0.06584888241639708, -0.6241468644622367, -0.3128676204872359, 0.6802671000124616, 0.33925935763524667, 0.04220981607216985, 0.011439150492505913], [-0.7311371951080803, 0.5119703711278369, -0.22833092877247044, 0.28505190626982185, 0.6731359103786689, -0.5911294219440733, 0.09865576871865803, 0.6303342787357344, -0.0713303810368284, -0.5262463503940445, 0.0936882998626492, 0.05370378549205578], [-0.24813280794628195, -0.5534295653705003, -0.6025002347293242, -0.5194764217609034, 0.21110759578412108, 0.4728423181232004, 0.0831146613800804, 0.2858178785208141, 0.16912315702099878, -0.1763371183382469, 0.5374024619611155, -0.09544959323846049]], "inverted": false, "swapped": false, "error_lsq": 0.038765814315899975, "error_max": 0.20424849948893098, "target": "356.xyz", "model": "2.xyz", "model_rescale": 3.795458400668931, "target_rescale": 4.160887549827494},
{"mapping": [2, 5, 10, 4, 9, 1, 6, 3, 7, 0, 8, 11], "R": [[0.7138586687343369, -0.0016302259389114337, -0.7002879003925659], [0.6145899225807254, 0.48080999052439427, 0.6253806681327381], [0.33568590696521383, -0.8768232976919126, 0.3442323001834979]], "T": [0.00976864845186124, -0.05318795502812596, -0.06641453984856775], "aligned_model": [[-0.5844763565586757, -0.16328919630859132, -0.20149693089201812, 0.3965597393613766, 0.2802459513718352, -0.012160342633897113, -0.48109422823311165, -0.37922789294349885, 0.702245467866814, 0.47451922391408335, -0.10815587276229333, 0.13461117650557597], [-0.5175064061381978, 0.5292813692638225, -0.14053640268637682, 0.04729663497994876, 0.7425168762162644, -0.5285518747114732, 0.017159758913296345, 0.5792952232440016, 0.03712970330814388, -0.6468941373501942, 0.18061359273814584, -0.10143829444745336], [-0.20427882599167713, -0.4194089933106188, -0.7640877004878113, -0.5676632131510839, 0.15324540858706776, 0.34567417047106275, 0.25202090424752016, 0.22635968292591913, 0.24281170706714233, -0.2755265095103481, 0.669787593121613, -0.09485189256217276]], "inverted": false, "swapped": false, "error_lsq": 0.04927033592351803, "error_max": 0.30925104369617695, "target": "356.xyz", "model": "3.xyz", "model_rescale": 3.7530521520055578, "target_rescale": 4.160887549827494},
{"mapping": [8, 9, 5, 0, 10, 2, 4, 3, 1, 6, 11], "R": [[0.7591909044284217, 0.32818977122393694, -0.5620681850960213], [0.5256331016749086, 0.20013374741902487, 0.8268351259880252], [0.3838476430262018, -0.9231673505968451, -0.02056768667671778]], "T": [-0.013265251974770888, -0.10259618223537505, 0.06343575245549268], "aligned_model": [[-0.38032421363483765, -0.23216936887109144, 0.47690226151016013, 0.421470615347831, 0.32816997229487743, -0.19029296192334255, -0.4748910079574132, -0.6571823332858531, -0.3559240388036536, 0.4835482663140507, -0.0811075885455228], [-0.609991716948752, 0.030107758268649074, -0.19455679558274447, 0.38202894249509456, -0.6888496296883436, 0.5940452929252656, -0.4589282404963972, 0.025803161449650433, 0.2936614561177714, 0.1363564827850665, -0.04247335301091413], [-0.11871388574972255, -0.6317970223625632, -0.4265750930239025, -0.48138891832076114, 0.10036610265784325, -0.02870422881530299, 0.6265136529868267, 0.01165821903300792, 0.6330905021197715, 0.35655123815872225, 0.05183021056139756]], "inverted": true, "swapped": true, "error_lsq": 0.05181474613222297, "error_max": 0.3014747048079391, "target": "356.xyz", "model": "4.xyz", "model_rescale": 3.7855080009869324, "target_rescale": 4.160887549827494},
{"mapping": [15, 6, 8, 7, 4, 9, 12, 1, 5, 10, 2, 16], "R": [[0.38805248640763135, -0.46545287779688943, 0.7954677154627012], [0.9091412490744664, 0.3349669833342295, -0.24750618034159322], [-0.15125295707580175, 0.8192379011169832, 0.5531471814528803]], "T": [-0.09044319215011629, 0.03682661851236557, -0.013779574756556494], "aligned_model": [[-0.36262268467294323, -0.10890742861355993, -0.14643411712067259, 0.4814222845347532, 0.2894138755516218, -0.012062649381037599, -0.7005558163439414, -0.1837776403761004, 0.7043622261571894, 0.36863024869636485, -0.15612982152891688, -0.11505773821515776], [-0.6954761009947988, 0.4537112054117793, -0.27622842003812953, 0.18614336441087082, 0.6669055548557006, -0.5783378536527672, 0.25471405374922373, 0.6628253300539453, 0.07889587214708604, -0.48297829701692385, -0.074933943683057, 0.0031252780869986327], [-0.27639937130335807, -0.5157191938787071, -0.6416103108014793, -0.4742617761999746, -0.08934362678420107, 0.3359963277153843, 0.1944340520198414, 0.40157356765602137, 0.13325025060982873, -0.23742818256631965, 0.7135309029882005, 0.02005969195137671]], "inverted": true, "swapped": false, "error_lsq": 0.0428104490576905, "error_max": 0.23808524291070396, "target": "356.xyz", "model": "5.xyz", "model_rescale": 4.2253639853439635, "target_rescale": 4.160887549827494},
{"mapping": [12, 0, 7, 3, 4, 11, 9, 1, 2, 6, 8, 13], "R": [[0.6411513220651054, 0.7135251396150725, -0.2825010749562896], [0.19014723346751317, 0.20893499279812622, 0.9592654473028299], [0.7434843722761219, -0.668751107604121, -0.0017158844491451802]], "T": [0.04284667136700696, 0.048370410017216724, 0.10317142206698182], "aligned_model": [[-0.46931367160409027, -0.3990771408691823, -0.05184234649041674, 0.417000575498835, 0.39082426484162486, -0.04819736255841594, -0.553708214906918, -0.13563107071672173, 0.7106870529145163, 0.38357899846350535, -0.2657018681714378, 0.07966152228630055], [-0.6182469436437698, 0.4074595847696553, -0.2164712034900554, 0.09196331732039142, 0.635409155273081, -0.7090141476111802, 0.14833479761380217, 0.7270412376413735, 0.08981500720007468, -0.4108112083161202, 0.0005535012268406761, 0.052332945345834866], [-0.30260789154422607, -0.4614709055005196, -0.6386399594033844, -0.49775951169671595, -0.08446764160196785, 0.2569030211798917, 0.18518249668820136, 0.31824672346373173, 0.1525999783483513, -0.19139892739014158, 0.7727804255765798, 0.054714523286812096]], "inverted": true, "swapped": false, "error_lsq": 0.05445524088147585, "error_max": 0.3176205510123861, "target": "356.xyz", "model": "6.xyz", "model_rescale": 3.89814844738969, "target_rescale": 4.160887549827494},
{"mapping": [5, 0, 2, 4, 7, 9, 6, 3, 11, 10, 8, 12], "R": [[-0.618159074978185, -0.06268733536709149, -0.783549396022158], [-0.24927358311082057, 0.960997933353905, 0.11977333949012522], [0.7454810787573403, 0.26935714223702656, -0.609675890240622]], "T": [0.014414269696898695, 0.09372303057901446, -0.08891150755355062], "aligned_model": [[-0.48740218998033386, -0.35754856123864315, 0.04111084189965404, 0.5242075559709622, 0.2844012343347027, -0.09064735539832171, -0.5736295408502846, -0.37605581613910427, 0.6799287206833897, 0.26666566487218285, 0.04906213768725427, 0.09818804684614103], [-0.49560922290919185, 0.45564511488454407, -0.16618536166074918, 0.1554325992578165, 0.688567176049106, -0.6630320893878929, 0.05204817405103854, 0.6954681479689471, -0.07196601350858892, -0.5584685047341645, 0.12720879306709734, -0.02074276974803395], [-0.14760000574824939, -0.3746849226268698, -0.7471536857804785, -0.47852480659202146, -0.02151595078919291, 0.37393795217481196, 0.24251500653109428, 0.2823267750016194, 0.3411792101101718, -0.3123373295842362, 0.5858958733108325, -0.1799557846008688]], "inverted": true, "swapped": false, "error_lsq": 0.04959733153746473, "error_max": 0.27185583026739657, "target": "356.xyz", "model": "7.xyz", "model_rescale": 3.7474275329858107, "target_rescale": 4.160887549827494},
{"mapping": [6, 9, 7, 11, 13, 0, 8, 4, 12, 10, 1, 14], "R": [[-0.00370903311695836, 0.9921463859238058, 0.1250271649349388], [0.9128652020122686, -0.04768302077293163, 0.4054669560951526], [0.4082442480041054, 0.11563683854334336, -0.9055190531089136]], "T": [-0.04670126925114435, 0.002533267062351444, 0.03239877856928709], "aligned_model": [[-0.3486638712345616, -0.24898014426637127, -0.09717480539958448, 0.29869104637024946, 0.42182347971604056, -0.06282439447863544, -0.6161719518279749, -0.26862698840417665, 0.559385926871004, 0.3824642606506791, 0.08164959306488173, -0.04329141237395155], [-0.7165030645150693, 0.31700231508850435, -0.2550068783773335, 0.16083334945149289, 0.746056114433348, -0.5913117943527888, 0.3767214690132335, 0.7119025417637737, 0.09426148305951058, -0.532295729291366, -0.15609056104244734, 0.042796798099070076], [-0.2099716801768945, -0.6313277574713461, -0.5960939640774322, -0.4596634002406165, 0.22152879663921438, 0.3175326515004218, 0.0024547130008093637, 0.2768779251922935, 0.10230488621466137, -0.29169727554372543, 0.7557011754614613, 0.07643626090776612]], "inverted": false, "swapped": false, "error_lsq": 0.05223840873826068, "error_max": 0.3282606981980793, "target": "356.xyz", "model": "8.xyz", "model_rescale": 4.019505241142653, "target_rescale": 4.160887549827494},
{"mapping": [4, 11, 8, 9, 10, 0, 5, 6, 1, 7, 2, 12], "R": [[-0.9752671336113707, 0.09243100518548822, 0.20077481758891247], [0.12131162917632121, 0.9831629648426681, 0.13665311261863572], [-0.18476338036539486, 0.1576296096619384, -0.9700594824204223]], "T": [-0.014090054643982292, 0.05320212252083473, 0.03386473129254618], "aligned_model": [[-0.4012051404361043, -0.2525617751532178, -0.062337567700809116, 0.3772051448334074, 0.5004798572018182, 0.13003464623516833, -0.6836243017716523, -0.24937161740322444, 0.6275347755354082, 0.24141538698073736, -0.11969408953031885, -0.04959458010361317], [-0.6699578417936065, 0.3765256812753957, -0.16114863905454058, 0.17633059807290052, 0.8025683857089667, -0.5437925179693588, 0.09598597589804841, 0.6930683015722507, 0.07492497313819427, -0.7238008525412474, 0.018830096758017695, 0.058831882264907105], [-0.08769285838417934, -0.4413643070296511, -0.6047766860004367, -0.5130059177686527, 0.14271218250868012, 0.24710531817405385, 0.013415942689342902, 0.28541134148359487, 0.2439861181832691, -0.35416533986241766, 0.614931434758976, 0.017525102654033384]], "inverted": false, "swapped": false, "error_lsq": 0.04750339372526846, "error_max": 0.28657469350986076, "target": "356.xyz", "model": "9.xyz", "model_rescale": 3.877068213659057, "target_rescale": 4.160887549827494},
{"mapping": [12, 13, 3, 4, 2, 0, 10, 9, 7, 5, 8, 15], "R": [[-0.586996030710865, -0.7196436553103038, -0.37087554422112257], [-0.6422648384430123, 0.13504479762595212, 0.7544923988576273], [-0.49288085500398626, 0.6810843648225895, -0.5414725761889971]], "T": [-0.07966551754914492, 0.043146345194588584, -0.07588675338290223], "aligned_model": [[-0.4483416285454572, -0.19804086070534885, 0.0403827102155184, 0.5120330439180061, 0.19891420628190998, -0.05476177460262288, -0.7500182585079112, -0.22249328139564767, 0.674082472118896, 0.23740506866429872, 0.1499157896103582, -0.08079674836440039], [-0.6010141782491362, 0.5949217938151851, -0.18870132304017456, 0.13195404080825332, 0.6412382175132161, -0.6347787972875525, 0.17779139021648532, 0.4941881428971845, 0.18782579299611518, -0.6391763529065448, 0.06915823944745701, -0.03504092288056042], [-0.16150428039035097, -0.6042518055919424, -0.654329857303151, -0.3922673553522163, -0.0049303746272417875, 0.3407225845004586, 0.11308068825718164, 0.3843380074671319, 0.20199522673103104, -0.28777686937886426, 0.6602781334246726, -0.03127176633009644]], "inverted": false, "swapped": false, "error_lsq": 0.0449682713832342, "error_max": 0.2389610631051907, "target": "356.xyz", "model": "10.xyz", "model_rescale": 4.260839863003843, "target_rescale": 4.160887549827494},
{"mapping": [9, 7, 8, 1, 0, 4, 10, 6, 3, 2, 5, 11], "R": [[0.30533066473042636, 0.6957253310204633, 0.6501841654114187], [-0.7347462103787982, -0.26220811174704883, 0.6256156267773706], [0.6057402013316198, -0.6687399867740184, 0.43112137337438394]], "T": [-0.01236891804231105, -0.009958669860764238, -0.06542874153407965], "aligned_model": [[-0.47095296261934716, -0.18900296822238127, -0.22623286872468543, 0.5486905518653087, 0.29823363042185447, -0.13275666399401462, -0.628129042157402, -0.24123385305248174, 0.6351874627199261, 0.4190166800871889, 0.03302593589539726, 0.012434836468235955], [-0.6534214065818044, 0.5214606479312183, -0.2602375839487078, 0.13128924649989346, 0.8070245094215911, -0.5801296329593177, 0.028159106040052093, 0.6484334016777277, -0.005370599868325578, -0.5191143373979472, 0.04608095919273897, 0.034191733322809045], [-0.17215100569694053, -0.40601580863548004, -0.7035792589045743, -0.4996198751285432, 0.012666143780443673, 0.37787106905143975, 0.047355551487350156, 0.40082875847237753, 0.22523043131381756, -0.2236188110159164, 0.6064416101405703, -0.10132647345793144]], "inverted": true, "swapped": false, "error_lsq": 0.024754610808057936, "error_max": 0.13061919212787096, "target": "356.xyz", "model": "11.xyz", "model_rescale": 3.890672605050136, "target_rescale": 4.160887549827494},
{"mapping": [10, 0, 11, 6, 8, 12, 4, 3, 5, 9, 7, 13], "R": [[-0.8708300866478388, -0.49158329487917374, 0.0009079563058072282], [0.4028967148712034, -0.7147793728655625, -0.5716333486352119], [0.2816543934237671, -0.49742970590993935, 0.8205086777989866]], "T": [0.016778083773654813, 0.051181101199932, -0.2295999939054323], "aligned_model": [[-0.4804470183055772, -0.23545898556833772, -0.10163781822970569, 0.4006693947907117, 0.39070213417501437, -0.05557795809101559, -0.6436759562648083, -0.31814605616373615, 0.551381510684029, 0.5610723292559542, 0.04094948148971678, -0.05155031908464614], [-0.6832785775987099, 0.5816159523751283, -0.32041971941832714, 0.21329015154106684, 0.6074931295868857, -0.453488117960391, 0.09452954156805171, 0.7147861478167887, -0.16638178805289822, -0.5021021238046471, 0.08256610374524484, 0.029755343531735652], [-0.11612452288259434, -0.29050868996540363, -0.6177400049373009, -0.6276030856831949, 0.0347648627634668, 0.313728386710619, 0.0005704158775481916, 0.3185946052962324, 0.2917806223344742, -0.28826738932050205, 0.6221011834003667, -0.0772140521870982]], "inverted": false, "swapped": false, "error_lsq": 0.04753948527951065, "error_max": 0.24364709138233476, "target": "356.xyz", "model": "12.xyz", "model_rescale": 4.124412569039231, "target_rescale": 4.160887549827494},
{"mapping": [11, 5, 10, 4, 0, 8, 9, 3, 1, 2, 6, 12], "R": [[-0.12511639373822153, -0.24118674846764154, -0.9623797797031841], [0.5115433153342366, 0.8154472208671231, -0.27086761806635995], [0.8500995968442759, -0.5261889226729238, 0.021351653367072496]], "T": [-0.07560569577474911, 0.17865654214443885, -0.026130195323086886], "aligned_model": [[-0.3078718604975709, -0.08516302739518086, -0.2518232462010175, 0.5103637907615547, 0.2676903479476292, -0.07867752125112897, -0.6278556989346827, -0.22639096245260454, 0.6022250810028233, 0.3637085007800885, -0.044288447044926016, -0.06363621802738487], [-0.7690454896160087, 0.630061571801791, -0.24584057631153597, 0.13714620911475614, 0.646379402205842, -0.4672631825533231, 0.02218357303539048, 0.6832408946971834, -0.05863931142857512, -0.524748060329774, 0.05097492430455142, 0.09391608840963059], [-0.22225808487111987, -0.6343144072889637, -0.6035029030620749, -0.5488087857107861, -0.03839991147992445, 0.286398833781495, 0.2552546229391005, 0.4549226191138962, 0.35740652369987747, -0.2598405193834353, 0.6298648116562825, -0.1126404679877343]], "inverted": true, "swapped": false, "error_lsq": 0.038165617452278, "error_max": 0.186306854376459, "target": "356.xyz", "model": "13.xyz", "model_rescale": 3.9028299243045295, "target_rescale": 4.160887549827494},
{"mapping": [7, 0, 4, 5, 8, 9, 3, 2, 12, 10, 1, 15], "R": [[0.8654759479902268, 0.42607524645107275, 0.26346018259326326], [0.409244858197507, -0.2980478059842218, -0.8623723971619766], [-0.28891180226726704, 0.8541822930204355, -0.4323223112459388]], "T": [0.06620470315366896, 0.0003769768765791992, 0.046609978196525764], "aligned_model": [[-0.3867703905084451, -0.30266511596419543, -0.12967161951863998, 0.3999478258805274, 0.3592241292354189, -0.11076788844365547, -0.534946034859906, -0.16742348812403024, 0.6825816798602508, 0.2269477254475169, -0.002594416419322218, 0.024418332102079332], [-0.7492451728204549, 0.5681839512753077, -0.06361424034911767, 0.12754698669709943, 0.6873648696677743, -0.6804424922383757, 0.06424574184470871, 0.6450341620288853, 0.200260826764501, -0.5830001627417403, 0.08512633921572424, -0.103094766014384], [-0.18470831559487827, -0.43166473952629525, -0.5990686293297384, -0.3201939889165992, -0.1500989708999979, 0.3722032962499213, -0.10579742413463053, 0.3149097199548816, 0.30031484236141026, -0.3883444973564468, 0.6871433360100713, 0.06938770258891504]], "inverted": false, "swapped": false, "error_lsq": 0.04494911428409929, "error_max": 0.20956080762248333, "target": "356.xyz", "model": "14.xyz", "model_rescale": 3.942246331269136, "target_rescale": 4.160887549827494},
{"mapping": [9, 4, 10, 11, 13, 7, 5, 12, 8, 6, 0, 14], "R": [[0.45806091692655687, -0.36690469766393696, -0.8096673015606703], [0.06120919276623511, 0.9216997886109495, -0.3830442982155424], [0.8868109331223359, 0.12589854052635635, 0.44465259066829416]], "T": [-0.10866102188904078, 0.07580284000742207, -0.04887805787974382], "aligned_model": [[-0.3449572435381113, -0.15975409818564434, -0.19905506371099912, 0.5007260550591462, 0.3178362746736927, 0.08249261639616146, -0.7082268173612362, -0.07849550840660695, 0.5605169461263385, 0.24897508446090758, -0.03824459274185418, -0.12353291408419548], [-0.663710449943824, 0.4153003045410246, -0.12575476101867225, 0.12102612100141633, 0.7579802150137357, -0.6622026438486214, -0.025722654608694107, 0.7965513077677446, -0.07149606014778512, -0.33894463173667555, -0.08622261566971609, 0.08156191197999535], [-0.2620598951741516, -0.5240569147877606, -0.7272614057847893, -0.42399573269823704, -0.16577087870074836, 0.3381461022159492, 0.13276166528636574, 0.3354238367034564, 0.31076733333730727, -0.16232557638565223, 0.6649193651241729, 0.04753443227070055]], "inverted": true, "swapped": false, "error_lsq": 0.051727285056058774, "error_max": 0.2942823764692703, "target": "356.xyz", "model": "15.xyz", "model_rescale": 4.355366556412066, "target_rescale": 4.160887549827494},
{"mapping": [7, 6, 3, 4, 2, 9, 10, 8, 0, 5, 1, 11], "R": [[-0.4759278848475405, -0.8790658867506768, 0.027125913363293785], [0.30376748953243216, -0.19324867197844198, -0.9329417254479149], [0.8253592919012365, -0.43577301147479885, 0.35900406925615047]], "T": [-0.008913558013486787, -0.015900167065058084, 0.008276737824270894], "aligned_model": [[-0.48130244265587596, -0.2951559148699058, -0.12223465100938462, 0.46567487762316667, 0.42098681275308414, -0.06584888241639708, -0.6241468644622367, -0.3128676204872359, 0.6802671000124616, 0.33925935763524667, 0.04220981607216985, 0.011439150492505913], [-0.7311371951080803, 0.5119703711278369, -0.22833092877247044, 0.28505190626982185, 0.6731359103786689, -0.5911294219440733, 0.09865576871865803, 0.6303342787357344, -0.0713303810368284, -0.5262463503940445, 0.0936882998626492, 0.05370378549205578], [-0.24813280794628195, -0.5534295653705003, -0.6025002347293242, -0.5194764217609034, 0.21110759578412108, 0.4728423181232004, 0.0831146613800804, 0.2858178785208141, 0.16912315702099878, -0.1763371183382469, 0.5374024619611155, -0.09544959323846049]], "inverted": false, "swapped": false, "error_lsq": 0.038765814315899975, "error_max": 0.20424849948893098, "target": "356.xyz", "model": "16.xyz", "model_rescale": 3.795458400668931, "target_rescale": 4.160887549827494},
{"mapping": [5, 0, 2, 4, 7, 9, 6, 3, 11, 10, 8, 12], "R": [[-0.618159074978185, -0.06268733536709149, -0.783549396022158], [-0.24927358311082057, 0.960997933353905, 0.11977333949012522], [0.7454810787573403, 0.26935714223702656, -0.609675890240622]], "T": [0.014414269696898695, 0.09372303057901446, -0.08891150755355062], "aligned_model": [[-0.48740218998033386, -0.35754856123864315, 0.04111084189965404, 0.5242075559709622, 0.2844012343347027, -0.09064735539832171, -0.5736295408502846, -0.37605581613910427, 0.6799287206833897, 0.26666566487218285, 0.04906213768725427, 0.09818804684614103], [-0.49560922290919185, 0.45564511488454407, -0.16618536166074918, 0.1554325992578165, 0.688567176049106, -0.6630320893878929, 0.05204817405103854, 0.6954681479689471, -0.07196601350858892, -0.5584685047341645, 0.12720879306709734, -0.02074276974803395], [-0.14760000574824939, -0.3746849226268698, -0.7471536857804785, -0.47852480659202146, -0.02151595078919291, 0.37393795217481196, 0.24251500653109428, 0.2823267750016194, 0.3411792101101718, -0.3123373295842362, 0.5858958733108325, -0.1799557846008688]], "inverted": true, "swapped": false, "error_lsq": 0.04959733153746473, "error_max": 0.27185583026739657, "target": "356.xyz", "model": "17.xyz", "model_rescale": 3.7474275329858107, "target_rescale": 4.160887549827494},
{"mapping": [7, 0, 1, 3, 8, 12, 9, 4, 10, 11, 5, 13], "R": [[-0.9081468210876551, -0.16257967252633515, -0.3857942475330812], [0.25594549002779204, -0.9448538941160414, -0.20431109834804886], [-0.33130236564627813, -0.28428677221246557, 0.8996775942870856]], "T": [-0.06682990057898583, -0.0037629840520497053, -0.08905619290957703], "aligned_model": [[-0.34985703129030554, -0.2664645834058501, -0.00509428649437127, 0.5157743465252927, 0.34285714898644826, -0.11679107398295721, -0.5922327185058788, -0.2930795413017396, 0.5314887096348095, 0.35571350042084804, 0.07679046240868898, -0.1408241943073858], [-0.6904346102006093, 0.670181074320576, -0.105316523325529, 0.09306578096988732, 0.5807015249435764, -0.5095091026204792, -0.06299420383487762, 0.6884009064930159, -0.08091018219128258, -0.5559826848494887, 0.12171384004546439, 0.04945022357967453], [-0.21474232245499456, -0.5419223876931151, -0.7705207990515998, -0.4233998227720547, -0.0029619982065002826, 0.4595435409753076, 0.3210263687455044, 0.30962421884769653, 0.2463577617115074, -0.28462494841191965, 0.6086892439224985, -0.14298652420571697]], "inverted": false, "swapped": false, "error_lsq": 0.04476653329511251, "error_max": 0.2646385778244721, "target": "356.xyz", "model": "18.xyz", "model_rescale": 3.922800546911778, "target_rescale": 4.160887549827494},
{"mapping": [0, 6, 1, 8, 4, 3, 2, 10, 13, 5, 7, 14], "R": [[-0.4891588353934117, -0.21977761831207868, 0.8440506100025232], [0.558639678932849, -0.8221260145431741, 0.10968375145462533], [0.669809930411878, 0.5251729378980099, 0.524926701951052]], "T": [0.06549802280589398, 0.012448108402393772, -0.010606029166233464], "aligned_model": [[-0.37349258179375777, -0.008657042093083822, -0.3322246285742644, 0.5127461750862496, 0.2596293149238009, -0.11305022526311936, -0.6456436192437999, -0.38308865624019384, 0.644206499609657, 0.2600741297825645, 0.17504891789065588, 0.06273245460289067], [-0.6854615309222035, 0.5022424644426101, -0.04646155629983864, 0.07541016005038399, 0.7097093059750705, -0.503928739355284, 0.033571869279189454, 0.6684098383834998, 0.23362312815193947, -0.621475971709619, -0.15776990198068014, -0.009503022685140314], [-0.1471784278708065, -0.4905750771829674, -0.632160023538125, -0.4233959567997727, -0.007959735094599355, 0.3219969139903708, 0.07282246990375565, 0.12754188955099818, 0.28602818385452017, -0.3885135832501086, 0.7622040700082083, 0.08327160783513955]], "inverted": false, "swapped": false, "error_lsq": 0.04832081159311321, "error_max": 0.26861381484703484, "target": "356.xyz", "model": "19.xyz", "model_rescale": 3.9282355846067225, "target_rescale": 4.160887549827494},
{"mapping": [8, 1, 3, 5, 2, 9, 11, 10, 7, 6, 12, 13], "R": [[-0.8113933075263552, -0.15824952793221386, 0.5626704074417572], [-0.2249826970487313, 0.9730391819602913, -0.05076944355344186], [-0.5394661124946778, -0.16778509254185486, -0.8251208858043776]], "T": [-0.015333442399458795, -0.09016502302767807, -0.0782537028266242], "aligned_model": [[-0.23051011952368003, -0.07764883166928219, -0.12885170322630293, 0.46564959671763456, 0.3629498757603733, -0.2816227910613188, -0.7105026326316001, -0.2837761965264175, 0.5232288847158383, 0.3988665780671802, 0.09045543374636164, -0.06995735568118694], [-0.8125428467946935, 0.5340816314729061, -0.00946695345685461, 0.1256921664777297, 0.640294149698003, -0.35749219734928983, -0.0382359645495938, 0.5914072540212703, -0.057352592023135744, -0.4579984724467201, -0.015126504522216297, 0.055106372802522646], [0.024171179304600388, -0.4880508513179128, -0.8178187744517975, -0.536239665569046, -0.03300617755972639, 0.5014453483165096, 0.08729490382267119, 0.37521301911282523, 0.23314915612516923, -0.4246363677955701, 0.7619678630069808, -0.1194073015880904]], "inverted": true, "swapped": false, "error_lsq": 0.05139714396087664, "error_max": 0.3212679328345046, "target": "356.xyz", "model": "20.xyz", "model_rescale": 4.067790424073018, "target_rescale": 4.160887549827494},
{"mapping": [2, 13, 6, 11, 10, 0, 8, 1, 12, 3, 7, 14], "R": [[-0.8268102343492151, 0.41048606821560285, -0.3845595196797131], [-0.03400850998191689, -0.7189155144990208, -0.6942650101088331], [-0.5614519192452778, -0.5609471194448757, 0.6083667245685701]], "T": [-0.10328826716838782, 0.014177532237152818, -0.07120969955982825], "aligned_model": [[-0.27907852673646105, -0.05167936590605307, -0.22118749817762842, 0.4045075927416365, 0.3502537803119776, -0.09031667608436653, -0.5738862424541243, -0.2840538836888583, 0.634511341754653, 0.426633011355129, -0.2087899097333245, -0.048632884694980325], [-0.6985924914309777, 0.6227598634386654, -0.24375315519737864, 0.11033722811325844, 0.6957482826796019, -0.5206131096350032, 0.030965827325641265, 0.6825532391921589, -0.037614967219089024, -0.6017974975435867, 0.08944453791818738, 0.06892828568844972], [-0.1927770041283437, -0.41339031347158217, -0.7546776465056607, -0.45970542865656083, -0.03884081230210201, 0.39600410236780664, 0.25038569146753176, 0.3691342654438819, 0.12874814842511764, -0.3232081477801265, 0.6635475654472608, -0.06113808890060947]], "inverted": true, "swapped": false, "error_lsq": 0.03750843585965296, "error_max": 0.24903487652446732, "target": "356.xyz", "model": "21.xyz", "model_rescale": 4.186013935880536, "target_rescale": 4.160887549827494},
{"mapping": [4, 5, 6, 0, 2, 10, 11, 8, 1, 7, 9, 12], "R": [[0.5314934281296688, 0.03093462695996435, 0.8464973624943082], [-0.7882559534132462, -0.3477920001354091, 0.5076349835761773], [0.31010850966000064, -0.9370612431941998, -0.16046475856023304]], "T": [-0.032857888910687014, 0.03186726638783706, -0.060042122813835794], "aligned_model": [[-0.4238028719328177, -0.18139005190565094, -0.002084843751726892, 0.5012506567297558, 0.1952311867385253, -0.1422807138055412, -0.6425370923466329, -0.24440180176088167, 0.6882688604448145, 0.33465352378951774, 0.04385506104790933, -0.06848117455967194], [-0.5639114818694864, 0.6231118571153013, -0.22472313707169778, 0.20017745677541648, 0.7365834531874952, -0.6529471589274235, 0.10743127424449246, 0.5631824855323883, 0.0029759334189515957, -0.6030801020588797, -0.01058239316116072, 0.02014785614453095], [-0.20084642723393642, -0.5363894820029119, -0.5530606149227143, -0.5163185546968766, -0.027643473196472604, 0.40402175308044774, 0.08674795970609785, 0.45046883842502217, 0.05939295652048067, -0.07008904863929087, 0.5545828929080725, -0.08678446854130528]], "inverted": true, "swapped": false, "error_lsq": 0.0422515062623626, "error_max": 0.23796648998769654, "target": "356.xyz", "model": "22.xyz", "model_rescale": 4.166573947596378, "target_rescale": 4.160887549827494},
{"mapping": [9, 13, 10, 7, 5, 3, 12, 6, 0, 8, 2, 15], "R": [[-0.9199009455958642, -0.2472589337515429, -0.30437685518430124], [-0.18414919934950014, 0.9576404949366883, -0.22139050304010913], [0.34622438197038197, -0.14760657890983261, -0.9264669315155087]], "T": [-0.09402337523567485, -0.08067460080775604, 0.03578783252825862], "aligned_model": [[-0.34430800638898246, -0.15305522489933288, -0.044097653931148326, 0.4019614855324784, 0.24719985690290713, -0.10714047430966998, -0.7066349105510935, -0.25038788708017307, 0.7081620706124115, 0.4118043133886118, -0.04916899806938198, -0.056053832519027486], [-0.5731963427244905, 0.49866069465482366, 0.021349391848135058, 0.13514212314869298, 0.6484508137874214, -0.5536599994966618, 0.13182750877325103, 0.5319203246453762, 0.06687014659992671, -0.6729457062616891, -0.008440892215687099, -0.027612019429170583], [-0.19922089801137974, -0.578784372385303, -0.7045092432317717, -0.43198541082766195, -0.17158819511634504, 0.40665088859483994, 0.13029346966871724, 0.4593267666436088, 0.07432120533579312, -0.18200203704003337, 0.7033053344569733, 0.058274823319175224]], "inverted": false, "swapped": false, "error_lsq": 0.04598491520692519, "error_max": 0.24915431909484975, "target": "356.xyz", "model": "23.xyz", "model_rescale": 4.274766983524099, "target_rescale": 4.160887549827494},
{"mapping": [2, 6, 5, 9, 10, 8, 3, 4, 1, 7, 11], "R": [[-0.5836314472153624, 0.549289647858571, -0.5980428216914814], [-0.6810196097023143, 0.07000936875495795, 0.7289108172385976], [0.4422517665563469, 0.8326941641694985, 0.3332173523930756]], "T": [-0.09492881814773257, 0.1218940302703253, -0.04604380726476793], "aligned_model": [[0.3334277140232017, 0.24453193085030894, -0.5466703660636445, -0.486877222299284, -0.4987114778879634, -0.5497221362639897, 0.0038337188924853494, 0.09732434165844228, 0.6136145707763621, 0.2258755856702016, -0.05673195539804532], [-0.24976114335173477, 0.6090228927735286, 0.4215653804442628, -0.34736983196827764, 0.5947424233739652, -0.14067182799101918, -0.5109218432228831, -0.01107628654186213, -0.09603799895130177, 0.6050265676746378, 0.04106819900416764], [-0.49717687457269594, -0.23920334557430303, -0.48758455299739156, -0.4644286008228377, 0.22783377235984187, 0.34071607761552763, 0.10753530447459567, 0.7301554028541712, 0.1762478718656706, 0.5504943985069581, -0.06502301968795962]], "inverted": false, "swapped": true, "error_lsq": 0.04485935731053671, "error_max": 0.2239037224454052, "target": "356.xyz", "model": "24.xyz", "model_rescale": 3.7841303162186577, "target_rescale": 4.160887549827494},
{"mapping": [13, 7, 11, 6, 1, 12, 9, 8, 4, 3, 2, 15], "R": [[-0.3876357035329343, 0.9165627409667645, -0.0982410465030725], [-0.01915338397470029, 0.09854235185605925, 0.9949485176495287], [0.9216136442288845, 0.3875592171038749, -0.020643255774873193]], "T": [-0.137368485491541, 0.11524676200791903, -0.05890358213642291], "aligned_model": [[-0.27881650492974885, -0.19372029630444032, -0.1614241024581853, 0.451809202915356, 0.2859116310773656, -0.27048026002755443, -0.55444415256077, -0.10137481574889165, 0.5673430790977267, 0.38843377162727977, 0.006858691511876236, -0.08181550551241445], [-0.6191621266357016, 0.4357102225974142, -0.20830602131747392, 0.06254392187743406, 0.7006990721783777, -0.5175133942577205, 0.020145361447363203, 0.5546088409105039, 0.08694023129489306, -0.4796384263038246, 0.06579101902994676, 0.0965473425087159], [-0.2883290370216447, -0.621871790781788, -0.7547214411034312, -0.4737752663578395, 0.11749349617466978, 0.3374141522014348, 0.3400253840672134, 0.3349532484501735, 0.18458090178707875, -0.19545205986212327, 0.6797070587477602, -0.09594231489489033]], "inverted": true, "swapped": false, "error_lsq": 0.04359256684453818, "error_max": 0.2625604498915568, "target": "356.xyz", "model": "25.xyz", "model_rescale": 4.19342608120988, "target_rescale": 4.160887549827494},
{"mapping": [7, 6, 3, 4, 2, 9, 10, 8, 0, 5, 1, 11], "R": [[-0.4759278848475405, -0.8790658867506768, 0.027125913363293785], [0.30376748953243216, -0.19324867197844198, -0.9329417254479149], [0.8253592919012365, -0.43577301147479885, 0.35900406925615047]], "T": [-0.008913558013486787, -0.015900167065058084, 0.008276737824270894], "aligned_model": [[-0.48130244265587596, -0.2951559148699058, -0.12223465100938462, 0.46567487762316667, 0.42098681275308414, -0.06584888241639708, -0.6241468644622367, -0.3128676204872359, 0.6802671000124616, 0.33925935763524667, 0.04220981607216985, 0.011439150492505913], [-0.7311371951080803, 0.5119703711278369, -0.22833092877247044, 0.28505190626982185, 0.6731359103786689, -0.5911294219440733, 0.09865576871865803, 0.6303342787357344, -0.0713303810368284, -0.5262463503940445, 0.0936882998626492, 0.05370378549205578], [-0.24813280794628195, -0.5534295653705003, -0.6025002347293242, -0.5194764217609034, 0.21110759578412108, 0.4728423181232004, 0.0831146613800804, 0.2858178785208141, 0.16912315702099878, -0.1763371183382469, 0.5374024619611155, -0.09544959323846049]], "inverted": false, "swapped": false, "error_lsq": 0.038765814315899975, "error_max": 0.20424849948893098, "target": "356.xyz", "model": "26.xyz", "model_rescale": 3.795458400668931, "target_rescale": 4.160887549827494},
{"mapping": [4, 0, 3, 7, 6, 11, 9, 1, 5, 10, 8, 12], "R": [[-0.9104530817474913, -0.2560380548573919, 0.32483796022223005], [0.3309615021638143, -0.9220145926901625, 0.20088199260228698], [0.2480719049428361, 0.29040248850730754, 0.92418976657762]], "T": [-0.149187275979411, 0.03424120453683814, 0.03696383982295641], "aligned_model": [[-0.29022240443943925, -0.16748999067846937, -0.26130733056272426, 0.4270594434393971, 0.37474009424753313, -0.18078731685185961, -0.5708926338383797, -0.29744224614102144, 0.5976472834824498, 0.28868510720577467, 0.15635744008855512, -0.018066707264216914], [-0.7530446189183664, 0.5962815530595806, -0.062333777250332775, 0.02071572531752955, 0.6344151625763643, -0.5490740703733913, -0.026338498649039387, 0.5486428515646419, 0.06974593002956825, -0.49219527233231414, 0.15018663217544098, 0.06136442613024615], [-0.20625068968403848, -0.575448479909422, -0.6863472447740513, -0.5357183394007081, 0.25255208276332086, 0.4496614521332258, -0.016599028195459706, 0.2894803341529147, 0.12549645043243057, -0.16006113416397827, 0.6880788791200224, -0.06076195106764333]], "inverted": false, "swapped": false, "error_lsq": 0.04067802089752729, "error_max": 0.23851327540703585, "target": "356.xyz", "model": "27.xyz", "model_rescale": 3.6321398670334006, "target_rescale": 4.160887549827494},
{"mapping": [11, 8, 0, 3, 7, 13, 9, 12, 4, 2, 6, 14], "R": [[0.043409598009232886, 0.7599803375638757, -0.6484947905087401], [-0.5158557594736412, -0.5388329420967446, -0.6659969188586683], [-0.8555749191149482, 0.3634404311956285, 0.36864971280849523]], "T": [-0.02078994221775167, 0.02225422706260926, -0.1381299076084756], "aligned_model": [[-0.34657480267126206, -0.1921580135650483, -0.07852717389494474, 0.46191419898600794, 0.3455832040223423, -0.12781083038349456, -0.5911351633267147, -0.25081296228114525, 0.6315003558823192, 0.216647125170374, -0.01497954178705356, 0.00463434253621885], [-0.5245631572260289, 0.4720228620013063, -0.155586994838256, 0.23791910310832318, 0.7027989965184829, -0.5767160968824293, -0.07614113099843989, 0.6880550887103108, 0.132159585657543, -0.7231545315422626, 0.050155386143863716, -0.028583067322485375], [-0.22404154452532105, -0.32620110408112046, -0.7334874523586097, -0.5763598167511319, -0.07882629486655857, 0.40616634669008295, 0.1959312297458045, 0.2946614436568234, 0.36077432319706787, -0.28453033574202374, 0.6384621356867954, -0.1084665992451961]], "inverted": true, "swapped": false, "error_lsq": 0.042804231722147985, "error_max": 0.22713191888217693, "target": "356.xyz", "model": "28.xyz", "model_rescale": 4.156811204709835, "target_rescale": 4.160887549827494},
{"mapping": [0, 6, 5, 10, 1, 2, 9, 3, 8, 11], "R": [[0.016990546650389682, 0.4700212549338385, 0.88249155306719], [0.9056096569235283, -0.38131716591356335, 0.1856565869192301], [0.4237717199287496, 0.7960384657100861, -0.4321345745234485]], "T": [-0.0026043445649383268, -0.03921648462140884, 0.039553665538111946], "aligned_model": [[-0.5059087862960573, 0.09240479649071424, 0.01684968856800892, 0.6142930355925798, -0.19144345535687193, -0.681948888426868, -0.4948454033331908, -0.34434973676847036, 0.2180228048717212, -0.08014868123097758], [-0.12734230704046168, -0.6029203622873245, 0.12810146716609452, 0.10301968210721207, -0.49785669981489944, -0.27940907767347156, 0.4713907353738528, 0.22071551252737295, 0.5363490273925082, -0.033327647124679144], [-0.6383911597241684, -0.21154380050686078, -0.639016756728548, -0.20710695762205616, 0.6336333211415563, 0.11660196285975742, -0.17458873183356072, 0.5389953095728726, 0.25264754858486316, 0.08755599123124415]], "inverted": false, "swapped": true, "error_lsq": 0.049105585669390536, "error_max": 0.2633529478252507, "target": "356.xyz", "model": "29.xyz", "model_rescale": 4.117894457231895, "target_rescale": 4.160887549827494},
