[{"mapping": [6, 7, 11, 8, 10, 12, 9, 5, 3, 1, 2, 13], "R": [[-0.8972660475363314, 0.3334980595663262, -0.28929687900844125], [-0.27559325695106357, 0.08882624424263813, 0.9571615616273211], [0.3449086787276229, 0.9385568403667633, 0.012209043333654968]], "T": [0.03360451559953983, 0.057574600560880033, 0.0791292666094888], "aligned_model": [[-0.720493062073278, -0.014965009474250841, 0.008741111533855955, -0.44354326952339534, 0.6286076009262861, 0.6023390519730129, 0.48074274231891506, -0.3364711160008299, -0.2934682632880838, 0.3069543726323237, -0.16671972038816749, 0.03961364766850315], [-0.04497819454395902, -0.5969433605457335, 0.14097209332972385, -0.23166589119081915, -0.19691673533971432, 0.12453868449758826, -0.5219463567002277, 0.6640995175525092, 0.16215790488328882, 0.48702335001844366, -0.39151449752198886, -0.05995313677771922], [0.15238260613627405, -0.29589302912560034, -0.6133218220468998, -0.4679073507263276, -0.6932918704943637, -0.005585823971668763, 0.04804811370860268, -0.1808184442969207, 0.4731927584042329, 0.35097065542374384, 0.6702700517603362, -0.03352499892558178]], "inverted": true, "swapped": false, "error_lsq": 0.05114500325491461, "error_max": 0.279156312173639, "target": "357.xyz", "model": "0.xyz", "model_rescale": 3.8414455957264533, "target_rescale": 3.7751042741254226},
{"mapping": [0, 2, 9, 7, 6, 10, 5, 13, 11, 12, 3, 14], "R": [[-0.8684610963648642, 0.09854067722233473, 0.4858652683957785], [-0.19636972471887365, -0.9682615462645294, -0.15462376673479594], [0.4552079253644119, -0.22969395498790657, 0.860247889696593]], "T": [-0.020152808855896605, -0.048707564556946956, -0.06395979917587227], "aligned_model": [[-0.7266904945310676, 0.06398904154843754, -0.12680061137164408, -0.5040799111665246, 0.5882759039602289, 0.6085062417274639, 0.43652837249214294, -0.34444227686287243, -0.23568172517841182, 0.28918537467156996, 0.04604510518306983, -0.003496934167500871], [-0.032395883563511196, -0.6716762332912444, 0.16263490638194072, -0.18769426691480828, -0.2698602740887283, 0.006357331765494856, -0.5127170692868589, 0.6230137750437553, 0.508405056888331, 0.5408402774957589, -0.5780527212601844, -0.05398152150855319], [0.09745828311700058, -0.45052792306140743, -0.7038584522370026, -0.46327453513242056, -0.500918783831534, 0.2008740274456838, 0.03831562849546247, -0.19987809634045758, 0.5438544943260053, 0.3089111892504174, 0.5094409536068308, 0.02412406020724925]], "inverted": true, "swapped": false, "error_lsq": 0.05190332355583472, "error_max": 0.2911386068532273, "target": "357.xyz", "model": "1.xyz", "model_rescale": 4.316132596720782, "target_rescale": 3.7751042741254226},
{"mapping": [4, 5, 1, 0, 9, 10, 7, 2, 6, 8, 3, 11], "R": [[0.6346768246816668, 0.6374746654642496, 0.43681961849628514], [0.7048652327671532, -0.24582897794644973, -0.665381933357009], [-0.31678120501081497, 0.7302014547322178, -0.6053556835934135]], "T": [0.04825247796915593, -0.045412375772441504, -0.08880081097363027], "aligned_model": [[-0.6697401362670409, -0.14981675810248468, 0.18089941674460558, -0.45442996023906473, 0.4782210805909621, 0.5630040758590559, 0.5884615810971203, -0.46854706329257895, -0.11294208694327154, 0.20022640167731337, -0.029630785663455193, -0.03436767915626988], [-0.08257070106338615, -0.6266570523665942, 0.2823776736936589, -0.11664257445710724, -0.3360988286288353, 0.17389015336408012, -0.727001886730097, 0.5947849993193591, 0.20692795016240279, 0.6914805464396974, -0.492146473039727, -0.03347042903205931], [0.1894717099489133, -0.2854809715642549, -0.5005722724778497, -0.5849365622542918, -0.6184987363209281, 0.2013250096170389, 0.12113009011037137, -0.24304398528688995, 0.6769906979563787, 0.05586730410116225, 0.38594106881351053, 0.006327493202666484]], "inverted": false, "swapped": false, "error_lsq": 0.048146152179956346, "error_max": 0.2643537839962965, "target": "357.xyz", "model": "2.xyz", "model_rescale": 3.795458400668931, "target_rescale": 3.7751042741254226},
{"mapping": [1, 6, 10, 2, 5, 5, 3, 0, 7, 4, 8, 11], "R": [[-0.44798155077018786, -0.7838330942278546, -0.43002117455158506], [-0.13554268751342707, -0.41588054707833133, 0.8992616696064974], [-0.8837084983359476, 0.46113886298490947, 0.08006396826169626]], "T": [-0.04636931293343486, -0.004954301671843693, -0.023049205063022153], "aligned_model": [[-0.6448717315394858, -0.11393242978194656, 0.14080764934262094, -0.43078088449312407, 0.6244217905368065, 0.6244217905368065, 0.4156148771720188, -0.5038525901032495, -0.07139102140208664, 0.2478347897199463, -0.1193483841701575, -0.0775857695132571], [-0.14727198452103282, -0.5810720994150335, 0.30471826789140066, -0.21999442275275405, -0.071210583604013, -0.071210583604013, -0.647904015587643, 0.629556820800136, 0.278038300142531, 0.5628797647931486, -0.6186616525185634, 0.11700556603722817], [0.1104025616199118, -0.12706749665712289, -0.6618593645418523, -0.6505129899872963, -0.22172989400617305, -0.22172989400617305, 0.07822418237992365, -0.005367837891455458, 0.6858876031502437, -0.06735667923325414, 0.4550724109610413, 0.03055824405803366]], "inverted": true, "swapped": false, "error_lsq": 0.05956365340210384, "error_max": 0.33178233458016837, "target": "357.xyz", "model": "3.xyz", "model_rescale": 3.7530521520055578, "target_rescale": 3.7751042741254226},
{"mapping": [8, 10, 5, 6, 9, 1, 7, 0, 3, 2, 11], "R": [[0.9193098605010782, 0.12012076849886455, -0.3747537609694269], [-0.10919591965339226, -0.8370225252595206, -0.536161863003352], [-0.378081514380878, 0.533820469056234, -0.7563663631468842]], "T": [-0.010294416586151017, -0.07746615474731866, -0.0053870685449820856], "aligned_model": [[-0.3429992627316425, -0.37751186233064904, 0.499334378791217, 0.40060876698698245, 0.23081177965195113, -0.03440793790793341, -0.3117521817334774, -0.6896966318292049, -0.30999386525768113, 0.3712672770209213, -0.09746085821527836], [-0.676205680554287, 0.08128444667868268, -0.22111475683346074, 0.4070867684931455, -0.7409003274658437, 0.6265191744339258, -0.4235715512681552, 0.028011489634135314, 0.27166350699524555, 0.19417948193669432, -0.07974919373573644], [-0.26905686462368944, -0.683499553033068, -0.1897368936491951, -0.5403233154164675, 0.1163428661147401, -0.11236128480939314, 0.5712026816983999, 0.1319087181907275, 0.5622406133454211, 0.46594132961692863, 0.04017247981091217]], "inverted": false, "swapped": true, "error_lsq": 0.06104913098058274, "error_max": 0.3598162010454206, "target": "357.xyz", "model": "4.xyz", "model_rescale": 3.7855080009869324, "target_rescale": 3.7751042741254226},
{"mapping": [9, 5, 1, 2, 4, 6, 7, 14, 15, 13, 10, 16], "R": [[-0.7563494206483188, 0.39483339484665214, 0.5215765947574913], [0.328277254494978, -0.4605655132881006, 0.8246899127253274], [0.5658353100206739, 0.7949754702401429, 0.21873363630285986]], "T": [0.035825446093539035, 0.026415654043497223, -0.07539217272734], "aligned_model": [[-0.6344111402162004, 0.007403946247128965, 0.15677714351699412, -0.5730658888033185, 0.5456767863443299, 0.6846113000983612, 0.5081829149331992, -0.4789975742277031, -0.29163039451529055, 0.3090215982050835, -0.12887325881743855, -0.013357346460254257], [-0.09887992825868966, -0.7683939796035234, 0.14493240212478076, 0.0640129979941087, -0.3126221486367118, 0.0844880256667856, -0.521776814222827, 0.46284281220515416, 0.2617663536663902, 0.6267971817367329, -0.4562604781950792, 0.04796695318427094], [0.1295418524526326, -0.22563567251243213, -0.8132460920799395, -0.49207366930965035, -0.49024848889427003, -0.03318336601306983, 0.11885743793732301, -0.028637580448899552, 0.6434268777464461, 0.22423012709625606, 0.44505221627319447, -0.07356279640176382]], "inverted": false, "swapped": false, "error_lsq": 0.04114571666689439, "error_max": 0.18455057691884785, "target": "357.xyz", "model": "5.xyz", "model_rescale": 4.2253639853439635, "target_rescale": 3.7751042741254226},
{"mapping": [5, 3, 4, 2, 0, 9, 7, 10, 8, 1, 11, 13], "R": [[0.8297616375307009, 0.17678823402238597, -0.5293784517654799], [-0.5508093675498765, 0.4123883273186708, -0.7256341420513607], [0.09002591572250464, 0.8936899841681988, 0.4395606291466168]], "T": [0.02204614658608216, -0.07888855676189499, 0.007446825526562825], "aligned_model": [[-0.5768839209983303, 0.033715229116537695, 0.0185318938217081, -0.5290835762309147, 0.773509960125932, 0.49420739588781615, 0.38620993016639843, -0.501267560711138, -0.07824591425811, 0.2712431685753823, -0.21835900853333529, 0.017760489342945242], [-0.07867366717830065, -0.5134667303746469, 0.1614456894209197, -0.11302284457654396, -0.14395378841373335, 0.13580169994617375, -0.7617662312482318, 0.4953951299803713, 0.39006646974834797, 0.5793201720877633, -0.501690174048002, -0.1145823476827253], [0.21244437286916684, -0.5529236913911677, -0.658239596406296, -0.37368634156898095, -0.26482381537479904, 0.32926707942279065, -0.16706402354452832, -0.06222013425847071, 0.5694855797429368, -0.20080277340713998, 0.6148988340222544, -0.04181464425993841]], "inverted": false, "swapped": false, "error_lsq": 0.06598990923621251, "error_max": 0.3812684352115168, "target": "357.xyz", "model": "6.xyz", "model_rescale": 3.89814844738969, "target_rescale": 3.7751042741254226},
{"mapping": [8, 6, 0, 3, 1, 2, 5, 7, 11, 4, 9, 12], "R": [[-0.44126600708776614, -0.6979878648424832, 0.5640011095037414], [-0.8969580465340553, 0.362248809687207, -0.253460179590431], [-0.02739660100507718, -0.6177286948271332, -0.7859139175765598]], "T": [0.0043636097988603755, 0.05605750782415727, -0.02556409940912229], "aligned_model": [[-0.5973854031856578, -0.18664284064177913, 0.11849980558190139, -0.5630338844756215, 0.597651272500245, 0.6958360565877484, 0.40847774303910034, -0.38089400965105796, -0.3675993499367029, 0.24538926948107675, -0.007648653411585364, 0.12868808041722476], [-0.1816091590613522, -0.5340425286437173, 0.09936253893803912, -0.05801232346666551, -0.3094376085323434, 0.20905281406887308, -0.6050335137055721, 0.5471880145679725, 0.2732624584443107, 0.6240912739626506, -0.6231500185783558, 0.09320142966755243], [0.1721717171199635, -0.2951458752739963, -0.6053123124815819, -0.5889734477077052, -0.5043330220009263, -0.023086980146630458, 0.02162734677656509, -0.22962799025535016, 0.6598598097404395, 0.1608227571166155, 0.5545037592465325, 0.08201508371190105]], "inverted": true, "swapped": false, "error_lsq": 0.04445015916930752, "error_max": 0.25258963813547725, "target": "357.xyz", "model": "7.xyz", "model_rescale": 3.7474275329858107, "target_rescale": 3.7751042741254226},
{"mapping": [4, 5, 3, 8, 6, 0, 7, 2, 12, 1, 11, 14], "R": [[0.9251422408581719, -0.27028699820746344, 0.26656476282494546], [-0.33080460408145446, -0.22952785589462896, 0.9153607361510144], [-0.1862260671829616, -0.935019733464708, -0.30175809837211326]], "T": [-0.0017941073727186516, -0.061881882888970674, 0.09990282699711867], "aligned_model": [[-0.765251321405435, 0.05408287378731287, 0.14879100097540485, -0.4956142928472373, 0.645949422206419, 0.5377694056564414, 0.30085784143409044, -0.42278469980224487, 0.04670964376656323, 0.10595683249993865, -0.020646362874269047, -0.044482257092092484], [0.09856949208339075, -0.5147990502174108, 0.05994614719052954, -0.18532895990428735, -0.27817363337435597, 0.2663020826204455, -0.6694069303320753, 0.5525660829089761, 0.06792329200464894, 0.6816156481955655, -0.523233056814391, -0.02110773669964422], [0.039783907708696976, -0.45215266526567105, -0.5904714144222327, -0.35409360410208185, -0.34796355593206857, -0.08819219637433423, 0.043398433037786455, -0.2922834989532492, 0.7011021462711935, 0.11997709604012294, 0.5161715411350032, 0.10924465670266106]], "inverted": true, "swapped": false, "error_lsq": 0.05706011393694496, "error_max": 0.319458845915139, "target": "357.xyz", "model": "8.xyz", "model_rescale": 4.019505241142653, "target_rescale": 3.7751042741254226},
{"mapping": [9, 0, 2, 1, 3, 5, 4, 10, 11, 6, 8, 12], "R": [[0.8360576069480455, -0.22456525114850898, -0.5005777919973227], [0.15946604919200077, 0.9724692954459097, -0.16992365512203092], [0.5249554809880568, 0.062240801662122, 0.848850885367421]], "T": [-0.04216655164497998, -0.037718412868389735, -0.0645513403101184], "aligned_model": [[-0.5935087356997982, -0.0020046794832734444, 0.2350329094432835, -0.585079722794571, 0.7264106749567021, 0.5708653489887276, 0.4202589174554744, -0.6326505635108187, -0.020048102079360197, 0.13244941668760288, -0.14558675263802603, -0.014800625021051138], [-0.11736654886062378, -0.5590109919963651, 0.1078182484716361, -0.02038271131270466, -0.24274688988538262, 0.0639058704662763, -0.7227995886926416, 0.6559341086068812, 0.15676407430200912, 0.6676570454390796, -0.42136660904500156, -0.03353262983177106], [0.3317036684217186, -0.4509282923163946, -0.56649924716404, -0.46611088037164367, -0.3896869706294149, 0.18919875916591544, 0.0019403080497045616, -0.15595467394523072, 0.5261574376556557, -0.06048140324679781, 0.48157616767962924, -0.03639402745327498]], "inverted": false, "swapped": false, "error_lsq": 0.05175093030840903, "error_max": 0.26144163596302916, "target": "357.xyz", "model": "9.xyz", "model_rescale": 3.877068213659057, "target_rescale": 3.7751042741254226},
{"mapping": [0, 3, 6, 12, 13, 2, 4, 11, 8, 9, 1, 15], "R": [[-0.5806844885680538, -0.27121525617847253, 0.7676247843526828], [-0.2102640753306724, 0.9608512014527298, 0.18042723545014594], [-0.7865078151943531, -0.05663261854170784, -0.6149782135615166]], "T": [0.07394417044732914, -0.02004683840628806, -0.10455239688306528], "aligned_model": [[-0.6713148451787525, 0.07358614140772678, 0.014578875198956828, -0.5815481165427319, 0.7153294806865149, 0.669221588211572, 0.40336143142895137, -0.47412950704142354, -0.07581162044801439, 0.3063870872173965, -0.2763860458112154, -0.011936382824089015], [-0.03255120176681679, -0.5712089715748084, -0.025241002093115004, -0.10075569181226485, -0.07256819388469486, 0.08971770421657572, -0.5690720302905202, 0.47113812665291005, 0.330740186529544, 0.5553952535997745, -0.5195062352234275, -0.02121456669176485], [0.17508786516584157, -0.4191656793499024, -0.7183547734738664, -0.4538533536409329, -0.5329271008418368, 0.16738858758274355, 0.1148702240766219, -0.04970852386654037, 0.5661521595634194, 0.1201295852400292, 0.512469207852729, -0.07756735246247877]], "inverted": false, "swapped": false, "error_lsq": 0.04371701964545191, "error_max": 0.20223297219810474, "target": "357.xyz", "model": "10.xyz", "model_rescale": 4.260839863003843, "target_rescale": 3.7751042741254226},
{"mapping": [1, 2, 5, 3, 4, 10, 9, 0, 7, 6, 8, 11], "R": [[0.22625615992274783, -0.7783824459877415, -0.5856013301514547], [-0.4159555614600529, -0.6208280220553074, 0.6644949495077801], [-0.8807889196552512, 0.09323805451121148, -0.4642386715941492]], "T": [0.019220345285857574, -0.07308162476066013, -0.02654426582681535], "aligned_model": [[-0.6817802242448631, -0.2456672071738919, 0.23426984378702204, -0.41703332295335827, 0.4888301598213779, 0.5777603037657741, 0.5786315533935869, -0.48253190071866725, -0.1426273135717498, 0.1870963645860793, 0.02537876965793455, -0.030988940044352695], [-0.2146422217093289, -0.6491126266474632, 0.27283756846340357, -0.020484443686751758, -0.3625620441808447, 0.08946835550942545, -0.6317881140065352, 0.64494215886567, 0.26601409696625267, 0.7477309283887698, -0.5541931159226653, -0.05333716437854079], [0.08217299154492687, -0.28803995519591113, -0.5657144868159834, -0.5839932275297444, -0.5079698233800571, 0.2078579754970438, 0.07660329970534405, 0.025617015133029997, 0.5105079254088792, -0.06314657983089952, 0.50647282014686, 0.004152891162338225]], "inverted": true, "swapped": false, "error_lsq": 0.05154393883160038, "error_max": 0.2632745845702507, "target": "357.xyz", "model": "11.xyz", "model_rescale": 3.890672605050136, "target_rescale": 3.7751042741254226},
{"mapping": [8, 4, 12, 7, 10, 11, 2, 5, 6, 9, 0, 13], "R": [[0.13520931769798727, -0.9871302718289608, 0.08539477060410039], [0.9545343894238122, 0.10666378301274539, -0.27836475495421553], [0.2656737469434179, 0.11914975380709833, 0.9566717286262583]], "T": [-0.008144561421965398, -0.060949821871895134, 0.12118470912281612], "aligned_model": [[-0.6996687829940185, 0.0658876029281826, 0.0518442873161849, -0.5496721035497435, 0.6290164704290149, 0.5322464755822408, 0.5449301148531489, -0.36231917068060404, -0.02608334476079047, 0.2204483742000958, -0.25619678431714316, -0.05909505270167646], [0.012850442051507018, -0.6621024034129657, 0.11785690589208236, -0.04351574781494622, -0.15569748696599087, 0.0031938245987012046, -0.4911903133849881, 0.5198754765490741, 0.1975827641606187, 0.6780631565035814, -0.5326335141951913, -0.10940972632009073], [0.3097021297028124, -0.2312239402790973, -0.5996215331354507, -0.537152700155455, -0.4989678558903211, 0.20258055446043716, 0.0004964512331692428, -0.25587563181181794, 0.6358665972374271, 0.03501334730407141, 0.37550562619461136, -0.03180219901455983]], "inverted": true, "swapped": false, "error_lsq": 0.04662756000713455, "error_max": 0.24689364974347253, "target": "357.xyz", "model": "12.xyz", "model_rescale": 4.124412569039231, "target_rescale": 3.7751042741254226},
{"mapping": [4, 1, 3, 0, 6, 9, 8, 5, 10, 7, 2, 12], "R": [[0.4286110799633096, -0.45765919094830987, 0.7789997478004881], [-0.015997629692350385, 0.8582332201034604, 0.5130105415633017], [-0.9033474514144114, -0.23234415174775558, 0.3605268050668412]], "T": [0.03399302971270512, 0.031021172892304695, -0.10705288976153576], "aligned_model": [[-0.6819055327908119, -0.11061396154164899, 0.2534536650960682, -0.3822147322160511, 0.466793864602064, 0.6487410498406296, 0.46618350303743544, -0.50229957478806, -0.047995247681359966, 0.13740407706295887, -0.15904096223747108, 0.002831937921138547], [-0.16391996867993083, -0.7479530763839184, 0.19674760461727603, 0.05524385398302254, -0.35940862037513543, 0.20258150620518617, -0.4657967595056539, 0.5634524402348309, 0.18178952207996998, 0.6155612965001254, -0.5585425349261968, 0.01511811391181601], [0.15326125752485048, -0.29454218533235177, -0.7651753366593497, -0.5107257201886759, -0.435474613513631, -0.07109185831411946, 0.17804263407846693, -0.05554495846906508, 0.6106911450800583, 0.09468127614627822, 0.4909003074236628, 0.009498898069703166]], "inverted": true, "swapped": false, "error_lsq": 0.04909325520346288, "error_max": 0.27681335973055027, "target": "357.xyz", "model": "13.xyz", "model_rescale": 3.9028299243045295, "target_rescale": 3.7751042741254226},
{"mapping": [6, 11, 14, 9, 13, 5, 12, 7, 3, 4, 2, 15], "R": [[0.9599008490519721, -0.25914156072436356, 0.10693928882615722], [-0.2684787691003858, -0.7399905327868067, 0.6167115710996834], [-0.08068153773723602, -0.6206928893512792, -0.779891547958507]], "T": [0.06758119291547576, -0.0655819622896335, 0.10120412628122122], "aligned_model": [[-0.5929821258894472, -0.14188887006400502, 0.10135102748840162, -0.49955576695691056, 0.6732468490254886, 0.5653258503569907, 0.46623773243365896, -0.42868099834174056, -0.2752175243668218, 0.24862123815488496, -0.00991346892379677, -0.015205856611811147], [-0.12778218155723953, -0.5585487697644661, -0.113022798943856, 0.02195747576052487, -0.09947995766445042, 0.05350702380962276, -0.5955038018701074, 0.6145447520899744, 0.2642148852486613, 0.5670063459347693, -0.4674067701569863, -0.0246128252250552], [0.16597678117296052, -0.40767965984422605, -0.7817792360045116, -0.4198889287446851, -0.4132581082060447, 0.08816944049931977, -0.10973685218413043, -0.23313020601648887, 0.5042084984926967, 0.26374583846676836, 0.7133161836077915, 0.034577094606376826]], "inverted": false, "swapped": false, "error_lsq": 0.04301462769372396, "error_max": 0.2322066958367475, "target": "357.xyz", "model": "14.xyz", "model_rescale": 3.942246331269136, "target_rescale": 3.7751042741254226},
{"mapping": [12, 0, 5, 1, 9, 6, 7, 3, 13, 4, 8, 14], "R": [[-0.4772871140745936, -0.8759823732347285, -0.06965552756529189], [-0.8398607413059007, 0.4780500053888726, -0.2571033402365712], [0.25851681947496, -0.06421116826341175, -0.9638703128112199]], "T": [0.11138790360037173, 0.055487394638545746, -0.01812117691551112], "aligned_model": [[-0.6845098878093971, -0.14912858122939668, -0.00435822396483225, -0.5788230290557907, 0.7930724722640905, 0.5682722540337465, 0.5210610599371316, -0.3476403715620675, -0.30724986513514807, 0.0965358057635526, 0.13417703959118538, 0.04992941347181775], [0.08934356628889426, -0.6185902752719757, 0.07186600582437816, -0.007186147460352003, -0.051688581604706026, -0.18201090201750408, -0.6809137978950854, 0.5165961334137386, 0.33146975917686955, 0.6186759829340319, -0.5391912320105553, -0.013497133716341654], [0.1648452774770437, -0.15401797205138099, -0.6419113124886837, -0.43802870404893446, -0.4328280192685492, 0.20014617921675434, -0.16255350273338975, -0.3234401971667783, 0.6218053810247712, 0.14393438801882752, 0.4765291162971005, -0.04995978843095388]], "inverted": true, "swapped": false, "error_lsq": 0.05615382702642314, "error_max": 0.3177625206845671, "target": "357.xyz", "model": "15.xyz", "model_rescale": 4.355366556412066, "target_rescale": 3.7751042741254226},
{"mapping": [4, 5, 1, 0, 9, 10, 7, 2, 6, 8, 3, 11], "R": [[0.6346768246816668, 0.6374746654642496, 0.43681961849628514], [0.7048652327671532, -0.24582897794644973, -0.665381933357009], [-0.31678120501081497, 0.7302014547322178, -0.6053556835934135]], "T": [0.04825247796915593, -0.045412375772441504, -0.08880081097363027], "aligned_model": [[-0.6697401362670409, -0.14981675810248468, 0.18089941674460558, -0.45442996023906473, 0.4782210805909621, 0.5630040758590559, 0.5884615810971203, -0.46854706329257895, -0.11294208694327154, 0.20022640167731337, -0.029630785663455193, -0.03436767915626988], [-0.08257070106338615, -0.6266570523665942, 0.2823776736936589, -0.11664257445710724, -0.3360988286288353, 0.17389015336408012, -0.727001886730097, 0.5947849993193591, 0.20692795016240279, 0.6914805464396974, -0.492146473039727, -0.03347042903205931], [0.1894717099489133, -0.2854809715642549, -0.5005722724778497, -0.5849365622542918, -0.6184987363209281, 0.2013250096170389, 0.12113009011037137, -0.24304398528688995, 0.6769906979563787, 0.05586730410116225, 0.38594106881351053, 0.006327493202666484]], "inverted": false, "swapped": false, "error_lsq": 0.048146152179956346, "error_max": 0.2643537839962965, "target": "357.xyz", "model": "16.xyz", "model_rescale": 3.795458400668931, "target_rescale": 3.7751042741254226},
{"mapping": [8, 6, 0, 3, 1, 2, 5, 7, 11, 4, 9, 12], "R": [[-0.44126600708776614, -0.6979878648424832, 0.5640011095037414], [-0.8969580465340553, 0.362248809687207, -0.253460179590431], [-0.02739660100507718, -0.6177286948271332, -0.7859139175765598]], "T": [0.0043636097988603755, 0.05605750782415727, -0.02556409940912229], "aligned_model": [[-0.5973854031856578, -0.18664284064177913, 0.11849980558190139, -0.5630338844756215, 0.597651272500245, 0.6958360565877484, 0.40847774303910034, -0.38089400965105796, -0.3675993499367029, 0.24538926948107675, -0.007648653411585364, 0.12868808041722476], [-0.1816091590613522, -0.5340425286437173, 0.09936253893803912, -0.05801232346666551, -0.3094376085323434, 0.20905281406887308, -0.6050335137055721, 0.5471880145679725, 0.2732624584443107, 0.6240912739626506, -0.6231500185783558, 0.09320142966755243], [0.1721717171199635, -0.2951458752739963, -0.6053123124815819, -0.5889734477077052, -0.5043330220009263, -0.023086980146630458, 0.02162734677656509, -0.22962799025535016, 0.6598598097404395, 0.1608227571166155, 0.5545037592465325, 0.08201508371190105]], "inverted": true, "swapped": false, "error_lsq": 0.04445015916930752, "error_max": 0.25258963813547725, "target": "357.xyz", "model": "17.xyz", "model_rescale": 3.7474275329858107, "target_rescale": 3.7751042741254226},
{"mapping": [2, 9, 4, 6, 5, 10, 12, 0, 1, 3, 7, 13], "R": [[0.9624583992091938, 0.09171667402440024, -0.25546405128232497], [0.16245819266050804, 0.5593295103312678, 0.8128701215508328], [0.21744232667343702, -0.823855904013855, 0.5234312600450571]], "T": [0.07808533321539082, 0.00381749627998363, 0.038204489356902994], "aligned_model": [[-0.6251713580996076, -0.08894319798271705, -0.018243432384690783, -0.4683338808806614, 0.5660648459552752, 0.7601338128632112, 0.4610699273675235, -0.48279320902677103, -0.2432900052083525, 0.3258932304468571, -0.07237613763493844, -0.022672509110236633], [-0.06710378670067393, -0.5375427044005767, 0.1241712457972804, -0.2047828995325998, -0.1967323466205547, 0.10984853765966507, -0.6384506231330899, 0.5684843158616714, 0.3249187173766681, 0.5620378065487432, -0.5356517386149827, 0.025676853419841286], [0.1032653958272339, -0.317821870258479, -0.7775537872886349, -0.46469781606018123, -0.45664467183164353, 0.040785213575699704, 0.04537294394768535, -0.21813324586106755, 0.5598656001107327, 0.334127642527457, 0.541944077266859, 0.014011363890165746]], "inverted": true, "swapped": false, "error_lsq": 0.04116555435422985, "error_max": 0.21548285597403177, "target": "357.xyz", "model": "18.xyz", "model_rescale": 3.922800546911778, "target_rescale": 3.7751042741254226},
{"mapping": [6, 8, 13, 4, 12, 3, 5, 10, 2, 9, 1, 14], "R": [[-0.2757382360626153, 0.9333697415695823, 0.2297593321182168], [0.9610314951291161, 0.2627982765608102, 0.08576439358244031], [0.019669533369484057, 0.244454477068839, -0.9694612514680653]], "T": [0.04851103674802377, -0.06179004558947711, -0.07723718427497643], "aligned_model": [[-0.6041188837027194, -0.12848918642038124, 0.048263188091056265, -0.5512273221478556, 0.7177804432007329, 0.630918847120152, 0.47966382704057076, -0.5359666131549654, -0.02282138507856781, 0.16221737953387658, -0.21272429287137612, 0.10784208469436879], [-0.2630842352471171, -0.5859754121985441, -0.007093793528269138, 0.08223017385079219, -0.24643500442318772, 0.12398951985201821, -0.6721819637913777, 0.4733524910149155, 0.3380593960671923, 0.6961389456100137, -0.41396020218017976, 0.00983346263513557], [0.019316469491427082, -0.3385631807867505, -0.7619429644475154, -0.455970885380937, -0.4468298591621409, 0.11100823815812742, 0.07788437387369058, 0.07312567531408999, 0.5128145697186789, 0.19727638155478744, 0.5191815505928756, -0.10277952308050628]], "inverted": false, "swapped": false, "error_lsq": 0.04644206786873135, "error_max": 0.2414698489834847, "target": "357.xyz", "model": "19.xyz", "model_rescale": 3.9282355846067225, "target_rescale": 3.7751042741254226},
{"mapping": [3, 2, 7, 5, 12, 9, 10, 6, 4, 8, 0, 13], "R": [[0.2456988368657435, 0.2136834000763578, 0.9455006536722372], [-0.11972975819312706, 0.9746211973084691, -0.18915154442938467], [-0.9619235242813411, -0.06673025017796172, 0.2650475563844167]], "T": [0.004669547455565799, 0.01838648024696439, -0.04650483440137975], "aligned_model": [[-0.6713675060011981, -0.14189039464729875, 0.13567820623616683, -0.59607427857488, 0.7621976900359835, 0.662093159967224, 0.44370427125601275, -0.4091775045382264, -0.128845939790798, 0.24171730461260757, -0.1734520545319579, -0.0332448677187438], [-0.03739792416918192, -0.6417618179720116, 0.0563408923053746, -0.08939231905050717, -0.08622671819118637, 0.20500879723580462, -0.7226875897179036, 0.46817911907982157, 0.24621845562656747, 0.688808597575508, -0.4209465041765586, -0.13126961088433503], [0.27940477226738525, -0.5170796085757637, -0.6543649912708944, -0.38588771280995326, -0.41799041578882445, 0.060224401291670566, -0.029414395125684688, -0.27728883225410444, 0.5276328238303425, 0.22361388866630083, 0.5980540937811079, -0.0023831781657548956]], "inverted": false, "swapped": false, "error_lsq": 0.04517869905575677, "error_max": 0.24433626230717098, "target": "357.xyz", "model": "20.xyz", "model_rescale": 4.067790424073018, "target_rescale": 3.7751042741254226},
{"mapping": [11, 6, 5, 13, 4, 8, 2, 10, 12, 7, 3, 14], "R": [[-0.31725492229690616, 0.18961670632662556, -0.9291904104973463], [0.48154111664422683, 0.8763050093017692, 0.014411233592507122], [0.8169868219619063, -0.44287135305240605, -0.36932031813334604]], "T": [0.05353375688672503, 0.018155073532489914, -0.03942605510282429], "aligned_model": [[-0.5423370153669237, -0.06753220011083136, 0.16649833242612952, -0.4675429067871396, 0.5982525540163232, 0.5317576614726554, 0.4864834538116137, -0.6009522224439274, -0.3354667090811053, 0.45063630747978883, -0.12039573702281219, -0.008063432088879247], [-0.18899637498947566, -0.6710853957827495, 0.09652498804724749, 0.16216504919242222, -0.37023733350909455, 0.2506916819897618, -0.548975803794342, 0.5098412479806516, 0.16720343678079944, 0.6163053896556301, -0.5526442987911894, 0.06408079088173009], [0.10220216993809042, -0.2799411527780976, -0.6135020797110966, -0.484244830068695, -0.48090681905795607, -0.2453302064325874, 0.17185352141624538, -0.07377180112467627, 0.6035957872847407, 0.16352645373374325, 0.5669415102847765, -0.025901707638660055]], "inverted": false, "swapped": false, "error_lsq": 0.05237219721769234, "error_max": 0.3192617543496906, "target": "357.xyz", "model": "21.xyz", "model_rescale": 4.186013935880536, "target_rescale": 3.7751042741254226},
{"mapping": [9, 11, 5, 8, 3, 6, 4, 2, 1, 0, 10, 12], "R": [[0.0002453796803292274, 0.9863245932887654, -0.1648142483602809], [-0.14880290386330766, 0.1630153693492899, 0.9753377287677136], [0.98886684421648, 0.024285510693960122, 0.146807964292384]], "T": [-0.013333784228885759, -0.04374866569023332, 0.012943643168767179], "aligned_model": [[-0.5553275724557308, -0.11099107932278143, 0.178066402910436, -0.6754157796341118, 0.7042608895430522, 0.5354472756660028, 0.40996763645382506, -0.3680911254737287, -0.18673102055672935, 0.266275690877781, -0.12567804365073937, 0.019554811947616275], [-0.22812547423568535, -0.5121471340023275, 0.34247911490041777, -0.08891974923690187, -0.19368316871269337, 0.012011105985064038, -0.6186136568201971, 0.5077841229372432, 0.43972929933423704, 0.613371093538927, -0.6714816950587856, -0.0675304809679062], [0.25314915149952893, -0.3994056096615093, -0.6294992305390112, -0.3708207836285461, -0.5482302903974154, 0.08766342087558357, 0.14696714106973674, -0.33297255299250106, 0.53381377256957, 0.12157423033258691, 0.5511159611605059, -0.008834364442702032]], "inverted": true, "swapped": false, "error_lsq": 0.051654795605334224, "error_max": 0.275118203139261, "target": "357.xyz", "model": "22.xyz", "model_rescale": 4.166573947596378, "target_rescale": 3.7751042741254226},
{"mapping": [1, 13, 12, 6, 14, 9, 10, 2, 4, 3, 0, 15], "R": [[-0.23693125137863094, 0.43380678979365606, -0.8692958364383664], [-0.6647386294371003, 0.5801486649703497, 0.47069106754558965], [0.7085097999705027, 0.6893759465357375, 0.15091278171087621]], "T": [0.08865884792991606, 0.0049111138015160635, -0.023296997343516434], "aligned_model": [[-0.6033068848366205, 0.13856008609822995, 0.1178053816129851, -0.5310184456450094, 0.5631327838973967, 0.658415806645714, 0.49153736932988523, -0.4153364583678245, -0.1767674241709397, 0.157225179850278, -0.3339218004557218, 0.02501249234651866], [-0.08448439961055917, -0.7704002520156763, 0.15300074417660833, 0.022644237327571308, -0.3100982630595749, 0.19210254035124727, -0.6264442710598259, 0.450778369592778, 0.28064463703930725, 0.5593979948199977, -0.31130830733536535, -0.020959652565116484], [0.12261711344020125, -0.35977179782595003, -0.6609499563885187, -0.4646508464538751, -0.5724976344492652, 0.004730562366441492, -0.02782558489815441, -0.022696470818011, 0.603897893903304, 0.19867058795093004, 0.599749257876627, -0.016752278857902616]], "inverted": true, "swapped": false, "error_lsq": 0.0460678968432724, "error_max": 0.3292692471570589, "target": "357.xyz", "model": "23.xyz", "model_rescale": 4.274766983524099, "target_rescale": 3.7751042741254226},
{"mapping": [10, 5, 4, 1, 2, 3, 0, 7, 8, 9, 11], "R": [[0.08260803011370912, 0.2850597972774114, 0.9549433623712422], [0.8595717472589093, 0.46450050017058364, -0.21301571926865737], [-0.5042938872076463, 0.8384391434787852, -0.2066578767130904]], "T": [-0.006780269592654986, 0.09847221029015249, -0.009950744297865695], "aligned_model": [[0.371364907772221, 0.08697029609207454, -0.5023126254501508, -0.47124455923025177, -0.5910691582783938, -0.539099593759579, -0.0011890178677913393, -0.01593468922188132, 0.689001335983145, 0.3642612149898466, -0.01085340707116391], [-0.3570250179313227, 0.6077307642608849, 0.7005256453742199, -0.19223053980062868, 0.391282764824191, -0.25990534813596744, -0.5578616572740976, -0.004621537699159933, -0.011125761201486548, 0.5763746923056594, 0.022442526521191594], [-0.529003195837279, -0.2249108443547737, -0.42921958151255546, -0.46534631223792117, 0.11004763312235688, 0.3394975755232079, 0.23653988187097894, 0.7197131135716056, 0.1963973542243051, 0.373497701767067, 0.052353107884585554]], "inverted": false, "swapped": true, "error_lsq": 0.04720497808313737, "error_max": 0.21145152352398683, "target": "357.xyz", "model": "24.xyz", "model_rescale": 3.7841303162186577, "target_rescale": 3.7751042741254226},
{"mapping": [6, 11, 12, 3, 14, 9, 10, 4, 1, 2, 7, 15], "R": [[0.7430737132512102, -0.6452656360063496, 0.17740833031281222], [0.6599639260892367, 0.7505027673117748, -0.0345429083640731], [-0.11085609110887429, 0.14275102537876777, 0.9835309206208882]], "T": [0.055754525491047126, -0.045307461389520534, 0.042477928134863806], "aligned_model": [[-0.6567240412117867, -0.2545600075479848, 0.28353960167737124, -0.5334116060213114, 0.6423539235678418, 0.5924152429394536, 0.5586420755749627, -0.4741301887995541, -0.19006138705968725, 0.23992127537350635, -0.10476362631372599, -0.011883175874193776], [-0.16347507088047808, -0.6906046324961367, 0.23628800205019773, 0.04475542244158705, -0.250815023181845, 0.12947377977613123, -0.6221954558913526, 0.4798865390683988, 0.31351029905983135, 0.6807722580081881, -0.5677741811598681, -0.05494855913326172], [0.06338630682134189, -0.23451308382987893, -0.6238477133236476, -0.4995311438076067, -0.4504386474970353, -0.11110429938668134, 0.18233306407005279, 0.052367028322966476, 0.6456866363993957, -0.04517979967220529, 0.3947108195204529, 0.03065167822867215]], "inverted": true, "swapped": false, "error_lsq": 0.04621859560905206, "error_max": 0.2208725101136025, "target": "357.xyz", "model": "25.xyz", "model_rescale": 4.19342608120988, "target_rescale": 3.7751042741254226},
{"mapping": [4, 5, 1, 0, 9, 10, 7, 2, 6, 8, 3, 11], "R": [[0.6346768246816668, 0.6374746654642496, 0.43681961849628514], [0.7048652327671532, -0.24582897794644973, -0.665381933357009], [-0.31678120501081497, 0.7302014547322178, -0.6053556835934135]], "T": [0.04825247796915593, -0.045412375772441504, -0.08880081097363027], "aligned_model": [[-0.6697401362670409, -0.14981675810248468, 0.18089941674460558, -0.45442996023906473, 0.4782210805909621, 0.5630040758590559, 0.5884615810971203, -0.46854706329257895, -0.11294208694327154, 0.20022640167731337, -0.029630785663455193, -0.03436767915626988], [-0.08257070106338615, -0.6266570523665942, 0.2823776736936589, -0.11664257445710724, -0.3360988286288353, 0.17389015336408012, -0.727001886730097, 0.5947849993193591, 0.20692795016240279, 0.6914805464396974, -0.492146473039727, -0.03347042903205931], [0.1894717099489133, -0.2854809715642549, -0.5005722724778497, -0.5849365622542918, -0.6184987363209281, 0.2013250096170389, 0.12113009011037137, -0.24304398528688995, 0.6769906979563787, 0.05586730410116225, 0.38594106881351053, 0.006327493202666484]], "inverted": false, "swapped": false, "error_lsq": 0.048146152179956346, "error_max": 0.2643537839962965, "target": "357.xyz", "model": "26.xyz", "model_rescale": 3.795458400668931, "target_rescale": 3.7751042741254226},
{"mapping": [10, 3, 9, 4, 2, 1, 0, 11, 5, 8, 7, 12], "R": [[0.6403136822436224, -0.7420681124835523, 0.19832625838933002], [0.2091255714900961, 0.4168651341320859, 0.8845846230259594], [-0.739097343846231, -0.5249365450986775, 0.4221098671427974]], "T": [0.06913476334850688, 0.0770782890527521, -0.08480126677243283], "aligned_model": [[-0.5924024059427199, -0.07601536261575076, 0.14420473152180346, -0.6521930827988345, 0.6653890777424218, 0.6312801447464486, 0.5236400239691843, -0.41417833649868835, -0.13179835627605696, 0.15972169366493422, -0.20537513407535046, 0.03906509286750009], [-0.04999548923491132, -0.6249620368036373, 0.03647948605623913, -0.05422670037795191, -0.3271024405178639, 0.2579342818516288, -0.6065633231313228, 0.5663227797065513, 0.1525780979198738, 0.7030560674388633, -0.493920971858181, -0.02472637338789653], [0.14737809714064254, -0.2612874720460228, -0.5056225200250684, -0.48643333815073436, -0.5907198810866415, -0.044343256528176916, 0.046850950267019575, -0.28132828174577895, 0.6368538642833944, 0.27671987939858683, 0.4239346754263932, 0.04251812891221343]], "inverted": false, "swapped": false, "error_lsq": 0.04130806091372437, "error_max": 0.20359088068017142, "target": "357.xyz", "model": "27.xyz", "model_rescale": 3.6321398670334006, "target_rescale": 3.7751042741254226},
{"mapping": [9, 11, 1, 13, 5, 3, 0, 6, 12, 7, 10, 14], "R": [[-0.5692861719643686, -0.05034015917866941, 0.820596808904362], [0.7838070102733521, -0.33445512718801196, 0.5232459637149633], [0.24811252498917752, 0.9410662231062794, 0.22985764871323677]], "T": [0.03283067497049384, -0.016667477317788504, -0.00029863322772644835], "aligned_model": [[-0.5864606421760157, -0.21821690568792695, 0.24674714949968218, -0.5858667956307508, 0.6526090968348255, 0.7067786366455412, 0.41751733899118837, -0.5563866556150004, -0.28758147306040277, 0.35874062153750946, -0.07014967525964137, 0.013607390225883271], [-0.1919118598313348, -0.5635259728749903, 0.16841729155946425, -0.09333321622566737, -0.31720330901278065, 0.11426705258851011, -0.5075786482150826, 0.4679443466762442, 0.4952319520678168, 0.6135257314127217, -0.6371837766073597, -0.013776213876149924], [0.1795341561200911, -0.22490213832321887, -0.6063106515911926, -0.5273784528598019, -0.5457546289116684, -0.014802901376055645, 0.020536122175774475, -0.14822346050039062, 0.5643293508900182, 0.3119938745314023, 0.45689520179092374, -0.06139562610005551]], "inverted": false, "swapped": false, "error_lsq": 0.046612863586298875, "error_max": 0.24213406384620523, "target": "357.xyz", "model": "28.xyz", "model_rescale": 4.156811204709835, "target_rescale": 3.7751042741254226},
{"mapping": [4, 1, 6, 10, 7, 2, 5, 9, 8, 11], "R": [[-0.559927641513358, -0.4927111065968943, 0.6661207110617058], [0.6103251541438586, 0.29844667968635075, 0.7337797936734618], [-0.5603429686259691, 0.8174138149188921, 0.13360543660786972]], "T": [-0.06705139312499521, -0.06407810352868928, 0.07968895683746384], "aligned_model": [[-0.6901963010031293, 0.09414101066868509, -0.05208130770227114, 0.6303101710672382, -0.17916493326695498, -0.6113300267121293, -0.40114184003093245, -0.41042232340732876, 0.283633495648001, -0.0208225711505899], [-0.08553356584777297, -0.5045706185615003, 0.05934231882105806, 0.12980449173690456, -0.27663770780151664, -0.4293325604395055, 0.3174494494431819, 0.40824330571596257, 0.4190155006832593, -0.11906028312386693], [-0.5488308114910984, -0.4565979455922245, -0.7414888837048955, -0.23012281758577297, 0.7763742792768044, -0.029311444991794805, -0.1593959393490817, 0.4945433493579858, 0.506706490590138, 0.1469104504650391]], "inverted": false, "swapped": true, "error_lsq": 0.05487398740494807, "error_max": 0.28559781278945, "target": "357.xyz", "model": "29.xyz", "model_rescale": 4.117894457231895, "target_rescale": 3.7751042741254226},
