[{"mapping": [1, 3, 6, 0, 2, 7, 4, 8, 11, 9, 12, 5, 13], "R": [[-0.9604470307439382, 0.049145437336196134, -0.2740916400114868], [0.09249124435785963, -0.8721187873847921, -0.480472882073083], [-0.2626535186367911, -0.48681982979282384, 0.8330783771459915]], "T": [0.01700306156759137, -0.10424554089492014, 0.03668316455414465], "aligned_model": [[0.2031827553913377, -0.4091368155206616, -0.7268359973846049, 0.27681871640363737, -0.34834849914779886, 0.07429817206594672, -0.5263754820602935, -0.2839742340947744, 0.1935200075128232, 0.4501991514297917, 0.5864322052898242, -0.2582694275131525, 0.05446747875594844], [-0.6255867946926024, -0.3985948111173875, 0.0725150531590528, -0.5872516367580269, -0.2729108631197108, 0.5727585746457747, 0.47758910029562796, 0.6041314758445472, 0.4034195308539418, 0.14156206413958447, -0.20836108034749257, -0.15270978650841135, 0.04977172543005329], [0.19973080213080036, -0.0337697847981845, 0.039013605381693225, -0.5060998228743695, -0.6185484674442958, -0.29464323090720673, -0.4921007565767699, 0.17156756422201414, 0.4818570446995005, -0.5005904536326484, 0.04217977240538162, 0.7397319068857162, -0.0009328077703635168]], "inverted": true, "swapped": false, "error_lsq": 0.04803678315416688, "error_max": 0.26596407487941753, "target": "358.xyz", "model": "0.xyz", "model_rescale": 3.8414455957264533, "target_rescale": 3.6964590237604362},
{"mapping": [0, 12, 10, 13, 8, 2, 6, 5, 4, 9, 7, 1, 14], "R": [[0.534984310709607, 0.21550891204907968, -0.8169135181412956], [-0.33325217527929835, 0.9423488616870875, 0.030358039275720408], [0.7763599519334976, 0.25599713221923487, 0.57596066995008]], "T": [-0.038949368044509304, -0.005099030312742328, -0.022241394033154727], "aligned_model": [[0.4695711716118246, -0.5990559143633595, -0.712249107689941, 0.17680415130519472, -0.3795364145484233, 0.20375257702614888, -0.2864679041470111, -0.387762226297808, 0.23483934246975127, 0.33658709170680284, 0.5968749451109514, -0.27061296256494705, -0.09676671849116034], [-0.3547162329476842, -0.5119328926471793, 0.10701408793131781, -0.6594623274205887, -0.30068357914855204, 0.6911059093653289, 0.5742728877244562, 0.5364274529488332, 0.24570629741799982, -0.008572017984574186, 0.057723122137020084, -0.2764279379828759, -0.024122217568550694], [0.3581426775004938, -0.13036001698498265, -0.0720350655324265, -0.3386368663864976, -0.6710346089667287, -0.0538511305901556, -0.4838580408941783, 0.11704766808590816, 0.3751924550851661, -0.5918640636553563, -0.09105870360776058, 0.7659276830087857, 0.043783384659000335]], "inverted": true, "swapped": false, "error_lsq": 0.04601642146869015, "error_max": 0.2365019621501341, "target": "358.xyz", "model": "1.xyz", "model_rescale": 4.316132596720782, "target_rescale": 3.6964590237604362},
{"mapping": [11, 1, 0, 5, 8, 7, 10, 6, 3, 2, 4, 12], "R": [[0.3295199341142439, 0.8354775302588049, 0.4397657438386853], [-0.18350671356427026, -0.4002232137668304, 0.8978567064064238], [0.9261435628984231, -0.37656164912906065, 0.021434208803149557]], "T": [-0.07371340188271933, 0.007840467415019247, -0.12701686937769402], "aligned_model": [[-0.1605577502494567, 0.5042397226290405, 0.038680151137926, -0.5213442119475586, -0.5783647680489339, -0.4824786046876931, -0.2102574249814731, -0.2310284119753262, 0.5635004227871389, 0.12849321869545774, 0.5726985796622186, -0.02577236838955939], [-0.8149826725370575, -0.29676224362015025, -0.45287896429353736, 0.4246314801116326, -0.27572748702944055, -0.025083913163821178, 0.22864344632566608, 0.6000914016658403, 0.05930919855955451, -0.07929885947793178, 0.5468874160770447, 0.0979476251231806], [0.12582416171293687, 0.0981212226771927, -0.5375581410464534, -0.060472789487141104, -0.27117161119334765, 0.35954328651678924, -0.826970148550549, 0.6001175341101779, -0.4735678452670385, 0.5760580021976696, 0.0265802431360469, -0.16724545359686213]], "inverted": true, "swapped": true, "error_lsq": 0.04322243591976554, "error_max": 0.2291344903737552, "target": "358.xyz", "model": "2.xyz", "model_rescale": 3.795458400668931, "target_rescale": 3.6964590237604362},
{"mapping": [10, 5, 8, 2, 3, 1, 7, 9, 6, 4, 0, 12], "R": [[-0.2155189543721599, -0.1807752944350784, -0.9596206923718569], [-0.15390328765136563, -0.964144530355412, 0.21619228162874737], [-0.9642952651322272, 0.19428231393426765, 0.17996950890613334]], "T": [-0.07687822372017633, 0.04949462874312049, 0.047978482151431724], "aligned_model": [[-0.10574515928275775, -0.04258891465892184, -0.6364209340897395, 0.09496207427796624, 0.31940238547948924, 0.10123968022049937, -0.2908265206166672, 0.406837708218415, 0.3764084264859557, 0.7669361290608727, -0.41233460154316354, 0.015433552191617045], [-0.031135755012818102, -0.5597102288688934, -0.12969587714974562, 0.09810441901414264, 0.5812410400878516, 0.6239857146236938, -0.35116874127375225, -0.27867525304916685, -0.5941888628362862, 0.1790731045863588, 0.507701664965275, 0.040237820203050265], [-0.6936401934570221, -0.030824371213664513, -0.05530314070240209, 0.7627533103396061, -0.2503426540763195, 0.388175176339567, 0.4936339335335159, -0.38255065222678597, 0.5813042715804808, 0.10453723353523847, -0.2183937607573457, -0.010577722255768175]], "inverted": false, "swapped": true, "error_lsq": 0.049147219032290586, "error_max": 0.27969901289541377, "target": "358.xyz", "model": "3.xyz", "model_rescale": 3.7530521520055578, "target_rescale": 3.6964590237604362},
{"mapping": [3, 10, 9, 5, 4, 8, 1, 0, 11, 7, 12], "R": [[0.33968569132401544, -0.7536764282216726, 0.5626592864716159], [-0.2282540901036394, -0.6464050124763421, -0.7280526287270858], [0.912421887868044, 0.11887977703748523, -0.3916042608946338]], "T": [-0.014507208956634161, -0.004867183205761835, 0.05541241262790955], "aligned_model": [[-0.3599900401421967, -0.2405082064951906, 0.3169391133985856, 0.4574112303227, 0.3058436734962485, -0.1772109622885164, -0.260068270515493, -0.638510330294753, -0.4492671678689223, 0.36850068769453015, 0.015059875138213073], [-0.6248051114864188, 0.03341148663808344, -0.27445565396660426, 0.26779164003257916, -0.7973631950918098, 0.5649664738187082, -0.43426175183817334, 0.04593545941009326, 0.37105426633881927, 0.39711956100002976, -0.08218981654096118], [-0.10303835562825678, -0.6550741187794102, -0.5315265122231103, -0.23001070789825515, 0.018840306103664245, -0.013008839355785479, 0.5379265115639583, 0.01696716166771095, 0.7020771552772191, 0.3662586764794057, -0.01658049996182387]], "inverted": true, "swapped": true, "error_lsq": 0.03990789602692534, "error_max": 0.18963254634991428, "target": "358.xyz", "model": "4.xyz", "model_rescale": 3.7855080009869324, "target_rescale": 3.6964590237604362},
{"mapping": [8, 7, 3, 6, 1, 14, 2, 9, 15, 12, 13, 10, 16], "R": [[0.27575237769729893, 0.04168850126908169, 0.9603242655771143], [0.7933894895725196, -0.5739015193961816, -0.20290432196138883], [0.5426727780441387, 0.8178625281162426, -0.19132992728050957]], "T": [-0.10091351932329029, -0.08866279225160476, -0.1365905197477775], "aligned_model": [[0.2839687168184857, -0.3507610103463365, -0.6920574387087851, 0.16640131695018823, -0.2558229094285295, 0.1355507713278875, -0.4228184630537686, -0.33421907736006506, 0.288123977980741, 0.3036952980187947, 0.6213655987685198, -0.3606841049613917, -0.09676464487771673], [-0.3251455045912225, -0.7351244838927817, 0.2592188605783937, -0.6750836358778114, -0.12094749533362364, 0.5449911511593041, 0.5141093586896897, 0.480957586684712, 0.2636576789790702, 0.18370835488121742, -0.14430861726173205, -0.13450981084903696, -0.035190891341228346], [0.40308666619825073, 0.14807241135816254, -0.02730269976282186, -0.24017835945772575, -0.8769044516668645, -0.1528606697012722, -0.41735488506177965, 0.2212015424037442, 0.49889214557761663, -0.6111123065487024, -0.1274222809388497, 0.5426602202571553, -0.13338196093564547]], "inverted": false, "swapped": false, "error_lsq": 0.042243084655878234, "error_max": 0.2737819065019775, "target": "358.xyz", "model": "5.xyz", "model_rescale": 4.2253639853439635, "target_rescale": 3.6964590237604362},
{"mapping": [7, 9, 8, 0, 1, 2, 10, 5, 6, 4, 3, 11, 13], "R": [[-0.3080077379321546, 0.9500221082438087, -0.05088444970623626], [0.8954515044970124, 0.27141648512707256, -0.3528451426551069], [-0.32139980782190014, -0.15424359127449963, -0.934297103753828]], "T": [-0.10337255560243588, -0.03633886628274165, -0.03899698562233996], "aligned_model": [[0.4667512770835014, -0.46029310979382465, -0.8390896995181406, 0.1986858603970794, -0.3157162239371927, 0.18810621582210238, -0.42309542370674913, -0.30362473682468366, 0.2779496052399377, 0.28444566955822026, 0.6050642988134084, -0.35028709440383254, -0.04291860760180251], [-0.44861605950598343, -0.5252098907400946, 0.02599817939109504, -0.7334944135466802, -0.1625514436231456, 0.5623314772634358, 0.5589914315507115, 0.5148559618535806, 0.16760798610093253, 0.1090890460799019, -0.007996289657863576, 0.043666079597562565, -0.028339512938502082], [0.3275784464218372, -0.11779588743647224, -0.0654403682324968, -0.2955072301927696, -0.7301455469298914, -0.12149278917849804, -0.4287040531510454, 0.1993821070057408, 0.437151162726894, -0.612895111377781, -0.021013816991958353, 0.6946147699925573, -0.038336310934848565]], "inverted": true, "swapped": false, "error_lsq": 0.037347633005875326, "error_max": 0.21924893096049702, "target": "358.xyz", "model": "6.xyz", "model_rescale": 3.89814844738969, "target_rescale": 3.6964590237604362},
{"mapping": [10, 9, 8, 5, 6, 0, 3, 7, 4, 1, 2, 11, 12], "R": [[-0.6667455448638231, -0.4584070430818967, 0.587633696495662], [-0.44511973785850467, 0.8773269203802551, 0.17934852590660885], [-0.5977614887001502, -0.14198752631484776, -0.7889998384017392]], "T": [-0.06322282530665195, 0.09457793877285958, -0.006671499042270948], "aligned_model": [[0.28354244452123295, -0.3598650981696891, -0.7312223774036145, 0.12422108027708346, -0.36762403338948996, 0.14994849390086784, -0.5416748496026611, -0.2557811922621039, 0.2955746465078191, 0.47112995779533934, 0.6335410798799768, -0.46340914550281076, 0.04759702457607348], [-0.4758083988379951, -0.7468569672095046, -0.008236200344854505, -0.5082797920709994, -0.06079879329626467, 0.47657405000011066, 0.5744645449098036, 0.6825686930644825, 0.2751885185707835, -0.01654072007667748, -0.022002588098032155, -0.10217297905641073, 0.008233184270508731], [0.29880671059009634, -0.0506776347475925, 0.02320530651780349, -0.4583394552292656, -0.5902585334056181, -0.4062304398043217, -0.4461876447836165, 0.21347124494211217, 0.49745148304530995, -0.6523621052001093, 0.043096821248354886, 0.6689617999329993, 0.08645781861511563]], "inverted": true, "swapped": false, "error_lsq": 0.0515200043621401, "error_max": 0.29590054001945276, "target": "358.xyz", "model": "7.xyz", "model_rescale": 3.7474275329858107, "target_rescale": 3.6964590237604362},
{"mapping": [6, 8, 9, 3, 2, 12, 13, 11, 10, 1, 0, 7, 14], "R": [[0.5700725215420019, -0.3601432587339518, 0.7384538938696402], [-0.24006174956698828, -0.9325974936527583, -0.2695037499320374], [0.7857402093424904, -0.023637851448119265, -0.618104825576808]], "T": [-0.08232432805126641, 0.032193095120359394, -0.09433270036124747], "aligned_model": [[0.3230910796779748, -0.5619247219460731, -0.7165576969504868, 0.10549373455036126, -0.08098649192074672, 0.036174613760470806, -0.4891732560502038, -0.3575743194269747, 0.32516513221562393, 0.4301751764681605, 0.5465922052182071, -0.18041602369233653, -0.09408140077595319], [-0.452023727002757, -0.4060099441896198, -0.0469618538391014, -0.6574246178221532, -0.31285369820586517, 0.6362481734347019, 0.6849758912698812, 0.426849180292549, 0.30388123638908054, 0.08249599405046637, -0.1627668111477301, -0.06528811611346498, 0.045210844708963666], [0.4234611917874221, -0.30211112650787025, 0.32018264063154306, -0.15165915447382702, -0.8621415414536275, -0.13578245248966977, -0.5595857492818281, 0.29932193542258395, 0.4848056711473309, -0.6417043257460695, -0.06848958222108176, 0.5725653912739463, -0.1514675263675846]], "inverted": true, "swapped": false, "error_lsq": 0.05723476982918226, "error_max": 0.36278239729833167, "target": "358.xyz", "model": "8.xyz", "model_rescale": 4.019505241142653, "target_rescale": 3.6964590237604362},
{"mapping": [9, 8, 4, 11, 5, 2, 3, 0, 1, 6, 10, 7, 12], "R": [[-0.46360099119129333, 0.8857598137166356, 0.02244266853834115], [-0.2942404673386325, -0.13001312365531964, -0.9468469438392512], [-0.8357611311533899, -0.44556272294937116, 0.32090059453224523]], "T": [0.01998829646416133, 0.016610730566560664, -0.07534147330826813], "aligned_model": [[0.22009202577564654, -0.3112308687399856, -0.8045242033399135, 0.05922844772818343, -0.30974248810792887, 0.0532657090793187, -0.5450803475965806, -0.3471490025188213, 0.4260347396257997, 0.4676791810501053, 0.9319783700932279, -0.556720262295176, 0.0021467303741480384], [-0.5070786095710134, -0.5329197328123967, 0.07981882215463976, -0.5509193914369691, -0.07220096458342935, 0.571108646760161, 0.530991630855662, 0.4067871358055662, 0.2647982186701722, 0.048791712312064736, -0.05556452384593903, -0.10366846320836352, -0.0036119292752039567], [0.3158720668106175, 0.13548325438295497, -0.01387159395463887, -0.32757012976986977, -0.6531950980715091, -0.2788035999148035, -0.46849605443240455, 0.2929229080284793, 0.40406916374013807, -0.6468299633406116, -0.040062634462163564, 0.6120624427951233, -0.10418539009004432]], "inverted": false, "swapped": false, "error_lsq": 0.045499772640535924, "error_max": 0.2624051058319929, "target": "358.xyz", "model": "9.xyz", "model_rescale": 3.877068213659057, "target_rescale": 3.6964590237604362},
{"mapping": [0, 8, 2, 11, 10, 3, 13, 4, 5, 6, 12, 1, 15], "R": [[0.9512450009704471, 0.005319357300418645, -0.30839042230044206], [0.184215061038452, -0.8117304518290048, 0.5542188059422736], [-0.24738180898225706, -0.584008029064148, -0.7731344401676049]], "T": [-0.16241442883778273, 0.03265100404033859, -0.1436926660127823], "aligned_model": [[0.27361290046321135, -0.5067093830727618, -0.8124714452139834, 0.11715143827453489, -0.03206188424999035, 0.15176762447282444, -0.41691902674256653, -0.4078939906881798, 0.3339236787998338, 0.22881640607967463, 0.571194863659293, -0.10512414930824213, -0.10930900134562443], [-0.48274131045258784, -0.5950581945609841, 0.15480397597266993, -0.6396768245027462, -0.30138942375399647, 0.5669235477551523, 0.6042344815408568, 0.5081680791706283, 0.18859124034229913, 0.2743277311174924, -0.108797680717363, -0.06842012205720628, -0.024632948029264398], [0.27822790222021715, 0.14399654526862266, -0.19717055731073954, -0.26399849785805324, -0.755767813505591, -0.0072968114633922, -0.597739176689178, 0.27069118468393893, 0.43968248588462955, -0.5545884782619607, -0.14590428437652658, 0.7161963160914403, -0.09893344296213974]], "inverted": false, "swapped": false, "error_lsq": 0.047405789627237085, "error_max": 0.2737666579755358, "target": "358.xyz", "model": "10.xyz", "model_rescale": 4.260839863003843, "target_rescale": 3.6964590237604362},
{"mapping": [11, 0, 3, 1, 4, 2, 7, 8, 10, 9, 5, 12], "R": [[-0.49652962165366865, -0.44237152574092214, -0.7468371763872723], [0.4820483918120177, -0.8560487938207973, 0.1865738742412935], [-0.7218640334383704, -0.2673722046354242, 0.6382980662797598]], "T": [0.04408467115796674, 0.042139428266243846, -0.03127268744072488], "aligned_model": [[0.37180819489016337, 0.2596045605776806, -0.41849234692864323, -0.4009667837884716, -0.7773024330186026, -0.3125318145677214, 0.2590560857301285, 0.6376026788945262, 0.2893733198303059, -0.16970217352101943, 0.24148866831031357, -0.021039307314529368], [-0.06823154652474436, -0.5227077206979397, -0.5062133487172417, -0.18644756410850846, 0.08153454588108572, 0.45282210152048025, 0.5981540143015049, 0.05052936228299184, -0.3409140135185863, 0.10661508790733851, 0.4816307128084142, 0.02630687439813898], [-0.8243199668655086, -0.19841848257003714, 0.08755408495705713, -0.5079035462445992, 0.20491237880986374, -0.5282228647574572, -0.25386842459136433, -0.09068951375112182, 0.5607039660971785, 0.6595022281658639, 0.3513436709029854, 0.05558454724264429]], "inverted": true, "swapped": true, "error_lsq": 0.039588919739381966, "error_max": 0.215453768822653, "target": "358.xyz", "model": "11.xyz", "model_rescale": 3.890672605050136, "target_rescale": 3.6964590237604362},
{"mapping": [12, 4, 2, 7, 3, 6, 1, 11, 9, 8, 5, 10, 13], "R": [[0.712715720516927, 0.5895706558917875, -0.3800562372062392], [0.5741276865268872, -0.17901409802179247, 0.798956414501272], [0.4030058328254344, -0.7876296048402267, -0.466074998565581]], "T": [-0.05423198978887065, 0.14374438457757513, -0.10558209170374402], "aligned_model": [[0.14145298822830135, -0.5663118937001186, -0.6934845412480246, 0.3095815055585721, -0.19268807573155175, 0.12103082805737628, -0.5644366944602902, -0.2882005720094963, 0.46371746315064966, 0.34707889382411566, 0.661583130510542, -0.4002763920569503, -0.053068608995101726], [-0.4276068587971986, -0.33224228031057856, 0.08218418760786132, -0.6151566480909642, -0.4261590364508745, 0.6781240177858261, 0.6174372483416619, 0.41061040449429, 0.36683930296467226, 0.1121301708630071, -0.13013260966489845, -0.23514463020380308, -0.024550716714051096], [0.3307632907831016, -0.15320467756424674, 0.1995910579485474, -0.24223176603230615, -0.8190967439482074, -0.23119935259716437, -0.45286370731327485, 0.31489786482537996, 0.4308668225564186, -0.7031949781303225, 0.026978413012045732, 0.6266998830706498, -0.1006107348893526]], "inverted": true, "swapped": false, "error_lsq": 0.04893110174544816, "error_max": 0.2753175701775069, "target": "358.xyz", "model": "12.xyz", "model_rescale": 4.124412569039231, "target_rescale": 3.6964590237604362},
{"mapping": [0, 6, 8, 3, 9, 10, 11, 2, 4, 7, 5, 1, 12], "R": [[0.1937251830858355, -0.9635052942180565, 0.18473792640423253], [0.9760304647828576, 0.17024974974432253, -0.1355712157050843], [0.09917199833682122, 0.2065734027549812, 0.9733921840759303]], "T": [0.02525618512949373, -0.11493458836687644, -0.08765694328332214], "aligned_model": [[0.36766180810521804, -0.5129491711212469, -0.6616029854944256, 0.07651800094441202, -0.26334886376422356, 0.10799146449644167, -0.533289679781794, -0.3483301096131406, 0.33001936291648837, 0.36267094861446564, 0.7689630703100677, -0.42924412059841466, 0.020918306114175174], [-0.4102951454585071, -0.5113754063907294, 0.09044270576793283, -0.8150306412312549, -0.23485413929949425, 0.591431536032857, 0.6616036259176038, 0.5464173382932472, 0.31758622081376653, 0.02086342349515656, 0.028510326981497927, -0.21538915301684702, 0.006421859919721579], [0.2760571258192533, -0.059683972549574325, -0.11832887967684054, -0.21411293866907488, -0.6453017218454158, -0.2846631466021117, -0.3625528870199781, 0.319089197610888, 0.49399708691024685, -0.5983308626024348, -0.07932002131425203, 0.5803270770666823, -0.07978068540612043]], "inverted": false, "swapped": false, "error_lsq": 0.03725589947577362, "error_max": 0.2115425158816512, "target": "358.xyz", "model": "13.xyz", "model_rescale": 3.9028299243045295, "target_rescale": 3.6964590237604362},
{"mapping": [9, 11, 12, 6, 2, 4, 8, 5, 10, 3, 7, 14, 15], "R": [[-0.7547724623962203, -0.5025290306144337, 0.4216433367172595], [0.6162568452745019, -0.7634784270671201, 0.19320505183725212], [0.22482444409063962, 0.405666445238985, 0.8859394474491475]], "T": [-0.11792347115198584, 0.045581609907806735, -0.15890773402545966], "aligned_model": [[0.24368201957090188, -0.4366636154353021, -0.7883788678662051, 0.19579144462237966, -0.3837843604257418, 0.31771896047004733, -0.6212283729997108, -0.2924687874626562, 0.236599948232982, 0.36328939467663734, 0.7075086926934343, -0.21489114937638995, -0.041197275572353365], [-0.5109388117182185, -0.5189589184866688, 0.035973353982134054, -0.5040582158760264, -0.05820239978484321, 0.5647895260289364, 0.5163205760771358, 0.5069851808749286, 0.30195639188512424, 0.04916630568519768, -0.0950950910571427, -0.19315259802469512, -0.018452747760911402], [0.24155692840546333, 0.195430241021336, 0.027203876025423346, -0.3684006355334519, -0.8376541052440969, -0.16035185670202085, -0.5076141450125639, -0.022004443678043634, 0.44436477348888714, -0.5552797473605817, 0.1867796457445518, 0.6876463989900035, -0.10428155842363815]], "inverted": false, "swapped": false, "error_lsq": 0.04898138458208653, "error_max": 0.31293834829337197, "target": "358.xyz", "model": "14.xyz", "model_rescale": 3.942246331269136, "target_rescale": 3.6964590237604362},
{"mapping": [0, 8, 6, 12, 13, 5, 10, 9, 2, 3, 1, 7, 14], "R": [[0.18826646487335497, 0.7106211829518734, 0.6779183376662488], [-0.8565388847272573, -0.21891784222846378, 0.46735010142742006], [0.4805173016180335, -0.6686497683347491, 0.567459787255106]], "T": [-0.15072914650126057, 0.04598870870070854, -0.19058731132155682], "aligned_model": [[0.13061587887258796, -0.4940932971795818, -0.6414561133158015, 0.3350590602944682, -0.24692875262528202, 0.343011475153168, -0.5457832076589676, -0.39957918364180744, 0.21626499963561974, 0.39987569474452467, 0.6461781674218983, -0.3733433292769719, -0.08384336129583098], [-0.34596784121502583, -0.5605716712198731, 0.044470339838903965, -0.509723043042816, -0.4762872039716001, 0.39869434712361923, 0.5887330242428819, 0.6530102919476641, 0.1632486203803482, 0.21414444961144646, -0.10083655755882667, 0.009511849807764684, -0.0020940541195359], [0.36432936940069394, 0.14560681686533772, 0.07769263190085551, -0.5416863362063917, -0.8061385710304507, -0.004580619662090696, -0.43216838001822105, 0.27606112446267406, 0.4683613425609984, -0.6208266471523372, -0.19533178012334607, 0.6340895178190742, -0.13801309709552803]], "inverted": true, "swapped": false, "error_lsq": 0.05139424473753184, "error_max": 0.3364866231888865, "target": "358.xyz", "model": "15.xyz", "model_rescale": 4.355366556412066, "target_rescale": 3.6964590237604362},
{"mapping": [11, 1, 0, 5, 8, 7, 10, 6, 3, 2, 4, 12], "R": [[0.3295199341142439, 0.8354775302588049, 0.4397657438386853], [-0.18350671356427026, -0.4002232137668304, 0.8978567064064238], [0.9261435628984231, -0.37656164912906065, 0.021434208803149557]], "T": [-0.07371340188271933, 0.007840467415019247, -0.12701686937769402], "aligned_model": [[-0.1605577502494567, 0.5042397226290405, 0.038680151137926, -0.5213442119475586, -0.5783647680489339, -0.4824786046876931, -0.2102574249814731, -0.2310284119753262, 0.5635004227871389, 0.12849321869545774, 0.5726985796622186, -0.02577236838955939], [-0.8149826725370575, -0.29676224362015025, -0.45287896429353736, 0.4246314801116326, -0.27572748702944055, -0.025083913163821178, 0.22864344632566608, 0.6000914016658403, 0.05930919855955451, -0.07929885947793178, 0.5468874160770447, 0.0979476251231806], [0.12582416171293687, 0.0981212226771927, -0.5375581410464534, -0.060472789487141104, -0.27117161119334765, 0.35954328651678924, -0.826970148550549, 0.6001175341101779, -0.4735678452670385, 0.5760580021976696, 0.0265802431360469, -0.16724545359686213]], "inverted": true, "swapped": true, "error_lsq": 0.04322243591976554, "error_max": 0.2291344903737552, "target": "358.xyz", "model": "16.xyz", "model_rescale": 3.795458400668931, "target_rescale": 3.6964590237604362},
{"mapping": [10, 9, 8, 5, 6, 0, 3, 7, 4, 1, 2, 11, 12], "R": [[-0.6667455448638231, -0.4584070430818967, 0.587633696495662], [-0.44511973785850467, 0.8773269203802551, 0.17934852590660885], [-0.5977614887001502, -0.14198752631484776, -0.7889998384017392]], "T": [-0.06322282530665195, 0.09457793877285958, -0.006671499042270948], "aligned_model": [[0.28354244452123295, -0.3598650981696891, -0.7312223774036145, 0.12422108027708346, -0.36762403338948996, 0.14994849390086784, -0.5416748496026611, -0.2557811922621039, 0.2955746465078191, 0.47112995779533934, 0.6335410798799768, -0.46340914550281076, 0.04759702457607348], [-0.4758083988379951, -0.7468569672095046, -0.008236200344854505, -0.5082797920709994, -0.06079879329626467, 0.47657405000011066, 0.5744645449098036, 0.6825686930644825, 0.2751885185707835, -0.01654072007667748, -0.022002588098032155, -0.10217297905641073, 0.008233184270508731], [0.29880671059009634, -0.0506776347475925, 0.02320530651780349, -0.4583394552292656, -0.5902585334056181, -0.4062304398043217, -0.4461876447836165, 0.21347124494211217, 0.49745148304530995, -0.6523621052001093, 0.043096821248354886, 0.6689617999329993, 0.08645781861511563]], "inverted": true, "swapped": false, "error_lsq": 0.0515200043621401, "error_max": 0.29590054001945276, "target": "358.xyz", "model": "17.xyz", "model_rescale": 3.7474275329858107, "target_rescale": 3.6964590237604362},
{"mapping": [12, 9, 2, 5, 4, 3, 0, 1, 11, 8, 10, 7, 13], "R": [[0.9932958285450759, 0.11451204271613183, -0.01582368692594319], [0.018519628895903258, -0.022517367652439776, 0.9995749053970706], [0.11410705648867422, -0.9931666326588826, -0.024487127894198858]], "T": [-0.0778470961863648, 0.008617171883065475, -0.031769975753503286], "aligned_model": [[0.1581533849158756, -0.3953857106026788, -0.7680929878930318, 0.29703737538006825, -0.23823189487116125, 0.3148624029953743, -0.5312433324016502, -0.262370341988795, 0.3175174070396816, 0.24196088575166375, 0.6069458399512266, -0.2814410814842667, -0.1737339156642827], [-0.5949339447556, -0.5803568948623749, 0.15567881893589602, -0.5394122518212939, -0.3168962143288788, 0.5589708994602877, 0.4564886436114875, 0.6281578153945335, 0.254638086436143, 0.19870505240633873, -0.06825417832103385, -0.11355909257390394, 0.037105812243349974], [0.34141462446096255, -0.03005448399306257, 0.044165554519612994, -0.31872871913470363, -0.7784583804902292, -0.09075476280506808, -0.5730512229609966, 0.21447985593295377, 0.5204050698591567, -0.6469479204049637, -0.07162973738490302, 0.6831018530313185, -0.0665463589088098]], "inverted": true, "swapped": false, "error_lsq": 0.04263054808329847, "error_max": 0.22178440209279146, "target": "358.xyz", "model": "18.xyz", "model_rescale": 3.922800546911778, "target_rescale": 3.6964590237604362},
{"mapping": [12, 13, 11, 8, 6, 2, 10, 9, 3, 1, 5, 7, 14], "R": [[0.7711640764415916, -0.4190631346707455, 0.4792619913637175], [-0.6187197561061853, -0.3159914280830483, 0.719260231614357], [-0.1499727662273722, -0.8511965146415748, -0.5029638782777005]], "T": [-0.00721723643569229, -0.050555413006587446, -0.12826669959607018], "aligned_model": [[0.24329749678477808, -0.42198893485549055, -0.688479942924143, 0.11347667489708166, -0.14082280937503777, 0.014483783106045187, -0.5724310541290427, -0.30897510345123097, 0.2593297241899271, 0.4296722081451503, 0.7014762313723449, -0.302898623629544, -0.04016161900281458], [-0.4824420863371018, -0.5555194729675434, -0.0009816065300470855, -0.571779070560342, -0.0718770551062434, 0.6628566378859759, 0.4212848015668979, 0.6276110374406125, 0.18813797468545176, 0.21242011627776713, -0.32214403734446306, -0.002274272537316213, -0.028960414648697703], [0.47945882595431466, 0.083368560126617, 0.07339434083629087, -0.42516656924087465, -0.8046265966707231, -0.18910479769177013, -0.4576612949722868, 0.2060619427561245, 0.40194781174669536, -0.6648806279908726, -0.047477418115208087, 0.6123090681689584, -0.04022787318599724]], "inverted": true, "swapped": false, "error_lsq": 0.04641533685555977, "error_max": 0.2736919394643395, "target": "358.xyz", "model": "19.xyz", "model_rescale": 3.9282355846067225, "target_rescale": 3.6964590237604362},
{"mapping": [6, 7, 9, 5, 2, 0, 10, 11, 4, 1, 3, 8, 13], "R": [[-0.5895776087205615, -0.22878160698122815, -0.7746336034554863], [-0.6664499197475025, -0.4040470713310767, 0.6265704019639993], [-0.4563362222790256, 0.8856663821416431, 0.08574562251357809]], "T": [-0.14225715071356898, -0.08427578819898338, 0.01253291210095063], "aligned_model": [[0.15137128904689073, -0.49302708449324406, -0.7119864010004588, 0.2867860882959904, -0.18009350037449606, 0.2683383806947896, -0.5380855511132268, -0.24972513425104392, 0.1965603028137795, 0.30225881177381214, 0.6070838151002715, -0.26387546386269745, -0.08962752150234318], [-0.6129925345926007, -0.5628627412228879, 0.1490922078543205, -0.5263991909116723, -0.24143410261542728, 0.5823958256642693, 0.40080417910825894, 0.6102995798426772, 0.25036802087543397, 0.11030951351091497, -0.019738261891734693, -0.06778537955669717, 0.004275435760096036], [0.25968670127653587, -0.17723736568543008, 0.3277674042229078, -0.3163119572258058, -0.7952949688328507, -0.15226167838457583, -0.5792877125360405, 0.15174089301488836, 0.42796533641713236, -0.5584687654438686, -0.013507322016251551, 0.7632383346587984, -0.11063352774417201]], "inverted": false, "swapped": false, "error_lsq": 0.05182398472907531, "error_max": 0.36499840565957437, "target": "358.xyz", "model": "20.xyz", "model_rescale": 4.067790424073018, "target_rescale": 3.6964590237604362},
{"mapping": [9, 8, 5, 0, 2, 11, 6, 13, 10, 3, 12, 1, 14], "R": [[-0.9295635875332823, 0.34983933149843366, -0.11629264322812015], [0.2529802522224854, 0.3758549054165283, -0.8914785931584562], [-0.2681651146545752, -0.8581057814809673, -0.4378834765907899]], "T": [-0.1469034229285497, -0.035356544071191216, -0.11255508237508371], "aligned_model": [[0.32220184682882397, -0.5175743917461177, -0.6889965982917146, 0.05902725010625437, -0.2469214370949307, 0.22659105975775257, -0.3980553770040867, -0.26943266137984395, 0.20049826413959682, 0.3816544343584259, 0.6172752194769644, -0.30063442274406027, -0.09965515527904034], [-0.2556682538932654, -0.4530497344549975, 0.04983444527965911, -0.6317673235460238, -0.21956595469033163, 0.4913526866916292, 0.4548221693479442, 0.4928152871454355, 0.2980702967328163, 0.13332403116782332, -0.019533062884565335, -0.254288189414473, -0.010013845656700417], [0.4666278730630282, 0.0027849727137543856, 0.10503077519840381, -0.4386605400887105, -0.8265475343103226, -0.1458944226696568, -0.6067255262202937, 0.3303270774722269, 0.5503366366917131, -0.7574724970012171, -0.059692176362557074, 0.6631644646532387, -0.05588373141833891]], "inverted": true, "swapped": false, "error_lsq": 0.04114647122051998, "error_max": 0.2546760391327153, "target": "358.xyz", "model": "21.xyz", "model_rescale": 4.186013935880536, "target_rescale": 3.6964590237604362},
{"mapping": [4, 6, 0, 7, 1, 8, 2, 5, 11, 9, 10, 3, 12], "R": [[0.35021424114856614, -0.5698251820694811, -0.7434038251019541], [-0.7441862702335693, -0.6512347015827523, 0.14859393880731642], [-0.5688029364310481, 0.5011912063613111, -0.6521277437538682]], "T": [-0.038144535220713136, 0.02779245802932845, -0.08570053999632722], "aligned_model": [[0.30595421408819484, -0.3111188343234169, -0.7084920697034763, 0.07392254907408335, -0.2662801906285575, 0.20638211208305363, -0.4393863547603485, -0.6017791960508116, 0.3202154445677625, 0.4140886322728696, 0.6775906120098997, -0.3483503755225476, -0.03676851197868142], [-0.4383196046706386, -0.384447241337169, -0.13975449494152847, -0.6464918177146077, -0.1644529649673524, 0.7427594324700371, 0.5993581005550979, 0.42679149353980067, 0.3238766088063053, 0.18641156194989478, -0.3839360085367599, -0.06365852546791206, 0.018196012139783314], [0.35242243874148443, 0.17002648499868966, -0.2962964624863732, -0.3523565430845599, -0.7536219844797383, -0.21491770186383707, -0.33473250863011234, 0.26308953280894737, 0.34194216046345965, -0.48038510053612055, -0.20612604176308774, 0.7790235252387097, -0.04067242768619356]], "inverted": true, "swapped": false, "error_lsq": 0.056092895945194524, "error_max": 0.33799341779247005, "target": "358.xyz", "model": "22.xyz", "model_rescale": 4.166573947596378, "target_rescale": 3.6964590237604362},
{"mapping": [3, 0, 7, 2, 6, 14, 13, 10, 9, 12, 11, 8, 15], "R": [[0.9533089468865639, -0.30131603694765985, -0.020265676998004856], [0.1307704833896804, 0.3513828720391643, 0.9270540210319667], [-0.27221523186636765, -0.8864190448741867, 0.3743796795023402]], "T": [-0.040538499901665, -0.06533082072994716, -0.055147081051895724], "aligned_model": [[0.3331627771507032, -0.731959853727579, -0.7186536341822465, 0.1530867487561521, -0.03100548971725041, 0.11778484179720172, -0.5015227118817426, -0.41835183975843626, 0.2926976323218541, 0.3867712838798173, 0.7470445504003154, -0.2567593616570024, -0.086316912253763], [-0.4305775790102167, -0.47541845578806485, 0.11993453257018023, -0.6572586426920731, -0.2897204054211322, 0.6944607945956257, 0.557544638070958, 0.561881362044498, 0.2077541704108764, 0.1754348744452976, -0.10217220355607655, -0.18784434302736097, -0.09768619081756075], [0.2421218428389946, 0.08810237229433956, 0.07610177104374663, -0.30998027327469846, -0.782241344518336, -0.2088616996621853, -0.3962231107350346, 0.10234320788576115, 0.36297662561446864, -0.48968083571385645, -0.07633620125285924, 0.7144749794539391, -0.09540196225301124]], "inverted": false, "swapped": false, "error_lsq": 0.042301049847401635, "error_max": 0.29015912177476816, "target": "358.xyz", "model": "23.xyz", "model_rescale": 4.274766983524099, "target_rescale": 3.6964590237604362},
{"mapping": [1, 7, 6, 4, 5, 9, 3, 10, 0, 8, 12], "R": [[0.07936027956121594, 0.47100077183788297, -0.8785557574542917], [0.135600064945354, -0.8782440233154792, -0.45858484263814886], [-0.9875801579693577, -0.08273879645461696, -0.13356542646381225]], "T": [0.07519047152373148, 0.13704801742566564, 0.017828523832945888], "aligned_model": [[0.36894606393587853, 0.034537232707356424, -0.6067080776089878, -0.4568005898567058, -0.36129037449432366, -0.560150267491769, 0.08787963167806201, -0.0624887935518616, 0.5862850435655169, 0.35733804398133645, -0.007653208906427372], [-0.251309051539041, 0.7211884498192906, 0.5513972838205587, -0.41605163817122737, 0.5299977773912203, -0.06527294472319584, -0.5896497898572215, -0.07263169986555507, -0.10713668521814532, 0.5463417443124209, 0.06871308527437868], [-0.47246345561269637, -0.2312519061118472, -0.4994360858068174, -0.3604285545002514, 0.20110744284664153, 0.30495268390596647, 0.04100932689702663, 0.7209726448277527, 0.28726313683216664, 0.34757959393979243, 0.04026160680384331]], "inverted": true, "swapped": true, "error_lsq": 0.04904505955050476, "error_max": 0.22089737287708092, "target": "358.xyz", "model": "24.xyz", "model_rescale": 3.7841303162186577, "target_rescale": 3.6964590237604362},
{"mapping": [7, 11, 13, 6, 3, 2, 12, 9, 8, 4, 1, 10, 15], "R": [[-0.009266471006808108, -0.6625697153448933, -0.7489429249434614], [-0.9907354409529403, -0.09539933106941889, 0.09665533441714602], [-0.13548955146011415, 0.7428999528464748, -0.6555472839588632]], "T": [-0.03250301404356804, 0.0230528149663606, 0.047169279443474155], "aligned_model": [[0.05662112876319524, -0.4812816920913332, -0.7598843430398693, 0.13346513718919698, -0.26990412553699716, 0.1884342720375405, -0.5167508926834743, -0.23098218258217232, 0.4409920862197598, 0.37897920191946877, 0.7103370623209397, -0.33658792366115775, -0.02745969772707384], [-0.5306247491193637, -0.5982762752177162, -0.07710116021133723, -0.5355086259124704, -0.1950056262831669, 0.6900628260874999, 0.5054915882199276, 0.5326531181879848, 0.34122842880748755, 0.055524481505339486, 0.0075558038721863854, -0.09348512132512685, -0.02618213678629354], [0.37626440596059135, 0.0027234811784688506, -0.2228040169299268, -0.3800193694960444, -0.6911349370517738, -0.22683325450560038, -0.2813558010640568, 0.2546644821320584, 0.2021675130537515, -0.574387089421559, 0.015786841725493106, 0.7537146654060336, -0.0013915492661677326]], "inverted": false, "swapped": false, "error_lsq": 0.04905375580439886, "error_max": 0.3492171603927805, "target": "358.xyz", "model": "25.xyz", "model_rescale": 4.19342608120988, "target_rescale": 3.6964590237604362},
{"mapping": [11, 1, 0, 5, 8, 7, 10, 6, 3, 2, 4, 12], "R": [[0.3295199341142439, 0.8354775302588049, 0.4397657438386853], [-0.18350671356427026, -0.4002232137668304, 0.8978567064064238], [0.9261435628984231, -0.37656164912906065, 0.021434208803149557]], "T": [-0.07371340188271933, 0.007840467415019247, -0.12701686937769402], "aligned_model": [[-0.1605577502494567, 0.5042397226290405, 0.038680151137926, -0.5213442119475586, -0.5783647680489339, -0.4824786046876931, -0.2102574249814731, -0.2310284119753262, 0.5635004227871389, 0.12849321869545774, 0.5726985796622186, -0.02577236838955939], [-0.8149826725370575, -0.29676224362015025, -0.45287896429353736, 0.4246314801116326, -0.27572748702944055, -0.025083913163821178, 0.22864344632566608, 0.6000914016658403, 0.05930919855955451, -0.07929885947793178, 0.5468874160770447, 0.0979476251231806], [0.12582416171293687, 0.0981212226771927, -0.5375581410464534, -0.060472789487141104, -0.27117161119334765, 0.35954328651678924, -0.826970148550549, 0.6001175341101779, -0.4735678452670385, 0.5760580021976696, 0.0265802431360469, -0.16724545359686213]], "inverted": true, "swapped": true, "error_lsq": 0.04322243591976554, "error_max": 0.2291344903737552, "target": "358.xyz", "model": "26.xyz", "model_rescale": 3.795458400668931, "target_rescale": 3.6964590237604362},
{"mapping": [5, 11, 9, 10, 4, 0, 2, 1, 6, 3, 7, 8, 12], "R": [[-0.7977712766772835, -0.5411901485397658, -0.2658462210229882], [0.5980615100696093, -0.7663142359931667, -0.23470177222907357], [-0.07670345677970314, -0.3462307248609165, 0.9350084838547341]], "T": [-0.1857534364701368, 0.0011503517730498663, -0.039578255534076866], "aligned_model": [[0.34894740288606835, -0.5641884256376728, -0.4928884333547186, 0.17793866767825384, -0.29237328060626444, 0.2699483184091455, -0.4139109105909705, -0.3594883291887705, 0.20159058738491858, 0.14395959240460543, 0.604467608335493, -0.3179881146613477, -0.020036651930716687], [-0.3112428007827241, -0.6056647691218522, 0.14383568747094758, -0.5787288435820563, -0.543150311293169, 0.6690456044263442, 0.7735086310766964, 0.4316041980866711, 0.23052039360953225, 0.17649820684507353, -0.08838624935378427, -0.21869192331520634, -0.0028152722415218465], [0.3886343067621139, -0.027875274699832385, -0.3035541612165735, -0.23745347046425055, -0.6650638106499784, -0.2332920500249409, -0.3948834332237831, 0.32768029616633393, 0.6521882880104709, -0.6764605108684055, -0.206137542379239, 0.6422832216545517, -0.03867048734519892]], "inverted": false, "swapped": false, "error_lsq": 0.054998587462595484, "error_max": 0.37691998804224264, "target": "358.xyz", "model": "27.xyz", "model_rescale": 3.6321398670334006, "target_rescale": 3.6964590237604362},
{"mapping": [11, 9, 12, 13, 6, 3, 7, 8, 0, 1, 2, 10, 14], "R": [[-0.7618066185820616, -0.6430930343275693, -0.07798733925404377], [-0.19527986135152975, 0.11318842014883296, 0.974194106579761], [-0.6176701803026375, 0.7573768749728045, -0.2118108061958503]], "T": [-0.05855554788855021, 0.06665392960275615, -0.061739314097381884], "aligned_model": [[0.2541436146431323, -0.3794993178551647, -0.8623809603986092, 0.15316439694522788, -0.3802320452684205, 0.16883046220690157, -0.44760685985147153, -0.4220580503680638, 0.28676427195246185, 0.4413552622506725, 0.7002747132701125, -0.20888929635735012, -0.01788816004140493], [-0.39820583041026714, -0.4988991162524007, 0.0991424001997416, -0.6662763899731875, -0.3537319052586081, 0.7141596754185248, 0.6505529216840614, 0.35231899570049996, 0.2641146199838586, 0.14834427152650018, -0.17269577831202465, -0.09544315071592904, 0.03295183823418116], [0.2523474154715892, 0.0922639652956256, -0.2523145914584601, -0.352368190019815, -0.6306922278100181, -0.08607018976368878, -0.3912668967216928, 0.1691091567597281, 0.41906749949726324, -0.49841203603983664, -0.07996061491264479, 0.6837779114716076, -0.09808583004838937]], "inverted": false, "swapped": false, "error_lsq": 0.042239486884176586, "error_max": 0.2633055163381292, "target": "358.xyz", "model": "28.xyz", "model_rescale": 4.156811204709835, "target_rescale": 3.6964590237604362},
