[{"mapping": [1, 4, 3, 0, 7, 13, 6, 8, 9, 5, 10, 12, 2, 14], "R": [[-0.742828942368568, 0.5081856334226605, -0.4358354326605445], [-0.3918157007256252, -0.8578694789880467, -0.3324761851406275], [-0.5428495362846707, -0.07620576752180122, 0.8363653878251606]], "T": [-0.0075543652035748934, 0.11595542608537332, 0.1336751529397042], "aligned_model": [[0.1381197836440231, 0.26596553829777986, -0.46852342930981783, -0.2973148080516802, -0.6968003419268346, -0.12715573445498518, -0.6590102951350724, 0.038030283591702706, -0.3923100787401514, 0.16440527904798433, 0.5940526349309374, 0.26410556139721864, 0.5817703129452918, -0.03384260510809228], [-0.5864130447864532, -0.3150223676293752, -0.35251937365649666, -0.42789469595643026, 0.2895961233102927, 0.3392451282486852, 0.12667370574752487, 0.5639004781490224, 0.6556307188976854, -0.053298668710320685, 0.34099324782459994, 0.7555223878570398, -0.20855230233293356, 0.10741199484719417], [0.3238824923806516, -0.369333396990948, 0.3842645340838118, -0.23776805875648419, 0.6741739288897187, -0.6474139872923382, -0.23934331611885026, 0.6733330565071983, 0.18061122263121954, 0.6562813044639523, 0.4047432461162007, -0.056710747325336736, 0.10028684755875958, 0.05058096103227874]], "inverted": true, "swapped": true, "error_lsq": 0.03597012420963915, "error_max": 0.24952554911376923, "target": "359.xyz", "model": "0.xyz", "model_rescale": 3.8414455957264533, "target_rescale": 3.977494471246927},
{"mapping": [12, 3, 5, 1, 10, 4, 11, 0, 7, 13, 2, 6, 9, 8, 14], "R": [[-0.05229259354766941, 0.8332998896598864, -0.5503424193653249], [0.25883658038016283, -0.5209534354468764, -0.8133948258706842], [-0.9645045926884753, -0.18498327488969918, -0.18844648761364652]], "T": [0.041290116172562, 0.003246640935330069, 0.03550202421397297], "aligned_model": [[-0.6782046306976952, 0.013787839806292272, 0.23712289327682257, -0.42493665130317637, -0.268189660429415, 0.3456864844728302, -0.7435083214494355, 0.01734515758629706, 0.48284516631411456, -0.2976761236549295, 0.7389619551423753, 0.4144470235154615, 0.34649787220151707, -0.30220138841408734, -0.017945058662485074], [-0.035213071038564234, -0.6129229340202313, -0.6194396079901361, -0.3094266042388267, -0.5093013000879418, -0.11793580387209404, 0.18975210161080952, 0.4123999568595754, 0.4321733763800327, 0.6729462888160259, -0.23547801699109755, -0.331355558757453, 0.4930704430331469, 0.20601322053404714, -0.05170599804439538], [0.2867741946747354, -0.44715267817046656, 0.12624420731124442, -0.6228033260681946, 0.3670109629133463, -0.3986349367606644, -0.23940255482077633, -0.5624424318466744, -0.1489051216626516, 0.14251263361796201, 0.06498541656999811, 0.6345199406794791, 0.39941210727248067, 0.7175589851602037, -0.0036821639084550287]], "inverted": true, "swapped": false, "error_lsq": 0.051086755397911035, "error_max": 0.4244150773632361, "target": "359.xyz", "model": "1.xyz", "model_rescale": 4.316132596720782, "target_rescale": 3.977494471246927},
{"mapping": [13, 12, 11, 3, 4, 6, 1, 7, 10, 9, 5, 14], "R": [[0.9383614625211676, 0.3360038005832513, 0.08111233968236051], [0.12267469429038155, -0.10434305681707716, -0.9869465263502527], [-0.32315427435808014, 0.9360630173699201, -0.13913066691575843]], "T": [-0.015881073658024446, 0.039478435135306404, -0.05767915695456963], "aligned_model": [[-0.29546372713363017, 0.4845022034440288, 0.2886577970570801, -0.47762841200360895, -0.3915500665028992, -0.5487038091720948, -0.3248415797935753, -0.031917678552487685, 0.602310961993862, 0.1584841215045908, 0.2092563836069486, -0.07529763981643331], [-0.6993936578201967, -0.4429062009404058, -0.5616661314443898, 0.5659969530343251, -0.3241695715682644, -0.10795216999725843, 0.4255604106122757, 0.6502739113975541, 0.023900751609561934, -0.008442747936295951, 0.514883417843473, -0.023308537049398552], [0.16629538118429535, 0.13209292793947297, -0.609113932589252, 0.008076449943600919, -0.5477868314766052, 0.45027422438092746, -0.6110374245848357, 0.5934903666308433, -0.3796214775569926, 0.5816874939884576, -0.29142578306867695, -0.043672933581814205]], "inverted": false, "swapped": true, "error_lsq": 0.046678348226932176, "error_max": 0.26681737031641045, "target": "359.xyz", "model": "2.xyz", "model_rescale": 3.795458400668931, "target_rescale": 3.977494471246927},
{"mapping": [13, 12, 11, 5, 0, 1, 10, 6, 8, 3, 4, 14], "R": [[0.5097013765426925, -0.41845361908528106, 0.7517320502844843], [0.45693940830406615, 0.8719969762594557, 0.17557804684269607], [-0.7289793439386428, 0.25400362609379523, 0.6356660082480337]], "T": [0.1298857925093306, -0.06443509572541621, 0.0949571857582959], "aligned_model": [[-0.08033199075258776, -0.25082203973777983, -0.7381842929157081, 0.18785545502334314, 0.302850771158929, 0.13272870482462812, -0.3392678074670551, 0.5843305475610406, 0.2545711348338652, 0.6921521716349484, -0.27549405022983753, 0.1229152218097791], [-0.15678001372346062, -0.6554059079116455, -0.0585391004636876, 0.01941815582063633, 0.52590988003202, 0.5998001150765527, -0.31529387608911413, -0.030170011951198658, -0.5951081270051704, 0.3426895831047263, 0.4520477925811031, -0.04279944418105171], [-0.6934233843522334, -0.06286185916332707, 0.02699698038755402, 0.6614749770944408, -0.27824524558197583, 0.42587222179464046, 0.5455298068816394, -0.5016652719656427, 0.5385821197269891, 0.20836868777981868, -0.19224519371876017, 0.010387591755957229]], "inverted": true, "swapped": true, "error_lsq": 0.0469659081243003, "error_max": 0.27667996102560566, "target": "359.xyz", "model": "3.xyz", "model_rescale": 3.7530521520055578, "target_rescale": 3.977494471246927},
{"mapping": [3, 13, 4, 11, 1, 12, 5, 9, 8, 10, 14], "R": [[-0.4225555612831783, 0.8235074701559455, -0.37852641153030886], [-0.5253796557477313, -0.5628758760861822, -0.638080688821256], [-0.7385275993184368, -0.07075446782760514, 0.6705004029285732]], "T": [-0.1528794618063843, -0.1267316935598259, -0.010127224809069598], "aligned_model": [[-0.4096718962926234, -0.23574942327572201, 0.34687172864851085, 0.5641357863689773, 0.24083492308099774, -0.14600409314133542, -0.006691110675710404, -0.7291715266201699, -0.3788182288405273, 0.2529262342829808, -0.16046279109017347], [-0.7765196947391015, 0.1892680500431035, -0.30701116065753353, 0.323929891283504, -0.7428834409500422, 0.5924357423505511, -0.3208977283109188, 0.20269849263343043, 0.18329906535110163, 0.2502810486665133, -0.12739690735626152], [0.07104760572620232, -0.763479569423711, -0.4910852884402368, -0.21259276586363227, 0.11662949420510095, -0.0530542997400816, 0.5116608302573051, 0.01907181398541323, 0.5787666407025033, 0.41323319396283986, -0.09736687812638663]], "inverted": true, "swapped": true, "error_lsq": 0.04556512907468127, "error_max": 0.2272270146249781, "target": "359.xyz", "model": "4.xyz", "model_rescale": 3.7855080009869324, "target_rescale": 3.977494471246927},
{"mapping": [8, 7, 5, 6, 10, 4, 13, 11, 1, 12, 0, 3, 2, 14, 16], "R": [[0.5210569378416804, 0.5216827672169214, 0.6755344239311175], [-0.15514941152680278, 0.8361723738223128, -0.5260650352943497], [-0.8393022862055947, 0.16930106805703873, 0.5166321909490423]], "T": [-0.09326095725250204, -0.02984742349263268, 0.08935116645162108], "aligned_model": [[-0.7251806168793392, -0.06990851175346122, 0.42799155498682095, -0.26432359144323264, -0.27690921114888245, 0.3440885082570616, -0.6879163961114614, -0.20561929176324684, 0.4616300133930299, -0.14108974805431762, 0.682005476906124, 0.33264305799804517, 0.3456168090251888, -0.26172832694465253, -0.09726716876318929], [-0.327660944689211, -0.6782026549043475, -0.6469256707306226, -0.11113962688728492, -0.6615911055893607, -0.22141940050194953, 0.30673218838996874, 0.48932320587429934, 0.3931097244580511, 0.6452461536643794, -0.0814265234520362, -0.2370804904049999, 0.3007213718740772, 0.41732132649411097, -0.0034310614021776445], [0.003943178925759558, -0.28542827410800276, 0.14047356750231463, -0.5353137204420901, 0.40262024096419313, -0.4754730597538317, -0.15141160636804507, -0.5024880774052348, -0.2044297054288551, 0.018454538450436292, 0.020246638127784017, 0.5973637953997566, 0.5832097143938415, 0.5682626957732387, 0.135965308930302]], "inverted": true, "swapped": false, "error_lsq": 0.03743563368834302, "error_max": 0.29775750438340454, "target": "359.xyz", "model": "5.xyz", "model_rescale": 4.2253639853439635, "target_rescale": 3.977494471246927},
{"mapping": [13, 9, 3, 0, 6, 5, 1, 4, 8, 12, 7, 10, 11, 14], "R": [[0.011199106127628311, 0.29972046996758017, -0.9539613304030491], [-0.8622158796340549, -0.4802685239721426, -0.16101528433193157], [-0.5064171767711038, 0.8243238348877416, 0.2530451704877059]], "T": [0.020407664518579394, -0.020473795830261134, 0.061351707783242726], "aligned_model": [[0.6116763794739213, -0.2037322957041631, -0.4708843807031598, 0.1350409197757773, -0.03525358221962012, -0.3248364994018321, -0.09440282847292936, 0.5654035323385609, -0.37532127011031163, 0.3654791422945227, -0.8026166684338465, 0.14557805600603568, 0.7840141206382663, 0.07391752727656223], [-0.1858853823610801, 0.25092844460416674, -0.5192019367684972, -0.7300149489944061, -0.45383682309746265, 0.11714340474426568, -0.4463924658830832, -0.42519308833478336, 0.5603270554656764, 0.5496495898271984, -0.0025943090873660965, 0.5413097786418029, 0.25920660096213605, -0.07034677308357712], [-0.4839035878020823, -0.502200843029636, 0.12960507207020822, 0.027964618134280764, -0.5491815023126309, 0.5008994649748185, 0.6581205874125227, 0.29103495907454735, 0.05566275459709667, -0.2124672208581524, -0.28456924603055256, 0.45477578369954036, 0.37261217958519566, 0.013205189416292486]], "inverted": true, "swapped": true, "error_lsq": 0.045862219107747806, "error_max": 0.3321459723368269, "target": "359.xyz", "model": "6.xyz", "model_rescale": 3.89814844738969, "target_rescale": 3.977494471246927},
{"mapping": [2, 10, 12, 1, 13, 8, 5, 4, 3, 7, 9, 6, 14], "R": [[-0.16727424914691716, 0.10236875671431143, 0.9805814414015294], [0.2659552614777533, 0.9624091839773433, -0.055103189457271086], [-0.9493614298383072, 0.2515734490061106, -0.1882117830810146]], "T": [-0.03754219337021952, 0.04949371108302908, -0.034013148771432786], "aligned_model": [[0.027561906360918736, -0.052911391656615625, 0.4253728396938906, -0.4173796870045567, 0.7156215943242021, -0.35745784591148705, -0.5252954046542211, 0.3353091954771566, -0.5427718859453206, -0.6382683156605216, 0.011426813186283274, 0.1394979546901132, 0.027926028004380613], [-0.44106006482446725, 0.13629464501192382, 0.4965197161804459, -0.5865086278875917, 0.08471035535632127, 0.5857771706910582, -0.02117834562765969, -0.5623458274558317, -0.1659644895713229, 0.5678366662308258, 0.6751984959700355, 0.16642063239634922, 0.028080939000399163], [-0.4910055668220848, -0.7255912720340401, -0.3580026983871836, -0.07812393824507616, 0.29120542462090027, -0.3565304490312721, -0.3313959370252979, -0.019631962968563343, 0.4053919894661797, 0.37561929844451525, 0.18412656328383686, 0.6861516722713478, 0.0200619072630338]], "inverted": false, "swapped": true, "error_lsq": 0.03878802975986673, "error_max": 0.21324651698592412, "target": "359.xyz", "model": "7.xyz", "model_rescale": 3.7474275329858107, "target_rescale": 3.977494471246927},
{"mapping": [8, 9, 7, 4, 5, 11, 2, 13, 12, 1, 10, 6, 0, 3, 14], "R": [[-0.640302997903531, 0.7301485732504815, 0.23852700445869207], [0.28158024655356817, 0.5120347558914108, -0.8115004457854937], [-0.7146500091839239, -0.4524416755113409, -0.5334528045046797]], "T": [0.028566948737490834, 0.021106118948997894, -0.011852007414641465], "aligned_model": [[-0.5860892979336961, -0.028007515137685478, 0.37194313809876917, -0.6061391396221097, -0.16273686317284095, 0.40052547041649283, -0.6876730334132304, -0.07983547414084557, 0.41173110322927564, -0.07565068319829288, 0.7601425189977008, 0.27111657872450295, 0.21467225120208952, -0.33276629858002954, -0.007200197765613391], [-0.2731129830528015, -0.6945595298321446, -0.5458279821239344, 0.08495462197107573, -0.5635479356108662, -0.3013762331947163, 0.4550216041960101, 0.3113342022489915, 0.32158108420039094, 0.7459226871123366, -0.047902807131704174, -0.2523352893245551, 0.3310035740859086, -0.04621542682894896, 0.05863690547785522], [-0.040888782405470746, -0.26672932943506195, 0.14485201150118202, -0.46494956413572996, 0.3550321051565836, -0.39149914133783575, 0.07362977708609511, -0.8557290144901314, -0.39072222895379244, 0.15720847809119867, 0.17602644480353838, 0.7184476376847411, 0.5390941073018416, 0.6038107499790925, -0.041588015884683555]], "inverted": false, "swapped": false, "error_lsq": 0.04628283281102061, "error_max": 0.3339449878783818, "target": "359.xyz", "model": "8.xyz", "model_rescale": 4.019505241142653, "target_rescale": 3.977494471246927},
{"mapping": [12, 13, 9, 8, 10, 5, 3, 11, 2, 4, 6, 1, 14], "R": [[-0.46407640699842934, 0.2962141150131043, 0.8347995487147988], [0.8707753740143276, -0.020256685666093843, 0.49126358983343466], [0.1624294815531841, 0.9549067309181714, -0.24853530688724157]], "T": [0.05237642126505434, 0.010135166782862068, -0.04235978366766219], "aligned_model": [[-0.31225319241343313, -0.7659536729628358, -0.14345046937768804, 0.40222064159140913, 0.3041464725966018, 0.6189290374052997, 0.38811407453524155, -0.2424754461833135, 0.2123827645062913, -0.22747084168015433, -0.38298386034702225, 0.4936588788861477, -0.02516361481536828], [-0.5266278646383602, 0.05264805649750508, 0.07962388704302897, -0.28032254318850247, -0.6399746319637236, -0.08873581202440294, 0.6248573408384765, -0.6780632447467184, -0.34321574729449306, 0.012101125503947444, 0.5949749668821843, 0.21390332776071047, 0.04220936744440718], [-0.35544523248075544, 0.010475192404131459, -0.6734798372763093, -0.578276496393989, -0.03788700058454326, -0.01834062128519985, 0.022084230013393602, 0.4022123118515757, 0.508334979933692, 0.6173782264684391, -0.2214584208345997, 0.5184160963968227, -0.01730993416877891]], "inverted": true, "swapped": true, "error_lsq": 0.04808894347362509, "error_max": 0.3851847706147647, "target": "359.xyz", "model": "9.xyz", "model_rescale": 3.877068213659057, "target_rescale": 3.977494471246927},
{"mapping": [8, 7, 2, 1, 9, 4, 0, 5, 3, 12, 13, 14, 6, 11, 15], "R": [[0.1460297481568053, -0.4744600795736855, 0.8680800340660948], [0.9824816191425425, -0.033142178968004476, -0.18338883286694685], [0.1157807440825468, 0.879652902492901, 0.46130856314998864]], "T": [0.05477108590630173, -0.011374231885351607, 0.08851418818918999], "aligned_model": [[-0.5844062832500144, -0.163640749526946, 0.27224231833601503, -0.41292943715157104, -0.10972854615580596, 0.33345220870456344, -0.6443079750395455, -0.12208793888814454, 0.4320182621175526, -0.16694966387695973, 0.7940188764263469, 0.39363934289476643, 0.3960043163351187, -0.5306722604724303, -0.022619912748458836], [-0.4428168120739051, -0.6020303307401675, -0.6381951954683412, -0.035773234715807234, -0.4787155765425708, -0.2380511295998274, 0.33139049292628164, 0.4492625589789929, 0.345563563230498, 0.7007549002555187, -0.1656553653516806, -0.3133918771217149, 0.43565452934511206, 0.20408160627533203, 0.03149836279517684], [0.11366426903899612, -0.4308202054774515, 0.10104816712243675, -0.6419428739271991, 0.5246073462701974, -0.4851103367253331, -0.07751847608404264, -0.5177283989766123, -0.2762341102121847, 0.13218596380421813, 0.2538881040019549, 0.7237111600097959, 0.34155518132808627, 0.48283657691072, 0.07185286787798423]], "inverted": false, "swapped": false, "error_lsq": 0.03896730012519002, "error_max": 0.2197541562137183, "target": "359.xyz", "model": "10.xyz", "model_rescale": 4.260839863003843, "target_rescale": 3.977494471246927},
{"mapping": [7, 9, 12, 8, 2, 5, 3, 6, 13, 4, 0, 14], "R": [[-0.8887112683167185, 0.4371571569402095, -0.13815173434612632], [-0.2939444287077304, -0.7745581633535946, -0.5600502873974734], [-0.351836545001476, -0.45711406860679704, 0.8168584784913265]], "T": [-0.11513216572143703, 0.023379847491352537, -0.03675554282072399], "aligned_model": [[0.35088404266370865, 0.22153611997368838, -0.3198992180826409, -0.34667906927831293, -0.6532457068794788, -0.44830259061135885, 0.244710518214736, 0.6231094057252612, 0.25387999600941435, -0.1969003072033776, 0.2922785201242649, -0.06247306156177393], [0.03812807881173193, -0.4596584899948996, -0.6605996492287792, -0.2775892096940161, 0.2879054183901654, 0.3055726546916515, 0.5701788412348522, -0.03532356321451727, -0.37917881805267273, 0.29515560537109314, 0.4758050107775015, 0.012682626440823415], [-0.7983075227673812, -0.3446805423495132, 0.0598586779963913, -0.6281666019218622, 0.27013802208035964, -0.41185412321033543, -0.29420506652792655, 0.08655617673594927, 0.5764651098790702, 0.6212904328203721, 0.3466921507227766, 0.03239136393760379]], "inverted": false, "swapped": true, "error_lsq": 0.04486714505868978, "error_max": 0.25990262236544576, "target": "359.xyz", "model": "11.xyz", "model_rescale": 3.890672605050136, "target_rescale": 3.977494471246927},
{"mapping": [2, 1, 0, 11, 4, 8, 5, 12, 10, 7, 6, 3, 9, 14], "R": [[0.25040558876396335, 0.4559763865696956, -0.854038978037078], [0.9566553949646599, 0.018941233832732607, 0.2906057207728445], [0.1486858984597518, -0.8897902924575753, -0.43146927937858925]], "T": [0.09367735682830514, 0.00664490841829148, 0.149641211741986], "aligned_model": [[0.43615525134799493, 0.13045142455820952, 0.41296345997533107, 0.749387867198854, 0.7416314790384755, -0.45683007314688473, -0.2621919425866533, 0.24437406605201795, 0.05901380842470183, -0.7083600186418119, 0.14932174659621467, -0.22454697933329326, -0.21947495479525053, 0.15798070010578757], [-0.31358158864581465, 0.1757992697681205, 0.61485873861502, -0.5619010444736052, 0.1301421909268908, -0.3994159348114733, -0.19826749127707238, -0.4772430169926982, -0.6763120493589961, 0.3423204347473755, 0.6441941163394549, 0.5470557901959229, 0.04885762489121854, 0.05564547990342175], [-0.3339779600844609, -0.5719928565179818, -0.06445327696383263, 0.07894289829793208, -0.1304953162471341, 0.3109469583680772, -0.2537224054227405, 0.6617298591468189, 0.013924052922667657, 0.35313082901549575, 0.5421806336948264, -0.1688638976820083, 0.7341436426197211, 0.18329727420948058]], "inverted": true, "swapped": true, "error_lsq": 0.04595057138299545, "error_max": 0.30970083475573773, "target": "359.xyz", "model": "12.xyz", "model_rescale": 4.124412569039231, "target_rescale": 3.977494471246927},
{"mapping": [4, 13, 6, 11, 0, 1, 12, 5, 9, 8, 3, 7, 14], "R": [[0.6840967423943711, 0.01947906509963615, 0.7291311357144569], [0.2509743345502653, -0.9448890253226682, -0.21022990563150118], [0.6848529261399569, 0.32681079518220096, -0.6512842495484722]], "T": [0.04872896640614108, 0.06313670985940437, -0.05723417192574579], "aligned_model": [[-0.06647849063232147, -0.15647971509586225, 0.4863029323792226, -0.717922845866058, 0.48386627750998923, 0.34519285276779177, -0.5552353016184868, 0.12147107017859132, 0.08933100854946921, -0.09672821629608366, 0.7312509426570383, 0.6477336656771495, 0.054994127299317803], [-0.3104687891244883, 0.49406379991663674, 0.5356454502147606, -0.22052290538777078, -0.10645887019498662, -0.6156446979217705, 0.4528800678028392, -0.2935789571286006, 0.6952057834500265, 0.25773485020917664, -0.09838944562507598, 0.46550136554726873, 0.09151772475046147], [0.5433645048640784, 0.6109381589129679, 0.32866348680127866, 0.24273457128189477, 0.49012036465079684, -0.011558981412113346, -0.10641834843374678, -0.5031004935192014, -0.25805632158375963, -0.7167318250904093, -0.11042446265000147, -0.5832057387141566, 0.025373165860211287]], "inverted": true, "swapped": true, "error_lsq": 0.04385202953302811, "error_max": 0.26465610909341214, "target": "359.xyz", "model": "13.xyz", "model_rescale": 3.9028299243045295, "target_rescale": 3.977494471246927},
{"mapping": [6, 7, 4, 9, 3, 10, 1, 11, 13, 12, 5, 0, 8, 2, 15], "R": [[-0.7337020344586254, 0.4879081266680135, -0.472892148975413], [-0.6652643565053783, -0.6574096557137633, 0.3538868188246013], [-0.13821961002245392, 0.5742457701242745, 0.806930687791473]], "T": [-0.012328102787078351, 0.00042109660592680453, 0.041920906079669674], "aligned_model": [[-0.6309271331416216, -0.09789831604816152, 0.41514864806816915, -0.40702804988225433, -0.21458372912916296, 0.4166544614227907, -0.5807542681308326, -0.3578860521042836, 0.5703810666709137, 0.1239184588971057, 0.48222941345918646, 0.20415903391505866, 0.3392451776031101, -0.3403474540575034, -0.05827869983802754], [-0.2409597753363072, -0.7518426377190366, -0.5106373813167028, -0.22420745398631542, -0.513283564962718, -0.32674060175499786, 0.31485882503194357, 0.4402379959878743, 0.3865828731074119, 0.6792707310538126, 0.11186685007742693, -0.3140977018067752, 0.38322620985228806, 0.2083257004543564, -0.05902357648936346], [-0.01706024814829373, -0.45547729301144474, 0.1662033807265578, -0.5862505852231081, 0.3315579678203353, -0.472172261331156, 0.027109922395678922, -0.4407875846470461, -0.33752666341317633, -0.02765162585712124, 0.11329695817452731, 0.7777385834510883, 0.6132033522879758, 0.6674836530895452, -0.043672321352795716]], "inverted": true, "swapped": false, "error_lsq": 0.043303207012341, "error_max": 0.3427929001493654, "target": "359.xyz", "model": "14.xyz", "model_rescale": 3.942246331269136, "target_rescale": 3.977494471246927},
{"mapping": [4, 11, 6, 13, 10, 8, 3, 12, 0, 1, 7, 9, 2, 5, 14], "R": [[0.6546008037650273, -0.7286987135833674, 0.20123611140182035], [0.4536018159424129, 0.5915545259537556, 0.6665648020990704], [-0.6047670462946254, -0.3450527896504725, 0.7177711279164838]], "T": [-0.06651805982467825, -0.08115505609013432, 0.03190004954401963], "aligned_model": [[-0.6025306311273585, -0.06911541170330417, 0.30637842424427464, -0.44511750057563654, -0.35249904834929274, 0.5163618517034655, -0.6544027591548277, -0.34286502425434073, 0.4895198743419133, -0.2315069508246273, 0.7575477483680639, 0.23874242292292308, 0.40631009559591763, -0.13192898650373955, -0.020861546978944136], [-0.31262901948265065, -0.6913321242508966, -0.49694847476269544, -0.18894716514613383, -0.6200371086597483, -0.2172513963725819, 0.3250675148811393, 0.4283632839592477, 0.38057168408220754, 0.7113686591274088, -0.12132028012486404, -0.35117935207644047, 0.37831078637946214, 0.3561620323708946, 0.0033774522685482145], [-0.0207716183567963, -0.3446477215428704, 0.06111365076020559, -0.6794178619369422, 0.4017939852391131, -0.45857902359413033, 0.10885934805716277, -0.5443808494684166, -0.10355369180641102, -0.004517836789595851, 0.2561361007822667, 0.7262092194259698, 0.41657210946616563, 0.4871524333928791, 0.014026991332966463]], "inverted": true, "swapped": false, "error_lsq": 0.0448472125717548, "error_max": 0.38499811172142095, "target": "359.xyz", "model": "15.xyz", "model_rescale": 4.355366556412066, "target_rescale": 3.977494471246927},
{"mapping": [13, 12, 11, 3, 4, 6, 1, 7, 10, 9, 5, 14], "R": [[0.9383614625211676, 0.3360038005832513, 0.08111233968236051], [0.12267469429038155, -0.10434305681707716, -0.9869465263502527], [-0.32315427435808014, 0.9360630173699201, -0.13913066691575843]], "T": [-0.015881073658024446, 0.039478435135306404, -0.05767915695456963], "aligned_model": [[-0.29546372713363017, 0.4845022034440288, 0.2886577970570801, -0.47762841200360895, -0.3915500665028992, -0.5487038091720948, -0.3248415797935753, -0.031917678552487685, 0.602310961993862, 0.1584841215045908, 0.2092563836069486, -0.07529763981643331], [-0.6993936578201967, -0.4429062009404058, -0.5616661314443898, 0.5659969530343251, -0.3241695715682644, -0.10795216999725843, 0.4255604106122757, 0.6502739113975541, 0.023900751609561934, -0.008442747936295951, 0.514883417843473, -0.023308537049398552], [0.16629538118429535, 0.13209292793947297, -0.609113932589252, 0.008076449943600919, -0.5477868314766052, 0.45027422438092746, -0.6110374245848357, 0.5934903666308433, -0.3796214775569926, 0.5816874939884576, -0.29142578306867695, -0.043672933581814205]], "inverted": false, "swapped": true, "error_lsq": 0.046678348226932176, "error_max": 0.26681737031641045, "target": "359.xyz", "model": "16.xyz", "model_rescale": 3.795458400668931, "target_rescale": 3.977494471246927},
{"mapping": [2, 10, 12, 1, 13, 8, 5, 4, 3, 7, 9, 6, 14], "R": [[-0.16727424914691716, 0.10236875671431143, 0.9805814414015294], [0.2659552614777533, 0.9624091839773433, -0.055103189457271086], [-0.9493614298383072, 0.2515734490061106, -0.1882117830810146]], "T": [-0.03754219337021952, 0.04949371108302908, -0.034013148771432786], "aligned_model": [[0.027561906360918736, -0.052911391656615625, 0.4253728396938906, -0.4173796870045567, 0.7156215943242021, -0.35745784591148705, -0.5252954046542211, 0.3353091954771566, -0.5427718859453206, -0.6382683156605216, 0.011426813186283274, 0.1394979546901132, 0.027926028004380613], [-0.44106006482446725, 0.13629464501192382, 0.4965197161804459, -0.5865086278875917, 0.08471035535632127, 0.5857771706910582, -0.02117834562765969, -0.5623458274558317, -0.1659644895713229, 0.5678366662308258, 0.6751984959700355, 0.16642063239634922, 0.028080939000399163], [-0.4910055668220848, -0.7255912720340401, -0.3580026983871836, -0.07812393824507616, 0.29120542462090027, -0.3565304490312721, -0.3313959370252979, -0.019631962968563343, 0.4053919894661797, 0.37561929844451525, 0.18412656328383686, 0.6861516722713478, 0.0200619072630338]], "inverted": false, "swapped": true, "error_lsq": 0.03878802975986673, "error_max": 0.21324651698592412, "target": "359.xyz", "model": "17.xyz", "model_rescale": 3.7474275329858107, "target_rescale": 3.977494471246927},
{"mapping": [13, 6, 0, 9, 11, 10, 4, 3, 12, 2, 8, 7, 5, 14], "R": [[-0.6316297045062298, -0.6556794613232689, 0.41367663746482036], [-0.4412175765368801, -0.13472998590918994, -0.8872287647793164], [0.637472326097608, -0.7429214459791407, -0.20419784172210959]], "T": [0.018816079122392845, -0.004714756328470487, 0.048933655500466765], "aligned_model": [[0.44046255811570084, 0.2583411155707814, 0.6461132810583516, -0.3958049411475282, 0.28995707138982235, -0.3061235821156774, 0.6923772637147028, 0.1282652747716847, -0.2585493074729333, 0.28780623305391306, -0.6790929234111333, -0.5278227098979473, -0.24587042505786721, 0.08478873931100615], [-0.44223537771037646, 0.22622674885760874, 0.31691573571345155, -0.04793792206488212, -0.7459561669880296, -0.391191483787658, -0.17756403077406366, 0.6897391212815129, -0.647066935115467, -0.21250449099640292, -0.029854667655873995, 0.6052755547435555, 0.24021540414940604, -0.023653248141548], [-0.5033823556974347, -0.6240791723991226, -0.09513638313276873, -0.46847386561150356, 0.4166873215864143, 0.5296631747202145, 0.22217065075320155, 0.026331897990515697, -0.12294981100152905, 0.6304758674414517, 0.12801836829671848, -0.30666146496949875, 0.4975810988904103, -0.0054506082054138]], "inverted": false, "swapped": true, "error_lsq": 0.033628801415387405, "error_max": 0.2448823153567373, "target": "359.xyz", "model": "18.xyz", "model_rescale": 3.922800546911778, "target_rescale": 3.977494471246927},
{"mapping": [12, 7, 11, 3, 13, 9, 5, 0, 2, 1, 10, 4, 6, 8, 14], "R": [[-0.8423231566236652, 0.3860875021848381, 0.3760693293426323], [0.4724870628000918, 0.19324076862579265, 0.8598918425171013], [0.25932156736778916, 0.901994703974245, -0.3451925241083992]], "T": [-0.05357998253824225, 0.012720747813447612, 0.08448668398477246], "aligned_model": [[-0.7388016579199804, -0.12454121394492987, 0.33063945452909316, -0.26952140334682345, -0.21280330755843174, 0.46012817101343195, -0.7143527544310934, -0.3141512043105637, 0.43427833907628155, 0.056851947883761224, 0.7480568766311967, 0.34237563858739795, 0.28123212162480904, -0.3625680877082238, -0.05279036242143857], [-0.3333977488188564, -0.6747130809384229, -0.5826324872246733, -0.09272063688597415, -0.5509500959804643, -0.24065684894606587, 0.37966711236139067, 0.4691225360416859, 0.25755982785842363, 0.7446605051820597, -0.03532302919957323, -0.21639858661640168, 0.3658467974254952, 0.1567756067716256, -0.06326337883735181], [-0.08664860297426111, -0.3162754072656927, 0.15641416467267588, -0.5083038867541227, 0.44328587496262284, -0.494000059467389, -0.02164262231561548, -0.5653153487629131, -0.3793851147937003, 0.09169808206647301, 0.15979132377931923, 0.645370464978301, 0.5733328969233729, 0.5925862829765673, 0.025087186935929193]], "inverted": true, "swapped": false, "error_lsq": 0.033853392175928, "error_max": 0.22044203759088898, "target": "359.xyz", "model": "19.xyz", "model_rescale": 3.9282355846067225, "target_rescale": 3.977494471246927},
{"mapping": [6, 9, 12, 7, 3, 8, 5, 10, 1, 4, 13, 0, 11, 14], "R": [[-0.823054864849296, 0.01102443122846783, -0.5678548682225026], [-0.28164326631565284, 0.8603029011492481, 0.42491880261202525], [0.4932116786806222, 0.5096639875351954, -0.7049715312143937]], "T": [-0.013715485805295177, -0.08258923825867237, 0.013312192876016642], "aligned_model": [[-0.5606993275065174, -0.07686694962905792, 0.5475987382659698, -0.5380824984673719, -0.6545702580752882, 0.23484343462612428, 0.034859683397866284, 0.6114379348491461, -0.24576190757451633, 0.021038506560233358, 0.017579332730989175, -0.5263626133438628, 0.7058292640581026, -0.038320520807140615], [-0.5564318592103639, -0.6542473677779005, -0.5333791137699228, -0.29471053685810633, 0.17598072971636336, -0.16709687649202565, 0.35823537665326627, 0.14184245764323358, 0.6088921992280402, 0.1522714602485974, -0.6552512038971119, 0.037519493059318676, 0.034188764951417816, -0.12493143606997034], [0.21314796521925797, -0.31941630151644607, -0.0150891331871102, -0.6776247258638636, -0.11784758189705141, -0.6386389593671133, -0.3536324477604738, -0.1985002937270408, 0.15016663471081493, 0.6894817055733092, 0.6009701980553247, 0.5036905613704193, 0.4895655670312854, 0.08590996860236985]], "inverted": true, "swapped": true, "error_lsq": 0.040316576132540145, "error_max": 0.21658419808016177, "target": "359.xyz", "model": "20.xyz", "model_rescale": 4.067790424073018, "target_rescale": 3.977494471246927},
{"mapping": [4, 0, 7, 2, 8, 0, 6, 3, 12, 11, 9, 1, 10, 13, 14], "R": [[-0.937159498622248, -0.3480236276831873, 0.02473112848883073], [-0.22209991828453363, 0.540400407801767, -0.8115657863326222], [0.26907935714227554, -0.7660593670349043, -0.5837373945002853]], "T": [-0.10248654842714286, -0.017219655370700117, 0.0736561234996943], "aligned_model": [[-0.7835683211234546, 0.10799567102191107, 0.3928822125011092, -0.4902534538352271, -0.15414363447937113, 0.10799567102191107, -0.7475350656385477, -0.12137299420538918, 0.49031838595639043, -0.04702233066734214, 0.645870076323252, 0.2863294517972229, 0.3842224329256029, -0.16114172806385438, -0.04654381582972647], [-0.4377888036787624, -0.4195530485063269, -0.5730671452310189, -0.19172095124571775, -0.5680025185606709, -0.4195530485063269, 0.3105152443148954, 0.4200030022464069, 0.36833650430863774, 0.6258352068946029, -0.0074321990138791, -0.32094027986003126, 0.4108469018265177, 0.3608771378121357, 0.025220489392434944], [0.03216268873515171, -0.47249688215415386, 0.1216906519264121, -0.5370058585714917, 0.21199512668355439, -0.47249688215415386, -0.08145399437406692, -0.6558811726565195, -0.22120422378617444, 0.035756009457736104, 0.2832186854213085, 0.7293092341520846, 0.5748149921566925, 0.6599375320091564, 0.10764932811603128]], "inverted": true, "swapped": false, "error_lsq": 0.04834910587692756, "error_max": 0.3325451367358714, "target": "359.xyz", "model": "21.xyz", "model_rescale": 4.186013935880536, "target_rescale": 3.977494471246927},
{"mapping": [6, 13, 0, 7, 8, 3, 9, 12, 1, 2, 10, 5, 14], "R": [[0.4562988334747895, 0.26158375430802927, 0.8505088559513436], [-0.1778718806802496, 0.9633369618311385, -0.20085689441297017], [-0.8718675178218407, -0.0596308431272657, 0.4860979262608658]], "T": [-0.046615721595979376, 0.0146086224764743, -0.004009798986051961], "aligned_model": [[0.15621863138686443, -0.47737969070997127, 0.3287413041295234, 0.4715812530837765, -0.14073206111161932, 0.6517688027689884, -0.17409891815779888, -0.7264762276503672, 0.4355682305531342, -0.17869359616407798, -0.4276577067823638, 0.2021977272913993, -0.062463713214262445], [-0.4007844237151626, -0.11113684531958457, 0.23813142420288375, -0.6723107943831865, -0.3402849767859619, -0.025396065497240737, -0.6374132228787753, -0.206413233153129, 0.5749687800673005, 0.661299534980874, 0.2467559901945466, 0.17764591241786806, 0.013894579415661268], [-0.5955834045891754, -0.691682325592528, -0.5757167075908673, 0.23466077971889177, 0.5952864804915426, -0.07759536187716053, 0.0062334028130575855, 0.08560513822777217, 0.06092392545009877, 0.13041460262499027, 0.531681828864444, 0.48878322775900224, -0.0901320249647222]], "inverted": true, "swapped": true, "error_lsq": 0.044904239653568344, "error_max": 0.2758704578357298, "target": "359.xyz", "model": "22.xyz", "model_rescale": 4.166573947596378, "target_rescale": 3.977494471246927},
{"mapping": [13, 6, 1, 12, 5, 2, 14, 11, 3, 9, 4, 0, 8, 10, 15], "R": [[-0.23184469459971102, -0.6696104155022556, -0.7055989859947813], [0.3303469612424576, -0.7364528773040973, 0.590345699322347], [-0.9149420324719164, -0.09622396251149307, 0.39194645840311637]], "T": [-0.010220610252615057, 0.038469957591734084, 0.004846632220587111], "aligned_model": [[-0.71469141917561, -0.08927682414611493, 0.30744203376449597, -0.4043360091447438, -0.2696033417778967, 0.4332140684200981, -0.7701470575413512, 0.011443790585949411, 0.44053773577367666, -0.09892257797720347, 0.7055937523355165, 0.42660464780372404, 0.40561172443855625, -0.5234023898139444, 0.003964424159334843], [-0.2642405188044861, -0.6009223649479533, -0.5979209809081806, 0.0019843652318300986, -0.651112124352492, -0.2560107322536015, 0.25309896708513574, 0.4230134707939204, 0.3464853858294845, 0.6317218745721447, 0.014171172012731527, -0.34816801697045396, 0.48764702478853394, 0.17167444644773347, -0.027845476331449785], [0.3638736308587102, -0.400165966211849, 0.0517089716670711, -0.5173824450390597, 0.3898909570057943, -0.40680376344026326, -0.044386956062688235, -0.6834485570818152, -0.24688747645605097, -0.020318625635201797, 0.16877613138570563, 0.5762051303533061, 0.5334320765443572, 0.53384782161335, 0.017654305460200678]], "inverted": false, "swapped": false, "error_lsq": 0.04048880928202297, "error_max": 0.3794149204692887, "target": "359.xyz", "model": "23.xyz", "model_rescale": 4.274766983524099, "target_rescale": 3.977494471246927},
{"mapping": [11, 5, 1, 0, 3, 6, 13, 9, 12, 8, 14], "R": [[0.8530964890414479, 0.2562690295418094, 0.4544805440091515], [0.4951701404244754, -0.12317290573666949, -0.8600203295994758], [-0.16441688604629523, 0.9587255184827851, -0.23197514477364767]], "T": [-0.02005223626481497, 0.14420837132286815, 0.007725814884128143], "aligned_model": [[0.5385981267514042, 0.03480507421506177, -0.39366863412948044, -0.6449408826658416, -0.6481263403244066, -0.507765370870404, -0.026571085856640884, 0.09541603748725577, 0.6020391000414268, 0.38314719255331564, -0.053038513243615734], [-0.2167907831235343, 0.6986893675388437, 0.4772433292084991, -0.12797712117502572, 0.4563995460154666, -0.259202538478569, -0.6710178284784069, 0.062122034435041884, -0.15339127200127087, 0.5864017443125971, 0.06311005298984143], [-0.5542247237532355, -0.13675864029867557, -0.5401973207537566, -0.2227809448266574, 0.0607894017602007, 0.4115178710305852, 0.10584192653249551, 0.6568931942727084, 0.21636096752236095, 0.3763158639110336, 0.005808838624518099]], "inverted": false, "swapped": true, "error_lsq": 0.050123500636893484, "error_max": 0.2440329567363063, "target": "359.xyz", "model": "24.xyz", "model_rescale": 3.7841303162186577, "target_rescale": 3.977494471246927},
{"mapping": [11, 14, 12, 10, 13, 9, 7, 0, 8, 1, 2, 5, 4, 6, 15], "R": [[-0.8854167273928367, -0.4639008055851874, 0.028866268036814524], [0.27096590130584997, -0.5656395505395541, -0.7788641596548912], [0.3776436139834321, -0.6817975809892739, 0.6265280196245873]], "T": [-0.046259266315689274, 0.002715229632861634, -0.017318626098627908], "aligned_model": [[-0.7416215435865214, -0.0010214633781999993, 0.33731927334984807, -0.4154646381606228, -0.28687993459769373, 0.31585651727245423, -0.6119672648197385, -0.2273439988355037, 0.3492464245822139, 0.1654213512717169, 0.7019205294717923, 0.5105761274759797, 0.25611420552663905, -0.40966932693578456, -0.07845370093209231], [-0.24847194836266445, -0.7256031335455921, -0.617453023990604, -0.21618517292918918, -0.6778262057637227, -0.3234856615296662, 0.26598119973243084, 0.6114909799162201, 0.37129930217545615, 0.7153722423012003, 0.0058558065177688225, -0.25000667799600707, 0.3531638403462515, 0.3002488666576501, 0.01919607866336544], [0.1895723454831508, -0.3284534286408833, 0.19108182383805125, -0.6661831053515881, 0.284285495184419, -0.34074689698297883, -0.20026957448735444, -0.3887083874905576, -0.25643954441016065, 0.0013278812327006465, 0.07760322533429526, 0.6114935295321183, 0.5678825338741005, 0.531710803824695, 0.04183853402155932]], "inverted": false, "swapped": false, "error_lsq": 0.04580266674656998, "error_max": 0.3234086944796212, "target": "359.xyz", "model": "25.xyz", "model_rescale": 4.19342608120988, "target_rescale": 3.977494471246927},
{"mapping": [13, 12, 11, 3, 4, 6, 1, 7, 10, 9, 5, 14], "R": [[0.9383614625211676, 0.3360038005832513, 0.08111233968236051], [0.12267469429038155, -0.10434305681707716, -0.9869465263502527], [-0.32315427435808014, 0.9360630173699201, -0.13913066691575843]], "T": [-0.015881073658024446, 0.039478435135306404, -0.05767915695456963], "aligned_model": [[-0.29546372713363017, 0.4845022034440288, 0.2886577970570801, -0.47762841200360895, -0.3915500665028992, -0.5487038091720948, -0.3248415797935753, -0.031917678552487685, 0.602310961993862, 0.1584841215045908, 0.2092563836069486, -0.07529763981643331], [-0.6993936578201967, -0.4429062009404058, -0.5616661314443898, 0.5659969530343251, -0.3241695715682644, -0.10795216999725843, 0.4255604106122757, 0.6502739113975541, 0.023900751609561934, -0.008442747936295951, 0.514883417843473, -0.023308537049398552], [0.16629538118429535, 0.13209292793947297, -0.609113932589252, 0.008076449943600919, -0.5477868314766052, 0.45027422438092746, -0.6110374245848357, 0.5934903666308433, -0.3796214775569926, 0.5816874939884576, -0.29142578306867695, -0.043672933581814205]], "inverted": false, "swapped": true, "error_lsq": 0.046678348226932176, "error_max": 0.26681737031641045, "target": "359.xyz", "model": "26.xyz", "model_rescale": 3.795458400668931, "target_rescale": 3.977494471246927},
