[{"mapping": [11, 12, 7, 13, 4, 1, 3, 5, 6, 14, 2, 0, 8, 16], "R": [[-0.8891379076338503, 0.44853264472860765, 0.0908418836289698], [-0.3000902754641309, -0.4215705517944609, -0.8557009386646574], [-0.34551354210849794, -0.7880969080465131, 0.5094346432538377]], "T": [0.05918130643351883, 0.10222938131406076, 0.18419843254687943], "aligned_model": [[-0.025077292420346085, 0.31544491894698073, -0.5471439479170664, -0.38869765837419473, -0.6047120741938429, -0.15457988018206678, -0.5303995980150957, -0.025853373899622535, -0.4153284665401942, 0.2934559946253313, 0.6229503740675113, 0.19970142025492144, 0.619334166745914, 0.012397518030074571], [-0.6916226258279256, -0.4104516853348248, -0.3304367765064564, -0.4326250273020805, 0.29653862039365614, 0.1558115971553661, 0.16252874850800256, 0.4955170565814797, 0.7916146521092814, -0.11121620810457836, 0.5135043733073686, 0.7433365289701336, 0.000475937929747941, 0.05229813993086456], [0.18238747716013545, -0.2824413739574033, 0.24208381353378827, -0.29298755739190163, 0.5891464972848431, -0.6471455936361548, -0.004509374041446523, 0.6096115950081978, 0.17603795154582855, 0.6676122390572018, 0.4704879905719299, -0.08058972037651765, 0.1254919888392089, 0.1424021535821236]], "inverted": false, "swapped": true, "error_lsq": 0.038718983989237656, "error_max": 0.23303815679366005, "target": "36.xyz", "model": "0.xyz", "model_rescale": 3.8414455957264533, "target_rescale": 4.288804355091905},
{"mapping": [2, 4, 10, 15, 14, 11, 12, 8, 1, 9, 13, 6, 3, 0, 16], "R": [[0.5594431990616291, 0.828868345909423, 0.0007564212236824686], [0.2737169881712868, -0.18388323615998212, -0.9440688353323459], [-0.7823696807840461, 0.528359934711849, -0.329747573123989]], "T": [-0.09944545905759986, 0.038635706075340136, -0.04605055204779276], "aligned_model": [[-0.6255064250219095, -0.4593604340217442, 0.014436216932452145, -0.366989000004741, -0.42734474103422404, 0.32384934325755965, 0.5287619663312313, -0.06741114650775382, 0.6030772793817267, 0.25537876262537296, 0.6375958110452038, -0.3900242115355116, 0.10303391520647867, -0.22511046719250705, -0.032342715957089485], [0.013651525976320987, 0.29360533334723943, -0.7145823161153566, -0.3343618388347874, -0.4373944481922253, -0.5635409931368892, -0.2777076600105198, -0.24838091453719105, 0.5276342670454387, 0.2415226605090675, -0.0011439217482966321, 0.7911913253748983, 0.4110041682289786, 0.6097633903953718, 0.0357839497409657], [0.4939309684949502, -0.7153375878799003, 0.10809480533273055, -0.6524102971170391, -0.04919866285475218, -0.35509510149402396, 0.1809911393501686, 0.44808171668310626, 0.03785414372584906, 0.6335995063892035, -0.4578260028734399, -0.2689904501283561, -0.5012385618116427, 0.35257021638551667, -0.08984404486283556]], "inverted": false, "swapped": true, "error_lsq": 0.04723481588051661, "error_max": 0.3124334929354853, "target": "36.xyz", "model": "1.xyz", "model_rescale": 4.316132596720782, "target_rescale": 4.288804355091905},
{"mapping": [1, 12, 13, 5, 3, 0, 15, 2, 11, 9, 10, 16], "R": [[0.1513152387859807, -0.7438119899029009, -0.6510356535458169], [0.7090120749882084, 0.540591435105378, -0.4528385780955759], [0.6887710621331712, -0.39307076203578795, 0.6091714044507903]], "T": [-0.13591729010883344, 0.10962521655367763, -0.041843924898068326], "aligned_model": [[-0.12471064317035499, 0.5166833172275397, 0.16581677313347046, -0.591359959588319, -0.4584017204473475, -0.5373412036488856, -0.16254099116643292, -0.23594798317637933, 0.475147577997431, 0.09378330317848924, 0.5676073407474154, -0.11092725645484601], [-0.7288707139867797, -0.22844918396850272, -0.5412664750956225, 0.4776469532256944, -0.3103005253932517, -0.03475363088404568, 0.45768763878692686, 0.6315395032713286, 0.02962951868789343, -0.21453146478002072, 0.42523598937792734, 0.04920881849943294], [0.1491973642503081, 0.03615460860615032, -0.4886859947039537, -0.045642256935077265, -0.36821557850998704, 0.5228600977044039, -0.7175084748213848, 0.4934538702203196, -0.5492926568630124, 0.6445580199534219, -0.13936392354960808, -0.08825661414215949]], "inverted": true, "swapped": true, "error_lsq": 0.03795849915324873, "error_max": 0.231272086864982, "target": "36.xyz", "model": "2.xyz", "model_rescale": 3.795458400668931, "target_rescale": 4.288804355091905},
{"mapping": [13, 12, 10, 2, 3, 5, 8, 1, 9, 0, 15, 16], "R": [[0.15003828160819227, 0.017787186828513893, -0.9885201717905348], [0.16998908166872484, -0.9854129036432627, 0.008069786042858199], [-0.9739569940020372, -0.16924841304449934, -0.1508732862916234]], "T": [0.02027566969514948, 0.1419961964922808, 0.07731214826937106], "aligned_model": [[-0.03592717886828725, -0.17589086217596311, -0.6663677656299153, 0.06219872975929604, 0.3024659968657144, 0.10834441070456156, -0.1475800127132599, 0.5821966774495265, 0.40018035426742626, 0.6494393079919331, -0.5002880886127332, 0.014532256705266169], [-0.12841044475399377, -0.5300037047466338, -0.20714773406248543, 0.16174629303682622, 0.3765785214410174, 0.6401116694423662, -0.26860065916090975, -0.312428124963782, -0.5154726271723642, 0.09677884824449179, 0.6509326819500302, 0.12168432603514717], [-0.7214949390242195, -0.15975418996023089, 0.18068779706007743, 0.8301712203509357, -0.42487511253562804, 0.3722821868100343, 0.43898344751835, -0.3889936588373891, 0.30621108460329055, 0.3982257671066872, -0.1426330325331303, -3.913991967724462e-05]], "inverted": false, "swapped": true, "error_lsq": 0.04080108331243274, "error_max": 0.2000817351385032, "target": "36.xyz", "model": "3.xyz", "model_rescale": 3.7530521520055578, "target_rescale": 4.288804355091905},
{"mapping": [5, 15, 14, 10, 2, 13, 0, 3, 1, 12, 16], "R": [[-0.7116277566539488, 0.5135303050151767, 0.47945027040422833], [0.6986023220753763, 0.589537312370402, 0.4054633804845699], [-0.07443609037664549, 0.6234840680836221, -0.7782845786056263]], "T": [-0.07498104320577355, -0.11811729146884777, 0.013767626762598259], "aligned_model": [[-0.27824688572165013, -0.21199025246175263, 0.26690471296925683, 0.5902447609058612, 0.2906589726488822, -0.30079412166605435, -0.2351058958451352, -0.6505436717192526, -0.36193087144732555, 0.3293374864550027, -0.1003346316726276], [-0.6200281462567508, -0.017996836211874825, -0.26264108608834874, 0.15117290979446207, -0.7725759462135411, 0.6941061855875346, -0.5470002227998467, 0.11618395849461872, 0.32232275773727503, 0.44573564551580647, -0.042075861244988286], [-0.20905728720425984, -0.7275711799041961, -0.42935714122927177, -0.284602333737336, 0.09704811505216505, 0.07437085639549014, 0.5534865405249587, 0.0398995567721736, 0.6944805969309628, 0.2684478502582024, 0.01568520338642711]], "inverted": false, "swapped": true, "error_lsq": 0.04564220449070566, "error_max": 0.2185266621412989, "target": "36.xyz", "model": "4.xyz", "model_rescale": 3.7855080009869324, "target_rescale": 4.288804355091905},
{"mapping": [8, 11, 15, 4, 5, 10, 7, 0, 14, 13, 14, 2, 12, 1, 9, 3, 16], "R": [[0.9129034123522013, 0.3464498459506679, 0.21582368719967923], [-0.05016709090992469, 0.6199767278901436, -0.7830147635033877], [-0.4050810075840904, 0.7039896029881332, 0.5833592513874009]], "T": [0.09026857024879238, 0.029589509024140367, -0.05442872755526382], "aligned_model": [[-0.37603522049506616, 0.3708180828048326, -0.7322632860874223, 0.7711623655326919, 0.456649796413967, -0.26558489977574434, 0.31000795135258663, 0.7516025048838822, -0.3148952463940555, -0.23164492512255902, -0.3148952463940555, 0.1593879027442371, 0.11746052246500747, 0.7251131055391274, -0.3375018556663615, 0.12197989112880857, 0.060182418362240774], [-0.0814103536785725, 0.6950329877605931, 0.0007284777072029368, -0.10602183253303404, -0.6832128088903023, -0.6011646798513967, -0.4875555988396615, -0.18060530175822298, 0.36480759397421153, 0.5450839301464834, 0.36480759397421153, 0.11087711701910824, 0.6922332025499079, 0.3734591119193406, -0.23347728684312619, -0.3942774600609124, 0.04329758765232656], [-0.5697438536494887, -0.38746502574517006, -0.09832055901943375, -0.3093679113821096, 0.058623903147449835, -0.13493795163390046, -0.5500546083167174, 0.30184287072440596, 0.37121022242309143, -0.4487697502309901, 0.37121022242309143, 0.6765983104129171, 0.09798254556897906, 0.1732334151168667, 0.4502715229633386, 0.4948870195755969, -0.012077054143603105]], "inverted": true, "swapped": false, "error_lsq": 0.041450269695607216, "error_max": 0.29805031357851225, "target": "36.xyz", "model": "5.xyz", "model_rescale": 4.2253639853439635, "target_rescale": 4.288804355091905},
{"mapping": [1, 0, 8, 12, 9, 14, 10, 13, 5, 3, 2, 15, 7, 16], "R": [[-0.9762251750740041, -0.21675846779577024, -0.0004173614268983411], [-0.2119263701042171, 0.9540547844730229, 0.21181756744563135], [-0.04551506570555541, 0.20687009175558518, -0.9773091342716773]], "T": [-0.017991435573371316, 0.052202256791631596, 0.019119871995686776], "aligned_model": [[0.5484002222835799, -0.23843487757559864, -0.38076084665075477, 0.2187332161964396, -0.15576208903835745, -0.3619771827924844, -0.2063824523494513, 0.7753288567030227, -0.31981946067387973, 0.5090712538081696, -0.7561338098146413, 0.09692706775414686, 0.5863686474177886, 0.058503607489803634], [-0.25857180721204487, 0.14504215237412996, -0.3902343379706599, -0.6435371782463393, -0.5062615984918485, 0.06824829806553057, -0.44331831252248555, -0.21353156011780577, 0.5535109903191812, 0.3505796712966204, 0.07107743190795354, 0.434274422977686, 0.24569563296940963, 0.03212534128566329], [-0.5486104862560791, -0.6469600674703744, 0.0339404890962233, 0.09769278075277964, -0.5268882926790518, 0.48339230038658915, 0.5874819101947784, 0.13911873424214527, -0.002602193396021236, -0.1224009138169591, -0.134938411806142, 0.6665713780336435, 0.4134423783032948, 0.032318603346622156]], "inverted": true, "swapped": true, "error_lsq": 0.04446076633372575, "error_max": 0.3146973233161057, "target": "36.xyz", "model": "6.xyz", "model_rescale": 3.89814844738969, "target_rescale": 4.288804355091905},
{"mapping": [8, 10, 14, 9, 5, 11, 12, 0, 1, 13, 15, 3, 16], "R": [[0.5055953800642818, 0.8576750495439618, 0.09363130377933293], [-0.4881227794789121, 0.3738426178377, -0.7886557228867596], [-0.7114137079164531, 0.3530371177057997, 0.6076638295229899]], "T": [0.09534590830105037, 0.04332015575698596, 0.025241884216927055], "aligned_model": [[0.019387926810949155, -0.10308557124463345, 0.37002743494014967, -0.2535950320893275, 0.6655112913987515, -0.38193938363199853, -0.5691235384639419, 0.27110171931813437, -0.5524060328852113, -0.6304228869577706, 0.3372630422156324, -0.05360801997839802, 0.02952085147188689], [-0.21703126435440034, 0.3181881540684453, 0.31593138440230695, -0.650074125949812, 0.05186175628165608, 0.613931400320109, 0.0015077573375545245, -0.5964253768274115, -0.3176741290258361, 0.38388733932981123, 0.7642632598521679, 0.21621391816594043, 0.07920119186995421], [-0.478761052067633, -0.6741433799334553, -0.40413642733844607, -0.13733774772239646, 0.15836186073990885, -0.26442233167122536, -0.2956906661223667, 0.27164113649806293, 0.4609003946027036, 0.2929075783748438, 0.01544411773079771, 0.6038373966537333, 0.05367415109176862]], "inverted": true, "swapped": true, "error_lsq": 0.04191414714107001, "error_max": 0.2601746217749373, "target": "36.xyz", "model": "7.xyz", "model_rescale": 3.7474275329858107, "target_rescale": 4.288804355091905},
{"mapping": [0, 6, 4, 5, 7, 14, 2, 8, 15, 10, 9, 12, 1, 13, 16], "R": [[0.9177117391346864, -0.19044431387926197, 0.3486203194959337], [0.3738703828112037, 0.7106780391139284, -0.5959510563609951], [-0.13426131502035027, 0.677250092677911, 0.7233990677743284]], "T": [-0.033827451552349716, -0.08897746038348911, 0.003836849042252774], "aligned_model": [[-0.4751879804517977, 0.038618085026469975, 0.4519939682189541, -0.1494169831390173, 0.7076102470591261, -0.1271350798453717, -0.7240477692229417, -0.4714204445526756, 0.453059677051467, -0.10489207314117201, -0.5507809192393788, -0.00868525907467671, 0.11682959922984636, 0.6145530971491118, 0.031055557270802878], [0.22732396117394868, 0.018965358959476958, -0.42694999303902736, -0.4669822850269377, -0.14781275757104048, -0.6057740338782054, -0.37107375930199715, -0.07865526857996116, -0.6711758855520567, -0.35746551341162247, 0.4924501488200932, 0.30663105877523533, 0.7561816473960352, 0.36266438819595226, -0.049209104980300185], [-0.4500699005693978, -0.8229510086753311, -0.5367605534943636, -0.4281745673645372, 0.07447382520234432, 0.2453892152506844, -0.11001385541477977, 0.37258779686871235, 0.05246578058643862, 0.7297371185150897, 0.15774784282728216, 0.6276376136614541, -0.048185494377803575, 0.3038261475256201, 0.02908469515484824]], "inverted": false, "swapped": true, "error_lsq": 0.03899707497280793, "error_max": 0.2580161013183988, "target": "36.xyz", "model": "8.xyz", "model_rescale": 4.019505241142653, "target_rescale": 4.288804355091905},
{"mapping": [5, 0, 3, 15, 14, 11, 13, 2, 8, 9, 1, 12, 16], "R": [[0.1996681523629905, 0.2136530751470493, 0.9562870868165894], [0.7384340899282757, 0.6086976146543381, -0.29017634077560184], [-0.6440867362116294, 0.764093958485688, -0.036231186040797524]], "T": [-0.013418585916938466, -0.15203144884767195, -0.05695898611949171], "aligned_model": [[-0.28840477926479224, -0.6996097643249369, -0.1219918211013883, 0.4576125286287944, 0.3152242839720727, 0.7543677817145817, 0.3829571403846777, -0.3372209431402, 0.07333818206796718, -0.33450476311067934, -0.27407467710414013, 0.36776102135011113, 0.024246581669108508], [-0.5830951195646369, -0.12330099814259707, 0.24234838195309116, -0.43602539082066516, -0.6256898046889283, 0.06661334716641257, 0.5757235520917758, -0.7303797466236157, -0.30643108342249964, 0.13833372870132293, 0.6570812977626391, 0.27268249365775954, -0.08448242995599997], [-0.34235197206698, 0.1139013983176145, -0.5254978793833881, -0.5821789260536145, -0.01483792835365512, -0.05542694867039966, -0.2231823801821107, 0.3030544464222722, 0.48728861630195885, 0.6075553304966241, 0.07378027358360134, 0.41270663776443095, -0.07810717413247481]], "inverted": false, "swapped": true, "error_lsq": 0.04357052109763778, "error_max": 0.3036484343032468, "target": "36.xyz", "model": "9.xyz", "model_rescale": 3.877068213659057, "target_rescale": 4.288804355091905},
{"mapping": [15, 4, 0, 13, 3, 7, 12, 6, 5, 2, 8, 14, 11, 1, 9, 16], "R": [[-0.30554221009050236, -0.526247989357636, -0.793540806480711], [0.9448975238132715, -0.06470943231690698, -0.3209070875826394], [0.11752713450331134, -0.8478654038621163, 0.5170218850195525]], "T": [-0.041962622255815096, 0.10631651653312929, -0.0629370948541988], "aligned_model": [[0.2147943968279667, -0.30602525721989826, -0.6424586377718606, 0.5279675410105216, -0.10140975300826377, 0.3586686109722345, 0.5304059160347836, -0.7425810742310677, -0.4847976372170409, -0.462853195796254, 0.08626939561684682, 0.1223406396165333, 0.7431329883210811, -0.006465731129788377, -0.13232223598615273, 0.010742559277453191], [0.04241631194115761, -0.31587770056318165, 0.10456887723931416, -0.49568573887365813, -0.5072559463278834, -0.40501963840222727, 0.14108283704418037, -0.33616071163052325, 0.20945977239893032, 0.7308941987462731, 0.5856081815901812, 0.5328804611625273, 0.0443781295464282, -0.4516171750862073, 0.2752691558383249, 0.046857862509912244], [-0.775938814526931, -0.6910425033914913, 0.3116006525076955, 0.10181777764295669, -0.1456846888118829, -0.43200482188619954, 0.4033795181312812, -0.1805204992765284, -0.4319100877217573, -0.021727439672033014, 0.22238287656152306, -0.4167452303948547, -0.19367468988319636, 0.5906283227624245, 0.706658703200888, -0.052184748131852386]], "inverted": true, "swapped": true, "error_lsq": 0.04428374863733362, "error_max": 0.3046135241944849, "target": "36.xyz", "model": "10.xyz", "model_rescale": 4.260839863003843, "target_rescale": 4.288804355091905},
{"mapping": [13, 15, 14, 11, 8, 12, 1, 3, 5, 2, 0, 16], "R": [[-0.6880615161540126, 0.49604656588791096, 0.5296311494414319], [0.04825268453127976, -0.696977376052642, 0.7154678299590409], [0.7240462888678918, 0.5178420046129752, 0.4556277316352121]], "T": [0.023284503438575816, 0.0017939390776817669, 0.04960307474581566], "aligned_model": [[0.23032379325114724, 0.11907412790666118, -0.3371073369970925, -0.2640282077396545, -0.5105249729199135, -0.38212495900179255, 0.333276367737778, 0.5930163550390449, 0.2279865852168124, -0.3200864265165807, 0.2224142076583311, 0.0466791154593891], [0.12171285857995241, -0.7338510352450104, -0.43486476633062865, -0.28531942757504236, 0.1833264659426452, 0.32420468795141566, 0.7033242413054663, 0.019867299812400922, -0.27362988067953775, 0.04565957828494952, 0.49357228415168697, 0.009076199334636215], [-0.7610296779520506, -0.11781757765402298, 0.16613398838237356, -0.6376531518308105, 0.14791289790414114, -0.4776161405598606, -0.33957306500646056, -0.1992568532166169, 0.5240724925147054, 0.7197646984253908, 0.5179816217633915, -0.026741155374675717]], "inverted": true, "swapped": true, "error_lsq": 0.044942424697237415, "error_max": 0.23915310801990544, "target": "36.xyz", "model": "11.xyz", "model_rescale": 3.890672605050136, "target_rescale": 4.288804355091905},
{"mapping": [5, 4, 7, 2, 14, 9, 6, 8, 0, 1, 11, 3, 12, 16], "R": [[-0.5267203104508946, -0.45297041703568125, 0.7192937618588349], [0.8037770586468516, 0.009944132295222119, 0.594847505017808], [-0.2766010747476032, 0.891470086723843, 0.3588494530092734]], "T": [0.16070840937119282, -0.00047223926380668326, 0.11995484745722063], "aligned_model": [[0.412974250676736, 0.256157282370256, 0.128025450205796, 0.496645258191839, 0.732700100014702, -0.2707865243834249, -0.18721000219373826, 0.3197990506544419, -0.20343186603851057, -0.6769219725675366, 0.3427654153365607, -0.2210720553148666, -0.04047799113823597, 0.1207094389796746], [-0.23393728776014183, 0.29564659645983077, 0.7248004353591427, -0.6756658137270993, 0.015280374845761724, -0.4646466082071611, -0.2093339366299261, -0.2922910969968515, -0.5809640915307086, 0.0848342985826111, 0.6536735922359193, 0.33760422669645496, 0.20998802155098212, 0.06716380894895066], [-0.3541110420697109, -0.6187579412099492, -0.05637554454579369, 0.13425387896680613, 0.201868939516742, 0.5967586056910141, -0.6120340458701384, 0.5858983620778127, -0.056986138097163325, 0.29544252930931225, 0.5397789510935506, -0.23613541187281195, 0.7992899158004309, 0.13589937656676015]], "inverted": false, "swapped": true, "error_lsq": 0.05258543236288365, "error_max": 0.2923171185709981, "target": "36.xyz", "model": "12.xyz", "model_rescale": 4.124412569039231, "target_rescale": 4.288804355091905},
{"mapping": [3, 0, 9, 4, 1, 13, 5, 11, 2, 14, 12, 8, 16], "R": [[0.0896034858325017, -0.995976129113036, -0.0016629983999289222], [0.906981566967255, 0.080906908206216, 0.4133261537649584], [-0.4115284346291126, -0.038543773057712435, 0.9105815312481295]], "T": [0.01529118065008267, 0.1284506861411189, -0.0518472782777301], "aligned_model": [[-0.17681496513841016, 0.035841084657129166, 0.6528999204842505, -0.7158923792812271, 0.5077034706103801, 0.34978996991837996, -0.5049864312252272, 0.28539045013517045, -0.06567731140031784, -0.1412353776114617, 0.7038674719323887, 0.39458429780251053, 0.04182810662619205], [-0.2951115351771796, 0.6103982666310248, 0.5021783028757243, -0.16222249534339087, -0.13126763946124334, -0.6321368242729768, 0.3965748186894029, -0.45749523750242893, 0.860581828813374, 0.2397361950144865, -0.09989509285187756, 0.46188287090293545, 0.05426191819062616], [0.3611207183806217, 0.4660149371791393, 0.23585101835033373, 0.10103548602024691, 0.6037244696418599, 0.10303484950768364, -0.03443730129597973, -0.5219723249118373, -0.21424335248729337, -0.5970513956209795, -0.19322096929918625, -0.3211633493453158, -0.03699470515145411]], "inverted": true, "swapped": true, "error_lsq": 0.042074370035607794, "error_max": 0.31452594732068384, "target": "36.xyz", "model": "13.xyz", "model_rescale": 3.9028299243045295, "target_rescale": 4.288804355091905},
{"mapping": [13, 8, 12, 11, 7, 3, 10, 15, 1, 14, 4, 2, 0, 6, 5, 16], "R": [[-0.2956444556849583, 0.015223061552216144, 0.9551767450161893], [0.9479083719002767, 0.12880042148617893, 0.2913420153468248], [-0.11859204991951022, 0.9915536847906724, -0.052509197993573564]], "T": [0.014188429888366345, 0.1348908058172255, 0.04159294824827283], "aligned_model": [[0.05591929962770144, -0.22642157679559305, -0.1848683113041935, -0.5382472299578083, -0.12109058566686344, 0.377514693385973, -0.6991159747560818, -0.4399261495920566, 0.6092517998555924, -0.5050243447947628, 0.16011543419445032, -0.04958971657574908, 0.5880562365736753, 0.6947699377108603, 0.08822599360975233, 0.018269766065698675], [-0.653288196956701, 0.4835036812182859, -0.10313839078117368, -0.39636574999053403, -0.5632479228659437, -0.3298482233510889, 0.15137059170663741, -0.1759309650114621, -0.22903291245351126, 0.3227366219309669, -0.1408334508807233, 0.8847442507466632, 0.5441951590902756, 0.17804407537747127, 0.4210329655588839, 0.05831074878305345], [-0.26073744821278966, -0.3433061612306581, -0.6292156232276455, -0.18175680869179683, 0.2706844997763167, 0.23873237571617828, -0.26661551895048213, 0.5665202105753464, -0.461554049786332, 0.21266194447157846, 0.7799525354753613, 0.09254931051278467, -0.021832046309022184, 0.5267988594070862, 0.5470863257998797, 0.018191704298527466]], "inverted": true, "swapped": true, "error_lsq": 0.03713320134298344, "error_max": 0.20567166814971363, "target": "36.xyz", "model": "14.xyz", "model_rescale": 3.942246331269136, "target_rescale": 4.288804355091905},
{"mapping": [15, 4, 7, 6, 0, 3, 12, 11, 10, 13, 1, 9, 5, 2, 16], "R": [[-0.38196762946486856, -0.39141663188936043, 0.8371939741310719], [-0.2733559663624427, -0.8174977646246764, -0.5069259516810245], [0.8828234510336956, -0.4224812719092364, 0.2052616115860681]], "T": [-0.1311519105898858, -0.04259286980544203, 0.07155080157672278], "aligned_model": [[-0.6934993432888905, -0.23794623927719133, -0.2247182731524452, 0.2909490154158569, 0.3446699624705846, 0.20034817218849937, -0.012047743300070746, -0.45606787533352483, -0.6614310264255916, 0.15648334462266206, 0.6643061262421961, 0.351604018214788, -0.3077742509508514, -0.3350906846211037, -0.10549116627270838], [-0.08909830304949529, -0.5169950365732893, 0.19900158105486676, -0.7123593569963622, -0.44316275229632757, -0.10384469551782852, 0.666226724957284, 0.627043980725414, 0.4772191837333282, 0.5708984539297373, 0.27446905510067005, 0.1744200630422871, -0.599820280644897, -0.4383678626516659, 0.012513935067928812], [-0.43833297426594897, -0.5656548103679149, -0.6292048567156578, -0.19996684165878142, 0.40921092278018045, -0.4511424180144984, 0.24375592237064148, -0.21710107274495205, 0.3010430772320186, -0.4336873899603737, -0.00854936098282498, 0.6621772881877592, 0.03713259903035229, 0.6804149269597106, 0.01926746851080567]], "inverted": true, "swapped": true, "error_lsq": 0.04502992201383124, "error_max": 0.30616906662776594, "target": "36.xyz", "model": "15.xyz", "model_rescale": 4.355366556412066, "target_rescale": 4.288804355091905},
{"mapping": [1, 12, 13, 5, 3, 0, 15, 2, 11, 9, 10, 16], "R": [[0.1513152387859807, -0.7438119899029009, -0.6510356535458169], [0.7090120749882084, 0.540591435105378, -0.4528385780955759], [0.6887710621331712, -0.39307076203578795, 0.6091714044507903]], "T": [-0.13591729010883344, 0.10962521655367763, -0.041843924898068326], "aligned_model": [[-0.12471064317035499, 0.5166833172275397, 0.16581677313347046, -0.591359959588319, -0.4584017204473475, -0.5373412036488856, -0.16254099116643292, -0.23594798317637933, 0.475147577997431, 0.09378330317848924, 0.5676073407474154, -0.11092725645484601], [-0.7288707139867797, -0.22844918396850272, -0.5412664750956225, 0.4776469532256944, -0.3103005253932517, -0.03475363088404568, 0.45768763878692686, 0.6315395032713286, 0.02962951868789343, -0.21453146478002072, 0.42523598937792734, 0.04920881849943294], [0.1491973642503081, 0.03615460860615032, -0.4886859947039537, -0.045642256935077265, -0.36821557850998704, 0.5228600977044039, -0.7175084748213848, 0.4934538702203196, -0.5492926568630124, 0.6445580199534219, -0.13936392354960808, -0.08825661414215949]], "inverted": true, "swapped": true, "error_lsq": 0.03795849915324873, "error_max": 0.231272086864982, "target": "36.xyz", "model": "16.xyz", "model_rescale": 3.795458400668931, "target_rescale": 4.288804355091905},
{"mapping": [8, 10, 14, 9, 5, 11, 12, 0, 1, 13, 15, 3, 16], "R": [[0.5055953800642818, 0.8576750495439618, 0.09363130377933293], [-0.4881227794789121, 0.3738426178377, -0.7886557228867596], [-0.7114137079164531, 0.3530371177057997, 0.6076638295229899]], "T": [0.09534590830105037, 0.04332015575698596, 0.025241884216927055], "aligned_model": [[0.019387926810949155, -0.10308557124463345, 0.37002743494014967, -0.2535950320893275, 0.6655112913987515, -0.38193938363199853, -0.5691235384639419, 0.27110171931813437, -0.5524060328852113, -0.6304228869577706, 0.3372630422156324, -0.05360801997839802, 0.02952085147188689], [-0.21703126435440034, 0.3181881540684453, 0.31593138440230695, -0.650074125949812, 0.05186175628165608, 0.613931400320109, 0.0015077573375545245, -0.5964253768274115, -0.3176741290258361, 0.38388733932981123, 0.7642632598521679, 0.21621391816594043, 0.07920119186995421], [-0.478761052067633, -0.6741433799334553, -0.40413642733844607, -0.13733774772239646, 0.15836186073990885, -0.26442233167122536, -0.2956906661223667, 0.27164113649806293, 0.4609003946027036, 0.2929075783748438, 0.01544411773079771, 0.6038373966537333, 0.05367415109176862]], "inverted": true, "swapped": true, "error_lsq": 0.04191414714107001, "error_max": 0.2601746217749373, "target": "36.xyz", "model": "17.xyz", "model_rescale": 3.7474275329858107, "target_rescale": 4.288804355091905},
{"mapping": [11, 12, 13, 8, 15, 5, 7, 1, 14, 3, 2, 9, 6, 16], "R": [[-0.9090719500697959, -0.14952103838720537, -0.388885135581074], [-0.23958168774756966, -0.5760300719076812, 0.7815305311720443], [-0.34086478916474267, 0.8036372411341098, 0.48783027803738477]], "T": [-0.08215354229724729, -0.07345793299939972, 0.05410250314412331], "aligned_model": [[0.5085226591676998, 0.18884316187401956, 0.70318732080425, -0.39580453990495335, 0.2640420066887656, -0.38455351822300815, 0.6215989709619308, 0.22730133799662838, -0.21784934335759637, 0.33783807040981434, -0.8220391765959906, -0.4040501611427281, -0.20621745001057534, -0.0059716907853801515], [-0.3506456218083043, 0.17472294078235395, 0.1947927903269635, -0.0689643390304715, -0.7242078178855258, -0.32975641692019164, -0.26519648035089705, 0.7282051009190581, -0.6069676828477324, 0.13943142805139952, -0.20996481924730648, 0.5394193572934111, 0.19039989083997177, -0.05086008861149563], [-0.40586750726884796, -0.5871717474150889, -0.10606163986261895, -0.4246190192490708, 0.24132452224157241, 0.48508718137753015, 0.21581139300302427, 0.018439556842092572, -0.1222112906605599, 0.46047358731340476, 0.00044143849364541854, -0.3328749384786695, 0.8386185101757091, 0.04340467214953196]], "inverted": true, "swapped": true, "error_lsq": 0.03761824577315757, "error_max": 0.26931592202761007, "target": "36.xyz", "model": "18.xyz", "model_rescale": 3.922800546911778, "target_rescale": 4.288804355091905},
{"mapping": [2, 8, 14, 5, 13, 0, 12, 4, 1, 15, 11, 7, 6, 3, 16], "R": [[0.3255762162002088, -0.32073747260644564, 0.8894535407264309], [-0.4173458161026313, -0.8928572509050203, -0.1691992886745055], [0.8484235953970068, -0.3161224496494349, -0.4245515276162093]], "T": [0.008638672123306282, 0.07075719685004275, -0.11023023876878263], "aligned_model": [[-0.3178269926695281, -0.15004781632078168, 0.3673523509334378, 0.006476145083402468, 0.2703915763900758, -0.6619279516079726, 0.012364095498537828, 0.3423849824603809, -0.4480922496954534, 0.723875038871256, 0.6116962472621142, 0.5698190892179438, -0.327754044848117, 0.060880262834341545, 0.03646010347798006], [0.5294334357058597, -0.0648103762908688, 0.29048932765347313, 0.6528165754445264, -0.6183906830711076, 0.2772171034140981, -0.627547675834721, 0.5345182933300018, -0.5182381727367047, 0.3072770591439342, -0.4400180008972696, -0.13769720686873385, 0.5314223016456083, -0.007600568074509165, 0.008740092470992084], [-0.6122070004964846, -0.6431575022743123, -0.5066830667591082, -0.04631893742891163, 0.30320886344011755, -0.017538528180051055, -0.35235014752978205, 0.45193742491851635, 0.31893069641514327, -0.005951047778299551, -0.22307552541153453, 0.336764544822937, 0.5022285523995764, 0.5045731198084316, -0.06770227878290917]], "inverted": false, "swapped": true, "error_lsq": 0.0331427483143231, "error_max": 0.22029618111630425, "target": "36.xyz", "model": "19.xyz", "model_rescale": 3.9282355846067225, "target_rescale": 4.288804355091905},
{"mapping": [14, 8, 12, 2, 5, 9, 0, 1, 6, 3, 11, 15, 13, 16], "R": [[-0.5101778816343628, -0.8278537877027364, 0.23318798270345542], [-0.3919446293680818, 0.465123770101593, 0.793750140784868], [-0.7655703341957495, 0.3135569879188046, -0.5617687057203307]], "T": [-0.11541797592836064, -0.11634622013533563, 0.04360073837567094], "aligned_model": [[-0.5331142141667238, -0.08697330422440758, 0.45531910715991386, -0.569451374555311, -0.6286885741810704, 0.3496390811327452, -0.07304624492808748, 0.6781862200917039, -0.26716233011091794, 0.10614905327856491, 0.13520425783984105, -0.5225577503816192, 0.5448866028466969, -0.05586771071665208], [-0.5092182329242185, -0.5357334589217011, -0.5852063087166983, -0.20906066766844716, 0.161452752705167, -0.18194564857252682, 0.3268547553971957, 0.20276318959666, 0.7059702370241985, 0.3330069432051113, -0.6644981478247283, -0.24688501565878762, -0.1571178360495968, -0.11750047416679227], [0.11649786879363241, -0.3448277380319257, 0.01723743933309546, -0.5515480630547499, -0.0039752516825266315, -0.595465921036405, -0.5065397662154045, -0.04617316266371321, 0.008281268597036734, 0.41216834276618763, 0.5670716166440131, 0.6725488142717619, 0.5696300275902925, 0.09727768193238795]], "inverted": true, "swapped": true, "error_lsq": 0.04078386429414318, "error_max": 0.25142802914290097, "target": "36.xyz", "model": "20.xyz", "model_rescale": 4.067790424073018, "target_rescale": 4.288804355091905},
{"mapping": [6, 15, 0, 1, 2, 14, 9, 4, 5, 7, 11, 12, 13, 10, 16], "R": [[-0.9978226733804068, -0.023926841398451845, -0.06146070898282603], [0.024250635334224502, 0.7334936437657444, -0.6792635580105398], [0.06133367080050535, -0.6792750406248892, -0.7313163474244171]], "T": [-0.02782677157292407, 0.015978463907988752, -0.024603343251404237], "aligned_model": [[0.1384920681457114, 0.2169031779764641, -0.29436771536419964, 0.4151940816345944, -0.7628711685158347, -0.31520363017790165, -0.315715487028419, 0.34541941173811525, -0.23755491152919816, 0.6376533405747637, 0.3336210137242996, 0.0897145087232868, 0.7144768698096298, -0.24220433021785484, 0.044886724414057805], [-0.057545250235155984, 0.7327940814607725, -0.4351947962447903, -0.7208947748668716, 0.035519858715424374, 0.46569560066988036, -0.7111972269935505, 0.5052797418901931, 0.32944176068289965, 0.3334950380845388, 0.2451666155263525, -0.3463943819975205, -0.17733051551167878, 0.24033988449609062, 0.001719504251262589], [-0.8415552859630775, 0.04367167031823182, -0.5002877530218307, -0.0457727133108819, -0.19274691317302942, 0.19743628279642866, 0.10701408941231028, -0.5381838942619193, -0.47252891749051396, 0.09581459967056458, 0.6492898900912967, 0.608749316954356, 0.33034484591587904, 0.6879774813448416, 0.006026874338485172]], "inverted": true, "swapped": true, "error_lsq": 0.04199538287458582, "error_max": 0.2718157547640484, "target": "36.xyz", "model": "21.xyz", "model_rescale": 4.186013935880536, "target_rescale": 4.288804355091905},
{"mapping": [10, 11, 12, 2, 5, 8, 14, 15, 1, 3, 4, 0, 16], "R": [[-0.5720574228050085, 0.6395675928855697, -0.5135207874509564], [0.8080792502514467, 0.3321721863636421, -0.48648696171578776], [-0.14056397236401735, -0.6932639704592735, -0.7068428658027835]], "T": [0.0410706323429521, 0.0027157325923298434, 0.06492198039659546], "aligned_model": [[0.0534950179090044, -0.29207193802232884, 0.32295994045343723, 0.44107837866717386, -0.12994528416369963, 0.4591437690244272, -0.1309515216019832, -0.6725505889028821, 0.37148840241664577, -0.2726654833248554, -0.6197472993949481, 0.5156141574912597, 0.01272648487197442], [-0.4266897249082526, 0.029055762058354882, 0.19623567348520296, -0.5552153127275946, -0.2673968627724283, -0.2981745821104263, -0.5295894330474923, -0.24316533415584166, 0.7914895183657732, 0.515431794260586, 0.0972735405846448, 0.14699059655287433, 0.0627110239606927], [-0.5827845920520399, -0.6600787305973543, -0.5903291734847651, 0.3774138094785884, 0.5555085612349374, -0.18458013901907888, -0.08065324647854046, -0.02816995724756595, -0.026499027715014736, 0.22474745607204144, 0.5086244915556751, 0.5697687387913128, 0.01991137079715035]], "inverted": false, "swapped": true, "error_lsq": 0.04040974499107774, "error_max": 0.2505878741550035, "target": "36.xyz", "model": "22.xyz", "model_rescale": 4.166573947596378, "target_rescale": 4.288804355091905},
{"mapping": [15, 4, 3, 13, 7, 5, 6, 14, 11, 12, 8, 1, 0, 2, 9, 16], "R": [[0.28544690873172185, 0.5407373070006719, -0.7912794873577635], [-0.6050358705065298, -0.5386345710674606, -0.5863483557164448], [-0.7432709181018116, 0.6461237990266522, 0.17341389400926469]], "T": [-0.11550032796945797, 0.10836044194043273, 0.05202005222964507], "aligned_model": [[-0.7447068811680744, -0.36541862814646414, 0.13053679654971473, 0.17010303590071912, -0.27606398831386736, -0.3602122283762661, 0.1821022481630939, -0.6611142910465425, -0.3953635144818961, 0.10983127047625144, -0.14458657652509443, 0.6931399423857963, 0.3515384801551197, -0.27852814718851887, 0.46695311474854606, -0.09097739211176137], [-0.09486103244279148, 0.2594545293051166, -0.04325820095970376, -0.6472180687579018, -0.4135442697169738, 0.588172992620058, 0.6178748872929113, 0.13286215417008487, -0.6354335778648472, -0.45232354408884967, 0.13224256545314017, -0.1731906393326689, 0.6375087292285706, 0.7156886231719187, 0.18819622118317292, 0.037536068360441724], [-0.3237178897104575, -0.6944415049637642, -0.4987338068810027, -0.19678329831879926, -0.45789741015527347, -0.17771556360201232, -0.5415335732698187, 0.24132833754112784, 0.1278544324314832, 0.47760760228869026, 0.6231199305442949, -0.028774071453413173, 0.10449752223605924, 0.4685759333991564, 0.5843374217794111, 0.02353647129841186]], "inverted": false, "swapped": true, "error_lsq": 0.03955031732849243, "error_max": 0.36461092896108843, "target": "36.xyz", "model": "23.xyz", "model_rescale": 4.274766983524099, "target_rescale": 4.288804355091905},
{"mapping": [1, 3, 6, 0, 5, 2, 8, 14, 11, 15, 16], "R": [[-0.6504744895129763, -0.48588827426505493, -0.5837769466367784], [-0.5637668271976901, 0.8239238425992886, -0.05758876754951889], [0.5089694519755412, 0.29165405282311696, -0.8098691316673131]], "T": [0.005713627328605093, 0.029879002550701708, 0.04769059179356372], "aligned_model": [[0.2811693919418855, 0.19125503682227196, -0.46604745249598084, -0.5320476653054879, -0.4539359224646902, -0.6263877749483766, -0.05672337017142142, -0.024283341238431393, 0.7463060682697946, 0.24260965568677612, 0.07798007786173519], [-0.18045642299523768, 0.45667485469928076, 0.5255116140114117, -0.13725248264279832, 0.36002126994288186, -0.2665788338586971, -0.49650580016710094, 0.033497908606418214, -0.00037722907960856256, 0.5773366477150011, 0.04371500501193236], [-0.7394440340041497, -0.364949661688431, -0.4342512799155779, -0.3809781636507704, 0.1980595574344885, 0.33318132748407114, 0.2635426186555923, 0.6249423937744573, 0.3441888163276976, 0.5194418543793077, 0.015833005224891825]], "inverted": true, "swapped": true, "error_lsq": 0.04293143361439965, "error_max": 0.2325004657946129, "target": "36.xyz", "model": "24.xyz", "model_rescale": 3.7841303162186577, "target_rescale": 4.288804355091905},
{"mapping": [8, 10, 15, 13, 11, 7, 12, 9, 14, 5, 0, 1, 4, 3, 6, 16], "R": [[-0.17102396216534155, -0.9500092221827046, 0.26121501130884606], [0.2220841171727568, 0.2211280534957658, 0.9496215187414252], [-0.9599111673820995, 0.2204197398714245, 0.1731637635596679]], "T": [-0.049781704900340035, 0.02583860416177705, -0.01908506015600396], "aligned_model": [[0.1688987289376302, 0.03136392819569109, -0.6057398675445561, 0.4091783820549817, 0.11206451718004695, -0.1572411837003596, 0.5704526314887914, 0.5963352791453149, -0.39723573898895814, -0.561108823334372, 0.08815949739041443, 0.6666579355831898, -0.6413260517652938, -0.03358188759888706, -0.3182659967561622, -0.010768801814693654], [-0.05271732806215679, -0.6123298007910026, -0.4429645587231178, -0.38859324260726724, -0.7467402604012968, -0.4156699238807746, -0.3610252237420021, 0.34577712444291875, -0.2914362076268443, 0.30825080701419694, 0.7126108162328773, 0.26888597170390094, 0.11256125164020153, 0.12131839610957787, 0.6924354156880125, -0.013550768629262064], [-0.5421331172773264, -0.4552314684074152, 0.20343004295015593, 0.5570860580829865, 0.1002107851711793, 0.5739610726196829, -0.12822428700232175, -0.34947836013921085, -0.35486020142539715, -0.059955303682849015, -0.12004642172675002, 0.3899870695505543, 0.5148137172110065, 0.5953036344753487, 0.40991732395959424, 0.038839471458014724]], "inverted": true, "swapped": true, "error_lsq": 0.04068215849337603, "error_max": 0.27096715855433495, "target": "36.xyz", "model": "25.xyz", "model_rescale": 4.19342608120988, "target_rescale": 4.288804355091905},
{"mapping": [1, 12, 13, 5, 3, 0, 15, 2, 11, 9, 10, 16], "R": [[0.1513152387859807, -0.7438119899029009, -0.6510356535458169], [0.7090120749882084, 0.540591435105378, -0.4528385780955759], [0.6887710621331712, -0.39307076203578795, 0.6091714044507903]], "T": [-0.13591729010883344, 0.10962521655367763, -0.041843924898068326], "aligned_model": [[-0.12471064317035499, 0.5166833172275397, 0.16581677313347046, -0.591359959588319, -0.4584017204473475, -0.5373412036488856, -0.16254099116643292, -0.23594798317637933, 0.475147577997431, 0.09378330317848924, 0.5676073407474154, -0.11092725645484601], [-0.7288707139867797, -0.22844918396850272, -0.5412664750956225, 0.4776469532256944, -0.3103005253932517, -0.03475363088404568, 0.45768763878692686, 0.6315395032713286, 0.02962951868789343, -0.21453146478002072, 0.42523598937792734, 0.04920881849943294], [0.1491973642503081, 0.03615460860615032, -0.4886859947039537, -0.045642256935077265, -0.36821557850998704, 0.5228600977044039, -0.7175084748213848, 0.4934538702203196, -0.5492926568630124, 0.6445580199534219, -0.13936392354960808, -0.08825661414215949]], "inverted": true, "swapped": true, "error_lsq": 0.03795849915324873, "error_max": 0.231272086864982, "target": "36.xyz", "model": "26.xyz", "model_rescale": 3.795458400668931, "target_rescale": 4.288804355091905},
