[{"mapping": [11, 9, 7, 8, 0, 6, 2, 3, 4, 13, 12, 5, 10, 14], "R": [[-0.6424591287807639, -0.54361835024586, -0.5401160589375505], [-0.4994868258282957, 0.8315873910216893, -0.24284835168827915], [0.5811705246055033, 0.11376071540610946, -0.8057911149671821]], "T": [0.03727303704212178, 0.0711251344978405, 0.1627349409616676], "aligned_model": [[0.26575447847407996, 0.16766680238745535, -0.37880529567303955, -0.5279251874392836, -0.6491211246679756, -0.29019121478369003, -0.7368800170408772, -0.1784853205711118, -0.14071045450548514, 0.47451812250088293, 0.48546455407274763, 0.3535901319943207, 0.5594722299497058, -0.03285560356942572], [-0.6512851583825963, -0.4009281003251931, -0.4437687179998099, -0.20776392088836362, 0.17837220502146656, 0.3620500110235988, 0.4548335556182317, 0.31286705182544794, 0.6461212447448027, -0.05763234421815064, 0.584969065478117, 0.45982707135327083, -0.05494047585652875, 0.05255184441574123], [0.39988828957125355, -0.3395552202800918, 0.39099927527685896, -0.19088507188958628, 0.29169883165244503, -0.6044598221072721, -0.2060710253445668, 0.7195644797025238, 0.12563979333291464, 0.7207852614770064, 0.6064668260708143, -0.28426677232658715, 0.08245357499288555, 0.18532966705123582]], "inverted": true, "swapped": true, "error_lsq": 0.05603653124737133, "error_max": 0.30664692836440255, "target": "360.xyz", "model": "0.xyz", "model_rescale": 3.8414455957264533, "target_rescale": 3.9369590242939427},
{"mapping": [3, 12, 1, 5, 4, 7, 0, 10, 11, 13, 9, 8, 2, 6, 14], "R": [[0.4449662145710931, 0.15095795972348564, -0.8827325542237552], [-0.6250514325120788, -0.6535437583998547, -0.42683868448301515], [-0.6413390480899088, 0.7416820412095169, -0.19644840325748292]], "T": [-0.008034521315103717, -0.005347735569852184, -0.0649402499342723], "aligned_model": [[-0.3488092077019431, -0.5334113882633337, -0.3268531706163087, -0.38904606054217106, 0.20583860130550158, 0.6290047586204929, 0.46045275863474633, -0.6732353031177497, -0.24910067407705175, 0.2667444851685001, 0.4353143452912215, -0.2554323086173579, 0.21372680365424856, -0.21513013322507218, -0.0729556446538123], [-0.7099023024029871, 0.3758031816691722, -0.5700319489791703, -0.3140707074863717, -0.502524174554998, -0.05040126436521414, -0.2644186754771624, 0.07744522486969571, 0.08904544693787983, 0.526778742426398, 0.4603458969296617, 0.7449369866766382, -0.30043353798164657, 0.1970570909213559, -0.049348900366432594], [-0.09413541242021914, -0.46617916857326136, -0.6376393848670892, 0.3753359344878998, -0.011171199480020065, 0.00651699250723127, -0.5537339550163862, 0.07302549219468613, -0.8768777100989017, -0.5298971400332577, 0.16327215797059158, -0.05191842586746856, 0.5740832328746583, 0.6604361127384731, -0.10867975505690516]], "inverted": true, "swapped": false, "error_lsq": 0.04928334315457663, "error_max": 0.2977291468014722, "target": "360.xyz", "model": "1.xyz", "model_rescale": 4.316132596720782, "target_rescale": 3.9369590242939427},
{"mapping": [3, 7, 13, 5, 12, 4, 10, 6, 11, 0, 9, 14], "R": [[-0.7182064383890527, 0.5938142951808155, -0.3627176514803537], [0.6285456455991975, 0.33001618640421926, -0.7042866519461404], [-0.2985127857476126, -0.7338078083191315, -0.6102591393785701]], "T": [-0.019327481678174403, 0.026978801596351607, -0.028225598810682644], "aligned_model": [[-0.14248307746789, 0.6173245676831374, -0.012352922205829415, -0.5165011005677194, -0.6270455864256946, -0.5027819404695449, -0.08005445961854582, -0.22760623251095005, 0.5974143625184501, 0.11682998043069694, 0.3521616299034615, 0.02290333336220898], [-0.5888915708050525, -0.21118560172180767, -0.4089044201233401, 0.47375679404994814, -0.3802723044381557, -0.04874957966749567, 0.22737272316651286, 0.6667411907773221, -0.06178764715944193, -0.25148104014947326, 0.6029044984603285, -0.0067266146483642535], [0.11525381543184349, 0.1399806723310464, -0.601932044524725, -0.09275505019688196, -0.3840829424214988, 0.32421120202900416, -0.5294083431835581, 0.5442968652261165, -0.5202338571635229, 0.6067482797974623, -0.1780175488484808, 0.025197412732615644]], "inverted": false, "swapped": true, "error_lsq": 0.050228758472777336, "error_max": 0.26876818459829815, "target": "360.xyz", "model": "2.xyz", "model_rescale": 3.795458400668931, "target_rescale": 3.9369590242939427},
{"mapping": [7, 11, 13, 5, 0, 4, 10, 8, 9, 6, 3, 14], "R": [[-0.14325475218566297, 0.20610439319658927, 0.9679871151421852], [-0.013749476817012038, 0.9775662734792687, -0.210178811594114], [-0.9895903333518788, -0.04341842996840577, -0.13720718667619386]], "T": [-0.01930388119768469, 0.037148326924442615, 0.11691148861235054], "aligned_model": [[0.010805400526837268, -0.3481813287509956, -0.7263214183844879, 0.18744344929569054, 0.2458329607701438, 0.11299124104162306, -0.23634237017966583, 0.5822796470485001, 0.3280228502892836, 0.8050383232339897, -0.3679077455127955, -0.00035718363455808713], [-0.1788179692357923, -0.6207779767326603, -0.10172990032223939, 0.12440769470867988, 0.4464784614078684, 0.6005746646097585, -0.30813298041660075, -0.07090395914700726, -0.564188274463074, 0.21533250792156894, 0.48770658627796526, 0.05582019068124258], [-0.5485157836662367, -0.18191072365120312, 0.11233399830250225, 0.749839269662096, -0.3943828106936528, 0.2863914658203131, 0.4756659255332667, -0.26870128824763473, 0.2163631354282131, 0.3799100667850922, -0.1839581831733544, 0.045736358539698624]], "inverted": true, "swapped": true, "error_lsq": 0.04463984159005219, "error_max": 0.2685431993910701, "target": "360.xyz", "model": "3.xyz", "model_rescale": 3.7530521520055578, "target_rescale": 3.9369590242939427},
{"mapping": [0, 6, 8, 9, 7, 5, 3, 4, 12, 10, 14], "R": [[0.23266080411816792, -0.9548546779301601, 0.18472004293518857], [-0.962369536030941, -0.253452834718515, -0.09801294145540643], [0.14040593415763908, -0.1549651722421511, -0.9778915937082604]], "T": [0.01781034962482459, -0.028044562379370325, 0.11793865827086897], "aligned_model": [[-0.28560000417217696, -0.2546229723991072, 0.17490522908882333, 0.5652673607330647, 0.3694158286117933, -0.21344425915526735, -0.3393745991572071, -0.5748675317090436, -0.4062821720526397, 0.2889379602569468, 0.013864762400018793], [-0.6175011159821935, 0.18310944721816783, -0.3871606598358216, 0.19453451766580312, -0.6321125255494449, 0.5696219432438653, -0.4151010941769119, 0.015744192327465812, 0.2595438867277472, 0.3982632907013245, -0.10173852402565582], [-0.12650702708923373, -0.6954812786421996, -0.48921212946962617, -0.26005812841226306, 0.0753129895586961, -0.08274090205073917, 0.48895902461748675, 0.015517107906532726, 0.7497991050495911, 0.31739057243518676, 0.09985144334188496]], "inverted": true, "swapped": true, "error_lsq": 0.043805802283296225, "error_max": 0.18409839075382758, "target": "360.xyz", "model": "4.xyz", "model_rescale": 3.7855080009869324, "target_rescale": 3.9369590242939427},
{"mapping": [14, 3, 15, 12, 13, 6, 8, 2, 9, 5, 4, 0, 11, 1, 16], "R": [[-0.5442997696390249, 0.7460101519779325, 0.3836751411243199], [-0.6154318170663937, -0.04430029812755776, -0.7869441925118748], [-0.5700714335179947, -0.664459431968327, 0.4832310254475253]], "T": [0.010941651874925656, -0.024843701374047667, -0.16110137360500593], "aligned_model": [[-0.5282546356279147, -0.43640198406395503, -0.06905178870816833, -0.25808664721343577, 0.24552078283765247, 0.602586954184629, 0.45898489505666173, -0.7024192828632818, -0.49511191878089844, 0.09335766295459372, 0.3897548641041494, -0.19172612598315925, 0.2514498402156099, -0.17609835309091326, -0.03739640116165846], [-0.4326479490116361, 0.3938346943932004, -0.6319843520799462, -0.37837886055256786, -0.6797383317062744, -0.07217536930661021, -0.428575601494811, 0.15257118053830543, -0.059788798973584176, 0.7177419809798665, 0.5063915962438907, 0.6852681567293036, -0.3078233951316814, 0.29119324162557086, -0.045607133436207974], [-0.1868007448962258, -0.488223182266529, -0.7127347540398317, 0.35436145582539486, 0.04126782700167361, 0.11054659258017269, -0.5238239659916533, -0.08744118052795488, -0.6607038586161316, -0.47235263882330375, 0.1871663289898593, 0.09017696632819472, 0.5421158990513599, 0.5008960781961356, -0.17201305145112988]], "inverted": false, "swapped": false, "error_lsq": 0.04206880238708457, "error_max": 0.2356868285354612, "target": "360.xyz", "model": "5.xyz", "model_rescale": 4.2253639853439635, "target_rescale": 3.9369590242939427},
{"mapping": [8, 11, 3, 0, 7, 12, 4, 2, 10, 9, 13, 5, 6, 14], "R": [[0.10024836926218533, -0.17205417873705509, -0.9799732772067771], [0.7378849581592986, 0.6735696380661085, -0.04277535736545318], [0.6674399246243239, -0.7188193808284592, 0.19448044827917213]], "T": [-0.04092313386941026, 0.016277152533429567, 0.02463768907265328], "aligned_model": [[0.5801201357810145, -0.33256854884750614, -0.3925217880012036, 0.23074241129118878, 0.025429489810861648, -0.6818043041536428, 0.0634154687698616, 0.6796780927032245, -0.26038007511032524, 0.32349382516280667, -0.7415758784144696, 0.13528056286436352, 0.764397712052728, -0.019644951151117983], [-0.19830512513822532, 0.22082318301793044, -0.5094944213134608, -0.635881450164775, -0.34297060824077386, 0.03914591738917546, -0.2252522658886711, -0.4946629883377951, 0.5117837470192564, 0.489360727247222, 0.09825459944373827, 0.4375960714523697, 0.1041768664527808, -0.04947510630378153], [-0.2762525816095645, -0.6848874933066978, 0.1470819508198578, 0.012085678595058113, -0.5727565194067419, 0.525194930929246, 0.5672717241977813, 0.3443828830573659, -0.011988785933893947, -0.34349870947254346, -0.12215244366778043, 0.5169778740820878, 0.37704356289135293, -0.006943862244078652]], "inverted": false, "swapped": true, "error_lsq": 0.045084864885787966, "error_max": 0.28951198229113917, "target": "360.xyz", "model": "6.xyz", "model_rescale": 3.89814844738969, "target_rescale": 3.9369590242939427},
{"mapping": [9, 8, 6, 11, 5, 0, 7, 10, 13, 3, 4, 12, 14], "R": [[-0.9428722420353955, 0.03507873977827407, 0.33130260671282813], [0.09303193382063647, 0.9826049369844843, 0.16072522236198916], [-0.31990153874081234, 0.1823650729423984, -0.9297343629671728]], "T": [-0.049778404100037234, 0.06258648299326833, -0.006491878453803487], "aligned_model": [[0.2126109249800914, -0.11051151797763947, 0.5609397371673088, -0.45210493272196595, 0.6048152924969744, -0.38922646336334105, -0.620625069795116, 0.17534377246470306, -0.37807406430734153, -0.48785697443043025, 0.14903843951890294, -0.011226739375829638, -0.10449060375209411], [-0.38979477954693287, 0.2304491437785903, 0.47047343508797135, -0.61286369606477, 0.11539581469573962, 0.6129941410061753, -0.022584528590951086, -0.38804584881824256, -0.30898759668496745, 0.40656006035056635, 0.6030789551106193, 0.14954777153823623, 0.09755839360845112], [-0.47407634132175464, -0.706783865879667, -0.4975209109189161, -0.11704743495213639, 0.13377393640282603, -0.2912672101292021, -0.4030034768538878, 0.19668326779701034, 0.5163241275279692, 0.31726621485792245, 0.17243394505440118, 0.801444202339464, -0.04595142308773385]], "inverted": true, "swapped": true, "error_lsq": 0.04299592581040643, "error_max": 0.22105969851590562, "target": "360.xyz", "model": "7.xyz", "model_rescale": 3.7474275329858107, "target_rescale": 3.9369590242939427},
{"mapping": [10, 1, 12, 7, 11, 4, 13, 0, 1, 2, 8, 3, 9, 5, 14], "R": [[-0.8753447890148796, 0.2060045559100319, -0.4374169901693426], [-0.15763854328228935, 0.7336571325050503, 0.6609820735816557], [0.4570794132493106, 0.6475409908791706, -0.6097286897587224]], "T": [-0.09336808064832175, -0.06862131093720124, -0.0823996818947297], "aligned_model": [[-0.6662087816050033, -0.31468920465762623, -0.09997157212472615, -0.30033173518236894, 0.040711789222373285, 0.6248978768722857, 0.5564438923011221, -0.6944205481108245, -0.31468920465762623, 0.18278076393478887, 0.3646466263660665, -0.33120566917347105, 0.28923584128494334, -0.1331577981817944, -0.05693441442822823], [-0.5564054632791356, 0.2595116099785874, -0.5279968825404057, -0.36802869777543, -0.6473200655168702, 0.1894887199761634, -0.40558823179369413, 0.16220173156673123, 0.2595116099785874, 0.6381609297810099, 0.3426310930383189, 0.5566559687515088, -0.316240948644458, 0.17321928715031593, -0.04951960185441121], [0.013430959028623679, -0.7212639603830355, -0.49419222300482063, 0.4932728763644183, 0.10093142712189258, -0.2547338690266879, -0.6042325313327601, -0.2226490741694428, -0.7212639603830355, -0.44680354533556094, 0.21137626034595863, 0.17566260123521688, 0.5280421204348698, 0.5906169356691804, -0.12575624520478543]], "inverted": true, "swapped": false, "error_lsq": 0.054433628939331645, "error_max": 0.33537742230909473, "target": "360.xyz", "model": "8.xyz", "model_rescale": 4.019505241142653, "target_rescale": 3.9369590242939427},
{"mapping": [10, 5, 9, 11, 13, 7, 8, 12, 3, 4, 6, 0, 14], "R": [[-0.9869346401030703, 0.16103767246577566, 0.005184998691327561], [-0.05407272572471606, -0.3007322566304, -0.9521744851416086], [-0.1517766665114343, -0.9400143498206787, 0.30551082735949653]], "T": [0.002431808118964259, -0.09339793081651496, 0.009814899468005834], "aligned_model": [[-0.24754245538279374, -0.6628044596427002, -0.05413982000314187, 0.4628268300931218, 0.1574384757150028, 0.6784889520655244, 0.2863928655454287, -0.3144905186007681, 0.2800163200014841, -0.28127531282911256, -0.43072285502233915, 0.380690393371152, 0.06482235643031818], [-0.4081138123759892, -0.008323268351390148, 0.16996143976473352, -0.41669046880706595, -0.7954255903177347, 0.04710728367756292, 0.5596909755630657, -0.7282592783612408, -0.3323213459354076, 0.05475276455253328, 0.6758263951266709, 0.30430518685318364, -0.059132053274862734], [-0.3555567118952224, -0.02452519106438197, -0.6379301811360536, -0.5503997644923432, -0.03826848234339976, -0.10657447905963871, -0.11313325988881943, 0.4077100055276809, 0.5398265966581819, 0.5209277451539985, 0.043413986687282566, 0.45481291895407633, 0.036400310942517874]], "inverted": false, "swapped": true, "error_lsq": 0.03406836797757352, "error_max": 0.16323716406088712, "target": "360.xyz", "model": "9.xyz", "model_rescale": 3.877068213659057, "target_rescale": 3.9369590242939427},
{"mapping": [9, 7, 14, 11, 10, 6, 13, 8, 2, 4, 5, 1, 12, 0, 15], "R": [[0.766073478930823, -0.4571346419332477, 0.4518399539918836], [-0.16253691298418022, -0.8179058728960134, -0.5519164203027335], [0.621862667151196, 0.34936786089560656, -0.7008772510053591]], "T": [0.031081782785406978, -0.027861287617380704, -0.1395898013294095], "aligned_model": [[-0.4534064393483061, -0.4764340610290301, 0.0018532084320096037, -0.2848434934602291, 0.019257444353894093, 0.5567319292776112, 0.44104028909184056, -0.7279150126237094, -0.24277392614803062, 0.13697144082153462, 0.2827231728502164, -0.2461523038152192, 0.35440389048121496, -0.22074594782097623, 0.0063976707970893575], [-0.42731606082495155, 0.5313798542621131, -0.6879672397339378, -0.3589438018636636, -0.7141453846827501, -0.33229303247346165, -0.27207123700864033, 0.034064625490753966, -0.04560587023735209, 0.5168114279086347, 0.5799252836991164, 0.7518539809744699, -0.06811126503161556, 0.20648002502822438, -0.0037802466901212077], [-0.3429425752840697, -0.4493696956470497, -0.5554351680946854, 0.4394014463187588, 0.03953334791631416, -0.033204598686118, -0.7478118164595653, -0.015444798802067616, -0.7437781315888679, -0.5271587539397538, 0.28262760330488135, 0.12135458231371382, 0.5327478889028308, 0.5783468107185927, -0.05642836961288317]], "inverted": false, "swapped": false, "error_lsq": 0.04264936583224836, "error_max": 0.2624572844033235, "target": "360.xyz", "model": "10.xyz", "model_rescale": 4.260839863003843, "target_rescale": 3.9369590242939427},
{"mapping": [13, 12, 4, 3, 2, 7, 11, 10, 5, 6, 9, 14], "R": [[-0.54949124261498, -0.7404383453204215, -0.3870535248109773], [0.48683326387154957, -0.6602415578726194, 0.5719042388775513], [-0.6790086505175171, 0.12582584010088405, 0.723266970409466]], "T": [-0.00428453143551282, 0.045253189464879606, -0.061837670700154085], "aligned_model": [[0.39814790329662075, 0.26028676052242816, -0.3147502609893437, -0.3232414284644836, -0.8120942285771068, -0.29923975075581793, 0.3729992409829604, 0.5379614523939719, 0.24570370644104486, -0.3217458389919334, 0.2842804383477042, -0.0694093451119141], [-0.09093811380580796, -0.6632173780863051, -0.43397656175768357, -0.26402787804334943, -0.015300599635185264, 0.5762407907568936, 0.5978552884256778, 0.045739581798291795, -0.28668198052415333, 0.05452176926412483, 0.5776075139499497, 0.0752560731904808], [-0.6438015679475773, -0.3616387607438736, 0.1321328846838538, -0.5283799279568393, 0.413914025247895, -0.4102555957343319, -0.4891665679081122, -0.03023562405032995, 0.46568593616926535, 0.7625350217871976, 0.292367535422162, -0.08697928157380498]], "inverted": true, "swapped": true, "error_lsq": 0.04678840701104103, "error_max": 0.3398298571274573, "target": "360.xyz", "model": "11.xyz", "model_rescale": 3.890672605050136, "target_rescale": 3.9369590242939427},
{"mapping": [7, 11, 13, 0, 3, 6, 9, 2, 8, 5, 12, 10, 4, 14], "R": [[0.8310711513366292, 0.33973906495428957, -0.4403386301018738], [-0.3844852375700026, -0.22111776082371784, -0.8962577965848019], [-0.40186047766202204, 0.91415770170813, -0.05313993696798398]], "T": [0.07118789065343888, 0.07411711421574746, 0.060490329384635465], "aligned_model": [[0.484504493748748, 0.18772455405250865, 0.3533813329656723, 0.5114762208546884, 0.6567611276523991, -0.45125368574355784, -0.4196339618024045, 0.11030044658718606, 0.04014451128845169, -0.4826436392053659, 0.23143919977129745, -0.24700698879117988, 0.10949774318955766, 0.12518448022569256], [-0.2882617610174634, 0.21780199892057978, 0.6815563331741112, -0.42491750708585174, 0.20874107808603257, -0.5022933399913334, -0.1593578448961404, -0.6729351592581103, -0.6374879936364966, 0.21948017170077638, 0.7818480142132649, 0.4521780312912728, 0.03487769820368266, 0.020922800123440485], [-0.3733211515673165, -0.7115821873431227, -0.20515298353258402, 0.29793758141900795, 0.2929345832390898, 0.4791354201457486, -0.38303593730947294, 0.6287737560598147, -0.06169694792466999, 0.41134136616471456, 0.42824799187545365, -0.1650126519357953, 0.661046174806113, 0.0551754212598806]], "inverted": true, "swapped": true, "error_lsq": 0.04717742505080009, "error_max": 0.34272781506319455, "target": "360.xyz", "model": "12.xyz", "model_rescale": 4.124412569039231, "target_rescale": 3.9369590242939427},
{"mapping": [4, 0, 8, 12, 6, 5, 3, 10, 7, 13, 9, 1, 14], "R": [[-0.1731097150641772, -0.43681085945366516, 0.8827396556254569], [0.9795733310486755, 0.016751135460696204, 0.20038834436907715], [-0.10231869647626388, 0.8993973941057025, 0.4249884843466589]], "T": [0.05283714007206386, 0.05708140928257955, -0.05304687237574649], "aligned_model": [[-0.1748112135970178, -0.023020766633990414, 0.5668999793670267, -0.6392754378307732, 0.6129158792530984, 0.2065402495159201, -0.5180200896274666, 0.11702747160038882, 0.16235819417867545, -0.42075497530161043, 0.7007569064075909, 0.7252063087349455, 0.05147580144297027], [-0.12653015903895326, 0.5662362361804776, 0.48035365731679813, -0.3650235550736195, -0.16520455162716238, -0.565943073464476, 0.3196574706612987, -0.2996650174083791, 0.731097882795532, 0.026724632341552805, 0.001278830343226324, 0.6160677545718397, 0.12843526891034232], [0.4743407640838851, 0.43097534271820653, 0.22776490259126522, -0.12099380593816206, 0.5929861623721591, 0.14487250515422212, 0.08917054560868681, -0.45757279403056655, -0.2081223274155374, -0.5952376945592761, -0.3161404777779495, -0.2833805094449994, -0.02696453239409459]], "inverted": true, "swapped": true, "error_lsq": 0.04334635615917333, "error_max": 0.22513653127240502, "target": "360.xyz", "model": "13.xyz", "model_rescale": 3.9028299243045295, "target_rescale": 3.9369590242939427},
{"mapping": [1, 8, 11, 6, 9, 10, 14, 2, 12, 5, 4, 0, 7, 3, 15], "R": [[-0.09406653007255233, 0.14702753733968527, -0.9846493747440952], [-0.50903077029298, 0.8428771108329751, 0.1744873947561613], [0.8555928721156139, 0.5176302534605995, -0.004444984507336255]], "T": [-0.09143438204650411, 0.030334491920540777, -0.13542510610135705], "aligned_model": [[-0.5460776587631391, -0.4229286863691753, -0.13271821253694482, -0.33309144864626355, 0.1930588661639192, 0.6522250631912829, 0.48786735200320075, -0.8059582306544084, -0.21999871644660646, 0.11606947767127734, 0.2766391503219418, -0.35279331568369016, 0.4911847647752301, -0.21947997205368386, -0.036890571113029985], [-0.42745364716414724, 0.61550708890879, -0.6154985985612963, -0.4079473829241244, -0.648985931036381, 0.024478573596354334, -0.5102626393278819, 0.2029117334655585, -0.026714323095571823, 0.41010433734771035, 0.49547437917227644, 0.7422265294499466, -0.2598899344579197, 0.16862745243748994, -0.05229657899398532], [-0.21242034226922601, -0.515150951275583, -0.49186858397217176, 0.3049373838932856, 0.1063036905695687, -0.08758224061253128, -0.5293983226985435, -0.09273394744940745, -0.8169358790069672, -0.4089554451162453, 0.19249261824419583, 0.19941462265703425, 0.49461669245424555, 0.4588549871117017, -0.07913651116932519]], "inverted": true, "swapped": false, "error_lsq": 0.0439466719749859, "error_max": 0.3086702723468334, "target": "360.xyz", "model": "14.xyz", "model_rescale": 3.942246331269136, "target_rescale": 3.9369590242939427},
{"mapping": [7, 11, 9, 0, 2, 5, 9, 8, 6, 4, 3, 13, 1, 12, 14], "R": [[0.7073303729280095, -0.4087046851870342, -0.5767531741045652], [0.31474091037477137, -0.5484788812870837, 0.7746670743735851], [-0.6329469984682633, -0.7294733696909277, -0.25931968695372887]], "T": [-0.02374166996137206, 0.0843193648692031, -0.15094094263198732], "aligned_model": [[-0.4102192126481364, -0.472250961675841, 0.18349409758217083, -0.33618153134329637, 0.08124358875581, 0.4709820059693618, 0.18349409758217083, -0.7848188913370745, -0.3706765754577068, 0.21427448921052486, 0.5332879906485871, -0.31098157936646037, 0.29913220832679555, -0.0937813630264935, -0.039890501360502005], [-0.6542820681575644, 0.4994726609912713, -0.44309678455149015, -0.418517725149244, -0.6430288960536638, -0.2648632517729759, -0.44309678455149015, -0.041863647946446814, -0.0767323914710113, 0.5992436010659785, 0.3533886456468299, 0.8034758095041736, -0.03505583171098975, 0.44406281622979094, 0.031174906743649825], [-0.34089499038734594, -0.5259051817552909, -0.722821916361005, 0.28523984189397245, 0.05543376857084878, 0.03905785446319843, -0.722821916361005, -0.09027598843603445, -0.558970221564765, -0.29881019526021424, 0.21493828586180286, 0.09652034543194735, 0.5826416750336827, 0.5796446777858146, -0.07053826755557643]], "inverted": false, "swapped": false, "error_lsq": 0.05363323782035216, "error_max": 0.3881359709457563, "target": "360.xyz", "model": "15.xyz", "model_rescale": 4.355366556412066, "target_rescale": 3.9369590242939427},
{"mapping": [3, 7, 13, 5, 12, 4, 10, 6, 11, 0, 9, 14], "R": [[-0.7182064383890527, 0.5938142951808155, -0.3627176514803537], [0.6285456455991975, 0.33001618640421926, -0.7042866519461404], [-0.2985127857476126, -0.7338078083191315, -0.6102591393785701]], "T": [-0.019327481678174403, 0.026978801596351607, -0.028225598810682644], "aligned_model": [[-0.14248307746789, 0.6173245676831374, -0.012352922205829415, -0.5165011005677194, -0.6270455864256946, -0.5027819404695449, -0.08005445961854582, -0.22760623251095005, 0.5974143625184501, 0.11682998043069694, 0.3521616299034615, 0.02290333336220898], [-0.5888915708050525, -0.21118560172180767, -0.4089044201233401, 0.47375679404994814, -0.3802723044381557, -0.04874957966749567, 0.22737272316651286, 0.6667411907773221, -0.06178764715944193, -0.25148104014947326, 0.6029044984603285, -0.0067266146483642535], [0.11525381543184349, 0.1399806723310464, -0.601932044524725, -0.09275505019688196, -0.3840829424214988, 0.32421120202900416, -0.5294083431835581, 0.5442968652261165, -0.5202338571635229, 0.6067482797974623, -0.1780175488484808, 0.025197412732615644]], "inverted": false, "swapped": true, "error_lsq": 0.050228758472777336, "error_max": 0.26876818459829815, "target": "360.xyz", "model": "16.xyz", "model_rescale": 3.795458400668931, "target_rescale": 3.9369590242939427},
{"mapping": [9, 8, 6, 11, 5, 0, 7, 10, 13, 3, 4, 12, 14], "R": [[-0.9428722420353955, 0.03507873977827407, 0.33130260671282813], [0.09303193382063647, 0.9826049369844843, 0.16072522236198916], [-0.31990153874081234, 0.1823650729423984, -0.9297343629671728]], "T": [-0.049778404100037234, 0.06258648299326833, -0.006491878453803487], "aligned_model": [[0.2126109249800914, -0.11051151797763947, 0.5609397371673088, -0.45210493272196595, 0.6048152924969744, -0.38922646336334105, -0.620625069795116, 0.17534377246470306, -0.37807406430734153, -0.48785697443043025, 0.14903843951890294, -0.011226739375829638, -0.10449060375209411], [-0.38979477954693287, 0.2304491437785903, 0.47047343508797135, -0.61286369606477, 0.11539581469573962, 0.6129941410061753, -0.022584528590951086, -0.38804584881824256, -0.30898759668496745, 0.40656006035056635, 0.6030789551106193, 0.14954777153823623, 0.09755839360845112], [-0.47407634132175464, -0.706783865879667, -0.4975209109189161, -0.11704743495213639, 0.13377393640282603, -0.2912672101292021, -0.4030034768538878, 0.19668326779701034, 0.5163241275279692, 0.31726621485792245, 0.17243394505440118, 0.801444202339464, -0.04595142308773385]], "inverted": true, "swapped": true, "error_lsq": 0.04299592581040643, "error_max": 0.22105969851590562, "target": "360.xyz", "model": "17.xyz", "model_rescale": 3.7474275329858107, "target_rescale": 3.9369590242939427},
{"mapping": [8, 7, 0, 11, 6, 5, 2, 3, 9, 4, 10, 13, 12, 14], "R": [[0.4573055891517229, 0.7311760296621383, 0.5062145906412687], [0.4885741375628245, 0.26906091866522297, -0.8300009241872979], [-0.7430793431628535, 0.6268874186762228, -0.23419063617088587]], "T": [-0.055628248123718776, -0.023020419831361355, 0.023903065782618575], "aligned_model": [[0.4388756748166692, 0.20013843012197122, 0.6264592199736689, -0.4754559102803103, 0.38017851350186993, -0.23465240201490628, 0.8114277045919599, 0.18173847303891882, -0.2729768378548795, 0.26585147284080635, -0.5870179246627338, -0.5433847063384741, -0.3822591099962753, 0.005925050144591312], [-0.4146098631807692, 0.11304213206523997, 0.13137853523231183, 0.07652201943644657, -0.7208288394341232, -0.3958732427702041, -0.3069524285833789, 0.5709244413796675, -0.6040709350117471, 0.0468450996612151, -0.13101111850870628, 0.4972187138654488, 0.5011606413187542, -0.003336913958921415], [-0.32879911696357755, -0.6136013286224775, -0.07703361242431706, -0.6425488439362365, 0.3457629740325992, 0.5529468793811492, 0.247866307485726, 0.10095175307223109, -0.30362111039156914, 0.529318042049464, 0.055409471101300574, -0.07918327933932554, 0.5533893285033086, -0.016062745286620148]], "inverted": true, "swapped": true, "error_lsq": 0.039879854071806504, "error_max": 0.2163045057325464, "target": "360.xyz", "model": "18.xyz", "model_rescale": 3.922800546911778, "target_rescale": 3.9369590242939427},
{"mapping": [2, 6, 0, 9, 3, 12, 5, 10, 1, 8, 13, 4, 7, 11, 14], "R": [[-0.641261591099896, 0.3928378522785408, 0.6591373101237807], [-0.07394392951687895, -0.8866488038121083, 0.45649336685888475], [0.7637511813854252, 0.24399245995673902, 0.5976217971398187]], "T": [-0.026276420976206506, 0.030251497135158217, -0.1636997343339114], "aligned_model": [[-0.5862075537260716, -0.4415585750030252, 0.037880522876191945, -0.445774353675495, 0.1890574080993934, 0.728449951652892, 0.46580585967238647, -0.7602806733900016, -0.37841282425566436, 0.23520492055298395, 0.32899820808065217, -0.29837547802167463, 0.25811099680252403, -0.18223942154995085, -0.0035511262552303316], [-0.4154585893940281, 0.4781215110328632, -0.71753082215004, -0.43178133403843605, -0.5523731440078218, -0.1466497093184329, -0.2133374957088254, 0.19960591396363, -0.08707103733550538, 0.46609812533780454, 0.4683563046424587, 0.6635419280719497, -0.2407429491203806, 0.2530163948520015, -0.013514038010418953], [-0.1329002516859125, -0.4842008343495382, -0.531324713350365, 0.3590720450246533, -0.010961025508154365, -0.030627910945561082, -0.6938441974971591, 0.12467066324957818, -0.8041826773750455, -0.5043694845878749, 0.22829243702629312, 0.057145171269602835, 0.5319271956842234, 0.4945517036182159, -0.08081034921292532]], "inverted": false, "swapped": false, "error_lsq": 0.03983853900733288, "error_max": 0.3091701519001519, "target": "360.xyz", "model": "19.xyz", "model_rescale": 3.9282355846067225, "target_rescale": 3.9369590242939427},
{"mapping": [0, 4, 5, 3, 7, 12, 13, 10, 11, 9, 6, 8, 9, 14], "R": [[-0.9293953327748833, -0.34934678423355686, -0.11908459078292696], [0.3690598123900714, -0.8834561380667804, -0.2886175791436403], [-0.004378389529242743, -0.3121891677457801, 0.9500098700788996]], "T": [-0.027299460119591036, -0.12314200740959554, -0.027537114571820263], "aligned_model": [[-0.6523241443797633, -0.04436065719698582, 0.537066274294406, -0.43145919441066566, -0.5963130704806774, 0.24364667736680626, 0.04879753916586852, 0.43056953455344943, -0.09393062059485666, 0.23112661327612996, 0.1241323714195362, -0.3938555415277004, 0.23112661327612996, -0.10169957567700086], [-0.4433954875933541, -0.6951469644784785, -0.4818030947158106, -0.22148991366762338, 0.22703359409765467, -0.22673173473015223, 0.3540351172237581, 0.16443680225325613, 0.6634869656359003, 0.155558417433514, -0.766657993275008, -0.23447306174174357, 0.155558417433514, -0.12752897645059086], [0.05026016663628344, -0.21778417679125203, 0.0341862540049981, -0.5195051594690193, 0.18208641451815458, -0.7875809068501659, -0.5620398290053433, -0.0793448829001499, 0.056708112677392786, 0.5621019567333607, 0.5584778176766205, 0.5852575387861274, 0.5621019567333607, -0.012742105506685404]], "inverted": true, "swapped": true, "error_lsq": 0.048632389594959136, "error_max": 0.34095759619650906, "target": "360.xyz", "model": "20.xyz", "model_rescale": 4.067790424073018, "target_rescale": 3.9369590242939427},
{"mapping": [7, 5, 9, 0, 12, 11, 10, 8, 1, 13, 6, 4, 3, 2, 14], "R": [[0.20505551040259218, -0.5744712133049154, 0.7924235374706579], [-0.9767950506196846, -0.06896464169847194, 0.20276909843536173], [-0.061835804663806504, -0.8156143103694171, -0.5752822176829383]], "T": [-0.05762394566133683, 0.030925003394473054, -0.06617585455067601], "aligned_model": [[-0.6280883744757353, -0.26549435457173814, -0.07516863266313528, -0.44749725165296955, 0.3210026068404302, 0.5845679821576002, 0.340356590855204, -0.6110150387437157, -0.3931375000927057, 0.30256948326501004, 0.2925301510273385, -0.45782190750636326, 0.40356513386642984, -0.20139703673040052, -0.01786398971533848], [-0.4127396903875491, 0.4853872394740793, -0.6071788008598639, -0.3411176668400999, -0.6315883282592301, -0.04362333208783142, -0.270643429479971, 0.13346383265451636, -0.11639695807801813, 0.2731211277730438, 0.5842397465330149, 0.6668909056110748, -0.19740454667590918, 0.19925916602419355, -0.011388206584632233], [-0.2516372579680797, -0.3803733878554948, -0.5095330676678668, 0.39646989148060696, 0.0026128510587810905, -0.07419629719201923, -0.7157563302435086, -0.15789271949994826, -0.8003638384754644, -0.6154710722355546, 0.27848601785913796, 0.2128608048494632, 0.6112569953612602, 0.6442569990781025, -0.11828181718938428]], "inverted": false, "swapped": false, "error_lsq": 0.04519927127494497, "error_max": 0.3397415215785316, "target": "360.xyz", "model": "21.xyz", "model_rescale": 4.186013935880536, "target_rescale": 3.9369590242939427},
{"mapping": [10, 9, 11, 12, 4, 13, 5, 6, 7, 8, 2, 3, 14], "R": [[-0.40083326295091903, 0.2102455632814816, 0.8917003411643243], [-0.8947496968353287, 0.11930981514797914, -0.43033492540397295], [-0.19686461166295802, -0.9703411622361529, 0.14029381149924308]], "T": [0.05455985549834364, -0.0506180382809843, -0.007031862782487941], "aligned_model": [[0.17678575285883386, -0.29239848299794435, 0.4663532107246165, 0.536369053347388, -0.13121418132120777, 0.7405545860534257, -0.31462962411620293, -0.8139829068987307, 0.20710018897589622, -0.4205003429247953, -0.6103177507694276, 0.45972411260579293, 0.0547304198855805], [-0.36910028872622364, 0.07951168654590896, 0.2876485745317932, -0.646836957411974, -0.2985184525792992, -0.20235592755671208, -0.6097324643712039, -0.11928902690799684, 0.6297399699135763, 0.4939855026173877, 0.21557999621272436, 0.041185568136132465, 0.017138479141979697], [-0.429713207384925, -0.6026981810282562, -0.5955248893705886, 0.2653504137046741, 0.5103732897572838, -0.16693419522081723, -0.05226922164152418, 0.1391724110757724, -0.071730332342018, -0.006825041152403085, 0.6009478404010468, 0.48537445449920796, 0.027356220037893196]], "inverted": false, "swapped": true, "error_lsq": 0.04624508409947546, "error_max": 0.26692779920214754, "target": "360.xyz", "model": "22.xyz", "model_rescale": 4.166573947596378, "target_rescale": 3.9369590242939427},
{"mapping": [2, 4, 11, 6, 12, 14, 9, 1, 3, 8, 7, 0, 13, 5, 15], "R": [[-0.0690233558405349, -0.0036157604506126817, -0.9976084916563585], [0.9361135429960243, 0.34544566903944607, -0.06602063587485402], [0.34485824764378414, -0.9384317854901618, -0.02045905701163342]], "T": [0.008060977635662589, -0.05584465154756953, -0.1587383463579318], "aligned_model": [[-0.6264268696354431, -0.4701084386828899, 0.0012042233182952347, -0.45691552974999006, 0.0994874692635044, 0.671582980241048, 0.42522525173582115, -0.5936585105508345, -0.21237908065657424, 0.1543884524093626, 0.19726954281033743, -0.3558390518618757, 0.45013699616821734, -0.09847790373038631, -0.03838166921868157], [-0.2499274751405524, 0.3822233248932536, -0.6834480741090595, -0.44829604583247473, -0.6917630768634289, -0.4096380958852882, -0.12393392108320858, 0.124782810700709, -0.11012201309732492, 0.5880723164245575, 0.5226829738716761, 0.648928147101946, -0.0053456423618888985, 0.20343272563922193, -0.037366895441319756], [-0.27083771495804754, -0.5041424150647305, -0.6363995823146912, 0.2983025518887542, -0.029779794095435602, 0.08732366619670495, -0.5851031972435141, 0.17802037778365296, -0.7154131174221293, -0.6256841127003635, 0.21662221782206523, 0.03524060521525954, 0.5615614404013126, 0.623876942042285, -0.11115009619109223]], "inverted": true, "swapped": false, "error_lsq": 0.055771723259382525, "error_max": 0.3592193518111586, "target": "360.xyz", "model": "23.xyz", "model_rescale": 4.274766983524099, "target_rescale": 3.9369590242939427},
{"mapping": [5, 4, 12, 10, 13, 11, 9, 7, 8, 0, 14], "R": [[0.05008682340810022, -0.5676499484268703, -0.8217450006978184], [-0.3175586195267155, -0.7891310302245849, 0.525764909727696], [-0.9469149028741564, 0.23461831383687212, -0.2197872005535591]], "T": [-0.01582211541241285, 0.114417767953257, -0.00703444852688833], "aligned_model": [[0.15212510113565503, 0.3066828884397203, -0.4638374428168623, -0.3791271795136181, -0.7187748748959167, -0.5439289607616697, 0.06460155645491045, -0.012380131517731513, 0.5298957371875103, 0.4296359537832337, 0.015002056462843832], [-0.06493296234322216, 0.5101904796100694, 0.5890079172349373, -0.2027091611563496, 0.27080482720975796, -0.251520270636967, -0.5768574813844942, 0.0970055807184647, -0.10952039066215943, 0.5110662311792862, 0.1430517614741602], [-0.6320010715978107, -0.32801604182837635, -0.49268418220484517, -0.25697358940141213, 0.01709890892791558, 0.4593501812618295, 0.08129878012747344, 0.6929844320026496, 0.41048079446398594, 0.3717896131120548, 0.05623860915811311]], "inverted": false, "swapped": true, "error_lsq": 0.051905499852352495, "error_max": 0.30820021087659594, "target": "360.xyz", "model": "24.xyz", "model_rescale": 3.7841303162186577, "target_rescale": 3.9369590242939427},
{"mapping": [2, 14, 5, 8, 4, 6, 3, 9, 12, 13, 7, 10, 1, 0, 15], "R": [[-0.9344530379041989, 0.32722722712791136, -0.14042742530500213], [-0.33910768355762216, -0.9380973323634039, 0.07056467930097111], [-0.10864390872845656, 0.11355939784466829, 0.9875731690651377]], "T": [-0.04646979230168888, 0.06968316272255945, -0.03126104173758677], "aligned_model": [[-0.4848330836651321, -0.5229949286649409, -0.08600998019925958, -0.3495962547722282, 0.25430822723031354, 0.6599769197905286, 0.4621146200059788, -0.6116832475024879, -0.3696680686829791, 0.09152448701660645, 0.2985373184289811, -0.30136997972935653, 0.058171797627106975, 0.028780637601198977, 0.01984939737558017], [-0.5360362693882573, 0.48874459729194175, -0.5934355418594573, -0.230556551758026, -0.6130239915393221, -0.08161710503976893, -0.21506149781883419, 0.10756388525403751, -0.0910053263117058, 0.3406972887606109, 0.48751506428615676, 0.7865720449543113, -0.3702902495592165, 0.17599010362457362, 0.054224607919774986], [-0.1299252311660729, -0.5072970390961865, -0.6040165765150133, 0.3779189250711222, -0.043421113464547606, -0.023031570784237815, -0.5873763728371546, -0.1769988523654093, -0.6982647824048964, -0.7520307134318777, 0.328172061469787, 0.13106988648943935, 0.5590862526116867, 0.6928702698814312, -0.04431737209804014]], "inverted": true, "swapped": false, "error_lsq": 0.04446251328210522, "error_max": 0.35574653982074717, "target": "360.xyz", "model": "25.xyz", "model_rescale": 4.19342608120988, "target_rescale": 3.9369590242939427},
{"mapping": [3, 7, 13, 5, 12, 4, 10, 6, 11, 0, 9, 14], "R": [[-0.7182064383890527, 0.5938142951808155, -0.3627176514803537], [0.6285456455991975, 0.33001618640421926, -0.7042866519461404], [-0.2985127857476126, -0.7338078083191315, -0.6102591393785701]], "T": [-0.019327481678174403, 0.026978801596351607, -0.028225598810682644], "aligned_model": [[-0.14248307746789, 0.6173245676831374, -0.012352922205829415, -0.5165011005677194, -0.6270455864256946, -0.5027819404695449, -0.08005445961854582, -0.22760623251095005, 0.5974143625184501, 0.11682998043069694, 0.3521616299034615, 0.02290333336220898], [-0.5888915708050525, -0.21118560172180767, -0.4089044201233401, 0.47375679404994814, -0.3802723044381557, -0.04874957966749567, 0.22737272316651286, 0.6667411907773221, -0.06178764715944193, -0.25148104014947326, 0.6029044984603285, -0.0067266146483642535], [0.11525381543184349, 0.1399806723310464, -0.601932044524725, -0.09275505019688196, -0.3840829424214988, 0.32421120202900416, -0.5294083431835581, 0.5442968652261165, -0.5202338571635229, 0.6067482797974623, -0.1780175488484808, 0.025197412732615644]], "inverted": false, "swapped": true, "error_lsq": 0.050228758472777336, "error_max": 0.26876818459829815, "target": "360.xyz", "model": "26.xyz", "model_rescale": 3.795458400668931, "target_rescale": 3.9369590242939427},
