[{"mapping": [2, 3, 9, 11, 10, 0, 4, 7, 8, 1, 12, 6, 5, 13], "R": [[0.7590300395112565, 0.592740465082731, 0.2693179165466874], [0.5053365830006542, -0.7971938263681498, 0.3303285350703616], [0.41049766990905506, -0.11463308533759367, -0.9046275027574723]], "T": [-0.04342423416465395, 0.05499901687101587, 0.14472646588118268], "aligned_model": [[-0.5959600538605704, -0.5612804046400434, 0.2917542114924155, 0.5029590584026833, 0.9507803959248088, -0.26373758875951825, -0.2679822064374786, 0.30362813707182784, 0.1673824989770089, -0.15676922329413234, 0.3386044164725538, -0.516476708862398, -0.09903005292847596, 0.06438282612690387], [0.2762947125417126, 0.001958984184442958, 0.46312201407767595, -0.3687258403901958, 0.12664641875283117, 0.7845016686092577, -0.33803726855513677, -0.12885332858836418, -0.6148626509029372, 0.3870913599676863, 0.4630480738420096, -0.5068485021921003, -0.4590474634882142, 0.008165243339719463], [-0.3420903666547185, 0.19175887418550114, -0.36304730311657685, 0.2395124552758297, -0.003100216263434291, 0.023481501141786182, -0.6969982052781042, -0.501143063639826, -0.1979468463739998, 0.6028876847973776, 0.2952916848761511, -0.06762938097172308, 0.6970537867620984, 0.03192532376147328]], "inverted": false, "swapped": false, "error_lsq": 0.05397193563411806, "error_max": 0.4160207898004068, "target": "361.xyz", "model": "0.xyz", "model_rescale": 3.8414455957264533, "target_rescale": 4.202678685044304},
{"mapping": [9, 8, 7, 1, 0, 13, 2, 4, 5, 12, 11, 6, 10, 14], "R": [[-0.9263204630674025, -0.0949588037652127, -0.36457266119399745], [-0.3162924911913747, 0.7217522492170362, 0.6156563576916134], [0.20466914696296462, 0.6856066775766041, -0.6986086343181162]], "T": [0.02223786673850548, -0.017052830201672198, -0.05637569838218181], "aligned_model": [[-0.4381994565094972, -0.6091456220233077, 0.0822893717564559, 0.7796406287916833, 0.5686481296347128, -0.09614616283484936, -0.0998535273079143, 0.4087083315522863, -0.03378756754920325, -0.0975711030364908, 0.4051257245087643, -0.592493447760203, -0.1954924268940547, 0.07653243335720297], [0.34710162189270605, 0.23533600779862845, 0.2811123196910472, -0.15008543612900344, 0.4150688155020065, 0.7136283542598911, -0.44229887647581567, -0.19408664799340536, -0.6736910909250937, 0.13297358724404132, 0.39608510448230844, -0.4752503950741156, -0.4404192039070117, -0.051020739167795745], [-0.4040805824052553, 0.34606331820591024, -0.6224555180804758, 0.3400347870532349, -0.25693510958796145, 0.10774995121333936, -0.6470229867416913, -0.3956644279811688, -0.05955850366793929, 0.6821548891339558, 0.5831392251552842, -0.2053306456088372, 0.4352905840296387, 0.006570947783800914]], "inverted": false, "swapped": false, "error_lsq": 0.04059357786730452, "error_max": 0.24928677573754962, "target": "361.xyz", "model": "1.xyz", "model_rescale": 4.316132596720782, "target_rescale": 4.202678685044304},
{"mapping": [11, 6, 8, 9, 12, 1, 3, 5, 7, 0, 4, 13], "R": [[-0.3827446941191308, -0.040229645541033476, 0.922977830038889], [-0.5622200429866192, -0.7826129789679068, -0.2672555863122476], [0.7330860265942719, -0.6212072929148706, 0.27692305220331687]], "T": [-0.022701011279729556, 0.060117780368260994, -0.04196381588776437], "aligned_model": [[-0.15691434824119405, 0.4722756649890605, 0.20343386064150998, -0.6767558313158047, -0.6324455483511983, -0.5295299831132717, 0.015524306195590486, -0.08866676302703501, 0.5399441559672535, 0.19608126732849104, 0.3031306013811681, -0.04826882782278939], [-0.7152644933912575, -0.5057196588553513, -0.44119748918307844, 0.3553651132614694, -0.17262835341946203, -0.047455021337432714, 0.2520374583240807, 0.5409342884160644, 0.03513912437790984, -0.04383013242341518, 0.641119317065246, 0.11427627490620704], [0.12276403030333016, 0.10380963343638516, -0.5368386588962666, 0.08132261200124521, -0.45932101180039864, 0.45764663567160696, -0.7215450391889504, 0.4683632762873174, -0.4432644030765023, 0.6714625589468702, -0.2492308434082463, -0.045910329066970075]], "inverted": true, "swapped": true, "error_lsq": 0.0460475300334465, "error_max": 0.23396968607338847, "target": "361.xyz", "model": "2.xyz", "model_rescale": 3.795458400668931, "target_rescale": 4.202678685044304},
{"mapping": [9, 5, 4, 6, 12, 8, 2, 1, 0, 11, 3, 13], "R": [[0.9307829682234902, 0.3594966654577298, -0.06637178308469864], [-0.36492882420490264, 0.9029359538988736, -0.2270101681008111], [-0.021679929185688812, 0.23551817484326837, 0.9716281027167747]], "T": [-0.008141193061203068, 0.029037214279170432, 0.04002546136994051], "aligned_model": [[0.09638483800636594, -0.13313498496440415, -0.6974205584733597, 0.28754055092559166, 0.254498674322659, 0.07060330912213653, -0.3102748379072376, 0.5155958271680047, 0.2935142156297676, 0.7325802357011378, -0.47512984828674565, -0.04145359550035124], [-0.14155099403148352, -0.6307612638252833, -0.07693217290899149, 0.09598149658843312, 0.5683639043550384, 0.6670931162400435, -0.29289074465051507, -0.3150331112264334, -0.5842470997692673, 0.23826139812537664, 0.5460886727895311, 0.011395843603260854], [-0.6600689683388166, -0.17213545892277163, 0.058816191707409746, 0.7432427716973522, -0.4501716558126119, 0.40613891287869325, 0.5355860129636603, -0.3140554085057347, 0.35709707925154766, 0.2722390687570486, -0.08123608195373244, -0.006681033082943988]], "inverted": true, "swapped": true, "error_lsq": 0.037694746613245185, "error_max": 0.23061920969087138, "target": "361.xyz", "model": "3.xyz", "model_rescale": 3.7530521520055578, "target_rescale": 4.202678685044304},
{"mapping": [5, 10, 4, 3, 2, 12, 0, 1, 11, 8, 13], "R": [[0.784919773799909, -0.36593736326895293, -0.4999907947769303], [0.005557733696628486, -0.8027700443197581, 0.5962628342761366], [-0.6195724818728293, -0.4707973046934534, -0.628076299186112]], "T": [-0.0375803253018479, -0.037494914057577725, 0.047862121960284304], "aligned_model": [[-0.41563354226160215, -0.14305122372564563, 0.35592490293195594, 0.44649662898961806, 0.28327984241673393, -0.22088385109752917, -0.35023573617019055, -0.7504439640243922, -0.2637912379081883, 0.4494475980988863, -0.05290981480444097], [-0.5639928516784513, -0.034530625284567754, -0.35883076048331647, 0.30480151671437344, -0.6060074981925522, 0.7036177609283294, -0.5925655222184922, -0.0268525788860101, 0.29155502938716427, 0.39525164169806226, -0.04524275367019324], [-0.2275383548913227, -0.7269295471534297, -0.4302440956369684, -0.337660422842185, 0.16763192130983748, -0.08365978749891737, 0.45009496538192695, 0.14670690408542503, 0.7456593069118919, 0.39841783841125966, -0.00964795083220147]], "inverted": false, "swapped": true, "error_lsq": 0.04739869893678786, "error_max": 0.2361253654780975, "target": "361.xyz", "model": "4.xyz", "model_rescale": 3.7855080009869324, "target_rescale": 4.202678685044304},
{"mapping": [0, 3, 1, 13, 12, 2, 4, 11, 6, 9, 14, 7, 8, 16], "R": [[0.20640772394870655, -0.3826698212953782, 0.900532986272062], [0.333859223890172, -0.8375761963304225, -0.43243974605037616], [0.9197466336539463, 0.38991014761150433, -0.04512434677431171]], "T": [-0.036144706676151356, -0.04300925638013306, 0.0896327602978315], "aligned_model": [[-0.4632720268105279, -0.5425726339610583, 0.09339359670538858, 0.6034850212284433, 0.562108796703013, -0.10196937992478092, -0.2917800523990449, 0.5850390908471522, 0.1269776236888894, -0.2667174563492022, 0.31125558998501335, -0.49841686297395005, 0.06357903239550766, -0.022855033449257964], [0.3156911523830873, 0.41257293429314323, 0.2973179085483927, -0.35191534373269306, 0.238879566993675, 0.6928051669657694, -0.26529095338010455, -0.21497785291808688, -0.5837937306762535, 0.36454799544291683, 0.407186073891325, -0.6121065310043325, -0.6051753945527768, -0.0012875710556742859], [-0.4556838014059533, 0.2252507067742906, -0.5740698747414712, 0.23217566349762303, -0.07066914225369499, 0.09510399110448056, -0.5678185314807285, -0.37619308677340346, -0.23750685173884878, 0.6259603773787479, 0.4561496044051342, -0.06464691238460753, 0.5011352304255864, 0.12076855569467967]], "inverted": false, "swapped": false, "error_lsq": 0.03519944860667345, "error_max": 0.23358076646695297, "target": "361.xyz", "model": "5.xyz", "model_rescale": 4.2253639853439635, "target_rescale": 4.202678685044304},
{"mapping": [11, 12, 5, 4, 2, 6, 8, 10, 1, 7, 3, 9, 0, 13], "R": [[0.6533550281828708, 0.680318310127308, 0.3321057121665998], [0.035753618377375895, 0.4104647736567678, -0.9111752566657108], [-0.7562069068192154, 0.6071949163921111, 0.24385538252516017]], "T": [0.012982046999892326, -0.03925799489834586, -0.04248953034544901], "aligned_model": [[-0.4991975365889301, -0.8043308105472425, 0.13786461881204656, 0.6327379072927639, 0.5800061493942517, 0.011643263371176653, -0.24482882140987375, 0.5081934307495793, 0.27181690828787747, -0.24110557624409126, 0.32357129232837345, -0.4095743731249968, -0.15221500838334612, 0.04367386174799694], [0.46257860984824745, 0.28809384593756016, 0.31694185927116075, -0.2523396587436238, 0.29898789499374706, 0.5874713911609091, -0.34371191132510087, -0.20106206962221296, -0.7249286666728485, 0.2961866861854529, 0.2891834736323844, -0.47953411940426655, -0.43409928413288823, -0.009314629930132837], [-0.34479051463822397, 0.2676462941871455, -0.5506895634012227, 0.22473732154652803, -0.1618419384158775, 0.10217025131930443, -0.6643466236562063, -0.6230905992357955, -0.08206258189064117, 0.6300486185158063, 0.5040175557330427, -0.02836743819632038, 0.6356497905429003, 0.0008753560913951977]], "inverted": true, "swapped": false, "error_lsq": 0.0367198513167406, "error_max": 0.2245888943929483, "target": "361.xyz", "model": "6.xyz", "model_rescale": 3.89814844738969, "target_rescale": 4.202678685044304},
{"mapping": [4, 2, 7, 5, 3, 6, 0, 10, 1, 11, 8, 12, 13], "R": [[-0.9370705340699748, 0.24000676564498144, -0.25356570474424883], [0.08678571373507783, 0.8635830001113844, 0.49668163023219813], [0.33818198365570235, 0.44341983983946387, -0.8300673415858733]], "T": [-0.07853765617562607, 0.03573037354692973, 0.018846762997701005], "aligned_model": [[0.38309793577868334, -0.12856348026420156, 0.3396726419416453, -0.3530296253795813, 0.6198060027792683, -0.38390880198698607, -0.7422217413233367, 0.33470498000001986, -0.6333442430467332, -0.5586605975248733, 0.19202640609558652, 0.13492258622443198, -0.05587026238970083], [-0.26568817768314157, 0.061964392638962834, 0.41139758834389273, -0.5733846338026586, 0.11397072985709632, 0.6652654024056316, -0.028930754051740615, -0.6138010671936488, -0.23745810831057282, 0.59289217066674, 0.719780440458096, 0.13713772350019052, -0.019364441358361566], [-0.40862029230129476, -0.6424487863227164, -0.383906224619835, -0.20387010319520876, 0.09834240682954548, -0.29237329893729813, -0.3318531372243464, 0.1558666852219478, 0.387107298772093, 0.34352944903121857, 0.09774976796573591, 0.7566119468818787, 0.02613931873457598]], "inverted": true, "swapped": true, "error_lsq": 0.04563121691121323, "error_max": 0.32688185572384093, "target": "361.xyz", "model": "7.xyz", "model_rescale": 3.7474275329858107, "target_rescale": 4.202678685044304},
{"mapping": [6, 0, 5, 4, 8, 3, 7, 9, 11, 1, 2, 10, 12, 14], "R": [[0.8354410522514484, -0.41359719033097775, 0.36190552961140793], [-0.09691275257067897, -0.7590631098997904, -0.6437632434198408], [0.5409678055135694, 0.5027529804382862, -0.6742353254304119]], "T": [0.024714767576937514, -0.07875146028017914, 0.08324863552598936], "aligned_model": [[-0.5238088447542287, -0.5309246322836172, 0.1050683645979072, 0.7570794258160239, 0.5830870003525632, -0.05710909177098071, -0.17431578980763976, 0.4142515298449959, 0.06158327250339991, -0.1948586906476499, 0.3935275805256891, -0.6190440250794023, -0.11563098560874689, 0.05935019199727101], [0.2877019317082201, 0.250640663972819, 0.25994159358116486, -0.004695907985343903, 0.2648735355241569, 0.6129127846545823, -0.24234981384246923, -0.31112321651096536, -0.6403215490920152, 0.19353603097612054, 0.4945738970781201, -0.41644217003868916, -0.5806506794255513, -0.07414367940176184], [-0.398178260911164, 0.21355183360516788, -0.5427320181157633, 0.3485477655324379, -0.10477430929765959, -0.08716252990882205, -0.5472274130776904, -0.5288011319246134, -0.1808719889739177, 0.7484169139326633, 0.5770751632304595, -0.1330912847585199, 0.41346502243518607, 0.1317381667340703]], "inverted": false, "swapped": false, "error_lsq": 0.04259577555561677, "error_max": 0.33172308497090114, "target": "361.xyz", "model": "8.xyz", "model_rescale": 4.019505241142653, "target_rescale": 4.202678685044304},
{"mapping": [8, 3, 12, 11, 6, 1, 9, 7, 2, 4, 10, 5, 13], "R": [[-0.9208583511004644, 0.34997831309449634, -0.17185772479602057], [0.05466702770104015, 0.5523163792393124, 0.8318402089982846], [0.3860458694130372, 0.7566120522351643, -0.5277374244087921]], "T": [0.08295098613159771, -0.08465108591895791, 0.02387732496187099], "aligned_model": [[-0.27765411177354926, -0.6183834139829708, -0.13235001806167077, 0.4866045303097918, 0.2949699632937991, 0.6748933831055974, 0.2308671143339441, -0.38819875076001575, 0.11992941181349795, -0.3388130744747583, -0.23553933463862717, 0.4352310056938312, 0.06814406688230629], [-0.6280286372292472, -0.0302141130687837, 0.1673556448952605, -0.5067939818131004, -0.8204987147798394, 0.24519888152439234, 0.6005868053195049, -0.5386400001292925, -0.39704162846929875, 0.06233974363121782, 0.6086714810630374, 0.32973874890829874, -0.02929600173809102], [-0.32549338091329316, -0.048866416687420214, -0.6763257009380386, -0.5285947062832038, 0.023685940515882783, -0.21873618518608662, -0.17291721236906976, 0.24781407933814686, 0.6082978544983056, 0.559785357519347, 0.1950578192929821, 0.47125813415222495, 0.04173791110410159]], "inverted": false, "swapped": true, "error_lsq": 0.04905244464271376, "error_max": 0.29677128698556626, "target": "361.xyz", "model": "9.xyz", "model_rescale": 3.877068213659057, "target_rescale": 4.202678685044304},
{"mapping": [6, 10, 3, 1, 5, 12, 13, 4, 2, 11, 0, 14, 8, 15], "R": [[0.1845842366229058, 0.7288410048933706, 0.659332578579552], [-0.9554229098442492, -0.02421636348647048, 0.2942458684233976], [0.23042509180878587, -0.6842545997839643, 0.6918814347410976]], "T": [-0.013848819734254378, -0.0667502756111384, -0.036706301185594155], "aligned_model": [[-0.3611740057436947, -0.6754266484719991, 0.23015356309126006, 0.8116989128298457, 0.6002999031595297, -0.025694372270342117, -0.35551172714936174, 0.4782254870186253, -0.05835259829399096, -0.2544279356926287, 0.3114296304730816, -0.702810990925556, 0.13952583933554774, 0.020320248325268506], [0.3321942919190213, 0.07989396563509889, 0.2406077962795335, -0.02857810461996714, 0.41497502639972766, 0.6676511374870384, -0.3145833503201129, -0.3248927358245681, -0.7162124015000078, 0.22002800533383354, 0.36291424779879006, -0.41190032545051447, -0.41333987951526135, -0.014304252424224194], [-0.35374418902635285, 0.17310557286314704, -0.5354599433250223, 0.2277184269007339, -0.07862910897567005, 0.10007623804381946, -0.684381930448131, -0.4231206210724246, -0.1654452567480871, 0.5993245021617264, 0.5492530513188463, -0.1621021400393189, 0.6353612521369145, 0.028000074711654006]], "inverted": true, "swapped": false, "error_lsq": 0.041922973398214367, "error_max": 0.30905386851660555, "target": "361.xyz", "model": "10.xyz", "model_rescale": 4.260839863003843, "target_rescale": 4.202678685044304},
{"mapping": [11, 12, 9, 1, 5, 0, 6, 8, 3, 4, 2, 13], "R": [[0.31368681788969244, -0.9140053244525215, -0.2572835928594762], [-0.06916595550973864, 0.24824510675248326, -0.9662248380019391], [0.9470040395271102, 0.32088726033591597, 0.014653165987126182]], "T": [0.006542395909168131, -0.00598009387490493, 0.01952406161059462], "aligned_model": [[0.3150267774152132, 0.2556133487157638, -0.47224422572033803, -0.45362045335533957, -0.6775664514014418, -0.3784140040917427, 0.40327253055057594, 0.7432582213971456, 0.3958863340685399, -0.09144658278980523, -0.04916251124378599, -0.03170433445065496], [0.034109112440508044, -0.7129613907017881, -0.5505968701444469, -0.20249526390377295, 0.12795633423717315, 0.5332976399336917, 0.554346099667044, 0.009691371759915844, -0.3133497138768131, 0.12154771787121262, 0.6073276284233076, -0.03579416017309775], [-0.7218236270574167, -0.17614734321566614, -0.04615832909637927, -0.49786366318514497, 0.11965324855761722, -0.33913474872736804, -0.31968615831695285, -0.046500840261973465, 0.5235679002444233, 0.6983638537820721, 0.2670179230959141, 0.05488986157637921]], "inverted": false, "swapped": true, "error_lsq": 0.044854468236291516, "error_max": 0.226282211749247, "target": "361.xyz", "model": "11.xyz", "model_rescale": 3.890672605050136, "target_rescale": 4.202678685044304},
{"mapping": [2, 0, 10, 5, 12, 4, 11, 9, 9, 3, 7, 6, 8, 13], "R": [[0.36195862194418604, 0.11233860254165504, -0.9254004508207534], [-0.8849349283197467, -0.27066261516548207, -0.3789880227546862], [-0.2930462909507476, 0.956097164063763, 0.0014436859906325483]], "T": [-0.1378731089837377, -0.07337416922775351, -0.013290591799569894], "aligned_model": [[-0.38685296830232385, -0.5903192867967332, 0.19511146423517065, 0.5618202851202582, 0.5228209474637552, -0.2446855702645165, -0.23774549063713576, 0.35130305730545686, 0.35130305730545686, -0.2657590978074494, 0.45990271313538544, -0.3755928647379355, -0.14123438000631366, -0.04181656032749019], [0.3968007039834054, 0.10014502566059631, 0.4634239899048601, -0.32276107767504303, 0.25024825524947936, 0.6188706706459141, -0.11168042392150314, -0.5603838515454896, -0.5603838515454896, 0.4269235512754014, 0.26557080207210143, -0.5982208506749297, -0.32844805105099273, 0.05434852882007714], [-0.4849989253291522, 0.3241676795984294, -0.6461488024539157, 0.21737693078953016, -0.1311211349346469, 0.007809730675775114, -0.5530315501578065, -0.37294134417579555, -0.37294134417579555, 0.7524838663302136, 0.4914316518124467, -0.022435133319415414, 0.6605914917334986, 0.039712812108468575]], "inverted": true, "swapped": false, "error_lsq": 0.052403877123671797, "error_max": 0.34821896153911147, "target": "361.xyz", "model": "12.xyz", "model_rescale": 4.124412569039231, "target_rescale": 4.202678685044304},
{"mapping": [11, 6, 7, 1, 8, 12, 0, 9, 2, 5, 3, 4, 13], "R": [[-0.9051721307905884, 0.4025944769563023, -0.13631251140048506], [-0.29747564896300854, -0.37097211228989896, 0.8797090031238783], [0.303597845700629, 0.8368377256239421, 0.45555567064683233]], "T": [0.11894433081104752, 0.0751578202960905, -0.051147633886794816], "aligned_model": [[-0.243758208465462, -0.04884315368837394, 0.6100220975206856, -0.4847768918305497, 0.5205719990973123, 0.33777434182749533, -0.5390251148532971, -0.06408309599828885, 0.08478599908315901, -0.26935984214570374, 0.8175122042336157, 0.5165354079910577, 0.12994256473810692], [-0.1814300651053972, 0.4522346516120619, 0.4961721318927239, -0.2976706450861679, 0.049682644110420754, -0.6570655338508729, 0.44047648022559005, -0.4428906894217799, 0.7374041069553453, 0.2507046801301699, -0.020150504895259505, 0.45787456046369657, 0.062143559477946454], [0.6189088403429034, 0.5938982865988377, 0.19344438404057485, -0.17188593931163382, 0.5696593582549694, 0.07577193978882481, -0.01555927067760736, -0.5289393679187411, -0.07881845902900074, -0.6118373030349895, -0.10632213993244687, -0.47792377929906565, -0.10869846885478585]], "inverted": true, "swapped": true, "error_lsq": 0.04520095288301502, "error_max": 0.27299454386168703, "target": "361.xyz", "model": "13.xyz", "model_rescale": 3.9028299243045295, "target_rescale": 4.202678685044304},
{"mapping": [1, 2, 11, 10, 9, 6, 12, 14, 13, 3, 7, 8, 4, 15], "R": [[-0.23248343768174556, 0.20537413760403223, 0.9506697190965318], [-0.8920200358395737, 0.34453261458966067, -0.29257056096739903], [-0.3876231505785538, -0.9160342466782632, 0.1030997189527861]], "T": [-0.11071776032711006, -0.04250028439556945, 0.05655910240709668], "aligned_model": [[-0.3107246058347984, -0.8171556224348264, 0.11362921095361028, 0.5539965928808368, 0.474855056660978, -0.0812677736958343, -0.2642702434733618, 0.6104730248580468, 0.20398639961007564, -0.22961301603165005, 0.598058010443739, -0.7081459095606126, 0.03369484178690679, -0.019260660477523964], [0.4221573386996376, 0.16473475875857158, 0.21477013714803483, -0.3248238072804565, 0.44937527671736216, 0.6205258437534, -0.3463106528857088, -0.14239007038539228, -0.6718816353062338, 0.2625242048522036, 0.28017512894230717, -0.5297578989402089, -0.32923791147931186, 0.024592708604183014], [-0.3512267614876471, 0.04435445471185861, -0.5986790642268915, 0.240409201983306, -0.06996506464464225, 0.11930712172596666, -0.5503685571029904, -0.446388742604568, -0.31423970913270816, 0.587137489045903, 0.5193176141954703, 0.010010384601733896, 0.6534592678014046, 0.06682829363563973]], "inverted": false, "swapped": false, "error_lsq": 0.04408602283698483, "error_max": 0.325542766409426, "target": "361.xyz", "model": "14.xyz", "model_rescale": 3.942246331269136, "target_rescale": 4.202678685044304},
{"mapping": [3, 4, 5, 7, 9, 10, 1, 2, 0, 11, 6, 12, 8, 14], "R": [[0.11198794025635161, -0.8473103464797185, 0.5191568914938522], [-0.9839795807068095, -0.16748565847704683, -0.061096145185779216], [0.1387187297706823, -0.5039977489562129, -0.852492453372978]], "T": [-0.0757909580104888, 0.06826146301517634, 0.040791149068120335], "aligned_model": [[-0.5397212008942955, -0.509334036723161, 0.09845722249605746, 0.7176413816139346, 0.6098361110069597, -0.02602955746598766, -0.3114681632837308, 0.48200489337684244, 0.237279855969172, -0.2390686955345617, 0.28159108243291614, -0.6929286625539293, 0.10897801872363372, -0.05898294347826531], [0.1911723842264051, 0.4582835861565579, 0.12414346396546042, -0.21198216929677044, 0.4862588501472332, 0.7622088100461394, -0.33028081687220257, -0.21943783469068856, -0.5819925072198072, 0.19797245016932485, 0.13050297084948162, -0.4336811812897098, -0.46214637364315214, -0.01656821134988433], [-0.4941944261443577, 0.1006837135751728, -0.5669047713962718, 0.19214549197164957, -0.017139954094844236, 0.19878291659953265, -0.6242364757997367, -0.39365196678724784, -0.1001837511659687, 0.726813353444237, 0.4664594015951811, -0.147014318429022, 0.5731151841593873, -0.004718469025876575]], "inverted": true, "swapped": false, "error_lsq": 0.048631784272700214, "error_max": 0.34083059483785266, "target": "361.xyz", "model": "15.xyz", "model_rescale": 4.355366556412066, "target_rescale": 4.202678685044304},
{"mapping": [11, 6, 8, 9, 12, 1, 3, 5, 7, 0, 4, 13], "R": [[-0.3827446941191308, -0.040229645541033476, 0.922977830038889], [-0.5622200429866192, -0.7826129789679068, -0.2672555863122476], [0.7330860265942719, -0.6212072929148706, 0.27692305220331687]], "T": [-0.022701011279729556, 0.060117780368260994, -0.04196381588776437], "aligned_model": [[-0.15691434824119405, 0.4722756649890605, 0.20343386064150998, -0.6767558313158047, -0.6324455483511983, -0.5295299831132717, 0.015524306195590486, -0.08866676302703501, 0.5399441559672535, 0.19608126732849104, 0.3031306013811681, -0.04826882782278939], [-0.7152644933912575, -0.5057196588553513, -0.44119748918307844, 0.3553651132614694, -0.17262835341946203, -0.047455021337432714, 0.2520374583240807, 0.5409342884160644, 0.03513912437790984, -0.04383013242341518, 0.641119317065246, 0.11427627490620704], [0.12276403030333016, 0.10380963343638516, -0.5368386588962666, 0.08132261200124521, -0.45932101180039864, 0.45764663567160696, -0.7215450391889504, 0.4683632762873174, -0.4432644030765023, 0.6714625589468702, -0.2492308434082463, -0.045910329066970075]], "inverted": true, "swapped": true, "error_lsq": 0.0460475300334465, "error_max": 0.23396968607338847, "target": "361.xyz", "model": "16.xyz", "model_rescale": 3.795458400668931, "target_rescale": 4.202678685044304},
{"mapping": [4, 2, 7, 5, 3, 6, 0, 10, 1, 11, 8, 12, 13], "R": [[-0.9370705340699748, 0.24000676564498144, -0.25356570474424883], [0.08678571373507783, 0.8635830001113844, 0.49668163023219813], [0.33818198365570235, 0.44341983983946387, -0.8300673415858733]], "T": [-0.07853765617562607, 0.03573037354692973, 0.018846762997701005], "aligned_model": [[0.38309793577868334, -0.12856348026420156, 0.3396726419416453, -0.3530296253795813, 0.6198060027792683, -0.38390880198698607, -0.7422217413233367, 0.33470498000001986, -0.6333442430467332, -0.5586605975248733, 0.19202640609558652, 0.13492258622443198, -0.05587026238970083], [-0.26568817768314157, 0.061964392638962834, 0.41139758834389273, -0.5733846338026586, 0.11397072985709632, 0.6652654024056316, -0.028930754051740615, -0.6138010671936488, -0.23745810831057282, 0.59289217066674, 0.719780440458096, 0.13713772350019052, -0.019364441358361566], [-0.40862029230129476, -0.6424487863227164, -0.383906224619835, -0.20387010319520876, 0.09834240682954548, -0.29237329893729813, -0.3318531372243464, 0.1558666852219478, 0.387107298772093, 0.34352944903121857, 0.09774976796573591, 0.7566119468818787, 0.02613931873457598]], "inverted": true, "swapped": true, "error_lsq": 0.04563121691121323, "error_max": 0.32688185572384093, "target": "361.xyz", "model": "17.xyz", "model_rescale": 3.7474275329858107, "target_rescale": 4.202678685044304},
{"mapping": [1, 2, 3, 5, 8, 0, 11, 10, 12, 6, 4, 7, 9, 13], "R": [[-0.6260586473156355, -0.7184038556744649, 0.3032267637814644], [0.34623588385481774, -0.6045325352734199, -0.7173988615318294], [0.6986925524525006, -0.3441457742700826, 0.6272100152257261]], "T": [-0.009999812416272437, -0.014487741909372085, -0.057408738203947186], "aligned_model": [[-0.4877113380688691, -0.5927717706440214, 0.13650272776410607, 0.6064962376803936, 0.5486455054278253, -0.12571075136684556, -0.15583944721732765, 0.5244154195115984, 0.10617274385441067, -0.1621917674271957, 0.4503255531969358, -0.5704220308596917, -0.05498416709027979, -0.0646716090754541], [0.3082525921891955, 0.23553672269089526, 0.2955972936032429, -0.31506563064852916, 0.43100377028658066, 0.7832790075279092, -0.31912644333222556, -0.2377439148058949, -0.7480704377057894, 0.1564849344157266, 0.2954135063243338, -0.5114284303673486, -0.3353425129236171, 0.05566296394390876], [-0.4397028551012523, 0.2614914587455486, -0.64304809632554, 0.17238571274431613, -0.13682644801057933, 0.16467589179173756, -0.6958934477487779, -0.43290362713125935, 0.029753690118673758, 0.6792083700962321, 0.5600761572686976, -0.13738480503750836, 0.5280421902333, 8.173685824635485e-05]], "inverted": false, "swapped": false, "error_lsq": 0.03132030783767294, "error_max": 0.24994552819828197, "target": "361.xyz", "model": "18.xyz", "model_rescale": 3.922800546911778, "target_rescale": 4.202678685044304},
{"mapping": [2, 1, 9, 13, 11, 10, 3, 7, 12, 6, 4, 0, 8, 14], "R": [[-0.36152315367284593, 0.12564552134890827, -0.9238583291411085], [-0.7929587739628923, 0.4797701988882536, 0.37554885042294084], [0.4904257254199729, 0.8683511727542531, -0.0738163167775713]], "T": [-0.03426806632722636, -0.0788779766724899, 0.08347277064248243], "aligned_model": [[-0.41893669825456936, -0.7199304626377858, 0.011210614885918194, 0.6166790102497592, 0.552427910524111, 0.04091366826462485, -0.1369143451778712, 0.47652424316447406, 0.22965214638793285, -0.19920058079783076, 0.37339126713576476, -0.6851300893281871, 0.0004408721202347893, 0.017127749149010052], [0.37105923678358116, 0.0616325088727553, 0.3651743999518926, -0.22533114755211542, 0.28580142393270874, 0.7236363193905818, -0.3557161628355534, -0.21667941463720364, -0.791124275015587, 0.31618175150254796, 0.36014453632452686, -0.3826291207875205, -0.33069964288275217, -0.08699699184947467], [-0.3199073358902002, 0.32452651086102036, -0.5973299631096187, 0.24666933633969465, -0.08984883300083957, 0.05315514109366957, -0.48395440856659094, -0.5151197446111311, -0.12064821402948664, 0.6242988505959002, 0.4896011247553898, -0.343793545770109, 0.6400442323978948, 0.0022627774362416475]], "inverted": true, "swapped": false, "error_lsq": 0.03958533858582676, "error_max": 0.26131603353166954, "target": "361.xyz", "model": "19.xyz", "model_rescale": 3.9282355846067225, "target_rescale": 4.202678685044304},
{"mapping": [2, 12, 1, 4, 0, 10, 5, 3, 6, 9, 11, 7, 8, 13], "R": [[-0.9789177619353032, -0.10158413128249184, -0.17720236916914733], [-0.033745594887695456, -0.7751985575981125, 0.630815687125393], [-0.20144788455889245, 0.6234964799975921, 0.7554276201181419]], "T": [-0.02688416556910173, -0.09474236793977231, 0.03038477977353692], "aligned_model": [[-0.42224061541283897, -0.6927357503494469, 0.21931823853910318, 0.5598394847550124, 0.6079873458062269, -0.23848877863011297, -0.08021473506406435, 0.5545648244107282, -0.03380414281306329, -0.20356226296812352, 0.34591909064004717, -0.6291839480654594, 0.1494123549736659, 0.02144419986391093], [0.29990039019257975, 0.22302334816708413, 0.2703100106170489, -0.2052193270608988, 0.37460774076598696, 0.7403758945068961, -0.34001749685705535, -0.24986046735827536, -0.7192893178262616, 0.04733672134142039, 0.35837668740667855, -0.2252498486860656, -0.5104925131851921, 0.03065159917444224], [-0.5751452206232429, 0.452831181084005, -0.5759335635313314, 0.23755148702522755, -0.09940592751607032, 0.024441342146815915, -0.6212946765088789, -0.4215117973608601, -0.16128492403875114, 0.6838549072669622, 0.44155873951290364, -0.060722551730129096, 0.6425064447234975, -0.05748951194831334]], "inverted": false, "swapped": false, "error_lsq": 0.04363512590238898, "error_max": 0.29347096553234764, "target": "361.xyz", "model": "20.xyz", "model_rescale": 4.067790424073018, "target_rescale": 4.202678685044304},
{"mapping": [5, 8, 13, 12, 10, 1, 6, 11, 3, 7, 9, 2, 0, 14], "R": [[-0.7755311851293489, 0.15285778614993006, -0.6125241857308248], [0.0955127464963055, -0.9306662081171322, -0.35318228200974533], [-0.6240422230495306, -0.33240774100826986, 0.707160800362392]], "T": [-0.08708367576865338, -0.02737438728944485, -0.059811588102821285], "aligned_model": [[-0.4357149713937707, -0.5308645582895718, 0.17723553586340174, 0.5837995705209387, 0.5712006131496744, -0.03861777490152046, -0.27030312451308747, 0.4317797804614928, 0.20607009315364572, -0.177353306106945, 0.41969036400619386, -0.49302982017310304, -0.2683820790324374, -0.01725501705932632], [0.37591221695393096, 0.22249284084090198, 0.42351203380217173, -0.26377175510538536, 0.45427931653130404, 0.7519684031956906, -0.3973205126610928, -0.20340269052159332, -0.8247585076104671, 0.2618106271157281, 0.3371637126700892, -0.6503873682822169, -0.40033090954895534, 0.007286013818281402], [-0.3133510434277957, 0.19668947103819945, -0.5256015565592062, 0.2248738896358945, -0.13700178251062445, 0.1923410891599795, -0.6739185825424402, -0.40307097141122533, -0.10435874376219778, 0.6220149136488003, 0.40315919473024747, -0.03180293057352119, 0.516809909067595, -0.05682692799187079]], "inverted": true, "swapped": false, "error_lsq": 0.038381241416624974, "error_max": 0.24149653684196, "target": "361.xyz", "model": "21.xyz", "model_rescale": 4.186013935880536, "target_rescale": 4.202678685044304},
{"mapping": [11, 12, 8, 0, 5, 6, 1, 9, 7, 3, 10, 2, 13], "R": [[0.08895371823129128, 0.16994356780957223, 0.9814308023355398], [-0.9503810405022031, 0.30937876347245485, 0.03256775347187835], [-0.29809916783979495, -0.9356302498703258, 0.189031536154192]], "T": [-0.0018867369611393963, -0.010293386172469332, 0.03569442965114783], "aligned_model": [[0.26542742778115724, -0.5222311268891424, 0.3024231953895693, 0.3987407770610117, -0.1549533310265493, 0.711951111209166, -0.27674808521747757, -0.6705589209207317, 0.40302989752393137, -0.21155583647899326, -0.636452252340635, 0.49853326795917685, -0.049032088627258115], [-0.42623608952417397, 0.05841255621285556, 0.36925702200105204, -0.5840559975668755, -0.34816811283902116, -0.11020151984559642, -0.6736749080137581, -0.2845039748555367, 0.5502958670507767, 0.6566431988857201, 0.22558444623631263, 0.08682211345554987, -0.0012179416512123186], [-0.5982621606972556, -0.5341015001457294, -0.5217031329151749, 0.31487556635408137, 0.6343437616343737, -0.22291281609157026, -0.013644331766833454, 0.12426249357603197, 0.03146512150648083, -0.07088622977908735, 0.4270041315747742, 0.46072502712855967, 0.07171363095669485]], "inverted": true, "swapped": true, "error_lsq": 0.04439403678664565, "error_max": 0.27841015206415787, "target": "361.xyz", "model": "22.xyz", "model_rescale": 4.166573947596378, "target_rescale": 4.202678685044304},
{"mapping": [9, 10, 3, 1, 4, 8, 12, 2, 6, 7, 0, 14, 5, 15], "R": [[-0.20484230120081487, -0.1562490352282342, -0.9662431736519543], [-0.3608034059172994, -0.9056056707017115, 0.22293333414135222], [-0.9098684157158283, 0.3942900051778505, 0.12913116548540698]], "T": [-0.05508754943101089, 0.0008543908484428941, -0.12255573221264221], "aligned_model": [[-0.43490077951539874, -0.6459395743407222, 0.20407281297099417, 0.5343935330158223, 0.5256426099050222, -0.03642234797275844, -0.27260787469324504, 0.5412681649536302, 0.28478864493057665, -0.17094004806359808, 0.4106893893726119, -0.7923650369572953, 0.021407932027560445, -0.010832119947614578], [0.3439266991682191, 0.08490029083617134, 0.32321465880540723, -0.23859627500477446, 0.44842257864542673, 0.7942814660624953, -0.4974319873518996, -0.17069383266320257, -0.6800190150043205, 0.15191909342590043, 0.2592364522956149, -0.283033765977645, -0.41149600073530723, -0.03017694130369828], [-0.43639082871890994, 0.3299610127365644, -0.5588428122625102, 0.19880775813263984, -0.07471524021827546, 0.033021344482426246, -0.48831104471953396, -0.3828254156563248, -0.12434728896762846, 0.5667535610991385, 0.4963516246987542, -0.16506671927553843, 0.5952029856574335, -0.07964300848640096]], "inverted": false, "swapped": false, "error_lsq": 0.040132087688708316, "error_max": 0.2945084331073725, "target": "361.xyz", "model": "23.xyz", "model_rescale": 4.274766983524099, "target_rescale": 4.202678685044304},
{"mapping": [8, 2, 4, 3, 5, 9, 12, 1, 11, 0, 13], "R": [[0.5163706358081407, 0.599787846911763, 0.611241282287157], [-0.003362642648171099, -0.7123367846690102, 0.7018297498979627], [0.8563586042713164, -0.364459660188021, -0.3658129262151832]], "T": [-0.04095108582757101, 0.09334195911838399, -0.027722930140482986], "aligned_model": [[0.4125159289721216, 0.05070126271372677, -0.5020120406275391, -0.324093947880558, -0.4179476532206177, -0.5158289375504302, -0.10801130924848434, -0.027648194899094036, 0.6576929951315317, 0.2549157361378252, -0.1003891355704068], [-0.2537417362183206, 0.6985185211896308, 0.39869445223750244, -0.24051904233788451, 0.5511563302408847, -0.16193496552353287, -0.671199033388022, 0.026810009439588958, -0.18140625378376674, 0.6555612107315011, 0.093647038655902], [-0.49810114492825375, -0.284362338865927, -0.45301259267122895, -0.5831434268106649, 0.35207876231271507, 0.4616470282581243, 0.07775782390377756, 0.6888345695962094, 0.25998529226105727, 0.3772713699331379, -0.019388908967369556]], "inverted": true, "swapped": true, "error_lsq": 0.05183592911689594, "error_max": 0.3014795807600442, "target": "361.xyz", "model": "24.xyz", "model_rescale": 3.7841303162186577, "target_rescale": 4.202678685044304},
{"mapping": [3, 11, 4, 8, 1, 6, 12, 2, 9, 7, 0, 14, 10, 15], "R": [[0.4536071309674631, 0.4968786098396548, 0.7398325606644244], [-0.7891308442859891, 0.6097090290388246, 0.07434655677982693], [-0.4141413784348881, -0.6175488215455892, 0.6686706002776742]], "T": [-0.0006896996798094572, -0.02077463991374262, 0.015738768454557493], "aligned_model": [[-0.43504434040274076, -0.6711175042016981, 0.26809966741072644, 0.5823472414949785, 0.646434415549872, -0.16669628734343675, -0.2835406684910814, 0.4304857710275197, 0.07668315764785529, -0.09871257075350086, 0.44572774061825743, -0.41580184655871877, -0.1948453011650224, -0.025764169147425058], [0.40857679599748337, 0.2530331425116046, 0.4593237767784566, -0.11835252471669969, 0.34261079073278095, 0.6808697550063748, -0.424486276191415, -0.2682606614004586, -0.5890496111993573, 0.2559780920122605, 0.1825328276726744, -0.6963389684813629, -0.43429436019172435, 0.04231064266777054], [-0.5096137590891606, 0.2706572384993153, -0.4882077855440465, 0.017804019478225273, 0.06283231456489377, -0.030773683345897942, -0.560615420048194, -0.5513868001422143, -0.0992295162391371, 0.5959154675887296, 0.564106794485355, -0.008627310243596639, 0.6454689873819437, 0.0016253811556194882]], "inverted": true, "swapped": false, "error_lsq": 0.04512518615729498, "error_max": 0.29361258686865455, "target": "361.xyz", "model": "25.xyz", "model_rescale": 4.19342608120988, "target_rescale": 4.202678685044304},
{"mapping": [11, 6, 8, 9, 12, 1, 3, 5, 7, 0, 4, 13], "R": [[-0.3827446941191308, -0.040229645541033476, 0.922977830038889], [-0.5622200429866192, -0.7826129789679068, -0.2672555863122476], [0.7330860265942719, -0.6212072929148706, 0.27692305220331687]], "T": [-0.022701011279729556, 0.060117780368260994, -0.04196381588776437], "aligned_model": [[-0.15691434824119405, 0.4722756649890605, 0.20343386064150998, -0.6767558313158047, -0.6324455483511983, -0.5295299831132717, 0.015524306195590486, -0.08866676302703501, 0.5399441559672535, 0.19608126732849104, 0.3031306013811681, -0.04826882782278939], [-0.7152644933912575, -0.5057196588553513, -0.44119748918307844, 0.3553651132614694, -0.17262835341946203, -0.047455021337432714, 0.2520374583240807, 0.5409342884160644, 0.03513912437790984, -0.04383013242341518, 0.641119317065246, 0.11427627490620704], [0.12276403030333016, 0.10380963343638516, -0.5368386588962666, 0.08132261200124521, -0.45932101180039864, 0.45764663567160696, -0.7215450391889504, 0.4683632762873174, -0.4432644030765023, 0.6714625589468702, -0.2492308434082463, -0.045910329066970075]], "inverted": true, "swapped": true, "error_lsq": 0.0460475300334465, "error_max": 0.23396968607338847, "target": "361.xyz", "model": "26.xyz", "model_rescale": 3.795458400668931, "target_rescale": 4.202678685044304},
{"mapping": [10, 12, 9, 5, 0, 7, 3, 4, 8, 1, 2, 6, 13], "R": [[-0.6792055252418501, -0.224963804775988, 0.6986208850454256], [-0.7116615489682421, -0.030923688426739593, -0.7018415527839659], [0.17949288064172625, -0.973876281688181, -0.13909454972836993]], "T": [-0.051620814690097695, -0.022057866540648674, -0.019341489122732383], "aligned_model": [[-0.033611131924438965, 0.5232367999138997, 0.4567764409865612, -0.08577243504756549, -0.09545935401683434, -0.6226024421410862, -0.2697238204900361, -0.5991859070415891, -0.1536811807731163, 0.5337512478546897, -0.6351538250198159, -0.269887385796996, -0.04901062368241582], [-0.6969672278337286, -0.3986213143945781, -0.3615200069380196, 0.014681462438743374, 0.6205595464212564, -0.07590550476256341, -0.598757717864003, -0.400086112685394, 0.024441774635753574, 0.20228739781962526, 0.2483326936608874, 0.6109495139936995, -0.06751300123476459], [-0.4138133300897585, 0.33826847289434014, -0.41488658661717104, -0.7218040321496528, -0.4101983546685298, 0.3670729150224004, 0.3270301856587716, -0.2289977814334232, 0.7119426930337828, -0.3729894332920671, -0.18329508375820025, 0.35225664910104043, -0.05844965160210661]], "inverted": false, "swapped": true, "error_lsq": 0.04412804130840125, "error_max": 0.258556269712076, "target": "361.xyz", "model": "27.xyz", "model_rescale": 3.6321398670334006, "target_rescale": 4.202678685044304},
