[{"mapping": [12, 0, 1, 5, 3, 11, 9, 2, 4, 10, 7, 6, 8, 13], "R": [[-0.2331960032337093, -0.24258539512886101, 0.9416856960504383], [0.49262912382594415, 0.8054543308956281, 0.3294842442362892], [-0.8384128878030839, 0.5407362082491337, -0.06832410009684077]], "T": [-0.07009653405260652, -0.1270704582113914, -0.09866839942102792], "aligned_model": [[-0.07649392439710347, 0.33825797745193886, -0.3555049578104902, -0.7731235700574826, -0.09907281547823085, -0.3578026996203357, 0.532217580097173, 0.5003488456780509, 0.567249601323316, 0.026782264827217517, 0.42957534633812555, -0.06020971335923869, -0.028045813577416548, 0.00830822126936051], [0.08771877351086563, -0.5187818512801349, -0.41425684311392735, -0.13712086864891518, -0.6076671780974858, 0.48921282630788543, 0.16753379673716307, -0.6178145292924809, -0.06803798123359284, 0.8150086172489477, 0.37299302266313894, -0.37207419911292483, 0.3260418032759156, 0.008818532259714601], [-0.6362039492282463, -0.6232836985256719, -0.5098984146164469, 0.18071169353091035, 0.10477071615707878, 0.057798582270724125, -0.3939127264222424, 0.05951052095842185, 0.611056404284128, -0.44295089759515904, 0.16902360553598847, 0.6255012643377384, 0.5365482148296353, -0.05477376572799702]], "inverted": false, "swapped": false, "error_lsq": 0.04846145373992602, "error_max": 0.28556025467362967, "target": "362.xyz", "model": "0.xyz", "model_rescale": 3.8414455957264533, "target_rescale": 3.9718230566115946},
{"mapping": [0, 4, 7, 9, 2, 13, 1, 5, 10, 11, 12, 6, 8, 14], "R": [[-0.07956653593717102, -0.1474213688731941, -0.9858681992835112], [-0.09651889558343593, 0.9854961439022759, -0.13957597626059642], [0.9921457902719302, 0.08404933285457074, -0.09264146205878289]], "T": [0.039336696025347735, -0.0861865749852366, -0.0412154341864732], "aligned_model": [[-0.12832802575139932, 0.14010777590937287, -0.46245319462997403, -0.6158146710268015, -0.06008552244690341, -0.4226663254129097, 0.6960415791471407, 0.46436063797711946, 0.5142688100051407, 0.2916217813907364, 0.3045006140825741, -0.005306182972995871, -0.18671677687031513, 0.12295584328409889], [0.07165269020320753, -0.43987315214912837, -0.31431481507168546, -0.13081901032488757, -0.8158044994432845, 0.5111788475340646, 0.16060172207549842, -0.5218784233217839, -0.003605345853529951, 0.6844897730772267, 0.5630382169211867, -0.5276500854068704, 0.35306222809604504, -0.05850422511188974], [-0.728596461669386, -0.44192509147125675, -0.37154771212234405, 0.1439718006835184, 0.007545558441003367, -0.10870440217078547, -0.5475079623622271, 0.21147023427011655, 0.4445840389669789, -0.3032757409276071, 0.2595914972524063, 0.6015474739721961, 0.57543901839134, -0.05869470146509122]], "inverted": false, "swapped": false, "error_lsq": 0.03980094004144629, "error_max": 0.27734338466016417, "target": "362.xyz", "model": "1.xyz", "model_rescale": 4.316132596720782, "target_rescale": 3.9718230566115946},
{"mapping": [10, 5, 12, 7, 8, 6, 11, 1, 3, 0, 2, 13], "R": [[0.9565286408347384, -0.19365435242885795, 0.21806180556944857], [0.1318126363424553, 0.9540569728417387, 0.2690738216038672], [-0.26015070279224684, -0.22863351538525103, 0.9381089102440519]], "T": [0.011902983084554987, -0.03031581508773899, -0.04457804083555186], "aligned_model": [[-0.24796717783781433, 0.39096044534021046, 0.253646720930801, -0.6317085639757601, -0.648625901714852, -0.5524797376174799, -0.1511127799161937, -0.13368354332194735, 0.5673624720489473, 0.37942534902450253, 0.4131867867188025, -0.04119551504743584], [-0.6492211985026299, -0.3499474437971636, -0.5739423132438272, 0.45198503398329753, -0.19984310407247688, -0.12504713944857423, 0.23721149792168125, 0.5400140255627017, 0.10002244440722675, 0.07284852085328926, 0.44747964859718947, 0.06121645548026641], [-0.051366144654160784, 0.09532854468336968, -0.5099814782573209, -0.0016920935288362166, -0.3079267008847262, 0.41389012312841633, -0.8474280856483305, 0.4205243592526413, -0.5178141169847285, 0.6044108732157865, 0.16154664546314906, -0.010233464575838777]], "inverted": true, "swapped": true, "error_lsq": 0.047076519585814526, "error_max": 0.262194960764081, "target": "362.xyz", "model": "2.xyz", "model_rescale": 3.795458400668931, "target_rescale": 3.9718230566115946},
{"mapping": [12, 3, 11, 1, 10, 6, 4, 5, 2, 0, 8, 13], "R": [[-0.220227022641672, 0.5525892628281421, -0.8038315526933706], [0.9479428034138848, 0.3155534261210812, -0.042784070856715484], [0.2300097823011222, -0.7714085440739543, -0.5933164064607456]], "T": [0.0793789895426331, 0.03325329324260216, 0.022887883602131828], "aligned_model": [[-0.03130189889744657, -0.07308222713310226, -0.7372407225888138, 0.22968554082682346, 0.12014742227018511, 0.20524860724493, -0.30995664830660447, 0.47149522917080344, 0.3121767201183056, 0.7656708622486756, -0.41521181847546174, 0.05567275926527075], [-0.11061458723631035, -0.6551398815535199, -0.22944084739977513, 0.08552879348107378, 0.504678644239067, 0.7090499909543025, -0.22033429044219524, -0.10105444244146397, -0.42640654245260834, -0.08394971745067326, 0.5614062508115125, 0.0520456747802997], [-0.7103391874679047, -0.20590482572598512, -0.05979966612062111, 0.7560093053946864, -0.4532618048803897, 0.2781340379553742, 0.5779861325520247, -0.2831008044077074, 0.43071460485304686, 0.3095394141751438, -0.08115447387682657, 0.129948698188259]], "inverted": false, "swapped": true, "error_lsq": 0.04860921911405588, "error_max": 0.2835668168036552, "target": "362.xyz", "model": "3.xyz", "model_rescale": 3.7530521520055578, "target_rescale": 3.9718230566115946},
{"mapping": [7, 11, 4, 3, 1, 12, 6, 10, 9, 5, 13], "R": [[-0.8008019297028163, -0.3400506191378255, -0.493033311053348], [-0.572089324168805, 0.6779592813716494, 0.4616113278225705], [0.17728529142691385, 0.6517183358062119, -0.7374504296680937]], "T": [-0.0028247416736206857, -0.015659965758173966, 0.03664596481206543], "aligned_model": [[-0.2437057625998492, -0.12561830275839686, 0.26748350833972556, 0.43562698540403755, 0.2825500568469949, -0.19556681432988196, -0.43105490966473303, -0.5621309780148006, -0.24940147709296173, 0.14816690627230208, 0.011850390042768399], [-0.7413709874048375, 0.04675667833555347, -0.4932056211243081, 0.4166563238978479, -0.6950514817318945, 0.700849346691811, -0.4715971748591442, 0.26758894147767676, 0.19525564882683547, 0.3659959965818479, -0.12467431237704221], [-0.21635400320868897, -0.8140826056173245, -0.43548385261260847, -0.3760747619009253, 0.1772880593908711, -0.10489930162218374, 0.41931438680452965, 0.2765814625000151, 0.7985240012081087, 0.3480348520504937, 0.01998254025302884]], "inverted": false, "swapped": true, "error_lsq": 0.056234706083178265, "error_max": 0.28034084831324463, "target": "362.xyz", "model": "4.xyz", "model_rescale": 3.7855080009869324, "target_rescale": 3.9718230566115946},
{"mapping": [13, 15, 8, 7, 10, 6, 14, 9, 2, 11, 1, 5, 4, 16], "R": [[0.543462110740148, -0.8164992387957155, -0.19487926322695479], [-0.6303906669575854, -0.5502744091062453, 0.5475451412400112], [-0.5543072624480344, -0.17471996946196605, -0.8137667915739593]], "T": [0.09459901786390294, -0.009552575324507977, 0.0009000362323187579], "aligned_model": [[-0.01226277129543922, 0.18453616740812673, -0.3360856613822769, -0.5903339811151268, -0.15787749466703205, -0.4405360754093213, 0.6783900150457038, 0.5262227853563465, 0.7779659795852626, -0.0025835614177110305, 0.32375404765501303, -0.13689185653266922, -0.3052642799295067, 0.14345302938351498], [0.23632970025804073, -0.5555986701822345, -0.2970806333422223, -0.15608919815545275, -0.6907091034317755, 0.3445686453750058, -0.10435895964923267, -0.5755169303059444, -0.04173949980502319, 0.7259135768769097, 0.6130052095495502, -0.31957805741192274, 0.3792908178306771, -0.026862976382205857], [-0.6721453585572231, -0.6098888619218165, -0.47570063191534273, 0.26691371436711425, 0.05787080866305451, -0.11870623895718115, -0.32757708570103666, 0.01820007886573687, 0.2797535553044207, -0.28559832947079306, 0.365610490981715, 0.7118145318975005, 0.486606678705622, -0.013255802472909042]], "inverted": false, "swapped": false, "error_lsq": 0.04244844696706927, "error_max": 0.2487038754649074, "target": "362.xyz", "model": "5.xyz", "model_rescale": 4.2253639853439635, "target_rescale": 3.9718230566115946},
{"mapping": [4, 10, 2, 6, 5, 3, 1, 8, 9, 0, 0, 11, 7, 13], "R": [[-0.06504304728719207, -0.7776824374770308, 0.6252834784634724], [-0.760005744736256, 0.44466616097863415, 0.47398657496643526], [-0.6466534388430056, -0.4443895045118721, -0.6199655621985852]], "T": [0.07483885593071649, -0.09322672897216716, 0.016978521206216606], "aligned_model": [[-0.03307523751283181, 0.19591620613195596, -0.4006875707856128, -0.5224013383196378, -0.15059204742326054, -0.47877217975863373, 0.6024772669481631, 0.608249020721088, 0.6171988818378568, 0.30340544034795197, 0.30340544034795197, -0.10426730489481295, -0.3136202563068368, 0.025250021351542903], [0.19961887461490418, -0.6241730614692345, -0.32214674287073825, -0.12757470285603598, -0.6843303302943067, 0.32938465061505523, 0.048905146414072787, -0.5967635809843768, 0.05756415817921337, 0.6732327457491627, 0.6732327457491627, -0.5035459276117102, 0.46915774428367957, -0.06098779829467846], [-0.6182437336798245, -0.5415451950899663, -0.3973183008529322, 0.25328835000091804, -0.005796613649402555, -0.11690170774746929, -0.47302353917357487, 0.1052344579053067, 0.2529957623889079, 0.07494264307777986, 0.07494264307777986, 0.653463342074186, 0.419737057288653, 0.002122384168500264]], "inverted": true, "swapped": false, "error_lsq": 0.05095208503155023, "error_max": 0.43069573737821304, "target": "362.xyz", "model": "6.xyz", "model_rescale": 3.89814844738969, "target_rescale": 3.9718230566115946},
{"mapping": [6, 9, 10, 1, 8, 5, 0, 7, 4, 3, 12, 11, 13], "R": [[0.7821897275759446, 0.21680947542301005, 0.5841000611551663], [-0.5554881248447515, 0.6672448623799458, 0.49620281819436407], [-0.28215629220545746, -0.7125853948786536, 0.6423471660827205]], "T": [-0.13030854555254823, 0.1223096845638039, -0.020042597047855236], "aligned_model": [[0.24919621772827283, -0.008052354683367874, 0.37741466307176286, -0.4125178558272962, 0.5771375786272949, -0.338231713795197, -0.676236113104568, 0.1682494570783779, -0.3114702964888949, -0.5146528289229138, 0.0593621166351232, 0.11736436754787252, -0.1389314369622441], [-0.3331371326523922, 0.31713007264985654, 0.41318054948060556, -0.5683196988930543, -0.003925610623949055, 0.49042921326159605, -0.04346103872844512, -0.5889166952839291, -0.3481247532953031, 0.5547693723547438, 0.8475802889371851, 0.21309437711671195, 0.013482321146859752], [-0.45159707558502166, -0.8155563087138962, -0.3490315571635246, -0.09866044664651027, 0.11402849508739082, -0.31445516324358486, -0.5113524163306423, 0.21171005703431336, 0.499471432752753, 0.44335116619687476, 0.07257356885467403, 0.8004020777249551, 0.0013912008685147727]], "inverted": false, "swapped": true, "error_lsq": 0.04760090192185862, "error_max": 0.26693226762108613, "target": "362.xyz", "model": "7.xyz", "model_rescale": 3.7474275329858107, "target_rescale": 3.9718230566115946},
{"mapping": [5, 6, 3, 2, 0, 8, 7, 10, 12, 9, 11, 1, 4, 14], "R": [[-0.47026629178439777, 0.6993243508742142, 0.5383261716521968], [0.5790542332510566, -0.21581613911359487, 0.7862058185056456], [0.6659923496297704, 0.6814461434130069, -0.30345567034108506]], "T": [0.08735508732918104, -0.017070041348694245, 0.09405432875077041], "aligned_model": [[-0.0671625716489744, 0.1777768161115948, -0.40281637020865213, -0.7005083061892823, 0.04949274534452863, -0.42059721039185594, 0.48798628586105175, 0.7394471714163718, 0.48546861701122446, 0.2534896223598135, 0.6067048376665234, -0.20892139988788686, -0.4016314401100952, 0.05375754535052302], [0.12054909731725227, -0.476839833802108, -0.30737704532734106, -0.08988305624471551, -0.6671961356241267, 0.3860279111772213, 0.08255127776007268, -0.3642008791661914, -0.04488572088297252, 0.6086889786713997, 0.3242223545220461, -0.5302607429250257, 0.4951573164888315, -0.004979600740173385], [-0.5916618878859963, -0.5748057069137091, -0.3413630832124976, 0.381385207469311, -0.006522717480316381, -0.11738554394560191, -0.44765395756757925, -0.07781613117532812, 0.5645588709769922, -0.30739978471930685, 0.07746237482071888, 0.5562851877246817, 0.4268322662874868, 0.14198245541000606]], "inverted": false, "swapped": false, "error_lsq": 0.051438286647340584, "error_max": 0.3828209899417915, "target": "362.xyz", "model": "8.xyz", "model_rescale": 4.019505241142653, "target_rescale": 3.9718230566115946},
{"mapping": [5, 3, 10, 9, 0, 6, 8, 2, 1, 4, 11, 7, 13], "R": [[0.8907309892796871, 0.14214686048856623, -0.4317320636576282], [0.4544353866560342, -0.2590351954163657, 0.852284721727655], [0.009315797958892952, -0.9553507406124986, -0.2953272393795394]], "T": [-0.05730729463643995, -0.06766678272597244, -0.07446052597563323], "aligned_model": [[-0.19677278548350147, -0.7975247346455625, 0.21264509453763814, 0.38228117791490107, 0.09448470079157666, 0.6746708155803445, 0.27206098506419313, -0.2778243060083862, 0.28222893175033464, -0.18176043883676687, -0.5121597029123885, 0.37544078753831106, -0.00806975354951725], [-0.4120503142619495, -0.09524734569237071, 0.13770544950256125, -0.45102750260416075, -0.7991057294236874, -0.024664072713774673, 0.5775020827647956, -0.5095609378344335, -0.3384560350258901, 0.10273634313694462, 0.624947066734488, 0.31193952437129563, -0.0613403008397599], [-0.43135287739871614, -0.046297720884031904, -0.6537449175484426, -0.6622871658304282, 0.019658747372092458, -0.0671291068938469, -0.17276666740616314, 0.3590211758935084, 0.5372421290661333, 0.6179968063421086, 0.16241188455326266, 0.48884870170172234, 0.025102505076679812]], "inverted": false, "swapped": true, "error_lsq": 0.04974687376926615, "error_max": 0.2943682133772046, "target": "362.xyz", "model": "9.xyz", "model_rescale": 3.877068213659057, "target_rescale": 3.9718230566115946},
{"mapping": [1, 0, 5, 3, 12, 4, 8, 11, 9, 7, 2, 6, 13, 15], "R": [[-0.5075253630764915, 0.8499704134114591, -0.1413092430070622], [-0.8390972988462438, -0.4502910034221354, 0.3052109685218149], [0.1957900122657264, 0.273474511723195, 0.9417419829946774]], "T": [0.06642523194786876, -0.038474849779394256, 0.1257835031124878], "aligned_model": [[-0.09631392149379203, 0.2106667249280084, -0.43630896561699684, -0.5662361202492486, -0.12998806138248883, -0.34504653448813766, 0.6817610823490805, 0.5557566687508434, 0.6712255338689174, 0.16941416534371428, 0.25771572538762283, -0.20441749368464984, -0.19674021723621604, 0.08099775620822744], [0.07356496852812466, -0.5255140674588563, -0.28643057625042484, -0.08450568020568411, -0.7491224916619729, 0.459105536455105, 0.09846611945433723, -0.5723737366183163, 0.15370928018405383, 0.577980527454765, 0.5770200892938614, -0.393040400735512, 0.2999765714796046, -0.09726221869491611], [-0.7191245731029928, -0.4872036319717882, -0.4189840863709211, 0.1453313627039176, 0.0049656112115629425, -0.07718305670890252, -0.3191118755603435, -0.016209453938911517, 0.30724192503347214, -0.3992523212784629, 0.2836736074391678, 0.5514970960032726, 0.7690820945668558, 0.059174851762935465]], "inverted": false, "swapped": false, "error_lsq": 0.04045296631344142, "error_max": 0.2990524120079028, "target": "362.xyz", "model": "10.xyz", "model_rescale": 4.260839863003843, "target_rescale": 3.9718230566115946},
{"mapping": [12, 3, 4, 11, 7, 8, 10, 5, 2, 1, 6, 13], "R": [[-0.5225289759805316, 0.7862371004641001, -0.3298404024896607], [0.846064365453267, 0.5260253070741027, -0.08644342559012998], [0.1055393707149014, -0.32423540548712493, -0.9400706585452512]], "T": [0.13076928742969793, 0.032425093767383326, -0.023146876918079207], "aligned_model": [[0.46347939075303246, 0.28852621750991747, -0.4220538774522491, -0.4293672411790428, -0.6058118629734994, -0.34003726023205816, 0.3069197696142991, 0.64400584790804, 0.21102351670965622, -0.14825095213102582, -0.059761478065464446, 0.05022657863252504], [-0.00937781043554569, -0.6264138913178126, -0.37042255676807373, -0.3515737236645455, 0.209054542345476, 0.4762933247236691, 0.5737310538706921, 0.019005195207907347, -0.4389685736815634, -0.007867816113729088, 0.6701717961034339, 0.02944696526302566], [-0.6999974277755789, -0.32401168423426135, 0.21375666107528593, -0.5537174887857799, 0.250603709868708, -0.3633124459298684, -0.3789295601588054, -0.06593624178500343, 0.4275768205402577, 0.6720624395500294, 0.28454145186609964, 0.05354184316442162]], "inverted": false, "swapped": true, "error_lsq": 0.040045534175084004, "error_max": 0.2633729202156096, "target": "362.xyz", "model": "11.xyz", "model_rescale": 3.890672605050136, "target_rescale": 3.9718230566115946},
{"mapping": [2, 0, 1, 6, 0, 11, 4, 3, 7, 10, 12, 8, 9, 13], "R": [[0.6721541850164445, -0.24162838803180026, 0.6998746128143475], [-0.3786463818561589, 0.700117547749472, 0.6053613275065609], [-0.6362669793978933, -0.6719011396257782, 0.3790952248412809]], "T": [-0.07212927971607781, -0.0015898904183881957, 0.06118916258317751], "aligned_model": [[-0.007351436768853428, 0.014609634381660588, -0.45738532202058063, -0.59568693664131, 0.014609634381660588, -0.3761259250775216, 0.44088607895386595, 0.5972229073476842, 0.6706732111685137, 0.22791035269981524, 0.41982839478582096, 0.011459613331739504, -0.40161181372341626, 0.09344794986580586], [0.252316332053823, -0.5305548908475197, -0.4553042860562232, -0.18550552426552902, -0.5305548908475197, 0.3550706515341934, -0.026108750556117055, -0.636989171570064, 0.002319080050162403, 0.7438015075984638, 0.5263037180372208, -0.5515023083899774, 0.5411496357520807, 0.027132818731175436], [-0.5997946457810552, -0.18653433014484322, -0.4398291199665747, 0.21649776969534829, -0.18653433014484322, -0.22715344841688168, -0.41554043697136755, 0.02515363585014259, 0.479750209220252, -0.3311224319240211, 0.24676429937545524, 0.5192287627902049, 0.511406313009235, 0.07160530319781008]], "inverted": false, "swapped": false, "error_lsq": 0.05457654727575182, "error_max": 0.4138097131977027, "target": "362.xyz", "model": "12.xyz", "model_rescale": 4.124412569039231, "target_rescale": 3.9718230566115946},
{"mapping": [11, 4, 2, 8, 3, 12, 7, 10, 1, 6, 5, 0, 13], "R": [[-0.833614504344828, 0.4082365624119466, -0.3720615100437075], [0.043054137334029796, -0.6235268250217223, -0.7806155518158432], [-0.5506661415089451, -0.6667512336609568, 0.5022047321633311]], "T": [0.17162436368791034, 0.046640651582517546, -0.04721269842804876], "aligned_model": [[-0.21353882716154093, -0.09914162015864281, 0.5166034986048116, -0.4898336280265886, 0.5734016840990858, 0.39573324331494864, -0.521571950101974, 0.03233704071141841, 0.03473148188224154, -0.2484187954056708, 0.6235163813381901, 0.6513847737671332, 0.11209502464634517], [-0.2233580031899788, 0.5008445729007343, 0.5557143373147335, -0.25258809340730853, -0.12896958078346507, -0.6655288467749153, 0.4525544685124865, -0.45425230471381534, 0.7807691053442799, 0.2417609939091633, -0.12160551079325158, 0.5221476707153584, 0.13999656747445605], [0.6749114179704752, 0.4471632185992349, 0.18438600935290253, -0.1328042253649722, 0.5504592187885889, 0.06750425555417877, 0.011113803043144188, -0.4718628373682897, -0.11867988434976517, -0.6157078462698733, -0.22862279645041877, -0.3798163723611571, -0.036345880176208975]], "inverted": false, "swapped": true, "error_lsq": 0.038999791535671235, "error_max": 0.2341373087026266, "target": "362.xyz", "model": "13.xyz", "model_rescale": 3.9028299243045295, "target_rescale": 3.9718230566115946},
{"mapping": [6, 11, 1, 2, 12, 3, 10, 13, 5, 7, 4, 8, 0, 15], "R": [[0.39164028022060754, -0.04558795399585591, 0.9189883728095778], [-0.643564329210589, -0.7273890171173655, 0.23818096469860345], [0.6576038663788775, -0.6847093954573025, -0.31421361952666355]], "T": [0.03657915663340681, -0.050405559082982936, -0.05896739579503839], "aligned_model": [[-0.36191880720513847, 0.05698909547241561, -0.40639364683660045, -0.6408532655887106, 0.11972612890495365, -0.2568372597560113, 0.7267233920369341, 0.6845767985015931, 0.34687025451637554, 0.3730010434292752, 0.3208822771317812, -0.1157796041847623, -0.25910853181905846, 0.0646084680818376], [0.18353514279541971, -0.5504049982699009, -0.36127291885419455, -0.1694132327930812, -0.7330229710044397, 0.4989727438188787, 0.2014925100541773, -0.48747050187604124, -0.1533601406885363, 0.627281152862755, 0.4708427644787172, -0.35324673572672927, 0.3606335878256821, -0.0029924813985375207], [-0.539466493682236, -0.60251195104997, -0.41859961870839796, 0.20384861679964694, 0.04761749480683247, -0.031043711725543377, -0.18387095520478958, 0.08842542529813503, 0.33501435804155744, -0.5571530944798283, 0.2678891396172316, 0.6349931140962713, 0.5974105592361794, -0.15865533325622766]], "inverted": false, "swapped": false, "error_lsq": 0.04690745866412225, "error_max": 0.2889265863710141, "target": "362.xyz", "model": "14.xyz", "model_rescale": 3.942246331269136, "target_rescale": 3.9718230566115946},
{"mapping": [2, 1, 0, 8, 12, 6, 5, 3, 4, 9, 10, 13, 11, 14], "R": [[0.822417771421724, -0.47497364802164066, -0.3130959005396587], [0.49784273021692993, 0.8672312339986954, -0.007912189788769175], [0.2752846258327522, -0.14936539245124672, 0.9496885564847072]], "T": [0.057234536232341454, 0.02652175705188386, 0.0032838805674235104], "aligned_model": [[-0.06286390355737062, 0.26486289674103725, -0.4212940331494236, -0.7112417926695662, 0.021977162539792927, -0.28126870198757015, 0.41609467501421504, 0.63049314096747, 0.4411516735391655, 0.1625553951669932, 0.4357908660123756, -0.041397091242975845, -0.2219847473206856, 0.01961080263142656], [0.06805295504889043, -0.6276729911338562, -0.22320120812974378, 0.008452851986963189, -0.7814867372121306, 0.4639589894426138, -0.038519506032424856, -0.4056960686271859, -0.0005030238073312591, 0.739266626898341, 0.5579975913753418, -0.44194131504973744, 0.24513854236201701, -0.032272785897587496], [-0.7493776921148124, -0.4274841906023021, -0.4960820492021138, 0.09249471441059182, 0.1214170637136197, 0.08607044210607694, -0.516108642558359, -0.030036590063069277, 0.4454843665737703, -0.35597170159266733, 0.29177834976365685, 0.6603561738837661, 0.6264646870187675, -0.06510738154806367]], "inverted": false, "swapped": false, "error_lsq": 0.0503861486297645, "error_max": 0.3685012237202392, "target": "362.xyz", "model": "15.xyz", "model_rescale": 4.355366556412066, "target_rescale": 3.9718230566115946},
{"mapping": [10, 5, 12, 7, 8, 6, 11, 1, 3, 0, 2, 13], "R": [[0.9565286408347384, -0.19365435242885795, 0.21806180556944857], [0.1318126363424553, 0.9540569728417387, 0.2690738216038672], [-0.26015070279224684, -0.22863351538525103, 0.9381089102440519]], "T": [0.011902983084554987, -0.03031581508773899, -0.04457804083555186], "aligned_model": [[-0.24796717783781433, 0.39096044534021046, 0.253646720930801, -0.6317085639757601, -0.648625901714852, -0.5524797376174799, -0.1511127799161937, -0.13368354332194735, 0.5673624720489473, 0.37942534902450253, 0.4131867867188025, -0.04119551504743584], [-0.6492211985026299, -0.3499474437971636, -0.5739423132438272, 0.45198503398329753, -0.19984310407247688, -0.12504713944857423, 0.23721149792168125, 0.5400140255627017, 0.10002244440722675, 0.07284852085328926, 0.44747964859718947, 0.06121645548026641], [-0.051366144654160784, 0.09532854468336968, -0.5099814782573209, -0.0016920935288362166, -0.3079267008847262, 0.41389012312841633, -0.8474280856483305, 0.4205243592526413, -0.5178141169847285, 0.6044108732157865, 0.16154664546314906, -0.010233464575838777]], "inverted": true, "swapped": true, "error_lsq": 0.047076519585814526, "error_max": 0.262194960764081, "target": "362.xyz", "model": "16.xyz", "model_rescale": 3.795458400668931, "target_rescale": 3.9718230566115946},
{"mapping": [6, 9, 10, 1, 8, 5, 0, 7, 4, 3, 12, 11, 13], "R": [[0.7821897275759446, 0.21680947542301005, 0.5841000611551663], [-0.5554881248447515, 0.6672448623799458, 0.49620281819436407], [-0.28215629220545746, -0.7125853948786536, 0.6423471660827205]], "T": [-0.13030854555254823, 0.1223096845638039, -0.020042597047855236], "aligned_model": [[0.24919621772827283, -0.008052354683367874, 0.37741466307176286, -0.4125178558272962, 0.5771375786272949, -0.338231713795197, -0.676236113104568, 0.1682494570783779, -0.3114702964888949, -0.5146528289229138, 0.0593621166351232, 0.11736436754787252, -0.1389314369622441], [-0.3331371326523922, 0.31713007264985654, 0.41318054948060556, -0.5683196988930543, -0.003925610623949055, 0.49042921326159605, -0.04346103872844512, -0.5889166952839291, -0.3481247532953031, 0.5547693723547438, 0.8475802889371851, 0.21309437711671195, 0.013482321146859752], [-0.45159707558502166, -0.8155563087138962, -0.3490315571635246, -0.09866044664651027, 0.11402849508739082, -0.31445516324358486, -0.5113524163306423, 0.21171005703431336, 0.499471432752753, 0.44335116619687476, 0.07257356885467403, 0.8004020777249551, 0.0013912008685147727]], "inverted": false, "swapped": true, "error_lsq": 0.04760090192185862, "error_max": 0.26693226762108613, "target": "362.xyz", "model": "17.xyz", "model_rescale": 3.7474275329858107, "target_rescale": 3.9718230566115946},
{"mapping": [4, 8, 5, 12, 10, 9, 0, 3, 1, 6, 2, 11, 7, 13], "R": [[-0.31141989863507463, 0.20890187997562282, 0.9270262408782022], [-0.9417857240915761, -0.197935608282865, -0.2717740695338651], [0.1267173888281547, -0.9576959327032475, 0.25838189536465506]], "T": [0.04934113118321349, -0.05862831927924972, 0.030922961514108536], "aligned_model": [[-0.0023509170887782357, 0.2909832653794384, -0.4889892928720915, -0.6735864398653859, -0.21598643250278848, -0.39542292437949145, 0.7395419908518335, 0.4513825312358075, 0.6068806336188697, 0.03762285399485422, 0.3710249318787568, 0.0093768524021225, -0.19144609177825503, 0.11345538180999204], [0.11549478161822613, -0.47669813673065303, -0.2876974350479895, -0.07619651708317565, -0.693746031286304, 0.41206356606064404, 0.19451398437749073, -0.5955128791502613, -0.035386868080715644, 0.6022569402289941, 0.565166550390631, -0.4528861099360753, 0.2388097169724519, 0.021392358890905863], [-0.7791603057491399, -0.5016943100195358, -0.3944564355041966, 0.22145907031554835, -0.020711777827072234, -0.13747611749366584, -0.3674288154279879, 0.13439693565782512, 0.4397358220990757, -0.3666850957543403, 0.13690511450832246, 0.6348271863163204, 0.6797460575006283, 0.00444022116707973]], "inverted": true, "swapped": false, "error_lsq": 0.04278881327062707, "error_max": 0.2807908516484064, "target": "362.xyz", "model": "18.xyz", "model_rescale": 3.922800546911778, "target_rescale": 3.9718230566115946},
{"mapping": [12, 13, 7, 9, 11, 3, 8, 4, 6, 5, 1, 10, 2, 14], "R": [[-0.5422043239049248, -0.8401016376925603, 0.01561119742627165], [-0.6521858733103811, 0.40906320642314675, -0.6382169535551292], [0.529781141409525, -0.3562253942338933, -0.7696982595210466]], "T": [0.1060124091167774, 0.0475762835116265, -0.04574556121650611], "aligned_model": [[-0.09414872555789344, 0.2239461510316056, -0.5248531035237656, -0.5904550284128895, -0.12327180534304147, -0.4425939213735533, 0.6662814219894548, 0.46536798452824407, 0.6445840904660833, 0.25008595015148416, 0.3937754578739365, 0.043797392856804875, -0.28146845382471564, 0.02143893182312992], [0.17041891144484045, -0.4672534686269993, -0.285637728898591, -0.1465132808522338, -0.6253040656358313, 0.31552055651383865, 0.09053739042944688, -0.5513322640583831, -0.039566461567997604, 0.6863746855047836, 0.5623200614821293, -0.3960186978963467, 0.2049719840914776, 0.013056299294035206], [-0.7963847911363948, -0.48489895770915903, -0.4051730865299187, 0.32842757435162917, -0.002106158155236376, -0.23649724350621876, -0.2879100312130153, 0.14409453244244824, 0.37629052484922487, -0.4378082304040031, 0.40170755894971244, 0.6250401210134722, 0.5358162472620769, -0.07670051042575654]], "inverted": false, "swapped": false, "error_lsq": 0.04048302970322865, "error_max": 0.2541508344927033, "target": "362.xyz", "model": "19.xyz", "model_rescale": 3.9282355846067225, "target_rescale": 3.9718230566115946},
{"mapping": [6, 3, 5, 2, 1, 7, 4, 0, 11, 8, 9, 10, 12, 13], "R": [[0.914558187917236, -0.17598826418546992, -0.36415855308165807], [-0.31329376998187924, -0.8776842833183123, -0.3626531573095175], [-0.25579353901942653, 0.4457560203575557, -0.8578293744742664]], "T": [0.023914761035656214, 0.05892823305175572, -0.08632441642496606], "aligned_model": [[-0.16832132910500025, 0.2201427426911511, -0.420732049470586, -0.593044834273657, -0.07566332467611542, -0.5337250123909665, 0.6050187983969462, 0.524395488251793, 0.6171939337582799, 0.4639376320365155, 0.2698013138287266, -0.04779166125392408, -0.23748719150470438, 0.028761836396425686], [0.2054673951275955, -0.4794826980323786, -0.297195872900655, -0.40060137684709923, -0.6827108346252246, 0.32730476388479585, -0.002920098448528481, -0.5485008757893612, -0.010324840523351905, 0.6340021556678913, 0.5699348594336664, -0.23419460852796586, 0.5386749186591313, -0.08787896585434603], [-0.6932969147167817, -0.5741392559348799, -0.4902488986178802, 0.20847993520820152, -0.04687198370135949, -0.014842270609737071, -0.32686698353700855, 0.05770998090612846, 0.3093863445355041, -0.31932964308573775, 0.30970191626909044, 0.720627588181332, 0.5650637029972339, -0.02147596810524406]], "inverted": true, "swapped": false, "error_lsq": 0.04444045062116512, "error_max": 0.297359513152205, "target": "362.xyz", "model": "20.xyz", "model_rescale": 4.067790424073018, "target_rescale": 3.9718230566115946},
{"mapping": [9, 10, 12, 3, 11, 0, 1, 13, 5, 7, 8, 6, 2, 14], "R": [[-0.5148433347965474, 0.8032129626606643, 0.2996419150076447], [-0.012669542528444211, 0.34235758256473914, -0.9394843097958305], [-0.8571906575014047, -0.48748356102981183, -0.16608417871068765]], "T": [0.06332578476589258, -0.01143341818049938, 0.09112749793095011], "aligned_model": [[0.0975435550149494, 0.29573728848118225, -0.4529128529485039, -0.743713311654472, -0.17981765683152212, -0.3653923502311321, 0.6831767954717878, 0.504772058680381, 0.6128080115898261, 0.17338854370896528, 0.3707877937872046, -0.0450712722895384, -0.36899531590593815, 0.0701750558116947], [0.017682503034880406, -0.4963912184631951, -0.21708409405760298, -0.22311406939778072, -0.6045595515327952, 0.5527824166949498, 0.14255242182882505, -0.5441486408206571, 0.010736271269416509, 0.5678451688825452, 0.4661078189627037, -0.36320221107892325, 0.2764404972095606, -0.05407339130775755], [-0.6847792663132167, -0.5270048879213329, -0.436337510709208, 0.25733283900051146, 0.006777567748007904, 0.04296857434007492, -0.42402120572880075, -0.0159387614211889, 0.3057059407722371, -0.36602287653336996, 0.1420134150531876, 0.7330509334432229, 0.623996155566981, 0.026156632491755843]], "inverted": false, "swapped": false, "error_lsq": 0.04505141113141794, "error_max": 0.31316267628910954, "target": "362.xyz", "model": "21.xyz", "model_rescale": 4.186013935880536, "target_rescale": 3.9718230566115946},
{"mapping": [3, 11, 12, 0, 1, 5, 2, 4, 10, 8, 7, 6, 13], "R": [[-0.17163453115586574, 0.9333884266077177, -0.3151628670856947], [0.7157047897991609, 0.3379737113512956, 0.61117953523819], [0.6769846686398777, -0.12066406055740132, -0.7260385271570337]], "T": [0.0965430359121025, -0.03153761114074968, -0.024596385702223427], "aligned_model": [[0.004469634926236032, -0.5532359288490991, 0.4061060738929061, 0.4691808768973045, -0.19429493713832513, 0.5686125051191215, -0.01589039924715671, -0.5722686949888285, 0.47054694906359984, -0.16623510359269672, -0.5274523593887828, 0.1501838659209847, 0.018851552807961525], [-0.3785812325291871, 0.18441629743850435, 0.24677017287071382, -0.5691456663485583, -0.39762340841651, -0.17432059520565882, -0.6750589309544421, -0.2987031605967191, 0.5258277026539009, 0.6456001971954992, 0.15910536735794448, 0.3061003388961131, -0.05543042281550714], [-0.6731015153830338, -0.5479169404025345, -0.6549023960845205, 0.3482585441020508, 0.5620775176207005, -0.1735468007362995, 0.046422035023211364, 0.04845431777826799, -0.033946917086116815, 0.05800182271984845, 0.4476049891293703, 0.6241086417652256, 0.051366262889175576]], "inverted": false, "swapped": true, "error_lsq": 0.03892539071242572, "error_max": 0.2561657058732754, "target": "362.xyz", "model": "22.xyz", "model_rescale": 4.166573947596378, "target_rescale": 3.9718230566115946},
{"mapping": [3, 4, 8, 10, 0, 9, 2, 1, 6, 11, 12, 5, 14, 15], "R": [[-0.335347566882874, -0.3341944047915719, 0.8808269462225504], [-0.9360298397033289, 0.012276742686177733, -0.35170644118920846], [0.10672463900476353, -0.9424242045889021, -0.3169329109358613]], "T": [-0.007881660556878625, 0.010117751554676577, -0.005456776942353213], "aligned_model": [[0.10674224227615416, 0.12492623278351771, -0.5308496374087796, -0.6213356437013356, -0.005663889279242565, -0.4078218167732891, 0.608650067096212, 0.4787465385169646, 0.6629515543791352, 0.2179917654810936, 0.2472371895247641, 0.09756991615100037, -0.35801070834439536, 0.03135253198308417], [0.14671062427576492, -0.4473567245224611, -0.32288193742529864, -0.06482602973370451, -0.8027013545937852, 0.38068563107450154, -0.05206498382154058, -0.5033264454491385, 0.0005452656069784984, 0.6962137604640007, 0.5456617447039035, -0.5102196667154805, 0.5055604624241712, -0.04042642506374218], [-0.5795912559951171, -0.5648606387175722, -0.5247782983025367, 0.4176258075662488, -0.08340512528014954, -0.2568061043651014, -0.2678137387469112, 0.08210527703308221, 0.3537072485644573, -0.3222323905791498, 0.2729105324961259, 0.6342235473752826, 0.5024053434820187, 0.020407345258183582]], "inverted": true, "swapped": false, "error_lsq": 0.042037120889844085, "error_max": 0.3336163742617067, "target": "362.xyz", "model": "23.xyz", "model_rescale": 4.274766983524099, "target_rescale": 3.9718230566115946},
{"mapping": [7, 2, 0, 6, 5, 10, 8, 12, 11, 3, 13], "R": [[0.2277275400184809, 0.8498494117042812, -0.4752853300313592], [0.8897473131240754, 0.01668606224960484, 0.45614832468736616], [0.3955880259886789, -0.5267613812272964, -0.7523513547152626]], "T": [-0.07622248003082126, 0.13056447621242645, 0.004403188252538354], "aligned_model": [[0.2700636915205526, 0.10002669526428963, -0.4751065353676583, -0.4359805439781279, -0.4210531532484395, -0.49961921135688087, 0.02039056137014615, -0.1504635797753357, 0.6842485819640786, 0.319699600207977, -0.03231140264252656], [-0.3474327125393257, 0.6726950516366064, 0.6301411387790561, -0.34000760861929386, 0.4347930151390326, -0.2753204647920673, -0.5892765454118853, 0.13078339119970378, -0.11004695782215301, 0.5989518676266075, 0.11030635604720228], [-0.5435874247492933, -0.32245343150120587, -0.3933616277563844, -0.4278363113454213, 0.23669523147736973, 0.33092282790594474, 0.08738059441036239, 0.7561068366634514, 0.33075131269759994, 0.42073796638358896, -0.09578954016443486]], "inverted": true, "swapped": true, "error_lsq": 0.04964709259222993, "error_max": 0.2537695236930138, "target": "362.xyz", "model": "24.xyz", "model_rescale": 3.7841303162186577, "target_rescale": 3.9718230566115946},
{"mapping": [8, 1, 0, 10, 7, 9, 4, 6, 3, 2, 12, 11, 14, 15], "R": [[-0.2400285956995658, 0.8185704507509284, -0.521851214815024], [0.9038193294414443, -0.007731338143782185, -0.4278444181458074], [-0.3542554064153607, -0.574354109907754, -0.7379840536607545]], "T": [0.01304383709102621, -0.02843491072106976, -0.00705040802283839], "aligned_model": [[-0.10335442095963274, 0.15648317141386406, -0.3082981653237205, -0.7139683683068235, -0.23656087405546952, -0.2761878915940451, 0.6817548941739012, 0.5186724262769737, 0.7269859559538403, 0.2424146676772717, 0.21088131810142535, 0.05761524451846336, -0.3708509658609286, 0.0668993506697647], [0.09561302353621368, -0.27377526387991635, -0.5003865833435795, -0.1486585132133311, -0.6250910360611942, 0.4799403184087552, -0.033907954905808425, -0.5388761506687209, -0.044830573303209574, 0.5675736170917789, 0.6267752164696982, -0.46092660640852046, 0.456851538321545, -0.06872711081954101], [-0.5731964485178117, -0.6942691958074254, -0.471087998681709, 0.24245839719961448, 0.06006528587838904, -0.0134019476131152, -0.3379581153685736, 0.06921178838902489, 0.3658030763316989, -0.40824348470507427, 0.31964811778077357, 0.6257148659642988, 0.4893574937602123, 0.009795715178558583]], "inverted": true, "swapped": false, "error_lsq": 0.04313772731878928, "error_max": 0.24060906046241232, "target": "362.xyz", "model": "25.xyz", "model_rescale": 4.19342608120988, "target_rescale": 3.9718230566115946},
{"mapping": [10, 5, 12, 7, 8, 6, 11, 1, 3, 0, 2, 13], "R": [[0.9565286408347384, -0.19365435242885795, 0.21806180556944857], [0.1318126363424553, 0.9540569728417387, 0.2690738216038672], [-0.26015070279224684, -0.22863351538525103, 0.9381089102440519]], "T": [0.011902983084554987, -0.03031581508773899, -0.04457804083555186], "aligned_model": [[-0.24796717783781433, 0.39096044534021046, 0.253646720930801, -0.6317085639757601, -0.648625901714852, -0.5524797376174799, -0.1511127799161937, -0.13368354332194735, 0.5673624720489473, 0.37942534902450253, 0.4131867867188025, -0.04119551504743584], [-0.6492211985026299, -0.3499474437971636, -0.5739423132438272, 0.45198503398329753, -0.19984310407247688, -0.12504713944857423, 0.23721149792168125, 0.5400140255627017, 0.10002244440722675, 0.07284852085328926, 0.44747964859718947, 0.06121645548026641], [-0.051366144654160784, 0.09532854468336968, -0.5099814782573209, -0.0016920935288362166, -0.3079267008847262, 0.41389012312841633, -0.8474280856483305, 0.4205243592526413, -0.5178141169847285, 0.6044108732157865, 0.16154664546314906, -0.010233464575838777]], "inverted": true, "swapped": true, "error_lsq": 0.047076519585814526, "error_max": 0.262194960764081, "target": "362.xyz", "model": "26.xyz", "model_rescale": 3.795458400668931, "target_rescale": 3.9718230566115946},
{"mapping": [6, 0, 9, 10, 12, 4, 1, 8, 2, 5, 11, 3, 13], "R": [[0.3178057551785174, -0.719114566050571, 0.6179593375532982], [0.7774541512064256, -0.17543015439101184, -0.603977900011451], [0.5427380074652123, 0.6723827048818588, 0.5033258918717043]], "T": [-0.11735266654582988, -0.05033859288829344, -0.05630349757516037], "aligned_model": [[-0.0950412915533945, 0.47504670099973045, 0.547409333131762, 0.023731846014795083, -0.025660969305072834, -0.6255460561453056, -0.16642606067995314, -0.5923137937535891, 0.022589116698949585, 0.3470396926160168, -0.8704746948455139, -0.17160679311374707, -0.16907064724342097], [-0.7274507258304576, -0.30935298205364037, -0.29526742684429136, -0.07250531874869777, 0.5685936980307528, -0.15962008615087553, -0.6130136331021541, -0.24652586043149471, -0.05000500505128026, 0.1652346993068336, 0.3685992801660036, 0.6236745548553541, -0.13047969088913786], [-0.3368677479335068, 0.3295419582419423, -0.48507496974900643, -0.7122198406337581, -0.4794885820998098, 0.44750202192963817, 0.4374377377736337, -0.5762197502640196, 0.5857407131301687, -0.1136679715895635, -0.052917399651487534, 0.24740434881159737, 0.0009661441335972951]], "inverted": true, "swapped": true, "error_lsq": 0.045664407683600396, "error_max": 0.2705664186212373, "target": "362.xyz", "model": "27.xyz", "model_rescale": 3.6321398670334006, "target_rescale": 3.9718230566115946},
