[{"mapping": [0, 9, 5, 13, 3, 12, 14, 2, 11, 1, 6, 10, 7, 15], "R": [[-0.43116646298370415, -0.9021014407405934, -0.01756336561903843], [-0.8419549818819101, 0.395268809041063, 0.36725247049338233], [-0.32435673213663235, 0.1731345119062217, -0.9299554565164073]], "T": [-0.0665316195538158, 0.14691530308524514, 0.13004221644581943], "aligned_model": [[0.21982924520078573, 0.3259439270979255, -0.6570698539469902, -0.36205324155244806, -0.7512858210993285, -0.12677511674696545, -0.6101546391760501, -0.08649941289228599, -0.47627478288248337, 0.3511005431833732, 0.7253397642959848, 0.21100345426765482, 0.6360516844559944, -0.027663649076863486], [-0.6583565228271191, -0.397244012522008, -0.31511258890318183, -0.27561750654382833, 0.31071431299790725, 0.33841287445929424, 0.15777377585537522, 0.4583835053847973, 0.6284236058066752, -0.04502472664441795, 0.4228349367741555, 0.7155870425124033, -0.2018966165444704, 0.09639525200445184], [0.2875831012522019, -0.33805842972955796, 0.29673341245475454, -0.2600984391151265, 0.5839180425874582, -0.5921034255397992, -0.16980042240886223, 0.7004378698010054, 0.135787329088946, 0.6585421250290413, 0.24096043462670186, -0.03884695996380905, 0.19145066562855056, 0.20108278346832903]], "inverted": false, "swapped": true, "error_lsq": 0.0340926045613247, "error_max": 0.2233861703762093, "target": "363.xyz", "model": "0.xyz", "model_rescale": 3.8414455957264533, "target_rescale": 4.241472852523002},
{"mapping": [13, 5, 7, 4, 0, 1, 6, 9, 10, 8, 2, 14, 11, 12, 15], "R": [[0.9902384637544074, 0.13671713919899703, -0.027133166983483815], [0.07905459300926046, -0.7112183483867236, -0.6985118697933498], [-0.11479615074318361, 0.6895483193854536, -0.7150838824971831]], "T": [0.020634677673815445, 0.12734506812133803, -0.12338015616928463], "aligned_model": [[-0.5817352221078778, -0.6235088394562278, 0.1482022804294265, -0.3014128446680023, -0.4149154501315425, 0.24259094000772466, 0.70410107235182, -0.3207361103235215, 0.5762987345797291, 0.24286493092809525, 0.41092193439476754, -0.35132562463061795, 0.1771448405199498, -0.057901055632368935, 0.021454567243190444], [0.2505867516751985, 0.13070176059113645, -0.5496080037139511, -0.3323829954841364, -0.6155871017596116, -0.5121412414235718, -0.25227026366545824, -0.21026119334179486, 0.38351584686913065, 0.042697081421251365, 0.042255827408467894, 0.6209922801798947, 0.6693494833823083, 0.6420430292384804, 0.037153266665671175], [0.0767166370960472, -0.5417806772461201, 0.2567844098282437, -0.701054533283803, -0.0066228609730778765, -0.30327576271105794, 0.19951405430512628, 0.539003892366387, 0.11018098424395392, 0.5024047195795852, -0.6364084531833509, -0.18260401543093427, -0.40887708183929605, 0.4157979910612556, -0.15459751647342446]], "inverted": true, "swapped": true, "error_lsq": 0.035753756234517015, "error_max": 0.2228651442806365, "target": "363.xyz", "model": "1.xyz", "model_rescale": 4.316132596720782, "target_rescale": 4.241472852523002},
{"mapping": [3, 14, 5, 1, 4, 2, 0, 6, 13, 10, 9, 15], "R": [[-0.4126853155250328, -0.032142282068889694, -0.9103063792226265], [0.12105249943553423, 0.9885772473061476, -0.08978484554205188], [0.9027940644080543, -0.1472477497688982, -0.4040804096434048]], "T": [0.07332600463026581, 0.0022303510472556996, 0.09378685882035595], "aligned_model": [[-0.21655655022137246, 0.4868030655250988, 0.042677684108825914, -0.5348880661392666, -0.4800381128401541, -0.47840411286160023, -0.14372748662963258, -0.21144776611677182, 0.5197152054181226, 0.17584407733697544, 0.4423995024720748, -0.004568885420519128], [-0.7827606228487789, -0.448283060719828, -0.4719902853358752, 0.33108947906598907, -0.21352988844128243, -0.21913630073310875, 0.44420455981074763, 0.654013765262802, -0.08413253164845953, 0.15466008612925414, 0.6121564644375107, 0.03648476276200974], [0.05532944038388317, -0.014027277085782858, -0.5096753210716068, -0.01800343491909323, -0.4502791827955689, 0.3571365087403333, -0.622335316214455, 0.5515827351535548, -0.36594661757192337, 0.7224298727510406, -0.3075104372420684, 0.05055749108110805]], "inverted": true, "swapped": true, "error_lsq": 0.045345577529218084, "error_max": 0.2512962586598526, "target": "363.xyz", "model": "2.xyz", "model_rescale": 3.795458400668931, "target_rescale": 4.241472852523002},
{"mapping": [2, 1, 6, 9, 11, 12, 7, 5, 0, 13, 10, 15], "R": [[0.8736915259823996, 0.4850527927750158, -0.03724118214697095], [-0.17586776409296412, 0.38629675455122187, 0.905453116939875], [0.45357871089755497, -0.7845371920083528, 0.4228093510982954]], "T": [0.10592291990705355, 0.09193336341798483, -0.05590880943035519], "aligned_model": [[-0.14548033700046897, -0.21393657704973712, -0.7104771350913659, 0.16713014013414634, 0.1698815998319464, 0.16715893677796156, -0.2813475484112541, 0.8165376130283593, 0.29596234794189435, 0.6462379252461297, -0.409124511582113, 0.09076137191806675], [-0.11465848326214817, -0.5296491078218514, -0.041476662186285734, -0.02978362143753993, 0.5109767104076528, 0.7491680592522844, -0.37579758106914884, -0.14996610891865741, -0.6138016350057343, 0.18978205972619805, 0.4932662146042558, -0.002290798999315835], [-0.6188284897423822, -0.09943909074769641, 0.12069101844749974, 0.7507530046040611, -0.5250406378213731, 0.2991793935057932, 0.44440449232948126, -0.2187048084159964, 0.41431190113956196, 0.28550305773228934, -0.10684901170353236, -0.05720939868860559]], "inverted": false, "swapped": true, "error_lsq": 0.038982875690471354, "error_max": 0.2083914159454065, "target": "363.xyz", "model": "3.xyz", "model_rescale": 3.7530521520055578, "target_rescale": 4.241472852523002},
{"mapping": [5, 2, 1, 6, 0, 10, 13, 11, 12, 8, 15], "R": [[0.10587625397390443, 0.9744708158448123, 0.19798193834590017], [0.8093880264801883, 0.031207136904309873, -0.5864444877366843], [-0.5776514878670008, 0.22233475588171592, -0.7854209157464924]], "T": [-0.14244189630203555, -0.07896717412098396, 0.0056050495370625845], "aligned_model": [[-0.5119173251826961, -0.24745573429692877, 0.34226905257525175, 0.49634583438395563, 0.42813365357314226, -0.10292933735456473, -0.2803444394835881, -0.7000327498069797, -0.30489410794864424, 0.30322679503295735, -0.08420203904670029], [-0.7523097125888475, 0.024792809156524945, -0.24787278047848282, 0.4235990054950042, -0.7315980773305062, 0.5745161606078198, -0.4486531078092946, 0.19496663482249627, 0.2764654575114234, 0.2831681097060073, -0.12987114077779904], [0.01503200161460671, -0.627615539895124, -0.47094079706861863, -0.22864322510092605, 0.06725596126897332, -0.012700885283817137, 0.5178471157716974, -0.11197649752234004, 0.6451922995171013, 0.3496918577717976, -0.050311513828034504]], "inverted": true, "swapped": true, "error_lsq": 0.046163986350601656, "error_max": 0.24337348740631487, "target": "363.xyz", "model": "4.xyz", "model_rescale": 3.7855080009869324, "target_rescale": 4.241472852523002},
{"mapping": [10, 9, 14, 13, 15, 8, 2, 3, 0, 5, 1, 11, 4, 7, 6, 16], "R": [[0.16254684221940544, -0.9828330301230193, 0.0872797741959972], [0.07762702365648133, -0.07544402353887689, -0.9941238577312697], [0.9836425007505196, 0.16836696294543638, 0.06403121508915985]], "T": [0.015970959458748574, -0.0051145899570874676, -0.06264724089630208], "aligned_model": [[0.567128147747071, -0.0862268427915309, -0.4445822479282061, -0.00305709158561341, 0.20931373581420742, 0.5371390184037147, -0.5684695142180752, -0.08709811114358557, -0.20628904391450298, 0.3614374329319384, -0.4907873112304394, -0.25362102512073414, 0.17119436736836158, 0.6828937363504551, 0.31268943177810127, -0.01815282212343152], [-0.3502123019381478, -0.45928080310365044, 0.02481460614064733, 0.6867389660266388, 0.1427357051002145, 0.3357176527883228, -0.44345518870989925, -0.683981372506541, -0.5071337266766878, -0.6611970921107095, -0.01395757130540773, 0.6528129560361882, -0.05003524541883106, -0.0894448202869701, 0.4426750175140231, -0.018171345575624987], [-0.3914292310627838, -0.601351871747352, -0.5573111519706813, -0.2767598963408707, -0.8500969013625999, -0.39056050778907403, -0.17252235087180073, -0.16720948855464324, 0.4914747317670665, 0.2618707257760284, 0.499688775875118, 0.29356580543145677, 0.6590788929073459, 0.2682181302011771, 0.3081892239939521, -0.10204065226209538]], "inverted": true, "swapped": false, "error_lsq": 0.0363800443810191, "error_max": 0.2575687068073204, "target": "363.xyz", "model": "5.xyz", "model_rescale": 4.2253639853439635, "target_rescale": 4.241472852523002},
{"mapping": [0, 4, 14, 13, 5, 11, 12, 9, 2, 1, 3, 10, 8, 15], "R": [[-0.1335211018846334, 0.9878330976886487, -0.07973635596365204], [0.8840083120033736, 0.15508413859559217, 0.440996841558995], [0.4479971201475067, -0.011605217228128129, -0.8939596742989185]], "T": [0.04213543302498517, 0.03161712344300939, 0.10852028129027658], "aligned_model": [[0.616356267681832, -0.09251878676766374, -0.3288849951390575, 0.10887573488456652, -0.27855841523693486, -0.5285318700519029, 0.10964134619754239, 0.7614884995468222, -0.286542802386527, 0.32810639189328633, -0.7361984714599951, 0.05249010875471968, 0.5704278087533834, 0.07791133608771225], [-0.13098106930186076, 0.08594033841915145, -0.45108588742931194, -0.6062016673436584, -0.409713054393899, 0.0696775665513579, -0.3842933293366004, -0.35799209957640443, 0.5655049022634391, 0.5065438824047934, 0.05895616893886578, 0.36152356242655204, 0.06377558608695667, 0.0734442469256095], [-0.5232365149683075, -0.6837482429452114, 0.23054956936982263, 0.025999631569188275, -0.4321961544685873, 0.3780809306308008, 0.7284044430418417, 0.10784986695475796, -0.0638073496165939, -0.3195392192977137, -0.1999770565570656, 0.6741980522343464, 0.5184364640124162, 0.030543788971754332]], "inverted": true, "swapped": true, "error_lsq": 0.035492862010817715, "error_max": 0.25316262915989884, "target": "363.xyz", "model": "6.xyz", "model_rescale": 3.89814844738969, "target_rescale": 4.241472852523002},
{"mapping": [10, 6, 2, 12, 3, 7, 8, 14, 13, 0, 1, 5, 15], "R": [[0.453735590897161, -0.8123127293014881, 0.3664314988752625], [0.09691696602267147, 0.45373859943912465, 0.8858489629028088], [-0.8858505038945141, -0.3664277735022128, 0.2846042367148573]], "T": [-0.006507490352176938, 0.013318453367620671, -0.023051009683047942], "aligned_model": [[0.06334930713798692, -0.200176939835484, 0.5397073305519231, -0.31958616650347754, 0.7353242952092658, -0.5390920037525831, -0.5109111239574096, 0.09970192959316695, -0.3351266086803895, -0.5172819816781378, -0.005073822163010923, 0.1490009045992683, -0.011203319616896086], [-0.22893158629329055, 0.35226825449909027, 0.3152381982368609, -0.6566882514675241, -0.023016351776403147, 0.5364585040171299, -0.08544092732091824, -0.4778460384054256, -0.2488396625350156, 0.6100050826355666, 0.6998924370023605, 0.0626752434103362, 0.10800636346771839], [-0.627510904515804, -0.7734508768135081, -0.20541381363113062, -0.1449841268019899, 0.36435973049360665, -0.2715309394009593, -0.45198204955043997, 0.34167697540396647, 0.4682323431173843, 0.3489152177091398, -0.16155682663340998, 0.727530218738414, -0.012009917278974089]], "inverted": true, "swapped": true, "error_lsq": 0.052999934197503165, "error_max": 0.3433584579778838, "target": "363.xyz", "model": "7.xyz", "model_rescale": 3.7474275329858107, "target_rescale": 4.241472852523002},
{"mapping": [13, 5, 4, 0, 2, 7, 9, 8, 1, 6, 12, 10, 14, 11, 15], "R": [[0.47237563789447595, -0.6238014239213241, 0.6226821341884758], [-0.06431998846654574, -0.7289849233816379, -0.6815012256525521], [0.8790473228486906, 0.2818736685041646, -0.38447761858989143]], "T": [0.06523184250211393, 0.032027852199479165, 0.029322905839787698], "aligned_model": [[-0.3353275826438158, 0.21885837779023082, 0.46335303036495284, -0.2367539407256511, 0.6809270943568069, -0.27272162124527516, -0.6908928977514753, -0.43917577698184623, 0.2841641141542681, -0.002559861022332091, -0.441017497064298, 0.06304394650782653, 0.00703880354367524, 0.4128185828605756, 0.09039895019510477], [0.23963623051579203, 0.1319920846768965, -0.3715863597330556, -0.6408763321206244, -0.10461857282336552, -0.6592674025408062, -0.25782343668537777, -0.08889682412043094, -0.6314148355680976, -0.4451506351733368, 0.5483673476371959, 0.2031333518986897, 0.5748073932070178, 0.5478960202645882, -0.05708006745549217], [-0.43384838383920205, -0.7165974477925126, -0.5428372752182357, -0.4303388549252589, 0.187466721884153, 0.1935251564176727, -0.08697944985334514, 0.45253497312203905, 0.07914471044982255, 0.7244486211327028, 0.2265538838192548, 0.6615055846726728, -0.26657140307787597, 0.14261987361768202, 0.006167945286691248]], "inverted": true, "swapped": true, "error_lsq": 0.047135553191196375, "error_max": 0.3577956847801064, "target": "363.xyz", "model": "8.xyz", "model_rescale": 4.019505241142653, "target_rescale": 4.241472852523002},
{"mapping": [8, 11, 13, 9, 7, 0, 5, 6, 1, 2, 3, 4, 15], "R": [[-0.6470701699276282, 0.5295926524117177, 0.5484813740696688], [-0.44715914401655854, -0.8462758140777162, 0.2895961782024711], [0.6175345294898165, -0.057869413498154276, 0.7844120319507922]], "T": [-0.16150117631903838, -0.056949360960567824, -0.07010549854558704], "aligned_model": [[-0.19290042419771156, -0.7058007313354144, 0.09933412982319217, 0.3426703585116868, 0.3310224126388474, 0.7005086578876936, 0.19169179755845128, -0.2370215718722477, 0.21912580201351173, -0.34436843881355006, -0.3660852182752935, 0.3718391070977547, -0.09031510929574457], [-0.6762867226027267, 0.26290445230440007, 0.18116318372661996, -0.4762880120946129, -0.6568343035269871, -0.16720684537630287, 0.6184095715241652, -0.8210233478960665, -0.2825909330184746, 0.07029934759688067, 0.6929566101877074, 0.3850623059027183, -0.06718707861326244], [-0.3222832087752008, -0.03540327451928488, -0.6117179933567266, -0.5592177449298434, 0.0588232491496575, -0.061937162239443594, -0.16568881089153442, 0.28483449114791104, 0.47282979784092405, 0.5407379230112281, 0.24215737460996342, 0.3409249304122012, -0.007356077415972551]], "inverted": true, "swapped": true, "error_lsq": 0.04166452232026429, "error_max": 0.2015793368548702, "target": "363.xyz", "model": "9.xyz", "model_rescale": 3.877068213659057, "target_rescale": 4.241472852523002},
{"mapping": [12, 3, 13, 14, 6, 10, 1, 5, 1, 0, 7, 2, 8, 11, 9, 15], "R": [[-0.4981797119946667, -0.8462394244084481, 0.18893335103620323], [0.4536631139089499, -0.4400833400438979, -0.7749299535404748], [0.7389226980106554, -0.30034228871849755, 0.603148203986374]], "T": [0.006789841074706364, 0.006042571152659951, -0.12944116455181182], "aligned_model": [[0.5005231751082626, -0.2628104048599303, -0.31578982434358494, 0.1441045609085967, 0.24129603293598037, 0.5990450911186679, -0.2970643631414887, -0.1109738846421923, -0.2970643631414887, 0.4026028540135971, -0.5498641476102665, -0.4023493548832226, 0.12571665976758215, 0.6840638194987142, 0.16779480503647726, 0.05428120457202596], [-0.4808975712373809, -0.3114031300251031, 0.5073978123614221, 0.7623388439768829, 0.04756152082068767, 0.378052636129409, -0.6707731670830985, -0.7613463886933151, -0.6707731670830985, -0.5933406886565267, -0.08440867315086344, 0.478800719664074, 0.029186147426806155, -0.08365180204301546, 0.5239723634749544, -0.06209001990826925], [-0.40749135481753607, -0.6082994702372899, -0.621603513309616, -0.26612387036243845, -0.6982887697344609, -0.2479865559056621, 0.3205584901813476, -0.22022294385976188, 0.3205584901813476, 0.21383394710433612, 0.46067872047314024, 0.09295534912694203, 0.6325586533490408, 0.14968273953104438, 0.24668572321919952, -0.09469140094938894]], "inverted": true, "swapped": false, "error_lsq": 0.04806388437399391, "error_max": 0.46691637195269886, "target": "363.xyz", "model": "10.xyz", "model_rescale": 4.260839863003843, "target_rescale": 4.241472852523002},
{"mapping": [8, 1, 4, 0, 5, 13, 12, 10, 2, 3, 11, 15], "R": [[-0.895352975677694, -0.18788176691160086, 0.4037864418319089], [0.2831016096746999, 0.45979509764344423, 0.8416899350607975], [-0.3437972186401347, 0.867922179602083, -0.3584892782358727]], "T": [0.081932023064002, 0.05224140907202746, -0.09594701411988407], "aligned_model": [[0.4659943937380286, 0.08991571865730268, -0.49843850812514817, -0.4462092983930344, -0.6440515313246812, -0.38406113070920417, 0.29236555862912994, 0.7247975291238484, 0.261748408315613, -0.21139557123688418, 0.2551641534090612, 0.05306892701009835], [0.10407182609447668, -0.6467335901491219, -0.438235376638371, -0.43428951499997026, 0.12882698782061508, 0.4187152641531544, 0.7078982474665202, 0.17699183752960668, -0.3115372479064574, 0.11051987994476015, 0.39527956698518574, -0.038429374767465045], [-0.6418114488776299, -0.13999202298703517, 0.1712135261812777, -0.5854761688676653, 0.142953931812282, -0.3540633243014455, -0.39196519668835306, -0.08604297198602212, 0.41208203180464376, 0.6865389218513298, 0.4061368066064933, -0.10339600715237068]], "inverted": false, "swapped": true, "error_lsq": 0.04002416885080798, "error_max": 0.1980546860830129, "target": "363.xyz", "model": "11.xyz", "model_rescale": 3.890672605050136, "target_rescale": 4.241472852523002},
{"mapping": [1, 6, 7, 4, 0, 14, 10, 5, 2, 12, 9, 8, 13, 15], "R": [[-0.29905440718797555, 0.40849541387128363, 0.8623792427856652], [-0.20693320724022154, 0.8544695175199231, -0.47650864773951945], [-0.9315283727738647, -0.32095691373671725, -0.1710016088868097]], "T": [-0.034638438016861256, -0.1404776978264487, 0.09644658855910893], "aligned_model": [[0.5470465085760248, 0.035995463096344396, 0.4378847684822046, 0.645333161637949, 0.726041923324202, -0.3712050749548088, -0.4861772437083025, 0.25793531795214364, 0.09468722069745122, -0.6477902009316806, 0.16565405389766497, -0.20380520483713352, -0.04892180588507719, 0.057196947446711666], [-0.1424912096901313, 0.2266478534769663, 0.40964227591407976, -0.5333127373918891, 0.21997230801752693, -0.3127646372151104, -0.03410049812158211, -0.49206647771940515, -0.6343062272772503, 0.2297441220616106, 0.6152143272109539, 0.4642794936588174, 0.05973890710884322, -0.1440449802056642], [-0.29369225905138724, -0.662318503899246, -0.20876462648990896, 0.2755874282358465, 0.31260757026931724, 0.588980456821792, -0.3658665268402048, 0.7135179468750964, -0.30625753692209345, 0.3172986810288524, 0.337438520808058, -0.13552242269087786, 0.7110896003259332, 0.07069210688568367]], "inverted": true, "swapped": true, "error_lsq": 0.045579357093607956, "error_max": 0.2612592066209636, "target": "363.xyz", "model": "12.xyz", "model_rescale": 4.124412569039231, "target_rescale": 4.241472852523002},
{"mapping": [14, 9, 8, 5, 12, 11, 0, 2, 7, 1, 10, 6, 15], "R": [[-0.7551447846294841, -0.10782898491395913, 0.6466291551262713], [0.12281200645284028, -0.9921854023159791, -0.022030399499468157], [0.6439515240434779, 0.06277768268663489, 0.7624863259354744]], "T": [0.06873222068075852, -0.03896019224209454, 0.007652928100816317], "aligned_model": [[-0.03349215977563591, -0.046197994190395025, 0.4869305316239552, -0.620584836718687, 0.4738638501972982, 0.29793062804467535, -0.5414176172676031, 0.10529949014162254, 0.04507749460378316, -0.11706785660892527, 0.7186541086760163, 0.5821856593650245, 0.016117009418628425], [-0.44511563807781696, 0.6552410600261798, 0.4529842939670262, -0.3356292624542335, -0.04814356468946028, -0.627783944496649, 0.5777778331049584, -0.32168009513275664, 0.7169068258277257, 0.3085524649719914, -0.05928553654029185, 0.46800774132696, 0.005653198674843825], [0.4660604234886279, 0.42495413525264464, 0.1844552839747392, 0.17142286197147738, 0.6381915513990307, 0.030617915500089424, -0.043686844000543776, -0.5767225047286989, -0.20953260757915865, -0.5713833713595823, -0.0706109730053822, -0.433758291257808, -0.05830949868759665]], "inverted": false, "swapped": true, "error_lsq": 0.04643110375392926, "error_max": 0.2455178501638379, "target": "363.xyz", "model": "13.xyz", "model_rescale": 3.9028299243045295, "target_rescale": 4.241472852523002},
{"mapping": [7, 4, 5, 13, 10, 14, 0, 3, 2, 6, 8, 12, 1, 9, 11, 15], "R": [[-0.6721575296428138, 0.5587655091411277, 0.48578324501646497], [0.7311532211062459, 0.6043312926551514, 0.3165417128653273], [-0.11670142505741521, 0.5679478801016962, -0.8147490306085416]], "T": [-0.013345012213036092, -0.09270356025795534, -0.007347843674609188], "aligned_model": [[0.622686145494456, -0.21399148106124788, -0.3640282375729416, -0.11718052563638466, 0.2532900376138372, 0.551451591375228, -0.6431184910742276, -0.008984260010617487, -0.39390021087569366, 0.4265547703425074, -0.758498661435107, -0.20121444242105713, 0.22414784356752332, 0.7609478648486176, 0.4501296964961473, 0.0952202206866903], [-0.45729845473808334, -0.38213110567848696, 0.1510199113647691, 0.6235497054694951, 0.08045114352946284, 0.5493976761972019, -0.6196459112294629, -0.7134843046887689, -0.3742731427992327, -0.4914456748652513, 0.05382232750504973, 0.5193479271478282, -0.06504500622906101, -0.1055175437109789, 0.353516862685883, -0.11363897398679923], [-0.5394783588505971, -0.5864298450986721, -0.28969865115794824, -0.3372732856794751, -0.6813476959068531, -0.23485927525744746, -0.1210735369915634, -0.06480823370378777, 0.5566078997256514, 0.29580421321322536, 0.1333054990653275, 0.2653027439252853, 0.5968300304527304, -0.04128600542970392, 0.3558810330308174, -0.034672297346744776]], "inverted": false, "swapped": false, "error_lsq": 0.04953932153991971, "error_max": 0.3344482094519112, "target": "363.xyz", "model": "14.xyz", "model_rescale": 3.942246331269136, "target_rescale": 4.241472852523002},
{"mapping": [0, 4, 1, 3, 11, 2, 8, 7, 9, 6, 10, 12, 5, 14, 15], "R": [[-0.8480303714747789, 0.4565299334787159, 0.26911876354923303], [-0.35384890229481175, -0.8658249586434187, 0.35374863297952014], [0.39450658220250967, 0.20476220556548458, 0.8957884771366804]], "T": [-0.016195561647139083, -0.028620008822679812, 0.02879110907913702], "aligned_model": [[-0.8142871106824252, -0.40847875366692865, -0.17323594742242673, 0.22850160298739647, 0.4835427640938266, 0.35342761807674794, -0.028386524084449798, -0.3920664985617027, -0.6252948356333962, 0.22906742206853595, 0.5169911540822368, 0.10209926954806312, -0.42774390930021305, -0.008863047846057633, -0.06097916712699674], [0.11065864176382331, -0.49358922959595314, 0.1498402131846439, -0.8149070809765742, -0.36949432021369044, -0.22815667615937998, 0.6130186689747864, 0.5707480837115202, 0.4592209922233402, 0.6890097254518426, 0.3389453236848666, 0.19483678944953256, -0.6765400279184249, -0.42268240664571843, -0.02276400705296383], [-0.28574939023068807, -0.49911958988409594, -0.6300412050450909, -0.12482410996452237, 0.2127449658553906, -0.46752147244583125, 0.2193415365754805, -0.31550960311155735, 0.27429846652362305, -0.34583993240515487, 0.12648691677250745, 0.7343889543518334, 0.0574047506048171, 0.5085937381181502, -0.055291545354345446]], "inverted": false, "swapped": true, "error_lsq": 0.03996464623055396, "error_max": 0.2823937384865432, "target": "363.xyz", "model": "15.xyz", "model_rescale": 4.355366556412066, "target_rescale": 4.241472852523002},
{"mapping": [3, 14, 5, 1, 4, 2, 0, 6, 13, 10, 9, 15], "R": [[-0.4126853155250328, -0.032142282068889694, -0.9103063792226265], [0.12105249943553423, 0.9885772473061476, -0.08978484554205188], [0.9027940644080543, -0.1472477497688982, -0.4040804096434048]], "T": [0.07332600463026581, 0.0022303510472556996, 0.09378685882035595], "aligned_model": [[-0.21655655022137246, 0.4868030655250988, 0.042677684108825914, -0.5348880661392666, -0.4800381128401541, -0.47840411286160023, -0.14372748662963258, -0.21144776611677182, 0.5197152054181226, 0.17584407733697544, 0.4423995024720748, -0.004568885420519128], [-0.7827606228487789, -0.448283060719828, -0.4719902853358752, 0.33108947906598907, -0.21352988844128243, -0.21913630073310875, 0.44420455981074763, 0.654013765262802, -0.08413253164845953, 0.15466008612925414, 0.6121564644375107, 0.03648476276200974], [0.05532944038388317, -0.014027277085782858, -0.5096753210716068, -0.01800343491909323, -0.4502791827955689, 0.3571365087403333, -0.622335316214455, 0.5515827351535548, -0.36594661757192337, 0.7224298727510406, -0.3075104372420684, 0.05055749108110805]], "inverted": true, "swapped": true, "error_lsq": 0.045345577529218084, "error_max": 0.2512962586598526, "target": "363.xyz", "model": "16.xyz", "model_rescale": 3.795458400668931, "target_rescale": 4.241472852523002},
{"mapping": [10, 6, 2, 12, 3, 7, 8, 14, 13, 0, 1, 5, 15], "R": [[0.453735590897161, -0.8123127293014881, 0.3664314988752625], [0.09691696602267147, 0.45373859943912465, 0.8858489629028088], [-0.8858505038945141, -0.3664277735022128, 0.2846042367148573]], "T": [-0.006507490352176938, 0.013318453367620671, -0.023051009683047942], "aligned_model": [[0.06334930713798692, -0.200176939835484, 0.5397073305519231, -0.31958616650347754, 0.7353242952092658, -0.5390920037525831, -0.5109111239574096, 0.09970192959316695, -0.3351266086803895, -0.5172819816781378, -0.005073822163010923, 0.1490009045992683, -0.011203319616896086], [-0.22893158629329055, 0.35226825449909027, 0.3152381982368609, -0.6566882514675241, -0.023016351776403147, 0.5364585040171299, -0.08544092732091824, -0.4778460384054256, -0.2488396625350156, 0.6100050826355666, 0.6998924370023605, 0.0626752434103362, 0.10800636346771839], [-0.627510904515804, -0.7734508768135081, -0.20541381363113062, -0.1449841268019899, 0.36435973049360665, -0.2715309394009593, -0.45198204955043997, 0.34167697540396647, 0.4682323431173843, 0.3489152177091398, -0.16155682663340998, 0.727530218738414, -0.012009917278974089]], "inverted": true, "swapped": true, "error_lsq": 0.052999934197503165, "error_max": 0.3433584579778838, "target": "363.xyz", "model": "17.xyz", "model_rescale": 3.7474275329858107, "target_rescale": 4.241472852523002},
{"mapping": [12, 13, 14, 9, 10, 6, 11, 4, 8, 2, 7, 0, 1, 15], "R": [[-0.018507499795483107, 0.9625711817195213, 0.2703963619844115], [0.5810755680751272, 0.23043573195552686, -0.780545038818574], [-0.8136391439928937, 0.14267478249923943, -0.563591385492456]], "T": [0.17750211761358717, -0.017593761281775835, 0.04725813951505366], "aligned_model": [[0.38138401641842334, 0.25459637101490534, 0.6767999456007966, -0.3946999687012446, 0.23241073222369485, -0.37961121528124087, 0.7700409511198381, 0.08234151720895228, -0.21579003798066046, 0.3041186975984037, -0.6079336030494507, -0.4815444358508272, -0.3205189364336849, 0.11325361399497073], [-0.5388323700357799, 0.17795737169626571, 0.04362659277444739, -0.08971465339692355, -0.6279477586330671, -0.4946660028074639, -0.16180411502424574, 0.7567948932995436, -0.5279833515531103, 0.10727401034693945, -0.05571655455362487, 0.49746677914683823, 0.23322408230000022, 0.0407293179514141], [-0.4512771261572619, -0.5642097385347778, -0.3167518180217156, -0.5329555967658207, 0.2783205992341088, 0.4685912554887623, 0.21421267363755336, 0.24735525811987635, -0.13435139856199013, 0.6726689136966627, 0.07374272597251937, -0.18865427837954302, 0.4710920584081404, 0.08701119052514043]], "inverted": false, "swapped": true, "error_lsq": 0.03658139706418583, "error_max": 0.19712041888624207, "target": "363.xyz", "model": "18.xyz", "model_rescale": 3.922800546911778, "target_rescale": 4.241472852523002},
{"mapping": [14, 5, 13, 12, 1, 11, 4, 8, 2, 9, 0, 7, 10, 6, 15], "R": [[0.5022430327153804, -0.8646326761450758, 0.012738580417844758], [0.05998789570297919, 0.04953372448455173, 0.9969693388002547], [-0.8626432567741928, -0.4999567436097779, 0.07674546280478792]], "T": [-0.050170046191523196, 0.07601131963136518, -0.021574438112601794], "aligned_model": [[-0.26731317637825414, -0.08573326548612953, 0.23107350977362912, 0.004671618596882629, 0.1594385809324173, -0.64872870819737, -0.014295573179785095, 0.33519097508174844, -0.48318129408312654, 0.736286166252632, 0.671964163856055, 0.5906891864383407, -0.27122492174534446, 0.1501490959161667, -0.012935520890243843], [0.40878025363650583, -0.1832227565381178, 0.32635608739963795, 0.8228945205949881, -0.5208483205989822, 0.2681111254318722, -0.6416378729189863, 0.434855447352691, -0.3528643197821876, 0.29812882057512324, -0.36691806709686126, -0.16038573465635872, 0.40061823916062456, -0.005272277598262584, -0.010983639927107589], [-0.4987150877571542, -0.7437406830093879, -0.5472228899151271, -0.05244194459773663, 0.27907909178012497, -0.08938228834187509, -0.3855316384886182, 0.39180922522329936, 0.20498526770020326, -0.05919188239097427, -0.2155335315017271, 0.36891234611611645, 0.5025456894537137, 0.7962030389961122, -0.009115546103640595]], "inverted": false, "swapped": true, "error_lsq": 0.038409523960644, "error_max": 0.23388455026270477, "target": "363.xyz", "model": "19.xyz", "model_rescale": 3.9282355846067225, "target_rescale": 4.241472852523002},
{"mapping": [14, 3, 2, 5, 13, 4, 0, 1, 9, 8, 10, 12, 6, 15], "R": [[-0.7075600441363746, -0.37936603615235037, -0.5961880530132967], [0.45701283775881635, -0.889152268920867, 0.023398905882719874], [-0.5389787102153162, -0.2559094630663902, 0.8025037673729055]], "T": [-0.03732397151072088, -0.1853717014998545, 0.09189552871120008], "aligned_model": [[-0.6078035878874367, -0.12458698220146013, 0.4298782753661396, -0.41084090483252145, -0.6077718233198048, 0.15739870748466678, 0.08152998584099246, 0.5734401302298776, -0.23880854488005315, 0.02575192926281973, 0.1529190508399883, -0.5521933318299002, 0.6258022396391995, 0.02780767537216855], [-0.4248418369566941, -0.8656207765775771, -0.6088563246076346, -0.26024356439255125, 0.06977767688136965, -0.17331527270253672, 0.5226938391190417, 0.035610879693254244, 0.5995275315355403, 0.22339670104010018, -0.37664280060749966, -0.12720948743175586, 0.05672793971065668, -0.14812241727887787], [0.03939254315425497, -0.38911181069168976, -0.06667681971527264, -0.5750905571640761, -0.07413091039216174, -0.6895837774109159, -0.397799596715551, -0.17021830642893657, 0.20415322825190182, 0.6182871145637931, 0.6886867630851162, 0.6334872805817925, 0.5578849875526372, 0.03290301857279028]], "inverted": false, "swapped": true, "error_lsq": 0.038530691050733555, "error_max": 0.28519135548820695, "target": "363.xyz", "model": "20.xyz", "model_rescale": 4.067790424073018, "target_rescale": 4.241472852523002},
{"mapping": [2, 12, 4, 1, 5, 13, 0, 11, 14, 10, 8, 7, 6, 9, 15], "R": [[0.9726957419179081, 0.17031518815654337, -0.1576570021850339], [-0.07230934045997106, -0.4230974220450718, -0.9031942929077102], [-0.22053197713033487, 0.8899333166827815, -0.3992296819137698]], "T": [0.07896498025224602, 0.09829436063814861, -0.09481100013204037], "aligned_model": [[0.3992383285825149, 0.0989697988850517, -0.33886357726818744, 0.235414690101023, -0.6085952106540349, -0.4860058800780707, -0.3876763268644583, 0.23590605650994512, -0.2640522768579397, 0.674056662910032, 0.36773116170945086, 0.20580570895882014, 0.7693740323442364, -0.20299398562831195, 0.07013477125744413], [-0.20739217718382602, 0.778598690448469, -0.5030166109796912, -0.5824168546051183, 0.01736606279567704, 0.348158918794366, -0.5017059713333958, 0.48034670755926717, 0.5730267492111665, 0.3618652321953267, 0.22337493289647065, -0.404235284427826, -0.20796624886890597, 0.06152203754151722, 0.003368955884350072], [-0.570986470021812, 0.21916472043858132, -0.4303949643198314, -0.042604856164991975, -0.4275311957493262, 0.09611402431024162, 0.32653194923731144, -0.5735366152798806, -0.3010095028758688, -0.02178290122048597, 0.4960588846311138, 0.4971682540240385, 0.28602303694113057, 0.6722688967790873, -0.09023368710816684]], "inverted": true, "swapped": true, "error_lsq": 0.04027320124439811, "error_max": 0.22471685600204672, "target": "363.xyz", "model": "21.xyz", "model_rescale": 4.186013935880536, "target_rescale": 4.241472852523002},
{"mapping": [5, 4, 3, 12, 9, 11, 13, 0, 2, 1, 7, 10, 15], "R": [[-0.4814712784221294, 0.682268936289073, 0.5501767957934407], [-0.7901619221503884, -0.06627145831588319, -0.6093047107944349], [-0.3792486583208493, -0.7280914725415091, 0.571010737879922]], "T": [0.12198282165994191, -0.03659521674808171, 0.08352050597423953], "aligned_model": [[-0.07625442435055156, -0.34715179411400854, 0.4438418588184051, 0.4865009229102934, -0.40807869657989104, 0.7140412474039133, -0.032632967616256656, -0.7412898796764248, 0.2681305220830296, -0.3461877628986373, -0.491898696589669, 0.5449729381509728, 0.044580767882049954], [-0.3360376141233478, 0.18013619891100663, 0.11817462329879584, -0.5678164081029994, -0.4810559340933906, -0.00043144291693224257, -0.6501701512760492, -0.12545750492283647, 0.5473982312467657, 0.48425878588366783, 0.15725255568228313, 0.17665515235837337, 0.016050167600756483], [-0.5954694637828215, -0.5343082654799756, -0.6742226923123877, 0.46656818806008893, 0.5202745420743307, -0.13541262027986894, -0.049507659572627385, 0.03717262873511522, -0.16215175037788704, 0.0933776573986355, 0.5358882486963248, 0.535782000863409, 0.06488874731300986]], "inverted": false, "swapped": true, "error_lsq": 0.04839091661022913, "error_max": 0.26332093725681505, "target": "363.xyz", "model": "22.xyz", "model_rescale": 4.166573947596378, "target_rescale": 4.241472852523002},
{"mapping": [8, 3, 2, 1, 4, 0, 11, 9, 14, 10, 12, 6, 13, 7, 5, 15], "R": [[0.9390419553761193, 0.13068150518056287, -0.31799772050619657], [0.33547979969164937, -0.550580569289622, 0.7644045661294593], [-0.07518982672041086, -0.8244897700544614, -0.5608592595592018]], "T": [-0.016176713978369305, -0.1294682121053385, -0.07411613218901096], "aligned_model": [[0.5323249786835054, -0.23864366797317607, -0.3827636917919508, 0.07289459598218587, 0.2056627701681314, 0.5985723458694477, -0.7103206782983251, -0.06398857872568187, -0.13229557490234947, 0.46593011964589515, -0.5674186170746285, -0.40933682410804206, 0.29254592001309765, 0.656276221354123, 0.3646010869810928, -0.0005285454855945386], [-0.48487967841680174, -0.30400483167823467, 0.2844278237053645, 0.5630710961153942, 0.06441749159338245, 0.3270890360415047, -0.4647420039819084, -0.7243686409728727, -0.52370582077483, -0.4100049653826824, -0.1682564399536634, 0.4880268945304405, -0.028000718065322505, -0.00380509670649945, 0.45572507342233276, -0.062363783502039416], [-0.5504644532552033, -0.6046555509171607, -0.4576696466127242, -0.21748512876149623, -0.7472053465874144, -0.35765596258118265, -0.24099623497327427, -0.1393593050479609, 0.6019540426216548, 0.4256971971025067, 0.27803325781531335, 0.13380826044099148, 0.7076816817055755, 0.13422368359565623, 0.3771255614421865, -0.07022782199722433]], "inverted": true, "swapped": false, "error_lsq": 0.041689066589431834, "error_max": 0.3117325121228061, "target": "363.xyz", "model": "23.xyz", "model_rescale": 4.274766983524099, "target_rescale": 4.241472852523002},
{"mapping": [2, 1, 6, 10, 8, 12, 11, 13, 5, 0, 15], "R": [[-0.38894850903316863, -0.39207834170344347, 0.8336627803182491], [-0.13919259677805365, 0.9195381948781951, 0.3675254129476393], [-0.9106835225933637, 0.026908774168074745, -0.41222741241906047]], "T": [-0.008751389298356019, 0.013889172530228977, 0.05966923784895267], "aligned_model": [[0.2612482472703977, 0.25041787350522, -0.46258100622525433, -0.5426894029701772, -0.5972908779911892, -0.5876597494105201, -0.027474585057821257, 0.06352897258944683, 0.6311795791791343, 0.34454571523089955, 0.046669937837938796], [-0.11496545025481242, 0.5287502082608984, 0.4737251731760243, -0.14405943250050646, 0.32932648392238906, -0.24999421359833401, -0.5996966964771626, -0.008914690652783483, -0.13699464133957018, 0.7534958032922345, 0.08491398741510647], [-0.5176166857804718, -0.33822416350602486, -0.48630174604094895, -0.28514847349655864, 0.10740654674599706, 0.4559337910865722, -0.09177228584430125, 0.7018002747195937, 0.4568009091847094, 0.3485421796779386, 0.02814608727507195]], "inverted": true, "swapped": true, "error_lsq": 0.04156956170106427, "error_max": 0.21822264601443236, "target": "363.xyz", "model": "24.xyz", "model_rescale": 3.7841303162186577, "target_rescale": 4.241472852523002},
{"mapping": [14, 9, 8, 0, 10, 7, 5, 12, 3, 13, 4, 1, 6, 11, 7, 15], "R": [[-0.5730017693198062, -0.8085872768215907, -0.13362480353069123], [-0.3612989972878814, 0.10287970894188697, 0.9267571418914473], [-0.7356167527423116, 0.5793119895619947, -0.3510920275861872]], "T": [0.002851966818979229, -0.030766076985599928, -0.11864962159340459], "aligned_model": [[0.3370868295432483, -0.1015641518113013, -0.4342849741964272, 0.007965437269832426, 0.5791296245456832, 0.43889930166116564, -0.5416753832836168, -0.13460351185759692, -0.02865440349407343, 0.414924425895804, -0.5521488938196547, -0.47728012727019853, 0.06338219932715361, 0.663851890373431, 0.43889930166116564, 0.009584295793115517], [-0.5673059610189382, -0.30440754051617286, 0.26403483441118775, 0.6967352943304789, 0.13013443659811727, 0.4378963437447547, -0.6542956335979588, -0.767832962684033, -0.47145851324382615, -0.6691089021270809, -0.03238772102820117, 0.5246312859772012, 0.13370799939220238, -0.1208122936472353, 0.4378963437447547, -0.028801574361685938], [-0.5979313463563487, -0.6249680314237769, -0.3859724621405216, -0.22840187216151994, -0.6159123199840223, -0.0045276812293823104, 0.1712462260221193, -0.23271234037891375, 0.554996734358765, 0.06766925381059702, 0.38002437794871075, -0.00014504259870506964, 0.5822860540539432, 0.2613482061485718, -0.0045276812293823104, -0.04966784084989073]], "inverted": true, "swapped": false, "error_lsq": 0.05240972534056651, "error_max": 0.34949393619162145, "target": "363.xyz", "model": "25.xyz", "model_rescale": 4.19342608120988, "target_rescale": 4.241472852523002},
{"mapping": [3, 14, 5, 1, 4, 2, 0, 6, 13, 10, 9, 15], "R": [[-0.4126853155250328, -0.032142282068889694, -0.9103063792226265], [0.12105249943553423, 0.9885772473061476, -0.08978484554205188], [0.9027940644080543, -0.1472477497688982, -0.4040804096434048]], "T": [0.07332600463026581, 0.0022303510472556996, 0.09378685882035595], "aligned_model": [[-0.21655655022137246, 0.4868030655250988, 0.042677684108825914, -0.5348880661392666, -0.4800381128401541, -0.47840411286160023, -0.14372748662963258, -0.21144776611677182, 0.5197152054181226, 0.17584407733697544, 0.4423995024720748, -0.004568885420519128], [-0.7827606228487789, -0.448283060719828, -0.4719902853358752, 0.33108947906598907, -0.21352988844128243, -0.21913630073310875, 0.44420455981074763, 0.654013765262802, -0.08413253164845953, 0.15466008612925414, 0.6121564644375107, 0.03648476276200974], [0.05532944038388317, -0.014027277085782858, -0.5096753210716068, -0.01800343491909323, -0.4502791827955689, 0.3571365087403333, -0.622335316214455, 0.5515827351535548, -0.36594661757192337, 0.7224298727510406, -0.3075104372420684, 0.05055749108110805]], "inverted": true, "swapped": true, "error_lsq": 0.045345577529218084, "error_max": 0.2512962586598526, "target": "363.xyz", "model": "26.xyz", "model_rescale": 3.795458400668931, "target_rescale": 4.241472852523002},
