[{"mapping": [1, 2, 13, 11, 3, 5, 14, 10, 8, 4, 9, 7, 0, 15], "R": [[-0.011583369412746401, -0.33199028462823527, -0.9432116816841867], [0.2898780244960613, 0.9016536810043566, -0.3209226860874049], [0.9569934986546715, -0.277133704994101, 0.0857925001904819]], "T": [-0.020356572768405662, 0.12596630427636896, 0.09856980750717838], "aligned_model": [[0.17747824936589085, 0.2638983651325979, -0.5326805609961304, -0.4739493853708979, -0.689879020948046, -0.04173598644456052, -0.6647984978093772, -0.16032744735441323, -0.3571669811440237, 0.3908562634625512, 0.6585687218132834, 0.22700535303026143, 0.5887097911284703, -0.014486762737302393], [-0.5875176368821913, -0.33716951007493107, -0.44906917977343114, -0.43773843163344633, 0.19722131431709775, 0.1541805434625202, 0.3035258760007762, 0.5129331451035202, 0.8026197034504621, -0.02705190586127837, 0.3526234304228442, 0.7821612287887578, -0.14137298794509728, 0.1099277424344313], [0.17223439123304443, -0.3645136339496982, 0.4177782093362442, -0.19599914561235454, 0.43783820363458853, -0.614825960346131, -0.13844796879944404, 0.6842522194724827, 0.07156194739862565, 0.7538044517683231, 0.3078199520917147, 0.11428924010532582, 0.05289197765706592, 0.1989042031900462]], "inverted": false, "swapped": true, "error_lsq": 0.04065279999428291, "error_max": 0.23980818999375503, "target": "364.xyz", "model": "0.xyz", "model_rescale": 3.8414455957264533, "target_rescale": 4.355849444314756},
{"mapping": [5, 8, 0, 7, 6, 9, 4, 2, 13, 1, 10, 14, 3, 11, 15], "R": [[0.7596927673414109, -0.6330414202693933, 0.14874629229819097], [-0.07866440869288571, 0.13759806578559058, 0.9873594497937735], [-0.6455066305268661, -0.7617908719034209, 0.05473442637388444]], "T": [-0.02837689119807929, 0.026462196373364177, -0.07253890472868137], "aligned_model": [[-0.6938338985319524, -0.343174556524175, 0.0734919992242566, -0.26024883017040323, -0.3938351564272093, 0.1143132139442107, 0.6573645941325299, -0.25037407362290975, 0.46152176816253576, 0.33530510973312627, 0.34497414921288455, -0.35537505989672313, 0.21286304822203483, -0.10114588296220574, 0.0701977290085446], [0.061725672646941315, 0.21009559578532574, -0.509072018168686, -0.3569066917799115, -0.4577527860479739, -0.6910837796767528, -0.36072395104605953, -0.1378403312089168, 0.6413368850480371, -0.01492138980964856, 0.0628378817069307, 0.6239970119155611, 0.654853624533007, 0.5991881559627047, 0.02131064818245678], [0.1845799449193966, -0.7352693950769789, 0.31131579584798674, -0.6122522558375724, -0.010485963020804859, -0.2169893724095751, -0.11363039895729406, 0.5858408158224607, 0.20488514147516212, 0.5752629345932471, -0.6821657409639136, -0.2701105738249627, -0.41219775464620223, 0.45374047556645597, -0.09734186614787085]], "inverted": false, "swapped": true, "error_lsq": 0.04165591309606815, "error_max": 0.310717828018404, "target": "364.xyz", "model": "1.xyz", "model_rescale": 4.316132596720782, "target_rescale": 4.355849444314756},
{"mapping": [10, 3, 8, 0, 7, 4, 5, 1, 14, 12, 11, 15], "R": [[-0.1123614760690323, 0.16196710655391777, 0.9803782714290133], [-0.7785396781571257, -0.6274295156500443, 0.014428181664717765], [0.6174551548336021, -0.7616422121217432, 0.19659672551624496]], "T": [-0.1177180332301877, 0.08021623725336426, -0.11609604430867512], "aligned_model": [[-0.09878977710230441, 0.49901420522199946, 0.0771346392438726, -0.6559843081746934, -0.49250666700054413, -0.5335205790274504, -0.053772485456411376, -0.172545532821142, 0.4924862711024416, 0.2043376691369052, 0.45903619230672754, -0.12708107279761993], [-0.5901392338118501, -0.3062554457705677, -0.5116430111782283, 0.4431342369758729, -0.400707602660683, -0.08765061411310975, 0.45999264451987537, 0.6464918098180337, -0.05732133262874965, -0.22455008015071115, 0.6044301651586316, 0.036994891582466265], [0.13415249784593178, 0.08068203871286653, -0.5447749035813889, 0.03582018152198055, -0.4628993632817354, 0.5325733410300251, -0.7176502742968408, 0.36343533447766185, -0.45037788107468735, 0.5655805741223252, -0.0628545361672257, -0.024428548099491867]], "inverted": false, "swapped": true, "error_lsq": 0.04315982991072299, "error_max": 0.23059810665789202, "target": "364.xyz", "model": "2.xyz", "model_rescale": 3.795458400668931, "target_rescale": 4.355849444314756},
{"mapping": [10, 7, 9, 2, 12, 1, 6, 14, 5, 11, 4, 15], "R": [[0.4412499148825161, -0.12351988250261081, -0.8888427033185984], [-0.3271588619293638, 0.9001706828414824, -0.28750621004385796], [0.83562287646836, 0.4176548579619788, 0.3567896129983376]], "T": [0.09803371168170902, -0.03909829827239926, 0.028077096504249374], "aligned_model": [[-0.11908123362639828, -0.3222336062616781, -0.6434947198311046, 0.16537507211476768, 0.18536226095053013, 0.11238283388278314, -0.23433436299109048, 0.6979861597108173, 0.3794781466490156, 0.7767209969221828, -0.4644478613401163, 0.059590139563856344], [-0.011599378637445281, -0.5548705138583367, -0.0833920266828909, 0.07046730348609025, 0.5407114612064654, 0.5861441289286135, -0.38840651836390344, -0.3373278555601376, -0.4813581944294665, 0.23317127617938377, 0.47929251683619184, 0.032936846185145155], [-0.6534388455399424, -0.19414172571857224, 0.09343979493466893, 0.7303608326777526, -0.5353763293105125, 0.43117811604576645, 0.40142638432328975, -0.20457374447992593, 0.5132387793379991, 0.3029101089945483, -0.16356958668335353, -0.032682353942618154]], "inverted": true, "swapped": true, "error_lsq": 0.03667416075753554, "error_max": 0.17619908535147946, "target": "364.xyz", "model": "3.xyz", "model_rescale": 3.7530521520055578, "target_rescale": 4.355849444314756},
{"mapping": [7, 14, 5, 11, 6, 13, 9, 10, 4, 1, 15], "R": [[0.8848062007574227, 0.46210893061473346, 0.05977728119714869], [-0.2433035492450347, 0.5676004827750296, -0.7865323101299287], [-0.3973932183945575, 0.6813846404195364, 0.6146491696686449]], "T": [-0.061436045622897006, -0.0741378285173908, -0.03545671444348979], "aligned_model": [[-0.4475106851363123, -0.14780406158267106, 0.43177582815945836, 0.42060858073144997, 0.16330688287495154, -0.029167186686217574, -0.21172464434060012, -0.7692251828274579, -0.3451508138035864, 0.39537031665664163, -0.12227943160045138], [-0.6597192251667121, 0.05269980727623515, -0.4082808428857398, 0.4343944496524129, -0.6249529733167972, 0.7557998640490914, -0.5132554399456345, 0.003314312524124674, 0.10311824739955437, 0.3444476360271426, -0.020362477299331584], [-0.02723464203627994, -0.7278893844643807, -0.42950891621621634, -0.38086695942191995, 0.09858713192777353, -0.1075526770805476, 0.5482278680953031, 0.03799240005711392, 0.6786365723346242, 0.37653670575704895, 0.02590267829279712]], "inverted": true, "swapped": true, "error_lsq": 0.04442747527056994, "error_max": 0.21709189931085113, "target": "364.xyz", "model": "4.xyz", "model_rescale": 3.7855080009869324, "target_rescale": 4.355849444314756},
{"mapping": [11, 13, 6, 9, 12, 7, 4, 0, 5, 1, 2, 8, 14, 15, 10, 16], "R": [[0.4815351996707937, -0.840725482935883, -0.24759748346910784], [-0.2523825009592032, 0.13752296504208195, -0.9578050466016622], [0.8393014504262379, 0.5237061164701636, -0.14596225157263362]], "T": [0.05157723716636842, -0.03919217410047616, 0.05186953322868259], "aligned_model": [[-0.051307379316886975, -0.10394673216421763, -0.48305104236492413, 0.46975397228138915, 0.4238761334596345, -0.612664390608564, -0.2981416025788419, 0.24675511059014427, -0.1284560003349942, 0.3242487485023933, 0.754442523951893, -0.4231384382973458, 0.6042803406807017, 0.07860183375383917, -0.21135905124449517, 0.09869536098299064], [-0.613945049062903, -0.7434976385781666, -0.26884730982862043, 0.19879435967440579, -0.5356343162320804, 0.3066027822383188, 0.24928199145353824, 0.5247521728398685, 0.7485513675625505, -0.0016148393063531996, 0.18175064493130014, -0.31204432686225414, -0.3281233271297398, -0.35086260506107614, 0.32806888165473813, -0.04729931239604316], [-0.488047235092008, 0.11994116128268126, -0.24394829825897513, 0.5766596314578709, -0.22742241857937234, 0.027820001477160905, -0.5324935155693457, -0.45047124214229406, 0.005486448140768173, -0.6533553456609297, -0.0024475628726873533, 0.4940308207312329, 0.3140440299053684, 0.8143977755449748, 0.623663289085258, 0.07638297673307759]], "inverted": false, "swapped": false, "error_lsq": 0.03808230159463545, "error_max": 0.3171222011301338, "target": "364.xyz", "model": "5.xyz", "model_rescale": 4.2253639853439635, "target_rescale": 4.355849444314756},
{"mapping": [10, 12, 0, 9, 4, 2, 6, 7, 11, 3, 1, 5, 8, 15], "R": [[-0.42316145971426944, -0.9060045623885831, -0.009492731090740614], [0.36427537078288375, -0.1605280263847823, -0.9173517356968368], [0.8296010084694216, -0.3916458676867138, 0.39796442186512065]], "T": [0.04888910840542511, 0.037080155588577926, 0.07258755555551055], "aligned_model": [[0.5459330000357523, 0.06643244039021284, -0.4001824585379551, 0.07991072272178906, -0.1224396236989063, -0.5459209996894568, 0.03196236503266904, 0.5880312421300176, -0.38188152781457385, 0.3787618434523264, -0.6701550445749781, -0.028318009145702677, 0.784385417479569, 0.047542784977020976], [-0.1178504652451219, 0.17477550253964907, -0.43720792188709845, -0.7073246158618101, -0.5058485433145886, 0.04098528462815486, -0.32754635503821056, -0.36152884947530084, 0.6883128977156047, 0.5243929499586166, 0.015153284152328104, 0.27371428327256836, 0.1808092180113709, 0.004262477178828272], [-0.41863840247060824, -0.7286724638499398, 0.20639392410086804, 0.10417595772409444, -0.4730477638820261, 0.4674642594553845, 0.561090834466828, 0.2786541044583617, 0.09734460760260502, -0.3987412562088139, -0.1174628072678168, 0.7420873649861671, 0.17465436830590775, -0.023744518489563146]], "inverted": true, "swapped": true, "error_lsq": 0.040700097013723006, "error_max": 0.3248909853528915, "target": "364.xyz", "model": "6.xyz", "model_rescale": 3.89814844738969, "target_rescale": 4.355849444314756},
{"mapping": [11, 14, 3, 2, 12, 8, 5, 1, 0, 7, 10, 4, 15], "R": [[-0.5523603747821246, 0.45250487995137934, -0.700098100262198], [-0.6398501826010514, -0.7684565788717936, 0.008138194766655144], [-0.5343124181562244, 0.45245311360277607, 0.7140002939741702]], "T": [-0.15171290377785077, 0.0626276002889936, -0.009071193112623926], "aligned_model": [[0.1386153566240588, -0.07200714303760633, 0.4026931193266986, -0.41034837928308665, 0.6284482592877098, -0.31679327912377614, -0.6634197092925699, 0.13587103074134502, -0.37258545256665787, -0.5783467966431496, 0.15593739184194824, 0.1760868389708071, -0.0755194359414987], [-0.43581526657084724, 0.28880064645302156, 0.4312886855047248, -0.6024430836988849, 0.2450346689691763, 0.7338111130492547, -0.19147659424010316, -0.5869832746861339, -0.34632518589750244, 0.5839421715357659, 0.6727003550939804, 0.08424468896366398, 0.08700234099436958], [-0.5358961609741291, -0.6765312798897343, -0.3628558669980058, -0.03210599542489609, 0.13007483344373208, -0.3161406643827143, -0.43775971374927763, 0.2121201578848185, 0.4689366863179247, 0.18648299660533488, 0.20428671924901987, 0.7078130642720747, 0.05385025448214817]], "inverted": true, "swapped": true, "error_lsq": 0.04290293725164295, "error_max": 0.21629846333362743, "target": "364.xyz", "model": "7.xyz", "model_rescale": 3.7474275329858107, "target_rescale": 4.355849444314756},
{"mapping": [13, 1, 2, 11, 6, 14, 3, 3, 5, 8, 12, 10, 4, 9, 15], "R": [[0.3992465317201648, -0.012095499031592682, 0.9167638222642712], [-0.7957573193057814, 0.49206947938827406, 0.3530409554511059], [-0.4553817032783555, -0.8704718986605654, 0.18683195112606965]], "T": [0.1368970465286956, -0.08892662676650179, 0.04068929166219559], "aligned_model": [[-0.5634631339874357, 0.13877745896475033, 0.5100635154810558, -0.22565481043988378, 0.7349690265941577, -0.2771238593422177, -0.5864014572092586, -0.5864014572092586, 0.45481311935567215, -0.013868063659825236, -0.5230516559070533, -0.1827396385596765, 0.15966386806847369, 0.6701951615565682, 0.09237564863267816], [-0.004214708391069938, 0.14249638281431573, -0.30605692222410574, -0.5092569613154855, -0.18243642827798243, -0.6262020014020199, -0.12782584368051036, -0.12782584368051036, -0.721107549277197, -0.34389752560931386, 0.38451727090088716, 0.31245295207966484, 0.6951386912703887, 0.4007528889237961, 0.002583559848735373], [-0.4035574742920227, -0.6664629385691688, -0.5279434081112263, -0.5090005280910049, 0.11444757310939281, 0.24788988012394753, 0.24989434680461342, 0.24989434680461342, -0.05659018235365862, 0.7365989270350505, 0.0006395515680392289, 0.5397743470872252, -0.04034315396023089, 0.21931102574149236, 0.04224234279919858]], "inverted": true, "swapped": true, "error_lsq": 0.045178943554811606, "error_max": 0.43006052697279656, "target": "364.xyz", "model": "8.xyz", "model_rescale": 4.019505241142653, "target_rescale": 4.355849444314756},
{"mapping": [0, 7, 5, 2, 1, 11, 14, 4, 12, 10, 8, 3, 15], "R": [[0.38100408375901507, 0.4285560472928972, -0.8192530759708149], [0.11650771661617543, -0.9012784541468397, -0.41728060110622006], [-0.9172032708881052, 0.06353630788274865, -0.39332085814610723]], "T": [-0.02956154057887419, -0.08012683231573006, -0.057345458547862674], "aligned_model": [[-0.19972501348668895, -0.6857373265514003, 0.08763402724514796, 0.2256621359043409, 0.3757373617365268, 0.7344078589824522, 0.2805919788508368, -0.28577467436091475, 0.21651639665539354, -0.33876588503332195, -0.328064796891976, 0.2758845929429139, -0.03866588425213394], [-0.6588202827553459, 0.16693352154329874, 0.18504333193033803, -0.4246550601433876, -0.7010592599869523, -0.034179208825603824, 0.5571329008487242, -0.6764102364787954, -0.2153390283128948, 0.07560818699203237, 0.5979608318679355, 0.31834822444680966, -0.1271856930120997], [-0.3413822164544677, -0.07787157133723195, -0.7101368701711475, -0.6282246937629953, -0.11899075101873308, -0.21393380263275286, -0.030605050560383165, 0.3905875055797605, 0.7058378134300282, 0.5691514260807207, 0.09471842264705956, 0.5051142451980232, 0.03243903704599828]], "inverted": true, "swapped": true, "error_lsq": 0.04468225538179988, "error_max": 0.22814514905076078, "target": "364.xyz", "model": "9.xyz", "model_rescale": 3.877068213659057, "target_rescale": 4.355849444314756},
{"mapping": [2, 4, 7, 12, 13, 8, 9, 10, 11, 14, 6, 1, 3, 5, 0, 15], "R": [[-0.7720193696518588, 0.07875689766217105, -0.6307007562647893], [-0.3259324503253915, -0.9009489411149275, 0.28645949683816985], [-0.5456685172403051, 0.4267181230912528, 0.7212194622431134]], "T": [0.09737657385076892, -0.06506258581779645, -0.0018222774931187825], "aligned_model": [[-0.15159227121184066, -0.032949323884027215, -0.5977632661571978, 0.41592539560867997, 0.5649391931869912, -0.619163749005048, -0.183371988725762, 0.3692744007703144, -0.04931110633402691, 0.3364180301150872, 0.7026624012437365, -0.4718526131442945, 0.47747163469836024, 0.08273909016167608, -0.2207139646887521, 0.06587752465881963], [-0.40793628242853974, -0.7184057324880151, -0.4928704289542405, 0.3489719433044057, -0.4671609318318726, 0.20630219020843654, 0.18252414779585777, 0.5006061758977356, 0.6520715629765731, 0.061824058646394814, 0.050395132544935425, -0.28940270829511255, -0.4344195379123467, -0.21917481870981673, 0.37595869884702615, -0.013349993703937968], [-0.5125154342028787, 0.11754510843640432, 0.0050785631405104135, 0.5323099838099531, -0.4680203181323589, -0.09267413417206591, -0.5454456377798033, -0.3324296022690888, 0.09228730426496959, -0.7341340337023425, 0.02273698863050091, 0.6134469743984711, 0.3472687269554562, 0.7643569482672884, 0.5796282117129848, 0.06480086682477938]], "inverted": true, "swapped": false, "error_lsq": 0.0413093259456514, "error_max": 0.23668008084362935, "target": "364.xyz", "model": "10.xyz", "model_rescale": 4.260839863003843, "target_rescale": 4.355849444314756},
{"mapping": [1, 12, 10, 4, 7, 6, 2, 11, 3, 8, 5, 15], "R": [[0.4810211860930165, 0.3942311582642065, -0.7830711413296558], [0.8756269596317444, -0.17167225828743346, 0.45144884904112925], [0.043543611422747264, -0.9028346634839377, -0.427777423803676]], "T": [-0.012433989788279481, 0.07479864112789421, -0.04121119943283], "aligned_model": [[0.37993041316182175, 0.14585323180720527, -0.3831803061448261, -0.3318824739756977, -0.6554999104588926, -0.33853343994771035, 0.29346373128488096, 0.764961997521115, 0.2412301148591025, -0.30687705897211864, 0.18191753342118339, -0.03248518346193315], [0.04897486975019445, -0.7182372956227805, -0.5018371545466438, -0.3820006240940634, 0.18409272504609317, 0.5786309119214046, 0.5893052396819505, 0.14932525051745488, -0.48923541815321486, 0.0031439118093115753, 0.727365006397444, -0.01644891717421615], [-0.6728817861827662, -0.12679480924387185, 0.16469508355158535, -0.5990015772611915, 0.21675745514440956, -0.14931601853426846, -0.4303788629071632, -0.021676602383510185, 0.3900204455882017, 0.6517529966751144, 0.17459257383828913, -0.0815908208893244]], "inverted": true, "swapped": true, "error_lsq": 0.04686470017927444, "error_max": 0.265089157387669, "target": "364.xyz", "model": "11.xyz", "model_rescale": 3.890672605050136, "target_rescale": 4.355849444314756},
{"mapping": [0, 9, 7, 2, 6, 13, 4, 11, 1, 12, 8, 10, 14, 15], "R": [[0.7930645354428212, -0.3053263531493474, 0.5270905621384075], [-0.4576044982562496, -0.8697630434704585, 0.18468993310045823], [0.4020531877730963, -0.38767004821823114, -0.829496936652551]], "T": [0.1623013155148324, 0.027906842608471653, 0.16376884052979257], "aligned_model": [[0.3921977208579779, 0.29990344472876385, 0.38930082244883024, 0.5896331481838699, 0.698765838240872, -0.45227045226147167, -0.2863668103301044, 0.11946736615377612, 0.023861077552279564, -0.6499323261869298, 0.19508870516217958, -0.33190673271634513, 0.1500734667939534, 0.07206056616604263], [-0.3143224154126154, 0.2056692312904992, 0.6416477754612209, -0.54208576406853, 0.09982711924616548, -0.4142195197737344, -0.052122884112325685, -0.5213156493925298, -0.6789321609370744, -0.009610871334356088, 0.7238970215843641, 0.5284499077817665, 0.23555894266699187, 0.029711786827923276], [-0.3602019360412758, -0.5472619736198574, -0.08885754970806814, 0.11646282475200356, -0.11713639271598236, 0.5128555096639817, -0.4797645028539457, 0.7176643578758678, -0.022878810447060305, 0.17619173049648756, 0.45796801823235944, 0.031201445262075356, 0.8418111014573472, 0.11673661300292808]], "inverted": true, "swapped": true, "error_lsq": 0.042613908651408336, "error_max": 0.29453498436497455, "target": "364.xyz", "model": "12.xyz", "model_rescale": 4.124412569039231, "target_rescale": 4.355849444314756},
{"mapping": [14, 11, 12, 5, 3, 8, 2, 7, 1, 6, 10, 4, 15], "R": [[-0.9843018994538623, 0.0134928165466927, -0.1759764604518361], [0.025078676584573117, 0.9976487787570002, -0.06378067282047718], [0.17470211994216242, -0.06719269414381053, -0.9823259699007305]], "T": [0.06130362661066028, 0.1214785519676714, -0.07115785476035115], "aligned_model": [[-0.016522668776070566, -0.26543923815929565, 0.7556237133594342, -0.6143219671012878, 0.5184790433747735, 0.24021237806902904, -0.5331348697201214, 0.17582561417650358, -0.05672810907665452, -0.30859484286253275, 0.7320838458683393, 0.5866000274185933, 0.15321538093904716], [-0.2791709944231161, 0.4451224680124851, 0.4094482413525067, -0.09450805086749903, -0.038747874463580745, -0.604320708122716, 0.50860747759941, -0.4158182540829448, 0.8557551822333395, -0.022428775654315142, -0.124245871550244, 0.5439675039568166, 0.16382503251833502], [0.5088707921787788, 0.5603277373182266, 0.2391298680059608, 0.012904554972552287, 0.5065607274774532, 0.04389687576170126, -0.1518795682376118, -0.5073042274652356, -0.048119589810464235, -0.5341268210402418, -0.11624082778812161, -0.48031526346782055, -0.08200617693733833]], "inverted": true, "swapped": true, "error_lsq": 0.04512413397363974, "error_max": 0.24620891605294817, "target": "364.xyz", "model": "13.xyz", "model_rescale": 3.9028299243045295, "target_rescale": 4.355849444314756},
{"mapping": [11, 12, 1, 4, 13, 6, 9, 9, 7, 14, 10, 2, 5, 8, 3, 15], "R": [[0.5584834082203629, -0.3376424854388942, 0.7576898011516413], [-0.8123834660361717, -0.4073087763539509, 0.4172920617698155], [0.16771817687306229, -0.8485853597203368, -0.5017703662181365]], "T": [0.014345830338435873, -0.08772011269566304, 0.1793028573009886], "aligned_model": [[-0.1958644728225604, 0.084625159201177, -0.5481260331655468, 0.4313967924389506, 0.6412472123936529, -0.5139939034395276, -0.11341923370808352, -0.11341923370808352, 0.1929935913617398, 0.3877392920278328, 0.6282493909605827, -0.5291741955141323, 0.4381668374334851, 0.10248814525723962, -0.21198012024110285, 0.007660158817091971], [-0.33519262518339343, -0.7489083318629722, -0.2714265813227934, 0.2885730509121943, -0.4917559166543847, 0.27941188966225616, 0.3410651817210282, 0.3410651817210282, 0.7554751162576747, -0.13958209321409965, 0.24981226757710256, -0.3554256260910835, -0.3085081352390331, -0.6468427332593897, 0.3814682106192557, -0.00329537974590724], [-0.4843428858074097, -0.0259561101763206, -0.08916705142941717, 0.5585590028223683, -0.09710459211367939, 0.004719121502568202, -0.453677960864019, -0.453677960864019, -0.09950664610386128, -0.621283371988066, -0.07475798693091074, 0.5977159416455181, 0.36296079124744035, 0.7047740620804028, 0.521835084394082, 0.10315107876810416]], "inverted": false, "swapped": false, "error_lsq": 0.048487617267415094, "error_max": 0.356085091500462, "target": "364.xyz", "model": "14.xyz", "model_rescale": 3.942246331269136, "target_rescale": 4.355849444314756},
{"mapping": [4, 12, 4, 3, 14, 10, 6, 9, 2, 7, 8, 5, 13, 11, 15], "R": [[0.07655091658549304, 0.9740845735376344, 0.21283608896501938], [-0.2275447750730195, 0.22489673612450936, -0.9474412031453519], [-0.9707540020555618, 0.024097752520672505, 0.23886390647513617]], "T": [-0.08752939001928248, 0.06809023678180277, 0.04999441982889089], "aligned_model": [[-0.5476788148377514, -0.21379199241288074, -0.5476788148377514, 0.2627449545204643, 0.4408695246437627, 0.2034768549482647, -0.1071278285765868, -0.2926997930661478, -0.5395495834946717, 0.3258630740095727, 0.6572158456452358, 0.0744679181759805, -0.354034238948715, -0.2659220428213438, -0.12186102641522267], [0.10170368843158846, -0.5574169799566887, 0.10170368843158846, -0.5731824623730938, -0.2974573520331956, -0.08795482711451381, 0.659378232139568, 0.6502127323326214, 0.2647961454337778, 0.554944069206419, 0.09944226376586837, 0.3207625194685994, -0.721710361319321, -0.44666090136955344, 0.02958423483798634], [-0.5895176215450659, -0.45407290981228793, -0.5895176215450659, -0.135795349962325, 0.35029388676358414, -0.5850838216036878, 0.19787568352410637, -0.3684994718251399, 0.5664500870447344, -0.24001733577675358, -0.07807619612433847, 0.6981458171986218, 0.06502310454923493, 0.6098941110878328, -0.03773988161293367]], "inverted": false, "swapped": true, "error_lsq": 0.04449290187136141, "error_max": 0.2955701705694821, "target": "364.xyz", "model": "15.xyz", "model_rescale": 4.355366556412066, "target_rescale": 4.355849444314756},
{"mapping": [10, 3, 8, 0, 7, 4, 5, 1, 14, 12, 11, 15], "R": [[-0.1123614760690323, 0.16196710655391777, 0.9803782714290133], [-0.7785396781571257, -0.6274295156500443, 0.014428181664717765], [0.6174551548336021, -0.7616422121217432, 0.19659672551624496]], "T": [-0.1177180332301877, 0.08021623725336426, -0.11609604430867512], "aligned_model": [[-0.09878977710230441, 0.49901420522199946, 0.0771346392438726, -0.6559843081746934, -0.49250666700054413, -0.5335205790274504, -0.053772485456411376, -0.172545532821142, 0.4924862711024416, 0.2043376691369052, 0.45903619230672754, -0.12708107279761993], [-0.5901392338118501, -0.3062554457705677, -0.5116430111782283, 0.4431342369758729, -0.400707602660683, -0.08765061411310975, 0.45999264451987537, 0.6464918098180337, -0.05732133262874965, -0.22455008015071115, 0.6044301651586316, 0.036994891582466265], [0.13415249784593178, 0.08068203871286653, -0.5447749035813889, 0.03582018152198055, -0.4628993632817354, 0.5325733410300251, -0.7176502742968408, 0.36343533447766185, -0.45037788107468735, 0.5655805741223252, -0.0628545361672257, -0.024428548099491867]], "inverted": false, "swapped": true, "error_lsq": 0.04315982991072299, "error_max": 0.23059810665789202, "target": "364.xyz", "model": "16.xyz", "model_rescale": 3.795458400668931, "target_rescale": 4.355849444314756},
{"mapping": [11, 14, 3, 2, 12, 8, 5, 1, 0, 7, 10, 4, 15], "R": [[-0.5523603747821246, 0.45250487995137934, -0.700098100262198], [-0.6398501826010514, -0.7684565788717936, 0.008138194766655144], [-0.5343124181562244, 0.45245311360277607, 0.7140002939741702]], "T": [-0.15171290377785077, 0.0626276002889936, -0.009071193112623926], "aligned_model": [[0.1386153566240588, -0.07200714303760633, 0.4026931193266986, -0.41034837928308665, 0.6284482592877098, -0.31679327912377614, -0.6634197092925699, 0.13587103074134502, -0.37258545256665787, -0.5783467966431496, 0.15593739184194824, 0.1760868389708071, -0.0755194359414987], [-0.43581526657084724, 0.28880064645302156, 0.4312886855047248, -0.6024430836988849, 0.2450346689691763, 0.7338111130492547, -0.19147659424010316, -0.5869832746861339, -0.34632518589750244, 0.5839421715357659, 0.6727003550939804, 0.08424468896366398, 0.08700234099436958], [-0.5358961609741291, -0.6765312798897343, -0.3628558669980058, -0.03210599542489609, 0.13007483344373208, -0.3161406643827143, -0.43775971374927763, 0.2121201578848185, 0.4689366863179247, 0.18648299660533488, 0.20428671924901987, 0.7078130642720747, 0.05385025448214817]], "inverted": true, "swapped": true, "error_lsq": 0.04290293725164295, "error_max": 0.21629846333362743, "target": "364.xyz", "model": "17.xyz", "model_rescale": 3.7474275329858107, "target_rescale": 4.355849444314756},
{"mapping": [1, 4, 0, 12, 11, 14, 2, 7, 13, 5, 3, 10, 8, 15], "R": [[0.6049584715556843, 0.44947525499041346, 0.6572649715634579], [-0.4285744059279581, -0.5118762651396415, 0.7445177417430623], [0.6710806406658653, -0.7320892598160379, -0.11703029259767578]], "T": [0.11656174625872257, 0.047522124367332955, 0.07994216950823209], "aligned_model": [[0.49626751485819043, 0.15763287203277537, 0.7114671274369917, -0.42846218515094375, 0.12335649537366433, -0.32821811005290913, 0.7449415267702479, 0.05792958593421155, -0.23153577536789827, 0.45391437517615857, -0.6027304148832429, -0.43428852680019053, -0.38122677084979945, 0.07579993340562059], [-0.4215063828926571, 0.2721118213587778, 0.13889216811554378, -0.15866449417005235, -0.7167749946204727, -0.19433024146602002, -0.2791884172902608, 0.7223433839771596, -0.6316278541371487, -0.08630939901379377, -0.17742661428496787, 0.4125626160850827, 0.42242677524797223, 0.05789987460207094], [-0.35532810366157486, -0.6748529278445585, -0.20686386161112919, -0.4872627214206078, 0.2414478423656795, 0.5766196655829168, 0.170169656570537, 0.26216549185238325, -0.25564552806571383, 0.6951404882030932, 0.05855335042703082, -0.1951368834838097, 0.5085254091415765, -0.012737159394168071]], "inverted": true, "swapped": true, "error_lsq": 0.0337331216639862, "error_max": 0.20269909392413343, "target": "364.xyz", "model": "18.xyz", "model_rescale": 3.922800546911778, "target_rescale": 4.355849444314756},
{"mapping": [5, 11, 14, 6, 12, 2, 13, 7, 1, 8, 3, 10, 9, 4, 15], "R": [[-0.5690814431209458, -0.7559278454875231, -0.3236037754909128], [0.41999460773278025, -0.6055502650473105, 0.6759537010598582], [-0.7069305769103286, 0.24876086693393584, 0.6620930376552127]], "T": [0.033418808819953405, 0.12280583349706285, -0.004398725180866259], "aligned_model": [[-0.1924695195080714, -0.23686287793533561, 0.44196224861204253, -0.2081171811968488, 0.3230067548347354, -0.6385661541356012, 0.010500146158120838, 0.38726717528022353, -0.5810901489621842, 0.7157170655582485, 0.586245874595347, 0.6121214965999233, -0.10439664994914369, -0.07388003095596202, 0.0546126378921237], [0.5792880811569469, -0.25392988962640706, 0.10098543657392416, 0.6689787248804798, -0.6064839614854379, 0.24201911718131236, -0.6724125816791869, 0.6428604842538432, -0.2935835408158838, 0.424948657951919, -0.3400043548073942, -0.05851955001750399, 0.4364529263656023, -0.20511706895913606, 0.05212902406150144], [-0.5051831747293253, -0.6331262828726569, -0.5837314021703216, 0.11901115547973687, 0.20905059485564426, -0.21408021831349858, -0.253673849681051, 0.3060224332982139, 0.0468170126381793, -0.1277247191722933, -0.2249199138022551, 0.37584247953943767, 0.657969021560956, 0.704682749250888, 0.06570328128167477]], "inverted": true, "swapped": true, "error_lsq": 0.038348995804362095, "error_max": 0.3142377805407216, "target": "364.xyz", "model": "19.xyz", "model_rescale": 3.9282355846067225, "target_rescale": 4.355849444314756},
{"mapping": [5, 6, 9, 2, 11, 0, 1, 4, 13, 3, 7, 14, 10, 15], "R": [[-0.8544504973534368, 0.16820818552962102, 0.4915489333660457], [-0.31488889547174803, 0.5848720500086366, -0.7475089756165324], [-0.41323036079292047, -0.793492716689654, -0.44677732426727435]], "T": [-0.04338888063326361, -0.14501089953758017, 0.09881542091743027], "aligned_model": [[-0.6336407606652328, -0.04199245948216422, 0.5321318862398423, -0.3967914170840925, -0.6597618856096139, 0.16158294416819663, -0.06307372130552308, 0.666026015334747, -0.18794942609654391, -0.08755324171022964, 0.26210835599048943, -0.5215885924908734, 0.4650031929639311, 0.038021928831743004], [-0.529444964247207, -0.6972243410912715, -0.5371608926359324, -0.22251288631664526, 0.3140189342443805, -0.30178271385972844, 0.27434940637234007, 0.09251966180075064, 0.6757048416340722, 0.3303019588718409, -0.7075591726985911, -0.058489476141097896, -0.025581578033517738, -0.08425669047455736], [-0.01950538123740092, -0.1598983695452732, -0.1678170251112106, -0.5166860131043824, -0.04138539045062713, -0.5159428618308002, -0.5154922079709074, -0.15048910403921767, 0.12255571402093317, 0.6823973136493396, 0.38558655027090594, 0.6153900054834441, 0.5883388687585301, 0.10513105835034939]], "inverted": true, "swapped": true, "error_lsq": 0.03768612935265974, "error_max": 0.20772387629947175, "target": "364.xyz", "model": "20.xyz", "model_rescale": 4.067790424073018, "target_rescale": 4.355849444314756},
{"mapping": [8, 11, 10, 9, 12, 13, 4, 14, 3, 5, 2, 0, 6, 1, 15], "R": [[0.7010547464413862, -0.5309126606419842, 0.4760819144454591], [0.5735093831060657, 0.02299691954468465, -0.8188761378748044], [0.423803291612163, 0.8471144482662925, 0.32060549208831624]], "T": [0.14380065243615064, -0.0027680165116031434, -0.024111329675410756], "aligned_model": [[0.3621708629376318, 0.027967979259339137, -0.2328268396451772, 0.2518645385836481, -0.6507061982555169, -0.5205455443610205, -0.3689881473937699, 0.24238424283766719, -0.30514989347132865, 0.7626015595649569, 0.42304017789492254, 0.23963271000742273, 0.6540481049985842, -0.16945489099119226, 0.05240529194134791], [-0.0390243808060895, 0.733742022641786, -0.3472760860338422, -0.7182156151344697, 0.011547509230300002, 0.49352542599974975, -0.5550959513361444, 0.5178421056280074, 0.31253633433611944, 0.33762784508793536, 0.20872468593712457, -0.32268507058930657, -0.2783484648594245, 0.13337858353629298, -0.047383803710191436], [-0.7473197543534786, 0.20916123863196462, -0.5259330027428499, 0.15632026844403224, -0.19685196095094004, 0.06175269276461463, 0.20788976415027116, -0.4955523111101289, -0.5412836446238248, 0.08267227840877424, 0.5980124925979239, 0.5529397011596032, 0.1645084308009085, 0.6369177845419618, -0.027984404097691054]], "inverted": true, "swapped": true, "error_lsq": 0.03861994367176824, "error_max": 0.24292811162891087, "target": "364.xyz", "model": "21.xyz", "model_rescale": 4.186013935880536, "target_rescale": 4.355849444314756},
{"mapping": [7, 14, 6, 4, 12, 9, 10, 3, 2, 11, 13, 1, 15], "R": [[0.07655675248332636, 0.39870211813232365, 0.9138794694301902], [0.9377168254878464, 0.2827120663368051, -0.20189364215985148], [-0.33886017595197426, 0.8724164765433841, -0.3522261668437261]], "T": [0.03884745875280156, 0.018085851601481774, -0.1308335502487567], "aligned_model": [[0.2263763921819673, -0.6084598720649177, 0.4969201067341855, 0.4346480110380799, -0.3058037625698378, 0.6858848936842433, -0.15877884699109007, -0.6477519803730054, 0.3817554258825481, -0.3506239411604947, -0.43334555951512227, 0.29577730941317115, 0.041975859163497886], [-0.40387295310574317, 0.15831109668265517, 0.14025394361809188, -0.45195876969299964, -0.39727574482954026, -0.34193701757731854, -0.668370287127688, -0.2386770851572825, 0.6389414408384407, 0.626569224584243, 0.14622851009986737, 0.36411432969640234, -0.053370028483034924], [-0.6588586141508619, -0.3844874929706648, -0.5143943236139787, 0.36337590449453555, 0.4774227079334448, -0.2192910142078072, -0.08521686254924206, 0.0455031566003021, -0.04901430190423245, 0.1663874963257267, 0.5441841481860403, 0.4756940799730816, -0.05842532278099784]], "inverted": true, "swapped": true, "error_lsq": 0.048737516998837216, "error_max": 0.2654382018362046, "target": "364.xyz", "model": "22.xyz", "model_rescale": 4.166573947596378, "target_rescale": 4.355849444314756},
{"mapping": [10, 8, 7, 2, 9, 5, 13, 12, 6, 14, 11, 0, 3, 4, 1, 15], "R": [[-0.8746319713836315, 0.4844253669305527, 0.01873442040154795], [-0.41759546004967674, -0.772473030288676, 0.4784343729525808], [0.24623758116802863, 0.4106305898868588, 0.8779234432851699]], "T": [0.13474369547691117, -0.058910681809707245, 0.016787184450086465], "aligned_model": [[-0.25245878341908046, 0.07362925666196289, -0.5192775452015255, 0.3208925176934991, 0.5184298261556912, -0.6308600092264933, -0.42554706795115266, 0.45585479664556233, 0.0265101750860076, 0.20596795673142904, 0.9054767621198885, -0.48652163937175, 0.5825501521743761, 0.09108160164326454, -0.26196278952725954, 0.08482417707829562], [-0.3526842613699723, -0.8346887042791131, -0.3276707898242395, 0.29363325525472833, -0.4413950634019642, 0.25680009634258144, 0.12062938943105822, 0.4123638249767136, 0.6798759062146756, 0.02979246109903396, 0.10398522169189511, -0.2717818001324273, -0.24117488080001467, -0.34505084089540183, 0.27707145107199493, -0.023771789482065285], [-0.5530483684888525, 0.23704300263198574, -0.090048524616083, 0.5588855404848341, -0.24194011840917679, -0.055598263702453396, -0.5920253992994633, -0.3059655927473979, 0.16371408595538012, -0.7661793667301702, -0.02231258577829444, 0.502040760982429, 0.37410467789610763, 0.6921174327620283, 0.5044746171434451, 0.04897861809846176]], "inverted": true, "swapped": false, "error_lsq": 0.042460344805345475, "error_max": 0.3026689564309372, "target": "364.xyz", "model": "23.xyz", "model_rescale": 4.274766983524099, "target_rescale": 4.355849444314756},
{"mapping": [4, 1, 13, 3, 11, 14, 8, 5, 6, 2, 15], "R": [[0.019535368542595855, -0.20804504680048194, -0.9779241421898175], [-0.5020186906950247, -0.8479124387816521, 0.1703576542225337], [-0.8646361104931706, 0.487608197901898, -0.12100678398381387]], "T": [0.07419339076874173, -0.031699124994473804, 0.0053647975513347705], "aligned_model": [[0.4566700790535222, 0.1756174858595377, -0.5119042563682872, -0.5826195404132495, -0.44756111429235523, -0.5393863562508285, -0.17019844013772592, 0.06210737586540239, 0.5616749640573244, 0.2983557477211485, 0.07713875886358719], [0.01674597077265736, 0.6646605804566544, 0.38449056815468685, -0.2635347952988807, 0.5226737916966758, -0.2298898475736979, -0.720895920751957, 0.10304656110049837, -0.08105213938829608, 0.557984879812183, -0.03864311773704096], [-0.6825361138957182, -0.2363390203634778, -0.41690450984036087, -0.2832346222156771, 0.18064526640490988, 0.3007468452078053, 0.1985251144268533, 0.7067093437877434, 0.3684081228921465, 0.3396789285841319, -0.09613292096677885]], "inverted": false, "swapped": true, "error_lsq": 0.049463109822775395, "error_max": 0.2308462842746479, "target": "364.xyz", "model": "24.xyz", "model_rescale": 3.7841303162186577, "target_rescale": 4.355849444314756},
{"mapping": [10, 14, 9, 3, 7, 2, 8, 1, 4, 0, 6, 12, 11, 13, 5, 15], "R": [[-0.9955317281807483, 0.015473658546319408, 0.09315118934637844], [0.025642997269088662, 0.9937126285347458, 0.1089846254369112], [-0.09087912233571825, 0.11088632820036129, -0.9896692413840755]], "T": [0.05540779824416392, -0.07967868203838724, -0.06139685180274397], "aligned_model": [[0.08942195874672329, -0.3420448425313907, -0.48280443979316506, 0.3183040291533088, 0.5839051703756455, -0.5684736900659191, -0.24051038752209036, 0.12607397240822463, 0.1052938170507397, 0.30606114346236934, 0.6587208879048394, -0.4303102285381528, 0.644928809695342, 0.12648411029788356, -0.31530015791461846, 0.10883923456297576], [-0.7862215750170626, -0.7106168985098316, -0.3083511145093615, 0.21039161637402848, -0.29271772250863703, 0.3387737212214792, 0.2029158023746956, 0.4893363781026745, 0.6407729459984004, 0.0002655091743195004, 0.2652822611857248, -0.16732677280550412, -0.4505541652348002, -0.4500414238030889, 0.4031589632190625, -0.04913404936461621], [-0.38527226387323255, 0.20924558324197012, -0.07470902595954243, 0.6426959555641889, -0.3746227367258978, 0.005405114315475898, -0.4880472571124958, -0.5349626307235632, 0.1261269590723748, -0.7485007567355151, 0.13619291447337079, 0.5144223186593966, 0.2616262467275209, 0.6240078422637729, 0.5700951631954685, -0.029462910200512463]], "inverted": true, "swapped": false, "error_lsq": 0.04458467101824468, "error_max": 0.4305564437139696, "target": "364.xyz", "model": "25.xyz", "model_rescale": 4.19342608120988, "target_rescale": 4.355849444314756},
{"mapping": [10, 3, 8, 0, 7, 4, 5, 1, 14, 12, 11, 15], "R": [[-0.1123614760690323, 0.16196710655391777, 0.9803782714290133], [-0.7785396781571257, -0.6274295156500443, 0.014428181664717765], [0.6174551548336021, -0.7616422121217432, 0.19659672551624496]], "T": [-0.1177180332301877, 0.08021623725336426, -0.11609604430867512], "aligned_model": [[-0.09878977710230441, 0.49901420522199946, 0.0771346392438726, -0.6559843081746934, -0.49250666700054413, -0.5335205790274504, -0.053772485456411376, -0.172545532821142, 0.4924862711024416, 0.2043376691369052, 0.45903619230672754, -0.12708107279761993], [-0.5901392338118501, -0.3062554457705677, -0.5116430111782283, 0.4431342369758729, -0.400707602660683, -0.08765061411310975, 0.45999264451987537, 0.6464918098180337, -0.05732133262874965, -0.22455008015071115, 0.6044301651586316, 0.036994891582466265], [0.13415249784593178, 0.08068203871286653, -0.5447749035813889, 0.03582018152198055, -0.4628993632817354, 0.5325733410300251, -0.7176502742968408, 0.36343533447766185, -0.45037788107468735, 0.5655805741223252, -0.0628545361672257, -0.024428548099491867]], "inverted": false, "swapped": true, "error_lsq": 0.04315982991072299, "error_max": 0.23059810665789202, "target": "364.xyz", "model": "26.xyz", "model_rescale": 3.795458400668931, "target_rescale": 4.355849444314756},
