[{"mapping": [3, 11, 9, 10, 8, 5, 1, 12, 6, 7, 4, 13], "R": [[-0.7283206462187921, -0.17798812341098502, -0.661716906400371], [-0.09054385151721, -0.932212147070648, 0.35040308760963007], [-0.6792281260694899, 0.3151202005244485, 0.662833623149551]], "T": [0.18301166347487002, 0.06018003375766935, -0.1887866278197175], "aligned_model": [[0.6548551271047938, -0.05527208460375721, -0.44139011224775476, -0.7278449964318325, 0.19491170296507154, 0.6349096683789951, 0.27676183152288436, -0.2698561956798832, 0.7606487633220236, -0.2322436033660394, 0.2762773609947637, 0.07755614473764824], [0.2782865207319816, -0.5957079405083574, 0.341000560128284, -0.36886592283544517, -0.5108535033266439, -0.46510063878236174, 0.2766444235489494, 0.15345371593834134, -0.09491230505798241, -0.11246914886823396, 0.06705698194791325, -0.00681332415279956], [-0.13407271763982484, -0.1984645128205836, 0.07199187245894906, -0.22987965492080153, 0.34446586416490516, -0.4925458559283653, -0.7154726703215382, -0.5371119503712878, 0.2874780375802198, 0.418790367774225, 0.7623487168399146, -0.08423575111778592]], "inverted": false, "swapped": false, "error_lsq": 0.05539060342279941, "error_max": 0.30166311037731636, "target": "365.xyz", "model": "0.xyz", "model_rescale": 3.8414455957264533, "target_rescale": 3.7757450835995874},
{"mapping": [12, 9, 5, 2, 0, 13, 8, 6, 11, 4, 1, 14], "R": [[-0.20293766587141038, 0.9741448311910521, -0.09928822505423873], [0.5209159816363799, 0.02154428452808299, -0.8533360322170747], [-0.8291337912824872, -0.2248948458011663, -0.5118197578108907]], "T": [0.02389924659835685, -0.10694721291474882, -0.036551516928553254], "aligned_model": [[0.6278664193112727, -0.021484018199043713, -0.44937852140306267, -0.7033842735311197, 0.2614626486791728, 0.6384657318509359, 0.3989640954746995, -0.48423437441555217, 0.810971783462359, -0.2862693529195955, 0.3054786996122406, 0.05085476877460631], [0.34255408803125775, -0.522210748462187, 0.34343924648683166, -0.22271681124318887, -0.6371435981948599, -0.4615428957598774, 0.12109275895118635, 0.20190297984780128, 0.00681196433377021, -0.2980202099568592, 0.1358385278049655, -0.04828588307519498], [-0.16089691732634687, -0.5760014546562464, 0.049952682309384294, -0.08409948291428031, 0.3970067750401965, -0.30379099296309875, -0.693534414627817, -0.5429495376686343, 0.26978338711631417, 0.36730957865086583, 0.7446437127754713, 0.025868409962218217]], "inverted": false, "swapped": false, "error_lsq": 0.05323482541641147, "error_max": 0.308445421197799, "target": "365.xyz", "model": "1.xyz", "model_rescale": 4.316132596720782, "target_rescale": 3.7757450835995874},
{"mapping": [5, 10, 4, 8, 9, 7, 3, 6, 9, 1, 0, 11], "R": [[-0.3886898597282278, 0.1663102927420801, 0.9062345609567617], [-0.8663593267959198, -0.40073806542937596, -0.29804449296982877], [0.31359481790707544, -0.9009716363149094, 0.29984729569876634]], "T": [0.02331664796835814, -0.07427236114613449, -0.008236896396808059], "aligned_model": [[0.5660629246798019, -0.13481753897971027, -0.21040178735801157, -0.6582413577703088, 0.5608868665712974, 0.7229438418387006, 0.26914350945948556, -0.4822481418871896, 0.5608868665712974, -0.11850699065206344, 0.11125463008365687, -0.0376492158600429], [0.26153002509725193, -0.5775808348573238, 0.6542284995282167, -0.424239716810435, -0.47122667948741676, -0.3316721333705739, 0.21581806747128185, 0.12158177521160983, -0.47122667948741676, -0.3680484188531719, 0.33784919043600864, 0.01470632388561452], [0.08354065219821066, -0.3530701282612499, -0.10306263194400203, -0.0021008882677329213, 0.31331719618079934, -0.5029370749248474, -0.5434319134075208, -0.6264127318428308, 0.31331719618079934, 0.4255590773643403, 0.5630220611780046, -0.07444906875594365]], "inverted": false, "swapped": false, "error_lsq": 0.05839506438537372, "error_max": 0.31683793596705395, "target": "365.xyz", "model": "2.xyz", "model_rescale": 3.795458400668931, "target_rescale": 3.7757450835995874},
{"mapping": [9, 10, 7, 0, 6, 5, 5, 4, 3, 1, 8, 11], "R": [[-0.15152577743390738, -0.28407631869383904, -0.9467526519267884], [-0.9884533028962192, 0.04346800762473646, 0.14515715726994288], [-8.225937661499039e-05, 0.9578158369282126, -0.28738269913636544]], "T": [-0.017995047461574085, -0.19260392495266654, -0.0035511936878385233], "aligned_model": [[0.5137625217827525, -0.06154395761817456, -0.2888181712906313, -0.7906726199451622, 0.3530485915655449, 0.5117012292550158, 0.5117012292550158, -0.21420144495687848, 0.7551656783980234, -0.3438523028102222, 0.33362507450208795, -0.1306022214404584], [0.49056680350985626, -0.6297000570292723, 0.5101789542892263, -0.17866792200238601, -0.45213174972609677, -0.1564657477706774, -0.1564657477706774, 0.009111807412611611, -0.09938632495334242, -0.3141504763924785, 0.06366555330050366, -0.12483567410362159], [-0.07472904228291924, -0.5918208590182937, 0.12315064868202688, -0.12595667141812694, 0.37363340664307176, -0.46392115592665467, -0.46392115592665467, -0.5795447233579647, 0.1713859280862309, 0.5211509379348437, 0.6454882360677371, -0.041623803785269746]], "inverted": true, "swapped": false, "error_lsq": 0.07693056601767352, "error_max": 0.4707685580214802, "target": "365.xyz", "model": "3.xyz", "model_rescale": 3.7530521520055578, "target_rescale": 3.7757450835995874},
{"mapping": [9, 1, 7, 6, 2, 5, 10, 4, 8, 0, 11], "R": [[0.030682020409097344, -0.8507099080853964, 0.5247392361058515], [-0.8362260417848935, 0.2657317302996021, 0.479700588443197], [-0.547525908669522, -0.4535187976228949, -0.7032325927730443]], "T": [-0.025719891924555136, -0.23573366401811885, -0.024170654540494198], "aligned_model": [[-0.46248333573108596, -0.20269895887438744, 0.30277237337515833, 0.5019728289620419, 0.3822062471467778, -0.11804583236028403, -0.18312577934839108, -0.5461940678587198, -0.4866999154145799, 0.16161675383663293, -0.011120711287957823], [-0.5668946186915185, 0.1339582694076598, -0.36988569777089364, 0.3223014015013049, -0.6756673997998639, 0.7630208749721432, -0.48415132407847544, -0.015672792091918075, 0.2525760008300952, 0.24060685809852234, -0.13298821406271], [-0.031085253196580433, -0.584442470082027, -0.6334008157649514, -0.2682038842537519, 0.061733969819307254, -0.12727016732050025, 0.707365124465037, 0.07411652374921276, 0.573860259481492, 0.35396167709073406, -0.03380418674265576]], "inverted": true, "swapped": true, "error_lsq": 0.0435857402862111, "error_max": 0.18802095121121154, "target": "365.xyz", "model": "4.xyz", "model_rescale": 3.7855080009869324, "target_rescale": 3.7757450835995874},
{"mapping": [9, 13, 1, 11, 8, 15, 14, 12, 10, 6, 5, 16], "R": [[0.7200091752493045, 0.4488391816972859, -0.529273253178476], [-0.07806931042253991, -0.7054507140433317, -0.7044462171279667], [-0.6895592580242581, 0.5485277377025378, -0.47289042139164805]], "T": [0.08260601092924574, 0.009080475085011391, 0.05647403639452419], "aligned_model": [[0.6977142975901813, -0.14314380178734054, -0.5218978114838257, -0.6450217112541747, 0.334655191641445, 0.6636664958303728, 0.26661318409238427, -0.32811470852081376, 0.7224335106937825, -0.331090668686217, 0.32683024780231645, 0.10666938077880236], [0.28218098872250064, -0.5478079917053198, 0.46479737774271823, -0.23004634397493218, -0.6472906862865763, -0.4106625406207959, 0.1528159688346484, 0.07701495684287349, -0.1533569633784224, -0.420095804289489, 0.36368311501911876, 0.030487341857321326], [-0.17584454741019462, -0.3482232535516018, 0.05539130400761076, -0.15756448961605196, 0.08742533661991575, -0.35034609626672597, -0.5784896370498139, -0.48181831894118843, 0.3650175879472741, 0.32244367106052213, 0.7418314136035474, 0.0134687752947334]], "inverted": false, "swapped": false, "error_lsq": 0.05234560849126881, "error_max": 0.25523492725167946, "target": "365.xyz", "model": "5.xyz", "model_rescale": 4.2253639853439635, "target_rescale": 3.7757450835995874},
{"mapping": [4, 7, 5, 11, 9, 0, 3, 6, 1, 8, 10, 13], "R": [[0.10155062440919027, -0.32817555286784306, -0.939142309334421], [-0.780889357870703, -0.6111765052603243, 0.1291320648873004], [-0.6163597013484777, 0.7202527930648117, -0.31833415248124564]], "T": [0.07239830990175906, -0.09593663004353953, -0.02197498588823367], "aligned_model": [[0.6523249561018851, 0.04988173869220773, -0.38385456896757464, -0.6840567193090695, 0.20047833912290425, 0.6235849014891016, 0.2560275325839253, -0.30932448340581836, 0.67062620125708, -0.14192784707632644, 0.12856256189846899, 0.08699099431012919], [0.2998510755228455, -0.3560767961919336, 0.2830702603202833, -0.273446543677648, -0.6471890073461857, -0.5685026472958123, 0.17143814299646615, 0.11505151573044559, -0.12926160848893076, -0.28828729658757923, 0.42291406777700263, -0.06784174399530836], [-0.11112928671604706, -0.7711153692638483, 0.1992225593758925, -0.06463419540322772, 0.20674482112085518, -0.362470727299565, -0.6526892730399446, -0.4947219367355399, 0.4019573409924221, 0.6584148987468628, 0.5578111855214728, -0.07409827160130618]], "inverted": false, "swapped": false, "error_lsq": 0.06127369795356763, "error_max": 0.33009463354115426, "target": "365.xyz", "model": "6.xyz", "model_rescale": 3.89814844738969, "target_rescale": 3.7757450835995874},
{"mapping": [8, 0, 10, 1, 6, 7, 4, 2, 8, 5, 9, 12], "R": [[-0.17843836325379536, -0.6558084997225687, 0.7335359310974072], [0.3423947722644929, 0.6575230014763735, 0.6711403150276752], [-0.9224562702075654, 0.3709160474030945, 0.10721807372646072]], "T": [0.19326409292406788, -0.09847145525872353, -0.15639918888240584], "aligned_model": [[0.7353583032648301, -0.0003056531834140508, -0.19377564698172978, -0.5464756533814323, 0.1744204903294642, 0.6547417905331734, 0.14491477337328995, -0.4230562473611982, 0.7353583032648301, -0.35702343042012397, 0.12232909127736308, 0.10282748598186071], [-0.10812382565267237, -0.6084050593910522, 0.5120140970916289, -0.499971186382085, -0.5379629895676619, -0.2626983235404159, 0.26887162832068373, 0.1005158723670202, -0.10812382565267237, -0.11843780542829457, 0.2834034957005132, 0.04063734089865356], [0.24823332485757682, -0.38771901128595054, -0.028292619350379328, -0.07652625430765038, 0.35728160785795354, -0.5938263826984083, -0.6838621644831804, -0.4429321295994988, 0.24823332485757682, 0.3907402728067046, 0.6480171376586934, -0.18605536061541092]], "inverted": false, "swapped": false, "error_lsq": 0.0640567904476536, "error_max": 0.4599765168730541, "target": "365.xyz", "model": "7.xyz", "model_rescale": 3.7474275329858107, "target_rescale": 3.7757450835995874},
{"mapping": [7, 3, 4, 2, 0, 6, 5, 8, 10, 1, 12, 14], "R": [[-0.8601901168195432, 0.25992934726650585, 0.4387592703927622], [0.47779588018538754, 0.109997458262313, 0.8715570297196287], [0.1782808453083269, 0.9593421149962296, -0.2188118977357253]], "T": [0.10745574766985239, 0.05368626293610411, 0.06430876769106297], "aligned_model": [[0.7026332925368723, -0.004670823048800288, -0.5779129672175598, -0.6772860875011333, 0.2655406695414701, 0.6317857142265852, 0.314244132344401, -0.2828433032461793, 0.8073290668070034, -0.27332122181468255, 0.19187178250184686, 0.05194335156708952], [0.20620435689796057, -0.4322470573738856, 0.4198910020646188, -0.23087860808392835, -0.5813443917782208, -0.43465908459062313, 0.04488730163516495, 0.24138131059247975, -0.08450139051466744, -0.4635100543493079, 0.21609810062605572, 0.060397933637998946], [-0.22959521837296776, -0.4508911714937124, -0.02728631699648587, -0.0442848884941488, 0.14149984668923424, -0.32752666475138464, -0.6213898587226138, -0.46261393612406054, 0.32188374567219247, 0.4545890374286371, 0.6534937529382872, 0.08541341792504885]], "inverted": false, "swapped": false, "error_lsq": 0.05565497571406067, "error_max": 0.2764310823700149, "target": "365.xyz", "model": "8.xyz", "model_rescale": 4.019505241142653, "target_rescale": 3.7757450835995874},
{"mapping": [9, 5, 0, 3, 6, 11, 8, 4, 10, 2, 1, 12], "R": [[0.20284700256003263, -0.6368519313969571, -0.7438230374412823], [0.7208870677666807, 0.6112096748765041, -0.32671787349962217], [0.6627027456402811, -0.4699386670761656, 0.5830803719106907]], "T": [0.12192389013417569, -0.053933241595088395, -0.01130698318149187], "aligned_model": [[0.6865850506313484, -0.10791109183225812, -0.3638092038480668, -0.6824976541556045, 0.32949957170606853, 0.5298314670955802, 0.3243760353770687, -0.472809507965815, 0.7942546685235291, -0.2842855940488988, 0.27507618957044977, 0.12100367564351165], [0.2986419703705494, -0.552561930517301, 0.37328020596098355, -0.3353068686439698, -0.7038431790325682, -0.2987886994710942, 0.2285646452264719, 0.1699409840631899, -0.2003489780127636, -0.26976328648486386, 0.3301701730364633, -0.07826561773145213], [-0.16683368559562478, -0.3974028660786832, 0.05348583824791464, -0.12174098530750793, 0.23887544547182532, -0.41243880365799895, -0.5903967898729974, -0.544005009753268, 0.5926081720989698, 0.36069222232741255, 0.5228411631377858, -0.042392955319801306]], "inverted": true, "swapped": false, "error_lsq": 0.05059873093743747, "error_max": 0.28292953675070037, "target": "365.xyz", "model": "9.xyz", "model_rescale": 3.877068213659057, "target_rescale": 3.7757450835995874},
{"mapping": [0, 10, 3, 13, 9, 11, 12, 6, 8, 2, 7, 15], "R": [[-0.128911219658098, 0.4727974538684335, -0.8716905787386877], [0.3618962370768983, -0.7959692464889957, -0.4852464036273963], [-0.9232621572640369, -0.3780152460672281, -0.0684942530792908]], "T": [0.01400363289068847, -0.015107344184006125, -0.006621489373386143], "aligned_model": [[0.7191757124527907, 0.06788485671257564, -0.3565080283269516, -0.7280249933772718, 0.16978281067027762, 0.6026828428221569, 0.24812789959855347, -0.31962787604224724, 0.6454877503740377, -0.2144402373310363, 0.22261928422141575, 0.09215358492261272], [0.28628986845313215, -0.5588953654067319, 0.4782343472792078, -0.22678937615060196, -0.6214036190476506, -0.266912491500334, 0.27967289382951266, -0.024640389106141233, -0.24639559715166492, -0.3193336657107316, 0.16283046604850177, 0.019062347227146982], [-0.2202990362855833, -0.458951215517939, -0.1552701593781484, 0.04052435991420358, 0.2026223367157876, -0.37364496524811647, -0.6519784872658145, -0.5251807554428422, 0.37160660214486935, 0.5370834870595524, 0.7622115322420521, -0.03543195323999432]], "inverted": false, "swapped": false, "error_lsq": 0.04638853605399998, "error_max": 0.2531743371236774, "target": "365.xyz", "model": "10.xyz", "model_rescale": 4.260839863003843, "target_rescale": 3.7757450835995874},
{"mapping": [0, 10, 2, 9, 7, 6, 5, 4, 0, 8, 1, 11], "R": [[-0.45360961459680954, -0.2437910768949435, 0.8572072260379854], [0.679198575733475, 0.5281761048786213, 0.5096266250470698], [-0.5769987974571117, 0.8133854640093168, -0.07400320716965972]], "T": [0.0076203272471565, -0.049834754740619054, -0.04346164255728543], "aligned_model": [[0.8678155524795073, -0.08118439938554556, -0.4009444230969791, -0.7348568193411988, 0.37186327053082086, 0.6853976791409135, 0.2444708002165334, -0.44034202596243266, 0.8678155524795073, -0.4438451729830901, 0.16736256410581257, 0.04576102851306445], [-0.00703662243075049, -0.5886381629748003, 0.45938993714495047, -0.28999027271387257, -0.47391814948960614, -0.3374805782439651, 0.16016581595268153, 0.14598414408126564, -0.00703662243075049, -0.3412260805227456, 0.29291099277106103, -0.05140498237982249], [0.12466558252324755, -0.35190677519050095, 0.16659117006784974, -0.20712677365802812, 0.2987166470060258, -0.4448754890239908, -0.6404645872824922, -0.5885190226305516, 0.12466558252324755, 0.4328611517949592, 0.573197431378503, 0.005486828189757695]], "inverted": true, "swapped": false, "error_lsq": 0.06192236267247364, "error_max": 0.4067056037074226, "target": "365.xyz", "model": "11.xyz", "model_rescale": 3.890672605050136, "target_rescale": 3.7757450835995874},
{"mapping": [11, 5, 0, 3, 12, 9, 6, 8, 10, 4, 2, 13], "R": [[0.6398666863176504, -0.757963768717913, -0.12673416686832223], [-0.09166749532834506, -0.23901698156350318, 0.9666788260971169], [-0.7629991441942103, -0.6069281735388548, -0.22241964419468985]], "T": [0.10316091822784353, 0.01566592680349821, -0.12987032588007824], "aligned_model": [[0.5812621149357127, 0.15531143336277167, -0.3783774557710786, -0.7858667970053224, 0.283604041110758, 0.7127747715481388, 0.2131158655977171, -0.4327097529544384, 0.6003401004047253, -0.16097317945483153, 0.32068170925891504, 0.04015075566384575], [0.22754325508065865, -0.6434514938170386, 0.34171886806480445, -0.1259516700397367, -0.6628063791758002, -0.2718655486001389, 0.3601768583641037, -0.05982468186817348, -0.29384953316126305, -0.039269514761162, 0.24411208320273722, -0.1148128245253458], [0.04127115758868216, -0.5395247307639407, -0.027377332907187482, 0.07661777017797342, 0.1196246764114853, -0.5191221935873385, -0.5785132479525092, -0.6056169365954505, 0.5458171353734891, 0.5168694359458019, 0.5073589835229964, -0.044112971515975374]], "inverted": true, "swapped": false, "error_lsq": 0.05801444988229403, "error_max": 0.30066455764535316, "target": "365.xyz", "model": "12.xyz", "model_rescale": 4.124412569039231, "target_rescale": 3.7757450835995874},
{"mapping": [0, 9, 2, 11, 7, 3, 6, 8, 5, 10, 4, 12], "R": [[0.5775862380728357, 0.7167972200051796, -0.39063523008263845], [-0.05564737810683845, -0.44284102644832374, -0.8948716078879864], [-0.8144307870523464, 0.5386033519084721, -0.21589099660304165]], "T": [0.23491520789143375, -0.0756808194694999, -0.09645685829325693], "aligned_model": [[0.7395935427558595, 0.038121768152049096, -0.42568412695013, -0.7503804881942985, 0.2649115125515802, 0.7633517946896228, 0.18234889983780264, -0.36925197728742953, 0.6144917329363851, -0.2675034375058757, 0.2154955515371957, 0.14381883417415153], [0.18813733575252045, -0.5442002934117287, 0.4172352371218962, -0.19532055405062454, -0.6534544098144643, -0.21681558952967417, 0.0829381312119804, 0.0684646933967828, -0.252766974238849, -0.2812012514764765, 0.4146542630852817, -0.06595116928299867], [0.015199546304714373, -0.48427526504160945, 0.1546164250528453, -0.022757560326551837, 0.14511212672483073, -0.5542659082027893, -0.7442914255451106, -0.45576202715672876, 0.534659640061855, 0.4034896679296077, 0.5179295343885846, -0.01636300849162088]], "inverted": true, "swapped": false, "error_lsq": 0.04583038223457295, "error_max": 0.24973405848936417, "target": "365.xyz", "model": "13.xyz", "model_rescale": 3.9028299243045295, "target_rescale": 3.7757450835995874},
{"mapping": [6, 10, 11, 13, 4, 7, 9, 14, 3, 5, 2, 15], "R": [[-0.8839777211547026, -0.4214013901075253, -0.20249507874905093], [-0.2584501493456779, 0.8013732391104831, -0.5394482847695129], [0.3895983942540522, -0.42452538210691004, -0.8173073419110135]], "T": [0.0699018564504704, -0.03887146231706427, 0.17603488630282854], "aligned_model": [[0.577979737326676, -0.04721005879352018, -0.22961462178688283, -0.6578827253333204, 0.28030520406314896, 0.5720207572323213, 0.28286934308593026, -0.40929796376254957, 0.6684893304975582, -0.26474365833894964, 0.2588153590939216, 0.1175829034125796], [0.34993589677881376, -0.5447861166408655, 0.5192269949571758, -0.2920904703934736, -0.6825902794499612, -0.3477937260488326, 0.2064607141129287, 0.03372216904473248, -0.1677751240899556, -0.3956838954666148, 0.3108195854494917, -0.027726329489793845], [-0.011298951341282976, -0.3584627880581432, -0.2043237334106368, -0.0210972730771829, 0.20286378238729263, -0.5117671202990977, -0.5277423720026386, -0.5643355275958291, 0.29336487877541906, 0.327028596888317, 0.7958555290590177, 0.07320672437279105]], "inverted": false, "swapped": false, "error_lsq": 0.050014283263470634, "error_max": 0.2820043325832397, "target": "365.xyz", "model": "14.xyz", "model_rescale": 3.942246331269136, "target_rescale": 3.7757450835995874},
{"mapping": [2, 8, 3, 13, 6, 7, 0, 12, 9, 4, 10, 14], "R": [[0.014028854996533752, -0.7810516502947493, 0.6243088264627811], [-0.23728246615217086, 0.6039346523784681, 0.7608941890389511], [-0.9713393961351667, -0.15881201222938895, -0.17685735010856152]], "T": [0.044249790883293116, -0.049388701540152846, 0.027120820932691712], "aligned_model": [[0.631726357474665, 0.11214461777199897, -0.3310855945684947, -0.7224286236502615, 0.3439091165513298, 0.7849661981886888, 0.32137683790275234, -0.5790888110715753, 0.7621731389290225, -0.36128716874388617, 0.1265328239251429, 0.06037471398753081], [0.27434008602357174, -0.6462391394919774, 0.5551003964291167, -0.3058438971027642, -0.5149368343826408, -0.33634861341438427, -0.011067186774301435, 0.18110748739735866, -0.0546185322661088, -0.012845876836947628, -0.15272004099681136, -0.014208429820465912], [-0.33718519665145513, -0.46073240851880964, 0.12843325533589486, -0.058697521294212164, 0.10623222267398078, -0.2890638103427065, -0.6529156076390302, -0.4486908564786361, 0.3914297850466015, 0.44886526163305124, 0.7282289814918802, -0.062612359558532]], "inverted": true, "swapped": false, "error_lsq": 0.06487561843598634, "error_max": 0.42278554507814875, "target": "365.xyz", "model": "15.xyz", "model_rescale": 4.355366556412066, "target_rescale": 3.7757450835995874},
{"mapping": [5, 10, 4, 8, 9, 7, 3, 6, 9, 1, 0, 11], "R": [[-0.3886898597282278, 0.1663102927420801, 0.9062345609567617], [-0.8663593267959198, -0.40073806542937596, -0.29804449296982877], [0.31359481790707544, -0.9009716363149094, 0.29984729569876634]], "T": [0.02331664796835814, -0.07427236114613449, -0.008236896396808059], "aligned_model": [[0.5660629246798019, -0.13481753897971027, -0.21040178735801157, -0.6582413577703088, 0.5608868665712974, 0.7229438418387006, 0.26914350945948556, -0.4822481418871896, 0.5608868665712974, -0.11850699065206344, 0.11125463008365687, -0.0376492158600429], [0.26153002509725193, -0.5775808348573238, 0.6542284995282167, -0.424239716810435, -0.47122667948741676, -0.3316721333705739, 0.21581806747128185, 0.12158177521160983, -0.47122667948741676, -0.3680484188531719, 0.33784919043600864, 0.01470632388561452], [0.08354065219821066, -0.3530701282612499, -0.10306263194400203, -0.0021008882677329213, 0.31331719618079934, -0.5029370749248474, -0.5434319134075208, -0.6264127318428308, 0.31331719618079934, 0.4255590773643403, 0.5630220611780046, -0.07444906875594365]], "inverted": false, "swapped": false, "error_lsq": 0.05839506438537372, "error_max": 0.31683793596705395, "target": "365.xyz", "model": "16.xyz", "model_rescale": 3.795458400668931, "target_rescale": 3.7757450835995874},
{"mapping": [8, 0, 10, 1, 6, 7, 4, 2, 8, 5, 9, 12], "R": [[-0.17843836325379536, -0.6558084997225687, 0.7335359310974072], [0.3423947722644929, 0.6575230014763735, 0.6711403150276752], [-0.9224562702075654, 0.3709160474030945, 0.10721807372646072]], "T": [0.19326409292406788, -0.09847145525872353, -0.15639918888240584], "aligned_model": [[0.7353583032648301, -0.0003056531834140508, -0.19377564698172978, -0.5464756533814323, 0.1744204903294642, 0.6547417905331734, 0.14491477337328995, -0.4230562473611982, 0.7353583032648301, -0.35702343042012397, 0.12232909127736308, 0.10282748598186071], [-0.10812382565267237, -0.6084050593910522, 0.5120140970916289, -0.499971186382085, -0.5379629895676619, -0.2626983235404159, 0.26887162832068373, 0.1005158723670202, -0.10812382565267237, -0.11843780542829457, 0.2834034957005132, 0.04063734089865356], [0.24823332485757682, -0.38771901128595054, -0.028292619350379328, -0.07652625430765038, 0.35728160785795354, -0.5938263826984083, -0.6838621644831804, -0.4429321295994988, 0.24823332485757682, 0.3907402728067046, 0.6480171376586934, -0.18605536061541092]], "inverted": false, "swapped": false, "error_lsq": 0.0640567904476536, "error_max": 0.4599765168730541, "target": "365.xyz", "model": "17.xyz", "model_rescale": 3.7474275329858107, "target_rescale": 3.7757450835995874},
{"mapping": [8, 9, 1, 7, 6, 5, 10, 11, 4, 2, 0, 13], "R": [[-0.20420168360792734, -0.9396178383925717, 0.2746270019247183], [-0.43578688427283696, -0.1639538754387177, -0.8849909142044333], [0.8765794110675091, -0.30039548016422735, -0.37599347280164636]], "T": [0.0394592489371517, -0.04078431112116522, -0.1347272954266182], "aligned_model": [[0.6402541701627578, 0.10986980451983988, -0.42186540831398, -0.6346174443769438, 0.21592225244211083, 0.5765990067593516, 0.31345341397869164, -0.40660838494344725, 0.75837448164618, -0.289321559338696, 0.2548832876475765, 0.03236998651347212], [0.351074601990792, -0.703576027751338, 0.3960401835102322, -0.3348473368810239, -0.5512943459024455, -0.32524017038887254, 0.19593993478711186, 0.27653141837141343, -0.2997165842085443, -0.22235847076118492, 0.2319007580184566, -0.05273454202095146], [-0.08628654746652392, -0.07578953261667526, 0.13891907913702717, -0.29772064022323497, 0.41594422575634293, -0.5268824705362583, -0.7223736171081239, -0.6059714525541213, 0.18983516104876075, 0.4675738987197853, 0.6257841952129896, -0.0297405536719417]], "inverted": false, "swapped": false, "error_lsq": 0.06631526413766364, "error_max": 0.46135223031688, "target": "365.xyz", "model": "18.xyz", "model_rescale": 3.922800546911778, "target_rescale": 3.7757450835995874},
{"mapping": [3, 11, 1, 6, 13, 7, 9, 10, 12, 8, 5, 14], "R": [[-0.017118021313797013, 0.8972693421680873, 0.4411515623360624], [-0.15626927655527822, 0.43339312841768474, -0.8875529896548277], [-0.9875661428740814, -0.08413158649152275, 0.13279679816633028]], "T": [0.027067388003846587, -0.04070829056981565, 0.006631798710135216], "aligned_model": [[0.5851034386504123, 0.10199564198420212, -0.43445483930525197, -0.6606480807876911, 0.18378124611151236, 0.7003941479278252, 0.2720004236590493, -0.41817028121974353, 0.688201799508401, -0.22022396253875334, 0.2445335868467414, 0.10680048586020932], [0.26167180993638206, -0.5230388987045954, 0.5097608698480083, -0.08410385258820657, -0.7065071753762202, -0.2978045574165029, 0.16624898129263432, -0.09844022724238113, -0.2129002109887321, -0.27665928475670953, 0.2823986377261781, -0.05890667296620958], [-0.0728117950010678, -0.5120073378584367, 0.18541647664532837, 0.03716098302703641, 0.06961083083785133, -0.3379601382274974, -0.7416460117205649, -0.663466021503963, 0.39633075564161774, 0.5141401930354431, 0.6630189447098609, -0.044495133887581154]], "inverted": false, "swapped": false, "error_lsq": 0.047689297214789955, "error_max": 0.30859016882831847, "target": "365.xyz", "model": "19.xyz", "model_rescale": 3.9282355846067225, "target_rescale": 3.7757450835995874},
{"mapping": [1, 6, 11, 8, 7, 5, 3, 4, 2, 9, 10, 13], "R": [[-0.4455592320500204, 0.7309684509609553, 0.5168772527735556], [0.6913148081096536, 0.6477620389078165, -0.3201377469751135], [-0.5688240561221979, 0.21468457012494008, -0.7939456710172056]], "T": [0.03357650156781926, -0.158798109396302, -0.020942607927503645], "aligned_model": [[0.6168626982006847, 0.07397530229136921, -0.349844954563311, -0.6807862026335899, 0.2522272988601257, 0.6026262667921497, 0.26437651993991557, -0.34384805098618043, 0.7962247695636625, -0.49824999625510286, 0.2847059293494048, 0.13104402613778462], [0.2894049872052395, -0.6134876452868572, 0.41712021476986694, -0.3542565041973553, -0.6647225724451519, -0.35895079756739967, 0.1374221532603508, 0.15850393585702927, -0.1290780405245272, -0.1914962134063696, 0.3036984448858779, -0.03243854378705846], [-0.16374314476461793, -0.4883497290850603, 0.16525417559431288, -0.19444627323758162, 0.2694537469252983, -0.3728110753476603, -0.6731235465117441, -0.4162120908720869, 0.28921952256085115, 0.42009733974768976, 0.6611609742142921, -0.003208153525666259]], "inverted": true, "swapped": false, "error_lsq": 0.051173995206492406, "error_max": 0.252504513494084, "target": "365.xyz", "model": "20.xyz", "model_rescale": 4.067790424073018, "target_rescale": 3.7757450835995874},
{"mapping": [6, 8, 10, 9, 0, 4, 5, 1, 2, 12, 3, 14], "R": [[0.7659935209012276, 0.5764408606832886, 0.28455203403253], [0.17407235859039985, 0.24011433257334852, -0.9550099063714632], [-0.6188317541239428, 0.781064044382767, 0.08358360281968748]], "T": [0.10840062589721251, -0.03392663006471388, -0.06086605149494057], "aligned_model": [[0.729260903500829, 0.14925188190966296, -0.5747917880301866, -0.6587107341794285, 0.17191223609517153, 0.7834881967208404, 0.23693230536224275, -0.48207797408567704, 0.7226807832617472, -0.34802036386276647, 0.37942724154302304, 0.0399609184614554], [0.3591047679311536, -0.43886937412480403, 0.4159505514204602, -0.13964879193479873, -0.6688923130495743, -0.23153688609179157, 0.06801900508152886, -0.12647945687702475, -0.33695617844460035, 0.015826047417357457, 0.043201648102508323, 0.0020003993332307554], [0.02640214763135116, -0.46026615870617177, -0.10718525577003048, 0.005563499156647535, 0.25097186525443616, -0.445156895997701, -0.6279223235759518, -0.6230707281831696, 0.2299172228105406, 0.5525004116309574, 0.741842375624993, -0.05030441417787456]], "inverted": true, "swapped": false, "error_lsq": 0.0657340501550729, "error_max": 0.35595165331344814, "target": "365.xyz", "model": "21.xyz", "model_rescale": 4.186013935880536, "target_rescale": 3.7757450835995874},
{"mapping": [9, 4, 0, 3, 11, 10, 7, 6, 8, 5, 2, 12], "R": [[0.41444060086654144, -0.8997778286354153, -0.13652416434286574], [0.3791344562369342, 0.034324212954762456, 0.92470477045323], [-0.8273427659968418, -0.43499621550212814, 0.35536212523498034]], "T": [0.14740638386890698, -0.019917328831533743, -0.0363691778157858], "aligned_model": [[0.7675055376082345, 0.0269362893765102, -0.2788603429429766, -0.6284904480145395, 0.2401110115576154, 0.656954302721007, 0.21840993923893284, -0.3187684059230796, 0.5942482181729029, -0.3864039519306965, 0.13860066576067856, 0.119070791072324], [0.01023169368340869, -0.49076228491811225, 0.561786237402517, -0.5195683258017381, -0.6179101401975063, -0.2655837648231889, 0.24211994000769183, 0.0007510840332952649, -0.17622936240190784, -0.04249002792769416, 0.3145672391737838, -0.05519286946690358], [-0.03202910736754838, -0.5761914934246228, 0.004935539227694297, -0.010453116454152561, 0.1446734367023923, -0.6498089493162302, -0.7179986260829134, -0.33986008556961106, 0.5665960400704129, 0.5231625681681977, 0.6252513599246068, -0.044985820180198824]], "inverted": true, "swapped": false, "error_lsq": 0.05682529429198114, "error_max": 0.3056365473681639, "target": "365.xyz", "model": "22.xyz", "model_rescale": 4.166573947596378, "target_rescale": 3.7757450835995874},
{"mapping": [7, 6, 9, 11, 1, 5, 13, 12, 0, 3, 8, 15], "R": [[0.9517802220180742, -0.30571038512944304, 0.025604089502126365], [0.10917934294060141, 0.25954834450918335, -0.9595387058048263], [0.28669544825525894, 0.9160654001142875, 0.280410239939925]], "T": [-0.008224292066696573, -0.041721420490760275, -0.015287646521439484], "aligned_model": [[0.6587952788737984, 0.007024333570799093, -0.3612255873504496, -0.7930126556172906, 0.3945337317345442, 0.6855586866710789, 0.4341969733885974, -0.4355627160001653, 0.6961078745777719, -0.3730202665481164, 0.19622820542667485, 0.03968974796967037], [0.21551762192786622, -0.6681760760061184, 0.41611975183040634, -0.11941825919897353, -0.6292493560938304, -0.2224212762376993, 0.2564132866441275, -0.14129683645879013, -0.2432467020097204, -0.16101996976021143, 0.3484312660180931, -0.08993403189150437], [-0.03268347039160297, -0.447062675866775, 0.14664046326085384, -0.0024910408490572515, 0.011093407605630386, -0.4360901200741982, -0.6727009557647762, -0.5019579283284032, 0.34535001481834215, 0.44744165356708937, 0.6629889915104429, -0.0272365937895191]], "inverted": true, "swapped": false, "error_lsq": 0.04933931157279872, "error_max": 0.3169714714732826, "target": "365.xyz", "model": "23.xyz", "model_rescale": 4.274766983524099, "target_rescale": 3.7757450835995874},
{"mapping": [2, 9, 10, 0, 4, 5, 6, 1, 7, 3, 11], "R": [[0.9128650533937634, -0.26713781575688017, 0.3087309211676809], [0.4054798632102054, 0.5051222177888008, -0.7618645717101935], [0.04757598998901369, 0.8206637146168745, 0.5694274253035227]], "T": [-0.03034149166770426, 0.126544367849671, -0.07092143935142181], "aligned_model": [[0.3905980208771962, 0.018789644747464352, -0.3613760209421718, -0.5043422892743052, -0.4570928336995149, -0.6928375245316842, -0.04771466983411003, -0.024094544457897365, 0.5617538857421984, 0.5852304086546488, -0.08901937332374897], [0.051421354042883616, 0.6716825183060344, 0.45877155359930716, -0.26616412339228285, 0.4346176541454817, -0.376352895996425, -0.6435258655482836, 0.012864491211771523, -0.1169286795493227, 0.6339971961103319, 0.055203328313987415], [-0.5004461660878137, -0.04111835608673284, -0.7046988298188367, -0.23242269895966983, 0.1570142246600884, 0.49904133699635456, 0.16594343255884858, 0.6138676408527525, 0.2243907092428976, 0.22064722341263737, -0.02265208274894831]], "inverted": true, "swapped": true, "error_lsq": 0.06275847609466846, "error_max": 0.38928320672308814, "target": "365.xyz", "model": "24.xyz", "model_rescale": 3.7841303162186577, "target_rescale": 3.7757450835995874},
{"mapping": [4, 11, 0, 10, 12, 3, 6, 7, 5, 9, 2, 15], "R": [[-0.011947259648495634, 0.7905414018772103, -0.6122920503361992], [-0.04345879083441084, 0.6113466301250509, 0.7901687359886844], [0.9989837818934312, 0.03604982320011385, 0.0270520565047868]], "T": [-0.028725919625632756, -0.05240787020863068, -0.004017227571089486], "aligned_model": [[0.6175766487410536, -0.09020513601232785, -0.4568718476488126, -0.7625208567558102, 0.32430939760241917, 0.6601899235695065, 0.33655380790541395, -0.4167961954948457, 0.7691146313416611, -0.18457083396619087, 0.33888610312657796, 0.01364796428826838], [0.3196185163208936, -0.46419936408454343, 0.5226454663645096, -0.3073573865133006, -0.5834500175551182, -0.3184146007715043, 0.12235412812776321, 0.08930018248681308, -0.21339933801088323, -0.26930151618079257, 0.11111054866021759, -0.047187200080409455], [-0.028383201936278774, -0.6490564827227493, -0.16934923827942738, -0.04645352872155038, 0.40650951815865705, -0.3259446540558987, -0.6023945473579807, -0.5061385763388127, 0.32289399580731426, 0.5163770628829952, 0.6338825728254006, -0.05865117456364263]], "inverted": true, "swapped": false, "error_lsq": 0.04901758665094367, "error_max": 0.2589517908079574, "target": "365.xyz", "model": "25.xyz", "model_rescale": 4.19342608120988, "target_rescale": 3.7757450835995874},
{"mapping": [5, 10, 4, 8, 9, 7, 3, 6, 9, 1, 0, 11], "R": [[-0.3886898597282278, 0.1663102927420801, 0.9062345609567617], [-0.8663593267959198, -0.40073806542937596, -0.29804449296982877], [0.31359481790707544, -0.9009716363149094, 0.29984729569876634]], "T": [0.02331664796835814, -0.07427236114613449, -0.008236896396808059], "aligned_model": [[0.5660629246798019, -0.13481753897971027, -0.21040178735801157, -0.6582413577703088, 0.5608868665712974, 0.7229438418387006, 0.26914350945948556, -0.4822481418871896, 0.5608868665712974, -0.11850699065206344, 0.11125463008365687, -0.0376492158600429], [0.26153002509725193, -0.5775808348573238, 0.6542284995282167, -0.424239716810435, -0.47122667948741676, -0.3316721333705739, 0.21581806747128185, 0.12158177521160983, -0.47122667948741676, -0.3680484188531719, 0.33784919043600864, 0.01470632388561452], [0.08354065219821066, -0.3530701282612499, -0.10306263194400203, -0.0021008882677329213, 0.31331719618079934, -0.5029370749248474, -0.5434319134075208, -0.6264127318428308, 0.31331719618079934, 0.4255590773643403, 0.5630220611780046, -0.07444906875594365]], "inverted": false, "swapped": false, "error_lsq": 0.05839506438537372, "error_max": 0.31683793596705395, "target": "365.xyz", "model": "26.xyz", "model_rescale": 3.795458400668931, "target_rescale": 3.7757450835995874},
{"mapping": [3, 11, 6, 8, 9, 4, 10, 5, 2, 1, 0, 12], "R": [[-0.1415186267708461, -0.2608220207118069, 0.9549577748721164], [0.6664855973867364, 0.6881751696938139, 0.2867261486033941], [-0.7319627222426969, 0.677042693874397, 0.07644451529286173]], "T": [0.08683846561024008, -0.1632157245670487, -0.038703047258224745], "aligned_model": [[0.7389679220863001, 0.009194478060171707, -0.5759073594754098, -0.6148838906509327, 0.36483821067986355, 0.649351875674849, 0.2203245683796732, -0.37294306005995737, 0.524178548403249, -0.231329981571226, 0.35204817991788506, 0.08547411525244764], [0.18083583550789673, -0.6529383081065078, 0.2762235716455339, -0.321432423561351, -0.44196716556508164, -0.38777560129879884, 0.07543206444012979, 0.30885850927895864, -0.24303571778441985, -0.24132470874973977, 0.41035483416023655, -0.0015114712032114896], [-0.0008579041868618173, -0.5541812661017532, 0.18231287061104826, -0.1540500064239792, 0.132726430948275, -0.6149102217157211, -0.6966659046283392, -0.4028559468365821, 0.7210319950852131, 0.4542685506653391, 0.5016244586963038, -0.07515131041491593]], "inverted": true, "swapped": false, "error_lsq": 0.06720383830528971, "error_max": 0.3698160755565494, "target": "365.xyz", "model": "27.xyz", "model_rescale": 3.6321398670334006, "target_rescale": 3.7757450835995874},
{"mapping": [6, 11, 1, 5, 8, 9, 13, 2, 12, 3, 7, 14], "R": [[-0.8334202976550392, -0.44203808569195274, 0.33168198361439455], [-0.5014300900627605, 0.8571711756221968, -0.11758163318355772], [-0.23233267578245959, -0.2643102466425673, -0.9360350534480574]], "T": [0.11671622389896084, -0.19185055305084897, 0.006322460286781094], "aligned_model": [[0.6497280050142538, 0.005516648680176053, -0.317544268287993, -0.7576613991425939, 0.29160019742514254, 0.6330089784231937, 0.2789168721722558, -0.4548367014147042, 0.8415344204141749, -0.36594835792131264, 0.24593435902598837, 0.09906485230833191], [0.35020259821719335, -0.413428847785974, 0.3112164503353143, -0.14760206241828489, -0.5001195654455866, -0.34927202632750365, 0.1868921635550828, -0.03320960639794307, -0.13564458321413686, -0.1835690827055958, 0.02312652181588365, -0.1468725408648039], [-0.15487387817490356, -0.5861837001808962, -0.06856820118656334, -0.06767189740178009, 0.3823748869448601, -0.3876730125265708, -0.6984627809262649, -0.5243412442784333, 0.4000091400399784, 0.49471410504274327, 0.7397901929375726, -0.035821864591715616]], "inverted": true, "swapped": false, "error_lsq": 0.04939058449625768, "error_max": 0.24667274659913477, "target": "365.xyz", "model": "28.xyz", "model_rescale": 4.156811204709835, "target_rescale": 3.7757450835995874},
{"mapping": [6, 1, 5, 8, 9, 7, 0, 2, 10, 11], "R": [[0.44566877515264663, -0.5905677216460321, 0.672762297549257], [0.5320592331276031, 0.7791257123065048, 0.3314756354040954], [-0.719925215072793, 0.2102210516877334, 0.6614490109824768]], "T": [-0.17317387334691117, -0.05219235972118624, 0.15307094972752594], "aligned_model": [[-0.6259828993217371, -0.1946009848356651, 0.06737535333145914, 0.5971788456042565, 0.13479762920726837, -0.7601421657773813, -0.06754807200777277, -0.5801236257109591, 0.24090477815598196, -0.16893348453486237], [0.026977135931923635, -0.5984532419503117, -0.10754217880758393, 0.293420883552863, -0.2907731414621868, -0.44230871390605264, 0.4058168242245306, 0.18127686424320674, 0.49595149733243077, -0.045645598532615614], [-0.5088286923512508, -0.2747586314239358, -0.8245469127514737, -0.15628007976025093, 0.5387009013895911, 0.13455663780169103, -0.2759397140013842, 0.5367492678733778, 0.5399943601522597, 0.049139590046474974]], "inverted": false, "swapped": true, "error_lsq": 0.06908221317890981, "error_max": 0.3804084914321469, "target": "365.xyz", "model": "29.xyz", "model_rescale": 4.117894457231895, "target_rescale": 3.7757450835995874},
