[{"mapping": [2, 5, 1, 0, 4, 9, 8, 7, 6, 12, 11, 13], "R": [[-0.7202169347128567, 0.2724923016178262, -0.6379933483288334], [0.6787611812820246, 0.08665276329438976, -0.7292287414783354], [-0.14342533157516885, -0.9582480076537943, -0.24736598410065758]], "T": [-0.01356986320453592, -0.16186605265779486, -0.08951286241953457], "aligned_model": [[-0.024234615445858934, -0.589855557481687, 0.07163305666832108, 0.4717787681833514, -0.23924707751267657, 0.623396081959568, -0.340880753945239, 0.19576751633227604, -0.6688453257529973, 0.48467434004605703, -0.06853078076863911, 0.037616536386670354], [0.4873034365801423, -0.6370670596554551, -0.556227569631758, 0.008146162395316153, 0.7156814422389006, 0.17198310041080878, 0.1003613707484135, 0.31535079774975217, 0.22895202459267194, -0.456543685074782, -0.4381176531166443, -0.09550350198501988], [-0.5014879620455807, 0.030820266690901904, -0.5021429265182449, -0.6647910449740845, 0.21443518536780012, 0.05035242798806516, 0.5697924468560458, 0.45806034884196467, -0.040303281403217886, -0.09564595738917032, 0.5490215466984995, 0.05018619491619675]], "inverted": true, "swapped": false, "error_lsq": 0.05380501321797026, "error_max": 0.313769402075785, "target": "366.xyz", "model": "0.xyz", "model_rescale": 3.8414455957264533, "target_rescale": 3.766791017746102},
{"mapping": [1, 13, 0, 3, 10, 5, 8, 6, 12, 7, 9, 14], "R": [[-0.053792794851216824, -0.9965544839972194, 0.06313078208869793], [0.4480189020870551, -0.08058852760949661, -0.890384497051944], [0.8924042797940879, -0.01961248690934353, 0.4508103279234252]], "T": [0.06362137978988294, -0.0764169894866259, 0.0017743459372429674], "aligned_model": [[-0.04883671371596912, -0.5566616944216655, -0.008597807466207363, 0.4278496234953493, -0.04499196996266508, 0.49477093056884913, -0.4776319350397745, 0.4029083249743626, -0.5957538726251005, 0.2910857397542065, 0.022859739008327322, 0.046271824099433305], [0.22145026141270385, -0.5051280187736172, -0.5769383830970853, 0.35775803614652785, 0.5820442197399134, 0.4173153702807401, 0.05202630786516191, 0.21911750752267367, 0.3075740373051597, -0.6771745526454483, -0.5396743455356361, -0.01405157496874751], [-0.8026671803500605, 0.08116428140572063, -0.5176292476559088, -0.5387871358978371, 0.15347562018978267, 0.07004737695343113, 0.5628889207362577, 0.6401871463168146, 0.00981870502543248, 0.01924767958070526, 0.5010145593623209, -0.06046348063748288]], "inverted": false, "swapped": false, "error_lsq": 0.04920709982515344, "error_max": 0.2509550220881542, "target": "366.xyz", "model": "1.xyz", "model_rescale": 4.316132596720782, "target_rescale": 3.766791017746102},
{"mapping": [2, 9, 1, 8, 4, 6, 5, 3, 0, 10, 7, 11], "R": [[0.20575161574952333, 0.7414265611007547, -0.6387119281106075], [-0.640006647468305, -0.39179776864991583, -0.6609735241878666], [-0.7403092352610776, 0.5447762503773971, 0.39390490376727033]], "T": [-0.027101187051698963, -0.06434217777241874, 0.002544225176672817], "aligned_model": [[-0.07951381234655121, -0.4574639745955241, -0.21229436125808115, 0.4327314038668143, -0.034189820899060544, 0.6792518154804762, -0.48640547343316176, 0.18406179197414213, -0.6457985979394368, 0.47516663533204173, 0.06490230947781904, 0.03282427300966845], [0.42942473711517226, -0.6630293150056372, -0.29222950543405746, -0.0994489720066799, 0.6989258935076681, 0.3519674457963818, 0.011063626209211808, 0.12164834097522423, 0.24731659160930947, -0.4400756119297765, -0.5661014698860811, 0.04485710430161062], [-0.6713790287752099, 0.0819991686415986, -0.45392934199168905, -0.609303482296888, 0.1107169286248983, 0.0645740255736988, 0.44876549221187084, 0.5957008082675346, -0.1523634370441533, -0.05899616516579287, 0.7375504082688265, 0.02496186871448124]], "inverted": false, "swapped": false, "error_lsq": 0.04525099559405535, "error_max": 0.2439770468171439, "target": "366.xyz", "model": "2.xyz", "model_rescale": 3.795458400668931, "target_rescale": 3.766791017746102},
{"mapping": [2, 8, 1, 0, 10, 4, 3, 5, 6, 7, 9, 11], "R": [[0.3652542204707726, 0.41685409167928245, -0.8323593098407255], [-0.7331831807198431, 0.6797739263546662, 0.018703811320023467], [0.573612916467039, 0.6034402002672687, 0.5539207044005272]], "T": [0.022843133122598554, 0.017344419982224267, -0.054609228225297235], "aligned_model": [[-0.360684418906412, -0.48868182780782543, -0.16835050570421745, 0.5820911767595444, 0.2224731011637868, 0.6046515851806512, -0.5205488743667757, 0.008143821241794077, -0.5662445811140232, 0.4342191431738537, 0.05845460390539159, 0.14774896514337824], [0.504059272799084, -0.5607221755890605, -0.2619853948267734, 0.008791610022387228, 0.7237698847107124, 0.21705096394407702, -0.08909186794177879, 0.34010878933586086, 0.007222687462596756, -0.6234769554000288, -0.4008106468723878, -0.020597302392343246], [-0.5059855460545288, 0.06681631464393731, -0.5853527529060826, -0.6017622409244694, -0.043578632449151736, 0.12586502128476926, 0.5202529016333287, 0.5694354077224882, -0.04158954746203536, 0.0038718783261288137, 0.7059384731187897, -0.09561403190399853]], "inverted": false, "swapped": false, "error_lsq": 0.056887551844238056, "error_max": 0.32077793907665253, "target": "366.xyz", "model": "3.xyz", "model_rescale": 3.7530521520055578, "target_rescale": 3.766791017746102},
{"mapping": [7, 6, 10, 1, 9, 8, 5, 4, 0, 2, 11], "R": [[-0.012610960538089855, -0.9797015119302159, -0.20006476750281646], [-0.8704462694995982, 0.1092239615615142, -0.4799931438417033], [0.4921018752133951, 0.16809245593558958, -0.8541549453518383]], "T": [-0.0731383748879974, -0.057588032038754455, 0.09453500450310533], "aligned_model": [[-0.3564417197711627, -0.2566042989579631, 0.3020507127967919, 0.5055773087659958, 0.4516063376118437, -0.2348511898719558, -0.3825006226374143, -0.6666498436754784, -0.31367977960898874, 0.4273351705429705, -0.1376424727494337], [-0.5648260802028857, 0.10642265768954234, -0.3396957271018244, 0.29536237036117674, -0.5113878693046117, 0.5122335104232709, -0.566276507910972, 0.016551675934865603, 0.4560249505649802, 0.21737050409566722, -0.15457612623486283], [-0.2510206020752894, -0.7357805046707859, -0.5289400980956669, -0.343041216280675, 0.22290997929298417, -0.11332991714393979, 0.3984620285533584, 0.16835946424625087, 0.643372556453294, 0.4740335471505647, 0.1578055398152215]], "inverted": false, "swapped": true, "error_lsq": 0.05825816323779606, "error_max": 0.303670519087936, "target": "366.xyz", "model": "4.xyz", "model_rescale": 3.7855080009869324, "target_rescale": 3.766791017746102},
{"mapping": [2, 10, 5, 1, 14, 12, 15, 13, 9, 6, 8, 16], "R": [[-0.6883286896924654, -0.3373778680143829, 0.642168038071285], [0.556248367724126, -0.8137055011296777, 0.1687338461469588], [0.4656085999533291, 0.47334927020686285, 0.7477627297773881]], "T": [0.07290497826352837, -0.09700560483656177, -0.065230220872862], "aligned_model": [[-0.13415162593221527, -0.5368051647154082, -0.23474243666721128, 0.5963106319763095, -0.12283433199431132, 0.47492450027768507, -0.4273941838142319, 0.3908580254010405, -0.5747485152352356, 0.5463791192532925, -0.0708477740570777, 0.04632394417650989], [0.4504037869359622, -0.4791360678770551, -0.5876648861781057, 0.12427440229535287, 0.5298606378581656, 0.4428389444787299, 0.06886155858634914, 0.05405040549505512, 0.19354915082942115, -0.4933165283076055, -0.4090327886964874, -0.05036975016743621], [-0.5160696690546441, 0.049635460857354555, -0.6306590690395754, -0.5654158055257644, 0.0973189554475661, 0.03483690411947189, 0.5684155312695983, 0.5679803131788574, -0.12033834702291156, 0.14651717065415526, 0.5490043081926365, -0.06292850804756919]], "inverted": false, "swapped": false, "error_lsq": 0.04607470947588937, "error_max": 0.27019420211131645, "target": "366.xyz", "model": "5.xyz", "model_rescale": 4.2253639853439635, "target_rescale": 3.766791017746102},
{"mapping": [8, 0, 1, 10, 5, 2, 12, 6, 9, 4, 7, 13], "R": [[0.6856988482329595, 0.7232272669956161, -0.08221562993764914], [0.4458293018837337, -0.5065871498924266, -0.7379740463903394], [-0.5753723343313053, 0.4693738167366387, -0.6698021327587909]], "T": [-0.00913111350556855, 0.016820859510829914, 0.014049256250287119], "aligned_model": [[-0.30325630189843567, -0.383815155727385, -0.040674210981769175, 0.43647414693541836, 0.2965451350913897, 0.65431730959378, -0.6562270742760894, 0.22362769206135877, -0.5706896314024932, 0.4455211560059824, -0.17498700412261947, 0.02643612739000882], [0.4603367879106286, -0.6828284718077542, -0.3572054524637691, 0.27011326449444556, 0.5697891514637217, 0.10852956878362509, 0.16224188495759134, 0.19901821393599534, -0.08023813052515995, -0.49089077733562136, -0.30083113425279184, -0.013716039908565375], [-0.49844354409642594, 0.12878953259812206, -0.6166766215370076, -0.5739910347452155, -0.02505784782399624, 0.054015674250130166, 0.6709079224651132, 0.5853157707552396, -0.20464690493226734, -0.17682117059792588, 0.7218488397713092, 0.05305662892209976]], "inverted": true, "swapped": false, "error_lsq": 0.05854170521650937, "error_max": 0.32207490460083094, "target": "366.xyz", "model": "6.xyz", "model_rescale": 3.89814844738969, "target_rescale": 3.766791017746102},
{"mapping": [2, 7, 0, 1, 10, 5, 11, 9, 4, 6, 8, 12], "R": [[0.790022336466065, -0.33446460098925984, 0.5138074917416005], [-0.3479409881452497, -0.9346374049323303, -0.07341655174323206], [0.5047789384009667, -0.12077397064953477, -0.854758370161029]], "T": [-0.09269256325752247, -0.12725661868931604, -0.009717291054845577], "aligned_model": [[-0.11935909338417912, -0.5868002796707096, 0.012540395512965388, 0.4665666207316334, -0.05568741437748147, 0.6022017841306756, -0.516167515069537, 0.4303086836384404, -0.6367076869769931, 0.4994478882202242, -0.012887992962312508, -0.13018320112358014], [0.4017612094437254, -0.5571871671231247, -0.4140376247908853, 0.02057913092430874, 0.5954458429690279, 0.21731054104117414, 0.028483031889976917, 0.2428109726416221, 0.17267472023461877, -0.4424009543040436, -0.4579607236519691, 0.03683988597791457], [-0.47979906926941374, -0.05759179001103272, -0.5173520676374683, -0.6262968628002948, 0.11371460887974326, -0.04089296150507242, 0.6624095538548498, 0.6127500194333437, -0.18171881860637282, 0.07647774639778653, 0.5750500112420436, -0.018453124948936243]], "inverted": true, "swapped": false, "error_lsq": 0.04115259370273703, "error_max": 0.24911031071367176, "target": "366.xyz", "model": "7.xyz", "model_rescale": 3.7474275329858107, "target_rescale": 3.766791017746102},
{"mapping": [10, 1, 0, 6, 11, 5, 13, 8, 12, 3, 2, 14], "R": [[0.35432128022785375, 0.9209024220187102, -0.16246587179395122], [0.11305464022838757, -0.2146482132035967, -0.970126173696666], [-0.9282645521081396, 0.32536882716169535, -0.18016672170769568]], "T": [-0.033562634519440145, 0.07053442177687812, 0.05102313951675262], "aligned_model": [[-0.17305125126713464, -0.4022247048434628, -0.005854437715253437, 0.4859569508930249, -0.17952352058125814, 0.6693183611060346, -0.6856913596429928, 0.40640554265390855, -0.6216578925465408, 0.5198097815026329, 0.0025300475271214304, -0.06274532841693374], [0.3560798173333863, -0.5817389307676852, -0.35765150898931775, -0.01370887460593695, 0.6731965879630073, 0.20120696747466454, 0.26528164336788446, 0.011632165515951462, 0.23615058115731352, -0.3767858517087605, -0.612664780902965, 0.043321049414804066], [-0.637649578515953, -0.007539404097182248, -0.44907915217036676, -0.5734290730545237, 0.006596922282348816, 0.00738306835172077, 0.638316485506542, 0.5688733525500752, -0.034754911507201294, -0.03739676265034737, 0.5414572977991453, 0.09551900053491802]], "inverted": true, "swapped": false, "error_lsq": 0.04676299268836103, "error_max": 0.2498709515192528, "target": "366.xyz", "model": "8.xyz", "model_rescale": 4.019505241142653, "target_rescale": 3.766791017746102},
{"mapping": [10, 8, 11, 6, 1, 2, 7, 0, 9, 5, 4, 12], "R": [[-0.39582807328943576, -0.18279274398109494, 0.8999483035951759], [0.9001258430439502, -0.27136026549409853, 0.340788897993157], [0.18191647281208784, 0.9449605383606419, 0.2719484838361388]], "T": [0.06853118550580774, 0.013166634111392241, -0.016635012863679015], "aligned_model": [[-0.04569622228615214, -0.4566256761725753, -0.1602949342659753, 0.4733759604343424, -0.1078535513156718, 0.6045145664074011, -0.4749001864500568, 0.10345901599431777, -0.5868984215544231, 0.424196945399875, 0.10489270604543968, 0.07510198643262501], [0.5845279697063137, -0.3955512500697235, -0.40641331060927793, 0.02361250355402368, 0.6644256331590817, 0.234805801657305, -0.06928371045619207, 0.18223987704713776, 0.05825228019645581, -0.5518608702276505, -0.45578037226226886, -0.02465568644285864], [-0.7228064380248116, 0.09867714247445217, -0.4151833799301849, -0.6200034160731516, 0.015852568554083124, 0.09985557483983601, 0.7027176647086986, 0.6101347720267909, -0.2056307168794222, -0.08570386055441398, 0.6662714348144405, -0.02588410092714185]], "inverted": true, "swapped": false, "error_lsq": 0.04678451191767494, "error_max": 0.24443551617385537, "target": "366.xyz", "model": "9.xyz", "model_rescale": 3.877068213659057, "target_rescale": 3.766791017746102},
{"mapping": [13, 5, 6, 14, 2, 9, 1, 8, 4, 11, 0, 15], "R": [[0.17435190839239556, -0.9745876262142128, -0.14064270642331955], [0.8836630034717496, 0.21787756135204894, -0.4143296568610205], [0.4344434466477962, -0.052041589997140786, 0.899194397544465]], "T": [-0.032131573141159546, -0.04608633394271517, -0.07680561841942177], "aligned_model": [[-0.1179730067368415, -0.6199323778897602, -0.03124884809348461, 0.486141414313644, 0.0434149115631746, 0.5285940218900477, -0.5143282017342504, 0.3233168206326192, -0.599473303534345, 0.48826083167361634, -0.004813230976064654, -0.028686842439209097], [0.32837260083784386, -0.47440710660008023, -0.37697556744303357, 0.28475130456630393, 0.6125579644354578, 0.29199807844848097, -0.10432404924977323, 0.14207735023103787, 0.31836630162872875, -0.4840470406874076, -0.5836597811274301, -0.11039118978778259], [-0.7476634650642371, 0.20959789393617947, -0.5972055714122232, -0.5579096758321962, -0.10571538860610927, 0.006447255853190281, 0.6422224687181431, 0.5816575947746783, -0.018596365508347396, 0.20961616954805842, 0.5097389516663337, -0.013892623044294672]], "inverted": true, "swapped": false, "error_lsq": 0.04366499181752973, "error_max": 0.22707154175346356, "target": "366.xyz", "model": "10.xyz", "model_rescale": 4.260839863003843, "target_rescale": 3.766791017746102},
{"mapping": [6, 4, 5, 0, 7, 1, 9, 8, 10, 3, 2, 11], "R": [[0.23998334422690187, -0.7638592328084595, -0.5991052219326287], [0.9660260301281551, 0.1269260579468348, 0.22512992899415668], [-0.09592551072842731, -0.6327786724182072, 0.7683680421023131]], "T": [-0.01620973312950296, -0.0024184614366675947, 0.04963568894207932], "aligned_model": [[-0.16474753297155525, -0.49469434400559337, -0.2254073424750607, 0.5026464758763247, 0.15602661687830646, 0.6817177240130287, -0.5882385211972649, -0.031387197783716785, -0.5696876522143738, 0.4186731160801022, 0.23378081966743774, 0.034590026801511436], [0.23678073241443445, -0.5468249817842535, -0.3940472401575757, 0.278429016923839, 0.6146110639419269, 0.04484405644202464, -0.08329141950912894, 0.341321133689775, 0.2792969730408298, -0.5162484623035956, -0.4430278769435109, 0.03247586949758092], [-0.740285574433767, 0.15344742411210416, -0.45975037503059285, -0.5999389393568358, -0.088981892299621, 0.23382081893800977, 0.5991590200496388, 0.6798944789384765, -0.037727913918819016, -0.1755058422892672, 0.511939909797186, 0.04222613052266327]], "inverted": false, "swapped": false, "error_lsq": 0.06212509054237785, "error_max": 0.3639738816908302, "target": "366.xyz", "model": "11.xyz", "model_rescale": 3.890672605050136, "target_rescale": 3.766791017746102},
{"mapping": [3, 5, 7, 4, 0, 2, 6, 11, 8, 12, 9, 13], "R": [[0.41027406060126037, 0.8774593775291382, 0.24847582575359506], [0.5010603007596357, 0.010764457745511019, -0.865345423199377], [-0.7619801639153194, 0.4795301525823195, -0.43524368181969114]], "T": [0.0010844736606384678, 0.06772540511234676, 0.15410187448231405], "aligned_model": [[-0.19979427876587846, -0.35002674912199905, -0.13661157334949345, 0.46866591333765995, -0.11326840689801228, 0.6711850353087297, -0.3528937149149772, 0.36429256459348774, -0.6606311706302235, 0.29932171993622103, -0.08702561715549804, 0.050058466329129525], [0.3582179636495783, -0.6180618684237693, -0.4104403408334285, 0.2576050040771056, 0.5796816089823376, 0.30321745079072443, 0.2381074557815202, 0.08703057983971019, 0.13369433205247605, -0.5599078107574449, -0.520513564337207, -0.0043119455692564035], [-0.6993176918858907, 0.04738305455330116, -0.5382574890842554, -0.3320774946724124, -0.11704163691743014, 0.1868565286220477, 0.57567955743535, 0.5669812234511298, -0.12333560066700688, -0.11471635037599753, 0.6561297051239036, 0.01001343944643629]], "inverted": false, "swapped": false, "error_lsq": 0.04920025068661177, "error_max": 0.310873002104559, "target": "366.xyz", "model": "12.xyz", "model_rescale": 4.124412569039231, "target_rescale": 3.766791017746102},
{"mapping": [5, 3, 0, 4, 10, 2, 9, 8, 7, 1, 6, 12], "R": [[0.4475986768402411, 0.6442077402834283, 0.6202030408259738], [0.8575629368869322, -0.11264794334413797, -0.5018926679462408], [-0.25345854447764243, 0.7565096352454839, -0.6028697521123614]], "T": [-0.09318248526275669, -0.04142295596113959, 0.0008124510708963414], "aligned_model": [[-0.3322509390538695, -0.5372349798690494, -0.08926392467295824, 0.43339035561706013, 0.04489203698060057, 0.687091988413232, -0.4632100375937084, 0.26591390794930436, -0.5708175526229036, 0.572790021948731, -0.028941271459071813, -0.029087416968220856], [0.21741024903930523, -0.5983243515641332, -0.3959932363275627, 0.14895851555958617, 0.6834551160876087, 0.30289199401816774, 0.03781383429761157, 0.02863065339270319, 0.35820552736323813, -0.49817939166716557, -0.5024827381060661, 0.061932693159052775], [-0.6697078882651574, 0.03864885385040257, -0.4585696932902069, -0.551231201459308, -0.00903027556705357, 0.12334601626560784, 0.5160234889823988, 0.6180955247875102, -0.07157188604542797, 0.10434252876962452, 0.4813431561476704, -0.0033913791468849278]], "inverted": false, "swapped": false, "error_lsq": 0.0411324905221338, "error_max": 0.229826850374592, "target": "366.xyz", "model": "13.xyz", "model_rescale": 3.9028299243045295, "target_rescale": 3.766791017746102},
{"mapping": [8, 1, 2, 0, 5, 4, 14, 10, 12, 3, 9, 15], "R": [[-0.4265313444276568, -0.8822732296457164, 0.1991606398645399], [0.8570949273636229, -0.3239369047428817, 0.4005660585136331], [-0.2888932289069472, 0.3415535536282978, 0.8943611531677793]], "T": [-0.023931958504285904, -0.06358390266220089, 0.027202758332693852], "aligned_model": [[-0.14319368355155887, -0.44228370847676646, -0.10808710835036088, 0.5269019750566092, -0.0028677166594985454, 0.5796894923920856, -0.4483285978939518, 0.2250027957661809, -0.6492701440830166, 0.4962986462723146, -0.0779028375144964, -0.0026869242883944197], [0.3514468780133048, -0.5505216832746148, -0.35076360218999253, 0.0662150418668463, 0.4419432123111667, 0.24132130871415203, 0.11567077637977356, 0.2943822712958058, 0.2170202161959714, -0.37717355231647437, -0.48557028482892256, -0.11965171691467034], [-0.6131356300122911, -0.07315742724916928, -0.6455494252306867, -0.5785617345865476, -0.050902730574044736, 0.07233844239762958, 0.7827197371619384, 0.6315572143162191, -0.09302107914480402, -0.11319344788967368, 0.6751688793207969, 0.12403444651980829]], "inverted": false, "swapped": false, "error_lsq": 0.04240477001957942, "error_max": 0.2483818642875671, "target": "366.xyz", "model": "14.xyz", "model_rescale": 3.942246331269136, "target_rescale": 3.766791017746102},
{"mapping": [10, 2, 6, 11, 4, 13, 1, 12, 5, 8, 0, 14], "R": [[0.38418484153619614, 0.051989479017153506, -0.9217912462186507], [-0.7039182718331448, 0.6625382031834017, -0.2560121010849852], [0.5974119802223982, 0.7472216695158369, 0.29113347882495144]], "T": [-0.06859652285374525, 0.020637154413269534, -0.08047087565193986], "aligned_model": [[-0.19332173203980396, -0.5942072038659991, 0.08547433148012586, 0.5245244787338665, 0.05913905099193102, 0.6135567975142586, -0.36449227522356215, 0.24055381358937405, -0.6646300051820668, 0.4507810077745273, -0.11848285575238267, -0.08562321935112291], [0.3629701152967979, -0.48977787461912003, -0.30928467408230575, 0.07800886606668402, 0.5760071319556428, 0.3984579226685012, 0.1066480456871993, 0.23799944617307744, 0.048933593386880456, -0.5525855683910977, -0.5797384755262188, -0.03331966336369505], [-0.6938649432213715, 0.13367353539627358, -0.5049742893783646, -0.47925275692817804, -0.2179910128737462, 0.14941640344642643, 0.6689884401834046, 0.6442745705295305, 0.13568406339434114, -0.05802946243848825, 0.3411663376404195, -0.0007936407210718255]], "inverted": true, "swapped": false, "error_lsq": 0.05216533479221563, "error_max": 0.26829429649207637, "target": "366.xyz", "model": "15.xyz", "model_rescale": 4.355366556412066, "target_rescale": 3.766791017746102},
{"mapping": [2, 9, 1, 8, 4, 6, 5, 3, 0, 10, 7, 11], "R": [[0.20575161574952333, 0.7414265611007547, -0.6387119281106075], [-0.640006647468305, -0.39179776864991583, -0.6609735241878666], [-0.7403092352610776, 0.5447762503773971, 0.39390490376727033]], "T": [-0.027101187051698963, -0.06434217777241874, 0.002544225176672817], "aligned_model": [[-0.07951381234655121, -0.4574639745955241, -0.21229436125808115, 0.4327314038668143, -0.034189820899060544, 0.6792518154804762, -0.48640547343316176, 0.18406179197414213, -0.6457985979394368, 0.47516663533204173, 0.06490230947781904, 0.03282427300966845], [0.42942473711517226, -0.6630293150056372, -0.29222950543405746, -0.0994489720066799, 0.6989258935076681, 0.3519674457963818, 0.011063626209211808, 0.12164834097522423, 0.24731659160930947, -0.4400756119297765, -0.5661014698860811, 0.04485710430161062], [-0.6713790287752099, 0.0819991686415986, -0.45392934199168905, -0.609303482296888, 0.1107169286248983, 0.0645740255736988, 0.44876549221187084, 0.5957008082675346, -0.1523634370441533, -0.05899616516579287, 0.7375504082688265, 0.02496186871448124]], "inverted": false, "swapped": false, "error_lsq": 0.04525099559405535, "error_max": 0.2439770468171439, "target": "366.xyz", "model": "16.xyz", "model_rescale": 3.795458400668931, "target_rescale": 3.766791017746102},
{"mapping": [2, 7, 0, 1, 10, 5, 11, 9, 4, 6, 8, 12], "R": [[0.790022336466065, -0.33446460098925984, 0.5138074917416005], [-0.3479409881452497, -0.9346374049323303, -0.07341655174323206], [0.5047789384009667, -0.12077397064953477, -0.854758370161029]], "T": [-0.09269256325752247, -0.12725661868931604, -0.009717291054845577], "aligned_model": [[-0.11935909338417912, -0.5868002796707096, 0.012540395512965388, 0.4665666207316334, -0.05568741437748147, 0.6022017841306756, -0.516167515069537, 0.4303086836384404, -0.6367076869769931, 0.4994478882202242, -0.012887992962312508, -0.13018320112358014], [0.4017612094437254, -0.5571871671231247, -0.4140376247908853, 0.02057913092430874, 0.5954458429690279, 0.21731054104117414, 0.028483031889976917, 0.2428109726416221, 0.17267472023461877, -0.4424009543040436, -0.4579607236519691, 0.03683988597791457], [-0.47979906926941374, -0.05759179001103272, -0.5173520676374683, -0.6262968628002948, 0.11371460887974326, -0.04089296150507242, 0.6624095538548498, 0.6127500194333437, -0.18171881860637282, 0.07647774639778653, 0.5750500112420436, -0.018453124948936243]], "inverted": true, "swapped": false, "error_lsq": 0.04115259370273703, "error_max": 0.24911031071367176, "target": "366.xyz", "model": "17.xyz", "model_rescale": 3.7474275329858107, "target_rescale": 3.766791017746102},
{"mapping": [0, 9, 4, 8, 1, 3, 7, 11, 2, 5, 12, 13], "R": [[0.9044884411888019, 0.366221194030859, 0.2185925360081239], [-0.12894484382582244, -0.253733636573014, 0.9586409489074457], [0.4065389120448193, -0.8952660379541075, -0.1822768067510761]], "T": [0.018442886037590773, -0.016130306530399686, 0.04523905522563739], "aligned_model": [[-0.1607699068391538, -0.4132153953649968, -0.00719816330813219, 0.5247754390730084, -0.0792678235147148, 0.5269877538277108, -0.3900971836055688, 0.29790574642459305, -0.6150549868277854, 0.3215598088771057, 0.0033278186017811663, -0.05568091867470115], [0.37691460720137354, -0.5273831897312651, -0.46114631820324437, -0.01998655853788254, 0.6640399285505416, 0.4327896594389081, 0.05431842700464264, 0.2703715280803404, 0.26044697361767755, -0.6690425686980149, -0.5573530106992791, 0.02034938722854788], [-0.6706805362368179, 0.04126622607730437, -0.6551387770647988, -0.4651205496372383, 0.12485994041538281, 0.024211385176888152, 0.674167723260072, 0.6465325528081817, -0.11606245434763995, -0.025793653224515524, 0.5610747291975295, -0.02101934139517244]], "inverted": true, "swapped": false, "error_lsq": 0.04154926332969399, "error_max": 0.21343297135307934, "target": "366.xyz", "model": "18.xyz", "model_rescale": 3.922800546911778, "target_rescale": 3.766791017746102},
{"mapping": [5, 2, 3, 12, 8, 13, 6, 4, 1, 7, 10, 14], "R": [[0.19301780798171375, 0.14503099523372434, 0.9704175061402438], [-0.8089218206603742, -0.5362336326657953, 0.2410372984779543], [0.5553283838067705, -0.8315163868617146, 0.013816096373426956]], "T": [-0.022952679452150192, -0.01982605901417764, -0.004596690541967331], "aligned_model": [[-0.21854278385451034, -0.4539786105776048, 0.042039203103396414, 0.45779022136466346, -0.002202670117154786, 0.6110388095228304, -0.370885845905189, 0.17969395216534023, -0.7484071806613957, 0.589209907628159, -0.17263649693208127, 0.040153682932692766], [0.3732932983819336, -0.5875254555505177, -0.38758759261966846, 0.137987127455872, 0.5894944930617156, 0.1917794091915964, 0.2690415078772451, 0.12825351933618545, 0.12727216245340506, -0.48248022308846694, -0.42763804176633924, -0.08757133948061484], [-0.6288846065599354, 0.06655810309483781, -0.5239007952697547, -0.6067555616523398, 0.04725459634799302, 0.15380679601337202, 0.5162351560201482, 0.6742802646287241, 0.0032074014721443344, -0.2269007852017803, 0.675024372089034, -0.03162769595326807]], "inverted": false, "swapped": false, "error_lsq": 0.047454187181051925, "error_max": 0.31469723258221965, "target": "366.xyz", "model": "19.xyz", "model_rescale": 3.9282355846067225, "target_rescale": 3.766791017746102},
{"mapping": [3, 8, 6, 5, 1, 2, 11, 10, 4, 7, 9, 13], "R": [[-0.9056392336998338, 0.39751586183627813, 0.14764388904434636], [0.4195274666370718, 0.8906295997383209, 0.17542981732601573], [-0.061759882777243265, 0.22081679206645424, -0.9733579306816286]], "T": [-0.011471585553652847, -0.11005289265742282, 0.01783039868582474], "aligned_model": [[-0.27202552400348695, -0.5643845236669052, -0.017147735905821658, 0.34011204968295966, 0.1824954160867703, 0.7136060655059117, -0.45637395919176155, 0.3193077810119079, -0.6252121422320066, 0.5077066806437115, -0.1944529996091685, 0.019641080347035822], [0.3799299899434373, -0.6324404432638501, -0.3690220946037245, 0.10906004393846389, 0.6035958292847711, 0.2792287726599859, 0.10941238195724629, 0.2768912445966092, 0.011626683893497039, -0.45316585478679494, -0.5139557065540579, 0.04315801818676243], [-0.4904839617821723, 0.013346096446448283, -0.5819585540446667, -0.5443694062756567, -0.10293010914479832, 0.05575658148250533, 0.5348023926037151, 0.7128797453445239, -0.07096405315856398, -0.010895887303310633, 0.548683621596272, 0.05443077926487903]], "inverted": true, "swapped": false, "error_lsq": 0.04462221785877555, "error_max": 0.2375605711629035, "target": "366.xyz", "model": "20.xyz", "model_rescale": 4.067790424073018, "target_rescale": 3.766791017746102},
{"mapping": [10, 6, 13, 1, 12, 7, 3, 0, 11, 8, 2, 14], "R": [[0.02007943015900021, 0.7719550291339283, -0.6353599369485978], [0.9960742499220118, 0.039353411063490384, 0.07929311243714687], [0.08621429769354905, -0.6344578331398425, -0.7681343325491343]], "T": [0.025751109361066993, -0.12245996229858473, 0.0026759558444724493], "aligned_model": [[-0.11628808904304812, -0.5074313119583681, -0.21693979964244914, 0.5666084199753316, -0.21586223137570038, 0.7022891112218497, -0.5427737660943417, 0.34560490760807044, -0.562558727567786, 0.5511573983460563, -0.0611582834989743, 0.010624560698505661], [0.35471155538151716, -0.6158276463333755, -0.19029127498828285, 0.03916125827842039, 0.5962680439223397, 0.1896495688021172, 0.11502367547825813, 0.07478636609844831, 0.10719468776640977, -0.3433704133866804, -0.4181096596931155, -0.0648772960737105], [-0.6480306065822894, 0.14360762950750308, -0.6504882966854997, -0.5928549433481075, 0.11252545993712244, 0.04201969541134593, 0.5892984958371916, 0.6053744403305494, -0.1358250602363472, 0.02041576475352431, 0.6799941568417243, -0.04773949073754189]], "inverted": false, "swapped": false, "error_lsq": 0.04539946877189885, "error_max": 0.27636243479617395, "target": "366.xyz", "model": "21.xyz", "model_rescale": 4.186013935880536, "target_rescale": 3.766791017746102},
{"mapping": [8, 3, 5, 2, 9, 1, 4, 7, 11, 0, 6, 12], "R": [[0.41539883117069376, -0.009818437593683671, 0.9095863946570664], [0.44877111497717515, -0.8675678463719736, -0.21431406464261465], [0.7912321387710213, 0.4972219124543031, -0.35598043815794256]], "T": [-0.010871893624728898, 0.06920955003949177, 0.0389628105342784], "aligned_model": [[-0.15127716187010962, -0.5541498721858603, -0.07278171518191706, 0.3118275136424446, 0.05438338259120029, 0.6984345616596052, -0.47900793414516557, 0.26576613931549686, -0.6054819238539206, 0.5449308193929334, -0.011815342066906345, -0.04755627862865422], [0.4809983980795443, -0.6764101689478815, -0.5002888587774628, -0.005248482270971133, 0.6846984115375612, 0.21350547774383893, 0.014276386077711409, 0.17252443640654136, 0.18341820014809576, -0.39181785169859157, -0.37497115650058954, 0.043634073454549616], [-0.5922142137484542, 0.07416121112733505, -0.481015566385926, -0.6243774466783081, -0.009678432625465958, 0.1447279922920801, 0.5916355381330463, 0.7106183568277483, -0.14092958759045987, 0.02092063618611613, 0.374455670159913, 0.04999308733155074]], "inverted": true, "swapped": false, "error_lsq": 0.04541812928046047, "error_max": 0.25901404411521883, "target": "366.xyz", "model": "22.xyz", "model_rescale": 4.166573947596378, "target_rescale": 3.766791017746102},
{"mapping": [14, 8, 9, 12, 5, 6, 0, 1, 7, 3, 4, 15], "R": [[-0.7656786183425998, -0.20943151440165694, 0.6081732435650192], [0.22400572462976517, -0.973140555097722, -0.053093270356905246], [0.6029574518538282, 0.09558190623505147, 0.7920267738242266]], "T": [0.05671500324914785, -0.0606790146767744, -0.11035085631820209], "aligned_model": [[-0.036573794046564585, -0.5208607497969391, -0.08346924618258397, 0.5231774645542001, -0.1619406059276396, 0.6028005869496584, -0.34195819565752633, 0.21281990664328715, -0.5577014208929916, 0.2681626382524539, -0.014459519097385305, 0.06327512387117726], [0.2540316882231232, -0.596862714769518, -0.4579602032382758, 0.14913913989390223, 0.6790797711992165, 0.42168934660553514, 0.03007095251234538, 0.22634253304014862, 0.24813651171167433, -0.6150256853930091, -0.47665279541382505, -0.01766967911897161], [-0.8302342753518799, 0.07128732653244817, -0.538095172129081, -0.5199487926350314, 0.19950176106005002, 0.10923723824786431, 0.596458797525538, 0.523170217640376, 0.08590172597315977, -0.013313140282633987, 0.49110863065715593, -0.05677707220879062]], "inverted": true, "swapped": false, "error_lsq": 0.04636140307043531, "error_max": 0.249698261062012, "target": "366.xyz", "model": "23.xyz", "model_rescale": 4.274766983524099, "target_rescale": 3.766791017746102},
{"mapping": [5, 4, 6, 7, 8, 1, 9, 2, 3, 0, 11], "R": [[-0.6684051855754956, -0.44959755084614084, 0.5925340076054195], [0.6560473745544909, -0.7317374432796029, 0.18483007450842423], [0.3504801709597091, 0.5122717602755221, 0.7840543944065814]], "T": [-0.0973116943199254, 0.053292484246475334, 0.01747504225587946], "aligned_model": [[0.4079509211304507, 0.14757531239698896, -0.8335215291705967, -0.19244540081059439, -0.3746555040383571, -0.7745909430671122, -0.04108927886618876, 0.014660617678999927, 0.6659112219996642, 0.35440537235478087, 0.005693914350039589], [-0.12795921445946998, 0.5036567007182774, 0.3326796037602552, -0.11713017122774708, 0.5921218468124674, -0.05595189856321787, -0.6402043189235059, -0.09538392598334058, -0.0701911507381481, 0.5717304590287461, 0.022218600819166857], [-0.380894274974086, -0.29939249663067724, -0.3429705332942118, -0.6297232243947438, 0.18117837051392882, 0.4421128433261249, 0.13440520835909245, 0.677363393818296, 0.25259454764086237, 0.4048442197769941, -0.05995162012000215]], "inverted": true, "swapped": true, "error_lsq": 0.06620822176359288, "error_max": 0.4125958003634962, "target": "366.xyz", "model": "24.xyz", "model_rescale": 3.7841303162186577, "target_rescale": 3.766791017746102},
{"mapping": [12, 10, 9, 2, 3, 4, 11, 6, 13, 8, 7, 15], "R": [[0.18745198050364537, 0.8602941954839997, 0.47408401388551263], [-0.21995571043405915, 0.5071461046102532, -0.8333200549765345], [-0.9573302671767511, 0.05193000861913971, 0.28429216266388135]], "T": [0.045643972277739316, -0.1470678591884921, 0.015633182839185633], "aligned_model": [[-0.19655453255095662, -0.47608426783688407, -0.08805088774540037, 0.48146538763986485, 0.0008732675486662969, 0.622503005929701, -0.4947345493133085, 0.20489167545093473, -0.5689432896111812, 0.5081509136202175, -0.09434482512402761, 0.05410029066152038], [0.2635250705074381, -0.7216990540735134, -0.3325437236389228, -0.009445331203941448, 0.6447008615676163, 0.32290456079533303, 0.08077819084272853, 0.2615304576267864, 0.3301201847755887, -0.4604456052784842, -0.43722794226888306, -0.0978788043994002], [-0.5742186941355283, 0.06905357790613574, -0.5227580286751576, -0.5842941141144677, 0.157406820950962, 0.07098589376671882, 0.5111175923324915, 0.5898404945070292, -0.06544742823802938, -0.17760113374160424, 0.5804480400172232, 0.06376422445340191]], "inverted": true, "swapped": false, "error_lsq": 0.04057407807429314, "error_max": 0.2062768325863879, "target": "366.xyz", "model": "25.xyz", "model_rescale": 4.19342608120988, "target_rescale": 3.766791017746102},
{"mapping": [2, 9, 1, 8, 4, 6, 5, 3, 0, 10, 7, 11], "R": [[0.20575161574952333, 0.7414265611007547, -0.6387119281106075], [-0.640006647468305, -0.39179776864991583, -0.6609735241878666], [-0.7403092352610776, 0.5447762503773971, 0.39390490376727033]], "T": [-0.027101187051698963, -0.06434217777241874, 0.002544225176672817], "aligned_model": [[-0.07951381234655121, -0.4574639745955241, -0.21229436125808115, 0.4327314038668143, -0.034189820899060544, 0.6792518154804762, -0.48640547343316176, 0.18406179197414213, -0.6457985979394368, 0.47516663533204173, 0.06490230947781904, 0.03282427300966845], [0.42942473711517226, -0.6630293150056372, -0.29222950543405746, -0.0994489720066799, 0.6989258935076681, 0.3519674457963818, 0.011063626209211808, 0.12164834097522423, 0.24731659160930947, -0.4400756119297765, -0.5661014698860811, 0.04485710430161062], [-0.6713790287752099, 0.0819991686415986, -0.45392934199168905, -0.609303482296888, 0.1107169286248983, 0.0645740255736988, 0.44876549221187084, 0.5957008082675346, -0.1523634370441533, -0.05899616516579287, 0.7375504082688265, 0.02496186871448124]], "inverted": false, "swapped": false, "error_lsq": 0.04525099559405535, "error_max": 0.2439770468171439, "target": "366.xyz", "model": "26.xyz", "model_rescale": 3.795458400668931, "target_rescale": 3.766791017746102},
{"mapping": [10, 8, 11, 4, 7, 3, 6, 0, 5, 9, 1, 12], "R": [[-0.5180009546678076, -0.166894198337883, 0.8389406042887635], [0.7752514649001083, 0.3228617520954088, 0.5429046465118152], [-0.36146946915815237, 0.9316150576257547, -0.037857724066369725]], "T": [0.07078944004160151, -0.16621322239143174, 0.028690138596407497], "aligned_model": [[-0.07638804770374699, -0.5767468376106164, -0.06323010825412506, 0.4461535358792468, -0.03792074676479926, 0.6064021031701128, -0.5610809497582664, 0.3667914027566428, -0.5752052838622547, 0.44381146567950447, -0.04131104746134384, 0.021996702598791988], [0.29282063537891423, -0.5000210934399638, -0.47105114907540346, -0.0074359215869678474, 0.6386222282521149, 0.34155894037340184, -0.05612742538967172, 0.26686323588422667, 0.21879238100044332, -0.3780406456817961, -0.4908607579788731, -0.010801562484079319], [-0.49601276117704857, 0.02413114128024932, -0.6043084323837814, -0.7012103662272439, 0.053791758092622224, 0.047744394429796375, 0.548120487602428, 0.6737489044845776, -0.007668765752781546, 0.00976921772640663, 0.510759250747178, 0.05943241620677259]], "inverted": true, "swapped": false, "error_lsq": 0.03878320555910869, "error_max": 0.2171178604843056, "target": "366.xyz", "model": "27.xyz", "model_rescale": 3.6321398670334006, "target_rescale": 3.766791017746102},
{"mapping": [0, 9, 11, 5, 3, 1, 12, 4, 8, 13, 6, 14], "R": [[0.21381887347010223, 0.9767372259679907, 0.016305850371293396], [0.2552872236321253, -0.039757879380221794, -0.9660474856224146], [-0.9429262552279356, 0.21072186036465787, -0.25784951961615143]], "T": [-0.10838308176875949, 0.023014234843398693, -0.028821359401173238], "aligned_model": [[-0.14203092641162104, -0.4078244382349836, -0.011048764584683554, 0.47634484355194456, 0.03164027101310832, 0.544627723584693, -0.6328475645654175, 0.39264492718654215, -0.5600621387293545, 0.29703814968517855, 0.016136768945800406, -0.05134666277206054], [0.24380353228617097, -0.5725994043795511, -0.41576427274069216, 0.4084054380629189, 0.6892733231917876, 0.1584589165457555, -0.016653719789497742, 0.18391616767136248, 0.2694878173831383, -0.6818954828790749, -0.41599508575614963, -0.006118364343822177], [-0.6115147632641854, 0.01756212935819583, -0.4876517075684461, -0.5594212042936856, -0.11855634606273922, 0.021166863576718577, 0.6090447633236711, 0.6111386038883618, 0.018785556144542623, 0.04338145813973111, 0.6002041252538709, -0.025842233466860206]], "inverted": true, "swapped": false, "error_lsq": 0.047406899013925315, "error_max": 0.28322148574762096, "target": "366.xyz", "model": "28.xyz", "model_rescale": 4.156811204709835, "target_rescale": 3.766791017746102},
{"mapping": [6, 1, 10, 9, 0, 8, 7, 4, 5, 11], "R": [[-0.6383388296465474, 0.6535200713068411, 0.40673708334079617], [-0.7425499215132144, -0.3835558421245919, -0.5490942815517338], [-0.2028377495097884, -0.6525307903625673, 0.730109865022113]], "T": [-0.04451966234777875, -0.04615530066477516, 0.07293408625858956], "aligned_model": [[-0.7043337081565658, -0.02536819334638301, 0.0010515444903929777, 0.59669591612857, -0.1351475423374891, -0.5206344205001969, -0.21829953991585233, -0.4593208568086588, 0.12204632321580468, -0.013764148659033568], [-0.06521686311442684, -0.6218586707496698, 0.03740043254851891, 0.08298509324808512, -0.39439040011555404, -0.45259104433390707, 0.547889465639459, 0.18038307319622227, 0.5366340215416372, 0.06748522276583925], [-0.48765950825093973, -0.4920062902102741, -0.7016719498956568, -0.19152154391523396, 0.7753584769185417, 0.11962641724295793, -0.19885861000840532, 0.44686315035938384, 0.3548081363966557, 0.1338484483380702]], "inverted": true, "swapped": true, "error_lsq": 0.05409019380907061, "error_max": 0.2806084829886521, "target": "366.xyz", "model": "29.xyz", "model_rescale": 4.117894457231895, "target_rescale": 3.766791017746102},
