[{"mapping": [9, 11, 1, 12, 5, 5, 3, 6, 7, 10, 8, 4, 2, 13], "R": [[-0.4566110234991278, 0.2550613596350708, -0.8523204069129097], [-0.18536066950809552, 0.9097239582174794, 0.3715423825684388], [0.8701423995063046, 0.3276370288386687, -0.36811164327575924]], "T": [0.0015970978946385304, -0.16534535352335508, -0.007503135975636184], "aligned_model": [[-0.7143832081489209, 0.12518794773782108, 0.0660942470314108, -0.3692845567487886, 0.6992750519671926, 0.6992750519671926, 0.28568493923197863, 0.48696599026963217, -0.37235298703834363, -0.5541027150317483, 0.20142079579993927, -0.08832908740462585, -0.1918414067190216, -0.07323136065622578], [-0.020090577211149263, 0.3531078272204097, -0.689682083782927, -0.33669990833723024, -0.12047643302843306, -0.12047643302843306, -0.4109146643629976, 0.09960764754208842, 0.4692661256546333, 0.3568354154444635, 0.5830813797376596, 0.4310439933016019, -0.34346522937364754, -0.020729082085043565], [-0.062425108632200306, 0.44304479938196106, 0.22477950323121815, 0.40262394526516426, 0.2816914573630929, 0.2816914573630929, -0.3710827253034278, -0.5354834667917946, -0.17727971548414717, 0.651248628405592, -0.1100070203820177, -0.7488783815849723, -0.7300770769461163, -0.0023361173399629384]], "inverted": false, "swapped": false, "error_lsq": 0.0625175399612902, "error_max": 0.48024281810116587, "target": "367.xyz", "model": "0.xyz", "model_rescale": 3.8414455957264533, "target_rescale": 4.0454189535487615},
{"mapping": [11, 10, 10, 12, 5, 2, 3, 4, 13, 8, 7, 0, 1, 14], "R": [[-0.09455408841407212, 0.9925819381747085, -0.07642395156966908], [-0.0022099150124792466, -0.0769769811222733, -0.9970304211271284], [-0.9955172728987789, -0.09410441215288728, 0.009472010005171838]], "T": [0.07963269791095456, 0.1580013468027634, 0.0053430825714268285], "aligned_model": [[-0.6743421367623745, 0.02896364808536761, 0.02896364808536761, -0.550458158070879, 0.5422514611927411, 0.801627772958893, 0.38863671137414196, 0.43767484263456496, -0.5460674086433284, -0.37103540516688177, 0.27436408900518905, -0.0907998245302786, -0.12665556971498282, 0.05725503180995223], [-0.11990067844868041, -0.3602101816890007, -0.3602101816890007, -0.17210851473065875, -0.2581479964261699, 0.2991328774087414, -0.4779720615708955, 0.11379320918893426, 0.5851547985776624, 0.3032885217133195, 0.6991530770169914, 0.37224940578595184, -0.4683642320856472, 0.0745499346394484], [-0.2784840041740878, 0.4494948128825806, 0.4494948128825806, 0.28157222005250115, 0.22242921518300413, 0.06373597849007914, -0.3314524422582383, -0.4016811157492931, -0.024427808145478336, 0.6378715761393494, -0.2813440157496754, -0.6659004604317232, -0.5546651346829433, -0.019133455893172946]], "inverted": true, "swapped": false, "error_lsq": 0.0513523793457778, "error_max": 0.3472304046310291, "target": "367.xyz", "model": "1.xyz", "model_rescale": 4.316132596720782, "target_rescale": 4.0454189535487615},
{"mapping": [5, 1, 4, 11, 7, 10, 12, 8, 2, 9, 3, 13], "R": [[0.3149883100740535, 0.5277148649546388, -0.7888595475891761], [0.9018803561064014, 0.09246683489811916, 0.421973586511425], [0.2956250797650345, -0.8443736766087819, -0.44680969826547595]], "T": [0.017664263164071284, 0.05458634278434613, -0.08436333583983283], "aligned_model": [[-0.25682538155836604, 0.49919597333035143, 0.21281087789628883, -0.675611104796028, -0.5621146617036821, -0.5338398878830946, -0.2346692217800716, -0.2729034479132964, 0.5713303932895922, 0.36125357723756696, 0.5441020361007948, -0.054920597588274694], [-0.7442052392266628, -0.32671471881826525, -0.6349941170995377, 0.28093814903417363, -0.18507395855830497, -0.11978308763678494, 0.5694987501996073, 0.6781804929634409, -0.03800676801026031, 0.10632341548119428, 0.3326985936929411, 0.09391491571943922], [0.06677344498759094, 0.08326845601275867, -0.5033214666228875, -0.019167792168634873, -0.34158419283721797, 0.29872137151485323, -0.530468826783591, 0.4260240509476988, -0.49533175555723585, 0.6358410729344011, -0.029520281448307983, -0.141975619770006]], "inverted": true, "swapped": true, "error_lsq": 0.04511411961246409, "error_max": 0.2542113943401808, "target": "367.xyz", "model": "2.xyz", "model_rescale": 3.795458400668931, "target_rescale": 4.0454189535487615},
{"mapping": [10, 9, 0, 2, 7, 6, 3, 5, 1, 4, 12, 13], "R": [[-0.9414948267090543, 0.03341351920919241, -0.335367004957472], [-0.2773704005985921, 0.48843720457108175, 0.8273419837422514], [0.19145012967314678, 0.8719590781251402, -0.4505931800674429]], "T": [-0.02927627511191045, -0.011000863457973974, 0.00404445710367185], "aligned_model": [[0.09081724940926172, -0.19816045792139364, -0.7959000143866011, 0.11860518783231044, 0.2560354684286286, 0.1958049356117782, -0.32008229974116503, 0.7398255236286203, 0.31408762507900456, 0.7145590555100553, -0.4642442823451467, -0.058044165361787144], [-0.1011763478315336, -0.7915651073177795, -0.05052957246110733, 0.06374969097389187, 0.45632842384262057, 0.5411831532597333, -0.2721916809499032, -0.12434446679950938, -0.4430324448476093, 0.1575152327830935, 0.5703773589427175, 0.07945480569509498], [-0.6732747787687096, -0.03623364934289364, 0.15791880816717108, 0.6797353164094772, -0.3958852583013024, 0.20632890368041645, 0.456484648059605, -0.3591229062785759, 0.32155611018479185, 0.3318258682155996, 0.028929777800148604, -0.02949140918662785]], "inverted": true, "swapped": true, "error_lsq": 0.04587251007607943, "error_max": 0.22867690290607962, "target": "367.xyz", "model": "3.xyz", "model_rescale": 3.7530521520055578, "target_rescale": 4.0454189535487615},
{"mapping": [9, 8, 0, 12, 3, 7, 1, 10, 5, 6, 13], "R": [[-0.2777262078805678, -0.9266366491520704, -0.25340219790779805], [0.5574866341614281, 0.05935860355916256, -0.8280611142390812], [0.7823533767982611, -0.3712426115517039, 0.5001021067548396]], "T": [-0.010047832107223965, -0.056518432815288476, 0.0911910424118506], "aligned_model": [[-0.4436546756390464, -0.258387519088779, 0.3236285020798889, 0.4860074331170861, 0.2668097813157499, -0.1253112303770457, -0.13403812358167963, -0.606652743194343, -0.5903074996988752, 0.3931913017192378, 0.026914375793011307], [-0.709338369110972, -0.15301808876266276, -0.3583293688673135, 0.29494462313548153, -0.5800943572931522, 0.604917442790759, -0.49138281683600615, 0.2598869795103712, 0.2332241689619403, 0.33880218692170894, 0.02759095786419185], [-0.06766728400463685, -0.7229402490406244, -0.5495289083100126, -0.3065777071517528, 0.009282393955781967, 0.18584917737911877, 0.5393908641934002, -0.0677605697675495, 0.6529764337777756, 0.3697723512389935, 0.050034274974822456]], "inverted": false, "swapped": true, "error_lsq": 0.04986016687913304, "error_max": 0.29980699860413307, "target": "367.xyz", "model": "4.xyz", "model_rescale": 3.7855080009869324, "target_rescale": 4.0454189535487615},
{"mapping": [7, 13, 11, 6, 12, 14, 1, 2, 10, 8, 9, 3, 0, 16], "R": [[0.4907272154455494, -0.853000286840591, 0.1777000581624195], [0.836374717592145, 0.4039757106808428, -0.37051444904695424], [0.24426242403144496, 0.33044535982485507, 0.9116697496223647]], "T": [-0.04111551086756974, 0.03504860129905931, -0.02116618667445189], "aligned_model": [[-0.7859899436631109, 0.10302927139746057, 0.1345691823561124, -0.4148756872294625, 0.5186641712071182, 0.564453613138608, 0.23427724247928391, 0.5105156229304414, -0.4660775931935495, -0.3874814525214067, 0.20939193888981514, 0.041380553902126686, -0.06505873301040288, 0.0035805155744586745], [-0.022145395110061847, -0.06357045756135501, -0.6178923518272156, -0.3797583142597266, -0.2765143053634281, 0.31672027913162704, -0.5976242732699375, 0.1353739306074159, 0.6208234726847502, 0.334988338096153, 0.6550411750955139, 0.3688964298823918, -0.30837882117262255, 0.06444827075749071], [-0.07826608175476744, 0.6819441900450585, 0.3974496618045474, 0.31693974559751475, 0.2082690454468084, 0.08674350005591566, -0.33259483689470937, -0.5022312634598931, -0.10625027868070888, 0.5130403864000108, -0.26564368114447817, -0.624620105418003, -0.7211363367011437, -0.026133766750669203]], "inverted": false, "swapped": false, "error_lsq": 0.0403672948859755, "error_max": 0.2410265775449906, "target": "367.xyz", "model": "5.xyz", "model_rescale": 4.2253639853439635, "target_rescale": 4.0454189535487615},
{"mapping": [10, 6, 2, 5, 3, 7, 4, 0, 8, 11, 9, 9, 1, 13], "R": [[0.7967280121845692, -0.5930282525440653, -0.11636995439097575], [0.6020982150312586, 0.7623570768694354, 0.23725392895221417], [-0.05198282463081155, -0.259092993019152, 0.964452490748912]], "T": [0.002575278626370525, 0.042665345873851616, -0.01894307742835165], "aligned_model": [[-0.6292427686072188, 0.2142807647785416, -0.12334671017801008, -0.47203454052586363, 0.5555382855445198, 0.7254912537497455, 0.19555967144267894, 0.6445415912019421, -0.6265843300106372, -0.20216059294820238, 0.0017745015059110261, 0.0017745015059110261, -0.1316137030906454, 0.046400777888819654], [-0.3908681693191102, -0.03959732907568359, -0.5513477885173601, -0.08993947029419527, -0.33968336195360926, 0.21073507815136822, -0.5636905594820758, 0.20866318134192108, 0.3748142946582262, 0.5105771541780215, 0.5124902346425342, 0.5124902346425342, -0.13011139794566134, 0.0058758766640860174], [-0.16511804376495537, 0.5828306404809047, 0.26647531886647424, 0.3784267109854218, 0.20700127700665483, 0.26130016340092443, -0.3287831206374894, -0.46992713642006256, -0.2181920128831078, 0.5681647076957346, -0.4086357257229808, -0.4086357257229808, -0.7195480274102537, 0.002151152671198163]], "inverted": false, "swapped": false, "error_lsq": 0.05454563032655019, "error_max": 0.3297750265793228, "target": "367.xyz", "model": "6.xyz", "model_rescale": 3.89814844738969, "target_rescale": 4.0454189535487615},
{"mapping": [10, 5, 7, 9, 11, 4, 1, 8, 3, 2, 6, 0, 13], "R": [[0.015985179983678766, 0.3986165662181693, -0.9169783569732306], [0.5636948269239562, -0.7610531165208424, -0.32100824901096287], [-0.8258284423050957, -0.5117645815903531, -0.23686366734809805]], "T": [-0.07052980555749076, 0.08903822905610051, 0.021712708029169487], "aligned_model": [[0.3588428505919395, -0.09274425293973863, 0.4133237775071199, -0.4317852213309388, 0.6511904440710808, -0.45257368086184124, -0.6636127557581757, 0.37182350052062296, -0.4756450136364375, -0.5893710480925507, 0.01998804663479746, 0.023898458208941306, 0.015296695989402961], [-0.20707770601883566, 0.19473823704207316, 0.42351078310032886, -0.6227652204540277, -0.021334806552096297, 0.6911180371280677, 0.03065724448775084, -0.5773970058990232, -0.06270998131413605, 0.4924266503067597, 0.7113803068396609, -0.2229079722002301, 0.1341426990041929], [-0.43574755805144827, -0.829515175507104, -0.31556618514619117, -0.025775245121217965, -0.03355038285486951, -0.4033422405348971, -0.2023586643875975, 0.328277829434402, 0.434441508002707, 0.24995875173067142, 0.05309094444772193, 0.7335586624982373, 0.0488027863258811]], "inverted": false, "swapped": true, "error_lsq": 0.049606119208197214, "error_max": 0.3168860411577743, "target": "367.xyz", "model": "7.xyz", "model_rescale": 3.7474275329858107, "target_rescale": 4.0454189535487615},
{"mapping": [4, 3, 5, 8, 6, 0, 7, 10, 13, 2, 12, 12, 11, 14], "R": [[-0.9346395255038001, 0.2105157218832095, -0.2865869644733036], [0.3519197332053469, 0.663189760375635, -0.6605541939262708], [0.05100449731846046, -0.7182356664583701, -0.6939279996371325]], "T": [0.0073470346609308965, 0.050213384957970716, -0.03620673888291184], "aligned_model": [[-0.7504941862231358, 0.2017801910373605, 0.09761096039623338, -0.4567322481267304, 0.6819853465107758, 0.5582768025255679, 0.3120922406320775, 0.6385932016657996, -0.6566744630857192, -0.386905592175656, 0.01764751853029103, 0.01764751853029103, -0.03865895454250598, -0.03578963341715657], [0.13837905920711804, -0.17464761925109828, -0.6121156974446641, -0.2930655588491318, -0.33719548940105554, 0.26139462846933265, -0.4988002100894257, 0.019659998472702944, 0.490200071079845, 0.38355098722270425, 0.457379242356304, 0.457379242356304, -0.15080414833632844, 0.08909347189838875], [0.13737132326396867, 0.6163021219551615, 0.22107535209200083, 0.3271117190606594, 0.21221952915251185, 0.25720783283528625, -0.30000981660330905, -0.4555611557002449, -0.45285886627260297, 0.6286544533961197, -0.4996206827824159, -0.4996206827824159, -0.6226838107753734, -0.022077138293863333]], "inverted": false, "swapped": false, "error_lsq": 0.053850328644287904, "error_max": 0.4070843563373777, "target": "367.xyz", "model": "8.xyz", "model_rescale": 4.019505241142653, "target_rescale": 4.0454189535487615},
{"mapping": [12, 6, 7, 11, 8, 10, 5, 0, 3, 2, 4, 1, 13], "R": [[0.06750915513178285, -0.9375376177750023, -0.34127075648254196], [-0.9026286325084574, 0.08834493572556895, -0.42125612649260896], [0.4250930083514722, 0.3364794014325672, -0.8402842058864824]], "T": [0.06823008744788674, -0.07963446709789573, 0.09336810258528554], "aligned_model": [[-0.39774192219262894, -0.4781201875702089, -0.020618677873561767, 0.2342634093039883, 0.5137412580850775, 0.5798193204691513, 0.4056531581501884, -0.016907318595630938, -0.03366151342449607, -0.4253489387642161, -0.25843932181141027, 0.1962252066215297, 0.020836299343393767], [-0.5416544193822839, 0.13275442152956518, 0.14066206327334302, -0.3778695210404806, -0.7987256452401612, -0.018990352196934776, 0.6569719940826473, -0.825050097834531, -0.3117940580681221, 0.12679667130613903, 0.6813277540407725, 0.3153101627085652, -0.11636074506445998], [-0.21844070727601045, -0.13658857603363567, -0.5417055676626438, -0.5544012418272491, -0.04162159259764732, -0.371297549127065, -0.18914114642310192, 0.3171066819940705, 0.6348576587977892, 0.5380934558096531, 0.1512725264079119, 0.5760685210328084, 0.012501030948998626]], "inverted": true, "swapped": true, "error_lsq": 0.05457958534116381, "error_max": 0.27512888040728734, "target": "367.xyz", "model": "9.xyz", "model_rescale": 3.877068213659057, "target_rescale": 4.0454189535487615},
{"mapping": [0, 6, 10, 12, 14, 13, 9, 2, 1, 3, 4, 7, 8, 15], "R": [[-0.41800811368456464, 0.03138196298655237, 0.9079010900384376], [-0.09832190258640382, -0.9950952660364447, -0.010872671412645932], [0.9031068709547404, -0.0938114274007613, 0.4190434294000681]], "T": [-0.002192975066567052, 0.014132368401039845, 0.024087006327140392], "aligned_model": [[-0.7643578211365644, 0.08306837859975878, 0.15320834481354537, -0.5544900804560571, 0.6666105935821682, 0.6793320380307308, 0.3244569210924105, 0.5201219754330042, -0.6119252355819048, -0.08508869179774659, 0.0990336706565779, -0.0229250477549112, -0.1979338335132912, -0.08873250971022811], [-0.1723560083684369, -0.0860750412512123, -0.6358061441773657, -0.1681025649702882, -0.38175764081005975, 0.20760181922370616, -0.41969930692249247, 0.13908409330461696, 0.4573248974725236, 0.4865293825995927, 0.664567232455772, 0.4157201953362793, -0.26827354683876103, -0.008349389362878637], [-0.11042272707075579, 0.6265764682653716, 0.2620809959713475, 0.4930790661224724, 0.0982114544406846, 0.333492442744756, -0.3510599338509179, -0.36569436428689533, -0.4056961516322113, 0.4396958414740143, -0.1333243451145966, -0.6862537343292616, -0.6667496973736748, 0.013574863185149482]], "inverted": false, "swapped": false, "error_lsq": 0.04230182607824722, "error_max": 0.31832099986508267, "target": "367.xyz", "model": "10.xyz", "model_rescale": 4.260839863003843, "target_rescale": 4.0454189535487615},
{"mapping": [8, 3, 1, 9, 5, 10, 11, 12, 2, 4, 7, 13], "R": [[-0.5215552637907197, -0.5222220553977099, -0.6747327112778692], [0.5076061953370548, 0.44571744675495617, -0.7373411070282756], [0.6857959297543497, -0.727062640021088, 0.03261687014312098]], "T": [0.0574730693413498, -0.04165462174270333, -0.02980792918009778], "aligned_model": [[0.2850782234903996, 0.20000061702703262, -0.39196195394753575, -0.35636514670782005, -0.6478085045364766, -0.25700045185113585, 0.2650300606190926, 0.7568818277659521, 0.1736747004556551, -0.26811028173714846, 0.06981344159856148, 0.12966611691755353], [0.07235055483318907, -0.6137662900136898, -0.4576514233859135, -0.46127559541907664, 0.36093816944248563, 0.49027342268827484, 0.5862576611830502, 0.15409553187281888, -0.5226621468571293, -0.05949089693824493, 0.5962117157337526, 0.027797802393417226], [-0.8477280089976923, -0.1291308906437409, 0.1443142290266914, -0.5702530246733505, 0.24723327552510788, -0.34520352190977566, -0.3440730962763783, -0.011742769815646453, 0.45921523134451553, 0.7336098306552289, 0.19979494920310809, -0.019858126042563304]], "inverted": false, "swapped": true, "error_lsq": 0.04613436511145925, "error_max": 0.23107621302555384, "target": "367.xyz", "model": "11.xyz", "model_rescale": 3.890672605050136, "target_rescale": 4.0454189535487615},
{"mapping": [3, 6, 1, 0, 11, 9, 2, 10, 7, 8, 12, 12, 4, 13], "R": [[0.6369078418513805, -0.7703325264048007, -0.030597381440479188], [0.49797341861317984, 0.44137188351059875, -0.7464672362542173], [0.588532815858997, 0.46019415381891116, 0.6647183354233404]], "T": [0.06168572197607974, 0.0058739465657680415, 0.12306777578551945], "aligned_model": [[-0.8391788731846541, 0.20946457264951449, -0.02197359405239175, -0.3874256674135913, 0.555924860233933, 0.645306252082153, 0.29274789522422, 0.5189136065660475, -0.4177070043775164, -0.4733972260523382, 0.1731391712257113, 0.1731391712257113, -0.21400298955371427, -0.014571472315591992], [-0.03998072236634263, -0.06998210616910192, -0.7070103097089654, -0.36596128438750036, -0.22387174411443, 0.4923309893600648, -0.48340212036460734, -0.010424341573401184, 0.6010172966615498, 0.25880401791101043, 0.49199417383332955, 0.49199417383332955, -0.2785707060999675, 0.07347066087602763], [-0.07543533886271223, 0.6748518046398173, 0.4232268109443945, 0.2165132716086173, 0.047524703811541405, 0.29208563985892183, -0.33821666584423826, -0.6451883870922525, -0.25502107228122395, 0.5340466847049928, -0.43046397582116747, -0.43046397582116747, -0.45498414033452306, -0.010965180965517823]], "inverted": true, "swapped": false, "error_lsq": 0.052597081681851454, "error_max": 0.2987728861380088, "target": "367.xyz", "model": "12.xyz", "model_rescale": 4.124412569039231, "target_rescale": 4.0454189535487615},
{"mapping": [5, 9, 8, 4, 10, 7, 1, 6, 3, 2, 12, 0, 13], "R": [[-0.5031331889479961, 0.30556021903864017, -0.8083872504685353], [-0.8312864658633605, 0.08460980042541633, 0.5493669023015271], [0.23626215492842773, 0.9484061019484373, 0.2114380758887723]], "T": [0.12711122206931152, 0.11109707763795829, 0.002306319891053822], "aligned_model": [[-0.30257904329327884, -0.020479098617050828, 0.8145258762760916, -0.5456113517226713, 0.3641068734583504, 0.30299587574643094, -0.46597720888264677, 0.05891442003985495, 0.005650055963443701, -0.3172006785202515, 0.6631505167266536, 0.6086761198688084, 0.2011259504660231], [-0.38988649974636136, 0.7662414295435581, 0.5273164626502951, -0.34941552054471026, -0.12109251530653348, -0.5330611169428858, 0.3241916875910592, -0.35800201685439226, 0.6262980499661827, 0.1928323192173636, -0.04142023607490386, 0.6519628105850996, 0.051520522424705936], [0.5506097159358101, 0.4363889240811622, 0.2989830128951693, -0.15422422942786548, 0.6115981006066865, 0.12006896248264554, 0.09286296180389925, -0.41216077507019233, -0.27573334766605795, -0.5267692844399894, -0.46375958487508434, -0.29520216822497924, -0.03096420713336514]], "inverted": false, "swapped": true, "error_lsq": 0.04992577302752062, "error_max": 0.2710950364855173, "target": "367.xyz", "model": "13.xyz", "model_rescale": 3.9028299243045295, "target_rescale": 4.0454189535487615},
{"mapping": [8, 10, 4, 5, 7, 9, 3, 6, 12, 13, 11, 1, 2, 15], "R": [[0.9133891713430051, -0.15766666075644084, -0.37531512860428656], [-0.21521761737341397, -0.9695987006388772, -0.1164462832876694], [-0.3455453643813639, 0.18713520194050814, -0.9195535967790219]], "T": [-0.036348485856241716, -0.027454143903293204, -0.06863236520134725], "aligned_model": [[-0.7772411512487543, 0.19478820753278675, -0.018972427842123274, -0.4261078343384332, 0.7499118387910177, 0.657942103874338, 0.25548245375503714, 0.5003681984249742, -0.5101017215327462, -0.4169951342670584, 0.13123500840124053, 0.09488479298073811, -0.3069734259075195, 0.07215779363399483], [-0.19062570544318183, -0.06168001245373095, -0.5936943322286306, -0.11801285223516927, -0.25252774164566333, 0.2992175399626179, -0.5345416311298363, -0.008402065309131807, 0.48224814518842846, 0.3421448992705657, 0.687387569244921, 0.3620854063321791, -0.17688990616588907, -0.006301335696483692], [-0.21340894973709562, 0.6390095081640781, 0.3034340208319589, 0.25072418204820035, 0.32093731190669256, 0.04132964840078862, -0.28400745248402215, -0.4635760084780261, -0.06995037187336862, 0.5239518297733536, -0.15093537810916818, -0.5718574848752835, -0.7368994258402985, -0.0412412511823267]], "inverted": true, "swapped": false, "error_lsq": 0.036593823127215534, "error_max": 0.22850582904471173, "target": "367.xyz", "model": "14.xyz", "model_rescale": 3.942246331269136, "target_rescale": 4.0454189535487615},
{"mapping": [13, 6, 10, 4, 9, 7, 5, 2, 12, 11, 0, 1, 3, 14], "R": [[-0.09422204143069704, 0.6925017856696851, -0.7152366627578103], [-0.9842718235200809, 0.04304169448348508, 0.1713370653432727], [0.14943622162342896, 0.7201310223704349, 0.677554519051143]], "T": [-0.023478217248422452, -0.00037240304031275, 0.02861984087534853], "aligned_model": [[-0.7988225735676505, 0.2160091467311227, -0.02857830546628689, -0.46622241098468276, 0.6464526532463097, 0.7133110950881072, 0.29465565177720493, 0.6302867902570397, -0.5644978984091835, -0.3541738129231465, 0.3279674710536314, -0.07893248508139114, -0.3428822221604557, 0.0058056026968732605], [0.2241326631859288, 0.09061194652517388, -0.6092465661378647, -0.3780259821469589, -0.3758516090565983, 0.35796388199933027, -0.2283623166431141, 0.17319168998891551, 0.38410310481001414, 0.07561844873109816, 0.5930869630457999, 0.16259934360486342, -0.30682179662321657, 0.06740820640762397], [0.12541059904981994, 0.5257687521350385, 0.4004353309448014, 0.09946707104967242, 0.270219304326557, 0.27298866904230285, -0.4709709905690309, -0.3250957782479956, -0.44840484048054313, 0.6602659744857309, -0.22634955306600751, -0.7632175602084524, -0.5376113674834552, -0.03539543243295567]], "inverted": false, "swapped": false, "error_lsq": 0.062119231104103216, "error_max": 0.42215462652182134, "target": "367.xyz", "model": "15.xyz", "model_rescale": 4.355366556412066, "target_rescale": 4.0454189535487615},
{"mapping": [5, 1, 4, 11, 7, 10, 12, 8, 2, 9, 3, 13], "R": [[0.3149883100740535, 0.5277148649546388, -0.7888595475891761], [0.9018803561064014, 0.09246683489811916, 0.421973586511425], [0.2956250797650345, -0.8443736766087819, -0.44680969826547595]], "T": [0.017664263164071284, 0.05458634278434613, -0.08436333583983283], "aligned_model": [[-0.25682538155836604, 0.49919597333035143, 0.21281087789628883, -0.675611104796028, -0.5621146617036821, -0.5338398878830946, -0.2346692217800716, -0.2729034479132964, 0.5713303932895922, 0.36125357723756696, 0.5441020361007948, -0.054920597588274694], [-0.7442052392266628, -0.32671471881826525, -0.6349941170995377, 0.28093814903417363, -0.18507395855830497, -0.11978308763678494, 0.5694987501996073, 0.6781804929634409, -0.03800676801026031, 0.10632341548119428, 0.3326985936929411, 0.09391491571943922], [0.06677344498759094, 0.08326845601275867, -0.5033214666228875, -0.019167792168634873, -0.34158419283721797, 0.29872137151485323, -0.530468826783591, 0.4260240509476988, -0.49533175555723585, 0.6358410729344011, -0.029520281448307983, -0.141975619770006]], "inverted": true, "swapped": true, "error_lsq": 0.04511411961246409, "error_max": 0.2542113943401808, "target": "367.xyz", "model": "16.xyz", "model_rescale": 3.795458400668931, "target_rescale": 4.0454189535487615},
{"mapping": [10, 5, 7, 9, 11, 4, 1, 8, 3, 2, 6, 0, 13], "R": [[0.015985179983678766, 0.3986165662181693, -0.9169783569732306], [0.5636948269239562, -0.7610531165208424, -0.32100824901096287], [-0.8258284423050957, -0.5117645815903531, -0.23686366734809805]], "T": [-0.07052980555749076, 0.08903822905610051, 0.021712708029169487], "aligned_model": [[0.3588428505919395, -0.09274425293973863, 0.4133237775071199, -0.4317852213309388, 0.6511904440710808, -0.45257368086184124, -0.6636127557581757, 0.37182350052062296, -0.4756450136364375, -0.5893710480925507, 0.01998804663479746, 0.023898458208941306, 0.015296695989402961], [-0.20707770601883566, 0.19473823704207316, 0.42351078310032886, -0.6227652204540277, -0.021334806552096297, 0.6911180371280677, 0.03065724448775084, -0.5773970058990232, -0.06270998131413605, 0.4924266503067597, 0.7113803068396609, -0.2229079722002301, 0.1341426990041929], [-0.43574755805144827, -0.829515175507104, -0.31556618514619117, -0.025775245121217965, -0.03355038285486951, -0.4033422405348971, -0.2023586643875975, 0.328277829434402, 0.434441508002707, 0.24995875173067142, 0.05309094444772193, 0.7335586624982373, 0.0488027863258811]], "inverted": false, "swapped": true, "error_lsq": 0.049606119208197214, "error_max": 0.3168860411577743, "target": "367.xyz", "model": "17.xyz", "model_rescale": 3.7474275329858107, "target_rescale": 4.0454189535487615},
{"mapping": [8, 11, 10, 3, 12, 7, 5, 9, 0, 1, 2, 6, 4, 13], "R": [[0.06529253091255449, 0.6831639916937844, 0.7273402545301942], [0.840730611353069, 0.35495921382496665, -0.4088716126789147], [-0.5375024879392912, 0.638193479262971, -0.5511806949497557]], "T": [0.026714431059021514, 0.01724722780278057, 0.025549692128864356], "aligned_model": [[-0.5746390759473233, 0.1796851227453508, -0.036047284440017195, -0.45791238614496443, 0.6829785529975128, 0.6330403809718119, 0.17038211861992317, 0.4895310563977145, -0.6057626021351452, -0.22102010272526518, 0.06500896942509043, 0.11456620520229341, -0.2344988510060527, -0.004933401703436667], [-0.34033845361876325, -0.09670382931389924, -0.6275483759031287, -0.12299225519438214, -0.341028836321341, 0.3241317082500857, -0.60406655172258, 0.061556769705563036, 0.4634152937559271, 0.48926848638203013, 0.7039041200468601, 0.37207252838926075, -0.15595420853802452, 0.10469158177338769], [-0.13986158702754617, 0.722221627743506, 0.2637491190228146, 0.4794868207762764, 0.03942728001469623, 0.35052667617425304, -0.3158426329065827, -0.45565878832689855, -0.2907559356844936, 0.46639200977727246, -0.1501448282032015, -0.6536998079106463, -0.7432121082637406, -0.02511766664022659]], "inverted": false, "swapped": false, "error_lsq": 0.04781749586376943, "error_max": 0.3137742847935933, "target": "367.xyz", "model": "18.xyz", "model_rescale": 3.922800546911778, "target_rescale": 4.0454189535487615},
{"mapping": [3, 10, 11, 9, 4, 6, 13, 8, 0, 2, 1, 5, 12, 14], "R": [[-0.19948039243114285, -0.964626396136423, 0.1723470014603506], [-0.4421753043301869, -0.06834585883093153, -0.8943208841468309], [0.8744647352958403, -0.25460706875010214, -0.41290031153591655]], "T": [0.04477827690650387, 0.006087298680962992, -0.09000570690318915], "aligned_model": [[-0.581042740770834, 0.2242112967494331, 0.09013533299169743, -0.48475054998575967, 0.6201018014237152, 0.617998271997217, 0.2999835445196467, 0.5193315080735682, -0.568798287636936, -0.30989364331277797, 0.16422070181091086, -0.10299928961816324, -0.2646537508934777, -0.023465493090747767], [-0.017832143026759145, -0.05930976449753279, -0.5972618089669055, -0.17345977768073995, -0.2991215855604495, 0.2881033939927205, -0.5985482489429266, 0.08460449074546841, 0.5470209132604233, 0.30542376291248885, 0.7295178941154932, 0.39027330821410167, -0.30763498227924463, -0.06136747459514242], [-0.2201024314076797, 0.6936572709010331, 0.2857018982003143, 0.5016912212408158, 0.22577510031816622, 0.17009721719883636, -0.2927367423966445, -0.46819208339079244, -0.2613453104335696, 0.4556447975198546, 0.011801486644428677, -0.7327316369050569, -0.741499525114252, -0.08025108382997109]], "inverted": false, "swapped": false, "error_lsq": 0.0388071723914533, "error_max": 0.2312859032054502, "target": "367.xyz", "model": "19.xyz", "model_rescale": 3.9282355846067225, "target_rescale": 4.0454189535487615},
{"mapping": [10, 4, 0, 11, 3, 6, 1, 5, 12, 9, 7, 7, 2, 13], "R": [[0.177381164464052, -0.2610276682945434, 0.9488943454769296], [-0.5831055049350122, -0.8045930556887742, -0.11232980393415398], [0.7927949877539975, -0.5333803250234441, -0.2949263234606632]], "T": [0.07156097688630648, 0.11534072647194722, 0.06604786861460357], "aligned_model": [[-0.6559400534571029, 0.23697844033451276, -0.034111695835399275, -0.3842342702445369, 0.6124201257108638, 0.6652062912278733, 0.17326481770153374, 0.5875166363585242, -0.6099378437413967, -0.43580341585057336, 0.03264294516489503, 0.03264294516489503, -0.052931688626264975, 0.03266546834966866], [-0.2232895399114917, -0.11877811833131234, -0.6411785393999303, -0.20191662482511763, -0.39880780157070644, 0.3876672725760743, -0.5436196778829079, -0.014039867689472588, 0.5793103963362118, 0.459314446783864, 0.5523442747696821, 0.5523442747696821, -0.12877439261418372, -0.03016812531939629], [-0.24749023517794008, 0.629247011222403, 0.3041841212124914, 0.5187747587667775, 0.1634015608193922, 0.04969100142179966, -0.27589994986437016, -0.3864348068124439, -0.14152344008835818, 0.3864979863479272, -0.3762315249385474, -0.3762315249385474, -0.7108855874979625, 0.010410808072861086]], "inverted": true, "swapped": false, "error_lsq": 0.05106398162142713, "error_max": 0.28430684121670613, "target": "367.xyz", "model": "20.xyz", "model_rescale": 4.067790424073018, "target_rescale": 4.0454189535487615},
{"mapping": [2, 5, 8, 4, 1, 10, 7, 9, 3, 6, 11, 12, 0, 14], "R": [[-0.4084798447222969, -0.7573188084478205, -0.509521774634629], [-0.2109652554709952, 0.6214341376132345, -0.7545285107886601], [0.8880528573456121, -0.20071829757166848, -0.41361127593457264]], "T": [-0.0048229722596544195, 0.040319510506298895, 0.03670981268033562], "aligned_model": [[-0.7359372003253957, 0.12026527908847887, 0.016323566666120615, -0.50827329076432, 0.7160734949376644, 0.7290197834079385, 0.2932100532033425, 0.6312697702859585, -0.5353059648921981, -0.5015831228666087, 0.06231057592418196, 0.18114736805708215, -0.3288999946202904, 0.06075838415553764], [-0.06246907371446481, -0.19058207349040412, -0.5185810676229649, -0.3489717041239374, -0.3369313027140539, 0.4018448354376882, -0.5356421984777845, 0.002841561924965777, 0.5434626792045079, 0.40476589382259615, 0.6816135254108472, 0.4291288021462046, -0.31739789109995387, 0.07732599098774931], [-0.056179497859996964, 0.5653907265975733, 0.14784425551102964, 0.5240111791318823, 0.1429887324425648, -0.008689206484349461, -0.33221888331157656, -0.4082972948132704, -0.39823818762632884, 0.44654525423218366, -0.010906645976324687, -0.5967380811157045, -0.4843183762757837, 0.016316204093584124]], "inverted": true, "swapped": false, "error_lsq": 0.046732871079945656, "error_max": 0.24277831535100639, "target": "367.xyz", "model": "21.xyz", "model_rescale": 4.186013935880536, "target_rescale": 4.0454189535487615},
{"mapping": [2, 6, 4, 9, 8, 1, 3, 12, 5, 7, 11, 10, 13], "R": [[0.29331081581915436, 0.33447549672754, 0.8955975141838927], [0.8819572783037501, 0.2668594568684279, -0.38850661452146396], [-0.36894460908182924, 0.9038319381216584, -0.21672033374998106]], "T": [-0.004946242769736751, -0.11775762246830931, 0.00804931305733618], "aligned_model": [[0.054804747811167856, -0.3208610987955472, 0.2951524371196532, 0.5397220774800017, -0.24788751063036096, 0.5624207357129504, 0.07082973129276597, -0.7279213906998061, 0.5028829977946953, -0.2505488298429946, -0.4218978788980981, 0.09940028733318483, -0.09752227025438695], [-0.3725829188516435, 0.1617634346260223, 0.28076946355745414, -0.5513591108305586, -0.4229043148853503, -0.25176068931243845, -0.6934290217784428, -0.17942047329701097, 0.5738234630116211, 0.5136560060636387, 0.22279544273206844, 0.3164964579694224, -0.07889107945868919], [-0.6365502504451213, -0.45944776655842096, -0.655461253005333, 0.40143322485463956, 0.7707154129512186, -0.2478834806961125, -0.1346088632460432, -0.02830604813711303, -0.0008920349691234758, 0.03524177454889113, 0.5043267332971285, 0.538945362369563, 0.015366750371172489]], "inverted": false, "swapped": true, "error_lsq": 0.0469945856054574, "error_max": 0.27620891712114953, "target": "367.xyz", "model": "22.xyz", "model_rescale": 4.166573947596378, "target_rescale": 4.0454189535487615},
{"mapping": [6, 7, 13, 5, 10, 8, 14, 9, 2, 1, 3, 11, 12, 15], "R": [[0.17282137911066728, 0.6264684034819695, -0.7600461238379151], [0.024109498899641424, 0.7687352709455566, 0.6391125216009071], [0.9846580639923158, -0.1287766385763118, 0.1177500504114149]], "T": [0.047716349094647496, 0.11530470041901164, -0.05054456532620432], "aligned_model": [[-0.7007039817793357, 0.24385210938549837, 0.028935350600966296, -0.3217709548807897, 0.4738349091451121, 0.6718497859118356, 0.2636771014609116, 0.5475518217284147, -0.45002495431059936, -0.4952811407299691, 0.14588504812822492, 0.018688630790517184, -0.22279091673967044, -0.0033241064536239096], [-0.014571361248235382, -0.13646905544245513, -0.6791589675529689, -0.3208393781234995, -0.44076924815304075, 0.5187980246095971, -0.576385665877361, 0.140340440843903, 0.5563354015513131, 0.30150415043345435, 0.6477236465748184, 0.3122216384821926, -0.1934310564654531, 0.11510940805873118], [-0.09644498914937515, 0.5894010472415797, 0.24149634493095695, 0.5530442484821798, 0.21430627874283703, 0.26840641931184656, -0.3681971331269903, -0.3821872620352531, -0.1532809013144429, 0.3720457229266447, -0.31192479472479406, -0.8137446953709269, -0.5613179072118546, -0.004092200156925491]], "inverted": true, "swapped": false, "error_lsq": 0.0481666319428748, "error_max": 0.26525748438908964, "target": "367.xyz", "model": "23.xyz", "model_rescale": 4.274766983524099, "target_rescale": 4.0454189535487615},
{"mapping": [12, 6, 2, 3, 1, 9, 8, 10, 11, 5, 13], "R": [[-0.3536766420191846, -0.15473909163017602, 0.9224796184260666], [-0.878656066961709, 0.393143185495603, -0.27092794556809846], [-0.32074343154835483, -0.9063631993962673, -0.27500800333580827]], "T": [-0.06556256918921148, 0.12250829119354964, -0.007241588001660949], "aligned_model": [[0.3678313142960126, 0.2473813911299368, -0.4218815582659975, -0.5558947853732651, -0.5950049404557787, -0.6570826930127872, 0.039846108647898795, 0.28458632163879327, 0.560284907152577, 0.08411328725741703, 0.025715350943268073], [-0.15215849279249963, 0.5089609916523603, 0.4764921191296342, -0.06934611787448275, 0.44504607499473403, -0.21187233993098423, -0.7024608922167301, 0.014328469999944651, -0.2053229043940046, 0.7070108137243232, 0.10490880895118843], [-0.5215809540983696, -0.39351626368473325, -0.48864260316763, -0.2905384587718915, 0.13775447623080767, 0.4143248581193243, 0.1979641636480947, 0.5818325163647657, 0.18500299185328, 0.6028476040207082, -0.045881896492779066]], "inverted": true, "swapped": true, "error_lsq": 0.04904459411543206, "error_max": 0.2580213507929345, "target": "367.xyz", "model": "24.xyz", "model_rescale": 3.7841303162186577, "target_rescale": 4.0454189535487615},
{"mapping": [4, 11, 7, 6, 10, 14, 0, 9, 5, 3, 12, 2, 8, 15], "R": [[-0.3176321763777875, 0.941156015541359, -0.1154779413560166], [-0.4824278666977244, -0.05555616445297984, 0.8741721032066605], [0.8163168220507236, 0.33337496456930743, 0.4716863142337504]], "T": [0.05512299586514412, -0.06872255347720573, -0.04600633617873526], "aligned_model": [[-0.6661149219321407, 0.12568145343212062, 0.15834699028565002, -0.5023242884553606, 0.7705403151366426, 0.6923262841227746, 0.0718662682789912, 0.4397789635943471, -0.4241045065283974, -0.46855223497728826, 0.14819455338184018, -0.14443548898927194, -0.003011232837442923, 0.0021865477450281195], [0.03851563572760179, -0.1217918999829629, -0.6184082598234529, -0.2531420913564237, -0.33622609841494194, 0.39560433851992355, -0.7800639448612219, 0.2284473595678836, 0.648348603541734, 0.3584088775140879, 0.6825829519633805, 0.32486431728712045, -0.26362076323315575, -0.07311104875857666], [-0.20418401970541375, 0.7166421527661436, 0.28565009948136433, 0.375026217782522, 0.10189571928137725, 0.04158058700338568, -0.23320419162671036, -0.3713838673593747, -0.20565815159231207, 0.3925422710412697, -0.09127916582541803, -0.6576098141052241, -0.6010674885988484, -0.001440169997278376]], "inverted": false, "swapped": false, "error_lsq": 0.053078713891246174, "error_max": 0.41782812605435526, "target": "367.xyz", "model": "25.xyz", "model_rescale": 4.19342608120988, "target_rescale": 4.0454189535487615},
{"mapping": [5, 1, 4, 11, 7, 10, 12, 8, 2, 9, 3, 13], "R": [[0.3149883100740535, 0.5277148649546388, -0.7888595475891761], [0.9018803561064014, 0.09246683489811916, 0.421973586511425], [0.2956250797650345, -0.8443736766087819, -0.44680969826547595]], "T": [0.017664263164071284, 0.05458634278434613, -0.08436333583983283], "aligned_model": [[-0.25682538155836604, 0.49919597333035143, 0.21281087789628883, -0.675611104796028, -0.5621146617036821, -0.5338398878830946, -0.2346692217800716, -0.2729034479132964, 0.5713303932895922, 0.36125357723756696, 0.5441020361007948, -0.054920597588274694], [-0.7442052392266628, -0.32671471881826525, -0.6349941170995377, 0.28093814903417363, -0.18507395855830497, -0.11978308763678494, 0.5694987501996073, 0.6781804929634409, -0.03800676801026031, 0.10632341548119428, 0.3326985936929411, 0.09391491571943922], [0.06677344498759094, 0.08326845601275867, -0.5033214666228875, -0.019167792168634873, -0.34158419283721797, 0.29872137151485323, -0.530468826783591, 0.4260240509476988, -0.49533175555723585, 0.6358410729344011, -0.029520281448307983, -0.141975619770006]], "inverted": true, "swapped": true, "error_lsq": 0.04511411961246409, "error_max": 0.2542113943401808, "target": "367.xyz", "model": "26.xyz", "model_rescale": 3.795458400668931, "target_rescale": 4.0454189535487615},
{"mapping": [8, 12, 11, 10, 5, 3, 0, 9, 2, 7, 1, 4, 13], "R": [[0.2834279296296418, -0.10165766637082771, -0.9535902304312329], [0.9316372853848249, -0.20662234928658132, 0.2989300474293073], [-0.2274215846982181, -0.973125338095423, 0.036145527662765714]], "T": [-0.10383321277783222, -0.04391694350750054, -0.0050006347694508055], "aligned_model": [[-0.08155038504882264, 0.44113433501820976, 0.4388967309517594, 0.07525062294941831, -0.10234928937467488, -0.5078391292365068, -0.162922444889354, -0.7954850611165373, -0.3097021443121219, 0.46876040432749433, -0.6426284489194053, -0.1157052635435574, -0.0061835439846448514], [-0.8110012877590286, -0.40353134924770306, -0.3145854996721588, -0.028265379020783674, 0.6508315808223115, -0.29765226955085866, -0.7819185691614456, -0.30307895460680934, 0.2022457019165798, 0.23466835740551378, 0.2889987270612602, 0.7518486573798555, -0.0666782123098185], [-0.38563120086042474, 0.3135977566541353, -0.415243338312569, -0.6750748308156822, -0.5085650983520774, 0.35539986090039594, 0.249585019875073, -0.3113949959238169, 0.6122810228606461, -0.23795988185007513, 0.060042081314289376, 0.23110419385407596, 0.003996072755455798]], "inverted": false, "swapped": true, "error_lsq": 0.05396079061132655, "error_max": 0.3246865670818985, "target": "367.xyz", "model": "27.xyz", "model_rescale": 3.6321398670334006, "target_rescale": 4.0454189535487615},
