[{"mapping": [13, 4, 2, 3, 6, 11, 1, 7, 0, 8, 10, 9, 12, 14], "R": [[0.5071155409600792, 0.5986081807316177, 0.6200823123408287], [0.44670794658028434, 0.43272878563976575, -0.7830694787442296], [-0.7370792620734842, 0.6741023987792334, -0.047959539002072664]], "T": [-0.033543444106474654, 0.09033053294934197, 0.21269582139644044], "aligned_model": [[0.09167421419633774, 0.2845860438241031, -0.4480734170463536, -0.3096468356187609, -0.633647949566072, -0.15535114870558875, -0.7641992529914082, -0.19405367688373515, -0.3496795400855732, 0.34376358648310834, 0.7098758071552472, 0.35538654190912694, 0.4908077551061641, -0.04995002664829211], [-0.47292411004362706, -0.5119820758174264, -0.37850876659532945, -0.20922919451395783, -0.03498682042120456, 0.2920579548229754, 0.3242544203876094, 0.42303426899871693, 0.734170708214963, 0.03637689542857285, 0.37114521196066746, 0.5814797062689537, -0.05488545384500053, 0.13527058696412134], [0.43874651586633073, -0.2521327860798338, 0.17334193402174136, -0.3804244791545344, 0.66806920903358, -0.6318275450682875, -0.053791661586230055, 0.7655089276110674, 0.02524745932665609, 0.7835109269348759, 0.40286906958539387, -0.18943501303044097, 0.01658288522097945, 0.13132264449853537]], "inverted": false, "swapped": true, "error_lsq": 0.050306099900932266, "error_max": 0.3363068924154917, "target": "368.xyz", "model": "0.xyz", "model_rescale": 3.8414455957264533, "target_rescale": 4.19053629029252},
{"mapping": [10, 8, 13, 9, 7, 11, 12, 11, 1, 5, 3, 6, 4, 0, 14], "R": [[-0.37670459153057545, 0.9252079225378331, 0.04565030988952523], [0.49137888236119476, 0.1578064893510126, 0.856530154687021], [0.7852645698675356, 0.345090440307952, -0.5140740640402105]], "T": [0.11824041915217916, -0.11730345107677977, 0.0648413343489374], "aligned_model": [[0.25822794547352795, -0.1445374054102211, -0.5345651221999309, 0.11666164298691628, 0.15793170495915446, -0.6480349830068884, -0.36272514999006855, -0.6480349830068884, -0.16673077486034177, 0.6687842242993988, 0.38852571066656394, 0.720205173552908, 0.3462957595771709, -0.26215785753580984, 0.09958459619618822], [0.10957351246569776, -0.5771301735713099, -0.500953592475932, -0.7899418244472659, -0.43572175000786606, 0.23073873382885896, 0.0038144515245061156, 0.23073873382885896, 0.6943847843369475, 0.15661945874736244, 0.6150637958719113, -0.43372590130375055, 0.1388931800367449, 0.022154192376711304, -0.033795082512222116], [-0.565485276463715, -0.5215114585145076, 0.10362915232983048, 0.17914271723107056, 0.6216082432721814, -0.06915138075917003, -0.5150656571904061, -0.06915138075917003, 0.1567734736842633, -0.17220411080871334, 0.12777748316529747, -0.3192712028524317, 0.48694473727044024, 0.6659786616564122, 0.03759593626211944]], "inverted": true, "swapped": false, "error_lsq": 0.056033606965955815, "error_max": 0.48116183010239694, "target": "368.xyz", "model": "1.xyz", "model_rescale": 4.316132596720782, "target_rescale": 4.19053629029252},
{"mapping": [3, 2, 1, 9, 11, 12, 0, 10, 6, 13, 7, 14], "R": [[0.9921434558425097, -0.07857985313620763, 0.09734767439427539], [-0.10165050430219044, -0.9599373044788824, 0.26112745249193503], [0.07292830728868036, -0.2689713333255227, -0.9603831963571094]], "T": [0.025091639777551696, 0.05715524080840984, 0.058925261907789996], "aligned_model": [[-0.2004994135781169, 0.3642378055311554, 0.11431569545590148, -0.6565612987174765, -0.6454362009489725, -0.352080088476557, -0.17389710262605074, -0.30232033809219105, 0.7360025002861166, 0.3263037599688585, 0.43333933545986525, -0.045596099630751626], [-0.6171130574684237, -0.4702122584758589, -0.2822435908992664, 0.3293462221510087, -0.3589776744757477, 0.08931178156794492, 0.22912251583422227, 0.7003050572776195, -0.03856261812374331, -0.12726408985851648, 0.5272064378432285, 0.03185770236851323], [-0.0516719470664641, 0.066509104460301, -0.673496321390885, -0.06543145720436802, -0.3231435771358284, 0.4961890163671972, -0.6342124066880277, 0.44214144338314876, -0.2030644680230743, 0.5681353761047855, -0.17440568834592632, 0.0017093867485628647]], "inverted": true, "swapped": true, "error_lsq": 0.0623368204312661, "error_max": 0.3553481128959202, "target": "368.xyz", "model": "2.xyz", "model_rescale": 3.795458400668931, "target_rescale": 4.19053629029252},
{"mapping": [11, 3, 1, 5, 9, 7, 2, 12, 13, 8, 0, 14], "R": [[0.16275675025093966, 0.6605299925239403, 0.732946361764677], [0.13258963876215923, 0.7214714658614869, -0.6796314528040897], [-0.9777168444599251, 0.20779569996513583, 0.029844918082076316]], "T": [0.12015091983712889, 0.025535844656730887, 0.0791815368807549], "aligned_model": [[-0.2819171201647528, -0.24485794007723388, -0.6888399272446337, 0.3058325519668042, 0.2603203921069608, 0.059216823912929706, -0.17679049330914137, 0.5834471472159201, 0.4238271937948356, 0.6492038041154669, -0.36770069759087703, 0.07156209101728696], [-0.15736345515909136, -0.5164343710524986, 0.06790436573559619, 0.0069324053250926845, 0.330186171813337, 0.5465577834947106, -0.4469018763367231, -0.14755392208973064, -0.3784941361207265, 0.24652840722351868, 0.5038126217321655, 0.030595050724059], [-0.6782086686779996, -0.2221448999220264, 0.02145292597170166, 0.836854167307478, -0.5854566727329142, 0.48769202195243594, 0.3652278839222489, -0.2206328807445197, 0.43775463478748283, 0.45649680025058237, -0.20867470292104262, -0.0015891785543266507]], "inverted": false, "swapped": true, "error_lsq": 0.05128701955178066, "error_max": 0.27360066084448725, "target": "368.xyz", "model": "3.xyz", "model_rescale": 3.7530521520055578, "target_rescale": 4.19053629029252},
{"mapping": [11, 2, 1, 6, 0, 13, 9, 12, 10, 7, 14], "R": [[-0.5517646285331912, 0.18028749603507105, -0.8142801811864476], [-0.7133691588321542, 0.403763282646306, 0.572782379978456], [0.4320419400089934, 0.8969234250258402, -0.09417075827018695]], "T": [-0.10467485818529179, 0.05536312929795935, 0.0056254420071737785], "aligned_model": [[-0.4066692061469479, -0.06641056318559294, 0.3484172336176159, 0.5010083013928958, 0.30502722514449476, -0.3254548122906695, -0.3655906445805118, -0.6389423194831134, -0.3681938762418835, 0.47365552699377345, -0.11864726277485577], [-0.7435131016380409, 0.2053571940965348, -0.46034708492624205, 0.3393944601892271, -0.5448549387732585, 0.5926935686524003, -0.45403925185919364, 0.11357074288540576, 0.21030242222399737, 0.2464588566798656, -0.03781950921634948], [-0.19273525870017408, -0.6020189770143066, -0.42836120070024986, -0.362707141363277, 0.15222545764736442, -0.2101670093962235, 0.4816878527819385, 0.21931283094386975, 0.7634159632276358, 0.27222257208381484, -4.431226507626944e-05]], "inverted": false, "swapped": true, "error_lsq": 0.04748505276324461, "error_max": 0.2559870515136839, "target": "368.xyz", "model": "4.xyz", "model_rescale": 3.7855080009869324, "target_rescale": 4.19053629029252},
{"mapping": [2, 3, 10, 5, 7, 15, 9, 14, 13, 1, 11, 0, 6, 8, 16], "R": [[-0.8908930971882717, -0.4541773218711891, -0.00569646207773547], [0.20024635198271, -0.4039889639485685, 0.8925773442819278], [-0.4076896956018209, 0.7940502989771345, 0.45085833118000385]], "T": [0.03483113375620923, 0.014229443225466383, 0.033372316446817485], "aligned_model": [[0.0932491694870643, -0.053644475047734834, -0.454573267769228, 0.22095957709448205, 0.14694031050146975, -0.7696176897675643, -0.4611432618362279, -0.2971252901865749, -0.14329981293548144, 0.7231356493943613, 0.4747541416746879, 0.615236848772112, 0.3120503953699892, -0.42466703220026314, 0.007175219150588143], [-0.03749460219963734, -0.485139666421544, -0.4946326016602396, -0.7734600690223594, -0.4567621642370987, 0.18704296291859418, -0.21574297874143433, 0.36520270510206887, 0.6457966670466889, 0.1593194807720498, 0.6382767612555014, -0.39845043297275473, 0.17135769927792316, 0.0975047046792838, 0.027894052902210708], [-0.7012688502494832, -0.4412002958859675, 0.21366936333486564, 0.03553553038841223, 0.6051833954451502, 0.08149387531958564, -0.42273743273690345, -0.44025211343796544, 0.34038998124947073, -0.2464306745061563, 0.25578841357968807, -0.2849017935250949, 0.603054034783633, 0.5599048798045425, -0.010618376040275476]], "inverted": false, "swapped": false, "error_lsq": 0.040517838011718085, "error_max": 0.28840607180358435, "target": "368.xyz", "model": "5.xyz", "model_rescale": 4.2253639853439635, "target_rescale": 4.19053629029252},
{"mapping": [0, 6, 8, 10, 7, 13, 12, 9, 2, 1, 5, 4, 11, 14], "R": [[-0.818715086336486, 0.2615038088868402, 0.5111960145997966], [0.30391010455983014, 0.9527005084904281, -0.0006240741248625253], [-0.48717990080818563, 0.1548466953465754, -0.8594639289631483]], "T": [0.041269574953070765, -0.03487722103452574, 0.03769687779771167], "aligned_model": [[0.6216204534601684, -0.3494445743778051, -0.4470585357765359, 0.037611473272078325, -0.14965108958073986, -0.5044849270426264, 0.0639813612147414, 0.6429334666091309, -0.21091666747672905, 0.43787372216606607, -0.6998313634883109, -0.01947195181486555, 0.8178793583877106, 0.13302142720550048], [-0.08074001243166093, 0.27789484509863616, -0.5172015920534683, -0.8066989446065458, -0.33236425314342866, 0.08886829574563547, -0.2528456778738255, -0.4176838733709727, 0.5388746606915273, 0.4772826802487884, -0.07212606226142051, 0.25957356319473335, 0.2958803111070761, -0.013614793710083672], [-0.421322242818107, -0.5391140677089371, 0.03712030400276962, 0.30597430274419923, -0.5254269156892019, 0.3039171660977135, 0.5729221324892725, 0.2513856254559392, 0.017572438438389244, -0.4521921511556685, -0.20370215747710677, 0.8055911977997604, 0.2748202325007112, 0.04401234425171479]], "inverted": true, "swapped": true, "error_lsq": 0.049125788504903824, "error_max": 0.31875426843133353, "target": "368.xyz", "model": "6.xyz", "model_rescale": 3.89814844738969, "target_rescale": 4.19053629029252},
{"mapping": [7, 5, 6, 10, 1, 13, 12, 0, 9, 4, 2, 11, 14], "R": [[0.41577408752852685, 0.3210437080483661, 0.8509188243671524], [0.49347583703341646, 0.7062792086245336, -0.5075936147439916], [-0.7639460101368356, 0.6309521511075608, 0.13522528095275624]], "T": [-0.08698588514394959, 0.059603086261538554, -0.05969519050371812], "aligned_model": [[0.24840815155745263, -0.02194200994850487, 0.4882788671493907, -0.6580282487300325, 0.6380649849400585, -0.3663919205947449, -0.6502592606088173, 0.40268635765541005, -0.33375583896064476, -0.6496760272002307, 0.13346270694611204, -0.015206128544201863, -0.06700983275702442], [-0.26573585266553995, 0.3101034624222314, 0.3280899087588244, -0.49209797737852934, 0.14177894865576263, 0.5040271796818744, 0.03266249846272838, -0.3961202208766169, -0.4783657330357327, 0.5654372725958517, 0.6464984885881668, 0.03240113500914808, 0.03510215525231653], [-0.5326889073467944, -0.7958408467470778, -0.48417142023987647, -0.2526498141589914, 0.29687491226452517, -0.3890182291989758, 0.06871608584386878, 0.25990839657334186, 0.3918547976799825, 0.2682744179463938, -0.07195572425842495, 0.8137225254437824, 0.029248837034541453]], "inverted": true, "swapped": true, "error_lsq": 0.05964737685224679, "error_max": 0.3723046677600123, "target": "368.xyz", "model": "7.xyz", "model_rescale": 3.7474275329858107, "target_rescale": 4.19053629029252},
{"mapping": [1, 1, 10, 12, 11, 6, 0, 3, 5, 4, 8, 13, 9, 7, 14], "R": [[-0.9594465758225853, -0.028645373225142247, -0.2804312941436967], [-0.03518459304040934, 0.9992130708830571, 0.018310745179584084], [0.2796860964633333, 0.027435042723553155, -0.9596994351753366]], "T": [0.035300581949036534, -0.06671350236892899, -0.005544795871637684], "aligned_model": [[-0.0117251712641138, -0.0117251712641138, -0.5132111026660372, 0.1721251071643226, 0.14301460627166404, -0.7275250391123669, -0.5122719751753522, -0.30052208927145274, -0.20864904970703838, 0.7574776991963451, 0.36671916033198504, 0.824793999854151, 0.24030432694484172, -0.31087970663419406, 0.08150488703303918], [-0.2669338089118441, -0.2669338089118441, -0.5044825260748319, -0.6683126887189942, -0.35687890719593335, 0.20186237282274105, -0.11777192778069073, 0.5082663302838603, 0.5228715261635815, 0.1844655169728347, 0.5288202282917955, -0.49454086333109043, 0.21320902553890753, 0.017987182952142272, -0.07091513340138177], [-0.7283879513572864, -0.7283879513572864, 0.28212962671851327, -0.0052496994354459675, 0.5336042395496196, 0.10804292140033364, -0.36854695771876955, -0.27154453745331275, 0.31987729214187094, -0.1716626980146715, 0.02113136210640658, -0.047684100436631696, 0.6726567103164421, 0.5748538891945754, -0.04322220813085652]], "inverted": true, "swapped": false, "error_lsq": 0.051103340274361767, "error_max": 0.3620551000706013, "target": "368.xyz", "model": "8.xyz", "model_rescale": 4.019505241142653, "target_rescale": 4.19053629029252},
{"mapping": [7, 0, 2, 5, 8, 13, 3, 10, 10, 9, 11, 12, 14], "R": [[-0.323448837419662, -0.08422702805952136, 0.9424896059459382], [0.3884483456213186, -0.9200532098063119, 0.05108790374602762], [0.8628376048573276, 0.38263285126784835, 0.33030799078240136]], "T": [0.009821888651519657, -0.020738156077958377, -0.09370842517079925], "aligned_model": [[-0.2798882359758088, -0.7243836960794713, 0.28193567254487667, 0.37948799056063104, 0.2768736649772017, 0.6046030040267936, 0.1020379786643771, 0.05275424802450286, 0.05275424802450286, -0.35249643817576587, -0.3358423967013729, 0.3105130402084857, -0.04864830835777634], [-0.5595736541510262, 0.08110034510301206, 0.27260965492360334, -0.5343097947191483, -0.6468439609939929, -0.1174976562349197, 0.6865917122001879, -0.507353188253061, -0.507353188253061, 0.08955549928646361, 0.7327666214564355, 0.027065159451333747, 0.04662067829823154], [-0.35405817246250265, -0.10713116470688164, -0.5765078308357264, -0.5503075014355037, -0.005524839075376264, -0.23830163108524313, -0.18826768824170634, 0.5613164250458953, 0.5613164250458953, 0.5472002985199651, 0.19176931162267336, 0.3980148924291498, -0.06281503077676022]], "inverted": false, "swapped": true, "error_lsq": 0.06170551186418564, "error_max": 0.49930462239917517, "target": "368.xyz", "model": "9.xyz", "model_rescale": 3.877068213659057, "target_rescale": 4.19053629029252},
{"mapping": [9, 10, 12, 6, 3, 0, 11, 8, 1, 2, 7, 13, 4, 5, 15], "R": [[-0.4903114032886623, -0.41110465885419, 0.7684970314018675], [-0.7863184117524309, -0.17164099269144423, -0.5935004001405814], [0.37589637287986344, -0.8952833792136856, -0.2391016264258506]], "T": [0.07442825738492628, -0.1113126275422212, -0.025948541625401847], "aligned_model": [[0.20114585014828568, -0.0986480164357671, -0.5373559334027692, 0.05577738523727002, 0.17858379648440023, -0.676389902217794, -0.5448155132501366, -0.16973081470864002, -0.23379747980424329, 0.6273069705835511, 0.2946632927267694, 0.7422523634293315, 0.4694435975382064, -0.30720405578006027, -0.01180105884672454], [0.06150592630649228, -0.5346229197029606, -0.4807947393062782, -0.7231839413075991, -0.36499690449749805, 0.1322964037508298, -0.1353103826034573, 0.5102591611689847, 0.538098785089088, 0.17537522871501904, 0.6650455069528757, -0.5006429745385785, 0.18084310170602957, -0.004686775808586938, -0.08847295722510759], [-0.6502254858012635, -0.5682250204173663, 0.19176293878421624, 0.04868533462399298, 0.5463776363787163, 0.07745729339871825, -0.4267184713174818, -0.41241690359162864, 0.4600229825216774, -0.25505672462191925, 0.09673456898106479, -0.034394857825868944, 0.43956041710255017, 0.6478341737457692, -0.013787944437675182]], "inverted": false, "swapped": false, "error_lsq": 0.04088818931006046, "error_max": 0.21773680252923444, "target": "368.xyz", "model": "10.xyz", "model_rescale": 4.260839863003843, "target_rescale": 4.19053629029252},
{"mapping": [11, 12, 10, 9, 7, 0, 1, 3, 13, 5, 6, 14], "R": [[0.0523609670850359, 0.9013304384208454, -0.4299555440996269], [0.4722975088581842, 0.35699931669333573, 0.8059072843738568], [0.8798826014033195, -0.24526501718870927, -0.40700329125346035]], "T": [0.008524717368364793, -0.03941572844596135, 0.02562903596287717], "aligned_model": [[0.3916315807853148, 0.07604597692001847, -0.5368912178306448, -0.23926735623994402, -0.5189146146847484, -0.26922243707091936, 0.20900530897196795, 0.6656292236395182, 0.2602415675578171, -0.12082242004250479, 0.013755696588629374, 0.027707340499625803], [0.0068426707998509445, -0.6063190576645421, -0.6454731788358705, -0.33834312730828575, 0.2826889986993883, 0.40546965481658076, 0.6800521344939419, 0.05746062773996333, -0.27532162688440925, 0.06405589415360717, 0.5656998799395463, -0.023734364416836778], [-0.7616701942173932, -0.06685686296877172, -0.02832238551406454, -0.6095439727031029, 0.2708104727888993, -0.49833909748594013, -0.2933809973353324, -0.25111894234669174, 0.5404311393841298, 0.788160682993531, 0.4914643244946338, -0.06545608969439248]], "inverted": true, "swapped": true, "error_lsq": 0.048278454887764506, "error_max": 0.23517084127235102, "target": "368.xyz", "model": "11.xyz", "model_rescale": 3.890672605050136, "target_rescale": 4.19053629029252},
{"mapping": [6, 1, 3, 5, 2, 10, 0, 8, 7, 9, 4, 11, 12, 14], "R": [[-0.842226611550953, -0.39200173304595615, 0.37012021842148446], [0.5053572536469826, -0.8131789633108978, 0.288710962408761], [0.18779877790278557, 0.430202992687848, 0.8829818820908161]], "T": [0.10116727666082137, -0.0419540204792463, 0.13186547796981637], "aligned_model": [[0.6195677341215915, 0.1312276744265281, 0.26991190982374386, 0.6605905767831901, 0.6588221282413748, -0.39042619240047877, -0.3637365264226964, 0.17654741564201926, 0.07979810123536021, -0.6136355182600566, 0.30952187544670784, -0.30087614194642, -0.07057216847313064, 0.04313496657596069], [-0.3924702566460987, 0.16229774507600314, 0.6320409474953467, -0.5696689962130254, 0.18129515158082615, -0.35684810395218847, -0.07728293794525312, -0.575800046260642, -0.667480514778945, 0.1408244061122192, 0.5881987373655677, 0.6824715301499249, 0.16546980248032933, 0.019105055363700177], [-0.30584916947154916, -0.6536098325980575, -0.055262381986391745, 0.26397924345075074, -0.048065034722552386, 0.7035931306083105, -0.4445245049226504, 0.5566333327440346, -0.0924503807670373, 0.23112404746154278, 0.6213022430826157, -0.15504826741480257, 0.6436985243097968, 0.08926948558285111]], "inverted": false, "swapped": true, "error_lsq": 0.04463487369510376, "error_max": 0.2677933787405868, "target": "368.xyz", "model": "12.xyz", "model_rescale": 4.124412569039231, "target_rescale": 4.19053629029252},
{"mapping": [7, 0, 9, 6, 10, 8, 1, 13, 3, 2, 12, 4, 14], "R": [[0.6650228956546708, 0.35117296916870405, 0.659107042884776], [0.6594361777046023, -0.6903812993113246, -0.29751905669309975], [0.35055452612884863, 0.6324960136526111, -0.6906955312756372]], "T": [0.10154552657280001, 0.08998180548406101, 0.017557904685311793], "aligned_model": [[-0.2318339452176857, -0.19049425228837197, 0.5551026372523711, -0.593649994555765, 0.7393214045478874, 0.30321527114818014, -0.5368077734804697, 0.19462626418817303, 0.02671909821899103, -0.2521371002353273, 0.6685553154433128, 0.5786422023516247, 0.10603918013683704], [-0.30970725131376176, 0.4962205728569371, 0.4768043509975227, -0.20742247131028188, -0.21976683574930808, -0.5566785382966641, 0.5856641798397088, -0.283718502590252, 0.6500088332550018, 0.1287541682698362, 0.10246314942136475, 0.30401785486992844, 0.1808458662584453], [0.43127813246593505, 0.5646336968345356, 0.463492337204241, -0.08944051700420708, 0.42375076546538337, 0.1282881577745284, 0.09754492127059897, -0.4679503108007276, -0.42801087545307537, -0.49877475851999686, -0.09573932409934596, -0.6201095757641933, 0.042735431594163244]], "inverted": false, "swapped": true, "error_lsq": 0.05362668650666115, "error_max": 0.34424505260834093, "target": "368.xyz", "model": "13.xyz", "model_rescale": 3.9028299243045295, "target_rescale": 4.19053629029252},
{"mapping": [2, 0, 4, 5, 13, 7, 3, 6, 9, 12, 11, 8, 14, 10, 15], "R": [[0.7424402873975131, 0.5490061957234089, -0.3838940175444365], [-0.5989091197196914, 0.8007085065034854, -0.01318157538165523], [0.3001504388897047, 0.2397041607279024, 0.9232830710914446]], "T": [0.0361724559943761, -0.03301358242981523, -0.07990850850446257], "aligned_model": [[0.2716359689935296, -0.18331262341767895, -0.4173102863199726, 0.2006578108808174, 0.4374319091600316, -0.76556211509669, -0.46389993763604875, -0.2676594232504611, -0.28500593902203597, 0.7149361458996479, 0.3920710043951565, 0.5044190040296045, 0.183429229652415, -0.29698711115800003, -0.0354131554086355], [-0.06387563067869194, -0.64719731520343, -0.5244148418837576, -0.46981293356157033, -0.2672875222633912, 0.20337167337364026, -0.08606393953719084, 0.4836988367631353, 0.6014474560299132, -0.019918529318156263, 0.5710923155699545, -0.5801664126341118, 0.34847824955448553, -0.16170226562105242, 0.04306337810947595], [-0.7768692230212606, -0.5915930319722742, 0.030732706749373395, 0.13045481656412394, 0.5656593997401209, 0.2693358818489535, -0.4484226954466594, -0.3716322258391284, 0.22855394579905014, 0.07289418064422004, 0.15300558635893385, -0.3589714229344244, 0.7048399082024714, 0.57415305410438, -0.034530943274378695]], "inverted": false, "swapped": false, "error_lsq": 0.0524591869934188, "error_max": 0.38060675573342817, "target": "368.xyz", "model": "14.xyz", "model_rescale": 3.942246331269136, "target_rescale": 4.19053629029252},
{"mapping": [0, 8, 11, 6, 10, 13, 13, 12, 3, 2, 1, 7, 5, 4, 14], "R": [[0.06692430018394142, -0.4631333947255681, 0.8837582230083411], [0.0867611851526396, 0.8850901893235266, 0.45726125302080123], [-0.9939786893066668, 0.04607402145694514, 0.0994160437303048]], "T": [0.04927016063514458, -0.09088379498162105, 0.10930615203077126], "aligned_model": [[0.4175976053300219, -0.04149547976177581, -0.44677226816590077, 0.13614357564997498, -0.018023134122859358, -0.7357555087351296, -0.7357555087351296, -0.36354672187113346, -0.08109855146132902, 0.7622929959557553, 0.20336522005447796, 0.6651598752127047, 0.5068857442361148, -0.37009892199833483, 0.09053156011422263], [0.03790803521263861, -0.48362619626560244, -0.6078930843871108, -0.6375597336543599, -0.4275694390213287, 0.02452574297042695, 0.02452574297042695, 0.5054449421619283, 0.5510046870091444, 0.06180181769120796, 0.679751522559918, -0.5412505341203131, 0.307537759371573, -0.024233796455841644, -0.039654947343455475], [-0.5139634853076864, -0.551266274766488, 0.08184111691081902, 0.02938233093617068, 0.7346979537209928, -0.06773955812557139, -0.06773955812557139, -0.2675897446533475, 0.4051627154099603, -0.1163782706340778, -0.0882219619196783, -0.2764776836650648, 0.29539161858160756, 0.5134736014255391, 0.03703713773589752]], "inverted": true, "swapped": false, "error_lsq": 0.054601093105543286, "error_max": 0.3577613500183704, "target": "368.xyz", "model": "15.xyz", "model_rescale": 4.355366556412066, "target_rescale": 4.19053629029252},
{"mapping": [3, 2, 1, 9, 11, 12, 0, 10, 6, 13, 7, 14], "R": [[0.9921434558425097, -0.07857985313620763, 0.09734767439427539], [-0.10165050430219044, -0.9599373044788824, 0.26112745249193503], [0.07292830728868036, -0.2689713333255227, -0.9603831963571094]], "T": [0.025091639777551696, 0.05715524080840984, 0.058925261907789996], "aligned_model": [[-0.2004994135781169, 0.3642378055311554, 0.11431569545590148, -0.6565612987174765, -0.6454362009489725, -0.352080088476557, -0.17389710262605074, -0.30232033809219105, 0.7360025002861166, 0.3263037599688585, 0.43333933545986525, -0.045596099630751626], [-0.6171130574684237, -0.4702122584758589, -0.2822435908992664, 0.3293462221510087, -0.3589776744757477, 0.08931178156794492, 0.22912251583422227, 0.7003050572776195, -0.03856261812374331, -0.12726408985851648, 0.5272064378432285, 0.03185770236851323], [-0.0516719470664641, 0.066509104460301, -0.673496321390885, -0.06543145720436802, -0.3231435771358284, 0.4961890163671972, -0.6342124066880277, 0.44214144338314876, -0.2030644680230743, 0.5681353761047855, -0.17440568834592632, 0.0017093867485628647]], "inverted": true, "swapped": true, "error_lsq": 0.0623368204312661, "error_max": 0.3553481128959202, "target": "368.xyz", "model": "16.xyz", "model_rescale": 3.795458400668931, "target_rescale": 4.19053629029252},
{"mapping": [7, 5, 6, 10, 1, 13, 12, 0, 9, 4, 2, 11, 14], "R": [[0.41577408752852685, 0.3210437080483661, 0.8509188243671524], [0.49347583703341646, 0.7062792086245336, -0.5075936147439916], [-0.7639460101368356, 0.6309521511075608, 0.13522528095275624]], "T": [-0.08698588514394959, 0.059603086261538554, -0.05969519050371812], "aligned_model": [[0.24840815155745263, -0.02194200994850487, 0.4882788671493907, -0.6580282487300325, 0.6380649849400585, -0.3663919205947449, -0.6502592606088173, 0.40268635765541005, -0.33375583896064476, -0.6496760272002307, 0.13346270694611204, -0.015206128544201863, -0.06700983275702442], [-0.26573585266553995, 0.3101034624222314, 0.3280899087588244, -0.49209797737852934, 0.14177894865576263, 0.5040271796818744, 0.03266249846272838, -0.3961202208766169, -0.4783657330357327, 0.5654372725958517, 0.6464984885881668, 0.03240113500914808, 0.03510215525231653], [-0.5326889073467944, -0.7958408467470778, -0.48417142023987647, -0.2526498141589914, 0.29687491226452517, -0.3890182291989758, 0.06871608584386878, 0.25990839657334186, 0.3918547976799825, 0.2682744179463938, -0.07195572425842495, 0.8137225254437824, 0.029248837034541453]], "inverted": true, "swapped": true, "error_lsq": 0.05964737685224679, "error_max": 0.3723046677600123, "target": "368.xyz", "model": "17.xyz", "model_rescale": 3.7474275329858107, "target_rescale": 4.19053629029252},
{"mapping": [1, 6, 2, 7, 11, 9, 3, 13, 0, 4, 10, 8, 12, 14], "R": [[0.2790369249860696, 0.9559881757877515, -0.09069179813150396], [0.6365652961696819, -0.25485612733866203, -0.7278962687569877], [-0.7189735865848783, 0.14537868520504174, -0.6796631663414825]], "T": [-0.013296326570160322, 0.002707324917787912, -0.020403830056971266], "aligned_model": [[0.442673875567953, 0.25587140586955587, 0.562394716954884, -0.35544657103863975, 0.3180910637258312, -0.39012233182451067, 0.6136047193050663, 0.1474227253564335, -0.11469067707460386, 0.35051368743822076, -0.7574989234019126, -0.4814448882523189, -0.18268580375993906, 0.006164649016857062], [-0.538252225398904, 0.2032578386356932, 0.21117858243577148, 0.04508686825342306, -0.69348815905591, -0.49713909881963625, -0.2114965070090824, 0.5940131304927118, -0.6788308383411024, 0.25856882064998743, 0.11800074267507879, 0.49487899376142397, 0.13929253662750396, -0.08466244339572533], [-0.4192118220045467, -0.7063506224232424, -0.15573184972951162, -0.5889060954235305, 0.3970228482804895, 0.38253408937038863, 0.260438832507932, 0.07212185240743307, -0.2939618835247802, 0.6740237419817817, 0.29671579108342633, -0.11892006033149408, 0.5154542030369939, 0.009565693430315669]], "inverted": true, "swapped": true, "error_lsq": 0.048002056894168074, "error_max": 0.32796248737212164, "target": "368.xyz", "model": "18.xyz", "model_rescale": 3.922800546911778, "target_rescale": 4.19053629029252},
{"mapping": [5, 12, 11, 7, 9, 4, 13, 8, 6, 0, 1, 3, 2, 10, 14], "R": [[0.19479711974632508, -0.7273964031388614, 0.6579882634509393], [0.4383792844066957, 0.6646742018477384, 0.6050056267516406], [-0.8774267406123486, 0.17059507055808737, 0.44835213477764535]], "T": [-0.023785306320887527, 0.023565655205613864, -0.04782548502065459], "aligned_model": [[0.3848873501445663, 0.07499665217518449, -0.4675150293332107, -0.03164025624162563, 0.2254264922841337, -0.6875551226978549, -0.5826973258027187, -0.31136028788710635, -0.3143124061337351, 0.8048619922583845, 0.32701671106280555, 0.45794644125253425, 0.3928034829839756, -0.2696457330881964, -0.013782479275457341], [0.20815776539464725, -0.4376863556865327, -0.4055228070528975, -0.7750323865053431, -0.4260293949523098, 0.15586730833142426, -0.29615493388778963, 0.36762018245224176, 0.6108004260899644, 0.05648112515623681, 0.6662917684785392, -0.39046754893002056, 0.05518797972666954, 0.11253034639484742, -0.07133095631042537], [-0.6654387401400246, -0.6771924302045789, 0.30746402684373736, -0.028064751334303806, 0.5834438364456496, 0.2086370708022759, -0.2870112835302931, -0.4641399890676637, 0.16785274765907493, -0.15128012277113137, 0.060913247050560226, -0.12306026978237389, 0.5340531724373927, 0.7152201109529459, -0.033786687837766435]], "inverted": true, "swapped": false, "error_lsq": 0.04817911583239476, "error_max": 0.2739107733440021, "target": "368.xyz", "model": "19.xyz", "model_rescale": 3.9282355846067225, "target_rescale": 4.19053629029252},
{"mapping": [4, 12, 10, 11, 3, 9, 0, 7, 1, 6, 13, 2, 5, 14], "R": [[-0.2426881284905949, 0.9428771621219467, -0.22822166732936916], [-0.3087199100613397, -0.29808834591418165, -0.9032360462037959], [-0.9196708592868708, -0.14874809302647185, 0.3634274554839484]], "T": [0.047064058738152496, -0.13130827007713788, 0.035739022948388904], "aligned_model": [[-0.5293255588585819, -0.027055885435061426, 0.5612514564706954, -0.5900561390996149, -0.6685766773987507, 0.06667118606829725, 0.10551104837460812, 0.6143790873874508, -0.2800818874156363, 0.18307073354749984, 0.0017828851417673805, -0.33395853680985793, 0.43243795307078015, -0.003526845958919264], [-0.7138195859488937, -0.6783086735623768, -0.6597561338675618, 0.007503452910415126, -0.057575832490404294, -0.2912491879129735, 0.42209518081431163, 0.1975393907877336, 0.6070684617156884, 0.3824843467939726, -0.47563626384884594, 0.030499744663721823, -0.14544091745488288, -0.10252189517506793], [0.12797816706183018, -0.13685570215783507, -0.3164670341969755, -0.5504008453499523, 0.022223532683435424, -0.6910606164510704, -0.4540952968511609, 0.14560492039812287, -0.050105060249313826, 0.5841130831963842, 0.5489855712048592, 0.5067316595809106, 0.71410382245383, -0.0385730440793812]], "inverted": false, "swapped": true, "error_lsq": 0.054075052355214134, "error_max": 0.27219187130565903, "target": "368.xyz", "model": "20.xyz", "model_rescale": 4.067790424073018, "target_rescale": 4.19053629029252},
{"mapping": [13, 10, 12, 9, 7, 3, 11, 6, 2, 5, 4, 1, 8, 0, 14], "R": [[0.4823872911166011, -0.8732109935754704, 0.0693185550060526], [0.844354131305382, 0.48458968424849763, 0.22855839268658526], [-0.23317075785081082, -0.05172425561456636, 0.9710592150144076]], "T": [-0.0010334066125555423, 0.021607800510695517, 0.0051307766866495325], "aligned_model": [[0.2119191035341155, 0.035753865169780595, -0.5563751386128009, 0.042048043265471784, 0.3159550784392836, -0.8292101994553749, -0.4464140375842578, -0.2323765969210007, -0.2964291087019123, 0.5174763634333855, 0.33443413158683627, 0.6321280000733029, 0.46133083022794286, -0.1903976508956239, -0.010412201857469194], [-0.12710349785979277, -0.6294767281179529, -0.5051471500225214, -0.7517717244810573, -0.40266315855666734, 0.1934401827365665, -0.09228072087488787, 0.6437786770465387, 0.5804703967699508, 0.22442803933915312, 0.7298155931899434, -0.49758472736006215, 0.09374110434552307, 0.016992445320986448, -0.04592621277646739], [-0.6449920449681462, -0.49087573009415036, 0.03887466036063286, 0.0689899848623544, 0.5306556674819249, 0.09646449918816442, -0.4495094681564591, -0.32188700782040547, 0.39773224029629073, -0.19102653249748058, 0.17358180202964296, -0.04826260647621028, 0.33098963523407243, 0.6896582859983894, -0.03278344791511883]], "inverted": true, "swapped": false, "error_lsq": 0.047645616502292716, "error_max": 0.29341004816326716, "target": "368.xyz", "model": "21.xyz", "model_rescale": 4.186013935880536, "target_rescale": 4.19053629029252},
{"mapping": [9, 0, 10, 4, 2, 12, 3, 1, 8, 7, 6, 13, 14], "R": [[0.2620122203837913, 0.35675779984115613, 0.8967014378387341], [-0.5181939119607732, 0.8358612463610604, -0.18113819707208365], [-0.8141404461002697, -0.4172048047233303, 0.40387558101403187]], "T": [-0.0004972489901083161, -0.014516589456682237, -0.003129557912181063], "aligned_model": [[0.13717526213097916, -0.563953054663075, 0.5502734970341954, 0.5440238938455336, -0.17280860695643815, 0.5344046872221845, -0.12321852381252686, -0.7618097779654445, 0.3657371246655163, -0.28625397594603746, -0.4860981942321288, 0.35611840613225226, -0.03501670203178509], [-0.21585016198200466, -0.05778990576089365, 0.33643814034793773, -0.5820285878998196, -0.23153731564822022, -0.1754603807831355, -0.6964896158224686, -0.2966419535345238, 0.5626726666590403, 0.5833316451798023, 0.31069558654512985, 0.06359908478756704, -0.08198254254231782], [-0.7064888720093919, -0.4829775193114977, -0.4942276075653114, 0.24482072082687778, 0.5593692563387224, -0.1530267271368029, 0.19081137140291482, 0.016930026507495248, 0.058728515308357924, -0.05770265157160893, 0.4884226176064039, 0.49762725655299667, -0.059406825613809965]], "inverted": false, "swapped": true, "error_lsq": 0.045219748269034965, "error_max": 0.24399093905023972, "target": "368.xyz", "model": "22.xyz", "model_rescale": 4.166573947596378, "target_rescale": 4.19053629029252},
{"mapping": [6, 12, 9, 14, 10, 3, 11, 2, 4, 5, 0, 13, 7, 8, 15], "R": [[-0.604785757955395, 0.7879879801364591, 0.1153652033101048], [-0.49977378245198856, -0.26274538541700165, -0.8253429764744495], [-0.6200486701444903, -0.5568121816218954, 0.5527204004282043]], "T": [-0.07026083649386142, -0.03978654223382176, -0.01609967925272062], "aligned_model": [[0.2103350067486411, -0.13249867408201815, -0.4642247512756075, 0.10746354308593975, 0.35202148472610506, -0.6324877431946963, -0.7140104189103572, -0.28367132177444676, -0.30286336042769835, 0.7436050498568884, 0.2988990203913099, 0.6632230244220811, 0.4753572923481022, -0.30871808947735024, -0.02299958073521373], [0.12006202486036556, -0.45063248870745515, -0.3935354940880503, -0.8104006129204777, -0.4653719047757123, 0.1728833405359237, -0.30676854865391473, 0.41749295944278203, 0.6231787277283793, 0.11111868402471646, 0.6103540165086512, -0.45961227963637874, 0.055168800884341715, 0.20169662769083002, 0.005078665805251223], [-0.7051729992411148, -0.5227686195557073, 0.2669255478807806, -0.03946123277474075, 0.4327833494744113, -0.006145867903397988, -0.3854239416738247, -0.4612520815912832, 0.19890411152350837, -0.09298864415480138, 0.3122203121894081, 0.03450580351333799, 0.4363094143147297, 0.7180005573389154, -0.038825771816720124]], "inverted": false, "swapped": false, "error_lsq": 0.048293905804073764, "error_max": 0.30632786837190573, "target": "368.xyz", "model": "23.xyz", "model_rescale": 4.274766983524099, "target_rescale": 4.19053629029252},
{"mapping": [7, 0, 1, 2, 3, 4, 13, 12, 10, 9, 14], "R": [[-0.16818595385268703, -0.9604565286039156, 0.2218935366088386], [-0.694581188937474, 0.2751934458167214, 0.6646995857932548], [-0.6994787036792951, -0.04232994261318346, -0.7133987097391595]], "T": [-0.0007971371071344435, 0.014029702952202738, -0.040244661490879664], "aligned_model": [[0.43166745243390503, 0.1616941621474636, -0.3695562014324689, -0.5500107735458296, -0.6609556835893737, -0.4830465424224575, -0.18890116777833862, 0.07200199953603119, 0.6759179412247199, 0.31405557043607546, -0.022972053051651793], [-0.08107209099428775, 0.6680385188005469, 0.5220397286109812, -0.20031624404951995, 0.25764146405098876, -0.17672207631603098, -0.5654266492845949, -0.07659423206754398, -0.07971600439095439, 0.5438534030709431, 0.10386071381295536], [-0.5362161009824563, -0.34924002936686555, -0.5555469427453276, -0.25381973557092063, 0.11010429064699676, 0.6009275102990027, 0.07325150924614429, 0.5263060730221858, 0.4080447277818911, 0.377317156467481, -0.021562024776554584]], "inverted": true, "swapped": true, "error_lsq": 0.051978874743345664, "error_max": 0.24822321990696616, "target": "368.xyz", "model": "24.xyz", "model_rescale": 3.7841303162186577, "target_rescale": 4.19053629029252},
{"mapping": [6, 3, 12, 13, 14, 2, 5, 4, 8, 7, 0, 11, 10, 9, 15], "R": [[0.7540996885731798, 0.5717124333036755, -0.3232314237505751], [-0.10695653573452173, -0.3786847591220477, -0.9193248352309138], [-0.6479922523900292, 0.7278342852701205, -0.22441767761883086]], "T": [0.05473943162651379, 0.07219579114920664, 0.04642131869267527], "aligned_model": [[0.2678034315090555, -0.1241084291950866, -0.4530719702905523, 0.09839971322818791, 0.011144325157339985, -0.6790001622255113, -0.6968465079121757, -0.3636265854713052, -0.19547343402148049, 0.6789713932047372, 0.42036430424889565, 0.6129801351044173, 0.5731124124194595, -0.2302872938375749, 0.06906914978327304], [0.05507892846264725, -0.41061152513451254, -0.4678451164001732, -0.7078427788861259, -0.4617233996902132, 0.22345938420409228, -0.24502547156154747, 0.2521539532839174, 0.5864696144465488, 0.23705432100523344, 0.7097252752160143, -0.39784586486870127, 0.01730243255778134, -0.017646802765413014, 0.05800956882970443], [-0.6437505419397693, -0.5731853514260391, 0.20659405259080735, 0.006003422424601668, 0.6315099672373911, 0.13324621003849252, -0.2758021928883754, -0.5445856850536084, 0.19599986051674798, -0.03079061936208634, 0.08112807332301233, -0.1920230726255607, 0.6239429868953396, 0.5492421442518751, -0.019919316459327]], "inverted": false, "swapped": false, "error_lsq": 0.04127805127542403, "error_max": 0.3048634593889842, "target": "368.xyz", "model": "25.xyz", "model_rescale": 4.19342608120988, "target_rescale": 4.19053629029252},
{"mapping": [3, 2, 1, 9, 11, 12, 0, 10, 6, 13, 7, 14], "R": [[0.9921434558425097, -0.07857985313620763, 0.09734767439427539], [-0.10165050430219044, -0.9599373044788824, 0.26112745249193503], [0.07292830728868036, -0.2689713333255227, -0.9603831963571094]], "T": [0.025091639777551696, 0.05715524080840984, 0.058925261907789996], "aligned_model": [[-0.2004994135781169, 0.3642378055311554, 0.11431569545590148, -0.6565612987174765, -0.6454362009489725, -0.352080088476557, -0.17389710262605074, -0.30232033809219105, 0.7360025002861166, 0.3263037599688585, 0.43333933545986525, -0.045596099630751626], [-0.6171130574684237, -0.4702122584758589, -0.2822435908992664, 0.3293462221510087, -0.3589776744757477, 0.08931178156794492, 0.22912251583422227, 0.7003050572776195, -0.03856261812374331, -0.12726408985851648, 0.5272064378432285, 0.03185770236851323], [-0.0516719470664641, 0.066509104460301, -0.673496321390885, -0.06543145720436802, -0.3231435771358284, 0.4961890163671972, -0.6342124066880277, 0.44214144338314876, -0.2030644680230743, 0.5681353761047855, -0.17440568834592632, 0.0017093867485628647]], "inverted": true, "swapped": true, "error_lsq": 0.0623368204312661, "error_max": 0.3553481128959202, "target": "368.xyz", "model": "26.xyz", "model_rescale": 3.795458400668931, "target_rescale": 4.19053629029252},
{"mapping": [7, 8, 6, 1, 3, 9, 10, 0, 12, 2, 11, 4, 14], "R": [[-0.9077650127133141, 0.05281756115004815, 0.41614058553301164], [0.17512117252201062, -0.853740783170799, 0.4903664446976641], [0.3811761490808588, 0.5180125291776947, 0.7657465396505656]], "T": [-0.005856010139127801, -0.11555838944111323, -0.02147842150871814], "aligned_model": [[0.16434806647352707, 0.358831734116464, 0.49717427031503864, -0.22935933520419438, -0.15262052983189484, -0.6955830716969051, -0.20148780567423302, -0.5364223022108089, -0.12675261435682178, 0.3701307912273281, -0.7062728356378531, 0.04830606993600649, -0.09061605463439651], [-0.7237367183685839, -0.5393328536333674, -0.2915818966608026, 0.006877054744507408, 0.551188787787839, -0.20035408736874716, -0.5314895861584159, -0.37643642575324043, 0.063313488773703, 0.2786461883892463, 0.3775318766793289, 0.5919704916828118, -0.08471481685736419], [-0.22934215989882306, 0.37666668738154874, -0.5684437225554242, -0.7926137536326561, -0.24878698154271212, 0.24552255721483196, 0.6541134461114699, -0.4687492016820406, 0.5150670182671521, -0.33201149821776177, -0.20863890386534437, 0.3986665957843541, -0.0493134212651684]], "inverted": false, "swapped": true, "error_lsq": 0.05218096105216385, "error_max": 0.25827512618200454, "target": "368.xyz", "model": "27.xyz", "model_rescale": 3.6321398670334006, "target_rescale": 4.19053629029252},
