[{"mapping": [5, 12, 10, 9, 0, 1, 6, 11, 3, 7, 2, 8, 13], "R": [[0.426789903576864, -0.4271337738252739, 0.7971242798100127], [-0.2729599174087866, 0.7794822820809362, 0.5638264408575431], [-0.8621735681943863, -0.45821840990915674, 0.2160847683833466]], "T": [-0.08533479622360887, -0.10964095974137086, 0.0006485043397568141], "aligned_model": [[-0.7969391104790264, 0.28328575593435423, 0.3306333593597407, 0.5971284984694515, 0.5098519642576245, -0.07322004075962199, -0.5752684232680385, -0.3237143940665471, -0.2999934448854758, 0.1840231096457712, 0.18021518045607363, -0.40381993317967413, -0.03688614248050426], [-0.23061912955198519, -0.2952403270076768, 0.35880866149283897, 0.15404331197545537, -0.531049215530548, -0.6720174922830046, 0.17104080154361553, 0.28796523631413984, -0.323315168803046, 0.5963749880206335, -0.1148268077356355, 0.6037793259750026, 0.041296545826989356], [-0.2260337464077351, -0.40529677691217647, -0.7886260806734294, -0.03753039048561373, 0.2527997222253846, -0.12830878226890452, 0.5161376644204525, -0.521027948103505, 0.4266359486785086, 0.020200550955136093, 0.7222540491325504, -0.01268735293094661, -0.03690758196700855]], "inverted": false, "swapped": false, "error_lsq": 0.04831062858018258, "error_max": 0.2614034049522272, "target": "369.xyz", "model": "0.xyz", "model_rescale": 3.8414455957264533, "target_rescale": 3.909676578943355},
{"mapping": [7, 13, 11, 12, 8, 9, 2, 0, 6, 1, 10, 4, 14], "R": [[-0.30567116587317344, -0.7835062112035015, 0.541001992010445], [0.6568392002932987, 0.2378207696604373, 0.715544230971208], [-0.6892948594845278, 0.5740725551040146, 0.441942641260779]], "T": [-0.09702710931094112, 0.03007268949104388, 0.04587041412169871], "aligned_model": [[-0.6196290128171096, 0.18160125725124365, 0.5229167316377845, 0.6645973329643561, 0.4319134881881446, -0.31372639468755953, -0.7126470747709328, -0.32205147947168494, -0.20630518179729818, 0.15105632101683203, 0.36110463604081183, -0.5147340340327284, -0.04880021051773191], [-0.15152683078343054, -0.3377993041208904, 0.3339228106805771, 0.012019434288709073, -0.5536735733204019, -0.5982367605993241, -0.02638689007265254, 0.3020597705126807, -0.3630452599762933, 0.8396308352772213, 0.10661245285978913, 0.37768854746948394, 0.10497549802131045], [-0.28102997869380714, -0.5556970636413532, -0.4537395738217181, 0.0023752101043026455, 0.10722628157992918, -0.10833183825434103, 0.4488953533264087, -0.5872997289664424, 0.7118612207128298, -0.13180375776829042, 0.5485017590802111, 0.02347900573430821, 0.0571723862706756]], "inverted": true, "swapped": false, "error_lsq": 0.04130216918845419, "error_max": 0.25068302236519224, "target": "369.xyz", "model": "1.xyz", "model_rescale": 4.316132596720782, "target_rescale": 3.909676578943355},
{"mapping": [7, 9, 2, 5, 1, 0, 4, 8, 3, 11, 10, 12], "R": [[-0.45582932608039856, -0.7688721138384473, -0.4483919022982999], [-0.09330367843487603, 0.5422746338066488, -0.83500457790385], [0.8851632894983905, -0.3387829601551166, -0.31892327734570536]], "T": [-0.01769323102548627, 0.04010618877369634, -0.016330297323836302], "aligned_model": [[-0.23966753703041183, 0.5715487904352885, 0.18763002521985805, -0.6142952699310107, -0.4865534568721713, -0.6311549213767651, -0.1542900878444714, -0.2113303266292696, 0.4736809610432769, 0.2515947729335646, 0.44138549414012296, 0.009260110543770038], [-0.6390883121428146, -0.27363849499895565, -0.5820635327477179, 0.3561848139427865, -0.236943768675671, -0.1264043925982611, 0.48304469214542856, 0.7811508683868844, 0.022585391158084278, -0.2677411044854596, 0.5224386567864594, -0.026748389029782736], [0.09457126613272517, 0.0470424824379581, -0.4777669962943214, -0.05926359162998153, -0.3887377545954415, 0.4677424286311861, -0.5689075312791205, 0.2951631608356342, -0.5826724390306248, 0.6375141139390874, -0.0761320689618412, 0.0607053910241611]], "inverted": true, "swapped": true, "error_lsq": 0.04569096100075804, "error_max": 0.2913994030734124, "target": "369.xyz", "model": "2.xyz", "model_rescale": 3.795458400668931, "target_rescale": 3.909676578943355},
{"mapping": [9, 7, 2, 5, 10, 4, 1, 6, 0, 8, 3, 12], "R": [[0.6509218521843487, 0.237816773684689, -0.7209326768174006], [-0.7570347665277775, 0.2741025251344252, -0.5930987843379596], [0.056560627800005314, 0.9318320599062566, 0.3584548890916848]], "T": [0.05927215057667889, 0.005177695702240728, 0.006348462582379491], "aligned_model": [[-0.19712256607393436, -0.28077479564516045, -0.7245889386485789, 0.3332108468721815, 0.26739496854031797, -0.023424888317066635, -0.32331835366082595, 0.7089950922064657, 0.3947661664652037, 0.8121902348983848, -0.44016804319804365, 0.06614410230462128], [-0.019505159904057816, -0.632601444004733, -0.09241021594890018, 0.016853859370888288, 0.5678805478208564, 0.5840605684714362, -0.1667583768840363, -0.25136586837068625, -0.6371109731699345, 0.27841952264912906, 0.514312430857138, -0.07600584559739047], [-0.6127722862043887, 0.02832032409979278, -0.12861457453580694, 0.6248177146466131, -0.28865074140037245, 0.4285458547112022, 0.5155992824600714, -0.14664321135136094, 0.34294384934874805, 0.2115897322166475, -0.22568668724274749, -0.06067782610929817]], "inverted": true, "swapped": true, "error_lsq": 0.05044066658134227, "error_max": 0.20946521686609154, "target": "369.xyz", "model": "3.xyz", "model_rescale": 3.7530521520055578, "target_rescale": 3.909676578943355},
{"mapping": [0, 1, 7, 2, 11, 4, 6, 5, 8, 10, 12], "R": [[-0.42736617397332366, -0.9034445382502945, 0.03385438891953517], [-0.8877736339393254, 0.41228464276835175, -0.2046444434123173], [0.17092726004229813, -0.11751314668191337, -0.9782507511529688]], "T": [0.05595215605132956, 0.03422458338237612, 0.01987686266940571], "aligned_model": [[-0.44091386862039045, -0.1905227311271882, 0.1775473485155795, 0.5713529635425494, 0.38434740610156787, -0.22945854836653343, -0.16392267128580051, -0.6132518448731354, -0.493643437920019, 0.231566543303577, 0.10509844317499818], [-0.5717433742183575, 0.138218510317481, -0.4251758109083028, 0.1710601270455518, -0.6268437253315114, 0.6964662978684075, -0.45408802275216936, 0.11496196563347745, 0.08520925113481452, 0.3982543085827126, -0.059116169057757864], [-0.1360539269108391, -0.5832062971735433, -0.5251394731168318, -0.578299257480676, 0.24335784651724748, 0.0067825911742118335, 0.4937616719151829, -0.03783308559705123, 0.6355195863285755, 0.5524330415375068, 0.021508080051533388]], "inverted": true, "swapped": true, "error_lsq": 0.052873822890964456, "error_max": 0.28325924958959475, "target": "369.xyz", "model": "4.xyz", "model_rescale": 3.7855080009869324, "target_rescale": 3.909676578943355},
{"mapping": [15, 9, 5, 0, 2, 14, 13, 10, 12, 4, 1, 6, 16], "R": [[0.4095770376496073, 0.511526622247439, 0.7553722029319707], [0.8228663986824971, -0.5646410541955658, -0.06380728670158359], [0.39387503113229966, 0.6477044037591888, -0.6521820797917433]], "T": [-0.10520455108111151, 0.06303280386169392, -0.026214226314008132], "aligned_model": [[-0.7119697392433013, -0.012714098136747481, 0.4384094394200524, 0.6552486027245403, 0.3842800733191807, -0.22318414032130748, -0.7374559043994984, -0.2244516246943624, -0.18442754235514544, 0.25919635998125967, 0.39130070762511393, -0.3550899405343074, -0.10384581438134945], [-0.33905653838312394, -0.46656529995141166, 0.4180489767108708, 0.2194699007054593, -0.4887345500131282, -0.5978380697411061, 0.01551110511707919, 0.14739308221160613, -0.2655094760049348, 0.6740474182591328, 0.11474824542246426, 0.6052019827025131, 0.009523953201358473], [-0.4128384288330539, -0.49299617090993164, -0.5094849485455824, 0.0493656580378847, 0.015538345491488942, 0.05761836567178033, 0.32431045648435464, -0.7400963965253713, 0.5644201368954016, 0.17595872161674483, 0.5429184297255206, 0.23776861729492596, -0.03087351074144927]], "inverted": true, "swapped": false, "error_lsq": 0.0422113771351845, "error_max": 0.22125553309330082, "target": "369.xyz", "model": "5.xyz", "model_rescale": 4.2253639853439635, "target_rescale": 3.909676578943355},
{"mapping": [6, 5, 10, 1, 8, 11, 7, 2, 12, 4, 9, 3, 13], "R": [[0.41797852137915503, -0.6296077619489544, 0.6548954281099572], [0.020644998886744148, 0.7272846425973404, 0.6860253877685761], [-0.9082222964047192, -0.27322356182380697, 0.3169876110791252]], "T": [0.026616088244764954, 0.029482206331423365, 0.033163078649480975], "aligned_model": [[-0.5779771797977069, 0.008860197959533925, 0.5061465128184052, 0.6401540641442268, 0.6013511155055323, -0.2640744421628252, -0.6333235427840419, -0.15799346760664268, -0.4663677725201373, 0.10028125929819386, 0.3626304162726436, -0.5243991364121391, -0.019991645710915433], [-0.08988418703697687, -0.29615652181629454, 0.10227006196510127, 0.41994390651054897, -0.43003191384585004, -0.690398113206835, 0.1321550853664885, 0.26585316194811015, -0.49480882584848057, 0.7136572398161226, -0.12973231049920123, 0.4753272034090463, 0.06804594347499912], [-0.15105584680350634, -0.5094098782339231, -0.5777910721422246, 0.13224180886280357, -0.033103786343230836, -0.019988872265206493, 0.4613326470860115, -0.5670199728160138, 0.627662524460908, -0.1323339857849238, 0.517251434712449, 0.008385397654320944, 0.02543887727524914]], "inverted": true, "swapped": false, "error_lsq": 0.04988504649979431, "error_max": 0.26241000885698557, "target": "369.xyz", "model": "6.xyz", "model_rescale": 3.89814844738969, "target_rescale": 3.909676578943355},
{"mapping": [10, 9, 8, 3, 6, 5, 2, 11, 1, 7, 0, 4, 12], "R": [[0.6496977264791685, 0.7580950787937333, 0.05643328553720242], [-0.6660455825510829, 0.6034482620581144, -0.43844438299883615], [-0.3664370971558265, 0.24726917828100803, 0.8969848422912433]], "T": [-0.020741745900644745, 0.10532793590227223, -0.0019121307719172816], "aligned_model": [[-0.6652653175066647, -0.10001904973330693, 0.4227745338639265, 0.759738934320771, 0.46227652173803263, -0.14944111178080988, -0.6135029027801656, -0.16273862270654715, -0.11406960951056022, 0.23118820668607754, 0.1833385645455144, -0.49172961952539523, -0.18725414860674466], [-0.1510480860025719, -0.5256601320419506, 0.10841451346372948, 0.21770497566110436, -0.36755149909756163, -0.6594389529199433, -0.01185972158109315, 0.4392239621010468, -0.4510119697518204, 0.7070134792579584, 0.10848767830273796, 0.5398396381016265, 0.09212684474351622], [-0.2422543120231345, -0.629219907101571, -0.5127649030434257, 0.1730257022033131, 0.01940087252061602, 0.03192103355039637, 0.36747805365287206, -0.7255769011518541, 0.627827840394472, 0.07411737305640205, 0.5542817476414206, 0.06784309795346026, -0.024470421990254135]], "inverted": true, "swapped": false, "error_lsq": 0.04586557088461336, "error_max": 0.27692947344984586, "target": "369.xyz", "model": "7.xyz", "model_rescale": 3.7474275329858107, "target_rescale": 3.909676578943355},
{"mapping": [9, 4, 2, 1, 12, 11, 7, 8, 10, 3, 0, 5, 14], "R": [[0.3240798050014479, 0.4101429448640039, -0.8524992931190657], [-0.27654934165748774, -0.820698552179556, -0.4999743474211364], [-0.9047058868046755, 0.3977897072935192, -0.15254706536771745]], "T": [0.016865023348023034, -0.069907940388867, 0.00657944102780696], "aligned_model": [[-0.6971191661783842, 0.1339335661475528, 0.530766118107987, 0.7546203938608496, 0.25833137005921963, -0.3590870683297861, -0.5784937994575572, -0.20794017009817534, -0.12609016839025033, 0.013406685290200004, 0.3245984525329634, -0.5286313835994456, 0.05700154905895359], [-0.1861659658559872, -0.11080542969058925, 0.34922889803499946, 0.06084561748184125, -0.6217218059414038, -0.5587630829010646, -0.0724978635236633, 0.2657867299371531, -0.3026151142253466, 0.6464302377555198, 0.2611150286102976, 0.3942626191780212, -0.07885913862299862], [-0.23227425626240597, -0.7659800696256677, -0.5118985925767063, 0.06508021395847965, 0.1401387162177797, 0.0850691218293389, 0.337364562110553, -0.5429494746543859, 0.7141630361516442, 0.0379193742643483, 0.4860970821881891, 0.00567078231770728, -0.03679122025616109]], "inverted": false, "swapped": false, "error_lsq": 0.052956973702887884, "error_max": 0.308405921474264, "target": "369.xyz", "model": "8.xyz", "model_rescale": 4.019505241142653, "target_rescale": 3.909676578943355},
{"mapping": [4, 11, 6, 10, 9, 8, 0, 5, 7, 2, 1, 3, 12], "R": [[-0.4182119055233892, 0.8784751415092198, 0.23104161492867814], [0.03836059416416726, 0.2712069829271163, -0.9617563294447002], [-0.9075391269217363, -0.3933550535609358, -0.1471208175079433]], "T": [0.03776708699399872, 0.03522622210821349, -0.020821377678567853], "aligned_model": [[-0.7792216499320619, 0.18711307083534387, 0.4500582139177734, 0.9452403513269116, 0.3558553443397621, -0.16373942132376215, -0.3910233502456011, -0.28443440244505946, -0.47836648106131, -0.05267641426054717, 0.3979122617766752, -0.6350685799790006, 0.023647436055003593], [-0.10413465176907857, -0.3308776857406384, 0.4167128203792225, 0.13975679728325224, -0.5576516998975555, -0.603445506584045, 0.12866703049354994, 0.15895245185752796, -0.5017972064189983, 0.6149488743026013, 0.10997741734407113, 0.5476513336302731, 0.027480755356596658], [0.005685636699480079, -0.5013556946229972, -0.4818483182866354, 0.040378226832658806, 0.1002393160551925, -0.10817400477660018, 0.45881770989797377, -0.5964972755735808, 0.49376191705132355, 0.054768183969730544, 0.5457587261568231, -0.1730497524067056, -0.05687539533394981]], "inverted": false, "swapped": false, "error_lsq": 0.05338726606676494, "error_max": 0.29386500918174185, "target": "369.xyz", "model": "9.xyz", "model_rescale": 3.877068213659057, "target_rescale": 3.909676578943355},
{"mapping": [12, 0, 1, 7, 8, 11, 6, 5, 10, 4, 2, 3, 15], "R": [[-0.947648250443827, -0.08441444061866515, -0.30795615864241505], [-0.016743743750727805, -0.9499609127811847, 0.3119197192117694], [-0.31887684217572837, 0.30074651519673, 0.8988153832245303]], "T": [-0.0706859685877624, 0.029590184936238495, 0.17834364481089207], "aligned_model": [[-0.6246646516554668, -0.05973815697521116, 0.35976224682132374, 0.6934203557531989, 0.5309586514703001, -0.17300297774018883, -0.6676714819541583, -0.20992804992331132, -0.4028271870057742, 0.2120444557648103, 0.3921520107983522, -0.4008790030270575, -0.07432983332269003], [-0.19016127332416194, -0.37235897812334634, 0.20102729922575724, 0.25770338958127975, -0.4292595156020705, -0.673990206587763, 0.08057098097517806, 0.30353625488249375, -0.494481921180755, 0.6374468877204669, 0.2036996796838875, 0.538815763522049, -0.01630763053623613], [-0.27222503032368683, -0.5087393569948474, -0.5552981341920833, 0.004009309737379646, 0.0273349057287052, -0.01954808964191218, 0.3243362144531341, -0.5403778838696364, 0.5222061436062327, 0.08526080122158373, 0.6208617197253549, -0.007191292195436627, 0.100979968407926]], "inverted": false, "swapped": false, "error_lsq": 0.03573261860027013, "error_max": 0.16273750818195098, "target": "369.xyz", "model": "10.xyz", "model_rescale": 4.260839863003843, "target_rescale": 3.909676578943355},
{"mapping": [5, 1, 7, 0, 11, 6, 8, 4, 2, 9, 10, 12], "R": [[-0.7680255683449203, 0.631586867972266, -0.10599412518364437], [0.0702244897550614, -0.0814538213625926, -0.9942000784671428], [-0.6365573402350365, -0.771014463671347, 0.018205751906521073]], "T": [0.06437011974791935, 0.02888713349648884, 0.02981447941947265], "aligned_model": [[0.3126696411466322, 0.2866339676252155, -0.3528752873847227, -0.3816469833809545, -0.6763706178543639, -0.40048667985809727, 0.1860188176001982, 0.7742503449501208, 0.13039706896657527, -0.19968644145186276, 0.31785176972431894, -0.03785695098892937], [-0.02644159426030178, -0.5619315031365325, -0.5611360783810824, -0.19622130279481256, 0.18323277933621465, 0.44531051964579726, 0.6409604885746638, 0.08425044923141822, -0.5459642856618432, 0.09084402428839544, 0.5992158046711006, 0.020959204019916224], [-0.5970579457461063, -0.16203448479216775, 0.055423053200472736, -0.5937096651635695, 0.17907626438046279, -0.31927100118427165, -0.5126230918891699, -0.08507584952685568, 0.5842176873453759, 0.6430790812319888, 0.26949426048465114, 0.054659769054694045]], "inverted": true, "swapped": true, "error_lsq": 0.04212105070377601, "error_max": 0.2450715546408789, "target": "369.xyz", "model": "11.xyz", "model_rescale": 3.890672605050136, "target_rescale": 3.909676578943355},
{"mapping": [2, 6, 9, 5, 8, 0, 4, 11, 3, 12, 7, 10, 13], "R": [[0.6872096578866463, 0.6731143613851687, -0.27323971637438654], [0.226859631328647, -0.5561594262597102, -0.7995132270675078], [-0.6901286791466856, 0.4874461499278733, -0.5349006049162258]], "T": [-0.03418069651959789, -0.10015133184007752, -0.1614326373437144], "aligned_model": [[-0.7091897702792397, 0.18501211896649566, 0.4237535839968184, 0.6428685760742558, 0.43676608047284626, -0.2654229043946826, -0.5619242991372371, -0.3039698818321591, -0.11327994283948122, 0.07287216770572819, 0.3010656950557279, -0.490219742626156, -0.04303530215878924], [0.11232975263665687, -0.40789129814135605, 0.36384005124332347, 0.22997245042460673, -0.57109166034604, -0.6021890140247113, -0.018936353800747333, 0.1378202841603725, -0.529803094715803, 0.5540801404755605, 0.137022784831271, 0.6677656306410102, -0.02667894314736477], [-0.23056058211592234, -0.5965291401126112, -0.5866721077291269, 0.03246102603508824, 0.11354988221936282, 0.046364732011512116, 0.29238214983643895, -0.5777804118805443, 0.6523276639068706, 0.1786453120119282, 0.5857771495256024, -0.11816103461626723, -0.01019536342961816]], "inverted": true, "swapped": false, "error_lsq": 0.043423907997904375, "error_max": 0.3313165877566949, "target": "369.xyz", "model": "12.xyz", "model_rescale": 4.124412569039231, "target_rescale": 3.909676578943355},
{"mapping": [1, 8, 11, 10, 9, 6, 0, 2, 3, 10, 7, 4, 12], "R": [[0.2871345714769856, -0.026776776442580807, -0.9575159226384029], [0.8865354093317662, -0.37115062520952163, 0.2762284949232051], [-0.36277914199094446, -0.9281865209374274, -0.0828316152588427]], "T": [-0.10042414117991846, -0.04936578729470797, 0.17519537799638862], "aligned_model": [[-0.7050305918027494, 0.07631188045378667, 0.5176936853127587, 0.3572097068515635, 0.3854511147285916, -0.23523328315274472, -0.5835323149572765, -0.16634889110458914, -0.27424984146903875, 0.3572097068515635, 0.38668209667550013, -0.4829072427300579, -0.05795964665318055], [-0.20283975973695864, -0.29955552094091287, 0.1432382792996992, 0.4835869692056892, -0.46477470455478165, -0.6570311629702791, 0.025399044471322553, 0.35345526021618007, -0.5903658627929951, 0.4835869692056892, 0.10724644210555648, 0.6211767758821576, 0.043118000846411715], [-0.34802644738629784, -0.47370029677234793, -0.5807059961522238, -0.05095123986918507, 0.1738028418046757, -0.07012502724886804, 0.4878998802897335, -0.5836093694047603, 0.6063066397325807, -0.05095123986918507, 0.5375181583465392, 0.025677473562465275, 0.10847389862958648]], "inverted": false, "swapped": false, "error_lsq": 0.05199990337702583, "error_max": 0.4723254138247569, "target": "369.xyz", "model": "13.xyz", "model_rescale": 3.9028299243045295, "target_rescale": 3.909676578943355},
{"mapping": [14, 5, 8, 0, 4, 10, 9, 12, 7, 2, 3, 1, 15], "R": [[-0.18322062269478873, 0.8966372449316264, 0.4030779756086361], [0.11938495590091364, -0.38669004921930106, 0.9144495820652505], [0.9757957961191833, 0.2156674681916511, -0.03619540633744012]], "T": [-0.05243471845218739, 0.07289296131256155, -0.0411243965231197], "aligned_model": [[-0.8133867465426527, 0.16169937045557545, 0.45166367315885747, 0.769133811427317, 0.384177344903718, -0.22749643594557745, -0.6736081752002818, -0.2812722187393154, -0.2711172837135573, 0.2963467614850617, 0.28803384023795886, -0.3841587302659879, -0.12471883225698843], [-0.3251482272790666, -0.18641320539722867, 0.29978949348615114, 0.13013574649717768, -0.4227127370837167, -0.6508923295471165, -0.0730111562752319, 0.2799354550259574, -0.4897652797737348, 0.7213490508870192, 0.1048269375877867, 0.6250565142574934, 0.03309046785128844], [-0.25458604626968173, -0.42714089556049173, -0.5804850688198497, 0.05355835534154895, 0.11088932565992732, -0.012126985390227826, 0.3989903402969652, -0.6648287280939074, 0.6343173812975538, -0.038685400342412024, 0.48017285739335624, 0.0441595206488351, 0.03737461950109717]], "inverted": true, "swapped": false, "error_lsq": 0.03259552862004217, "error_max": 0.21301467667457036, "target": "369.xyz", "model": "14.xyz", "model_rescale": 3.942246331269136, "target_rescale": 3.909676578943355},
{"mapping": [11, 8, 12, 1, 2, 6, 10, 13, 9, 3, 5, 4, 14], "R": [[0.5865029676840534, 0.39331072701439457, 0.70804021136741], [-0.448383272618788, 0.8856726213544326, -0.1205671954506432], [-0.6745122013228997, -0.2467603691814722, 0.6958035717556785]], "T": [-0.05108851449884546, -0.044190242722602656, -0.0028129057227343993], "aligned_model": [[-0.6506873867973871, -0.05214549552127109, 0.36695276500658963, 0.6779679888778358, 0.5151288963196176, -0.36473991139060524, -0.6361538911327882, -0.2591688976479959, -0.22762843778253836, 0.2036078203802489, 0.36581472526480774, -0.40524590757891027, 0.041594111006524166], [-0.1426817429408106, -0.5789487115998609, 0.4140643013890267, 0.3094673318576552, -0.43578687462819155, -0.5067457370615222, 0.05708428838289043, 0.38062669216985673, -0.48705244646510976, 0.61029094125138, 0.06876710613757084, 0.42285607714935564, -0.06570049540546148], [-0.3834592525850598, -0.5621635909310032, -0.5350915165960721, -0.009474032263717175, 0.32688064927299315, -0.02413437901016125, 0.39271521016374356, -0.663995915548603, 0.6459312889454565, 0.14993553886449137, 0.46217299105496906, 0.007397527343376875, -0.02510524304770067]], "inverted": true, "swapped": false, "error_lsq": 0.04676094207202825, "error_max": 0.2811553348173836, "target": "369.xyz", "model": "15.xyz", "model_rescale": 4.355366556412066, "target_rescale": 3.909676578943355},
{"mapping": [7, 9, 2, 5, 1, 0, 4, 8, 3, 11, 10, 12], "R": [[-0.45582932608039856, -0.7688721138384473, -0.4483919022982999], [-0.09330367843487603, 0.5422746338066488, -0.83500457790385], [0.8851632894983905, -0.3387829601551166, -0.31892327734570536]], "T": [-0.01769323102548627, 0.04010618877369634, -0.016330297323836302], "aligned_model": [[-0.23966753703041183, 0.5715487904352885, 0.18763002521985805, -0.6142952699310107, -0.4865534568721713, -0.6311549213767651, -0.1542900878444714, -0.2113303266292696, 0.4736809610432769, 0.2515947729335646, 0.44138549414012296, 0.009260110543770038], [-0.6390883121428146, -0.27363849499895565, -0.5820635327477179, 0.3561848139427865, -0.236943768675671, -0.1264043925982611, 0.48304469214542856, 0.7811508683868844, 0.022585391158084278, -0.2677411044854596, 0.5224386567864594, -0.026748389029782736], [0.09457126613272517, 0.0470424824379581, -0.4777669962943214, -0.05926359162998153, -0.3887377545954415, 0.4677424286311861, -0.5689075312791205, 0.2951631608356342, -0.5826724390306248, 0.6375141139390874, -0.0761320689618412, 0.0607053910241611]], "inverted": true, "swapped": true, "error_lsq": 0.04569096100075804, "error_max": 0.2913994030734124, "target": "369.xyz", "model": "16.xyz", "model_rescale": 3.795458400668931, "target_rescale": 3.909676578943355},
{"mapping": [10, 9, 8, 3, 6, 5, 2, 11, 1, 7, 0, 4, 12], "R": [[0.6496977264791685, 0.7580950787937333, 0.05643328553720242], [-0.6660455825510829, 0.6034482620581144, -0.43844438299883615], [-0.3664370971558265, 0.24726917828100803, 0.8969848422912433]], "T": [-0.020741745900644745, 0.10532793590227223, -0.0019121307719172816], "aligned_model": [[-0.6652653175066647, -0.10001904973330693, 0.4227745338639265, 0.759738934320771, 0.46227652173803263, -0.14944111178080988, -0.6135029027801656, -0.16273862270654715, -0.11406960951056022, 0.23118820668607754, 0.1833385645455144, -0.49172961952539523, -0.18725414860674466], [-0.1510480860025719, -0.5256601320419506, 0.10841451346372948, 0.21770497566110436, -0.36755149909756163, -0.6594389529199433, -0.01185972158109315, 0.4392239621010468, -0.4510119697518204, 0.7070134792579584, 0.10848767830273796, 0.5398396381016265, 0.09212684474351622], [-0.2422543120231345, -0.629219907101571, -0.5127649030434257, 0.1730257022033131, 0.01940087252061602, 0.03192103355039637, 0.36747805365287206, -0.7255769011518541, 0.627827840394472, 0.07411737305640205, 0.5542817476414206, 0.06784309795346026, -0.024470421990254135]], "inverted": true, "swapped": false, "error_lsq": 0.04586557088461336, "error_max": 0.27692947344984586, "target": "369.xyz", "model": "17.xyz", "model_rescale": 3.7474275329858107, "target_rescale": 3.909676578943355},
{"mapping": [7, 1, 3, 8, 0, 2, 9, 11, 6, 10, 4, 12, 13], "R": [[0.21192992051494966, 0.7858995288554563, 0.5809024352981309], [0.8997464624552164, 0.07513070624405022, -0.42989729038294067], [-0.38149968819102753, 0.6137730097715622, -0.6911878763303844]], "T": [-0.04854649407114902, 0.06068105375764902, -0.04097606290639472], "aligned_model": [[-0.727975227788272, 0.05915431289155355, 0.42329319487515016, 0.6264135555641029, 0.49036057613021483, -0.2247702746681849, -0.47625118477063594, -0.21939688188206016, -0.1661534666932451, 0.13807958361905373, 0.29557968197632395, -0.6095054405712099, -0.03353204967866384], [-0.046160936443873916, -0.3545235299180866, 0.18717025566640172, 0.2488555598628183, -0.558143425571621, -0.6248989911150984, 0.016339478664379105, 0.3393807240719567, -0.39673468208272616, 0.7135844462589497, 0.021071430021394784, 0.539949048719673, -0.03964864789738821], [-0.3481904293764894, -0.5836768153325531, -0.5120991583334611, 0.11987709331739171, 0.11957867620369639, 0.011539696957213089, 0.4716901912277927, -0.6850826538970567, 0.5688913456805911, -0.16477928439000342, 0.7134999636756445, 0.08094265042393484, -0.010582000493987172]], "inverted": true, "swapped": false, "error_lsq": 0.03868684830458686, "error_max": 0.2045524311768938, "target": "369.xyz", "model": "18.xyz", "model_rescale": 3.922800546911778, "target_rescale": 3.909676578943355},
{"mapping": [12, 8, 4, 10, 1, 5, 3, 13, 0, 11, 2, 7, 14], "R": [[-0.34808581453397247, 0.77126939917859, 0.5328975319992741], [-0.8714212893101624, -0.0566231181645086, -0.4872563586310007], [-0.34563159904330965, -0.6339852808859402, 0.6918102784454278]], "T": [0.030352839227444764, -0.042075166826845874, -0.05540139513895936], "aligned_model": [[-0.7373125207643692, 0.0637581046345388, 0.47864144265129877, 0.6752198037721658, 0.4448957362491726, -0.3748149921040545, -0.4370692676429334, -0.19403210566570317, -0.24762764962384964, 0.10110523088865798, 0.3293487672478777, -0.4991127953286975, -0.027703375309976908], [-0.0945542606023752, -0.38205853528793887, 0.2991383755279076, 0.4141618256940816, -0.6004991311979291, -0.6888607914493755, -0.0030153171548945937, 0.30907424392393656, -0.49329840591092283, 0.6544024298869054, 0.06038247811842012, 0.5426062453643872, 0.028761573324576704], [-0.21834274763012715, -0.5630292622173428, -0.5097996627921011, 0.10767849926143155, 0.19817282768497435, -0.04899012213830344, 0.37950106028934283, -0.6014409858783695, 0.5907929038186739, -0.18638486401522739, 0.587430487087845, 0.07118773204336332, -0.025166589851446295]], "inverted": true, "swapped": false, "error_lsq": 0.03720673502889785, "error_max": 0.2387649316934889, "target": "369.xyz", "model": "19.xyz", "model_rescale": 3.9282355846067225, "target_rescale": 3.909676578943355},
{"mapping": [11, 1, 3, 5, 2, 10, 9, 0, 12, 6, 7, 8, 13], "R": [[0.4533167604954518, -0.3016274443399861, -0.8387638520315701], [-0.3761974591289634, 0.7883442046888891, -0.4868150436031684], [0.8080713993199, 0.5362222484701389, 0.24389816286066496]], "T": [-0.04789367667930994, 0.12281461561824712, 0.033469792431656056], "aligned_model": [[-0.6626316786955817, 0.3271840232850154, 0.2590822150226706, 0.6373786324209736, 0.48695885619029283, -0.24587274919504298, -0.6419154778755547, -0.24308127519529243, -0.35617316972654034, 0.32290553061256394, 0.23512260578765448, -0.5242700953379826, -0.019391038289048677], [-0.06584375990732168, -0.23655440802404643, 0.39081862554014796, 0.1948968777587518, -0.5034220932557829, -0.7138216893773973, 0.058409399185494884, -0.09036555236163397, -0.32995134229648143, 0.6475127804243576, -0.0027197084827606383, 0.6874533683049677, 0.009828232728482822], [-0.2825497916878259, -0.5065963332811761, -0.5992186946780056, -0.08009147787501486, 0.055300113122642595, -0.02201289856752202, 0.3819161915199579, -0.7126220287019573, 0.6836705974047553, 0.15197649172702, 0.5740627018475171, 0.21477110472284427, -0.07699669989052252]], "inverted": false, "swapped": false, "error_lsq": 0.047917062022293434, "error_max": 0.3361556381771731, "target": "369.xyz", "model": "20.xyz", "model_rescale": 4.067790424073018, "target_rescale": 3.909676578943355},
{"mapping": [13, 6, 4, 2, 3, 11, 9, 5, 12, 8, 0, 1, 14], "R": [[-0.2982048207078416, -0.6258649183128879, -0.7206712072310134], [-0.27050961898157233, 0.7794824683048687, -0.5650058651410568], [0.9153679210814899, 0.0264610209657834, -0.4017479102925114]], "T": [-0.054100168017016906, 0.02499297789097987, -0.019482887963172154], "aligned_model": [[-0.6249657738220121, 0.2798035897935516, 0.4380603000387231, 0.6870934965075229, 0.41629591582878295, -0.25082163087177467, -0.5877868745050105, -0.20827727056395084, -0.21720685542101947, 0.029576337735588473, 0.41865305441288203, -0.6830558782328268, -0.12207203189632894], [-0.13282763615691862, -0.35625728544857427, 0.38453563502971494, -0.030997840752065745, -0.6346492653346094, -0.5905130451551286, 0.11082064965636312, 0.3586333916631784, -0.4188396767208081, 0.5880574004939499, 0.2240593442142088, 0.5457766709990863, -0.001557612251617959], [-0.39275037779805966, -0.5586613555588964, -0.5400399416249697, -0.05439580012038989, 0.2400255934120375, -0.041511406419832225, 0.538963178856375, -0.48141320327711024, 0.5833625732638607, -0.053017871321920707, 0.4717757017856193, 0.06116548994008547, 0.0081066945259144]], "inverted": false, "swapped": false, "error_lsq": 0.0474343655105819, "error_max": 0.24274668339089617, "target": "369.xyz", "model": "21.xyz", "model_rescale": 4.186013935880536, "target_rescale": 3.909676578943355},
{"mapping": [1, 0, 6, 3, 5, 2, 9, 7, 8, 4, 11, 10, 12], "R": [[-0.6786285897411724, 0.683073305186495, -0.2699520270853793], [0.5526371204621121, 0.2327791526978915, -0.8002537592267823], [-0.48379277616894284, -0.692260590970517, -0.5354622525593172]], "T": [-0.06313954205234762, -0.008899669261624662, 0.0023992927649236356], "aligned_model": [[-0.573831357173589, 0.02874641720406773, 0.27621102702712225, 0.8492950575099049, 0.5005438544507577, -0.10587652974786255, -0.6096565667794765, -0.36560179784831576, -0.269873576053827, 0.1770830987091546, 0.17682505180146976, -0.4853730602689789, -0.023195239826299806], [-0.24398116148770044, -0.4025650073049929, 0.17603938896905397, 0.1303504554822694, -0.5374876991069915, -0.7424496050118893, 0.05158326107417541, 0.4378549406052809, -0.37787225221142934, 0.676581992117096, 0.1628932217732338, 0.702150074758064, 0.013143120580608986], [-0.46563254152979533, -0.596243349485944, -0.3982147172539276, -0.01787776365532799, 0.039742288437107656, 0.10127924274714918, 0.2906903211715212, -0.4948437486769217, 0.6417649181471776, -0.0025122800488402847, 0.5608526704056334, 0.11387373047064418, 0.008730504934237132]], "inverted": true, "swapped": false, "error_lsq": 0.0458895535072467, "error_max": 0.2929126222044756, "target": "369.xyz", "model": "22.xyz", "model_rescale": 4.166573947596378, "target_rescale": 3.909676578943355},
{"mapping": [5, 10, 14, 9, 8, 7, 1, 13, 0, 12, 3, 6, 15], "R": [[-0.450184625498394, 0.7140113609143084, -0.5362103873016342], [-0.8923434898738454, -0.38160221991810495, 0.24104531074746277], [-0.03250998376864217, 0.5869987412583368, 0.8089348420710354]], "T": [0.08125454983634345, 0.09790407720663989, 0.1154777865778179], "aligned_model": [[-0.6522147321486211, 0.14527229293423521, 0.3040285417164965, 0.6729846281339771, 0.45420323591151507, -0.19843906692459562, -0.5571730950674854, -0.26327131814252497, -0.3799616081459814, 0.1163796334129509, 0.41793621565556005, -0.49820837792466094, 0.013760029593262321], [-0.1025086418247441, -0.270503536451462, 0.33911758594262764, 0.07141973861250535, -0.5823049619395455, -0.4873559624385057, 0.04244115286424023, 0.0025263389537301673, -0.5215318774407884, 0.7126899551194571, 0.16509238223008704, 0.5870134244405185, 0.09014513216865874], [-0.22055723486526577, -0.5334588758719728, -0.6043593859586529, 0.017481559460638924, 0.34417864105766577, -0.18557339576160306, 0.4276204897010554, -0.6519973936299274, 0.3806843410670816, -0.1085443285178124, 0.6089935812443492, 0.17952771839634682, 0.12761355934081006]], "inverted": true, "swapped": false, "error_lsq": 0.04806608450342602, "error_max": 0.27545491673248684, "target": "369.xyz", "model": "23.xyz", "model_rescale": 4.274766983524099, "target_rescale": 3.909676578943355},
{"mapping": [4, 10, 8, 5, 6, 0, 1, 7, 2, 9, 12], "R": [[-0.9015170713563956, -0.3783313621035417, 0.21007701088378616], [0.07342420597690819, -0.61214371479211, -0.7873302727681546], [0.4264690563565523, -0.6943669439780344, 0.5796366888672224]], "T": [0.01759867313496627, 0.1428428443725993, 0.039150734105057844], "aligned_model": [[0.21043265528047453, 0.19761912576534174, -0.5492643585026182, -0.4069850388584131, -0.5868303883049009, -0.662467601490272, 0.08923535306415832, 0.0023604190640416356, 0.6668014877664536, 0.4219581603256517, -0.002965110151842306], [-0.11322851528974298, 0.6279956328602396, 0.3889993320145047, -0.25037066795283464, 0.5154202296346242, -0.141583822170134, -0.5108820515686584, -0.19091984921073568, -0.13469401181919888, 0.5416834880405643, 0.18316676670485527], [-0.6069431697806499, -0.3841618524635789, -0.510161566328379, -0.3112701030459425, 0.12407749736956239, 0.3473694173929798, 0.09193189599561616, 0.6804363018231947, 0.4182096055481771, 0.3956301048166426, 0.1344483026939551]], "inverted": true, "swapped": true, "error_lsq": 0.046503227666582554, "error_max": 0.20440473238214196, "target": "369.xyz", "model": "24.xyz", "model_rescale": 3.7841303162186577, "target_rescale": 3.909676578943355},
{"mapping": [11, 3, 4, 2, 12, 13, 10, 6, 14, 8, 9, 7, 15], "R": [[0.7475859881684985, 0.6432264170987958, -0.16545382026528066], [-0.04373064791664022, 0.2962464533580691, 0.9541098832448791], [0.6627237891662867, -0.7060437771264694, 0.24959840555193447]], "T": [-0.04084600362926813, 0.15825793950452982, 0.007753887984553093], "aligned_model": [[-0.6663051911005158, 0.06547220704234236, 0.4144150395053021, 0.7059891919777345, 0.3634126504168156, -0.2167317352645899, -0.5728897479944352, -0.23924396549426263, -0.10164427558218582, 0.29065042106078487, 0.21400571822038514, -0.625825595850275, -0.056008337932972926], [-0.20142954238309208, -0.3294116580210672, 0.2811238653884566, 0.17839921932055014, -0.4656163894397185, -0.6010862551497798, 0.1761406071511296, 0.19864478588147688, -0.39241779229449125, 0.6171329597111781, 0.005765860437397519, 0.4302613202069641, 0.14873374942777437], [-0.2546452151843307, -0.6246041509158475, -0.5704724428920886, 0.11082933305875471, 0.15784608878575596, -0.0590338408505133, 0.57508515766474, -0.6858119730629542, 0.5755203636113845, 0.17805250772917502, 0.5116759794016432, -0.0736008762991116, -0.05923165538389402]], "inverted": true, "swapped": false, "error_lsq": 0.04035482343601278, "error_max": 0.2616742328105119, "target": "369.xyz", "model": "25.xyz", "model_rescale": 4.19342608120988, "target_rescale": 3.909676578943355},
{"mapping": [7, 9, 2, 5, 1, 0, 4, 8, 3, 11, 10, 12], "R": [[-0.45582932608039856, -0.7688721138384473, -0.4483919022982999], [-0.09330367843487603, 0.5422746338066488, -0.83500457790385], [0.8851632894983905, -0.3387829601551166, -0.31892327734570536]], "T": [-0.01769323102548627, 0.04010618877369634, -0.016330297323836302], "aligned_model": [[-0.23966753703041183, 0.5715487904352885, 0.18763002521985805, -0.6142952699310107, -0.4865534568721713, -0.6311549213767651, -0.1542900878444714, -0.2113303266292696, 0.4736809610432769, 0.2515947729335646, 0.44138549414012296, 0.009260110543770038], [-0.6390883121428146, -0.27363849499895565, -0.5820635327477179, 0.3561848139427865, -0.236943768675671, -0.1264043925982611, 0.48304469214542856, 0.7811508683868844, 0.022585391158084278, -0.2677411044854596, 0.5224386567864594, -0.026748389029782736], [0.09457126613272517, 0.0470424824379581, -0.4777669962943214, -0.05926359162998153, -0.3887377545954415, 0.4677424286311861, -0.5689075312791205, 0.2951631608356342, -0.5826724390306248, 0.6375141139390874, -0.0761320689618412, 0.0607053910241611]], "inverted": true, "swapped": true, "error_lsq": 0.04569096100075804, "error_max": 0.2913994030734124, "target": "369.xyz", "model": "26.xyz", "model_rescale": 3.795458400668931, "target_rescale": 3.909676578943355},
{"mapping": [6, 7, 10, 4, 3, 0, 1, 5, 2, 11, 9, 8, 12], "R": [[-0.19470768707326636, 0.6911257796907809, -0.696012983529323], [-0.03976349540252855, 0.7034486218890829, 0.7096329338437751], [0.9800549887776464, 0.16584689629040605, -0.10948527737959667]], "T": [-0.043359874458787, 0.08573613089902782, 0.08647157977440628], "aligned_model": [[-0.772506855600985, 0.11901839752487064, 0.3974773027955375, 0.7703522021691797, 0.4182538972181331, -0.21157679454364378, -0.5666956533990783, -0.2853079819738781, -0.09756573835088786, 0.25205526700096315, 0.12911810575511032, -0.5295067340320153, -0.047819035559178616], [0.0028088989794840535, -0.34425899246982455, 0.22946295636047315, 0.2754838937130822, -0.4888314829393599, -0.7283653915447674, 0.020523120288362978, 0.20725993065862497, -0.5052510231757286, 0.7367531889686731, 0.03512346197242393, 0.6056139380201748, -8.176859483947918e-05], [-0.2912250097961743, -0.5835624412245448, -0.4545382272554171, 0.05942300322315563, 0.04332830945182971, 0.07180968887405262, 0.35520954932705634, -0.6160620829365628, 0.7365722042453675, 0.10840958405907813, 0.4764254157612687, -0.06889896664983688, -0.05528175141655914]], "inverted": false, "swapped": false, "error_lsq": 0.04029262405913122, "error_max": 0.23153597950348484, "target": "369.xyz", "model": "27.xyz", "model_rescale": 3.6321398670334006, "target_rescale": 3.909676578943355},
{"mapping": [3, 8, 10, 9, 12, 7, 1, 0, 4, 11, 6, 2, 14], "R": [[-0.5300681839978322, -0.613276936497674, 0.5855929639888682], [0.5987808886212185, 0.21827191874720636, 0.7705964033840261], [-0.6004075013981955, 0.7591105114846194, 0.2515195094189218]], "T": [-0.02664370424535035, 0.02900259510659999, -0.04718160829100112], "aligned_model": [[-0.5955796826015148, 0.13447472613477707, 0.3791493699712037, 0.5970097009279475, 0.5088600690800632, -0.1729237239450586, -0.5662514003917203, -0.28034589102695273, -0.3471118274972783, 0.10109382604171332, 0.3210257046873146, -0.4577422594517224, -0.046362232924644864], [-0.2570125354743565, -0.3128915951672505, 0.3111971761903619, 0.24730873418394062, -0.5902845297939476, -0.7321319468524574, 0.14287376750952274, 0.3025411181621486, -0.3493692766661102, 0.6559385146543408, -0.1146342541754836, 0.6781741600525026, 0.06453139761356715], [-0.3042171653116691, -0.3995717753550029, -0.6474897227800895, 0.05267339196999785, 0.06783533196827954, -0.03438516826709372, 0.33113583315400447, -0.5474051293759941, 0.6165970905157877, -0.10339826557069878, 0.6328197702086998, 0.11460213223035517, 0.002412952276136901]], "inverted": true, "swapped": false, "error_lsq": 0.03443990283152542, "error_max": 0.19126884144057368, "target": "369.xyz", "model": "28.xyz", "model_rescale": 4.156811204709835, "target_rescale": 3.909676578943355},
