[{"mapping": [2, 11, 0, 3, 1, 12, 4, 8, 7, 5, 6, 10, 9, 14], "R": [[0.6090186400855252, -0.33190736630148077, -0.7203705964454633], [-0.6031662749435209, 0.3959828560108488, -0.6923785254586169], [0.5150599390353855, 0.8561746772360804, 0.040965610706530604]], "T": [-0.023597925542042077, 0.13377011219212692, 0.06637433051302796], "aligned_model": [[0.03900477097308266, 0.40099934920983765, -0.4500821954835367, -0.3333204432830295, -0.7052419720582038, -0.20340668462316477, -0.7423560586020926, -0.1144499514767292, -0.18774655644075636, 0.28793515647240625, 0.4196612275881102, 0.3933565775890657, 0.5750692564358333, -0.007930375172518715], [-0.6916025587242423, -0.173636899462627, -0.3845456151616122, -0.2898940534072997, 0.1771913911300098, 0.043144162443991274, 0.33064213679123505, 0.37730344417345163, 0.7661351805247829, -0.18304877824283222, 0.43819530081391983, 0.6709533086061628, -0.029612252311544546, 0.18404856463663904], [0.20990728678570364, -0.4343468631343266, 0.445508113619831, -0.08962835488995366, 0.5895420036764584, -0.673378107976598, -0.14375954168988223, 0.725333443246726, 0.05320967401110119, 0.7724371471264616, 0.4165686636175113, -0.16145042780406824, 0.1351334811929271, 0.0525115693979424]], "inverted": true, "swapped": true, "error_lsq": 0.04878917244400649, "error_max": 0.32982927130732026, "target": "37.xyz", "model": "0.xyz", "model_rescale": 3.8414455957264533, "target_rescale": 4.100398675895297},
{"mapping": [6, 8, 5, 10, 12, 2, 7, 13, 9, 4, 0, 3, 1, 11, 14], "R": [[-0.1322942045267402, 0.9672191235440298, -0.21676118310102538], [-0.5313469627918118, -0.2538091899931876, -0.8082396304357512], [-0.8367608072684538, 0.008249977316405477, 0.5475064285410033]], "T": [-0.032718200551929776, -0.0757405649792921, -0.011487531934443417], "aligned_model": [[-0.4953606028664553, 0.3679881596263903, -0.4396138748800157, 0.07380600133912801, 0.6267074592709141, -0.769147328282671, -0.2910763061751717, 0.526686525831977, -0.13619858506085478, -0.36486614525104843, 0.13137505879908992, -0.23506964792537674, 0.28187416608896776, 0.7634663041517109, 0.002207911676213363], [-0.38132211355425605, -0.6037345007380612, 0.21460212666486939, 0.10334950228151529, -0.04164645193848021, -0.12320941531076836, -0.33948395244623236, -0.5001196344654866, -0.7338589964944491, 0.2328028830070018, 0.08928406512872561, 0.6767776797081109, 0.7184326305466111, 0.20320697048554265, 0.003449755970353935], [-0.5615867034797336, -0.44155638016130405, -0.4409753857841294, -0.6633775860312847, -0.39395966750805655, -0.016343013000031586, 0.5144834909949143, 0.2745470081489323, 0.13575926808292987, 0.28900526063315085, 0.6750673771590959, -0.08989075379756102, 0.1256928949791548, 0.10911059847348333, -0.035426178928533725]], "inverted": false, "swapped": false, "error_lsq": 0.04906304583788972, "error_max": 0.343970241731323, "target": "37.xyz", "model": "1.xyz", "model_rescale": 4.316132596720782, "target_rescale": 4.100398675895297},
{"mapping": [11, 3, 12, 6, 10, 9, 7, 5, 4, 2, 1, 14], "R": [[0.3126811606521719, -0.08558398446511382, -0.9459946476467435], [-0.1366084347281833, -0.9896305881729449, 0.04437831129715535], [-0.9399833122637481, 0.11535458619208294, -0.32113033508238825]], "T": [-0.03042859547475316, 0.020567390455416886, -0.07574883941296894], "aligned_model": [[-0.25519513698729684, 0.4392963238476373, 0.20691273792065062, -0.5783256806056931, -0.6269755742823122, -0.5021176115198862, -0.15549655012149582, -0.20849097848581363, 0.5418246523019388, 0.2631458312824423, 0.5388304036374902, -0.06559986235588083], [-0.6331613350452486, -0.20037537751087103, -0.6494059296721412, 0.35030955798512714, -0.09426717544289828, -0.09973940424441999, 0.25865775713593403, 0.4929745614492098, 0.048406278872436065, -0.1421290160528898, 0.6598720606395988, 0.021634449627143327], [0.14247669891979908, 0.09831722423180138, -0.3631210103703204, -0.02219204435019413, -0.4568862021100317, 0.3152239983926614, -0.6712945092557763, 0.5883874599112122, -0.5965936424564887, 0.6943841285259628, -0.16213262532900852, -0.1173110149001962]], "inverted": false, "swapped": true, "error_lsq": 0.03969151939629822, "error_max": 0.23837566109460606, "target": "37.xyz", "model": "2.xyz", "model_rescale": 3.795458400668931, "target_rescale": 4.100398675895297},
{"mapping": [7, 4, 12, 2, 6, 9, 3, 8, 0, 5, 10, 14], "R": [[-0.621657004880351, -0.7807468431731093, -0.0630629460017203], [-0.49690490581970737, 0.330851772571825, 0.8022609420621132], [-0.605498210447809, 0.5300674216185202, -0.5936332585723233]], "T": [-0.031845523247741266, 0.019166345901616057, 0.03637650470973677], "aligned_model": [[-0.12626865267672996, -0.31490103400717473, -0.7685022635930995, 0.2054117520441071, 0.3147713291709075, 0.09851816504595631, -0.1630349477458179, 0.5879499335853365, 0.3691245007639032, 0.7257698364352546, -0.2856043975044153, -0.04993039577466265], [-0.06372627430206326, -0.6554570238709498, -0.12568377898710395, -0.030431747248518246, 0.47504695674480474, 0.5875439728634104, -0.3310282089885326, -0.08009842968653946, -0.4906846286873371, 0.24567437378344673, 0.5128247094299548, 0.041789124239137], [-0.6048853349460358, -0.2171801535387388, 0.19172518054853013, 0.8407457405212003, -0.2531387272145915, 0.25948229700143205, 0.43626312574996406, -0.2919370385285146, 0.45297880280401925, 0.3022051179315708, -0.4177477277946089, -0.0097398518951268]], "inverted": false, "swapped": true, "error_lsq": 0.04689561133849048, "error_max": 0.31639543073405857, "target": "37.xyz", "model": "3.xyz", "model_rescale": 3.7530521520055578, "target_rescale": 4.100398675895297},
{"mapping": [1, 13, 7, 10, 8, 11, 0, 3, 2, 9, 14], "R": [[-0.2703562347217793, -0.32137403338030884, 0.9075385595201643], [-0.18173052686246766, 0.9427314603179386, 0.27969878321704816], [-0.9454530776053102, -0.0893091506827801, -0.31327680037144207]], "T": [-0.03092178826317088, -0.010906494100167585, -0.011617552583308663], "aligned_model": [[-0.293001019596346, -0.13450652930737192, 0.22198677514171639, 0.49821184679349256, 0.2972950184267736, -0.09975265524699198, -0.4985809194980925, -0.5612564621229628, -0.4212940443679161, 0.3243049248616703, 0.004792667361233786], [-0.8288333686909695, 0.08613180854404348, -0.2868845163903616, 0.25950266321867904, -0.6158841876479566, 0.7064371233334061, -0.4024288488599927, 0.03114884437826365, 0.16291173752975074, 0.3607085330435694, -0.005606430144086462], [0.03876629586737725, -0.7880903928505338, -0.5472265990186448, -0.4131364793887409, 0.15590977286838842, 0.06702134737358913, 0.4598563426840345, 0.11773732080501449, 0.7116787746987389, 0.34269906640858067, -0.0523846722024874]], "inverted": false, "swapped": true, "error_lsq": 0.04963462820334104, "error_max": 0.33265135465470563, "target": "37.xyz", "model": "4.xyz", "model_rescale": 3.7855080009869324, "target_rescale": 4.100398675895297},
{"mapping": [13, 12, 8, 6, 1, 15, 9, 2, 14, 10, 3, 7, 4, 0, 16], "R": [[-0.6202669381274437, -0.7492360462645977, -0.23219447117405626], [-0.6883981567559772, 0.6618604398825145, -0.29673007244547633], [0.37600120111640506, -0.024209607520940896, -0.9263028617372953]], "T": [0.006185719422984828, -0.011548919916399385, -0.07707732438723627], "aligned_model": [[-0.3084296499390776, 0.2594519259606494, -0.6423178018899128, -0.004946509534078567, 0.7424924746155263, -0.7396231529623092, -0.22693419141021734, 0.38810616237443274, -0.08916123961995191, -0.49734367106118604, 0.1534512368005956, -0.13546534941035884, 0.4635381913980308, 0.6792456040661683, 0.0007150669544869698], [-0.2843100954854597, -0.534841191865417, 0.14224452075421068, 0.35337823365012694, -0.08052973988736664, -0.34789188571592905, -0.3200676797902277, -0.4525114187268872, -0.6695661209077256, 0.2968111033787949, -0.02385453268734713, 0.7237987958395196, 0.5414150732440522, 0.2334355209412383, -0.058980033896586334], [-0.6699399976419753, -0.43075329155861375, -0.303131818735585, -0.618170028214633, -0.2389351253216796, 0.022725691170453782, 0.5207397891417069, 0.37621566858449695, 0.04790155036235649, 0.3499314846861963, 0.6015816803309479, -0.1009139245397799, -0.2561312897488299, 0.23186749065630616, -0.052437649390341734]], "inverted": false, "swapped": false, "error_lsq": 0.03864481227967893, "error_max": 0.24566368109600487, "target": "37.xyz", "model": "5.xyz", "model_rescale": 4.2253639853439635, "target_rescale": 4.100398675895297},
{"mapping": [4, 0, 6, 7, 8, 9, 10, 13, 2, 3, 5, 11, 12, 14], "R": [[0.9022880960186755, 0.3349613629916711, -0.27143521710668905], [-0.4277509065137287, 0.616803804625934, -0.6607436935572342], [-0.053901333561210046, 0.7122878293932409, 0.6998147571597706]], "T": [0.029297933482291105, -0.0545753313639913, 0.024358803249985274], "aligned_model": [[0.684509934296095, -0.09700118233259557, -0.44286703089996904, 0.28452513217818026, -0.3465387092758408, -0.43762850690247485, 0.05382850901062801, 0.7181855282160048, -0.3012541088039944, 0.24637072793619463, -0.761798796443309, 0.06213935915480036, 0.6707155361589486, 0.04087576046511588], [-0.17680712317859099, 0.34102904474992096, -0.44980941902459703, -0.6560171483407112, -0.47229993500340534, 0.07649115998595947, -0.5106584525808211, -0.3698445812143153, 0.6965987279664955, 0.39914993080937666, 0.04794071160511347, 0.37644466542900407, 0.24198786849995113, -0.09910630306838962], [-0.3697030132408723, -0.6251241928065255, 0.20502342513417002, 0.012936076268587622, -0.406967824877396, 0.41758302265309755, 0.5772669349486574, 0.24593381165735986, -0.15517874984764243, -0.1919025882083565, -0.2197890952970496, 0.6062925051724843, 0.32169976969151265, 0.05348812768342174]], "inverted": false, "swapped": true, "error_lsq": 0.034346818192989306, "error_max": 0.2378498496541363, "target": "37.xyz", "model": "6.xyz", "model_rescale": 3.89814844738969, "target_rescale": 4.100398675895297},
{"mapping": [7, 13, 10, 1, 6, 12, 4, 8, 0, 3, 11, 5, 14], "R": [[-0.31002581193860895, -0.15887022107444626, 0.9373602556048359], [-0.1393379065411643, 0.9828857691953661, 0.12050108926461908], [-0.9404620905345054, -0.09325136765211814, -0.3268566026539429]], "T": [-0.027351778402353852, 0.15813691179680583, 0.038550632069099006], "aligned_model": [[0.16802415338799864, -0.12366526569010171, 0.5342937960767739, -0.4229833776195317, 0.5821820050501488, -0.41114764717262264, -0.5612262651577004, 0.1963253112334974, -0.547892925574407, -0.541168476657098, 0.02693448311283289, 0.24077098540617076, 0.00818502450826162], [-0.15989976714479742, 0.26645052707590045, 0.33282553928817465, -0.6034677304292004, -0.01113060066469973, 0.6770186816533712, -0.113682255119809, -0.4925207697851213, -0.14586910767807854, 0.28993415478468604, 0.8772772282736552, -0.11023222827264612, 0.1570775934890508], [-0.49781172397292206, -0.737367002310711, -0.3717652179615154, 0.0990686830904433, 0.14628418902671333, -0.37526135771223357, -0.45198016721386425, 0.20708201676528076, 0.5190708766441645, 0.17411644043242944, 0.11199338077271538, 0.7815445484075948, -0.002699635131798918]], "inverted": false, "swapped": true, "error_lsq": 0.052643672367894245, "error_max": 0.3324361489862137, "target": "37.xyz", "model": "7.xyz", "model_rescale": 3.7474275329858107, "target_rescale": 4.100398675895297},
{"mapping": [4, 13, 2, 8, 9, 1, 0, 11, 12, 0, 10, 3, 5, 7, 14], "R": [[0.217255598080423, 0.056680288682185304, -0.9744677264936085], [0.4551266974776369, 0.8772710774377995, 0.15249638006924043], [0.8635158911947237, -0.4766369704146195, 0.16479534000740417]], "T": [0.01483237707680611, -0.0694243777958814, -0.007878239433929974], "aligned_model": [[-0.09740543361367461, 0.009369609098970569, -0.6328843979007451, 0.0809386334767158, 0.7130241140529594, -0.7154228557679909, -0.38346588225372935, 0.5504109735993509, 0.005035533822815297, -0.38346588225372935, 0.25348868688152093, -0.2538213483892445, 0.3423920481794752, 0.5745473337839786, -0.01996203637387567], [-0.21778355905318453, -0.8373545181285127, 0.0785451679331623, 0.2776470597054687, 0.07220957467129163, -0.22218035134295278, 0.16096078521963003, -0.3715890369879188, -0.6578560996413684, 0.16096078521963003, -0.16917585532441493, 0.5951014721303887, 0.56431811321792, 0.18128070845986494, -0.09655369723400807], [-0.7678901294946031, -0.47517395568574233, -0.5247510369375973, -0.5913006387228675, -0.2777088567017767, 0.08264649474590874, 0.46381489270129994, 0.08340177629880346, 0.1773101764769143, 0.46381489270129994, 0.7051127620587487, -0.026986027311981357, -0.07188277812159517, 0.28833749088403277, -0.04819483310981848]], "inverted": true, "swapped": false, "error_lsq": 0.05783563399136353, "error_max": 0.4526276077407366, "target": "37.xyz", "model": "8.xyz", "model_rescale": 4.019505241142653, "target_rescale": 4.100398675895297},
{"mapping": [6, 9, 10, 7, 8, 4, 12, 5, 0, 2, 11, 3, 14], "R": [[-0.813197073205179, 0.3233260380013453, 0.4839119685241148], [-0.29230786404888576, -0.9459035301360634, 0.14079284176161705], [0.5032560310077857, -0.02695894705818873, 0.8637167258006555]], "T": [0.07168495565859376, -0.055864609873335073, -0.034438104016856326], "aligned_model": [[-0.306422777064674, -0.5524617083036537, -0.14478912429571386, 0.4086849431578652, 0.14661201216383463, 0.8368267764657052, 0.30741836613605367, -0.4007230454500258, 0.2840821874422689, -0.23937179689496393, -0.358130935386638, 0.2652466504776907, 0.07272922329342706], [-0.4649090982314542, -0.052528689175470225, 0.01715310617168208, -0.2359729073071326, -0.7600940536167032, 0.06171427899770177, 0.6709340758817904, -0.6254610058315841, -0.27923763623339054, 0.053362558143106344, 0.5277100535011656, 0.2076664611537552, -0.05695891533940791], [-0.3530390962285603, -0.05037002506414829, -0.7142383324256576, -0.5645283514984435, -0.049817097010952265, -0.05060260526312566, -0.09745677133599626, 0.3507143303904662, 0.672155384665302, 0.7382675161910611, -0.02020636550069358, 0.40469905674716944, -0.08887414962254218]], "inverted": true, "swapped": true, "error_lsq": 0.049726660912418334, "error_max": 0.30780017734485016, "target": "37.xyz", "model": "9.xyz", "model_rescale": 3.877068213659057, "target_rescale": 4.100398675895297},
{"mapping": [14, 10, 2, 9, 11, 13, 3, 12, 6, 4, 5, 7, 8, 0, 15], "R": [[-0.346579409150101, -0.5763446357804324, 0.7400740327563775], [0.8047810240299581, 0.22261372446654415, 0.5502459750333712], [-0.4818819528831296, 0.7863014628539453, 0.3866778930832313]], "T": [-0.03169080395817432, -0.038428330895532894, -0.005451675063678087], "aligned_model": [[-0.3323040748736992, 0.22167565783443527, -0.5038244315095902, -0.01327865093918515, 0.654490735994881, -0.7078583874414215, -0.26998257533175674, 0.4946785825932107, -0.07055297270511136, -0.49444889656724644, 0.20720367444619803, -0.21953889544306576, 0.3293289893043062, 0.6957449735247881, 0.051445367456054034], [-0.3430351197346441, -0.48704242207805726, 0.2760429001746004, 0.12428927953835288, -0.11289753472200108, -0.3848229664719261, -0.2686877624133943, -0.43954350484132665, -0.647891643068576, 0.29120735440818585, 0.06290706146840096, 0.753470585690607, 0.5552484206765516, 0.16003857446283243, -0.020752674244609373], [-0.6584202134950329, -0.49305972738751924, -0.34976699641008663, -0.6448492632477003, -0.26672645029620884, -0.14844346312857018, 0.5358051665752398, 0.3413005446054745, 0.08027333925650759, 0.36236069890453415, 0.7318786502891316, 0.05696442744192554, -0.3409148762104374, 0.24991886503251556, 0.024229527851253232]], "inverted": true, "swapped": false, "error_lsq": 0.03454408763748427, "error_max": 0.21722138762129845, "target": "37.xyz", "model": "10.xyz", "model_rescale": 4.260839863003843, "target_rescale": 4.100398675895297},
{"mapping": [2, 3, 12, 11, 10, 9, 5, 0, 4, 7, 8, 14], "R": [[0.17744839703614423, 0.5336189801870577, 0.826899540677964], [0.5608587132861345, 0.6355960683284995, -0.5305234600433572], [-0.8086714846712015, 0.557914349976301, -0.18649935112540453]], "T": [-0.0497926042948232, 0.03360505130809682, 0.02534799649747562], "aligned_model": [[0.3786352920182804, 0.263652044714701, -0.31847571129048613, -0.4795757291834043, -0.7111140422922253, -0.33120463445975173, 0.30250682715363136, 0.6971120022298699, 0.21346404611195224, -0.24445168039189424, 0.28017052600857506, -0.09182029152511814], [-0.04953757920920762, -0.3707154045263403, -0.6842177912095537, -0.2412080914965391, 0.2133711315409592, 0.350516047906921, 0.6772645880198711, -0.02299072863943813, -0.4501866996656459, 0.11626653120733843, 0.5900104862758329, 0.04450601532873633], [-0.6924943912829836, -0.16967411010314934, 0.00752448291484633, -0.4896935866894609, 0.2366749392565888, -0.43312632352879993, -0.37156418891767984, -0.156896009348986, 0.5695626323380374, 0.643634810757656, 0.3140121806906186, 0.05821764130881752]], "inverted": true, "swapped": true, "error_lsq": 0.04470877461021406, "error_max": 0.2973607154710856, "target": "37.xyz", "model": "11.xyz", "model_rescale": 3.890672605050136, "target_rescale": 4.100398675895297},
{"mapping": [6, 10, 11, 5, 9, 1, 7, 0, 8, 4, 12, 13, 3, 14], "R": [[-0.8938900057563102, 0.38969352214091546, 0.22158433250207787], [0.4161288177940493, 0.9051494447832882, 0.08684059885693932], [-0.1667257167035443, 0.16983356973788413, -0.9712667470781529]], "T": [0.1475466229142701, 0.021332495299682185, 0.11399842076589345], "aligned_model": [[0.3937469316644743, 0.17809978356133133, 0.6084794913956071, 0.6613581936647314, 0.7427797765077673, -0.38239023984222875, -0.33231022227857665, 0.11666887054430618, 0.017861332701277488, -0.582489422327966, -0.04041276266819094, -0.40321408235763767, 0.09987944568775835, 0.13181873854104054], [-0.292199258007924, 0.26779804383049466, 0.5795328648847805, -0.6305697426657627, 0.026378763785639293, -0.5748270946317776, -0.013492159676077007, -0.3772974317108232, -0.6543909986354425, 0.14191034047305828, 0.7403874759827607, 0.5221576231468779, 0.16232974493620966, 0.034434348115750815], [-0.3888660648350785, -0.5587884715373332, 0.1521673670113255, 0.19750239329740005, -0.07440550872569074, 0.43647181917779304, -0.328187413902618, 0.7731063003446614, -0.054433084314435554, 0.34211340943855995, 0.30217155112119626, -0.1484766052368598, 0.6408796378082238, 0.06353510570971682]], "inverted": false, "swapped": true, "error_lsq": 0.054775517338958746, "error_max": 0.31631568260046694, "target": "37.xyz", "model": "12.xyz", "model_rescale": 4.124412569039231, "target_rescale": 4.100398675895297},
{"mapping": [3, 2, 5, 12, 0, 4, 11, 7, 9, 10, 8, 6, 14], "R": [[-0.2601171567968575, -0.9649169233158171, -0.0356986811893181], [-0.9016700295730703, 0.2295083912513901, 0.3664929141400927], [-0.3454420682395495, 0.12751952573600778, -0.9297357409750613]], "T": [0.08828219343785257, 0.048801024393889544, -0.04234736621301745], "aligned_model": [[-0.0885697383143457, 0.04908761657902576, 0.6452672370927205, -0.6074890033669494, 0.4289290142592458, 0.06050390470688706, -0.5344668217933191, 0.23318794297546844, 0.009356602929038407, -0.10129955716064262, 0.7877852860506956, 0.40291257288156546, 0.08209325067036735], [-0.10468437220722511, 0.4552303818613769, 0.6251215377951795, -0.26366355699410193, -0.03712530447959368, -0.7185537325866417, 0.4168888355865287, -0.3414315756208823, 0.660843534570927, 0.15733032748176218, 0.0418731466894907, 0.4155829844287252, 0.04007316998293178], [0.4525484090038767, 0.6918459431928788, 0.18911342637962192, 0.03541026965789397, 0.6438441964670005, 0.057267571277496085, 0.004542479050948789, -0.546058099164732, -0.13720899970827222, -0.7254294366148277, -0.1538691783966744, -0.464565510498264, -0.09574298967910749]], "inverted": false, "swapped": true, "error_lsq": 0.048193571603361934, "error_max": 0.2958638822946227, "target": "37.xyz", "model": "13.xyz", "model_rescale": 3.9028299243045295, "target_rescale": 4.100398675895297},
{"mapping": [10, 14, 4, 5, 13, 7, 6, 11, 9, 3, 1, 0, 8, 12, 15], "R": [[0.7311748003354602, 0.6480021084899463, -0.21325261721016137], [0.389498337785509, -0.653184110082742, -0.6493393282388968], [-0.5600664748194855, 0.39171901374327, -0.7299875054103834]], "T": [0.014129619522429932, 0.07323264518766386, 0.034744156305616454], "aligned_model": [[-0.20694858483250528, 0.3300727500300131, -0.4519789484449852, 0.17623882316324124, 0.5027772120755502, -0.6900220219230565, -0.2923857013293837, 0.45511780869332064, -0.19275806037096363, -0.5461819002412526, 0.2583263433256784, -0.343545337032058, 0.37775774398461265, 0.7079222473677592, -0.04161327812317295], [-0.30853147038723155, -0.687134349627431, 0.2883842089257833, 0.2949603580874567, -0.09206506409230329, -0.47094657876177987, -0.18130567785888813, -0.4633379873203504, -0.6561002143039075, 0.2585088133746099, -0.09122200058535511, 0.8200597128907507, 0.7449420733490787, 0.08785046125176178, -0.02553173609719754], [-0.5658665243082814, -0.2894049209163964, -0.4077667264657748, -0.3972966532046909, -0.5706908520925346, -0.13457032597094004, 0.5692222778718746, 0.2866926861279876, 0.1963502342786888, 0.23577447133353943, 0.6139862346374974, -0.004426823315560706, -0.07965947465426154, -0.01700908477042421, 0.04521571123030317]], "inverted": false, "swapped": false, "error_lsq": 0.04858938840112852, "error_max": 0.2595137489802391, "target": "37.xyz", "model": "14.xyz", "model_rescale": 3.942246331269136, "target_rescale": 4.100398675895297},
{"mapping": [3, 4, 1, 5, 10, 12, 8, 6, 13, 0, 7, 2, 9, 9, 14], "R": [[0.7194625757597404, 0.6786319836560475, 0.1477573444544073], [-0.10078652144327788, 0.3125064675417171, -0.9445537490476452], [-0.6871795101547513, 0.6646791244680821, 0.29323366505198584]], "T": [0.03208304006686367, -0.15102565307850926, -0.05778259705245434], "aligned_model": [[-0.25659767361634134, 0.1969922875139262, -0.6422611880399761, -0.07245740723909136, 0.687450654916367, -0.7117886841618155, -0.13530778565811594, 0.3897981142784407, -0.2771362791341013, -0.4291599009501229, 0.18647423588895215, -0.13383505677184124, 0.64436062493247, 0.64436062493247, -0.04811347054842272], [-0.1804108682988538, -0.562043421528536, 0.13145912544678925, 0.36180674811194646, -0.285557370565627, -0.4525366295604405, -0.2913166461490254, -0.15338108317294916, -0.9026510706437466, 0.24624623996266412, 0.3904765037824095, 0.5818968109079212, 0.3674879767414667, 0.3674879767414667, -0.10043374293048883], [-0.7153142580197847, -0.4418832492875273, -0.40721592073684787, -0.4167446860749814, -0.30556278681669174, -0.2121271697355024, 0.6846052227655902, 0.3721287507499701, -0.07708261798743457, 0.3547067667252567, 0.5855822146186828, 0.07617174429178186, 0.00871613146482654, 0.00871613146482654, -0.0341460436411382]], "inverted": false, "swapped": false, "error_lsq": 0.05407930953064548, "error_max": 0.36222525120702703, "target": "37.xyz", "model": "15.xyz", "model_rescale": 4.355366556412066, "target_rescale": 4.100398675895297},
{"mapping": [11, 3, 12, 6, 10, 9, 7, 5, 4, 2, 1, 14], "R": [[0.3126811606521719, -0.08558398446511382, -0.9459946476467435], [-0.1366084347281833, -0.9896305881729449, 0.04437831129715535], [-0.9399833122637481, 0.11535458619208294, -0.32113033508238825]], "T": [-0.03042859547475316, 0.020567390455416886, -0.07574883941296894], "aligned_model": [[-0.25519513698729684, 0.4392963238476373, 0.20691273792065062, -0.5783256806056931, -0.6269755742823122, -0.5021176115198862, -0.15549655012149582, -0.20849097848581363, 0.5418246523019388, 0.2631458312824423, 0.5388304036374902, -0.06559986235588083], [-0.6331613350452486, -0.20037537751087103, -0.6494059296721412, 0.35030955798512714, -0.09426717544289828, -0.09973940424441999, 0.25865775713593403, 0.4929745614492098, 0.048406278872436065, -0.1421290160528898, 0.6598720606395988, 0.021634449627143327], [0.14247669891979908, 0.09831722423180138, -0.3631210103703204, -0.02219204435019413, -0.4568862021100317, 0.3152239983926614, -0.6712945092557763, 0.5883874599112122, -0.5965936424564887, 0.6943841285259628, -0.16213262532900852, -0.1173110149001962]], "inverted": false, "swapped": true, "error_lsq": 0.03969151939629822, "error_max": 0.23837566109460606, "target": "37.xyz", "model": "16.xyz", "model_rescale": 3.795458400668931, "target_rescale": 4.100398675895297},
{"mapping": [7, 13, 10, 1, 6, 12, 4, 8, 0, 3, 11, 5, 14], "R": [[-0.31002581193860895, -0.15887022107444626, 0.9373602556048359], [-0.1393379065411643, 0.9828857691953661, 0.12050108926461908], [-0.9404620905345054, -0.09325136765211814, -0.3268566026539429]], "T": [-0.027351778402353852, 0.15813691179680583, 0.038550632069099006], "aligned_model": [[0.16802415338799864, -0.12366526569010171, 0.5342937960767739, -0.4229833776195317, 0.5821820050501488, -0.41114764717262264, -0.5612262651577004, 0.1963253112334974, -0.547892925574407, -0.541168476657098, 0.02693448311283289, 0.24077098540617076, 0.00818502450826162], [-0.15989976714479742, 0.26645052707590045, 0.33282553928817465, -0.6034677304292004, -0.01113060066469973, 0.6770186816533712, -0.113682255119809, -0.4925207697851213, -0.14586910767807854, 0.28993415478468604, 0.8772772282736552, -0.11023222827264612, 0.1570775934890508], [-0.49781172397292206, -0.737367002310711, -0.3717652179615154, 0.0990686830904433, 0.14628418902671333, -0.37526135771223357, -0.45198016721386425, 0.20708201676528076, 0.5190708766441645, 0.17411644043242944, 0.11199338077271538, 0.7815445484075948, -0.002699635131798918]], "inverted": false, "swapped": true, "error_lsq": 0.052643672367894245, "error_max": 0.3324361489862137, "target": "37.xyz", "model": "17.xyz", "model_rescale": 3.7474275329858107, "target_rescale": 4.100398675895297},
{"mapping": [7, 10, 13, 6, 1, 0, 4, 11, 8, 3, 5, 9, 2, 14], "R": [[-0.9598195470103267, -0.2590394921216025, 0.10791190248658117], [0.22981542386335685, -0.94628468855468, -0.22744265026920107], [0.16103200964838255, -0.19350408194235785, 0.9677938117906358]], "T": [0.0740128668104853, 0.027414688437176246, 0.009046465604932339], "aligned_model": [[0.43196550107138926, 0.21162200712799112, 0.8198373773452288, -0.30841419340026804, 0.11193656759009482, -0.15821698773101645, 0.7168680929990487, 0.062224218178545676, -0.24481475570744016, 0.19337922977285138, -0.7352969621933556, -0.38556207090788275, -0.39572424073197177, 0.09504386446966101], [-0.2898089167143711, 0.25362142297463613, 0.08012686197205493, -0.05256632621191651, -0.7760241053807553, -0.31748222059539816, -0.33941985704014194, 0.7502306025660453, -0.577401744917642, 0.09618307954343494, -0.16239749096503425, 0.40725215902349793, 0.2591714558832501, 0.028923321373573084], [-0.4361981377474668, -0.6574482473854477, -0.2439822455658639, -0.5000134760068883, 0.3144581964967441, 0.6581981181654497, 0.23641767434343988, 0.06291493833565436, -0.17625252446427905, 0.5389320955663511, 0.07933664100883496, -0.17625972741112783, 0.6658544311348519, -0.04116301780859734]], "inverted": true, "swapped": true, "error_lsq": 0.036513394874295294, "error_max": 0.20562313152547657, "target": "37.xyz", "model": "18.xyz", "model_rescale": 3.922800546911778, "target_rescale": 4.100398675895297},
{"mapping": [2, 1, 9, 3, 5, 10, 4, 8, 6, 11, 13, 7, 12, 12, 14], "R": [[0.9707076391744629, -0.18015552064563184, -0.15896750494752754], [-0.24001391885089077, -0.7572689717558978, -0.6074018629981337], [-0.010954360144659267, 0.6277640422934931, -0.7783266083060212]], "T": [0.04972514211020068, -0.11731036434446426, -0.05973231560156908], "aligned_model": [[-0.40881231073373975, 0.15635470196219378, -0.592865078582484, 0.1385214013521756, 0.7655402687733783, -0.7123592252100728, -0.3102054901282345, 0.45691431420276357, -0.09549886024883805, -0.47471017916599584, 0.0903592522039763, -0.13821418282825865, 0.5745772861699348, 0.5745772861699348, 0.018599912406064192], [-0.2157689943989123, -0.7287648158853965, 0.2270095839716104, 0.35146600514537674, -0.1368905980870485, -0.3754971192657487, -0.3647148949367535, -0.40366429292777006, -0.7619862679751154, 0.18732978045115464, 0.1820539854756025, 0.6575569881924389, 0.4633624509825841, 0.4633624509825841, -0.026323712879609953], [-0.6011917003156755, -0.4631385805410142, -0.422037114599217, -0.48577595578137667, -0.32385168079935167, -0.0034503119718003183, 0.5174228431824569, 0.2960612477706468, 0.13793088362868, 0.3136382627058837, 0.5571498465443961, -0.010029044353265876, 0.017490433524404297, 0.017490433524404297, -0.06715933273814502]], "inverted": true, "swapped": false, "error_lsq": 0.04207061359153481, "error_max": 0.3558240186627832, "target": "37.xyz", "model": "19.xyz", "model_rescale": 3.9282355846067225, "target_rescale": 4.100398675895297},
{"mapping": [6, 9, 2, 10, 7, 11, 12, 3, 4, 1, 5, 8, 0, 14], "R": [[-0.3692655779821952, 0.419850415575581, -0.8290769333774082], [0.9070093374537808, -0.031504689161201915, -0.41993037081462664], [-0.20242775177610656, -0.9070463511319959, -0.3691746500086416]], "T": [-0.07284643076246736, -0.08243908881349815, -0.04282391959371755], "aligned_model": [[-0.5166772039451222, -0.0643004521887848, 0.6879939788196869, -0.6564876780798888, -0.6417966818612925, 0.19201142107743666, 0.15641787446611932, 0.4284236442241455, -0.06653305114709837, -0.02662636697638024, 0.06413213423980971, -0.3753668181195565, 0.4743722875765588, -0.1230402690009573], [-0.5323102756109509, -0.6734961687512238, -0.4191867168883491, -0.20248667890096245, 0.23515603463575097, -0.3206959574338826, 0.3617039455203485, 0.13768407283016026, 0.6813403135365014, 0.29779813803267124, -0.7358411454708897, -0.21709001705209027, -0.013075218145775974, -0.07661823887647208], [0.06861935434018131, -0.24382766860370342, 0.07329567038050198, -0.4419134273950497, 0.006497578659485248, -0.6741618744030424, -0.6241609700749075, -0.03731876812153874, 0.08417709591568641, 0.7275732408908674, 0.4574304123373135, 0.5833870907014925, 0.4957137104452859, -0.0631282878288899]], "inverted": false, "swapped": true, "error_lsq": 0.047476271882536815, "error_max": 0.3633743108518148, "target": "37.xyz", "model": "20.xyz", "model_rescale": 4.067790424073018, "target_rescale": 4.100398675895297},
{"mapping": [8, 4, 7, 0, 2, 1, 13, 6, 5, 10, 11, 12, 3, 3, 14], "R": [[-0.34025029205664825, -0.9250274558309718, -0.1689791250842685], [0.9397528103967062, -0.3281822498768785, -0.09571345891379437], [0.03308162793542775, -0.1913651400454884, 0.9809612576796867]], "T": [-0.036558697055267014, -0.074262236594653, -0.042333815383192745], "aligned_model": [[-0.2608561642292472, 0.3059514839682973, -0.5459269318704811, 0.10479032094853027, 0.5972465203693254, -0.8405672414510937, -0.31024458031694135, 0.5792251085990306, -0.21442576309441985, -0.5821615866611979, 0.13992833245714778, -0.09219281503358652, 0.6231634371835236, 0.6231634371835236, -0.08431446170961396], [-0.3613254522164956, -0.7043694536054081, 0.10827734548508566, 0.2694168319802962, -0.08415125034275958, -0.23624763037378968, -0.33116119896491203, -0.38225297843281525, -0.6365927679829015, 0.1512334823637839, 0.18792344234181732, 0.6655830816129895, 0.45470038593408635, 0.45470038593408635, -0.03720367488806741], [-0.48102875857406, -0.4002781765658282, -0.5560333964071346, -0.647613240486819, -0.432096673171601, -0.06755471979879152, 0.5486166609797248, 0.22879145147930396, -0.017558804886330125, 0.5257823603579532, 0.5217080732683985, 0.1488404949743812, 0.050994991604537916, 0.050994991604537916, 0.006984975402752759]], "inverted": false, "swapped": false, "error_lsq": 0.04858431422726855, "error_max": 0.32314041669251575, "target": "37.xyz", "model": "21.xyz", "model_rescale": 4.186013935880536, "target_rescale": 4.100398675895297},
{"mapping": [2, 5, 9, 12, 4, 11, 3, 0, 6, 8, 1, 7, 14], "R": [[0.19137622542885524, 0.6905240217066304, 0.697532591200372], [-0.1856526461430853, -0.6723726940944903, 0.7165528977097139], [0.9637988562561561, -0.2666299602111857, -0.00047853642203271596]], "T": [0.13380274848757032, -0.01496231309051347, 0.057449309543738974], "aligned_model": [[-0.19900356634357377, -0.2847212833460676, 0.3995701264897866, 0.5251539080484882, -0.09339532504319589, 0.6547836411417312, -0.08231943432889205, -0.5693167882557326, 0.2538206130239775, -0.31631147098327794, -0.647200202577213, 0.2477771537977579, 0.16973666379943658], [-0.43421911415952114, 0.35873668871081205, 0.16602294976739032, -0.6217966410478972, -0.3136867332845364, -0.36390723568604355, -0.516428389457928, -0.2818806031661955, 0.5878372393599364, 0.5295468887260354, 0.07231435433377623, 0.3212154121379035, 0.015201843312361341], [-0.5900262070658511, -0.5599148150702231, -0.47774789525879424, 0.31508139447150596, 0.7347032119469392, -0.30630882547585647, 0.017710444321713856, -0.11184332082036921, -0.12698998940641917, 0.10937815725288513, 0.40765725007361386, 0.6060821857446979, 0.08509797062150326]], "inverted": false, "swapped": true, "error_lsq": 0.047528791611016204, "error_max": 0.3213972685847433, "target": "37.xyz", "model": "22.xyz", "model_rescale": 4.166573947596378, "target_rescale": 4.100398675895297},
{"mapping": [4, 8, 2, 1, 7, 11, 9, 10, 9, 12, 14, 6, 5, 13, 15], "R": [[0.8024491889364426, -0.3233636743181238, -0.5015089563574392], [-0.05606923584546636, -0.8775830808353036, 0.47613462069389856], [-0.5940804154043046, -0.3539546162477607, -0.7223465855598332]], "T": [-0.06641671772132487, -0.06973497445224536, -0.0742552142542596], "aligned_model": [[-0.18902673619853766, 0.15624364091577317, -0.5461826968389109, -0.014512408693299478, 0.6287290820318778, -0.7736279018104794, -0.1778651301596262, 0.5791411585806179, -0.1778651301596262, -0.3772007498388731, 0.13690339233875307, -0.2679388987362413, 0.5225366861071398, 0.5900529127020834, -0.046608123897853224], [-0.2899560541002687, -0.7584327272990712, 0.21324065036295176, 0.40947044410019967, -0.08399716858149632, -0.20308387954441434, -0.5773282630481327, -0.22550219638554053, -0.5773282630481327, 0.2360868182324099, -0.0477958028257941, 0.662869212469207, 0.5015273271817395, 0.2761071583553815, -0.01734670702404311], [-0.7644167698427105, -0.4350833037047863, -0.45182459891207905, -0.5993905971808347, -0.24146333174355952, 0.24848886088320835, 0.22637324584140175, 0.27205798794829517, 0.22637324584140175, 0.41489473384869113, 0.6900466690443154, -0.11653461622510872, -0.20787876027835347, 0.33348733000935993, -0.11457986574821508]], "inverted": true, "swapped": false, "error_lsq": 0.054570746425069074, "error_max": 0.4290552383086386, "target": "37.xyz", "model": "23.xyz", "model_rescale": 4.274766983524099, "target_rescale": 4.100398675895297},
{"mapping": [13, 3, 1, 7, 8, 6, 10, 9, 11, 2, 14], "R": [[0.07215616255741467, 0.958864405577757, -0.2745405979468293], [-0.3631661717797897, -0.2311044605183321, -0.9026079215270288], [-0.9289261649236715, 0.16483258186579883, 0.33155150440867326]], "T": [-0.010247187982911424, 0.13355771894298354, 0.012040469631344863], "aligned_model": [[0.18117886655743548, 0.3211181100983596, -0.5283269570858306, -0.3444491156806874, -0.7034171586359784, -0.433097079221441, -0.06809208039477917, 0.06332497314169593, 0.6080737471680642, 0.30734883073401503, -0.02376743272277862], [-0.34088332159175905, 0.5431808440608683, 0.6663416491018427, -0.26482309303545715, 0.2742617819929206, -0.17194701863305714, -0.5776527690890321, -0.017262276810030036, -0.06111204526401995, 0.7835310806507273, 0.08195169986047968], [-0.5890569160969098, -0.13682905598751496, -0.42150660332557466, -0.38369360904345096, 0.05086629973465266, 0.38574391895677707, 0.0838358373668382, 0.613425935533937, 0.3365193354554123, 0.4391566727991146, 0.0011046186282958406]], "inverted": false, "swapped": true, "error_lsq": 0.05132072586325303, "error_max": 0.28150463686105126, "target": "37.xyz", "model": "24.xyz", "model_rescale": 3.7841303162186577, "target_rescale": 4.100398675895297},
{"mapping": [9, 14, 2, 8, 10, 5, 3, 11, 13, 4, 6, 1, 0, 7, 15], "R": [[-0.5226681586385737, -0.7404524077570795, 0.4225496749402442], [-0.05301407595094221, 0.5229077412593774, 0.8507390915445718], [-0.8508863048001363, 0.4222531538991263, -0.3125616264447864]], "T": [0.05105751016007019, -0.018523681858993148, -0.0922592998263917], "aligned_model": [[-0.07719168390150152, 0.15425827044306561, -0.6154583276452823, -0.11669798746861412, 0.7131575375446265, -0.7776182780667572, -0.32758245348929893, 0.4887728415999062, 0.040099072146373684, -0.5130865457714808, 0.049790078857923685, -0.09587643956720873, 0.44337649137857654, 0.6324227626546922, 0.04441375762777659], [-0.22327741847438068, -0.670573323026739, 0.09767718153644869, 0.4450968098851603, -0.19309272817974185, -0.26748897763615254, -0.353054453710235, -0.41420239373050405, -0.7688807400052268, 0.28253727133542134, 0.12282172180754633, 0.7080118504655039, 0.6007973741378478, 0.16941466708270694, -0.017256292642658967], [-0.6249588024455676, -0.5321227227664979, -0.4254964904699399, -0.4184063775216007, -0.46158883707088616, 0.051446875924411495, 0.5352140687282966, 0.3989343633624795, 0.1287479290089339, 0.29219892869411285, 0.6162929725736522, -0.0323182580377743, -0.1543656274124271, 0.13022481261580315, -0.0232526054019698]], "inverted": true, "swapped": false, "error_lsq": 0.038571835767060296, "error_max": 0.2934805465086821, "target": "37.xyz", "model": "25.xyz", "model_rescale": 4.19342608120988, "target_rescale": 4.100398675895297},
{"mapping": [11, 3, 12, 6, 10, 9, 7, 5, 4, 2, 1, 14], "R": [[0.3126811606521719, -0.08558398446511382, -0.9459946476467435], [-0.1366084347281833, -0.9896305881729449, 0.04437831129715535], [-0.9399833122637481, 0.11535458619208294, -0.32113033508238825]], "T": [-0.03042859547475316, 0.020567390455416886, -0.07574883941296894], "aligned_model": [[-0.25519513698729684, 0.4392963238476373, 0.20691273792065062, -0.5783256806056931, -0.6269755742823122, -0.5021176115198862, -0.15549655012149582, -0.20849097848581363, 0.5418246523019388, 0.2631458312824423, 0.5388304036374902, -0.06559986235588083], [-0.6331613350452486, -0.20037537751087103, -0.6494059296721412, 0.35030955798512714, -0.09426717544289828, -0.09973940424441999, 0.25865775713593403, 0.4929745614492098, 0.048406278872436065, -0.1421290160528898, 0.6598720606395988, 0.021634449627143327], [0.14247669891979908, 0.09831722423180138, -0.3631210103703204, -0.02219204435019413, -0.4568862021100317, 0.3152239983926614, -0.6712945092557763, 0.5883874599112122, -0.5965936424564887, 0.6943841285259628, -0.16213262532900852, -0.1173110149001962]], "inverted": false, "swapped": true, "error_lsq": 0.03969151939629822, "error_max": 0.23837566109460606, "target": "37.xyz", "model": "26.xyz", "model_rescale": 3.795458400668931, "target_rescale": 4.100398675895297},
