[{"mapping": [3, 5, 6, 8, 12, 11, 7, 0, 10, 2, 9, 13], "R": [[0.5962613442317911, 0.7061314981692177, -0.38190406736272625], [-0.6637702396776917, 0.7012172177606871, 0.2601989285800012], [0.45153236682780257, 0.0983499914044589, 0.8868177946442131]], "T": [0.034281458635299605, -0.07413297627502621, -0.17787751663084642], "aligned_model": [[-0.31905615056753245, 0.47218942386858964, -0.21944287857533376, 0.2814656068018142, 0.24624180918594554, 0.6666364525747165, 0.04326554286263204, -0.4796061195065465, 0.6950380814105255, -0.7239663205482333, -0.12507215384707396, 0.07781840468945231], [-0.049541440169502224, 0.017569177787848, 0.5135922584088173, 0.6651963714484481, -0.49951900770730984, 0.20279143133825003, 0.4481523761223385, -0.5886126954086988, -0.06310134813117127, 0.04332338546760783, -0.1114679393537876, 0.028133762033309653], [-0.5622576618940087, -0.7879829086469028, -0.5959077708116878, -0.12429352543313692, 0.152636238045635, -0.07539886055458393, 0.3685031010499289, 0.08027478378941313, 0.5828510244932519, -0.12765248443446645, 0.5362343082852178, -0.05877289531222854]], "inverted": false, "swapped": false, "error_lsq": 0.06186573126842693, "error_max": 0.3278985716763364, "target": "370.xyz", "model": "0.xyz", "model_rescale": 3.8414455957264533, "target_rescale": 3.884811135863176},
{"mapping": [4, 9, 2, 6, 13, 8, 10, 0, 12, 3, 11, 14], "R": [[0.7117499737304607, 0.5486411321918905, 0.4386398100513558], [0.7023234998396335, -0.5448112155115943, -0.45817293790204144], [-0.012396631304406824, 0.6341716230800462, -0.7730929284454249]], "T": [-0.002918844368399162, 0.049971892754388035, -0.12186369979074145], "aligned_model": [[-0.490794603680567, 0.48393990004997267, -0.21125257546625048, 0.2986022446403048, 0.45774949773753115, 0.7451820731229244, 0.10602562333123271, -0.33168855207643566, 0.32669251005077504, -0.7006623131173186, -0.016636195653823918, -0.05164591058938965], [0.01133034287443279, -0.10941243909753626, 0.4309861792094349, 0.7131676629826013, -0.5398277660305483, 0.1324443201570805, 0.5683309572538969, -0.5918826793394593, 0.033757223991791756, 0.32330358170973317, -0.42837646723832495, 0.06269541536304736], [-0.3591426684049899, -0.5725020001347353, -0.718546109136308, -0.4034370952279792, -0.00033986789807886886, 0.11864765850137492, 0.311514061082181, -0.19569158803741551, 0.5661646306012198, 0.10577795209023645, 0.5833030059576002, -0.047514630816674217]], "inverted": false, "swapped": false, "error_lsq": 0.046411052513250034, "error_max": 0.28023921859511247, "target": "370.xyz", "model": "1.xyz", "model_rescale": 4.316132596720782, "target_rescale": 3.884811135863176},
{"mapping": [2, 4, 8, 6, 5, 3, 10, 0, 7, 1, 9, 11], "R": [[0.8067790084319195, -0.5884288880464449, 0.05347032135711708], [-0.522875293202346, -0.6688858777860114, 0.5283872729892326], [-0.27515279266649206, -0.4542500701275253, -0.8473180126003277]], "T": [0.02117214471852558, 0.04310512582238252, -0.0033544182613975612], "aligned_model": [[-0.4405663805571424, 0.36113659158501915, -0.39879805389120754, 0.4255296110063359, 0.30571672236636643, 0.6771088695455882, -0.0017718587192591846, -0.20600907668098875, 0.5471738323248997, -0.5177406569257316, -0.23085509770837648, 0.09458719600345218], [0.027158607143513036, -0.1774144292397722, 0.6257281019752119, 0.5904438633315845, -0.5107615242918131, 0.058865156219268994, 0.622923893545543, -0.5804549622070656, 0.08418462980723523, 0.03059989787655394, -0.2320545390522578, 0.06729763672814777], [-0.7014007237191928, -0.6591935996455929, -0.2702094645906968, -0.46488590026305393, 0.16405525630817266, 0.01935336243480575, 0.24265283344377458, -0.2552979989428212, 0.7192075643860163, 0.06000073072246775, 0.6375207124253688, -0.10356942398281752]], "inverted": true, "swapped": false, "error_lsq": 0.05444756251655749, "error_max": 0.326003872787012, "target": "370.xyz", "model": "2.xyz", "model_rescale": 3.795458400668931, "target_rescale": 3.884811135863176},
{"mapping": [4, 0, 10, 2, 7, 1, 6, 4, 8, 5, 9, 11], "R": [[0.13976319926144354, 0.9516094323444915, 0.27368912365163656], [0.8485346689367734, 0.027355991277449476, -0.528432176682674], [-0.5103480809649104, 0.30609008153519596, -0.8036502337716394]], "T": [0.08886435445202051, 0.11116570972407633, -0.03029274615131263], "aligned_model": [[-0.2942974130490336, 0.4115840376616397, -0.35212915165567577, 0.2695630201117749, 0.30340477057596543, 0.7121967905009177, 0.21348684705816612, -0.2942974130490336, 0.42115322487344947, -0.5882575352168375, -0.30219039626626865, 0.11529491680389171], [-0.24718628960177572, -0.2045776709421079, 0.39022407150170835, 0.7966869724894379, -0.607369438918715, 0.19708888654682122, 0.5506174791564303, -0.24718628960177572, 0.12036748602886077, 0.18896511410666442, -0.33256241224825667, 0.001448423318858194], [-0.3987023521990229, -0.6693280095056231, -0.5466859042130635, -0.3220698904589965, 0.11455871787379926, -0.04880554749757202, 0.342061484790553, -0.3987023521990229, 0.676858136573317, 0.14081486548012068, 0.6058960454183254, -0.10766184548638316]], "inverted": true, "swapped": false, "error_lsq": 0.058608910241253025, "error_max": 0.4422694135152174, "target": "370.xyz", "model": "3.xyz", "model_rescale": 3.7530521520055578, "target_rescale": 3.884811135863176},
{"mapping": [1, 2, 0, 9, 7, 6, 4, 5, 8, 10, 11], "R": [[0.9054577437682507, 0.37723767608324704, -0.19451994754631258], [0.15131422664047095, -0.7150928203256635, -0.6824560521637162], [-0.39654795304768026, 0.5885014817840308, -0.7045677588931352]], "T": [-0.03538559172851466, -0.03363178448524787, 0.009222757416295385], "aligned_model": [[-0.43133883642422066, -0.13491284790927072, 0.24457719907866496, 0.5028634746575903, 0.42229913732875424, -0.2356027342765953, -0.22230695765948758, -0.7441307201189234, -0.39359140191723174, 0.43464730012787633, -0.10430401044195108], [-0.6165636526990446, 0.04621903244390532, -0.3431263002068462, 0.28936828234978074, -0.535538443522302, 0.6154267276968801, -0.4610887807372721, 0.07420156182781498, 0.2965791379663619, 0.14269689860307158, -0.04097110540800335], [-0.21642071165402363, -0.8393687522599697, -0.41108288469968923, -0.37318101415106086, 0.151124162317029, -0.07937202105495386, 0.5251427012757568, 0.16672118218518908, 0.6878672540145392, 0.46712282854723963, 0.014278032725260494]], "inverted": true, "swapped": true, "error_lsq": 0.04011247559431496, "error_max": 0.19420627082449143, "target": "370.xyz", "model": "4.xyz", "model_rescale": 3.7855080009869324, "target_rescale": 3.884811135863176},
{"mapping": [14, 8, 9, 10, 6, 7, 5, 12, 4, 2, 1, 16], "R": [[-0.4508712637371365, 0.8721547475068406, 0.18989786712166332], [0.22160673247091223, 0.31546528105605803, -0.922698278188373], [-0.8646418678618584, -0.37393549289884437, -0.3355095937389202]], "T": [0.039359878520099846, -0.01409100980634085, -0.10332859951720874], "aligned_model": [[-0.5136001774320039, 0.5210620955977843, -0.3388146422730549, 0.34958984480377914, 0.5457019067595813, 0.718566944542241, 0.257415128717822, -0.37183718211336547, 0.3735370294895637, -0.6529517490337469, -0.2663435927933079, -0.006813907916336737], [-0.09976537068667435, -0.07017158744249238, 0.47748634159834735, 0.5653076287581701, -0.39530141144738884, 0.22902348331325387, 0.6370761449668922, -0.5562625616905872, -0.07116274110910983, 0.20117181873384257, -0.3049379153733094, -0.005947497784794094], [-0.48358177694254206, -0.6133558701979629, -0.4529709291311471, -0.418001222609055, 0.05279138058130914, 0.09901412107512175, 0.32508298882400866, -0.109007390231709, 0.5539911347988886, 0.038629889419928176, 0.5252073216029937, -0.12956629861340285]], "inverted": false, "swapped": false, "error_lsq": 0.04119974094854178, "error_max": 0.2149416314410476, "target": "370.xyz", "model": "5.xyz", "model_rescale": 4.2253639853439635, "target_rescale": 3.884811135863176},
{"mapping": [9, 8, 12, 11, 10, 5, 6, 1, 2, 0, 4, 13], "R": [[0.7968308189827797, -0.16108691186325264, -0.582332939773798], [-0.5552028683993672, 0.18499225985533482, -0.8108807795938511], [0.2383493671909957, 0.9694477142270117, 0.057971618397927714]], "T": [0.0034191876481220324, 0.06838724235088633, -0.019684020219891907], "aligned_model": [[-0.3174824782875965, 0.32106716164099613, -0.27432718107806753, 0.39400259187911707, 0.520514648480177, 0.634295298229133, 0.1902314077808432, -0.24493511227618664, 0.39410686701647657, -0.7984340900359361, -0.19185740627904713, -0.011670008720953388], [-0.06298804507697386, -0.2511053229870456, 0.8460470109774373, 0.6254747270772322, -0.5050818335893604, 0.11836854199256408, 0.6156547485489837, -0.6209316826358373, 0.010334068339617516, 0.06492917530699904, -0.32534233976240756, 0.09115728364494063], [-0.5220375631936733, -0.6052513868914826, -0.45493797297408195, -0.3973769212834269, 0.09103173166873253, -0.0042415710945157, 0.2619494990776314, -0.062873640761417, 0.522685390988207, -0.010627963337755245, 0.5350730259179833, 0.03484072046022979]], "inverted": true, "swapped": false, "error_lsq": 0.04430409678191071, "error_max": 0.2745574111158575, "target": "370.xyz", "model": "6.xyz", "model_rescale": 3.89814844738969, "target_rescale": 3.884811135863176},
{"mapping": [8, 11, 3, 7, 10, 4, 0, 9, 2, 6, 5, 12], "R": [[0.9515119151920719, 0.14816299494124838, 0.2695789349662827], [0.2557769324384356, -0.8679238564500669, -0.4257773364532546], [0.1708895435066161, 0.4740842818897117, -0.8637365672386559]], "T": [0.09460377465104694, 0.13297174886732982, -0.038944341869606505], "aligned_model": [[-0.26996923132111184, 0.37089427891034876, -0.4006851389400955, 0.31071013843833195, 0.3885077307313578, 0.7386121804770224, -0.016432925600618167, -0.30838231681530615, 0.4849427803599444, -0.5774008406298067, -0.3137316595345263, 0.20844670227341533], [0.01069458788743105, -0.27035687365278743, 0.7133330339677646, 0.6207128381253315, -0.49547470095760276, 0.15865871364468143, 0.6237579913231912, -0.6611020480276897, 0.022722683207382077, 0.1568815863164594, -0.29812343894763366, 0.024811958949622], [-0.5955605395622843, -0.6841806929342188, -0.3039945399457238, -0.4219343533921156, 0.2010122945356147, -0.0295028668637156, 0.27380172586200735, -0.10961890733705905, 0.5415971714300578, 0.03326346755684316, 0.4610513743681317, 0.02229921485889326]], "inverted": false, "swapped": false, "error_lsq": 0.04510007700667772, "error_max": 0.3184522236382193, "target": "370.xyz", "model": "7.xyz", "model_rescale": 3.7474275329858107, "target_rescale": 3.884811135863176},
{"mapping": [0, 3, 6, 5, 2, 8, 9, 1, 4, 10, 12, 14], "R": [[-0.6043354176745609, 0.7964680714682632, -0.02042826658676522], [0.4606113409242897, 0.3283469365150158, -0.8246365756459826], [-0.6500891443148717, -0.5077665806380232, -0.5652939094233442]], "T": [-0.0348887074854993, 0.059427404814475976, 0.08707812091300088], "aligned_model": [[-0.33842380243636994, 0.2796667271693286, -0.25929811855806884, 0.26784942774268883, 0.5379383701447997, 0.6346017264988375, 0.22257974869057065, -0.13266635892209314, 0.5978469919312026, -0.7377962105715565, -0.44927399432785453, -0.007512809012529181], [-0.1725294711889159, 0.05680332048981265, 0.4125715112916277, 0.5904897992991981, -0.5373540177425135, 0.18802002214511396, 0.7275961575716045, -0.6613382291092416, -0.17932956138049608, 0.31754175347045144, -0.1489552882218619, 0.013000335211370659], [-0.44983499257453047, -0.5572684703677955, -0.6142547206681284, -0.28620972869451083, -0.06884034712152567, 0.06570492676600981, 0.34707995167904215, -0.10196751348234384, 0.4806089222774631, -0.0335924422392786, 0.49390007962572563, 0.11290768337630332]], "inverted": true, "swapped": false, "error_lsq": 0.05122517225288257, "error_max": 0.25104711383279177, "target": "370.xyz", "model": "8.xyz", "model_rescale": 4.019505241142653, "target_rescale": 3.884811135863176},
{"mapping": [9, 11, 10, 6, 4, 5, 2, 8, 3, 1, 0, 12], "R": [[-0.9753592885545711, -0.021305245242170784, 0.21959131302374393], [0.1488381900677809, -0.7982502517404486, 0.583646921326291], [0.16285408010752464, 0.6019490195369385, 0.7817518317668661]], "T": [0.0008091197298017994, 0.059825371218588407, -0.05916839995482908], "aligned_model": [[-0.39420995856584906, 0.25583656554416345, -0.4245284887232795, 0.31353673436973917, 0.3019425159612323, 0.6698294061304298, 0.12296975665492771, 0.0022198087552998957, 0.5582676734768678, -0.6265797578270408, -0.19987447768332878, 0.03610192025579356], [-0.2092415295285929, -0.0842460643335727, 0.7053154100515603, 0.656457472359829, -0.563836352660754, 0.006374075926746596, 0.44354325030440905, -0.5518450456574674, 0.04666509388029851, 0.2912219920646193, -0.1822157224619749, 0.04832375189104933], [-0.5479454371969684, -0.6082166194513791, -0.5496888244231789, -0.3317365802259323, 0.396857260600684, -0.06808661491093301, 0.37420156932382925, -0.34551476794514796, 0.5946875288982904, 0.036456399911940475, 0.5098555720976067, -0.07263613810237994]], "inverted": true, "swapped": false, "error_lsq": 0.059614322267576715, "error_max": 0.38719162643500016, "target": "370.xyz", "model": "9.xyz", "model_rescale": 3.877068213659057, "target_rescale": 3.884811135863176},
{"mapping": [6, 12, 10, 11, 5, 0, 8, 3, 1, 2, 4, 15], "R": [[-0.35271482875670723, -0.09860993174875494, 0.9305204623949076], [0.4943525074943413, -0.8639632831863346, 0.09582819856360922], [0.7944859016428071, 0.4938051505061436, 0.35348072850499346]], "T": [-0.14933760931965728, 0.08556719826320147, -0.055003217931792095], "aligned_model": [[-0.2699655035135051, 0.38151321549667333, -0.24250672428372344, 0.31256819607194536, 0.41230575857718205, 0.6382950086516639, 0.13463922091756192, -0.1588126345449485, 0.4340704143421043, -0.6498907319016904, -0.31657462789775714, -0.06012989356655078], [-0.16275308282396425, -0.1140874407723714, 0.49977450871140844, 0.569164993535715, -0.4425159285327963, 0.2011425095482429, 0.6777720142372113, -0.545200646531296, -0.11896360791341354, 0.28226106599618217, -0.3371245489325564, 0.09704649531378773], [-0.6064472534131786, -0.5413473786008872, -0.6233012026615933, -0.36714337173582134, 0.07414933037209236, -0.04842734059117655, 0.34993326058515806, -0.12431045130977188, 0.5538554171020358, 0.3337299190904095, 0.4464488198691092, -0.05890640012994529]], "inverted": true, "swapped": false, "error_lsq": 0.04363819542716649, "error_max": 0.28213323027099513, "target": "370.xyz", "model": "10.xyz", "model_rescale": 4.260839863003843, "target_rescale": 3.884811135863176},
{"mapping": [0, 3, 6, 5, 2, 4, 10, 1, 9, 7, 8, 11], "R": [[0.9803645349316042, -0.05398207021942279, -0.1896610522568215], [-0.058302460631537614, -0.9981495695695516, -0.017270201285079938], [-0.18837781645577983, 0.02798879888356192, -0.981697726087011]], "T": [0.05480303587416648, 0.037042508993276414, -0.010351077329352566], "aligned_model": [[-0.5332433465734384, 0.3000153106627203, -0.2643484692742618, 0.3831713948922364, 0.4477794464792616, 0.751429550644074, -7.188022763353341e-05, -0.22202900378452753, 0.46354332020839095, -0.5946822119362919, -0.11819537140924105, 0.0021429586676666654], [0.10111412501776643, -0.24850956568402863, 0.6873156962077339, 0.440407587816976, -0.5234465740885217, 0.23359562263360603, 0.5641837023870939, -0.5986307398265751, 0.11311877586536317, 0.10816056313293371, -0.28043330428464797, 0.009640442658450144], [-0.6585258605208336, -0.6121517290017119, -0.43289389575805515, -0.44172300064985376, 0.03182302130369367, 0.10001753704558963, 0.3249766695875452, -0.2166134968209168, 0.6699995989680958, 0.04177151407036169, 0.6100472351439066, -0.028494244791390316]], "inverted": true, "swapped": false, "error_lsq": 0.044543842040658, "error_max": 0.3170270918617716, "target": "370.xyz", "model": "11.xyz", "model_rescale": 3.890672605050136, "target_rescale": 3.884811135863176},
{"mapping": [5, 8, 7, 3, 6, 0, 4, 9, 1, 12, 11, 13], "R": [[-0.2893440597411322, 0.41990366688629654, 0.860209814887021], [-0.928020060273635, 0.0972339765717993, -0.3596169094046523], [-0.234646079920887, -0.9023449807781263, 0.36154495272688264]], "T": [0.05060670367784202, -0.03951821095541721, 0.0670907809378521], "aligned_model": [[-0.38840904161111045, 0.4288289067985199, -0.27583434155349434, 0.4412262537475533, 0.34543327567047244, 0.5694652512675474, 0.024964410916600316, -0.4528631210544998, 0.7021561697505465, -0.6302234118313688, -0.12023369495622581, -0.028998958795585214], [-0.18223174544753562, -0.0315100553058054, 0.46469838528019236, 0.7044129259865314, -0.5334491840500747, 0.24150136866214653, 0.6119622387271346, -0.6202634788735268, -0.09950048989624483, 0.22406364933518938, -0.2726501369789795, 0.09948285439712257], [-0.5589045898886519, -0.5461586628839626, -0.538025768451809, -0.31637497580403934, 0.032917250151635366, 0.08963724877396764, 0.3239423729681692, -0.055683342541444816, 0.4880227348967752, -0.08166103749315366, 0.5353057178614291, 0.015216400987516296]], "inverted": true, "swapped": false, "error_lsq": 0.04379537920975734, "error_max": 0.22699945069022448, "target": "370.xyz", "model": "12.xyz", "model_rescale": 4.124412569039231, "target_rescale": 3.884811135863176},
{"mapping": [0, 1, 3, 6, 2, 8, 9, 4, 11, 5, 10, 12], "R": [[0.045268942442251915, -0.9934750955068594, 0.10468026298112015], [0.77355791668412, 0.1011660709895695, 0.6255985738601532], [-0.6321066938306255, 0.05265606031759096, 0.7730902062025788]], "T": [-0.0858654255055813, 0.16509217883226493, -0.08146292170742289], "aligned_model": [[-0.42839532342389747, 0.4140122498941345, -0.24629013834124017, 0.392044131628307, 0.41446728105926933, 0.6164611414755803, 0.12670015828082476, -0.2684815241393331, 0.5453663621979992, -0.7978757384421282, -0.08857054596274798, -0.06392635587781242], [0.05363387197960284, -0.16149189840109787, 0.7270965528845138, 0.5082458074691929, -0.5141858876159412, 0.1609438519285416, 0.69001380964443, -0.5943977916582809, -0.08067772751862137, -0.06431581331214523, -0.1951804641784344, 0.07683202061438939], [-0.5364549087353605, -0.6349332904204569, -0.49032521004380547, -0.39999213094494246, 0.0935913693933619, 0.06556192515458878, 0.2150407479080366, -0.17147737051195852, 0.6477122593439572, 0.03752937419648429, 0.5625914062175653, -0.0006108229810388721]], "inverted": true, "swapped": false, "error_lsq": 0.04618985903827274, "error_max": 0.3363059454297553, "target": "370.xyz", "model": "13.xyz", "model_rescale": 3.9028299243045295, "target_rescale": 3.884811135863176},
{"mapping": [9, 7, 14, 10, 3, 4, 5, 6, 0, 11, 2, 15], "R": [[0.0568479480016817, 0.957855951389491, -0.28156755352087637], [-0.8364423128757491, -0.10828596923224909, -0.5372507851073834], [-0.5450986773411449, 0.2660566203934154, 0.7950354122338003]], "T": [-0.025416702989587203, 0.10469035869041414, 0.12206896717077165], "aligned_model": [[-0.2715052538100321, 0.34720734394119923, -0.39556614275448576, 0.3033506028162533, 0.34689239875186934, 0.6446651395756313, 0.18792056418831665, -0.20448086321098047, 0.568610727530226, -0.707966906457943, -0.17116620986863615, -0.03244970235246296], [-0.07647608596762097, -0.10511357226419173, 0.6204369544691936, 0.5065448885296777, -0.3949774668171769, 0.18221683246422582, 0.529348728171227, -0.4826129721026862, -0.13617582019710522, 0.19898797070130436, -0.3094324794093889, 0.07376935425869105], [-0.5902965295714012, -0.6765307986957657, -0.4944093325018809, -0.41251273615418094, 0.10188377083443653, 0.05616567429925562, 0.3124746218087411, -0.1375828889997059, 0.6477412081183824, -0.1445578665355831, 0.7131773546636769, 0.012680871310456365]], "inverted": true, "swapped": false, "error_lsq": 0.043355223499073774, "error_max": 0.20838131581129796, "target": "370.xyz", "model": "14.xyz", "model_rescale": 3.942246331269136, "target_rescale": 3.884811135863176},
{"mapping": [6, 8, 11, 13, 0, 12, 3, 7, 1, 10, 2, 14], "R": [[0.7420568506858154, 0.6637547084332555, -0.09370868360474159], [-0.5989122816439777, 0.5936902007745657, -0.5374346698904534], [-0.3010908654314415, 0.45493036009585, 0.8380827275494978]], "T": [-0.0733504299983311, 0.13667815960383162, -0.000305248239131313], "aligned_model": [[-0.37861880532094083, 0.19155796248384827, -0.19961030730051937, 0.39110689079569905, 0.3261100996714198, 0.7003914042509105, 0.15003904808354013, -0.2810328835513395, 0.4849933013927138, -0.7034621375610066, -0.061527516339085736, -0.004435358256283661], [-0.10195740015957419, -0.2570851418837271, 0.3951651625845569, 0.6823557021252522, -0.47975155269728303, 0.38408299455174966, 0.5542760154782926, -0.6720507015232227, 0.07802294261135104, 0.46914865224669616, -0.5203020502495124, 0.07461170875157089], [-0.40360870468690474, -0.6115457346942718, -0.6570806568304007, -0.3842912678465263, 0.03380014571233433, 0.09019712598254795, 0.5403028374865712, -0.18416697833916962, 0.5840347888253404, -0.03802955813901029, 0.3881341179599557, 0.030487233145964486]], "inverted": true, "swapped": false, "error_lsq": 0.05182635275381727, "error_max": 0.32401254878854974, "target": "370.xyz", "model": "15.xyz", "model_rescale": 4.355366556412066, "target_rescale": 3.884811135863176},
{"mapping": [2, 4, 8, 6, 5, 3, 10, 0, 7, 1, 9, 11], "R": [[0.8067790084319195, -0.5884288880464449, 0.05347032135711708], [-0.522875293202346, -0.6688858777860114, 0.5283872729892326], [-0.27515279266649206, -0.4542500701275253, -0.8473180126003277]], "T": [0.02117214471852558, 0.04310512582238252, -0.0033544182613975612], "aligned_model": [[-0.4405663805571424, 0.36113659158501915, -0.39879805389120754, 0.4255296110063359, 0.30571672236636643, 0.6771088695455882, -0.0017718587192591846, -0.20600907668098875, 0.5471738323248997, -0.5177406569257316, -0.23085509770837648, 0.09458719600345218], [0.027158607143513036, -0.1774144292397722, 0.6257281019752119, 0.5904438633315845, -0.5107615242918131, 0.058865156219268994, 0.622923893545543, -0.5804549622070656, 0.08418462980723523, 0.03059989787655394, -0.2320545390522578, 0.06729763672814777], [-0.7014007237191928, -0.6591935996455929, -0.2702094645906968, -0.46488590026305393, 0.16405525630817266, 0.01935336243480575, 0.24265283344377458, -0.2552979989428212, 0.7192075643860163, 0.06000073072246775, 0.6375207124253688, -0.10356942398281752]], "inverted": true, "swapped": false, "error_lsq": 0.05444756251655749, "error_max": 0.326003872787012, "target": "370.xyz", "model": "16.xyz", "model_rescale": 3.795458400668931, "target_rescale": 3.884811135863176},
{"mapping": [8, 11, 3, 7, 10, 4, 0, 9, 2, 6, 5, 12], "R": [[0.9515119151920719, 0.14816299494124838, 0.2695789349662827], [0.2557769324384356, -0.8679238564500669, -0.4257773364532546], [0.1708895435066161, 0.4740842818897117, -0.8637365672386559]], "T": [0.09460377465104694, 0.13297174886732982, -0.038944341869606505], "aligned_model": [[-0.26996923132111184, 0.37089427891034876, -0.4006851389400955, 0.31071013843833195, 0.3885077307313578, 0.7386121804770224, -0.016432925600618167, -0.30838231681530615, 0.4849427803599444, -0.5774008406298067, -0.3137316595345263, 0.20844670227341533], [0.01069458788743105, -0.27035687365278743, 0.7133330339677646, 0.6207128381253315, -0.49547470095760276, 0.15865871364468143, 0.6237579913231912, -0.6611020480276897, 0.022722683207382077, 0.1568815863164594, -0.29812343894763366, 0.024811958949622], [-0.5955605395622843, -0.6841806929342188, -0.3039945399457238, -0.4219343533921156, 0.2010122945356147, -0.0295028668637156, 0.27380172586200735, -0.10961890733705905, 0.5415971714300578, 0.03326346755684316, 0.4610513743681317, 0.02229921485889326]], "inverted": false, "swapped": false, "error_lsq": 0.04510007700667772, "error_max": 0.3184522236382193, "target": "370.xyz", "model": "17.xyz", "model_rescale": 3.7474275329858107, "target_rescale": 3.884811135863176},
{"mapping": [8, 0, 4, 6, 1, 2, 9, 3, 7, 5, 11, 13], "R": [[-0.8409304304666948, -0.4322315531089367, 0.325594679950603], [-0.44565654650123987, 0.2118600491820809, -0.8697732820230537], [0.3069629516337231, -0.8765222210860388, -0.37078638360477845]], "T": [-0.023301751832817033, 0.012623084369309576, 0.05743802826395711], "aligned_model": [[-0.4473043606691575, 0.34723518647374707, -0.22754218181355162, 0.336947848033681, 0.41904474173596495, 0.662684727798726, 0.07160175511890894, -0.21607903165882164, 0.35141820605408614, -0.6254469379212652, -0.11687101208791527, 0.05982275728455287], [-0.13690227768433916, -0.06923693455172848, 0.5439442906903377, 0.6182994850079226, -0.5185018896490983, 0.143934568717129, 0.6604288088400238, -0.6177778124197881, 0.031272723818712905, 0.41338461011372446, -0.496958483560759, 0.03462924251401271], [-0.503559658916126, -0.6876416355529491, -0.5468875830545257, -0.2562100786421968, 0.02997426284430532, -0.06910274639297842, 0.1955149400461665, -0.10387164602627866, 0.7106274541933284, 0.06303365368122651, 0.5607352376415782, -0.004378851245119816]], "inverted": true, "swapped": false, "error_lsq": 0.04154897129827869, "error_max": 0.2354237447691702, "target": "370.xyz", "model": "18.xyz", "model_rescale": 3.922800546911778, "target_rescale": 3.884811135863176},
{"mapping": [13, 8, 4, 6, 5, 1, 2, 12, 0, 11, 3, 14], "R": [[0.6597198205643033, 0.19541278994192984, 0.7256608022221642], [-0.6821019967232257, 0.5610114908007349, 0.46904474547288766], [-0.31544670614985426, -0.8044127974595185, 0.5034018542502197]], "T": [0.010753010629591116, 0.09167271027210963, -0.051994271873406925], "aligned_model": [[-0.4701940074893103, 0.2642625943324521, -0.24006727203419798, 0.3324271968019673, 0.49469501292262863, 0.701067648693016, 0.10301062719955545, -0.20067171737547584, 0.44613999935404924, -0.6415025587687232, -0.10452481874852293, -0.06913100653848284], [-0.10916849790506805, -0.09502291677677044, 0.5251687098840065, 0.5642710488863585, -0.49588266223413735, 0.3383950438100114, 0.5325068111958017, -0.6655020574315208, -0.18264377652585043, 0.3626585318262746, -0.2363714641699797, 0.06810756127702368], [-0.49939400553521196, -0.5766544360113435, -0.5745242166776299, -0.43792729741346487, 0.0037958960898298796, 0.05084936937300567, 0.5050360598280328, -0.02749937225225753, 0.6065125775952614, -0.1434982033424969, 0.48489238772392723, -0.0033554108012210926]], "inverted": true, "swapped": false, "error_lsq": 0.041825198447161364, "error_max": 0.2320846580811704, "target": "370.xyz", "model": "19.xyz", "model_rescale": 3.9282355846067225, "target_rescale": 3.884811135863176},
{"mapping": [11, 4, 9, 8, 3, 6, 7, 0, 5, 10, 1, 13], "R": [[-0.12378879222288602, 0.6187580500750531, -0.775767239826043], [0.7272771243821872, 0.5884344385967599, 0.3532886862378877], [0.6750883788589283, -0.5204645875951929, -0.522850163803159]], "T": [0.07736117383450689, 0.190213831390331, -0.009143430779097426], "aligned_model": [[-0.35891997999641034, 0.26251242063006297, -0.20887260596185972, 0.4057062777807643, 0.42008910451807935, 0.7122006708959366, 0.10132804691221703, -0.22843582932249443, 0.41781606142175187, -0.7687903127823541, -0.12036416677023423, -0.018757988976503395], [-0.03730549944903644, -0.1698741385954023, 0.6193988850005259, 0.4485846416204812, -0.4751000307817014, 0.26362450711202867, 0.6819831423193626, -0.5237319396243869, -0.019589374270739535, 0.14854110530689235, -0.404758396202752, 0.07474342940087808], [-0.5299667023716066, -0.4943480418674678, -0.46989850486823215, -0.6447971071341727, 0.06991413984286848, 0.12662747817395845, 0.3725453301281173, -0.2014104771163086, 0.5633626710756225, 0.14746242667303008, 0.4012387500990158, 0.047503385941606455]], "inverted": false, "swapped": false, "error_lsq": 0.04316126565224889, "error_max": 0.2691112396701524, "target": "370.xyz", "model": "20.xyz", "model_rescale": 4.067790424073018, "target_rescale": 3.884811135863176},
{"mapping": [10, 12, 1, 7, 3, 0, 8, 11, 2, 13, 6, 14], "R": [[-0.40274201561397593, 0.3381441525687999, 0.8505629905790166], [0.22976501885887018, -0.8621562459886315, 0.451546945080546], [0.8860061540237603, 0.3772865483771171, 0.2695328466916532]], "T": [0.018251427742714363, 0.10548404298812056, 0.04286761600296238], "aligned_model": [[-0.4570220819965317, 0.27823382268008673, -0.31201446089004314, 0.34824968413901836, 0.4604002217792509, 0.7173988384621466, 0.11451928140215399, -0.20229738527321084, 0.5098907161194255, -0.6627989741295374, -0.16589571820912907, -0.013152245734673954], [0.003884239693786651, -0.313524798264723, 0.7118252229265708, 0.6660552130209212, -0.6172106773701231, 0.2305669479233306, 0.6505489071536888, -0.4746572479167043, -0.057657519260646356, 0.034777710503397924, -0.3170412889804939, 0.08894962240714406], [-0.6167378664366243, -0.543523560748756, -0.4005057228383373, -0.32254320938709413, 0.12008032058696472, 0.0405884718123444, 0.17999781300212372, -0.13831339195233594, 0.5770937594388719, -0.10305863157917075, 0.6217623172897978, -0.026606950611353444]], "inverted": true, "swapped": false, "error_lsq": 0.047957550993578214, "error_max": 0.27100458607856265, "target": "370.xyz", "model": "21.xyz", "model_rescale": 4.186013935880536, "target_rescale": 3.884811135863176},
{"mapping": [6, 0, 3, 5, 1, 2, 11, 7, 9, 4, 10, 12], "R": [[-0.31511525451008565, -0.5416170323714457, 0.7793287923721235], [-0.9148017287995751, -0.04527482503688274, -0.4013576798856454], [0.25266613022000484, -0.8394052540120464, -0.481205409546297]], "T": [0.11873457874502813, 0.07511663393189205, 0.01842090352353755], "aligned_model": [[-0.22060247755943652, 0.38285464579452755, -0.34655508677445124, 0.40460922114699027, 0.4715650393885181, 0.8229971238423016, -0.06644886438938502, -0.2379031261018817, 0.2948913800099433, -0.6031519629982093, -0.37117126937911094, 0.08442707536914969], [6.230379507377037e-05, -0.19636055012524745, 0.6710997017787792, 0.5974454295275509, -0.558039845684231, 0.2563597536535497, 0.5938628809964348, -0.5656617127873957, -0.11968435079781725, 0.10586109785096587, -0.28150027720934395, 0.10307190083783149], [-0.4164009666296652, -0.596663781478898, -0.5113416515303014, -0.4755295942371133, -0.08030484942150871, -0.1260242486680921, 0.32757362024651115, -0.004739358523291267, 0.5809794497698645, 0.0929242427559744, 0.5921072911080061, 0.005653195184944976]], "inverted": true, "swapped": false, "error_lsq": 0.044635899633848, "error_max": 0.2701434467913515, "target": "370.xyz", "model": "22.xyz", "model_rescale": 4.166573947596378, "target_rescale": 3.884811135863176},
{"mapping": [10, 7, 13, 5, 4, 1, 6, 9, 2, 14, 11, 15], "R": [[-0.5844898811163841, -0.12464471210073741, -0.8017700883781333], [-0.008085086629907978, 0.9889761355344566, -0.14785409942750705], [0.8113607152473814, -0.07993684437514742, -0.5790543071807699]], "T": [0.03287273940667902, -0.0924855694519921, 0.01793491695803072], "aligned_model": [[-0.3233611344945368, 0.21023936705430685, -0.2625064844772999, 0.3151053797697861, 0.6466527956973528, 0.6587169392442804, 0.24406660813803643, -0.38347235741399377, 0.4543330565529645, -0.6982192473732736, -0.3311305787286329, 0.08508735437996535], [0.006773898807181128, 0.029539956277173568, 0.4946090966710977, 0.5599095238560343, -0.4945025879855992, 0.24480880181553782, 0.5336975382376812, -0.5249499970833593, -0.03809289016721217, 0.16160055248750277, -0.3189036878463416, -0.047973873233546085], [-0.6333608823147094, -0.6640038619053247, -0.5158104399334933, -0.41309566216904947, 0.0567919970562641, 0.06941894854080093, 0.3952934963241945, 0.008965777146841422, 0.5396837805890569, -0.14614589460790406, 0.6799996777448054, 0.010496412104948716]], "inverted": false, "swapped": false, "error_lsq": 0.04873407711457955, "error_max": 0.22247087378653516, "target": "370.xyz", "model": "23.xyz", "model_rescale": 4.274766983524099, "target_rescale": 3.884811135863176},
{"mapping": [5, 6, 8, 4, 10, 7, 1, 0, 2, 9, 11], "R": [[0.03820151359361745, -0.9079124102933801, 0.4174154999451052], [0.4612987194002879, -0.3545241867632185, -0.8133363956442212], [0.8864220980090758, 0.22362391695689443, 0.4052754716560636]], "T": [-0.061195611924197396, 0.10733700032634957, 0.04965788922869431], "aligned_model": [[0.12163689418344184, 0.331696100563291, -0.3720603957571966, -0.5818950715870044, -0.5650821741636324, -0.5447672565148733, 0.06743929332130208, 0.06985937203851741, 0.7229208146665076, 0.17150734805774925, -0.04136022085002761], [-0.08273656641386429, 0.5728542944522839, 0.36217038773227445, -0.2571514016615453, 0.5531519513957264, -0.1054088799538081, -0.6207261023833459, -0.1170103209711652, -0.020536960930875314, 0.5596451659535933, 0.07133496402420954], [-0.63532222386653, -0.2636193718466713, -0.6826890499729839, -0.23292439379949775, 0.14475026981620426, 0.49956817948938065, 0.01998147226866427, 0.581931994270433, 0.3740019312038403, 0.5802616970480915, -0.00637407058935336]], "inverted": true, "swapped": true, "error_lsq": 0.05281471938863909, "error_max": 0.29581823792232714, "target": "370.xyz", "model": "24.xyz", "model_rescale": 3.7841303162186577, "target_rescale": 3.884811135863176},
{"mapping": [9, 12, 14, 13, 4, 3, 11, 8, 6, 10, 0, 15], "R": [[-0.2943056241043075, 0.6772798503389545, -0.6742968218414033], [-0.44607409984479957, -0.7213240449900796, -0.5298202710040466], [-0.8452231049067612, 0.14485726231015394, 0.5144067228252186]], "T": [-0.018531382243490102, -0.05973826582335442, -0.0031495399866778157], "aligned_model": [[-0.29366748526900927, 0.255597201982886, -0.2795167236358896, 0.30652227154402195, 0.5642111183420846, 0.758027515670417, 0.15225113492543854, -0.25062476107533416, 0.4828553725889119, -0.6777274315451962, -0.4393887959707182, 0.036972280791343015], [-0.09290365288556277, 0.10206066097461969, 0.4149454644375274, 0.5909713022033116, -0.5159264509554412, 0.15452838790428441, 0.6145129860107744, -0.6022362095392444, -0.003645328497334621, 0.3515823479266561, -0.3596070250924802, -0.04776615065096057], [-0.5182620426878531, -0.6915146560589567, -0.5826846727564422, -0.2911029693966753, 0.0917602098576845, -0.010075347105632224, 0.3218829974495621, -0.0390163520183061, 0.514046125795433, 0.03597879458733465, 0.5205753055923885, 0.03664595531789422]], "inverted": true, "swapped": false, "error_lsq": 0.04315957639858458, "error_max": 0.26402925130249927, "target": "370.xyz", "model": "25.xyz", "model_rescale": 4.19342608120988, "target_rescale": 3.884811135863176},
{"mapping": [2, 4, 8, 6, 5, 3, 10, 0, 7, 1, 9, 11], "R": [[0.8067790084319195, -0.5884288880464449, 0.05347032135711708], [-0.522875293202346, -0.6688858777860114, 0.5283872729892326], [-0.27515279266649206, -0.4542500701275253, -0.8473180126003277]], "T": [0.02117214471852558, 0.04310512582238252, -0.0033544182613975612], "aligned_model": [[-0.4405663805571424, 0.36113659158501915, -0.39879805389120754, 0.4255296110063359, 0.30571672236636643, 0.6771088695455882, -0.0017718587192591846, -0.20600907668098875, 0.5471738323248997, -0.5177406569257316, -0.23085509770837648, 0.09458719600345218], [0.027158607143513036, -0.1774144292397722, 0.6257281019752119, 0.5904438633315845, -0.5107615242918131, 0.058865156219268994, 0.622923893545543, -0.5804549622070656, 0.08418462980723523, 0.03059989787655394, -0.2320545390522578, 0.06729763672814777], [-0.7014007237191928, -0.6591935996455929, -0.2702094645906968, -0.46488590026305393, 0.16405525630817266, 0.01935336243480575, 0.24265283344377458, -0.2552979989428212, 0.7192075643860163, 0.06000073072246775, 0.6375207124253688, -0.10356942398281752]], "inverted": true, "swapped": false, "error_lsq": 0.05444756251655749, "error_max": 0.326003872787012, "target": "370.xyz", "model": "26.xyz", "model_rescale": 3.795458400668931, "target_rescale": 3.884811135863176},
{"mapping": [5, 10, 8, 11, 3, 9, 1, 7, 2, 6, 0, 12], "R": [[0.4537844038648744, 0.717174425604289, -0.5289050558164089], [0.5530951650835797, 0.2386902748774672, 0.798193392004774], [0.6986883805890637, -0.6547425417200851, -0.2883517832297113]], "T": [0.17468306601446237, 0.15138903039931312, -0.07881932969992746], "aligned_model": [[-0.43610838345763714, 0.19620951106993462, -0.24109368336993608, 0.48973515397193057, 0.44196626109299253, 0.5451912992938066, -0.07132967061477902, -0.1636678715156047, 0.47106911722706635, -0.6347019069611589, -0.05533577036496773, 0.07357764197730884], [0.011279084325922839, -0.2332883415348792, 0.6871614185196457, 0.4787766547370573, -0.5092339223952467, 0.22213172610615536, 0.49852925455218133, -0.5669930530219582, 0.07873458396841237, 0.26895603322763983, -0.35195382374209755, 0.02241671709331683], [-0.49614830801717497, -0.6781909674959685, -0.3449571753839845, -0.6312087910742934, 0.11408885239058454, 0.1263474565783499, 0.3326713369530563, -0.25102247694542373, 0.7468389252455562, 0.031909731720654325, 0.541672812223196, -0.10376804761812089]], "inverted": false, "swapped": false, "error_lsq": 0.04964451783729725, "error_max": 0.2734648569675801, "target": "370.xyz", "model": "27.xyz", "model_rescale": 3.6321398670334006, "target_rescale": 3.884811135863176},
{"mapping": [6, 4, 12, 7, 1, 3, 8, 13, 5, 9, 11, 14], "R": [[-0.3612119486712294, -0.4341599852142219, 0.8252460453561229], [0.16586198148235692, 0.8409712973114115, 0.515031144880684], [-0.917614151610512, 0.32291234776197164, -0.23175824565044512]], "T": [0.017578537757133583, 0.12146608852430058, 0.08992916684790958], "aligned_model": [[-0.32741657372844707, 0.37909082977850056, -0.2960398564827776, 0.40128930090912324, 0.45245825532996375, 0.6702431666259107, 0.010472264910463741, -0.40207107420521493, 0.6582321575609124, -0.6496662643032287, -0.3009665428185617, 0.019886034772311604], [-0.1303521073499615, -0.1617699437818358, 0.6273179561063449, 0.5861133430136789, -0.37178357702669435, 0.3158181053829446, 0.6380580734679691, -0.5656924724476529, -0.2555844404057696, 0.09471903527416753, -0.2285401451757424, 0.05821250477870152], [-0.5592806655009619, -0.5996746796320576, -0.48388885458230585, -0.39767350248508043, -0.0319379526877218, 0.1783387575539625, 0.10050450479771195, -0.04492129543107046, 0.5582935118131003, 0.06460861223132103, 0.524153192473908, 0.07971172002562608]], "inverted": false, "swapped": false, "error_lsq": 0.045397148881044465, "error_max": 0.265725128289663, "target": "370.xyz", "model": "28.xyz", "model_rescale": 4.156811204709835, "target_rescale": 3.884811135863176},
{"mapping": [5, 1, 3, 2, 7, 4, 6, 10, 9, 11], "R": [[0.6128765529016635, -0.3168033908686887, 0.7238908359949553], [0.3933000748022024, -0.6722661075693305, -0.6271948116607499], [0.6853447176888113, 0.6690993141138931, -0.2874173373134636]], "T": [-0.18842225310839356, 0.011091280011810149, 0.07697293288141864], "aligned_model": [[-0.5640409517690346, 0.008781228174709721, 0.11308853130904295, 0.5655578310992567, -0.09919499617847996, -0.6535055652627524, -0.27759190712536885, -0.5109560133217702, 0.2729806525350945, -0.2121934353501095], [-0.06089571797024193, -0.6174947220665001, 0.010982987467680231, 0.1591463186268537, -0.38770207776530136, -0.5013638499295637, 0.6043263988640467, 0.23712814195814513, 0.4866357642706661, -0.012042912829580987], [-0.5495108312632808, -0.25991567639381946, -0.6996354278356551, -0.3051044364309866, 0.6377972981905455, 0.14711366078293286, -0.25368362268860356, 0.6306646427817385, 0.3951529877318292, 0.015908132100398938]], "inverted": true, "swapped": true, "error_lsq": 0.04840978192520328, "error_max": 0.23640879240996307, "target": "370.xyz", "model": "29.xyz", "model_rescale": 4.117894457231895, "target_rescale": 3.884811135863176},
