[{"mapping": [1, 7, 6, 4, 3, 8, 9, 1, 2, 0, 12, 11, 5, 13], "R": [[0.2973757527448746, -0.05860645691420513, 0.9529600961674011], [0.6459004166015516, 0.7473980502243089, -0.15559179398298376], [-0.703121834046818, 0.6617865499757944, 0.2601119927219314]], "T": [0.11283785563443338, -0.002924090940824499, 0.08626112125065245], "aligned_model": [[0.3295763221412076, -0.4220250700489717, 0.45641768945414296, -0.2027163775455269, 0.4062779580355044, 0.1100236106486619, -0.618410986093796, 0.3295763221412076, -0.11006240393275857, -0.250799532011726, -0.15659540928325177, 0.1546226652219167, 0.8058226675894776, 0.0058340182719304745], [0.05793905215001299, -0.16444058510356427, 0.3064871161992849, 0.3406797497935757, 0.42659904157100015, -0.296005887326627, -0.008159351012660375, 0.05793905215001299, 0.7164712811856159, 0.4663200152404566, -0.2607549399703517, -0.6562438908866403, -0.29513991480428103, -0.07792419392801589], [0.6176406733340647, -0.4228838044023827, -0.5226427191676636, -0.7478648603407713, 0.03524062793854593, -0.63808290769908, 0.13088057090357252, 0.6176406733340647, -0.06880021583129796, 0.5792015372246665, 0.5290350782740025, -0.15558409687403507, 0.003900796305746121, -0.011027241861329876]], "inverted": true, "swapped": false, "error_lsq": 0.05152037761657382, "error_max": 0.305815992568465, "target": "371.xyz", "model": "0.xyz", "model_rescale": 3.8414455957264533, "target_rescale": 4.155377382011941},
{"mapping": [10, 13, 7, 0, 2, 9, 11, 5, 4, 3, 12, 8, 6, 14], "R": [[0.6233963449091887, -0.7271813516310177, 0.28737480577453206], [-0.7249442124275403, -0.675240024067374, -0.13603969554988593], [0.2929725004529901, -0.12352405327537774, -0.9481080751901358]], "T": [0.056501999158265134, 0.07695256846885519, -0.024624982647781367], "aligned_model": [[0.13968381054926093, -0.3630346987550501, 0.1807972905030394, -0.3994281397383396, 0.7008586979697452, 0.3391287618397434, -0.7691094203861641, 0.45060651676220764, 0.11000845401456752, -0.028010988856328342, -0.3740544340498302, 0.07599084876230391, 0.7683680917143149, 0.0057366842585486605], [-0.20314595854695383, -0.3505016349411117, 0.31444853319868343, 0.46185946795849336, 0.43137818050224014, -0.2295634551831343, -0.09377425743339864, 0.2590509999553132, 0.6161096443126396, 0.6440295835109046, -0.44970012047968827, -0.7128827230425894, -0.1722413156678842, 0.09869960111430509], [0.5942505313513402, -0.4895108436184847, -0.6086638079168618, -0.43631874830152917, -0.08620142172932091, -0.5646987926536006, 0.0998078786274757, 0.4712021802193098, -0.07220587907146292, 0.5089086113347349, 0.3211316469538279, -0.01552583297797578, 0.17829433176430107, 0.046184257156348864]], "inverted": false, "swapped": false, "error_lsq": 0.0508664140599629, "error_max": 0.31649571271712507, "target": "371.xyz", "model": "1.xyz", "model_rescale": 4.316132596720782, "target_rescale": 4.155377382011941},
{"mapping": [3, 8, 2, 11, 5, 1, 12, 10, 4, 6, 0, 13], "R": [[-0.10493190945316061, -0.8161560528443966, -0.5682240682899382], [-0.20970540450212266, 0.5766898110588774, -0.7895900867814118], [0.9721177591738126, 0.03630646259732295, -0.23166549823518034]], "T": [0.022127198219559364, 0.06053707110776827, 0.017133066562356948], "aligned_model": [[-0.0662983554959902, 0.45950122742340455, -0.08773520909903823, -0.5128246998517125, -0.5404502998297619, -0.46465052376940186, -0.07432724188789469, -0.11822699466566913, 0.5394311995653186, 0.11526555900687763, 0.2755544936348347, 0.07256939960081356], [-0.7246188415001252, -0.29780527938207424, -0.5236312380780005, 0.34160563549486445, -0.2218504758860639, -0.20439972649062085, 0.40019342749799003, 0.5252251851899361, -0.19571649881481376, 0.06859587293770708, 0.7141650397398197, 0.1310133270323617], [0.040268286500480595, 0.14092231898664137, -0.5620576693649904, -0.11264180701379153, -0.39263825243726147, 0.4257911717375805, -0.6963386478837575, 0.45102983796066404, -0.6439703263600639, 0.8052560099221312, 0.03757446822489017, -0.0439369290631021]], "inverted": true, "swapped": true, "error_lsq": 0.0530314257062873, "error_max": 0.2881071627914061, "target": "371.xyz", "model": "2.xyz", "model_rescale": 3.795458400668931, "target_rescale": 4.155377382011941},
{"mapping": [5, 11, 1, 9, 2, 8, 10, 12, 0, 7, 3, 13], "R": [[0.840632421153586, 0.2578354286034505, 0.47629615184497887], [-0.06060653873720298, 0.9186727822925189, -0.39034237092226953], [-0.5382044035194771, 0.2992677911700451, 0.7878926381179396]], "T": [-0.007270773137226877, 0.006098028435082089, 0.11587610366584675], "aligned_model": [[-0.14804675552269494, -0.10540518073403174, -0.6840207382353956, 0.22599768528950817, 0.10919739761358768, 0.00840757035039131, -0.2103531841328977, 0.5859271094770371, 0.3862132877432566, 0.7228789279498754, -0.39112606113507375, 0.09363376708000229], [-0.02054312031268651, -0.5036326232325576, -0.0489382234130149, 0.20640507685504092, 0.48331883387878605, 0.5310560082350217, -0.49057294427039316, -0.28688321675815787, -0.4190828029697081, 0.03181358685204361, 0.6264122770793087, -0.02358380665397312], [-0.621430531229107, -0.21962186912160933, 0.001307347043472823, 0.7290347068639803, -0.5530631601215926, 0.35919147429048515, 0.484625653191759, -0.32683152987391306, 0.5111789252854598, 0.38373131641968283, -0.18857335824804747, 0.12922245613853]], "inverted": false, "swapped": true, "error_lsq": 0.04772573898482967, "error_max": 0.2615175992506205, "target": "371.xyz", "model": "3.xyz", "model_rescale": 3.7530521520055578, "target_rescale": 4.155377382011941},
{"mapping": [11, 12, 0, 7, 10, 4, 1, 5, 3, 8, 13], "R": [[-0.323656387129024, 0.3873662147061867, 0.8632461750710442], [0.500002323029069, 0.8445803533131659, -0.1915246818635722], [-0.8032709505740402, 0.369636906303481, -0.4670378330095643]], "T": [-0.005206120207432184, -0.10102952295196294, 0.10173288366378563], "aligned_model": [[-0.3738116117231347, -0.30428304266964856, 0.4559931899295656, 0.4301525340655488, 0.28491947621595415, -0.03642694973649531, -0.2802051785912181, -0.7552549943804062, -0.3684367638141129, 0.25484051859576057, 0.030712424553391494], [-0.516740994347306, 0.0570608939542335, -0.30076030440138035, 0.27455632943859487, -0.6812036320546742, 0.7340320819505655, -0.4971034552477724, -0.07655558271648893, 0.24884938730198197, 0.2974993047164221, -0.0724306702798301], [-0.16905957029896995, -0.6188725571291328, -0.38742514561944563, -0.42259945424353906, 0.045823202154851445, -0.16664072506305755, 0.5933083736097572, 0.07048525200121852, 0.7103973000372166, 0.431247040805446, 0.00616706099097164]], "inverted": false, "swapped": true, "error_lsq": 0.04834535468094892, "error_max": 0.2514216063237128, "target": "371.xyz", "model": "4.xyz", "model_rescale": 3.7855080009869324, "target_rescale": 4.155377382011941},
{"mapping": [5, 8, 12, 13, 1, 14, 7, 0, 6, 4, 10, 9, 2, 16], "R": [[0.07658762929177648, -0.9505848838875235, -0.30086992798219253], [-0.8169942721057938, -0.23280355255837853, 0.5275631386502692], [-0.5715371329894412, 0.20540419771938104, -0.794452277467607]], "T": [0.03874706778045943, 0.024701229345474165, -0.0724822802579431], "aligned_model": [[0.0016908156083533105, -0.6034734899886522, 0.4179990219996594, -0.22666627086948454, 0.5669973707668662, 0.39995573064199824, -0.5089506121818994, 0.4900859411038038, -0.36452112779747475, -0.012161571087440343, -0.37273431581391414, 0.24791564446112446, 0.7304245656020899, 0.07097977214298916], [-0.13600038045073568, -0.1202455770035071, 0.3139249295669415, 0.2487553122818919, 0.5466001369983814, -0.293012643191049, 0.14955313049930447, 0.21827245514487867, 0.5379588858856116, 0.5609419432531295, -0.5164082305439635, -0.6556384385343268, -0.23116596298152456, -0.009769015667213821], [0.7199223331834274, -0.3211850194297956, -0.5578510776288431, -0.7082677523014694, 0.07474912459456048, -0.5481750336234895, 0.4233087301668451, 0.533568283053604, -0.07677279365450909, 0.43432635335219383, 0.1899065484823558, -0.08981612252183993, -0.028894363622723657, -0.09816509891221417]], "inverted": false, "swapped": false, "error_lsq": 0.04806727302008303, "error_max": 0.32359299278762077, "target": "371.xyz", "model": "5.xyz", "model_rescale": 4.2253639853439635, "target_rescale": 4.155377382011941},
{"mapping": [3, 10, 11, 8, 12, 5, 1, 7, 9, 0, 4, 2, 6, 13], "R": [[-0.38956948003889275, 0.24972737825143354, -0.88649413803696], [-0.7203507300266765, -0.6823757114413812, 0.12433106685339518], [-0.5738731967710824, 0.6870222885660513, 0.4457240503284564]], "T": [0.009657910926762561, 0.0558279143026929, -0.03136103940082899], "aligned_model": [[0.31204736145324524, -0.456646239416051, 0.5840608275613637, -0.30857052438382065, 0.6842162403677775, 0.16468130589469798, -0.7121407872996869, 0.5613549475498792, -0.22155779816639837, -0.125625074771463, -0.3547709600823597, 0.07045325505689172, 0.6051992899944775, 0.03483963082946541], [-0.27153782033224594, -0.4121817049723317, 0.254582789970089, 0.3138675191890448, 0.698807763712503, -0.28673768661950694, 0.10556420743598038, 0.25036992204657066, 0.6202228338687487, 0.4779262097072926, -0.3657196369081095, -0.6118094483914598, -0.18240977010358428, 0.02282136665482784], [0.5203651324412912, -0.4461379794882122, -0.5172741772899893, -0.6461871130741602, 0.022413842316539784, -0.5406328946295591, 0.09208418060476439, 0.504526078405864, -0.055735167527910134, 0.6369159930667732, 0.40498810090967796, -0.058488333849931656, 0.01650585594416562, 0.013310593308788934]], "inverted": true, "swapped": false, "error_lsq": 0.03930599698103149, "error_max": 0.24355964439976446, "target": "371.xyz", "model": "6.xyz", "model_rescale": 3.89814844738969, "target_rescale": 4.155377382011941},
{"mapping": [1, 6, 10, 3, 11, 9, 8, 5, 4, 7, 0, 12, 13], "R": [[0.09193426298060778, 0.9910757264244849, 0.09652458641399109], [-0.01493436462540429, 0.09829652196245428, -0.9950451037633019], [-0.9956530801657011, 0.09003720487811862, 0.023837904569985996]], "T": [-0.03177109450642091, 0.030009703577259947, -0.058381571088245474], "aligned_model": [[0.30932997144262264, -0.028108335166783113, 0.3567119453558437, -0.3259333289417998, 0.5558749029790888, -0.49199611154493866, -0.5715984157920326, 0.28293191220205155, -0.6736449509624243, -0.4172092745521591, 0.06015833859891644, 0.14068033635466554, -0.048565189068828576], [-0.3412041489200602, 0.2552054600664645, 0.44985431401659187, -0.6717980191464695, -0.021230403426101448, 0.4992538797501895, -0.03289519665909693, -0.5725555458699918, -0.08001124802884353, 0.5543448531818379, 0.7104937634143806, 0.11358273380342505, 0.10074082328815993], [-0.5274187154535722, -0.8194012343298938, -0.36936739372972904, -0.27229422665574315, 0.12617525490832776, -0.2546043955482759, -0.2575259842968747, 0.26103326828296014, 0.5300233580599759, 0.36827561119497576, 0.08431807844886265, 0.7142683104106015, 0.01879309954468064]], "inverted": true, "swapped": true, "error_lsq": 0.04153138088967849, "error_max": 0.25810353203932423, "target": "371.xyz", "model": "7.xyz", "model_rescale": 3.7474275329858107, "target_rescale": 4.155377382011941},
{"mapping": [9, 2, 0, 1, 10, 3, 13, 11, 12, 11, 4, 8, 5, 14], "R": [[0.9027031623248232, 0.350534984172056, -0.2495039590873469], [0.3719670726951223, -0.9272466756970025, 0.04305925265816314], [-0.21625794218799357, -0.1316769808294314, -0.9674159783465746]], "T": [0.10828766851556776, 0.09316306200406668, -0.0437354358558242], "aligned_model": [[0.3710407928386645, -0.3837176698058043, 0.3516345356089824, -0.2791909274077999, 0.5573317082452649, 0.4261108352477774, -0.6836186745059731, 0.20076507111274816, -0.1907274815410292, 0.20076507111274816, -0.47837057494334173, 0.04144325697235597, 0.6532520099009562, 0.05082352175246954], [-0.21454797512380888, -0.39042802280792743, 0.31505492421194914, 0.27029344273964073, 0.7026779827009507, -0.3415668598472651, 0.22292400515902647, 0.3487887513758575, 0.6111168185666392, 0.3487887513758575, -0.3961100430427589, -0.5784158395270895, -0.36469254911819327, 0.07988315859494043], [0.6017218852557555, -0.5260837597914185, -0.614488921512022, -0.6628371932201356, 0.002246859860759974, -0.5171621637874624, 0.36142906185634377, 0.5153561420917806, 0.10777847406239285, 0.5153561420917806, 0.12558609232376253, 0.05487450035839223, 0.03628687355935823, -0.053409882011185295]], "inverted": true, "swapped": false, "error_lsq": 0.0571502495647772, "error_max": 0.3556724640196796, "target": "371.xyz", "model": "8.xyz", "model_rescale": 4.019505241142653, "target_rescale": 4.155377382011941},
{"mapping": [8, 9, 4, 2, 3, 5, 12, 6, 1, 10, 0, 11, 13], "R": [[0.3333806600174767, -0.4522534541861776, -0.8272388704013993], [0.6850369398420286, -0.4866475798551042, 0.5421240854943075], [-0.6477512845052342, -0.7474228697316141, 0.14757143092068378]], "T": [-0.012005250440083118, -0.05436436742369005, 0.05733454012440199], "aligned_model": [[-0.30999318004128174, -0.680978327505597, -0.015287567118970266, 0.5539087672140253, 0.30073332067751296, 0.7360709627113484, 0.3122793057921409, -0.4830205509361595, 0.2608382938343459, -0.2656252313762139, -0.4367815470737916, 0.3923594705853917, -0.0448029450215748], [-0.4320463182301519, -0.08278813625903636, 0.06383598543166044, -0.24765936029964453, -0.7341639593839417, -0.0711767409848989, 0.6097228006923525, -0.461035529819617, -0.4853840132168552, 0.11734895809707666, 0.4877037391644809, 0.26226455354683426, 0.03675624937579958], [-0.26451728671423963, -0.09155357742055285, -0.8123463904599292, -0.5181327838259071, -0.19740302082925953, -0.007842336876322312, -0.23853628726533316, 0.5499201923325168, 0.5198536960087379, 0.6318710404167128, 0.18999965226606247, 0.40120935418239095, 0.014181242229001842]], "inverted": false, "swapped": true, "error_lsq": 0.05840843556398756, "error_max": 0.4611841518283987, "target": "371.xyz", "model": "9.xyz", "model_rescale": 3.877068213659057, "target_rescale": 4.155377382011941},
{"mapping": [13, 12, 1, 0, 7, 5, 10, 2, 8, 9, 6, 3, 4, 15], "R": [[0.5508059359471962, 0.8345544307476298, 0.011477066037645228], [0.7568120405518182, -0.5051995917677865, 0.4147395661779264], [0.35192095163704873, -0.21975503315546863, -0.909867775669472]], "T": [-0.0014505596001346127, 0.0203093196889808, 0.08531112861081672], "aligned_model": [[0.1705105797640083, -0.46845519446988587, 0.4548061430090262, -0.2569976032258223, 0.6509894755007538, 0.19586616876953283, -0.6472868520368364, 0.37548592674867315, 0.0036752944818552553, -0.16298458209288014, -0.3290275998462301, 0.2242482650276349, 0.6603526619182176, -0.03364120896002857], [-0.37180819699482115, -0.3022561597668922, 0.2483278704504428, 0.2548205827754078, 0.4936587005957552, -0.2695683615497289, 0.07355844274072268, 0.2968212458384259, 0.7736503333585393, 0.5290697617262714, -0.48605656696989724, -0.5522065898303722, -0.11742835917820839, 0.04318384206217357], [0.7289816309813891, -0.4005421395546891, -0.6166461151272137, -0.6312544382520974, -0.04333152998085302, -0.6132820869786916, 0.3738779210969123, 0.5562839493825079, -0.08134413998681775, 0.4735312673143448, 0.21411891819135342, -0.0697595541022488, 0.05161383564564538, 0.004406592508560472]], "inverted": true, "swapped": false, "error_lsq": 0.03986299822460423, "error_max": 0.2742771523584337, "target": "371.xyz", "model": "10.xyz", "model_rescale": 4.260839863003843, "target_rescale": 4.155377382011941},
{"mapping": [0, 11, 5, 12, 2, 4, 7, 9, 1, 3, 8, 13], "R": [[-0.6948355491486408, -0.08927864736516057, 0.7136055512423896], [0.1514868559991076, 0.9518319349206591, 0.26658525864102134], [-0.7030329239081288, 0.29333477596398605, -0.6478421236006081]], "T": [0.15622433094157887, -0.0716706758953629, 0.01226782951141827], "aligned_model": [[0.5459980731678957, 0.03964423639449152, -0.46824456899090494, -0.3116339215286923, -0.6352674896441505, -0.3876529654543811, 0.19652661545188868, 0.5877597365379408, 0.25040173483018946, -0.21563388173388567, 0.20615100915143755, 0.15085007091230113], [-0.035269683143707, -0.6473915514193794, -0.4670747845889688, -0.18123989996566425, 0.07326982018107532, 0.5747316796819655, 0.42350562308790973, 0.4508282432900237, -0.4991168207476705, 0.08282745657080463, 0.4363300236418598, -0.0383216010553148], [-0.5696463943558789, -0.1800057879966453, 0.145845094525506, -0.6224092754005975, 0.21553420923483366, -0.22582563786860124, -0.5866499025104035, -0.09390482792105562, 0.543837123319439, 0.6924706821847193, 0.28516282152295386, -0.08823002733876517]], "inverted": false, "swapped": true, "error_lsq": 0.05705767022392172, "error_max": 0.42172539811469545, "target": "371.xyz", "model": "11.xyz", "model_rescale": 3.890672605050136, "target_rescale": 4.155377382011941},
{"mapping": [10, 5, 0, 8, 1, 3, 9, 2, 6, 11, 12, 7, 4, 13], "R": [[0.9213504522238946, 0.2112273511939884, -0.3263377855756161], [-0.3638316627383633, 0.17293855240537714, -0.9152697844247732], [-0.13689362795931415, 0.962016248926963, 0.23618821186636887]], "T": [0.01280517008438846, 0.16469213404663796, -0.010174053461631558], "aligned_model": [[0.15190652699317286, -0.619385398894431, 0.46412076796375984, -0.12981418279034146, 0.48949290633270204, 0.5242139050172909, -0.69899442947262, 0.4966968329039258, -0.22413357093859754, 0.012976845248636994, -0.18846840473375465, -0.09286336505166118, 0.6030356368527391, 0.048757405157197314], [-0.24258870281778294, -0.25669259971387853, 0.2978501874529661, 0.14344450427466443, 0.7718146653415429, -0.259802047213829, 0.20555609589800217, 0.1828239024806691, 0.668299449193964, 0.4079766675420967, -0.4901519797409022, -0.6219457519741465, -0.1931415308859769, 0.00032368542042945925], [0.7736075722937277, -0.1767338699927354, -0.366934061970207, -0.7161480644937653, -0.10748450765214501, -0.6515233747463504, 0.3020628481270406, 0.5104834455661709, -0.159499366366382, 0.483358893954027, 0.28274279730460466, -0.32162094658364393, 0.11082226121137632, -0.016479515513615577]], "inverted": false, "swapped": false, "error_lsq": 0.05684919508668422, "error_max": 0.30640705841982196, "target": "371.xyz", "model": "12.xyz", "model_rescale": 4.124412569039231, "target_rescale": 4.155377382011941},
{"mapping": [1, 11, 12, 6, 5, 3, 10, 8, 0, 9, 4, 7, 13], "R": [[0.8874300725023898, 0.30692691466283106, -0.3438949483111936], [0.4603616172082752, -0.5527276632984882, 0.6946648916031203], [0.02313110070413521, -0.774782549674519, -0.631804521113981]], "T": [0.08512270316213225, 0.07157366184184702, 0.04552956074763482], "aligned_model": [[-0.30714814051539485, 0.05581402150150062, 0.6619823823865392, -0.6546622367155976, 0.46656855856108836, 0.25601306262038737, -0.47135140641531126, 0.12595622949681518, -0.06834486057944952, -0.09068399420693973, 0.8594046495310913, 0.40141681963529086, 0.1323332222097378], [-0.28875634505979186, 0.3813767736806096, 0.5898718766413134, -0.13146889863069508, -0.08682824490958749, -0.6906060038131833, 0.40492526310791754, -0.3103216275729027, 0.6940399545222142, 0.12641831436064774, -0.00337894540800103, 0.50684575841663, 0.1553675011733061], [0.4819139963072024, 0.5795498057034978, 0.2252839982122, -0.1578652124251651, 0.67287045469588, 0.16678452502059016, 0.1013330226735649, -0.38750354611863436, -0.23882266396227536, -0.6152159494676513, -0.3609142757580802, -0.5166292466809607, 0.0009131727676708473]], "inverted": false, "swapped": true, "error_lsq": 0.04317035953216973, "error_max": 0.24967253691199853, "target": "371.xyz", "model": "13.xyz", "model_rescale": 3.9028299243045295, "target_rescale": 4.155377382011941},
{"mapping": [7, 2, 11, 12, 14, 1, 0, 10, 5, 4, 3, 6, 9, 15], "R": [[0.3156600015040232, -0.6788448186040088, -0.6629694379871297], [-0.888671790986459, 0.033402025654208134, -0.4573256526668005], [0.33259767190315614, 0.7335216540339393, -0.5927265572824577]], "T": [-0.04733166815034501, 0.09860016715567152, -0.0555441642009607], "aligned_model": [[0.4544407165271494, -0.5710200629303848, 0.5070156925590497, -0.012791635025529338, 0.7454060785916328, 0.10924474556632066, -0.8144099629732273, 0.3430379539955644, -0.23956216578397393, -0.27511159718083456, -0.27825638000969866, 0.16360258436416136, 0.6590300646663372, 0.04691544222145119], [-0.1706490700432403, -0.24887314783941464, 0.08169058560874452, 0.5114799888371216, 0.48604885835952283, -0.2727553316203306, -0.005077656413746134, 0.4614928191058777, 0.5652769560360874, 0.24031871785808367, -0.35534832488684565, -0.5335512489111128, -0.1994529461554653, 0.053166345322537], [0.6489821149966539, -0.4391618516122886, -0.5436729976705297, -0.6146304973561512, -0.12263387546749638, -0.5652280622586296, 0.24120186821776718, 0.46529466241931033, 0.0302581909820048, 0.5668668175469369, 0.3040305697044546, -0.07285284786387239, 0.058748882487868026, -0.010548862987924797]], "inverted": true, "swapped": false, "error_lsq": 0.047011938770817344, "error_max": 0.311054648042986, "target": "371.xyz", "model": "14.xyz", "model_rescale": 3.942246331269136, "target_rescale": 4.155377382011941},
{"mapping": [2, 10, 13, 11, 8, 4, 9, 0, 6, 7, 5, 3, 12, 14], "R": [[-0.7319730941860408, -0.645960246703746, 0.21668121530522574], [-0.49773007589066776, 0.7241373025632382, 0.47737819241174806], [-0.4652742857085313, 0.24157923485861416, -0.8515628645869563]], "T": [0.05466750615001371, -0.014945878047589164, -0.04828667810212502], "aligned_model": [[-0.01604633351638942, -0.5460008822135581, 0.590626947335289, 0.016313084003479396, 0.35936309451740955, -0.015109460229014667, -0.6799941974023954, 0.4093863870626377, -0.21931506944291168, -0.18131107682321007, -0.06769083632986597, 0.24357973379231246, 0.8278433826037667, 0.11589670123046944], [-0.04758386211714981, -0.09656811939511727, 0.034543137069970545, 0.4491484244898055, 0.6905691962035967, -0.27964295958096125, 0.08348053340880031, 0.2190860986614206, 0.47253651871990765, 0.5418388864628981, -0.47151953327715457, -0.7020917923257046, -0.26267941960440433, -0.017350563458088657], [0.7110434434622679, -0.42449913534042155, -0.6575716371257151, -0.5934989682338542, 0.042542858512247796, -0.5666790072441178, 0.26595324455833447, 0.5518141736470014, -0.05744366732919708, 0.5561008983055885, 0.3752088845251648, -0.1415100294619851, -0.14264458513930617, 0.02783763800209455]], "inverted": false, "swapped": false, "error_lsq": 0.05527689960555391, "error_max": 0.31738776353554626, "target": "371.xyz", "model": "15.xyz", "model_rescale": 4.355366556412066, "target_rescale": 4.155377382011941},
{"mapping": [3, 8, 2, 11, 5, 1, 12, 10, 4, 6, 0, 13], "R": [[-0.10493190945316061, -0.8161560528443966, -0.5682240682899382], [-0.20970540450212266, 0.5766898110588774, -0.7895900867814118], [0.9721177591738126, 0.03630646259732295, -0.23166549823518034]], "T": [0.022127198219559364, 0.06053707110776827, 0.017133066562356948], "aligned_model": [[-0.0662983554959902, 0.45950122742340455, -0.08773520909903823, -0.5128246998517125, -0.5404502998297619, -0.46465052376940186, -0.07432724188789469, -0.11822699466566913, 0.5394311995653186, 0.11526555900687763, 0.2755544936348347, 0.07256939960081356], [-0.7246188415001252, -0.29780527938207424, -0.5236312380780005, 0.34160563549486445, -0.2218504758860639, -0.20439972649062085, 0.40019342749799003, 0.5252251851899361, -0.19571649881481376, 0.06859587293770708, 0.7141650397398197, 0.1310133270323617], [0.040268286500480595, 0.14092231898664137, -0.5620576693649904, -0.11264180701379153, -0.39263825243726147, 0.4257911717375805, -0.6963386478837575, 0.45102983796066404, -0.6439703263600639, 0.8052560099221312, 0.03757446822489017, -0.0439369290631021]], "inverted": true, "swapped": true, "error_lsq": 0.0530314257062873, "error_max": 0.2881071627914061, "target": "371.xyz", "model": "16.xyz", "model_rescale": 3.795458400668931, "target_rescale": 4.155377382011941},
{"mapping": [1, 6, 10, 3, 11, 9, 8, 5, 4, 7, 0, 12, 13], "R": [[0.09193426298060778, 0.9910757264244849, 0.09652458641399109], [-0.01493436462540429, 0.09829652196245428, -0.9950451037633019], [-0.9956530801657011, 0.09003720487811862, 0.023837904569985996]], "T": [-0.03177109450642091, 0.030009703577259947, -0.058381571088245474], "aligned_model": [[0.30932997144262264, -0.028108335166783113, 0.3567119453558437, -0.3259333289417998, 0.5558749029790888, -0.49199611154493866, -0.5715984157920326, 0.28293191220205155, -0.6736449509624243, -0.4172092745521591, 0.06015833859891644, 0.14068033635466554, -0.048565189068828576], [-0.3412041489200602, 0.2552054600664645, 0.44985431401659187, -0.6717980191464695, -0.021230403426101448, 0.4992538797501895, -0.03289519665909693, -0.5725555458699918, -0.08001124802884353, 0.5543448531818379, 0.7104937634143806, 0.11358273380342505, 0.10074082328815993], [-0.5274187154535722, -0.8194012343298938, -0.36936739372972904, -0.27229422665574315, 0.12617525490832776, -0.2546043955482759, -0.2575259842968747, 0.26103326828296014, 0.5300233580599759, 0.36827561119497576, 0.08431807844886265, 0.7142683104106015, 0.01879309954468064]], "inverted": true, "swapped": true, "error_lsq": 0.04153138088967849, "error_max": 0.25810353203932423, "target": "371.xyz", "model": "17.xyz", "model_rescale": 3.7474275329858107, "target_rescale": 4.155377382011941},
{"mapping": [6, 7, 3, 11, 8, 1, 12, 4, 10, 5, 9, 2, 0, 13], "R": [[-0.27686142363801053, 0.7094537758001402, 0.6480918855409764], [0.902137263273012, 0.4241663269524981, -0.07893849057276497], [-0.33090196481044676, 0.5628128170915714, -0.757459980858418]], "T": [0.03424444270021152, 0.04936314108640691, -0.0569006593862372], "aligned_model": [[0.20508770256915934, -0.5384199057744402, 0.34339896931283126, -0.3075058219835973, 0.5507834921293469, 0.274969054967035, -0.6728182163280341, 0.42452241126451123, -0.12366578522846783, -0.16988463789427813, -0.27137993709484814, 0.21012500478373025, 0.8145135010866653, 0.09781564277840524], [-0.42616107998909447, -0.3606341469157929, 0.4000064056703405, 0.23098562057470357, 0.532873273649931, -0.24754274350187036, 0.19782891731808933, 0.15725688816513733, 0.7152427640647843, 0.5340829322191202, -0.2092845387048691, -0.6381247384988911, -0.2403848426648489, -0.032378166128920444], [0.5259270228563108, -0.3240654958697101, -0.5488985872132581, -0.6667831835981743, 0.07061331373807692, -0.6334567915672388, 0.136120667956962, 0.6678530012566325, -0.14694541537537353, 0.4396856666540604, 0.4792143302097911, -0.04080199129913163, 0.022903433351339236, -0.034711859962183955]], "inverted": true, "swapped": false, "error_lsq": 0.04652224940135693, "error_max": 0.29705035857741136, "target": "371.xyz", "model": "18.xyz", "model_rescale": 3.922800546911778, "target_rescale": 4.155377382011941},
{"mapping": [7, 6, 5, 1, 0, 8, 10, 3, 2, 9, 11, 13, 12, 14], "R": [[0.6448366166983888, -0.695938949409093, -0.3159979690762952], [-0.05432091071580436, -0.45411993038340875, 0.8892830412683993], [-0.7623876811858786, -0.5562769701541993, -0.3306371970182473]], "T": [0.037189865230619824, -0.021469456193102567, -0.09322798176114556], "aligned_model": [[0.313869687879206, -0.48206677172177403, 0.6522062834714981, -0.14243699241809646, 0.4617242718049288, 0.13157338368411037, -0.7304731898376969, 0.4571964316285394, -0.27869446656067104, -0.21188881356063388, -0.2852307668812945, 0.116513731325812, 0.7702040292896603, 0.0650446564844307], [-0.1908827369390738, -0.08008862480908208, 0.15969202168007543, 0.4725722833088394, 0.6971834253321962, -0.3622052070708516, 0.05643963744711985, 0.298759566283776, 0.5768668613897039, 0.34143659462975184, -0.3830484685065331, -0.6833530327616728, -0.26221381856617443, -0.027391956160256192], [0.6368120411860138, -0.5434547134916958, -0.5073161902562464, -0.6144189022279058, -0.13507543313947995, -0.5926091523510417, 0.14177043158380337, 0.26760037207380183, 0.14201594011145602, 0.5916093682444941, 0.4288344346334867, 0.07239690210808143, 0.0595674103189902, -0.0010783976556553582]], "inverted": true, "swapped": false, "error_lsq": 0.04865143331330166, "error_max": 0.29028212298586753, "target": "371.xyz", "model": "19.xyz", "model_rescale": 3.9282355846067225, "target_rescale": 4.155377382011941},
{"mapping": [3, 10, 9, 12, 8, 11, 2, 6, 7, 5, 1, 0, 4, 13], "R": [[-0.6852656135396429, 0.7281825473593213, -0.012697110751119838], [0.7236750106902623, 0.6788565062746383, -0.12429128203957063], [-0.08188722612584307, -0.09436112340302728, -0.992164533022388]], "T": [0.11414574692275947, 0.1432892841206834, 0.012710336115204493], "aligned_model": [[0.2844899023646862, -0.47487747297547644, 0.3108729232101914, -0.21327153155536177, 0.8047096979462315, 0.32805823243302645, -0.6922210674370974, 0.3414655391435383, -0.22806068547725528, -0.16264297796489674, -0.29206827545897174, 0.1610484169951328, 0.6470118378726201, 0.023026935491651065], [-0.2812932465558684, -0.22331678560769117, 0.3073353821304759, 0.5239015477994274, 0.38403929146912386, -0.34786803054503546, 0.08249548611636452, 0.5062143621160061, 0.6636118531154621, 0.21822803009843894, -0.38363916733069026, -0.6553480876913957, -0.19236345993105716, 0.011769370074258517], [0.6102616832751186, -0.4980596562008021, -0.629794232798916, -0.6733848291198289, -0.1965322088816558, -0.46307229505068204, 0.17016790240918594, 0.5061220849455853, -0.003319579616027574, 0.6494695829070657, 0.3574383033272136, 0.025957074657762695, 0.06523470632716852, 0.02616557495691473]], "inverted": false, "swapped": false, "error_lsq": 0.04586547331686155, "error_max": 0.2972845169063158, "target": "371.xyz", "model": "20.xyz", "model_rescale": 4.067790424073018, "target_rescale": 4.155377382011941},
{"mapping": [13, 12, 2, 0, 4, 3, 9, 5, 8, 1, 10, 11, 6, 14], "R": [[0.8892441536281891, 0.4501194842811712, -0.081469534849161], [0.3444580043553578, -0.5417268781629552, 0.7667337691215536], [0.30098757195872805, -0.7098763549705481, -0.636774718546613]], "T": [0.08228059428807996, 0.08858640725005845, -0.016807356729910322], "aligned_model": [[0.14876778610642255, -0.4455739113907925, 0.4828459987024689, -0.1398616325766436, 0.7132950221512775, 0.19222657516741104, -0.6711685925701203, 0.3514782898778247, 0.06389308771955642, -0.37542898093206134, -0.3817247210513859, 0.10138913423618187, 0.7678433769528273, 0.029560042195052177], [-0.24429429531716912, -0.3797798981446767, 0.26961461138628484, 0.43040192447397135, 0.5816297984406318, -0.3865983415066298, 0.005181331785368462, 0.353077555912529, 0.6489647479449074, 0.3843027146136717, -0.3618457726950689, -0.5576820074536408, -0.17130471270100872, 0.04209888851864817], [0.5954780311895287, -0.31516367341029583, -0.6172222779572911, -0.598419781588157, -0.05147003071879602, -0.7138413246886784, 0.1546797147312834, 0.4371124091167248, 0.0871441300672198, 0.5966736222660534, 0.4862798525691059, -0.014744873622711568, -0.11689321732430276, 0.017041530508419583]], "inverted": true, "swapped": false, "error_lsq": 0.039904996530571044, "error_max": 0.24954688551714196, "target": "371.xyz", "model": "21.xyz", "model_rescale": 4.186013935880536, "target_rescale": 4.155377382011941},
{"mapping": [3, 2, 5, 6, 9, 1, 8, 4, 11, 12, 7, 10, 13], "R": [[-0.7368622601873631, -0.6579495557476606, -0.15535891220984815], [0.6592506306647355, -0.7502295727515691, 0.05044000532461184], [-0.1497418294255809, -0.06525312452637355, 0.9865695182093486]], "T": [0.0749563566302267, -0.024118002705951602, 0.0743460864228268], "aligned_model": [[0.07310175444374739, -0.3154542117133968, 0.152779400749033, 0.5653490799576529, -0.17897081797329517, 0.6776564682344496, -0.18180012206425317, -0.7802524820737512, 0.38815438326186413, -0.3249860982744964, -0.5473514264026402, 0.5266327552548077, 0.0037153520235038567], [-0.47206656722300405, 0.024277767702476805, 0.3395084011339077, -0.5415202192668715, -0.4152178165935657, -0.18148065241637007, -0.5424954947595675, -0.048805753059066655, 0.5008700380168465, 0.662412603007906, 0.09303684744784882, 0.07070389478846384, 0.029733610767089483], [-0.5769317099532381, -0.6564218029340082, -0.5782396275779387, 0.4231832914232603, 0.5773992502080607, -0.21914169223282653, 0.05459901137438152, -0.12144813010318233, -0.016808409683898143, 0.025015092612147884, 0.5266005006675557, 0.5335823978580919, 0.1314913896769391]], "inverted": false, "swapped": true, "error_lsq": 0.04614334094685817, "error_max": 0.2824922625545823, "target": "371.xyz", "model": "22.xyz", "model_rescale": 4.166573947596378, "target_rescale": 4.155377382011941},
{"mapping": [1, 8, 14, 9, 12, 10, 4, 6, 3, 2, 0, 7, 13, 15], "R": [[0.256709663843709, 0.9235521926423151, 0.28487101634743806], [0.954729904656215, -0.19648320037628536, -0.22334986260355594], [-0.15030288634748412, 0.329310946425206, -0.932182033145968]], "T": [0.06030280413726506, 0.1462875324414742, -0.03874922014305847], "aligned_model": [[0.04300852546103838, -0.6091743743903246, 0.6469910791056995, -0.10981968399606369, 0.5330516337677468, 0.3422628699137319, -0.5932438639559423, 0.48882068121424294, -0.4140747774222384, -0.11634885136047764, -0.27965659621341943, 0.09962063830558028, 0.7326571325835562, 0.07344706157488905], [-0.08521072066426857, -0.17608655414068702, 0.21158962691861638, 0.358710448416532, 0.5996071067650257, -0.3431925738282906, 0.03240627189962521, 0.31263846349790664, 0.515130907492078, 0.4675377732984295, -0.4893090802036303, -0.5643639532807303, -0.33910647913416503, 0.11341530822137737], [0.635200724289909, -0.3580522047082534, -0.5655416533572298, -0.573897807062685, -0.05852958534041523, -0.5305306553127372, 0.27710094130420193, 0.5677220724413161, -0.020117880655502032, 0.5255217383054043, 0.3449177121631888, -0.10816262956337198, -0.20946960393418468, 0.020492942568461688]], "inverted": false, "swapped": false, "error_lsq": 0.04241939579400116, "error_max": 0.2738593648883056, "target": "371.xyz", "model": "23.xyz", "model_rescale": 4.274766983524099, "target_rescale": 4.155377382011941},
{"mapping": [7, 10, 6, 8, 1, 3, 4, 5, 12, 11, 13], "R": [[0.7494374403833006, -0.46924186771495324, 0.4670712927756415], [-0.589070392413412, -0.7946215618511079, 0.14687629564778193], [0.3022244128683776, -0.38521246478364135, -0.8719356405387249]], "T": [-0.05610456056756524, 0.11933734006237444, -0.019359063186162172], "aligned_model": [[0.41395944892985953, 0.05774306384265418, -0.5287864911538283, -0.43325745233889545, -0.49473510977874574, -0.6920454421401963, 0.1184769577440638, -0.011925590153705423, 0.6486463549242281, 0.2669050770748839, 0.03491388700775648], [-0.30785004643424474, 0.6925054402716591, 0.5654513284982243, -0.23767844393853943, 0.5647993910208448, -0.16438941794199996, -0.7405915906020383, 0.08432274039585139, -0.12054326198923211, 0.4988930088318056, 0.08066738313115293], [-0.4688888783653966, -0.30644406519464323, -0.4748056288843335, -0.27494561759599506, 0.2692796499595759, 0.3546762907465547, -0.0001094992871139705, 0.7296208419292416, 0.2625899226964611, 0.34617733341952256, -0.05758391540229591]], "inverted": false, "swapped": true, "error_lsq": 0.04321419657837055, "error_max": 0.22303120260042, "target": "371.xyz", "model": "24.xyz", "model_rescale": 3.7841303162186577, "target_rescale": 4.155377382011941},
{"mapping": [6, 10, 12, 9, 5, 13, 0, 4, 8, 1, 7, 11, 3, 15], "R": [[0.07008416067529188, -0.5059034584532125, 0.859738274795021], [-0.8257389369899988, -0.5129765188321139, -0.23454274464479377], [0.559681532981987, -0.6934816377179462, -0.45369571277120146]], "T": [-0.035682007793072804, 0.07736185853004775, -0.057063920317716725], "aligned_model": [[0.283758744023103, -0.6192931121551786, 0.45574219550106143, -0.13962372812863785, 0.7386208723973207, 0.4393156763684078, -0.6312979319843255, 0.4288513775520752, -0.3095358862107306, -0.23665803754733383, -0.409827952834289, 0.1068461585605847, 0.7248533366942274, 0.005789762351733799], [-0.2581076613124966, -0.26170885133316224, 0.2692875301417528, 0.379846391548475, 0.48170343663076826, -0.35659460619698335, 0.0952346448926752, 0.3918276215157405, 0.5758494302072902, 0.45654930340679173, -0.3815067537553807, -0.6769279855187369, -0.14572129130212957, 0.04403533633321427], [0.4974126432796622, -0.44395439300385175, -0.6018929718754115, -0.5467984755457819, -0.13644706331145054, -0.5021021029873479, 0.37450552219302136, 0.4348957941589441, 0.10409431806244121, 0.5502761087560012, 0.21174822332300441, -0.06971785738925035, 0.08723363918932825, -0.01259927371120615]], "inverted": false, "swapped": false, "error_lsq": 0.042234469274147736, "error_max": 0.23502470254024357, "target": "371.xyz", "model": "25.xyz", "model_rescale": 4.19342608120988, "target_rescale": 4.155377382011941},
{"mapping": [3, 8, 2, 11, 5, 1, 12, 10, 4, 6, 0, 13], "R": [[-0.10493190945316061, -0.8161560528443966, -0.5682240682899382], [-0.20970540450212266, 0.5766898110588774, -0.7895900867814118], [0.9721177591738126, 0.03630646259732295, -0.23166549823518034]], "T": [0.022127198219559364, 0.06053707110776827, 0.017133066562356948], "aligned_model": [[-0.0662983554959902, 0.45950122742340455, -0.08773520909903823, -0.5128246998517125, -0.5404502998297619, -0.46465052376940186, -0.07432724188789469, -0.11822699466566913, 0.5394311995653186, 0.11526555900687763, 0.2755544936348347, 0.07256939960081356], [-0.7246188415001252, -0.29780527938207424, -0.5236312380780005, 0.34160563549486445, -0.2218504758860639, -0.20439972649062085, 0.40019342749799003, 0.5252251851899361, -0.19571649881481376, 0.06859587293770708, 0.7141650397398197, 0.1310133270323617], [0.040268286500480595, 0.14092231898664137, -0.5620576693649904, -0.11264180701379153, -0.39263825243726147, 0.4257911717375805, -0.6963386478837575, 0.45102983796066404, -0.6439703263600639, 0.8052560099221312, 0.03757446822489017, -0.0439369290631021]], "inverted": true, "swapped": true, "error_lsq": 0.0530314257062873, "error_max": 0.2881071627914061, "target": "371.xyz", "model": "26.xyz", "model_rescale": 3.795458400668931, "target_rescale": 4.155377382011941},
{"mapping": [5, 4, 3, 1, 6, 0, 12, 11, 7, 8, 10, 9, 13], "R": [[0.04136613951798626, 0.8703985207126462, -0.4906070297525459], [-0.7319205740276683, 0.36064805503159014, 0.5781221788834431], [0.6801331603564019, 0.33517069612835804, 0.6519812026741605]], "T": [-0.10164493792313889, -0.08101531142384803, -0.1150505914055154], "aligned_model": [[-0.02221270939166528, 0.47215803134891665, 0.5469657727964553, -0.15633067063035727, -0.2143121827009532, -0.5705752565291073, -0.3104855754221891, -0.5583102256820861, -0.09731969748970176, 0.381643180217335, -0.6525363076530232, 0.011385327909147647, -0.1303933039515147], [-0.7561113959674118, -0.3731594924986694, -0.18464063961708393, -0.031843414294386654, 0.6266024095519213, 0.13648315562272406, -0.6952714657899401, -0.4544376310641611, -0.0010226785805670796, 0.22680108516013764, 0.2476487499975571, 0.47844004242155863, -0.0976072216847642], [-0.43455724170842847, 0.481379578822846, -0.5548119600491103, -0.7996943669872559, -0.45631401649292713, 0.3589447033664772, 0.3462375525129813, -0.29951515466597123, 0.6589705723411077, -0.0331315981826729, -0.22640311516092568, 0.2653891884269576, -0.014357480123652566]], "inverted": false, "swapped": true, "error_lsq": 0.04922170191626286, "error_max": 0.34426488931438487, "target": "371.xyz", "model": "27.xyz", "model_rescale": 3.6321398670334006, "target_rescale": 4.155377382011941},
