[{"mapping": [11, 5, 9, 1, 12, 6, 0, 4, 2, 3, 13], "R": [[0.6893491871346689, -0.5776442216927269, 0.43717828324583496], [0.15162692655629978, -0.47506342446026867, -0.8667894887936595], [0.7083833519640775, 0.6638086289625095, -0.23989816751082427]], "T": [0.0874717863056758, 0.019945515308007884, 0.1262860367267444], "aligned_model": [[-0.15769484479822782, -0.44471856554771566, 0.6001029005454298, 0.34899091790147146, 0.5835465246910468, -0.57953083319267, 0.7227081475399804, -0.31527985813691134, 0.15598086071601786, -0.11988965315960735, 0.0802380094327972], [-0.184806562354245, 0.45285172000117807, -0.5025413156794393, 0.5341272453269795, 0.07175513664585983, -0.07711647219130778, 0.12213476679462366, -0.7149175463248394, -0.16020535664950175, 0.2604611501981475, -0.132700410880545], [0.7467953038045488, 0.4452952964260768, 0.0953017839161667, 0.14268743139458126, 0.4201319573149329, -0.23459172700036743, -0.2996770565419471, -0.3332480971060652, -0.6180998950761685, -0.28886907716926813, 0.18273739583874005]], "inverted": false, "swapped": false, "error_lsq": 0.054687700247119615, "error_max": 0.3726441718986257, "target": "377.xyz", "model": "0.xyz", "model_rescale": 3.8414455957264533, "target_rescale": 3.9433908515817517},
{"mapping": [10, 3, 8, 2, 6, 1, 9, 11, 13, 4, 14], "R": [[0.6881349344230034, -0.01055590640550158, 0.7255059509518904], [-0.28156370212433807, -0.9254248484004897, 0.25359560644649876], [0.6687243031868106, -0.378784137475276, -0.6397893274543001]], "T": [0.11318791598343686, 0.01898842519428021, -0.03783172665937031], "aligned_model": [[0.03210755880497551, -0.5348912903286558, 0.5876903788642613, 0.34949219890970945, 0.6211733472315992, -0.7465888360334663, 0.738408861627732, -0.3789960012372297, 0.32035189354017984, -0.14755223728036654, 0.03325773189287222], [-0.28521805434534936, 0.3100319988220231, -0.5993215934444885, 0.6809047819267995, 0.18465062296352325, -0.07528229560948542, 0.04931053175519057, -0.6134615677490693, -0.4629063237998999, 0.48779117238917513, -0.007456918021508673], [0.5698406306980365, 0.29181029529161884, 0.09194705077179491, 0.18718327323858944, 0.5318471404697561, -0.057702787505356866, -0.3092889405528372, -0.32770652753942386, -0.5852872389469306, -0.12758578810885815, -0.006593792015158698]], "inverted": false, "swapped": false, "error_lsq": 0.04681140802057628, "error_max": 0.2156403924764633, "target": "377.xyz", "model": "1.xyz", "model_rescale": 4.316132596720782, "target_rescale": 3.9433908515817517},
{"mapping": [4, 2, 3, 8, 6, 0, 10, 5, 7, 1, 11], "R": [[0.12302530496687386, 0.9598666295697698, -0.25203338623320964], [0.9065261668158582, -0.2120365013085853, -0.36503538320409623], [-0.40382556037967027, -0.18356627018922866, -0.8962300715959383]], "T": [0.05321770908791805, -0.018037280929473442, -0.101082293770725], "aligned_model": [[-0.1371654212324867, -0.3602807877729272, 0.3864861464592387, 0.27277236643629255, 0.5881328930574699, -0.643690985450704, 0.5920634381049468, -0.2325581573405126, 0.5248844659890622, -0.19920013847679835, 0.08300978621803029], [-0.31580871075329486, 0.46891253664659455, -0.5620763120791341, 0.6809027717534977, 0.003136521502137491, -0.11602533684659204, 0.26717027347947625, -0.5730475902368138, -0.5493835650111923, 0.41636481251165225, -0.05110304607942087], [0.5840572324623072, 0.43986527300581346, 0.053742413808291756, 0.12322702615391612, 0.5230277758875987, -0.008180889257647983, -0.26088758097193787, -0.26249974216664174, -0.6448310561662481, -0.306453457397877, 0.017396320443656216]], "inverted": false, "swapped": false, "error_lsq": 0.04510748365465391, "error_max": 0.21924120605023065, "target": "377.xyz", "model": "2.xyz", "model_rescale": 3.795458400668931, "target_rescale": 3.9433908515817517},
{"mapping": [4, 0, 5, 2, 10, 7, 6, 9, 3, 1, 11], "R": [[0.66769015776213, -0.39014559194760323, -0.6340159858484931], [0.6936705847274064, 0.6351852692566893, 0.33964804372062196], [0.2702054276129927, -0.666577895525468, 0.6947394735332939]], "T": [0.06304740920987228, 0.03009295442877374, 0.006092716066921591], "aligned_model": [[-0.10141120828523459, -0.39549153241612467, 0.4465060116652559, 0.5778116411811296, 0.48527626987370875, -0.6668197546249893, 0.4166770858349665, -0.12433108658153794, 0.4294212119466994, -0.14273210069302833, -0.05045293190923364], [-0.2677557628725612, 0.4281963700378624, -0.5486136767950979, 0.592213489536687, 0.02216990572067178, -0.16859509266798375, 0.15545218458631, -0.7449752037969387, -0.4067041774165641, 0.5698945406903316, 0.03775977786419292], [0.5494105218281023, 0.49951307809977163, 0.11510074664130727, 0.08833383052929628, 0.6066514142154461, -0.09935527923172828, -0.44836015480666536, -0.33845523738342725, -0.5525203233582356, -0.2439830379223032, 0.08212775718966667]], "inverted": true, "swapped": false, "error_lsq": 0.05466019681890097, "error_max": 0.34084371930697593, "target": "377.xyz", "model": "3.xyz", "model_rescale": 3.7530521520055578, "target_rescale": 3.9433908515817517},
{"mapping": [7, 0, 5, 2, 1, 6, 3, 8, 9, 4, 10], "R": [[0.4229415165988244, 0.64604862217422, -0.6354066818376073], [0.4490712810656682, -0.7584813295671344, -0.47227222787298384], [-0.7870549269645201, -0.0855993603063944, -0.6109151262295034]], "T": [0.14159584565646022, -0.0358215454512002, -0.02284593395129371], "aligned_model": [[-0.08891334610757212, -0.4288202937959775, 0.5461884471430644, 0.3903263471121544, 0.5755130357906454, -0.5816450130043528, 0.8315911584719156, -0.39526015050243524, 0.20351230376123727, -0.263429094006011, 0.08539021112894327], [-0.41825460402186676, 0.32115004709170863, -0.6067194538207201, 0.5929119944447658, 0.17577797535729284, -0.029967367111820464, 0.13429075062729345, -0.770801103769114, -0.26385014341714513, 0.5221731916612079, 0.012331067845308033], [0.37685571575506494, 0.4540367515589738, 0.14430713072811852, 0.041832164988737056, 0.6031471855871092, -0.1752399351437931, -0.29677669182653793, -0.13717082317994872, -0.5143060844911425, -0.276435318622333, 0.03821322044698199]], "inverted": false, "swapped": false, "error_lsq": 0.05142638616789958, "error_max": 0.2934761947185305, "target": "377.xyz", "model": "4.xyz", "model_rescale": 3.7855080009869324, "target_rescale": 3.9433908515817517},
{"mapping": [2, 1, 9, 13, 14, 4, 8, 5, 10, 6, 16], "R": [[0.9261675347848264, 0.2714858763665226, 0.26174246205783785], [-0.25594414089260237, -0.05721656527953823, 0.9649968193731832], [0.27695901186519484, -0.9607401748605674, 0.016493094177299848]], "T": [0.08010634283021448, 0.012608268378206017, 0.03421739052678509], "aligned_model": [[0.0409397116683526, -0.5165155037687966, 0.5001535745181013, 0.43121692620245156, 0.5248722944718942, -0.6173601847382677, 0.51918343708595, -0.3405129484164051, 0.3796153046954378, -0.15967982937468558, 0.11254082364757936], [-0.37887595376587696, 0.16632642779116458, -0.5275714353205878, 0.6462249467492944, -0.011421324448980679, 0.09752858465830672, 0.22790561957879507, -0.5963694271283371, -0.4439303377189212, 0.4938353479138116, -0.004610093421758384], [0.6595107348015857, 0.47412310612598946, 0.23089029184333243, 0.023313170729187885, 0.5434356398675759, -0.1967149949668897, -0.47191325449440935, -0.2933933889448841, -0.44830841912446334, -0.33591793284551397, 0.07343836280971902]], "inverted": false, "swapped": false, "error_lsq": 0.043992604040910537, "error_max": 0.21815335169388975, "target": "377.xyz", "model": "5.xyz", "model_rescale": 4.2253639853439635, "target_rescale": 3.9433908515817517},
{"mapping": [9, 0, 8, 4, 1, 7, 2, 12, 5, 3, 13], "R": [[0.9608610443344803, -0.18896292292962105, 0.20258101401253314], [0.07095646713602394, 0.874734694402836, 0.47937917578838546], [-0.26778953163263575, -0.44624234241706767, 0.853906633410294]], "T": [0.16257395675722291, -0.09908329340318105, -0.02087025305855395], "aligned_model": [[0.012301716290022247, -0.3781184930739074, 0.5783531058233622, 0.35057942125279706, 0.4967378706451906, -0.5903953903811467, 0.5012669044822493, -0.6206194952772193, 0.5546474675027444, -0.16909694994071323, 0.1387974486682328], [-0.39589967858962377, 0.2014167796402162, -0.6522204986857932, 0.5719917531129818, 0.13620660744280166, 0.07198872591367407, 0.2585306378602363, -0.5937590256530175, -0.3279474759919769, 0.4497211516403557, -0.05098662180294386], [0.4909057865478389, 0.4894375267401898, 0.23803476221281838, 0.10251345522442545, 0.5887845043027162, -0.2029766574044266, -0.47646983093905304, -0.1359689110980532, -0.46205141148480483, -0.3238843838329563, -0.04986152446746422]], "inverted": true, "swapped": false, "error_lsq": 0.04815409034543869, "error_max": 0.2173083859692246, "target": "377.xyz", "model": "6.xyz", "model_rescale": 3.89814844738969, "target_rescale": 3.9433908515817517},
{"mapping": [7, 4, 6, 11, 8, 2, 9, 1, 5, 10, 12], "R": [[0.8973940958168981, 0.0914734247619542, -0.43164389183132346], [-0.36559674927222335, -0.39354651342096714, -0.8434809770799717], [-0.2470280423647388, 0.914742452462178, -0.31972393083553385]], "T": [0.04007481924652042, -0.10190251251388574, 0.19139833657886038], "aligned_model": [[-0.06697434602873775, -0.4575767858076925, 0.4956888000030936, 0.33473529404334446, 0.6717464452942348, -0.5469292410765938, 0.6481600017912017, -0.25866815618225747, 0.20594602370448384, -0.10748111308711467, -0.04419331666235057], [-0.07749645422511264, 0.28599357872030107, -0.5768011542079996, 0.627430334671206, 0.008257520767952747, -0.0660220795262487, 0.15882379134387678, -0.7099130283195025, -0.33859641764583936, 0.3508342226122839, 0.006532040695992614], [0.8388699576392985, 0.32321370281693995, 0.03563238495908902, 0.38268129931315087, 0.4071354363746876, -0.2031731679849688, -0.4087683771606515, -0.3144400361604852, -0.5290455146891467, -0.36731479066317485, 0.09367242135649181]], "inverted": true, "swapped": false, "error_lsq": 0.05884516627338881, "error_max": 0.30176290243654125, "target": "377.xyz", "model": "7.xyz", "model_rescale": 3.7474275329858107, "target_rescale": 3.9433908515817517},
{"mapping": [1, 2, 12, 3, 0, 4, 7, 13, 11, 8, 14], "R": [[0.9567688382201548, -0.24742768532230508, -0.15288208118318392], [0.26915516823465346, 0.9524191523508888, 0.14301487212101363], [0.11022198339455991, -0.17798117532835003, 0.9778414061622205]], "T": [0.22282766342531152, -0.024349318998759938, -0.025588559211146562], "aligned_model": [[0.02586953477706072, -0.4453226901983322, 0.27485435304178024, 0.24280278289752208, 0.5646766931957785, -0.5429839410102524, 0.7358141729332268, -0.3582590132476458, 0.43136787105676, -0.22292551415055, 0.16855935669626382], [-0.17229957554995212, 0.24038890664080634, -0.6373157234095983, 0.6377896173132108, 0.11872581110236477, -0.016237957841121777, 0.1476004768806605, -0.6841393982086845, -0.3529021641831682, 0.42944642678763983, -0.04201406464524689], [0.6844255513498113, 0.41267879376835603, 0.02140111444760219, 0.24883367131388806, 0.5192802191369049, -0.1858777920919719, -0.4392982891957439, -0.21301095451626462, -0.5104018895890658, -0.27172641010716836, -0.00784069871511741]], "inverted": true, "swapped": false, "error_lsq": 0.044076886568618745, "error_max": 0.2571783766543296, "target": "377.xyz", "model": "8.xyz", "model_rescale": 4.019505241142653, "target_rescale": 3.9433908515817517},
{"mapping": [2, 6, 0, 9, 1, 5, 8, 3, 4, 11, 12], "R": [[-0.7626508485064764, -0.5103959287640388, 0.39731559140492634], [-0.0045105742326062015, 0.6184508205090583, 0.785810560715345], [-0.6467946644743169, 0.597506969426104, -0.4739642217454699]], "T": [0.1157764228031844, 0.04049067459343049, 0.12394079546875733], "aligned_model": [[-0.13647630421049273, -0.4941801878909395, 0.48076985602169037, 0.5307915867376196, 0.5339102901494293, -0.42049779648527846, 0.4016079808371761, -0.2676666373481113, 0.24525411889338922, -0.08954017955406407, 0.0904808788411936], [-0.39305060230018224, 0.27929150589769625, -0.4962579040615923, 0.5774385101815362, 0.05723701442039065, -0.062198640292948734, 0.30070907046015516, -0.6958840540251591, -0.48067545038206316, 0.534856094565126, 0.047576810423951614], [0.4376009382352193, 0.4385658644092759, 0.08751504784059243, 0.04154239140554, 0.6542133020642149, -0.2664302914173915, -0.4298855656504218, -0.09783496158208779, -0.507894679664067, -0.19338781705408817, 0.09445908721444381]], "inverted": false, "swapped": false, "error_lsq": 0.05315635371354977, "error_max": 0.25250958416525054, "target": "377.xyz", "model": "9.xyz", "model_rescale": 3.877068213659057, "target_rescale": 3.9433908515817517},
{"mapping": [0, 1, 10, 3, 12, 7, 13, 8, 14, 4, 15], "R": [[0.7155449429286918, 0.25865379045867215, 0.6489172915946507], [0.24036818176211894, -0.9633668413730457, 0.1189431214459011], [0.6559104907268586, 0.07086992044783717, -0.7515044128481011]], "T": [0.16296966962411666, -0.04865277436628335, -0.01696622666351167], "aligned_model": [[-0.12208153202945057, -0.5513819694393832, 0.6396373385828586, 0.35159879308048503, 0.4785241033869254, -0.6126159691175194, 0.5779741921695104, -0.4183662798316089, 0.5611838979102824, -0.1653157158958676, 0.1352967471753792], [-0.2535234009713517, 0.2254561498437983, -0.5740066959704752, 0.542809894280146, -0.038691649055398306, 0.07298545274183883, 0.22705770565103933, -0.5547249994281258, -0.4070118868062243, 0.5001259111359919, -0.07143412653432879], [0.6975545039133516, 0.3922679894513164, -0.018369752371864757, 0.1147619332338749, 0.6601758492915305, -0.24047825788449537, -0.6080613741982878, 0.01856337647899641, -0.5848797073630781, -0.23868979270321167, 0.06561854795309838]], "inverted": false, "swapped": false, "error_lsq": 0.04667723274101543, "error_max": 0.25710052852924514, "target": "377.xyz", "model": "10.xyz", "model_rescale": 4.260839863003843, "target_rescale": 3.9433908515817517},
{"mapping": [10, 4, 7, 2, 8, 5, 1, 6, 0, 3, 11], "R": [[-0.6445890109226344, 0.741216061884391, -0.1873599653137627], [0.7635272825000152, 0.6366568333956688, -0.10813956430807976], [0.0391292202314538, -0.21276001996426414, -0.9763206840116029]], "T": [0.09349482982488067, 0.003215331044413249, 0.13170354476856933], "aligned_model": [[-0.13071715662649513, -0.4512495721749833, 0.4741173807097875, 0.24895127837802017, 0.6278307267001774, -0.538116931922734, 0.6467638173040804, -0.2957454042654125, 0.21157376260170907, -0.059200770556984084, 0.1402464758444465], [-0.40122542293371927, 0.379531780652797, -0.5232082495667044, 0.6711713709173579, 0.07909008412352352, -0.020509060271199742, 0.234994933537857, -0.6638371819993037, -0.45938987013786786, 0.3889545308895343, -0.016530560325364596], [0.5553666818189014, 0.4443412341874435, 0.04446641496318329, 0.13671827725866126, 0.6053506478045736, -0.10728314508397377, -0.27256404792594024, -0.1950812768826557, -0.6045627541535084, -0.4442499210076462, 0.09596120482219153]], "inverted": true, "swapped": false, "error_lsq": 0.04197708104340119, "error_max": 0.2554033815616097, "target": "377.xyz", "model": "11.xyz", "model_rescale": 3.890672605050136, "target_rescale": 3.9433908515817517},
{"mapping": [6, 1, 5, 3, 8, 2, 7, 11, 12, 4, 13], "R": [[0.15681040492991508, 0.7994386006308695, -0.5799210469771496], [-0.9154145877944374, 0.3380522748836423, 0.21848750970967354], [0.3707109782011539, 0.4966070713022033, 0.7848278711754522]], "T": [-0.0021270711102352458, -0.14493774162926037, 0.10254407471984378], "aligned_model": [[-0.10006073374095453, -0.5538347727450301, 0.6751948090182481, 0.3922588667552975, 0.5136485312314562, -0.5743551849282409, 0.7225725479549092, -0.45246894628947726, 0.3209206012926755, -0.15366720866795852, 0.08424509611068644], [-0.36623335791985245, 0.18963079586698406, -0.5137234537396511, 0.6896899509553749, 0.09335043267932827, -0.0017768398888503845, 0.07301342951943329, -0.4392105609989597, -0.3363252056325464, 0.36059597172467933, -0.07996880767902971], [0.6255121348113344, 0.5372632899205461, 0.0015274865894381318, 0.07222077036812653, 0.5456979078882798, -0.29447491177305474, -0.2902305672800551, -0.013032164773853272, -0.5409955019361108, -0.35846383757310646, -0.0265612904403143]], "inverted": true, "swapped": false, "error_lsq": 0.04595615375365931, "error_max": 0.2900970544823792, "target": "377.xyz", "model": "12.xyz", "model_rescale": 4.124412569039231, "target_rescale": 3.9433908515817517},
{"mapping": [0, 3, 4, 7, 5, 6, 10, 1, 2, 9, 12], "R": [[-0.9070209617707363, 0.419258455344035, 0.03918319194530018], [0.19123505414036515, 0.3272311353284822, 0.9253912351754603], [0.37515613946251775, 0.8468424479761074, -0.37698241249349224]], "T": [0.027223562940814447, 0.034549808738047014, 0.029067141810960227], "aligned_model": [[-0.031392123747493283, -0.5125604031781564, 0.5357667265244099, 0.3493881275599144, 0.5701670422970565, -0.6066054363598611, 0.6601038428051229, -0.33848461998549156, 0.34100568890179506, -0.21681843744035278, 0.1238831986146678], [-0.25329131301500407, 0.2467487810472236, -0.5576023250119997, 0.5590786497885344, 0.08933905951041152, -0.004464977512460638, 0.15535823688364842, -0.6619897880766683, -0.4844401357383791, 0.5681855079216553, 0.01212065908994911], [0.5295459958058405, 0.4442276431086268, 0.12401953523620121, 0.14805101771884285, 0.5543826615669952, -0.18153072352345143, -0.3307627448651947, -0.1805859381059969, -0.582966949240089, -0.2245422322412857, -0.041374949659258246]], "inverted": true, "swapped": false, "error_lsq": 0.034843022925330695, "error_max": 0.21671286535619091, "target": "377.xyz", "model": "13.xyz", "model_rescale": 3.9028299243045295, "target_rescale": 3.9433908515817517},
{"mapping": [4, 3, 13, 9, 10, 2, 11, 8, 12, 1, 15], "R": [[0.21648645617626056, 0.5460759008619571, 0.809280374647777], [-0.9304784755097111, 0.3663425680178462, 0.0017115698098592036], [-0.29553920366910436, -0.7533885009448259, 0.5874200760433201]], "T": [0.015206006952635368, -0.01758304558891899, 0.08095389682280457], "aligned_model": [[-0.09431468884474299, -0.42301618386315804, 0.6145886291669889, 0.4463662179449121, 0.5438973020923773, -0.615956382440275, 0.46756523512944753, -0.3402663705790446, 0.26491023366109234, -0.05918265221775092, 0.06986226594176498], [-0.2342016141897743, 0.25248437636934445, -0.5361995685055025, 0.620997242405328, -0.08787556703555315, -0.026949597902389093, 0.2775137984591685, -0.6595990706353091, -0.36829704665279683, 0.35755685496751977, 0.07361254760687463], [0.713761045022067, 0.4326843963697941, 0.014405221850326777, 0.16557980719275198, 0.6014316369050403, -0.2981187551443029, -0.42317472729416, -0.15979903037275775, -0.4657524023750225, -0.44434138979239385, 0.12178751343988718]], "inverted": false, "swapped": false, "error_lsq": 0.04480574958868084, "error_max": 0.23802735302996136, "target": "377.xyz", "model": "14.xyz", "model_rescale": 3.942246331269136, "target_rescale": 3.9433908515817517},
{"mapping": [0, 12, 7, 11, 8, 3, 6, 5, 9, 4, 14], "R": [[0.16756302438338355, -0.9339004442521242, -0.3158363390827259], [-0.20288746468958524, 0.2808418616698941, -0.9380642437517914], [0.9647586794278276, 0.2212641158422961, -0.14241798169192355]], "T": [0.011124241765245818, 0.028039451130966123, -0.04557770012247852], "aligned_model": [[0.09876660262830825, -0.5363744082472868, 0.6362350181940263, 0.4305912744461262, 0.5310146061065394, -0.6955777215405334, 0.5675627714040092, -0.339467575782085, 0.4144242702530251, -0.2190543483964593, -0.013666883074058396], [-0.4313496140159208, 0.2657810002221675, -0.528669579957555, 0.6095447102177406, 0.11391826191428703, 0.06366958721691943, 0.04206899930611829, -0.4733640584559215, -0.43334681783525675, 0.4717955556357433, -0.031005689361411664], [0.5218709638763677, 0.512813240198833, 0.12846562789134067, -0.048750522977699086, 0.5211495404538949, -0.17147749743327628, -0.10006369694618464, -0.2142770072696189, -0.5677214580699869, -0.3517840247934748, 0.028238150871034477]], "inverted": true, "swapped": false, "error_lsq": 0.05227157589001659, "error_max": 0.3013581680159388, "target": "377.xyz", "model": "15.xyz", "model_rescale": 4.355366556412066, "target_rescale": 3.9433908515817517},
{"mapping": [4, 2, 3, 8, 6, 0, 10, 5, 7, 1, 11], "R": [[0.12302530496687386, 0.9598666295697698, -0.25203338623320964], [0.9065261668158582, -0.2120365013085853, -0.36503538320409623], [-0.40382556037967027, -0.18356627018922866, -0.8962300715959383]], "T": [0.05321770908791805, -0.018037280929473442, -0.101082293770725], "aligned_model": [[-0.1371654212324867, -0.3602807877729272, 0.3864861464592387, 0.27277236643629255, 0.5881328930574699, -0.643690985450704, 0.5920634381049468, -0.2325581573405126, 0.5248844659890622, -0.19920013847679835, 0.08300978621803029], [-0.31580871075329486, 0.46891253664659455, -0.5620763120791341, 0.6809027717534977, 0.003136521502137491, -0.11602533684659204, 0.26717027347947625, -0.5730475902368138, -0.5493835650111923, 0.41636481251165225, -0.05110304607942087], [0.5840572324623072, 0.43986527300581346, 0.053742413808291756, 0.12322702615391612, 0.5230277758875987, -0.008180889257647983, -0.26088758097193787, -0.26249974216664174, -0.6448310561662481, -0.306453457397877, 0.017396320443656216]], "inverted": false, "swapped": false, "error_lsq": 0.04510748365465391, "error_max": 0.21924120605023065, "target": "377.xyz", "model": "16.xyz", "model_rescale": 3.795458400668931, "target_rescale": 3.9433908515817517},
{"mapping": [7, 4, 6, 11, 8, 2, 9, 1, 5, 10, 12], "R": [[0.8973940958168981, 0.0914734247619542, -0.43164389183132346], [-0.36559674927222335, -0.39354651342096714, -0.8434809770799717], [-0.2470280423647388, 0.914742452462178, -0.31972393083553385]], "T": [0.04007481924652042, -0.10190251251388574, 0.19139833657886038], "aligned_model": [[-0.06697434602873775, -0.4575767858076925, 0.4956888000030936, 0.33473529404334446, 0.6717464452942348, -0.5469292410765938, 0.6481600017912017, -0.25866815618225747, 0.20594602370448384, -0.10748111308711467, -0.04419331666235057], [-0.07749645422511264, 0.28599357872030107, -0.5768011542079996, 0.627430334671206, 0.008257520767952747, -0.0660220795262487, 0.15882379134387678, -0.7099130283195025, -0.33859641764583936, 0.3508342226122839, 0.006532040695992614], [0.8388699576392985, 0.32321370281693995, 0.03563238495908902, 0.38268129931315087, 0.4071354363746876, -0.2031731679849688, -0.4087683771606515, -0.3144400361604852, -0.5290455146891467, -0.36731479066317485, 0.09367242135649181]], "inverted": true, "swapped": false, "error_lsq": 0.05884516627338881, "error_max": 0.30176290243654125, "target": "377.xyz", "model": "17.xyz", "model_rescale": 3.7474275329858107, "target_rescale": 3.9433908515817517},
{"mapping": [9, 4, 7, 0, 2, 5, 1, 12, 11, 8, 13], "R": [[-0.4144175146845424, -0.5927139467480808, 0.6906144371883639], [-0.18679733229371645, 0.7980852985812045, 0.5728582833794942], [-0.8907103233771562, 0.10839757155427049, -0.441457910010115]], "T": [0.0893894967415675, -0.03151496996914767, -0.06383268705969547], "aligned_model": [[-0.16389855674370668, -0.45011781642529514, 0.4791313717924332, 0.3395854866971667, 0.5700930679145975, -0.6263928870080514, 0.7402319743160203, -0.250699470773763, 0.3563118090376034, -0.2577965093098501, 0.13800513649445678], [-0.3247926353396901, 0.423860653694671, -0.6697372564056023, 0.7103110714020158, 0.05791721904829766, -0.13468122064607474, 0.12512412699440417, -0.697530084668045, -0.39390802271087305, 0.5495996488441894, 0.022878854673617076], [0.4816556618649357, 0.37296328640259135, 0.0266817646259703, 0.2298312054000276, 0.4507143798241089, -0.07907212619872975, -0.2381504414534108, -0.06436605416699648, -0.6287755304776158, -0.30595275690561896, 0.012933926885968353]], "inverted": true, "swapped": false, "error_lsq": 0.04721774563976478, "error_max": 0.22213734205498464, "target": "377.xyz", "model": "18.xyz", "model_rescale": 3.922800546911778, "target_rescale": 3.9433908515817517},
{"mapping": [6, 1, 13, 5, 8, 2, 12, 9, 7, 0, 14], "R": [[-0.4742198242179454, -0.0236247154857826, 0.8800894449639294], [-0.8310565670731327, 0.3419916126428486, -0.43861910492654543], [-0.29062095699264545, -0.9394059876859207, -0.18181267738119725]], "T": [0.09496605292019517, -0.11983974627514137, 0.10268954765934168], "aligned_model": [[-0.11399398829319013, -0.36803387763180023, 0.6682912378031505, 0.3302222508603335, 0.4694278480200395, -0.5940927618681402, 0.6953369050478317, -0.4009604847545904, 0.32964560507815976, -0.24930090020070655, 0.10791177193052365], [-0.21414547565499345, 0.31982478474769227, -0.4979800564300325, 0.60513600782198, 0.06350019605169706, -0.1596321536325634, 0.135518127339039, -0.4994839401719942, -0.45834204656838395, 0.5339710594795295, -0.15932414809506035], [0.7532353973081932, 0.4772682288535135, 0.11372970323221236, 0.06270958408036979, 0.5505237620510212, -0.08899633305956273, -0.33658398997443517, -0.4194889095612644, -0.581819560792676, -0.28776445852340615, 0.015649892187264314]], "inverted": false, "swapped": false, "error_lsq": 0.04976532560238262, "error_max": 0.27379503998894517, "target": "377.xyz", "model": "19.xyz", "model_rescale": 3.9282355846067225, "target_rescale": 3.9433908515817517},
{"mapping": [10, 2, 11, 3, 0, 7, 4, 12, 8, 5, 13], "R": [[-0.991579469935019, 0.10362885230190615, 0.07766090247979739], [-0.10213106871767212, -0.257076749064806, -0.9609790788008119], [-0.07962034668332592, -0.9608187165437925, 0.2654957520058776]], "T": [0.04948088459467613, -0.015572995225346723, -0.12286811470801498], "aligned_model": [[-0.1509297136414155, -0.5194479529685868, 0.5360784127926566, 0.4534508977579502, 0.609382166328659, -0.5502341408304481, 0.6714351953007189, -0.4435353604424993, 0.4131790710988935, -0.21202263429280555, 0.06709766488848866], [-0.41008754968113836, 0.23220964192686297, -0.443838564858165, 0.6105324230396332, 0.09557748694108593, -0.06255908797454894, 0.02355805847437514, -0.7068230118739112, -0.3254707339482832, 0.6317161572130963, 0.024227535627903692], [0.6163397095394461, 0.41901743859146956, 0.18237706337781148, -0.017249447675829754, 0.43780390458994434, -0.2848309862160512, -0.22779399793199717, -0.07924768508646582, -0.7147368499831094, -0.10490106170596117, 0.03168522830197418]], "inverted": false, "swapped": false, "error_lsq": 0.05250331875939471, "error_max": 0.3171074264958208, "target": "377.xyz", "model": "20.xyz", "model_rescale": 4.067790424073018, "target_rescale": 3.9433908515817517},
{"mapping": [4, 6, 7, 13, 5, 3, 10, 0, 9, 11, 14], "R": [[-0.051841614100445105, -0.9563473514575072, -0.28759727121040535], [0.238451670702301, 0.2678007469652981, -0.9335007020158632], [0.9697696880119226, -0.11697223296594489, 0.21415940074677736]], "T": [0.05937157386338584, -0.08469875523725869, 0.07083565700922145], "aligned_model": [[-0.11799567919093437, -0.40869343892434196, 0.43850518880880873, 0.45438329129397365, 0.39557495927438274, -0.7133469235404356, 0.5694627475997446, -0.23664526082410167, 0.5226101864705746, -0.1283101012941773, 0.09890863631811847], [-0.22727169288528787, 0.35016970992808266, -0.7057128704703987, 0.4931855864662258, 0.035458898455933155, -0.001606277969965167, 0.3159540901020963, -0.7185434942386342, -0.2459947459774482, 0.4273310029219304, -0.05392785144562411], [0.8393968515348457, 0.44414714156887963, -0.09427984168306378, 0.08262275943795303, 0.5409372872499785, -0.275208820829082, -0.429735130743531, -0.05193612290309191, -0.5320270890862706, -0.2764874915839022, 0.01103377283851504]], "inverted": true, "swapped": false, "error_lsq": 0.05012431175510523, "error_max": 0.24477165678262547, "target": "377.xyz", "model": "21.xyz", "model_rescale": 4.186013935880536, "target_rescale": 3.9433908515817517},
{"mapping": [11, 3, 9, 4, 10, 5, 7, 2, 1, 6, 12], "R": [[-0.9217720742467455, 0.32532930650523123, 0.21094332288005221], [-0.2163565123501503, -0.8830398055608151, 0.4164499506048685], [0.32175472444477315, 0.33823297314712447, 0.8843485473350001]], "T": [0.06274538635676938, -0.12485612367853326, -0.0021392320061245744], "aligned_model": [[-0.08371212635681596, -0.5727447688939725, 0.5003094685668531, 0.28629345582787535, 0.8130371398845294, -0.7055173627723867, 0.6246947739290994, -0.35606673958467183, 0.375423264910429, -0.05101816355220665, 0.043754664032879184], [-0.15056585673476036, 0.4957917199332029, -0.5380006407478506, 0.465509399889406, 0.04817835822602361, -0.17066990497026735, 0.24237413192151946, -0.6808676560303746, -0.3393733313756175, 0.38741132681233625, -0.09074519203670775], [0.6117460873392617, 0.24943018492701144, 0.15050428149359749, 0.35718090100420424, 0.3194517897872803, -0.08095688141994913, -0.29824489736877274, -0.2573779083879754, -0.6277094900886, -0.18786150556771739, 0.0223007540828894]], "inverted": false, "swapped": false, "error_lsq": 0.062030829749331204, "error_max": 0.35731372464078975, "target": "377.xyz", "model": "22.xyz", "model_rescale": 4.166573947596378, "target_rescale": 3.9433908515817517},
{"mapping": [14, 12, 7, 3, 9, 6, 4, 5, 0, 2, 15], "R": [[-0.43994750807740296, -0.8527638012963351, 0.2814961622031613], [0.7143319420618855, -0.5222826604109506, -0.4657796680665168], [0.5442206047978875, -0.0038369040494322104, 0.8389333772599211]], "T": [0.12736035197365653, 0.0015676623499518878, 0.12419855077649156], "aligned_model": [[-0.12316991153938361, -0.39396198621130957, 0.35232811817920584, 0.39129839283638007, 0.4552498117920946, -0.5659706677159753, 0.5486968987182022, -0.21406707391707425, 0.42362174249973306, -0.09825108599434901, 0.09867936734408753], [-0.2752198624856607, 0.19727566573960428, -0.6576692980402303, 0.5369963679239863, 0.18091447957443613, 0.05831897376939128, 0.23138546114895361, -0.6723814667732894, -0.3570995455330231, 0.4506670364549802, -0.024145456892238293], [0.8217664803573372, 0.469600855846699, -0.03762166388847055, 0.052928193341401225, 0.5940627732637058, -0.18431241783754876, -0.4321402013315714, -0.22261820978302893, -0.5468772909217481, -0.32325923541743795, 0.06693403217189298]], "inverted": false, "swapped": false, "error_lsq": 0.0431838867737233, "error_max": 0.21453706625162786, "target": "377.xyz", "model": "23.xyz", "model_rescale": 4.274766983524099, "target_rescale": 3.9433908515817517},
{"mapping": [3, 2, 6, 4, 5, 1, 7, 0, 8, 1, 10], "R": [[-0.1342363586498576, -0.44182704286855234, 0.887000261672147], [-0.38170656903405165, 0.8490861609038385, 0.365175008068506], [-0.9144838408483112, -0.2895540632621326, -0.2826265190595344]], "T": [0.13027499423733793, -0.10798110792793224, -0.02301124464325168], "aligned_model": [[0.010218295851964154, -0.5277343341198381, 0.525124960989194, 0.14029171680762445, 0.7029186708662841, -0.3693336584004895, 0.684933829942353, -0.398635061273547, 0.3843636617168197, -0.3693336584004895, 0.09163918201173607], [-0.22924851885679715, 0.3680070287154582, -0.631565338144625, 0.526161139708506, 0.1430386075172062, 0.22156532572529414, 0.11482331101367478, -0.6177724485373443, -0.35764719117102634, 0.22156532572529414, -0.08988488680873066], [0.5126144530331506, 0.4955738865931003, 0.13500177298871244, 0.2692966100956763, 0.501687974611966, -0.2814173645004711, -0.23216248981345833, -0.10385853513204119, -0.6696308574303292, -0.2814173645004711, -0.08722477014460428]], "inverted": false, "swapped": false, "error_lsq": 0.06168579785890424, "error_max": 0.3489381519057197, "target": "377.xyz", "model": "24.xyz", "model_rescale": 3.7841303162186577, "target_rescale": 3.9433908515817517},
{"mapping": [8, 1, 14, 7, 10, 4, 11, 5, 13, 6, 15], "R": [[0.1620205574520478, 0.9803464489217402, 0.11256188986269633], [0.8336513303069952, -0.07494986095551182, -0.5471818507773506], [-0.5279912863299024, 0.18249207771649575, -0.8294105395583128]], "T": [0.07918436487614412, -0.07372335594943365, 0.12675280308842854], "aligned_model": [[-0.2483246492906206, -0.4831471976153008, 0.6549972313790928, 0.3564529612475319, 0.7780622122398573, -0.6244659143393798, 0.5321649714001869, -0.4384021801092617, 0.46764563209869114, -0.17725987126951626, 0.0567304102503306], [-0.10770743778365995, 0.2693923438025674, -0.61923558253086, 0.5117114621360785, 0.024785401171428204, -0.03428443927303608, 0.25668765391387055, -0.635155969842524, -0.3663260462042142, 0.40693368938439867, -0.037758719887138914], [0.617711774348005, 0.4718487668620268, 0.11430628829939901, 0.18326615849830422, 0.4540460729733503, -0.11824760358401482, -0.39771331005607946, -0.30479827610258214, -0.48601265513727665, -0.34783292232021457, 0.07188902202031244]], "inverted": false, "swapped": false, "error_lsq": 0.04259422796194781, "error_max": 0.2557679132627998, "target": "377.xyz", "model": "25.xyz", "model_rescale": 4.19342608120988, "target_rescale": 3.9433908515817517},
{"mapping": [4, 2, 3, 8, 6, 0, 10, 5, 7, 1, 11], "R": [[0.12302530496687386, 0.9598666295697698, -0.25203338623320964], [0.9065261668158582, -0.2120365013085853, -0.36503538320409623], [-0.40382556037967027, -0.18356627018922866, -0.8962300715959383]], "T": [0.05321770908791805, -0.018037280929473442, -0.101082293770725], "aligned_model": [[-0.1371654212324867, -0.3602807877729272, 0.3864861464592387, 0.27277236643629255, 0.5881328930574699, -0.643690985450704, 0.5920634381049468, -0.2325581573405126, 0.5248844659890622, -0.19920013847679835, 0.08300978621803029], [-0.31580871075329486, 0.46891253664659455, -0.5620763120791341, 0.6809027717534977, 0.003136521502137491, -0.11602533684659204, 0.26717027347947625, -0.5730475902368138, -0.5493835650111923, 0.41636481251165225, -0.05110304607942087], [0.5840572324623072, 0.43986527300581346, 0.053742413808291756, 0.12322702615391612, 0.5230277758875987, -0.008180889257647983, -0.26088758097193787, -0.26249974216664174, -0.6448310561662481, -0.306453457397877, 0.017396320443656216]], "inverted": false, "swapped": false, "error_lsq": 0.04510748365465391, "error_max": 0.21924120605023065, "target": "377.xyz", "model": "26.xyz", "model_rescale": 3.795458400668931, "target_rescale": 3.9433908515817517},
{"mapping": [5, 6, 10, 0, 7, 8, 3, 11, 4, 1, 12], "R": [[-0.31719890019795877, 0.01215832476071177, -0.948281093796675], [0.5226741898385739, -0.8321060289300513, -0.1855026897240344], [-0.791325817214247, -0.5544833016036408, 0.2575882746806038]], "T": [0.008427504350721121, 0.02778345017335494, -0.17656180216304845], "aligned_model": [[-0.10340053650417008, -0.3924915552964262, 0.3475666742300141, 0.4192085862902136, 0.5446281482578058, -0.6535296514462008, 0.728817945264012, -0.2046749545004176, 0.4844584987185956, -0.3862983638939358, 0.09016881487212064], [-0.20653610612580453, 0.3393290708568747, -0.5331795004245257, 0.714755130218967, -0.008289518265665572, -0.15078211281806364, 0.18181017492574542, -0.6056715723565514, -0.568586010233638, 0.46858310788645174, 0.03760969122312069], [0.5301554699440907, 0.4741226017690218, 0.10270799573736134, 0.04838709343069142, 0.4328606367502566, 0.0697688165366569, -0.22544881015763377, -0.4313100469000221, -0.5180308955398722, -0.19206410037162297, -0.032685445397698326]], "inverted": false, "swapped": false, "error_lsq": 0.0609634489893641, "error_max": 0.32381289473508573, "target": "377.xyz", "model": "27.xyz", "model_rescale": 3.6321398670334006, "target_rescale": 3.9433908515817517},
{"mapping": [4, 7, 13, 12, 6, 3, 9, 5, 11, 8, 14], "R": [[0.44220410290879286, 0.05342585458605087, -0.8953218468418941], [0.5210966303966351, 0.79716333516062, 0.30494084486153994], [0.73000947470557, -0.6013952902520499, 0.32466886469563155]], "T": [0.03998194662861087, -0.042706845390680745, -0.1168300641598008], "aligned_model": [[-0.07131513091886033, -0.38475158072152005, 0.6868082104724711, 0.2595165564274792, 0.5618495570990436, -0.6442714976533762, 0.6687922538803854, -0.5060783051936609, 0.3750054243372438, -0.1324925230681824, 0.06139064133058856], [-0.20277125788244954, 0.41555812661230834, -0.5127626133972358, 0.6754543646473488, 0.013878464589361414, -0.07534768245288863, 0.1288398051823999, -0.7048714307275796, -0.3990688298400618, 0.42832081391057636, -0.0981874057548692], [0.6884398264620255, 0.3419531419230632, 0.04791425677300254, 0.2289426391542711, 0.4561967563094591, -0.06895648369657545, -0.26428007396419256, -0.30478108138027776, -0.5331127107378503, -0.2409876948981161, -0.09286526014357918]], "inverted": false, "swapped": false, "error_lsq": 0.045901227881481675, "error_max": 0.2066368772456879, "target": "377.xyz", "model": "28.xyz", "model_rescale": 4.156811204709835, "target_rescale": 3.9433908515817517},
{"mapping": [5, 9, 1, 3, 8, 7, 0, 2, 4, 10], "R": [[0.5266950800217725, 0.8497099372607309, -0.024193288350772335], [0.26693129010278316, -0.13830283122614243, 0.9537400134412402], [0.8070563667086226, -0.5087881183707006, -0.29965759052605256]], "T": [-0.1034685785922771, -0.08126611674924995, -0.05561003143410344], "aligned_model": [[-0.427467625685413, 0.13902803179120043, -0.11494087389626062, 0.6668050020435808, -0.17393796249471272, -0.8825606153060944, -0.3992881923053505, -0.3512806586521865, 0.25251766605161813, -0.06594939743579348], [-0.3937875397070923, -0.42706435668361276, 0.1926355223017861, 0.02077085646010822, -0.48705851049949717, -0.29268914334087126, 0.5079347482696045, 0.18017496109842074, 0.5941984762732275, 0.023605316454130595], [-0.47791457784017577, -0.2802300518732401, -0.7662638926247256, -0.09426994370352035, 0.688420665844917, -0.0019433396370276898, -0.18632159713582536, 0.6776420473619554, 0.1789595199995504, 0.020707896583191596]], "inverted": false, "swapped": true, "error_lsq": 0.06758291066101643, "error_max": 0.28082753639320107, "target": "377.xyz", "model": "29.xyz", "model_rescale": 4.117894457231895, "target_rescale": 3.9433908515817517},
{"mapping": [3, 11, 1, 13, 4, 9, 7, 5, 8, 10, 14], "R": [[-0.7870148206062548, 0.5733141855675564, 0.2278563511801107], [-0.5806329026495055, -0.5635119595289801, -0.5876390931759214], [-0.20850204916718326, -0.5947815700699028, 0.7763773434344068]], "T": [-0.006533328376352968, -0.04686815694537093, 0.07593289545293372], "aligned_model": [[0.0064425813398447385, -0.575236355159429, 0.6350093786393688, 0.4279099030897594, 0.6798837119174904, -0.5880160813343347, 0.47305633641223116, -0.37164927450659974, 0.2641758193115899, -0.08356136861603368, 0.00643895489772456], [-0.2269230875303344, 0.3013825245248406, -0.6201487739850582, 0.5984443467183462, 0.04300366620947603, -0.035798668063261666, 0.2592431709719245, -0.7048537752558605, -0.4710159064488785, 0.5305408125665839, -0.004831954820868095], [0.5928159081365556, 0.36018975199673264, 0.07508610132113044, 0.20967575948112144, 0.4227509952599855, -0.15117784193888953, -0.2454598070198887, -0.2842018619753548, -0.422670083485543, -0.34238101495064055, 0.04383540897602124]], "inverted": true, "swapped": false, "error_lsq": 0.047138006043251204, "error_max": 0.2806157694576381, "target": "377.xyz", "model": "30.xyz", "model_rescale": 4.100398675895297, "target_rescale": 3.9433908515817517},
