[{"mapping": [12, 3, 1, 0, 9, 11, 5, 6, 8, 7, 2, 13], "R": [[-0.513597670799672, 0.11362619927437771, 0.8504742908445918], [-0.561923845590199, 0.704518236264857, -0.4334693144011206], [-0.6484281180719064, -0.7005306143265366, -0.29798965432546687]], "T": [-0.01955847108384641, -0.015860614442403408, -0.0507250404626433], "aligned_model": [[-0.23302955297211236, -0.01421524723534058, -0.48699807874127143, 0.07097845754940658, 0.42521728389396757, -0.13543843954625118, -0.5273797228230103, 0.2744298957247041, 0.3474387296025431, 0.6022233967230473, 0.5002738581254736, 0.08564473924209844], [-0.45518955827412233, 0.10545472747855433, -0.29301257317217, -0.7192816663051985, -0.5025025181287206, 0.34210207635152556, 0.5439807522764584, 0.5819938057588453, 0.5923452941618, 0.07019789513810812, -0.20452753206094298, 0.00779781988934166], [-0.36143388211792266, 0.4576590107931355, 0.14351995532437334, 0.25327220118688687, -0.37025181105424704, -0.6385144464168531, -0.01761188848305774, 0.32435790585019997, -0.37626729432531697, -0.4718850151406991, 0.4835383675252481, -0.17284148193341636]], "inverted": false, "swapped": false, "error_lsq": 0.0473340010499885, "error_max": 0.23604504853344524, "target": "378.xyz", "model": "0.xyz", "model_rescale": 3.8414455957264533, "target_rescale": 4.047648182194596},
{"mapping": [10, 4, 5, 6, 8, 12, 1, 0, 11, 13, 9, 14], "R": [[0.01634472154619472, 0.49383844199115157, 0.8694000479004644], [-0.9342319339555886, 0.31738532255082386, -0.16271831675294218], [-0.3562913746572862, -0.8095617025533397, 0.4665472174429506]], "T": [0.07993822086827825, -0.025374813237131907, 0.0941952479580869], "aligned_model": [[-0.3433731207210862, -0.13341138233147443, -0.4801006135026495, -0.05373978819032453, 0.4361484996045657, 0.06230506651926428, -0.43027358336843086, 0.30917018083159975, 0.1313204352229113, 0.728995437814762, 0.669565165954989, 0.01253902170912799], [-0.33095561346943364, 0.19770023031272682, -0.3546077770254947, -0.7906190174792866, -0.4267196988094976, 0.03456083342108162, 0.6512521629680027, 0.6187280567647038, 0.5820561608863343, 0.20180046019911269, -0.33143483174298966, 0.017597557088219487], [-0.3483080661781902, 0.5420084976592627, 0.20503271695696357, 0.17518087354412726, -0.48575209245144757, -0.6663219010888224, -0.08003948181115397, 0.33523792238305195, -0.5013321501130731, -0.2251214050811536, 0.24968483183221166, 0.05327187555655426]], "inverted": false, "swapped": false, "error_lsq": 0.052311022760572194, "error_max": 0.2898735056102431, "target": "378.xyz", "model": "1.xyz", "model_rescale": 4.316132596720782, "target_rescale": 4.047648182194596},
{"mapping": [8, 0, 1, 2, 6, 10, 9, 5, 7, 3, 4, 11], "R": [[0.8881588707796744, -0.2979905557955787, 0.34982202462397427], [0.2756509216715997, -0.2636161719638744, -0.9244041774357746], [0.3676824576138654, 0.9174465338839947, -0.15199167025621158]], "T": [0.029622220386659306, 0.03868614889018866, -0.0665756085124409], "aligned_model": [[-0.29135759844455783, -0.025073748652679057, -0.4857939853965616, -0.10654982513471654, 0.541032758597979, -0.13752940445724493, -0.43762518668768213, 0.2652942604931855, 0.21235642294747809, 0.6164468907164495, 0.622781927834693, 0.1351628077269116], [-0.5856503000274111, 0.04024965411135427, -0.08000999703391226, -0.6829258288634428, -0.460135849589778, -0.02989213586473269, 0.6116512455590152, 0.5232143291001464, 0.7901933449436224, 0.26547889737922403, -0.2916548858185194, -0.03115995078208743], [-0.37351545647769313, 0.6411813872203574, 0.055303935150966946, 0.3352436659456407, -0.47367736267025695, -0.6703911033131335, -0.008762428236662831, 0.28761503790760934, -0.5163602961954751, -0.25424250587112196, 0.2986176189500718, -0.06747087120197227]], "inverted": true, "swapped": false, "error_lsq": 0.04086959910727391, "error_max": 0.22908738033097426, "target": "378.xyz", "model": "2.xyz", "model_rescale": 3.795458400668931, "target_rescale": 4.047648182194596},
{"mapping": [3, 4, 5, 9, 8, 6, 10, 0, 2, 1, 7, 11], "R": [[0.20897903529729964, -0.8769084222769541, -0.4328502994638601], [-0.8162916268116982, 0.08731880587403301, -0.5710021069469396], [0.5385125279910593, 0.47265954457778203, -0.6975652027704669]], "T": [0.09654198138338775, 0.07828901297561905, -0.052169708089070024], "aligned_model": [[-0.2345791595392016, -0.13050446056347786, -0.5540077843525534, -0.07784600283004052, 0.41921039696390594, 0.05388870185629123, -0.4314863347757468, 0.4978998923782884, -0.006395017333386557, 0.6390025831338062, 0.5731909401820947, 0.16077156442327534], [-0.5273239538247452, 0.19968581719000159, -0.17266358992637523, -0.7413182197624854, -0.49390366753355586, -0.06357415192201599, 0.5700185272108989, 0.5925918495445677, 0.6417154689093958, 0.24510707768132717, -0.2913900699850255, 0.11041343553149091], [-0.452996042070949, 0.5349141551275917, 0.035193951099692075, 0.1767133577166749, -0.47530510839235196, -0.6225659184654309, 0.08347290160363523, 0.3798168238244651, -0.5617576930966302, -0.3245243863967273, 0.41628033440581275, 0.06429924585254829]], "inverted": false, "swapped": false, "error_lsq": 0.046770609309004875, "error_max": 0.26021708612336336, "target": "378.xyz", "model": "3.xyz", "model_rescale": 3.7530521520055578, "target_rescale": 4.047648182194596},
{"mapping": [4, 2, 3, 1, 10, 6, 9, 5, 8, 7, 11], "R": [[-0.26207711673775863, 0.007725830252269916, -0.965016008379828], [0.6413286944492791, -0.7458193243060531, -0.18014172522668284], [-0.7211193317048202, -0.6661034807284644, 0.1905073814922087]], "T": [-0.04662269496436175, -0.016427246195279126, -0.10418062890574017], "aligned_model": [[-0.4691473357631948, -0.21973027552484206, 0.2756785828509756, 0.4879445156381781, 0.4862142946784397, -0.15873761060092323, -0.2066895772862489, -0.6500922153900752, -0.4914872802660979, 0.35077341644470783, -0.06652691233571405], [-0.7985673078213991, 0.21416352815891215, -0.5415094098680727, 0.2457112255562991, -0.4635713277913837, 0.7472370955341829, -0.3885411208566838, 0.04880367198422295, 0.3000838366338175, 0.21411986565457958, -0.11072669887012879], [-0.0013398437027363486, -0.7221610134443538, -0.5976788245912268, -0.24659657358999462, 0.06590015900563853, 0.031081254660930452, 0.5090218743584498, -0.0012326840765214397, 0.6214278075290496, 0.45676745293221077, -0.02235883183612969]], "inverted": true, "swapped": true, "error_lsq": 0.05066111209734765, "error_max": 0.2995064300815864, "target": "378.xyz", "model": "4.xyz", "model_rescale": 3.7855080009869324, "target_rescale": 4.047648182194596},
{"mapping": [4, 10, 7, 5, 1, 6, 8, 15, 13, 12, 3, 16], "R": [[-0.4662679171942983, 0.8813488548253515, 0.07627860442701151], [-0.6637261935010171, -0.29152070006188424, -0.6888274250464185], [-0.5848604700746506, -0.3718062365446154, 0.7209010701965897]], "T": [0.20801295379945506, 0.012623645144560922, -0.06856557608352284], "aligned_model": [[-0.14954749018675267, -0.14550760316162542, -0.5017751209608083, -0.09709417841285112, 0.5118700321641753, -0.2627026893299786, -0.24017326112816995, 0.24123646807183083, 0.16768551922940989, 0.6733242029041584, 0.4575384538568207, 0.25429098649704607], [-0.5368649749383176, 0.09710582542179295, -0.21044231110474676, -0.618442983107698, -0.47276147117153705, 0.0645360520836472, 0.5423594575201334, 0.7198986927069472, 0.6234463245482574, 0.19751891559310442, -0.3664090149061165, 0.029414010468012224], [-0.4109302488538712, 0.5629803455214047, 0.019819603480751277, 0.3361167600751128, -0.563718182636123, -0.5177970903231149, 0.048988495727117026, 0.3533068120635011, -0.45604072525116446, -0.5293957437511068, 0.45725556540402656, -0.04704397024820242]], "inverted": true, "swapped": false, "error_lsq": 0.04636117481653435, "error_max": 0.22121955607235513, "target": "378.xyz", "model": "5.xyz", "model_rescale": 4.2253639853439635, "target_rescale": 4.047648182194596},
{"mapping": [6, 9, 11, 7, 3, 5, 8, 1, 10, 4, 0, 13], "R": [[0.03285048881336722, -0.6589707620859724, -0.7514508500897152], [-0.6785042931538805, 0.5373528402377741, -0.5008830694484996], [0.733861546585237, 0.5263168815497279, -0.4294621876711545]], "T": [0.04631672691287129, 0.018764617870379145, -0.059108294611253206], "aligned_model": [[-0.1269446094911727, -0.048026680612757826, -0.6924480888715878, 0.14415320542647375, 0.4523607726842526, -0.32626761586936337, -0.3798205695236227, 0.4821491810633113, 0.09536619776564581, 0.7165675549948076, 0.511042348970636, 0.08101362300663198], [-0.49438051416242995, 0.19286582187069348, -0.216977754073517, -0.7445577366197955, -0.5117682287575038, 0.18124857417842163, 0.6005658285694653, 0.5578592856294845, 0.6616659519171196, 0.11745048213302675, -0.25022271880513197, -0.024390468766354135], [-0.4060672992524714, 0.5182863015770702, -0.12396097260074239, 0.13365638740945646, -0.29716837996968887, -0.5444134953939166, 0.1014508266293802, 0.18199913592785533, -0.49818061038523076, -0.26389169202603063, 0.5364910323173777, -0.08465961302472827]], "inverted": false, "swapped": false, "error_lsq": 0.046136829143417886, "error_max": 0.2713588851624617, "target": "378.xyz", "model": "6.xyz", "model_rescale": 3.89814844738969, "target_rescale": 4.047648182194596},
{"mapping": [5, 11, 9, 10, 1, 6, 8, 7, 3, 0, 4, 12], "R": [[-0.7797307156674963, 0.3554430787805156, 0.5154417802154596], [0.20675741733263905, 0.9232301467664986, -0.32387878362042544], [-0.5909918623996366, -0.1459668244791863, -0.7933613960414708]], "T": [0.17359578250404012, 0.025959354056812347, -0.0017909245910509228], "aligned_model": [[-0.15972188085949218, -0.23225061964287397, -0.6547507669653077, -0.02342874078713858, 0.43691770239785216, -0.1492201580784231, -0.3441569191214649, 0.4902982625762727, 0.21453268576621287, 0.5976967483293802, 0.5505534383462887, 0.1826755675819487], [-0.5130726882783763, 0.19741096733359012, -0.30640955949199106, -0.6107067361812113, -0.4494275394174169, 0.1516549579334804, 0.4600720369460048, 0.558824838345276, 0.7017415640243172, 0.11750222862611609, -0.1240269228941866, -0.11420462383212338], [-0.4500323736457521, 0.6773507479576194, -0.038105912175068056, 0.3060098061017769, -0.6494524720448109, -0.5826233743557981, 0.03234250226550609, 0.2150698471406622, -0.44227305965744623, -0.4052369065637448, 0.4991110925865294, 0.09138172359885713]], "inverted": true, "swapped": false, "error_lsq": 0.039957478637750864, "error_max": 0.21680188607178386, "target": "378.xyz", "model": "7.xyz", "model_rescale": 3.7474275329858107, "target_rescale": 4.047648182194596},
{"mapping": [5, 0, 3, 6, 9, 8, 2, 12, 13, 11, 10, 14], "R": [[-0.17444580661912873, 0.7080080968765627, 0.6843195125891338], [0.7755433891321519, 0.5270100406204096, -0.34755268472375545], [-0.6067133690025442, 0.4700903656133597, -0.6410256906170616]], "T": [0.09668375624561992, 0.09575541721356515, -0.03624357661527479], "aligned_model": [[-0.11908332801248364, -0.13983912322611697, -0.5183740330404589, -0.05458653488021667, 0.3679324761310998, -0.302589692373255, -0.6233953852461778, 0.5398506130916803, 0.41380594807711457, 0.6821194098905035, 0.58735044504086, 0.075954524090706], [-0.5401397596714533, -0.0363528688999431, -0.25963273296946043, -0.6055848935200333, -0.2896999211901423, 0.006428497741272077, 0.5175168221849945, 0.4826836386439065, 0.8528823867540428, 0.00549525141853574, -0.2139234646040615, 0.149685567225821], [-0.2854490207512633, 0.5644373418876449, 0.061417651784847996, 0.3538553415587556, -0.6347323017763847, -0.581964870447672, -0.14666478433737828, 0.1495851274465354, -0.40271880925045594, -0.2249183059828001, 0.45223216520939546, -0.05153791413289414]], "inverted": false, "swapped": false, "error_lsq": 0.05684359107929384, "error_max": 0.2893990470931444, "target": "378.xyz", "model": "8.xyz", "model_rescale": 4.019505241142653, "target_rescale": 4.047648182194596},
{"mapping": [0, 9, 1, 7, 4, 2, 10, 11, 6, 5, 8, 12], "R": [[0.9272244564799209, -0.26616336458793854, 0.26346132668143735], [0.26270242177352, 0.9636337724402423, 0.04896315152147411], [-0.2669124292719291, 0.02381209700583524, 0.9634265613612393]], "T": [0.0552995198830981, 0.048838410968996306, -0.12821879025798721], "aligned_model": [[-0.10335273006420577, -0.04501366375227907, -0.6077352425700401, 0.10135736766460533, 0.5332617058430466, -0.12073141233115574, -0.5313200547079673, 0.4504100579144107, 0.07103861776412969, 0.646553794871421, 0.42125201030417564, 0.09342486860711383], [-0.5505391267218482, 0.0781371988360963, -0.018936365501483553, -0.7791308052379813, -0.6100702045242311, 0.06402038717218905, 0.7128263441345047, 0.37859075894079985, 0.7307894281546726, 0.1952006148621589, -0.19059115062997137, 0.05906144362857305], [-0.3237235445976406, 0.5473690335287476, -0.01823340203008006, 0.23500241196874755, -0.2862892064158079, -0.6928025136498367, 0.10238315582005858, 0.22163914624864484, -0.37873212108932197, -0.4102138375930889, 0.38645507849118377, -0.12931257947327585]], "inverted": false, "swapped": false, "error_lsq": 0.04768782484735523, "error_max": 0.30634731385641806, "target": "378.xyz", "model": "9.xyz", "model_rescale": 3.877068213659057, "target_rescale": 4.047648182194596},
{"mapping": [3, 0, 5, 6, 13, 4, 1, 8, 7, 2, 10, 15], "R": [[0.48784601324757615, -0.6268553576790444, -0.6075019571223813], [0.7681100699171636, -0.02239265986024397, 0.639926159237325], [-0.41474472612716445, -0.7788137963168483, 0.4705697427759702]], "T": [0.1855927699731914, -0.08488605750711746, 0.004031274916366401], "aligned_model": [[-0.2555437802056448, -0.26365282780367416, -0.5940930991706738, 0.16254807238231106, 0.5254478641098126, -0.07623152588934229, -0.439946952845062, 0.36746984992579906, 0.10953063003520802, 0.6131131445678898, 0.6263247140530128, 0.1341792303836186], [-0.43558499234139336, 0.23110891133221967, -0.03789010585997242, -0.6937844017002877, -0.548147572820087, 0.07976466329609093, 0.514128364057136, 0.6147793186653217, 0.6293902677109754, 0.1629730647016273, -0.3937046833863272, -0.053674310541824505], [-0.28780796838488104, 0.5803051752277752, 0.033641547267101446, 0.0989855980228394, -0.5131976679928556, -0.5979893708924326, -0.048773915528706135, 0.2736829483424556, -0.3836676437277287, -0.43885419876032195, 0.4661970343983689, 0.07102008323671632]], "inverted": true, "swapped": false, "error_lsq": 0.044946434121988656, "error_max": 0.23454098880597374, "target": "378.xyz", "model": "10.xyz", "model_rescale": 4.260839863003843, "target_rescale": 4.047648182194596},
{"mapping": [6, 1, 7, 0, 5, 10, 8, 2, 9, 4, 3, 11], "R": [[0.9687591631201573, 0.00854858914298924, 0.2478560176683161], [0.21566262439118133, 0.4644332359645884, -0.8589478457812029], [-0.12245536456783146, 0.8855668754843561, 0.4480803418288223]], "T": [0.06257411760604015, 0.046371308872876875, -0.06707864991573823], "aligned_model": [[-0.09062312755376825, -0.05537399672840894, -0.5505450575894606, -0.19659475054235537, 0.5144794561667702, -0.16617209789333143, -0.3355422346356052, 0.4380343285172661, 0.136556355335073, 0.6305273114057518, 0.5597184134096245, 0.0246807196516989], [-0.7097030179386915, 0.074700211463473, -0.1707682404872692, -0.7172216795094192, -0.3768454525118755, 0.05752145052339785, 0.6384015591014875, 0.4765828189933129, 0.7089293739185231, 0.28902325674272356, -0.22708406792638264, 0.025822310744198843], [-0.3959213951087964, 0.6460457142341985, 0.013797319280968917, 0.2790304590818464, -0.33778151305392357, -0.6509319151100753, 0.014266048441300888, 0.3127960830211085, -0.504430567827144, -0.46033691168387636, 0.35942196844524354, -0.02241366851252035]], "inverted": true, "swapped": false, "error_lsq": 0.04650510937502034, "error_max": 0.27148098824046607, "target": "378.xyz", "model": "11.xyz", "model_rescale": 3.890672605050136, "target_rescale": 4.047648182194596},
{"mapping": [11, 12, 2, 9, 6, 0, 4, 7, 3, 8, 5, 13], "R": [[-0.4840681104948151, -0.8734929840818259, 0.05184661186429165], [0.840713605375439, -0.44783635141004957, 0.30437351411114155], [-0.24264933162613544, 0.19092566384737686, 0.9511407323555374]], "T": [0.03659963932003932, -0.12422166851004966, -0.15659369455672437], "aligned_model": [[-0.34493475282545716, -0.041571274716598494, -0.6737267506126745, 0.25865582815640864, 0.2924770927176451, 0.01320701623270791, -0.4296899452740599, 0.35988962291820425, 0.20359102364929732, 0.6672234645314395, 0.5822160626687805, 0.021807932097561128], [-0.519101346134281, 0.053503422975218914, -0.10204740940588458, -0.7125972098022396, -0.524363377700739, 0.21881724326857815, 0.39800480753304013, 0.4827372328355026, 0.7577295282653328, 0.14167701382595266, -0.13344213720307657, 0.008440754656074398], [-0.12104497158666974, 0.5627360259472335, -0.1791515239076961, 0.3020190913858293, -0.48289368743178884, -0.6366683032771236, -0.12641796185940607, 0.347438694143545, -0.37416924481066216, -0.3819878551861684, 0.39765343747398596, -0.05397207968274782]], "inverted": false, "swapped": false, "error_lsq": 0.0500594119061594, "error_max": 0.2930634163032887, "target": "378.xyz", "model": "12.xyz", "model_rescale": 4.124412569039231, "target_rescale": 4.047648182194596},
{"mapping": [7, 0, 5, 3, 9, 10, 4, 1, 2, 8, 6, 12], "R": [[0.43830924035383195, -0.8685513976610121, 0.23130819147092319], [-0.5838551800345463, -0.4707847089320453, -0.6614188435345616], [0.6833726205865102, 0.1548555050906226, -0.7134575207928315]], "T": [0.05809348224425545, -0.08282887638967772, -0.03574840409745839], "aligned_model": [[-0.2555446835222225, -0.23118076816799574, -0.6956097460193758, 0.19395727158095818, 0.4160039990335085, -0.1797151866985394, -0.3952476474220201, 0.4618424538220055, 0.2177389629303802, 0.6722515434228036, 0.6732403767956618, 0.031408743788090415], [-0.48841051842257033, -0.032483406917158716, -0.15814606649878843, -0.5873479595876628, -0.532563819370203, 0.1375133300070292, 0.5577250277118772, 0.49380439528039644, 0.6942903523139322, 0.15769273173419462, -0.16512770100471652, -0.007587842132851047], [-0.3965978285622701, 0.4648044254281044, -0.03359349081357143, 0.44979757848510155, -0.31553370577420037, -0.6987009071875351, 0.01373666276809054, 0.3733299953099269, -0.37189500682389265, -0.3183352983677967, 0.21411959380308024, -0.12759039705670644]], "inverted": true, "swapped": false, "error_lsq": 0.047185244522022406, "error_max": 0.25826502370866583, "target": "378.xyz", "model": "13.xyz", "model_rescale": 3.9028299243045295, "target_rescale": 4.047648182194596},
{"mapping": [10, 12, 13, 14, 7, 4, 8, 2, 0, 3, 1, 15], "R": [[0.9203908051511043, -0.12158128586630773, 0.37161641072535717], [-0.2663368914613195, 0.5008845792536734, 0.8235164227339926], [-0.28626111513795144, -0.8569321030239012, 0.4286279794495581]], "T": [0.14497983336471632, 0.009986826654729643, -0.005744486342720859], "aligned_model": [[-0.16726276814847957, -0.2583330007242597, -0.5793070613803377, -0.13868517782733164, 0.4732841850003387, -0.026526878441431923, -0.2697790905664003, 0.4245797177340329, 0.14964853625758906, 0.5648134856880779, 0.5348752611697533, 0.20183811078170402], [-0.5224115036882466, 0.04262777306591054, -0.2821224963612116, -0.7927088451540802, -0.5910445929106434, 0.08322122899664552, 0.6460073350885718, 0.6410933837022532, 0.7047655545495712, 0.21466706410615594, 0.010522082395245415, -0.08525846067669321], [-0.4233677348541716, 0.5603947327875092, 0.1450268282465253, 0.23563586221070137, -0.5987077577428276, -0.6573466993544431, 0.13553575795450118, 0.2505330738689957, -0.457935963178422, -0.41870350369408654, 0.5140439558343111, -0.03156693087026207]], "inverted": true, "swapped": false, "error_lsq": 0.04595954583163903, "error_max": 0.26090739206064867, "target": "378.xyz", "model": "14.xyz", "model_rescale": 3.942246331269136, "target_rescale": 4.047648182194596},
{"mapping": [4, 12, 13, 3, 10, 6, 8, 0, 7, 9, 5, 14], "R": [[-0.33253745325040335, -0.2686635113503677, 0.9040125883275225], [0.8178717390776387, -0.5594380687858557, 0.1345914767408063], [0.4695792378330357, 0.784123054668107, 0.4057664039002026]], "T": [0.07500188697331527, -0.043227600407282935, -0.06925154195057542], "aligned_model": [[-0.12820007045634474, -0.36327497391350355, -0.6876916098251967, 0.1724273861391668, 0.22014159566605707, 0.04046006309049725, -0.3339464990768936, 0.17148652216512333, 0.4064881412896456, 0.6992961009349323, 0.6217473674991902, 0.09021129603058056], [-0.5824676270788647, -0.12707561490595787, -0.2786980923822988, -0.576611918436369, -0.4664136155098222, 0.25858576082284745, 0.6051175044448257, 0.5838800640387287, 0.705044058643777, 0.07555438189666941, -0.14325424211420662, 0.01569786369415027], [-0.1769229636677192, 0.6155543881044836, 0.08496299645491484, 0.40250832481807824, -0.6249930084845936, -0.5388310844396409, -0.1753211834557148, 0.30242597315254405, -0.3166093709945388, -0.5635286719357202, 0.23708750006411594, 0.00720872159212102]], "inverted": true, "swapped": false, "error_lsq": 0.06232919333206143, "error_max": 0.32360010870487477, "target": "378.xyz", "model": "15.xyz", "model_rescale": 4.355366556412066, "target_rescale": 4.047648182194596},
{"mapping": [8, 0, 1, 2, 6, 10, 9, 5, 7, 3, 4, 11], "R": [[0.8881588707796744, -0.2979905557955787, 0.34982202462397427], [0.2756509216715997, -0.2636161719638744, -0.9244041774357746], [0.3676824576138654, 0.9174465338839947, -0.15199167025621158]], "T": [0.029622220386659306, 0.03868614889018866, -0.0665756085124409], "aligned_model": [[-0.29135759844455783, -0.025073748652679057, -0.4857939853965616, -0.10654982513471654, 0.541032758597979, -0.13752940445724493, -0.43762518668768213, 0.2652942604931855, 0.21235642294747809, 0.6164468907164495, 0.622781927834693, 0.1351628077269116], [-0.5856503000274111, 0.04024965411135427, -0.08000999703391226, -0.6829258288634428, -0.460135849589778, -0.02989213586473269, 0.6116512455590152, 0.5232143291001464, 0.7901933449436224, 0.26547889737922403, -0.2916548858185194, -0.03115995078208743], [-0.37351545647769313, 0.6411813872203574, 0.055303935150966946, 0.3352436659456407, -0.47367736267025695, -0.6703911033131335, -0.008762428236662831, 0.28761503790760934, -0.5163602961954751, -0.25424250587112196, 0.2986176189500718, -0.06747087120197227]], "inverted": true, "swapped": false, "error_lsq": 0.04086959910727391, "error_max": 0.22908738033097426, "target": "378.xyz", "model": "16.xyz", "model_rescale": 3.795458400668931, "target_rescale": 4.047648182194596},
{"mapping": [5, 11, 9, 10, 1, 6, 8, 7, 3, 0, 4, 12], "R": [[-0.7797307156674963, 0.3554430787805156, 0.5154417802154596], [0.20675741733263905, 0.9232301467664986, -0.32387878362042544], [-0.5909918623996366, -0.1459668244791863, -0.7933613960414708]], "T": [0.17359578250404012, 0.025959354056812347, -0.0017909245910509228], "aligned_model": [[-0.15972188085949218, -0.23225061964287397, -0.6547507669653077, -0.02342874078713858, 0.43691770239785216, -0.1492201580784231, -0.3441569191214649, 0.4902982625762727, 0.21453268576621287, 0.5976967483293802, 0.5505534383462887, 0.1826755675819487], [-0.5130726882783763, 0.19741096733359012, -0.30640955949199106, -0.6107067361812113, -0.4494275394174169, 0.1516549579334804, 0.4600720369460048, 0.558824838345276, 0.7017415640243172, 0.11750222862611609, -0.1240269228941866, -0.11420462383212338], [-0.4500323736457521, 0.6773507479576194, -0.038105912175068056, 0.3060098061017769, -0.6494524720448109, -0.5826233743557981, 0.03234250226550609, 0.2150698471406622, -0.44227305965744623, -0.4052369065637448, 0.4991110925865294, 0.09138172359885713]], "inverted": true, "swapped": false, "error_lsq": 0.039957478637750864, "error_max": 0.21680188607178386, "target": "378.xyz", "model": "17.xyz", "model_rescale": 3.7474275329858107, "target_rescale": 4.047648182194596},
{"mapping": [8, 1, 3, 0, 4, 5, 11, 7, 12, 9, 2, 13], "R": [[-0.8107638660710463, -0.0831235316918265, -0.5794414827681984], [0.3580178462359621, -0.8535589835218955, -0.3784974021385502], [-0.46312544224010566, -0.5143224087361412, 0.721794489187719]], "T": [0.051937701728891464, 0.039417561125395524, -0.07005452472604486], "aligned_model": [[-0.3209234655231515, -0.1653319669855623, -0.5907049756222077, 0.14964772541562243, 0.3708114669751288, 0.07330643090808416, -0.40999050577143603, 0.2913628864485215, 0.22088259239220698, 0.656650878350725, 0.5212646792106985, 0.11216957374462481], [-0.4955356237306847, -0.006556382692369404, -0.10391194233896472, -0.7240736831966708, -0.5585751618717724, 0.07386389889967807, 0.5527897576350849, 0.6706073867181793, 0.6494957426708116, 0.16477603518977563, -0.12637225396252263, -0.027149250207065705], [-0.3727987917014581, 0.5850780606001844, 0.09443323771513286, 0.2565587969489144, -0.5495855947316551, -0.792257241348947, 0.14162443212230502, 0.26415239774328286, -0.46817405405674517, -0.3276033411788804, 0.4359876170275721, -0.013873897931375126]], "inverted": true, "swapped": false, "error_lsq": 0.041770070394683924, "error_max": 0.28766281480673705, "target": "378.xyz", "model": "18.xyz", "model_rescale": 3.922800546911778, "target_rescale": 4.047648182194596},
{"mapping": [6, 2, 1, 10, 4, 8, 5, 3, 12, 13, 9, 14], "R": [[-0.6285625226227203, -0.21332942740979383, -0.7479302845554336], [0.5719445275439996, -0.7784542557800785, -0.25862797426101314], [-0.5270565553777256, -0.590338485158213, 0.611319769330645]], "T": [0.08540689429272078, 0.05379302404944066, -0.08602447015349984], "aligned_model": [[-0.25315297971213757, -0.028863976207085335, -0.6152726839049084, 0.2581555834107865, 0.32136742788973877, -0.1566049710363362, -0.3739422192887255, 0.21071955986223093, 0.328091821302806, 0.5772737263507943, 0.47549300624585467, 0.16588102463023668], [-0.5040270281795557, -0.1849322139093575, -0.12177628187190959, -0.6813627560904518, -0.5315441742874566, 0.07474697045309403, 0.646653771887617, 0.5299378230357584, 0.771507717328123, 0.08497955087271597, -0.10331324861276078, 0.08848839248766219], [-0.3095905072838427, 0.5796191219470461, 0.07585996841591125, 0.19735604540500157, -0.4403832289275529, -0.6476131480946439, -0.22761629799117197, 0.3223039636240764, -0.2972203266955017, -0.5644679536351347, 0.6110362375803824, -0.04574225313623914]], "inverted": true, "swapped": false, "error_lsq": 0.05833436984050657, "error_max": 0.2994973939305575, "target": "378.xyz", "model": "19.xyz", "model_rescale": 3.9282355846067225, "target_rescale": 4.047648182194596},
{"mapping": [5, 4, 6, 3, 2, 7, 8, 11, 12, 10, 0, 13], "R": [[-0.08396451612867485, -0.8468249618528684, 0.5252022886604413], [0.025961984649457648, 0.525025477644746, 0.8506904391004799], [-0.9961304811039258, 0.08506310485042412, -0.022098253525265843]], "T": [-0.007937421648866252, 0.05010076271749682, -0.08518253877618297], "aligned_model": [[-0.1804103885738524, -0.09696698419284765, -0.6052189014559889, -0.06623694931115091, 0.42251046514394786, -0.17206538819680095, -0.47651044007793014, 0.42192976990529285, 0.20850425759701657, 0.8041051638125449, 0.5195490610988566, 0.1299556537941675], [-0.5979523895386252, 0.10109275894270274, -0.2136385411940928, -0.5392801137047969, -0.39254491503978506, 0.08362477603111276, 0.5466609152122165, 0.4195685093241646, 0.6513807098522126, 0.20045325741196185, -0.1603838162297826, -0.029622627953809294], [-0.28004233396130523, 0.5383889473054112, -0.108430495862945, 0.37913030481485976, -0.6306141395092857, -0.6852124776190803, 0.2502111410731585, 0.35307646360561107, -0.6459050815069537, -0.33057063084212396, 0.4784230331805368, -0.0649131094695529]], "inverted": false, "swapped": false, "error_lsq": 0.04403038422456434, "error_max": 0.2771146659821312, "target": "378.xyz", "model": "20.xyz", "model_rescale": 4.067790424073018, "target_rescale": 4.047648182194596},
{"mapping": [13, 8, 5, 1, 10, 11, 2, 0, 3, 12, 7, 14], "R": [[0.9820066282718062, 0.11377042538687702, -0.15072913566237806], [0.006138349133575721, -0.8169652780436872, -0.576654190256964], [-0.1887466627523593, 0.5653530089937522, -0.8029636806989202]], "T": [-0.036523628684878864, 0.05376122730540387, -0.05682200594948675], "aligned_model": [[-0.23548296708240812, -0.14186010074948371, -0.47236216267506653, 0.15393742403976685, 0.3143175675598685, 0.049022733618226885, -0.25430031999440744, 0.2972711799118639, 0.15364950652526188, 0.6260958219515113, 0.4090278108446954, 0.00982882559342605], [-0.5054813368435916, -0.05211207613248169, -0.29280151339142396, -0.6734924475089422, -0.5688149406111632, 0.05947428983695994, 0.7493842420125717, 0.5347956248284813, 0.7511151894815417, 0.1716619337479951, -0.10950529660009325, 0.005134854293625389], [-0.42801796657631197, 0.49350786603384067, 0.1391503388032181, 0.2720119660529018, -0.45756655265417423, -0.6976663199543502, 0.09285720326447719, 0.3452289406660294, -0.5054606653764326, -0.4229486970775084, 0.5189313389072547, -0.0964858308806136]], "inverted": false, "swapped": false, "error_lsq": 0.047181593330522686, "error_max": 0.22866721227237943, "target": "378.xyz", "model": "21.xyz", "model_rescale": 4.186013935880536, "target_rescale": 4.047648182194596},
{"mapping": [6, 9, 7, 4, 3, 0, 1, 8, 2, 5, 11, 12], "R": [[0.9329370450990954, 0.15306689494334846, 0.3258818736201362], [0.1493966021781878, 0.6589487415321926, -0.7372022865474251], [-0.3275807154570928, 0.7364489674821612, 0.5918900177863096]], "T": [0.04244660529911383, 0.00936276151121141, 0.018585339489046462], "aligned_model": [[-0.09521426545040775, -0.10109160880018063, -0.6376637853058418, -0.012118591841477247, 0.5497141617162675, -0.22466632679842546, -0.5466498299984247, 0.4900371111692511, 0.3014951808355923, 0.5708162577101472, 0.5491817754502154, 0.06530524085653869], [-0.38281359193532727, 0.29729995406196746, -0.26042305102059116, -0.6890118616894122, -0.6081271072124391, 0.2041251721139089, 0.4206657747968581, 0.512814251963497, 0.6518305585479064, 0.1421675766631165, -0.18929434626956645, -0.029874806906439476], [-0.35168488815429727, 0.549565296245896, 0.0732590244625618, 0.21070944963366373, -0.44371817873984004, -0.6236815255513766, -0.11895904285434832, 0.384464372121285, -0.24566486041310853, -0.5307116362885087, 0.33908619685446734, 0.010877413891936215]], "inverted": false, "swapped": false, "error_lsq": 0.051738969399493885, "error_max": 0.2969668672364612, "target": "378.xyz", "model": "22.xyz", "model_rescale": 4.166573947596378, "target_rescale": 4.047648182194596},
{"mapping": [2, 7, 1, 4, 3, 12, 13, 10, 14, 9, 8, 15], "R": [[0.1925769305498249, -0.806886998346384, 0.5584330736261695], [0.029327466760370124, 0.5735637085263767, 0.818635799336243], [-0.9808435275381225, -0.14127294206971322, 0.13411909008616246]], "T": [0.054971436004885486, -0.03377726245410586, -0.141426315782051], "aligned_model": [[-0.24030152591728485, -0.06423189646287156, -0.535557258962244, 0.12344268211304085, 0.3746609868332134, -0.08394481162610953, -0.2723525963299906, 0.1980128329214996, 0.1837726564878655, 0.6287775831265189, 0.6044005036018868, -0.007533836242269686], [-0.582337675772103, 0.22680716987445235, -0.3751446773974805, -0.689599954160942, -0.5087221539433882, 0.22061778940077661, 0.7128861260939272, 0.5989802451106726, 0.7055917797401096, 0.08798154961487323, -0.27856581130061414, -0.04913586414680499], [-0.39579728520896584, 0.5137652339244454, 0.06555969655317498, 0.18270606282797075, -0.3248727470787113, -0.7291054705638867, 0.08697224146766261, 0.2328707968071751, -0.3918687807658261, -0.2693734278677543, 0.39920794714834884, -0.1165226460353025]], "inverted": false, "swapped": false, "error_lsq": 0.04704965588581986, "error_max": 0.25961292633448235, "target": "378.xyz", "model": "23.xyz", "model_rescale": 4.274766983524099, "target_rescale": 4.047648182194596},
{"mapping": [10, 0, 4, 9, 5, 8, 7, 6, 1, 2, 11], "R": [[0.3387028619127986, 0.33119957246241133, -0.8806742953741726], [0.5834161508295053, 0.6604092182468881, 0.47274227588170925], [0.7381774625951159, -0.6739187693299913, 0.030455312531417155]], "T": [0.07807789188436354, 0.13012662489092178, 0.03967108364237695], "aligned_model": [[0.31976901638400546, 0.03262228348738033, -0.41042618548900467, -0.4800379398439374, -0.43948925280733664, -0.6799075070450815, 0.056384118367404756, 0.005288263058359527, 0.6101779320267585, 0.3665498602495575, -0.001035884430031192], [-0.2317500490485281, 0.6997341538218693, 0.465288713154134, -0.1699555876226065, 0.4020189852505549, -0.22471818696701648, -0.5890680471588178, -0.061822275844326174, -0.1363708709723436, 0.6639347070808712, 0.09829498954969254], [-0.5290214825576761, -0.15805770514862327, -0.6310572638758274, -0.33257189701468504, 0.2326156591755838, 0.39199857666832194, 0.12926346361355434, 0.7959157845991452, 0.1832315736910398, 0.35091206776153183, -0.053662342890787945]], "inverted": true, "swapped": true, "error_lsq": 0.04126250211760298, "error_max": 0.21187585966666453, "target": "378.xyz", "model": "24.xyz", "model_rescale": 3.7841303162186577, "target_rescale": 4.047648182194596},
{"mapping": [13, 6, 3, 11, 14, 12, 4, 1, 2, 9, 7, 15], "R": [[0.3117992519452398, -0.5939672268320488, 0.7416091692635915], [0.4669610883999913, 0.7755474672334567, 0.4248216896393898], [-0.8274832737927, 0.2138435398070656, 0.5191747028468352]], "T": [0.2541000014013404, 0.04995082378226557, -0.007836683122200983], "aligned_model": [[-0.14561651190503677, -0.23364035000637723, -0.5402966901954944, 0.02486746041900023, 0.44589705883590786, -0.05713510325191512, -0.27493842644425576, 0.34326727822098557, 0.1452523326405281, 0.5146141284326107, 0.48792099553738966, 0.19895314725991162], [-0.5447454047502761, 0.012088091470712783, -0.08360545469806288, -0.6228727392279131, -0.4107919507283698, -0.03896699179112794, 0.5558748279141993, 0.6709002271573311, 0.6294999584817277, 0.08785488918620103, -0.2270292566066096, 0.04115232670566648], [-0.32178429344979087, 0.5238608016881081, 0.002088259781377222, 0.2823158015746456, -0.6244637558381535, -0.6936925266733578, 0.13660564711421622, 0.39154712851257567, -0.4780153868101318, -0.5301741027745872, 0.5319923063450757, 0.033261741738353376]], "inverted": true, "swapped": false, "error_lsq": 0.046021453499755983, "error_max": 0.23284253730208543, "target": "378.xyz", "model": "25.xyz", "model_rescale": 4.19342608120988, "target_rescale": 4.047648182194596},
{"mapping": [8, 0, 1, 2, 6, 10, 9, 5, 7, 3, 4, 11], "R": [[0.8881588707796744, -0.2979905557955787, 0.34982202462397427], [0.2756509216715997, -0.2636161719638744, -0.9244041774357746], [0.3676824576138654, 0.9174465338839947, -0.15199167025621158]], "T": [0.029622220386659306, 0.03868614889018866, -0.0665756085124409], "aligned_model": [[-0.29135759844455783, -0.025073748652679057, -0.4857939853965616, -0.10654982513471654, 0.541032758597979, -0.13752940445724493, -0.43762518668768213, 0.2652942604931855, 0.21235642294747809, 0.6164468907164495, 0.622781927834693, 0.1351628077269116], [-0.5856503000274111, 0.04024965411135427, -0.08000999703391226, -0.6829258288634428, -0.460135849589778, -0.02989213586473269, 0.6116512455590152, 0.5232143291001464, 0.7901933449436224, 0.26547889737922403, -0.2916548858185194, -0.03115995078208743], [-0.37351545647769313, 0.6411813872203574, 0.055303935150966946, 0.3352436659456407, -0.47367736267025695, -0.6703911033131335, -0.008762428236662831, 0.28761503790760934, -0.5163602961954751, -0.25424250587112196, 0.2986176189500718, -0.06747087120197227]], "inverted": true, "swapped": false, "error_lsq": 0.04086959910727391, "error_max": 0.22908738033097426, "target": "378.xyz", "model": "26.xyz", "model_rescale": 3.795458400668931, "target_rescale": 4.047648182194596},
{"mapping": [1, 7, 0, 6, 8, 9, 3, 10, 4, 11, 5, 12], "R": [[-0.4362075355359376, 0.6069610937306371, 0.6643201160878484], [-0.2363014071188715, 0.6350847341591055, -0.7354107868611255], [-0.8682652998567345, -0.47777150515216693, -0.1336029862290806]], "T": [0.04516114040489662, -0.020477313879300352, -0.22890469877652375], "aligned_model": [[-0.14394157870443908, -0.07404232990190625, -0.7015536634063014, 0.08948482024282269, 0.5628742930486149, -0.14975194987629142, -0.44434306499915294, 0.4114869433813539, 0.2639394379732607, 0.6449744175862159, 0.42698923042387504, 0.023028763775202524], [-0.5501396397693117, 0.2002920118315258, -0.13397562544039304, -0.7245545356758636, -0.5321250693778619, 0.13693494591453742, 0.4793916773554194, 0.43424598773063033, 0.779387558932142, 0.2301967880585905, -0.23749838446315422, -0.01279719198278255], [-0.41343424304916376, 0.5439209841050807, 0.11867022427590107, 0.1994615426906633, -0.25958654974999795, -0.5776231494197941, 0.006877368695942632, 0.17940713494355065, -0.33480759954892314, -0.527168204536065, 0.38262586666998866, -0.06480175386885223]], "inverted": false, "swapped": false, "error_lsq": 0.049710713353510676, "error_max": 0.32443253241400993, "target": "378.xyz", "model": "27.xyz", "model_rescale": 3.6321398670334006, "target_rescale": 4.047648182194596},
{"mapping": [0, 1, 3, 2, 10, 8, 7, 6, 12, 9, 13, 14], "R": [[0.31172448798009844, 0.11829543570897927, -0.9427799496616209], [0.947452741544615, 0.03632197643861254, 0.31782702302854293], [0.07184111728765497, -0.9923139140000083, -0.10075688536693544]], "T": [0.04655623586011104, -0.022561523589339577, -0.0735460761638593], "aligned_model": [[-0.18054850086602614, -0.19458651972949287, -0.635823800730587, 0.09385224881027729, 0.3113381270861614, -0.11979543136239823, -0.45594961106537424, 0.47478964659065503, 0.18967508197691405, 0.6847762298504525, 0.6755849880132606, 0.06583286096941227], [-0.5635289980606185, -0.1240076396184101, -0.09907770796578438, -0.6262205036653995, -0.3936467477541299, 0.14979117817871904, 0.5580977751256114, 0.5266013365222719, 0.7196160686455981, 0.05548725594299711, -0.09826065393183842, -0.035492840305538294], [-0.2861238838968506, 0.5419423909218966, -0.06561896110221913, 0.44298329053755503, -0.7035126939158873, -0.5314230081009305, -0.17942353658589033, 0.27133613002962664, -0.40850748936020764, -0.255633386278294, 0.44130322464569893, -0.013780455686166808]], "inverted": false, "swapped": false, "error_lsq": 0.04522259114894386, "error_max": 0.23628250546465093, "target": "378.xyz", "model": "28.xyz", "model_rescale": 4.156811204709835, "target_rescale": 4.047648182194596},
{"mapping": [8, 5, 6, 2, 4, 9, 7, 10, 3, 11], "R": [[0.8544733569295269, 0.5194865943160346, 0.002993430058267521], [0.03957062220010524, -0.059339810177728804, -0.9974532333832841], [-0.5179859536283611, 0.8524156645991435, -0.07126069456382397]], "T": [-0.008283610992176726, 0.0969667549902568, -0.03965015671636554], "aligned_model": [[-0.5562883592104013, 0.037616582127987123, 0.008822426873716819, 0.6614591499432847, -0.1381900987697507, -0.6218420684100641, -0.5993669375880495, -0.3621131523704172, 0.31044894871426987, -0.09762111719998756], [-0.3774184932319076, -0.47954054257797446, 0.1564425292617208, 0.10034308613302037, -0.5185752212511446, -0.2579302828683429, 0.4322326862829352, 0.4621527893129394, 0.3611495849706794, 0.03986419459427834], [-0.586679223616973, -0.25074568541379694, -0.8208151674705789, -0.16799083577729876, 0.5968078191956264, 0.15451875014417088, -0.29254469401965977, 0.46455652475296894, 0.6324709998916113, 0.029208239289029297]], "inverted": true, "swapped": true, "error_lsq": 0.05856146166679209, "error_max": 0.28240745484843655, "target": "378.xyz", "model": "29.xyz", "model_rescale": 4.117894457231895, "target_rescale": 4.047648182194596},
