[{"mapping": [6, 2, 7, 5, 4, 12, 1, 3, 11, 9, 0, 10, 13], "R": [[-0.2715882668904404, -0.9578460857645952, 0.09365195819036909], [0.6696493748334922, -0.25796579384792045, -0.6964361880240897], [0.6912376784236807, -0.1264299220511344, 0.7114815153871421]], "T": [0.05652418302992067, 0.12791009697338243, -0.10103372846332079], "aligned_model": [[0.05974385628506591, 0.6577115553848547, -0.26834143431951585, -0.28744248571262854, 0.03903957601105024, 0.02570201715231183, 0.32007322829855966, 0.4053043885585331, -0.6392361934151203, 0.11771042252386862, 0.7114322065185162, -0.6279470377198538, -0.045224650987087625], [-0.32633338512186705, -0.35024659427632443, -0.47512781817238325, 0.4733077254342781, -0.8197568604653198, 0.4608447452455319, 0.6413050542836307, 0.06830273081289337, 0.1751291850819745, -0.1621963312641965, 0.20669747347845183, 0.1791083868578355, 0.02588615572108341], [-0.716012408472446, -0.1356482823937998, 0.21865688140235354, -0.6796429830465325, -0.22361371421690437, 0.37153829995575416, -0.10444429577226663, -0.4857409365171348, -0.07365313076114133, 0.5689197595909247, 0.2993416761937786, 0.636737786112734, -0.025019568973618178]], "inverted": false, "swapped": false, "error_lsq": 0.05544025651987298, "error_max": 0.2892364054778626, "target": "379.xyz", "model": "0.xyz", "model_rescale": 3.8414455957264533, "target_rescale": 3.8863885953779365},
{"mapping": [2, 10, 4, 9, 5, 13, 8, 6, 7, 1, 12, 0, 14], "R": [[-0.6788608986826371, -0.35809803528798617, 0.6410254888556981], [-0.17448745910574187, -0.7693309682050463, -0.6145599954239686], [0.7132334869133841, -0.5290516595603595, 0.459785096171902]], "T": [0.012367475866190945, -0.006669959522123629, 0.0047884970735108875], "aligned_model": [[-0.2775986933023102, 0.6635751962632603, -0.3737458347990391, -0.20721200585253882, 0.26418384611056595, -0.056634286257108146, 0.5297003436555452, 0.31299198560718533, -0.5891713333771516, 0.06393853614216324, 0.6258029455750949, -0.540681500558966, 0.053376249371853715], [-0.40326158101092796, -0.21288716840187477, -0.38487956705597015, 0.4779014505465799, -0.5582090049966593, 0.7114587847539164, 0.5585366455275972, -0.1471014509240063, 0.15194028919798402, -0.41792666597362, 0.278919713311706, 0.0954201710513734, -0.05299114841051025], [-0.5458833054741189, -0.03745210031203048, 0.06554406426220682, -0.42239422699852336, -0.2535058737061859, 0.2379769704329959, -0.18811198248416786, -0.7022695444968203, -0.15629797694019662, 0.7642002683211138, 0.3575277876845166, 0.46220712854990725, 0.0698778742630041]], "inverted": true, "swapped": false, "error_lsq": 0.040817745340189435, "error_max": 0.26173411970597016, "target": "379.xyz", "model": "1.xyz", "model_rescale": 4.316132596720782, "target_rescale": 3.8863885953779365},
{"mapping": [4, 1, 7, 8, 0, 2, 3, 11, 6, 9, 5, 12], "R": [[0.8263296634759195, 0.4192308879157254, 0.3760648213768026], [-0.5492259851759715, 0.7476200875330058, 0.3733832105553548], [-0.1246198397818637, -0.5150821947364648, 0.8480331527706976]], "T": [0.008219872609484931, 0.02503121402731413, -0.010818574171041609], "aligned_model": [[-0.20513776334547457, 0.47194831204697296, 0.10994570425835035, -0.5546525154251482, -0.4905032590791289, -0.4079844619754343, -0.17372990992645762, -0.2535610979780672, 0.5322049870862088, 0.24733243166695384, 0.3624875300708755, -0.040541402767869994], [-0.6833425482152611, -0.5872627116782961, -0.6060272216007123, 0.4784336210411486, -0.278037445924299, -0.10826499599578394, 0.4329659482415679, 0.6352589105344215, 0.030798830777356814, 0.06900740929269349, 0.6237106150013072, 0.005536016266837196], [0.0385209377182225, 0.10533058638927875, -0.503533924566735, -0.08410325007952472, -0.4095284041565104, 0.353093441704279, -0.5812380364906802, 0.5167177750515695, -0.5034298520034899, 0.6170935921667932, -0.10468665795719352, 0.005022253433411873]], "inverted": false, "swapped": true, "error_lsq": 0.037690533744070345, "error_max": 0.292201397776456, "target": "379.xyz", "model": "2.xyz", "model_rescale": 3.795458400668931, "target_rescale": 3.8863885953779365},
{"mapping": [5, 9, 11, 4, 3, 0, 2, 6, 1, 7, 8, 12], "R": [[-0.7982132951850867, -0.17373737114716714, 0.5767762662043555], [0.6005888458895631, -0.15585873968041491, 0.7842200529559771], [-0.046352708473277326, 0.9723802646763788, 0.22875324540886233]], "T": [0.03461728241733915, -0.04298462307052993, 0.028873174867154534], "aligned_model": [[-0.03272981456904041, -0.29093307731072515, -0.777730503428234, 0.2622657460013073, 0.11390909349275245, 0.20664479754771636, -0.3568781502252644, 0.6357532535661659, 0.5156798977363106, 0.7517546214533858, -0.4433834501762004, 0.008951411655390817], [-0.14525942627295702, -0.6307959859286901, -0.11295907322193995, -0.02998093304510953, 0.5341856707621954, 0.5398043412961018, -0.005343535647528805, -0.09215364085252405, -0.5514911631225019, 0.11662194839771427, 0.4843463278401296, -0.021205484915180442], [-0.6623127976358011, 0.07219955551293782, -0.20435711702276, 0.7343916624782462, -0.40180314715413196, 0.38985580644898415, 0.43965335670390226, -0.3628888556120502, 0.3656793555777022, 0.3629257004105888, -0.11675333189744526, 0.07218124282892727]], "inverted": true, "swapped": true, "error_lsq": 0.05315076412711018, "error_max": 0.2917035636327763, "target": "379.xyz", "model": "3.xyz", "model_rescale": 3.7530521520055578, "target_rescale": 3.8863885953779365},
{"mapping": [0, 1, 6, 10, 3, 9, 8, 2, 11, 5, 12], "R": [[-0.3956503428703201, -0.9180564238139964, -0.025163642034771505], [-0.26990934651254367, 0.14242361938468678, -0.9522943123354972], [0.8778438077766282, -0.3699836690115145, -0.3041419632556619]], "T": [-0.12969909060696014, -0.08022423138405829, -0.056507397500120696], "aligned_model": [[-0.43473085866022165, -0.14634707167750052, 0.49771939743705995, 0.4239064246765186, 0.21993085155925415, -0.25067591677529644, -0.2820516895747215, -0.6759360574738958, -0.29076332008577777, 0.4592786299592606, -0.18213078693947482], [-0.7086753775628941, 0.19825002467569883, -0.2238004758542949, 0.3472868477459572, -0.617278410312529, 0.5809266504781366, -0.39010231575711174, -0.002354046244690003, 0.2917940113278962, 0.08535140994131646, -0.0941949601231396], [-0.16397683779835182, -0.7814994512056921, -0.37743019121888544, -0.44101934313524527, 0.2814667822424629, -0.016177145490233677, 0.5826592239952575, 0.08128699036312852, 0.6883835065718487, 0.28762014731975283, -0.04848290439872588]], "inverted": true, "swapped": true, "error_lsq": 0.05007745538865543, "error_max": 0.2396934853797634, "target": "379.xyz", "model": "4.xyz", "model_rescale": 3.7855080009869324, "target_rescale": 3.8863885953779365},
{"mapping": [10, 13, 7, 3, 8, 1, 14, 15, 5, 6, 12, 4, 16], "R": [[-0.5467615155010248, 0.2995990715785274, -0.7818518027582384], [-0.0681686713548959, 0.9147619076444093, 0.39820055822219735], [0.8345087641317681, 0.27101853927738184, -0.47973333629759707]], "T": [0.06125809140694284, 0.08476071413171647, -0.021557608933067268], "aligned_model": [[-0.2567104194875688, 0.6776686932081283, -0.47778488920322326, -0.3194997142390757, 0.2448918175059403, -0.018423966766027353, 0.5563973229733876, 0.5024564297029748, -0.7364218216686905, 0.04688795780182327, 0.5892366483605778, -0.4287123372268238, 0.0885397276171315], [-0.2724349427830384, -0.2479472333837267, -0.42219470303792395, 0.4824066167134017, -0.568585998274954, 0.595766386643189, 0.4182203440809079, -0.24255866816572014, 0.1273074868901075, -0.34381317727179894, 0.40324791477871846, 0.05116563443610301, 0.11634080699032265], [-0.5713498995620357, 0.16340463186910287, 0.09590873489857067, -0.4450169753413048, -0.2079083588376866, 0.5312786337788112, -0.3398958175898483, -0.6359875520047739, -0.15194078661638413, 0.47057548986682174, 0.2663135591809809, 0.5314352784986214, -0.0553978550391743]], "inverted": true, "swapped": false, "error_lsq": 0.04408735877370622, "error_max": 0.2588079699448561, "target": "379.xyz", "model": "5.xyz", "model_rescale": 4.2253639853439635, "target_rescale": 3.8863885953779365},
{"mapping": [2, 8, 6, 4, 5, 0, 1, 10, 3, 12, 9, 7, 13], "R": [[0.27299123053944413, -0.9135153430343759, 0.3016048840608302], [-0.3588896103015934, 0.1941723050193464, 0.9129596724834261], [-0.8925659839284324, -0.35747284372978694, -0.274843828982222]], "T": [0.09862300297905896, -0.02971555101256583, -0.017372647533847964], "aligned_model": [[-0.23026240369985784, 0.8094689426278416, -0.4015013944405735, -0.16128721726646594, 0.17724256724230797, -0.05828460349739362, 0.4759064493721215, 0.43154992590242064, -0.5938675994618281, -0.04382686255005622, 0.5156171248329741, -0.4913456978029615, 0.039116217320025265], [-0.2476400208549821, -0.22911184392762068, -0.42090949400640554, 0.4212709144216758, -0.5881094653104583, 0.6541333217228836, 0.5225828051939444, -0.16177419356832, 0.11582048629262588, -0.25448804704332106, 0.23088002793408224, 0.07418863700315738, -0.01992266024167353], [-0.5600649422596694, -0.045728318135403664, 0.08539336919197099, -0.49692368508207213, -0.30504688524174534, 0.3709485746712811, -0.3195803720672002, -0.7103608532835942, -0.06517955158442701, 0.877350284612117, 0.3442933227455338, 0.5027543252692166, -0.026436185734306242]], "inverted": true, "swapped": false, "error_lsq": 0.04052521522153549, "error_max": 0.28343243125514034, "target": "379.xyz", "model": "6.xyz", "model_rescale": 3.89814844738969, "target_rescale": 3.8863885953779365},
{"mapping": [10, 7, 2, 9, 4, 6, 8, 11, 5, 0, 3, 1, 12], "R": [[0.08763192526930325, -0.8402758359784248, 0.5350300600380831], [-0.9960208505466308, -0.06516384138365766, 0.06079588022631188], [-0.01622069511339791, -0.53822875549982, -0.8426426857234053]], "T": [0.12044380043478731, -0.05108279085201473, -0.013753534307093519], "aligned_model": [[-0.3813823391955148, 0.7220810587996707, -0.38791977873061734, -0.27737515227264836, 0.19232725759447272, 0.0026221102028525234, 0.48941330780153725, 0.48318257598026493, -0.5702682183637504, 0.10168947974567272, 0.5975283338355263, -0.5271085511308171, 0.0237353643119054], [-0.2476733545193742, -0.2666018817931258, -0.5409166115762907, 0.5239896359081642, -0.6652397091621239, 0.5575968692810104, 0.4605438464218695, -0.057047698220618025, 0.30295422419817614, -0.1358941260256778, 0.3521486303504853, -0.03743636742173176, -0.14950298982517496], [-0.5121773889858445, 0.1374377694542661, 0.04261262552097762, -0.569611127474203, -0.19579703642369045, 0.2564370866978064, -0.25826623127821025, -0.7374422587037512, -0.0014530023499986118, 0.5723059339637121, 0.4982784037736501, 0.5296490228669208, -0.11055471395993391]], "inverted": false, "swapped": false, "error_lsq": 0.04310816420515246, "error_max": 0.23471389751171703, "target": "379.xyz", "model": "7.xyz", "model_rescale": 3.7474275329858107, "target_rescale": 3.8863885953779365},
{"mapping": [8, 7, 3, 4, 5, 12, 11, 9, 2, 0, 10, 1, 14], "R": [[-0.621399223281825, 0.27467651594100295, 0.7337682310479631], [0.5553173297410444, 0.8150726075620738, 0.16516448677375556], [-0.5527075796422746, 0.5101072985093176, -0.6590181146322954]], "T": [0.0446283348477, 0.08769176873298935, 0.01661079266978087], "aligned_model": [[-0.24341100244280478, 0.6560386738860448, -0.23654675727946578, -0.45405126121291933, 0.23859004276408813, 0.17889296811255878, 0.5626094537693886, 0.46983929060840424, -0.7887511437025311, -0.04605479654791235, 0.6404784918522387, -0.5045658418637522, -0.004542669364783286], [-0.18833864932757105, -0.19957801441583645, -0.5683163256524243, 0.32554065676582, -0.5359562512432822, 0.650143921871886, 0.37377900558190447, -0.025155684742053847, 0.005702677793716346, -0.19450191024432906, 0.10102315829448266, 0.23297499935797245, 0.11960288357530312], [-0.5366078479553194, -0.07017112324972478, 0.08537477054126806, -0.5374401190521381, -0.27743591631319947, 0.2316996173051576, -0.17399248364690584, -0.6053229139530916, -0.06909760568267327, 0.6051314251479413, 0.4857037729394591, 0.508627417607649, 0.004950089413278317]], "inverted": false, "swapped": false, "error_lsq": 0.050716432849663616, "error_max": 0.2836429274313099, "target": "379.xyz", "model": "8.xyz", "model_rescale": 4.019505241142653, "target_rescale": 3.8863885953779365},
{"mapping": [9, 4, 11, 1, 8, 2, 0, 7, 10, 5, 3, 6, 12], "R": [[0.2264100952383319, -0.9421133474622214, -0.247307317537709], [-0.5552586591874635, 0.08376687380928038, -0.8274484468832849], [0.8002663870059206, 0.324662211206891, -0.5041509282375095]], "T": [-0.03404321840808174, 0.038392922996295605, -0.016250444027121207], "aligned_model": [[-0.31588153788343715, 0.7727469297967648, -0.2738592159536934, -0.27329577090274215, 0.15145202132354663, 0.06457041932764171, 0.48174057840849277, 0.5799869501180922, -0.9114735185053227, 0.1644317353700356, 0.5896938786036077, -0.5341781442567408, -0.027408876867691105], [-0.3260474298475755, -0.15064749107211278, -0.5211683948462431, 0.47508302695851334, -0.5456426498137503, 0.5349953803184121, 0.3480185202775903, -0.14390176577425612, 0.26202194934843426, -0.24110834018180494, 0.2795573925479421, 0.11653005855853646, 0.009230211141902409], [-0.5213152441516051, 0.014539974150734967, 0.11270281451454568, -0.4727208936696076, -0.3002062453685432, 0.28974549066943833, -0.2627157408150664, -0.6560313351620957, -0.15147575697498858, 0.5608210036694163, 0.5234277380212827, 0.5051145739395444, 0.009532704278645169]], "inverted": false, "swapped": false, "error_lsq": 0.04171971387755021, "error_max": 0.2440088504977387, "target": "379.xyz", "model": "9.xyz", "model_rescale": 3.877068213659057, "target_rescale": 3.8863885953779365},
{"mapping": [12, 1, 3, 10, 5, 9, 8, 0, 6, 4, 7, 13, 15], "R": [[0.585105940437519, 0.11754419184742076, 0.8023929220946948], [0.5398600025904988, -0.7947900898929565, -0.2772361639666307], [0.605146441836778, 0.5953923714416256, -0.5284938107124852]], "T": [-0.05547916837550917, 0.09983757963579644, 0.017380368136335006], "aligned_model": [[-0.21990927961418394, 0.6899032644965097, -0.2832796608942992, -0.4534927415555113, 0.20589051263552718, 0.02599275017712139, 0.5779366971606985, 0.3968069993328289, -0.6297122063440795, 0.1487054944688855, 0.6345726821786729, -0.6164611387192201, -0.00842792474439586], [-0.25172414066013243, -0.34310969694923665, -0.47710151878765517, 0.5532582849392275, -0.6054543911107962, 0.7526033787662201, 0.5187985886168626, -0.08486775491725305, -0.05177119665765796, -0.2609786331327524, 0.10868459265541412, 0.16087229765135191, 0.07771065720199587], [-0.6210257025225631, -0.0159265250710304, 0.15158005161866092, -0.3557223509994336, -0.1953273376270109, 0.07127324217943928, -0.11892425412087812, -0.6111792531575729, -0.14867917594660962, 0.5523672500385486, 0.45331240793633376, 0.5457859775972115, -0.0561152468233945]], "inverted": true, "swapped": false, "error_lsq": 0.04132581047820897, "error_max": 0.24947435007978652, "target": "379.xyz", "model": "10.xyz", "model_rescale": 4.260839863003843, "target_rescale": 3.8863885953779365},
{"mapping": [11, 9, 10, 5, 6, 3, 8, 2, 1, 7, 0, 12], "R": [[-0.4514752343240714, -0.859094205665087, 0.24109595306578294], [-0.6010716519448723, 0.0931197884643502, -0.7937515821871584], [0.659456580845386, -0.5032751243495233, -0.5584184516925322]], "T": [0.0604230174211849, 0.018767278496461565, -0.025745539865616403], "aligned_model": [[0.41392096392227035, 0.33496063271060356, -0.4317362866501511, -0.4153989258683698, -0.6244393183239997, -0.34792808205739784, 0.2325987250728787, 0.6243315085200859, 0.030446014832609544, -0.15940452057551385, 0.19272104219864722, 0.10882689531246781], [-0.061096245823222456, -0.5632395175220218, -0.5981023746287485, -0.1265699259691012, -0.05852735846408855, 0.5671131450435757, 0.5386046433225792, 0.08454507936662431, -0.4702256094465943, 0.19500185530171774, 0.6221881853050416, 0.04338662904717199], [-0.7924676128490457, -0.223936350610216, 0.09402622699330115, -0.5209267094487615, 0.17979924070218334, -0.2654558315338786, -0.5031283542253681, -0.059007794922703825, 0.5771025996810666, 0.7305404761323513, 0.31765705930844235, -0.018024871831866476]], "inverted": false, "swapped": true, "error_lsq": 0.04726020545815476, "error_max": 0.29740508213202, "target": "379.xyz", "model": "11.xyz", "model_rescale": 3.890672605050136, "target_rescale": 3.8863885953779365},
{"mapping": [4, 11, 0, 7, 2, 5, 12, 10, 3, 6, 9, 8, 13], "R": [[0.6062385221518078, -0.7719064871396643, -0.1914033159871978], [0.35887617720647846, 0.48030304450195715, -0.8003229815991886], [0.709706096699793, 0.4164965312626915, 0.568197057149445]], "T": [0.06158556855936636, -0.10079323302282911, 0.11213275649536006], "aligned_model": [[-0.16736977766932695, 0.5347851704388659, -0.43194675641403846, -0.30193434874646496, 0.29660002868737795, 0.1306984489904049, 0.29169507326353805, 0.6075328969552292, -0.8070338915738232, 0.13014991202764178, 0.6667706697803312, -0.49165022860178353, 0.010228251440602722], [-0.2919621135362097, -0.3780673972655668, -0.42501464864866473, 0.5810489658264162, -0.5652633510198068, 0.6634351996680818, 0.4217309068196023, -0.09373273975999535, -0.020961205301589875, -0.2480667792627805, 0.2947795809731601, 0.1707073890947951, -0.011713339971852949], [-0.5219736638961238, 0.06782318055712194, 0.11120668784761514, -0.2482956772703306, -0.37222232677031675, 0.23921735139331832, -0.36656368789481997, -0.595985996606736, -0.19149569544858483, 0.6650050539784501, 0.40039228905042756, 0.4855073817276363, -0.02119581356595665]], "inverted": true, "swapped": false, "error_lsq": 0.04332288309257353, "error_max": 0.2546540853561071, "target": "379.xyz", "model": "12.xyz", "model_rescale": 4.124412569039231, "target_rescale": 3.8863885953779365},
{"mapping": [8, 10, 9, 1, 11, 0, 4, 2, 6, 7, 5, 3, 12], "R": [[0.9171710774901269, -0.3822707417365907, 0.11254463393585934], [-0.23231313087541935, -0.28345615582268935, 0.9304209890953039], [-0.32377125233482373, -0.879500817360837, -0.3487843007120014]], "T": [-0.020383127478278272, 0.06472738172364066, 0.0971060390313632], "aligned_model": [[-0.2460649252560248, 0.5781468782665946, -0.34945440832119024, -0.2786573404514733, 0.2623877372667416, -0.022778695557510685, 0.575486912824644, 0.35620906959834225, -0.6450716854596169, 0.21944725494585163, 0.519041728096137, -0.577169579701926, 0.07700250232798522], [-0.31767103999143664, -0.3478790426268541, -0.46214617254307055, 0.4736942874691903, -0.6967211093897916, 0.6198939952841176, 0.49245207905579247, -0.014811515474076234, 0.0315307884544794, -0.2756156620346191, 0.31153171100192306, 0.2618603695106149, 0.020801778899319057], [-0.46657409554858165, -0.02988783131383424, 0.2479623346877276, -0.5578021986834485, -0.47803715598091, 0.26607848008432095, -0.1862078048080081, -0.6737683959984254, -0.14011749796822998, 0.5658550920946231, 0.5681201867066011, 0.49695702066366, 0.038840949166206215]], "inverted": false, "swapped": false, "error_lsq": 0.04895321602999392, "error_max": 0.3051772847034586, "target": "379.xyz", "model": "13.xyz", "model_rescale": 3.9028299243045295, "target_rescale": 3.8863885953779365},
{"mapping": [12, 10, 5, 1, 13, 6, 9, 14, 2, 4, 7, 0, 15], "R": [[-0.3253765679550982, 0.16773358097016958, 0.9305888108292971], [-0.8863878564766995, 0.28863632152620367, -0.36194701516446387], [-0.32931240018621233, -0.9426316988679864, 0.05476151360992915]], "T": [-0.09010871432592368, 0.024149940737307855, -0.01390607237863956], "aligned_model": [[-0.3074027314419049, 0.562319858781842, -0.14322805787398904, -0.2817634407290446, 0.14989448438215625, -0.006282575885250413, 0.521017315222286, 0.585335272192285, -0.7779886967322307, 0.07266176155702939, 0.6710735099687247, -0.5837679833154266, 0.006656732452076708], [-0.2917689378780945, -0.301693063335398, -0.48180405348785044, 0.4856324567216916, -0.6430286237069738, 0.6848422628190534, 0.4626585371943294, -0.15318759669786716, 0.2856753938002103, -0.24782619472948658, 0.30910273307078273, -0.09588636289123528, 0.08420391673642635], [-0.5946115581637085, 0.13944286220655372, 0.0434587663623863, -0.42923860063867614, -0.3743538210901441, 0.01554042665933228, -0.2012043460108223, -0.5573924766941208, 0.01008010615665227, 0.585174913632512, 0.38613327993107716, 0.641157452171976, -0.012767921421317004]], "inverted": false, "swapped": false, "error_lsq": 0.04085768088670323, "error_max": 0.26533709755748136, "target": "379.xyz", "model": "14.xyz", "model_rescale": 3.942246331269136, "target_rescale": 3.8863885953779365},
{"mapping": [5, 12, 2, 10, 1, 6, 4, 3, 9, 8, 13, 7, 14], "R": [[-0.14363560882194676, -0.795121587429161, 0.589194766679474], [0.6251205170504966, 0.38865396319475326, 0.6768843594407624], [-0.7671982475480953, 0.4655424342604468, 0.44122226922718794]], "T": [0.06102060713511569, 0.08341352177878096, -0.011822807075403395], "aligned_model": [[-0.19401480163227391, 0.7525462225212716, -0.4605763014659926, -0.13324629969701318, 0.30237394063155054, -0.24646131952368083, 0.3929969078677993, 0.4137240557495171, -0.7063233157495675, 0.07416105258868298, 0.8320518919776067, -0.6182369980109953, 0.05953041332164981], [-0.30931674537037085, -0.35079716829607643, -0.4736692966250718, 0.6879658369824976, -0.6387939755117454, 0.38750273636880594, 0.44586567448193565, -0.15227842620912085, 0.2821195997757111, 0.048959791081416335, 0.2679516432240798, -0.08801650434985524, -0.010572697936617456], [-0.4401911482596237, 0.02464166950472585, 0.0037758151866248996, -0.3370571581745221, -0.2889623658686792, 0.3428235007957445, -0.3313289097953618, -0.591993052339518, -0.15275365789020873, 0.7611462708456391, 0.1681390945396157, 0.47827959051283925, 0.014899434044425537]], "inverted": false, "swapped": false, "error_lsq": 0.053652624488861836, "error_max": 0.3459191040053875, "target": "379.xyz", "model": "15.xyz", "model_rescale": 4.355366556412066, "target_rescale": 3.8863885953779365},
{"mapping": [4, 1, 7, 8, 0, 2, 3, 11, 6, 9, 5, 12], "R": [[0.8263296634759195, 0.4192308879157254, 0.3760648213768026], [-0.5492259851759715, 0.7476200875330058, 0.3733832105553548], [-0.1246198397818637, -0.5150821947364648, 0.8480331527706976]], "T": [0.008219872609484931, 0.02503121402731413, -0.010818574171041609], "aligned_model": [[-0.20513776334547457, 0.47194831204697296, 0.10994570425835035, -0.5546525154251482, -0.4905032590791289, -0.4079844619754343, -0.17372990992645762, -0.2535610979780672, 0.5322049870862088, 0.24733243166695384, 0.3624875300708755, -0.040541402767869994], [-0.6833425482152611, -0.5872627116782961, -0.6060272216007123, 0.4784336210411486, -0.278037445924299, -0.10826499599578394, 0.4329659482415679, 0.6352589105344215, 0.030798830777356814, 0.06900740929269349, 0.6237106150013072, 0.005536016266837196], [0.0385209377182225, 0.10533058638927875, -0.503533924566735, -0.08410325007952472, -0.4095284041565104, 0.353093441704279, -0.5812380364906802, 0.5167177750515695, -0.5034298520034899, 0.6170935921667932, -0.10468665795719352, 0.005022253433411873]], "inverted": false, "swapped": true, "error_lsq": 0.037690533744070345, "error_max": 0.292201397776456, "target": "379.xyz", "model": "16.xyz", "model_rescale": 3.795458400668931, "target_rescale": 3.8863885953779365},
{"mapping": [10, 7, 2, 9, 4, 6, 8, 11, 5, 0, 3, 1, 12], "R": [[0.08763192526930325, -0.8402758359784248, 0.5350300600380831], [-0.9960208505466308, -0.06516384138365766, 0.06079588022631188], [-0.01622069511339791, -0.53822875549982, -0.8426426857234053]], "T": [0.12044380043478731, -0.05108279085201473, -0.013753534307093519], "aligned_model": [[-0.3813823391955148, 0.7220810587996707, -0.38791977873061734, -0.27737515227264836, 0.19232725759447272, 0.0026221102028525234, 0.48941330780153725, 0.48318257598026493, -0.5702682183637504, 0.10168947974567272, 0.5975283338355263, -0.5271085511308171, 0.0237353643119054], [-0.2476733545193742, -0.2666018817931258, -0.5409166115762907, 0.5239896359081642, -0.6652397091621239, 0.5575968692810104, 0.4605438464218695, -0.057047698220618025, 0.30295422419817614, -0.1358941260256778, 0.3521486303504853, -0.03743636742173176, -0.14950298982517496], [-0.5121773889858445, 0.1374377694542661, 0.04261262552097762, -0.569611127474203, -0.19579703642369045, 0.2564370866978064, -0.25826623127821025, -0.7374422587037512, -0.0014530023499986118, 0.5723059339637121, 0.4982784037736501, 0.5296490228669208, -0.11055471395993391]], "inverted": false, "swapped": false, "error_lsq": 0.04310816420515246, "error_max": 0.23471389751171703, "target": "379.xyz", "model": "17.xyz", "model_rescale": 3.7474275329858107, "target_rescale": 3.8863885953779365},
{"mapping": [10, 1, 8, 12, 3, 9, 7, 11, 5, 0, 2, 4, 13], "R": [[0.3742880576592964, 0.7067455802469735, -0.6003491773085059], [0.4088849859555952, 0.45529160165580684, 0.7908998835009287], [0.8322989355716632, -0.541498146130768, -0.11856744740112078]], "T": [0.06613530333568521, 0.027263273623854868, -0.026575795714928283], "aligned_model": [[-0.3228928100282412, 0.6874808212520618, -0.3623910330360608, -0.17003518211733729, 0.1818126529136808, -0.1447198965513857, 0.5465631445201669, 0.3891199862932687, -0.6258783207909994, 0.19962799396581973, 0.5236861369827133, -0.539241291641275, 0.10539324681614226], [-0.2343638902805548, -0.2739796699533716, -0.5264465509257643, 0.556153451386764, -0.6064699811460476, 0.6335831305303069, 0.5180214606456799, -0.10819841601737737, 0.1700104243391878, -0.3534846209842167, 0.25134761202217065, 0.03796314631653883, 0.032784371682272204], [-0.5331799060252332, 0.014665604841239785, 0.13659607824544168, -0.4995827776721734, -0.2400941647200101, 0.16221107262500123, -0.3360346351785424, -0.6582938396398947, -0.18136704758660033, 0.7057855447999277, 0.46765711266246934, 0.5414299375299638, 0.0716261032201112]], "inverted": false, "swapped": false, "error_lsq": 0.04095255761091995, "error_max": 0.22721245675655247, "target": "379.xyz", "model": "18.xyz", "model_rescale": 3.922800546911778, "target_rescale": 3.8863885953779365},
{"mapping": [11, 6, 13, 9, 4, 3, 2, 10, 7, 8, 1, 12, 14], "R": [[0.1027222113530758, 0.5810179772535291, 0.8073823489542932], [-0.0750805003175874, -0.8048317555245149, 0.5887348841128649], [0.9918725047942377, -0.12109481990384752, -0.03905097726894857]], "T": [0.08026579885165158, 0.031078689845405065, 0.1305505703989137], "aligned_model": [[-0.23963341452909315, 0.6629819348354904, -0.37440249869423853, -0.06697886527657418, 0.2117053581772343, -0.26646280754313006, 0.3787982637227813, 0.41353528970933023, -0.6478762287967843, 0.20525511409819677, 0.7568371262959674, -0.5647189176382945, -0.0005149057823315706], [-0.23486260056009073, -0.3300782808174687, -0.4828384000310205, 0.4865822166410758, -0.5835632858902033, 0.565823389274214, 0.5355885676823241, -0.07641814632938282, 0.19640148550223469, -0.39745652582983626, 0.2520987526216306, 0.10218962403805493, 0.06345367131405646], [-0.4475353541007625, 0.054555048696696154, 0.0992502387736198, -0.5279163853987598, -0.22834498961860666, 0.1851090117753924, -0.2811254106477475, -0.5960693604722266, -0.15350678273050294, 0.5490310287503081, 0.33398211826323954, 0.5750187864719485, 0.08897113333910275]], "inverted": true, "swapped": false, "error_lsq": 0.045212454032578946, "error_max": 0.27119680918761846, "target": "379.xyz", "model": "19.xyz", "model_rescale": 3.9282355846067225, "target_rescale": 3.8863885953779365},
{"mapping": [1, 6, 2, 11, 5, 9, 4, 3, 10, 7, 8, 12, 13], "R": [[-0.36528612975654834, 0.7095863249629648, -0.6025390367710923], [-0.5742276120694394, 0.33769026090064275, 0.7458069034474575], [0.7326859442793423, 0.618427469569722, 0.2841104924797377]], "T": [0.1080479481136061, 0.020203991789180142, 0.003990432529315139], "aligned_model": [[-0.16731703582950416, 0.6669037765917674, -0.4460948246550782, -0.13658526380561445, 0.2726041483278523, -0.051908775855204314, 0.4522069938184745, 0.451016249465544, -0.741820969866491, -0.013976758493678118, 0.5960333691862677, -0.41910451145603766, 0.006569051150256064], [-0.33852554929874484, -0.29548760352887776, -0.5849140794956744, 0.6368407526654258, -0.6365887562028767, 0.5640491526738043, 0.41145169262667364, -0.18713811289837173, 0.12165649668503209, -0.32891746655041626, 0.5396992839621981, 0.20504634620760787, -0.01025168923019204], [-0.5934943273394784, 0.12590447470080432, -0.06999684713827012, -0.2667065716803581, -0.16699113198769175, 0.4003124135968909, -0.35356744081247204, -0.6329845002844177, -0.09431806401681916, 0.5053106442541789, 0.2697279898274759, 0.6448788265967167, -0.11665638261485849]], "inverted": false, "swapped": false, "error_lsq": 0.048803574099355915, "error_max": 0.24897484354214733, "target": "379.xyz", "model": "20.xyz", "model_rescale": 4.067790424073018, "target_rescale": 3.8863885953779365},
{"mapping": [5, 2, 8, 10, 4, 12, 11, 6, 1, 0, 3, 7, 14], "R": [[0.1605287535307387, 0.9867354147987443, 0.024160721674185426], [-0.7513344772946536, 0.13803323926668443, -0.6453242038587392], [-0.6400992286499312, 0.08544030687852405, 0.7635266409512289]], "T": [0.02284418599631182, 0.02201410379275756, -0.0772650390486446], "aligned_model": [[-0.24455477883294935, 0.5745370544523605, -0.3154797127943191, -0.37686758140356597, 0.1879262211122624, 0.12903368149927158, 0.33039390128161045, 0.6103975998010168, -0.7906420971821725, 0.12366759127705224, 0.7713720080531684, -0.522087497970301, -0.009170940714880484], [-0.30666158610203387, -0.4017373813223537, -0.4229886487662946, 0.6955928845018922, -0.7386298087874891, 0.6762209345270522, 0.5469684255405435, -0.15078681283725234, 0.08360258120917394, -0.18868180985879537, 0.29429723939614805, -0.08291286889632465, 0.09263731901132222], [-0.4882835366108691, 0.18691593925298575, 0.035328861527840205, -0.3176999590043987, -0.2686840941943345, 0.30711898840710716, -0.2960534909500228, -0.49256942360729206, -0.16531063978372434, 0.593480741735023, 0.22158778480220023, 0.421437023730729, -0.08584911220354285]], "inverted": true, "swapped": false, "error_lsq": 0.044919975588066346, "error_max": 0.2409020952432502, "target": "379.xyz", "model": "21.xyz", "model_rescale": 4.186013935880536, "target_rescale": 3.8863885953779365},
{"mapping": [3, 2, 11, 6, 8, 7, 0, 5, 4, 9, 1, 10, 12], "R": [[0.2038666161462676, 0.2362273652624138, -0.9500710682481858], [-0.6613306159803732, -0.6823268791719106, -0.31156355102377], [-0.7218588637594546, 0.6918284916514347, 0.01712071701799217]], "T": [0.0513817426010787, -0.01234753917218852, 0.0019030297343656], "aligned_model": [[-0.32784722740191796, 0.719643929045086, -0.31279626075940004, -0.116297632846741, 0.293902652564384, -0.1560473591611988, 0.538608770542489, 0.3751372099597559, -0.6506391303455402, 0.0769165021716072, 0.5276575524464038, -0.5179157890263175, 0.018202231389944062], [-0.015582828601629519, -0.30603955437941294, -0.5167710767578381, 0.40006826683392227, -0.7132233778191303, 0.607630654212241, 0.447436456364196, -0.23118252317945157, 0.16480218244732514, -0.23570194039174255, 0.4060390168138623, 0.1044731987981035, -0.015028006724857327], [-0.8398294550548114, -0.1279809694248301, -0.10717151041966572, -0.33223717889511634, 0.19587415576897058, 0.3349554991002704, -0.2682764322873612, -0.6658038095632123, -0.05641351033671306, 0.5806184587215855, 0.3669198494271806, 0.6006957052915203, -0.029931719226115778]], "inverted": false, "swapped": false, "error_lsq": 0.05984094309527783, "error_max": 0.510994502734954, "target": "379.xyz", "model": "22.xyz", "model_rescale": 4.166573947596378, "target_rescale": 3.8863885953779365},
{"mapping": [8, 2, 9, 7, 3, 13, 1, 4, 10, 12, 6, 14, 15], "R": [[0.13361239668076177, 0.12958213551131068, -0.9825254183020158], [-0.6354474770589214, 0.7719904747049945, 0.015401651346821699], [0.7604960429566183, 0.622285446656987, 0.18549013862262298]], "T": [0.051408544743575535, -0.05627563723389324, -0.012689104327707267], "aligned_model": [[-0.2676123305379204, 0.7065088081599868, -0.36109333500632995, -0.24719552096370923, 0.2472277769324975, -0.34954927440676303, 0.611638530273114, 0.3935030456675935, -0.6030160146122341, 0.11908251945045485, 0.6201037711119013, -0.49585368153741133, 0.09478115404737424], [-0.28882481701728546, -0.2096682080811182, -0.4918648654489632, 0.48361303513133175, -0.5939302842779159, 0.6288862438402822, 0.3365230686608817, -0.22581020941159025, 0.3079520900139977, -0.14623593912367433, 0.2578941365191938, 0.042466173981456565, -0.004079957171008217], [-0.7185401511767474, -0.02380680506658769, 0.010835133128335842, -0.3742765502450264, -0.19710429034277716, 0.28158825273675664, -0.2125655682450591, -0.6404493249841824, -0.01549836043368839, 0.6328407032416172, 0.3835314462911074, 0.5501002644632607, -0.025235666265308463]], "inverted": false, "swapped": false, "error_lsq": 0.0429693298046353, "error_max": 0.3255812481561246, "target": "379.xyz", "model": "23.xyz", "model_rescale": 4.274766983524099, "target_rescale": 3.8863885953779365},
{"mapping": [3, 2, 11, 5, 9, 10, 6, 1, 7, 4, 12], "R": [[0.10016447456309083, 0.3095313279975547, 0.945598982139665], [0.46103240505427445, 0.8277570023923486, -0.3197928493264117], [-0.8817120842573111, 0.46798365567453737, -0.059792127375807365]], "T": [-0.004718810411002347, 0.1431882025628355, -0.06948007909508819], "aligned_model": [[0.24201955932899089, 0.07306173893928325, -0.5114263021260456, -0.4638399334980166, -0.5594262179935605, -0.4540183046974085, 0.004866853068319035, -0.017162599744131132, 0.5820151022441002, 0.46047769582957637, 0.023327112606967758], [-0.27735639440122095, 0.7037047643014341, 0.5503173630630056, -0.29039370052530233, 0.46112660435425334, -0.3219007127618303, -0.5485971215190373, 0.09982968493397613, -0.1352522915674667, 0.48452643305474047, 0.18958190231093114], [-0.6053506349187368, -0.12602433779342456, -0.6141773183092485, -0.3759900187010197, 0.14170058982008427, 0.3984050467033402, 0.12699057287226745, 0.7060221681963321, 0.4096498797745318, 0.39616965866246145, -0.07782917228501038]], "inverted": true, "swapped": true, "error_lsq": 0.04849372443099857, "error_max": 0.26401078147867363, "target": "379.xyz", "model": "24.xyz", "model_rescale": 3.7841303162186577, "target_rescale": 3.8863885953779365},
{"mapping": [12, 4, 9, 13, 2, 11, 3, 5, 14, 7, 6, 10, 15], "R": [[-0.39412182650424543, 0.9186204126864439, 0.028364119389552134], [-0.7622708195384811, -0.3094895132198697, -0.5684711416484223], [-0.513430797238625, -0.245668025193991, 0.8222141070573982]], "T": [0.03992512651158591, -0.1290950617308842, 0.16384160280509394], "aligned_model": [[-0.17511849969415577, 0.7334999426924891, -0.3889180258509855, -0.19134832603102492, 0.17099060639463629, -0.019376424281581414, 0.4874358208860123, 0.3948106553039544, -0.6645770449848084, 0.028886064843747727, 0.6209446843744076, -0.6216626724737081, 0.09295866739957054], [-0.09146015251643325, -0.2623513473529522, -0.42543839969765174, 0.4743927741625435, -0.689391203915956, 0.6215424400256644, 0.3631108489070996, -0.19950119371298863, -0.0005707545976059436, 0.13715831159664876, 0.2777663895685713, -0.023903180324624573, -0.08443406452672692], [-0.5624584446028907, -0.07678482874429152, -0.10151642937137914, -0.2769701703461327, -0.3236859358660803, 0.3136889791348081, -0.2905474459039423, -0.6351815404622101, -0.1774165914457362, 0.7569628723693056, 0.3013424576039665, 0.5594314884154369, 0.16455467232084675]], "inverted": true, "swapped": false, "error_lsq": 0.04688840640786703, "error_max": 0.35437644681213015, "target": "379.xyz", "model": "25.xyz", "model_rescale": 4.19342608120988, "target_rescale": 3.8863885953779365},
{"mapping": [4, 1, 7, 8, 0, 2, 3, 11, 6, 9, 5, 12], "R": [[0.8263296634759195, 0.4192308879157254, 0.3760648213768026], [-0.5492259851759715, 0.7476200875330058, 0.3733832105553548], [-0.1246198397818637, -0.5150821947364648, 0.8480331527706976]], "T": [0.008219872609484931, 0.02503121402731413, -0.010818574171041609], "aligned_model": [[-0.20513776334547457, 0.47194831204697296, 0.10994570425835035, -0.5546525154251482, -0.4905032590791289, -0.4079844619754343, -0.17372990992645762, -0.2535610979780672, 0.5322049870862088, 0.24733243166695384, 0.3624875300708755, -0.040541402767869994], [-0.6833425482152611, -0.5872627116782961, -0.6060272216007123, 0.4784336210411486, -0.278037445924299, -0.10826499599578394, 0.4329659482415679, 0.6352589105344215, 0.030798830777356814, 0.06900740929269349, 0.6237106150013072, 0.005536016266837196], [0.0385209377182225, 0.10533058638927875, -0.503533924566735, -0.08410325007952472, -0.4095284041565104, 0.353093441704279, -0.5812380364906802, 0.5167177750515695, -0.5034298520034899, 0.6170935921667932, -0.10468665795719352, 0.005022253433411873]], "inverted": false, "swapped": true, "error_lsq": 0.037690533744070345, "error_max": 0.292201397776456, "target": "379.xyz", "model": "26.xyz", "model_rescale": 3.795458400668931, "target_rescale": 3.8863885953779365},
{"mapping": [5, 1, 11, 7, 8, 3, 0, 6, 10, 9, 2, 4, 12], "R": [[0.6995461128230954, -0.6991715116391766, 0.14762937833062134], [-0.21989860069782804, -0.4071946482220694, -0.8864745477848996], [0.6799116423810039, 0.5876663303027441, -0.4385982703833565]], "T": [0.06682367447224051, -0.09031437392260534, 0.05700748370503831], "aligned_model": [[-0.19770079878630387, 0.6205590326129681, -0.40447263907455866, -0.24289032117332932, 0.11622330576841955, -0.0520412421202968, 0.5179491247826277, 0.41875462290890353, -0.6106031570679322, 0.1790926187136958, 0.7109758845557312, -0.6145125820023634, 0.027191599460992706], [-0.1613958954006891, -0.2791891031808714, -0.5729336667735478, 0.4856527809935858, -0.716779421203002, 0.6133798879376794, 0.5869621004707553, -0.22077395036706887, 0.04678930755785139, -0.05168333738849716, 0.30415149882538817, 0.05056048319383212, 0.012179782950172705], [-0.6443017834744884, -0.032751417489249056, 0.2947741650096054, -0.4252239710844849, -0.3115748423361654, 0.24611611988069043, -0.11344954140235891, -0.6780516065198687, -0.1161453301420941, 0.46965456934919697, 0.5090025272408277, 0.520470926580721, -0.06710073251063153]], "inverted": false, "swapped": false, "error_lsq": 0.03948556558822279, "error_max": 0.23927748467262866, "target": "379.xyz", "model": "27.xyz", "model_rescale": 3.6321398670334006, "target_rescale": 3.8863885953779365},
{"mapping": [8, 11, 3, 12, 0, 6, 9, 10, 7, 1, 13, 4, 14], "R": [[-0.39055425907691554, 0.03131149496574681, -0.9200472601991114], [0.9203482908298977, 0.035698291477496924, -0.38946714309691605], [0.020649316777257454, -0.9988719749140014, -0.04275960065335954]], "T": [0.05611704166763878, -0.07351249881563322, -0.04340245494477033], "aligned_model": [[-0.19789102231986708, 0.6892731635710847, -0.404364729314879, -0.3386904472209134, 0.236544264760794, 0.025429845289386653, 0.47664650983532275, 0.4787871885532975, -0.7079916674817004, -0.03683509271728313, 0.594831869990493, -0.4283347117710319, 0.08112027740385055], [-0.08586571452320861, -0.17653846212040913, -0.5795176632184054, 0.5535386869317324, -0.6433375498325616, 0.644110868895232, 0.3923906527470112, -0.22139259753438728, 0.0234874031597833, -0.2652455318192264, 0.31984726867997876, 0.20177803246624915, -0.06633492621620048], [-0.4932434460578127, -0.011389760587303531, 0.015550001770623843, -0.41006795377209065, -0.22272652644743846, 0.25321587765543335, -0.27288313166250505, -0.679132787972221, -0.13067377682513773, 0.5905262010685345, 0.42726914922837855, 0.5697768616794675, 0.015198375023772366]], "inverted": false, "swapped": false, "error_lsq": 0.03866607722599599, "error_max": 0.22772852881228353, "target": "379.xyz", "model": "28.xyz", "model_rescale": 4.156811204709835, "target_rescale": 3.8863885953779365},
