[{"mapping": [7, 10, 11, 12, 9, 8, 6, 4, 3, 5, 2, 1, 0, 13], "R": [[0.1256146823176354, 0.06825467446734229, -0.9897283723323266], [0.2019966820370423, -0.9784919669510139, -0.041842694205340994], [-0.9712972212625058, -0.19466579058913452, -0.13670017535483142]], "T": [0.063990142558757, 0.036366941412516826, -0.009119879521443554], "aligned_model": [[-0.5294658849417482, -0.2275960986117887, 0.21625175946923597, 0.025725879672049506, -0.5864022176255224, -0.07243988062815195, 0.10501751496243455, -0.5721579448777783, 0.19272613073842015, 0.7533377363943775, -0.39126754955165755, 0.40349578890654486, -0.2529493604171047, -0.041147287458432075], [-0.4257083611259361, -0.3712572269209628, -0.5487576397093367, 0.2584439960375021, 0.12567306509241902, -0.7174178773609465, -0.2937841915633734, -0.4026349107535268, 0.2280573620953747, -0.25697034797387863, 0.3570970792082505, 0.4810851924648508, 0.7380369281531111, -0.07778762829896438], [-0.084557540426231, -0.8833331978780653, -0.35769908920851395, -0.5423528829715619, -0.334323455534099, 0.1450697030792508, 0.6792573922532998, 0.5530164128994438, 0.4597960337973165, 0.09649446595340135, 0.5210978662147135, -0.15056141055775432, -0.06031573620432988, -0.05866498300066192]], "inverted": false, "swapped": false, "error_lsq": 0.044231702229342904, "error_max": 0.23038947990237882, "target": "38.xyz", "model": "0.xyz", "model_rescale": 3.8414455957264533, "target_rescale": 3.8721520006721875},
{"mapping": [0, 11, 1, 12, 13, 4, 2, 7, 6, 5, 9, 10, 8, 14], "R": [[0.36458876190918454, -0.48148492280480815, -0.7970240296259431], [0.8791673834372924, 0.46002600911249447, 0.12426094656027761], [0.3068220112533534, -0.7460216753229623, 0.5910261528551575]], "T": [-0.062147875810422526, -0.09809444374111437, 0.043586246683531824], "aligned_model": [[-0.535400104240354, -0.2639345328727788, 0.18306325585799554, 0.017503140708973908, -0.7092451677759493, 0.003870532005929489, 0.165535504354673, -0.5171114174753824, 0.33075093788837995, 0.5630925996869005, -0.5134881077659841, 0.490001390124815, -0.18064000118533172, -0.01086944328100855], [-0.6172707473056007, -0.12883309575451443, -0.6377248817464183, 0.3314181500960955, 0.17121983101308064, -0.6089254221435252, -0.2845690211114944, -0.3447051576864536, 0.33661425552827423, -0.13444294995563902, 0.22331240205060648, 0.24422688289112626, 0.669613961843228, -0.1258587683741818], [-0.1353150210883513, -0.7838209580433618, -0.5866267192675342, -0.5820847460672363, -0.24551912646583363, 0.21825884379601612, 0.720337484591203, 0.4245669990295895, 0.5600027866560936, 0.24871040147361928, 0.4417059704978116, -0.171654543758966, -0.1009330174989811, -0.024704775437860135]], "inverted": false, "swapped": false, "error_lsq": 0.03794961503937152, "error_max": 0.21653583750107852, "target": "38.xyz", "model": "1.xyz", "model_rescale": 4.316132596720782, "target_rescale": 3.8721520006721875},
{"mapping": [8, 11, 12, 7, 10, 6, 4, 5, 3, 9, 2, 13], "R": [[-0.5933173650262468, -0.1462648174372917, 0.7915687636196539], [0.32871740837124414, 0.8536012798462022, 0.40411597404534594], [-0.7347920588792481, 0.49997145741028226, -0.45837667041750085]], "T": [0.031168635478764035, 0.024126195982978233, -0.08582600023936829], "aligned_model": [[-0.270335706238679, 0.5421380585810938, 0.11844734638524754, -0.5897991054975941, -0.48914955510499714, -0.6097175956572576, -0.18693316034415397, -0.1235472399052733, 0.5206926494208571, 0.18399410287574366, 0.4968067993876027, 0.0052119607291912645], [-0.5465628414553504, -0.3093182663981475, -0.5450870525048392, 0.2602719125396755, -0.2513852741324422, -0.041890998717212566, 0.25472704672969904, 0.5332849714304274, 0.09281285172834498, -0.08539028573544857, 0.5354088296881189, 0.11590553456815535], [0.18787208899735683, -0.06399349799865653, -0.5666257500317935, -0.08162694249050162, -0.38216278363586886, 0.46200493955066935, -0.7338099569208749, 0.47777625734297136, -0.48585133215634213, 0.6690346138753939, 0.047614886531203576, -0.08097406185413586]], "inverted": true, "swapped": true, "error_lsq": 0.04150419039117735, "error_max": 0.18654970104646848, "target": "38.xyz", "model": "2.xyz", "model_rescale": 3.795458400668931, "target_rescale": 3.8721520006721875},
{"mapping": [12, 11, 3, 5, 10, 7, 2, 8, 9, 6, 4, 13], "R": [[0.26512446083457, -0.05016919876260695, 0.9629081325664961], [-0.9453886894750101, -0.2098988262174728, 0.24936460968880503], [0.1896028641131287, -0.9764351152268363, -0.10307870620090887]], "T": [-0.026561833327305072, -0.015930546015890376, 0.05628851671121947], "aligned_model": [[-0.15120841150131858, -0.18042961441496413, -0.620566355148275, 0.22015821964857318, 0.21546228719650204, 0.2540399619619679, -0.445022257073853, 0.5863871294940236, 0.4265081239419454, 0.756695353819056, -0.4214769714603601, -0.04724364071973254], [-0.07773016112477324, -0.5592322112171629, -0.18525824228770166, 0.03634058189854705, 0.4282681954528501, 0.5639194281618575, -0.24778933058452485, -0.13025416058890188, -0.5380046410216476, 0.2035922290686834, 0.5539574802661765, 0.03795987726630705], [-0.680891063278564, -0.17587441212312466, -0.09490223171694435, 0.7892442521475669, -0.36628086454299363, 0.218830839796125, 0.5731711719195279, -0.2642191582449471, 0.4131222078598587, 0.2876542441856889, -0.1434563830899872, 0.13237282772689407]], "inverted": false, "swapped": true, "error_lsq": 0.04611565987262001, "error_max": 0.2797217277734219, "target": "38.xyz", "model": "3.xyz", "model_rescale": 3.7530521520055578, "target_rescale": 3.8721520006721875},
{"mapping": [9, 2, 5, 0, 6, 3, 8, 11, 12, 10, 13], "R": [[0.7905752424810362, 0.47142759156725983, -0.39082836627494644], [0.5706012475984328, -0.3354540047594185, 0.7495897724288799], [0.2222723604390856, -0.8156142694926082, -0.5341988030545148]], "T": [-0.0663744338997657, 0.029388200417176158, 0.0221971652567187], "aligned_model": [[-0.3764636832890266, -0.22524371178615493, 0.22792925255760288, 0.6166595614252971, 0.35243235998090433, -0.3801179667279392, -0.14416087612608147, -0.6711584127790614, -0.34757162827140986, 0.2847909821142087, 0.0011037253468650088], [-0.6489920193985608, 0.1510784310609422, -0.4381635004631683, 0.3510051489814484, -0.6886378173053906, 0.5644191302533996, -0.43343173090119635, 0.09626852047043491, 0.3871332818159171, 0.090802110215015, 0.03572180358550468], [-0.1987303449604575, -0.6530711827270294, -0.5215012002037672, -0.35921522416004664, 0.17792666509512053, -0.11808391973277299, 0.5430123629601054, 0.07234674823362464, 0.6186334901435702, 0.5766015854144037, -0.04508820281743443]], "inverted": true, "swapped": true, "error_lsq": 0.04720141189184715, "error_max": 0.2662776224782574, "target": "38.xyz", "model": "4.xyz", "model_rescale": 3.7855080009869324, "target_rescale": 3.8721520006721875},
{"mapping": [5, 7, 6, 8, 10, 1, 2, 3, 14, 12, 9, 13, 15, 16], "R": [[0.1111257586269172, 0.4714229450115942, -0.8748779758836015], [-0.87969946529082, -0.3629080657431214, -0.3072890928517181], [-0.4623634031112732, 0.8037774211404434, 0.3743820785349915]], "T": [-0.010703151680264228, -0.14736638629036808, -0.03982631342516442], "aligned_model": [[-0.7008013446724666, -0.3857679565546469, 0.26111205014899674, -0.038806626033856456, -0.6326649557249098, 0.3207821389131922, -0.08985218008566007, -0.5429580766466153, 0.18913525233243575, 0.6012138309462404, -0.411629075750534, 0.5539104376873835, -0.09141145846288601, -0.009133450065795103], [-0.5634155435348724, -0.35808073140348523, -0.32429012876855756, 0.35043206430671775, 0.17537851033549962, -0.7764208047668673, -0.2686003104619173, -0.24731204145984242, 0.24248597769234204, -0.14678153686507828, 0.2230374720888078, 0.2346938653112623, 0.6728764546935841, -0.11992780782300964], [-0.11579227556833761, -0.6532554688979051, -0.6062992196342716, -0.5365322337402114, -0.23973509283660593, 0.22000436163983844, 0.6846206856790766, 0.39506696803713726, 0.4757094710860744, 0.2578690465228478, 0.41730977610973785, -0.2849978813584761, -0.03738546998219175, 0.006340911359495355]], "inverted": true, "swapped": false, "error_lsq": 0.03592566322980729, "error_max": 0.17582316960014452, "target": "38.xyz", "model": "5.xyz", "model_rescale": 4.2253639853439635, "target_rescale": 3.8721520006721875},
{"mapping": [11, 12, 9, 7, 6, 8, 10, 5, 4, 1, 2, 0, 3, 13], "R": [[0.19989372213784423, 0.19150714233450417, -0.9609201393897155], [0.22285594367040323, -0.9638956423556715, -0.14574093117076378], [-0.954137164259234, -0.18501406725603117, -0.23535519262750165]], "T": [-0.03516048810222051, -0.10395912262333748, 0.024867813528461558], "aligned_model": [[-0.6287962423890199, -0.31396064209277896, 0.3672781595834672, -0.1913780965340412, -0.5987832247241991, 0.07509581952564517, -0.007074318947858552, -0.50711927774734, 0.27771231546337016, 0.6284100155775254, -0.3594300899765587, 0.5173456067293194, -0.18568727904985638, -0.05048415938679635], [-0.5007471529905582, -0.23223399677637485, -0.4410506245053344, 0.370477702957387, 0.16922037362352713, -0.8164150522293525, -0.3268882952436764, -0.34455803069325197, 0.398829025469856, -0.1653875288030628, 0.20475738949096114, 0.2384124481496355, 0.5846137455419413, -0.04495456464711392], [-0.2845019312799677, -0.8566988573846889, -0.28659467489227525, -0.591490015476443, -0.12148908489511868, 0.18646908393246908, 0.7718793432160447, 0.37143430464230764, 0.41245780196024495, 0.332449541722276, 0.5245826847154944, -0.44479309822282315, -0.053990053117738857, 0.023208533496426893]], "inverted": false, "swapped": false, "error_lsq": 0.043818383973477384, "error_max": 0.2787365788098538, "target": "38.xyz", "model": "6.xyz", "model_rescale": 3.89814844738969, "target_rescale": 3.8721520006721875},
{"mapping": [8, 10, 12, 6, 11, 4, 7, 9, 5, 0, 3, 2, 13], "R": [[-0.6804506416247071, -0.6762149652407276, 0.282347737899573], [0.603778872554439, -0.29902138601940664, 0.7389433562594115], [-0.41525654404165, 0.6732900797483315, 0.6117536032939002]], "T": [0.018937149013930718, 0.10208421059022763, -0.00674582993335918], "aligned_model": [[0.20084137823450887, -0.17928582021197176, 0.45762776436756913, -0.3832941950677117, 0.6196823322643337, -0.3188539715565288, -0.594011243080986, 0.22964083175820788, -0.42478703845572935, -0.7206080505748794, 0.31422760599514266, 0.010238697250570708, -0.06278649001830343], [-0.3725208068011202, 0.17089089639944202, 0.4360667966328222, -0.597701964946374, 0.13927743756916003, 0.7027091205139471, -0.012645015976800511, -0.5865044343464093, -0.34182029790485435, 0.46213317933889064, 0.6238479726562217, 0.2273084566613847, 0.11273992567417587], [-0.489614775339061, -0.6315869083449204, -0.515465665651367, -0.2591768585593674, 0.09559432670414841, -0.22069729701360824, -0.2359069960739674, 0.2875561682540949, 0.4481000761216849, 0.1904493754908327, 0.20524003207001557, 0.6862754732109285, 0.04150807996688198]], "inverted": true, "swapped": true, "error_lsq": 0.045750593933222235, "error_max": 0.2258277034154828, "target": "38.xyz", "model": "7.xyz", "model_rescale": 3.7474275329858107, "target_rescale": 3.8721520006721875},
{"mapping": [0, 10, 12, 11, 6, 1, 2, 3, 8, 4, 5, 9, 9, 14], "R": [[0.9057917014814343, 0.2989505000865493, 0.3002831863847362], [-0.10687194815750209, -0.5245800214862553, 0.8446266558394308], [0.4100241215152937, -0.797147664837251, -0.4432108078782935]], "T": [-0.011384701231945814, -0.14495584043811177, -0.07383362477938714], "aligned_model": [[-0.5338228715567458, -0.4120722649409856, 0.2840670187992957, 0.18560702910016622, -0.8152127997182679, -0.021345162473455685, 0.18714638591376342, -0.4980684585007914, 0.14590482863959858, 0.6103948708858798, -0.39792276632608164, 0.12762813699174355, 0.12762813699174355, 0.03319650222501557], [-0.5463797593655004, -0.18551389525277656, -0.4321533152666257, 0.1822798751210109, -0.0032393608262722418, -0.8696023372651329, -0.5026507292271987, -0.12208204721810595, 0.21809493290027826, -0.07398230110281816, 0.4018416118517843, 0.6006187675103305, 0.6006187675103305, -0.1737747700247207], [-0.062412892420471336, -0.7165371957721326, -0.5330378390262313, -0.5643343895424365, -0.10057172284254512, 0.12513889568018544, 0.6618492347604772, 0.4522369474626078, 0.4817421626949321, 0.3958245128661995, 0.18037560877527337, -0.14548817718130697, -0.14548817718130697, -0.04637338985703652]], "inverted": false, "swapped": false, "error_lsq": 0.05969658192190284, "error_max": 0.4090859132172725, "target": "38.xyz", "model": "8.xyz", "model_rescale": 4.019505241142653, "target_rescale": 3.8721520006721875},
{"mapping": [3, 11, 2, 1, 4, 0, 5, 12, 10, 8, 9, 7, 13], "R": [[-0.8001190102403428, -0.5935138950207635, 0.08689548819873347], [0.5623577335028482, -0.6918013390724014, 0.45295108657245964], [-0.2087183485502736, 0.41128112487070756, 0.8872905315078776]], "T": [-0.060025662967999174, -0.0315812521657669, 0.07076572873434596], "aligned_model": [[-0.21758340893544414, -0.6325088240597981, -0.011518346811655769, 0.2849159724447642, 0.409700099669052, 0.74728788810827, 0.2698210790219182, -0.4122892406084563, 0.1400557392026362, -0.3579593050391101, -0.4265309607705946, 0.5037804176076369, 0.022529661911958043], [-0.464717340487957, -0.1491257731877332, 0.15253712698525287, -0.3849898114659941, -0.5791667319156437, -0.10801305212583237, 0.6461185147662415, -0.6341017294557272, -0.31379301369073687, 0.14397169484186192, 0.6545093416806297, 0.10333539058541888, -0.0031863884157216985], [-0.36734449570392946, -0.10586364265193825, -0.6073071023222344, -0.667430053013673, 0.05909507729359077, -0.16975728758136321, -0.1102075238800745, 0.34584597401967015, 0.6318156667734742, 0.680616691919425, 0.059921665246295205, 0.3952708440746497, 0.03204767986998729]], "inverted": false, "swapped": true, "error_lsq": 0.04498937293853242, "error_max": 0.26670628593240975, "target": "38.xyz", "model": "9.xyz", "model_rescale": 3.877068213659057, "target_rescale": 3.8721520006721875},
{"mapping": [6, 10, 9, 11, 12, 2, 4, 3, 1, 7, 5, 8, 0, 15], "R": [[-0.9647670091988804, 0.11783395806964664, -0.23524407811268766], [0.24995424127261917, 0.13133607965137528, -0.9593089760091048], [-0.08214313867437023, -0.984309906740478, -0.15616181435061144]], "T": [-0.1159049392344508, -0.2271408981893595, -0.028852359295148493], "aligned_model": [[-0.6884208122723262, -0.30640810716121153, 0.3238654941572582, -0.12287570317144837, -0.6791469229039604, 0.3649757285019477, 0.04517514403158121, -0.5489883423689902, 0.17896231584122077, 0.5689047471256051, -0.3928635344559419, 0.5294969851915846, -0.12766434151449987, -0.12188406496994007], [-0.4090590550388715, -0.3288299168357046, -0.41084269536920426, 0.24784575276264503, 0.24726886474486692, -0.679069018579114, -0.3899874611295955, -0.2934180801842101, 0.38196011929450385, -0.13121415363735917, 0.2975603780416289, 0.1341652152901529, 0.5655403365748704, -0.13784484659002608], [-0.16826517955570947, -0.7045584092580668, -0.485471368455977, -0.5936482216482976, -0.15490417553853655, 0.040933852436711896, 0.6080345093546384, 0.43028535839362125, 0.5142460319634669, 0.4048760379350831, 0.480046402244944, -0.2484820114771745, -0.10154494588045346, -0.03862430209804184]], "inverted": false, "swapped": false, "error_lsq": 0.04316147602923293, "error_max": 0.2562956304829888, "target": "38.xyz", "model": "10.xyz", "model_rescale": 4.260839863003843, "target_rescale": 3.8721520006721875},
{"mapping": [5, 9, 8, 6, 10, 7, 0, 2, 11, 12, 4, 13], "R": [[0.3525654295426365, -0.4324183289178143, -0.8298867433013625], [-0.935779516870114, -0.15933036835444833, -0.31453223924801743], [0.003783344783726328, 0.8874842097389457, -0.46082259467856673]], "T": [0.07878955656600249, -0.01024819579183609, 0.07559835867963285], "aligned_model": [[0.3077238381631837, 0.20862984557766917, -0.47321130496842445, -0.42263532570896634, -0.5292199053230632, -0.28036209768361364, 0.22832365244600789, 0.7662195243438542, 0.2948296247655542, -0.23177940620715093, -0.022050637860736175, 0.1124308415498165], [-0.09257055473925496, -0.6908576516252929, -0.4424451413696956, -0.2487577087599823, 0.22686019773885172, 0.3260031692199456, 0.7270894506161204, 0.027738806764427283, -0.38535922359157176, -0.002253679052078192, 0.6805941509868924, 0.047036689344572426], [-0.6603631140822362, -0.2780629170832869, 0.07406908532017689, -0.5622875790132151, 0.1681034006069194, -0.37086381849197647, -0.3109518457350626, -0.07283455046354945, 0.5061445521915664, 0.7584399963205395, 0.2577973183587441, 0.006987549466885096]], "inverted": false, "swapped": true, "error_lsq": 0.041310831857414625, "error_max": 0.24807628113202032, "target": "38.xyz", "model": "11.xyz", "model_rescale": 3.890672605050136, "target_rescale": 3.8721520006721875},
{"mapping": [7, 3, 8, 0, 4, 5, 9, 12, 11, 6, 10, 1, 2, 13], "R": [[0.5778732716581638, 0.157939544866337, 0.80069818413089], [-0.4331161182794101, -0.7721899330979971, 0.4649012102680389], [0.6917173627932629, -0.615449272799575, -0.37782176038551346]], "T": [0.05688185245090489, -0.053407602256377765, 0.024978791090021404], "aligned_model": [[-0.5497551563968708, -0.3195821299412432, 0.26577819860098884, 0.13485976113636616, -0.4822307623604751, -0.09289404605047728, 0.2292482288601605, -0.558261613151037, 0.1503467079988483, 0.629340511204173, -0.5637668324972049, 0.4932235462843385, -0.21023748620747473, -0.1029403414492137], [-0.6233503098462233, -0.22673112235850795, -0.5688128082697914, 0.11753779711490335, 0.2937065460253373, -0.7694515674626895, -0.36598694303605017, -0.2919267196576311, 0.32755797066471704, -0.10604631029670901, 0.3320880654424714, 0.47479574644379297, 0.5980441871243408, -0.09734909254337717], [-0.15973996766983187, -0.8004283710686834, -0.4331814821960286, -0.534835156519406, -0.25773378457480073, 0.28921429581030994, 0.7166466333544206, 0.3711569159136914, 0.4108436857378195, 0.06471031982743014, 0.5404676896127367, -0.3436747576989932, 0.1240845865515281, -0.004607028663983933]], "inverted": true, "swapped": false, "error_lsq": 0.052462250387260996, "error_max": 0.28398926798114077, "target": "38.xyz", "model": "12.xyz", "model_rescale": 4.124412569039231, "target_rescale": 3.8721520006721875},
{"mapping": [3, 4, 10, 2, 12, 11, 0, 9, 7, 5, 8, 6, 13], "R": [[-0.16099417256030624, -0.68311914474617, -0.7123405860140806], [0.8473724276484094, 0.2743665931295791, -0.454623956073269], [0.506004787786503, -0.676809579317351, 0.5346849054175804]], "T": [0.10495913739028737, 0.020469644333107856, 0.035759016328347014], "aligned_model": [[-0.18016929638707083, -0.09466024142068649, 0.5206002283762762, -0.5251889429611649, 0.5490440807220267, 0.2270274017382857, -0.48335797266785774, 0.2277962094963989, 0.1160004107868873, -0.25024392523725747, 0.7715693856788706, 0.4586525668018251, 0.030228402583224526], [-0.28801376256372146, 0.4727781467166069, 0.48164884694867094, -0.26863730667157837, -0.11238812784741789, -0.5565724708014881, 0.6249372915039582, -0.3626835890242749, 0.6575870316033826, 0.17150461727707864, 0.029048163518086784, 0.4255209938578841, 0.07275554199128993], [0.5131599453175375, 0.5613039488485181, 0.2571394702310216, -0.08820012689686815, 0.6256124477070951, 0.19347190480711157, 0.0986092566674806, -0.6300252456356802, -0.15223803680551476, -0.6364361835286076, -0.18117110021570346, -0.6169633841500768, 0.00743518462152562]], "inverted": true, "swapped": true, "error_lsq": 0.04158736859822453, "error_max": 0.2864572438770129, "target": "38.xyz", "model": "13.xyz", "model_rescale": 3.9028299243045295, "target_rescale": 3.8721520006721875},
{"mapping": [13, 14, 11, 9, 10, 12, 8, 5, 0, 2, 4, 6, 7, 15], "R": [[0.4373882660072975, -0.28254193836621855, 0.8537338916918957], [0.8018456793175719, 0.5523149460660188, -0.2280169004960656], [-0.4071056512981261, 0.784294749068455, 0.4681311090546941]], "T": [0.03590303693797724, -0.048486714473994406, 0.05867357930279512], "aligned_model": [[-0.5675447159686842, -0.4187222556814444, 0.19550156499417937, 0.03924717574460228, -0.6381764260778848, 0.019617025368641183, 0.07437732382109323, -0.33543017625690524, 0.13029664849435685, 0.6513889396171324, -0.3754748285937649, 0.4944162635149068, -0.2702952308210057, 0.02392727787565571], [-0.5572890472439604, -0.3079026923123703, -0.4161560736426477, 0.24027889093458502, 0.1692209266997666, -0.7421816181700504, -0.4839977578459533, -0.26015648176424616, 0.22962733692445284, -0.16846687396483745, 0.363509120802853, 0.31661021299727315, 0.6935913024815046, 0.01738819344821354], [-0.039419985598148806, -0.6548177286581479, -0.5619746628672214, -0.6606654911864428, -0.17278454339713975, 0.0061147039897762046, 0.6953501219109921, 0.34047029335178336, 0.833888923421327, 0.4445901952803423, 0.4056475802708636, -0.25893957668147805, -0.36107729134545347, -0.033458960074843995]], "inverted": true, "swapped": false, "error_lsq": 0.04689915268254176, "error_max": 0.34256609609321587, "target": "38.xyz", "model": "14.xyz", "model_rescale": 3.942246331269136, "target_rescale": 3.8721520006721875},
{"mapping": [10, 9, 6, 7, 5, 11, 13, 4, 12, 8, 3, 0, 1, 14], "R": [[-0.8953756779699442, 0.2708408880921186, 0.3534792902523929], [-0.444948006103025, -0.512058695866346, -0.7347225080617847], [-0.017990752202320603, -0.815132569172113, 0.5789950150994958]], "T": [-0.11724718596614442, -0.08760707238276583, -0.012014012915699172], "aligned_model": [[-0.5860948990347941, -0.3898171985584516, 0.12359505670724152, 0.3119964862933123, -0.47880973411144306, 0.13885652524029263, 0.11112108653060468, -0.4644954016394504, 0.09556122765864142, 0.6407565350923381, -0.5858408183420607, 0.37865808828224856, -0.20104831283865873, -0.07131005524894213], [-0.612205439468853, -0.2793543916925077, -0.47411839061872346, -0.054884732464977964, 0.3801222178592056, -0.7253081628866245, -0.277817155338639, -0.3574663929610353, 0.35384937710916897, -0.22450997976289175, 0.28386357362042164, 0.39720700673690534, 0.6866848773021836, -0.001986968089049551], [-0.13024637415436405, -0.7448856660073705, -0.33665751640526076, -0.7507011093405385, -0.24284163911658208, 0.19258127767777816, 0.7446879779394107, 0.3756180300468824, 0.6421304974604296, -0.08637044572520308, 0.38670581021247913, -0.2564536793535114, 0.211795691003936, -0.02243927582187706]], "inverted": false, "swapped": false, "error_lsq": 0.058492717439003195, "error_max": 0.45734789817090693, "target": "38.xyz", "model": "15.xyz", "model_rescale": 4.355366556412066, "target_rescale": 3.8721520006721875},
{"mapping": [8, 11, 12, 7, 10, 6, 4, 5, 3, 9, 2, 13], "R": [[-0.5933173650262468, -0.1462648174372917, 0.7915687636196539], [0.32871740837124414, 0.8536012798462022, 0.40411597404534594], [-0.7347920588792481, 0.49997145741028226, -0.45837667041750085]], "T": [0.031168635478764035, 0.024126195982978233, -0.08582600023936829], "aligned_model": [[-0.270335706238679, 0.5421380585810938, 0.11844734638524754, -0.5897991054975941, -0.48914955510499714, -0.6097175956572576, -0.18693316034415397, -0.1235472399052733, 0.5206926494208571, 0.18399410287574366, 0.4968067993876027, 0.0052119607291912645], [-0.5465628414553504, -0.3093182663981475, -0.5450870525048392, 0.2602719125396755, -0.2513852741324422, -0.041890998717212566, 0.25472704672969904, 0.5332849714304274, 0.09281285172834498, -0.08539028573544857, 0.5354088296881189, 0.11590553456815535], [0.18787208899735683, -0.06399349799865653, -0.5666257500317935, -0.08162694249050162, -0.38216278363586886, 0.46200493955066935, -0.7338099569208749, 0.47777625734297136, -0.48585133215634213, 0.6690346138753939, 0.047614886531203576, -0.08097406185413586]], "inverted": true, "swapped": true, "error_lsq": 0.04150419039117735, "error_max": 0.18654970104646848, "target": "38.xyz", "model": "16.xyz", "model_rescale": 3.795458400668931, "target_rescale": 3.8721520006721875},
{"mapping": [8, 10, 12, 6, 11, 4, 7, 9, 5, 0, 3, 2, 13], "R": [[-0.6804506416247071, -0.6762149652407276, 0.282347737899573], [0.603778872554439, -0.29902138601940664, 0.7389433562594115], [-0.41525654404165, 0.6732900797483315, 0.6117536032939002]], "T": [0.018937149013930718, 0.10208421059022763, -0.00674582993335918], "aligned_model": [[0.20084137823450887, -0.17928582021197176, 0.45762776436756913, -0.3832941950677117, 0.6196823322643337, -0.3188539715565288, -0.594011243080986, 0.22964083175820788, -0.42478703845572935, -0.7206080505748794, 0.31422760599514266, 0.010238697250570708, -0.06278649001830343], [-0.3725208068011202, 0.17089089639944202, 0.4360667966328222, -0.597701964946374, 0.13927743756916003, 0.7027091205139471, -0.012645015976800511, -0.5865044343464093, -0.34182029790485435, 0.46213317933889064, 0.6238479726562217, 0.2273084566613847, 0.11273992567417587], [-0.489614775339061, -0.6315869083449204, -0.515465665651367, -0.2591768585593674, 0.09559432670414841, -0.22069729701360824, -0.2359069960739674, 0.2875561682540949, 0.4481000761216849, 0.1904493754908327, 0.20524003207001557, 0.6862754732109285, 0.04150807996688198]], "inverted": true, "swapped": true, "error_lsq": 0.045750593933222235, "error_max": 0.2258277034154828, "target": "38.xyz", "model": "17.xyz", "model_rescale": 3.7474275329858107, "target_rescale": 3.8721520006721875},
{"mapping": [4, 6, 0, 2, 9, 8, 10, 5, 11, 3, 12, 1, 7, 13], "R": [[0.18512917661232153, -0.11473699683109989, 0.9759931401014169], [-0.133658803780762, -0.9868715880204438, -0.09066307368440017], [0.9735823088669696, -0.11366569542384981, -0.1980343342581608]], "T": [-0.03640633968393844, -0.025687468153459486, 0.02822793181466513], "aligned_model": [[-0.4638512710303223, -0.4748557559578712, 0.27262637043313187, 0.00919137546293601, -0.6636623552772036, 0.13145561840401768, -0.009941970371932826, -0.5480286936392839, 0.3278775283578633, 0.558247673532215, -0.5507041230881994, 0.5704489305717699, -0.10847445257580351, -0.027200288790438943], [-0.6855476084855665, -0.15394412717173414, -0.470121616314226, 0.20597854071750593, 0.09530330319518637, -0.7122378876403702, -0.22610732074362277, -0.3559590795526256, 0.39427955267314274, -0.2176928567323094, 0.32033304208031643, 0.2136338635035176, 0.7240677666978708, -0.03791013288250181], [-0.23842024066694553, -0.5933114074446044, -0.6090470973581259, -0.6411631590409457, -0.17085820533856863, 0.15985367302026646, 0.6882058786493388, 0.4185907967330421, 0.4893804301366254, 0.2930103266823031, 0.44656334723693236, -0.20192505640508165, 0.01860727936646555, -0.0765629871544939]], "inverted": true, "swapped": false, "error_lsq": 0.03981036788669606, "error_max": 0.26951041514713914, "target": "38.xyz", "model": "18.xyz", "model_rescale": 3.922800546911778, "target_rescale": 3.8721520006721875},
{"mapping": [0, 1, 8, 6, 2, 12, 7, 3, 11, 13, 9, 4, 10, 14], "R": [[-0.15923750281035604, -0.5709691280107848, 0.8053804520581104], [0.8325733385893196, -0.5160636752473914, -0.20124591663034944], [0.5305328015956755, 0.6384923945895984, 0.5575503640769008]], "T": [-0.03413567587340688, -0.15486479278338172, -0.0911800172802402], "aligned_model": [[-0.751226653415394, -0.42310466855929885, 0.38366462569043197, 0.12218470296319278, -0.6509296548780528, 0.14694889622681878, -0.004623407037017746, -0.4284898321739187, 0.2444913624925797, 0.5854613999216534, -0.49957303931293373, 0.46422503259176906, -0.12055705254601064, -0.04534312593294037], [-0.5813237690311964, -0.13403585369632798, -0.3823644473627218, 0.21744572443732657, 0.2083154021111011, -0.8128745277628564, -0.21341311354458156, -0.45972494831057586, 0.3049776578653166, -0.1776956863953567, 0.2729947381623493, 0.3603326671372371, 0.64707008554849, -0.15562848981362074], [-0.13971770554844498, -0.7206657613295206, -0.47598837114104864, -0.6503907019424187, -0.06299675473297192, 0.29977472560700646, 0.7050059780643325, 0.3096869538779632, 0.37589118376046127, 0.20444129586087043, 0.42170151719760063, -0.1915559139965109, -0.0968759660303973, 0.004613098769287061]], "inverted": false, "swapped": false, "error_lsq": 0.0403290533540782, "error_max": 0.2215845336767477, "target": "38.xyz", "model": "19.xyz", "model_rescale": 3.9282355846067225, "target_rescale": 3.8721520006721875},
{"mapping": [0, 1, 2, 5, 3, 10, 9, 11, 8, 12, 4, 7, 6, 13], "R": [[0.9399106741564242, 0.21788210876442374, 0.2628598700585244], [0.010322260093912891, 0.7514144010642191, -0.6597498380597414], [-0.341264377797288, 0.6228192230123192, 0.7040133804786392]], "T": [-0.023142390512147226, 0.03434045022966642, 0.032370374416919256], "aligned_model": [[-0.6860731928341832, -0.3672574794940946, 0.266205572797202, -0.05641614288918442, -0.6582450820774322, 0.15616655610239993, 0.24141715473872838, -0.3478914012131184, -0.09419122673674332, 0.6854849858672933, -0.5693992483921035, 0.5637409833441853, -0.02237029840082405, -0.08804259478124657], [-0.41105616167265857, -0.30347020922491924, -0.3526070196970576, 0.2985842749046849, 0.22147199335391327, -0.8062211208366581, -0.13387428522861458, -0.420120684601995, 0.4354886145061769, -0.316910513196254, 0.15596593836839207, 0.14927937587937384, 0.6641944961649997, -0.08664925937479989], [-0.016019682779058596, -0.5411883062779308, -0.6349118911993012, -0.6131977558160266, -0.32537454291388723, -0.02711824551966424, 0.6489227850270274, 0.4811089712661469, 0.6747517193335522, 0.34424269990528134, 0.32593217505512573, -0.14214244815243238, -0.14120191239675167, -0.05087998711587206]], "inverted": false, "swapped": false, "error_lsq": 0.055189273607259455, "error_max": 0.33991035406234754, "target": "38.xyz", "model": "20.xyz", "model_rescale": 4.067790424073018, "target_rescale": 3.8721520006721875},
{"mapping": [7, 9, 12, 10, 1, 0, 2, 8, 6, 3, 5, 11, 13, 14], "R": [[0.25971204446561347, -0.9364671001729011, 0.2357520397647683], [-0.5010713102530054, 0.07801269169180555, 0.8618825685534752], [-0.8255163208567275, -0.34196986742804836, -0.4489759612389238]], "T": [-0.07327703068834236, -0.043898997521312794, 0.11388228289385573], "aligned_model": [[-0.5679574210730794, -0.26814858050919993, 0.3570301385489335, -0.11863555410924202, -0.7629106090338018, -0.040855171620790984, 0.22594051529887627, -0.5744694683200364, 0.3319473201596604, 0.732476356793551, -0.49154874758718087, 0.4320009001982671, -0.1634831735196276, -0.06825791919545057], [-0.5436203411083562, -0.23939175110714436, -0.314012020938947, 0.3137870365616803, 0.06739934879705553, -0.7422481416706188, -0.3854161557940554, -0.2241665897343753, 0.32597319675963443, -0.305405075639693, 0.3102604906010853, 0.255062728354816, 0.598804388294306, -0.022951674030803764], [-0.13558484388069636, -0.6126557834417883, -0.45960578287636966, -0.621841936449727, -0.3166096531561154, 0.23924306400778567, 0.7034217831121441, 0.31754286421375405, 0.6104149485594528, 0.1921195267066168, 0.33316736828104015, -0.15694672773695006, -0.14864145838269915, 0.038900209459761234]], "inverted": false, "swapped": false, "error_lsq": 0.04054945715775715, "error_max": 0.21276892470834713, "target": "38.xyz", "model": "21.xyz", "model_rescale": 4.186013935880536, "target_rescale": 3.8721520006721875},
{"mapping": [9, 5, 6, 12, 3, 8, 11, 2, 7, 0, 1, 4, 13], "R": [[0.25144154669354035, -0.6342818029011098, -0.7310702723438276], [0.7631479924924381, 0.5945029294878896, -0.253320761851608], [0.5953001681094354, -0.49421944654053773, 0.633533620662742]], "T": [0.07597799372171024, -0.11635839704159462, 0.00955152224576598], "aligned_model": [[-0.06437537836369131, -0.3037673075195805, 0.44143379974814434, 0.5300371032120811, -0.2200106087997821, 0.6522367998574365, -0.0006954041884404127, -0.6276184730692345, 0.2915538190959691, -0.22658749340144976, -0.5847076867453457, 0.14864155139948068, 0.02243331419763745], [-0.4125975151522655, 0.249081447751263, 0.2340099151890585, -0.4834755208555439, -0.37471473833253, -0.3078574332460141, -0.7165545914923575, -0.1453439200096711, 0.49760465307288143, 0.6382561728806624, 0.08632902145322677, 0.2918746059155887, -0.03765543762820549], [-0.6959322449948931, -0.5588448108580273, -0.6678673064512712, 0.480555808344518, 0.509566153202583, -0.34081314073038926, 0.09102137686690899, -0.002579135466917532, -0.12446266907616875, 0.2429166611099291, 0.5674292828960285, 0.6000548469655204, 0.0018347395275248052]], "inverted": true, "swapped": true, "error_lsq": 0.047020848350232645, "error_max": 0.23992505222635624, "target": "38.xyz", "model": "22.xyz", "model_rescale": 4.166573947596378, "target_rescale": 3.8721520006721875},
{"mapping": [1, 4, 8, 3, 2, 7, 13, 5, 14, 10, 12, 9, 11, 15], "R": [[-0.13482550217019096, -0.40857574118606704, 0.9027114420892273], [0.9867135500305226, -0.13871194931826633, 0.0845893923757029], [0.09065569011771812, 0.9021224189823591, 0.42184912826589743]], "T": [-0.09952398314045213, -0.01939819853468975, -0.035410712889838464], "aligned_model": [[-0.6831021258089789, -0.27176189357636527, 0.38990427991927823, -0.1361342466467284, -0.6918284149130811, 0.13844185653136898, 0.08094840077915594, -0.3587768370441325, 0.29682461681084077, 0.44926372884032456, -0.26715686151286755, 0.3851726342120411, -0.15870586922389696, -0.14996068233608045], [-0.42587660356244245, -0.31137443745826504, -0.33861171188804606, 0.25525059886325263, 0.10559355128828249, -0.6699976658288329, -0.33376620807239293, -0.6280330205079058, 0.27397997552088377, -0.30833328784842745, 0.48741233660741673, 0.30310148186189784, 0.7495718318225484, -0.06484140145338635], [-0.08348272671065254, -0.6872830097987557, -0.5945545659653491, -0.5689408232959237, -0.32928443027161847, 0.14202164029322156, 0.7297138600506865, 0.4679913058047377, 0.5833095773259533, 0.384458069524674, 0.34462041055502857, -0.18208147191577326, -0.20056495654830006, -0.022999300631720794]], "inverted": false, "swapped": false, "error_lsq": 0.04690169723885641, "error_max": 0.35103761731619143, "target": "38.xyz", "model": "23.xyz", "model_rescale": 4.274766983524099, "target_rescale": 3.8721520006721875},
{"mapping": [2, 4, 0, 5, 7, 6, 9, 8, 11, 12, 13], "R": [[0.39472803371211973, 0.6097236897161205, -0.6873331081802505], [-0.8964857357836475, 0.41944378476679867, -0.14275936731772107], [0.2012538321081519, 0.6725354515707436, 0.7121748110136445]], "T": [0.07621067734557446, 0.12443267625075605, 0.04572099074077192], "aligned_model": [[0.24568400707454918, 0.014873311522113353, -0.373875028441322, -0.4335445703635122, -0.5517869305146506, -0.6358456937115051, 0.000571587953100472, -0.0630568516425698, 0.6364425056117802, 0.5225217557234672, 0.017910610746624124], [-0.16956407822900116, 0.8062480322355376, 0.5021455785022044, -0.34946472206904744, 0.34120068888287436, -0.15765440196212277, -0.6345379497215008, -0.020138264449507587, -0.07676577370334667, 0.545454236360066, 0.1286631853973274], [-0.5714337713286134, -0.18230072252377288, -0.562723034698888, -0.2954505332199391, 0.04197932150194951, 0.40435001158180284, 0.19871232076297124, 0.7174391519163994, 0.18140850426293542, 0.4773886433072984, -0.02980345754056618]], "inverted": false, "swapped": true, "error_lsq": 0.05122637736169889, "error_max": 0.29039565279676177, "target": "38.xyz", "model": "24.xyz", "model_rescale": 3.7841303162186577, "target_rescale": 3.8721520006721875},
{"mapping": [0, 7, 6, 11, 10, 4, 2, 8, 12, 5, 9, 13, 14, 15], "R": [[0.18772612729945581, -0.47267725271295075, 0.8610081973459288], [-0.26239185590750896, 0.8206015670715759, 0.5077042269600351], [-0.9465249151937637, -0.32123088719394843, 0.03002169265759786]], "T": [-0.1382602863791187, -0.12561982713790892, -0.02909473310892937], "aligned_model": [[-0.7132489080236039, -0.4457270675727878, 0.24061147090036833, 0.08902238816124675, -0.6950283401826878, 0.3075731903157918, 0.007451453898308036, -0.4603316820402254, 0.30451441530595236, 0.5806141386791397, -0.29673343681374825, 0.3640775082800851, -0.16826094894404475, -0.0914055959329159], [-0.5415428008491954, -0.2327157880275349, -0.5408825221942528, 0.13068338361974774, 0.348399207126975, -0.6914588340845171, -0.2608908019385004, -0.4401205039089949, 0.32932871350968573, -0.17895949636802738, 0.23968287205589472, 0.43723645908480496, 0.6521118365344261, -0.1567962852159279], [-0.22332684752394755, -0.5919447963795942, -0.4830105159073735, -0.716174655077095, -0.294745621862518, 0.16523249641426468, 0.6984098236115376, 0.3540724941513085, 0.38580802096539096, 0.4706183707089145, 0.3993686924937331, -0.23609603355784534, 0.12430794573889584, -0.06959579535946323]], "inverted": false, "swapped": false, "error_lsq": 0.04748798728206384, "error_max": 0.2650238063620767, "target": "38.xyz", "model": "25.xyz", "model_rescale": 4.19342608120988, "target_rescale": 3.8721520006721875},
{"mapping": [8, 11, 12, 7, 10, 6, 4, 5, 3, 9, 2, 13], "R": [[-0.5933173650262468, -0.1462648174372917, 0.7915687636196539], [0.32871740837124414, 0.8536012798462022, 0.40411597404534594], [-0.7347920588792481, 0.49997145741028226, -0.45837667041750085]], "T": [0.031168635478764035, 0.024126195982978233, -0.08582600023936829], "aligned_model": [[-0.270335706238679, 0.5421380585810938, 0.11844734638524754, -0.5897991054975941, -0.48914955510499714, -0.6097175956572576, -0.18693316034415397, -0.1235472399052733, 0.5206926494208571, 0.18399410287574366, 0.4968067993876027, 0.0052119607291912645], [-0.5465628414553504, -0.3093182663981475, -0.5450870525048392, 0.2602719125396755, -0.2513852741324422, -0.041890998717212566, 0.25472704672969904, 0.5332849714304274, 0.09281285172834498, -0.08539028573544857, 0.5354088296881189, 0.11590553456815535], [0.18787208899735683, -0.06399349799865653, -0.5666257500317935, -0.08162694249050162, -0.38216278363586886, 0.46200493955066935, -0.7338099569208749, 0.47777625734297136, -0.48585133215634213, 0.6690346138753939, 0.047614886531203576, -0.08097406185413586]], "inverted": true, "swapped": true, "error_lsq": 0.04150419039117735, "error_max": 0.18654970104646848, "target": "38.xyz", "model": "26.xyz", "model_rescale": 3.795458400668931, "target_rescale": 3.8721520006721875},
{"mapping": [9, 8, 6, 5, 0, 3, 11, 2, 12, 7, 1, 4, 13], "R": [[0.17373360435352053, -0.12610450526167596, -0.9766853579690045], [0.9789243171517331, 0.13022367427838016, 0.15731807253603045], [0.10734903822274222, -0.9834324828935367, 0.14607099500758508]], "T": [-0.06510044172493855, -0.12533100152759702, 0.028311019015245138], "aligned_model": [[0.04655997559375748, 0.5179367758294269, 0.6547944902822341, -0.014248630598232948, -0.19409647181185402, -0.6183696960843876, -0.3493141623649558, -0.6578459343510806, -0.010091384776609036, 0.36347391311764193, -0.8094556320620309, -0.14721485482724367, -0.08245200512540896], [-0.8006130790617793, -0.464166071328423, -0.2513707675720215, -0.20832960020957325, 0.5963120776001392, -0.03337098903893228, -0.549631132454542, -0.1897191829876147, -0.10023599095255313, 0.28403679356175116, 0.3464410690014157, 0.5634747677055212, -0.07094639100647368], [-0.341405219416524, 0.22003970231047304, -0.39722092349072885, -0.7406834487053404, -0.39363637313568833, 0.32799146776419147, 0.3628907238504186, -0.346578624131428, 0.7760636112072774, -0.2718979042070452, -0.0820602539930069, 0.22688641843559182, -0.04825251438876487]], "inverted": true, "swapped": true, "error_lsq": 0.04144032304063726, "error_max": 0.20046783548522285, "target": "38.xyz", "model": "27.xyz", "model_rescale": 3.6321398670334006, "target_rescale": 3.8721520006721875},
