[{"mapping": [2, 5, 1, 7, 3, 6, 4, 11, 8, 0, 9, 13, 10, 14], "R": [[0.8910083597330803, -0.39977961807829654, -0.21512870532529343], [-0.427417506150773, -0.5789686551760955, -0.6943411062002862], [0.15303064504085268, 0.7106135048623512, -0.6867387191542542]], "T": [-0.0375321617954854, 0.07885109086046185, 0.10419742468970414], "aligned_model": [[0.10346727781291698, 0.2943209696319696, -0.44270128833634054, -0.30035701760660966, -0.5519533400840979, -0.23173409745688628, -0.6656704084279211, -0.011050335440249796, -0.4202442213909551, 0.10299962564011805, 0.6421833717616008, 0.19867668549323145, 0.6096491096382746, 0.043905769893252684], [-0.6926584358478789, -0.5118384220634236, -0.3951041740083522, -0.400642717021093, 0.25869512831944436, 0.4404389776711388, 0.21895072726039994, 0.513560280664634, 0.7399350786567082, -0.07111399003397548, 0.38204808905174104, 0.7100711746181594, -0.06370043967638522, 0.10663205421891715], [0.19136032145268264, -0.4251411072308343, 0.42446752102174956, -0.19336857034309188, 0.5377837394004039, -0.5610871137203415, -0.11881206802019037, 0.6789905286173065, -0.006781485197263931, 0.7476701044748588, 0.4914521059448853, -0.18299628816812077, 0.20948228280031178, 0.10456811614747769]], "inverted": true, "swapped": true, "error_lsq": 0.040268204899725595, "error_max": 0.23624392822578028, "target": "380.xyz", "model": "0.xyz", "model_rescale": 3.8414455957264533, "target_rescale": 4.18473941662427},
{"mapping": [4, 7, 2, 0, 13, 6, 12, 9, 11, 3, 5, 1, 10, 12, 14], "R": [[-0.3252720942051173, 0.8718608645424846, 0.3661375391989313], [0.5718241238382724, 0.48973093537303536, -0.658164707603837], [-0.7531369305299068, -0.004716335217468781, -0.6578468819217028]], "T": [-0.015375775023146054, -0.029195163548448182, -0.07247707869917878], "aligned_model": [[-0.24547266084319305, 0.11934781196935179, -0.5956180172712465, 0.3896375219640366, 0.7194306789747548, -0.5474218953614731, 0.3214831219859501, 0.19841783266573626, 0.588905955116303, -0.47543592085805936, -0.6497891050535094, 0.03080913317023342, -0.3038881847077197, 0.3214831219859501, -0.02595034850979147], [-0.42760039654858534, -0.6353441297850198, -0.4282518872947484, -0.49646694623505094, -0.00956651614756569, 0.1481489565685565, 0.650174683769505, -0.2763918574836745, 0.3295821651246669, 0.0049711770929789685, 0.13947438604545737, 0.10883661511419347, 0.5911854937517842, 0.650174683769505, 0.017894357777372232], [0.21760209722045443, -0.23797024464065286, -0.2931066305778797, 0.3058596494618912, -0.2582758731074651, -0.6160791047039594, 0.012800338757431154, -0.6713892323680684, 0.4095891212981158, 0.5604164395340137, -0.014226802287235343, 0.7803488551836614, -0.05605362242096178, 0.012800338757431154, 0.003251082801474986]], "inverted": false, "swapped": false, "error_lsq": 0.04826306099194346, "error_max": 0.3545180673355527, "target": "380.xyz", "model": "1.xyz", "model_rescale": 4.316132596720782, "target_rescale": 4.18473941662427},
{"mapping": [3, 0, 11, 12, 8, 7, 13, 5, 9, 2, 10, 14], "R": [[-0.7757391192714126, -0.3942832391183192, 0.492716496762976], [-0.5990154192479573, 0.7056959039286893, -0.3783831638451482], [-0.19851787409502267, -0.5886714011472246, -0.7836176587699871]], "T": [-0.13863411497935718, -0.06697709235845906, 0.004926456263340963], "aligned_model": [[-0.18712825117610837, 0.45830444535407266, 0.20742723465970508, -0.3161205859764833, -0.6091594550775922, -0.42171126201635595, -0.33673602680182513, -0.18804501209070046, 0.5155790763668296, 0.18378540632502616, 0.3839379858448503, -0.09232500077963729], [-0.7549641198736314, -0.3781480273190997, -0.48033993081006227, 0.6093346203553063, -0.3465804698530073, -0.007909688101264939, 0.22928006507851972, 0.5963116287224074, 0.13950429002451895, 0.06321597512153798, 0.3535462955011095, -0.010474211105354063], [-0.09147005566093441, 0.06089790273546739, -0.4740653862802045, -0.15909194632761905, -0.5393572322109464, 0.556211417611336, -0.6351524229236278, 0.549762687277594, -0.47806252230956714, 0.7133052954487916, -0.0131820501265296, -0.04053722602433891]], "inverted": false, "swapped": true, "error_lsq": 0.0504458024730049, "error_max": 0.31408913526998566, "target": "380.xyz", "model": "2.xyz", "model_rescale": 3.795458400668931, "target_rescale": 4.18473941662427},
{"mapping": [12, 6, 13, 3, 10, 0, 8, 7, 4, 1, 9, 14], "R": [[0.026492014540843045, 0.7380851285806849, 0.6741873004837766], [0.733079836431437, 0.4441730863292066, -0.5150769095954942], [-0.6796264610675673, 0.5078785409414553, -0.5293082854707201]], "T": [0.13388208598841392, 0.05412648435121862, 0.024603454089370688], "aligned_model": [[-0.19024302450989058, -0.1567220660330728, -0.5556970175599697, 0.21348833240184178, 0.0004918127858968835, 0.25351751171345327, -0.31344161928776204, 0.6586314483005975, 0.253846510341936, 0.7533995858597995, -0.3987639574699612, 0.07479630920069637], [-0.17030257156450168, -0.656670376505714, -0.16616869499945466, 0.0530467599130089, 0.5462717095544205, 0.6713585398882308, -0.397751613183634, -0.230496476764352, -0.5183364811846267, 0.16771661530871357, 0.6908421723276535, 0.09625946249996509], [-0.5757094044557142, -0.12161815229667751, -0.08793247922023732, 0.7164356581048391, -0.4115726005319648, 0.2716009296362928, 0.46223865101298334, -0.15193157016222364, 0.3736213459230472, 0.3322784421944357, -0.09700715193610344, -0.0216322376295768]], "inverted": true, "swapped": true, "error_lsq": 0.04713841138216182, "error_max": 0.2681296191451809, "target": "380.xyz", "model": "3.xyz", "model_rescale": 3.7530521520055578, "target_rescale": 4.18473941662427},
{"mapping": [6, 3, 11, 0, 13, 2, 12, 7, 5, 10, 14], "R": [[0.51775847402983, -0.03436996941034155, -0.8548361642870723], [0.5243457750098292, 0.8022770179150762, 0.285329799976509], [0.6760086321931429, -0.5959616529006083, 0.43340747279244196]], "T": [-0.08048917844240631, -0.06607456080678378, -0.09980448807649413], "aligned_model": [[-0.49368431311009564, -0.0706495067997344, 0.47636750482650825, 0.36632641760853485, 0.13835877097256533, -0.23417483722142568, -0.12039447450877518, -0.6327098922297008, -0.43320680612706497, 0.3576588000916047, -0.015692061057211548], [-0.7055330741476189, -0.07229060892131213, -0.18810095539783991, 0.3712553097103053, -0.7361975966216674, 0.6696447440201218, -0.39812942969208165, 0.201528187532215, 0.24540509947005587, 0.16323312130171622, -0.08361143893954776], [0.07747015521236554, -0.796105184897631, -0.5414838655347224, -0.35552739646867826, 0.09958040174394438, 0.14061802570788362, 0.5357646646714612, 0.004970463006365403, 0.6197860755404748, 0.3537302670779193, -0.0459728288140661]], "inverted": true, "swapped": true, "error_lsq": 0.04990336910969011, "error_max": 0.2310860981842065, "target": "380.xyz", "model": "4.xyz", "model_rescale": 3.7855080009869324, "target_rescale": 4.18473941662427},
{"mapping": [13, 8, 15, 6, 7, 9, 5, 10, 4, 12, 14, 11, 3, 0, 16], "R": [[-0.8169280919163586, 0.558338727379668, -0.1445211339076409], [-0.25685707993943896, -0.576579553370542, -0.7756161802850755], [-0.5163844818765202, -0.5965013697746878, 0.6144372895048271]], "T": [-0.04570949063438207, 0.053842053510393895, 0.05614470334773149], "aligned_model": [[-0.239207329569024, 0.06735743274943454, -0.4831665430584691, 0.40974625013061117, 0.6582855257747348, -0.48656013013650506, 0.45238448061257525, 0.1137066269393488, 0.5825391309277501, -0.45885846035173333, -0.7221178026666155, -0.0018865636087224344, -0.16652914310251044, 0.21746092389722838, -0.09721535331078002], [-0.5727333988334868, -0.5862530328892932, -0.46654993921533766, -0.28953934421998023, -0.05194130830349036, 0.24630296176022723, 0.5468296876739568, -0.05525910168130388, 0.3068179874809256, 0.011066581073150727, 0.04307371535707434, -0.2034227870954528, 0.5986474629762379, 0.7756951075482756, 0.0640861938878719], [0.36408857440718745, -0.21367750694474086, -0.4098398542045841, 0.37351885472731117, -0.17745831270811602, -0.46875865127601324, -0.3487859487256224, -0.6464559751801503, 0.35331070107015883, 0.5951655292806582, 0.04884834535282463, 0.8073640994999419, -0.3573843558409486, 0.19084208495538013, 0.044788828494963906]], "inverted": false, "swapped": false, "error_lsq": 0.03472444698757105, "error_max": 0.24742282681764327, "target": "380.xyz", "model": "5.xyz", "model_rescale": 4.2253639853439635, "target_rescale": 4.18473941662427},
{"mapping": [12, 6, 1, 2, 7, 3, 0, 10, 8, 13, 4, 11, 9, 14], "R": [[0.8417422362511535, -0.4990486158109631, -0.2059623430825873], [-0.4987928569047147, -0.5728896994979837, -0.6503868680331293], [0.20658096139707663, 0.6501906422475427, -0.7311473415953775]], "T": [0.02579409281105165, -0.0988258320679174, 0.0027903530581076946], "aligned_model": [[0.5005429989476196, -0.0849786380113373, -0.43809666538499253, 0.10289035310414739, -0.24490162409878302, -0.5090521591181923, 0.10034092873112804, 0.6498030746482746, -0.29747983580071474, 0.3303275719104615, -0.5695334112918934, 0.03498477446148328, 0.6905127000712606, 0.10870208458932186], [0.01312613609969257, 0.30061823382888775, -0.5523062877516771, -0.8814601038611978, -0.5458408186116062, 0.10326190903227483, -0.282540929258561, -0.293597723216492, 0.5928940052111038, 0.522900697758687, 0.09639625954687586, 0.31120376398579425, 0.13774772885376763, -0.07730372498255948], [-0.5243540763678907, -0.659959636814614, 0.2683640520127178, 0.06794344666959044, -0.33549675677726026, 0.4003707228955279, 0.648535914959966, 0.1542041546260854, -0.11049915093362637, -0.23685339211163342, -0.26440301632948315, 0.5959612735193748, 0.456761649353293, 0.0109830242294011]], "inverted": true, "swapped": true, "error_lsq": 0.03983167456510466, "error_max": 0.22495260343244972, "target": "380.xyz", "model": "6.xyz", "model_rescale": 3.89814844738969, "target_rescale": 4.18473941662427},
{"mapping": [11, 3, 4, 9, 6, 1, 0, 13, 10, 2, 7, 12, 14], "R": [[0.7722273336699422, 0.6228151669685549, -0.1255635812126386], [0.2684748064096341, -0.4989985131559952, -0.8239670880511039], [-0.5758352398527908, 0.6025792492793269, -0.5525504727005865]], "T": [-0.03545116142784027, 0.11205684863993504, -0.016373921189428847], "aligned_model": [[-0.15734232019257977, 0.0323193639513856, 0.486144011312522, -0.41983361853540374, 0.7036997031848466, -0.33983572419187535, -0.607767250124454, 0.42118785806636166, -0.4912356019118328, -0.6231447211640719, -0.009792040142072203, 0.21111511643421216, -0.056882975782815835], [-0.3737076804604469, 0.18529764076996924, 0.4506882860474779, -0.6306078777152239, 0.12971420569097064, 0.6345061858960438, -0.024965054185179802, -0.4320276018572209, -0.206767971223551, 0.5789647003519569, 0.7068654962739541, -0.09524768450218102, 0.04106862038391661], [-0.535253335728982, -0.7055858342058734, -0.2941976498625626, 0.05150129756394242, 0.2374132452209374, -0.3710079251355882, -0.347998846613625, 0.1629764593069158, 0.3589402356873084, 0.2271799746897914, 0.16550796417407113, 0.6255224237832723, 0.027277021956688435]], "inverted": false, "swapped": true, "error_lsq": 0.04803779192560599, "error_max": 0.3005650485584878, "target": "380.xyz", "model": "7.xyz", "model_rescale": 3.7474275329858107, "target_rescale": 4.18473941662427},
{"mapping": [3, 8, 4, 5, 9, 13, 11, 4, 7, 0, 1, 6, 12, 10, 14], "R": [[-0.33377108019792473, -0.31405898127398124, 0.8887990899549009], [-0.30855362418803334, 0.9273266833701881, 0.21180151866801383], [-0.8907252814554781, -0.2035489587072266, -0.4064188656857151]], "T": [-0.07600433774114097, 0.06919853840207063, 0.02179632640867284], "aligned_model": [[-0.13883378666704466, 0.0931613149702895, -0.22061598944259547, 0.4227685422044022, 0.635245290779019, -0.3016629597755448, 0.3473116806904954, -0.22061598944259547, 0.5301419135825497, -0.3934469907290206, -0.8197418349006638, 0.17023767200909085, -0.25859965225286863, 0.1174705570408086, -0.11688072283899863], [-0.47175460224587557, -0.5539752087338314, -0.36283562599959923, -0.34859580738975826, -0.05824039949707324, 0.2949381477316397, 0.4621131790813244, -0.36283562599959923, 0.21548960052519128, 0.13641909760625343, 0.0766321638518365, 0.006636114529625786, 0.6068364792081042, 0.6724977285734475, 0.05349554427768946], [0.48822606061887835, -0.19785744360185742, -0.6143324316485731, 0.32128749969612436, -0.21949959797769386, -0.8185795679230462, -0.20820712849787076, -0.6143324316485731, 0.29577311205509166, 0.5953159826640231, 0.12950471318247148, 0.7979335012373985, -0.21954785629222995, 0.4387626462906709, -0.018880645246563344]], "inverted": false, "swapped": false, "error_lsq": 0.04761875281345087, "error_max": 0.3526860923719236, "target": "380.xyz", "model": "8.xyz", "model_rescale": 4.019505241142653, "target_rescale": 4.18473941662427},
{"mapping": [12, 7, 10, 9, 13, 11, 0, 6, 8, 4, 1, 3, 14], "R": [[0.033429749264880126, -0.028850253131289673, 0.9990245816587038], [-0.08168179690288269, -0.9963182540514522, -0.026038830591685772], [0.996097653806495, -0.08073165140220281, -0.0356632099378299]], "T": [-0.07612913590991707, -0.014537479940686611, -0.0386864784252903], "aligned_model": [[-0.31717312928784763, -0.6619338146933581, 0.011534788960138223, 0.5230948742645969, 0.19975334551037718, 0.6321515198536981, 0.2959706198060068, -0.32656196584747454, 0.23655938604267704, -0.2447605516527855, -0.24943223187729638, 0.26302594474625285, -0.04252801408380864], [-0.6311913802170539, 0.16541656162277682, -0.06508094852217697, -0.1584831521537755, -0.6921008099544462, 0.10675943175168262, 0.4854942179931276, -0.6454089111040568, -0.3821553300707592, -0.05147057092971691, 0.6431637213074697, 0.3471762481214586, -0.0587408497304713], [-0.31696112164614687, 0.07079484084496075, -0.7020188478755651, -0.608000138463889, 0.00017780656296510072, 0.022026378820874368, -0.2990820837165198, 0.3490613052971454, 0.5637252432609163, 0.620189982874658, 0.13091221145213291, 0.45029933832432667, -0.1044214216919795]], "inverted": false, "swapped": true, "error_lsq": 0.04770089417424986, "error_max": 0.24897742532107137, "target": "380.xyz", "model": "9.xyz", "model_rescale": 3.877068213659057, "target_rescale": 4.18473941662427},
{"mapping": [4, 3, 13, 5, 12, 14, 11, 6, 0, 7, 2, 1, 9, 8, 15], "R": [[-0.7635459581322617, -0.18435869839161534, 0.6188775647470479], [0.4330529986718702, -0.8571168357064265, 0.2789548893457587], [0.4790226196759275, 0.48100166348563983, 0.7342851827204875]], "T": [-0.0313336105468428, 0.011192487839042954, -0.08058606938860635], "aligned_model": [[-0.3487124790735096, 0.09389106568966851, -0.5487988545519409, 0.47562159355638445, 0.6916197452325599, -0.48641924950670934, 0.44011555670289804, 0.16805966298316405, 0.6271748720282412, -0.4076294543591721, -0.6809122277460143, 0.21327551802009154, -0.36290987129717495, -0.07416811090283787, 0.045731278451674455], [-0.4258746350060877, -0.6109573161739893, -0.3579524551063498, -0.3970543421896298, -0.09259711515325342, 0.25685317013234277, 0.568087925490867, -0.266277789138513, 0.27545057020288993, 0.10589094564276474, 0.11597931479041129, -0.0660665135735927, 0.5673476563574721, 0.6545398371542858, 0.039451532089756984], [0.32725417345849594, -0.0774644422116878, -0.5205863288297329, 0.3522261174161615, -0.23794355853841492, -0.6654530944688943, -0.19130386599698113, -0.5939642370095466, 0.2803852312930864, 0.6375505537103501, 0.0055690170809765405, 0.7483313155936863, -0.2086247968764982, 0.3431972827105545, -0.043606954423304256]], "inverted": true, "swapped": false, "error_lsq": 0.03188992799509786, "error_max": 0.18496274192394419, "target": "380.xyz", "model": "10.xyz", "model_rescale": 4.260839863003843, "target_rescale": 4.18473941662427},
{"mapping": [0, 2, 7, 1, 4, 3, 11, 10, 12, 6, 13, 14], "R": [[-0.8744818383075108, 0.28684768136518723, 0.39115204481854937], [0.4604481957923723, 0.23730400275385355, 0.8553796053615893], [0.15254171056424423, 0.928119183064554, -0.33959653791774613]], "T": [0.020561237033551387, 0.016655899372211912, -0.023098383487078974], "aligned_model": [[0.2762140071526731, 0.12646941864771685, -0.3262174222395218, -0.3423707455649506, -0.6290927334340967, -0.38493588730890943, 0.1883943714519821, 0.6653019295265664, 0.3266003859549705, -0.27838988588505653, 0.2348693010885594, 0.10205590970419712], [0.08314724348983922, -0.6875606624443668, -0.49749352826718296, -0.2584425824817931, 0.15152777397470063, 0.40218635960245247, 0.6168559040021647, -0.16400025499868404, -0.12247514577706535, 0.14602935056700017, 0.47143403271721607, 0.031870015148652606], [-0.6448027832505515, -0.3630508117386552, 0.03104647369808909, -0.5559865050398369, 0.13077849891382282, -0.43771684083124024, -0.3859378419029544, -0.06694164559122662, 0.6115539686967397, 0.6875030835687991, 0.5097829780689714, -5.049719645265627e-05]], "inverted": false, "swapped": true, "error_lsq": 0.04321622614226053, "error_max": 0.232370242602311, "target": "380.xyz", "model": "11.xyz", "model_rescale": 3.890672605050136, "target_rescale": 4.18473941662427},
{"mapping": [10, 9, 13, 5, 12, 1, 0, 7, 2, 3, 8, 11, 4, 14], "R": [[-0.31422141499319833, 0.8511446559346632, -0.4204969405757151], [0.5111692663542091, 0.5249300562706429, 0.6805544924240821], [0.7999818019771276, -0.0011003170288048092, -0.6000232543892481]], "T": [0.09988156871111485, 0.0057697222712537995, 0.14737035162110956], "aligned_model": [[0.3442451271637144, 0.152718383796202, 0.5098343379235959, 0.6839694494798122, 0.8119892106123318, -0.4170899797480284, -0.37971143601636803, 0.1803465722557127, 0.04956644578563961, -0.5272942889936337, 0.03493348819707488, -0.34317413189887425, -0.03501775953658122, 0.14456041577309586], [-0.19855919747240983, 0.24624992341900506, 0.6057356669654713, -0.6233779433515498, 0.07745733279389133, -0.42043479270644335, -0.1470056368215147, -0.45002199738666726, -0.774415610011194, 0.2427180383129528, 0.6996808865041144, 0.4449149376095428, 0.20387295606458247, 0.025337955907984006], [-0.4432103644179066, -0.6546803688776945, 0.05413283447379645, 0.19485135069194748, 0.08766600192384236, 0.35342538868564377, -0.30312497340230216, 0.5636827697935597, 0.04020506787657563, 0.3357212417785883, 0.47916233601891267, -0.21444950017328268, 0.7849251169860438, 0.07648353399913752]], "inverted": false, "swapped": true, "error_lsq": 0.04375024174749746, "error_max": 0.22797527423377392, "target": "380.xyz", "model": "12.xyz", "model_rescale": 4.124412569039231, "target_rescale": 4.18473941662427},
{"mapping": [11, 4, 6, 0, 13, 9, 1, 10, 7, 2, 12, 5, 14], "R": [[0.10825671230177714, -0.9694638656792296, 0.22004612558255854], [-0.5709944096934916, 0.12055666305865909, 0.8120538621858417], [-0.8137849029936544, -0.2135553889145525, -0.5405073797138785]], "T": [0.05203213865913142, 0.13494763444446092, 0.08668639356842864], "aligned_model": [[-0.2522583160347485, 0.012117890202077576, 0.6460406443409632, -0.4707960174176186, 0.6203231881823064, 0.139796033487229, -0.5603132881160482, 0.19631588694109625, 0.008605349239083071, -0.23763484612635122, 0.7488752313376446, 0.4188732928237152, 0.09735325865040861], [-0.37531266512118355, 0.6646926238949231, 0.5083121806416051, -0.26939357026422717, -0.12314076822204614, -0.6971123908190286, 0.43688561580530383, -0.3419222914198612, 0.6805014619742388, 0.28359863109229666, 0.09767091142326934, 0.41837279318172615, 0.06433284434146114], [0.4954677838241579, 0.5129444113966314, 0.4313841155959335, -0.052793740449005255, 0.47028683911366154, 0.02438528966029105, -0.07216914622338141, -0.36278742334224423, -0.20999841099194302, -0.632132833681801, -0.08308158526261317, -0.6374252206860369, 0.0676180020141886]], "inverted": true, "swapped": true, "error_lsq": 0.04853067734413736, "error_max": 0.3249579705031703, "target": "380.xyz", "model": "13.xyz", "model_rescale": 3.9028299243045295, "target_rescale": 4.18473941662427},
{"mapping": [6, 1, 2, 11, 12, 0, 13, 8, 14, 7, 3, 9, 4, 10, 15], "R": [[-0.6334511291072759, -0.7334682951592189, -0.24650340165796175], [-0.34888257260723676, 0.5550797263685819, -0.7550943304684101], [0.6906667919942826, -0.3923146152908521, -0.6075101851537282]], "T": [-0.03209771289320056, 0.015433917735725632, -0.07395591257174307], "aligned_model": [[-0.3359804939586541, 0.10546101456339532, -0.26881474826181534, 0.5067979005587508, 0.5895904091568339, -0.6323398517460119, 0.6154430394192714, 0.05474283584317282, 0.6263756876313868, -0.4004556429057003, -0.6509125184029272, 0.03085052986614515, -0.4199676791538795, 0.07046108116643432, -0.04531251854907874], [-0.4204809951403821, -0.6091841428062414, -0.5092605243822028, -0.34896326421885726, -0.11884304086089001, 0.15428728377712495, 0.4679554789833336, 0.034607030481617194, 0.23781109810145837, 0.3612672820374596, -0.02802603522764894, -0.09134785017195288, 0.5675955496801373, 0.6500618708368266, 0.019341044429593404], [0.3285881301780883, 0.04062432432851641, -0.5330970206557766, 0.27627672429085687, -0.3562923541672804, -0.6286139394036858, -0.16651163900646637, -0.8411574965119892, 0.4737774379165445, 0.6779348210922786, -0.011755316043000799, 0.6912111471215525, -0.137498774988639, 0.30298129301124843, 0.03909907574600348]], "inverted": true, "swapped": false, "error_lsq": 0.049101140706538635, "error_max": 0.3224033626966429, "target": "380.xyz", "model": "14.xyz", "model_rescale": 3.942246331269136, "target_rescale": 4.18473941662427},
{"mapping": [3, 1, 12, 2, 0, 13, 8, 12, 7, 10, 4, 5, 11, 6, 14], "R": [[-0.725832187221721, 0.46892496510460846, -0.5032663440908545], [0.03137250810246958, 0.7534337643638028, 0.6567749450549635], [0.6871560242974613, 0.46091966742397916, -0.5615778293820682]], "T": [-0.060195821800268876, 0.09324881475767642, 0.12592621823013295], "aligned_model": [[-0.43613722342762107, 0.09221169492017668, -0.16502511620947632, 0.5842067375031674, 0.6177488483237342, -0.5093440317553211, 0.3810050499357775, -0.16502511620947632, 0.6996842249662254, -0.5003704087216801, -0.6463937847744964, 0.08739938176328872, -0.33056241845438705, 0.1235822075794021, 0.012958999788009476], [-0.5192258612764346, -0.6765879665083311, -0.3627591238849238, -0.20586255083596172, -0.0748073908797733, 0.17687227599319144, 0.5408334828817354, -0.3627591238849238, 0.4127437777795956, 0.39247602542858184, 0.0987489766533897, -0.41288020925422875, 0.712454867557531, 0.6086758512019491, 0.03889775454797849], [0.11639919036099042, -0.07597651785266246, -0.5442557250444845, 0.40507788162366626, -0.10399902802494315, -0.5465340770516635, -0.32557204525204264, -0.5442557250444845, 0.3528288212535714, 0.6010156050467996, 0.12354433943561341, 0.4792371650275715, -0.11406709885649596, 0.2414683982252332, 0.0906552290615816]], "inverted": false, "swapped": false, "error_lsq": 0.053741330383689154, "error_max": 0.34790921191942814, "target": "380.xyz", "model": "15.xyz", "model_rescale": 4.355366556412066, "target_rescale": 4.18473941662427},
{"mapping": [3, 0, 11, 12, 8, 7, 13, 5, 9, 2, 10, 14], "R": [[-0.7757391192714126, -0.3942832391183192, 0.492716496762976], [-0.5990154192479573, 0.7056959039286893, -0.3783831638451482], [-0.19851787409502267, -0.5886714011472246, -0.7836176587699871]], "T": [-0.13863411497935718, -0.06697709235845906, 0.004926456263340963], "aligned_model": [[-0.18712825117610837, 0.45830444535407266, 0.20742723465970508, -0.3161205859764833, -0.6091594550775922, -0.42171126201635595, -0.33673602680182513, -0.18804501209070046, 0.5155790763668296, 0.18378540632502616, 0.3839379858448503, -0.09232500077963729], [-0.7549641198736314, -0.3781480273190997, -0.48033993081006227, 0.6093346203553063, -0.3465804698530073, -0.007909688101264939, 0.22928006507851972, 0.5963116287224074, 0.13950429002451895, 0.06321597512153798, 0.3535462955011095, -0.010474211105354063], [-0.09147005566093441, 0.06089790273546739, -0.4740653862802045, -0.15909194632761905, -0.5393572322109464, 0.556211417611336, -0.6351524229236278, 0.549762687277594, -0.47806252230956714, 0.7133052954487916, -0.0131820501265296, -0.04053722602433891]], "inverted": false, "swapped": true, "error_lsq": 0.0504458024730049, "error_max": 0.31408913526998566, "target": "380.xyz", "model": "16.xyz", "model_rescale": 3.795458400668931, "target_rescale": 4.18473941662427},
{"mapping": [11, 3, 4, 9, 6, 1, 0, 13, 10, 2, 7, 12, 14], "R": [[0.7722273336699422, 0.6228151669685549, -0.1255635812126386], [0.2684748064096341, -0.4989985131559952, -0.8239670880511039], [-0.5758352398527908, 0.6025792492793269, -0.5525504727005865]], "T": [-0.03545116142784027, 0.11205684863993504, -0.016373921189428847], "aligned_model": [[-0.15734232019257977, 0.0323193639513856, 0.486144011312522, -0.41983361853540374, 0.7036997031848466, -0.33983572419187535, -0.607767250124454, 0.42118785806636166, -0.4912356019118328, -0.6231447211640719, -0.009792040142072203, 0.21111511643421216, -0.056882975782815835], [-0.3737076804604469, 0.18529764076996924, 0.4506882860474779, -0.6306078777152239, 0.12971420569097064, 0.6345061858960438, -0.024965054185179802, -0.4320276018572209, -0.206767971223551, 0.5789647003519569, 0.7068654962739541, -0.09524768450218102, 0.04106862038391661], [-0.535253335728982, -0.7055858342058734, -0.2941976498625626, 0.05150129756394242, 0.2374132452209374, -0.3710079251355882, -0.347998846613625, 0.1629764593069158, 0.3589402356873084, 0.2271799746897914, 0.16550796417407113, 0.6255224237832723, 0.027277021956688435]], "inverted": false, "swapped": true, "error_lsq": 0.04803779192560599, "error_max": 0.3005650485584878, "target": "380.xyz", "model": "17.xyz", "model_rescale": 3.7474275329858107, "target_rescale": 4.18473941662427},
{"mapping": [6, 7, 4, 5, 13, 9, 8, 1, 12, 11, 10, 2, 0, 14], "R": [[-0.9934416510394479, -0.0643254798096293, -0.09452998797882625], [-0.08351634553131868, 0.972888673006653, 0.21566791593662565], [0.07809421239188888, 0.22214828962342925, -0.9718803585875557]], "T": [0.07132366968342645, 0.009579696545972793, 0.042902864704495274], "aligned_model": [[0.5133792055451885, 0.07845655272225471, 0.7019241554976312, -0.4484161621516795, 0.24422702503452326, -0.3905352421433603, 0.7559195257362356, 0.11875988419334843, -0.14090799368054224, 0.2020643040301789, -0.560913210643794, -0.4655334954100954, -0.21116999302751965, 0.017593092180506996], [-0.4892440333975294, 0.31048027874249684, 0.11658367134999303, -0.04028814769573283, -0.6907125044813357, -0.33684531464317913, -0.30196948031354115, 0.7070262432682487, -0.5900538742459572, 0.0065467221699199996, -0.16791894045017436, 0.5065024658953282, 0.3808545837700848, -0.05055342845738871], [-0.36553990779801293, -0.5020234602625567, -0.19121671052922934, -0.6401956554278182, 0.17100011397340917, 0.6516588680538024, 0.21634594526285789, -0.008930221460867145, -0.29056125386662346, 0.7520983009187163, 0.1808166033928535, -0.25299797668268237, 0.5314190743048381, 0.07292099878296762]], "inverted": true, "swapped": true, "error_lsq": 0.035174595920150785, "error_max": 0.20992304852341323, "target": "380.xyz", "model": "18.xyz", "model_rescale": 3.922800546911778, "target_rescale": 4.18473941662427},
{"mapping": [8, 12, 5, 13, 7, 0, 9, 3, 11, 6, 1, 4, 2, 10, 14], "R": [[-0.6154987154137938, -0.27710871253476776, -0.7378157580055424], [-0.7747535373380492, 0.04094035308930266, 0.6309364816454214], [-0.14463155847238052, 0.9599659623790037, -0.23988968999855687]], "T": [-0.06568188447476203, -0.032609842159277466, 0.04664539772416337], "aligned_model": [[-0.32677665282296814, 0.20779193548004077, -0.4969517895869114, 0.40913912496499333, 0.6597417794309679, -0.44668708514994976, 0.34075033731849474, 0.10039855226952807, 0.5573953482694403, -0.4421715971648068, -0.7684286457676133, 0.12476936818011819, -0.16812148775573682, 0.0770927995997766, 0.01799705796195024], [-0.47987149465839507, -0.6516825771156541, -0.5228773747209244, -0.41772953621468734, -0.07063014932675442, 0.0636314029558394, 0.6067761367564154, -0.021310981392902342, 0.178132280482926, 0.14910303198265112, 0.19961299010389943, 0.06961818008684058, 0.6314721532724452, 0.6558045913954687, -0.023227868087792584], [0.37249381365797435, -0.35407278653938257, -0.3485478912449018, 0.3597613140642059, -0.28580908509586517, -0.6909285277057085, -0.2512498942312512, -0.5709619758242044, 0.3197866295967799, 0.595283438259778, 0.03241270283098127, 0.7374021500776957, -0.20160889490910433, 0.4419953749901546, -0.00038995501890111417]], "inverted": true, "swapped": false, "error_lsq": 0.03446963286887465, "error_max": 0.22440710253650464, "target": "380.xyz", "model": "19.xyz", "model_rescale": 3.9282355846067225, "target_rescale": 4.18473941662427},
{"mapping": [5, 7, 4, 2, 10, 1, 0, 3, 9, 13, 6, 12, 8, 14], "R": [[-0.9012788869464446, 0.2506514461982605, -0.35336980694917713], [0.37755797794901824, 0.05439684975382503, -0.9243868000052298], [-0.21247668397174052, -0.9665478959966654, -0.14366218539613274]], "T": [0.004290281194139038, -0.07357492882110798, 0.0030991154692549504], "aligned_model": [[-0.7067185546590649, -0.09523984695918744, 0.5288379093493352, -0.4622323547019642, -0.5705009216455166, 0.19996535966519968, -0.0027481678976259485, 0.6397903346278936, -0.30126064024814997, 0.0340869203057629, 0.15229146525641774, -0.44468359510612404, 0.6104212591629155, -0.0494863480652154], [-0.5554394574431014, -0.6414139036555259, -0.4963121711346086, -0.2838163029180008, 0.27175492625613784, -0.26023454550655734, 0.40179775505375753, 0.0600607875774188, 0.6947791821397888, 0.12111400922251302, -0.4974458118058355, -0.21849992488743997, -0.054451660607803806, -0.019010794865907156], [-0.03579682630918524, -0.2318251069462498, 0.10340768239414452, -0.5976174209754543, -0.021635528875410332, -0.6436141130698483, -0.4767623958622947, -0.24839898824953272, 0.14514984232521722, 0.7087350131407812, 0.6430153856360825, 0.5445972414534732, 0.480651642506387, 0.042276730075572186]], "inverted": true, "swapped": true, "error_lsq": 0.041627318799320634, "error_max": 0.2849430199453934, "target": "380.xyz", "model": "20.xyz", "model_rescale": 4.067790424073018, "target_rescale": 4.18473941662427},
{"mapping": [0, 3, 2, 12, 11, 4, 13, 6, 10, 7, 8, 9, 5, 1, 14], "R": [[-0.39815284641736465, 0.25233053514212433, -0.8819317501511325], [0.4315624010084824, -0.7968544536771154, -0.4228201434306785], [-0.809461676007916, -0.5489556272503588, 0.20837349731820715]], "T": [-0.031203245926966668, 0.019329120222308347, -0.04535393062429127], "aligned_model": [[-0.47123399476643957, 0.2186438295876009, -0.4284208797110613, 0.4244199241819666, 0.5801022626005525, -0.6151267849750455, 0.43464204734363415, 0.0738168620397208, 0.6070975883073779, -0.41316754180191684, -0.5331882691493248, 0.2201239558120266, -0.2086635384061326, -0.07384829119831701, 0.030741875362681283], [-0.4674841378387802, -0.7683417706487065, -0.48973849528631486, -0.41991866990652404, -0.14307998535221012, 0.14974089363310397, 0.5287579739801457, -0.1029905629974439, 0.3617121641921632, 0.09983454088935495, 0.2620638115194607, 0.118562994351323, 0.5410459199578014, 0.6597153887113515, 0.036940720314650524], [0.2263882659015326, -0.24758158249737097, -0.41520558438598715, 0.3864825808294191, -0.17937300258624767, -0.5787379992256103, -0.1619468582562941, -0.7675489006393532, 0.3375725868321845, 0.5904810409907981, 0.07405629852873481, 0.6833690451081091, -0.25697988915691117, 0.46591109705049727, -0.0013206855852498783]], "inverted": true, "swapped": false, "error_lsq": 0.04442795841915745, "error_max": 0.30286875033020255, "target": "380.xyz", "model": "21.xyz", "model_rescale": 4.186013935880536, "target_rescale": 4.18473941662427},
{"mapping": [8, 4, 3, 9, 12, 11, 13, 6, 1, 7, 5, 10, 14], "R": [[0.33709310031431305, 0.5461490679033318, -0.7668698959724565], [0.025307691711078273, 0.8089932119488155, 0.5872729380458427], [0.9411311080081997, -0.2173733623263462, 0.25888425771026996]], "T": [0.06128690710543325, 0.056031425325112176, 0.034315274679602145], "aligned_model": [[-0.09275921580952029, -0.29924296915392734, 0.36619835740448115, 0.6252702497632325, -0.3758950641991936, 0.6546451796646064, -0.11232908776089329, -0.6034586427207341, 0.23648650649052766, -0.3257867107524067, -0.4109022573505051, 0.31258286828828885, 0.08376482155926898], [-0.3863012570659406, 0.1609867006382684, 0.19235438924254786, -0.4353303177804442, -0.3326943309794354, -0.24000610246209975, -0.6551386111503121, -0.2984451168934178, 0.7056974799611108, 0.5413991037844216, 0.34530943975229433, -0.07553939079903438, -0.003335326701865711], [-0.5792223916650981, -0.5339464584583419, -0.5767617873764819, 0.41430769702754, 0.45092687663157427, -0.2491423441583216, 0.005884517958729879, -0.17430745599329062, -0.16217306246101026, 0.08045602775335507, 0.6920352046131001, 0.6424179786186632, 0.09240475884492794]], "inverted": true, "swapped": true, "error_lsq": 0.05261927195102953, "error_max": 0.31402483354022304, "target": "380.xyz", "model": "22.xyz", "model_rescale": 4.166573947596378, "target_rescale": 4.18473941662427},
{"mapping": [10, 13, 14, 5, 6, 11, 2, 12, 1, 8, 9, 7, 3, 4, 15], "R": [[-0.24606293554020853, 0.6505459104436482, -0.7185005568253793], [0.13557588781300284, -0.7109037200145868, -0.6900978767632445], [-0.9597250702138875, -0.2672188602521667, 0.08672871686172778]], "T": [-0.055308145079743874, 0.07388037464481374, -0.00312319193240433], "aligned_model": [[-0.3153441418499825, 0.10951128908192545, -0.35833931947249137, 0.5444596412672166, 0.6122799272620931, -0.3491659327782709, 0.34058159398846605, -0.0078082152984750505, 0.6064587257367197, -0.5070901743242572, -0.6477856222850611, 0.03759641769593653, -0.2707058776958987, 0.04101189435950967, 0.010278839539892677], [-0.5552429711796433, -0.748157443517272, -0.5834146850786179, -0.4042923283818286, 0.029417354837336776, 0.3804154874929397, 0.5738064873534438, -0.12881210638042556, 0.2520900134018364, 0.36114754396010684, 0.09493555254241522, -0.2860686024212222, 0.6254413029693817, 0.6833105398730158, 0.0722446400479087], [0.30916886564579865, 0.11478150911759298, -0.3226745571768178, 0.3173318747181431, -0.36569296108501, -0.6677863792886155, -0.2179590258187338, -0.624445065067275, 0.19284873006413808, 0.6030531122122518, -0.09786644905510046, 0.6077737910154489, -0.10709920428921986, 0.3958390081278781, 0.018293163787771953]], "inverted": false, "swapped": false, "error_lsq": 0.04412460811082971, "error_max": 0.32227948059707945, "target": "380.xyz", "model": "23.xyz", "model_rescale": 4.274766983524099, "target_rescale": 4.18473941662427},
{"mapping": [1, 10, 5, 7, 12, 6, 4, 13, 11, 9, 14], "R": [[0.08867434031724264, 0.6136924078443067, -0.7845498645233195], [0.9511943090601462, -0.2859064848839209, -0.11613297685373986], [-0.2955778201775174, -0.7359613511969074, -0.6090932947944261]], "T": [0.04515123804438809, 0.0068060375686077035, -0.02506831140913185], "aligned_model": [[0.2889092598504481, 0.12920198756333665, -0.5667712027384886, -0.3222810284138266, -0.49766144845777877, -0.5581302386551967, -0.15558923196380522, -0.14249471211155182, 0.6792434915751697, 0.47554109174916875, 0.04992673556059952], [-0.3099064709347976, 0.6706433934267817, 0.4172986383825841, -0.18223459995128372, 0.38933899442707615, -0.2575619474686454, -0.6404534180424819, 0.13229641645161505, -0.02405539892292373, 0.6374990995094301, 0.08272182436612877], [-0.6009535105295483, -0.07511703539803818, -0.4681107857110434, -0.49067963532662673, 0.24847133986422199, 0.3959123735501952, 0.043322182546648616, 0.6718928098734513, 0.3170355688669773, 0.32263652012580163, 0.015156606159537706]], "inverted": true, "swapped": true, "error_lsq": 0.051013056275925145, "error_max": 0.24091848258107257, "target": "380.xyz", "model": "24.xyz", "model_rescale": 3.7841303162186577, "target_rescale": 4.18473941662427},
{"mapping": [2, 12, 9, 5, 13, 10, 11, 14, 3, 1, 8, 4, 7, 6, 15], "R": [[-0.3728959277314785, 0.06807488073127538, -0.9253725939829334], [-0.9243637432292509, -0.11391209386455603, 0.3641094685319244], [-0.08062442114203283, 0.9911558129198534, 0.10540330749410537]], "T": [-0.13572868238589206, 0.09729005885624545, -0.023494920927875723], "aligned_model": [[-0.268160557761277, 0.2802666028812518, -0.2926658573443093, 0.34206412675524345, 0.5565477884073817, -0.4058109732178642, 0.35799849249321725, 0.03662221956010167, 0.6010689698574574, -0.5931678990482747, -0.6408826575167629, 0.027238692123712577, -0.27525873340141105, 0.2112591923567859, -0.09118036091792965], [-0.5568719152288075, -0.5231777834725015, -0.38921911272453047, -0.48519248343190025, 0.0029237988657603575, 0.2919642560683825, 0.6014529828658517, -0.2981097433008788, 0.11600509180699684, 0.24612187048179576, -0.0887210504919001, 0.020571272166463844, 0.7118497432576802, 0.5812438720438536, 0.135979986613108], [0.3276844320713105, -0.15441277952460244, -0.30778395977739226, 0.4256897458921798, -0.37541578452146585, -0.7266397270638258, -0.3259528386663, -0.6892674987373489, 0.30174476733831923, 0.5436336788718225, 0.2207940723718938, 0.700563229687563, -0.1836614569841781, 0.3856683395510708, 0.012922192399204654]], "inverted": true, "swapped": false, "error_lsq": 0.04337227794782014, "error_max": 0.2322413325047447, "target": "380.xyz", "model": "25.xyz", "model_rescale": 4.19342608120988, "target_rescale": 4.18473941662427},
{"mapping": [3, 0, 11, 12, 8, 7, 13, 5, 9, 2, 10, 14], "R": [[-0.7757391192714126, -0.3942832391183192, 0.492716496762976], [-0.5990154192479573, 0.7056959039286893, -0.3783831638451482], [-0.19851787409502267, -0.5886714011472246, -0.7836176587699871]], "T": [-0.13863411497935718, -0.06697709235845906, 0.004926456263340963], "aligned_model": [[-0.18712825117610837, 0.45830444535407266, 0.20742723465970508, -0.3161205859764833, -0.6091594550775922, -0.42171126201635595, -0.33673602680182513, -0.18804501209070046, 0.5155790763668296, 0.18378540632502616, 0.3839379858448503, -0.09232500077963729], [-0.7549641198736314, -0.3781480273190997, -0.48033993081006227, 0.6093346203553063, -0.3465804698530073, -0.007909688101264939, 0.22928006507851972, 0.5963116287224074, 0.13950429002451895, 0.06321597512153798, 0.3535462955011095, -0.010474211105354063], [-0.09147005566093441, 0.06089790273546739, -0.4740653862802045, -0.15909194632761905, -0.5393572322109464, 0.556211417611336, -0.6351524229236278, 0.549762687277594, -0.47806252230956714, 0.7133052954487916, -0.0131820501265296, -0.04053722602433891]], "inverted": false, "swapped": true, "error_lsq": 0.0504458024730049, "error_max": 0.31408913526998566, "target": "380.xyz", "model": "26.xyz", "model_rescale": 3.795458400668931, "target_rescale": 4.18473941662427},
{"mapping": [11, 13, 9, 0, 2, 4, 8, 3, 6, 10, 7, 5, 14], "R": [[0.7000645066172138, -0.6004493187588229, -0.38648454325737636], [0.544222390650509, 0.0982321174970231, 0.8331701150465588], [-0.4623112329258744, -0.7936063675992758, 0.39554678258891385]], "T": [-0.13628753963240647, -0.02950088710016767, -0.059815302271073116], "aligned_model": [[-0.004626596793949084, 0.30289468451476953, 0.5824502426998747, -0.08555429952843085, -0.25188051491521146, -0.6746518844985295, -0.2832758993659943, -0.5899265235940694, -0.169626513481344, 0.42570685806104724, -0.5209508754360488, 0.019507010846185446, -0.05038930568704243], [-0.6406541454174163, -0.39410910181077946, -0.27388982112980975, -0.13156390812269925, 0.6411932816800285, -0.22498025290314955, -0.6587576110301283, -0.5043518053257516, -0.1162804537675081, 0.22251601459695292, 0.4413828662878077, 0.7934514178470865, -0.032074977647718564], [-0.41928375725583966, 0.39941608400417067, -0.4170237338582614, -0.7256268946046069, -0.45920578584978333, 0.3087907863421298, 0.3623781076867997, -0.291544446912718, 0.7163428828832432, -0.3260843701714636, 0.07374871575929526, 0.13439449335064885, -0.06416541927418876]], "inverted": true, "swapped": true, "error_lsq": 0.04168246068006365, "error_max": 0.2720048651627263, "target": "380.xyz", "model": "27.xyz", "model_rescale": 3.6321398670334006, "target_rescale": 4.18473941662427},
