[{"mapping": [1, 7, 8, 12, 4, 13, 11, 3, 10, 0, 2, 5, 6, 15], "R": [[-0.009248630857486506, 0.3953333143137284, -0.9184911722063447], [0.9455392120078793, -0.2954238199663125, -0.13667613234222975], [-0.3253767990849699, -0.8697334862992426, -0.37107088463928883]], "T": [-0.038424248337243824, 0.08453129960829077, 0.1149748728859723], "aligned_model": [[0.09688173190473394, 0.3152862569093747, -0.491505197361098, -0.29353018300952577, -0.45185242138250814, -0.0823629127407393, -0.7586517554661671, -0.001688289104181881, -0.4013876869214716, 0.023541295202892235, 0.4918384698222226, 0.314004045993978, 0.6242691175563149, -0.013350370275520905], [-0.6284189769389211, -0.38660540010084643, -0.3237302269731579, -0.3605385832237468, 0.27848599794411616, 0.08362777424709988, 0.17967842965797676, 0.5158103044605804, 0.7634524571058872, -0.16397936902971766, 0.5296401781850457, 0.7458033444629086, -0.13185694518617447, 0.1339043471989838], [0.2140379125902548, -0.42056683118504556, 0.2578242013100407, -0.24896919276593477, 0.7175230600414364, -0.7008603862633114, 0.006638679648551249, 0.6329333315074782, 0.20243388474644064, 0.6890589137709088, 0.4945284645528232, -0.14812773228440557, 0.17295521152636276, 0.02817856998423443]], "inverted": false, "swapped": true, "error_lsq": 0.04660327551876174, "error_max": 0.30076810045078245, "target": "381.xyz", "model": "0.xyz", "model_rescale": 3.8414455957264533, "target_rescale": 4.151600666198626},
{"mapping": [6, 7, 5, 13, 9, 14, 10, 2, 4, 3, 11, 1, 8, 0, 15], "R": [[0.38080329492348225, -0.7199863260290809, 0.5801797487904641], [-0.9099254694789861, -0.403342842690435, 0.09669638692239835], [0.16439127278802415, -0.5647426330476083, -0.8087281792107828]], "T": [-0.01377890305232211, 0.10854559872148582, -0.0882253774942327], "aligned_model": [[-0.6480212245338115, -0.6903854712967356, -0.05233322409103318, -0.21229693786768433, -0.5610026357667592, 0.3149651346153748, 0.644358450826073, -0.12056853396463464, 0.5943090847915788, 0.3175379855978718, 0.5934205862831747, -0.448258668267248, 0.19775557687430767, -0.022523434979010114, -0.034912534716919186], [0.1482708105425288, 0.05193632191442059, -0.635621301652833, -0.37869960374353273, -0.5058553914021658, -0.5421415962654296, -0.26315767370584, -0.12254045226198464, 0.42953277205610296, 0.09083135365191698, 0.14332119140693883, 0.6744887744993503, 0.6125025885133484, 0.6319251940544225, 0.0122515404357713], [0.20418986585153093, -0.5040195209376255, 0.18643548523539705, -0.7132864106635466, -0.1878040991502571, -0.28133319006498475, 0.0821194941606948, 0.6591410686186536, 0.22610220753932841, 0.49960742220436455, -0.5000709886777177, -0.25361868558947886, -0.39424215371454613, 0.25986527070308185, -0.11790397817535941]], "inverted": false, "swapped": true, "error_lsq": 0.039711904546377956, "error_max": 0.2799434019574217, "target": "381.xyz", "model": "1.xyz", "model_rescale": 4.316132596720782, "target_rescale": 4.151600666198626},
{"mapping": [1, 12, 7, 3, 6, 0, 5, 4, 13, 8, 14, 15], "R": [[-0.18558603598415607, -0.45060438657956114, -0.8732201956224703], [-0.8263462673818601, 0.5524257847185845, -0.1094422165442738], [0.5317044946506988, 0.7012713021173145, -0.4748777644772719]], "T": [-0.057805481761876734, 0.06149336501553989, -0.023072766188411527], "aligned_model": [[-0.16447118993245144, 0.4185961365411973, 0.17292799031717954, -0.5160922806296627, -0.500753085498849, -0.5231116003334706, -0.12495186385928149, -0.2818566575463464, 0.6031004539751899, 0.1461872523052578, 0.37814532689188984, -0.00991192759887196], [-0.6285014992130192, -0.3311567299519035, -0.5835405648309124, 0.5389669780732006, -0.3461512713800633, -0.09159751488491052, 0.5161288706015231, 0.47982109681240026, -0.06448834995691824, -0.14563944498175188, 0.5845734181175024, 0.08436143933583304], [0.19817100206760674, 0.09729717371624999, -0.42875629104875274, 0.10968353084454141, -0.3794031748192054, 0.37091094606763547, -0.6707666145694723, 0.5654920786313526, -0.4865925006754459, 0.5317683953674158, -0.3472505658274921, -0.11129551854501223]], "inverted": true, "swapped": true, "error_lsq": 0.044628285658805646, "error_max": 0.2694525667570974, "target": "381.xyz", "model": "2.xyz", "model_rescale": 3.795458400668931, "target_rescale": 4.151600666198626},
{"mapping": [5, 13, 7, 8, 2, 0, 12, 10, 11, 4, 6, 15], "R": [[-0.3749223118466112, 0.8938170686135314, -0.2460168854666409], [0.44255250320608214, 0.4057454177412481, 0.7996986544242843], [0.8146045310367622, 0.19094947980315097, -0.5476839911639584]], "T": [0.035901177972706685, 0.04682571583403115, 0.07307086289006488], "aligned_model": [[0.06889416256974419, -0.3992346474958051, -0.7479208454902179, 0.14172664654669567, 0.20133689033658647, 0.17826800616794397, -0.28106430039207164, 0.6938915794131001, 0.4501829148434921, 0.7301912313121767, -0.4441742590018331, 0.0012064469337540046], [-0.08337352919337623, -0.6258814200377438, -0.08450137841812, -0.024500537605281723, 0.5703996488763333, 0.5853048298446735, -0.3052705011800761, -0.22214016029765618, -0.47360192365640874, 0.2492684118365429, 0.5169718838526626, -0.0169062787318398], [-0.7096609049337117, -0.0870556976795369, 0.1206319602670044, 0.6863238994561996, -0.49425863107107165, 0.36451845168752517, 0.4868131267714863, -0.23520087388026567, 0.384588251966092, 0.29348836171339493, -0.12144968837514007, 3.3174717123996e-05]], "inverted": true, "swapped": true, "error_lsq": 0.039259425947744, "error_max": 0.2385330379313019, "target": "381.xyz", "model": "3.xyz", "model_rescale": 3.7530521520055578, "target_rescale": 4.151600666198626},
{"mapping": [13, 10, 5, 2, 9, 0, 7, 8, 1, 6, 15], "R": [[0.3668021388022885, 0.12618043800838696, -0.9217020603394996], [-0.4759225787960989, -0.8258436848767491, -0.3024564549505666], [-0.7993459138333905, 0.549600496008878, -0.2428691104785819]], "T": [-0.19401959656162576, 0.04429121102049112, -0.08219908474021079], "aligned_model": [[-0.325781057860681, -0.2126073744750955, 0.3790111262783163, 0.5162564835901144, 0.2898450709995479, -0.18208439591941047, -0.14379976156127203, -0.7603272461185395, -0.3725025546592786, 0.310114574539542, -0.159925262368039], [-0.7574984285182456, 0.03472823454747791, -0.3394676387048538, 0.32150011352302715, -0.6016493844594836, 0.648149150289408, -0.4214750001276606, 0.2723465687926063, 0.25332842633274405, 0.1077164417374872, -0.05047512509816089], [0.003187588127985988, -0.8567237897016396, -0.4759938748757274, -0.28719788313314504, 0.10619954241610241, 0.09210784908469258, 0.5615599018837885, 0.057987044855177444, 0.5966724548286911, 0.3986065589351232, -0.10357461517573244]], "inverted": false, "swapped": true, "error_lsq": 0.04419283149175573, "error_max": 0.2431810321705023, "target": "381.xyz", "model": "4.xyz", "model_rescale": 3.7855080009869324, "target_rescale": 4.151600666198626},
{"mapping": [6, 4, 12, 13, 8, 14, 1, 0, 7, 2, 15, 10, 5, 3, 9, 16], "R": [[0.9688926175749355, -0.24723584638595564, 0.011024149427968782], [-0.14518737853796798, -0.6039201653615356, -0.7837098053380274], [0.20041886318922889, 0.7577300773570466, -0.6210293142408186]], "T": [0.05306619487250104, -0.02162266542390886, -0.05339184838450409], "aligned_model": [[-0.4414225145525972, -0.6638265418493485, 0.2561439423049889, 0.19864372022488963, 0.11468689324123678, 0.6866658847801703, -0.2556854127886996, -0.32151642246254464, -0.5094647230262332, 0.4242468689283959, 0.6814436222620419, 0.16030757586437977, -0.32722702459445396, 0.24609804251713202, 0.6231108675520626, 0.10377911932496678], [-0.4253964302794232, 0.1497375261776455, -0.04557266904814369, -0.6379238189692049, -0.6568743782489331, 0.039259046203801766, 0.40544138527517976, 0.6614782162302597, -0.19002688837238285, 0.595671220784856, -0.4708961898020296, -0.1142385446912215, 0.4343905908750203, 0.5514476278158118, 0.24030930587899982, -0.005495770992711469], [-0.18949743655952048, -0.11422993378405782, -0.7024304364779229, -0.40531188351522895, 0.24320219209682867, -0.28261280875038075, -0.5968922442964851, -0.09257005143464234, 0.41197731258024706, -0.21758336106218082, 0.23403329965585176, 0.6613709508606593, 0.4966374434958549, 0.28828892397513706, 0.28329009768339297, -0.060799598735904646]], "inverted": false, "swapped": false, "error_lsq": 0.032488241926134385, "error_max": 0.21002262916967382, "target": "381.xyz", "model": "5.xyz", "model_rescale": 4.2253639853439635, "target_rescale": 4.151600666198626},
{"mapping": [2, 0, 11, 10, 4, 12, 14, 5, 1, 6, 8, 13, 9, 15], "R": [[0.5888887906986706, 0.24086875121881302, -0.7714870296224993], [-0.697620789136459, 0.6334685683654604, -0.334727960376241], [0.40808727835364056, 0.7353229342127877, 0.5410775874739358]], "T": [-0.005124865480255356, 0.0021957448804794666, -0.02591107421571289], "aligned_model": [[0.6377493900351505, -0.16846790698944603, -0.5114593015717341, 0.09636172645150191, -0.28973908763742934, -0.43008848732979305, 0.21195257437005083, 0.6973380751230832, -0.3299011509651822, 0.38939158404822305, -0.6245835153164786, 0.05294035536703447, 0.5885232281569153, 0.05404466901588763], [-0.13091974986620394, 0.12155260147212549, -0.4588232277824049, -0.7639342825544365, -0.5068348031825946, 0.2874406399585952, -0.4856922165960033, -0.27605626608961986, 0.6298522765644926, 0.5379218278631963, 0.04500087745459502, 0.14108791151962613, 0.3103690474607994, -0.00586548958717702], [-0.46449327820806263, -0.6210940364945402, 0.23980365029121717, 0.02950306949348843, -0.5070433250604213, 0.33968814811494225, 0.5066298326188883, 0.21869276113620484, -0.21823094727736345, -0.2420185114242839, -0.10840018170618207, 0.7771181835533045, 0.4634451034454919, 0.057957740448764346]], "inverted": false, "swapped": true, "error_lsq": 0.03914010986084088, "error_max": 0.22583730351547637, "target": "381.xyz", "model": "6.xyz", "model_rescale": 3.89814844738969, "target_rescale": 4.151600666198626},
{"mapping": [6, 2, 5, 1, 9, 3, 0, 7, 12, 11, 14, 13, 15], "R": [[-0.5404574897037303, -0.7196074606496468, 0.43597110500640934], [-0.8410663481125566, 0.4760248345740391, -0.2569197441641388], [-0.022651708451024155, -0.5055348251566116, -0.8625088061336673]], "T": [-0.22942824764424607, 0.10722934984407914, -0.051983656267257], "aligned_model": [[0.10657577198880347, 0.04757489927165082, 0.4153156554366736, -0.45607689165448606, 0.5827741800445267, -0.3815073590384537, -0.6436496330310184, 0.18510633842790436, -0.3293215087626544, -0.6157330367249956, 0.1142707211321024, 0.2624613506141017, -0.13915868679993249], [-0.3713253975151576, 0.2962137330716639, 0.5388133310922706, -0.5889642173662912, -0.020027014502383395, 0.5031632948778998, -0.11754585256158018, -0.4940506273779366, -0.19987002201371587, 0.4991578874379181, 0.6925814349281024, 0.08866909561373805, 0.13696561978595778], [-0.43595597548283294, -0.7667672266574194, -0.221541809621215, -0.03289962900203699, 0.052855965571422456, -0.5770934834769793, -0.4679962994449251, 0.26504835170009117, 0.4877689107669899, 0.43451197629262883, 0.2766362619478778, 0.6001043230322901, -0.012396334789595606]], "inverted": true, "swapped": true, "error_lsq": 0.051685689953850145, "error_max": 0.2945487202966983, "target": "381.xyz", "model": "7.xyz", "model_rescale": 3.7474275329858107, "target_rescale": 4.151600666198626},
{"mapping": [9, 5, 2, 6, 3, 1, 7, 12, 0, 8, 13, 11, 14, 10, 15], "R": [[0.32848915307574816, -0.9218331486487876, -0.20571466249113088], [0.8279502270353676, 0.17622665029595327, 0.5323932656200222], [-0.45452535447834075, -0.3452069144407887, 0.821120507817585]], "T": [0.04129789853095729, -0.1306116381095071, 0.08178668868205813], "aligned_model": [[-0.43140002713616316, 0.17954493743866595, 0.5113288256650115, -0.16451657657474572, 0.6977216565274624, -0.3421059317072669, -0.7227444198062467, -0.46579274561891176, 0.32111819625492455, -0.017118506285263554, -0.580583239814853, 0.1444649752772278, 0.08378678496031561, 0.5883962896341165, 5.350352447323209e-05], [0.11140649462398275, 0.3172261962918882, -0.2995385641015599, -0.5919246624612464, -0.183750931169582, -0.7189710470290727, -0.25951031042152484, -0.08882896740291257, -0.6766575857692667, -0.2943992261364662, 0.3935537737469717, 0.3067189636639826, 0.6119122741638701, 0.41687741683475926, -0.05499586285423058], [-0.5544854281167917, -0.5593361007356796, -0.5296836819961175, -0.402133536927322, -0.0662543227152633, 0.28976264846568156, -0.10127148840936595, 0.4515633895120009, 0.21854995508768887, 0.6835564957867657, 0.004113891372658496, 0.6628339055027546, -0.0431534150880766, 0.11734733787384019, 0.025385006083488044]], "inverted": false, "swapped": true, "error_lsq": 0.031985970391010705, "error_max": 0.2318210461266734, "target": "381.xyz", "model": "8.xyz", "model_rescale": 4.019505241142653, "target_rescale": 4.151600666198626},
{"mapping": [13, 11, 12, 7, 9, 6, 0, 14, 5, 10, 4, 2, 15], "R": [[0.2681335439022731, -0.2955843526444838, 0.9169156412157822], [0.5371291977122411, 0.8359749910227283, 0.11241903464072911], [-0.7997478525131605, 0.46235884857574716, 0.38291992314881884]], "T": [0.030213094934166178, 0.07505999092647143, -0.0658736607647955], "aligned_model": [[-0.15086260229681422, -0.7012635389892132, -0.1811654631472515, 0.38059661162811853, 0.41864870592080056, 0.7239204364987886, 0.24118310865711998, -0.3741368725501371, 0.18171747325132054, -0.45020740228188, -0.3064296129882541, 0.5088100582913319, 0.02888986974724602], [-0.6847418423018573, 0.10955686703566156, -0.1023574087302787, -0.3931882341207478, -0.6547350600188309, 0.035607291781640016, 0.6639905931798596, -0.43777908469361404, -0.4138976103856184, 0.071551410312902, 0.687866624793756, 0.20603857628158828, -0.02453389502040179], [-0.3055220672982111, -0.12305118003452536, -0.6310848539614975, -0.6061151059568808, -0.007776570900704022, -0.14687797017453796, -0.12769732978492032, 0.31129245861821553, 0.5413135329973274, 0.5419991140155339, 0.22178119111385747, 0.5482525069308993, -0.03981023152067792]], "inverted": true, "swapped": true, "error_lsq": 0.049314491724317865, "error_max": 0.37796541882572693, "target": "381.xyz", "model": "9.xyz", "model_rescale": 3.877068213659057, "target_rescale": 4.151600666198626},
{"mapping": [8, 9, 7, 1, 0, 4, 2, 14, 11, 13, 5, 12, 10, 6, 3, 15], "R": [[-0.37488849369929167, 0.9267905179296086, -0.022758584482428512], [-0.06785574406298503, -0.05191432795135542, -0.9963435655189519], [-0.9245832657416717, -0.37197343780050596, 0.08235014439172755]], "T": [0.08078567806340897, 0.09633976398560762, 0.0038861306533338013], "aligned_model": [[-0.4374049412835017, -0.5203599561051501, 0.13063963075290774, 0.38678127839888243, -0.016944903825372046, 0.5713136962192205, -0.06443621290591145, -0.3478224856934889, -0.4354065634859219, 0.27409885523400856, 0.633291679917217, 0.21471514356387472, -0.4166225107792942, 0.24011913356837303, 0.69341894486682, 0.07060310928372332], [-0.38336096722940904, 0.2353034422560723, -0.2862815048590983, -0.6732482934457388, -0.6235726367398783, 0.0656136045191846, 0.3614838368140512, 0.7459571987045673, -0.22442473320036355, 0.8278668730938692, -0.4193631454799728, -0.15362238644197285, 0.3905014012856061, 0.46364995278856697, 0.18786323668307053, 0.016944350088969357], [-0.3070618172426785, -0.23054579238889342, -0.7154205615480587, -0.25497198615549743, 0.32937177439071574, -0.4614404710723215, -0.5868461107020411, -0.05786965538071921, 0.4225876751608892, -0.15465913145054996, 0.2033430666740818, 0.6951003068229991, 0.41530417142583564, 0.4729283998394166, 0.14196320000013876, 0.045089397358330556]], "inverted": true, "swapped": false, "error_lsq": 0.04182310520955922, "error_max": 0.26419198660915616, "target": "381.xyz", "model": "10.xyz", "model_rescale": 4.260839863003843, "target_rescale": 4.151600666198626},
{"mapping": [10, 2, 6, 0, 1, 8, 11, 14, 9, 7, 13, 15], "R": [[-0.9806395600736479, -0.07797299621275111, -0.1796281299801601], [0.18859094814679003, -0.12909086358196076, -0.9735342845615448], [0.05272103466034913, -0.9885624718758398, 0.14129660895815005]], "T": [-0.03962477193917544, 0.0056768230993958415, -0.1475527558161007], "aligned_model": [[0.5699071281638775, 0.10381817490412801, -0.3511852445767153, -0.5274764644039226, -0.7310793392478028, -0.3986446030715831, 0.19636576211819531, 0.6941450285838577, 0.28940044081189453, -0.2618274036496397, 0.335894160500791, 0.03958100896104964], [0.03773513673981307, -0.7524985751130616, -0.5001825908955461, -0.19621840780493735, 0.10018697380612442, 0.47071790446501466, 0.6230761362910218, 0.1702650832955601, -0.25578169458850336, 0.0934626189110123, 0.3792189030697289, 0.003097017356707429], [-0.624803844746935, -0.31475197696027823, 0.22174984980154824, -0.4887401074416846, 0.07465818836728455, -0.36482517602200726, -0.46793366200877107, -0.09054679346259897, 0.5667582163942196, 0.6119243489399222, 0.47451672465164063, -0.08182769011683527]], "inverted": true, "swapped": true, "error_lsq": 0.0446217714735622, "error_max": 0.2739244198562731, "target": "381.xyz", "model": "11.xyz", "model_rescale": 3.890672605050136, "target_rescale": 4.151600666198626},
{"mapping": [0, 1, 12, 4, 8, 5, 6, 10, 2, 9, 13, 7, 14, 15], "R": [[0.3747937815562062, 0.6295832609269205, -0.6805545818429437], [0.304751751165648, -0.7769324724485085, -0.550910431391999], [-0.8755889397818304, -0.0009223967002742195, -0.48305606063484774]], "T": [0.18340767327698215, -0.046966056198381415, 0.07425643627779137], "aligned_model": [[0.4338119130754103, 0.2932979204984663, 0.37006435971973795, 0.7438549312813595, 0.7441073636903451, -0.4059543744474019, -0.3127333892296029, 0.3583682547277396, -0.2362776307748578, -0.5830580546729357, -0.11829794156579704, -0.2246574785170703, 0.03486845718142398, 0.11248150382687667], [-0.36010806538243906, 0.2719030314319706, 0.5511978924628677, -0.5515129664305586, 0.17238105663440162, -0.3026933502014092, -0.0938500901486314, -0.44669882584046916, -0.7112859261337082, 0.2302159015509821, 0.5993441679574221, 0.5813185273485467, 0.005312515880922769, -0.013371349302132941], [-0.40990218007335316, -0.5758711892487883, 0.019660709699834175, 0.1284494569442976, -0.09856848191533187, 0.5411240070115826, -0.41665498425426994, 0.7145126212655278, -0.002585928189693512, 0.22445218286845053, 0.47272275704133554, -0.19523779761689763, 0.8117929760376372, 0.14089628578652974]], "inverted": true, "swapped": true, "error_lsq": 0.04548259214257446, "error_max": 0.3115411722813353, "target": "381.xyz", "model": "12.xyz", "model_rescale": 4.124412569039231, "target_rescale": 4.151600666198626},
{"mapping": [7, 5, 2, 13, 6, 1, 14, 8, 10, 11, 0, 4, 15], "R": [[0.4817628051907408, 0.6246706800117765, 0.6145658150827893], [-0.8556569913519729, 0.486666481034157, 0.17608761849806548], [-0.18909181020138863, -0.6106900013684975, 0.7689616437399895]], "T": [0.13870177480321427, 0.060707804169749406, -0.009877968840609541], "aligned_model": [[-0.15635146266321098, -0.11565906759513661, 0.5784674433426059, -0.6324522941942168, 0.4463461767655909, 0.4075194356354183, -0.4502969032710295, 0.20173839878661298, -0.02394217284739955, -0.21153198526056893, 0.7379281145241081, 0.5285453190896561, 0.05698730519732784], [-0.5257593333919424, 0.6378036765879447, 0.5548611435071057, -0.1099686750434796, -0.1640566327448022, -0.6201674920761113, 0.5316605468383285, -0.2906174965248151, 0.7563288296459, 0.15866667331375534, -0.06377923986534775, 0.39278499026700253, 0.08972838599493917], [0.44055039589090084, 0.4727920185121832, 0.421144103680938, 0.19919028310334708, 0.5767939660541098, 0.013895696006319125, -0.016294096769288557, -0.5246232147776922, -0.30985098397781335, -0.6480454565854984, -0.1534068393301927, -0.5660724946769734, 0.04562470383749978]], "inverted": true, "swapped": true, "error_lsq": 0.04645600962192285, "error_max": 0.256273407461059, "target": "381.xyz", "model": "13.xyz", "model_rescale": 3.9028299243045295, "target_rescale": 4.151600666198626},
{"mapping": [10, 4, 13, 14, 9, 12, 5, 0, 7, 8, 11, 6, 3, 2, 1, 15], "R": [[0.29099700589042865, 0.8181525053119496, -0.4959306610954659], [0.2813828814183964, -0.5686260719376173, -0.7729735211231212], [-0.9144093266188213, 0.08538658187663781, -0.3956825937894384]], "T": [0.07473267369510211, 0.10487716880354075, 0.01196230175659881], "aligned_model": [[-0.38712324799438363, -0.5720559243112202, 0.19127193952904453, 0.2497679350663059, 0.05533684746869702, 0.6352143419657772, -0.034103794870281035, -0.32313535299878243, -0.5569476117270713, 0.25738281455434636, 0.6330301034225789, 0.11748148933318851, -0.31470673618607753, 0.3827239421196131, 0.599201729356502, 0.04264542299814998], [-0.38130726571714574, 0.2339859374221316, -0.16792561244007975, -0.7014698595319349, -0.5827241365982214, 0.11118917258260197, 0.24369976478912003, 0.8310032330460202, -0.46264274506514497, 0.7448503735297312, -0.3752689155560977, -0.04765968496879047, 0.32278583995231114, 0.7029066765774765, 0.05028102564931397, 0.009606425166232974], [-0.31310139243137114, -0.1441104672888545, -0.7260408106080204, -0.3077528526452758, 0.36927687352557914, -0.40042192090680523, -0.4686464201879718, 0.0526855310879014, 0.3274446629253511, -0.37993102918207816, 0.07213211122718134, 0.6595063614560267, 0.44732674944121004, 0.31138149947396154, 0.3916335102372111, 0.06549005960760255]], "inverted": false, "swapped": false, "error_lsq": 0.04320486250637476, "error_max": 0.32133873698643994, "target": "381.xyz", "model": "14.xyz", "model_rescale": 3.942246331269136, "target_rescale": 4.151600666198626},
{"mapping": [7, 1, 12, 0, 3, 8, 14, 13, 9, 11, 10, 5, 6, 2, 15], "R": [[-0.21154777065159075, 0.9231291283644013, -0.32106098034099817], [-0.6506243100381465, -0.3781429173727669, -0.6585559514788389], [-0.7293391172285552, 0.0695740354298473, 0.6806055433761016]], "T": [-3.764550702554936e-05, -0.06075893131189489, -0.08918038902871167], "aligned_model": [[-0.765480372073039, -0.3344230936754815, -0.24587495342192367, 0.2053862638154117, 0.47910535084334316, 0.2125598325796091, 0.11170651651548767, -0.47300985097446513, -0.6688528512340431, 0.45079114796554004, 0.5851096998395691, -0.11146260909942457, -0.49575041244131546, 0.07331826509943433, -0.04882889720649283], [0.001612255663636479, -0.49573245300200797, 0.15860364568037136, -0.6427303148734947, -0.3059611061003925, -0.13263978042568228, 0.6232542354186573, 0.5995328770403779, 0.22553442696268602, 0.39593520580191455, 0.3187753975965545, 0.25656857335725214, -0.5015092047181331, -0.4193162101254748, 0.01621714160538562], [-0.299163949138488, -0.5743645792442653, -0.6249654198804979, -0.20867973298505418, 0.3181646221253497, -0.6739890816180596, 0.20813480616149188, -0.1776711418618268, 0.30778389867697437, -0.4465334822697731, 0.24828331571035855, 0.6302618484495635, 0.13298202575852103, 0.610403045018884, -0.04128369454266218]], "inverted": true, "swapped": true, "error_lsq": 0.040472187746564026, "error_max": 0.2591552387318719, "target": "381.xyz", "model": "15.xyz", "model_rescale": 4.355366556412066, "target_rescale": 4.151600666198626},
{"mapping": [1, 12, 7, 3, 6, 0, 5, 4, 13, 8, 14, 15], "R": [[-0.18558603598415607, -0.45060438657956114, -0.8732201956224703], [-0.8263462673818601, 0.5524257847185845, -0.1094422165442738], [0.5317044946506988, 0.7012713021173145, -0.4748777644772719]], "T": [-0.057805481761876734, 0.06149336501553989, -0.023072766188411527], "aligned_model": [[-0.16447118993245144, 0.4185961365411973, 0.17292799031717954, -0.5160922806296627, -0.500753085498849, -0.5231116003334706, -0.12495186385928149, -0.2818566575463464, 0.6031004539751899, 0.1461872523052578, 0.37814532689188984, -0.00991192759887196], [-0.6285014992130192, -0.3311567299519035, -0.5835405648309124, 0.5389669780732006, -0.3461512713800633, -0.09159751488491052, 0.5161288706015231, 0.47982109681240026, -0.06448834995691824, -0.14563944498175188, 0.5845734181175024, 0.08436143933583304], [0.19817100206760674, 0.09729717371624999, -0.42875629104875274, 0.10968353084454141, -0.3794031748192054, 0.37091094606763547, -0.6707666145694723, 0.5654920786313526, -0.4865925006754459, 0.5317683953674158, -0.3472505658274921, -0.11129551854501223]], "inverted": true, "swapped": true, "error_lsq": 0.044628285658805646, "error_max": 0.2694525667570974, "target": "381.xyz", "model": "16.xyz", "model_rescale": 3.795458400668931, "target_rescale": 4.151600666198626},
{"mapping": [6, 2, 5, 1, 9, 3, 0, 7, 12, 11, 14, 13, 15], "R": [[-0.5404574897037303, -0.7196074606496468, 0.43597110500640934], [-0.8410663481125566, 0.4760248345740391, -0.2569197441641388], [-0.022651708451024155, -0.5055348251566116, -0.8625088061336673]], "T": [-0.22942824764424607, 0.10722934984407914, -0.051983656267257], "aligned_model": [[0.10657577198880347, 0.04757489927165082, 0.4153156554366736, -0.45607689165448606, 0.5827741800445267, -0.3815073590384537, -0.6436496330310184, 0.18510633842790436, -0.3293215087626544, -0.6157330367249956, 0.1142707211321024, 0.2624613506141017, -0.13915868679993249], [-0.3713253975151576, 0.2962137330716639, 0.5388133310922706, -0.5889642173662912, -0.020027014502383395, 0.5031632948778998, -0.11754585256158018, -0.4940506273779366, -0.19987002201371587, 0.4991578874379181, 0.6925814349281024, 0.08866909561373805, 0.13696561978595778], [-0.43595597548283294, -0.7667672266574194, -0.221541809621215, -0.03289962900203699, 0.052855965571422456, -0.5770934834769793, -0.4679962994449251, 0.26504835170009117, 0.4877689107669899, 0.43451197629262883, 0.2766362619478778, 0.6001043230322901, -0.012396334789595606]], "inverted": true, "swapped": true, "error_lsq": 0.051685689953850145, "error_max": 0.2945487202966983, "target": "381.xyz", "model": "17.xyz", "model_rescale": 3.7474275329858107, "target_rescale": 4.151600666198626},
{"mapping": [10, 0, 2, 8, 14, 13, 5, 6, 11, 9, 12, 1, 7, 15], "R": [[0.6740415229712802, -0.31660509042787044, -0.6674048561598254], [-0.6571800395788113, 0.15555461287179242, -0.7375073952127523], [0.33731649958125254, 0.9357157576579903, -0.10321627769293013]], "T": [0.04066426084782623, -0.02520318325476609, -0.11689060331858983], "aligned_model": [[0.45054977227985654, 0.04055952951336566, 0.7772293090414724, -0.46978461295132085, 0.27051721253476596, -0.229008102295315, 0.6741131250734901, 0.1995413323965352, -0.2608850240407879, 0.2427914725127236, -0.5586107066509249, -0.45019087590600526, -0.3389436181304018, 0.06696883450542311], [-0.6494345534307959, 0.3639482478505257, 0.25133328539752703, -0.08112308567879331, -0.6641808657211721, -0.34476757507020206, -0.22996208919679115, 0.6114968063953847, -0.6538115083299859, 0.08225486363003039, -0.0912809610474786, 0.5144041635485224, 0.31659780071972476, -0.06506628755526297], [-0.32342035567556027, -0.610581721034883, -0.18292774657706098, -0.4756114736847399, 0.21118292077093956, 0.5850168041784707, 0.31615180528304254, 0.12543002863218305, -0.34805498547186, 0.6796366533285205, 0.062343216156779846, -0.18249881127867368, 0.49381044769216975, -0.02568206365767331]], "inverted": false, "swapped": true, "error_lsq": 0.0342895695659646, "error_max": 0.23237782628270687, "target": "381.xyz", "model": "18.xyz", "model_rescale": 3.922800546911778, "target_rescale": 4.151600666198626},
{"mapping": [13, 7, 12, 14, 0, 9, 1, 10, 6, 11, 8, 4, 5, 3, 15], "R": [[0.21672739879697933, 0.654706626157483, -0.7241467173689193], [-0.8671435178789679, -0.21162956303044989, -0.45086034140521786], [-0.4484321063563401, 0.7256529209732621, 0.5218586822807391]], "T": [0.08596718261376352, -0.02212898129710021, 0.03609658427145617], "aligned_model": [[-0.17628531548662701, -0.3868908585836213, 0.2352266186203965, 0.05477781399687853, 0.2694106755476178, -0.6581126828199675, 0.07676560182991778, 0.3780583996657029, -0.479568893559095, 0.6992480040608398, 0.6018182833668815, 0.669379959642435, -0.40968221314581305, 0.19673110071865388, 0.025174343033418402], [0.5089546366689099, -0.13038238648515693, -0.01489046399420442, 0.7288815127878556, -0.5796984772917951, 0.28186806444230844, -0.626736736041261, 0.5176929067548491, -0.43371766904257875, 0.3564774396815918, -0.24333121426107945, -0.128969021662659, 0.4853612308625686, -0.06262163557130793, 0.05872331818653817], [-0.5266577232438735, -0.5952292438665099, -0.5748786575040348, 0.09747700751382035, 0.26111771449784393, -0.16586693262039762, -0.37716372687364297, 0.5089607557874615, 0.0466695696767122, -0.1055409149507347, -0.24199146845595726, 0.5049465970610495, 0.39316067073796607, 0.7007196165089822, 0.016935902894644465]], "inverted": true, "swapped": true, "error_lsq": 0.035658798041457655, "error_max": 0.26833331083103684, "target": "381.xyz", "model": "19.xyz", "model_rescale": 3.9282355846067225, "target_rescale": 4.151600666198626},
{"mapping": [7, 1, 0, 12, 13, 8, 11, 3, 14, 5, 6, 9, 2, 15], "R": [[0.03463593565985003, 0.9266534579002614, 0.374317673804558], [-0.8797261565226229, 0.20599036832563655, -0.4285438807018509], [-0.47421750441216354, -0.31445403021516094, 0.8223359540908707]], "T": [0.0696081676775345, -0.09201426181534735, -0.04349487764604652], "aligned_model": [[-0.5879342475276438, -0.04698168142032809, 0.5445128551864212, -0.40273093845599006, -0.7097079451419428, 0.09697013928452825, 0.009821312456529424, 0.6900225108951091, -0.1853621680706691, 0.0034273997871619027, 0.047104538151807346, -0.477880685882648, 0.5507720822626628, 0.0004896475596783273], [-0.5133853457745423, -0.7784239544157873, -0.48200456674844105, -0.243135300676326, 0.14556119731561906, -0.2516356979959515, 0.3641797493057953, 0.11213276001113291, 0.6049829198594541, 0.35927677233481825, -0.6081356643551846, -0.06871410259833173, -0.07796608373796994, -0.03985059509944961], [0.11132827935289717, -0.27080046918516293, -0.175944365573298, -0.43037951402095287, 0.01768428692385067, -0.6485883172961536, -0.616059219276746, 0.1269225856433857, 0.09045344046094868, 0.6066327323321611, 0.4281621734534763, 0.5782537612147972, 0.5823208532194778, 0.012196929995001306]], "inverted": true, "swapped": true, "error_lsq": 0.03518990552106215, "error_max": 0.18840332554367226, "target": "381.xyz", "model": "20.xyz", "model_rescale": 4.067790424073018, "target_rescale": 4.151600666198626},
{"mapping": [5, 0, 14, 13, 10, 4, 11, 2, 3, 6, 1, 12, 7, 8, 15], "R": [[-0.28960481147282746, 0.7658153269573225, -0.5741567191708526], [-0.3979608156537696, -0.6418965382254681, -0.6554357507935822], [-0.8704919542281678, 0.03867452923319836, 0.4906608180939416]], "T": [0.08182423731146224, 0.05034761128116863, 0.038401346246235764], "aligned_model": [[0.19092447226639425, 0.03223524486588794, -0.17651268208578477, 0.33831215016241567, -0.5380580766392254, -0.5604224487314325, -0.5192190471168042, 0.19959033384500338, -0.2552382287214473, 0.7041351645639721, 0.45954382402291083, 0.1875888867082511, 0.7671584286779002, -0.17462396256810844, 0.11302989465758234], [-0.13475761879283985, 0.6307392702466067, -0.49513194109165803, -0.7245536917609726, -0.06187271369029493, 0.44698203859784225, -0.31321668815214343, 0.5471108783274684, 0.5036188491614244, 0.35855300773876686, 0.25940006010776306, -0.3350515187032679, -0.2780145206417626, 0.06351625806946096, -0.026426529488546055], [-0.7261525062264914, 0.2747405538345903, -0.41378355986778054, 0.002897631457874479, -0.41268400057497523, 0.08089749257170609, 0.25307630884844046, -0.56386005549363, -0.33114723579276356, -0.04578079419907471, 0.6300467454572642, 0.5240996795536454, 0.2758485711132861, 0.6097389510006153, -0.02268820806156544]], "inverted": false, "swapped": true, "error_lsq": 0.03987522682921353, "error_max": 0.2428233894960693, "target": "381.xyz", "model": "21.xyz", "model_rescale": 4.186013935880536, "target_rescale": 4.151600666198626},
{"mapping": [11, 14, 3, 1, 7, 0, 12, 13, 2, 5, 9, 6, 15], "R": [[0.6103445295827498, 0.6720259750113182, 0.41935741810357796], [-0.6795421109723441, 0.17214934685673075, 0.7131529441796141], [0.40706519701844135, -0.7202400233858768, 0.5617403618126877]], "T": [0.1132227475925805, -0.09762299373099674, -0.10581509189883351], "aligned_model": [[-0.10917167816189227, -0.5148693596220153, 0.46546989267841826, 0.4521846001719564, -0.1938619521518079, 0.739698181741449, -0.11735099894446932, -0.6577995330510462, 0.39287138051228804, -0.3020806042242085, -0.4356386560251703, 0.32009803411663895, 0.01902472838308482], [-0.4615346408448851, 0.14248382587409564, 0.3648849991603235, -0.5637544796936595, -0.368325012073547, -0.14723811926769204, -0.6680786646838952, -0.2815098187021799, 0.6356590111734609, 0.5791572202598148, 0.2207377779823439, 0.12726344881179646, -0.06078888844988296], [-0.7038338220697254, -0.4472914678484985, -0.44880252734689763, 0.34612029202638883, 0.5770503652609895, -0.09043209031017652, 0.024713051878394204, 0.09224770372906388, -0.019469643875405923, -0.09163522168948976, 0.4273414430609582, 0.5234517776719817, -0.0865802991522369]], "inverted": true, "swapped": true, "error_lsq": 0.037792773365153305, "error_max": 0.21008180033878565, "target": "381.xyz", "model": "22.xyz", "model_rescale": 4.166573947596378, "target_rescale": 4.151600666198626},
{"mapping": [2, 1, 12, 11, 3, 14, 6, 5, 4, 13, 9, 8, 0, 7, 10, 15], "R": [[0.27085313298914215, -0.021646937003543087, 0.96237725994972], [-0.6635252102675648, 0.7201036015859904, 0.2029411203336305], [-0.6974043846215408, -0.6935288120195512, 0.18067902813940584]], "T": [0.09884299306803311, -0.05192063672299526, -0.015691513377198655], "aligned_model": [[-0.47615796038994473, -0.5546919091259075, 0.29227252566396894, 0.2516065903812898, -0.05464800773323632, 0.7896692720003247, -0.32756601610754416, -0.12634286721506166, -0.4166218865912611, 0.4545513714754264, 0.5596386741339946, 0.1684227092634171, -0.40418876463921116, 0.14312321967272584, 0.631374622604961, 0.045542324332445566], [-0.32971169607072986, 0.22795777152958632, -0.1654923272862125, -0.7291982809517534, -0.6138408993839198, 0.14087411119278748, 0.1379606617809621, 0.7423306007752518, -0.27296117130782027, 0.6925329021748338, -0.3992057247057361, -0.20454167190567707, 0.338286060663153, 0.5425012638561291, 0.43276201884306514, -0.008943390366395229], [-0.22785953655216123, -0.06725961471416145, -0.6313763696564055, -0.389926203632205, 0.13301216209912142, -0.3497079811342533, -0.6167140431872029, -0.11325319264939582, 0.4589563068778594, -0.20562207134253882, 0.15016859110206005, 0.7754751080971418, 0.4956337714376341, 0.37939267169473556, 0.19030368083920657, -0.024350813547787016]], "inverted": false, "swapped": false, "error_lsq": 0.03832155577066174, "error_max": 0.3169855297574546, "target": "381.xyz", "model": "23.xyz", "model_rescale": 4.274766983524099, "target_rescale": 4.151600666198626},
{"mapping": [11, 14, 13, 12, 9, 6, 0, 2, 3, 5, 15], "R": [[-0.4986298781102078, 0.8486382922716964, -0.1765822571663928], [-0.8608876338190523, -0.5086182757222176, -0.01341385622376709], [-0.10119647520162366, 0.14532893205255845, 0.9841944802300154]], "T": [-0.0523883597393717, -0.09933845329414773, -0.029568449539425827], "aligned_model": [[0.32050981841924153, 0.22516882130552815, -0.44728754470302234, -0.42065828239341574, -0.5304141561292032, -0.5067171326485177, 0.035982078302637305, 0.1856645507099847, 0.49453814843331534, 0.09792060008745859, -0.07481219742593162], [-0.08776079890877089, 0.5631945780576602, 0.4856013307344962, -0.17530423600676104, 0.539522893500575, -0.16493718540325625, -0.6702467344371525, 0.015043876639553533, -0.1840185719110249, 0.5934758924308366, 0.0010154865473273877], [-0.6622850336368643, -0.2592836839407471, -0.44117344882197607, -0.533778708615564, 0.19449812466340688, 0.49828594497289114, 0.21827054500040668, 0.714480532336403, 0.3568675060260262, 0.3283769370103943, -0.03469228097279949]], "inverted": true, "swapped": true, "error_lsq": 0.04784037198578526, "error_max": 0.23361803692640465, "target": "381.xyz", "model": "24.xyz", "model_rescale": 3.7841303162186577, "target_rescale": 4.151600666198626},
{"mapping": [4, 1, 3, 5, 2, 13, 6, 7, 8, 11, 12, 9, 0, 10, 14, 15], "R": [[-0.15557907554790068, 0.6076453790491032, 0.7788210606884821], [0.6873392167047234, 0.6328539712278369, -0.35645568066856964], [-0.7094786483266412, 0.47985721253454944, -0.5161173346703]], "T": [0.022321568538174172, 0.09752507406998234, 0.060859603190975144], "aligned_model": [[-0.3535450623024241, -0.7104361375145588, 0.24674396515865998, 0.21477204013296425, -0.0703986483870213, 0.7315009723173436, -0.2205735992670093, -0.172866913188354, -0.395163135529547, 0.35929248049567786, 0.5942575882899529, 0.2971887148540802, -0.5653718067452994, 0.2748129559337576, 0.735007001788988, 0.01076348168917578], [-0.3725548434052464, -0.027516629461362768, -0.14650415640588907, -0.6858571150521922, -0.6223377214992375, 0.1257991440382989, 0.2436334055077083, 0.7138982836269332, -0.12980904642906038, 0.62363601352253, -0.4005213465393418, -0.139604672123471, 0.4740185698712718, 0.6676802455795476, 0.1020848471731928, 0.10526525043384206], [-0.38010920507710927, 0.08247234021152486, -0.6733653011820804, -0.2835440948042345, 0.2657828689658353, -0.2681770930814754, -0.6037310566774918, -0.008358048040593584, 0.41226179892298387, -0.38533032615029983, 0.05756435557222609, 0.5195078822376782, 0.29366659109906157, 0.5260759882948859, 0.409223843623182, -0.007068078182445335]], "inverted": false, "swapped": false, "error_lsq": 0.041657385632812065, "error_max": 0.3242295817702982, "target": "381.xyz", "model": "25.xyz", "model_rescale": 4.19342608120988, "target_rescale": 4.151600666198626},
{"mapping": [1, 12, 7, 3, 6, 0, 5, 4, 13, 8, 14, 15], "R": [[-0.18558603598415607, -0.45060438657956114, -0.8732201956224703], [-0.8263462673818601, 0.5524257847185845, -0.1094422165442738], [0.5317044946506988, 0.7012713021173145, -0.4748777644772719]], "T": [-0.057805481761876734, 0.06149336501553989, -0.023072766188411527], "aligned_model": [[-0.16447118993245144, 0.4185961365411973, 0.17292799031717954, -0.5160922806296627, -0.500753085498849, -0.5231116003334706, -0.12495186385928149, -0.2818566575463464, 0.6031004539751899, 0.1461872523052578, 0.37814532689188984, -0.00991192759887196], [-0.6285014992130192, -0.3311567299519035, -0.5835405648309124, 0.5389669780732006, -0.3461512713800633, -0.09159751488491052, 0.5161288706015231, 0.47982109681240026, -0.06448834995691824, -0.14563944498175188, 0.5845734181175024, 0.08436143933583304], [0.19817100206760674, 0.09729717371624999, -0.42875629104875274, 0.10968353084454141, -0.3794031748192054, 0.37091094606763547, -0.6707666145694723, 0.5654920786313526, -0.4865925006754459, 0.5317683953674158, -0.3472505658274921, -0.11129551854501223]], "inverted": true, "swapped": true, "error_lsq": 0.044628285658805646, "error_max": 0.2694525667570974, "target": "381.xyz", "model": "26.xyz", "model_rescale": 3.795458400668931, "target_rescale": 4.151600666198626},
