[{"mapping": [3, 0, 9, 7, 2, 12, 4, 8, 6, 11, 5, 1, 10, 13], "R": [[0.7564872844404215, -0.3684011371428605, 0.5403772669457925], [-0.6476742864362529, -0.3072836283766415, 0.697204984506692], [-0.09080202183457968, -0.8774151662032822, -0.4710601012049515]], "T": [-0.02219701041834542, 0.11137315005222452, -0.14233757582161324], "aligned_model": [[0.2891581642885372, -0.5515760869088052, -0.6080663278197215, -0.1269854960906961, -0.0005087490519252343, -0.5419100326564794, 0.3116899077849256, 0.39786020736815847, 0.6661601602649405, 0.07882421712596975, 0.5200757240878616, -0.18678952092574874, -0.6019907658221354, -0.051578678052978305], [-0.09193109130912815, -0.20807850845637726, -0.22350535431673618, -0.24908516161085198, -0.60921365614683, 0.36633695744938705, -0.6646190325193667, 0.017781099918839513, -0.21829074941101118, 0.521247394327282, 0.6361673867528119, 0.4017874782786341, 0.45659720248984115, 0.07353312887656543], [-0.5096598409042838, -0.6039877310591462, 0.14289338673939647, 0.5137749612472717, -0.4098119100304336, -0.1457492333737772, 0.3046074823808247, 0.509867601680062, -0.09725539367335928, 0.41341385810246667, -0.19649060878012845, -0.6130954083306914, 0.6060530170207508, 0.013369561650735301]], "inverted": true, "swapped": false, "error_lsq": 0.053130561547329105, "error_max": 0.32192855323422237, "target": "384.xyz", "model": "0.xyz", "model_rescale": 3.8414455957264533, "target_rescale": 4.126340199355934},
{"mapping": [9, 7, 4, 3, 2, 0, 5, 10, 6, 11, 8, 13, 1, 14], "R": [[-0.9784928695190371, -0.16605511456673389, 0.12238220142908642], [0.17083111962136327, -0.9848570894700599, 0.029550666481042792], [0.11562193939435576, 0.04982180493309363, 0.9920430206820149]], "T": [-0.005694198305905975, 0.029391575367629274, -0.041205955199109856], "aligned_model": [[0.16291942557050174, -0.3636144297375783, -0.4335139877372538, -0.29655803570241906, -0.021899682401489012, -0.6798478382968004, 0.2161980601141373, 0.49403670571210734, 0.5956537400710992, -0.1956138222149537, 0.6423165629145323, -0.029838956313151494, -0.47668994600008013, -0.019185072386749123], [0.03673049301284757, -0.11757106105603214, -0.2978532486307472, -0.2816321381430546, -0.6877029599475254, 0.26074207739291944, -0.4672287782654353, 0.021786628665383938, -0.45758267795960705, 0.7894316264414468, 0.43614733473746825, 0.6744975685666666, 0.24923238446269963, 0.049729845046029245], [-0.7022848204825973, -0.554284987671132, 0.034281048883576415, 0.6160910551159033, -0.21475000529821497, -0.17353578708459444, 0.3308892409444523, 0.4263328012322529, -0.14733751219206473, 0.29425650074481297, -0.23852347358646658, -0.43882674041887787, 0.650408760866976, 0.04521366161566184]], "inverted": true, "swapped": false, "error_lsq": 0.0369552901308709, "error_max": 0.24250654492195525, "target": "384.xyz", "model": "1.xyz", "model_rescale": 4.316132596720782, "target_rescale": 4.126340199355934},
{"mapping": [8, 0, 10, 3, 7, 6, 9, 2, 11, 4, 5, 13], "R": [[0.28943697497340587, -0.3069050322751561, 0.9066617553875476], [0.9278962911226423, -0.14260618451302648, -0.34448795198015403], [0.23502065960057278, 0.9409956308627696, 0.2435005385170425]], "T": [-0.027493559247286192, 0.04465872358151207, -0.03774651086476391], "aligned_model": [[-0.1640930651179464, 0.46288798331251013, 0.18210717472058602, -0.5921429565240444, -0.5903666564721379, -0.5382814129923899, -0.10789571972285864, -0.004010434163525964, 0.5257280451678861, 0.04233365476165754, 0.33866643267264956, 0.04287550898939421], [-0.692045546044721, -0.4353249744496088, -0.4420154077387988, 0.5134183796190512, -0.325132605796917, -0.1715065377257602, 0.25218876799627343, 0.6119610117321497, 0.07026268549037851, -0.029344232472474266, 0.5790256944055037, 0.08128919272590422], [0.25484487664611577, 0.04371500808096604, -0.5852392234628297, 0.14144550579882254, -0.3976119280611333, 0.1947801865150646, -0.7202424324410607, 0.4777933259929785, -0.4894555262507604, 0.6615361882432543, -0.1330299951293944, 0.0007224752773980145]], "inverted": true, "swapped": true, "error_lsq": 0.04840374175623632, "error_max": 0.23797978388127097, "target": "384.xyz", "model": "2.xyz", "model_rescale": 3.795458400668931, "target_rescale": 4.126340199355934},
{"mapping": [2, 4, 3, 7, 5, 9, 6, 0, 8, 10, 12, 13], "R": [[0.44232624966020007, 0.4317260891811577, -0.7861043650698585], [-0.3301918462796772, 0.8933388792688777, 0.3048261659323942], [0.8338590009779592, 0.12473263689575614, 0.53769967061648]], "T": [0.11526672639120936, 0.005286249159896864, 0.018069400344140812], "aligned_model": [[-0.3837806712001587, -0.011720794960106445, -0.6373030885109313, 0.05544223911472593, 0.07712277826403872, 0.14657570160355093, -0.19124888117459124, 0.7384324400253078, 0.3805346115445557, 0.7417063091374452, -0.4532301627472234, 0.1307733446469521], [-0.11850180803862279, -0.6135416443854028, 0.05510084965464501, 0.05479176584138769, 0.40715997953410643, 0.6810148958772946, -0.3535544531478352, -0.27574234580100154, -0.6493677118628032, 0.22103044838173047, 0.6779949046024003, -0.0006158353661896805], [-0.5509586117468765, -0.2985925300865797, 0.0608656044410901, 0.7777042493980035, -0.4974329620368798, 0.25837015729017787, 0.3908720953582767, -0.08283554945074925, 0.4028595592083355, 0.39431445053761516, -0.09787245771469336, -0.06852257455861961]], "inverted": false, "swapped": true, "error_lsq": 0.05460319077334964, "error_max": 0.3554316509308284, "target": "384.xyz", "model": "3.xyz", "model_rescale": 3.7530521520055578, "target_rescale": 4.126340199355934},
{"mapping": [4, 8, 0, 10, 1, 7, 2, 6, 3, 9, 13], "R": [[0.1095447945046939, -0.8661499616424349, 0.48763119459662646], [-0.5615170491764027, -0.4587290984460741, -0.6886698902399302], [0.8201820172871079, -0.19837302786835864, -0.5366093554283131]], "T": [0.02063869831658969, -0.038649339434204094, 0.09543233171050619], "aligned_model": [[-0.40085600935531596, -0.31872273933239825, 0.30127776521428135, 0.5149673362365009, 0.22844012117244278, -0.17552363998547646, -0.2752530335731848, -0.5254485025317429, -0.49035802011540897, 0.43069040288697685, 0.04898592182853058], [-0.579006979445397, -0.0034902823061921107, -0.31025752642058335, 0.3325917408013275, -0.6950402865624453, 0.6689688362415919, -0.5547316913538021, 0.1685380376498354, 0.09277485467290805, 0.46710575950056377, -0.12024910446346049], [-0.07691732125950429, -0.6329906094945696, -0.47462476509705603, -0.3499346026279552, 0.06293096750095878, -0.11402344844846812, 0.5794486080157171, -0.04796389059193096, 0.6360656369779731, 0.39776210065927226, 0.11307810161087908]], "inverted": true, "swapped": true, "error_lsq": 0.043640313124499515, "error_max": 0.2454644784099001, "target": "384.xyz", "model": "4.xyz", "model_rescale": 3.7855080009869324, "target_rescale": 4.126340199355934},
{"mapping": [10, 7, 4, 1, 5, 6, 2, 14, 9, 13, 15, 8, 11, 16], "R": [[0.9467411122288301, -0.15764769133513143, -0.28076408572397793], [0.3188693166827425, 0.3378065755387002, 0.8855558008398441], [-0.04476187321816384, -0.9279191359916659, 0.37008438465636645]], "T": [-0.017656690921060942, -0.018406736178132512, 0.04162879936702185], "aligned_model": [[0.2429655569647882, -0.46993156327505564, -0.6853965935568023, -0.3689915392863421, -0.16450066484733245, -0.5940745317299123, 0.405720430691104, 0.5410169421485944, 0.6546326092464494, -0.07456644736170752, 0.5717381507805263, 0.0007000789870823636, -0.49668598651561924, 0.03173628134613002], [-0.07017924463532435, -0.09875639479352183, -0.3348376836968195, -0.36925987326919973, -0.6650255033775123, 0.27790039519354, -0.4762540771062425, 0.12586031427419805, -0.20914817449795467, 0.6787901772904869, 0.48751205039903767, 0.5277276895990993, 0.3544013424419739, -0.020003923498701164], [-0.6368694875499472, -0.550284069282982, 0.010074691143453884, 0.6130916936190212, -0.422509393250649, -0.035970329252536154, 0.43775165010798667, 0.394854206719616, -0.09460196014421038, 0.23016362996098727, -0.23401228728317386, -0.40189131510709414, 0.5554199035894536, 0.06271280939976176]], "inverted": false, "swapped": false, "error_lsq": 0.03405394131216992, "error_max": 0.23832109136946922, "target": "384.xyz", "model": "5.xyz", "model_rescale": 4.2253639853439635, "target_rescale": 4.126340199355934},
{"mapping": [4, 3, 7, 12, 0, 6, 9, 8, 1, 5, 10, 2, 11, 13], "R": [[-0.5175211298575514, 0.49815379755783395, -0.6957116314463], [-0.8268003663766846, -0.08170684490316407, 0.5565295550600619], [0.22039290893843125, 0.8632304359061254, 0.454158761024135]], "T": [0.02803159212525105, 0.015016181507627123, 0.007881007879679958], "aligned_model": [[0.20537258223318156, -0.45619940329660064, -0.6580328585499409, -0.5911296990688361, -0.041748230024591465, -0.5619509456205319, 0.2843028187179648, 0.5442455836383071, 0.6705493622062914, 0.031131545435776477, 0.5790631645915801, -0.05616034279971424, -0.34289888607878855, -0.012181967792194739], [-0.0418778643733515, -0.05881869971346604, -0.37653187268260185, -0.35481744704709484, -0.7603915156058623, 0.2689226076905613, -0.4197238379424057, 0.17781707545441308, -0.2414308165903643, 0.630939919869322, 0.5392661663255862, 0.525802472265467, 0.30571511292579373, 0.013855793747062962], [-0.6749253724195655, -0.5050305108895634, -0.0655826348730753, 0.6005074898613327, -0.1843072566020281, -0.02632571691479855, 0.35127961212063213, 0.5107565983540805, -0.23729573297247106, 0.15406447227532163, -0.16543556360958486, -0.4189452978989944, 0.627121268541765, -0.037951612303363295]], "inverted": false, "swapped": false, "error_lsq": 0.03923831936247795, "error_max": 0.29020114061563074, "target": "384.xyz", "model": "6.xyz", "model_rescale": 3.89814844738969, "target_rescale": 4.126340199355934},
{"mapping": [0, 8, 4, 10, 1, 6, 7, 11, 9, 3, 2, 5, 13], "R": [[-0.43755834608531863, -0.24197146710336023, -0.8660210753087527], [-0.39450445071884677, -0.813810215721993, 0.42670736008363463], [-0.808027804060047, 0.5283585353662521, 0.26063063129940695]], "T": [-0.1064914709460418, 0.0925676147556258, -0.0017175298077583417], "aligned_model": [[0.313222282442847, -0.11639601484076445, 0.32517495033766575, -0.26296080451653225, 0.578276613820663, -0.42423792697805884, -0.7998282133658796, 0.11418662678474423, -0.5281567531131258, -0.4481117332359039, 0.2338022074315436, 0.18770538433822528, -0.024044818201201523], [-0.2927183495896356, 0.09225411823147264, 0.5543889374087412, -0.6232904685701762, 0.09668252365544514, 0.44908070407414136, -0.031718677916713456, -0.5271643081137793, -0.29805105361786977, 0.7088899117215506, 0.6945468905881144, 0.041507068690858254, 0.09937396890833683], [-0.3927283706071592, -0.8060210345031805, -0.3175240168719386, -0.2105164769156263, 0.07678459180684176, -0.36728000538150046, -0.296525854692409, 0.2775390941004778, 0.4283398564156175, 0.2705264021081868, 0.32992358739033834, 0.5809840855499135, 0.02877317243673405]], "inverted": false, "swapped": true, "error_lsq": 0.04937960247453452, "error_max": 0.26660651180712147, "target": "384.xyz", "model": "7.xyz", "model_rescale": 3.7474275329858107, "target_rescale": 4.126340199355934},
{"mapping": [4, 9, 7, 10, 11, 5, 12, 1, 13, 3, 2, 8, 6, 14], "R": [[0.723684223705705, 0.4072798288057749, -0.5571393770031067], [-0.0011267425435262657, -0.8065964594645871, -0.5911014143363498], [-0.6901303317567716, 0.42839852080408874, -0.5832622331011643]], "T": [0.017745622998061438, -0.016461296535423966, 0.06747085905229287], "aligned_model": [[0.44581097482978854, -0.48095874629638946, -0.6383124254586799, -0.3365212393519081, -0.21872618899627666, -0.5787808946857664, 0.3161168362936213, 0.607111272864737, 0.6421620312372834, -0.1813265599607626, 0.5723627572676776, -0.04113207928371665, -0.586342803668414, 0.07289978880070878], [0.14201771440566957, -0.19628448563138842, -0.1977474014161784, -0.4265528707015596, -0.5676604128358651, 0.3341162968617163, -0.5339653265088441, 0.22277282510797533, -0.492892405975524, 0.6618664567457996, 0.5928381793821323, 0.39245129181201155, 0.2859086906976589, -0.00814145762054418], [-0.5680370508102343, -0.4796104994295872, 0.09198243093810086, 0.5981150437249515, -0.09605458823831704, -0.11765863273592182, 0.22176543717207137, 0.4677419994666313, -0.36982695225239803, 0.18737191027816086, -0.10499211920969755, -0.4752392174356451, 0.5263691723920043, 0.04600280880956862]], "inverted": false, "swapped": false, "error_lsq": 0.04637214445878151, "error_max": 0.2287841842596174, "target": "384.xyz", "model": "8.xyz", "model_rescale": 4.019505241142653, "target_rescale": 4.126340199355934},
{"mapping": [10, 9, 6, 8, 0, 4, 3, 11, 1, 5, 12, 2, 13], "R": [[-0.052789828789267856, -0.9438366095250246, -0.32616819050408086], [-0.5076413547947987, -0.2559081774254636, 0.8226853952932914], [-0.8599497013654355, 0.2090058832834235, -0.46562114629214896]], "T": [0.013871195953564657, -0.07472909092639812, -0.07328238151237197], "aligned_model": [[-0.42183699668888996, -0.6977587721049634, 0.27363890132325297, 0.44353766259520544, 0.19918841999273768, 0.7152912117790171, 0.08462545227260447, -0.4220580821253953, 0.33970325973390353, -0.17748309598716358, -0.4702434586837364, 0.4072769796222625, 0.04581929001234143], [-0.6536265670109884, 0.01968377552390152, 0.15329285748373525, -0.46434530092851645, -0.7385532414077259, -0.06342926899775184, 0.6730036514265189, -0.503336826695899, -0.32655181185214743, 0.045618254108817605, 0.612547807005888, 0.3990337015136229, -0.08995880205539644], [-0.30901216573866697, -0.07498793768781299, -0.5654480518045557, -0.6305868425410321, -0.023388389488684422, 0.011751999867028184, -0.15430038590354112, 0.29686868817433487, 0.4794432547001215, 0.5412094354086199, 0.2138615358034095, 0.3838230467724032, 0.007469306482254592]], "inverted": false, "swapped": true, "error_lsq": 0.05409510573354937, "error_max": 0.33478797952525385, "target": "384.xyz", "model": "9.xyz", "model_rescale": 3.877068213659057, "target_rescale": 4.126340199355934},
{"mapping": [2, 9, 11, 12, 10, 8, 6, 3, 13, 1, 4, 7, 0, 15], "R": [[0.12025388585674568, -0.7500658832574605, 0.6503385070173521], [-0.4928395397612985, -0.6137715185819905, -0.6167606594339726], [0.8617703818211812, -0.24634466454697765, -0.44347053483293886]], "T": [0.041373541818968115, -0.03999111822637601, -0.00761700318522957], "aligned_model": [[0.2261412243244592, -0.2748501401859599, -0.6390305090062659, -0.164794556197278, -0.24371454085647903, -0.5771054415015268, 0.28453873025107984, 0.5298537612447116, 0.6739149408962971, -0.1452591887742224, 0.49578833003325473, 0.002105143303378812, -0.5487876060716426, -0.024437423867903693], [0.1000672457013299, -0.2084694058432896, -0.2780608527015118, -0.25817289428409257, -0.6845317337373584, 0.29125125684332964, -0.5277244375007212, 0.03706105050423082, -0.3653686071569174, 0.760320047146347, 0.45705143413796595, 0.6940231119908992, 0.20715548376545084, -0.015874604542602852], [-0.629388598021267, -0.5619300496134837, 0.15058668011972637, 0.6765515752150022, -0.08825793282421263, -0.3286857994845978, 0.28098562245988323, 0.39014093985539977, -0.3103699785863342, 0.27090924809912936, -0.07504534393506725, -0.36253625052660754, 0.4660858702260686, 0.04888375968604844]], "inverted": false, "swapped": false, "error_lsq": 0.041392544170117444, "error_max": 0.21660265648595065, "target": "384.xyz", "model": "10.xyz", "model_rescale": 4.260839863003843, "target_rescale": 4.126340199355934},
{"mapping": [10, 8, 6, 7, 3, 9, 11, 0, 4, 2, 5, 13], "R": [[-0.12642550593052515, -0.03939337864508913, 0.9911936002462562], [0.6572082496221557, -0.7517758521325992, 0.053947982157690366], [0.7430302201652317, 0.6582410119927419, 0.12093329587825724]], "T": [-0.0164924118197858, 0.04330205960722311, -0.008721570320692401], "aligned_model": [[0.29169160113662157, 0.24900950577897304, -0.32446272413743266, -0.40379586922859834, -0.6912291984530688, -0.29996588134621033, 0.3766609133715701, 0.643910874865659, 0.20015994461118977, -0.1630348180399619, 0.04481507602637694, 0.03513922450901219], [0.09741913781999685, -0.6933750501260226, -0.4731979732138104, -0.28518243654621733, 0.008668231961639752, 0.5189004115454987, 0.5649632308239207, -0.10550574684477848, -0.3530656384715756, 0.1722642251077373, 0.640006800406776, 0.08118331306976877], [-0.7034347515171023, -0.19261799138870841, 0.0003514419014645498, -0.5789573435083105, 0.3292208841827464, -0.4656492554312125, -0.298636775810018, -0.1473510130877578, 0.5346962937262986, 0.7329378863982083, 0.25373792332614664, 0.051880778603749574]], "inverted": true, "swapped": true, "error_lsq": 0.04562773806632861, "error_max": 0.24130664156955758, "target": "384.xyz", "model": "11.xyz", "model_rescale": 3.890672605050136, "target_rescale": 4.126340199355934},
{"mapping": [2, 4, 3, 7, 4, 0, 12, 9, 10, 6, 11, 1, 8, 13], "R": [[-0.5769585793756655, 0.7612295259499553, 0.2960547356601822], [-0.5186714078135157, -0.06146350196546829, -0.8527615192085575], [-0.630950686188358, -0.6455632012035285, 0.4302898846711284]], "T": [0.0183172833633479, 0.16005964466646774, 0.08968395670488194], "aligned_model": [[0.2522398335197472, -0.17619338092088183, -0.8158531655036552, -0.2622769372740589, -0.17619338092088183, -0.4976135302049949, 0.32429112922808, 0.6290487365878781, 0.61523572484349, 0.033024838936412754, 0.4703229045674414, -0.24738193944122236, -0.5386416609438389, -0.01564644888161242], [-0.024106131599462483, -0.3313551461365869, -0.23400598580018908, -0.512507483003859, -0.3313551461365869, 0.25938551254129305, -0.48039881063022805, 0.2913595314886026, -0.40848004755308565, 0.7214803802995405, 0.29968903291921317, 0.6591524259453121, 0.30381803073400104, -0.00394906874490461], [-0.556015153599122, -0.3704618339798088, 0.045694217856211194, 0.5322723799590088, -0.3704618339798088, -0.17984212242075004, 0.31623443547459973, 0.5539983413454502, -0.2567139316177459, 0.2187141444589189, -0.19130842082753036, -0.4447396665254477, 0.5236439855435009, 0.10691520098221251]], "inverted": false, "swapped": false, "error_lsq": 0.05345980326040445, "error_max": 0.3423393260133866, "target": "384.xyz", "model": "12.xyz", "model_rescale": 4.124412569039231, "target_rescale": 4.126340199355934},
{"mapping": [6, 3, 9, 4, 7, 8, 2, 0, 5, 1, 10, 11, 13], "R": [[0.5629831119463354, 0.8229230517037666, 0.07647003751653378], [-0.7983933698391074, 0.5176141073630148, 0.30764210189072577], [0.21358380711134023, -0.2342504788327008, 0.9484243093186068]], "T": [0.11031659384707386, 0.13469087260984852, 0.03946893391081805], "aligned_model": [[-0.03333820192367641, -0.24445613672916416, 0.6616095497993542, -0.5072893915794076, 0.5719232144148324, 0.11579644950613137, -0.5810697065264343, 0.2266509832001664, 0.0035466014681982405, -0.2436193279414388, 0.8054621982789872, 0.52980555452448, 0.0622765210177293], [-0.20806579687321008, 0.4364760120964886, 0.5723100597722155, -0.18745860267608788, -0.1335204908057535, -0.6682286829379775, 0.4665782190118183, -0.28324650608108287, 0.7029582503277527, 0.18421561051012803, -0.08513122669647832, 0.3887735037625359, 0.16182502709812874], [0.512312969403375, 0.6342263424682151, 0.18053428563461213, -0.07940550796444446, 0.5854147753086967, 0.08734882985900663, 0.03880587580751293, -0.49838703572668375, -0.26773213658382705, -0.549906590769273, -0.18185273565587337, -0.4803596623153148, -0.029301328498162978]], "inverted": false, "swapped": true, "error_lsq": 0.04240653081161246, "error_max": 0.24319065763402656, "target": "384.xyz", "model": "13.xyz", "model_rescale": 3.9028299243045295, "target_rescale": 4.126340199355934},
{"mapping": [9, 7, 4, 5, 10, 3, 13, 12, 14, 2, 1, 6, 0, 15], "R": [[-0.31038735599760425, -0.950609954595987, -0.0006351848801433024], [0.40456696911704504, -0.13270133044624063, 0.9048292238855051], [-0.8602239573135966, 0.28059057560939765, 0.4257742032379632]], "T": [-0.010361051141728275, 0.08754650435514962, 0.083417953054374], "aligned_model": [[0.21226917972946727, -0.365033517809799, -0.5985206518672443, -0.07027008145500384, -0.12460102533988358, -0.5354982153302424, 0.3642783200072503, 0.5568076177446153, 0.5722326440391404, -0.07517742885240454, 0.3924808689213751, -0.03544923498555094, -0.69331386857267, -0.0058418826371465045], [-0.0075728362063649385, -0.24638885409549344, -0.2462892504942324, -0.244792047349568, -0.6038011142923845, 0.3493800685325477, -0.5459888028680272, 0.03226594175832402, -0.4832049286321188, 0.7493539103385282, 0.5709289782822303, 0.507253379502608, 0.31316691809205455, 0.06441573175495673], [-0.6529471383351098, -0.6803376188409784, 0.12797406084279223, 0.4682085828686749, -0.17023594605731457, -0.12720870408179397, 0.384963485075604, 0.48279753364601835, -0.25991576341028266, 0.39958177786961563, -0.07862687741797797, -0.43390688129500393, 0.49559180874279, -0.028008576937346263]], "inverted": true, "swapped": false, "error_lsq": 0.040870877839115596, "error_max": 0.29369585216521843, "target": "384.xyz", "model": "14.xyz", "model_rescale": 3.942246331269136, "target_rescale": 4.126340199355934},
{"mapping": [6, 11, 13, 12, 8, 4, 0, 2, 7, 5, 9, 10, 3, 14], "R": [[-0.2718009912695233, 0.6935481401390948, -0.6671695425111278], [0.9060213267148138, -0.04929467322280179, -0.420351508537541], [-0.3244219115331666, -0.7187217907517903, -0.6149710650231494]], "T": [-0.08404301792480395, 0.06239738850156788, 0.007998951204441654], "aligned_model": [[0.17142081983867474, -0.39094524540426934, -0.8045101798536656, -0.5487589729458526, 0.09940220914533962, -0.587949784454126, 0.3683678805758569, 0.58803226431419, 0.7075351174285505, 0.1835800806903049, 0.5074521648660062, -0.19799864177212728, -0.4579842580599619, -0.043280730777016864], [-0.07403475295699345, -0.18771009511702447, -0.31280494816012866, -0.31876716244689013, -0.6494918670468306, 0.3338759117807882, -0.40002221308978053, 0.07858495470233444, -0.1954457864067421, 0.4326281863628652, 0.5017583432420176, 0.5808389678498099, 0.4052482537436055, 0.014069301866028408], [-0.4704505108190903, -0.5898039377670556, -0.024866253056158256, 0.561920357553649, -0.233667063757783, -0.1186555353592089, 0.35758438260881403, 0.3695244639187716, -0.1866814559061573, 0.44855154918991413, -0.31643548950305855, -0.4686906339971127, 0.5170855485821502, 0.08251432098201343]], "inverted": false, "swapped": false, "error_lsq": 0.047631869111815, "error_max": 0.3195320573570179, "target": "384.xyz", "model": "15.xyz", "model_rescale": 4.355366556412066, "target_rescale": 4.126340199355934},
{"mapping": [8, 0, 10, 3, 7, 6, 9, 2, 11, 4, 5, 13], "R": [[0.28943697497340587, -0.3069050322751561, 0.9066617553875476], [0.9278962911226423, -0.14260618451302648, -0.34448795198015403], [0.23502065960057278, 0.9409956308627696, 0.2435005385170425]], "T": [-0.027493559247286192, 0.04465872358151207, -0.03774651086476391], "aligned_model": [[-0.1640930651179464, 0.46288798331251013, 0.18210717472058602, -0.5921429565240444, -0.5903666564721379, -0.5382814129923899, -0.10789571972285864, -0.004010434163525964, 0.5257280451678861, 0.04233365476165754, 0.33866643267264956, 0.04287550898939421], [-0.692045546044721, -0.4353249744496088, -0.4420154077387988, 0.5134183796190512, -0.325132605796917, -0.1715065377257602, 0.25218876799627343, 0.6119610117321497, 0.07026268549037851, -0.029344232472474266, 0.5790256944055037, 0.08128919272590422], [0.25484487664611577, 0.04371500808096604, -0.5852392234628297, 0.14144550579882254, -0.3976119280611333, 0.1947801865150646, -0.7202424324410607, 0.4777933259929785, -0.4894555262507604, 0.6615361882432543, -0.1330299951293944, 0.0007224752773980145]], "inverted": true, "swapped": true, "error_lsq": 0.04840374175623632, "error_max": 0.23797978388127097, "target": "384.xyz", "model": "16.xyz", "model_rescale": 3.795458400668931, "target_rescale": 4.126340199355934},
{"mapping": [0, 8, 4, 10, 1, 6, 7, 11, 9, 3, 2, 5, 13], "R": [[-0.43755834608531863, -0.24197146710336023, -0.8660210753087527], [-0.39450445071884677, -0.813810215721993, 0.42670736008363463], [-0.808027804060047, 0.5283585353662521, 0.26063063129940695]], "T": [-0.1064914709460418, 0.0925676147556258, -0.0017175298077583417], "aligned_model": [[0.313222282442847, -0.11639601484076445, 0.32517495033766575, -0.26296080451653225, 0.578276613820663, -0.42423792697805884, -0.7998282133658796, 0.11418662678474423, -0.5281567531131258, -0.4481117332359039, 0.2338022074315436, 0.18770538433822528, -0.024044818201201523], [-0.2927183495896356, 0.09225411823147264, 0.5543889374087412, -0.6232904685701762, 0.09668252365544514, 0.44908070407414136, -0.031718677916713456, -0.5271643081137793, -0.29805105361786977, 0.7088899117215506, 0.6945468905881144, 0.041507068690858254, 0.09937396890833683], [-0.3927283706071592, -0.8060210345031805, -0.3175240168719386, -0.2105164769156263, 0.07678459180684176, -0.36728000538150046, -0.296525854692409, 0.2775390941004778, 0.4283398564156175, 0.2705264021081868, 0.32992358739033834, 0.5809840855499135, 0.02877317243673405]], "inverted": false, "swapped": true, "error_lsq": 0.04937960247453452, "error_max": 0.26660651180712147, "target": "384.xyz", "model": "17.xyz", "model_rescale": 3.7474275329858107, "target_rescale": 4.126340199355934},
{"mapping": [7, 2, 0, 8, 1, 6, 3, 10, 11, 5, 12, 9, 4, 13], "R": [[0.8159548688800966, -0.5692117951053994, -0.1010721735382853], [-0.034334952891376946, 0.12680763188649719, -0.9913329085152403], [0.5770951073790277, 0.8123532217011435, 0.08392544447878234]], "T": [0.01886393903860804, -0.014900106393816153, -0.023212828134515397], "aligned_model": [[0.348191493204698, -0.45724659247355004, -0.7102531305565334, -0.16273949200649684, -0.001498524989921344, -0.638389631463307, 0.23296498383211647, 0.5096132692432223, 0.6611125806525697, 0.14927545138101264, 0.48589230324313193, -0.17411808706278406, -0.570621380525467, -0.07782051888678836], [0.03190667757203239, -0.16646615208278953, -0.40134706117427094, -0.14021738588884072, -0.6562539537292706, 0.3301314003504733, -0.5574759850414065, 0.06308074036133604, -0.3193856928192709, 0.558899120404299, 0.5449506827449911, 0.5718337112384387, 0.3882547563913173, -0.03918376400397886], [-0.6990617528788347, -0.5273747261267188, 0.11165540662362153, 0.6610168295910991, -0.2816098663845195, -0.23290263445943277, 0.3237184904825238, 0.45587323188657164, -0.15182803645072604, 0.3974618935267056, -0.18961151876217966, -0.2805560439078416, 0.4001062437861176, -0.058957774256698535]], "inverted": true, "swapped": false, "error_lsq": 0.036049060756111535, "error_max": 0.20476985807405879, "target": "384.xyz", "model": "18.xyz", "model_rescale": 3.922800546911778, "target_rescale": 4.126340199355934},
{"mapping": [11, 7, 12, 5, 13, 3, 8, 6, 4, 2, 10, 9, 0, 14], "R": [[-0.29399364071187045, 0.9463344760160507, 0.13423411907710564], [-0.5665967740992722, -0.28565478112879406, 0.7728967858637783], [0.7697634927698753, 0.15117012112744943, 0.620170750420426]], "T": [0.009909935430672822, -0.02455108894632072, 0.1059961648440186], "aligned_model": [[0.22252165840537544, -0.4397036963104051, -0.6249953132201088, -0.4475988382087711, 0.07671133125217765, -0.5835082888843882, 0.19928864329857504, 0.6456908249522336, 0.6461156300315413, 0.03352580710914481, 0.5891765235654347, -0.11251847783587986, -0.5652440668763952, -0.04509901368663116], [-0.023598024116779057, -0.03704528682928057, -0.4785449706930759, -0.2624580859586399, -0.5627601455711253, 0.19540220373969597, -0.5196605123666188, -0.011910826080432067, -0.21901801137862495, 0.691379427818665, 0.4356563668277643, 0.6150906599164828, 0.39630960760934697, -0.010115308594318948], [-0.5737383124998658, -0.5542329591958977, 0.00904811102798976, 0.6686858688561211, -0.31552765619522216, 0.013127420519328914, 0.41159887731287514, 0.3731864644189952, -0.1791214763662367, 0.10215577980179048, -0.21534472079607825, -0.3824840319416362, 0.5424784478770388, 0.028097929850485218]], "inverted": true, "swapped": false, "error_lsq": 0.03877150031980966, "error_max": 0.21772077267199502, "target": "384.xyz", "model": "19.xyz", "model_rescale": 3.9282355846067225, "target_rescale": 4.126340199355934},
{"mapping": [1, 0, 4, 8, 3, 11, 6, 7, 5, 12, 2, 10, 9, 13], "R": [[-0.7682715018082086, 0.19752723564824082, 0.6088857780294462], [-0.5291925271782288, 0.3391946749061939, -0.7777546153472835], [-0.36015853271591275, -0.9197445100094078, -0.15606366527630666]], "T": [-0.006234745440980887, -0.026106811284210298, 0.09932427961923405], "aligned_model": [[0.19372430578552038, -0.4272695409948479, -0.49690225572936725, -0.4611389564955403, 0.004176339996536677, -0.6587138452744218, 0.29996054442724135, 0.47042292743218556, 0.570930089988637, 0.015978222308926055, 0.5859461045790595, -0.08432385596437685, -0.414658689586477, -0.0037686668811727137], [-0.07389586939589737, -0.11028371407985052, -0.41615461705117224, -0.27659314182104583, -0.6233015742272418, 0.18638472308882706, -0.5329337501688021, 0.22759822856647713, -0.3490097783730732, 0.7352611049282721, 0.3467504527632597, 0.7181834558141279, 0.3642839754523173, 0.012437598826861334], [-0.621254224128975, -0.575835655629804, 0.018851001423384098, 0.6551482950298726, -0.3585022088619219, -0.10678623303426811, 0.3753948367970212, 0.41001543177056443, -0.12496254308175024, 0.4769746807756069, -0.33543486275324685, -0.32748766739234414, 0.4983352327491657, -0.05652634099361668]], "inverted": true, "swapped": false, "error_lsq": 0.03967362260385719, "error_max": 0.20838608436444192, "target": "384.xyz", "model": "20.xyz", "model_rescale": 4.067790424073018, "target_rescale": 4.126340199355934},
{"mapping": [0, 7, 1, 13, 8, 9, 5, 6, 4, 11, 3, 12, 10, 14], "R": [[-0.5916039879596494, -0.7574836446853213, -0.27608558358683133], [0.6872442544225406, -0.6528528875862217, 0.3185568111554654], [-0.4215448448189655, -0.0012787511776616023, 0.9068066544760135]], "T": [0.07721487224881894, -0.004410566960868344, -0.015162778199525493], "aligned_model": [[0.20278420623774124, -0.38256041230353915, -0.6363222084304792, -0.19619067134811508, 0.008891862899867417, -0.6513586655479773, 0.06286302383152009, 0.7084659692968394, 0.6312192000966177, 0.0889411827916659, 0.5408703258956301, -0.2112219883346403, -0.586346460681686, 0.014327359188458386], [0.04688201925827361, -0.2504429201947968, -0.40466154220120226, -0.032154139357956954, -0.5153618039574751, 0.20453151307208067, -0.5157709990241093, 0.059576999379673576, -0.5835457844289058, 0.5284621669358397, 0.6859973697037622, 0.6797452425775039, 0.27154344169433137, 0.03392553086604054], [-0.7123424124986703, -0.5487719292508918, 0.04783795666638903, 0.6287341141662556, -0.2589427948747936, -0.18713285316216385, 0.279405811139169, 0.3656055851460356, -0.027576454143282414, 0.35081727192568124, -0.19434290529200476, -0.2042365009357643, 0.3783122071556888, 0.010562646628039572]], "inverted": false, "swapped": false, "error_lsq": 0.04952790937180151, "error_max": 0.26981818757482234, "target": "384.xyz", "model": "21.xyz", "model_rescale": 4.186013935880536, "target_rescale": 4.126340199355934},
{"mapping": [11, 0, 10, 12, 2, 9, 5, 1, 7, 6, 4, 3, 13], "R": [[-0.11847621494244687, -0.6126664680684437, -0.7814110220603816], [-0.8565635228635433, 0.4611167128958523, -0.23166853128493903], [0.5022572227380189, 0.6418809671525268, -0.5794191110196741]], "T": [-0.02333431102667315, 0.05292147597897751, -0.0076361770444132275], "aligned_model": [[0.03503173776143005, -0.47847404740782984, 0.17542423075115035, 0.5787909746428899, -0.3061173370050393, 0.6147844280797068, -0.0189538120219043, -0.5907310760602621, 0.4836744433803143, 0.021933183329950378, -0.6359952394678895, 0.26311202617660523, -0.08390547673589686], [-0.37830243960171694, 0.148046290873732, 0.21078007220990985, -0.45621839419459126, -0.31324782324297085, -0.1811554615051333, -0.6005824733244189, -0.3328666100697116, 0.6156676163051367, 0.5688711938591701, 0.1920438532706319, 0.057006183233406234, -0.0110853482673502], [-0.5745489393087969, -0.518804913066122, -0.7260428542061664, 0.40149692534949055, 0.604016069920954, -0.23860451221517842, 0.03253272930561904, -0.07332718998085648, -0.10424763526530247, 0.2980549404221631, 0.3158450766489651, 0.6913675045473743, -0.004857640816797241]], "inverted": true, "swapped": true, "error_lsq": 0.05348438682564463, "error_max": 0.37589521743445087, "target": "384.xyz", "model": "22.xyz", "model_rescale": 4.166573947596378, "target_rescale": 4.126340199355934},
{"mapping": [12, 3, 8, 7, 9, 4, 10, 13, 14, 1, 6, 2, 0, 15], "R": [[0.39870497489128215, 0.8557080313231569, 0.32984558224416083], [-0.08629516098046458, 0.39308039533325884, -0.915445764639285], [-0.9130101249100682, 0.3365287029863816, 0.2305665714669104]], "T": [-0.011286008686115883, -0.015249923945610921, -0.10758769215390541], "aligned_model": [[0.5197686288108087, -0.4296899627712119, -0.6892234518700842, -0.06522804105245085, -0.10382111047848579, -0.6989311780963013, 0.2410327201904718, 0.5992797738237251, 0.6217094200069596, -0.11818864072836015, 0.3826713059331948, -0.18927167794045127, -0.4677912306743759, -0.00795383156153566], [0.023245272551923303, -0.018151970619656427, -0.40128167045130364, -0.11308851294393604, -0.5522393580669147, 0.2418152284373944, -0.5043214539760205, -0.15316459278304428, -0.4899001181127984, 0.6440886257896798, 0.6304420301741656, 0.5468957759392117, 0.31106700980499086, 0.04332082857936816], [-0.48953068144529616, -0.5392778140551633, 0.10562453554454186, 0.5987461632552928, -0.359636831927188, -0.0773363817404129, 0.40043349901423486, 0.46250186944440264, -0.1062672183878076, 0.14129694972370366, -0.19117696544773127, -0.4318137750500556, 0.48560367990326603, -0.0712372861620989]], "inverted": false, "swapped": false, "error_lsq": 0.04773088155031283, "error_max": 0.2981788736771687, "target": "384.xyz", "model": "23.xyz", "model_rescale": 4.274766983524099, "target_rescale": 4.126340199355934},
{"mapping": [9, 6, 3, 5, 4, 1, 11, 0, 10, 8, 13], "R": [[0.8562169939803631, 0.4802658034609614, 0.19036075552809698], [0.37427662315145427, -0.8306529595394767, 0.4122289050644711], [0.3561031712602052, -0.28170981316650223, -0.8909714431922716]], "T": [-0.06032897435091307, 0.1311610277093546, -0.06465288703652061], "aligned_model": [[0.301978826980745, 0.0592291909880365, -0.3410920237178748, -0.4465492189146724, -0.5196753948966467, -0.5425001316522453, 0.08769732881024846, 0.0657933710328487, 0.5868295125400371, 0.2588249448524024, -0.1306417020648039], [-0.28169183073190196, 0.7155575210618843, 0.5018743274914043, -0.36823046634470935, 0.5185395330027885, -0.13467112495847097, -0.5528586134412016, -0.026536456999306596, -0.19058994420321343, 0.6439305246593726, 0.09026306170683779], [-0.526842765856162, -0.1413790258810641, -0.6599831275621221, -0.23826797831485408, 0.30721715768504765, 0.34999284990405355, 0.08010928043419271, 0.5961943298293462, 0.17658279241942548, 0.46658203725777037, -0.030639115894056504]], "inverted": false, "swapped": true, "error_lsq": 0.050316908496581166, "error_max": 0.2527242760086786, "target": "384.xyz", "model": "24.xyz", "model_rescale": 3.7841303162186577, "target_rescale": 4.126340199355934},
{"mapping": [13, 3, 2, 8, 12, 4, 9, 10, 14, 7, 11, 6, 1, 15], "R": [[0.14591902896561637, 0.9824256480049296, 0.11639365587447706], [0.9298056742279615, -0.09600800682128285, -0.3553081350035361], [-0.337889101865121, 0.16006969971952556, -0.9274743371503512]], "T": [-0.026986640658569018, 0.04721095578178845, 0.09661602025259862], "aligned_model": [[0.3625128157274156, -0.26984895374413503, -0.5154516366751278, -0.35111752855886674, 0.013347586104194155, -0.7325544343956575, 0.1355838128334093, 0.672116276419731, 0.55722634632069, 0.24138863890189624, 0.4177606372065049, -0.2936362359036704, -0.5926504862873514, -0.05031411435712953], [-0.1011849864331892, 0.1510492006986145, -0.5228466100424615, -0.09634170586224926, -0.5765510422265341, 0.126469558869095, -0.49140330622199335, 0.08502312181490969, -0.47343681001547944, 0.6115370293588174, 0.4895345514735484, 0.6138964285694927, 0.29928621531115557, 0.09369544902933294], [-0.5654027219897886, -0.6644604564621092, 0.1689302459643916, 0.5696800587111779, -0.33287906286273966, -0.13272325927880135, 0.2566354970160782, 0.43585112561419614, -0.03346108044405345, 0.27638351481775997, -0.3460771745094232, -0.2636505762145578, 0.5083427148995004, 0.05076091740805646]], "inverted": false, "swapped": false, "error_lsq": 0.05286579114595542, "error_max": 0.30885326517897166, "target": "384.xyz", "model": "25.xyz", "model_rescale": 4.19342608120988, "target_rescale": 4.126340199355934},
{"mapping": [8, 0, 10, 3, 7, 6, 9, 2, 11, 4, 5, 13], "R": [[0.28943697497340587, -0.3069050322751561, 0.9066617553875476], [0.9278962911226423, -0.14260618451302648, -0.34448795198015403], [0.23502065960057278, 0.9409956308627696, 0.2435005385170425]], "T": [-0.027493559247286192, 0.04465872358151207, -0.03774651086476391], "aligned_model": [[-0.1640930651179464, 0.46288798331251013, 0.18210717472058602, -0.5921429565240444, -0.5903666564721379, -0.5382814129923899, -0.10789571972285864, -0.004010434163525964, 0.5257280451678861, 0.04233365476165754, 0.33866643267264956, 0.04287550898939421], [-0.692045546044721, -0.4353249744496088, -0.4420154077387988, 0.5134183796190512, -0.325132605796917, -0.1715065377257602, 0.25218876799627343, 0.6119610117321497, 0.07026268549037851, -0.029344232472474266, 0.5790256944055037, 0.08128919272590422], [0.25484487664611577, 0.04371500808096604, -0.5852392234628297, 0.14144550579882254, -0.3976119280611333, 0.1947801865150646, -0.7202424324410607, 0.4777933259929785, -0.4894555262507604, 0.6615361882432543, -0.1330299951293944, 0.0007224752773980145]], "inverted": true, "swapped": true, "error_lsq": 0.04840374175623632, "error_max": 0.23797978388127097, "target": "384.xyz", "model": "26.xyz", "model_rescale": 3.795458400668931, "target_rescale": 4.126340199355934},
{"mapping": [10, 0, 11, 9, 12, 6, 8, 7, 4, 5, 3, 2, 13], "R": [[0.38693568618629026, -0.37869084599402436, 0.8407580019933649], [0.9220117454905812, 0.17197534268632664, -0.34687003716858056], [-0.0132331376837318, 0.9094051488023646, 0.4157008051457114]], "T": [-0.07878496518526742, -0.07931103242149466, -0.014936100100914458], "aligned_model": [[0.1019881956466841, 0.3427597334135767, 0.4997513913489813, -0.09139590341711029, -0.22469713353182888, -0.6255069385604282, -0.32275790258501746, -0.660107680451653, -0.061188755587027244, 0.355623795007347, -0.5910944022059796, -0.016799615084762798, -0.006898401171525237], [-0.7239342360660369, -0.5608197979192219, -0.24335136645100974, -0.07467334309785117, 0.5923442202727303, -0.16511184840145882, -0.6797933696245343, -0.4801003638623404, 0.04896674543918057, 0.36381954415024204, 0.4756334455878644, 0.6091493412258143, -0.04024746799646352], [-0.37868661593575265, 0.24572414343454635, -0.40111895059751085, -0.7326779518741418, -0.5777478121095871, 0.2205073549575846, 0.4614046334700082, -0.3056364301237699, 0.6797463854330712, -0.22380079970125444, -0.030747579343619443, 0.31724577324903536, 0.017924511240816288]], "inverted": true, "swapped": true, "error_lsq": 0.04291269614808335, "error_max": 0.21706586362199892, "target": "384.xyz", "model": "27.xyz", "model_rescale": 3.6321398670334006, "target_rescale": 4.126340199355934},
