[{"mapping": [1, 0, 3, 2, 9, 12, 5, 11, 4, 7, 8, 6, 13], "R": [[0.36505454907648766, -0.32417562831169755, 0.8727229447008245], [-0.47650619798846866, -0.8703843795651439, -0.12398739890639587], [0.7997981116989066, -0.3705957282777495, -0.4722094733327021]], "T": [0.12503651901500656, -0.051459124362026855, -0.18073631193412407], "aligned_model": [[0.1945111776954641, -0.4109217308198304, 0.3578559126465439, -0.15326964050074038, -0.5865488077347051, -0.20485360381719625, 0.8514582199026041, 0.3171374768094154, -0.02284281348239331, -0.24069990908482475, 0.3409290249013177, 0.5592809072527548, 0.056825640428003796], [-0.29905723514651306, -0.5508185287210808, -0.5021288519846842, -0.6380595881539151, 0.09398462281187717, 0.12594263270020625, 0.10070875546928768, 0.6193629230790415, -0.08030574282622444, 0.3510174862170447, 0.42223806204135444, -0.2473909011416805, 0.06789477648799669], [-0.697372122501064, -0.4232262587211525, -0.054671914298251384, 0.2312149265206727, -0.08463422596953143, -0.6221215534438423, -0.3275617500189798, -0.16821259344781128, 0.7630347419949444, 0.3442817121117444, 0.401999076658631, 0.41725100759668743, -0.09331901015883973]], "inverted": true, "swapped": false, "error_lsq": 0.05207646708403127, "error_max": 0.2867592077808857, "target": "385.xyz", "model": "0.xyz", "model_rescale": 3.8414455957264533, "target_rescale": 3.8916502031582696},
{"mapping": [12, 11, 10, 3, 0, 13, 8, 9, 2, 7, 6, 5, 14], "R": [[0.9805428474033824, -0.015342352609966026, -0.1957047179361272], [0.1955585886324457, -0.010522030720461307, 0.9806355721069901], [-0.01710446778340434, -0.9998269345671327, -0.007316973140400756]], "T": [0.017400520291581123, -0.03901745101011339, 0.02611801305737921], "aligned_model": [[0.2926509981706247, -0.2759310077276573, 0.5470329617442871, -0.15930006235970473, -0.6955487577097004, -0.15278059516878567, 0.5649891303609681, 0.1275845328017884, 0.1141612703193492, -0.34951641482047113, 0.6846967290204876, 0.35320504750326176, 0.007618022061966219], [-0.37616451027703685, -0.44128449146774873, -0.4688497129360232, -0.6905905113148114, 0.02889317691566423, 0.3079722649715534, 0.1728037193471723, 0.6299031286032633, 0.18468472656806437, 0.4572373353631222, 0.14385126313039642, -0.3576515283867638, -0.12741644968414212], [-0.6006663028935678, -0.6655489913322532, -0.02969420763748531, 0.42311465437304896, -0.08617109202118559, -0.6261729692372999, -0.5026360918073658, -0.05078726342152168, 0.7226805878625979, 0.20516591688413158, 0.3884741596704412, 0.49519202557668734, 0.01371161030698003]], "inverted": false, "swapped": false, "error_lsq": 0.04357191435161849, "error_max": 0.24020735205013158, "target": "385.xyz", "model": "1.xyz", "model_rescale": 4.316132596720782, "target_rescale": 3.8916502031582696},
{"mapping": [2, 1, 0, 10, 6, 11, 7, 8, 5, 3, 4, 12], "R": [[0.8862561301578887, 0.2075429031856097, 0.414096625312079], [0.4259893838261546, -0.7162613180541245, -0.5527230492088979], [0.18188764835737734, 0.6662549569021288, -0.723202057365966]], "T": [0.027526634364084437, 0.1390060547023624, -0.04822219179758287], "aligned_model": [[-0.3045270157374067, 0.5424758525544406, 0.12577881052486245, -0.6613380356975144, -0.4088273913683519, -0.44759828540337154, -0.24363867172636067, -0.30484567359217785, 0.4710215821853513, 0.24576676659825242, 0.5836914241117183, -0.0001508078176615038], [-0.5278796772532166, -0.510301006630112, -0.568266809725617, 0.2642787828351232, -0.22904752334315046, -0.08719910899641312, 0.3926731105645248, 0.6254437209669319, 0.08415261042354052, 0.029304652837236628, 0.4205826592887698, 0.11903501677336294], [0.1357438422917529, 0.018260791400160556, -0.5205765221033726, -0.09270003421725843, -0.4927523126034588, 0.4791614163456715, -0.615980623981334, 0.4588559717047905, -0.5987417644122043, 0.6864743106660356, 0.015057458981194108, -0.023544072862556265]], "inverted": true, "swapped": true, "error_lsq": 0.04650466745930828, "error_max": 0.24498052738017062, "target": "385.xyz", "model": "2.xyz", "model_rescale": 3.795458400668931, "target_rescale": 3.8916502031582696},
{"mapping": [5, 1, 0, 11, 7, 10, 2, 4, 3, 8, 6, 12], "R": [[0.5833560273527308, -0.26656852364105027, -0.7672268032042878], [-0.6127613552043774, -0.764462548924753, -0.20030110548762528], [-0.5331221876074331, 0.5869737928522027, -0.6092967254018065]], "T": [0.1762179953727084, 0.015152153771744333, -0.02398540758073201], "aligned_model": [[-0.0733975243389314, -0.27818486305419454, -0.6486850596103261, 0.16740246430467923, 0.08178598194479109, 0.16371457128967581, -0.3585221803826526, 0.5300188422906836, 0.4680362345020145, 0.7935071893489914, -0.41928852482008205, 0.1669166942689166], [-0.09262849730668378, -0.678480133073896, -0.11809331321480188, 0.0471160623700041, 0.5989011766906244, 0.6266119066895041, -0.07676124211949462, -0.33951541342823943, -0.5493294915645347, 0.227854217646635, 0.42290215355629107, 0.01719161904430103], [-0.6788471429846425, -0.08385724707720668, -0.2104997599569299, 0.7202904354810521, -0.3564713604476998, 0.3197684338336751, 0.51864207036254, -0.40034275014852627, 0.41833200221787953, 0.39783576445963115, 0.026879339270800683, 0.017041645628527113]], "inverted": true, "swapped": true, "error_lsq": 0.05037148266073893, "error_max": 0.30850309269239223, "target": "385.xyz", "model": "3.xyz", "model_rescale": 3.7530521520055578, "target_rescale": 3.8916502031582696},
{"mapping": [3, 1, 2, 0, 11, 5, 8, 4, 9, 7, 12], "R": [[0.9697398520632583, 0.09973832807561603, -0.22283824903505844], [-0.23730871555394165, 0.5994947846958679, -0.7643890217975357], [0.05735148509383478, 0.79413995557152, 0.6050227583507879]], "T": [-0.04618190845971205, -0.021257594990364087, 0.0917180109360431], "aligned_model": [[-0.46394404204179096, -0.17693294941010876, 0.45109668797255187, 0.3959965843695941, 0.2202384015762892, -0.1476915304003451, -0.21528397144573672, -0.6408117869147599, -0.33832222376094306, 0.278917018480911, -0.025062585980456464], [-0.6131623419550358, 0.05541548518933839, -0.39413830810742645, 0.37130161890449276, -0.7163120173246865, 0.6517484306258087, -0.5634470822842103, 0.17544032022703435, 0.14420479247459578, 0.41313877379975383, -0.05698631323531847], [-0.18134914909363103, -0.7257278578112939, -0.3582971877471555, -0.5274608423047419, 0.06064545069326706, -0.10709636244228303, 0.6224309939315033, 0.07343661039375741, 0.6527455157027382, 0.4989497855517628, 0.08455382037139332]], "inverted": false, "swapped": true, "error_lsq": 0.04571603913553772, "error_max": 0.25929885519773227, "target": "385.xyz", "model": "4.xyz", "model_rescale": 3.7855080009869324, "target_rescale": 3.8916502031582696},
{"mapping": [10, 9, 5, 2, 14, 8, 7, 6, 1, 11, 4, 0, 16], "R": [[0.7468730106322958, -0.4635770992052213, 0.4767357539366257], [0.4016559589674136, -0.25686842461988113, -0.8790284995716965], [0.5299558440238374, 0.8480064183281709, -0.005649589295620566]], "T": [-0.03990320220730573, -0.0031810713017420347, -0.07552073355822451], "aligned_model": [[0.20661923081642614, -0.3002569724713815, 0.6467552064823044, -0.30995407112492435, -0.6761166736231428, -0.0726634924466821, 0.6321515120643445, 0.2278688806708085, 0.036368363700729794, -0.21257495734456672, 0.5691570227819813, 0.39461503930067976, -0.08310723461016295], [-0.28652641402806794, -0.6068699233356357, -0.43049977292776276, -0.5817314351864914, -0.23271796521367588, 0.3405907684126231, 0.17739554470310884, 0.5918836568403651, 0.03270252379902712, 0.6453226185785488, 0.206013990695238, -0.3570566483201322, -0.035118533184434836], [-0.699945573587547, -0.3488149038003334, -0.10717830193938044, 0.2961480601605309, -0.05994409543760902, -0.6887560550836995, -0.3531968374155708, -0.05899351300427587, 0.6768082867686201, 0.3511684478019374, 0.28818773793704683, 0.46710239266035336, -0.0759236087368649]], "inverted": true, "swapped": false, "error_lsq": 0.04301818335157408, "error_max": 0.28331351482032663, "target": "385.xyz", "model": "5.xyz", "model_rescale": 4.2253639853439635, "target_rescale": 3.8916502031582696},
{"mapping": [4, 1, 2, 8, 9, 0, 3, 7, 11, 12, 6, 5, 13], "R": [[-0.3984557904530396, -0.8161709567182215, 0.4184470724764445], [0.9010570223989024, -0.26314788110118836, 0.34474546415809315], [-0.17125777483100635, 0.5144104995833757, 0.8402693689992004]], "T": [0.055462854500243235, -0.14957644420813515, -0.02548881005820088], "aligned_model": [[0.34378236379953375, -0.27395950767982535, 0.6752166003246449, -0.3987384850647828, -0.5507819456770081, -0.28222044453944584, 0.5559501315793524, 0.1906167779956067, 0.047642529616724265, -0.22980552172972046, 0.5257447267148455, 0.3533113314727955, 0.10210329738369357], [-0.35520623801450374, -0.582569658642766, -0.4052705390870812, -0.6039582558688901, -0.08906259271980324, 0.29647847742855155, 0.22944589543393945, 0.6235857053030034, 0.08570109716911778, 0.6412856378392611, 0.2050217613053918, -0.4609055347238595, -0.12115734458965077], [-0.6382689995740602, -0.5181383462475048, -0.05189783158290397, 0.3393442859842459, -0.06292867546228369, -0.6000039497716472, -0.35543429681704247, -0.141009040122191, 0.7162234723366505, 0.3801007425338368, 0.2329933777923824, 0.43830182009129653, -0.0526205228375711]], "inverted": false, "swapped": false, "error_lsq": 0.03620187684273213, "error_max": 0.20136151720722972, "target": "385.xyz", "model": "6.xyz", "model_rescale": 3.89814844738969, "target_rescale": 3.8916502031582696},
{"mapping": [3, 8, 7, 11, 9, 6, 0, 1, 10, 5, 2, 4, 12], "R": [[0.7571915457656055, -0.46817921596721046, -0.45548785357835975], [-0.2059069138056886, 0.4906893141415227, -0.8466559749002773], [0.6198897529949257, 0.7348688445727241, 0.27514446279770916]], "T": [0.15181339396910676, -0.11704365978469607, -0.02956958023284052], "aligned_model": [[0.2711782837347402, -0.3053443035084332, 0.538003097780829, -0.2165671491255885, -0.7128122931136499, -0.162512288894755, 0.576904586164591, 0.340475361214271, -0.1196742129759561, -0.2557581430172511, 0.4451672179911646, 0.5152907253269439, 0.14451097261950774], [-0.25764595533757517, -0.4914195233163666, -0.6062733039576707, -0.7657814210146778, 0.05270152522136175, 0.1833787369667116, 0.154495286252945, 0.7026077678999809, 0.0767095373385182, 0.5417260010960279, 0.29794867899453353, -0.33765186321541524, -0.08740705609566327], [-0.8159314271242131, -0.35901809632706105, -0.236418673724098, 0.2847160571204732, 0.117246196979775, -0.5475672632875866, -0.3403339066457959, -0.1154463014295408, 0.6243859541362039, 0.020275982924796866, 0.46365728157331354, 0.4549013049112819, 0.13619492721565882]], "inverted": false, "swapped": false, "error_lsq": 0.04730101155380039, "error_max": 0.2614065436124651, "target": "385.xyz", "model": "7.xyz", "model_rescale": 3.7474275329858107, "target_rescale": 3.8916502031582696},
{"mapping": [8, 4, 9, 12, 1, 2, 5, 3, 10, 0, 6, 11, 14], "R": [[0.4418867942509286, 0.5565934817989477, -0.703519549895781], [0.5965906659032327, 0.40333913882507366, 0.6938278723494652], [0.6699370406417123, -0.726306571022714, -0.153828236892491]], "T": [0.03229695705981438, -0.12838802161411417, 0.03300921517934452], "aligned_model": [[0.2878813110833161, -0.14558967779714727, 0.6823553568744642, -0.3181389024502788, -0.6503689159578662, -0.4084103172158756, 0.6675261162049007, 0.20067558819694542, 0.16853050820076038, -0.15728849853063454, 0.45157293207334104, 0.2919173067642229, -0.011800953249734486], [-0.16434274160081902, -0.5104133504964039, -0.508415868375709, -0.4725253989838256, 0.18189437600316122, 0.09296511219209999, 0.1354749144224902, 0.48981471468983223, -0.014531282033465306, 0.45487871074832725, 0.5160804384794362, -0.5898580146753813, -0.1476331995370327], [-0.598333965622976, -0.6262622304916858, -0.0825042152283853, 0.40638140571564396, -0.016930344247384127, -0.6491706616892907, -0.16669489188873055, -0.28887360571563836, 0.7703967809029971, 0.2739874539785431, 0.3083383983743868, 0.358773969431952, -0.002446057196224538]], "inverted": true, "swapped": false, "error_lsq": 0.0509276350543651, "error_max": 0.2783954213257868, "target": "385.xyz", "model": "8.xyz", "model_rescale": 4.019505241142653, "target_rescale": 3.8916502031582696},
{"mapping": [6, 10, 11, 9, 1, 2, 5, 3, 7, 0, 4, 8, 12], "R": [[-0.9659500803187363, 0.12403545732986662, -0.2270586876937278], [-0.11002422299553458, 0.5973649385025006, 0.794386430273159], [0.2341689831861937, 0.7923195918143603, -0.563377805509473]], "T": [0.0456731149819677, -0.07622465903704788, -0.08308681274767143], "aligned_model": [[0.17088010323780972, -0.44737283237106845, 0.46946230276222406, -0.07761702079736434, -0.6242014240533903, -0.10239889696573455, 0.6632446480253421, 0.37645254944132023, -0.04440849320682409, -0.19005652343843227, 0.4290028696949036, 0.3509831452349992, 0.08489142663262843], [-0.2721373085483643, -0.6819596113176062, -0.5319105511572877, -0.6450709965370695, -0.15979798318792315, 0.36248481191951787, 0.09675531472654016, 0.7035887378078222, 0.11722530330228632, 0.4247331137819804, 0.4622429943314226, -0.33341058649723243, -0.07935482779137615], [-0.7715657752586944, -0.5607588965061903, -0.08470422924354154, 0.2754566966940253, -0.05881947640649235, -0.4512998510657459, -0.28109703822393817, -0.22778249195677175, 0.7967122586389306, 0.2576754584818122, 0.417618246814037, 0.46168664065239967, -0.08645950629662276]], "inverted": true, "swapped": false, "error_lsq": 0.04983873229694932, "error_max": 0.2663600074111043, "target": "385.xyz", "model": "9.xyz", "model_rescale": 3.877068213659057, "target_rescale": 3.8916502031582696},
{"mapping": [7, 1, 4, 12, 11, 8, 2, 9, 6, 10, 13, 3, 15], "R": [[0.386709096631487, 0.6493532578478254, -0.6548254890464137], [0.3579719196098541, -0.7600862086931311, -0.5423329790132057], [-0.8498895100854554, -0.024684040935746276, -0.5263824833424713]], "T": [0.08466226126782671, -0.04900251317202664, 0.03591293005416621], "aligned_model": [[0.35120097330789224, -0.057914076709646614, 0.601725353839685, -0.4516258958050554, -0.6223122529570461, -0.2409517163569636, 0.5590023645512887, 0.036495116581042555, 0.07116070650678842, -0.24436333315424308, 0.7128038169473356, 0.33772852498943745, 0.005912272455898773], [-0.2359234640334453, -0.7053176213365735, -0.4281627773379442, -0.36274346957432074, 0.16043599837102573, 0.14158265024884303, 0.27316800066130464, 0.5466992799705679, -0.020187584399162656, 0.4871945324401523, 0.21236993043314134, -0.5172047755743949, -0.08852228903648343], [-0.7126218002889853, -0.513476801236224, -0.18082177441798006, 0.4508308021357088, 0.004642778426137251, -0.6371218156070818, -0.29809752544521906, -0.24420240997396045, 0.6517797850022932, 0.36370198715011703, 0.40301118354505505, 0.3816085336934272, 0.017429093339919145]], "inverted": true, "swapped": false, "error_lsq": 0.04583685485764872, "error_max": 0.3116539939371068, "target": "385.xyz", "model": "10.xyz", "model_rescale": 4.260839863003843, "target_rescale": 3.8916502031582696},
{"mapping": [0, 1, 4, 5, 9, 7, 6, 2, 3, 8, 10, 12], "R": [[0.6118592451180047, -0.7866547754310463, -0.08247744209877032], [0.7827007087680834, 0.5871287630516002, 0.2065415602038442], [-0.11405202610022197, -0.19092951549990514, 0.9749554120334971]], "T": [-0.0491763949539603, -0.007994695595429086, 0.026072837875434955], "aligned_model": [[0.36522121396396057, 0.36141707377846316, -0.46350108260588885, -0.34883846513535754, -0.6553794383363793, -0.3767943120077945, 0.2643914307454277, 0.7102823889138727, 0.23044642363330498, -0.17851843157497121, 0.0637196213342072, -0.0135477736147145], [-0.057417994723121556, -0.628223203976314, -0.47676584254364596, -0.20715611722454214, 0.12486520063025411, 0.505513032508663, 0.4818794457282017, 0.08630210964225367, -0.5089696539643682, 0.19459531519278764, 0.6550122598852486, 0.003443954377517171], [-0.7214824894827235, -0.3453056013100449, 0.060679727350057854, -0.5849147567230917, 0.23184393585434276, -0.2725967946206293, -0.40424546842501574, -0.03023147686303876, 0.5459548187456973, 0.7652948229716524, 0.22577845880212288, 0.0454029010961748]], "inverted": false, "swapped": true, "error_lsq": 0.03975520618754672, "error_max": 0.19342824258460165, "target": "385.xyz", "model": "11.xyz", "model_rescale": 3.890672605050136, "target_rescale": 3.8916502031582696},
{"mapping": [5, 7, 12, 4, 0, 8, 9, 6, 2, 1, 11, 10, 13], "R": [[0.7395835587521267, -0.5396852554673978, -0.40218899121511187], [0.4826715858120685, 0.008812747161174288, 0.8757570871749406], [-0.46908879742880527, -0.841820741321193, 0.267008501003684]], "T": [0.04859054245401774, 0.06404402462367371, -0.04894991248415494], "aligned_model": [[0.37352157373061323, -0.09591827615023184, 0.4025028590159452, -0.2751836817668327, -0.5227221065329543, -0.35671448845328435, 0.7690513297005722, 0.10443344796429156, 0.08289738162706783, -0.357532052824781, 0.40016966649711605, 0.5144593350993698, 0.0198968662895219], [-0.22057504964900487, -0.6399605621151953, -0.5862052762598032, -0.3980279365941165, 0.17464193777043202, 0.17160848702086523, 0.17175432203992086, 0.6157650390831497, -0.07377176277679322, 0.5942598601734422, 0.22771658931092686, -0.4726573629486673, -0.10115987422244614], [-0.6957760014050882, -0.507707924373473, -0.1329383975960575, 0.366642193085324, 0.05137206149107505, -0.6349096075046973, -0.3230943304320313, -0.20561463745290687, 0.647752307403102, 0.3500913081015288, 0.3413904197914591, 0.4936902934162629, -0.0642356482012899]], "inverted": true, "swapped": false, "error_lsq": 0.04211494897243921, "error_max": 0.21669368937339412, "target": "385.xyz", "model": "12.xyz", "model_rescale": 4.124412569039231, "target_rescale": 3.8916502031582696},
{"mapping": [8, 2, 1, 4, 10, 11, 6, 9, 5, 7, 3, 0, 12], "R": [[-0.9401455957724696, 0.2109803116044161, 0.26760711288179934], [-0.31975293346520817, -0.2746242608915259, -0.906829408913373], [-0.11783174568011262, -0.9381198342669699, 0.3256483629083534]], "T": [0.15945802989150448, 0.01744897157549488, 0.08673887551599994], "aligned_model": [[0.19522728471898915, -0.23637326612122656, 0.5452058082089459, -0.21734378718875869, -0.5582980933412423, -0.42368244787893283, 0.7100995816723493, 0.24893414222613153, -0.22032825919878318, -0.18623015952288235, 0.7582422965123682, 0.39223446047566096, 0.05117429363379429], [-0.025344138574636077, -0.5466989400551214, -0.6235277877526216, -0.6387454423467573, 0.04504234111522504, 0.08160099446250144, 0.06489677949194449, 0.5771509928661649, 0.0016413789237273851, 0.4932043195626471, 0.30721153890456576, -0.2540628474003195, -0.018980778364610103], [-0.6286529269469635, -0.4304170318742348, -0.23452697145986018, 0.30052741012852485, -0.082596371307729, -0.7172415735508079, -0.29029613845536395, -0.20884350671442287, 0.7419169991631474, 0.30407317809401196, 0.34412658382412226, 0.543755132245418, 0.04483725317736548]], "inverted": false, "swapped": false, "error_lsq": 0.045220461126238995, "error_max": 0.25854836563895056, "target": "385.xyz", "model": "13.xyz", "model_rescale": 3.9028299243045295, "target_rescale": 3.8916502031582696},
{"mapping": [12, 2, 5, 3, 6, 11, 13, 14, 7, 9, 10, 4, 15], "R": [[0.7913791060948172, -0.3165260714236152, 0.5230012968872071], [-0.16559528238170956, 0.7125416329774681, 0.6818083482377765], [-0.5884703160648717, -0.6261754286004327, 0.5114753363824832]], "T": [0.05005189460619238, -0.21952235699562048, -0.09527070380065458], "aligned_model": [[0.2834999468536746, -0.32635025393150663, 0.5414176891621664, -0.25502996804883404, -0.5821150187254863, -0.16761660538529147, 0.723641546681349, 0.30708737325468277, -0.06919451831385506, -0.2854299771940613, 0.4951532659551677, 0.38561018291551347, 0.008188190972894846], [-0.09176272304580216, -0.7615197148872802, -0.34915974004525707, -0.5344320975646444, -0.0990593275773914, 0.35676616214835566, 0.11285769080462985, 0.6225277860576779, 0.19359222908286364, 0.4291260243808215, 0.18422013858239292, -0.4641065680451705, -0.1356614490584856], [-0.7382479754018764, -0.4219357557582346, -0.15736449182788687, 0.3479519914799917, 0.07868881586216092, -0.5031538428885881, -0.35690372204721865, -0.1843491640635805, 0.7020652276686818, 0.16463821773683754, 0.3454439074123996, 0.4403994117881247, -0.03057058363760394]], "inverted": false, "swapped": false, "error_lsq": 0.03997899217099644, "error_max": 0.22274744977810512, "target": "385.xyz", "model": "14.xyz", "model_rescale": 3.942246331269136, "target_rescale": 3.8916502031582696},
{"mapping": [13, 8, 11, 7, 0, 12, 4, 3, 9, 5, 10, 6, 14], "R": [[0.7723543821309244, 0.03295513454742513, 0.6343363993261926], [0.4797506634772934, -0.6847795587539631, -0.5485583440308098], [0.4163027855975199, 0.7280047493112175, -0.5447027406614149]], "T": [0.08081664168073308, 0.025442278669368934, -0.013542303335568644], "aligned_model": [[0.38043779623854346, -0.17776569751031443, 0.5573435751977839, -0.38419122540036454, -0.6270634401512313, -0.16804823552058437, 0.5896276379944301, 0.11875305123573993, 0.12496209776697667, -0.2154360282566775, 0.6907595474697421, 0.18390066834828817, -0.014417893215918243], [-0.08653527718533852, -0.6789319913148839, -0.47877245480085023, -0.4754403095563034, -0.1704980941252479, 0.24350385212995002, 0.250465440433983, 0.6976569648868216, -0.027638457373908687, 0.5170587587202895, 0.09388366928178273, -0.4534819156536329, 0.032118225390049146], [-0.7609498476054712, -0.20283833586247663, -0.19465168697137572, 0.5001344671087242, -0.04862282389806048, -0.7609322157897153, -0.19831222410819851, -0.26501034298334, 0.7885773388004427, 0.25724756037135177, 0.3501690434380244, 0.25626260558287045, -0.03441150175956788]], "inverted": false, "swapped": false, "error_lsq": 0.05545088230956098, "error_max": 0.32757099165923254, "target": "385.xyz", "model": "15.xyz", "model_rescale": 4.355366556412066, "target_rescale": 3.8916502031582696},
{"mapping": [2, 1, 0, 10, 6, 11, 7, 8, 5, 3, 4, 12], "R": [[0.8862561301578887, 0.2075429031856097, 0.414096625312079], [0.4259893838261546, -0.7162613180541245, -0.5527230492088979], [0.18188764835737734, 0.6662549569021288, -0.723202057365966]], "T": [0.027526634364084437, 0.1390060547023624, -0.04822219179758287], "aligned_model": [[-0.3045270157374067, 0.5424758525544406, 0.12577881052486245, -0.6613380356975144, -0.4088273913683519, -0.44759828540337154, -0.24363867172636067, -0.30484567359217785, 0.4710215821853513, 0.24576676659825242, 0.5836914241117183, -0.0001508078176615038], [-0.5278796772532166, -0.510301006630112, -0.568266809725617, 0.2642787828351232, -0.22904752334315046, -0.08719910899641312, 0.3926731105645248, 0.6254437209669319, 0.08415261042354052, 0.029304652837236628, 0.4205826592887698, 0.11903501677336294], [0.1357438422917529, 0.018260791400160556, -0.5205765221033726, -0.09270003421725843, -0.4927523126034588, 0.4791614163456715, -0.615980623981334, 0.4588559717047905, -0.5987417644122043, 0.6864743106660356, 0.015057458981194108, -0.023544072862556265]], "inverted": true, "swapped": true, "error_lsq": 0.04650466745930828, "error_max": 0.24498052738017062, "target": "385.xyz", "model": "16.xyz", "model_rescale": 3.795458400668931, "target_rescale": 3.8916502031582696},
{"mapping": [3, 8, 7, 11, 9, 6, 0, 1, 10, 5, 2, 4, 12], "R": [[0.7571915457656055, -0.46817921596721046, -0.45548785357835975], [-0.2059069138056886, 0.4906893141415227, -0.8466559749002773], [0.6198897529949257, 0.7348688445727241, 0.27514446279770916]], "T": [0.15181339396910676, -0.11704365978469607, -0.02956958023284052], "aligned_model": [[0.2711782837347402, -0.3053443035084332, 0.538003097780829, -0.2165671491255885, -0.7128122931136499, -0.162512288894755, 0.576904586164591, 0.340475361214271, -0.1196742129759561, -0.2557581430172511, 0.4451672179911646, 0.5152907253269439, 0.14451097261950774], [-0.25764595533757517, -0.4914195233163666, -0.6062733039576707, -0.7657814210146778, 0.05270152522136175, 0.1833787369667116, 0.154495286252945, 0.7026077678999809, 0.0767095373385182, 0.5417260010960279, 0.29794867899453353, -0.33765186321541524, -0.08740705609566327], [-0.8159314271242131, -0.35901809632706105, -0.236418673724098, 0.2847160571204732, 0.117246196979775, -0.5475672632875866, -0.3403339066457959, -0.1154463014295408, 0.6243859541362039, 0.020275982924796866, 0.46365728157331354, 0.4549013049112819, 0.13619492721565882]], "inverted": false, "swapped": false, "error_lsq": 0.04730101155380039, "error_max": 0.2614065436124651, "target": "385.xyz", "model": "17.xyz", "model_rescale": 3.7474275329858107, "target_rescale": 3.8916502031582696},
{"mapping": [11, 1, 3, 0, 2, 7, 10, 12, 4, 9, 5, 8, 13], "R": [[0.9503332344357917, 0.30250808921636557, -0.07318196147596995], [0.015281710168078777, -0.28020450980358536, -0.9598186818457284], [-0.31085883108116097, 0.9110292468655417, -0.27091049904804054]], "T": [0.053559892688417016, -0.035458123654402984, -0.04615585765648923], "aligned_model": [[0.32055125561385056, -0.21270398403108767, 0.41521918529963187, -0.3156338078735843, -0.6463308197375836, -0.2742694783537254, 0.7368688119158825, 0.2514398742336992, 0.058748044765386934, -0.2211482928356309, 0.5096158239056294, 0.4720533430098347, -0.03554810171588964], [-0.10294581491782157, -0.5507045327993094, -0.5784245418109764, -0.6257172561191275, -0.15134492447662973, 0.29829360851338177, 0.024509783511145716, 0.6524857477615316, 0.04832540724989107, 0.5267938533973158, 0.39896708803912373, -0.4038563726426601, -0.07299363487315504], [-0.7139115655745926, -0.4231745609422239, -0.2331831447870336, 0.4169127752568137, -0.0225769716629257, -0.6365429906407827, -0.12317625416179007, -0.2625205174288158, 0.7797855597865647, 0.1907666886821695, 0.309523295115963, 0.40771682647328, -0.0029571037934189442]], "inverted": true, "swapped": false, "error_lsq": 0.03838119020632865, "error_max": 0.2669114606878362, "target": "385.xyz", "model": "18.xyz", "model_rescale": 3.922800546911778, "target_rescale": 3.8916502031582696},
{"mapping": [1, 8, 0, 12, 13, 6, 2, 10, 7, 11, 9, 3, 14], "R": [[-0.2546450975765105, -0.5232175452995633, 0.8132645784558363], [-0.8983738383534701, 0.43922977084205966, 0.001286455628935701], [-0.35788311058542976, -0.7302880313251281, -0.5818926623192338]], "T": [-0.002545018637058305, -0.109554843011375, -0.11581846173294262], "aligned_model": [[0.37649586337682533, -0.44804665155472795, 0.6646177418686463, -0.24597031739503955, -0.616358117892333, -0.1274288123133795, 0.6495375695203724, 0.16802730944199942, -0.02554918521468902, -0.22364115166975745, 0.5135066164922921, 0.3636463664145252, 0.010024623121679253], [-0.2537861441630391, -0.36197739918793237, -0.611303561039348, -0.6553080811687781, -0.007923552847853052, 0.16078591335993572, 0.18420570867408356, 0.6619105842106812, -0.00786601051604359, 0.4597612285082945, 0.3581466872808471, -0.370485020927692, -0.09277194135044549], [-0.7350989841669046, -0.45078383639516295, -0.0760100376424137, 0.3955635593939343, 0.1752456323468971, -0.7379821744603158, -0.15609251396447205, -0.2781355056873185, 0.6762302796488365, 0.2505683876983687, 0.30571347579685015, 0.3391195069525336, -0.021675753197625353]], "inverted": true, "swapped": false, "error_lsq": 0.04733677843200106, "error_max": 0.36829818168774736, "target": "385.xyz", "model": "19.xyz", "model_rescale": 3.9282355846067225, "target_rescale": 3.8916502031582696},
{"mapping": [2, 1, 5, 4, 11, 10, 7, 12, 8, 9, 7, 6, 13], "R": [[-0.7803367642451831, -0.24711738397360056, 0.5744628211689609], [-0.5105578336863323, -0.2787059009605205, -0.8134209975352885], [0.36111664712233477, -0.9280388026951397, 0.09131674470377599]], "T": [0.056312873057202104, -0.12737577694307547, 0.06163979769294925], "aligned_model": [[0.3636646742924491, -0.05969456770293714, 0.5201286460773622, -0.3733214399380762, -0.6425279808444917, -0.2802770843528362, 0.5857611226544502, 0.1448434505783211, -0.09113554223530827, -0.19034292920587642, 0.5857611226544502, 0.5072552036518695, -0.011252821432962717], [-0.1661946037755894, -0.606301027749371, -0.60682403925709, -0.41072169603924225, 0.030627647223312987, 0.24449819461371927, 0.17855205388047027, 0.698708830088691, 0.057316596728426816, 0.4790442089641854, 0.17855205388047027, -0.4288661453755056, -0.18500366234976762], [-0.7017370288617176, -0.5028720924697134, -0.14498654310215617, 0.4283785223573016, 0.05721823737987629, -0.6388252612791239, -0.057484044192848804, -0.11875117806946042, 0.7846676471313365, 0.28488974985415183, -0.057484044192848804, 0.4257807405672591, -0.0721326687988488]], "inverted": true, "swapped": false, "error_lsq": 0.04966375123057838, "error_max": 0.3894865181038265, "target": "385.xyz", "model": "20.xyz", "model_rescale": 4.067790424073018, "target_rescale": 3.8916502031582696},
{"mapping": [0, 2, 8, 6, 11, 12, 7, 9, 13, 10, 1, 5, 14], "R": [[0.1567884280746044, -0.8294434959655816, 0.5361351283233448], [-0.8089652105198748, -0.4192640941285064, -0.41205934953976975], [0.5665621563345277, -0.3691085292634101, -0.736726690594669]], "T": [0.037018513603845664, -0.17576799121456332, -0.039112397684836736], "aligned_model": [[0.23990532834955394, -0.08552586341467205, 0.5851632473740858, -0.42042900402441896, -0.5586339431289439, -0.3326212368238928, 0.6416689438705863, 0.22043203684072288, -0.1054515709347125, -0.09784448628427456, 0.6152163577639705, 0.3378650602830233, 0.019116984325385493], [-0.29120273179969125, -0.7826379999935996, -0.33270540984067143, -0.7114819707352968, 0.04565689837893647, 0.36352126727430545, 0.12373055420984769, 0.5680643769552988, 0.08221514449063105, 0.5547717498589249, 0.31002304798827934, -0.36470022527085855, -0.10186629068339553], [-0.7099102737915997, -0.45192421879054123, -0.0478241254112938, 0.1874029515901505, 0.08005732596948267, -0.43854626890751236, -0.35748707581689865, -0.16996646535390328, 0.5959234137309364, 0.3064458166975256, 0.28182283023136634, 0.4323344043444025, -0.021666278168907732]], "inverted": true, "swapped": false, "error_lsq": 0.04504498891361502, "error_max": 0.2578334582685683, "target": "385.xyz", "model": "21.xyz", "model_rescale": 4.186013935880536, "target_rescale": 3.8916502031582696},
{"mapping": [5, 2, 11, 9, 1, 0, 3, 6, 10, 7, 4, 11, 12], "R": [[-0.5564464336339553, 0.3454031871446102, -0.7556877693905055], [0.5198612613713067, 0.8542165327933323, 0.007640944180662718], [0.64816019271588, -0.3886010208592914, -0.6548874797746788]], "T": [0.01908725391414571, -0.10357923207175954, -0.024857313594862276], "aligned_model": [[0.29655260354219853, -0.24987743355072353, 0.5229270092129102, -0.2795494569603794, -0.690677155164373, -0.31470409070879524, 0.808823322495912, 0.1922019165082136, -0.00913503385150418, -0.2756542193575545, 0.47220696637245796, 0.5229270092129102, 0.06282041644514061], [-0.2600622570108739, -0.5492169630907585, -0.4392245852617106, -0.44366440074921665, 0.0632064506887941, 0.23547320579626416, 0.1890539300515485, 0.40207886680914273, 0.046791446914420276, 0.4628530207120456, 0.2845518390899191, -0.4392245852617106, -0.08922755785515386], [-0.7298855532963251, -0.5528385750560576, 0.1552917262980369, 0.40012380739994496, -0.08435736034999698, -0.5683784480845254, -0.4030390544858227, -0.1804016791253703, 0.7954423840842079, 0.3365368020472502, 0.38945289210739914, 0.1552917262980369, -0.026576631513570412]], "inverted": true, "swapped": false, "error_lsq": 0.04522234489328562, "error_max": 0.3155706120819431, "target": "385.xyz", "model": "22.xyz", "model_rescale": 4.166573947596378, "target_rescale": 3.8916502031582696},
{"mapping": [14, 10, 9, 8, 7, 13, 12, 6, 4, 1, 2, 3, 15], "R": [[-0.975487549080763, 0.1500540411018534, 0.16095908280494645], [0.0075455971618297035, -0.7082116349464415, 0.70595987427754], [0.219925227183872, 0.6898695999067447, 0.6897193846577249]], "T": [0.14136911317980289, -0.05938547734679829, -3.5119408888343445e-05], "aligned_model": [[0.26939749827172416, -0.3053040983854449, 0.36649029915508186, -0.20944920107629023, -0.5611935880323029, -0.2902378937599796, 0.6253226217519268, 0.3075639687608838, -0.02979128961834493, -0.12151515891167142, 0.42397210427914805, 0.47686046857715036, 0.10674612318453233], [-0.2641647975940174, -0.3766402474748642, -0.6112979329113718, -0.6499448543303362, -0.11164417611720656, 0.08601135116954632, 0.1413154396863735, 0.6770090047448879, -0.07356408208933603, 0.5316529835845588, 0.3681541738511398, -0.2525392707845048, -0.0009591809021591222], [-0.7534619080420558, -0.5106951687617374, -0.07188398369956972, 0.42686682818624117, -0.12277193914359087, -0.7137495529981325, -0.3935951512617075, -0.0960042221980929, 0.714357347688942, 0.2994051217978838, 0.43603211768229766, 0.4599255468989373, 0.012237000173792627]], "inverted": true, "swapped": false, "error_lsq": 0.04515495595683872, "error_max": 0.2654322710512643, "target": "385.xyz", "model": "23.xyz", "model_rescale": 4.274766983524099, "target_rescale": 3.8916502031582696},
{"mapping": [2, 6, 0, 1, 5, 4, 3, 9, 8, 7, 12], "R": [[0.6653715979246002, 0.14036746988274418, 0.7331968426513998], [0.4510854863019791, 0.7069780990363472, -0.5447052886934918], [-0.5948130132427935, 0.6931658826584515, 0.40708541904047446]], "T": [0.016739922296539658, 0.05105266199914592, 0.10290664446345721], "aligned_model": [[0.2328331709340662, 0.19706990031130311, -0.38028106466400363, -0.5816544295483657, -0.5783551183285973, -0.4136993807029782, 0.02298297878422985, 0.09976518203805253, 0.5915808893571934, 0.1440315722496876, 0.045621003527487554], [-0.02536449350641233, 0.6072304660026183, 0.45753951394942405, -0.18571736524580118, 0.42933938243066383, -0.18366848578230638, -0.7161956100027048, 0.1331141948669301, -0.31608269815776496, 0.6790890337444081, 0.03630259294442833], [-0.6294210376351576, -0.32326544489923764, -0.537522729737592, -0.423454921519933, 0.17726737800311945, 0.49308219601118103, -0.000694595765124234, 0.7462170964715801, 0.4757212204516563, 0.3256046179385323, 0.07603265470255278]], "inverted": false, "swapped": true, "error_lsq": 0.05310059969880348, "error_max": 0.24694641228367176, "target": "385.xyz", "model": "24.xyz", "model_rescale": 3.7841303162186577, "target_rescale": 3.8916502031582696},
{"mapping": [5, 3, 12, 11, 6, 4, 2, 8, 10, 0, 9, 14, 15], "R": [[0.9539032387354922, -0.20958256717618545, -0.21481098357807094], [0.27019347873762406, 0.2881892734844249, 0.9186633913987104], [-0.1306296106462836, -0.9343565112869706, 0.33153252425371676]], "T": [0.014298003244121157, 0.03453606245605573, 0.07842357597582902], "aligned_model": [[0.33973658203886664, -0.22929539820170097, 0.5641268833012785, -0.4492301711499004, -0.6238576927845001, -0.16427259489257584, 0.5414168795951585, 0.19983634593413668, 0.09436239387090532, -0.31666625454255776, 0.5839390807339152, 0.5595018134963278, -0.04073601320293992], [-0.2786255570685221, -0.5333194860261932, -0.4322840210495153, -0.5081651913915366, -0.1158923816045433, 0.1399496580864874, 0.25057103068972575, 0.5834125447557699, 0.04253840118489488, 0.6407439976378255, 0.05288919650810517, -0.3866241010125388, 0.00819432012275069], [-0.673479527444075, -0.43849442377183867, -0.15596737674862965, 0.36134503111467564, -0.2251469151572225, -0.6383084926493449, -0.41581079213500816, -0.03891317959972315, 0.8522328297364888, 0.3320069917229178, 0.21000212222428646, 0.4717121269204806, 0.04548364211020091]], "inverted": true, "swapped": false, "error_lsq": 0.04453520488959131, "error_max": 0.2531907668286725, "target": "385.xyz", "model": "25.xyz", "model_rescale": 4.19342608120988, "target_rescale": 3.8916502031582696},
{"mapping": [2, 1, 0, 10, 6, 11, 7, 8, 5, 3, 4, 12], "R": [[0.8862561301578887, 0.2075429031856097, 0.414096625312079], [0.4259893838261546, -0.7162613180541245, -0.5527230492088979], [0.18188764835737734, 0.6662549569021288, -0.723202057365966]], "T": [0.027526634364084437, 0.1390060547023624, -0.04822219179758287], "aligned_model": [[-0.3045270157374067, 0.5424758525544406, 0.12577881052486245, -0.6613380356975144, -0.4088273913683519, -0.44759828540337154, -0.24363867172636067, -0.30484567359217785, 0.4710215821853513, 0.24576676659825242, 0.5836914241117183, -0.0001508078176615038], [-0.5278796772532166, -0.510301006630112, -0.568266809725617, 0.2642787828351232, -0.22904752334315046, -0.08719910899641312, 0.3926731105645248, 0.6254437209669319, 0.08415261042354052, 0.029304652837236628, 0.4205826592887698, 0.11903501677336294], [0.1357438422917529, 0.018260791400160556, -0.5205765221033726, -0.09270003421725843, -0.4927523126034588, 0.4791614163456715, -0.615980623981334, 0.4588559717047905, -0.5987417644122043, 0.6864743106660356, 0.015057458981194108, -0.023544072862556265]], "inverted": true, "swapped": true, "error_lsq": 0.04650466745930828, "error_max": 0.24498052738017062, "target": "385.xyz", "model": "26.xyz", "model_rescale": 3.795458400668931, "target_rescale": 3.8916502031582696},
{"mapping": [11, 9, 3, 2, 1, 8, 10, 5, 0, 6, 7, 3, 12], "R": [[0.7402500580066151, -0.36779761646887976, 0.5628097057985177], [0.672164991450923, 0.3862141675752735, -0.6316904629895241], [0.014969164605410923, 0.8459098829567779, 0.533115741680047]], "T": [0.015718052413279185, -0.10482249108306946, -0.1747861395171842], "aligned_model": [[0.16347451122207912, -0.0774771048420337, 0.47033279140482004, -0.35329880565692057, -0.5525033747762562, -0.3325183946558679, 0.6741727173136642, 0.2345856187485436, -0.01779269564260831, -0.3234192515514325, 0.5957741316110519, 0.47033279140482004, 0.10719891961655392], [-0.15990972164400435, -0.5232428169169714, -0.45322838904856405, -0.7086330158770711, -0.029623634667004795, 0.40380553953264414, 0.09906866723334662, 0.6155642657995783, -0.1618846156695321, 0.5972207110578682, 0.2449184523853895, -0.45322838904856405, -0.007438642304404913], [-0.8724307608271633, -0.19955272403376906, 0.2910629006260446, 0.34873494172710834, -0.027061015629496366, -0.5630909341190666, -0.3552086390579674, -0.1741723033712287, 0.6540046276824318, 0.095968714664807, 0.27401706465688985, 0.2910629006260446, -0.0766727366214264]], "inverted": true, "swapped": false, "error_lsq": 0.05695942362325722, "error_max": 0.40382332388114495, "target": "385.xyz", "model": "27.xyz", "model_rescale": 3.6321398670334006, "target_rescale": 3.8916502031582696},
{"mapping": [12, 8, 9, 0, 3, 7, 6, 4, 2, 1, 13, 11, 14], "R": [[0.5472396257260488, -0.05822017708906711, -0.8349486229792418], [0.34132992232185866, -0.8953298319869725, 0.2861439778886387], [-0.7642137633954051, -0.4415822719877888, -0.47008767363454074]], "T": [0.028277519276069737, -0.15402429506902746, -0.02503137730737397], "aligned_model": [[0.2899522286060177, -0.16961503325097077, 0.6217375718274207, -0.3619751384363332, -0.6383487066623955, -0.3229831452108371, 0.6358105551653682, 0.052627399326181476, 0.015334041767707321, -0.11494670426058788, 0.7007017173007859, 0.29637531540139017, 0.05419175262266687], [-0.20533935143534965, -0.44824793895438597, -0.457076326011271, -0.48736823848701716, 0.0075226870078324015, 0.1093880246214756, 0.2452636451027463, 0.6438778329063513, 0.059435398308080534, 0.4163547006290519, 0.10288368260720007, -0.41199422922736195, -0.11131147623464185], [-0.8075930952230652, -0.40093109907864294, -0.07539797127359558, 0.32992830033897025, -0.05777473442221563, -0.6638719516475934, -0.2995859042729308, -0.2469019023280232, 0.7415917957220859, 0.2934365476161207, 0.36009369436568434, 0.4985151069724881, 0.015153249553924959]], "inverted": false, "swapped": false, "error_lsq": 0.04062261023387981, "error_max": 0.2126037847619283, "target": "385.xyz", "model": "28.xyz", "model_rescale": 4.156811204709835, "target_rescale": 3.8916502031582696},
