[{"mapping": [6, 13, 11, 12, 2, 5, 4, 8, 1, 7, 9, 3, 10, 14], "R": [[-0.2279371603019919, 0.3982709299598911, -0.8884958735426675], [-0.8042515547638357, 0.4373533476628935, 0.4023698372741342], [0.5488388539575318, 0.8062892257973833, 0.22062093452263137]], "T": [-0.09538869712703532, 0.07472092313755493, 0.177662711658333], "aligned_model": [[0.16435347660322427, 0.30526726659294245, -0.4572835438200725, -0.30467209676670237, -0.6857349721820449, -0.07629078826604979, -0.8096886814653876, -0.15151379311792207, -0.38162888001005013, 0.42099515178420377, 0.6196754904665297, 0.3078860230159841, 0.5446795164424102, -0.12455206814876144], [-0.5940949532202144, -0.15072835429687167, -0.48549523067955624, -0.13265898386554809, 0.41174586549084524, 0.4389590171276353, 0.03963847362350942, 0.24512466985325437, 0.6745664658977717, 0.08329138023055949, 0.30212304663866496, 0.6573683631828348, -0.3308282237607898, 0.07626179558793975], [0.49252039926672864, -0.32695368423886184, 0.30850732397737585, -0.44232958965651503, 0.47592138984274757, -0.6187957301418175, 0.03278913169743411, 0.7173959882554791, 0.05002416575431998, 0.7538007706914233, 0.183874936359037, -0.12232984747637757, 0.204621630715995, 0.18854120213286513]], "inverted": true, "swapped": true, "error_lsq": 0.057108124650020464, "error_max": 0.3625396742712195, "target": "386.xyz", "model": "0.xyz", "model_rescale": 3.8414455957264533, "target_rescale": 4.17016254025491},
{"mapping": [10, 4, 3, 7, 1, 0, 8, 6, 5, 9, 8, 12, 11, 13, 14], "R": [[0.6682789098307009, 0.34494955503126634, -0.6591002223935457], [0.5886297369999406, -0.7869590579932562, 0.18496073572990515], [-0.45488276664968386, -0.5115713493991805, -0.7289557072134294]], "T": [0.08499934455965484, -0.09057731778346252, 0.014335922349627155], "aligned_model": [[-0.5703906614361619, 0.4617284798292467, 0.0238395179331045, 0.6914472920573731, 0.017196322368156422, 0.6361626244115285, -0.4174188955047077, -0.2124789741688895, -0.17716475430824485, 0.319493380335439, -0.4174188955047077, -0.524799983998155, -0.13851163355765717, 0.16847143977914752, 0.04235507653552175], [-0.20921470495307515, -0.1820517244160988, -0.1021036548617542, -0.17773097103767468, 0.4490428309497709, 0.37009319536706375, -0.04798306959660209, -0.7963318775673138, -0.5429051005472826, -0.2957500921653786, -0.04798306959660209, 0.3459566922329143, 0.7305693677384509, 0.4035766744124115, -0.048605680122411316], [-0.14305026134119364, -0.3671412413422817, -0.7663711297516229, 0.20819187360047456, -0.6585019009269513, -0.08322988499968359, 0.6226648133063165, 0.16745132005470306, -0.38690259423027706, 0.6213172728303926, 0.6226648133063165, 0.15530535469770446, -0.030679248952855488, 0.5832746202388441, -0.052625612161790604]], "inverted": true, "swapped": false, "error_lsq": 0.04912589846340685, "error_max": 0.3033663396175326, "target": "386.xyz", "model": "1.xyz", "model_rescale": 4.316132596720782, "target_rescale": 4.17016254025491},
{"mapping": [13, 3, 5, 11, 12, 10, 4, 0, 1, 7, 2, 14], "R": [[-0.6430078500536842, 0.6581752572378913, 0.39159447842018197], [0.6628979705905892, 0.222238487325653, 0.7149659679579747], [0.3835455453478987, 0.7193159149574275, -0.5792041342503881]], "T": [-0.01866673607958902, 0.022402250073990593, 0.02544662671429717], "aligned_model": [[-0.34463103859753785, 0.487425131666385, 0.12269805096970929, -0.545335689663903, -0.39478095823790244, -0.3630156446480689, -0.13411252580115915, -0.24378061139289797, 0.5076093902489798, 0.17315815367808304, 0.348656304424152, -0.016082008014058947], [-0.5773729659741057, -0.5556182477587106, -0.6030441012692568, 0.4496906168031257, -0.23526611430737693, -0.34524015479572123, 0.42454508894993026, 0.7032467252147219, 0.04377464381102063, 0.06451052822663926, 0.5934023734771096, 0.0501480353636042], [0.028138961539352324, -0.017766800835125073, -0.5713892194989129, -0.018992057130824212, -0.4877215004821523, 0.592145050214862, -0.5723802770268489, 0.3861315747432527, -0.3995432267048606, 0.7738388365869421, -0.27469570342356836, 0.011492823227304197]], "inverted": true, "swapped": true, "error_lsq": 0.052355002826354045, "error_max": 0.29938241145863337, "target": "386.xyz", "model": "2.xyz", "model_rescale": 3.795458400668931, "target_rescale": 4.17016254025491},
{"mapping": [12, 13, 3, 7, 4, 8, 9, 11, 10, 0, 1, 14], "R": [[-0.9953989189529824, 0.06183261576697631, -0.07319644646188612], [0.04628483087146937, -0.35859065440630605, -0.9323467471942276], [-0.08389699981783476, -0.9314448293913445, 0.3540788375795645]], "T": [0.04336601899160458, 0.05314320775902093, 0.0026839528086865932], "aligned_model": [[-0.0426794811449855, -0.16219089482164267, -0.703103946618598, 0.16839721899969923, 0.22321467710234422, 0.20179724335186922, -0.36130173817767, 0.6721273966423809, 0.17825794843222023, 0.7720562819995225, -0.41021510194576116, 0.05694422192418612], [-0.21466455850428745, -0.5825111956202541, -0.028252746230788106, -0.02009709463267012, 0.44733433608404793, 0.4413848449736489, -0.297185131229606, 0.03997344898290747, -0.597100628030527, 0.2901958102281437, 0.5278792415228354, 0.07881271774625846], [-0.6234722522378937, -0.13760189685718316, 0.17079511826158966, 0.7627259597712589, -0.5844373418025472, 0.3869591815727051, 0.5285938035402071, -0.25502910285984515, 0.3685682696059467, 0.24171460394563177, -0.161418395870718, -0.008626516430051582]], "inverted": false, "swapped": true, "error_lsq": 0.04788535418256865, "error_max": 0.27764747475649154, "target": "386.xyz", "model": "3.xyz", "model_rescale": 3.7530521520055578, "target_rescale": 4.17016254025491},
{"mapping": [4, 13, 3, 9, 1, 6, 2, 11, 0, 7, 14], "R": [[0.6487300578024728, -0.730331689496673, 0.21392740689433754], [-0.5766621079086888, -0.2883187646671237, 0.7644168386705852], [-0.4965985555817778, -0.6192640093350807, -0.6081956604057062]], "T": [-0.07124674350889257, -0.09280161530009645, -0.06264906145136709], "aligned_model": [[-0.5737884361831977, -0.08320419483541255, 0.5665988811643651, 0.551254285090723, 0.1779999359978516, -0.3544832589397532, -0.13262358442482153, -0.697530938000733, -0.3964932613724037, 0.3668725579073757, -0.08640238395878908], [-0.5985339735976037, 0.12622000048396625, -0.31565757713210524, 0.23660520076831626, -0.718055930282557, 0.6306024844092245, -0.5879827028091021, 0.0786674769979106, 0.26139753921468956, 0.4629221538955657, -0.10898131363395853], [0.09269001590925272, -0.7090829994105958, -0.4308775967321806, -0.32159061626148777, 0.007869377395276766, 0.0392313663979901, 0.4869702152524772, 0.13809154169044663, 0.580061409508579, 0.2502141119888327, -0.04074604849327439]], "inverted": false, "swapped": true, "error_lsq": 0.05467909654243953, "error_max": 0.24576712384426402, "target": "386.xyz", "model": "4.xyz", "model_rescale": 3.7855080009869324, "target_rescale": 4.17016254025491},
{"mapping": [0, 10, 5, 15, 7, 8, 1, 2, 3, 14, 12, 4, 6, 13, 16], "R": [[0.784092986543418, 0.583150639709629, 0.21244651058483902], [-0.5587511922569427, 0.5142489831416256, 0.6506497433252774], [0.2701764120068014, -0.6288746415177311, 0.7290551362215869]], "T": [0.022926626283974644, 0.004697071791161514, 0.08253742089399976], "aligned_model": [[-0.658885866888325, 0.48162148435975205, -0.24356994644580796, 0.829603714370286, -0.0007597455863698095, 0.6013390464432135, -0.6918242576272958, -0.21487014660601783, -0.06068664679417875, 0.2688341890167373, -0.13960382789481893, -0.5568225871131303, -0.09078247985362109, 0.33831737886597096, 0.04060002652459998], [-0.24768438256803355, -0.08809140870031833, -0.1504805525000063, -0.11502586644195478, 0.442411481402947, 0.39613815620934467, -0.03817317721850325, -0.6764295993032835, -0.5898554717230264, -0.4303676476602125, -0.029863013967755876, 0.35979771776063907, 0.6474593127698414, 0.4085718869248306, -0.03982861914809013], [-0.2001447486360641, -0.47599064387733236, -0.6657958780189461, 0.2019384271848807, -0.5250928312180346, -0.004196791494591068, 0.3282959501198982, 0.24161237274248118, -0.26665120859614844, 0.5385479021467875, 0.742427347280912, -0.20865867225088755, 0.08453962478396307, 0.5946716276815419, 0.10686571647963555]], "inverted": false, "swapped": false, "error_lsq": 0.03605630842144535, "error_max": 0.2245779390981476, "target": "386.xyz", "model": "5.xyz", "model_rescale": 4.2253639853439635, "target_rescale": 4.17016254025491},
{"mapping": [8, 9, 5, 1, 3, 12, 4, 2, 10, 7, 13, 11, 0, 14], "R": [[-0.44464001364996825, -0.6651199046111705, -0.5999256376846915], [-0.7273589951834248, -0.1227594521118261, 0.6751881286300605], [-0.5227276062990311, 0.7365769677414791, -0.4291971810318114]], "T": [0.04285330860516552, -0.014599514357894385, 0.060824118568967425], "aligned_model": [[0.5859559156760974, -0.17595835034956492, -0.6274816535110366, 0.13690455698795045, -0.2781665194563428, -0.48189437893419446, 0.16842520611009282, 0.592060718080321, -0.23987884906917106, 0.3793795258565488, -0.6051130812248623, 0.19812589104185602, 0.657876834025003, 0.06382633752508649], [0.009950295113862227, 0.15035072069413968, -0.5759865929486228, -0.6790834355075962, -0.3924271836396803, -0.16567957573651013, -0.3820303137268916, -0.4661985103833052, 0.6296109203356063, 0.42913275130176637, 0.1837227684149906, 0.30613297073855517, 0.423728051769738, -0.02612371979106143], [-0.10631755250286161, -0.6377315254202204, 0.007198049282187341, -0.02666986452614735, -0.5276455893603317, 0.47677014915341925, 0.6786185069316609, 0.2740900171986074, -0.22191189742039918, -0.4763095489036685, -0.021626562293934212, 0.6395740039087676, 0.3327323675715772, 0.08078765531279158]], "inverted": false, "swapped": true, "error_lsq": 0.05555056026186138, "error_max": 0.395653376369588, "target": "386.xyz", "model": "6.xyz", "model_rescale": 3.89814844738969, "target_rescale": 4.17016254025491},
{"mapping": [13, 5, 12, 9, 11, 1, 3, 10, 7, 2, 4, 0, 14], "R": [[-0.5933021334207114, 0.76410236805007, 0.2532590563409496], [0.04435076084070522, 0.3451658582074657, -0.9374932214905636], [-0.803757170102565, -0.5449844965392867, -0.2386761614416853]], "T": [-0.06174512986032422, 0.08261495357365066, 0.0365888147005618], "aligned_model": [[0.23295762107039375, -0.12264197606522836, 0.3872682029644504, -0.4249786083701831, 0.48219603854644133, -0.5039401100330546, -0.5764673792439087, 0.16196860132093904, -0.379891378598337, -0.34618028804397183, 0.17371153363534822, 0.12529288759358423, -0.06066334387225061], [-0.3128448333320679, 0.23599139289915333, 0.28867919689886645, -0.5451069876364302, 0.2708760378524152, 0.526843270238087, -0.12330182699507818, -0.6408628598608461, -0.466235788444913, 0.7092348803349316, 0.7732628027820959, 0.1372635982737564, 0.10998238246051523], [-0.4353774240313149, -0.8237293884854688, -0.43998329469257985, -0.1560084711070723, 0.39799731085415496, -0.2186846035203952, -0.49704341849347494, 0.07422167052776807, 0.47954098211504464, 0.314971435434343, 0.03963972597385715, 0.8152732139164687, 0.0514572923449649]], "inverted": false, "swapped": true, "error_lsq": 0.05586006164256253, "error_max": 0.34043225962721074, "target": "386.xyz", "model": "7.xyz", "model_rescale": 3.7474275329858107, "target_rescale": 4.17016254025491},
{"mapping": [6, 8, 9, 4, 11, 13, 0, 3, 5, 2, 1, 10, 12, 1, 14], "R": [[-0.9826366252551534, 0.1222684354263841, -0.1395553381478041], [-0.09173597918046583, -0.9739507573646339, -0.20737510060915626], [-0.16127545638120186, -0.19097212342967934, 0.9682561000281872]], "T": [-0.03214410362621558, 0.04480389429471539, -0.02554363711078224], "aligned_model": [[-0.7527198831162822, 0.38027917121963456, 0.11831451430843776, 0.7360268443210394, -0.04565205293894225, 0.6801416138033664, -0.5258442656783004, -0.23547676442060503, -0.22468093904107075, 0.44069371427747595, -0.00960427269838094, -0.675887017280055, 0.008926347041984098, -0.00960427269838094, 0.017597597671073606], [-0.3328509916191525, -0.47349771981679106, -0.09263531269491891, -0.09843323084268944, 0.4251641585375378, 0.5926497748441235, -0.05402408338627572, -0.6125476071839226, -0.524051024497102, -0.356041708349057, 0.1255856396453171, 0.4177886529937467, 0.6544736431111698, 0.1255856396453171, 0.05141298544911558], [-0.09685584893604333, -0.18827284478831036, -0.7595825385047432, 0.014734974554877996, -0.5170958319796102, -0.0005281098639213638, 0.39955213850242277, 0.17614763573627523, -0.41587056725611016, 0.5439620227830179, 0.7212950909220561, -0.17299122300812214, 0.059653981748832394, 0.7212950909220561, 0.006924223495418547]], "inverted": true, "swapped": false, "error_lsq": 0.05629949982260861, "error_max": 0.5221709707579956, "target": "386.xyz", "model": "8.xyz", "model_rescale": 4.019505241142653, "target_rescale": 4.17016254025491},
{"mapping": [7, 3, 10, 6, 0, 11, 12, 8, 2, 1, 5, 4, 14], "R": [[-0.8051736096380917, 0.5423832131686177, -0.23982474521043917], [0.5279914729855815, 0.8397672378425561, 0.12655429941649549], [0.2700378914094874, -0.02472723840565207, -0.9625321297930517]], "T": [-0.020946560161377706, -0.033684941642472425, -0.01861610940440786], "aligned_model": [[-0.3109237592526694, -0.7445419450633273, -0.09183482175819081, 0.3652456657050785, 0.47346206721961065, 0.6498897542862737, 0.23508753979718072, -0.08985174327894498, 0.09219776225982917, -0.32577194690372324, -0.36556587302766175, 0.4359774280855218, -0.0036693563278011633], [-0.6592678939801535, 0.2275019554201822, -0.12818716556860954, -0.37761898327913695, -0.6659777569551517, -0.13066610918428487, 0.6030227682672951, -0.5638070747830182, -0.26820481466134505, 0.1262534730603935, 0.7590349761696739, 0.1828269343589728, -0.0415320807507584], [-0.3696431581759023, -0.0014347652974058545, -0.7675676404993849, -0.6072424564295972, -0.027835263275419242, -0.06865233622112175, -0.03430854971508948, 0.1756056011613217, 0.6765468691948094, 0.5640852746392593, 0.12355572273750234, 0.5074890859465265, 0.006105109978380527]], "inverted": false, "swapped": true, "error_lsq": 0.04658447575610262, "error_max": 0.3329641879752137, "target": "386.xyz", "model": "9.xyz", "model_rescale": 3.877068213659057, "target_rescale": 4.17016254025491},
{"mapping": [13, 5, 3, 0, 4, 1, 14, 10, 6, 11, 9, 2, 7, 8, 15], "R": [[0.3065258968068938, -0.033752029155692254, -0.9512637253225853], [-0.850040039665204, -0.4594238095118166, -0.2576076361826809], [-0.42833842409093764, 0.8875756665104804, -0.16951587142733493]], "T": [-0.0312824146538164, -0.07387478811233598, -0.007274569513590831], "aligned_model": [[-0.741965940106203, 0.5861307188391681, 0.008231664826851726, 0.7388123968796037, -0.10414086178902095, 0.6311826959079861, -0.7095523202766288, -0.22276779855850376, -0.1887881376144975, 0.3485414469229988, -0.31707418928427666, -0.5018965702612791, 0.07910649632876396, 0.2411159896581825, 0.05557474329784888], [-0.15336356438650767, -0.030135334893057766, -0.171981128146729, -0.1448271570429578, 0.4215511544604092, 0.4595720874776869, -0.2791930669529432, -0.6086528384228787, -0.6208059182168101, -0.40940352381793493, 0.03759558456173641, 0.3744460463364539, 0.733566557709835, 0.3268147875382222, -0.08660487036810609], [-0.3009562970021651, -0.4846458349506531, -0.6330342089088434, 0.18163222821012642, -0.46261560857324396, -0.17897494346489, 0.3203164653743274, 0.417644910054959, -0.2446832072716214, 0.5292043004863214, 0.5771419955058555, 0.1264643698067155, 0.038978330998374125, 0.5932001669252958, 0.012695527137537917]], "inverted": false, "swapped": false, "error_lsq": 0.04105258645745759, "error_max": 0.2864912887200014, "target": "386.xyz", "model": "10.xyz", "model_rescale": 4.260839863003843, "target_rescale": 4.17016254025491},
{"mapping": [7, 0, 11, 6, 12, 13, 9, 8, 2, 4, 1, 14], "R": [[-0.17896463659543613, 0.9207532469597123, 0.3466772520102963], [-0.944566421050972, -0.0622154184278059, -0.32237170771147183], [-0.2752561263100626, -0.3851528267103853, 0.8808469589013627]], "T": [-0.023833650887394107, 0.13608602156579605, -0.032200466088550844], "aligned_model": [[0.4486136367292518, 0.1522841509190985, -0.3499166318621452, -0.22997825038161307, -0.6337412215330371, -0.5023155992522306, 0.20780330661117266, 0.47646178447325405, 0.36361932441463407, -0.22336728271561054, 0.2672734126491402, -0.017837980957784234], [0.01898495710207314, -0.6351186697235884, -0.457888930293344, -0.34457099366533395, 0.3078803018123576, 0.5140931000165568, 0.6102270744321976, -0.13324012672367583, -0.1331347745973833, -0.1330688714573889, 0.44276908019368455, 0.1161463584367791], [-0.6336501284400418, -0.168380244113697, 0.020657624267485686, -0.6156293602452481, 0.2317993472195831, -0.3390488956078722, -0.5656811984444052, -0.05803409467384374, 0.5409078397269796, 0.616016760920638, 0.49623296867544175, -0.009012541889515929]], "inverted": true, "swapped": true, "error_lsq": 0.050646161773194094, "error_max": 0.2530711301791796, "target": "386.xyz", "model": "11.xyz", "model_rescale": 3.890672605050136, "target_rescale": 4.17016254025491},
{"mapping": [0, 0, 2, 7, 8, 13, 11, 9, 6, 12, 1, 4, 3, 14], "R": [[-0.01738402060671128, -0.9779121148103159, -0.20829232231352368], [0.36412415779238183, 0.18782597979015037, -0.9122143383152113], [0.9311881622634247, -0.09170221929204025, 0.3528162544971256]], "T": [0.022551459944202032, 0.010831857861449915, 0.1946332355963625], "aligned_model": [[0.3316270195125186, 0.3316270195125186, 0.3236199995601099, 0.6165677583611698, 0.5516024103386843, -0.4351887620482368, -0.2182790557570905, 0.28426288628545726, 0.007596312876014713, -0.645832257457008, 0.15588914058542636, -0.260350081735481, 0.14007983678805408, 0.026653607971556647], [-0.1328469804986215, -0.1328469804986215, 0.6344375004515461, -0.4849551651238424, 0.07333361423659321, -0.36516058803829893, -0.042112672173965096, -0.43241983552304863, -0.6312078818029148, 0.15194781658543305, 0.606194385475947, 0.5853867681736294, 0.06891461374468119, 0.03348792481924801], [-0.5321045285303663, -0.5321045285303663, -0.07281117420727404, 0.19382066438716894, -0.004610573586616262, 0.5338880878313761, -0.4387133291530749, 0.7406205756708294, -0.25422905174388755, 0.2620566246344713, 0.4875568425323479, -0.15507660528859843, 0.9528664114330572, 0.17363101990779442]], "inverted": false, "swapped": true, "error_lsq": 0.046768160262651834, "error_max": 0.3329223998895624, "target": "386.xyz", "model": "12.xyz", "model_rescale": 4.124412569039231, "target_rescale": 4.17016254025491},
{"mapping": [11, 10, 13, 0, 12, 4, 7, 2, 9, 8, 1, 3, 14], "R": [[-0.8152897552956017, -0.570996730341115, 0.09625668210464222], [-0.3699284100417332, 0.3857148131773501, -0.8452082905056939], [0.4454835421808908, -0.7246977417070637, -0.5256972482433674]], "T": [0.14128792011817481, 0.09108690921508736, 0.020785385480403006], "aligned_model": [[-0.1778529205972888, -0.14431539636579188, 0.4375072700946336, -0.5891543600432048, 0.625360185574284, 0.3449214800461228, -0.43134591813217016, 0.1017559602523338, 0.14602131165626678, -0.2543353655957188, 0.557587575986999, 0.6151136974687244, 0.13603478716456746], [-0.3477200562746906, 0.6707872158503789, 0.4984771137906966, -0.2396605903137706, -0.09335762790225585, -0.6083383888072279, 0.5575924796383046, -0.473616557255245, 0.8264093093719437, 0.014705172644123493, -0.10630264707526668, 0.5869224696316975, 0.061587483209789115], [0.43008711093317314, 0.41734876249474906, 0.48152132165613837, 0.05792370572967106, 0.47117485630181655, 0.06298995653413161, -0.20970069928909363, -0.4594228968903135, -0.12869930510528424, -0.3806464509256957, -0.4749682584373067, -0.3281276474926219, 0.01221762545847463]], "inverted": true, "swapped": true, "error_lsq": 0.04978129102327763, "error_max": 0.3066029033339699, "target": "386.xyz", "model": "13.xyz", "model_rescale": 3.9028299243045295, "target_rescale": 4.17016254025491},
{"mapping": [12, 9, 11, 3, 14, 7, 8, 2, 1, 3, 0, 13, 10, 4, 15], "R": [[0.9530540341706812, 0.18442925629067866, -0.24015382023831527], [-0.2831735964746066, 0.26196754887718326, -0.9225972672812973], [-0.107241420219179, 0.9472902684812864, 0.3018947250781731]], "T": [-0.049322648080489015, -0.05953404815756551, 0.0603877399383958], "aligned_model": [[-0.6719961458048068, 0.4730333422919729, -0.14158259827172182, 0.41897781158941, -0.10697215985335258, 0.7344303558412512, -0.6707173892511661, -0.19879666599890633, -0.028508817499484376, 0.41897781158941, -0.05395062424770851, -0.5793230765893392, 0.12583102574077104, 0.14090561830274656, 0.04220184693191835], [-0.12643093451831805, 0.05408895540714849, -0.1948941153280746, -0.21695037891016422, 0.43461539973074254, 0.3838719824977295, -0.22396449893755394, -0.7243649759073573, -0.587646015324087, -0.21695037891016422, -0.20313342931357542, 0.48095904431513553, 0.658382125488015, 0.3600550063976082, -0.02905897085066634], [-0.24299784110969308, -0.5009316779037092, -0.6600443818775548, 0.4406563601577097, -0.671420643265147, -0.03835574926132061, 0.4885680314737966, 0.33932702550150934, -0.3175848653319573, 0.4406563601577097, 0.8768277002618328, -0.18378046963231237, -0.03589393128712204, 0.5575009120119517, -0.00015863556759720954]], "inverted": true, "swapped": false, "error_lsq": 0.0452280050770339, "error_max": 0.39803931751555516, "target": "386.xyz", "model": "14.xyz", "model_rescale": 3.942246331269136, "target_rescale": 4.17016254025491},
{"mapping": [9, 0, 7, 12, 2, 1, 10, 11, 6, 13, 4, 9, 5, 3, 14], "R": [[-0.7310313789560826, -0.680891578754916, 0.04449472960032941], [0.2943853434806023, -0.3735471502641906, -0.8796589089376122], [0.6155732227163364, -0.6299596689551962, 0.4735191896475618]], "T": [0.011519403118844009, -0.07522268649183247, 0.09259318057997891], "aligned_model": [[-0.6791425713680322, 0.41816115511558577, -0.19767360494347977, 0.7865094942658731, 0.05001897768571708, 0.6002350650862323, -0.6228893557691332, -0.1514509394698396, -0.31212524674305064, 0.44993410266134554, -0.10001233425546677, -0.6791425713680322, -0.0013209929273492217, 0.2588598108895063, 0.08254934591111829], [0.12745821195917267, -0.016374315848191767, -0.18692468722276587, -0.04453656134440087, 0.3600212278108672, 0.481486288211046, -0.10425921682895971, -0.7418596824426272, -0.442851853852271, -0.5229338483725021, -0.1127201434678575, 0.12745821195917267, 0.5480831501527861, 0.42010485935873476, -0.04357282423578499], [-0.26805733797412534, -0.5172402701865945, -0.7288326873713429, 0.35051754645126326, -0.5332889460701759, 0.08117290824573258, 0.41768228005173824, 0.3003112773428206, -0.1773926065645729, 0.6105479211296096, 0.6668915256944357, -0.26805733797412534, -0.02616925634030058, 0.5508739629679636, 0.03340921492577002]], "inverted": false, "swapped": false, "error_lsq": 0.04669223137112003, "error_max": 0.4016613229699614, "target": "386.xyz", "model": "15.xyz", "model_rescale": 4.355366556412066, "target_rescale": 4.17016254025491},
{"mapping": [13, 3, 5, 11, 12, 10, 4, 0, 1, 7, 2, 14], "R": [[-0.6430078500536842, 0.6581752572378913, 0.39159447842018197], [0.6628979705905892, 0.222238487325653, 0.7149659679579747], [0.3835455453478987, 0.7193159149574275, -0.5792041342503881]], "T": [-0.01866673607958902, 0.022402250073990593, 0.02544662671429717], "aligned_model": [[-0.34463103859753785, 0.487425131666385, 0.12269805096970929, -0.545335689663903, -0.39478095823790244, -0.3630156446480689, -0.13411252580115915, -0.24378061139289797, 0.5076093902489798, 0.17315815367808304, 0.348656304424152, -0.016082008014058947], [-0.5773729659741057, -0.5556182477587106, -0.6030441012692568, 0.4496906168031257, -0.23526611430737693, -0.34524015479572123, 0.42454508894993026, 0.7032467252147219, 0.04377464381102063, 0.06451052822663926, 0.5934023734771096, 0.0501480353636042], [0.028138961539352324, -0.017766800835125073, -0.5713892194989129, -0.018992057130824212, -0.4877215004821523, 0.592145050214862, -0.5723802770268489, 0.3861315747432527, -0.3995432267048606, 0.7738388365869421, -0.27469570342356836, 0.011492823227304197]], "inverted": true, "swapped": true, "error_lsq": 0.052355002826354045, "error_max": 0.29938241145863337, "target": "386.xyz", "model": "16.xyz", "model_rescale": 3.795458400668931, "target_rescale": 4.17016254025491},
{"mapping": [13, 5, 12, 9, 11, 1, 3, 10, 7, 2, 4, 0, 14], "R": [[-0.5933021334207114, 0.76410236805007, 0.2532590563409496], [0.04435076084070522, 0.3451658582074657, -0.9374932214905636], [-0.803757170102565, -0.5449844965392867, -0.2386761614416853]], "T": [-0.06174512986032422, 0.08261495357365066, 0.0365888147005618], "aligned_model": [[0.23295762107039375, -0.12264197606522836, 0.3872682029644504, -0.4249786083701831, 0.48219603854644133, -0.5039401100330546, -0.5764673792439087, 0.16196860132093904, -0.379891378598337, -0.34618028804397183, 0.17371153363534822, 0.12529288759358423, -0.06066334387225061], [-0.3128448333320679, 0.23599139289915333, 0.28867919689886645, -0.5451069876364302, 0.2708760378524152, 0.526843270238087, -0.12330182699507818, -0.6408628598608461, -0.466235788444913, 0.7092348803349316, 0.7732628027820959, 0.1372635982737564, 0.10998238246051523], [-0.4353774240313149, -0.8237293884854688, -0.43998329469257985, -0.1560084711070723, 0.39799731085415496, -0.2186846035203952, -0.49704341849347494, 0.07422167052776807, 0.47954098211504464, 0.314971435434343, 0.03963972597385715, 0.8152732139164687, 0.0514572923449649]], "inverted": false, "swapped": true, "error_lsq": 0.05586006164256253, "error_max": 0.34043225962721074, "target": "386.xyz", "model": "17.xyz", "model_rescale": 3.7474275329858107, "target_rescale": 4.17016254025491},
{"mapping": [0, 7, 8, 10, 4, 12, 2, 3, 11, 1, 13, 9, 5, 14], "R": [[0.09952896888649866, 0.5778456677463154, 0.8100545466937431], [-0.7524875999424702, 0.5763668284570278, -0.3186905881685378], [-0.6510425456797825, -0.5778370560298138, 0.4921868957962884]], "T": [0.03357947059625039, -0.08043845516815976, 0.003189187514161463], "aligned_model": [[0.412094243394113, 0.17618627615164162, 0.5247065314744332, -0.47767599267411326, 0.28070342011519733, -0.3961430188617162, 0.7126048748386303, -0.09226069769242093, 0.031129422151118878, 0.39005617784161845, -0.6369341182842105, -0.21500103021962966, -0.3515127480865517, 0.05689430773476596], [-0.5421918235016284, 0.26842456307014906, -0.004641994578796507, 0.06135232535346932, -0.5920642729521889, -0.3632993123953264, -0.2442091446652313, 0.6258376223883034, -0.738904445948324, 0.1633887193861458, 0.03871909379775515, 0.5744949371270374, 0.21297358448615264, -0.09947161005628355], [-0.5333082323578849, -0.6725464773227106, -0.27348495257903344, -0.5384725498496545, 0.4610236294375968, 0.45763911697371584, 0.25449863223720487, 0.2814739861476431, -0.16517609359227126, 0.5242576878162389, 0.0501284101264262, -0.26576637788321683, 0.7332532441879346, 0.011274695319666305]], "inverted": true, "swapped": true, "error_lsq": 0.05092832613385053, "error_max": 0.2999015625220594, "target": "386.xyz", "model": "18.xyz", "model_rescale": 3.922800546911778, "target_rescale": 4.17016254025491},
{"mapping": [10, 8, 6, 12, 1, 5, 9, 11, 4, 13, 7, 2, 0, 3, 14], "R": [[0.876177642573294, -0.0654406240591136, -0.47752514423583936], [0.3500871426533098, -0.5945656899935978, 0.7238305277005649], [-0.33128798831763656, -0.801379538673899, -0.49803524352324985]], "T": [0.05621775452834302, -0.015725340226934198, -0.027817446914954712], "aligned_model": [[-0.6740999057015136, 0.5154257740916993, -0.09994877550640768, 0.648515959455272, -0.05229870316221252, 0.640492714731646, -0.6184409489953395, -0.27657215616362985, -0.12820411739825935, 0.3310660971107914, -0.00395614692401991, -0.5605234824814743, 0.0812676152698267, 0.06338917899946707, 0.03639723144514813], [-0.30261745582656063, -0.19416747622326944, -0.20247427305768714, 0.04319624968033972, 0.44395239310497403, 0.4716713052287377, 0.0864584297312184, -0.5632864520563623, -0.659801649612765, -0.6043757392971817, -0.18174558668725593, 0.34854523605916, 0.8089799912464588, 0.37999591925293297, -0.025752075706321206], [-0.21471227409448018, -0.39069077590371415, -0.6731891405122118, 0.48630814790565924, -0.5978205906124073, -0.08782578853261483, 0.4161840134788902, 0.28310266649450955, -0.3017178301479479, 0.19525842151169695, 0.7513021834422267, -0.019683775444856798, 0.10513463615662202, 0.47467882078444623, 0.0660394798022784]], "inverted": true, "swapped": false, "error_lsq": 0.05109088537445005, "error_max": 0.40860438799959276, "target": "386.xyz", "model": "19.xyz", "model_rescale": 3.9282355846067225, "target_rescale": 4.17016254025491},
{"mapping": [2, 4, 12, 0, 8, 11, 6, 13, 7, 9, 5, 1, 3, 14], "R": [[0.21252000398296494, 0.6532415640836764, 0.7267122586420245], [-0.20131812750162278, -0.6984757454577879, 0.6867333139919949], [0.9561936307287979, -0.2922449177671009, -0.016930699719136466]], "T": [-0.02031613248493446, -0.09524943496825801, 0.021406653848172988], "aligned_model": [[-0.6534324809049515, -0.1995747057119671, 0.4715747533531084, -0.485800622826124, -0.5478245317546766, -0.05440633890862042, 0.11169070911210072, 0.650894502492528, -0.26274276671742297, 0.19240220274965425, 0.4797480412159518, -0.2862004193146178, 0.15853632076215496, -0.0423418444624413], [-0.48159164996643156, -0.7680041446708143, -0.5677646552366711, 0.10573156136571384, 0.11667202251707028, -0.2574389608189413, 0.37676226215881525, 0.00872450276501223, 0.6394771695073878, 0.48021556349382566, -0.5433893974585987, -0.48267087904136047, 0.0105012108836562, -0.1143425180738277], [0.052328452396873636, -0.19702197192693088, -0.0558535812484941, -0.6008874215593397, 0.00341616418850961, -0.6377312279063624, -0.5898994791778523, 0.0896414597301673, 0.029588273979916754, 0.45344606789213554, 0.5839780403860225, 0.5084896925141423, 0.762306563217409, 0.010382124757485407]], "inverted": false, "swapped": true, "error_lsq": 0.06303180389152205, "error_max": 0.42312450857221345, "target": "386.xyz", "model": "20.xyz", "model_rescale": 4.067790424073018, "target_rescale": 4.17016254025491},
{"mapping": [0, 1, 7, 13, 9, 10, 2, 4, 8, 6, 6, 0, 12, 11, 14], "R": [[0.11387080347363415, -0.45357555176183784, -0.8839132643875265], [-0.8996830753778737, 0.33032357128539186, -0.28540620548943196], [0.4214306633301381, 0.8277412380069082, -0.37046003685675843]], "T": [0.012742195192140916, -0.04117513552911697, 0.07591772134690317], "aligned_model": [[-0.6492222169117332, 0.4745843712730023, -0.1782432618201758, 0.7041974727093723, 0.22639393660903223, 0.6663933059671159, -0.6225852266870432, -0.23227177356549752, -0.11125703110187722, 0.0016559287676259256, 0.0016559287676259256, -0.6492222169117332, -0.061204593232682736, 0.26789425618895296, 0.06374145471900963], [0.04463356674596492, -0.1614468699143334, -0.03877237443023273, -0.0454637626237789, 0.43560758179419334, 0.40625804968295237, -0.22662049333735848, -0.7752173632293717, -0.4598265415713861, -0.25547626226539283, -0.25547626226539283, 0.04463356674596492, 0.7183547165463696, 0.40350590753286514, 0.013885356425354989], [-0.16677140746359262, -0.5915713164504868, -0.6453192294242593, 0.1854380936454355, -0.4994787274779227, -0.13343984767626807, 0.41605154473801265, 0.2847781000757491, -0.29085617197481267, 0.7840907400871677, 0.7840907400871677, -0.16677140746359262, 0.007652479931296863, 0.46985737369169395, 0.0546172300025077]], "inverted": true, "swapped": false, "error_lsq": 0.05927665167175068, "error_max": 0.43867347140909513, "target": "386.xyz", "model": "21.xyz", "model_rescale": 4.186013935880536, "target_rescale": 4.17016254025491},
{"mapping": [3, 9, 5, 2, 0, 1, 8, 7, 12, 10, 6, 11, 14], "R": [[-0.31600205350688504, -0.618998641226401, 0.7190155661314304], [0.08744056135367079, -0.7736246164168468, -0.6275819477200104], [0.9447205144430741, -0.1354460594988142, 0.29859255609719576]], "T": [0.08114965934812443, -0.009021424189531346, 0.016879982732629972], "aligned_model": [[0.06622195269904976, -0.44161483779379285, 0.5742537021040269, 0.4999478285576826, -0.17706291338479388, 0.5431524443144059, -0.1040933722828738, -0.6325852203802085, 0.5134209600639819, -0.5639064948383037, -0.4743229412973252, 0.1554636139507905, 0.09969931371058592], [-0.08742259827192515, 0.00033596121604894183, 0.32338776087353577, -0.5804057824470849, -0.26701392280181385, -0.3801802210621352, -0.5200699165968936, -0.3076429510945281, 0.5228715754801607, 0.386803911872895, 0.26793914442316497, 0.1848584688848932, -0.024504770930225128], [-0.7484529476386188, -0.5213549378677722, -0.6263405902084147, 0.2386473923247608, 0.7317822319005305, -0.3099751687552617, 0.18425360909396915, 0.008603489169793421, -0.02090599830308701, -0.029044663874575216, 0.49506307538057176, 0.664041751416703, 0.03656231869674653]], "inverted": true, "swapped": true, "error_lsq": 0.056531307413222064, "error_max": 0.3551506384624841, "target": "386.xyz", "model": "22.xyz", "model_rescale": 4.166573947596378, "target_rescale": 4.17016254025491},
{"mapping": [2, 9, 3, 10, 11, 14, 1, 0, 4, 7, 5, 6, 12, 13, 15], "R": [[-0.061261666713066563, -0.19458021804471873, 0.9789716783120985], [0.7635551742667175, 0.6225470371377898, 0.17151875233187203], [-0.6428300740025001, 0.7580064150761714, 0.11043446319564876]], "T": [0.039113284883408116, -0.027876001393746783, -0.07365113791794789], "aligned_model": [[-0.5982815839454191, 0.4918959627709523, -0.10661832051826128, 0.6553578733603082, -0.018727447545767065, 0.5821156704655419, -0.5590351790010613, -0.20858414733736522, -0.29378636800610947, 0.27932988629144656, -0.1260527379748609, -0.5516003918843142, -0.010602182019101708, 0.37634943590109515, -0.00925013578608961], [-0.02940966124158212, -0.009346756527095504, -0.20844531165494196, -0.04067093577597154, 0.39207443627104716, 0.5269078949714168, -0.22056239275031264, -0.694550317737415, -0.6503927514222986, -0.3947142806324019, -0.03622124575863636, 0.37574747358887, 0.6187227580966177, 0.2593487565035715, -0.03990885009444914], [-0.28937009458899443, -0.46747048733053076, -0.628253405669273, 0.3518134668744711, -0.7387747407194184, 0.07912648088220589, 0.26278523140881693, 0.32753099134126074, -0.2773770086475189, 0.4912517820102552, 0.7410343983419132, 0.18568083945734523, -0.16756477806358394, 0.6478659137123977, -0.025910394681250296]], "inverted": false, "swapped": false, "error_lsq": 0.04963072413287255, "error_max": 0.32838760076673196, "target": "386.xyz", "model": "23.xyz", "model_rescale": 4.274766983524099, "target_rescale": 4.17016254025491},
{"mapping": [1, 4, 0, 8, 6, 10, 3, 13, 5, 12, 14], "R": [[0.6778866437663877, 0.5887035095604973, -0.4403383653899534], [-0.7241538227061934, 0.6379883438118583, -0.2618627774621837], [0.12677120833671024, 0.49638598992251554, 0.858795674037483]], "T": [-0.10289430178680262, 0.07445513292114644, -0.042050496494474184], "aligned_model": [[0.40651952781904266, 0.32595719747702045, -0.6717965447323212, -0.40179517339473103, -0.7722203174370026, -0.6132328274476002, 0.20282490513688503, -0.018244903515926475, 0.6544406065609331, 0.36403295920999834, -0.09659072571822272], [-0.1849346065248327, 0.5751477102428803, 0.4884371068429666, -0.04974258688078029, 0.39218169563839345, -0.03772782304278251, -0.6111687248678606, 0.013620909028909639, -0.16624002845165933, 0.4043574034288928, 0.09165547582935593], [-0.4043407518742532, -0.35483945834327996, -0.42842887472265073, -0.5097391413310244, 0.21283879878123757, 0.5073617217044596, 0.1269458554851246, 0.6325782618194383, 0.3265819012146244, 0.3378703449118546, -0.06726222362395363]], "inverted": false, "swapped": true, "error_lsq": 0.061379217310822805, "error_max": 0.2991664969882012, "target": "386.xyz", "model": "24.xyz", "model_rescale": 3.7841303162186577, "target_rescale": 4.17016254025491},
{"mapping": [1, 12, 5, 13, 2, 14, 0, 6, 4, 11, 7, 8, 9, 10, 15], "R": [[-0.0022980077066157567, -0.5192160089434279, -0.8546399564831023], [0.7752792744084887, -0.5407308034321628, 0.3264234135172529], [-0.6316144123064548, -0.6618345218228392, 0.4037800142284237]], "T": [-0.034599368369860294, -0.0006819701607653529, 0.08674558874860169], "aligned_model": [[-0.7606294219620905, 0.5142534290241009, 0.20081838917332104, 0.7253457786095876, -0.18357844630914108, 0.5970508790054928, -0.6464368354344556, -0.14044165672035688, -0.3298704488120822, 0.39568691636706793, -0.19689864360143883, -0.5178746277806641, 0.14014148180574995, 0.1375318406369658, -0.0325882992310626], [-0.1131133788608647, 0.14461763425928684, -0.24176297290430881, -0.18631334527052779, 0.23515461784497668, 0.47862431636098646, 0.08444049499840348, -0.7088600721054781, -0.4702891731672837, -0.4104550863293292, -0.15224028152988925, 0.27848701425946937, 0.5190846252500857, 0.4611476876484272, -0.06994326461753597], [-0.028475648103718415, -0.41606703855538285, -0.7230674606604524, 0.08180965638635332, -0.6139536092111174, 0.11087878169825358, 0.4864192420869219, 0.18322169027505986, -0.41224179265220373, 0.5729217662763391, 0.6978876210246541, -0.1081068821571024, -0.1168447599937722, 0.6886918648654088, 0.08929476304885488]], "inverted": true, "swapped": false, "error_lsq": 0.044390672275254346, "error_max": 0.24479312150979843, "target": "386.xyz", "model": "25.xyz", "model_rescale": 4.19342608120988, "target_rescale": 4.17016254025491},
{"mapping": [13, 3, 5, 11, 12, 10, 4, 0, 1, 7, 2, 14], "R": [[-0.6430078500536842, 0.6581752572378913, 0.39159447842018197], [0.6628979705905892, 0.222238487325653, 0.7149659679579747], [0.3835455453478987, 0.7193159149574275, -0.5792041342503881]], "T": [-0.01866673607958902, 0.022402250073990593, 0.02544662671429717], "aligned_model": [[-0.34463103859753785, 0.487425131666385, 0.12269805096970929, -0.545335689663903, -0.39478095823790244, -0.3630156446480689, -0.13411252580115915, -0.24378061139289797, 0.5076093902489798, 0.17315815367808304, 0.348656304424152, -0.016082008014058947], [-0.5773729659741057, -0.5556182477587106, -0.6030441012692568, 0.4496906168031257, -0.23526611430737693, -0.34524015479572123, 0.42454508894993026, 0.7032467252147219, 0.04377464381102063, 0.06451052822663926, 0.5934023734771096, 0.0501480353636042], [0.028138961539352324, -0.017766800835125073, -0.5713892194989129, -0.018992057130824212, -0.4877215004821523, 0.592145050214862, -0.5723802770268489, 0.3861315747432527, -0.3995432267048606, 0.7738388365869421, -0.27469570342356836, 0.011492823227304197]], "inverted": true, "swapped": true, "error_lsq": 0.052355002826354045, "error_max": 0.29938241145863337, "target": "386.xyz", "model": "26.xyz", "model_rescale": 3.795458400668931, "target_rescale": 4.17016254025491},
{"mapping": [6, 9, 7, 0, 2, 12, 13, 11, 5, 8, 4, 1, 14], "R": [[0.29471334861889975, -0.9044299791759678, 0.3084646736882419], [0.38391838022751834, -0.1835375611039336, -0.9049423412502583], [0.8750718367478831, 0.38512384557669044, 0.2931363234041594]], "T": [-0.06729816348134493, -0.07678750398205197, -0.006251009852224092], "aligned_model": [[-0.06791982140802807, 0.553014346875786, 0.5870186668170883, -0.10476643596202292, -0.16107557502539435, -0.6291873423679006, -0.15290861483618332, -0.5406519892018353, -0.26647437711564015, 0.24953458943814283, -0.6585387205287625, -0.026829921479539887, -0.08153842238445326], [-0.7045267559954549, -0.3647610689700296, -0.32370247561442833, -0.13886617460713904, 0.5977316437908049, -0.18321023786539045, -0.5734752382555299, -0.24794944909309297, 0.07619911504519328, 0.16156883260925653, 0.3365555822312352, 0.5416905772327074, -0.055372847251217494], [-0.47514234241395253, 0.30253811762790744, -0.33725445030198636, -0.8056642040976155, -0.30168711415187627, 0.37342144535887245, 0.45414276748350796, -0.4629457392449723, 0.8329772660489346, -0.41405333530569144, -0.11591274813088354, 0.2655704394722995, -0.023853440245117714]], "inverted": false, "swapped": true, "error_lsq": 0.04089632498662132, "error_max": 0.23830137425737333, "target": "386.xyz", "model": "27.xyz", "model_rescale": 3.6321398670334006, "target_rescale": 4.17016254025491},
