[{"mapping": [11, 8, 10, 5, 0, 1, 9, 4, 2, 3, 6, 12, 13], "R": [[-0.6484334243528815, 0.2905637934777958, 0.7036382423531206], [-0.7606053857032975, -0.2859327449528619, -0.5828566827298625], [0.03183616530196193, -0.9131347914100714, 0.40641273515399545]], "T": [-0.2412799779015914, 0.08240725371982263, -0.052631973896014164], "aligned_model": [[-0.26276910455026115, 0.2709342973422999, -0.25602469178961823, -0.5829831609581901, -0.3375132405614864, -0.7638965695162433, 0.05687459238678866, 0.7043599155557093, 0.21413036074874336, -0.200411538910315, 0.20285573054643957, -0.5654307004337271, -0.13445021773408622], [-0.24005360424826613, 0.04071309417327021, -0.8777707409221723, 0.4489173734839891, -0.0030862096822004, 0.18250282922574562, -0.48877158262191767, 0.21391389631379945, 0.3839141110579555, 0.5805992449855297, 0.6533747169349111, -0.367939281174787, -0.0266381102506993], [-0.6711940591854717, -0.641255168239205, -0.35803291799943804, -0.619474568662006, 0.708184995850314, 0.17074413797854138, 0.29608246643543135, -0.09593811049125268, 0.4886196162523879, 0.10012540344091926, -0.30019189112565253, 0.11239564671313791, -0.10952110461963255]], "inverted": false, "swapped": false, "error_lsq": 0.04288436297486643, "error_max": 0.23578056527235178, "target": "388.xyz", "model": "0.xyz", "model_rescale": 3.8414455957264533, "target_rescale": 4.0181339221087065},
{"mapping": [5, 10, 3, 6, 0, 7, 1, 12, 13, 9, 8, 4, 14], "R": [[-0.15190067110600286, -0.8286524088083622, 0.5387591033974695], [-0.5992482214203918, -0.3562668885424456, -0.7169208277437489], [0.7860202002760766, -0.431751189349125, -0.44245130269168936]], "T": [-0.179476494448236, 0.06282682948891082, -0.052458247699324334], "aligned_model": [[-0.324668683287338, 0.21275643296421387, -0.21999231570933642, -0.4107164244821545, -0.2933466219155927, -0.6680211297660696, 0.1608098218155316, 0.5765453903984458, 0.14290652748592703, -0.4286051817288988, 0.2827604743971257, -0.5580224820590962, -0.1267301359867049], [-0.22332148460000772, -0.03337508093557563, -0.6948013561223443, 0.37227032106405766, -0.1549814026652796, 0.23934505150032387, -0.7019957044940861, 0.14214057996922408, 0.5134041406881592, 0.6862524724566738, 0.6742467470529144, -0.3104489654599389, -0.009059581178962425], [-0.6280980270984498, -0.6049795807666811, -0.24671293267498226, -0.7312807532656418, 0.6295318824225136, 0.3258543991091271, 0.1660585837901618, -0.11901485882617177, 0.46512872512783504, 0.06913552211429069, -0.24430471375812507, 0.06236923601957335, -0.0631430358453761]], "inverted": true, "swapped": false, "error_lsq": 0.044745345292372916, "error_max": 0.2366527793752275, "target": "388.xyz", "model": "1.xyz", "model_rescale": 4.316132596720782, "target_rescale": 4.0181339221087065},
{"mapping": [5, 3, 9, 6, 8, 11, 7, 2, 10, 0, 1, 12], "R": [[0.008304482629817422, 0.46894627888869705, -0.8831876488519842], [0.7327976691291185, -0.6038126920624396, -0.3137161280891386], [-0.6803959227443844, -0.6445926003459505, -0.34865709212930657]], "T": [-0.17366691077343016, 0.06494136522602792, -0.1354372399610446], "aligned_model": [[-0.21372742298232045, 0.5395055162568305, 0.06666645181482198, -0.6043859852653818, -0.3896078091420791, -0.5221949525782297, 0.007395081697647216, -0.3064038580778212, 0.35864525064401015, 0.24939200643292764, 0.44855241716165567, -0.036028141330280594], [-0.5550989707946392, -0.3667443198103849, -0.6801423518895026, 0.4380823891526373, -0.26005421556815145, -0.16430719516360098, 0.42453238029653795, 0.5162272813636704, -0.03256523729600866, 0.1412650395450868, 0.5110516086064189, 0.04053001929891684], [0.036025806575119695, -0.004999352440825278, -0.48206919906942813, 0.02774690500917612, -0.5406239544826608, 0.528097624569775, -0.6606351084362566, 0.5646827666013798, -0.5595690973983443, 0.6231248068179052, -0.1051054081511674, 0.022582671614747196]], "inverted": false, "swapped": true, "error_lsq": 0.04645668307650707, "error_max": 0.22339418670468883, "target": "388.xyz", "model": "2.xyz", "model_rescale": 3.795458400668931, "target_rescale": 4.0181339221087065},
{"mapping": [1, 0, 3, 4, 7, 8, 5, 2, 11, 6, 10, 12], "R": [[0.3482121066357077, -0.8441387886417107, 0.4076494012050404], [0.7412102264543887, 0.5141618812213661, 0.4315610734280144], [-0.5738952247507874, 0.15187911446084768, 0.804721694499926]], "T": [0.10443119485776495, 0.14075234119412205, 0.0678460089275711], "aligned_model": [[-0.0749244937494237, -0.04029441101859377, -0.6860292816974835, 0.30904862227677565, 0.11045001259918649, -0.006869218796817539, -0.23205551876076266, 0.6074149722946123, 0.3303753884138234, 0.6933829472151001, -0.4285203669684161, 0.011325173935564675], [0.07094815205915858, -0.6565595711229331, -0.12537410376009167, 0.1341012558616797, 0.6694587635783854, 0.5376349427882302, -0.08331998589611761, -0.48802542484305356, -0.4892789648189352, 0.07379445412828604, 0.4782802763809037, -0.03589074906580331], [-0.6738076659566673, -0.2539749707861341, -0.05994457813739239, 0.8377046990033712, -0.33009272637042786, 0.45063223023267235, 0.5698646570364745, -0.18333508002123483, 0.4756633573259961, 0.06195662926866234, -0.2056300100157602, -0.000265110940459945]], "inverted": false, "swapped": true, "error_lsq": 0.05656074206295957, "error_max": 0.3477002228020841, "target": "388.xyz", "model": "3.xyz", "model_rescale": 3.7530521520055578, "target_rescale": 4.0181339221087065},
{"mapping": [2, 7, 1, 10, 0, 8, 11, 6, 4, 5, 12], "R": [[0.37439460418085335, -0.6855629738484331, 0.6243653491733463], [-0.22783899486569206, -0.720708539864064, -0.654727877049389], [0.8988426295958893, 0.10287181078945429, -0.4260273673909288]], "T": [-0.07232265424037797, 0.054484646263010236, -0.056188261569715195], "aligned_model": [[-0.38864191658901714, -0.10793450399007855, 0.2501388873333109, 0.42576258676813467, 0.2812250668853318, -0.11247763436895276, -0.24233861393478584, -0.625735764197266, -0.40943277793649685, 0.20339340057381355, 0.0642408719012111], [-0.7212110826928179, 0.28631027758036226, -0.330841379717238, 0.33337561689520884, -0.7256668719906563, 0.6034242406697727, -0.3164421856129977, -0.15792095320517796, 0.3846026899838511, 0.2123161550578001, -0.10074314865376129], [0.04222088038238227, -0.6749859806263211, -0.6346635585652162, -0.4394408237409722, 0.1068704608469757, 0.05992277155048158, 0.6130001077677648, -0.05622112901286444, 0.5856635694134272, 0.5046364090785909, -0.014171929848932494]], "inverted": true, "swapped": true, "error_lsq": 0.059031926199323397, "error_max": 0.3020905410786251, "target": "388.xyz", "model": "4.xyz", "model_rescale": 3.7855080009869324, "target_rescale": 4.0181339221087065},
{"mapping": [9, 12, 15, 2, 7, 5, 8, 11, 4, 0, 1, 10, 16], "R": [[0.2768473971096939, 0.2084524991675083, -0.9380314889727358], [0.6719712370227856, 0.6558037898156166, 0.34405820129382514], [0.6868843973534814, -0.7255817974937733, 0.04148348849904453]], "T": [-0.06413633075510447, -0.025929946155942962, -0.10521947219761744], "aligned_model": [[-0.5988170989810607, 0.4242086015380082, -0.16692765914463847, -0.3613167879703264, -0.2226467012617577, -0.6829723586590641, 0.04856150435312792, 0.7064688658132133, 0.03471140181471841, -0.34437940747829243, 0.1891674573331236, -0.6025000662269316, -0.07788207900406745], [-0.24759130733588047, 0.1269802646580342, -0.7985797306451248, 0.3309547628701122, -0.07178451138659303, 0.27963181861093733, -0.6651068422282918, 0.169653020652633, 0.483517120505727, 0.6963903741817687, 0.6793023573523083, -0.4481790979544203, -0.03551249200605218], [-0.5198237851252584, -0.5537759987833012, -0.37310818047512606, -0.6797651778568202, 0.6256302340794396, 0.31760108442173973, 0.1669238125860713, -0.08648014412535875, 0.421746936505037, -0.014715018735588808, -0.21286949782682896, 0.14544846793149352, -0.15626828624742514]], "inverted": true, "swapped": false, "error_lsq": 0.04465925283426134, "error_max": 0.2311120597308268, "target": "388.xyz", "model": "5.xyz", "model_rescale": 4.2253639853439635, "target_rescale": 4.0181339221087065},
{"mapping": [0, 12, 9, 3, 10, 4, 8, 11, 5, 2, 6, 1, 13], "R": [[-0.10283850760589787, -0.5491396271508965, -0.8293792324660451], [0.24061407340370622, 0.795304455140995, -0.5564132379023355], [0.9651575565851763, -0.25678102251813606, 0.05034279929714801]], "T": [-0.13296173640229647, 0.011470796543701693, -0.0876087492559771], "aligned_model": [[-0.5331105186250867, 0.4827924590083663, -0.06864737027679707, -0.4326995378353282, -0.3069870504293567, -0.8114269418332946, 0.1761116282164194, 0.6365832155743624, 0.19789343082366911, -0.3062925147489753, 0.1318098913566541, -0.6613187548743724, -0.15903226423020722], [-0.2937517634126258, -0.0813043616666671, -0.5738978697976206, 0.5378309547708929, 0.0335523073425558, 0.1944430859001809, -0.48004320986953547, 0.12108246425788505, 0.2915404646913106, 0.5677162251328797, 0.5624202623408631, -0.4395233977378152, 0.05961057532285444], [-0.711934617938289, -0.7830102917637859, -0.24824378360726707, -0.4565419504204704, 0.6724833973603147, -0.003243954740443686, 0.36928567222623526, -0.12420981483261964, 0.37373397123959057, 0.24513601251888367, -0.2877802741909872, 0.14934879908112547, -0.114478718584213]], "inverted": true, "swapped": false, "error_lsq": 0.046774281286969914, "error_max": 0.30041615767918667, "target": "388.xyz", "model": "6.xyz", "model_rescale": 3.89814844738969, "target_rescale": 4.0181339221087065},
{"mapping": [9, 11, 10, 8, 1, 6, 2, 7, 0, 3, 7, 5, 12], "R": [[0.926305853753913, -0.28568417121615575, 0.24564612681207165], [-0.30656852737437545, -0.9505020154631869, 0.050612810867667404], [0.21902785969995012, -0.12219031433365588, -0.9680373565923484]], "T": [-0.027330391289326975, 0.0343149812316465, -0.07505517735681659], "aligned_model": [[-0.6807452417546758, 0.19156304524853685, -0.04568279423637816, -0.2984969655347379, -0.3696704535817164, -0.6402630246067095, 0.1742050751647462, 0.4262960890287428, -0.0004172622497187889, -0.20482427865901454, 0.4262960890287428, -0.6555880408062418, 0.02300343508447676], [-0.3339430991448067, -0.021067496403141234, -0.6756119519785835, 0.40269468108852824, -0.22043433138735558, 0.293667042388662, -0.5265199521826314, 0.5067926313023042, 0.2656615926059341, 0.8074572705346144, 0.5067926313023042, -0.3805415586137505, -0.1252717222369202], [-0.5602158708011739, -0.8524603573207054, -0.260986890254087, -0.5735046312236008, 0.6548096604752504, 0.045052884054585754, 0.30756144243943306, -0.12262161598643094, 0.46970606975905577, 0.07702656746376908, -0.12262161598643094, 0.11405585139564407, -0.09525704766723565]], "inverted": false, "swapped": false, "error_lsq": 0.053450361669170394, "error_max": 0.3602935643390482, "target": "388.xyz", "model": "7.xyz", "model_rescale": 3.7474275329858107, "target_rescale": 4.0181339221087065},
{"mapping": [12, 11, 13, 10, 2, 0, 4, 9, 3, 6, 7, 1, 14], "R": [[0.24648794283211523, -0.5236450558819781, 0.8154995705018808], [-0.9404878886639487, -0.33235873216742107, 0.07085340096631021], [0.2339363702266497, -0.7844319783145156, -0.5744042531899946]], "T": [-0.1066912393711981, 0.02755784903648858, -0.0621497145460982], "aligned_model": [[-0.35589086397095704, 0.18432575194146492, -0.0031295115712506594, -0.3704923835814731, -0.2645006244979967, -0.6438831430312414, 0.22732982825714795, 0.6240828913537178, -0.15428811829313174, -0.2285574706560508, 0.2038179600815588, -0.757644223239923, -0.11549442066581199], [-0.273490668174184, 0.028487825749403027, -0.818371538109444, 0.48435649188347607, -0.38867981265666196, 0.3773134602081597, -0.5983513402970283, 0.1587256405903568, 0.40780620898624526, 0.8265926923630644, 0.5589934992839369, -0.23598325844670967, -0.027723464105456418], [-0.5395509673554622, -0.6115022438936072, -0.3481396954729924, -0.6071334903548485, 0.6522954567609561, 0.09052349437737693, 0.2678403745987205, -0.23275047776397828, 0.5438868015624803, 0.05459804440560878, -0.35376216048299064, 0.20544721650653086, -0.04120790653972074]], "inverted": false, "swapped": false, "error_lsq": 0.05055245696733364, "error_max": 0.35092178747363545, "target": "388.xyz", "model": "8.xyz", "model_rescale": 4.019505241142653, "target_rescale": 4.0181339221087065},
{"mapping": [8, 9, 7, 11, 3, 5, 0, 1, 2, 6, 10, 4, 12], "R": [[-0.9655782466300458, 0.1990374475291965, -0.1674596790750205], [0.22239881114871168, 0.9656109435443971, -0.13466356042723152], [0.13489780737464266, -0.16727103810391478, -0.9766386134989504]], "T": [-0.08689343846687353, 0.10436787848149882, -0.07282128672664981], "aligned_model": [[-0.3812429489392024, 0.07892671279370989, -0.03786168860813824, -0.46672402541262736, -0.48422870597445333, -0.7124282483510642, 0.09277467172023468, 0.5869755393043201, 0.029640689786831778, -0.17562460719477327, 0.4720714918908761, -0.5310472064547707, -0.12555600243489012], [-0.24789331095400297, 0.02958405066102139, -0.773275159787144, 0.336090480641729, -0.09239946651994495, 0.24397385283238815, -0.438254216026527, 0.07672517315669627, 0.22824953119460972, 0.814520345523355, 0.7689271484532201, -0.5578753360004033, 0.11130264410016097], [-0.5682073498009833, -0.7317986140778092, -0.28943747947334075, -0.5078878159627255, 0.6632956230625016, 0.12653039420593137, 0.2368990884581386, -0.11079211514122524, 0.4937873041805789, 0.05316320127661048, -0.3628194617943514, 0.15467822205952603, -0.07686655064477775]], "inverted": false, "swapped": false, "error_lsq": 0.048069932230753655, "error_max": 0.32063624701341925, "target": "388.xyz", "model": "9.xyz", "model_rescale": 3.877068213659057, "target_rescale": 4.0181339221087065},
{"mapping": [3, 4, 5, 13, 11, 10, 0, 7, 9, 14, 2, 12, 15], "R": [[-0.8351718725522288, -0.28257122496235365, -0.4718489653701474], [-0.5444834262045357, 0.3037082238362658, 0.7818561973680265], [-0.0776256522431438, 0.909898245738223, -0.40750391472516045]], "T": [-0.13414288992446458, 0.036257804944824785, -0.09209687975920226], "aligned_model": [[-0.3374216692892269, 0.2422532725907284, -0.056368507936679024, -0.40928424689306053, -0.27953724185326523, -0.6075547593215385, -0.01118105964049751, 0.6730385513912022, 0.024411220415860052, -0.4075566544450644, 0.2265800385037365, -0.586634598201319, -0.125068673194823], [-0.2437765028103716, -0.0048495444611560065, -0.7037336428129337, 0.5723020239114252, -0.15578830903811045, 0.3047393068727045, -0.6116284717432666, 0.050144610061209356, 0.5294110189857593, 0.7571413175618026, 0.5738092061910857, -0.5302085465666004, -0.037886728876389573], [-0.6240929954106844, -0.6531020440969487, -0.33159478161707656, -0.5764441982834593, 0.6054947262646673, 0.362886267726939, 0.35387374304710845, -0.21272791579898237, 0.31693344365819115, 0.030758406029675625, -0.23794892079349578, 0.08835350749324551, -0.04184479187110636]], "inverted": false, "swapped": false, "error_lsq": 0.04359995757163745, "error_max": 0.23854188187854133, "target": "388.xyz", "model": "10.xyz", "model_rescale": 4.260839863003843, "target_rescale": 4.0181339221087065},
{"mapping": [11, 0, 1, 2, 7, 6, 4, 5, 3, 10, 8, 12], "R": [[-0.921453443801182, 0.33154522281776155, 0.20248781724751522], [0.2665123258456711, 0.16025288892680534, 0.9504157994072616], [0.2826565602976042, 0.9297294105369228, -0.23602646483687595]], "T": [-0.0809662675996585, 0.13224060630721057, -0.0073080866163045335], "aligned_model": [[0.37245083020133196, 0.09416604307439372, -0.5087452557955642, -0.26069568756802153, -0.6041756166664968, -0.36205798757883856, 0.38715784143821774, 0.5612158375279156, 0.3469447608663826, -0.15124479531649196, 0.09205162457078475, -0.00816894565948277], [0.034855605456667244, -0.6726548916156216, -0.44964928487681566, -0.28797158391482763, 0.2460049522263026, 0.2854529872367122, 0.6880273764391865, 0.18092147036811768, -0.4053948731496596, 0.007331838287149672, 0.6112668099388765, -0.06511190086315397], [-0.639157999051216, -0.2931269815207014, 0.24862267183561257, -0.7162263820915183, 0.38157697986812467, -0.5062024855895976, -0.3337369700023509, 0.01889795441861828, 0.48240787880512515, 0.6651577752943029, 0.2314963898324364, -0.023530754403331577]], "inverted": false, "swapped": true, "error_lsq": 0.046833298518379814, "error_max": 0.21214104420813515, "target": "388.xyz", "model": "11.xyz", "model_rescale": 3.890672605050136, "target_rescale": 4.0181339221087065},
{"mapping": [4, 10, 7, 2, 8, 0, 5, 9, 6, 1, 11, 3, 13], "R": [[-0.8773727342939595, 0.2923754650170221, 0.38043878952286303], [-0.16577739553372167, 0.5593466080626869, -0.8121879260237884], [-0.4502609690475038, -0.7756596931031333, -0.4422862198255286]], "T": [-0.06025899403476635, 0.10081520292361842, -0.01971796457877817], "aligned_model": [[-0.5224919950546401, 0.19484835511228393, -0.1382111077456284, -0.22545855106709184, -0.2833268631602555, -0.6256263086562367, 0.3993174972180719, 0.7138111221232215, 0.08357006804151186, -0.5100438019809816, 0.18727944204426544, -0.8297836971883003, -0.09820848756016698], [-0.04071826815032478, 0.055337037281062956, -0.7467534812421867, 0.4207624992531148, -0.2116641365536229, 0.19309040150065498, -0.48575554386763886, 0.08877463079936726, 0.44457243011557446, 0.7214319526844334, 0.5020091897671242, -0.4001847263616678, -0.04122624795073268], [-0.5270304650743445, -0.8755172876116462, -0.06986737998769105, -0.6328304889937152, 0.5900265999741281, 0.1235985628438864, 0.20320890578802173, 0.0608481319847341, 0.4198301142443619, 0.11379895138076035, -0.30349652521966264, 0.07975041278125866, -0.1017750857620181]], "inverted": false, "swapped": false, "error_lsq": 0.05555373160564044, "error_max": 0.3318802867816201, "target": "388.xyz", "model": "12.xyz", "model_rescale": 4.124412569039231, "target_rescale": 4.0181339221087065},
{"mapping": [5, 10, 7, 4, 6, 0, 9, 11, 8, 1, 2, 3, 12], "R": [[-0.5285634395332874, -0.5300742979764453, 0.6630549969750019], [-0.32206616984955194, -0.5974638927038742, -0.7343774772918716], [0.7854260452946418, -0.6017126685885155, 0.14507857123954293]], "T": [-0.24025557060948927, -0.0546374468176454, -0.05102695741774702], "aligned_model": [[-0.5392224534710793, 0.30273009310270976, -0.07793607286478604, -0.38221044611853106, -0.2440224132996034, -0.8034466105120859, 0.09909374534081683, 0.7296391590886406, 0.2821247925766808, -0.3918816434939262, 0.22171463372382033, -0.6936138206237699, -0.15729329132283354], [-0.28280544915957834, -0.033744845250667954, -0.5834517310325963, 0.473332397071908, 0.04745574648459036, 0.03909044536133657, -0.4688762545701194, 0.16283316576799148, 0.2430326246151587, 0.6664655120661567, 0.6496986866399502, -0.40561880000136474, -0.007735760717606802], [-0.708525280405364, -0.5503662613988148, -0.3461294954925332, -0.6161578387293066, 0.6101656057297675, -0.15494196208570896, 0.298099844641706, -0.10165903521349132, 0.3406456170996896, 0.29521624557604764, -0.23238200990640903, 0.3732745422581806, -0.12669552572569012]], "inverted": true, "swapped": false, "error_lsq": 0.05752596747053414, "error_max": 0.4493972601846507, "target": "388.xyz", "model": "13.xyz", "model_rescale": 3.9028299243045295, "target_rescale": 4.0181339221087065},
{"mapping": [6, 3, 9, 2, 13, 12, 10, 4, 5, 8, 0, 11, 15], "R": [[-0.18154838028386594, -0.8652652869593519, 0.4672859604133804], [0.551123394117151, -0.483070209781783, -0.6803720870804266], [0.814434276091752, 0.13401177412651005, 0.5645685559100586]], "T": [-0.1552904738168185, 0.007044434572784752, -0.10799771053327673], "aligned_model": [[-0.26995203692621184, 0.20820935005063856, -0.224009332331884, -0.4410660417445452, -0.22424050227164322, -0.6728032721343729, 0.2944905133259349, 0.5114134035818142, 0.008382543745664106, -0.249189407708766, 0.2937045317290633, -0.7532583955490263, -0.1360056816406126], [-0.31306105740178086, 0.05519427847805755, -0.7506814651274865, 0.5275184482512962, -0.03803205208051652, 0.18437724920874843, -0.4152462327694962, 0.1071649567846645, 0.2611928726090586, 0.7455414019353774, 0.648935734006582, -0.4111610246016291, -0.10206737201771784], [-0.6814028571811497, -0.6122188086820717, -0.25623615315685205, -0.5434157802280817, 0.6831188142102704, 0.32208817088078134, 0.30999781328184195, -0.038390995509809844, 0.3051869315105269, 0.09770201957795355, -0.379282531249021, 0.007740126123143148, -0.13434230322945778]], "inverted": false, "swapped": false, "error_lsq": 0.041550431786474946, "error_max": 0.20704905711605678, "target": "388.xyz", "model": "14.xyz", "model_rescale": 3.942246331269136, "target_rescale": 4.0181339221087065},
{"mapping": [5, 0, 1, 9, 13, 4, 12, 8, 11, 10, 6, 3, 14], "R": [[0.8959790572493489, -0.3382157537437118, -0.2878048520962438], [-0.4263936089471524, -0.8363139664602433, -0.3446265221258485], [-0.12413709848224548, 0.43149629595525846, -0.8935328350750751]], "T": [-0.13922853838082633, 0.09186009766285656, -0.12078286804196639], "aligned_model": [[-0.47118090624683356, 0.38399595648369006, -0.23260179827360822, -0.3451720196472242, 0.015138762701764452, -0.5247475052630486, 0.018035474751031066, 0.6204106264240534, 0.08778648157481184, -0.6023685822699869, 0.12529867083619556, -0.6375940883808351, -0.09132540056395666], [-0.19044620351146996, -0.2273497587857774, -0.6895070554537974, 0.6270141600342476, -0.1207385085451879, 0.14869292097517584, -0.6202698280716386, 0.22218872288611874, 0.5386185912599396, 0.6224751553725367, 0.5795430488118458, -0.4113858077962406, 0.02084030009940549], [-0.5821832754697618, -0.5270570099561075, -0.3141432625078162, -0.685902075097996, 0.6485690771042, 0.3171773279702047, 0.24829064388999797, -0.051474030007048255, 0.3920348907866025, -0.00698710221009953, -0.19135257883127926, 0.00137795920019268, -0.167806118523016]], "inverted": true, "swapped": false, "error_lsq": 0.06032274830608179, "error_max": 0.39878966287677475, "target": "388.xyz", "model": "15.xyz", "model_rescale": 4.355366556412066, "target_rescale": 4.0181339221087065},
{"mapping": [5, 3, 9, 6, 8, 11, 7, 2, 10, 0, 1, 12], "R": [[0.008304482629817422, 0.46894627888869705, -0.8831876488519842], [0.7327976691291185, -0.6038126920624396, -0.3137161280891386], [-0.6803959227443844, -0.6445926003459505, -0.34865709212930657]], "T": [-0.17366691077343016, 0.06494136522602792, -0.1354372399610446], "aligned_model": [[-0.21372742298232045, 0.5395055162568305, 0.06666645181482198, -0.6043859852653818, -0.3896078091420791, -0.5221949525782297, 0.007395081697647216, -0.3064038580778212, 0.35864525064401015, 0.24939200643292764, 0.44855241716165567, -0.036028141330280594], [-0.5550989707946392, -0.3667443198103849, -0.6801423518895026, 0.4380823891526373, -0.26005421556815145, -0.16430719516360098, 0.42453238029653795, 0.5162272813636704, -0.03256523729600866, 0.1412650395450868, 0.5110516086064189, 0.04053001929891684], [0.036025806575119695, -0.004999352440825278, -0.48206919906942813, 0.02774690500917612, -0.5406239544826608, 0.528097624569775, -0.6606351084362566, 0.5646827666013798, -0.5595690973983443, 0.6231248068179052, -0.1051054081511674, 0.022582671614747196]], "inverted": false, "swapped": true, "error_lsq": 0.04645668307650707, "error_max": 0.22339418670468883, "target": "388.xyz", "model": "16.xyz", "model_rescale": 3.795458400668931, "target_rescale": 4.0181339221087065},
{"mapping": [9, 11, 10, 8, 1, 6, 2, 7, 0, 3, 7, 5, 12], "R": [[0.926305853753913, -0.28568417121615575, 0.24564612681207165], [-0.30656852737437545, -0.9505020154631869, 0.050612810867667404], [0.21902785969995012, -0.12219031433365588, -0.9680373565923484]], "T": [-0.027330391289326975, 0.0343149812316465, -0.07505517735681659], "aligned_model": [[-0.6807452417546758, 0.19156304524853685, -0.04568279423637816, -0.2984969655347379, -0.3696704535817164, -0.6402630246067095, 0.1742050751647462, 0.4262960890287428, -0.0004172622497187889, -0.20482427865901454, 0.4262960890287428, -0.6555880408062418, 0.02300343508447676], [-0.3339430991448067, -0.021067496403141234, -0.6756119519785835, 0.40269468108852824, -0.22043433138735558, 0.293667042388662, -0.5265199521826314, 0.5067926313023042, 0.2656615926059341, 0.8074572705346144, 0.5067926313023042, -0.3805415586137505, -0.1252717222369202], [-0.5602158708011739, -0.8524603573207054, -0.260986890254087, -0.5735046312236008, 0.6548096604752504, 0.045052884054585754, 0.30756144243943306, -0.12262161598643094, 0.46970606975905577, 0.07702656746376908, -0.12262161598643094, 0.11405585139564407, -0.09525704766723565]], "inverted": false, "swapped": false, "error_lsq": 0.053450361669170394, "error_max": 0.3602935643390482, "target": "388.xyz", "model": "17.xyz", "model_rescale": 3.7474275329858107, "target_rescale": 4.0181339221087065},
{"mapping": [2, 1, 0, 7, 5, 9, 8, 3, 10, 12, 11, 4, 13], "R": [[0.6366129274814024, 0.03132893778742532, 0.770546869580735], [0.4770001370247325, -0.8011089862866884, -0.3615179959132062], [0.6059660467732041, 0.5976979920895052, -0.5249402446090685]], "T": [-0.13878149671713358, 0.052387920411715166, -0.10188223332809077], "aligned_model": [[-0.4526947930560255, 0.23575314401902558, -0.08392377498458975, -0.3450298378994979, -0.3396307298280091, -0.7969716585846616, 0.19527264800884864, 0.5348238623935272, 0.22738794387725098, -0.45467949609244535, 0.31255162179961815, -0.5100636459797282, -0.1771196115472601], [-0.199248504787186, -0.014890771489898952, -0.7381574111589934, 0.628319011491289, 0.13460061202632656, 0.1277311713886628, -0.4155641490257571, -0.030076455899818513, 0.30941776811391775, 0.6663227608657981, 0.5976850456053456, -0.542268464045298, -0.024194875809229743], [-0.6866644797279376, -0.6795636310849517, -0.3686613552228568, -0.5414095727777679, 0.5881326908340955, -0.00789674929413478, 0.32972307284791, -0.09520180473542111, 0.4237554447624684, 0.18539705409234764, -0.24570894569947221, 0.3428189833152494, -0.16417626096145535]], "inverted": true, "swapped": false, "error_lsq": 0.05154520766576972, "error_max": 0.3104184438419842, "target": "388.xyz", "model": "18.xyz", "model_rescale": 3.922800546911778, "target_rescale": 4.0181339221087065},
{"mapping": [13, 8, 12, 4, 9, 11, 3, 1, 2, 10, 6, 7, 14], "R": [[0.6841633847910441, -0.013355048347430037, 0.7292064903680573], [-0.44325660593144445, 0.7863738584060586, 0.43027867262241165], [-0.5791753138812099, -0.6176065070084722, 0.5320884872757501]], "T": [0.013290321947193734, -0.023002721388160965, -0.13196088705356399], "aligned_model": [[-0.5029749632294235, 0.20086630878838815, -0.08944781793590759, -0.37392083205214033, -0.33470725159116776, -0.6751825131306549, 0.030885512094104964, 0.6724130426320885, 0.13550579989502, -0.28501509775168343, 0.20288660993761176, -0.5817982900984471, -0.05383483543173584], [-0.17275221482963782, -0.010632505903139161, -0.7822252200576888, 0.4875750885401706, 0.07079779072838002, 0.14528420990074603, -0.5013683819471999, 0.3015869474814729, 0.255916500109242, 0.667959936910289, 0.5861351556455411, -0.47603256159495394, -0.07256900770806357], [-0.5595810354980831, -0.7142433622758783, -0.3098375766277527, -0.4684797740710054, 0.5979996178047954, -0.06175919985135464, 0.29231019099290567, -0.041507529592995224, 0.5164189457736557, 0.1581858494070111, -0.39420517441982983, 0.14883178869574373, -0.08358829398913857]], "inverted": true, "swapped": false, "error_lsq": 0.04032922689141573, "error_max": 0.272954315402507, "target": "388.xyz", "model": "19.xyz", "model_rescale": 3.9282355846067225, "target_rescale": 4.0181339221087065},
{"mapping": [8, 7, 9, 6, 0, 4, 10, 2, 1, 3, 5, 11, 13], "R": [[-0.83366327589525, 0.55137240620256, 0.03152795746634346], [0.11366352543430963, 0.115431250343759, 0.986790874212931], [0.5404499471823867, 0.8262348916152572, -0.15890172581844403]], "T": [-0.12841138553076634, -0.0014882635404764172, -0.2097849424100319], "aligned_model": [[-0.7469748680577569, 0.32529431777315987, -0.2911608289313185, -0.25749893986309524, -0.3598357166425909, -0.7239490208875728, 0.35127094887400034, 0.6438924208503711, 0.14903803381141265, -0.38395447534327887, 0.16776557670910466, -0.45797167558116114, -0.0702401005852211], [-0.2153215043739471, -0.03943931843980451, -0.6484929418664671, 0.47922515868427656, 0.04236917681928813, 0.06713216872328175, -0.5017092132829573, 0.15302897308692825, 0.36040498740390814, 0.6128244262828157, 0.6301922470571112, -0.45690898052534495, 0.016370557706069686], [-0.5974396113190007, -0.6350009211798103, -0.3923291566017626, -0.6329811889275649, 0.5548824964752479, -0.009799927748006199, 0.30199451056770277, 0.03185003973062345, 0.3848207176153374, 0.1418863778773962, -0.24059227624671914, 0.23445053241029642, -0.0611971463056665]], "inverted": true, "swapped": false, "error_lsq": 0.05372057135988716, "error_max": 0.3212005584400702, "target": "388.xyz", "model": "20.xyz", "model_rescale": 4.067790424073018, "target_rescale": 4.0181339221087065},
{"mapping": [11, 12, 3, 10, 4, 5, 2, 7, 8, 1, 9, 6, 14], "R": [[-0.6289220761704366, -0.07788354287171825, 0.7735574806407193], [-0.1364509450307327, -0.9684686380653413, -0.20844576437069412], [0.765400654367167, -0.23664879216596946, 0.5984640235308221]], "T": [-0.15234544121017707, 0.0038824582434490718, -0.03294814815248167], "aligned_model": [[-0.43676991541971943, 0.185494440823948, 0.01319393212016226, -0.3511459996102337, -0.3389983519674584, -0.5029895356251373, 0.03635113176861718, 0.4302848460121181, 0.029218232268824, -0.1120685498262874, 0.2005581585723084, -0.6490905619121756, -0.15836215507891313], [-0.2102325362358617, -0.09224977788984076, -0.7496415376633407, 0.5034029355534775, -0.20735165776150855, 0.2961748122273374, -0.6228183557540796, 0.4513889860486095, 0.27291159608815463, 0.823157422199615, 0.5180653641075539, -0.5270968112251546, 0.04396529758019631], [-0.5726607953907116, -0.7138568602283878, -0.3914775334486976, -0.6512073593911462, 0.7173939963907373, 0.34132450608818776, 0.32111628753659666, 0.09722025504822265, 0.43590774888668177, -0.011236245106177996, -0.49676372362035953, 0.10439158808112356, -0.09960741849799562]], "inverted": true, "swapped": false, "error_lsq": 0.05274475969117144, "error_max": 0.3631157410048416, "target": "388.xyz", "model": "21.xyz", "model_rescale": 4.186013935880536, "target_rescale": 4.0181339221087065},
{"mapping": [3, 0, 5, 4, 8, 11, 2, 1, 9, 10, 7, 11, 12], "R": [[-0.41133345556433254, 0.024669234671620077, -0.9111510397262476], [-0.9088970088045354, 0.06417355131811969, 0.41205337360272754], [0.06863683937706885, 0.9976337926172798, -0.003974935016984538]], "T": [-0.07252065370402702, 0.051156574597369595, -0.09247068686136588], "aligned_model": [[-0.6241225734281288, 0.4784725986707309, -0.1347287425264264, -0.5473563520507269, -0.20145041452626225, -0.6638274623277487, 0.2567429997101345, 0.6370682262803511, -0.0001297613305837192, -0.2792654316084259, 0.19769804609101568, -0.6638274623277487, -0.10959799850012801], [-0.3328160909728159, -0.21643428137118903, -0.6969643598454576, 0.4801416307504753, -0.24841784944116047, -0.037845210801728354, -0.5420164060762783, 0.2213914557572289, 0.35048465000930623, 0.8446621379527952, 0.6692188854371401, -0.037845210801728354, 0.04611638667857047], [-0.7254311666610136, -0.47534143613045277, -0.2795107821572985, -0.4361551787160092, 0.6012874928669313, 0.1110014708970402, 0.20657858065836976, -0.041216978982322086, 0.44661467021105056, 0.06214157129145602, -0.3810960046720747, 0.1110014708970402, -0.11932926315464368]], "inverted": false, "swapped": false, "error_lsq": 0.059178895836188516, "error_max": 0.4186228678587448, "target": "388.xyz", "model": "22.xyz", "model_rescale": 4.166573947596378, "target_rescale": 4.0181339221087065},
{"mapping": [12, 6, 14, 2, 8, 3, 10, 5, 0, 4, 1, 9, 15], "R": [[-0.6476656313720786, 0.7618016081820409, 0.013694513889254634], [-0.30794089345286535, -0.24527924890863556, -0.9192445247018155], [-0.6969229771494536, -0.5995801863187873, 0.393448807464288]], "T": [-0.19389093203496363, -0.04512772882744996, -0.08682445435605789], "aligned_model": [[-0.29422152513380906, 0.11319398215381901, -0.10343960551177792, -0.3479221239649504, -0.41474589090228675, -0.7287853020351942, 0.17116968604716817, 0.6328318137295905, 0.24092255428090018, -0.35382805558264874, 0.20133073746784982, -0.6292734478129095, -0.14155715060969817], [-0.3480114029367418, 0.2037462067301929, -0.813927550053188, 0.5061684063863552, 0.08521903697900086, 0.22444254014571485, -0.5897519370228465, 0.02415836193174517, 0.4890518641552408, 0.5900957836396915, 0.5283263255616932, -0.39730825762654165, -0.0025336406151585528], [-0.65916753964294, -0.7371076631540262, -0.25035780151716486, -0.4405986795337002, 0.6801905050865186, -0.035379969288596505, 0.2751927414746207, -0.1396536173644789, 0.35174726999094713, 0.245988885347737, -0.23864454633074988, 0.12964749849639107, -0.10131263721648448]], "inverted": false, "swapped": false, "error_lsq": 0.04802745976637511, "error_max": 0.28464844201032563, "target": "388.xyz", "model": "23.xyz", "model_rescale": 4.274766983524099, "target_rescale": 4.0181339221087065},
{"mapping": [0, 6, 4, 5, 8, 9, 3, 10, 1, 7, 12], "R": [[-0.44308169535065656, 0.5140921317042904, 0.7344303175692891], [-0.628834824557984, 0.40565778847954526, -0.6633313817911938], [-0.6389408225088752, -0.755745353122084, 0.14353949479519246]], "T": [0.0071571278431520335, 0.24615574360409126, -0.0439449809508267], "aligned_model": [[0.4641221447602015, 0.1996517486252953, -0.6429227414828497, -0.4969327960713359, -0.4788045452987588, -0.6380115585700076, -0.03588476223121867, 0.02038091306257714, 0.657822942282069, 0.24265268585574418, 0.08782067302635843], [-0.343619515986984, 0.6989826271615429, 0.49842690523291683, -0.09970976914513985, 0.41200183716295213, -0.17206173601466135, -0.5702949493882123, -0.04404935892706713, -0.023539153734408735, 0.49437816069957363, 0.06507148418297126], [-0.4951308029700121, -0.3745139518713425, -0.4291077461974585, -0.24821155912043477, 0.1857617848119756, 0.33277121404514703, 0.16471058560214027, 0.5792385692098477, 0.25770037637456167, 0.5224907330499385, -0.11614276891278555]], "inverted": true, "swapped": true, "error_lsq": 0.04419301200041648, "error_max": 0.25012003907261376, "target": "388.xyz", "model": "24.xyz", "model_rescale": 3.7841303162186577, "target_rescale": 4.0181339221087065},
{"mapping": [10, 11, 14, 0, 2, 8, 12, 3, 4, 1, 6, 9, 15], "R": [[-0.5367286440425931, 0.2562219950118081, -0.8039108482514516], [-0.5068675427939733, 0.6637897940370852, 0.5499712750628019], [0.6745425536807883, 0.7026616530054657, -0.226404383061432]], "T": [-0.1494918513853986, 0.03250017460910728, -0.13892864370495994], "aligned_model": [[-0.5246723621392805, 0.34880020684189467, -0.19414105515299251, -0.6207871797251372, -0.31617921832174267, -0.6156984765269689, 0.11456295836948277, 0.6313139447819913, 0.1476931493410784, -0.4428778652841387, 0.3554043537118517, -0.4455638325750108, -0.09217895119497492], [-0.30993293815516665, -0.03297637905417059, -0.7532138176250905, 0.5226398722139595, -0.05338689642185745, 0.24581333483944973, -0.5489001226610479, 0.0873057085824944, 0.49015458948954754, 0.6756321108691518, 0.5338722929764091, -0.4281016793142109, 0.07076966153569011], [-0.7281945029826083, -0.719312494954005, -0.23872309906637015, -0.4199513112400812, 0.5915723902852545, 0.15536145464276685, 0.27024205198037904, 0.051703330922727414, 0.3699307226645715, 0.09203099176024027, -0.2643570027204098, 0.06680910840433044, -0.14656719334872195]], "inverted": true, "swapped": false, "error_lsq": 0.04039887590857328, "error_max": 0.2522757043451653, "target": "388.xyz", "model": "25.xyz", "model_rescale": 4.19342608120988, "target_rescale": 4.0181339221087065},
{"mapping": [5, 3, 9, 6, 8, 11, 7, 2, 10, 0, 1, 12], "R": [[0.008304482629817422, 0.46894627888869705, -0.8831876488519842], [0.7327976691291185, -0.6038126920624396, -0.3137161280891386], [-0.6803959227443844, -0.6445926003459505, -0.34865709212930657]], "T": [-0.17366691077343016, 0.06494136522602792, -0.1354372399610446], "aligned_model": [[-0.21372742298232045, 0.5395055162568305, 0.06666645181482198, -0.6043859852653818, -0.3896078091420791, -0.5221949525782297, 0.007395081697647216, -0.3064038580778212, 0.35864525064401015, 0.24939200643292764, 0.44855241716165567, -0.036028141330280594], [-0.5550989707946392, -0.3667443198103849, -0.6801423518895026, 0.4380823891526373, -0.26005421556815145, -0.16430719516360098, 0.42453238029653795, 0.5162272813636704, -0.03256523729600866, 0.1412650395450868, 0.5110516086064189, 0.04053001929891684], [0.036025806575119695, -0.004999352440825278, -0.48206919906942813, 0.02774690500917612, -0.5406239544826608, 0.528097624569775, -0.6606351084362566, 0.5646827666013798, -0.5595690973983443, 0.6231248068179052, -0.1051054081511674, 0.022582671614747196]], "inverted": false, "swapped": true, "error_lsq": 0.04645668307650707, "error_max": 0.22339418670468883, "target": "388.xyz", "model": "26.xyz", "model_rescale": 3.795458400668931, "target_rescale": 4.0181339221087065},
{"mapping": [1, 0, 6, 9, 10, 11, 5, 7, 10, 4, 3, 8, 12], "R": [[0.583457842700448, 0.5798842094211436, 0.568604651278333], [-0.19316262146934515, -0.5809521054177448, 0.7906850528989279], [0.78883784611188, -0.5711645602404835, -0.22694910809885382]], "T": [-0.27083472729544944, 0.06228555847049488, -0.21157266205783207], "aligned_model": [[-0.4390451150219619, 0.3614706740046709, -0.05586027746572958, -0.44842220797405974, -0.008543047540104987, -0.7651892025290497, 0.03265746689932242, 0.49159346609517274, -0.008543047540104987, -0.31565457567010147, 0.25830921177385935, -0.6392875493658576, -0.11781012354000264], [-0.3056898411101958, 0.03338278270966177, -0.7316326893410879, 0.3732246934862049, 0.24092077455920488, 0.2362958196862668, -0.4398692643316191, 0.03017645780540478, 0.24092077455920488, 0.7657555824281577, 0.5602388942736283, -0.5232326814273887, 0.01918443397771539], [-0.643605694724961, -0.7506716336140081, -0.279886360450333, -0.44854065807694554, 0.4263763663239749, 0.27515998893392635, 0.2602254832115777, 0.06749785628297553, 0.4263763663239749, 0.23785396067524947, -0.3424379590490688, 0.01681870984883399, -0.16462197933712294]], "inverted": true, "swapped": false, "error_lsq": 0.05709436627138087, "error_max": 0.547398368335088, "target": "388.xyz", "model": "27.xyz", "model_rescale": 3.6321398670334006, "target_rescale": 4.0181339221087065},
{"mapping": [6, 13, 4, 9, 3, 8, 1, 2, 0, 10, 11, 7, 14], "R": [[0.6225134614112915, 0.6825711498335784, 0.3828493382214466], [0.4523137109168086, -0.7130126868155274, 0.5357473428368719], [0.6386621151112681, -0.160341927938296, -0.7525962854456778]], "T": [-0.21036152839975836, 0.06759602485051297, -0.030691389549134786], "aligned_model": [[-0.3463287047621701, 0.24511670089373622, -0.19159291682586665, -0.33506032014801224, -0.20748771438912345, -0.6589074361796868, 0.25665941694926364, 0.5848542529379746, 0.02569754800930446, -0.3371508164253777, 0.22117921311951927, -0.7522369416470565, -0.1590666094064516], [-0.29159996941726085, 0.039837136561947706, -0.7461351484193854, 0.43400437852187423, -0.20001148801483404, 0.20837741368080587, -0.40467537010167043, 0.08029211801964128, 0.4215239647152487, 0.8311248488864786, 0.50207490348483, -0.4177841273509638, 0.0426470767084463], [-0.7062641848826834, -0.7076303518453642, -0.18547048770975286, -0.5754549078913578, 0.6017151570751933, 0.1838238429343814, 0.047528571212357505, -0.00045343224254099784, 0.4258420922984191, 0.04427423127013421, -0.22440904194140293, 0.23701092342331218, -0.05996796535262186]], "inverted": true, "swapped": false, "error_lsq": 0.03908848715201327, "error_max": 0.24025435385676083, "target": "388.xyz", "model": "28.xyz", "model_rescale": 4.156811204709835, "target_rescale": 4.0181339221087065},
