[{"mapping": [1, 6, 0, 5, 2, 4, 3, 11, 10, 8, 13, 9, 12, 14], "R": [[-0.5696713553410883, 0.279469235207937, 0.7728981132569406], [0.8204595829929695, 0.24849855457043424, 0.51487332524749], [-0.04817280953868208, 0.927440248721553, -0.37085572056050886]], "T": [-0.061735655224481115, 0.04756786917127112, 0.17751323519867018], "aligned_model": [[0.0942688059170617, 0.2932679944681953, -0.6246715577646347, -0.3239705484833961, -0.4886002932665116, -0.047337815313052936, -0.6993817302740866, 0.016180519053527687, -0.29799871535907213, -0.036001573667464384, 0.609035389603345, 0.27197127525807197, 0.6974821454837721, -0.09275179452745169], [-0.6417655658171332, -0.4154706194767741, -0.3578450386865889, -0.38835909150165815, 0.31801909412291296, 0.3218565803627791, 0.052653192595360054, 0.4167338892258, 0.686679599870182, -0.19609829175327978, 0.5279217654743009, 0.7635931170488888, 0.04753818668892604, 0.09981651365631858], [0.29053283563231913, -0.3003477088402671, 0.4064554105946799, -0.2416668734882566, 0.6475911958577374, -0.5330951304575093, -0.23202997897527594, 0.6878968447623459, 0.15824250162250506, 0.7452238070316266, 0.33052171296524346, -0.09792851046743639, -0.08706610205693976, 0.12325808299906127]], "inverted": false, "swapped": true, "error_lsq": 0.04639860306554665, "error_max": 0.32101455326231165, "target": "39.xyz", "model": "0.xyz", "model_rescale": 3.8414455957264533, "target_rescale": 4.1432169893591135},
{"mapping": [2, 4, 9, 6, 10, 5, 3, 0, 7, 12, 8, 13, 1, 11, 14], "R": [[-0.848420774287279, -0.4778151824425693, -0.2277604908344474], [0.4841180348273943, -0.5264666723672672, -0.6989009738449351], [0.21403718862066004, -0.7032250666137486, 0.6779842089410735]], "T": [-0.007618056719841185, 0.032516234499689274, -0.0002948913656309546], "aligned_model": [[-0.190228669040497, -0.5154232123701301, 0.3733357229444949, 0.40417210618704874, 0.267907836889788, -0.09979990729897778, -0.5918863100374343, -0.4821697449049542, -0.1915698510832971, 0.3871102873640383, 0.7620528009156835, 0.3151395959435041, -0.5933365028006029, -0.049363741042907444, -0.04308712221214747], [-0.2609796768585708, -0.0057040382370983425, 0.3959105139217963, -0.46349128670525686, -0.5179363421152589, -0.6074065144484065, -0.4469910927651079, 0.5727156030141772, 0.456547203743152, -0.007360224357973781, 0.09385241951751161, 0.6822795031713945, -0.07658476935565772, 0.3407489558590206, -0.006658887908139156], [-0.6523058129783675, -0.19131941726506163, -0.434263202923267, -0.4412399836672514, 0.2988183702243059, -0.12806095409361692, 0.2048397310281416, 0.09191523283108993, -0.44674139052094525, 0.6515401692692235, 0.16747590709055657, 0.21989183160294093, 0.6270238187389181, 0.7931251042569861, 0.07230851244453906]], "inverted": true, "swapped": false, "error_lsq": 0.040241491619284385, "error_max": 0.28310299998750804, "target": "39.xyz", "model": "1.xyz", "model_rescale": 4.316132596720782, "target_rescale": 4.1432169893591135},
{"mapping": [6, 1, 5, 9, 4, 12, 10, 13, 0, 7, 11, 14], "R": [[0.25742035254458917, -0.4638033703109041, 0.8477152799047956], [-0.6428239853996536, -0.7371958801625139, -0.20813351019555276], [0.721465235399964, -0.4913539131417014, -0.48791315431089977]], "T": [0.08528828372574329, 0.022950350302246746, -0.16520789215624462], "aligned_model": [[-0.16441376294162968, 0.4787320488245903, 0.09946151376552215, -0.6308770695069271, -0.6040840765116928, -0.40265737934505086, -0.18004263457709221, -0.30882009591108195, 0.6877447676118277, 0.34907036285837545, 0.2455388576157762, 0.028156022749163498], [-0.6304945750726358, -0.4756064550167027, -0.5749764947844533, 0.4501910421039251, -0.16172717394452374, -0.12882808524296765, 0.5343393553723379, 0.5042950312989332, -0.17720356072552107, 0.019710625779428934, 0.6186472669857498, 0.03442945098741032], [0.11664656052156888, 0.16484440998110414, -0.44232524144665, -0.09817652335154939, -0.431789596705732, 0.4555063995189146, -0.5295376718335018, 0.3978828089901989, -0.5266709923828441, 0.5808441065019297, -0.015839734539063427, -0.22212606404495464]], "inverted": true, "swapped": true, "error_lsq": 0.05041845762808697, "error_max": 0.2528561284859879, "target": "39.xyz", "model": "2.xyz", "model_rescale": 3.795458400668931, "target_rescale": 4.1432169893591135},
{"mapping": [4, 10, 13, 8, 6, 1, 11, 3, 2, 0, 12, 14], "R": [[0.05966553341559733, -0.45644421776203753, -0.8877492327193723], [-0.9747970907289824, -0.21816072806798908, 0.046653281076014075], [-0.21496663933863053, 0.862591776450742, -0.4579571717650118]], "T": [0.0744849815398263, 0.021428586875542017, 0.05329204090804662], "aligned_model": [[-0.011866293767525793, -0.0566974331318246, -0.7594885733923074, 0.12470264574293707, 0.061388739184684515, 0.29080408665126967, -0.23359577548660354, 0.6520741990399195, 0.2496959842138648, 0.7409234881651784, -0.5434252484275632, 0.07878800695153586], [-0.07588361336028135, -0.6310044296811175, -0.047894123509868755, 0.13928569517793135, 0.6765475026497033, 0.6567869076906298, -0.3317724915431289, -0.2502840404380779, -0.5106193284128425, 0.019795397741963896, 0.4698305847181787, -0.029019015743380724], [-0.697360766426887, -0.0942807616721546, 0.11467384635591038, 0.6582041192539639, -0.32011257841720203, 0.3019228022912147, 0.4812887171126386, -0.35525044868438427, 0.45647524215188207, 0.35250438270187184, -0.1987724181660649, -0.010520705861688393]], "inverted": false, "swapped": true, "error_lsq": 0.040553290764289006, "error_max": 0.22632493751633467, "target": "39.xyz", "model": "3.xyz", "model_rescale": 3.7530521520055578, "target_rescale": 4.1432169893591135},
{"mapping": [4, 3, 5, 0, 6, 2, 12, 10, 13, 8, 14], "R": [[0.7883013201045933, -0.021400510598038408, 0.6149171056878311], [-0.4218934990753598, -0.7462599366124312, 0.5148805516283947], [0.44786929361065303, -0.6653105479047765, -0.5973064294709551]], "T": [-0.02135206698837011, 0.007773916014808861, 0.06948388406809793], "aligned_model": [[-0.48756713348176306, -0.13040946237544743, 0.28176116772755405, 0.44388297810777777, 0.27848319952692113, -0.13745023950301227, -0.11230581163979542, -0.6343896345652321, -0.45137719130305426, 0.37386373516653687, -0.08629200521528013], [-0.538383427562919, -0.07017948276914898, -0.3573471735905159, 0.33916329439946463, -0.6804466424276487, 0.6688378276924279, -0.5467574313552869, 0.2629973896001691, -0.020462816330104334, 0.42156309184803986, -0.01178127119013165], [-0.1849989484618022, -0.6764207840670716, -0.38803155246744186, -0.38593724918082917, 0.14183435741297035, -0.09128393734598438, 0.644493707126569, -0.08446844083850995, 0.7894605044843318, 0.30382065453851237, 0.02436246604457247]], "inverted": true, "swapped": true, "error_lsq": 0.04845673378063491, "error_max": 0.2434288840315286, "target": "39.xyz", "model": "4.xyz", "model_rescale": 3.7855080009869324, "target_rescale": 4.1432169893591135},
{"mapping": [11, 4, 13, 12, 2, 1, 0, 7, 6, 9, 14, 8, 5, 10, 16], "R": [[-0.8861000174267722, 0.25205077692104166, -0.3889693625078631], [-0.127190322645308, -0.939226568747822, -0.31886685996443026], [-0.4457009994846956, -0.23307479145478688, 0.8643070985747203]], "T": [0.04310089914476709, 0.046827891621972005, 0.09160607637015217], "aligned_model": [[0.050278327736783236, -0.6528127031894417, 0.44085252483711335, 0.4031893703973502, 0.2547297113952377, -0.2240892246802769, -0.4855881806342742, -0.5486005794911261, -0.266099374005479, 0.4109587174201037, 0.6705863428881024, 0.20316797542714618, -0.5772204835281419, -0.013869205624721652, 0.08737007050523349], [-0.04844239049884728, -0.05355387466656795, 0.35670982976712073, -0.3045032514583979, -0.5966410608043133, -0.5704843372603307, -0.505578583149725, 0.49777087357595995, 0.3629832782406914, -0.050635173589746764, -0.19444775202409328, 0.7310425134203061, 0.0024431117629811136, 0.4982677744793996, 0.024010408681144797], [-0.6978926799073774, -0.1378030405985628, -0.4286193243417896, -0.36661655923722514, 0.38647323403198075, -0.2557251614880216, 0.24590716798395235, 0.1805400916986619, -0.3885168564946963, 0.693349872102429, 0.16740502231451113, 0.052379091125376254, 0.6096163254337618, 0.6607464047624654, 0.11176432865272565]], "inverted": true, "swapped": false, "error_lsq": 0.03533868832869169, "error_max": 0.26993102685778536, "target": "39.xyz", "model": "5.xyz", "model_rescale": 4.2253639853439635, "target_rescale": 4.1432169893591135},
{"mapping": [13, 10, 0, 8, 2, 5, 1, 7, 4, 9, 3, 6, 12, 14], "R": [[0.40699011457558343, -0.5847109732841249, -0.7017635815279142], [-0.2168668448842276, 0.6844501436526271, -0.696058023762286], [0.8873149487232335, 0.43547798862288106, 0.15176001844114306]], "T": [-0.00767302861514018, -0.09197580768651106, -0.002060037635464612], "aligned_model": [[0.750386469621143, -0.12464336617148047, -0.5364678945202188, 0.14561804548633667, -0.21942307762325874, -0.4552829123515445, 0.0536476018738146, 0.6224045573173708, -0.16114914713312511, 0.34580186316957123, -0.7282178403842029, 0.10108898159367383, 0.6243962418514337, -0.04409736997172966], [0.09540633660657502, 0.10676938482403817, -0.572891484235388, -0.6883234404701662, -0.5128414351623657, 0.06853151846190361, -0.4117137645094018, -0.4596330015003536, 0.6536320263645675, 0.4935470475154916, 0.13756118839918352, 0.2493537868728581, 0.31645083840190436, -0.030749854933855833], [-0.3091739964117457, -0.6435221859026737, 0.14882759520263897, 0.05452690236256963, -0.5064057660206663, 0.4544421069783424, 0.635355702532848, 0.3045594159723668, -0.03238961178468738, -0.483868208196908, -0.051778881920739206, 0.6616027141561707, 0.2809417425581695, -0.041559320594236934]], "inverted": true, "swapped": true, "error_lsq": 0.04091055055594143, "error_max": 0.30570399888137284, "target": "39.xyz", "model": "6.xyz", "model_rescale": 3.89814844738969, "target_rescale": 4.1432169893591135},
{"mapping": [12, 13, 9, 1, 4, 11, 8, 6, 0, 2, 10, 3, 14], "R": [[-0.1891183761495503, 0.6916382537901443, -0.6970443068390112], [-0.9142113295626296, -0.3831041969673876, -0.1320939785353691], [-0.3584018480726442, 0.6122644037996112, 0.704755571200413]], "T": [-0.11283375781259256, 0.018852074664743784, 0.017541563659234958], "aligned_model": [[0.30815546861096144, 0.07189390400560994, 0.46190021929833147, -0.4143688868459602, 0.6304358056626528, -0.43196220534925034, -0.7061811907890719, 0.24752045043981527, -0.5935021542954207, -0.5490952888674194, 0.06721358742842998, 0.10962882052760686, -0.053006728922062415], [-0.28717032056170944, 0.28864493916820266, 0.4965493886265181, -0.6296809485577488, 0.07849200763713844, 0.46558705072927886, -0.06280637727000427, -0.6400000121115967, -0.11592649797476051, 0.5221702966771732, 0.6711183240237656, 0.11479749925503602, 0.06200591582919265], [-0.5952653066931679, -0.7552279723368197, -0.3584993358368832, -0.010259341359878629, 0.1737442481052038, -0.30094046820713327, -0.13608608786234946, -0.052043545722103124, 0.5508928595997294, 0.1983099715681673, 0.09992537573695433, 0.7356285351013025, 0.05209609874327388]], "inverted": true, "swapped": true, "error_lsq": 0.04320836917902348, "error_max": 0.25026220063925775, "target": "39.xyz", "model": "7.xyz", "model_rescale": 3.7474275329858107, "target_rescale": 4.1432169893591135},
{"mapping": [7, 9, 6, 10, 12, 11, 13, 8, 5, 1, 0, 3, 4, 2, 14], "R": [[0.6585814308665371, -0.3273911535162804, 0.6775585078183758], [0.10199126020227905, 0.930924587981235, 0.35068104359135077], [-0.7455657461016673, -0.1618469773929903, 0.6464806835077265]], "T": [0.005789942305094761, -0.04955200094789555, 0.08475649796905313], "aligned_model": [[-0.01726911350229278, -0.5775337151904935, 0.48087885318158374, 0.462723152623186, 0.09775894327590437, -0.23979810282459496, -0.47109651226311966, -0.47739135642893027, -0.14980808663283063, 0.45503105044957587, 0.6403874340545348, 0.2107223123963638, -0.5869426120540695, -0.062375659491053684, -0.012433298140154737], [-0.057325824554583626, -0.02564560419082948, 0.3389555494455351, -0.4170210405320659, -0.6414355087689358, -0.49658944015499307, -0.6127713667528911, 0.42469893732803865, 0.46298677055753257, -0.021691325014615098, 0.12738522474532257, 0.6369014923430545, 0.07078257577069937, 0.4128371943195721, -0.05312626806525914], [-0.5958942785204923, -0.4046333618446355, -0.45402964554916325, -0.3963275964923545, 0.23260180506145728, -0.2706643731491256, 0.5980547388818247, 0.16741359660323757, -0.39075872272974477, 0.6865937097958992, 0.0986301873222177, 0.05444375770956977, 0.581157096774436, 0.7848559042547025, 0.1415650979203629]], "inverted": true, "swapped": false, "error_lsq": 0.0452117640910071, "error_max": 0.4236747177702597, "target": "39.xyz", "model": "8.xyz", "model_rescale": 4.019505241142653, "target_rescale": 4.1432169893591135},
{"mapping": [5, 4, 6, 1, 0, 8, 12, 3, 2, 10, 9, 11, 14], "R": [[-0.479704296355634, 0.8084041611013832, -0.34112534407738593], [-0.05337659216020707, 0.3611716178369919, 0.9309704624091857], [0.8758051880796945, 0.4647986389642065, -0.13010571759039732]], "T": [0.08623081898311853, -0.04761184080527005, 0.017533983350243032], "aligned_model": [[-0.19196832222028093, -0.6505010881796541, -0.08937175032036525, 0.47852240659568673, 0.30886213751436603, 0.692619329054579, 0.027116993133280268, -0.4341633931780002, 0.30884242257158895, -0.22215277407881623, -0.3466206719120944, 0.4276299863892564, 0.0108854963716295], [-0.4964964835580189, 0.11420542035671093, 0.014916455627879813, -0.27784120098297993, -0.7413339666482782, -0.15809253209518837, 0.600424853741126, -0.5843450722106224, -0.27238976624080224, 0.08722178331989607, 0.6145821596611687, 0.20866524398077585, -0.046138666837608366], [-0.37695205333199994, -0.08945720871760413, -0.7132445500656983, -0.5350899019204991, 0.07097445515220238, 0.06670436070908206, -0.4546607790208791, 0.14183733837655954, 0.6309258088342912, 0.6103027851685967, 0.2896724019572619, 0.48723024030385137, 0.048460596598714475]], "inverted": false, "swapped": true, "error_lsq": 0.053407448107208814, "error_max": 0.34584895948845706, "target": "39.xyz", "model": "9.xyz", "model_rescale": 3.877068213659057, "target_rescale": 4.1432169893591135},
{"mapping": [8, 0, 9, 7, 4, 1, 5, 12, 11, 13, 2, 10, 3, 6, 15], "R": [[0.7504757552949161, -0.07971623703916536, -0.6560727568393928], [-0.40290528879914794, -0.8420808833065699, -0.3585625666843964], [-0.5238830680335075, 0.5334276966205848, -0.6640793804251545]], "T": [0.0511314869945954, 0.06386601405310881, 0.12501435178382642], "aligned_model": [[0.1596829744918717, -0.5862986878086589, 0.5084143282081983, 0.31860213596067954, 0.19978263641099958, -0.3341252531629698, -0.5931173073564453, -0.6426093833025904, -0.2686132462199858, 0.5431789591864272, 0.6857574081016604, 0.10341746642433855, -0.20097345967373376, -0.117063336296447, -0.02318194550973602], [-0.023730192546618636, 0.029826765252742624, 0.3429936736705384, -0.6030099866439702, -0.5593820457482755, -0.6257156569613321, -0.36935682347627247, 0.32719579343856053, 0.5219150279924251, 0.15305157977660538, -0.12000746477655279, 0.7688434211058112, -0.18690914083208726, 0.43000176797261724, 0.06322464825139033], [-0.6338442746806583, -0.35068527763077556, -0.26050537101614163, -0.26231292720997196, 0.3430862928398981, -0.23409701446281894, 0.2158818721789132, 0.21205599630897715, -0.3572819084903545, 0.714568179640011, 0.06340394688666498, 0.06599053150591783, 0.6506722826532179, 0.5918758796962644, 0.07419970781904803]], "inverted": true, "swapped": false, "error_lsq": 0.043388366753243805, "error_max": 0.2695788271185597, "target": "39.xyz", "model": "10.xyz", "model_rescale": 4.260839863003843, "target_rescale": 4.1432169893591135},
{"mapping": [12, 6, 3, 4, 10, 9, 13, 7, 0, 2, 11, 14], "R": [[-0.8943193333951215, 0.4399985424429703, -0.08120475702671343], [0.3496526393426628, 0.8005176688581757, 0.48673862970446713], [0.2791701304158734, 0.4069063092333839, -0.8697650796563693]], "T": [0.061001014055283576, -0.09691495685644556, 0.053955331294412746], "aligned_model": [[0.36619131363251645, 0.34174383353285415, -0.5027361797051276, -0.45552880151580055, -0.5086572453740037, -0.3584907033656868, 0.19673493553840965, 0.8076847595586755, 0.1205913685654998, -0.1361183876293831, 0.1050723932202137, -0.017588637364037527], [0.06308973302512479, -0.5561124974203333, -0.5719287681626638, -0.27649327691848513, 0.268552326070985, 0.41396439988933564, 0.609024772424938, 0.14789797863929188, -0.4962610236829384, 0.18741963583679744, 0.48436615031609065, -0.10044092448520842], [-0.6724545225455567, -0.4743479936565399, 0.229757143730743, -0.476473194344582, 0.13506347914232467, -0.45883079193056797, -0.3788386794339, -0.03939924333029814, 0.6627596384909679, 0.6511390168246118, 0.3049850057774106, 0.03281821867089195]], "inverted": false, "swapped": true, "error_lsq": 0.04787858561561676, "error_max": 0.26922222120690603, "target": "39.xyz", "model": "11.xyz", "model_rescale": 3.890672605050136, "target_rescale": 4.1432169893591135},
{"mapping": [10, 9, 13, 2, 11, 5, 4, 0, 3, 6, 7, 12, 1, 14], "R": [[-0.4555100628128032, -0.8668898472746388, 0.20251561759140882], [0.5751876002968438, -0.4602212703821795, -0.6762807159401865], [0.6794628813563214, -0.1915681992919661, 0.7082597107551716]], "T": [0.12328772077137114, -0.04991157154578207, 0.15908745392023016], "aligned_model": [[0.45771115709506605, 0.1763980752822878, 0.3708084232737664, 0.7315167680962404, 0.7262258089073493, -0.40182166298734684, -0.35531466665541434, 0.22075715872542948, -0.1144978288413676, -0.5725083909487146, 0.23970231887864593, -0.2354216984064353, -0.1411857532089172, 0.1075061255831044], [-0.29111373609434077, 0.21396628548989938, 0.633440261661343, -0.374563633424529, 0.12689567272710775, -0.38795770452794015, -0.18315708133948383, -0.550579679893545, -0.7576406645589648, 0.20460589023932174, 0.6183412541047874, 0.6394453305996679, 0.13228850755540375, -0.09181818271096279], [-0.38371810991291977, -0.6330415716279217, -0.26025611456096354, 0.19053642996310022, 0.06936137222807885, 0.3700290687504585, -0.41848611982683614, 0.6820617648093149, 0.02900446074077284, 0.30005534978325604, 0.5666053899008765, -0.04713696159232161, 0.7987344810433746, 0.09104099565859167]], "inverted": true, "swapped": true, "error_lsq": 0.040663414711979706, "error_max": 0.2408420644604043, "target": "39.xyz", "model": "12.xyz", "model_rescale": 4.124412569039231, "target_rescale": 4.1432169893591135},
{"mapping": [3, 10, 9, 0, 4, 5, 2, 1, 11, 8, 12, 13, 14], "R": [[0.2914946209408157, 0.2678776837705852, -0.9182986619288284], [-0.566879050274532, -0.7248822571047892, -0.391399866753313], [-0.7705056964892699, 0.6346552291381303, -0.05944503179587268]], "T": [0.09439997102452395, 0.04229943106841979, -0.05452218196073501], "aligned_model": [[-0.18000026965375476, 0.023029565368145696, 0.6396810377314001, -0.5558481553380119, 0.5603278362012805, 0.05253914543901546, -0.47258101248320233, 0.039195310193128316, -0.07496050200231873, -0.2521082759272152, 0.8546069980855792, 0.6239348475770453, 0.10948178231866568], [-0.2742475019509453, 0.5308008219145453, 0.5717129051104824, -0.2890994154321811, -0.07800163008572733, -0.5841087544607392, 0.42850399332020034, -0.4564893916492559, 0.6241877049538427, 0.12441696835618701, 0.0483301352888186, 0.6477062311184821, 0.053773310024767956], [0.5770208244356287, 0.4155076632741473, 0.29520708204159174, -0.08650896988329865, 0.5361086023358306, 0.14640535270338795, 0.021036893089895273, -0.5648686939754278, -0.24311957425192138, -0.5600115282069436, -0.31617615595987436, -0.293605170709431, 0.02470175607425447]], "inverted": true, "swapped": true, "error_lsq": 0.04160324351785422, "error_max": 0.25634314676761744, "target": "39.xyz", "model": "13.xyz", "model_rescale": 3.9028299243045295, "target_rescale": 4.1432169893591135},
{"mapping": [14, 7, 13, 11, 1, 9, 6, 4, 10, 2, 12, 5, 3, 0, 15], "R": [[0.7645389698592059, 0.5021587211790652, -0.40412471133355665], [0.6262498560476666, -0.7271230573132695, 0.2812528707830036], [-0.15261481372036423, -0.4681118223963265, -0.8703907400506333]], "T": [0.039917648105612165, 0.047287386408325714, 0.1577186709186113], "aligned_model": [[0.1494239583765083, -0.7806387019475614, 0.4373569828659727, 0.35934975902811256, 0.27553950466237687, -0.31997103885604405, -0.28273794954703946, -0.39063340125191015, -0.3014541023558705, 0.29279694442475157, 0.7134143054661253, 0.22130187798160011, -0.44812632865190183, -0.1363147308192098, -0.036453789922302075], [-0.11102618832029101, -0.0505659126065701, 0.43194978604060746, -0.4846073489762856, -0.545862304145934, -0.46454545665783537, -0.5161840785666548, 0.56890479785375, 0.36380760017947783, -0.12350898256792112, 0.047819121432660906, 0.5176057164616121, 0.018644168202442836, 0.506906234604317, -0.010395786457794633], [-0.7059918319991509, -0.21341467990893936, -0.4138827332868114, -0.24341448069024774, 0.2795978777216403, -0.2998321243156316, 0.3087204447876507, 0.20135745936215116, -0.424203045732436, 0.8278160007099269, -0.017330632830262704, 0.06826330091023534, 0.5446063652688873, 0.8247337174102307, 0.09598227863094916]], "inverted": false, "swapped": false, "error_lsq": 0.04496375106605188, "error_max": 0.2979563697461464, "target": "39.xyz", "model": "14.xyz", "model_rescale": 3.942246331269136, "target_rescale": 4.1432169893591135},
{"mapping": [2, 1, 9, 7, 8, 0, 12, 3, 5, 11, 6, 10, 13, 4, 14], "R": [[-0.17071569692137817, -0.9577653708865548, -0.23139067646555853], [-0.9788294612578696, 0.1379374097016537, 0.15121559700780535], [-0.1129116318112399, 0.2523068872134464, -0.9610370430250776]], "T": [-0.001958278149753266, 0.07181045341709977, 0.10274727778042822], "aligned_model": [[-0.010629998438410442, -0.7333618373637422, 0.5641309733296085, 0.5347894858654857, 0.2899357847372719, -0.10673917995434803, -0.712031556836719, -0.6228529920471018, -0.2644978555704976, 0.3829322931966743, 0.5389828625216916, 0.37288112959396297, -0.3105841817716256, -0.12051887363229408, -0.04958276417634683], [-0.13333307906093128, -0.04201762056085051, 0.3787818588079376, -0.3570454336391746, -0.6271497305979127, -0.5326657431376236, -0.24130522618278447, 0.43367177859398853, 0.30113856122251104, -0.012567509283912703, -0.06540662366829389, 0.6575745919997682, -0.09529556890696642, 0.47898822587937806, 0.0055728850104492245], [-0.6324321907775267, -0.22700026038202417, -0.38044401121831983, -0.40613775254651774, 0.2611563794785208, -0.30265002522491835, 0.3593223510946413, 0.09304851001320463, -0.4275933179193928, 0.7017887055261205, 0.13940168302234054, 0.26204670777315076, 0.8360654048043877, 0.5074862353000711, 0.048949497094453835]], "inverted": true, "swapped": false, "error_lsq": 0.04695012552015046, "error_max": 0.3035521358865233, "target": "39.xyz", "model": "15.xyz", "model_rescale": 4.355366556412066, "target_rescale": 4.1432169893591135},
{"mapping": [6, 1, 5, 9, 4, 12, 10, 13, 0, 7, 11, 14], "R": [[0.25742035254458917, -0.4638033703109041, 0.8477152799047956], [-0.6428239853996536, -0.7371958801625139, -0.20813351019555276], [0.721465235399964, -0.4913539131417014, -0.48791315431089977]], "T": [0.08528828372574329, 0.022950350302246746, -0.16520789215624462], "aligned_model": [[-0.16441376294162968, 0.4787320488245903, 0.09946151376552215, -0.6308770695069271, -0.6040840765116928, -0.40265737934505086, -0.18004263457709221, -0.30882009591108195, 0.6877447676118277, 0.34907036285837545, 0.2455388576157762, 0.028156022749163498], [-0.6304945750726358, -0.4756064550167027, -0.5749764947844533, 0.4501910421039251, -0.16172717394452374, -0.12882808524296765, 0.5343393553723379, 0.5042950312989332, -0.17720356072552107, 0.019710625779428934, 0.6186472669857498, 0.03442945098741032], [0.11664656052156888, 0.16484440998110414, -0.44232524144665, -0.09817652335154939, -0.431789596705732, 0.4555063995189146, -0.5295376718335018, 0.3978828089901989, -0.5266709923828441, 0.5808441065019297, -0.015839734539063427, -0.22212606404495464]], "inverted": true, "swapped": true, "error_lsq": 0.05041845762808697, "error_max": 0.2528561284859879, "target": "39.xyz", "model": "16.xyz", "model_rescale": 3.795458400668931, "target_rescale": 4.1432169893591135},
{"mapping": [12, 13, 9, 1, 4, 11, 8, 6, 0, 2, 10, 3, 14], "R": [[-0.1891183761495503, 0.6916382537901443, -0.6970443068390112], [-0.9142113295626296, -0.3831041969673876, -0.1320939785353691], [-0.3584018480726442, 0.6122644037996112, 0.704755571200413]], "T": [-0.11283375781259256, 0.018852074664743784, 0.017541563659234958], "aligned_model": [[0.30815546861096144, 0.07189390400560994, 0.46190021929833147, -0.4143688868459602, 0.6304358056626528, -0.43196220534925034, -0.7061811907890719, 0.24752045043981527, -0.5935021542954207, -0.5490952888674194, 0.06721358742842998, 0.10962882052760686, -0.053006728922062415], [-0.28717032056170944, 0.28864493916820266, 0.4965493886265181, -0.6296809485577488, 0.07849200763713844, 0.46558705072927886, -0.06280637727000427, -0.6400000121115967, -0.11592649797476051, 0.5221702966771732, 0.6711183240237656, 0.11479749925503602, 0.06200591582919265], [-0.5952653066931679, -0.7552279723368197, -0.3584993358368832, -0.010259341359878629, 0.1737442481052038, -0.30094046820713327, -0.13608608786234946, -0.052043545722103124, 0.5508928595997294, 0.1983099715681673, 0.09992537573695433, 0.7356285351013025, 0.05209609874327388]], "inverted": true, "swapped": true, "error_lsq": 0.04320836917902348, "error_max": 0.25026220063925775, "target": "39.xyz", "model": "17.xyz", "model_rescale": 3.7474275329858107, "target_rescale": 4.1432169893591135},
{"mapping": [12, 5, 4, 1, 13, 11, 9, 3, 7, 10, 8, 0, 2, 14], "R": [[0.3359791811328106, -0.5736077151720363, 0.7470556732536353], [0.44446833347551407, -0.6027357882573663, -0.6626895729459388], [0.8304010418965198, 0.5546924901680998, 0.05244378865306332]], "T": [0.013981232646008413, -7.552471194905569e-05, -0.02171541836671482], "aligned_model": [[0.4036537832126264, 0.07500916601647827, 0.7456548105428885, -0.40098196664262814, 0.2878105944148069, -0.19847539618887963, 0.6873237325258289, 0.21066497238275966, -0.3650706751720793, 0.30746432492005127, -0.5748574153502561, -0.5119032184929027, -0.33025069303633847, 0.07880562875052093], [-0.6205169868157214, 0.44015109126937557, 0.18963874659057067, -0.09650958036411778, -0.7383461105979128, -0.2902668220584304, -0.3099696649612296, 0.7317944390734725, -0.6562588258346534, 0.14627759277304864, -0.18331370279071857, 0.5002085411180279, 0.20707409290615678, 0.040445431203365446], [-0.352806932805524, -0.5085290744333836, -0.11694206848889549, -0.5968653316221818, 0.26821436139081134, 0.5012540848519231, 0.3662228834296361, -0.026803094487793746, -0.2495930001854469, 0.5758662401749195, 0.02326847902445358, -0.10437359054874268, 0.5394654710510205, 0.006416291310858753]], "inverted": false, "swapped": true, "error_lsq": 0.03659240889630131, "error_max": 0.2105623932283304, "target": "39.xyz", "model": "18.xyz", "model_rescale": 3.922800546911778, "target_rescale": 4.1432169893591135},
{"mapping": [11, 10, 7, 13, 8, 4, 6, 2, 9, 5, 12, 3, 1, 0, 14], "R": [[-0.48312451593104677, 0.4793681711149582, 0.7326642195632951], [0.32515674550551077, 0.8751907898116, -0.358209676420407], [-0.8129352944476311, 0.06517083665911001, -0.5786959210937082]], "T": [-0.0013070812492887648, -0.05706893184003951, 0.10960507183993301], "aligned_model": [[-0.044209529303649596, -0.6771025098066967, 0.42182462300255036, 0.3960489958899644, 0.16800540677021716, -0.26194624548126516, -0.492844592509519, -0.5204561921111506, -0.2903650553459492, 0.39629352852481525, 0.7735489204819987, 0.27028709849437627, -0.45935693649326353, 0.034334197191860295, 0.03879158014932068], [-0.09287333636001732, -0.07479457475048848, 0.34775806446491225, -0.41788337722396124, -0.587809242949443, -0.5851190408327134, -0.5261707303269365, 0.4364752200495483, 0.55995882464502, -0.003338721287635363, 0.0702748337305596, 0.5204605795313848, -0.0672380293067033, 0.5658901056699375, 0.0033507914221179644], [-0.6004097430313609, -0.33038014107935, -0.4337968815778848, -0.3190379390478945, 0.3626636768818425, -0.311224403783445, 0.2283575437871288, 0.10437691588280645, -0.3358895086581156, 0.7588820079519207, 0.15427929838966514, 0.15256445509382927, 0.6910428961199957, 0.6655676358067906, 0.046012103302262866]], "inverted": false, "swapped": false, "error_lsq": 0.025857879242125528, "error_max": 0.1404986746096161, "target": "39.xyz", "model": "19.xyz", "model_rescale": 3.9282355846067225, "target_rescale": 4.1432169893591135},
{"mapping": [2, 0, 5, 8, 11, 1, 7, 6, 13, 9, 3, 10, 4, 14], "R": [[0.5001864477799957, 0.8385579105315975, -0.21594941107146143], [0.2568680755834613, -0.3818510478936449, -0.88781111108646], [-0.8269415391690509, 0.38860057630863937, -0.406395475970531]], "T": [-0.01859746244207111, -0.11670120229983857, 0.0200012970690297], "aligned_model": [[-0.6406196573163727, -0.1261263788557203, 0.4951051238875486, -0.3626231508290778, -0.6145392813147983, 0.27099787796191477, -0.0921769295478349, 0.6920366224014547, -0.2440863712696486, -0.0798180305242869, 0.18157225077216632, -0.37831621298117024, 0.437747860242067, -0.006630903541565564], [-0.4078163681757422, -0.775244286548875, -0.5273831175207859, -0.15452433868267362, 0.10147922720114827, -0.20119944608022594, 0.34936422371473297, 0.04090928629347265, 0.6829324984561704, 0.43080579014045606, -0.7291273778458802, -0.12122881685458989, -0.03606043152982677, -0.1300247551425453], [0.08834544580750162, -0.27736970727435484, -0.024286795140390643, -0.49239158967727, 0.010174894385496125, -0.6290641789697802, -0.6152578205221013, -0.17733457510415837, 0.13758510187376097, 0.6496113045963541, 0.4190129350373981, 0.5989981194184406, 0.6246928356039163, 0.09946718720887031]], "inverted": true, "swapped": true, "error_lsq": 0.03542531693591974, "error_max": 0.17737383161523082, "target": "39.xyz", "model": "20.xyz", "model_rescale": 4.067790424073018, "target_rescale": 4.1432169893591135},
{"mapping": [12, 10, 0, 3, 6, 11, 13, 1, 9, 4, 2, 7, 5, 8, 14], "R": [[0.11708314198843778, 0.6294458876023586, 0.7681727751245774], [-0.29326604442538823, -0.717085861432525, 0.6322838717859725], [0.9488343190721981, -0.29930877353337426, 0.10063643990496568]], "T": [0.0149493196675691, -0.02047071329329852, 0.09625207758589621], "aligned_model": [[-0.022829382536376383, -0.7188097265049279, 0.5652212175492765, 0.5415050831316086, 0.25287830531041583, -0.167037163954729, -0.6109407247448038, -0.6010663509041982, -0.4083285474003173, 0.393319395222804, 0.7380901394601704, -0.009789483688343897, -0.23020389893845594, 0.07691450598102634, -0.046070078529540676], [-0.0523520829466542, -0.06450483486690217, 0.37401259593478586, -0.46990253770264145, -0.6583669537368387, -0.5316430424784163, -0.3086454236368862, 0.5097065114924128, 0.3967270626858591, -0.04109106541117404, -0.14595886137485548, 0.7163352957483374, 0.021059124749563125, 0.4258401407659834, -0.02227456274699141], [-0.6683198384733449, -0.26561181927442507, -0.11832142185679453, -0.39821235978216357, 0.38614013686798326, -0.2553386271168884, 0.22010882427764994, 0.20913212545688242, -0.40457899417123394, 0.8025688491120575, 0.2188979539115102, -0.018503549105958833, 0.6316409949320867, 0.4457300224680681, 0.047675618792762504]], "inverted": true, "swapped": false, "error_lsq": 0.04622841930056849, "error_max": 0.2871885372137586, "target": "39.xyz", "model": "21.xyz", "model_rescale": 4.186013935880536, "target_rescale": 4.1432169893591135},
{"mapping": [10, 9, 11, 0, 5, 2, 3, 4, 7, 12, 6, 1, 14], "R": [[0.05463039468412795, -0.7228458003340649, 0.6888464770295788], [0.6556224825726883, -0.49436248244997655, -0.5707581767185838], [0.7531100054586195, 0.482803981844912, 0.44690674059899377]], "T": [0.07076317581783018, -0.02742829041452391, -0.006233274957593401], "aligned_model": [[-0.01694024764998199, -0.4422801691232252, 0.4401647996075768, 0.5409416376637485, -0.14411675694463286, 0.5755128428606955, -0.119781307942744, -0.6536453071639112, 0.35943057785265486, -0.40210358838250115, -0.3773637051787838, 0.2805727991185343, 0.01818246070579589], [-0.33535889074878433, 0.12705967446326574, 0.14416183041127392, -0.45091298343251074, -0.34115207405692816, -0.33604401672003403, -0.7496043466830952, -0.24479027279784768, 0.6916148216934355, 0.6222872300869419, 0.2338930939877226, 0.23621987963314442, -0.07841728629049073], [-0.6080158386494056, -0.6487600224362456, -0.49300342632757516, 0.35882001525794227, 0.5322046693553323, -0.36164104144986353, 0.12221346605677103, -0.0978409308616923, 0.15449382207629392, 0.019856210092178143, 0.5411941153734996, 0.6252419588972982, -0.04188343604918757]], "inverted": true, "swapped": true, "error_lsq": 0.04440476969507336, "error_max": 0.2518865368020934, "target": "39.xyz", "model": "22.xyz", "model_rescale": 4.166573947596378, "target_rescale": 4.1432169893591135},
{"mapping": [1, 4, 5, 6, 12, 2, 3, 8, 0, 14, 13, 7, 9, 10, 15], "R": [[0.03259769959079744, 0.9752736201724227, 0.21858352128457714], [-0.8898396346772931, -0.07126522797792484, 0.450673597893904], [0.45510747581068145, -0.20919520328399369, 0.8655140393917355]], "T": [-0.07943346714918481, -0.0951445781043065, 0.14237424118347075], "aligned_model": [[0.028051230022605456, -0.6548835099924575, 0.5161705969548946, 0.3702207722024102, 0.2826563133117235, -0.25478405766990125, -0.6153326276079492, -0.6981757251913818, -0.23344250242543574, 0.4175093497972303, 0.6560562513495811, 0.09970440586073442, -0.34935654570552854, 0.24157888839861247, -0.0531195498515297], [-0.0843564355776479, 0.02201138468585863, 0.2886367715330941, -0.5098645814739391, -0.5918310781681263, -0.5414324381407407, -0.3675507204700913, 0.41663842749811947, 0.43742292756788465, -0.09037392884792957, 0.3006626734110524, 0.5851610000870057, -0.09999372587216813, 0.4687156183919952, -0.08490452814878462], [-0.5622034456061794, -0.2991970916031798, -0.29240116715345954, -0.3103133064750597, 0.3694752468380946, -0.3297365038512381, 0.14817384781217147, 0.23889011299001206, -0.45713291623284713, 0.7580063072840599, 0.2809550209698748, 0.013985805623712044, 0.6786271513953273, 0.516478477322124, 0.07940037672477912]], "inverted": false, "swapped": false, "error_lsq": 0.039437953954533186, "error_max": 0.30597160351584074, "target": "39.xyz", "model": "23.xyz", "model_rescale": 4.274766983524099, "target_rescale": 4.1432169893591135},
{"mapping": [11, 10, 9, 12, 4, 6, 1, 5, 0, 3, 14], "R": [[0.34459420589693923, 0.40596183177682843, -0.8464335912537144], [0.9009445272255404, -0.3963273543056266, 0.17670197251714503], [-0.26373052937535585, -0.8234801875998623, -0.5023212005339713]], "T": [0.05059015123389235, 0.000561831464657131, -0.05439441804945495], "aligned_model": [[0.3177926625581311, 0.17838370964887662, -0.41834297642356955, -0.6872724625485422, -0.4531546719262983, -0.5088854133138669, 0.04774235229160509, -0.015819954109425438, 0.6409327540164264, 0.24435286185543412, 0.034165841909304294], [-0.010503951696869285, 0.5925321702403384, 0.49305327340082505, -0.24345359807727243, 0.5328419382954899, -0.2835727228031715, -0.6337057574658995, 0.009163917782410866, -0.1307700506974713, 0.5102392337170084, 0.07976207854809497], [-0.6300039001406645, -0.3672767018418159, -0.5417080005719495, -0.2603777397615924, 0.15375188922796376, 0.36398096703833815, 0.27724985258484997, 0.6013701127252029, 0.3553842099550034, 0.47194100677231104, -0.044745261966069774]], "inverted": false, "swapped": true, "error_lsq": 0.045182331499660694, "error_max": 0.26598514939506135, "target": "39.xyz", "model": "24.xyz", "model_rescale": 3.7841303162186577, "target_rescale": 4.1432169893591135},
{"mapping": [7, 1, 11, 10, 9, 0, 8, 4, 6, 12, 13, 3, 2, 5, 15], "R": [[-0.12156418705766353, -0.7755312009533959, -0.6194945558863236], [-0.5337465224224625, 0.5772819169043923, -0.6179484106437351], [0.83686127776767, 0.2555326686804921, -0.48411388847056297]], "T": [0.01065448851794018, -0.09355434338073938, 0.015201019769752779], "aligned_model": [[0.04843954426705466, -0.7192725610501727, 0.5267519809773902, 0.4325133745578056, 0.16825206840661155, -0.41350214062764257, -0.4718740051479118, -0.49197753231787256, -0.14226625893610234, 0.3693426990610039, 0.6947315271009131, 0.15901726706724448, -0.3374490491639517, -0.07473820996795458, 0.00488458522719332], [-0.17018067060302977, -0.12203537135897292, 0.24222167250368537, -0.6597036805487234, -0.47565383480879725, -0.43069473437928124, -0.4061226853397237, 0.42121800445035423, 0.5106896575130272, 0.04573835250089171, 0.25459918114246943, 0.6860700762682097, -0.14021402793338822, 0.42260102788380965, -0.02959160081494895], [-0.6293967273863462, -0.12419671033119534, -0.44341146871757187, -0.311548293268018, 0.42908951923522115, -0.4825513886230145, 0.1527694320032243, 0.21287454960449306, -0.3502177600227199, 0.6687392504185634, 0.16628949026521397, 0.15367895252916583, 0.6826138071944626, 0.7192112932769906, -0.010936030140277775]], "inverted": true, "swapped": false, "error_lsq": 0.041717035535627174, "error_max": 0.33881650798809976, "target": "39.xyz", "model": "25.xyz", "model_rescale": 4.19342608120988, "target_rescale": 4.1432169893591135},
{"mapping": [6, 1, 5, 9, 4, 12, 10, 13, 0, 7, 11, 14], "R": [[0.25742035254458917, -0.4638033703109041, 0.8477152799047956], [-0.6428239853996536, -0.7371958801625139, -0.20813351019555276], [0.721465235399964, -0.4913539131417014, -0.48791315431089977]], "T": [0.08528828372574329, 0.022950350302246746, -0.16520789215624462], "aligned_model": [[-0.16441376294162968, 0.4787320488245903, 0.09946151376552215, -0.6308770695069271, -0.6040840765116928, -0.40265737934505086, -0.18004263457709221, -0.30882009591108195, 0.6877447676118277, 0.34907036285837545, 0.2455388576157762, 0.028156022749163498], [-0.6304945750726358, -0.4756064550167027, -0.5749764947844533, 0.4501910421039251, -0.16172717394452374, -0.12882808524296765, 0.5343393553723379, 0.5042950312989332, -0.17720356072552107, 0.019710625779428934, 0.6186472669857498, 0.03442945098741032], [0.11664656052156888, 0.16484440998110414, -0.44232524144665, -0.09817652335154939, -0.431789596705732, 0.4555063995189146, -0.5295376718335018, 0.3978828089901989, -0.5266709923828441, 0.5808441065019297, -0.015839734539063427, -0.22212606404495464]], "inverted": true, "swapped": true, "error_lsq": 0.05041845762808697, "error_max": 0.2528561284859879, "target": "39.xyz", "model": "26.xyz", "model_rescale": 3.795458400668931, "target_rescale": 4.1432169893591135},
