[{"mapping": [5, 1, 6, 12, 2, 8, 11, 4, 10, 9, 13], "R": [[-0.7345999550109302, 0.6366826627145532, -0.23451672242432073], [0.6681856033787659, 0.7388848747810968, -0.08704677625896143], [0.11785968579329395, -0.22064525559918488, -0.9682069849191733]], "T": [0.14202658015332859, 0.06247397310942608, -0.12414654993159212], "aligned_model": [[-0.2733706179153602, 0.5064049202829025, -0.5448421204779138, 0.6496408342903428, 0.14012507599456536, -0.5028712755481102, -0.11480189787266804, -0.4251451611458912, 0.4284792775492791, 0.5314051280051837, 0.10515999498591906], [-0.17848168625468297, 0.1370329303326659, 0.39807664367342316, -0.21573542828317177, 0.7643648887409386, -0.2275236262275876, -0.5852578641815358, 0.38520951499257755, -0.7941437690827639, 0.00412096374827544, -0.019742715916276868], [-0.7087718987650886, -0.5654100772768412, -0.11280989296777337, -0.11728317267976118, 0.1898658260117692, 0.20840010801756714, -0.0848471774454324, 0.5741100021236534, 0.32259702367385334, 0.493690357783951, 0.011577925381979146]], "inverted": true, "swapped": false, "error_lsq": 0.05064913504721194, "error_max": 0.28808187291176485, "target": "391.xyz", "model": "0.xyz", "model_rescale": 3.8414455957264533, "target_rescale": 3.6007787744972712},
{"mapping": [3, 7, 6, 0, 9, 10, 1, 8, 11, 13, 14], "R": [[-0.7125212203792901, 0.30000596591595874, 0.6342790639174841], [0.5652396491469589, -0.2901653950626517, 0.7722099342409149], [0.41571342237343034, 0.9087356402843282, 0.03717373448554834]], "T": [0.0019448021446764122, 0.04011116914180156, -0.07296164210977522], "aligned_model": [[-0.2803689576755949, 0.49112818362822735, -0.5684407452619394, 0.6572305516501745, 0.2540147701914821, -0.6260535020957714, 0.042465719455875524, -0.19494540442255268, 0.254006528469348, 0.4998678710921316, -0.02872085688313187], [-0.490233518066299, 0.3719312746273915, 0.5709050182848046, -0.22218133157156728, 0.646412929967752, -0.13368260197772025, -0.8072754522061311, 0.3024548899775127, -0.6198224752236602, 0.09367823967778659, -0.04426712194800776], [-0.5753661960365285, -0.32505297280357814, -0.12723309690189238, -0.23825108542577134, 0.11242602204745926, 0.1363112787413639, -0.24264328634254478, 0.6458654693687496, 0.4037121176953145, 0.49629241980236455, -0.07494164628706025]], "inverted": false, "swapped": false, "error_lsq": 0.0447390183643154, "error_max": 0.22912298537095974, "target": "391.xyz", "model": "1.xyz", "model_rescale": 4.316132596720782, "target_rescale": 3.6007787744972712},
{"mapping": [4, 3, 5, 6, 7, 0, 2, 9, 8, 10, 11], "R": [[0.22309823191147354, 0.8480049808765348, -0.4807439352987846], [-0.39016192846523545, 0.5296280493053465, 0.7531718256581974], [0.8933089322816955, 0.019536678264259755, 0.4490183400576595]], "T": [0.010845846691182673, -0.03135250191720772, 0.11361678060069065], "aligned_model": [[-0.10453106106111333, 0.2526230839432013, -0.4039654669139609, 0.6454586933289852, 0.2590495624149441, -0.6621841656806613, -0.1906718193685435, -0.30894479160341565, 0.4020423450241884, 0.5563988476295656, 0.05490893043505915], [-0.283374818205552, 0.36673813805870387, 0.4017734619502125, -0.2859482842685894, 0.8241760859025877, -0.20440242254852936, -0.8365274082567974, 0.3834564557292473, -0.6276942536384362, 0.001342299325330698, -0.07161940250631604], [-0.6057597914302025, -0.3490760102978293, -0.12322357796619642, -0.34304883611537296, 0.1968446046966107, -0.031291417934429286, 0.004945707118022627, 0.6386110487097886, 0.39357736828928425, 0.42752563955201894, 0.002014289236182104]], "inverted": false, "swapped": false, "error_lsq": 0.037436200317038, "error_max": 0.2116805721703101, "target": "391.xyz", "model": "2.xyz", "model_rescale": 3.795458400668931, "target_rescale": 3.6007787744972712},
{"mapping": [4, 9, 7, 5, 8, 0, 10, 1, 2, 6, 11], "R": [[0.10078431582232172, -0.25132415610662584, -0.9626415169945244], [-0.7434619074319053, 0.6239475965281408, -0.24073593205932076], [0.6611406158162876, 0.7399497046043395, -0.12396580485767525]], "T": [0.0551250225124313, -0.052251487260204246, 0.04571210508336671], "aligned_model": [[-0.20587875550164497, 0.3960642945373214, -0.37823980470027535, 0.542030721929414, 0.3544919272013763, -0.7003303207479696, 0.10125904372423726, -0.21087843657556715, 0.18120327726922392, 0.4926138589853567, -0.07215164797322364], [-0.321751620139484, 0.4838323217722065, 0.4989724140918913, -0.24647340670314483, 0.6243236427198674, -0.24994343318771167, -0.7694569537558941, 0.15606662008651995, -0.5320795985258941, 0.07119093017322939, -0.04676106498972395], [-0.4740969363578397, -0.5466806744908893, -0.2570244697288753, -0.4222892853337805, 0.29708530751501977, 0.094835043009007, -0.10428358257361792, 0.5768566879083729, 0.6301730265585844, 0.4207611474240448, -0.004217240072149353]], "inverted": true, "swapped": false, "error_lsq": 0.05314936379117575, "error_max": 0.30545863653813665, "target": "391.xyz", "model": "3.xyz", "model_rescale": 3.7530521520055578, "target_rescale": 3.6007787744972712},
{"mapping": [1, 7, 5, 0, 8, 3, 2, 9, 4, 6, 10], "R": [[0.5655400511508988, 0.7382929229767399, -0.36754320892474734], [0.489525105101735, -0.6591652218161346, -0.5708470739376892], [-0.6637240556280707, 0.14291525541574573, -0.734197253978846]], "T": [-0.027415434930417218, -0.03253083806270488, 0.046006454351802194], "aligned_model": [[-0.23384650301633453, 0.2542766469874116, -0.43983085749129863, 0.6969106736807501, 0.3526605404793272, -0.7379110239486357, -0.1620165950226613, -0.25587825114956236, 0.35917367088637814, 0.6169788311461892, 0.04966702559668483], [-0.3167744296045501, 0.37107109666526933, 0.4707636129635219, -0.31310862673567036, 0.7741821440341718, -0.29468838765858124, -0.6916744485090552, 0.1939387081530587, -0.5212784239854871, 0.06878666055510127, -0.0732980543359171], [-0.6621726653672503, -0.2959087249281506, -0.26086152506320515, -0.23120858610870462, 0.2610318237545678, 0.1268719121817151, -0.047632274476508286, 0.486324583759676, 0.4350894338433159, 0.39360728427218844, 0.00597776199023195]], "inverted": true, "swapped": false, "error_lsq": 0.0412293180048189, "error_max": 0.22630469162320982, "target": "391.xyz", "model": "4.xyz", "model_rescale": 3.7855080009869324, "target_rescale": 3.6007787744972712},
{"mapping": [12, 9, 8, 2, 10, 6, 1, 7, 0, 5, 16], "R": [[-0.3279932444826312, 0.3453711461625881, 0.8792833462383429], [-0.592743441785039, -0.7999900847271839, 0.0931186155342726], [0.7355784416325588, -0.49064716012276455, 0.4671078253132602]], "T": [-0.041590681436081356, -0.011682124630940045, -0.09533439332362001], "aligned_model": [[-0.20926909143697428, 0.523242906757019, -0.4535081833501271, 0.5717164065770309, 0.17211572265566139, -0.6270465237087754, 0.009671110872744054, -0.2431665871475582, 0.3779765582452598, 0.3889723746517785, -0.010520535967809708], [-0.43161309843766055, 0.33594714008355564, 0.5588495413974407, -0.30714439734217736, 0.6340615699540942, -0.10354551275067281, -0.7649834579152442, 0.22494840099573388, -0.5219658970809379, 0.04980654311745907, -0.006440980479728879], [-0.6038687491615171, -0.3542377173888178, -0.10662437292469437, -0.38228761037455095, 0.16602537371815587, 0.17830705591040305, -0.04044114318531429, 0.5863859455648062, 0.31945192067539874, 0.5872620050628007, -0.13885368403879392]], "inverted": true, "swapped": false, "error_lsq": 0.041747307370217174, "error_max": 0.19731754687657654, "target": "391.xyz", "model": "5.xyz", "model_rescale": 4.2253639853439635, "target_rescale": 3.6007787744972712},
{"mapping": [11, 7, 9, 6, 0, 8, 5, 1, 2, 4, 13], "R": [[-0.1826994544859877, 0.9704198465378019, -0.15781708011515033], [-0.8034290355877355, -0.05484342473112411, 0.5928692803125518], [0.5666768868633025, 0.23511171857079086, 0.789683345199584]], "T": [0.024368806308848787, -0.0374673728732971, 0.030217826685793717], "aligned_model": [[-0.16526620236154377, 0.543246404493108, -0.4080926884878561, 0.4590422125560428, 0.1993866949780816, -0.6930146753238937, -0.07396269860891162, -0.24371296771220652, 0.400250073654605, 0.3970370748893715, 0.08527093007145178], [-0.3644598929660093, 0.34040622589030095, 0.38745979259413527, -0.3036678534866478, 0.743880938515928, -0.21022206033651486, -0.6590750684066999, 0.24505970373505565, -0.5304720956921968, 0.05422824618602562, -0.035218084491514846], [-0.6499793830285552, -0.4360104408901798, -0.040566260872046886, -0.3621013063497902, 0.07410637031132646, 0.06738816215188437, -0.03816385540046162, 0.6523242447358959, 0.28679379628162466, 0.6248787277420587, 0.03244896917611994]], "inverted": true, "swapped": false, "error_lsq": 0.03840256728237308, "error_max": 0.1786315235446917, "target": "391.xyz", "model": "6.xyz", "model_rescale": 3.89814844738969, "target_rescale": 3.6007787744972712},
{"mapping": [4, 7, 11, 0, 8, 10, 2, 9, 1, 6, 12], "R": [[-0.27888462491051585, -0.7656872001309575, -0.579608900504587], [-0.4627693699350973, -0.4217016753976715, 0.7797513752579539], [-0.8414676917377126, 0.4856859155075555, -0.23673046960455613]], "T": [0.1272905650435016, 0.001683185708625634, -0.03300313879607845], "aligned_model": [[-0.19486509574600747, 0.3869105864037939, -0.4173936594513639, 0.6271051959079903, 0.16956539485899025, -0.5362777743690113, -0.12194243350232367, -0.33047691971393, 0.42309247007080436, 0.5134337108197251, -0.018967317130418743], [-0.1979179595843914, 0.2621022434527361, 0.5694545016586918, -0.30512207522433715, 0.6488544644871568, -0.25985826828217434, -0.656200159296179, 0.253906467817932, -0.6939819560302283, 0.12752085939132757, -0.08083826684867237], [-0.5544155488931767, -0.5771116191733898, -0.22351612416391894, -0.11706415298196848, 0.15952983760787767, 0.1407115405658708, -0.11436812710255098, 0.6914126429863713, 0.34560992963331355, 0.5077687187186655, -0.047438073339217346]], "inverted": false, "swapped": false, "error_lsq": 0.036725530539410495, "error_max": 0.18436844202378508, "target": "391.xyz", "model": "7.xyz", "model_rescale": 3.7474275329858107, "target_rescale": 3.6007787744972712},
{"mapping": [13, 11, 12, 9, 10, 1, 4, 0, 8, 5, 14], "R": [[-0.30213904698028493, -0.5205404095883379, 0.7985923104284505], [-0.7886365414654828, 0.6071038483938707, 0.09735154200480889], [-0.5355038765081044, -0.6003853756138283, -0.5939469664825601]], "T": [0.024467679072214085, 5.0672191987712056e-05, 0.11480421412292502], "aligned_model": [[-0.28754127358739806, 0.33863140118069424, -0.2840566616973534, 0.733196726771672, 0.10106538775003433, -0.6962142800682908, -0.053339594011746386, -0.2705975328757451, 0.31546963904296565, 0.6175157021041497, -0.013945356460733648], [-0.30240447450861313, 0.2682650163264069, 0.2854356042970843, -0.12232060206551526, 0.7545985621076394, -0.05402958643751136, -0.7232962376523583, 0.31444735125717094, -0.6068279636882166, -0.10457249296425278, -0.04137532512997198], [-0.672141226417357, -0.3497839657755265, -0.3368713226060734, -0.1363309054283094, 0.12212763800849562, 0.32094654225041747, -0.17319078951324768, 0.613105816084881, 0.2253777030879025, 0.5025792774166988, 0.09530025674999482]], "inverted": false, "swapped": false, "error_lsq": 0.051583327955854824, "error_max": 0.2620818724411902, "target": "391.xyz", "model": "8.xyz", "model_rescale": 4.019505241142653, "target_rescale": 3.6007787744972712},
{"mapping": [5, 6, 11, 2, 10, 8, 4, 9, 0, 1, 12], "R": [[0.4604581556713813, -0.24631377160730916, 0.8528234358835902], [0.14366583257401022, -0.9273870516195384, -0.3454176964766515], [0.8759785473552, 0.28157198441074, -0.391636058309844]], "T": [0.08338450963758703, -0.06497903917307249, 0.020770297837266742], "aligned_model": [[-0.1343508566790466, 0.29656658022301186, -0.41777944137473366, 0.6019464983344008, 0.39388559452892, -0.5535441333961836, -0.19906366952611115, -0.31057625441796977, 0.287892346238687, 0.47764539297178266, 0.05756210124549137], [-0.21901139315330168, 0.42719564435797586, 0.24620479074170018, -0.22284936794349733, 0.7748054388695921, -0.17736006089330741, -0.8404030946880283, 0.25523916419838066, -0.6191533400210658, 0.11075805819673959, -0.06750598812332562], [-0.5951761798085008, -0.46951464343558175, -0.177342907674843, -0.21617396858287996, 0.21190078974712145, 0.21526796113011293, -0.06007048060388181, 0.47858606869358306, 0.2922725393003259, 0.5403664204663038, -0.008996575373883656]], "inverted": true, "swapped": false, "error_lsq": 0.040148626175757936, "error_max": 0.2042379304389794, "target": "391.xyz", "model": "9.xyz", "model_rescale": 3.877068213659057, "target_rescale": 3.6007787744972712},
{"mapping": [11, 9, 6, 8, 13, 12, 0, 3, 1, 4, 15], "R": [[0.9904598276183288, 0.136538360440564, 0.018617357558829206], [0.013685533548146618, 0.03697066435160556, -0.9992226359270009], [-0.13712051650199258, 0.9899446682040385, 0.034749357528208]], "T": [0.09523458670869009, 0.0947628307139457, 0.010799939110087772], "aligned_model": [[-0.15247143623286158, 0.4559602598127672, -0.4305704418642824, 0.5669000959432938, 0.13291520328039275, -0.5814302138672917, -0.12806110203371118, -0.19672340318388956, 0.3414624476723828, 0.4268618181110778, 0.06534093051037083], [-0.295953378580492, 0.22701172573132342, 0.4166837539928451, -0.3745295891011423, 0.8482257751400692, -0.22156156599928517, -0.6603566827713836, 0.20239227451125263, -0.6252144128519563, 0.14028328863241857, 0.010938662838211932], [-0.5642112314394667, -0.5258866756195384, 0.024962079043181578, -0.37986514495893814, 0.17965567183824818, -0.005288548047117486, -0.10624531443112345, 0.5639163623827944, 0.4278265802685694, 0.5990532408842901, -0.002797996063022855]], "inverted": true, "swapped": false, "error_lsq": 0.04365758188254603, "error_max": 0.23681540810589777, "target": "391.xyz", "model": "10.xyz", "model_rescale": 4.260839863003843, "target_rescale": 3.6007787744972712},
{"mapping": [8, 1, 7, 2, 0, 10, 9, 6, 4, 5, 11], "R": [[0.7017450943980823, 0.5291643771810121, 0.4770103609051464], [-0.6134390360064726, 0.10832841768287271, 0.7822771267433136], [0.3622794109408866, -0.8415759121106999, 0.4006290211197481]], "T": [0.0899055347531273, -0.03968845233080463, -0.00032677536888004594], "aligned_model": [[-0.18857209816063064, 0.4202050723892034, -0.35119163278560683, 0.6123728760680008, 0.09796889359158718, -0.44204133322007627, -0.11992723572147466, -0.2196285367254061, 0.30812139406052974, 0.296485146435346, 0.08639161221677635], [-0.28457432808776384, 0.3580160720398192, 0.4111146181158275, -0.31588069820893294, 0.8200476246986587, -0.2612432539795411, -0.7968681623031627, 0.420010786669664, -0.6546144486074398, -0.042325060058123073, 0.014236701262855693], [-0.6152206872595739, -0.5062852419190719, -0.17869580224137227, -0.3483251183500098, 0.1752383964427825, 0.24722077877393273, -0.13590832425492771, 0.6290543515411503, 0.3318640078433287, 0.6430462226538949, -0.030869559372257223]], "inverted": true, "swapped": false, "error_lsq": 0.03930618292060425, "error_max": 0.26736325344829387, "target": "391.xyz", "model": "11.xyz", "model_rescale": 3.890672605050136, "target_rescale": 3.6007787744972712},
{"mapping": [11, 4, 0, 12, 3, 6, 9, 8, 5, 7, 13], "R": [[-0.35850310238479105, -0.048420095288075504, -0.9322719667311539], [-0.8922150567653648, 0.31157281586585045, 0.32691692047766746], [0.2746412533864073, 0.9489878159311207, -0.1549009591727073]], "T": [-0.10029112616772552, -0.06005468667449755, -0.12204696908613384], "aligned_model": [[-0.23013034348762473, 0.29648408269639, -0.2914485023923294, 0.5948661920375569, 0.19268026528824989, -0.6325883575434232, -0.09801245362523807, -0.2384319437080683, 0.25149556571839904, 0.5953130594389432, 0.059956593725393845], [-0.3255122460259726, 0.4172458627512204, 0.4968910333411789, -0.32801153649198983, 0.7349938806806463, -0.22991283870982104, -0.833351785744978, 0.1709064165700045, -0.48904505496383865, 0.06656863676735679, -0.012852516631944859], [-0.5861980497960317, -0.4473324790214624, -0.07772020269876279, -0.13140519149203228, 0.24555158278386185, 0.018900572923186795, -0.033577651003394784, 0.5463579449857938, 0.4231003221681216, 0.35446695642226506, -0.10102478141366865]], "inverted": true, "swapped": false, "error_lsq": 0.04262809540519886, "error_max": 0.18201570495862432, "target": "391.xyz", "model": "12.xyz", "model_rescale": 4.124412569039231, "target_rescale": 3.6007787744972712},
{"mapping": [8, 6, 9, 1, 3, 10, 2, 5, 4, 0, 12], "R": [[-0.5297821196006133, 0.14251072043936594, 0.8360751164287419], [-0.8013377905169614, -0.4070257022147374, -0.43839231656815614], [0.2778284564994664, -0.9022309971933201, 0.32983416509311353]], "T": [-0.00749008782586888, 0.09068462761125913, 0.07130267000447045], "aligned_model": [[-0.09751890502933344, 0.3009486485579068, -0.35107210339904205, 0.6204501943843517, 0.31251172222689916, -0.5985183873049572, -0.05481843803778602, -0.15142708916315137, 0.16420628314264582, 0.42987599895737394, -0.07445376618665865], [-0.16097956637185123, 0.3042209085695957, 0.4698194782210054, -0.29492955182066544, 0.727793882548665, -0.33956156233916884, -0.7314535421183965, 0.08813312905978872, -0.5476805278752738, 0.16331165671898334, -0.010754453050820387], [-0.5946223005727103, -0.482665395317477, -0.3119067187481974, -0.2749010352147614, 0.05023101601190123, 0.17221568970712442, -0.18216206282578085, 0.8149568292568647, 0.49708024128603, 0.4457404007006759, 0.07715235957420714]], "inverted": false, "swapped": false, "error_lsq": 0.047981975040715226, "error_max": 0.28634984196987234, "target": "391.xyz", "model": "13.xyz", "model_rescale": 3.9028299243045295, "target_rescale": 3.6007787744972712},
{"mapping": [3, 2, 5, 6, 12, 10, 7, 13, 9, 11, 15], "R": [[0.41081427727346126, -0.685006445958574, 0.6016625288178472], [-0.856934482140575, -0.06480154318407899, 0.5113355584344066], [-0.3112794932319637, -0.7256493154383632, -0.6136270431598388]], "T": [0.02983336963500447, 0.0809079739172574, -0.09924858682873573], "aligned_model": [[0.02586127066569719, 0.4348520702653001, -0.37925535950710865, 0.5028297632546164, 0.16672293448295541, -0.5106506200875376, -0.20235966162754654, -0.3691821620859465, 0.2832161287927436, 0.5022412995861728, 0.045908494408903044], [-0.25561832134120227, 0.4382927474117775, 0.3803266015105426, -0.3595850116542372, 0.6337247350347304, -0.28020241245720995, -0.7921635355448473, 0.4070373577415053, -0.5478279506237129, 0.0688021511227581, -0.024866509658242344], [-0.6240568568355498, -0.5996341835137341, -0.027857195231450513, -0.2624925868238018, 0.30062034747875904, 0.26520847203425324, -0.03246167616623964, 0.5066206913551783, 0.2766952534145706, 0.46867824394407276, -0.060201485798181666]], "inverted": true, "swapped": false, "error_lsq": 0.047788892885150494, "error_max": 0.2244961449127993, "target": "391.xyz", "model": "14.xyz", "model_rescale": 3.942246331269136, "target_rescale": 3.6007787744972712},
{"mapping": [13, 10, 6, 3, 9, 8, 12, 7, 1, 5, 14], "R": [[-0.6854573683778508, 0.4558399472215911, 0.5677659188904602], [-0.5221523713183198, -0.8512029691327921, 0.053013266888340405], [0.507449600712393, -0.26012198649198415, 0.8214812565605482]], "T": [0.044818429383132734, 0.005250423592233419, -0.04551855150947709], "aligned_model": [[-0.21201607016043678, 0.2996542267113208, -0.3245378727737444, 0.6248437106116168, 0.2118418018209468, -0.715688140378335, 0.017736722472266535, -0.3689925044212058, 0.39781773171344803, 0.5385202565827455, 0.031004295969626155], [-0.4888266224122647, 0.5420208074285813, 0.42513900833005447, -0.40129999600145744, 0.7334863054289537, -0.04786887904325856, -0.8070514173826705, 0.4170391584320744, -0.6248013745229277, -0.02719574967796349, -0.052721389037259515], [-0.637847648347535, -0.4404068743039709, -0.03784471268603104, -0.16731904397423836, 0.2543780966834552, 0.08733107523051847, -0.13217049010478127, 0.5791173881001674, 0.32199697200862065, 0.3519551078051979, 0.031929153446473124]], "inverted": true, "swapped": false, "error_lsq": 0.04803250616950343, "error_max": 0.22510159504430233, "target": "391.xyz", "model": "15.xyz", "model_rescale": 4.355366556412066, "target_rescale": 3.6007787744972712},
{"mapping": [4, 3, 5, 6, 7, 0, 2, 9, 8, 10, 11], "R": [[0.22309823191147354, 0.8480049808765348, -0.4807439352987846], [-0.39016192846523545, 0.5296280493053465, 0.7531718256581974], [0.8933089322816955, 0.019536678264259755, 0.4490183400576595]], "T": [0.010845846691182673, -0.03135250191720772, 0.11361678060069065], "aligned_model": [[-0.10453106106111333, 0.2526230839432013, -0.4039654669139609, 0.6454586933289852, 0.2590495624149441, -0.6621841656806613, -0.1906718193685435, -0.30894479160341565, 0.4020423450241884, 0.5563988476295656, 0.05490893043505915], [-0.283374818205552, 0.36673813805870387, 0.4017734619502125, -0.2859482842685894, 0.8241760859025877, -0.20440242254852936, -0.8365274082567974, 0.3834564557292473, -0.6276942536384362, 0.001342299325330698, -0.07161940250631604], [-0.6057597914302025, -0.3490760102978293, -0.12322357796619642, -0.34304883611537296, 0.1968446046966107, -0.031291417934429286, 0.004945707118022627, 0.6386110487097886, 0.39357736828928425, 0.42752563955201894, 0.002014289236182104]], "inverted": false, "swapped": false, "error_lsq": 0.037436200317038, "error_max": 0.2116805721703101, "target": "391.xyz", "model": "16.xyz", "model_rescale": 3.795458400668931, "target_rescale": 3.6007787744972712},
{"mapping": [4, 7, 11, 0, 8, 10, 2, 9, 1, 6, 12], "R": [[-0.27888462491051585, -0.7656872001309575, -0.579608900504587], [-0.4627693699350973, -0.4217016753976715, 0.7797513752579539], [-0.8414676917377126, 0.4856859155075555, -0.23673046960455613]], "T": [0.1272905650435016, 0.001683185708625634, -0.03300313879607845], "aligned_model": [[-0.19486509574600747, 0.3869105864037939, -0.4173936594513639, 0.6271051959079903, 0.16956539485899025, -0.5362777743690113, -0.12194243350232367, -0.33047691971393, 0.42309247007080436, 0.5134337108197251, -0.018967317130418743], [-0.1979179595843914, 0.2621022434527361, 0.5694545016586918, -0.30512207522433715, 0.6488544644871568, -0.25985826828217434, -0.656200159296179, 0.253906467817932, -0.6939819560302283, 0.12752085939132757, -0.08083826684867237], [-0.5544155488931767, -0.5771116191733898, -0.22351612416391894, -0.11706415298196848, 0.15952983760787767, 0.1407115405658708, -0.11436812710255098, 0.6914126429863713, 0.34560992963331355, 0.5077687187186655, -0.047438073339217346]], "inverted": false, "swapped": false, "error_lsq": 0.036725530539410495, "error_max": 0.18436844202378508, "target": "391.xyz", "model": "17.xyz", "model_rescale": 3.7474275329858107, "target_rescale": 3.6007787744972712},
{"mapping": [7, 1, 2, 11, 0, 9, 12, 4, 10, 8, 13], "R": [[-0.6823371620839261, -0.0696040118914259, -0.7277164824077247], [0.697889739325404, -0.35837861883143296, -0.6200924748041976], [-0.21763710387609397, -0.9309780056978216, 0.2931109754399066]], "T": [0.07679531977717888, -0.056939922889092685, 0.030991982393539164], "aligned_model": [[-0.15719287747057017, 0.4076645494328387, -0.28066946347951804, 0.520019349524536, 0.10676943925512475, -0.5722540074034415, -0.21318892374014833, -0.26493663296119696, 0.4820896269773167, 0.4383821390421122, 0.03350095897119579], [-0.31755435838002666, 0.3252172448863813, 0.4538299100791584, -0.4202311305640443, 0.7553837131159645, -0.200205528968881, -0.7428080417067537, 0.19087207191360328, -0.5383286991945131, 0.12247364085977144, 0.039271029501201794], [-0.6359030030417898, -0.44123663680967606, -0.30836893207733795, -0.40867677893326193, 0.2268854568379793, 0.10802511070240366, -0.037790176737343015, 0.7458586201170596, 0.31461275219326096, 0.6259039057027806, 0.021808705903800803]], "inverted": false, "swapped": false, "error_lsq": 0.04000855917288756, "error_max": 0.19649214893508105, "target": "391.xyz", "model": "18.xyz", "model_rescale": 3.922800546911778, "target_rescale": 3.6007787744972712},
{"mapping": [7, 12, 3, 13, 5, 2, 11, 1, 4, 8, 14], "R": [[-0.5376437192631217, -0.4516400543050574, 0.7120115817065357], [-0.8106812585516758, 0.5090463849443086, -0.2892536516765204], [-0.23180838675507137, -0.7327298542590276, -0.6398217193152759]], "T": [0.0028423603373810974, -0.03578092132543163, 0.13503863845808795], "aligned_model": [[-0.08977161472225394, 0.33529512883434986, -0.3204620451272642, 0.526922916439635, 0.18025859857272014, -0.6976509909102573, 0.011275622070434574, -0.2500844881922544, 0.29317153508312815, 0.5353096209068986, -0.024080124806887607], [-0.20799381104884507, 0.3673300176763944, 0.28113681363597975, -0.3388818239652308, 0.7061617664008977, -0.11934644590088535, -0.6745102935216069, 0.26701648334308137, -0.6587444077211053, 0.10195324917709454, -0.05620169653391258], [-0.6395427912802064, -0.4528310513051115, -0.31683153566185346, -0.1894350282002043, 0.15908539968630936, 0.25935609800447745, -0.17991736157878446, 0.7613969743607287, 0.3619584568992409, 0.4031777231122903, 0.04470213982098972]], "inverted": false, "swapped": false, "error_lsq": 0.038652003960922124, "error_max": 0.2170382332861712, "target": "391.xyz", "model": "19.xyz", "model_rescale": 3.9282355846067225, "target_rescale": 3.6007787744972712},
{"mapping": [8, 12, 11, 7, 10, 4, 6, 0, 5, 2, 13], "R": [[0.9704999713047919, -0.22918195074181408, -0.07486948077537901], [-0.04970822523713077, -0.4940575309558, 0.8680070555298692], [-0.23592138105982002, -0.8386791934703254, -0.4908750476432794]], "T": [0.022344192496165954, -0.11775219194167726, -0.018916577932704973], "aligned_model": [[-0.42107491462869406, 0.4947855440475599, -0.43634287907292, 0.5957750830722519, 0.29956708841244106, -0.6062365700454907, 0.04335961774911525, -0.46049627145097194, 0.3044879715930273, 0.6612073994694189, 0.025152089002511348], [-0.2960659157007918, 0.36617779157493696, 0.431236354983534, -0.23889717229195584, 0.6702687102205369, -0.17888929040799528, -0.768146372821322, 0.23846690462622716, -0.5765691957542401, 0.05528296333962039, -0.0349449262266886], [-0.6106980329344106, -0.5340915828247002, -0.05867732548950856, -0.23010058265055794, 0.1918080592759262, 0.0038062100450355976, -0.07713869947081016, 0.5103943229681711, 0.42557413870600747, 0.4716227662309467, 0.1186197500017767]], "inverted": false, "swapped": false, "error_lsq": 0.045987518740081675, "error_max": 0.22998117928055078, "target": "391.xyz", "model": "20.xyz", "model_rescale": 4.067790424073018, "target_rescale": 3.6007787744972712},
{"mapping": [3, 11, 12, 6, 10, 0, 2, 7, 4, 5, 14], "R": [[-0.731524221254829, 0.057347741393299234, 0.6793994040876126], [0.627878780160838, 0.4450965274573878, 0.638480476341378], [-0.2657829022741192, 0.8936444023225694, -0.36160632054249814]], "T": [0.0991552131343102, 0.029210552436813766, 0.1272137437915966], "aligned_model": [[-0.1964464947032169, 0.26730949878278676, -0.35531019330100394, 0.5577757373575825, 0.23965602118379792, -0.5365752516025399, -0.08790169370369275, -0.4072147331757814, 0.3869502772210557, 0.5341051309083622, 0.09783585918089877], [-0.19956664200239743, 0.31712960911818067, 0.4606913273104934, -0.3878831257310128, 0.8348457688408373, -0.2829691618399826, -0.658330276620468, 0.18393633535655318, -0.6643190859555709, -0.04174418113387056, 0.10612928419909971], [-0.6370019602337005, -0.4267348160918191, -0.31358031488624105, -0.2768369721946221, 0.07723132107368896, 0.18058631840145634, -0.08730724241338098, 0.6528689223854869, 0.40768323677597224, 0.5199606287826102, 0.11424990225842564]], "inverted": false, "swapped": false, "error_lsq": 0.037234598160041966, "error_max": 0.18768138644136217, "target": "391.xyz", "model": "21.xyz", "model_rescale": 4.186013935880536, "target_rescale": 3.6007787744972712},
{"mapping": [11, 8, 5, 9, 2, 3, 4, 0, 7, 1, 12], "R": [[-0.6106854820627559, 0.7579515170211428, -0.22928746115548526], [0.627093608169796, 0.28608238652859375, -0.724507056356728], [-0.483546118369661, -0.5862306422931618, -0.6500129117534368]], "T": [0.08687743504042507, -0.0983632049410604, 0.01946461507701284], "aligned_model": [[-0.09605242647861763, 0.36874171275175754, -0.4576229540372844, 0.6594892946448102, 0.1563472955175101, -0.8254221610059674, -0.1678211387726764, -0.05937404662394809, 0.3245737714739066, 0.5499748810049094, 0.04734992967384906], [-0.19727463682163668, 0.33341361930335056, 0.4502144533851191, -0.14459461936167833, 0.639750638948678, -0.2073916478489382, -0.7712582566013778, 0.2277640951951251, -0.6088456512231047, 0.0642930051510621, -0.11815114858473762], [-0.5769573606413685, -0.547800255771955, -0.014011573392472877, -0.21596918623326905, 0.011648298258922368, -0.0708730870592539, -0.08032032725947742, 0.6471906136012331, 0.48981752892453473, 0.5618730855049596, 0.006521287926023073]], "inverted": false, "swapped": false, "error_lsq": 0.05352706533870013, "error_max": 0.3282314298186068, "target": "391.xyz", "model": "22.xyz", "model_rescale": 4.166573947596378, "target_rescale": 3.6007787744972712},
{"mapping": [14, 9, 10, 11, 8, 5, 6, 0, 2, 4, 15], "R": [[0.5790538223544107, -0.7644517728318534, -0.2833904688428723], [-0.5254325715895288, -0.6156952646097142, 0.587230750088914], [-0.6233917576689325, -0.19113562763496073, -0.7581885572329804]], "T": [0.07614555859680253, -0.05821384986016015, -0.037715547172493764], "aligned_model": [[-0.20887121338180334, 0.3874113348292749, -0.44218872484742344, 0.7048563352657538, 0.2801078111323917, -0.6968803291866275, -0.11505278996039722, -0.2226335233713159, 0.39295454828459486, 0.38233332449391766, 0.038147384889883236], [-0.052658251551617186, 0.28347047988030555, 0.3712001476426769, -0.3447828127992829, 0.6800896379191712, -0.22477276448224043, -0.7801951474279991, 0.19188630219384922, -0.5066457702336542, 0.13852773887062741, -0.08819970846997427], [-0.7757618453398752, -0.4208794828949194, -0.36615796596012967, -0.4181026082125921, 0.2218735506237528, 0.21870419851394884, 0.10820850649283836, 0.6798753787448174, 0.35132187523341335, 0.6005597168345118, 0.011477699822110131]], "inverted": false, "swapped": false, "error_lsq": 0.04821240424523716, "error_max": 0.27034396733221944, "target": "391.xyz", "model": "23.xyz", "model_rescale": 4.274766983524099, "target_rescale": 3.6007787744972712},
{"mapping": [6, 8, 7, 0, 9, 5, 3, 4, 2, 1, 10], "R": [[-0.6723503803441978, -0.32819905742938643, 0.6634985642437178], [-0.52908388533252, -0.41380846781127223, -0.7408325008050958], [0.5177018527419593, -0.8491454119702642, 0.10457944825534798]], "T": [0.07895084884134182, -0.06036954902667134, -0.07706199007446143], "aligned_model": [[-0.21353357291330458, 0.2623990172622883, -0.31779157414159076, 0.669179220915541, 0.18046155669830508, -0.7221580970650233, -0.07522826847872632, -0.22167041868406603, 0.24527599895913935, 0.5529150701803136, 0.14033522541537266], [-0.2494838513279673, 0.46297718016609823, 0.4269164945516829, -0.4220089843344195, 0.6999979962463687, -0.15063013338467657, -0.5951927024891921, -0.02768712965306991, -0.5474651529203529, 0.08663884667157228, -0.016142711984181865], [-0.6547329169979587, -0.5643669236125763, -0.15567647996776302, -0.3359378865754321, 0.29603615830891916, 0.050681629384416255, 0.0017242910582910137, 0.5524134422386856, 0.7375209325770481, 0.3457025176465395, -0.06224574020229331]], "inverted": true, "swapped": false, "error_lsq": 0.06228672032866982, "error_max": 0.37400183999351433, "target": "391.xyz", "model": "24.xyz", "model_rescale": 3.7841303162186577, "target_rescale": 3.6007787744972712},
{"mapping": [10, 0, 11, 8, 6, 13, 9, 3, 2, 4, 15], "R": [[-0.23754557369609347, -0.6573680172079914, -0.7151499076203729], [0.9664244718347499, -0.234181144306498, -0.10574938245788595], [-0.09795836184991524, -0.7162586694786551, 0.6909252331043845]], "T": [0.06370852438455349, -0.0811066287702753, -0.05415791774182148], "aligned_model": [[-0.25002369259708485, 0.5336745158691321, -0.5159199380339308, 0.5993902270858613, 0.09198138794422998, -0.6706365964328476, -0.01019525019207057, -0.22662201501022994, 0.4279978000162688, 0.4638056500070356, 0.05673206949188488], [-0.2059348810741221, 0.1746907753816508, 0.4155812182860946, -0.31168168125885476, 0.5849818337928336, -0.086779239628532, -0.6564802450015085, 0.24546053799418505, -0.5973126768326427, 0.1273792697666161, -0.02198505988385837], [-0.7550467168617332, -0.5591624763634704, -0.13637468795068974, -0.15079146367582652, 0.22432593721116995, 0.21548084484391666, -0.12915220002017114, 0.6226463014525616, 0.35768873761764003, 0.5401149682611057, -0.018610220656626264]], "inverted": false, "swapped": false, "error_lsq": 0.045396524578706736, "error_max": 0.2636007575706903, "target": "391.xyz", "model": "25.xyz", "model_rescale": 4.19342608120988, "target_rescale": 3.6007787744972712},
{"mapping": [4, 3, 5, 6, 7, 0, 2, 9, 8, 10, 11], "R": [[0.22309823191147354, 0.8480049808765348, -0.4807439352987846], [-0.39016192846523545, 0.5296280493053465, 0.7531718256581974], [0.8933089322816955, 0.019536678264259755, 0.4490183400576595]], "T": [0.010845846691182673, -0.03135250191720772, 0.11361678060069065], "aligned_model": [[-0.10453106106111333, 0.2526230839432013, -0.4039654669139609, 0.6454586933289852, 0.2590495624149441, -0.6621841656806613, -0.1906718193685435, -0.30894479160341565, 0.4020423450241884, 0.5563988476295656, 0.05490893043505915], [-0.283374818205552, 0.36673813805870387, 0.4017734619502125, -0.2859482842685894, 0.8241760859025877, -0.20440242254852936, -0.8365274082567974, 0.3834564557292473, -0.6276942536384362, 0.001342299325330698, -0.07161940250631604], [-0.6057597914302025, -0.3490760102978293, -0.12322357796619642, -0.34304883611537296, 0.1968446046966107, -0.031291417934429286, 0.004945707118022627, 0.6386110487097886, 0.39357736828928425, 0.42752563955201894, 0.002014289236182104]], "inverted": false, "swapped": false, "error_lsq": 0.037436200317038, "error_max": 0.2116805721703101, "target": "391.xyz", "model": "26.xyz", "model_rescale": 3.795458400668931, "target_rescale": 3.6007787744972712},
{"mapping": [5, 8, 6, 11, 1, 7, 10, 0, 4, 9, 12], "R": [[0.6280800860214619, 0.7347246365250798, 0.2563105811829908], [0.6007087628084297, -0.6671786628299878, 0.44047884642688045], [0.49463561116082105, -0.12268797963728544, -0.8603971593537965]], "T": [0.1702835106138631, 0.026000127569989137, 0.13472240134701904], "aligned_model": [[-0.29628389665947796, 0.30966086318886693, -0.30451128607696515, 0.6856500038361892, 0.20859070540783115, -0.561082095943551, -0.0253442203511616, -0.42345763669869013, 0.4474593556293263, 0.44851407081944816, 0.010988294996432946], [-0.08389838101616372, 0.29537407597011756, 0.5236628495897336, -0.3435033391141412, 0.6162642993568522, -0.32799103619693804, -0.6225008813942167, 0.3155644336817345, -0.7397487592217513, 0.05018303760267123, -0.015486447716035842], [-0.44587870109854644, -0.5276697329802843, -0.3214449756354648, -0.19609349534699724, 0.11295230986777488, 0.13636683111398337, -0.08632659946301607, 0.6395958059812011, 0.32357519045472416, 0.46087762872417726, 0.11516476224032479]], "inverted": false, "swapped": false, "error_lsq": 0.04874082224655294, "error_max": 0.3076303516678465, "target": "391.xyz", "model": "27.xyz", "model_rescale": 3.6321398670334006, "target_rescale": 3.6007787744972712},
{"mapping": [1, 7, 6, 3, 12, 13, 2, 9, 0, 8, 14], "R": [[-0.2877833833759329, 0.520164393390533, 0.8041204686496668], [0.9388993959264521, 0.318773611119491, 0.12981259254318506], [-0.18880849711187345, 0.7923461293541469, -0.5801197830757518]], "T": [0.09450882420426811, -0.07449547342421736, 0.087916318459484], "aligned_model": [[-0.09635403032336097, 0.5560863122765611, -0.4543036791880214, 0.6260179581982007, 0.1902749845061903, -0.7183290594078973, -0.26291170352661297, -0.2946682620997158, 0.4034458836340601, 0.5085240555241424, 0.042401698554702605], [-0.381484635979457, 0.3959295954516825, 0.44176650718483834, -0.2906176681104032, 0.7424448511340296, -0.1498601116045702, -0.7688511435713727, 0.17950714075810015, -0.5758561492611138, 0.17326950142806963, -0.09832803588794133], [-0.4747525192963513, -0.3201692866307147, -0.10230944383014312, -0.2893757665453557, 0.1712654606964753, 0.09751205662234652, -0.06559079350438751, 0.5681204716117858, 0.29433109568022947, 0.27293934747522475, 0.059148401578766927]], "inverted": false, "swapped": false, "error_lsq": 0.044137940945670924, "error_max": 0.24342364720922186, "target": "391.xyz", "model": "28.xyz", "model_rescale": 4.156811204709835, "target_rescale": 3.6007787744972712},
{"mapping": [1, 2, 0, 6, 7, 4, 3, 9, 8, 10], "R": [[-0.6642020463227238, -0.7451162872796356, 0.0603105305176282], [0.7445017937004731, -0.6666165741570642, -0.036598117928077586], [0.06747385299124782, 0.020592753330011822, 0.9975085050628916]], "T": [-0.07056284848381456, -0.09739564873214394, -0.03531624293225362], "aligned_model": [[-0.6660950557244761, -0.14587027144944742, 0.236294288058028, 0.5588951189839791, -0.044293936154691405, -0.7649052046392385, -0.26225400067960986, -0.3996693848357961, 0.17994873177327042, -0.04912491122143038], [-0.022510614329068965, -0.6919345197569985, -0.024314722062726835, 0.332169659564833, -0.5211055309733708, -0.4522932587727605, 0.56546723646724, 0.21888058657770965, 0.5480093460475522, -0.03364785213620533], [-0.44279945606665083, -0.2618033924174798, -0.7019748524838196, -0.15419463789661536, 0.598336764727638, 0.1529220082700291, -0.2748672239989568, 0.4761944751296439, 0.3552532088285487, 0.011719832882762043]], "inverted": false, "swapped": true, "error_lsq": 0.05335628259036492, "error_max": 0.2313978858757709, "target": "391.xyz", "model": "29.xyz", "model_rescale": 4.117894457231895, "target_rescale": 3.6007787744972712},
{"mapping": [4, 3, 0, 12, 2, 8, 7, 5, 10, 9, 14], "R": [[0.024788923533361498, 0.9821615658682776, 0.18639787499118765], [-0.6829871029732564, 0.15279464433586842, -0.7142705466659496], [-0.7300096755812597, -0.10960134667716787, 0.6745912972788008]], "T": [0.09662266653753698, -0.10544586893425197, 0.0389407217503661], "aligned_model": [[-0.09056984911803323, 0.1968702723458624, -0.2928429566522439, 0.6759260741087887, 0.20300701954561484, -0.5710302457664969, -0.11998397271491207, -0.29523750958162553, 0.3469018453438672, 0.3439197577542592, 0.10322372288316808], [-0.313992085836481, 0.2800317643604639, 0.5110524303631249, -0.19430355255479664, 0.7256110733720172, -0.17170887995615103, -0.7123813223545947, 0.36267676937718707, -0.7018721835400941, 0.04109001414251974, -0.15828417583133378], [-0.6828594788973046, -0.33671019708388816, -0.21111692468236992, -0.45531609094857906, 0.1004840489480928, 0.2661817583599529, -0.06929319191491358, 0.6074990471683932, 0.3487099077499991, 0.5931928270752093, 0.05034731808328451]], "inverted": false, "swapped": false, "error_lsq": 0.044707134237392004, "error_max": 0.27269924124136613, "target": "391.xyz", "model": "30.xyz", "model_rescale": 4.100398675895297, "target_rescale": 3.6007787744972712},
