[{"mapping": [6, 11, 5, 1, 8, 12, 0, 2, 4, 9, 7, 13], "R": [[-0.5496911179245964, 0.8267630386771198, -0.11959328054779275], [0.6496550818688903, 0.33308512042418903, -0.6833758681384126], [-0.5251551670475433, -0.453340027384941, -0.7202047417879779]], "T": [0.06944772472369981, -0.0206821138679419, -0.09790187079132003], "aligned_model": [[-0.5049818508543185, -0.3463410935070592, -0.3129730958335519, 0.4955351159005433, -0.6658769960782183, 0.4842952885459553, 0.7649312861167015, 0.20463750437397799, -0.48382495956580646, 0.34654842940497604, -0.2612320675946093, -0.004598417132676849], [0.3071499740631918, -0.44673562722769633, -0.5439515214596008, -0.2970749000414014, 0.05351435579541988, -0.27515861925167545, 0.31245618459470803, 0.7074287195165895, 0.741687620886686, 0.30599841733519395, 0.32043135444758625, 0.012589976278272227], [-0.48144204992725415, 0.26632320142551563, -0.48821546717836634, -0.37194689675303244, 0.15581365985230272, 0.21556744983197185, -0.12499291193307203, -0.3048718763377665, 0.06360958688374045, 0.4964365864552253, 0.49004962309362626, 0.04334259511402709]], "inverted": true, "swapped": false, "error_lsq": 0.0572191134939139, "error_max": 0.3680482813895377, "target": "392.xyz", "model": "0.xyz", "model_rescale": 3.8414455957264533, "target_rescale": 3.687443788649537},
{"mapping": [13, 6, 8, 11, 9, 10, 1, 0, 7, 4, 2, 14], "R": [[0.4387490614233057, -0.014271791839696013, 0.8984962866132797], [0.8721841695907218, 0.24745962651348372, -0.42196979460756473], [-0.21631929043779577, 0.9687930889532046, 0.12102030978722965]], "T": [0.004882619287678525, 0.07165261058049162, 0.05408648327991895], "aligned_model": [[-0.2872224750450001, -0.3419171398134581, -0.3392693300322617, 0.46870584219135997, -0.670033418474806, 0.28572220804972537, 0.8306466443493157, 0.12074177228454397, -0.38164020650929165, 0.17373899623817327, -0.23621541029980636, 0.0928616608374189], [0.1468004579685357, -0.4127050215862323, -0.5247987243189347, 0.06741793284253876, 0.11325031501614653, -0.5431622882172037, 0.28247936227721054, 0.7251308205419958, 0.5827692268968091, 0.48845760261515275, 0.2168550722354598, 0.055841178665795244], [-0.6415243386148889, 0.5592149669678622, -0.3333507869672126, -0.6608369304712824, -0.036840151707382245, 0.16138543952243808, -0.09478845366970934, -0.23756443010717115, 0.10220001358486644, 0.3599922815680999, 0.7362834584101231, 0.04550243201117396]], "inverted": true, "swapped": false, "error_lsq": 0.054652388194248815, "error_max": 0.24429525076232514, "target": "392.xyz", "model": "1.xyz", "model_rescale": 4.316132596720782, "target_rescale": 3.687443788649537},
{"mapping": [0, 3, 4, 2, 5, 6, 8, 1, 9, 10, 7, 11], "R": [[-0.6797125197475549, -0.1689760570869518, 0.7137492435230859], [-0.7334778646667358, 0.1551901031536469, -0.6617599670024522], [0.001054771233880536, -0.9733258056861064, -0.2294248535863901]], "T": [-0.033813046878648896, 0.15498132792909786, 0.00609728755300187], "aligned_model": [[-0.38184210174094607, -0.29767768123050325, -0.13629376224433792, 0.38040453884174497, -0.6761153534631604, 0.42027294272538623, 0.7223451088109752, 0.15538566832174802, -0.38148263380343855, 0.38200122953479426, -0.4615368449363409, -0.00934196704000842], [0.18746481081039423, -0.30166892700664877, -0.5277126415888524, 0.004757177358298281, 0.10514750525845973, -0.4932203595392331, 0.23128048850491695, 0.5868865750441843, 0.7988144028423902, 0.30115377776570523, 0.2742429569371463, 0.031190168550512404], [-0.6117495048624009, 0.3970742795162008, -0.33705920458827165, -0.7056483819176679, -0.02081402960625219, 0.22911398963614785, -0.0910592742036965, -0.26271299328793385, 0.1267469257922176, 0.45661687761409864, 0.7828148270750641, -0.0036500106405879234]], "inverted": true, "swapped": false, "error_lsq": 0.040073151923485206, "error_max": 0.180336977214585, "target": "392.xyz", "model": "2.xyz", "model_rescale": 3.795458400668931, "target_rescale": 3.687443788649537},
{"mapping": [1, 4, 7, 8, 0, 9, 3, 6, 2, 5, 10, 11], "R": [[-0.3864315710329139, -0.1286986017939492, -0.913294755708866], [0.9106718281195099, 0.10362268613698422, -0.3999239432532475], [0.14610770814198906, -0.986255042478384, 0.0771591135735551]], "T": [-0.09610348978306513, 0.12267270390636832, 0.00124288353129615], "aligned_model": [[-0.36543503118538034, -0.31543317158144346, -0.16705213088852938, 0.3942176122392791, -0.8513475796128354, 0.5709160202298232, 0.6930426407176685, 0.2492568110130147, -0.32971847174310365, 0.35700231502345137, -0.3263698259649177, -0.19296004447111403], [0.2821132311797208, -0.2344683000542087, -0.5776447787416458, 0.09149471289430079, -0.08001716649625494, -0.4318014827702489, 0.23451921657230668, 0.5293087874279268, 0.85283027821716, 0.10151173075516377, 0.40438236940885786, 0.026107336544195114], [-0.5449329865218396, 0.48631970971025296, -0.2951082771527967, -0.6063557395904, -0.02579644688036398, 0.04812563493033167, -0.04128672799004875, -0.24909619618498274, 0.005632450180800646, 0.5379662372389183, 0.6389166356836211, 0.005289207103424922]], "inverted": true, "swapped": false, "error_lsq": 0.05454313499331916, "error_max": 0.2521921705724584, "target": "392.xyz", "model": "3.xyz", "model_rescale": 3.7530521520055578, "target_rescale": 3.687443788649537},
{"mapping": [8, 0, 4, 2, 10, 3, 9, 7, 6, 5, 11], "R": [[-0.311698249459096, -0.860948323353948, 0.4020101812120697], [0.4982235334468158, -0.5083506867901119, -0.7023908384651607], [0.8090843664315266, -0.018643061820625195, 0.5873967349603227]], "T": [0.08366642444872649, -0.0019680779303990203, 0.02768720536761883], "aligned_model": [[-0.3721398044377765, -0.2539882837017551, 0.2306537354242859, 0.6198690383741635, 0.2433850304202494, -0.2678058880367795, -0.11277100028836934, -0.5750309900606624, -0.4987122548228632, 0.3574690724642796, -0.03272905288956747], [-0.5992298723951537, 0.03714883289323481, -0.509470499408023, 0.47390752187986585, -0.7553523603791449, 0.6707401136818723, -0.36126740248286404, 0.04952710347709205, 0.2867601581165562, 0.26123041745354103, -0.08679065452263009], [-0.07669505835394089, -0.6439681211439323, -0.6068427102776683, -0.2707816052569695, 0.08258114644424287, 0.007558175298593164, 0.5519508339894171, -0.0342842615447294, 0.6292016769584481, 0.4653889621735434, -0.011278261041687748]], "inverted": false, "swapped": true, "error_lsq": 0.041288853533655696, "error_max": 0.24311194324229604, "target": "392.xyz", "model": "4.xyz", "model_rescale": 3.7855080009869324, "target_rescale": 3.687443788649537},
{"mapping": [2, 10, 5, 1, 9, 6, 11, 12, 14, 13, 15, 16], "R": [[-0.6945973491755175, -0.05098048304569458, 0.7175900729990428], [0.5761433818165748, -0.6367564915066541, 0.5124450937545376], [0.43080543880887173, 0.7693777751355727, 0.471661438979414]], "T": [-0.0025998599829085804, -0.02614514895886487, -0.0031879958080479943], "aligned_model": [[-0.4083129948857509, -0.47832155151115086, -0.29382915556244443, 0.3537601343329336, -0.6972823333192462, 0.5788259971613497, 0.7297150326862966, 0.27987873286925813, -0.2993169242480695, 0.3873011988624448, -0.39828220337868825, -0.0380167892310192], [0.2919358435838054, -0.42926542768010434, -0.7232887987695497, 0.08058490640761445, 0.1279336862255861, -0.2488886177251024, 0.27864443559527985, 0.567508743184491, 0.5818153357102178, 0.38208337915028573, 0.2753862303651072, 0.01388621888964267], [-0.5323448930786677, 0.3738361243321659, -0.2934972680405897, -0.6625211352163829, 0.021101776454235215, 0.19278748182374933, -0.06023565502858078, -0.17881875602236086, 0.003170572243616257, 0.4508981986798565, 0.6539515761959995, -0.008654521816123027]], "inverted": false, "swapped": false, "error_lsq": 0.04068440158626232, "error_max": 0.22069043465785618, "target": "392.xyz", "model": "5.xyz", "model_rescale": 4.2253639853439635, "target_rescale": 3.687443788649537},
{"mapping": [3, 1, 0, 12, 4, 9, 11, 6, 2, 5, 10, 13], "R": [[-0.24007522160959038, -0.7215793518883662, -0.6493744119515885], [0.5287475488950624, 0.4638032356450488, -0.7108534224034144], [0.8141191052337304, -0.5140134215500103, 0.27018564906353115]], "T": [0.012529024951932987, 0.04981792845844378, 0.04005703313908149], "aligned_model": [[-0.388171796687343, -0.3912709370194791, -0.23951885186136007, 0.6834489699196074, -0.6946036759422419, 0.24518503846029416, 0.7241839226351371, 0.13348478074704334, -0.3304734746989765, 0.21778223809153074, -0.2205536775401141, -0.023373392328184864], [0.3039190659944099, -0.41627491444895015, -0.556476887992926, -0.10735897135755458, 0.05263736563984432, -0.5111632213521214, 0.3503963713185809, 0.5441725543297657, 0.6154284432163034, 0.5563180920756315, 0.2908613354305913, 0.07587670208369858], [-0.48708709908556824, 0.4380631065357774, -0.42031359218871933, -0.589629884366623, 0.06949690927019389, 0.10143908606171119, -0.05350415060969348, -0.3532636720656763, 0.15233188725080807, 0.35954094384870994, 0.7443886341221716, -0.0017886682461742062]], "inverted": true, "swapped": false, "error_lsq": 0.04850540577060606, "error_max": 0.26646851561023316, "target": "392.xyz", "model": "6.xyz", "model_rescale": 3.89814844738969, "target_rescale": 3.687443788649537},
{"mapping": [11, 6, 9, 10, 8, 5, 2, 4, 7, 0, 3, 12], "R": [[0.5057558681415093, 0.537418703128782, -0.6748274885982386], [0.8001766369777945, -0.5845660551370526, 0.13416361957107026], [-0.32237920447096896, -0.6078352282558834, -0.7256776032204542]], "T": [-0.000222955263574489, 0.18155084087730686, 0.0365506102002392], "aligned_model": [[-0.47171162039273584, -0.18933524737815768, -0.17873287437892113, 0.364154852685266, -0.6466501607655616, 0.3285281852984752, 0.6896455250296168, 0.25126370386697366, -0.29651239408058766, 0.22228694289176293, -0.4617096115335211, 0.10489184253330347], [0.27919176935479495, -0.29904661928425913, -0.6068740255118579, -0.08256803264668724, -0.015069974247671286, -0.519209571888495, 0.23807632989880012, 0.6538012975800507, 0.7527610308851338, 0.3438791871639193, 0.27743801897330256, 0.17595652466024297], [-0.6142220513059009, 0.47317226940325985, -0.343536640140092, -0.5434267141624815, 0.002508057986655765, 0.09515210765791515, -0.11322987420881098, -0.32293479257389157, 0.16772288937033433, 0.561097310392952, 0.6924603996007953, -0.09508946149381753]], "inverted": false, "swapped": false, "error_lsq": 0.04382449109566212, "error_max": 0.2350484975441262, "target": "392.xyz", "model": "7.xyz", "model_rescale": 3.7474275329858107, "target_rescale": 3.687443788649537},
{"mapping": [9, 10, 12, 4, 7, 1, 2, 8, 5, 3, 6, 14], "R": [[0.6110005270624651, -0.16871529867541613, -0.7734426313064565], [-0.038734183955047685, -0.9822264904899184, 0.18365942495062718], [-0.7906819960785288, -0.08225733628512202, -0.6066759527989798]], "T": [-0.027726891583299412, -0.047140009731199736, -0.04870938134438611], "aligned_model": [[-0.5120003989726409, -0.5784275265649145, -0.10099577108656299, 0.43772575563650096, -0.6639181564706634, 0.5709652833358633, 0.7868365449477556, 0.19046974668930983, -0.2918825692998107, 0.20897316031396074, -0.35411411576793983, 0.022487191015055086], [0.36860126707469326, -0.40558056934151404, -0.6365630739177751, 0.152674861444213, 0.16459309732594196, -0.3967683829934376, 0.1617312344111833, 0.5356718711268696, 0.6017424445791723, 0.4621574534532262, 0.2500214391093161, -0.05994570733461457], [-0.4646165836011273, 0.3301211025733591, -0.21560677946850304, -0.6450764631813694, 0.07090415376331884, 0.24134147686916335, -0.08677126630791852, -0.32787036435192674, 0.10026982002334313, 0.39707500197377704, 0.6383892663109527, -0.07848586407615152]], "inverted": false, "swapped": false, "error_lsq": 0.047097519450511084, "error_max": 0.23051792744192193, "target": "392.xyz", "model": "8.xyz", "model_rescale": 4.019505241142653, "target_rescale": 3.687443788649537},
{"mapping": [5, 0, 2, 6, 4, 1, 10, 11, 8, 9, 7, 12], "R": [[0.5066152506179153, -0.8432322977684641, -0.17972278609420508], [-0.427708552961791, -0.06480695420977417, -0.9015905125994745], [0.748602953216642, 0.5336284762699315, -0.39348985723796426]], "T": [-0.0024669344546149573, 0.046760072037884716, -0.06134193637560249], "aligned_model": [[-0.3767936790908678, -0.37659730091125987, -0.0635927391727494, 0.37444298620046235, -0.817059490085525, 0.4158831269608283, 0.9097278869349773, 0.08383463654245643, -0.23492635067177728, 0.304482031735355, -0.48283130511189576, -0.02045065955409108], [0.23034405848863554, -0.3301452615016783, -0.48532796688372376, 0.016397799472983095, 0.07782675186965521, -0.29393488926533023, 0.004612138419782509, 0.6271837141731814, 0.6091725141244188, 0.5020388334715067, 0.16847842724121376, 0.07168981532662905], [-0.5873658211097784, 0.3136446187374271, -0.3125751289493058, -0.6818891804137783, 0.09054124557043793, 0.34512512456150757, -0.1269461873013033, -0.2684891267664545, 0.23156042992473813, 0.34589711255367017, 0.6962982839699959, -0.08612787025023877]], "inverted": true, "swapped": false, "error_lsq": 0.04998241135776071, "error_max": 0.35525023388799326, "target": "392.xyz", "model": "9.xyz", "model_rescale": 3.877068213659057, "target_rescale": 3.687443788649537},
{"mapping": [9, 1, 4, 13, 8, 3, 6, 10, 11, 12, 0, 15], "R": [[-0.7751940320272345, 0.2579697651730259, -0.5766505119792515], [-0.293030233448015, -0.9555148389678069, -0.03353617148286524], [-0.559649439376795, 0.1429789941526384, 0.8163023411924892]], "T": [-0.006517118930189369, 0.030927395026005486, -0.10827192626949887], "aligned_model": [[-0.381937892000101, -0.461152189800226, -0.025872756353945002, 0.45650066903140535, -0.7604798624567832, 0.4613621792343168, 0.5743046254358725, 0.13988259878695722, -0.2435497810590503, 0.30903140468494683, -0.3148176882177267, -0.037152163509753006], [0.36489134839942183, -0.4468174629259913, -0.6425421988961574, -0.14247201882910715, 0.1892287703630438, -0.3483076311021164, 0.2377422878238154, 0.7032197217239168, 0.6590410125753965, 0.33245563177669263, 0.2355539498253839, 0.05634252420297506], [-0.5362586373884793, 0.45561938705147953, -0.1727292385560656, -0.702566186101719, -0.06580085672384843, 0.09180580871097545, -0.0949199034473449, -0.28090138370746576, 0.19823105380871636, 0.49811496953206735, 0.5966002378011981, -0.027521750452596014]], "inverted": true, "swapped": false, "error_lsq": 0.03997192039991635, "error_max": 0.26041929751039494, "target": "392.xyz", "model": "10.xyz", "model_rescale": 4.260839863003843, "target_rescale": 3.687443788649537},
{"mapping": [3, 8, 1, 0, 2, 7, 6, 5, 4, 10, 9, 11], "R": [[0.6344018676803326, 0.7088940631859862, -0.30822634128732257], [-0.7551972040168856, 0.6534768053854535, -0.05143197321025827], [0.16495894437339326, 0.265400211007613, 0.949921720284535]], "T": [-0.044135589043466664, 0.08577580038444699, 0.03167595142726506], "aligned_model": [[-0.29057180625405327, -0.29363049065409685, -0.29443633818485687, 0.5123618527657566, -0.7193773512070561, 0.41491940701130725, 0.7272571344247876, 0.13072695485350805, -0.36855930040435586, 0.3127444277469068, -0.3884194061880461, -0.0268959401338881], [0.2271573716373465, -0.370471487528199, -0.46879264572379276, -0.18889634289470092, 0.03743916760407739, -0.3794650178993741, 0.32545870335242677, 0.673291462337552, 0.7153989449870687, 0.2931379909019699, 0.3014474525788058, 0.032630335584093596], [-0.6187958108881829, 0.5268568410033878, -0.3595580152750689, -0.5887272081562893, -0.0781842265405292, 0.08092146779167456, -0.19362541754172086, -0.2526818160938302, 0.2172205818770677, 0.5038743923413347, 0.7177427505433019, 0.004629961465772572]], "inverted": false, "swapped": false, "error_lsq": 0.045470168665892076, "error_max": 0.2682059182721793, "target": "392.xyz", "model": "11.xyz", "model_rescale": 3.890672605050136, "target_rescale": 3.687443788649537},
{"mapping": [12, 11, 9, 5, 10, 6, 8, 7, 4, 0, 2, 13], "R": [[0.15379305905053647, 0.8864774918111271, 0.4364691873433123], [-0.906320130009652, 0.3025176919960422, -0.2950709541257419], [-0.3936134105021908, -0.3502009459462395, 0.8499575168978701]], "T": [0.08289898448889353, 0.04036393534771574, 0.11920339666633563], "aligned_model": [[-0.351244211890154, -0.3050030906022846, -0.0638893362046949, 0.2291999738353253, -0.7988102481734332, 0.41884347036402964, 0.7630528289105734, 0.1560891742309653, -0.24841111785451303, 0.37247027614137884, -0.4886051653322797, 0.032426590351000206], [0.23040706908169753, -0.28864274430032716, -0.5744876326847221, -0.053937169313001514, 0.1291163586139105, -0.39637525169425136, 0.2018205185494953, 0.589622692676355, 0.6302414379654483, 0.38132171909936746, 0.1752545301891308, 0.17399440675417102], [-0.45571871901841043, 0.32908133448301086, -0.3349234074505433, -0.6388701512240281, -0.00017977151474062036, 0.2878999551776743, -0.05547792888779747, -0.5288106339685882, 0.3017826720943261, 0.5046781643192768, 0.5201418805104228, 0.030070106006314865]], "inverted": true, "swapped": false, "error_lsq": 0.04148364901939717, "error_max": 0.2002243999418727, "target": "392.xyz", "model": "12.xyz", "model_rescale": 4.124412569039231, "target_rescale": 3.687443788649537},
{"mapping": [0, 7, 5, 4, 3, 10, 2, 1, 6, 8, 9, 12], "R": [[-0.8332979203372581, -0.5328919550785103, -0.14710792016136967], [0.5504647338261597, -0.7752657957650044, -0.3097604279609485], [0.05102110127482687, -0.33910044253798566, 0.9393656035299814]], "T": [-0.11321416087011696, 0.07557300149675905, 0.012551123907538079], "aligned_model": [[-0.36339306172910446, -0.27430216632269455, -0.22517678340452096, 0.36556761986780506, -0.7913029556655803, 0.41823507317259645, 0.7294772841629388, 0.16999768587773048, -0.279484023581054, 0.2811751140823767, -0.3128072138271818, -0.001867428857398129], [0.08305294362686158, -0.4617625671619877, -0.5774712727862689, -0.12381472493827422, 0.29640768847791754, -0.38645371106484694, 0.24286235604078665, 0.7543830243926896, 0.692898465510717, 0.5182325685589876, 0.13204713242964214, 0.027954031851048937], [-0.5110154539264032, 0.29254900902372205, -0.3545230185399852, -0.5784554722739422, -0.0009026177540450656, 0.23323800800453082, -0.05287756989926189, -0.3365510124171096, 0.20972216391625087, 0.4167858680713337, 0.6172118202877858, 0.02449177603404202]], "inverted": true, "swapped": false, "error_lsq": 0.04210843933802493, "error_max": 0.2129700026523473, "target": "392.xyz", "model": "13.xyz", "model_rescale": 3.9028299243045295, "target_rescale": 3.687443788649537},
{"mapping": [5, 1, 2, 4, 12, 6, 7, 10, 14, 9, 11, 15], "R": [[-0.8318516271099539, -0.4331287478075705, 0.3470192477329878], [0.2910804132203657, 0.19188480257912377, 0.9372579237214441], [-0.47254107071659285, 0.8806700348949187, -0.033544390353669185]], "T": [-0.07939562675906155, -0.0274282102087237, -0.15945622131770226], "aligned_model": [[-0.3131023392587114, -0.2458638325389732, -0.2936342968827051, 0.2931113908542801, -0.7535637535255194, 0.306496670972775, 0.7363502145481613, 0.2094213503652212, -0.1949448128995393, 0.32106337399917273, -0.3502566702895573, 0.0010418484313084037], [0.19078955691814137, -0.339047773147136, -0.7315060881574562, 0.11669970459948804, 0.09871398352960976, -0.32419829008172957, 0.34430596668213503, 0.6428241395728626, 0.7380614313415966, 0.2719930536431749, 0.17157732138160608, 0.018122928654981107], [-0.5592862005562832, 0.38586968142422334, -0.18238880866948143, -0.7070226007499671, -0.04187317503988086, 0.29598083963874927, -0.029070716147773623, -0.3101185702507659, 0.26917491036126073, 0.4328485582752963, 0.4984858595921203, -0.09292627735057962]], "inverted": false, "swapped": false, "error_lsq": 0.04090972281245762, "error_max": 0.22175979595222822, "target": "392.xyz", "model": "14.xyz", "model_rescale": 3.942246331269136, "target_rescale": 3.687443788649537},
{"mapping": [13, 0, 8, 11, 12, 6, 10, 4, 3, 5, 1, 14], "R": [[0.6919725954102487, 0.71970930681285, -0.05650168925060252], [0.7157508705901456, -0.6941643666798368, -0.07639714184071367], [-0.09420519333164844, 0.01242359525051092, -0.9954752813758856]], "T": [0.10597468153289137, 0.0635746500112347, 0.056247630467196705], "aligned_model": [[-0.35289674257285764, -0.26788721857450387, -0.09714827821407669, 0.2677220388805576, -0.6822332227725295, 0.4494087703005982, 0.7222098465495562, 0.18679108840620415, -0.1734499068955812, 0.11560785380729693, -0.48978082014868196, 0.037775735009931116], [0.23536191799959033, -0.4400710169976269, -0.6357589563509654, -0.11091366460596759, 0.2553211941048571, -0.34370027809555276, 0.3558574247670705, 0.5328483035461918, 0.7020612214711486, 0.2991515317086787, 0.3212515905102974, 0.02692666687955183], [-0.592486519398197, 0.44002595791618737, -0.20550510881906636, -0.6201417877747246, -0.043941293977362, -0.11395680233737772, -0.1530978185425086, -0.2856806125906779, 0.23176038768897195, 0.645476187981812, 0.5413449530034051, 0.11587595737645529]], "inverted": false, "swapped": false, "error_lsq": 0.049058425116447445, "error_max": 0.30228534257161543, "target": "392.xyz", "model": "15.xyz", "model_rescale": 4.355366556412066, "target_rescale": 3.687443788649537},
{"mapping": [0, 3, 4, 2, 5, 6, 8, 1, 9, 10, 7, 11], "R": [[-0.6797125197475549, -0.1689760570869518, 0.7137492435230859], [-0.7334778646667358, 0.1551901031536469, -0.6617599670024522], [0.001054771233880536, -0.9733258056861064, -0.2294248535863901]], "T": [-0.033813046878648896, 0.15498132792909786, 0.00609728755300187], "aligned_model": [[-0.38184210174094607, -0.29767768123050325, -0.13629376224433792, 0.38040453884174497, -0.6761153534631604, 0.42027294272538623, 0.7223451088109752, 0.15538566832174802, -0.38148263380343855, 0.38200122953479426, -0.4615368449363409, -0.00934196704000842], [0.18746481081039423, -0.30166892700664877, -0.5277126415888524, 0.004757177358298281, 0.10514750525845973, -0.4932203595392331, 0.23128048850491695, 0.5868865750441843, 0.7988144028423902, 0.30115377776570523, 0.2742429569371463, 0.031190168550512404], [-0.6117495048624009, 0.3970742795162008, -0.33705920458827165, -0.7056483819176679, -0.02081402960625219, 0.22911398963614785, -0.0910592742036965, -0.26271299328793385, 0.1267469257922176, 0.45661687761409864, 0.7828148270750641, -0.0036500106405879234]], "inverted": true, "swapped": false, "error_lsq": 0.040073151923485206, "error_max": 0.180336977214585, "target": "392.xyz", "model": "16.xyz", "model_rescale": 3.795458400668931, "target_rescale": 3.687443788649537},
{"mapping": [11, 6, 9, 10, 8, 5, 2, 4, 7, 0, 3, 12], "R": [[0.5057558681415093, 0.537418703128782, -0.6748274885982386], [0.8001766369777945, -0.5845660551370526, 0.13416361957107026], [-0.32237920447096896, -0.6078352282558834, -0.7256776032204542]], "T": [-0.000222955263574489, 0.18155084087730686, 0.0365506102002392], "aligned_model": [[-0.47171162039273584, -0.18933524737815768, -0.17873287437892113, 0.364154852685266, -0.6466501607655616, 0.3285281852984752, 0.6896455250296168, 0.25126370386697366, -0.29651239408058766, 0.22228694289176293, -0.4617096115335211, 0.10489184253330347], [0.27919176935479495, -0.29904661928425913, -0.6068740255118579, -0.08256803264668724, -0.015069974247671286, -0.519209571888495, 0.23807632989880012, 0.6538012975800507, 0.7527610308851338, 0.3438791871639193, 0.27743801897330256, 0.17595652466024297], [-0.6142220513059009, 0.47317226940325985, -0.343536640140092, -0.5434267141624815, 0.002508057986655765, 0.09515210765791515, -0.11322987420881098, -0.32293479257389157, 0.16772288937033433, 0.561097310392952, 0.6924603996007953, -0.09508946149381753]], "inverted": false, "swapped": false, "error_lsq": 0.04382449109566212, "error_max": 0.2350484975441262, "target": "392.xyz", "model": "17.xyz", "model_rescale": 3.7474275329858107, "target_rescale": 3.687443788649537},
{"mapping": [1, 10, 8, 0, 11, 4, 6, 2, 7, 9, 12, 13], "R": [[0.7509874390467853, -0.5521810192779409, 0.3620966560783533], [0.5609323402692906, 0.8228043100553465, 0.09136726434759085], [-0.34838595843398723, 0.13449605683260724, 0.9276518930409793]], "T": [-0.11420543695113847, 0.058483234656716225, 0.007003689197466981], "aligned_model": [[-0.383806489079327, -0.5230348838578208, -0.019890735694365905, 0.35726595567341823, -0.8226285971979939, 0.5876204916421726, 0.6311652384484511, 0.24850601971186406, -0.3758970683490829, 0.32838240057614954, -0.27295400666426994, -0.03860918143328185], [0.3128946799104494, -0.4103115716792579, -0.6299015522350512, -0.09298212541818332, 0.19817103999906358, -0.3742538746956452, 0.25695286166226755, 0.5522351879535972, 0.7409955979315296, 0.3151587434849297, 0.2372128376210255, 0.09216411040254868], [-0.5770412628609831, 0.30621813296288636, -0.17761909791593855, -0.6667287216415183, 0.025993288207219037, 0.10398194533823761, 0.012587135352743264, -0.35144035333999823, 0.18897524211057704, 0.43823199890912284, 0.7155878718827392, -0.05907267847816923]], "inverted": false, "swapped": false, "error_lsq": 0.04028931435151069, "error_max": 0.22236483926999656, "target": "392.xyz", "model": "18.xyz", "model_rescale": 3.922800546911778, "target_rescale": 3.687443788649537},
{"mapping": [8, 11, 10, 1, 13, 2, 0, 5, 12, 3, 7, 14], "R": [[-0.08299367976152786, 0.48690348163698693, -0.8695039095308438], [-0.8149885433366472, 0.46895968137865895, 0.34039754915574394], [0.5735030281957118, 0.7368865698403028, 0.35790006962746124]], "T": [-0.07784002136970306, 0.04092104428615181, -0.11078045804906993], "aligned_model": [[-0.36410734157944535, -0.5153836404493526, -0.1097869877534946, 0.4317044745521853, -0.7369042487232991, 0.4584668895203514, 0.6867848531406684, 0.20690342767344813, -0.24213770152335382, 0.25969868480309166, -0.2713292311036818, -0.08779003478120427], [0.30094859789813083, -0.34940166516171767, -0.7643274727414494, -0.06842237646377308, 0.16467180352934685, -0.4006676642459796, 0.3623108681367576, 0.7093899244677693, 0.738606823588407, 0.311531582113235, 0.14810052035864008, 0.04559499345790681], [-0.5849400796577864, 0.2935057977904794, -0.07679716175474087, -0.6365099007762768, 0.03799400424108838, 0.06387140313848773, -0.00831086215763717, -0.34445596947776047, 0.21303255932677162, 0.3603742959726186, 0.6568688790078983, -0.014959465126224855]], "inverted": false, "swapped": false, "error_lsq": 0.039788375334386346, "error_max": 0.23536045285386875, "target": "392.xyz", "model": "19.xyz", "model_rescale": 3.9282355846067225, "target_rescale": 3.687443788649537},
{"mapping": [1, 4, 11, 10, 3, 9, 12, 2, 5, 7, 6, 13], "R": [[0.6890701168940224, 0.16767248332561224, 0.705030717301793], [0.716799985693579, -0.3009027823527188, -0.6290113640325408], [0.10667780703287577, 0.9387989422170304, -0.3275307490585302]], "T": [-0.03425220387258242, 0.04123786254810274, 0.12655158489342974], "aligned_model": [[-0.4310088880576786, -0.4422850385383301, -0.0016590117240302543, 0.37900995865021025, -0.7794234270155471, 0.4770693165506721, 0.8125722671197352, 0.10184846374505215, -0.38696011345688003, 0.3740848567511632, -0.30617982743754363, -0.08094941281090988], [0.32433034976854863, -0.43360988537167766, -0.5843565029117217, 0.007693594223747928, 0.1097063137757821, -0.4140231639735628, 0.013245582644731073, 0.6771934946558544, 0.6431518354088765, 0.47635938846170006, 0.31706281820543586, 0.06158211004955906], [-0.44260882618626074, 0.2125554631197018, -0.22120198454395482, -0.6286460819998374, 0.04663294797025741, 0.2251037321063414, 0.05655806475078856, -0.379168943288235, 0.15796578614424112, 0.3055149302672935, 0.6526884638859665, -0.025720051699384405]], "inverted": false, "swapped": false, "error_lsq": 0.05016315145214573, "error_max": 0.358679112417955, "target": "392.xyz", "model": "20.xyz", "model_rescale": 4.067790424073018, "target_rescale": 3.687443788649537},
{"mapping": [13, 8, 7, 12, 5, 0, 3, 11, 6, 2, 4, 14], "R": [[0.616014509423526, -0.7179965711313834, -0.32404791007391087], [-0.43834377412879216, -0.6542348495416798, 0.6163047114274743], [-0.654508105268544, -0.23760826056505777, -0.7177474866894544]], "T": [-0.0877936762728677, 0.06233951556089777, -0.09150077048427988], "aligned_model": [[-0.5390210771358342, -0.3745253389906332, -0.11063764189989199, 0.47884028329563744, -0.6578313146387733, 0.37170234189438667, 0.6805419731398915, 0.13348365772844795, -0.07798877125407538, 0.28905844731467834, -0.3888254975604719, -0.08867791811744868], [0.37290110084003747, -0.32373061920463236, -0.6830483029178596, -0.02665198765452416, 0.10849066115950293, -0.366749480185532, 0.42251052065276457, 0.513354441171792, 0.735554514441134, 0.198181747564731, 0.19045293424212656, 0.057070404827733415], [-0.5274696220511749, 0.21493470618623314, -0.11471952382498898, -0.5994577914189894, 0.05476365945014908, 0.23895962432683446, -0.03081968954954372, -0.49850707548779927, 0.21548836908848698, 0.5355967470444583, 0.6402364017725046, -0.16933230500925242]], "inverted": false, "swapped": false, "error_lsq": 0.04347212991732547, "error_max": 0.18993784505234135, "target": "392.xyz", "model": "21.xyz", "model_rescale": 4.186013935880536, "target_rescale": 3.687443788649537},
{"mapping": [7, 9, 10, 4, 1, 11, 3, 6, 0, 5, 2, 12], "R": [[0.6623890004343566, -0.3799498037293438, 0.6456616441679088], [0.19114206391788507, -0.7476104353236086, -0.6360372224928788], [0.7243656007188535, 0.5447171593049718, -0.4225845392982771]], "T": [-0.04874500599411575, 0.039090906143469994, 0.07178181670539484], "aligned_model": [[-0.40958516194195377, -0.40082126822634434, -0.20678609047622148, 0.325357630098267, -0.7447585321828248, 0.42944605625376353, 0.7823682128358675, 0.1337216427461393, -0.30304410753164984, 0.33786537709413234, -0.2220067274298554, -0.005637887463407057], [0.08120278202378917, -0.4644310970961102, -0.5574393907533365, -0.14657916629423462, 0.26165657988843916, -0.35170715158029786, 0.42090976829399723, 0.4233839780508386, 0.7139497608209433, 0.5075843708275383, 0.2665525836064903, 0.04325291714921675], [-0.5656699160918688, 0.16099312800903676, -0.4898889526406637, -0.5225160805129728, 0.03782702079740864, 0.20435694550953665, -0.05393146313698703, -0.28721345624216515, 0.1128419461131716, 0.5509321703017706, 0.7558437759136414, 0.05609838250701008]], "inverted": false, "swapped": false, "error_lsq": 0.04741885937302715, "error_max": 0.24365076394823995, "target": "392.xyz", "model": "22.xyz", "model_rescale": 4.166573947596378, "target_rescale": 3.687443788649537},
{"mapping": [12, 5, 13, 9, 6, 7, 8, 3, 2, 4, 1, 15], "R": [[0.42553534057970566, 0.8065990394142719, -0.4102653574623234], [-0.4892247657735129, 0.5864495353939333, 0.6455509824871243], [0.7613007306390593, -0.07399278378473029, 0.6441632289072551]], "T": [0.014951773085207277, 0.11313514232387581, -0.14600032200197086], "aligned_model": [[-0.47591950341754574, -0.3136372215788917, -0.2163054119678397, 0.38086556589272696, -0.7117012957219121, 0.2677172713343879, 0.8044859267305087, 0.22863582399192217, -0.2934348483284458, 0.3509775672432631, -0.28737910105809455, -0.018185629344166298], [0.15222331480046836, -0.4719707888875554, -0.7000724488662173, 0.19018277795394398, 0.18014541642003049, -0.44999443370365944, 0.17356812047534587, 0.6719311538890305, 0.6415934748343403, 0.5283279377299835, 0.18118022991008984, 0.1012211803814726], [-0.5783183298459825, 0.34465465152646113, -0.1910188391687058, -0.6157022746901898, 0.06985280566964308, 0.2150873836155255, 0.018507475991095673, -0.20526916595084754, 0.1340688153952497, 0.3585342374366306, 0.49592254677766123, -0.0866458062296238]], "inverted": true, "swapped": false, "error_lsq": 0.04572006821441102, "error_max": 0.2342728627548038, "target": "392.xyz", "model": "23.xyz", "model_rescale": 4.274766983524099, "target_rescale": 3.687443788649537},
{"mapping": [0, 4, 8, 7, 9, 6, 3, 5, 2, 1, 11], "R": [[0.5989982158918388, 0.731049343262498, 0.32675372235655553], [0.5365771263715999, -0.06355287075444876, -0.8414547047070715], [-0.5943787721757826, 0.6793584402466337, -0.43033241204035577]], "T": [-0.007487339199780153, 0.1333904288439769, 0.11423770813164216], "aligned_model": [[0.21841706507905875, 0.3601972584127213, -0.4311913242484196, -0.4018550503539283, -0.598315812552483, -0.7176398258971097, -0.031180525527637233, -0.030503820319126462, 0.7015917702920463, 0.39740752418046, -0.0870325551075071], [-0.09325920387799025, 0.61426845474433, 0.4537211411931913, -0.2130738478872416, 0.395756608155028, -0.35085539654005815, -0.6254052981892743, 0.04820021059848581, -0.06632838028718319, 0.5983915458035856, 0.15417069753061025], [-0.5671277271483769, -0.4473284519305589, -0.4272784912367411, -0.29173164249592, 0.2711508107914604, 0.327634067355122, 0.12615210762949794, 0.6869828820579357, 0.35994825807286146, 0.3514332310140663, -0.010268610087769636]], "inverted": true, "swapped": true, "error_lsq": 0.049323902756869306, "error_max": 0.2718202523744089, "target": "392.xyz", "model": "24.xyz", "model_rescale": 3.7841303162186577, "target_rescale": 3.687443788649537},
{"mapping": [13, 7, 10, 9, 11, 8, 2, 12, 3, 4, 6, 15], "R": [[0.8383012812215165, 0.45487574884957765, 0.30056449392917334], [0.010506204717703027, 0.5377047719984105, -0.8430677302759056], [-0.5451060278191701, 0.7099025505509001, 0.44597958154665873]], "T": [0.03394493751378408, -0.02867058173801733, 0.02174468412021165], "aligned_model": [[-0.4319107393883765, -0.39521799737734964, -0.24627313040708992, 0.352788572132532, -0.7295535199653704, 0.5515011675512369, 0.7230089529211685, 0.1918051223335941, -0.2569575458522824, 0.2981941688180235, -0.3376340262537474, -0.0036318807364256467], [0.4137167824891516, -0.44533967156437443, -0.633439243961834, -0.09837622272884276, 0.04804920290438992, -0.2607009184023124, 0.2665689363013712, 0.4859326470688374, 0.7073129711360153, 0.45372153780833807, 0.2518305394527093, 0.0090593744338245], [-0.42465413480879105, 0.2767184180599314, -0.3794881720617143, -0.46366294746718745, -0.0029888808080445577, 0.18834376951906986, -0.0608230915900692, -0.5125170358058474, 0.17242926429855146, 0.5259019310313797, 0.5742613326831504, 0.06615304747648924]], "inverted": true, "swapped": false, "error_lsq": 0.04119937890573054, "error_max": 0.19156562839542499, "target": "392.xyz", "model": "25.xyz", "model_rescale": 4.19342608120988, "target_rescale": 3.687443788649537},
{"mapping": [0, 3, 4, 2, 5, 6, 8, 1, 9, 10, 7, 11], "R": [[-0.6797125197475549, -0.1689760570869518, 0.7137492435230859], [-0.7334778646667358, 0.1551901031536469, -0.6617599670024522], [0.001054771233880536, -0.9733258056861064, -0.2294248535863901]], "T": [-0.033813046878648896, 0.15498132792909786, 0.00609728755300187], "aligned_model": [[-0.38184210174094607, -0.29767768123050325, -0.13629376224433792, 0.38040453884174497, -0.6761153534631604, 0.42027294272538623, 0.7223451088109752, 0.15538566832174802, -0.38148263380343855, 0.38200122953479426, -0.4615368449363409, -0.00934196704000842], [0.18746481081039423, -0.30166892700664877, -0.5277126415888524, 0.004757177358298281, 0.10514750525845973, -0.4932203595392331, 0.23128048850491695, 0.5868865750441843, 0.7988144028423902, 0.30115377776570523, 0.2742429569371463, 0.031190168550512404], [-0.6117495048624009, 0.3970742795162008, -0.33705920458827165, -0.7056483819176679, -0.02081402960625219, 0.22911398963614785, -0.0910592742036965, -0.26271299328793385, 0.1267469257922176, 0.45661687761409864, 0.7828148270750641, -0.0036500106405879234]], "inverted": true, "swapped": false, "error_lsq": 0.040073151923485206, "error_max": 0.180336977214585, "target": "392.xyz", "model": "26.xyz", "model_rescale": 3.795458400668931, "target_rescale": 3.687443788649537},
{"mapping": [7, 8, 6, 0, 10, 1, 2, 3, 4, 9, 11, 12], "R": [[0.8761796681398124, -0.396382028010529, -0.2742088200781809], [-0.0067888169361799144, 0.5587103943319651, -0.8293350391910538], [0.4819368227299249, 0.7285080528969327, 0.48683972286708976]], "T": [-0.022108126323526354, 0.05931031799324859, 0.1063518117594775], "aligned_model": [[-0.3961821801280378, -0.29087679454750287, -0.10581731793670263, 0.42227809953886125, -0.6522418001402565, 0.3649732356584703, 0.8270445631940332, 0.11730687250067398, -0.34724571563261397, 0.28078649537941763, -0.4098862338587286, -0.09402008025170089], [0.18143588475851516, -0.5386362359011302, -0.6946792582925123, 0.05337758525627972, 0.36086706800984614, -0.3852996828504332, 0.23733892618537852, 0.6091685121938932, 0.8024626359301342, 0.30452555022138356, 0.22107512710142496, 0.046699822324493975], [-0.6045363980470558, 0.42411749866276627, -0.21873194632104082, -0.5963279709573504, -0.03393898676590612, 0.159672885521853, -0.0422430685341256, -0.36619023210658025, 0.3085234294507202, 0.2866255706434052, 0.6851737857583459, -0.042471066778113936]], "inverted": false, "swapped": false, "error_lsq": 0.04203744792616986, "error_max": 0.2806819266758023, "target": "392.xyz", "model": "27.xyz", "model_rescale": 3.6321398670334006, "target_rescale": 3.687443788649537},
{"mapping": [1, 6, 13, 11, 4, 9, 10, 0, 3, 8, 7, 14], "R": [[-0.33816013500263903, 0.8230011422281251, -0.4564173999599476], [-0.6025041977277585, 0.1832330291346141, 0.7767974953323318], [0.7229359686828614, 0.5376753452831509, 0.43389953705808176]], "T": [0.012875627898427982, 0.14639996601750263, 0.012007453126405698], "aligned_model": [[-0.5340623420973175, -0.3196729536681806, -0.09784421143199047, 0.36349898656704605, -0.7920701718131296, 0.3931225116083568, 0.7871205061384549, 0.32160071316689764, -0.24823094237922652, 0.23156846258814992, -0.36804627397816136, -0.020865140924985783], [0.20852802863552955, -0.5172425366936161, -0.5509492689133566, -0.07318588284308475, 0.0014958491760274917, -0.39655745243855633, 0.21735970816513944, 0.5865920959650155, 0.7813845822521868, 0.3800865892052346, 0.44577247194523206, 0.1150517504815219], [-0.3678163967811118, 0.2420020327019379, -0.39777601851934236, -0.4792879282429148, 0.14441707818495092, 0.09675242579528542, -0.0014542150478417896, -0.3047438762758471, 0.02534822017272529, 0.4177088482349906, 0.6171206585426571, -0.03259732823857136]], "inverted": false, "swapped": false, "error_lsq": 0.04642379274656434, "error_max": 0.23447819332421538, "target": "392.xyz", "model": "28.xyz", "model_rescale": 4.156811204709835, "target_rescale": 3.687443788649537},
{"mapping": [6, 5, 9, 10, 2, 3, 7, 0, 4, 11], "R": [[-0.5052431722127494, -0.21901180001341256, 0.8347234083139656], [-0.49522187966217257, 0.8657275442777662, -0.0726024034220171], [-0.7067422633720606, -0.4500551638784669, -0.54586236601369]], "T": [-0.051759349032029556, -0.07743645798311782, 0.007886672163301117], "aligned_model": [[-0.6070327853522828, -0.01892443699433413, 0.1203304401563724, 0.6092836424944423, -0.05764638294156765, -0.7819003833694174, -0.5434597806442325, -0.3678357026190428, 0.36290236792149405, -0.07279160454084375], [-0.17621563389165584, -0.6156984993088803, 0.03196237735940333, 0.2773122088895231, -0.5754156026362809, -0.2779414669920931, 0.32680184363395814, 0.4156969115557924, 0.44563339024147397, 0.0665848017749634], [-0.674947616092664, -0.20429251947195715, -0.6253218385499442, -0.17456003678766646, 0.6037361287487367, 0.06415466214625319, -0.17972084729934693, 0.4807258951876262, 0.49393788923178206, -0.024924990137720145]], "inverted": false, "swapped": true, "error_lsq": 0.05202208292102896, "error_max": 0.2414032911681718, "target": "392.xyz", "model": "29.xyz", "model_rescale": 4.117894457231895, "target_rescale": 3.687443788649537},
