[{"mapping": [3, 11, 5, 8, 6, 1, 2, 10, 12, 7, 9, 4, 0, 13], "R": [[-0.9657832356343138, 0.09433170760524573, 0.24158698373048643], [-0.19442745912760726, -0.8798243470763562, -0.4337131326451236], [0.17164120980958647, -0.4658440159881228, 0.8680602789341069]], "T": [-0.07655781787488226, 0.11273655865694314, -0.1192049719667938], "aligned_model": [[0.2366202976907552, -0.2654596843501477, -0.13966311848910712, 0.33270044392615233, 0.6175044973238525, -0.4544519060959916, 0.4593103112983722, -0.6272169541142594, -0.6018841142842755, 0.20409293358756614, -0.16124762941513698, 0.7776614707112982, -0.21850488063445223, -0.0493107001154051], [0.5147661102583536, -0.472335882601484, 0.14837004888499777, -0.5026436944789012, 0.13833980397904566, 0.5439340828134489, 0.4474897137897723, -0.6967614478943892, 0.06239669441849569, -0.5115554884987317, -0.17290342038545564, -0.23949536609761946, 0.5712342242286559, -0.040156789781162036], [-0.23536009827492307, -0.4494596678688294, -0.8722980843042744, -0.3729646039431195, -0.43884267411971833, -0.18484693013234393, 0.3190231862734957, 0.11936664769310584, 0.11874037541964066, 0.20155830217351195, 0.5501085643957698, 0.12502095786477918, 0.48498320784132476, -0.07000049216480246]], "inverted": false, "swapped": false, "error_lsq": 0.05063217268596733, "error_max": 0.27094531773495883, "target": "393.xyz", "model": "0.xyz", "model_rescale": 3.8414455957264533, "target_rescale": 4.12101692977799},
{"mapping": [6, 4, 2, 3, 5, 9, 10, 0, 13, 1, 11, 10, 8, 14], "R": [[-0.4055810540741062, 0.29485024676813454, 0.8651978620852616], [-0.9127129040082428, -0.07928419939972359, -0.4008355904637029], [-0.04958995294389132, -0.9522485745362474, 0.30126979413925253]], "T": [-0.09853208867015363, 0.005892553031041636, -0.08142428463687845], "aligned_model": [[0.24937233112523172, -0.12097449159846298, -0.00966802389885281, 0.4163927778504525, 0.47547274587990596, -0.5705937586598111, 0.5170156059081386, -0.5910646617925128, -0.6534993291123644, 0.18563842545621728, -0.16151788702849473, 0.5170156059081386, -0.10338133385756318, -0.04005703914080178], [0.6188585355478825, -0.3697655082775119, 0.14431983613279675, -0.5488733918116965, 0.0519355190906825, 0.4850190819164516, 0.197839644862747, -0.5256274385388783, 0.12898578170794156, -0.7682932110718885, -0.3951882414070563, 0.197839644862747, 0.6249496537955432, -0.051321318174733926], [-0.4179690702860441, -0.47410047995930094, -0.8008308406980664, -0.2825809656632269, -0.40192589176558385, -0.19590235693998675, 0.14800685982064826, -0.06103967077870177, 0.4202792331195587, 0.1800741144600535, 0.6678636357702508, 0.14800685982064826, 0.40954128270438983, -0.044394018751021815]], "inverted": true, "swapped": false, "error_lsq": 0.04919129303004665, "error_max": 0.29363282463834545, "target": "393.xyz", "model": "1.xyz", "model_rescale": 4.316132596720782, "target_rescale": 4.12101692977799},
{"mapping": [5, 6, 2, 9, 1, 8, 3, 10, 4, 12, 11, 13], "R": [[-0.7651842351136431, -0.6435290261518138, -0.019065120866322643], [-0.5184187747690083, 0.6334412862017276, -0.574451138829145], [0.38175261662567483, -0.42967723867479835, -0.8183168153375875]], "T": [-0.045318838468414877, -0.01876964746468703, -0.002898258206758951], "aligned_model": [[-0.15294970567681299, 0.5132967021255491, 0.061508688355751615, -0.4280678356529888, -0.45387187706270415, -0.5857824065827312, -0.10026794273788642, -0.15250461559048129, 0.5179726654953873, 0.15125100160050514, 0.3279627121605811, -0.10073883180238896], [-0.6629752418426413, -0.051456656248037996, -0.5903154101804612, 0.49990244761652936, -0.16481498227793542, -0.19533866421315219, 0.3263340468999869, 0.5209165550933869, 0.033485106311138255, -0.09604785041384235, 0.4194619458926618, -0.02637486889665228], [0.2814622876683222, 0.13746346258242428, -0.5541572633007931, -0.09525132419841531, -0.568540316950633, 0.5287300069936279, -0.6413665059403014, 0.5707342217533189, -0.6575886039755188, 0.6830879437753247, -0.1187285329783015, -0.11658691421963363]], "inverted": true, "swapped": true, "error_lsq": 0.043425906722227035, "error_max": 0.2589476703244853, "target": "393.xyz", "model": "2.xyz", "model_rescale": 3.795458400668931, "target_rescale": 4.12101692977799},
{"mapping": [10, 12, 8, 2, 9, 1, 5, 11, 0, 4, 7, 13], "R": [[0.9641487392642523, -0.04809865002992974, -0.26096691062364885], [-0.15213819249026958, -0.9059511942019762, -0.3951030297401009], [-0.217419361973461, 0.42064112208545623, -0.8807893434015546]], "T": [0.08878224102311325, -0.025996798206095486, 0.014586925893496624], "aligned_model": [[-0.12664448298759856, -0.21581661271299227, -0.6778849963190325, 0.27836330177859303, 0.07307966506383945, 0.08717514789695266, -0.4030701118656279, 0.5872208551749668, 0.4347067140625307, 0.8983016991853622, -0.4575948040295623, 0.11546745049613374], [-0.1810168582581525, -0.63465774926006, -0.03919467220244341, 0.10609367303558712, 0.44405296685776857, 0.5939030866626709, -0.3086881197266406, -0.09661891363073959, -0.4621260734602503, 0.018288066032712578, 0.5601795476248724, 0.08555409161438443], [-0.734655570016495, -0.21331673127397743, -0.11940285656206644, 0.7817728869700569, -0.435805428983275, 0.3666058370001628, 0.445415257307572, -0.28769466922186476, 0.5757947319078005, 0.31685241222768246, -0.0752202365875965, 0.06842579787110095]], "inverted": false, "swapped": true, "error_lsq": 0.04566793766943301, "error_max": 0.2326019028618416, "target": "393.xyz", "model": "3.xyz", "model_rescale": 3.7530521520055578, "target_rescale": 4.12101692977799},
{"mapping": [3, 10, 7, 8, 1, 12, 2, 6, 0, 5, 13], "R": [[-0.9745415762498112, -0.15099774967184543, -0.1657359217386879], [-0.22123042572289497, 0.7676659895662893, 0.6014532626876977], [0.03641174116957924, 0.6228070391840869, -0.7815277199484041]], "T": [-0.16626044508186913, -0.07068289930526457, -0.05471203025287777], "aligned_model": [[-0.40348871729609254, -0.2496055105477576, 0.4985635431593982, 0.47130879505159573, 0.1560864380915217, -0.1758904255881113, -0.06269253033986012, -0.5982929348582726, -0.4615109124258393, 0.29875698648507787, -0.1350351292864549], [-0.756076292510889, 0.27540346242339825, -0.36118592558607865, 0.2746308826285177, -0.6834753686280193, 0.6369800439796807, -0.3884698151222154, 0.25270932745171365, 0.09165048255154852, 0.3154657275625791, -0.19042916643588936], [-0.11567358125380164, -0.7654032715116037, -0.4065826976660757, -0.33785502334395767, 0.11491591625084543, -0.17433273984078104, 0.6734694946669258, 0.14921582672099215, 0.6603416194691546, 0.3222418101058827, -0.027506576352264292]], "inverted": false, "swapped": true, "error_lsq": 0.045133823468511886, "error_max": 0.21226188971491183, "target": "393.xyz", "model": "4.xyz", "model_rescale": 3.7855080009869324, "target_rescale": 4.12101692977799},
{"mapping": [8, 12, 13, 14, 15, 7, 10, 1, 0, 2, 3, 9, 5, 16], "R": [[-0.9672665515459952, -0.24336595373914965, 0.071891799399882], [0.24703955948422712, -0.9678414521313353, 0.04748030735101863], [0.05802477324520785, 0.06368623161203903, 0.9962816818515233]], "T": [-0.08802957659382322, 0.020025521282976497, -0.1512803601521253], "aligned_model": [[0.23818157220747738, -0.17904116166783213, 0.03310327262996651, 0.35613287535196464, 0.6879320375314044, -0.3452059190650975, 0.3296185531216339, -0.6870951066986689, -0.5906553089535462, 0.025130742567275224, 0.09319144685660112, 0.4933156381476111, -0.2940043788260636, -0.05045329616350494], [0.5269520667829238, -0.528017144206076, 0.014421677830859948, -0.4782204033298698, 0.15372932261982453, 0.7076606341307788, 0.5258724648682659, -0.4381410269255759, -0.17778776365680699, -0.5906518261467898, -0.1218147089806513, -0.146908562019491, 0.3613899742580565, -0.017806116590421767], [-0.5144905442450907, -0.5442579564551762, -0.8655373647750335, -0.2615895321237468, -0.3948475451301182, -0.0016549868767462839, 0.16597849864442013, -0.08564619426094944, 0.41149060639794244, 0.24878664308882462, 0.5040492478601954, 0.2243321694288817, 0.5530973337804106, -0.14468168448019733]], "inverted": true, "swapped": false, "error_lsq": 0.047720709498002924, "error_max": 0.33482920416834133, "target": "393.xyz", "model": "5.xyz", "model_rescale": 4.2253639853439635, "target_rescale": 4.12101692977799},
{"mapping": [2, 11, 5, 8, 10, 6, 4, 12, 7, 9, 0, 1, 3, 13], "R": [[0.6425966953357984, -0.20636579046131948, 0.7378906746061954], [0.37836903362107016, 0.9228971380693798, -0.07139850796764621], [-0.6662629822676392, 0.3250754267406618, 0.6711330757675471]], "T": [0.05807093059917241, -0.043826631295158486, -0.058435813938501925], "aligned_model": [[0.15865695464343266, -0.44857538862820406, 0.08128162396488288, 0.4145483944888673, 0.6870039160696498, -0.46509182101607777, 0.4243005190432998, -0.7446794805089488, -0.6115093866314073, 0.15354343818871952, -0.031214253894801133, 0.7142356359834044, -0.25583406032970807, 0.0334848756661115], [0.5629751285460184, -0.32797941017146537, 0.09489261313617403, -0.5622936473467707, 0.15464486613585995, 0.27885521246687994, 0.45498081328548057, -0.5102679804237696, 0.0660220854069952, -0.6013305630136302, -0.19089512044625848, -0.14725539670254428, 0.511192724305265, 0.007137263456791887], [-0.32647627367891263, -0.5762393425894881, -0.6756549819724897, -0.4457091626264792, -0.4750469502320734, -0.2478959183188191, 0.28504392925679006, 0.038352665530157724, 0.3526440739704031, 0.17106537102225755, 0.7248021222311459, 0.2537438648565705, 0.2520905847415012, -0.03569129133694772]], "inverted": true, "swapped": false, "error_lsq": 0.04794449721401902, "error_max": 0.29106017314712057, "target": "393.xyz", "model": "6.xyz", "model_rescale": 3.89814844738969, "target_rescale": 4.12101692977799},
{"mapping": [9, 3, 1, 10, 7, 4, 11, 8, 12, 0, 2, 5, 13], "R": [[0.7616426494732722, 0.5453799581125814, 0.349944532451149], [-0.2646373744202456, -0.23116072126464768, 0.9362327600572237], [0.5914960139876625, -0.8056832021542507, -0.03173394402182175]], "T": [-0.12905889963566014, 0.032257930429853025, 0.0004326680115101615], "aligned_model": [[0.12224772168465475, -0.016988269422780963, 0.42179633601703453, -0.29530336020559667, 0.624578645536565, -0.5213419267934791, -0.5632094928138289, 0.3011827600434574, -0.4523074006086502, -0.5315749843932844, 0.04035577428849879, 0.06808949172499884, -0.048893494153366635], [-0.30818217556625505, 0.31538656414790367, 0.410259339788125, -0.739171727817012, -0.2417174780460215, 0.69417146538483, 0.005914570639460819, -0.45954650132253316, -0.38665451473862056, 0.6338226319566926, 0.8038178663600272, 0.13044586299312752, 0.10523536169076111], [-0.49453414114817584, -0.6606543292140756, -0.24830254795623982, -0.09476854952745012, -0.08420678060676462, -0.39533472000839354, -0.3940568601741662, 0.4234298472924382, 0.4854187109934305, 0.31812339608052226, 0.13443678581982532, 0.6778821592188722, -0.06515793993352723]], "inverted": true, "swapped": true, "error_lsq": 0.05220837965208266, "error_max": 0.39870637788160657, "target": "393.xyz", "model": "7.xyz", "model_rescale": 3.7474275329858107, "target_rescale": 4.12101692977799},
{"mapping": [10, 9, 11, 5, 6, 12, 0, 4, 13, 8, 2, 3, 1, 14], "R": [[-0.7793210590880587, -0.5270023704110969, -0.33900912737410455], [-0.40251072274924976, 0.8356449187546352, -0.373741471918004], [0.48025389632333376, -0.1548097908423255, -0.8633597881101553]], "T": [-0.016014427520608145, 0.04025220484687268, -0.08651624368590549], "aligned_model": [[0.20657460169066075, -0.1134382578298262, -0.3051621902475024, 0.4609878302487088, 0.7635764525526422, -0.43745436065171284, 0.46166583416025364, -0.493181249144252, -0.9056040783348259, -0.0018433507723037632, -0.04938621605323699, 0.5873797939770456, -0.009689288198789787, -0.054274554357640115], [0.5877822954644868, -0.4737327886457939, 0.08930486130810701, -0.4299678536897537, 0.13975531971656374, 0.482998306616813, 0.43666573208215903, -0.4639262045571709, 0.043210461273248915, -0.6233381165597017, -0.24010306019111222, -0.21564618758843057, 0.4253283867258271, 0.032347436679783986], [-0.5618353824035827, -0.6402927905354655, -0.6346652779767585, -0.3402550989183541, -0.3084966217277245, -0.17022341738880492, 0.1345971223785274, 0.27451256635274524, 0.0428411317347584, 0.07051044759884889, 0.7065012497815848, 0.20428603140299428, 0.5588349373093249, -0.04128620675447679]], "inverted": false, "swapped": false, "error_lsq": 0.05344480948962949, "error_max": 0.3492092323162601, "target": "393.xyz", "model": "8.xyz", "model_rescale": 4.019505241142653, "target_rescale": 4.12101692977799},
{"mapping": [5, 0, 1, 7, 8, 9, 3, 12, 10, 6, 4, 11, 13], "R": [[-0.07904238998230215, -0.8897084008652558, 0.44963458721018695], [0.806553747723413, -0.32215297193174774, -0.49566976376299166], [0.5858526714278967, 0.32347553865065604, 0.7430613859402635]], "T": [-0.0048155016770096565, -0.0863685416517786, 0.014337542058887327], "aligned_model": [[-0.43615872130134353, -0.7589082332034568, 0.12731022098903338, 0.5205774718078247, 0.20321827603057502, 0.637762971090705, 0.28888018120325104, -0.17705248695393566, 0.49263681371460133, -0.37695320759848044, -0.32612891138257116, 0.10246282014313139, 0.022053577201842], [-0.5891153097675224, 0.14410928384977437, 0.18265697903347017, -0.38773624149076186, -0.8152694183157638, 0.0140899292014455, 0.5520256015913805, -0.6181603204169879, -0.4358640532901437, 0.006689273387409794, 0.7145631436013904, 0.3096583854360551, -0.014269024705687222], [-0.2476450632559456, 0.06957169384705925, -0.6324729606506432, -0.5179552750180202, -0.1626696832895029, -0.018029537345003226, -0.17527635779667125, 0.46458260524784256, 0.5263905582301889, 0.4452377002055597, 0.07689515449492657, 0.434405075556754, -0.08633041618266557]], "inverted": false, "swapped": true, "error_lsq": 0.05585272658929495, "error_max": 0.37730036340272544, "target": "393.xyz", "model": "9.xyz", "model_rescale": 3.877068213659057, "target_rescale": 4.12101692977799},
{"mapping": [6, 9, 10, 2, 13, 12, 3, 8, 0, 7, 1, 4, 5, 15], "R": [[0.16068245404469111, 0.6764400571559728, -0.7187558681756971], [-0.9864582396016663, 0.13432307010483152, -0.09411404974600923], [0.03288298167985265, 0.7241451248972383, 0.6888632285173928]], "T": [0.030628099020675714, 0.005683981987807563, -0.15669010767978286], "aligned_model": [[0.1541981914134422, -0.1190506961906808, -0.2512536680307985, 0.3949989384399956, 0.7063701449770452, -0.37631168896832373, 0.3857185113174095, -0.4501072054571642, -0.6582902335449334, 0.1337265541108383, -0.18775954468371397, 0.5097926539353762, -0.08444117717898812, -0.0474398131002835], [0.5419771135923985, -0.47167365668053224, 0.1554657411679209, -0.5303397249642252, 0.07866038649644178, 0.6242821383486739, 0.4418576083930439, -0.5909719558043969, 0.124569624447262, -0.6429262058088276, -0.18187295473792173, -0.153071197749378, 0.37109656749244485, 0.023625104442122617], [-0.43494302210231295, -0.5872377205737769, -0.7901874427023755, -0.29905525410181427, -0.5250454085448082, -0.05703296738398951, 0.13729069008031902, -0.06603584835347495, 0.22412975880017588, 0.3280387879528621, 0.661867063669134, 0.29418548709662756, 0.5246527915069858, -0.11559822448993519]], "inverted": true, "swapped": false, "error_lsq": 0.040941767400947036, "error_max": 0.25044232888619317, "target": "393.xyz", "model": "10.xyz", "model_rescale": 4.260839863003843, "target_rescale": 4.12101692977799},
{"mapping": [4, 0, 5, 2, 7, 1, 3, 11, 12, 8, 9, 13], "R": [[-0.8669892070245075, -0.12415167961634113, -0.48261379523533837], [-0.10089872442672836, 0.9921432016287934, -0.07396833694782345], [0.4880052892255113, -0.01543463346532712, -0.8727041937436284]], "T": [0.08180290666303942, -0.014022469672728377, 0.06670134446327047], "aligned_model": [[0.4627498149332195, 0.20003362637449423, -0.3833169754151149, -0.2728673899140005, -0.5074481462067842, -0.3866305716591074, 0.1892082185487, 0.6331111406737405, 0.2601081292702843, -0.3769641322824399, 0.1190801199722983, 0.02183481479884035], [-0.026906122537723884, -0.626193673337588, -0.534659152851739, -0.2643401337876298, 0.46334509710115485, 0.3377629239281393, 0.5244684761782122, 0.14077932053232678, -0.45730337368122975, -0.05407836165873219, 0.6127360979104701, 0.057467407737273636], [-0.7100616767607306, -0.4191943250304284, 0.2082891648371342, -0.6067325556494296, 0.3407438832949853, -0.33951642597697784, -0.41105305635728395, -0.06329225103847574, 0.6023299282020048, 0.6942636345897195, 0.23941710283160114, -0.019015345546613632]], "inverted": true, "swapped": true, "error_lsq": 0.04223581326608556, "error_max": 0.2898737148457002, "target": "393.xyz", "model": "11.xyz", "model_rescale": 3.890672605050136, "target_rescale": 4.12101692977799},
{"mapping": [0, 5, 8, 7, 3, 6, 0, 9, 11, 12, 10, 4, 2, 13], "R": [[0.9195699466057556, -0.2993751632859112, 0.25449091321110384], [0.2813642807291179, 0.049606383177392945, -0.9583179786886207], [0.27427222759381553, 0.9528450652417693, 0.1298500166158425]], "T": [-0.12393022916192636, 0.07726144050433413, -0.06622276535498452], "aligned_model": [[0.23617744620468395, -0.2471941642549568, 0.03901631475845363, 0.39932507144211754, 0.724319439394906, -0.5490555066151022, 0.23617744620468395, -0.7586420233504625, -0.44907044082526165, 0.03688246273405177, -0.05149464039116414, 0.4685873654656589, 0.01983215487138154, 0.005290041400230983], [0.5219024435932391, -0.5848735578228744, 0.13084305142077954, -0.532854386562802, 0.18187360602714225, 0.36617128552170225, 0.5219024435932391, -0.373113950809244, 0.16076841428554617, -0.6165319988680312, -0.3309430542661533, 0.11446595437120803, 0.26025199902454815, -0.02918366087327333], [-0.21220694347495744, -0.455267014934217, -0.7660573748407794, -0.3506990178407711, -0.41635409874274, -0.32671833895261376, -0.21220694347495744, -0.07732957581127328, 0.36975038976431585, 0.15268837724425766, 0.726028886818216, 0.30606176028341947, 0.6056484768456382, -0.04830989202992124]], "inverted": false, "swapped": false, "error_lsq": 0.05720909832382857, "error_max": 0.3506089416478866, "target": "393.xyz", "model": "12.xyz", "model_rescale": 4.124412569039231, "target_rescale": 4.12101692977799},
{"mapping": [2, 1, 8, 4, 5, 0, 3, 6, 9, 11, 12, 10, 13], "R": [[0.6549575662336093, -0.46684275810837556, -0.5942124415014484], [0.3341662856263811, 0.8842100325011353, -0.3263518223865296], [0.6777635870891968, 0.015180830876662305, 0.7351231613749352]], "T": [0.16057979520297833, 0.16192903086069932, -0.005791819551646545], "aligned_model": [[-0.20813114658261506, -0.2490497381697208, 0.8129143327695645, -0.5748349492673641, 0.6367177888496383, 0.020516102774337824, -0.5286096904360933, 0.1958826629704953, -0.005893010168244728, -0.14744364519256653, 0.7887461407395455, 0.5596837608185194, 0.06679969840426075], [-0.2618696469971966, 0.40413133360645825, 0.5107016172982413, -0.2787348667580385, -0.11578177062034578, -0.6088475904205426, 0.3957204312764195, -0.31200251245901583, 0.7717370833804504, 0.10638778620710768, -0.03325881980591652, 0.5680519844926194, 0.20125034730823643], [0.5655312870320695, 0.5249976431535444, 0.23653736264027683, -0.12253002890863536, 0.4454459151305805, 0.09962283532247167, -0.01661315331009939, -0.332844988276813, -0.16221294988159118, -0.5026211950110506, -0.29301549070873695, -0.5603947236886504, 0.06979556747447382]], "inverted": true, "swapped": true, "error_lsq": 0.0456870374782587, "error_max": 0.2779503312311432, "target": "393.xyz", "model": "13.xyz", "model_rescale": 3.9028299243045295, "target_rescale": 4.12101692977799},
{"mapping": [8, 6, 2, 3, 0, 12, 5, 9, 14, 7, 10, 4, 13, 15], "R": [[0.07070591329172074, -0.9915908057951781, -0.10838979512875363], [0.9577396322624603, 0.09785787335415727, -0.27047852671953276], [0.2788108151047067, -0.08468477127011229, 0.9566049440054019]], "T": [-0.03664185652713517, 0.012766087858289147, -0.15103977252849587], "aligned_model": [[0.297662739951041, -0.23888824660317995, 0.10371539325345419, 0.3494739601255754, 0.7369353328864646, -0.40157975123538536, 0.18738510607421194, -0.5193680902898771, -0.6698587406166634, 0.016460346172404994, 0.013778986619895461, 0.5427993191088997, -0.22607746661255715, -0.08228792179506324], [0.6714422168050688, -0.5230577039122655, 0.1898192962636259, -0.4180762795030581, 0.09278433404595796, 0.6052687838385601, 0.3832798003736206, -0.5592915242587939, 0.0011281408741535305, -0.7784934708944068, -0.17332588209901337, -0.1327581179491759, 0.5160024039658553, -0.08404340891510204], [-0.37663532542542866, -0.4922105862319408, -0.8518263116280922, -0.3833733169322934, -0.4380795285567055, -0.14995477349316663, 0.12215126414890604, 0.050382490689356546, 0.46698254800442474, 0.28681456693625823, 0.5688075163757045, 0.16901319712550522, 0.4350649208303644, -0.11210797098927622]], "inverted": false, "swapped": false, "error_lsq": 0.03684300511582838, "error_max": 0.2116911391876267, "target": "393.xyz", "model": "14.xyz", "model_rescale": 3.942246331269136, "target_rescale": 4.12101692977799},
{"mapping": [7, 11, 6, 10, 9, 0, 2, 13, 12, 4, 3, 5, 1, 14], "R": [[-0.678790512018839, -0.41368939893315115, 0.6067161791179883], [0.725517906200186, -0.25018288206660955, 0.6411180026358201], [-0.11343371886745525, 0.8753682692051235, 0.4699608331475359]], "T": [-0.004961633377422118, -0.0738622458255705, -0.09266455688319153], "aligned_model": [[0.20557055028435764, -0.2867836246181751, 0.07779352306364522, 0.44657669061929334, 0.7152012787624112, -0.2188793279770697, 0.2974538022557381, -0.6844229146591239, -0.6445207285069027, -0.011591578179587728, 0.02314817496164778, 0.38171109275182613, -0.1549953018555007, -0.03611066986333905], [0.5737776189382338, -0.4877308892033606, -0.03051351480826829, -0.5867453298285767, 0.07665315013244134, 0.629664833727333, 0.6189003221342511, -0.5137536252539437, -0.043209669421952215, -0.6418153122597441, -0.2806301923686345, 0.1898380790736353, 0.27470003346287897, 0.011543084310733337], [-0.6095961900227812, -0.6058897861327625, -0.6440826024167278, -0.29776111986990883, -0.41957861545247244, -0.09014440982554953, 0.013509109173915873, -0.016784466945530707, 0.4153717032004064, 0.05241933292730466, 0.5950888767383006, 0.3359680360270338, 0.6233212471386966, -0.05681242368630791]], "inverted": true, "swapped": false, "error_lsq": 0.05630374830132062, "error_max": 0.3701439156130496, "target": "393.xyz", "model": "15.xyz", "model_rescale": 4.355366556412066, "target_rescale": 4.12101692977799},
{"mapping": [5, 6, 2, 9, 1, 8, 3, 10, 4, 12, 11, 13], "R": [[-0.7651842351136431, -0.6435290261518138, -0.019065120866322643], [-0.5184187747690083, 0.6334412862017276, -0.574451138829145], [0.38175261662567483, -0.42967723867479835, -0.8183168153375875]], "T": [-0.045318838468414877, -0.01876964746468703, -0.002898258206758951], "aligned_model": [[-0.15294970567681299, 0.5132967021255491, 0.061508688355751615, -0.4280678356529888, -0.45387187706270415, -0.5857824065827312, -0.10026794273788642, -0.15250461559048129, 0.5179726654953873, 0.15125100160050514, 0.3279627121605811, -0.10073883180238896], [-0.6629752418426413, -0.051456656248037996, -0.5903154101804612, 0.49990244761652936, -0.16481498227793542, -0.19533866421315219, 0.3263340468999869, 0.5209165550933869, 0.033485106311138255, -0.09604785041384235, 0.4194619458926618, -0.02637486889665228], [0.2814622876683222, 0.13746346258242428, -0.5541572633007931, -0.09525132419841531, -0.568540316950633, 0.5287300069936279, -0.6413665059403014, 0.5707342217533189, -0.6575886039755188, 0.6830879437753247, -0.1187285329783015, -0.11658691421963363]], "inverted": true, "swapped": true, "error_lsq": 0.043425906722227035, "error_max": 0.2589476703244853, "target": "393.xyz", "model": "16.xyz", "model_rescale": 3.795458400668931, "target_rescale": 4.12101692977799},
{"mapping": [9, 3, 1, 10, 7, 4, 11, 8, 12, 0, 2, 5, 13], "R": [[0.7616426494732722, 0.5453799581125814, 0.349944532451149], [-0.2646373744202456, -0.23116072126464768, 0.9362327600572237], [0.5914960139876625, -0.8056832021542507, -0.03173394402182175]], "T": [-0.12905889963566014, 0.032257930429853025, 0.0004326680115101615], "aligned_model": [[0.12224772168465475, -0.016988269422780963, 0.42179633601703453, -0.29530336020559667, 0.624578645536565, -0.5213419267934791, -0.5632094928138289, 0.3011827600434574, -0.4523074006086502, -0.5315749843932844, 0.04035577428849879, 0.06808949172499884, -0.048893494153366635], [-0.30818217556625505, 0.31538656414790367, 0.410259339788125, -0.739171727817012, -0.2417174780460215, 0.69417146538483, 0.005914570639460819, -0.45954650132253316, -0.38665451473862056, 0.6338226319566926, 0.8038178663600272, 0.13044586299312752, 0.10523536169076111], [-0.49453414114817584, -0.6606543292140756, -0.24830254795623982, -0.09476854952745012, -0.08420678060676462, -0.39533472000839354, -0.3940568601741662, 0.4234298472924382, 0.4854187109934305, 0.31812339608052226, 0.13443678581982532, 0.6778821592188722, -0.06515793993352723]], "inverted": true, "swapped": true, "error_lsq": 0.05220837965208266, "error_max": 0.39870637788160657, "target": "393.xyz", "model": "17.xyz", "model_rescale": 3.7474275329858107, "target_rescale": 4.12101692977799},
{"mapping": [10, 9, 12, 7, 11, 5, 3, 6, 4, 2, 0, 1, 8, 13], "R": [[0.2898450167433073, -0.6607229159855705, 0.6924125176226934], [0.8903557976146128, 0.4515345107610752, 0.058164759483758155], [-0.35107893688331526, 0.5996347337198549, 0.7191535066963103]], "T": [0.06270552507527592, -0.007847539143511405, -0.07146855380303585], "aligned_model": [[0.11898467337572376, -0.41962050564849795, -0.06883738909427752, 0.4153182552166164, 0.6887843950367443, -0.4451621540911127, 0.4941469245782466, -0.49781189068202103, -0.7034795165982987, 0.07958448478010074, -0.07342627832510358, 0.6324623220048953, -0.1511105424169984, 0.040318188903204], [0.6414789492034555, -0.3433646566440731, 0.04397589607062977, -0.4550924343415414, 0.18543528821381547, 0.40734842220924666, 0.4154233880767736, -0.5089138221019373, 0.08123657008443996, -0.670313269348828, -0.21446460914280704, -0.22623519390359098, 0.5177340562365169, -0.0835699959770734], [-0.2987286239012147, -0.3916466758014612, -0.8058034342274148, -0.5644751950340343, -0.37544825549803884, -0.3762679481672617, 0.23722097027290767, 0.10101802009568875, 0.2355336048527802, 0.18286779993449476, 0.7272303314276473, 0.25441860674577965, 0.37000752380324087, -0.0008980336494964214]], "inverted": true, "swapped": false, "error_lsq": 0.0496386908511292, "error_max": 0.30425710275897977, "target": "393.xyz", "model": "18.xyz", "model_rescale": 3.922800546911778, "target_rescale": 4.12101692977799},
{"mapping": [9, 1, 2, 6, 10, 3, 11, 5, 12, 8, 13, 4, 7, 14], "R": [[0.6411687061376946, -0.7652333909543423, 0.0576241931677411], [0.7503734318292763, 0.6409028597295336, 0.16181235180065834], [-0.16075572485752712, -0.06050935265745458, 0.9851376630534976]], "T": [-0.04992950157701169, -0.09877298391643134, -0.06666282344062159], "aligned_model": [[0.10538158369402305, -0.10590241772608283, 0.044732934929567675, 0.4161632319779261, 0.6532665725872435, -0.5264919786332964, 0.42370627750619483, -0.7205018613761711, -0.6298461555458122, -0.05454070914377247, 0.13096160050933114, 0.6242421880198178, -0.18497636308364535, -0.06604393667610291], [0.6386859894121233, -0.5201846702121208, 0.2404938227728321, -0.5588567648999166, 0.13645317706980353, 0.3213529305218183, 0.34171186134092263, -0.46322958538434733, 0.015792558053115788, -0.6519865412175634, -0.05943398163408606, -0.23114429616885568, 0.5900399389620812, -0.00901584998078031], [-0.37451979569252786, -0.6726844791981019, -0.6904143924016093, -0.2831073893607145, -0.3841286983484027, -0.1410379877396512, 0.2314744983418976, -0.07281230354534052, 0.45216803108652337, 0.1947260646258417, 0.5948087170700818, 0.16101569493757828, 0.3147950661506461, -0.03525433507260388]], "inverted": false, "swapped": false, "error_lsq": 0.04337011111962467, "error_max": 0.25981803127136055, "target": "393.xyz", "model": "19.xyz", "model_rescale": 3.9282355846067225, "target_rescale": 4.12101692977799},
{"mapping": [5, 8, 6, 4, 3, 7, 1, 9, 12, 11, 10, 0, 2, 13], "R": [[-0.7365055726388934, -0.513811139801517, -0.4399518770135227], [0.6525034798794507, -0.3681933082314002, -0.6623238607500295], [0.17832204074949082, -0.7748753450649228, 0.6064399800420928]], "T": [-0.05798339045465713, -0.01251122249218763, -0.1440111730073249], "aligned_model": [[0.18957596497000634, -0.27719724811856616, -0.05815915310596813, 0.3208249380920643, 0.6422288111655543, -0.5436777019862847, 0.5105236182849969, -0.517242582172012, -0.7914939715220685, 0.11793725414882177, -0.1134706799629659, 0.6161883364286498, -0.03161723106229504, 0.04573061187928784], [0.6124946361331833, -0.5608943167287863, 0.2523630297203954, -0.45785875311962243, 0.11927112030683078, 0.3776151547552585, 0.3342202074166486, -0.5118065270153408, -0.10319040583705548, -0.6170669379730783, -0.03392224818054625, -0.28044848828278995, 0.639473598790233, 0.020428518649696626], [-0.3331465596336247, -0.623430452648629, -0.7412428313103484, -0.3838812881269397, -0.38627416227752953, -0.14354010907926457, 0.199613466437924, -0.009066669814203787, 0.2761481520559443, 0.197935438333743, 0.7154637118342619, 0.1934782230759809, 0.3589170811364488, -0.02594530913014624]], "inverted": false, "swapped": false, "error_lsq": 0.041550196237023315, "error_max": 0.2630739220626213, "target": "393.xyz", "model": "20.xyz", "model_rescale": 4.067790424073018, "target_rescale": 4.12101692977799},
{"mapping": [9, 13, 10, 5, 1, 12, 7, 6, 3, 4, 2, 8, 0, 14], "R": [[-0.21293170093052405, 0.9020769720365585, -0.37538943413499004], [0.9598186950000749, 0.12124673751058257, -0.25307568308984807], [-0.1827790017129626, -0.4141936324527382, -0.8916476161401538]], "T": [-0.04472634903936837, -0.06705700390459812, -0.04251381931834276], "aligned_model": [[0.15051509394995818, -0.059099032721894956, -0.0786438874417309, 0.324745635186108, 0.6052918121155504, -0.4511001185446396, 0.5085537539722214, -0.48169986833817324, -0.8001584508916183, 0.20211831282589776, -0.2693720355560416, 0.48443802047960016, 0.030005120911220845, -0.05544338890723703], [0.5761719971279574, -0.32806208992299907, 0.21268885629879986, -0.5010289225650186, 0.1137646703850474, 0.5649632370305189, 0.419582967100966, -0.6488904645442587, 0.1182259683383608, -0.6754212260742656, -0.23336205387115655, -0.1275430690938995, 0.3267083242670369, -0.02711960584206273], [-0.43262550927263843, -0.691969958032488, -0.8118503359620374, -0.19621791017011075, -0.5095095511561037, -0.19226241331535093, 0.0746468542883527, 0.09195130704185943, 0.3020693728700262, 0.41730481974362105, 0.6471229527754929, 0.16118792999805764, 0.5438496372935676, -0.1086685052486316]], "inverted": false, "swapped": false, "error_lsq": 0.04704897349077648, "error_max": 0.2886372292928455, "target": "393.xyz", "model": "21.xyz", "model_rescale": 4.186013935880536, "target_rescale": 4.12101692977799},
{"mapping": [11, 3, 9, 12, 0, 10, 6, 4, 7, 1, 2, 5, 13], "R": [[0.5807003577669727, 0.004426843283453663, -0.8141053356586322], [0.6333223415046865, 0.6258913316851593, 0.4551514612438367], [0.5115563568565361, -0.7798977137932397, 0.36065170147906783]], "T": [0.10537934026398148, -0.0428604400862655, 0.023689096641629666], "aligned_model": [[-0.08413233258188736, -0.3781013486228913, 0.27665245657013265, 0.6152018915904884, -0.39431975382046763, 0.7513086256627676, -0.01693905397004135, -0.7089650564463589, 0.44606576202018894, -0.24414996399793792, -0.525970603487923, 0.2946350160647313, 0.027288396442423382], [-0.4157775203288619, 0.19480372628005116, 0.23674212090393087, -0.47819181513406067, -0.415826204005809, -0.2803820293820119, -0.5931880524339772, -0.29608298484104917, 0.6789651990112746, 0.5775037023138498, 0.19220053385331468, 0.06448833343485619, 0.05370164987458561], [-0.38840418785674313, -0.4657185399834871, -0.5389249392464716, 0.2801189155853373, 0.5095121525249356, -0.3740081034951088, 0.14615911304918616, -0.1224918629501596, -0.09075048994240512, -0.010565247195274678, 0.45740185540949385, 0.7019992774991571, -0.001448382063114359]], "inverted": true, "swapped": true, "error_lsq": 0.046166072602302426, "error_max": 0.23694954060238882, "target": "393.xyz", "model": "22.xyz", "model_rescale": 4.166573947596378, "target_rescale": 4.12101692977799},
{"mapping": [14, 7, 10, 5, 13, 9, 12, 4, 3, 1, 2, 6, 11, 15], "R": [[0.13562519952956814, 0.989920988223368, -0.040770606169586665], [0.780287693362979, -0.08136466998228115, 0.6201055604209307], [0.610538222258727, -0.1159147426065606, -0.7834582641134168]], "T": [-0.10343439003453088, 0.001809967999522842, -0.04361750261343985], "aligned_model": [[0.2618903373497312, -0.050693930114559915, 0.01927302195050483, 0.4670126397481849, 0.4953385782310263, -0.4586756048016299, 0.30759946706401287, -0.6012015211356663, -0.5623581331689318, 0.12487421502496589, -0.09310662942548584, 0.497368094874082, -0.22825148677032098, -0.06891808178669258], [0.5999374107964195, -0.37854346544002315, 0.13735982183994713, -0.5017085248238807, 0.02588304417929551, 0.4691316904972552, 0.44094449711521, -0.4944076268749632, 0.07476917030414348, -0.6341819499540929, -0.2590176698723593, -0.2032606924152898, 0.5712373820861032, -0.057464498802738524], [-0.41071308819722996, -0.6468913684558072, -0.7699165878888193, -0.3784626829554471, -0.6417015756110757, -0.16956691029224683, 0.2163697833954236, 0.17050744945174903, 0.3378174260475944, 0.1832933213254141, 0.5766014263721791, 0.37601332362735557, 0.48767002770844, -0.0359918536739129]], "inverted": false, "swapped": false, "error_lsq": 0.042054625442208525, "error_max": 0.25934668830540164, "target": "393.xyz", "model": "23.xyz", "model_rescale": 4.274766983524099, "target_rescale": 4.12101692977799},
{"mapping": [0, 1, 3, 11, 9, 10, 12, 8, 5, 7, 13], "R": [[-0.5959587595530411, 0.538794064419718, -0.5954276723986562], [-0.22802087058477286, -0.8245128941510395, -0.5178657837282158], [-0.769960803865861, -0.1728567138550244, 0.6142319732686335]], "T": [-0.039260425219935655, 0.018367966745373013, -0.07177733296859276], "aligned_model": [[0.3717327291212613, 0.17091691548996407, -0.357050600898546, -0.515878071206557, -0.5051536426734216, -0.5780521035784453, -0.005658803217079719, 0.1861408979657025, 0.6049379295066452, 0.0297776891047509, -0.02181823565619956], [-0.33818797426359404, 0.6857584268415625, 0.5356203312833011, -0.12176260515903785, 0.41111138348898013, -0.2438620175403713, -0.6044258956892832, 0.01859504940137975, -0.16983651183455195, 0.6068370333169348, 0.13573931139816348], [-0.6451700215586936, -0.20820028928482295, -0.47329577950646207, -0.38482962949758137, 0.15788055258117603, 0.45047085782490637, 0.28345136505294266, 0.6732731958104836, 0.16704001452585554, 0.47515393023002106, -0.11620776215624828]], "inverted": false, "swapped": true, "error_lsq": 0.04960813399421807, "error_max": 0.25495782079803164, "target": "393.xyz", "model": "24.xyz", "model_rescale": 3.7841303162186577, "target_rescale": 4.12101692977799},
{"mapping": [5, 8, 2, 1, 4, 12, 3, 10, 14, 7, 11, 6, 13, 15], "R": [[-0.5857893747719946, 0.8095827321769541, 0.03777046683765073], [0.278572417133863, 0.24489282133317858, -0.9286683554809396], [-0.7610835807034815, -0.5334822450844773, -0.3689830312672833]], "T": [-0.05514468481375785, -0.1613168756472741, -0.08020099278949341], "aligned_model": [[0.1725974581878994, -0.05326653637366865, -0.08985062475966837, 0.38874148457267477, 0.5662970153254222, -0.35492956506717654, 0.406955021655924, -0.6296765981588023, -0.7654227329181711, 0.05938980024588207, 0.03790452264867718, 0.6009986830087336, -0.23407226811237591, 0.004485306783870421], [0.6257849225733259, -0.40549372673246975, 0.18729633011529168, -0.5379269659646082, 0.10096840629716697, 0.5307583365904018, 0.4357405788989996, -0.5773016173159535, 0.1368319255688863, -0.6718572706698174, -0.13146109444643245, -0.14507577260276594, 0.3890008478737332, -0.14658631155073165], [-0.3931594900101214, -0.6185613939998891, -0.7480762494262696, -0.5429820450180958, -0.3991382704191325, -0.15978008932718182, 0.20084730356632743, 0.2393688439037139, 0.10930190699020065, 0.30585070955438665, 0.6812962471806762, 0.2218562198002498, 0.44623544248509195, -0.04803044442633967]], "inverted": true, "swapped": false, "error_lsq": 0.04286005481465851, "error_max": 0.2644438945151842, "target": "393.xyz", "model": "25.xyz", "model_rescale": 4.19342608120988, "target_rescale": 4.12101692977799},
{"mapping": [5, 6, 2, 9, 1, 8, 3, 10, 4, 12, 11, 13], "R": [[-0.7651842351136431, -0.6435290261518138, -0.019065120866322643], [-0.5184187747690083, 0.6334412862017276, -0.574451138829145], [0.38175261662567483, -0.42967723867479835, -0.8183168153375875]], "T": [-0.045318838468414877, -0.01876964746468703, -0.002898258206758951], "aligned_model": [[-0.15294970567681299, 0.5132967021255491, 0.061508688355751615, -0.4280678356529888, -0.45387187706270415, -0.5857824065827312, -0.10026794273788642, -0.15250461559048129, 0.5179726654953873, 0.15125100160050514, 0.3279627121605811, -0.10073883180238896], [-0.6629752418426413, -0.051456656248037996, -0.5903154101804612, 0.49990244761652936, -0.16481498227793542, -0.19533866421315219, 0.3263340468999869, 0.5209165550933869, 0.033485106311138255, -0.09604785041384235, 0.4194619458926618, -0.02637486889665228], [0.2814622876683222, 0.13746346258242428, -0.5541572633007931, -0.09525132419841531, -0.568540316950633, 0.5287300069936279, -0.6413665059403014, 0.5707342217533189, -0.6575886039755188, 0.6830879437753247, -0.1187285329783015, -0.11658691421963363]], "inverted": true, "swapped": true, "error_lsq": 0.043425906722227035, "error_max": 0.2589476703244853, "target": "393.xyz", "model": "26.xyz", "model_rescale": 3.795458400668931, "target_rescale": 4.12101692977799},
{"mapping": [2, 6, 4, 3, 9, 8, 5, 1, 12, 11, 7, 10, 13], "R": [[-0.911816733176942, -0.39513769010758826, -0.11160847169892357], [-0.16821847938568807, 0.6074590962854591, -0.7763349725042797], [0.37455678914110835, -0.6891006110841097, -0.6203608300914963]], "T": [-0.060707610892290646, -0.08639470818769547, -0.001643954582949969], "aligned_model": [[-0.07459469901656346, 0.4507041029043271, 0.5486532191427398, 0.04127475904697867, -0.26925299369628825, -0.6732030087118982, -0.37271041360457774, -0.4431633134967384, 0.04503739387766518, 0.4310836384614433, -0.8200398806706011, -0.05823668490298072, -0.10587573651224971], [-0.8084046880079571, -0.21108046991992108, -0.3807766995981656, 0.04602963660264607, 0.45578415260097904, 0.05006721543267938, -0.5629559248417731, -0.2947659059120013, 0.006731651561578941, 0.18762253698221204, 0.13515029403778317, 0.6133950714785842, -0.11491536715973019], [-0.34873458811598346, 0.23443377670920545, -0.5407783984140018, -0.7100372467706461, -0.2959185407857407, 0.45893571229996677, 0.4261291503864045, -0.5660062879199875, 0.7021558515207648, -0.16855295499559353, -0.1582588525568578, 0.37530745994329906, -0.11653841920140406]], "inverted": true, "swapped": true, "error_lsq": 0.05706251609817077, "error_max": 0.31776187093386116, "target": "393.xyz", "model": "27.xyz", "model_rescale": 3.6321398670334006, "target_rescale": 4.12101692977799},
