[{"mapping": [8, 12, 11, 7, 5, 0, 2, 3, 1, 4, 13], "R": [[0.19810193167715545, 0.47180618297124943, 0.8591592113082884], [0.8040390401957411, -0.5795419378881893, 0.13286219955244738], [0.5606040015080982, 0.6644772892574303, -0.4941589678981918]], "T": [0.10356105330321565, -0.07491030928189452, -0.02287734306710194], "aligned_model": [[-0.28764852000125773, -0.0393749763651436, -0.18343325110302278, -0.6089419357482696, 0.558581037858447, 0.1526627424184796, 0.10218545708850747, 0.4817635764158722, 0.5195542563550829, -0.3761307449354476, -0.05197775314452972], [0.5670415981901848, -0.6043204846567969, 0.12011412991675913, 0.16625255161079444, 0.25822156281745273, -0.6402101649356036, 0.024901907759171282, 0.11715751317064382, -0.4701438418901856, 0.5841291255643504, -0.0336387684804767], [-0.23602506149399813, -0.20838735790664376, -0.6284032122064073, 0.051784880273902587, -0.5272395441572898, 0.5000352040232797, 0.7395489645024266, 0.28252912197136637, -0.08439338276075291, 0.4760886163240981, -0.048258475116065874]], "inverted": true, "swapped": false, "error_lsq": 0.04025406630436525, "error_max": 0.18567418022856133, "target": "394.xyz", "model": "0.xyz", "model_rescale": 3.8414455957264533, "target_rescale": 3.74743719716328},
{"mapping": [9, 0, 7, 13, 2, 1, 12, 10, 3, 8, 14], "R": [[-0.24091798234746736, 0.7333016193540441, 0.6357886919679854], [-0.9213200032886221, 0.03318336146705708, -0.3873865202378629], [-0.3051687685885941, -0.6790932186191253, 0.6676109818626697]], "T": [0.08219344482157397, 0.0451417012865933, -0.025850358991459595], "aligned_model": [[-0.31363420606714637, -0.30396237347733956, -0.20509141079510856, -0.6570029120168203, 0.502043947361715, 0.2704057581656847, -0.08359628538580778, 0.48264121902992474, 0.6782713877682874, -0.22255571986717038, 0.11972048412249955], [0.5101295417126327, -0.5088242321941923, 0.0220172172871214, 0.08915840273272084, 0.26079131783268505, -0.737161564787502, 0.07499313078911755, 0.24203010140620296, -0.46053780259591065, 0.6095883865637731, -0.012679369680355018], [-0.33017988276673643, -0.2895221209300961, -0.6002088464434877, 0.13693255371739127, -0.5931470415295695, 0.2920735566931003, 0.7184024215753932, 0.49305024655868634, 0.022690421035391654, 0.4354849676438284, 0.031703477900014224]], "inverted": true, "swapped": false, "error_lsq": 0.052554746463094985, "error_max": 0.26683518780463056, "target": "394.xyz", "model": "1.xyz", "model_rescale": 4.316132596720782, "target_rescale": 3.74743719716328},
{"mapping": [10, 4, 6, 3, 8, 0, 5, 1, 2, 7, 11], "R": [[0.7786865449051936, -0.6264360821100525, -0.03500142588837028], [0.5942068465666388, 0.7184171101590151, 0.36165602348654513], [-0.20140875918624457, -0.3024147662753538, 0.9316543462366718]], "T": [0.06854732439393395, 0.08025654672629248, 0.12473985148573517], "aligned_model": [[0.07063315319754576, -0.2056138041308569, -0.2840100229962531, -0.5862549611787782, 0.5169455099694273, 0.31563158424711385, -0.2349752903718243, 0.5983332784311085, 0.597632705529061, -0.5267617037569052, 0.005679439899079541], [0.625862754369621, -0.6001507382958999, 0.010501412005823746, 0.05794913484872644, 0.24933719622767325, -0.4773195262649441, -0.14046071249209022, 0.1641540474096214, -0.4500619782220321, 0.6402960324672751, 0.009397507012518722], [-0.19076817390911327, -0.11234944230773238, -0.614809674226258, 0.08286676916322047, -0.47307861339276613, 0.4880198398513516, 0.6490658910125553, 0.2077176538717877, -0.24883252879783468, 0.4886410127820897, 0.0408070194066156]], "inverted": false, "swapped": false, "error_lsq": 0.04353415004989924, "error_max": 0.22519896012404633, "target": "394.xyz", "model": "2.xyz", "model_rescale": 3.795458400668931, "target_rescale": 3.74743719716328},
{"mapping": [9, 0, 7, 4, 8, 2, 10, 6, 1, 5, 11], "R": [[-0.34497977522307594, -0.7263795725428631, 0.5944423195563081], [0.5629225741325655, 0.34666441365405526, 0.7502945820395194], [-0.7510706559432362, 0.5934614569610549, 0.2893032472729256]], "T": [0.043150789775498424, -0.007249253683064248, 0.055129266904358085], "aligned_model": [[-0.1271207555429481, -0.3034580790823629, -0.207530817084899, -0.5954725754496533, 0.6111143875245318, 0.4241078546083109, -0.30689260356257564, 0.5855548063466204, 0.4468085625653681, -0.208961972709655, -0.05090891877401919], [0.7719214450245887, -0.677844399488093, 0.03977149556274715, -0.028420768011423535, 0.34243281172424483, -0.40913088441883094, -0.16674794759306769, 0.16838318198648064, -0.4122276592940611, 0.5355648795890816, -0.07419702601537323], [-0.2890440410926009, -0.15071627379921682, -0.6647666128853682, 0.10676934526548365, -0.3519367496037607, 0.585306766470407, 0.6804615984062024, 0.20428498073792595, -0.20816094448746025, 0.42339084141538147, -0.018309156973077917]], "inverted": false, "swapped": false, "error_lsq": 0.0583238623644819, "error_max": 0.3022504107159041, "target": "394.xyz", "model": "3.xyz", "model_rescale": 3.7530521520055578, "target_rescale": 3.74743719716328},
{"mapping": [6, 1, 0, 7, 4, 3, 5, 9, 2, 8, 10], "R": [[-0.978639172448259, 0.18589924972556254, -0.08778860462075809], [0.12776031714289032, 0.2153853899018947, -0.9681355458717322], [-0.1610672887750177, -0.9586712693975354, -0.23453512683259908]], "T": [0.07342797289834384, -0.018152371565506774, 0.08298899126351146], "aligned_model": [[0.027562024718716778, -0.2150104814711981, -0.25523376323444236, -0.510521578435882, 0.48268221020841334, 0.5506839406903554, -0.2730470334881412, 0.36233455525969865, 0.41927461421234746, -0.3581559605966136, 0.036671360975463724], [0.6364188106983514, -0.7389823367476954, 0.09225397620565279, 0.11365886083044241, 0.23307226849596377, -0.506234332359058, -0.22365805694813887, 0.2440825615943026, -0.4706007700531939, 0.7279735618617754, -0.018479414512108647], [-0.2572586020963794, -0.06578362095428288, -0.6653506958732494, 0.11091140276797393, -0.4729858767667874, 0.420735236023292, 0.6790445467405245, 0.46394777557246775, -0.28719546333278834, 0.3968534395057217, -0.005638388132576999]], "inverted": true, "swapped": false, "error_lsq": 0.053190849334250674, "error_max": 0.3299745582796419, "target": "394.xyz", "model": "4.xyz", "model_rescale": 3.7855080009869324, "target_rescale": 3.74743719716328},
{"mapping": [1, 10, 0, 6, 2, 15, 13, 14, 9, 11, 16], "R": [[-0.8228022274308675, 0.5256793620470205, 0.2160039417525541], [0.4356221871401543, 0.8274473403328295, -0.3543504043279128], [-0.3650065815927592, -0.19746419243489305, -0.9098231081369632]], "T": [-0.07901737009160403, -0.046373118738881974, -0.010073654748956783], "aligned_model": [[-0.1537362003776146, -0.0848152275734453, -0.17064155204819417, -0.671108181054883, 0.5072748358694031, 0.30855306978709257, -0.13581478911629707, 0.552047767644293, 0.5109377795681184, -0.3699978520991948, -0.025459761760560057], [0.6492135810686801, -0.7635366643188705, 0.2650954579919893, 0.07123819204969009, 0.20384257472414766, -0.5772999260323928, 0.07554909753769543, 0.04983560505122797, -0.4079916053623971, 0.5692420615248792, -0.04568324516835557], [-0.29934891888483994, -0.13894222273217216, -0.7193452658476561, 0.23826707733984728, -0.3834892992429746, 0.4871425820285732, 0.7018088251911941, 0.21397560754378323, -0.17770125024306274, 0.4007602985944677, -0.005847680293244147]], "inverted": true, "swapped": false, "error_lsq": 0.04975633184713153, "error_max": 0.27879054393875025, "target": "394.xyz", "model": "5.xyz", "model_rescale": 4.2253639853439635, "target_rescale": 3.74743719716328},
{"mapping": [7, 8, 11, 9, 6, 10, 1, 4, 5, 0, 13], "R": [[0.6041037853404669, 0.7592433235702928, -0.24209128887932976], [-0.7710596501271704, 0.6336280104606415, 0.06310752970490105], [0.20130979231792215, 0.14854332692391503, 0.9681989710505223]], "T": [0.04708461784765092, 0.034090472476554716, 0.010844514346398389], "aligned_model": [[-0.015129231884322851, -0.3016142673180229, -0.0839310252447096, -0.5485967283521035, 0.3851381443257059, 0.4007533732518108, -0.1154434678608689, 0.42932179699398143, 0.3759904165725434, -0.3460379272739976, 0.08678880562870214], [0.767189095377883, -0.6172644856094368, -0.14880161081319732, -0.00721142099498432, 0.28607506755695555, -0.5907037745357739, -0.13821275564607918, 0.22746607474557687, -0.4096978945716928, 0.640287584761697, 0.08037924879534544], [-0.2859501318799365, 0.007576233498063835, -0.7340978833919892, 0.13755013723148224, -0.47489363033757287, 0.3159068600075911, 0.7055401317881024, 0.5742377407272938, -0.2983708269426059, 0.35875596127051396, 0.011025161482973122]], "inverted": true, "swapped": false, "error_lsq": 0.05468776247646489, "error_max": 0.24089124889756638, "target": "394.xyz", "model": "6.xyz", "model_rescale": 3.89814844738969, "target_rescale": 3.74743719716328},
{"mapping": [7, 2, 4, 0, 11, 5, 6, 8, 10, 3, 12], "R": [[0.4099542193743848, -0.48092153546908245, -0.7750174286680261], [0.10631173141741902, 0.8691036390712457, -0.4830700573582972], [0.9058892613229111, 0.11564316354708604, 0.4074203050225314]], "T": [0.004585084303414793, 0.0106433203385325, 0.020048886325063266], "aligned_model": [[-0.2389503464780412, -0.2412811224442391, -0.09290766677235061, -0.5614432124871735, 0.6479767517856548, 0.161124034545464, 0.02112460729295666, 0.4335519971372244, 0.3851466394275466, -0.30003068365805025, 0.05292889048972643], [0.5679883333509499, -0.5777370731799771, -0.04817134969282679, 0.012597066031033896, 0.3195838779676154, -0.5971542080757111, 0.028918179954815236, 0.4549302670206998, -0.5497074146322521, 0.5872638351814605, -0.10900638485951408], [-0.2276035111400833, -0.2880195564331816, -0.6144050414435771, 0.19503042128925158, -0.3619763265722845, 0.47683584491241393, 0.6958952628878602, 0.2962431458895981, -0.2629416075635657, 0.4965989387240057, -0.08837781709652165]], "inverted": true, "swapped": false, "error_lsq": 0.04518447111033233, "error_max": 0.23916388834092112, "target": "394.xyz", "model": "7.xyz", "model_rescale": 3.7474275329858107, "target_rescale": 3.74743719716328},
{"mapping": [11, 0, 10, 5, 12, 2, 8, 4, 1, 9, 14], "R": [[0.7902867176295976, 0.5268515693639646, -0.3128487298950793], [0.2136204606264417, 0.24164059834018567, 0.9465601513034151], [0.5742936554934102, -0.8148848047991352, 0.07841908037902354]], "T": [0.010461757115383944, 0.00691914479832928, -0.034176051197162396], "aligned_model": [[-0.061503317513938977, -0.1453154957468118, -0.30393382658154505, -0.6217348411346354, 0.4006399551412222, 0.42020763168649705, -0.07014984848507189, 0.4707714332844364, 0.46415684124798257, -0.3502937484881544, 0.06439510542873766], [0.5852260437344841, -0.5472826265178212, 0.0973303866873057, 0.01635054578327777, 0.22363904260892906, -0.5022699330029798, 0.037937946217743074, 0.14864157661153163, -0.5738795255312359, 0.6055081374371998, -0.0016964649621408982], [-0.25065264177062624, -0.3548114855891059, -0.7184600448578519, 0.3023651407221215, -0.4601291923730768, 0.49631833818848625, 0.6423961318384277, 0.5824726333807098, -0.18126614340998237, 0.26895283749000326, -0.009905820165189289]], "inverted": false, "swapped": false, "error_lsq": 0.04952663687318119, "error_max": 0.23404572417003336, "target": "394.xyz", "model": "8.xyz", "model_rescale": 4.019505241142653, "target_rescale": 3.74743719716328},
{"mapping": [6, 0, 2, 1, 5, 7, 9, 11, 4, 10, 12], "R": [[0.8497381713459149, -0.30987532139299057, 0.426523534343993], [0.31389638533570086, 0.9473701114156208, 0.06292003869623182], [-0.42357301546590725, 0.08041863706843687, 0.9022852893520836]], "T": [0.029219121074688135, 0.033927095587706485, 0.0023450383287209435], "aligned_model": [[-0.03675126511030612, -0.12858694177292146, -0.24438656596132066, -0.5992448138221853, 0.5524574530175663, 0.18379740859083077, 0.04844308582086809, 0.4613773883031859, 0.5069048011128637, -0.5427069788835145, 0.06593631754365162], [0.7158525757594965, -0.5732101601521344, 0.0396621708647285, -0.07059117384018665, 0.21303388899589573, -0.7904317755142403, 0.05720714327989791, 0.3848783265490555, -0.597356541993351, 0.6642106563949136, 0.046250018722217796], [-0.23990975647619792, -0.16832328706389849, -0.5221348937466433, 0.2268763636717411, -0.37800627780233687, 0.34311181302924326, 0.6853007762717662, 0.280413356455338, -0.2444180692299551, 0.33972157482848403, -0.005351846483625095]], "inverted": false, "swapped": false, "error_lsq": 0.04647769493255085, "error_max": 0.22326718929180875, "target": "394.xyz", "model": "9.xyz", "model_rescale": 3.877068213659057, "target_rescale": 3.74743719716328},
{"mapping": [0, 4, 1, 5, 8, 13, 6, 10, 2, 12, 15], "R": [[0.5678088188068461, -0.7223861106550866, -0.39465358533502704], [-0.4046254450379094, -0.6624548428390163, 0.6304219463399163], [-0.7168482367370714, -0.19827225809918886, -0.6684435033383156]], "T": [0.1208958900569809, -0.05000336907112805, 0.08000196734054309], "aligned_model": [[-0.170078729685144, -0.18519762515150864, -0.37342308662639767, -0.6215029228176151, 0.475139296273861, 0.2847366278796292, -0.009659345847627065, 0.5518811241979702, 0.5223059112623533, -0.29371436619359415, 0.08675300554679095], [0.6231109784528203, -0.5793016819446782, 0.06588224599199652, 0.11281398028210543, 0.25951995707580555, -0.6629933357584225, -0.018537554240143674, 0.2971482639821585, -0.5281640186763497, 0.49251051391313533, 0.02751577998786619], [-0.22986394149281913, -0.21024057895736714, -0.6236498526070596, -0.10256296805097061, -0.5315778357358008, 0.5216330456560431, 0.6818905018714497, 0.5237904880131166, -0.1449152307447079, 0.3832712171742506, 0.04950490832778098]], "inverted": true, "swapped": false, "error_lsq": 0.039427708980682645, "error_max": 0.2409237596977759, "target": "394.xyz", "model": "10.xyz", "model_rescale": 4.260839863003843, "target_rescale": 3.74743719716328},
{"mapping": [2, 7, 1, 8, 3, 6, 10, 5, 0, 9, 11], "R": [[-0.4467288653227136, 0.3624409824670378, -0.8179669034354686], [-0.8877169600660537, -0.29332616888713764, 0.3548497674468432], [-0.11131899971956749, 0.8846447269239346, 0.45278227375540236]], "T": [-0.0031612901692471274, 0.07927002134914767, 0.06960028635463604], "aligned_model": [[-0.10242573954295958, -0.2234543774610194, -0.10622485854508987, -0.7142532162076368, 0.5191466782026678, 0.4886039075566381, -0.15111458801247687, 0.6129218780564069, 0.4212306249065634, -0.46557275959170386, -0.011617660522671446], [0.6391581758203084, -0.5335932968712432, 0.00016466205286637392, 0.1447110833623254, 0.28798493049212287, -0.5149723280446431, -0.08621097690460773, 0.16376584542224776, -0.6071707587104034, 0.5590994001865797, 0.036568392260740074], [-0.3138432554019833, -0.004393890129710518, -0.6420041586466132, -0.005759830314220851, -0.3633726276820378, 0.39868744068733936, 0.6561662697839973, 0.33401073961082983, -0.2749644061844416, 0.5074046505497176, 0.025348821181038962]], "inverted": false, "swapped": false, "error_lsq": 0.05087453930319923, "error_max": 0.2800744370632764, "target": "394.xyz", "model": "11.xyz", "model_rescale": 3.890672605050136, "target_rescale": 3.74743719716328},
{"mapping": [7, 6, 5, 8, 12, 1, 0, 4, 11, 3, 13], "R": [[0.2597903904557336, 0.9414327057224556, 0.21497305324843374], [0.5849424930849092, -0.3305442664476506, 0.7406637345666358], [0.7683431738555817, -0.0666704470862543, -0.6365562180003039]], "T": [0.1114895164377599, -0.15407798250170335, -0.04116774056151627], "aligned_model": [[-0.11315132965242727, -0.1779271442988582, -0.22044255218992093, -0.5883935668143458, 0.3912778189493781, 0.11933180186466708, -0.06804021563503437, 0.48612389186041294, 0.5347849534768441, -0.23635541884852407, 0.1400316501265264], [0.637031780754611, -0.6520068397991858, 0.13874642823586758, -0.008848231629838443, 0.3555136255639437, -0.599447865496882, -0.09806040469346583, 0.2923364861758588, -0.49476723030482894, 0.50769905481504, 0.011308325445173628], [-0.2662144091101187, -0.060225376827488006, -0.6807356791949368, 0.04973349747931066, -0.5071795918183358, 0.5967056452058963, 0.5185872469335345, 0.3479598101620864, -0.1278509183325428, 0.5011589228785086, -0.054659393921998686]], "inverted": false, "swapped": false, "error_lsq": 0.0438114820139646, "error_max": 0.2543875575313962, "target": "394.xyz", "model": "12.xyz", "model_rescale": 4.124412569039231, "target_rescale": 3.74743719716328},
{"mapping": [4, 6, 1, 0, 2, 9, 7, 10, 8, 5, 12], "R": [[0.6500932516707721, 0.5460818822131815, -0.5283685664861525], [0.7595155970227748, -0.44622816690721967, 0.4733037934960601], [0.022689689536456226, -0.7089957693647629, -0.7048476268042674]], "T": [-0.0849179740201386, -0.07219251917557509, 0.11435221331391551], "aligned_model": [[-0.08703972767277816, -0.1432156321388854, -0.16406427722894257, -0.6139853286934425, 0.4924698296895021, 0.15087161802799293, 0.02774094697694994, 0.5047581814488173, 0.43147341329968464, -0.34333357786995516, 0.011564442999775063], [0.6485176352147118, -0.6557533838216122, -0.13811925309974413, 0.1392150011311242, 0.25767612300617604, -0.5835810358671738, 0.006999078090021732, 0.31999331607493087, -0.41876899133608747, 0.511949535406683, 0.0013771042672633682], [-0.20004980205763614, -0.2076274678703466, -0.693270116337268, 0.00407080975560678, -0.4335579222753492, 0.4168853937720838, 0.7260010774167924, 0.32191419104039165, -0.24358745331319162, 0.5214705190035095, 0.1050305243193233]], "inverted": false, "swapped": false, "error_lsq": 0.03775377561041348, "error_max": 0.17709154648290232, "target": "394.xyz", "model": "13.xyz", "model_rescale": 3.9028299243045295, "target_rescale": 3.74743719716328},
{"mapping": [2, 9, 1, 3, 12, 10, 4, 5, 14, 0, 15], "R": [[-0.874143513175527, -0.3121543667128209, -0.3720655449181843], [-0.468526185284624, 0.3402740817630735, 0.8152893737704029], [-0.12789187650427963, 0.887002367878697, -0.44370087593084506]], "T": [0.021793832509957735, 0.0454607563898243, -0.010136586016636803], "aligned_model": [[-0.2845111541987191, -0.1625330789812725, -0.14491825256837487, -0.5531066300811653, 0.5820527306765245, 0.2771370940834954, -0.07329174114702841, 0.39808328479359284, 0.5495184923063303, -0.30418517083593083, -0.017005685208733905], [0.6572808263534112, -0.6648396534559976, 0.07963434495688607, 0.09281497932783331, 0.254113811465455, -0.4963841433938856, 0.02024493436427527, 0.2143903641450756, -0.6359898284293609, 0.6294475067455344, -0.061208013012933354], [-0.28217192685111986, -0.2598211348710343, -0.6372235036573177, 0.2263723586780646, -0.3662463424031708, 0.43321037224105075, 0.6604498512788146, 0.2931304075367197, -0.2105921588385119, 0.47967314646254494, -0.019501316122124298]], "inverted": true, "swapped": false, "error_lsq": 0.03877151830449618, "error_max": 0.16742224071622763, "target": "394.xyz", "model": "14.xyz", "model_rescale": 3.942246331269136, "target_rescale": 3.74743719716328},
{"mapping": [12, 10, 13, 3, 8, 9, 5, 2, 6, 1, 14], "R": [[0.5812289168018073, -0.8095974179236931, 0.08200589713360387], [0.7912813074647707, 0.585822948109254, 0.17517238916400485], [-0.18986005037985468, -0.03692552450367961, 0.9811165409419451]], "T": [0.04051520275968784, -0.07438747966808842, -0.04540275166843209], "aligned_model": [[-0.3063938967091683, -0.16009330417014478, -0.3063670785427878, -0.6059520401328131, 0.6441543187063679, 0.3759252562012117, -0.10033074182702631, 0.4282533587890204, 0.47493040566101796, -0.2491219093567142, 0.072235520219755], [0.6294499566400865, -0.758877248001745, 0.1838949323052881, 0.14264427521198372, 0.15953772105799563, -0.6431507665302306, 0.02428593241221065, 0.14966474100078042, -0.38536981288628214, 0.5766204951705017, 0.010804902685704373], [-0.2741891107888823, -0.06058497934036168, -0.7338014189310305, 0.18158899210497265, -0.46935999532887873, 0.41521718461362733, 0.5655027531610972, 0.5727458092874338, -0.21081982833461416, 0.34052521539543196, -0.009544868384880008]], "inverted": true, "swapped": false, "error_lsq": 0.05113560300420869, "error_max": 0.2511380676646266, "target": "394.xyz", "model": "15.xyz", "model_rescale": 4.355366556412066, "target_rescale": 3.74743719716328},
{"mapping": [10, 4, 6, 3, 8, 0, 5, 1, 2, 7, 11], "R": [[0.7786865449051936, -0.6264360821100525, -0.03500142588837028], [0.5942068465666388, 0.7184171101590151, 0.36165602348654513], [-0.20140875918624457, -0.3024147662753538, 0.9316543462366718]], "T": [0.06854732439393395, 0.08025654672629248, 0.12473985148573517], "aligned_model": [[0.07063315319754576, -0.2056138041308569, -0.2840100229962531, -0.5862549611787782, 0.5169455099694273, 0.31563158424711385, -0.2349752903718243, 0.5983332784311085, 0.597632705529061, -0.5267617037569052, 0.005679439899079541], [0.625862754369621, -0.6001507382958999, 0.010501412005823746, 0.05794913484872644, 0.24933719622767325, -0.4773195262649441, -0.14046071249209022, 0.1641540474096214, -0.4500619782220321, 0.6402960324672751, 0.009397507012518722], [-0.19076817390911327, -0.11234944230773238, -0.614809674226258, 0.08286676916322047, -0.47307861339276613, 0.4880198398513516, 0.6490658910125553, 0.2077176538717877, -0.24883252879783468, 0.4886410127820897, 0.0408070194066156]], "inverted": false, "swapped": false, "error_lsq": 0.04353415004989924, "error_max": 0.22519896012404633, "target": "394.xyz", "model": "16.xyz", "model_rescale": 3.795458400668931, "target_rescale": 3.74743719716328},
{"mapping": [7, 2, 4, 0, 11, 5, 6, 8, 10, 3, 12], "R": [[0.4099542193743848, -0.48092153546908245, -0.7750174286680261], [0.10631173141741902, 0.8691036390712457, -0.4830700573582972], [0.9058892613229111, 0.11564316354708604, 0.4074203050225314]], "T": [0.004585084303414793, 0.0106433203385325, 0.020048886325063266], "aligned_model": [[-0.2389503464780412, -0.2412811224442391, -0.09290766677235061, -0.5614432124871735, 0.6479767517856548, 0.161124034545464, 0.02112460729295666, 0.4335519971372244, 0.3851466394275466, -0.30003068365805025, 0.05292889048972643], [0.5679883333509499, -0.5777370731799771, -0.04817134969282679, 0.012597066031033896, 0.3195838779676154, -0.5971542080757111, 0.028918179954815236, 0.4549302670206998, -0.5497074146322521, 0.5872638351814605, -0.10900638485951408], [-0.2276035111400833, -0.2880195564331816, -0.6144050414435771, 0.19503042128925158, -0.3619763265722845, 0.47683584491241393, 0.6958952628878602, 0.2962431458895981, -0.2629416075635657, 0.4965989387240057, -0.08837781709652165]], "inverted": true, "swapped": false, "error_lsq": 0.04518447111033233, "error_max": 0.23916388834092112, "target": "394.xyz", "model": "17.xyz", "model_rescale": 3.7474275329858107, "target_rescale": 3.74743719716328},
{"mapping": [7, 0, 2, 1, 9, 8, 3, 10, 4, 11, 13], "R": [[-0.29650853141301353, -0.4640364860521484, 0.8347172158352028], [-0.3139463341789699, 0.8728072236840951, 0.37369138274845015], [-0.901953651833, -0.1512537268870966, -0.4044773418226033]], "T": [0.10322497380246692, 0.08659684771030206, 0.009956208035043882], "aligned_model": [[-0.1583615156887881, -0.21621752367882102, -0.300168389425352, -0.5834794200177087, 0.48227607236156894, 0.30921491461253864, -0.19299938898378094, 0.4310703049501975, 0.6221548783732258, -0.18510136483547573, 0.058851321171113864], [0.7366101521369067, -0.66159431399057, -0.04569180656241094, 0.05530061932099352, 0.22399994945283414, -0.4708392069788737, -0.0732101821573692, 0.22616152118359129, -0.5158796665746558, 0.5905617164228141, 0.02408634681303344], [-0.26658401439262536, -0.1831988259052756, -0.5589077741822749, 0.0872610488042102, -0.5240520486134319, 0.41453950036967463, 0.5992795669866375, 0.6011232835952325, -0.2287059504606755, 0.4396351525474243, -0.0631101852949798]], "inverted": false, "swapped": false, "error_lsq": 0.04547477013322751, "error_max": 0.27062353526525584, "target": "394.xyz", "model": "18.xyz", "model_rescale": 3.922800546911778, "target_rescale": 3.74743719716328},
{"mapping": [7, 5, 12, 3, 13, 1, 2, 10, 8, 9, 14], "R": [[-0.09508764422232358, 0.9744711962846997, -0.20338197444148096], [-0.8626252748229775, -0.1826276950570878, -0.47172530166900933], [-0.49682590024356754, 0.13058718394085128, 0.8579691207948961]], "T": [0.14865660697297292, -0.05861284288048559, 0.030974164098616135], "aligned_model": [[-0.22714936024187346, -0.212010721121053, -0.2589301661040646, -0.47808855217363055, 0.4376520096775255, 0.17420916813780593, -0.10260603979746988, 0.524284318207053, 0.4964978624615253, -0.18305341260610505, 0.09643478239900563], [0.5811160718535551, -0.6623365316923859, -0.054337658203273846, 0.06121179637047212, 0.26250212947428964, -0.6284293511102549, 0.07182208889719557, 0.3489060462690381, -0.44337813831432726, 0.5327907968225873, 0.019637878699397295], [-0.2652146434508515, -0.2656240594270535, -0.6416838394775968, -0.013543303257262884, -0.5030488490435243, 0.5028207890760514, 0.6889884296718249, 0.6170055837364122, -0.29360676946260683, 0.4814776421892844, 0.009708772899238598]], "inverted": true, "swapped": false, "error_lsq": 0.043831775847915505, "error_max": 0.28803801251822414, "target": "394.xyz", "model": "19.xyz", "model_rescale": 3.9282355846067225, "target_rescale": 3.74743719716328},
{"mapping": [2, 6, 5, 7, 1, 8, 9, 11, 4, 12, 13], "R": [[-0.9130130499389412, -0.35195316715181174, 0.20624291205518233], [0.407880410928609, -0.7955416168569632, 0.4480481070480247], [0.00638286940974192, 0.4931962124554669, 0.8698946804054387]], "T": [0.05096044991669645, -0.029149593464832972, 0.009422822123204829], "aligned_model": [[-0.20374291148146684, -0.2491679268740815, -0.1814360469454563, -0.5544414549593227, 0.35622091627745783, 0.10168733913300923, 0.033420541740987485, 0.6298588981083744, 0.5518876757133688, -0.3549824983266241, 0.13793535645247224], [0.6227885781390705, -0.5335328182752983, -0.0689226573563502, 0.11674852268745317, 0.3415210842802416, -0.6142043965270311, 0.010318200160265086, 0.12523166750702622, -0.4100814920240244, 0.41590549951864714, 0.08373294095629391], [-0.4251102933675642, -0.27756946702720525, -0.6479204092890254, 0.026744763565320236, -0.5658337229450198, 0.4929093671815698, 0.6997556911982178, 0.40236834540596295, 0.06713458916903096, 0.6093650128787409, -0.06456412331611269]], "inverted": false, "swapped": false, "error_lsq": 0.05393962661664431, "error_max": 0.28294325258206104, "target": "394.xyz", "model": "20.xyz", "model_rescale": 4.067790424073018, "target_rescale": 3.74743719716328},
{"mapping": [5, 11, 13, 6, 9, 3, 2, 0, 12, 4, 14], "R": [[-0.837183848765891, -0.2609286418353868, 0.4806656293469199], [0.4886222375526893, -0.7516625360000778, 0.4430030936042496], [0.2457061503799476, 0.6057389502449654, 0.7567752716768661]], "T": [0.06113429061020198, 0.128218314592976, -0.04310619572285909], "aligned_model": [[-0.29207665027469415, -0.10001413615083532, -0.30079372501210777, -0.5768614311487832, 0.6576328704400332, 0.11667799673695456, -0.03584858057467047, 0.553861734050439, 0.5442517718082123, -0.3853113207367778, 0.08572135970094805], [0.5673609398160893, -0.4612578620233447, 0.0716043750597653, -0.1083317304729629, 0.07497323666704776, -0.5778642940023055, 0.07865068101368553, 0.19588324535467677, -0.4510419165384139, 0.603530441385316, 0.09599801280673985], [-0.21878176832544022, -0.2542489809024504, -0.6397019369374819, 0.24769001795934434, -0.5384891843352526, 0.42817637683823984, 0.6930047360917824, 0.46394326256185436, -0.17752699354889004, 0.4229809130555783, -0.10976668900336818]], "inverted": true, "swapped": false, "error_lsq": 0.04902735357347583, "error_max": 0.24349880954887015, "target": "394.xyz", "model": "21.xyz", "model_rescale": 4.186013935880536, "target_rescale": 3.74743719716328},
{"mapping": [5, 1, 0, 6, 2, 10, 4, 11, 9, 3, 12], "R": [[-0.25088020100909036, -0.9429272027045199, -0.21896898214465843], [-0.9576089911469423, 0.27483294779554057, -0.0863242195478709], [0.14157734570253033, 0.1880296285318965, -0.9719057124937497]], "T": [0.09156718711384591, -0.0483162634688015, 0.009161345834197598], "aligned_model": [[-0.012235179637555771, -0.07083068277702882, -0.4081502610149619, -0.44009351683545783, 0.3316030117198017, 0.235985357722016, -0.13781727105503339, 0.4584173512868034, 0.5641328163836217, -0.3303847760240936, 0.07661303907060664], [0.6582799873018522, -0.5442599952038778, -0.004377782009635338, 0.0426680804772483, 0.23705771056876299, -0.6579116362039364, -0.11463378901223523, 0.26849891471222925, -0.45073333807478433, 0.6755564593269124, -0.020639482816242612], [-0.28830391796734084, -0.5034691085283373, -0.5105889046602742, 0.1466807773703711, -0.6316535265843017, 0.5603748309522296, 0.6951649208429808, 0.41414909704681774, -0.004730534411320767, 0.3968512692690817, 0.042804850124009836]], "inverted": true, "swapped": false, "error_lsq": 0.05316031217299358, "error_max": 0.3354166496624846, "target": "394.xyz", "model": "22.xyz", "model_rescale": 4.166573947596378, "target_rescale": 3.74743719716328},
{"mapping": [9, 1, 3, 12, 8, 5, 13, 10, 0, 14, 15], "R": [[-0.9027412115973689, -0.307859744315106, 0.300467440355777], [0.41244132074509154, -0.42087252023918775, 0.8079346994959179], [-0.12227208113776158, 0.8532811374557346, 0.506913048398331]], "T": [-0.09179777962486846, 0.008432857601909564, -0.10696581136856123], "aligned_model": [[-0.0715200476022758, -0.048946549104838866, -0.21250894168345968, -0.6841467597157885, 0.5548543409180394, 0.1571998218119576, 0.08229494541707347, 0.3328104135691739, 0.5122568383328541, -0.27158651350342755, -0.08346765960058976], [0.5906597390363871, -0.7019498445079347, 0.12482784970564098, 0.1365898792322088, 0.25279198916034556, -0.5363674419681583, -0.007836512217571397, 0.31771920330259246, -0.5277234851602591, 0.499284795860422, -0.05849104337738005], [-0.2520514357467085, -0.14720571014051412, -0.6842938577890527, 0.14219240908847058, -0.5267381187478757, 0.469449671827733, 0.7214303315418775, 0.42687973908558197, -0.2270081267321881, 0.4869349792509261, -0.09231012818433433]], "inverted": false, "swapped": false, "error_lsq": 0.04508119804758932, "error_max": 0.23049989566824786, "target": "394.xyz", "model": "23.xyz", "model_rescale": 4.274766983524099, "target_rescale": 3.74743719716328},
{"mapping": [7, 0, 8, 6, 9, 2, 3, 4, 1, 5, 10], "R": [[0.11556047386985843, -0.9927104075356363, -0.034231909812405065], [0.27129195925106175, 0.06469583229630929, -0.9603203226680188], [0.9555346407769285, 0.10168822967245858, 0.2767906324668292]], "T": [-0.06602957595665421, -0.034908652668576574, -0.007007957366660666], "aligned_model": [[-0.043406678570234516, -0.3013943670976737, -0.2666055232320877, -0.722317024040088, 0.5774870958552107, 0.5212675068388057, -0.23050081253936275, 0.44449284860677546, 0.4760805706224522, -0.16557832427378846, -0.022285403331290685], [0.5635325219773764, -0.7230087496161635, 0.10131405554350487, 0.1172967442230155, 0.2856312960263282, -0.4504890739333216, -0.1958571074801336, 0.22615110613366873, -0.36017751034587536, 0.5879215600116986, -0.06280971347380465], [-0.21289346313142624, -0.1385032570245312, -0.7043054482887815, 0.026687127763299328, -0.4661439834331475, 0.6339651861979452, 0.5058849076867014, 0.3916087297683725, -0.16606813373112428, 0.5110784461351544, -0.06403035848854632]], "inverted": true, "swapped": false, "error_lsq": 0.05954778411684884, "error_max": 0.3534781304640293, "target": "394.xyz", "model": "24.xyz", "model_rescale": 3.7841303162186577, "target_rescale": 3.74743719716328},
{"mapping": [11, 4, 6, 3, 7, 2, 12, 9, 8, 13, 15], "R": [[0.43304028470026884, -0.45615755145012354, 0.7774293537561711], [-0.43487796249246075, -0.8612032490783279, -0.26307816616993723], [0.7895297775037468, -0.22416344936665994, -0.5713085667158553]], "T": [0.21569878992412803, 0.02938102145083605, -0.021087013907456872], "aligned_model": [[-0.14492832080281262, -0.2212229875337334, -0.29806449722866923, -0.5891927949895746, 0.36772131706228833, 0.23689648625115878, -0.07014260098905958, 0.5057276011349343, 0.5895491827360804, -0.26689967266795833, 0.15779617586606412], [0.6604842156337885, -0.557826456566635, -0.0008147195385758178, 0.017368470186836633, 0.364973052578266, -0.5782337370076214, 0.03366050970571272, 0.018812718308161697, -0.42783336191786986, 0.5292517817082758, 0.029662655975954348], [-0.26823962761708253, -0.16597000463369513, -0.5281983963897291, 0.010648183908037515, -0.5568786711647834, 0.4251729897911929, 0.6813717333860951, 0.486763661156045, -0.04655611428390949, 0.3383958705452582, -0.0592298712435131]], "inverted": true, "swapped": false, "error_lsq": 0.048784771051149936, "error_max": 0.2570249196815239, "target": "394.xyz", "model": "25.xyz", "model_rescale": 4.19342608120988, "target_rescale": 3.74743719716328},
{"mapping": [10, 4, 6, 3, 8, 0, 5, 1, 2, 7, 11], "R": [[0.7786865449051936, -0.6264360821100525, -0.03500142588837028], [0.5942068465666388, 0.7184171101590151, 0.36165602348654513], [-0.20140875918624457, -0.3024147662753538, 0.9316543462366718]], "T": [0.06854732439393395, 0.08025654672629248, 0.12473985148573517], "aligned_model": [[0.07063315319754576, -0.2056138041308569, -0.2840100229962531, -0.5862549611787782, 0.5169455099694273, 0.31563158424711385, -0.2349752903718243, 0.5983332784311085, 0.597632705529061, -0.5267617037569052, 0.005679439899079541], [0.625862754369621, -0.6001507382958999, 0.010501412005823746, 0.05794913484872644, 0.24933719622767325, -0.4773195262649441, -0.14046071249209022, 0.1641540474096214, -0.4500619782220321, 0.6402960324672751, 0.009397507012518722], [-0.19076817390911327, -0.11234944230773238, -0.614809674226258, 0.08286676916322047, -0.47307861339276613, 0.4880198398513516, 0.6490658910125553, 0.2077176538717877, -0.24883252879783468, 0.4886410127820897, 0.0408070194066156]], "inverted": false, "swapped": false, "error_lsq": 0.04353415004989924, "error_max": 0.22519896012404633, "target": "394.xyz", "model": "26.xyz", "model_rescale": 3.795458400668931, "target_rescale": 3.74743719716328},
{"mapping": [3, 1, 0, 9, 7, 8, 11, 10, 6, 4, 12], "R": [[0.9106776002019906, 0.2276061155574851, -0.34476334586376256], [0.4091534028454482, -0.38158348949710563, 0.8288471110423218], [0.05709467076999433, -0.8958735941549151, -0.44062535318070495]], "T": [-0.07395934148929405, -0.07375288111143088, 0.07270430750335143], "aligned_model": [[-0.20311105483097047, -0.2268681336824424, -0.12107670748592746, -0.4954860502198081, 0.48699907265770015, 0.24614719698438653, -0.08155608975943812, 0.37013747042112943, 0.4420146410170901, -0.20383712263744308, 0.05387666637444162], [0.5360856326715364, -0.6019431135278019, 0.02212842238695742, 0.004030829530708976, 0.37164916300068396, -0.6405458140395603, -0.004880218490479982, 0.42192899055331057, -0.6263255510536935, 0.62418135098607, -0.016804562951438208], [-0.32288813541707173, -0.1463553880163897, -0.751831878211929, 0.09798707438058434, -0.3108980586622591, 0.39985761302738143, 0.7845845203850941, 0.3271918951440236, -0.25838669733557057, 0.5141595739427617, -0.01614076578270897]], "inverted": true, "swapped": false, "error_lsq": 0.0483187095660115, "error_max": 0.24668722382466154, "target": "394.xyz", "model": "27.xyz", "model_rescale": 3.6321398670334006, "target_rescale": 3.74743719716328},
{"mapping": [11, 6, 13, 9, 1, 7, 8, 3, 4, 10, 14], "R": [[0.3270976736165521, 0.561656263218835, -0.7599666794680504], [0.943901616039779, -0.1555909848348696, 0.2912751013657179], [0.04535252090163683, -0.8126091849254293, -0.5810417036863157]], "T": [0.041508083404078286, 0.0899436176713659, 0.10637671090595205], "aligned_model": [[-0.25116937895477653, -0.22847674027600212, -0.27296704868270955, -0.6134358653907869, 0.5453411949313317, 0.38620824820409605, -0.03596223472936631, 0.6557546799684487, 0.47693550985443767, -0.4479157921671938, 0.052927316081239795], [0.5681557490684461, -0.5159463453889359, 0.0641592804449141, 0.04769645866104112, 0.07107822439901593, -0.45878032748885095, 0.009335430450006788, 0.16432917179261142, -0.5268371244121327, 0.5752323129702676, 0.09108229856991018], [-0.206958408144811, -0.29848497508815175, -0.6465627894304561, -0.0194635160199971, -0.33301319431690424, 0.5317838246199854, 0.6108866570475046, 0.4042491465380792, -0.23487352696763056, 0.4664194656344596, 0.04329706958183785]], "inverted": true, "swapped": false, "error_lsq": 0.0457644352582776, "error_max": 0.25355441775369586, "target": "394.xyz", "model": "28.xyz", "model_rescale": 4.156811204709835, "target_rescale": 3.74743719716328},
{"mapping": [6, 7, 9, 0, 8, 5, 3, 1, 2, 10], "R": [[-0.2422336276832828, -0.7596055337764881, 0.6035911718005273], [0.9285937108265362, -0.0012459274282580757, 0.3710959011876135], [-0.2811344693074832, 0.6503828724074617, 0.7056667268946578]], "T": [-0.06734919906744366, -0.0010872174028564345, 0.029533338243349926], "aligned_model": [[-0.49676321712863447, 0.014107515604457027, 0.029115300555322216, 0.5389461406784803, -0.19504446578588044, -0.7964308412691369, -0.19612134595521144, -0.47583403033000704, 0.285046668347399, -0.06409635060620028], [-0.2087811817630449, -0.6326764992786682, 0.2370851005912975, 0.22068549280140745, -0.41107686263478044, -0.43049160817844057, 0.4405047062958215, 0.2725745955729459, 0.4462745367253311, -0.01537794950566563], [-0.42245956347697755, -0.27186183113812645, -0.8553075239644633, -0.2576729260001992, 0.6208469693721346, 0.17515156106981883, -0.2558688477199603, 0.5382572375142244, 0.42136716342924196, 0.06633448788940624]], "inverted": true, "swapped": true, "error_lsq": 0.0566382301935911, "error_max": 0.2715602972477454, "target": "394.xyz", "model": "29.xyz", "model_rescale": 4.117894457231895, "target_rescale": 3.74743719716328},
{"mapping": [13, 1, 4, 7, 3, 5, 6, 9, 0, 10, 14], "R": [[0.6819418073185103, -0.5717012725180249, 0.45619406663440326], [-0.38490505812340803, -0.810880642649751, -0.44081819337107925], [0.6219352600248512, 0.12502095175288547, -0.7730241224959433]], "T": [0.12557206437351703, 0.08687280897978533, 0.04546915537942503], "aligned_model": [[-0.3516150216765639, -0.1668087078142067, -0.2357300749801941, -0.521233689764935, 0.4625947767346883, 0.42939217260327905, -0.08404865160490171, 0.4386427401952597, 0.45660002616212275, -0.24417022628099871, 0.08361654526516847], [0.6085894965589217, -0.6202395899097034, 0.06759163450761177, 0.17780243594026948, 0.028185401410950883, -0.5148180403569419, -0.010010854229371535, 0.19982263751513685, -0.5206936113874597, 0.5573863780392772, 0.11588924097760217], [-0.30547312653941333, -0.3478932312952914, -0.639086972754795, 0.026032586538293934, -0.38199742882030496, 0.5370108475985669, 0.6441862458950018, 0.5737239242028727, -0.2944808182620722, 0.4407267733017152, 0.06453095358934258]], "inverted": true, "swapped": false, "error_lsq": 0.05366630696955832, "error_max": 0.26594940714144716, "target": "394.xyz", "model": "30.xyz", "model_rescale": 4.100398675895297, "target_rescale": 3.74743719716328},
