[{"mapping": [11, 5, 8, 1, 3, 12, 2, 9, 7, 6, 0, 13], "R": [[0.3395544257357078, 0.7437201876579798, 0.5758325055372205], [-0.8543694548211727, -0.012173363591580024, 0.5195234777057142], [0.3933899167897752, -0.6683801999527265, 0.6312782917852374]], "T": [-0.10103646112656536, -0.0392844794250604, -0.07825385962635992], "aligned_model": [[0.41905445450308854, -0.2875320416767916, 0.3936676422419162, -0.4883966241435548, -0.5527999646815368, 0.06050555016697326, -0.3966077653720884, 0.3277960820130351, 0.5391901073941389, -0.27589724021526796, -0.40108909685902816, 0.05446895351557482], [-0.2926499497689363, -0.3343926158642422, 0.3004852781385978, -0.43935664969564936, 0.2025700696646514, -0.4618750349828853, 0.5891374382485901, 0.10164613088026499, 0.3569091575440729, 0.5193953243597801, -0.008999886963723336, 0.009255612264922122], [-0.4686039829262192, -0.749470550929716, -0.5786571905287627, 0.0732006751535671, -0.18128987147698386, 0.2829125963384391, 0.25186997002499345, 0.49879413212789425, -0.010911261957101764, -0.570033148502048, 0.6320022166095843, -0.07691678404758505]], "inverted": false, "swapped": false, "error_lsq": 0.04845963274944176, "error_max": 0.2576659394437497, "target": "395.xyz", "model": "0.xyz", "model_rescale": 3.8414455957264533, "target_rescale": 3.8950763965129056},
{"mapping": [0, 13, 11, 9, 8, 4, 10, 3, 1, 12, 6, 14], "R": [[-0.9065759750269704, -0.16070175436435793, -0.39024985284829533], [0.32332994727695097, 0.32983784825991713, -0.8869412263781363], [0.2712521828442726, -0.9302590714416527, -0.24706337912109083]], "T": [-0.08584568788582242, -0.08389713180733147, 0.03755252948224884], "aligned_model": [[0.4336949510320541, -0.25848705122022037, 0.2525301221180077, -0.5623264010397018, -0.7423694970160986, 0.3197269928257918, -0.2849205401652062, 0.4921428032888418, 0.669614318812348, -0.23281617984311784, -0.6636396967342921, -0.030789765171946724], [-0.44815961882415234, -0.23310651207970068, 0.3269476448767441, -0.5469385880085225, 0.18427743441164493, -0.3235669643968239, 0.539788867108536, 0.22754223417427608, 0.3265222060346977, 0.5289441544508585, -0.027162167146010482, -0.012963816776104697], [-0.31302946459658604, -0.6854817166943109, -0.6280102269920282, -0.11758747124255649, -0.3108169404471756, 0.30937307111792184, 0.2369673693428978, 0.4645322800871993, -0.05906028837155684, -0.39269713782536303, 0.5600105669429964, 0.03869675856462332]], "inverted": false, "swapped": false, "error_lsq": 0.04659785936172548, "error_max": 0.3114020541683675, "target": "395.xyz", "model": "1.xyz", "model_rescale": 4.316132596720782, "target_rescale": 3.8950763965129056},
{"mapping": [1, 2, 8, 0, 4, 5, 3, 7, 10, 6, 5, 11], "R": [[0.826754848534458, 0.42657137318403543, 0.3667605267809661], [-0.2046472613745089, 0.8353305628302743, -0.5102375419484249], [-0.5240190061788588, 0.34678482432416713, 0.7779102562518235]], "T": [0.05397748492009948, -0.004124476648647027, -0.06714667872835231], "aligned_model": [[0.32856102528642717, -0.26421832100113696, 0.3467721771457417, -0.35812327312256204, -0.6897143117243416, -0.23755651515611362, -0.2068786627303795, 0.375290653898384, 0.5477775595174835, -0.17330433449903324, -0.23755651515611362, -0.03868942557189605], [-0.3886363827815025, -0.2551973774036037, 0.1580568624326053, -0.5817857750497446, 0.14092833922140557, -0.22732428007262778, 0.45337274845056014, 0.3063517458879202, 0.37156699607479804, 0.7176368578562158, -0.22732428007262778, 0.0744794192820441], [-0.33426413754895945, -0.7995667967928606, -0.7563524515358606, -0.08700739716115072, -0.20931532277011997, 0.4629001649261092, 0.3248576172922246, 0.7079813638944862, -0.17784086213378758, -0.38886008158064, 0.4629001649261092, -0.10253546162948887]], "inverted": false, "swapped": false, "error_lsq": 0.05712451695790846, "error_max": 0.4114211474317444, "target": "395.xyz", "model": "2.xyz", "model_rescale": 3.795458400668931, "target_rescale": 3.8950763965129056},
{"mapping": [4, 0, 10, 7, 1, 9, 6, 3, 5, 2, 8, 11], "R": [[0.10765746682837457, 0.9593075580806889, 0.261034248414577], [-0.8530740714196499, -0.04570148701787586, 0.5197845734108095], [0.510562923161876, -0.27864023954486655, 0.8134402979929012]], "T": [-0.07779877968123079, 0.0578469993915755, -0.14469982218097538], "aligned_model": [[0.30848408587674847, -0.3882650545007808, 0.38352621249855795, -0.3110115563047293, -0.6984582356864353, 0.28559069961213934, -0.20416805205603006, 0.19147380076632692, 0.5955356947400182, -0.23600184753619996, -0.4301375301810619, -0.10420816034209388], [-0.30692164583384746, -0.24889260037771632, 0.3297081565563711, -0.656672540816523, 0.1565719313778273, -0.396108549672107, 0.4983940574700212, 0.2766720751357041, 0.1211516977690309, 0.7479823759457459, 0.07126329535557843, -0.05102337908464242], [-0.5034255064584217, -0.7941068242288338, -0.646976138779219, -0.009141996525877827, -0.1808117237549014, 0.5006117991466255, 0.22576663141340103, 0.5741032726792645, 0.04618709792730186, -0.4386560481138304, 0.5526095388132388, -0.22326330223268595]], "inverted": false, "swapped": false, "error_lsq": 0.05065223599682206, "error_max": 0.2641836361309489, "target": "395.xyz", "model": "3.xyz", "model_rescale": 3.7530521520055578, "target_rescale": 3.8950763965129056},
{"mapping": [0, 3, 1, 4, 2, 10, 8, 5, 7, 6, 11], "R": [[-0.5150042256121231, 0.6664643789458147, -0.5390694567474837], [-0.6475843360422733, 0.10952377256562046, 0.7540816076232615], [0.5616094508769823, 0.7374481506108508, 0.3751866866591757]], "T": [-0.09969062382662702, -0.03759288691913652, 0.054043795130822816], "aligned_model": [[-0.36024068531278136, -0.21918042806982233, 0.27222577268841236, 0.41277523851253745, 0.36624225931963267, -0.17388101193721525, -0.2019024348585678, -0.5584670256352025, -0.5310523038223878, 0.3407036102266315, -0.009023388666031501], [-0.6541067928975144, 0.14410855004093265, -0.3974697608643874, 0.20569115675934507, -0.719818813764765, 0.6980761221811412, -0.48498808487008915, 0.07333335158258288, 0.3200948818136199, 0.39193491972272343, -0.10965217138924312], [-0.13930228602758749, -0.7265106902905111, -0.5875042853429482, -0.3435523228834677, 0.13880304327041798, 0.06424730503280858, 0.5924911462499493, -0.027600827715559828, 0.6712405200333541, 0.389885937883944, 0.06063323703491699]], "inverted": false, "swapped": true, "error_lsq": 0.039611755764831814, "error_max": 0.21773422360611658, "target": "395.xyz", "model": "4.xyz", "model_rescale": 3.7855080009869324, "target_rescale": 3.8950763965129056},
{"mapping": [1, 5, 2, 7, 10, 6, 15, 13, 12, 9, 8, 16], "R": [[-0.2114743358084539, -0.8584656188870401, 0.4672423209462775], [0.9725076568202398, -0.23250957638837397, 0.012967432810915391], [0.09750621888054112, 0.4571390139515438, 0.8840341957204088]], "T": [0.023702808807641813, 0.011265691065607902, -0.11235121935963621], "aligned_model": [[0.6322645003380268, -0.43831620406525307, 0.30269242655018985, -0.4716166103824897, -0.6945426759211153, 0.07744290228838713, -0.33319543984348, 0.2587117450185106, 0.659889738916383, -0.2522196851205112, -0.38332006771267113, 0.03456942682048282], [-0.3079250139440848, -0.3681002406508451, 0.37389603608489363, -0.544388543112201, 0.1271388480443414, -0.48020051126747254, 0.6475539505591734, 0.15981217601843967, 0.20765247147932764, 0.5819723621431411, 0.08299618526672084, 0.061717153204008786], [-0.4299577375963713, -0.6579913628756412, -0.6923940743641196, -0.02704871711420498, -0.15310792718569471, 0.3138530067854629, 0.27115757796614465, 0.556657286254898, 0.028232156071820086, -0.4365034863285887, 0.4572951517816308, -0.12729507350927438]], "inverted": false, "swapped": false, "error_lsq": 0.0402333361377919, "error_max": 0.22329370997906858, "target": "395.xyz", "model": "5.xyz", "model_rescale": 4.2253639853439635, "target_rescale": 3.8950763965129056},
{"mapping": [0, 7, 4, 12, 6, 9, 5, 8, 1, 2, 11, 13], "R": [[-0.11149736088250306, 0.24458742612775977, -0.9631953745198505], [-0.9590210266293869, -0.28052867313333274, 0.039778562477407575], [-0.26047458417080566, 0.9281598216526343, 0.2658426912119204]], "T": [0.0036656438346312006, 0.11872212671139719, -0.07052074632638178], "aligned_model": [[0.3522627232617376, -0.3792011242317558, 0.35203706353542963, -0.49953865624604576, -0.6068048019323833, 0.33690630994312765, -0.31606841967355254, 0.24059058489570306, 0.7300432669597425, -0.1977109658716058, -0.6016908897318102, -0.018465034022127513], [-0.47031290566397504, -0.40303796981646894, 0.4267048491116113, -0.6528910916613135, 0.15234465022151827, -0.31082984644201345, 0.5722156725993346, 0.20594430038471095, 0.221908477442824, 0.7049239823056496, -0.02932715532571721, 0.12448191066928266], [-0.48834900790766317, -0.5294005297212738, -0.60408921320306, 0.08028455226042316, -0.2703039510282367, 0.20702598540894307, 0.2342004359390047, 0.6238305626819625, -0.09135119529205385, -0.3273990396839752, 0.3955035729638304, -0.12705537253183952]], "inverted": false, "swapped": false, "error_lsq": 0.04852712314530555, "error_max": 0.2729393621291715, "target": "395.xyz", "model": "6.xyz", "model_rescale": 3.89814844738969, "target_rescale": 3.8950763965129056},
{"mapping": [6, 5, 1, 9, 10, 8, 4, 7, 0, 2, 11, 12], "R": [[-0.20129292007081648, -0.8273006815154456, -0.5244566165980205], [0.9510071622839926, -0.03679139330933186, -0.3069719379078577], [0.2346626037823484, -0.5605532764532175, 0.7941747204763264]], "T": [0.045397818907224184, 0.08229011147208806, 0.028822441989949585], "aligned_model": [[0.3746707172894813, -0.13902769492763312, 0.2752918133153572, -0.47951679722492413, -0.6413646349980334, 0.08796369330281262, -0.2248352034123148, 0.3708751586229141, 0.5409511980260788, -0.21518637597513532, -0.4563751263783866, -0.10108669075375709], [-0.4272041311555467, -0.22105903988669276, 0.2444490057012991, -0.5981149997158784, 0.16567959103803476, -0.49341683920780965, 0.6225444395982334, 0.29963687435344355, 0.31910161060306885, 0.5944768645737313, -0.12045639123621552, 0.1564878891597754], [-0.2701270958053426, -0.6614985893001918, -0.7684540824300746, -0.21502055970323847, -0.216752780000942, 0.3815779176250225, 0.2537561277137392, 0.5561739050035162, -0.1933431489361228, -0.3850718100185498, 0.6308674039670141, -0.009210488228768285]], "inverted": false, "swapped": false, "error_lsq": 0.04180034775469612, "error_max": 0.20324555767862695, "target": "395.xyz", "model": "7.xyz", "model_rescale": 3.7474275329858107, "target_rescale": 3.8950763965129056},
{"mapping": [8, 3, 2, 6, 0, 7, 12, 11, 4, 1, 10, 14], "R": [[0.7767844974549457, -0.32032518986217795, 0.5422154712413021], [0.5603973873382343, 0.744408738110257, -0.3630570187857221], [-0.2873336262572632, 0.5858731973429531, 0.7577545670314344]], "T": [0.019256245486401445, 0.08315536164536116, -0.004482325113010374], "aligned_model": [[0.522907784476956, -0.1679311943795181, 0.2234051581761605, -0.532190782276449, -0.5975266255939282, -0.07859923157596457, -0.06215447145188171, 0.18515849255733177, 0.6936214609211262, -0.3155317167626203, -0.5259225618329613, 0.0471237446282084], [-0.20661665162244877, -0.34309550621219354, 0.3281223815894706, -0.5179870051486207, 0.06023501720762292, -0.44092961052052215, 0.5771760598086284, 0.05721373262967552, 0.3204207808313839, 0.5852203065585152, -0.004730932999588197, 0.1270963017035195], [-0.3616624245806189, -0.5498313848827477, -0.7835226812160415, -0.04285065599399196, -0.23527830726981125, 0.419353585921908, 0.35601519742109583, 0.5940854921731309, -0.32254288996769975, -0.45242164184280115, 0.5154401950298284, -0.033887684906189576]], "inverted": false, "swapped": false, "error_lsq": 0.05589380351014031, "error_max": 0.2921183773112375, "target": "395.xyz", "model": "8.xyz", "model_rescale": 4.019505241142653, "target_rescale": 3.8950763965129056},
{"mapping": [2, 10, 6, 1, 9, 0, 8, 4, 5, 11, 7, 12], "R": [[0.6490558708099778, -0.06951653911307776, -0.7575578706322321], [0.7602209602011794, 0.022464792680533932, 0.6492760774590558], [-0.028117045326608303, -0.9973278216712702, 0.06742883569023639]], "T": [0.003340219034942901, 0.010341460437801993, -0.12479428447242163], "aligned_model": [[0.4410920410704455, -0.40800121963342334, 0.28191400562537433, -0.37963355097829665, -0.6481554915558728, 0.07365675769409814, -0.3242451683961202, 0.30368024507339475, 0.5169590878480692, -0.12505106404984695, -0.3609052081042608, 0.021049622292898876], [-0.3778626977904368, -0.23433456862163254, 0.09066490778201647, -0.5370990383498074, 0.2163650274082751, -0.36214298764269753, 0.48588486300766337, 0.1924659621197044, 0.4424428529618194, 0.5855979829307498, -0.005492126625141584, 0.045634696644930486], [-0.212218743610357, -0.9052503177348561, -0.7911325072979678, -0.22452037904939925, -0.14595297925669437, 0.4033695143629881, 0.22546735716140176, 0.6263523096684704, -0.1277545749796355, -0.32440674838725725, 0.7038543481847472, -0.12491047917537836]], "inverted": false, "swapped": false, "error_lsq": 0.046185580120091635, "error_max": 0.21784514621185685, "target": "395.xyz", "model": "9.xyz", "model_rescale": 3.877068213659057, "target_rescale": 3.8950763965129056},
{"mapping": [8, 1, 0, 4, 3, 2, 6, 14, 11, 12, 13, 15], "R": [[0.3788495305212559, -0.892957079239339, 0.24310633035808238], [-0.9081282812393897, -0.4092974719955399, -0.08819639579513616], [0.17825840243033714, -0.1873585708058464, -0.9659817326992136]], "T": [-0.04614053589952731, 0.033990506884228444, -0.02443278659313798], "aligned_model": [[0.5648652812229973, -0.17450591541669142, 0.20928765475656907, -0.5185509973737692, -0.6635622305675714, 0.035603019166078456, -0.28200705132255316, 0.2277626246073678, 0.5290865429887859, -0.12004543903080261, -0.3970319979626982, -0.018541434181252744], [-0.33497233433769424, -0.363575035741959, 0.235155266282855, -0.44751817022747825, 0.16297846012883677, -0.4970318350995261, 0.5526612311972875, 0.09990913510193519, 0.410522523000008, 0.6669585507742586, -0.004342420285426626, 0.06137950303234609], [-0.31745368865983403, -0.7849395773985813, -0.7511068638988004, -0.07982619324771204, -0.09453201340222836, 0.36503944793562765, 0.21147448707093125, 0.703683508895993, -0.29274738704773245, -0.4144132174107828, 0.6633493478865589, -0.10563105083737757]], "inverted": true, "swapped": false, "error_lsq": 0.04433339116547019, "error_max": 0.27492112405251035, "target": "395.xyz", "model": "10.xyz", "model_rescale": 4.260839863003843, "target_rescale": 3.8950763965129056},
{"mapping": [7, 0, 6, 1, 3, 8, 4, 9, 10, 5, 2, 11], "R": [[0.5641964776188991, 0.5733061611225606, 0.5941400342186512], [-0.7134275967555518, 0.7007277164734348, 0.0013158850725550342], [-0.41557598442405863, -0.42461831447176024, 0.8043605461390659]], "T": [-0.033018308802918166, 0.03267981532652203, -0.03762703044057612], "aligned_model": [[0.3118067206601583, -0.1893395284873523, 0.21326427153900313, -0.44977142021931676, -0.7144716784409906, 0.2602866250669749, -0.12298393077609787, 0.30464358942088593, 0.5396988235039287, -0.20977896407362287, -0.5104569445869466, -0.04053750672016395], [-0.40748679652252645, -0.25986580448266555, 0.2896237296695112, -0.5581667519533229, 0.11757346354754368, -0.3985040217021361, 0.6588880495119771, 0.28027185413793315, 0.2877850426289098, 0.6060842238897828, -0.05266539043889033, -0.021412724460673514], [-0.37961340758353057, -0.8500401064443154, -0.796955714316311, -0.05948615209874018, -0.21720276631101304, 0.4559984566562355, 0.33098155994024325, 0.6409124938041928, -0.053444786520994644, -0.34839053736567555, 0.4472705577726408, -0.06713279764667063]], "inverted": false, "swapped": false, "error_lsq": 0.04169129458018488, "error_max": 0.2375335899180612, "target": "395.xyz", "model": "11.xyz", "model_rescale": 3.890672605050136, "target_rescale": 3.8950763965129056},
{"mapping": [2, 11, 10, 6, 9, 0, 7, 3, 4, 12, 8, 13], "R": [[0.9367721752786593, 0.34142501437987555, -0.07672581820606944], [0.14749160366767267, -0.1863925208563936, 0.971341368941083], [0.3173391221882786, -0.9212419810910164, -0.22496465012146274]], "T": [-0.15421430643213838, -0.09330211547541042, -0.06823705358017912], "aligned_model": [[0.40141780131744187, -0.11564736257964937, 0.20824512594612535, -0.5154685567094951, -0.7895093099518444, 0.18602725444735588, -0.1459774040205769, 0.3098843374548832, 0.5102910872593169, -0.15561171517709557, -0.41522520545975705, -0.08606599564024532], [-0.20208463429993734, -0.3157622329774409, 0.2965513033688907, -0.5365175012019864, 0.03312603844826942, -0.333294909013368, 0.6875984132674221, 0.18861807522156268, 0.12905729421196419, 0.5982656996174617, -0.06226442173945915, 0.05883174892206364], [-0.4983573368761873, -0.5700201250942687, -0.7866923243785766, 0.003274011670904589, -0.49978843687045266, 0.3504915924990548, 0.27394811255685275, 0.6788885120522954, -0.061460734255671966, -0.3454809013415736, 0.602658629812165, -0.04456419988848029]], "inverted": false, "swapped": false, "error_lsq": 0.04869853405405459, "error_max": 0.29861822920054615, "target": "395.xyz", "model": "12.xyz", "model_rescale": 4.124412569039231, "target_rescale": 3.8950763965129056},
{"mapping": [10, 4, 2, 5, 0, 7, 6, 9, 11, 1, 3, 12], "R": [[-0.5494562167789895, -0.44778107782024607, 0.7054005756937395], [0.44990336952274507, -0.8699768088176681, -0.20181008451389867], [0.7040488789388138, 0.20647629032304268, 0.6794723817782693]], "T": [-0.1268030731249976, 0.044099286645518154, 0.020708851357862476], "aligned_model": [[0.44205438536221153, -0.27315850292860516, 0.29213575309409634, -0.36833843387310383, -0.6881392449594531, 0.09131489567243956, -0.17758867406261902, 0.22060842312122542, 0.8257612675626216, -0.35147324018490433, -0.5776771158000897, -0.04313945611735941], [-0.31957566915156455, -0.17142195764783838, 0.30018182638076646, -0.659292898705391, -0.04537493845632458, -0.4681002726653711, 0.657568245087248, 0.1537088775995524, 0.2017842858689333, 0.7011847719540654, 0.1795352966719166, 0.011927306889450255], [-0.2772028650061873, -0.7211853036095233, -0.6873218728185913, -0.1229782467677759, -0.09618194651215288, 0.3090729227077018, 0.28279562048195117, 0.5460014001792236, -0.22076470662886177, -0.40429265444986684, 0.5565475030020633, -0.0615930506919192]], "inverted": true, "swapped": false, "error_lsq": 0.047490494546411584, "error_max": 0.2421038612217171, "target": "395.xyz", "model": "13.xyz", "model_rescale": 3.9028299243045295, "target_rescale": 3.8950763965129056},
{"mapping": [2, 8, 0, 12, 5, 1, 10, 9, 3, 4, 14, 15], "R": [[-0.852219577730025, -0.12539330521227682, -0.5079353407094245], [-0.3062916723725509, -0.667509969076058, 0.6786868590294839], [-0.4241546920274303, 0.7339665933760346, 0.53045813881879]], "T": [-0.01725299091343164, 0.02474211251377512, -0.03314465382838091], "aligned_model": [[0.37668763038986763, -0.2718060504184841, 0.22423445971603256, -0.4709764765724443, -0.44137441616433015, 0.2868652561162271, -0.3958063857875186, 0.17698913848847234, 0.492124859147451, -0.07581009683882625, -0.5252269712991163, 0.016459110109128643], [-0.4264696969656925, -0.28292666278157097, 0.24165217819522394, -0.5026649137539452, 0.12026449012782901, -0.48959364122833826, 0.6007893575043401, 0.18633948444025775, 0.3330329866584576, 0.6305571088627494, 0.05562282391449164, 0.07552135885164013], [-0.4613600895954953, -0.6942420930629486, -0.795935741767458, -0.018409791570382063, -0.30351167414198593, 0.2221386789392439, 0.2500858191385264, 0.6996593725084906, -0.21802404160487612, -0.3313434623891178, 0.6907748649701265, 0.06306495846193802]], "inverted": false, "swapped": false, "error_lsq": 0.044167838819157625, "error_max": 0.229927765501808, "target": "395.xyz", "model": "14.xyz", "model_rescale": 3.942246331269136, "target_rescale": 3.8950763965129056},
{"mapping": [5, 9, 2, 10, 6, 4, 8, 13, 1, 0, 11, 14], "R": [[0.06879859763771973, 0.8999969113593236, 0.4304327038071824], [0.9975784865455135, -0.05765367844321456, -0.03890008410697825], [-0.01019392685115561, 0.4320666764582116, -0.9017840489550196]], "T": [-0.0055398396468451586, 0.0017018627378230788, -0.031717169255389976], "aligned_model": [[0.3810242713177001, -0.425203984847589, 0.12078124775794943, -0.32994409256460044, -0.5559027749260487, 0.08082638929887975, -0.4056320757507676, 0.1319625763858511, 0.7565699487115749, 0.10155807376969161, -0.5068761671735543, 0.04319664490737279], [-0.1499248605002144, -0.3189515906522855, 0.2717934855343968, -0.6324459358046082, 0.07691116790194784, -0.4252923285766239, 0.6486879958332403, 0.13407365376062727, 0.2216256462749581, 0.6478312639546224, -0.009363336941803847, 0.07717971304118638], [-0.5116724620727531, -0.63935659703661, -0.7343845278337362, 0.008519211494166082, -0.09678320667899362, 0.36055927918884306, 0.11032533311412596, 0.7585363603361601, -0.19743873002409157, -0.36602887514272847, 0.4807771943376475, -0.07015617979596808]], "inverted": true, "swapped": false, "error_lsq": 0.051808193020637605, "error_max": 0.28167210137256543, "target": "395.xyz", "model": "15.xyz", "model_rescale": 4.355366556412066, "target_rescale": 3.8950763965129056},
{"mapping": [1, 2, 8, 0, 4, 5, 3, 7, 10, 6, 5, 11], "R": [[0.826754848534458, 0.42657137318403543, 0.3667605267809661], [-0.2046472613745089, 0.8353305628302743, -0.5102375419484249], [-0.5240190061788588, 0.34678482432416713, 0.7779102562518235]], "T": [0.05397748492009948, -0.004124476648647027, -0.06714667872835231], "aligned_model": [[0.32856102528642717, -0.26421832100113696, 0.3467721771457417, -0.35812327312256204, -0.6897143117243416, -0.23755651515611362, -0.2068786627303795, 0.375290653898384, 0.5477775595174835, -0.17330433449903324, -0.23755651515611362, -0.03868942557189605], [-0.3886363827815025, -0.2551973774036037, 0.1580568624326053, -0.5817857750497446, 0.14092833922140557, -0.22732428007262778, 0.45337274845056014, 0.3063517458879202, 0.37156699607479804, 0.7176368578562158, -0.22732428007262778, 0.0744794192820441], [-0.33426413754895945, -0.7995667967928606, -0.7563524515358606, -0.08700739716115072, -0.20931532277011997, 0.4629001649261092, 0.3248576172922246, 0.7079813638944862, -0.17784086213378758, -0.38886008158064, 0.4629001649261092, -0.10253546162948887]], "inverted": false, "swapped": false, "error_lsq": 0.05712451695790846, "error_max": 0.4114211474317444, "target": "395.xyz", "model": "16.xyz", "model_rescale": 3.795458400668931, "target_rescale": 3.8950763965129056},
{"mapping": [6, 5, 1, 9, 10, 8, 4, 7, 0, 2, 11, 12], "R": [[-0.20129292007081648, -0.8273006815154456, -0.5244566165980205], [0.9510071622839926, -0.03679139330933186, -0.3069719379078577], [0.2346626037823484, -0.5605532764532175, 0.7941747204763264]], "T": [0.045397818907224184, 0.08229011147208806, 0.028822441989949585], "aligned_model": [[0.3746707172894813, -0.13902769492763312, 0.2752918133153572, -0.47951679722492413, -0.6413646349980334, 0.08796369330281262, -0.2248352034123148, 0.3708751586229141, 0.5409511980260788, -0.21518637597513532, -0.4563751263783866, -0.10108669075375709], [-0.4272041311555467, -0.22105903988669276, 0.2444490057012991, -0.5981149997158784, 0.16567959103803476, -0.49341683920780965, 0.6225444395982334, 0.29963687435344355, 0.31910161060306885, 0.5944768645737313, -0.12045639123621552, 0.1564878891597754], [-0.2701270958053426, -0.6614985893001918, -0.7684540824300746, -0.21502055970323847, -0.216752780000942, 0.3815779176250225, 0.2537561277137392, 0.5561739050035162, -0.1933431489361228, -0.3850718100185498, 0.6308674039670141, -0.009210488228768285]], "inverted": false, "swapped": false, "error_lsq": 0.04180034775469612, "error_max": 0.20324555767862695, "target": "395.xyz", "model": "17.xyz", "model_rescale": 3.7474275329858107, "target_rescale": 3.8950763965129056},
{"mapping": [2, 0, 1, 4, 8, 9, 10, 12, 7, 3, 5, 13], "R": [[0.38980789326860293, 0.9170015787733807, 0.08460443766506019], [-0.8318731501080281, 0.3900440560386553, -0.3947818340276832], [-0.3950150231001858, 0.08350891494949446, 0.9148712437546161]], "T": [0.009686385533105857, 0.09721188900504327, -0.08135868756154704], "aligned_model": [[0.4039779728053778, -0.26962837887372904, 0.270013988385307, -0.5367997302841887, -0.6949941480906675, 0.20894320721820392, -0.3555962466188469, 0.260824806946207, 0.7390574524809405, -0.2734501552357702, -0.3845185015798955, 0.024529789733521535], [-0.3405145081740141, -0.3226027728393013, 0.3299868680275453, -0.5163844258997923, 0.13404118974420035, -0.39485579134279614, 0.577156683613901, 0.20381395496890267, 0.22605343612070414, 0.6043241710646957, 0.022748720619863466, 0.018357347921533956], [-0.4772910924346988, -0.7483529175708795, -0.6784882925418873, 0.03729336499018246, -0.21892103472630986, 0.32593762082477384, 0.25429137312585903, 0.6149188548996991, 0.05588920667555072, -0.43244274298833596, 0.5205363865174489, -0.1504739268853414]], "inverted": false, "swapped": false, "error_lsq": 0.032143054909826406, "error_max": 0.18030823784779915, "target": "395.xyz", "model": "18.xyz", "model_rescale": 3.922800546911778, "target_rescale": 3.8950763965129056},
{"mapping": [9, 2, 10, 0, 1, 3, 8, 12, 11, 6, 5, 14], "R": [[-0.6794963323098625, -0.16878020483852635, -0.7140013843348697], [0.19348776411615337, 0.8975036854619176, -0.39629486461422553], [0.7077056022915017, -0.40743143844939195, -0.5771935580446845]], "T": [-0.0002701411651324509, 0.17134880433858424, -0.014783935597091673], "aligned_model": [[0.41494057893107544, -0.08271581305321767, 0.23137789649528306, -0.4508217046983897, -0.6827523323857247, 0.09881434876663829, -0.2550642931428137, 0.1851277990724916, 0.6616209556665885, -0.3021293261528919, -0.5043505888062456, 0.07831253619366599], [-0.3681641079652429, -0.29266279978142173, 0.27769604247981916, -0.5198283087023677, 0.12677923614052714, -0.4188227587842126, 0.6560821860657096, 0.0034443736159166793, 0.3014786847221286, 0.6432360186362874, 0.014934469881022927, 0.11795183751727648], [-0.46117956874062427, -0.5542511776208195, -0.7800486602846448, 0.11833301555110198, -0.2980058206858387, 0.21111213236616622, 0.258170534560439, 0.7309034992345921, -0.24327901855309453, -0.4172404690687088, 0.5365518771956639, 0.0018304559318290496]], "inverted": true, "swapped": false, "error_lsq": 0.046833805054245344, "error_max": 0.28561809216357004, "target": "395.xyz", "model": "19.xyz", "model_rescale": 3.9282355846067225, "target_rescale": 3.8950763965129056},
{"mapping": [2, 10, 1, 12, 11, 7, 4, 6, 5, 0, 8, 13], "R": [[0.42442640395696435, -0.2641103901901486, -0.8660877146211967], [-0.9041344089776728, -0.07183110451658775, -0.42116655010401927], [0.04902242473352353, 0.9618139083094686, -0.26927830892166477]], "T": [-0.05960234539173294, 0.04535542801983868, 0.05897537876238727], "aligned_model": [[0.44057692960433625, -0.3017029845178958, 0.3009424756213007, -0.39818767106714514, -0.6804352786078944, 0.21089630041417168, -0.34563370921446024, 0.3376711374101634, 0.6296434447226057, -0.2585754324024299, -0.5067129917703533, -0.03612216330593929], [-0.29830058381572316, -0.3080828029998379, 0.3275415674548347, -0.7319414084898186, 0.25018408955918314, -0.4971722589283793, 0.5950890998065734, 0.18541637456868543, 0.15563878746158868, 0.5985038883408805, 0.1797766866861182, 0.08547143418133771], [-0.4981937596090417, -0.6884890326846398, -0.5342186966109809, -0.00398453274421913, -0.23423932034421013, 0.20247439580226417, 0.18285755646926016, 0.5583757844203691, 0.037342679243027546, -0.4838261316322809, 0.6595122837412997, -0.0947144261647871]], "inverted": false, "swapped": false, "error_lsq": 0.04349480575971221, "error_max": 0.20820334527088424, "target": "395.xyz", "model": "20.xyz", "model_rescale": 4.067790424073018, "target_rescale": 3.8950763965129056},
{"mapping": [0, 3, 2, 12, 11, 9, 13, 1, 8, 6, 10, 14], "R": [[-0.25618242552562076, 0.5030438090788024, -0.8254195848168976], [-0.9365306427147647, 0.08225817366430499, 0.34079898491879823], [0.23933432705752844, 0.8603374448510903, 0.4500428433816248]], "T": [0.05548622926413747, 0.15176208526095908, -0.11101825991228025], "aligned_model": [[0.46291676288084194, -0.3602064528234041, 0.26385535776675856, -0.3478600172774903, -0.5881148680487484, 0.006566209829940418, -0.33561724184138436, 0.3233961407957044, 0.6040069340111471, -0.2387588855564067, -0.40749735652908214, 0.009673473678583518], [-0.31912522470310045, -0.19644290586733032, 0.16620281638078382, -0.4987985207004038, 0.1002375461139185, -0.3819967194850343, 0.5125002714317737, 0.148007959025852, 0.2538690067112567, 0.6330650788566974, 0.0023184325510119397, 0.12228713351001817], [-0.45266651632899063, -0.7665317188610908, -0.8252281052033651, -0.07790375750544452, -0.14500507180281175, 0.4517945593478862, 0.3439867301753021, 0.6645559061854425, 0.006740433103735163, -0.5898962646853094, 0.5482234374221876, -0.05517283196147972]], "inverted": false, "swapped": false, "error_lsq": 0.04015199520566957, "error_max": 0.21380252454593643, "target": "395.xyz", "model": "21.xyz", "model_rescale": 4.186013935880536, "target_rescale": 3.8950763965129056},
{"mapping": [0, 1, 2, 7, 9, 6, 11, 3, 5, 8, 4, 12], "R": [[0.6853984159575074, -0.542841212075464, -0.48533743918574856], [0.7206420958553106, 0.60125694125943, 0.34520292621676796], [0.10442212928400046, -0.5863561281847363, 0.8032947839093691]], "T": [-0.1371805243443477, 0.050066846096347054, -0.08642337746261528], "aligned_model": [[0.36188811872047855, -0.20421450576812794, 0.2726908863866173, -0.4854739932159605, -0.6488482326342525, 0.10533927864297776, -0.24792507321811286, 0.4229401619682206, 0.5875355914383156, -0.24088585578760058, -0.40561271115843517, -0.1250736084876607], [-0.3995830937426914, -0.42044634952794824, 0.3288068483476453, -0.5910864264735439, 0.21426944440877982, -0.32063787547792255, 0.5765947775385287, 0.1508445713678112, 0.32069364967330216, 0.7184749674108036, -0.09296270257001017, 0.057157062870688544], [-0.3520054968128331, -0.642523201244493, -0.637793163246481, -0.009365733486492292, -0.39736456682024046, 0.2506448701946308, 0.2444390728363308, 0.6405204453947181, -0.07712494611828868, -0.4471780285687922, 0.5731998923353584, -0.04255234457735561]], "inverted": false, "swapped": false, "error_lsq": 0.03713547833580509, "error_max": 0.20872353154816625, "target": "395.xyz", "model": "22.xyz", "model_rescale": 4.166573947596378, "target_rescale": 3.8950763965129056},
{"mapping": [3, 4, 2, 8, 0, 9, 5, 14, 12, 1, 10, 15], "R": [[0.9970923419249734, 0.06954966864586265, -0.031140090973261866], [-0.0760318790130497, 0.9353496775245135, -0.3454564142240438], [0.00510049490905438, 0.3468195847209899, 0.9379179924735654]], "T": [0.05126654801010603, 0.04822560790337141, -0.03258142550450995], "aligned_model": [[0.2504031307138764, -0.29077698019708004, 0.24466881369062077, -0.4306098841451501, -0.6929391115430631, 0.2515038929941149, -0.4200782724215234, 0.3472346858791859, 0.6288797465320813, -0.23894257234218427, -0.27546798418054036, 0.018484591906121443], [-0.3597698998098513, -0.21624547497814792, 0.22085305693349633, -0.5981998255741459, 0.15466510876507336, -0.46002579834171853, 0.7158445969711557, 0.13621737104052611, 0.30692703594673476, 0.5091363395434215, 0.03079864399012608, 0.101923719338773], [-0.4266765144500061, -0.6266477387184898, -0.6535520903994685, -0.0958933778351008, -0.35130439578333866, 0.21648619584707746, 0.11967141318735294, 0.6958676627690429, 0.13717698886943072, -0.49240641916027583, 0.6411262852328725, -0.060951209673035155]], "inverted": false, "swapped": false, "error_lsq": 0.043207528943510924, "error_max": 0.2196732806677468, "target": "395.xyz", "model": "23.xyz", "model_rescale": 4.274766983524099, "target_rescale": 3.8950763965129056},
{"mapping": [3, 5, 10, 4, 6, 9, 1, 2, 0, 8, 11], "R": [[-0.633548559305402, 0.7581875704234219, 0.15416819080951194], [-0.49419756572043705, -0.24324504591973006, -0.8346260322273101], [-0.5953024349337434, -0.604965664885981, 0.5288020000633689]], "T": [-0.0017060252167368645, 0.24201396201882902, -0.011206875480589289], "aligned_model": [[0.18081834367951904, 0.29538274269508435, -0.3972834579246605, -0.4297384692752649, -0.6808672799955826, -0.5376846794812945, 0.10683939838941067, 0.043283096695336115, 0.6196130413752775, 0.20689604455670713, -0.027364076756457422], [-0.23321508133046198, 0.46521551986365595, 0.5372783868914186, -0.2603435911584742, 0.40611379952614046, -0.012978172044688097, -0.5746316652074315, -0.17461702050679173, 0.027288297656647836, 0.5617692046623715, 0.173706852891096], [-0.6416041639734377, -0.31347429059603016, -0.5618016723954993, -0.22172094776699586, 0.04395104554829606, 0.4698233211379914, 0.015717472298099562, 0.7058038638475387, 0.2194746028784615, 0.584424746144228, 0.07897245689892501]], "inverted": true, "swapped": true, "error_lsq": 0.05396824258681243, "error_max": 0.2133220068512583, "target": "395.xyz", "model": "24.xyz", "model_rescale": 3.7841303162186577, "target_rescale": 3.8950763965129056},
{"mapping": [8, 4, 2, 6, 3, 7, 13, 10, 9, 12, 11, 15], "R": [[-0.6509637624869199, 0.32926708768672464, -0.6839805296170175], [-0.5390235315447219, 0.43394456813188376, 0.7219042486575966], [0.5345089450794337, 0.8386151064434362, -0.10499948035554874]], "T": [0.0728868474802831, -0.02481969882647038, -0.057121373326878604], "aligned_model": [[0.5102541658152654, -0.27139419301685486, 0.2902767757652046, -0.5167799850660757, -0.6944903520519603, 0.05363363984409797, -0.4111502153836206, 0.46977531205619305, 0.45437127785224274, -0.06500082375341784, -0.43664894404508925, 0.009513398870474546], [-0.24771512807010715, -0.2969073799846954, 0.1897651193351384, -0.44233267312615326, 0.1054328740971688, -0.43519258941417366, 0.5386378896710121, 0.10496527550086947, 0.4090192451414198, 0.6707050058274139, -0.0013709851805876333, -0.052881779971862414], [-0.3864923497556225, -0.660564164131859, -0.7466777545039712, -0.055573752828941565, -0.2648914109116438, 0.44689148838070725, 0.18828373055184572, 0.5993011372580549, -0.14874074140334442, -0.3262018106797445, 0.5166826037817256, -0.0591201758711448]], "inverted": false, "swapped": false, "error_lsq": 0.04381569680790029, "error_max": 0.23999276014652893, "target": "395.xyz", "model": "25.xyz", "model_rescale": 4.19342608120988, "target_rescale": 3.8950763965129056},
{"mapping": [1, 2, 8, 0, 4, 5, 3, 7, 10, 6, 5, 11], "R": [[0.826754848534458, 0.42657137318403543, 0.3667605267809661], [-0.2046472613745089, 0.8353305628302743, -0.5102375419484249], [-0.5240190061788588, 0.34678482432416713, 0.7779102562518235]], "T": [0.05397748492009948, -0.004124476648647027, -0.06714667872835231], "aligned_model": [[0.32856102528642717, -0.26421832100113696, 0.3467721771457417, -0.35812327312256204, -0.6897143117243416, -0.23755651515611362, -0.2068786627303795, 0.375290653898384, 0.5477775595174835, -0.17330433449903324, -0.23755651515611362, -0.03868942557189605], [-0.3886363827815025, -0.2551973774036037, 0.1580568624326053, -0.5817857750497446, 0.14092833922140557, -0.22732428007262778, 0.45337274845056014, 0.3063517458879202, 0.37156699607479804, 0.7176368578562158, -0.22732428007262778, 0.0744794192820441], [-0.33426413754895945, -0.7995667967928606, -0.7563524515358606, -0.08700739716115072, -0.20931532277011997, 0.4629001649261092, 0.3248576172922246, 0.7079813638944862, -0.17784086213378758, -0.38886008158064, 0.4629001649261092, -0.10253546162948887]], "inverted": false, "swapped": false, "error_lsq": 0.05712451695790846, "error_max": 0.4114211474317444, "target": "395.xyz", "model": "26.xyz", "model_rescale": 3.795458400668931, "target_rescale": 3.8950763965129056},
{"mapping": [1, 0, 6, 2, 3, 9, 10, 11, 8, 7, 4, 12], "R": [[-0.17505721317789896, -0.018511612383897952, -0.9843842198660725], [0.9773906488003852, -0.12369142507748498, -0.17148746601388487], [-0.11858537747947684, -0.9921480492190917, 0.03974615300630657]], "T": [0.04521935930647945, 0.013764653347616972, -0.01552629307605733], "aligned_model": [[0.386940214773087, -0.41055270667387145, 0.47663010700335473, -0.28943880138740585, -0.6886130338616716, -0.0862151059590224, -0.20110390245446766, 0.2967092309646644, 0.7445749933965714, -0.4172689612864246, -0.39772542006189027, -0.021576557566463282], [-0.34120366584316186, -0.20007679358884703, 0.24030856142351675, -0.7626235948394918, -0.0150159923090643, -0.3446414777434537, 0.6355998054498226, 0.2001726257904772, 0.21497861923146858, 0.5733715261381424, 0.21389535898033593, 0.12735990113569828], [-0.34351641466704735, -0.6772035947398185, -0.6816716106766446, -0.2605979508766696, -0.09127754402642613, 0.18105528452497358, 0.230100095642066, 0.6275751794742905, -0.04967811741839651, -0.38042737538492083, 0.6646286934746855, -0.11608984544003068]], "inverted": true, "swapped": false, "error_lsq": 0.052704095703575364, "error_max": 0.2947311001539405, "target": "395.xyz", "model": "27.xyz", "model_rescale": 3.6321398670334006, "target_rescale": 3.8950763965129056},
{"mapping": [0, 11, 2, 10, 9, 8, 6, 7, 1, 13, 12, 14], "R": [[-0.46757453110152536, -0.5009139821313116, 0.7283263282145863], [0.561472347493869, -0.8046807434765189, -0.192970733733904], [0.6827319099506871, 0.3187068929022863, 0.6574975707572294]], "T": [0.048957415216086174, 0.004325085488046422, -0.01988030979069636], "aligned_model": [[0.292803280965908, -0.17951176289462678, 0.3469485980069306, -0.3476368298728657, -0.6090783189059054, -0.020918273714771042, -0.32449932912858015, 0.32233361024631174, 0.5273743427654922, -0.29369703844776646, -0.37981186179902626, 0.058053639665358814], [-0.4763612927451477, -0.06971367142859117, 0.1935692559591858, -0.630850367855742, 0.049558166870219154, -0.35612628417318226, 0.6548308105590028, 0.03822389352929049, 0.4246822836126453, 0.5774502778195271, 0.08190341814602378, 0.05495838353221159], [-0.3343504892316427, -0.6155697704548645, -0.7332046137745292, -0.22949133342362427, -0.12718875394787663, 0.3437428660388229, 0.1832939968874816, 0.7046910882150735, -0.2240475587933899, -0.48955335693453667, 0.6827207436172072, -0.05814601831205991]], "inverted": false, "swapped": false, "error_lsq": 0.0477665915036751, "error_max": 0.2584720553752357, "target": "395.xyz", "model": "28.xyz", "model_rescale": 4.156811204709835, "target_rescale": 3.8950763965129056},
{"mapping": [10, 4, 3, 1, 9, 6, 5, 8, 0, 11], "R": [[0.1733044426389865, 0.3879048713129464, 0.9052598416881622], [-0.7332492448204561, 0.6644615673782361, -0.1443480877860477], [-0.657503699709607, -0.6387649303843661, 0.3995850955419068]], "T": [-0.2361808924799133, 0.09484482642048787, 0.016190904611277302], "aligned_model": [[-0.7180928451181297, 0.06552162579527371, 0.17873543683181864, 0.5667841598353378, -0.10344838150564553, -0.6018956839485528, -0.3913593270419509, -0.38386588250424125, 0.19842875575714464, -0.16788248399046668], [-0.16154249227132217, -0.46267582880208424, 0.14122731038650566, -0.06591050631518296, -0.5142516907829279, -0.49729081969634126, 0.4602474459761946, 0.370011939764515, 0.6040461049754607, 0.04485886739138683], [-0.4826513840645623, -0.26316078859679065, -0.6782524948637373, -0.07773437268044854, 0.45785556199463456, 0.09901137800877578, -0.25185170534653273, 0.6510195987064911, 0.20903008497074432, 0.09552084884652566]], "inverted": true, "swapped": true, "error_lsq": 0.05541888244217662, "error_max": 0.26076421939231376, "target": "395.xyz", "model": "29.xyz", "model_rescale": 4.117894457231895, "target_rescale": 3.8950763965129056},
