[{"mapping": [5, 2, 1, 12, 7, 0, 13, 11, 15, 6, 10, 9, 4, 16], "R": [[-0.3698951573305074, 0.6335439523241205, -0.6795584103349557], [-0.4058539551262955, 0.5477712693628914, 0.7315936054729497], [0.8357392773417931, 0.5464144003721896, 0.05450837893497104]], "T": [0.04893076766170359, 0.2229669803893983, 0.04812460195943494], "aligned_model": [[0.09984558019425352, 0.42958227806336435, -0.4820001485478921, -0.4207078378510989, -0.5457148701904829, -0.07498332754423392, -0.8787972353222867, -0.014474031855754278, -0.42873642705707854, 0.24923065181968965, 0.6442171676350265, 0.23050355060390648, 0.6206757211986818, -0.05714897001779085], [-0.5434312852488603, -0.39889128386678185, -0.27167052366704536, -0.33490055627488136, 0.2651818322752134, -0.006670814771534889, 0.26276019046831134, 0.3859485547490323, 0.7774161321839671, -0.1822848249319499, 0.4860072211227684, 0.7566382875130859, -0.09669430969564854, 0.13586471195435862], [0.2031932008670445, -0.392640037186783, 0.3235323426934814, -0.22695846368530317, 0.5651954339837064, -0.6769395588352636, -0.05787008655130775, 0.5899408664692047, 0.18413336853793266, 0.6237574450400137, 0.47308388202274243, 0.012901089590287712, 0.21074740817101842, 0.06551119606305932]], "inverted": false, "swapped": true, "error_lsq": 0.04327921279391206, "error_max": 0.3202784082969614, "target": "397.xyz", "model": "0.xyz", "model_rescale": 3.8414455957264533, "target_rescale": 4.064744684861532},
{"mapping": [1, 13, 10, 15, 11, 9, 8, 6, 2, 4, 3, 12, 0, 5, 16], "R": [[0.852341829003843, -0.2589792966114452, 0.4543601329969708], [0.045864552900976734, 0.9024498625952115, 0.4283464582427147], [-0.5209701040535603, -0.3442585793099792, 0.7810737361183626]], "T": [-0.002546386547563371, -0.05364657748270901, -0.11114683361326633], "aligned_model": [[-0.661869390614058, -0.6643911082424679, 0.2543774877153748, -0.3738586099163789, -0.3498939439265914, 0.24445514293548526, 0.68911345153541, -0.25049744123292195, 0.4633422802574618, 0.30152898664682976, 0.5032016752175468, -0.29552076271771166, 0.29595600834073044, -0.1738607517198363, -0.1100388707743277], [0.3238780984867104, 0.21839031891467192, -0.6539456143157956, -0.44066121532497043, -0.46613040381828136, -0.5031024479422763, -0.2211833223741509, -0.1060364171031343, 0.5812182687015175, -0.042387863858155295, -0.05357833680495548, 0.6630178491122356, 0.5624939013793631, 0.45165986645455763, 0.03341184653567861], [0.047508822464601086, -0.7123582044676535, 0.3104900304785531, -0.6273106625427662, 0.07148611539731858, -0.34777755925676423, -0.0442291769536623, 0.5754955904532262, 0.214077884910073, 0.49129255600047633, -0.5025061866014588, -0.2006198229309385, -0.46480413635077605, 0.4627187221372246, -0.10828218539791824]], "inverted": true, "swapped": true, "error_lsq": 0.040604842423865174, "error_max": 0.2577981583216865, "target": "397.xyz", "model": "1.xyz", "model_rescale": 4.316132596720782, "target_rescale": 4.064744684861532},
{"mapping": [0, 14, 3, 5, 2, 12, 4, 1, 9, 13, 11, 16], "R": [[0.13405076783990372, -0.5141049344550309, -0.8471874102053929], [-0.8881939477605176, -0.44146505461502034, 0.12735822201705105], [-0.4394791266978667, 0.7353942629112262, -0.5158036208424044]], "T": [0.11082860799921507, 0.08825474953858271, -0.1800099111801024], "aligned_model": [[-0.23976094821301525, 0.3532002533009745, 0.2582528714588672, -0.5985605236236882, -0.654634078340399, -0.38742350731321556, -0.27432357147655595, -0.1963136632082249, 0.5769528886818744, 0.31200385122107893, 0.3958401809013548, 0.052574801242730035], [-0.5758549389829505, -0.4197020759371537, -0.48705702608646617, 0.40395668481544483, -0.19610976961178522, -0.07991642757609947, 0.3363351773604876, 0.4419770390728168, -0.052346583274797756, -0.058658698647560084, 0.5804668743539505, 0.11968617225509331], [-0.007233923517624363, 0.17158607452579444, -0.4171294953097665, -0.0746332625644262, -0.42307458649634844, 0.3952383708955061, -0.6756264054079801, 0.4388176003178719, -0.46632067860821624, 0.7207911663826512, -0.1546395708886557, -0.058516828119385064]], "inverted": true, "swapped": true, "error_lsq": 0.042834177051533216, "error_max": 0.25528511616389576, "target": "397.xyz", "model": "2.xyz", "model_rescale": 3.795458400668931, "target_rescale": 4.064744684861532},
{"mapping": [12, 5, 2, 10, 14, 9, 4, 7, 6, 11, 3, 16], "R": [[-0.6462540939670632, -0.3072878670415623, -0.698519729714099], [0.7616500887887617, -0.2028962434542652, -0.6154041409027238], [0.047379196688863645, -0.9297350596601137, 0.36516835919877194]], "T": [0.07109865685981534, 0.1203295906734613, 0.02132158403015371], "aligned_model": [[-0.12303995949608001, -0.1592775722908825, -0.7146844346301497, 0.18887557881647624, 0.06362109462480761, 0.17315249526301502, -0.2376576929929509, 0.783133625722098, 0.22758304023058837, 0.5762230592134068, -0.28742880943782234, 0.10280340072105809], [-0.22618536112035834, -0.6235264513378874, -0.20709302649522535, 0.1354468326976271, 0.5761193528138685, 0.600777488152421, -0.24249569998334883, -0.09267471827988258, -0.5173108533915364, -0.00393911178935738, 0.6498576407057495, 0.0367929533176391], [-0.6492638967842865, -0.06591299558848523, -0.013551087381021516, 0.7894664412011111, -0.46094770480045766, 0.3001930010870505, 0.49938971124568526, -0.24397662770758927, 0.3447864835116994, 0.2527403697953745, 0.020159712053085685, -0.08431197599306564]], "inverted": true, "swapped": true, "error_lsq": 0.04696032764149959, "error_max": 0.2947577355269686, "target": "397.xyz", "model": "3.xyz", "model_rescale": 3.7530521520055578, "target_rescale": 4.064744684861532},
{"mapping": [11, 8, 4, 2, 6, 0, 7, 14, 13, 12, 16], "R": [[-0.36582753196730006, 0.27194482164758543, 0.8900652958259733], [0.6691088516090034, 0.7415845245490663, 0.04843281581548081], [-0.6468875957638972, 0.6132686254231487, -0.4532527236745597]], "T": [-0.16094519545207786, -0.12790339423561964, -0.09667876042630243], "aligned_model": [[-0.2755413489729912, -0.19477910366179474, 0.3298993043330084, 0.4942190588645654, 0.3455442082327198, -0.05870378059805041, -0.32157819752044153, -0.5856993328038429, -0.4859689575208042, 0.19877053288604513, -0.10796278079320851], [-0.6675804843294033, -0.009678233351810159, -0.3390927648679488, 0.3320116195492056, -0.6535805041927552, 0.6358024694361646, -0.5224848620777328, 0.33609956773046795, 0.14355466572478498, 0.32196077628630276, -0.1098088915929297], [0.04390710904866328, -0.8008221714356305, -0.5089802716248635, -0.388423032482313, -0.043440622169255746, -0.08636837207368686, 0.5675879612666604, 0.1146718067539781, 0.7364885078066508, 0.42836802236851157, 0.029841839786601862]], "inverted": true, "swapped": true, "error_lsq": 0.04553162574658192, "error_max": 0.23136576141342952, "target": "397.xyz", "model": "4.xyz", "model_rescale": 3.7855080009869324, "target_rescale": 4.064744684861532},
{"mapping": [5, 15, 7, 0, 6, 8, 13, 14, 4, 1, 11, 12, 10, 9, 3, 2, 16], "R": [[0.7618142144716938, 0.09792731421528776, 0.6403509535867472], [-0.4557186180789975, -0.6215196419374214, 0.6372078748902501], [0.46039075117235473, -0.7772538683188139, -0.42885519749490636]], "T": [0.07526338914347556, -0.06430493030467972, -0.029309047625878486], "aligned_model": [[-0.5991116442307369, 0.7809411465754159, -0.29668331655772867, -0.6468734052372558, 0.013173051843947112, 0.4956658709249809, 0.6542298542885314, 0.5303274758251388, -0.5462847585490654, -0.3413240847521543, 0.1951408683385138, 0.3486107133704099, 0.09270501627258697, 0.2528302817081846, -0.22879535469616546, -0.04365767102371214, 0.10226003825831602], [-0.5108183212239928, -0.4901417641900626, -0.3423940533955328, 0.03889837457468519, 0.22833240888286493, -0.3289855262562547, 0.26761673877233133, -0.026184012872369697, 0.18540448167988888, 0.5183694582118876, 0.6870154096319755, 0.5018268125311328, -0.7738095799031084, -0.5621066114060463, -0.47901584526532326, -0.046981916144017824, -0.07238461360044782], [-0.06008811048636802, -0.02929298038709951, -0.6172644537686325, 0.2469904481825861, -0.609468720297314, -0.5278226476432606, -0.3112549231232306, 0.46985111825234127, -0.34287545770776223, 0.21574068722293127, -0.2607898569376918, 0.2311546794107544, -0.19442481281983187, 0.44774179264862407, 0.43757395988928666, 0.6996239960810132, 0.016436464177963295]], "inverted": false, "swapped": false, "error_lsq": 0.036303072594654505, "error_max": 0.21557993920293167, "target": "397.xyz", "model": "5.xyz", "model_rescale": 4.2253639853439635, "target_rescale": 4.064744684861532},
{"mapping": [2, 12, 7, 6, 1, 15, 11, 4, 14, 0, 13, 9, 8, 16], "R": [[-0.4207153358337248, 0.29601115679779655, -0.857540670315727], [-0.8970117266735329, -0.2769551728853179, 0.34447901884183135], [-0.13553069174354315, 0.9141516434724022, 0.38204476744515525]], "T": [0.12148827734184073, -0.024164392918133777, 0.1367761526613146], "aligned_model": [[0.7613457866980119, -0.08398770894842808, -0.5638711508492107, 0.29008534658601937, -0.28960814949784563, -0.5162389528568161, -0.11341009665168417, 0.7065250325680542, -0.23314911745129177, 0.24593336801151217, -0.7241393774393823, 0.1407883288847257, 0.7089846593244334, 0.04480418437968567], [0.046320214549861564, -0.0040171158801724435, -0.41449551890809466, -0.7357609870820467, -0.455545116564168, 0.1504547990851744, -0.42155399513754077, -0.36053088827547225, 0.5257710781486757, 0.5185031367077679, 0.15996218149138444, 0.2406111064754013, 0.2670824626365258, -0.07170221061230572], [-0.4213376602362612, -0.6147695928142254, 0.16269602804086736, 0.1066505031324243, -0.360530313181275, 0.4786684062583987, 0.4700212345650303, 0.14733007180886312, 0.02638057288097717, -0.39598235634998147, -0.21608202727357229, 0.6353098810162244, 0.4213163704961301, 0.03188709058784826]], "inverted": false, "swapped": true, "error_lsq": 0.038520090338141785, "error_max": 0.2282804255155185, "target": "397.xyz", "model": "6.xyz", "model_rescale": 3.89814844738969, "target_rescale": 4.064744684861532},
{"mapping": [9, 15, 14, 10, 0, 7, 11, 8, 4, 1, 12, 2, 16], "R": [[0.8898962991184218, 0.43526252839303237, -0.13649581748992004], [-0.4557687235853919, 0.8359530761489755, -0.305707908105774], [-0.018959098519696183, 0.3342588605466882, 0.9422905956918761]], "T": [-0.07138566644959013, 0.034865477668057004, -0.03845445431438889], "aligned_model": [[0.07457871077527373, -0.06165720003785742, 0.4390342414908104, -0.45021366699720144, 0.5886675924557143, -0.5422776598077529, -0.5604019701419788, 0.2213367778642992, -0.3234527046333321, -0.4288820021330757, 0.09087242217476149, 0.20456483440925197, -0.10353757451469034], [-0.35127655014341375, 0.22710999658050093, 0.3222871440425046, -0.6398684955893108, 0.28632719165278875, 0.52526907443949, -0.008100974696010323, -0.599934501511355, -0.35872093161148266, 0.7069217295120084, 0.7104964918031167, -0.023183572487567472, 0.166454663479216], [-0.4239452717343427, -0.7574993745466585, -0.35029446366985917, -0.11173383261154475, 0.26960878437914526, -0.4390949621658359, -0.3268378195839457, 0.11081852484566547, 0.4484477494860077, 0.11300539578761302, 0.3145927757713198, 0.7655097048172572, -0.010302179938526057]], "inverted": true, "swapped": true, "error_lsq": 0.04684109456468596, "error_max": 0.2694963730579455, "target": "397.xyz", "model": "7.xyz", "model_rescale": 3.7474275329858107, "target_rescale": 4.064744684861532},
{"mapping": [3, 14, 15, 9, 7, 10, 8, 4, 11, 6, 2, 5, 12, 1, 16], "R": [[0.729788805686598, -0.2522827246500905, 0.6354224783068786], [-0.07512234523848162, -0.9533880224331941, -0.29224632063859074], [0.6795328780422617, 0.16554366651747876, -0.7147239761862971]], "T": [-0.030674540751570105, -0.07521951781811403, -0.06625578772322366], "aligned_model": [[-0.44489657413771166, 0.10631230181327578, 0.46669658646603046, -0.18869077147095567, 0.7449487090050376, -0.3202177242577511, -0.7063046138821718, -0.4506268191761757, 0.30346063663310924, 0.07606613222165215, -0.6009330193611004, -0.01933655047939408, 0.21756515868372456, 0.5512341864232638, 0.06687608385791372], [-0.04605507860648672, 0.15909728140380144, -0.36759258188293503, -0.4991990037582814, -0.19051536990701562, -0.7404354493033021, -0.2848697736503414, -0.1631053023029556, -0.49117285368341823, -0.21011319486089328, 0.4840993369383975, 0.353302043962323, 0.6606909608657745, 0.30911837669740017, 0.015868570067525886], [-0.5525815965697352, -0.6718250494304883, -0.5365941219487824, -0.40431895002762247, 0.022418980924574117, 0.21266887116084204, -0.1687771990947851, 0.4547413160167438, 0.13245136435376853, 0.645159958496978, 0.23012981686019507, 0.5896753147117559, -0.000986191095749711, 0.274434596555122, -0.029802455216554953]], "inverted": false, "swapped": true, "error_lsq": 0.029582870436362763, "error_max": 0.26218049978851166, "target": "397.xyz", "model": "8.xyz", "model_rescale": 4.019505241142653, "target_rescale": 4.064744684861532},
{"mapping": [9, 7, 14, 3, 8, 0, 12, 10, 4, 6, 1, 5, 16], "R": [[0.647818602791085, 0.4548567246151538, 0.6110944427420204], [-0.5425615202371243, 0.8385846787350797, -0.04901768404121121], [-0.5347504601548154, -0.2998017622749366, 0.790038510897447]], "T": [-0.03190603517334525, -0.12360930573482463, -0.04656286027574705], "aligned_model": [[-0.16756563876634212, -0.6939535755496942, 0.0684081089302194, 0.33480942257352136, 0.34184450072542877, 0.619070206896424, 0.2640585716179791, -0.27742708220172957, 0.1824007704440717, -0.2567447254931885, -0.23901292267832322, 0.19119285564436556, -0.04737972040155576], [-0.6060096435602854, 0.30320128374979566, 0.02032331075342718, -0.4611988590996012, -0.731149812242443, 0.1205606779689334, 0.5954699494274632, -0.7493816062640851, -0.3557336123738516, -0.017248130018568383, 0.6005175103505256, 0.3304251052815502, 0.01360205414119793], [-0.307140720799187, -0.09424460365898421, -0.6865662685180671, -0.44718277530215833, -0.00024941572188738603, -0.37885370960029396, -0.09926274242451841, 0.34366130518123184, 0.5498536960901687, 0.6417954061658333, 0.14092157437597108, 0.5518387846122372, -0.03786703635646669]], "inverted": true, "swapped": true, "error_lsq": 0.0476163245430869, "error_max": 0.30890271487163196, "target": "397.xyz", "model": "9.xyz", "model_rescale": 3.877068213659057, "target_rescale": 4.064744684861532},
{"mapping": [12, 13, 9, 6, 11, 1, 4, 15, 14, 3, 2, 0, 5, 10, 8, 16], "R": [[0.4948069121120833, -0.24922265471387595, -0.8324987616227868], [-0.8324845687077415, -0.410739550021916, -0.37183661050423744], [-0.2492700595530702, 0.8770296975730996, -0.41071078265033]], "T": [-0.07330917435897796, -0.024972897031342985, -0.015357522282379493], "aligned_model": [[0.2852576656919903, -0.34412059944921336, -0.545720093533189, 0.4887766303477923, -0.11612044703786556, 0.33933713480146077, 0.39547293800149896, -0.6738674156252519, -0.5226696493749805, -0.44969460562542074, 0.49853895436785967, -0.05203521070361532, 0.6994181636110222, -0.08984103794376111, -0.18663247700435978, -0.010691425206872246], [0.18143846450268297, -0.2103093891874522, -0.02224140188790611, -0.4416543933073471, -0.5795060404674162, -0.3647418017065204, 0.044715630427028634, -0.3846149145301087, 0.22831491596766162, 0.47697984581699593, 0.6028600463215359, 0.6562334608787039, -0.03353340058591559, -0.2876662351314746, 0.3948509381061873, -0.059326848083106114], [-0.6758660175357877, -0.8904627604094293, 0.29421459816027207, 0.19944079743003715, 0.10633148474962834, -0.5781038566237757, 0.4651720289894449, -0.26846938197885684, -0.4328552293871547, 0.10841929656790271, 0.05314250128656109, -0.3749567069857386, -0.145065151234627, 0.7159873782634689, 0.5519568894916884, -0.13385154367359262]], "inverted": false, "swapped": true, "error_lsq": 0.043670450852655994, "error_max": 0.3459128182665133, "target": "397.xyz", "model": "10.xyz", "model_rescale": 4.260839863003843, "target_rescale": 4.064744684861532},
{"mapping": [7, 5, 2, 12, 3, 14, 15, 11, 4, 8, 9, 16], "R": [[-0.7646828228438045, -0.6348917035073225, -0.11032998352760294], [0.3906916606657618, -0.32061095331634387, -0.8628839104420796], [0.5124648346314705, -0.7029375089089753, 0.49321258280277513]], "T": [0.03917756622508273, 0.030282844364953793, -0.027105287270136835], "aligned_model": [[0.5306964934067191, 0.10472265817583608, -0.45462806208708506, -0.32046734716986724, -0.44041605181126925, -0.39012531226433017, 0.21839260985248998, 0.5931007758883747, 0.18812188683185666, -0.18727084473881214, 0.07534753377745654, 0.041424309232761206], [0.15907969805260277, -0.7379768614260601, -0.615008364336093, -0.3675057578513544, 0.34259213008987854, 0.43351915074983915, 0.665439454252119, 0.14626444551497658, -0.43180059727010145, 0.10292568096592034, 0.5058483740992574, -0.030298847308050963], [-0.6309001931521119, -0.16669667473654454, 0.22908213969855346, -0.5926732013815397, 0.2581947677527836, -0.3328558520970071, -0.3713962172649623, -0.08927740852161395, 0.44174041410682685, 0.6469748272126226, 0.27545643494847505, -0.15147095916997697]], "inverted": true, "swapped": true, "error_lsq": 0.04199679119650493, "error_max": 0.23862552144014018, "target": "397.xyz", "model": "11.xyz", "model_rescale": 3.890672605050136, "target_rescale": 4.064744684861532},
{"mapping": [14, 15, 9, 0, 3, 5, 7, 2, 12, 6, 10, 11, 4, 16], "R": [[-0.983266247474193, -0.06461770438677904, 0.17032920729517295], [-0.02652810391233892, 0.9758001869056631, 0.2170489689855477], [-0.1802324784294865, 0.2088984143421293, -0.9611855732398967]], "T": [0.12225205217146182, 0.038012395037110784, 0.07110011033177654], "aligned_model": [[0.5459091850884724, 0.17878643953027903, 0.45028295743140356, 0.599165691697725, 0.7597540945675417, -0.3728871847538927, -0.4185992857677182, 0.27108448216208936, -0.01415728366823607, -0.5221667004641022, 0.01365323985642955, -0.27063337212533434, -0.05333786179251401, 0.04302143303155061], [-0.20481842409422416, 0.2699655422291919, 0.4825902474293002, -0.5623146304125202, 0.06760203963786693, -0.39604445537721705, 0.05234254247779207, -0.44736254301637296, -0.7242692389590177, 0.14990554369870634, 0.7314541965668, 0.4055851971788266, 0.17271412292638913, -0.0651976204577559], [-0.37826801845209046, -0.6339387509915435, -0.046205873031361255, 0.1483471178764878, 0.11182907644337779, 0.4958784957765823, -0.5033755208227353, 0.7553053555682714, -0.01702766522368193, 0.3995915620883822, 0.4050031229046137, -0.11512369365345021, 0.7087092664703425, 0.024065960403666264]], "inverted": false, "swapped": true, "error_lsq": 0.04014703686744244, "error_max": 0.2319111421590763, "target": "397.xyz", "model": "12.xyz", "model_rescale": 4.124412569039231, "target_rescale": 4.064744684861532},
{"mapping": [2, 10, 9, 5, 3, 0, 6, 12, 11, 1, 14, 15, 16], "R": [[-0.6583779287361617, -0.03369083314435914, 0.7519331291512035], [0.3878409363091204, 0.8409811576241204, 0.37726661745251083], [-0.6450720200690356, 0.5400144630315316, -0.5406167483909652]], "T": [0.14455133284242033, 0.17748558135229386, 0.04611163029905762], "aligned_model": [[-0.22958546037498306, -0.04146468099467396, 0.5370282395111668, -0.5642201965755911, 0.619764627260974, 0.37947242319028907, -0.5407693724727651, -0.020327874083277603, 0.007169896070161413, -0.24258405858289273, 0.7127232659455818, 0.6536613581254256, 0.09643014049034225], [-0.48659482300963586, 0.750768425912245, 0.48243735094668844, -0.1349822068299374, -0.04336450920544205, -0.5551242210003806, 0.4323069609001391, -0.4293398691189696, 0.6992052167425993, 0.04185439464340737, -0.08111694015293242, 0.544527286411246, 0.12690831026945024], [0.42676319908600496, 0.5369183933734895, 0.31440388014813603, -0.07225935647845344, 0.4126369529110119, 0.08971456635323416, 0.012887621892871286, -0.41435011734160054, -0.13577566873116942, -0.6127765937272102, -0.17903116541763017, -0.3540952715981817, -0.07333835950266271]], "inverted": false, "swapped": true, "error_lsq": 0.04092771186684022, "error_max": 0.21175691973113747, "target": "397.xyz", "model": "13.xyz", "model_rescale": 3.9028299243045295, "target_rescale": 4.064744684861532},
{"mapping": [11, 5, 6, 7, 15, 9, 1, 13, 10, 12, 14, 2, 8, 3, 0, 16], "R": [[-0.7202001921238887, 0.680835318317471, -0.1333227384817093], [-0.30946137580342375, -0.48725960144412794, -0.8165854135890269], [-0.6209229744103261, -0.5468467336759524, 0.5616166928763568]], "T": [0.08773233758864052, 0.018575344947528355, 0.02996452291127684], "aligned_model": [[0.0017816048968948145, -0.3439882064623324, -0.12093558334465349, -0.47970679956808604, -0.006324450833967127, 0.5421915463242571, -0.6769391050541346, -0.595904036006439, 0.6055688503538869, -0.533967616639749, 0.02071934407671916, 0.13931221407946817, 0.7615470596995301, 0.5323213391962532, 0.03162865703200066, -0.049465546169051716], [-0.4331937727061097, 0.5147990030265146, 0.06243097810077011, -0.5215021702160793, -0.6407359570246872, -0.29011157579700186, 0.035661468448166554, -0.28508676120688103, -0.20299209791818168, 0.41791940560686003, -0.07362374598687979, 0.8662144799231897, 0.2563718200662096, 0.154982614537872, 0.5563602004147807, 0.03475839285255697], [-0.3056917932129996, -0.3959278849604366, -0.670204472087109, -0.06530812218783115, 0.3624402709978988, 0.16108907413170404, -0.10190272492881007, 0.5902575311357, -0.505665638916147, 0.27787738942877477, 0.6837171324583522, -0.038767954967629456, 0.010822371351095914, 0.46891432215914736, 0.5790055810153736, 0.03750502820724797]], "inverted": false, "swapped": true, "error_lsq": 0.041551750990327166, "error_max": 0.3146938496293117, "target": "397.xyz", "model": "14.xyz", "model_rescale": 3.942246331269136, "target_rescale": 4.064744684861532},
{"mapping": [12, 13, 1, 15, 9, 7, 4, 5, 2, 6, 10, 8, 14, 3, 16], "R": [[0.21851317625088507, 0.9354955317542845, 0.2776690509806926], [0.36050041398298355, 0.187028521787599, -0.9138160556457976], [-0.9068028690530526, 0.2997806566570206, -0.29637833013133474]], "T": [-0.01632251760936277, -0.016956757487673006, 0.024108416902938933], "aligned_model": [[-0.7128268002652398, -0.36632146490273954, -0.3027394800705655, 0.273316084659739, 0.3519388058515722, 0.1845407854891276, 0.0833349524244815, -0.37038769818711537, -0.5956195270532233, 0.2024357838872194, 0.6422111895117338, 0.11286964479671183, -0.29800505663695087, -0.13757199817047772, -0.0928811848020634], [-0.0014824962026321782, -0.6451208439738731, 0.11101221771990741, -0.6533770180289405, -0.2995460167996406, -0.22459437606152427, 0.6148402487139258, 0.6147323311200922, 0.5008987726417596, 0.5967382194844578, 0.30677106731341586, 0.12130512993933557, -0.6150835515407345, -0.31589468443309154, -0.013054310010806197], [-0.32530485235868045, -0.5728909452608931, -0.6858159360117927, -0.23115013333704457, 0.3458868244140944, -0.7102541137915345, 0.2395677889319094, -0.275243605492199, 0.37356136807123946, -0.30939648577234563, 0.2803897232541713, 0.71340726423736, 0.08140740119540874, 0.5762659389059702, -0.0910677566251474]], "inverted": false, "swapped": true, "error_lsq": 0.033197952441050935, "error_max": 0.1730151556991943, "target": "397.xyz", "model": "15.xyz", "model_rescale": 4.355366556412066, "target_rescale": 4.064744684861532},
{"mapping": [0, 14, 3, 5, 2, 12, 4, 1, 9, 13, 11, 16], "R": [[0.13405076783990372, -0.5141049344550309, -0.8471874102053929], [-0.8881939477605176, -0.44146505461502034, 0.12735822201705105], [-0.4394791266978667, 0.7353942629112262, -0.5158036208424044]], "T": [0.11082860799921507, 0.08825474953858271, -0.1800099111801024], "aligned_model": [[-0.23976094821301525, 0.3532002533009745, 0.2582528714588672, -0.5985605236236882, -0.654634078340399, -0.38742350731321556, -0.27432357147655595, -0.1963136632082249, 0.5769528886818744, 0.31200385122107893, 0.3958401809013548, 0.052574801242730035], [-0.5758549389829505, -0.4197020759371537, -0.48705702608646617, 0.40395668481544483, -0.19610976961178522, -0.07991642757609947, 0.3363351773604876, 0.4419770390728168, -0.052346583274797756, -0.058658698647560084, 0.5804668743539505, 0.11968617225509331], [-0.007233923517624363, 0.17158607452579444, -0.4171294953097665, -0.0746332625644262, -0.42307458649634844, 0.3952383708955061, -0.6756264054079801, 0.4388176003178719, -0.46632067860821624, 0.7207911663826512, -0.1546395708886557, -0.058516828119385064]], "inverted": true, "swapped": true, "error_lsq": 0.042834177051533216, "error_max": 0.25528511616389576, "target": "397.xyz", "model": "16.xyz", "model_rescale": 3.795458400668931, "target_rescale": 4.064744684861532},
{"mapping": [9, 15, 14, 10, 0, 7, 11, 8, 4, 1, 12, 2, 16], "R": [[0.8898962991184218, 0.43526252839303237, -0.13649581748992004], [-0.4557687235853919, 0.8359530761489755, -0.305707908105774], [-0.018959098519696183, 0.3342588605466882, 0.9422905956918761]], "T": [-0.07138566644959013, 0.034865477668057004, -0.03845445431438889], "aligned_model": [[0.07457871077527373, -0.06165720003785742, 0.4390342414908104, -0.45021366699720144, 0.5886675924557143, -0.5422776598077529, -0.5604019701419788, 0.2213367778642992, -0.3234527046333321, -0.4288820021330757, 0.09087242217476149, 0.20456483440925197, -0.10353757451469034], [-0.35127655014341375, 0.22710999658050093, 0.3222871440425046, -0.6398684955893108, 0.28632719165278875, 0.52526907443949, -0.008100974696010323, -0.599934501511355, -0.35872093161148266, 0.7069217295120084, 0.7104964918031167, -0.023183572487567472, 0.166454663479216], [-0.4239452717343427, -0.7574993745466585, -0.35029446366985917, -0.11173383261154475, 0.26960878437914526, -0.4390949621658359, -0.3268378195839457, 0.11081852484566547, 0.4484477494860077, 0.11300539578761302, 0.3145927757713198, 0.7655097048172572, -0.010302179938526057]], "inverted": true, "swapped": true, "error_lsq": 0.04684109456468596, "error_max": 0.2694963730579455, "target": "397.xyz", "model": "17.xyz", "model_rescale": 3.7474275329858107, "target_rescale": 4.064744684861532},
{"mapping": [13, 12, 1, 0, 15, 9, 7, 5, 14, 11, 3, 2, 4, 16], "R": [[0.924078787598539, -0.16580211458100622, 0.34436616139057785], [0.33292648993597806, -0.09333981250177956, -0.938321710129869], [0.18771879663295232, 0.9817318056386884, -0.031053424739902177]], "T": [-0.06438301887645613, -0.03276094715101267, 0.19274333900794233], "aligned_model": [[0.48452291491662725, 0.1820379675431728, 0.5958421137461118, -0.43876843914555375, 0.23750496654629127, -0.3268501148616401, 0.6936527825779446, 0.17352330189340964, -0.153698747829636, 0.32344375886035387, -0.6243804644453759, -0.49926537703408835, -0.2713728901708962, 0.0386558752861552], [-0.5086056894318, 0.19180531434370057, 0.20564967278375407, -0.01645487423299906, -0.7102003937590381, -0.4220270715559549, -0.24932985702071225, 0.6865799036391105, -0.5324449733698318, -0.1084610671770579, -0.31498072776368935, 0.6056656558508619, 0.5352005480469152, -0.001988198842024811], [-0.39528019638159523, -0.5117380254770618, -0.13841594656082035, -0.4805886194656805, 0.25612816257982784, 0.5067454780005951, 0.22777767442167351, -0.0071421607113020535, -0.23471714181044095, 0.6026310174861322, 0.06745125548105002, -0.16665274814273084, 0.492904533248659, 0.10569143599334929]], "inverted": false, "swapped": true, "error_lsq": 0.03678167583490264, "error_max": 0.23942399641969606, "target": "397.xyz", "model": "18.xyz", "model_rescale": 3.922800546911778, "target_rescale": 4.064744684861532},
{"mapping": [15, 14, 9, 11, 2, 13, 0, 6, 12, 10, 8, 4, 1, 5, 16], "R": [[-0.2781112709156281, 0.8072175111353854, -0.5206284766569039], [0.6763820844376955, 0.549423831237438, 0.49055145450818244], [0.6820274164880854, -0.21571588579603823, -0.6987884227531381]], "T": [0.12281540950061909, 0.07861743446382519, -0.08865652853319442], "aligned_model": [[-0.21852538301440794, -0.3097975244281357, 0.3851835543867843, 0.18749087902215497, 0.30356013892069267, -0.7874742525611587, -0.16784146910119124, 0.34991294594292055, -0.47857498054752556, 0.8215149312326474, 0.713637012492627, 0.6499538985627656, -0.42766291049741134, 0.06658698363491256, 0.008087012841943478], [0.5260886680019246, -0.11938295573741153, 0.21007579578593805, 0.6397742528695783, -0.6438975609140162, 0.21782636800249958, -0.6276165936402228, 0.3888956430444468, -0.27120039855694983, 0.4189679395602026, -0.24180898681016472, -0.03408640576290242, 0.25876138469239396, -0.09033081009839833, 0.08554516459766126], [-0.575826061594876, -0.55128573538884, -0.571249619204412, -0.01746569015622293, 0.32508271852646353, -0.24831624495538981, -0.1914102812402561, 0.5341246381415714, 0.2626330723871544, -0.09992453466864312, -0.3319600576200027, 0.31747727592217645, 0.4279914156906973, 0.6744291448087525, -0.011640873484843536]], "inverted": false, "swapped": true, "error_lsq": 0.036715990536110236, "error_max": 0.24416470096521964, "target": "397.xyz", "model": "19.xyz", "model_rescale": 3.9282355846067225, "target_rescale": 4.064744684861532},
{"mapping": [8, 4, 5, 10, 9, 6, 11, 1, 15, 14, 2, 3, 12, 16], "R": [[0.6961653194479749, -0.6906627972802865, -0.1958028305486656], [0.2320245761553086, -0.041637284337892974, 0.971818364002716], [-0.6793514878601863, -0.7219773105894227, 0.13126430945316286]], "T": [-0.06321333318417492, -0.029116949428838648, 0.0624759311069249], "aligned_model": [[-0.6303387565016767, -0.0959891619712996, 0.5544888133812063, -0.5269505593617895, -0.6012173753322354, 0.2616141505050315, -0.05365701772953513, 0.6862833026608655, -0.21424653154114243, -0.1333304743105928, 0.1375017270750325, -0.5174710006113062, 0.5960218386339354, 0.06981386418818301], [-0.45720309312978713, -0.6242832322938, -0.48893909884308157, -0.23754844915591405, 0.1397040547399851, -0.2955722053206223, 0.23812036047380092, 0.1489993612490662, 0.6997610828348536, 0.3480906809820978, -0.7913864878627139, -0.1025628410023226, -0.05929762223062711, 0.004999576983900696], [0.1402632891851693, -0.2541068387369028, -0.08248109394640213, -0.5254446000270092, 0.02983309789840806, -0.5368494744873376, -0.4401580547126243, -0.03203700234686091, 0.0604803109263581, 0.6039386521119774, 0.38579520934040784, 0.5065467840143525, 0.4771389466792888, 0.07926393134485768]], "inverted": false, "swapped": true, "error_lsq": 0.040259184571215016, "error_max": 0.24141052508927288, "target": "397.xyz", "model": "20.xyz", "model_rescale": 4.067790424073018, "target_rescale": 4.064744684861532},
{"mapping": [0, 9, 12, 5, 13, 15, 1, 3, 14, 8, 10, 6, 4, 11, 16], "R": [[-0.46566988580771934, 0.36139764840232713, -0.8078015209078862], [-0.6234241873113302, 0.5138886415287329, 0.589288339255887], [0.6280874462421879, 0.7780168403299648, -0.013998429767122372]], "T": [0.0869585183679733, 0.06920301822927938, 0.03415857695953625], "aligned_model": [[0.18699731686047705, 0.15890257509898276, -0.1806061752391342, 0.25514472500448293, -0.7776621419055001, -0.5120850959205131, -0.38151554399805687, 0.3199830823304922, -0.25385303511823387, 0.7074876212274859, 0.4987292805159844, 0.22425841721847103, 0.6570895691938847, -0.13426496310217706, -0.00016167825913099287], [-0.020950269100114174, 0.6201372493960757, -0.48537689420808233, -0.6951977294766543, -0.014776407649137568, 0.5019123650094659, -0.5484228446846415, 0.5077964932938027, 0.35631136822009957, 0.41808959836027404, 0.32746401853820184, -0.4107219065445336, -0.1842841850961498, 0.10395661337484521, -0.035042329505604916], [-0.7245712041917515, 0.13569655510484546, -0.44364635887965276, 0.07170570573865251, -0.31062569028439, 0.1235317542091085, 0.07254696338934279, -0.3686795617862826, -0.45757322853410654, -0.030352290244875332, 0.6407000438928976, 0.5694370499989793, 0.2914845026031887, 0.5576090383602298, 0.007986294244954575]], "inverted": false, "swapped": true, "error_lsq": 0.03481780315956567, "error_max": 0.18581722050517926, "target": "397.xyz", "model": "21.xyz", "model_rescale": 4.186013935880536, "target_rescale": 4.064744684861532},
{"mapping": [0, 2, 3, 13, 1, 14, 12, 5, 9, 4, 6, 11, 16], "R": [[0.3809886577746937, -0.10414233368284073, -0.9186958239712039], [0.23396642463408965, -0.9504366855848307, 0.20476771922952705], [-0.8944872021392917, -0.2929581557656544, -0.3377397876759687]], "T": [0.1040845521223037, 0.1285639190029245, 0.04361445204920636], "aligned_model": [[0.10615365347123853, -0.5111998460251609, 0.41529189017163803, 0.5488994816996952, -0.16968430671424806, 0.6068592845075135, -0.13476167811542733, -0.6272833880306202, 0.5073928281803479, -0.4514575800143156, -0.45937979773517956, 0.16003651226437732, 0.06770698176336676], [-0.30765661275227707, 0.016239163707441967, 0.257966450220576, -0.6540478540120819, -0.45524657488611664, -0.22730649175837572, -0.6060603397169777, -0.13777322207418183, 0.5164334608230766, 0.5038288076306636, 0.28558854676282386, 0.3213783234695613, 0.005613002131960712], [-0.5916127700696335, -0.5349052097260808, -0.4998450473304661, 0.29492325063155733, 0.4756089439341683, -0.20328169489872583, -0.05995667354981005, 0.13400445965550653, -0.033288658209187305, -0.034302248075204905, 0.4835615307524217, 0.5763808269794852, 0.09559285124131481]], "inverted": true, "swapped": true, "error_lsq": 0.04325132948381957, "error_max": 0.23785201928451513, "target": "397.xyz", "model": "22.xyz", "model_rescale": 4.166573947596378, "target_rescale": 4.064744684861532},
{"mapping": [11, 9, 8, 4, 10, 15, 3, 7, 6, 5, 1, 2, 0, 13, 12, 16], "R": [[0.6020076732377558, 0.5036166957355859, 0.6196426269546293], [0.42989301990104, 0.4495307725888521, -0.7830160125668146], [-0.6728883657808535, 0.7377616879941926, 0.05411967225263129]], "T": [-0.08613341602484996, 0.08995188033903163, -0.10395873764545766], "aligned_model": [[-0.6257436580178122, -0.25733159400760225, 0.2478493375284268, 0.12244215210775734, -0.36548454848671824, -0.6205155460920049, 0.25103135709525215, -0.7195864553383415, -0.29206346666761285, 0.1760709855764816, -0.24234686240200354, 0.6969184682950029, 0.5737858281311418, -0.3205846363515088, 0.2552557365042209, -0.09246385685392346], [-0.09129164977150088, 0.25771484150206425, -0.06455461737590769, -0.5377998013799774, -0.4087982590252663, 0.6055603431189325, 0.4240295893871504, 0.2116033210334869, -0.5685244476486843, -0.4147575109922505, 0.03654816269371821, -0.22426660175844293, 0.4640568431202998, 0.779825180303615, 0.2740423660408291, 0.10631967837361234], [-0.0930227329232638, -0.6153892882515959, -0.7167581565187398, -0.237920925784813, -0.6306063420514381, -0.1555518340544731, -0.5325089096105649, 0.3506685246564319, 0.1403852392908027, 0.4350423496991032, 0.6544268661045163, 0.014249689668153473, 0.031534159736699124, 0.4813660238031358, 0.5720674755045558, 0.03327839389558346]], "inverted": true, "swapped": true, "error_lsq": 0.036074764632448714, "error_max": 0.25471449834137816, "target": "397.xyz", "model": "23.xyz", "model_rescale": 4.274766983524099, "target_rescale": 4.064744684861532},
{"mapping": [1, 14, 15, 11, 9, 10, 6, 8, 2, 3, 16], "R": [[-0.18357240539320613, -0.8518843432323717, -0.49050406495125315], [-0.7282853336419226, -0.2172756365633352, 0.6499167412508091], [-0.6602284792253559, 0.47653369609246754, -0.5805290618980465]], "T": [0.0116628939699885, 0.07401800797697342, -0.014106760533157688], "aligned_model": [[0.2788361627004987, 0.1558257504844056, -0.42638561275858716, -0.45177018951843145, -0.3915177540634334, -0.5426793106363657, -0.08338651139679963, -0.044360174182301995, 0.7105307445621829, 0.09426208783157232, 0.08053951093533492], [-0.27452572718604107, 0.684911168714615, 0.4894655988080717, -0.1749733675970274, 0.39009024946546955, -0.2330141607214992, -0.6506085240660173, 0.20402945448276003, -0.14443867812656916, 0.5865806327181283, 0.038069884751593064], [-0.6540591267425886, -0.22953773584485354, -0.4495318407110607, -0.23177875847523732, 0.22371278994133284, 0.4359848118459221, -0.05390925972244335, 0.6865345920081225, 0.42148151297954284, 0.35925657282881934, -0.12858712408597867]], "inverted": false, "swapped": true, "error_lsq": 0.04692867808319641, "error_max": 0.22179585346030725, "target": "397.xyz", "model": "24.xyz", "model_rescale": 3.7841303162186577, "target_rescale": 4.064744684861532},
{"mapping": [3, 14, 13, 11, 15, 7, 9, 8, 14, 12, 2, 4, 1, 6, 5, 16], "R": [[0.32142208931750027, -0.9258985551574077, 0.19849359197767036], [0.03991259029115629, 0.22267710728533172, 0.974074889845379], [-0.94609451199921, -0.3051667928337909, 0.10852835074999972]], "T": [0.11886885383947124, -0.034377631915121096, 0.07088739396107507], "aligned_model": [[0.30437171810969066, -0.1965951803309046, -0.6651841442577286, 0.2685497094210343, 0.021269876103006236, -0.24296495957945582, 0.5262686392463928, 0.6803628955860125, -0.1965951803309046, -0.6128077860528269, 0.032723765663574295, 0.4787756085532042, -0.508506130763006, 0.21801375925689243, -0.18060912744771176, -0.009230914704491083], [-0.08207872440096037, -0.3811565805582171, -0.5418019269793334, -0.314489799895411, -0.7723003564088227, -0.49505136696520574, -0.36655009655709386, 0.19589428443171397, -0.3811565805582171, 0.22788364876540002, 0.7701761807988011, 0.49963148728094475, 0.028734695252159256, 0.2847645478620388, 0.5878437394790835, -0.023530683178919085], [-0.5392409064237655, -0.39880473081973467, 0.035122857966375765, 0.5434134159870242, 0.07565054869522789, 0.599663126165541, -0.1357555443653354, -0.30678859270432973, -0.39880473081973467, 0.013306003320369915, -0.19585016722431248, 0.27293490792954417, 0.523458697422919, 0.7220561863335275, 0.44123641013391895, 0.12202253422001763]], "inverted": true, "swapped": true, "error_lsq": 0.042262425476515396, "error_max": 0.2839695293442075, "target": "397.xyz", "model": "25.xyz", "model_rescale": 4.19342608120988, "target_rescale": 4.064744684861532},
{"mapping": [0, 14, 3, 5, 2, 12, 4, 1, 9, 13, 11, 16], "R": [[0.13405076783990372, -0.5141049344550309, -0.8471874102053929], [-0.8881939477605176, -0.44146505461502034, 0.12735822201705105], [-0.4394791266978667, 0.7353942629112262, -0.5158036208424044]], "T": [0.11082860799921507, 0.08825474953858271, -0.1800099111801024], "aligned_model": [[-0.23976094821301525, 0.3532002533009745, 0.2582528714588672, -0.5985605236236882, -0.654634078340399, -0.38742350731321556, -0.27432357147655595, -0.1963136632082249, 0.5769528886818744, 0.31200385122107893, 0.3958401809013548, 0.052574801242730035], [-0.5758549389829505, -0.4197020759371537, -0.48705702608646617, 0.40395668481544483, -0.19610976961178522, -0.07991642757609947, 0.3363351773604876, 0.4419770390728168, -0.052346583274797756, -0.058658698647560084, 0.5804668743539505, 0.11968617225509331], [-0.007233923517624363, 0.17158607452579444, -0.4171294953097665, -0.0746332625644262, -0.42307458649634844, 0.3952383708955061, -0.6756264054079801, 0.4388176003178719, -0.46632067860821624, 0.7207911663826512, -0.1546395708886557, -0.058516828119385064]], "inverted": true, "swapped": true, "error_lsq": 0.042834177051533216, "error_max": 0.25528511616389576, "target": "397.xyz", "model": "26.xyz", "model_rescale": 3.795458400668931, "target_rescale": 4.064744684861532},
