[{"mapping": [11, 12, 5, 7, 3, 14, 8, 2, 6, 9, 0, 4, 10, 15], "R": [[-0.5643901616211044, 0.40430433982171565, -0.7197233817701285], [-0.8204592201597023, -0.17844788988546267, 0.5431418034458025], [0.09116146949362258, 0.8970475747677781, 0.43242945677070943]], "T": [-0.006222871119231671, 0.09838401311934966, 0.13081447761275103], "aligned_model": [[0.15209033534419547, 0.2601496646291964, -0.554594905180349, -0.39122235276608086, -0.6448763214854458, -0.15907479857532217, -0.7547191705962782, 0.0738965994736416, -0.3377418712108017, 0.2882051775557428, 0.6582973435312705, 0.1586350058297538, 0.62797122269282, -0.005523828114039427], [-0.5909618574970189, -0.3621509054610228, -0.39401734245398456, -0.31133683410451396, 0.26873888004212293, 0.2743760576290769, 0.20440732860574914, 0.45558821011498396, 0.6222590754151844, -0.13448873090284358, 0.5494927694031414, 0.8212519644155991, -0.28135835901725215, 0.1134730756208126], [0.3714575884633283, -0.34373786984902577, 0.3646777093346273, -0.3085993430374411, 0.42362506809478495, -0.5008082004156988, -0.10260185705856692, 0.6265318486459548, -0.010034326060120363, 0.6873128445983064, 0.3731069157226886, 0.14197401601339665, 0.09357760508808635, 0.08110608763951338]], "inverted": true, "swapped": true, "error_lsq": 0.039036293995562035, "error_max": 0.29023242219228484, "target": "398.xyz", "model": "0.xyz", "model_rescale": 3.8414455957264533, "target_rescale": 4.183923481589345},
{"mapping": [7, 8, 13, 6, 14, 4, 0, 12, 9, 10, 2, 5, 1, 11, 15], "R": [[-0.567702276204237, 0.8231183278723485, -0.013796518153417967], [0.8150342947853962, 0.5643283251815264, 0.13134930422916383], [0.11590178564716058, 0.06332266354507418, -0.9912401406144514]], "T": [-0.027697898677318415, 0.03394627625011861, -0.0710680704451026], "aligned_model": [[-0.7096781161720306, -0.6499059654280429, 0.18587722644938617, -0.1802720819108322, -0.5041729503036769, 0.31432002676861565, 0.7183556447543716, -0.3174774559324652, 0.4738133435016829, 0.24925531964176617, 0.4740783817131269, -0.3854900778166497, 0.2332935251890838, 0.026417352492853832, -0.056370019442644984], [0.1655599658019376, 0.05546064616191863, -0.7594516793594375, -0.31332058862878875, -0.44157194428398633, -0.5173547589907359, -0.34341766004095636, -0.03395298645706358, 0.45508552892348303, 0.0683154888377907, 0.07438076957817892, 0.7056951004609806, 0.6232585307502334, 0.616853691114908, -0.008495575825447466], [0.09252012890009803, -0.559294547202128, 0.21437445944255878, -0.5812789650573789, -0.05931792255990353, -0.43013858875132754, -0.0018407553141360777, 0.5767468474405488, 0.07636403948473708, 0.6144307804556457, -0.42650483845072373, -0.207454534510411, -0.47416535733565257, 0.39310904312562456, -0.062368002328016675]], "inverted": true, "swapped": true, "error_lsq": 0.028911114457301507, "error_max": 0.15485794465153827, "target": "398.xyz", "model": "1.xyz", "model_rescale": 4.316132596720782, "target_rescale": 4.183923481589345},
{"mapping": [12, 14, 7, 9, 11, 10, 1, 0, 8, 13, 6, 15], "R": [[-0.2582341504721207, -0.832633366076815, 0.48993550721042334], [-0.4907069165908011, 0.5498925855829853, 0.6758882054976312], [-0.8321789744639617, -0.06587732551077019, -0.5505799964071139]], "T": [-0.007875265447900476, 0.07538512134036267, -0.1001975904462182], "aligned_model": [[-0.17612249118263215, 0.5382885990018743, 0.1901149066159796, -0.6246625197269768, -0.6602553227017254, -0.5696964004796755, -0.2841843498586976, -0.22174594861187205, 0.595754036947692, 0.2021294810893035, 0.5792229932680865, 0.028965570270424245], [-0.5820440298491752, -0.2763006192450086, -0.5302385466888531, 0.33503248569286515, -0.20726334974553218, -0.19909709774358514, 0.5422422328222034, 0.5663565113070715, -0.03592807345363115, 0.032698868651740085, 0.3186154146281198, 0.04870263136476581], [0.11826625487636819, 0.0767382507386413, -0.4214453823227323, -0.15277850291686657, -0.32971885344099283, 0.29579423539845884, -0.6327298492486702, 0.545556446596874, -0.5994088453304793, 0.7428018034860829, -0.11871711671083848, -0.07509997991642431]], "inverted": true, "swapped": true, "error_lsq": 0.043983166302554784, "error_max": 0.2541110501377396, "target": "398.xyz", "model": "2.xyz", "model_rescale": 3.795458400668931, "target_rescale": 4.183923481589345},
{"mapping": [14, 12, 5, 9, 6, 2, 11, 13, 10, 0, 3, 15], "R": [[-0.946989130407729, 0.1320545568856996, -0.2928705872827363], [-0.2651091822205759, 0.19369976738101335, 0.9445620792827113], [0.18146269146012026, 0.9721327039670372, -0.14842269868785685]], "T": [-0.010177102617712631, 0.040511309605226635, 0.0012470615014378225], "aligned_model": [[0.03204378292612322, -0.026296895598238453, -0.7628860269635139, 0.033965874007479004, 0.049723628439867655, 0.21925456670833668, -0.3161847099292884, 0.76640544258627, 0.27414721245844254, 0.7657476728858438, -0.44666402013113904, 0.004047298353381796], [-0.12040570938817763, -0.6652024753225922, 0.0761187818353124, 0.05594170592534497, 0.47632453901347, 0.529545896399014, -0.3765068821921118, -0.18233176227416384, -0.5311432353371158, 0.18939660999259805, 0.6110741113445681, 0.02295746529356331], [-0.6511387359219561, -0.09852706115307663, 0.17452249828852273, 0.6708897450996693, -0.45773773705379056, 0.2978207654826598, 0.5403436015143904, -0.32098360697510586, 0.37563157987884044, 0.28332109669190847, -0.07983507190885133, -0.04553564330411025]], "inverted": true, "swapped": true, "error_lsq": 0.043009217078032375, "error_max": 0.2020358656513313, "target": "398.xyz", "model": "3.xyz", "model_rescale": 3.7530521520055578, "target_rescale": 4.183923481589345},
{"mapping": [2, 13, 10, 12, 9, 14, 1, 6, 8, 7, 15], "R": [[-0.6124683542767245, -0.2019184791019379, 0.7642718382923195], [-0.10728298191127134, 0.9791135240838188, 0.17270514974485074], [-0.7831812541179639, 0.023783077036534983, -0.621338465286745]], "T": [-0.05991339742838856, -0.11126718946066307, 0.027688578339276793], "aligned_model": [[-0.4240071993485375, -0.26307820070640675, 0.48710720887813647, 0.4998487058828825, 0.19433065045812667, -0.21239210923497312, -0.14150951136516707, -0.6411550910648106, -0.35328285922771074, 0.261791862101916, -0.06945385392825097], [-0.6079808092080173, 0.12583463786127735, -0.2840689742696713, 0.25114409518954406, -0.7322923103058102, 0.534001564480681, -0.6733668933313626, 0.12796237427111856, 0.35672384708568783, 0.4339667108667814, -0.06472088432588229], [0.006218524211221349, -0.7841481503793615, -0.43996621094476784, -0.22444455706559102, 0.010490130557028195, -0.08919853168734865, 0.5329398786178912, 0.12316435133234305, 0.5941597494016728, 0.3569392415441432, 0.0066763516580858745]], "inverted": false, "swapped": true, "error_lsq": 0.04828487681052911, "error_max": 0.24168144529418387, "target": "398.xyz", "model": "4.xyz", "model_rescale": 3.7855080009869324, "target_rescale": 4.183923481589345},
{"mapping": [11, 8, 13, 15, 12, 10, 14, 3, 9, 6, 4, 7, 0, 1, 2, 16], "R": [[0.1583942164563258, 0.7456170533034887, -0.6472762022631519], [-0.4162820663674085, 0.6448699769268003, 0.6409773428751662], [0.8953326272475871, 0.16792237099758386, 0.41253068237948387]], "T": [-0.025545249482743344, -0.023313343322511386, -0.019994762982546408], "aligned_model": [[0.6601974051147808, -0.29782103978528945, 0.3523967133300647, -0.2734413318672168, 0.6311823999666629, -0.7321540903163518, 0.2253927184794276, -0.37892079419647007, -0.34902291743663433, 0.10530974230539603, 0.002139241023033235, -0.505968428487546, -0.023872964251396074, 0.49099739174732954, 0.13156219797713978, -0.016767538331302664], [-0.41435862559038666, -0.5193059228303253, -0.4522654664147909, -0.04967975011185032, 0.07426107756399786, -0.04581952888443371, 0.38102979944068077, 0.5579375557104543, 0.5088145419403983, -0.6328073290473318, -0.2787966588661984, -0.47923875885170364, 0.33670716422385866, 0.16403429533792202, 0.6973128166741075, 0.018327910702143277], [0.07632152422744756, -0.4385244860034194, -0.4649976705182456, -0.8055967306591204, -0.16917012907049214, -0.1965215080993157, -0.5008628921700299, 0.12032530746671641, -0.36512681207358366, 0.1735798235632101, 0.6735199292407603, 0.33028377821768334, 0.6719996885332674, 0.500762859207268, 0.02244195531492615, -0.05279278039185352]], "inverted": true, "swapped": false, "error_lsq": 0.033633877751801544, "error_max": 0.2824185642095831, "target": "398.xyz", "model": "5.xyz", "model_rescale": 4.2253639853439635, "target_rescale": 4.183923481589345},
{"mapping": [11, 7, 3, 1, 5, 6, 2, 9, 14, 12, 8, 4, 0, 15], "R": [[-0.18032794320708206, 0.7047514930523899, -0.6861538937724758], [-0.47925701465604753, -0.6721353161674924, -0.5643995310623473], [-0.8589496765245772, 0.22706706014050493, 0.45896187575600655]], "T": [0.10485740817648367, 0.051350101107646096, 0.0299920975557974], "aligned_model": [[0.5626436261228718, -0.23074369709360096, -0.42379726143096363, 0.09636860216161289, -0.13081822378342134, -0.41561089152477926, 0.20836606304841404, 0.623282565331605, -0.292934727105829, 0.34942122849810564, -0.6658612350536118, 0.0002265119261881804, 0.6091943234249062, 0.08432526823628578], [-0.24129996316227514, 0.20217568615277598, -0.4328817289000057, -0.7033775033129106, -0.4807456506769007, 0.15078752244356258, -0.28393644512663574, -0.3732003927404876, 0.5883929235119494, 0.48674945478196757, -0.021948810587046702, 0.2575166574818394, 0.19784199983220455, 0.09902539693695336], [-0.4828018435331812, -0.5814028814339504, 0.12316305524683266, 0.12058493740747475, -0.47911899179044865, 0.38129433503429366, 0.5365674326682953, 0.06999532010801517, -0.05143604788019135, -0.478793328851089, -0.13307501001310487, 0.7345405036169744, 0.684191035774208, 0.027849692577320232]], "inverted": true, "swapped": true, "error_lsq": 0.03890500769368481, "error_max": 0.2433018432659202, "target": "398.xyz", "model": "6.xyz", "model_rescale": 3.89814844738969, "target_rescale": 4.183923481589345},
{"mapping": [3, 5, 7, 2, 14, 11, 9, 6, 0, 10, 12, 13, 15], "R": [[-0.1116425015106563, 0.9696955028621822, -0.2173167816467534], [-0.49803247210529095, 0.13464131064964485, 0.8566419171364652], [0.85994163091755, 0.2038684605214977, 0.4679081557522361]], "T": [-0.037718416957883416, 0.019452765154140794, -0.05290729238833182], "aligned_model": [[0.16257229937505355, 0.020300737709786687, 0.45243195101395955, -0.39503187341342083, 0.5744927480459325, -0.4562931852330589, -0.6903219212000629, 0.37734544029681005, -0.5395933644667161, -0.47274580661973736, 0.07090729362352902, 0.041641162121761305, 0.002926319650385645], [-0.4353429776319692, 0.17956254392985552, 0.4553641470995696, -0.4826062082043026, 0.10851498212581422, 0.5425124788651909, 0.05200951606811919, -0.45614370717047165, -0.2852008849635186, 0.5370081099861339, 0.6972661555617898, 0.021850821234907836, 0.02898628856936645], [-0.5779611120505195, -0.8071364553714567, -0.3338239404604526, -0.04922477022113113, 0.21270432221153407, -0.3836240998419469, -0.20671479361412326, 0.02271217419599282, 0.5463418559409006, 0.24822496722074966, 0.13948847757330735, 0.8132730551388527, -0.021984649885411482]], "inverted": false, "swapped": true, "error_lsq": 0.040162201979023156, "error_max": 0.24430740336330772, "target": "398.xyz", "model": "7.xyz", "model_rescale": 3.7474275329858107, "target_rescale": 4.183923481589345},
{"mapping": [7, 12, 10, 11, 0, 1, 5, 3, 9, 2, 8, 6, 14, 13, 15], "R": [[-0.8178104161824012, 0.24494906099746647, -0.5207552982928041], [-0.2842421152831345, -0.9587415787689878, -0.004583125453067896], [-0.5003923891137205, 0.14427245979745668, 0.8536936887789756]], "T": [0.025019937573443618, -0.0428673128707002, 0.0251918724463933], "aligned_model": [[-0.4410677865039375, 0.15353405608810372, 0.4904301907857877, -0.08357678811791866, 0.7825978453334963, -0.3270829238778494, -0.6762334884578274, -0.537128885877157, 0.17569358608536803, 0.18333052471287142, -0.6199287331180712, -0.09337675174608588, -0.006804039773933658, 0.766918782054612, 0.03484813475128834], [0.26887561073191, 0.13381575605478035, -0.3043829199783057, -0.5689709860240256, -0.22553531745228594, -0.6265023281538502, -0.3255898197714906, -0.09141796459167983, -0.6964915633991158, -0.3574423006030507, 0.3745802434101623, 0.36691992047722344, 0.6229080692049732, 0.4111749267043564, 0.0071766353699914825], [-0.41612305177965947, -0.6534198604405608, -0.4874443396391396, -0.494030222364785, 0.3358363074784732, 0.36177265506416434, -0.13659382047273255, 0.4771526968083698, -0.000900539819269866, 0.530889425294151, 0.21426748953473757, 0.49662051090240356, -0.06975281642755858, 0.023233008961264942, 0.015287212596402701]], "inverted": true, "swapped": true, "error_lsq": 0.04332438525982658, "error_max": 0.2993221871047238, "target": "398.xyz", "model": "8.xyz", "model_rescale": 4.019505241142653, "target_rescale": 4.183923481589345},
{"mapping": [7, 14, 10, 11, 5, 9, 0, 8, 3, 6, 13, 2, 15], "R": [[0.16326616886725648, 0.9672804321123418, 0.19419764096396747], [-0.9424679366090787, 0.2111165561428509, -0.25919874264009846], [-0.29171620895526873, -0.14070666428760223, 0.9460989842811491]], "T": [0.024814969005401952, -0.04997964163807117, -0.006364320335807888], "aligned_model": [[-0.378791579374888, -0.645401868446736, 0.16612324754658075, 0.4212250459622896, 0.2625922915311825, 0.6563912043910408, 0.27405884549633386, -0.34124658605985414, 0.17192827899878682, -0.2694320986140533, -0.4164694098805288, 0.44487735152883323, -0.026153951337811402], [-0.5993670675975866, -0.06272091193437794, 0.2342519422840484, -0.3348217170552949, -0.7856726021401521, 0.04337911758110982, 0.7504107643187108, -0.5865657440493721, -0.46454291482688953, -0.003647500974825593, 0.6900742411673408, 0.22261485312609125, -0.04001423178474313], [-0.21720902526981647, 0.05633472020292668, -0.6749728602261483, -0.571956002059874, -0.015353570712713871, -0.21373747237272955, 0.025955013265429136, 0.4453492301043014, 0.5673359662190682, 0.5552942144984553, -0.12536194805531545, 0.3527867844605702, -0.007761556010274406]], "inverted": true, "swapped": true, "error_lsq": 0.049854180339502126, "error_max": 0.26921268291042405, "target": "398.xyz", "model": "9.xyz", "model_rescale": 3.877068213659057, "target_rescale": 4.183923481589345},
{"mapping": [1, 3, 4, 13, 7, 6, 2, 10, 14, 5, 0, 12, 11, 8, 9, 15], "R": [[-0.8242416255615256, -0.2850565704415834, -0.48925299625017815], [-0.5023295899715204, 0.7668726305358861, 0.3994638301198431], [0.2613249428025163, 0.5750209736897023, -0.7752806937401503]], "T": [-0.040470112824831136, -0.0018820122940823858, -0.07782227270332329], "aligned_model": [[0.5862775618300006, -0.24013541282002454, 0.3344463277979476, -0.32837033780298536, 0.7657758867780925, -0.6426979666078441, 0.3086750827136458, -0.5174224765557448, -0.32797978624942603, 0.05136573996634873, 0.09740228049130538, -0.48063927552663466, -0.179154120011836, 0.5136955812171395, 0.10966119706690704, -0.029691577015263853], [-0.530009829757623, -0.5394324786318132, -0.3521468365365562, 0.15504141358796641, -0.04817085467173332, -0.0948650406497975, 0.3596910686277164, 0.47229560057867404, 0.6549275163012571, -0.7440944480698998, -0.2745861912563593, -0.36858667277127455, 0.2392043895375001, 0.33156355074414723, 0.6389347309531899, -0.033612796988853055], [0.2070899434956193, -0.3497314613052216, -0.5192323940124142, -0.7779129774199628, -0.19661326820562589, -0.17258694803413557, -0.5110865079393073, 0.14774991893754968, -0.38678987209237936, 0.1495151825572971, 0.6572897388783004, 0.40173378857025777, 0.6057707123880685, 0.34293582388567534, -0.028225949615781953, 0.005736126697279215]], "inverted": false, "swapped": false, "error_lsq": 0.03429209015825363, "error_max": 0.2390678687585926, "target": "398.xyz", "model": "10.xyz", "model_rescale": 4.260839863003843, "target_rescale": 4.183923481589345},
{"mapping": [13, 14, 7, 12, 11, 10, 0, 4, 3, 1, 2, 15], "R": [[0.7786444222660293, 0.2458020589945405, -0.5773163876662831], [0.40039522876885436, -0.9030456096306353, 0.15553870163393824], [-0.48311129613489523, -0.35226406958541623, -0.8015693986336946]], "T": [-0.023459381095901066, -0.045175107864200224, 0.03156222063696738], "aligned_model": [[0.3858852902423747, 0.18982681283654393, -0.38423315357470955, -0.4825195132868924, -0.7322436933989735, -0.4480648315612179, 0.36571003321782647, 0.6838131646063654, 0.18218457911060776, -0.10069472797879347, 0.30563466687305546, -0.006399977992056119], [0.0804641438770301, -0.5841723502134625, -0.6601638570031034, -0.23126071224428732, 0.17895925123041112, 0.34290719150675647, 0.6305254525873544, 0.1385195433802062, -0.27323139489304554, 0.23818462173458163, 0.39088943562579587, -0.07854282005530305], [-0.7255532305168456, -0.31089228886070136, 0.00307708731169299, -0.48115857315790905, 0.10611753689759754, -0.4341580203312964, -0.27790146189861276, -0.09438439940783844, 0.686037540129295, 0.7327289940710248, 0.31668412678540225, -0.004419233626304031]], "inverted": false, "swapped": true, "error_lsq": 0.04445495355801482, "error_max": 0.23147181412031048, "target": "398.xyz", "model": "11.xyz", "model_rescale": 3.890672605050136, "target_rescale": 4.183923481589345},
{"mapping": [3, 8, 7, 1, 5, 0, 6, 9, 2, 13, 12, 14, 10, 15], "R": [[0.9392036798394376, 0.2979810138974855, 0.17059825067299517], [0.3404926342870636, -0.7441859526958722, -0.5746755900561579], [-0.04428559328173754, 0.5978248766710564, -0.8004025256462658]], "T": [0.07345712508061014, 0.001353227550902743, 0.1368417149255668], "aligned_model": [[0.4138624071358539, 0.29483566191334076, 0.39047433277760174, 0.5777917613343413, 0.8251820456325114, -0.5067419105524407, -0.1931477755387036, 0.3244140529965994, -0.01882731515007338, -0.7588767394665805, 0.06584951812042279, -0.2433429206023422, -0.0024404610198463655, 0.040843177213009056], [-0.2852002802855187, 0.21876443671022214, 0.608771197285669, -0.5618629363358172, 0.06379942354547698, -0.4727946914919898, -0.087951642006712, -0.40774113563832065, -0.6075865646237912, 0.1642595093679536, 0.6114325728977439, 0.4917791984072737, 0.15811320621787653, 0.03837022577769907], [-0.43293752595893203, -0.5909595962924306, -0.062466537196314786, 0.05729923101988016, -0.03307917928473855, 0.5141276557689668, -0.43336419617350425, 0.6061714982872684, 0.11621184674859097, 0.32985458801817114, 0.5056126278401702, -0.19842566646196397, 0.8561878541449937, 0.12055783489670409]], "inverted": true, "swapped": true, "error_lsq": 0.04204046021072604, "error_max": 0.2829984268771573, "target": "398.xyz", "model": "12.xyz", "model_rescale": 4.124412569039231, "target_rescale": 4.183923481589345},
{"mapping": [5, 11, 12, 1, 7, 8, 9, 6, 10, 2, 14, 13, 15], "R": [[-0.18037834750724238, -0.8967323084199004, -0.40414702620021026], [-0.25717630792045726, 0.43959067105957705, -0.8605930446859265], [0.9493808500254042, -0.05129531122147146, -0.30991094309774503]], "T": [0.09506575339591813, 0.10594226312082108, -0.0973523077149201], "aligned_model": [[-0.19787239307678597, -0.20076400057727065, 0.5348049889695812, -0.6157054242536296, 0.48469498281873646, 0.3142947451910484, -0.47073573606775565, 0.2716756303055155, 0.11763598416867047, -0.3644528865228712, 0.7348933475875497, 0.6129161396371431, 0.14591292932982605], [-0.24617527415818904, 0.4856509729343388, 0.5117493570513455, -0.14543416704389242, -0.11907581224925082, -0.6345499287643837, 0.46065327434190173, -0.3816871781540703, 0.8307306220826552, 0.06119779338553075, -0.09622472505373225, 0.5190398363718814, 0.10161060576434258], [0.5255951027009881, 0.4740284408515071, 0.2901998522933993, 0.00015206508272622155, 0.45648540193720544, 0.07463839541315581, -0.029111584889207093, -0.46506794947247776, 0.05085505341710139, -0.5055069743043678, -0.15242750595301724, -0.6610485560179206, -0.1070936600912547]], "inverted": true, "swapped": true, "error_lsq": 0.040853554644328674, "error_max": 0.2792119170241585, "target": "398.xyz", "model": "13.xyz", "model_rescale": 3.9028299243045295, "target_rescale": 4.183923481589345},
{"mapping": [0, 10, 4, 7, 3, 14, 6, 11, 9, 5, 8, 13, 12, 2, 1, 15], "R": [[-0.31838321090887445, -0.6446667392590835, -0.695008580022158], [-0.528556273863001, 0.7293424217554016, -0.4343822017394665], [0.7869309984817067, 0.22905114520784942, -0.5729530316767311]], "T": [0.06338926477683117, -0.005125806409080768, 0.01443726258224265], "aligned_model": [[0.7849976714126049, -0.37140467031184304, 0.2668746451621129, -0.0634814505190963, 0.5705776754245027, -0.8047557175635225, 0.25837182518609275, -0.4505579948465681, -0.30850107593525383, -0.039239603149392926, 0.3338659136665625, -0.5680109779196888, -0.29659792903990273, 0.6185175278043632, 0.06853942312490614, 0.022013442775750812], [-0.4031631427240757, -0.4317059193197046, -0.572298729487713, -0.06541457711333702, 0.0012419163987497633, 0.06431096576153152, 0.5223407801992613, 0.5149088649167947, 0.39502369037819685, -0.4532061124476885, -0.3117654203272364, -0.39578722493030927, 0.06654466207817124, 0.2762963383346042, 0.6249805984337373, 0.03384643084555907], [0.10423701545814099, -0.4149067059654005, -0.2958397897091021, -0.8804912494031782, -0.348066273192352, -0.1422582290272689, -0.34356980913175306, 0.1206391612588357, -0.5354931068006459, 0.23981070481464511, 0.6696637036994562, 0.2996893290024378, 0.6056333833371554, 0.40786318647603503, 0.17298741296960285, -0.08425687700138892]], "inverted": false, "swapped": false, "error_lsq": 0.04397747634289366, "error_max": 0.2878227898589902, "target": "398.xyz", "model": "14.xyz", "model_rescale": 3.942246331269136, "target_rescale": 4.183923481589345},
{"mapping": [10, 0, 9, 4, 6, 2, 5, 11, 12, 1, 3, 7, 13, 14, 15], "R": [[-0.03582632213024656, 0.07718376740488128, -0.9963729927551275], [-0.9513443183411768, -0.3079558962914907, 0.010351516761636592], [-0.3060399689625224, 0.948264642380224, 0.0844612657312484]], "T": [-0.05944243024751179, 0.014117130925779178, 0.009092488374681441], "aligned_model": [[-0.7600064851172608, -0.24466127371391017, -0.20504788682656871, 0.19783393446417274, 0.4192715986708588, 0.2475937677124319, 0.1885548770016119, -0.45559056959677546, -0.6793538190675532, 0.3821578761183003, 0.6277611520033448, -0.1392221494010582, -0.4548598312188261, -0.07994948596357582, -0.07018766853298215], [0.06334456438753275, -0.5475670566891638, 0.29026021964533844, -0.6566604038201764, -0.34276111604389115, -0.141063944802329, 0.7341986546024066, 0.6160951599932448, 0.12347967174993747, 0.44146616072644795, 0.2344380796200459, 0.35712328267178056, -0.7590813900472939, -0.2984490899291832, -0.016678102183046578], [-0.22453042855913588, -0.5858837335440006, -0.5851735032312619, -0.17450244876019205, 0.22740215185721, -0.5021777794305361, 0.1426699143077894, -0.18803440397281176, 0.3437510818547425, -0.4384059535001371, 0.052068858107735094, 0.6297069061678575, 0.05789017357718084, 0.6050504878208605, 0.04953115766521549]], "inverted": false, "swapped": true, "error_lsq": 0.04357937394893362, "error_max": 0.30877156866641964, "target": "398.xyz", "model": "15.xyz", "model_rescale": 4.355366556412066, "target_rescale": 4.183923481589345},
{"mapping": [12, 14, 7, 9, 11, 10, 1, 0, 8, 13, 6, 15], "R": [[-0.2582341504721207, -0.832633366076815, 0.48993550721042334], [-0.4907069165908011, 0.5498925855829853, 0.6758882054976312], [-0.8321789744639617, -0.06587732551077019, -0.5505799964071139]], "T": [-0.007875265447900476, 0.07538512134036267, -0.1001975904462182], "aligned_model": [[-0.17612249118263215, 0.5382885990018743, 0.1901149066159796, -0.6246625197269768, -0.6602553227017254, -0.5696964004796755, -0.2841843498586976, -0.22174594861187205, 0.595754036947692, 0.2021294810893035, 0.5792229932680865, 0.028965570270424245], [-0.5820440298491752, -0.2763006192450086, -0.5302385466888531, 0.33503248569286515, -0.20726334974553218, -0.19909709774358514, 0.5422422328222034, 0.5663565113070715, -0.03592807345363115, 0.032698868651740085, 0.3186154146281198, 0.04870263136476581], [0.11826625487636819, 0.0767382507386413, -0.4214453823227323, -0.15277850291686657, -0.32971885344099283, 0.29579423539845884, -0.6327298492486702, 0.545556446596874, -0.5994088453304793, 0.7428018034860829, -0.11871711671083848, -0.07509997991642431]], "inverted": true, "swapped": true, "error_lsq": 0.043983166302554784, "error_max": 0.2541110501377396, "target": "398.xyz", "model": "16.xyz", "model_rescale": 3.795458400668931, "target_rescale": 4.183923481589345},
{"mapping": [3, 5, 7, 2, 14, 11, 9, 6, 0, 10, 12, 13, 15], "R": [[-0.1116425015106563, 0.9696955028621822, -0.2173167816467534], [-0.49803247210529095, 0.13464131064964485, 0.8566419171364652], [0.85994163091755, 0.2038684605214977, 0.4679081557522361]], "T": [-0.037718416957883416, 0.019452765154140794, -0.05290729238833182], "aligned_model": [[0.16257229937505355, 0.020300737709786687, 0.45243195101395955, -0.39503187341342083, 0.5744927480459325, -0.4562931852330589, -0.6903219212000629, 0.37734544029681005, -0.5395933644667161, -0.47274580661973736, 0.07090729362352902, 0.041641162121761305, 0.002926319650385645], [-0.4353429776319692, 0.17956254392985552, 0.4553641470995696, -0.4826062082043026, 0.10851498212581422, 0.5425124788651909, 0.05200951606811919, -0.45614370717047165, -0.2852008849635186, 0.5370081099861339, 0.6972661555617898, 0.021850821234907836, 0.02898628856936645], [-0.5779611120505195, -0.8071364553714567, -0.3338239404604526, -0.04922477022113113, 0.21270432221153407, -0.3836240998419469, -0.20671479361412326, 0.02271217419599282, 0.5463418559409006, 0.24822496722074966, 0.13948847757330735, 0.8132730551388527, -0.021984649885411482]], "inverted": false, "swapped": true, "error_lsq": 0.040162201979023156, "error_max": 0.24430740336330772, "target": "398.xyz", "model": "17.xyz", "model_rescale": 3.7474275329858107, "target_rescale": 4.183923481589345},
{"mapping": [3, 6, 2, 14, 5, 11, 1, 0, 7, 9, 12, 13, 10, 15], "R": [[0.03646963274036627, -0.5590341479697363, -0.8283421921473841], [0.949438176392863, -0.23926213789313716, 0.20327513025109645], [-0.3118286630436298, -0.7938730696871865, 0.5220425596920868]], "T": [0.02260477676083662, -0.039302180160126966, -0.03829687536332948], "aligned_model": [[0.5613582994122299, 0.21698820644109829, 0.5548700403909251, -0.39796606293275194, 0.22742417824608913, -0.08866160246302009, 0.6960503802156616, 0.1692472290415729, -0.3748264993537862, 0.30773247925321856, -0.6519333538855696, -0.41565288672375766, -0.37531004245144567, -0.014472717307587982], [-0.4183589563392057, 0.02470117875378775, 0.26658182298383276, -0.07358406132155662, -0.7652086072257811, -0.3377681598059089, -0.28165669228275797, 0.7703566713856203, -0.6132609300283488, 0.06663376211779198, -0.13912849586881276, 0.6769124921268886, 0.21549913765924958, -0.03131092064356585], [-0.3361183898830533, -0.6402162770499122, 0.015353340077689716, -0.5629196353357215, 0.13191436334370632, 0.6375046926467712, 0.2178831179529136, 0.12522800513817264, -0.1859451517237154, 0.560107496794557, 0.16974082917707942, -0.26531857367608086, 0.5313811807229191, -0.07380027952367088]], "inverted": false, "swapped": true, "error_lsq": 0.04321025673395581, "error_max": 0.2663554652764962, "target": "398.xyz", "model": "18.xyz", "model_rescale": 3.922800546911778, "target_rescale": 4.183923481589345},
{"mapping": [0, 4, 2, 9, 8, 13, 6, 11, 14, 1, 3, 5, 10, 7, 15], "R": [[-0.6512468760791703, -0.4406463505069417, -0.6178254609370151], [0.06834305142684007, -0.8448912415814236, 0.530554443220174], [-0.7557821999219021, 0.30329784648743224, 0.5803478979002992]], "T": [0.027000945940570988, 0.06397922302316487, 0.05545710963864495], "aligned_model": [[-0.3445897689733285, -0.26998885593750616, 0.2349325004896628, 0.30659919096602417, 0.3037036697843506, -0.8044206913080932, -0.009777278478501537, 0.2915355145992061, -0.38081374236829685, 0.7353024751225792, 0.5960500054137272, 0.6800965802284793, -0.29666218298142344, 0.06759150041652051, -0.013508080085781964], [0.5241799685365415, -0.08132722818549747, 0.24715993684107984, 0.6681281927529662, -0.6688823193834801, 0.10668042572539195, -0.4627746442921991, 0.574217370070127, -0.44974240139000393, 0.23424429703280875, -0.33498824456616877, -0.04323284256989819, 0.6731886193066317, -0.3020142848276891, 0.03277465998396881], [-0.5394609230843734, -0.6082625772158619, -0.4949599818214646, -0.030780161686897817, 0.16645441288399523, -0.196508674366868, -0.2986135602708331, 0.5327917959532754, 0.20731688531154221, -0.16182525887123086, -0.1436538643568983, 0.4552503803768202, 0.32359717183338566, 0.6666701971907231, 0.06464332528801522]], "inverted": false, "swapped": true, "error_lsq": 0.04309006572401587, "error_max": 0.28649756311525515, "target": "398.xyz", "model": "19.xyz", "model_rescale": 3.9282355846067225, "target_rescale": 4.183923481589345},
{"mapping": [12, 10, 0, 11, 7, 9, 1, 2, 8, 6, 13, 14, 4, 15], "R": [[0.7139960116572939, -0.5449349050668055, -0.4396085128580985], [-0.41421319559842174, 0.17744930899392533, -0.8927144959782618], [0.564479515952192, 0.8194862366003532, -0.09902112952783866]], "T": [-0.07266724936948535, -0.043972474916003625, -0.0026923268915495964], "aligned_model": [[-0.6171812588309796, -0.1770923738027374, 0.6081062798154844, -0.37774773988504273, -0.7585560564617885, 0.18991835880467386, 0.2160224156197754, 0.5160198229600964, -0.36854419037908304, 0.12016305867721119, 0.1421531437141116, -0.37928950486533364, 0.5105419848666883, -0.09199112114839958], [-0.5034477720312588, -0.7221573066637035, -0.5301355564573688, -0.2521811809293797, 0.13234830770610748, -0.21698698824868493, 0.40423449820661245, 0.07436138983271603, 0.6225913295811772, 0.3256102812425311, -0.6515413327987823, -0.035105602824802545, -0.06958526441473412, -0.05512271477559398], [0.022479370615302707, -0.28009767988944145, 0.06043224318668619, -0.6521112491008094, 0.08475940389524478, -0.5957545494016598, -0.5445979145237433, -0.14123584781225826, 0.3040981054266716, 0.4773216025543941, 0.5815031622671769, 0.5966308662784993, 0.4545293961449099, 0.04422624760270931]], "inverted": false, "swapped": true, "error_lsq": 0.04078949330328556, "error_max": 0.2549363576170725, "target": "398.xyz", "model": "20.xyz", "model_rescale": 4.067790424073018, "target_rescale": 4.183923481589345},
{"mapping": [11, 3, 10, 12, 0, 2, 13, 1, 2, 5, 8, 14, 7, 6, 15], "R": [[0.9608667186835298, -0.274526486500213, -0.037018335135375835], [0.14188472387264237, 0.3729658125691936, 0.9169325099407182], [-0.2379156868681228, -0.8863022683398984, 0.3973215512373067]], "T": [0.03268355676250373, -0.008211757041803155, -0.005598260273711223], "aligned_model": [[0.41497842277748076, 0.2523710310328603, -0.06982890595806616, 0.29841606085754774, -0.7686663187851848, -0.375399721119848, -0.5892378546457417, 0.14614874348954887, -0.375399721119848, 0.7094357957006991, 0.4619820351990176, 0.10513811620015373, 0.6618706635130795, -0.1328331281358459, 0.02946873490166197], [-0.13963708394693053, 0.6396245811929087, -0.5292402171541268, -0.6633327555768027, -0.07736924410726269, 0.42593945401717553, -0.5648490930766191, 0.6609737011961948, 0.42593945401717553, 0.3337639058509249, 0.2925597625535277, -0.3326341292690772, -0.23737558686100146, 0.24738569477275413, -0.040853303680993006], [-0.6338879437342032, 0.22824473140817578, -0.5211693428970343, -0.09751878605682072, -0.24402533546193722, -0.16285742252592106, 0.23922968353789364, -0.34795677589460217, -0.16285742252592106, -0.15699854740489014, 0.5870315976151428, 0.5798798179433221, 0.2409535661198883, 0.5524899795767838, 0.03469177392126416]], "inverted": true, "swapped": true, "error_lsq": 0.04797625054748924, "error_max": 0.29754387089202916, "target": "398.xyz", "model": "21.xyz", "model_rescale": 4.186013935880536, "target_rescale": 4.183923481589345},
{"mapping": [2, 1, 9, 13, 14, 0, 6, 8, 11, 5, 7, 12, 15], "R": [[-0.5414647196170917, 0.4465296110483134, -0.7123392898521228], [0.8333129454407211, 0.3973010770065339, -0.38437142085534703], [0.1113799459996922, -0.8017251154020875, -0.5872234216740809]], "T": [0.03460493772411649, -0.06018569367054828, 0.005643888851087666], "aligned_model": [[0.12804772356278957, -0.22411412992572782, 0.35790511788043006, 0.5970050912645783, -0.14925848432858368, 0.6987226344770665, -0.31430166525579145, -0.7254493923740828, 0.2185132181065129, -0.49202819236815193, -0.3597546134124367, 0.29046603743504146, 0.03282069036158061], [-0.27501561211678754, 0.20305035503549468, 0.3025395803178201, -0.6234295775137738, -0.3927864181170191, -0.45223890304902453, -0.5914015329670718, -0.19971691570809874, 0.6627222979332672, 0.4945386533901692, 0.2302959840695869, 0.24837372625713916, -0.08797497798560866], [-0.564326489132312, -0.6589342525516878, -0.45751417524099675, 0.35640660425545206, 0.5613912406093665, -0.32455880210692184, -0.010549575595086146, 0.17540634767116833, -0.03620927779782853, -0.10749955518993985, 0.5245670224857668, 0.5951969836126758, 0.04950349031568902]], "inverted": true, "swapped": true, "error_lsq": 0.0532781281318722, "error_max": 0.28675869458516434, "target": "398.xyz", "model": "22.xyz", "model_rescale": 4.166573947596378, "target_rescale": 4.183923481589345},
{"mapping": [4, 6, 1, 5, 0, 12, 7, 14, 13, 2, 3, 11, 9, 8, 10, 15], "R": [[0.8046873077554313, 0.5379334275790001, 0.2512090050743111], [0.3455563321810794, -0.080298784915486, -0.9349561093605714], [-0.4827723666769631, 0.8391541769151876, -0.2505017152414704]], "T": [-0.03531956579221937, -0.023118561278599986, 0.05884296112977402], "aligned_model": [[0.5964182264223286, -0.3603461292641569, 0.23842037339407526, 0.054774137993460356, 0.6818732747640985, -0.680111878047407, 0.352837046324216, -0.6233265847139736, -0.29236870554166483, 0.007175429436596326, 0.11192424667262035, -0.5011515581282434, -0.1275511190502987, 0.6221658599372646, -0.04449732612123106, -0.015026588806057131], [-0.37505154182800027, -0.4884974327533106, -0.4336599193889815, 0.1399105839251525, -0.06058436074537707, -0.1397653547251381, 0.4359031712507503, 0.5062302539664923, 0.5507435168023662, -0.6932973869970988, -0.36187025966509734, -0.35575316072881125, 0.24071704467425362, 0.24033224331083755, 0.7093655532349964, -0.04856982933649257], [0.18885854655743775, -0.44799810961076053, -0.45557058830521996, -0.751321592250376, -0.3297268603477697, 0.05462930897677362, -0.3284852474818126, 0.0627596839454892, -0.5080972420578369, 0.01567171921841614, 0.5331774407400456, 0.6014736878595199, 0.5901933915400513, 0.4492091081452186, -0.09711864890505051, -0.002012741238906858]], "inverted": true, "swapped": false, "error_lsq": 0.04377324253327904, "error_max": 0.3309693620147666, "target": "398.xyz", "model": "23.xyz", "model_rescale": 4.274766983524099, "target_rescale": 4.183923481589345},
{"mapping": [11, 2, 3, 7, 6, 14, 12, 13, 10, 0, 15], "R": [[0.13088374792239454, -0.8229209825179002, 0.5528747607384166], [0.5038863562734428, -0.4250516729304522, -0.7519505404616035], [0.853796219534416, 0.377004153651917, 0.3590262993680847]], "T": [-0.07275356919776135, 0.13514217270042667, -0.07306239125698058], "aligned_model": [[0.4060548626762468, 0.11184879906205994, -0.5017729815639734, -0.45735783429065224, -0.5860676757099618, -0.5632355535091234, 0.06681410300118512, 0.03018782619382694, 0.5483309115310061, 0.42662734423251036, -0.1015350976650494], [-0.23359891774284497, 0.7222364579984843, 0.5098906123732729, -0.4280370858799512, 0.4610761242799054, -0.13778531380860654, -0.544492399213276, 0.10416097702112248, -0.2266151312892517, 0.5752457094325207, 0.11350549807210777], [-0.5123144843214014, -0.10455756019886303, -0.5181949591770341, -0.2830361069306234, 0.11258243381666855, 0.29871997657591876, 0.09084118726102139, 0.7900803098858216, 0.10351258801652277, 0.4375445333903133, -0.03561148429676681]], "inverted": false, "swapped": true, "error_lsq": 0.05362621131110928, "error_max": 0.2538501881647107, "target": "398.xyz", "model": "24.xyz", "model_rescale": 3.7841303162186577, "target_rescale": 4.183923481589345},
{"mapping": [0, 14, 9, 12, 8, 13, 2, 3, 5, 10, 7, 11, 6, 1, 4, 15], "R": [[0.37205304229049957, 0.2672678000482874, 0.8889007013045566], [-0.008089548319650669, 0.9585461839668616, -0.2848223523717049], [-0.9281762186839134, 0.09877821753765494, 0.3587920997035971]], "T": [0.06297988239165281, -0.07849815266227614, 0.004334759695553001], "aligned_model": [[0.628997538533538, -0.2982918697954701, 0.14223704665109663, -0.34091008799404826, 0.6290985276823609, -0.7007680319927769, 0.33644121648415287, -0.5259741968513452, -0.21049563307188213, 0.07677264108768397, 0.11078255672686199, -0.527606771406395, -0.15435216833608773, 0.6732070587683849, 0.1510997429495914, 0.03097113583596152], [-0.2729797490022901, -0.5530598642397145, -0.2923822638911756, 0.06646393110482782, 0.017000401680615035, -0.15340450490645674, 0.33526403299656815, 0.46160167324173107, 0.6132678696108081, -0.8554961559935544, -0.3985066871532591, -0.2966990149389267, 0.31394824205913374, 0.2612891501626511, 0.6579798812711596, -0.03813382100557587], [0.43227268857342144, -0.5187071748440208, -0.5342862549367198, -0.6209897900543129, -0.13654635760372977, -0.14758021302914318, -0.5638313959335799, 0.1064482173524394, -0.4604336324247716, 0.04092667005779767, 0.5683516054365243, 0.44367899514201603, 0.5707083636352768, 0.2596850599762565, 0.08520093660002763, 0.05074413883773722]], "inverted": true, "swapped": false, "error_lsq": 0.04118451590729052, "error_max": 0.3445386460347749, "target": "398.xyz", "model": "25.xyz", "model_rescale": 4.19342608120988, "target_rescale": 4.183923481589345},
{"mapping": [12, 14, 7, 9, 11, 10, 1, 0, 8, 13, 6, 15], "R": [[-0.2582341504721207, -0.832633366076815, 0.48993550721042334], [-0.4907069165908011, 0.5498925855829853, 0.6758882054976312], [-0.8321789744639617, -0.06587732551077019, -0.5505799964071139]], "T": [-0.007875265447900476, 0.07538512134036267, -0.1001975904462182], "aligned_model": [[-0.17612249118263215, 0.5382885990018743, 0.1901149066159796, -0.6246625197269768, -0.6602553227017254, -0.5696964004796755, -0.2841843498586976, -0.22174594861187205, 0.595754036947692, 0.2021294810893035, 0.5792229932680865, 0.028965570270424245], [-0.5820440298491752, -0.2763006192450086, -0.5302385466888531, 0.33503248569286515, -0.20726334974553218, -0.19909709774358514, 0.5422422328222034, 0.5663565113070715, -0.03592807345363115, 0.032698868651740085, 0.3186154146281198, 0.04870263136476581], [0.11826625487636819, 0.0767382507386413, -0.4214453823227323, -0.15277850291686657, -0.32971885344099283, 0.29579423539845884, -0.6327298492486702, 0.545556446596874, -0.5994088453304793, 0.7428018034860829, -0.11871711671083848, -0.07509997991642431]], "inverted": true, "swapped": true, "error_lsq": 0.043983166302554784, "error_max": 0.2541110501377396, "target": "398.xyz", "model": "26.xyz", "model_rescale": 3.795458400668931, "target_rescale": 4.183923481589345},
