[{"mapping": [9, 5, 13, 8, 11, 7, 10, 12, 4, 14, 2, 0, 6, 15], "R": [[-0.8120109243746456, 0.5579092435334229, 0.1713929248137093], [0.581688818614741, 0.7496050530344333, 0.3158011760013439], [0.047711392715167916, 0.356131352797263, -0.9332170607955959]], "T": [0.09028306114622336, 0.15035233721748054, 0.05948712739551276], "aligned_model": [[0.11895113207767141, 0.282978598780423, -0.5454458616296973, -0.3659583316235766, -0.5309419027166988, -0.13323987555148487, -0.7426010061920372, -0.06106511819590116, -0.30509196928882415, 0.09171252552546717, 0.530889983489098, 0.3013101392118453, 0.6702988675291741, 0.05969491971284447], [-0.6050464400677509, -0.33887299569005064, -0.3610975996998028, -0.4262742756326797, 0.27096063078179344, 0.26349969126256867, 0.15147096158797627, 0.5691675708773839, 0.7417959541579195, -0.1751223181323447, 0.5986793086415221, 0.6471525915975556, -0.20390559986605422, 0.10286585199199784], [0.06750284277625915, -0.370050928453794, 0.4549400373303345, -0.14668463248784394, 0.5497873913690855, -0.5825067614158279, -0.0482275773099107, 0.6936389462925179, 0.07753185846273267, 0.6038321264356971, 0.5602037911760875, -0.17083956982623386, 0.16899174621324833, 0.039468816617481375]], "inverted": true, "swapped": true, "error_lsq": 0.04225728849170859, "error_max": 0.24576417536823994, "target": "399.xyz", "model": "0.xyz", "model_rescale": 3.8414455957264533, "target_rescale": 4.174227753561721},
{"mapping": [6, 2, 13, 12, 14, 11, 10, 9, 7, 8, 4, 3, 0, 1, 15], "R": [[0.7891571456110928, -0.4220972644766846, 0.446166895737741], [-0.3236111954943047, 0.3316631571641137, 0.886157629505428], [-0.5220218325718756, -0.8437022279816692, 0.12513895003981962]], "T": [-0.028787964169074157, 0.11009085496732303, -0.04191946587881655], "aligned_model": [[-0.6510777713831595, -0.5189789642035273, 0.12545870612179216, -0.1244780184212808, -0.4101963515737834, 0.24289225530125713, 0.6946773009823429, -0.27014209681740087, 0.5217140936342164, 0.2817038309072088, 0.4455935479641645, -0.47254553030046, 0.06514083980084455, -0.05052122188174525, -0.007196466625924814], [0.2580816003152452, 0.16418268743149428, -0.731587814089831, -0.29749771865284025, -0.3940565264433468, -0.5765459617982821, -0.3109869562509383, -0.135528383485647, 0.4795381151151662, -0.2103670113100799, 0.06114052640615873, 0.5702428426248559, 0.5724926009884982, 0.8078460171413738, 0.0900905100511879], [0.21256514723558528, -0.6764551763444713, 0.25791430133362064, -0.6939746544308637, 0.009171946879698384, -0.3510810826201073, 0.02583793648587758, 0.6310833536274433, 0.14616877551887042, 0.577808583210635, -0.5701416022100457, -0.2281105779458601, -0.39085400550401445, 0.2049655601720834, 0.010283281931083535]], "inverted": true, "swapped": true, "error_lsq": 0.038829483247856865, "error_max": 0.28735205653776347, "target": "399.xyz", "model": "1.xyz", "model_rescale": 4.316132596720782, "target_rescale": 4.174227753561721},
{"mapping": [4, 7, 0, 14, 2, 11, 6, 13, 1, 10, 5, 15], "R": [[-0.11468324204760744, -0.5100744489262903, 0.8524504739549339], [-0.6626384608223974, -0.6000337986964066, -0.4481849067749654], [0.7401067654280524, -0.6162657681345782, -0.2691811263687041]], "T": [-0.03394927248342029, 0.01436106589993841, -0.11851814016700446], "aligned_model": [[-0.14012844692812287, 0.5866893127375022, 0.09345672790998806, -0.5103731144123977, -0.6265929207038886, -0.5092628410508362, -0.10413906385301007, -0.30172203799667224, 0.5373788992063656, 0.10946399359192828, 0.4673884131197332, -0.004350366988809043], [-0.610236330795623, -0.2354630329697707, -0.48404275695505017, 0.4266005414223746, -0.2812236550571216, -0.0972283423108202, 0.45269587824900337, 0.5019121644262743, -0.04525041467084939, -0.11071169885009652, 0.44231059220682206, 0.053413483045837526], [0.20560630196249707, 0.046759342834733264, -0.4009267949730983, -0.04553725029728198, -0.5737674011998295, 0.5158996878977659, -0.6446780670462444, 0.5975174578151012, -0.5857626249255301, 0.6994604764163184, -0.28129303360333113, -0.08401963367167947]], "inverted": true, "swapped": true, "error_lsq": 0.04108289334606483, "error_max": 0.21045045028959616, "target": "399.xyz", "model": "2.xyz", "model_rescale": 3.795458400668931, "target_rescale": 4.174227753561721},
{"mapping": [0, 7, 5, 13, 2, 14, 8, 4, 10, 11, 6, 15], "R": [[-0.8446904637315432, -0.34366054093608595, 0.41036015045872526], [0.5330843636468006, -0.47115751069754797, 0.7027315713333051], [-0.048156844957664965, 0.8123472365416202, 0.5811823169771398]], "T": [-0.025513620391348503, 0.05593988765761974, -0.07285473546908158], "aligned_model": [[0.037385606092796696, -0.1795562173362604, -0.6716740861679223, 0.23235781251402313, 0.27665528038537124, 0.06911100282027272, -0.23760423207056747, 0.5738404825902584, 0.38656774137180255, 0.6673977011862111, -0.5125963029744877, -0.04858096266793274], [-0.09533914544633162, -0.6052992788893563, -0.08855624350862493, 0.09730918653370565, 0.6288945996305715, 0.5494419490945487, -0.2679710656044274, -0.26288113812267394, -0.5093838907629373, 0.0683252528205239, 0.5403717855374512, 0.03085703400725996], [-0.6363719484563419, -0.19098442343619762, 0.07738992683480447, 0.7954229910702297, -0.5485285356111991, 0.31411964180041874, 0.5853705454882686, -0.2863503836446508, 0.39179304015877503, 0.3278716901818365, -0.11740223626678299, -0.023558877480060157]], "inverted": false, "swapped": true, "error_lsq": 0.037739241820801996, "error_max": 0.24443652533642463, "target": "399.xyz", "model": "3.xyz", "model_rescale": 3.7530521520055578, "target_rescale": 4.174227753561721},
{"mapping": [7, 4, 10, 11, 8, 2, 5, 3, 6, 14, 15], "R": [[-0.33154772171576646, 0.553254794363852, 0.7641892702325105], [0.061557990030567666, -0.7955921774415805, 0.6026970226051906], [0.9414280227869157, 0.24686478020806638, 0.22971952072982804]], "T": [-0.13105884385214747, -0.03093683927302919, 0.021053823910339456], "aligned_model": [[-0.3665245239756043, -0.11514820534796325, 0.4015257443893461, 0.5142502974540517, 0.3497740652918149, -0.38470035125847946, -0.26953513760085834, -0.681790422043013, -0.3198693359145509, 0.3082464978719267, -0.09802902642146513], [-0.6174450205286541, 0.04883201740458673, -0.44659738525355974, 0.18434137910081944, -0.5963857500740125, 0.7291601205651608, -0.4988433727081892, 0.27683502271068877, 0.15672685350706805, 0.30791644784482863, -0.07733695425439063], [-0.2536915983130292, -0.6859372369363497, -0.4778244632890427, -0.40095632513346835, 0.2005767930678033, -0.04032457681538312, 0.49313827614715305, 0.23388936890051715, 0.6559090985064115, 0.32835911049954597, 0.039692330611157914]], "inverted": false, "swapped": true, "error_lsq": 0.047156810742497134, "error_max": 0.24751538138198884, "target": "399.xyz", "model": "4.xyz", "model_rescale": 3.7855080009869324, "target_rescale": 4.174227753561721},
{"mapping": [12, 11, 15, 13, 2, 6, 8, 1, 4, 7, 0, 3, 9, 5, 10, 16], "R": [[0.12145580166049838, -0.7449472328971776, -0.6559741675110718], [0.9203344877986137, -0.16302382149311842, 0.35553855514450616], [-0.3717968784315825, -0.6468978697017157, 0.6658004410962138]], "T": [-0.0056601928695502925, -0.009310905699526112, 0.03317568298532746], "aligned_model": [[-0.12898505595647228, 0.2622122567346256, 0.2725291209480285, 0.48796812037266735, -0.7209898287388126, 0.5040707849443107, 0.6167263757073167, -0.39099436426205236, 0.03531089674307627, 0.38122048503319594, -0.5469513661921475, -0.5594986553211594, -0.376793974576606, -0.2521489814798959, 0.14527394130406251, -0.03684644319321964], [-0.3106585446820601, 0.04215439648479152, -0.6924610392317188, -0.3952240874565013, -0.18924937371199846, 0.3050291411004281, -0.21891164525172913, 0.3267821465949713, 0.7056980525145315, 0.5387335091707042, 0.5493702033574438, 0.04448442223943988, -0.4068096997934034, 0.5776531837543183, -0.02447174410936681, -0.0528982514432161], [-0.5643574471709819, -0.7138396459835464, 0.40091840204106577, -0.3305133921698786, -0.008192751299335839, -0.22651977962749925, 0.28618232953419254, -0.5250921519702535, -0.15144377253047084, 0.36685237121956227, -0.024730857115367273, 0.44885058672672107, 0.4927063609805785, 0.5329953298584039, 0.7458841157923604, 0.03695897223604839]], "inverted": true, "swapped": false, "error_lsq": 0.0415331065989858, "error_max": 0.25900541341169214, "target": "399.xyz", "model": "5.xyz", "model_rescale": 4.2253639853439635, "target_rescale": 4.174227753561721},
{"mapping": [1, 7, 13, 9, 8, 11, 14, 6, 4, 0, 10, 12, 2, 15], "R": [[-0.7700661255291136, 0.5818899015096074, 0.2615383429513137], [0.6375185479929243, 0.6865717086291319, 0.34955598961406464], [0.02383827337650611, 0.43591677122039474, -0.8996712206640897]], "T": [0.15091740171845944, -0.01884738111097209, -0.019989671137450926], "aligned_model": [[0.6233038233663055, -0.016180448547847448, -0.5468179409122104, 0.12533108443832225, -0.32861670133475884, -0.4945922444213271, 0.08922689302630422, 0.6947451330902543, -0.201817926133027, 0.4129837962589591, -0.6696051210492945, -0.01663236292845477, 0.5841359788872917, 0.11859818901726671], [-0.010175810222383092, 0.14345977353217698, -0.500974562784745, -0.7736909096091961, -0.5484393000360256, 0.1225349674556705, -0.37100632088841545, -0.4205999742033364, 0.5987779557283133, 0.471953879994614, 0.05002047164250063, 0.37703015914771554, 0.36903522739724937, -0.06282641051914786], [-0.5901323632949163, -0.6685694088848646, 0.3006878577569355, -0.05270068702521041, -0.2896945044556563, 0.4318836444165959, 0.5038668310610874, 0.10944964173824337, 0.0038705637745383575, -0.20661398582288795, -0.1852155378900559, 0.6247343397630662, 0.5347331940149895, -0.04474137622041638]], "inverted": true, "swapped": true, "error_lsq": 0.03993730098206831, "error_max": 0.2264541820429621, "target": "399.xyz", "model": "6.xyz", "model_rescale": 3.89814844738969, "target_rescale": 4.174227753561721},
{"mapping": [8, 10, 7, 13, 5, 4, 11, 9, 14, 2, 0, 6, 15], "R": [[-0.4648918663408604, -0.461916667572872, 0.7553201604806302], [0.2705126314875578, 0.7382126157208394, 0.6179523041435103], [-0.8430293404240382, 0.49160464421013106, -0.21823474740572826]], "T": [-0.040054700446088304, 0.21381394958526664, 0.06269038391784341], "aligned_model": [[0.2480929376214089, -0.15203665280566625, 0.4338236880938442, -0.35767525868248773, 0.5759322798907125, -0.37834073716088257, -0.6776330235176518, 0.24559559024039415, -0.4019382570373735, -0.5461879535625085, 0.03003010928190067, 0.14084335959145877, -0.011874281048926297], [-0.382513514477238, -0.001054208191898165, 0.44283760463909183, -0.5579933317759873, -0.04267948024988513, 0.6262921249534117, -0.009642959617375324, -0.46434628821725343, -0.24437892411506382, 0.6006359422809279, 0.796060426984714, 0.032862172555875674, 0.16770170070116552], [-0.3174750379420109, -0.7414186234159682, -0.3821786063804955, -0.2916343352675277, 0.188177827562098, -0.40834771564434114, -0.3667535084993091, 0.23594172158187343, 0.3103733558449268, 0.5526358775873026, 0.08438063249701007, 0.7017839838292504, 0.03678945908348674]], "inverted": true, "swapped": true, "error_lsq": 0.04915369397141751, "error_max": 0.2739442207494096, "target": "399.xyz", "model": "7.xyz", "model_rescale": 3.7474275329858107, "target_rescale": 4.174227753561721},
{"mapping": [11, 12, 2, 14, 3, 9, 13, 8, 6, 5, 10, 7, 4, 0, 15], "R": [[0.37601520356397145, -0.8138154822338272, -0.4430766610478022], [-0.8704376393104728, -0.14626187418942704, -0.4700486998495028], [0.3177276864869615, 0.5624160604349062, -0.7633723155869117]], "T": [0.0904991701127354, -0.05466346162314497, 0.06790282263244261], "aligned_model": [[-0.4337677683757642, 0.09677208902531129, 0.6258069321224713, -0.1582922849230416, 0.7287247062153235, -0.28798773481487955, -0.7682273576799363, -0.5677341483195735, 0.37128639944261077, 0.05238550608843505, -0.589365244067501, 0.05480548477924796, 0.07188452132934124, 0.5633059601288384, 0.04255666138786354], [0.2067018073489816, 0.12910391690715978, -0.1246998346115224, -0.49205665181664093, -0.2441524210298456, -0.6504731645848694, -0.23582078493974737, -0.17581427559022783, -0.6791435706601563, -0.3853718736142896, 0.436980229613595, 0.3750797110552014, 0.6065499613112627, 0.2896305945918033, -0.06739568200111076], [-0.4777101706499418, -0.6848595580844549, -0.5274031634797611, -0.31815064736503645, 0.05842343518800601, 0.33859061948149655, -0.1598823390360683, 0.43561552635326906, 0.13925692864981384, 0.6596419821092836, 0.104922246650926, 0.6054600257207682, -0.19459076436051026, 0.11595123625689467, 0.10152929826157633]], "inverted": false, "swapped": true, "error_lsq": 0.038988494496530704, "error_max": 0.26052762663716456, "target": "399.xyz", "model": "8.xyz", "model_rescale": 4.019505241142653, "target_rescale": 4.174227753561721},
{"mapping": [3, 14, 5, 1, 0, 7, 8, 2, 4, 11, 13, 10, 15], "R": [[0.40013206448411903, -0.2639268685400143, 0.8776314368995332], [0.12873985322435372, -0.9319515435600169, -0.3389577711867279], [0.9073700354119311, 0.24861401512940554, -0.33892578880602614]], "T": [-0.0289430608898203, -0.13810648045335694, -0.04203875303280431], "aligned_model": [[-0.1572766031668087, -0.6175755447276025, 0.14036115304827337, 0.37501369549777513, 0.2640911841178103, 0.6521754344783018, 0.1222021700097145, -0.47839663448768616, 0.2667048344852767, -0.22972308961486088, -0.337515872293036, 0.3356659248291786, -0.016025880435160393], [-0.7162493033404967, 0.09362400744102306, 0.09191852759984906, -0.4328441922548775, -0.6430139375683602, -0.06216110787880455, 0.596629815246454, -0.7711944061590934, -0.30060139611458014, 0.19316760783230702, 0.6658404546671957, 0.4306001572163781, -0.08233799857293536], [-0.3463562479743896, 0.0033490490152468383, -0.6579937163364105, -0.5881481167414956, 0.01790037345873359, -0.11436354740138914, -0.18514343029606656, 0.16542178349397274, 0.5845714155528319, 0.6585367415080864, 0.24180530763331093, 0.4568927316016398, -0.05976884947019198]], "inverted": true, "swapped": true, "error_lsq": 0.04529356956906813, "error_max": 0.2607467256040638, "target": "399.xyz", "model": "9.xyz", "model_rescale": 3.877068213659057, "target_rescale": 4.174227753561721},
{"mapping": [5, 0, 7, 1, 3, 11, 8, 12, 10, 9, 6, 13, 4, 14, 2, 15], "R": [[0.5903480045464238, -0.545642362477645, 0.5947803340712182], [-0.32824414963367604, -0.8354997803497981, -0.44067663344759267], [0.7373906778359219, 0.0649194062299814, -0.6723395414040634]], "T": [-0.07398428323994635, 0.07293113300478402, 0.07784889956361844], "aligned_model": [[-0.2300991364560874, 0.3378057147055207, 0.33171955180571444, 0.24057590869879567, -0.6235574431199588, 0.3790819185078388, 0.6910431724514455, -0.22523873026539906, -0.004310939074883613, 0.356106613224799, -0.5518002069008716, -0.612637542629737, -0.2819237382114742, -0.13101895953097822, 0.04692798527219072, -0.030570856409997557], [-0.4263621078750065, -0.03962318932867395, -0.5678986275892853, -0.6613249601641665, -0.19392014156635337, 0.4840473276113896, -0.016613390597951527, 0.2603998695940585, 0.7781535358917235, 0.3930543654987715, 0.4272433671510274, 0.22654399297870592, -0.526078290140816, 0.6399523139385458, -0.041556982974105955, 0.06320358710877202], [-0.502952145941284, -0.5941083593077464, 0.3795576756756159, -0.2610116698379654, -0.09396810171239835, -0.3349098285448529, 0.12298985811804557, -0.6293800455243042, 0.04594643823058024, 0.46280115724683457, -0.08481443052402667, 0.6106661772142764, 0.31457569102138816, 0.6114738359294565, 0.7202102095538434, -0.0004177910758629694]], "inverted": true, "swapped": false, "error_lsq": 0.043300127567669475, "error_max": 0.3472828966926877, "target": "399.xyz", "model": "10.xyz", "model_rescale": 4.260839863003843, "target_rescale": 4.174227753561721},
{"mapping": [11, 2, 6, 14, 5, 8, 10, 4, 0, 1, 7, 15], "R": [[-0.8568058550558914, -0.495783804144603, -0.14171148961834035], [-0.4205062382737067, 0.8308799978351696, -0.3644350871833355], [0.29842625607482937, -0.2526595510669143, -0.9203830294718748]], "T": [-0.02162175596363925, -0.058988312866461605, -0.045841189877863814], "aligned_model": [[0.37576857615604703, 0.2571904694312235, -0.5653800385906639, -0.2735508307577979, -0.5818395351309833, -0.386533859465748, 0.2990847998600563, 0.6770736021116744, 0.32989979949715814, -0.23357038044061607, 0.11544582561632707, -0.054689779192546924], [0.06857150553651317, -0.8125428564338257, -0.4639076737075578, -0.3096866377920356, 0.1912281337642775, 0.5585152830920009, 0.6255205638037319, 0.06785098160520253, -0.20454732226543149, -0.009116502542322984, 0.47264257149333305, -0.011449541020951318], [-0.7289741064631685, -0.06221200383466233, 0.07363903640962925, -0.5711309801616916, 0.24488842289956805, -0.30792842610467863, -0.41175713837914973, -0.09262974630282025, 0.4009680297129048, 0.6618857348867699, 0.37069459622354917, -0.06126534149074565]], "inverted": false, "swapped": true, "error_lsq": 0.04082226620090693, "error_max": 0.2717429039316533, "target": "399.xyz", "model": "11.xyz", "model_rescale": 3.890672605050136, "target_rescale": 4.174227753561721},
{"mapping": [5, 1, 3, 9, 6, 11, 7, 13, 8, 4, 2, 0, 12, 15], "R": [[-0.9440246857385985, -0.05914634389671498, -0.324529047574777], [-0.1382878423636716, 0.9641324224851332, 0.22655053424644386], [0.2994893409965382, 0.258747718669364, -0.918344027428098]], "T": [0.06927843931540603, 0.012091327185186438, 0.09812025417792045], "aligned_model": [[0.43869750900186766, 0.21084397638110766, 0.35877648617528846, 0.6163323795436256, 0.7349650182967655, -0.3197318681705579, -0.3129943406570991, 0.08786207072740077, 0.11246780909765836, -0.6061054001924691, 0.17451414600881063, -0.18793740644121523, -0.17466505243572036, 0.0768505074582306], [-0.25819600063089987, 0.23953198955790767, 0.5891045050119043, -0.5063721492551044, 0.17258086795292352, -0.2683976026194569, -0.14161990261834434, -0.7414568632740823, -0.7397182586129587, 0.16411825123208162, 0.6984632179400065, 0.4832514509028371, 0.2862535112177604, -0.04539049697680912], [-0.4033278980566337, -0.592181680292969, -0.06489641041627939, 0.03945993721452873, 0.027319342803710914, 0.7391023958809956, -0.45429386562067686, 0.6020399685189536, -0.028679898569658413, 0.2630355740449114, 0.5026790068068254, -0.13903255392726233, 0.780606642631868, 0.08295987433854742]], "inverted": true, "swapped": true, "error_lsq": 0.04259163537554382, "error_max": 0.3274257374863957, "target": "399.xyz", "model": "12.xyz", "model_rescale": 4.124412569039231, "target_rescale": 4.174227753561721},
{"mapping": [0, 4, 10, 2, 7, 1, 12, 6, 11, 14, 8, 13, 15], "R": [[0.008570440188187672, -0.9518342387369598, 0.3064932781041255], [0.8106655055777652, -0.1728350958306977, -0.5594188660704429], [0.5854468256138445, 0.25325799418226796, 0.7701379115206881]], "T": [0.10282505625618221, -0.04535747075719121, -0.01199614383906305], "aligned_model": [[-0.15966508032450327, -0.07830453547365238, 0.5737553009918588, -0.6980711560421305, 0.5431083092652909, 0.26490644050876105, -0.47598705451704626, -0.030440695620862546, 0.024390963594222645, -0.03876295418263703, 0.8058242312701122, 0.47731807792586145, 0.15922646011448263], [-0.2576908042953892, 0.3977311712742775, 0.6094890672085936, -0.09605404703907519, -0.15700122362323304, -0.7101296380499115, 0.46917836939027957, -0.5426120218161541, 0.7477325975127541, 0.17134430466387152, 0.14445785256471907, 0.6082235549333904, -0.037183806215645585], [0.4680109306385002, 0.5146129192550734, 0.2218847978034841, -0.05493592713815914, 0.5062772490668276, 0.2710134096943863, -0.03827180505113425, -0.469037098252296, -0.08760964643885033, -0.5909956675460288, -0.24204734826735652, -0.5166763641572403, -0.030527368639366892]], "inverted": true, "swapped": true, "error_lsq": 0.03816996766965035, "error_max": 0.22381592856208818, "target": "399.xyz", "model": "13.xyz", "model_rescale": 3.9028299243045295, "target_rescale": 4.174227753561721},
{"mapping": [6, 7, 0, 3, 1, 10, 4, 9, 14, 10, 11, 12, 2, 13, 5, 15], "R": [[0.052008301434255444, 0.8273133962333987, -0.5593278832622981], [-0.3215966773532615, -0.51637440063109, -0.7936832211205078], [-0.9454473616744963, 0.22115610501553418, 0.23920548387754853]], "T": [-0.07083553599417369, -0.06535256157216635, 0.1330657497443649], "aligned_model": [[-0.2741134912596481, 0.4510957243819106, 0.3219303740994188, 0.20539033124456235, -0.6733233028171401, 0.44492709168711286, 0.5973274668308604, -0.15548708396842306, -0.1812849224311608, 0.44492709168711286, -0.6380098142919176, -0.5132261135334973, -0.42855267255856505, -0.00983677986971282, 0.15538639733335638, -0.055046984467352345], [-0.30078409414947316, 0.14281393583639523, -0.73001347992077, -0.536544736654317, -0.17069378683537226, 0.458471953202709, -0.16195322457336572, 0.29225240111206535, 0.7948930950023283, 0.458471953202709, 0.36117158882814326, 0.23071646590558909, -0.6848886885002481, 0.5879486155385008, 0.07903042690789017, -0.021671755366149813], [-0.456559833673303, -0.5774850398801724, 0.43502139670774176, -0.16754471189612943, -0.08627524695148156, 0.010798044862269318, 0.19298058468756296, -0.5494283986209049, -0.04251612905684346, 0.010798044862269318, -0.07247542739698934, 0.5812554381952325, 0.30731616493729547, 0.5826523104112951, 0.569046280472831, 0.029075192860926163]], "inverted": true, "swapped": false, "error_lsq": 0.05049767915667928, "error_max": 0.3114398244521047, "target": "399.xyz", "model": "14.xyz", "model_rescale": 3.942246331269136, "target_rescale": 4.174227753561721},
{"mapping": [5, 6, 9, 2, 12, 14, 10, 8, 7, 13, 11, 4, 3, 0, 15], "R": [[-0.4868340210195722, -0.30643603184727897, 0.8179789693895609], [-0.5027408710535279, 0.8640900287083749, 0.02449569062304574], [-0.7143138333745573, -0.3993061240107061, -0.5747263407721034]], "T": [-0.15013588705833222, -0.06643552891130301, 0.004268015442760557], "aligned_model": [[-0.7296680249108008, -0.3536789123426157, -0.3457112501716245, 0.2518716611918628, 0.5796734636378844, 0.2540616562052598, 0.057292914340913104, -0.3152784945209902, -0.6148879688183493, 0.3056271512021994, 0.546200667152235, 0.1607253851912677, -0.34603046537605686, -0.3068992643520886, -0.1690044818968859], [0.05085523660762524, -0.4852314192859076, 0.18005667378029894, -0.7539460082844668, -0.24853186180638115, -0.09156984081860249, 0.7062852110516132, 0.604794105303503, 0.25991905971955387, 0.5847336127657541, 0.3175636896912746, 0.06781731872672996, -0.702524476449433, -0.3754637231560849, -0.016612887963826102], [-0.32944041346719527, -0.5027709596337392, -0.6831221896542894, 0.11182257188837161, 0.19049432381160197, -0.4838302175064896, 0.2595629996030817, -0.32029315144149273, 0.3946769871734251, -0.43205079813916314, 0.09657819060402267, 0.6302025338604867, 0.02281321596329281, 0.4778924727751118, -0.023173085476508815]], "inverted": false, "swapped": true, "error_lsq": 0.0448084704544764, "error_max": 0.3385618582969102, "target": "399.xyz", "model": "15.xyz", "model_rescale": 4.355366556412066, "target_rescale": 4.174227753561721},
{"mapping": [4, 7, 0, 14, 2, 11, 6, 13, 1, 10, 5, 15], "R": [[-0.11468324204760744, -0.5100744489262903, 0.8524504739549339], [-0.6626384608223974, -0.6000337986964066, -0.4481849067749654], [0.7401067654280524, -0.6162657681345782, -0.2691811263687041]], "T": [-0.03394927248342029, 0.01436106589993841, -0.11851814016700446], "aligned_model": [[-0.14012844692812287, 0.5866893127375022, 0.09345672790998806, -0.5103731144123977, -0.6265929207038886, -0.5092628410508362, -0.10413906385301007, -0.30172203799667224, 0.5373788992063656, 0.10946399359192828, 0.4673884131197332, -0.004350366988809043], [-0.610236330795623, -0.2354630329697707, -0.48404275695505017, 0.4266005414223746, -0.2812236550571216, -0.0972283423108202, 0.45269587824900337, 0.5019121644262743, -0.04525041467084939, -0.11071169885009652, 0.44231059220682206, 0.053413483045837526], [0.20560630196249707, 0.046759342834733264, -0.4009267949730983, -0.04553725029728198, -0.5737674011998295, 0.5158996878977659, -0.6446780670462444, 0.5975174578151012, -0.5857626249255301, 0.6994604764163184, -0.28129303360333113, -0.08401963367167947]], "inverted": true, "swapped": true, "error_lsq": 0.04108289334606483, "error_max": 0.21045045028959616, "target": "399.xyz", "model": "16.xyz", "model_rescale": 3.795458400668931, "target_rescale": 4.174227753561721},
{"mapping": [8, 10, 7, 13, 5, 4, 11, 9, 14, 2, 0, 6, 15], "R": [[-0.4648918663408604, -0.461916667572872, 0.7553201604806302], [0.2705126314875578, 0.7382126157208394, 0.6179523041435103], [-0.8430293404240382, 0.49160464421013106, -0.21823474740572826]], "T": [-0.040054700446088304, 0.21381394958526664, 0.06269038391784341], "aligned_model": [[0.2480929376214089, -0.15203665280566625, 0.4338236880938442, -0.35767525868248773, 0.5759322798907125, -0.37834073716088257, -0.6776330235176518, 0.24559559024039415, -0.4019382570373735, -0.5461879535625085, 0.03003010928190067, 0.14084335959145877, -0.011874281048926297], [-0.382513514477238, -0.001054208191898165, 0.44283760463909183, -0.5579933317759873, -0.04267948024988513, 0.6262921249534117, -0.009642959617375324, -0.46434628821725343, -0.24437892411506382, 0.6006359422809279, 0.796060426984714, 0.032862172555875674, 0.16770170070116552], [-0.3174750379420109, -0.7414186234159682, -0.3821786063804955, -0.2916343352675277, 0.188177827562098, -0.40834771564434114, -0.3667535084993091, 0.23594172158187343, 0.3103733558449268, 0.5526358775873026, 0.08438063249701007, 0.7017839838292504, 0.03678945908348674]], "inverted": true, "swapped": true, "error_lsq": 0.04915369397141751, "error_max": 0.2739442207494096, "target": "399.xyz", "model": "17.xyz", "model_rescale": 3.7474275329858107, "target_rescale": 4.174227753561721},
{"mapping": [2, 11, 4, 14, 1, 5, 0, 10, 6, 7, 9, 13, 8, 15], "R": [[-0.5836543068070272, -0.6481101707638446, -0.48918386798633184], [-0.805699886492897, 0.5371488202525236, 0.24963741267417205], [0.10097199141812241, 0.5398373379581876, -0.8356915133560209]], "T": [0.1140095862463786, -0.13924343830755703, -0.014167916087465753], "aligned_model": [[0.4416591068355289, 0.15288266257609268, 0.7012155757418809, -0.31263826550879875, 0.2307621723666478, -0.2858477885760632, 0.6403389567395094, 0.16015840195798375, -0.27129731501863535, 0.35826660102213376, -0.6285458566194112, -0.4472390476888489, -0.397181718511478, 0.07231416256633441], [-0.5440317150408156, 0.5176662657132215, 0.24869231784560586, -0.09288779598912854, -0.6158237990754145, -0.3594434514365643, -0.37439496710777226, 0.6822514993844261, -0.7040335389017461, 0.03066121455571999, -0.15749166680951007, 0.5326261848892718, 0.3063688075302048, -0.10975111404626504], [-0.6262471212458187, -0.4700403650855784, -0.11974989385296048, -0.4811476133351035, 0.5403830827251798, 0.48842732068215416, 0.09571593232223363, 0.1541054707300702, -0.09453592770603347, 0.6074363791814184, 0.12651555534734588, -0.25019013015562414, 0.33693666946556033, 0.017185359588811566]], "inverted": false, "swapped": true, "error_lsq": 0.0450073369050034, "error_max": 0.30948978847725334, "target": "399.xyz", "model": "18.xyz", "model_rescale": 3.922800546911778, "target_rescale": 4.174227753561721},
{"mapping": [12, 4, 3, 14, 7, 11, 7, 9, 10, 6, 1, 5, 13, 8, 15], "R": [[-0.9035502311634575, 0.11503212281188373, 0.4127524566684665], [-0.3794385284251047, 0.23270062296001492, -0.8954757524470509], [-0.19905623052558183, -0.9657215078869337, -0.16660908226604493]], "T": [0.12882110863883156, 0.07537356001981296, -0.14490982369836872], "aligned_model": [[-0.3776859214568643, -0.40435727917735775, 0.6261076864567124, 0.019795713183992647, 0.14836662608684287, -0.6379603370338129, 0.14836662608684287, 0.3840426248918669, -0.5532572641704724, 0.6996846536209177, 0.7324679658427034, 0.613747126301005, -0.418509880605354, -0.009436798396207563, 0.12467929525680262], [0.46551726986714925, -0.2154735993834708, 0.17654273475363116, 0.673036322465618, -0.6035207526138239, 0.30046024682418115, -0.6035207526138239, 0.3393280531436971, -0.2589041071904239, 0.4555420089158734, -0.3486979701040547, -0.0955957631829957, 0.4189238541535192, -0.050299864559870455, 0.06427382455937283], [-0.5827448552757319, -0.5158293778649854, -0.5759534607731442, 0.03718893564699979, -0.02811314031278893, -0.09754567004667632, -0.02811314031278893, 0.5159255763137927, 0.21331791546552872, -0.08579090407348895, -0.20863286541629705, 0.2984773501387855, 0.49110691257204475, 0.5955307175969342, -0.0861648264948543]], "inverted": true, "swapped": true, "error_lsq": 0.044470926338114135, "error_max": 0.307938017637811, "target": "399.xyz", "model": "19.xyz", "model_rescale": 3.9282355846067225, "target_rescale": 4.174227753561721},
{"mapping": [1, 6, 6, 5, 7, 9, 8, 14, 10, 4, 2, 0, 12, 15], "R": [[0.06408439219398729, -0.14085122190396898, 0.9879545151297637], [-0.8205140255200974, 0.5560580756556863, 0.132499624236827], [-0.5680228204939768, -0.819121694125027, -0.07993575928089726]], "T": [-0.024914236832860884, -0.07850812184397213, 0.09169229933889453], "aligned_model": [[-0.6283527400739861, 0.1450823506884456, 0.1450823506884456, -0.32940992431611005, -0.6659783789465734, 0.16582824542623104, -0.06653146787500952, 0.581859710405501, -0.09733090110159869, -0.13625271356286936, 0.33401130399871753, -0.3773539160596597, 0.4934263881969908, -0.03155748838384824], [-0.4862956581080806, -0.6685162158347813, -0.6685162158347813, -0.2650251821709352, 0.1695617288963969, -0.12149859633546292, 0.37389985930722136, -0.10517338711288864, 0.7575301760958595, 0.3269276888838405, -0.5280596143416588, -0.2720043654295503, 0.058174904544486455, -0.048123035134829996], [-0.041941958968075205, -0.21959517621964328, -0.21959517621964328, -0.4857760552196142, 0.042508002270205826, -0.6385696723347336, -0.5221124565632261, -0.09095931769329407, 0.058595929896894, 0.665868340296121, 0.6528737516714925, 0.5191718709056319, 0.6512472541798916, 0.040467821241675785]], "inverted": false, "swapped": true, "error_lsq": 0.050733673211313314, "error_max": 0.36075849603080196, "target": "399.xyz", "model": "20.xyz", "model_rescale": 4.067790424073018, "target_rescale": 4.174227753561721},
{"mapping": [12, 6, 11, 4, 13, 9, 10, 2, 14, 3, 1, 7, 0, 5, 15], "R": [[-0.01180154075276548, 0.8629230237453536, 0.5051975640539424], [-0.9557570832819611, 0.13877386987247073, -0.2593650145971452], [-0.2939202636638373, -0.4859070570909575, 0.8231070467909904]], "T": [0.0772306601999126, 0.03568299497470245, 0.05163577613943781], "aligned_model": [[0.2202163159058766, 0.1109738715517971, -0.2659173896607475, 0.3187648417084861, -0.7640214358876395, -0.5114937709614371, -0.38520981772940943, 0.6077046893872682, -0.271828014740831, 0.6050667552538129, 0.43257123059669544, 0.144329289330262, 0.6342632300149531, -0.13186907297450834, 0.0248932321129366], [-0.15442862546971703, 0.7209865212329725, -0.4107594848742256, -0.5954941508107658, -0.10839858630583257, 0.46410642994532975, -0.6652465441267639, 0.27593420669829544, 0.3444248276844725, 0.4404171745747952, 0.22967665652325567, -0.3634053159919621, -0.11542332382822121, 0.34714168837635445, 0.031363666299859955], [-0.685842138635295, 0.10757105810714196, -0.5173982238277917, -0.17136473693505036, -0.25438826534495984, 0.2550327457081417, 0.06372561251920514, -0.5021921487012482, -0.37857788566964734, 0.08175321425229509, 0.6716247721938592, 0.6094415436312082, 0.1578191291905678, 0.617539232478363, 0.08050566465435112]], "inverted": true, "swapped": true, "error_lsq": 0.04160512617215128, "error_max": 0.37063991837162785, "target": "399.xyz", "model": "21.xyz", "model_rescale": 4.186013935880536, "target_rescale": 4.174227753561721},
{"mapping": [4, 7, 11, 2, 6, 12, 0, 1, 13, 8, 5, 14, 15], "R": [[0.329240413635175, 0.38141484392747915, -0.8637843867893861], [0.08305106401013962, -0.9229393228689047, -0.3758796709973439], [-0.9405866630970922, 0.05201656595801442, -0.3355458330389649]], "T": [-0.045455672629935766, -0.07708575806011503, 0.0278007562764539], "aligned_model": [[0.17296118230441312, -0.591815015427203, 0.5746165157362153, 0.43653111139637035, -0.13059591492900705, 0.6782039038071748, -0.2071135244348782, -0.7079664236048939, 0.3573797589016474, -0.2684622437546703, -0.5959545600650415, 0.40893587650088986, -0.06814663100779154], [-0.2717138824152641, -0.03548609279407142, 0.24555052350565426, -0.6907455736604924, -0.17934709763669585, -0.2819110091523199, -0.5982516333204653, -0.37815614120483687, 0.7342362437836631, 0.6521538871815964, 0.1599964958186555, 0.18425870258427113, -0.021627763143601555], [-0.6209415266995949, -0.39014890171643346, -0.3624267108344165, 0.2200482047681106, 0.7032280586209938, -0.1588123051421729, -0.1881765047859638, 0.16463257331906325, -0.012143325004898089, -0.012682113432934763, 0.3467347899478275, 0.3848367006749704, 0.02873062162079509]], "inverted": true, "swapped": true, "error_lsq": 0.0506062808421395, "error_max": 0.2648030878834083, "target": "399.xyz", "model": "22.xyz", "model_rescale": 4.166573947596378, "target_rescale": 4.174227753561721},
{"mapping": [12, 11, 14, 12, 6, 3, 9, 2, 4, 8, 1, 5, 13, 0, 7, 15], "R": [[-0.2641309860382022, 0.764235084786342, -0.5883702553631516], [0.5003536956218694, 0.6300995756946355, 0.5938187467459903], [0.8245489685228071, -0.13754730055894804, -0.5488166712272156]], "T": [0.06566589725016456, 0.04661329121111759, 0.05177773323531627], "aligned_model": [[-0.017287469822089258, 0.40697641492238823, 0.2498022756345347, -0.017287469822089258, -0.6001775796854517, 0.37309137384539126, 0.6526792149290295, -0.23810111650890967, 0.07697587007028092, 0.5614107660658038, -0.554925922327283, -0.6072472064040495, -0.2387328212440669, -0.26883308482466306, -0.08706318581252406, 0.0008232530506160768], [-0.4778251554089695, -0.14921101526244354, -0.7057631722535876, -0.4778251554089695, -0.1116145877986516, 0.3900808188886853, -0.07619331442219071, 0.36860305696227047, 0.7796831966917014, 0.5722675179583094, 0.396951206324734, -0.05586935594544477, -0.5092610536532152, 0.6478791466012861, 0.1400365503371298, 0.06728198592599001], [-0.3322332169045243, -0.6317815538399685, 0.21302665447225727, -0.3322332169045243, -0.28097447861792335, -0.3341578647435712, 0.02379436741611464, -0.4550333077775092, 0.003465089361375781, 0.4151010041208496, 0.03667145723695371, 0.5290064448229389, 0.6131673232674643, 0.49148850746179323, 0.744118378793065, 0.06323308235680752]], "inverted": true, "swapped": false, "error_lsq": 0.04959819191821928, "error_max": 0.44422809176777717, "target": "399.xyz", "model": "23.xyz", "model_rescale": 4.274766983524099, "target_rescale": 4.174227753561721},
{"mapping": [8, 7, 1, 6, 0, 2, 14, 12, 11, 4, 15], "R": [[-0.6971921994992971, 0.6643790026405988, 0.2693020196872205], [-0.4621846184970548, -0.12940703810048632, -0.8772908280124623], [-0.5480040286184624, -0.7361075732121924, 0.39728733339686617]], "T": [-0.0637953780062065, 0.06855459272074935, -0.06381584687959752], "aligned_model": [[0.47713686928077703, 0.10503041469676844, -0.5167140344176795, -0.565779416014594, -0.3704652248294827, -0.5524533515612404, 0.01869240116838461, 0.0410477839022273, 0.5489479797221614, 0.22071076165165038, -0.026259479640897136], [-0.07772762862483171, 0.657296489155305, 0.46192344192010526, -0.3299803549337471, 0.528591050376754, -0.08633438858847117, -0.5494783309096194, -0.11504402932769697, -0.12702260710735394, 0.4956403300407225, 0.057722559242317215], [-0.5826174170971832, -0.3797300936766286, -0.4978808835659165, -0.31499348176372743, 0.1329412890997693, 0.5551118541165224, 0.05228042446147452, 0.6816775857736413, 0.41279332374419886, 0.42924257613458316, -0.10925874320515667]], "inverted": false, "swapped": true, "error_lsq": 0.04723306620039403, "error_max": 0.18688361721769542, "target": "399.xyz", "model": "24.xyz", "model_rescale": 3.7841303162186577, "target_rescale": 4.174227753561721},
{"mapping": [12, 2, 3, 5, 14, 8, 4, 9, 0, 1, 10, 11, 13, 7, 6, 15], "R": [[-0.06865548369694946, -0.9763024902567672, -0.20523126486179769], [0.047430626591368014, 0.20228978284828253, -0.9781764561756459], [0.9965122980773937, -0.07689142522824088, 0.032418335967191736]], "T": [-0.048545585117913154, 0.1438215780120086, 0.04658228307247121], "aligned_model": [[-0.17732922193470985, 0.3820544928211693, 0.1597197551706426, 0.38034731318627635, -0.6896791978212592, 0.2856646043546136, 0.6471340435785119, -0.2562008700152292, 0.09184950016253748, 0.5626835660646248, -0.7194748690959597, -0.470075928471705, -0.4885084166864406, -0.24673851160850707, 0.2538839283722776, -0.023226876009926067], [-0.4813373910288884, -0.0464267749915768, -0.5427424941582223, -0.5752457493402894, -0.11648675528329402, 0.4975466385986418, -0.10326328327580978, 0.1060474477890148, 0.8476830050185574, 0.5659890868941071, 0.5353890928162102, -0.059567833990978564, -0.4870919141711204, 0.5445513468974263, -0.0024557103361659005, 0.1166319580990216], [-0.36300646768137695, -0.5426393772434926, 0.412993541732291, -0.2148212478186372, -0.34134325693429235, -0.28903642082316017, 0.1546714518061562, -0.4989386663568192, 0.20844105161156823, 0.08136608666209111, 0.004346249546983698, 0.6551646405885264, 0.18934386575679552, 0.5187483304735874, 0.6862429716618362, 0.10512591753954212]], "inverted": false, "swapped": false, "error_lsq": 0.045917019359756915, "error_max": 0.3116392879581777, "target": "399.xyz", "model": "25.xyz", "model_rescale": 4.19342608120988, "target_rescale": 4.174227753561721},
{"mapping": [4, 7, 0, 14, 2, 11, 6, 13, 1, 10, 5, 15], "R": [[-0.11468324204760744, -0.5100744489262903, 0.8524504739549339], [-0.6626384608223974, -0.6000337986964066, -0.4481849067749654], [0.7401067654280524, -0.6162657681345782, -0.2691811263687041]], "T": [-0.03394927248342029, 0.01436106589993841, -0.11851814016700446], "aligned_model": [[-0.14012844692812287, 0.5866893127375022, 0.09345672790998806, -0.5103731144123977, -0.6265929207038886, -0.5092628410508362, -0.10413906385301007, -0.30172203799667224, 0.5373788992063656, 0.10946399359192828, 0.4673884131197332, -0.004350366988809043], [-0.610236330795623, -0.2354630329697707, -0.48404275695505017, 0.4266005414223746, -0.2812236550571216, -0.0972283423108202, 0.45269587824900337, 0.5019121644262743, -0.04525041467084939, -0.11071169885009652, 0.44231059220682206, 0.053413483045837526], [0.20560630196249707, 0.046759342834733264, -0.4009267949730983, -0.04553725029728198, -0.5737674011998295, 0.5158996878977659, -0.6446780670462444, 0.5975174578151012, -0.5857626249255301, 0.6994604764163184, -0.28129303360333113, -0.08401963367167947]], "inverted": true, "swapped": true, "error_lsq": 0.04108289334606483, "error_max": 0.21045045028959616, "target": "399.xyz", "model": "26.xyz", "model_rescale": 3.795458400668931, "target_rescale": 4.174227753561721},
