[{"mapping": [1, 6, 2, 4, 0, 8, 12, 11, 10, 7, 13], "R": [[0.39840728153478616, 0.38243375113393296, -0.8336762345261444], [0.30715555989584176, -0.9120761436404361, -0.27161106425744613], [-0.8642494431847403, -0.14785646484215575, -0.48084442989312753]], "T": [-0.1899513328734654, -0.21602245834140466, -0.06835985742842463], "aligned_model": [[-0.4299648432059645, -0.07320663929873154, 0.487602187037118, 0.46506681701918606, 0.25953182762132665, -0.20853404134374837, -0.28325543938412623, -0.5997528891657983, -0.336418335205381, 0.1990893412936747, -0.14195838292235025], [-0.7406249588825972, 0.15039189755447446, -0.3698407035768023, 0.41097627272941273, -0.8203284342281771, 0.5583800289384269, -0.46574946742179446, 0.282641724097624, 0.17603482351412275, 0.3694567312396818, -0.08413455565002526], [-0.05319922727096876, -0.7291604934020917, -0.39778271713792535, -0.3703996580472718, 0.09954371763707329, -0.17099806797117925, 0.4454986567733116, 0.19708045310499414, 0.8483011647676669, 0.2095896971431205, 0.01435725164858688]], "inverted": true, "swapped": false, "error_lsq": 0.04896331468121613, "error_max": 0.22540742233444513, "target": "4.xyz", "model": "0.xyz", "model_rescale": 3.8414455957264533, "target_rescale": 3.7855080009869324},
{"mapping": [1, 10, 5, 6, 4, 8, 0, 12, 13, 9, 14], "R": [[0.23690366170610466, -0.8382495212156994, 0.4911358215930603], [0.8154530552834253, 0.4463675708395731, 0.36850007643378585], [-0.5281221162753618, 0.31319918883105285, 0.7892992451639643]], "T": [0.023849382118953703, -0.11367230115724859, 0.061255089050703766], "aligned_model": [[-0.5120738921606395, -0.17428810202042674, 0.2924089329280922, 0.5223823856266168, 0.2624000357910267, -0.2199478610887717, -0.1392054762621173, -0.6366182595956892, -0.35695966240322996, 0.335463356414866, -0.03536185478452248], [-0.7729531689244115, 0.0719773370344532, -0.25329367250488316, 0.2938334854589082, -0.5985539395971486, 0.6350387709727773, -0.5404049623637965, 0.20082522017054405, 0.24475363758098584, 0.34658501885826853, -0.1606043683713511], [-0.10194072171157809, -0.5669622695351578, -0.5241545327652459, -0.3808207552018615, 0.1229042349057406, -0.004296662831236801, 0.6241313796555518, -0.1559161502827901, 0.6102198590396775, 0.45694386876157933, 0.012722527210637595]], "inverted": false, "swapped": false, "error_lsq": 0.04275846456539452, "error_max": 0.2619818758016248, "target": "4.xyz", "model": "1.xyz", "model_rescale": 4.316132596720782, "target_rescale": 3.7855080009869324},
{"mapping": [6, 4, 2, 0, 8, 5, 10, 3, 7, 9, 11], "R": [[-0.6538252470984232, 0.7316517835362606, -0.1928683849284149], [0.5465323384961833, 0.2803835744756985, -0.7891054771968853], [-0.5232733026197491, -0.6213458930518811, -0.5831932200848884]], "T": [0.022035529226377117, -0.03677328989078866, 0.06521472224159885], "aligned_model": [[-0.511102582308631, -0.2593522121871287, 0.46547103842484366, 0.39479384323702, 0.2804534031129049, -0.11350925429613976, -0.09767360924808899, -0.6168098034468904, -0.48962797494206717, 0.3417449605864524, -0.0561882064870697], [-0.6099343861521589, -0.01733890753381024, -0.40336035487663635, 0.3667777633303384, -0.7579394576702181, 0.588265058872823, -0.46217040928164743, 0.11139814780683871, 0.33204299296441575, 0.3997850648604969, -0.0803221540060956], [-0.18647173897723557, -0.6522620891616353, -0.542818397507614, -0.38435378796180414, 0.07846903169890262, -0.016727673083960087, 0.514595197528354, 0.03457365810681714, 0.699750873916738, 0.5723184469649346, -0.02424274427818121]], "inverted": true, "swapped": false, "error_lsq": 0.04354174931072936, "error_max": 0.25185563833753716, "target": "4.xyz", "model": "2.xyz", "model_rescale": 3.795458400668931, "target_rescale": 3.7855080009869324},
{"mapping": [1, 0, 2, 10, 6, 4, 8, 7, 9, 5, 11], "R": [[0.707666474039151, -0.5126345166551581, -0.48622424235606393], [-0.3607916717640052, -0.8538715931215747, 0.37514353525785127], [-0.6074845933081187, -0.09005084560267437, -0.7892105638544844]], "T": [-0.03368437945535821, -0.06668755212529323, -0.007339161052963885], "aligned_model": [[-0.28423776223548514, -0.3870801198693151, 0.48730243814546226, 0.49761261177384186, 0.22448739744148424, -0.08900285996748997, -0.28940771349726313, -0.7701224896836804, -0.28478811204596244, 0.36360178482844585, -0.1301655724448329], [-0.578944342986847, 0.09659087823260246, -0.4553502745146448, 0.31689814960630436, -0.5343719007444512, 0.5532719475497597, -0.5919942700381045, 0.09453888411340203, 0.22387150615203485, 0.3422723945796361, 0.00042038636465430157], [-0.2739565358680891, -0.6860582111855454, -0.41383557619834455, -0.33839240743191157, 0.24148804865591206, -0.1607823681365083, 0.5115262989397955, 0.11500152178426572, 0.771812295301532, 0.4034406841305452, -0.07741297274633464]], "inverted": true, "swapped": false, "error_lsq": 0.05414193514760655, "error_max": 0.2664111727701162, "target": "4.xyz", "model": "3.xyz", "model_rescale": 3.7530521520055578, "target_rescale": 3.7855080009869324},
{"mapping": [0, 1, 2, 3, 4, 5, 6, 7, 8, 9, 10], "R": [[1.0, 0.0, 0.0], [0.0, 1.0, 0.0], [0.0, 0.0, 1.0]], "T": [0.0, 0.0, 0.0], "aligned_model": [[-0.45627984396009247, -0.21414610662258565, 0.3366394152826414, 0.5838187634060763, 0.27886632381301935, -0.21681348970495315, -0.18331719278339442, -0.5838187634060763, -0.46713693367943454, 0.3105920789741995, -0.050204648874194825], [-0.6800937019097024, 0.06625270635661348, -0.3217270574206896, 0.3401918182881276, -0.663187305203286, 0.6800937019097024, -0.45864421619168394, 0.10693398346918402, 0.22041933335828603, 0.25502515111533386, -0.0780610554575395], [-0.09747638887668489, -0.7580751247261477, -0.4944912412051355, -0.35141850173165085, 0.14875172628170116, -0.08957795094122022, 0.5498871087994793, 0.08289580947079972, 0.7580751247261477, 0.36858988268845855, -0.02432966724043075]], "inverted": false, "swapped": false, "error_lsq": 0.0, "error_max": 0.0, "target": "4.xyz", "model": "4.xyz", "model_rescale": 3.7855080009869324, "target_rescale": 3.7855080009869324},
{"mapping": [7, 0, 3, 2, 10, 12, 8, 6, 13, 14, 16], "R": [[-0.809950549590807, 0.24837062005121163, 0.531311718591757], [-0.042142588821355936, 0.8789174875793085, -0.4751084636529961], [-0.5849821445351847, -0.4072052125435685, -0.7014127211937089]], "T": [-0.0927990868303096, -0.03568414452994316, -0.0049375690515434684], "aligned_model": [[-0.49956026204753123, -0.11290341829523662, 0.4305000490518337, 0.44621504181325167, 0.1731040548753678, -0.1302679098667773, -0.23592539798968729, -0.7309203844055182, -0.35407891812796377, 0.39723651768602775, -0.04519977024856142], [-0.6527976252765008, 0.007040115369538261, -0.22303203321580922, 0.31251353391142866, -0.7024258268020253, 0.6324211534307165, -0.39875641640726167, -0.09777107329612593, 0.24401150516012116, 0.3588147664728715, -0.01281474103260703], [-0.12776171200675132, -0.7835545074704963, -0.4214413366085619, -0.3710083728987676, 0.12042320003643348, 0.11874210246852898, 0.5807272313346258, 0.11763278186692894, 0.6101809822675666, 0.24392607645894543, 0.004964331796864374]], "inverted": true, "swapped": false, "error_lsq": 0.04765817158637922, "error_max": 0.2544596321957604, "target": "4.xyz", "model": "5.xyz", "model_rescale": 4.2253639853439635, "target_rescale": 3.7855080009869324},
{"mapping": [11, 8, 5, 10, 6, 1, 7, 9, 0, 4, 13], "R": [[-0.7178559636611054, -0.6876440872560481, 0.10875856149279728], [-0.24767310426452943, 0.10624546742305185, -0.9630004849822398], [0.6506464853206828, -0.7182322116933033, -0.24657988812145387]], "T": [-0.04356176946901311, -0.07469933541897075, 0.031924563447530536], "aligned_model": [[-0.2547319657132366, -0.3052736651319006, 0.29106371379669405, 0.4247796666233142, 0.1883579269437243, -0.08349756713069667, -0.2380045230617386, -0.6055079640478458, -0.4560294868644616, 0.3873575678048732, -0.010314100773520858], [-0.7370165186446429, 0.10804588103870441, -0.3398848687996825, 0.2854720578914325, -0.6494156074234867, 0.6574082427348347, -0.4961235234484903, 0.1537124997804629, 0.2063485753401383, 0.3688428776181236, -0.09018625777304784], [-0.31778515308230254, -0.6343906360857432, -0.4354550309780972, -0.4774332097030895, 0.2040652885307142, -0.0016821030512666965, 0.6753411356197514, -0.03619984792298144, 0.6595750261185366, 0.3761485344665712, 0.08064677333322379]], "inverted": false, "swapped": false, "error_lsq": 0.0484404289363263, "error_max": 0.30396990949213293, "target": "4.xyz", "model": "6.xyz", "model_rescale": 3.89814844738969, "target_rescale": 3.7855080009869324},
{"mapping": [1, 4, 10, 11, 5, 7, 6, 0, 3, 8, 12], "R": [[0.37662684023471826, -0.5082542436242068, -0.7744868281983868], [-0.2909440475994481, 0.7288459458984488, -0.6197863731269394], [0.8794906391663657, 0.45876051593983236, 0.1266293987719945]], "T": [-0.05728320997337475, -0.014989073935624646, -0.053585436960149786], "aligned_model": [[-0.5223422647356877, -0.1320417880685843, 0.3477419518204029, 0.5896566888314753, 0.1007218846242032, -0.307743569835594, -0.06365716548106842, -0.6286375944840186, -0.3932951523562327, 0.3498912759348067, -0.002094663804497361], [-0.7187959269895915, 0.2048875795031339, -0.39416720374429787, 0.4353932774730585, -0.7587532732685198, 0.5920509111553106, -0.2901563077029425, -0.0947560910288455, 0.29608728759935377, 0.27098785990903457, -0.07557475459134794], [0.002740411561612595, -0.6548850300566599, -0.534295565042394, -0.23788105301480733, 0.10270215018846499, -0.046748465083597354, 0.5641671163974277, 0.08132852730160472, 0.6117786803020977, 0.4047953039626659, -0.2008712992710989]], "inverted": true, "swapped": false, "error_lsq": 0.04955005984502498, "error_max": 0.20733754827457052, "target": "4.xyz", "model": "7.xyz", "model_rescale": 3.7474275329858107, "target_rescale": 3.7855080009869324},
{"mapping": [5, 2, 4, 13, 9, 1, 7, 0, 10, 12, 14], "R": [[0.6963306647700154, 0.4062705585033566, 0.5916653096086666], [0.12493449463128578, 0.7431687863275909, -0.6573366923271521], [-0.706763735170512, 0.5316431023927107, 0.4667340081096298]], "T": [-0.0989619621414316, -0.06517741552038757, 0.03287025937950552], "aligned_model": [[-0.4187663750515723, -0.2113888758363214, 0.3530928847574031, 0.7212531655898693, 0.21004567119683548, -0.3217979931630318, -0.214878188735792, -0.6733660166009686, -0.28696619359241615, 0.2528487592410661, -0.0718772353598667], [-0.706068725529097, 0.12121643309201004, -0.16476991474119818, 0.24031376546464, -0.7426622921162523, 0.5782418949664992, -0.5099906125301956, 0.24462745775306588, 0.07899935397657477, 0.3655641883302595, -0.03826819035196027], [0.03509067835079126, -0.7802761100561248, -0.5979653732061543, -0.17215196203482672, 0.1937085776092349, -0.28518243157117984, 0.5354459055284766, 0.12394254025259119, 0.7533775999265722, 0.29995359062998683, -0.013112238184050704]], "inverted": false, "swapped": false, "error_lsq": 0.04978895311746001, "error_max": 0.24698245402113278, "target": "4.xyz", "model": "8.xyz", "model_rescale": 4.019505241142653, "target_rescale": 3.7855080009869324},
{"mapping": [5, 11, 6, 10, 2, 9, 0, 8, 7, 1, 12], "R": [[0.553824473657459, -0.6404980145170822, 0.532015738280095], [0.5915109870908428, -0.14703633152334872, -0.7927768092994226], [0.5859976147808585, 0.7537523536360148, 0.2974292938822819]], "T": [-0.053148051265581926, -0.13668331683601237, 0.023903427451864752], "aligned_model": [[-0.3766562446284432, -0.3540937665140575, 0.32535266155590736, 0.6456464094982773, 0.296008979792606, -0.19352329418700112, -0.12118887870140319, -0.641327949351409, -0.5870443044585602, 0.4246572020596582, -0.07963121262036976], [-0.6178270295219923, 0.045633215546377726, -0.35728346245206377, 0.31550964280570587, -0.5919664489647376, 0.5270747214870386, -0.2725237965631587, 0.19486347570043505, 0.16111847307359023, 0.2144824035296301, -0.15187783632647925], [-0.31427980056485133, -0.4893624709737308, -0.5558677550975085, -0.3573938149640741, 0.16805196014764884, -0.060121087820349785, 0.656014088602614, 0.007839080822076634, 0.6916255813668242, 0.34746189033830993, -0.0011368946116422744]], "inverted": true, "swapped": false, "error_lsq": 0.04982013145325852, "error_max": 0.303672522953656, "target": "4.xyz", "model": "9.xyz", "model_rescale": 3.877068213659057, "target_rescale": 3.7855080009869324},
{"mapping": [8, 4, 2, 13, 9, 3, 11, 5, 12, 6, 15], "R": [[-0.1078817809349974, 0.3331729731312854, 0.9366735244027946], [0.6938324306162398, -0.6495418668386982, 0.3109532464034739], [0.7120098872680448, 0.6834406581397967, -0.16109248037691715]], "T": [-0.04172674541391617, -0.08051976621851627, 0.0030502765151258163], "aligned_model": [[-0.3078090544618173, -0.20691763312226796, 0.2872619992793038, 0.5932736579286965, 0.2988806139021505, -0.16359788649153062, -0.19718625568185547, -0.7198826293698791, -0.35801310880293297, 0.2276471034220379, -0.11545720415670055], [-0.8023300611355569, 0.16173993745031312, -0.3421579615780825, 0.2645742276485742, -0.64585600055633, 0.5332248953448234, -0.47613075637136576, 0.30769623421560305, 0.21381879248308694, 0.3522311466704552, -0.09960709585717463], [-0.05622061660797375, -0.6069602859683353, -0.5104350869994282, -0.2714003003019957, -0.002133623959358488, -0.10290376117653957, 0.6063574631134941, 0.02275754180922488, 0.6125771134215441, 0.35013665204996886, 0.0510556818647152]], "inverted": false, "swapped": false, "error_lsq": 0.046388466039612726, "error_max": 0.24987090303418472, "target": "4.xyz", "model": "10.xyz", "model_rescale": 4.260839863003843, "target_rescale": 3.7855080009869324},
{"mapping": [8, 1, 7, 0, 10, 3, 9, 2, 4, 5, 11], "R": [[0.4743424114859067, 0.7658135451420128, -0.4341991371971594], [-0.5405309476856125, -0.13594076059936577, -0.8302688746434855], [-0.6948565112739671, 0.6285298112935368, 0.34946345310415927]], "T": [-0.014712557088611578, -0.07108580174751639, 0.0162267821248605], "aligned_model": [[-0.3985531519549112, -0.29943396976796505, 0.3510710233584388, 0.5653904621284236, 0.3064682364583254, -0.14718649731482764, -0.40565587171462175, -0.6684196463247825, -0.25257483743143044, 0.2901554800945266, -0.0030616250859708087], [-0.6430947269042833, 0.1315785110082608, -0.3687226101917847, 0.2944246522360556, -0.4930048063770028, 0.619782834207713, -0.5568849304673018, 0.13563724859444382, 0.04679958880112575, 0.36945906179283994, -0.06877146438572004], [-0.1864690351295388, -0.617114781834425, -0.43898781761540656, -0.5314198782128354, 0.3511313109554276, -0.07855852489615761, 0.5131128781685486, -0.0007952060415573753, 0.698595765070693, 0.4280357249129056, -0.044699658132337554]], "inverted": false, "swapped": false, "error_lsq": 0.05289666499603505, "error_max": 0.28234465298895656, "target": "4.xyz", "model": "11.xyz", "model_rescale": 3.890672605050136, "target_rescale": 3.7855080009869324},
{"mapping": [12, 11, 9, 6, 5, 1, 7, 4, 3, 8, 13], "R": [[-0.821453626704877, -0.5102059579226943, -0.25476228071202167], [0.3157160761495718, -0.03484282193884253, -0.9482137612479881], [0.4749076735894281, -0.8593461806859471, 0.18970198550978096]], "T": [-0.06601561090806982, 0.04803053317215093, -0.1149435472721993], "aligned_model": [[-0.3278106726297194, -0.1746141346353518, 0.37144535423068026, 0.40814015409899607, 0.3140554316766283, -0.12641248648309916, -0.1959740203268193, -0.739141141898572, -0.37280450358164596, 0.34561067730097594, -0.16429505530686836], [-0.6485504878264219, 0.0814573003033401, -0.4374043899358873, 0.3286197340042986, -0.5915167057934132, 0.8134570601091434, -0.508577645187429, 0.09433853940605151, 0.22704031015125975, 0.15987437874403776, -0.05153473566063367], [-0.07792498992839433, -0.6533218304325292, -0.5377925220000185, -0.2837758748297442, 0.11198708872735938, -0.2405331155977034, 0.5177193312665849, 0.07430399409237692, 0.7376403084745806, 0.46578513197575083, -0.02125674450294658]], "inverted": false, "swapped": false, "error_lsq": 0.04166210929934061, "error_max": 0.22078403119387055, "target": "4.xyz", "model": "12.xyz", "model_rescale": 4.124412569039231, "target_rescale": 3.7855080009869324},
{"mapping": [3, 5, 7, 10, 9, 4, 6, 0, 1, 2, 12], "R": [[-0.5885983247184304, -0.3378777525772958, 0.7344321864215734], [-0.768635049580495, -0.047611114713860536, -0.6379132717792393], [0.25050383768526796, -0.9399850031085706, -0.2316808607458407]], "T": [-0.057028456832656796, -0.13168427419657516, 0.0073234831792587446], "aligned_model": [[-0.5128092362812633, -0.2151919469723445, 0.22479242994564408, 0.546598077780903, 0.28262597035252063, -0.18768644655914907, -0.1766056032580485, -0.605390211505976, -0.3646380726828061, 0.31786604890420866, 0.028638592721516254], [-0.6801149184263996, 0.13484904428762798, -0.32697079817569896, 0.22186728004344144, -0.6702526196166546, 0.637443879489352, -0.49712715781345485, 0.0026585478360286185, 0.17270423148235994, 0.5176883235722278, -0.04554245436448359], [-0.008203439271997258, -0.6838278603026473, -0.517574445797116, -0.22772114556686784, 0.06407098889870919, -0.09089376926569331, 0.5548320398709508, -0.12691058691451418, 0.6969525579403228, 0.43178178794455435, 0.0003246497096154972]], "inverted": true, "swapped": false, "error_lsq": 0.04354078778179005, "error_max": 0.2702555636680919, "target": "4.xyz", "model": "13.xyz", "model_rescale": 3.9028299243045295, "target_rescale": 3.7855080009869324},
{"mapping": [1, 8, 12, 13, 11, 4, 9, 3, 7, 10, 15], "R": [[-0.6612841122186615, -0.4634661838117421, -0.5898325350386815], [-0.2320912081309674, 0.8741304287606357, -0.42664934621191586], [0.7133281110649465, -0.14524148848634041, -0.6856149910750111]], "T": [-0.16477760731256708, -0.04966374882250354, -0.10783231418802632], "aligned_model": [[-0.2924427190710711, -0.14222920120572208, 0.3175745860832225, 0.6025522302221307, 0.19910377905614535, -0.28953905435391203, -0.08874607792165126, -0.7373382950471896, -0.29028299763846993, 0.2252058725580603, -0.16565852023633726], [-0.6860066801816447, 0.12081761432514895, -0.34185778175274983, 0.12305254746022248, -0.668452058425123, 0.6072183650389222, -0.35573688456801705, 0.13724247311520615, 0.21734149273560763, 0.3822268522336965, -0.0686425816669233], [-0.13894579505645588, -0.8607830654055164, -0.5155077949409348, -0.22626099830883445, 0.06694769866082005, 0.003089927512198179, 0.6002523548855591, 0.05319491425480151, 0.7486631929903872, 0.3577168198421903, 0.004463522811101489]], "inverted": true, "swapped": false, "error_lsq": 0.046407369354565506, "error_max": 0.2513260956957213, "target": "4.xyz", "model": "14.xyz", "model_rescale": 3.942246331269136, "target_rescale": 3.7855080009869324},
{"mapping": [8, 13, 12, 3, 0, 10, 7, 6, 9, 5, 14], "R": [[0.09615935227247614, 0.7510378423884588, 0.6532193645866803], [-0.9923180780392974, 0.12365089151666668, 0.003910118096478454], [-0.07783451012843029, -0.6485773788281719, 0.7571586179298532]], "T": [-0.05677301273940075, 0.04239928973106613, -0.04558391983342445], "aligned_model": [[-0.4624578107552121, -0.13050488919820927, 0.4238476831337983, 0.5374152135921847, 0.1527985921309372, -0.39734964079785495, -0.3506715329446636, -0.5678408264750346, -0.3085809305023598, 0.4390872211543321, 0.0024565231072872645], [-0.612131618390978, -0.036028184823170314, -0.2670246374515163, 0.36782314490126844, -0.6171950965382484, 0.662683507479892, -0.42582703982774994, -0.06110440616211214, 0.3069279317387692, 0.18207516752281358, -0.03299541013462218], [-0.1220696130027609, -0.8514018819900295, -0.6298243139761251, -0.28555807818330664, 0.2028762800021521, 0.04527622365766946, 0.6066179448205142, 0.15661910694499137, 0.6718975616292018, 0.325081476170939, -0.026683928827929408]], "inverted": true, "swapped": false, "error_lsq": 0.04762384464055944, "error_max": 0.22601341802705144, "target": "4.xyz", "model": "15.xyz", "model_rescale": 4.355366556412066, "target_rescale": 3.7855080009869324},
{"mapping": [6, 4, 2, 0, 8, 5, 10, 3, 7, 9, 11], "R": [[-0.6538252470984232, 0.7316517835362606, -0.1928683849284149], [0.5465323384961833, 0.2803835744756985, -0.7891054771968853], [-0.5232733026197491, -0.6213458930518811, -0.5831932200848884]], "T": [0.022035529226377117, -0.03677328989078866, 0.06521472224159885], "aligned_model": [[-0.511102582308631, -0.2593522121871287, 0.46547103842484366, 0.39479384323702, 0.2804534031129049, -0.11350925429613976, -0.09767360924808899, -0.6168098034468904, -0.48962797494206717, 0.3417449605864524, -0.0561882064870697], [-0.6099343861521589, -0.01733890753381024, -0.40336035487663635, 0.3667777633303384, -0.7579394576702181, 0.588265058872823, -0.46217040928164743, 0.11139814780683871, 0.33204299296441575, 0.3997850648604969, -0.0803221540060956], [-0.18647173897723557, -0.6522620891616353, -0.542818397507614, -0.38435378796180414, 0.07846903169890262, -0.016727673083960087, 0.514595197528354, 0.03457365810681714, 0.699750873916738, 0.5723184469649346, -0.02424274427818121]], "inverted": true, "swapped": false, "error_lsq": 0.04354174931072936, "error_max": 0.25185563833753716, "target": "4.xyz", "model": "16.xyz", "model_rescale": 3.795458400668931, "target_rescale": 3.7855080009869324},
{"mapping": [1, 4, 10, 11, 5, 7, 6, 0, 3, 8, 12], "R": [[0.37662684023471826, -0.5082542436242068, -0.7744868281983868], [-0.2909440475994481, 0.7288459458984488, -0.6197863731269394], [0.8794906391663657, 0.45876051593983236, 0.1266293987719945]], "T": [-0.05728320997337475, -0.014989073935624646, -0.053585436960149786], "aligned_model": [[-0.5223422647356877, -0.1320417880685843, 0.3477419518204029, 0.5896566888314753, 0.1007218846242032, -0.307743569835594, -0.06365716548106842, -0.6286375944840186, -0.3932951523562327, 0.3498912759348067, -0.002094663804497361], [-0.7187959269895915, 0.2048875795031339, -0.39416720374429787, 0.4353932774730585, -0.7587532732685198, 0.5920509111553106, -0.2901563077029425, -0.0947560910288455, 0.29608728759935377, 0.27098785990903457, -0.07557475459134794], [0.002740411561612595, -0.6548850300566599, -0.534295565042394, -0.23788105301480733, 0.10270215018846499, -0.046748465083597354, 0.5641671163974277, 0.08132852730160472, 0.6117786803020977, 0.4047953039626659, -0.2008712992710989]], "inverted": true, "swapped": false, "error_lsq": 0.04955005984502498, "error_max": 0.20733754827457052, "target": "4.xyz", "model": "17.xyz", "model_rescale": 3.7474275329858107, "target_rescale": 3.7855080009869324},
{"mapping": [4, 2, 0, 1, 8, 7, 5, 9, 12, 11, 13], "R": [[0.44481983563198574, 0.01630283233689079, 0.8954716810073496], [-0.058178452894557066, -0.9971966368187047, 0.047054597397704845], [0.8937284718789756, -0.07302797529207225, -0.4426243705193056]], "T": [0.012371500255092947, -0.03421751987505829, 0.05600829163724512], "aligned_model": [[-0.35988226790031574, -0.15036246046306503, 0.21519205688568233, 0.49564601156226984, 0.31360759215165807, -0.17636508467148207, -0.3250788049701848, -0.6558218308851965, -0.426525321095069, 0.41132030005415104, -0.0035305882232430745], [-0.7624738088209457, 0.16967883056577843, -0.45712400786838103, 0.28200073712245266, -0.6809205561500559, 0.6950168719015642, -0.4184237854997591, -0.017977884769628756, 0.2504178172873964, 0.45688674302181365, -0.049877598475888754], [-0.08645479735590071, -0.6041255282171621, -0.6362028864017119, -0.32474120274448365, 0.14481398419286468, 0.059879389250351474, 0.5676065457667743, 0.024733504230118317, 0.590413782215925, 0.40442344617198317, -0.047515459863442466]], "inverted": true, "swapped": false, "error_lsq": 0.047930928892486735, "error_max": 0.23057316720827337, "target": "4.xyz", "model": "18.xyz", "model_rescale": 3.922800546911778, "target_rescale": 3.7855080009869324},
{"mapping": [13, 10, 9, 2, 7, 1, 12, 8, 5, 0, 14], "R": [[0.4900336115405884, 0.7800980541497937, -0.38899111233059497], [-0.34498047955239386, -0.23625666333729306, -0.9083893756294872], [-0.8005345266059976, 0.5793356668982454, 0.15334489483278252]], "T": [-0.18472447272592155, -0.04418620900125519, -0.04654347302054469], "aligned_model": [[-0.5450849991307557, -0.04838056082071654, 0.5180918977099747, 0.37701264688654634, 0.21656442226910186, -0.19818670945978764, -0.17973487488186485, -0.761602001248519, -0.27023897085117793, 0.3533278875231475, -0.12356913555074382], [-0.6286888001040278, 0.02146400553233741, -0.21553084115096544, 0.27265045197305354, -0.7302707622125263, 0.69589505343109, -0.4823517999730266, 0.04884979470562654, 0.22618064669434512, 0.3776325380217938, -0.11862692860335414], [-0.06417182585230805, -0.8388193304599756, -0.41995122922785416, -0.3583044415524077, 0.033869384516164294, -0.05557215589865307, 0.6066028072017545, 0.13497036425235254, 0.6620627322425586, 0.43409281146824547, -0.041948339444560646]], "inverted": false, "swapped": false, "error_lsq": 0.04862605816890795, "error_max": 0.2230669251920171, "target": "4.xyz", "model": "19.xyz", "model_rescale": 3.9282355846067225, "target_rescale": 3.7855080009869324},
{"mapping": [7, 10, 1, 0, 5, 11, 6, 9, 8, 4, 13], "R": [[-0.6092375053583546, -0.4959380312651873, -0.6187690451287452], [-0.7336693062024517, 0.05640238965540145, 0.6771618119604601], [-0.30093024308158534, 0.866524229081894, -0.3982169624876465]], "T": [-0.12396445552275656, -0.14266661435836842, 0.0512795679079002], "aligned_model": [[-0.5218950425708252, -0.26788012362018543, 0.46411153645914816, 0.44802827791961297, 0.25824154686471423, -0.10419200273351889, -0.013030517842391148, -0.6828395650381044, -0.39699290472316595, 0.18275261423624953, -0.028104216506328883], [-0.6160637553768888, 0.06872933924261601, -0.2688769330670596, 0.33492808936015156, -0.7269825435856088, 0.5487381312868032, -0.5348226461865284, 0.26449340239833746, 0.21720054133769123, 0.3037366704648715, -0.12387693756003881], [-0.023848131023274793, -0.77141987919819, -0.3956414311652714, -0.24013868832527427, 0.06483017080545303, -0.13562067055098334, 0.5619177590262147, 0.06871969281203619, 0.6633029949976099, 0.3768814588073274, -0.07615249894033091]], "inverted": false, "swapped": false, "error_lsq": 0.04339932460286437, "error_max": 0.18693699848831524, "target": "4.xyz", "model": "20.xyz", "model_rescale": 4.067790424073018, "target_rescale": 3.7855080009869324},
{"mapping": [9, 3, 0, 2, 7, 6, 1, 11, 13, 5, 14], "R": [[-0.5031073981850902, 0.18573865158926947, -0.8440284943040899], [-0.7438394357738514, -0.5902774221621968, 0.313489168350663], [-0.43998390843196494, 0.7855403988283172, 0.43513267187098303]], "T": [-0.027314577191590056, -0.013120232383672277, 0.026891633810872687], "aligned_model": [[-0.3700049665507673, -0.25538522585581225, 0.3698150593860208, 0.4102087975791051, 0.2698055311112241, -0.038998156943409995, -0.04590531588359341, -0.6174561051893306, -0.4699320461980667, 0.18034166896850282, -0.09428963797866727], [-0.7048070877534954, 0.23291201961081692, -0.33124241636714746, 0.3107855742480354, -0.6942556788153302, 0.7185434077801232, -0.5362957576841737, 0.20150124390506097, 0.15413311471312685, 0.16499568241710452, -0.049066743739775216], [0.11734875414062487, -0.754899212162154, -0.4686326918586928, -0.4804349439459571, 0.09351071565125933, -0.08305705568481188, 0.6587514722562742, -0.12706567464600005, 0.5428757412138197, 0.5499783619767353, 0.0444553103042189]], "inverted": false, "swapped": false, "error_lsq": 0.055859925444034515, "error_max": 0.2407742821799105, "target": "4.xyz", "model": "21.xyz", "model_rescale": 4.186013935880536, "target_rescale": 3.7855080009869324},
{"mapping": [2, 9, 1, 7, 0, 4, 5, 11, 3, 6, 12], "R": [[0.6928008092030042, 0.5507902111096208, 0.46546447996972007], [0.4014373421151449, 0.241638162585243, -0.8834359392383557], [-0.5990618491634989, 0.7988999572714015, -0.053700643837502254]], "T": [-0.12525989505443058, -0.03437671920881915, -0.10464757249685913], "aligned_model": [[-0.31302713730394854, -0.27527769742296326, 0.4062753332196668, 0.4832579332131295, 0.37811567940494006, -0.07826319687510042, -0.35835134717685824, -0.6934408969728525, -0.2867296554981985, 0.21273049301398955, -0.13708990515659933], [-0.7515477320421815, -0.014292339882793721, -0.3851204041640007, 0.31057947899272403, -0.47690027069014596, 0.671819878184877, -0.4769998940237844, 0.22861402886566282, 0.22016630564293757, 0.14760373271300142, -0.006719425281950429], [-0.09423585051769635, -0.7067622101846804, -0.46460924337309195, -0.3260860828868165, 0.1647487497282658, 0.05873487747336395, 0.48551501203306074, -0.021147906640870434, 0.7679772149680273, 0.298463406898249, -0.06976719025249481]], "inverted": true, "swapped": false, "error_lsq": 0.04913343856223436, "error_max": 0.21168183335435584, "target": "4.xyz", "model": "22.xyz", "model_rescale": 4.166573947596378, "target_rescale": 3.7855080009869324},
{"mapping": [13, 12, 6, 2, 5, 3, 7, 9, 8, 4, 15], "R": [[-0.2526912608825083, 0.21845332220952332, -0.9425631398952702], [0.44800770843587684, -0.8370358834369236, -0.3141019309412206], [-0.8575757808238539, -0.5016463653357723, 0.11364288050628774]], "T": [-0.13878243533564777, -0.004851546871206411, -0.03648712213926434], "aligned_model": [[-0.3602970988566623, -0.253950006954675, 0.39209510982055, 0.418623699634834, 0.20234821336359116, -0.08509109884155636, -0.16023532503138826, -0.6610621197971736, -0.3425693239634586, 0.2678645377687577, -0.07952698469761402], [-0.8203787967553396, -0.05699298558296946, -0.2454280990118305, 0.3116607742541222, -0.7542712353391581, 0.593120153852361, -0.5014550888657023, 0.2898697354595802, 0.29809448470094757, 0.39240712928723837, -0.0394227136849031], [-0.0880593766695688, -0.6794482842988933, -0.5257718925704752, -0.2412494000671522, 0.07780195107414511, -0.005282354309540813, 0.4776279848673662, -0.007983381645077198, 0.6851594299894531, 0.42899896449110814, -0.028962863616048648]], "inverted": false, "swapped": false, "error_lsq": 0.04654399046283999, "error_max": 0.21838281260376213, "target": "4.xyz", "model": "23.xyz", "model_rescale": 4.274766983524099, "target_rescale": 3.7855080009869324},
{"mapping": [8, 0, 1, 2, 9, 3, 7, 6, 5, 4, 10], "R": [[-0.2661423353443043, 0.9513342192855068, -0.15534304153683756], [-0.8116613963023394, -0.30810275977018575, -0.4962645133137492], [-0.5199750331410318, -0.005991046522183852, 0.8541604487867326]], "T": [-0.14899113297867322, -0.05142291667191239, -0.049848528067227116], "aligned_model": [[-0.5022416167497725, -0.3083116950250674, 0.3899229646533255, 0.6067169356984581, 0.33862558226343636, -0.1833372240138697, -0.2512428469994433, -0.7998091602026507, -0.22790361379880691, 0.3899184793092542, -0.11413820268965857], [-0.696121863826512, 0.04101733178867179, -0.24887974709140342, 0.517565107348741, -0.708153928982416, 0.5086095678251449, -0.39251166394573206, 0.09472815891135053, 0.3133244426924769, 0.14631553092275026, -0.10868957732872594], [-0.11758692897536616, -0.7655587355772322, -0.35898567562149053, -0.2332319085221808, 0.19222537083018437, -0.08446422003741444, 0.4738264951530799, 0.05060451898886771, 0.6760806233103904, 0.347840474844655, -0.08791923714817695]], "inverted": false, "swapped": false, "error_lsq": 0.048587087901403286, "error_max": 0.2694198191372032, "target": "4.xyz", "model": "24.xyz", "model_rescale": 3.7841303162186577, "target_rescale": 3.7855080009869324},
{"mapping": [2, 3, 13, 11, 9, 6, 8, 4, 1, 7, 15], "R": [[0.23229188763706166, 0.9726422775771135, 0.0027347408682257685], [0.9592436618168769, -0.22862499731117847, -0.1660789206028651], [-0.1609101494690744, 0.04120206880812237, -0.9861086721674093]], "T": [0.062379014508137896, -0.14171253594668193, 0.09152923941249716], "aligned_model": [[-0.4850240454285941, -0.22219287075146518, 0.38041142739281997, 0.5233207699204544, 0.16971973010373398, -0.1595124791486891, -0.24057301147047952, -0.643448963402538, -0.43609163724339006, 0.4100700601628682, 0.04152062231048448], [-0.6604662983371445, 0.1418571134326868, -0.18975094197471784, 0.3338678379835074, -0.7156883449638649, 0.5117806200017401, -0.34544487535732843, 0.056150399266051976, 0.07723769382220294, 0.34224676911191076, -0.0845866146706982], [0.09764903555810235, -0.6067608032659078, -0.6215960603575175, -0.2967793688007633, 0.12574107895116018, -0.12233359610209787, 0.556471157798632, -0.0476162503666657, 0.5981101313041706, 0.3517212606563922, 0.05822419186981141]], "inverted": false, "swapped": false, "error_lsq": 0.047883991954953936, "error_max": 0.21691839813979794, "target": "4.xyz", "model": "25.xyz", "model_rescale": 4.19342608120988, "target_rescale": 3.7855080009869324},
{"mapping": [6, 4, 2, 0, 8, 5, 10, 3, 7, 9, 11], "R": [[-0.6538252470984232, 0.7316517835362606, -0.1928683849284149], [0.5465323384961833, 0.2803835744756985, -0.7891054771968853], [-0.5232733026197491, -0.6213458930518811, -0.5831932200848884]], "T": [0.022035529226377117, -0.03677328989078866, 0.06521472224159885], "aligned_model": [[-0.511102582308631, -0.2593522121871287, 0.46547103842484366, 0.39479384323702, 0.2804534031129049, -0.11350925429613976, -0.09767360924808899, -0.6168098034468904, -0.48962797494206717, 0.3417449605864524, -0.0561882064870697], [-0.6099343861521589, -0.01733890753381024, -0.40336035487663635, 0.3667777633303384, -0.7579394576702181, 0.588265058872823, -0.46217040928164743, 0.11139814780683871, 0.33204299296441575, 0.3997850648604969, -0.0803221540060956], [-0.18647173897723557, -0.6522620891616353, -0.542818397507614, -0.38435378796180414, 0.07846903169890262, -0.016727673083960087, 0.514595197528354, 0.03457365810681714, 0.699750873916738, 0.5723184469649346, -0.02424274427818121]], "inverted": true, "swapped": false, "error_lsq": 0.04354174931072936, "error_max": 0.25185563833753716, "target": "4.xyz", "model": "26.xyz", "model_rescale": 3.795458400668931, "target_rescale": 3.7855080009869324},
{"mapping": [8, 10, 5, 7, 6, 3, 1, 9, 2, 0, 12], "R": [[-0.618303319544015, -0.7836196624628123, -0.060342602218668384], [-0.026537097405650967, 0.09754915178605988, -0.9948768493874525], [0.7854914305720562, -0.6135343410009653, -0.08110995567978274]], "T": [-0.28111423187384194, -0.07935134548736274, -0.04547681316436697], "aligned_model": [[-0.27951100254171674, -0.13555226535892198, 0.25380198164550943, 0.3908560280093853, 0.3180609917608606, -0.09748923718638844, -0.24152995126291488, -0.6020973370153262, -0.39814450580117955, 0.256973095422341, -0.12716819522644282], [-0.7974754538617141, 0.11283591074520534, -0.4113952168534098, 0.2520915840073861, -0.6218321766062298, 0.6351327525346812, -0.4115934814048115, 0.123448296895784, 0.3196587066568243, 0.30853443952578635, -0.042202003325155814], [-0.16814263861475126, -0.7159708108670597, -0.4583593386877927, -0.3598168407615909, 0.12152785421578077, -0.015965902512263368, 0.44278686396179, 0.15506356027302104, 0.7303645412191102, 0.45580139111036294, -0.09445790209129075]], "inverted": false, "swapped": false, "error_lsq": 0.04174059898045454, "error_max": 0.22365021314490457, "target": "4.xyz", "model": "27.xyz", "model_rescale": 3.6321398670334006, "target_rescale": 3.7855080009869324},
{"mapping": [3, 4, 1, 13, 5, 9, 0, 8, 10, 11, 14], "R": [[0.3611249217767608, 0.7001232621281366, 0.6159677010191246], [-0.6064773149139757, -0.32542980018906187, 0.7254520739812121], [0.7083601184189178, -0.6355492608570673, 0.3070880649871839]], "T": [-0.18593370298631048, 0.02198725737869814, -0.05154321005524782], "aligned_model": [[-0.3999756064305887, -0.11012789059492523, 0.22813339909151722, 0.4753779849638322, 0.24709103894157372, -0.11705830570177725, -0.12405475354450612, -0.6817732993351824, -0.33527302510575907, 0.2834006763007104, -0.12754061613968987], [-0.6288611063524038, -0.12953238352213337, -0.36086644348155883, 0.46220883414923664, -0.725347037468672, 0.6690524865255374, -0.3336787761906975, 0.026136143120978755, 0.26121889969324597, 0.2042442428023153, 0.022628499038497334], [-0.09783090778100059, -0.8625688135894375, -0.411041019312522, -0.23955689742998165, 0.10954790140679405, 0.10055849965991356, 0.4574600928818144, 0.09390608431996927, 0.6731205886686807, 0.34724679496277605, -0.07801154654168994]], "inverted": true, "swapped": false, "error_lsq": 0.047315643064098876, "error_max": 0.2450928838148183, "target": "4.xyz", "model": "28.xyz", "model_rescale": 4.156811204709835, "target_rescale": 3.7855080009869324},
{"mapping": [4, 4, 6, 8, 3, 2, 0, 1, 5, 10], "R": [[0.07688016658936511, -0.6394282748665808, -0.7649973341694337], [0.9773041401419406, -0.10357767636959966, 0.18479253940377874], [-0.19739822098138093, -0.7618419430951693, 0.616952831336694]], "T": [-0.020874071159141555, -0.006591757411171118, 0.08378487883415389], "aligned_model": [[-0.3525794010110014, -0.3525794010110014, 0.120611477549496, 0.7359072977143732, -0.11706410445862445, -0.6307608240830935, -0.4952355209389948, -0.5419720785923456, 0.3621388349375507, -0.08554090599577077], [-0.3753085795308623, -0.3753085795308623, 0.023444556641289815, 0.33268699690615766, -0.47698445659378125, -0.27753630055949896, 0.38690280722937254, 0.3496430479209558, 0.29229682610252294, 0.03888401204090963], [-0.4581841088813753, -0.4581841088813753, -0.6410704184388099, -0.30819902217315964, 0.6750106996032098, 0.21020950528419477, -0.46426952387695763, 0.5596835034685167, 0.6143755594898309, 0.029414641381024648]], "inverted": true, "swapped": true, "error_lsq": 0.06921836535652633, "error_max": 0.33298942616108024, "target": "4.xyz", "model": "29.xyz", "model_rescale": 4.117894457231895, "target_rescale": 3.7855080009869324},
{"mapping": [1, 13, 7, 10, 8, 11, 0, 3, 2, 9, 14], "R": [[-0.2703562347217793, -0.32137403338030884, 0.9075385595201643], [-0.18173052686246766, 0.9427314603179386, 0.27969878321704816], [-0.9454530776053102, -0.0893091506827801, -0.31327680037144207]], "T": [-0.03092178826317088, -0.010906494100167585, -0.011617552583308663], "aligned_model": [[-0.293001019596346, -0.13450652930737192, 0.22198677514171639, 0.49821184679349256, 0.2972950184267736, -0.09975265524699198, -0.4985809194980925, -0.5612564621229628, -0.4212940443679161, 0.3243049248616703, 0.004792667361233786], [-0.8288333686909695, 0.08613180854404348, -0.2868845163903616, 0.25950266321867904, -0.6158841876479566, 0.7064371233334061, -0.4024288488599927, 0.03114884437826365, 0.16291173752975074, 0.3607085330435694, -0.005606430144086462], [0.03876629586737725, -0.7880903928505338, -0.5472265990186448, -0.4131364793887409, 0.15590977286838842, 0.06702134737358913, 0.4598563426840345, 0.11773732080501449, 0.7116787746987389, 0.34269906640858067, -0.0523846722024874]], "inverted": false, "swapped": false, "error_lsq": 0.04963462820334104, "error_max": 0.33265135465470563, "target": "4.xyz", "model": "30.xyz", "model_rescale": 4.100398675895297, "target_rescale": 3.7855080009869324},
{"mapping": [2, 10, 8, 9, 1, 7, 0, 4, 3, 6, 11], "R": [[-0.651185674812647, 0.14859038047823758, -0.7442298809831075], [-0.2903923901851788, -0.954801409060698, 0.06345493659475701], [-0.7011629458559091, 0.2574396396925662, 0.6649025156168573]], "T": [-0.1289773041993485, -0.057451356098962486, -0.026956918848958546], "aligned_model": [[-0.22430751652312594, -0.3246736529773837, 0.3747200970714859, 0.4745317752381708, 0.25937608748467444, -0.07170526253527347, -0.4269726375376949, -0.7185425930213029, -0.3336883642836007, 0.477699227283198, -0.14823755775394248], [-0.7355300264140966, 0.04017536312553552, -0.3586199755309537, 0.2854794464160243, -0.46117220197842723, 0.5887815586530641, -0.4918394392299339, 0.1641526833781223, 0.17087297986383354, 0.3106394984023023, -0.04573652837112478], [-0.11463860749548249, -0.7088116794406544, -0.4665299378350089, -0.3468428111094033, 0.2499784163267715, -0.035419298206820486, 0.3772384281504849, 0.06668783044980278, 0.7542254235654576, 0.4093664839815691, -0.09242347114140001]], "inverted": true, "swapped": false, "error_lsq": 0.054167853716429785, "error_max": 0.3004620866612185, "target": "4.xyz", "model": "31.xyz", "model_rescale": 3.8381024199148657, "target_rescale": 3.7855080009869324},
