[{"mapping": [10, 7, 8, 11, 5, 1, 12, 6, 9, 2, 0, 1, 3, 13], "R": [[0.9054227563760608, -0.41135724989413275, -0.1048563073730548], [0.20734421648015558, 0.6440703522939712, -0.7363299241428058], [0.37042949144014836, 0.6449485206242866, 0.6684485003468386]], "T": [-0.048864862138051454, -0.028242498761551552, 0.12121712039791277], "aligned_model": [[-0.43949329022707917, 0.27686430988852956, 0.542596898148351, -0.006251263987129968, 0.07646451287105328, -0.48650480130326657, -0.591195417648325, 0.6784751336154532, -0.23362103562991882, 0.2644477139475758, -0.44285255376639254, -0.48650480130326657, 0.18180084198026986, -0.0005148766859055937], [-0.22026454317936828, 0.17111808094154357, -0.3046550570596595, -0.5549053666005402, -0.7185365157033179, -0.0834709966315395, 0.005563496884608773, -0.08942913964704176, 0.4675303032541996, 0.6341101460572279, 0.604542458698277, -0.0834709966315395, 0.08182771693985277, -0.019108457012752062], [-0.7876095353885045, -0.5311250813848577, -0.30814079015772783, -0.3347128585851812, 0.4043919398572446, 0.49332625773998795, -0.07841887633588185, 0.34876713631110795, -0.38555467923415077, 0.3544175684632187, 0.3206396142108242, 0.49332625773998795, 0.5771537238383228, -0.03408487715365671]], "inverted": true, "swapped": false, "error_lsq": 0.050187803081216086, "error_max": 0.4148316266003684, "target": "40.xyz", "model": "0.xyz", "model_rescale": 3.8414455957264533, "target_rescale": 3.9442277434711586},
{"mapping": [11, 12, 8, 13, 9, 7, 0, 6, 1, 10, 3, 4, 2, 14], "R": [[-0.9871280454206475, -0.1028246437635087, 0.12249618189527174], [0.0788017323268958, 0.353794286069126, 0.9319977951299657], [-0.13917079049244574, 0.9296540731797741, -0.3411375020339494]], "T": [-0.03028474828240478, -0.019476812556182374, 0.10722355622524973], "aligned_model": [[-0.2675064136798777, 0.29254011547176084, 0.5900309874973652, -0.09640304689405733, 0.13602041731303838, -0.3792701148901843, -0.7181126843468988, 0.6006403247216145, -0.5127686435872515, 0.46997224636952706, -0.2992414342287705, -0.4362022366405615, -0.0011392715446817449, -0.04484887566107426], [0.07013276091047703, 0.09619641416266837, -0.3463636321840784, -0.5955424957550359, -0.6543056098925841, -0.45459640508310334, -0.201795696135678, 0.01616332960402401, 0.5811494262032219, 0.4167477700943374, 0.7077818298262214, 0.16226651612524717, 0.03623966471518032, 0.05677725771905291], [-0.7063865518358204, -0.5744606491291258, -0.25699587296288806, -0.38126769228250823, 0.29389082695617136, 0.4263397673897119, -0.031231940475861447, 0.5662339115608516, -0.28642006845821233, -0.059606756378865394, 0.2173782211510103, 0.42030116636847015, 0.8425132562514577, 0.062088181766341906]], "inverted": true, "swapped": false, "error_lsq": 0.04787364965762841, "error_max": 0.3261579228926703, "target": "40.xyz", "model": "1.xyz", "model_rescale": 4.316132596720782, "target_rescale": 3.9442277434711586},
{"mapping": [5, 12, 4, 0, 3, 6, 2, 8, 7, 10, 9, 13], "R": [[0.5415440731714258, 0.4467878900318175, 0.7121169834611574], [0.37919466927535805, 0.6261925697020534, -0.681244646542702], [-0.7502942220263018, 0.6389549647438821, 0.1696912885892819]], "T": [-0.04093562983707483, 0.06493322215790848, -0.0662851246367253], "aligned_model": [[-0.2515348389894969, 0.48447802285376057, 0.0784857026511214, -0.7912736778838312, -0.5781845501810039, -0.4218452522082764, -0.03325411948093457, -0.2635940339688628, 0.669486937211526, 0.34168270569763975, 0.4401249540262568, -0.07676329509611798], [-0.5439111972469872, -0.3357119934994459, -0.5317535044154658, 0.29287033395247825, -0.1786883551444347, -0.06629666122948874, 0.2539672428564749, 0.5879037784002841, 0.009424482235262877, 0.11642027071903724, 0.38371335526107725, 0.02483867585218795], [0.008819150514605259, 0.06447132455330741, -0.6032791901443172, 0.05350759172012651, -0.4617858922512942, 0.5151686520676141, -0.7493001630650441, 0.53046398118818, -0.5042811902772188, 0.6539687163605613, 0.018399350856630733, -0.07689387031372992]], "inverted": false, "swapped": true, "error_lsq": 0.044949882022896744, "error_max": 0.3090431974612964, "target": "40.xyz", "model": "2.xyz", "model_rescale": 3.795458400668931, "target_rescale": 3.9442277434711586},
{"mapping": [1, 9, 7, 11, 3, 5, 12, 8, 10, 6, 4, 13], "R": [[-0.8312967351194153, 0.27123730790846284, -0.48515570797257546], [-0.2758841570565999, -0.9590920847229106, -0.06348468245987354], [-0.48252841373847666, 0.08107216427622627, 0.8721201947636567]], "T": [0.04190690686817808, 0.021037980890982827, -0.08346155730664467], "aligned_model": [[0.11905305403444685, -0.16302097885024544, -0.7605748966703003, 0.25782525440506066, 0.07650732780043848, 0.124912712101125, -0.29319844590816857, 0.7154019937714321, 0.3081328020852325, 0.6900944166988133, -0.5328966842962252, 0.051067270571955904], [-0.15575013733441959, -0.5250147334241287, -0.20243185194203211, 0.10261687524251427, 0.6818369141707263, 0.5239984588974018, -0.09562797530066947, -0.4349972402979505, -0.5515158602762776, 0.10302708856230929, 0.5653046975659396, 0.07432280942629652], [-0.7417603657407503, -0.07694129336534304, -0.007922254294962405, 0.6223859185614193, -0.34144665991796985, 0.31756836669317556, 0.4890476578806458, -0.21620457174483562, 0.43530541736380374, 0.1877074960077058, 0.09551806001567784, -0.07448634081946676]], "inverted": false, "swapped": true, "error_lsq": 0.05118236624264904, "error_max": 0.260066195304649, "target": "40.xyz", "model": "3.xyz", "model_rescale": 3.7530521520055578, "target_rescale": 3.9442277434711586},
{"mapping": [5, 0, 6, 8, 11, 1, 12, 2, 7, 9, 13], "R": [[0.4707713216286938, -0.8763765212106365, -0.10167868902929561], [-0.6325267901698366, -0.4156107110105181, 0.6535882469955955], [-0.6150481464482409, -0.24337610803872028, -0.7499892316470341]], "T": [-0.12511052341712894, -0.03618717067950569, 0.021120524212634058], "aligned_model": [[-0.2825110565928347, -0.1018765884659422, 0.296778070883155, 0.5410000732370734, 0.21464540647567695, -0.20829844939348052, -0.014222606789447909, -0.7021078674737892, -0.400854737825323, 0.1501856685660564, -0.15453831017593908], [-0.6490161640998183, 0.09384806939681381, -0.3701934039851906, 0.25330395895115987, -0.6942719505915061, 0.6043662617185638, -0.42377726059465415, 0.36151877102244523, 0.09608093337685222, 0.26829083759084915, -0.072946694471169], [-0.12153256219480021, -0.761096727436163, -0.43806545909354205, -0.36833553469509744, 0.07577250081771408, -0.2098209341027725, 0.5607047497172156, 0.12698108433102598, 0.7996398074458881, 0.43550762362218753, -0.0069237711663395]], "inverted": true, "swapped": true, "error_lsq": 0.04692555324151244, "error_max": 0.2841641033877837, "target": "40.xyz", "model": "4.xyz", "model_rescale": 3.7855080009869324, "target_rescale": 3.9442277434711586},
{"mapping": [15, 13, 12, 14, 2, 3, 10, 1, 8, 6, 7, 5, 0, 16], "R": [[-0.4064305706532272, -0.666195119237253, 0.6252985321771951], [-0.6196563645905653, 0.7039097434030501, 0.3471844797289435], [-0.6714463352055002, -0.246363829014559, -0.6989024843942027]], "T": [-0.0050728089530375775, 0.019128350356727684, 0.02021534093486531], "aligned_model": [[-0.4119081212145445, 0.32325370183383134, 0.583034486259624, 0.07579584082458311, 0.05474786733807757, -0.3974134990091527, -0.7228352923109014, 0.580949701631307, -0.2895776151128568, 0.2490365347829992, -0.3287900476494983, -0.4697193985019437, 0.09672140180178429, -0.009584190773360896], [-0.1366397944378955, 0.21306409969943996, -0.24845215202825852, -0.5504537212808748, -0.6735204619060332, -0.41146554069099994, 0.13108636102611546, -0.10748476706744606, 0.4148008496748546, 0.6190116295765485, 0.6449483457348212, 0.14174091662472857, -0.1146077028023563, -0.03117693181269316], [-0.6794555963279164, -0.5957864986052447, -0.19331626579163008, -0.33578174288048146, 0.2701049108207493, 0.39846696263384707, -0.03676443973503764, 0.4824389605973876, -0.48753475755742537, -0.020350171578572093, 0.2750210603204599, 0.6715009541899479, 0.78194133501853, 0.0018910888161193934]], "inverted": false, "swapped": false, "error_lsq": 0.042287963287747816, "error_max": 0.23017802939393459, "target": "40.xyz", "model": "5.xyz", "model_rescale": 4.2253639853439635, "target_rescale": 3.9442277434711586},
{"mapping": [12, 9, 8, 11, 5, 6, 7, 10, 0, 1, 4, 3, 2, 13], "R": [[-0.6629899992626828, 0.6651967689595157, -0.3434494423397556], [0.21479001362546196, -0.2704633327894851, -0.9384640833101598], [-0.7171537568223723, -0.6959618123016703, 0.03643686173825572]], "T": [0.00805610678003938, 0.0073547445375528086, 0.02837599808857227], "aligned_model": [[-0.5081725966941993, 0.20400307034286225, 0.6656950269120584, -0.07426759581758194, 0.23708832576039449, -0.4633063315958956, -0.757111733384585, 0.6228929386066495, -0.3426727823908237, 0.45061088892489537, -0.03298131982504653, -0.5961724685436339, -0.030395001240399788, -0.04149905115474565], [-0.356878992120124, 0.19603590462462495, -0.20081686914940333, -0.7198344555919722, -0.4983546850255658, -0.383918372590337, 0.03848562476926649, -0.01756278058191479, 0.622189544836088, 0.5928113952345695, 0.5362090073914773, 0.17439046464140281, -0.11174397857757921, 0.019839322449417857], [-0.6587815349842483, -0.5180676264364922, -0.23627567030075014, -0.23614708978617027, 0.332585600124019, 0.2244391706234132, -0.17884432113884893, 0.507820741057433, -0.3484927641741451, 0.037944535783394726, 0.4969273938664426, 0.36006315441219966, 0.6875486753754714, 0.06165553549901501]], "inverted": false, "swapped": false, "error_lsq": 0.04695027437215352, "error_max": 0.3373732284613993, "target": "40.xyz", "model": "6.xyz", "model_rescale": 3.89814844738969, "target_rescale": 3.9442277434711586},
{"mapping": [9, 7, 2, 10, 1, 4, 12, 8, 6, 5, 3, 0, 13], "R": [[0.5528762767580783, 0.16315630006071474, -0.8171339206939237], [0.23215020141506948, -0.9719759822956645, -0.03699964625940742], [-0.8002712706208239, -0.1692415776069126, -0.575259230111135]], "T": [-0.05670813423905138, 0.06545391431455895, -0.0389362185404982], "aligned_model": [[0.08127778751631817, -0.05705394343365158, 0.41268616836350813, -0.41574642227838543, 0.6233332064435994, -0.3587159073230316, -0.5735239681251084, 0.17607222715609055, -0.35205051086741834, -0.5750785161139489, 0.021984764443355037, 0.2447015243695215, -0.07925460924662636], [-0.3214527718924179, 0.2060935060994964, 0.5166746625147883, -0.6654798617561817, 0.024573258073488688, 0.7514689649649038, -0.01682426859682208, -0.5973620623647872, -0.20800882256666892, 0.377412483868373, 0.6830655162741359, 0.10780205314796633, 0.10581860770421096], [-0.4530311600254738, -0.8634617688631323, -0.3188848466491878, -0.10705835186725932, 0.04128494364183651, -0.3501174936688982, -0.462970460942336, 0.39196138801719704, 0.5427792868893616, 0.19485472259907669, 0.3027830658781573, 0.6936425560679598, -0.009506850241005931]], "inverted": false, "swapped": true, "error_lsq": 0.048641075651259476, "error_max": 0.23974280162655084, "target": "40.xyz", "model": "7.xyz", "model_rescale": 3.7474275329858107, "target_rescale": 3.9442277434711586},
{"mapping": [10, 0, 1, 12, 4, 11, 7, 2, 6, 3, 5, 9, 8, 14], "R": [[-0.42889049493353865, 0.12633651272019894, 0.8944786352447797], [0.6161938464183802, 0.7649718822686933, 0.18741174716226963], [-0.6605740586730503, 0.631551347787329, -0.4059369509126045]], "T": [-0.031108885256184347, -0.1294856509849297, 0.01675794998772224], "aligned_model": [[-0.4667446295161067, 0.22874659392142607, 0.6346440490223173, -0.10478562975477676, 0.28386490124381103, -0.5855812358231786, -0.6379566824085242, 0.7432425364984351, -0.21928490438170714, 0.2661599926082576, -0.2936976093568875, -0.6159616274639523, 0.08884881982292955, 0.012216795487904643], [-0.08710963119616441, 0.19203419918493164, -0.2573063359679285, -0.6694280191527913, -0.42504773871556195, -0.4104248297746634, 0.17197191799017159, -0.08349230196876581, 0.5802276204622553, 0.5194846095869513, 0.4771901754644111, -0.04796059626063101, 0.09459712088473571, -0.16388506022699936], [-0.6026685032399617, -0.49638272615780227, -0.30764415086844477, -0.27251112056204485, 0.6691845067431101, 0.02741374031642866, -0.05206586219230718, 0.34364322546326737, -0.34078219678680427, 0.08460595755679234, 0.2924626245927456, 0.49804931233765354, 0.6496934729281593, 0.03937751978994185]], "inverted": true, "swapped": false, "error_lsq": 0.04569374241957297, "error_max": 0.36174964819079636, "target": "40.xyz", "model": "8.xyz", "model_rescale": 4.019505241142653, "target_rescale": 3.9442277434711586},
{"mapping": [9, 1, 2, 7, 12, 4, 3, 10, 11, 6, 0, 5, 13], "R": [[-0.06627816814835438, 0.723668210169768, -0.6869581690442174], [0.2096780194080698, 0.6832005429948865, 0.6994799112402027], [0.9755215695226876, -0.09767978112781134, -0.19701859748464184]], "T": [-0.06387693938159779, -0.06368604737288161, -0.017578029575907823], "aligned_model": [[-0.28594469676651585, -0.555459714518057, 0.03846224898350627, 0.3024437397963769, 0.34939254740704023, 0.7072621438958678, 0.20245437833411672, -0.31770788581790577, 0.22034983322518997, -0.2531396346756015, -0.466883609262304, 0.40945559761126615, -0.030984176471803626], [-0.5482913592475587, 0.19916791398159497, 0.195225550984254, -0.5390845826933663, -0.5851281977407145, 0.0588729875802452, 0.5938002007768608, -0.7026937668122403, -0.32926226194404584, 0.05824933025090144, 0.5696155234249055, 0.11828578016054853, -0.02537889060732619], [-0.2543376583783465, -0.41734928685116357, -0.6693401672173793, -0.6001820032303968, 0.08720631742814547, -0.23889890049825294, -0.05204823728486879, 0.4240692136583214, 0.6150205192554768, 0.6530286457609662, 0.23899077723571288, 0.3868064032230807, 0.0037378709425833177]], "inverted": true, "swapped": true, "error_lsq": 0.05158651461503046, "error_max": 0.3713055295963427, "target": "40.xyz", "model": "9.xyz", "model_rescale": 3.877068213659057, "target_rescale": 3.9442277434711586},
{"mapping": [8, 9, 2, 7, 4, 1, 0, 13, 11, 6, 12, 5, 3, 15], "R": [[0.2185754433107, 0.013982844225424229, -0.975719865355266], [-0.7456350217729126, -0.6426251030242431, -0.17624242187620123], [-0.6294864493277349, 0.7660531685401794, -0.1300359684176367]], "T": [0.07860321746075888, 0.07171212917142743, 0.024518737031677187], "aligned_model": [[-0.2665949101545556, 0.30708720180541493, 0.5089516299715875, -0.08283862337232703, 0.1601136692943455, -0.5974352106376095, -0.6991134044424394, 0.8149401611446965, -0.32452948092031547, 0.2876003964940859, -0.3655969680374552, -0.497932025085639, 0.09778048218418503, -0.008721548344025457], [-0.17528544467930546, 0.08110724677009437, -0.35404012361883364, -0.700549679573682, -0.5146010995949518, -0.46009812199267974, 0.2128211476268571, 0.05636379408435109, 0.5321904597189676, 0.5460019343800502, 0.5967617987533521, -0.05225476537671954, 0.030495190031619566, 0.09193879378083072], [-0.6198052397151381, -0.5946356092850965, -0.24730955627667622, -0.18484888271637484, 0.35267041501062474, 0.13878382660189853, -0.07040826945126713, 0.2594885860334667, -0.38791187635177193, 0.3586952397306639, 0.3164164166880832, 0.5375828318586144, 0.65752327032816, 0.016134647465546256]], "inverted": true, "swapped": false, "error_lsq": 0.04043221826183895, "error_max": 0.24893954802574292, "target": "40.xyz", "model": "10.xyz", "model_rescale": 4.260839863003843, "target_rescale": 3.9442277434711586},
{"mapping": [8, 1, 3, 0, 5, 6, 10, 9, 2, 4, 12, 13], "R": [[0.6751984259184849, 0.7352058775475399, 0.059828114267059807], [-0.4409123369732131, 0.33723773012147246, 0.8317854437818306], [0.5913572496740194, -0.5879991760215901, 0.5518637261642687]], "T": [0.05385404111174107, 0.019326027431679663, 0.012926827705280863], "aligned_model": [[0.2272388372945768, 0.32284848760707885, -0.4960076376617749, -0.34813610081785984, -0.5146742472316044, -0.3309558156621678, 0.3513123594711943, 0.621394114927575, 0.205458989671682, -0.24699019183699022, 0.1667583234797102, 0.000651529852710532], [0.04394619061156868, -0.5670557162503286, -0.3961210538574026, -0.3958004794487341, 0.282987361723297, 0.295564560660783, 0.6804743469741391, 0.1534908768434119, -0.5451344048659017, 0.02225766867853857, 0.583545323799932, 0.014923830663630875], [-0.7923780977406218, -0.220228327470744, 0.18457935284390417, -0.5305680823432907, 0.18008690737464064, -0.5124450063719358, -0.36418688290888424, 0.002458934257542622, 0.41380432675532797, 0.7666796278284819, 0.3630447405525494, 0.02533058461853456]], "inverted": false, "swapped": true, "error_lsq": 0.047915625440096817, "error_max": 0.2629790180043826, "target": "40.xyz", "model": "11.xyz", "model_rescale": 3.890672605050136, "target_rescale": 3.9442277434711586},
{"mapping": [9, 12, 7, 5, 8, 6, 11, 3, 10, 4, 2, 1, 0, 13], "R": [[-0.6056026459447235, 0.5791472119742256, -0.5457416440837475], [-0.6303082787547054, -0.7677372844247192, -0.11528632112023751], [-0.4857539592818887, 0.27416777521554103, 0.8299850131630873]], "T": [-0.1555465625341078, -0.06970309925889004, 0.07503771339716454], "aligned_model": [[-0.5319761029098883, 0.17985979327273827, 0.6214757941047783, 0.11230750322603383, 0.1860073141928253, -0.5531960666772858, -0.6072660342234802, 0.6520756131604896, -0.18638692847982513, 0.22803806331409954, -0.311927312989422, -0.48087514813463333, 0.033857753949199626, -0.008282871905681166], [-0.36780720137391054, 0.11971174933298415, -0.19690516843894587, -0.5436045368621863, -0.645719394579187, -0.44004603242136886, 0.2166222101361098, -0.05904776904048993, 0.6432977979260132, 0.5011022892236716, 0.621708997649011, 0.07768771422204543, -0.02073251548693958, -0.015417009976856598], [-0.5375430253271912, -0.5627371201940972, -0.2521014942133961, -0.48051949223367824, 0.34100241529652625, 0.2668170857312448, -0.05430485496988176, 0.5230288307938123, -0.4636821552585399, 0.20957799404687932, 0.130341481832417, 0.7662218783509257, 0.6321933707943962, 0.014080885271316353]], "inverted": true, "swapped": false, "error_lsq": 0.04855235531949405, "error_max": 0.3093674977174442, "target": "40.xyz", "model": "12.xyz", "model_rescale": 4.124412569039231, "target_rescale": 3.9442277434711586},
{"mapping": [12, 9, 8, 4, 10, 11, 2, 5, 1, 3, 6, 0, 13], "R": [[0.798703156833664, -0.5416016353746451, 0.2621849267663002], [-0.4813897686914353, -0.3137057006793843, 0.8184452479918639], [-0.361022378618205, -0.7799079445170226, -0.5112792194252439]], "T": [0.02764045142291957, 0.16062763644136777, 0.03825234445388533], "aligned_model": [[-0.13888339124681084, -0.009052965237865765, 0.7615939837482915, -0.629378093971366, 0.5431857685439949, 0.3487708508094841, -0.5499160574700128, 0.04390936077916793, 0.017855425996902458, -0.17831034553182837, 0.6669326403388177, 0.46760720147972956, 0.022983929271253485], [-0.3493833102453088, 0.3462641696786538, 0.5121299746997666, -0.2590304164877153, -0.07658432149914632, -0.5026381137884496, 0.5409152384902, -0.3937599424473702, 0.8404885892846533, 0.1487328930313196, -0.06717563779732319, 0.4747504777930355, 0.13277577579616207], [0.44547708381792056, 0.5899807103180925, 0.16841678474303126, -0.1872978280847879, 0.6262632417447385, 0.1301779619818449, -0.1170287814610586, -0.2980123445105651, -0.052611432875004256, -0.6413442394358704, -0.16127981483336504, -0.5423240136228308, -0.008719246814306393]], "inverted": true, "swapped": true, "error_lsq": 0.04610423981887676, "error_max": 0.23989409167491207, "target": "40.xyz", "model": "13.xyz", "model_rescale": 3.9028299243045295, "target_rescale": 3.9442277434711586},
{"mapping": [1, 2, 3, 6, 7, 9, 11, 4, 12, 5, 13, 14, 10, 15], "R": [[-0.04009229464641433, -0.9805036985256383, -0.1923671102021584], [0.9956852349001144, -0.023079490451199343, -0.08987908612361921], [0.08368704148127751, -0.19514055011211084, 0.9771983651183898]], "T": [0.07666923744972834, 0.0647234871347397, -0.06960800934656694], "aligned_model": [[-0.32705509902642593, 0.27968981681898153, 0.5205547913628983, -0.04123585992129175, 0.14527756074324993, -0.37686447534883627, -0.6563802363782714, 0.6265556983479577, -0.3336140203866621, 0.23737574308096596, -0.2180885006394284, -0.6187508931573439, 0.061177421315475905, 0.035069423088678664], [-0.12257014472516252, 0.11626709068683203, -0.36082689244471033, -0.5449399828193777, -0.6170436654868463, -0.5041521020073408, 0.013886649087933127, 0.04439724866346978, 0.6054152488848192, 0.5021849293732996, 0.6496535531582978, 0.10776854339152174, 0.027706508256666255, -0.026895853709451148], [-0.5430280251300384, -0.7754944526511695, -0.17237928308166917, -0.3121303870082418, 0.5229410632358453, 0.19784888792299674, -0.14648956211328582, 0.3260875782370424, -0.22310184008786843, 0.14229465523674778, 0.3816414177926528, 0.4759088261967972, 0.6745306531059204, -0.016253731734996182]], "inverted": false, "swapped": false, "error_lsq": 0.03457235141302125, "error_max": 0.19394967957665316, "target": "40.xyz", "model": "14.xyz", "model_rescale": 3.942246331269136, "target_rescale": 3.9442277434711586},
{"mapping": [8, 13, 12, 0, 1, 2, 6, 3, 11, 4, 10, 9, 5, 14], "R": [[-0.08422065126312286, 0.9901549251071204, -0.11180387375636103], [-0.7769503775379001, -0.13550699458166113, -0.6148056321010411], [-0.623903031523754, 0.035086731189418796, 0.7807137302173642]], "T": [-0.08410202547225559, 0.04633102871087074, 0.04883323112695444], "aligned_model": [[-0.43233344465226337, 0.43135000978723853, 0.5915295866328398, -0.2598144296118202, 0.4361260447777085, -0.3873381886756398, -0.5896130671683737, 0.5493036592587839, -0.23095373667743008, 0.25430653329063385, -0.24767219105000388, -0.7133436117160714, 0.006138275979901062, -0.07397407027555515], [-0.18698265424818428, 0.28555196560804147, -0.27885140344442244, -0.6495148927840722, -0.5359966388886992, -0.5640251490655296, 0.1998275133782287, 0.02360736165019687, 0.5333565923482233, 0.5233549252715579, 0.680740937090767, 0.16323022294019487, -0.25286151809736274, -0.05058613144898908], [-0.6016592979060473, -0.5325550979631652, -0.276519759799188, -0.11129511564089871, 0.265394257751465, 0.39257889904927223, -0.13470642468750427, 0.38769722155138003, -0.4564901306290416, 0.08873093016696885, 0.33126797602467717, 0.5372509935622113, 0.6012099740455364, 0.04147137439506781]], "inverted": true, "swapped": false, "error_lsq": 0.04884404178684141, "error_max": 0.3286570671142981, "target": "40.xyz", "model": "15.xyz", "model_rescale": 4.355366556412066, "target_rescale": 3.9442277434711586},
{"mapping": [5, 12, 4, 0, 3, 6, 2, 8, 7, 10, 9, 13], "R": [[0.5415440731714258, 0.4467878900318175, 0.7121169834611574], [0.37919466927535805, 0.6261925697020534, -0.681244646542702], [-0.7502942220263018, 0.6389549647438821, 0.1696912885892819]], "T": [-0.04093562983707483, 0.06493322215790848, -0.0662851246367253], "aligned_model": [[-0.2515348389894969, 0.48447802285376057, 0.0784857026511214, -0.7912736778838312, -0.5781845501810039, -0.4218452522082764, -0.03325411948093457, -0.2635940339688628, 0.669486937211526, 0.34168270569763975, 0.4401249540262568, -0.07676329509611798], [-0.5439111972469872, -0.3357119934994459, -0.5317535044154658, 0.29287033395247825, -0.1786883551444347, -0.06629666122948874, 0.2539672428564749, 0.5879037784002841, 0.009424482235262877, 0.11642027071903724, 0.38371335526107725, 0.02483867585218795], [0.008819150514605259, 0.06447132455330741, -0.6032791901443172, 0.05350759172012651, -0.4617858922512942, 0.5151686520676141, -0.7493001630650441, 0.53046398118818, -0.5042811902772188, 0.6539687163605613, 0.018399350856630733, -0.07689387031372992]], "inverted": false, "swapped": true, "error_lsq": 0.044949882022896744, "error_max": 0.3090431974612964, "target": "40.xyz", "model": "16.xyz", "model_rescale": 3.795458400668931, "target_rescale": 3.9442277434711586},
{"mapping": [9, 7, 2, 10, 1, 4, 12, 8, 6, 5, 3, 0, 13], "R": [[0.5528762767580783, 0.16315630006071474, -0.8171339206939237], [0.23215020141506948, -0.9719759822956645, -0.03699964625940742], [-0.8002712706208239, -0.1692415776069126, -0.575259230111135]], "T": [-0.05670813423905138, 0.06545391431455895, -0.0389362185404982], "aligned_model": [[0.08127778751631817, -0.05705394343365158, 0.41268616836350813, -0.41574642227838543, 0.6233332064435994, -0.3587159073230316, -0.5735239681251084, 0.17607222715609055, -0.35205051086741834, -0.5750785161139489, 0.021984764443355037, 0.2447015243695215, -0.07925460924662636], [-0.3214527718924179, 0.2060935060994964, 0.5166746625147883, -0.6654798617561817, 0.024573258073488688, 0.7514689649649038, -0.01682426859682208, -0.5973620623647872, -0.20800882256666892, 0.377412483868373, 0.6830655162741359, 0.10780205314796633, 0.10581860770421096], [-0.4530311600254738, -0.8634617688631323, -0.3188848466491878, -0.10705835186725932, 0.04128494364183651, -0.3501174936688982, -0.462970460942336, 0.39196138801719704, 0.5427792868893616, 0.19485472259907669, 0.3027830658781573, 0.6936425560679598, -0.009506850241005931]], "inverted": false, "swapped": true, "error_lsq": 0.048641075651259476, "error_max": 0.23974280162655084, "target": "40.xyz", "model": "17.xyz", "model_rescale": 3.7474275329858107, "target_rescale": 3.9442277434711586},
{"mapping": [7, 9, 6, 2, 0, 1, 11, 4, 12, 5, 10, 3, 8, 13], "R": [[0.492773535048074, -0.6919695835463746, 0.527591071382829], [-0.7748018093417046, -0.0729584726478808, 0.6279802684079406], [-0.3960510060548331, -0.7182305735037636, -0.5720912898195615]], "T": [-0.10604652917235913, -0.0027394624235276164, 0.030222464445877728], "aligned_model": [[-0.4790255154996674, 0.34547079887005117, 0.5496670682498361, 0.03468759729293053, 0.22434076336719216, -0.5538202195050461, -0.8041503738755029, 0.6836106937806283, -0.14031639835233817, 0.2554847316770689, -0.3096946368085677, -0.5246143068799576, 0.10990437603951042, -0.05783320845618943], [-0.06561627801743686, 0.10934916360240073, -0.3190067818550695, -0.6346485649081219, -0.6523712251810374, -0.5214325595372881, 0.1747616860031682, 0.04769440810778035, 0.5660843829220502, 0.6206838207582269, 0.5828359072377618, -0.03364336583191961, 0.11305931405989857, -0.09689877705046278], [-0.6212009492071167, -0.45070622907233726, -0.22475493117099266, -0.260840270466802, 0.4400580418739782, 0.12495688301726421, -0.023452726508110838, 0.28146680161989784, -0.45403153124869267, 0.09233924225830303, 0.3336500590474434, 0.5635470799740582, 0.7060998949921385, 0.025244434811702403]], "inverted": false, "swapped": false, "error_lsq": 0.0378142842941352, "error_max": 0.2371988716400552, "target": "40.xyz", "model": "18.xyz", "model_rescale": 3.922800546911778, "target_rescale": 3.9442277434711586},
{"mapping": [10, 6, 1, 2, 0, 3, 11, 5, 4, 8, 13, 7, 12, 14], "R": [[-0.8600264054290077, -0.22067288079301528, -0.4600631061575923], [-0.2287387222132119, -0.6392310317467236, 0.7342086113716499], [-0.4561065433921416, 0.7366730399129122, 0.4992791336921078]], "T": [-0.014104764380196165, 0.008225391294315411, 0.02849030378417737], "aligned_model": [[-0.40858537891251145, 0.25674693011517413, 0.554505211568842, -0.15687452778524422, 0.32178528326938, -0.15854470778114282, -0.6771290953812995, 0.5759341354496629, -0.2445577753017815, 0.38537745766322457, -0.3214926758468618, -0.667132231651669, -0.03203481766953733, -0.09428643783628768], [-0.08355027549631741, 0.22749575635094907, -0.30245999667622414, -0.6104852205574277, -0.6942697603196263, -0.42888390308170055, 0.22488777156505443, -0.08616014045865705, 0.5107347102645393, 0.47110714045836366, 0.5879872779600348, -0.057643536457819965, 0.14649396557129485, -0.014402658812512237], [-0.669050317976769, -0.5667639599637012, -0.3294766065422874, -0.3030861372171315, 0.33200483972232414, 0.4725869273983837, -0.11538381565626195, 0.5033367929456678, -0.43867447784798147, 0.05183756451645803, 0.23147447428560414, 0.48393232029609834, 0.8025538406614586, 0.07708435529887138]], "inverted": false, "swapped": false, "error_lsq": 0.03900407410438682, "error_max": 0.3113823298469703, "target": "40.xyz", "model": "19.xyz", "model_rescale": 3.9282355846067225, "target_rescale": 3.9442277434711586},
{"mapping": [9, 11, 4, 8, 6, 7, 12, 3, 10, 1, 2, 7, 5, 13], "R": [[0.8775001097980472, 0.17909823605141797, 0.44487906126012045], [-0.10137915583915116, 0.9759603064168721, -0.192934566783732], [-0.46873854553018834, 0.12419863985549849, 0.8745621040225148]], "T": [-0.002265890220073785, -0.07727387870462875, 0.02269393774269848], "aligned_model": [[-0.36418576404632, 0.1918936707066546, 0.5149162632145903, 0.047053805138520755, 0.11312207666910126, -0.5387523056273906, -0.7889584775793561, 0.6934684668840339, -0.29664568794415547, 0.35645021372515656, -0.2604310715820738, -0.5387523056273906, 0.15085151072092098, 0.05368097524765642], [-0.26266350019999024, 0.10768169420029243, -0.29414144676721, -0.7428033626454912, -0.5308088862328595, -0.12677484516162002, 0.019435086758787565, -0.014567069155306742, 0.6634550376397315, 0.5266119552390037, 0.5741160516047747, -0.12677484516162002, 0.02485625775349927, 0.07322900243795911], [-0.5368322175076039, -0.641728121101006, -0.26861161151978546, -0.342353528737115, 0.4785839114212326, 0.33547142539622893, -0.2848064594286212, 0.3026522016368657, -0.3042549209106141, 0.2837407776760154, 0.4560045747962029, 0.33547142539622893, 0.6963516022910288, 0.02268674051167538]], "inverted": true, "swapped": false, "error_lsq": 0.050193057971195706, "error_max": 0.3355706044625296, "target": "40.xyz", "model": "20.xyz", "model_rescale": 4.067790424073018, "target_rescale": 3.9442277434711586},
{"mapping": [12, 0, 2, 3, 6, 11, 10, 4, 9, 8, 1, 13, 5, 14], "R": [[0.5372606542250855, 0.16106447769549317, 0.8278944518755463], [-0.16378505946558455, -0.9429863585030561, 0.2897433035861242], [0.8273605282568707, -0.2912644188736825, -0.48024951283753314]], "T": [0.0022662181281279115, 0.003483926501352889, 0.04592048222978011], "aligned_model": [[-0.4525492674764644, 0.4244867577437642, 0.6163648993698478, 0.04167879019704065, 0.19088971717063144, -0.4629444744898137, -0.7931243080835833, 0.6847516264976914, -0.5048859946600438, 0.3540367218771131, -0.29643515380365126, -0.5032771624851972, 0.10820388794085109, -0.07348466989823806], [-0.12997815084119863, 0.11328336052287137, -0.37339826668534776, -0.6869238644303739, -0.6229743335330578, -0.4442147690971735, 0.19336102766712798, -0.05266952836513385, 0.4690822156637087, 0.43882327811674954, 0.7425404204789616, 0.005504348429130072, 0.22033869201742937, 0.018076700366257022], [-0.5560301925462825, -0.5145542538076207, -0.13999496547399426, -0.44958809290742763, 0.3916488824791567, 0.011610958588944023, 0.0967871591333092, 0.4624933469311025, -0.3147244479467559, 0.15503078583271523, 0.2405434263921179, 0.5302192673722604, 0.5846387217998764, 0.034295204073332204]], "inverted": true, "swapped": false, "error_lsq": 0.04198272409085842, "error_max": 0.27351228510488595, "target": "40.xyz", "model": "21.xyz", "model_rescale": 4.186013935880536, "target_rescale": 3.9442277434711586},
{"mapping": [7, 2, 4, 10, 8, 12, 9, 1, 5, 3, 0, 6, 13], "R": [[0.40162311611989615, -0.0286038223087125, -0.9153582325775389], [0.4034226696470127, 0.902834784233363, 0.148793487737783], [0.8221611899214298, -0.42903516607339787, 0.37413874974312705]], "T": [-0.0008748492647330103, -0.05072405554486593, 0.0057012563247441465], "aligned_model": [[0.15082475306680598, -0.46511279233608604, 0.24974879371823056, 0.4732557768100547, -0.21340406662498645, 0.5998273863617148, 0.01281551677902086, -0.6678675005055806, 0.40211355643008184, -0.24427518757621547, -0.4522439198759298, 0.2044342957239696, 0.008457423452145311], [-0.40237571055510374, 0.031576931289663095, 0.3912862573190301, -0.5766295869124874, -0.390010702330236, -0.22509393178631887, -0.6228742481887944, -0.20713962369998598, 0.4556946458496195, 0.6090194965893925, 0.3188779002078086, 0.13336040079182276, 0.0032648309716830914], [-0.7379050519306986, -0.5234604288726978, -0.627128739497503, 0.41366795082701047, 0.7260486489147194, -0.24414932830688552, -0.10685206407448554, 0.04059912421746291, 0.04841717649030952, -0.09381483910126708, 0.5432634988338344, 0.6571327454867392, 0.007060868348807696]], "inverted": true, "swapped": true, "error_lsq": 0.044877607895855494, "error_max": 0.2284436645748733, "target": "40.xyz", "model": "22.xyz", "model_rescale": 4.166573947596378, "target_rescale": 3.9442277434711586},
{"mapping": [6, 12, 14, 13, 10, 7, 1, 9, 2, 3, 4, 0, 8, 15], "R": [[-0.6728035562450878, 0.3133650168217966, -0.6701773951247821], [-0.38538961936173977, 0.6247973118784225, 0.6790457719165262], [0.6315142246950393, 0.7151438214106116, -0.2995982288099365]], "T": [0.03818884492624903, 0.044787819300412646, -0.0018842331870444692], "aligned_model": [[-0.3406020058380652, 0.3409197504965641, 0.5546608504330625, -0.03939489455879835, 0.19553969890878625, -0.2952122763730415, -0.6501342453173586, 0.5869568904768221, -0.2646816216613355, 0.1919591633183294, -0.33528868802824574, -0.6573890280342629, 0.0745467067120186, -0.028168930634526475], [0.08785955676146417, 0.011211657736879377, -0.501801946621406, -0.7815774870206397, -0.6406099953882359, -0.4637523616237934, 0.15659493651537915, 0.09784679367516996, 0.5781725756447368, 0.6071661715611197, 0.5271654219604003, 0.006490570148619673, 0.16936133494956057, 0.03672390201069595], [-0.6604963715326698, -0.5820635118729119, -0.2477989715366351, -0.16895991296173285, 0.25582059306785854, 0.37444039310276844, -0.14956481026037008, 0.23578684983105683, -0.27861410392314057, 0.1447852254817412, 0.40760312216696554, 0.4240975812054832, 0.7963880795649165, -0.0190483624125961]], "inverted": true, "swapped": false, "error_lsq": 0.04546876782206527, "error_max": 0.27332458816873567, "target": "40.xyz", "model": "23.xyz", "model_rescale": 4.274766983524099, "target_rescale": 3.9442277434711586},
{"mapping": [5, 6, 10, 12, 9, 7, 4, 2, 3, 1, 13], "R": [[-0.45924511836106824, -0.6260344531416081, -0.6302180453947795], [-0.23430218232642624, 0.7697013098010957, -0.5938538381180609], [0.8568526177929335, -0.1250630127982119, -0.5001628077048829]], "T": [-0.0018363187040758289, 0.20189672895247612, 0.02657366104895039], "aligned_model": [[0.2750720755269279, 0.29392543922856296, -0.49972978322225603, -0.4816805697622717, -0.5292958138110722, -0.617340144907696, 0.05030748170709462, 0.07570097912466822, 0.6207170665613464, 0.15183492526117756, 0.04038304825159294], [-0.19784485913096633, 0.5052233683321808, 0.5724524591298585, -0.15175431294231295, 0.40514432582125626, -0.23691628711965002, -0.6030476701232987, -0.03604551606298803, -0.10600837838218502, 0.5931068385637004, 0.1712765631578884], [-0.4026263040524594, -0.5399242202708219, -0.5050313155558842, -0.28704040043581264, 0.17040833832229343, 0.38465210825104484, 0.11604247789424368, 0.6896527398807839, 0.17500027555425376, 0.5687015858694555, 0.00973114856448051]], "inverted": false, "swapped": true, "error_lsq": 0.04705381751209974, "error_max": 0.3203769488489332, "target": "40.xyz", "model": "24.xyz", "model_rescale": 3.7841303162186577, "target_rescale": 3.9442277434711586},
{"mapping": [7, 0, 1, 6, 4, 3, 11, 2, 10, 9, 14, 13, 12, 15], "R": [[0.6648926101423742, 0.5193848451869424, 0.5368027566697074], [0.5385883342394168, -0.8313171161310156, 0.13723869224392327], [0.5175330165306088, 0.1978667102312765, -0.8324712257988145]], "T": [0.026150335592599723, 0.025716123218377917, -0.01119299640435524], "aligned_model": [[-0.25175793593636253, 0.2890611706989704, 0.5730732981065857, -0.23960576404005113, 0.32214196059154526, -0.3370296206837713, -0.721810228823463, 0.6148090736161499, -0.23945366818067237, 0.2229772599301825, -0.25169148170049327, -0.6019720563544052, -0.039931575710169635, -0.005099061614096796], [-0.0010881801557476208, 0.01785190340824087, -0.33471426940940074, -0.6275847474540445, -0.6274025755397827, -0.5415423409474552, -0.08417482093078564, 0.00813743791577095, 0.660515099535844, 0.5003509862239494, 0.666961612280564, 0.09307697195891658, 0.19659913842652182, -0.036135085002640135], [-0.5984357758718185, -0.698321802511363, -0.36333160398426007, -0.16803087489588636, 0.19503325343131922, 0.43075727435522326, -0.14500833048493234, 0.4599385222810063, -0.3741528814097146, 0.26830944938389456, 0.36418296131168026, 0.4502447286060388, 0.7247445570199024, -0.013553677310355877]], "inverted": true, "swapped": false, "error_lsq": 0.04229122391284697, "error_max": 0.2236240971693342, "target": "40.xyz", "model": "25.xyz", "model_rescale": 4.19342608120988, "target_rescale": 3.9442277434711586},
{"mapping": [5, 12, 4, 0, 3, 6, 2, 8, 7, 10, 9, 13], "R": [[0.5415440731714258, 0.4467878900318175, 0.7121169834611574], [0.37919466927535805, 0.6261925697020534, -0.681244646542702], [-0.7502942220263018, 0.6389549647438821, 0.1696912885892819]], "T": [-0.04093562983707483, 0.06493322215790848, -0.0662851246367253], "aligned_model": [[-0.2515348389894969, 0.48447802285376057, 0.0784857026511214, -0.7912736778838312, -0.5781845501810039, -0.4218452522082764, -0.03325411948093457, -0.2635940339688628, 0.669486937211526, 0.34168270569763975, 0.4401249540262568, -0.07676329509611798], [-0.5439111972469872, -0.3357119934994459, -0.5317535044154658, 0.29287033395247825, -0.1786883551444347, -0.06629666122948874, 0.2539672428564749, 0.5879037784002841, 0.009424482235262877, 0.11642027071903724, 0.38371335526107725, 0.02483867585218795], [0.008819150514605259, 0.06447132455330741, -0.6032791901443172, 0.05350759172012651, -0.4617858922512942, 0.5151686520676141, -0.7493001630650441, 0.53046398118818, -0.5042811902772188, 0.6539687163605613, 0.018399350856630733, -0.07689387031372992]], "inverted": false, "swapped": true, "error_lsq": 0.044949882022896744, "error_max": 0.3090431974612964, "target": "40.xyz", "model": "26.xyz", "model_rescale": 3.795458400668931, "target_rescale": 3.9442277434711586},
{"mapping": [10, 6, 11, 12, 4, 1, 8, 9, 0, 5, 2, 3, 13], "R": [[0.8990554188628255, 0.26439144980001744, -0.3489935745626762], [-0.27176233129038735, 0.961937835944247, 0.028650219379835615], [0.3432849969121913, 0.06908517244346857, 0.936687060785753]], "T": [-0.19794982257590624, -0.04729059587035567, -0.08638362531270731], "aligned_model": [[0.03416640267146279, 0.36393206822556723, 0.4564101688020137, -0.013221840798367496, -0.09976821995189034, -0.7154838673099175, -0.1707156121835191, -0.5588500176055434, -0.032441599719171405, 0.37266532216892023, -0.7271686342905006, -0.048517006087515, -0.1613307811002826], [-0.7809877869989739, -0.3476752893572096, -0.24535199010960507, -0.12193707186112954, 0.6449673333180782, -0.07983290476061, -0.7221002726696211, -0.4157347836654868, -0.027927261568958868, 0.24680028352740824, 0.4220786904849536, 0.5580447234776085, -0.0084621665595392], [-0.3613814290041632, 0.22095933273375717, -0.37635119900308794, -0.7297939303579369, -0.49844971600010873, 0.36268474211856394, 0.38592417772697646, -0.35880140869944616, 0.6892096299593827, -0.17908269394345155, -0.0425392225256291, 0.2536865395473658, -0.07392816045279693]], "inverted": true, "swapped": true, "error_lsq": 0.03821807346216456, "error_max": 0.24896516835794702, "target": "40.xyz", "model": "27.xyz", "model_rescale": 3.6321398670334006, "target_rescale": 3.9442277434711586},
