[{"mapping": [5, 1, 12, 11, 2, 3, 0, 8, 6, 4, 7, 10, 13], "R": [[-0.2958111010050731, 0.9035173595106101, 0.310084139525293], [-0.9317449919212888, -0.2013467885895353, -0.3021766714263], [-0.2105874225868286, -0.378306557949576, 0.9014083900544638]], "T": [-0.1552306792988351, 0.017119440786402984, -0.04300528900677984], "aligned_model": [[-0.061933042854467796, -0.6863810610161134, -0.3937300070619748, 0.3375580374726051, -0.29693935583348213, -0.3426181743687865, -0.7406320680920715, 0.6151724402658338, 0.19660736982450866, 0.48326659153254165, 0.44926460124874096, 0.2567668107149421, -0.019737648639313016], [0.23092023255222416, -0.05559716588236545, -0.510059703931667, -0.31333421611881124, 0.46991626002602505, 0.5050148296970263, -0.07162044677076969, 0.12994502776043548, 0.695340658586066, 0.4546334528876473, -0.1670087252805936, -0.9022361221358166, -0.05184965055027771], [-0.7627177544510014, -0.25663038242780273, -0.025115962455442356, -0.41045800991657105, 0.5620996084209168, -0.03634781434345598, 0.4518107181473108, -0.10879702033900392, -0.07079469531700663, 0.5176255618808928, 0.3718160661956502, -0.021271863415285128, 0.01551620566218441]], "inverted": false, "swapped": false, "error_lsq": 0.0538212131643646, "error_max": 0.36918188557553333, "target": "400.xyz", "model": "0.xyz", "model_rescale": 3.8414455957264533, "target_rescale": 4.040375254183458},
{"mapping": [1, 12, 8, 11, 5, 10, 6, 0, 3, 4, 7, 13, 14], "R": [[-0.9025535101328376, -0.13468737416697096, 0.40897001428821256], [-0.20524760877300713, -0.7003841088738646, -0.6836194256528451], [0.3785110043840959, -0.7009432297104877, 0.6044898744256797]], "T": [0.012531912038369664, -0.010770732185233743, 0.1620708697203756], "aligned_model": [[0.26088894740178464, -0.42091368134587703, -0.5446961998568426, 0.10235021226242523, -0.31383071787326533, -0.6028225270732146, -0.5354218474860123, 0.6979026144060243, 0.09385688462785312, 0.396003586702193, 0.5043356135413797, 0.15885974263514743, 0.00015186525136773668], [0.4692873348806951, -0.23356767026660183, -0.5655405477157556, -0.20151528732368873, 0.5266978554295478, 0.22186620715146446, 0.07962461732183265, -0.09767067734116952, 0.7387870160776039, 0.3523742763807636, -0.21199561171083678, -0.7074316231870715, 0.04314854114233927], [-0.5134740409992316, -0.42510541200804913, 0.08441985175860693, -0.6636497790222051, 0.35939734059295475, -0.02660946611807649, 0.7112543836701608, -0.057548731807198106, -0.04988741129860341, 0.29204168310674916, 0.5234469469349119, -0.0988865397944651, 0.09133583262583111]], "inverted": false, "swapped": false, "error_lsq": 0.045543379256343886, "error_max": 0.28052787109911254, "target": "400.xyz", "model": "1.xyz", "model_rescale": 4.316132596720782, "target_rescale": 4.040375254183458},
{"mapping": [1, 2, 3, 8, 0, 5, 7, 4, 11, 6, 10, 12], "R": [[0.024976602912612247, -0.8951135334954095, 0.44513810380634466], [0.5750272690211138, 0.3771040498254199, 0.7260414419903226], [-0.8177529022810408, 0.2378324993743067, 0.524133468738932]], "T": [-0.030639178341541368, 0.0342465245911324, -0.08407102677979517], "aligned_model": [[-0.13511046611348002, 0.44163730764212616, 0.025190060501271233, -0.794718219478066, -0.6177248307345433, -0.40336632622669766, -0.1393103947457225, -0.15961120356762984, 0.6896264779571485, 0.26498018650144184, 0.3815303491713341, 0.04468561372459828], [-0.6278174031030092, -0.3932687894188697, -0.369511673029009, 0.28962996574286193, -0.1274196122514968, -0.11007256361680232, 0.29322725646942605, 0.5181903133088864, -0.152083140667433, 0.033977220075842175, 0.570133132634913, 0.08779172159567086], [0.05987991983647645, 0.2374613112678346, -0.5930185743437963, -0.008350826977173181, -0.5150900089956729, 0.4435381679461856, -0.7196041880090924, 0.5086579602304592, -0.43417934609224945, 0.7390927191675911, -0.2197892721249164, -0.04933940069622511]], "inverted": false, "swapped": true, "error_lsq": 0.05118762952166036, "error_max": 0.3039598353274154, "target": "400.xyz", "model": "2.xyz", "model_rescale": 3.795458400668931, "target_rescale": 4.040375254183458},
{"mapping": [4, 5, 8, 3, 10, 7, 0, 2, 1, 11, 9, 12], "R": [[0.20797586098266044, 0.9737329134728344, -0.09268362567480319], [-0.9257829211370711, 0.16537511766825028, -0.3399662533063019], [-0.31570876481249827, 0.15650969195522146, 0.9358593335243544]], "T": [0.09924815406998858, -0.012361451478863857, 0.02531457195057147], "aligned_model": [[-0.22849497268467137, -0.18534528311923107, -0.702391144302817, 0.3258808722159997, 0.2503114545988472, -0.09981085461675138, -0.3602349419490565, 0.7030997861282127, 0.28029615177673767, 0.8357005841805363, -0.37041425022202157, 0.14470642373778042], [-0.07348242660816615, -0.5621813474063614, -0.12251259837424064, 0.030856313897507485, 0.5885908470192794, 0.5311255459660119, -0.05111399377887546, -0.36528273587204024, -0.6096213546852601, 0.30278770270645144, 0.38776268674512465, 0.02884040568027867], [-0.6754076948826852, -0.20884273821136293, 0.028806264770432265, 0.6351793340480941, -0.2771979606386432, 0.4097365360084165, 0.6117925263664103, -0.11613238213263716, 0.30898163014116353, 0.21077622257164322, -0.186884048988829, -0.05203625841290211]], "inverted": true, "swapped": true, "error_lsq": 0.05453423599630366, "error_max": 0.27588822029947435, "target": "400.xyz", "model": "3.xyz", "model_rescale": 3.7530521520055578, "target_rescale": 4.040375254183458},
{"mapping": [10, 3, 7, 0, 9, 1, 4, 2, 6, 5, 12], "R": [[0.27240521869579226, 0.8797948750405149, -0.38955920561545254], [-0.734953873653297, -0.07104789860547056, -0.6743849047137399], [-0.6209977459132286, 0.47001401463806547, 0.6272548330738452]], "T": [-0.06969483256331191, -0.05607948821183201, -0.05496278798197224], "aligned_model": [[-0.3232418244016815, -0.09517010750020044, 0.22558533496458474, 0.5510520522302396, 0.2995303756001392, -0.13746052618794735, 0.0238128876653404, -0.6781880662251072, -0.5310071757381777, 0.14140363085124533, -0.13811697881322973], [-0.6956872466782944, 0.1914461670945523, -0.4181499220514581, 0.14599978943490663, -0.5773343058134146, 0.6254637075058294, -0.34093087217600915, 0.2991261613283752, 0.05866271017541236, 0.29616161611283237, -0.117554446618386], [-0.10071709323989653, -0.6576627569206468, -0.5692559683615752, -0.4161000702481781, 0.0779902695504561, -0.08448316217964674, 0.6607739103107366, 0.05800799788348235, 0.6792133380130105, 0.4641601565305243, -0.01909584409295037]], "inverted": false, "swapped": true, "error_lsq": 0.05385260455133016, "error_max": 0.26278353132464166, "target": "400.xyz", "model": "4.xyz", "model_rescale": 3.7855080009869324, "target_rescale": 4.040375254183458},
{"mapping": [10, 4, 1, 3, 13, 6, 11, 9, 8, 15, 14, 2, 16], "R": [[0.9264062543794849, 0.03228615787875772, -0.37513871548535405], [0.14506417721815604, 0.8888001107403467, 0.4347306610258438], [0.34745911462299117, -0.4571563924494283, 0.8187064165548182]], "T": [-0.07086965735885363, 0.018965183375569853, -0.040707270165802535], "aligned_model": [[0.32783867135112515, -0.7086243033898543, -0.525299519603816, 0.3316843251408274, -0.18418445461271415, -0.6255618510440146, -0.6567104205290968, 0.6197438812603456, 0.026181438628049142, 0.5500016866987502, 0.3971183410245498, 0.2714662317910268, -0.02698953352221542], [0.4033849599475331, -0.10798700019977531, -0.5768917231140421, -0.36251749605731387, 0.4096706555775548, 0.35968259049820117, 0.007050629321691874, -0.11316257901143056, 0.7134682267503492, 0.5002292065698866, -0.18203068043044024, -0.6343297486222413, -0.0025026103908503128], [-0.5142232446291167, -0.3930606984401318, 0.06677289673965164, -0.45884344638784913, 0.5587730294188784, 0.007306132289527888, 0.4969588640756467, -0.15255186740462576, 0.01892897279542554, 0.20873575096884583, 0.4045850996709607, 0.0016903524636299391, -0.018337183919457736]], "inverted": false, "swapped": false, "error_lsq": 0.0400585713683873, "error_max": 0.21617717759280275, "target": "400.xyz", "model": "5.xyz", "model_rescale": 4.2253639853439635, "target_rescale": 4.040375254183458},
{"mapping": [11, 6, 2, 5, 0, 7, 3, 8, 12, 9, 1, 10, 13], "R": [[-0.2426359805642479, 0.9167737144430445, -0.3172597318317116], [0.9348187944671315, 0.30836599925536967, 0.17613696947051433], [0.25930985798200085, -0.25384319374279274, -0.9318379851368015]], "T": [0.0219675626911315, -0.020390082129843987, 0.07208652809101307], "aligned_model": [[0.07705180265130888, -0.48500587023916936, -0.3250759822022512, 0.07993861056451683, -0.1087539411374482, -0.5526423975549838, -0.6676872806813272, 0.7268199028461241, -0.10448330218967168, 0.4537789967364811, 0.40535019464576943, 0.33485463488897094, -0.03748087513535682], [0.2859759084808045, 0.05006019028024454, -0.5755645284283057, -0.3722642359382398, 0.44791796790725613, 0.5237487208856878, -0.032717212943204566, -0.09036731977797251, 0.8460821195636719, 0.3575732373951744, -0.2671243001947647, -0.7325743461659211, -0.026681770225307492], [-0.6411170859760738, -0.3174422456129577, -0.07458904643407172, -0.4509480825618309, 0.70978716948464, 0.1280112334160661, 0.2371129246376313, -0.13803543741440275, -0.25130157764622624, 0.2801226836186298, 0.647278465716788, 0.013710775419253335, 0.08414488099394014]], "inverted": false, "swapped": false, "error_lsq": 0.05165109542368859, "error_max": 0.32774326255677116, "target": "400.xyz", "model": "6.xyz", "model_rescale": 3.89814844738969, "target_rescale": 4.040375254183458},
{"mapping": [2, 7, 7, 4, 6, 0, 3, 10, 1, 5, 9, 11, 12], "R": [[-0.05720976795765681, 0.971355442079497, 0.23064181666119518], [-0.14309889135265405, 0.22065650590569086, -0.9647970842074169], [-0.9880535156275052, -0.08820040557750936, 0.1263761793697313]], "T": [-0.04962339701563118, -0.02792954899233814, 0.019258003349541673], "aligned_model": [[0.2609763008534846, -0.5794067263101024, -0.5794067263101024, 0.025867043348502122, -0.15623324576083966, -0.4569444973052809, -0.746168359943084, 0.6560327668738315, 0.013154151864426034, 0.4262874969476759, 0.6305375613703843, 0.21553348976701076, 0.08643523779705695], [0.3403372981761599, -0.3672546765141551, -0.3672546765141551, -0.24874575510806274, 0.2867104061844393, 0.3877817710884191, 0.01603316635429715, -0.030384071830912143, 0.8139667182857596, 0.4985124840399444, -0.09103858892429963, -0.7914689306708694, -0.03313071372744191], [-0.4998327415892932, -0.1690575864987888, -0.1690575864987888, -0.581605695765791, 0.6083351543108209, -0.0915752366276971, 0.42579746139716534, -0.18309568881981084, -0.026198201217696847, 0.33381199058974703, 0.594883053882349, 0.06442222858050846, -0.08009249410133853]], "inverted": false, "swapped": false, "error_lsq": 0.052866994468305485, "error_max": 0.3824172919325936, "target": "400.xyz", "model": "7.xyz", "model_rescale": 3.7474275329858107, "target_rescale": 4.040375254183458},
{"mapping": [2, 3, 5, 8, 10, 0, 6, 4, 1, 12, 11, 9, 14], "R": [[0.8257370649469649, 0.4178093743141186, 0.3789374965716862], [0.04478676263308959, 0.6211227909414507, -0.7824325047350411], [-0.5622743507093483, 0.6630549036907483, 0.49417178109037474]], "T": [0.07018265089308734, 0.07091210863739092, 0.0835818993770722], "aligned_model": [[0.1420414410984996, -0.4951604183393638, -0.34557217968430504, 0.13971510881680863, -0.22126759815800118, -0.4522033963072882, -0.7167710513116476, 0.6082634803331788, 0.018877424426612444, 0.4326469486877643, 0.3483513912819721, 0.2283998140894175, 0.1093435282593157], [0.32820752609494375, -0.015912016878779828, -0.5009055242352612, -0.3626270915465938, 0.19814893547050036, 0.47197541079101857, -0.05912888909996408, -0.0659117544984534, 0.7636075815179209, 0.412779645754661, -0.19149316487321985, -0.6602045842078315, 0.09552835655018241], [-0.7146817652572416, -0.34883378290537737, -0.031283150178343225, -0.43835613818623964, 0.77215353828893, 0.10535993838329355, 0.25888537307762083, -0.4677565604741998, -0.20337206145618633, 0.4474346699985684, 0.5737304277785656, 0.22772124446219813, 0.04573292410979704]], "inverted": false, "swapped": false, "error_lsq": 0.056202038077075356, "error_max": 0.30833925196355494, "target": "400.xyz", "model": "8.xyz", "model_rescale": 4.019505241142653, "target_rescale": 4.040375254183458},
{"mapping": [9, 1, 2, 1, 4, 0, 3, 9, 7, 8, 11, 6, 12], "R": [[0.20586669043890188, 0.39333717943455826, 0.8960495349266131], [-0.1777254102491358, -0.8854069207141528, 0.42949768719197834], [0.9623058683804802, -0.247670038611755, -0.11236978087787697]], "T": [-0.007006651830294249, -0.1082586446726423, 0.05676612184988385], "aligned_model": [[0.5270661602894863, -0.16307410853794185, -0.5181517031847436, -0.16307410853794185, -0.29652023020163265, -0.5038943910358874, -0.6316877924788187, 0.5270661602894863, -0.09009074318449795, 0.41756936647489074, 0.5636897465981023, 0.11850436571234113, 0.009261770990120363], [0.14488660638078643, -0.12230096062713737, -0.40249382199215084, -0.12230096062713737, 0.4892192211312831, 0.3032682243741188, -0.1078604661459266, 0.14488660638078643, 0.7877617213147805, 0.39604373216106153, -0.17136839048887004, -0.8149684380995978, -0.11070864292287391], [-0.286779762500386, -0.6003115482089892, 0.10290243206508143, -0.6003115482089892, 0.553552553886962, -0.023198174875681307, 0.64687977337278, -0.286779762500386, -0.04237280882473658, 0.20356955772961433, 0.29670841657271396, 0.17021254231672583, 0.09266298681667638]], "inverted": false, "swapped": false, "error_lsq": 0.06680253432202446, "error_max": 0.47731246380516773, "target": "400.xyz", "model": "9.xyz", "model_rescale": 3.877068213659057, "target_rescale": 4.040375254183458},
{"mapping": [11, 8, 7, 0, 13, 9, 2, 12, 10, 6, 3, 1, 15], "R": [[0.9638439786453592, -0.1968840233558338, -0.17955908825872452], [0.26635379135669573, 0.692189623124162, 0.6707676076474957], [-0.007774487700081614, -0.694341563631654, 0.7196036064074105]], "T": [-0.001824531855436469, 0.04834186463748746, 0.12831338184487276], "aligned_model": [[0.10791766302400499, -0.4810799563923674, -0.5265494236072595, 0.3055305882342568, -0.12001690744886309, -0.5386789272542114, -0.6049130842147813, 0.6769627908352571, 0.03591128215287313, 0.42930036214009454, 0.4324785959291179, 0.04298868101465419, 0.03681282878018697], [0.27615737746815006, -0.1648451664923429, -0.5768896361477427, -0.2742407474542352, 0.4038732753072588, 0.3600154638416976, 0.05135968134047824, 0.10730120127571238, 0.7071782438494351, 0.4401536387416377, -0.14610816212273303, -0.7847233743900707, 0.01483263562187797], [-0.5650206062448855, -0.4375385984627629, 0.13430736371796045, -0.5314133223020201, 0.8045281956003953, -0.09594590915499299, 0.4051354343352086, -0.17822663657215357, -0.13192000038711385, 0.3305989091955671, 0.5482316155734496, -0.11022528101641701, 0.05422349335914997]], "inverted": false, "swapped": false, "error_lsq": 0.03650014413218397, "error_max": 0.22186397890968318, "target": "400.xyz", "model": "10.xyz", "model_rescale": 4.260839863003843, "target_rescale": 4.040375254183458},
{"mapping": [9, 7, 3, 0, 1, 5, 4, 10, 11, 2, 6, 12], "R": [[0.5426835687850231, -0.15684254955759347, 0.8251635951852365], [-0.7458152005213756, 0.36188561793705043, 0.5592839048297205], [-0.38633435110278713, -0.9189337376430322, 0.07941382108547147]], "T": [-0.019772973791703168, -0.0066487643981955075, -0.08066662941056116], "aligned_model": [[0.37154026640012305, 0.1751156551806588, -0.3099510476160719, -0.442595921729777, -0.6453119857373939, -0.3626571945918478, 0.2965274220654516, 0.658251262213779, 0.21392652115999658, -0.15346689790745088, 0.09409610827018527, 0.06342446138647742], [0.010566833267758145, -0.5956455175774851, -0.561168637651534, -0.39639583398219824, 0.07025612968391265, 0.533691667932991, 0.646699879492386, -0.11855294489554019, -0.44153609132308785, 0.2185800404961721, 0.7798425820665317, 0.026740398023027717], [-0.6024787852396509, -0.39353097513025626, 0.10228032428182748, -0.5559569012712284, 0.1890579544791358, -0.2497453586037833, -0.3549887668303485, -0.023761374936005004, 0.5768550462701615, 0.5831069671093027, 0.2846477942352995, -0.039307846968949775]], "inverted": false, "swapped": true, "error_lsq": 0.04744812748669915, "error_max": 0.27479437736590206, "target": "400.xyz", "model": "11.xyz", "model_rescale": 3.890672605050136, "target_rescale": 4.040375254183458},
{"mapping": [12, 9, 6, 5, 2, 11, 1, 7, 10, 4, 3, 8, 13], "R": [[-0.5921295003863377, 0.4998673490134312, -0.6320722175214719], [-0.3265596886965233, -0.8659162608132344, -0.3788770235546839], [-0.7367098645265013, -0.017934956077764602, 0.6759710887751286]], "T": [-0.1288091683621585, -0.04832827112636402, 0.06107065145312456], "aligned_model": [[0.27980357759167523, -0.45998115594510636, -0.5659385138215781, 0.16316288002559787, -0.2465348662192185, -0.5466133538692266, -0.5117597227024975, 0.6675693522517819, -0.061159693284797645, 0.2742370031278796, 0.6290867425222086, 0.14788755205904291, 0.02690469145720134], [0.3431340261793191, -0.0434975787866472, -0.4237960340909914, -0.2891234595864704, 0.5772506565769583, 0.3081223642542171, -0.15382604502738145, -0.11132472477774925, 0.818411670280189, 0.3834655502505034, -0.2930603710634985, -0.7126898391877051, 0.010998215818379689], [-0.42362001317463305, -0.6432887703432196, 0.06155876426288175, -0.6184454866994429, 0.37786048548243406, 0.027236186704770952, 0.730038052021041, -0.23688382327162566, -0.1480368016299356, 0.4381182920678433, 0.5287918756103687, 0.09647796184745361, 0.0369279347634486]], "inverted": true, "swapped": false, "error_lsq": 0.04849431374614009, "error_max": 0.26817743133902244, "target": "400.xyz", "model": "12.xyz", "model_rescale": 4.124412569039231, "target_rescale": 4.040375254183458},
{"mapping": [6, 1, 2, 8, 5, 0, 4, 9, 3, 7, 10, 11, 12], "R": [[0.12144009604256248, 0.029517779493420493, 0.9921597672587574], [0.7188850558038009, 0.6866218648938112, -0.10841905363777851], [-0.6844388793859828, 0.7264152499387133, 0.062163534659295944]], "T": [-0.003495316427302537, 0.1790341939553433, 0.020517988062335117], "aligned_model": [[0.06064193137360435, -0.5807547202798562, -0.32981080492413867, 0.15145099657294436, -0.14278549813676103, -0.42566606333444634, -0.625410092090148, 0.5953386450929097, 0.10411248742265043, 0.44025870111878684, 0.1833188048167784, 0.3751118161408152, -0.009141710580175894], [0.21447529771153145, -0.05562274157711289, -0.6184073571586661, -0.36129823231407127, 0.4619439311829894, 0.5717044650072463, -0.07866641365721283, 0.18243965155772457, 0.8037957416283519, 0.3038165311054706, -0.3434781698184847, -0.7413522685330076, 0.07471399570436466], [-0.6444956632209661, -0.5034781972091268, 0.02134754991952551, -0.42549617102667836, 0.709216909894904, 0.0864673025539574, 0.42682903196574545, -0.20315043033623947, -0.3063565212921638, 0.44547612101557243, 0.5070269665044599, 0.030430615021023684, 0.08291714385137107]], "inverted": true, "swapped": false, "error_lsq": 0.05105996021312688, "error_max": 0.2853719314234724, "target": "400.xyz", "model": "13.xyz", "model_rescale": 3.9028299243045295, "target_rescale": 4.040375254183458},
{"mapping": [8, 4, 10, 5, 6, 3, 7, 12, 2, 1, 11, 13, 15], "R": [[0.5666898098844491, 0.7291613554857121, -0.3836487678063959], [-0.4278026324373221, -0.13755391909756792, -0.8933441817242656], [-0.7041644460300623, 0.6703749973016138, 0.23398674308609196]], "T": [-0.023400151806030868, 0.06803026211838814, 0.009535423329578315], "aligned_model": [[0.2961043197526178, -0.5861617752835443, -0.38422632483979496, 0.02492602213096628, -0.18596057289747653, -0.5174282831331839, -0.744024680966128, 0.6357056233387863, 0.20341589446050315, 0.35802836563308954, 0.46977935910385477, 0.3006671828788079, -0.0741606369855351], [0.2333708023308666, -0.09589168862776559, -0.5805901539953044, -0.2166310012017849, 0.45253565686223307, 0.44817696876971513, -0.19884043674833363, -0.11465939242818118, 0.7386751919910539, 0.4189456275894491, -0.08416972906502557, -0.6257382836875172, 0.03888086904971755], [-0.673901887602374, -0.33074714026608615, 0.07623347954775268, -0.4132344664836946, 0.5292834133754167, 0.02021868676834771, 0.4892314457191183, -0.11870012655145502, -0.19280001288437132, 0.40141480286276116, 0.5381806929011322, -0.20567823617152806, 0.10723400642636556]], "inverted": false, "swapped": false, "error_lsq": 0.04485324127418993, "error_max": 0.289028754151431, "target": "400.xyz", "model": "14.xyz", "model_rescale": 3.942246331269136, "target_rescale": 4.040375254183458},
{"mapping": [13, 11, 6, 4, 0, 8, 7, 3, 12, 1, 5, 10, 14], "R": [[0.47830109087935824, -0.7724846953592417, -0.4177265396157586], [-0.8362659893665172, -0.5458616042827288, 0.05190668549162411], [-0.268117999195236, 0.3245034736418484, -0.9070888788326743]], "T": [-0.004124240548949661, -0.07029163364727244, 0.04586781277350434], "aligned_model": [[0.010388273425659626, -0.4398673409184118, -0.5055826442313517, 0.2833705431146766, -0.24878220461845652, -0.6944927018357145, -0.6052350744765891, 0.6968761279471989, 0.29301044142065685, 0.5256754166232996, 0.42124399483891395, 0.0622802186289103, -0.0022205567258290204], [0.32526410583359855, -0.20264168439775204, -0.317347720931395, -0.2609274398151923, 0.41444400511195123, 0.2786995743678617, -0.14638842159374388, 0.06279686948588971, 0.6528792309660013, 0.4624954014140593, -0.12037786796659024, -0.740404439488129, 0.005572817852563819], [-0.6642412566004859, -0.507957465814702, 0.06296016341869747, -0.4281245032987258, 0.5417421153969707, 0.024952491201186602, 0.6490713873054257, -0.0403520469032841, -0.19248306200580018, 0.34933401239273926, 0.5141976021781927, -0.1898010041975845, 0.10743622456875612]], "inverted": false, "swapped": false, "error_lsq": 0.048278960808808564, "error_max": 0.2806021496773658, "target": "400.xyz", "model": "15.xyz", "model_rescale": 4.355366556412066, "target_rescale": 4.040375254183458},
{"mapping": [1, 2, 3, 8, 0, 5, 7, 4, 11, 6, 10, 12], "R": [[0.024976602912612247, -0.8951135334954095, 0.44513810380634466], [0.5750272690211138, 0.3771040498254199, 0.7260414419903226], [-0.8177529022810408, 0.2378324993743067, 0.524133468738932]], "T": [-0.030639178341541368, 0.0342465245911324, -0.08407102677979517], "aligned_model": [[-0.13511046611348002, 0.44163730764212616, 0.025190060501271233, -0.794718219478066, -0.6177248307345433, -0.40336632622669766, -0.1393103947457225, -0.15961120356762984, 0.6896264779571485, 0.26498018650144184, 0.3815303491713341, 0.04468561372459828], [-0.6278174031030092, -0.3932687894188697, -0.369511673029009, 0.28962996574286193, -0.1274196122514968, -0.11007256361680232, 0.29322725646942605, 0.5181903133088864, -0.152083140667433, 0.033977220075842175, 0.570133132634913, 0.08779172159567086], [0.05987991983647645, 0.2374613112678346, -0.5930185743437963, -0.008350826977173181, -0.5150900089956729, 0.4435381679461856, -0.7196041880090924, 0.5086579602304592, -0.43417934609224945, 0.7390927191675911, -0.2197892721249164, -0.04933940069622511]], "inverted": false, "swapped": true, "error_lsq": 0.05118762952166036, "error_max": 0.3039598353274154, "target": "400.xyz", "model": "16.xyz", "model_rescale": 3.795458400668931, "target_rescale": 4.040375254183458},
{"mapping": [2, 7, 7, 4, 6, 0, 3, 10, 1, 5, 9, 11, 12], "R": [[-0.05720976795765681, 0.971355442079497, 0.23064181666119518], [-0.14309889135265405, 0.22065650590569086, -0.9647970842074169], [-0.9880535156275052, -0.08820040557750936, 0.1263761793697313]], "T": [-0.04962339701563118, -0.02792954899233814, 0.019258003349541673], "aligned_model": [[0.2609763008534846, -0.5794067263101024, -0.5794067263101024, 0.025867043348502122, -0.15623324576083966, -0.4569444973052809, -0.746168359943084, 0.6560327668738315, 0.013154151864426034, 0.4262874969476759, 0.6305375613703843, 0.21553348976701076, 0.08643523779705695], [0.3403372981761599, -0.3672546765141551, -0.3672546765141551, -0.24874575510806274, 0.2867104061844393, 0.3877817710884191, 0.01603316635429715, -0.030384071830912143, 0.8139667182857596, 0.4985124840399444, -0.09103858892429963, -0.7914689306708694, -0.03313071372744191], [-0.4998327415892932, -0.1690575864987888, -0.1690575864987888, -0.581605695765791, 0.6083351543108209, -0.0915752366276971, 0.42579746139716534, -0.18309568881981084, -0.026198201217696847, 0.33381199058974703, 0.594883053882349, 0.06442222858050846, -0.08009249410133853]], "inverted": false, "swapped": false, "error_lsq": 0.052866994468305485, "error_max": 0.3824172919325936, "target": "400.xyz", "model": "17.xyz", "model_rescale": 3.7474275329858107, "target_rescale": 4.040375254183458},
{"mapping": [3, 10, 5, 8, 7, 11, 12, 0, 1, 2, 6, 4, 13], "R": [[0.7953330148056671, -0.42261554939455903, -0.434558963743775], [0.050874158530595445, 0.7608974582587053, -0.6468747003935507], [0.6040341178724364, 0.4923729840531233, 0.6266670798922588]], "T": [-0.05132411760060723, 0.05750626747036934, 0.05096496887566656], "aligned_model": [[-0.08880623041357161, -0.574635156738132, -0.4071408245065675, 0.1078483253773983, -0.321580884786809, -0.5340978545369317, -0.6699747363978463, 0.7537936051719385, 0.21255361418351815, 0.48605555279020324, 0.45806244137076585, 0.3243343867043866, 0.050252254974610056], [0.32089568438974053, -0.12398406509983452, -0.5718113069095279, -0.3153781801279129, 0.5313943299410178, 0.5674175345036223, -0.10348946307557418, 0.02408016912713211, 0.6761837354382106, 0.31280610886236937, -0.2864637669071718, -0.6826286819127397, 0.0650423326097912], [-0.5733829209927819, -0.3609163076638447, 0.02701088084263583, -0.5427317326095593, 0.5703979925410619, -0.11831787279215736, 0.4390225804764066, -0.17221777957942191, -0.11066779422341125, 0.43810551783116675, 0.5170215753624203, 0.03345020751265603, 0.07996031093621428]], "inverted": false, "swapped": false, "error_lsq": 0.046605059189110926, "error_max": 0.3376222090509966, "target": "400.xyz", "model": "18.xyz", "model_rescale": 3.922800546911778, "target_rescale": 4.040375254183458},
{"mapping": [6, 13, 12, 8, 9, 11, 7, 1, 10, 2, 0, 5, 14], "R": [[0.3429637196329882, 0.1359970163454156, 0.9294518269177], [-0.8779943734986613, 0.3981442577814047, 0.2657198338483374], [-0.3339188031845449, -0.9071857370686774, 0.25595365076310617]], "T": [-0.006897976871366148, -0.004896701050642514, -0.05619544560756538], "aligned_model": [[0.3263217387938581, -0.6207638024983787, -0.4075539049141608, 0.044897855641225115, -0.13580143459495483, -0.5592205968554319, -0.650029398878055, 0.7276407738107585, 0.028142672451351464, 0.3407695940177584, 0.4853176200398389, 0.2923020331552204, -0.07535865697606725], [0.308418308417736, -0.08711452701926028, -0.6543877139195642, -0.3073659513370437, 0.5100668164455514, 0.44470711928328016, -0.01607832982018583, 0.02498729373258477, 0.799538565688691, 0.4344334534929238, -0.33944093623905874, -0.7055417198782934, 0.0018420519917621767], [-0.5724958405782924, -0.353218549154151, 0.13419965961623684, -0.5855537348475932, 0.5610076491269265, -0.04989140215244554, 0.41758505659189216, -0.14304470892041876, -0.10370020099443072, 0.3901735029636453, 0.5305298704786096, -0.010264717572767541, 0.01140807308417429]], "inverted": true, "swapped": false, "error_lsq": 0.0354462872275612, "error_max": 0.1841461036241395, "target": "400.xyz", "model": "19.xyz", "model_rescale": 3.9282355846067225, "target_rescale": 4.040375254183458},
{"mapping": [1, 11, 9, 10, 6, 4, 8, 2, 3, 5, 7, 12, 13], "R": [[0.7553478960661462, -0.5424925086217628, -0.3676294792283573], [-0.521614348601748, -0.15812083797341808, -0.8384010209508087], [0.39669639176733207, 0.8250452585694016, -0.40240811879350635]], "T": [-0.05514224596091742, 0.04691176116860368, 0.08459290946598375], "aligned_model": [[0.317699440565849, -0.5278796297410911, -0.4245145600521294, 0.21668623055979525, -0.00552237350565761, -0.5955770057505129, -0.7023112682716324, 0.7191553815435109, -0.09335241713596583, 0.43843334229359143, 0.3664739298373303, 0.08448370512879953, 0.002889717721075956], [0.4513408429547177, -0.13523000409116337, -0.5372505088736921, -0.416857731148152, 0.4051502770539375, 0.3561726010657299, -0.05615797834357299, 0.006134360924111945, 0.7831039306152998, 0.5147511475999678, -0.25194942483207033, -0.7910328339306771, 0.08588975184468578], [-0.42425578209186, -0.4220696159399192, 0.11185755836744268, -0.5886540633011818, 0.6286950028738858, -0.02336934438738114, 0.4708188336172131, -0.19382511802180624, -0.06678787400965228, 0.24333672645213403, 0.4324715782388106, 0.11847202683582975, -0.05995527099213002]], "inverted": false, "swapped": false, "error_lsq": 0.03846560506222175, "error_max": 0.21404713712362633, "target": "400.xyz", "model": "20.xyz", "model_rescale": 4.067790424073018, "target_rescale": 4.040375254183458},
{"mapping": [12, 0, 8, 9, 6, 2, 4, 12, 3, 11, 13, 1, 14], "R": [[-0.5145877691552888, -0.07027233870384146, -0.8545532319574222], [-0.06990101705375927, 0.9967567076501914, -0.03987372028292567], [0.8545836855748145, 0.039215611272088155, -0.5178309185264273]], "T": [-0.05581633494037344, -0.0483749445394005, 0.09577129065799464], "aligned_model": [[0.4067188355593758, -0.4895624495965668, -0.44761442449080524, 0.40190169818665233, -0.18097787901574466, -0.6313815031194134, -0.7274893826315333, 0.4067188355593758, -0.030571399223994225, 0.45046719182457395, 0.4496158791296475, 0.17073890650632226, 0.018100184505073086], [0.23420538402127083, 0.07079796495005915, -0.4618548996658265, -0.4130302964605747, 0.4437417071043546, 0.4223274240471472, -0.07123575109880631, 0.23420538402127083, 0.7672011012751785, 0.341906583637665, -0.2550970034957307, -0.8340195565790023, -0.06508361091788264], [-0.4457298089336852, -0.45388328740483974, 0.06938037444930528, -0.4156684183346311, 0.6340209462593517, 0.06600639648752676, 0.532583830845431, -0.4457298089336852, -0.14494311141415311, 0.19267110112927022, 0.5338669108122367, 0.026920964406103642, 0.07723856827315453]], "inverted": true, "swapped": false, "error_lsq": 0.04902085775290908, "error_max": 0.4087657292777421, "target": "400.xyz", "model": "21.xyz", "model_rescale": 4.186013935880536, "target_rescale": 4.040375254183458},
{"mapping": [0, 1, 9, 2, 4, 7, 10, 5, 6, 3, 11, 8, 12], "R": [[-0.9735052290211521, 0.22841901131459916, -0.010598317721958914], [0.22864774826080073, 0.971821478607249, -0.05729939731695317], [-0.0027885988847573154, -0.05820454439029291, -0.998300783696266]], "T": [-0.028563648544653694, -0.0035327642392032135, 0.011681959992863748], "aligned_model": [[0.04357757574195199, -0.48419439546773335, -0.4134371626476178, 0.3173285838011264, -0.15978101056104155, -0.6476347430113683, -0.6777953698845259, 0.6970790876102321, 0.0338468556944287, 0.6464202594773714, 0.26414479042650824, 0.18142113380470432, -0.004311111791073116], [0.3383702475824978, -0.012581154822092107, -0.48287224411487184, -0.392628873017005, 0.3991897439501552, 0.39021051625359127, -0.02543652035936809, 0.053193982537288916, 0.5495539280548927, 0.5454425840405197, -0.22965536342630732, -0.7401426541449637, 0.021420238304785493], [-0.6205256129387258, -0.5605435069504751, 0.09861182490067982, -0.5162024824770934, 0.6017774896078559, 0.005282823847248487, 0.5354355567459176, -0.2505459404690487, 0.004409492392783383, 0.3204884457231016, 0.5236939897380575, 0.04299317169621639, 0.041859405824867274]], "inverted": true, "swapped": false, "error_lsq": 0.043254715770530076, "error_max": 0.27773548518551816, "target": "400.xyz", "model": "22.xyz", "model_rescale": 4.166573947596378, "target_rescale": 4.040375254183458},
{"mapping": [4, 11, 12, 2, 10, 9, 14, 4, 8, 7, 5, 6, 15], "R": [[-0.794794532868911, 0.10308001925739656, -0.5980603315315143], [-0.47782327828610555, -0.7138436227019829, 0.5119689414951148], [-0.3741477853062996, 0.6926772639242639, 0.6166130413742377]], "T": [-0.04407050732221897, 0.020067151057869537, 0.0064025211309225415], "aligned_model": [[0.4364500579141044, -0.6307098066958449, -0.4827384423648104, 0.19903065634726758, -0.15644984602381778, -0.514129626253618, -0.6245268928499749, 0.4364500579141044, 0.12394367916351783, 0.3543245225378612, 0.47937331760503177, 0.16005286873332064, 0.015593947165821284], [0.2824776945097146, -0.20362343829446022, -0.46302882092641034, -0.3672142162397139, 0.3663193238180808, 0.37964452320322034, -0.04380288019200586, 0.2824776945097146, 0.7891413886563138, 0.34529787277322554, -0.2289954467162299, -0.7125348391927658, -0.012094425069560395], [-0.4835915670322569, -0.47099687150802155, 0.06615266629601489, -0.4872817969871918, 0.6609417103288672, -0.09458116286097229, 0.5402271803856625, -0.4835915670322569, -0.17900295457865292, 0.503288851678977, 0.6022518021885509, 0.03352452687092433, 0.01939383989174067]], "inverted": false, "swapped": false, "error_lsq": 0.04847434631272804, "error_max": 0.44024126476317477, "target": "400.xyz", "model": "23.xyz", "model_rescale": 4.274766983524099, "target_rescale": 4.040375254183458},
{"mapping": [7, 10, 11, 3, 2, 1, 0, 5, 8, 4, 12], "R": [[-0.500069197461458, -0.7725936791642128, -0.39119024101549243], [0.14846212837797867, 0.36855569746107936, -0.9176740675787118], [0.853164576261658, -0.5169774702871326, -0.06960244986911757]], "T": [-0.04098118609563747, 0.13835312771564504, 0.04048616257532261], "aligned_model": [[0.25017643115625254, 0.21606279269812242, -0.5584023125924085, -0.40732824279296054, -0.6548412651429858, -0.5624399444832252, 0.12463856279458108, 0.012054883736598077, 0.5636796023526572, 0.4298040224585864, -0.03350982622714282], [-0.15416892093218384, 0.6081248803919261, 0.4049650691041039, -0.2610300756140983, 0.4619045658674922, -0.15688011220247414, -0.5862717681553856, 0.07231867532092918, -0.27116883378383483, 0.5625600596753016, 0.23523299157170702], [-0.5184780086844857, -0.39393357864708356, -0.5402639089825144, -0.32207153376268866, 0.20688248933280254, 0.3734769532926744, -0.023323908253557173, 0.6969552134412802, 0.38898024536506554, 0.48833970141982774, 0.023002769500256336]], "inverted": true, "swapped": true, "error_lsq": 0.04683667723321385, "error_max": 0.20779960203574868, "target": "400.xyz", "model": "24.xyz", "model_rescale": 3.7841303162186577, "target_rescale": 4.040375254183458},
{"mapping": [1, 2, 12, 4, 10, 9, 14, 6, 0, 7, 11, 3, 15], "R": [[0.9488166873001396, -0.281788541671645, -0.14262577496146062], [-0.048743622737323064, 0.31552892873587957, -0.9476632072488782], [0.31204319115024953, 0.9061107619454458, 0.2856437185435958]], "T": [-0.04857719360024186, 0.07532511643122848, 0.015923521988999646], "aligned_model": [[0.18496678202157474, -0.5369751828102717, -0.5533535300748559, 0.19039240411395775, -0.19981506030514762, -0.6281651772879107, -0.6085532571269051, 0.620829946278288, 0.2305599511197995, 0.4095892049382186, 0.41043229001496084, 0.2663918570834073, 0.010364265227846878], [0.4216681837225928, -0.09917575780677539, -0.4860338088431602, -0.256785541823435, 0.5407092169413816, 0.1173645719090386, -0.07115431807296053, -0.16884318191734954, 0.7388556340516894, 0.4443936212041772, -0.14228877401841578, -0.6642405499599415, 0.0395951354522816], [-0.5993325913436269, -0.53162545020709, 0.08837290830928753, -0.6080158860470077, 0.6207374205926145, 0.0826405503559427, 0.5583896922292064, -0.10366901709365056, -0.13619372218620657, 0.292830636623521, 0.5915814567014132, -0.03735883756814452, 0.008377497275125878]], "inverted": false, "swapped": false, "error_lsq": 0.04058974711706918, "error_max": 0.3152107666718202, "target": "400.xyz", "model": "25.xyz", "model_rescale": 4.19342608120988, "target_rescale": 4.040375254183458},
{"mapping": [1, 2, 3, 8, 0, 5, 7, 4, 11, 6, 10, 12], "R": [[0.024976602912612247, -0.8951135334954095, 0.44513810380634466], [0.5750272690211138, 0.3771040498254199, 0.7260414419903226], [-0.8177529022810408, 0.2378324993743067, 0.524133468738932]], "T": [-0.030639178341541368, 0.0342465245911324, -0.08407102677979517], "aligned_model": [[-0.13511046611348002, 0.44163730764212616, 0.025190060501271233, -0.794718219478066, -0.6177248307345433, -0.40336632622669766, -0.1393103947457225, -0.15961120356762984, 0.6896264779571485, 0.26498018650144184, 0.3815303491713341, 0.04468561372459828], [-0.6278174031030092, -0.3932687894188697, -0.369511673029009, 0.28962996574286193, -0.1274196122514968, -0.11007256361680232, 0.29322725646942605, 0.5181903133088864, -0.152083140667433, 0.033977220075842175, 0.570133132634913, 0.08779172159567086], [0.05987991983647645, 0.2374613112678346, -0.5930185743437963, -0.008350826977173181, -0.5150900089956729, 0.4435381679461856, -0.7196041880090924, 0.5086579602304592, -0.43417934609224945, 0.7390927191675911, -0.2197892721249164, -0.04933940069622511]], "inverted": false, "swapped": true, "error_lsq": 0.05118762952166036, "error_max": 0.3039598353274154, "target": "400.xyz", "model": "26.xyz", "model_rescale": 3.795458400668931, "target_rescale": 4.040375254183458},
{"mapping": [7, 6, 1, 0, 11, 5, 8, 3, 10, 4, 9, 2, 12], "R": [[0.15989227756693852, 0.2854842848089476, -0.9449514181700459], [-0.850745365770351, 0.5253704930220982, 0.014770500397393693], [0.5006663381881481, 0.8015513509369449, 0.3268771169972439]], "T": [-0.03181778739090534, -0.016952832092148727, 0.13946187046015074], "aligned_model": [[0.10064211124763178, -0.7092042715600549, -0.349292118700094, 0.2126805672557815, -0.0916386544012106, -0.5050446876416682, -0.7276335458523242, 0.6087792123784612, 0.09658179828686683, 0.5399194677163203, 0.2542927836394965, 0.4048055441566759, -0.03822371333291927], [0.3906292468141649, -0.14669430942223238, -0.5163604426197194, -0.43013764688881045, 0.38923751757443265, 0.433582570025396, 0.0624236982530535, 0.016856647540450402, 0.6759087194965252, 0.5036995376661413, -0.24026512672814374, -0.7761016248518191, 0.05128564397968386], [-0.5508564060156298, -0.3138610385142711, 0.12700161130735466, -0.5393400560909054, 0.7251285465150636, -0.2346164905794465, 0.34018931455609386, -0.2260090063841147, 0.03390219427106912, 0.4571107389047229, 0.3689104492844098, 0.0506469466070712, -0.011472146220031898]], "inverted": false, "swapped": false, "error_lsq": 0.05428849129910132, "error_max": 0.2657823431174311, "target": "400.xyz", "model": "27.xyz", "model_rescale": 3.6321398670334006, "target_rescale": 4.040375254183458},
{"mapping": [8, 3, 1, 7, 11, 0, 2, 12, 10, 9, 6, 4, 14], "R": [[-0.9121934135535622, -0.3646266492651237, 0.18695074997225472], [0.4096791187858883, -0.8025002187157412, 0.43377000656108755], [-0.008136086302273846, 0.4722719614871037, 0.8814153382445792]], "T": [-0.03263735163410527, 0.06799619753120367, 0.020837950904785893], "aligned_model": [[0.15160402050733796, -0.4411757891920735, -0.4078723510379802, 0.21863578504502415, -0.24820943032411158, -0.5306164189750672, -0.6459708917377972, 0.7395590926717402, -0.028048669241015886, 0.40323123068580485, 0.5366543731434273, 0.09896165662498327, -0.0500881149773094], [0.2778691247908207, -0.15687905063897073, -0.4536584538943682, -0.32674190711985174, 0.431048418316605, 0.4176023422771203, -0.01823023097598292, 0.01502977412782721, 0.8446513061668751, 0.41170153852628855, -0.3134922284391326, -0.7497687058977691, 0.03493250359966127], [-0.4139471534737805, -0.4832330240187358, 0.2061547499672129, -0.5971677315316952, 0.5048292734414314, -0.11774085795850779, 0.5206685575538621, -0.2697079839372163, -0.017338209465469115, 0.39293656517002784, 0.38728160290501323, 0.04107445514979867, 0.07292441383944415]], "inverted": true, "swapped": false, "error_lsq": 0.03668565355814124, "error_max": 0.22832788459380587, "target": "400.xyz", "model": "28.xyz", "model_rescale": 4.156811204709835, "target_rescale": 4.040375254183458},
