[{"mapping": [0, 5, 2, 4, 1, 8, 7, 14, 9, 3, 12, 13, 11, 15], "R": [[-0.7580008696884826, 0.33966233020980674, 0.556834071324617], [0.6130702604479664, 0.6624541804459634, 0.43046406884190697], [-0.22266462966930145, 0.6676705476850926, -0.7103777181529003]], "T": [0.031693885036310605, 0.035358634160382325, 0.1225310036374181], "aligned_model": [[0.11142394195598973, 0.25931929284608307, -0.45527101538969816, -0.3032467707384966, -0.6805478051936587, -0.30968428931511705, -0.6880648160190446, -0.07502789769754148, -0.340106201387513, -0.01385042286284121, 0.7552086494355138, 0.4053224888443806, 0.654815781848, 0.05120116480224738], [-0.6191715754939652, -0.4582648645377023, -0.35236656287787194, -0.30355979362316593, 0.23740357594529593, 0.3484046108896707, 0.0469007288160354, 0.5606853924220073, 0.6564027393320083, -0.014501429597382758, 0.4165524728081803, 0.6786902890216496, -0.04186862030478624, 0.07996636901006102], [0.2951540134210332, -0.33788316935095736, 0.29065039346140886, -0.4058271006418822, 0.6432431458114031, -0.4716546334611066, -0.0801904303751775, 0.5777043358508288, 0.08683026431943378, 0.8046879138892393, 0.4112656732656621, -0.09060959045706247, -0.0027297043078167577, 0.1769469757548275]], "inverted": false, "swapped": true, "error_lsq": 0.045769061196899205, "error_max": 0.31851647642112746, "target": "401.xyz", "model": "0.xyz", "model_rescale": 3.8414455957264533, "target_rescale": 4.160891104529238},
{"mapping": [8, 7, 5, 2, 4, 0, 10, 6, 12, 11, 3, 9, 14, 13, 15], "R": [[0.7825383374519098, -0.5840127129917971, 0.21578438655741913], [-0.5313824373496858, -0.8070998095527916, -0.25733752679342137], [0.32444792447218423, 0.08671244711002206, -0.9419206419979782]], "T": [-0.0021406743591109497, 0.015605553883129585, -0.1097084393546926], "aligned_model": [[-0.7157886041462113, -0.6329577856179077, -0.0879534055212671, -0.13643557749687327, -0.5431311956692038, 0.29682167883784444, 0.6693012827597018, -0.18486850049747203, 0.6199558845776232, 0.34068418435359155, 0.4659642011520981, -0.39273522786956294, 0.15519463156042754, -0.023718555492665293, 0.041711142574421746], [0.1733729708044732, -0.03192413191983307, -0.5699387635522051, -0.3281217374181969, -0.44408049249062476, -0.5778757095384705, -0.2144598802138655, -0.07831861972225265, 0.4650713010238503, -0.0800524162628275, 0.12869626525127023, 0.6048397740811581, 0.6324654925466106, 0.595218057619544, 0.07215241783438456], [0.07307418365045018, -0.5085724369937796, 0.28681737686129133, -0.6384297270913684, -0.06247259955431895, -0.26125672265666106, -0.039324422679363424, 0.5955208855306178, 0.29418075321960374, 0.4225094305722176, -0.5975472207867716, -0.2692219376444317, -0.40848916463179413, 0.4026260267309337, -0.1242326371870907]], "inverted": true, "swapped": true, "error_lsq": 0.04433959589038482, "error_max": 0.2778654265359891, "target": "401.xyz", "model": "1.xyz", "model_rescale": 4.316132596720782, "target_rescale": 4.160891104529238},
{"mapping": [13, 8, 6, 3, 11, 14, 0, 1, 4, 9, 2, 15], "R": [[0.5792435961902771, -0.8090896734233162, 0.09925097799169202], [-0.05462790399294121, -0.16001297170440407, -0.9856021717669173], [0.8133219832132252, 0.5654818734902806, -0.13688536216860112]], "T": [-0.07657260051256604, 0.003418623808969133, -0.14254921983072308], "aligned_model": [[-0.25386590710039875, 0.544531913729003, 0.10940551133684151, -0.5442717759305948, -0.38364964203951996, -0.41554064709945365, -0.16635213117179087, -0.020553159103221058, 0.5816650681164695, 0.10891566640997416, 0.1733572356609664, -0.13583357817649472], [-0.6982061277199193, -0.3410573837702016, -0.6199217716696057, 0.47014329818664397, -0.37893090766683224, 0.042810483905843376, 0.4321457438590894, 0.604901988650097, 0.06273373719530938, -0.1594540209322122, 0.5973514898359658, 0.00025989786680269845], [0.13166357356563033, 0.10876507621139883, -0.4837507772545415, 0.0399991841190295, -0.554189497768458, 0.47234056620007203, -0.6647542305702531, 0.5314916563878583, -0.40602240416173596, 0.5388260307105073, -0.16510137146389653, -0.10000934476619011]], "inverted": false, "swapped": true, "error_lsq": 0.04634075017831443, "error_max": 0.2524351180653853, "target": "401.xyz", "model": "2.xyz", "model_rescale": 3.795458400668931, "target_rescale": 4.160891104529238},
{"mapping": [12, 13, 14, 7, 10, 2, 9, 6, 8, 4, 3, 15], "R": [[-0.2896617971744354, -0.8791559142408032, 0.3783925497589691], [-0.49558824585353956, -0.20045392817030122, -0.8451097640264886], [0.8188335202160986, -0.43232291303667125, -0.3776354922858798]], "T": [0.11654607282518414, 0.1078000246199959, 0.016210792831370592], "aligned_model": [[-0.24428706716315696, -0.04974247717893043, -0.5713503971885306, 0.175309931844471, 0.08249725662545652, 0.15091640601258202, -0.27497650660121964, 0.6272175294969091, 0.3548578575415413, 0.6929040293135578, -0.39946284192780424, 0.04942010496868886], [-0.1486970405830385, -0.5909897292271858, -0.03270883036747725, 0.09895208328856973, 0.5163933623294158, 0.5945041973820537, -0.34927559802868385, -0.35036640982063577, -0.42987722915966403, 0.12888632319140567, 0.5486420379425174, 0.1003058783424325], [-0.7295497364274478, -0.27178896869071234, 0.05616342011167139, 0.7616974193441554, -0.5674076424874656, 0.43771702091423614, 0.4199403713869376, -0.2461968884655624, 0.4870654167200559, 0.43284024923699876, -0.0801815270361454, -0.011527703967621351]], "inverted": false, "swapped": true, "error_lsq": 0.041219123838870254, "error_max": 0.2082056277252102, "target": "401.xyz", "model": "3.xyz", "model_rescale": 3.7530521520055578, "target_rescale": 4.160891104529238},
{"mapping": [4, 13, 11, 12, 0, 14, 2, 9, 1, 3, 15], "R": [[-0.9406438388552071, 0.31358751160203546, -0.12981541122294582], [0.32130926094509416, 0.94599656440164, -0.04302161051391899], [0.10931389323712104, -0.08217890670687449, -0.9906044114770568]], "T": [-0.07570614556527701, -0.19111450950944553, -0.05344800667737499], "aligned_model": [[-0.4520171644299597, -0.17874311269984622, 0.3587085104386136, 0.4505452541706656, 0.3501485610700539, -0.14601274641236528, -0.18895369045444277, -0.6356080427691195, -0.4276488006170079, 0.2600521691265113, -0.052271334977897765], [-0.7940814070613958, 0.22107865176171398, -0.29374589195545764, 0.3252705868898691, -0.6118595009439722, 0.49494673868952077, -0.4301969943918237, 0.2678233777535508, 0.24078368275122813, 0.16919343169284995, -0.12200931687173724], [-0.021289532252331503, -0.7002733662498413, -0.5124533422232799, -0.5101272845788806, 0.272415157630329, 0.08409271387775216, 0.5345522746993436, -0.08648599637338744, 0.6598905089567056, 0.4233568818946129, -0.050847238135706734]], "inverted": false, "swapped": true, "error_lsq": 0.04724795538869698, "error_max": 0.2635405909136239, "target": "401.xyz", "model": "4.xyz", "model_rescale": 3.7855080009869324, "target_rescale": 4.160891104529238},
{"mapping": [11, 2, 1, 12, 4, 6, 7, 0, 5, 3, 13, 8, 15, 10, 9, 16], "R": [[0.05551524074540981, 0.25183706839012565, 0.9661760445331102], [-0.9984220965774004, 0.022189744229171637, 0.051584225467020434], [-0.008448379191752786, -0.9675152227410748, 0.25267156281093694]], "T": [-0.01255898666686162, 0.05826444913596452, -0.010066204782266252], "aligned_model": [[-0.5560087590469153, 0.4875482967889557, 0.16352798566847265, -0.2933361590335736, 0.12198077192597745, -0.43606506701831227, 0.01943031368384909, 0.5993039246161503, 0.6255447307102348, 0.6487414656173275, -0.7183302523215825, -0.4773760163058761, -0.3116520858191107, 0.18677396487407, 0.36050790427784457, -0.0008241571154632837], [-0.3264767367272979, 0.3275478279785364, -0.39787619019965553, 0.11814205307872008, -0.6674729273241107, -0.41502839273816566, -0.37312186298593536, -0.376622458322038, -0.23460961157354032, 0.2672936768414336, 0.1801936430294402, 0.23993167856418146, 0.7720560579424508, 0.3248790090178495, 0.6611339575152673, 0.10450695616827518], [-0.44489121912819657, -0.4824694800590814, -0.5880221151332523, -0.627029830155741, 0.03689226231341106, 0.1406439601138774, 0.6016951917219979, -0.22212996603912338, 0.39261440693421495, 0.027418447714753096, -0.11909753572901288, 0.4861716622462983, 0.27341741718346046, 0.6381215187695256, 0.05538201900105034, -0.03477807469434463]], "inverted": true, "swapped": false, "error_lsq": 0.03957334852732548, "error_max": 0.3371901334461249, "target": "401.xyz", "model": "5.xyz", "model_rescale": 4.2253639853439635, "target_rescale": 4.160891104529238},
{"mapping": [3, 0, 11, 12, 10, 6, 13, 14, 4, 2, 5, 8, 9, 15], "R": [[-0.5831633545785976, -0.6042806056571075, 0.5429230622319486], [-0.5352455413160937, 0.7885693794586582, 0.30277143901205195], [-0.6110914108199189, -0.1140319402924731, -0.7833032645248295]], "T": [0.08371562378987069, 0.030138109434161175, 0.003016750312663248], "aligned_model": [[0.5318760418965816, -0.18851047692570316, -0.37527208369162574, 0.08381643728016, -0.11143106891899829, -0.5116157799775469, 0.07895153256574078, 0.7166755083378351, -0.2616916446357547, 0.25386612658469443, -0.6012629571193908, 0.040086583747789895, 0.586119042591664, 0.13245489102233782], [-0.20906144627551929, 0.10110845500028066, -0.41562453956573286, -0.8272330677821473, -0.44501646708994147, -0.056098407683198556, -0.40154975446743535, -0.24649488555125754, 0.6497294854113781, 0.4936944304396056, 0.19691769814129761, 0.4718816769400597, 0.157046510917926, -0.024200541800324986], [-0.45723771445108263, -0.6178065264519512, 0.026705085223428467, 0.13364875514827199, -0.49182081119830806, 0.42456555213124175, 0.6452984300887078, 0.13483660789202712, 0.05791279455223557, -0.4115844020670939, -0.09919679048446131, 0.6117470191807848, 0.509663264196006, 0.004826945171642245]], "inverted": true, "swapped": true, "error_lsq": 0.040647223347452556, "error_max": 0.20603163873349972, "target": "401.xyz", "model": "6.xyz", "model_rescale": 3.89814844738969, "target_rescale": 4.160891104529238},
{"mapping": [2, 4, 5, 1, 10, 8, 9, 3, 14, 13, 6, 12, 15], "R": [[-0.9261966616462285, -0.29829855531642235, -0.23060293981542657], [-0.12171144539608739, -0.3423274307094082, 0.9316642390064624], [-0.356855808436653, 0.8909713250604818, 0.280756175185858]], "T": [0.01673355596294708, 0.07800517434699056, -0.06987639918719026], "aligned_model": [[0.15071971630003816, 0.06130713176275232, 0.47240736020560115, -0.4054073340781667, 0.6097791522946432, -0.516735180852641, -0.7019954249136747, 0.15490342101299048, -0.4101432366369279, -0.39950062024063937, 0.05843065209244232, 0.07819233887043352, -0.003326174912629022], [-0.3467025082641508, 0.3346426919768366, 0.5389075290393521, -0.7037797938878041, -0.03734627663378548, 0.45325710360109744, -0.013238306859502655, -0.5383996642277853, -0.31539466570696606, 0.5109769215170115, 0.8110345410684368, 0.22469869271000095, 0.04512500113774468], [-0.5361390559261296, -0.7319667335260595, -0.3654928720065119, -0.24267932510961332, 0.3092136679173779, -0.4469579675985075, -0.05230065435484507, 0.19630497416171622, 0.3270534107275902, 0.4181681083054296, -0.04776510774550531, 0.78268086929735, -0.007844283305996173]], "inverted": false, "swapped": true, "error_lsq": 0.04753007732898416, "error_max": 0.25134779244592204, "target": "401.xyz", "model": "7.xyz", "model_rescale": 3.7474275329858107, "target_rescale": 4.160891104529238},
{"mapping": [2, 0, 5, 4, 11, 8, 7, 9, 6, 13, 1, 14, 3, 12, 15], "R": [[0.8303816196658671, -0.21926944926463426, -0.5122375175055761], [0.26491629894836843, -0.6533982799446827, 0.7091474052105308], [-0.4901894738492353, -0.7245630382406448, -0.4844818710157232]], "T": [0.037827144777787404, -0.03547002911633932, -0.03148649829633944], "aligned_model": [[-0.3937557776776193, 0.20487769472481482, 0.34873253502714513, -0.22768274943925834, 0.669331653704852, -0.32534906414646375, -0.6691626170975747, -0.4177834922589766, 0.4451838274128715, 0.3221366107829216, -0.7126049749495601, -0.15786091051683399, -0.022304827808190146, 0.6894399155138898, 0.048955899066728606], [0.13241702617228496, 0.16199900732111738, -0.471891313610763, -0.5608311646838031, -0.1405536282157635, -0.6494794121705182, -0.2584471558568111, -0.1031250724722477, -0.640616064997322, -0.2603938542797204, 0.45784100712937015, 0.3979803321835228, 0.6464754852135361, 0.259861043275357, 0.01788172697135359], [-0.48012877184111064, -0.6620937248995489, -0.5008829151874409, -0.43112809178713724, -0.021755903326590845, 0.21077148732420242, -0.13011947987977118, 0.5280198646241399, 0.054643739605152994, 0.652238786445128, 0.08141777093045914, 0.48655546285917095, -0.06659805625854438, 0.4587485688557351, 0.017105918232416757]], "inverted": true, "swapped": true, "error_lsq": 0.04309555910524928, "error_max": 0.3372037065277977, "target": "401.xyz", "model": "8.xyz", "model_rescale": 4.019505241142653, "target_rescale": 4.160891104529238},
{"mapping": [9, 13, 3, 1, 7, 2, 10, 8, 4, 6, 12, 5, 15], "R": [[0.2737853218501513, 0.5770306263409024, 0.7694655637545029], [0.9348048788771648, -0.34783456434096854, -0.07177014892821326], [0.22623314515529852, 0.7389497764492214, -0.6346430429137211]], "T": [0.05390644740707624, 0.011673366477591318, 0.009625865940026882], "aligned_model": [[-0.3463620425123159, -0.7162430527885243, 0.2684869550624291, 0.28855097304013566, 0.29875708972075965, 0.6360263190188085, 0.22790957822171765, -0.2117520576680375, 0.37479579242761324, -0.29120060376465434, -0.5195200992581444, 0.29169587790103146, 0.018556042340357543], [-0.5180957008539714, 0.051917866384956074, 0.2533798196185073, -0.4658488697542831, -0.694675604419025, -0.22402385785100473, 0.6982728327906608, -0.613176592203925, -0.37869294533765674, 0.10256466364693706, 0.6323234515583425, 0.18357112417330976, 0.03586204036121135], [-0.2807798827932484, 0.07406957902924409, -0.5948834858392998, -0.7226076892214935, -0.010401160147811441, -0.13636401527984537, -0.07417388868040367, 0.3360940889281926, 0.5104825328536232, 0.6516535170901329, -0.18563174297922821, 0.6587530053207628, -0.04950736423674622]], "inverted": true, "swapped": true, "error_lsq": 0.05653133877150755, "error_max": 0.34487046318553977, "target": "401.xyz", "model": "9.xyz", "model_rescale": 3.877068213659057, "target_rescale": 4.160891104529238},
{"mapping": [7, 13, 2, 4, 9, 8, 11, 14, 10, 6, 1, 0, 5, 12, 3, 15], "R": [[0.4143368291388372, 0.30799226523308343, 0.8564261536033145], [0.6830497017557318, -0.7271079940644615, -0.06897151512734101], [0.6014716094302207, 0.6135590676733164, -0.5116416456126992]], "T": [0.08351312394804801, 0.029767648363540046, -0.02080534151286187], "aligned_model": [[-0.5726011601322094, 0.6508809648943069, 0.08520035851719295, -0.19707782454573536, 0.17458741129225142, -0.4224602387006907, 0.03160093259149212, 0.687515603534137, 0.5782461184845632, 0.595851590734999, -0.7515299497257669, -0.4127005889041251, -0.35520467761470154, 0.1396178852552475, 0.15685122299238508, 0.030989212828702414], [-0.16475350829150176, 0.10711020720514586, -0.33764434624382966, 0.3163494516789903, -0.6226530720897758, -0.5365093506958889, -0.27660912088705975, -0.4298438591843759, -0.29880972611084894, 0.3276287475439316, 0.2651755811568891, 0.10168888827458017, 0.6468541843564446, 0.4226352164766007, 0.6436585481426439, 0.04019883893346552], [-0.4657347013625398, -0.5401803097347474, -0.5734000731269514, -0.5659936295169188, -0.062011913896096726, 0.11573861636984073, 0.6485926536408652, -0.20372557938164848, 0.3671211367795174, 0.1497602944467096, -0.006920800080600115, 0.5975516120834488, 0.17342735380580784, 0.6122053577625309, -0.16405627213877574, 0.05156491940939545]], "inverted": false, "swapped": false, "error_lsq": 0.03560522398236588, "error_max": 0.21815956041426296, "target": "401.xyz", "model": "10.xyz", "model_rescale": 4.260839863003843, "target_rescale": 4.160891104529238},
{"mapping": [13, 8, 4, 6, 0, 11, 12, 9, 7, 2, 3, 15], "R": [[-0.7552853459296385, -0.6553632336571167, -0.006563398085894234], [0.621826064731684, -0.7197269061264286, 0.30874832115816714], [-0.20706615233845918, 0.2291117905481223, 0.951121125823404]], "T": [-0.02645688040004291, 0.08614590311218132, 0.012165606633087127], "aligned_model": [[0.3667587739844387, 0.21619372114958482, -0.3553874783820704, -0.28420526108812366, -0.5974530399533287, -0.3448787771062239, 0.14254323748897038, 0.6517777728322448, 0.1794814370836564, -0.16229824851254715, 0.12502461417079008, 0.021341897426739115], [0.08665289435166426, -0.6093369944549784, -0.5263050352787491, -0.21463686176782912, 0.29866608819115203, 0.3229283280962788, 0.7074758794879229, -0.1691913586921677, -0.47569953212182703, -0.02329060989978851, 0.6351074057266796, 0.14070830189457612], [-0.6543807583618169, -0.1460040414138089, 0.16356487913794643, -0.6064256235946818, 0.31772073675322116, -0.4903050601625531, -0.5688146744285243, 0.009662506520334173, 0.4607198439341588, 0.6328914271280628, 0.39373209571994544, 0.0038167461632207765]], "inverted": true, "swapped": true, "error_lsq": 0.04559684049956533, "error_max": 0.21897430863279452, "target": "401.xyz", "model": "11.xyz", "model_rescale": 3.890672605050136, "target_rescale": 4.160891104529238},
{"mapping": [11, 12, 3, 5, 0, 8, 13, 4, 6, 9, 1, 14, 7, 15], "R": [[-0.8174126505958218, -0.3492153096635498, -0.4581323238350513], [0.1586035793979897, 0.6281238112288456, -0.7617777775503138], [0.5537882837764437, -0.6953482187105544, -0.4580495513457039]], "T": [0.17956155415376968, 0.014892825868582031, 0.10009371914795848], "aligned_model": [[0.3702133322815636, 0.08226995140721743, 0.4018293012989694, 0.5681527667982094, 0.855018935418449, -0.35839149560275346, -0.3851264628031034, 0.2673658235498688, 0.06428769023277706, -0.4990216889554114, -0.040573165528588584, -0.21021323576688195, -0.0637490462061277, 0.1578131286695053], [-0.32160760057262333, 0.11319187508803008, 0.6518667869922252, -0.5779734749195625, 0.026847768014902622, -0.36379600462437767, -0.18671287307806866, -0.4259101184309452, -0.6773420257096403, 0.22010270402848864, 0.7699179262072106, 0.5687628504053814, 0.06775225066667187, 0.06705245576007246], [-0.41015578313005885, -0.7560731497097244, -0.02139529917759117, 0.17055728619773333, 0.19053589010085634, 0.46723769461482867, -0.3891766051499693, 0.6516337489848066, -0.11689120214404539, 0.25049091226691667, 0.5481219792599145, -0.08923169720107851, 0.8052799501994283, 0.05385671024484513]], "inverted": false, "swapped": true, "error_lsq": 0.039420500065721405, "error_max": 0.25095625033950064, "target": "401.xyz", "model": "12.xyz", "model_rescale": 4.124412569039231, "target_rescale": 4.160891104529238},
{"mapping": [11, 8, 9, 5, 13, 12, 4, 10, 7, 2, 14, 1, 15], "R": [[-0.4108354714370346, -0.9039764975157965, 0.11849349074182663], [-0.8769115241299739, 0.4273676997625242, 0.2199614239991538], [-0.24948024823050846, -0.013540352239242381, -0.9682852186231501]], "T": [0.04717469545406297, 0.03924596870826459, -0.0529161393294674], "aligned_model": [[-0.13310723982981612, -0.03275120616915894, 0.5486965873881114, -0.6381166954934284, 0.40828118887055365, 0.47327964345549656, -0.5153344584160162, -0.03086578163609223, -0.013835046939593115, -0.128392697867849, 0.7461891820162073, 0.5693335260473292, 0.11392130608401298], [-0.5134314553364515, 0.6002751712367894, 0.4967201298828592, -0.10253370462463578, -0.13716160411451433, -0.6680473005103408, 0.46873122229122016, -0.6040487620131112, 0.7779032356935772, 0.3767728778726227, 0.07506843109579632, 0.5666992098534701, 0.010537925181195534], [0.21537713459845512, 0.44352267559540337, 0.200853069578021, 0.08024890547937744, 0.6084350028365342, 0.21226468761464276, 0.020152997157138572, -0.350909241448941, -0.15264096454818407, -0.5734749236105137, -0.12100433932458281, -0.5709844290836497, -0.060142493875862055]], "inverted": true, "swapped": true, "error_lsq": 0.050913668014961555, "error_max": 0.3236451389054307, "target": "401.xyz", "model": "13.xyz", "model_rescale": 3.9028299243045295, "target_rescale": 4.160891104529238},
{"mapping": [6, 0, 3, 2, 7, 9, 14, 4, 10, 5, 1, 11, 12, 13, 8, 15], "R": [[0.40892489161962087, -0.8273555861223395, 0.3850495645057158], [0.8015523865533686, 0.12394280070407783, -0.5849375639880112], [0.4362272396635506, 0.5478329273289342, 0.7138521409295695]], "T": [0.027834096521139707, 0.05768280201765216, -0.050969015696148604], "aligned_model": [[-0.4346290886952877, 0.510517211968299, 0.1223238990832576, -0.20937615230125356, 0.14917557712082724, -0.36888352430579374, -0.14453408295561804, 0.6425243054064047, 0.4277748750005904, 0.43619160648164546, -0.6072760408097717, -0.5644002727563133, -0.14391050494460433, 0.30255960010083377, 0.309225749914058, -0.007516296805225673], [-0.326120352991336, 0.23003536525210552, -0.2670272382640424, 0.4662365509224874, -0.8364313778312947, -0.5473619266776688, -0.16563235566564571, -0.19137901719424724, -0.3664942564378131, 0.30991988554808325, 0.16580340705515056, 0.08538820660660745, 0.6141172133903176, 0.3271382296007229, 0.7527744256346978, -0.04649007868271321], [-0.33946720074045683, -0.7025271583461095, -0.5747289914390297, -0.6157387932738864, 0.029430202683703485, 0.22720622056165551, 0.7877622904059335, -0.19056640533562869, 0.41322253833978384, 0.12713890497575875, -0.13549004248026975, 0.38987965532490126, 0.3299835097825708, 0.6451423417921069, -0.2358298599434986, -0.02147854724769768]], "inverted": false, "swapped": false, "error_lsq": 0.03604765028367534, "error_max": 0.2494200018253259, "target": "401.xyz", "model": "14.xyz", "model_rescale": 3.942246331269136, "target_rescale": 4.160891104529238},
{"mapping": [13, 12, 14, 10, 0, 3, 7, 9, 8, 1, 2, 4, 11, 5, 15], "R": [[-0.2939818241218207, -0.21595576922931484, -0.9310949429690731], [0.9533204547510612, -0.1365265640845472, -0.2693336366896974], [-0.06895504070941255, -0.9668110482590913, 0.24601138047846557]], "T": [-0.08490778840475607, -0.03447878658778845, 0.0010110013919884045], "aligned_model": [[-0.8127995316625531, -0.4596441239622351, -0.16068627535173416, 0.1972475273467055, 0.46020332979276624, 0.36549415185781287, 0.05418443278239113, -0.41821932112983884, -0.5318541808520648, 0.3350141860303876, 0.4734853373837121, -0.02378739319083735, -0.3318963227086197, -0.07975021707296862, -0.09269756273071383], [-0.11071264400496592, -0.5876111773332299, 0.21118226671595638, -0.6639362098039873, -0.3745575422457379, -0.08794350639971177, 0.6540423108815109, 0.5459933490489709, 0.46419583140575754, 0.6380634559830084, 0.24759136097565607, 0.20441183844766492, -0.6222619595888883, -0.3786724398847405, -0.04164024431561231], [-0.25051409409845216, -0.5519512970454309, -0.6535489821233044, -0.18034512808906744, 0.22853174682176405, -0.5129714653200566, 0.25766999665019585, -0.2767679566354233, 0.34620074696884445, -0.4355711628729605, 0.15709854357834319, 0.6684005401913397, 0.059686358506838205, 0.6246798429450419, -0.07123520911715653]], "inverted": false, "swapped": true, "error_lsq": 0.04051610554725682, "error_max": 0.269498627452018, "target": "401.xyz", "model": "15.xyz", "model_rescale": 4.355366556412066, "target_rescale": 4.160891104529238},
{"mapping": [13, 8, 6, 3, 11, 14, 0, 1, 4, 9, 2, 15], "R": [[0.5792435961902771, -0.8090896734233162, 0.09925097799169202], [-0.05462790399294121, -0.16001297170440407, -0.9856021717669173], [0.8133219832132252, 0.5654818734902806, -0.13688536216860112]], "T": [-0.07657260051256604, 0.003418623808969133, -0.14254921983072308], "aligned_model": [[-0.25386590710039875, 0.544531913729003, 0.10940551133684151, -0.5442717759305948, -0.38364964203951996, -0.41554064709945365, -0.16635213117179087, -0.020553159103221058, 0.5816650681164695, 0.10891566640997416, 0.1733572356609664, -0.13583357817649472], [-0.6982061277199193, -0.3410573837702016, -0.6199217716696057, 0.47014329818664397, -0.37893090766683224, 0.042810483905843376, 0.4321457438590894, 0.604901988650097, 0.06273373719530938, -0.1594540209322122, 0.5973514898359658, 0.00025989786680269845], [0.13166357356563033, 0.10876507621139883, -0.4837507772545415, 0.0399991841190295, -0.554189497768458, 0.47234056620007203, -0.6647542305702531, 0.5314916563878583, -0.40602240416173596, 0.5388260307105073, -0.16510137146389653, -0.10000934476619011]], "inverted": false, "swapped": true, "error_lsq": 0.04634075017831443, "error_max": 0.2524351180653853, "target": "401.xyz", "model": "16.xyz", "model_rescale": 3.795458400668931, "target_rescale": 4.160891104529238},
{"mapping": [2, 4, 5, 1, 10, 8, 9, 3, 14, 13, 6, 12, 15], "R": [[-0.9261966616462285, -0.29829855531642235, -0.23060293981542657], [-0.12171144539608739, -0.3423274307094082, 0.9316642390064624], [-0.356855808436653, 0.8909713250604818, 0.280756175185858]], "T": [0.01673355596294708, 0.07800517434699056, -0.06987639918719026], "aligned_model": [[0.15071971630003816, 0.06130713176275232, 0.47240736020560115, -0.4054073340781667, 0.6097791522946432, -0.516735180852641, -0.7019954249136747, 0.15490342101299048, -0.4101432366369279, -0.39950062024063937, 0.05843065209244232, 0.07819233887043352, -0.003326174912629022], [-0.3467025082641508, 0.3346426919768366, 0.5389075290393521, -0.7037797938878041, -0.03734627663378548, 0.45325710360109744, -0.013238306859502655, -0.5383996642277853, -0.31539466570696606, 0.5109769215170115, 0.8110345410684368, 0.22469869271000095, 0.04512500113774468], [-0.5361390559261296, -0.7319667335260595, -0.3654928720065119, -0.24267932510961332, 0.3092136679173779, -0.4469579675985075, -0.05230065435484507, 0.19630497416171622, 0.3270534107275902, 0.4181681083054296, -0.04776510774550531, 0.78268086929735, -0.007844283305996173]], "inverted": false, "swapped": true, "error_lsq": 0.04753007732898416, "error_max": 0.25134779244592204, "target": "401.xyz", "model": "17.xyz", "model_rescale": 3.7474275329858107, "target_rescale": 4.160891104529238},
{"mapping": [11, 3, 0, 14, 6, 8, 5, 2, 13, 4, 9, 1, 7, 15], "R": [[-0.8816462817105789, -0.4711231700834928, -0.027254220891291314], [0.1309207122770742, -0.18869814365277876, -0.9732691188355146], [0.45338681172126577, -0.8616472417367075, 0.22804479771472508]], "T": [0.09886946577416374, -0.07494918591042882, -0.06519263167550263], "aligned_model": [[0.48526128637811167, 0.05205450379931546, 0.6868511185958684, -0.45282402297092944, 0.31481411496151557, -0.2812842085825842, 0.6832951109311998, 0.1772545573263007, -0.2518798077783261, 0.27890015250196626, -0.6177247947511083, -0.47845476483145594, -0.24596682236231826, 0.06455122466532105], [-0.5457861078658373, 0.34609837043297614, 0.26489177540871933, 0.0008131623355739914, -0.7081032852635283, -0.2979718173829541, -0.25349369582255205, 0.5384390786113527, -0.751070203018595, 0.03510224857630401, -0.11984681255840254, 0.6129250414805809, 0.31862177451191903, -0.08021128793432354], [-0.26254801155477014, -0.6041041965697748, -0.12308112611150374, -0.49465143677599, 0.23819392780037926, 0.5458208726991727, 0.30090464870103195, 0.11740086839877903, -0.20208011067950868, 0.6142857443921059, 0.0332070457866544, -0.17822934631629378, 0.46910281187472935, -0.12942697298335687]], "inverted": false, "swapped": true, "error_lsq": 0.032901898514239046, "error_max": 0.21801259290250427, "target": "401.xyz", "model": "18.xyz", "model_rescale": 3.922800546911778, "target_rescale": 4.160891104529238},
{"mapping": [10, 11, 0, 3, 8, 12, 6, 1, 13, 2, 4, 7, 14, 9, 15], "R": [[0.27981986796789093, -0.7947129858026835, -0.5386391293686488], [-0.2773021564256211, 0.4702341303442439, -0.8378444824077396], [0.9191323928206059, 0.38381132455410505, -0.08879477243560585]], "T": [0.09478004198330243, 0.03261711326714041, -0.07250064960211683], "aligned_model": [[-0.17783651779657222, -0.3208284703617876, 0.3801980996202255, 0.016210370437082303, 0.30298215255952415, -0.755376403970367, -0.11557003322405933, 0.42368387719464423, -0.5300601710660787, 0.6677288652383457, 0.6666636915812943, 0.6934646936989791, -0.22572774267184054, 0.02860959868640063, 0.041908826961827635], [0.42821141971973425, -0.13228125690622683, 0.3359579541816056, 0.7102463938132102, -0.57989496766772, 0.1594963875921055, -0.6136690024927421, 0.562712682128856, -0.3514131423208437, 0.3278691589126341, -0.37372158083331525, -0.09718709472109015, 0.36972345717736554, -0.10222703171474277, 0.07378812816574883], [-0.5996663461200245, -0.530772712959502, -0.6120247430783994, -0.0050934911989651555, 0.313600690287479, -0.1877644059273589, -0.3511163561715003, 0.5832984613048573, 0.17447776145942537, -0.05559954393209932, -0.19103835220750626, 0.35646245241329233, 0.4549219296308475, 0.6364733672835763, -0.04349954362079288]], "inverted": false, "swapped": true, "error_lsq": 0.03365432103604709, "error_max": 0.20840816713021654, "target": "401.xyz", "model": "19.xyz", "model_rescale": 3.9282355846067225, "target_rescale": 4.160891104529238},
{"mapping": [11, 10, 0, 12, 13, 3, 14, 2, 9, 8, 5, 6, 4, 15], "R": [[0.12264779124520604, -0.5274921588148198, -0.8406601820542907], [0.9714864523131803, 0.23699254186336555, -0.006971949016715717], [0.20290784182634017, -0.8158348837173008, 0.5415180977911589]], "T": [0.049634384690003176, -0.060317165112234, 0.018398930975165335], "aligned_model": [[-0.3897697889088382, -0.022443040897951787, 0.44455310074442206, -0.6655756780938771, -0.6825770885155051, 0.2635613597361804, -0.1064522884092936, 0.693345145123438, -0.07797378250798287, -0.026143472854077275, 0.09491481660026571, -0.40972994299218335, 0.39814960745892586, 0.018663872601153673], [-0.522669053509963, -0.6632758886752917, -0.6127183288277442, -0.26727550690020524, 0.1867289184842594, -0.10388565062098226, 0.37968859850121145, -0.03859635483631799, 0.6524083669125057, 0.4311383699759837, -0.5560490651363165, -0.2546618866199416, -0.06530906893268223, -0.04264136238967921], [0.07398576028157626, -0.35571861465582233, -0.040401943754829736, -0.42634018044754274, 0.060081729188652136, -0.6313974960404953, -0.5075025642514228, -0.011508178601374913, -0.01232726770708768, 0.5843694126623908, 0.5279656697058304, 0.5576337158194669, 0.6386613353931032, -0.045318220348761526]], "inverted": false, "swapped": true, "error_lsq": 0.0459731973247925, "error_max": 0.27486039784857935, "target": "401.xyz", "model": "20.xyz", "model_rescale": 4.067790424073018, "target_rescale": 4.160891104529238},
{"mapping": [3, 4, 14, 12, 9, 8, 13, 2, 7, 0, 5, 11, 10, 6, 15], "R": [[-0.8669752167943842, -0.10523846771911345, -0.4871127573534325], [0.275765951934365, -0.9154700665749963, -0.29303190433620974], [-0.41509891979872027, -0.3883805120204993, 0.8227110456683019]], "T": [0.06999967947403594, 0.045495470602266636, -0.04005227853707745], "aligned_model": [[0.41428808217509455, -0.020157384256599062, -0.17997697378905586, 0.14960748574794736, -0.5805499991792262, -0.5819615316542637, -0.42077436710960464, 0.2927032781519228, -0.2864448172107601, 0.7096173983001763, 0.3341488489119208, 0.29210630257798464, 0.6973600029414072, -0.11769094857822894, 0.06616857687879983], [-0.21213612867624002, 0.7107101336414356, -0.38905165521676044, -0.7976993563885327, -0.03390537733603126, 0.37827969688159313, -0.47329008773848535, 0.5185753998270355, 0.6248539934578473, 0.2796983519684333, 0.38201548235440896, -0.2784910681960766, -0.2824389936147317, 0.03201834636503245, -0.01824359740108042], [-0.5738966518922767, 0.1956899236179484, -0.5332266619752543, 0.14658948337118427, -0.34938421767666167, 0.13825826721913503, 0.2581175459556862, -0.41731645600515227, -0.3508139400717291, -0.015484719505641745, 0.5295424839139887, 0.4655528665358312, 0.047104633218440134, 0.6699830760577036, -0.07546605914206113]], "inverted": false, "swapped": true, "error_lsq": 0.04240569293715551, "error_max": 0.2521551729430582, "target": "401.xyz", "model": "21.xyz", "model_rescale": 4.186013935880536, "target_rescale": 4.160891104529238},
{"mapping": [8, 6, 4, 1, 14, 7, 9, 13, 0, 11, 12, 3, 15], "R": [[0.17525019190390506, -0.49164503172067064, -0.8529786240123638], [-0.9545715362878331, -0.2969333909570151, -0.02497485623291712], [-0.24099907125698822, 0.8186059638917551, -0.5213479869857751]], "T": [0.057573980203509754, 0.08454599563430731, 0.0020073350564701643], "aligned_model": [[-0.002999157275385002, -0.426035732143848, 0.3894017184581171, 0.615408647620087, -0.058648256090236724, 0.5601053160248104, -0.026452118415622013, -0.6594059729815638, 0.42017744778987853, -0.40990473549616596, -0.6572585220500406, 0.2848534906491108, 0.02933190933408397], [-0.39046552346920066, 0.26949209194784907, 0.13235844393314677, -0.49254205075918356, -0.38225733330652206, -0.36928838530728747, -0.6352365504185992, -0.20476944843348843, 0.6574458950993836, 0.5211070315874796, 0.2321107586861772, 0.11819575936796535, 0.06280597061837227], [-0.5796182872634446, -0.5190264422484028, -0.6255415091399386, 0.4203868151315735, 0.5149669319980418, -0.31544880159090033, 0.00964466243469753, -0.03174448171887778, 0.07179136847802026, -0.026511155938702898, 0.47039734434294306, 0.6478479327866915, 0.06573518406364515]], "inverted": false, "swapped": true, "error_lsq": 0.04074286127709655, "error_max": 0.2089841522115979, "target": "401.xyz", "model": "22.xyz", "model_rescale": 4.166573947596378, "target_rescale": 4.160891104529238},
{"mapping": [10, 8, 7, 9, 5, 13, 6, 0, 1, 4, 14, 12, 11, 2, 3, 15], "R": [[0.5666295162442068, 0.44495315779671574, 0.6935039139670284], [-0.6737128229274384, 0.7347542125834039, 0.07903973250261227], [-0.47438594366190745, -0.5120087249819807, 0.7161040720442304]], "T": [-0.0047321528106504356, 0.10153863879339076, 0.005109695012214357], "aligned_model": [[-0.35887653544393977, 0.40947645253141, 0.13725143303017528, -0.2530299568725064, 0.05386139154394806, -0.4665809099507241, -0.022645410026672762, 0.6658958165852077, 0.4717806984188143, 0.7068318870356042, -0.7748037719920339, -0.5081252747674745, -0.2874501508506335, 0.36267192587559116, 0.25367086490347057, 0.029838401481811664], [-0.30896824507252646, 0.28160358167356836, -0.47275799698550447, 0.5066854366131148, -0.7165157392600456, -0.5984053928517323, -0.15430302759676823, -0.3341306112075058, -0.25739694052317297, 0.269873577622017, -0.013744290403017279, 0.2222157672392416, 0.7826739839637226, 0.30142317701191623, 0.6440651362975749, 0.05215826374452944], [-0.5116175905573203, -0.6657755320030552, -0.39665352273555265, -0.36184185355595544, 0.14081456710204227, -0.11145452328947851, 0.7215814592300956, -0.1598333075846185, 0.39523763989823535, -0.06695610084014782, -0.13516614320486575, 0.4068729968030109, 0.28478540466602187, 0.5322431254972981, 0.022985151877495245, 0.038716893756632315]], "inverted": true, "swapped": false, "error_lsq": 0.04869485421906732, "error_max": 0.36740620776845484, "target": "401.xyz", "model": "23.xyz", "model_rescale": 4.274766983524099, "target_rescale": 4.160891104529238},
{"mapping": [2, 14, 9, 8, 13, 6, 5, 11, 10, 12, 15], "R": [[0.6072406387525159, -0.22385344095948062, 0.762330927890268], [-0.2877413429175008, -0.9563163594036809, -0.051613373392206216], [0.7405833688542228, -0.18801238711183474, -0.645126046652156]], "T": [0.04435447303846202, 0.001248481809182564, -0.10958472092228053], "aligned_model": [[0.34287938329696294, 0.11843396389650175, -0.3696271653288169, -0.6575937179999916, -0.445173912744645, -0.445799449550731, -0.038039003427163154, 0.0531876689534701, 0.6014126722374513, 0.1533489272368448, 0.06686533738819174], [-0.29694593476895387, 0.6687155874217046, 0.4484820645775329, -0.10403050449340889, 0.47257986339875135, -0.23576251034541207, -0.6262782782889759, -0.045970785745504276, -0.0072092157548555545, 0.5717322852165883, 0.07027396002601687], [-0.5971221448979538, -0.31824807700876523, -0.5017670167490649, -0.3621287466782447, 0.2607010509114567, 0.38350201716668697, 0.21734061586379586, 0.5288724095844535, 0.335761150964086, 0.5344793328610571, -0.10182415799593013]], "inverted": true, "swapped": true, "error_lsq": 0.049964202356103445, "error_max": 0.2584106870956394, "target": "401.xyz", "model": "24.xyz", "model_rescale": 3.7841303162186577, "target_rescale": 4.160891104529238},
{"mapping": [3, 1, 6, 4, 11, 13, 14, 7, 10, 0, 5, 12, 2, 9, 8, 15], "R": [[0.24465048077044554, 0.3682138501571576, -0.8969753078046417], [-0.7516769212688829, -0.5123276009036035, -0.4153338842233938], [-0.6124768961279464, 0.7758472722803116, 0.15143665938165848]], "T": [0.12206163608909536, 0.020139357471120337, 0.029232478897161136], "aligned_model": [[-0.5111626307315583, 0.41782310471740275, 0.04223556497951443, -0.22956140520835955, 0.12055855513455353, -0.3746458430247588, -0.07783042245502993, 0.634267607084508, 0.6204107504129285, 0.8034129811431284, -0.7019118340152894, -0.5318707946680407, -0.2538355379242087, 0.023888900287643997, 0.3360764422962542, 0.1019114234733597], [-0.295448283273769, 0.4970691161623964, -0.2888113521075774, 0.3191817135599497, -0.7427718041336422, -0.5318065470763844, -0.1772615622750542, -0.3405653696136061, -0.2721825480538294, 0.18044734341878485, 0.2904103447283688, 0.06738014858808272, 0.6697351217481905, 0.2722516636649102, 0.5701739661008894, -0.013325271172298824], [-0.3560380190022642, -0.458721978765346, -0.6189987373097229, -0.5569750346609005, -0.056743502686079104, 0.27547909494830053, 0.7711051122547461, -0.14495909160967652, 0.5502422379997253, -0.19746477204791846, -0.10252509946102484, 0.4104313641091229, 0.10352706503452722, 0.5478288610066304, -0.004194690777699676, -0.028054143972582844]], "inverted": false, "swapped": false, "error_lsq": 0.045303972367663994, "error_max": 0.36324568419641984, "target": "401.xyz", "model": "25.xyz", "model_rescale": 4.19342608120988, "target_rescale": 4.160891104529238},
{"mapping": [13, 8, 6, 3, 11, 14, 0, 1, 4, 9, 2, 15], "R": [[0.5792435961902771, -0.8090896734233162, 0.09925097799169202], [-0.05462790399294121, -0.16001297170440407, -0.9856021717669173], [0.8133219832132252, 0.5654818734902806, -0.13688536216860112]], "T": [-0.07657260051256604, 0.003418623808969133, -0.14254921983072308], "aligned_model": [[-0.25386590710039875, 0.544531913729003, 0.10940551133684151, -0.5442717759305948, -0.38364964203951996, -0.41554064709945365, -0.16635213117179087, -0.020553159103221058, 0.5816650681164695, 0.10891566640997416, 0.1733572356609664, -0.13583357817649472], [-0.6982061277199193, -0.3410573837702016, -0.6199217716696057, 0.47014329818664397, -0.37893090766683224, 0.042810483905843376, 0.4321457438590894, 0.604901988650097, 0.06273373719530938, -0.1594540209322122, 0.5973514898359658, 0.00025989786680269845], [0.13166357356563033, 0.10876507621139883, -0.4837507772545415, 0.0399991841190295, -0.554189497768458, 0.47234056620007203, -0.6647542305702531, 0.5314916563878583, -0.40602240416173596, 0.5388260307105073, -0.16510137146389653, -0.10000934476619011]], "inverted": false, "swapped": true, "error_lsq": 0.04634075017831443, "error_max": 0.2524351180653853, "target": "401.xyz", "model": "26.xyz", "model_rescale": 3.795458400668931, "target_rescale": 4.160891104529238},
