[{"mapping": [6, 7, 13, 12, 11, 1, 10, 3, 0, 4, 5, 2, 8, 14], "R": [[0.47189079326196814, 0.3119487853545268, -0.8246253904352119], [-0.23242527647442898, -0.8582112981491709, -0.45765910739861815], [-0.850469029471606, 0.40762890359363635, -0.33247722758810766]], "T": [0.038833124111049215, 0.005323834169258579, 0.1350183294434072], "aligned_model": [[0.22952675144882703, 0.20187022587376569, -0.5011388288612914, -0.5032873684380927, -0.6584051706755424, -0.07211162181355871, -0.6406664811682642, -0.09756783774442265, -0.3804400022994285, 0.30793397977809167, 0.550141439699642, 0.28676070988901436, 0.6756728519121059, -0.026796546472542447], [-0.6379349624426933, -0.3858992708367223, -0.4023067302731847, -0.31226326399264215, 0.14961027636760066, 0.21504125625101356, 0.3673168249570342, 0.43424541045562687, 0.6815717650749284, -0.045972299588109555, 0.45281607179081845, 0.7934945426866498, -0.20658523261803335, 0.13213894397774797], [0.30772125127347344, -0.28856440330030464, 0.5351219086912381, -0.23666748785900482, 0.3680966027470933, -0.5781885390286202, -0.2557826233768078, 0.6260848226180487, 0.26437814791943115, 0.7745570522012291, 0.4043098656026776, -0.038504974579359474, -0.10537850769990703, 0.12040497197064609]], "inverted": false, "swapped": true, "error_lsq": 0.04304976776742304, "error_max": 0.2546065078203321, "target": "402.xyz", "model": "0.xyz", "model_rescale": 3.8414455957264533, "target_rescale": 4.040253245376885},
{"mapping": [12, 0, 3, 10, 6, 5, 9, 7, 2, 4, 11, 12, 13, 8, 14], "R": [[-0.7482996669142805, -0.429476874723296, 0.5055662395511471], [0.6321660870106929, -0.23072316466680942, 0.7396842973321265], [-0.2010314575621599, 0.8731073446971129, 0.4441507826249895]], "T": [0.06110990389916994, -0.09990205856134375, -0.015776350680764245], "aligned_model": [[-0.5604551378748767, 0.6248703816823218, 0.15053496556322937, -0.5530321373498183, -0.266516322331602, -0.12338881890184926, 0.17313487774465464, 0.6183839054375958, 0.36580243398109646, 0.5031015252630321, -0.14225488144786697, -0.5604551378748767, 0.03848399483730437, -0.548132971127291, 0.032461309678796534], [-0.3896251852631466, -0.4074136811233693, -0.6540983159193542, -0.22433012905689126, 0.4529038318343506, -0.10986330066833093, 0.50587241595254, 0.18539110334748254, 0.28625874127440143, -0.25260864424259055, -0.7311334023600569, -0.3896251852631466, -0.02581580375250843, 0.2291509559291265, -0.18250920446175295], [0.31889804715335757, 0.3205688517320987, -0.5618958877024762, -0.2909644842433715, -0.4597289125758943, -0.6483771568160175, 0.27747673328560774, 0.1291667454381487, -0.5659099948081913, -0.29351964975728784, 0.5194387059243339, 0.31889804715335757, 0.7384426465122622, 0.36481480841886305, -0.03625357126299548]], "inverted": false, "swapped": false, "error_lsq": 0.04910553884103126, "error_max": 0.43290578764447746, "target": "402.xyz", "model": "1.xyz", "model_rescale": 4.316132596720782, "target_rescale": 4.040253245376885},
{"mapping": [13, 3, 11, 7, 12, 6, 1, 8, 0, 4, 2, 14], "R": [[0.5865151063943344, 0.5295897120117172, 0.6128089154888247], [-0.8033102855964751, 0.2837660549244771, 0.5236118897881412], [0.10340510154800164, -0.799381988165824, 0.5918579407002177]], "T": [-0.05894352621408075, 0.059529483949697384, 0.01661267773047958], "aligned_model": [[-0.25359369010455457, 0.5451171168049335, 0.1360267979282452, -0.5956274682078175, -0.5508928050072495, -0.523266934874014, -0.23035578354137204, -0.32022075888676627, 0.5666478424952746, 0.2246658884193404, 0.5590310840979571, 0.040277265507803736], [-0.701331620841267, -0.2186460959299747, -0.5469583405274852, 0.3259593335058263, -0.19399657090007105, -0.1013241671397606, 0.48715436928749245, 0.6069143474969715, -0.12366919531552724, -0.16086224022092405, 0.5806886223563623, 0.05884798596933736], [0.048502395588107365, 0.054748330759954326, -0.3776516879813715, 0.023278080336476013, -0.4594303736331305, 0.5049794591930904, -0.5772803820760557, 0.3912657834791571, -0.4576328963471276, 0.612473005000456, -0.22688685832325195, -0.08710639478688281]], "inverted": true, "swapped": true, "error_lsq": 0.044317766273841486, "error_max": 0.2338466074179424, "target": "402.xyz", "model": "2.xyz", "model_rescale": 3.795458400668931, "target_rescale": 4.040253245376885},
{"mapping": [11, 3, 4, 9, 12, 7, 5, 10, 2, 1, 6, 14], "R": [[-0.438869830472542, 0.7783269352293113, -0.44899939175632486], [-0.5999456119241665, -0.6258141748822061, -0.4984193828990211], [-0.6689234146252765, 0.050633984763704495, 0.7416047902710778]], "T": [-0.06477664983852041, 0.08689985641620873, 0.04041251157131859], "aligned_model": [[0.07454490478582015, -0.2671836017958323, -0.7295926740848658, 0.32630280632149555, 0.3529580267214777, 0.08373401512871617, -0.3371849864164642, 0.6697529082323529, 0.2644163727115847, 0.6548082356344593, -0.519104300901852, 0.01985211940667321], [-0.1886556426480514, -0.516962472549916, -0.1177286651336969, 0.06724975486142384, 0.49412549246068743, 0.6300517949439064, -0.3968236615215101, -0.12184669286380362, -0.536384762270953, 0.1898662306017062, 0.6089667824434413, -0.02608911303352493], [-0.6421883747142918, -0.1547975167901343, 0.05466606689891185, 0.6710548635270763, -0.3984172521091622, 0.24532590787554126, 0.515816218041314, -0.3625455881900639, 0.5051056668962062, 0.23159224217710067, 0.008714745683333545, 0.014444451343268973]], "inverted": true, "swapped": true, "error_lsq": 0.04496743648164403, "error_max": 0.23453920344094573, "target": "402.xyz", "model": "3.xyz", "model_rescale": 3.7530521520055578, "target_rescale": 4.040253245376885},
{"mapping": [5, 6, 7, 12, 9, 11, 2, 3, 0, 10, 14], "R": [[0.7614536462167726, -0.20914662361879618, 0.6135519818988773], [-0.6288031504811665, -0.008396054311700082, 0.7775191986163137], [-0.15746409942632003, -0.9778482479919126, -0.13790526201347592]], "T": [-0.08338166779647456, -0.08433115707288291, -0.19247305209653], "aligned_model": [[-0.568526843252258, -0.10656849064024783, 0.38777659046208135, 0.46806778324987847, 0.24724114929337287, -0.19416718527470128, -0.1926842863501414, -0.6338957452851615, -0.3039301646685506, 0.3259640631641901, -0.09107726825325702], [-0.5823547047905547, -0.08630913972506851, -0.27402618338592977, 0.38842979841165703, -0.6818989556247368, 0.6058060395474982, -0.5244458687970568, 0.09109185055143243, 0.20836496089985307, 0.3748166890149753, -0.05227112778772329], [0.032937977844987004, -0.8848823941519193, -0.510411157059107, -0.2653230490382186, 0.09845704699134597, 0.07719807643494728, 0.5196670104576938, 0.139017913995671, 0.5255259202366653, 0.41341749219061197, -0.05277406065736115]], "inverted": false, "swapped": true, "error_lsq": 0.0470568583201544, "error_max": 0.28436049278166214, "target": "402.xyz", "model": "4.xyz", "model_rescale": 3.7855080009869324, "target_rescale": 4.040253245376885},
{"mapping": [1, 6, 12, 2, 9, 14, 10, 8, 15, 13, 4, 0, 7, 5, 16], "R": [[0.11368210589665134, 0.6079781058542862, 0.7857728689645229], [0.5980960361358728, 0.5896520680897106, -0.542762904182005], [-0.7933205596462629, 0.5316700681807864, -0.29659640632209067]], "T": [0.0037750641362720404, -0.13987303656585096, -0.009179665894085516], "aligned_model": [[-0.4108881869263637, 0.4235387798213608, 0.02424889302439037, -0.624158141922772, -0.27750590545895665, -0.07600160780029287, 0.08973410638495538, 0.6354227206649129, 0.4317241115887764, 0.6167683452433051, -0.1446370356658992, -0.6670011050467879, 0.18771315235280317, -0.442512218502243, -0.013907920477338253], [-0.7706193941394515, -0.467287319075822, -0.6391521286632068, -0.1403422225339488, 0.40361912201520767, -0.07709262231435213, 0.553582640320194, 0.16568855795771595, 0.3965501824441542, -0.3848211829493893, -0.5044979601317434, -0.34750013199862717, 0.043049793744911996, 0.186536774119294, -0.12515991256818354], [0.04841685843830203, 0.36854427916326926, -0.4710957551735704, -0.39839086328135137, -0.37306331344301297, -0.6780531223370851, 0.19744690869033474, 0.04525583647074741, -0.4657186560989685, -0.30768809421111165, 0.6169379729025113, 0.33056171136038043, 0.69372537017427, 0.5819104638348093, -0.0577346680377292]], "inverted": false, "swapped": false, "error_lsq": 0.03876308603749382, "error_max": 0.21266608885895907, "target": "402.xyz", "model": "5.xyz", "model_rescale": 4.2253639853439635, "target_rescale": 4.040253245376885},
{"mapping": [8, 1, 0, 5, 2, 11, 3, 4, 12, 7, 10, 13, 6, 14], "R": [[-0.2935065453585021, -0.833521829880814, 0.4680761337046111], [-0.34656967936192107, -0.36355203670662695, -0.8647076812157035], [0.8909227605009835, -0.41601835983355684, -0.18216849097114585]], "T": [0.13947775564874, -0.010564513032351036, 0.015662312667596996], "aligned_model": [[0.7006470917795664, -0.24224671420215327, -0.5426643978660555, 0.35201354161557985, -0.15740358771575863, -0.43237331465818307, -0.09103919179726305, 0.5369759419689324, -0.19635602871595348, 0.38601355598357917, -0.6957388679091541, 0.046280362628824206, 0.6977550205712112, 0.012198741074612024], [-0.0169037938928375, 0.18206567122716766, -0.41694930363017346, -0.703192201442419, -0.6646829676649016, 0.0785983661789861, -0.5023432777266339, -0.3650752910599676, 0.6375407505789243, 0.41058923613626375, 0.1700384726072939, 0.3725910835130867, 0.3383904567313859, -0.07556805492118479], [-0.4240077005304304, -0.6025077385624565, 0.1548336660034306, -0.08076824628441781, -0.4279388661684033, 0.4913950453704966, 0.4013316337885062, 0.4632934575852693, 0.006619265447161328, -0.3320567760158084, -0.10794908239777198, 0.6956044395883778, 0.23136850794815, 0.0023406031593452125]], "inverted": true, "swapped": true, "error_lsq": 0.045546264848756624, "error_max": 0.2890311397893148, "target": "402.xyz", "model": "6.xyz", "model_rescale": 3.89814844738969, "target_rescale": 4.040253245376885},
{"mapping": [10, 11, 3, 1, 5, 13, 12, 9, 7, 6, 4, 8, 14], "R": [[-0.30278814360203093, -0.46968590954358974, -0.8292855277105989], [-0.6975953554318919, 0.702089024607526, -0.14293957326613677], [0.6493689707507501, 0.5352253244212792, -0.5402349414136851]], "T": [-0.03485512117484145, 0.10902093186513101, 0.00503046056710724], "aligned_model": [[-0.12766988927787454, -0.10714455556982215, 0.44504304397780714, -0.14348396877004577, 0.6405753416102602, -0.45880896557914663, -0.6466265188426458, 0.20310533171994472, -0.44902593964720877, -0.4493078467613264, 0.2461131071258944, -0.04657292001669426, 0.042435580935080305], [-0.3942241251788455, 0.26561138812293017, 0.4023501961552838, -0.6316161165996965, 0.19478773712449715, 0.6286146748325285, -0.12061489150572327, -0.498375613815685, -0.13568221765619806, 0.5117964479783607, 0.723179746954145, -0.0294613856981365, 0.047415424757024496], [-0.6903930471331963, -0.7240367278930686, -0.351874198287383, -0.0628717258484669, 0.2708145323737519, -0.40497044342615757, -0.32040722281444894, 0.3592666850768795, 0.36230045323457094, 0.3870946698411416, 0.17212967151646516, 0.7042773924255904, -0.0990550082293826]], "inverted": false, "swapped": true, "error_lsq": 0.045989161073657, "error_max": 0.2886288140276976, "target": "402.xyz", "model": "7.xyz", "model_rescale": 3.7474275329858107, "target_rescale": 4.040253245376885},
{"mapping": [3, 7, 0, 2, 1, 1, 13, 11, 12, 10, 5, 8, 9, 4, 14], "R": [[0.5468937085883138, -0.628624355362986, -0.5529364261386576], [-0.8091036879384581, -0.5665324597637003, -0.15618000575770824], [-0.21507787815325646, 0.5327967641404758, -0.8184553222079574]], "T": [0.04478885368817434, -0.12895517663828332, 0.0025247812815215806], "aligned_model": [[-0.392420158772228, 0.4975892279396963, 0.029020143546460736, -0.7672053031012792, -0.28870787708273526, -0.28870787708273526, 0.020380385059725198, 0.5569643054918263, 0.39242091115133737, 0.7171993886761417, -0.040227133024783535, -0.44553897557103206, 0.24058145706563486, -0.48500738412964817, 0.006196877113469612], [-0.6961147199023763, -0.5176197343109825, -0.5259252305841484, 0.010426322616691658, 0.006397989408763849, 0.006397989408763849, 0.7664186790400149, 0.06838029975867643, 0.31059789185634384, -0.37753293741435123, -0.6815558696232111, -0.17610989584128967, -0.17116093635168017, 0.3545326246019737, -0.08457827643643606], [-0.033708751426146745, 0.3308376116899355, -0.523193167506272, -0.17018243586665124, -0.65721855597624, -0.65721855597624, 0.07882493802815266, 0.2944408170088808, -0.2555210894473883, -0.24513734536083295, 0.4502146517696614, 0.474293122914748, 0.7375243529807778, 0.31522485849844323, -0.00812552287903297]], "inverted": true, "swapped": false, "error_lsq": 0.05184211707139389, "error_max": 0.46930017664890333, "target": "402.xyz", "model": "8.xyz", "model_rescale": 4.019505241142653, "target_rescale": 4.040253245376885},
{"mapping": [7, 6, 12, 1, 9, 10, 11, 8, 5, 4, 13, 3, 14], "R": [[-0.1496097956690075, -0.9863791444088728, -0.06836002132166227], [-0.8663739871352218, 0.0974633207593909, 0.4897928291859436], [-0.47645883710484016, 0.13250314932775142, -0.8691546996725792]], "T": [0.0007802106528777691, -0.0844395200750628, 0.065591809577337], "aligned_model": [[-0.30193907183244717, -0.6911748896107136, -0.02081415631458433, 0.4076870098848658, 0.2782583370047902, 0.648402599684759, 0.2981522540550648, -0.3370138511886012, 0.17665738337796388, -0.2938968046321246, -0.2982535600552682, 0.3123141333151533, 0.14132138805231825], [-0.4303039956480552, -0.059169614472830666, 0.14537119396521836, -0.45766671965451217, -0.7702447212217984, 0.16878417737375512, 0.5887129885191278, -0.7076347068405302, -0.366811734447043, 0.1029857308323842, 0.6269275590100073, 0.27798970681238494, -0.05556163611404964], [-0.31885291527726034, 0.042530820340200136, -0.6269594586851318, -0.4443910188016479, 0.004631502178712152, -0.4462157948546386, -0.07483919334421692, 0.14164351421230015, 0.7163886906650611, 0.6673339252306271, -0.08391051134577755, 0.5296143437783642, 0.06972958994728767]], "inverted": false, "swapped": true, "error_lsq": 0.05273796632426213, "error_max": 0.38842013136149917, "target": "402.xyz", "model": "9.xyz", "model_rescale": 3.877068213659057, "target_rescale": 4.040253245376885},
{"mapping": [6, 2, 10, 12, 0, 11, 1, 7, 8, 9, 13, 3, 4, 5, 15], "R": [[-0.9732558249340053, 0.19416026700236727, 0.12277984341738842], [-0.17876415025700704, -0.3044365627377929, -0.9356076944164623], [-0.1442791662538954, -0.9325342728210945, 0.3310035531517954]], "T": [-0.007538137559591023, -0.2220993038129598, 0.03120819371041575], "aligned_model": [[-0.4624584620509504, 0.5836543709631371, -0.06307574928743288, -0.6757805657707382, -0.2750209132556814, -0.09980865179626132, -0.007612327752460898, 0.5426411409053596, 0.5019858286469027, 0.5239082426240068, 0.06905500541972107, -0.44919288244564615, 0.11437433439607224, -0.5083250870533268, -0.04180629626285072], [-0.6383779815623719, -0.3858004280293851, -0.6838387830579625, -0.09540840599728631, 0.38458210830411077, -0.09854352602463026, 0.6282666914822237, 0.2998511710163484, 0.2006749625911626, -0.4248142077952328, -0.8550392796540119, -0.21904000676201002, -0.003762190031692425, 0.339949432504833, -0.156145360757342], [0.02319970192199329, 0.2842866751077634, -0.504443751539482, -0.27797894907313925, -0.40942392555841645, -0.6905087856113441, 0.20378941732666533, 0.33313042341544186, -0.3649864343901654, -0.3036301502600167, 0.46842550054370014, 0.48694174497629816, 0.6601413647805195, 0.24170544182273762, -0.01959334501076035]], "inverted": false, "swapped": false, "error_lsq": 0.03681350802370947, "error_max": 0.2572635837965606, "target": "402.xyz", "model": "10.xyz", "model_rescale": 4.260839863003843, "target_rescale": 4.040253245376885},
{"mapping": [13, 11, 10, 12, 9, 7, 6, 4, 0, 2, 5, 14], "R": [[-0.8557358985484225, 0.4234449823616836, -0.2973388956195228], [0.5121985301225735, 0.6118879646296065, -0.6026987510205348], [-0.07327167034945432, -0.6680475025431583, -0.7405023947767151]], "T": [0.0020384694915175374, 0.13515789866390648, -0.0852135600008462], "aligned_model": [[0.4277528279101377, 0.24933431092432204, -0.38073320506900604, -0.3459558767893546, -0.5535965378171451, -0.41442611220318937, 0.18784048137343431, 0.6354133162292833, 0.12319649514222963, -0.20033880245263483, 0.2448400441827088, -0.014428292336655957], [-0.21095943147358787, -0.5628191884605586, -0.6353788340224625, -0.25708160963419346, 0.4017338212482964, 0.42480564683484906, 0.5518170338789488, 0.4132835386880578, -0.5018469983534802, 0.07284290581495573, 0.44945113983076823, 0.027230481181340943], [-0.6480504280239613, -0.19904699649771002, -0.012804911245625022, -0.5931059139805025, 0.32860531312265073, -0.4041498860812931, -0.6066011466933403, -0.010790622360880686, 0.39372346635716693, 0.7320696051629497, 0.5283584257130725, 0.007971171922977582]], "inverted": false, "swapped": true, "error_lsq": 0.05871924169913063, "error_max": 0.38384226765329693, "target": "402.xyz", "model": "11.xyz", "model_rescale": 3.890672605050136, "target_rescale": 4.040253245376885},
{"mapping": [1, 10, 0, 9, 2, 6, 12, 8, 7, 13, 3, 11, 4, 14], "R": [[0.3240999749105764, -0.6849127245548116, -0.6525747206304184], [-0.9201678567257904, -0.3884012976913674, -0.049351265437951264], [-0.21965955866210118, 0.6164730259261688, -0.7561155246348301]], "T": [0.051588917887206764, -0.05628024693970425, 0.21020553375357542], "aligned_model": [[0.4096949445753547, 0.15284668829476755, 0.35624069611118586, 0.6758923413199759, 0.8678862194211342, -0.4374862240964171, -0.3392513131006645, 0.2649591327233109, -0.044795019952769896, -0.6720198355594008, 0.16846740303682248, -0.242994203094139, -0.07762205049613824, 0.12805705561067143], [-0.3366068758813481, 0.2493358641145232, 0.627705409183844, -0.44123590540271773, 0.15403540772755664, -0.4103038148953901, -0.19634035240988318, -0.6588066321396362, -0.6344785403321828, 0.24570195926468041, 0.572923013700323, 0.5341131238164748, 0.18571619820173946, 0.04039366487978201], [-0.3882351281038974, -0.5909372002680152, -0.08843488123169257, 0.09577905032753761, 0.16311486053918584, 0.5499775999393668, -0.3902389856163768, 0.5259523268641185, 0.08588411176676353, 0.15532037854077352, 0.39505119431126945, -0.1446771950533423, 0.8495791240388145, 0.1366551793023552]], "inverted": false, "swapped": true, "error_lsq": 0.04191674055153234, "error_max": 0.25586128272800984, "target": "402.xyz", "model": "12.xyz", "model_rescale": 4.124412569039231, "target_rescale": 4.040253245376885},
{"mapping": [9, 0, 3, 1, 5, 8, 10, 7, 11, 12, 6, 13, 14], "R": [[0.44347700130090906, -0.778314762479166, 0.4444707862437679], [0.8849420695127552, 0.30158374022578244, -0.35485881874050956], [0.14214669508516728, 0.5507026222367455, 0.8225089293970839]], "T": [0.2290532833058464, 0.04709816246781126, 0.003103925001571998], "aligned_model": [[-0.16606902626073866, -0.07416834514428033, 0.43302380079931313, -0.49180069836651985, 0.49864338338239506, 0.3579520125385406, -0.5027586272306261, 0.07894667872703914, 0.09427213623857778, -0.1860562880097838, 0.6833069602602725, 0.4973546793212172, 0.14465164125435098], [-0.4696586331528563, 0.6548082106820429, 0.5376614602625199, -0.16526039161120099, -0.09116312645663927, -0.6521410228579136, 0.5030058799161378, -0.41896846109123564, 0.7707421603152912, 0.19699111955755075, -0.21223404308505991, 0.5629847552001873, 0.13071746882965318], [0.36070680287651913, 0.4373622842301262, 0.4049358806349541, 0.018188772535963543, 0.6682418217525243, 0.05516744493739098, -0.04254149587965525, -0.3423072149265278, -0.13639053861596873, -0.5783792521939771, -0.45117863274306036, -0.5257539439259282, 0.08364615228547792]], "inverted": true, "swapped": true, "error_lsq": 0.04525851811144234, "error_max": 0.27749420624857773, "target": "402.xyz", "model": "13.xyz", "model_rescale": 3.9028299243045295, "target_rescale": 4.040253245376885},
{"mapping": [4, 6, 7, 4, 13, 10, 12, 1, 11, 9, 3, 0, 2, 8, 15], "R": [[-0.5724369771757921, 0.8057206305659977, -0.15208606984919082], [0.817702475313468, 0.5472427908761959, -0.17857208544523348], [-0.06065120796875551, -0.22658242057662697, -0.9721017630153582]], "T": [-0.010704703337038438, -0.04713981138605913, 0.03474303629297071], "aligned_model": [[-0.5447068149115837, 0.5125706810241537, 0.12100331659269326, -0.5447068149115837, -0.28913388846206434, -0.24123491829333654, 0.03546325722378582, 0.5623126970983252, 0.5865659545189772, 0.556344116436061, -0.0572041867773042, -0.5744198161335677, 0.0595826989197335, -0.4836832915716437, 0.05378499652720513], [-0.4421780164341208, -0.4308942057838553, -0.7673835670000295, -0.4421780164341208, 0.49274036070691807, -0.22751270948750446, 0.6471029499002996, 0.11649634264378292, 0.3198468685053576, -0.32653646297108185, -0.610672872693418, -0.33950538356913706, 0.03663869174538911, 0.3777382322326883, -0.11114801513441439], [-0.09997828818478638, 0.18746402093903874, -0.4986703923179362, -0.09997828818478638, -0.4787332927103295, -0.6505846515116759, 0.023089848744827432, 0.29372763744799324, -0.1985919726200588, -0.41385322265339486, 0.29734107911030816, 0.5676258123812833, 0.7628849270346264, 0.47323712140693114, -0.03392541043024562]], "inverted": false, "swapped": false, "error_lsq": 0.04255915796801483, "error_max": 0.27693389710974314, "target": "402.xyz", "model": "14.xyz", "model_rescale": 3.942246331269136, "target_rescale": 4.040253245376885},
{"mapping": [4, 12, 3, 10, 9, 5, 7, 0, 2, 1, 13, 11, 8, 6, 14], "R": [[0.7761231193149207, 0.4374698247503176, 0.45415091775510474], [0.25698448264940843, -0.8771215498730751, 0.40572991315118834], [0.5758401508598489, -0.1981866271502225, -0.7931772698940165]], "T": [-0.0845892903939238, -0.15311736347955976, -0.0007038972016715668], "aligned_model": [[-0.4309872539749423, 0.4729534796227306, 0.09887132769281523, -0.7660302941298489, -0.4499665813775898, 0.16256520306540473, 0.04399531709131893, 0.533152726211923, 0.354636010455914, 0.6038419306841883, -0.07994636049893097, -0.5319152124147671, 0.09904023062456238, -0.3683834759540704, 0.01071094018114252], [-0.6222212723597684, -0.7186533470218226, -0.695580300863112, -0.17412668869330816, 0.45829643999830705, -0.06932091126682191, 0.6831135624922026, 0.22094528028529412, 0.37532132109797167, -0.42025999315506535, -0.7873735292977816, -0.24007448005744791, 0.16796833673419428, 0.24602958486146068, -0.1315098065275489], [-0.060820038318986594, 0.19266458286628022, -0.4350126510589783, -0.210935395138113, -0.37598366255350574, -0.579212643158494, 0.12243563867253236, 0.13782199325800842, -0.3330916382133163, -0.3343784467789111, 0.5078503337598601, 0.5528744658339624, 0.6790203839716259, 0.2693552874425926, -0.0015332821327616493]], "inverted": true, "swapped": false, "error_lsq": 0.04275936373561041, "error_max": 0.2923095702639104, "target": "402.xyz", "model": "15.xyz", "model_rescale": 4.355366556412066, "target_rescale": 4.040253245376885},
{"mapping": [13, 3, 11, 7, 12, 6, 1, 8, 0, 4, 2, 14], "R": [[0.5865151063943344, 0.5295897120117172, 0.6128089154888247], [-0.8033102855964751, 0.2837660549244771, 0.5236118897881412], [0.10340510154800164, -0.799381988165824, 0.5918579407002177]], "T": [-0.05894352621408075, 0.059529483949697384, 0.01661267773047958], "aligned_model": [[-0.25359369010455457, 0.5451171168049335, 0.1360267979282452, -0.5956274682078175, -0.5508928050072495, -0.523266934874014, -0.23035578354137204, -0.32022075888676627, 0.5666478424952746, 0.2246658884193404, 0.5590310840979571, 0.040277265507803736], [-0.701331620841267, -0.2186460959299747, -0.5469583405274852, 0.3259593335058263, -0.19399657090007105, -0.1013241671397606, 0.48715436928749245, 0.6069143474969715, -0.12366919531552724, -0.16086224022092405, 0.5806886223563623, 0.05884798596933736], [0.048502395588107365, 0.054748330759954326, -0.3776516879813715, 0.023278080336476013, -0.4594303736331305, 0.5049794591930904, -0.5772803820760557, 0.3912657834791571, -0.4576328963471276, 0.612473005000456, -0.22688685832325195, -0.08710639478688281]], "inverted": true, "swapped": true, "error_lsq": 0.044317766273841486, "error_max": 0.2338466074179424, "target": "402.xyz", "model": "16.xyz", "model_rescale": 3.795458400668931, "target_rescale": 4.040253245376885},
{"mapping": [10, 11, 3, 1, 5, 13, 12, 9, 7, 6, 4, 8, 14], "R": [[-0.30278814360203093, -0.46968590954358974, -0.8292855277105989], [-0.6975953554318919, 0.702089024607526, -0.14293957326613677], [0.6493689707507501, 0.5352253244212792, -0.5402349414136851]], "T": [-0.03485512117484145, 0.10902093186513101, 0.00503046056710724], "aligned_model": [[-0.12766988927787454, -0.10714455556982215, 0.44504304397780714, -0.14348396877004577, 0.6405753416102602, -0.45880896557914663, -0.6466265188426458, 0.20310533171994472, -0.44902593964720877, -0.4493078467613264, 0.2461131071258944, -0.04657292001669426, 0.042435580935080305], [-0.3942241251788455, 0.26561138812293017, 0.4023501961552838, -0.6316161165996965, 0.19478773712449715, 0.6286146748325285, -0.12061489150572327, -0.498375613815685, -0.13568221765619806, 0.5117964479783607, 0.723179746954145, -0.0294613856981365, 0.047415424757024496], [-0.6903930471331963, -0.7240367278930686, -0.351874198287383, -0.0628717258484669, 0.2708145323737519, -0.40497044342615757, -0.32040722281444894, 0.3592666850768795, 0.36230045323457094, 0.3870946698411416, 0.17212967151646516, 0.7042773924255904, -0.0990550082293826]], "inverted": false, "swapped": true, "error_lsq": 0.045989161073657, "error_max": 0.2886288140276976, "target": "402.xyz", "model": "17.xyz", "model_rescale": 3.7474275329858107, "target_rescale": 4.040253245376885},
{"mapping": [10, 12, 11, 7, 2, 5, 0, 13, 9, 3, 8, 6, 4, 14], "R": [[-0.6309650575950516, -0.6421471514302581, 0.43535058516565545], [-0.48414352130529537, 0.7643919769247951, 0.4258050685361939], [-0.6062080062752243, 0.057895954288783136, -0.7931960108351584]], "T": [-0.05628173794143142, -0.0029973780879008483, -0.010186274054112224], "aligned_model": [[0.6557010308390777, 0.20166926975154476, 0.6435514158584807, -0.44615713512496624, 0.10155980125917334, -0.23638892675034845, 0.6570090655938928, 0.2553613151827924, -0.3308745146386314, 0.33833835720868993, -0.7390120777493714, -0.5179170619617074, -0.2292769726386295, 0.061284081052879566], [-0.26582674558634817, 0.20020028125601247, 0.26392188636581876, -0.016180464485523502, -0.7704765796345205, -0.35116959240472234, -0.28402056338187465, 0.7149529602713374, -0.6796464144685033, 0.01252393262894469, -0.20364030452247844, 0.5073760913193812, 0.3151384253289098, -0.08274467117520005], [-0.4218721788643397, -0.6621667407950387, -0.026707826988126307, -0.46502946332306444, 0.30422303606507234, 0.6066937284469293, 0.23896705251313805, -0.08258227035654316, -0.14354268429651862, 0.5262457450641181, -0.05357555819660177, -0.09008613310534415, 0.5838832514412595, 0.010344761056714401]], "inverted": false, "swapped": true, "error_lsq": 0.03961700550138421, "error_max": 0.2630581547090672, "target": "402.xyz", "model": "18.xyz", "model_rescale": 3.922800546911778, "target_rescale": 4.040253245376885},
{"mapping": [0, 6, 2, 3, 7, 9, 13, 4, 11, 10, 1, 5, 8, 12, 14], "R": [[0.4477969094814081, -0.8940416054206098, -0.012943555764871773], [0.09474375208778485, 0.03304961468324508, 0.9949529357761691], [-0.8891015404886149, -0.4467631707585439, 0.0995043715348439]], "T": [-0.006495856156729752, -0.11853034175345975, 0.09545756472527793], "aligned_model": [[-0.6542803931933594, 0.5624809896289593, 0.02337735428293816, -0.5671704252179793, -0.3139256477583695, -0.02263793890139538, 0.13939033268176704, 0.6724704583033906, 0.33873330823753484, 0.6294591883975228, 0.05849775533985359, -0.5699781224552936, 0.11327874739426026, -0.6126015441884948, -0.044556075271484086], [-0.6401618755616656, -0.40022958974947076, -0.624452749434596, -0.1279632771808564, 0.41071393375501897, -0.21378885644575718, 0.5451720752969325, 0.12973957456034493, 0.32406676885613883, -0.29940441260101314, -0.8140147519237733, -0.2789800048210389, -0.007370305098954574, 0.3562760877066232, -0.06704842113117945], [0.013491887823197601, 0.3650473541301474, -0.4107825675162658, -0.21228305807631132, -0.4179608213264228, -0.7128792675781038, 0.19560779352097768, 0.13058492691122048, -0.3429124097260722, -0.3665450316574036, 0.34052957375635456, 0.5846174173033996, 0.6851084314394642, 0.2561087211027569, 0.023321978344856456]], "inverted": false, "swapped": false, "error_lsq": 0.042691062556891236, "error_max": 0.2676626353586415, "target": "402.xyz", "model": "19.xyz", "model_rescale": 3.9282355846067225, "target_rescale": 4.040253245376885},
{"mapping": [12, 7, 8, 1, 10, 9, 2, 5, 0, 3, 6, 11, 4, 14], "R": [[0.06425382158403375, 0.43615714204866074, -0.8975736147257181], [-0.588831873258542, -0.7096005731744974, -0.38696776556356915], [-0.8056975061688374, 0.5533841107136792, 0.21122867836292253]], "T": [0.005796797084331069, -0.20904092441656952, 0.13065075484886823], "aligned_model": [[-0.6491872197963051, -0.033396296779145816, 0.4772118559756838, -0.3909278510140652, -0.7671516309378836, 0.1620869447695799, 0.17437381429523113, 0.5924795490575031, -0.30519581618159025, 0.09839737509883842, 0.23762271945300245, -0.5249134881694817, 0.5182518176317693, -0.05712895431845975], [-0.5309528312097835, -0.7435825081547293, -0.6011090785297157, -0.23812380509548886, 0.11450485340971817, -0.1873624437534577, 0.4147108830799743, 0.20348303511700627, 0.5346254179903477, 0.3784537457805296, -0.7783303747790994, 0.1290045029371693, -0.08729180818876936, -0.08514750117886583], [0.14723996941878814, -0.13728233860628325, -0.23309549679046748, -0.5070936380321577, -0.07756279165610627, -0.5947060379189939, -0.4127707781313269, -0.010170973291858537, 0.13954720838482823, 0.430651400113678, 0.4502419023457621, 0.537292096545015, 0.585209162954327, 0.09468347190847795]], "inverted": false, "swapped": true, "error_lsq": 0.042421617639587454, "error_max": 0.2690632127573997, "target": "402.xyz", "model": "20.xyz", "model_rescale": 4.067790424073018, "target_rescale": 4.040253245376885},
{"mapping": [8, 13, 1, 7, 0, 9, 3, 11, 12, 10, 5, 4, 6, 2, 14], "R": [[-0.28279800871550664, 0.17462060186560757, -0.9431505349999212], [-0.43301712616396837, 0.8541452717268295, 0.2879792062552413], [0.8558746723178823, 0.48984028028612947, -0.16593687080924485]], "T": [-0.03435651771467557, -0.10831050882385801, 0.0654847969060747], "aligned_model": [[-0.5047264717809845, 0.5036030019908511, -0.020849074580290325, -0.44119155744925787, -0.5535355600593879, 0.18146858161315244, 0.11706522203868866, 0.5560509595738874, 0.3281595561307539, 0.6193775910404269, -0.12455187316418943, -0.5597390652288012, 0.098460328611788, -0.47355529591143236, 0.02650164445464573], [-0.42265370376484596, -0.5430633015764552, -0.7773783928766951, -0.2762318218225013, 0.29847139799448646, -0.2153479664666022, 0.7161786350820543, 0.14206609545833665, 0.3620499324894883, -0.3838658635607007, -0.6358468922426159, -0.28440901661212126, 0.06891876929267204, 0.36367170226322804, -0.1200053774309745], [-0.005987986942073059, 0.17371173176618376, -0.409352877239364, -0.5369698821310782, -0.1980292099250959, -0.6734417276079674, 0.21051625887960798, 0.14772116823300185, -0.4186195496442292, -0.3443783303445884, 0.3145556359914219, 0.6446522934548651, 0.7715346329697608, 0.4370479236917576, 0.018094847299592536]], "inverted": true, "swapped": false, "error_lsq": 0.05085720844238289, "error_max": 0.3287787408364857, "target": "402.xyz", "model": "21.xyz", "model_rescale": 4.186013935880536, "target_rescale": 4.040253245376885},
{"mapping": [7, 1, 8, 13, 11, 6, 12, 10, 5, 2, 0, 3, 14], "R": [[-0.16822268683730351, 0.9171474006075157, -0.36130565065068654], [0.05086814903524439, -0.35796394861443137, -0.9323487775001871], [-0.9844356551075174, -0.17522116610513178, 0.01356406656542003]], "T": [0.1457594259991117, -0.022930700710884794, -0.04864020783545554], "aligned_model": [[0.18614176052154024, -0.48677085333327175, 0.4374728126149692, 0.36564884455955304, -0.14169664470556378, 0.7268118217509314, -0.1795678078714993, -0.6570339910593422, 0.31461713819961645, -0.2988933437489456, -0.3774405400336801, 0.13984476424264136, 0.02944007428627625], [-0.24554102014763055, -0.03323014875421809, 0.2288118516964379, -0.6367550005485059, -0.3655286398066141, -0.33665770084555635, -0.6664368023726629, -0.2716118089193767, 0.6810193495618341, 0.6941140632437819, 0.19540542371208067, 0.2531974486925742, 0.02216964403394943], [-0.6035031266353398, -0.45453864107494013, -0.6484651141018158, 0.3903172317020918, 0.5524263094051785, -0.25822484685298525, -0.1625200926726878, 0.14925991754908546, 0.0520813267043969, -0.018272273528816302, 0.5244447016985605, 0.5575309755783131, 0.02234319356430467]], "inverted": false, "swapped": true, "error_lsq": 0.047390331285067394, "error_max": 0.24835512182114847, "target": "402.xyz", "model": "22.xyz", "model_rescale": 4.166573947596378, "target_rescale": 4.040253245376885},
{"mapping": [4, 7, 8, 3, 11, 9, 12, 13, 14, 10, 0, 1, 5, 6, 15], "R": [[-0.34906345744965456, 0.39696306502503687, 0.8488669081070493], [0.8138893556035005, 0.5774106971397712, 0.06466068097292405], [-0.4644769310833556, 0.7134544216938401, -0.5246369875036415]], "T": [-0.09385243723871244, -0.07434736714447476, -0.06335461215176785], "aligned_model": [[-0.5565747658486107, 0.3957540924604237, -0.053324236537517125, -0.5729219684811824, -0.49742595219994845, 0.015677509234640577, -0.10892763026794547, 0.6504489393019262, 0.49164681990052433, 0.6455975915072582, -0.1216437915263575, -0.3735639134492384, 0.28138177734358727, -0.34027928462122614, -0.10330719953648318], [-0.6429933562590804, -0.5062850422290429, -0.7952442562016934, -0.19559386850032162, 0.4000930699190122, -0.06988794537220176, 0.5793595458891034, 0.12067857251527478, 0.4103184589671279, -0.18133794930764863, -0.7426325202382779, -0.23269603463532576, -0.13013653784221044, 0.3641538350958086, -0.08524177557377065], [-0.014535568385028286, 0.228372895239501, -0.4276954971986341, -0.40572622627909455, -0.5472223803769766, -0.6536362997087303, -0.10603207267202641, 0.2899065980529284, -0.28305308758845726, -0.11539213150124317, 0.4050238220435582, 0.5728735312426766, 0.6763404830334099, 0.5076954176090274, 0.004135444940884109]], "inverted": false, "swapped": false, "error_lsq": 0.04618608074158596, "error_max": 0.29265599258801467, "target": "402.xyz", "model": "23.xyz", "model_rescale": 4.274766983524099, "target_rescale": 4.040253245376885},
{"mapping": [4, 11, 13, 6, 12, 7, 8, 1, 2, 10, 14], "R": [[0.36525450251507185, 0.6656567918138943, 0.6507612341746405], [0.5442112164009254, 0.41447556874178837, -0.729413569149626], [-0.7552637289953044, 0.6205731531642382, -0.21086882471314358]], "T": [0.014183452811978345, -0.008613837822716519, -0.03478809811052295], "aligned_model": [[0.17089906896124307, 0.10221716406067564, -0.35697586088118666, -0.5254621895867285, -0.46872698815171165, -0.44179934257979625, -0.1496928078565415, 0.014537925821310041, 0.7605628942125252, 0.1531855382898899, 0.1211493016683955], [-0.2491352719667199, 0.7133574561347378, 0.4847319940686814, -0.2835129934765266, 0.46056775509730974, -0.24943483779914555, -0.681345066893235, 0.0954344153779351, -0.14543648101663742, 0.6960924758134006, 0.07426708590368351], [-0.6685435692018284, -0.2144901153239579, -0.5212713097484554, -0.3712182884850599, 0.24729819900024466, 0.27040672851239644, 0.13503002643296338, 0.7096096493090588, 0.33533186130467973, 0.4443271859637751, 0.013086066257761056]], "inverted": true, "swapped": true, "error_lsq": 0.04923228515972083, "error_max": 0.283632755558019, "target": "402.xyz", "model": "24.xyz", "model_rescale": 3.7841303162186577, "target_rescale": 4.040253245376885},
{"mapping": [13, 2, 3, 11, 7, 6, 0, 8, 1, 4, 12, 14, 9, 10, 15], "R": [[0.47488490583691684, 0.8230931349875128, 0.3114514686828289], [-0.18411180973223515, -0.2531521129326925, 0.9497456760811471], [0.8605737433395144, -0.5083617794977724, 0.031323049348271625]], "T": [-0.004941948091035346, -0.06455367022466574, 0.03164089798434204], "aligned_model": [[-0.5338730606566101, 0.6081426720088159, -0.05077157092260107, -0.6635101851175189, -0.33532936594767215, -0.01831634842414672, 0.13482803281952563, 0.4777566166241757, 0.5794356025646725, 0.5472757704279416, -0.02110454743689469, -0.44918907970717503, 0.03291630800702343, -0.5458362307821586, -0.009886626177526704], [-0.6409418411609517, -0.3591308250331901, -0.7082388992040808, -0.15727836943061385, 0.407510297722213, -0.14362405758616037, 0.6439919867764146, 0.21887509140955652, 0.3179334794105141, -0.3396447367569281, -0.7290203491014561, -0.3320721287758518, -0.16111075061705118, 0.3605921208635785, -0.08528682228923948], [0.034565250204380234, 0.35743926567386536, -0.45061511213682376, -0.3519181932906295, -0.26969832015450523, -0.6864088576045462, -0.1089199562132702, 0.22171461089391215, -0.22378590651509794, -0.38798374300590505, 0.39687330272544624, 0.631955251215873, 0.607300685703995, 0.3948757208595796, -0.034339069904478686]], "inverted": true, "swapped": false, "error_lsq": 0.03842980957797804, "error_max": 0.2449801218641055, "target": "402.xyz", "model": "25.xyz", "model_rescale": 4.19342608120988, "target_rescale": 4.040253245376885},
{"mapping": [13, 3, 11, 7, 12, 6, 1, 8, 0, 4, 2, 14], "R": [[0.5865151063943344, 0.5295897120117172, 0.6128089154888247], [-0.8033102855964751, 0.2837660549244771, 0.5236118897881412], [0.10340510154800164, -0.799381988165824, 0.5918579407002177]], "T": [-0.05894352621408075, 0.059529483949697384, 0.01661267773047958], "aligned_model": [[-0.25359369010455457, 0.5451171168049335, 0.1360267979282452, -0.5956274682078175, -0.5508928050072495, -0.523266934874014, -0.23035578354137204, -0.32022075888676627, 0.5666478424952746, 0.2246658884193404, 0.5590310840979571, 0.040277265507803736], [-0.701331620841267, -0.2186460959299747, -0.5469583405274852, 0.3259593335058263, -0.19399657090007105, -0.1013241671397606, 0.48715436928749245, 0.6069143474969715, -0.12366919531552724, -0.16086224022092405, 0.5806886223563623, 0.05884798596933736], [0.048502395588107365, 0.054748330759954326, -0.3776516879813715, 0.023278080336476013, -0.4594303736331305, 0.5049794591930904, -0.5772803820760557, 0.3912657834791571, -0.4576328963471276, 0.612473005000456, -0.22688685832325195, -0.08710639478688281]], "inverted": true, "swapped": true, "error_lsq": 0.044317766273841486, "error_max": 0.2338466074179424, "target": "402.xyz", "model": "26.xyz", "model_rescale": 3.795458400668931, "target_rescale": 4.040253245376885},
