[{"mapping": [12, 1, 5, 0, 8, 6, 4, 11, 3, 2, 10, 9, 7, 13], "R": [[0.875949151907131, -0.3283208022675502, 0.35343816159488217], [0.02278527594457455, 0.7600018060989346, 0.649521428381302], [-0.48186503761251176, -0.5608945582948275, 0.67320381757826]], "T": [0.09032338800747379, -0.08311317294730809, -0.1251783203484855], "aligned_model": [[0.6530709331335178, 0.3344242562893665, -0.3204253445797675, 0.5553732507294614, -0.3670738277864061, -0.6549705376644993, -0.4246070207596098, 0.05868456598585371, -0.24240723304177259, -0.07811363069481307, 0.6998746698800554, 0.5756310247853825, 0.08555347192657696, 0.10408600659530026], [-0.09273511515919824, -0.5869234261958175, -0.2911041313004473, -0.4211048795513394, 0.5347817558075572, -0.0324683433774568, 0.4818724297291888, 0.3659159113741525, -0.42709072075844967, -0.19837914532772583, 0.6270122294937823, 0.31514711622939284, 0.6394912842740671, 0.07901397565670738], [-0.2606125355833655, -0.2653000825721695, -0.725533632112207, 0.38950863890906307, -0.2650810566538445, 0.0376662367664308, 0.44844365404433684, -0.6585015874368394, 0.08498848534582218, 0.616172454758404, -0.4988065743885096, 0.25245696867275835, 0.09666515776131082, -0.11710117539889399]], "inverted": false, "swapped": false, "error_lsq": 0.054853501412798655, "error_max": 0.3636805049600223, "target": "403.xyz", "model": "0.xyz", "model_rescale": 3.8414455957264533, "target_rescale": 3.894982761943998},
{"mapping": [4, 7, 0, 2, 12, 13, 8, 1, 9, 6, 3, 5, 10, 14], "R": [[-0.1697970715319244, -0.9241099625526128, -0.3423298579005214], [0.2608966364274101, 0.29282669793081295, -0.9198834002632074], [0.9503167364621368, -0.24550621599044098, 0.19137606514402106]], "T": [0.03707181390240556, 0.04108905225681716, -0.07648444179568079], "aligned_model": [[0.4715002242097098, 0.05653078413906083, -0.03084877870561513, 0.5958230789842969, -0.4478228531884897, -0.6792536346432185, -0.5771332275918368, 0.25668592165303356, -0.28406630791872495, 0.2512140278353909, 0.6551340183582628, 0.5588071031455565, 0.09440239639432509, 0.0581278321268954], [-0.16026994852656856, -0.5930631133399749, -0.29182761387249023, -0.31060066952228194, 0.6298726660877304, -0.13919817900174208, 0.24997730583170602, 0.5046928613013696, -0.4603869040117291, 0.06746831109927122, 0.4060667960624963, 0.3218249949512533, 0.6528946176348537, 0.11597781620051933], [-0.33444518293583125, -0.17859899257738546, -0.7168520362445954, 0.2532367904335411, -0.09885767978423737, -0.24742702470106162, 0.37453691249041066, -0.7731472318778119, 0.2565348549292765, 0.6741648909146367, -0.3898009590585565, 0.2121371156464573, 0.224826784171737, -0.12134328929428315]], "inverted": false, "swapped": false, "error_lsq": 0.04416723290112259, "error_max": 0.34104649605692705, "target": "403.xyz", "model": "1.xyz", "model_rescale": 4.316132596720782, "target_rescale": 3.894982761943998},
{"mapping": [10, 7, 4, 9, 12, 11, 6, 3, 5, 0, 8, 13], "R": [[0.4712419636580457, 0.48427484845890967, 0.7371627248022037], [0.1999793816068435, 0.7553502151634085, -0.6240627367378517], [-0.8590339100523645, 0.4415018953557197, 0.25910773392057135]], "T": [0.08364879737230138, 0.14334391658166418, -0.030900721459518325], "aligned_model": [[-0.17048730568399892, 0.38237931752791043, 0.06016040155745027, -0.4739956417175726, -0.49876145245409864, -0.5461598035373837, -0.14160405212682764, -0.18072591699394433, 0.6321610344484855, 0.23616166879813263, 0.24101276451932147, 0.057667540294306305], [-0.6988304309000664, -0.49429726485998743, -0.3538674741506793, 0.4673376587189359, -0.2588654066389429, -0.09212793306719858, 0.25510915728107286, 0.6092384371568018, 0.10053987542118084, -0.08650436897192165, 0.5668828245576374, -0.0018386468058521344], [0.3392370632596882, -0.007515683478059913, -0.6276871175018444, -0.07309642672042216, -0.36736787649840635, 0.2444750376646046, -0.7397913334225364, 0.5433917850113843, -0.4489492529833283, 0.7082382836607577, -0.17395872385585623, 0.05228270607344008]], "inverted": true, "swapped": true, "error_lsq": 0.04951991675392283, "error_max": 0.2786642046715109, "target": "403.xyz", "model": "2.xyz", "model_rescale": 3.795458400668931, "target_rescale": 3.894982761943998},
{"mapping": [10, 11, 12, 8, 7, 5, 9, 0, 3, 1, 4, 13], "R": [[-0.25661509121309156, 0.8193111554764935, 0.512716223142461], [0.8291910906752139, -0.08592714717282796, 0.5523211570486761], [0.49657912773952345, 0.5668736683693398, -0.6573153079024876]], "T": [0.05334410137291518, 0.07581599563939771, 0.20592625129759237], "aligned_model": [[-0.05666224788352791, -0.219824492921889, -0.6675949162536226, 0.158800239264631, 0.10750609869212391, 0.10245158820789832, -0.26119905265209403, 0.6246477238410538, 0.40647225954808447, 0.8506418254199832, -0.5118257626149247, 0.05989056309584883], [-0.13581131788997225, -0.5102890952540485, -0.062329269721032324, 0.1784383793963043, 0.442980401270037, 0.7548929793516149, -0.39928444701770255, -0.2015640944608752, -0.5863670760754661, 0.022465877340441934, 0.5415824202969686, 0.04105428805343982], [-0.7181718243423116, -0.12543068010696454, -0.06856783557964882, 0.6564391435752414, -0.39293085789326765, 0.323847156146016, 0.5109867642740586, -0.2621435466849449, 0.43739473797533224, 0.34103091790063234, -0.05401515905251661, 0.040332614427474295]], "inverted": true, "swapped": true, "error_lsq": 0.041169959752174294, "error_max": 0.1967982755541882, "target": "403.xyz", "model": "3.xyz", "model_rescale": 3.7530521520055578, "target_rescale": 3.894982761943998},
{"mapping": [10, 4, 12, 6, 11, 5, 0, 2, 1, 8, 13], "R": [[-0.05156189348580553, 0.07369566882676701, 0.9959469461453928], [-0.8943127954207224, -0.44724739359972576, -0.01320578907241926], [0.44446146636905615, -0.891369012987566, 0.08896790206945898]], "T": [0.0426222771198777, 0.018090086073544814, 0.09577092938040668], "aligned_model": [[-0.37710002772500834, -0.0264917151404696, 0.3577817402907464, 0.5123586240530292, 0.28429220645186304, -0.2509931284456181, -0.4510483762257878, -0.5681153654867661, -0.31020870011743323, 0.21723953567994142, -0.04951519088929201], [-0.7847201032917707, 0.08867169192426062, -0.37277072455652205, 0.3312026342837684, -0.6658359446378321, 0.5888183657168696, -0.4193396688914758, 0.2165461492036266, 0.1878502238000151, 0.41653088538211225, -0.11975015061870597], [-0.2045185256070858, -0.6750509484243847, -0.5059653290383862, -0.4012849140502631, 0.05359861331746714, -0.1602010599097933, 0.5286235309772687, 0.30709148699905453, 0.8053306266377408, 0.2838346399539161, 0.06137265638978247]], "inverted": false, "swapped": true, "error_lsq": 0.0514988316341285, "error_max": 0.27143502678862214, "target": "403.xyz", "model": "4.xyz", "model_rescale": 3.7855080009869324, "target_rescale": 3.894982761943998},
{"mapping": [6, 4, 1, 7, 14, 2, 9, 12, 3, 10, 13, 8, 15, 16], "R": [[-0.3896522808693016, 0.6839870367582799, 0.616711304874476], [0.8368773354493393, -0.016573357776880182, 0.5471395153187292], [0.3844573128769503, 0.7293058736625034, -0.5659554021447342]], "T": [0.08700407532495963, 0.013104503404733042, -0.09553116002928597], "aligned_model": [[0.6852633215386306, 0.3266188990328142, -0.136060128446756, 0.5587234098122775, -0.31927611354608404, -0.6411813992964435, -0.42145052443821923, -0.03962862816624074, -0.47893989667099673, 0.14776795945029034, 0.5058743683112532, 0.6041999113486207, 0.14152950811367032, 0.04565989775582985], [-0.14957318842382608, -0.6567982555159076, -0.3707703674534173, -0.44364806347466046, 0.542698274558398, 0.014627388314521622, 0.2774170927251156, 0.3125926729379386, -0.20112941416071534, 0.01922581293429179, 0.5305755095724205, 0.3521582026730675, 0.7186604296064415, 0.047392846600744616], [-0.2997342720725287, -0.29756039978263416, -0.7087084455745831, 0.2653392238980125, -0.20582279261770117, -0.22014770367676942, 0.32699315211791224, -0.693307253333721, 0.24539090514872697, 0.6305780287501506, -0.38125668269881646, 0.2404166486789483, 0.327003949596777, -0.09421940632147707]], "inverted": false, "swapped": false, "error_lsq": 0.035991980344815426, "error_max": 0.24467843489995864, "target": "403.xyz", "model": "5.xyz", "model_rescale": 4.2253639853439635, "target_rescale": 3.894982761943998},
{"mapping": [6, 12, 7, 11, 4, 0, 1, 3, 9, 8, 2, 5, 10, 13], "R": [[0.42532650182928616, 0.04045564592499329, -0.9041353369681191], [0.7933055491345735, 0.4641792304960007, 0.3939593223778741], [0.4356187238330732, -0.8848169204354834, 0.16533403992255316]], "T": [0.04924270136559408, 0.0870268445524429, -0.009509734450455436], "aligned_model": [[0.5106210247513809, 0.16462332774216346, -0.013116058319357832, 0.6324544464056958, -0.2681933700771073, -0.6404184018604423, -0.5156311305437361, 0.04902329792083116, -0.33695667788792716, 0.10925552895138685, 0.40334596602404105, 0.6176815095990621, 0.2138333074639401, 0.05257781462871537], [-0.03416555606829236, -0.8163269811460849, -0.3544328198723649, -0.4103806951556282, 0.6555777588067765, -0.1676089948248375, 0.4416146974271025, 0.2194023758087692, -0.2621770551690423, 0.018945756758602883, 0.6132842440577705, 0.270450147268793, 0.7164242777349479, 0.10282178526790095], [-0.44097284163879064, -0.2144071261415553, -0.6657230883250945, 0.1246677178358046, -0.286810132311893, -0.3298077227805009, 0.29690630719239874, -0.7062780914279204, 0.3090857824183244, 0.7237216762301404, -0.22822333590530924, 0.20019119488803291, 0.42093338359952853, -0.06831877152086913]], "inverted": true, "swapped": false, "error_lsq": 0.045897066224446996, "error_max": 0.2895348528333225, "target": "403.xyz", "model": "6.xyz", "model_rescale": 3.89814844738969, "target_rescale": 3.894982761943998},
{"mapping": [12, 4, 6, 10, 9, 5, 7, 11, 0, 2, 8, 3, 13], "R": [[-0.04352240056406609, 0.11210215190049871, 0.9927431229620374], [-0.8089840476010531, -0.5870220320946216, 0.03082117068701995], [0.5862172049472434, -0.8017719385054449, 0.11623746061000773]], "T": [-0.03384679697157912, 0.20313948380107344, 0.0451509766416419], "aligned_model": [[0.3091974165655402, -0.08077014171507631, 0.4432911026284895, -0.4244228998103441, 0.5837115680206755, -0.33319611260349413, -0.6171964383527161, 0.22557721756708699, -0.5298896315871803, -0.6554780738097423, 0.1251233332394469, 0.22417990337759786, -0.12149544261606109], [-0.27306402977660127, 0.14240143917720632, 0.4427153849467643, -0.6503399540306747, 0.0657263385630833, 0.7145012203471595, -0.013374731416098823, -0.4709276196983609, -0.17034935424492476, 0.41611105901579326, 0.6322412129834973, 0.06926979980177875, 0.058870499801863485], [-0.4742092706081532, -0.7281755804909101, -0.48465939256685264, -0.1276724222355014, 0.1772836231690404, -0.3103227868043793, -0.2853000037677542, 0.12433680321801509, 0.5318382204586911, 0.20408278267549967, 0.16849772564096552, 0.7747157143446425, 0.03185961780299246]], "inverted": false, "swapped": true, "error_lsq": 0.04260219700346376, "error_max": 0.23935998483938203, "target": "403.xyz", "model": "7.xyz", "model_rescale": 3.7474275329858107, "target_rescale": 3.894982761943998},
{"mapping": [4, 2, 8, 1, 7, 5, 6, 9, 3, 0, 11, 12, 10, 14], "R": [[-0.6406175211172316, -0.7636651429929104, 0.08015448219052546], [0.511917059353864, -0.5025577611178595, -0.6966897595649709], [0.5723199419731116, -0.4052792199432663, 0.7128805214775277]], "T": [0.19330244880192082, 0.0882351017155334, -0.057973830603115735], "aligned_model": [[0.49713213017169755, 0.31257471735389947, -0.050718346287299154, 0.5126627731495816, -0.24266112895945058, -0.4823854019556777, -0.5050618381239025, -0.07559032296657486, -0.36415291437540276, -0.00462297354459662, 0.3245216623327717, 0.7218517402537559, 0.10033326999434303, 0.23521721775550072], [-0.3813998255096636, -0.7445205678540907, -0.3011125989824549, -0.3686585496044821, 0.6036651297734901, 0.10235867058041899, 0.250395477170852, 0.42257586486205706, -0.3359611511574859, -0.02015036222670101, 0.6428053536826918, 0.3705806044973507, 0.7054445481651157, 0.04740634749731468], [-0.6051085541351263, -0.08766585990321435, -0.5620299141709457, 0.44606882103052686, -0.1482250187708951, -0.29518242480447215, 0.3330881002678409, -0.6874604241677876, 0.09511305354422106, 0.5611314560985411, -0.3063954665837494, 0.08885696440938018, 0.3729235941901953, -0.07014937489221822]], "inverted": true, "swapped": false, "error_lsq": 0.04905656001448425, "error_max": 0.3127867776669292, "target": "403.xyz", "model": "8.xyz", "model_rescale": 4.019505241142653, "target_rescale": 3.894982761943998},
{"mapping": [5, 8, 2, 7, 4, 10, 0, 6, 12, 9, 3, 11, 13], "R": [[-0.5314600734598626, -0.7062777418613841, 0.4676771767675026], [-0.8139276612038924, 0.5787279369259609, -0.050948379253741155], [-0.23467414140718496, -0.40773242006566685, -0.8824297824655486]], "T": [-0.12254485432916308, -0.04279948618809571, -0.015995051420082604], "aligned_model": [[-0.329705698506171, -0.5941473362190256, -0.10082794234081473, 0.40371464544984237, 0.18780552282120622, 0.8234230368798541, 0.2503426564114841, -0.3593604199745522, 0.3069760341648068, -0.2974639762896225, -0.33838985034167346, 0.3260683048902942, 0.0412657947955483], [-0.5267557038847452, -0.06997912522015334, 0.07108292161181931, -0.2580845374178048, -0.7535958836719239, 0.08363316669330789, 0.5612459007316282, -0.644273846641497, -0.40069417120283696, 0.09521457199146655, 0.6777764085117153, 0.23308167999149532, -0.0052731533784127205], [-0.4635810195466817, -0.054291044327539215, -0.6820287052916059, -0.4320195044916692, 0.032749169158049374, -0.013920636635569014, -0.36023472677333257, 0.3685867949411342, 0.5331928817994496, 0.5906969325815427, 0.20971470592489655, 0.4845781100584222, -0.036739463353218066]], "inverted": true, "swapped": true, "error_lsq": 0.04732091071938019, "error_max": 0.23839946892779493, "target": "403.xyz", "model": "9.xyz", "model_rescale": 3.877068213659057, "target_rescale": 3.894982761943998},
{"mapping": [0, 1, 5, 7, 6, 3, 13, 12, 4, 2, 11, 9, 10, 15], "R": [[0.4739942757432847, -0.6512092251952646, 0.5926685174557378], [-0.401618453473312, -0.7588820205986564, -0.5126409041832358], [0.7836019680885853, 0.00496224069182144, -0.6212433756387366]], "T": [0.05888766182075224, 0.13230871853153992, 0.013111315244639883], "aligned_model": [[0.5125676034789826, 0.3069913492485615, -0.10588484493871457, 0.3504651997367828, -0.35307779250541027, -0.5022033039616243, -0.5021678924270953, -0.0021088244201015877, -0.2443504288813344, 0.1051266742961506, 0.596363111652934, 0.4893093230360379, 0.22040334907955073, 0.10766706140392662], [-0.031497089186601185, -0.6359013922025486, -0.3424771437258455, -0.5553808469474522, 0.5449559876122837, -0.06191735628923423, 0.3531686710554018, 0.3381147682177952, -0.4353551331842299, 0.0028136403442307056, 0.48239678836379263, 0.3944945985897335, 0.822847546125233, 0.11716590212185399], [-0.6202197226246423, -0.30501506884520246, -0.585573784168434, 0.34228022375659095, -0.1876653539350498, -0.21097461181312968, 0.4969253728974425, -0.702513247142886, 0.22262286993206132, 0.6623018392051084, -0.3518732877902356, 0.4393050056653656, -0.003609624164489199, -0.06102565886020322]], "inverted": true, "swapped": false, "error_lsq": 0.04450017745983229, "error_max": 0.32269522680656726, "target": "403.xyz", "model": "10.xyz", "model_rescale": 4.260839863003843, "target_rescale": 3.894982761943998},
{"mapping": [12, 11, 0, 10, 2, 7, 4, 9, 3, 1, 8, 13], "R": [[-0.15895230661578078, 0.14499727546632665, 0.9765807464459175], [-0.986377161317681, 0.019116000089745594, -0.1633850488001966], [-0.04235870456466531, -0.9892473748501491, 0.13998346866574057]], "T": [0.09432589509193628, 0.17391548207256222, 0.03643928996390811], "aligned_model": [[0.4496358413898693, 0.29465896493278054, -0.47224074727375415, -0.3396013557229405, -0.5223223977441656, -0.46897828926230595, 0.11745554059074323, 0.6845712602166603, 0.27063126970249407, -0.32476104266830963, 0.2718689108421944, -0.0020193059091357934], [0.07961835257002906, -0.4318976933804014, -0.358063042585674, -0.34164479759207067, 0.3158528588443915, 0.2754084928374171, 0.6056328834304927, -0.08677171234524353, -0.4078475921597736, 0.028072311251524124, 0.4151712843598261, 0.07954716030241621], [-0.6556929796477132, -0.3111160754756123, 0.1721521053999624, -0.6393931664497589, 0.27443155702214844, -0.3743655598115384, -0.6093238083755598, 0.07348437802957056, 0.5336633010795979, 0.7145831352907466, 0.4037107593110264, -0.06595556897736496]], "inverted": false, "swapped": true, "error_lsq": 0.047370701749838096, "error_max": 0.2381624008949197, "target": "403.xyz", "model": "11.xyz", "model_rescale": 3.890672605050136, "target_rescale": 3.894982761943998},
{"mapping": [8, 3, 0, 7, 11, 2, 10, 6, 4, 12, 6, 5, 9, 13], "R": [[0.45253833778298547, 0.8761328730105067, -0.1661332045888734], [0.8904221237200014, -0.4338122558014052, 0.13767849616573946], [0.04855403615123981, -0.21023347865373893, -0.9764447705971764]], "T": [0.05148846010548058, 0.13424226780701176, -0.1718996921876804], "aligned_model": [[0.6716274568858623, 0.25052930673834084, 0.0014213549627750746, 0.4611048189521311, -0.34845924234475406, -0.6547262338651424, -0.564515402524193, 0.24775890582694104, -0.37586202244844824, 0.057297776868585004, 0.24775890582694104, 0.6484208616722881, 0.28133679075401224, 0.05540730749330741], [-0.13710935519680628, -0.7633104810824325, -0.2852457951830539, -0.36429629118546974, 0.511926993535843, 0.07668482361537898, 0.22244818366978117, 0.4849967193016265, -0.3959264652643888, 0.07650966010633245, 0.4849967193016265, 0.26092769652784753, 0.8006578203881971, 0.020168712359931035], [-0.4188550873576353, -0.2604714728783285, -0.5844740366865694, 0.38544931340873534, -0.1593200597936726, -0.11263688509255036, 0.4702057992034884, -0.5848253160408977, -0.006522174490951188, 0.5709093980851152, -0.5848253160408977, 0.31038102683865754, 0.15807071890609994, -0.04812095594829724]], "inverted": true, "swapped": false, "error_lsq": 0.052870568905863384, "error_max": 0.40425058591281293, "target": "403.xyz", "model": "12.xyz", "model_rescale": 4.124412569039231, "target_rescale": 3.894982761943998},
{"mapping": [8, 3, 0, 6, 2, 5, 9, 4, 11, 12, 7, 10, 13], "R": [[0.2589145856782089, -0.02771493206232828, -0.9655025219355267], [0.9658426211241433, -0.0034876015662274884, 0.2591059008501344], [-0.010548390546708808, -0.9996097834535713, 0.025865271712826265]], "T": [0.05031058159744107, 0.056327220074816636, 0.13093308814914717], "aligned_model": [[-0.1923940321687358, -0.1258025723827984, 0.6462289640710782, -0.5000241941262893, 0.6174144735804709, 0.2055738061859567, -0.5116962496457984, 0.061731068529716514, -0.04690320071443942, -0.20934227713259307, 0.6456927035003467, 0.6098951727053004, 0.16692464510754254], [-0.16660209971785483, 0.6520949620024886, 0.5294345096988782, -0.3433867591397317, -0.14625001641169658, -0.6153622381826238, 0.3741289564292589, -0.37020935596655835, 0.6794121400214338, 0.18616438575005315, -0.09994999662969367, 0.5271961828380312, 0.1408147058164924], [0.47153726547048697, 0.6113584533832679, 0.33942206423000465, -0.19018462300201194, 0.43817451458323836, 0.17772024052460747, 0.10143527567987276, -0.5185751843849785, -0.22997179895241915, -0.5970139487780826, -0.21180678464307, -0.48224900178067687, 0.04185160863760025]], "inverted": false, "swapped": true, "error_lsq": 0.039147884554152454, "error_max": 0.2933763292558009, "target": "403.xyz", "model": "13.xyz", "model_rescale": 3.9028299243045295, "target_rescale": 3.894982761943998},
{"mapping": [4, 8, 5, 2, 14, 13, 11, 10, 12, 1, 7, 6, 9, 15], "R": [[-0.687713121202427, -0.6497117285701499, -0.32392180026111844], [-0.6524665982627116, 0.3574912082329905, 0.6681971072876639], [-0.3183363018530893, 0.6708760733507378, -0.6697665960078885]], "T": [0.19236110613273466, -0.03626329485483144, -0.05564795833242749], "aligned_model": [[0.5072541948780281, 0.08595964846191861, -0.02347496694960044, 0.4814899787259645, -0.47564414862800414, -0.5082301046110662, -0.2889325283966383, 0.02078606639336536, -0.4143131411791047, 0.13594793934959432, 0.532460302541186, 0.5572020977525973, 0.16097419418271686, 0.20762105227768862], [-0.061550873688387894, -0.7983400392547649, -0.3111158026235558, -0.5383473786728716, 0.5361477009275798, -0.08419369144271262, 0.29159547050374823, 0.3906791809748124, -0.3197762224919409, 0.03080485881409363, 0.7353644692886937, 0.3266528892400675, 0.7189491989588815, 0.07655918036077003], [-0.6552863117588023, -0.12216806813350697, -0.4297772437202367, 0.3987371617643373, -0.15138344967383857, -0.42917972981471714, 0.39901868402984253, -0.6418516175839387, 0.13357959376328174, 0.5881828992068372, -0.38663298222680237, 0.3681340096712496, 0.11614961851188202, -0.052557611923290934]], "inverted": false, "swapped": false, "error_lsq": 0.043574687961354906, "error_max": 0.2842824304325475, "target": "403.xyz", "model": "14.xyz", "model_rescale": 3.942246331269136, "target_rescale": 3.894982761943998},
{"mapping": [12, 3, 1, 4, 7, 2, 9, 0, 5, 10, 8, 11, 6, 14], "R": [[0.0966370499888981, 0.38145684982259076, -0.9193214629784668], [0.44811946105094236, -0.8414099894105892, -0.3020234731730052], [-0.8887351850786916, -0.38277918104763403, -0.252249617164519]], "T": [0.16095048782084398, 0.03595116695102583, 0.0021676052873798105], "aligned_model": [[0.5862885117908582, 0.19106725205092678, -0.014222807771572865, 0.4994317453518345, -0.34523190335913145, -0.5127214578278613, -0.45847839159499626, -0.1046878184553699, -0.34996692688109354, 0.1458746996826686, 0.39156188967750827, 0.691501013546841, 0.1298128161945206, 0.12887196239351295], [-0.3365756693352424, -0.6778180515452464, -0.4893136995041486, -0.29218923016438897, 0.7084957934353803, 0.132063566390482, 0.29088526631660067, 0.3040172175449436, -0.3260786207503459, -0.011768764462652327, 0.693215816104522, 0.41062787541853757, 0.5516859280583789, 0.036181513387593164], [-0.5880760560717031, -0.07640983256965789, -0.5894848031077334, 0.3506188859619983, -0.14764100719995868, -0.34363065231286405, 0.4487980727419201, -0.6289380638568144, -0.10116383407306948, 0.7138529604837955, -0.3349710732925585, 0.30588544875458423, 0.21626452476464264, -0.09013961811028473]], "inverted": true, "swapped": false, "error_lsq": 0.04738985992768353, "error_max": 0.2946326945961715, "target": "403.xyz", "model": "15.xyz", "model_rescale": 4.355366556412066, "target_rescale": 3.894982761943998},
{"mapping": [10, 7, 4, 9, 12, 11, 6, 3, 5, 0, 8, 13], "R": [[0.4712419636580457, 0.48427484845890967, 0.7371627248022037], [0.1999793816068435, 0.7553502151634085, -0.6240627367378517], [-0.8590339100523645, 0.4415018953557197, 0.25910773392057135]], "T": [0.08364879737230138, 0.14334391658166418, -0.030900721459518325], "aligned_model": [[-0.17048730568399892, 0.38237931752791043, 0.06016040155745027, -0.4739956417175726, -0.49876145245409864, -0.5461598035373837, -0.14160405212682764, -0.18072591699394433, 0.6321610344484855, 0.23616166879813263, 0.24101276451932147, 0.057667540294306305], [-0.6988304309000664, -0.49429726485998743, -0.3538674741506793, 0.4673376587189359, -0.2588654066389429, -0.09212793306719858, 0.25510915728107286, 0.6092384371568018, 0.10053987542118084, -0.08650436897192165, 0.5668828245576374, -0.0018386468058521344], [0.3392370632596882, -0.007515683478059913, -0.6276871175018444, -0.07309642672042216, -0.36736787649840635, 0.2444750376646046, -0.7397913334225364, 0.5433917850113843, -0.4489492529833283, 0.7082382836607577, -0.17395872385585623, 0.05228270607344008]], "inverted": true, "swapped": true, "error_lsq": 0.04951991675392283, "error_max": 0.2786642046715109, "target": "403.xyz", "model": "16.xyz", "model_rescale": 3.795458400668931, "target_rescale": 3.894982761943998},
{"mapping": [12, 4, 6, 10, 9, 5, 7, 11, 0, 2, 8, 3, 13], "R": [[-0.04352240056406609, 0.11210215190049871, 0.9927431229620374], [-0.8089840476010531, -0.5870220320946216, 0.03082117068701995], [0.5862172049472434, -0.8017719385054449, 0.11623746061000773]], "T": [-0.03384679697157912, 0.20313948380107344, 0.0451509766416419], "aligned_model": [[0.3091974165655402, -0.08077014171507631, 0.4432911026284895, -0.4244228998103441, 0.5837115680206755, -0.33319611260349413, -0.6171964383527161, 0.22557721756708699, -0.5298896315871803, -0.6554780738097423, 0.1251233332394469, 0.22417990337759786, -0.12149544261606109], [-0.27306402977660127, 0.14240143917720632, 0.4427153849467643, -0.6503399540306747, 0.0657263385630833, 0.7145012203471595, -0.013374731416098823, -0.4709276196983609, -0.17034935424492476, 0.41611105901579326, 0.6322412129834973, 0.06926979980177875, 0.058870499801863485], [-0.4742092706081532, -0.7281755804909101, -0.48465939256685264, -0.1276724222355014, 0.1772836231690404, -0.3103227868043793, -0.2853000037677542, 0.12433680321801509, 0.5318382204586911, 0.20408278267549967, 0.16849772564096552, 0.7747157143446425, 0.03185961780299246]], "inverted": false, "swapped": true, "error_lsq": 0.04260219700346376, "error_max": 0.23935998483938203, "target": "403.xyz", "model": "17.xyz", "model_rescale": 3.7474275329858107, "target_rescale": 3.894982761943998},
{"mapping": [0, 4, 6, 8, 7, 9, 12, 2, 5, 10, 1, 3, 11, 13], "R": [[0.09915466502046111, 0.396911350183092, 0.9124854697476095], [0.12004314081917444, -0.9150784766779825, 0.3849948387484843], [0.9878046349086183, 0.07136358746965046, -0.1383807849251968]], "T": [0.07591027838291198, 0.12525353556420832, -0.038988252074128454], "aligned_model": [[0.6418594586421525, 0.06313143329853982, -0.15974178013767223, 0.5386429166208515, -0.35071147637522754, -0.49892628586212273, -0.5909640154195973, 0.08884093830844689, -0.2552220676812115, 0.11117647289202759, 0.5129086490434276, 0.6487375432266757, 0.1260015513687399, 0.1033672468736164], [-0.19019887178671607, -0.6905837289902537, -0.2944636007649796, -0.3562984956081004, 0.7264918551017292, -0.11593516947353133, 0.22193615280585993, 0.24877139013587, -0.3570430860977973, 0.0632444729907107, 0.6011224429601199, 0.29903428094328965, 0.7330397659599295, 0.10431153271828245], [-0.5675085400870575, -0.19219426012606006, -0.6417356653800415, 0.22717071922287693, -0.19366741525741266, -0.2821242198478364, 0.2853080184906265, -0.7378508003950317, 0.386407181368427, 0.6475614854883136, -0.2861716330356179, 0.2807903564917634, 0.3480820571954836, -0.1391023320161368]], "inverted": true, "swapped": false, "error_lsq": 0.03738616791825435, "error_max": 0.20419448050093883, "target": "403.xyz", "model": "18.xyz", "model_rescale": 3.922800546911778, "target_rescale": 3.894982761943998},
{"mapping": [1, 0, 5, 2, 13, 12, 7, 8, 3, 9, 6, 10, 11, 14], "R": [[-0.2544429301018398, 0.5692435783649583, 0.7818059502277074], [-0.30922661794930406, 0.7180836620856252, -0.6234859685649174], [-0.9163174635860795, -0.4003968066005969, -0.0066860445121702805]], "T": [0.09286496325115269, 0.13494092468929886, -0.15208661073216193], "aligned_model": [[0.6591324745074114, 0.08989560438107376, -0.16416517870717462, 0.5277939591889249, -0.33252309071706676, -0.6655953602399494, -0.4850923265973214, 0.053495414892129764, -0.23945115152334923, 0.19641646829879128, 0.6572514386505635, 0.658114858441347, -0.00875796892796922, 0.03258544315123558], [-0.2237167901163759, -0.7007430542480756, -0.34792767306737304, -0.21327695121954482, 0.673845197801399, -0.018692843615104815, 0.17333152859800677, 0.36066458547775115, -0.33723776982322107, -0.024384814196818566, 0.4271942471024028, 0.4630821604252986, 0.6313098613688481, 0.12998125640722008], [-0.46623430408969735, -0.16021716619762946, -0.6843526566256632, 0.29814670897871953, -0.17308505788512274, -0.2926164918709261, 0.3980974963639876, -0.7194396944850266, 0.12316331914019593, 0.6395165604626898, -0.42008600221998693, 0.3205829701173274, 0.3484473752505446, -0.07695810482711572]], "inverted": true, "swapped": false, "error_lsq": 0.0372692436907079, "error_max": 0.26699261927461304, "target": "403.xyz", "model": "19.xyz", "model_rescale": 3.9282355846067225, "target_rescale": 3.894982761943998},
{"mapping": [4, 0, 11, 3, 12, 10, 2, 9, 1, 5, 8, 6, 7, 13], "R": [[-0.5011670379548794, 0.7060588354583377, -0.5003124233304114], [0.7498793448266512, 0.6428919373833842, 0.15611189912941137], [0.43187100883236573, -0.296935814139445, -0.8516551849260708]], "T": [0.14242635272656107, 0.15923292315237753, -0.05362260665031256], "aligned_model": [[0.5674916499798586, 0.046375010066331934, 0.015402579533007221, 0.49500045217211047, -0.39539669735841193, -0.6724741293196412, -0.4909526557161061, 0.039222151631213426, -0.14043443169925496, 0.216492546249689, 0.6835585493970571, 0.6360116823113853, -0.06771975604691735, 0.04652363359832534], [-0.2028599703576509, -0.6131232747652204, -0.1905622570331884, -0.4218608509568164, 0.7301448369011982, -0.023035907580181814, 0.09574867380874064, 0.4852293284653008, -0.4225551133913716, 0.0680001796975328, 0.41528737012795, 0.3600320533504152, 0.6793498365873512, 0.033634036040353726], [-0.34955515720924196, -0.23919477942489098, -0.6658900843825327, 0.26945106797089513, -0.38164745144796103, -0.2656358767437623, 0.46936591340470407, -0.6548713586965086, 0.3245483249073548, 0.6347674991380327, -0.5229131829873868, 0.3243949667340689, 0.21732902317660752, -0.025183952327082045]], "inverted": false, "swapped": false, "error_lsq": 0.04448220624152905, "error_max": 0.2561195667493432, "target": "403.xyz", "model": "20.xyz", "model_rescale": 4.067790424073018, "target_rescale": 3.894982761943998},
{"mapping": [6, 4, 5, 2, 9, 1, 7, 13, 8, 0, 11, 3, 12, 14], "R": [[0.18875959431632824, 0.9713001045919343, -0.14472706164789198], [-0.8633695830707968, 0.09391551994682004, -0.4957548165588279], [-0.46793458793050746, 0.21853142092801203, 0.8563184217833284]], "T": [0.08802642592924548, 0.0674890426392744, -0.10183447805446749], "aligned_model": [[0.7137027021663008, 0.213917628506101, -0.14260001708674092, 0.5560846099491477, -0.42171083288660516, -0.6951017561878585, -0.5318154953073043, -0.011470022006485947, -0.30011217072675367, 0.06981628704253243, 0.46844604992348066, 0.8044798695654349, 0.19165732279284506, 0.06380640905455238], [-0.21179320584755718, -0.7235574461457001, -0.31450895839548054, -0.33227670883163335, 0.642555792771724, 0.1590089891865677, 0.08688567254822317, 0.25776244660126313, -0.32921171421689716, -0.022988252445552457, 0.5251066908553426, 0.3458445938195344, 0.7735004425616243, 0.13710059843295447], [-0.38127593118847053, -0.1313192610958141, -0.48829934301004296, 0.3162932678101472, 0.014424110169781887, -0.32907763204762774, 0.3129952709206323, -0.7681827305997022, 0.029103812833667086, 0.602395796384809, -0.354617491131746, 0.26279912829552166, 0.17713219969149013, -0.12740624492034897]], "inverted": true, "swapped": false, "error_lsq": 0.04565693784812171, "error_max": 0.2725059761655821, "target": "403.xyz", "model": "21.xyz", "model_rescale": 4.186013935880536, "target_rescale": 3.894982761943998},
{"mapping": [5, 2, 7, 6, 9, 4, 8, 1, 10, 0, 3, 11, 13], "R": [[0.22516891035426934, -0.9728723494199776, -0.05308816764519339], [-0.8403407549546104, -0.22149206588435527, 0.494741023478543], [-0.4930784697917632, -0.06678814628610075, -0.8674174117133456]], "T": [0.005556279387236904, -0.14347539981029758, 0.04737926092268882], "aligned_model": [[0.07815218973960127, -0.3275459606022712, 0.28866982215889286, 0.4745554877605373, 0.04503534596745621, 0.7215469050362068, -0.24509616813964086, -0.7652738439201119, 0.42565471753518913, -0.375758391555918, -0.5592028443014134, 0.2394020370731073, 0.058434738671589735], [-0.5063991195246514, 0.0343481081837573, 0.24343146096770166, -0.7175388836679003, -0.306635845252388, -0.2689171975664185, -0.5457034911093241, -0.009682550518538557, 0.7126348773875082, 0.5394802588483986, 0.025102905847997292, 0.3026212953707008, 0.016214840579250406], [-0.5361262166351579, -0.51339106004725, -0.46887926242228783, 0.1748432715761503, 0.6715105093628958, -0.22747825429500176, 0.04701885270040648, -0.1640529062407674, 0.009467974322127176, -0.05551665368156636, 0.566409186802314, 0.571069603234795, 0.02800451665868832]], "inverted": true, "swapped": true, "error_lsq": 0.04897441926161487, "error_max": 0.2986903834956738, "target": "403.xyz", "model": "22.xyz", "model_rescale": 4.166573947596378, "target_rescale": 3.894982761943998},
{"mapping": [10, 13, 14, 5, 3, 12, 2, 9, 6, 1, 8, 0, 4, 15], "R": [[0.9326135066677194, 0.08278938295085912, -0.3512519967936919], [0.026452139057670517, 0.9550285230359319, 0.29533168561310896], [0.3599060037290479, -0.2847216856132012, 0.8884825435659184]], "T": [-0.0004407265341010991, 0.12240777914616195, -0.14251349602447097], "aligned_model": [[0.5104750349897846, 0.35345789971109753, -0.07625179610736574, 0.40542733414993165, -0.2534148205730353, -0.5300441048807417, -0.3893812004400813, -0.05127638934407261, -0.3814815759573358, 0.07923643322035026, 0.5196226434832045, 0.5960778953577128, 0.18132582734130925, 0.015327403847888159], [-0.24637588146288547, -0.636581860022963, -0.4149380371167821, -0.45772966516310065, 0.6675198837202605, -0.2333343979492739, 0.34776325504548744, 0.35528397113255183, -0.27788917196440854, 0.0626320860710921, 0.7114003856388935, 0.294512865051239, 0.7211395024370714, 0.1000260054772314], [-0.5473652335758088, -0.2670270650498061, -0.7182651080023391, 0.2931166730734063, -0.15935253424052795, -0.29200971774409, 0.3582353995600043, -0.6935430604533526, 0.38062879242988934, 0.5633033907089084, -0.33408839230351683, 0.3878647991384361, 0.24262901887352004, -0.07916201030242626]], "inverted": true, "swapped": false, "error_lsq": 0.04154981149800203, "error_max": 0.22605938427214542, "target": "403.xyz", "model": "23.xyz", "model_rescale": 4.274766983524099, "target_rescale": 3.894982761943998},
{"mapping": [5, 7, 2, 8, 0, 3, 9, 11, 12, 10, 13], "R": [[0.3504046872637875, -0.9361327610490104, -0.029529795704066664], [-0.36308644460250933, -0.16483534045611292, 0.9170591825409233], [-0.8633566985258622, -0.31061996752860876, -0.3976561918077598]], "T": [-0.062093330595109075, -0.05611306379167816, -0.09081611685260677], "aligned_model": [[0.09616959116793902, 0.22286909344297584, -0.36289139661054054, -0.26959510342576926, -0.5008177539774088, -0.6829645996338456, -0.0591906240981941, 0.07999258425941574, 0.6101737834200813, 0.27043332506061085, -0.024284195647189373], [0.01068808786223474, 0.5726387094396433, 0.4148577937586758, -0.3833003436076151, 0.5379506211300954, -0.25317480797877834, -0.5625688409928499, -0.011380255792914712, -0.15463361467643982, 0.6603029423204153, 0.0842062397810164], [-0.7601089440993483, -0.23167308149741137, -0.4712745639683571, -0.36377346695357005, 0.18671964264100976, 0.3478741077329995, 0.31069834486575765, 0.6203436705078409, 0.2997409387429126, 0.44492533158551956, -0.0039055455357756286]], "inverted": true, "swapped": true, "error_lsq": 0.0521599469737175, "error_max": 0.3320829147640058, "target": "403.xyz", "model": "24.xyz", "model_rescale": 3.7841303162186577, "target_rescale": 3.894982761943998},
{"mapping": [11, 7, 6, 10, 5, 4, 2, 3, 8, 9, 13, 14, 12, 15], "R": [[-0.27399774698543533, -0.9243027445022767, -0.2656871678355295], [0.43982260446524934, 0.12524830701635822, -0.8893081233132536], [0.8552668070539804, -0.3605236442940955, 0.3722114864651469]], "T": [0.04161636387668853, -0.10661555861122136, -0.0029203771157105124], "aligned_model": [[0.5932636496314333, 0.31042131608528456, -0.11000869583212274, 0.6639120262431799, -0.3888344729474487, -0.599618338802349, -0.4912183276485719, -0.043299343077981736, -0.37635500053147225, 0.1316186079996841, 0.5387699340494556, 0.6011003013529834, 0.11847952165380779, 0.03086940662276418], [-0.15095771225295262, -0.6565553307048253, -0.23744984127661045, -0.42828958591177185, 0.6437541235341082, 0.055624852923275, 0.2903238947918118, 0.3695869613485067, -0.30651126500020565, 0.15234132792617344, 0.4274981062376671, 0.30621387137903544, 0.6337246506445375, -0.10587511274433548], [-0.5350356040097752, -0.22227330013710256, -0.6971240100583518, 0.3355010081974717, -0.1478209038166179, -0.34817455566189226, 0.3538979096445167, -0.6471426759610271, 0.36423003993552, 0.5137822796355465, -0.2849858268914697, 0.3789808506258387, 0.14254555004183544, -0.07141580943219504]], "inverted": true, "swapped": false, "error_lsq": 0.04061714631171997, "error_max": 0.23474847464562493, "target": "403.xyz", "model": "25.xyz", "model_rescale": 4.19342608120988, "target_rescale": 3.894982761943998},
{"mapping": [10, 7, 4, 9, 12, 11, 6, 3, 5, 0, 8, 13], "R": [[0.4712419636580457, 0.48427484845890967, 0.7371627248022037], [0.1999793816068435, 0.7553502151634085, -0.6240627367378517], [-0.8590339100523645, 0.4415018953557197, 0.25910773392057135]], "T": [0.08364879737230138, 0.14334391658166418, -0.030900721459518325], "aligned_model": [[-0.17048730568399892, 0.38237931752791043, 0.06016040155745027, -0.4739956417175726, -0.49876145245409864, -0.5461598035373837, -0.14160405212682764, -0.18072591699394433, 0.6321610344484855, 0.23616166879813263, 0.24101276451932147, 0.057667540294306305], [-0.6988304309000664, -0.49429726485998743, -0.3538674741506793, 0.4673376587189359, -0.2588654066389429, -0.09212793306719858, 0.25510915728107286, 0.6092384371568018, 0.10053987542118084, -0.08650436897192165, 0.5668828245576374, -0.0018386468058521344], [0.3392370632596882, -0.007515683478059913, -0.6276871175018444, -0.07309642672042216, -0.36736787649840635, 0.2444750376646046, -0.7397913334225364, 0.5433917850113843, -0.4489492529833283, 0.7082382836607577, -0.17395872385585623, 0.05228270607344008]], "inverted": true, "swapped": true, "error_lsq": 0.04951991675392283, "error_max": 0.2786642046715109, "target": "403.xyz", "model": "26.xyz", "model_rescale": 3.795458400668931, "target_rescale": 3.894982761943998},
{"mapping": [1, 9, 3, 0, 10, 5, 8, 2, 6, 11, 7, 12, 13], "R": [[0.5801313052472875, -0.07333221617481442, 0.8112151716671532], [0.28775781896424346, 0.9501689408787917, -0.11989337518902737], [-0.7619994135804962, 0.3029874087485575, 0.5723246664637252]], "T": [-0.1143830663850091, -0.12989407570029604, 0.05051023556057228], "aligned_model": [[-0.19076086489860855, 0.48258832029819615, 0.49829567313719586, -0.1073688351873247, -0.15861148926252322, -0.725940749914351, -0.10303361922756697, -0.6012723383949222, -0.1035215604421683, 0.39538862646957135, -0.6407359669926502, 0.08534922280666289, -0.13070003557025434], [-0.740574649730972, -0.11642428215481165, -0.47292006837910866, -0.11628286724036777, 0.6626796790966931, -0.31275739933098756, -0.5495699371569676, -0.37997014254333245, -0.01049220699143874, 0.350923577644872, 0.25728145043088874, 0.5550331062144067, -0.005044756601959521], [-0.4767646787174023, 0.297822732369389, -0.30123044643541197, -0.7382751692090848, -0.4793156414278323, 0.315124368701953, 0.2704138010959679, -0.34627995176270526, 0.7930608644087759, -0.141544131392849, -0.21296802906689738, 0.37480324093847045, -0.06271029740294759]], "inverted": false, "swapped": true, "error_lsq": 0.05015074894417705, "error_max": 0.2721102605928211, "target": "403.xyz", "model": "27.xyz", "model_rescale": 3.6321398670334006, "target_rescale": 3.894982761943998},
