[{"mapping": [11, 3, 2, 0, 1, 6, 7, 14, 4, 13, 15, 9, 12, 16], "R": [[-0.6629394250683822, 0.5412252282368827, -0.5172877062234685], [0.7135381448870478, 0.6659374042313443, -0.21769402710402952], [0.2266597328180583, -0.5134224634407359, -0.8276610052148723]], "T": [-0.132561965281857, -0.010563447950176483, 0.12766585102978495], "aligned_model": [[0.053935778432690845, 0.21621747524488946, -0.5824246955090586, -0.43001053269277256, -0.7516127614293311, -0.04629781619071696, -0.5849102140526922, 0.04566980929463102, -0.2953439556112091, 0.33583320100736225, 0.5731116941664964, 0.18446469482080322, 0.7107628520001036, -0.05790342835289261], [-0.5824126852342475, -0.4779432720782557, -0.48157832980537013, -0.3719113300536536, 0.1713963360851517, 0.42213733866628866, 0.18646154770277928, 0.5650991613686233, 0.7841371134640417, -0.2193146971113467, 0.5960089757591787, 0.6462081346107961, -0.10802831323953938, 0.10501335167558794], [0.2649223567522717, -0.3371697196470916, 0.39847787837901316, -0.17999141562284665, 0.5111166576042949, -0.542254667539861, -0.1694254419716334, 0.64196650615548, 0.10608600244617092, 0.6575494724369313, 0.3023430306909754, -0.03453516917367508, 0.17212923331176844, 0.10637336335803554]], "inverted": false, "swapped": true, "error_lsq": 0.03827187921647241, "error_max": 0.20479718692235768, "target": "404.xyz", "model": "0.xyz", "model_rescale": 3.8414455957264533, "target_rescale": 4.197381150571228},
{"mapping": [4, 1, 8, 2, 7, 0, 3, 6, 12, 5, 11, 14, 13, 15, 16], "R": [[0.9981459137930642, 0.0541264650955283, 0.02783990938332409], [-0.014743322188491205, -0.2287700397414408, 0.973368842406385], [0.059053951849605144, -0.971974585415155, -0.22754787645236854]], "T": [-0.043900534938999036, -0.005310004528559998, -0.17282620485275207], "aligned_model": [[-0.7352317181034728, -0.6466237471127162, 0.09811416388138239, -0.03279490051585192, -0.4306067629647195, 0.08586236102838188, 0.6101207043330783, -0.1917444643131564, 0.566115366914359, 0.3427373117588911, 0.47707969028543273, -0.44608598803518124, 0.32105475429863495, -0.06829631853991683, -0.07765629941060077], [0.17706514748448765, -0.05425711993287878, -0.5676678493491351, -0.2723754643926868, -0.41626201098714505, -0.537167046533733, -0.2865129147765235, -0.2531306881010972, 0.5097089887512462, -0.03907393390460916, -0.009531920299341527, 0.6761365108260549, 0.5721344420263212, 0.7785926792733512, 0.06938570795870426], [0.21098774443150342, -0.6174571548328895, 0.265561040051388, -0.8256074501142523, -0.057597019968341365, -0.29110812899718364, 0.04930944683723179, 0.5756335847808653, 0.11925114076064669, 0.526337228247562, -0.5032714912595377, -0.13362573128414132, -0.4505190496748828, 0.35756889694299204, -0.06028126858142557]], "inverted": true, "swapped": true, "error_lsq": 0.042146178341166546, "error_max": 0.369238707790835, "target": "404.xyz", "model": "1.xyz", "model_rescale": 4.316132596720782, "target_rescale": 4.197381150571228},
{"mapping": [14, 4, 9, 11, 12, 10, 3, 2, 6, 1, 0, 16], "R": [[0.6327505121505024, 0.32974240539009736, 0.7006402325450843], [-0.4504254477823749, -0.5792562353226789, 0.6793961508794736], [0.6298759444234429, -0.7454744529005338, -0.218000308966125]], "T": [-0.02204546110216753, 0.07549691303099466, -0.04268985470120629], "aligned_model": [[-0.1426341473159698, 0.5013519612831462, 0.22547535186431597, -0.5142670184749955, -0.6084192931375206, -0.44338844689959045, -0.19329196897531228, -0.15887572817947984, 0.5560960913183874, 0.21358912051627207, 0.1564390561772691, 0.005733576455257853], [-0.670763165457808, -0.5364530973452489, -0.5426859745674772, 0.4457575976441606, -0.16643349358962212, -0.06747919717095875, 0.5179479456169377, 0.5436533501118668, -0.08022341126355374, 0.005973931342617006, 0.606344909369014, -0.04286296694894638], [0.1944038675063785, 0.05773410455889762, -0.3814336376100019, -0.07814786992196152, -0.6086479337406685, 0.48642256679001633, -0.6180808723644364, 0.4668959354900312, -0.5765142652744777, 0.6665425974908148, -0.04936950701847817, -0.11054652469669263]], "inverted": false, "swapped": true, "error_lsq": 0.0456747011929177, "error_max": 0.2663862360787308, "target": "404.xyz", "model": "2.xyz", "model_rescale": 3.795458400668931, "target_rescale": 4.197381150571228},
{"mapping": [11, 0, 8, 4, 12, 9, 7, 10, 1, 14, 5, 16], "R": [[0.3495000604837846, -0.29262506067221966, -0.8900675713609676], [-0.30120852794839875, 0.8644557771434505, -0.40247935605999974], [0.8871996000974018, 0.408762502230688, 0.21398618263130273]], "T": [0.04568871791844235, -0.0860601175308469, -0.029811774264322112], "aligned_model": [[0.0494409737690557, -0.36218692712399553, -0.6730667738740052, 0.21069193826385205, 0.12377408033598972, 0.07434250261005235, -0.22424612507318506, 0.6752232757174009, 0.41778001489333666, 0.698031343592277, -0.45554460651023493, 0.05906412914302155], [-0.2037008633727862, -0.45349948999175466, -0.041447648701047266, 0.13156423765273406, 0.6008197681550448, 0.5150811707698647, -0.34068743751391933, -0.3106878336179828, -0.6152390290484241, 0.236080936628507, 0.532531553716638, 0.0349536806128351], [-0.6354344971289135, -0.14083745429553118, 0.07017906256603645, 0.7343388822551401, -0.5245559895814255, 0.4128755848883228, 0.4106438215823723, -0.2063356084845781, 0.3508265299041629, 0.28376980850673245, -0.10442968334873284, 0.037730973775514286]], "inverted": false, "swapped": true, "error_lsq": 0.04509890339738513, "error_max": 0.23607301504327552, "target": "404.xyz", "model": "3.xyz", "model_rescale": 3.7530521520055578, "target_rescale": 4.197381150571228},
{"mapping": [12, 14, 10, 1, 11, 4, 3, 9, 6, 7, 16], "R": [[0.20108797763209466, -0.9319967426763461, 0.301572042624171], [0.9160259697212841, 0.2879883713027873, 0.2792116057590535], [-0.3470735484706597, 0.22010172565213684, 0.9116442191540164]], "T": [0.07456267480029058, -0.12963949928835228, 0.0741182165474241], "aligned_model": [[-0.5296982170402253, -0.2382160927292862, 0.36772848953965, 0.5724024175264856, 0.27461924431731266, -0.233533716651551, -0.07616285217178825, -0.5781000454316486, -0.41267003428175, 0.24510804631515046, -0.05327763694714441], [-0.7162132124744129, 0.12772633140965856, -0.2810842602537776, 0.31628717169630477, -0.7129609410217531, 0.5945862032708477, -0.6245314528675534, 0.22456936271821226, 0.2732413236762834, 0.34537485620508357, -0.07979202404454724], [-0.04195586912505041, -0.6067572793186953, -0.5333769058937412, -0.2674557387631413, 0.0927131503543859, -0.12358457523745918, 0.6112651942957801, -0.007927146063725396, 0.5678350433271713, 0.3515648993269401, 0.05051000434285189]], "inverted": false, "swapped": true, "error_lsq": 0.03946839337183832, "error_max": 0.20680400717359237, "target": "404.xyz", "model": "4.xyz", "model_rescale": 3.7855080009869324, "target_rescale": 4.197381150571228},
{"mapping": [6, 1, 11, 8, 0, 10, 5, 4, 7, 3, 12, 13, 15, 14, 2, 9, 16], "R": [[0.5728978050822418, 0.6725390211124684, 0.46848625381438075], [-0.278012188591978, -0.37824872564828194, 0.8829706249585823], [0.7710365282697365, -0.6360968217390599, -0.029723819526071893]], "T": [-0.04638015887471189, 0.0991643419569829, -0.04160879897933865], "aligned_model": [[-0.1520104777207778, 0.6222812669930575, 0.036904300219207015, -0.7136541376965413, 0.6993297904879586, -0.40631284983099136, 0.31059197516189674, 0.40310805628038904, -0.12419056668030878, 0.2544603163106468, 0.0695418499157571, -0.5142334223377014, -0.7745896972143423, -0.1674112804281791, 0.3908508415821301, -0.1588909918357983, -0.050076367027489965], [-0.2750791188538876, -0.2554761660299377, -0.68254972241006, 0.1047342105631823, 0.2911320782537461, 0.7144087201286463, 0.7188760158793838, -0.0015892574217978434, 0.34894731978784044, 0.6780792587674923, -0.45532297320099635, -0.45091811982620666, 0.2694188819746724, 0.026016116948663265, 0.2758171265301853, 0.6045809983034914, 0.10781534984530954], [0.4826632066129335, -0.056640320546700415, 0.07848719905778204, 0.18205230115793272, 0.08304649759137675, 0.1096759893617866, 0.33737877515067, 0.5370187500660292, 0.6604762929425626, -0.2798715383738331, -0.4186647208490675, -0.09983463500575142, -0.3880801059593004, -0.7031964374117019, -0.6102989901385797, -0.530290019411391, -0.09450728953996433]], "inverted": true, "swapped": false, "error_lsq": 0.03620018865983866, "error_max": 0.26050683655149537, "target": "404.xyz", "model": "5.xyz", "model_rescale": 4.2253639853439635, "target_rescale": 4.197381150571228},
{"mapping": [14, 4, 2, 10, 1, 0, 11, 13, 6, 9, 7, 3, 12, 16], "R": [[0.32871475702646386, -0.32987491014208176, 0.8849458470278204], [0.16246272020674438, -0.9032977969896714, -0.3970629099986952], [0.9303507258319619, 0.2742911475282429, -0.24333494063036182]], "T": [-0.031123826686332512, -0.035180374223130514, 0.078274883333093], "aligned_model": [[0.4747322347842329, -0.03944333418787431, -0.3668331690237834, 0.22644641057951725, -0.3402456110202175, -0.4997602014952643, 0.09358663766949131, 0.5907631123288186, -0.20781100318626555, 0.27719936289982844, -0.5276538252749869, -0.04337651016849292, 0.6936629025891803, 0.04279514626360015], [-0.16213892060393065, 0.23626199341786625, -0.6237488143289048, -0.6650458529634837, -0.5226845567112053, -0.040664064760708954, -0.3043104960478607, -0.37467132826267996, 0.7268090456563578, 0.48550974998310276, 0.1128686567313535, 0.3001483521184839, 0.2189476061390166, 0.05781777626758351], [-0.5180893859465933, -0.6864227532507612, 0.2743796459278469, -0.04362296698213247, -0.4014658453803611, 0.38495193370314157, 0.6192449236892098, 0.28260377329407854, -0.0995417104081877, -0.35988329717715256, -0.1732016928928693, 0.7442836092070403, 0.4426597162181079, 0.005662258930081182]], "inverted": true, "swapped": true, "error_lsq": 0.039304121701406715, "error_max": 0.23750552544175935, "target": "404.xyz", "model": "6.xyz", "model_rescale": 3.89814844738969, "target_rescale": 4.197381150571228},
{"mapping": [7, 8, 0, 4, 2, 5, 9, 1, 14, 12, 11, 10, 16], "R": [[0.052255589844546146, -0.8886172374152648, 0.45566298807173483], [-0.9986286725560464, -0.04504443789183987, 0.0266790735213462], [-0.003182401443529992, -0.456432255634362, -0.889752475881681]], "T": [-0.015741665076057655, 0.12528929014039492, -0.01700207952382225], "aligned_model": [[0.16829553669607938, 0.010650021007301412, 0.41595235878522174, -0.4148809288976537, 0.6547557101591341, -0.5339449532049283, -0.6979864794973997, 0.3652781877311257, -0.47916715355172523, -0.581572050398383, 0.23042870272939725, 0.1601407715023809, -0.14931792215632791], [-0.23741915589967938, 0.3050861938614784, 0.2794619458743403, -0.5661258347608068, 0.13611813384228574, 0.5279237771049705, -0.1318934887829673, -0.4834707241149777, -0.31019973719201543, 0.7143192723436308, 0.6386631873601154, 0.0011489323758311493, 0.09016876345827946], [-0.4247690656696106, -0.7209725683405889, -0.33882811617412567, -0.16241742151482574, 0.20182811738769074, -0.47395848410735486, -0.17998372649973443, 0.20117878373012574, 0.45548632541675677, 0.21869432453259152, 0.22065249885433733, 0.6399504107087604, -0.03458604748772638]], "inverted": false, "swapped": true, "error_lsq": 0.0423691506124246, "error_max": 0.2523632899321262, "target": "404.xyz", "model": "7.xyz", "model_rescale": 3.7474275329858107, "target_rescale": 4.197381150571228},
{"mapping": [9, 14, 4, 6, 1, 8, 5, 3, 7, 0, 12, 11, 13, 10, 16], "R": [[-0.7377185410336032, 0.6626967698560104, 0.1288578497324164], [0.37313215444999165, 0.24117342407561215, 0.8958837953859601], [0.5626222085296311, 0.7089910935562272, -0.4251915800285625]], "T": [0.089330930394456, -0.05320722865276706, 0.10230492062905351], "aligned_model": [[-0.18360011299918194, 0.3310765054415926, 0.29312582781896207, -0.3404991105652971, 0.8289193456288717, -0.31536120542550106, -0.6809057945834134, -0.5214230743645711, 0.2824921687327988, 0.0918481481966073, -0.5530891902316535, -0.03673952993710425, 0.02526825593291515, 0.550025355358307, 0.031016133335415537], [-0.14813840290760816, 0.31829717858380663, -0.34874102903107507, -0.6264930501417926, -0.15522813980437383, -0.633661439579113, -0.21292868318679092, -0.10538876374170045, -0.5933140180013498, -0.38223743133526766, 0.49345300117709756, 0.2947393207313587, 0.6806792141626101, 0.46138281441526885, -0.05330260936147734], [-0.5866513214772158, -0.5543553579382309, -0.625458819310111, -0.2583257465718093, 0.025048969282321684, 0.2693231263141899, -0.04151016226426084, 0.5270633684193413, 0.050590168782922704, 0.5555528938367579, -0.0032039487164864794, 0.5959361035577725, 0.13477692176284378, 0.13213391202898744, -0.02412545201076184]], "inverted": true, "swapped": true, "error_lsq": 0.043537781123491937, "error_max": 0.32145591987768474, "target": "404.xyz", "model": "8.xyz", "model_rescale": 4.019505241142653, "target_rescale": 4.197381150571228},
{"mapping": [3, 2, 13, 12, 5, 15, 14, 8, 6, 7, 1, 4, 16], "R": [[-0.0818453427841545, -0.8518332836585933, 0.5173793547446236], [-0.7494736721559223, 0.39479204600677115, 0.5314399826461167], [-0.6569555195062003, -0.344266317349238, -0.6707385095021251]], "T": [-0.14799118392660277, -0.017909967745035005, -0.027121848785816464], "aligned_model": [[-0.2622132657989551, -0.7965821701507132, 0.01876728099203756, 0.34921532381973336, 0.27773022336339137, 0.7773973345114145, 0.40206275566091804, -0.24832888782228038, 0.22334061057752613, -0.310393091426457, -0.42753383767958886, 0.32874965906618686, -0.012511163372036976], [-0.7286270832239428, 0.21552521004072148, 0.12763321615481313, -0.3869295343531467, -0.6917360000735715, 0.05168117623052987, 0.5453836002799581, -0.60597466948295, -0.4320483742617232, 0.014137623451724396, 0.6338057124557066, 0.3434653070866209, -0.022937956190681594], [-0.2220515891558497, -0.17681620236837814, -0.7305111890969131, -0.6096022243252278, 0.037516337622207276, -0.21482027329045536, -0.11544052668043081, 0.38846225648502825, 0.5508634918550264, 0.5245117214347035, 0.2188260099014866, 0.5211834748390959, 0.004582206823586475]], "inverted": true, "swapped": true, "error_lsq": 0.04496847377017294, "error_max": 0.20795764714642345, "target": "404.xyz", "model": "9.xyz", "model_rescale": 3.877068213659057, "target_rescale": 4.197381150571228},
{"mapping": [14, 10, 0, 12, 11, 13, 5, 2, 1, 7, 6, 4, 15, 3, 8, 16], "R": [[0.2601942708529852, -0.8107144627021625, 0.5244435159107488], [-0.7595150572636031, -0.5072188697145086, -0.40726636983110015], [0.5961843835636333, -0.29235437087733246, -0.747725285531906]], "T": [-0.11070438364962695, 0.007791469402868968, -0.0803971180793161], "aligned_model": [[0.29506818399266244, -0.24382248666559594, -0.529813090763661, 0.5860988165513793, -0.21960859717447367, 0.1830982512164737, 0.4332648631993262, -0.7395010594225532, -0.587605258243958, -0.4054172949096253, 0.19567304636964952, 0.11875235086256425, 0.7890220406451997, -0.0026743051852043676, -0.16732503640719712, 0.010198101252108058], [0.1660572885167435, -0.3279551653882878, -0.01641763184731511, -0.4590031497111007, -0.5849534773917975, -0.5886640816649368, 0.08689333140364319, -0.2822080985464976, 0.26080979853861164, 0.48889860652794775, 0.5971031318437412, 0.7171956132260143, 0.1030671544786277, -0.31756521498989276, 0.28308940379889563, 0.07545136833915173], [-0.7421823724846486, -0.6698763816851849, 0.2903625708264549, 0.05831561936523194, 0.05160896996991196, -0.3992521876817034, 0.5003770958121949, -0.21487998040619888, -0.6018518651208655, 0.035280217640824535, 0.369391288000152, -0.40072197859766906, -0.359381779301489, 0.581898613426302, 0.5901273377054941, -0.09418084035876542]], "inverted": true, "swapped": true, "error_lsq": 0.03733323849132712, "error_max": 0.24390645163655897, "target": "404.xyz", "model": "10.xyz", "model_rescale": 4.260839863003843, "target_rescale": 4.197381150571228},
{"mapping": [1, 4, 9, 14, 12, 13, 2, 7, 6, 5, 3, 16], "R": [[-0.4243220306779438, 0.3331327547167888, -0.8420055712500659], [0.7082124669354397, 0.701526564771632, -0.07934469482537543], [0.5642569591582941, -0.6299865448202184, -0.5336019465733965]], "T": [0.08273474571532219, 0.16330741060945927, -0.10377526732654632], "aligned_model": [[0.4547320578646944, 0.1566908593179412, -0.19923098872872075, -0.35708605042269553, -0.682988592047149, -0.5437998663753036, 0.4181906048352118, 0.5960468502693979, 0.24889614451778744, -0.16302646749966826, 0.017403141551801837, 0.013070955810833257], [0.004390166915398563, -0.6341040332962006, -0.49302339538475903, -0.3288711856704064, 0.30686623523302486, 0.4637680730181044, 0.6438529025810902, -0.09357328883810659, -0.3505244930693664, 0.023955751358992666, 0.5806417175732118, 0.049700055111950664], [-0.736018165024869, -0.23484063629042395, 0.11506070671096494, -0.5419271425338005, 0.23641846226305116, -0.3506062586189952, -0.49635143300833207, -0.056615824741437615, 0.4893791305053766, 0.6443162208979536, 0.5108196916758418, -0.06345667443982522]], "inverted": true, "swapped": true, "error_lsq": 0.039911081403553025, "error_max": 0.2343224019364565, "target": "404.xyz", "model": "11.xyz", "model_rescale": 3.890672605050136, "target_rescale": 4.197381150571228},
{"mapping": [11, 3, 8, 2, 0, 14, 12, 1, 10, 15, 6, 5, 4, 16], "R": [[-0.05712239801997754, 0.6184588812950658, -0.7837382495397958], [0.15232575830200637, -0.7704300016242616, -0.619059347684016], [-0.9866782124898503, -0.15474567762783048, -0.05019840887256849]], "T": [0.17143093309282476, -0.0751368495986871, 0.11934829295646354], "aligned_model": [[0.29243655262279483, 0.3011677625908698, 0.4862606384319048, 0.6904135706166986, 0.6964896844907462, -0.4427245079690597, -0.44603631271639754, 0.43247969784922213, 0.05966834147234129, -0.7617596994916254, 0.08308062079735823, -0.11355785015422643, -0.12555419221871156, 0.05751152847177782], [-0.32179098201799117, 0.3059054783187134, 0.5730725855840366, -0.5463013828451182, 0.05858190708936331, -0.3694000130609833, 0.02342990298889841, -0.5098677257106644, -0.7565157179902626, 0.0633022305902105, 0.6899459949649243, 0.6036701995467157, 0.12726791421811304, -0.009147871848190964], [-0.4330570708469542, -0.5084559801332672, 0.022887515522677482, 0.040407468961719165, -0.0225444044239885, 0.5241710368115688, -0.45657872968667546, 0.6727291564254839, 0.15346566637767958, 0.19939453128997722, 0.34364149086780377, -0.192838697587001, 0.8469091464116963, 0.1646593053661411]], "inverted": true, "swapped": true, "error_lsq": 0.04758190835966302, "error_max": 0.30558140165116454, "target": "404.xyz", "model": "12.xyz", "model_rescale": 4.124412569039231, "target_rescale": 4.197381150571228},
{"mapping": [14, 15, 6, 13, 4, 1, 12, 2, 5, 11, 7, 8, 16], "R": [[-0.574755517712722, -0.1736720366897824, -0.79968376157754], [0.5750136888297319, -0.7810178127859145, -0.24366048873284796], [-0.5822502490486415, -0.59987431998972, 0.5487580957941905]], "T": [0.12271560323975415, 0.012323429450583817, -0.1341288396686323], "aligned_model": [[-0.11898057267194818, -0.26686349736710224, 0.63030191867782, -0.6078323946892804, 0.5296516433317087, 0.3824441547443251, -0.5300786190568927, 0.10417889793496939, 0.13483260188907953, -0.29427353510925525, 0.6933874473019899, 0.5862644361828004, 0.1242658263415436], [-0.2111573582109832, 0.3970724543486699, 0.5864106591038458, -0.07042069836632284, -0.0370864027708583, -0.678044920647339, 0.5458577484202877, -0.5178653853225414, 0.8107889164818998, 0.005670707451432142, -0.06535564890036477, 0.4965149091852067, 0.08510039573554488], [0.5864948243856071, 0.6382789853490746, 0.1030313603789309, -0.07755322567545722, 0.5662099185810295, 0.004797014642421521, -0.025161075668769683, -0.5990233012181811, -0.09212434021577655, -0.5887804719598739, -0.13333471342074954, -0.41569408474775094, -0.015442809462665977]], "inverted": true, "swapped": true, "error_lsq": 0.041829020742389304, "error_max": 0.22623134880416026, "target": "404.xyz", "model": "13.xyz", "model_rescale": 3.9028299243045295, "target_rescale": 4.197381150571228},
{"mapping": [10, 7, 1, 14, 13, 11, 4, 15, 2, 9, 12, 6, 0, 3, 5, 16], "R": [[-0.653834982900369, -0.5997325062954636, 0.46132497876034845], [0.12214280898129078, 0.5180476356277499, 0.8465859563178793], [-0.7467134318798839, 0.6098750430318163, -0.26546465402592884]], "T": [0.08906633394821206, 0.044661102470439334, -0.024951441173583444], "aligned_model": [[0.039368371108472244, 0.023359883516104407, -0.09159821563062287, -0.6045817640134732, 0.11231815235496773, 0.5869840207024981, -0.6529731320639921, -0.6274689760170353, 0.5424636454554834, -0.5507206039175466, 0.06393332248956501, -0.19147713230890273, 0.5451871162314965, 0.5986962913795173, 0.061929093794049664, -0.027580801499985375], [-0.6025449294829442, 0.4803496774781363, -0.12263651363084185, -0.3380936918910983, -0.6163483074710575, -0.2704329991322776, 0.30071297871291125, -0.13733983870161695, -0.21906202024699575, 0.28412375979604354, -0.22239612556681418, 0.7603686627282519, 0.31493457264117297, 0.2821030725333805, 0.48302231246590865, 0.07549167188894124], [-0.2628306101611374, -0.39584111673050504, -0.7339927660989729, -0.028153422829604757, 0.3010450020195589, 0.15787632287929523, -0.2306879622523234, 0.5665469467563857, -0.49659923518483057, 0.27752879902972505, 0.7817219180379114, 0.2042275872906325, -0.20552557877583513, 0.46500949935518693, 0.6433010211330157, 0.04453370515583034]], "inverted": false, "swapped": true, "error_lsq": 0.036743745711451566, "error_max": 0.23523569641443087, "target": "404.xyz", "model": "14.xyz", "model_rescale": 3.942246331269136, "target_rescale": 4.197381150571228},
{"mapping": [7, 4, 6, 14, 13, 9, 3, 8, 0, 5, 12, 11, 1, 10, 16], "R": [[0.5072850171998124, -0.41933157342264804, 0.752876445942807], [0.7545369024269676, -0.20594066328835287, -0.6231071385245641], [0.4163363714600288, 0.8841659769156693, 0.21193053358177844]], "T": [-0.14408289594308094, -0.028908651087650488, 0.06868909555322994], "aligned_model": [[-0.6460471074855627, -0.24097366289294625, -0.22295971213387933, 0.22306426399179896, 0.44039089100499357, 0.16376493896279826, 0.014132676659074833, -0.41756522490098585, -0.5468951762619474, 0.20942016321037887, 0.6644666857497659, 0.027368689068379082, -0.6067910253261232, -0.017273860670866947, -0.06980850244266829], [-0.030137075361629333, -0.4855774734452793, 0.2946352273595867, -0.6939801880483062, -0.20122441904827912, -0.1612537495869096, 0.6913155127459468, 0.5642831858905544, 0.3228430111523263, 0.5407658113070891, 0.2321967481403903, 0.22330337575620554, -0.6095989583773053, -0.5369412481951573, -0.0524850704075827], [-0.21367847475129487, -0.5950717156724055, -0.6610798966247549, -0.15612634603314127, 0.4839545968264776, -0.5990522250773862, 0.18008071246854998, -0.2505737383268057, 0.23516423128037378, -0.36716056622835197, 0.09597799827517012, 0.604996614117449, 0.17854229897643045, 0.5200807029131871, -0.046691711782980996]], "inverted": true, "swapped": true, "error_lsq": 0.036966205522046366, "error_max": 0.23269963545889824, "target": "404.xyz", "model": "15.xyz", "model_rescale": 4.355366556412066, "target_rescale": 4.197381150571228},
{"mapping": [14, 4, 9, 11, 12, 10, 3, 2, 6, 1, 0, 16], "R": [[0.6327505121505024, 0.32974240539009736, 0.7006402325450843], [-0.4504254477823749, -0.5792562353226789, 0.6793961508794736], [0.6298759444234429, -0.7454744529005338, -0.218000308966125]], "T": [-0.02204546110216753, 0.07549691303099466, -0.04268985470120629], "aligned_model": [[-0.1426341473159698, 0.5013519612831462, 0.22547535186431597, -0.5142670184749955, -0.6084192931375206, -0.44338844689959045, -0.19329196897531228, -0.15887572817947984, 0.5560960913183874, 0.21358912051627207, 0.1564390561772691, 0.005733576455257853], [-0.670763165457808, -0.5364530973452489, -0.5426859745674772, 0.4457575976441606, -0.16643349358962212, -0.06747919717095875, 0.5179479456169377, 0.5436533501118668, -0.08022341126355374, 0.005973931342617006, 0.606344909369014, -0.04286296694894638], [0.1944038675063785, 0.05773410455889762, -0.3814336376100019, -0.07814786992196152, -0.6086479337406685, 0.48642256679001633, -0.6180808723644364, 0.4668959354900312, -0.5765142652744777, 0.6665425974908148, -0.04936950701847817, -0.11054652469669263]], "inverted": false, "swapped": true, "error_lsq": 0.0456747011929177, "error_max": 0.2663862360787308, "target": "404.xyz", "model": "16.xyz", "model_rescale": 3.795458400668931, "target_rescale": 4.197381150571228},
{"mapping": [7, 8, 0, 4, 2, 5, 9, 1, 14, 12, 11, 10, 16], "R": [[0.052255589844546146, -0.8886172374152648, 0.45566298807173483], [-0.9986286725560464, -0.04504443789183987, 0.0266790735213462], [-0.003182401443529992, -0.456432255634362, -0.889752475881681]], "T": [-0.015741665076057655, 0.12528929014039492, -0.01700207952382225], "aligned_model": [[0.16829553669607938, 0.010650021007301412, 0.41595235878522174, -0.4148809288976537, 0.6547557101591341, -0.5339449532049283, -0.6979864794973997, 0.3652781877311257, -0.47916715355172523, -0.581572050398383, 0.23042870272939725, 0.1601407715023809, -0.14931792215632791], [-0.23741915589967938, 0.3050861938614784, 0.2794619458743403, -0.5661258347608068, 0.13611813384228574, 0.5279237771049705, -0.1318934887829673, -0.4834707241149777, -0.31019973719201543, 0.7143192723436308, 0.6386631873601154, 0.0011489323758311493, 0.09016876345827946], [-0.4247690656696106, -0.7209725683405889, -0.33882811617412567, -0.16241742151482574, 0.20182811738769074, -0.47395848410735486, -0.17998372649973443, 0.20117878373012574, 0.45548632541675677, 0.21869432453259152, 0.22065249885433733, 0.6399504107087604, -0.03458604748772638]], "inverted": false, "swapped": true, "error_lsq": 0.0423691506124246, "error_max": 0.2523632899321262, "target": "404.xyz", "model": "17.xyz", "model_rescale": 3.7474275329858107, "target_rescale": 4.197381150571228},
{"mapping": [0, 1, 7, 10, 3, 12, 8, 4, 11, 5, 13, 14, 15, 16], "R": [[0.20238762631505047, 0.18130784536751382, 0.9623755576295305], [0.8602846758955613, 0.43663228180186464, -0.263177747744308], [-0.46792042607031914, 0.8811808643500423, -0.06760738990291064]], "T": [0.09436051667016451, -0.06956480812044502, -0.08723512919766355], "aligned_model": [[0.4926317234598506, 0.11144626286635949, 0.5974848171349232, -0.44939380897784986, 0.2743480923644988, -0.3988021106931511, 0.7302733916107431, 0.2436953353826331, -0.15283469581130693, 0.300190973297211, -0.61439830968629, -0.4026909233072764, -0.39600264339855495, 0.0788995436410867], [-0.4163301008892908, 0.3002831584716073, 0.15341502870390644, -0.019920012513288482, -0.6758364280846894, -0.3217911987755681, -0.263666406706777, 0.7230015068241438, -0.630640204358166, -0.20098929933836937, -0.2630860360530115, 0.5459205408931482, 0.4072268719863598, 0.02282082135122858], [-0.2738759967826241, -0.7401427269205653, -0.25707904020708483, -0.5112618523575023, 0.3079892391353751, 0.5576257942600079, 0.20693706819353605, 0.0024888747690543778, -0.1559463627702205, 0.6742238387339782, -0.024320675641272174, -0.04508278329497009, 0.5674641918395666, 0.015775149704376185]], "inverted": false, "swapped": true, "error_lsq": 0.03989659605779532, "error_max": 0.2446261860809902, "target": "404.xyz", "model": "18.xyz", "model_rescale": 3.922800546911778, "target_rescale": 4.197381150571228},
{"mapping": [15, 13, 12, 9, 0, 14, 11, 6, 1, 5, 3, 8, 4, 7, 16], "R": [[0.701824992434506, -0.35358005586544194, -0.6184034476686694], [-0.25288715635326686, -0.9352409255976589, 0.2477347315956988], [-0.6659502730278472, -0.017480136767929644, -0.7457913104030581]], "T": [-0.008672541864015074, -0.1474893257962009, 0.027141612884742317], "aligned_model": [[-0.16253703386629603, -0.21915053868685636, 0.27638752704880193, -0.026318799091087447, 0.2979407929591523, -0.617295076464159, 0.16583113037533187, 0.4183889831363276, -0.6167742115771853, 0.63370545482911, 0.6919439222108734, 0.6150008745804746, -0.362924564946391, 0.013457455594978726, -0.011605079215458152], [0.6637313293197877, -0.22325486290737412, 0.15284082536654553, 0.5987654633895203, -0.5290324261286774, 0.31711596974946576, -0.5805331440943503, 0.4095917032473876, -0.36393365073644124, 0.30822574993179214, -0.2841060779565675, -0.08031947822836366, 0.4624513407931179, -0.1249920738240213, -0.008939162887242863], [-0.43617717882602597, -0.6755008027896217, -0.7152974062861668, 0.058067088690073126, 0.2993805913153499, -0.17627839308063153, -0.376162028017345, 0.4153994605860703, 0.41019772597114795, -0.11117907511769004, -0.18881101895612062, 0.3947250428773084, 0.4283778723817767, 0.6022113132876659, 0.013705975127537955]], "inverted": true, "swapped": true, "error_lsq": 0.03670316639023222, "error_max": 0.28870772615378587, "target": "404.xyz", "model": "19.xyz", "model_rescale": 3.9282355846067225, "target_rescale": 4.197381150571228},
{"mapping": [0, 7, 4, 2, 11, 1, 10, 14, 13, 12, 6, 3, 15, 16], "R": [[0.6533363906375537, 0.5560045797437043, -0.5138194896777671], [-0.4295075572143133, -0.2866824229055986, -0.8563506563860213], [-0.6234379030540954, 0.7801744008239455, 0.051508109405316777]], "T": [-0.10373952728119634, -0.17762763663780512, 0.017737429788436704], "aligned_model": [[-0.5747139247130149, -0.0628606716212246, 0.6219158666919267, -0.5325382702321857, -0.5815947672504633, 0.09650258337071393, -0.007753949931231241, 0.6140331175389837, -0.08657646597376217, -0.07070205590518472, 0.12525284164771955, -0.6341817722431256, 0.6160342630102946, 0.009706024695230547], [-0.46895961691341603, -0.7232648879306489, -0.5343204612412409, -0.08329360820182238, 0.21109884709903287, -0.2977642275678388, 0.33000682244426627, 0.1355632901285262, 0.5574412580875899, 0.36926206916935933, -0.7709943324140116, -0.1852215546103314, 0.17030219858564188, -0.18697370921027065], [-0.06598670121373901, -0.1620122089229233, -0.05087107279458522, -0.5343525794095412, 0.052065223653552685, -0.6955914347060718, -0.4416382979538116, -0.10215019608772527, 0.07365627633188503, 0.6677322874147966, 0.5065558364319463, 0.5418905210434796, 0.5249731309265426, 0.09791237252987725]], "inverted": false, "swapped": true, "error_lsq": 0.04072847085084482, "error_max": 0.2524798052723074, "target": "404.xyz", "model": "20.xyz", "model_rescale": 4.067790424073018, "target_rescale": 4.197381150571228},
{"mapping": [15, 3, 14, 4, 10, 11, 1, 12, 13, 5, 8, 7, 6, 0, 16], "R": [[-0.09750668744326829, 0.937756744242799, 0.3333237683259126], [-0.9901908655844374, -0.12508642319087926, 0.062253003513526264], [0.10007245183857362, -0.3239840665225037, 0.9407549250588902]], "T": [-0.0641889445579536, 0.014659742238256748, 0.09687531842514695], "aligned_model": [[0.37433604464114245, 0.2121104168206121, -0.11613841226933877, 0.2708823408985879, -0.6687062809638211, -0.3724510547440964, -0.52276782759552, 0.19126486956327543, -0.39065239624040327, 0.6483139556357127, 0.43908138204991803, 0.08158428742476886, 0.701175131552346, -0.11758942694914457, 0.03800092408347577], [-0.11690952784785696, 0.6826796108783716, -0.45752756795795163, -0.7098197807972103, -0.09037205064259726, 0.5488079719981664, -0.5572391767963308, 0.5528863707545516, 0.33084955504368985, 0.36803036495634045, 0.19265941057450925, -0.33246977450879445, -0.14311112526331038, 0.20456600355604726, -0.032135144019777545], [-0.7318604035967771, 0.28009983617995593, -0.5371590386828141, -0.04930711183701998, -0.2216512060817804, 0.07977423588401064, 0.25813537770435957, -0.5095309686303042, -0.48380823141818385, 0.013645793458597691, 0.5904672482975046, 0.5327104786584779, 0.2779586134172026, 0.6210746471850472, 0.01470030308286499]], "inverted": false, "swapped": true, "error_lsq": 0.03865925370728076, "error_max": 0.22710328544042127, "target": "404.xyz", "model": "21.xyz", "model_rescale": 4.186013935880536, "target_rescale": 4.197381150571228},
{"mapping": [0, 3, 11, 1, 4, 2, 7, 6, 13, 12, 9, 14, 16], "R": [[0.18222096422751724, -0.8928746261810419, -0.4117892933504448], [-0.6490524322171358, 0.20536447794787185, -0.7325000828875166], [0.7385976309392106, 0.40074971381058133, -0.5421007345980293]], "T": [0.0467600273152564, -0.062213556981926176, -0.04483598670817855], "aligned_model": [[0.03995372925215916, -0.3051042455218362, 0.3036085484943486, 0.5429153781573531, -0.20568491508761166, 0.626900691519774, -0.09994639219803782, -0.712304982246259, 0.38726076909258905, -0.20909250899354148, -0.4597909495348135, 0.1935237895561826, -0.04366487706708139], [-0.38447974108556543, 0.17237410043214174, 0.2534207005020494, -0.5266929728473765, -0.3522998177135253, -0.30183971139243454, -0.6164975261501715, -0.2919967564306533, 0.5911369789656316, 0.7459297869126706, 0.06257105206828445, 0.1876540195339341, -0.020323453248892114], [-0.5028743221885164, -0.6591024357288343, -0.5085559017719923, 0.27368640237568603, 0.6697507196770729, -0.3666849652560454, 0.00945518616576281, 0.07551752536368435, -0.014175098085514579, -0.10899949001569988, 0.48995265848444436, 0.6925145143414321, 0.052394767973866094]], "inverted": false, "swapped": true, "error_lsq": 0.04283408139503872, "error_max": 0.2551405390167499, "target": "404.xyz", "model": "22.xyz", "model_rescale": 4.166573947596378, "target_rescale": 4.197381150571228},
{"mapping": [5, 12, 11, 0, 3, 15, 13, 9, 8, 7, 4, 2, 10, 14, 1, 16], "R": [[0.14707338831294173, -0.9879538573531279, -0.04813101070231551], [0.19347348204308923, 0.0764537786682806, -0.9781220943591165], [0.9700192937237245, 0.13454365636631604, 0.2023871891580828]], "T": [0.006999382444192112, -0.017623647564512804, 0.008856153790604726], "aligned_model": [[-0.7077025308828448, -0.42647794986286247, 0.28362807471360635, 0.2051047602329542, -0.22106110993735717, -0.6492406735435006, 0.14333492459315783, -0.6359720612743719, -0.33610571697479136, 0.0023947166852934867, -0.3377880214227104, 0.692910084000351, 0.4958393479668804, -0.11503151005187767, 0.5068005163584096, -0.11339960957958091], [-0.22783833440309625, 0.33283301599799997, -0.05754048817541771, -0.5379849773914506, -0.43773949980846383, 0.6641084273137605, 0.5261853663647224, 0.24713550665192435, -0.6586186097075316, -0.3698917281028571, 0.21597362758338573, -0.17497204769036917, 0.4698750279742609, 0.7071468192501759, 0.1082560299084215, 0.04277930185621363], [-0.28177986279154266, -0.6329776791553303, -0.5411579545785308, -0.05180092816653896, -0.5635547025098904, -0.022891333317737142, -0.47013460225930764, 0.2820855421286779, 0.007357465401516605, 0.464473339531466, 0.7053233875717417, -0.039503329272227515, -0.02737316860427426, 0.30461855980084007, 0.5544942257916514, 0.04408157359358005]], "inverted": false, "swapped": true, "error_lsq": 0.043262890112297746, "error_max": 0.33936344650512607, "target": "404.xyz", "model": "23.xyz", "model_rescale": 4.274766983524099, "target_rescale": 4.197381150571228},
{"mapping": [4, 10, 2, 7, 11, 3, 6, 12, 15, 13, 16], "R": [[0.42014488404165684, 0.4748979996692899, -0.7732723752493232], [-0.14980099860358342, -0.8041440737617022, -0.575249484529368], [-0.8950072274741653, 0.3575251019775276, -0.26671682403809205]], "T": [-0.143694293206362, 0.07148897302003579, -0.08560496417657129], "aligned_model": [[0.4074340578772437, 0.0899924124274532, -0.5503406745868584, -0.30636096657947043, -0.45420129805776055, -0.606710523205009, -0.10085040384850064, 0.12090512372237194, 0.685024708569218, 0.13024573790887073, -0.03524347026948366], [-0.3517157563310952, 0.706216034087496, 0.5638841289531973, -0.2670813220043331, 0.4774385618803072, -0.09761528580023204, -0.7283963232510768, 0.12757516330733137, -0.11991776510018773, 0.6145512967799482, -0.009352201277871924], [-0.5047325655574063, -0.22858788589854764, -0.38519865579446644, -0.5221948542979316, 0.25997084255550895, 0.47402243535755606, -0.043026926275381544, 0.7203197392501887, 0.3303347100990649, 0.3312738430685026, -0.05261424848551055]], "inverted": false, "swapped": true, "error_lsq": 0.05187961385264216, "error_max": 0.25869618865225164, "target": "404.xyz", "model": "24.xyz", "model_rescale": 3.7841303162186577, "target_rescale": 4.197381150571228},
{"mapping": [13, 12, 5, 0, 3, 8, 2, 10, 12, 9, 14, 1, 6, 7, 4, 16], "R": [[0.1314824461917397, -0.9907693581281126, -0.032991594957561154], [0.8920798035368577, 0.13276853305918154, -0.43193302808532047], [0.43232625465622315, 0.0273604755755546, 0.9013020658531754]], "T": [0.12366061612259713, -0.05426218638035088, 0.11759674798230121], "aligned_model": [[0.2561110008103973, -0.3080515144528534, -0.5834624283030432, 0.33186015843809546, -0.08964645870818369, -0.2077799851166817, 0.8128466852964531, 0.6040394199198951, -0.3080515144528534, -0.5273311819235997, -0.015094534505069979, 0.6142840817882373, -0.5494677965383273, 0.11974482955387737, -0.23392093897038133, 0.0017627256368166894], [-0.10346652230928785, -0.36194028746687357, -0.42765337016396954, -0.41334413492558986, -0.7687896182246314, -0.4505466309917462, -0.17369569354025763, 0.22213325983669127, -0.36194028746687357, 0.31002032696016435, 0.6172099383243072, 0.46653813717758263, -0.054716579447628505, 0.09501062249542055, 0.6341731445440549, 0.007820163566598766], [-0.606132204725031, -0.5469572093449243, 0.11380761541786055, 0.49364733060146704, 0.10693153013200593, 0.629166551250742, 0.20885927346623923, -0.2956511153131218, -0.5469572093449243, 0.07670768854787896, -0.2793054603991054, 0.3443640520625738, 0.5539027288639223, 0.6738370904613673, 0.3557246026000279, 0.09167475154027559]], "inverted": false, "swapped": true, "error_lsq": 0.04405496799484627, "error_max": 0.3551300591396736, "target": "404.xyz", "model": "25.xyz", "model_rescale": 4.19342608120988, "target_rescale": 4.197381150571228},
{"mapping": [14, 4, 9, 11, 12, 10, 3, 2, 6, 1, 0, 16], "R": [[0.6327505121505024, 0.32974240539009736, 0.7006402325450843], [-0.4504254477823749, -0.5792562353226789, 0.6793961508794736], [0.6298759444234429, -0.7454744529005338, -0.218000308966125]], "T": [-0.02204546110216753, 0.07549691303099466, -0.04268985470120629], "aligned_model": [[-0.1426341473159698, 0.5013519612831462, 0.22547535186431597, -0.5142670184749955, -0.6084192931375206, -0.44338844689959045, -0.19329196897531228, -0.15887572817947984, 0.5560960913183874, 0.21358912051627207, 0.1564390561772691, 0.005733576455257853], [-0.670763165457808, -0.5364530973452489, -0.5426859745674772, 0.4457575976441606, -0.16643349358962212, -0.06747919717095875, 0.5179479456169377, 0.5436533501118668, -0.08022341126355374, 0.005973931342617006, 0.606344909369014, -0.04286296694894638], [0.1944038675063785, 0.05773410455889762, -0.3814336376100019, -0.07814786992196152, -0.6086479337406685, 0.48642256679001633, -0.6180808723644364, 0.4668959354900312, -0.5765142652744777, 0.6665425974908148, -0.04936950701847817, -0.11054652469669263]], "inverted": false, "swapped": true, "error_lsq": 0.0456747011929177, "error_max": 0.2663862360787308, "target": "404.xyz", "model": "26.xyz", "model_rescale": 3.795458400668931, "target_rescale": 4.197381150571228},
