[{"mapping": [3, 2, 9, 0, 12, 4, 5, 8, 1, 10, 7, 13], "R": [[-0.6078447770474837, 0.48094637668348017, 0.6318348753995199], [-0.7781219140404131, -0.20216970374572066, -0.5946878994711862], [-0.15827512093244134, -0.8531224962702599, 0.4971227136748244]], "T": [0.151489536125698, -0.052641486046925055, 0.04618335847126212], "aligned_model": [[0.16396737982345183, -0.17182650307690278, -0.09472168882573495, 0.3954191988697424, 0.4823839755574268, -0.776817475148093, 0.3874136397753471, -0.4702572364538858, 0.7122697353339216, 0.0625800278224265, -0.5009016302461429, 0.03074387449329763], [-0.5375894638990778, -0.321185668000513, 0.5367882305742199, 0.09744216827753091, 0.41840519383656183, -0.21308611650275913, -0.4548286398914103, -0.07330374669162282, -0.11977453969347937, 0.8793591974322427, 0.3268536007011569, 0.04841629340298954], [-0.14841897448365057, -0.5977180365753119, -0.3125586290853355, -0.6703259931207606, -0.015002451137761802, -0.11477576674036696, 0.6419908534234315, 0.5190291614500155, -0.07240346502547196, 0.4188745845140279, 0.08818011607853007, 0.08798853356963382]], "inverted": true, "swapped": false, "error_lsq": 0.05201848029224487, "error_max": 0.32498730586314895, "target": "405.xyz", "model": "0.xyz", "model_rescale": 3.8414455957264533, "target_rescale": 4.014507425453846},
{"mapping": [6, 9, 13, 8, 11, 7, 5, 4, 10, 1, 0, 14], "R": [[-0.6052070502072833, -0.2797613727768779, 0.7452905478277556], [0.6437750006252966, -0.722708672224118, 0.2514874224726798], [0.46827147569470706, 0.6320013840127643, 0.6174917616103491]], "T": [0.004996137687754365, -0.009330629251179771, 0.019467582880285716], "aligned_model": [[0.2797792611085735, -0.30381718325874035, -0.14799120375574815, 0.4275960526316757, 0.2338296411027179, -0.6210648022677014, 0.3144102489790191, -0.32131141613098285, 0.6746984074522484, 0.15723776354754776, -0.5288555587781638, 0.055742087294409194], [-0.7318045739299984, -0.27436929338358335, 0.4226620611626738, -0.03935947405565833, 0.8084571117734526, -0.10741616446245525, -0.42030135955070996, -0.05395296960066829, -0.12046755808139031, 0.5977551112017131, 0.4674148175614244, 0.03887880091103913], [-0.09257173221476914, -0.5281623280215474, -0.5845391964081422, -0.6474731775097734, -0.05211342350155193, -0.08721854264468831, 0.4314005283379188, 0.4523064234558019, 0.10623597189877354, 0.6167675764037005, 0.13450459705867332, 0.0757232360125839]], "inverted": true, "swapped": false, "error_lsq": 0.03578062571238895, "error_max": 0.2263782529981067, "target": "405.xyz", "model": "1.xyz", "model_rescale": 4.316132596720782, "target_rescale": 4.014507425453846},
{"mapping": [1, 9, 5, 0, 4, 7, 8, 10, 2, 6, 3, 11], "R": [[0.12759583421011028, -0.804208007435127, -0.5804901238345482], [-0.9257670026128091, 0.11345540530640014, -0.3606706640136621], [0.3559139783227424, 0.5834186762385856, -0.7300327994347208]], "T": [-0.0031544889707397633, 0.0012562557839636834, -0.0367923253043847], "aligned_model": [[0.2405936444598532, -0.3473495077773152, -0.20478555888652072, 0.430365523480287, 0.3869362707477194, -0.8906378179060037, 0.3493204736731827, -0.28825102802257113, 0.8250102044956222, 0.06580137646529273, -0.3819794265296025, 0.03522914372491086], [-0.4771366193902771, -0.4748645918527461, 0.27360690087915307, 0.07590173980444641, 0.6660955820149741, 0.06280816598961708, -0.3395553440241901, -0.26918888748002534, -0.024710914357036762, 0.45378381263119305, 0.532625996926026, 0.10813066840470502], [-0.1163182194297104, -0.4893298736983878, -0.5853631226294429, -0.5939301081788317, -0.048941424683133006, -0.13190185685498235, 0.5519733071490254, 0.4559704842651663, 0.08234771127290058, 0.6462595482128142, 0.035005123962654455, 0.01908836347890714]], "inverted": false, "swapped": false, "error_lsq": 0.05017765439624774, "error_max": 0.3090087936388475, "target": "405.xyz", "model": "2.xyz", "model_rescale": 3.795458400668931, "target_rescale": 4.014507425453846},
{"mapping": [6, 3, 9, 8, 7, 5, 2, 10, 1, 0, 4, 11], "R": [[0.1248939684022159, 0.977823364670892, 0.1681159247675315], [-0.6911599587425696, -0.035821028153727556, 0.7218135253463874], [0.7118282152933504, -0.20634515125319977, 0.6713585260250876]], "T": [0.041167815804610604, 0.05596007174537918, 0.05765874017430399], "aligned_model": [[0.2217313169390145, -0.161172250957424, -0.30309540894081693, 0.44289555224515065, 0.23743112872470776, -0.6112697603505785, 0.2215529610181003, -0.4367953379953401, 0.6626547363426784, 0.2838899489279278, -0.3924211533208807, 0.05485156529231566], [-0.4502227562354627, -0.3525363414957633, 0.3081170158750856, -0.09926321107931055, 0.731961068502877, -0.10547296379295146, -0.5266112061776995, -0.12083652077256635, 0.018802376870118702, 0.5357509127897088, 0.4653391414740513, 0.18246899358775115], [-0.18415123343370815, -0.5975200165690954, -0.6989483906553763, -0.5943255351535769, -0.23866145994791116, -0.14749778496405475, 0.5221985306555476, 0.5861518090823183, 0.15062193327414214, 0.6260729017834097, 0.292954546436076, 0.10796463235920797]], "inverted": true, "swapped": false, "error_lsq": 0.04953765131385609, "error_max": 0.2759126448390025, "target": "405.xyz", "model": "3.xyz", "model_rescale": 3.7530521520055578, "target_rescale": 4.014507425453846},
{"mapping": [10, 1, 2, 3, 4, 0, 9, 7, 6, 8, 11], "R": [[-0.7231571977038496, -0.3686831195480704, 0.5840517312442615], [-0.35736734160620687, 0.923352985158427, 0.14038464286500435], [-0.5910433575994476, -0.10720084962035223, -0.7994846635666295]], "T": [-0.14685185293149572, -0.014576320371452886, -0.04612854684549408], "aligned_model": [[-0.3621950265251721, -0.09911034342893443, 0.18932171469879122, 0.5680507131502062, 0.279884106997457, -0.13799210300674564, -0.12057767266753316, -0.7422888950329731, -0.43264392058404894, 0.32407353310949427, -0.12832250426533662], [-0.6549934002257798, 0.27504703560326543, -0.3723993603494435, 0.201377692553947, -0.49176721367860976, 0.6695533038557175, -0.6148396402325248, -0.14351600576463552, 0.3825728457335591, 0.3023052665050521, -0.0861371656862015], [-0.12019971483205885, -0.6955484699692512, -0.5664966659809595, -0.30594048792548, 0.19609519072055134, -0.09603212538366498, 0.6053086551206107, 0.13219109553782846, 0.6348209290411934, 0.3551925605747129, -0.04656018965816582]], "inverted": true, "swapped": true, "error_lsq": 0.052489800474505105, "error_max": 0.3004463428858746, "target": "405.xyz", "model": "4.xyz", "model_rescale": 3.7855080009869324, "target_rescale": 4.014507425453846},
{"mapping": [3, 10, 8, 15, 13, 7, 1, 4, 14, 11, 6, 16], "R": [[0.6865860823486821, -0.7052495199393691, 0.17669936658171223], [-0.021309649693733668, 0.22341180166452157, 0.9744911829806071], [-0.7267361628232211, -0.6728374852089485, 0.13836281343872284]], "T": [0.08167292646747748, -0.056023834907995625, 0.014580930162525289], "aligned_model": [[0.17864261859731267, -0.20750913068453186, -0.135969846889829, 0.38053968597747473, 0.26672606702886786, -0.6590552260889768, 0.1773210670168358, -0.4586318415832962, 0.7424072472798606, 0.14597978637318618, -0.34132695485454345, 0.13112982575249452], [-0.7322078480022112, -0.29468655927043536, 0.3783076219672391, 0.17887315567518736, 0.6413257467627183, -0.07340981262403534, -0.1791340627858035, -0.1360078903828656, -0.05092169684801378, 0.5281715647312788, 0.39769523408845786, -0.07050894376567754], [-0.11107202301919317, -0.6102215313367191, -0.49463187676361287, -0.716733072548221, -0.05119547128544917, -0.09672497114134973, 0.7553907870021155, 0.5132532598107028, -0.13068270610163094, 0.5503202241383508, 0.21777338793965417, -0.0006160738276677642]], "inverted": false, "swapped": false, "error_lsq": 0.04271501633082767, "error_max": 0.28994571713502837, "target": "405.xyz", "model": "5.xyz", "model_rescale": 4.2253639853439635, "target_rescale": 4.014507425453846},
{"mapping": [1, 10, 5, 8, 11, 2, 0, 3, 9, 12, 6, 13], "R": [[0.44711827778259566, 0.8430631220514075, -0.2988809427007], [0.18316233176492625, 0.240766419442702, 0.9531437937117231], [0.8755208769042351, -0.48091174190871494, -0.0467663404508514]], "T": [0.017421146091843677, -0.01237982737321848, 0.007594975266477717], "aligned_model": [[0.25800522079005134, -0.20088861919296228, -0.2529720393506265, 0.47089662205426036, 0.1221204260523471, -0.6196850040078119, 0.32607703434648005, -0.48411827596765417, 0.619147592303557, 0.4048689054169663, -0.39372609454600477, -0.029472469973747528], [-0.6814214757423471, -0.2935767250172358, 0.30653272099323087, 0.059295033855904095, 0.7504751858228825, -0.06582571167569222, -0.3773952998758842, -0.07932481716978752, -0.09820909512321786, 0.6533546110690684, 0.43194987295527537, -0.01835779054635743], [-0.17463662931240145, -0.6865099343299118, -0.46771921367739944, -0.5712725247429259, -0.10485091585683938, -0.19590171510846244, 0.6514566815404231, 0.5045718853535602, 0.06376479111363897, 0.5348763572011199, 0.22495879940697977, 0.04612235127919746]], "inverted": false, "swapped": false, "error_lsq": 0.03861908586353092, "error_max": 0.23420087409303195, "target": "405.xyz", "model": "6.xyz", "model_rescale": 3.89814844738969, "target_rescale": 4.014507425453846},
{"mapping": [6, 8, 11, 9, 10, 7, 1, 0, 5, 2, 4, 12], "R": [[-0.4872448126635205, 0.8204327942012442, -0.29913629457427904], [0.7157687078773889, 0.5714426728841258, 0.4014080572566768], [0.5002675777581675, -0.01852840538700451, -0.8656725991030274]], "T": [-0.12133988035078777, 0.006651735567893946, -0.009624668576621734], "aligned_model": [[0.18648780850763783, -0.1944659880290378, -0.3159886499433966, 0.5724016013739194, 0.33555544843861596, -0.7746906984247676, 0.36332069507429465, -0.24612678164988122, 0.639084491148055, 0.11932898802576983, -0.4064587525504738, -0.05819486404588062], [-0.5888487836001812, -0.27869833682123896, 0.4132288848196511, 0.03535282028486342, 0.5787123603190616, -0.058270496954585874, -0.2292504570859224, -0.3132826053388366, -0.1183852241254712, 0.42812939075135054, 0.5574884120687069, 0.16132054522844197], [-0.09905115609800304, -0.6186523205581056, -0.6820436208864208, -0.5716254544346941, -0.06344811320675256, -0.023498809714520542, 0.6417207806003802, 0.47315958369457145, 0.0836337785799638, 0.5061106574350536, 0.1658232522471707, 0.012731355208336995]], "inverted": false, "swapped": false, "error_lsq": 0.04492890510455966, "error_max": 0.2658902708731963, "target": "405.xyz", "model": "7.xyz", "model_rescale": 3.7474275329858107, "target_rescale": 4.014507425453846},
{"mapping": [3, 6, 10, 0, 12, 5, 2, 8, 1, 13, 11, 14], "R": [[0.2358494318325008, 0.4524889275538676, -0.8600167532934679], [0.11824813373438411, 0.8650437508577726, 0.48756198372130194], [0.9645685171995932, -0.2166865929010529, 0.15051410593134323]], "T": [-0.029873149968966003, 0.12192224606065358, 0.02897877492234248], "aligned_model": [[-0.03497337515005888, -0.24602878208663104, -0.101393419177582, 0.32109847248644374, 0.22713304402202555, -0.5758917649666078, 0.42807386456970997, -0.30956090536643815, 0.7091882650484909, 0.18983407393837862, -0.39311297583016563, 0.005886800437289553], [-0.5795024683236935, -0.27455477200018374, 0.46984705692645057, -0.1334949619052456, 0.6825328023683758, -0.3237965835599448, -0.38748027546960784, -0.2935804592345358, -0.014157117306636352, 0.6935151245546164, 0.6253793108638954, 0.12278885263234887], [-0.11972191350428012, -0.6514775537653578, -0.6411678782548474, -0.4667975937489401, 0.011479083326012891, -0.09837844324603869, 0.5182466961920406, 0.49195023973375746, 0.02046691567771687, 0.6870989354633202, -0.0036979507076345536, 0.07685939570122999]], "inverted": false, "swapped": false, "error_lsq": 0.05022121576805047, "error_max": 0.28063073926055165, "target": "405.xyz", "model": "8.xyz", "model_rescale": 4.019505241142653, "target_rescale": 4.014507425453846},
{"mapping": [0, 4, 5, 3, 6, 8, 1, 9, 2, 10, 11, 12], "R": [[0.27616426372514, -0.23821083139198349, 0.9311223868260776], [-0.5566242629202446, -0.8294279376904947, -0.047103355580972894], [0.7835194505369003, -0.5052770487426014, -0.3616522841685382]], "T": [0.02341114110772318, 0.03143342158419254, 0.03407845888196018], "aligned_model": [[0.2061008856393235, -0.19069047645724102, -0.06363099012597576, 0.3914658557621438, 0.2953377092100818, -0.6307880289410811, 0.30039859143947373, -0.4690868485885396, 0.586173106540506, 0.24013871457785863, -0.44907708012250763, 0.003911858990812742], [-0.5691696632977865, -0.4327906914823069, 0.37565025103079713, -0.07889478254480342, 0.7035314427206837, -0.1258148220546072, -0.24603745560576706, -0.028040162908160284, 0.038755434044351146, 0.4609791112580391, 0.43638025433803046, 0.05294759404736932], [-0.13487854672691893, -0.6188006581426303, -0.5355382199977757, -0.73457245156835, 0.08308896297428114, -0.024516482589725774, 0.584163149489422, 0.5044492533869056, -0.1481782847859292, 0.8129875791252369, 0.02933847635908135, 0.007317155343382592]], "inverted": true, "swapped": false, "error_lsq": 0.044668415476461325, "error_max": 0.28681516452156913, "target": "405.xyz", "model": "9.xyz", "model_rescale": 3.877068213659057, "target_rescale": 4.014507425453846},
{"mapping": [8, 0, 12, 11, 6, 5, 2, 4, 9, 13, 3, 15], "R": [[0.3397685478061202, -0.8232737697669974, -0.4547280879111795], [-0.7708372076361631, 0.03325174377422363, -0.6361637531796797], [0.5388574331355217, 0.5666697641039361, -0.6233121571131005]], "T": [0.07051184335667672, 0.059368524710230956, 0.04850822535843066], "aligned_model": [[0.3138591192349546, -0.19858341667709872, -0.19686969928863862, 0.3541441275589361, 0.08266613904482754, -0.6685541820500525, 0.350450911370338, -0.3545876557971455, 0.6758650203725541, 0.2534109056050241, -0.43161781141733435, 0.04006983996848973], [-0.6436418746623017, -0.2551234236014827, 0.38092885110740154, -0.06142153960964395, 0.6679370588116097, 0.020338142814065256, -0.19046890126369967, -0.099197047850966, -0.19836874093514167, 0.5219289082936819, 0.41626239686477357, 0.028322679577542625], [-0.15614127379754444, -0.6315275024590475, -0.5706050783699633, -0.6220272054604884, -0.050492721722250666, -0.20299422318048335, 0.5958387806281584, 0.5507412935274635, 0.10108518679672177, 0.6403057587526458, 0.20100057448878697, -0.030323656337019]], "inverted": true, "swapped": false, "error_lsq": 0.04001203287134241, "error_max": 0.21736478315772306, "target": "405.xyz", "model": "10.xyz", "model_rescale": 4.260839863003843, "target_rescale": 4.014507425453846},
{"mapping": [10, 9, 2, 4, 3, 8, 6, 7, 5, 0, 1, 11], "R": [[0.5710398132164571, -0.6478750404707743, 0.5041542062273274], [0.2711537061329401, 0.7285200100551563, 0.6290741312433745], [-0.7748478556285003, -0.22252309292347122, 0.5916876488010268]], "T": [-0.013272609245183035, 0.03317358540607537, -0.0390065161428483], "aligned_model": [[0.0699696287659618, -0.18548220715126235, -0.18219475359506998, 0.38482385946541403, 0.3099629145416734, -0.6766392210799349, 0.48286076530967004, -0.32682973321896003, 0.6622714187943063, 0.13420527340978042, -0.4078258951966999, -0.044868752120024266], [-0.5874674234492562, -0.42139965681657876, 0.4704799610716971, -0.11187091621131143, 0.6648373369570818, -0.1482157540388864, -0.21732882206891116, -0.12384622049458749, 0.04393379741874018, 0.34201891645572613, 0.6164082088456485, 0.05994708187647703], [-0.004232100545560995, -0.6710193981329402, -0.5395917427445563, -0.6361531922216304, -0.057788756464809875, -0.2455399344977122, 0.5889708346877987, 0.5147374137042039, -0.027370955755750263, 0.7690152070004521, 0.12660061446284623, 0.007231943374638845]], "inverted": true, "swapped": false, "error_lsq": 0.047659053255366485, "error_max": 0.3468751125445365, "target": "405.xyz", "model": "11.xyz", "model_rescale": 3.890672605050136, "target_rescale": 4.014507425453846},
{"mapping": [4, 3, 8, 7, 5, 0, 10, 11, 12, 9, 6, 13], "R": [[0.07214502463060862, -0.08610434855329502, -0.9936705372412237], [0.8890340888880324, 0.4571615734421423, 0.024933603087627987], [0.45212109463734984, -0.8852058161400194, 0.10953163404152738]], "T": [-0.1495857562951359, 0.06866983957968795, 0.08592848307475554], "aligned_model": [[-0.019144489978117463, -0.18148964751226943, -0.30914020567164857, 0.47087986394172054, 0.39731213838749324, -0.5501563417081554, 0.4088610215940467, -0.19931844056246675, 0.5899272607680706, 0.18234277536494378, -0.547503489291724, -0.022317147407038523], [-0.6018086710163317, -0.3011008662566901, 0.42114829480630667, 0.05526723362348451, 0.5837687653658411, -0.18975076920285452, -0.42033511029884174, -0.026371923948433032, -0.018553014328368297, 0.6244168395313311, 0.46665347960910897, -0.005837748338714144], [-0.07059846890380098, -0.7598344404638135, -0.5219303509676126, -0.4987141039252654, -0.11543678523316009, -0.26257766436822255, 0.584478239570583, 0.6256097660522949, 0.11132175177495476, 0.5181195726822732, 0.20973819181096776, 0.004684224837781373]], "inverted": true, "swapped": false, "error_lsq": 0.0468462791262648, "error_max": 0.2526947434692879, "target": "405.xyz", "model": "12.xyz", "model_rescale": 4.124412569039231, "target_rescale": 4.014507425453846},
{"mapping": [3, 0, 4, 5, 10, 1, 9, 8, 7, 11, 2, 12], "R": [[-0.10283380466432535, 0.6933312219415745, 0.713244015256534], [-0.9905141646220902, -0.13707775570260528, -0.00955921411727123], [0.09114218727495166, -0.7074613103008109, 0.7008506232616174]], "T": [0.05213653102939429, -0.11436899969959727, -0.05475137858814589], "aligned_model": [[0.12993869844887357, -0.08166050315533825, -0.22537595611029226, 0.47021496203133345, 0.3169548350726465, -0.7612064828846218, 0.3434765552333237, -0.2882807804388611, 0.673009805275229, 0.030265741264164744, -0.4398816460963987, 0.05279806928479597], [-0.8206562051582721, -0.33592917747076123, 0.41109952775994574, 0.07440010123549182, 0.5624262265452066, -0.1509397381468853, -0.3264764692285521, 0.042248324078308225, -0.02868910719506379, 0.5817427698886417, 0.5718374706836706, 0.006432786554108963], [-0.11686886337410562, -0.5741518355222972, -0.5696745785709896, -0.6575137954119948, 0.07342490577605087, -0.054898740108136564, 0.47323790507892777, 0.5571989370779333, -0.03884515767580233, 0.6562359167500129, 0.11681291557258516, -0.04009767672520426]], "inverted": true, "swapped": false, "error_lsq": 0.03860131119782384, "error_max": 0.20946726329767276, "target": "405.xyz", "model": "13.xyz", "model_rescale": 3.9028299243045295, "target_rescale": 4.014507425453846},
{"mapping": [14, 10, 4, 13, 8, 7, 11, 6, 12, 2, 3, 15], "R": [[0.8496918825397357, 0.4621940979331064, -0.253772182442998], [0.20216193085502482, -0.7300699981783534, -0.6527850729549716], [-0.48698486471249647, 0.5033631031329784, -0.7137726024058997]], "T": [0.02202625979700709, 0.1488615694422427, 0.044483558550253946], "aligned_model": [[0.21816896265745506, -0.20168578639942716, -0.3421832757118304, 0.5327098803722187, 0.5192658672965644, -0.751376361066626, 0.32032466006252935, -0.3847031015317103, 0.7069050725801231, 0.16576999124253658, -0.5103334822994536, -0.05260912927752477], [-0.6797590425932394, -0.23037674501646083, 0.4121118619505072, -0.1507766403780726, 0.7302915444950985, -0.26623155176310903, -0.4392757950815308, -0.0021001554354113106, 0.030088920821043544, 0.6700854822017184, 0.4501345320187836, 0.06330409832651188], [-0.19627892649983408, -0.5567516893204113, -0.462876246343136, -0.48661957144156237, -0.06134231919874271, -0.17951207222506493, 0.3776039469806027, 0.5506357555269482, 0.0772609699974806, 0.5442966656148872, 0.1649707041446909, 0.053472715631121374]], "inverted": false, "swapped": false, "error_lsq": 0.04788115588478998, "error_max": 0.28139862189323916, "target": "405.xyz", "model": "14.xyz", "model_rescale": 3.942246331269136, "target_rescale": 4.014507425453846},
{"mapping": [11, 6, 9, 10, 5, 7, 12, 0, 4, 1, 2, 14], "R": [[-0.637281677558454, 0.6837419481817143, -0.3554841933827114], [-0.3411066096975287, 0.16336292947855063, 0.9257207106319076], [0.6910270213739409, 0.7112028554279435, 0.1291206961032937]], "T": [0.13572639765717817, -0.02990039361365506, -0.008338065309205217], "aligned_model": [[0.25225195983589915, -0.18484679408161445, -0.20609773193989053, 0.44438800397815803, 0.0990158744285265, -0.6963939608058555, 0.40743008870023745, -0.4548622859020457, 0.6984432858595102, 0.2060745695245469, -0.4274291568635047, 0.08227944519088787], [-0.677214090556535, -0.29671094039922613, 0.3369612995157771, 0.014742004533469473, 0.5954981360972698, 0.0016719603511385975, -0.1712857096631312, 0.031112412131839302, -0.11853988506740548, 0.4091795164429335, 0.4664113056968993, -0.004329499537189859], [-0.29385128000447003, -0.3809428830461861, -0.638203978557235, -0.6500043221080088, 0.09319308611146157, -0.2021379714637572, 0.7494637259541278, 0.42548209011825205, -0.14674587292607877, 0.6690845524710368, 0.13014816931163511, 0.06937461700620207]], "inverted": true, "swapped": false, "error_lsq": 0.04944259241352612, "error_max": 0.25605309456349223, "target": "405.xyz", "model": "15.xyz", "model_rescale": 4.355366556412066, "target_rescale": 4.014507425453846},
{"mapping": [1, 9, 5, 0, 4, 7, 8, 10, 2, 6, 3, 11], "R": [[0.12759583421011028, -0.804208007435127, -0.5804901238345482], [-0.9257670026128091, 0.11345540530640014, -0.3606706640136621], [0.3559139783227424, 0.5834186762385856, -0.7300327994347208]], "T": [-0.0031544889707397633, 0.0012562557839636834, -0.0367923253043847], "aligned_model": [[0.2405936444598532, -0.3473495077773152, -0.20478555888652072, 0.430365523480287, 0.3869362707477194, -0.8906378179060037, 0.3493204736731827, -0.28825102802257113, 0.8250102044956222, 0.06580137646529273, -0.3819794265296025, 0.03522914372491086], [-0.4771366193902771, -0.4748645918527461, 0.27360690087915307, 0.07590173980444641, 0.6660955820149741, 0.06280816598961708, -0.3395553440241901, -0.26918888748002534, -0.024710914357036762, 0.45378381263119305, 0.532625996926026, 0.10813066840470502], [-0.1163182194297104, -0.4893298736983878, -0.5853631226294429, -0.5939301081788317, -0.048941424683133006, -0.13190185685498235, 0.5519733071490254, 0.4559704842651663, 0.08234771127290058, 0.6462595482128142, 0.035005123962654455, 0.01908836347890714]], "inverted": false, "swapped": false, "error_lsq": 0.05017765439624774, "error_max": 0.3090087936388475, "target": "405.xyz", "model": "16.xyz", "model_rescale": 3.795458400668931, "target_rescale": 4.014507425453846},
{"mapping": [6, 8, 11, 9, 10, 7, 1, 0, 5, 2, 4, 12], "R": [[-0.4872448126635205, 0.8204327942012442, -0.29913629457427904], [0.7157687078773889, 0.5714426728841258, 0.4014080572566768], [0.5002675777581675, -0.01852840538700451, -0.8656725991030274]], "T": [-0.12133988035078777, 0.006651735567893946, -0.009624668576621734], "aligned_model": [[0.18648780850763783, -0.1944659880290378, -0.3159886499433966, 0.5724016013739194, 0.33555544843861596, -0.7746906984247676, 0.36332069507429465, -0.24612678164988122, 0.639084491148055, 0.11932898802576983, -0.4064587525504738, -0.05819486404588062], [-0.5888487836001812, -0.27869833682123896, 0.4132288848196511, 0.03535282028486342, 0.5787123603190616, -0.058270496954585874, -0.2292504570859224, -0.3132826053388366, -0.1183852241254712, 0.42812939075135054, 0.5574884120687069, 0.16132054522844197], [-0.09905115609800304, -0.6186523205581056, -0.6820436208864208, -0.5716254544346941, -0.06344811320675256, -0.023498809714520542, 0.6417207806003802, 0.47315958369457145, 0.0836337785799638, 0.5061106574350536, 0.1658232522471707, 0.012731355208336995]], "inverted": false, "swapped": false, "error_lsq": 0.04492890510455966, "error_max": 0.2658902708731963, "target": "405.xyz", "model": "17.xyz", "model_rescale": 3.7474275329858107, "target_rescale": 4.014507425453846},
{"mapping": [1, 11, 12, 7, 9, 10, 0, 8, 2, 4, 5, 13], "R": [[0.9529012989095056, 0.2931230532524129, -0.07783309186046994], [0.13642643241731534, -0.18508699140850932, 0.973206367708941], [0.27086332914305866, -0.9379881029433849, -0.2163593669389184]], "T": [0.018389922536346352, -0.0040558612854939766, -0.03085628611903129], "aligned_model": [[0.2852642355623621, -0.25350552331128345, -0.1861358275471261, 0.3390442732930431, 0.29098777069091014, -0.6659299886118317, 0.3955180404951579, -0.3937802648654952, 0.719257292740732, 0.01928489451118151, -0.4378614937477754, 0.10810988871498026], [-0.635866476085424, -0.381077530043441, 0.49825430055961206, 0.010251413553548354, 0.6039454488709255, 0.010498396442955686, -0.3028648456559864, -0.11387936154303571, -0.09315460791398286, 0.46173251670487137, 0.546027204105495, -0.016369949449698724], [-0.12092217801326227, -0.5837253389881043, -0.5457258251028754, -0.7123218914607672, -0.09208524891976766, -0.11992818545647749, 0.6529784631334389, 0.5478569301003778, 0.03754741657098002, 0.6563599884080457, 0.08078243018978254, 0.024043372405609054]], "inverted": false, "swapped": false, "error_lsq": 0.03640674313885992, "error_max": 0.2510290480033337, "target": "405.xyz", "model": "18.xyz", "model_rescale": 3.922800546911778, "target_rescale": 4.014507425453846},
{"mapping": [0, 5, 8, 1, 4, 12, 9, 7, 2, 11, 13, 14], "R": [[-0.4815459435944424, 0.3192401694053312, 0.8162102783264824], [-0.16439218558380983, 0.8818685273334382, -0.44190848579511494], [-0.8608650960090765, -0.34697783032465995, -0.3721796229463338]], "T": [0.0628778812897563, 0.10584295016012554, -0.089818275703167], "aligned_model": [[0.16683943280044278, -0.28012695608457455, -0.1784627820867124, 0.5466569884155046, 0.20445352145334597, -0.6750635281565174, 0.4250823582255618, -0.3173512361691021, 0.6569282543259971, 0.05636139717719313, -0.41492217189379293, 0.029858019917508992], [-0.6950575658710247, -0.30231263928867624, 0.42783296739315924, -0.06334174931842437, 0.803296287955134, -0.16398218617750884, -0.18444041568443056, -0.08171454661144595, -0.23187277142162552, 0.46214926711143844, 0.5428007854541943, 0.0741390760050494], [-0.304743832362691, -0.6359779744408395, -0.5507605356716966, -0.6239693188611978, 0.04202374644090043, -0.05444997646023622, 0.5789766632105473, 0.5872777460691478, 0.12507985942091143, 0.5268234003974724, 0.1395040000859599, -0.00492384496129919]], "inverted": true, "swapped": false, "error_lsq": 0.04358909800020976, "error_max": 0.24406342299499587, "target": "405.xyz", "model": "19.xyz", "model_rescale": 3.9282355846067225, "target_rescale": 4.014507425453846},
{"mapping": [1, 3, 6, 5, 7, 4, 10, 11, 2, 12, 9, 13], "R": [[0.7951878375374926, -0.5659794552843472, -0.21758575143717612], [0.5976691638532367, 0.7921335664177414, 0.12375776150724145], [0.10231262684253578, -0.22845496087925926, 0.9681634455184913]], "T": [-0.08499147030372842, 0.13531131671053084, -0.06243713917100708], "aligned_model": [[0.2580181845398979, -0.2182249714300928, -0.12195919517527819, 0.3255108227781839, 0.3518767880989774, -0.6560426874630177, 0.29279813050508285, -0.4934781675232962, 0.7033932593004352, 0.17045902770885193, -0.36809870992582383, -0.02399918348906572], [-0.5201133083066706, -0.3891733746306013, 0.3979107754025196, 0.004063397181476164, 0.5794103262995545, -0.1098556306440002, -0.1864532548971465, -0.18097457642026862, -0.09515143347876545, 0.6136090056688692, 0.48291252306855637, -0.00868793969768375], [-0.18186801420644283, -0.5854282594282879, -0.6595292306188509, -0.6119387344756784, -0.06690601619526784, -0.17716080824398947, 0.6418191543545194, 0.434015298960841, 0.00122328230131543, 0.5923687168426689, 0.4642966811308487, -0.026032137554696563]], "inverted": false, "swapped": false, "error_lsq": 0.0422032958971837, "error_max": 0.31439177647273714, "target": "405.xyz", "model": "20.xyz", "model_rescale": 4.067790424073018, "target_rescale": 4.014507425453846},
{"mapping": [8, 2, 3, 0, 12, 6, 1, 13, 7, 10, 11, 14], "R": [[-0.613120091912438, -0.585724397433868, 0.5301044077764456], [-0.7899398518830456, 0.4470193576377006, -0.41972458148668135], [0.008875995734328457, -0.6760921713404987, -0.7367635933946617]], "T": [-0.023313386265520295, -0.056783854266840815, -0.014195697489522489], "aligned_model": [[0.26852899692393156, -0.20799835348548565, -0.2864526113465444, 0.40299158678420105, 0.2180959734213989, -0.7300142858359361, 0.45303104185840326, -0.31567412365971775, 0.7069407720480694, 0.08768691988090424, -0.37106371985130554, -0.00581889881306431], [-0.5466368934755824, -0.22240732726476883, 0.48978010804527633, -0.07141927929542255, 0.6672116578267794, -0.1308741451952346, -0.266829101807088, 0.014250554891856872, -0.20829838658415317, 0.39172508429241887, 0.47403045022513296, -0.0030362121133756595], [-0.020513931207403805, -0.715752722694172, -0.6106607844613059, -0.5820934909420663, -0.08176704068718185, -0.22069356680512295, 0.6200614120960678, 0.6179457558442971, 0.006688937320863283, 0.6624175492190494, 0.1096515213602571, 0.03957629382369711]], "inverted": true, "swapped": false, "error_lsq": 0.04365418231822906, "error_max": 0.2724702700419635, "target": "405.xyz", "model": "21.xyz", "model_rescale": 4.186013935880536, "target_rescale": 4.014507425453846},
{"mapping": [0, 6, 4, 7, 9, 3, 2, 5, 1, 8, 11, 12], "R": [[-0.6609455791600528, 0.4625330532022952, -0.5909434119136496], [-0.15842951568260177, 0.6837158577614905, 0.7123431156444526], [0.733519617971707, 0.5644429116756029, -0.37862008598304586]], "T": [0.06200728399115532, 0.1212456538256386, -0.03737103736595008], "aligned_model": [[0.2510321696852691, -0.16478206183941177, -0.3059989003823771, 0.40242031588543636, 0.4628716602173456, -0.8046630470144439, 0.22819136857478609, -0.3568301633781189, 0.7324011800551905, 0.13043787236230592, -0.3731789100607439, 0.01835181381961691], [-0.575902541886832, -0.22800138418780644, 0.3672816387160579, 0.07264450037905401, 0.5846146092352207, -0.17389497859506373, -0.15112160336253436, -0.32863982315306917, -0.1648960825597083, 0.5138399486180533, 0.5496814433881417, 0.12189078295432523], [-0.030857450831192852, -0.40675694407297835, -0.6132650303631864, -0.6855073158452976, 0.06286729499124852, -0.15617002383275913, 0.6318808809039074, 0.43243426954286646, -0.09916235350995373, 0.6174992589334324, 0.12394148366213581, -0.05204413671124282]], "inverted": false, "swapped": false, "error_lsq": 0.047585785522716355, "error_max": 0.2721050451535769, "target": "405.xyz", "model": "22.xyz", "model_rescale": 4.166573947596378, "target_rescale": 4.014507425453846},
{"mapping": [1, 4, 3, 2, 12, 8, 5, 10, 6, 14, 9, 15], "R": [[-0.3694574050921548, -0.767819799482728, 0.523406134225493], [-0.8916307069810638, 0.134279442017193, -0.43239300852349577], [0.2617172294500688, -0.6264357804067825, -0.7342222448517379]], "T": [-0.019705712662960156, 0.09550788648338077, -0.001963148637203401], "aligned_model": [[0.35698521233759617, -0.26756020543526937, -0.2000140769307759, 0.35367296171028323, 0.4208304266174541, -0.7796804229056418, 0.3213258265426443, -0.3280766990007924, 0.7295148694646778, 0.02433601778395535, -0.4300984089902036, 0.01901779673092677], [-0.481023029771064, -0.3260895779615481, 0.26458891501335163, -0.021869936825083036, 0.5688944688582107, -0.1233544986834064, -0.48627470965594083, 0.06336295893641891, -0.029378794128877297, 0.5865356013851915, 0.533712994757366, 0.038392117621219836], [-0.18585200227487528, -0.55030359193022, -0.5499842719366398, -0.5493387521378874, 0.10393495731659884, -0.17112826434325878, 0.4841319874193024, 0.6798104732653396, -0.0486479244087438, 0.6168501288526976, -0.0037753754259511624, -0.000837431529382324]], "inverted": true, "swapped": false, "error_lsq": 0.04428228611960928, "error_max": 0.22843062253788035, "target": "405.xyz", "model": "23.xyz", "model_rescale": 4.274766983524099, "target_rescale": 4.014507425453846},
{"mapping": [9, 7, 6, 8, 0, 3, 4, 2, 10, 5, 11], "R": [[0.7307366802157884, -0.5963268199236406, -0.3322923833417892], [0.547905049936945, 0.802680600360556, -0.2355926782784455], [0.4072148823911061, -0.00990846328021193, 0.9132786332300906]], "T": [-0.087043003464317, 0.16379268054058002, 0.08519903129690262], "aligned_model": [[0.3483752919250465, 0.30469776220619865, -0.35397067908746843, -0.6368299680286585, -0.6736548385831034, -0.6051907574422588, 0.08329908363886322, 0.1043733636298219, 0.5785196013322856, 0.2651600408464314, -0.03488419647908304], [-0.3098251744362702, 0.5523026788835957, 0.4535303721072116, -0.15353258348240414, 0.5179627588879021, -0.26121556842526605, -0.48840911083381044, -0.18317702177097908, 0.03081049882630696, 0.6452854207719645, 0.11185426071523238], [-0.5242875143396307, -0.22875600072990435, -0.6550025904612796, -0.19814221347356734, 0.11763844508438047, 0.5048595521648247, -0.033558974250512213, 0.6808539439865047, 0.12174236108917513, 0.5022132606609603, 0.09200616429062648]], "inverted": true, "swapped": true, "error_lsq": 0.05820342852887197, "error_max": 0.2678636671255427, "target": "405.xyz", "model": "24.xyz", "model_rescale": 3.7841303162186577, "target_rescale": 4.014507425453846},
{"mapping": [11, 3, 4, 6, 1, 12, 10, 9, 7, 8, 2, 15], "R": [[0.7168036631004759, 0.14996388771825747, -0.6809576645770024], [-0.3720742912388913, -0.7436742651304842, -0.5554361432079399], [-0.5897060542039705, 0.6515055024810307, -0.4772707301648862]], "T": [0.038403361228730684, 0.0069579163863611945, 0.07431690158241105], "aligned_model": [[0.327652072258832, -0.22530498574003804, -0.10736597252111306, 0.35007671170727117, 0.33629633967440065, -0.689843289670528, 0.33315062992102806, -0.3489211838079019, 0.6635838703541816, 0.04964859533523332, -0.5256986622257382, 0.05697917263922718], [-0.6360380428868581, -0.1918910204418392, 0.4805745507358241, 0.0017380645091725627, 0.6829062623424929, -0.20327368580222568, -0.41285794349486854, -0.0060649798739262906, -0.1708007986749231, 0.540265888667893, 0.5036801566252141, -0.0007419421601166359], [-0.2295234326203136, -0.6604748346901501, -0.4834849699310941, -0.5774951326658759, -0.011648212243728473, 0.04918932065290976, 0.6592389448222029, 0.5124388132819779, 0.09320420762806664, 0.3290990340990257, 0.13635681707148029, 0.007959377462478143]], "inverted": false, "swapped": false, "error_lsq": 0.042944788870425375, "error_max": 0.3102228225122294, "target": "405.xyz", "model": "25.xyz", "model_rescale": 4.19342608120988, "target_rescale": 4.014507425453846},
{"mapping": [1, 9, 5, 0, 4, 7, 8, 10, 2, 6, 3, 11], "R": [[0.12759583421011028, -0.804208007435127, -0.5804901238345482], [-0.9257670026128091, 0.11345540530640014, -0.3606706640136621], [0.3559139783227424, 0.5834186762385856, -0.7300327994347208]], "T": [-0.0031544889707397633, 0.0012562557839636834, -0.0367923253043847], "aligned_model": [[0.2405936444598532, -0.3473495077773152, -0.20478555888652072, 0.430365523480287, 0.3869362707477194, -0.8906378179060037, 0.3493204736731827, -0.28825102802257113, 0.8250102044956222, 0.06580137646529273, -0.3819794265296025, 0.03522914372491086], [-0.4771366193902771, -0.4748645918527461, 0.27360690087915307, 0.07590173980444641, 0.6660955820149741, 0.06280816598961708, -0.3395553440241901, -0.26918888748002534, -0.024710914357036762, 0.45378381263119305, 0.532625996926026, 0.10813066840470502], [-0.1163182194297104, -0.4893298736983878, -0.5853631226294429, -0.5939301081788317, -0.048941424683133006, -0.13190185685498235, 0.5519733071490254, 0.4559704842651663, 0.08234771127290058, 0.6462595482128142, 0.035005123962654455, 0.01908836347890714]], "inverted": false, "swapped": false, "error_lsq": 0.05017765439624774, "error_max": 0.3090087936388475, "target": "405.xyz", "model": "26.xyz", "model_rescale": 3.795458400668931, "target_rescale": 4.014507425453846},
{"mapping": [1, 8, 5, 6, 7, 11, 2, 9, 0, 3, 10, 12], "R": [[0.09004543678913074, -0.9594091108988587, -0.26725638858166967], [-0.8849709712293239, 0.04601803240605845, -0.46336672385369043], [0.4568568697030635, 0.2782382048133158, -0.8449054988502452]], "T": [-0.10503077623297433, -0.03750125099506992, 0.04432009571743204], "aligned_model": [[0.19923890505165107, -0.3094439888501638, -0.06163496841719052, 0.343304357095488, 0.21582653418080025, -0.8172202684504106, 0.40778494854420344, -0.16262247386023437, 0.6855233296392953, 0.16725326204503385, -0.4253297053495486, -0.022426633704069082], [-0.5134623090783728, -0.30365290530236766, 0.37165291888068214, -0.09428205709326662, 0.7023796806269106, -0.06975973493206428, -0.437549485359238, -0.2489028077026005, 0.09846418383765279, 0.39060794331336285, 0.5947576308585418, 0.09724345149659885], [-0.13241191267494848, -0.6023098181615818, -0.5862115347481095, -0.6463017313037352, -0.05485092830493451, -0.013300292362581921, 0.6374611889680784, 0.41359894469398967, 0.26297690057874695, 0.5806599871067094, -0.028780730770565054, -0.005670140154088371]], "inverted": false, "swapped": false, "error_lsq": 0.053608154396294426, "error_max": 0.3145065367676719, "target": "405.xyz", "model": "27.xyz", "model_rescale": 3.6321398670334006, "target_rescale": 4.014507425453846},
{"mapping": [1, 2, 11, 0, 8, 13, 4, 6, 3, 12, 9, 14], "R": [[0.26842231007614137, -0.19251877123668004, -0.9438675681338493], [-0.13085782343986596, -0.9780305477306817, 0.16227284970137168], [-0.9543718842767575, 0.07995480240199422, -0.2877178063222528]], "T": [0.11749640321789763, 0.14853614623948844, -0.04257787286186133], "aligned_model": [[0.15343781131490294, -0.11702094848644433, -0.30715442889010164, 0.36985632791003564, 0.42457976908041845, -0.6417922004086519, 0.17111232310255198, -0.366065796010324, 0.7598248425069524, 0.12281452655561834, -0.42957306470166073, 0.08023413595155796], [-0.5185311187645112, -0.38997779080220063, 0.17661464457624151, 0.22070111748631413, 0.5482413635675428, -0.15137517900083916, -0.446824258971117, 0.01450395292509446, -0.07839161193629166, 0.5893907531982916, 0.5265028338103072, 0.09664180345700729], [-0.07414803742261451, -0.5796514386737128, -0.5236278756057027, -0.6087212995252551, 0.07128678998768617, -0.04594615276185394, 0.5311281262364722, 0.550811044943034, -0.12905358397229222, 0.6567994673110337, 0.02396791270855255, -0.04798502035836782]], "inverted": true, "swapped": false, "error_lsq": 0.046500135123791246, "error_max": 0.25283458538192966, "target": "405.xyz", "model": "28.xyz", "model_rescale": 4.156811204709835, "target_rescale": 4.014507425453846},
{"mapping": [3, 0, 1, 5, 6, 8, 2, 4, 10, 11], "R": [[0.8684742484260266, 0.3872318603111724, -0.309522157818785], [0.472706949759473, -0.8349617843157504, 0.2817569136354128], [-0.14933391935505877, -0.39101189891384003, -0.9081899996354561]], "T": [-0.06002328881957786, -0.027929200178085, 0.08414420809652752], "aligned_model": [[-0.6596524604708662, -0.050560412430932, 0.09523360562616276, 0.5602713634840888, 0.0041197778081126235, -0.6303155486465777, -0.22131797852454227, -0.5423314657977647, 0.16526867934473988, -0.07779018628183298], [-0.021167952961501056, -0.6220047991884909, -0.012854316532372366, 0.19719453578519183, -0.7055010021825799, -0.4183537706171131, 0.5541492246419913, 0.3568603873413696, 0.5512998217826894, 0.03909820255701898], [-0.4312422502601137, -0.2587651701592069, -0.6112515218413548, -0.22299901360760777, 0.5739185182776142, 0.15883479491389468, -0.299263806108843, 0.3804596868498612, 0.35933600613645106, 0.10975948277440453]], "inverted": true, "swapped": true, "error_lsq": 0.05336171389403201, "error_max": 0.2410226839572342, "target": "405.xyz", "model": "29.xyz", "model_rescale": 4.117894457231895, "target_rescale": 4.014507425453846},
