[{"mapping": [12, 6, 10, 11, 8, 3, 9, 1, 2, 13, 5, 4, 7, 14], "R": [[-0.793427679717548, 0.48393889716167626, -0.36915533434039505], [0.4074107094689618, 0.8728513948214883, 0.26860185473704334], [0.4522046338418322, 0.06271830970397006, -0.8897063463637044]], "T": [-0.08268958470305257, 0.17851185813453843, 0.1973785100881337], "aligned_model": [[-0.08067563968003467, 0.3036934764995426, -0.45321858155714456, -0.3572314647375241, -0.6835224801071309, -0.1594121020305676, -0.6183320648849269, -0.07122761640109351, -0.3269367199598173, 0.3440104365742227, 0.6024595598515269, 0.25784550495444825, 0.6055151873619314, 0.00852460524487185], [-0.6694546790916229, -0.19782814351665987, -0.3954452734033431, -0.3431129649268042, 0.3059899954068364, 0.20949368088149437, 0.17888568397630153, 0.3924405406309285, 0.6955234839355687, -0.16164539715349244, 0.5215099072990628, 0.5821722074686083, -0.020797236100170174, 0.1375415264033269], [0.13300912873951262, -0.3833145345604797, 0.5123872837311726, -0.3322979020208373, 0.6260133039051777, -0.5515712934960778, -0.07788847518786898, 0.7393301099168923, -0.16490791118343115, 0.7077763937391038, 0.5041335573383469, -0.16307067659334148, 0.1485930970078038, 0.19939600584385983]], "inverted": true, "swapped": true, "error_lsq": 0.045891763238268726, "error_max": 0.31050846151813316, "target": "406.xyz", "model": "0.xyz", "model_rescale": 3.8414455957264533, "target_rescale": 4.255180867527984},
{"mapping": [6, 9, 5, 3, 10, 8, 12, 12, 7, 4, 0, 1, 11, 13, 14], "R": [[0.19185891305218306, 0.7233670750575402, -0.6632723665321314], [-0.9764261911938762, 0.2087990597037649, -0.05472518448980901], [0.09890424982302254, 0.6581360249899125, 0.7463745185745708]], "T": [-0.07448510663144929, -0.02049292114508573, -0.02211847792425746], "aligned_model": [[-0.244711846927806, -0.40025539703198193, -0.11224707782531694, -0.010889255190629596, 0.3950213326027832, 0.3436801757423714, 0.6715091035533854, 0.6715091035533854, -0.6242170708618514, -0.4244642870107537, -0.25434584905564533, 0.31081846554255915, 0.5842814035574949, 0.1287226534419233, -0.013680012767362075], [-0.7689553819706673, -0.27551623430955186, -0.35074168674985007, 0.23208522320323233, -0.4068176486020172, -0.49159707376782924, -0.07861732583582583, -0.07861732583582583, 0.17125158211654176, 0.2599849807311128, 0.661513101194692, 0.600690736738007, 0.48999860470771417, 0.18054376341855444, 0.012995351621297547], [-0.16652753375745016, 0.5204186246119771, -0.5911813666549991, -0.760723061390359, -0.3362811887658045, 0.454852246019467, 0.12756029751543096, 0.12756029751543096, 0.24988118219953248, -0.32979355768917223, 0.14531887852303688, -0.48490342972981393, 0.15589974927715483, 0.6801192726595116, -0.079085794998983]], "inverted": false, "swapped": false, "error_lsq": 0.056841760047334454, "error_max": 0.47833063023222777, "target": "406.xyz", "model": "1.xyz", "model_rescale": 4.316132596720782, "target_rescale": 4.255180867527984},
{"mapping": [5, 4, 0, 10, 1, 13, 8, 12, 2, 6, 9, 14], "R": [[0.16346571477157465, -0.22949443915860807, -0.959484894351909], [-0.27436671971117244, 0.9236237532733673, -0.2676603547486044], [0.9476296023284356, 0.3070040142807481, 0.08801518054493299]], "T": [0.007989781045060464, 0.03920787462382858, -0.030758467829243887], "aligned_model": [[-0.21559577748266934, 0.45652421187115455, 0.17800448316283077, -0.46230693584935456, -0.4044737598165168, -0.639653058576097, -0.26537589283015756, -0.26538231330869183, 0.5689091301832937, 0.3471264692396904, 0.32026912895483645, -0.020237130916538514], [-0.7501685024866734, -0.41006966756058266, -0.5496394110534024, 0.6252125078710299, -0.19593052280709033, -0.1626022995916515, 0.34484853777588104, 0.5766112153497602, -0.033849117971090185, 0.07836766157492861, 0.49527045349216303, -0.005274426852291542], [0.059075291447338994, 0.04537296814912504, -0.5529683119044771, 0.006236419873403183, -0.3686817667929235, 0.2824782988330754, -0.6575228761417805, 0.5689581893434064, -0.4025666104614961, 0.6844903677075304, -0.2698681759740574, 0.054254667130276484]], "inverted": false, "swapped": true, "error_lsq": 0.04536285349650767, "error_max": 0.22663005720798363, "target": "406.xyz", "model": "2.xyz", "model_rescale": 3.795458400668931, "target_rescale": 4.255180867527984},
{"mapping": [13, 10, 11, 2, 7, 4, 9, 1, 8, 0, 6, 14], "R": [[0.44089054923823673, 0.7972031588576393, -0.41241077471352283], [-0.7544373742536364, 0.5780725118900436, 0.31089615521330305], [0.48625072948190495, 0.17406692536072893, 0.8563065651819902]], "T": [0.06066852641563701, -0.0045344984690824765, 0.04866715693506108], "aligned_model": [[0.1954266334539227, -0.2538348262176104, -0.7163260573712614, 0.18677206991628886, 0.007731120727793722, 0.21129736835282037, -0.20951378733569254, 0.5604177653475698, 0.3092231138943874, 0.766625287122232, -0.5122661238472672, 0.04775126170038203], [-0.07100562553366059, -0.6317589887284949, -0.05258193105040952, 0.1647698613397409, 0.4933815942879065, 0.5784070090267479, -0.25336171249474965, -0.2508805263608738, -0.6767859942981438, 0.21061174871397617, 0.5225333904941765, 0.05244021989349398], [-0.6832534043096178, -0.2226742033958914, 0.1969697612933084, 0.6918180454508295, -0.46612128069708814, 0.2638870256903275, 0.5259212343406834, -0.12213309832774027, 0.26610030425050735, 0.3706708686689694, -0.09990405791602033, -0.03250976440916734]], "inverted": true, "swapped": true, "error_lsq": 0.0488666390453234, "error_max": 0.3123601259365208, "target": "406.xyz", "model": "3.xyz", "model_rescale": 3.7530521520055578, "target_rescale": 4.255180867527984},
{"mapping": [2, 10, 11, 12, 3, 13, 4, 1, 5, 7, 14], "R": [[0.8163832700025441, 0.4996209004782307, -0.28965032757667547], [0.23911637324201307, 0.16410702753100162, 0.9570225930261655], [0.5256821439877332, -0.8505573697995106, 0.014506694047893393]], "T": [-0.18494736870145392, -0.11907919032438126, -0.046989143677635396], "aligned_model": [[-0.37672534646026024, -0.10654317137072702, 0.4419849410218434, 0.44388145764748, 0.2636724072640303, -0.15828755477510736, -0.12475360341954471, -0.686041419231985, -0.4189539717418169, 0.19065917222553816, -0.13069330871424525], [-0.7552094427984927, 0.2257307219646435, -0.37501092725064766, 0.2567166013221351, -0.7190828988959392, 0.6221842068088325, -0.4263443344426664, 0.17703443211547937, 0.2527013731635654, 0.26340590938919556, -0.054922283061758864], [0.08250465720211664, -0.7109981496806742, -0.45866574798031795, -0.4788994950452281, 0.033682242870999905, 0.04303139014905941, 0.5105001234146004, -0.018181686354983365, 0.6517209488314943, 0.430875706229794, 0.007260787608455256]], "inverted": false, "swapped": true, "error_lsq": 0.04592481400163557, "error_max": 0.21062874815499988, "target": "406.xyz", "model": "4.xyz", "model_rescale": 3.7855080009869324, "target_rescale": 4.255180867527984},
{"mapping": [15, 8, 14, 2, 9, 10, 0, 5, 13, 12, 6, 1, 4, 7, 16], "R": [[-0.3698855221195241, -0.06579032633400761, -0.9267450207512485], [-0.8582675722366457, -0.35775441740188163, 0.367951832821165], [-0.35575479613545824, 0.9314952548404662, 0.07586247581191585]], "T": [0.03573922224101573, 0.027248405793218744, -0.02847361168061085], "aligned_model": [[-0.4241543557642799, -0.3727812472572503, -0.24109556908235646, 0.3368367466874881, 0.20163937190701128, 0.24478737670465156, 0.7099859763790398, 0.7919046578705009, -0.6796654946858142, -0.3485188167725921, -0.1824833603892759, 0.24918169785088398, 0.40132036626618783, 0.306027788980096, 0.027746302628264996], [-0.6536935447322111, -0.250708600341991, -0.2838922385028198, -0.10452318952079356, -0.606468879785678, -0.5368902531320521, 0.36612508878111816, -0.03724409846330945, 0.12377718174472199, 0.3118050000621657, 0.4629994158371785, 0.6427861784702013, 0.6068980534201274, 0.1216437341685001, -0.004413181345572316], [0.0358230726037768, 0.4726858466805854, -0.5616259316726187, -0.6901096256787136, -0.3073885835777069, 0.38263551822972003, -0.22602813980378791, 0.25287634028898875, 0.03273035295849761, -0.5126621773465374, 0.4057809562202887, -0.4140374831763205, 0.24965854576364255, 0.6639157907129882, -0.07113986686784285]], "inverted": false, "swapped": false, "error_lsq": 0.03626678162649777, "error_max": 0.2260928086792857, "target": "406.xyz", "model": "5.xyz", "model_rescale": 4.2253639853439635, "target_rescale": 4.255180867527984},
{"mapping": [9, 10, 6, 3, 11, 7, 4, 2, 13, 1, 12, 5, 0, 14], "R": [[0.8019117141350822, 0.48296541659412784, 0.35168453066206207], [0.3071899019244169, 0.1715596675013785, -0.9360564324027071], [-0.5124177659767482, 0.8586685547176379, -0.010786391913960074]], "T": [0.11640714219417261, 0.02624293309846709, -0.029460916675261156], "aligned_model": [[0.37984880329263093, -0.14481980773411327, -0.452908421840136, 0.12342711666900683, -0.2194118242031998, -0.42183237640457927, 0.24645155827337042, 0.6531431097342999, -0.3565669582756583, 0.33395745288355805, -0.6044208156879886, 0.06526291699981912, 0.7384483723545736, 0.03348302669620015], [-0.34320383627880185, 0.2537741202849413, -0.481694793408809, -0.7230455546216272, -0.557148155836982, 0.10084256271919395, -0.25547425271208124, -0.36271083757770883, 0.5985904634156722, 0.5658438599406763, -0.05653046826291372, 0.4623210476566246, 0.19941136944441648, 0.04412362187238923], [-0.42543123790965964, -0.6972476291169377, 0.18503181856140233, 0.04984550439598685, -0.44767528829558567, 0.4400740189217922, 0.5296037648755302, 0.1077928656327935, 0.05420311946365085, 0.003872198074606044, -0.47302640298769705, 0.6693922991438358, 0.45160731826522005, 0.023515859906510804]], "inverted": true, "swapped": true, "error_lsq": 0.04873782650911966, "error_max": 0.3661504492446071, "target": "406.xyz", "model": "6.xyz", "model_rescale": 3.89814844738969, "target_rescale": 4.255180867527984},
{"mapping": [9, 3, 6, 8, 12, 4, 2, 10, 1, 5, 7, 13, 14], "R": [[-0.5126580592972623, -0.8577683776684855, -0.03761814069753258], [-0.8584425833103928, 0.5112563852159553, 0.04114899434122385], [-0.016063791487195545, 0.05338837746072954, -0.9984446082558444]], "T": [-0.12760167493885735, 0.013662346586181921, -0.04593065008359442], "aligned_model": [[-0.06151907014978783, 0.03084479870752624, 0.38513553823552715, -0.3623675348220482, 0.7091931752098647, -0.42543762699418386, -0.5378987788145132, 0.3463175026707227, -0.47120662385066103, -0.5330674114902354, 0.08137572475963264, 0.07522168993052045, -0.08795958248814174], [-0.3674128318626091, 0.24106163916764017, 0.5541396545206565, -0.6897301411051047, -0.05042938325716701, 0.5096676145454296, -0.011522394291455667, -0.51020932488685, -0.16570228948197746, 0.5558559424876113, 0.6399475111589992, 0.16634279522207845, 0.09177247325323418], [-0.507557899299455, -0.7466133907138326, -0.3163246381167194, 0.05943836550169072, 0.09140598164789906, -0.3181474036309365, -0.5837327983783871, 0.21273542567218567, 0.3892386972748801, 0.42608557005544645, 0.23660302741052586, 0.656804882948504, 0.0023392104644938683]], "inverted": true, "swapped": true, "error_lsq": 0.04741865597321621, "error_max": 0.34839155749326145, "target": "406.xyz", "model": "7.xyz", "model_rescale": 3.7474275329858107, "target_rescale": 4.255180867527984},
{"mapping": [1, 12, 0, 6, 3, 2, 5, 8, 12, 10, 11, 7, 9, 4, 14], "R": [[-0.0850675576247586, 0.9814923470732264, -0.17157005355378246], [0.23802190496838227, -0.14719065468454734, -0.9600419177977371], [-0.9675273036948264, -0.1225058521468414, -0.22109552866305426]], "T": [0.01608146653714084, 0.0019046503963854114, 0.04133672424651394], "aligned_model": [[-0.30631383040879745, -0.5598764351241234, -0.15053560415259107, 0.22098285581382254, 0.5011329760173776, 0.29591724834312516, 0.6240253164976571, 0.6381983554010552, -0.5598764351241234, -0.4206509008320439, -0.16703674148069161, 0.16134455927739225, 0.4251931513070988, 0.30789227550341186, 0.010334650283985362], [-0.6767655728655623, 0.1124559321900826, -0.37109377784249914, 0.032807874356492496, -0.37443292457601723, -0.7176079011084814, 0.20907195683652754, -0.059955483076119497, 0.1124559321900826, 0.3359667718395215, 0.587427150043051, 0.5426911989401684, 0.6299823779161314, -0.17244684180313974, -0.032356026380653054], [0.05776294153994593, 0.23289227338847865, -0.475697280353818, -0.7485990388501457, -0.3291084131212849, 0.3768708049266085, -0.27569236978021594, 0.31401641973844496, 0.23289227338847865, -0.48109097218360564, 0.1418905898595541, -0.3463824714681901, 0.17730156406444963, 0.7460876410843532, 0.08997065310190624]], "inverted": true, "swapped": false, "error_lsq": 0.04897195311063367, "error_max": 0.45740111313439524, "target": "406.xyz", "model": "8.xyz", "model_rescale": 4.019505241142653, "target_rescale": 4.255180867527984},
{"mapping": [8, 10, 9, 2, 0, 4, 6, 1, 5, 13, 12, 7, 14], "R": [[0.47159562909911945, -0.7199053162882684, -0.5092483659222622], [0.7615724819158821, 0.6236286074440625, -0.17633693534215492], [0.4445277464940626, -0.3046698139909302, 0.8423606039218849]], "T": [0.010112492975094565, -0.06612178966133703, -0.07141352886615865], "aligned_model": [[-0.504292997090726, -0.7125331205680336, -0.10502207707757397, 0.4008511348208623, 0.42729216296836553, 0.6473672837888207, 0.36173172388213115, -0.19782813672311364, 0.38236939440819645, -0.2737548755527091, -0.43472915492369024, 0.2941062313643294, 0.03414320244431743], [-0.5432696123118363, 0.13902617763276243, -0.04481215537616111, -0.34567515540546007, -0.7532000443395155, -0.11636267534730965, 0.6431869812446522, -0.528957659047057, -0.34614515613181096, 0.0339362436958473, 0.6536560943109935, 0.2844836832909214, -0.012488494101967604], [-0.33351194031245823, -0.11199286556550464, -0.6621544617373352, -0.5482597984352684, -0.024150002469897465, -0.056866155140104624, -0.034358665452996956, 0.21520825502268803, 0.6098994569149656, 0.6124677277597967, 0.013618391752482306, 0.48729328043432324, 0.00951027127318882]], "inverted": false, "swapped": true, "error_lsq": 0.04641755353665639, "error_max": 0.3017146542904142, "target": "406.xyz", "model": "9.xyz", "model_rescale": 3.877068213659057, "target_rescale": 4.255180867527984},
{"mapping": [0, 1, 11, 10, 12, 5, 6, 3, 8, 9, 2, 14, 13, 4, 15], "R": [[0.7315087193457195, -0.37749424835551604, 0.5677966942310335], [-0.5935487557540506, 0.05726525537036514, 0.8027580987260019], [-0.33555158778346444, -0.9242395701255552, -0.18217120779674573]], "T": [0.0885102897732124, 0.06045730241172344, 0.01423074338641573], "aligned_model": [[-0.2434246306071325, -0.3016803338134154, -0.22659638886663658, 0.1481550654347212, 0.3630253912759075, 0.23079663321608085, 0.6382757859832974, 0.6008350744767931, -0.6794760914029936, -0.32631501144377295, -0.1350012441666752, 0.17228817560134485, 0.5699136448958344, 0.15505697467615864, 0.05487839606304371], [-0.6565479804288874, -0.45145122619032874, -0.29984419056720935, 0.16853927563515675, -0.5749050427747954, -0.5933420814290582, 0.02111991842856438, -0.10935704512042217, 0.012591579601986883, 0.46026215994719855, 0.650656704541257, 0.7027498621695161, 0.6626295602786393, 0.1870202114700294, -0.021921038902062318], [-0.08317905409073781, 0.5961306882334618, -0.5475039729142764, -0.6843188735058245, -0.26710778060129214, 0.41833024153211007, -0.2623827857893795, 0.34806864578649743, -0.042591142501636266, -0.3078272471384725, 0.21932247376890723, -0.42161679895440807, 0.07148349437547061, 0.6757774526398879, 0.0005292744946522702]], "inverted": false, "swapped": false, "error_lsq": 0.04161870590540202, "error_max": 0.28128164659440213, "target": "406.xyz", "model": "10.xyz", "model_rescale": 4.260839863003843, "target_rescale": 4.255180867527984},
{"mapping": [12, 7, 4, 6, 2, 9, 10, 13, 5, 0, 1, 14], "R": [[0.13895212054021205, 0.20425838324840287, 0.9690050676183934], [-0.8963180402818776, 0.4419996652820652, 0.03535910852662072], [-0.4210775212032025, -0.873449946341112, 0.24449726455335993]], "T": [-0.06478011703509902, 0.1299806653718693, -0.06038511110691095], "aligned_model": [[0.30522902418046416, 0.24956918255753147, -0.4224540205074813, -0.1925131189129619, -0.6958785023276314, -0.47917117089591044, 0.3304110594158679, 0.662577659375981, 0.2595317543698333, -0.30892079832115305, 0.2597551425439327, -0.00923756238434175], [0.1273607005642425, -0.5116211426329167, -0.34019691337186986, -0.4486032262238268, 0.18896454647023325, 0.5058815690649432, 0.6140560106631032, -0.040144567817482574, -0.3797367066157658, 0.07349528957717247, 0.3347710349737917, 0.04885191088130955], [-0.8260750566373556, -0.13292184440602964, 0.1842204168628924, -0.5867433916987894, 0.17719617010870015, -0.28323816714820754, -0.47924552695144684, -0.04324054213883483, 0.5019187940794849, 0.7048298757413797, 0.37818776114720587, -0.07871041156349412]], "inverted": false, "swapped": true, "error_lsq": 0.04551715956259066, "error_max": 0.26563305297554923, "target": "406.xyz", "model": "11.xyz", "model_rescale": 3.890672605050136, "target_rescale": 4.255180867527984},
{"mapping": [1, 8, 2, 5, 4, 12, 10, 7, 13, 12, 3, 9, 6, 14], "R": [[-0.04319324565104765, -0.9943370947858735, -0.09709832883689229], [-0.29427654225911015, 0.10553970420965009, -0.949875090478407], [0.9547437667804648, -0.01245442765158622, -0.29716868446342215]], "T": [0.16617874178195233, 0.043291743153143415, 0.005373270956466905], "aligned_model": [[0.3634697553158637, 0.03346759449399481, 0.5387017390916492, 0.7591261269589903, 0.6757581820425622, -0.6056991233844198, -0.5107667810420098, 0.26761994612603834, 0.029211609663717913, -0.6056991233844198, 0.16624754723164767, -0.05243721014423869, -0.015442725922258399, 0.1663182977465762], [-0.2929434141305579, 0.1529726220835291, 0.6050674027105638, -0.5153382146443479, 0.20021745715430617, -0.1516255931307827, -0.11010393396434157, -0.415191573944429, -0.6907878953462814, -0.1516255931307827, 0.6390291878319839, 0.5814670289385597, 0.10870453701009333, -0.027689497609747614], [-0.4277901733161469, -0.7235550426212228, -0.05662560110217245, 0.13774260158447932, 0.3582649759323576, 0.30438249283309965, -0.28473632763559087, 0.5487264432776775, 0.03092625861667804, 0.30438249283309965, 0.4667504686677961, -0.15355862275049043, 0.774049332636018, 0.07583113640127839]], "inverted": false, "swapped": true, "error_lsq": 0.05059216899653564, "error_max": 0.3841962113199538, "target": "406.xyz", "model": "12.xyz", "model_rescale": 4.124412569039231, "target_rescale": 4.255180867527984},
{"mapping": [12, 7, 5, 11, 13, 10, 3, 8, 4, 9, 1, 0, 14], "R": [[-0.3615040218005975, -0.5214948801970741, 0.7728893401711736], [0.4407252800316598, -0.8260710203990124, -0.35123766426445424], [0.8216301295370125, 0.21365804264097704, 0.5284639732770988]], "T": [0.09986938631412996, 0.11837215926626461, -0.0643945958582457], "aligned_model": [[-0.29135209041813664, 0.15069412877295874, 0.6783034413843825, -0.6431172151736255, 0.5236968989002179, 0.05869342350215738, -0.5690845452394457, 0.3783196272196937, 0.02611480111782223, -0.27764260084491454, 0.6662091787640629, 0.5581066128196237, 0.1083566467049613], [-0.38992815038419065, 0.4406298912281652, 0.6200041586679576, -0.13980381908498268, -0.06821970220086775, -0.621113724577197, 0.43502616427653523, -0.3701308195976001, 0.7518912891805024, -0.08675702597938327, 0.012206712746563, 0.6157525214944444, 0.1479278807385311], [0.4939702247006451, 0.5753684380940609, 0.24375318060503726, 0.03224326257892407, 0.5219837657205414, 0.06756835920015403, -0.20582622196992043, -0.5591762983629025, -0.10959652377188676, -0.4864036436472411, -0.1515526816678044, -0.5014079429645252, 0.030774162452756507]], "inverted": false, "swapped": true, "error_lsq": 0.048893702167783167, "error_max": 0.2952592227277212, "target": "406.xyz", "model": "13.xyz", "model_rescale": 3.9028299243045295, "target_rescale": 4.255180867527984},
{"mapping": [14, 12, 9, 7, 10, 13, 4, 5, 1, 6, 2, 3, 0, 8, 15], "R": [[0.3052442312059321, -0.8679153208879659, 0.391853231559265], [-0.3944693477605955, -0.48976980022379124, -0.7775085057194411], [0.8667294231724396, 0.08275589741333902, -0.49186539667929796]], "T": [0.028046960398979928, 0.05026837603737012, 0.024154894077450514], "aligned_model": [[-0.17517635627159756, -0.21772812563914573, -0.3278822099247788, 0.2259602301442818, 0.4355173808301521, 0.23267273342194827, 0.6705927305203594, 0.3994820976516215, -0.6077813955297159, -0.37812894479671777, -0.20997076254196217, 0.18464168013471488, 0.5326337264247596, 0.255232441091432, 0.0006662158072030834], [-0.7924534408991819, -0.276062970376232, -0.2517589422119816, -0.10614746452599777, -0.4670262895625663, -0.6369010878869069, 0.1357240916084234, -0.13002640533732246, 0.1780568890727368, 0.33319954427336856, 0.6574358669668487, 0.5410901653153833, 0.6854904644486426, 0.27282148573035675, 0.014758760044014115], [-0.15352705661962884, 0.5874867220365351, -0.5946660664655872, -0.8458981952893703, -0.32473862472802706, 0.36850612851695175, -0.17382371046877626, 0.3268619542500137, 0.06404415925027344, -0.4223642548157473, 0.36598083089353656, -0.3269312921489051, 0.1947465210431238, 0.72797591556384, -0.08053841568327226]], "inverted": false, "swapped": false, "error_lsq": 0.04201991204606783, "error_max": 0.25887139139269416, "target": "406.xyz", "model": "14.xyz", "model_rescale": 3.942246331269136, "target_rescale": 4.255180867527984},
{"mapping": [7, 6, 2, 1, 0, 8, 12, 13, 9, 5, 10, 3, 4, 11, 14], "R": [[-0.4131360423930345, -0.7301162130490315, 0.5442875397423333], [0.8833796474760898, -0.46651919304550526, 0.04472405331798551], [0.22126682738458617, 0.49928965337077813, 0.8377056960150432]], "T": [0.06600726737785928, 0.07576603496847553, 0.02572314039946188], "aligned_model": [[-0.4502475134929534, -0.20510701435979256, -0.334920510184368, 0.36302243408385154, 0.09896624264996642, 0.2525065631163881, 0.8135621263968771, 0.8136848665778287, -0.7361827025577243, -0.20383687967184377, -0.2961941466653483, 0.3196999310362215, 0.25256936982809586, 0.24651226596343595, 0.08669640860192052], [-0.6056101466785195, -0.19576406329440918, -0.3024173557435875, 0.09384279748571256, -0.5573679016581499, -0.6109887199210051, 0.05665026604028489, 0.20079112730085166, 0.07132773142255909, 0.22414730583836714, 0.5504058653755282, 0.584337436775759, 0.5905668156991942, 0.04400829288756188, 0.014271215129438394], [0.03939824336906799, 0.4326111364298758, -0.502369804836532, -0.727998729512859, -0.34679881480444597, 0.32974097805625663, -0.30423530895149603, 0.3194522340336591, 0.09379559979930624, -0.5292063082218635, 0.4162710671631652, -0.4142121868593823, 0.2351001090731788, 0.7189189395501009, -0.047352538953071864]], "inverted": false, "swapped": false, "error_lsq": 0.044132386072461685, "error_max": 0.39672635488625335, "target": "406.xyz", "model": "15.xyz", "model_rescale": 4.355366556412066, "target_rescale": 4.255180867527984},
{"mapping": [5, 4, 0, 10, 1, 13, 8, 12, 2, 6, 9, 14], "R": [[0.16346571477157465, -0.22949443915860807, -0.959484894351909], [-0.27436671971117244, 0.9236237532733673, -0.2676603547486044], [0.9476296023284356, 0.3070040142807481, 0.08801518054493299]], "T": [0.007989781045060464, 0.03920787462382858, -0.030758467829243887], "aligned_model": [[-0.21559577748266934, 0.45652421187115455, 0.17800448316283077, -0.46230693584935456, -0.4044737598165168, -0.639653058576097, -0.26537589283015756, -0.26538231330869183, 0.5689091301832937, 0.3471264692396904, 0.32026912895483645, -0.020237130916538514], [-0.7501685024866734, -0.41006966756058266, -0.5496394110534024, 0.6252125078710299, -0.19593052280709033, -0.1626022995916515, 0.34484853777588104, 0.5766112153497602, -0.033849117971090185, 0.07836766157492861, 0.49527045349216303, -0.005274426852291542], [0.059075291447338994, 0.04537296814912504, -0.5529683119044771, 0.006236419873403183, -0.3686817667929235, 0.2824782988330754, -0.6575228761417805, 0.5689581893434064, -0.4025666104614961, 0.6844903677075304, -0.2698681759740574, 0.054254667130276484]], "inverted": false, "swapped": true, "error_lsq": 0.04536285349650767, "error_max": 0.22663005720798363, "target": "406.xyz", "model": "16.xyz", "model_rescale": 3.795458400668931, "target_rescale": 4.255180867527984},
{"mapping": [9, 3, 6, 8, 12, 4, 2, 10, 1, 5, 7, 13, 14], "R": [[-0.5126580592972623, -0.8577683776684855, -0.03761814069753258], [-0.8584425833103928, 0.5112563852159553, 0.04114899434122385], [-0.016063791487195545, 0.05338837746072954, -0.9984446082558444]], "T": [-0.12760167493885735, 0.013662346586181921, -0.04593065008359442], "aligned_model": [[-0.06151907014978783, 0.03084479870752624, 0.38513553823552715, -0.3623675348220482, 0.7091931752098647, -0.42543762699418386, -0.5378987788145132, 0.3463175026707227, -0.47120662385066103, -0.5330674114902354, 0.08137572475963264, 0.07522168993052045, -0.08795958248814174], [-0.3674128318626091, 0.24106163916764017, 0.5541396545206565, -0.6897301411051047, -0.05042938325716701, 0.5096676145454296, -0.011522394291455667, -0.51020932488685, -0.16570228948197746, 0.5558559424876113, 0.6399475111589992, 0.16634279522207845, 0.09177247325323418], [-0.507557899299455, -0.7466133907138326, -0.3163246381167194, 0.05943836550169072, 0.09140598164789906, -0.3181474036309365, -0.5837327983783871, 0.21273542567218567, 0.3892386972748801, 0.42608557005544645, 0.23660302741052586, 0.656804882948504, 0.0023392104644938683]], "inverted": true, "swapped": true, "error_lsq": 0.04741865597321621, "error_max": 0.34839155749326145, "target": "406.xyz", "model": "17.xyz", "model_rescale": 3.7474275329858107, "target_rescale": 4.255180867527984},
{"mapping": [10, 13, 12, 1, 9, 2, 11, 7, 8, 3, 0, 5, 4, 14], "R": [[0.42769940296172493, 0.897192648768123, -0.11008438446311825], [0.8699846758176657, -0.3755210643979589, 0.3195474832256632], [0.24535664765523585, -0.23244199532327114, -0.9411539907270865]], "T": [0.021674680744079147, -0.06442912367680347, 0.016706771645582902], "aligned_model": [[0.49488420104175546, 0.10203872584126188, 0.8305181949910272, -0.36675404976363596, 0.18958314707046103, -0.2989788333576447, 0.7269566857644818, 0.13031643931536513, -0.16420294233289418, 0.26367448385881687, -0.7701284878000328, -0.4960134297515599, -0.2736746224839275, 0.04662813548940205], [-0.3936204122857693, 0.35258722026582906, 0.0384663379857732, -0.12351578054655903, -0.5711861477475114, -0.33339161361181263, -0.2322165377853141, 0.6434630806852164, -0.7102439171854694, -0.07979000811742816, -0.0675761240445231, 0.5490111490018846, 0.25811507840210957, 0.03030591649480767], [-0.46667185761785024, -0.5980491598092026, -0.22491155322854414, -0.41368872410811086, 0.29543421018547766, 0.5487308671849619, 0.33678094825539795, -0.03635484503835959, -0.31397644818459935, 0.7301296229870949, 0.16295000980347604, -0.17529771563368224, 0.4831437640463686, -0.0034244001807732377]], "inverted": false, "swapped": true, "error_lsq": 0.03666809212694685, "error_max": 0.20832548574787627, "target": "406.xyz", "model": "18.xyz", "model_rescale": 3.922800546911778, "target_rescale": 4.255180867527984},
{"mapping": [12, 3, 13, 4, 8, 5, 6, 1, 7, 11, 9, 10, 2, 0, 14], "R": [[0.3522518723606769, 0.6166988960241716, 0.7039894104750193], [-0.9047579914569045, 0.03194389975187563, 0.4247264580450694], [0.23944017063405484, -0.786550735115803, 0.5692155529986199]], "T": [0.12060001897619599, -0.055659396394131484, -0.0414349290628069], "aligned_model": [[-0.39826885790054967, -0.2576973394988621, -0.2692626451310577, 0.2250155641642375, 0.3908267562382698, 0.26838469748875465, 0.7020232518265719, 0.7984114602940975, -0.6686501143595684, -0.3015323528620041, -0.23330645210838963, 0.2735110377478255, 0.25162880586351966, 0.21061636644453524, 0.029031263115174843], [-0.6160375909431813, -0.04255547276956602, -0.29922909266053793, 0.12941022039631112, -0.5314496314090459, -0.6561072157276746, 0.06501923041210197, 0.003902065067945819, 0.05785056693112744, 0.3113097385551729, 0.6423102214541025, 0.6693523231398258, 0.5498221602673202, -0.09567111675324638, -0.029725739301070968], [0.14662200978584342, 0.47418958484391205, -0.5518216971280365, -0.7333263728285813, -0.31528126691446684, 0.4059528504308304, -0.39236435964264726, 0.2501248525650712, 0.007664300198269171, -0.48232213392321044, 0.18291258752748019, -0.3601461998706381, 0.31822116269353706, 0.7884679297702262, -0.025778632172629316]], "inverted": true, "swapped": false, "error_lsq": 0.040744361390114066, "error_max": 0.27297488869274084, "target": "406.xyz", "model": "19.xyz", "model_rescale": 3.9282355846067225, "target_rescale": 4.255180867527984},
{"mapping": [8, 1, 13, 0, 2, 5, 4, 7, 3, 11, 10, 9, 12, 14], "R": [[0.7991574264148991, 0.21800186499435661, 0.5601987099814651], [0.5902889898292633, -0.10847438320520482, -0.7998701248794072], [-0.11360596943938883, 0.9699012810834063, -0.21537220958262915]], "T": [-0.04955027355787589, -0.11903397933895823, 0.03301343758301149], "aligned_model": [[-0.5234559598846323, -0.11681695180014279, 0.5538551405312112, -0.4845600029652308, -0.6183588848654706, 0.2635782658533851, -0.11256801241443419, 0.5833272763960697, -0.21900260393446944, 0.030798326421510647, 0.09928070075227777, -0.47765322147371125, 0.5090234419404751, 0.04507530452783805], [-0.6623008096874604, -0.628335603907597, -0.5422603427776886, -0.17757808322083599, 0.21362669916056307, -0.23890229566525983, 0.3359251933046551, 0.06985311884306014, 0.5936112941786674, 0.2977529866005443, -0.5483579542756991, 0.027665102138742043, -0.1145693578071523, -0.10324785945970325], [0.23612223026048373, -0.24211461202106632, -0.08973515775277204, -0.6420335009748372, -0.12191484264652665, -0.7211468740055059, -0.4118127721986601, -0.24897523377057762, 0.20963350483912396, 0.7022335276696494, 0.6325793801242728, 0.43036990850485174, 0.6742389774627263, 0.0047386217525207455]], "inverted": false, "swapped": true, "error_lsq": 0.04134609944055365, "error_max": 0.23194278010938707, "target": "406.xyz", "model": "20.xyz", "model_rescale": 4.067790424073018, "target_rescale": 4.255180867527984},
{"mapping": [6, 2, 13, 10, 11, 3, 9, 12, 4, 5, 8, 1, 7, 0, 14], "R": [[-0.993435057431525, -0.04628709800468559, -0.10461496654077278], [-0.007068472440459935, -0.8879025786583493, 0.4599772249896862], [-0.11417890945083, 0.45769696893267553, 0.8817463701464615]], "T": [0.014851692777925023, -0.011766084423681801, -0.003571552501990859], "aligned_model": [[-0.4759849881956346, -0.2960653808759012, -0.034611215254437964, 0.509056784583494, 0.2541083891296325, 0.24426220789448716, 0.6886513344903858, 0.7332913859437078, -0.7393455260663482, -0.4219386922692992, -0.2120775846169043, 0.18492009402238052, 0.318606121335114, 0.19406713212398274, 0.07379137907789601], [-0.5653490890509173, -0.2402087281891154, -0.11267177381788834, -0.011764982543870185, -0.5567557551720694, -0.6892096895828966, 0.3104944666067215, -0.267061815690315, 0.10664716973242475, 0.2409093739368753, 0.49705156548367474, 0.6426881741298962, 0.6432431014143055, 0.17587127247860393, -0.015682623075844497], [0.009923346316216953, 0.6327196256224056, -0.6945816592689322, -0.6570607634197406, -0.25610817560362903, 0.45706495716008455, -0.21849497967229828, 0.07180990263505266, 0.24063604579094383, -0.30989718500842317, 0.11798336894863885, -0.4684064303221262, 0.1844714500493902, 0.6575880939644906, -0.05453298185711368]], "inverted": true, "swapped": false, "error_lsq": 0.047947082293416154, "error_max": 0.31940632155477533, "target": "406.xyz", "model": "21.xyz", "model_rescale": 4.186013935880536, "target_rescale": 4.255180867527984},
{"mapping": [11, 6, 12, 8, 2, 10, 9, 3, 13, 7, 4, 1, 14], "R": [[0.5278379965190386, -0.4363928620221013, -0.7286620062875017], [-0.6553899490639612, 0.3364091625448973, -0.6762343454911024], [0.5402324167399676, 0.8344999372869961, -0.10843795724419499]], "T": [0.03300843270482618, -0.01553883465300087, 0.1571912113559541], "aligned_model": [[-0.13459185263853113, -0.46957198436851794, 0.2835555278068722, 0.5722766374081705, -0.37718645961905345, 0.6450867541784988, -0.010384132990552013, -0.5943065432737179, 0.4407101041285002, -0.18530370288348322, -0.5457276439410119, 0.41738886371030226, 0.01662846790574895], [-0.3635482245721616, 0.21355349876280913, 0.09677819783379807, -0.45564422094250134, -0.4416723549632777, -0.16925108560319643, -0.6048933344974987, -0.33632196899619515, 0.6016465840656577, 0.6411453481386622, 0.12177370892750125, 0.13886794496675137, 0.07652256642574443], [-0.5347787376679831, -0.41119044393815524, -0.6476726024873398, 0.43373358154114716, 0.4863712662069285, -0.2522983808375225, 0.04115984378880491, -0.10991574835984674, 0.051610094872371934, -0.03473490826618672, 0.3917956871357603, 0.5670919617046806, 0.12170794764268622]], "inverted": true, "swapped": true, "error_lsq": 0.047130779347143006, "error_max": 0.24424557573106717, "target": "406.xyz", "model": "22.xyz", "model_rescale": 4.166573947596378, "target_rescale": 4.255180867527984},
{"mapping": [10, 9, 7, 5, 13, 14, 6, 12, 8, 0, 4, 1, 2, 11, 15], "R": [[-0.5913425876190477, -0.7351903495852133, 0.3313745523494236], [0.06779684156162236, 0.36414185841557567, 0.9288725936445317], [-0.8035655121657956, 0.5717480711173608, -0.16548900516741288]], "T": [0.05771213696057506, 0.03481394608484533, 0.11002377267095305], "aligned_model": [[-0.2037885116144468, -0.2099061810021061, -0.2965682794572564, 0.24829562532689378, 0.23408440983648565, 0.2785669083821186, 0.735735069298112, 0.6206989531305181, -0.7421388812706173, -0.3293968632378844, -0.33386324005596435, 0.2420365650490914, 0.34713250754130553, 0.3513177281709031, 0.0785256312254023], [-0.6162761029753311, -0.2191316138529733, -0.19426505789000173, -0.09666498795074824, -0.6140168095483038, -0.7122876317681662, 0.2640851309769612, -0.17531268895262797, 0.13824181621353038, 0.398929369523024, 0.6533409566664166, 0.5055099393916418, 0.6395542398715516, 0.12205534922629271, 0.06443875772831953], [-0.1519693415777587, 0.5836705342568285, -0.46738236180539267, -0.6883828938019257, -0.4044901832144498, 0.24800987896475407, -0.14848591567638297, 0.3713167065514471, 0.17019157582475458, -0.5099135977285087, 0.04720200367346569, -0.3925385099984799, 0.16776687055089484, 0.8368511399421291, 0.051268709373584714]], "inverted": true, "swapped": false, "error_lsq": 0.04159421460116152, "error_max": 0.2828519469567228, "target": "406.xyz", "model": "23.xyz", "model_rescale": 4.274766983524099, "target_rescale": 4.255180867527984},
{"mapping": [11, 2, 8, 10, 1, 13, 12, 7, 6, 4, 14], "R": [[-0.5557857734200436, 0.02852502137297941, 0.8308360230632487], [0.4904196390643424, 0.8182328146585157, 0.2999727298205679], [-0.6712605691412866, 0.5741788782005781, -0.4687513884186816]], "T": [-0.07262056554230102, 0.23575114452094612, 0.010877135705817324], "aligned_model": [[0.399157232297735, 0.2606026826646939, -0.5826385762870302, -0.451361717859742, -0.6021454656635647, -0.5214460479391085, -0.027018551322903525, 0.07320893310120861, 0.55060669528149, 0.342924690926107, -0.06199517124081037], [-0.25780826168565785, 0.7730805981180398, 0.4276061306751199, -0.2946483321036697, 0.45068823389224355, -0.14371786538231848, -0.6082201898623106, -0.03426525045461129, -0.1822816672917261, 0.5996122049618545, 0.1855409303765203], [-0.3914257644595455, -0.23088402842884467, -0.502982692609662, -0.36486291880338, 0.12495527661417788, 0.4722282200145161, -0.08307798402464592, 0.6601496852848683, 0.2657583404747333, 0.33299001904534603, 0.09671828091401383]], "inverted": true, "swapped": true, "error_lsq": 0.05003916076999782, "error_max": 0.26150344299219214, "target": "406.xyz", "model": "24.xyz", "model_rescale": 3.7841303162186577, "target_rescale": 4.255180867527984},
{"mapping": [10, 9, 7, 6, 11, 14, 3, 13, 8, 1, 2, 4, 5, 12, 15], "R": [[-0.4025410473426095, 0.06336451120213016, -0.9132062439145006], [0.3189776350467823, 0.9447861343313868, -0.07504950842688138], [0.8580291216178371, -0.3215028757185072, -0.4005270619576826]], "T": [-0.05495201540402944, -0.053191474345458185, -0.07389652151104631], "aligned_model": [[-0.3178906860989755, -0.2272716338399544, -0.17435643741411355, 0.3071115004264816, 0.4551369164851596, 0.10517291355185959, 0.6817409554558607, 0.6342573593176344, -0.5661054456398047, -0.5078986931661773, -0.20883905962090266, 0.10472522574161533, 0.4032881299743713, 0.34087136905154236, -0.009210972902041405], [-0.7756657902916577, -0.10307231402426828, -0.4639958288884571, 0.11334086415090472, -0.5356237304113236, -0.48175551153542945, 0.2433109507904303, -0.32008865445138185, 0.2398146945866237, 0.38806663760558086, 0.5430504433970673, 0.6358788151407296, 0.6097652709338469, 0.10145758955570366, -0.03628276989878346], [0.0450539872244959, 0.48284269882569064, -0.5635779755127341, -0.6765601449216608, -0.3845345247141824, 0.5741712492235165, -0.20943864119093447, 0.18253345005686478, -0.025654015721982476, -0.4652620533924844, 0.36154277514938515, -0.3113615877121442, 0.2722870547832892, 0.554259049809281, -0.12318670657144049]], "inverted": true, "swapped": false, "error_lsq": 0.0468166183156966, "error_max": 0.2714677112400939, "target": "406.xyz", "model": "25.xyz", "model_rescale": 4.19342608120988, "target_rescale": 4.255180867527984},
{"mapping": [5, 4, 0, 10, 1, 13, 8, 12, 2, 6, 9, 14], "R": [[0.16346571477157465, -0.22949443915860807, -0.959484894351909], [-0.27436671971117244, 0.9236237532733673, -0.2676603547486044], [0.9476296023284356, 0.3070040142807481, 0.08801518054493299]], "T": [0.007989781045060464, 0.03920787462382858, -0.030758467829243887], "aligned_model": [[-0.21559577748266934, 0.45652421187115455, 0.17800448316283077, -0.46230693584935456, -0.4044737598165168, -0.639653058576097, -0.26537589283015756, -0.26538231330869183, 0.5689091301832937, 0.3471264692396904, 0.32026912895483645, -0.020237130916538514], [-0.7501685024866734, -0.41006966756058266, -0.5496394110534024, 0.6252125078710299, -0.19593052280709033, -0.1626022995916515, 0.34484853777588104, 0.5766112153497602, -0.033849117971090185, 0.07836766157492861, 0.49527045349216303, -0.005274426852291542], [0.059075291447338994, 0.04537296814912504, -0.5529683119044771, 0.006236419873403183, -0.3686817667929235, 0.2824782988330754, -0.6575228761417805, 0.5689581893434064, -0.4025666104614961, 0.6844903677075304, -0.2698681759740574, 0.054254667130276484]], "inverted": false, "swapped": true, "error_lsq": 0.04536285349650767, "error_max": 0.22663005720798363, "target": "406.xyz", "model": "26.xyz", "model_rescale": 3.795458400668931, "target_rescale": 4.255180867527984},
{"mapping": [0, 1, 5, 4, 6, 9, 8, 2, 10, 7, 3, 12, 14], "R": [[0.2968072236267531, -0.27511584729310024, 0.9144488736781179], [0.8119180801588898, 0.5767923523546655, -0.08999785206478156], [-0.5026872816315143, 0.7691695865239154, 0.3945676672670324]], "T": [-0.0841888828180365, -0.08200199036660848, 0.014214637766393153], "aligned_model": [[-0.01747107542528044, 0.27440170614257453, 0.5700048009584376, -0.14582597757845372, -0.16827611719731655, -0.6542698809910323, -0.2260173066336203, -0.5744124543691796, -0.05386160564401775, 0.3930361778163777, -0.6640268741264812, -0.020416816553625303, -0.013188193577126014], [-0.7540966381069972, -0.5134739805625249, -0.28077616914681197, -0.1217475796386164, 0.6317832964051424, -0.12698981219376648, -0.591851754749538, -0.40673710189749734, 0.10770762591166973, 0.33140994243141153, 0.22948341544558482, 0.6366901191624174, -0.01951985980355926], [-0.4241764715072121, 0.171863315699969, -0.4480570583012375, -0.62096297343759, -0.31980329638236205, 0.20307615029188703, 0.5442302470736109, -0.3211017688810914, 0.7415657026420437, -0.32795016929269055, -0.3525779086355542, 0.4643362843800314, -0.018305391550378018]], "inverted": false, "swapped": true, "error_lsq": 0.04401162979904984, "error_max": 0.22829576132420945, "target": "406.xyz", "model": "27.xyz", "model_rescale": 3.6321398670334006, "target_rescale": 4.255180867527984},
