[{"mapping": [9, 7, 12, 0, 11, 6, 1, 4, 8, 2, 3, 5, 13], "R": [[0.9783789245404827, 0.1112820421069092, -0.1743301096182903], [-0.06994970397984793, 0.9712780675894255, 0.22743340636960904], [0.19463226589684626, -0.21032171196590274, 0.9580621371015512]], "T": [-0.13734171504267537, 0.056309359314243815, 0.08302814685317729], "aligned_model": [[-0.2571622225717349, 0.015346350672271553, -0.6526470075507255, -0.1572235943139443, -0.45778750351724184, 0.5346018877638593, -0.4170367221360457, 0.6305697101947447, 0.1225825752682109, 0.4725299536129891, 0.24983049832533064, -0.21793061855219886, -0.14149380414818735], [-0.015205954088282805, -0.5047080882021932, 0.18503697819027076, 0.6788506710067933, -0.5411660076278972, -0.15360649617865207, 0.5248470062419675, -0.39233519631764163, -0.6772956427434, 0.37312609878784514, 0.33597685766915625, -0.09780658365089921, -0.08004290333164925], [-0.6361879386792888, -0.40002491508292004, -0.14720969457456717, -0.37244903226054027, 0.24855616076486636, 0.38131226048934297, 0.2708772614144207, -0.2668780295752805, 0.15261403540169455, -0.26185146514233576, 0.29535825154244816, 0.8193398778453537, -0.006026234750450235]], "inverted": true, "swapped": false, "error_lsq": 0.049236899975458145, "error_max": 0.29347689037706715, "target": "408.xyz", "model": "0.xyz", "model_rescale": 3.8414455957264533, "target_rescale": 3.7303951351248443},
{"mapping": [6, 5, 9, 8, 4, 1, 13, 10, 3, 12, 11, 0, 14], "R": [[-0.00508569088676919, -0.34989042358481226, 0.9367768289362441], [-0.2510827139289238, -0.9063319190008167, -0.33988221984443917], [0.9679522749156029, -0.23693700446308102, -0.08324211315056501]], "T": [-0.16859717854949435, -0.07221015045594215, -0.005395248829444031], "aligned_model": [[-0.3393072556245954, 0.02548176684858361, -0.7383480474960256, -0.08217587449533484, -0.297379323985503, 0.45961690692071905, -0.2956451331971661, 0.34346092843026926, 0.26319044778117834, 0.40740772104909867, 0.38564090397584755, -0.323076911132266, -0.08468662602747828], [-0.22421876032009694, -0.563593855463655, 0.2656842667583419, 0.5802770143754081, -0.5297405500345065, -0.33913081281843616, 0.6244718488858954, -0.09372554151978957, -0.7068926234050728, 0.4199360156274919, 0.3606331091158578, -0.06256309048173198, -0.09546628096428798], [-0.7522410333765772, -0.39934727939732484, -0.1688608113909007, -0.4425385381940369, 0.25898766916369875, 0.5262045197836853, 0.26541835801525104, -0.4589532753641542, 0.14989314841566737, -0.0964998629544418, 0.4759905243835433, 0.7028139829390895, 0.016563135369244877]], "inverted": true, "swapped": false, "error_lsq": 0.050259244268708356, "error_max": 0.34118187811321643, "target": "408.xyz", "model": "1.xyz", "model_rescale": 4.316132596720782, "target_rescale": 3.7303951351248443},
{"mapping": [7, 9, 5, 4, 8, 1, 11, 2, 10, 3, 6, 12], "R": [[-0.3193079979443597, -0.9355748058653779, -0.15080512285305672], [0.9054177260585297, -0.254212177290707, -0.3399925150001388], [0.27975193258986825, -0.24510396069235382, 0.928257994668053]], "T": [-0.023575698529459455, -0.010693124827621438, 0.026852422823742346], "aligned_model": [[-0.16087400040161048, 0.5221809901256143, 0.04504796096715169, -0.6259978957002601, -0.44458016843763665, -0.6340460958453262, -0.10561573920206568, -0.12921701770052307, 0.36338386430340547, 0.38468628761857, 0.42593822809376086, -0.04309785918929934], [-0.6431711676768895, -0.34234803983609535, -0.606795220296878, 0.25656316815265773, -0.18463920140249687, -0.176925968341112, 0.4461036425208633, 0.603645215522796, -0.012435294888871153, 0.09587986474159862, 0.47336664659353556, 0.10353278265187257], [0.13465349783834202, 0.09705274161563351, -0.5447220728036417, -0.15956846245706163, -0.511258285227621, 0.35553247871290833, -0.6410204905265958, 0.49715342979602023, -0.521152752063129, 0.6834785796936077, 0.022728695495976232, 0.03638110113498215]], "inverted": true, "swapped": true, "error_lsq": 0.04475966555919158, "error_max": 0.23086974932944068, "target": "408.xyz", "model": "2.xyz", "model_rescale": 3.795458400668931, "target_rescale": 3.7303951351248443},
{"mapping": [2, 1, 4, 5, 6, 10, 8, 3, 7, 9, 11, 12], "R": [[0.4946318335438955, 0.7414390825908699, -0.453439561630669], [-0.05274129739469552, 0.5463789363902392, 0.8358758361253156], [0.8675008384976515, -0.3895358066672181, 0.3093608742714427]], "T": [0.09586382528217008, -0.03785154689526534, 0.020663886954773614], "aligned_model": [[-0.022582046036082354, -0.160938309905921, -0.5730391879674482, 0.13075739821030055, 0.2458483632411739, 0.14524358280397098, -0.4117731728315356, 0.6764039202952769, 0.2999254712335019, 0.6930584804140817, -0.4673619433804076, 0.03776126966665396], [-0.1091240624178478, -0.7010110828103646, -0.16882477182699618, 0.08256407953303033, 0.4715248428466435, 0.5451224343326229, -0.043418735695428666, -0.14624863403152014, -0.4884431975002647, 0.1005428892156533, 0.545242740685674, -0.0021574570414924707], [-0.7478707745918541, -0.030425609897180197, -0.04646248243235776, 0.8398261629400843, -0.37231698994679463, 0.3489219971143075, 0.5098865560053463, -0.48964663704751643, 0.4517397262387861, 0.21296301476072646, 0.0856705683466264, -0.07351410085107338]], "inverted": false, "swapped": true, "error_lsq": 0.047869759770731275, "error_max": 0.29215810924251884, "target": "408.xyz", "model": "3.xyz", "model_rescale": 3.7530521520055578, "target_rescale": 3.7303951351248443},
{"mapping": [1, 3, 2, 6, 4, 9, 8, 7, 5, 10, 12], "R": [[0.648074048435489, -0.3356598437971065, -0.6836172152649009], [-0.5819645828454104, -0.797270049657334, -0.16024260430035425], [-0.4912405236317574, 0.5016900808083558, -0.7120321697511304]], "T": [-0.04040915175191243, -0.055107370427299636, -0.018911627669938452], "aligned_model": [[-0.4410291802507212, -0.10180625021550718, 0.31859163404134605, 0.4934524868713283, 0.14387026287214122, -0.2517317894151013, -0.086600918352536, -0.6813587967171443, -0.35312289484005027, 0.24266186273938015, 0.055273185712069274], [-0.6319829221011073, 0.23014018488065158, -0.3764358646111251, 0.24447871696339535, -0.6814065680850331, 0.5478955024265967, -0.3481247601036345, -0.028250427672491314, 0.2376782823005566, 0.3789004436339577, -0.10568922931742032], [-0.14161547458409204, -0.7428299861994296, -0.6334205019144238, -0.2671727094206741, 0.18816707381727357, -0.0860213047704322, 0.6206759467900237, 0.11879322846276491, 0.6904761332604101, 0.40718510807882824, -0.0614067362749328]], "inverted": true, "swapped": true, "error_lsq": 0.044378739546551915, "error_max": 0.19927810517773617, "target": "408.xyz", "model": "4.xyz", "model_rescale": 3.7855080009869324, "target_rescale": 3.7303951351248443},
{"mapping": [5, 3, 10, 7, 9, 12, 8, 1, 14, 6, 13, 15, 16], "R": [[0.5009461466723517, 0.6616746074561539, -0.5578885838425693], [0.45531198529877726, -0.7496711674468317, -0.4802958845776119], [-0.7360325768452161, -0.013410986043140255, -0.6768132617465041]], "T": [0.0793951005439518, -0.03720189816964874, -0.04857703903006344], "aligned_model": [[-0.3061233563425574, -0.28540512068042023, -0.6354673002740793, -0.19024862171122583, -0.410582128553738, 0.6298993503502232, -0.24359640254701445, 0.707203235032009, 0.09890910769408662, 0.3503519735949703, 0.3455139073284592, -0.40725452515216265, 0.07097938430877736], [-0.050734507463230424, -0.5333976069946295, 0.09444789911165057, 0.5238189535831227, -0.5310763789172978, -0.2609433252430842, 0.4621945050703477, -0.26830058546182706, -0.5181691354233897, 0.5537758421989414, 0.27980931411193277, -0.03342149432955657, -0.08233274048756187], [-0.7601215791010667, -0.36971131396434126, -0.09960989949034024, -0.4656110170496922, 0.10283079260698391, 0.2830102161027747, 0.32770689010538795, -0.40291343568136345, 0.4268039857766881, -0.10692728669202461, 0.5460256105088959, 0.6166116237134422, -0.020664049442600023]], "inverted": true, "swapped": false, "error_lsq": 0.04186437817135553, "error_max": 0.2312420613532456, "target": "408.xyz", "model": "5.xyz", "model_rescale": 4.2253639853439635, "target_rescale": 3.7303951351248443},
{"mapping": [12, 9, 7, 11, 0, 10, 6, 8, 1, 5, 2, 4, 13], "R": [[0.863629355512791, -0.503957504116034, 0.013083208387053291], [0.23486427299723633, 0.3792508998415943, -0.8949902391863394], [0.44607522859495463, 0.7760126216850336, 0.44589382303355624]], "T": [-0.013919549358377315, -0.04940334789222642, 0.03334041674428237], "aligned_model": [[-0.556393916022376, -0.040082999481917, -0.7771840898581884, 0.06512800814145933, -0.6252504045730146, 0.6832696575406642, -0.2702634480915511, 0.5795150628048222, 0.21117755866291626, 0.43312734290354443, 0.1646178446138855, -0.08941171461091048, -0.05406939898200742], [0.12654506725803896, -0.5312867031403681, 0.13880479387537725, 0.433722731209941, -0.5673271212339432, -0.05519919087283334, 0.5404103123306578, -0.2741197284495477, -0.6849395223922726, 0.3979260449714478, 0.36646134453723034, -0.2315810215149491, -0.02374626682336125], [-0.705650436506037, -0.3404246609419691, -0.0734123472241957, -0.57155169277432, 0.06638886295008323, 0.38320623727662384, 0.022132387485329252, -0.3450810215948018, 0.3233935925940973, 0.0052912304840865565, 0.528671183587388, 0.7130635518702121, 0.07140365018624764]], "inverted": true, "swapped": false, "error_lsq": 0.053134215110201805, "error_max": 0.2909144372241655, "target": "408.xyz", "model": "6.xyz", "model_rescale": 3.89814844738969, "target_rescale": 3.7303951351248443},
{"mapping": [2, 1, 10, 4, 5, 3, 11, 0, 6, 7, 8, 9, 12], "R": [[-0.0816367433399072, -0.981349642099822, -0.1740354046951525], [0.5443207340310945, -0.19017662138895036, 0.8170359791226667], [-0.8348954309616894, -0.028030922703957073, 0.5496943575585074]], "T": [0.04086651921970681, 0.046717875172715875, -0.029825387117927454], "aligned_model": [[-0.35521755543642214, -0.05891171668072116, -0.6861176068821477, -0.11287155068649911, -0.40344241426449706, 0.7869610501321749, -0.18652459204085847, 0.4121322987904497, 0.22019413576700858, 0.5498583083456146, 0.21169946657119976, -0.5456886876185094, -0.10789163294946517], [-0.0793636682477316, -0.7005634443136564, 0.11413438579660708, 0.4962122104314432, -0.5758299953638231, -0.14395020255346147, 0.713968770776588, -0.27332514296260113, -0.48220274237590166, 0.44807574895728663, 0.18441391044055921, -0.15511632161607997, 0.08921723078618879], [-0.6032089365274674, -0.41246300317409323, -0.10632870432279008, -0.4655032920156895, 0.1028408276519912, 0.2138353847527613, 0.3681820174093323, -0.36260846200436847, 0.3515673727808828, -0.1352478481947394, 0.6101298287256914, 0.6129512656723033, -0.0967159133610697]], "inverted": false, "swapped": false, "error_lsq": 0.04572016857098405, "error_max": 0.33034375480695183, "target": "408.xyz", "model": "7.xyz", "model_rescale": 3.7474275329858107, "target_rescale": 3.7303951351248443},
{"mapping": [1, 12, 4, 2, 11, 6, 8, 0, 7, 3, 5, 9, 14], "R": [[-0.8771506421461148, -0.24835430783507123, -0.41100716388211717], [0.4073540314900835, -0.8380482393007875, -0.3629570796025703], [-0.25430187575288327, -0.48579346062355877, 0.8362626797866519]], "T": [-0.08318271458055217, -0.14203543480399142, -0.0627345034041267], "aligned_model": [[0.01999652129053585, -0.35037012262557615, -0.6992175019807474, -0.2210503483985662, -0.3289721218340915, 0.696363113368384, -0.2725612270223603, 0.4848284778466462, 0.1869689033793483, 0.40765539342556784, 0.2382166730414707, -0.31437376384934623, -0.12330449359393739], [-0.008839245979257837, -0.6222936852364003, 0.3379473897717188, 0.5605142538736845, -0.5993865196130987, -0.1635763695171684, 0.44527367437398113, -0.17153735482954147, -0.4160352299188367, 0.37934625941500655, 0.1564399339210157, -0.14533707086977507, -0.11684529563591017], [-0.7951378353309257, -0.3431012644032493, -0.11114395155885251, -0.5054600914766585, 0.27916827239003617, 0.179716292958424, 0.22780655248716872, -0.3954598550369711, 0.4992440082088069, -0.025672155301069616, 0.5035131031449407, 0.6631306617785551, -0.09917320046746002]], "inverted": false, "swapped": false, "error_lsq": 0.05097678252124582, "error_max": 0.3813007046803181, "target": "408.xyz", "model": "8.xyz", "model_rescale": 4.019505241142653, "target_rescale": 3.7303951351248443},
{"mapping": [10, 1, 6, 11, 2, 7, 5, 9, 0, 8, 4, 3, 12], "R": [[0.2946359747923808, 0.6706486268494087, -0.6807496321432323], [-0.8585633248133115, -0.12701454240106289, -0.4967256016194059], [-0.41959344566336565, 0.7308198993757975, 0.5383712613361651]], "T": [-0.07154308401463046, -0.046740090877253795, -0.049698735162717445], "aligned_model": [[-0.41388339618432496, -0.0018611954695634675, -0.7209816166308248, -0.014349405930119699, -0.5025937304033702, 0.7649112325286447, -0.3251463025557703, 0.3851651791846203, 0.18831853429650575, 0.494529530025364, 0.31020763017158787, -0.3639783726218742, -0.07615858336354736], [-0.26528743674907085, -0.6363918199837645, 0.15794752911551996, 0.5172163766656933, -0.3408223598654622, -0.2221415449586357, 0.46463766967808656, 0.04510599135636549, -0.4609151353444679, 0.3208916387607177, 0.09496013776797517, -0.030371141437289376, -0.009159165250249804], [-0.8701985380229795, -0.37181761840468397, -0.30345926901681236, -0.3064700534532062, 0.22901818490360148, 0.24890216289011036, 0.3034342606008297, -0.550020552530601, 0.37876018928674277, -0.07305763889175931, 0.6726461330708173, 0.7581839711834433, -0.03849069422275812]], "inverted": true, "swapped": false, "error_lsq": 0.052915827304761624, "error_max": 0.3918948217771443, "target": "408.xyz", "model": "9.xyz", "model_rescale": 3.877068213659057, "target_rescale": 3.7303951351248443},
{"mapping": [5, 3, 1, 0, 4, 14, 8, 6, 13, 11, 9, 2, 15], "R": [[0.4635438108979544, 0.6961808966418195, 0.5481416737753062], [-0.20251195826701113, 0.685483322409995, -0.699357935149531], [-0.8626216100568442, 0.21317779867694364, 0.45873650826393864]], "T": [0.034535911925462376, -0.058354732584290206, -0.0014141900067003964], "aligned_model": [[-0.4074148697249017, -0.1017667283079724, -0.7445181995812227, -0.15334974641352592, -0.5083839709720894, 0.5902701966253918, -0.22179762340771367, 0.48815407401306765, 0.29292467519419907, 0.34356094680268057, 0.2451248631011744, -0.11557505560789996, 0.016950941326139335], [-0.08702569515066207, -0.5482904456694084, 0.2061392470100235, 0.5394124205518128, -0.4526176829146162, -0.1929019381779481, 0.6032442514550266, -0.3633426617594901, -0.7125393623247226, 0.5859665618737909, 0.25558263727728786, -0.20575857013375332, 0.007801977718077141], [-0.645504963692118, -0.3810797402445338, -0.27713911870616936, -0.4924737033611144, 0.08738562134617696, 0.5301664726538042, 0.30174061993343126, -0.2869268888600689, 0.3193913791337022, -0.185829139483962, 0.5396411910281448, 0.6279459326984121, -0.05988712505296101]], "inverted": false, "swapped": false, "error_lsq": 0.041355494942303145, "error_max": 0.23506372577040363, "target": "408.xyz", "model": "10.xyz", "model_rescale": 4.260839863003843, "target_rescale": 3.7303951351248443},
{"mapping": [10, 11, 4, 8, 1, 7, 9, 6, 2, 0, 3, 12], "R": [[-0.2150000282094791, 0.8977704097133643, 0.3844259087431817], [0.6397571326469333, 0.4268841869384317, -0.6391249503573524], [-0.7378928100322546, 0.10852733473651693, -0.6661351353274281]], "T": [-0.0026968864598375026, 0.05857403197349805, -0.1148869380885082], "aligned_model": [[0.3592323110112659, 0.2333439099824986, -0.3400173087427509, -0.4068636865863823, -0.6261508259262003, -0.4749493432907575, 0.26089158473435065, 0.6383513285113442, 0.21374198744515635, -0.2868211375907107, 0.3445215081818446, 0.04361832136447174], [-0.028307733774859324, -0.6439108134238709, -0.5276404707391736, -0.3145550851471624, 0.033830260989596427, 0.4800281795696253, 0.6000408719080889, -0.04858291928215123, -0.17364270271440116, 0.28769884055588446, 0.5330948855522729, -0.024974807960915328], [-0.673017052779953, -0.4499210672791907, -0.0069116364184211715, -0.5558960026101156, 0.230121720588701, -0.28767116378316493, -0.33873556936480365, 0.003300250487319162, 0.598544434850385, 0.6465646989052369, 0.39839944130049126, -0.04859997650098005]], "inverted": false, "swapped": true, "error_lsq": 0.04534715419374985, "error_max": 0.23228574413822828, "target": "408.xyz", "model": "11.xyz", "model_rescale": 3.890672605050136, "target_rescale": 3.7303951351248443},
{"mapping": [4, 3, 2, 10, 0, 5, 11, 7, 8, 12, 9, 6, 13], "R": [[-0.3929995259351403, -0.46151151964503134, 0.7953354574327043], [-0.3530451765497531, 0.8743693779049971, 0.33292235475705456], [-0.8490644710089503, -0.1499510193928747, -0.5065611669416922]], "T": [-0.12583630238712087, -0.042856079142036374, 0.14917402207364588], "aligned_model": [[-0.3368872204828922, -0.08164246029665292, -0.5912135485713745, -0.11370281980083649, -0.46672282450230684, 0.6426121948514044, -0.38754727769378583, 0.5361048458829379, 0.13369156233871096, 0.3949603921525012, 0.2956932504575708, -0.2600199138728252, -0.04114667741512429], [-0.06385728924038706, -0.780584005150822, 0.3401467116094013, 0.691473035684366, -0.5040609878794873, -0.03598651872718561, 0.42880510769461033, -0.2983305246764565, -0.6902455782444586, 0.3072919452323147, 0.4358065835068733, -0.14098459995201784, -0.05380314010133318], [-0.5187133209494708, -0.4047822645682639, -0.22804874324846341, -0.36087894984315644, 0.0085292534403687, 0.26922358711500133, 0.257826008392959, -0.323616517364484, 0.3300694883543075, -0.2524468323754415, 0.5952853394438866, 0.7009202461240294, 0.004063242871472028]], "inverted": false, "swapped": false, "error_lsq": 0.05120215633547102, "error_max": 0.2583866049589611, "target": "408.xyz", "model": "12.xyz", "model_rescale": 4.124412569039231, "target_rescale": 3.7303951351248443},
{"mapping": [11, 8, 2, 10, 1, 3, 4, 9, 6, 7, 0, 0, 12], "R": [[-0.5832628571828018, -0.5232389226973988, -0.6213094794105596], [0.6682184166538765, -0.7439647582557207, -0.0007655834989115096], [-0.46183177356645916, -0.4156169730027556, 0.7835648950000798]], "T": [0.10227601980711046, 0.025076768984127754, 0.07614928502495427], "aligned_model": [[-0.28606082916110254, -0.18182671620973237, -0.6941584445177056, -0.12857133581954228, -0.48048154854272485, 0.6158515111902021, -0.5101058137443534, 0.5211450014691608, 0.15958181218933598, 0.5111424849602908, 0.0861655684536485, 0.0861655684536485, 0.025332244326201694], [-0.01510324543743324, -0.4454310796689134, 0.02075464044790841, 0.48374726111199273, -0.47117947783067704, -0.2884034018408388, 0.45901799846503066, -0.2329918992461702, -0.641164747990119, 0.42697387957499555, 0.1274741612075256, 0.1274741612075256, 0.08450248975459093], [-0.8393467114223363, -0.38515768505253517, -0.2525891777223805, -0.45388896864064193, 0.3536157747800303, 0.45919467778682094, 0.3105842547762192, -0.33200584562959184, 0.09738844704654638, -0.17759192307475352, 0.6471331909426787, 0.6471331909426787, 0.0029613126600095407]], "inverted": false, "swapped": false, "error_lsq": 0.057792967177236095, "error_max": 0.43795487029059815, "target": "408.xyz", "model": "13.xyz", "model_rescale": 3.9028299243045295, "target_rescale": 3.7303951351248443},
{"mapping": [8, 5, 12, 2, 13, 7, 1, 4, 10, 6, 9, 14, 15], "R": [[0.7826236950431635, 0.5801893453737175, -0.22556700882842382], [0.5342479971989456, -0.44004537905862057, 0.7217611390606107], [0.3194984028847415, -0.6853760922909202, -0.6543549363076031]], "T": [0.005554062399566451, 0.0391939305492921, -0.11079293084252202], "aligned_model": [[-0.41062075562614964, -0.1920350022819072, -0.6891305858894899, -0.11119234054059207, -0.4974158072364786, 0.7386073165144852, -0.19897406074406543, 0.4338491965389749, 0.2255657417991197, 0.3541402892815454, 0.2719257159080095, -0.2692603566512668, 0.06872015197514228], [-0.0754566649051936, -0.39028504765543026, 0.02073431258404347, 0.5495752285034808, -0.5372036834473906, -0.14935715142313105, 0.6337914783397464, -0.43099278310483846, -0.5609528084450162, 0.5648391033728936, 0.21011416572685615, -0.2487366546048294, 0.049601244814226945], [-0.7512310007297028, -0.30728263147255663, -0.07456075043652066, -0.6285100134802462, 0.10701077117483306, 0.3869111699600803, 0.05297751443906017, -0.3449958476867474, 0.2723145666712436, 0.10506131851261237, 0.5967930157941295, 0.679538433837832, -0.016596009191272812]], "inverted": true, "swapped": false, "error_lsq": 0.04647761801087805, "error_max": 0.2552520471329696, "target": "408.xyz", "model": "14.xyz", "model_rescale": 3.942246331269136, "target_rescale": 3.7303951351248443},
{"mapping": [12, 1, 4, 13, 5, 7, 11, 0, 2, 8, 6, 9, 14], "R": [[-0.8536228687847971, 0.5151155020935745, -0.07735643082833077], [0.041305904373809404, 0.21498046891925787, 0.975744444128235], [0.519251211025526, 0.8297224942630768, -0.20478955628250178]], "T": [-0.1709065910878336, 0.009889182809948997, 0.04249938478468843], "aligned_model": [[-0.2019823981326138, -0.21105624066461212, -0.6960887751899315, -0.3436304650330207, -0.30323209594373474, 0.5428818304230051, -0.14861273107300282, 0.45739422181590583, 0.2308822343646493, 0.50321269014879, 0.11923461251666737, -0.11366654070846931, -0.11115683947630554], [-0.030939785969087693, -0.5882967233547141, 0.2616519120065467, 0.5486367520476066, -0.6076819001580078, -0.1479344008606977, 0.7223311335140881, -0.3134604573352723, -0.6188070640566206, 0.3742399047990575, 0.29853839882013244, -0.2128807512787867, -0.049726278418826625], [-0.7732478479336977, -0.5026639513682867, -0.024307640383593974, -0.5413219633306396, 0.10475270947928106, 0.4858697873641335, 0.12021987975911891, -0.1609719438852595, 0.20360397055706883, -0.06544815960065153, 0.42366745979367854, 0.8140299669595171, -0.006751730017924583]], "inverted": false, "swapped": false, "error_lsq": 0.05092228135794434, "error_max": 0.2584036412065147, "target": "408.xyz", "model": "15.xyz", "model_rescale": 4.355366556412066, "target_rescale": 3.7303951351248443},
{"mapping": [7, 9, 5, 4, 8, 1, 11, 2, 10, 3, 6, 12], "R": [[-0.3193079979443597, -0.9355748058653779, -0.15080512285305672], [0.9054177260585297, -0.254212177290707, -0.3399925150001388], [0.27975193258986825, -0.24510396069235382, 0.928257994668053]], "T": [-0.023575698529459455, -0.010693124827621438, 0.026852422823742346], "aligned_model": [[-0.16087400040161048, 0.5221809901256143, 0.04504796096715169, -0.6259978957002601, -0.44458016843763665, -0.6340460958453262, -0.10561573920206568, -0.12921701770052307, 0.36338386430340547, 0.38468628761857, 0.42593822809376086, -0.04309785918929934], [-0.6431711676768895, -0.34234803983609535, -0.606795220296878, 0.25656316815265773, -0.18463920140249687, -0.176925968341112, 0.4461036425208633, 0.603645215522796, -0.012435294888871153, 0.09587986474159862, 0.47336664659353556, 0.10353278265187257], [0.13465349783834202, 0.09705274161563351, -0.5447220728036417, -0.15956846245706163, -0.511258285227621, 0.35553247871290833, -0.6410204905265958, 0.49715342979602023, -0.521152752063129, 0.6834785796936077, 0.022728695495976232, 0.03638110113498215]], "inverted": true, "swapped": true, "error_lsq": 0.04475966555919158, "error_max": 0.23086974932944068, "target": "408.xyz", "model": "16.xyz", "model_rescale": 3.795458400668931, "target_rescale": 3.7303951351248443},
{"mapping": [2, 1, 10, 4, 5, 3, 11, 0, 6, 7, 8, 9, 12], "R": [[-0.0816367433399072, -0.981349642099822, -0.1740354046951525], [0.5443207340310945, -0.19017662138895036, 0.8170359791226667], [-0.8348954309616894, -0.028030922703957073, 0.5496943575585074]], "T": [0.04086651921970681, 0.046717875172715875, -0.029825387117927454], "aligned_model": [[-0.35521755543642214, -0.05891171668072116, -0.6861176068821477, -0.11287155068649911, -0.40344241426449706, 0.7869610501321749, -0.18652459204085847, 0.4121322987904497, 0.22019413576700858, 0.5498583083456146, 0.21169946657119976, -0.5456886876185094, -0.10789163294946517], [-0.0793636682477316, -0.7005634443136564, 0.11413438579660708, 0.4962122104314432, -0.5758299953638231, -0.14395020255346147, 0.713968770776588, -0.27332514296260113, -0.48220274237590166, 0.44807574895728663, 0.18441391044055921, -0.15511632161607997, 0.08921723078618879], [-0.6032089365274674, -0.41246300317409323, -0.10632870432279008, -0.4655032920156895, 0.1028408276519912, 0.2138353847527613, 0.3681820174093323, -0.36260846200436847, 0.3515673727808828, -0.1352478481947394, 0.6101298287256914, 0.6129512656723033, -0.0967159133610697]], "inverted": false, "swapped": false, "error_lsq": 0.04572016857098405, "error_max": 0.33034375480695183, "target": "408.xyz", "model": "17.xyz", "model_rescale": 3.7474275329858107, "target_rescale": 3.7303951351248443},
{"mapping": [1, 2, 0, 3, 6, 12, 8, 7, 9, 10, 5, 4, 13], "R": [[-0.5790112941972254, 0.6346001964067453, 0.5118872062403732], [-0.814050827941056, -0.414958319759421, -0.40636294416558116], [-0.04546614917205166, -0.651990938267518, 0.7568623690582762]], "T": [0.05211971814995253, 0.007343549133018826, -0.08064743135996419], "aligned_model": [[-0.16903573712129494, -0.31803261940492694, -0.7810228626054027, -0.057024393156855896, -0.3423143859997505, 0.7308730171537307, -0.3131864427076183, 0.514380213435836, 0.17784158964327762, 0.41090234036025636, 0.3068073491719492, -0.40065625169108054, -0.035352314030792475], [0.024698696939385232, -0.5435639894437124, -0.015228900258626773, 0.5871411705831944, -0.5538120590729732, -0.16359413186492155, 0.5598867444532881, -0.45129820427550704, -0.5056392286145953, 0.5706551849433895, 0.1945925022135333, -0.01722035323791547, -0.05094669260912081], [-0.7358630296618232, -0.33228378555320925, -0.14777652670346594, -0.4160747147419217, 0.2722334725196821, 0.18262275612816334, 0.1988196997368236, -0.4593059299635208, 0.33016499130837806, 0.0936924706246334, 0.5699614963723165, 0.6147778758121495, -0.09353823848546115]], "inverted": false, "swapped": false, "error_lsq": 0.04827391187475106, "error_max": 0.23500657275811865, "target": "408.xyz", "model": "18.xyz", "model_rescale": 3.922800546911778, "target_rescale": 3.7303951351248443},
{"mapping": [10, 9, 4, 6, 7, 0, 8, 2, 3, 1, 5, 12, 14], "R": [[-0.28640889750968873, 0.40382961154754893, -0.868844973665982], [-0.6166811659178876, -0.7717216229422637, -0.15540294812362476], [-0.7332627653368471, 0.4912915443203911, 0.47006205489259145]], "T": [-0.11567411270551763, 0.038457790123922364, 0.03630658082034238], "aligned_model": [[-0.2551911313735326, -0.014416055944320286, -0.6587244547993214, -0.14356537085089005, -0.42724049691762556, 0.6531219234988983, -0.27776583301603097, 0.3205588846686941, 0.1644011175020444, 0.46106863472285586, 0.288632708835904, -0.24488871284055347, -0.14181171043879504], [-0.05941122852400499, -0.6549313813431751, 0.2923851055123408, 0.5788397820822767, -0.6662064038133126, -0.17839872748361782, 0.5792255312406733, -0.2727117160901761, -0.4625036798130565, 0.44646777771100454, 0.2717183407703142, -0.1858468136867921, -0.05295584680705638], [-0.7520824753912381, -0.37806215442412827, -0.36926016281576807, -0.3914517065328088, 0.24746003466478148, 0.2820066849399528, 0.27228789024099115, -0.43909143473312157, 0.3186976476901495, -0.18477864540205002, 0.640176790180707, 0.7790077834501581, 0.05252028552511924]], "inverted": false, "swapped": false, "error_lsq": 0.03555209575481731, "error_max": 0.20611780051817455, "target": "408.xyz", "model": "19.xyz", "model_rescale": 3.9282355846067225, "target_rescale": 3.7303951351248443},
{"mapping": [12, 10, 7, 9, 2, 0, 6, 11, 1, 4, 3, 5, 13], "R": [[-0.961261173438674, -0.1688850574746058, 0.21784121235685103], [-0.21185935266742018, 0.9582633932874989, -0.19195542131565377], [-0.17633085698948234, -0.23067099177600883, -0.9569212728466368]], "T": [-0.06712040764093567, 0.13199340949859248, -0.017037274647724046], "aligned_model": [[-0.4769878104713899, -0.012021448801929624, -0.6832602146214289, -0.021582936830689015, -0.4651148816385078, 0.6250193680187478, -0.30980686539492025, 0.5159670048531376, 0.11573093206862912, 0.491566522958996, 0.30660683569444214, -0.3547482377181483, -0.0071887650696110805], [-0.027016115538370022, -0.6169495535500563, 0.11192941704427713, 0.3083713591576517, -0.5629110231257521, -0.24294134643892293, 0.5711939474355102, 0.0010661202916185109, -0.44552361135422947, 0.41375106776140325, 0.12490771757700156, 0.011782921411308697, -0.01199016091602223], [-0.744717855886569, -0.43927286270992555, -0.10685348053762052, -0.6843018270286048, 0.17641669544932848, 0.12636233461491442, 0.4013527643778361, -0.41229704449261284, 0.42402992487895935, 0.07155945512768241, 0.6361340732392515, 0.6078705762931031, 0.021147784067001713]], "inverted": false, "swapped": false, "error_lsq": 0.05312158295971558, "error_max": 0.33864088265321485, "target": "408.xyz", "model": "20.xyz", "model_rescale": 4.067790424073018, "target_rescale": 3.7303951351248443},
{"mapping": [4, 5, 6, 2, 13, 9, 3, 7, 10, 0, 12, 11, 14], "R": [[-0.6808011122892992, -0.543351460605566, 0.4912016243493616], [-0.2172312077825625, 0.7902176575407743, 0.5730328577630612], [-0.6995144372141167, 0.2834170848212394, -0.6560139542421701]], "T": [-0.020724676797355897, -0.07123438703640927, -0.07522523912628934], "aligned_model": [[-0.36255141481489006, -0.2047782088931091, -0.731090969361033, -0.21896598806454703, -0.3059997562417977, 0.5908003073516801, -0.23397722752415906, 0.6931920421585962, 0.12923881116888292, 0.4029330718869716, 0.2840149611297847, -0.3200746203615079, 0.0014384946124555188], [0.004887941822559055, -0.5067993220283882, 0.12390188935951929, 0.5588134193917241, -0.6492975171417147, -0.3231946949628682, 0.6626206513715286, -0.1532382918827582, -0.5950369100263332, 0.45782643875341733, 0.19312440476867904, -0.02999786245490449, -0.1079394072150429], [-0.7962192522509877, -0.4285998358171049, -0.1449279415060371, -0.41795264634825924, 0.1978766681135211, 0.33294518662748274, 0.29857303382667133, -0.27587975612978266, 0.5366805467101077, -0.2875146267915065, 0.5761287730430351, 0.49637025972558746, -0.010049871809982916]], "inverted": true, "swapped": false, "error_lsq": 0.04495934029249089, "error_max": 0.2905840541806504, "target": "408.xyz", "model": "21.xyz", "model_rescale": 4.186013935880536, "target_rescale": 3.7303951351248443},
{"mapping": [2, 8, 5, 0, 11, 10, 6, 9, 10, 1, 7, 4, 12], "R": [[-0.8809726065782256, 0.4437400162384954, -0.16426218203660548], [-0.23800171717364807, -0.7156092016053747, -0.656702865229103], [-0.4089528690218005, -0.5394425535368695, 0.7360429894730741]], "T": [-0.1055703941505172, -0.013079362241914838, -0.027826239190608858], "aligned_model": [[-0.2705749284401511, -0.135503293472971, -0.7794153931865551, -0.1677712985885623, -0.40468743194945345, 0.4497602982309735, -0.2968145790568216, 0.36663171089939584, 0.4497602982309735, 0.4147945069340545, 0.3959005779790664, -0.1588179412966791, -0.13908302323594293], [0.052194767151358366, -0.5753605892082073, 0.15576660710244047, 0.666230040323955, -0.5534768731901364, -0.3453884990235023, 0.3812303172744281, -0.38620854898664986, -0.3453884990235023, 0.41409569927836404, 0.3183764289466079, -0.12820850002478087, -0.01819161086495716], [-0.747695668018367, -0.5480300204562286, -0.3683592508431404, -0.2654356331106759, 0.1043308891499232, 0.4989354643798349, 0.31539145760901255, -0.18030752402247185, 0.4989354643798349, -0.3139469697690411, 0.39287277730438386, 0.6873843096163538, 0.0033552411733262233]], "inverted": false, "swapped": false, "error_lsq": 0.05920554931491655, "error_max": 0.3763107852409017, "target": "408.xyz", "model": "22.xyz", "model_rescale": 4.166573947596378, "target_rescale": 3.7303951351248443},
{"mapping": [13, 5, 14, 10, 6, 4, 9, 0, 2, 8, 3, 11, 15], "R": [[0.6560521179243314, 0.6230896223541325, 0.4258578883636936], [-0.039335649206289125, 0.5917256673961502, -0.8051791361219571], [-0.7536898070615785, 0.5114880810528879, 0.41271251213443394]], "T": [-0.05499085649418921, -0.022533854480713836, 0.056408852413548774], "aligned_model": [[-0.4878437553194419, -0.0842862340992394, -0.7422581313704284, -0.2416439481931545, -0.31762900314565523, 0.648724758905824, -0.15004773073897143, 0.6103899955853067, 0.13037558355025175, 0.5632974260236477, 0.21005696600935014, -0.379235395470257, -0.035721028689905135], [-0.05391655230156252, -0.48324463278610547, 0.2968050816844242, 0.3714890450096228, -0.735390209101887, -0.11940264001615343, 0.533282620827934, -0.2666235937031513, -0.5134742844558322, 0.4951641888844727, 0.09578802297037682, 0.0972677198372894, -0.08207402709401013], [-0.6705482530278969, -0.6349299507832367, -0.17088852978288505, -0.5525638983237272, 0.10073326517400659, 0.24417009547415386, 0.26251902372097646, -0.34910845144696634, 0.47762852943515755, -0.005133619247793292, 0.5828841482429407, 0.7653562335085983, 0.02731194444941611]], "inverted": true, "swapped": false, "error_lsq": 0.047571481478075266, "error_max": 0.25506790561315523, "target": "408.xyz", "model": "23.xyz", "model_rescale": 4.274766983524099, "target_rescale": 3.7303951351248443},
{"mapping": [9, 7, 5, 10, 8, 11, 6, 4, 2, 1, 12], "R": [[-0.2969466256434564, 0.29633745546401175, -0.9077482106884486], [0.44499448400245656, -0.7981484337187476, -0.4061268114267977], [-0.8448683984659106, -0.5245409328559831, 0.10513895107058313]], "T": [0.08452093889437945, 0.06154323174699253, -0.001884415374263905], "aligned_model": [[0.16765965097359048, 0.1633954530176337, -0.5041746950965187, -0.44501036869936533, -0.47804790980297623, -0.5697256432238791, 0.11808881179109529, -0.11951485030068079, 0.571075244192984, 0.3789417328039469, 0.097207278302245], [-0.05116138804846729, 0.6295897923534907, 0.42677211956588934, -0.2259974197055998, 0.4406749490615879, -0.2616159202309799, -0.5980999146184097, 0.25327581792307385, -0.29836161735647027, 0.6103964169191123, -0.009886304619743796], [-0.6289083813038631, -0.32063555052937065, -0.4566256922998035, -0.29678673507926795, 0.1900545508608771, 0.35725017722315117, -0.013621324079065293, 0.6231749325090511, 0.49156074823264834, 0.34512368343750305, 0.08898002504971689]], "inverted": false, "swapped": true, "error_lsq": 0.05203337330309146, "error_max": 0.2911573908198175, "target": "408.xyz", "model": "24.xyz", "model_rescale": 3.7841303162186577, "target_rescale": 3.7303951351248443},
{"mapping": [4, 6, 8, 2, 7, 13, 9, 3, 11, 12, 14, 10, 15], "R": [[-0.0856261724788222, -0.11404806413899712, -0.9897783578421862], [0.9962618001407142, 0.0015932241885018295, -0.08637063862834954], [0.011427342954981934, -0.9934739557244732, 0.11348530799251877]], "T": [-0.17765523637249991, -0.03800144682813199, 0.0005115940957972909], "aligned_model": [[-0.15625993367845248, -0.06739113917772233, -0.6540568508604796, -0.20058491190342131, -0.4399691395861673, 0.572519057723497, -0.13485232776415634, 0.4415224555002486, 0.21490350288228444, 0.40740497099581907, 0.2305526050532971, -0.33578967159051737, -0.15381911454690203], [-0.07603053644419755, -0.6360659740985213, 0.2649574811996971, 0.592862222384333, -0.5686541200079978, -0.11897534063508912, 0.49613345998234337, -0.2991530688426312, -0.6355715577370944, 0.44326914796413686, 0.3468836445716986, -0.08294595020505822, -0.09103866837620173], [-0.7443376337509922, -0.3896000595800386, -0.17474585447726113, -0.41213630517797106, 0.26959283968554937, 0.20710722393910563, 0.2350505479336496, -0.443808902662436, 0.2802170962684053, -0.03491544036337253, 0.5613402550317349, 0.760925032490779, -0.037258261944407615]], "inverted": true, "swapped": false, "error_lsq": 0.03931824790463158, "error_max": 0.22619659928860616, "target": "408.xyz", "model": "25.xyz", "model_rescale": 4.19342608120988, "target_rescale": 3.7303951351248443},
{"mapping": [7, 9, 5, 4, 8, 1, 11, 2, 10, 3, 6, 12], "R": [[-0.3193079979443597, -0.9355748058653779, -0.15080512285305672], [0.9054177260585297, -0.254212177290707, -0.3399925150001388], [0.27975193258986825, -0.24510396069235382, 0.928257994668053]], "T": [-0.023575698529459455, -0.010693124827621438, 0.026852422823742346], "aligned_model": [[-0.16087400040161048, 0.5221809901256143, 0.04504796096715169, -0.6259978957002601, -0.44458016843763665, -0.6340460958453262, -0.10561573920206568, -0.12921701770052307, 0.36338386430340547, 0.38468628761857, 0.42593822809376086, -0.04309785918929934], [-0.6431711676768895, -0.34234803983609535, -0.606795220296878, 0.25656316815265773, -0.18463920140249687, -0.176925968341112, 0.4461036425208633, 0.603645215522796, -0.012435294888871153, 0.09587986474159862, 0.47336664659353556, 0.10353278265187257], [0.13465349783834202, 0.09705274161563351, -0.5447220728036417, -0.15956846245706163, -0.511258285227621, 0.35553247871290833, -0.6410204905265958, 0.49715342979602023, -0.521152752063129, 0.6834785796936077, 0.022728695495976232, 0.03638110113498215]], "inverted": true, "swapped": true, "error_lsq": 0.04475966555919158, "error_max": 0.23086974932944068, "target": "408.xyz", "model": "26.xyz", "model_rescale": 3.795458400668931, "target_rescale": 3.7303951351248443},
{"mapping": [2, 9, 3, 0, 4, 8, 7, 1, 11, 6, 5, 10, 12], "R": [[-0.15706584348506353, 0.2515168471581637, -0.9550233486182119], [0.5032888172155261, 0.8524172914744776, 0.14172200838653343], [0.8497238888463255, -0.45839288475164264, -0.2604712574027025]], "T": [0.029506180644372233, -0.14366236923305634, -0.03389109067592481], "aligned_model": [[-0.2106709453955249, -0.14244139132374867, -0.6561696191643638, -0.22701223325245015, -0.5840765939542939, 0.707937422160801, -0.32940216065371186, 0.4541556592604261, 0.09487774629130087, 0.6193189853356359, 0.294506129949127, -0.2866990527062236, -0.010144443499646712], [-0.12288403277633482, -0.41835491789907464, 0.09268272823995055, 0.48518243863510524, -0.5753572614211033, -0.2102780523361141, 0.49990502943274906, -0.060276530299607806, -0.7160078700276077, 0.43276283148460604, 0.3035834221320364, -0.0795075267827144, 0.004220481373527457], [-0.8804831546361943, -0.3155865402611876, -0.17197168781028735, -0.5135010395323134, 0.334916286434591, 0.22310134385350336, 0.30847407190724807, -0.4377138150584287, 0.39004496329735766, -0.0016141162871400397, 0.5107250097608177, 0.6013921808660694, 0.029647034858708614]], "inverted": true, "swapped": false, "error_lsq": 0.045774108209341066, "error_max": 0.2609828134439086, "target": "408.xyz", "model": "27.xyz", "model_rescale": 3.6321398670334006, "target_rescale": 3.7303951351248443},
{"mapping": [7, 12, 4, 3, 6, 10, 1, 8, 9, 0, 11, 13, 14], "R": [[0.577727341256134, -0.8006575297414902, 0.15867778430950266], [0.7880156507535825, 0.4964451941749632, -0.364106445078896], [0.21274974343704048, 0.3353948259124424, 0.9177406264400829]], "T": [0.035832876369056896, 0.035056728454030184, 0.006112905502538572], "aligned_model": [[-0.23984922893095484, -0.10239200769435004, -0.77138757374809, 0.029025904768425453, -0.531796016194539, 0.7804663282252535, -0.4266720653296123, 0.3025976285976887, 0.18174714217446414, 0.5032252013235243, 0.30670387088999235, -0.3029057897215605, -0.004583891312914555], [-0.058578399769736, -0.6730051597254484, 0.09675109104740931, 0.5298137075309093, -0.4609243673540399, -0.14718951184808582, 0.5028450903850274, -0.15189386651990003, -0.5016424445038716, 0.448293367869675, 0.11398286418016557, -0.1176116141500553, 0.05482998261336812], [-0.7123014760237005, -0.39768404197641255, -0.17011479633771798, -0.47004807227136686, 0.1950775320039504, 0.13641625645359717, 0.12665511177291244, -0.39503003386178975, 0.3765655826436307, 0.01995446025510302, 0.5831097909753218, 0.7330419427377562, 0.05178828102146048]], "inverted": true, "swapped": false, "error_lsq": 0.042558141228490665, "error_max": 0.2329168145006229, "target": "408.xyz", "model": "28.xyz", "model_rescale": 4.156811204709835, "target_rescale": 3.7303951351248443},
