[{"mapping": [4, 2, 6, 3, 5, 8, 11, 0, 1, 9, 13], "R": [[-0.17893947413018957, 0.9823931224598523, -0.053706773703074806], [0.751096139648205, 0.1716604217907689, 0.6374851281372611], [0.6354803329793739, 0.07373230319335883, -0.7685885075007478]], "T": [-0.09011906733067075, 0.04327680088106883, 0.17839493426942182], "aligned_model": [[0.27891387720006977, -0.45914162895930427, 0.2354964075757246, -0.273033448765143, 0.2681033532674644, 0.6451290758854618, 0.5105734180519633, -0.8188521429780248, -0.49807795555551826, -0.2392740058250376, 0.01370811355198727], [-0.08185463913440483, -0.18227536558492768, -0.5492744355103585, -0.43114575005810235, -0.395733816760873, 0.01616385488421422, 0.2848011803410855, 0.22303277794988308, -0.033769793961693495, 0.6572710883312167, 0.14547859671420418], [-0.6942797102469098, -0.45737767808600255, -0.1785418653746147, 0.05729217615654322, 0.679740758446757, -0.08476696965913216, 0.43896422059182916, -0.0006255331252612018, 0.5792408911711391, -0.19242441671641025, 0.105493825266601]], "inverted": false, "swapped": false, "error_lsq": 0.047877159601715576, "error_max": 0.28776199361344573, "target": "409.xyz", "model": "0.xyz", "model_rescale": 3.8414455957264533, "target_rescale": 3.702275742396752},
{"mapping": [5, 6, 4, 9, 0, 3, 11, 8, 13, 10, 14], "R": [[0.7491361054842293, 0.3239664812525664, 0.5777895936106439], [-0.3394978830938726, -0.561204381234731, 0.7548449045053709], [0.5688024989701623, -0.7616399159102507, -0.31043252996025594]], "T": [-0.020516698369113292, -0.10773322748655748, 0.024161737345172466], "aligned_model": [[0.15851897563326814, -0.4381483930612641, 0.3938186428990297, -0.5893953568264253, 0.3325453484759039, 0.6861946050978728, 0.2099869318860582, -0.6887198956658511, -0.3842533469891096, -0.06102289181708309, 0.044020443817243335], [0.004024171866171405, -0.12049044173049857, -0.44698087727142377, -0.4672442561607638, -0.42737506163941497, 0.028893164541104938, 0.4155447846877377, 0.3035876344912736, -0.05773306219419619, 0.4657650218149175, -0.04529738119466366], [-0.600161332953308, -0.6357232487372046, -0.07099335678986093, 0.13658314192127874, 0.5706904725862126, -0.28449542617700024, 0.6560743899674154, 0.11701664095721948, 0.6875188316471479, -0.34710677296897896, 0.023312358971617483]], "inverted": true, "swapped": false, "error_lsq": 0.045127174303298, "error_max": 0.20550243876574012, "target": "409.xyz", "model": "1.xyz", "model_rescale": 4.316132596720782, "target_rescale": 3.702275742396752},
{"mapping": [5, 9, 0, 1, 2, 4, 6, 10, 8, 3, 11], "R": [[-0.7925914430681081, -0.43395214095006174, -0.42835072515413325], [-0.3723608898756843, 0.9007623802459278, -0.22354977527315747], [0.48285212235859815, -0.017682581784015453, -0.8755233601882072]], "T": [-0.1139480229107461, -0.007475403855164816, -0.05797707783864793], "aligned_model": [[0.13653623111213722, -0.5835996392402579, 0.2879241648362618, -0.3766038773438112, 0.2489412078830592, 0.6402494822958881, 0.1479462650714314, -0.5920779243014526, -0.355922295711075, 0.12780926939328907, -0.017657820545827208], [-0.039433047331803, -0.2893249849305884, -0.5563542235573956, -0.4606014694292365, -0.48671014716335154, 0.08600484193693665, 0.566880923965826, 0.30699653841965313, -0.08614130002578292, 0.556038474855886, 0.05533809047009983], [-0.6512697791480591, -0.557916752358182, -0.2608189980232207, 0.08445162093447824, 0.524578386237708, 0.07155013136266407, 0.4689215401267107, 0.20609676317425174, 0.6647235821135324, -0.2925458928097771, -0.005054903185567727]], "inverted": false, "swapped": false, "error_lsq": 0.04460698578133964, "error_max": 0.22950909183881044, "target": "409.xyz", "model": "2.xyz", "model_rescale": 3.795458400668931, "target_rescale": 3.702275742396752},
{"mapping": [10, 2, 5, 6, 9, 4, 7, 1, 8, 0, 11], "R": [[-0.5407621601230161, -0.7882955659802621, 0.29354111608929334], [-0.09197406282255455, 0.40228301400382344, 0.9108837183811733], [-0.8361322012379397, 0.4655732781204889, -0.29004217754171485]], "T": [-0.05430262463682676, -0.04002528235062551, -0.0025081865407437995], "aligned_model": [[0.20096437142617288, -0.565956816263507, 0.3665425596149474, -0.5014065356796087, 0.3911788648434569, 0.5331780539759301, 0.21329011454595556, -0.5698100863545751, -0.4501259195442133, 0.03439681128618229, 0.011293645598902134], [-0.17595344294702747, -0.14008430620616197, -0.598159117939538, -0.4130849618011173, -0.3963706746390383, 0.12624109512417986, 0.4054599790866688, 0.3092649818441219, -0.23668720316555059, 0.6920804039994585, 0.07998694385424802], [-0.6773215172315461, -0.5645789039339416, -0.07462315039792913, 0.08816079889224915, 0.6525634482691588, -0.197896715635204, 0.557169671154889, 0.08978054631294319, 0.6418604541777346, -0.26396873472450605, 0.0015698015406908697]], "inverted": true, "swapped": false, "error_lsq": 0.040171597417215044, "error_max": 0.20137105949725168, "target": "409.xyz", "model": "3.xyz", "model_rescale": 3.7530521520055578, "target_rescale": 3.702275742396752},
{"mapping": [6, 8, 4, 9, 2, 0, 1, 5, 3, 7, 10], "R": [[-0.1700474609322446, -0.9114900954198648, -0.3745259229772789], [-0.8409762193368673, 0.3323359303206478, -0.42697989171362527], [0.513656363282269, 0.24236054829405596, -0.8230543755367797]], "T": [-0.08180579482176725, -0.06246912329807343, 0.0725624861323363], "aligned_model": [[0.16146951178017052, -0.48719917031120846, 0.41955097739518815, -0.5051205545755602, 0.3394003421437744, 0.6521895418788635, 0.17813930701329156, -0.6312866198950304, -0.3595488273837371, -0.11104479280891384, 0.006995348212804869], [-0.29551841401581447, 0.07995235864619386, -0.58090403603027, -0.396296122975751, -0.2413585103563673, 0.1368522596729288, 0.4633236493047477, 0.3841334224974158, -0.2903402214914381, 0.4286517342568623, -0.03580242229826356], [-0.5853438110966914, -0.737901470280394, -0.0673572502315019, -0.009461396389734464, 0.5744986976248757, -0.24640807326489556, 0.6025590664235217, 0.1997502644599124, 0.74413032005973, -0.26963091652852633, 0.04788026764824252]], "inverted": false, "swapped": false, "error_lsq": 0.060844803687020235, "error_max": 0.2919272362858513, "target": "409.xyz", "model": "4.xyz", "model_rescale": 3.7855080009869324, "target_rescale": 3.702275742396752},
{"mapping": [2, 5, 9, 10, 15, 14, 13, 7, 8, 1, 16], "R": [[-0.6555549511175345, 0.6845735335996546, -0.3187581891656583], [0.7033769858892513, 0.39994450663163417, -0.5876267585266441], [-0.27478813982164335, -0.6094288052841459, -0.7436988701775065]], "T": [-0.0544616958617655, 0.13571320689300562, -0.009651107647282445], "aligned_model": [[0.38377061925478206, -0.6524326874116264, 0.22696042029580119, -0.3925034285387877, 0.2542470622437576, 0.5957691757554608, 0.22695437154393547, -0.7928487693276985, -0.22174530947233786, 0.0434235696478279, -0.008049960541471363], [-0.01745970851172804, -0.14342904560313843, -0.4956839797836493, -0.4934581798476394, -0.406324638405409, -0.05101402648356465, 0.40855624202920626, 0.10302857725254656, -0.06547592127256174, 0.7033510879235737, 0.1106032899126075], [-0.584347708953308, -0.47828053561308836, -0.18010111334761922, 0.13469371266108515, 0.5290621589603383, -0.004159983508916113, 0.5996347973751252, 0.11317281754479579, 0.6436857130577713, -0.500883893406349, -0.019760266345296512]], "inverted": true, "swapped": false, "error_lsq": 0.046995910754293053, "error_max": 0.254594508114178, "target": "409.xyz", "model": "5.xyz", "model_rescale": 4.2253639853439635, "target_rescale": 3.702275742396752},
{"mapping": [12, 11, 9, 8, 1, 0, 4, 5, 10, 6, 13], "R": [[0.713252041812471, -0.29281482294152295, -0.6368131628005705], [-0.06985585526788411, -0.9337287123026701, 0.35109948918560163], [-0.6974178692399083, -0.2059372994076658, -0.6864387404405028]], "T": [-0.0024633707749648, 0.047761914886269186, 0.04192303366642463], "aligned_model": [[0.1543722300044891, -0.4815492951444849, 0.24700945750847317, -0.3829138121962202, 0.2816287757442834, 0.7900367640418374, 0.29986425934996613, -0.6257070933801852, -0.4578347387443844, -0.1804950408101493, 0.0191335570760179], [-0.049523694649998895, -0.016653213498475594, -0.4953142400036464, -0.5790318574964373, -0.30700218146693664, -0.03349200408611902, 0.3616162596045702, 0.15182037499192114, -0.035780105859806066, 0.5512613068029732, 0.10479305287219866], [-0.873108041748141, -0.5678975605408947, -0.08228656911705534, 0.13276302553850122, 0.6182388066442652, -0.04975022466760904, 0.5996010470137456, 0.08039855269232699, 0.6697527258540918, -0.31656135222381404, 0.04156528897912132]], "inverted": false, "swapped": false, "error_lsq": 0.042825349152431386, "error_max": 0.2182184537525903, "target": "409.xyz", "model": "6.xyz", "model_rescale": 3.89814844738969, "target_rescale": 3.702275742396752},
{"mapping": [0, 1, 4, 10, 11, 7, 8, 5, 9, 6, 12], "R": [[-0.35204171038289195, 0.8253670176528427, -0.4414022205670696], [0.8630023063807548, 0.4687963143648864, 0.18830038454394254], [0.3623446609682362, -0.3146415449503619, -0.8773294961752189]], "T": [0.08777058047657002, -0.049677336999919226, -0.05115640335977106], "aligned_model": [[0.1316777462748085, -0.5017397555556099, 0.31053294917955165, -0.3743604526469584, 0.38962546989053404, 0.7339342639215238, 0.2877539046100408, -0.6704710793308344, -0.48664591902283116, -0.1717697870862496, 0.015007723215667942], [0.12078995756571814, 0.0523810024016978, -0.6510463786477041, -0.5434094862222862, -0.28356549500299116, -0.04390941580997857, 0.37622570948015027, 0.11637043272595515, 0.1328444595456888, 0.5743468375722969, -0.1983339263983034], [-0.6168625547699773, -0.6485325588126407, -0.1161794086866208, 0.23444320465916313, 0.6626505204689515, -0.1682627858841755, 0.43495061920034045, -0.04253506202543528, 0.608144254855608, -0.07582375389847398, -0.01927677668220079]], "inverted": true, "swapped": false, "error_lsq": 0.06032373033992762, "error_max": 0.2728343529368426, "target": "409.xyz", "model": "7.xyz", "model_rescale": 3.7474275329858107, "target_rescale": 3.702275742396752},
{"mapping": [2, 13, 1, 12, 0, 3, 6, 11, 10, 8, 14], "R": [[-0.23327119740672336, -0.6287666936422511, -0.741779612436622], [-0.10925862001582687, -0.7410467215500318, 0.6625045738952953], [-0.9662541603598251, 0.23558905205068678, 0.10416667481103609]], "T": [-0.10477138541947659, 0.056243388309672654, 0.015235061670392958], "aligned_model": [[0.40918674088078943, -0.7044869878121695, 0.24446581773460022, -0.5477078104452805, 0.3376668850627702, 0.5780477564039537, 0.337069651393762, -0.6764243167233311, -0.31647960018611754, 0.10671135948860219, -0.104504432347936], [-0.12566229052941505, -0.23549163830543204, -0.5879949064955692, -0.3712328472213008, -0.262726676494465, 0.27008993029613615, 0.28325867107436997, 0.22268627938995558, -0.09613438739758143, 0.5258152024048534, 0.030086360488692135], [-0.6261282240467243, -0.5875449140962397, -0.15147491250453415, 0.05663566844111085, 0.38499134924165784, 0.06173466408329744, 0.6634469544776842, 0.1940915564655628, 0.7274316672219034, -0.4319647548211057, -0.038503356038073686]], "inverted": false, "swapped": false, "error_lsq": 0.054264389647622036, "error_max": 0.28982012620326714, "target": "409.xyz", "model": "8.xyz", "model_rescale": 4.019505241142653, "target_rescale": 3.702275742396752},
{"mapping": [5, 3, 6, 2, 10, 11, 9, 0, 1, 8, 12], "R": [[-0.3762596028454577, -0.651593239917816, -0.6586766740670129], [0.0713257794430906, 0.6884386350910716, -0.7217789681756999], [0.9237647668391635, -0.31855689508680535, -0.21255625170584855]], "T": [-0.07233895810649746, 0.01537032457744364, 0.029817984716123017], "aligned_model": [[0.09008099782134388, -0.5749079612686028, 0.31304871091083974, -0.4325847167026067, 0.3536586956649781, 0.5081351458581119, 0.28624412464645554, -0.6900927584935215, -0.29471104185256636, 0.15654976129587841, -0.05187589443066703], [-0.0944659013131719, -0.19768968847759844, -0.5957439969128566, -0.4426310521664311, -0.43337722330523876, 0.16769927480988914, 0.4371749477383198, 0.21783219035459472, -0.0677463980927919, 0.6419324580198009, 0.019709086555727926], [-0.6121169656803023, -0.6338767008429825, -0.0481401361291785, -0.07230887037541106, 0.7046004648297269, -0.13478830173902562, 0.4308654807486289, 0.03577727028685963, 0.6622320650096812, -0.07585499410345943, -0.003673613579998441]], "inverted": true, "swapped": false, "error_lsq": 0.04927236879627392, "error_max": 0.305454213234069, "target": "409.xyz", "model": "9.xyz", "model_rescale": 3.877068213659057, "target_rescale": 3.702275742396752},
{"mapping": [7, 1, 4, 5, 6, 2, 10, 0, 12, 8, 15], "R": [[0.4543002571708958, -0.029536926049195555, -0.8903588300983051], [0.35615056150025076, -0.9100817815573768, 0.2119149084430048], [-0.8165586653006104, -0.4133747946802216, -0.40293079461065096]], "T": [0.14658747352922122, -0.03261770022929321, 0.1421459681643942], "aligned_model": [[0.15649982249920577, -0.4429973408247573, 0.25766005635678957, -0.4900274740421474, 0.20714714669505982, 0.6847494582002722, 0.28871714169484824, -0.6106261379051622, -0.42501750769195334, -0.02297270610082411, 0.06041260456831138], [-0.028803920183555876, -0.19522142035906098, -0.5208551706379877, -0.47275897039727466, -0.24560989006084805, 0.04433258593263323, 0.4113942058667394, 0.20740697080983805, -0.09865474024285599, 0.5580538258479774, -0.006589779365361398], [-0.67404872051991, -0.4733671406209343, -0.3132414861839915, 0.032635635016561665, 0.7177078051390615, -0.23840059884681672, 0.6768078838943016, 0.08940376888482635, 0.6186982428446415, -0.3244153135269532, 0.14093562234375168]], "inverted": true, "swapped": false, "error_lsq": 0.04236914594913122, "error_max": 0.23254379859721175, "target": "409.xyz", "model": "10.xyz", "model_rescale": 4.260839863003843, "target_rescale": 3.702275742396752},
{"mapping": [6, 5, 0, 3, 1, 7, 8, 4, 2, 10, 11], "R": [[0.9922477769137028, -0.12218462831625415, -0.022699467241197778], [0.06645266514359466, 0.3673019333251002, 0.9277248153795163], [-0.10501615354376995, -0.9220413257435174, 0.37257402098913023]], "T": [-0.05255842548713295, 0.06769592662523548, 0.07471021645076985], "aligned_model": [[0.14842754076401593, -0.47407358864478344, 0.41282201570003435, -0.3764817131452103, 0.2260896042270948, 0.5904900664541559, 0.24235131042095115, -0.731935789448412, -0.3958766880243236, 0.023772411812509067, -0.0020401066663887774], [-0.10842764597079015, -0.1273354927550291, -0.5761302447988378, -0.5600763051038509, -0.402481183401506, 0.05792712715765472, 0.48879953123145126, 0.3354345697640657, -0.05910354813826403, 0.5704259302093471, 0.03366095901600298], [-0.7201737141959206, -0.41610402023210863, -0.29804060568767393, 0.1440557296108288, 0.5485766574281534, -0.05177629212323552, 0.5760219048373656, 0.021181953743827114, 0.6547202077005712, -0.29240003785392216, 0.08665391519665375]], "inverted": false, "swapped": false, "error_lsq": 0.03813830127344347, "error_max": 0.22411688031350704, "target": "409.xyz", "model": "11.xyz", "model_rescale": 3.890672605050136, "target_rescale": 3.702275742396752},
{"mapping": [3, 1, 8, 6, 5, 7, 12, 11, 9, 4, 13], "R": [[0.2944201569586588, -0.6511224654847001, 0.6995400675569373], [0.5345325774765914, 0.7189753464742661, 0.44424022192777746], [-0.7922068510134653, 0.24313367949203274, 0.5597270040868092]], "T": [-0.18556740691760745, -0.01845389405094744, 0.0036806889573480703], "aligned_model": [[0.45275505271608496, -0.7039633679648243, 0.20021690180870164, -0.5213787583419422, 0.3201229581606484, 0.6571078952680548, 0.24973530956510623, -0.6422989721124348, -0.30998228155377083, 0.005679803152213753, -0.044449477248194785], [-0.02465186139651895, -0.14023851106204355, -0.590259501338559, -0.48489254143296107, -0.25376216439761434, 0.07849343671350756, 0.4051245606742078, 0.22267784552850456, -0.16752146394341375, 0.5344240222336253, 0.07329987563150882], [-0.6638289954143556, -0.5635339309350095, -0.20464564267920343, 0.04520259190695799, 0.5457871862515052, 0.09007351516619139, 0.435218618299014, 0.19345404171616568, 0.7574181860987759, -0.3820751381541554, -0.00035473383134742437]], "inverted": false, "swapped": false, "error_lsq": 0.045499001458260364, "error_max": 0.2011247729024462, "target": "409.xyz", "model": "12.xyz", "model_rescale": 4.124412569039231, "target_rescale": 3.702275742396752},
{"mapping": [2, 1, 4, 0, 5, 10, 7, 6, 3, 8, 12], "R": [[-0.8918042617359817, 0.3114881610671095, 0.3281162663821638], [0.14814004180879714, -0.4842170716957784, 0.8623156936361842], [0.4274806273533673, 0.8176239679665684, 0.38568297894018566]], "T": [-0.06267529488458226, 0.03448513390512076, 0.14008093715373013], "aligned_model": [[0.23320497401271564, -0.5338802374347036, 0.2639946144303249, -0.2834780040725, 0.36510325095381546, 0.6384108960207406, 0.34426869029036045, -0.6345058800160674, -0.6075996434660317, -0.15977890571414846, 0.03780530844513719], [0.00852494785045202, -0.17720773712268956, -0.5799026638372109, -0.48006104014376993, -0.4507378495934865, 0.16755712406662493, 0.20613360385151924, 0.3439663215084738, 0.057951363431126446, 0.5184394038768757, 0.03803022332232849], [-0.6687308140382209, -0.4892173461595748, -0.22610297849938119, 0.2925794347887887, 0.5341748993978992, -0.048013907682147, 0.5850652854302066, -0.0175388306797524, 0.5997114041169664, -0.38074079265255245, 0.0715293444023065]], "inverted": true, "swapped": false, "error_lsq": 0.0455900598763066, "error_max": 0.2333128794305447, "target": "409.xyz", "model": "13.xyz", "model_rescale": 3.9028299243045295, "target_rescale": 3.702275742396752},
{"mapping": [2, 0, 12, 5, 14, 1, 9, 4, 10, 3, 15], "R": [[-0.22345528995697472, 0.9130389370607718, -0.34121493636882405], [-0.9701444862763545, -0.24219276625988376, -0.012741260493912915], [-0.09427305626653236, 0.32818068709526715, 0.9398989453552153]], "T": [0.002970251312226571, -0.046070337025845925, -0.016807052097395133], "aligned_model": [[0.19972565415693888, -0.5498296727831601, 0.30595321842388945, -0.33441886261001513, 0.2752054039971767, 0.6252142762200362, 0.3544355601838925, -0.653801296103131, -0.37105691604530405, -0.21620231199321488, 0.028320010002534757], [-0.0061692073476376785, 0.08699627274044139, -0.6719900372374743, -0.4307135147791027, -0.3065550613071434, 0.04297695145522251, 0.3607515734953066, 0.10839346324208665, -0.04939354777743385, 0.49065688991163725, 0.027739914814341154], [-0.7252172304951947, -0.6200664743447151, -0.042616730283775786, 0.0010827570070595545, 0.7838716492814111, -0.18137226598995707, 0.5415956039164586, 0.04765489633060088, 0.6277433620656685, -0.24610318507017964, 0.06614331600716292]], "inverted": false, "swapped": false, "error_lsq": 0.04516035867804377, "error_max": 0.23432897958116733, "target": "409.xyz", "model": "14.xyz", "model_rescale": 3.942246331269136, "target_rescale": 3.702275742396752},
{"mapping": [0, 7, 8, 6, 11, 12, 4, 9, 10, 5, 14], "R": [[-0.4196842660728971, -0.813774805027107, 0.4020394054243287], [0.4807794496679809, -0.5749997547722933, -0.6619867089215283], [0.7698806645109405, -0.08453312199899315, 0.6325645529883066]], "T": [0.06135026111744673, 0.0834366694970308, 0.06982283198347478], "aligned_model": [[0.13733035279366362, -0.4684010255799193, 0.17747814580288246, -0.2794365916555628, 0.1259780893737598, 0.8517749679724661, 0.22520800583363576, -0.7410723468587112, -0.3465697214068389, -0.11071505053378447, 0.09197023770805202], [-0.06723876908339924, -0.3067883841419615, -0.621602347685712, -0.358134430797432, -0.472421868336772, 0.2093605582319895, 0.24502948366544539, 0.14204359740413075, 0.16152565656443726, 0.6274248918180899, 0.09349530957142758], [-0.6458875988094026, -0.47613274302603986, -0.22728863689019502, 0.11067223467464606, 0.5181034967334608, -0.09585219691880353, 0.6089910606730566, 0.040745480962533775, 0.6499124061005543, -0.2081158315584169, -0.022431973516854775]], "inverted": false, "swapped": false, "error_lsq": 0.05169282419691399, "error_max": 0.2528462343889893, "target": "409.xyz", "model": "15.xyz", "model_rescale": 4.355366556412066, "target_rescale": 3.702275742396752},
{"mapping": [5, 9, 0, 1, 2, 4, 6, 10, 8, 3, 11], "R": [[-0.7925914430681081, -0.43395214095006174, -0.42835072515413325], [-0.3723608898756843, 0.9007623802459278, -0.22354977527315747], [0.48285212235859815, -0.017682581784015453, -0.8755233601882072]], "T": [-0.1139480229107461, -0.007475403855164816, -0.05797707783864793], "aligned_model": [[0.13653623111213722, -0.5835996392402579, 0.2879241648362618, -0.3766038773438112, 0.2489412078830592, 0.6402494822958881, 0.1479462650714314, -0.5920779243014526, -0.355922295711075, 0.12780926939328907, -0.017657820545827208], [-0.039433047331803, -0.2893249849305884, -0.5563542235573956, -0.4606014694292365, -0.48671014716335154, 0.08600484193693665, 0.566880923965826, 0.30699653841965313, -0.08614130002578292, 0.556038474855886, 0.05533809047009983], [-0.6512697791480591, -0.557916752358182, -0.2608189980232207, 0.08445162093447824, 0.524578386237708, 0.07155013136266407, 0.4689215401267107, 0.20609676317425174, 0.6647235821135324, -0.2925458928097771, -0.005054903185567727]], "inverted": false, "swapped": false, "error_lsq": 0.04460698578133964, "error_max": 0.22950909183881044, "target": "409.xyz", "model": "16.xyz", "model_rescale": 3.795458400668931, "target_rescale": 3.702275742396752},
{"mapping": [0, 1, 4, 10, 11, 7, 8, 5, 9, 6, 12], "R": [[-0.35204171038289195, 0.8253670176528427, -0.4414022205670696], [0.8630023063807548, 0.4687963143648864, 0.18830038454394254], [0.3623446609682362, -0.3146415449503619, -0.8773294961752189]], "T": [0.08777058047657002, -0.049677336999919226, -0.05115640335977106], "aligned_model": [[0.1316777462748085, -0.5017397555556099, 0.31053294917955165, -0.3743604526469584, 0.38962546989053404, 0.7339342639215238, 0.2877539046100408, -0.6704710793308344, -0.48664591902283116, -0.1717697870862496, 0.015007723215667942], [0.12078995756571814, 0.0523810024016978, -0.6510463786477041, -0.5434094862222862, -0.28356549500299116, -0.04390941580997857, 0.37622570948015027, 0.11637043272595515, 0.1328444595456888, 0.5743468375722969, -0.1983339263983034], [-0.6168625547699773, -0.6485325588126407, -0.1161794086866208, 0.23444320465916313, 0.6626505204689515, -0.1682627858841755, 0.43495061920034045, -0.04253506202543528, 0.608144254855608, -0.07582375389847398, -0.01927677668220079]], "inverted": true, "swapped": false, "error_lsq": 0.06032373033992762, "error_max": 0.2728343529368426, "target": "409.xyz", "model": "17.xyz", "model_rescale": 3.7474275329858107, "target_rescale": 3.702275742396752},
{"mapping": [0, 4, 2, 9, 7, 1, 11, 5, 12, 8, 13], "R": [[0.1882015612254638, 0.4838023066695615, -0.85470199509157], [-0.8668098260718805, -0.3273349749542496, -0.37615494094446944], [-0.4617584842507332, 0.811657034857034, 0.3577596399673291]], "T": [0.0015550791415033169, 0.04390168479951713, 0.05454575077183943], "aligned_model": [[0.26638456748944617, -0.5650364289636667, 0.3381619351706354, -0.42399293578533725, 0.2615423314575184, 0.6905357120189815, 0.3543062170561843, -0.6923420886877683, -0.41544861547270673, -0.18596959532657575, 0.03540396449293248], [-0.06106455267888168, -0.04869375153361019, -0.5334675801642418, -0.4664799142277762, -0.3530913740159468, 0.0595651285003458, 0.36143310567118214, 0.23523301059166707, -0.06548083455120399, 0.5472753645575064, -0.022534904938797215], [-0.731577535915347, -0.5451424766713817, -0.18456359693141222, 0.13292735717438708, 0.6395435472820549, -0.005276994575206639, 0.5990428520177263, 0.126092804655474, 0.6655942811293614, -0.423265808539195, -0.020658731201922242]], "inverted": false, "swapped": false, "error_lsq": 0.031081511755753532, "error_max": 0.19360900274072781, "target": "409.xyz", "model": "18.xyz", "model_rescale": 3.922800546911778, "target_rescale": 3.702275742396752},
{"mapping": [11, 6, 13, 8, 12, 7, 3, 1, 5, 2, 14], "R": [[0.49471657723116674, 0.5824831676832865, 0.6449564850269538], [0.429367456788551, 0.48140936161517206, -0.7641260456234981], [-0.7555786492904697, 0.6549491475793497, -0.01193812470501286]], "T": [-0.09193416351857897, -0.007530286085254079, -0.04137088463074837], "aligned_model": [[0.39392454854716474, -0.6377678729074833, 0.26929191504363736, -0.42505718441183477, 0.3284112009937415, 0.7037240525714502, 0.26953620424391145, -0.7600486557643195, -0.34324982342430915, -0.13730351118853784, 0.002084189746222223], [-0.10280967142308745, -0.12056419521362002, -0.575248124411475, -0.5098417966452105, -0.3113999949834313, 0.03567860750634172, 0.3341425779197981, 0.30213403618606155, -0.09515261482373355, 0.6822878159190776, 0.01346705717952238], [-0.5533345194802033, -0.447642553585182, -0.17930537282333792, 0.0639991933399216, 0.5498879581053706, 0.015830634070050885, 0.36080826800814747, 0.03422049516423098, 0.6739587504175334, -0.22904499373195028, -0.03666216106004265]], "inverted": false, "swapped": false, "error_lsq": 0.04290075222329882, "error_max": 0.2071057836252609, "target": "409.xyz", "model": "19.xyz", "model_rescale": 3.9282355846067225, "target_rescale": 3.702275742396752},
{"mapping": [10, 2, 12, 7, 8, 11, 4, 5, 6, 1, 13], "R": [[0.5772060394884638, -0.11676666204991493, -0.808207111210835], [0.7251176391977551, 0.5284586178543902, 0.441515456739288], [0.37554972680367693, -0.8408906206214626, 0.3896990721679164]], "T": [-0.007554680419902947, -0.0341701765566965, 0.13301466778325288], "aligned_model": [[0.2673855062074585, -0.4806646819271908, 0.19670345269887726, -0.3845900525460245, 0.3717587678394588, 0.6728878236565832, 0.35015710788924015, -0.6581400182356849, -0.437700292045484, -0.23126596110035508, -0.002986588987235299], [-0.0792591938375273, 0.00748015003452239, -0.7635867484516247, -0.5143675375749952, -0.2669066444583808, 0.13759245694849961, 0.33541807687326475, 0.21965703154550673, -0.038099985399434634, 0.543315869002872, 0.07145022252754055], [-0.6822210179478279, -0.5401483044073575, -0.2530221503668393, 0.00910906251697996, 0.749923594292204, -0.01141097988168055, 0.5001858054984574, 0.13222796913850793, 0.6247497219117727, -0.2888430409135262, 0.012165038583848]], "inverted": true, "swapped": false, "error_lsq": 0.04449855370871283, "error_max": 0.2232352531429363, "target": "409.xyz", "model": "20.xyz", "model_rescale": 4.067790424073018, "target_rescale": 3.702275742396752},
{"mapping": [2, 3, 6, 11, 13, 4, 1, 12, 10, 0, 14], "R": [[0.8945926091131017, -0.3729196666524356, 0.24624172258991714], [-0.4239182791093714, -0.5338015539370864, 0.731675606844523], [-0.1414120092395353, -0.7589379574366987, -0.6356223882185471]], "T": [0.06470606584127919, 0.056897333784282966, 0.05938503438173311], "aligned_model": [[0.20815084200116585, -0.4635451010503961, 0.2618405104279129, -0.37462935141027537, 0.10337528598242651, 0.7796543692823663, 0.22470040597379617, -0.695925174609854, -0.34230092209809543, -0.050723205320554576, 0.01294740427115075], [0.042079119082001404, -0.2025573759202418, -0.5686535814327173, -0.41155069084753815, -0.3538837635751456, -0.015589485318950325, 0.4432910627684365, 0.14839381201308444, -0.05416277383061319, 0.5727435050968505, 0.052583869175077416], [-0.670632738172065, -0.5549267552988362, -0.283224022597303, 0.13403818800631334, 0.6249706481866256, -0.29567422714975405, 0.7653643532049546, 0.06846123508379602, 0.7617366456269513, -0.414995446268738, 0.11759781780259428]], "inverted": true, "swapped": false, "error_lsq": 0.044714169015312416, "error_max": 0.24431822041024595, "target": "409.xyz", "model": "21.xyz", "model_rescale": 4.186013935880536, "target_rescale": 3.702275742396752},
{"mapping": [3, 5, 6, 0, 7, 4, 9, 2, 1, 11, 12], "R": [[-0.48948472156165806, -0.24886979960446395, 0.8357442971403036], [0.29416907156278627, 0.8551019855750632, 0.4269252295208997], [-0.8208954042346653, 0.4548235010533411, -0.34534955942636886]], "T": [-0.016672357183518612, 0.08075842682724985, 0.0893952629066322], "aligned_model": [[0.17929005068604398, -0.5066165738767981, 0.17389148918081662, -0.4264239846544884, 0.39056445995664324, 0.6819702857200063, 0.020054540207620767, -0.747114596792144, -0.30147984302435415, 0.19132264363430618, 0.008086592411990872], [-0.18718905936224375, -0.024481897757206494, -0.40003385644847433, -0.5125338437753717, -0.32551721905012376, -0.0023318504441213472, 0.5042694947502845, 0.2021218226071121, -0.2277153558110179, 0.5504447463977016, 0.07566071610370513], [-0.7720811059412209, -0.5000264152873608, -0.11646160440301205, 0.13294209326716133, 0.5448313332977758, -0.09118882307053887, 0.5418776057588629, 0.05165584551172077, 0.6884377132940875, -0.27816265029211246, 0.05089170628917584]], "inverted": false, "swapped": false, "error_lsq": 0.053010227249508275, "error_max": 0.27603624121937753, "target": "409.xyz", "model": "22.xyz", "model_rescale": 4.166573947596378, "target_rescale": 3.702275742396752},
{"mapping": [6, 13, 1, 7, 4, 2, 3, 10, 8, 12, 15], "R": [[0.3774787926770476, -0.15806753144336014, -0.9124277596514043], [0.8985302470722656, -0.1757700769272707, 0.40217940667472607], [-0.2239490035149338, -0.9716581371863171, 0.07567898165464754]], "T": [-0.053402885862725756, 0.10860940994819351, 0.049885196652765196], "aligned_model": [[0.3630569521979379, -0.6767226299333338, 0.3140530626205589, -0.5400474856698808, 0.31504481737533646, 0.6109571444364018, 0.32655209444313144, -0.7966709042810584, -0.2752662477035747, 0.05567618447119422, -0.03308792450707032], [-0.023886653124567947, -0.061035942002151705, -0.4630407147468028, -0.41512627614277714, -0.2816717927390926, 0.013708594104378469, 0.3072871738432872, 0.04659347684850246, -0.09124924317833633, 0.5701236517374031, 0.05099142261040102], [-0.5731024665634243, -0.49738629914172566, -0.16526898463959583, 0.06624405491273191, 0.551662424286858, 0.000602091208686796, 0.4712971223151572, -0.018290385063406578, 0.8014916812338335, -0.4023179836434769, 0.01778444351890101]], "inverted": false, "swapped": false, "error_lsq": 0.04604248653859519, "error_max": 0.2041657724494561, "target": "409.xyz", "model": "23.xyz", "model_rescale": 4.274766983524099, "target_rescale": 3.702275742396752},
{"mapping": [3, 2, 5, 4, 7, 6, 8, 1, 9, 0, 10], "R": [[0.0382542738457876, -0.9428838539924101, 0.3309178877198257], [0.8016143951221005, -0.16876426337340078, -0.5735267953121832], [0.5966162686899854, 0.2872083934853804, 0.7493733159420519]], "T": [0.03863210690038956, 0.04745353054738946, 0.00684359202960258], "aligned_model": [[0.1155978423462102, -0.6808144206484689, 0.3438622599747981, -0.35238161425082537, 0.24472818864585674, 0.7033776478803224, 0.29767410566740504, -0.5797438988762252, -0.42635591174016435, 0.008050635002460914, -0.010449770551726613], [-0.08727585915957672, -0.18035883347121276, -0.7020791287170348, -0.5283066916132079, -0.29060420280683996, 0.09593321799643137, 0.41185937057644073, 0.23595893837671253, -0.10443702723487347, 0.71201322040093, 0.08999069286247414], [-0.5334697901000574, -0.5922972441415595, -0.0993463084434866, -0.05050658983216667, 0.5010842727615356, -0.09697423769558375, 0.5943099777333871, 0.09086863117074309, 0.7056861043445035, -0.31501745618619204, 0.04837833881341549]], "inverted": false, "swapped": false, "error_lsq": 0.041757850497433066, "error_max": 0.21279700881703453, "target": "409.xyz", "model": "24.xyz", "model_rescale": 3.7841303162186577, "target_rescale": 3.702275742396752},
{"mapping": [2, 5, 9, 13, 10, 8, 7, 3, 11, 4, 15], "R": [[0.39990525440215746, -0.167928284007902, 0.9010415522780886], [-0.5659083004322255, 0.7280727346765736, 0.386856418484282], [-0.720987921537841, -0.6646128079195714, 0.1961281023866977]], "T": [0.09797478558338837, -0.0057912217602951455, 0.08738317735597889], "aligned_model": [[0.2079239131783123, -0.4106290344424366, 0.2944328575283709, -0.5517758151542077, 0.43508639609669286, 0.5791169489170992, 0.23953076412696456, -0.6688144140874406, -0.3729151083909291, -0.13744389302466967, 0.04903244870188655], [-0.08921295398965967, -0.02780814336686041, -0.5028964166412268, -0.4124114261591425, -0.4345407735743684, 0.13272646434271998, 0.23545418861930692, 0.1961253397310541, -0.005343750821378834, 0.5188250970649304, 0.041776072004868776], [-0.6540647519419517, -0.6268829879226179, -0.1501696793226448, 0.2438573397177354, 0.6421666388556491, -0.2268983094326743, 0.6743824252342084, -0.054975219294275374, 0.6937577123467723, -0.38807460903841834, 0.09961713922275627]], "inverted": true, "swapped": false, "error_lsq": 0.044096123126675976, "error_max": 0.23516219436579877, "target": "409.xyz", "model": "25.xyz", "model_rescale": 4.19342608120988, "target_rescale": 3.702275742396752},
{"mapping": [5, 9, 0, 1, 2, 4, 6, 10, 8, 3, 11], "R": [[-0.7925914430681081, -0.43395214095006174, -0.42835072515413325], [-0.3723608898756843, 0.9007623802459278, -0.22354977527315747], [0.48285212235859815, -0.017682581784015453, -0.8755233601882072]], "T": [-0.1139480229107461, -0.007475403855164816, -0.05797707783864793], "aligned_model": [[0.13653623111213722, -0.5835996392402579, 0.2879241648362618, -0.3766038773438112, 0.2489412078830592, 0.6402494822958881, 0.1479462650714314, -0.5920779243014526, -0.355922295711075, 0.12780926939328907, -0.017657820545827208], [-0.039433047331803, -0.2893249849305884, -0.5563542235573956, -0.4606014694292365, -0.48671014716335154, 0.08600484193693665, 0.566880923965826, 0.30699653841965313, -0.08614130002578292, 0.556038474855886, 0.05533809047009983], [-0.6512697791480591, -0.557916752358182, -0.2608189980232207, 0.08445162093447824, 0.524578386237708, 0.07155013136266407, 0.4689215401267107, 0.20609676317425174, 0.6647235821135324, -0.2925458928097771, -0.005054903185567727]], "inverted": false, "swapped": false, "error_lsq": 0.04460698578133964, "error_max": 0.22950909183881044, "target": "409.xyz", "model": "26.xyz", "model_rescale": 3.795458400668931, "target_rescale": 3.702275742396752},
{"mapping": [8, 11, 1, 9, 0, 6, 7, 4, 3, 5, 12], "R": [[-0.0963148609418612, -0.9036847980667282, 0.41722563835992504], [-0.9917196885321875, 0.1228985192707493, 0.03725605103441426], [-0.08494414011202629, -0.41018256874732534, -0.9080389602635311]], "T": [-0.10798581191090131, -0.14340730876462277, -0.028133101226351594], "aligned_model": [[0.19817956315108862, -0.5977023826540239, 0.3050062526777465, -0.3586316283742931, 0.3203878487769227, 0.6828346325308365, 0.08515273698788037, -0.8931079953909823, -0.3162418400213046, 0.2717396921106675, -0.03407181634489512], [-0.038298202463653966, 0.00926927800402183, -0.5420912630125589, -0.4802887712125962, -0.2958120171965828, 0.021081222339874167, 0.4723386333484603, 0.11648398132788723, -0.0733248706585155, 0.4854747543598921, -0.02213904762598473], [-0.6807942299845573, -0.526572798607697, -0.17250009802016492, 0.06165467669315554, 0.667957412837442, -0.19764270999211886, 0.4655900340731408, 0.09394415700836689, 0.6767033602827277, -0.19298564186814413, 0.05736153600238804]], "inverted": false, "swapped": false, "error_lsq": 0.05070890526486509, "error_max": 0.33934946765293866, "target": "409.xyz", "model": "27.xyz", "model_rescale": 3.6321398670334006, "target_rescale": 3.702275742396752},
{"mapping": [9, 10, 12, 8, 7, 6, 1, 0, 3, 11, 14], "R": [[-0.8349864358215452, 0.5150244407769544, 0.1937717146448831], [0.5370047700903249, 0.6858081225019806, 0.491215936234306], [0.12009799704520471, 0.51421497888791, -0.849211061275721]], "T": [-0.02148181886393142, 0.05305248658110821, 0.05498504396146879], "aligned_model": [[0.17028881954173267, -0.5561404252850627, 0.36292866942164465, -0.232935447703959, 0.13675259979266505, 0.7361563300407883, 0.1777739548976529, -0.6183185690928678, -0.3318890255854242, -0.1930588977392685, 0.011987055161741728], [0.010259684503873753, -0.06973969616662175, -0.6598137906234836, -0.4181353996582478, -0.5285352274802328, 0.004590799541760102, 0.4968670310708734, 0.2305016962363235, -0.035111213667732497, 0.5143756156449568, 0.10743419780877456], [-0.5837363033850026, -0.49613553035278074, -0.11102693807736082, 0.03769474303191393, 0.542432460211847, -0.11097681115679715, 0.5138891547169938, 0.09632952108657149, 0.6611488897457962, -0.35765052529312075, 0.06074703789647845]], "inverted": true, "swapped": false, "error_lsq": 0.04351443741725977, "error_max": 0.21455795134332994, "target": "409.xyz", "model": "28.xyz", "model_rescale": 4.156811204709835, "target_rescale": 3.702275742396752},
{"mapping": [7, 3, 1, 0, 4, 8, 9, 6, 5, 10], "R": [[0.5045027178516541, -0.5662277919842619, -0.6518152309243178], [0.3994384669455533, 0.8223488290743555, -0.40520527445261945], [0.7654579797771269, -0.05593291432299935, 0.6410503804622969]], "T": [-0.06123957048386104, 0.017351235235208196, -0.003567285484965658], "aligned_model": [[-0.5654078438155982, -0.1047258177158835, 0.08871242050784987, 0.568005539697138, -0.06557026121199074, -0.6947692186308767, -0.2088404705881166, -0.5116344483086764, 0.2942640851744723, -0.15710861099773], [-0.11815614860466601, -0.5251863468552018, -0.10155496831360493, 0.3299312788882961, -0.4633343508843316, -0.4631875455648915, 0.5927315080745024, 0.22706174742243307, 0.42639019273841056, 0.01402496372525772], [-0.5043786677219947, -0.2048439537098824, -0.8453611558405173, -0.23822708640605372, 0.6558312421113092, 0.12057001136241902, -0.2573307919733898, 0.5416366030434153, 0.4524900675489847, 0.03840045856080938]], "inverted": false, "swapped": true, "error_lsq": 0.05303886452838522, "error_max": 0.28027363270014233, "target": "409.xyz", "model": "29.xyz", "model_rescale": 4.117894457231895, "target_rescale": 3.702275742396752},
{"mapping": [5, 1, 6, 7, 10, 9, 11, 4, 13, 3, 14], "R": [[0.8013483616035839, -0.3814410932913269, -0.4608074388548531], [0.11557210854768238, -0.6570909575693802, 0.7448990275241322], [-0.5869275007026802, -0.650180102609479, -0.482474810834341]], "T": [-0.006779877195372215, 0.049336751826251635, -0.021858188231193242], "aligned_model": [[0.43552685792981927, -0.630509243603737, 0.34037160379896714, -0.36245560217030615, 0.2031825764959158, 0.6160602910916635, 0.4583860939449971, -0.7633700307479175, -0.44805088403298277, -0.17686006416272432, -0.008736535094051808], [-0.09368670571379278, -0.06546937525818797, -0.4835681167748408, -0.4384776996880176, -0.4007361927046587, 0.006466747822826052, 0.44055720514136143, 0.16048906896972695, -0.040542298407031926, 0.5581794437418278, 0.009481620081030949], [-0.7145780552670243, -0.6032441689036363, -0.10722617698726601, 0.22821280251241233, 0.495511193675354, -0.029361529839128413, 0.3731997904375309, 0.09956913199651433, 0.6264148694255319, -0.13098218168394785, 0.015200023058198262]], "inverted": true, "swapped": false, "error_lsq": 0.0460418858538417, "error_max": 0.264825716487614, "target": "409.xyz", "model": "30.xyz", "model_rescale": 4.100398675895297, "target_rescale": 3.702275742396752},
