[{"mapping": [4, 6, 8, 2, 0, 3, 7, 12, 9, 5, 1, 11, 13], "R": [[-0.3699623526581667, 0.9215278380736792, -0.11795889653131386], [-0.4500041788337708, -0.2888283052112254, -0.8450292593401456], [-0.8127878546384525, -0.2595470164807567, 0.5215469773550221]], "T": [0.1074179924644682, -0.03426849508898819, 0.13035411106054368], "aligned_model": [[-0.34457861746708773, -0.3537645365817961, -0.636950688687208, 0.3756721142835572, 0.8413387507331844, 0.1845573307069265, -0.24766546044073656, 0.43281780474280895, 0.3445593764132347, -0.2900713609817548, 0.5219837266500325, -0.41296059812675784, 0.02023269133680998], [0.20671485748246562, -0.40958830121534573, 0.14672389308460085, -0.0838647734188612, 0.07847758261154728, -0.461139277263626, 0.567676829640559, 0.269035739316423, 0.6378142026181276, -0.5559388209922135, -0.3072004207429133, 0.19508834492404759, 0.10173348240828645], [-0.6765103850011456, -0.3502621623004593, -0.023711308701436284, -0.5885604740694277, -0.07955319497248628, -0.16124692394938367, -0.15769458271296805, 0.5008150557424006, -0.03938681867007801, 0.5075325110392856, 0.4247815714323579, 0.534907448998577, 0.10932918205924658]], "inverted": true, "swapped": false, "error_lsq": 0.05136271148665404, "error_max": 0.27701688224045723, "target": "41.xyz", "model": "0.xyz", "model_rescale": 3.8414455957264533, "target_rescale": 4.022218691182451},
{"mapping": [1, 12, 5, 11, 13, 8, 4, 7, 0, 6, 9, 2, 14], "R": [[-0.26570025778652573, 0.6385952646063195, 0.7222184302789281], [-0.8939314333512216, -0.4436906188756037, 0.06344467817252086], [0.3609570133392683, -0.6287564892262895, 0.6887490920335407]], "T": [-0.021795612620712272, 0.03383745712756625, 0.024410480896264013], "aligned_model": [[-0.26038875183631777, 0.046552896300510245, -0.6668497198444236, 0.27979649596337886, 0.6906116671636843, 0.22836064941322842, -0.18597082182798194, 0.3371453009294261, 0.38759348554092643, -0.4093450452386781, 0.4165046217983417, -0.36158236204942074, -0.0672578837314605], [0.46451676983612705, -0.4599281546395944, -0.012958767305107408, 0.018928569271616773, -0.15252497201665083, -0.7144804062702435, 0.5412521685986422, 0.38603346703372843, 0.603956210585999, -0.4084348245571591, -0.17081499809337333, 0.24366778232724925, 0.046320493681862814], [-0.6869871116586073, -0.5533555148420801, 0.151052089837248, -0.7725119288982369, -0.1561218246697847, -0.017358136336232892, 0.1311533781431764, 0.4245034617408327, -0.1569249617744116, 0.5384414526426388, 0.5055756885678965, 0.644991601425803, -0.05201827528375887]], "inverted": false, "swapped": false, "error_lsq": 0.042227312122685996, "error_max": 0.23295043722453995, "target": "41.xyz", "model": "1.xyz", "model_rescale": 4.316132596720782, "target_rescale": 4.022218691182451},
{"mapping": [6, 2, 11, 4, 7, 8, 10, 3, 9, 0, 5, 12], "R": [[0.7838414190030242, 0.6146603482451679, 0.08823426857210645], [-0.6004966932945649, 0.7141396974343722, 0.35973353178517664], [0.15810234406111356, -0.3349584285302768, 0.9288737804238577]], "T": [0.05641009948345813, 0.039538054794659404, -0.02035407441202562], "aligned_model": [[-0.1337982853952471, 0.48593260801690424, 0.19572309535490226, -0.43533482047362465, -0.4903736934926561, -0.5897466432898375, -0.1634986578715458, -0.1967532495067181, 0.4953287967643016, 0.11372041652016926, 0.25567177834582416, 0.060937209659308544], [-0.5363611700670315, -0.4681499875803096, -0.595636975596811, 0.503947945673385, -0.32362544266761056, -0.04218653760293043, 0.40326860982255935, 0.4802173187218345, -0.0485666507423892, -0.09769892039803288, 0.6566898389696937, 0.08087839920862341], [0.27959996657640107, 0.03487724412296313, -0.529581123353523, 0.06852452859779819, -0.4171351574578221, 0.15285416226923199, -0.6460535643805896, 0.5750118593896544, -0.6408189611716785, 0.7287766914622757, -0.21574352446638273, 0.05894633962109218]], "inverted": true, "swapped": true, "error_lsq": 0.05300384200666933, "error_max": 0.30296202576151454, "target": "41.xyz", "model": "2.xyz", "model_rescale": 3.795458400668931, "target_rescale": 4.022218691182451},
{"mapping": [1, 5, 3, 7, 2, 6, 8, 9, 10, 11, 0, 12], "R": [[0.4448953716914542, 0.16825789740639813, -0.879634803886193], [0.6784458365775683, -0.7044760001091296, 0.20838620899859372], [-0.5846189828239302, -0.6894946303131158, -0.4275719818829265]], "T": [0.03171794456645181, -0.024036331658288942, 0.03838270253622603], "aligned_model": [[-0.28230300284145576, -0.022744571367201052, -0.7454582435068042, 0.31388110590123497, 0.38351264301905896, -0.01352133745156029, -0.31151830807740216, 0.7352281462121018, 0.28328287022362475, 0.787211607218456, -0.48483674420973577, -0.04943033937675199], [-0.14255725805408165, -0.6212262235023401, -0.10231029256017277, 0.0023428935638307342, 0.48012900342104065, 0.5958764619585619, 0.06151694080191687, -0.23205947402631216, -0.6895867161066082, 0.24964538869218617, 0.49947719240984195, -0.015478871308153943], [-0.649276971801948, -0.2765087803646106, -0.012811533423678023, 0.7511123545611796, -0.22112652138364283, 0.3057272541029179, 0.6120272361374206, -0.17884645315421457, 0.29512655136038546, 0.22942002628164668, -0.16757896331304772, 0.0015072316366917665]], "inverted": true, "swapped": true, "error_lsq": 0.057215836543411204, "error_max": 0.34528849731500727, "target": "41.xyz", "model": "3.xyz", "model_rescale": 3.7530521520055578, "target_rescale": 4.022218691182451},
{"mapping": [3, 10, 5, 9, 1, 7, 0, 8, 6, 2, 12], "R": [[-0.7044854462708999, -0.6759879818839295, 0.21619552340643772], [-0.14010846511563857, 0.43109227213416074, 0.8913636019656327], [-0.6957513018280536, 0.5976618619710473, -0.3984098702967458]], "T": [-0.02665256780253574, -0.014208994296916425, -0.006905119192911934], "aligned_model": [[-0.46282741967746527, -0.04419869045590801, 0.21294191799247328, 0.5872947033121794, 0.3247858689891298, -0.41345953555794485, -0.20643160980111425, -0.6928517594986805, -0.2914323385773096, 0.3725315072087533, -0.04815304148890838], [-0.6628521781858946, 0.19184096701994496, -0.3713752403184466, 0.3563435552934743, -0.6926198003488665, 0.6348744606906331, -0.4252927301929268, 0.08054169373725382, 0.24228145022830327, 0.2106402074963813, -0.09717902710551012], [0.035094983725028325, -0.7345005953954513, -0.5301501226526045, -0.27364149456194, 0.03530858110609099, -0.13868716717616753, 0.6111604293682079, 0.030504539835639877, 0.5604712095655784, 0.47825685681593044, 0.019013556615003934]], "inverted": false, "swapped": true, "error_lsq": 0.046235603808976726, "error_max": 0.2653250161232925, "target": "41.xyz", "model": "4.xyz", "model_rescale": 3.7855080009869324, "target_rescale": 4.022218691182451},
{"mapping": [15, 9, 10, 14, 12, 2, 8, 6, 13, 5, 1, 7, 16], "R": [[-0.23340948287528784, -0.779354230326528, 0.5814868846122293], [0.003235540412904525, 0.5973788533303048, 0.8019526400430432], [-0.9723731508953378, 0.18906477531765536, -0.1369122571282692]], "T": [0.08141339718832336, 0.0004275973316104596, 0.08237049097009733], "aligned_model": [[-0.24450557737710044, -0.25737293399502253, -0.6396590851499129, 0.2961087931413702, 0.7227758571534761, 0.26545481208911725, -0.2474100834320499, 0.21096474212031194, 0.39874659755750796, -0.4351983265946872, 0.6532763447041743, -0.3762358313020016, 0.08822522366603], [0.3469501210548717, -0.3512430519711386, 0.04556298575227685, -0.13556563678934425, 0.02560575438245016, -0.6535616026293588, 0.6075283828433128, 0.4732571143857922, 0.6063896200413255, -0.42389903312839905, -0.3560365700843834, 0.22263029405939042, -0.022085039463698244], [-0.5906949362036213, -0.4357661661690726, -0.012400527811881529, -0.5446136601555566, -0.1436505663788229, -0.20782353294221004, -0.054061282409117006, 0.5133296130403752, -0.15632870436243887, 0.5386187590782671, 0.42734875926576166, 0.6324183226220558, 0.03406384132074486]], "inverted": false, "swapped": false, "error_lsq": 0.038480045875547354, "error_max": 0.23906002759020462, "target": "41.xyz", "model": "5.xyz", "model_rescale": 4.2253639853439635, "target_rescale": 4.022218691182451},
{"mapping": [6, 7, 11, 3, 4, 0, 5, 10, 2, 9, 1, 8, 13], "R": [[-0.33236038617977715, -0.6035892695309286, -0.7247182676085581], [-0.8574737442596376, -0.1266243996720518, 0.4987033580326585], [-0.39277901115485647, 0.7871761271245543, -0.4754770165648394]], "T": [-0.01416515169782702, -0.0024038561909449953, 0.03537595527018699], "aligned_model": [[-0.22423997411857732, -0.17294063403815624, -0.7483048321033252, 0.2834807027809785, 0.6874559809991417, 0.19852564694865427, -0.196780158158452, 0.3112738584044847, 0.30789929156249135, -0.20059551726187985, 0.4738281536627417, -0.29758075671390877, 0.013148770617020179], [0.23325909827926256, -0.41058364956226895, 0.23040867298798842, -0.05551318084917614, -0.0041139277534898745, -0.763923223149345, 0.6011880817328472, 0.5512232269824163, 0.5345778959555708, -0.4517851410744795, -0.21876863319255013, 0.14119042423376837, -0.001626306137446984], [-0.5250252483316363, -0.6261154040973037, -0.0759391143502815, -0.606181382498052, -0.05755506223634522, -0.09846547047311113, 0.09078171615722472, 0.478206597694266, -0.20565662403458593, 0.4040175251961251, 0.5391165622839346, 0.7024000575793674, -0.019144233995118845]], "inverted": false, "swapped": false, "error_lsq": 0.04262089360869377, "error_max": 0.2261554865578354, "target": "41.xyz", "model": "6.xyz", "model_rescale": 3.89814844738969, "target_rescale": 4.022218691182451},
{"mapping": [4, 11, 10, 7, 3, 8, 2, 1, 0, 9, 6, 5, 12], "R": [[0.32872747311563155, 0.8690249497320548, 0.3697754523521149], [-0.6328923451801383, -0.08790816132245391, 0.7692330170925389], [0.7009889641295337, -0.4868960791751201, 0.5211014107182004]], "T": [0.06506026547656901, 0.04105310289409561, -0.0979135503793513], "aligned_model": [[-0.26364177344028333, -0.32227708644659797, -0.6498171999228093, 0.4087366318087247, 0.8528708231942375, 0.2439927298101891, -0.3238177847749279, 0.17028823402720739, 0.4848055552333161, -0.36349935982361614, 0.4378137432871459, -0.14510343811473808, -0.095180542256635], [0.3220176367726775, -0.5382561230213526, 0.09669489018825624, 0.0188341462289639, -0.13702208964665596, -0.6113769981654559, 0.6274157728794344, 0.6310992379347296, 0.45316322901341655, -0.5088901546527741, -0.16435881194262486, 0.10354141616016349, 0.0926711867043189], [-0.5759404206477173, -0.5098734583769656, 0.05943276836690371, -0.6570803883940844, -0.10298184595690225, -0.09569797965036057, -0.017287712081537163, 0.4983827226193623, -0.027276993659402296, 0.4605172332240565, 0.42766864209962724, 0.6467360534094205, -0.10615870205791754]], "inverted": true, "swapped": false, "error_lsq": 0.04371764823429384, "error_max": 0.284328094635147, "target": "41.xyz", "model": "7.xyz", "model_rescale": 3.7474275329858107, "target_rescale": 4.022218691182451},
{"mapping": [7, 6, 8, 10, 12, 0, 9, 13, 11, 2, 1, 4, 14], "R": [[-0.07769044228225158, 0.9839099453288049, -0.16088944856968154], [0.3534515180260244, 0.17807735737471847, 0.9183466007970715], [0.932221121613905, 0.014480133753002888, -0.36159937243226525]], "T": [0.026534387988599847, -0.004633879977007, -0.01510859096253445], "aligned_model": [[-0.11772582028891478, -0.18581308077632142, -0.5934050227397091, 0.4610691260594767, 0.6052971956107958, 0.18477006234799387, -0.37564898586687084, 0.3815662472618597, 0.21580565152201014, -0.2563607811549248, 0.3430536947558963, -0.25989149891291163, 0.03245374476283333], [0.22292456866887497, -0.4243063462660002, 0.10696540404495605, -0.031194890578246138, 0.18761165662137755, -0.6070969023793348, 0.5950595322593757, 0.5156781841917452, 0.5323252409420196, -0.40353406303582046, -0.5585079155672218, 0.2549709785456204, -0.005362108994248806], [-0.6406353902938059, -0.6827324910333672, 0.24648468626023132, -0.6361862300816525, 0.07826102385207069, -0.2300807185159494, -0.2579187744452565, 0.6262490031095971, -0.2647708565378501, 0.6700472037883731, 0.382183368674723, 0.6651791236036297, 0.044359970513739536]], "inverted": false, "swapped": false, "error_lsq": 0.056751047652100546, "error_max": 0.34353679894908934, "target": "41.xyz", "model": "8.xyz", "model_rescale": 4.019505241142653, "target_rescale": 4.022218691182451},
{"mapping": [5, 3, 6, 4, 0, 2, 11, 9, 8, 10, 1, 10, 12], "R": [[-0.5536877491095384, -0.813770525611572, 0.1766561862258976], [0.36002880083745803, -0.042648387310178226, 0.9319658672008237], [-0.7508722521531577, 0.5796193981447715, 0.3165947160657266]], "T": [0.0826238480068752, 0.030604576519929604, -0.019321078033496704], "aligned_model": [[-0.28434218845565973, 0.048052891381806406, -0.6241839443524404, 0.5226541898849886, 0.6159649374843386, -0.05589274549621273, -0.21548161571983673, 0.282477151475597, 0.3652364188905284, -0.313234224906521, 0.34381293370251675, -0.313234224906521, 0.06334095359862876], [0.1685616926457814, -0.377847706796185, -0.09310981430541998, 0.1210588359821055, -0.27907527410386146, -0.5239760562598615, 0.5768414376184332, 0.5152416920935123, 0.6351823342867055, -0.06545089684015264, -0.27970521906282464, -0.06545089684015264, 0.05326321003501733], [-0.5641407558491692, -0.7745908238552441, 0.09548019430161553, -0.7163045759836999, -0.2249706597585973, -0.17172067542970054, -0.016501846484696582, 0.4194562968750094, -0.12301679143733868, 0.8005871426623636, 0.5208579612205462, 0.8005871426623636, -0.04528269002896848]], "inverted": false, "swapped": false, "error_lsq": 0.06745295466366305, "error_max": 0.4191339025420348, "target": "41.xyz", "model": "9.xyz", "model_rescale": 3.877068213659057, "target_rescale": 4.022218691182451},
{"mapping": [13, 10, 2, 6, 12, 11, 4, 1, 3, 8, 0, 7, 15], "R": [[0.8629158407966059, -0.10198900473548604, -0.4949489818308063], [-0.0029875185688299014, -0.9804351805257953, 0.19681954049370226], [-0.5053388233997935, -0.16836002999648175, -0.8463377421954524]], "T": [-0.014437048896584967, 0.03244243824411197, -0.08708739831248151], "aligned_model": [[-0.38453088772411514, -0.016750587812585815, -0.6631137954297415, 0.2643433623138011, 0.703420029720543, 0.251934291393824, -0.17396448721835894, 0.24129758204666524, 0.30504814977450073, -0.26316644115512905, 0.5230888367821944, -0.40177090743750843, 0.049335387327123656], [0.37564622343065845, -0.5363966532939052, 0.16508702839774356, 0.05106110350039726, -0.14685120302064458, -0.6454858546721303, 0.6538873425335456, 0.29924170941799455, 0.551469891310036, -0.3904121025039225, -0.28595362067498065, 0.2984042332756841, -0.004164759247379302], [-0.6726471375869642, -0.5109122618301444, -0.04259864513104199, -0.6368504406810006, -0.1906741764013738, 0.031718388580518134, 0.12843036684890885, 0.6979760116365744, -0.2640084358468061, 0.5084381364914948, 0.40632511422021017, 0.580387975786213, -0.035144977192104424]], "inverted": false, "swapped": false, "error_lsq": 0.042343629542460896, "error_max": 0.2301730058755458, "target": "41.xyz", "model": "10.xyz", "model_rescale": 4.260839863003843, "target_rescale": 4.022218691182451},
{"mapping": [11, 6, 8, 7, 4, 10, 9, 2, 0, 3, 5, 12], "R": [[0.9874150175883675, 0.13521305392162442, 0.08203056192756518], [-0.11398831860191512, 0.9680141758860897, -0.2235066408540988], [-0.10962776228343123, 0.21134328788197346, 0.9712444431779083]], "T": [0.06111481274127448, 0.07021323461240839, 0.013915355626467202], "aligned_model": [[0.3828356305111307, 0.22167943610021723, -0.4268267369105443, -0.31613926172948914, -0.5641093454106307, -0.4157894230734718, 0.3655784598563132, 0.6797149750466949, 0.31482214531026775, -0.25209607154159985, -0.09132892583148972, 0.06055776676673236], [-0.013581172617260856, -0.5783859872038184, -0.3945359906640914, -0.2240182130500811, 0.09788145707485182, 0.5545081384987275, 0.5648222968828961, -0.09633405229409209, -0.40709795202376975, -0.08081092875567766, 0.6937388727864624, 0.05689203689878729], [-0.7421546346228959, -0.09261926205593143, 0.024857942909767804, -0.5855866781607526, 0.285426387909827, -0.31801901424345314, -0.4841333375426541, -0.17285475085285526, 0.5534725673204591, 0.7152292183901905, 0.2300987584945366, 0.10246087984926584]], "inverted": true, "swapped": true, "error_lsq": 0.04738565447879645, "error_max": 0.3147514799767473, "target": "41.xyz", "model": "11.xyz", "model_rescale": 3.890672605050136, "target_rescale": 4.022218691182451},
{"mapping": [10, 9, 11, 12, 7, 5, 2, 0, 4, 6, 8, 1, 13], "R": [[-0.45346971142061365, 0.7494660378039463, -0.4823545158931957], [-0.8793381006857622, -0.464480751092077, 0.10498636362545474], [-0.14536067386491286, 0.4717608398790576, 0.8696619943691598]], "T": [-0.0018447044937762377, -0.011933231900351494, 0.09909296916698992], "aligned_model": [[-0.21231879869060916, -0.31352200690703474, -0.5111518830778321, 0.26362239427502293, 0.774802974778472, 0.3552446896184524, -0.31419001307085004, 0.18493875267735874, 0.24084033146144798, -0.29680863774246813, 0.4716377510075609, -0.3349586178532352, 0.12703359610492773], [0.4140672005911682, -0.5945137484640636, 0.10219591395074872, -0.01930177938249514, -0.09259081133780803, -0.5975757980082709, 0.5986215084735682, 0.28672231442509494, 0.632243280992637, -0.3525807960929902, -0.3562780153448592, 0.32088353845123563, 0.043640530199131417], [-0.6583796650790418, -0.31234064261278904, -0.07509916557306959, -0.5970428442518807, -0.243364192295174, -0.26762508494291104, -0.08859680381895638, 0.5730247622801589, -0.03204679362668858, 0.45827796194040826, 0.5191311582464023, 0.7184203531000144, 0.006080875528010815]], "inverted": true, "swapped": false, "error_lsq": 0.04920969000194337, "error_max": 0.2824170256747946, "target": "41.xyz", "model": "12.xyz", "model_rescale": 4.124412569039231, "target_rescale": 4.022218691182451},
{"mapping": [11, 7, 9, 10, 4, 5, 8, 1, 2, 3, 0, 6, 12], "R": [[0.5219109211398522, -0.19340067174269576, 0.8307858752798011], [0.1982490542549738, 0.9747899488537578, 0.10238099482177716], [-0.8296422740446389, 0.11126875474796304, 0.5470950203894002]], "T": [0.0017150571151431857, -0.09185402004774694, 0.07779239350206332], "aligned_model": [[-0.1875733205324729, -0.21910202946358046, -0.626711691899614, 0.13356109429921767, 0.7707037308861928, 0.3886677900645064, -0.2515807349133967, 0.3128364522200404, 0.4113497619544466, -0.3341634958379361, 0.34364901075305104, -0.35688557928548714, 0.05041954433624559], [0.5809228413738238, -0.5062548821729705, -0.05760299810139866, 0.016107922593647447, -0.024628299209077983, -0.6954815102943671, 0.5750214601689128, 0.4884646196535631, 0.5965935076469022, -0.4195495797346952, -0.37925228071587275, 0.25475746775067876, -0.04356493050604828], [-0.6307935689328193, -0.3376464278191993, -0.03422528643626746, -0.6402399969354872, -0.07191858745488047, -0.16643560356993012, 0.00023946625314148762, 0.5566431560909271, -0.23943768680442803, 0.614965171659641, 0.44826615034390827, 0.5237507714739367, -0.0227276389740593]], "inverted": false, "swapped": false, "error_lsq": 0.049041798630819415, "error_max": 0.27426496746172013, "target": "41.xyz", "model": "13.xyz", "model_rescale": 3.9028299243045295, "target_rescale": 4.022218691182451},
{"mapping": [2, 0, 6, 8, 5, 4, 1, 14, 12, 7, 10, 9, 15], "R": [[0.9085043295772668, -0.05620617615614031, 0.41407819177211713], [0.207719443139881, 0.9205600032670346, -0.33078983256239225], [-0.3625913899708859, 0.38653608647434545, 0.8480078642159392]], "T": [0.03306383626264177, 0.057783990403290846, -0.054121788851866484], "aligned_model": [[-0.28157821096900404, -0.03639970530000404, -0.608573121992767, 0.40631536830395826, 0.5074517329104861, 0.1764189702611939, -0.3377666632483195, 0.3810493955681432, 0.4522951632491123, -0.272028434083636, 0.36769738321594514, -0.3019558036381016, -0.01775554169579388], [0.23957051494281437, -0.4823850339507827, 0.14416550006195977, 0.09473536866206314, -0.08707403280680848, -0.6046264318727661, 0.5893833061548622, 0.39143677804721216, 0.5963570192524974, -0.43482243733804615, -0.2983408783366136, 0.18973187549058138, 0.04740179014612379], [-0.6945152703657749, -0.6791087093283449, 0.10477601112998729, -0.7292699570573435, -0.18090550342455614, -0.04912059909122847, -0.09979085789994725, 0.6879243826194447, -0.18985857837571285, 0.6422154640364472, 0.5085042585076667, 0.6323161566067379, 0.04727312153710779]], "inverted": false, "swapped": false, "error_lsq": 0.03619443539221086, "error_max": 0.19877455992314533, "target": "41.xyz", "model": "14.xyz", "model_rescale": 3.942246331269136, "target_rescale": 4.022218691182451},
{"mapping": [1, 12, 0, 3, 4, 13, 2, 9, 5, 8, 11, 7, 14], "R": [[0.9438092664146143, -0.06676232339037448, 0.3236770934209381], [0.329606107387242, 0.26175550696321426, -0.9071074184171688], [-0.024163662862602575, 0.9628223339484547, 0.26905254253976624]], "T": [0.17232678008330146, 0.020355357155870328, 0.06553096919248466], "aligned_model": [[-0.19743277150775476, -0.11520710237666862, -0.5562522178114397, 0.3811904507081134, 0.687757948408646, 0.29009252486100645, -0.3299500389919575, 0.3311927166599673, 0.09947620616391821, -0.3265653407860756, 0.42422931958996424, -0.33555885781650674, 0.08219769548000062], [0.19809520478470236, -0.4123069690629777, 0.11916960891256581, 0.122135215500561, -0.18314002875982538, -0.740824354159134, 0.5946914946952241, 0.6405257732661577, 0.5696536363709261, -0.39011446069440936, -0.5175231433656077, 0.34905357393658487, 0.03611778702832945], [-0.6332736217717413, -0.5655029728986991, 0.07675016456097959, -0.6145901656277114, -0.1257392991515448, -0.1945969280901316, 0.08797905987972035, 0.5537036592413785, -0.24389390459776075, 0.49151466213882766, 0.46720602931373545, 0.6696743041961263, 0.031208931701304746]], "inverted": false, "swapped": false, "error_lsq": 0.05024563052400406, "error_max": 0.37564926576694757, "target": "41.xyz", "model": "15.xyz", "model_rescale": 4.355366556412066, "target_rescale": 4.022218691182451},
{"mapping": [6, 2, 11, 4, 7, 8, 10, 3, 9, 0, 5, 12], "R": [[0.7838414190030242, 0.6146603482451679, 0.08823426857210645], [-0.6004966932945649, 0.7141396974343722, 0.35973353178517664], [0.15810234406111356, -0.3349584285302768, 0.9288737804238577]], "T": [0.05641009948345813, 0.039538054794659404, -0.02035407441202562], "aligned_model": [[-0.1337982853952471, 0.48593260801690424, 0.19572309535490226, -0.43533482047362465, -0.4903736934926561, -0.5897466432898375, -0.1634986578715458, -0.1967532495067181, 0.4953287967643016, 0.11372041652016926, 0.25567177834582416, 0.060937209659308544], [-0.5363611700670315, -0.4681499875803096, -0.595636975596811, 0.503947945673385, -0.32362544266761056, -0.04218653760293043, 0.40326860982255935, 0.4802173187218345, -0.0485666507423892, -0.09769892039803288, 0.6566898389696937, 0.08087839920862341], [0.27959996657640107, 0.03487724412296313, -0.529581123353523, 0.06852452859779819, -0.4171351574578221, 0.15285416226923199, -0.6460535643805896, 0.5750118593896544, -0.6408189611716785, 0.7287766914622757, -0.21574352446638273, 0.05894633962109218]], "inverted": true, "swapped": true, "error_lsq": 0.05300384200666933, "error_max": 0.30296202576151454, "target": "41.xyz", "model": "16.xyz", "model_rescale": 3.795458400668931, "target_rescale": 4.022218691182451},
{"mapping": [4, 11, 10, 7, 3, 8, 2, 1, 0, 9, 6, 5, 12], "R": [[0.32872747311563155, 0.8690249497320548, 0.3697754523521149], [-0.6328923451801383, -0.08790816132245391, 0.7692330170925389], [0.7009889641295337, -0.4868960791751201, 0.5211014107182004]], "T": [0.06506026547656901, 0.04105310289409561, -0.0979135503793513], "aligned_model": [[-0.26364177344028333, -0.32227708644659797, -0.6498171999228093, 0.4087366318087247, 0.8528708231942375, 0.2439927298101891, -0.3238177847749279, 0.17028823402720739, 0.4848055552333161, -0.36349935982361614, 0.4378137432871459, -0.14510343811473808, -0.095180542256635], [0.3220176367726775, -0.5382561230213526, 0.09669489018825624, 0.0188341462289639, -0.13702208964665596, -0.6113769981654559, 0.6274157728794344, 0.6310992379347296, 0.45316322901341655, -0.5088901546527741, -0.16435881194262486, 0.10354141616016349, 0.0926711867043189], [-0.5759404206477173, -0.5098734583769656, 0.05943276836690371, -0.6570803883940844, -0.10298184595690225, -0.09569797965036057, -0.017287712081537163, 0.4983827226193623, -0.027276993659402296, 0.4605172332240565, 0.42766864209962724, 0.6467360534094205, -0.10615870205791754]], "inverted": true, "swapped": false, "error_lsq": 0.04371764823429384, "error_max": 0.284328094635147, "target": "41.xyz", "model": "17.xyz", "model_rescale": 3.7474275329858107, "target_rescale": 4.022218691182451},
{"mapping": [11, 3, 1, 10, 5, 8, 7, 9, 12, 0, 4, 2, 13], "R": [[0.30897682374028757, 0.47831593405705886, -0.8220384356089967], [-0.11826040593198671, -0.8383003542804407, -0.5322283273202297], [-0.9436884013169629, 0.26166081716682593, -0.20244954428060324]], "T": [0.011007902105659224, 0.055958794475289245, 0.010110513879049125], "aligned_model": [[-0.27597589108137743, -0.2720936321006329, -0.6736693220215493, 0.34787025348904377, 0.7249737906592095, 0.23184931979180848, -0.264272519610776, 0.37823751430605557, 0.4418009250027828, -0.3019903899107775, 0.533384484050438, -0.40106614573446925, -0.0338778542585427], [0.3075848402447727, -0.3572507262310055, -0.02055844545104911, -0.07800668844370791, 0.022718957825793765, -0.6194662644581138, 0.7555155672971465, 0.42600248612750274, 0.6291192142733413, -0.532277291147659, -0.36474062314354616, 0.18489120204435533, 0.03200110951526631], [-0.6031278552274904, -0.44782026106073597, -0.052184169402848965, -0.5772704324157669, -0.1010999168895971, -0.09890558226221194, -0.03743202554605132, 0.4295556760249763, -0.20235460776113653, 0.5152370005600131, 0.4993553694181424, 0.5734968264433307, 0.10298989701385969]], "inverted": true, "swapped": false, "error_lsq": 0.040452418684248634, "error_max": 0.2017104732433367, "target": "41.xyz", "model": "18.xyz", "model_rescale": 3.922800546911778, "target_rescale": 4.022218691182451},
{"mapping": [3, 5, 7, 0, 1, 8, 9, 10, 2, 13, 6, 11, 14], "R": [[-0.1640487437695611, -0.5400256034959346, -0.8255061218649323], [0.8271633843720992, 0.3806616242263653, -0.4133974641860303], [0.5374837162386631, -0.7506457722589244, 0.3842423445796668]], "T": [0.0328804954097167, -0.09479590544434427, 0.02407749771073435], "aligned_model": [[-0.28841107355925943, 0.08252530515437208, -0.7051914798608471, 0.18164804343857477, 0.7293727095085255, 0.16800817143158597, -0.13900436335973343, 0.3136984066872046, 0.3234630391051184, -0.4425856785759157, 0.5948635032212327, -0.33410720626035645, -0.0491088443492884], [0.1796816448542299, -0.5264098750490456, 0.21078249426347076, 0.1269586886205411, -0.10168010592104013, -0.6843471324702853, 0.7003475179471401, 0.42302450953745585, 0.5475639835581404, -0.3970582695877046, -0.23959691173982214, 0.19061790563709521, -0.04435111119707834], [-0.45611313701328077, -0.6034402265753642, 0.01498794266803026, -0.7678415337195486, -0.22659006584582447, 0.1166005537927444, 0.054830017575946716, 0.5750801889901248, -0.10266839408861207, 0.41699368144222204, 0.39687172972090123, 0.5636167419142403, 0.018112420032903514]], "inverted": false, "swapped": false, "error_lsq": 0.049130740513141924, "error_max": 0.2715519848850859, "target": "41.xyz", "model": "19.xyz", "model_rescale": 3.9282355846067225, "target_rescale": 4.022218691182451},
{"mapping": [5, 6, 7, 3, 0, 4, 2, 10, 1, 9, 11, 12, 13], "R": [[-0.8365424350330464, -0.5302840662514873, 0.13782439359115628], [0.520182382942571, -0.8476793731664352, -0.10416318343996792], [0.1720669720346411, -0.015443101629802163, 0.9849641961751108]], "T": [-0.06928616730931056, -0.10201792206503879, -0.01851084997333226], "aligned_model": [[-0.20581089870122918, -0.3927068817449827, -0.6436437786513699, 0.3685641441265498, 0.7238294020143985, 0.3583093297420423, -0.16189082403694122, 0.1910217042156304, 0.3668507144268438, -0.18230016196363835, 0.461588954537386, -0.49143884330368437, 0.04279767192020768], [0.24280638928877052, -0.3211498513472163, 0.1316767611416866, -0.10456383724779442, 0.0028349134282253663, -0.550335229511402, 0.7155697437915265, 0.46707845760990196, 0.43954547387369525, -0.4142647627564439, -0.28560245705647946, 0.04898651916875951, 0.012951218069867348], [-0.61024334381352, -0.5421751442497842, 0.04147169510417302, -0.6305857573441208, -0.03157089523320554, -0.14317651359111294, -0.05963257843224905, 0.5736069353147774, -0.2977858128242516, 0.5882465749736498, 0.4262716753603258, 0.7038319510193981, -0.017818867389597037]], "inverted": false, "swapped": false, "error_lsq": 0.04293322607225594, "error_max": 0.27959959206194396, "target": "41.xyz", "model": "20.xyz", "model_rescale": 4.067790424073018, "target_rescale": 4.022218691182451},
{"mapping": [6, 4, 13, 2, 0, 8, 11, 12, 3, 1, 7, 10, 14], "R": [[-0.48460414032602434, 0.25127389518045806, 0.8378664910233103], [-0.4361741783653821, 0.7608646267123059, -0.4804551029443098], [-0.7582288001033454, -0.5982862604295569, -0.25911896355739306]], "T": [-8.820567980718369e-05, -0.005635124528746541, -0.017911719710296516], "aligned_model": [[-0.2671260819513957, -0.046657730031608245, -0.6639260936971625, 0.42170924136331367, 0.700568362172785, 0.10802225453337203, -0.22856093258540103, 0.30067934601338525, 0.39408968283746376, -0.2492363617038482, 0.3954895429416999, -0.4053362912639409, -0.024544406047449636], [0.26857060057588067, -0.4558341961522904, 0.08003052146365736, 0.042790441340174235, -0.10985538555729113, -0.5651138935300397, 0.5950421224417691, 0.5426558637664893, 0.6907219841739258, -0.5022355707881916, -0.45950114625442623, 0.23266760070317846, 0.02559439627026116], [-0.651203828970768, -0.6794437068788874, 0.1872812641038657, -0.6290285741474102, -0.06964701363162992, -0.039441516605431694, 0.052935383345452273, 0.4247277937771504, -0.3067985245563128, 0.5859245945368338, 0.42275576981806723, 0.6531118430884333, 0.04926643501512087]], "inverted": true, "swapped": false, "error_lsq": 0.041938784213195524, "error_max": 0.29437354420978484, "target": "41.xyz", "model": "21.xyz", "model_rescale": 4.186013935880536, "target_rescale": 4.022218691182451},
{"mapping": [5, 3, 0, 11, 11, 4, 2, 9, 8, 7, 10, 1, 12], "R": [[0.01137916207735623, 0.6364288104122839, 0.7712515049888866], [0.39116354156065847, 0.7070035709099531, -0.589183362353604], [-0.9202508345142322, 0.3083898830989441, -0.24090263920945185]], "T": [-0.013711317846589223, 0.028183749219012833, 0.03747463159002014], "aligned_model": [[-0.34957793772152423, -0.16633561697985863, -0.7302567785428291, 0.49302504316759216, 0.49302504316759216, 0.24672178208164583, -0.2588751903485703, 0.3815162359139113, 0.41002762780010066, -0.1679501546236137, 0.5034840940765656, -0.412821716787559, -0.006811898622239711], [0.2799872117251813, -0.4414162123239724, 0.11166501124932186, -0.005756688327405123, -0.005756688327405123, -0.6482487345200981, 0.7053506104053816, 0.2871222377423057, 0.6526896299776762, -0.4192656559131779, -0.3783332620639358, 0.25083883313546756, -0.003342954306242627], [-0.6123925902626801, -0.7426025147035329, 0.07464885184830693, -0.3380680235599938, -0.3380680235599938, -0.009746594281120582, -0.13870402942153676, 0.44021127028594925, -0.09708331705551256, 0.5981199302926602, 0.5508480415569593, 0.6086653519240278, 0.004611565830950862]], "inverted": false, "swapped": false, "error_lsq": 0.04751066613379206, "error_max": 0.3752618152098896, "target": "41.xyz", "model": "22.xyz", "model_rescale": 4.166573947596378, "target_rescale": 4.022218691182451},
{"mapping": [8, 0, 10, 4, 2, 1, 9, 12, 3, 13, 6, 14, 15], "R": [[-0.49539438536701896, 0.028677083454761887, 0.8681946946574611], [-0.6587571857087373, 0.6390863692549998, -0.39699821524733114], [-0.5662361461651292, -0.7686001805340607, -0.29770856430252685]], "T": [0.039221138563969284, 0.09482519696688893, 0.026050657470096255], "aligned_model": [[-0.311036923468705, -0.06005916809063124, -0.6880507574502482, 0.2875894505085461, 0.6904990034398213, 0.3749631724055577, -0.18117906248290203, 0.260413890312568, 0.37034943862009845, -0.5096468276763475, 0.5282002752947219, -0.38503367448174747, 0.058161715650480866], [0.3033751723734327, -0.48438014006514574, 0.01624872274373898, 0.00567437163318088, -0.020309520333116032, -0.5119673214900065, 0.652324218036717, 0.2644836904481322, 0.4738744342185557, -0.3194582870696965, -0.3385325833684901, 0.3155694274715205, 0.028631153854274297], [-0.6724515529489054, -0.5408888111702428, 0.18680687063345205, -0.6596743787716278, -0.09800730794966642, -0.13881045718036789, -0.006625926910408215, 0.619069305906024, -0.30273860126098207, 0.5199396018548345, 0.4161891841906768, 0.6563344043069538, 0.02129758819474266]], "inverted": true, "swapped": false, "error_lsq": 0.04214197744851545, "error_max": 0.23924610070966273, "target": "41.xyz", "model": "23.xyz", "model_rescale": 4.274766983524099, "target_rescale": 4.022218691182451},
{"mapping": [1, 4, 10, 9, 7, 11, 2, 6, 0, 8, 12], "R": [[-0.026660308486140094, -0.10425165206580544, 0.9941935530835906], [-0.9702885851548582, -0.23655222664352515, -0.05082426180648636], [0.24047721195491228, -0.9660096464898995, -0.09484763264758717]], "T": [0.0024135189543730284, 0.07463263279253848, -0.06138008707023731], "aligned_model": [[0.4873200296092749, 0.22482353599311333, -0.48639375909448285, -0.6147813019418114, -0.48635007527866464, -0.6731478537400921, -0.09560874067374653, 0.11579177144270475, 0.676318516212218, 0.14146015664657952, 0.09046242478298215], [-0.24900303919452013, 0.6951934643844515, 0.49462613504361963, -0.2845035211199941, 0.47699567391799447, -0.241567415792756, -0.5238845329445154, -0.016336839825468574, -0.12274260446238863, 0.6095759838692213, 0.07723322736783948], [-0.5570188878692997, -0.23695644577876693, -0.4574009614728209, -0.3361172590619283, 0.3716437022324368, 0.2933056589401935, 0.21692922141582008, 0.5994387235685358, 0.23897043243617308, 0.32423653883367615, -0.07746428922244222]], "inverted": true, "swapped": true, "error_lsq": 0.04870508459136884, "error_max": 0.21694859684212237, "target": "41.xyz", "model": "24.xyz", "model_rescale": 3.7841303162186577, "target_rescale": 4.022218691182451},
{"mapping": [7, 10, 11, 0, 8, 9, 6, 4, 1, 12, 2, 3, 15], "R": [[-0.6262142355634264, -0.4987570226762355, -0.5992471639556175], [0.7223035525366398, -0.660462768442202, -0.20510121768193393], [-0.2934847682089534, -0.561275657616469, 0.7738451569897802]], "T": [-0.0020536415194873647, -0.05716729122137386, -0.01878477463963862], "aligned_model": [[-0.23460541481547315, -0.23616805234947227, -0.738193347206333, 0.3123317673059801, 0.5803903592426762, 0.17525453333053506, -0.25829597409208727, 0.2741950527989322, 0.5683078005272083, -0.12309988704940175, 0.5489613006879182, -0.4005728958600622, -0.033334709939207494], [0.21780397286208142, -0.47736738053519034, 0.11849387612147423, 0.22724238592590779, -0.06473073220600913, -0.6100687288291683, 0.6094096405339838, 0.4437461790236352, 0.40170691007073644, -0.5154515721615303, -0.2521256597193904, 0.28593690216563633, 0.0009375452009302981], [-0.5601866925947733, -0.630239951132232, -0.147893477528786, -0.6201190407630784, -0.11957943707520435, 0.051943719962691134, 0.09094905465832738, 0.46025248599133367, -0.14977594464031235, 0.5732416020653283, 0.4578354053191866, 0.591513352535296, 0.002498842096706755]], "inverted": false, "swapped": false, "error_lsq": 0.04334612175766265, "error_max": 0.2568447332128395, "target": "41.xyz", "model": "25.xyz", "model_rescale": 4.19342608120988, "target_rescale": 4.022218691182451},
{"mapping": [6, 2, 11, 4, 7, 8, 10, 3, 9, 0, 5, 12], "R": [[0.7838414190030242, 0.6146603482451679, 0.08823426857210645], [-0.6004966932945649, 0.7141396974343722, 0.35973353178517664], [0.15810234406111356, -0.3349584285302768, 0.9288737804238577]], "T": [0.05641009948345813, 0.039538054794659404, -0.02035407441202562], "aligned_model": [[-0.1337982853952471, 0.48593260801690424, 0.19572309535490226, -0.43533482047362465, -0.4903736934926561, -0.5897466432898375, -0.1634986578715458, -0.1967532495067181, 0.4953287967643016, 0.11372041652016926, 0.25567177834582416, 0.060937209659308544], [-0.5363611700670315, -0.4681499875803096, -0.595636975596811, 0.503947945673385, -0.32362544266761056, -0.04218653760293043, 0.40326860982255935, 0.4802173187218345, -0.0485666507423892, -0.09769892039803288, 0.6566898389696937, 0.08087839920862341], [0.27959996657640107, 0.03487724412296313, -0.529581123353523, 0.06852452859779819, -0.4171351574578221, 0.15285416226923199, -0.6460535643805896, 0.5750118593896544, -0.6408189611716785, 0.7287766914622757, -0.21574352446638273, 0.05894633962109218]], "inverted": true, "swapped": true, "error_lsq": 0.05300384200666933, "error_max": 0.30296202576151454, "target": "41.xyz", "model": "26.xyz", "model_rescale": 3.795458400668931, "target_rescale": 4.022218691182451},
{"mapping": [4, 11, 9, 10, 5, 8, 3, 7, 7, 1, 6, 0, 12], "R": [[-0.8747373094498735, -0.2599341111352329, 0.4089852042858432], [-0.3885484797828843, -0.12814905696625983, -0.9124735054000572], [0.28959405780299785, -0.9570851984368973, 0.011099757573894642]], "T": [-0.14215338876329647, -0.09965408811922374, -0.0019936808075487755], "aligned_model": [[-0.32883447882819217, -0.15718755309433297, -0.5686307490817196, 0.2600286287764296, 0.6102717177375248, 0.22152750004737443, -0.31876578688701684, 0.3822817717134653, 0.3822817717134653, -0.2515748494034267, 0.41740849780524997, -0.19457557175941967, -0.019060366158188624], [0.2777545843568773, -0.3926572537747268, -0.07361283122108611, 0.23428970184741368, -0.12568563922481416, -0.7306444737619961, 0.6155511108726255, 0.5143748674252391, 0.5143748674252391, -0.4593640576470064, -0.37930214887551583, 0.388073201062725, 0.0023814099681229994], [-0.7241959012337912, -0.6542955362027758, -0.04457541621609381, -0.48616059254318755, 0.004274120601178092, -0.02040711195001073, 0.046649335257196355, 0.08825211044115915, 0.08825211044115915, 0.45515930488206824, 0.5364061862902808, 0.6693089321845823, 0.041772376942718674]], "inverted": false, "swapped": false, "error_lsq": 0.06276399318390448, "error_max": 0.4748014788224549, "target": "41.xyz", "model": "27.xyz", "model_rescale": 3.6321398670334006, "target_rescale": 4.022218691182451},
{"mapping": [3, 4, 2, 7, 12, 6, 0, 10, 8, 13, 9, 11, 14], "R": [[-0.6557423645507876, -0.7511766698918042, -0.07573349287865716], [0.727929912691648, -0.6024420189330741, -0.32738609627253823], [0.20029975921621104, -0.26980960774980045, 0.9418507217302681]], "T": [0.006722950726171177, 0.08630981795146127, -0.03147851877953906], "aligned_model": [[-0.2017416070325151, -0.13521230147929258, -0.7534588581341538, 0.360546859793676, 0.7741522267166278, 0.22766354696580388, -0.2574772574264004, 0.26057291477636024, 0.40897194823286515, -0.2680762939477751, 0.32936447126555674, -0.2702468802456576, -0.03988823690388215], [0.4408598695680402, -0.5150346825876331, 0.051822334105525045, 0.06460384220001301, -0.16972945907903503, -0.6576937901908924, 0.6419329280520042, 0.6028949311249988, 0.37915664082704376, -0.5147636264621646, -0.12963303528384412, 0.147293242318434, 0.04382414386060729], [-0.5813847553502925, -0.5834807182423581, 0.20171216428527838, -0.7208440792717385, -0.20178978038726098, 0.007908295577568357, 0.07289055592261712, 0.49137102898330226, -0.17099947824835876, 0.44776403093972206, 0.5124362673596664, 0.544797952285025, -0.019941564958687465]], "inverted": true, "swapped": false, "error_lsq": 0.043508242770648915, "error_max": 0.26338108632530566, "target": "41.xyz", "model": "28.xyz", "model_rescale": 4.156811204709835, "target_rescale": 4.022218691182451},
