[{"mapping": [8, 9, 11, 4, 7, 6, 5, 1, 3, 2, 0, 13], "R": [[0.3549235630791084, -0.619239326522401, -0.700408395765866], [0.5801267848308131, -0.44162119779980286, 0.6844148092901932], [-0.7331317602539766, -0.6492406134415434, 0.2024955504818688]], "T": [0.13298376392218023, 0.07272166804883924, -0.1195837594154643], "aligned_model": [[-0.5145789810855097, -0.21448138517701512, -0.12997687855236953, -0.6920209859539006, -0.5967448398338733, -0.16029022468169193, 0.3915148560999012, 0.7016689431799727, 0.29780353064465864, -0.0250356398670101, 0.4151434705197057, -0.014477069710100904], [-0.32121703305160626, 0.7177082591171912, -0.12950604850846165, -0.07313555652151298, 0.2518532910857164, -0.5183252091367079, -0.5778206243645115, 0.1695761234526728, -0.17695629277303476, 0.22585774495044858, 0.668442775140169, 0.10830450723869614], [-0.309462464583, -0.12143828569658847, -0.7336012608017628, 0.340304334944044, -0.2020610833529194, 0.26668071055976156, -0.40656400368425516, -0.1357236102180955, 0.3090135646255417, 0.6171912777478461, 0.28155798251537245, -0.17898936819999509]], "inverted": false, "swapped": false, "error_lsq": 0.05541313606642676, "error_max": 0.40859190447121246, "target": "410.xyz", "model": "0.xyz", "model_rescale": 3.8414455957264533, "target_rescale": 3.792081490065536},
{"mapping": [5, 8, 10, 2, 6, 4, 3, 11, 0, 7, 13, 14], "R": [[0.6777964025776886, -0.693422775021244, 0.24445222791903778], [-0.5269682544010481, -0.6900098795849563, -0.49617620350906244], [0.5127343322874491, 0.20748788195215506, -0.8330980034406231]], "T": [-0.028580842654304942, 0.07366660848314394, 0.0008386143715527865], "aligned_model": [[-0.43725809478950267, -0.09303032710834286, -0.1597791827175651, -0.6478057681115678, -0.7630307442189566, -0.04902744076499243, 0.05966948869086475, 0.7784220407309431, 0.46929959634382074, -0.1084733789965196, 0.3899934246473471, 0.019545181877237857], [-0.30408179057903034, 0.7924681536891329, 0.07919178900956769, -0.24583969567892477, 0.1985350433008847, -0.4024495050905576, -0.6569627709387258, 0.20534213693349515, -0.09951168928936088, 0.08680062949312511, 0.6643885037991266, 0.02690113198032614], [-0.35216540200174845, -0.3208335791168841, -0.6708292859744335, 0.2439043275266038, -0.2337213776592361, 0.2629695317952039, -0.2670596330716462, -0.2393140527907966, 0.4984747416280234, 0.6383334631852816, 0.22598351390629304, -0.05883445357071243]], "inverted": true, "swapped": false, "error_lsq": 0.05074163184471104, "error_max": 0.2914986038835602, "target": "410.xyz", "model": "1.xyz", "model_rescale": 4.316132596720782, "target_rescale": 3.792081490065536},
{"mapping": [10, 3, 7, 8, 6, 1, 9, 5, 0, 2, 4, 11], "R": [[-0.5251804694244663, -0.5756794780602007, 0.6267205223027508], [-0.8264032022247104, 0.16925780209725422, -0.5370377489357256], [0.20308427287173683, -0.7999655836156592, -0.564634256083189]], "T": [-0.03334851203301378, -0.02379348900385044, -0.041013357123417186], "aligned_model": [[-0.5782674402473116, -0.01237871956459987, 0.04334823551208386, -0.6655920223722074, -0.6125616643902225, -0.04076271660254297, 0.3064437393305015, 0.551002333072019, 0.541299717059789, -0.12857628259847168, 0.12064083533622075, -0.06607121895249127], [-0.21137064089156493, 0.4833959959990643, -0.044588709610201685, -0.2165590191656617, 0.5579360903997641, -0.49017386654552547, -0.6025764042162931, 0.12051208434679654, -0.029943784889045467, 0.03236511719732661, 0.6513761956381108, 0.09440887836628889], [-0.29618775308187506, -0.45734988319988495, -0.9321622153371804, 0.3464730424163623, 0.005877831631283532, 0.2365323804037393, -0.3564544264271981, -0.27224889341049746, 0.3757067470802024, 0.7887476231640845, 0.2977533900257311, -0.009780049408818367]], "inverted": false, "swapped": false, "error_lsq": 0.04423100175071873, "error_max": 0.26892377408169227, "target": "410.xyz", "model": "2.xyz", "model_rescale": 3.795458400668931, "target_rescale": 3.792081490065536},
{"mapping": [6, 1, 2, 3, 8, 5, 10, 0, 4, 9, 7, 11], "R": [[0.016716703765072435, -0.3754422727780109, 0.9266950154319991], [-0.4120277813670046, 0.8418850819341539, 0.3485148722773639], [-0.9110179247396919, -0.38765011108989134, -0.14061910316518253]], "T": [0.0062102171773382245, 0.034381587044167175, -0.07864211891749778], "aligned_model": [[-0.5431668807134752, -0.08260790399081919, -0.09179236409044114, -0.6916399188363281, -0.6458653087924441, -0.1115366993948026, 0.36365360291117876, 0.6817006794541075, 0.5389589267754414, -0.2909487314331164, 0.20776727564349898, 0.12400211804996719], [-0.015559382682881928, 0.5099586604627119, -0.2189771281836298, -0.18772590272680784, 0.4413174394694903, -0.5412736230501044, -0.5751411607694984, 0.34632722323959264, -0.1732584984025714, 0.05247625067050861, 0.6085805584155707, 0.09805750018667837], [-0.2859751854474014, -0.4813909619331695, -0.7955313480860986, 0.23875900929302535, 0.06194115702044162, 0.30682040621081824, -0.2779584034829355, -0.3207381734237392, 0.21121843490247894, 0.7373994150844498, 0.382847415172348, -0.05048397145426878]], "inverted": true, "swapped": false, "error_lsq": 0.05404849814709254, "error_max": 0.2647215629892846, "target": "410.xyz", "model": "3.xyz", "model_rescale": 3.7530521520055578, "target_rescale": 3.792081490065536},
{"mapping": [0, 6, 5, 8, 3, 7, 4, 2, 1, 10, 11], "R": [[0.1424823578509017, 0.04148560067643858, 0.9889275618758753], [0.9199737641287764, 0.36305641942187405, -0.1477779064383421], [-0.3651671548975603, 0.930843156097247, 0.013563470460688037]], "T": [0.035640090552041266, -0.038496129307518265, -0.03344113060624498], "aligned_model": [[-0.35937749001698194, -0.36274908688836416, 0.21513958846927306, 0.5056165199976309, 0.31870659145337976, -0.038156746581281036, -0.2272137111093946, -0.7272964238254411, -0.41931017869331094, 0.3993637982289326, 0.03347674141076247], [-0.6152191463995383, 0.06632914428327459, -0.25871201885282236, 0.2876019322671799, -0.783292022683922, 0.7148410411861285, -0.4259825643079097, -0.09502924900458523, 0.24353306173285044, 0.3939058560831398, -0.060772675989449514], [-0.05838690847867946, -0.7685265072961991, -0.43388597372572285, -0.2544096711993135, 0.07061306289265826, -0.0343234328902379, 0.5485706374541844, -0.07322510928564076, 0.5887909726276999, 0.4286374735403851, 0.07897623360618208]], "inverted": false, "swapped": true, "error_lsq": 0.05022956618952192, "error_max": 0.2928288366674693, "target": "410.xyz", "model": "4.xyz", "model_rescale": 3.7855080009869324, "target_rescale": 3.792081490065536},
{"mapping": [6, 5, 7, 11, 4, 13, 8, 9, 14, 12, 2, 16], "R": [[-0.9279910141238296, -0.0878938280013135, 0.362087493162498], [0.274113995542477, 0.49717809713973043, 0.8232104573997198], [-0.2523770892001995, 0.8631851566864391, -0.437283878187891]], "T": [0.013049095562691355, 0.07392719077843606, -0.04756775199400047], "aligned_model": [[-0.522567516270019, -0.012727897266728065, -0.2722337553484509, -0.5801216108678587, -0.6256900173999971, -0.08696786630303749, 0.14752107322702457, 0.6968114414533944, 0.46283567983335405, -0.12176654765270581, 0.31807932741182243, 0.055352484765969025], [-0.2596712117094634, 0.6246710191533495, 0.030403914121403128, -0.23018918599860916, 0.34669491205147934, -0.5833537255506183, -0.5376797889662509, 0.2722769076426151, 0.019525014493769074, -0.032130270841868494, 0.6127034927423676, 0.08153085949088515], [-0.21461271316712816, -0.6401215696063075, -0.7390074754992059, 0.3861348773605197, -0.3017544937184601, 0.24026213395286672, -0.36875938251111934, -0.041206666317380944, 0.4548562028076107, 0.6109471075112572, 0.35549842331574616, -0.015328650272449812]], "inverted": true, "swapped": false, "error_lsq": 0.04021984371532168, "error_max": 0.20973685170444428, "target": "410.xyz", "model": "5.xyz", "model_rescale": 4.2253639853439635, "target_rescale": 3.792081490065536},
{"mapping": [8, 0, 9, 10, 1, 5, 11, 7, 6, 2, 3, 13], "R": [[-0.6362767313191297, 0.38869637210711594, -0.6663835618415348], [-0.3860692905234906, 0.5874155834954625, 0.7112618611885315], [0.6679089938730671, 0.7098296010856773, -0.2236951347839632]], "T": [-0.06921167089438868, 0.04671487518746724, -0.05870888719195304], "aligned_model": [[-0.5445906179366667, 0.07472458255910541, -0.23150016020529335, -0.6961435948898154, -0.69773176248186, -0.1326158343748392, 0.32730353960461833, 0.6480621260491755, 0.4778054842101475, -0.09502748193268974, 0.3625548153533878, -0.0343163003725028], [-0.4352853738388343, 0.7069610930867941, 0.08148695869355889, -0.17253155277566962, 0.4019855385142062, -0.4730349677807842, -0.6094311193990399, 0.3609723403460234, -0.09858989953342052, 0.023786186571625886, 0.4769248369711864, 0.08153789577341265], [-0.3546066604959257, -0.4904726374281274, -0.6461182639737787, 0.3504363692756451, -0.1908112422372823, 0.29707374200529585, -0.19213268733345684, -0.18579846913002307, 0.24686716322391483, 0.6113503871831019, 0.303929448941503, -0.022809356174917576]], "inverted": true, "swapped": false, "error_lsq": 0.04299019911316906, "error_max": 0.2342574636584874, "target": "410.xyz", "model": "6.xyz", "model_rescale": 3.89814844738969, "target_rescale": 3.792081490065536},
{"mapping": [7, 2, 4, 3, 0, 8, 11, 10, 9, 6, 5, 12], "R": [[-0.15072366190865774, 0.8938353647316009, 0.4223040592937407], [0.1725055727777111, 0.4444106551931543, -0.8790568792242204], [-0.9734085499426637, -0.05964486822785192, -0.22117478290393713]], "T": [-0.12221351187109425, 0.04315327972364069, -0.07437437912714129], "aligned_model": [[-0.5975966757887243, 0.0468359664308895, -0.08119200244718355, -0.7589299119041752, -0.6111506545564152, -0.05665377960469077, 0.28572598123803034, 0.5407573453765093, 0.623406102284082, -0.2127071915037513, 0.2809714608738608, -0.0009418448156647968], [-0.32518835182022154, 0.6170381421420379, 0.048928298376353985, -0.1993147589914929, 0.3725447813131907, -0.5146011914807214, -0.6168385475969433, 0.26037729652006825, -0.05062429030006457, 0.12079893314784135, 0.5316304893413616, 0.10003113597764876], [-0.33821139222656504, -0.45335496318628665, -0.7176314609446826, 0.3594267421259758, -0.015619833331904046, 0.30285054538267153, -0.30532140130953955, -0.3028191908855382, 0.40853662445648947, 0.5913266780138622, 0.37441120159216307, -0.1766857558306972]], "inverted": false, "swapped": false, "error_lsq": 0.04336064215075891, "error_max": 0.2168253685110521, "target": "410.xyz", "model": "7.xyz", "model_rescale": 3.7474275329858107, "target_rescale": 3.792081490065536},
{"mapping": [0, 12, 1, 6, 10, 3, 2, 4, 8, 5, 9, 14], "R": [[0.9265312771874763, -0.3182954855850467, 0.20056863226717114], [0.03242186174949163, 0.5986889540980556, 0.8003251583710671], [-0.37481810958655837, -0.7350234826841631, 0.5650237735076313]], "T": [-0.04047700550855117, 0.17805225984792453, -0.08793573899168373], "aligned_model": [[-0.5497424334864901, -0.1211527898190195, -0.11210100000851053, -0.6679375042282754, -0.722486413913605, -0.1399270540695769, 0.4350554406844826, 0.7323160017966802, 0.47484754485444713, -0.08311352936707525, 0.20926794643693108, 0.0034985867027787707], [-0.20959049055717496, 0.5835997230705815, -0.24905809603063941, -0.10991344510839643, 0.5098950280822898, -0.46278327461528046, -0.46336476437481466, 0.09797510589741933, -0.07606991078350298, -0.007487411188012244, 0.5663357944420977, 0.16524367779449123], [-0.2447638600407422, -0.5458279661575466, -0.7021413783039657, 0.3483063654791582, -0.08530824859127979, 0.2179630066662228, -0.35447389668165097, -0.1806959843603209, 0.27958683996540556, 0.6025558404841458, 0.518037689327746, -0.12633061393122325]], "inverted": false, "swapped": false, "error_lsq": 0.04725621484673841, "error_max": 0.24511180802106367, "target": "410.xyz", "model": "8.xyz", "model_rescale": 4.019505241142653, "target_rescale": 3.792081490065536},
{"mapping": [2, 11, 6, 3, 5, 0, 1, 9, 7, 4, 8, 12], "R": [[0.6814693827653331, 0.07018802630794152, -0.7284731438539322], [-0.7217782452570959, -0.10008553504207679, -0.6848496552886107], [-0.12097786998878624, 0.9925001393643917, -0.017545037322257276]], "T": [-0.017303346225870223, -0.0062980880294716095, -0.17419291047091998], "aligned_model": [[-0.44434224613206136, 0.05526684801943692, -0.3887848888241499, -0.7450149999929464, -0.5459957996472247, 0.003549830129689971, 0.37332536636274655, 0.614677109956328, 0.45836772923590313, -0.2190566222304436, 0.3330185912987165, -0.03648612259322796], [-0.41141830361671783, 0.5885508835874054, 0.10697680374551986, -0.15718693403634051, 0.3946992400119905, -0.42022752326002105, -0.5220223682018585, 0.2377149664121233, -0.062457389374011005, 0.10228445733623694, 0.46003378174870585, 0.027834322276025846], [-0.23324840222326618, -0.34193614242539183, -0.7883851445223314, 0.2572339232611387, -0.07314761497986551, 0.32667997335959054, -0.36846843109199523, -0.2658356608457683, 0.5940304625900857, 0.6227387790147266, 0.1663156190908376, -0.16906956737181225]], "inverted": true, "swapped": false, "error_lsq": 0.054127181540157894, "error_max": 0.3147737382641017, "target": "410.xyz", "model": "9.xyz", "model_rescale": 3.877068213659057, "target_rescale": 3.792081490065536},
{"mapping": [4, 12, 3, 7, 5, 2, 13, 10, 9, 8, 11, 15], "R": [[0.18795444351761964, 0.7871521569129243, 0.5874220025069826], [0.606364165582105, 0.3774995618617914, -0.699868973088587], [-0.7726549202974765, 0.4877351357668288, -0.4063481407347813]], "T": [-0.010069070565157524, 0.03388751283080131, -0.08221165107375103], "aligned_model": [[-0.5410328110669826, 0.03282370251211227, -0.28942471786547297, -0.5875309154602464, -0.6128838402923873, 0.0060512674961248, 0.26617240790346536, 0.6710992541377444, 0.3688294901307309, -0.11199345708208844, 0.29340237562003574, -0.036987960450268864], [-0.367515508381408, 0.6988757760138918, -0.0044484677156676755, -0.2751813452855147, 0.4369859548298715, -0.5629669092508119, -0.5788334319631621, 0.22764911504366925, -0.1491910404170858, 0.1750915534262915, 0.6272177882361619, 0.1170984520928225], [-0.20486482298133868, -0.4200667021829636, -0.65076430267709, 0.4049236771974034, -0.37396744227447254, 0.20737476347623865, -0.4641830967970325, -0.04126126170780334, 0.4262796742631694, 0.6694503568531845, 0.23483651861245045, -0.06084956792579714]], "inverted": false, "swapped": false, "error_lsq": 0.0405874623530526, "error_max": 0.19222592962025747, "target": "410.xyz", "model": "10.xyz", "model_rescale": 4.260839863003843, "target_rescale": 3.792081490065536},
{"mapping": [10, 8, 9, 6, 7, 5, 4, 2, 3, 0, 1, 11], "R": [[0.7248324705233705, 0.6792457905629998, 0.11507843272061272], [-0.6653000625000565, 0.7335106383317894, -0.13906103081565363], [-0.17886787445600283, 0.024234262038204595, 0.9835745950516693]], "T": [-0.04244845169876675, 0.04719686402659479, -0.06145175138473488], "aligned_model": [[-0.5362471921319862, -0.0689733947562824, 0.012325876320222015, -0.6228224781938699, -0.5293608031600099, -0.02020918254995198, 0.24442858012970908, 0.608898271715152, 0.46240919328015406, -0.32278602550611757, 0.2836775954461631, -0.05281564501041533], [-0.18583350511137509, 0.5568683998830823, -0.0852555705435824, -0.3090508077832243, 0.4449804754187239, -0.5718371553461772, -0.5210249508016469, 0.18487347711385083, -0.08860850601453454, 0.2112186883666419, 0.6124007669030231, 0.09605062454427674], [-0.3699860980111487, -0.5665703117170866, -0.8457918477228683, 0.4279447344569315, 0.12372435340355517, 0.2085726919807038, -0.4232920426235691, -0.22622347908164045, 0.4186614969089324, 0.7537426765323104, 0.25071325736571326, -0.024587637635884535]], "inverted": true, "swapped": false, "error_lsq": 0.048968884737459334, "error_max": 0.3322611740209185, "target": "410.xyz", "model": "11.xyz", "model_rescale": 3.890672605050136, "target_rescale": 3.792081490065536},
{"mapping": [5, 10, 9, 7, 12, 8, 6, 2, 0, 3, 4, 13], "R": [[0.2379909776803988, 0.42909347054259894, -0.8713432665031823], [0.5464102686355732, 0.6825409479437932, 0.48535932329521525], [0.8029919755964744, -0.5916220482011267, -0.07202249100090231]], "T": [0.1166961603838998, -0.072065307188091, -0.11983060152939728], "aligned_model": [[-0.6188836286949295, 0.01629223899134019, -0.21975677191940973, -0.6180342504770358, -0.46596334466490635, -0.10787130373641551, 0.3452464508278926, 0.5093004167905852, 0.42721828703169873, -0.024537942544877234, 0.20760419475815323, 0.007910449220671356], [-0.2761172976519924, 0.7556729734329383, -0.2242844018628617, 0.07231598822740086, 0.3772630548312632, -0.622358637543992, -0.5563703287422631, 0.517755603946276, -0.16964851659016844, -0.04568613438284666, 0.4888148170086364, 0.02742481595666807], [-0.2690195452267254, -0.44279947898680966, -0.8049942225589286, 0.2879554148648222, -0.2370657114852338, 0.28752397431640697, -0.3326022039037196, -0.17930601078958563, 0.3728640968915765, 0.7925400596681502, 0.29029896262370636, -0.03848754155771093]], "inverted": false, "swapped": false, "error_lsq": 0.04908228931265693, "error_max": 0.3028498690890629, "target": "410.xyz", "model": "12.xyz", "model_rescale": 4.124412569039231, "target_rescale": 3.792081490065536},
{"mapping": [3, 1, 0, 9, 6, 7, 5, 4, 10, 11, 2, 12], "R": [[-0.861049205098392, 0.26810776584848883, -0.43210240949473944], [-0.026003176372422297, -0.8718248269944295, -0.48912708558684237], [-0.5078563785342981, -0.4099264530716034, 0.7576557277907708]], "T": [-0.12884190487292452, -0.027383694283795747, -0.09174101594411531], "aligned_model": [[-0.6753394252657261, -0.1312951979574279, -0.009487648038603358, -0.6141396796972928, -0.6798603871290994, -0.08860635236368844, 0.3560558773157288, 0.605566043242987, 0.34417784503192145, 0.03692061887377923, 0.3526755833913878, -0.03814248182119993], [-0.22411906783596508, 0.74030255314254, -0.07448239286695446, -0.19274556521712966, 0.3491817310217385, -0.6004537176610751, -0.5602432560531888, 0.17536713441938853, -0.14284261471404672, 0.29089224996160484, 0.5898444025825118, -0.005919520150364493], [-0.5057325964910327, -0.36287955207324146, -0.6576947838097645, 0.29007411391893295, -0.1385376767292979, 0.15935562508615625, -0.32558007883068335, -0.2861974968180514, 0.4628139643694231, 0.8365779326787797, 0.2682116178611466, -0.013503275306418594]], "inverted": true, "swapped": false, "error_lsq": 0.050324980327236736, "error_max": 0.3442129394977951, "target": "410.xyz", "model": "13.xyz", "model_rescale": 3.9028299243045295, "target_rescale": 3.792081490065536},
{"mapping": [4, 13, 10, 0, 5, 3, 7, 11, 1, 2, 12, 15], "R": [[-0.4105269993613793, 0.9104498686214122, 0.05048385407826726], [0.9087993868972446, 0.4130505134596318, -0.0589317207107269], [-0.07450675922716447, 0.02168663316396169, -0.9969846702790757]], "T": [-0.003868726718025413, 0.027157427008448982, 0.030842357995149183], "aligned_model": [[-0.5465891085552895, -0.07017928054808925, -0.09513001280551411, -0.713238076448245, -0.37071319859660834, -0.19559124747856138, 0.13504198735902706, 0.6801643655180567, 0.5121744493197491, -0.09128111294314198, 0.1497686477055857, 0.06409738305579826], [-0.2522406895526933, 0.6527054134911653, -0.04575654623308136, -0.2073844207266299, 0.3388673323069938, -0.5406390424305865, -0.6531975589552685, 0.301431060945781, 0.061530019094629886, 0.030122304075350895, 0.7001261306490802, -0.04078206603568255], [-0.2636989013951259, -0.4559265593089487, -0.7051654763495439, 0.39001036404394734, -0.14341005101559737, 0.20271175481710635, -0.5509212214992046, -0.021401213769042842, 0.4241828226322491, 0.7619374638426673, 0.11887059245065541, -0.030281780593213157]], "inverted": false, "swapped": false, "error_lsq": 0.046060668253909316, "error_max": 0.24667666458304968, "target": "410.xyz", "model": "14.xyz", "model_rescale": 3.942246331269136, "target_rescale": 3.792081490065536},
{"mapping": [2, 8, 7, 1, 0, 5, 9, 11, 4, 3, 13, 14], "R": [[0.6554022342367465, 0.2766098541941393, 0.7028050226913425], [-0.6676037890953973, -0.2229882866838575, 0.7103389365558295], [0.3532040375518799, -0.9347530222280618, 0.0385187654599084]], "T": [0.08371438241131329, 0.022439909165021414, 0.019898053246726357], "aligned_model": [[-0.5225924072054944, 0.00138201293704876, -0.18578223375308384, -0.591523111139604, -0.5488133420651145, -0.30434823032825875, 0.21328559445570755, 0.6565233777951811, 0.4972394626968045, -0.07793079476440173, 0.3325497926654034, -0.011465325711420782], [-0.31418781781981325, 0.5902504744647307, -0.08969230058379266, 0.0060938484299382575, 0.21188276995498884, -0.4540625570818301, -0.6146779445202863, 0.4187318229004993, 0.01305671854876208, -0.14688550579164567, 0.6813967632820236, 0.042875664845483455], [-0.29904045011884445, -0.4993836325063622, -0.7837047401417904, 0.46759054746808215, -0.30373377944691204, 0.17842996310565493, -0.45492238403155194, -0.15025951658708064, 0.4353170473133696, 0.6994182303174525, 0.425837272245358, 0.011359236238572969]], "inverted": false, "swapped": false, "error_lsq": 0.0443575123099087, "error_max": 0.2749524651875111, "target": "410.xyz", "model": "15.xyz", "model_rescale": 4.355366556412066, "target_rescale": 3.792081490065536},
{"mapping": [10, 3, 7, 8, 6, 1, 9, 5, 0, 2, 4, 11], "R": [[-0.5251804694244663, -0.5756794780602007, 0.6267205223027508], [-0.8264032022247104, 0.16925780209725422, -0.5370377489357256], [0.20308427287173683, -0.7999655836156592, -0.564634256083189]], "T": [-0.03334851203301378, -0.02379348900385044, -0.041013357123417186], "aligned_model": [[-0.5782674402473116, -0.01237871956459987, 0.04334823551208386, -0.6655920223722074, -0.6125616643902225, -0.04076271660254297, 0.3064437393305015, 0.551002333072019, 0.541299717059789, -0.12857628259847168, 0.12064083533622075, -0.06607121895249127], [-0.21137064089156493, 0.4833959959990643, -0.044588709610201685, -0.2165590191656617, 0.5579360903997641, -0.49017386654552547, -0.6025764042162931, 0.12051208434679654, -0.029943784889045467, 0.03236511719732661, 0.6513761956381108, 0.09440887836628889], [-0.29618775308187506, -0.45734988319988495, -0.9321622153371804, 0.3464730424163623, 0.005877831631283532, 0.2365323804037393, -0.3564544264271981, -0.27224889341049746, 0.3757067470802024, 0.7887476231640845, 0.2977533900257311, -0.009780049408818367]], "inverted": false, "swapped": false, "error_lsq": 0.04423100175071873, "error_max": 0.26892377408169227, "target": "410.xyz", "model": "16.xyz", "model_rescale": 3.795458400668931, "target_rescale": 3.792081490065536},
{"mapping": [7, 2, 4, 3, 0, 8, 11, 10, 9, 6, 5, 12], "R": [[-0.15072366190865774, 0.8938353647316009, 0.4223040592937407], [0.1725055727777111, 0.4444106551931543, -0.8790568792242204], [-0.9734085499426637, -0.05964486822785192, -0.22117478290393713]], "T": [-0.12221351187109425, 0.04315327972364069, -0.07437437912714129], "aligned_model": [[-0.5975966757887243, 0.0468359664308895, -0.08119200244718355, -0.7589299119041752, -0.6111506545564152, -0.05665377960469077, 0.28572598123803034, 0.5407573453765093, 0.623406102284082, -0.2127071915037513, 0.2809714608738608, -0.0009418448156647968], [-0.32518835182022154, 0.6170381421420379, 0.048928298376353985, -0.1993147589914929, 0.3725447813131907, -0.5146011914807214, -0.6168385475969433, 0.26037729652006825, -0.05062429030006457, 0.12079893314784135, 0.5316304893413616, 0.10003113597764876], [-0.33821139222656504, -0.45335496318628665, -0.7176314609446826, 0.3594267421259758, -0.015619833331904046, 0.30285054538267153, -0.30532140130953955, -0.3028191908855382, 0.40853662445648947, 0.5913266780138622, 0.37441120159216307, -0.1766857558306972]], "inverted": false, "swapped": false, "error_lsq": 0.04336064215075891, "error_max": 0.2168253685110521, "target": "410.xyz", "model": "17.xyz", "model_rescale": 3.7474275329858107, "target_rescale": 3.792081490065536},
{"mapping": [3, 5, 8, 11, 10, 1, 0, 6, 2, 7, 9, 13], "R": [[-0.9372447919880569, 0.26640077536043955, -0.22495072077817574], [0.24392166873349702, 0.0399527738021761, -0.96897161743148], [-0.24914738492211852, -0.963033957216914, -0.10242645084938234]], "T": [-0.07285379600588661, 0.08479864883505715, -0.007416301058020153], "aligned_model": [[-0.5400876894017749, -0.16802691780694012, -0.18170380360682342, -0.690625775888922, -0.6533719067533934, -0.15126451845817485, 0.4207474289772364, 0.6861996258137842, 0.48192864353693077, -0.12158181996455614, 0.3575072586683279, 0.018804270467072295], [-0.3439954297970851, 0.7084984903747289, -0.022082126406968328, -0.04237474890689273, 0.33805018371827067, -0.5584774246938151, -0.4726800186900171, 0.2155801575321053, -0.23718357759013853, 0.1578037220209022, 0.5698880790810797, 0.03175462998688875], [-0.24911302900725446, -0.3611966301046246, -0.7099706597717353, 0.34460837078220286, -0.2818279510237212, 0.23458797295271672, -0.3878341722608557, -0.049044551887290594, 0.296518913175008, 0.7407248092991836, 0.15751329949737447, -0.008058577795055076]], "inverted": true, "swapped": false, "error_lsq": 0.04500602391010897, "error_max": 0.22316519839227777, "target": "410.xyz", "model": "18.xyz", "model_rescale": 3.922800546911778, "target_rescale": 3.792081490065536},
{"mapping": [13, 5, 12, 4, 8, 11, 7, 0, 2, 10, 1, 14], "R": [[-0.20090341167989417, -0.7697645718913128, 0.6058880449690054], [0.7630830939674927, 0.26486702587135075, 0.5895334174642387], [-0.6142817031919297, 0.5807821988207368, 0.5341816420063241]], "T": [-0.05292436826694509, 0.08094413955905086, -0.007379301118216573], "aligned_model": [[-0.5680056693615927, 0.0842513699939406, -0.053822951591254733, -0.6128784419315851, -0.5293626039569287, -0.2483841120132146, 0.13230205267442702, 0.6685510946416735, 0.506967189880676, -0.0581354116947337, 0.15419961197997134, -0.017157333038612013], [-0.30241660370479095, 0.6039372405360753, -0.0585015238736204, -0.12491995484356538, 0.43032081156875546, -0.571693401619757, -0.6214489358941013, 0.4317010149955387, 0.042125632884785685, -0.20118221697562697, 0.7198287273470535, -0.0029688537916877644], [-0.25138655635261564, -0.5460765754279462, -0.7814388234188888, 0.4024237602592346, -0.16654337573826997, 0.2002341406131109, -0.3398641272371957, -0.24165564740973836, 0.4377538581076439, 0.748251700917941, 0.3039230667325193, -0.038713627189846195]], "inverted": true, "swapped": false, "error_lsq": 0.044758890072616915, "error_max": 0.2517019472035434, "target": "410.xyz", "model": "19.xyz", "model_rescale": 3.9282355846067225, "target_rescale": 3.792081490065536},
{"mapping": [2, 0, 10, 5, 1, 7, 12, 11, 8, 6, 4, 13], "R": [[0.33898160561890806, -0.6173714565473915, -0.7098901011371967], [0.9379394443311951, 0.2804990997081001, 0.20393590618288387], [0.07321932681823667, -0.7349644479180593, 0.674141076093711]], "T": [0.014758740587229771, -0.0046615136664109776, 0.09241289478469615], "aligned_model": [[-0.6487008898488417, -0.03174958216872483, -0.03759888098013657, -0.632970257997973, -0.5569568570234675, -0.15919226394526448, 0.33118564530936273, 0.4662804515128323, 0.6537519466872374, -0.16381112168890172, 0.3059762858170821, -0.06768968009043806], [-0.2609069982495668, 0.6939921031010815, -0.1112057527979976, 0.004619603633079113, 0.36616188214405915, -0.5995644306129496, -0.6799285705782012, 0.35874028143441083, 0.03282716910597158, -0.05985343835141384, 0.5296584844867881, 0.07024160331379768], [-0.32337043914326763, -0.29477838596548805, -0.7608990959684778, 0.35327906258358, -0.2192473061952286, 0.15509737300904192, -0.3158551067599076, -0.3288120465545736, 0.5033920431002897, 0.7184406176479193, 0.2628896552644645, -0.023228577162403577]], "inverted": true, "swapped": false, "error_lsq": 0.04527886345163345, "error_max": 0.2751844013885761, "target": "410.xyz", "model": "20.xyz", "model_rescale": 4.067790424073018, "target_rescale": 3.792081490065536},
{"mapping": [5, 0, 4, 1, 8, 13, 6, 3, 11, 10, 12, 14], "R": [[0.234397638214633, -0.9428876644398051, 0.23668671159710597], [0.7182290437502367, 0.0038875778824299864, -0.6957958949662097], [0.6551372283064235, 0.33308818499829385, 0.6781205446685122]], "T": [-0.06252696496717328, 0.0817773399983501, -0.07866719599751829], "aligned_model": [[-0.47108372741955107, -0.03634468243363753, -0.2747777689638334, -0.7602401437419463, -0.5612720767324453, -0.15030654140905517, 0.3586214025075649, 0.741328493370057, 0.44032102484621827, -0.11990541742377081, 0.35112181746519977, -0.05893758448203359], [-0.32765039973283083, 0.7169654835819091, -0.1932647169672103, 0.08333869979496736, 0.18785220300902228, -0.46246234298470745, -0.40533512698115204, 0.3257768923502724, -0.11914981139160852, -0.054838099820445046, 0.5106381981484093, 0.082910957622432], [-0.19663506726310304, -0.39538243063766776, -0.8010064222888804, 0.3531880848529142, -0.3339500462882633, 0.3528666016399119, -0.4432387250310921, -0.21292678487042888, 0.27460951276502643, 0.7271434246513235, 0.4029830049125379, -0.0007433585863299286]], "inverted": false, "swapped": false, "error_lsq": 0.05018593919752808, "error_max": 0.2633726162748103, "target": "410.xyz", "model": "21.xyz", "model_rescale": 4.186013935880536, "target_rescale": 3.792081490065536},
{"mapping": [0, 9, 1, 5, 2, 6, 7, 10, 4, 3, 11, 12], "R": [[0.6347044701757019, -0.04227235850745109, -0.771597876646378], [-0.3893580921264038, -0.8799877978342655, -0.27206938776438405], [-0.6674957015851626, 0.473111533751839, -0.5749912738436246]], "T": [-0.06487232712097186, 0.12078884995773409, -0.055988776882823305], "aligned_model": [[-0.5462831265244984, 0.1694619947676818, -0.22518429669457612, -0.7080727246464973, -0.7437785332592327, -0.027136520012443495, 0.3720001266094638, 0.737794701927321, 0.5310550121178687, -0.16346367404467937, 0.11505984255354239, -0.05292800721118323], [-0.3884396211858899, 0.5244431117270867, -0.13859190487820328, 0.11445508179372711, 0.37370472248734987, -0.3838870048445109, -0.35892687940220563, 0.19332063461325583, -0.08579103796817783, -0.16686070873808545, 0.5495761350293251, 0.11177940799538738], [-0.23125556609503048, -0.46538030437057676, -0.7209285729279367, 0.37388551650852, -0.21352965270407748, 0.17581100624625123, -0.39853661012230335, -0.27223912562551933, 0.3043048603364581, 0.8157199660069434, 0.37148269256164757, -0.012426415958427542]], "inverted": true, "swapped": false, "error_lsq": 0.05265475331072061, "error_max": 0.3111424102990906, "target": "410.xyz", "model": "22.xyz", "model_rescale": 4.166573947596378, "target_rescale": 3.792081490065536},
{"mapping": [9, 13, 14, 8, 10, 3, 11, 6, 2, 4, 1, 15], "R": [[-0.4614444285616166, -0.48700299576456085, 0.7415504847721339], [0.7211006690913074, -0.6928019381229804, -0.006268936840592987], [0.5168006040877975, 0.5318397847560727, 0.670867780538835]], "T": [-0.05256651757234408, 0.051477486239094344, -0.03537781067491307], "aligned_model": [[-0.42349276879381226, -0.19388776708356487, -0.221890842555226, -0.705912398258752, -0.5864973966475636, -0.019045045933811885, 0.22464556608032532, 0.6597579810852198, 0.4897847648448528, -0.0969245432472504, 0.35029858713350315, -0.018311341041152798], [-0.3786091683798819, 0.7028856554262525, 0.09116552642879559, -0.09346089922752293, 0.4218706739391215, -0.46357742143567815, -0.6513471061437782, 0.3102501841095602, -0.10791531867200033, -0.04836257159563202, 0.45766196915311486, 0.1042204130267077], [-0.23002711572258072, -0.5574016036657754, -0.8072145133881478, 0.41872698431146305, -0.40775924949733167, 0.272877611070404, -0.26183836009842437, -0.10421189682381932, 0.32966774729297615, 0.6912017388407452, 0.3898432308051132, -0.006956779268673358]], "inverted": true, "swapped": false, "error_lsq": 0.04343576905827986, "error_max": 0.21624068073484254, "target": "410.xyz", "model": "23.xyz", "model_rescale": 4.274766983524099, "target_rescale": 3.792081490065536},
{"mapping": [9, 4, 0, 5, 2, 6, 8, 7, 10, 1, 11], "R": [[-0.05137889808291518, -0.8590338877676277, -0.5093338674176504], [0.611877011763264, -0.4301497056109833, 0.6637603130938483], [-0.789282415430272, -0.27754641130740565, 0.5477237061356176]], "T": [-0.06582630623472369, 0.031192701893222596, -0.021507942721547303], "aligned_model": [[0.3076479034380628, 0.13897837889685893, -0.4651334501908328, -0.3456759743767899, -0.530276551624914, -0.8329291327993378, 0.10958620605696934, 0.10699230049179598, 0.6197657024378489, 0.25571273923335675, 0.015226582395056643], [-0.3897309350645278, 0.6993991013916518, 0.48054549577010347, -0.2773163705541671, 0.5778804745605775, -0.1639892297708096, -0.5464022029587816, -0.14831173268272668, -0.08213833581746116, 0.6568935065950858, 0.10875675977453876], [-0.5273446228270082, -0.28519488804783366, -0.3791481119652225, -0.2814646614271385, 0.24732161727085147, 0.26747311675625873, 0.08647104759394147, 0.6932476317318802, 0.20188122989394086, 0.4013444518739646, -0.045020376832057216]], "inverted": true, "swapped": true, "error_lsq": 0.05083650870723133, "error_max": 0.25907134200106596, "target": "410.xyz", "model": "24.xyz", "model_rescale": 3.7841303162186577, "target_rescale": 3.792081490065536},
{"mapping": [13, 6, 11, 12, 3, 9, 10, 0, 8, 2, 1, 15], "R": [[0.034298766838740335, 0.13051277165622224, -0.990853173294587], [0.4759195290342435, -0.8739398892565823, -0.09863909899232068], [-0.8788197747417646, -0.46818317611892435, -0.09208863731226918]], "T": [0.010006440582847977, 0.008559895078864, -0.02722276742357218], "aligned_model": [[-0.6526878545230772, -0.11872032282855527, -0.22869633676717843, -0.6196461231657552, -0.6622739032652677, -0.03859106874989968, 0.35147051107280647, 0.7209763649524489, 0.39002990932638054, -0.1433360934100527, 0.475712450517557, -0.015712737576639362], [-0.24809519320938767, 0.6155908910385566, -0.0065450369519477886, -0.28409656228430424, 0.42052887764743463, -0.45748812736696753, -0.6008957816082042, 0.17309254596356274, 0.08849285780130103, 0.06443626159072195, 0.5168319975695975, 0.06292920643869594], [-0.35427694360979883, -0.3973163266337231, -0.7567571355491695, 0.27783747803064485, -0.19251821294469837, 0.3228889738635587, -0.36959854342931603, -0.12092827839454526, 0.41847967626886484, 0.7090902956557749, 0.25172843967821806, -0.06172162907986133]], "inverted": false, "swapped": false, "error_lsq": 0.037343928849869, "error_max": 0.2185821552634017, "target": "410.xyz", "model": "25.xyz", "model_rescale": 4.19342608120988, "target_rescale": 3.792081490065536},
{"mapping": [10, 3, 7, 8, 6, 1, 9, 5, 0, 2, 4, 11], "R": [[-0.5251804694244663, -0.5756794780602007, 0.6267205223027508], [-0.8264032022247104, 0.16925780209725422, -0.5370377489357256], [0.20308427287173683, -0.7999655836156592, -0.564634256083189]], "T": [-0.03334851203301378, -0.02379348900385044, -0.041013357123417186], "aligned_model": [[-0.5782674402473116, -0.01237871956459987, 0.04334823551208386, -0.6655920223722074, -0.6125616643902225, -0.04076271660254297, 0.3064437393305015, 0.551002333072019, 0.541299717059789, -0.12857628259847168, 0.12064083533622075, -0.06607121895249127], [-0.21137064089156493, 0.4833959959990643, -0.044588709610201685, -0.2165590191656617, 0.5579360903997641, -0.49017386654552547, -0.6025764042162931, 0.12051208434679654, -0.029943784889045467, 0.03236511719732661, 0.6513761956381108, 0.09440887836628889], [-0.29618775308187506, -0.45734988319988495, -0.9321622153371804, 0.3464730424163623, 0.005877831631283532, 0.2365323804037393, -0.3564544264271981, -0.27224889341049746, 0.3757067470802024, 0.7887476231640845, 0.2977533900257311, -0.009780049408818367]], "inverted": false, "swapped": false, "error_lsq": 0.04423100175071873, "error_max": 0.26892377408169227, "target": "410.xyz", "model": "26.xyz", "model_rescale": 3.795458400668931, "target_rescale": 3.792081490065536},
{"mapping": [4, 7, 3, 11, 10, 9, 2, 0, 1, 8, 6, 12], "R": [[-0.43223175802367636, 0.9016511634168622, 0.014173456345615551], [0.8781913691453176, 0.424451797944131, -0.22050077183689742], [-0.2048307264900338, -0.0828604292229622, -0.9752838165142246]], "T": [-0.07387528378684596, -0.024083863758955996, 0.07757869117034383], "aligned_model": [[-0.7743727888466952, -0.08735876358265794, -0.027636083404884944, -0.7045198404813113, -0.6255299030218938, -0.053207296642608565, 0.5340596162240219, 0.5779426275906732, 0.40833478180421645, -0.12154174921795785, 0.3854210159279039, -0.053066820766038775], [-0.24303145903428433, 0.6172406623476745, -0.04861471947980803, -0.19630332952048304, 0.3556931817415018, -0.4387219492041339, -0.5667705575200361, 0.12358052691279375, -0.12944365686833997, 0.2026985825305869, 0.546705712283752, 0.12174894243983583], [-0.3227066802394327, -0.4211488362593319, -0.658856460294805, 0.3677553450517159, -0.16559409780245565, -0.03206793450127131, -0.25519934846365344, -0.416993679901781, 0.4042680500264905, 0.7682662762870938, 0.45762227896678404, 0.0015628809865958215]], "inverted": true, "swapped": false, "error_lsq": 0.0522001912630562, "error_max": 0.29536020841939764, "target": "410.xyz", "model": "27.xyz", "model_rescale": 3.6321398670334006, "target_rescale": 3.792081490065536},
{"mapping": [13, 12, 6, 11, 9, 1, 4, 7, 3, 0, 8, 14], "R": [[0.15779887353795763, -0.05818670556148151, 0.9857554579133981], [0.23518258464359174, 0.9717512948382148, 0.019712251535859718], [-0.9590561335972528, 0.22872194533134474, 0.1670257594903669]], "T": [-0.0776866353097189, 0.06842515643069762, 0.10234737525473835], "aligned_model": [[-0.6861088394652554, 0.14740801270773407, -0.21498407672694803, -0.6666758312493849, -0.6023518988152002, 0.0708661473803735, 0.33793179158786224, 0.6387662810475648, 0.4921241834693525, -0.11902524688133695, 0.16312514585011598, -0.10255087332211037], [-0.3336378532599624, 0.6069339293763216, -0.041142622477381235, -0.03797699709175155, 0.37022302317413175, -0.583641149012638, -0.41873324551608, 0.23719417139487853, -0.07511772717773944, 0.08868132697366406, 0.5204617348380796, 0.01153734540753562], [-0.2645927964940862, -0.48318693779142874, -0.6546544421447968, 0.3353627078207389, -0.18087792396845115, 0.0993808610017133, -0.4233952109933923, -0.14075676340813958, 0.457693898144652, 0.7246756656032582, 0.17092020975162808, 0.08633852633425332]], "inverted": false, "swapped": false, "error_lsq": 0.04272960666264636, "error_max": 0.24583442785627718, "target": "410.xyz", "model": "28.xyz", "model_rescale": 4.156811204709835, "target_rescale": 3.792081490065536},
{"mapping": [8, 10, 9, 3, 1, 7, 5, 2, 0, 11], "R": [[0.9076034991374646, -0.28806510168958965, -0.30540855512247306], [0.3405136943774476, 0.9306194452231218, 0.13415614825281486], [0.24557343564574033, -0.22575638498429085, 0.9427235768474087]], "T": [-0.1859742565695304, 0.04561943778044229, -0.01186855232474096], "aligned_model": [[-0.48548556748253713, -0.1751827164821469, 0.15307270908860757, 0.5067198854259665, -0.1130552037362961, -0.7843624010332104, -0.22379970034895214, -0.30703364091069646, 0.1732820356734138, -0.10123002608356042], [-0.09920445450718919, -0.6509676047635755, -0.012253717309897307, 0.37620783492609294, -0.4952076934226066, -0.41309023107618265, 0.44301508155204256, 0.2785876883022455, 0.515084019036062, -0.0234505921107879], [-0.5270033898060202, -0.22965992894104922, -0.685833160726744, -0.24969407497818039, 0.6012234703511586, 0.055069570881211394, -0.2977306139138861, 0.7077989426091736, 0.36204125319836333, 0.02257465830107279]], "inverted": true, "swapped": true, "error_lsq": 0.05266129225524152, "error_max": 0.3077303341438494, "target": "410.xyz", "model": "29.xyz", "model_rescale": 4.117894457231895, "target_rescale": 3.792081490065536},
