[{"mapping": [10, 7, 8, 12, 5, 0, 2, 11, 3, 6, 4, 13], "R": [[0.12366307549191727, -0.6206228067474693, 0.774296309887096], [0.8848423732223405, -0.28423400704380997, -0.36914089964412766], [0.4491786040208693, 0.7307792833576447, 0.5140041057279119]], "T": [0.01866477315914465, -0.20148323402442178, 0.16680246822826678], "aligned_model": [[-0.060017070799328234, -0.1828001106361285, 0.37882688716249474, -0.200966701373044, 0.7524991448833874, -0.6590054987771626, -0.47907315587303795, 0.4537724266540412, 0.05509235791349236, 0.32162947398382535, -0.16346452435857983, -0.0014602778375783776], [-0.5345313039326827, 0.23116958437621696, 0.33309796491978894, -0.6907525760566019, -0.29844246649735606, -0.4265946525761459, 0.2547328111419034, -0.25743401308206815, 0.002535796553367914, 0.4544915667375371, 0.7202957285829933, -0.13684950777318766], [-0.7809934355417918, -0.41938685426303385, -0.27488217605394955, -0.05113636336404026, 0.3232865969951888, 0.45920678822376276, 0.5347455610364553, -0.3759798832131634, 0.646645746839936, 0.4167139225619435, -0.008002250504318825, 0.018622422308922276]], "inverted": true, "swapped": false, "error_lsq": 0.05039750825179465, "error_max": 0.25539496583948307, "target": "411.xyz", "model": "0.xyz", "model_rescale": 3.8414455957264533, "target_rescale": 3.904585768461832},
{"mapping": [7, 0, 13, 4, 8, 3, 1, 9, 10, 12, 11, 14], "R": [[-0.789995602010653, -0.42811362761233673, -0.4388914110078159], [0.3583604660891697, -0.9032536320035723, 0.23603104163797692], [-0.49747836651273514, 0.029182154220700834, 0.8669853959132531]], "T": [0.05463866582836252, -0.22090298528735894, 0.044796695042594106], "aligned_model": [[0.012723033955508, -0.34235312227409564, 0.4300478129411376, -0.41444361550338904, 0.7862902978604601, -0.6206283993264211, -0.6365096140601042, 0.5522337957075499, 0.19129229850416216, 0.3255022409302718, -0.07130023381735853, 0.0021784560246610463], [-0.4184854008619696, 0.08596845328301347, 0.3094219243537085, -0.44343224333872555, 0.011863278346620959, -0.3172650928780315, 0.2300366176995959, -0.3952732171919071, -0.20622150413111173, 0.35726813577200023, 0.6170170466434503, -0.17917906530287853], [-0.5652518858061141, -0.47840958347108165, -0.34593398345294235, -0.11725199362812157, 0.23136612812104823, 0.4296416209257151, 0.3045377600167778, -0.38822038191801506, 0.7152379968714391, 0.46269694907822995, 0.13587257425916033, 0.10455487402981528]], "inverted": true, "swapped": false, "error_lsq": 0.05122059569195516, "error_max": 0.3548424736330755, "target": "411.xyz", "model": "1.xyz", "model_rescale": 4.316132596720782, "target_rescale": 3.904585768461832},
{"mapping": [7, 10, 6, 5, 4, 9, 1, 3, 0, 2, 8, 11], "R": [[-0.7370710871076721, -0.06958915602305743, -0.6722228513773636], [0.6741357329208044, -0.005626380927744923, -0.7385860528313446], [0.047615398236750706, -0.9975598694823558, 0.051059579405838884]], "T": [-0.03756189013957108, -0.04032063141872336, 0.045738038648853965], "aligned_model": [[-0.3115013963072101, -0.2933825398257483, 0.5299326282734025, 0.03813041212339012, 0.707120330036576, -0.6803177292580954, -0.40530944356321313, 0.329743930218305, 0.07890258368794084, 0.2526306773309965, -0.11536029770049862, 0.08444379592653652], [-0.5970231114032061, 0.290852967842149, 0.363267782713113, -0.6682250060224911, -0.08542030857834407, -0.39953857614521715, 0.19598362378824538, -0.37174809808144316, -0.2742015233123457, 0.49147097239571413, 0.7216320342198747, -0.015331825022283065], [-0.598855333578563, -0.4255534220588812, -0.3914831028222403, 0.1713033748232215, 0.24001655318498383, 0.1339361378207063, 0.36748219061872683, -0.3858396223947533, 0.705775774940931, 0.6234156006523562, 0.02544865915833881, 0.02319326468108408]], "inverted": false, "swapped": false, "error_lsq": 0.05106068070695021, "error_max": 0.27665313919625606, "target": "411.xyz", "model": "2.xyz", "model_rescale": 3.795458400668931, "target_rescale": 3.904585768461832},
{"mapping": [10, 2, 3, 4, 9, 0, 1, 5, 7, 8, 6, 11], "R": [[0.6645100578135698, 0.3629924296293571, 0.6531943654811961], [-0.26609801962552465, -0.701860422171958, 0.6607448764386864], [0.6982966611806046, -0.612885343127389, -0.3698017430511147]], "T": [-0.055021545028172594, -0.04877569916961942, 0.031817788400811786], "aligned_model": [[-0.23551968814056495, -0.5429477134999489, 0.6036333023650259, -0.014054647368013026, 0.7667599467227189, -0.663147507962315, -0.4732466139433884, 0.4738633746271981, 0.08593123804810728, 0.2702865057405557, 0.047978283823906245, -0.10450352947089941], [-0.42918221740760776, 0.2752644085710444, 0.3697566359259402, -0.6873072979899698, -0.12932873903457964, -0.45702547397580284, 0.31776367091381097, -0.253149400443459, -0.27485758246728137, 0.562282353235508, 0.504808925210856, -0.14730635014469412], [-0.5696155301102199, -0.46280466773199375, -0.13573668638535957, -0.007601038669835525, 0.3015232395720236, 0.30699569222279993, 0.3267847761627584, -0.3833168253547597, 0.7475842248894233, 0.39423421425267385, -0.14205399058265133, 0.11284666676105182]], "inverted": false, "swapped": false, "error_lsq": 0.053822918959802124, "error_max": 0.32464235730046076, "target": "411.xyz", "model": "3.xyz", "model_rescale": 3.7530521520055578, "target_rescale": 3.904585768461832},
{"mapping": [1, 2, 7, 4, 3, 9, 5, 10, 6, 8, 11], "R": [[0.5298212316876, -0.7942523741161613, 0.2974098664534789], [0.46377712074528166, 0.5649253778217741, 0.6824735157983367], [-0.7100705913683872, -0.22365706718940837, 0.6676655387018126]], "T": [-0.09824270510197881, -0.14631891550187803, -0.031576350165833926], "aligned_model": [[-0.5454290196369324, -0.2719009396893846, 0.4364835068601703, 0.3951981198317343, 0.32305215332991616, -0.18459636104707625, -0.09631245255047219, -0.5995723286732891, -0.4647022216706156, 0.35152494242379073, -0.005545796732636249], [-0.5690837680555456, 0.11662464049782656, -0.3627613110614349, 0.32244684426825215, -0.5936361212057537, 0.5733037535141354, -0.47961592826761934, 0.263925806802774, 0.09374690080846337, 0.21891250214011282, -0.11665996112686478], [-0.18651733290482697, -0.6450581754985507, -0.4752295501310295, -0.34484097369299693, 0.15893996998122567, -0.15633964545355478, 0.7397912053887445, -0.031512439299604435, 0.6423267190324851, 0.38992734817680536, 0.0013436516466192386]], "inverted": false, "swapped": true, "error_lsq": 0.04432058571557635, "error_max": 0.20993618895221278, "target": "411.xyz", "model": "4.xyz", "model_rescale": 3.7855080009869324, "target_rescale": 3.904585768461832},
{"mapping": [2, 1, 13, 3, 15, 5, 7, 14, 10, 8, 6, 16], "R": [[-0.8417563860579683, -0.06887576857176853, -0.5354459029951364], [0.5312860501336555, -0.2817266833820161, -0.7989776021916686], [-0.09581920195872867, -0.9570194378246544, 0.27373796989415805]], "T": [-0.011010140754136019, 0.019122077338966963, -0.05381095416949186], "aligned_model": [[-0.05424118399511506, -0.44787782121282316, 0.5049615323966051, -0.22822315974641638, 0.724523970202015, -0.6443949993620076, -0.4172329349005264, 0.4887545003234334, 0.04950355152258405, 0.37608282083180705, -0.15802683651724891, 0.021203511400074912], [-0.5745682635853181, 0.10123656844074622, 0.5155186576841682, -0.6371039639299182, -0.13133458282821042, -0.3040000292517394, 0.2829089911627588, -0.30015304924103636, -0.2541822886582345, 0.3250744919123205, 0.6471058179450956, -0.018783417256866563], [-0.491359287010784, -0.6665978495182029, -0.16440619097023934, 0.014030718422409827, 0.28629266491907235, 0.3328658743811391, 0.5178261487963034, -0.37938136991514926, 0.6189498433270557, 0.4480476245864945, 0.04668571626387756, -0.07411381825606579]], "inverted": true, "swapped": false, "error_lsq": 0.043805629464438965, "error_max": 0.22764965513427882, "target": "411.xyz", "model": "5.xyz", "model_rescale": 4.2253639853439635, "target_rescale": 3.904585768461832},
{"mapping": [12, 9, 8, 6, 5, 3, 4, 11, 2, 10, 1, 13], "R": [[-0.6495679443604402, 0.5491240870006812, 0.525855705241486], [-0.33396880287159586, 0.41526611180449546, -0.8461789970776217], [-0.6830273232952438, -0.7252701520553875, -0.08635324064382333]], "T": [-0.06140002181237954, -0.0027108465578828574, -0.009354720590669052], "aligned_model": [[-0.165049598529667, -0.14448087559414924, 0.47874248358022703, -0.02548723832533166, 0.5060418962533517, -0.5296351630340659, -0.45178806561085294, 0.429066735699459, 0.07580333974087426, 0.3857019733753972, -0.24565488693146603, -0.09822764968139419], [-0.5766415650540053, 0.31075384789237204, 0.40995031227310813, -0.6287235268546257, -0.1551235186685799, -0.4037508331995428, 0.2499331459672929, -0.4899838372326647, -0.15863255587069533, 0.4282302577178167, 0.7025381016509633, -0.03683089622767412], [-0.7381921922411623, -0.5264948220655825, -0.2988745255421658, 0.13395042311676975, 0.22627489013906507, 0.3412622418311547, 0.5241989322940863, -0.366511802485829, 0.6286384378214651, 0.4627703104486619, 0.07655131929320708, 0.02526686241624046]], "inverted": false, "swapped": false, "error_lsq": 0.045683364006256964, "error_max": 0.23955041197629637, "target": "411.xyz", "model": "6.xyz", "model_rescale": 3.89814844738969, "target_rescale": 3.904585768461832},
{"mapping": [3, 8, 11, 0, 4, 1, 5, 7, 2, 10, 9, 12], "R": [[-0.7915664158549187, 0.08666734760709707, -0.6049060920087918], [0.4135851513101718, -0.65273803434448, -0.634728588560376], [-0.44985545668174404, -0.7526100114792889, 0.4808411782645123]], "T": [0.04795988786502063, -0.08645400276461172, -0.022241825667058138], "aligned_model": [[-0.2742883361215755, -0.04546496522012296, 0.5657982679093719, -0.17642090572475522, 0.6262393682727933, -0.5224842158905121, -0.5437604041828799, 0.4170448721320318, 0.1497342671402906, 0.1980536835106283, -0.30181820721544345, 0.12239952633255526], [-0.48919651554774063, 0.24688276969296225, 0.4586537955750432, -0.631877028827017, -0.1945458094063059, -0.40005800097469196, 0.21648325742794783, -0.45482751207774474, -0.21126261863328472, 0.3946935792181168, 0.7345431445079889, -0.017770128561508516], [-0.6438015470169275, -0.6034863226460152, -0.32231060039269677, 0.034126335357229184, 0.24120606720841165, 0.5172418801397436, 0.3785981877929268, -0.42143089311618465, 0.6674049169838776, 0.5114926775393529, 0.017316326548984726, 0.11248304662720866]], "inverted": true, "swapped": false, "error_lsq": 0.05459403260901094, "error_max": 0.30392654780046996, "target": "411.xyz", "model": "7.xyz", "model_rescale": 3.7474275329858107, "target_rescale": 3.904585768461832},
{"mapping": [13, 4, 9, 12, 7, 1, 2, 11, 0, 5, 8, 14], "R": [[0.6742992262319686, 0.019119951635052312, -0.7382106616355807], [-0.18740233422309885, 0.9713695720979821, -0.1460189012762289], [0.7142835001809172, 0.23680283328468937, 0.6585768744175894]], "T": [0.06305152492566948, -0.10239499777541489, 0.1429228332799042], "aligned_model": [[-0.31477168845369885, -0.40871554074135097, 0.5764116468526654, 0.013958666513602697, 0.7349548379182957, -0.5614103357722943, -0.7006147020839056, 0.5047957618224922, -0.020647644147216287, 0.4519054892865757, -0.06979061521530522, 0.008957074962521537], [-0.37182953117015477, 0.26271278575162726, 0.2875129051205216, -0.6622378274850844, -0.020258879912512726, -0.3892587565286932, 0.24171574091644016, -0.3027252170407833, -0.2993100108042486, 0.46232483565387655, 0.5449576550508763, -0.1018847671580995], [-0.6269904607595062, -0.3633952367170349, -0.2630003769000403, -0.1116523345486928, 0.21827021582211006, 0.44715693475018736, 0.22653616410550917, -0.24593419444031087, 0.7661660958727093, 0.35005942626696696, -0.02589015359626387, 0.11751399517027722]], "inverted": true, "swapped": false, "error_lsq": 0.05164338907235791, "error_max": 0.31304340239697215, "target": "411.xyz", "model": "8.xyz", "model_rescale": 4.019505241142653, "target_rescale": 3.904585768461832},
{"mapping": [3, 2, 7, 5, 8, 6, 10, 4, 11, 9, 1, 12], "R": [[-0.07037985347114434, 0.7577052498357532, -0.648790744845146], [0.9936776537487355, -0.0037798856527748725, -0.11220709828197162], [-0.08747226226517946, -0.6525859842471267, -0.7526487470915106]], "T": [-0.03406261193657262, 0.014394857101990271, 0.030776215940649426], "aligned_model": [[-0.11203604632551084, -0.45356969504515526, 0.762695386618212, -0.04056455842086876, 0.5917100338661259, -0.6381864100306498, -0.606715153766429, 0.5302250689017913, 0.1205431558350106, 0.29949792976591055, -0.2136038228344008, -0.0249629376216538], [-0.4937376970925742, -0.04309392752325046, 0.3174772050470971, -0.6556520147921624, -0.059827617665751356, -0.264990278151219, 0.45698139772821866, -0.3053766196477491, -0.2907851903778814, 0.3488513656716295, 0.6644996691801759, -0.022627359982767725], [-0.6578327141779404, -0.3823593660184691, -0.2740217042929888, -0.008206258310400328, 0.27375060016776176, 0.32239278052988857, 0.5914597083051927, -0.4858670721745378, 0.5505951451697916, 0.5249586421002566, -0.007091832235683989, 0.041062145963040274]], "inverted": true, "swapped": false, "error_lsq": 0.05487376821051306, "error_max": 0.31564589672945453, "target": "411.xyz", "model": "9.xyz", "model_rescale": 3.877068213659057, "target_rescale": 3.904585768461832},
{"mapping": [1, 4, 2, 0, 9, 12, 6, 8, 10, 14, 13, 15], "R": [[-0.8252535766368652, 0.5562904303443285, 0.09745507352305338], [-0.15029613729124602, -0.3826610959569388, 0.9115818979973032], [0.5443965515719151, 0.7376391006097471, 0.3994007409710839]], "T": [-0.05906725205718323, -0.014845357070450274, 0.005126082197105676], "aligned_model": [[-0.21864722964110622, -0.20228894829488536, 0.4122065851870575, -0.21265293577064526, 0.5774816187435632, -0.5766715491378943, -0.4290446460709108, 0.5091022434954314, 0.13866081408849934, 0.373856958818084, -0.07748065608760538, -0.079489304387206], [-0.5008090675214981, 0.28050214568210013, 0.38218648216214285, -0.7942355388194968, -0.0010598161940051226, -0.4379562406919623, 0.19140339169685838, -0.490626738509429, -0.06183156937149788, 0.44089977150922305, 0.7457476496535094, -0.10250153720217937], [-0.6957876878790711, -0.5867760026865334, -0.2410893659660391, -0.047108178449013625, 0.17908239235770784, 0.33867995718304605, 0.4533255430129109, -0.2096725146502722, 0.684763255379803, 0.46815367538406655, 0.14223086197625937, 0.0030381393630468517]], "inverted": false, "swapped": false, "error_lsq": 0.04103334680919113, "error_max": 0.18895200575272075, "target": "411.xyz", "model": "10.xyz", "model_rescale": 4.260839863003843, "target_rescale": 3.904585768461832},
{"mapping": [4, 5, 2, 10, 8, 6, 0, 9, 7, 1, 3, 11], "R": [[0.02962064531139119, -0.6889549516258637, 0.7241986550674758], [-0.27851677762593874, -0.7015115014740625, -0.6559801962563123], [0.9599744902611738, -0.182270919045827, -0.2126647364232947]], "T": [0.05715640654405323, -0.04630746007254319, 0.03807930333624069], "aligned_model": [[0.055543984814682416, -0.5085405067395407, 0.49359686137288644, -0.05501105103600449, 0.7151487110385009, -0.7143762154754593, -0.5047470128578629, 0.5356004193258973, 0.001421691176215746, 0.3137898574651741, -0.17590884606713633, 0.05851505792502831], [-0.18689129007769084, -0.011541791449463656, 0.37658993462120305, -0.662980670551039, -0.2543063349946463, -0.2689348570398964, 0.28061619036340835, -0.5168657000191925, -0.20528294261439706, 0.525259522835758, 0.5959751283949498, -0.019918257075228117], [-0.6804862437354734, -0.3298734828123386, -0.27978017676698386, 0.0164828920516921, 0.2365635654729867, 0.27980185076089564, 0.6275025328624396, -0.3925011544283094, 0.6715033846085713, 0.39961920301359305, -0.1542400560365126, 0.09424776003535038]], "inverted": false, "swapped": false, "error_lsq": 0.05814484020845102, "error_max": 0.42067842422486745, "target": "411.xyz", "model": "11.xyz", "model_rescale": 3.890672605050136, "target_rescale": 3.904585768461832},
{"mapping": [3, 7, 5, 0, 6, 4, 10, 8, 11, 9, 12, 13], "R": [[-0.8111068932697559, -0.3948001278829574, -0.4315535502274147], [-0.527102126869609, 0.17359201416878467, 0.8318829006935768], [-0.25351322557180295, 0.9022187493288008, -0.3489016664043828]], "T": [0.11028602805098707, -0.1392347219852713, 0.1749727132401639], "aligned_model": [[-0.2687337354088578, -0.1905093765621867, 0.34613639686589215, 0.013984931374374968, 0.6422504696895932, -0.5642590470176075, -0.5294762092841337, 0.4571654480525904, 0.07849532549082588, 0.5110028903897192, -0.266637788275226, -0.014386354372601759], [-0.558018675172248, 0.22568684807675524, 0.47104876716779986, -0.6916561703114906, -0.3053295047531155, -0.3186707140389716, 0.3217616779165986, -0.3325667586499198, -0.055633946068096796, 0.4875550937744726, 0.4867325982600952, -0.07919028380811344], [-0.555798916930279, -0.5344767511640769, -0.24562311202690446, -0.010098035273100048, 0.32154931407053566, 0.11293473872817578, 0.5965496378933497, -0.4262663718304786, 0.7178929885956069, 0.40384153837515113, 0.029282983279569574, 0.07905206130836169]], "inverted": false, "swapped": false, "error_lsq": 0.051310392048692866, "error_max": 0.263124280199594, "target": "411.xyz", "model": "12.xyz", "model_rescale": 4.124412569039231, "target_rescale": 3.904585768461832},
{"mapping": [5, 7, 9, 0, 6, 4, 2, 3, 1, 8, 8, 12], "R": [[0.9384006407087473, -0.24211014425436567, 0.24655002649876784], [-0.3433700743373644, -0.5733436476607302, 0.7438911571840613], [-0.038745703851726876, -0.7827258394458555, -0.6211594245415709]], "T": [0.00940790984002337, -0.06866041217013939, -0.07925463023407765], "aligned_model": [[-0.45618805947873575, -0.11571088446483369, 0.4010626332029764, -0.0027781138270981873, 0.5829061707763737, -0.6594650056668429, -0.4900095623945993, 0.6105532033618818, 0.1141997658697918, 0.16168941524392025, 0.16168941524392025, -0.09291602692437231], [-0.4604546217917636, 0.08538760229034732, 0.365999102688213, -0.6475969963401679, 0.03928553031228997, -0.3603110666703834, 0.2846045031153662, -0.4019022823877819, -0.22078639908871817, 0.4865981050715088, 0.4865981050715088, -0.00570264987665392], [-0.5303239926754925, -0.6739748762897545, -0.3367793005299207, -0.04115836098432936, 0.24794597029813642, 0.21370470889074134, 0.5275250676003386, -0.26985255198637154, 0.7136770502546121, 0.34899114387346886, 0.34899114387346886, -0.05990592729898668]], "inverted": true, "swapped": false, "error_lsq": 0.055852568994559426, "error_max": 0.3525718302348435, "target": "411.xyz", "model": "13.xyz", "model_rescale": 3.9028299243045295, "target_rescale": 3.904585768461832},
{"mapping": [6, 3, 10, 1, 14, 2, 8, 9, 12, 13, 5, 15], "R": [[-0.0003493752883546031, 0.5207108314105429, 0.8537330425775081], [0.48721154140895817, -0.7454627874302686, 0.4548737698247739], [0.8732839125134592, 0.41610751328044493, -0.25343588052355454]], "T": [-0.07038624967858502, 0.011139807421682909, -0.024204167326435086], "aligned_model": [[-0.11418489780873202, -0.4072861623147485, 0.48854035072563456, -0.12811516162102665, 0.7946902008911929, -0.7291223274032845, -0.5669688313383331, 0.4822786037690027, 0.045834414818823804, 0.40698944666140613, -0.06255878909153045, 0.004936103653976981], [-0.49670754887389673, 0.0268923694063672, 0.4537557081988106, -0.6257713377302868, -0.058783392152822966, -0.28364780754096747, 0.28850205353763764, -0.36561607476223346, -0.09215675398890844, 0.38177061408204255, 0.44691813323958746, -0.023437031021564417], [-0.45383308089580743, -0.5485511429969496, -0.24110235032668043, 0.0907319960424303, 0.14843456996566678, 0.12179861183990555, 0.49827366337959206, -0.41594645693433224, 0.6540751752053974, 0.49289988554245673, 0.24438067078483094, -0.10232146658059922]], "inverted": false, "swapped": false, "error_lsq": 0.04657323336703877, "error_max": 0.22694675806542025, "target": "411.xyz", "model": "14.xyz", "model_rescale": 3.942246331269136, "target_rescale": 3.904585768461832},
{"mapping": [10, 9, 7, 4, 8, 3, 1, 11, 12, 0, 2, 14], "R": [[-0.6195652995242696, 0.5073922501597019, 0.5989089614484635], [-0.46139880434662767, 0.38184969757218534, -0.8008133064650795], [-0.6350196713275149, -0.7724920148078591, -0.002470644691131285]], "T": [0.001317316183615927, -0.12719465479646233, 0.00042164170465813777], "aligned_model": [[-0.1933559882447835, -0.1229097305420944, 0.41654735320022446, -0.21966591498404253, 0.7486633451917002, -0.601997865466553, -0.4153227164788472, 0.49190445675392175, -0.0300083639058199, 0.2575161276075404, -0.12343899505896015, 0.007101242870095989], [-0.4598046984397097, 0.2563115704026582, 0.5588909911069, -0.6668513494041342, 0.024895860459294844, -0.3200745692084675, 0.14480050397434838, -0.6056860141860069, -0.3149374209201188, 0.46596901910222543, 0.6254690697137067, -0.05726403020693124], [-0.5999727115780211, -0.6964663853324633, -0.29597338351268837, -0.0595870279225556, 0.13150678343657893, 0.3400627180006327, 0.6400083462013055, -0.2104842642182128, 0.7953100701635967, 0.3514722190581748, 0.02452764201811093, 0.06843606871145287]], "inverted": false, "swapped": false, "error_lsq": 0.04715473630776939, "error_max": 0.28377435274459084, "target": "411.xyz", "model": "15.xyz", "model_rescale": 4.355366556412066, "target_rescale": 3.904585768461832},
{"mapping": [7, 10, 6, 5, 4, 9, 1, 3, 0, 2, 8, 11], "R": [[-0.7370710871076721, -0.06958915602305743, -0.6722228513773636], [0.6741357329208044, -0.005626380927744923, -0.7385860528313446], [0.047615398236750706, -0.9975598694823558, 0.051059579405838884]], "T": [-0.03756189013957108, -0.04032063141872336, 0.045738038648853965], "aligned_model": [[-0.3115013963072101, -0.2933825398257483, 0.5299326282734025, 0.03813041212339012, 0.707120330036576, -0.6803177292580954, -0.40530944356321313, 0.329743930218305, 0.07890258368794084, 0.2526306773309965, -0.11536029770049862, 0.08444379592653652], [-0.5970231114032061, 0.290852967842149, 0.363267782713113, -0.6682250060224911, -0.08542030857834407, -0.39953857614521715, 0.19598362378824538, -0.37174809808144316, -0.2742015233123457, 0.49147097239571413, 0.7216320342198747, -0.015331825022283065], [-0.598855333578563, -0.4255534220588812, -0.3914831028222403, 0.1713033748232215, 0.24001655318498383, 0.1339361378207063, 0.36748219061872683, -0.3858396223947533, 0.705775774940931, 0.6234156006523562, 0.02544865915833881, 0.02319326468108408]], "inverted": false, "swapped": false, "error_lsq": 0.05106068070695021, "error_max": 0.27665313919625606, "target": "411.xyz", "model": "16.xyz", "model_rescale": 3.795458400668931, "target_rescale": 3.904585768461832},
{"mapping": [3, 8, 11, 0, 4, 1, 5, 7, 2, 10, 9, 12], "R": [[-0.7915664158549187, 0.08666734760709707, -0.6049060920087918], [0.4135851513101718, -0.65273803434448, -0.634728588560376], [-0.44985545668174404, -0.7526100114792889, 0.4808411782645123]], "T": [0.04795988786502063, -0.08645400276461172, -0.022241825667058138], "aligned_model": [[-0.2742883361215755, -0.04546496522012296, 0.5657982679093719, -0.17642090572475522, 0.6262393682727933, -0.5224842158905121, -0.5437604041828799, 0.4170448721320318, 0.1497342671402906, 0.1980536835106283, -0.30181820721544345, 0.12239952633255526], [-0.48919651554774063, 0.24688276969296225, 0.4586537955750432, -0.631877028827017, -0.1945458094063059, -0.40005800097469196, 0.21648325742794783, -0.45482751207774474, -0.21126261863328472, 0.3946935792181168, 0.7345431445079889, -0.017770128561508516], [-0.6438015470169275, -0.6034863226460152, -0.32231060039269677, 0.034126335357229184, 0.24120606720841165, 0.5172418801397436, 0.3785981877929268, -0.42143089311618465, 0.6674049169838776, 0.5114926775393529, 0.017316326548984726, 0.11248304662720866]], "inverted": true, "swapped": false, "error_lsq": 0.05459403260901094, "error_max": 0.30392654780046996, "target": "411.xyz", "model": "17.xyz", "model_rescale": 3.7474275329858107, "target_rescale": 3.904585768461832},
{"mapping": [0, 2, 9, 8, 5, 3, 11, 4, 10, 12, 7, 13], "R": [[0.015530978968922263, -0.4040041406819716, 0.9146253019702049], [0.2463573024224865, 0.8880818839097675, 0.38809618268464585], [-0.9690546260327033, 0.21929710846953754, 0.11332215132760876]], "T": [-0.05355091775382298, 0.007909811148606328, 0.014753646949090198], "aligned_model": [[-0.28173558368964335, -0.2495571977675478, 0.47539766045749704, 0.01951859438073905, 0.5788283951886435, -0.5216252093551033, -0.4730357567739122, 0.5240371008386038, 0.06364791837243101, 0.37255353184067713, -0.22202486878839794, -0.07097163376160501], [-0.47199303189507325, 0.25355654561630586, 0.33682757858857204, -0.702863356054552, -0.16327141088497027, -0.381646340167458, 0.2584919295180809, -0.46095990683996274, -0.23087911017648496, 0.4746383999410625, 0.739919350842862, -0.0001017160946167623], [-0.6308216083474714, -0.6216989780358487, -0.2296858542093903, 0.09423196096686665, 0.3213695800898829, 0.3143227438583165, 0.5467101617055228, -0.35372849692276664, 0.6516866531016269, 0.41454902680367317, 0.07130312666111577, -0.08939824064561655]], "inverted": false, "swapped": false, "error_lsq": 0.04214847298695302, "error_max": 0.21509654632736752, "target": "411.xyz", "model": "18.xyz", "model_rescale": 3.922800546911778, "target_rescale": 3.904585768461832},
{"mapping": [0, 1, 8, 3, 13, 9, 10, 12, 11, 4, 6, 14], "R": [[-0.5147858648598166, -0.1373233080596421, 0.8462492672989957], [-0.13085852248487745, -0.9629358153360362, -0.23586153276063868], [0.8472730141067902, -0.23215711190200408, 0.47773582130683373]], "T": [0.04983267335492965, -0.036996062874497256, -0.04083559379707305], "aligned_model": [[-0.3341147773774737, -0.35854714033284735, 0.47899253987949625, -0.07670014165649834, 0.616372085317561, -0.5110104465405557, -0.4470093884411825, 0.5931550689536933, 0.09346742896988554, 0.18623218923662377, -0.07724094983278233, 0.05143648276646183], [-0.4560904364571616, 0.3375060965848003, 0.3368991798320753, -0.6468833136980982, -0.05222099254048169, -0.44625529059918734, 0.28395603016341836, -0.5735159763149642, -0.11170329239619575, 0.45894945833153517, 0.6408164734560139, -0.11973900396798917], [-0.6535238479560057, -0.5317093904785674, -0.2653680201136923, -0.18635614764847624, 0.34725594570087426, 0.3842585902410903, 0.5075605831298593, -0.22941237256149974, 0.6661003656281212, 0.46837983326212485, -0.027043139473844194, 0.008697675295926785]], "inverted": false, "swapped": false, "error_lsq": 0.045126044561957686, "error_max": 0.22909636555544735, "target": "411.xyz", "model": "19.xyz", "model_rescale": 3.9282355846067225, "target_rescale": 3.904585768461832},
{"mapping": [12, 7, 1, 9, 0, 8, 6, 10, 4, 3, 5, 13], "R": [[0.435852984892163, 0.8827756922133629, -0.17532613267225716], [-0.20145989267495645, 0.2855522415536446, 0.9369492136647983], [0.8771807608492032, -0.3730509275968993, 0.30230269303316837]], "T": [-0.052112381378359274, -0.03573035460571488, 0.02648356482539123], "aligned_model": [[-0.25743267136977355, -0.41997481726464947, 0.5631030885528078, -0.23856687769304122, 0.678826013036124, -0.5052635524625303, -0.49784268965041023, 0.5233034376978417, 0.07476430413965487, 0.2536578347305674, -0.06141678677129753, 0.10187566799708817], [-0.5452781121571233, 0.09911733057528349, 0.38800530113301235, -0.6942250412051794, -0.0935719375343669, -0.4466747240640407, 0.3769817272298854, -0.34417001014269305, -0.18733803700436982, 0.4400505723285548, 0.6604571362820763, -0.0016352730472737192], [-0.6223607975295096, -0.45786249580146476, -0.03232813400789082, -0.07373765928455381, 0.3467653205529437, 0.47859010147768205, 0.26697739811783006, -0.5356516173510673, 0.6267212362935219, 0.5229633263946057, -0.02761410444267999, -0.00362249939350609]], "inverted": true, "swapped": false, "error_lsq": 0.05499542016191919, "error_max": 0.2860266753043829, "target": "411.xyz", "model": "20.xyz", "model_rescale": 4.067790424073018, "target_rescale": 3.904585768461832},
{"mapping": [3, 2, 7, 11, 9, 6, 5, 12, 13, 1, 8, 14], "R": [[0.876659652116858, 0.4766395787557579, 0.06544131962211104], [-0.31054679553511766, 0.6644957686509568, -0.6797102774181395], [-0.3674623002883689, 0.5755519832374031, 0.7305555231864809]], "T": [-0.05603139473302021, 0.004875357684228292, 0.02111690782903016], "aligned_model": [[-0.20107414061306497, -0.5388532818290809, 0.44578792583552074, -0.013975433886810384, 0.7167179113408269, -0.7211127077680156, -0.2943257664528835, 0.4752398156458806, -0.019376790197550647, 0.4400257733087503, -0.07841689242088448, 0.004396537979693874], [-0.5655256643849854, 0.07290510720196873, 0.5375616827841802, -0.6349277086254456, 0.004175181494774898, -0.31886842459022113, 0.30521446365661653, -0.456063551618859, -0.24821153008578276, 0.4141232792215116, 0.5737855848283154, -0.03244948748830802], [-0.5931715362595699, -0.5410013271184624, -0.12409537045494498, 0.1042769131031345, 0.10423080067843155, 0.04145684847919034, 0.46998028870145997, -0.2826923905979688, 0.6728277120071073, 0.5307722090185804, 0.0528649734265342, 0.0533909540424187]], "inverted": false, "swapped": false, "error_lsq": 0.05003581652251941, "error_max": 0.2708584110823913, "target": "411.xyz", "model": "21.xyz", "model_rescale": 4.186013935880536, "target_rescale": 3.904585768461832},
{"mapping": [10, 9, 7, 11, 6, 8, 2, 4, 5, 0, 1, 12], "R": [[-0.2392338047766202, -0.9568553623341225, 0.16490907259619525], [-0.5075688694665712, -0.021544992632209103, -0.8613417765561502], [0.8277324624542213, -0.2897647819610128, -0.48051570394166915]], "T": [0.026869664670522382, -0.06624276550854541, 0.0682076429073922], "aligned_model": [[0.06997207498367036, -0.43535906751663433, 0.4253643909300671, -0.14615432485753255, 0.5750883663998132, -0.7046039027604374, -0.42141401916279714, 0.49273266493622553, 0.04573621081897256, 0.29737973564605596, -0.03834525547647707, 0.05463607700145598], [-0.19639414256419957, 0.008561151432799341, 0.28228439851782416, -0.6735593806602065, -0.04259943298190875, -0.26244658232994045, 0.18261514925659797, -0.47454510581354314, -0.19669571255156798, 0.4730800278132737, 0.6535897085067619, -0.10217114623212549], [-0.7548975957550642, -0.3394683723169747, -0.4397830154318333, 0.05423600304715906, 0.1617495956263746, 0.18702941329547207, 0.6037547276091618, -0.31110359163933854, 0.8305493367422989, 0.46537721262633935, -0.044537465525604975, 0.07593382674792096]], "inverted": false, "swapped": false, "error_lsq": 0.057815286987892456, "error_max": 0.43122015173522604, "target": "411.xyz", "model": "22.xyz", "model_rescale": 4.166573947596378, "target_rescale": 3.904585768461832},
{"mapping": [11, 9, 4, 12, 1, 14, 10, 2, 5, 0, 8, 15], "R": [[-0.2802050235740525, 0.0014565599561326414, -0.9599390726483422], [-0.6990975806206448, -0.6855970014686228, 0.2030254278350252], [-0.6578356310920125, 0.7279798280243265, 0.19312600150017634]], "T": [-0.018074687563480997, -0.0665719606746733, 0.007944655617701427], "aligned_model": [[-0.17333663974449373, -0.4725552224886735, 0.5089449021686986, -0.223473404664038, 0.6320213457095629, -0.7172419585380545, -0.549953670791814, 0.5545117132565002, 0.1987831124083901, 0.49249219257137605, -0.0698535983808021, 0.03469417943573028], [-0.44521269492786253, 0.10491184897168271, 0.3946679462554186, -0.6793362647214267, -0.12858599132965948, -0.3838806815455733, 0.15599275688107886, -0.2938419250862442, -0.15977610680181276, 0.43854460025758324, 0.7240882688838872, -0.07585282444330625], [-0.6663091897517934, -0.3448866251460332, -0.2142300811509945, -0.10028024876553378, 0.293651618066497, 0.198884609732828, 0.48597282090025207, -0.2627995337224855, 0.8050316414212688, 0.3964475302780356, -0.15408770537899147, 0.0514452385428613]], "inverted": false, "swapped": false, "error_lsq": 0.04505964870558565, "error_max": 0.3002144430152006, "target": "411.xyz", "model": "23.xyz", "model_rescale": 4.274766983524099, "target_rescale": 3.904585768461832},
{"mapping": [10, 8, 5, 1, 3, 0, 2, 7, 4, 8, 11], "R": [[0.659333015984903, 0.4381532738485058, 0.6109841918152125], [-0.29788396486587787, -0.5939017076057554, 0.7473592878788303], [0.6903224735643744, -0.6747610468297681, -0.26106016964132894]], "T": [-0.04696040946567093, 0.0048006812714846, -0.07525167313648265], "aligned_model": [[0.25932309888981225, 0.3230463622647774, -0.49205928825332357, -0.5144985132888206, -0.43402088125182386, -0.8108469942818676, 0.27345956422332923, -0.08889524962512158, 0.5477650819983744, 0.3230463622647774, -0.006424838982038467], [-0.24900639489986576, 0.6147056424329778, 0.6442278377848145, -0.38101231846664413, 0.37507062239997335, -0.12204294627052285, -0.5961088968794805, -0.09052821827059528, 0.02223309530925481, 0.6147056424329778, 0.08334246567059352], [-0.5865290032894814, -0.00845930729744912, -0.39008246891570286, -0.2630517777709691, 0.2810668225659393, 0.3190222170929803, 0.033813286602729364, 0.6449992999883053, 0.3801136860438259, -0.00845930729744912, -0.02286701370115094]], "inverted": false, "swapped": true, "error_lsq": 0.0720112991811188, "error_max": 0.47030035395036385, "target": "411.xyz", "model": "24.xyz", "model_rescale": 3.7841303162186577, "target_rescale": 3.904585768461832},
{"mapping": [0, 8, 4, 7, 3, 10, 9, 6, 13, 5, 2, 15], "R": [[-0.5335448280134442, 0.6566315960478799, -0.5330711618271228], [0.8288310052538816, 0.5314477456825819, -0.1749355833978376], [0.16843123590933018, -0.5351618826864595, -0.8277878219021707]], "T": [-0.07790130496215687, -0.08694920383384154, 0.05353704512428075], "aligned_model": [[-0.3540749989476335, -0.33612225665987794, 0.4866874703068028, -0.14501556827775824, 0.6766668795086144, -0.6816357455819767, -0.4839550234287543, 0.5472628957902106, 0.18669980005466058, 0.42998259579808595, -0.09829096688342265, -0.013172130736569004], [-0.361092862506065, 0.24259693249604258, 0.28292909426515167, -0.6893600069693894, -0.04181533238169058, -0.5407284651131739, 0.23813872780280027, -0.3757291608462915, -0.23514432169625482, 0.5769478224014604, 0.6652419270616879, -0.11026542212051248], [-0.5708853235588223, -0.3638106130376306, -0.26447852413930684, -0.18184022655981283, 0.33208987003434354, 0.24020309056226477, 0.3210794211131753, -0.16510035050732252, 0.7746642596548828, 0.3193065455342528, 0.0026863596218942784, 0.04492556630799241]], "inverted": true, "swapped": false, "error_lsq": 0.045324404309250915, "error_max": 0.24794222207552646, "target": "411.xyz", "model": "25.xyz", "model_rescale": 4.19342608120988, "target_rescale": 3.904585768461832},
{"mapping": [7, 10, 6, 5, 4, 9, 1, 3, 0, 2, 8, 11], "R": [[-0.7370710871076721, -0.06958915602305743, -0.6722228513773636], [0.6741357329208044, -0.005626380927744923, -0.7385860528313446], [0.047615398236750706, -0.9975598694823558, 0.051059579405838884]], "T": [-0.03756189013957108, -0.04032063141872336, 0.045738038648853965], "aligned_model": [[-0.3115013963072101, -0.2933825398257483, 0.5299326282734025, 0.03813041212339012, 0.707120330036576, -0.6803177292580954, -0.40530944356321313, 0.329743930218305, 0.07890258368794084, 0.2526306773309965, -0.11536029770049862, 0.08444379592653652], [-0.5970231114032061, 0.290852967842149, 0.363267782713113, -0.6682250060224911, -0.08542030857834407, -0.39953857614521715, 0.19598362378824538, -0.37174809808144316, -0.2742015233123457, 0.49147097239571413, 0.7216320342198747, -0.015331825022283065], [-0.598855333578563, -0.4255534220588812, -0.3914831028222403, 0.1713033748232215, 0.24001655318498383, 0.1339361378207063, 0.36748219061872683, -0.3858396223947533, 0.705775774940931, 0.6234156006523562, 0.02544865915833881, 0.02319326468108408]], "inverted": false, "swapped": false, "error_lsq": 0.05106068070695021, "error_max": 0.27665313919625606, "target": "411.xyz", "model": "26.xyz", "model_rescale": 3.795458400668931, "target_rescale": 3.904585768461832},
{"mapping": [4, 9, 8, 10, 5, 3, 0, 11, 7, 6, 1, 12], "R": [[0.497302925876795, -0.13985234923862094, -0.8562307634784083], [-0.6594518165697907, 0.5803654578157191, -0.4778066941736523], [0.5637491477041736, 0.8022575993948513, 0.19639155449262136]], "T": [-0.03937791455639338, 0.06370880467976103, -0.09167346417039603], "aligned_model": [[-0.21406404742428548, -0.3630956164108742, 0.6202731416197199, 0.18936103748393973, 0.5381628123170906, -0.6180893708429673, -0.5543411295004991, 0.3019723979275449, -0.042968487867969245, 0.40462165802481914, -0.026021839799893025, -0.02077760458424422], [-0.6693315542799754, 0.11394399240032765, 0.35586338980620635, -0.5993142079620635, -0.08898609871401278, -0.30088574812756, 0.2791001595781474, -0.2421539612720846, -0.3687442056174217, 0.5122009403258478, 0.6548407870803842, 0.005185439175970294], [-0.45361236751794604, -0.3692659091975277, -0.19295471900812666, 0.03388689994217402, 0.3665747689524916, 0.18624814577341453, 0.5245185867215173, -0.6407659193222934, 0.5962070489258938, 0.4402157568965277, -0.06451163062703344, 0.06229941348681982]], "inverted": true, "swapped": false, "error_lsq": 0.06445851334192913, "error_max": 0.4553287801158738, "target": "411.xyz", "model": "27.xyz", "model_rescale": 3.6321398670334006, "target_rescale": 3.904585768461832},
{"mapping": [5, 1, 13, 0, 9, 3, 7, 11, 8, 6, 4, 14], "R": [[-0.18252229473101417, -0.2575501313758037, 0.9488696126204228], [-0.8017557233936904, 0.5975985755005102, 0.007981388677517298], [-0.5690987365401414, -0.7593048612962171, -0.31556735521968576]], "T": [0.07130315612908071, -0.10713495011133345, 0.14215639879184444], "aligned_model": [[-0.38954761979404623, -0.24376897145283544, 0.622394075780721, -0.055949931320493904, 0.7154257714496266, -0.5907888307209972, -0.4758455829486718, 0.5208794273670607, -0.045363525770821464, 0.3756454104892059, -0.30104472867771626, 0.08299745654134968], [-0.42386103170865735, 0.17416233900104655, 0.29005085723593743, -0.6858419594026774, -0.04915949641041627, -0.28568006516449496, 0.1570553486698768, -0.3670871589032581, -0.30972224128261666, 0.6013454975429708, 0.6245693531949434, -0.07411251037888905], [-0.5355385717781456, -0.37636899663767115, -0.3106344631228544, -0.05358972084138253, 0.31043314828808943, 0.10588074853133825, 0.6235285286034664, -0.23577462917842812, 0.6030000714021038, 0.23879326879144663, 0.030652508447107, 0.08845818252084114]], "inverted": true, "swapped": false, "error_lsq": 0.05062967903091004, "error_max": 0.25551523586197544, "target": "411.xyz", "model": "28.xyz", "model_rescale": 4.156811204709835, "target_rescale": 3.904585768461832},
{"mapping": [2, 9, 10, 6, 8, 4, 1, 3, 5, 11], "R": [[-0.6836897401248638, 0.2990997725042588, 0.6656633273178694], [-0.7284386161636901, -0.22456900480891223, -0.647260337546387], [-0.044108068757590935, -0.9274201249525673, 0.37141134891578126]], "T": [-0.2562326161345968, 0.09249341002983541, -0.019977934011697663], "aligned_model": [[-0.6353860927595826, -0.108867267996625, 0.07087800399449978, 0.5461097663219737, 0.03863424201553972, -0.5813279783872887, -0.3397056930065218, -0.39806168967406497, 0.3066405333467277, -0.2559884497440694], [-0.1593848186815447, -0.5421325695854506, -0.07878684901802133, 0.11269180266887768, -0.36147210031884053, -0.5722178952641026, 0.6336467185928618, 0.3551862883926713, 0.49821180991199326, 0.03297794392775949], [-0.5381057610580263, -0.36117133909652477, -0.5522314852378294, -0.06366141336141733, 0.4494037276333854, 0.09763072066118755, -0.3407547577739938, 0.5498952747449827, 0.45401038646229974, 0.06377137400103589]], "inverted": false, "swapped": true, "error_lsq": 0.05102890053531186, "error_max": 0.2724059949056753, "target": "411.xyz", "model": "29.xyz", "model_rescale": 4.117894457231895, "target_rescale": 3.904585768461832},
