[{"mapping": [5, 0, 3, 9, 12, 7, 11, 6, 2, 4, 13], "R": [[-0.3188515438435876, 0.7343253410940355, -0.5992495193287094], [-0.946887857243489, -0.21899363754754753, 0.23546798618607848], [0.04167827723640427, 0.6425014242325241, 0.765150208172084]], "T": [0.02029277703576011, -0.05624351207095832, -0.17070319058794053], "aligned_model": [[0.6846545590404605, -0.7153747716303224, 0.06927115377714357, -0.520549796182846, -0.3036896315021331, -0.0062266055836451735, 0.46889542667600614, 0.4664268514855509, -0.36552290721540653, 0.10908153118966764, 0.03107109764300189], [-0.21481627064887385, 0.021670135098802015, 0.3352041917459113, -0.118901849287122, -0.5352672331931744, 0.08526844960945854, -0.4440476702413386, 0.5646514576411117, 0.6082131675183967, 0.6942780024870288, -0.06525145366338633], [-0.49609428341336903, -0.3901004467352538, -0.5135881852815136, 0.31950739225968483, -0.14440715412202546, 0.5713652493300461, 0.1972987638699048, -0.17037396615208056, -0.20073357760837052, 0.41430812548420354, -0.008399318026149433]], "inverted": false, "swapped": false, "error_lsq": 0.05046916436943171, "error_max": 0.28984561351161786, "target": "412.xyz", "model": "0.xyz", "model_rescale": 3.8414455957264533, "target_rescale": 3.9663736551091486},
{"mapping": [11, 8, 13, 6, 10, 4, 1, 0, 9, 7, 14], "R": [[0.9505362848186756, -0.18692655250910334, 0.24807102855869967], [0.2566124834646441, 0.02257945184549568, -0.9662505894872535], [0.1750165837091374, 0.9821143682491458, 0.06943027513530485]], "T": [-0.05792021958154889, 0.04769955962826314, 0.07138534436352051], "aligned_model": [[0.4922702471007784, -0.5453369413319303, 0.05344775050984368, -0.789396905532465, -0.33263424957810994, 0.2241125975466419, 0.6687858669616744, 0.563689170694872, -0.43098461773685826, 0.023128382938499753, -0.00904439387546923], [-0.19795839802580392, -0.01383353507432368, 0.4211216199636606, -0.07480868273531302, -0.5724616673118997, 0.13955802289968797, -0.41976046784835663, 0.4203853541677738, 0.5980669324421006, 0.6582775193784699, -0.02758577078918198], [-0.531282076643364, -0.5474369363560775, -0.5789992654881575, 0.3162542118148458, -0.01979335234525198, 0.5272765020276494, 0.11471290673821363, 0.0564042237179674, -0.08167800776380163, 0.2546356683248814, 0.0686887255781714]], "inverted": true, "swapped": false, "error_lsq": 0.04156635839726431, "error_max": 0.2285984311516981, "target": "412.xyz", "model": "1.xyz", "model_rescale": 4.316132596720782, "target_rescale": 3.9663736551091486},
{"mapping": [6, 4, 3, 0, 2, 1, 8, 10, 5, 9, 11], "R": [[0.6472989273943792, 0.7284298459461699, -0.22448620921768406], [-0.24585253096199924, 0.4782908287750398, 0.8430862447752693], [0.7214988784562772, -0.4905383192417542, 0.4886834617027769]], "T": [0.024695321283543518, 0.1938936524444037, -0.004940323324576279], "aligned_model": [[0.36142969515306395, -0.42035367662321044, -0.006704405310634872, -0.6259167578818055, -0.17521384960023012, 0.0770555602936545, 0.5240694283573518, 0.6525185686761868, -0.4681755414636986, -0.010275395667043326, 0.009603281763843272], [-0.16816316140107224, -0.16891702457614693, 0.4946494093096774, 0.03591137025559954, -0.6058732320509754, 0.017538701101752346, -0.3672751404942377, 0.2491303151375177, 0.6029659508087446, 0.7079569845201155, 0.1330767544558394], [-0.6619188526558434, -0.5193618753991632, -0.587672715354845, 0.23098250207602766, 0.1404373077130734, 0.5057010380167692, 0.14589469525173626, -0.009702645990298742, -0.07908915529584379, 0.5284145724092034, -0.11490227116573898]], "inverted": false, "swapped": false, "error_lsq": 0.05372116483924931, "error_max": 0.2774525098379048, "target": "412.xyz", "model": "2.xyz", "model_rescale": 3.795458400668931, "target_rescale": 3.9663736551091486},
{"mapping": [4, 9, 7, 6, 5, 2, 10, 0, 8, 1, 11], "R": [[-0.34065591679334306, 0.2639452965436429, -0.9023782060678192], [0.17261215306900618, -0.9259128196197944, -0.33599180804984524], [-0.9242070065556574, -0.27021904243818656, 0.2698575145094549]], "T": [-0.0030247281437150225, 0.07934523285242598, -0.0031408917289134086], "aligned_model": [[0.41120656191797167, -0.5568333409442838, 0.004476970157373855, -0.44815925215828767, -0.21524787567742693, 0.1570323861501196, 0.42939641160386866, 0.698709461027268, -0.6832898128183362, 0.025417679635929884, 0.0953277188032801], [-0.21460523965616865, -0.09464268132878467, 0.5122485698832892, 0.10413435718586045, -0.5690755072003925, 0.016450059855302263, -0.4748884074703553, 0.41504268040966374, 0.4636842220878614, 0.6433073098061728, 0.12934556349436566], [-0.3942422741982179, -0.6493443186109243, -0.6322996331655354, 0.3822641568446688, -0.17147536552873752, 0.7439543022005956, 0.20863201785614519, -0.08730914956902451, -0.01240873707989118, 0.2750796092363533, -0.08406800838035508]], "inverted": false, "swapped": false, "error_lsq": 0.05314019255872171, "error_max": 0.34609503903746536, "target": "412.xyz", "model": "3.xyz", "model_rescale": 3.7530521520055578, "target_rescale": 3.9663736551091486},
{"mapping": [1, 5, 7, 9, 3, 4, 2, 0, 8, 6, 10], "R": [[0.2310948664344855, 0.7557566306336656, 0.6127210441635546], [0.7066772679685969, 0.3024776716154788, -0.6396205884041871], [-0.668731935564668, 0.5808090679623793, -0.46417499386395755]], "T": [-0.05278972643188683, 0.022071460563360915, -0.03010847144634547], "aligned_model": [[0.4111159993257109, -0.4617842710230431, -0.04948028126325121, -0.5431456881607992, -0.22948795662232707, 0.2928305879244681, 0.41554717939767477, 0.6263653626090869, -0.5759087338186218, -0.0007300602375130277, 0.03271476956609179], [-0.33151677555136705, -0.08772043599626826, 0.45531963336959896, -0.03879863752654274, -0.718174926101395, 0.12074698733600443, -0.43479548915515803, 0.48787930834739446, 0.7703950432218372, 0.6420663042309698, 0.06559991489174052], [-0.5636745008188532, -0.6116830100350142, -0.4441567885376469, 0.20056365690609526, -0.0003963935681537793, 0.6106103772946028, 0.1523445798295885, 0.014521112267619717, -0.11863988848007433, 0.36893003248682943, -0.02963657773991626]], "inverted": true, "swapped": false, "error_lsq": 0.04031582468223551, "error_max": 0.2267716097001049, "target": "412.xyz", "model": "4.xyz", "model_rescale": 3.7855080009869324, "target_rescale": 3.9663736551091486},
{"mapping": [9, 7, 5, 6, 8, 12, 14, 2, 4, 1, 16], "R": [[-0.6961882379065869, 0.6219281011202726, 0.358507146982391], [0.7126922809298077, 0.5389994969379738, 0.4489423738116948], [0.0859747061849579, 0.568053676458082, -0.818488466967536]], "T": [-0.0052888608990122495, -0.0034607297796514225, -0.026900257556750948], "aligned_model": [[0.5733962034243911, -0.6133154458398665, -0.12547086860193896, -0.6223596698046598, -0.3397164271358386, 0.2196106382947398, 0.5758365572886095, 0.6614973433256384, -0.4944299847123576, 0.036706356326994344, 0.04628220513176576], [-0.2111507074520868, 0.054517728253280745, 0.4165583303394632, -0.0036494774828890186, -0.6149324438986966, 0.040494255248424704, -0.2496891683488448, 0.3145904809791036, 0.5499624356306422, 0.6516610788639918, -0.01736158506557491], [-0.38593018493396036, -0.46084915118962366, -0.7082544376866251, 0.18593923416834413, -0.12472877965971428, 0.6138441825781082, 0.21674334057155625, -0.02187305463026072, -0.06516962973890669, 0.35013522692580046, -0.02107414679964158]], "inverted": true, "swapped": false, "error_lsq": 0.0486887952495771, "error_max": 0.22099170118900505, "target": "412.xyz", "model": "5.xyz", "model_rescale": 4.2253639853439635, "target_rescale": 3.9663736551091486},
{"mapping": [1, 0, 9, 3, 4, 5, 10, 8, 7, 11, 13], "R": [[0.6568221268377544, -0.7452094879437964, 0.11509784000959378], [-0.5521852909783588, -0.5792984475978801, -0.5995871188057929], [0.5134940098223878, 0.33026675232186403, -0.7919897563651278]], "T": [-0.015270342950827302, 0.12267994773691314, 0.013008865481429488], "aligned_model": [[0.27646826782940515, -0.480457812887125, 0.15896896954865708, -0.6581665054501203, -0.20344875532119416, 0.3099456491224247, 0.5625727449867516, 0.6856510916332714, -0.7545968000525441, 0.08912655540192992, -0.06802649711397857], [-0.3190937577265907, 0.11172916582595642, 0.39751245342960645, -0.12270432397736027, -0.5515935208228621, 0.14726920960118822, -0.34980837397615194, 0.33069864813006267, 0.4078916924827526, 0.7805384434922525, 0.09856129060796019], [-0.4953515953132041, -0.640093995878406, -0.5034252380397903, 0.18470789325177012, -0.09118080253159394, 0.5555687176189292, 0.23964651892117453, -0.09330312079483799, -0.024963051975675193, 0.4153486174200552, 0.0318286569266554]], "inverted": true, "swapped": false, "error_lsq": 0.059148933413729864, "error_max": 0.42911461257306727, "target": "412.xyz", "model": "6.xyz", "model_rescale": 3.89814844738969, "target_rescale": 3.9663736551091486},
{"mapping": [11, 4, 10, 0, 7, 6, 8, 9, 2, 5, 12], "R": [[-0.7280168408613582, 0.2321169388649259, 0.6450683732087815], [-0.09219010325611987, 0.899244124087771, -0.42762248555851634], [-0.6793323665805079, -0.3707852909509677, -0.6332659818200663]], "T": [-0.09676290294145898, -0.01281649409704988, 0.016568864098701515], "aligned_model": [[0.4053049695553522, -0.4311483396259933, 0.0399535218054998, -0.5467794805463679, -0.30560144799426414, 0.17166993197541033, 0.4789605164560711, 0.6647833481125583, -0.5446343182057569, 0.10080586865143257, -0.11527766248646441], [-0.28445803919990453, -0.0663579505950363, 0.5447092684369771, -0.06641541181760538, -0.6299599030982324, 0.07550928675364993, -0.3454423734498033, 0.45407774574469845, 0.48129910112795415, 0.6737592911696151, 0.09427991199450117], [-0.5574338289295363, -0.5318976166944653, -0.4410087865436645, 0.39817418818139677, -0.0658638622457701, 0.6309939780087575, 0.14142614685288035, 0.018287975142609665, -0.2217771416693017, 0.32014237348574653, -0.11226082598357595]], "inverted": false, "swapped": false, "error_lsq": 0.04487646781180531, "error_max": 0.22852806401337827, "target": "412.xyz", "model": "7.xyz", "model_rescale": 3.7474275329858107, "target_rescale": 3.9663736551091486},
{"mapping": [8, 13, 11, 1, 2, 0, 3, 7, 12, 10, 14], "R": [[-0.5490901241526066, -0.7466351696873894, 0.37554754551715386], [-0.5103077675714023, 0.6553736739225069, 0.5568404887268952], [-0.6618806674275711, 0.11411078351847057, -0.740872938613926]], "T": [0.04767098643133871, 0.09873069462769576, -0.08175084022569183], "aligned_model": [[0.34384083216121775, -0.6324860672931757, 0.07924774048358926, -0.4619681395742661, -0.19776552042295759, 0.05942002305594232, 0.4681365154335334, 0.5721698826102223, -0.44583229979414846, 0.12922859263258635, 0.0040453484049338545], [-0.39473294811753146, 0.1147237017540921, 0.6183979519112196, -0.22617741892787593, -0.7055496037961757, 0.06664528618949714, -0.36364016451036596, 0.5323838533162921, 0.46676640586004303, 0.7599580662653914, 0.06222579712222776], [-0.4477936951286049, -0.6693241843151017, -0.42149899092089516, 0.3649084248073485, -0.043233071336316084, 0.5763112573993799, 0.26975515478072004, -0.10864838268876885, -0.12233212337076829, 0.2807268550275322, -0.10008864464944907]], "inverted": false, "swapped": false, "error_lsq": 0.04948850004362553, "error_max": 0.2812855548991952, "target": "412.xyz", "model": "8.xyz", "model_rescale": 4.019505241142653, "target_rescale": 3.9663736551091486},
{"mapping": [9, 7, 8, 2, 1, 6, 10, 11, 4, 5, 12], "R": [[0.1817118756138984, 0.73922448698214, 0.6484812658102556], [0.9275146028212145, -0.34790025335647895, 0.13668238828723778], [0.3266457650334451, 0.5766390305559362, -0.7488591140029116]], "T": [-0.07196403190308216, 0.0600954720208424, 0.030297023159462998], "aligned_model": [[0.3381408984805033, -0.5053029271276336, 0.09627416518646363, -0.42032824562245, -0.1548510379561998, 0.32149783974761653, 0.5071057791099125, 0.4532481624187978, -0.6194306143486519, -0.039234440539387516, -0.05908267165149343], [-0.12544881001950375, 0.13082063684914044, 0.37830610058431435, -0.04511956537556936, -0.6032986312527803, 0.04886602749344175, -0.6048527947797049, 0.3792758510874709, 0.6081853802100744, 0.6672117418820044, 0.09705499038792603], [-0.4842195722071489, -0.7614095784432213, -0.5411702430031765, 0.49671350305915146, -0.0663637762366378, 0.6411353758352201, 0.2766742028456333, -0.06730195504967912, -0.26546041950193244, 0.31466180273139227, 0.03552325957547602]], "inverted": false, "swapped": false, "error_lsq": 0.0502886914048424, "error_max": 0.2625339967542725, "target": "412.xyz", "model": "9.xyz", "model_rescale": 3.877068213659057, "target_rescale": 3.9663736551091486},
{"mapping": [10, 13, 6, 4, 2, 1, 8, 12, 3, 5, 15], "R": [[0.22939485715032243, 0.7860706673261635, -0.57399556224973], [0.8976309765086226, -0.39887194378306323, -0.18750947302709234], [-0.37634642222978576, -0.4722224882744589, -0.7971005532821557]], "T": [0.04275029107947258, -0.012386994980845362, -0.09252167079425529], "aligned_model": [[0.44420276088154537, -0.5485815064120394, 0.007735421009477814, -0.5197432083029603, -0.32467448759728446, 0.09605542255426723, 0.4581979580748965, 0.46519361032532824, -0.3298820713328094, 0.05644266069667879, 0.1130903478003772], [-0.11789467836720038, -0.09446233162548749, 0.37252129680197443, 0.01209145776346663, -0.564940301862478, 0.13480836349334144, -0.5225108336030955, 0.6000505292941498, 0.5004506287119127, 0.5900610698609305, 0.020825726599299765], [-0.6677736353247025, -0.5836721979789439, -0.5730673407525445, 0.2831012095641177, -0.08625804420788181, 0.7609410991058413, 0.31059101948658674, -0.16076488729222588, -0.062454463800056106, 0.40533803878786673, -0.04719819798298111]], "inverted": false, "swapped": false, "error_lsq": 0.04278920518859955, "error_max": 0.21425107064104806, "target": "412.xyz", "model": "10.xyz", "model_rescale": 4.260839863003843, "target_rescale": 3.9663736551091486},
{"mapping": [2, 1, 3, 7, 8, 10, 9, 5, 0, 6, 11], "R": [[0.886085994855816, -0.37515478325017687, -0.2722324343734447], [0.06740347995412983, -0.4767844848724078, 0.8764321570292968], [-0.45859391689211515, -0.7949436732180877, -0.3971853166974859]], "T": [0.061628254611833674, 0.032890583563093614, -0.03326701090768391], "aligned_model": [[0.2514781389660295, -0.4254643043498139, 0.144688857653208, -0.5212851489342059, -0.14933174548556083, 0.21277661981947554, 0.5321089978833295, 0.463833932288107, -0.5287135950530514, -0.06354854476276138, 0.0014936996727211438], [-0.28978598788876675, -0.054071809738805196, 0.4176506633743817, 0.06750309628919447, -0.6492133362595972, -0.01945481824069524, -0.5658538222466247, 0.5751118800204628, 0.6804795141915166, 0.7282622208617041, 0.04037332670404329], [-0.6078920867512465, -0.5609402282464943, -0.6239392454157747, 0.2644233772666792, 0.04317596117066084, 0.5731552204190197, 0.20313575531868477, -0.0043263688803003506, -0.07973578447451823, 0.41844571815051934, -0.04671971895215265]], "inverted": true, "swapped": false, "error_lsq": 0.043840692797181564, "error_max": 0.20735617986826702, "target": "412.xyz", "model": "11.xyz", "model_rescale": 3.890672605050136, "target_rescale": 3.9663736551091486},
{"mapping": [0, 11, 6, 12, 4, 7, 3, 8, 9, 5, 13], "R": [[-0.2838789528779982, 0.8737102855076854, 0.39502288175619693], [0.9470393370206401, 0.31996962478474505, -0.027128091540245203], [-0.15009741586182535, 0.36640111382634816, -0.918270651571972]], "T": [-0.0794441323573996, 0.07500340290770485, -0.23015567556416863], "aligned_model": [[0.3747723738444428, -0.5333877671730928, 0.07098557337479462, -0.47598407281607713, -0.11394928722504269, 0.11743295454281989, 0.604198155087754, 0.575601756465202, -0.5253403578908707, -0.09276909395221679, -0.08352332656023556], [-0.2568069209375101, 0.05439281607191322, 0.4586587106952413, 0.04255836930908315, -0.6005155327151961, 0.020792209670397258, -0.4123947866682189, 0.32599215057773095, 0.7076702146240581, 0.5921444417110768, -0.0014907452717617398], [-0.4098326474630207, -0.5404338475580311, -0.6329432776342093, 0.39979316534347653, -0.047014730585705294, 0.5976515057636284, 0.1547331182671212, -0.0655027742299594, -0.14812106439869951, 0.35067112583098525, -0.08021797373050901]], "inverted": true, "swapped": false, "error_lsq": 0.03960205919717331, "error_max": 0.1732074730918925, "target": "412.xyz", "model": "12.xyz", "model_rescale": 4.124412569039231, "target_rescale": 3.9663736551091486},
{"mapping": [3, 5, 0, 10, 7, 8, 9, 1, 4, 2, 12], "R": [[-0.8317828689175684, 0.5534689913095381, 0.04253627433217752], [0.29067342050032585, 0.36899215739084384, 0.8828101440279739], [0.4729124882997916, 0.7466705186645939, -0.46780008012744745]], "T": [0.0701387899988921, 0.006944339601081748, -0.0911441538739671], "aligned_model": [[0.5321209005572441, -0.5436079472423525, 0.07536043956167846, -0.5120672305525759, -0.2971525588059551, 0.3908883254089468, 0.3141826131352065, 0.503770747055102, -0.40937058390031833, -0.12199433555416543, -0.014093461965332982], [-0.2807963616410426, -0.05371456147756498, 0.24408860395466453, -0.034070811218462574, -0.5006611051601313, 0.11745348869253307, -0.5187482979553381, 0.6902109863081679, 0.6245027530703037, 0.6000768602251932, 0.042659372268491466], [-0.5521552102909127, -0.5308955828857103, -0.6207692341468588, 0.36047911759727236, -0.11375945970721685, 0.5411560789266859, 0.17854295224788344, -0.001845138056388168, -0.17462242676992396, 0.503560973640688, -0.010909470950441896]], "inverted": false, "swapped": false, "error_lsq": 0.051451958237356925, "error_max": 0.2690384406863927, "target": "412.xyz", "model": "13.xyz", "model_rescale": 3.9028299243045295, "target_rescale": 3.9663736551091486},
{"mapping": [13, 4, 10, 3, 8, 1, 12, 14, 7, 9, 15], "R": [[-0.5152551979212882, -0.824584964579318, -0.2336059014768656], [0.6962461927130703, -0.2437944724502619, -0.6751336862690623], [0.49975325926665887, -0.5105133606404669, 0.6997305113112678]], "T": [-0.09398611710434192, -0.05994541111289539, 0.07315780844285999], "aligned_model": [[0.4901959463955117, -0.5405385158218075, -0.01573432973665935, -0.6946309425935896, -0.09411007538941273, 0.11801240529151867, 0.5034345976134363, 0.5945181326702327, -0.41096556568452536, 0.06292007937612419, -0.09506482442335161], [-0.1537694882002, -0.012843135465604255, 0.38563085939915487, 0.05499081309880835, -0.8227162717639349, -0.04224304917446228, -0.41574045172680596, 0.446659560591091, 0.7627068067025204, 0.6749428791065037, 0.053382404499743547], [-0.45842446274289206, -0.4345188649539319, -0.5190339231604353, 0.1944215838050811, -0.04803525379107984, 0.687113839952103, 0.10033624955950293, -0.1556739058585145, -0.13515760994557974, 0.2633290546082666, 0.0844258921325562]], "inverted": true, "swapped": false, "error_lsq": 0.04625909921165356, "error_max": 0.21552304921779417, "target": "412.xyz", "model": "14.xyz", "model_rescale": 3.942246331269136, "target_rescale": 3.9663736551091486},
{"mapping": [13, 10, 11, 5, 3, 0, 12, 8, 6, 7, 14], "R": [[-0.7986901891331935, -0.2868256047101794, 0.5289849282021406], [-0.2410058834065269, 0.9579772927069463, 0.15554957673137376], [-0.5513711508102537, -0.0032525590709259894, -0.8342537233442036]], "T": [-0.12381499171749998, 0.036050550079428076, -0.051869392916376114], "aligned_model": [[0.46240553191111, -0.6354896089360376, 0.12832559638646945, -0.4967504982981036, -0.24687172701227175, 0.2045642141796601, 0.4644655977460044, 0.4443274751513627, -0.14915996768675774, -0.175781918272791, -0.0819977874711677], [-0.2676749193877373, 0.12965140647276618, 0.3487092851407443, -0.22994155669076466, -0.670967439682914, 0.22556000257670644, -0.5198333693853269, 0.557135641271159, 0.5789392412538358, 0.7544617487362762, 0.02496088676206873], [-0.5262386408434151, -0.5401607831946184, -0.6458228118618288, 0.38738778147755143, -0.012747371602848848, 0.5781867533252028, 0.062127424160778405, 0.015401636254137138, -0.1838500374309306, 0.40874356425902375, 0.03575508506202475]], "inverted": false, "swapped": false, "error_lsq": 0.050478288330528594, "error_max": 0.26221358687153196, "target": "412.xyz", "model": "15.xyz", "model_rescale": 4.355366556412066, "target_rescale": 3.9663736551091486},
{"mapping": [6, 4, 3, 0, 2, 1, 8, 10, 5, 9, 11], "R": [[0.6472989273943792, 0.7284298459461699, -0.22448620921768406], [-0.24585253096199924, 0.4782908287750398, 0.8430862447752693], [0.7214988784562772, -0.4905383192417542, 0.4886834617027769]], "T": [0.024695321283543518, 0.1938936524444037, -0.004940323324576279], "aligned_model": [[0.36142969515306395, -0.42035367662321044, -0.006704405310634872, -0.6259167578818055, -0.17521384960023012, 0.0770555602936545, 0.5240694283573518, 0.6525185686761868, -0.4681755414636986, -0.010275395667043326, 0.009603281763843272], [-0.16816316140107224, -0.16891702457614693, 0.4946494093096774, 0.03591137025559954, -0.6058732320509754, 0.017538701101752346, -0.3672751404942377, 0.2491303151375177, 0.6029659508087446, 0.7079569845201155, 0.1330767544558394], [-0.6619188526558434, -0.5193618753991632, -0.587672715354845, 0.23098250207602766, 0.1404373077130734, 0.5057010380167692, 0.14589469525173626, -0.009702645990298742, -0.07908915529584379, 0.5284145724092034, -0.11490227116573898]], "inverted": false, "swapped": false, "error_lsq": 0.05372116483924931, "error_max": 0.2774525098379048, "target": "412.xyz", "model": "16.xyz", "model_rescale": 3.795458400668931, "target_rescale": 3.9663736551091486},
{"mapping": [11, 4, 10, 0, 7, 6, 8, 9, 2, 5, 12], "R": [[-0.7280168408613582, 0.2321169388649259, 0.6450683732087815], [-0.09219010325611987, 0.899244124087771, -0.42762248555851634], [-0.6793323665805079, -0.3707852909509677, -0.6332659818200663]], "T": [-0.09676290294145898, -0.01281649409704988, 0.016568864098701515], "aligned_model": [[0.4053049695553522, -0.4311483396259933, 0.0399535218054998, -0.5467794805463679, -0.30560144799426414, 0.17166993197541033, 0.4789605164560711, 0.6647833481125583, -0.5446343182057569, 0.10080586865143257, -0.11527766248646441], [-0.28445803919990453, -0.0663579505950363, 0.5447092684369771, -0.06641541181760538, -0.6299599030982324, 0.07550928675364993, -0.3454423734498033, 0.45407774574469845, 0.48129910112795415, 0.6737592911696151, 0.09427991199450117], [-0.5574338289295363, -0.5318976166944653, -0.4410087865436645, 0.39817418818139677, -0.0658638622457701, 0.6309939780087575, 0.14142614685288035, 0.018287975142609665, -0.2217771416693017, 0.32014237348574653, -0.11226082598357595]], "inverted": false, "swapped": false, "error_lsq": 0.04487646781180531, "error_max": 0.22852806401337827, "target": "412.xyz", "model": "17.xyz", "model_rescale": 3.7474275329858107, "target_rescale": 3.9663736551091486},
{"mapping": [2, 4, 0, 5, 9, 11, 7, 1, 8, 3, 13], "R": [[0.35549990632177836, 0.7547039921685655, -0.5513997649709665], [-0.3569953014695746, -0.43557374131611554, -0.8263352047471593], [-0.8638137364813405, 0.49060921320406536, 0.11457935497040289]], "T": [-0.02193615174466616, 0.032612929599254076, 0.04941632081671495], "aligned_model": [[0.4228743828169656, -0.652148256879832, 0.05636889338737834, -0.6973174241859081, -0.20915524919205458, 0.3230218055515594, 0.4978953437194577, 0.5799596897326581, -0.48638968389399223, 0.07006864557368837, 0.012858761067556974], [-0.1478448416012247, 0.009716710361480446, 0.44671444533270954, -0.1533126080212817, -0.5769805578769676, 0.1622341260389956, -0.4421957676275209, 0.3686612651557444, 0.567701682835547, 0.6634527868519663, 0.03285368561736604], [-0.4734711479239632, -0.49052283103868105, -0.6727544660162837, 0.22972652010243846, -0.15323844827011915, 0.6706562220928644, 0.3172804643627348, -0.008127827380067197, -0.07231039709165807, 0.28215087579517223, -0.0506063650273608]], "inverted": false, "swapped": false, "error_lsq": 0.04401908691329639, "error_max": 0.18776052469964818, "target": "412.xyz", "model": "18.xyz", "model_rescale": 3.922800546911778, "target_rescale": 3.9663736551091486},
{"mapping": [0, 9, 2, 13, 12, 8, 5, 1, 10, 6, 14], "R": [[-0.7362067548533138, 0.04019049617140624, -0.6755622385286563], [0.44272177954422665, -0.726401089993564, -0.5256794483079547], [-0.5118564642803157, -0.6860948771661676, 0.5169881812003012]], "T": [-0.09018901317270538, 0.05521909417201089, 0.023799665534491095], "aligned_model": [[0.4806160505177339, -0.47413775600671754, -0.014421680330986494, -0.5767473527853761, -0.13405228952648107, 0.1204846419018804, 0.5082402591893994, 0.5412164986396379, -0.4462419521980903, 0.06888657334760424, -0.15580608505112678], [-0.2248830545274878, 0.1876742074183535, 0.3977398699520597, -0.16751009021147617, -0.7220127195186422, 0.029833966432659592, -0.40461292529687737, 0.4322839843507782, 0.7460798317033057, 0.6509561668636731, 0.005451689900468043], [-0.5185719794066467, -0.6817371455293002, -0.6007544091627058, 0.4544578123254381, 0.1360527961864402, 0.5977011033866628, 0.13768838331215766, -0.060652523207498525, -0.19192792475568712, 0.3329275838904694, -0.026401097434252972]], "inverted": false, "swapped": false, "error_lsq": 0.04178357008219272, "error_max": 0.22671794731099948, "target": "412.xyz", "model": "19.xyz", "model_rescale": 3.9282355846067225, "target_rescale": 3.9663736551091486},
{"mapping": [11, 8, 4, 7, 12, 2, 10, 0, 6, 5, 13], "R": [[-0.4937102322328598, -0.8333351217102981, 0.24860165227258396], [-0.43064519030051474, -0.0140724616122333, -0.9024115945039747], [0.7555097131470974, -0.5525889437441319, -0.35192404378237013]], "T": [-0.08387433383776696, 0.13756709792148966, -0.07010944540910904], "aligned_model": [[0.3872357867957763, -0.47442273106406596, 0.08484792102617497, -0.48520289517977155, -0.2704566801941783, 0.17307947255404219, 0.49101112082577325, 0.6635141937389767, -0.5547755684336184, -0.16141221388099006, 0.06461850150935822], [-0.13977376382319492, 0.09686691983110177, 0.4145779246174981, -0.08754073043484531, -0.6784095522934268, 0.05807501600073833, -0.4363391711430358, 0.3307561501723647, 0.5888872267780743, 0.633301765552969, 0.15059914180857079], [-0.5332514020156324, -0.7215977600054382, -0.6124798424134378, 0.3498424897495166, 0.07876459396561072, 0.7085894441833592, 0.21689692618601172, -0.2805503329141623, -0.032609810716980714, 0.41561184166332465, -0.01043354807709454]], "inverted": false, "swapped": false, "error_lsq": 0.044997737412617284, "error_max": 0.27076695453085675, "target": "412.xyz", "model": "20.xyz", "model_rescale": 4.067790424073018, "target_rescale": 3.9663736551091486},
{"mapping": [0, 3, 12, 6, 2, 5, 8, 9, 11, 13, 14], "R": [[-0.31415696125757986, -0.8681904707852718, 0.38412330068748946], [-0.48081887864776285, -0.20337598669191026, -0.8529076233526112], [0.8186077263435223, -0.45264060188491695, -0.3535503866437552]], "T": [0.07130357586135884, 0.0658544657986582, 0.050225445734471984], "aligned_model": [[0.2903759867987455, -0.5110208041075873, 0.05133272863906009, -0.6079724963650415, -0.2572084725372112, 0.18195246425661338, 0.4809720415201277, 0.5925691017613613, -0.36588670074826235, -0.024217345409078453, 0.0871404038887499], [-0.3924262108796245, -0.02480641504539907, 0.4735130740216167, -0.11234602685434522, -0.5685524388340151, 0.0035568887819232703, -0.2669900604770179, 0.5568666323798988, 0.5168455629562815, 0.6044309415638494, 0.14090897945364597], [-0.4462059489922666, -0.5633085287357131, -0.5981798991699568, 0.2834324456600158, -0.15793229481412654, 0.6267165178705669, 0.26598959080534396, -0.25183283216282354, -0.10308452230972917, 0.4871861286673773, 0.03600194278638848]], "inverted": true, "swapped": false, "error_lsq": 0.04254133942533548, "error_max": 0.22433796862559774, "target": "412.xyz", "model": "21.xyz", "model_rescale": 4.186013935880536, "target_rescale": 3.9663736551091486},
{"mapping": [0, 3, 6, 11, 2, 9, 1, 7, 4, 10, 12], "R": [[-0.7649087553644301, -0.058360370520192995, -0.6414894099824129], [-0.5917803266906849, -0.3296259713705184, 0.7356240642746186], [-0.2543828628439906, 0.9423061000284292, 0.21759727236458526]], "T": [-0.061195961418244946, -0.021188080089507483, 0.009598047816737142], "aligned_model": [[0.3605382058569623, -0.651906182555928, 0.005206589393929789, -0.6520315492805662, -0.05134350839702016, 0.07333177141177873, 0.642964048673246, 0.47660274964263355, -0.26703105475956507, 0.07543317068234658, -0.09372733297033994], [-0.33766025247932674, 0.13966057279498134, 0.21817886559296543, 0.08727993721011904, -0.7620739091110529, -0.00802710561606429, -0.20936558941544964, 0.47545986831067566, 0.665033627436115, 0.6617054808710288, 0.0008094314728224472], [-0.48413679727921854, -0.6814358154962722, -0.48854552142558, 0.20482605823105335, 0.03587199669225188, 0.6155517078344445, 0.07181654268910029, -0.03976896153161093, -0.11018438511169587, 0.46925911566776035, -0.01447134066515609]], "inverted": false, "swapped": false, "error_lsq": 0.05117887814910999, "error_max": 0.2933330704867673, "target": "412.xyz", "model": "22.xyz", "model_rescale": 4.166573947596378, "target_rescale": 3.9663736551091486},
{"mapping": [13, 1, 6, 4, 7, 9, 10, 12, 2, 11, 15], "R": [[-0.4286066726838479, -0.4665764174896087, -0.7736942333851553], [-0.8762865971770419, 0.006116952616470939, 0.4817513700017556], [-0.2200411773708763, 0.8844597387859157, -0.4114764279129345]], "T": [-0.018891009922118892, 0.06693828513088317, 0.06649388281960139], "aligned_model": [[0.5306441320879454, -0.49149495894972756, -0.05185629883188636, -0.7325585164443308, -0.047936654306574566, 0.2205428236705239, 0.4357399918592345, 0.41913837916584834, -0.4635067943430179, 0.1504068179864757, -0.0510820141970135], [-0.3906231528818605, 0.059191375067327065, 0.45063081186428633, 0.0052452613027742095, -0.6235878242851824, 0.08504269363510132, -0.5277728006472467, 0.5280729805033914, 0.5341040454148562, 0.7550761203335892, 0.05562141675977818], [-0.386785056725832, -0.46706450537715255, -0.5898604167952455, 0.22997530167173513, -0.11713533709710758, 0.616760032974176, 0.09038132253086523, -0.09119696107484618, -0.1255534963637075, 0.4127566337102638, 0.0065050821519277435]], "inverted": true, "swapped": false, "error_lsq": 0.047227321138732355, "error_max": 0.20128824381094984, "target": "412.xyz", "model": "23.xyz", "model_rescale": 4.274766983524099, "target_rescale": 3.9663736551091486},
{"mapping": [6, 8, 7, 1, 0, 2, 3, 5, 9, 4, 10], "R": [[-0.809882699201608, -0.5828230556487097, 0.06638749383896693], [-0.31280393064459905, 0.5248411989979581, 0.7916409645841193], [-0.4962294978205214, 0.6203700521774781, -0.6073691495738869]], "T": [-0.006886287972738655, -0.003998937976858158, -0.09694522381524465], "aligned_model": [[0.3862491256835088, -0.4344461033397577, 0.00664957077494362, -0.5026331980419123, -0.2214102993242087, 0.09838538193767257, 0.4386988939456732, 0.6633210024915451, -0.5886565373851854, 0.155301947281796, -0.08342287632659764], [-0.26309417883761255, -0.029105771031037703, 0.48919877391154754, 0.044698557177047904, -0.7031281330178695, 0.018970405294347154, -0.21710078677679626, 0.4567184835738949, 0.6198609413784398, 0.5165607579351119, -0.0025781225402590957], [-0.5799868978034702, -0.6982549434453756, -0.49394053108952696, 0.3235865058157207, 0.009671657377320592, 0.8605837864782799, 0.1714867628866081, -0.16624597345375658, -0.09971720336961856, 0.3393954530045715, -0.08779601679567595]], "inverted": false, "swapped": false, "error_lsq": 0.051696742553575474, "error_max": 0.28211688896884946, "target": "412.xyz", "model": "24.xyz", "model_rescale": 3.7841303162186577, "target_rescale": 3.9663736551091486},
{"mapping": [3, 2, 12, 8, 4, 7, 6, 13, 9, 10, 15], "R": [[-0.776685697497639, -0.22694676272605943, -0.5875836061283258], [0.3825212324161324, -0.9110660967473649, -0.1537402813460561], [-0.5004366433959938, -0.3441710828144674, 0.7944239621895024]], "T": [-0.049986483233896165, 0.1097992889369448, 0.0881439875790336], "aligned_model": [[0.48962584067661646, -0.5836624881964229, -0.009135392823700642, -0.6164956542579284, -0.11971574739468636, 0.1974315007739521, 0.3984829764024428, 0.5451511210249191, -0.37236945487128176, -0.0100588158238364, -0.0012169778125968103], [-0.2508906435710732, -0.015543664468801649, 0.39795269702534053, -0.03389014464472809, -0.5648036004778576, 0.08274847968887447, -0.44856396741255966, 0.4298047731856446, 0.5384486381013165, 0.7351476690772963, 0.06059069056336205], [-0.389059533053839, -0.4298059073779823, -0.6121921518907756, 0.17690484303629453, -0.22290763863621374, 0.6888586910854285, 0.18370585222857194, -0.30607387010738996, -0.1452433805138707, 0.5492299775074079, 0.08536571732744541]], "inverted": true, "swapped": false, "error_lsq": 0.04674208234949539, "error_max": 0.22431599125629378, "target": "412.xyz", "model": "25.xyz", "model_rescale": 4.19342608120988, "target_rescale": 3.9663736551091486},
{"mapping": [6, 4, 3, 0, 2, 1, 8, 10, 5, 9, 11], "R": [[0.6472989273943792, 0.7284298459461699, -0.22448620921768406], [-0.24585253096199924, 0.4782908287750398, 0.8430862447752693], [0.7214988784562772, -0.4905383192417542, 0.4886834617027769]], "T": [0.024695321283543518, 0.1938936524444037, -0.004940323324576279], "aligned_model": [[0.36142969515306395, -0.42035367662321044, -0.006704405310634872, -0.6259167578818055, -0.17521384960023012, 0.0770555602936545, 0.5240694283573518, 0.6525185686761868, -0.4681755414636986, -0.010275395667043326, 0.009603281763843272], [-0.16816316140107224, -0.16891702457614693, 0.4946494093096774, 0.03591137025559954, -0.6058732320509754, 0.017538701101752346, -0.3672751404942377, 0.2491303151375177, 0.6029659508087446, 0.7079569845201155, 0.1330767544558394], [-0.6619188526558434, -0.5193618753991632, -0.587672715354845, 0.23098250207602766, 0.1404373077130734, 0.5057010380167692, 0.14589469525173626, -0.009702645990298742, -0.07908915529584379, 0.5284145724092034, -0.11490227116573898]], "inverted": false, "swapped": false, "error_lsq": 0.05372116483924931, "error_max": 0.2774525098379048, "target": "412.xyz", "model": "26.xyz", "model_rescale": 3.795458400668931, "target_rescale": 3.9663736551091486},
{"mapping": [7, 6, 5, 1, 0, 9, 3, 10, 8, 11, 12], "R": [[-0.5259425886959249, 0.489768382731816, -0.6953497858431327], [-0.23818098585103975, 0.7000321977524727, 0.6732196818935627], [0.8164889536147172, 0.5196939997595742, -0.25152323001870003]], "T": [-0.027027738691966712, 0.11338588461634998, 0.1555627824041308], "aligned_model": [[0.41812771601963616, -0.5555268649028601, -0.014779303118062175, -0.5989312398035601, -0.07314865757370868, -0.0006703407171505353, 0.4889003069726152, 0.5560246863310395, -0.4875583155345782, 0.15500462519805175, 0.030594294826054125], [-0.16984890022363153, 0.05937429032341253, 0.35174027843309624, -0.03408552430847446, -0.6917096850138031, -6.593441360105978e-05, -0.4128022060007009, 0.38470460815955626, 0.622409728955909, 0.7651637965228568, 0.05612047463219411], [-0.46235531607379143, -0.47606874067884786, -0.5585083811744567, 0.19470022633265022, -0.04684071730947814, 0.5688523448735943, 0.20051724644680705, -0.15123103832716844, -0.08848234414618653, 0.38713213223424103, 0.011067187427713288]], "inverted": false, "swapped": false, "error_lsq": 0.0407614805627555, "error_max": 0.19904860360683882, "target": "412.xyz", "model": "27.xyz", "model_rescale": 3.6321398670334006, "target_rescale": 3.9663736551091486},
{"mapping": [12, 13, 9, 1, 4, 3, 7, 8, 11, 0, 14], "R": [[0.2914226147816727, 0.8005880680826318, 0.523575787100141], [-0.6984330026220742, 0.5520748369362447, -0.45541707836897477], [-0.6536544962303303, -0.23296377329005075, 0.720044220789484]], "T": [-0.0042354372542722195, 0.17384937163302955, -0.033318119468562724], "aligned_model": [[0.5784439747172824, -0.6591133939084489, -0.013592665633470665, -0.48633752391471624, -0.20269427388869868, 0.1633491011312782, 0.5118874843191497, 0.5066145985546715, -0.4011203029041834, -0.013746328167930002, -0.06565376260745662], [-0.1852409218498665, 0.12332952006904269, 0.389757592637327, -0.15297916879527979, -0.6274047515668737, 0.04066343541490092, -0.36350530276001985, 0.24504010037336046, 0.6512291365361338, 0.6537516861941957, 0.15635960081389394], [-0.49705144245797267, -0.5181479230083749, -0.6656694803432335, 0.29535782937079375, 0.037908087617700564, 0.6191671361886479, 0.18058482052598712, -0.001794527509766941, -0.1979899139502591, 0.3654487367929759, -0.03903072362142137]], "inverted": false, "swapped": false, "error_lsq": 0.04135359884473645, "error_max": 0.272089457004367, "target": "412.xyz", "model": "28.xyz", "model_rescale": 4.156811204709835, "target_rescale": 3.9663736551091486},
{"mapping": [8, 7, 2, 0, 5, 9, 1, 3, 4, 10], "R": [[-0.7197008017370965, 0.6192077747323076, 0.31402625318601063], [0.6866783781354776, 0.5680773521543689, 0.45360878184897524], [0.10248688199087032, 0.5420976422014258, -0.8340423162762453]], "T": [-0.0218641888336088, -0.002635563793788546, 0.09693196122274643], "aligned_model": [[-0.6594908052742501, 0.10192979433012793, -0.09916081208657596, 0.6195923848153948, -0.16125888115714782, -0.557331944689484, -0.24429182467461208, -0.49240815279736505, 0.23527561124970725, -0.09992999560520688], [-0.02900634613086316, -0.6247366749713774, 0.03897629969445138, 0.08422076092408878, -0.4552243425634815, -0.5701929320842717, 0.6751777980465721, 0.27153295500147906, 0.5607222048828391, -0.03274939217323271], [-0.30539294668778816, -0.3073704632249126, -0.5947925665473045, -0.23212611622294926, 0.5703995144219361, 0.08429972782756921, -0.3902733376996789, 0.440720745349489, 0.4318834927777605, 0.06143867698097829]], "inverted": true, "swapped": true, "error_lsq": 0.05994802873985483, "error_max": 0.2919561769162535, "target": "412.xyz", "model": "29.xyz", "model_rescale": 4.117894457231895, "target_rescale": 3.9663736551091486},
{"mapping": [7, 1, 8, 3, 4, 11, 13, 6, 5, 9, 14], "R": [[-0.3236784754395501, -0.11925807202629204, -0.9386211998424607], [0.922293435948686, 0.18167208010914557, -0.34113058103134597], [0.2112038412129289, -0.9761007978510151, 0.05118759509408474]], "T": [-0.01778670957965006, 0.08307280622493063, 0.07216632140894136], "aligned_model": [[0.40568613389575336, -0.4974039289612319, -0.07306992160739222, -0.4685142703782917, -0.16889295318302455, 0.11099464665786302, 0.41189715863667004, 0.347385613808654, -0.3259608057142651, 0.141200329354944, 0.034714905187798295], [-0.2046173105611389, -0.11439599261693006, 0.36107470551980453, -0.13938510611480753, -0.632363749876158, 0.16784553194956345, -0.5786592999329926, 0.5546312886572939, 0.8298157345906015, 0.6133017643108195, 0.07375336114075817], [-0.3339233342049081, -0.6142750994096156, -0.5770242493123872, 0.2892224068702076, -0.1824815324893425, 0.7804971604719486, 0.09537613623746802, -0.1646272915050098, -0.13605350698746813, 0.36096449672922404, 0.06110741320495977]], "inverted": true, "swapped": false, "error_lsq": 0.05108400435605556, "error_max": 0.2297709901320751, "target": "412.xyz", "model": "30.xyz", "model_rescale": 4.100398675895297, "target_rescale": 3.9663736551091486},
