[{"mapping": [4, 3, 5, 0, 9, 1, 8, 13, 10, 11, 7, 12, 2, 14], "R": [[0.05933386892293741, 0.6636876813092739, -0.7456528372352349], [-0.21146788125757235, 0.7383725848217453, 0.6403805596519059], [0.975582301599957, 0.1196853694566491, 0.18415912994732694]], "T": [-0.004234244040208231, 0.13096065225599168, 0.03863762459514365], "aligned_model": [[0.1954058232110648, 0.24980088559185037, -0.37004070613972545, -0.472959958481204, -0.5682877482145685, -0.18183806635674, -0.667119592277589, -0.017543783546546184, -0.35746067701248235, 0.03504987134498981, 0.6435793525291497, 0.2594451135758674, 0.6203646902588437, 0.0030968966453934956], [-0.6135792402761815, -0.49529693553341786, -0.4375882455732371, -0.31309660558999475, 0.24174993593976868, 0.15397146876433235, 0.2789439790617471, 0.5553819459320469, 0.6904246196479871, -0.14167085765725584, 0.3865720223250406, 0.770268407228184, 0.03151313035500136, 0.12767970718601354], [0.3463783680670225, -0.2270492905925966, 0.35156594150430875, -0.30973213824488827, 0.5716490588723365, -0.5942321910577496, -0.1917135811667427, 0.6643731863242447, 0.13496589455937472, 0.6258119456508635, 0.4763733384231831, 0.06186365444253347, -0.06720646242592831, 0.05454036282387206]], "inverted": false, "swapped": true, "error_lsq": 0.04348105991443424, "error_max": 0.23654340610897134, "target": "413.xyz", "model": "0.xyz", "model_rescale": 3.8414455957264533, "target_rescale": 4.160971306175064},
{"mapping": [3, 10, 11, 1, 0, 4, 12, 13, 5, 2, 6, 7, 8, 9, 14], "R": [[0.40068817706896076, 0.1622540742056761, -0.9017331091630229], [-0.4968024367562777, -0.7884711698476987, -0.3626300499848657], [-0.7698287625116237, 0.5932847796148663, -0.23532285627869154]], "T": [0.11092325304886111, 0.007748817612129132, 0.03915792133795641], "aligned_model": [[-0.250628732330033, -0.5455225920178934, -0.1600565298555021, -0.24674299682876907, 0.5516782034882062, 0.31259088701034454, -0.41923752427318983, 0.38164567145658734, -0.26055588310404154, 0.3499170346766579, -0.06078616613319257, 0.7487973263467833, -0.11433321167883462, 0.5762010577034741, 0.043060035055894896], [-0.670645611009669, 0.07533316507157249, 0.26340611051951074, -0.42797618055157705, -0.16037560788924632, -0.4945433940876604, 0.4702242331572403, 0.6147058640421657, -0.3732022310179147, -0.4106168351903788, 0.06896396511721603, -0.06308959599917267, 0.7458918286365689, 0.4110677876257288, -0.025575575748623472], [-0.11063541337203599, 0.22052084170335445, -0.727311065621299, -0.6171320076130009, -0.5112842833667789, -0.014226854828116989, -0.25636802350061155, -0.32575236434844096, 0.42800536563103214, 0.5981363471441826, 0.798628628385789, 0.07161694021519008, 0.20858878592503577, 0.33302873124665444, -0.009298941108609758]], "inverted": true, "swapped": false, "error_lsq": 0.04780924764850132, "error_max": 0.3273662265465443, "target": "413.xyz", "model": "1.xyz", "model_rescale": 4.316132596720782, "target_rescale": 4.160971306175064},
{"mapping": [10, 9, 8, 2, 1, 12, 3, 7, 5, 13, 11, 14], "R": [[0.7873264834491309, -0.5410736556277794, 0.2955610049468922], [0.43502303262679476, 0.14783125355748578, -0.8882009240908327], [0.43688896706578917, 0.8278799548589238, 0.3517709635529546]], "T": [-0.11654134074497491, 0.015438847467774353, -0.14338899539049035], "aligned_model": [[-0.06612683716994358, 0.5461356126637482, 0.00632242370835609, -0.49205215492762266, -0.5101594746256786, -0.4802736525141559, -0.21728110325875832, -0.22627371753501632, 0.5296730857194302, 0.20482035866956083, 0.4101844758375195, -0.10716046193565876], [-0.5440579061281494, -0.34068630605475264, -0.6515211447094683, 0.5318855471479024, -0.3131585226215929, -0.12344194136466008, 0.4866245833678221, 0.5056775942238829, 0.12862034840971381, -0.05486471802277737, 0.3602570515079657, 0.02744184198509432], [0.2191985663094597, 0.0769878193388708, -0.3767269308736348, -0.08430393874778194, -0.5553178144757462, 0.4286176387766414, -0.6866729476529891, 0.5079457574304034, -0.4963524656448627, 0.5375218933524331, 0.012512209012880082, -0.13415132561625245]], "inverted": false, "swapped": true, "error_lsq": 0.043265172479136554, "error_max": 0.2513668611459106, "target": "413.xyz", "model": "2.xyz", "model_rescale": 3.795458400668931, "target_rescale": 4.160971306175064},
{"mapping": [3, 2, 6, 10, 0, 8, 12, 11, 13, 9, 1, 14], "R": [[-0.8159152985789011, 0.48644060551348645, -0.31250242055474653], [0.5781258413366674, 0.6931995025037994, -0.4304009308856753], [0.007262033026187248, -0.5318364288351806, -0.8468159633829353]], "T": [0.06554204003740777, -0.02369798334657354, -0.024182124877260854], "aligned_model": [[-0.06701221900409982, -0.3026156935067493, -0.7458357983504567, 0.13588462551584407, 0.17357782430406768, 0.1696502939647496, -0.2617807592922505, 0.603003345916411, 0.42922231788848136, 0.7389510064431495, -0.3552987120955079, 0.07555759395992619], [-0.008608088295212327, -0.46151104990140585, -0.28866418653283826, 0.14584196343590822, 0.6068347208933148, 0.6306610720704713, -0.32471961959526996, -0.35800257519345946, -0.416453654487084, 0.1209514147471341, 0.47776839118349085, -0.03832934303534004], [-0.737991352703758, -0.3140031232237695, 0.16817097254859573, 0.6187456365919511, -0.3833602331842121, 0.2503236600784671, 0.5059371232283295, -0.16567647027432553, 0.5099856482699908, 0.35015559111759925, -0.08759628340849732, -0.02591973840127113]], "inverted": true, "swapped": true, "error_lsq": 0.04632830677826614, "error_max": 0.2538695424702893, "target": "413.xyz", "model": "3.xyz", "model_rescale": 3.7530521520055578, "target_rescale": 4.160971306175064},
{"mapping": [0, 11, 9, 13, 8, 7, 1, 2, 6, 12, 14], "R": [[0.17039989776832032, 0.22059793073843084, 0.9603647368549455], [0.4130246453920099, 0.8688807637505309, -0.2728678447217606], [-0.8946365279482784, 0.4431509577313546, 0.05694481119849897]], "T": [-0.14662622777800133, -0.13044758411950097, -0.026616811693373967], "aligned_model": [[-0.3424828800357602, -0.15389831329912018, 0.4481441864182633, 0.40688789477865644, 0.24897728669145036, -0.1577609971669468, -0.2640184181894779, -0.6090238576606035, -0.28001428936042344, 0.18867545762796106, -0.14728646735879408], [-0.8352046888813353, 0.06585566030449291, -0.2988475706467252, 0.3056625870477202, -0.7128700129061321, 0.6877109899569185, -0.5536414830995402, 0.2860525051279468, 0.3060886859528442, 0.33492793519483316, -0.11853124973667677], [-0.08327129376883712, -0.6447244222493412, -0.5087178477378987, -0.30099903836775416, 0.10998370698041238, -0.11090647977399451, 0.4629981558462405, 0.1280852136097989, 0.7198311164877136, 0.3603961899612443, -0.03984452374226719]], "inverted": false, "swapped": true, "error_lsq": 0.04500094513025122, "error_max": 0.20932445188522836, "target": "413.xyz", "model": "4.xyz", "model_rescale": 3.7855080009869324, "target_rescale": 4.160971306175064},
{"mapping": [8, 10, 4, 6, 11, 13, 5, 0, 15, 14, 9, 12, 3, 2, 16], "R": [[-0.030916720946333576, -0.9178107270134883, 0.395812614433773], [-0.31647549453437396, -0.3666388835123423, -0.874882386641797], [0.9480967343711031, -0.1523134875045385, -0.2791293316709206]], "T": [0.05806280812747476, -0.010782129951066125, -0.04750791422299627], "aligned_model": [[-0.36844762592582025, -0.6205779091181262, 0.01397176089692613, -0.012901511030597876, 0.5809658968287504, 0.2676068308891573, -0.4262787371169943, 0.18956904400737135, -0.19942983889679577, 0.41793296266676216, -0.0810575096421703, 0.707932315504157, -0.08435558297392158, 0.4417967088486107, 0.07929977457918355], [-0.5701572190994936, 0.021200040203053737, 0.30198549752337056, -0.3115216857200545, -0.3695199799677747, -0.7020960579205627, 0.6207677614284308, 0.7168279962432722, -0.5226456228325475, -0.1420416397715075, 0.17826512810012224, -0.2105893523669961, 0.5608623797910642, 0.46058283998954025, -0.008352162924156636], [-0.025186775195635003, 0.21590847054244272, -0.7162628578484422, -0.6224834381101138, -0.5274201385853219, -0.10268032032999391, -0.19468551736983722, -0.29603054398671325, 0.5449542432769237, 0.5101315853521647, 0.6246681718259219, -0.019012997789144767, 0.3203999027053879, 0.3724314220256149, 0.001785479979090128]], "inverted": false, "swapped": false, "error_lsq": 0.03996524713643176, "error_max": 0.27132737825188225, "target": "413.xyz", "model": "5.xyz", "model_rescale": 4.2253639853439635, "target_rescale": 4.160971306175064},
{"mapping": [1, 12, 9, 8, 10, 11, 5, 0, 7, 2, 13, 4, 3, 14], "R": [[-0.7799401230664339, -0.3954797571005694, -0.4850661461644077], [0.19933689518026332, 0.5777097258958119, -0.7915278105191746], [0.5932606565844465, -0.714035877480299, -0.37174528782478317]], "T": [0.09714671534521024, -0.016220564494417545, -0.05211259168508468], "aligned_model": [[0.6457101093657646, -0.18956994354101037, -0.4596157025886516, 0.2040346352696879, -0.252893755581452, -0.30846433258977946, 0.045767165602304746, 0.5793815419797373, -0.37333461385375966, 0.26874240266663696, -0.6509637840771904, 0.15738983565637185, 0.6231813204111523, 0.08469727403797155], [-0.26863963861052853, 0.1680653444453161, -0.522822646201311, -0.7147308019954, -0.4214721620567847, 0.12507654545024083, -0.2701989988725089, -0.46479831391168475, 0.6424494332145279, 0.5989969996685888, -0.007573861860606313, 0.30796278721078274, 0.2795046623852714, -0.006720202230913061], [-0.3128032756485989, -0.6542860874039359, 0.16675209438247457, -0.17473456604851917, -0.4524759151066981, 0.43385003006764505, 0.6463438816897914, 0.27112062132627296, -0.19844555640088068, -0.109374079048824, -0.16216479187885352, 0.7095803216001151, 0.35181331081813305, -0.04361777941667301]], "inverted": false, "swapped": true, "error_lsq": 0.0416621323715326, "error_max": 0.2404767184679607, "target": "413.xyz", "model": "6.xyz", "model_rescale": 3.89814844738969, "target_rescale": 4.160971306175064},
{"mapping": [2, 7, 12, 4, 1, 13, 11, 3, 5, 9, 10, 0, 14], "R": [[0.9457315449329053, -0.2916099801490241, 0.1433717698722658], [0.023684552909465473, -0.37818031385794565, -0.9254289233451614], [0.3240846908946779, 0.8786030216700782, -0.35075040048431816]], "T": [0.06291392936044173, 0.10412994821363251, -0.001230923348008072], "aligned_model": [[0.2801074403378186, -0.09626877555954298, 0.3129203513448633, -0.4104822403196643, 0.6054960431297526, -0.37504968652736426, -0.5524430087081411, 0.16526553425555357, -0.4964473286545844, -0.5263085944419171, 0.06953710763578475, 0.12319852820670604, 0.049106430204957995], [-0.2785677333346255, 0.1272327650872399, 0.5530543971954562, -0.5774051487192793, 0.08065524595633494, 0.6026617114512907, -0.03915684955494643, -0.60807762930299, -0.1730275325641235, 0.5523700538934163, 0.7688423010662064, -0.14588680487363653, 0.10108648917014243], [-0.467692146199374, -0.8079150683986642, -0.4646360223011767, -0.01872810590372871, 0.3697817544864664, -0.3638733419666668, -0.14768773466965562, 0.09678165623371233, 0.4053217329475504, 0.25650816007731286, 0.07061335846577373, 0.6858713438602899, -0.012070555795543978]], "inverted": true, "swapped": true, "error_lsq": 0.044449704167519595, "error_max": 0.26950435494101543, "target": "413.xyz", "model": "7.xyz", "model_rescale": 3.7474275329858107, "target_rescale": 4.160971306175064},
{"mapping": [5, 3, 4, 8, 9, 9, 2, 13, 6, 10, 0, 11, 1, 12, 14], "R": [[0.06641434834678797, 0.7113386222313545, 0.6997045797017983], [0.6060444751776017, 0.5283220762301423, -0.5946308753122203], [-0.7926532838766122, 0.463544116875482, -0.3960146755737125]], "T": [0.09499309587323254, 0.048547751460757266, 0.0706981192671932], "aligned_model": [[-0.1925033888519613, -0.5823385160204777, 0.011045813236110202, -0.22473887896710773, 0.3801469784938839, 0.3801469784938839, -0.5097882738745867, 0.5981818382065563, -0.2406028975296892, 0.4391962750020323, -0.2516056284177871, 0.6759754019744826, -0.23163919307082317, 0.5674401453153833, 0.0871099255265933], [-0.5941519887131362, -0.1800791609550845, 0.3598292875313831, -0.12432705573111827, -0.5139019298149559, -0.5139019298149559, 0.5222548495065238, 0.6317828390670069, -0.49820362627870685, -0.18732661736797138, 0.11242862459694647, -0.16819428912649467, 0.6730854411485461, 0.4053483904029608, 0.09892508822481728], [-0.06084761146153041, 0.12625133189508309, -0.6422412223916051, -0.5064466469393388, -0.35671041989366054, -0.35671041989366054, -0.2734393182731832, -0.39271287635818786, 0.5760458792796904, 0.704062795654769, 0.6274761683982247, 0.02639909637487163, 0.3315924312566631, 0.24427723184470623, 0.03952026699950243]], "inverted": false, "swapped": false, "error_lsq": 0.050499204813680976, "error_max": 0.3424483834135991, "target": "413.xyz", "model": "8.xyz", "model_rescale": 4.019505241142653, "target_rescale": 4.160971306175064},
{"mapping": [12, 1, 2, 7, 13, 11, 3, 10, 9, 8, 0, 5, 14], "R": [[-0.9526207717696273, 0.07601018635117958, 0.2945099603814766], [0.2515134185962806, 0.7413475093582849, 0.6222096677441457], [-0.17103995281527676, 0.6668030608351517, -0.7253406183317057]], "T": [-0.026913207106368076, -0.028337684580295737, -0.061050597285300864], "aligned_model": [[-0.2325328468463812, -0.6253429021968546, 0.06675180274616896, 0.38432807994096385, 0.32262189757069676, 0.6121008220553386, 0.07974309253946993, -0.2728223934794828, 0.25796319172619053, -0.4420277312243333, -0.2362660066122329, 0.4152064500004139, -0.01002268447878157], [-0.6207765648627052, 0.24271739197166714, 0.08107132607630929, -0.4807684256936601, -0.6873859285704421, -0.05011783084287279, 0.6389820752073636, -0.5557803043670213, -0.34213810912784093, -0.028580169547163754, 0.544513177835057, 0.3545010566406071, -0.032859466605239265], [-0.3534841701626212, -0.02930371630989577, -0.6859291002069092, -0.6113225408663925, 0.06278879173070813, 0.04772238184886832, -0.32681500836353783, 0.26816200005027824, 0.5984238457090756, 0.5238063091316478, 0.3467059845796429, 0.4004156045977573, -0.06446688769474276]], "inverted": true, "swapped": true, "error_lsq": 0.053675044572915324, "error_max": 0.4059150368289484, "target": "413.xyz", "model": "9.xyz", "model_rescale": 3.877068213659057, "target_rescale": 4.160971306175064},
{"mapping": [6, 13, 9, 10, 11, 12, 2, 8, 3, 5, 4, 0, 7, 1, 15], "R": [[-0.1784330197610203, -0.2000218114610601, 0.963406940186129], [0.9736659833558701, 0.10531181456649116, 0.20219785994999911], [-0.1419021152577008, 0.9741153405282914, 0.1759633286592439]], "T": [-0.04134636920623143, -0.029283159144435366, -0.025900054525086556], "aligned_model": [[-0.25854136173629283, -0.8047487463230718, -0.16191919770143015, -0.11612404418381302, 0.4652620314020504, 0.39446184964810843, -0.4577752534209126, 0.38197753868802975, -0.16915329127640316, 0.42806151985616264, -0.22972661052767152, 0.7509540782415483, 0.08106557845331978, 0.5545923056585537, 0.0476401827383148], [-0.6057103264093342, -0.13527151940182727, 0.3126254988063621, -0.3539238014046774, -0.18766365872190738, -0.63529882914703, 0.4829391942769681, 0.5295581634508663, -0.3483262150562884, -0.22283987284114298, 0.2750570732949829, -0.10651101939919246, 0.7253549050627057, 0.33643777381877626, -0.042859443653500404], [-0.055270638170610474, 0.03428112248216487, -0.5774487527799235, -0.6521807680854539, -0.5386561583896949, 0.005902772453722754, -0.09350628941995015, -0.3481052391096349, 0.5076149517058537, 0.5683957257993639, 0.5485393133314067, -0.033767341751950446, 0.2601476277530654, 0.48792083371940337, -0.027350473045418176]], "inverted": true, "swapped": false, "error_lsq": 0.037929195859793645, "error_max": 0.23283526733977503, "target": "413.xyz", "model": "10.xyz", "model_rescale": 4.260839863003843, "target_rescale": 4.160971306175064},
{"mapping": [3, 1, 8, 0, 9, 5, 4, 2, 12, 13, 7, 14], "R": [[0.3036728722867383, -0.5774916115398436, 0.7578167491143469], [-0.9207215023622388, 0.02670842799808132, 0.389305246511903], [-0.2450606082685355, -0.8159596181643954, -0.5235983191341143]], "T": [0.03733012618070772, -0.05900344108592414, 0.0042472164438610086], "aligned_model": [[0.36775449781936254, 0.1042966566946113, -0.49410974838910804, -0.2733565317243264, -0.6822869990285825, -0.42076943794290245, 0.10624340983644429, 0.6566925465324914, 0.27752789730714467, -0.20224681938476857, 0.48085172629135664, 0.03830145108240735], [0.09577415541958464, -0.6488571174027568, -0.5341765304148665, -0.2932744075472991, 0.14392197500258228, 0.34260899723087984, 0.604958363694255, 0.10432930270811752, -0.2500714051363607, 0.2550247335883552, 0.3948302345502957, -0.04198979615985347], [-0.6235947863722474, -0.27892224389534537, -0.07423795929687904, -0.6177198648057759, 0.23984067694646732, -0.42451680629963945, -0.48901321613244947, -0.026235830611409987, 0.6243913299549028, 0.6491074836678681, 0.5276359521490291, 0.009443342090983744]], "inverted": true, "swapped": true, "error_lsq": 0.05082063765370844, "error_max": 0.40626146071707364, "target": "413.xyz", "model": "11.xyz", "model_rescale": 3.890672605050136, "target_rescale": 4.160971306175064},
{"mapping": [11, 13, 12, 4, 2, 0, 9, 3, 5, 8, 6, 10, 1, 14], "R": [[-0.3233966669357529, -0.5085892009353923, 0.7979671800937337], [0.4322694922671202, -0.8295529092660044, -0.3535322570621167], [0.8417586838696539, 0.2306057141967815, 0.4881222415643653]], "T": [0.11705610048123513, 0.04057865493719858, 0.12718346556595134], "aligned_model": [[0.344731883194921, 0.16142024694581983, 0.24300777656535794, 0.5294462520240271, 0.7075025121348342, -0.3184442314800283, -0.32007920980247917, 0.4255483416931246, -0.04339922325977735, -0.5968528053270539, 0.46158028227049264, -0.3110775825410814, -0.20185907503432596, 0.1283506674098628], [-0.35388570839728756, 0.2709346396113602, 0.6982666609582762, -0.6791078379093022, 0.13850609168170033, -0.40537524216296816, -0.14089647203451133, -0.4072970991916022, -0.6644669770205888, 0.06431169444826018, 0.7534078977202007, 0.4439754338888481, 0.1784296163753463, 0.03534982186003332], [-0.3345593949649389, -0.5917209191843622, -0.04706727242531791, 0.09741959247533588, 0.3574004527652539, 0.5141159116181557, -0.4977255748667601, 0.608392148185652, -0.05212379697689851, 0.19159266490444138, 0.4996326008087171, -0.19065386318539362, 0.6856519447112, 0.11443594149177713]], "inverted": true, "swapped": true, "error_lsq": 0.04862850501179593, "error_max": 0.29559567686281535, "target": "413.xyz", "model": "12.xyz", "model_rescale": 4.124412569039231, "target_rescale": 4.160971306175064},
{"mapping": [2, 1, 10, 3, 12, 7, 0, 11, 8, 5, 13, 9, 14], "R": [[-0.3438787705286995, -0.6227838873080053, -0.7027713859351419], [0.5026102261372819, 0.5101033230104065, -0.6979810602272611], [0.7931773772378412, -0.5932409540509413, 0.13760384687510935]], "T": [0.046885941190266796, 0.08321413882160016, 0.07577940599788105], "aligned_model": [[-0.1498575474067291, -0.2592115375554821, 0.5991063251876632, -0.6436555344703739, 0.5708167562679446, 0.4385203068098882, -0.4704707169232628, 0.13184711486410264, 0.10636095354705072, -0.22725141775483398, 0.7409476838317522, 0.4780899776522088, 0.052055943459828814], [-0.44475111496289504, 0.5127454292657372, 0.4552460635305506, -0.14083764055918713, -0.04806104229280285, -0.6325294744484005, 0.5687099808592881, -0.24813941141847112, 0.7959414508947678, 0.17561629401871828, -0.09458993317013244, 0.37874065008871666, 0.06939412470258755], [0.3819840754398097, 0.46872217915605974, 0.13654842647486287, 0.05918962596039806, 0.5082652271507873, 0.18040152267579374, -0.11100392022492617, -0.4752480787410247, 0.02229829301053593, -0.6107312629692749, -0.166128801726834, -0.5083943439241646, 0.06579513868581582]], "inverted": true, "swapped": true, "error_lsq": 0.04523992356607336, "error_max": 0.27755899858735045, "target": "413.xyz", "model": "13.xyz", "model_rescale": 3.9028299243045295, "target_rescale": 4.160971306175064},
{"mapping": [8, 2, 11, 12, 13, 5, 1, 9, 0, 4, 3, 10, 6, 7, 15], "R": [[0.014241783256027069, -0.14383273145027708, 0.9894995285361388], [-0.8623743148487737, 0.49909158736293746, 0.08495956987091846], [-0.5060708573893546, -0.8545289537441643, -0.11692969902513088]], "T": [0.031456976078507226, -0.013361676363228324, -0.007612593325707772], "aligned_model": [[-0.35013860287472853, -0.6855554788637424, -0.0049290654147302465, -0.13960873362574264, 0.4539108425338411, 0.20328590883323938, -0.40664146543468316, 0.3611611528023086, -0.238188625116103, 0.39966602663652234, -0.06266936018480329, 0.776182713364082, -0.16070924257302333, 0.6670319113349539, 0.09322859809910214], [-0.6838146514072423, -0.09316860323459837, 0.3832782699378145, -0.2814052170447371, -0.4270001122904759, -0.4914206935490775, 0.38222273456545736, 0.6765295698861451, -0.45669458011405833, -0.28883072900745216, 0.15995599594564433, -0.03796712331559874, 0.5983425082543109, 0.5014963874776875, 0.08204416657194188], [-0.044825251596772926, 0.139607525669016, -0.6298741921092776, -0.6265871261000279, -0.539672107699648, -0.07114390537592688, -0.2792400682186657, -0.13485519885950317, 0.6388884472403406, 0.4902851572267199, 0.5838184360642217, 0.003822014394082829, 0.17486589083009796, 0.381737675210115, -0.0003106101824269288]], "inverted": false, "swapped": false, "error_lsq": 0.040030616750655536, "error_max": 0.3245778338089289, "target": "413.xyz", "model": "14.xyz", "model_rescale": 3.942246331269136, "target_rescale": 4.160971306175064},
{"mapping": [2, 5, 6, 7, 8, 0, 10, 11, 1, 12, 3, 8, 4, 13, 14], "R": [[0.6750974627740828, 0.10872282613327894, -0.7296730520127417], [-0.7352010174595965, 0.017347674959154888, -0.6776271261541159], [-0.06101540528727584, 0.9939207238261535, 0.0916445037442244]], "T": [-0.035858835250115545, 0.09345301422750632, 0.0021110336421722962], "aligned_model": [[-0.35996840561347476, -0.54201503790906, 0.0644726535868599, -0.07072991540353635, 0.5812583514449404, 0.1620086865657104, -0.39379243510368434, 0.3993338134317944, -0.12796530208371412, 0.4041922356921669, -0.28442614098185315, 0.5812583514449404, -0.07368148620014428, 0.5845480122538701, -0.01846680160832275], [-0.5789642123975787, -0.22593599706096698, 0.1792357740225285, -0.40550986880206985, -0.14503866375374205, -0.6083289260061688, 0.6736226085711854, 0.5858986593788524, -0.4149548165399487, -0.09969210872812126, 0.14551798856916184, -0.14503866375374205, 0.6131701415725176, 0.44956050286792626, 2.5504735926440425e-05], [-0.15743826399399546, 0.21324160027609995, -0.5413632526015528, -0.6912860800356874, -0.3992977650992848, -0.09311519720090941, -0.20833443658258266, -0.2846217160765308, 0.6263540249223154, 0.6632662912055939, 0.6744587587582125, -0.3992977650992848, 0.27067672680115795, 0.38839156202756214, 0.0248821991912305]], "inverted": true, "swapped": false, "error_lsq": 0.04944493271667077, "error_max": 0.3109344172703631, "target": "413.xyz", "model": "15.xyz", "model_rescale": 4.355366556412066, "target_rescale": 4.160971306175064},
{"mapping": [10, 9, 8, 2, 1, 12, 3, 7, 5, 13, 11, 14], "R": [[0.7873264834491309, -0.5410736556277794, 0.2955610049468922], [0.43502303262679476, 0.14783125355748578, -0.8882009240908327], [0.43688896706578917, 0.8278799548589238, 0.3517709635529546]], "T": [-0.11654134074497491, 0.015438847467774353, -0.14338899539049035], "aligned_model": [[-0.06612683716994358, 0.5461356126637482, 0.00632242370835609, -0.49205215492762266, -0.5101594746256786, -0.4802736525141559, -0.21728110325875832, -0.22627371753501632, 0.5296730857194302, 0.20482035866956083, 0.4101844758375195, -0.10716046193565876], [-0.5440579061281494, -0.34068630605475264, -0.6515211447094683, 0.5318855471479024, -0.3131585226215929, -0.12344194136466008, 0.4866245833678221, 0.5056775942238829, 0.12862034840971381, -0.05486471802277737, 0.3602570515079657, 0.02744184198509432], [0.2191985663094597, 0.0769878193388708, -0.3767269308736348, -0.08430393874778194, -0.5553178144757462, 0.4286176387766414, -0.6866729476529891, 0.5079457574304034, -0.4963524656448627, 0.5375218933524331, 0.012512209012880082, -0.13415132561625245]], "inverted": false, "swapped": true, "error_lsq": 0.043265172479136554, "error_max": 0.2513668611459106, "target": "413.xyz", "model": "16.xyz", "model_rescale": 3.795458400668931, "target_rescale": 4.160971306175064},
{"mapping": [2, 7, 12, 4, 1, 13, 11, 3, 5, 9, 10, 0, 14], "R": [[0.9457315449329053, -0.2916099801490241, 0.1433717698722658], [0.023684552909465473, -0.37818031385794565, -0.9254289233451614], [0.3240846908946779, 0.8786030216700782, -0.35075040048431816]], "T": [0.06291392936044173, 0.10412994821363251, -0.001230923348008072], "aligned_model": [[0.2801074403378186, -0.09626877555954298, 0.3129203513448633, -0.4104822403196643, 0.6054960431297526, -0.37504968652736426, -0.5524430087081411, 0.16526553425555357, -0.4964473286545844, -0.5263085944419171, 0.06953710763578475, 0.12319852820670604, 0.049106430204957995], [-0.2785677333346255, 0.1272327650872399, 0.5530543971954562, -0.5774051487192793, 0.08065524595633494, 0.6026617114512907, -0.03915684955494643, -0.60807762930299, -0.1730275325641235, 0.5523700538934163, 0.7688423010662064, -0.14588680487363653, 0.10108648917014243], [-0.467692146199374, -0.8079150683986642, -0.4646360223011767, -0.01872810590372871, 0.3697817544864664, -0.3638733419666668, -0.14768773466965562, 0.09678165623371233, 0.4053217329475504, 0.25650816007731286, 0.07061335846577373, 0.6858713438602899, -0.012070555795543978]], "inverted": true, "swapped": true, "error_lsq": 0.044449704167519595, "error_max": 0.26950435494101543, "target": "413.xyz", "model": "17.xyz", "model_rescale": 3.7474275329858107, "target_rescale": 4.160971306175064},
{"mapping": [1, 12, 2, 10, 0, 5, 3, 7, 8, 4, 9, 13, 11, 14], "R": [[-0.5276082191054179, 0.1327472450645099, -0.8390516885509453], [0.5633521364829126, 0.7939532441291091, -0.22863205474517628], [0.6358175347161695, -0.5933097125992852, -0.4936797013072407]], "T": [0.10668989496508544, -0.06065400871104039, -0.058697999083825246], "aligned_model": [[0.3914344728006097, 0.06194405476213494, 0.6346857089970637, -0.38065162981068723, 0.15995071182319004, -0.16107768517332757, 0.6588807840550444, 0.1790159134700398, -0.2436850368495644, 0.2858707272462401, -0.6627968247274809, -0.4503141009547402, -0.1607874854296211, 0.102378037673975], [-0.5643895253632704, 0.3510684438583297, 0.30016504255377635, -0.08135271506261814, -0.7555224882626884, -0.32178515100340643, -0.23591001858306387, 0.7585111525285365, -0.6364525635895707, 0.03190317256983803, -0.11621137554333945, 0.442742719197918, 0.23440815468726162, -0.04676660647646926], [-0.3713765458354848, -0.6130111682379393, -0.011299246925676708, -0.5159919757981549, 0.1705905021505958, 0.5855825283357934, 0.3791290252793838, -0.07739476960188416, -0.30379218357607896, 0.7464278114283636, 0.08035370794706578, -0.14921791092570436, 0.4531994866829242, -0.04840454226154803]], "inverted": false, "swapped": true, "error_lsq": 0.038928416091262415, "error_max": 0.2228007817692765, "target": "413.xyz", "model": "18.xyz", "model_rescale": 3.922800546911778, "target_rescale": 4.160971306175064},
{"mapping": [8, 6, 2, 1, 0, 5, 10, 9, 8, 12, 13, 3, 11, 7, 14], "R": [[0.08022165401523884, -0.988836522939842, -0.12556598714342504], [-0.9872885883352435, -0.061484923677739, -0.14656345896349776], [0.13720688601546788, 0.1357274292859998, -0.981199437102036]], "T": [-0.00031598552947274816, -0.023456231768247408, 0.02620033184419645], "aligned_model": [[-0.3050951568365261, -0.6634500369355446, 0.0774697292064455, -0.25227103519409766, 0.5477771651977588, 0.319827262297677, -0.4481747223841839, 0.2896199122114871, -0.3050951568365261, 0.5719974201759316, -0.07105184186851023, 0.6251494958722531, -0.09517008236902527, 0.5461886556405654, 0.0683049713387882], [-0.4756744024074305, -0.11238544562622549, 0.3168254453075201, -0.3845868952079915, -0.32592095868736204, -0.7149500856334153, 0.5893743772152722, 0.6673040134371822, -0.4756744024074305, -0.2854245803597666, 0.1037568760979603, 0.032373800033775615, 0.6068295587389976, 0.4431614871660343, 0.038559135008640194], [0.3036873349682263, -0.14146778289883666, -0.5993288246443813, -0.5688511960152928, -0.5274707101767131, -0.01713869356128589, -0.2466766436944099, -0.2924384052231324, 0.3036873349682263, 0.49784001905534164, 0.6974879085467517, -0.09555837506827725, 0.34398348962039915, 0.37521551864103325, 0.053545711974695695]], "inverted": true, "swapped": false, "error_lsq": 0.04373559277936565, "error_max": 0.36691889873476663, "target": "413.xyz", "model": "19.xyz", "model_rescale": 3.9282355846067225, "target_rescale": 4.160971306175064},
{"mapping": [8, 0, 3, 5, 9, 4, 11, 2, 13, 12, 1, 10, 6, 14], "R": [[0.23583546227074936, -0.38945231701500416, 0.8903418037513381], [-0.6988265971662073, -0.7046177414036878, -0.12310656193828445], [0.6752947666231693, -0.5931616400870929, -0.43833348822620055]], "T": [0.013637867801961412, -0.10046804069487608, 0.07054886837694231], "aligned_model": [[-0.5429142518792095, -0.18776011168930376, 0.48244849786279753, -0.2950538922465488, -0.7096975012197447, 0.2613392249107499, -0.09123135216412655, 0.6409205935109829, -0.314624687679639, 0.09630330623506578, 0.06683091212083901, -0.4708901484724677, 0.5813165175413332, 0.01553571225394771], [-0.49200490973027644, -0.7712715428005601, -0.4866665838008912, -0.2628983081334537, 0.1345673747776798, -0.11044985095034683, 0.2560235428481346, 0.031817209928374585, 0.5790893308646308, 0.31642561222649723, -0.6633859811486926, 0.08060631148228053, -0.0026242466011620474, -0.08634587153737877], [0.2971020545840632, -0.1478856772075966, -0.32743257427801015, -0.5877156331406346, -0.11938824599685387, -0.7215651223889229, -0.4610158621997963, 0.055264772339310195, 0.1185180773321013, 0.6165770408235832, 0.40654099818606826, 0.49421460900674496, 0.7291142350146507, 0.059854485168974916]], "inverted": true, "swapped": true, "error_lsq": 0.04532828056352737, "error_max": 0.24583495649942358, "target": "413.xyz", "model": "20.xyz", "model_rescale": 4.067790424073018, "target_rescale": 4.160971306175064},
{"mapping": [9, 12, 11, 10, 13, 1, 3, 6, 7, 8, 0, 5, 2, 4, 14], "R": [[0.9101523902005734, -0.39044341666058646, -0.13847947500836089], [0.41095172048728157, 0.893165924583499, 0.18268364620689698], [0.05235752133864556, -0.22317833575262458, 0.9733704949349772]], "T": [0.09430358574186405, 0.050524112545811226, 0.01066668053676316], "aligned_model": [[-0.31688694799682815, -0.6330110010613952, -0.16274209893462233, -0.07196817985423472, 0.3891830360733256, 0.31518698727290084, -0.4794311263352993, 0.36357321696772543, -0.0654211164075537, 0.38361334456800067, -0.2776039351115911, 0.6688727547212614, 0.04460444631739259, 0.6855840349901086, 0.062473164307301675], [-0.6071099962218796, -0.06504268531254766, 0.19430510272224566, -0.5228616140058494, -0.21582483562658128, -0.7381955940223824, 0.6661760938167419, 0.6817462913939597, -0.45982259670854597, -0.14178121075269107, 0.17870065435397203, -0.08482886402953606, 0.6916393810953431, 0.44743157504442244, -0.000963779070910567], [-0.03922944574479117, -0.20069006516504123, -0.5649085072816734, -0.5504655054105847, -0.5657254192155436, 0.06003112804587729, -0.11401745945598873, -0.266117223122854, 0.5309533448722182, 0.46286843064845246, 0.6020325567789561, 0.006671352214329851, 0.3851304832094124, 0.3785313177146068, -0.03854830159503195]], "inverted": true, "swapped": false, "error_lsq": 0.04607307312452358, "error_max": 0.256816369804171, "target": "413.xyz", "model": "21.xyz", "model_rescale": 4.186013935880536, "target_rescale": 4.160971306175064},
{"mapping": [13, 9, 11, 6, 1, 7, 12, 8, 4, 5, 0, 3, 14], "R": [[0.26926537684219465, 0.5863580101678054, -0.7639898171743408], [0.4896499947480952, -0.7664569157825256, -0.41567617070542867], [-0.829300331289709, -0.2621604092176964, -0.49349050686065743]], "T": [0.005962174877597635, -0.10385129723317638, 0.06134793254078201], "aligned_model": [[0.06517848251234241, -0.45399534536200037, 0.18796711205921154, 0.4240844024103759, -0.2913934603859875, 0.6926320519525974, 0.1950701915855649, -0.7012468275031033, 0.34401975340843144, -0.22611244044441725, -0.46761937149135596, 0.273453271413183, 0.016536215268383486], [-0.3051012414104256, 0.05311715754894919, 0.32625245910933504, -0.7902890968038492, -0.2910610552806167, -0.31750306105504067, -0.7395865333633709, -0.20110554177934928, 0.6541320908751895, 0.5870160501886152, 0.2833852035668521, 0.3568051780780443, -0.09710495012823998], [-0.6651831820432541, -0.5537388855581926, -0.3886852071811704, 0.4070613249785489, 0.6173415940254773, -0.33796345886053675, -0.1357802623531687, 0.1304476198461093, 0.05249185179539177, -0.09302184963732167, 0.4663424345677587, 0.5548720710395963, 0.048695510716107324]], "inverted": false, "swapped": true, "error_lsq": 0.048775743864871816, "error_max": 0.35918724822445264, "target": "413.xyz", "model": "22.xyz", "model_rescale": 4.166573947596378, "target_rescale": 4.160971306175064},
{"mapping": [10, 9, 12, 14, 13, 13, 11, 6, 8, 0, 4, 5, 2, 1, 15], "R": [[-0.525412172025814, 0.7583334621137332, -0.38583987575899403], [0.5766859062395684, -0.016034538512282037, -0.8168085816881125], [-0.6256000439831861, -0.6516695894495137, -0.428895478123678]], "T": [-0.06548097183639555, 0.05421341575199331, 0.04838646196576636], "aligned_model": [[0.0007292346080107898, -0.6312662281604614, -0.11960406194764887, -0.1976934313292732, 0.39728307005897956, 0.39728307005897956, -0.6136026215861713, 0.4533187547471491, -0.4083083177972542, 0.40251193803030466, -0.08151319762764071, 0.7246678356937825, 0.061140852047319796, 0.521237241223466, -0.00015755850304988162], [-0.663392146911914, -0.1307479528057987, 0.32767254243384814, -0.3087259923612073, -0.4842736150208003, -0.4842736150208003, 0.5388683192446505, 0.5400636591415384, -0.3302846635271974, -0.12303160379016029, 0.24682321328580661, -0.19621948802725794, 0.6860295662602398, 0.33669282004087225, 0.0683668797339406], [-0.15557357848452574, -0.029879125297307754, -0.5446330591129444, -0.6421007680490471, -0.4128014586413332, -0.4128014586413332, -0.24617356421312858, -0.223466470080263, 0.6718524017838394, 0.6936171201028506, 0.7572573578239303, -0.014939708490653611, 0.24225369710980482, 0.33832815521388215, 0.06557714546857339]], "inverted": false, "swapped": false, "error_lsq": 0.047745145944389895, "error_max": 0.4044812415089769, "target": "413.xyz", "model": "23.xyz", "model_rescale": 4.274766983524099, "target_rescale": 4.160971306175064},
{"mapping": [12, 11, 9, 8, 5, 0, 1, 3, 2, 4, 14], "R": [[0.08983168286207666, 0.8112148064746796, -0.5778068937892793], [0.9746842927228276, -0.1908717206081439, -0.1164410399794166], [-0.20474569170941964, -0.5527192090278163, -0.8078246577680681]], "T": [0.05265454439908139, -0.002035370465252595, -0.08817151829243924], "aligned_model": [[0.44567959599479484, 0.07968388488147757, -0.4320456006242886, -0.580341153490394, -0.3987155107835452, -0.5246712622863778, -0.1651673079895617, 0.1479272589448692, 0.6321975195386724, 0.11499142897736735, 0.06035585079506089], [-0.24578054804273586, 0.6459466943473916, 0.42434037675917263, -0.28517983073456904, 0.5147971818997955, -0.13907114648118532, -0.588687468448999, 0.02570050445300373, -0.04483611669606974, 0.5944597973349686, 0.01389708685271027], [-0.6028561352072939, -0.08238155623306408, -0.5329201007678719, -0.2712654531686683, 0.20188974172078894, 0.3433006642545167, 0.1142877998324584, 0.631186376888089, 0.1829643243870558, 0.48559481117330844, -0.0902340388577417]], "inverted": false, "swapped": true, "error_lsq": 0.048793073934907394, "error_max": 0.20636443334508248, "target": "413.xyz", "model": "24.xyz", "model_rescale": 3.7841303162186577, "target_rescale": 4.160971306175064},
{"mapping": [4, 6, 0, 1, 8, 2, 7, 10, 3, 12, 13, 9, 11, 14, 15], "R": [[0.9013542837384757, -0.4330104233772595, 0.007901166556045254], [-0.4283589929058056, -0.88868790947737, 0.16353095347812954], [-0.0637889362117274, -0.15078386119007794, -0.9865065629896174]], "T": [0.08166543290220567, 0.01600331049987203, -0.04348482142239203], "aligned_model": [[-0.2819564808555979, -0.6306818733636972, -0.08258217034979916, -0.1481320293345516, 0.2929143202340693, 0.4659872866126034, -0.2660144139292952, 0.38263202554808395, -0.37065373838622334, 0.47670438903988377, 0.07353253079144603, 0.6625741331160966, -0.3446479705305606, 0.6597588300833922, 0.01659174084064209], [-0.6354821048286539, -0.07185659925620683, 0.20537579181061613, -0.3474892822757059, -0.26377065752475204, -0.6324401330731874, 0.49820537325427255, 0.7214000411872804, -0.2815996314458426, -0.24256434148494121, 0.21916674797498858, -0.010987013755501072, 0.5217240148469021, 0.3388547399133867, 0.0050309773331045915], [-0.05057003896922327, 0.03939101194533297, -0.7352150705078121, -0.6501994620484758, -0.5194661425429475, -0.06820002271507954, -0.30693397189148086, -0.1742122773138176, 0.553039900498968, 0.5500292044513441, 0.711934579207213, 0.0194223557398467, 0.34629847787479606, 0.39340640184917575, -0.02220825908549578]], "inverted": true, "swapped": false, "error_lsq": 0.04242761989292511, "error_max": 0.32152825650192524, "target": "413.xyz", "model": "25.xyz", "model_rescale": 4.19342608120988, "target_rescale": 4.160971306175064},
{"mapping": [10, 9, 8, 2, 1, 12, 3, 7, 5, 13, 11, 14], "R": [[0.7873264834491309, -0.5410736556277794, 0.2955610049468922], [0.43502303262679476, 0.14783125355748578, -0.8882009240908327], [0.43688896706578917, 0.8278799548589238, 0.3517709635529546]], "T": [-0.11654134074497491, 0.015438847467774353, -0.14338899539049035], "aligned_model": [[-0.06612683716994358, 0.5461356126637482, 0.00632242370835609, -0.49205215492762266, -0.5101594746256786, -0.4802736525141559, -0.21728110325875832, -0.22627371753501632, 0.5296730857194302, 0.20482035866956083, 0.4101844758375195, -0.10716046193565876], [-0.5440579061281494, -0.34068630605475264, -0.6515211447094683, 0.5318855471479024, -0.3131585226215929, -0.12344194136466008, 0.4866245833678221, 0.5056775942238829, 0.12862034840971381, -0.05486471802277737, 0.3602570515079657, 0.02744184198509432], [0.2191985663094597, 0.0769878193388708, -0.3767269308736348, -0.08430393874778194, -0.5553178144757462, 0.4286176387766414, -0.6866729476529891, 0.5079457574304034, -0.4963524656448627, 0.5375218933524331, 0.012512209012880082, -0.13415132561625245]], "inverted": false, "swapped": true, "error_lsq": 0.043265172479136554, "error_max": 0.2513668611459106, "target": "413.xyz", "model": "26.xyz", "model_rescale": 3.795458400668931, "target_rescale": 4.160971306175064},
{"mapping": [1, 12, 6, 3, 4, 9, 10, 0, 13, 2, 5, 11, 14], "R": [[0.19075298007924701, -0.895549528169931, 0.4020004268474108], [-0.8105254127089214, 0.08733272327901381, 0.5791558950729107], [-0.5537705806052895, -0.43630727479528153, -0.7092066736973048]], "T": [-0.07535292147322906, -0.12860450976098795, -0.06631648939502903], "aligned_model": [[-0.12512812442306065, 0.4378220654339633, 0.7138353416508082, -0.08861063820118417, -0.2768679658766154, -0.6056121724225809, -0.1534256939038356, -0.6330929999459419, 0.005703933647010023, 0.4480610151338549, -0.6986703529235767, -0.25156757435214827, -0.07277045099543619], [-0.643828670131103, -0.389600832736679, -0.4830419542187331, 0.1796104757089971, 0.6147015571583591, -0.07479653814662127, -0.5522323825670706, -0.291629456829787, 0.029766516472936266, 0.12400523760472545, 0.27280430363735, 0.4489309264294957, -0.11280767912495487], [-0.47210376455846104, 0.3174972803799159, -0.1970711560832869, -0.7236974336973889, -0.3758127752799009, 0.5085414400050527, 0.44504644135122867, -0.5142015268584458, 0.6686692083349275, -0.3373197653870167, -0.13934177704580591, 0.17042404638507364, -0.05849355544646638]], "inverted": true, "swapped": true, "error_lsq": 0.051584585752083946, "error_max": 0.29994666652220164, "target": "413.xyz", "model": "27.xyz", "model_rescale": 3.6321398670334006, "target_rescale": 4.160971306175064},
