[{"mapping": [8, 9, 4, 7, 10, 11, 6, 2, 2, 0, 1, 5, 12, 13], "R": [[0.4900117116258641, 0.7114799471939706, -0.5036713285569827], [0.8712549787516897, -0.4185138472961073, 0.25643892376510136], [-0.028342273548251612, -0.564484228621381, -0.8249571329274271]], "T": [0.05375681321970206, 0.02177231990884983, 0.17285206394072408], "aligned_model": [[0.32087042165140733, -0.21610144954382599, -0.3871914765279631, -5.7737780831720875e-05, 0.5881021401833636, 0.6737114534230855, -0.10664197923279224, -0.6973828211108639, -0.6973828211108639, -0.515451530711093, 0.08134220186564574, 0.5846774693953507, 0.1934550199799555, 0.08256740897507017], [-0.5112160726757147, 0.4456824818847222, -0.5701611160177212, -0.0808534218755479, 0.5371285793662685, -0.06206679519380236, -0.7256708884879588, -0.139239235994957, -0.139239235994957, 0.5208290713691359, 0.3318038431720925, -0.35051129494160554, 0.5825302304526384, 0.01396834634754587], [-0.3322744797920476, -0.3602706839851798, -0.4342588318697971, -0.5741194440160935, -0.5085523108851064, -0.13648446431350322, 0.18498308982149164, 0.13934424376568663, 0.13934424376568663, 0.3223734824803257, 0.6588187442175693, 0.5626333197772433, 0.13886993975550194, 0.012699293673474388]], "inverted": false, "swapped": false, "error_lsq": 0.04891491779528245, "error_max": 0.36750713958578246, "target": "415.xyz", "model": "0.xyz", "model_rescale": 3.8414455957264533, "target_rescale": 3.9818649448278145},
{"mapping": [8, 1, 10, 12, 11, 13, 6, 3, 5, 4, 7, 9, 0, 14], "R": [[0.02052958629017105, 0.7450003273192274, 0.6667481146437527], [-0.9969787253861915, 0.06522392893996182, -0.042181278085899], [-0.07491299763111575, -0.6638677213028806, 0.7440884970203756]], "T": [-0.013118486577402413, -0.0366197470641096, 0.08970287020305479], "aligned_model": [[0.45449857248685754, -0.3709921637875084, -0.31515176540848394, 0.20436168274547253, 0.27994658337707523, 0.7224390663766577, -0.2473223600223894, -0.7129173025035148, -0.6129838173556531, -0.32515108562455963, 0.21983463845774576, 0.4659563119733594, 0.20207947591641887, -0.06008153717583291], [-0.5928632093998097, 0.5735770016378786, -0.4459869790389991, -0.1937999547109835, 0.37644928822614604, 0.07748133984859225, -0.7447970383757937, 0.27027551830791596, -0.3093831889870122, 0.3083434813030102, 0.19322005916441437, -0.2984006994254119, 0.6444505481493363, -0.005581675289145011], [-0.22050656579375072, -0.40837769577235183, -0.36809148130660857, -0.6246403961209529, -0.5956818677266197, -0.054460332095260466, 0.3213505412844909, -0.08197646856751828, 0.09889388011301004, 0.371577422184253, 0.6427503429794114, 0.4989311077035944, 0.21359984120535286, 0.019737814308202067]], "inverted": false, "swapped": false, "error_lsq": 0.04385241748751113, "error_max": 0.26405177111676825, "target": "415.xyz", "model": "1.xyz", "model_rescale": 4.316132596720782, "target_rescale": 3.9818649448278145},
{"mapping": [2, 7, 8, 5, 6, 3, 10, 4, 9, 1, 12, 13], "R": [[-0.656948394614205, 0.7306291270770022, 0.18601044454684906], [0.753153886548876, 0.6247483500548823, 0.206030877006397], [0.034322441494473915, 0.27544614313945276, -0.9607035922902851]], "T": [-0.1247901965326467, 0.03037638916930117, -0.09455400209871945], "aligned_model": [[-0.3184620529575857, 0.428726307943037, 0.18995179872176363, -0.6544872452443333, -0.5537347615314198, -0.3592361991668207, -0.011813059221127672, -0.12369601648608998, 0.5440139583142222, 0.2585837447126482, 0.2849732813993965, -0.08701120185190975], [-0.5985734462085537, -0.4685378952739382, -0.5586153733383692, 0.5415262134727723, -0.408224448662357, -0.0822033748753072, 0.3365643241858403, 0.5630796100677388, 0.04985471070945928, 0.015563044943991643, 0.6637610715604214, -0.04141800884071764], [0.05926589952460368, 0.023294566232539643, -0.5267273341099236, -0.024976835404097397, -0.4331282475296555, 0.44171623437700513, -0.6291342960239777, 0.575385632472916, -0.36127453642633545, 0.5986169835596051, -0.14689691883477482, -0.12688268662848404]], "inverted": false, "swapped": true, "error_lsq": 0.04372232519179108, "error_max": 0.21210824538703665, "target": "415.xyz", "model": "2.xyz", "model_rescale": 3.795458400668931, "target_rescale": 3.9818649448278145},
{"mapping": [5, 3, 4, 7, 10, 9, 1, 6, 2, 8, 12, 13], "R": [[-0.4339093077648107, -0.7579151593019647, 0.4871214673316506], [-0.10063795787262553, 0.5780609124624893, 0.8097639056652637], [-0.89531821944507, 0.3023411860519698, -0.3271010442453489]], "T": [0.07883465886765845, -0.00765626091115663, -0.04494870534416772], "aligned_model": [[-0.2327307573184893, -0.17151776360827636, -0.7575780037495823, 0.2479633177582785, 0.21413553998832097, 0.13056790746460942, -0.45849425920301706, 0.6963918317017923, 0.44716807151130183, 0.7339512110638635, -0.40127171770421216, 0.1447184478389756], [-0.15833425565937354, -0.5420468721617026, -0.18289566536401908, 0.04716597986988887, 0.5356001296754695, 0.5945215037779632, -0.20061742890153345, -0.2694652699614946, -0.5115323666972991, 0.19604541782848056, 0.5731902756749863, 0.0041375972083432565], [-0.6983377332287815, 0.03856917969198181, -0.0928865994996721, 0.6882458716023765, -0.3257638427794157, 0.3468724996538345, 0.5043459795057845, -0.24762044861130053, 0.21425509994503228, 0.3576373573772043, -0.10769591865291772, 0.011149985634974005]], "inverted": false, "swapped": true, "error_lsq": 0.04660581170752418, "error_max": 0.30333127152071515, "target": "415.xyz", "model": "3.xyz", "model_rescale": 3.7530521520055578, "target_rescale": 3.9818649448278145},
{"mapping": [8, 9, 7, 1, 2, 12, 6, 10, 11, 3, 13], "R": [[-0.12890995039692044, 0.02770839569867417, -0.9912691206208682], [0.6765877350341567, 0.733262609114662, -0.06749061324146144], [0.7249905251036138, -0.6793807407353879, -0.1132720072560836]], "T": [-0.019735297410955144, 0.05634180612825107, 0.11818717832142601], "aligned_model": [[-0.2904150510817433, -0.33326468161785616, 0.19058910447923416, 0.6163521439495134, 0.3212595938883168, -0.282195577213443, -0.18460213319116614, -0.6264764040552342, -0.5830950515357283, 0.5432851417763079, -0.03323748295299612], [-0.605996654123887, 0.05020023116595146, -0.3417645499638548, 0.27343081715227563, -0.5141642342258379, 0.6775172350956742, -0.493943142428433, 0.20222091731056838, 0.15218859894465722, 0.08605099517973541, -0.018536855792503262], [-0.22935827741614295, -0.530256999906962, -0.4871715948163029, -0.30127218513077453, 0.24063140054370283, -0.22397905706751453, 0.5194377936599393, 0.06456358102744943, 0.6534681459489653, 0.3114492985014992, 0.0753186719014577]], "inverted": false, "swapped": true, "error_lsq": 0.05328304021902188, "error_max": 0.29319511116592806, "target": "415.xyz", "model": "4.xyz", "model_rescale": 3.7855080009869324, "target_rescale": 3.9818649448278145},
{"mapping": [7, 11, 4, 6, 13, 8, 5, 1, 0, 2, 9, 10, 14, 16], "R": [[0.5430691986046658, 0.7936850995215752, 0.2741164138177667], [0.5853560692254607, -0.591891759226612, 0.5540960364237807], [0.6020250142210066, -0.14045678394813665, -0.7860265734026699]], "T": [0.042055627438027286, 0.06210252787890902, 0.011210545749417083], "aligned_model": [[0.23622769367379193, -0.1911827115368249, -0.3619621523621071, 0.11602365546110646, 0.3768885725094292, 0.7137837004780667, -0.14004840232929508, -0.6843621801903237, -0.6318605986544922, -0.4001829610356036, 0.21120120757468483, 0.5353318463943519, 0.08218337816877899, 0.04247525130408105], [-0.6297038652480783, 0.37851828266457466, -0.4404077781287967, -0.136494297472462, 0.5042123691218643, 0.008929956836728592, -0.6567560916616717, 0.1378552750158944, -0.2915007909874522, 0.3402111565435105, 0.202569483530959, -0.3284143580918639, 0.6629766524835012, 0.10098849680343087], [-0.20108781740553114, -0.6801049941135381, -0.3510791309276304, -0.6061751520584414, -0.4549368837686899, -0.19192474794003445, 0.33553083816729196, -0.18799444678588478, 0.18231138273282824, 0.5335766138528466, 0.6883906003428174, 0.37882366800993533, 0.31949198945763724, 0.048284222831645046]], "inverted": false, "swapped": false, "error_lsq": 0.03667233810881839, "error_max": 0.19875533210306146, "target": "415.xyz", "model": "5.xyz", "model_rescale": 4.2253639853439635, "target_rescale": 3.9818649448278145},
{"mapping": [7, 2, 6, 3, 4, 0, 12, 5, 11, 8, 9, 0, 1, 13], "R": [[0.5620656953820469, -0.3403123790134209, -0.7538366127782081], [-0.7721287008395155, 0.1108128343345329, -0.6257298019805592], [0.29647836921869786, 0.9337601407411721, -0.2004808622997427]], "T": [-0.08729164383427099, 0.10068113533375334, 0.0033554424860274303], "aligned_model": [[0.24174046522330186, -0.31149922216270365, -0.325010305232294, 0.20767263256290938, 0.32256293438782035, 0.6707808216014018, -0.11377941218712181, -0.6894795497574856, -0.677222948675302, -0.45126093642359644, 0.12554352477966146, 0.6707808216014018, 0.2990828014452017, -0.06539532770754986], [-0.5937151470398683, 0.32242521091087434, -0.3408312921394352, -0.1671200263717047, 0.4874625705170821, -0.11046537892403735, -0.7669825533454205, 0.2241443845871347, -0.3698940178848567, 0.42555970518166836, 0.08341078216272524, -0.11046537892403735, 0.6884557249373956, 0.08099990774261821], [-0.1939840879221777, -0.5888709827972255, -0.39947775194185703, -0.5834052294552989, -0.42481585304234165, 0.15764716615150734, 0.3465782359371136, -0.1478656489473305, 0.19333930905113564, 0.5581933868484246, 0.5751940153261342, 0.15764716615150734, 0.2129779646765505, -0.05005154764088954]], "inverted": false, "swapped": false, "error_lsq": 0.05039268533238309, "error_max": 0.41455491226061414, "target": "415.xyz", "model": "6.xyz", "model_rescale": 3.89814844738969, "target_rescale": 3.9818649448278145},
{"mapping": [5, 4, 12, 0, 10, 1, 3, 11, 2, 7, 9, 8, 13], "R": [[0.38827710638289137, 0.3193886710636976, 0.8644256853281804], [-0.6004143621576121, 0.7992783070732421, -0.025627749745158523], [-0.6991019112931942, -0.5090629279748211, 0.5021070134820917]], "T": [-0.05480423775220259, 0.039020485006767795, 0.001613180549035035], "aligned_model": [[0.16330411730376818, -0.186194922889694, 0.46475826485325217, -0.3213579450561131, 0.5558665606765306, -0.5168445073328894, -0.5538690975926054, 0.47529238705368176, -0.6153360151584545, -0.39806397461022036, 0.24573823565762573, -0.0905764425155661, -0.07408485948509311], [-0.43972356863877715, 0.2125676531029966, 0.4527685850986623, -0.623862026959972, 0.04200127547901479, 0.5670613875954372, -0.07374458418758997, -0.5360840732784217, -0.14139609149143692, 0.5834840125542162, 0.6312261947857857, 0.2239311959100501, 0.06555130550052042], [-0.5179317789861356, -0.8261614874980131, -0.3598966536516499, -0.06831480744700598, 0.14076513559310927, -0.36631700825146474, -0.3040716290102289, 0.038203479454581746, 0.3332775153376546, 0.39520750117494313, 0.28051256198308916, 0.7744495067785265, 0.08255269535888952]], "inverted": false, "swapped": true, "error_lsq": 0.04514574762997482, "error_max": 0.25711419989950285, "target": "415.xyz", "model": "7.xyz", "model_rescale": 3.7474275329858107, "target_rescale": 3.9818649448278145},
{"mapping": [7, 13, 9, 11, 12, 10, 5, 4, 8, 2, 3, 6, 1, 14], "R": [[-0.8395196220080459, 0.5205395294112161, -0.15570935291053467], [0.47028486530666225, 0.5526542591168976, -0.6880446317961122], [-0.27210099177871855, -0.6508547212706555, -0.7087659571909016]], "T": [0.05387022415955868, 0.05783337927591563, -0.022697031611637362], "aligned_model": [[0.3376067415262886, -0.3738003571586918, -0.22200505512799507, 0.1610057747408088, 0.26871282553373066, 0.7712838982495798, -0.041881786730115556, -0.6977485538652299, -0.5463603383523834, -0.47060066356288455, 0.0007054669991325493, 0.5514541980252953, 0.15119973650034266, 0.014944412677766881], [-0.5497453143031557, 0.5320217410404576, -0.5797119025899319, -0.1959635933861909, 0.40977901755679286, -0.09568153548381904, -0.5800475308236599, 0.25845212402497136, -0.18436258892304885, 0.505837909059364, -0.12030637487083097, -0.38340477089080954, 0.7330157425993589, 0.10310156840064041], [-0.14194195496423, -0.6554332326737687, -0.33537783360787427, -0.5800021778816761, -0.4816300802464029, -0.2150876521294541, 0.28868851873231893, -0.10664450102770953, 0.19241852029311965, 0.4598086420078442, 0.6698159816763597, 0.4512831179591784, 0.2926718989036046, -0.025463104646057985]], "inverted": false, "swapped": false, "error_lsq": 0.04382274140891127, "error_max": 0.29158401443088466, "target": "415.xyz", "model": "8.xyz", "model_rescale": 4.019505241142653, "target_rescale": 3.9818649448278145},
{"mapping": [6, 10, 5, 0, 2, 3, 4, 8, 7, 9, 12, 1, 13], "R": [[0.057828327199479945, 0.09629969750455573, 0.993671098922496], [-0.5001083061216642, -0.8586478711867924, 0.11231881166798967], [0.8640298413373405, -0.5034383791159754, -0.0014938914450947638]], "T": [-0.028811979597313277, -0.06471510128738839, -0.033878008722568305], "aligned_model": [[-0.11391865926939973, -0.6428744668529036, -0.006985117850432501, 0.25408873020197814, 0.3497042159791736, 0.5534816996420262, 0.4270813862798457, -0.31574534704779167, 0.11399099083946379, -0.4270991801482989, -0.36165250568987084, 0.53444218787889, -0.044813162221503965], [-0.6966830142082612, 0.045882610477552946, 0.2681327335510343, -0.3625349193600272, -0.622658895840501, -0.03615702605584468, 0.6519091514896709, -0.6576861371962031, -0.3122844146677528, 0.042049526026907674, 0.5939228627513917, 0.2792848081503259, -0.12979905700423477], [-0.3243432640826127, -0.08852582346250756, -0.6937492047708944, -0.6226263177750915, 0.012720889701089588, -0.15774650919865918, -0.13972673113543654, 0.4119943967894143, 0.6643347208327045, 0.5567037944293438, 0.1311530828462084, 0.40440253439924895, 0.022111925471071034]], "inverted": true, "swapped": true, "error_lsq": 0.04867687830997885, "error_max": 0.24351020597014783, "target": "415.xyz", "model": "9.xyz", "model_rescale": 3.877068213659057, "target_rescale": 3.9818649448278145},
{"mapping": [4, 6, 5, 3, 13, 2, 1, 12, 0, 11, 8, 7, 9, 15], "R": [[-0.8005959845343897, -0.2977204318718683, 0.5200082826200364], [0.1001760926638044, 0.7891150542515873, 0.6060216016051965], [-0.5907713771045652, 0.5372708586919104, -0.6019378741983538]], "T": [0.027242934573397822, 0.12096290744874588, -0.07648609818370763], "aligned_model": [[0.4232989731161602, -0.22927686613258497, -0.3890688768221994, -0.06271726132316086, 0.4945185228462572, 0.675898349120019, -0.09020668754636291, -0.7042754817046093, -0.5852170483030638, -0.4844051232003472, 0.09651378099347716, 0.4979921289519447, 0.30651480723104235, -0.045052917770927445], [-0.38907879730803735, 0.40965787445005525, -0.5236896285063761, -0.1895644141094064, 0.41284126066882804, 0.19384245429274446, -0.6755932240913318, 0.09944080819724135, -0.1722106898676264, 0.403758136559258, 0.056218003376380304, -0.4041053291534122, 0.5414582573595461, 0.09000977954227594], [-0.2791872414650893, -0.5572743915090793, -0.22515696224817902, -0.6226008191429561, -0.618795094503571, 0.043055036078392284, 0.24694940662871476, -0.22686169993962638, 0.33909547845959376, 0.37395635056240184, 0.6892374701103627, 0.3345918899405139, 0.3487622830540569, -0.03266556363028329]], "inverted": false, "swapped": false, "error_lsq": 0.04133381380429087, "error_max": 0.2700001443390912, "target": "415.xyz", "model": "10.xyz", "model_rescale": 4.260839863003843, "target_rescale": 3.9818649448278145},
{"mapping": [1, 7, 8, 9, 10, 12, 4, 3, 6, 11, 5, 13], "R": [[0.06268828205708746, -0.35375398120798873, -0.9332353937095554], [0.8970900316076248, 0.4297597319461145, -0.10264525311885941], [0.43737815958614334, -0.830761514260923, 0.344290069476214]], "T": [0.05350242432697158, -0.008171974149241106, 0.016479901991063493], "aligned_model": [[0.4329181309461806, 0.06862353196170487, -0.22612316009952596, -0.4838473966821315, -0.5403936896152944, -0.4142162668030971, 0.3947839331307307, 0.6353623905754079, 0.1457623012280863, -0.26278204047033915, 0.17280938699465156, 0.03600152792775674], [0.03702711386054589, -0.6024422279152025, -0.7515612506375225, -0.253203728891015, 0.10871453095480384, 0.4428158801927399, 0.6491818979241598, 0.08982402958629325, -0.37058905776563905, 0.2800647331513011, 0.6368180731864511, -0.09357148811398124], [-0.6775530895629053, -0.4480612550650743, 0.060406259871666486, -0.39587050120034534, 0.1774641450922156, -0.37039375422074644, -0.4124791302885435, -0.06754783677683551, 0.609049414432366, 0.6722010869907634, 0.3577243538456044, 0.011238384277338798]], "inverted": false, "swapped": true, "error_lsq": 0.04667473897209018, "error_max": 0.28445529973541406, "target": "415.xyz", "model": "11.xyz", "model_rescale": 3.890672605050136, "target_rescale": 3.9818649448278145},
{"mapping": [2, 7, 10, 4, 3, 0, 11, 5, 9, 5, 6, 1, 8, 13], "R": [[0.626756489683978, -0.11396014379099989, -0.7708368103990315], [0.007355819605695164, -0.9883382951623708, 0.15209637153287778], [-0.7791804634081545, -0.10099752443834129, -0.6186091702362492]], "T": [0.017810756734400957, -0.06323259457170152, 0.07845995562792557], "aligned_model": [[0.21907227870009474, -0.30978588094662435, -0.35253825481809303, 0.28342829621074855, 0.47724542599688263, 0.5767263042786417, -0.05698510756445292, -0.6210943224676184, -0.654308584644886, -0.6210943224676184, 0.11399979793792812, 0.7161813096801747, 0.15978366198069438, -0.026114302420226606], [-0.6675222912021922, 0.49467027426034593, -0.688683857795859, -0.21063257948685146, 0.5282705201486058, 0.10830359660168798, -0.5913944626157963, 0.380201401248662, -0.18288287088079028, 0.380201401248662, -0.024381500031265727, -0.2839650653912894, 0.6258881762518492, -0.015088250945629822], [-0.23759683671954207, -0.47686787746299725, -0.4423018242829648, -0.5530284536043311, -0.4620092904517053, -0.004505613003065068, 0.21341470257375117, 0.09024014899250438, 0.4523046002925694, 0.09024014899250438, 0.6452902695199347, 0.3408604843894592, 0.23385398136127017, -0.07678829820213609]], "inverted": false, "swapped": false, "error_lsq": 0.05474899265684375, "error_max": 0.3520840388128831, "target": "415.xyz", "model": "12.xyz", "model_rescale": 4.124412569039231, "target_rescale": 3.9818649448278145},
{"mapping": [5, 10, 8, 4, 6, 0, 12, 3, 9, 1, 2, 7, 13], "R": [[0.6210903388464807, 0.7820747809683889, -0.051047311043876], [0.5824022823336906, -0.5041420510682647, -0.637689872804321], [-0.5244562636903785, 0.36633294872005373, -0.7685998947163593]], "T": [0.08791387297571751, 0.10281863674263081, 0.0660020802384274], "aligned_model": [[-0.33393205056305797, -0.06631114613068778, 0.7200881575219061, -0.6075708664788951, 0.6655346214248501, 0.31505381346931105, -0.5592776641518216, 0.07722234880561339, 0.04279277316239953, -0.15516417185796808, 0.668657076657839, 0.4409590137678139, 0.15924640188245462], [-0.3882026059120309, 0.46737202914261733, 0.585356503389877, -0.22291127046455783, -0.10638417149301549, -0.5477475889152661, 0.48986132035396923, -0.366702209454126, 0.8162331525482354, 0.09381581034809156, -0.1463888352202794, 0.5221041088257552, 0.15107913335920725], [0.42326703021278617, 0.5513951614924808, 0.08214178253817876, -0.31187890299844584, 0.40302598212838253, 0.26731045194654324, 0.12224370184136991, -0.300959449422127, -0.022440335897478694, -0.6879959586107225, -0.17353959217621306, -0.45240228940879773, 0.051530499321882306]], "inverted": true, "swapped": true, "error_lsq": 0.052521246120546504, "error_max": 0.3047687107567072, "target": "415.xyz", "model": "13.xyz", "model_rescale": 3.9028299243045295, "target_rescale": 3.9818649448278145},
{"mapping": [7, 11, 6, 9, 14, 10, 3, 1, 2, 12, 5, 4, 13, 15], "R": [[-0.08037121607325043, 0.3876103852250409, -0.9183129406104451], [-0.767836679694967, -0.611535648125907, -0.19092140892586074], [-0.6355842201800763, 0.6897697734294558, 0.346771334918505]], "T": [-0.08693336690774248, -0.054376647387582536, 0.14138273015623104], "aligned_model": [[0.5029576944636904, -0.30932455647543955, -0.3520659219785143, 0.08065732478213175, 0.3085995892325478, 0.6387886275283527, -0.10150386859923605, -0.63278274970817, -0.7375456177856866, -0.31596847729107247, 0.15565997377568822, 0.4106891886004479, 0.2999319899851347, -0.04357689707423009], [-0.5221379321151967, 0.3872731573283967, -0.45464438214826275, -0.13377315453843913, 0.5128481736463784, 0.02666291285055873, -0.676051710853821, 0.015374322813345595, -0.2448397468682471, 0.5956124423463844, 0.18704390667279186, -0.38409320251076184, 0.6304983856269777, -0.0867886808399657], [-0.3624583877184685, -0.40756562546106045, -0.32110914112415695, -0.6112493254823897, -0.4107588601925374, -0.007320929909953866, 0.18607345830936997, -0.2041342870733518, 0.4287453517679121, 0.23780570666800974, 0.5221272912314846, 0.46235322632357395, 0.259419743777747, 0.04117792127907334]], "inverted": true, "swapped": false, "error_lsq": 0.03866605150853888, "error_max": 0.2525365365256178, "target": "415.xyz", "model": "14.xyz", "model_rescale": 3.942246331269136, "target_rescale": 3.9818649448278145},
{"mapping": [1, 10, 3, 5, 9, 2, 12, 4, 13, 11, 8, 0, 6, 14], "R": [[0.48319669862950126, -0.4451644153332557, 0.7538896429548239], [-0.3785859933622756, -0.882656591691115, -0.27854979227083154], [0.7894261181791808, -0.1508177193343841, -0.5950297635171916]], "T": [-0.025373610891887888, 0.050638691153002374, -0.030589860365424867], "aligned_model": [[0.19248873812448447, -0.3501015036643659, -0.2740432810834885, 0.306482567397524, 0.37221017096313186, 0.7147271810155513, -0.2427658517095132, -0.577408856531636, -0.6610918625805366, -0.45867216902738833, 0.17670091963394216, 0.5723463144711498, 0.09128723407408429, 0.04235669837270553], [-0.7145476965835065, 0.5509596710788612, -0.4804545479401696, -0.20432813902159833, 0.6233252211246162, -0.06472139336936746, -0.6835088685125756, 0.05478201810576035, -0.22030261532854398, 0.4608209822561514, 0.20450360772010065, -0.21198159861553414, 0.5526190283536128, -0.014181177857668453], [-0.18443141744425873, -0.42203746700613004, -0.44610315379533444, -0.5077092905199477, -0.43323061951344455, -0.1775278995399679, 0.255494449641462, -0.22783056948965769, 0.39764250578327814, 0.3670454904770497, 0.7003905756589304, 0.30775753077887236, 0.18665511116258948, -0.0030091037981890556]], "inverted": true, "swapped": false, "error_lsq": 0.04673459492174131, "error_max": 0.2561344322786693, "target": "415.xyz", "model": "15.xyz", "model_rescale": 4.355366556412066, "target_rescale": 3.9818649448278145},
{"mapping": [2, 7, 8, 5, 6, 3, 10, 4, 9, 1, 12, 13], "R": [[-0.656948394614205, 0.7306291270770022, 0.18601044454684906], [0.753153886548876, 0.6247483500548823, 0.206030877006397], [0.034322441494473915, 0.27544614313945276, -0.9607035922902851]], "T": [-0.1247901965326467, 0.03037638916930117, -0.09455400209871945], "aligned_model": [[-0.3184620529575857, 0.428726307943037, 0.18995179872176363, -0.6544872452443333, -0.5537347615314198, -0.3592361991668207, -0.011813059221127672, -0.12369601648608998, 0.5440139583142222, 0.2585837447126482, 0.2849732813993965, -0.08701120185190975], [-0.5985734462085537, -0.4685378952739382, -0.5586153733383692, 0.5415262134727723, -0.408224448662357, -0.0822033748753072, 0.3365643241858403, 0.5630796100677388, 0.04985471070945928, 0.015563044943991643, 0.6637610715604214, -0.04141800884071764], [0.05926589952460368, 0.023294566232539643, -0.5267273341099236, -0.024976835404097397, -0.4331282475296555, 0.44171623437700513, -0.6291342960239777, 0.575385632472916, -0.36127453642633545, 0.5986169835596051, -0.14689691883477482, -0.12688268662848404]], "inverted": false, "swapped": true, "error_lsq": 0.04372232519179108, "error_max": 0.21210824538703665, "target": "415.xyz", "model": "16.xyz", "model_rescale": 3.795458400668931, "target_rescale": 3.9818649448278145},
{"mapping": [5, 4, 12, 0, 10, 1, 3, 11, 2, 7, 9, 8, 13], "R": [[0.38827710638289137, 0.3193886710636976, 0.8644256853281804], [-0.6004143621576121, 0.7992783070732421, -0.025627749745158523], [-0.6991019112931942, -0.5090629279748211, 0.5021070134820917]], "T": [-0.05480423775220259, 0.039020485006767795, 0.001613180549035035], "aligned_model": [[0.16330411730376818, -0.186194922889694, 0.46475826485325217, -0.3213579450561131, 0.5558665606765306, -0.5168445073328894, -0.5538690975926054, 0.47529238705368176, -0.6153360151584545, -0.39806397461022036, 0.24573823565762573, -0.0905764425155661, -0.07408485948509311], [-0.43972356863877715, 0.2125676531029966, 0.4527685850986623, -0.623862026959972, 0.04200127547901479, 0.5670613875954372, -0.07374458418758997, -0.5360840732784217, -0.14139609149143692, 0.5834840125542162, 0.6312261947857857, 0.2239311959100501, 0.06555130550052042], [-0.5179317789861356, -0.8261614874980131, -0.3598966536516499, -0.06831480744700598, 0.14076513559310927, -0.36631700825146474, -0.3040716290102289, 0.038203479454581746, 0.3332775153376546, 0.39520750117494313, 0.28051256198308916, 0.7744495067785265, 0.08255269535888952]], "inverted": false, "swapped": true, "error_lsq": 0.04514574762997482, "error_max": 0.25711419989950285, "target": "415.xyz", "model": "17.xyz", "model_rescale": 3.7474275329858107, "target_rescale": 3.9818649448278145},
{"mapping": [0, 11, 2, 1, 3, 8, 6, 7, 9, 12, 5, 4, 10, 13], "R": [[0.2929003060361668, 0.8570015883388875, 0.42397840547431653], [0.9511836468124262, -0.30627288072110814, -0.03803409748380987], [0.09725780565349976, 0.4144215246815952, -0.9048733166140155]], "T": [-0.027457135964983146, 0.03079408045435431, -0.050393239407994936], "aligned_model": [[0.4310118342184546, -0.2326926614869488, -0.2939811897050473, -0.04796784026749559, 0.39715059525668034, 0.6821801488503387, -0.13563392036104394, -0.7473766487196172, -0.3917286062162215, -0.4936658420162456, 0.12886650936404542, 0.396117945845068, 0.23588012946615114, -0.02364415477247335], [-0.6118980098766252, 0.6157923135978005, -0.5681376668044256, -0.04369086990915444, 0.3564599625898652, 0.06489250189420853, -0.6703462940462944, 0.14281049984014318, -0.2496087235568998, 0.4081525787240721, 0.2607668440936271, -0.4196799817545305, 0.6387364928845378, -0.07126515626618592], [-0.32588456628745116, -0.4210576537895527, -0.3225667405303326, -0.7378157586696477, -0.46781291923745083, 0.05963708765662766, 0.25242480830902986, -0.24167182937408216, 0.43582145526885513, 0.3962463574697683, 0.6173607441559019, 0.5035770588637085, 0.1432530315792812, -0.07840493301940371]], "inverted": true, "swapped": false, "error_lsq": 0.04409349723375724, "error_max": 0.28601705426001556, "target": "415.xyz", "model": "18.xyz", "model_rescale": 3.922800546911778, "target_rescale": 3.9818649448278145},
{"mapping": [9, 1, 10, 2, 0, 3, 11, 6, 4, 8, 13, 7, 5, 14], "R": [[0.01257846063710931, 0.9926273510234285, 0.12055174958586032], [-0.9726784801519395, 0.040096685153163794, -0.22866750991131374], [-0.23181535017619823, -0.1143818072944266, 0.9660116177265919]], "T": [-0.01980567663832132, 0.08159874086532244, 0.05100493983911013], "aligned_model": [[0.3376060091451891, -0.29276611264625896, -0.4049293691336764, 0.10001375150094292, 0.5084151198522211, 0.6102534220730744, -0.0625919243680706, -0.6851282520823544, -0.596919998705054, -0.3695131763591503, -0.09083954631048502, 0.5605118778990662, 0.23673208522967504, 0.0536724133605255], [-0.5466995422923666, 0.47452966444556766, -0.5394909154382843, -0.18855246589209534, 0.48356044827602, 0.09362785982345635, -0.5823014633810154, 0.12691870013178835, -0.2865486758332486, 0.4760596834542323, -0.11548897431373052, -0.3659970492528281, 0.7997780980891592, 0.02358912359348353], [-0.32348316432639346, -0.5138675356848594, -0.29035707851488973, -0.6015213760406991, -0.45678656423244446, -0.05867676334414561, 0.30526753751262536, -0.12523280813139803, 0.28610848710241554, 0.361642805258788, 0.705164223733395, 0.3689680880542924, 0.08167263911751503, 0.07420765189105051]], "inverted": false, "swapped": false, "error_lsq": 0.04201155722582963, "error_max": 0.35005750713278383, "target": "415.xyz", "model": "19.xyz", "model_rescale": 3.9282355846067225, "target_rescale": 3.9818649448278145},
{"mapping": [11, 10, 0, 11, 12, 9, 4, 1, 3, 5, 6, 8, 7, 13], "R": [[0.18995458545505672, 0.7756845446343912, 0.6018560813682411], [0.9813380222704005, -0.1686657531823087, -0.0923447332004581], [0.029882126949345555, 0.6081655620953736, -0.7932475701634399]], "T": [0.019613113171264716, 0.08495670900552475, 0.09293272632578423], "aligned_model": [[0.1478854847808784, -0.09760331547158782, -0.4400317225028454, 0.1478854847808784, 0.5746534084491108, 0.6409707281055104, 0.013356852389249108, -0.7007837698798843, -0.5676796132862072, -0.49117337722152293, -0.007891371054451281, 0.5998802222185977, 0.19106992361314826, -0.10602263546522978], [-0.3960519837508726, 0.31624876674554153, -0.4368205868651014, -0.3960519837508726, 0.5574080736488529, 0.010869364275076634, -0.5405683945137835, 0.09698660867057479, -0.29186194727082193, 0.3675657943954148, 0.13819541685506623, -0.32295272253043067, 0.6721880475592278, 0.0778300379422662], [-0.4223730154434896, -0.7286502834024289, -0.3028854980511334, -0.4223730154434896, -0.3446907693095663, -0.20177154061278954, 0.182638071807524, -0.11294201401612963, 0.37480153069014543, 0.47623341551887777, 0.7435118509455745, 0.36774458369378404, 0.2106599260425231, -0.006797100024150099]], "inverted": false, "swapped": false, "error_lsq": 0.05146692515573983, "error_max": 0.3469853874139393, "target": "415.xyz", "model": "20.xyz", "model_rescale": 4.067790424073018, "target_rescale": 3.9818649448278145},
{"mapping": [6, 12, 13, 11, 3, 2, 5, 9, 1, 7, 8, 4, 0, 14], "R": [[0.524154156621738, 0.74736870543368, 0.4082920991576255], [-0.7592380586489573, 0.19291439159987758, 0.621563840496382], [0.3857719409121371, -0.6357861713280927, 0.6685476452376811]], "T": [-0.0016574473138523567, -0.04983014181593276, -0.03257427885527627], "aligned_model": [[0.5659773948143337, -0.2604746350177674, -0.367482507062124, -0.04560726878725237, 0.48181332730345866, 0.7024592871277611, -0.05833535027710471, -0.6971545680809033, -0.7156977957359493, -0.3766123197836208, -0.03185605440547469, 0.5494273425146531, 0.22581508433401334, -0.06775563748837808], [-0.4404089556932209, 0.46279720052286694, -0.5952194233489427, -0.13504911976511108, 0.3580180214032686, 0.17131241245280895, -0.5381495095293909, 0.29182128643828836, -0.19170698797245633, 0.37136748532447733, -0.05527076634794878, -0.3721289373091445, 0.5726527188749417, -0.047050933640298054], [-0.3023812076908638, -0.5397633344680557, -0.2751563522372114, -0.6719789965176516, -0.6014863129172049, 0.06249162728203129, 0.2942252488210999, -0.09264054264355889, 0.3460052274954341, 0.4559596091312728, 0.5368344850915749, 0.4520921379507327, 0.22282612250066328, -0.07392156940301066]], "inverted": true, "swapped": false, "error_lsq": 0.04498418390498852, "error_max": 0.26786332656796036, "target": "415.xyz", "model": "21.xyz", "model_rescale": 4.186013935880536, "target_rescale": 3.9818649448278145},
{"mapping": [0, 6, 11, 4, 1, 5, 3, 2, 10, 9, 7, 12, 13], "R": [[-0.8771734575054189, -0.43220695973970036, -0.2091981582150146], [0.3018865379947676, -0.15759317796756683, -0.9402281151059123], [0.37340493251364937, -0.8878972543096685, 0.2687140155701394]], "T": [-0.028916303904736818, 0.013896297335340736, 0.005615580915151465], "aligned_model": [[-0.03009906699264199, -0.3434290605292273, 0.4013183285954247, 0.45485395824920904, -0.1642028147684907, 0.58258027718993, -0.11438871426305658, -0.6064286541221653, 0.2719109065010032, -0.14430857572182731, -0.6434883594149607, 0.49977830891915315, -0.10552249821912507], [-0.41475701093555833, 0.07063277593515527, 0.2685185348183577, -0.5340514400909553, -0.4030605062555151, -0.27220892935420893, -0.5745734594514997, -0.2553033484814411, 0.5541218750763524, 0.5738838112807905, 0.14932270997157068, 0.3006047993985904, 0.05582684763445451], [-0.570239409020561, -0.6179703012007796, -0.5970055369869542, 0.4509386583100087, 0.6655592249251757, -0.29589697105416, 0.0458984602559889, -0.21968040565980546, -0.09413556139361892, 0.44369873947360483, 0.42172271177526605, 0.46398473987193234, 0.00600521203924837]], "inverted": true, "swapped": true, "error_lsq": 0.04962396596512493, "error_max": 0.4070087070106854, "target": "415.xyz", "model": "22.xyz", "model_rescale": 4.166573947596378, "target_rescale": 3.9818649448278145},
{"mapping": [11, 1, 3, 2, 6, 12, 9, 4, 8, 7, 10, 14, 5, 15], "R": [[0.6600194952836642, 0.7172332281726973, 0.22349667167648923], [-0.6516224793933211, 0.6946170972473404, -0.30478719225219997], [-0.37384811112910277, 0.05553003346523319, 0.9258261203857623]], "T": [-0.003885140587790958, -0.04117796229275193, 0.007883573025906254], "aligned_model": [[0.31329667003186207, -0.16915507547373285, -0.2679890297195345, -0.061213220234022, 0.40966021522526913, 0.62001681521827, -0.024730752624064288, -0.6617020481173952, -0.7222404176350103, -0.27591112271350476, 0.06867181486692356, 0.5877697706649502, 0.09882470762275905, -0.010782027657125257], [-0.6741357078089066, 0.5236290611152791, -0.46827497645337, 0.01321045642350148, 0.38039927627724557, -0.18314185803773625, -0.5806401881842845, -0.022809385047973876, -0.2729639168690567, 0.422382424832224, 0.10567595407606299, -0.18074708973030706, 0.7676016181529559, 0.022798822664504614], [-0.33975635395249626, -0.394332706852094, -0.32266737351129043, -0.660371341196737, -0.47207528205649407, -0.13344567757529063, 0.27055282051612967, -0.3189084478417771, 0.29826282059836884, 0.47958610660750456, 0.7387123139538764, 0.5142852790627997, 0.17032820524247375, -0.01706422059972091]], "inverted": false, "swapped": false, "error_lsq": 0.04460232298050886, "error_max": 0.2640120164297424, "target": "415.xyz", "model": "23.xyz", "model_rescale": 4.274766983524099, "target_rescale": 3.9818649448278145},
{"mapping": [10, 7, 8, 6, 2, 0, 5, 3, 4, 1, 13], "R": [[-0.1912187511181742, -0.9815383714031016, 0.004220744502169693], [0.9394894127440301, -0.1817783273417385, 0.2903726623680634], [-0.2842446702449904, 0.059490042630566356, 0.9569043328698695]], "T": [0.03437268576198568, 0.0304427321846608, -0.07526868849039431], "aligned_model": [[0.18249530830898192, 0.01710716922953535, -0.34662094009754796, -0.6458929445372282, -0.5125295903385034, -0.4675829665269331, 0.1276263597784498, -0.03859308909600728, 0.6261744666742971, 0.4444071219784401, -0.0066961914154091], [-0.2497798448560562, 0.7768742041444126, 0.5063451643720589, -0.08181055968038926, 0.3525321757128393, -0.3253194483594552, -0.6517851227098388, 0.1000361952715285, -0.11826933857589016, 0.5126789979508257, 0.09408410797344777], [-0.6154778810857011, -0.18355640068842044, -0.5862563017187488, -0.200306783312812, 0.15690266265382954, 0.2946337595735102, 0.1941065047124551, 0.5121473851304779, 0.5249382798752233, 0.40117750411500436, -0.11874229523324056]], "inverted": true, "swapped": true, "error_lsq": 0.06289285140325132, "error_max": 0.2767190872871639, "target": "415.xyz", "model": "24.xyz", "model_rescale": 3.7841303162186577, "target_rescale": 3.9818649448278145},
{"mapping": [11, 4, 3, 6, 1, 7, 13, 5, 12, 2, 9, 10, 8, 15], "R": [[0.4518829740713957, 0.48372122755605607, -0.7495435622804404], [-0.5004743958696203, -0.5580705955521457, -0.6618780774878497], [-0.7384626983289871, 0.6742187956381338, -0.010092511329470366]], "T": [0.12897160630402152, 0.019395552102599533, 0.05796632657553989], "aligned_model": [[0.3395183115150856, -0.2827415805409573, -0.38661730232428015, 0.1472986859352738, 0.2887858344452341, 0.7234258523133763, -0.19960983420062692, -0.7355274385306797, -0.5182082107042425, -0.41278154106172826, -0.042770202236968785, 0.6808075832882073, 0.18322800133638686, 0.119708140221564], [-0.676370473146812, 0.3390370279888269, -0.35726399929936314, -0.14436707371208185, 0.6554946589967338, -0.14297992409997115, -0.6856067964963134, 0.0835319734690791, -0.196537494036466, 0.5113348103103441, 0.11198122735072177, -0.24017611065956362, 0.5992370942042885, -0.004330429459284826], [-0.18903021630732353, -0.4759118632108391, -0.433254140496324, -0.6455053308361138, -0.29256717039060853, -0.14955214062604916, 0.14166771662939365, -0.07569992338260718, 0.3891809253938734, 0.24042816225779973, 0.6093947919851908, 0.5410343462932535, 0.15944446850812616, -0.00652348342251996]], "inverted": false, "swapped": false, "error_lsq": 0.045270349059497304, "error_max": 0.3084386584818406, "target": "415.xyz", "model": "25.xyz", "model_rescale": 4.19342608120988, "target_rescale": 3.9818649448278145},
{"mapping": [2, 7, 8, 5, 6, 3, 10, 4, 9, 1, 12, 13], "R": [[-0.656948394614205, 0.7306291270770022, 0.18601044454684906], [0.753153886548876, 0.6247483500548823, 0.206030877006397], [0.034322441494473915, 0.27544614313945276, -0.9607035922902851]], "T": [-0.1247901965326467, 0.03037638916930117, -0.09455400209871945], "aligned_model": [[-0.3184620529575857, 0.428726307943037, 0.18995179872176363, -0.6544872452443333, -0.5537347615314198, -0.3592361991668207, -0.011813059221127672, -0.12369601648608998, 0.5440139583142222, 0.2585837447126482, 0.2849732813993965, -0.08701120185190975], [-0.5985734462085537, -0.4685378952739382, -0.5586153733383692, 0.5415262134727723, -0.408224448662357, -0.0822033748753072, 0.3365643241858403, 0.5630796100677388, 0.04985471070945928, 0.015563044943991643, 0.6637610715604214, -0.04141800884071764], [0.05926589952460368, 0.023294566232539643, -0.5267273341099236, -0.024976835404097397, -0.4331282475296555, 0.44171623437700513, -0.6291342960239777, 0.575385632472916, -0.36127453642633545, 0.5986169835596051, -0.14689691883477482, -0.12688268662848404]], "inverted": false, "swapped": true, "error_lsq": 0.04372232519179108, "error_max": 0.21210824538703665, "target": "415.xyz", "model": "26.xyz", "model_rescale": 3.795458400668931, "target_rescale": 3.9818649448278145},
{"mapping": [8, 10, 9, 7, 1, 0, 11, 2, 5, 12, 3, 4, 13], "R": [[0.019777557827936, -0.755021111955815, -0.6554021427393777], [-0.23575516461068252, -0.640567038103022, 0.7308169210242137], [-0.9716112136887638, 0.14006066613052542, -0.19066897817243594]], "T": [-0.11383009926222447, -0.11242931682824026, -0.041045187609180994], "aligned_model": [[-0.06379994058245243, 0.37073118977808645, 0.46951359121643815, -0.07886579484254601, -0.1521602998289424, -0.7209467306845437, -0.035491640972338354, -0.6839966274522746, -0.20436067318501389, 0.5644580771026219, -0.5679147462643767, -0.08076069831506853, -0.11672932314833319], [-0.6914430249443153, -0.43558781216648945, -0.22208043333699273, -0.1229861303514931, 0.5637634023101308, -0.22095737073590055, -0.5455368041426392, -0.27904224798365174, 0.07375269827665606, 0.18434191456612814, 0.2734094268999648, 0.7093157603355051, -0.16506787546998836], [-0.5841729053850604, 0.18930220181020213, -0.44909545094641223, -0.7946036260271313, -0.4521111575706861, 0.3263579757133461, 0.6065407332924103, -0.36337654945879794, 0.668767858806058, 0.11281848805022729, -0.05371385558904232, 0.196092906407084, -0.11066995700277142]], "inverted": true, "swapped": true, "error_lsq": 0.0477740999022407, "error_max": 0.3795405073953209, "target": "415.xyz", "model": "27.xyz", "model_rescale": 3.6321398670334006, "target_rescale": 3.9818649448278145},
