[{"mapping": [0, 10, 2, 1, 4, 11, 5, 7, 6, 3, 12, 13, 8, 14], "R": [[-0.6024866980747124, 0.4503148506282232, 0.6589585069992736], [0.7318652247073291, 0.6410866503199449, 0.23104371803977647], [-0.318407084574325, 0.6214695825905192, -0.7158159584751133]], "T": [-0.0032518559945561715, 0.10126918260855826, 0.07470281506241314], "aligned_model": [[0.10729518821159843, 0.3737577083816476, -0.6127800290683711, -0.329648912518449, -0.5485396716097176, -0.14544080453982017, -0.6447458974637229, -0.04377486228729817, -0.36660119050243906, 0.17044390504419943, 0.5715055259591735, 0.19016942189969233, 0.6925263407203776, -0.04267462109856703], [-0.6656086080360987, -0.26355268396662546, -0.35828839778194155, -0.4032119749165674, 0.231558710295031, 0.19483799393642856, 0.23354310131290118, 0.4859026558602725, 0.806875950023663, -0.0830086583339026, 0.38485100307715964, 0.7089647260755005, -0.1035984140659066, 0.06600792833012023], [0.33777480481017264, -0.359077853587235, 0.2728263792307887, -0.2542940879535227, 0.6356792913449634, -0.6893379288522028, -0.005092921581754256, 0.6572003344730776, 0.14914808285099826, 0.7055706742405994, 0.4516107889298545, -0.1579942164632873, 0.11195941944421381, 0.04161532029316745]], "inverted": false, "swapped": true, "error_lsq": 0.03800328338962612, "error_max": 0.2299100030076245, "target": "416.xyz", "model": "0.xyz", "model_rescale": 3.8414455957264533, "target_rescale": 3.826278592314153},
{"mapping": [7, 4, 2, 9, 6, 5, 10, 8, 13, 11, 0, 1, 13, 12, 14], "R": [[-0.3879404314017819, 0.11259820010011173, 0.9147807753872044], [-0.6648191216804804, -0.7216107139623514, -0.1931152840733747], [0.6383711750477101, -0.6830809782368126, 0.3547994081720617]], "T": [0.012431332341911728, -0.057348430657720974, -0.07597748226791243], "aligned_model": [[-0.5802327492995127, -0.07519184241950477, -0.038252766214445275, -0.48292769128052215, 0.2777415340182902, 0.5149871038378454, 0.6558159458177143, 0.08645486650800471, -0.44107445546027463, 0.09978799173371371, -0.4559734831885436, 0.35721405566464615, -0.44107445546027463, 0.37275457307222337, 0.0780331581995619], [-0.2553465428886265, -0.5933197998410312, -0.4407160362601912, 0.27412928179384455, 0.13599380393953167, -0.29862724154735587, 0.16899205170549822, 0.7271507912925933, 0.42717630400920836, 0.14821316545504382, -0.38364561644636114, -0.4895589688898729, 0.42717630400920836, 0.46374142934341533, -0.08170008646620044], [-0.22598093562898158, -0.10554275765456936, -0.7045195482798772, -0.4080191119729053, -0.7846780191599223, -0.4274671932614269, -0.13261250320520507, -0.1341486490903497, 0.29064941604314953, 0.7464449434923844, 0.37083841364612136, 0.589467343024143, 0.29064941604314953, 0.349371861049642, -0.019697855661862954]], "inverted": true, "swapped": false, "error_lsq": 0.043755085858400426, "error_max": 0.32876725759166286, "target": "416.xyz", "model": "1.xyz", "model_rescale": 4.316132596720782, "target_rescale": 3.826278592314153},
{"mapping": [0, 10, 1, 7, 2, 3, 5, 12, 11, 8, 13, 14], "R": [[0.11888693453237971, -0.30997263415489934, 0.943283023738139], [0.6583900807362005, 0.7357364632075989, 0.15879029660200553], [-0.7432283622048294, 0.602170094559541, 0.29155236036170334]], "T": [-0.019309857974193288, 0.08161947885772852, -0.08555360910711135], "aligned_model": [[-0.29367652221817, 0.4895287065906694, 0.09113117229337786, -0.5226537662945593, -0.4977038046192984, -0.5389892073147362, -0.19623740479446902, -0.09469050674153975, 0.6242790266267344, 0.21071087647850878, 0.33537592318903936, -0.009265938563776032], [-0.6381742675206126, -0.32292235099363453, -0.47480850738727226, 0.5389142127515492, -0.37084450030240285, -0.009535431305098013, 0.17671436556713505, 0.43548265322422347, 0.0663540280576664, -0.08892387195084583, 0.6597967971577925, 0.04072330044248021], [0.19039740608010985, 0.1165010804419131, -0.4695665176872782, 0.07697275556648414, -0.5195885034644128, 0.3431035406425597, -0.7140692891774798, 0.564002338748139, -0.5308528248411191, 0.581882914449954, -0.05793915606756897, -0.1315852834818803]], "inverted": false, "swapped": true, "error_lsq": 0.04543992464186541, "error_max": 0.25444917308795, "target": "416.xyz", "model": "2.xyz", "model_rescale": 3.795458400668931, "target_rescale": 3.826278592314153},
{"mapping": [10, 12, 13, 4, 1, 5, 7, 0, 3, 2, 11, 14], "R": [[0.5665490095162629, 0.42887730279287295, 0.7036238192139689], [-0.6377241623129302, 0.7689617694839375, 0.044784929099011064], [-0.5218525774760657, -0.47409076791395366, 0.7091599475156115]], "T": [-0.048889211948464135, -0.012895339048153522, 0.0045436975850419795], "aligned_model": [[-0.0380469668501714, -0.31448357982055836, -0.7249102000266862, 0.24631673436057633, 0.3466038126309503, 0.007436137863637192, -0.12066593962650476, 0.6795747158860167, 0.3167538575523789, 0.6177214424335356, -0.402776057639137, -0.020220131020472494], [-0.004602641422005421, -0.7046608314655635, -0.03113904394226531, 0.032750766984101114, 0.46710867221011637, 0.5215826684713806, -0.3741450222639126, -0.23955489537670407, -0.5475228548756471, 0.33860614778674586, 0.5875196747588488, 0.03982640442461439], [-0.6760520350962477, 0.06573563357804893, 0.06384263250111238, 0.739239996809001, -0.2826089720602642, 0.3873479149637519, 0.5988795880077911, -0.2912515321356172, 0.21094466864729217, 0.23702520300237762, -0.35182267224460523, -0.012508995333540135]], "inverted": true, "swapped": true, "error_lsq": 0.05277512989124975, "error_max": 0.27670407145833587, "target": "416.xyz", "model": "3.xyz", "model_rescale": 3.7530521520055578, "target_rescale": 3.826278592314153},
{"mapping": [12, 10, 0, 1, 3, 11, 7, 13, 6, 5, 14], "R": [[0.252408493451009, 0.5855474161363498, 0.770340298757527], [-0.6573647294773085, 0.6879617106401181, -0.30753909854252176], [-0.7100433542207238, -0.42876906155781164, 0.5585655977392598]], "T": [-0.04489493511034623, -0.053342400171321254, -0.021843176611642076], "aligned_model": [[-0.5091431201768419, -0.12528216854083238, 0.5231564125829715, 0.4414412955996284, 0.15256607347207346, -0.23058953576130228, -0.1476534063783758, -0.6755434054018222, -0.3207617390801364, 0.23332993457914739, -0.0033207384493049164], [-0.6340582897110908, 0.08815973039032549, -0.4196327037612065, 0.3367944474595272, -0.7018742101251081, 0.6833851250237479, -0.4894124129654166, 0.1162731323876138, 0.14409756382898117, 0.3525380479979505, -0.009067072210978057], [-0.013658063664962722, -0.6828363038108427, -0.48301358593603433, -0.30564865545041864, 0.028539730976087432, -0.2102075756161993, 0.5149733874292515, 0.1635392680978533, 0.6995171453415975, 0.4177365523074796, -0.036111122428495006]], "inverted": true, "swapped": true, "error_lsq": 0.04201770052862492, "error_max": 0.21096407854836816, "target": "416.xyz", "model": "4.xyz", "model_rescale": 3.7855080009869324, "target_rescale": 3.826278592314153},
{"mapping": [13, 14, 12, 6, 1, 2, 0, 4, 8, 10, 15, 9, 7, 5, 16], "R": [[-0.10169744962734226, -0.5252316547587814, -0.8448605432724662], [-0.8645345357387032, 0.4668274418768207, -0.1861509495699897], [0.4921764574361104, 0.7114800407250341, -0.5015560650570831]], "T": [-0.02818663209455015, 0.002048528176136601, -0.04656469552771777], "aligned_model": [[-0.6750558792584966, 0.021909506265335, -0.11652966061813198, -0.45492679131645625, 0.3317743276976686, 0.5761708943196556, 0.6384669605087696, 0.11991485230932157, -0.6267939279817824, -0.04190320757511469, -0.43041656922663424, 0.28053779493282854, -0.15849894804199033, 0.4752389682668687, -0.011826534752919352], [-0.23470264619956602, -0.6716135030467616, -0.38381893275856754, 0.4382905384863926, 0.13153641238445768, -0.40757429290678776, 0.3410314155785121, 0.6669452474685317, 0.037687227900966756, 0.11221194131152852, -0.5082984934150954, -0.4454820201738603, 0.6788783784933663, 0.5233182590627357, -0.04875069297714767], [-0.271012233675663, -0.08354094659425432, -0.6000690540591022, -0.2782170493139275, -0.6998371763946889, -0.15946647714900442, -0.2682344337373994, -0.3346256037692349, 0.3218224138506091, 0.6736020574106081, 0.46046104535092275, 0.4131304814093592, 0.24718609325059307, 0.3139124565658115, -0.04035675376113849]], "inverted": false, "swapped": false, "error_lsq": 0.03721758450839223, "error_max": 0.24303217454877654, "target": "416.xyz", "model": "5.xyz", "model_rescale": 4.2253639853439635, "target_rescale": 3.826278592314153},
{"mapping": [11, 1, 8, 9, 10, 3, 12, 13, 2, 5, 0, 7, 6, 14], "R": [[0.940976769855824, 0.09718599822014748, 0.3242184454062625], [0.33780856824847244, -0.20974900226039675, -0.91754603550377], [-0.021168131934992285, 0.9729132735247897, -0.2301992015400166]], "T": [0.03788523443620628, -0.003448088027337544, 0.037208083381270136], "aligned_model": [[0.5192611687144515, -0.12267654118670823, -0.36422393115019436, 0.26525018769042863, -0.1756653563022984, -0.4653935590107857, -0.0834412572106463, 0.589572133962677, -0.2463715192959648, 0.383287391306586, -0.7536657473369733, 0.09356046775036193, 0.6980091392304647, 0.03655957559638491], [-0.20443478366667334, 0.203408147891193, -0.5955244655456355, -0.6969351072983075, -0.48923912446104934, 0.12231796919579699, -0.3924861929652359, -0.33580478763907895, 0.6753060332183283, 0.529015904168903, 0.08306505666138753, 0.23895789135716325, 0.28567832299943063, 0.021774282718768516], [-0.5464122006879572, -0.5958050704077039, 0.1605769120915109, -0.05294516210491785, -0.38917213259100936, 0.47654411733068625, 0.6591032136938063, 0.2517638148049725, -0.24644954650646178, -0.14322972152713886, -0.1511840226279155, 0.6906818720356517, 0.37792511520003685, -0.019838979772111555]], "inverted": false, "swapped": true, "error_lsq": 0.036927153748772736, "error_max": 0.21627745656276268, "target": "416.xyz", "model": "6.xyz", "model_rescale": 3.89814844738969, "target_rescale": 3.826278592314153},
{"mapping": [13, 6, 11, 12, 10, 5, 7, 8, 3, 2, 1, 0, 14], "R": [[0.11641461572020712, 0.47110455504169757, -0.8743615587762772], [-0.42314591949456115, 0.8199785007555138, 0.3854643811220991], [0.8985517058365753, 0.32510883795692885, 0.2948034521854798]], "T": [-0.048968394870210374, 0.0724911286292905, -0.05908857097485476], "aligned_model": [[0.12760438634410076, -0.4030312227915736, 0.5455416204614183, -0.18423041369994902, 0.5646979848407392, -0.28163024563301836, -0.6513222123081013, 0.2582082249981357, -0.4955956769098316, -0.4031543999466028, 0.19279514658415065, -0.09086732737031933, -0.030384063664926363], [-0.197021803742951, 0.14891046552912762, 0.45029203913075777, -0.6576177234453923, 0.012498994750352405, 0.6248936418551564, -0.22384823097013903, -0.4897670857301125, -0.256246745576293, 0.6749737415754121, 0.6342265077359408, 0.11242953401518968, 0.13005793034343668], [-0.656615478311301, -0.7691909198215162, -0.4004906676262475, -0.0974235179520421, 0.22937527899907245, -0.3349477397146403, -0.25464226046819116, 0.28292650230810934, 0.33407586893548324, 0.3063395136731282, 0.24958438359483637, 0.7571089968891863, -0.043824929669582124]], "inverted": true, "swapped": true, "error_lsq": 0.048277809853361914, "error_max": 0.341246355962183, "target": "416.xyz", "model": "7.xyz", "model_rescale": 3.7474275329858107, "target_rescale": 3.826278592314153},
{"mapping": [9, 8, 4, 11, 13, 2, 1, 12, 7, 6, 5, 3, 10, 0, 14], "R": [[-0.2484884889166205, -0.08633897081256758, 0.9647792768270689], [0.3944299627922343, -0.9187217890898811, 0.01937211148030296], [0.8846911751157304, 0.38535160097048415, 0.26234646615083945]], "T": [0.0169577485656272, 0.07227693478733364, -0.05454631105047347], "aligned_model": [[-0.6825675741665648, -0.05514186065993306, 0.1462415931730355, -0.5068125097595548, 0.06118959873689896, 0.6653299765060877, 0.7515666677594381, 0.048616845896750534, -0.5569434239448674, -0.08982094580426564, -0.33579319616792314, 0.25790731131991307, -0.2275939121857412, 0.39845158678127107, 0.053431628044376275], [-0.21666214994556476, -0.5991999931396119, -0.4309663530126948, 0.3399234375421184, 0.18572112144328115, -0.4335620437129264, 0.2275170731435125, 0.5837778232418884, 0.15576123309779444, 0.10239668480251068, -0.3680632239546352, -0.36095034809938487, 0.6953247918086919, 0.2914765855484453, 0.05716420044528041], [-0.1412582955655144, -0.15010099417923412, -0.639574281880306, -0.25581732646742905, -0.9452122353099377, -0.23435142142051651, -0.08698171352845038, -0.3980680155550584, 0.3025887447067388, 0.7545452841879329, 0.3866892038512322, 0.46351928957914, 0.3022017972459873, 0.43599135532863814, -0.09941657160973263]], "inverted": true, "swapped": false, "error_lsq": 0.03996444075894621, "error_max": 0.28260818280236377, "target": "416.xyz", "model": "8.xyz", "model_rescale": 4.019505241142653, "target_rescale": 3.826278592314153},
{"mapping": [3, 8, 7, 4, 2, 5, 13, 0, 1, 10, 9, 11, 14], "R": [[0.854781767310981, -0.37418419379835505, -0.35963080983724305], [0.4813684801001615, 0.31260120836084143, 0.8188802543091405], [-0.19399102205714747, -0.8730788473229765, 0.4473262899924466]], "T": [0.02696011663986296, -0.011806580111739663, -0.03459300802053975], "aligned_model": [[-0.3446902158048836, -0.6846957377572462, 0.03661275209669833, 0.42959195331269595, 0.3999574555601476, 0.677200278730263, 0.09035714053243733, -0.371914170057054, 0.2560954421292854, -0.32320068349796505, -0.28146397729313183, 0.3750910946835972, 0.06075943910633226], [-0.4246463782340339, 0.08749467322295365, -0.059824281813765125, -0.4338285794135834, -0.69869676619592, -0.12058375194461293, 0.6414041700377083, -0.6810170427664123, -0.33413428300694975, 0.10118441630348804, 0.6027070387959758, 0.41863669791614594, -0.035317684786935755], [-0.42646304679534563, 0.07100666882365186, -0.7320810078142629, -0.5719883987974247, 0.07040969462791521, -0.06167829718505253, -0.20823086686318681, 0.21557838651156427, 0.5247611673983827, 0.5381349581489165, 0.22616409350476233, 0.5188096342122557, 0.012280508271702899]], "inverted": false, "swapped": true, "error_lsq": 0.046625469197850204, "error_max": 0.27886684169921255, "target": "416.xyz", "model": "9.xyz", "model_rescale": 3.877068213659057, "target_rescale": 3.826278592314153},
{"mapping": [8, 1, 7, 9, 2, 4, 13, 14, 11, 12, 0, 5, 10, 6, 15], "R": [[-0.2776518923371483, 0.780315005927344, -0.560373017021885], [-0.16919216172045864, -0.6139085364873123, -0.771031984576752], [-0.9456656063820652, -0.11926776745045409, 0.30247604955339136]], "T": [0.08536300238646484, 0.04989777349826045, -0.007317249381731776], "aligned_model": [[-0.5825867997899534, -0.04996587818900626, -0.020771462249713643, -0.32635994230962456, 0.15273906557186462, 0.5180144057660655, 0.6529640933536893, 0.07886082889513386, -0.5537606786018305, 0.008640908684328125, -0.409016358557362, 0.2568354548762081, -0.20739801540124458, 0.3789482854518159, 0.030917878028551185], [-0.1864449926376202, -0.8071645712376677, -0.516061940834425, 0.38070617090799547, 0.14614633281194078, -0.3639179188738236, 0.4983043693765919, 0.7664180870480773, 0.17599972110757844, 0.00376526912090748, -0.38208881773891773, -0.5741603488395749, 0.6635451116253639, 0.42094166250880277, 0.003670704863475323], [-0.31278098614245087, -0.0012475276930891052, -0.585859941484627, -0.4031648525241998, -0.6604267646157259, -0.32300699524821674, -0.2800790910482206, -0.3172816161224041, 0.33948888590542337, 0.7344244361742064, 0.4429523011075798, 0.4310251969132373, 0.19501591728479106, 0.3882060610820359, 0.04748979579515044]], "inverted": true, "swapped": false, "error_lsq": 0.03393306413370523, "error_max": 0.22961768356871978, "target": "416.xyz", "model": "10.xyz", "model_rescale": 4.260839863003843, "target_rescale": 3.826278592314153},
{"mapping": [6, 11, 10, 9, 8, 12, 7, 5, 1, 0, 3, 14], "R": [[-0.6775794965818629, 0.2699802546324884, 0.6841028343169219], [0.26740181843914046, -0.776082795550509, 0.5711320004569418], [0.685114803012831, 0.5699176752471218, 0.45366457888356915]], "T": [0.07544426697272477, 0.019452889927183137, -0.047882036970705436], "aligned_model": [[0.5559040099883152, 0.14918018786367465, -0.4004109953365639, -0.4585132669956008, -0.6366371790163652, -0.4014297263471608, 0.24039149357184833, 0.7178180215473061, 0.27746635331267455, -0.13138022261728105, -0.058270225170834966, 0.10478019829411803], [0.1632248819344867, -0.7296562429559192, -0.4154055620263641, -0.3310275692254329, 0.11442134778424476, 0.5127475716833121, 0.6480345563800414, -0.1220908660500229, -0.431254326380286, 0.1608486170443544, 0.6273678950613952, -0.024131797716875923], [-0.6675059524719341, -0.2626600593678029, 0.1708798668283663, -0.4122986600931394, 0.0588282814219228, -0.334370901015569, -0.30588568799305194, -0.09984047203234024, 0.4268024064215919, 0.7310659365265191, 0.2253990947101625, -0.0142357755392203]], "inverted": true, "swapped": true, "error_lsq": 0.04749177940472507, "error_max": 0.2565555267055679, "target": "416.xyz", "model": "11.xyz", "model_rescale": 3.890672605050136, "target_rescale": 3.826278592314153},
{"mapping": [13, 6, 7, 9, 12, 1, 5, 10, 11, 2, 3, 4, 0, 14], "R": [[-0.2160270120247961, 0.7386229560680808, 0.6385675053155215], [-0.20745060905090884, 0.6043563965993082, -0.7692318185657082], [-0.9540946362285272, -0.29864606921697445, 0.022670475539884827]], "T": [0.12444089967759855, -0.03625914269903449, 0.1331028246870113], "aligned_model": [[0.5602192852982096, 0.1353308757704143, 0.3078986975253452, 0.6540421996189221, 0.7902116300786396, -0.42076798771884383, -0.3867610143458995, 0.25797680931162503, -0.011905274141295247, -0.6128548427900034, 0.23721293091946996, -0.2573610932415975, -0.11431074326485002, 0.07094436177355697], [-0.2532054991778402, 0.11833966629764509, 0.5684515032811756, -0.546321170096228, 0.29107067198627945, -0.3560954256806399, -0.03737330725807139, -0.5291864494555144, -0.7733719259950648, 0.20062686437835311, 0.5600005885567843, 0.5877725598266837, 0.16824988353249612, -0.06680544036829397], [-0.3400621040737371, -0.6488347455082922, -0.1661573530034196, 0.1433919862294677, 0.18238613560250755, 0.3971620229586732, -0.2840898360016458, 0.5832002647471475, -0.09229802599870682, 0.2822695700893726, 0.4395006015419292, -0.1731984033080594, 0.8885515507688715, 0.14296877131275254]], "inverted": false, "swapped": true, "error_lsq": 0.03733526722516167, "error_max": 0.20428816063666982, "target": "416.xyz", "model": "12.xyz", "model_rescale": 4.124412569039231, "target_rescale": 3.826278592314153},
{"mapping": [13, 12, 8, 6, 9, 11, 7, 5, 3, 4, 1, 0, 14], "R": [[0.5962598814814701, 0.7131014386283717, -0.3687282087959234], [0.8019477737796256, -0.5080352697635597, 0.3142927501648262], [0.036795677267933924, -0.4831009241374042, -0.8747911609246977]], "T": [0.17874227005538787, 0.08057040015287537, -0.03156385427026626], "aligned_model": [[-0.13775362078029021, -0.08388849248275906, 0.5206553641530314, -0.5322776932238857, 0.40224171459056723, 0.458344335778078, -0.44486886022430217, -0.06722701354304803, 0.05020607469248034, -0.3700250429517693, 0.6649672971620649, 0.693645302163434, 0.21327894217615645], [-0.20989480668632599, 0.576093902170905, 0.5298728620479729, -0.27915675522250155, -0.09377789722359292, -0.6306628108005841, 0.3954048248247079, -0.35095635988529406, 0.731979156985042, 0.2083609406872733, -0.17768836193955667, 0.6018099282407787, 0.04610075330965312], [0.49409181960065257, 0.45660195699868206, 0.42526086001377783, -0.009366275363794911, 0.6469620074562527, 0.13785008371523189, -0.06117510444818886, -0.46591638539385244, -0.1773989454291326, -0.589715073699496, -0.4391946600455718, -0.3958622051328979, -0.07043999730382358]], "inverted": true, "swapped": true, "error_lsq": 0.04434626151057465, "error_max": 0.24460330424688803, "target": "416.xyz", "model": "13.xyz", "model_rescale": 3.9028299243045295, "target_rescale": 3.826278592314153},
{"mapping": [7, 6, 9, 10, 14, 11, 12, 13, 4, 0, 3, 2, 5, 8, 15], "R": [[0.4507769950197501, 0.6673457832035338, -0.5928319377373547], [0.8850104880860113, -0.24749943913299688, 0.3943354708958001], [0.116432541579769, -0.702419841170019, -0.7021750707565466]], "T": [0.05341829552137289, -0.025866612333380626, 0.04564103367862449], "aligned_model": [[-0.7147995506543456, -0.014548202848225507, -0.1499049424646895, -0.45587282792355166, 0.096180902315608, 0.4896357677429462, 0.6487881406542139, 0.1995374899503009, -0.5293476329802898, -0.1885898118380074, -0.33251000300773353, 0.43937150292594823, 0.034243756864412854, 0.40966758777860635, -0.003790390986271888], [-0.2965142840485699, -0.6835864863237938, -0.4340178451583775, 0.31838320615022764, 0.1964133655526884, -0.20446031239583512, 0.3026975388346212, 0.6625684926158333, 0.22994228105010328, 0.0515561119139052, -0.3820862456723139, -0.31369766349763545, 0.4753053932416713, 0.389407510968357, -0.08225222402217704], [-0.3508676477515025, -0.03917279011589303, -0.581190433704723, -0.3756275458560755, -0.809820025443346, -0.5232836498819935, -0.10207705944010509, -0.3249768815497684, 0.2786838549073014, 0.834725444237589, 0.38158205001401635, 0.6027255669727966, 0.14840674561760525, 0.5907474488305812, -0.03510025745299333]], "inverted": false, "swapped": false, "error_lsq": 0.04121561224476142, "error_max": 0.35545202275363824, "target": "416.xyz", "model": "14.xyz", "model_rescale": 3.942246331269136, "target_rescale": 3.826278592314153},
{"mapping": [8, 11, 13, 0, 12, 4, 3, 1, 7, 9, 6, 10, 2, 5, 14], "R": [[0.7720797135078404, -0.628805431376523, -0.09217725023581648], [-0.33231288373171586, -0.27581465892172374, -0.9019392558425454], [0.5417204660113577, 0.7270006900927113, -0.421911049048445]], "T": [0.048483941570552844, -0.04112305920958209, -0.004676468059164746], "aligned_model": [[-0.6687479987569662, -0.11886101691629695, 0.17245523075963548, -0.48141247039253715, 0.16986691770861917, 0.5191415751291102, 0.6621980523842882, 0.25883307970468006, -0.6627675368713007, -0.04298769750882843, -0.3292854333169861, 0.3908511083607126, -0.23854008798693888, 0.2905995447227649, 0.00671851850896589], [-0.22250320258753725, -0.7322692792025212, -0.464590508843082, 0.443947853882822, 0.1679910022837427, -0.3776019054114039, 0.24121177416939038, 0.6386464167469286, 0.1640888756057202, 0.016106382154855103, -0.3375018737585062, -0.4609684939200127, 0.6080900622841281, 0.5060148143249399, 0.03899692147924086], [-0.23165777488861705, -0.09645659725419573, -0.6874914393822988, -0.16162704858884036, -0.7854541192200957, -0.09916114911569524, -0.25001289533734283, -0.392372399717803, 0.4230955557487006, 0.7931455900575607, 0.2820974621054745, 0.45955951729747524, 0.2760145506365884, 0.20698302320800316, -0.04190745616542394]], "inverted": false, "swapped": false, "error_lsq": 0.04331228376063194, "error_max": 0.3073549464243722, "target": "416.xyz", "model": "15.xyz", "model_rescale": 4.355366556412066, "target_rescale": 3.826278592314153},
{"mapping": [0, 10, 1, 7, 2, 3, 5, 12, 11, 8, 13, 14], "R": [[0.11888693453237971, -0.30997263415489934, 0.943283023738139], [0.6583900807362005, 0.7357364632075989, 0.15879029660200553], [-0.7432283622048294, 0.602170094559541, 0.29155236036170334]], "T": [-0.019309857974193288, 0.08161947885772852, -0.08555360910711135], "aligned_model": [[-0.29367652221817, 0.4895287065906694, 0.09113117229337786, -0.5226537662945593, -0.4977038046192984, -0.5389892073147362, -0.19623740479446902, -0.09469050674153975, 0.6242790266267344, 0.21071087647850878, 0.33537592318903936, -0.009265938563776032], [-0.6381742675206126, -0.32292235099363453, -0.47480850738727226, 0.5389142127515492, -0.37084450030240285, -0.009535431305098013, 0.17671436556713505, 0.43548265322422347, 0.0663540280576664, -0.08892387195084583, 0.6597967971577925, 0.04072330044248021], [0.19039740608010985, 0.1165010804419131, -0.4695665176872782, 0.07697275556648414, -0.5195885034644128, 0.3431035406425597, -0.7140692891774798, 0.564002338748139, -0.5308528248411191, 0.581882914449954, -0.05793915606756897, -0.1315852834818803]], "inverted": false, "swapped": true, "error_lsq": 0.04543992464186541, "error_max": 0.25444917308795, "target": "416.xyz", "model": "16.xyz", "model_rescale": 3.795458400668931, "target_rescale": 3.826278592314153},
{"mapping": [13, 6, 11, 12, 10, 5, 7, 8, 3, 2, 1, 0, 14], "R": [[0.11641461572020712, 0.47110455504169757, -0.8743615587762772], [-0.42314591949456115, 0.8199785007555138, 0.3854643811220991], [0.8985517058365753, 0.32510883795692885, 0.2948034521854798]], "T": [-0.048968394870210374, 0.0724911286292905, -0.05908857097485476], "aligned_model": [[0.12760438634410076, -0.4030312227915736, 0.5455416204614183, -0.18423041369994902, 0.5646979848407392, -0.28163024563301836, -0.6513222123081013, 0.2582082249981357, -0.4955956769098316, -0.4031543999466028, 0.19279514658415065, -0.09086732737031933, -0.030384063664926363], [-0.197021803742951, 0.14891046552912762, 0.45029203913075777, -0.6576177234453923, 0.012498994750352405, 0.6248936418551564, -0.22384823097013903, -0.4897670857301125, -0.256246745576293, 0.6749737415754121, 0.6342265077359408, 0.11242953401518968, 0.13005793034343668], [-0.656615478311301, -0.7691909198215162, -0.4004906676262475, -0.0974235179520421, 0.22937527899907245, -0.3349477397146403, -0.25464226046819116, 0.28292650230810934, 0.33407586893548324, 0.3063395136731282, 0.24958438359483637, 0.7571089968891863, -0.043824929669582124]], "inverted": true, "swapped": true, "error_lsq": 0.048277809853361914, "error_max": 0.341246355962183, "target": "416.xyz", "model": "17.xyz", "model_rescale": 3.7474275329858107, "target_rescale": 3.826278592314153},
{"mapping": [11, 1, 5, 10, 13, 12, 6, 2, 9, 7, 8, 0, 3, 14], "R": [[0.9366437871406399, -0.14895919156354062, -0.3170324514297807], [-0.35007517225142204, -0.3668761683663251, -0.8618870290577422], [0.0120743440392021, 0.9182663210276093, -0.39577919839532083]], "T": [0.06094809588842999, -0.02629158723599721, 0.032679020894447186], "aligned_model": [[0.35398608190059955, 0.12844209466926693, 0.6814279865427785, -0.3732938013893944, 0.2505758667883035, -0.3372459709771771, 0.7186973770372845, 0.30319341150144574, -0.19987066041616625, 0.19830595780297378, -0.6356891275725151, -0.47134128978608325, -0.28361624456419615, 0.08127596634575644], [-0.3989862548213198, 0.3278960017547003, 0.17745185839499167, -0.18832841043986395, -0.6633883234747353, -0.33366784908799024, -0.2865319742516483, 0.7085171739176171, -0.678984424476126, 0.020757488534800046, -0.229542880778462, 0.5771821161810542, 0.3259452788246306, 0.002088441233584974], [-0.5901841273257018, -0.5497906786891089, -0.061510511710898746, -0.46589385946631423, 0.17052904791726675, 0.5802058572580856, 0.4002202718031559, -0.12010841883570339, -0.1834512919089093, 0.7166436290019389, 0.061860801564208895, -0.115700781433736, 0.5010030553893139, -0.019028274901943087]], "inverted": false, "swapped": true, "error_lsq": 0.03896994184841977, "error_max": 0.3143002078495938, "target": "416.xyz", "model": "18.xyz", "model_rescale": 3.922800546911778, "target_rescale": 3.826278592314153},
{"mapping": [5, 0, 1, 8, 6, 2, 10, 4, 12, 7, 3, 9, 13, 11, 14], "R": [[-0.8962141558147556, 0.2612835259400867, 0.35851235123711045], [-0.10477717714892149, 0.6606137561050116, -0.7433782404627755], [-0.4310706787360383, -0.7037900143630517, -0.5646748494637485]], "T": [-0.05915278816626224, 0.04210051237958439, -0.08335929627253749], "aligned_model": [[-0.7246639115121191, -0.2685021350297798, 0.0020330812594740455, -0.435774672237158, 0.19077517284100437, 0.46417754090104146, 0.72898738243507, 0.28032264871057183, -0.6949317739376684, -0.03669949542916376, -0.19482234550724137, 0.5358173725690342, -0.2236543910734642, 0.3512965907913864, -0.04629927925206646], [-0.29349634588009443, -0.7668721692134517, -0.35557972552245004, 0.3609159727743641, 0.2687635039817444, -0.4470085494499487, 0.18230980125966856, 0.6587968182648005, 0.05137672597607417, 0.0925254577761973, -0.4017398873411697, -0.26041720126247075, 0.644330525685658, 0.4599932669304136, 0.03576064522936984], [-0.24768645049509455, -0.06999190756460258, -0.7047204969446134, -0.4451649245783619, -0.6849635469704701, -0.08852215423376728, -0.18223838435262735, -0.25161277515774705, 0.3795803085133437, 0.7136125938124681, 0.35680966489093346, 0.38272731229113155, 0.20312278088851812, 0.3217833524032171, 0.012019446881162354]], "inverted": true, "swapped": false, "error_lsq": 0.044851461370697204, "error_max": 0.3164397904276429, "target": "416.xyz", "model": "19.xyz", "model_rescale": 3.9282355846067225, "target_rescale": 3.826278592314153},
{"mapping": [8, 10, 11, 0, 3, 1, 2, 5, 4, 7, 13, 12, 6, 14], "R": [[0.9058396664135264, -0.4182680114104208, 0.06712949711269844], [0.15677615467612183, 0.1837882321110061, -0.9703829775209786], [0.393542546717379, 0.8895356970736382, 0.23205712131911946]], "T": [-0.020484347539239167, -0.17868552331178256, 0.03859984439036081], "aligned_model": [[-0.6067640772421501, -0.17155045925548118, 0.5716891968849978, -0.5683114110186092, -0.5921861571752718, 0.19391132368977948, 0.09328409075452311, 0.5239309760967739, 0.07457795231192631, -0.18211978450321134, 0.23421186724196025, -0.525430808916963, 0.4753020125379546, 0.011978097678447354], [-0.6051696666729824, -0.7564234283155402, -0.6651614337371146, -0.057429966850146064, 0.1854496555014271, -0.22005651173252738, 0.3647157994492838, 0.17956163214931958, 0.6031939309379041, 0.2929834098709762, -0.4761446179345068, -0.2645174194896105, 0.12030216891811468, -0.17842146466976191], [0.08165143857760718, -0.28819491913787704, -0.12078258802676216, -0.556976905578392, 0.09042076891774095, -0.6107060746299252, -0.5215273331448624, -0.06459553046121708, 0.1315323359889642, 0.5287944852137382, 0.5931280203878098, 0.5775676305483877, 0.5865487398741247, -0.01467691128565439]], "inverted": false, "swapped": true, "error_lsq": 0.04179047053438354, "error_max": 0.3678429971190434, "target": "416.xyz", "model": "20.xyz", "model_rescale": 4.067790424073018, "target_rescale": 3.826278592314153},
{"mapping": [1, 13, 10, 7, 12, 11, 3, 0, 8, 4, 5, 6, 0, 2, 14], "R": [[-0.0752249582755566, 0.967674500884588, -0.24072238365013873], [-0.34596262723702176, 0.20108441194753918, 0.916446899622106], [0.9352278151379474, 0.15222062806819642, 0.31965264613768724]], "T": [-0.0032325629583991036, -0.033050617205039226, -0.011297926598929526], "aligned_model": [[-0.7394876345417785, -0.07345517608848742, -0.1323286475553635, -0.5764653013456684, 0.30188676017816435, 0.4778512464172018, 0.7763245369384504, -0.017076123042094882, -0.47990720692361694, -0.10117287699340355, -0.3455361899586666, 0.5095803082697741, -0.017076123042094882, 0.3533028848133893, -0.008378671596883495], [-0.26861797673193727, -0.7188957351215469, -0.5292033341054585, 0.37685494206896875, 0.1464719785022986, -0.3470377287751159, 0.28820885559945486, 0.6769819248937841, 0.15192653907050735, 0.045590327111731235, -0.36303796075105216, -0.27331513884374337, 0.6769819248937841, 0.43458837595838484, -0.0678381545613551], [-0.2865098267269895, -0.13298919133256457, -0.6504015989461744, -0.2563399991621558, -0.6907739770796455, -0.30795044403926536, -0.12455911052622182, -0.022260340833529145, 0.2411553011124592, 0.7803432746406032, 0.3385630470746046, 0.46499276346315155, -0.022260340833529145, 0.444682531418957, -0.08093726884621022]], "inverted": true, "swapped": false, "error_lsq": 0.04470587719458494, "error_max": 0.37013366746909276, "target": "416.xyz", "model": "21.xyz", "model_rescale": 4.186013935880536, "target_rescale": 3.826278592314153},
{"mapping": [10, 9, 8, 2, 5, 0, 1, 11, 12, 13, 6, 7, 14], "R": [[-0.7848967787389752, 0.21753877436380648, -0.5801843917010118], [0.04471514330828895, 0.953789823244307, 0.29712880882626114], [0.6180110053098563, 0.20727241669813798, -0.7583538373292602]], "T": [0.05305275974853891, -0.03315394645750358, 0.053959003115224585], "aligned_model": [[-0.015480289771722715, -0.33911084151187726, 0.3306258057408259, 0.3582175074670896, -0.20702725222781998, 0.720834460960334, 0.01524434428739739, -0.6385478191930262, 0.30173149233985824, -0.4425294332888591, -0.3573717368646735, 0.2927867440810718, 0.039201053404627116], [-0.22631216464890844, 0.25931118555671484, 0.25076472913590103, -0.6529831431332372, -0.3519004135671636, -0.41742776627315425, -0.7084251431823437, -0.33103954051224305, 0.6507881633857698, 0.43064354148618433, 0.279648563621773, 0.4298713767694125, -0.09398272909261216], [-0.5951865878928686, -0.495056963810774, -0.5541606196145215, 0.434296950001992, 0.5698440983369423, -0.2215955241340342, -0.054919707354494474, -0.1597788970467837, -0.09837745383240815, 0.04196930361661286, 0.6615378615964299, 0.5198168673945716, 0.054490234074681954]], "inverted": false, "swapped": true, "error_lsq": 0.05256732796694298, "error_max": 0.31593049231404424, "target": "416.xyz", "model": "22.xyz", "model_rescale": 4.166573947596378, "target_rescale": 3.826278592314153},
{"mapping": [12, 9, 14, 6, 13, 10, 7, 5, 2, 4, 3, 8, 1, 0, 15], "R": [[-0.8301451363405971, -0.13453011053199804, 0.5410736566959251], [-0.5063181392607919, 0.5882454865517521, -0.6305625975325381], [-0.2334544805000341, -0.7974138805612433, -0.556444164874355]], "T": [-0.09622196033773238, -0.10225810140214942, -0.0012641095921957328], "aligned_model": [[-0.5765373782948225, -0.02661392145747711, -0.03832248619172855, -0.5793712625072532, 0.28349684728381913, 0.4947478754556179, 0.5563331102099812, 0.20913462298636454, -0.5879982857380713, -0.009363019164869105, -0.34436331123873787, 0.44773131712129594, -0.17341189642338756, 0.36718599205681607, -0.0945864185686256], [-0.21643945121324998, -0.6982822110225637, -0.446870008642856, 0.44178068754736444, 0.13081725159802293, -0.23388108292745613, 0.17297807529816267, 0.586247037410434, 0.19321348340154104, 0.06807971205548496, -0.366109611908903, -0.38484100290730483, 0.577749848644766, 0.4385356545063429, -0.0333195426310801], [-0.4321249616746723, 0.017687089750622016, -0.7111007439678699, -0.22419050977466617, -0.7211964993747755, -0.44213968957009364, -0.10029226007517096, -0.35308794626425005, 0.35039172718351724, 0.7081681049353058, 0.47856388291386137, 0.5263160984707064, 0.198059653434759, 0.3981741785899617, 0.0015266948062546484]], "inverted": false, "swapped": false, "error_lsq": 0.03319400788024424, "error_max": 0.22701304522775728, "target": "416.xyz", "model": "23.xyz", "model_rescale": 4.274766983524099, "target_rescale": 3.826278592314153},
{"mapping": [12, 13, 6, 4, 5, 2, 0, 1, 10, 11, 14], "R": [[0.46494401456769807, -0.06460981287678735, -0.8829794082523663], [-0.8819954331176106, 0.052807210261117926, -0.4682899256914639], [0.07688380373883025, 0.9965124036480755, -0.03243316355498509]], "T": [0.04037213581527577, 0.039702660844301386, -0.04794149121589366], "aligned_model": [[0.358327407096755, 0.25836760341972625, -0.3833645336225989, -0.706865029143011, -0.5083684126850305, -0.5471063536994449, 0.094848103570082, -0.056591699143698077, 0.6034510951476728, 0.24392201246823358, 0.023274510549388838], [-0.14245135502697384, 0.5804411056030434, 0.5889214159514554, -0.09604434758030453, 0.34487942869377886, -0.2693598466216972, -0.7102857381910854, -0.029486212393816512, -0.03441406778235303, 0.6378757439548215, 0.04551040463661443], [-0.6948948726443699, -0.39569640956574703, -0.44069044540632113, -0.2764543767046056, 0.15486212116061843, 0.37787548939923554, 0.27467102683960215, 0.6266592451678711, 0.3273526208502289, 0.41410557160340217, 0.011776463321663093]], "inverted": true, "swapped": true, "error_lsq": 0.04725881334271038, "error_max": 0.3010425489605813, "target": "416.xyz", "model": "24.xyz", "model_rescale": 3.7841303162186577, "target_rescale": 3.826278592314153},
{"mapping": [2, 9, 12, 4, 3, 13, 11, 6, 1, 0, 8, 10, 6, 7, 15], "R": [[0.5267400048553237, 0.7863660527509134, 0.3227590407191737], [0.8424701411388492, -0.5334758731818319, -0.07515020972937778], [0.1130885872866975, 0.3114994764262529, -0.9434930034778579]], "T": [0.004900491470510919, -0.09251829722763766, 0.02652278426827841], "aligned_model": [[-0.6245541922677096, -0.06850678274488456, 0.004752464716014458, -0.5165723191127375, 0.08808231628066238, 0.5385899378279674, 0.6874832130660572, 0.0647803060385538, -0.5660141658830855, -0.13306412166676612, -0.4918639610182631, 0.5170886293348721, 0.0647803060385538, 0.3488281764801379, 0.014251978439549243], [-0.4049728816035022, -0.6711041184857423, -0.5172678059613964, 0.33384938388499086, 0.32505865161888475, -0.1811458155398453, 0.2390907172666782, 0.6130527406458122, 0.23279220421579322, 0.12068781031872536, -0.22537445739040554, -0.44841613397173957, 0.6130527406458122, 0.22950410781558245, -0.029148304250943113], [-0.24725077499145748, -0.01809255006279994, -0.6017763000432031, -0.29438382392700724, -0.6573720639696895, -0.5385619307219003, -0.08985530150396394, -0.11704033970340395, 0.37475535809308974, 0.7170579901617963, 0.3181254301568172, 0.4915551987396843, -0.11704033970340395, 0.4746532097409952, -1.8942882062944477e-05]], "inverted": false, "swapped": false, "error_lsq": 0.04799062734621749, "error_max": 0.43984880428426415, "target": "416.xyz", "model": "25.xyz", "model_rescale": 4.19342608120988, "target_rescale": 3.826278592314153},
{"mapping": [0, 10, 1, 7, 2, 3, 5, 12, 11, 8, 13, 14], "R": [[0.11888693453237971, -0.30997263415489934, 0.943283023738139], [0.6583900807362005, 0.7357364632075989, 0.15879029660200553], [-0.7432283622048294, 0.602170094559541, 0.29155236036170334]], "T": [-0.019309857974193288, 0.08161947885772852, -0.08555360910711135], "aligned_model": [[-0.29367652221817, 0.4895287065906694, 0.09113117229337786, -0.5226537662945593, -0.4977038046192984, -0.5389892073147362, -0.19623740479446902, -0.09469050674153975, 0.6242790266267344, 0.21071087647850878, 0.33537592318903936, -0.009265938563776032], [-0.6381742675206126, -0.32292235099363453, -0.47480850738727226, 0.5389142127515492, -0.37084450030240285, -0.009535431305098013, 0.17671436556713505, 0.43548265322422347, 0.0663540280576664, -0.08892387195084583, 0.6597967971577925, 0.04072330044248021], [0.19039740608010985, 0.1165010804419131, -0.4695665176872782, 0.07697275556648414, -0.5195885034644128, 0.3431035406425597, -0.7140692891774798, 0.564002338748139, -0.5308528248411191, 0.581882914449954, -0.05793915606756897, -0.1315852834818803]], "inverted": false, "swapped": true, "error_lsq": 0.04543992464186541, "error_max": 0.25444917308795, "target": "416.xyz", "model": "26.xyz", "model_rescale": 3.795458400668931, "target_rescale": 3.826278592314153},
{"mapping": [10, 1, 11, 13, 6, 3, 0, 12, 2, 5, 7, 4, 14], "R": [[-0.4940015209883975, 0.8575023421044872, -0.1437088394861954], [-0.7517511107178532, -0.3382033133403057, 0.5661172903030904], [0.4368440966702245, 0.38769608217127793, 0.8117012893136352]], "T": [-0.10801476218289037, -0.15846989129072797, -0.12707048833605583], "aligned_model": [[0.07046070419487276, 0.4233656907483521, 0.567184558021961, -0.13159416095643064, -0.06237497530223658, -0.6820992493203513, -0.2629144789219563, -0.7894589738410432, 0.1651434895458454, 0.3126578762436179, -0.6057208621292166, -0.25188742986586693, -0.05308580559629089], [-0.8076754671360332, -0.38325833538709436, -0.29047506930449263, 0.010336985411092403, 0.563210421487356, -0.15547947395491488, -0.6219001749908556, -0.22351329192439195, 0.034285766308900734, 0.32783035909812996, 0.3325848385297836, 0.5027228774640075, -0.16678793234457343], [-0.22744729167864874, 0.24222642289222868, -0.5004491016440206, -0.7841867817760786, -0.4625407299484001, 0.23699112024357905, 0.5292583289959042, -0.4172901641112494, 0.5872127440862718, 0.02100027902687715, -0.12056869616944438, 0.2866124190528473, -0.09868188687044022]], "inverted": true, "swapped": true, "error_lsq": 0.04989681762658481, "error_max": 0.28623484193159826, "target": "416.xyz", "model": "27.xyz", "model_rescale": 3.6321398670334006, "target_rescale": 3.826278592314153},
