[{"mapping": [3, 0, 4, 11, 10, 1, 12, 9, 13, 5, 8, 7, 2, 14], "R": [[-0.08884458664822963, 0.17643581470385405, -0.9802943653378269], [-0.2327485214529309, 0.9532620223195098, 0.19266458565287298], [0.9684703223046023, 0.24527926959510038, -0.043626995336766984]], "T": [-0.07136507407017002, 0.15375133777533068, 0.01931959394165815], "aligned_model": [[0.2730523906780441, 0.2139240289499409, -0.4351629034979821, -0.5890834326616645, -0.499729861401591, -0.05192023841480178, -0.7385681455447667, -0.0951722230445731, -0.41609935875162396, 0.2155760913516655, 0.6282111671013478, 0.32300520780640896, 0.5776129859950111, -0.034153607437111475], [-0.5899628125430767, -0.4363336769022599, -0.3886761391384601, -0.2673808860642192, 0.07979403651856834, -0.037608053888391585, 0.3269786028946404, 0.5810448534353349, 0.7799964660964032, -0.05594008879466611, 0.44544499338295407, 0.7180641018686442, -0.11174044580388781, 0.19159238074845125], [0.2127201221153896, -0.3405681492829494, 0.23355727714388475, -0.23095406407912022, 0.6011026198253913, -0.6733466739096782, -0.10603504412736657, 0.7682867616151141, 0.08043151076799379, 0.5959648090551839, 0.5271664203208418, -0.008278457985222809, 0.14673192066502655, 0.09080903505534464]], "inverted": false, "swapped": true, "error_lsq": 0.04870520563710417, "error_max": 0.3520762201463144, "target": "417.xyz", "model": "0.xyz", "model_rescale": 3.8414455957264533, "target_rescale": 4.245278500839101},
{"mapping": [13, 13, 7, 0, 1, 4, 9, 6, 2, 5, 3, 11, 12, 10, 14], "R": [[0.5599216504255254, 0.6965603830513634, 0.4486550770336761], [-0.8127896952144855, 0.5668753172376618, 0.13425828115927985], [-0.16081248937162712, -0.4398363416886313, 0.8835628646520078]], "T": [0.06364668657824753, 0.03204137067781, -0.11522975135022448], "aligned_model": [[-0.5104657912566738, -0.5104657912566738, 0.08691747460118841, 0.26839287947284474, 0.6000463518992408, 0.5539932079375482, -0.40318963272497305, -0.07911499280439453, 0.3928472712877748, 0.417811438640215, 0.7780871748075663, -0.07671285361861326, -0.32216230055168543, 0.018467686916797746, 0.10717842430201711], [-0.4592775533250949, -0.4592775533250949, -0.15754463061977358, -0.6210286752733746, -0.41168254406617516, -0.04303565828683523, 0.10335856315962862, 0.7939713863289519, 0.5057764862757959, 0.5606171452712455, 0.08324769548067847, -0.6084568648221825, -0.09732533683911475, 0.4274619042842218, 0.014091830272916803], [-0.17725860230044357, -0.17725860230044357, -0.7288017688607249, -0.35417719553754556, 0.3984650779955077, -0.3382565738646151, -0.6076598367728905, -0.21067045510570181, -0.5754544170241744, 0.05651937933848741, 0.20151870266161723, 0.4291291485743527, 0.5302973389434971, 0.4415312027426441, -0.038765374825005194]], "inverted": true, "swapped": false, "error_lsq": 0.05185816085714547, "error_max": 0.36758507640213955, "target": "417.xyz", "model": "1.xyz", "model_rescale": 4.316132596720782, "target_rescale": 4.245278500839101},
{"mapping": [0, 1, 11, 5, 4, 2, 10, 8, 12, 6, 13, 14], "R": [[-0.776488433875828, 0.3953066770249418, 0.4907120776550772], [0.47726604025368513, 0.8774262398312875, 0.04837685889034139], [-0.4114399578038478, 0.2717642816026906, -0.8699777792376894]], "T": [0.05273227711679739, 0.05065695587478874, -0.03834090427227499], "aligned_model": [[-0.1862719646630307, 0.38984733389918624, 0.12463019625974794, -0.5723039848515312, -0.3213753284810099, -0.42873470382336476, -0.24241139020155095, -0.3400605324044035, 0.47888020408326104, 0.1415242216624516, 0.5377732039578491, 0.01631129919417621], [-0.607352789544103, -0.556435239429702, -0.46138815298686514, 0.3046737281320673, -0.22680131035331064, -0.0161707140522701, 0.3613781361824036, 0.653371960252501, 0.049907347929451645, -0.1471591889719359, 0.529599083649796, 0.12915356693294774], [0.22435574952709775, 0.1476042003195214, -0.5289140877949665, 0.0219134029644579, -0.5438452299183357, 0.48282693759019857, -0.6246685655600811, 0.522773110241026, -0.5944692992328106, 0.6212582125310318, -0.26219150554558274, -0.017384463912135405]], "inverted": false, "swapped": true, "error_lsq": 0.050601200873747504, "error_max": 0.2720346580658561, "target": "417.xyz", "model": "2.xyz", "model_rescale": 3.795458400668931, "target_rescale": 4.245278500839101},
{"mapping": [13, 7, 9, 3, 12, 4, 5, 1, 2, 0, 10, 14], "R": [[0.7621421028014992, 0.6298997561349247, 0.1495517046324507], [-0.335808218916293, 0.5821230653027689, -0.7405171010522146], [-0.5535090380884277, 0.5141585689878861, 0.655186012282583]], "T": [0.11928044823414949, -0.028679416466166934, -0.04947476399488316], "aligned_model": [[-0.2534308512265794, -0.07057878352800331, -0.7399151388096852, 0.3195209480282335, 0.08323490411566126, 0.1370252050316983, -0.26731537265922256, 0.8215231486312919, 0.19331522780675908, 0.7342598999306155, -0.4070094773023136, 0.042674115725109776], [-0.030674318806524697, -0.6481173679969175, -0.10534468200843454, 0.06940487365854599, 0.4403214599905099, 0.5818008837833116, -0.08560318945294045, -0.05551959979932751, -0.43647898170359606, -0.03824135911346148, 0.4626701401537699, -0.0684488134152258], [-0.6625340284855574, -0.28397116851802195, -0.051405407387200265, 0.7625727136677487, -0.5687245168916358, 0.2659188629616685, 0.5038142981061635, -0.20086126051371034, 0.5302757656304908, 0.3757525020832655, 0.04556254514907975, -0.027628875163190635]], "inverted": true, "swapped": true, "error_lsq": 0.052827169941649176, "error_max": 0.26999966966178096, "target": "417.xyz", "model": "3.xyz", "model_rescale": 3.7530521520055578, "target_rescale": 4.245278500839101},
{"mapping": [13, 1, 11, 0, 10, 6, 9, 7, 8, 2, 14], "R": [[0.4616659044703536, -0.8850864655408053, -0.05904694036151131], [-0.4315144259742585, -0.1659246508438131, -0.8867154619259019], [0.7750225111734994, 0.43484590231350256, -0.45852933212116226]], "T": [-0.012552314641343078, -0.13214403583690001, -0.08370620390262186], "aligned_model": [[-0.5531094610162914, 0.007822748879455717, 0.40671086007011853, 0.4319863740764591, 0.25362210501765664, -0.21748193297040236, -0.24632240268244568, -0.6170827704264202, -0.27264686732127985, 0.18223250558542858, -0.037531556767073954], [-0.6037314170495485, 0.21954008406293793, -0.38550327308457566, 0.40442965389218644, -0.7357777140212126, 0.5273661093969285, -0.5652299907862738, 0.09683510220233418, 0.20236749438320747, 0.44503780553486083, -0.1381304962164987], [-0.09646032256556157, -0.7103530052408822, -0.6014407303830954, -0.3549688336471997, 0.21996322742358548, -0.15537524415768433, 0.624733242121538, 0.15472607115112047, 0.7242872148904045, 0.2861752722421432, 0.0015438854109480343]], "inverted": false, "swapped": true, "error_lsq": 0.05036227142621634, "error_max": 0.2739426831750274, "target": "417.xyz", "model": "4.xyz", "model_rescale": 3.7855080009869324, "target_rescale": 4.245278500839101},
{"mapping": [0, 1, 3, 5, 7, 10, 2, 14, 9, 15, 8, 4, 6, 13, 16], "R": [[-0.32956201634421906, -0.9180816647746783, 0.22026105917226532], [-0.8431919935062986, 0.18124911165649804, -0.5061383423636316], [0.4247542106560064, -0.3525263342337503, -0.8338519318210562]], "T": [0.026916132403259706, 0.03192441233860657, 0.0018352311540625887], "aligned_model": [[-0.335471820465864, -0.67267293096815, 0.10503447141907768, 0.2909900261992549, 0.46683700644888065, 0.7185641452245809, -0.35247665253058175, -0.14823744041888115, 0.2681247572682806, 0.5346993355443926, 0.5718967920163696, -0.16582415862833563, 0.033663161899854264, -0.011386160899197535, 0.01789001554249857], [-0.5617126873665242, -0.25717617540959403, -0.1319774227130768, -0.6401977980701083, -0.5185532693879206, -0.03916568197910729, 0.14742190871029237, 0.6213351684722073, 0.32388948972910536, 0.6797367437024782, 0.2617480810217584, -0.6428714002981613, -0.19310232269503488, 0.5101231454811608, 0.07139841531831821], [-0.35135572115009817, -0.00816134646673071, -0.6685753288577416, -0.363705406135457, 0.2564200271962337, -0.2161865542814777, -0.6214681706100447, -0.2803235628157965, -0.6010651023374094, -0.04075007883063034, 0.38326285983910807, 0.2352930974303742, 0.6145297016530494, 0.544722461455188, -0.0334788524240052]], "inverted": true, "swapped": false, "error_lsq": 0.04257296563984689, "error_max": 0.2692460235167712, "target": "417.xyz", "model": "5.xyz", "model_rescale": 4.2253639853439635, "target_rescale": 4.245278500839101},
{"mapping": [7, 1, 3, 2, 0, 4, 5, 8, 12, 13, 11, 10, 9, 14], "R": [[0.07118194173786671, 0.9476086689568564, -0.3114015762455963], [-0.07754437240048029, 0.31650587159222376, 0.945415730542211], [0.9944445693347834, -0.04314908765503325, 0.09601122202688431]], "T": [0.031941939766375195, 0.0206203026791763, -0.08814857687021534], "aligned_model": [[0.6736278139408158, -0.3353582056804443, -0.3614717842341864, 0.15508402876027805, -0.43627887438066076, -0.5186168094981246, 0.17394662688655402, 0.75914437775524, -0.17532758557596337, 0.4082489590470268, -0.636381439423621, -0.04564407749540219, 0.6100006476868571, 0.10308847496941415], [-0.035834327506424964, -0.06541115776919854, -0.6577390181932655, -0.6783166882642899, -0.5081217314627208, 0.05441780462651926, -0.3548818064873866, -0.457107215964718, 0.6889165790255084, 0.6304416807194217, 0.2662750995935321, 0.33110804192991855, 0.22665904941868592, 0.004692836969407935], [-0.3326697028119172, -0.7000899694876278, 0.21875884444570104, -0.0232223171272323, -0.3337305694986415, 0.3219940882863556, 0.4574320915476537, 0.18635741051478816, -0.12421573835065272, -0.1237894001506401, -0.1200724591348874, 0.5637834259809469, 0.5180646794674278, -0.03704217474982607]], "inverted": false, "swapped": true, "error_lsq": 0.049737406538742264, "error_max": 0.2747980586425366, "target": "417.xyz", "model": "6.xyz", "model_rescale": 3.89814844738969, "target_rescale": 4.245278500839101},
{"mapping": [5, 3, 4, 8, 10, 0, 2, 9, 7, 1, 11, 13, 14], "R": [[-0.706957136990179, 0.10650962526742236, -0.699190464883527], [0.5120312427279616, 0.7590429363295117, -0.402091814488597], [0.48788893503451014, -0.6422690406158982, -0.591147076908298]], "T": [-0.09994039775044034, 0.16277453164160924, 0.11953343321409872], "aligned_model": [[0.06967355599798367, -0.14495190863762747, 0.3849034704623524, -0.3558960780226643, 0.6037191187907529, -0.4672677272976474, -0.4828192239296899, 0.33256882033265, -0.4938918005807555, -0.5247381301563554, 0.19529747952949467, 0.1205891998890975, -0.08855497547336848], [-0.2686366110327907, 0.25313496404705416, 0.4742788299413808, -0.683833832880626, 0.0014537421852941212, 0.5878036253760361, -0.09966661612911085, -0.574869504890994, -0.30559020861667285, 0.7388161167758815, 0.8096226961001388, -0.043594413546430594, 0.07486247814132511], [-0.37437036670459173, -0.7164969776253931, -0.2551206858190822, -0.10438948176823622, 0.040309381870363134, -0.37395444608931633, -0.42122599482714185, 0.23317936917845844, 0.4360381404571753, 0.1866605944043417, 0.07010064415980012, 0.7703313351666314, 0.1112135184332867]], "inverted": true, "swapped": true, "error_lsq": 0.03893381520814239, "error_max": 0.21755771099587332, "target": "417.xyz", "model": "7.xyz", "model_rescale": 3.7474275329858107, "target_rescale": 4.245278500839101},
{"mapping": [5, 3, 7, 9, 8, 11, 6, 0, 10, 12, 4, 8, 2, 1, 14], "R": [[-0.5174149327053328, -0.5619590030003623, -0.645355612325774], [0.20515190475234216, -0.8136203591954569, 0.5439987197403515], [-0.8307794432880617, 0.14907712785499458, 0.5362662832590576]], "T": [0.18128300757825705, 0.08220990187116646, -0.058575722060353705], "aligned_model": [[-0.1657543141863585, -0.4929517208284426, 0.16071315596034175, 0.4795027757639754, 0.09277651768531026, 0.6646486405160116, -0.4446750651954942, -0.3368151312711914, 0.17600900804478237, 0.610272312073342, 0.46639747157848604, 0.09277651768531026, -0.10750300777184435, -0.07212301306746693, 0.19835640066541788], [-0.4744334245472008, -0.14460820862409507, -0.15620033998835547, -0.5417383115561697, -0.5213745116834139, 0.019613588602276286, 0.05802261583389541, 0.4789207451781781, 0.4756625582642057, 0.5248885072278905, -0.2758897370154382, -0.5213745116834139, 0.008701448735578501, 0.6118082507020763, 0.08889752506978016], [-0.3462122435214248, 0.031399901006760544, -0.696239481188092, -0.3780972970947953, 0.2464861943063526, -0.4444763855084668, -0.5825314117148003, -0.15027121240932728, -0.7069818847349878, -0.08400105957246098, 0.5760109441190352, 0.2464861943063526, 0.7286908404873454, 0.41058608122922075, -0.0016911560461504577]], "inverted": true, "swapped": false, "error_lsq": 0.05078231145500227, "error_max": 0.36846471550109866, "target": "417.xyz", "model": "8.xyz", "model_rescale": 4.019505241142653, "target_rescale": 4.245278500839101},
{"mapping": [1, 13, 7, 6, 0, 2, 8, 11, 4, 10, 9, 5, 14], "R": [[0.20544048924909647, -0.38640684809726566, -0.8991573572632485], [0.6114039317250647, 0.7680756878377091, -0.19038111782359857], [0.7641854733297571, -0.5106363534807987, 0.3940445112618732]], "T": [-0.07998792307614218, -0.156048835424048, -0.0012352733102271498], "aligned_model": [[-0.051079411919106296, -0.7143991746201428, -0.10302250633549771, 0.3003348748959513, 0.44300272761086107, 0.6107096166886509, 0.37709055910755584, -0.27925720171793417, -0.01878053391552338, -0.29351690784831536, -0.24334951229164004, 0.354423604402115, -0.062455362315798325], [-0.8030926584382179, 0.14626435462907109, 0.23997822272572197, -0.2877504971052196, -0.6899613509386339, -0.028598326169510718, 0.593281369523046, -0.7250972648346041, -0.3845549146414261, 0.14723652676664487, 0.6647556438747686, 0.25967363779829655, -0.06875651507587847], [-0.3131353632630268, -0.1457636552743971, -0.5645916832351641, -0.5670050790784543, -0.024204592918016736, -0.1220060762748676, -0.25020115465827525, 0.37889258972111783, 0.6441427868871645, 0.6231531669928706, 0.20778947415322446, 0.310673176328173, -0.0010400953364695757]], "inverted": false, "swapped": true, "error_lsq": 0.0486704928410998, "error_max": 0.3355779420449749, "target": "417.xyz", "model": "9.xyz", "model_rescale": 3.877068213659057, "target_rescale": 4.245278500839101},
{"mapping": [1, 5, 4, 7, 8, 2, 3, 6, 13, 14, 9, 0, 11, 10, 15], "R": [[-0.8668041883119764, 0.3140188537489595, 0.3873534027409668], [0.4693512065268894, 0.2514458710367625, 0.8464540264363548], [0.16840410938147926, 0.9155146822573376, -0.3653394620276837]], "T": [0.0492281026442099, 0.04358083448497267, -0.08807022659867578], "aligned_model": [[-0.21537782388031185, -0.6062556798549794, 0.07426062309729434, 0.402958884051082, 0.42191968320243467, 0.6517326821881142, -0.39024830960341483, -0.2574523304184801, 0.29667805328713837, 0.5768078276937496, 0.6299244461616831, -0.3718847832980481, -0.04752334762998278, 0.1574692259702741, -0.0013786033143736165], [-0.7700866343847425, -0.3440858282340576, -0.21528052015320437, -0.6274561978262223, -0.5052666963070311, 0.014164791616782788, 0.1649171588507169, 0.5785403275005572, 0.6134779473319568, 0.6085496217272358, 0.0824334578723499, -0.4431923016986388, -0.03014660874880655, 0.5120235581239653, -0.007695881155068564], [-0.2324155207882865, -0.2642831992748519, -0.7129340931645262, -0.3895174109760995, 0.3058717863075776, -0.36461730396545067, -0.5295442600316647, -0.07970195713375512, -0.5480966374265275, 0.021435251790507953, 0.22326164485204555, 0.38041871331041555, 0.6398437087314253, 0.43351970174606547, -0.034082400312313375]], "inverted": false, "swapped": false, "error_lsq": 0.04358659244721425, "error_max": 0.3006075225787635, "target": "417.xyz", "model": "10.xyz", "model_rescale": 4.260839863003843, "target_rescale": 4.245278500839101},
{"mapping": [9, 12, 11, 10, 3, 5, 8, 7, 1, 0, 6, 14], "R": [[-0.5632847520794954, 0.826016361908624, 0.020180632645744156], [0.25210327650796494, 0.19507341445714121, -0.9478345324717712], [-0.7868635371198045, -0.5288131360237502, -0.3181233111861445]], "T": [0.059577975978053366, -0.09088752891364606, -0.02554064523588421], "aligned_model": [[0.19202908100662164, 0.14503186675041205, -0.3339497924080395, -0.28405005609933753, -0.6322987457906357, -0.28159072291350573, 0.2771647592379747, 0.658998761405095, 0.12462889866310234, -0.3107769146538887, 0.327257737681129, 0.07645377621520301], [0.11273214815303335, -0.7702164170861825, -0.6382783045430626, -0.29602289008041477, 0.3388940965483538, 0.3830045672758876, 0.7206889457764741, 0.23985862641368627, -0.29290018221708386, 0.09030242410152049, 0.3191431435064439, -0.0341276523157218], [-0.8532447463542405, -0.17417208032751866, 0.20580495541972568, -0.631574325661905, 0.18831034960666776, -0.368841724420987, -0.3810685941751674, -0.1032591768124877, 0.6612943730864214, 0.5982516603304288, 0.4667078939343549, -0.0920305072297872]], "inverted": false, "swapped": true, "error_lsq": 0.05188796219056333, "error_max": 0.299016499538241, "target": "417.xyz", "model": "11.xyz", "model_rescale": 3.890672605050136, "target_rescale": 4.245278500839101},
{"mapping": [2, 0, 3, 8, 5, 13, 1, 9, 7, 12, 4, 11, 10, 14], "R": [[-0.6459622231519025, 0.05185054483793542, 0.7616064123027467], [-0.26983039403599873, 0.9177754669294412, -0.2913412960032], [-0.7140898855991659, -0.39370002959417694, -0.5788574280274158]], "T": [-0.02937675077319868, -0.05285327972380858, 0.043974434795419806], "aligned_model": [[0.5862839949849108, 0.1365815037100982, 0.5875078867394532, 0.6734245483699305, 0.6109930667799827, -0.44133132803912306, -0.39737987412138487, 0.2902827960233718, 0.025448301666308126, -0.6241316766710985, 0.04959446719490754, -0.3972331784172729, 0.08082868019664291, 0.029006646376967787], [-0.12180838046189327, 0.3243652893985825, 0.4449211120029777, -0.6279128058076756, 0.010259163845959686, -0.4409419230912319, 0.09039328685053433, -0.4007080684253485, -0.7369191381258227, 0.10607927039007584, 0.6018908326584131, 0.5566200269677671, 0.22799116824742996, -0.10207731462200335], [-0.30830294286297005, -0.5799433430010507, -0.24029988808163533, 0.13216389210039253, 0.25556069885214927, 0.48492793043615706, -0.5567228262282303, 0.7657175797156833, -0.01756077796872106, 0.37847171712481165, 0.2377472588568877, 0.008682937955612105, 0.7045943873169823, 0.08975381114079257]], "inverted": true, "swapped": true, "error_lsq": 0.05511410651736088, "error_max": 0.3314401288701673, "target": "417.xyz", "model": "12.xyz", "model_rescale": 4.124412569039231, "target_rescale": 4.245278500839101},
{"mapping": [11, 3, 5, 1, 10, 12, 0, 13, 2, 6, 9, 8, 14], "R": [[-0.7960146822611541, -0.5855086768197616, -0.1534282079457561], [-0.323426659078215, 0.19719241561369882, 0.9254784424404162], [-0.5116207793103973, 0.7863172010030092, -0.34633717326416963]], "T": [0.06789150259406493, -0.011132989472237745, -0.04584836149156652], "aligned_model": [[-0.2677946433240729, -0.09640683100367095, 0.47319639652285794, -0.6402361484458206, 0.6167630248425409, 0.1024132524736346, -0.5299100070887143, 0.4160094478378481, 0.00025489226433346446, -0.33711483210602433, 0.9225925909104286, 0.5638948317940212, 0.14363633283239602], [-0.3383774337776322, 0.6668847107372438, 0.49956875960873803, -0.12165832876609933, -0.16231196387306246, -0.6888152946612177, 0.38027628182792206, -0.559861562733927, 0.6925410126019984, 0.33982266113214155, 0.008717880883793744, 0.6053235942729442, 0.02537505925563422], [0.4910384401600461, 0.42578279469401564, 0.13782824928652848, -0.10172730419258894, 0.40506463721756925, 0.12861180952253698, 0.1744730444898783, -0.3499374984963874, -0.13618383814960316, -0.4873075686982769, -0.16069756565557503, -0.5001197371874126, -0.0751273820228918]], "inverted": true, "swapped": true, "error_lsq": 0.05187714615914556, "error_max": 0.3257327158487993, "target": "417.xyz", "model": "13.xyz", "model_rescale": 3.9028299243045295, "target_rescale": 4.245278500839101},
{"mapping": [11, 1, 9, 14, 13, 10, 6, 3, 7, 4, 5, 12, 8, 0, 15], "R": [[0.3748351454531369, -0.35906004035825584, 0.8547365097800924], [-0.4790053117497677, -0.8643677401507761, -0.15304352682210587], [0.7937584803002952, -0.3520572356940963, -0.49598707417310595]], "T": [0.0005342357118871405, 0.01865147408847156, 0.0038620547678725747], "aligned_model": [[-0.21349905114514062, -0.5696615261659741, -0.0005532161930141416, 0.4045902741574531, 0.550551822004743, 0.6836039540659905, -0.4327371757737402, -0.14876892032737243, 0.3596852930658355, 0.45989766482129957, 0.36004574047203675, -0.049320284149229426, -0.05640519061455136, -0.041213896480706794, 0.0154150599145507], [-0.6141340721995204, -0.2502092237274889, -0.14125049065708706, -0.635073741390715, -0.51422113985221, 0.005572975151115, 0.18829811742416339, 0.6072174743485208, 0.36989378840666365, 0.5121507660320477, -0.03567043488180972, -0.5854628679716769, 0.015425702627032214, 0.6874978770997378, 0.020861464107020774], [-0.31177839394570894, -0.15358467923841365, -0.7546072165823432, -0.4348094775035064, 0.21875454853124374, -0.293790955937825, -0.47353103550828746, -0.13751713808862717, -0.7499730137127016, 0.07319431804219234, 0.36428186804964835, 0.3456231958116396, 0.7740923162388945, 0.49183540637843903, -0.10903171887008195]], "inverted": false, "swapped": false, "error_lsq": 0.03928485971553739, "error_max": 0.26116413028785906, "target": "417.xyz", "model": "14.xyz", "model_rescale": 3.942246331269136, "target_rescale": 4.245278500839101},
{"mapping": [1, 5, 12, 1, 0, 12, 3, 4, 13, 11, 8, 2, 7, 6, 14], "R": [[-0.8023451785661412, -0.027551468765750375, 0.5962240610714373], [0.5712947636105692, 0.2537785952404157, 0.780524642576354], [-0.17281350497808606, 0.9668698677519385, -0.18787802247878244]], "T": [-0.032004889931196684, 0.1494999199768586, 0.016530526673682003], "aligned_model": [[-0.07556350855646352, -0.48476815680908736, 0.38453451233253555, -0.07556350855646352, 0.29920732180035137, 0.38453451233253555, -0.3364209239522691, -0.18587796410645085, 0.4803531677250995, 0.32491393561883064, 0.6473941332400551, -0.21271811286081763, 0.07917942713012904, 0.09180649932864138, 0.0006192129855540213], [-0.5254423299886409, -0.29225671465491365, -0.15518194665061977, -0.5254423299886409, -0.45491643203566634, -0.15518194665061977, -0.03441121308942266, 0.5568814254394902, 0.4711929304497935, 0.7654653920224713, 0.13663926294559806, -0.4901597895696256, -0.12690014780991013, 0.4032153133011247, 0.05739472079537575], [-0.42978443132748795, -0.03481202988503421, -0.6172992175580923, -0.42978443132748795, 0.27284444960418724, -0.6172992175580923, -0.6080137102429709, -0.37593267284120413, -0.5265465159941551, 0.10200867518056443, 0.38679056651387916, 0.39179857178381755, 0.8179171738647338, 0.4993230581178652, 0.01794775533403971]], "inverted": false, "swapped": false, "error_lsq": 0.059616443982752385, "error_max": 0.41658207070623215, "target": "417.xyz", "model": "15.xyz", "model_rescale": 4.355366556412066, "target_rescale": 4.245278500839101},
{"mapping": [0, 1, 11, 5, 4, 2, 10, 8, 12, 6, 13, 14], "R": [[-0.776488433875828, 0.3953066770249418, 0.4907120776550772], [0.47726604025368513, 0.8774262398312875, 0.04837685889034139], [-0.4114399578038478, 0.2717642816026906, -0.8699777792376894]], "T": [0.05273227711679739, 0.05065695587478874, -0.03834090427227499], "aligned_model": [[-0.1862719646630307, 0.38984733389918624, 0.12463019625974794, -0.5723039848515312, -0.3213753284810099, -0.42873470382336476, -0.24241139020155095, -0.3400605324044035, 0.47888020408326104, 0.1415242216624516, 0.5377732039578491, 0.01631129919417621], [-0.607352789544103, -0.556435239429702, -0.46138815298686514, 0.3046737281320673, -0.22680131035331064, -0.0161707140522701, 0.3613781361824036, 0.653371960252501, 0.049907347929451645, -0.1471591889719359, 0.529599083649796, 0.12915356693294774], [0.22435574952709775, 0.1476042003195214, -0.5289140877949665, 0.0219134029644579, -0.5438452299183357, 0.48282693759019857, -0.6246685655600811, 0.522773110241026, -0.5944692992328106, 0.6212582125310318, -0.26219150554558274, -0.017384463912135405]], "inverted": false, "swapped": true, "error_lsq": 0.050601200873747504, "error_max": 0.2720346580658561, "target": "417.xyz", "model": "16.xyz", "model_rescale": 3.795458400668931, "target_rescale": 4.245278500839101},
{"mapping": [5, 3, 4, 8, 10, 0, 2, 9, 7, 1, 11, 13, 14], "R": [[-0.706957136990179, 0.10650962526742236, -0.699190464883527], [0.5120312427279616, 0.7590429363295117, -0.402091814488597], [0.48788893503451014, -0.6422690406158982, -0.591147076908298]], "T": [-0.09994039775044034, 0.16277453164160924, 0.11953343321409872], "aligned_model": [[0.06967355599798367, -0.14495190863762747, 0.3849034704623524, -0.3558960780226643, 0.6037191187907529, -0.4672677272976474, -0.4828192239296899, 0.33256882033265, -0.4938918005807555, -0.5247381301563554, 0.19529747952949467, 0.1205891998890975, -0.08855497547336848], [-0.2686366110327907, 0.25313496404705416, 0.4742788299413808, -0.683833832880626, 0.0014537421852941212, 0.5878036253760361, -0.09966661612911085, -0.574869504890994, -0.30559020861667285, 0.7388161167758815, 0.8096226961001388, -0.043594413546430594, 0.07486247814132511], [-0.37437036670459173, -0.7164969776253931, -0.2551206858190822, -0.10438948176823622, 0.040309381870363134, -0.37395444608931633, -0.42122599482714185, 0.23317936917845844, 0.4360381404571753, 0.1866605944043417, 0.07010064415980012, 0.7703313351666314, 0.1112135184332867]], "inverted": true, "swapped": true, "error_lsq": 0.03893381520814239, "error_max": 0.21755771099587332, "target": "417.xyz", "model": "17.xyz", "model_rescale": 3.7474275329858107, "target_rescale": 4.245278500839101},
{"mapping": [1, 6, 0, 7, 12, 10, 11, 3, 13, 4, 9, 8, 5, 14], "R": [[-0.5092420018376764, -0.85568174456779, 0.09209416690420252], [0.3381999449034827, -0.29736815910754216, -0.892856637549541], [0.7913869981441679, -0.42353385928685156, 0.440823875494452]], "T": [0.06007940148299274, -0.10929697193196612, -0.03779997304197797], "aligned_model": [[0.6760551132205168, 0.19685255068877436, 0.6595469998131327, -0.381112077929566, 0.1617993509391254, -0.21707898374718637, 0.624647229340125, 0.3611144795022197, -0.3410445563487242, 0.3484390997392293, -0.7551491884264602, -0.6343170073399708, -0.2614319320518041, -0.023473429516535547], [-0.19498943322925072, 0.21353990085865687, 0.32644782361664615, -0.10622179994340424, -0.7675585690895671, -0.23859108238662569, -0.36821376520334703, 0.617809875389545, -0.6991897976437476, -0.04503889548816005, -0.1365732417176801, 0.4385452979101307, 0.3994687165505097, -0.07902678811247259], [-0.39837423953493933, -0.6370959689313423, -0.13717027180858293, -0.5670249622735951, 0.17951576693429083, 0.6209137926707534, 0.31183814643094493, 0.2619189053848345, -0.11451619548604614, 0.5828398559608181, 0.2428362655677142, -0.2615922423116016, 0.2730269362428435, -0.032321070184437015]], "inverted": false, "swapped": true, "error_lsq": 0.05241453545521983, "error_max": 0.3501253198102095, "target": "417.xyz", "model": "18.xyz", "model_rescale": 3.922800546911778, "target_rescale": 4.245278500839101},
{"mapping": [1, 6, 5, 0, 2, 3, 8, 13, 12, 7, 9, 2, 10, 11, 14], "R": [[0.23085021757165677, 0.9729756927032798, -0.005145722076806525], [0.13881677201460862, -0.027700562827877723, 0.9899305948532264], [0.9630358668578045, -0.2292400057310936, -0.14146002586541997]], "T": [-0.029148713993682726, 0.023250807034243082, -0.13964069998993228], "aligned_model": [[-0.26993402763684893, -0.6516718978592967, 0.08159646038856629, 0.4943222225798452, 0.2474334401474501, 0.5972062209204602, -0.4931546185400303, -0.17264247824026768, 0.35572780670683646, 0.5611815978116695, 0.4962644324173377, 0.2474334401474501, -0.22952640228109206, 0.008654981362920228, 0.048739369727179335], [-0.6685232915365962, -0.2188641419154828, -0.18464293978215637, -0.5438866497744296, -0.47267589004736704, -0.023848893715418127, 0.13557663407962126, 0.694631429306981, 0.4497778233952454, 0.5346533686469092, -0.0627946304130829, -0.47267589004736704, -0.10418295603397772, 0.495681053873977, 0.07267116847893686], [-0.24666431054438132, 0.032443607714176204, -0.8656223916126613, -0.46022753584615156, 0.29703765523294984, -0.2605140108699505, -0.5223574139525138, -0.16135121539611047, -0.6768174052687048, 0.028253796639510997, 0.4762167463301992, 0.29703765523294984, 0.6312095223815555, 0.39198337325839044, -0.11147004963469676]], "inverted": false, "swapped": false, "error_lsq": 0.04309398911993513, "error_max": 0.3819616309785531, "target": "417.xyz", "model": "19.xyz", "model_rescale": 3.9282355846067225, "target_rescale": 4.245278500839101},
{"mapping": [3, 0, 1, 2, 5, 6, 7, 13, 9, 10, 11, 4, 12, 14], "R": [[0.7438740804896975, -0.33112922634698305, -0.5805211347009303], [-0.48948894970026735, -0.861352923261815, -0.13591066812305447], [-0.4550295820020236, 0.38525910378234335, -0.8028222109881424]], "T": [0.05947655048076333, -0.07914781256261585, 0.002231661872503673], "aligned_model": [[-0.6688610992317521, -0.18262438044367613, 0.39619053959112416, -0.47317165969289904, -0.577233024018247, 0.082990012152515, 0.24143690749047061, 0.5482686666395368, -0.17100142427309017, -0.18111755034674623, 0.20300543986946093, -0.24695744324641405, 0.5434424110014096, 0.018155423592983812], [-0.5016798229279268, -0.7634552935263968, -0.6905590753667081, -0.2033436614910493, 0.1517451338451268, -0.3301871620469147, 0.30618258679283383, 0.4301611397709133, 0.7436449837130523, 0.27247865901392854, -0.5452094078900446, -0.3223825507980119, -0.020765355619907652, -0.003748086044059462], [-0.009119987047112036, -0.17726707159070743, -0.16976553079169707, -0.45466393441054465, -0.008482625055068142, -0.6446938312073657, -0.5392010479130027, 0.13047366908094593, 0.12051211110399343, 0.5903735374218827, 0.5220466289035778, 0.5673947205690861, 0.5054711116606841, -0.020894593480989293]], "inverted": true, "swapped": true, "error_lsq": 0.04891282142397966, "error_max": 0.3742589258813077, "target": "417.xyz", "model": "20.xyz", "model_rescale": 4.067790424073018, "target_rescale": 4.245278500839101},
{"mapping": [1, 5, 7, 9, 10, 12, 8, 2, 0, 3, 11, 13, 6, 6, 14], "R": [[-0.8700924357355914, 0.4395060064793338, -0.22310003035475778], [0.23462527990446858, 0.7673890704505025, 0.5967118170296811], [0.4334629526331585, 0.4668495312428852, -0.7708186452550577]], "T": [0.01900407412771192, 0.01594087591006391, -0.08374089337414183], "aligned_model": [[-0.2002563284788772, -0.5146303772481836, -0.01680867426839705, 0.42428813254076947, 0.37984033055869265, 0.7742403247740174, -0.4128592066495927, -0.07345283056098251, 0.15174768216923717, 0.5955164725253483, 0.46557064739172027, -0.046506496867734656, -0.13590153633172797, -0.13590153633172797, 0.06674394442961787], [-0.703119359643567, -0.2032570066545081, -0.19226822004391544, -0.521579021960894, -0.7035083314425943, -0.05346415535498519, -0.013423306498461737, 0.7534178242443138, 0.44233202512268066, 0.6085827690787647, -0.05540940188956625, -0.5142271441327665, 0.41606834109079127, 0.41606834109079127, -0.04531715849029025], [-0.4126517548140951, 0.041369783395832846, -0.7993038721699496, -0.4721570244216649, 0.06948069661296173, -0.19243778496951297, -0.454954778126309, -0.11981585685187425, -0.6360340690681937, 0.11664388051360379, 0.37834101222302025, 0.3687563338979304, 0.5191348534855289, 0.5191348534855289, -0.0763482495282452]], "inverted": true, "swapped": false, "error_lsq": 0.05273353138096375, "error_max": 0.43684782408035167, "target": "417.xyz", "model": "21.xyz", "model_rescale": 4.186013935880536, "target_rescale": 4.245278500839101},
{"mapping": [9, 8, 7, 12, 4, 13, 10, 5, 6, 2, 3, 1, 14], "R": [[-0.7781591044894334, 0.34083604017006347, 0.527540711055928], [-0.5778315220109138, -0.059351964235947796, -0.8139951329780085], [-0.24612830042633066, -0.9382473757290909, 0.2431310791871748]], "T": [0.1321904321489608, -0.035580491908116914, 0.11860927253805986], "aligned_model": [[-0.11798973183758121, -0.31386433205340286, 0.3412610776482644, 0.5831202481825237, -0.2047882144250181, 0.6040950707717841, -0.14979709392791646, -0.5061653484986843, 0.19960563779045487, -0.3691618723492492, -0.5873595783838759, 0.48841159952371255, 0.09120657298221356], [-0.4927083513535639, 0.254662828214476, 0.2655575690004134, -0.5413911109511936, -0.4133358642135884, -0.4070901489130124, -0.7024473557561567, -0.08895505295171485, 0.6526296227635542, 0.46111542758771623, 0.20783841584132934, 0.3689421092276367, -0.045861428949802885], [-0.5688078881341659, -0.6224672872406211, -0.46478064928006835, 0.29665232330518226, 0.5836044163394012, -0.27387759470372014, 0.06195961517253029, -0.10156902896112191, 0.05609319798246011, 0.019456153950566102, 0.48211017954869856, 0.5942677867215087, 0.04023833663469609]], "inverted": false, "swapped": true, "error_lsq": 0.04787613380096063, "error_max": 0.2654553417346912, "target": "417.xyz", "model": "22.xyz", "model_rescale": 4.166573947596378, "target_rescale": 4.245278500839101},
{"mapping": [13, 5, 12, 14, 10, 9, 6, 2, 11, 3, 8, 7, 0, 4, 15], "R": [[-0.3080894530704315, 0.73187011848898, -0.6078215351315625], [-0.33249753078850897, 0.5157738023080793, 0.7895712614274986], [0.8913620369559764, 0.4453577376846541, 0.08444053859432626]], "T": [0.12282432439071153, 0.03206512429930293, -0.10985035902460424], "aligned_model": [[-0.16293626081280618, -0.5535097343632686, 0.07640758047709353, 0.34382813643672816, 0.2753916292345954, 0.7160669719446183, -0.5263391720053897, -0.18709692362334343, 0.4885603065011215, 0.41935806938211984, 0.5817107798224735, -0.04930896728264447, -0.25283061639951476, 0.09559495451665603, 0.05673379382374054], [-0.7590492973564752, -0.41546436400277076, 0.0004687720755431196, -0.5623507507140295, -0.6867628759239185, -0.012976317296609793, 0.1801960314539897, 0.6233313454459871, 0.447244706481985, 0.5533709957618461, 0.0877254034651878, -0.450917319096984, 0.061232562351265715, 0.5298606546110973, 0.0349866472596795], [-0.20624537283824074, 0.07277378853205851, -0.7627121450404706, -0.5829305275093013, 0.03489340316166897, -0.1903711386053259, -0.4782952277080784, -0.19448082014483506, -0.671950379799156, -0.0682020880387237, 0.5537792775692081, 0.3886350840114625, 0.614572438004445, 0.4298826164201569, -0.09019088435030664]], "inverted": true, "swapped": false, "error_lsq": 0.045624127924087356, "error_max": 0.276430826579558, "target": "417.xyz", "model": "23.xyz", "model_rescale": 4.274766983524099, "target_rescale": 4.245278500839101},
{"mapping": [1, 4, 3, 2, 5, 8, 7, 9, 13, 10, 14], "R": [[-0.40971226626422025, 0.06071587955971813, 0.910191980211827], [0.6889618023962509, -0.6333728578838203, 0.3523782878314036], [0.5978858534131295, 0.771461214103063, 0.21766970717828882]], "T": [0.13414351509518765, 0.03143762847156347, -0.10880968664681084], "aligned_model": [[0.34686474260000943, 0.1730381778987559, -0.48286254468668466, -0.555294645394492, -0.4203871696335695, -0.5753615803231722, -0.0020870149229763324, -0.021100087408529283, 0.6055118459786301, 0.22658462926347442, 0.08498835058662889], [-0.18932903900092685, 0.7040568073030882, 0.46671857876006356, -0.0568827961821094, 0.31499486233042523, -0.2821537139877131, -0.5795985010615184, 0.11815436978324537, -0.1955244788224987, 0.5938538611021519, 0.021296581019275417], [-0.7590364431960981, -0.24498919606253836, -0.48159904836960077, -0.2661845132383098, 0.15749173228386704, 0.37146470836794526, 0.1789655008041015, 0.7352744192206819, 0.3821683705529946, 0.3412793982308955, -0.03526849457236182]], "inverted": false, "swapped": true, "error_lsq": 0.04155191732757738, "error_max": 0.1989720200318468, "target": "417.xyz", "model": "24.xyz", "model_rescale": 3.7841303162186577, "target_rescale": 4.245278500839101},
{"mapping": [2, 8, 12, 5, 4, 3, 9, 14, 13, 11, 6, 1, 0, 7, 15], "R": [[-0.7018246392424827, 0.3704786851882343, -0.6084305380019615], [-0.39315133017000875, -0.9137021454522627, -0.10286117334293418], [-0.5940321601880758, 0.1670147694580619, 0.7869128664885069]], "T": [-0.009780221434238914, 0.05843754977481268, -0.004282138967062407], "aligned_model": [[-0.24789233079688927, -0.4228923255165653, 0.05782821809486781, 0.3336148749640974, 0.3596089715758327, 0.7406426712369055, -0.432723530812773, -0.2549694824277244, 0.41572036347173885, 0.49518855407431056, 0.6186251146310078, -0.13731008368811543, -0.3105165178535548, 0.050628904973305924, 0.056077145725735134], [-0.5573754939779082, -0.32841409121355675, -0.017850922048514684, -0.5036721076845064, -0.5859093717081921, -0.0889540647652718, 0.07256218159520725, 0.5084032863416015, 0.45354879161105616, 0.6315221433492114, -0.0331393339555949, -0.4614852457950939, 0.05142783626892837, 0.4393768766600885, 0.050855709838338356], [-0.368795439747844, 0.1664280861635427, -0.755801316632833, -0.583463704803051, 0.06694293892757938, -0.25754698404329934, -0.40808922205748505, -0.6098496616430537, -0.5285305114875052, 0.07323014091005466, 0.3403145241247044, 0.5119085377053123, 0.66716293941549, 0.5192076190790043, 0.016040077753946006]], "inverted": true, "swapped": false, "error_lsq": 0.04565278222806803, "error_max": 0.35122940258424246, "target": "417.xyz", "model": "25.xyz", "model_rescale": 4.19342608120988, "target_rescale": 4.245278500839101},
{"mapping": [0, 1, 11, 5, 4, 2, 10, 8, 12, 6, 13, 14], "R": [[-0.776488433875828, 0.3953066770249418, 0.4907120776550772], [0.47726604025368513, 0.8774262398312875, 0.04837685889034139], [-0.4114399578038478, 0.2717642816026906, -0.8699777792376894]], "T": [0.05273227711679739, 0.05065695587478874, -0.03834090427227499], "aligned_model": [[-0.1862719646630307, 0.38984733389918624, 0.12463019625974794, -0.5723039848515312, -0.3213753284810099, -0.42873470382336476, -0.24241139020155095, -0.3400605324044035, 0.47888020408326104, 0.1415242216624516, 0.5377732039578491, 0.01631129919417621], [-0.607352789544103, -0.556435239429702, -0.46138815298686514, 0.3046737281320673, -0.22680131035331064, -0.0161707140522701, 0.3613781361824036, 0.653371960252501, 0.049907347929451645, -0.1471591889719359, 0.529599083649796, 0.12915356693294774], [0.22435574952709775, 0.1476042003195214, -0.5289140877949665, 0.0219134029644579, -0.5438452299183357, 0.48282693759019857, -0.6246685655600811, 0.522773110241026, -0.5944692992328106, 0.6212582125310318, -0.26219150554558274, -0.017384463912135405]], "inverted": false, "swapped": true, "error_lsq": 0.050601200873747504, "error_max": 0.2720346580658561, "target": "417.xyz", "model": "26.xyz", "model_rescale": 3.795458400668931, "target_rescale": 4.245278500839101},
{"mapping": [9, 7, 8, 5, 3, 12, 13, 10, 1, 2, 4, 0, 14], "R": [[-0.2686243925422456, 0.45321780168918613, -0.8499615049890972], [-0.160499208920105, -0.8911182334148964, -0.4244388036119397], [-0.9497794163211424, 0.022403533371677137, 0.312117192774019]], "T": [-0.13526988206441493, -0.06898428529676995, 0.10597637523312009], "aligned_model": [[-0.10004542136209962, 0.42403468355834006, 0.5599223319103575, -0.00029132300973028213, -0.08019984189069745, -0.6891354869108285, -0.25797764070539386, -0.626237298299392, -0.10283561321299292, 0.37076676473066783, -0.679573694494618, -0.02286743632182217, -0.0958836411705343], [-0.7236923430257752, -0.4558992930456115, -0.3192016294478315, -0.008171672966434923, 0.6211232992340483, -0.3614864393571121, -0.7446520906874171, -0.32668587553438855, 0.3536191463804339, 0.3002830554776139, 0.24036798377124488, 0.6643385951453624, -0.11806123268721798], [-0.4545724126820071, 0.21649174551464273, -0.42928017195865453, -0.5550138256632375, -0.3734573575742415, 0.41991393413527445, 0.3137627484311545, -0.36304222698395905, 0.6866117468471802, -0.23381893628972328, -0.1777642575774147, 0.19931783324353422, 0.042987842656876996]], "inverted": false, "swapped": true, "error_lsq": 0.047530950771075754, "error_max": 0.35254883535557596, "target": "417.xyz", "model": "27.xyz", "model_rescale": 3.6321398670334006, "target_rescale": 4.245278500839101},
