[{"mapping": [5, 10, 11, 6, 8, 4, 12, 1, 2, 0, 9, 7, 3, 13], "R": [[0.4503938252982216, -0.5994211155100067, -0.6616945884726385], [-0.20634454187487983, 0.651171723623305, -0.730340548232056], [0.8686583518113903, 0.4654779400081097, 0.16959644805869495]], "T": [-0.12679000288787773, -0.105415368813019, 0.05842545084298924], "aligned_model": [[-0.35785403859509407, 0.15483652991446384, 0.10344886355913518, 0.2370702056068335, 0.5317728822415182, 0.7388417683036266, -0.38055614919455927, -0.7006393594587361, 0.07443376078280334, -0.4208679396416827, 0.1714566681087239, 0.5796357277944453, -0.24029081442055705, 0.01280061832213747], [-0.8249640519261039, -0.0018266157664819094, -0.5371477919379858, -0.4692971154185337, -0.5196922026851625, -0.015927302725053327, 0.15943747134917124, -0.044267421576703075, 0.3480298076694575, 0.5933187916000684, 0.49108082362033817, 0.04808234257582633, -0.15794138593093948, -0.09287922739869235], [0.09392706312352177, -0.9035437747071947, -0.439228063203802, 0.6238828827944655, -0.014022895374287886, 0.45349221652035593, -0.38943113783276423, 0.05982471313732212, 0.6459241438361611, 0.20230447908223487, -0.2448638292448152, -0.1624718603760521, 0.5659280509396621, -0.024623726660711998]], "inverted": true, "swapped": false, "error_lsq": 0.04741615914370799, "error_max": 0.29186733756238553, "target": "418.xyz", "model": "0.xyz", "model_rescale": 3.8414455957264533, "target_rescale": 3.9385937596695713},
{"mapping": [6, 3, 5, 9, 2, 7, 10, 12, 13, 11, 1, 4, 8, 14], "R": [[0.6286823721198489, 0.5849604316343229, -0.512425378380059], [0.7643498367663122, -0.5862023361845702, 0.2685817344628333], [-0.14327526660617884, -0.5605248562498713, -0.815649485689159]], "T": [0.10848323591135384, -0.0721790821413116, 0.07937825497592546], "aligned_model": [[-0.07880181282402487, 0.2171919971232243, 0.02554061309633085, 0.24299362889614085, 0.538554472092067, 0.6655560526097175, -0.46519430957541036, -0.5873404669241884, -0.023297879074853145, -0.2484405178403714, 0.08598822722562388, 0.567696924390476, -0.5103255367614563, 0.07396733088978263], [-0.8267834982453669, 0.09887052173503719, -0.4435814022701152, -0.3863350599733345, -0.6320002649457032, -0.12335930477661075, -0.2340689975768544, 0.23272453642052807, 0.27505475220697806, 0.6984304303996932, 0.6013247158275589, -0.017589373030631343, -0.2455335307708205, -0.021147403551153146], [0.005056928964564764, -0.677127739904208, -0.45867715379346885, 0.6699056935974724, -0.13566523530433341, 0.3956146599673085, -0.25687615688352405, 0.15116057750176684, 0.7403694823429052, 0.15031354463534877, -0.4631938599309111, -0.2069082917230101, 0.5390806973276062, 0.014045115236578032]], "inverted": true, "swapped": false, "error_lsq": 0.05112764383508883, "error_max": 0.2872542687242792, "target": "418.xyz", "model": "1.xyz", "model_rescale": 4.316132596720782, "target_rescale": 3.9385937596695713},
{"mapping": [2, 11, 4, 7, 0, 6, 12, 9, 5, 10, 8, 13], "R": [[-0.8838194485036418, -0.41035291993938905, -0.22466344505489944], [0.4485443709330875, -0.6068265296376386, -0.6561779562223808], [0.1329328016366137, -0.6807143630225216, 0.7203865810964855]], "T": [-0.032676328005651574, -0.012705390637605845, 0.020252447642708178], "aligned_model": [[-0.24571966324015798, 0.3485579415104315, 0.22535616874625297, -0.40941902664550006, -0.4912065956397691, -0.5894198060195888, -0.2695475632170561, -0.05527369677924354, 0.5554386031553894, 0.3180045511324863, 0.234111146179653, -0.02307350455111703], [-0.7047638640166461, -0.46909001191941685, -0.5570202328752468, 0.4663234701490014, -0.3252582240350168, -0.14165904761968834, 0.4914444003815663, 0.6621362155514842, 0.05641243017164193, 0.05114713187306998, 0.5928387871363726, -0.10973462705614113], [0.013491902274960173, 0.14457759492364836, -0.4374399874820044, 0.01096424776770017, -0.4693318573567371, 0.3784400331270776, -0.6578768919468464, 0.47690912620440823, -0.4146929635441849, 0.5828711528190937, -0.12497413212726272, -0.0536797634504319]], "inverted": true, "swapped": true, "error_lsq": 0.04325502828532197, "error_max": 0.20549585322382047, "target": "418.xyz", "model": "2.xyz", "model_rescale": 3.795458400668931, "target_rescale": 3.9385937596695713},
{"mapping": [6, 1, 10, 5, 7, 8, 11, 0, 4, 3, 9, 13], "R": [[0.12925826182394606, 0.869793110618862, -0.47618509685858157], [0.4441336931274461, -0.4801347858278341, -0.7564495026550258], [-0.8865875954350072, -0.11371249780927534, -0.4483658143332828]], "T": [0.030623376622845547, 0.03191309644738678, -0.0012166804644124854], "aligned_model": [[-0.07512000864591893, -0.4131303597479756, -0.6235844735076643, 0.2048171372512516, 0.1009657939448536, -0.028523622569560633, -0.1505148686159965, 0.696205934978581, 0.4424453506100852, 0.816012375073374, -0.486530438890751, 0.1102610058632866], [-0.1380980930111375, -0.597803360046432, -0.003523774213726391, 0.15427731846277765, 0.5157926981202465, 0.6458276030540137, -0.44803081704980663, -0.1869617767242846, -0.4390865076615688, 0.009829308285041763, 0.6258808661108335, -0.052334420036247456], [-0.6452704237855968, -0.1761928483178043, 0.11857625782407955, 0.7020026928816385, -0.36508816397484045, 0.279070097950656, 0.32424608092500184, -0.2393882984416057, 0.424111212696922, 0.44024885301016475, -0.21148169489887478, 0.03793766476935987]], "inverted": true, "swapped": true, "error_lsq": 0.04978083881085683, "error_max": 0.2717209168528204, "target": "418.xyz", "model": "3.xyz", "model_rescale": 3.7530521520055578, "target_rescale": 3.9385937596695713},
{"mapping": [12, 0, 4, 2, 5, 6, 8, 7, 9, 10, 13], "R": [[0.8997748700651487, -0.02746073126313084, -0.43548948487620165], [-0.42789858020931065, 0.13999549942161202, -0.892918845806577], [0.08548677239258377, 0.989771270738946, 0.11421402438278337]], "T": [0.01878320287010512, 0.016870356477283965, 0.038895782963575445], "aligned_model": [[-0.6186333863890896, -0.16104495083407225, 0.4998322899893583, 0.3600227728355956, 0.2972119605989793, -0.20934055625255715, -0.25116206275909164, -0.5795409634054629, -0.39306153825199186, 0.31300934415525655, 0.08090669275828082], [-0.5548366436458785, -0.03691762903513592, -0.31350431825350084, 0.33642792078360495, -0.6570657635294427, 0.6318870561846623, -0.42486536558468224, 0.057860840441220945, 0.18334195281008625, 0.2618340211407913, -0.01695871299737948], [-0.15342060431209753, -0.6769259542399114, -0.4425459394794016, -0.5141111041740246, 0.12901508800054132, -0.1179630770348974, 0.47587309645776354, 0.1476061935824178, 0.722363612066633, 0.5838891882608335, -0.06094972188254036]], "inverted": false, "swapped": true, "error_lsq": 0.04721895332300285, "error_max": 0.2767086829308389, "target": "418.xyz", "model": "4.xyz", "model_rescale": 3.7855080009869324, "target_rescale": 3.9385937596695713},
{"mapping": [10, 14, 9, 5, 3, 0, 15, 6, 4, 11, 12, 2, 7, 16], "R": [[-0.06518769703854, -0.7611281409804979, -0.6453173770807531], [-0.38743903829994897, -0.5766531300800001, 0.7192789161167933], [-0.9195877096590745, 0.2969092800444434, -0.25730006542453127]], "T": [-0.0518300028785303, -0.00818469766871377, 0.0043965613841832375], "aligned_model": [[-0.2645880507944408, 0.12555605948118487, 0.20708522360289505, 0.24390995471849686, 0.4650072440078585, 0.5773433718487149, -0.4700564106701051, -0.4780293484459382, 0.04219909604803635, -0.24151914610228642, 0.0714557083761948, 0.6247506638927388, -0.3702967910712887, -0.028728851569002317], [-0.7046522559475527, 0.05998179390043909, -0.5017303508489361, -0.523997719510942, -0.47128390725539304, 0.004964925307611057, -0.35427308493459797, 0.2981386424578395, 0.1842380877365046, 0.7601031408515396, 0.5738732618936351, -0.03209757004670205, -0.3022229780174089, -0.015035864136830425], [0.029520800405643245, -0.6448991438538364, -0.4386492748134074, 0.5535577841574238, -0.02449959251786798, 0.4653106914240676, -0.6157869652523364, 0.3924651084201259, 0.7123038887069785, 0.08306074907625896, -0.32586761790367774, -0.29132706544443226, 0.6155347342908339, -0.043625834661678575]], "inverted": false, "swapped": false, "error_lsq": 0.04453222413678655, "error_max": 0.32705269704778567, "target": "418.xyz", "model": "5.xyz", "model_rescale": 4.2253639853439635, "target_rescale": 3.9385937596695713},
{"mapping": [6, 10, 2, 7, 3, 0, 5, 11, 9, 8, 1, 4, 12, 13], "R": [[0.21697819963856008, -0.5646603937744863, -0.7962908391938532], [-0.1670096101139459, 0.7822246260565733, -0.6001936558480453], [0.9617838899727926, 0.2632171614714667, 0.07542197886363705]], "T": [0.03464945274404564, -0.01745989616962093, 0.015558920279781965], "aligned_model": [[-0.17893838202117435, -0.04027721454216464, 0.06871285466382372, 0.2091570000463045, 0.4105061860776956, 0.6244085080995377, -0.43701439593335534, -0.6885851704860826, 0.05120149682669585, -0.3793173778500766, 0.481986047355307, 0.6429930321746254, -0.3263350889632918, 0.06559122787521356], [-0.623197566615722, 0.27533875589877144, -0.3815833572460129, -0.5556997449570001, -0.6186600792501258, 0.051362263865632, -0.12125935864949014, -0.19793699420665742, 0.4501611364476389, 0.5855323393763969, 0.5336744290984484, -0.09399713200404161, -0.2578650956821241, -0.0698634746265082], [0.04991120646199699, -0.7035846107802235, -0.5469581032676244, 0.571649018320379, 0.03286581399491473, 0.5545491022319944, -0.39370890387745233, 0.23897218232680695, 0.4075449240809848, -0.08882835211376232, -0.17111381096711537, -0.33795409659928843, 0.8421418049106751, 0.011612087311809814]], "inverted": false, "swapped": false, "error_lsq": 0.05170228573892678, "error_max": 0.3571493355261866, "target": "418.xyz", "model": "6.xyz", "model_rescale": 3.89814844738969, "target_rescale": 3.9385937596695713},
{"mapping": [10, 1, 11, 9, 5, 2, 6, 8, 7, 0, 4, 12, 13], "R": [[-0.8780517247893035, -0.248044304192382, -0.4092666511606423], [-0.36924534294358735, 0.8951712601143827, 0.24965234182699178], [0.3044389024237907, 0.3703274743020637, -0.8775958730919673]], "T": [-0.0692618313331921, 0.04044041444028948, -0.03069660418990626], "aligned_model": [[0.13587925529407752, -0.20727570062049244, 0.258761272928437, -0.1849850141916427, 0.6083825698570684, -0.29168269408964226, -0.6993630276926308, 0.23998414977259763, -0.42027791580483886, -0.40299187651847745, 0.27832389341187147, -0.12166982613498402, -0.04445328530712079], [-0.3185902129950793, 0.24182189663834336, 0.3421951247072298, -0.7648218055597279, 0.13119421633148026, 0.6682845976577747, 0.03559294120478497, -0.44438395907240136, -0.33656694623302974, 0.5920160047040468, 0.7094382798487959, -0.051963469709253446, 0.1595645979475211], [-0.552815531426963, -0.7820118003299263, -0.44352607375901365, -0.08186357189484347, 0.23836801462553514, -0.31480703984457364, -0.271195412305177, 0.327440683882373, 0.29509955837527835, 0.332649920313866, 0.03229388765537167, 0.840422973906207, -0.017780578361838325]], "inverted": true, "swapped": true, "error_lsq": 0.048006431373696916, "error_max": 0.22384653338920915, "target": "418.xyz", "model": "7.xyz", "model_rescale": 3.7474275329858107, "target_rescale": 3.9385937596695713},
{"mapping": [2, 6, 3, 4, 8, 9, 0, 12, 11, 10, 7, 5, 13, 14], "R": [[0.0012203362135076445, 0.7877173631369081, -0.6160356049711434], [0.6793491233727555, -0.4527093932363253, -0.5775283316411994], [-0.7338141994757222, -0.417798469466123, -0.5356875577793183]], "T": [-0.0728019769991902, -0.08739461460564266, 0.05384833751281867], "aligned_model": [[-0.15629647535100752, 0.0915233890036515, 0.16010751592995925, 0.12781830282366943, 0.454942796610743, 0.5907514870783415, -0.4165901691776265, -0.5189366900971437, 0.04873206348169501, -0.31776056985893575, 0.29719680888086797, 0.5477658399765604, -0.31288712830869575, -0.09227844766902042], [-0.9224927514706435, 0.22875401763322908, -0.40183604645799964, -0.6756352724305218, -0.5158410652237705, 0.17490315398332837, -0.0670733917064508, 0.1404502467753422, 0.39707055169017313, 0.59782692147464, 0.46121273914215033, -0.019933203064488036, -0.2864432463750013, -0.13495653252078213], [-0.011184472663501616, -0.6809885932543193, -0.5469963104809356, 0.5291906117227577, 0.10978945599156378, 0.32075116813166615, -0.507943407216067, 0.4139776972026975, 0.42398741305095367, -0.15999762098117204, -0.10742317821498784, -0.29738663584364255, 0.8969678966525689, 0.08435423793651334]], "inverted": true, "swapped": false, "error_lsq": 0.04915891023691858, "error_max": 0.2989480766468927, "target": "418.xyz", "model": "8.xyz", "model_rescale": 4.019505241142653, "target_rescale": 3.9385937596695713},
{"mapping": [7, 0, 6, 9, 8, 10, 1, 12, 5, 4, 2, 11, 13], "R": [[-0.4422482041222585, -0.8845102009322335, 0.1485201346533766], [-0.30883765015377224, 0.30564918222678, 0.9006652448338379], [-0.842042654381673, 0.3524489776562284, -0.40834285392418224]], "T": [0.042518588714281234, -0.09195448993914301, -0.0071938350520511125], "aligned_model": [[-0.11954233078909046, -0.6815127887996256, -0.15673156191733842, 0.48578582668662684, 0.2861758504805008, 0.6764259221689536, 0.2931170744224836, -0.4476664653562024, 0.20003926204411063, -0.20035357639329485, -0.28209859596066666, 0.288079669130692, -0.022017513975973034], [-0.5133278327046453, 0.023472131380054995, 0.19972751556517, -0.5256644986328334, -0.7187000382882186, 0.055284119096919604, 0.6347557920143173, -0.811324689732267, -0.36128736883233425, 0.20900440102135748, 0.5502545371859761, 0.354434901451785, -0.03325074141122305], [-0.41667001931459985, 0.09324187159306581, -0.5817472942649335, -0.5362183530979084, 0.07509360933059324, -0.1488847509215552, -0.18931856841556813, 0.10397955872062782, 0.657998613748545, 0.6430204676192935, 0.07385767406381015, 0.32374347031075185, 0.07860721467175644]], "inverted": true, "swapped": true, "error_lsq": 0.050567768071139135, "error_max": 0.29323113590761074, "target": "418.xyz", "model": "9.xyz", "model_rescale": 3.877068213659057, "target_rescale": 3.9385937596695713},
{"mapping": [8, 10, 11, 1, 0, 5, 9, 2, 4, 13, 6, 12, 7, 15], "R": [[0.8632029969726559, -0.19742402488688332, -0.4646550768203103], [0.3611064672892098, -0.40176231994094846, 0.8415397539971441], [-0.3528210669721013, -0.894209591020545, -0.27551134645879427]], "T": [0.011773587951227866, 0.05253100004769398, 0.0066520016737607185], "aligned_model": [[-0.2835818872471636, -0.04302646903794381, 0.20818146051784236, 0.2851525419333614, 0.5101209104020638, 0.6518157238446396, -0.5228692178870593, -0.62088169381138, -0.0871962007930379, -0.31661654359585983, 0.2963514238404603, 0.7091936882884076, -0.35363316322515825, 0.071078150093886], [-0.6602501083859416, 0.08553980426910396, -0.44135315570111056, -0.46412549134238434, -0.5677331569143779, -0.06768158200511262, -0.1741654283951086, 0.13128779763846393, 0.2315321499122118, 0.7521555920457027, 0.4997946336055631, -0.007822481835535855, -0.3262225468689586, -0.014949904573310316], [0.012235059845425403, -0.6998309436672676, -0.5053613424471236, 0.6479293423209748, -0.019584564946186697, 0.438960273211244, -0.30705343882144953, 0.190771580319343, 0.6518296896079195, -0.011343768323031675, -0.3084277859071963, -0.2544186335646339, 0.6305992961703247, 0.0007934982357532469]], "inverted": false, "swapped": false, "error_lsq": 0.04071955087208571, "error_max": 0.235506147950429, "target": "418.xyz", "model": "10.xyz", "model_rescale": 4.260839863003843, "target_rescale": 3.9385937596695713},
{"mapping": [12, 4, 11, 5, 10, 8, 7, 0, 2, 1, 6, 13], "R": [[-0.5591681985397037, -0.8275009008637155, 0.05072656908959975], [-0.8281270859138383, 0.5603892440633715, 0.013016324901352563], [-0.03919764428785325, -0.03472973089188042, -0.9986277537072865]], "T": [-0.05047609695794658, 0.10617410687249015, -0.05794307907567339], "aligned_model": [[0.39074869785756305, 0.09653209647006208, -0.3298111045674436, -0.320633257785932, -0.6484480127608714, -0.325598593273823, 0.15977530670164783, 0.6520382810192114, 0.2791828444193535, -0.2437891440475521, 0.2472657470278069, 0.001635788034107695], [0.2604187086897387, -0.6352147172124541, -0.3527487316514377, -0.3472654783392639, 0.24842965817604776, 0.33903709587043696, 0.6346282933100349, -0.1261228853375678, -0.2890879271703347, -0.018726065582928275, 0.4638628055817168, -0.004132250801054366], [-0.8006837325460937, -0.09069952298486225, 0.22568522495510254, -0.5690610763491655, 0.19854664210770476, -0.6315566314484228, -0.2770788844514074, -0.06993173407456386, 0.4514398859433446, 0.6977730489673853, 0.4302159949062552, -0.04847113762977226]], "inverted": false, "swapped": true, "error_lsq": 0.05131036150586842, "error_max": 0.29757710648568386, "target": "418.xyz", "model": "11.xyz", "model_rescale": 3.890672605050136, "target_rescale": 3.9385937596695713},
{"mapping": [6, 3, 0, 11, 2, 10, 8, 5, 12, 7, 7, 4, 9, 13], "R": [[-0.71735843459553, -0.6948887755669909, -0.05026396229565433], [-0.2587653853399513, 0.33272691187406944, -0.9068259355932713], [0.646867336989987, -0.6375126600356682, -0.41849761842778666]], "T": [-0.004263046809226526, -0.29007965317898776, 0.03550654129650106], "aligned_model": [[-0.372776909533575, 0.10635984850824425, 0.12029894990896718, 0.23773725460477663, 0.6783683148726565, 0.6381917587050555, -0.524143022048474, -0.5227628998828052, 0.1293362272820699, -0.12222604003561366, -0.12222604003561366, 0.6000888760394776, -0.3933821910494668, 0.051224595987358824], [-0.7330755003773455, 0.15192191354091478, -0.42805471210205365, -0.5986800694319601, -0.4433048381869157, -0.01880992689244676, -0.15121908626419292, 0.22791806210564425, 0.3370913784375369, 0.5396672830024938, 0.5396672830024938, -0.03133327289175236, -0.2833562435727772, -0.13242614892043333], [0.03875558523997731, -0.7678989267274393, -0.5249769391344291, 0.4214648306222725, 0.1623946825639676, 0.5951538078087151, -0.443694460517429, 0.2959071003543461, 0.41490063430325247, -0.12123823342634903, -0.12123823342634903, -0.20711684558627386, 0.7095699681121173, 0.015115291847716442]], "inverted": true, "swapped": false, "error_lsq": 0.05145728484634397, "error_max": 0.3879276751395219, "target": "418.xyz", "model": "12.xyz", "model_rescale": 4.124412569039231, "target_rescale": 3.9385937596695713},
{"mapping": [4, 12, 8, 2, 5, 11, 0, 1, 7, 6, 10, 9, 13], "R": [[0.33406044045154126, 0.9088875875589257, 0.2496537107808301], [-0.7958369227753066, 0.1300693569093783, 0.5913759842441285], [0.5050219940486287, -0.3962389627163095, 0.7667773274899631]], "T": [0.12821666757527084, 0.12398129866969991, -0.018054730510670025], "aligned_model": [[-0.1732385886651832, -0.025726150577784296, 0.6066118049960594, -0.4201259937426022, 0.4217174327554114, 0.19529229174844848, -0.5737611645673973, 0.055643395800223205, 0.12257486867869077, -0.20667587305560825, 0.6402431687034853, 0.6736041196001081, 0.05113899583590613], [-0.35190264496215334, 0.8189825361281723, 0.5185969743304693, -0.3344974087330537, -0.022436922671988727, -0.4780112104271797, 0.2170097130341631, -0.4655562921259489, 0.7156561549495202, 0.22265831943392944, -0.13511035207212907, 0.5858989500308992, 0.05619755959377756], [0.4869214894333946, 0.49517941073258814, 0.2546477229157001, -0.13422572032470298, 0.639404744604199, 0.028733223873477653, 0.196898541165452, -0.5388765836443314, -0.16427037828249072, -0.5951167065220178, -0.35612929284374334, -0.4100263712312379, 0.048558001091551645]], "inverted": false, "swapped": true, "error_lsq": 0.05251446775164733, "error_max": 0.333436999619998, "target": "418.xyz", "model": "13.xyz", "model_rescale": 3.9028299243045295, "target_rescale": 3.9385937596695713},
{"mapping": [10, 3, 7, 14, 9, 11, 4, 5, 12, 8, 2, 6, 13, 15], "R": [[0.6441495590157054, -0.7161012341661105, 0.2688314863360426], [-0.32154783374199647, 0.06538494537571321, 0.9446331560632648], [-0.694030500940486, -0.6949272129827617, -0.18814311685605126]], "T": [0.035115174617264384, 0.05431923277148917, -0.025122478288335477], "aligned_model": [[-0.27133664564102505, 0.07444999352008061, 0.1539129947865543, 0.19324943141036013, 0.5568551383118258, 0.5602798910683638, -0.47603783861851007, -0.4391983936452705, 0.018769554942463837, -0.4078438052569831, 0.19777410721282346, 0.6057987284029066, -0.357397078496795, 0.09481264532626404], [-0.6217303756472126, 0.07548946106900195, -0.7303599569928318, -0.5720908818879558, -0.518891840888068, -0.06918333891480005, -0.17542458837175376, 0.08241289204003874, 0.3141805293954082, 0.6671312621748618, 0.7461639854604352, -0.00676681796909534, -0.17516898872650963, -0.039755219292313265], [0.04118597416137398, -0.6469697575248575, -0.4619217490191875, 0.579571310222667, -0.03299215310484822, 0.4796604688479912, -0.4063096338814881, 0.16550600574832927, 0.6202031884840846, 0.13221765748416736, -0.2175872266954889, -0.36423461032248416, 0.6275034782474462, -0.04873469061360983]], "inverted": true, "swapped": false, "error_lsq": 0.03513607951598612, "error_max": 0.2233379985494828, "target": "418.xyz", "model": "14.xyz", "model_rescale": 3.942246331269136, "target_rescale": 3.9385937596695713},
{"mapping": [9, 3, 5, 7, 2, 0, 4, 11, 8, 13, 12, 1, 6, 14], "R": [[-0.6786001902136514, -0.24492125048883628, -0.6924704779995906], [-0.45015399672288536, -0.6062853960797845, 0.6555756232005517], [-0.5803991394518165, 0.7565920958874498, 0.301173105313584]], "T": [-0.08461879739717076, -0.09851163232418192, -0.012808350047500354], "aligned_model": [[-0.2063592036208824, 0.04879890152455493, 0.28968153998470236, 0.21295623703495564, 0.5278157499334906, 0.5624825366255664, -0.5134943471421562, -0.6443424607304464, 0.026025181530079988, -0.33805147356892007, 0.26804890347573845, 0.573053167849422, -0.3136500382907074, 0.0111240287176603], [-0.8786571869044126, 0.043401456932196075, -0.45861529673588874, -0.5469962961522732, -0.5388334078074182, -0.06661323870405689, 0.0720748436055546, 0.18388803593569725, 0.18863693197784792, 0.670740435697886, 0.591345743784248, 0.08194404142174566, -0.2827117832884066, -0.08359815831351325], [0.1444000889548373, -0.7046235878189663, -0.37750571294198454, 0.651488355741985, 0.10418984613801738, 0.3349844601983518, -0.37423606617261257, 0.33514405004199227, 0.6972230142134177, -0.08318576828313512, -0.2731898999940302, -0.4504666319549798, 0.46301134733580956, -0.0001352334246071396]], "inverted": false, "swapped": false, "error_lsq": 0.04791138714701524, "error_max": 0.3062081182675435, "target": "418.xyz", "model": "15.xyz", "model_rescale": 4.355366556412066, "target_rescale": 3.9385937596695713},
{"mapping": [2, 11, 4, 7, 0, 6, 12, 9, 5, 10, 8, 13], "R": [[-0.8838194485036418, -0.41035291993938905, -0.22466344505489944], [0.4485443709330875, -0.6068265296376386, -0.6561779562223808], [0.1329328016366137, -0.6807143630225216, 0.7203865810964855]], "T": [-0.032676328005651574, -0.012705390637605845, 0.020252447642708178], "aligned_model": [[-0.24571966324015798, 0.3485579415104315, 0.22535616874625297, -0.40941902664550006, -0.4912065956397691, -0.5894198060195888, -0.2695475632170561, -0.05527369677924354, 0.5554386031553894, 0.3180045511324863, 0.234111146179653, -0.02307350455111703], [-0.7047638640166461, -0.46909001191941685, -0.5570202328752468, 0.4663234701490014, -0.3252582240350168, -0.14165904761968834, 0.4914444003815663, 0.6621362155514842, 0.05641243017164193, 0.05114713187306998, 0.5928387871363726, -0.10973462705614113], [0.013491902274960173, 0.14457759492364836, -0.4374399874820044, 0.01096424776770017, -0.4693318573567371, 0.3784400331270776, -0.6578768919468464, 0.47690912620440823, -0.4146929635441849, 0.5828711528190937, -0.12497413212726272, -0.0536797634504319]], "inverted": true, "swapped": true, "error_lsq": 0.04325502828532197, "error_max": 0.20549585322382047, "target": "418.xyz", "model": "16.xyz", "model_rescale": 3.795458400668931, "target_rescale": 3.9385937596695713},
{"mapping": [10, 1, 11, 9, 5, 2, 6, 8, 7, 0, 4, 12, 13], "R": [[-0.8780517247893035, -0.248044304192382, -0.4092666511606423], [-0.36924534294358735, 0.8951712601143827, 0.24965234182699178], [0.3044389024237907, 0.3703274743020637, -0.8775958730919673]], "T": [-0.0692618313331921, 0.04044041444028948, -0.03069660418990626], "aligned_model": [[0.13587925529407752, -0.20727570062049244, 0.258761272928437, -0.1849850141916427, 0.6083825698570684, -0.29168269408964226, -0.6993630276926308, 0.23998414977259763, -0.42027791580483886, -0.40299187651847745, 0.27832389341187147, -0.12166982613498402, -0.04445328530712079], [-0.3185902129950793, 0.24182189663834336, 0.3421951247072298, -0.7648218055597279, 0.13119421633148026, 0.6682845976577747, 0.03559294120478497, -0.44438395907240136, -0.33656694623302974, 0.5920160047040468, 0.7094382798487959, -0.051963469709253446, 0.1595645979475211], [-0.552815531426963, -0.7820118003299263, -0.44352607375901365, -0.08186357189484347, 0.23836801462553514, -0.31480703984457364, -0.271195412305177, 0.327440683882373, 0.29509955837527835, 0.332649920313866, 0.03229388765537167, 0.840422973906207, -0.017780578361838325]], "inverted": true, "swapped": true, "error_lsq": 0.048006431373696916, "error_max": 0.22384653338920915, "target": "418.xyz", "model": "17.xyz", "model_rescale": 3.7474275329858107, "target_rescale": 3.9385937596695713},
{"mapping": [9, 11, 7, 6, 2, 0, 12, 5, 8, 10, 3, 1, 4, 13], "R": [[-0.4962145291649205, -0.12123915866993973, 0.8596930891025246], [0.7939693617701578, 0.33725136732039557, 0.505840061492575], [-0.35126029325263153, 0.9335751612192396, -0.07108885101439277]], "T": [0.0467859024825365, -0.05328761221044953, -0.021344107630518257], "aligned_model": [[-0.2902188114019249, 0.07447025795725531, 0.0790828141342155, 0.09674628486932069, 0.534641857253852, 0.6415639207050448, -0.5748231064775065, -0.6279551515871835, 0.01619449461291253, -0.37682762495813105, 0.3092879855265476, 0.6817176146660933, -0.1792855723972198, 0.11949376041978228], [-0.615862855386768, 0.2549997236641628, -0.4662616259118083, -0.6494079543319227, -0.5628712420013522, -0.056132005984551314, -0.2652131700595457, 0.04651953408058962, 0.4641217287616245, 0.4785557014165075, 0.5657733272665583, 0.049978618784283946, -0.15988513191656606, -0.10830852693200664], [0.11155090522110608, -0.6739765898188765, -0.6504932596934061, 0.46562951522915574, 0.05710215074410916, 0.5663406796868263, -0.3790125591656828, 0.2194524458589697, 0.4768588538802483, -0.1402290923133183, -0.11324291567846739, -0.27573794248009914, 0.7703341597602201, 0.032521910803310315]], "inverted": true, "swapped": false, "error_lsq": 0.05000385865210018, "error_max": 0.3407585354779179, "target": "418.xyz", "model": "18.xyz", "model_rescale": 3.922800546911778, "target_rescale": 3.9385937596695713},
{"mapping": [2, 11, 10, 1, 6, 8, 9, 3, 5, 12, 13, 4, 0, 14], "R": [[-0.28507953626698257, -0.9437005768194819, 0.1678060765061249], [-0.37717996737105164, 0.2713950895243862, 0.8854829064392057], [-0.8811724747265854, 0.18913996587878434, -0.43331413903956306]], "T": [0.07045055234252463, -0.023398550324900645, 0.05986692136380245], "aligned_model": [[-0.3134512325747545, 0.06178676920504303, 0.18517196339490538, 0.21074081648430393, 0.6324875748749746, 0.575949235439906, -0.5106187032321148, -0.5437151069382162, -0.01087010794331629, -0.199460490547184, 0.3160614103733341, 0.6064517184891258, -0.5054231057426835, -0.0010220179602652701], [-0.6212095834784795, 0.07617682098514506, -0.5865411540094544, -0.5709433661461535, -0.42324353707199597, 0.1990942405362451, -0.34223342507738436, 0.11270590977467718, 0.2257202384309214, 0.687137039256187, 0.5121245359670977, -0.08790124385357093, -0.2197593957092697, 0.014879041845240769], [-0.031622700807043436, -0.6452949728555449, -0.5060924879800465, 0.5378798295474057, 0.06234558817986259, 0.3232273083305036, -0.412833860085188, 0.17573478785991412, 0.7767075588036886, 0.26210749452200754, -0.29326772333400647, -0.42222154718651994, 0.6328019822567233, 0.007627004782339478]], "inverted": false, "swapped": false, "error_lsq": 0.05005321479236074, "error_max": 0.2861375066021155, "target": "418.xyz", "model": "19.xyz", "model_rescale": 3.9282355846067225, "target_rescale": 3.9385937596695713},
{"mapping": [4, 1, 3, 8, 6, 7, 0, 11, 12, 10, 2, 5, 9, 13], "R": [[-0.6558070313866469, -0.27161359160956744, 0.7043743283487729], [-0.6603327295228337, 0.658601467893945, -0.36083901231555493], [-0.3658931864694366, -0.7017621843195117, -0.6112708178494619]], "T": [0.10730000582754987, -0.13120479889390718, 0.10162678103964698], "aligned_model": [[-0.24004608446202672, 0.026079187807798387, 0.11919717670764915, -0.010186680854588903, 0.6287481917708562, 0.568847792003025, -0.4920784857609508, -0.6060308492892893, 0.045840556574907515, -0.33987387504075006, 0.3551489447217986, 0.6249003233746615, -0.2160225422391587, 0.03956506800912617], [-0.6439776038801268, 0.13606751398664169, -0.4938889542636434, -0.7082007931086527, -0.5219008546289884, 0.1876126728816892, -0.1685287139789297, -0.15816021793637133, 0.4102084730510455, 0.6044130634235616, 0.5698478992712914, -0.09582729992848021, -0.09294538395380603, -0.04871367948602569], [-0.024001993398861665, -0.5936929193818907, -0.5576711257599634, 0.5831805996734276, 0.05374739647228319, 0.37260064905417956, -0.4270974735398628, 0.16323577266001718, 0.754228305958941, 0.06791877160381002, -0.2530734138350774, -0.36584353469245634, 0.7118919466175921, -0.0183247193980436]], "inverted": true, "swapped": false, "error_lsq": 0.050037151352253104, "error_max": 0.31778353017958005, "target": "418.xyz", "model": "20.xyz", "model_rescale": 4.067790424073018, "target_rescale": 3.9385937596695713},
{"mapping": [9, 3, 12, 10, 11, 13, 0, 8, 5, 4, 2, 11, 1, 14], "R": [[0.11497099171379091, 0.5244281161986362, -0.8436568153015168], [0.9063304680003101, 0.2922719617961489, 0.30519204301909597], [0.40662852069018307, -0.7997201080929381, -0.44170238268899237]], "T": [-0.004011300408631457, 0.02147527768253507, 0.03326098220463701], "aligned_model": [[-0.2021210293145175, 0.3252077432599387, 0.13908355239386422, 0.3090101938404799, 0.580232038808496, 0.44194380769246777, -0.5151653347383491, -0.49024811142229424, -0.039619008041332046, -0.19356581176795024, -0.12214129117147793, 0.580232038808496, -0.33148141346747245, 0.022721348442709323], [-0.7206296571916976, 0.02744267419967172, -0.6034344717664867, -0.6416103212779152, -0.21201468347398897, -0.12595541519336648, 0.026356577983638108, 0.20863170411340867, 0.31117734408619935, 0.7930710201484047, 0.534728633951955, -0.21201468347398897, -0.3607048787675372, -0.04903772188909085], [0.1519315363325997, -0.7511650679209178, -0.3862929893445316, 0.39880421376963693, -0.11564977160009492, 0.5524061810015308, -0.45984727732544145, 0.2650240775971998, 0.546360314436201, 0.13900403005248524, -0.4924178447415106, -0.11564977160009492, 0.6813402631169705, 0.05325036826006256]], "inverted": true, "swapped": false, "error_lsq": 0.05309044965919253, "error_max": 0.3900581170157035, "target": "418.xyz", "model": "21.xyz", "model_rescale": 4.186013935880536, "target_rescale": 3.9385937596695713},
{"mapping": [12, 3, 5, 9, 6, 8, 7, 0, 11, 4, 2, 10, 13], "R": [[0.2688272615282446, 0.9361492197628567, 0.22661981774906517], [0.9360161838718966, -0.19841851288485524, -0.29069536851221844], [-0.22716867519338305, 0.2902666568553083, -0.929591125672425]], "T": [0.05467406942457605, -0.04922677726993335, 0.12601379223495396], "aligned_model": [[-0.10128165289905323, -0.3413761764297439, 0.30086402613240393, 0.6419502858413074, -0.23972774940730418, 0.5315108908801436, 0.08278189743167196, -0.6546707571056374, 0.09350422036902684, -0.2968680605215381, -0.504201190758553, 0.5752054010023855, -0.029117099111883954], [-0.5449984622494839, 0.1975732611302686, 0.3222657027070472, -0.5807828512348316, -0.3517857896192966, -0.30304621721124847, -0.6553190275655709, -0.10828030063241297, 0.5376081491346572, 0.5471891279413015, 0.31202104970254835, 0.11457292598917135, 0.031939091453943524], [-0.5811090005772064, -0.6449916121800268, -0.4581247175872127, 0.31839867328499094, 0.652014082605491, -0.28282897057472395, 0.06811633772992187, -0.07640821782436186, 0.27832998169550016, -0.17902387906911932, 0.4115598468393545, 0.5078656235733519, 0.08908141341938694]], "inverted": false, "swapped": true, "error_lsq": 0.05691469110510723, "error_max": 0.4218191968078738, "target": "418.xyz", "model": "22.xyz", "model_rescale": 4.166573947596378, "target_rescale": 3.9385937596695713},
{"mapping": [1, 11, 2, 0, 4, 8, 12, 13, 10, 14, 9, 3, 5, 15], "R": [[-0.19230979810233645, -0.9785500537190434, -0.07386970908495466], [0.32284372717874776, -0.13417205978436658, 0.9368936899107361], [-0.9267086216147837, 0.15632546414349013, 0.3417213483017261]], "T": [0.03517793454274422, -0.05343298104826269, -0.016055751933984827], "aligned_model": [[-0.10509007588456946, 0.12140432451702425, 0.08867853018909486, 0.26423009751248044, 0.5980640025386514, 0.7509171193696705, -0.4095043742419659, -0.5936886478874935, -0.14141506871630594, -0.4164473898191793, 0.326380102654738, 0.5023933475502191, -0.4900806486179027, 0.008247404158596816], [-0.7374329442299901, 0.16594102153967902, -0.5981885317880304, -0.5805248985624654, -0.5204453977927251, 0.06342361042898624, 0.12926658965655155, 0.20251179716681736, 0.4239923187554676, 0.5961741056809514, 0.4517559283337822, -0.13234373469008892, -0.3763076690521666, -0.11181607399756288], [0.12735971614843572, -0.7687398716594859, -0.4074485410765412, 0.5640002625750455, 0.0540312684563629, 0.34191225858202784, -0.46131956850500705, 0.48974285512488275, 0.5333268355324781, -0.011263833068177923, -0.15900549627215477, -0.3860685933651951, 0.5415438695362926, 0.009027100025131914]], "inverted": false, "swapped": false, "error_lsq": 0.047277880381915605, "error_max": 0.29430322826688504, "target": "418.xyz", "model": "23.xyz", "model_rescale": 4.274766983524099, "target_rescale": 3.9385937596695713},
{"mapping": [0, 11, 1, 6, 10, 9, 7, 8, 3, 5, 13], "R": [[0.3328369271020779, -0.7656252435023135, 0.5504884798697147], [0.9333903825578577, 0.18442520741980362, -0.3078469369941154], [0.1341714340153765, 0.6162834813461948, 0.776010758246348]], "T": [-0.05134054628311914, 0.06687625534848617, 0.00481501255269734], "aligned_model": [[0.45107102720781167, -0.016100894772979754, -0.46132286323587807, -0.4210422536460376, -0.572349703689933, -0.6634943206665932, -0.2024996404180182, -0.03698464668990732, 0.8467527657108905, 0.4105719676307796, 0.04529326652794072], [-0.26465382576139557, 0.6438009725992054, 0.4842630296806709, -0.250472439625137, 0.45156440349108556, -0.19330175974796265, -0.49215438002295364, -0.05179195545086364, 0.056995390537441556, 0.42361628122062395, 0.1077208143227687], [-0.42565274215698773, -0.1822659074499923, -0.5260141820452217, -0.461555168448095, 0.16024511779388198, 0.4760180617394607, 0.194882521818194, 0.671644699191177, 0.07928756652349078, 0.45114150689400323, -0.058165039838333626]], "inverted": false, "swapped": true, "error_lsq": 0.06159023079359323, "error_max": 0.36312134790369427, "target": "418.xyz", "model": "24.xyz", "model_rescale": 3.7841303162186577, "target_rescale": 3.9385937596695713},
{"mapping": [7, 3, 6, 0, 1, 8, 13, 14, 9, 12, 5, 4, 10, 15], "R": [[-0.2005587705071331, -0.8613183838476579, -0.46680490702083016], [-0.7984706465269804, -0.13237219365575364, 0.5873007994048277], [-0.5676449649274211, 0.4905183421573779, -0.6611890424074831]], "T": [0.02641466427127343, -0.12571595364122332, 0.10036683155309425], "aligned_model": [[-0.12285840709640791, -0.017484353280476587, 0.17879454822243496, 0.32784052022185484, 0.7173974177835671, 0.4905233701096764, -0.5851556619400216, -0.5962904254904731, -0.10011080591601079, -0.2056458992873751, 0.27674497214012805, 0.6041424128694726, -0.4981601390780976, 0.03435117406478716], [-0.7563256217417577, 0.04547691049223332, -0.5032938630716441, -0.6907186408142949, -0.38337133180619987, -0.07332258809760545, 0.140152256347062, 0.2972621522106038, 0.3033604998803392, 0.5796001130118718, 0.5614656555910049, -0.006451594536072969, -0.3862261294824524, -0.1516016965338821], [0.15379488376213787, -0.6856152084204196, -0.49649307288027644, 0.4626434747461944, 0.1962466221996925, 0.46274209016063017, -0.3086512955347839, 0.35062041387585985, 0.47722942050743533, -0.05406453634211314, -0.3838386189934405, -0.35648216319817916, 0.6124320903349602, 0.03653416181639749]], "inverted": false, "swapped": false, "error_lsq": 0.049687912641090626, "error_max": 0.2911015751042092, "target": "418.xyz", "model": "25.xyz", "model_rescale": 4.19342608120988, "target_rescale": 3.9385937596695713},
{"mapping": [2, 11, 4, 7, 0, 6, 12, 9, 5, 10, 8, 13], "R": [[-0.8838194485036418, -0.41035291993938905, -0.22466344505489944], [0.4485443709330875, -0.6068265296376386, -0.6561779562223808], [0.1329328016366137, -0.6807143630225216, 0.7203865810964855]], "T": [-0.032676328005651574, -0.012705390637605845, 0.020252447642708178], "aligned_model": [[-0.24571966324015798, 0.3485579415104315, 0.22535616874625297, -0.40941902664550006, -0.4912065956397691, -0.5894198060195888, -0.2695475632170561, -0.05527369677924354, 0.5554386031553894, 0.3180045511324863, 0.234111146179653, -0.02307350455111703], [-0.7047638640166461, -0.46909001191941685, -0.5570202328752468, 0.4663234701490014, -0.3252582240350168, -0.14165904761968834, 0.4914444003815663, 0.6621362155514842, 0.05641243017164193, 0.05114713187306998, 0.5928387871363726, -0.10973462705614113], [0.013491902274960173, 0.14457759492364836, -0.4374399874820044, 0.01096424776770017, -0.4693318573567371, 0.3784400331270776, -0.6578768919468464, 0.47690912620440823, -0.4146929635441849, 0.5828711528190937, -0.12497413212726272, -0.0536797634504319]], "inverted": true, "swapped": true, "error_lsq": 0.04325502828532197, "error_max": 0.20549585322382047, "target": "418.xyz", "model": "26.xyz", "model_rescale": 3.795458400668931, "target_rescale": 3.9385937596695713},
{"mapping": [10, 6, 9, 8, 12, 4, 11, 5, 2, 7, 3, 0, 13], "R": [[0.8326465863491728, -0.39054087509254776, 0.3926544118216636], [0.5504459558483674, 0.6615866069376517, -0.5092272687228192], [-0.06090083686819603, 0.6401413800112223, 0.7658394751291431]], "T": [-0.009464141087610567, -0.1575677013372963, -0.03687232164784332], "aligned_model": [[0.15124793377454243, 0.550828403001117, 0.5447514405184919, -0.06868964958035753, -0.1214960237748886, -0.6746075435024854, -0.3415935167564899, -0.6623080546938824, -0.11666097297918104, 0.4035276213318025, -0.7283335933838868, -0.1381662613554977, -0.09882339977802783], [-0.7903899061637403, -0.08891746979029813, -0.3616016008498881, -0.11247327525735465, 0.5899506744508887, -0.08084380294667128, -0.5773757476226749, -0.20004346531490533, -0.13970484185805454, 0.17782626990786177, 0.38595526209696346, 0.44566422615562723, -0.12616481955083947], [-0.16840831334033093, 0.33224839451741794, -0.5987196439241533, -0.7102287643809015, -0.4827417309909321, 0.31532006848900745, 0.2504158875329111, -0.3712741608507341, 0.6790661224385703, -0.3342587189964404, -0.031883473322961764, 0.3720030598498419, 0.040597935078131864]], "inverted": true, "swapped": true, "error_lsq": 0.05575438236226078, "error_max": 0.33241954239445587, "target": "418.xyz", "model": "27.xyz", "model_rescale": 3.6321398670334006, "target_rescale": 3.9385937596695713},
