[{"mapping": [11, 10, 5, 9, 7, 8, 4, 1, 0, 6, 12, 2, 13, 14], "R": [[0.010919014645623892, 0.9992151446491323, -0.03807715618297419], [0.13837787103666999, -0.03922298359683912, -0.989602507254868], [-0.9903193121041958, 0.005536448462331256, -0.13869754075648402]], "T": [0.017360080310886664, 0.0954119942513753, 0.028353035388230197], "aligned_model": [[0.010685049100105946, 0.30188985235002325, -0.5149486533763246, -0.4670432121263094, -0.48422964231687404, 0.1302422575586723, -0.5996800878259404, -0.10834088652351982, -0.4970508670439072, 0.2758765021654829, 0.6356203885329004, 0.11151293174308209, 0.5247254216793811, 0.05223304721153114], [-0.5599389094738818, -0.37951303930849967, -0.40222224556238834, -0.343139672548333, 0.15227183087252416, 0.21988361271106543, 0.1871679421903099, 0.6212771282391083, 0.7090168167123286, -0.03308822195726231, 0.43734375425477584, 0.7157414693873531, -0.19920552663799374, 0.10967839293092801], [0.23882171050633377, -0.30889752028565454, 0.3704413577842728, -0.4091430600643216, 0.7217667614116225, -0.7101680334438472, -0.07738992420624415, 0.6475827884665156, 0.25879700042420783, 0.77040613466791, 0.35462153644302463, -0.08624857348489698, 0.13059795501626945, -0.003600046055358956]], "inverted": false, "swapped": true, "error_lsq": 0.046617742890653215, "error_max": 0.30205766833335457, "target": "419.xyz", "model": "0.xyz", "model_rescale": 3.8414455957264533, "target_rescale": 4.076664910310359},
{"mapping": [7, 9, 2, 5, 0, 11, 8, 13, 3, 1, 10, 12, 6, 10, 14], "R": [[0.47785013672147003, 0.7089227398846819, 0.5187367306347875], [-0.8767253393118862, 0.3479899312090367, 0.3320477182357801], [0.05488101897496578, -0.6134586837363423, 0.7878175658772429]], "T": [-0.07128308285449403, -0.06692339163864733, -0.11072830633192071], "aligned_model": [[-0.10666379167379142, -0.5637505491489594, 0.2632844059273259, 0.3366972113941248, 0.06131902164532896, -0.2261230164249612, -0.773385871990817, -0.6871709221935637, 0.6652704202035196, 0.4608632050737226, -0.044530294065752124, -0.4205874695444214, -0.15651844491852773, -0.044530294065752124, -0.02417200670302949], [-0.4227948781252119, -0.09092062017745262, 0.2229963062529803, 0.45063742843597476, -0.777836960036827, -0.5111350477955902, 0.23312310020267105, -0.49616818029545684, -4.9815782853845914e-05, -0.39930749303514246, 0.4716035410809394, 0.029598381147098313, 0.647653084752726, 0.4716035410809394, -0.06687716312414022], [-0.6446371868390806, -0.5823315375097906, -0.7011653409453371, -0.11310780438581658, -0.16108651973104463, 0.599881292277733, 0.0925600940289577, -0.004529994647821944, 0.146941528971485, 0.4849553585035404, 0.31076230025148666, 0.5608069024877982, -0.4142782465815354, 0.31076230025148666, -0.03427869263659966]], "inverted": true, "swapped": false, "error_lsq": 0.04716038534667114, "error_max": 0.40861682646261543, "target": "419.xyz", "model": "1.xyz", "model_rescale": 4.316132596720782, "target_rescale": 4.076664910310359},
{"mapping": [5, 4, 7, 13, 6, 11, 12, 10, 0, 9, 2, 14], "R": [[0.5178055028601221, -0.6425661888438502, -0.56478859245072], [0.6201998113588217, 0.7366861446544575, -0.2695286965512835], [0.5892619580443473, -0.2107183362425804, 0.7799795686893989]], "T": [0.022642105926408106, 0.15252710324061236, -0.011765022345600971], "aligned_model": [[-0.12621477330177383, 0.5085496616067703, 0.06463195604298513, -0.5273249591344046, -0.5456179415280091, -0.49520298135578894, -0.27620890367889867, -0.3160376764946329, 0.6404016973410618, 0.22454286229517736, 0.4217395214109997, 0.024550091428294733], [-0.6053639952926755, -0.22193254328720152, -0.6039805192000253, 0.38073259777323687, -0.11936184683343237, -0.18514916967845885, 0.5419675606351133, 0.40626260714339135, -0.16828580750062827, -0.10366739099503236, 0.48984551783516017, 0.20170941714153348], [0.21508196834392987, 0.1431966407691678, -0.41373635960787747, -0.00029434493636292663, -0.4987380866720432, 0.29095205108489536, -0.6156180476792459, 0.47931869253331305, -0.46967995488682135, 0.7037609474235524, -0.37747595469592043, -0.00750909046716584]], "inverted": false, "swapped": true, "error_lsq": 0.053458704712587145, "error_max": 0.29410350711010924, "target": "419.xyz", "model": "2.xyz", "model_rescale": 3.795458400668931, "target_rescale": 4.076664910310359},
{"mapping": [5, 11, 6, 3, 4, 2, 13, 9, 10, 8, 1, 14], "R": [[0.9436542786466018, -0.2719321577909745, 0.1885987909587612], [0.10457008593469125, -0.2956812109795704, -0.9495460592310762], [0.3139772277085924, 0.915764993343161, -0.25058487074767194]], "T": [0.05030851225830619, 0.0932896323586515, 0.0679656392768021], "aligned_model": [[-0.11327874246251879, -0.12066091788282754, -0.7272859980623275, 0.10317720036121505, 0.31362235750883943, 0.10712974317951979, -0.1709732460139141, 0.6212749242137587, 0.31993886821464246, 0.724931150574917, -0.5356104166937321, 0.0710389028059927], [-0.24081285479015385, -0.5323078837333536, -0.07787658672542593, 0.005393064056500363, 0.33838913107128005, 0.6650239562805725, -0.31950158648483395, -0.21678406409138895, -0.44775540349868026, 0.1647818445591892, 0.6500015684283946, 0.09721786021760939], [-0.6459192135449466, -0.16273682728538152, 0.07386064126355063, 0.7331227488549714, -0.4525450246009818, 0.3449099594527938, 0.4358119250109049, -0.3750113430840777, 0.3020994819861239, 0.4047476137297972, -0.08220489124636743, 0.11263636010271363]], "inverted": false, "swapped": true, "error_lsq": 0.04196760573277306, "error_max": 0.2592572234361629, "target": "419.xyz", "model": "3.xyz", "model_rescale": 3.7530521520055578, "target_rescale": 4.076664910310359},
{"mapping": [2, 8, 3, 10, 12, 9, 1, 4, 7, 11, 14], "R": [[0.24623004897238088, -0.8092972335958539, -0.5332998693766545], [-0.14067285486124498, 0.5145728371166011, -0.8458285542631907], [0.9589483358806387, 0.2832892214608066, 0.01285714260184101]], "T": [-0.044682362454075794, -0.029258600410303676, 0.025164727024805517], "aligned_model": [[-0.3589008945000241, -0.1586455357619319, 0.3571743151870444, 0.40196198579867465, 0.29499167896012585, -0.24123222752284862, -0.3476109379908833, -0.6023713588698155, -0.35161179278099103, 0.37576763983844613, -0.031323269912591566], [-0.5454620387093122, 0.0016141406539682407, -0.37552394262373523, 0.28192421201061046, -0.7234208995984506, 0.6978770435732384, -0.5407628754495639, 0.2612021512368832, 0.018765184067772486, 0.44233396936126834, -0.05134358620833318], [-0.17881485606813818, -0.722971763089018, -0.3890410295026213, -0.3268622597368933, 0.11667713043283462, -0.20070880728834323, 0.5929481488013107, 0.09555529180199038, 0.8246244991382123, 0.2983838148821678, -0.016959392126185947]], "inverted": true, "swapped": true, "error_lsq": 0.0477699873649074, "error_max": 0.24174216293465053, "target": "419.xyz", "model": "4.xyz", "model_rescale": 3.7855080009869324, "target_rescale": 4.076664910310359},
{"mapping": [15, 8, 10, 5, 14, 12, 6, 13, 3, 2, 0, 1, 7, 4, 16], "R": [[-0.35657934838704936, 0.20803767121299832, 0.9108081552446379], [0.8032789508091587, -0.4295449886911329, 0.4125942678676865], [0.477068229387375, 0.8787556145178291, -0.013945410090351384]], "T": [-0.12004944616363859, -0.0628367949485224, -0.016952420571112507], "aligned_model": [[-0.09301367988457147, -0.4543753368176223, 0.19119425489997965, 0.3557345750409484, 0.06312909525367479, -0.3715403049506355, -0.6946588661909243, -0.717908510310391, 0.5698496796059284, 0.43105662631607283, 0.25430972577989114, -0.16370180288843855, -0.24720046480858276, -0.2915947898693941, -0.09127859766148824], [-0.5816879659259304, -0.10754384021571939, 0.1258129442122866, 0.5890088253065038, -0.7115757764918418, -0.5207688980146277, 0.24661121086361182, -0.45160566730069085, 0.012781292811552603, -0.35044505228596506, 0.37704552432242383, 0.06010839153695002, 0.6026563346176679, 0.5798550042583446, -0.10812710311391167], [-0.6567810198091681, -0.6346395200847074, -0.6482232883743595, -0.07884019917106602, 0.040325448830880725, 0.41907028518878925, -0.028911274268786907, -0.14458839584059274, 0.010208331722177957, 0.382233344162549, 0.5072924066757395, 0.7287572359720983, -0.33682893554784477, 0.30634346580924726, -0.014163431769495617]], "inverted": true, "swapped": false, "error_lsq": 0.033532120567512896, "error_max": 0.20475258735747862, "target": "419.xyz", "model": "5.xyz", "model_rescale": 4.2253639853439635, "target_rescale": 4.076664910310359},
{"mapping": [2, 8, 13, 12, 3, 11, 6, 1, 9, 4, 10, 5, 7, 14], "R": [[-0.2958610775558303, -0.4698975799362883, -0.83166248391852], [0.3113668892437395, -0.8705292074705493, 0.3810899621131132], [-0.9030597339435413, -0.1462024736819349, 0.40386625709398316]], "T": [0.04124234205039637, -0.009154549739034203, -0.04844785709398622], "aligned_model": [[0.4497903756413728, -0.20856003913242177, -0.37690999577835493, 0.1746327177385541, -0.26335641470585813, -0.39502872289193625, 0.12543198086526441, 0.7688952502342931, -0.27366607723247593, 0.3439602585004147, -0.6012792198551373, 0.016481120525971865, 0.5893552323100638, 0.024315686538032982], [-0.23618636716665967, 0.12439227836658612, -0.4051913650641292, -0.7757830080942115, -0.499740900897104, 0.11622579676281741, -0.4699722238596084, -0.2827782946970864, 0.7092400856891858, 0.5456189353234634, 0.00605866273382347, 0.48381124344715465, 0.16186314148252826, -0.03245883739176923], [-0.48244325342447214, -0.7508814510438847, 0.10313235303325027, -0.05855164430873794, -0.39413487559968174, 0.4690207437566397, 0.5954038525558945, 0.21881914556643137, -0.10429392200230123, -0.07890339701803543, -0.13320348601363105, 0.5874675882062308, 0.5887123230212356, -0.08858576779748932]], "inverted": false, "swapped": true, "error_lsq": 0.04064067832938816, "error_max": 0.2101830764330945, "target": "419.xyz", "model": "6.xyz", "model_rescale": 3.89814844738969, "target_rescale": 4.076664910310359},
{"mapping": [4, 0, 2, 5, 8, 1, 7, 9, 11, 6, 12, 13, 14], "R": [[0.9683387109725405, 0.17414259399472515, -0.17887005839107734], [-0.24943401405119253, 0.6458285117111366, -0.7215872823818947], [-0.010139697547193738, 0.7433571755339199, 0.6688178347770677]], "T": [0.07470077228182383, 0.06530499322340687, 0.06424193872736993], "aligned_model": [[0.08319384373865898, -0.05215656853165994, 0.38835560654115897, -0.4977804248573726, 0.8233482713610804, -0.36726130008398555, -0.6510909353055736, 0.2568613298302766, -0.3223267075007424, -0.6073861831789487, -0.007433734166987685, -0.013224358596300653, 0.11553296165461875], [-0.3252091186654231, 0.20286608348613056, 0.4940487589295756, -0.4969894550262106, -0.03660421046619011, 0.5422663429198681, 0.009567005462446945, -0.699617807974046, -0.29411606994609196, 0.4146817042698091, 0.8177045853664361, 0.24838259658563422, 0.08680085052854633], [-0.4335189403432962, -0.7476805227520255, -0.28875434202561917, 0.00015545572061896606, 0.11706594062779482, -0.43870712110899646, -0.38937415470599934, 0.054883135657240054, 0.4966909020846165, 0.2802955132254592, 0.24524759774320987, 0.624085541293228, 0.08188602542006465]], "inverted": false, "swapped": true, "error_lsq": 0.049795046355992044, "error_max": 0.2867139012733526, "target": "419.xyz", "model": "7.xyz", "model_rescale": 3.7474275329858107, "target_rescale": 4.076664910310359},
{"mapping": [1, 2, 0, 6, 12, 13, 8, 4, 10, 11, 7, 9, 3, 5, 14], "R": [[-0.7858681997123691, 0.6172377134206505, 0.03779917739960675], [-0.6163542005465225, -0.7867719631589996, 0.033126687965915835], [0.050186374141765154, 0.0027355288667568773, 0.9987361236744778]], "T": [-0.05326424352981535, -0.07744473069642993, -0.022173132919021475], "aligned_model": [[-0.06283529344151796, -0.6926995376878238, 0.2902485185640514, 0.35423797637262566, 0.23559874762319005, -0.3603014270846386, -0.6715767852460273, -0.7791201765244724, 0.6959966710371519, 0.1846811270859891, 0.2821204530010818, -0.22043158255556056, -0.24407896290517989, -0.17874294600580004, -0.09309517871862273], [-0.36514382078278207, -0.1495251077194642, 0.13266745675482047, 0.6145628674422665, -0.6196407169032374, -0.8910913351942156, 0.18310434897825723, -0.3597153055376359, -0.015259166821017224, -0.24249547811502992, 0.3275898599760031, 0.16554276749329322, 0.5047472336734948, 0.5938773817446894, -0.11709576040878805], [-0.7163917214175759, -0.5648668031263719, -0.5437717224397894, -0.1705157205014132, 0.03460981947623169, 0.20546517580012738, 0.10035887797460447, 0.05320811780552465, 0.07784885084470428, 0.5279361352895189, 0.4106567616304537, 0.6802174966988211, -0.39470071106244053, 0.19370456531408436, -0.042504668791018774]], "inverted": false, "swapped": false, "error_lsq": 0.05353478072904146, "error_max": 0.46389216412904644, "target": "419.xyz", "model": "8.xyz", "model_rescale": 4.019505241142653, "target_rescale": 4.076664910310359},
{"mapping": [7, 11, 4, 0, 1, 2, 8, 6, 12, 13, 10, 3, 14], "R": [[-0.43193790599452625, -0.11403936305445422, 0.8946645567134076], [-0.8808768458705786, -0.15960529530896983, -0.44562555146494615], [0.1936120548265644, -0.9805718603873308, -0.03151505739110311]], "T": [-0.019154913904490103, 0.03973057473070411, -0.057709393062935294], "aligned_model": [[-0.2524084077951473, -0.7004166305615986, 0.0049582215258328136, 0.40963820549893937, 0.26865703406722813, 0.6134729536674846, 0.33897076275977134, -0.32541584019067277, 0.2980435076651869, -0.24978268228176626, -0.3202414470792739, 0.2249509679422444, 0.009274126522947315], [-0.7022204125661855, 0.055514380384021275, 0.014693600355110605, -0.4532354999974469, -0.7283973565619691, -0.040820827295128495, 0.7056471424049336, -0.5716706662795273, -0.28196131708443567, 0.11735005993212781, 0.5522838306700136, 0.32598023851262814, 0.07021505563991726], [-0.4193022944603404, 0.03955196184050813, -0.6894775492675114, -0.5747730563063438, -0.11178455443299942, -0.04768947716464846, -0.10186891595196707, 0.3501859557781939, 0.5759417413134237, 0.4858521442050121, 0.20091190410270363, 0.500348250694379, -0.031192616306531112]], "inverted": true, "swapped": true, "error_lsq": 0.04538815480231085, "error_max": 0.2907381588308931, "target": "419.xyz", "model": "9.xyz", "model_rescale": 3.877068213659057, "target_rescale": 4.076664910310359},
{"mapping": [13, 2, 4, 1, 6, 10, 9, 14, 5, 12, 0, 11, 7, 8, 15], "R": [[0.6218047200357157, -0.6514858290129997, -0.4346551561140742], [-0.6514105950644473, -0.12213134245709556, -0.7488312038286136], [0.4347678998949765, 0.7487657509427583, -0.5003266167575333]], "T": [-0.05798247976879063, -0.09304669135224951, -0.0633933840066718], "aligned_model": [[-0.26718979286838035, -0.5082943428465686, 0.18932468175982126, 0.4265621968860979, 0.0905732371875365, -0.4427173577177099, -0.7005081100803494, -0.7110818022537169, 0.6914331843115973, 0.4135572044637363, 0.2868351470542724, -0.19441324931662396, -0.11922597510913165, -0.39734666516677486, -0.01750675278935942], [-0.6115138821468711, 0.06342808929499537, 0.1315070816617993, 0.6264321178654573, -0.6841303127639241, -0.4948509134844814, 0.022642667217466092, -0.5109041290990638, 0.11908626734523643, -0.31883108578115354, 0.3041811527678442, -0.006466277863524647, 0.625928917022978, 0.5480524392866964, -0.05243690674279971], [-0.597305893860913, -0.5250103539528842, -0.6520405199266448, -0.08514906408142295, 0.030712548767514808, 0.3767693361619273, 0.03367406989068299, -0.15492470830596863, 0.002721761820375951, 0.4703359004998017, 0.5341657174398745, 0.6567078265078029, -0.44498200838740165, 0.19956438859426953, 0.006015452328446719]], "inverted": false, "swapped": false, "error_lsq": 0.03910842368849931, "error_max": 0.2689040637741128, "target": "419.xyz", "model": "10.xyz", "model_rescale": 4.260839863003843, "target_rescale": 4.076664910310359},
{"mapping": [1, 12, 11, 6, 5, 7, 0, 2, 10, 9, 4, 14], "R": [[-0.6400087615670408, -0.27736398340455676, 0.7165598410651965], [-0.06441293811697246, 0.9486589610405209, 0.30967264819589513], [-0.7656629536033215, 0.15203748336340056, -0.625015875903934]], "T": [0.1256183865485074, -0.09926505947240927, 0.09243072662214294], "aligned_model": [[0.17023714015012972, 0.41332014242845305, -0.5042432703027804, -0.2904121925251707, -0.6139843224888675, -0.3553641586417132, 0.32539939761002445, 0.7040808544341532, 0.02027674186597958, -0.13714530979518205, 0.06200287029237725, 0.16473075606672666], [0.18756903109795853, -0.5655537472358975, -0.32957298841311106, -0.4057531235685841, 0.21428805027324194, 0.37188750847449964, 0.5922545388938015, 0.03436546316991357, -0.5240675519830881, 0.21064735863463835, 0.5130362224449019, -0.12602225625534075], [-0.676669871881163, -0.46021457674136634, 0.2475402922741076, -0.5133493258118634, 0.1442875011829591, -0.43890620531783864, -0.32723832706417577, -0.1406593902373838, 0.5706512784945297, 0.7656962616823229, 0.238648040351326, 0.10639240046404969]], "inverted": true, "swapped": true, "error_lsq": 0.06133204273178113, "error_max": 0.32653072059148674, "target": "419.xyz", "model": "11.xyz", "model_rescale": 3.890672605050136, "target_rescale": 4.076664910310359},
{"mapping": [4, 0, 7, 9, 5, 3, 2, 10, 8, 12, 6, 1, 13, 14], "R": [[0.13310472622790503, 0.7206862375448244, -0.6803634902530264], [0.970724326675158, 0.04368989884041241, 0.23618948820888805], [0.19994352566876583, -0.6918833281361823, -0.6937723306606745]], "T": [0.10133932482867279, -0.085234124354295, 0.13387838972207494], "aligned_model": [[0.498151746628864, 0.08647192884695908, 0.4617472136840133, 0.7397350294576247, 0.8408271685632136, -0.42906850155778054, -0.3844246261371643, 0.19245865283911895, -0.0903293603587048, -0.5767321117271574, 0.01818580264420798, -0.13286172171070348, -0.07902375182871237, 0.0647383654499151], [-0.15311953419075883, 0.22912235537767017, 0.6323634120679301, -0.5424587872318805, 0.22852036622615557, -0.3372914567998961, -0.14066367173750077, -0.48131154208070737, -0.8117314802235253, 0.2456188177694672, 0.6275560731166854, 0.5890489014122325, -0.03637465185438146, -0.11712628202372588], [-0.3542514798994198, -0.63760906067135, -0.16746496208050315, 0.0917656875906635, 0.18615356092107777, 0.46264810273075224, -0.2757164041053772, 0.6389218167765585, 0.03841297250406743, 0.3245868835484075, 0.47884429270720635, -0.2738870211055638, 0.6993472300240171, 0.14303881641632454]], "inverted": true, "swapped": true, "error_lsq": 0.04078675456580483, "error_max": 0.21001443503334558, "target": "419.xyz", "model": "12.xyz", "model_rescale": 4.124412569039231, "target_rescale": 4.076664910310359},
{"mapping": [10, 6, 7, 3, 5, 9, 12, 8, 1, 2, 4, 0, 14], "R": [[0.12077936724450011, 0.9865338565394671, -0.11028732633165317], [0.783644486400579, -0.026556794821884555, 0.620641648282454], [0.6093551209122569, -0.16138676076479974, -0.7762993301992823]], "T": [0.04724900814475326, 0.0065477613719369665, 0.028585286105783675], "aligned_model": [[-0.22674282092141784, -0.12445944363440216, 0.6080530143008576, -0.6033499248634019, 0.6521041385731501, 0.5224037425936982, -0.5631689509954423, -0.1485014467895993, 0.18723159497683967, -0.1114784820459523, 0.6404569973443226, 0.5264717387928526, 0.008278150178252959], [-0.5121175804182707, 0.5923125452444553, 0.6122948998993243, -0.12706084093078812, 0.028215878605511058, -0.6121965909336726, 0.4861872102140487, -0.5627501761764613, 0.8006790222159439, 0.22473130937659141, -0.06399907298460236, 0.4935422473746031, -0.012353474978205704], [0.3045629243510891, 0.5398402847582523, 0.2614310658596124, -0.08015594380617004, 0.5593372138502269, 0.1273797825804904, -0.025730331131791656, -0.4310129694905397, -0.13122952934804313, -0.54934937209483, -0.17990145757920334, -0.44829611105757394, 0.004822524076319688]], "inverted": true, "swapped": true, "error_lsq": 0.048905500670286615, "error_max": 0.33478192436466403, "target": "419.xyz", "model": "13.xyz", "model_rescale": 3.9028299243045295, "target_rescale": 4.076664910310359},
{"mapping": [11, 14, 13, 5, 1, 6, 7, 9, 8, 2, 0, 3, 10, 4, 15], "R": [[0.7674416295768329, -0.10737883576828156, -0.6320626003977007], [0.3330680589413233, -0.7756181757052298, 0.5361735853515636], [-0.5478129364167245, -0.6220017935221246, -0.5594772162919113]], "T": [0.003664019851596173, -0.041494966007605605, 0.010400727561126488], "aligned_model": [[-0.14101328549941514, -0.3877394678873338, 0.1872248550068162, 0.2825607109259687, 0.022353534136725084, -0.39232918319295573, -0.8597763164054063, -0.6961116444393267, 0.7562016515923687, 0.461783792663632, 0.3621836934657703, -0.20497079429055123, -0.42608718429175263, -0.11593421781364274, -0.10834454045645037], [-0.5829599474820958, -0.09278054907353994, 0.2622519861465704, 0.3428301093228179, -0.6908306310454805, -0.47167848068020907, 0.21391071833734654, -0.3169273560160278, 0.11718063371330298, -0.3915797328318913, 0.341834450330092, 0.04386563293247785, 0.4606339964180589, 0.5847508964213262, -0.058376501912093905], [-0.4709939540579441, -0.7815738626489009, -0.7014240828026319, -0.18094374148666936, 0.024983316782959463, 0.3306190735309962, 0.10973188060915641, -0.17747283275034526, 0.08122675684996229, 0.4683490863877725, 0.652069342538137, 0.5916704822487524, -0.33388550463476246, 0.2403477980376191, -0.0014493051086402996]], "inverted": false, "swapped": false, "error_lsq": 0.04588744690119228, "error_max": 0.2998719081016874, "target": "419.xyz", "model": "14.xyz", "model_rescale": 3.942246331269136, "target_rescale": 4.076664910310359},
{"mapping": [10, 6, 9, 2, 4, 13, 8, 11, 5, 3, 1, 12, 7, 0, 14], "R": [[-0.5012127533921635, 0.3338408106342773, 0.7983333194800872], [0.7284842518563717, -0.3351215103543336, 0.597498341499868], [0.4670079984693077, 0.881047039863865, -0.07523059824840006]], "T": [-0.0789774930132556, -0.0913920501306254, -0.03312362220484329], "aligned_model": [[0.04927975132585341, -0.4187425288096154, 0.18835349227937123, 0.2503195810377258, -0.015175491784320427, -0.518897842580999, -0.7599574957048203, -0.6709194625851442, 0.5139628050630738, 0.42506991005439976, 0.359137899783027, -0.1480786961027954, -0.2669723966570013, -0.1785069826137549, -0.06887093919055311], [-0.5794047702922557, 0.004798732628799776, 0.09435126456253148, 0.5901169698043838, -0.6706080207758769, -0.5410242782603316, 0.2758143314704244, -0.45639592703712906, 0.1328792823788244, -0.36249558430271867, 0.18642683477422178, -0.11349801834701287, 0.6039007451608698, 0.6072602538182679, -0.009996591002343999], [-0.5374986615140327, -0.46682449043183716, -0.7694631305035857, -0.13190019537972164, 0.030924335695989166, 0.48188200103496787, -0.016794643870238254, -0.2077314661269457, -0.003061511156154738, 0.4016027511851316, 0.5893818039287808, 0.7810094185590987, -0.4937811448274058, 0.17350726066367889, 0.02000212623773588]], "inverted": true, "swapped": false, "error_lsq": 0.042111673246382875, "error_max": 0.25838544771845634, "target": "419.xyz", "model": "15.xyz", "model_rescale": 4.355366556412066, "target_rescale": 4.076664910310359},
{"mapping": [5, 4, 7, 13, 6, 11, 12, 10, 0, 9, 2, 14], "R": [[0.5178055028601221, -0.6425661888438502, -0.56478859245072], [0.6201998113588217, 0.7366861446544575, -0.2695286965512835], [0.5892619580443473, -0.2107183362425804, 0.7799795686893989]], "T": [0.022642105926408106, 0.15252710324061236, -0.011765022345600971], "aligned_model": [[-0.12621477330177383, 0.5085496616067703, 0.06463195604298513, -0.5273249591344046, -0.5456179415280091, -0.49520298135578894, -0.27620890367889867, -0.3160376764946329, 0.6404016973410618, 0.22454286229517736, 0.4217395214109997, 0.024550091428294733], [-0.6053639952926755, -0.22193254328720152, -0.6039805192000253, 0.38073259777323687, -0.11936184683343237, -0.18514916967845885, 0.5419675606351133, 0.40626260714339135, -0.16828580750062827, -0.10366739099503236, 0.48984551783516017, 0.20170941714153348], [0.21508196834392987, 0.1431966407691678, -0.41373635960787747, -0.00029434493636292663, -0.4987380866720432, 0.29095205108489536, -0.6156180476792459, 0.47931869253331305, -0.46967995488682135, 0.7037609474235524, -0.37747595469592043, -0.00750909046716584]], "inverted": false, "swapped": true, "error_lsq": 0.053458704712587145, "error_max": 0.29410350711010924, "target": "419.xyz", "model": "16.xyz", "model_rescale": 3.795458400668931, "target_rescale": 4.076664910310359},
{"mapping": [4, 0, 2, 5, 8, 1, 7, 9, 11, 6, 12, 13, 14], "R": [[0.9683387109725405, 0.17414259399472515, -0.17887005839107734], [-0.24943401405119253, 0.6458285117111366, -0.7215872823818947], [-0.010139697547193738, 0.7433571755339199, 0.6688178347770677]], "T": [0.07470077228182383, 0.06530499322340687, 0.06424193872736993], "aligned_model": [[0.08319384373865898, -0.05215656853165994, 0.38835560654115897, -0.4977804248573726, 0.8233482713610804, -0.36726130008398555, -0.6510909353055736, 0.2568613298302766, -0.3223267075007424, -0.6073861831789487, -0.007433734166987685, -0.013224358596300653, 0.11553296165461875], [-0.3252091186654231, 0.20286608348613056, 0.4940487589295756, -0.4969894550262106, -0.03660421046619011, 0.5422663429198681, 0.009567005462446945, -0.699617807974046, -0.29411606994609196, 0.4146817042698091, 0.8177045853664361, 0.24838259658563422, 0.08680085052854633], [-0.4335189403432962, -0.7476805227520255, -0.28875434202561917, 0.00015545572061896606, 0.11706594062779482, -0.43870712110899646, -0.38937415470599934, 0.054883135657240054, 0.4966909020846165, 0.2802955132254592, 0.24524759774320987, 0.624085541293228, 0.08188602542006465]], "inverted": false, "swapped": true, "error_lsq": 0.049795046355992044, "error_max": 0.2867139012733526, "target": "419.xyz", "model": "17.xyz", "model_rescale": 3.7474275329858107, "target_rescale": 4.076664910310359},
{"mapping": [7, 9, 4, 11, 1, 12, 0, 8, 6, 2, 13, 10, 3, 14], "R": [[-0.16124313971125706, 0.847523072680261, 0.5056731070273219], [-0.9561814365367265, -0.007286206408533696, -0.29268408159436105], [-0.2443720735244074, -0.5307085381551551, 0.8115606799313284]], "T": [0.03370629972594983, 0.024827962050186406, -0.007951880005585648], "aligned_model": [[0.4142063675698251, 0.2311546645191416, 0.6042630765897865, -0.3449710993894109, 0.3715253902990901, -0.3175227342754079, 0.7779580621537519, 0.0792832693924915, -0.32116011915218406, 0.3116355075549806, -0.5587316705734101, -0.4335326113850675, -0.415110085363729, 0.01584962994301922], [-0.6721641463529379, 0.5227817304471853, 0.11072711639750231, -0.0797579806945322, -0.670358018397707, -0.34718207848840604, -0.3028253495929949, 0.7352262341218941, -0.6859806682692206, 0.04084227864476396, -0.026364737412949923, 0.4345811046110751, 0.2465210116860465, 0.05436174481151469], [-0.3320962698977998, -0.5836541776323617, -0.26761627155256096, -0.5731877902594991, 0.27200360563002934, 0.5784447156660578, 0.1736150316817164, 0.2507100107409952, -0.06093078053028203, 0.5658998804788935, 0.024753711197792978, -0.19244870405982847, 0.44190468551456685, 0.027397071683935088]], "inverted": true, "swapped": true, "error_lsq": 0.04264708658570247, "error_max": 0.2604173424764401, "target": "419.xyz", "model": "18.xyz", "model_rescale": 3.922800546911778, "target_rescale": 4.076664910310359},
{"mapping": [6, 4, 8, 12, 1, 2, 11, 10, 5, 0, 3, 9, 13, 7, 14], "R": [[-0.9181107316621644, 0.35476919123238765, -0.17666778245928916], [-0.029016951048072975, 0.38439805223268625, 0.922711305876107], [0.39526029519626543, 0.8522775125462565, -0.3426256567295079]], "T": [-0.03456127278223548, -0.028600676799165885, -0.08088143418909205], "aligned_model": [[-0.20433655738923395, -0.5673392838356999, 0.2280791881165924, 0.38914073277722566, 0.24974322011911232, -0.25334820402672076, -0.6769638931339215, -0.7466524014738264, 0.7279844608154313, 0.5142152275618441, 0.17784637903144315, -0.5164391529169969, -0.2429730186966807, -0.2729200186500124, -0.06603507478410997], [-0.5143385210750515, -0.05037522416047146, -0.0015057312124221664, 0.6267427750876098, -0.7112374717537264, -0.48171404756907377, 0.27860597335842313, -0.4058650005164998, 0.0037284137803124465, -0.26946703167755526, 0.18596832125159063, -0.06730256060838413, 0.5281267003872891, 0.6036502986620019, 0.03710833062661204], [-0.5402319226920864, -0.5703102840920069, -0.632856529862911, 0.017177808723184196, -0.1149546704034339, 0.42897100989050524, -0.06722272879490887, -0.04626205013701931, -0.08442463331064054, 0.5015877816795067, 0.4830266949521704, 0.5741292975866779, -0.42502227523555747, 0.345328410084122, -0.01768145489214143]], "inverted": false, "swapped": false, "error_lsq": 0.03953284872596362, "error_max": 0.2482579173984134, "target": "419.xyz", "model": "19.xyz", "model_rescale": 3.9282355846067225, "target_rescale": 4.076664910310359},
{"mapping": [9, 10, 3, 11, 5, 13, 6, 12, 7, 0, 8, 4, 2, 14], "R": [[-0.08698311910156739, -0.7476793704607084, 0.6583384357447478], [0.8485451798924853, 0.2906161259828349, 0.44216891003321196], [-0.5219243380726676, 0.5970911373535934, 0.6091610288102809]], "T": [-0.0025614639780143396, -0.13671041727482877, 0.07185984144518598], "aligned_model": [[-0.6592619326214829, -0.08692711290655254, 0.5314795451320411, -0.421388842846908, -0.7265118501652753, 0.2037919551894552, 0.12271213760437634, 0.6953131523713256, -0.3478302280347742, -0.00896220396764404, 0.15677482217563693, -0.42239370485662164, 0.46257753510410327, 0.033149546906996605], [-0.5388831426950319, -0.6781839768997062, -0.49646883410932974, -0.16267225980529768, 0.1567409852175692, -0.2858569276286458, 0.41545697611394816, 0.09546059404112975, 0.6481061084873521, 0.41962552554041377, -0.7920722466780665, -0.026953274128626234, -0.06081504010317354, -0.17060239992769927], [0.23116627924529837, -0.27446044021453164, -0.12391801079772993, -0.4737920949605975, -0.12255969879962525, -0.466514267956338, -0.48796472260105905, -0.1824665499539989, 0.09422919014646654, 0.6920882438799324, 0.41647812205004936, 0.5323308564152118, 0.5016185518495918, 0.07594769894101248]], "inverted": true, "swapped": true, "error_lsq": 0.0392816248566794, "error_max": 0.2199633447963999, "target": "419.xyz", "model": "20.xyz", "model_rescale": 4.067790424073018, "target_rescale": 4.076664910310359},
{"mapping": [12, 9, 12, 0, 11, 13, 1, 10, 2, 6, 4, 5, 7, 8, 14], "R": [[0.18709840356136193, 0.8837703267126593, 0.42888716115895725], [0.10230941688816586, -0.45175337341897953, 0.8862571143977214], [0.9769989614123411, -0.12193809587971918, -0.17494036175918687]], "T": [0.00040736495825960395, -0.0185307744721479, 0.056987347552595206], "aligned_model": [[0.012939331190363293, -0.5359792829054337, 0.012939331190363293, 0.3445983770511269, 0.06401731896448581, -0.45281857944465953, -0.7849799090316305, -0.6313470316443424, 0.703773541248311, 0.4699344357422903, 0.3214828560587661, -0.2629098237870485, -0.32458194910405086, -0.14497229334980608, -0.052094718664288414], [-0.30699017868970513, 0.004002007539333514, -0.30699017868970513, 0.4742425286729557, -0.6425856749712293, -0.4805314218271528, 0.21909746496435167, -0.47216490112798903, 0.2090389889379059, -0.3731223788440522, 0.34545356951244444, 0.08893815667986346, 0.5639332825713266, 0.5004137750926724, -0.06060981524036542], [-0.6526942633395687, -0.5050015644352336, -0.6526942633395687, -0.32138422699141106, -0.09966995005449183, 0.32394268134616516, 0.05916701630213215, -0.2006738312465075, 0.14189880950878042, 0.5057256082406028, 0.694873247290905, 0.5742692898299163, -0.2773500945722007, 0.2433450845861012, 0.017500910369839515]], "inverted": true, "swapped": false, "error_lsq": 0.05041828674920605, "error_max": 0.42331323332124193, "target": "419.xyz", "model": "21.xyz", "model_rescale": 4.186013935880536, "target_rescale": 4.076664910310359},
{"mapping": [6, 12, 1, 5, 9, 7, 11, 10, 0, 2, 8, 4, 14], "R": [[-0.590690530539064, -0.7867752707081667, -0.1790792297659623], [0.39587821921819677, -0.08918676563415556, -0.9139617915341689], [0.7031110386561348, -0.6107621421124669, 0.3641489710023662]], "T": [-0.14585799692142903, -0.028092967772192032, 0.02679270866895284], "aligned_model": [[0.08404733219790739, -0.3909402196224083, 0.3942686000370264, 0.41667265419886884, -0.08550911994058086, 0.6752993366261102, -0.09597970493434846, -0.6336293067015771, 0.4754054355140321, -0.2108568106567658, -0.6659746314089452, 0.2865749815292635, -0.19080451141535743], [-0.3619484631527831, 0.1834747932616441, 0.31988545756315184, -0.5714911657252816, -0.3098107410097893, -0.13256811619799128, -0.7146277637390699, -0.40991290127582963, 0.5271182797275321, 0.5948729812174753, 0.2823779497602206, 0.11919558077290016, -0.00760923165608637], [-0.6585319559473574, -0.6808710947076378, -0.4859983151054968, 0.21730388924886498, 0.7584825726155751, -0.1977812506997247, 0.029717802909268762, 0.21795129130512944, 0.02431478703845139, -0.0936046605880296, 0.4814743937487572, 0.46456787835773006, 0.02585422315981483]], "inverted": false, "swapped": true, "error_lsq": 0.04608694340157927, "error_max": 0.2742650428884401, "target": "419.xyz", "model": "22.xyz", "model_rescale": 4.166573947596378, "target_rescale": 4.076664910310359},
{"mapping": [13, 13, 5, 1, 10, 9, 12, 14, 0, 8, 4, 3, 6, 2, 15], "R": [[-0.925112400493448, -0.2619319164805007, -0.2748794600949701], [0.22294174388737503, 0.21129480691884522, -0.9516572299949095], [0.3073500045318144, -0.9416720106799288, -0.13707588780056745]], "T": [-0.1529495456787177, -0.013996477667109417, 0.12211870027215921], "aligned_model": [[-0.2067433048343604, -0.2067433048343604, 0.17936910857097677, 0.24330464740774077, -0.0850900407132213, -0.3870931404800021, -0.7719385796311673, -0.6932450153475349, 0.6448553868002724, 0.37009153545398826, 0.39686980363859775, -0.1667793477752358, -0.3326690533423946, -0.12753835864260057, -0.11664873275625137], [-0.3705306336804802, -0.3705306336804802, 0.07587671066663561, 0.5196428007768213, -0.6611890862998985, -0.4233087313062492, 0.13291249119878346, -0.48624440125253676, 0.10257099771615223, -0.41999189329021547, 0.24611467851518354, 0.15368095082836808, 0.6017272911117842, 0.6335646738174875, 0.027830009459298574], [-0.6439118252080479, -0.6439118252080479, -0.6345510448992363, -0.13539012643166864, -0.24866162285866972, 0.49372255159299056, -0.03488985345212112, -0.2111086505633485, -0.007013310604233963, 0.5865268076106696, 0.5343011634003088, 0.6992839006811751, -0.28738437797354194, 0.3033038703343088, 0.08093879707492467]], "inverted": false, "swapped": false, "error_lsq": 0.04586554086401591, "error_max": 0.40736939977745484, "target": "419.xyz", "model": "23.xyz", "model_rescale": 4.274766983524099, "target_rescale": 4.076664910310359},
{"mapping": [11, 3, 8, 4, 2, 0, 7, 1, 6, 12, 14], "R": [[-0.644542304447461, 0.6097066831835325, 0.46132740896124114], [0.540206015227291, 0.7901522638026719, -0.289545956835465], [-0.5410570015162994, 0.06258722304790712, -0.8386537787557765]], "T": [-0.05174914720557762, 0.10531661412135128, -0.17556992052549342], "aligned_model": [[0.4392460651774875, 0.13208942352580988, -0.4832976424719384, -0.5258403162839521, -0.41627147686552446, -0.5688915649670854, 0.023200377108908612, -0.06706363539136202, 0.6012632756466205, 0.3034074914851174, -0.05794729300600653], [-0.21974895934571792, 0.7518082882425754, 0.5996656670953985, -0.31013150557151126, 0.44234445983789017, -0.2198814307957851, -0.6204922772109495, -0.12606117387158527, -0.09257880385678148, 0.5568388680339854, 0.15382339868596434], [-0.532056246524935, -0.2103086672901619, -0.5537680814253736, -0.23015673052442923, 0.2248581607856877, 0.391037415520513, 0.2752425774956139, 0.6131062772765823, 0.23479336636639037, 0.3494116869789284, -0.18259332463723812]], "inverted": false, "swapped": true, "error_lsq": 0.046543993549752936, "error_max": 0.23181148272284022, "target": "419.xyz", "model": "24.xyz", "model_rescale": 3.7841303162186577, "target_rescale": 4.076664910310359},
{"mapping": [11, 11, 13, 12, 6, 0, 10, 7, 5, 4, 2, 8, 14, 9, 15], "R": [[-0.17958619865441167, -0.7337217258568748, 0.6552871326819014], [-0.8427954074131762, 0.4583195805542763, 0.28220393924219284], [-0.5073900851377737, -0.5015930532674491, -0.7006851721120703]], "T": [-0.12851717483603986, -0.04714258732642575, 0.08573879337313425], "aligned_model": [[-0.2783403588447681, -0.2783403588447681, 0.09902867427749815, 0.33528585099596264, 0.10310140801857165, -0.6231249255105548, -0.835333421846269, -0.6138631986123184, 0.7265663387256516, 0.47104743560062223, 0.33882870495761486, -0.17818600163309697, -0.26246078171998777, -0.16649935104329022, -0.09770841100642129], [-0.34008495255068616, -0.34008495255068616, 0.16700928855623587, 0.5047743096821756, -0.7037321846930321, -0.40730916093762304, 0.20224181921174733, -0.45680546108852954, 0.14785634470690096, -0.3968923761011109, 0.3128773425550583, 0.014933409683327098, 0.6338250053211153, 0.5266139812916312, -0.1030971885058698], [-0.6079220411511951, -0.6079220411511951, -0.631451458846022, -0.14973179598700576, -0.10731401015328049, 0.49436228948839733, -0.12276376300250574, -0.05362091086661372, 0.09783618088194465, 0.35942055385846916, 0.5555967577147515, 0.6715180708136327, -0.2985022901269163, 0.19298366637095188, 0.058765245652047826]], "inverted": false, "swapped": false, "error_lsq": 0.04525784864938719, "error_max": 0.32923320742659157, "target": "419.xyz", "model": "25.xyz", "model_rescale": 4.19342608120988, "target_rescale": 4.076664910310359},
{"mapping": [5, 4, 7, 13, 6, 11, 12, 10, 0, 9, 2, 14], "R": [[0.5178055028601221, -0.6425661888438502, -0.56478859245072], [0.6201998113588217, 0.7366861446544575, -0.2695286965512835], [0.5892619580443473, -0.2107183362425804, 0.7799795686893989]], "T": [0.022642105926408106, 0.15252710324061236, -0.011765022345600971], "aligned_model": [[-0.12621477330177383, 0.5085496616067703, 0.06463195604298513, -0.5273249591344046, -0.5456179415280091, -0.49520298135578894, -0.27620890367889867, -0.3160376764946329, 0.6404016973410618, 0.22454286229517736, 0.4217395214109997, 0.024550091428294733], [-0.6053639952926755, -0.22193254328720152, -0.6039805192000253, 0.38073259777323687, -0.11936184683343237, -0.18514916967845885, 0.5419675606351133, 0.40626260714339135, -0.16828580750062827, -0.10366739099503236, 0.48984551783516017, 0.20170941714153348], [0.21508196834392987, 0.1431966407691678, -0.41373635960787747, -0.00029434493636292663, -0.4987380866720432, 0.29095205108489536, -0.6156180476792459, 0.47931869253331305, -0.46967995488682135, 0.7037609474235524, -0.37747595469592043, -0.00750909046716584]], "inverted": false, "swapped": true, "error_lsq": 0.053458704712587145, "error_max": 0.29410350711010924, "target": "419.xyz", "model": "26.xyz", "model_rescale": 3.795458400668931, "target_rescale": 4.076664910310359},
