[{"mapping": [13, 14, 10, 7, 9, 11, 0, 4, 6, 2, 8, 3, 12, 15], "R": [[-0.3527230789531349, 0.8115833655172144, -0.4657454995913245], [-0.030309993611345176, -0.5073844760556098, -0.8611865638437787], [-0.9352367261079417, -0.28964363323492226, 0.2035653012312585]], "T": [0.0018794375162013433, 0.1340439775706504, 0.03721476223376098], "aligned_model": [[0.21321067782891395, 0.19273579040294686, -0.36756132182823015, -0.3825933634618849, -0.7039263894288633, 0.10219691582636789, -0.8281225574043146, -0.3181177060836381, -0.3293162613514693, 0.25835954908601844, 0.7158366865675309, 0.21517858097477993, 0.6417248667988048, -0.038113366798659065], [-0.5703694549819112, -0.37122113832835874, -0.29146747332561235, -0.19387186551762525, 0.10679770195395566, 0.2827217650783813, 0.10716137179942709, 0.577756631386189, 0.7360074099028535, 0.07580846379227835, 0.2733006503206238, 0.703002485590335, -0.2997124854980328, 0.09935926963753104], [0.430848312214134, -0.43858700353061947, 0.27134175779927444, -0.3438610156780802, 0.6820449813787604, -0.5306198916336278, -0.019686801864325823, 0.6494689266759689, 0.011566751158650287, 0.6615018191686184, 0.29095805054235035, 0.042066262143476335, 0.015126598516687295, 0.17541934028856704]], "inverted": false, "swapped": true, "error_lsq": 0.0525853365750049, "error_max": 0.30707867844498987, "target": "42.xyz", "model": "0.xyz", "model_rescale": 3.8414455957264533, "target_rescale": 4.06366923162288},
{"mapping": [6, 0, 2, 9, 4, 1, 13, 3, 14, 8, 10, 5, 7, 11, 15], "R": [[-0.14860809236319955, 0.8336221200707888, 0.5319678522362551], [0.9658658795176877, 0.23777641177820397, -0.1027885245803528], [-0.2121761948657167, 0.4985343909205917, -0.8405026611508973]], "T": [0.040952604035169406, 0.11499560774157759, 0.088104750803053], "aligned_model": [[-0.646244096281734, -0.33521870138683435, 0.2190554989890182, -0.2710510090341552, -0.49842182256295353, 0.22433174265196903, 0.7624175139184173, -0.35511870151934, 0.572933500024867, 0.2639222335776669, 0.23753433793820353, -0.4517738681588202, 0.14116896185276137, -0.04440768398777629, 0.0529162474832548], [0.13657144528248016, 0.2560184174370907, -0.5270187096387676, -0.45325365567314335, -0.4883357157882431, -0.5671145791615376, -0.25377258129383284, 0.05394924491208049, 0.5994869731854708, -0.21682668643537079, -0.0545086819229985, 0.6662480018126052, 0.5519624273841369, 0.659772789940881, -0.016134161997836946], [0.08999249911503523, -0.6409161612321124, 0.21059853529839095, -0.615071440821414, -0.050462182209881995, -0.36265024822053515, -0.1101500229741336, 0.5448702354898433, 0.0688499280699876, 0.7466573607962252, -0.4641504775491563, -0.227192167350225, -0.3586430119317905, 0.3129075934653035, 0.020541347393998086]], "inverted": false, "swapped": true, "error_lsq": 0.04716700881746288, "error_max": 0.3070150577431, "target": "42.xyz", "model": "1.xyz", "model_rescale": 4.316132596720782, "target_rescale": 4.06366923162288},
{"mapping": [13, 2, 8, 7, 14, 10, 11, 0, 3, 9, 6, 15], "R": [[-0.594777709767624, -0.45709552071383774, -0.6612890146576804], [0.739802175711228, -0.6330914295305193, -0.22778933835440407], [-0.3145349213942925, -0.6247070727936008, 0.7147089312616272]], "T": [-0.013424840368047693, 0.009983268500568158, -0.16145648239017044], "aligned_model": [[-0.34153841921794215, 0.322387344038942, 0.3460897232717984, -0.5497093628162688, -0.6630530556810901, -0.2866313429759343, -0.19146534711149696, -0.1888343747108731, 0.48680786618101635, 0.21788680094485674, 0.4170167223477751, 0.028852000360997835], [-0.6984095315283537, -0.5367495166808881, -0.5392833672501667, 0.3162123273868163, -0.10370672728914651, -0.08351496770860219, 0.3315808689152255, 0.583240410423976, 0.14628202701587992, 0.11063197120162364, 0.5436240846524595, -0.05713115139784328], [0.13235922346001153, 0.05584789069931956, -0.5646542900750731, -0.022930102853741224, -0.4498382984131255, 0.3761104495540367, -0.629944941641273, 0.4160134463137708, -0.47835352122976793, 0.7610807795374441, -0.10992080824861503, -0.03651136589356574]], "inverted": false, "swapped": true, "error_lsq": 0.04678853061149527, "error_max": 0.2719034665824318, "target": "42.xyz", "model": "2.xyz", "model_rescale": 3.795458400668931, "target_rescale": 4.06366923162288},
{"mapping": [11, 7, 0, 1, 3, 4, 10, 12, 13, 2, 6, 15], "R": [[-0.6636728702668414, 0.7182849383697019, -0.20881826688057306], [-0.401973713699296, -0.5778937228056088, -0.7102506449392856], [-0.6308371063646852, -0.3874346299094962, 0.6722640498943276]], "T": [0.07253983116791025, -0.004034449661645757, -0.11483487503901424], "aligned_model": [[-0.07037386965230842, -0.36609062988469476, -0.7029676884223912, 0.1821679597963512, 0.17576108664963908, -0.06640541703839194, -0.10858351950914312, 0.720725562730934, 0.5273329308246335, 0.5476899103479637, -0.3387871862323224, 0.09283468613329539], [-0.09374934437151841, -0.4580760201377169, -0.054341521953259246, -0.01961476729027181, 0.5204291208074374, 0.6458630027074559, -0.3022161640452098, -0.4083352147854897, -0.4923083331585234, 0.19240569104034558, 0.5365898644761772, 0.019122732000282045], [-0.685914367640935, -0.15973982206878656, 0.1833614690000105, 0.7157198864412957, -0.4038282679861876, 0.3673080211545838, 0.3858086274736645, -0.23496346581767763, 0.3857232134604627, 0.32624496527161884, -0.22087176015621335, 0.0299229315072648]], "inverted": false, "swapped": true, "error_lsq": 0.04894427346025699, "error_max": 0.24426294012444125, "target": "42.xyz", "model": "3.xyz", "model_rescale": 3.7530521520055578, "target_rescale": 4.06366923162288},
{"mapping": [3, 12, 2, 13, 4, 14, 6, 11, 5, 10, 15], "R": [[0.6326420236002785, 0.26809250762590775, -0.7265607182677835], [-0.5547918865628945, -0.49768784427689655, -0.6667179105611309], [-0.540342514132406, 0.8248837596982186, -0.1661226968454415]], "T": [-0.09699060351004188, -0.04085740956703734, 0.019210460989905524], "aligned_model": [[-0.4317136645176366, -0.12391401857634302, 0.3552288494519279, 0.4857885704367416, 0.30109285003953956, -0.31162007855124274, -0.2909463603333111, -0.6643800929252873, -0.4444266310670145, 0.4175068606124879, 0.045583317875343504], [-0.5451531051897921, 0.27121246312600455, -0.347154171075284, 0.3241395290321298, -0.7052343299403999, 0.6166990669617725, -0.5012123492524752, 0.12288591529663057, 0.07900365357385059, 0.2324007594903539, -0.0803840737084444], [-0.03445674785861288, -0.6878413432526136, -0.3815233813601259, -0.4529677024080679, 0.2917304137092527, -0.179937659023131, 0.49161164556510384, 0.09577524368469406, 0.7340476853038717, 0.2008261321646559, 0.015566490720289745]], "inverted": true, "swapped": true, "error_lsq": 0.04557542572101072, "error_max": 0.23469792429466643, "target": "42.xyz", "model": "4.xyz", "model_rescale": 3.7855080009869324, "target_rescale": 4.06366923162288},
{"mapping": [0, 10, 10, 6, 7, 1, 4, 2, 8, 5, 3, 12, 15, 9, 14, 16], "R": [[0.15492376044365969, 0.9676556820699113, -0.1991007519016705], [-0.8822643955610555, 0.04483227656424677, -0.46861455728919943], [-0.4445313990881645, 0.24825903394616258, 0.8606737403272142]], "T": [0.0045469980331054385, -0.026158724197699268, -0.018427161192296204], "aligned_model": [[0.3130945211972882, -0.6620652394599592, -0.6620652394599592, -0.10180212993293875, -0.5359625697885828, 0.6514717327762608, 0.07034921904277627, 0.46253786695556287, -0.5395751486203789, -0.3129762367322234, -0.02284381498874998, 0.5885899316521688, -0.39582537122997385, -0.1242472244274937, 0.29339108440764156, 0.02302676050375784], [-0.6665211801725968, 0.004718189197203793, 0.004718189197203793, -0.24764813908624936, -0.5062571816249172, -0.41455550375240763, -0.7218516964212315, 0.032429910020418784, 0.28104371177860676, -0.6524596300530512, -0.17699723208578008, 0.25812052560756793, 0.6889976966453057, 0.29784661591082695, 0.5312053526375946, 0.011561542404946425], [0.3028332226827761, 0.27421428344256454, 0.27421428344256454, -0.6231662538100566, -0.21521219656116328, -0.0795848933150563, -0.2606711290724684, 0.5582854392446974, -0.34225987543693187, 0.38410161458433173, 0.6590048230683669, -0.2212680417611442, 0.06858643742048989, 0.6023357622261134, 0.2337865936920665, 0.015075556044351276]], "inverted": true, "swapped": false, "error_lsq": 0.04825600595831677, "error_max": 0.3691722698452304, "target": "42.xyz", "model": "5.xyz", "model_rescale": 4.2253639853439635, "target_rescale": 4.06366923162288},
{"mapping": [4, 8, 13, 1, 2, 14, 10, 9, 11, 3, 12, 7, 0, 15], "R": [[-0.015279720279091288, -0.9962021246113117, -0.0857196422536956], [0.7530302736309, 0.04493520149425377, -0.656449719827835], [0.6578084349896747, -0.07457985375810039, 0.7494837611782231]], "T": [0.018026773810704277, 0.1516503280286619, 0.004532110189067216], "aligned_model": [[0.6942109528747668, -0.3737096864453279, -0.43929940369525616, 0.21334936143989103, -0.03331563343157955, -0.556341839494042, 0.12010915598122432, 0.7249179049900114, -0.13439072779194838, 0.18647266583237374, -0.7280657126198121, 0.012592467719225182, 0.6196505944900739, 0.06788205290818347], [-0.16323330593116492, 0.06279658465776561, -0.5331931516563437, -0.6622513495072142, -0.3901797461214965, 0.30854503933245503, -0.2970068080344787, -0.46526216491327915, 0.7197769425837108, 0.45954883952817194, -0.005969153133811633, 0.2760428588419103, 0.12252249447649488, 0.01296206651227022], [-0.3386260253587065, -0.652857111455952, 0.13738061211311167, 0.04320291012548719, -0.3988187050044615, 0.4089960155025744, 0.4053411433599517, 0.19009649556345473, 0.09730026272443926, -0.49151056295199713, -0.12406349803332728, 0.6250672421087062, 0.5790441829652717, -0.008994752727104146]], "inverted": false, "swapped": true, "error_lsq": 0.044832789013616293, "error_max": 0.25514018725163584, "target": "42.xyz", "model": "6.xyz", "model_rescale": 3.89814844738969, "target_rescale": 4.06366923162288},
{"mapping": [2, 8, 3, 1, 6, 12, 13, 4, 10, 14, 11, 0, 15], "R": [[0.04417464973761564, -0.6127042971923955, -0.7890767038270311], [0.6999146453606824, 0.5825812421352385, -0.41318105658632637], [0.7128590951444679, -0.5340342128685538, 0.45457603319541073]], "T": [-0.012603936163065807, 0.19830764494380748, 0.0358696786050888], "aligned_model": [[-0.12275892655336328, 0.015159676114769996, 0.5190233525713982, -0.3265411712700142, 0.6315475122446638, -0.5340738515526993, -0.7496733486467063, 0.4577837078932163, -0.3855074226134984, -0.5284433309911406, 0.1337694353009123, 0.08282653921170376, -0.04448037080501991], [-0.2631605704056842, 0.27218689717389155, 0.30534425078179306, -0.5771093461622853, 0.10650571457288316, 0.46912150519275503, -0.09795951500048927, -0.4738393634182364, -0.1853152004976632, 0.6902019020097288, 0.7613528482223357, -0.09835834618533701, 0.05481048918679357], [-0.44768043923850287, -0.7304749362146415, -0.23826429663885887, -0.0116086008390473, 0.25801760765264276, -0.46688643527586404, -0.21861214762677458, 0.002883068987768217, 0.3293631569140084, 0.13614960528606695, 0.16299092103416069, 0.807715575231484, 0.018681951563853674]], "inverted": false, "swapped": true, "error_lsq": 0.04816558828767947, "error_max": 0.2808284392593416, "target": "42.xyz", "model": "7.xyz", "model_rescale": 3.7474275329858107, "target_rescale": 4.06366923162288},
{"mapping": [5, 11, 14, 7, 12, 10, 0, 9, 13, 1, 6, 4, 3, 8, 15], "R": [[-0.3657097495852315, 0.9133353205821255, -0.1790948665804043], [-0.11202956739905345, -0.2342222008879933, -0.9657066514421266], [-0.9239619879013898, -0.33310441724529877, 0.18797790328914127]], "T": [0.07983806408675888, 0.010929858075060875, -0.05356980353350031], "aligned_model": [[-0.555491959014331, 0.10789048156191168, 0.3929451050943, -0.20470064593038706, 0.818423389051165, -0.13603339738921189, -0.7060181099694849, -0.5586802517504342, 0.5075052680587336, -0.015867420191868598, -0.41650182009445186, -0.332478222942076, 0.11384803953720747, 0.7296052721313688, 0.05770799418630532], [0.08983089968414622, 0.1963774588329542, -0.40252898137065063, -0.4077651962371953, -0.21085608628377223, -0.5111090411562925, -0.26168432061979674, -0.24169193502265274, -0.6072082005457267, -0.3958901724020269, 0.4866583462552435, 0.32376508655654246, 0.6173560535186033, 0.3512980142405133, -0.03743396347029612], [-0.5395750631203678, -0.6187486463189875, -0.5526911054650833, -0.4334369610340925, -0.11134040363569794, 0.17716125066361432, -0.0848005149263978, 0.6121529814150887, 0.30811051372755743, 0.6726672154783452, -0.0474452471821719, 0.5838183452554497, -0.03555768124731033, 0.18194054519545366, 0.08453942689086118]], "inverted": false, "swapped": true, "error_lsq": 0.045966881451211784, "error_max": 0.28137724401669045, "target": "42.xyz", "model": "8.xyz", "model_rescale": 4.019505241142653, "target_rescale": 4.06366923162288},
{"mapping": [6, 3, 4, 9, 0, 10, 2, 5, 7, 11, 8, 14, 15], "R": [[0.1275968699372788, -0.07565414673280002, -0.9889365444073452], [0.6619777747054432, -0.7360040919854404, 0.14171592139458866], [-0.7385827405093073, -0.6727365209818921, -0.04383045469695318]], "T": [0.007567425570473366, 0.0699290830649985, 0.11199518997463849], "aligned_model": [[-0.4162356109728295, -0.5707290211368846, -0.089400889062465, 0.474332034011468, 0.30836745980697483, 0.5854385891395802, 0.15482813695663972, -0.16447331277689298, 0.32049393961042816, -0.3293499004060098, -0.2929111713991477, 0.24558501081246498, 0.09375550715784985], [-0.3760188954834397, 0.13143451566625008, -0.08882853866524783, -0.3136021784180261, -0.689676817703895, -0.07467812049490814, 0.5488242123212765, -0.6891992794086411, -0.34271571386694205, -0.08861520716672429, 0.7736923705027742, 0.17856187372208793, 0.0942000071094945], [-0.1949734923546152, -0.06414153812515143, -0.6877093907579679, -0.6294525884827117, -0.047322068921858265, -0.020351304331923795, -0.3439450366000032, 0.31248668257148776, 0.47581953183090286, 0.5767050979572176, 0.022872360363287936, 0.7825567837121532, -0.00584154281693855]], "inverted": true, "swapped": true, "error_lsq": 0.0505060067181952, "error_max": 0.3472515572383287, "target": "42.xyz", "model": "9.xyz", "model_rescale": 3.877068213659057, "target_rescale": 4.06366923162288},
{"mapping": [1, 3, 6, 11, 12, 1, 0, 7, 10, 5, 4, 8, 14, 13, 2, 15], "R": [[0.8588459240877797, 0.05625701533125643, 0.5091353718843614], [0.48780463577028577, -0.3931178201737372, -0.7794260816670613], [0.15630200254260013, 0.9177655080072842, -0.3650700704156738]], "T": [-0.12373216208034696, 0.02842582078691548, 0.10480314003138991], "aligned_model": [[0.42776000626219823, -0.45491175275827633, -0.7399814045029137, -0.1198066237772063, -0.5536853855180746, 0.42776000626219823, 0.06139692057938795, 0.6358241867072668, -0.46903039712256434, -0.14025071246701806, 0.11542188822066812, 0.5351790977784757, -0.32466069680089193, -0.4714199061518497, 0.2230885789027062, -0.10758566371890974], [-0.6259548404805466, -0.2769793787447552, 0.05158207412294889, -0.09778135091468175, -0.4884671771118432, -0.6259548404805466, -0.5898536075636835, -0.02484443150326647, 0.3646928359200719, -0.73164185855503, -0.0830733491882731, 0.05108841837523716, 0.774380381527798, 0.5433728700624749, 0.5258200012914741, -0.04203457655393794], [0.248152184741955, 0.5518032357200203, 0.10251528734863441, -0.6223224448738714, -0.22101440107447462, 0.248152184741955, -0.3612696084380009, 0.39895106651426987, -0.415681636758523, 0.2865163826842095, 0.7280719063468813, -0.2960026659518904, -0.007895856785429117, 0.5647827754811947, 0.3743764339120517, 0.05114078228251915]], "inverted": true, "swapped": false, "error_lsq": 0.047388662454665345, "error_max": 0.4322493202560468, "target": "42.xyz", "model": "10.xyz", "model_rescale": 4.260839863003843, "target_rescale": 4.06366923162288},
{"mapping": [4, 3, 11, 6, 7, 0, 9, 2, 12, 14, 10, 15], "R": [[-0.9855872359549812, 0.16897440974058037, 0.008090066467164203], [-0.057562040787229096, -0.37994681140417635, 0.9232155934364459], [0.1590736049224699, 0.9094438241896099, 0.38419723952723583]], "T": [0.00637463800309499, -0.10531665676045346, 0.041153976281754066], "aligned_model": [[0.35996830852830547, 0.07746870158006439, -0.4512628437387378, -0.21318214477598985, -0.49119360528632844, -0.44093243147865907, 0.23246749242823217, 0.6793177971958977, 0.3220827696562212, -0.2861471269628338, 0.06014012698693581, 0.11017160496102282], [0.07338976217080875, -0.5984474831323087, -0.4664094287730012, -0.2380301466929344, 0.2336059445005725, 0.486781787905198, 0.6447043989326917, -0.03487127823209604, -0.3120345351186137, -0.1063240687442204, 0.49786152777172255, -0.007147975054885208], [-0.6779912002592441, -0.3066986760086198, 0.16274682307254898, -0.5967255844594253, 0.23640816183402683, -0.33593963474614125, -0.5075359849914672, 0.008097883168843599, 0.7161582903266931, 0.6988289014754127, 0.11630229269778253, 0.0025268052850947673]], "inverted": false, "swapped": true, "error_lsq": 0.040654594757287686, "error_max": 0.22954125182109283, "target": "42.xyz", "model": "11.xyz", "model_rescale": 3.890672605050136, "target_rescale": 4.06366923162288},
{"mapping": [6, 0, 9, 3, 4, 12, 7, 8, 11, 13, 1, 10, 2, 15], "R": [[-0.2874596528183115, -0.7223725990020208, -0.6289235058515792], [-0.448954611389497, -0.47840860177132244, 0.7546952806685051], [-0.8460536064066397, 0.4993025515279025, -0.18678933889289506]], "T": [0.03777292974538024, -0.19440241504847902, 0.043309390171671965], "aligned_model": [[0.644281744494484, 0.15252921755258922, 0.37399459565131776, 0.5201795262222674, 0.7203346685749478, -0.4904709669343058, -0.3224712963118771, 0.11722621369964656, -0.0439360510958931, -0.5108471301472648, 0.032839903680122434, -0.19948813204945065, 0.15367663981333707, 0.06202690164377287], [-0.2570319212558435, 0.25822958151874853, 0.685850899776477, -0.5388970892413332, 0.2529780669158702, -0.4114203983929904, -0.11315819036784922, -0.483627852121986, -0.7155874250486405, 0.24027425808298528, 0.5951039315003613, 0.35458608645118295, 0.12393910934648703, -0.0590865373357041], [-0.27439013433155984, -0.6457617557589713, -0.12045669154944558, 0.17688012284866056, 0.13327844034012662, 0.5647461649870158, -0.4706851204019287, 0.7529211523053845, -0.23290556758118697, 0.4970480467588037, 0.32391173997391176, -0.07785468593387856, 0.629937684742139, 0.09812103895779042]], "inverted": false, "swapped": true, "error_lsq": 0.04793490127502143, "error_max": 0.3164362620879074, "target": "42.xyz", "model": "12.xyz", "model_rescale": 4.124412569039231, "target_rescale": 4.06366923162288},
{"mapping": [2, 4, 0, 8, 10, 13, 3, 14, 6, 11, 7, 5, 15], "R": [[-0.5132088025696002, 0.29573608903908616, -0.805702730915654], [-0.2683238053839723, 0.8364157146385773, 0.47792372589138343], [0.8152417190191762, 0.4614638858518657, -0.3499028745597199]], "T": [0.041545798175496626, 0.05236295336711046, -0.04360247926716445], "aligned_model": [[-0.27388490676234745, -0.09284373785313256, 0.7306076292366491, -0.6633017923858048, 0.5198229979244241, 0.17663474888348724, -0.4476737517624086, 0.28177369286013604, -0.025537021967619797, 0.0092718881796965, 0.6188828949251092, 0.4725813141140297, 0.06096435211753882], [-0.20329186045766595, 0.5310790045412933, 0.49336537691715077, -0.2525462574536251, -0.12118506009625564, -0.6889049571094932, 0.4053504199115962, -0.42062811587579435, 0.7358532830480142, 0.1803558536969208, 0.03308312671793136, 0.62391962863613, 0.03103493403227492], [0.4986629895789685, 0.60977692651413, 0.10993718811406375, 0.01749807700358725, 0.2932861177268722, 0.31427935745692326, -0.11638933193013873, -0.5300963765752507, -0.011210354297404738, -0.6242754399637583, -0.30220845049066614, -0.4091186566406919, 0.1015560344712049]], "inverted": true, "swapped": true, "error_lsq": 0.0467782100029054, "error_max": 0.27206329222307823, "target": "42.xyz", "model": "13.xyz", "model_rescale": 3.9028299243045295, "target_rescale": 4.06366923162288},
{"mapping": [10, 3, 6, 11, 9, 13, 14, 5, 1, 7, 4, 12, 2, 0, 8, 15], "R": [[-0.9538730089626807, 0.010321661783911057, -0.3000329083125721], [-0.2964852159614394, 0.12456369160430641, 0.9468792971916777], [0.047146574517990286, 0.9921579259532858, -0.11575772319501532]], "T": [-0.06953113958533999, -0.00861970158877938, 0.12155634917219779], "aligned_model": [[0.17670722077149212, -0.5389716710189916, -0.7131010399965317, -0.08236386898457079, -0.45538374835623285, 0.6649111380394954, 0.23448147723382365, 0.3999339067551806, -0.3853012303837654, -0.48248587961195866, 0.012904222045570499, 0.4071960352553514, -0.3041124560376013, -0.12704346163705796, 0.3682454457514738, -0.13051794793048088], [-0.6793254299043548, 0.04815135968354094, -0.06421824597604626, -0.1750797034449335, -0.593553951397054, -0.2660402149004027, -0.6734293125663718, 0.020336583392547666, 0.21636056833997752, -0.7689755354631431, -0.20231977363606368, 0.21308661501220938, 0.6889698046613236, 0.45802193968728816, 0.6050044123875636, -0.10263794567263926], [0.33338906133541946, 0.5278715953634481, -0.043170234583985084, -0.59815406285207, -0.20982733203372586, -0.042701289794330965, -0.377097000109183, 0.32370960163113205, -0.39985700282671655, 0.38980128280550763, 0.7657985141415253, -0.3343140259439322, 0.09941461714767576, 0.8043112983919937, 0.2898545001876235, 0.10124610303111989]], "inverted": true, "swapped": false, "error_lsq": 0.04560037068431911, "error_max": 0.36757295123955736, "target": "42.xyz", "model": "14.xyz", "model_rescale": 3.942246331269136, "target_rescale": 4.06366923162288},
{"mapping": [6, 5, 3, 7, 10, 11, 2, 8, 4, 8, 13, 1, 0, 9, 15], "R": [[0.07690343301084346, 0.8045709197561396, 0.5888560919901455], [-0.7990239303608989, 0.402993272847182, -0.44627030009909735], [-0.596361149557689, -0.4361903909105251, 0.6738629847198577]], "T": [0.01891701631764439, 0.003094911646422167, -0.20787916227309616], "aligned_model": [[-0.6451874845363894, -0.3125075318804421, -0.4291040068214498, 0.25519195370331293, 0.2361693958362625, 0.022851598597450062, 0.04698497158677183, 0.0951822081216204, -0.6140977353371126, 0.0951822081216204, 0.666782652937628, 0.10703529250396848, -0.23770503735347706, -0.3235890209207305, 0.011104571973176373], [-0.15840860273293605, -0.6863503897613741, 0.2960305002308307, -0.5835077322794398, -0.2591173048934132, -0.1910952145114495, 0.537621872767413, 0.7515808947531298, 0.16272409665176032, 0.7515808947531298, 0.24439730128155207, 0.13665609218170022, -0.7110012799444431, -0.2309093549624458, 0.03794291634763648], [-0.28264688307727664, -0.4546455906727798, -0.49545480321931407, -0.23314525524235935, 0.29848836892547065, -0.7707997508559576, 0.20733267507508402, -0.3736059988201061, 0.29006169809779986, -0.3736059988201061, 0.2588646886838309, 0.6146041902378045, 0.13428384681312017, 0.6538875428572923, -0.06425624962198667]], "inverted": false, "swapped": true, "error_lsq": 0.056553329051898846, "error_max": 0.4889453859498721, "target": "42.xyz", "model": "15.xyz", "model_rescale": 4.355366556412066, "target_rescale": 4.06366923162288},
{"mapping": [13, 2, 8, 7, 14, 10, 11, 0, 3, 9, 6, 15], "R": [[-0.594777709767624, -0.45709552071383774, -0.6612890146576804], [0.739802175711228, -0.6330914295305193, -0.22778933835440407], [-0.3145349213942925, -0.6247070727936008, 0.7147089312616272]], "T": [-0.013424840368047693, 0.009983268500568158, -0.16145648239017044], "aligned_model": [[-0.34153841921794215, 0.322387344038942, 0.3460897232717984, -0.5497093628162688, -0.6630530556810901, -0.2866313429759343, -0.19146534711149696, -0.1888343747108731, 0.48680786618101635, 0.21788680094485674, 0.4170167223477751, 0.028852000360997835], [-0.6984095315283537, -0.5367495166808881, -0.5392833672501667, 0.3162123273868163, -0.10370672728914651, -0.08351496770860219, 0.3315808689152255, 0.583240410423976, 0.14628202701587992, 0.11063197120162364, 0.5436240846524595, -0.05713115139784328], [0.13235922346001153, 0.05584789069931956, -0.5646542900750731, -0.022930102853741224, -0.4498382984131255, 0.3761104495540367, -0.629944941641273, 0.4160134463137708, -0.47835352122976793, 0.7610807795374441, -0.10992080824861503, -0.03651136589356574]], "inverted": false, "swapped": true, "error_lsq": 0.04678853061149527, "error_max": 0.2719034665824318, "target": "42.xyz", "model": "16.xyz", "model_rescale": 3.795458400668931, "target_rescale": 4.06366923162288},
{"mapping": [2, 8, 3, 1, 6, 12, 13, 4, 10, 14, 11, 0, 15], "R": [[0.04417464973761564, -0.6127042971923955, -0.7890767038270311], [0.6999146453606824, 0.5825812421352385, -0.41318105658632637], [0.7128590951444679, -0.5340342128685538, 0.45457603319541073]], "T": [-0.012603936163065807, 0.19830764494380748, 0.0358696786050888], "aligned_model": [[-0.12275892655336328, 0.015159676114769996, 0.5190233525713982, -0.3265411712700142, 0.6315475122446638, -0.5340738515526993, -0.7496733486467063, 0.4577837078932163, -0.3855074226134984, -0.5284433309911406, 0.1337694353009123, 0.08282653921170376, -0.04448037080501991], [-0.2631605704056842, 0.27218689717389155, 0.30534425078179306, -0.5771093461622853, 0.10650571457288316, 0.46912150519275503, -0.09795951500048927, -0.4738393634182364, -0.1853152004976632, 0.6902019020097288, 0.7613528482223357, -0.09835834618533701, 0.05481048918679357], [-0.44768043923850287, -0.7304749362146415, -0.23826429663885887, -0.0116086008390473, 0.25801760765264276, -0.46688643527586404, -0.21861214762677458, 0.002883068987768217, 0.3293631569140084, 0.13614960528606695, 0.16299092103416069, 0.807715575231484, 0.018681951563853674]], "inverted": false, "swapped": true, "error_lsq": 0.04816558828767947, "error_max": 0.2808284392593416, "target": "42.xyz", "model": "17.xyz", "model_rescale": 3.7474275329858107, "target_rescale": 4.06366923162288},
{"mapping": [6, 11, 7, 3, 9, 1, 0, 14, 4, 10, 2, 8, 13, 15], "R": [[0.8748988254903556, -0.3547366340800481, 0.3297180092096189], [0.35953904270116477, 0.9318663315230127, 0.048547059101171075], [-0.3244745320192731, 0.07607273240393476, 0.942830428791664]], "T": [0.041206829766413045, 0.0910601599012816, -0.1100898612788695], "aligned_model": [[0.22770931051473542, 0.3147309769259871, 0.6194492005884964, -0.19616306409702286, 0.15606932569100557, -0.2121465473610647, 0.7041591070313593, 0.272475754461056, -0.1736392426435677, 0.22202871192855156, -0.5483398618787918, -0.6769938779842182, -0.2806137440633381, -0.01387840123031149], [-0.4109794390436252, 0.41239441911837504, 0.25729397236033813, -0.081389403583741, -0.7074457941058221, -0.3127853638268333, -0.36457729410506223, 0.7561215143275787, -0.7013883139703616, -0.04912881836705904, -0.09493902407772603, 0.2998470462181909, 0.3547757879780955, 0.002608952588885327], [-0.5412295730332839, -0.5302490095303757, 0.08629996415189928, -0.642208764382874, 0.40362706938660237, 0.5789697471473272, 0.10380862548000008, 0.03929013873925241, -0.10917642084889267, 0.4556065386255201, 0.16694218394626242, -0.2947755678957418, 0.6128846434795514, -0.0049948566035925845]], "inverted": false, "swapped": true, "error_lsq": 0.053524899946967346, "error_max": 0.3086796214360897, "target": "42.xyz", "model": "18.xyz", "model_rescale": 3.922800546911778, "target_rescale": 4.06366923162288},
{"mapping": [5, 0, 6, 11, 1, 7, 9, 8, 10, 3, 4, 2, 14, 13, 15], "R": [[0.688078354635062, 0.14951762474494723, 0.7100652489548656], [-0.5713160499972538, -0.49167377736686196, 0.657156653824137], [0.44737696509570246, -0.8578469423740057, -0.2528882649735412]], "T": [0.09173023222393936, 0.21147152689232984, 0.062737076757994], "aligned_model": [[-0.26754427016902604, -0.33337965721652996, 0.3544208276718752, -0.06554802528510348, 0.14492245856577515, -0.5209611692662423, 0.10304143962795106, 0.6507086288111467, -0.24967347064214143, 0.593732343753908, 0.5933278992689308, 0.5049698091537512, -0.43784477464662575, -0.09815313630778849, 0.12403193356773734], [0.41625697046199384, -0.1684287807597088, 0.24555135505793715, 0.7666970817566204, -0.6000789834863324, 0.2286224347167068, -0.6747479310938588, 0.4070098340416515, -0.29162538094579404, 0.4851578559315314, -0.3131698294383972, -0.18277473557838103, 0.5420712990742015, -0.21187062840166648, 0.0689409436980753], [-0.6265056083674935, -0.5437454969468851, -0.5717237980492176, -0.08420851870495821, 0.26432735644064276, -0.09500314085356254, -0.2967032733432491, 0.5555057378211377, 0.11468832846970564, -0.1429897295070655, -0.3210408285301911, 0.42703185950821126, 0.4210112843385939, 0.7559414295060278, 0.08607356538163323]], "inverted": true, "swapped": true, "error_lsq": 0.044050239289297306, "error_max": 0.31356804302264923, "target": "42.xyz", "model": "19.xyz", "model_rescale": 3.9282355846067225, "target_rescale": 4.06366923162288},
{"mapping": [1, 2, 8, 4, 9, 3, 6, 11, 0, 7, 13, 10, 14, 15], "R": [[-0.438368631585427, -0.7083038420886862, 0.553297939743431], [-0.8474909454037178, 0.5307497722094725, 0.007986035205635927], [-0.2993192949020038, -0.465414166718202, -0.83294514412257]], "T": [0.15547513614719377, -0.07775727257188958, 0.016843741132289144], "aligned_model": [[-0.5715161624314458, -0.13103299079558312, 0.46927394721873206, -0.46096786102425025, -0.7951199622547447, 0.3556155487731892, 0.01211431470997798, 0.6521696736142804, -0.36858056738774314, 0.13812178765043814, -0.06086688745365007, -0.3095442976285532, 0.578674832177333, 0.024181443916695633], [-0.45829819334546185, -0.6783952342355356, -0.7237016328389837, -0.1264598645128566, 0.014788166776142309, -0.09319572817095868, 0.3298867843192044, 0.2503571631497546, 0.5545010842772421, 0.3632958442926258, -0.6597423838013684, -0.06610157772258768, -0.038119871428118096, -0.1459324693342628], [0.18641539002838886, -0.10986412901224729, -0.26208137489209204, -0.5233047030211944, -0.03330141772939321, -0.556688572536378, -0.5179294659788544, 0.0013412056356117107, 0.15278035815961577, 0.4704271323090282, 0.5738859369256112, 0.41179056103318445, 0.5977371898789046, 0.020975046443496823]], "inverted": true, "swapped": true, "error_lsq": 0.04419738513087094, "error_max": 0.24331187169196522, "target": "42.xyz", "model": "20.xyz", "model_rescale": 4.067790424073018, "target_rescale": 4.06366923162288},
{"mapping": [7, 13, 0, 6, 9, 1, 4, 14, 10, 12, 8, 3, 11, 2, 15], "R": [[-0.567106983044487, -0.6751412369016591, 0.4717774687467361], [0.35196060215016833, -0.7165054849403936, -0.6022820141631513], [0.7446565680340641, -0.17551125401303833, 0.6439583801756912]], "T": [0.20347889134233949, -0.036345265341012956, 0.010334868604866217], "aligned_model": [[0.2832101448106599, -0.03290270089794292, -0.2221350515290033, 0.06458144953592512, -0.7284550003939891, -0.5472102334189279, -0.4607620577514345, 0.6793914242179491, -0.21847611061329286, 0.5646416145111082, 0.4066551838938859, 0.3470472552137819, 0.7340834748541212, -0.16678925508242237, 0.06556381655709687], [-0.007076931346897963, 0.7635740600912801, -0.3796789662921242, -0.7080565697778183, -0.15517121256617383, 0.33293934629837213, -0.4095711336330063, 0.368951115235348, 0.23462999215799496, 0.6083245742896706, 0.20778981439974334, -0.4403561816264628, -0.26196436385848687, 0.275924836980027, 0.010636759576381265], [-0.6168438740171425, 0.018039699079085876, -0.6172306781602649, 0.057449722283509704, -0.1688015378188387, 0.05699318268829035, 0.3163098115815749, -0.3465242212748712, -0.3373550876914514, 0.23836340819575433, 0.7122112734832281, 0.44091256184615674, -0.1385263870187946, 0.4839345255851694, 0.03631717485973451]], "inverted": true, "swapped": true, "error_lsq": 0.0528711253655664, "error_max": 0.3888881426448071, "target": "42.xyz", "model": "21.xyz", "model_rescale": 4.186013935880536, "target_rescale": 4.06366923162288},
{"mapping": [7, 14, 5, 9, 2, 0, 10, 13, 6, 3, 8, 4, 15], "R": [[-0.23330649495122613, 0.9714138789949869, -0.04385379241852008], [-0.23066088463412385, -0.011474418829734184, 0.9729665431104625], [0.9446500069937951, 0.23711476843173018, 0.22674424111361696]], "T": [-0.13427488474204288, 0.07402735120105436, -0.05329991354342546], "aligned_model": [[0.03393550118943919, -0.5650298769214782, 0.4446502875269166, 0.5289501361910608, -0.34390901435701693, 0.5891936014171026, 0.021165981555834684, -0.6098207702969746, 0.42870994707929344, -0.06907852632774299, -0.6897963278435482, 0.39381684901907243, -0.10421375280873343], [-0.18410927212258182, -0.07166538678215939, 0.2764629562157195, -0.4864054685435932, -0.13667103726218086, -0.2407394216293775, -0.5155119943812065, -0.590826661388685, 0.4551795562764935, 0.6227370866824913, 0.355183250218899, 0.06280163159700232, -0.027478579334728137], [-0.6061449488970927, -0.6112695076053426, -0.5728537564725592, 0.34764629552772003, 0.5554426206628271, -0.3185903248258639, -0.07866557254080757, 0.11292824724120586, 0.04906932495600333, 0.19948637274783743, 0.4004184103557529, 0.5752916524972437, 0.05012074768842195]], "inverted": true, "swapped": true, "error_lsq": 0.05658176063503349, "error_max": 0.3734915497414567, "target": "42.xyz", "model": "22.xyz", "model_rescale": 4.166573947596378, "target_rescale": 4.06366923162288},
{"mapping": [1, 3, 9, 10, 8, 5, 7, 1, 14, 4, 2, 13, 12, 11, 6, 15], "R": [[-0.4050740381485216, 0.8213914737084944, -0.4015358894756954], [0.838779467062017, 0.5086266021399659, 0.19428840735028893], [0.36381867633920195, -0.2580988696498702, -0.8949977342050931]], "T": [-0.1528697772456021, -0.06890112288499209, 0.10850391696889368], "aligned_model": [[0.4195101873124082, -0.5650865101320881, -0.7198025560905594, -0.1231901325587049, -0.5920745466032515, 0.616496087794993, 0.14518011381376192, 0.4195101873124082, -0.23761076829878341, -0.23083468981736605, 0.0026191831162059587, 0.3124044353272294, -0.11925858167390666, -0.6242112055507686, 0.43033971182167174, -0.08889277387805347], [-0.32805273506887345, -0.18023304834444973, 0.019554335173052814, -0.11326069090723506, -0.7319419416333822, -0.1914449525099269, -0.4973305273472155, -0.32805273506887345, 0.4820111758453447, -0.6717900803732296, -0.06730291733608706, 0.1336308655310516, 0.5819385609276538, 0.4326478836685428, 0.2730349997874605, -0.08905702214039221], [0.4451352864848783, 0.5317168887903462, -0.06816532906156379, -0.6385520250596923, -0.03831291949118133, -0.18153255786235428, -0.38037659551024133, 0.4451352864848783, -0.45300509165271935, 0.5211779901925664, 0.7632022201083773, -0.5692230484668335, 0.17676333929367866, 0.4937040979330408, 0.4578662100694552, 0.12474187363886646]], "inverted": false, "swapped": false, "error_lsq": 0.05609716915593703, "error_max": 0.3479347943377248, "target": "42.xyz", "model": "23.xyz", "model_rescale": 4.274766983524099, "target_rescale": 4.06366923162288},
{"mapping": [5, 10, 4, 3, 2, 8, 11, 12, 14, 13, 15], "R": [[-0.7129495441646437, -0.18081667002791726, -0.6775014976481174], [0.6257604111795584, 0.2719362971944634, -0.7310776689713308], [0.31642827824930053, -0.9451751065851131, -0.08072894534182573]], "T": [-0.019863683779151542, 0.03835240662182102, -0.0767376352721616], "aligned_model": [[0.34421577313227397, 0.295818408588058, -0.5504238164726474, -0.5087815881488983, -0.449931758952056, -0.5644371693312404, 0.16442040927999566, 0.02631242803112644, 0.5285499491631527, 0.1533685055095989, -0.059216436841288536], [-0.3030190184785272, 0.5555595303868336, 0.43523500762808665, -0.29924614363232327, 0.48598592796984885, -0.0643041845579114, -0.5276237279085706, 0.007562854123006536, -0.17455679611943858, 0.6192948038459598, 0.18069827798651886], [-0.7068030478657807, -0.14887311369124612, -0.5616339123868366, -0.20409676196718032, 0.19450659680461507, 0.4584393203798893, -0.09449328994343284, 0.694595301765466, 0.33801345113663406, 0.4962397538667469, -0.08632786407729726]], "inverted": true, "swapped": true, "error_lsq": 0.048036198456442844, "error_max": 0.29782961603272706, "target": "42.xyz", "model": "24.xyz", "model_rescale": 3.7841303162186577, "target_rescale": 4.06366923162288},
{"mapping": [10, 14, 13, 6, 11, 0, 7, 8, 3, 14, 9, 1, 5, 12, 2, 15], "R": [[-0.22426164320126785, -0.3050376799772674, -0.9255586038618805], [-0.41940191711486696, -0.8270869482945638, 0.37420477265951585], [-0.8796639968243792, 0.4721008300722123, 0.05755049032012377]], "T": [0.03967410122829249, -0.10106967909739001, 0.05225791559798691], "aligned_model": [[0.03798757174159951, -0.4105250834803415, -0.740098260471253, -0.07714808165669074, -0.4818417043664094, 0.6594112370108687, 0.1651538314372204, 0.5796962978559508, -0.5117401117324015, -0.4105250834803415, 0.02920996921101881, 0.6908910943712137, -0.28338894436215767, -0.4516748870173565, 0.23339303710837886, 0.016297259725897812], [-0.81280683317554, -0.3112332556549626, -0.13502075798436441, -0.009352607443605415, -0.5169554340727622, -0.43923779957868364, -0.6348753154724192, 0.07191443722746632, 0.3115499668488056, -0.3112332556549626, -0.05119814122905754, 0.11768407752930801, 0.7119408292111993, 0.28715184531569665, 0.5328558741612832, -0.08683245982396026], [0.36639559942503863, 0.6706840853925485, 0.10519547733787132, -0.6548255367584312, -0.3278576885097103, -0.15486078025960887, -0.297187273210221, 0.2193216946992939, -0.36570055262263146, 0.6706840853925485, 0.6349619915901634, -0.23252202682563883, 0.11536835369910776, 0.4800804560987089, 0.4119861390311695, -0.011448398588707137]], "inverted": false, "swapped": false, "error_lsq": 0.056136843025674614, "error_max": 0.47660271961251666, "target": "42.xyz", "model": "25.xyz", "model_rescale": 4.19342608120988, "target_rescale": 4.06366923162288},
{"mapping": [13, 2, 8, 7, 14, 10, 11, 0, 3, 9, 6, 15], "R": [[-0.594777709767624, -0.45709552071383774, -0.6612890146576804], [0.739802175711228, -0.6330914295305193, -0.22778933835440407], [-0.3145349213942925, -0.6247070727936008, 0.7147089312616272]], "T": [-0.013424840368047693, 0.009983268500568158, -0.16145648239017044], "aligned_model": [[-0.34153841921794215, 0.322387344038942, 0.3460897232717984, -0.5497093628162688, -0.6630530556810901, -0.2866313429759343, -0.19146534711149696, -0.1888343747108731, 0.48680786618101635, 0.21788680094485674, 0.4170167223477751, 0.028852000360997835], [-0.6984095315283537, -0.5367495166808881, -0.5392833672501667, 0.3162123273868163, -0.10370672728914651, -0.08351496770860219, 0.3315808689152255, 0.583240410423976, 0.14628202701587992, 0.11063197120162364, 0.5436240846524595, -0.05713115139784328], [0.13235922346001153, 0.05584789069931956, -0.5646542900750731, -0.022930102853741224, -0.4498382984131255, 0.3761104495540367, -0.629944941641273, 0.4160134463137708, -0.47835352122976793, 0.7610807795374441, -0.10992080824861503, -0.03651136589356574]], "inverted": false, "swapped": true, "error_lsq": 0.04678853061149527, "error_max": 0.2719034665824318, "target": "42.xyz", "model": "26.xyz", "model_rescale": 3.795458400668931, "target_rescale": 4.06366923162288},
