[{"mapping": [12, 9, 7, 14, 6, 11, 13, 1, 5, 8, 2, 3, 10, 15], "R": [[-0.892938123743705, 0.3175514816235336, 0.3190964802121309], [0.1401867504333001, -0.4774346258669327, 0.8674121586802055], [0.42779572481270056, 0.8192784841200218, 0.38180306872781355]], "T": [-0.09666810344814783, 0.05794842766916147, 0.14054886169109282], "aligned_model": [[-0.05418128791360505, 0.2642824846686531, -0.49072795392931745, -0.32831525214312185, -0.6607971167417522, 0.14414592995357847, -0.7224038597970917, -0.04857160547841918, -0.4639092486176446, 0.3424499663353876, 0.5938245538423663, 0.13945672972327225, 0.6941707226337339, -0.03793196140773629], [-0.7514504612676418, -0.38989762283559953, -0.31885468653888127, -0.2793386023591504, 0.29804115253722846, 0.12418863900281064, 0.15547381604307375, 0.5418974853456522, 0.6903436227670463, -0.1536936892604393, 0.5178072554575084, 0.7314703278899446, -0.05493583682567339, 0.12422193185415635], [0.0875785313020333, -0.34895442014966443, 0.4895995740331034, -0.3430340541861399, 0.6146395671004863, -0.5122844607823893, -0.05442238705029115, 0.6268153590113738, 0.11269202939410111, 0.6714867554290005, 0.3750371913217494, -0.05624945987581678, 0.09798396046996893, 0.13669990116231873]], "inverted": true, "swapped": true, "error_lsq": 0.04447900936584469, "error_max": 0.3370644184035219, "target": "420.xyz", "model": "0.xyz", "model_rescale": 3.8414455957264533, "target_rescale": 4.067729570779833},
{"mapping": [12, 9, 13, 11, 14, 4, 5, 7, 1, 6, 3, 10, 2, 8, 15], "R": [[-0.4164341338646871, 0.29587933218617346, -0.8596732128765161], [0.4258206812874423, -0.7719633021438754, -0.4719633540128113], [-0.8032803741784473, -0.5626082837358403, 0.19548033029321865]], "T": [-0.04120793655291472, 0.02132743599802212, 0.013200082401465509], "aligned_model": [[-0.8284772220310648, -0.6629018900344527, 0.1193409819026992, -0.19702841847665953, -0.4433486268037729, 0.20544100310585928, 0.6195848845870181, -0.22981652684309134, 0.535433296623249, 0.41892787498183853, 0.49833088598311087, -0.3105930953837685, 0.32318763468027484, -0.18521592196390765, 0.009179293177212201], [0.03617205047138927, 0.001240673125990275, -0.5889925091302117, -0.20465976267174604, -0.4569517620548339, -0.4618038653520484, -0.29313763733581677, -0.05727011947274935, 0.356101063219313, -0.12204363073321661, 0.06776589606856825, 0.6102893184116019, 0.6962941830891328, 0.7008128989646965, 0.06322773144294522], [0.21250953117844681, -0.41523664000835225, 0.21519967484720268, -0.6296220350330097, -0.09075785431640945, -0.394785206209583, 0.00769465081167104, 0.6274877807703627, 0.181683246774715, 0.620133216525288, -0.49163414255907867, -0.45641275184670593, -0.3803361751236134, 0.20574440880590084, -0.046485917277299706]], "inverted": false, "swapped": true, "error_lsq": 0.04226840763911835, "error_max": 0.26144492806427466, "target": "420.xyz", "model": "1.xyz", "model_rescale": 4.316132596720782, "target_rescale": 4.067729570779833},
{"mapping": [7, 14, 12, 1, 8, 6, 10, 5, 9, 13, 11, 15], "R": [[0.3544770850638115, 0.6605093512458042, 0.6618711302674491], [0.3940965050895111, 0.5363636643824462, -0.7463256422008211], [-0.8479586905273726, 0.5253964374137703, -0.07017579862047779]], "T": [-0.06199888781646739, 0.055362206440664016, -0.035968360578108725], "aligned_model": [[-0.23464678738080935, 0.5234511602052033, 0.2333130843324564, -0.676058885813594, -0.5445651524619137, -0.5253985496434005, -0.06951385299386398, -0.19238046589054497, 0.501272345967111, 0.15760141319866508, 0.5096698254351347, -0.08493558032266328], [-0.542411875481077, -0.1717218491179312, -0.596226309513708, 0.32893667217859496, -0.11137460938053124, -0.13093919575228646, 0.305304283337508, 0.44661945688271676, -0.014854262437690682, -0.061566616452811265, 0.4235382569081704, 0.13747247657002637], [0.14280244851338295, 0.04743698478201835, -0.42062507999142734, 0.10916054941237174, -0.5447323002904829, 0.5566534396363196, -0.7958717493848353, 0.5685844929172297, -0.5342253621722959, 0.578176234902183, -0.19786891451139682, -0.06023228260364614]], "inverted": false, "swapped": true, "error_lsq": 0.04624969949773388, "error_max": 0.22332896853746348, "target": "420.xyz", "model": "2.xyz", "model_rescale": 3.795458400668931, "target_rescale": 4.067729570779833},
{"mapping": [8, 1, 6, 4, 12, 14, 5, 10, 3, 11, 7, 15], "R": [[-0.9647521934889355, -0.2484490332537869, -0.08675415283170285], [0.09853264249551089, -0.03534757679296269, -0.9945058406956278], [0.2440174656067463, -0.9679998071746317, 0.0585819920174801]], "T": [0.0385151912719603, 0.05438908798510125, 0.022373463697838367], "aligned_model": [[0.044659465774471246, -0.2854181854654151, -0.7172663979902223, 0.21941011963593485, 0.17935290941761264, 0.20867096958447376, -0.27872376779017766, 0.6735209740135812, 0.2826786235359111, 0.6381588417830804, -0.45100432685524333, 0.07926460009955835], [-0.14704467601843232, -0.5464935642453661, -0.08412943355461752, 0.012945176498107405, 0.7294907952795908, 0.6087299301867617, -0.3085519723829895, -0.1655205612230735, -0.5321814044807819, 0.13824053246812795, 0.4040877986323854, -0.02380357587000345], [-0.6696516792600695, -0.061186548527215265, 0.12363977424851072, 0.6752616444722352, -0.4067418690083176, 0.27738056247388015, 0.5730085280970962, -0.41166349198095104, 0.40242022661289933, 0.37161111755593434, -0.2167532925815946, 0.0314464585366923]], "inverted": true, "swapped": true, "error_lsq": 0.0421944084552478, "error_max": 0.24390492434894973, "target": "420.xyz", "model": "3.xyz", "model_rescale": 3.7530521520055578, "target_rescale": 4.067729570779833},
{"mapping": [13, 1, 3, 2, 4, 8, 14, 7, 12, 10, 15], "R": [[-0.8108700045122064, -0.367220845324461, 0.45567388178560614], [-0.3356978815580457, 0.9296543213855442, 0.15182152366059157], [-0.47937122160160445, -0.02986123722104538, -0.8771040636160647]], "T": [-0.12920426485776104, -0.09515044876956089, 0.024728323010969916], "aligned_model": [[-0.463358200241592, -0.10225089798846076, 0.4495357026821053, 0.4896532172247351, 0.1635409166824086, -0.14685541269158217, -0.22860394862910474, -0.763404233679969, -0.44194325485019953, 0.43476614104971434, -0.052880427112850126], [-0.6645927290181954, 0.09066946606004789, -0.31820087343474923, 0.3424487949817162, -0.7069515872101446, 0.6223257149802162, -0.4499393306050349, 0.022618229523092073, 0.1871286572295021, 0.42546419656553136, -0.08376718075763576], [-0.031368583495322094, -0.6368754445313378, -0.37953004031307014, -0.386072537186263, -0.001789127655894656, -0.04181867772353334, 0.5400145840778146, 0.07969276955323853, 0.7191708168596709, 0.2502908401725006, -0.018883822512487033]], "inverted": true, "swapped": true, "error_lsq": 0.042668013625227326, "error_max": 0.2417919133604363, "target": "420.xyz", "model": "4.xyz", "model_rescale": 3.7855080009869324, "target_rescale": 4.067729570779833},
{"mapping": [0, 4, 7, 6, 13, 11, 1, 2, 5, 15, 10, 8, 9, 12, 14, 16], "R": [[0.35931373571528247, 0.9287202049144502, -0.09150093065094952], [0.15978653800716852, 0.035375320351644535, 0.9865175360740945], [0.9194356429886823, -0.36908991816856807, -0.1356861478129139]], "T": [0.02539549243640942, -0.0002717124698758365, -0.03232982480050421], "aligned_model": [[-0.4210249417428888, -0.20226368716567317, 0.4378986037721771, 0.07254512224075352, 0.08313204214218528, -0.41870021179602496, -0.6945653734076029, -0.4018441350977633, 0.19178240420837372, 0.5817424792780486, 0.683214686007153, 0.6234494809382359, 0.23089939403438683, -0.47813678098002216, -0.12394387778194924, 0.01645765452158819], [-0.5959387153051589, -0.21921330771391312, -0.20858725776945697, 0.32766785440389096, 0.7214322334168833, 0.5787982357052299, -0.0969365890623083, -0.3558479889960784, -0.7374630759952544, 0.3065392337746574, -0.30356310229880434, 0.3645868939900831, -0.3114528101529448, 0.41063966622316306, 0.17633431208167225, -0.0013969993416233732], [-0.26548964338190356, -0.7010873740515392, -0.6220884945975304, -0.5947439257571943, -0.00630014568314359, -0.3483887258033371, -0.24544057599780922, 0.45430915824022433, -0.3221013447155659, 0.49270653601902864, 0.046743024521231885, -0.09955703724289319, 0.5741753195485041, 0.16934404931019664, 0.6034417246791428, 0.020638099254057463]], "inverted": false, "swapped": false, "error_lsq": 0.03925299512291288, "error_max": 0.2844399422181415, "target": "420.xyz", "model": "5.xyz", "model_rescale": 4.2253639853439635, "target_rescale": 4.067729570779833},
{"mapping": [9, 7, 5, 4, 13, 1, 3, 11, 0, 8, 6, 2, 10, 15], "R": [[0.911637317631585, 0.01414100239466274, 0.41075227711208495], [0.07931151753977934, -0.9866757996507712, -0.14205826117846435], [0.4032704852664353, 0.16208299859882172, -0.9006120237250824]], "T": [0.09098834292748467, -0.05346325005707862, -0.1016714131018956], "aligned_model": [[0.8230009520305643, -0.1914207803315592, -0.44448764582216194, 0.09192847206029382, -0.2712376351096205, -0.3789217466045691, 0.03958806879222371, 0.5873020522509586, -0.4196360427769319, 0.19346526356016105, -0.6711005039519242, 0.2090221541080666, 0.7052058444354381, 0.10135370011684439], [-0.14332018913591427, 0.20180831185765669, -0.46127679448321807, -0.7093482413305146, -0.5187742139725965, 0.19642544685391977, -0.3569088212554697, -0.5148030825418806, 0.5807528092439926, 0.6510711109958286, 0.010939410776039327, 0.27232219025431154, 0.2914286212094616, -0.05521741183662611], [-0.26460742987207925, -0.6252950080651628, 0.1855903543665502, 0.07302129962965902, -0.4039101824249523, 0.33389169010032765, 0.5716747559877491, 0.06981844698600849, -0.2039110448515002, 0.010764909806328285, -0.22705460124684768, 0.6877377927598448, 0.27749495513329475, -0.013657729377771446]], "inverted": false, "swapped": true, "error_lsq": 0.04890662824567212, "error_max": 0.3524101120421253, "target": "420.xyz", "model": "6.xyz", "model_rescale": 3.89814844738969, "target_rescale": 4.067729570779833},
{"mapping": [1, 2, 3, 0, 5, 10, 8, 6, 7, 9, 11, 13, 15], "R": [[0.3534198944536144, -0.7568103975549115, 0.5498476155783284], [-0.8231248677827671, -0.5308654455667513, -0.20161183184728312], [0.4444770300499213, -0.3813396135415146, -0.810567868165282]], "T": [-0.1200993820130387, 0.1329345316085842, 0.1113272591293331], "aligned_model": [[0.16535927643832166, -0.03524181843486311, 0.4389837778182515, -0.3361436181626343, 0.588282527915684, -0.5101770340080642, -0.6125299580552677, 0.18493560460190417, -0.3950838186842089, -0.5282907058161566, 0.016118472642957946, 0.25502959533831215, -0.08261050069001424], [-0.28088468257197535, 0.2600866011928169, 0.3967323431174719, -0.6294816101711438, -0.05066761453948598, 0.5709395119102523, -0.0975442074628623, -0.5687776527894743, -0.3526362745149295, 0.7535991600673859, 0.8154745750348698, -0.0163697299892194, 0.16331084618677913], [-0.3579723064459869, -0.7371222520992289, -0.2960460356814333, -0.10190203114744699, 0.11847332164484646, -0.43270558865658476, -0.36185747275712693, 0.2346225321039767, 0.439511207935161, 0.2477828823165263, 0.1757810907071513, 0.6367382542625774, 0.036971428653863825]], "inverted": true, "swapped": true, "error_lsq": 0.042792997170491426, "error_max": 0.28349462592395414, "target": "420.xyz", "model": "7.xyz", "model_rescale": 3.7474275329858107, "target_rescale": 4.067729570779833},
{"mapping": [0, 8, 12, 7, 9, 13, 6, 5, 14, 4, 1, 3, 2, 10, 15], "R": [[0.8705156240445662, 0.013216908647823405, 0.49196327263332884], [0.46499528327120426, -0.34949733750553386, -0.8134070307122232], [0.16118912751743672, 0.936844130259852, -0.3103886930412083]], "T": [0.036303715046284615, -0.1200705880859727, 0.02368214698751148], "aligned_model": [[-0.47182328110988325, 0.11846767967275995, 0.531796919345501, -0.20142063756820427, 0.781174461034096, -0.2907969348904512, -0.7122531995687066, -0.5171074193689541, 0.3526990887890724, 0.03064770940004712, -0.4742744873964847, -0.07118516643725571, 0.07837826899860557, 0.6091102532455854, 0.038740468193018775], [0.06369993950681414, 0.3360513742819339, -0.4910265013688826, -0.46921067133532346, -0.2433229153800745, -0.6431570681008788, -0.26097311318569333, -0.12027090094254371, -0.6542499756990455, -0.2953076711837082, 0.34039779650510543, 0.30606398721194095, 0.7335529117757456, 0.4309399546837901, -0.04406918478958699], [-0.5939387435410282, -0.5283268658358444, -0.5022605701420837, -0.46691798231051945, 0.04468953939109779, 0.2654587488815368, -0.11934610592908154, 0.5025368439195935, 0.14946659744002824, 0.6793981859934046, 0.007749917343054889, 0.6194771875693229, 0.1367824581873827, -0.06720640222402006, 0.06923184695341693]], "inverted": false, "swapped": true, "error_lsq": 0.03627885341162728, "error_max": 0.29496051016221825, "target": "420.xyz", "model": "8.xyz", "model_rescale": 4.019505241142653, "target_rescale": 4.067729570779833},
{"mapping": [14, 7, 13, 4, 11, 3, 1, 9, 10, 8, 0, 2, 15], "R": [[-0.3506205778091267, -0.5487664884305777, 0.7588942954011232], [0.6158987770398786, 0.47533242491562466, 0.6282736523718105], [-0.705502591673182, 0.6876877394569466, 0.17132327962953187]], "T": [-0.06308228788242705, -0.05969312156849352, -0.05759444431498627], "aligned_model": [[-0.2953211026362458, -0.6496025053395187, -0.1561098725921679, 0.3627522118850551, 0.2886394965964615, 0.6745722283961461, 0.2261561768865204, -0.1640284338371128, 0.15306485510891316, -0.24465751082210202, -0.4219068762473625, 0.5279221596885224, 0.01821994465406694], [-0.5818280267237625, 0.17780074629976544, -0.07009221830220298, -0.35258091101696754, -0.6635578826765708, -0.009917302698933012, 0.5605854029899029, -0.7494733328302188, -0.300352601076768, 0.2415568744779478, 0.6607083219117451, 0.1985206676122456, -0.04799150985212428], [-0.3309360847439511, -0.1943089265897115, -0.7135730668759938, -0.4975777066123327, -0.07207366485239494, -0.09638166848077856, 0.010012747823215595, 0.23305656758085141, 0.6740776846639439, 0.5715247734586668, 0.10267685838144526, 0.514484579971209, -0.024278599680290558]], "inverted": true, "swapped": true, "error_lsq": 0.0413232664478897, "error_max": 0.2331862049018351, "target": "420.xyz", "model": "9.xyz", "model_rescale": 3.877068213659057, "target_rescale": 4.067729570779833},
{"mapping": [9, 2, 7, 4, 3, 13, 14, 10, 8, 0, 1, 5, 11, 6, 12, 15], "R": [[0.0899423668316117, 0.43016083991840126, 0.8982605537645653], [-0.6456739912283002, 0.7118887901152771, -0.2762597465421338], [-0.758297743435944, -0.5551360214478092, 0.34177262908409256]], "T": [-0.04130431368776603, 0.04129011355334031, -0.06772061678454969], "aligned_model": [[-0.337059160790193, -0.2362218561558014, 0.4508909544619272, 0.2347904013673078, 0.06187662781766288, -0.6233812843783366, -0.778377937591511, -0.5539073504375394, 0.27574700787267575, 0.5347308312758667, 0.8185570276902063, 0.5914964863971879, 0.006218461907797922, -0.40495086595429514, 0.11870263937129902, 0.021530876316722868], [-0.5379560231190325, -0.19857723433527738, -0.24394809488529193, 0.3340938956979045, 0.6661752761226526, 0.3741502224365193, -0.18378375077168355, -0.20012585618076675, -0.6608277375585769, -0.1498378260386533, 0.021967216002305584, 0.4592636711173411, -0.38840401753135867, 0.4347369487603434, 0.3062772247379919, 0.022394668505620028], [-0.1801852221731072, -0.654939626187862, -0.6531004523397038, -0.6118973649330414, -0.1081380590465543, -0.4524660443982358, -0.19256361891837673, 0.35908992166562625, -0.11052153330346029, 0.44746833700603394, -0.18248868480584615, 0.12163802397859233, 0.5304096497751382, 0.23767314218099903, 0.6122608694283451, -0.006078693587078091]], "inverted": true, "swapped": false, "error_lsq": 0.039281616296321625, "error_max": 0.3056746712715685, "target": "420.xyz", "model": "10.xyz", "model_rescale": 4.260839863003843, "target_rescale": 4.067729570779833},
{"mapping": [12, 7, 1, 8, 2, 10, 9, 14, 5, 3, 11, 15], "R": [[-0.3367919559098475, 0.5045299359444716, 0.7949973095365084], [0.9216893550977736, 0.3492776456055007, 0.16880124104913513], [-0.1925095092037516, 0.7895914576641174, -0.5826537727072444]], "T": [0.09682124318975804, -0.11149794198162419, -0.019049604807690416], "aligned_model": [[0.4217713938602879, 0.3297752344920001, -0.4103895555504399, -0.43613565221146167, -0.7155728893948716, -0.3986314555468979, 0.2990737626900458, 0.6747812831034834, 0.12131464871685638, -0.2296101845425899, 0.2720792742117308, 0.030442789265986953], [0.044046472783557444, -0.589865994957015, -0.4947470710480304, -0.19490889548764112, 0.11827206619862782, 0.453055558172895, 0.5394803909504674, 0.13296556564614706, -0.4013279373021478, 0.11719495085185114, 0.5260974305954704, -0.07718403087124812], [-0.7470268581765587, -0.38782676821870576, 0.24330965397732324, -0.497078549909571, 0.15546843060090965, -0.2943433490208819, -0.3442972079597962, -0.10550863761172474, 0.6524892187104352, 0.6048561172728781, 0.20750563049504253, 0.028630397236153942]], "inverted": false, "swapped": true, "error_lsq": 0.03957552751381345, "error_max": 0.18915349746931895, "target": "420.xyz", "model": "11.xyz", "model_rescale": 3.890672605050136, "target_rescale": 4.067729570779833},
{"mapping": [1, 6, 5, 2, 3, 9, 7, 10, 8, 14, 4, 13, 11, 15], "R": [[0.12023311584638609, 0.13323852198958452, -0.983763942270655], [-0.481065576160688, 0.874651858745964, 0.05966604918557761], [0.8684007768807296, 0.4660811326907167, 0.1692585846055784]], "T": [-0.02216051557207664, -0.04953380822197952, 0.0489645570168654], "aligned_model": [[0.536214278559492, 0.08209179140388072, 0.40188831561583066, 0.7038427774548267, 0.6312372357866365, -0.39372038118346386, -0.4356020662892879, 0.166783265933382, 0.06791087471904346, -0.5175093206331238, 0.13289240525904694, -0.21343263166418097, -0.011643527262649889, 0.05892281709426131], [-0.13424195322519722, 0.2112870467986916, 0.5060743283197349, -0.47694242072136617, 0.17578123259708406, -0.24456670223917976, -0.11280956055024921, -0.650156528981327, -0.7434757552763527, 0.23060882198785937, 0.5281877921890995, 0.5512533313122833, 0.15258137709472558, -0.06142848947804103], [-0.3434856811123685, -0.6733594666776549, -0.16794079554671537, 0.23192937460594346, 0.31433369084534796, 0.676953658407624, -0.4451633775632644, 0.5424554602391322, -0.12378911340757678, 0.3272181225211795, 0.3697446899151635, -0.15484912398303327, 0.7180006965742088, 0.08274230053887505]], "inverted": false, "swapped": true, "error_lsq": 0.043213217177976125, "error_max": 0.2455366747180763, "target": "420.xyz", "model": "12.xyz", "model_rescale": 4.124412569039231, "target_rescale": 4.067729570779833},
{"mapping": [10, 12, 0, 11, 8, 2, 14, 3, 7, 4, 1, 6, 15], "R": [[0.4811115985290074, 0.6086551027835675, 0.6309283601300455], [0.7008582314684736, 0.16528519685969545, -0.6938865491432555], [-0.5266207070973825, 0.7760282015201361, -0.34706031363680334]], "T": [0.030444530522252142, 0.17580571351400937, -0.0460502001464212], "aligned_model": [[-0.07406037877159055, -0.28346704717666477, 0.7764768508463539, -0.5736792218736347, 0.44840849181124676, 0.37700978511207095, -0.5279353806582475, 0.0544414459585658, 0.2520836954764364, -0.3497304138117992, 0.645322224607371, 0.5761969058580132, 0.04623135013163677], [-0.394204816070504, 0.6045310361203922, 0.45890324496340446, -0.165354615576371, 0.040531217420981314, -0.6009192695895225, 0.4740343709286743, -0.43773060694269, 0.7679388401933216, 0.00639360033746722, -0.061526021306329254, 0.5650264025279803, 0.08986199350167233], [0.5054453999460372, 0.568271918900707, 0.1455529839888725, -0.13098919506958004, 0.5253682539186322, 0.09475410708129034, -0.06943654955930095, -0.45970899410443083, 0.09307058648152883, -0.5822125795723844, -0.24245320145440968, -0.43503562042413507, -0.06092902916498856]], "inverted": true, "swapped": true, "error_lsq": 0.04610185629030343, "error_max": 0.34401573312150385, "target": "420.xyz", "model": "13.xyz", "model_rescale": 3.9028299243045295, "target_rescale": 4.067729570779833},
{"mapping": [8, 2, 1, 6, 7, 3, 0, 5, 12, 14, 11, 9, 13, 4, 10, 15], "R": [[-0.19587348367352017, 0.9511989357293847, 0.23844111025761822], [-0.8450924794242595, -0.2870788138819749, 0.45100383129268024], [0.4974457554489305, -0.11316509747888198, 0.860082194385187]], "T": [-0.03392017853549719, -0.028176592728318642, -0.1026829183367589], "aligned_model": [[-0.4882047603557233, -0.26515339643738206, 0.38794224216790046, 0.21836109372502596, 0.0803914516459576, -0.36651513338300495, -0.833662754842137, -0.28764141492680256, 0.23066406547237164, 0.647748441797757, 0.6873656405924928, 0.550227803785809, 0.12672387216992173, -0.5505675800590645, 0.013006917950695036, 0.029956369867160555], [-0.65096082332469, -0.3276041164415954, -0.1582067061866534, 0.3752236245704511, 0.836733144195627, 0.4020237908667333, -0.03196392289599505, -0.2840985949544641, -0.6606585017097548, 0.007566758757045697, -0.18400808924540824, 0.4800534039524784, -0.41534174866874407, 0.2838963280227203, 0.3177011351109585, 0.06524290091132812], [-0.15035345849031567, -0.7343664835317536, -0.5794669609966285, -0.5696204801147275, 0.14122680680059552, -0.40763811373897796, -0.3208889609142928, 0.2609532963555911, 0.016489652311310374, 0.4604342609967298, -0.1390147247332928, -0.06636678297730252, 0.573296358559963, 0.20561763066627237, 0.5557387148505849, -0.08988011070228671]], "inverted": false, "swapped": false, "error_lsq": 0.035854911798171296, "error_max": 0.2678847211184114, "target": "420.xyz", "model": "14.xyz", "model_rescale": 3.942246331269136, "target_rescale": 4.067729570779833},
{"mapping": [4, 14, 13, 12, 8, 7, 1, 5, 3, 6, 0, 2, 9, 10, 15], "R": [[-0.3719816630147401, -0.9260817213750213, 0.0632636366000714], [-0.5921610968535124, 0.18426528326019614, -0.7844689546172525], [0.7148250679390264, -0.3292703307620005, -0.6169328744084313]], "T": [-0.09870476496076769, -0.05027969871947221, -0.07384038266157267], "aligned_model": [[-0.7354572301232751, -0.3673346448328132, -0.27987765947334176, 0.21155940733646744, 0.44436110410377744, 0.4038299323525831, 0.11777217342888863, -0.38353800934491905, -0.5879718299693388, 0.25104705303617075, 0.6594802535325748, -0.13395341468733188, -0.3579688382384812, -0.13260417829356863, -0.1350500822951827], [0.11279195701749314, -0.45374492789334037, 0.16524957319010458, -0.7750423509506206, -0.16507567476908125, -0.09805265972102065, 0.5409871649652116, 0.6007195518963254, 0.36453626761721675, 0.5347564795618103, 0.26329105290581084, 0.2028340169452937, -0.7499383131891563, -0.42997777291249933, -0.015189674781896804], [-0.2431255937897905, -0.48167512264796214, -0.6736684757273319, -0.2692701350727832, 0.3859568091694501, -0.4791510963343172, 0.2027754177059563, -0.2488710747849432, 0.29583747637093105, -0.4426959004997001, -0.058058212053816366, 0.7495222395376581, 0.04331267301031183, 0.6294809372590386, -0.0010074617821856369]], "inverted": false, "swapped": true, "error_lsq": 0.039468551099856405, "error_max": 0.3149237324599873, "target": "420.xyz", "model": "15.xyz", "model_rescale": 4.355366556412066, "target_rescale": 4.067729570779833},
{"mapping": [7, 14, 12, 1, 8, 6, 10, 5, 9, 13, 11, 15], "R": [[0.3544770850638115, 0.6605093512458042, 0.6618711302674491], [0.3940965050895111, 0.5363636643824462, -0.7463256422008211], [-0.8479586905273726, 0.5253964374137703, -0.07017579862047779]], "T": [-0.06199888781646739, 0.055362206440664016, -0.035968360578108725], "aligned_model": [[-0.23464678738080935, 0.5234511602052033, 0.2333130843324564, -0.676058885813594, -0.5445651524619137, -0.5253985496434005, -0.06951385299386398, -0.19238046589054497, 0.501272345967111, 0.15760141319866508, 0.5096698254351347, -0.08493558032266328], [-0.542411875481077, -0.1717218491179312, -0.596226309513708, 0.32893667217859496, -0.11137460938053124, -0.13093919575228646, 0.305304283337508, 0.44661945688271676, -0.014854262437690682, -0.061566616452811265, 0.4235382569081704, 0.13747247657002637], [0.14280244851338295, 0.04743698478201835, -0.42062507999142734, 0.10916054941237174, -0.5447323002904829, 0.5566534396363196, -0.7958717493848353, 0.5685844929172297, -0.5342253621722959, 0.578176234902183, -0.19786891451139682, -0.06023228260364614]], "inverted": false, "swapped": true, "error_lsq": 0.04624969949773388, "error_max": 0.22332896853746348, "target": "420.xyz", "model": "16.xyz", "model_rescale": 3.795458400668931, "target_rescale": 4.067729570779833},
{"mapping": [1, 2, 3, 0, 5, 10, 8, 6, 7, 9, 11, 13, 15], "R": [[0.3534198944536144, -0.7568103975549115, 0.5498476155783284], [-0.8231248677827671, -0.5308654455667513, -0.20161183184728312], [0.4444770300499213, -0.3813396135415146, -0.810567868165282]], "T": [-0.1200993820130387, 0.1329345316085842, 0.1113272591293331], "aligned_model": [[0.16535927643832166, -0.03524181843486311, 0.4389837778182515, -0.3361436181626343, 0.588282527915684, -0.5101770340080642, -0.6125299580552677, 0.18493560460190417, -0.3950838186842089, -0.5282907058161566, 0.016118472642957946, 0.25502959533831215, -0.08261050069001424], [-0.28088468257197535, 0.2600866011928169, 0.3967323431174719, -0.6294816101711438, -0.05066761453948598, 0.5709395119102523, -0.0975442074628623, -0.5687776527894743, -0.3526362745149295, 0.7535991600673859, 0.8154745750348698, -0.0163697299892194, 0.16331084618677913], [-0.3579723064459869, -0.7371222520992289, -0.2960460356814333, -0.10190203114744699, 0.11847332164484646, -0.43270558865658476, -0.36185747275712693, 0.2346225321039767, 0.439511207935161, 0.2477828823165263, 0.1757810907071513, 0.6367382542625774, 0.036971428653863825]], "inverted": true, "swapped": true, "error_lsq": 0.042792997170491426, "error_max": 0.28349462592395414, "target": "420.xyz", "model": "17.xyz", "model_rescale": 3.7474275329858107, "target_rescale": 4.067729570779833},
{"mapping": [10, 3, 11, 1, 12, 7, 9, 4, 8, 14, 6, 5, 13, 15], "R": [[0.8796185057613787, 0.3039001955817899, 0.36594529023813044], [-0.22120964431457207, 0.9423991452963779, -0.2508986731867608], [-0.4211146845983172, 0.13974448851388133, 0.896177382188177]], "T": [-0.003380072435560103, -0.10183478358671738, 0.015167950538850755], "aligned_model": [[0.515048921857454, 0.08315042325433047, 0.6142369698958846, -0.49092869178176385, 0.30074535129752683, -0.3844714776033598, 0.7100151389951936, 0.19552465106293868, -0.09572442663073347, 0.33373389650237356, -0.7598161764390947, -0.3791574713106893, -0.24108747979141715, 0.013578018574232579], [-0.4854978284646869, 0.38474282486781236, 0.22381330736428723, -0.06664427765447983, -0.6541569813214013, -0.4038750676625128, -0.2803823500538475, 0.546464791846554, -0.7415008322556326, 0.040358832848366055, 0.02521564813215385, 0.5091842061319753, 0.34046167296614627, -0.07777570523350069], [-0.45813398554040463, -0.5360769773789763, -0.0175890501514486, -0.46860166614340226, 0.5272084404775109, 0.4425333213016568, 0.18736816471927803, 0.04429046700080063, -0.30391194275478783, 0.5322854672061784, 0.12612138892526362, -0.12979026858551704, 0.4475326796689906, -0.0684413200834873]], "inverted": false, "swapped": true, "error_lsq": 0.04140893555087013, "error_max": 0.24069044778122617, "target": "420.xyz", "model": "18.xyz", "model_rescale": 3.922800546911778, "target_rescale": 4.067729570779833},
{"mapping": [2, 10, 8, 1, 14, 3, 9, 6, 11, 0, 12, 7, 5, 13, 15], "R": [[0.46879503761728936, 0.7410198954103258, -0.48075017141075893], [0.4454267100980345, 0.27167483298727624, 0.8531048183269022], [0.7627753657772685, -0.6140702726296116, -0.20271024057987]], "T": [0.07249149539020858, -0.0029600743391446707, 0.040300865793377216], "aligned_model": [[-0.3378891665578484, -0.14075533815290833, 0.40522269807463773, 0.018553598376155528, 0.08649726792126947, -0.6047185598549937, -0.03877173951113283, 0.38902802683739224, -0.46272695755822835, 0.6679211161188693, 0.5958170987070365, 0.6886885563559141, -0.26713239163444846, 0.0927316498860988, 0.0035849778798043436], [0.4525531189454598, -0.1413860632843012, 0.2297107368582046, 0.6799957135329739, -0.5780657965623743, 0.29546736474133817, -0.6800728479277736, 0.530977121347199, -0.45019303895629775, 0.5540551614396018, -0.5882709040534144, 0.01691333598021518, 0.41630123408200526, -0.05684880136806097, 0.03647517025980291], [-0.5657770755992295, -0.7182139398587353, -0.5552378418089474, -0.02000804761687311, 0.305503854566247, 0.01923262031699985, -0.27529960846141877, 0.5043738691578847, -0.005463685944116607, -0.05253129092485309, -0.16773541070712872, 0.2378012000819319, 0.5347109336693927, 0.7004194666766026, 0.0008841236155726073]], "inverted": true, "swapped": true, "error_lsq": 0.03985400899596818, "error_max": 0.24431700762180414, "target": "420.xyz", "model": "19.xyz", "model_rescale": 3.9282355846067225, "target_rescale": 4.067729570779833},
{"mapping": [4, 3, 2, 11, 14, 10, 9, 8, 12, 7, 1, 13, 0, 15], "R": [[0.1710803016391867, -0.8691847888289412, -0.4639497098387214], [0.034634191069558506, -0.4652956013623054, 0.8844775159165144], [-0.9846481621371171, -0.16738520311329627, -0.04949939978139456]], "T": [-0.07475040807037206, -0.10495244262046148, 0.11843037864813938], "aligned_model": [[-0.6289762986075562, -0.12374846282160454, 0.49809760631896927, -0.47101114085992113, -0.5906791157489613, 0.3508090449128459, -0.2496500392438777, 0.6195463177167292, -0.0639053466250096, -0.0034442539322306343, 0.3321355570629224, -0.598356561882895, 0.5081374529171705, -0.0464319401219048], [-0.47498290653989167, -0.8046728619498, -0.6269222862008741, -0.21447839580474215, 0.24049330197290258, -0.07583620731355599, 0.2888775317714741, 0.07522742531045558, 0.6938405200911728, 0.32049043756112966, -0.5771269770330802, -0.14271139221859008, -0.0022811794491733733, -0.17703492277259109], [-0.010467517113922131, -0.11843834383958776, -0.25923039877359905, -0.4468589352793964, -0.0071091959392974025, -0.5583502901384698, -0.5018703107221596, 0.04772405906202036, -0.028367898496178684, 0.601145553994229, 0.40906776507463544, 0.5227583190650048, 0.6868673308986655, 0.07531301945173838]], "inverted": false, "swapped": true, "error_lsq": 0.046269169234990734, "error_max": 0.3271789227797919, "target": "420.xyz", "model": "20.xyz", "model_rescale": 4.067790424073018, "target_rescale": 4.067729570779833},
{"mapping": [11, 1, 9, 14, 10, 8, 12, 3, 2, 5, 6, 7, 13, 0, 15], "R": [[-0.5918865100332119, 0.8037327461130634, -0.06069622777618827], [-0.09952408095392948, -0.14760336649532896, -0.9840265258160077], [-0.7998533093955297, -0.5763912898585474, 0.16735520435355383]], "T": [0.0876543715324772, -0.02681001970309955, 0.0025046068986049382], "aligned_model": [[0.1874317080862936, 0.11642836085204404, -0.2337986525834952, 0.2743261911061717, -0.5592070526531179, -0.5607857961579633, -0.344945421304201, 0.3321585062287016, -0.2909110246746467, 0.7074454447089591, 0.4624040406689727, 0.05979819779814648, 0.6911008548877912, -0.1516492835830074, 0.07864788052686598], [-0.260525462871952, 0.6341969871530957, -0.549525158876377, -0.6194010548508098, 0.07537553824284686, 0.21023062301275464, -0.6889368939391938, 0.4681233753056329, 0.653968402044328, 0.36232166058561394, 0.2667423364054769, -0.24611027319204692, -0.2244103086268988, 0.31893194774077094, 0.03991342179460551], [-0.6486421399619727, 0.1901661756459161, -0.4378381136194103, -0.1210464978790096, -0.45696148159208233, 0.20950507671003968, 0.18739097324271112, -0.49082583906067195, -0.3669057466076124, 0.0013619781988724235, 0.6140908696898455, 0.610971191707625, 0.1919160467067053, 0.7072148083630784, -0.05514772792289358]], "inverted": false, "swapped": true, "error_lsq": 0.04303160740829668, "error_max": 0.28086193571177387, "target": "420.xyz", "model": "21.xyz", "model_rescale": 4.186013935880536, "target_rescale": 4.067729570779833},
{"mapping": [2, 3, 10, 0, 6, 8, 1, 5, 9, 14, 13, 7, 15], "R": [[0.3260225589835335, -0.9013616692528469, 0.28505513893903067], [0.44749138717056774, 0.4127509519011392, 0.7933398452825025], [-0.832742907170028, -0.13108696695867628, 0.5379177052780335]], "T": [-7.948440428084177e-05, 0.10192088059219212, 0.03479517525448962], "aligned_model": [[0.11808528785165658, -0.4688564059151515, 0.4453601339855093, 0.3773768396476247, -0.21574428629464495, 0.6268282413264671, -0.08838055673197566, -0.6497699641355066, 0.25947656453955315, -0.1058210737479169, -0.47053679436037826, 0.2518896650451474, -0.02133361578715911], [-0.3373631575784846, -0.10363119168815438, 0.21202145942364722, -0.5352571982862238, -0.4343903255638208, -0.2161234898930891, -0.5701758381596951, -0.23076477464439565, 0.7630006721897762, 0.6877392478286204, 0.200609525675923, 0.013968220107184015, 0.06932351013480635], [-0.6975310146405115, -0.5000999637483289, -0.6205231334587716, 0.38827931164779605, 0.5510383742477918, -0.12441096061165373, -0.08123926458031235, 0.08759934119175193, -0.2222438131216133, 0.25138449988450173, 0.49086610924091617, 0.6246053393445353, -0.04484526406075584]], "inverted": false, "swapped": true, "error_lsq": 0.049583645951411556, "error_max": 0.2835190031299629, "target": "420.xyz", "model": "22.xyz", "model_rescale": 4.166573947596378, "target_rescale": 4.067729570779833},
{"mapping": [13, 12, 6, 2, 3, 11, 14, 10, 5, 0, 1, 4, 7, 9, 8, 15], "R": [[-0.5035579108762008, 0.012324967677823234, -0.8638735587837709], [0.4135548051201258, -0.8744654721859985, -0.25354005820890335], [-0.758552472513307, -0.48493116328635755, 0.4352469567012377]], "T": [-0.042042810791637, 0.07700298120131598, -0.07717305799996213], "aligned_model": [[-0.2969785410325366, -0.36318953014387806, 0.2904515819504972, 0.4284137246255324, 0.040057372795906813, -0.37330470879520034, -0.7407658812699776, -0.43784711386001535, 0.290925933248702, 0.6057264851597811, 0.6279088907789621, 0.5084239953778976, 0.08847089271777334, -0.5153988680787868, 0.01260367623088559, 0.01514494946543412], [-0.7262928983173511, -0.0039567269037237285, -0.21985523855150713, 0.349697852574542, 0.6717905015379824, 0.6050307917169324, -0.27626236052533115, -0.3902689087196033, -0.6830556439254146, -0.09978741046590002, -0.13058959284749028, 0.4757186261875394, -0.3884523761061284, 0.401912997138383, 0.43036478300779224, 0.03960418715931525], [0.0036764459602652566, -0.6425858855357873, -0.6939633855239012, -0.47355342406153333, -0.10740578071419614, -0.5604385271569929, -0.19104769229716304, 0.3540312644115443, -0.027126249270442666, 0.3874728926708376, -0.2043308404184655, 0.20187110179078835, 0.44980619320474424, 0.09837377579499296, 0.6482429183207722, -0.08686216283399356]], "inverted": false, "swapped": false, "error_lsq": 0.045277370613887306, "error_max": 0.27571471563442734, "target": "420.xyz", "model": "23.xyz", "model_rescale": 4.274766983524099, "target_rescale": 4.067729570779833},
{"mapping": [9, 3, 2, 8, 1, 0, 7, 6, 13, 5, 15], "R": [[-0.04431233320633837, 0.8481040811537988, 0.5279733749499889], [0.1451832193748296, 0.5283488666684244, -0.8365221502758622], [-0.9884119839104397, 0.03958462606192675, -0.14654285189584265]], "T": [0.09630315579409984, -0.015129763932657678, -0.10499779404200779], "aligned_model": [[0.37449793810451726, 0.1247185146806141, -0.46060551724902743, -0.5692757790373524, -0.37600514170675214, -0.544054157044678, -0.004215202146549801, -0.061646559579804555, 0.5615146579988946, 0.26642826933060987, 0.06853768060760343], [-0.2754129745707971, 0.7183522592049302, 0.5419958611037353, -0.21053756782542365, 0.37387781478459414, -0.25079559775120264, -0.5273688905339734, 0.0024482739090458255, -0.030677876929640566, 0.511263291071704, 0.06244193878051142], [-0.7571673949148259, -0.20150144890616295, -0.4552816729418441, -0.3007848813642886, 0.20896565251099178, 0.3508797576275139, 0.2778955191931841, 0.6535474960552308, 0.3666023972062923, 0.37409879536484947, -0.13768778580936314]], "inverted": false, "swapped": true, "error_lsq": 0.047240637042453244, "error_max": 0.21369025872660488, "target": "420.xyz", "model": "24.xyz", "model_rescale": 3.7841303162186577, "target_rescale": 4.067729570779833},
{"mapping": [11, 10, 14, 9, 8, 0, 7, 6, 13, 5, 12, 2, 3, 1, 4, 15], "R": [[-0.7582550842920038, -0.04330781580600368, 0.6505179937829849], [-0.5795069417225521, -0.4123730229462484, -0.7029368353142035], [0.298698730564261, -0.9099851224257933, 0.28758676138343525]], "T": [-0.050516873007310184, 0.04117737042716342, -0.11930145376920766], "aligned_model": [[-0.3404796665683588, -0.2600318591521515, 0.435524324712206, 0.3822226982854207, -0.05910840776470712, -0.6537279466932662, -0.6609139065180267, -0.4304550490276518, 0.29201044070642174, 0.6135392921302414, 0.6797775076487029, 0.4930199781442198, 0.1409912905501423, -0.38740611243000667, 0.011478026118290248, -0.07579775097049873], [-0.6694261638234373, -0.10259702752364401, -0.2645010418120807, 0.2077366335785788, 0.6320537821983481, 0.4374235946143288, -0.11245309978092037, -0.22944787279569945, -0.6619391178718432, 0.026733590298500656, -0.16201915799495586, 0.5190864779478351, -0.4409076906563316, 0.6234393581832817, 0.24535160640016312, 0.007064711997913448], [-0.13909449859596507, -0.8546160111878734, -0.6666803213927526, -0.47586166442368416, -0.13508230234540441, -0.2623234092573218, -0.28245383715731354, 0.4324552067034424, -0.13668651957777056, 0.45355064948440416, -0.09578135922040114, 0.09274477778489591, 0.49707546403687475, 0.19773641743657544, 0.5956627807947344, -0.06448472874097136]], "inverted": false, "swapped": false, "error_lsq": 0.04305599062982991, "error_max": 0.29519790876070573, "target": "420.xyz", "model": "25.xyz", "model_rescale": 4.19342608120988, "target_rescale": 4.067729570779833},
{"mapping": [7, 14, 12, 1, 8, 6, 10, 5, 9, 13, 11, 15], "R": [[0.3544770850638115, 0.6605093512458042, 0.6618711302674491], [0.3940965050895111, 0.5363636643824462, -0.7463256422008211], [-0.8479586905273726, 0.5253964374137703, -0.07017579862047779]], "T": [-0.06199888781646739, 0.055362206440664016, -0.035968360578108725], "aligned_model": [[-0.23464678738080935, 0.5234511602052033, 0.2333130843324564, -0.676058885813594, -0.5445651524619137, -0.5253985496434005, -0.06951385299386398, -0.19238046589054497, 0.501272345967111, 0.15760141319866508, 0.5096698254351347, -0.08493558032266328], [-0.542411875481077, -0.1717218491179312, -0.596226309513708, 0.32893667217859496, -0.11137460938053124, -0.13093919575228646, 0.305304283337508, 0.44661945688271676, -0.014854262437690682, -0.061566616452811265, 0.4235382569081704, 0.13747247657002637], [0.14280244851338295, 0.04743698478201835, -0.42062507999142734, 0.10916054941237174, -0.5447323002904829, 0.5566534396363196, -0.7958717493848353, 0.5685844929172297, -0.5342253621722959, 0.578176234902183, -0.19786891451139682, -0.06023228260364614]], "inverted": false, "swapped": true, "error_lsq": 0.04624969949773388, "error_max": 0.22332896853746348, "target": "420.xyz", "model": "26.xyz", "model_rescale": 3.795458400668931, "target_rescale": 4.067729570779833},
