[{"mapping": [5, 3, 6, 1, 11, 12, 8, 7, 2, 0, 9, 13], "R": [[0.7709371936340632, -0.3926573694148521, -0.5014738614482749], [-0.6324213728695571, -0.378610639031156, -0.6757937489724247], [0.07549205659816038, 0.8381373242235598, -0.5402099361673683]], "T": [0.021985782369232668, -0.050774326418801, -0.030253155384639636], "aligned_model": [[-0.14012393612275914, 0.124692208064333, 0.5995947718244218, -0.5051552356396023, 0.053480246337812044, -0.4028877081690942, 0.6151719616388291, 0.5717347794213827, 0.420078873816506, -0.22300647898396186, 0.14388572044842374, 0.11564719494472885], [-0.4421919678354185, -0.541193384845402, -0.5216030732827499, -0.252252380278871, 0.2939978077942458, 0.3267177589432003, 0.11006490741722438, 0.4677682610083409, -0.2948792078187589, -0.022357051680906875, 0.5453383568424133, 0.07807611882167134], [-0.6570816244253312, 0.11854483872359867, -0.20123394557678992, 0.09046575103991247, -0.6362251968624572, 0.07975616467703397, -0.5127881584727874, -0.047108651223951754, 0.5806420425244364, 0.7008991440401424, 0.37783169573780945, -0.06438473623132691]], "inverted": true, "swapped": false, "error_lsq": 0.042709800040819146, "error_max": 0.2751754594064307, "target": "422.xyz", "model": "0.xyz", "model_rescale": 3.8414455957264533, "target_rescale": 3.8703230772384183},
{"mapping": [11, 4, 0, 3, 12, 10, 13, 9, 7, 5, 6, 14], "R": [[0.13656368493228133, -0.18727216687353732, -0.9727689836092672], [-0.9705624701975668, -0.2219492732452525, -0.09352545936749912], [-0.1983906535140052, 0.9569052490295967, -0.21206954750244472]], "T": [0.14528623337592386, -0.003691430096055836, 0.0328913462300035], "aligned_model": [[0.0018665363237946597, 0.10913920969995475, 0.4629279087441317, -0.4760085432900163, -0.13635431425521896, -0.4149731591501614, 0.6472698859198548, 0.7429286690864808, 0.6901062667659267, -0.3494641596793272, 0.026596802745635806, 0.06907729466996429], [-0.22334198379049874, -0.45353690292180887, -0.6208940388081561, -0.4448843735339439, 0.3080824984262563, 0.38219970786667296, 0.09094369738285343, 0.30392160921308314, -0.24919571352416492, 0.1074393057106894, 0.5812529390753685, -0.03450060001136271], [-0.7779414521255971, 0.33645300076781637, -0.1761112264226389, 0.2137738196437871, -0.6041056422172474, -0.041799638088869086, -0.5273796648575187, 0.1499700252385583, 0.26922538984303984, 0.4538364651151375, 0.5366572420734449, -0.003260995019623854]], "inverted": true, "swapped": false, "error_lsq": 0.05494737058483936, "error_max": 0.2554014985523818, "target": "422.xyz", "model": "1.xyz", "model_rescale": 4.316132596720782, "target_rescale": 3.8703230772384183},
{"mapping": [10, 3, 6, 7, 1, 9, 8, 2, 4, 5, 0, 11], "R": [[-0.060404442418883264, -0.3459752736950413, -0.936297182163711], [0.40624715392883687, -0.8653298169260956, 0.2935431107407733], [-0.911764527309976, -0.36263675755539637, 0.192821235368216]], "T": [0.06979840206602608, 0.006966456957430988, -0.03554655857638834], "aligned_model": [[-0.031357426003928573, -0.017242904353309746, 0.6006171825298705, -0.674604375039377, 0.062098328127012964, -0.5873584564281628, 0.5068946575082757, 0.7895817065226469, 0.6173512982908365, -0.2502680167368304, 0.1927686945162098, 0.1646317086477757], [-0.2838560554090908, -0.5612649711944627, -0.6082032884758514, -0.48647755634470274, 0.4709188947689234, 0.3444730038305865, 0.06990384493817832, 0.43171236669387353, -0.14653670562386936, 0.04774020057899686, 0.5340581105777468, -0.06498169925533963], [-0.5854788847198834, 0.28155573387257177, -0.16161625997183657, 0.01773224540609724, -0.3171244478271502, -0.10024353983378381, -0.6616630529170311, -0.08275152158528234, 0.48498426284546003, 0.5227140179493016, 0.4237646152970136, 0.007444155434812402]], "inverted": false, "swapped": false, "error_lsq": 0.055714670803583055, "error_max": 0.390413221895873, "target": "422.xyz", "model": "2.xyz", "model_rescale": 3.795458400668931, "target_rescale": 3.8703230772384183},
{"mapping": [0, 4, 10, 7, 1, 8, 2, 6, 5, 9, 3, 11], "R": [[-0.7836778273199022, 0.5217590195724982, 0.33707059863165645], [-0.10927661568200848, -0.6499798661545296, 0.7520537180672846], [0.6114799131878694, 0.5525338895384477, 0.566390869170108]], "T": [0.1300963399378659, -0.05416038195830146, -0.08091501678037985], "aligned_model": [[-0.1017252450293456, 0.1230944254269383, 0.7218428100627383, -0.6100858662374595, -0.09206474854427454, -0.2257228970621728, 0.6959311076480437, 0.3270773958753234, 0.4696679659515292, -0.23397946249967178, 0.2502416321437372, 0.04883527984563352], [-0.5541411219410783, -0.6755673978520258, -0.48719554773431395, -0.21901145275083317, 0.24240980863527067, 0.6213690999380757, 0.1532358180529338, 0.500740045060251, -0.17651818201600195, 0.028699858717961282, 0.4698800953748746, -0.15641487840012508], [-0.636330137717239, 0.07643499788385477, -0.11734845878436394, 0.009951493749935675, -0.5897955673768575, 0.08526418378593115, -0.5547748518437109, -0.056826091580274546, 0.5220313283621218, 0.7033920872304203, 0.5090143962964324, -0.1216960560559612]], "inverted": false, "swapped": false, "error_lsq": 0.05428344023523229, "error_max": 0.31702526662089164, "target": "422.xyz", "model": "3.xyz", "model_rescale": 3.7530521520055578, "target_rescale": 3.8703230772384183},
{"mapping": [2, 8, 7, 10, 4, 9, 0, 1, 3, 5, 11], "R": [[0.044529273301305655, -0.9801596280818365, 0.19314307468230352], [0.4997947002911019, -0.1455431230526333, -0.8538281190573509], [0.8649984979063174, 0.1345522307899883, 0.4833976580510631]], "T": [-0.012153734675182166, -0.04053466499446497, 0.07090027018274489], "aligned_model": [[-0.496262515637288, -0.2540585308703426, 0.3313402272911351, 0.4305508570475351, 0.3987403098155002, -0.09791983778051677, -0.2500815598054183, -0.6108444851656368, -0.4266143112790838, 0.38957288159786013, -0.07622343276853896], [-0.6280319826428178, 0.04600720568860965, -0.2939896437363845, 0.4135410505743964, -0.5840949080630012, 0.6421575078153051, -0.5846645452043521, 0.039242931663680744, 0.36347795373127073, 0.16992842851382745, -0.11637064002618862], [-0.2652230339754096, -0.5849774571980385, -0.5103351188516476, -0.4098288466713368, 0.31741270172209524, -0.059768522739787416, 0.5254559430805306, -0.007206810688877838, 0.6817361286040605, 0.3382538855054519, 0.06731190845827605]], "inverted": true, "swapped": true, "error_lsq": 0.04550223183040844, "error_max": 0.22152179225084087, "target": "422.xyz", "model": "4.xyz", "model_rescale": 3.7855080009869324, "target_rescale": 3.8703230772384183},
{"mapping": [0, 6, 1, 7, 3, 10, 2, 14, 13, 8, 15, 16], "R": [[0.2773501469470661, -0.8454312086094697, 0.45642410924224], [0.9333027085195766, 0.12429905038049932, -0.3368913776642678], [0.22808540123923549, 0.5194187304898019, 0.8235175967506094]], "T": [0.14207707203844266, -0.07971097671320192, -0.013245349563492641], "aligned_model": [[0.07218116514183093, -0.023910830595054167, 0.5131240119894857, -0.5526229362574224, 0.0030551446718901643, -0.4373318846003268, 0.5333781265628621, 0.6538912966412928, 0.44859587320839084, -0.1572886422947859, 0.14523170940368962, 0.17480936370916697], [-0.38823259680111377, -0.598166979342631, -0.5920053407566231, -0.3497732970934298, 0.286405580771413, 0.35917922735253277, 0.1956197284018869, 0.3622414704318575, -0.15862943864231915, 0.08539745249221851, 0.5838210654242069, -0.038370727153010174], [-0.7262690907235915, 0.34693301955909733, -0.4291571093295319, 0.06309411244981154, -0.5868725590350655, 0.03798866078310177, -0.5761504704565227, 0.007288342007825372, 0.6384338197917035, 0.6019206846506003, 0.4756650553226271, -0.02355714106976622]], "inverted": false, "swapped": false, "error_lsq": 0.04460675358106695, "error_max": 0.2196713272815759, "target": "422.xyz", "model": "5.xyz", "model_rescale": 4.2253639853439635, "target_rescale": 3.8703230772384183},
{"mapping": [4, 3, 2, 0, 1, 9, 10, 5, 6, 12, 11, 13], "R": [[0.7946931175009742, 0.22046273099857994, -0.5655608130318356], [0.18630229454945924, -0.9753303837350684, -0.11841493828403168], [-0.5777147254849834, -0.011261740711466108, -0.8161610558915184]], "T": [0.0853270693481595, 0.046046438453879415, -0.032961715500898964], "aligned_model": [[0.08684634494555507, 0.11250593688249294, 0.6450130882516122, -0.6548918408542571, -0.20100746029069957, -0.40586168216432184, 0.5723544404000656, 0.6788181147614444, 0.39465372268762167, -0.2881242201719192, 0.33994951535568374, 0.09285643777774198], [-0.45684383772714626, -0.6447363456235903, -0.28919458880901155, -0.26183793065726874, 0.12173252034865893, 0.4066726970252559, 0.2469033145862946, 0.258912685689641, -0.24251002149579332, 0.19115287100883466, 0.43062477746628636, -0.013389996727172997], [-0.530968115189454, 0.12543628663319706, -0.18960342744557315, -0.05155820878260478, -0.7045195582085668, -0.06872118280403072, -0.6082645310213308, 0.023585665098866088, 0.45156914943778614, 0.8101409010624683, 0.5937923829817453, -0.021572037812213726]], "inverted": true, "swapped": false, "error_lsq": 0.057565860125567775, "error_max": 0.29728030559311264, "target": "422.xyz", "model": "6.xyz", "model_rescale": 3.89814844738969, "target_rescale": 3.8703230772384183},
{"mapping": [10, 4, 2, 11, 9, 8, 5, 6, 0, 7, 3, 12], "R": [[0.02652119108012696, -0.1181664237701319, 0.992639573418806], [0.9373678094293543, 0.3479560013257397, 0.016377148317582912], [-0.34733012577273753, 0.9300340410085965, 0.11999360939614614]], "T": [0.13926580494382865, -0.060134779642549, 0.06744665406667015], "aligned_model": [[0.07954384491106725, -0.02141512395356232, 0.5248912407942142, -0.6496006196736273, -0.06280075951543976, -0.3045592065326953, 0.5710572136214682, 0.3974018103262703, 0.6078450305257949, -0.1155108019963468, 0.21656165232845792, 0.12969811674541823], [-0.456847072861959, -0.6717395684897419, -0.6183116475893837, -0.1492737834976382, 0.2888678531029254, 0.4500836940733809, 0.14158288990731716, 0.5560470415533745, -0.01817919764374086, -0.11210941070633185, 0.5319433527966752, -0.19457800555988874], [-0.5473348574889138, 0.19241468890808944, -0.13572679851813108, -0.09093380977279462, -0.7296180515243941, 0.047870122668479065, -0.54528719125965, -0.03772756796824432, 0.42756278250367175, 0.6704907634216917, 0.6113683154612906, -0.033761072480805523]], "inverted": true, "swapped": false, "error_lsq": 0.05544958639661384, "error_max": 0.3621653935842037, "target": "422.xyz", "model": "7.xyz", "model_rescale": 3.7474275329858107, "target_rescale": 3.8703230772384183},
{"mapping": [11, 5, 9, 6, 12, 0, 13, 4, 8, 3, 2, 14], "R": [[-0.8781552448036102, 0.19822653257812117, -0.4353729525429509], [-0.4781440298924182, -0.3920328655293343, 0.7859316249032718], [-0.014888005311315788, 0.898340956500879, 0.43904655011847693]], "T": [0.02177077151827038, 0.018912953675440904, -0.11852754508963666], "aligned_model": [[0.1567224576708245, -0.024056706103817438, 0.40071005301927387, -0.630212226229752, 0.020080971476342763, -0.5791015959087948, 0.6768264477061662, 0.7403050016318448, 0.4759367690956157, -0.22045734105810683, 0.2979020813779503, 0.05845648490347274], [-0.33415268542358056, -0.5469953378595547, -0.6403657376800436, -0.3703864956941021, 0.26967947943143433, 0.22690076059275321, 0.4080661969157223, 0.25790150367884895, -0.13704128913181116, -0.033123326386747115, 0.5811812074895948, 0.0658218691524737], [-0.6120988697044779, 0.3181291986904487, -0.16432130174381132, 0.18197571240654642, -0.6822259688371602, 0.0544080147680233, -0.5955743384570771, 0.07849752683748375, 0.36585023789748167, 0.5543411672306701, 0.4437850070713531, -0.11344906220919176]], "inverted": true, "swapped": false, "error_lsq": 0.05378617564602107, "error_max": 0.28853776668276787, "target": "422.xyz", "model": "8.xyz", "model_rescale": 4.019505241142653, "target_rescale": 3.8703230772384183},
{"mapping": [2, 5, 6, 3, 1, 0, 10, 9, 11, 4, 8, 12], "R": [[0.041100296421531374, 0.7651358687937787, 0.6425557313721917], [-0.7386175195478156, -0.40982164918708985, 0.5352479571886346], [0.6728706602691894, -0.4966017701768326, 0.5482989662639733]], "T": [0.1287728177958997, 0.017206140867457174, -0.046363490365337566], "aligned_model": [[-0.21365266829155508, 0.06847275814832673, 0.5035623325634837, -0.5554409058421611, 0.14233786463910642, -0.4615235433738626, 0.7886267305178529, 0.5743611602995281, 0.6064356433028221, -0.4821016864463332, 0.2658345330805817, 0.13620017898323025], [-0.3117409272562363, -0.520476286425784, -0.549528508813349, -0.48145822667486116, 0.4209385059565457, 0.28602951582279557, 0.06071889514201101, 0.5193097446326225, -0.0941713370414719, 0.06906971224771084, 0.3546865639595792, -0.005891506464573492], [-0.39922433413700725, 0.350859657661694, -0.3040580662460689, 0.1007631104610465, -0.587770425169713, -0.09029840971713585, -0.6795137192200382, 0.08279943597711506, 0.3366284240876689, 0.5119708013216522, 0.5223701745595417, -0.015209325628465956]], "inverted": false, "swapped": false, "error_lsq": 0.05530264088335046, "error_max": 0.3007326251195764, "target": "422.xyz", "model": "9.xyz", "model_rescale": 3.877068213659057, "target_rescale": 3.8703230772384183},
{"mapping": [4, 6, 5, 13, 7, 9, 1, 0, 12, 10, 11, 15], "R": [[0.4905684364536013, -0.17971557144570072, -0.852669292595561], [-0.5809785232252923, 0.6618347736447205, -0.47374960469176153], [0.6494663691881419, 0.7277891492558728, 0.220264362798401]], "T": [-0.02320860510006431, -0.05559576769517549, -0.021045867669441352], "aligned_model": [[-0.048072347932912006, -0.05938442933181659, 0.6766056128973197, -0.6355996286859031, -0.019493806207864645, -0.4440735302003791, 0.5951792099330436, 0.6875187538553184, 0.5433404049391374, -0.24274618297378317, 0.2620422716359916, 0.057796069652868], [-0.3366990281421487, -0.4831681145746233, -0.32501100911030345, -0.5274090941530489, 0.26621028213005826, 0.44332014120668595, 0.1191455255590056, 0.2881359946004647, -0.2232691470803945, 0.11920325467607243, 0.4265534234062063, -0.019526083432985723], [-0.6362315558997467, 0.42187373344344975, -0.24166075888140826, -0.018232476136760094, -0.7711882781368662, 0.07693849110576828, -0.6041141319866393, 0.08133153440362592, 0.4362320268134116, 0.6304595683318824, 0.4593907786277566, -0.005481607734185288]], "inverted": false, "swapped": false, "error_lsq": 0.04408369838664646, "error_max": 0.24439454304140357, "target": "422.xyz", "model": "10.xyz", "model_rescale": 4.260839863003843, "target_rescale": 3.8703230772384183},
{"mapping": [0, 1, 3, 7, 6, 10, 5, 4, 2, 8, 9, 11], "R": [[0.9596122441106046, 0.16241081555264858, 0.2297108354965724], [0.2704058771982104, -0.7577736473829979, -0.5938516320669118], [0.07762088977637492, 0.6319824572908588, -0.7710857093390671]], "T": [0.1042201434306218, -0.00895531615113363, 0.025714812511514674], "aligned_model": [[-0.17205492570674918, 0.08227017329802008, 0.6272368738976193, -0.5095347425118348, -0.15395399100410023, -0.1962827069872196, 0.47969228192679236, 0.635149567823655, 0.5608543464023465, -0.2282231008715394, 0.1771509372479015, 0.07080768406612808], [-0.5381324856613299, -0.7075153696394242, -0.42813249868215736, -0.20082540501857626, 0.12985304875676315, 0.5351797483630371, 0.21102211756343953, 0.48664000663248175, -0.24374837299932728, -0.0028374389222524995, 0.5668266988797344, -0.06084390418739973], [-0.6174631402335605, 0.2122428093991303, -0.20790252569293402, -0.10115692690277403, -0.7599910413515619, -0.057645012938833916, -0.49123925132526475, 0.11846221651781552, 0.48037353207346023, 0.6621560650673253, 0.5724226244525789, 0.019057974884908048]], "inverted": true, "swapped": false, "error_lsq": 0.05491900495248155, "error_max": 0.3828655989407726, "target": "422.xyz", "model": "11.xyz", "model_rescale": 3.890672605050136, "target_rescale": 3.8703230772384183},
{"mapping": [1, 4, 2, 3, 6, 8, 11, 9, 12, 7, 5, 13], "R": [[-0.3969255459681279, 0.865938200288332, 0.30430436119008936], [-0.9019092838937559, -0.4294946545579973, 0.04576008448810931], [0.17032250169650487, -0.2562915819677099, 0.9514751023691228]], "T": [0.14488342600520068, 0.0014448606503991816, -0.12977048350696452], "aligned_model": [[-0.07343761294969794, 0.08884446294592838, 0.5081034972594967, -0.6212475649062758, 0.07636371914867783, -0.4924256175091858, 0.6220664023628655, 0.6458393716842086, 0.4723990485171171, -0.13637347216047732, 0.15685952089864327, 0.12612064228971928], [-0.2891936569429985, -0.6609837960396809, -0.5931534846713415, -0.3886643711252905, 0.37177318081910754, 0.32742333355722053, -0.08479336813496756, 0.5897142469635148, -0.030549707707574817, 0.02052707484760147, 0.5507005979796753, -0.06531390446027718], [-0.8176392692728286, 0.09182589110272732, -0.2715030529656463, 0.20775173509562722, -0.5659130393242982, -0.047513179306986994, -0.38981190110357583, -0.03594785490894173, 0.5386919397834486, 0.6749000059556196, 0.42081728424404186, 0.02365876465110231]], "inverted": false, "swapped": false, "error_lsq": 0.04912851314610427, "error_max": 0.3175570520917422, "target": "422.xyz", "model": "12.xyz", "model_rescale": 4.124412569039231, "target_rescale": 3.8703230772384183},
{"mapping": [9, 8, 6, 11, 7, 10, 3, 0, 1, 2, 4, 12], "R": [[-0.7927148488640576, -0.11188593923981006, 0.599236768724066], [0.38525036819620145, -0.8537700427427423, 0.35022688063560625], [0.47242493815962494, 0.5084862345388335, 0.7199002896855876]], "T": [0.21363631379355316, 0.09428874712046934, -0.13272967631778332], "aligned_model": [[0.031163459120310127, -0.02523592848307482, 0.5386483363113034, -0.6337090515504338, -0.12906362284893294, -0.49322759533121563, 0.7679534066885091, 0.6691680761715196, 0.5935979742538358, -0.1927708745900704, 0.13550639623051078, 0.11108182160875857], [-0.31836175658455323, -0.5350292874721688, -0.4903841909708051, -0.3564889015677588, 0.3402006889128867, 0.26332596159884186, -0.010283398626030796, 0.4433018370614846, -0.22588446604612186, -0.061466416368961246, 0.5846130040151492, 0.11394307113302599], [-0.5855701461300349, 0.11585629292552957, -0.1444580805876607, 0.13062978261557678, -0.5965849822324218, -0.004747230663099622, -0.5692506982908199, -0.04642747525272406, 0.5122374151369499, 0.610889204511247, 0.4769867289328864, -0.07024348701513977]], "inverted": false, "swapped": false, "error_lsq": 0.043195074916232694, "error_max": 0.20713118741184217, "target": "422.xyz", "model": "13.xyz", "model_rescale": 3.9028299243045295, "target_rescale": 3.8703230772384183},
{"mapping": [14, 6, 1, 7, 13, 4, 12, 8, 2, 3, 0, 15], "R": [[0.41420449437583706, 0.4023621715503258, -0.8164185934581376], [0.7127350063256568, -0.7012509320074036, 0.015998159791492716], [-0.5660772452561782, -0.5885166210601485, -0.5772388926078375]], "T": [0.11215739897743929, -0.03572933925026144, -0.04785176306660471], "aligned_model": [[-0.14978228881860658, 0.05572361414848112, 0.5239421919342303, -0.7288656792900946, 0.08597502342752486, -0.3702787446573821, 0.6032329412364943, 0.6086558440800736, 0.6792505526680818, -0.11690232822398786, 0.14799803098045902, 0.03416324009574605], [-0.34497524844753813, -0.6061549553800909, -0.5366425580261937, -0.3589107503183409, 0.29037849603502536, 0.39416722639880997, 0.05427606294517381, 0.5528900750306954, -0.014958696202638441, -0.07464456850704662, 0.5101288040654032, -0.11806774250827065], [-0.8344934987919681, 0.29249821363681805, -0.0064031528622328915, 0.046285972186677515, -0.7728479801404191, 0.1566172664723561, -0.5326033781557132, 0.011508482046043544, 0.42132166433564505, 0.5306866466733631, 0.5750212141272437, -0.05827412557752454]], "inverted": false, "swapped": false, "error_lsq": 0.046836653217991416, "error_max": 0.25383741221825284, "target": "422.xyz", "model": "14.xyz", "model_rescale": 3.942246331269136, "target_rescale": 3.8703230772384183},
{"mapping": [0, 6, 8, 9, 1, 5, 12, 13, 11, 10, 4, 14], "R": [[-0.44173942048687487, -0.31494872920219097, 0.8400437978830897], [0.47025350420333034, -0.8786989495530065, -0.08215715330347961], [0.7640208938061894, 0.3587414863496666, 0.5362617083096867]], "T": [0.04626563645979505, -0.005600005127198477, 0.002515192768904769], "aligned_model": [[0.03802313449295948, 0.048922448576446134, 0.4861586920792207, -0.6199190343945429, -0.037354585763943834, -0.4679421295608622, 0.5522686806147374, 0.8025811395149051, 0.5208277172448667, -0.19113056282890617, 0.19655779066582124, 0.044119106940318085], [-0.3622463784473469, -0.5020246150115981, -0.6174782052038603, -0.35964070795523145, 0.43294324071224144, 0.23160512835659838, 0.4127636420202762, 0.27959272567220617, -0.23873348957704218, 0.08100471343523032, 0.40801402610914084, -0.01831393502562586], [-0.6404878464363307, 0.26009030295798974, -0.1733827724738486, 0.28361209988830316, -0.6737457892080829, -0.2840221629145966, -0.4843205456625946, 0.08958879751219362, 0.4868194716739828, 0.66970570778629, 0.38981311229745225, -0.09435305147046916]], "inverted": false, "swapped": false, "error_lsq": 0.05435170974583628, "error_max": 0.32169719757680953, "target": "422.xyz", "model": "15.xyz", "model_rescale": 4.355366556412066, "target_rescale": 3.8703230772384183},
{"mapping": [10, 3, 6, 7, 1, 9, 8, 2, 4, 5, 0, 11], "R": [[-0.060404442418883264, -0.3459752736950413, -0.936297182163711], [0.40624715392883687, -0.8653298169260956, 0.2935431107407733], [-0.911764527309976, -0.36263675755539637, 0.192821235368216]], "T": [0.06979840206602608, 0.006966456957430988, -0.03554655857638834], "aligned_model": [[-0.031357426003928573, -0.017242904353309746, 0.6006171825298705, -0.674604375039377, 0.062098328127012964, -0.5873584564281628, 0.5068946575082757, 0.7895817065226469, 0.6173512982908365, -0.2502680167368304, 0.1927686945162098, 0.1646317086477757], [-0.2838560554090908, -0.5612649711944627, -0.6082032884758514, -0.48647755634470274, 0.4709188947689234, 0.3444730038305865, 0.06990384493817832, 0.43171236669387353, -0.14653670562386936, 0.04774020057899686, 0.5340581105777468, -0.06498169925533963], [-0.5854788847198834, 0.28155573387257177, -0.16161625997183657, 0.01773224540609724, -0.3171244478271502, -0.10024353983378381, -0.6616630529170311, -0.08275152158528234, 0.48498426284546003, 0.5227140179493016, 0.4237646152970136, 0.007444155434812402]], "inverted": false, "swapped": false, "error_lsq": 0.055714670803583055, "error_max": 0.390413221895873, "target": "422.xyz", "model": "16.xyz", "model_rescale": 3.795458400668931, "target_rescale": 3.8703230772384183},
{"mapping": [10, 4, 2, 11, 9, 8, 5, 6, 0, 7, 3, 12], "R": [[0.02652119108012696, -0.1181664237701319, 0.992639573418806], [0.9373678094293543, 0.3479560013257397, 0.016377148317582912], [-0.34733012577273753, 0.9300340410085965, 0.11999360939614614]], "T": [0.13926580494382865, -0.060134779642549, 0.06744665406667015], "aligned_model": [[0.07954384491106725, -0.02141512395356232, 0.5248912407942142, -0.6496006196736273, -0.06280075951543976, -0.3045592065326953, 0.5710572136214682, 0.3974018103262703, 0.6078450305257949, -0.1155108019963468, 0.21656165232845792, 0.12969811674541823], [-0.456847072861959, -0.6717395684897419, -0.6183116475893837, -0.1492737834976382, 0.2888678531029254, 0.4500836940733809, 0.14158288990731716, 0.5560470415533745, -0.01817919764374086, -0.11210941070633185, 0.5319433527966752, -0.19457800555988874], [-0.5473348574889138, 0.19241468890808944, -0.13572679851813108, -0.09093380977279462, -0.7296180515243941, 0.047870122668479065, -0.54528719125965, -0.03772756796824432, 0.42756278250367175, 0.6704907634216917, 0.6113683154612906, -0.033761072480805523]], "inverted": true, "swapped": false, "error_lsq": 0.05544958639661384, "error_max": 0.3621653935842037, "target": "422.xyz", "model": "17.xyz", "model_rescale": 3.7474275329858107, "target_rescale": 3.8703230772384183},
{"mapping": [1, 2, 7, 0, 3, 8, 11, 12, 9, 4, 5, 13], "R": [[-0.2053594323133905, 0.783385555565639, 0.5866298448690089], [-0.8783978272765836, -0.41184791352728867, 0.24248412970542407], [0.43156084228727243, -0.4654979779272241, 0.7727010236501347]], "T": [0.14208493190419788, 0.0014631871865938874, -0.03634093160233667], "aligned_model": [[-0.029818125443466237, 0.03566922899607858, 0.7691652251148423, -0.6085489077302623, -0.16842961328756054, -0.4276686995196506, 0.5024301258280341, 0.816668679987083, 0.4369835145391614, -0.3030081850043438, 0.263897754699247, 0.08577139940185691], [-0.38935765355756774, -0.6935986277043121, -0.37430792704134047, -0.3587399506111101, 0.2524515146157277, 0.4383795318452786, 0.14144087137482558, 0.2484552238493061, -0.15366870136991642, 0.15611370270423847, 0.5635804943303426, -0.08326233335048355], [-0.5806081693856053, 0.06059974853151403, -0.2179604724426498, 0.04076243471318317, -0.5851348437660155, 0.00025631512649424565, -0.646500132918966, 0.17142967257725347, 0.543911676292583, 0.6471802146333683, 0.4022998164848153, -0.006918935895685523]], "inverted": false, "swapped": false, "error_lsq": 0.05292377887779338, "error_max": 0.2963077645715832, "target": "422.xyz", "model": "18.xyz", "model_rescale": 3.922800546911778, "target_rescale": 3.8703230772384183},
{"mapping": [1, 8, 6, 5, 2, 3, 10, 11, 13, 12, 7, 14], "R": [[0.6129903624087017, -0.7113794134280994, 0.34377630189520325], [0.7309507822481743, 0.6757805835172274, 0.09503450358631985], [-0.2999229393108017, 0.19302832199397404, 0.9342303235195057]], "T": [0.10594067637508241, -0.06667483523411327, -0.04166709376484099], "aligned_model": [[-0.14439186784304903, 0.14253199337068878, 0.46334427828427827, -0.5594286708017152, 0.04017001688143178, -0.3462206555609587, 0.7031878542675605, 0.6700192981500549, 0.468748349305048, -0.29540803154986495, 0.12579397102705858, 0.10476586205048714], [-0.44515065938302895, -0.6349469318582788, -0.5313840119743979, -0.40080163852844214, 0.30789814145655375, 0.3774849214654792, 0.1581718210342454, 0.33280350273250514, -0.07807737425269697, 0.03886857405178734, 0.60115081556313, 0.021468984778132527], [-0.6265369013082996, 0.18220464125439095, -0.4050894627913111, 0.12619186888997272, -0.6487076758272348, 0.04448094170602413, -0.5349625801902852, 0.13001860371948815, 0.5414746740646108, 0.626460025853722, 0.39631209054345, -0.0025289019642394384]], "inverted": false, "swapped": false, "error_lsq": 0.03557179233712095, "error_max": 0.2145490251295215, "target": "422.xyz", "model": "19.xyz", "model_rescale": 3.9282355846067225, "target_rescale": 3.8703230772384183},
{"mapping": [2, 0, 10, 3, 7, 6, 12, 9, 11, 4, 8, 13], "R": [[0.14193726601543344, -0.015784212398264053, 0.9897498023010819], [0.2981054262326573, 0.9541357459130446, -0.027534219102850782], [-0.9439210599232913, 0.2989579184599809, 0.14013277854722508]], "T": [0.010942918691106404, 0.04124818274939143, -0.056730328196180686], "aligned_model": [[-0.045556732607566305, 0.016880532842520335, 0.6005263627869136, -0.5894027738034805, 0.052226664621390674, -0.5174209133490127, 0.7195561748480795, 0.6194336669633284, 0.47226094626352894, -0.0954076004087412, 0.12728821145102992, 0.0127278579730292], [-0.42097880218187567, -0.6292023725979417, -0.5211760975324669, -0.29525999304989103, 0.3257262902745014, 0.42445056871763454, 0.2702542461055026, 0.33599857467454053, -0.23807119399923124, 0.007262017506659321, 0.6071443060054872, -0.11866139883793103], [-0.7363406681442691, 0.37991344625787027, -0.33655999136473247, 0.24774030464874758, -0.6094197844376747, -0.08556860895614407, -0.46687398767699506, 0.08916703629292566, 0.41500003391273116, 0.5652844245220314, 0.4380897700865337, -0.07111465119073554]], "inverted": false, "swapped": false, "error_lsq": 0.03880544678972316, "error_max": 0.2167283288771522, "target": "422.xyz", "model": "20.xyz", "model_rescale": 4.067790424073018, "target_rescale": 3.8703230772384183},
{"mapping": [5, 7, 8, 10, 6, 11, 4, 2, 0, 12, 3, 14], "R": [[0.34240784422888204, 0.11751491261145491, 0.9321733280481974], [0.15355039909195084, 0.9718086495696561, -0.17891401163772655], [-0.9269191675379427, 0.20439714757188773, 0.3147104429713823]], "T": [0.049775280890659385, -0.08920523224447807, -0.06104674513543093], "aligned_model": [[0.06840940130651844, 0.28342231797295936, 0.41587611475035546, -0.7159451388576623, 0.10030161410922853, -0.44301938721871814, 0.6264167801229126, 0.6463270289870661, 0.5839304814581298, -0.28772171307364824, 0.11535398896921084, -0.020239090945332106], [-0.3327550475278087, -0.7126447875411076, -0.4973392392059855, -0.35369236489524064, 0.5260266312970204, 0.31565222131881626, -0.000582912356383386, 0.3540372072604936, -0.12061698157970689, 0.04422244290063304, 0.6349513804355421, -0.10977240502128428], [-0.5984501112299027, 0.27569668859860574, -0.2177780710847543, 0.06145067114875344, -0.4690831974655051, 0.045142290816316516, -0.6106858635732568, -0.023843476411631162, 0.40601808251848837, 0.6137174369816359, 0.38058845501212024, -0.03345558136058132]], "inverted": true, "swapped": false, "error_lsq": 0.05089845947485308, "error_max": 0.31075969455966745, "target": "422.xyz", "model": "21.xyz", "model_rescale": 4.186013935880536, "target_rescale": 3.8703230772384183},
{"mapping": [6, 0, 7, 5, 4, 11, 10, 9, 1, 2, 8, 12], "R": [[-0.9259686837982298, 0.36158354437821294, -0.10880871775672657], [0.21809216625005062, 0.747364892913142, 0.6275998118716163], [0.3082495801219109, 0.5574074427883223, -0.7708950246816028]], "T": [0.06996316390693216, -0.011419124000284475, -0.026490521126634033], "aligned_model": [[-0.07156694435690283, 0.006004325310295391, 0.6229866933735424, -0.6295607558199476, 0.08727220383251282, -0.23157750525754398, 0.6655482162316863, 0.5112354520441096, 0.571754153279593, -0.16643667361641198, -0.03225512708866257, 0.0397083596487493], [-0.4226853958874284, -0.6850029646335062, -0.33703558825894414, -0.19425533941375234, 0.07989243810468502, 0.5134598124340154, 0.3247178203387198, 0.3831204413509238, -0.4104651649683941, -0.06073703692099006, 0.5649582118355688, -0.008481088895909124], [-0.3738838588291174, 0.22645713671889584, -0.3821063727711237, 0.24878385141479592, -0.7468923149412182, -0.2068826097538727, -0.5046012120085914, 0.1607741560898437, 0.3257754240120209, 0.6744959717168968, 0.4684930325641123, -0.061095880262353]], "inverted": false, "swapped": false, "error_lsq": 0.06147243936058772, "error_max": 0.29844482111773946, "target": "422.xyz", "model": "22.xyz", "model_rescale": 4.166573947596378, "target_rescale": 3.8703230772384183},
{"mapping": [3, 9, 8, 11, 1, 6, 0, 7, 10, 14, 13, 15], "R": [[0.9103883351480759, 0.22831589245901832, -0.3450578683017629], [0.3351497854920761, -0.8959659915811852, 0.2914096141422914], [-0.24262666900184351, -0.3809419840088327, -0.892197009806962]], "T": [0.013439644495910383, -0.059562805235641836, -0.06768228725093013], "aligned_model": [[-0.15961117219193433, 0.020017310281855036, 0.6188641030901241, -0.6381345852323811, 0.05286330478456085, -0.4425776648458266, 0.604316529659149, 0.6584426334550416, 0.4848824452958965, -0.11160407990736508, 0.26253845207512444, 0.023115121116775446], [-0.5193530553168499, -0.5933404885405799, -0.558471851351183, -0.5019926239620867, 0.4446864003835631, 0.5251327545485762, 0.22725084486450764, 0.22973532365197002, 0.03355434836870674, -0.02648473893396297, 0.4869551475534092, -0.00018591618108235175], [-0.414197788765645, 0.2070672084729307, -0.2642277752713121, -0.025253451748732468, -0.5699546979097153, -0.2388165851464903, -0.5528195869239533, 0.04033338062243594, 0.5067845215227076, 0.7128609029296935, 0.5290429847441669, -0.10150178857579756]], "inverted": true, "swapped": false, "error_lsq": 0.048204912123044986, "error_max": 0.27185670275597074, "target": "422.xyz", "model": "23.xyz", "model_rescale": 4.274766983524099, "target_rescale": 3.8703230772384183},
{"mapping": [4, 7, 10, 5, 9, 3, 0, 1, 2, 8, 11], "R": [[0.8380598749745238, -0.22913887103247849, -0.4951272803427893], [0.5451754225458388, 0.3168504641515051, 0.776137579311131], [-0.02096198009854805, -0.920380986955368, 0.390460541209238]], "T": [-0.09967367542023463, 0.037678028548877245, -0.013643680063136633], "aligned_model": [[0.19549617532111813, 0.32928770720021944, -0.3519757194677602, -0.4721979677470239, -0.6233204056062727, -0.6620274652338282, 0.20927415044207948, -0.03440650739562126, 0.6477121700316054, 0.16308738408080226, -0.02103481766724387], [-0.3626999170281089, 0.4908811241436735, 0.7237374626376841, -0.05348489707198797, 0.440074344921773, -0.385837596908624, -0.636468182940516, 0.06030426992268866, 0.014258224155562264, 0.6257795124725049, -0.000957813061166192], [-0.5405519191854332, -0.37511455300587954, -0.32818894907897045, -0.374298523640843, 0.21953021906887787, 0.44735191824274856, 0.08323749819887982, 0.5914381703612507, 0.35154010438962086, 0.27144628695508227, 0.03317618171624347]], "inverted": false, "swapped": true, "error_lsq": 0.061829795968061714, "error_max": 0.36141331426409035, "target": "422.xyz", "model": "24.xyz", "model_rescale": 3.7841303162186577, "target_rescale": 3.8703230772384183},
{"mapping": [4, 8, 2, 0, 3, 11, 5, 12, 9, 10, 14, 15], "R": [[-0.8596132127325684, -0.160731227882219, 0.48500576994409705], [0.35063198386281086, 0.5048772047874036, 0.7887688000792678], [-0.3716481351870634, 0.8480946176397611, -0.3776416067416909]], "T": [-0.04563712495689898, -0.05877432059389401, 0.01763110156242701], "aligned_model": [[0.08111552415741194, 0.07759868292265024, 0.5968753637827823, -0.5489105304218476, 0.05105759179719316, -0.48753650935412873, 0.6147065611636998, 0.6211344553331948, 0.40286296424562906, -0.3032045491005768, 0.3437162283746825, -0.07630338531967076], [-0.33341698218537696, -0.6293885775262291, -0.42497329610313506, -0.5591491825822479, 0.3711980338993146, 0.5647397226649253, 0.03159389911099639, 0.2990648782363846, -0.07652732497876331, 0.12688605352356394, 0.41599208922391206, -0.03853316819835592], [-0.6644315914759812, 0.11074441468518603, -0.13025074342452575, 0.21172083903827227, -0.6567395633960688, -0.05573606473881881, -0.5525605736764457, -0.03275415348397492, 0.39269537518330777, 0.7278735621206192, 0.5199256214098221, -0.04116979829110307]], "inverted": false, "swapped": false, "error_lsq": 0.04827069500689535, "error_max": 0.22976530964998712, "target": "422.xyz", "model": "25.xyz", "model_rescale": 4.19342608120988, "target_rescale": 3.8703230772384183},
{"mapping": [10, 3, 6, 7, 1, 9, 8, 2, 4, 5, 0, 11], "R": [[-0.060404442418883264, -0.3459752736950413, -0.936297182163711], [0.40624715392883687, -0.8653298169260956, 0.2935431107407733], [-0.911764527309976, -0.36263675755539637, 0.192821235368216]], "T": [0.06979840206602608, 0.006966456957430988, -0.03554655857638834], "aligned_model": [[-0.031357426003928573, -0.017242904353309746, 0.6006171825298705, -0.674604375039377, 0.062098328127012964, -0.5873584564281628, 0.5068946575082757, 0.7895817065226469, 0.6173512982908365, -0.2502680167368304, 0.1927686945162098, 0.1646317086477757], [-0.2838560554090908, -0.5612649711944627, -0.6082032884758514, -0.48647755634470274, 0.4709188947689234, 0.3444730038305865, 0.06990384493817832, 0.43171236669387353, -0.14653670562386936, 0.04774020057899686, 0.5340581105777468, -0.06498169925533963], [-0.5854788847198834, 0.28155573387257177, -0.16161625997183657, 0.01773224540609724, -0.3171244478271502, -0.10024353983378381, -0.6616630529170311, -0.08275152158528234, 0.48498426284546003, 0.5227140179493016, 0.4237646152970136, 0.007444155434812402]], "inverted": false, "swapped": false, "error_lsq": 0.055714670803583055, "error_max": 0.390413221895873, "target": "422.xyz", "model": "26.xyz", "model_rescale": 3.795458400668931, "target_rescale": 3.8703230772384183},
{"mapping": [6, 7, 5, 0, 1, 9, 8, 11, 10, 3, 4, 12], "R": [[-0.5741454388855951, 0.5783903877691416, 0.5795011426590371], [0.7261291739247031, 0.6867162242168472, 0.034018379925937814], [-0.3782769326595212, 0.44032418368018256, -0.8142611224196359]], "T": [0.05809185109392709, 0.12946482175994567, -0.07412850899889914], "aligned_model": [[0.10972986826916342, 0.06932664760451146, 0.5066035238558017, -0.6369369245169304, -0.19585722619369586, -0.17256943075849765, 0.5250567189098653, 0.6258815875985977, 0.5135031234956845, -0.3522622858480733, 0.32003433728854447, 0.060602457876048545], [-0.4463031652744751, -0.5765957439940685, -0.46465065073010925, -0.3240701997959551, 0.1571259860254717, 0.47911363528888684, 0.09997075902899047, 0.5503439957692347, -0.1099337056579281, -0.037936393969674825, 0.44988153371706724, -0.029459905322451907], [-0.6632054988435266, 0.32781720308658013, -0.18693166775120765, -0.02398693554856665, -0.6080741023766043, 0.020292729964632175, -0.6325419961170367, 0.03564456483321046, 0.41879678610046767, 0.5163483102875893, 0.6522202001356013, -0.027062269820850346]], "inverted": false, "swapped": false, "error_lsq": 0.054194733689703505, "error_max": 0.27649421620772874, "target": "422.xyz", "model": "27.xyz", "model_rescale": 3.6321398670334006, "target_rescale": 3.8703230772384183},
{"mapping": [9, 8, 0, 12, 13, 6, 2, 1, 3, 7, 4, 14], "R": [[-0.9140745693755152, -0.35173471600893197, 0.2018672117385151], [0.34175250014394526, -0.9360707793193903, -0.08352679061086919], [0.2183412701857558, -0.007361090850224378, 0.9758447130948477]], "T": [0.16092024182728054, -0.15756444681684442, -0.06800691399913907], "aligned_model": [[-0.2804293759492787, -0.013939675787693229, 0.6630937991236714, -0.6057774313158817, 0.032884193029946496, -0.4170868341284513, 0.7641104348308088, 0.5300903633023024, 0.578037828572882, -0.08024014595332635, 0.025158014993646977, 0.17721122686239343], [-0.26458041792550974, -0.5650001996431839, -0.521369346376237, -0.27369965237241073, 0.3646048603978741, 0.3506475972970212, 0.18387030790316475, 0.38975742970809313, -0.22095193819602116, -0.14400537572095554, 0.5502592509598511, -0.10204637094669777], [-0.5582418148746106, 0.19741677056024926, -0.13785967077161881, 0.21869331775412681, -0.6823547932380255, -0.17541164156490913, -0.459194289902387, 0.03885458998448975, 0.4738002700861528, 0.668569764263471, 0.34067570489959675, -0.09563088324624631]], "inverted": false, "swapped": false, "error_lsq": 0.04582320065677586, "error_max": 0.24196580240833818, "target": "422.xyz", "model": "28.xyz", "model_rescale": 4.156811204709835, "target_rescale": 3.8703230772384183},
{"mapping": [8, 1, 2, 0, 3, 9, 7, 5, 4, 11], "R": [[0.15162805702540733, 0.5344510886760885, 0.8314872014262421], [-0.382597517583099, -0.7439057855816161, 0.5479263834836294], [0.9113879919452256, -0.40120595208837934, 0.09168267091935639]], "T": [-0.1963488498888146, 0.03805272160970749, 0.05934872915547272], "aligned_model": [[-0.5685350519879765, -0.08696900746564781, 0.191146876978858, 0.5508756213993666, 0.0333303240468838, -0.7308716674777364, -0.49000942486165766, -0.327652137924585, 0.19329744828122017, -0.12168760687813746], [-0.09848639425118005, -0.48259999364769346, 0.021521429732275166, 0.06760562634411973, -0.624979381325139, -0.38640131192477845, 0.5551948558792185, 0.20629298631143464, 0.6325592260165411, 0.028013287491405862], [-0.5229033810894439, -0.23705065664051506, -0.6769033090046797, 0.06883828140233647, 0.5238485882725465, 0.2162655593380176, -0.34856006615561225, 0.540609161210175, 0.2000534237695324, -0.005410874127257728]], "inverted": true, "swapped": true, "error_lsq": 0.05626262353716281, "error_max": 0.28782945985424796, "target": "422.xyz", "model": "29.xyz", "model_rescale": 4.117894457231895, "target_rescale": 3.8703230772384183},
