[{"mapping": [8, 6, 1, 5, 11, 12, 4, 2, 9, 3, 0, 0, 7, 13], "R": [[0.7539178381402382, 0.6436937694223467, 0.1314010066201962], [0.5879040298849881, -0.5717599786462352, -0.5722406648110987], [-0.2932179138097485, 0.5086736262332734, -0.8094902080913341]], "T": [-0.030252733650628846, 0.16117645635501454, 0.05447049607825677], "aligned_model": [[0.1976978043180077, -0.47312410368648905, -0.11832375808175434, 0.024895502060013258, 0.5589012369120792, 0.32901251685364774, -0.3158279339062414, -0.6533234402351751, 0.2057529887727752, -0.5323024131826247, -0.32709756934848516, -0.32709756934848516, 0.25390980961594384, 0.06736680299671817], [-0.5089456570747326, -0.30859510902093756, 0.7315069849613317, 0.3293410239424378, -0.025154009149268658, 0.49753587623425277, -0.743973701251479, -0.08959337070184609, -0.043057783340691075, 0.19427606324038674, 0.48285341083540523, 0.48285341083540523, -0.49127331182386436, 0.03671584689235943], [0.3854599777162065, 0.46401403485580983, 0.05119998873798859, 0.7900523139256912, 0.3788782602246068, -0.250341951850314, -0.057575136567499074, -0.3199031593033825, -0.6083513850357805, 0.1960714886721877, -0.5809974535906155, -0.5809974535906155, -0.20039305856043527, 0.015485306424479955]], "inverted": false, "swapped": false, "error_lsq": 0.05736821452047806, "error_max": 0.4063569893924781, "target": "423.xyz", "model": "0.xyz", "model_rescale": 3.8414455957264533, "target_rescale": 3.769818778635151},
{"mapping": [6, 8, 7, 9, 2, 4, 10, 12, 1, 13, 0, 11, 5, 14], "R": [[0.14965341701357682, 0.9880242685225212, 0.03757525231715103], [0.7302565023669155, -0.08482954026383249, -0.6778859711260193], [-0.6665802993841026, 0.12888752425725267, -0.7342061771490597]], "T": [-0.026116711607361405, 0.05482355545044031, -0.01252465105502679], "aligned_model": [[0.23977839688398817, -0.6297757643989634, 0.16919559541567883, -0.1532645888412562, 0.6394747666188951, 0.42229064134901156, -0.1232558527941543, -0.6624735313281788, -0.018299461226943856, -0.6705254876850524, -0.05257479221901994, -0.6524891448609462, 0.4146260274587945, -0.03226693063192295], [-0.4451071911551236, -0.25939922216351047, 0.6114485939643474, 0.3156559001012788, 0.03530409082084512, 0.28367045649296324, -0.6150262195220731, -0.3063762061886699, 0.05556883974111287, 0.430693827643876, 0.7049045621187876, 0.14800997647714187, -0.4328943196616912, 0.01803658590947469], [0.5254309360173817, 0.38892545980794263, 0.24238056929138138, 0.6049780495806076, 0.3056132156499463, -0.21838182616943297, -0.11374997708144988, -0.2290293254935479, -0.8776467385759487, 0.12277453014949805, -0.3322308040245657, -0.5828221768485301, -0.05942771320520332, -0.09421242703975079]], "inverted": true, "swapped": false, "error_lsq": 0.042840267948300384, "error_max": 0.239799606112728, "target": "423.xyz", "model": "1.xyz", "model_rescale": 4.316132596720782, "target_rescale": 3.769818778635151},
{"mapping": [5, 12, 4, 9, 2, 10, 1, 11, 0, 8, 6, 13], "R": [[0.35675490688343764, -0.9258460616093707, -0.12463950664619768], [-0.9340948032873593, -0.35550958706905006, -0.03286079690974267], [-0.013886500140049204, 0.12814836598416432, -0.9916577844243696]], "T": [0.008467086815983758, -0.021804111985905605, -0.11598491672199879], "aligned_model": [[-0.25208304258943076, 0.5475809692297845, 0.2309064036564458, -0.4703479238690648, -0.6359508353079693, -0.5608295467053938, -0.07756681629728615, -0.3385825927570837, 0.43631935870963406, 0.19316389372380519, 0.5973958206052824, -0.07219713376694323], [-0.6730111364879907, -0.21466003297344788, -0.6050866112503583, 0.44777111960934146, -0.2816895805054098, -0.14686135991292062, 0.5375229383181935, 0.5089449870671161, 0.06046392821411681, 0.07203336471304812, 0.345434256860741, -0.03808544591144907], [0.13398156011088452, 0.04297489409525174, -0.4661034079490802, -0.10598117798514367, -0.28095135611103306, 0.4174442545299581, -0.6944739218487863, 0.566529623659227, -0.6492566867249467, 0.5925762253930933, -0.05409791275241753, -0.053383633207586184]], "inverted": false, "swapped": true, "error_lsq": 0.045193038585624894, "error_max": 0.2546945750160669, "target": "423.xyz", "model": "2.xyz", "model_rescale": 3.795458400668931, "target_rescale": 3.769818778635151},
{"mapping": [4, 0, 3, 11, 5, 10, 9, 12, 7, 8, 2, 13], "R": [[-0.2462415047614141, 0.4447605166187648, 0.8611348350809204], [-0.31659536425523604, -0.8766649898404065, 0.36225111583018543], [0.9160417548697924, -0.18343003692179038, 0.3566804240352163]], "T": [0.05752212505933412, -0.10641977530243543, -0.018856761363510742], "aligned_model": [[-0.05986768556095732, -0.10954634814286501, -0.7085175131652319, 0.3653372652586179, 0.12612811925285697, 0.1407301193260741, -0.24563352555714485, 0.5192908277555297, 0.23182012575517896, 0.7278033171911001, -0.45318935778487063, 0.05894848141527693], [-0.06802560830184354, -0.6841679589144203, -0.1415164026631502, 0.1231967863392815, 0.5684300877932736, 0.5893246928956917, -0.06843927287311838, -0.26965676507966946, -0.3890662133097217, 0.04801346740871368, 0.3924360054368059, -0.014759773442133278], [-0.7238576137223064, -0.3542662711868395, -0.1769171754631584, 0.8299602142873592, -0.3259578490768288, 0.3462469466458894, 0.5782352920991728, -0.35535157009765767, 0.5927873600354351, 0.249193181092654, -0.0002682557493742174, 0.028967171774754753]], "inverted": true, "swapped": true, "error_lsq": 0.052345918033775286, "error_max": 0.26266073613188873, "target": "423.xyz", "model": "3.xyz", "model_rescale": 3.7530521520055578, "target_rescale": 3.769818778635151},
{"mapping": [5, 0, 3, 1, 2, 6, 10, 8, 11, 9, 13], "R": [[0.5790544490557086, -0.3052952080989935, -0.7559700926231027], [0.5956737265436399, 0.79152272457538, 0.13661840281009147], [0.5566585636944815, -0.5294210161984125, 0.6401910894983134]], "T": [-0.1610513048008743, -0.04474874172034843, -0.13586011540063195], "aligned_model": [[-0.450008259928139, -0.00253767521346282, 0.5074560704564465, 0.5234682681652375, 0.22492289621948777, -0.398488623022445, -0.2545855203599193, -0.7283383287681834, -0.221739604036681, 0.30264953942666717, -0.16459916049380335], [-0.7226874238749879, 0.23188347369035828, -0.3339492836498166, 0.35566125626344597, -0.6169069604303328, 0.5836536539471402, -0.43342026890865626, 0.16352171807489102, 0.24469748104717054, 0.09390768784605871, -0.09915797569092533], [-0.029355563590426417, -0.7462308423502267, -0.42307524533452423, -0.2971142579219268, 0.04768205996013414, -0.32096825496033066, 0.5456605720427241, 0.2881518215134232, 0.74760012622354, 0.32848965468257785, -0.04800929301964796]], "inverted": true, "swapped": true, "error_lsq": 0.057912121360862316, "error_max": 0.30959329726434015, "target": "423.xyz", "model": "4.xyz", "model_rescale": 3.7855080009869324, "target_rescale": 3.769818778635151},
{"mapping": [8, 10, 14, 15, 13, 12, 7, 5, 4, 3, 2, 0, 6, 16], "R": [[-0.09175743192963376, -0.19248036012640396, 0.9770014762789709], [0.5374515891466656, -0.8355353069237409, -0.11413386967756062], [0.8382877566858546, 0.5146183652469667, 0.18011544947931907]], "T": [-0.014933257338439143, 0.07196942049062971, -0.04079939583513405], "aligned_model": [[0.15861198089571443, -0.5103651302851409, 0.10371150546930162, 0.03006518490178592, 0.6439871085686637, 0.4944977215072694, -0.24941809977533208, -0.7174610834381534, -0.05513672850620328, -0.6488018924161132, -0.29235513934953283, -0.40782075717162486, 0.3619548507362523, -0.02102964739695703], [-0.3458954866259749, -0.22282903808703852, 0.6675937746936919, 0.16573223369208626, 0.01959894992049404, 0.5020526123575728, -0.6348713085130675, -0.2188293617924444, -0.3324538687490598, 0.3525330570955909, 0.7346239783396594, 0.17030028440391898, -0.4335442570938841, 0.12047810493721423], [0.4982561148966481, 0.4048522642796226, 0.25728188078476605, 0.776820186698429, 0.2557624427087195, -0.1770850842840629, -0.12303390419249027, -0.31827726233549913, -0.6587203194911964, -0.08451672282348123, -0.21317028642290564, -0.7074659819165185, -0.20958429988114902, -0.018517255962553332]], "inverted": false, "swapped": false, "error_lsq": 0.04327851492194123, "error_max": 0.32618584100915543, "target": "423.xyz", "model": "5.xyz", "model_rescale": 4.2253639853439635, "target_rescale": 3.769818778635151},
{"mapping": [10, 8, 0, 1, 4, 3, 5, 11, 6, 9, 7, 12, 2, 13], "R": [[0.3127287738942193, 0.911851861169253, 0.2659452899766931], [-0.8726199049610901, 0.16522903572482475, 0.45960185728426106], [0.375146925143091, -0.3757998789723245, 0.8473719581860555]], "T": [-0.09808277279700166, 0.02450849215056229, 0.03078906535106979], "aligned_model": [[0.1090708529518065, -0.6146146453927749, -0.04635105678754824, 0.024965739634811246, 0.5393403914389703, 0.44128263390838424, -0.12722959370239728, -0.6093561828358441, 0.045671194834959225, -0.5415010371977179, -0.025113278935539662, -0.6789440358572623, 0.4224271094721181, -0.04920821779203544], [-0.5711879434610861, -0.32292390429917495, 0.8173288826816285, 0.17305617998240713, 0.1499579339073136, 0.2809453620921741, -0.593010154799688, -0.27470511498841843, -0.0884073613878311, 0.333997319733231, 0.5604788248590019, 0.41928592966940836, -0.3818545710635308, 0.04152829165332443], [0.48985943721995734, 0.4287217607765491, 0.1395194991931369, 0.7389546038986592, 0.31161901294364086, -0.3517479426395615, -0.1054550169076674, -0.47381425043601616, -0.5858978689461263, 0.31397334436871693, -0.5495577890807588, -0.5841050168867765, -0.08799702538634974, -0.0014709760590753684]], "inverted": true, "swapped": false, "error_lsq": 0.05006535799211382, "error_max": 0.2932774482206335, "target": "423.xyz", "model": "6.xyz", "model_rescale": 3.89814844738969, "target_rescale": 3.769818778635151},
{"mapping": [7, 1, 0, 11, 12, 3, 9, 8, 10, 2, 4, 5, 13], "R": [[-0.49689269959565496, 0.8484841869454826, 0.18213245068357745], [-0.47927324320595044, -0.09334604315894174, -0.872687615686976], [-0.7234602984514026, -0.5209233155945628, 0.4530387354681444]], "T": [0.0485461263012789, 0.11285483448772927, -0.030816696792032052], "aligned_model": [[-0.023750426817692946, -0.16137760895384134, 0.42268093209655105, -0.33220364314458534, 0.6203763682148191, -0.34986488258398124, -0.49618888775572595, 0.2619274481556055, -0.4582797193081743, -0.5565942137980752, 0.33630971126607684, -0.0900681288733838, -0.02433514759337016], [-0.4299070897662519, 0.3274920552081258, 0.5192433611017875, -0.7362163665549971, 0.061349767152054605, 0.7487174503860332, -0.12342787362703235, -0.5488658964774039, -0.2684411646748195, 0.4027699090300729, 0.7058174075757365, 0.23598907142143366, 0.06926063469574606], [-0.46042120700333694, -0.7823225181915274, -0.442005084534167, -0.07633474481632999, 0.12235904671241563, -0.25437652500512586, -0.3427446270580432, 0.21731907315112922, 0.44037920321697493, 0.21368945765892816, 0.24823202226760263, 0.6903381036436371, 0.028162830794138196]], "inverted": true, "swapped": true, "error_lsq": 0.04320644566541612, "error_max": 0.2346260839313194, "target": "423.xyz", "model": "7.xyz", "model_rescale": 3.7474275329858107, "target_rescale": 3.769818778635151},
{"mapping": [4, 8, 11, 9, 13, 12, 2, 3, 0, 5, 10, 6, 1, 14], "R": [[0.48308935731391656, 0.8701715378967864, -0.09708845185895881], [-0.5792127272162465, 0.4007610377005222, 0.709861400057729], [0.6566104548975333, -0.28669162055341446, 0.6976178217503565]], "T": [-0.03523597720888817, 0.09007917689414299, -0.04184734862285204], "aligned_model": [[0.12603853297349077, -0.3957405726418897, 0.1253355802758449, -0.3498388492286721, 0.7034606386297135, 0.5395803050205948, -0.024357881023072493, -0.6121837508277246, -0.15280398157456992, -0.7313711737350265, 0.011666023381395524, -0.6441729461608001, 0.29567938479859956, -0.0008514361479537852], [-0.4064192564566993, -0.26047358245020247, 0.6274895574928606, 0.46231743170609074, -0.03190459883051519, 0.30408381774020393, -0.7505835590305339, -0.2648223164743312, -0.000872276693942492, 0.18934383339721728, 0.7087456617942592, 0.3314082374574215, -0.4084193136681451, 0.04459603859507539], [0.5409954122407613, 0.41897747215428227, 0.22626981483658742, 0.5436474461105066, 0.4557057610057811, -0.10841216049503895, 7.313921848368932e-05, -0.2770296895962066, -0.6838121724774361, 0.09440161522175593, -0.47809881565789347, -0.5295912883792046, -0.496595738553401, -0.023929023570649098]], "inverted": false, "swapped": false, "error_lsq": 0.05186864228537659, "error_max": 0.3925802674430572, "target": "423.xyz", "model": "8.xyz", "model_rescale": 4.019505241142653, "target_rescale": 3.769818778635151},
{"mapping": [9, 1, 7, 11, 10, 8, 6, 2, 5, 4, 0, 12, 13], "R": [[-0.2769880102634522, 0.10361927969363416, 0.9552699550630002], [-0.15248425416545686, 0.9768300479803758, -0.1501719334438402], [-0.9486971036120528, -0.18725945166647592, -0.2547699027743912]], "T": [-0.02771038738299874, -0.02778983009629847, 0.10726027180214555], "aligned_model": [[-0.2581214884913633, -0.6993600766355422, 0.08025457119284643, 0.3971280859922889, 0.313641716128789, 0.6714605608824075, 0.1447105316574613, -0.3338779512000357, 0.24709526542269927, -0.17245904847541405, -0.40515214839262964, 0.32607305204607095, 0.008307701613597805], [-0.38680625007235936, 0.16293065429108944, 0.04792375914114873, -0.43646605476961026, -0.7353130443210943, -0.03111812642515646, 0.5821660316817838, -0.6399774391716664, -0.47194974344860346, 0.16142850721683416, 0.538167712793567, 0.39655873243387435, -0.12416651123574882], [-0.41031360896017804, -0.30189801358551477, -0.576105189229624, -0.6141690033150227, 0.022559057516320744, -0.12964937801359244, -0.18214592656952594, 0.31101648738286425, 0.6379617159222731, 0.7821861399240989, 0.21419087722922717, 0.32605465333559414, 0.0970156824069581]], "inverted": true, "swapped": true, "error_lsq": 0.04912427191040517, "error_max": 0.28811208996131904, "target": "423.xyz", "model": "9.xyz", "model_rescale": 3.877068213659057, "target_rescale": 3.769818778635151},
{"mapping": [0, 12, 3, 5, 1, 4, 11, 10, 9, 6, 13, 14, 8, 15], "R": [[0.7183165120363846, 0.4895545191427772, 0.49432556207702566], [-0.10020177551616187, 0.7759186309233483, -0.6228241183267118], [-0.6884627751151777, 0.39785254928543723, 0.6064093966189734]], "T": [-0.0433310611433831, 0.10978208302579244, -0.09618488580901227], "aligned_model": [[0.08550994837263919, -0.4352889933563203, -0.10032807234011543, 0.18391553736819566, 0.6542859510005158, 0.4338659936656235, -0.2882334031533463, -0.6275765282938469, -0.03733855885813511, -0.6017146982061515, -0.29667788874010986, -0.43593091896154723, 0.38924530564154963, -0.03329380039902133], [-0.46867054990651263, -0.10463563411898512, 0.6016208039944426, 0.18361314774698895, -0.04213151070404032, 0.5849282864940912, -0.5799664637971168, -0.20268428367397773, -0.21406520436802834, 0.33226149214319434, 0.7274547813514091, 0.17602575600735854, -0.49439535147996166, 0.045134404889897034], [0.43537751067362696, 0.5026383248828504, 0.3008130436550933, 0.6480619815606675, 0.3969270432810691, -0.028289849493806724, -0.0017123432507411551, -0.34962675933321785, -0.6712782071610156, 0.041710732338100215, -0.48597241595011076, -0.7677492342296638, -0.3039594038358645, -0.03433865107865869]], "inverted": true, "swapped": false, "error_lsq": 0.0428496932642081, "error_max": 0.2702631964188674, "target": "423.xyz", "model": "10.xyz", "model_rescale": 4.260839863003843, "target_rescale": 3.769818778635151},
{"mapping": [5, 4, 0, 12, 7, 8, 10, 2, 3, 1, 9, 13], "R": [[0.25714831974338737, 0.9053686300434769, 0.33790884182919956], [-0.6433689009812915, 0.42130210913269395, -0.6392034027525739], [-0.7210764168264541, -0.053029959207433086, 0.6908231499618265]], "T": [-0.08438955323196273, -0.013410725920637584, -0.0844258955907918], "aligned_model": [[0.43868417150797523, 0.1524640011635206, -0.35022455193019425, -0.43439114113564814, -0.5232264097617498, -0.4415818624990332, 0.3174803977845869, 0.6094918777727895, 0.40208921530099684, -0.208338630215441, 0.021834036244784777, -0.02538245513845716], [-0.006057259276036708, -0.6528931181466104, -0.5771491470871305, -0.28479026002749996, 0.4571797843881711, 0.42489954810353203, 0.6066005687979861, 0.09685637523112345, -0.3255164161772529, -0.10593589497875272, 0.47381090365040446, 0.06607342105499983], [-0.6143126790165312, -0.3017812390423361, 0.2083797116861331, -0.4806044448070912, 0.18079876043691243, -0.559057365803135, -0.36437444413443776, 0.04363099542736498, 0.4437407835596161, 0.7099127161769349, 0.3641233437247845, -0.11427806081271003]], "inverted": false, "swapped": true, "error_lsq": 0.04662230426048006, "error_max": 0.26742637143590137, "target": "423.xyz", "model": "11.xyz", "model_rescale": 3.890672605050136, "target_rescale": 3.769818778635151},
{"mapping": [11, 2, 12, 10, 9, 5, 1, 0, 8, 4, 7, 3, 6, 13], "R": [[-0.9821327274055037, -0.11262856569924867, 0.15076508862318425], [0.17117553299936644, -0.201774866137009, 0.9643577346077415], [-0.0781936228947693, 0.9729345864876643, 0.21744895436554412]], "T": [-0.009514152660189693, -0.07020028697454067, -0.03224144690382185], "aligned_model": [[0.06939542077625785, -0.44695003034833547, 0.07450308233222282, -0.1785744509514855, 0.7139738403187817, 0.5141949950827636, -0.3603207516491317, -0.4462471934389867, 0.08214078599636361, -0.6507394290961057, -0.08262065612350694, -0.6340256502748852, 0.3136211634596998, -0.07791125234372212], [-0.3035628460164659, -0.17923332301153275, 0.6146023986028455, 0.309110788927346, 0.03503861649542589, 0.4671722557014208, -0.761220551209572, -0.2944086905133941, -0.02813214199672638, 0.16383177580252994, 0.7184721630221242, 0.23708504921744672, -0.5178761740718443, 0.0836103536291555], [0.45977212928359795, 0.517600151768419, 0.24903872089210038, 0.7596437895303305, 0.23479846253501124, -0.2370136637287153, -0.10097291649816117, -0.3604020518244612, -0.7456983056108651, 0.12623941085866594, -0.3478604831548496, -0.6393858016584902, -0.19725117852380458, -0.035906491810449456]], "inverted": false, "swapped": false, "error_lsq": 0.03807580267573401, "error_max": 0.2492614392859953, "target": "423.xyz", "model": "12.xyz", "model_rescale": 4.124412569039231, "target_rescale": 3.769818778635151},
{"mapping": [0, 6, 7, 4, 1, 3, 12, 2, 8, 5, 9, 11, 13], "R": [[-0.9590605730636279, 0.28274712064221447, 0.016027568855020574], [-0.1411571404879731, -0.4281994936993545, -0.8925916509159577], [-0.2455147223368164, -0.8583118660278171, 0.45058102684392126]], "T": [0.032139019030178725, 0.09885278576678763, -0.0339318284464927], "aligned_model": [[-0.179669908538868, -0.030742333664603286, 0.5496330186301638, -0.5780245859178895, 0.5093560518243316, 0.17595758175640946, -0.4424580405009589, 0.21049827219920814, 0.01865741518364994, -0.3191574130345063, 0.6958248433538828, 0.6872412246959066, 0.07018218152303073], [-0.1234951885587755, 0.5347959363015158, 0.5130801949223318, -0.27360588283266296, -0.24663021522336892, -0.6641700101063563, 0.41725909569614134, -0.41460793116054545, 0.8024197978629701, -0.016374786616361714, 0.03536839155622877, 0.674488181606693, 0.10895779306066748], [0.5824306738201169, 0.506003889284121, 0.1781835813873043, 0.0015025744081893222, 0.5208685954694844, 0.06678574242356175, 0.1287963461510878, -0.4971541403101446, -0.2570662732962087, -0.6802704561143662, -0.1071141053805415, -0.36172623849232066, -0.12954210838244473]], "inverted": false, "swapped": true, "error_lsq": 0.042035217324101155, "error_max": 0.22057616625575652, "target": "423.xyz", "model": "13.xyz", "model_rescale": 3.9028299243045295, "target_rescale": 3.769818778635151},
{"mapping": [9, 7, 13, 14, 11, 12, 6, 3, 2, 4, 8, 0, 1, 15], "R": [[-0.28748096907759974, -0.9127490447703772, 0.29024795208402154], [-0.9474217660532362, 0.22653731536099897, -0.2259930130725248], [0.14052291495258426, -0.33995591775963485, -0.9298834789119728]], "T": [-0.11302581468752149, 0.09181928379154075, -0.06280921678849147], "aligned_model": [[-0.009983345595332538, -0.6293103126452243, 0.11057096357103155, 0.25230258600629685, 0.5293824881096412, 0.4606447840922002, -0.08415359373836181, -0.5695801616608439, 0.03824478334716319, -0.7598947956297002, -0.04439366664814001, -0.658771214362577, 0.38305812032183517, -0.1276767614280583], [-0.4079405000102014, -0.32734604424329317, 0.7486996085174433, 0.22179590930777543, -0.08495566563179352, 0.48315186915164465, -0.5741943882137199, -0.27614737293880237, -0.07483830633230368, 0.28655124950301647, 0.6112381463397498, 0.22102085936317556, -0.30183942764332533, 0.019293737409393427], [0.5206870252915098, 0.5523157305020432, 0.3259890233510725, 0.7326100998293928, 0.2564381451294623, -0.10754332784458445, -0.06347690591440844, -0.274582947531018, -0.7638742803739806, -0.008007237739550532, -0.6302603891744941, -0.6732887994512124, -0.20817875995307364, 0.023774395937169998]], "inverted": true, "swapped": false, "error_lsq": 0.04029484008638539, "error_max": 0.31291979263586683, "target": "423.xyz", "model": "14.xyz", "model_rescale": 3.942246331269136, "target_rescale": 3.769818778635151},
{"mapping": [13, 11, 0, 8, 12, 1, 4, 10, 5, 6, 2, 9, 3, 14], "R": [[0.3764591050812517, 0.8893869574597176, 0.2593634170463707], [0.70712304695767, -0.4567257918803521, 0.53979491243672], [0.5985445168596266, -0.01980885993215764, -0.8008445981621305]], "T": [-0.14018867520855427, 0.015043310127721459, -0.032558928356659966], "aligned_model": [[0.1461845283194959, -0.538805997049412, 0.11427714508998427, -0.2913815474105681, 0.6003200063063241, 0.6194680567088778, -0.1358453887179622, -0.6378158147041911, 0.1044278207268419, -0.6423260727738245, -0.03981750435573726, -0.7236181410410909, 0.3917667780547076, -0.07639399541351521], [-0.45507763481506364, -0.2819177863639531, 0.6914647221799397, 0.42872291991172345, -0.09342162039463955, 0.18680206800837135, -0.5708627168138732, -0.42129898077670935, 0.1888039702747875, 0.18505829395855863, 0.6763504495044598, 0.2617959949904225, -0.3408540157771406, 0.08892401069187594], [0.5656939712873793, 0.4841899105926253, 0.10315659207240674, 0.6037199587141374, 0.2960114744653595, -0.2563043518281616, -0.051512565964797696, -0.29896679469852466, -0.591799092410225, 0.1456048406251363, -0.40031756402749785, -0.5294346442492471, -0.3595274584293455, -0.027912504090916314]], "inverted": true, "swapped": false, "error_lsq": 0.053124532925376874, "error_max": 0.3587262605702697, "target": "423.xyz", "model": "15.xyz", "model_rescale": 4.355366556412066, "target_rescale": 3.769818778635151},
{"mapping": [5, 12, 4, 9, 2, 10, 1, 11, 0, 8, 6, 13], "R": [[0.35675490688343764, -0.9258460616093707, -0.12463950664619768], [-0.9340948032873593, -0.35550958706905006, -0.03286079690974267], [-0.013886500140049204, 0.12814836598416432, -0.9916577844243696]], "T": [0.008467086815983758, -0.021804111985905605, -0.11598491672199879], "aligned_model": [[-0.25208304258943076, 0.5475809692297845, 0.2309064036564458, -0.4703479238690648, -0.6359508353079693, -0.5608295467053938, -0.07756681629728615, -0.3385825927570837, 0.43631935870963406, 0.19316389372380519, 0.5973958206052824, -0.07219713376694323], [-0.6730111364879907, -0.21466003297344788, -0.6050866112503583, 0.44777111960934146, -0.2816895805054098, -0.14686135991292062, 0.5375229383181935, 0.5089449870671161, 0.06046392821411681, 0.07203336471304812, 0.345434256860741, -0.03808544591144907], [0.13398156011088452, 0.04297489409525174, -0.4661034079490802, -0.10598117798514367, -0.28095135611103306, 0.4174442545299581, -0.6944739218487863, 0.566529623659227, -0.6492566867249467, 0.5925762253930933, -0.05409791275241753, -0.053383633207586184]], "inverted": false, "swapped": true, "error_lsq": 0.045193038585624894, "error_max": 0.2546945750160669, "target": "423.xyz", "model": "16.xyz", "model_rescale": 3.795458400668931, "target_rescale": 3.769818778635151},
{"mapping": [7, 1, 0, 11, 12, 3, 9, 8, 10, 2, 4, 5, 13], "R": [[-0.49689269959565496, 0.8484841869454826, 0.18213245068357745], [-0.47927324320595044, -0.09334604315894174, -0.872687615686976], [-0.7234602984514026, -0.5209233155945628, 0.4530387354681444]], "T": [0.0485461263012789, 0.11285483448772927, -0.030816696792032052], "aligned_model": [[-0.023750426817692946, -0.16137760895384134, 0.42268093209655105, -0.33220364314458534, 0.6203763682148191, -0.34986488258398124, -0.49618888775572595, 0.2619274481556055, -0.4582797193081743, -0.5565942137980752, 0.33630971126607684, -0.0900681288733838, -0.02433514759337016], [-0.4299070897662519, 0.3274920552081258, 0.5192433611017875, -0.7362163665549971, 0.061349767152054605, 0.7487174503860332, -0.12342787362703235, -0.5488658964774039, -0.2684411646748195, 0.4027699090300729, 0.7058174075757365, 0.23598907142143366, 0.06926063469574606], [-0.46042120700333694, -0.7823225181915274, -0.442005084534167, -0.07633474481632999, 0.12235904671241563, -0.25437652500512586, -0.3427446270580432, 0.21731907315112922, 0.44037920321697493, 0.21368945765892816, 0.24823202226760263, 0.6903381036436371, 0.028162830794138196]], "inverted": true, "swapped": true, "error_lsq": 0.04320644566541612, "error_max": 0.2346260839313194, "target": "423.xyz", "model": "17.xyz", "model_rescale": 3.7474275329858107, "target_rescale": 3.769818778635151},
{"mapping": [11, 7, 5, 12, 10, 8, 1, 2, 0, 9, 4, 6, 3, 13], "R": [[-0.810796322387922, -0.4449495750010306, -0.3803014584623934], [-0.03794670734723038, -0.6083990184056738, 0.792723584740934], [-0.5840970561505382, 0.6571685553261166, 0.4764033153609033]], "T": [-0.06673352535079877, -0.006169118204332649, 0.013607098077151505], "aligned_model": [[0.16612711284298218, -0.5433303468171088, 0.14389602812870117, -0.2323757898513208, 0.5002343324016081, 0.4990741057115975, -0.07335587722227452, -0.6242456906923755, -0.08560272035618743, -0.5641856705408425, -0.060634839059770435, -0.6106462769807075, 0.5003046689109636, -0.12481916273533522], [-0.47744170914701356, -0.34716551126270717, 0.6467348243914008, 0.29158489785224617, 0.16099057184450682, 0.23619473279265218, -0.6702101946338225, -0.25145473172942295, -0.10702808149831862, 0.4291104588448537, 0.6702156841191387, 0.3514680664577633, -0.36808630965380734, -0.020423023798710353], [0.5090006083416806, 0.48688947861300663, 0.24289200733693572, 0.679296296913078, 0.37004006058466027, -0.3578440286948245, -0.1801040530725218, -0.35087592910442966, -0.8162204826792249, 0.11751676512396843, -0.4677370898299718, -0.4002206127176708, -0.07624174215419748, -0.07378950660215997]], "inverted": false, "swapped": false, "error_lsq": 0.047942540639449596, "error_max": 0.3148652385329066, "target": "423.xyz", "model": "18.xyz", "model_rescale": 3.922800546911778, "target_rescale": 3.769818778635151},
{"mapping": [6, 4, 5, 8, 1, 0, 10, 11, 9, 13, 3, 7, 2, 14], "R": [[0.27107575925545235, -0.17089128166422674, 0.9472666480961092], [0.7264168163919094, -0.6093581166119152, -0.31780700839066245], [0.6315350675988809, 0.7742601988804134, -0.04104391334338664]], "T": [-0.09116804335824553, 0.11739968097465964, 0.0578714212210803], "aligned_model": [[0.049934150680736936, -0.5054876063712674, 0.24529073331526385, -0.18801541553640574, 0.5784827668084236, 0.5748030597467707, -0.1161649251792516, -0.6384608635997779, -0.05216599675439278, -0.7611528446867853, 0.043089878490308584, -0.5562068296765699, 0.3523248512501475, -0.13583108474727063], [-0.3461059665742391, -0.3954954889417838, 0.7652967249986364, 0.28138275614995345, -0.026158605135851665, 0.5109257749994291, -0.6741576762576813, -0.24364026650915732, -0.22154508773405052, 0.2080050047700328, 0.4803039167508453, 0.31967605168047364, -0.2492090436211618, 0.13521158000331415], [0.5488097650492774, 0.35644299299784216, 0.2804891027517118, 0.6393529700081915, 0.3388373174931756, -0.2584548957801677, -0.09514084421501101, -0.2202730340566712, -0.6812757021858187, 0.179217159130897, -0.45146596172043846, -0.559408269140039, -0.36879127725381566, -0.02573755102080516]], "inverted": true, "swapped": false, "error_lsq": 0.04625693726611829, "error_max": 0.2938725010048945, "target": "423.xyz", "model": "19.xyz", "model_rescale": 3.9282355846067225, "target_rescale": 3.769818778635151},
{"mapping": [1, 0, 12, 10, 2, 7, 3, 4, 6, 11, 9, 8, 5, 13], "R": [[0.8839079217530298, -0.20646098386927342, -0.419619646825517], [0.46715977543276827, 0.34827567974587154, 0.8126904669769154], [-0.021645555660353727, -0.9143729616722506, 0.4042938991412952]], "T": [-0.05916860067581545, 0.06731022371154541, -0.13177120339600162], "aligned_model": [[0.08038668203524221, -0.530141407185601, 0.14725069132478383, -0.004846535752952269, 0.5698789129367171, 0.4789495580063001, -0.20410552654388658, -0.6252815433195474, 0.14970994088108144, -0.6636248221134583, -0.349866254827907, -0.5208257699297969, 0.42138354414480883, -0.05842759591585386], [-0.4534507697647442, -0.32606435209069906, 0.8746929066042671, 0.38715606165798677, -0.037674278926679045, 0.35403826363172153, -0.6711306636435942, -0.17865020112652036, -0.21125474094897076, 0.23578602505540966, 0.6936278921436488, 0.31183875915493, -0.434657301796348, 0.00023207462835078685], [0.3886450790622216, 0.38168575374601527, 0.036510181559339216, 0.6663403816610756, 0.38975893972477066, -0.25949612187210064, -0.13907959197517444, -0.26737153718816065, -0.6845961027970808, 0.21407811647151614, -0.1723406169735908, -0.6846726707104771, -0.2009694092424845, 0.014109370592459203]], "inverted": false, "swapped": false, "error_lsq": 0.0501940174573748, "error_max": 0.3844415576229426, "target": "423.xyz", "model": "20.xyz", "model_rescale": 4.067790424073018, "target_rescale": 3.769818778635151},
{"mapping": [9, 1, 0, 7, 12, 3, 13, 5, 6, 8, 2, 4, 11, 14], "R": [[0.6842048191728571, -0.6860148606404807, 0.24748207288823984], [0.0011779091171039147, -0.33830667358951433, -0.9410351784789504], [0.729288953673885, 0.6441523155164621, -0.23066299326946715]], "T": [-0.08192585309399814, 0.00862091676164976, -0.05460145107355104], "aligned_model": [[0.10332046573788453, -0.5181293880155866, 0.019063922172862735, -0.3149131816087203, 0.5986342924427394, 0.6392453604167624, -0.16295592409987453, -0.6109744344844155, -0.012793551783900264, -0.5790938071248166, -0.016743225246704255, -0.6327098842094689, 0.42674786628663064, -0.04825863674346288], [-0.236423661121214, -0.3816211344403744, 0.6643035450192113, 0.24626344146070536, -0.032107437460919847, 0.34656776380385845, -0.6796198495116248, -0.21022388627675806, 0.004004091684085092, 0.2213561572941604, 0.6400459636420008, 0.3499625908252606, -0.3392802985835149, -0.04873761175611653], [0.6593221132373183, 0.5205009040549653, 0.19905064494334426, 0.6131611507656188, 0.2949596399635138, -0.3536817513751039, -0.15401111010906143, -0.19840921014709167, -0.7913214199471691, 0.1263284791354618, -0.4428997471527377, -0.526401522451166, -0.25017252652179484, -0.01382387233776914]], "inverted": false, "swapped": false, "error_lsq": 0.04515965895657309, "error_max": 0.3184253267736218, "target": "423.xyz", "model": "21.xyz", "model_rescale": 4.186013935880536, "target_rescale": 3.769818778635151},
{"mapping": [3, 1, 0, 5, 10, 4, 2, 9, 6, 7, 11, 8, 13], "R": [[0.9310436375209785, -0.3632292563282892, -0.034960726235348696], [-0.35590877736051596, -0.8827598327091444, -0.306698581596111], [0.08053997286718992, 0.29799259236182657, -0.951164406224303]], "T": [0.13689808354060076, -0.015022870490959003, -0.012038723690431966], "aligned_model": [[-0.041789411501798795, -0.32020336433450736, 0.37715947947418904, 0.4369016195824932, -0.16689341177477565, 0.7265227262634782, -0.10041796587720347, -0.5327050076998671, 0.2600607370739975, -0.3414081515222066, -0.505967632978265, 0.1742022207555553, 0.09311219796213611], [-0.46697813275854755, 0.17605730921173884, 0.24618927993477613, -0.583291373107464, -0.40733921576592474, -0.30441590474354857, -0.6874213674419526, -0.05369465216664032, 0.6672116890328543, 0.47063143362155513, 0.214239613013254, 0.31997830723051623, -0.07221032651452373], [-0.6259107096229884, -0.6519174168930052, -0.6021633306837297, 0.3641380772032941, 0.6028460342476254, -0.29642426119852044, -0.05191597552179958, -0.011048331340559384, -0.08216746859652682, 0.12846172329709868, 0.6220957795904767, 0.6447412142663298, 0.06214422658765062]], "inverted": false, "swapped": true, "error_lsq": 0.042309856367599145, "error_max": 0.25745585712033225, "target": "423.xyz", "model": "22.xyz", "model_rescale": 4.166573947596378, "target_rescale": 3.769818778635151},
{"mapping": [1, 6, 3, 2, 4, 8, 5, 13, 10, 12, 9, 14, 7, 15], "R": [[0.6890972465393288, 0.706892476567447, 0.15952432850276033], [-0.6871090384241157, 0.7073042224617319, -0.1661382141582479], [-0.2302740847941916, 0.004874777958625565, 0.9731136020075208]], "T": [-0.08002845513373019, 0.15499816273723827, 0.004753467180814923], "aligned_model": [[0.06014525942910193, -0.5236542214285664, 0.15721572199109046, -0.06971125692282307, 0.5531558766021116, 0.6554991798884398, -0.16563457654094435, -0.43716693558611547, -0.09977912246989613, -0.7132862830226876, -0.04425007694474975, -0.63532815659113, 0.22772221047697427, -0.07448774514087537], [-0.34397485700266534, -0.20080409642593694, 0.6291374008565229, 0.19724322545779616, 0.1942962119258851, 0.35503191384133337, -0.67026668664583, -0.41781951231975106, -0.09557233194221576, 0.3052153831809121, 0.6518522387051248, 0.21118734523052998, -0.3663842070899677, 0.0953476468070215], [0.49411664130044647, 0.5104298101320782, 0.28818570831102813, 0.6762578597843962, 0.37541069257753623, -0.2655514287406319, -0.04693310314166072, -0.5062701681025354, -0.7007715652878767, 0.08091556621145443, -0.33036606541965574, -0.5560163434833328, -0.37582451418404383, 0.0390186821011261]], "inverted": true, "swapped": false, "error_lsq": 0.046099121909641036, "error_max": 0.35845945065672735, "target": "423.xyz", "model": "23.xyz", "model_rescale": 4.274766983524099, "target_rescale": 3.769818778635151},
{"mapping": [10, 8, 11, 9, 7, 1, 3, 0, 4, 12, 13], "R": [[-0.9765790397467862, -0.18184796921403995, 0.11499867486182105], [-0.015211987176258199, 0.591500514355783, 0.8061611110460452], [-0.214620536234058, 0.7855306853392643, -0.5804132732950131]], "T": [0.07399310119399832, 0.0706663190225563, 0.07874615637164308], "aligned_model": [[0.15105950035607849, 0.10628730919222676, -0.4254451752100495, -0.4747732880956825, -0.5268303353007464, -0.5586095213817539, -0.012388937452759069, 0.011091341628767556, 0.6414750088115657, 0.3861223226856932, 0.0819064787247345], [0.05666788012595245, 0.7248497400666588, 0.4557283464542834, -0.13051246460102203, 0.40182268627277484, -0.27956698465654195, -0.6838409935815986, -0.01718502731766733, -0.16706274068128332, 0.49507380153336844, 0.059612287628558185], [-0.7074786631100692, -0.2618098748352894, -0.6070036720365607, -0.2502634702040428, -0.038403285773625104, 0.4421311665793748, 0.2692414416538761, 0.7588416550148818, 0.4444370917567312, 0.35362620986064003, -0.02375216488433929]], "inverted": true, "swapped": true, "error_lsq": 0.052417740616713254, "error_max": 0.3084959051733536, "target": "423.xyz", "model": "24.xyz", "model_rescale": 3.7841303162186577, "target_rescale": 3.769818778635151},
{"mapping": [6, 3, 2, 4, 1, 8, 11, 13, 10, 12, 9, 14, 7, 15], "R": [[-0.11686650088667974, 0.2118702506478139, 0.9702851219414509], [0.969840018452007, 0.23476260572642785, 0.06555041999521116], [-0.21389847961010497, 0.9486819887838971, -0.23291613206799397]], "T": [0.01955377012631633, 0.04619968381593602, -0.06250618074300429], "aligned_model": [[0.07132785810919562, -0.4864545771740786, -0.042237583722923994, 0.08206398323347147, 0.6512509631434336, 0.44108355097460006, -0.2720008794156369, -0.7163353698078923, 0.10530216526108123, -0.6432022027139671, -0.15278517426537602, -0.5122334028405063, 0.35389213026000316, 0.010768412698526398], [-0.46399917756186376, -0.21751770431802747, 0.7450185150343334, 0.16584448997116052, 0.18975215446912347, 0.4581769579688027, -0.6566561307772957, -0.2070223911334666, -0.13263036478320356, 0.4140630492019384, 0.5016291365965095, 0.22431806443699936, -0.47566710398869344, -0.0008198205375576639], [0.4464565073839021, 0.5061858090821334, 0.2143098188871701, 0.6713071037345472, 0.3027166804073684, -0.01728281202245703, -0.1645706671505665, -0.14216640768374497, -0.8147841424878903, -0.03795070682068705, -0.38658026226151776, -0.6235544919100962, -0.25917462465268204, -0.012310032447150523]], "inverted": true, "swapped": false, "error_lsq": 0.039523737204678985, "error_max": 0.23699327409540963, "target": "423.xyz", "model": "25.xyz", "model_rescale": 4.19342608120988, "target_rescale": 3.769818778635151},
{"mapping": [5, 12, 4, 9, 2, 10, 1, 11, 0, 8, 6, 13], "R": [[0.35675490688343764, -0.9258460616093707, -0.12463950664619768], [-0.9340948032873593, -0.35550958706905006, -0.03286079690974267], [-0.013886500140049204, 0.12814836598416432, -0.9916577844243696]], "T": [0.008467086815983758, -0.021804111985905605, -0.11598491672199879], "aligned_model": [[-0.25208304258943076, 0.5475809692297845, 0.2309064036564458, -0.4703479238690648, -0.6359508353079693, -0.5608295467053938, -0.07756681629728615, -0.3385825927570837, 0.43631935870963406, 0.19316389372380519, 0.5973958206052824, -0.07219713376694323], [-0.6730111364879907, -0.21466003297344788, -0.6050866112503583, 0.44777111960934146, -0.2816895805054098, -0.14686135991292062, 0.5375229383181935, 0.5089449870671161, 0.06046392821411681, 0.07203336471304812, 0.345434256860741, -0.03808544591144907], [0.13398156011088452, 0.04297489409525174, -0.4661034079490802, -0.10598117798514367, -0.28095135611103306, 0.4174442545299581, -0.6944739218487863, 0.566529623659227, -0.6492566867249467, 0.5925762253930933, -0.05409791275241753, -0.053383633207586184]], "inverted": false, "swapped": true, "error_lsq": 0.045193038585624894, "error_max": 0.2546945750160669, "target": "423.xyz", "model": "26.xyz", "model_rescale": 3.795458400668931, "target_rescale": 3.769818778635151},
{"mapping": [8, 10, 11, 7, 1, 4, 5, 12, 2, 9, 0, 3, 13], "R": [[-0.6990097485898542, 0.6361258747371388, -0.32669441817432265], [-0.4710393144651948, -0.0658420517734769, 0.8796515153436719], [0.5380588588663032, 0.768770899363503, 0.34566453200657243]], "T": [-0.21610283595837781, -0.08522222120966941, -0.08122495678565006], "aligned_model": [[-0.028171891510281738, 0.4047350225099294, 0.5763014802770592, 0.15938622120771578, -0.14294541090866653, -0.7940924548117181, -0.18942186342406284, -0.6644865136613612, 0.11569153984458153, 0.3754109613545958, -0.7427792721922888, -0.2370554109057466, -0.13289602495849942], [-0.7039096600146764, -0.48250718009747817, -0.37605983858192316, -0.019206982183404858, 0.6821700414228103, -0.08078784114396872, -0.5302249132464354, -0.424821342456839, 0.0857353162528551, 0.2138326848061274, 0.323987935452285, 0.5632143649470382, -0.12954108189947622], [-0.43743428823888825, 0.20339701684674566, -0.4755256846594888, -0.6634854563659385, -0.3275077559236883, 0.3408994541348381, 0.5151817232732978, -0.2728754729445897, 0.5276386189003368, -0.18390104041780764, -0.2525823519736998, 0.3570929397519913, -0.038761040283682935]], "inverted": false, "swapped": true, "error_lsq": 0.04674119501679608, "error_max": 0.2880820649725517, "target": "423.xyz", "model": "27.xyz", "model_rescale": 3.6321398670334006, "target_rescale": 3.769818778635151},
