[{"mapping": [10, 11, 12, 2, 0, 1, 8, 4, 9, 3, 5, 6, 13], "R": [[-0.6491538159332574, 0.24316369001369548, 0.72074318804843], [-0.569049595897203, 0.47351755273095864, -0.6722824441147591], [-0.5047592303945724, -0.8465533338866534, -0.16901352672751307]], "T": [-0.17015412850709705, 0.0009057905869605948, 0.04085911530171211], "aligned_model": [[-0.20418165283125295, -0.22400707291215657, -0.48746751164158136, 0.31310053684417305, -0.22841669467818537, -0.6804774612762496, 0.3116818067861901, 0.7726537145138723, 0.1427714581957667, -0.11960917331846876, -0.5383711250438568, 0.26334614253547406, -0.06676703369857892], [-0.4403862245605874, 0.22559119785307413, -0.4398105045313283, -0.16771982577603595, -0.6118725056697495, -0.1092896944810645, 0.4153456796039704, 0.1546027257873644, -0.6351672587615264, 0.2351117713513033, 0.6523109744360432, 0.5885171110547543, -0.029501576351041996], [-0.8644211780864799, -0.6176833426946172, -0.15964318412291612, 0.6146958301711386, 0.5061769288447896, 0.2867679694021274, -0.41373173532587376, 0.07077315647355395, -0.14415932930155595, 0.5053944442885657, -0.0708941412843426, 0.2674352288966069, -0.08131437985313472]], "inverted": false, "swapped": false, "error_lsq": 0.05430268733431144, "error_max": 0.3545491664276833, "target": "425.xyz", "model": "0.xyz", "model_rescale": 3.8414455957264533, "target_rescale": 4.191726679860636},
{"mapping": [3, 12, 5, 7, 2, 6, 11, 0, 4, 9, 8, 13, 14], "R": [[0.9486807070062241, -0.1857562117223116, -0.2559287908007752], [-0.242382554015529, -0.9469172656423029, -0.21118330790432752], [-0.20311477952891657, 0.2623782038109884, -0.9433462060674435]], "T": [-0.06545363410327368, -0.031937562703399716, -0.02768215977914336], "aligned_model": [[-0.0011343508350187825, -0.25006382748702627, -0.496219812681859, 0.2961104619996473, -0.265750599290272, -0.7719971698199464, 0.3159265085530325, 0.6590435188134149, 0.20987398019255862, -0.11812915421057335, -0.49975769975250406, 0.23567683538792913, -0.05932275739423641], [-0.6015099513175267, 0.5326399844004641, -0.4955679256160931, -0.14783017036337642, -0.6230807633278926, -0.21102426762378002, 0.47514001768991027, -0.038002794035746475, -0.5006975852081321, 0.22491427301633865, 0.6230245708393556, 0.6432424200070915, -0.04351593850543627], [-0.5613742114047151, -0.5067028416625782, -0.21155758217360104, 0.4907725730897641, 0.36606340490792666, 0.2529445638973199, -0.5966170562127299, -0.003506595842298746, -0.011069485228695428, 0.6022083894929248, 0.05421399206111262, 0.14054219021335462, -0.11652107372992206]], "inverted": true, "swapped": false, "error_lsq": 0.03935333590015156, "error_max": 0.20163183059500467, "target": "425.xyz", "model": "1.xyz", "model_rescale": 4.316132596720782, "target_rescale": 4.191726679860636},
{"mapping": [0, 7, 6, 5, 1, 2, 10, 4, 11, 8, 9, 12], "R": [[0.8814616516509874, 0.21223053031075406, 0.42188097690311854], [-0.4446499874501963, 0.07201956008958817, 0.8928043299766429], [0.15909665404795215, -0.9745621503878131, 0.15785078302697125]], "T": [0.06784685986078526, 0.01668286017510165, -0.0187542778281577], "aligned_model": [[-0.24050247371544192, 0.663819535756953, 0.185542728620817, -0.48241895388941575, -0.37168136697842197, -0.5640658948285873, -0.32380283921745834, 0.009191676367051121, 0.38342960385782743, 0.07232088733330072, 0.2804543434471055, -0.014478692121949147], [-0.6076158545895609, -0.2511093335223701, -0.6113696306325347, 0.49202177962149407, -0.2512816199108604, -0.06254051653305112, 0.36808087342813633, 0.524109409552652, 0.011059528756464349, -0.1199665789987738, 0.5089199358898988, 0.01246843467948587], [0.3371043994846061, 0.257307636634922, -0.5669408101650432, 0.032009051845871564, -0.5676782980437391, 0.16482140606735002, -0.7322092060132989, 0.6509735451923166, -0.585558953597229, 0.6262551435755898, -0.12760362440137993, -0.03922182937054511]], "inverted": false, "swapped": true, "error_lsq": 0.05686272346170417, "error_max": 0.2792066156169969, "target": "425.xyz", "model": "2.xyz", "model_rescale": 3.795458400668931, "target_rescale": 4.191726679860636},
{"mapping": [1, 11, 6, 3, 2, 8, 7, 5, 9, 4, 0, 12], "R": [[-0.6513496376693231, -0.32680294482794725, 0.6847944835933065], [-0.03408057119381999, -0.8889858046492174, -0.4566648155915744], [0.7580119815511789, -0.3207866493231371, 0.5679029507238804]], "T": [0.028352584219722456, -0.05766599507888929, 0.05073732836194593], "aligned_model": [[-0.2282036791400038, -0.2715398360792153, -0.7415224973477442, 0.3365543606643784, 0.24219673280145537, 0.1151704805834074, -0.32880102806873174, 0.6569662686503097, 0.34973437949145153, 0.7106986706053678, -0.29518668369516304, 0.047236657278052915], [-0.18753671306019679, -0.6320517091401124, -0.25176958687957157, -0.1710706088191494, 0.38327166874711144, 0.5117106099510176, 0.03721427308724431, -0.008289932274236932, -0.45574048563140673, 0.2631054840481496, 0.6349477724371031, -0.03802172717624292], [-0.6446906586271512, 0.01853145361443368, -0.2293106628823312, 0.6995241837973944, -0.3955078524645576, 0.37167840451699113, 0.6561671772950776, -0.31494465086418716, 0.24463911451631343, 0.42619300758984086, -0.11379870464269891, -0.029709381210024643]], "inverted": false, "swapped": true, "error_lsq": 0.06262558979812734, "error_max": 0.3480686812052593, "target": "425.xyz", "model": "3.xyz", "model_rescale": 3.7530521520055578, "target_rescale": 4.191726679860636},
{"mapping": [4, 7, 0, 6, 2, 11, 5, 9, 10, 1, 12], "R": [[0.07879982509971761, 0.034309685801759554, 0.9962998710350406], [-0.38178810207748476, -0.9221711404190024, 0.061953473594210995], [0.9208845924850333, -0.3852573597460548, -0.05956789475189589]], "T": [-0.1313183553682914, -0.06780848932426123, -0.11275407321727551], "aligned_model": [[-0.6283224635146162, -0.2357183882404285, 0.5084051638263307, 0.4231331929958765, 0.2256361200477759, -0.2060700503248269, -0.27205917707279853, -0.6439681580790726, -0.14047804807776715, 0.3916364098367533, -0.08399499895202155], [-0.7457652556244734, 0.042273800292251085, -0.4264947729418278, 0.556130939543955, -0.5306811790758893, 0.5733118781395231, -0.46475408873023005, 0.053972558944729604, 0.2830541877846663, 0.2176093003834885, -0.09145401040184697], [-0.16584861159054484, -0.8056384738832497, -0.3839764246678321, -0.2227258540911653, 0.19969189048907396, -0.04742039765210107, 0.482176747954737, 0.03457894106561624, 0.7013094789083235, 0.3469878148171658, -0.046304334104706954]], "inverted": true, "swapped": true, "error_lsq": 0.05493945223071639, "error_max": 0.3374188659169071, "target": "425.xyz", "model": "4.xyz", "model_rescale": 3.7855080009869324, "target_rescale": 4.191726679860636},
{"mapping": [5, 9, 10, 11, 6, 8, 2, 1, 4, 13, 15, 14, 16], "R": [[-0.456619986700711, -0.8888972563714232, -0.036876216736521715], [0.8777470701468291, -0.4568785007729491, 0.1442987054000132], [-0.14511467394478034, 0.03352168174210244, 0.9888468173883563]], "T": [-0.0268408303185459, -0.040510495452779474, -0.03194623460602592], "aligned_model": [[-0.06201439436506385, -0.2383175206036469, -0.6397636196735786, 0.3570328254758854, -0.07072333524983271, -0.6621962993834033, 0.40236282144029123, 0.7153035143952482, 0.28652000706259584, -0.18764612057200913, -0.6642677602156896, 0.040428195119342446, -0.0224623799549929], [-0.534296070883747, 0.4313479740224292, -0.12605921089102284, -0.13416241221234781, -0.496605508230759, -0.08061098297800107, 0.38219377066014665, -0.18208927997310387, -0.7104291115363139, 0.16961776036717208, 0.47526871349753147, 0.6326333066314043, 0.010922921481787973], [-0.6722913528882513, -0.521375712160878, -0.41661667231913785, 0.6582034326217553, 0.4329502411248326, 0.26809585043078177, -0.4596038269687746, 0.015815239119674335, -0.02809691182668856, 0.6424834604756503, 0.051581146188232556, -0.024896520771052803, -0.046852105618281806]], "inverted": false, "swapped": false, "error_lsq": 0.044081657770166434, "error_max": 0.2655310026875904, "target": "425.xyz", "model": "5.xyz", "model_rescale": 4.2253639853439635, "target_rescale": 4.191726679860636},
{"mapping": [11, 6, 5, 1, 10, 2, 12, 9, 8, 4, 3, 7, 13], "R": [[0.6066077472458349, 0.6738417482891116, -0.4218581980286827], [0.7384851702916321, -0.6741058961110673, -0.014862506102085421], [-0.294392075709712, -0.3025203118651193, -0.9065399972799648]], "T": [0.007013178882480764, -0.01824419898349041, 0.0423151791250703], "aligned_model": [[-0.015623127054350427, -0.39782336397899754, -0.4028695303388244, 0.2840852040544124, -0.32494154126093766, -0.6473159667782882, 0.4149163601634547, 0.6117086857610269, 0.3043027811707003, -0.24969965667929728, -0.35585657170990825, 0.06212425299952688, -0.028751592873371194], [-0.18337870791655628, 0.27068031559029126, -0.42993833816728705, -0.22392305859049305, -0.6299234474977834, -0.06484678555855095, 0.37600657350067324, -0.10075430132167057, -0.6895012844002788, 0.1791441611622554, 0.5844978746983659, 0.7192815504731632, 0.030387317983047633], [-0.717797957471159, -0.36554259825005875, -0.2091711363948812, 0.6901061033715853, 0.3946886104456423, 0.18321649246385704, -0.6989844145383372, 0.05379796878718871, -0.0407371733266327, 0.6716383612368775, 0.13196454843158095, -0.24475581283506967, 0.05097327548726852]], "inverted": false, "swapped": false, "error_lsq": 0.0574002539827489, "error_max": 0.32689744563517925, "target": "425.xyz", "model": "6.xyz", "model_rescale": 3.89814844738969, "target_rescale": 4.191726679860636},
{"mapping": [7, 0, 4, 9, 10, 2, 3, 8, 11, 5, 1, 6, 12], "R": [[0.7420378045231315, 0.3303961851616036, -0.5832823137119366], [0.5376471037616232, 0.22637817009399794, 0.8122121126415385], [0.4003941663851125, -0.916292139514223, -0.00965539171751087]], "T": [-0.06362122016509317, -0.05575859805615958, -0.10159627694957325], "aligned_model": [[0.03486661094223699, -0.3177525132002277, -0.45991130658797696, 0.3531213078934524, -0.33307473557685396, -0.737291953956633, 0.3532482937301977, 0.6110134811715915, 0.3402376318660215, -0.14788781413617053, -0.5564181658518957, 0.2776179569281194, -0.16351285974671537], [-0.2158405386645082, 0.38484728833820975, -0.532688087321965, -0.10477733713026875, -0.41416818831559976, -0.107006009692119, 0.4244544912854272, -0.10630236332503042, -0.7542513136057911, 0.33290607918865006, 0.5826637530388815, 0.5036534250828378, -0.15575932892354782], [-0.7308407437196793, -0.40539576056208937, -0.27763098391349844, 0.6869902481455304, 0.47964466422235635, 0.1107461110805819, -0.5995893832067023, -0.10194248431697622, -0.03566962692682814, 0.5650486914012944, 0.1521056820059677, 0.06570543676567618, -0.00977558356777114]], "inverted": true, "swapped": false, "error_lsq": 0.05061462814724435, "error_max": 0.27436126235245006, "target": "425.xyz", "model": "7.xyz", "model_rescale": 3.7474275329858107, "target_rescale": 4.191726679860636},
{"mapping": [5, 11, 8, 1, 2, 4, 10, 0, 3, 1, 13, 12, 14], "R": [[-0.8442693833826423, 0.21101072744698612, -0.4926293547739381], [0.04766555160173058, 0.94514638985043, 0.32315057936386554], [0.5337950950254186, 0.24934469044877, -0.808016102482996]], "T": [-0.038154424008783286, 0.02890774926361432, -0.15124048035552326], "aligned_model": [[-0.02372078523946726, -0.20316226043358865, -0.4947465372485572, 0.2277494579764634, -0.26846081025160656, -0.7364257816554968, 0.5102321194599839, 0.577559050179047, 0.20959883727098305, 0.2277494579764634, -0.6726935534295437, -0.027845234934946006, -0.0715780261945885], [-0.4821202516553604, 0.46781162693073636, -0.4746521650377969, 0.015366376224193887, -0.45088950144057577, -0.13634298507405196, 0.4324730603624038, -0.11046973276866927, -0.6434757902725267, 0.015366376224193887, 0.5523743886582202, 0.6220513140554487, 0.030239153748960645], [-0.6529012386080708, -0.5594264130835335, -0.20746654808675735, 0.5515493721688539, 0.5009428240323751, 0.1607453394129453, -0.48541199067376906, 0.03766180346564679, -0.12568203222769916, 0.5515493721688539, 0.21132620229393032, 0.01822057996817017, -0.101711003423084]], "inverted": false, "swapped": false, "error_lsq": 0.05287802025915431, "error_max": 0.32768279774831427, "target": "425.xyz", "model": "8.xyz", "model_rescale": 4.019505241142653, "target_rescale": 4.191726679860636},
{"mapping": [9, 8, 11, 2, 6, 5, 7, 1, 10, 2, 4, 0, 12], "R": [[0.9762655690975607, -0.039447212935240464, 0.2129541170915886], [-0.01051777038266858, 0.9734770878064439, 0.22854263502038843], [-0.2163213237311423, -0.22535810814684884, 0.9499572664029049]], "T": [-0.061984324371587615, -0.04580298628603285, 0.01856251927839233], "aligned_model": [[0.06686637610659842, -0.33382152171701507, -0.5017207544486627, 0.07379661002829492, -0.24748263933572767, -0.6859685075464591, 0.10323045098387608, 0.6040775636092877, 0.3691254891057217, 0.07379661002829492, -0.3845738411399564, 0.21836697052638543, -0.10143687272549223], [-0.26077485718847115, 0.1304732910377961, -0.36160211565071165, 0.04208406269183338, -0.6263181314195257, 0.008445805926712562, 0.6580668114179785, -0.14706760928420662, -0.8534316869050921, 0.04208406269183338, 0.7164921770608612, 0.5365352818623573, -0.047255222286188836], [-0.6174600063741421, -0.5740318981593165, -0.2882799581405106, 0.5876069522466054, 0.4143584002359908, 0.25986218117828863, -0.5262818401124834, -0.030553055430108313, 0.010818561781234866, 0.5876069522466054, -0.030801018400782164, 0.0887862401286365, 0.01776475620784341]], "inverted": true, "swapped": false, "error_lsq": 0.05836784394975823, "error_max": 0.33668061082074663, "target": "425.xyz", "model": "9.xyz", "model_rescale": 3.877068213659057, "target_rescale": 4.191726679860636},
{"mapping": [12, 1, 3, 14, 13, 4, 0, 10, 6, 2, 7, 8, 15], "R": [[0.21557668401997837, 0.976022495092158, 0.030112827516341145], [-0.7320637701584621, 0.1819472619835813, -0.6564890176370479], [-0.6462269955118933, 0.1194792154759837, 0.7537342949215691]], "T": [-0.01829410081090853, -0.04131511181346295, -0.007310929889289351], "aligned_model": [[0.23465778517344188, -0.488423581990131, -0.4365009807112814, 0.36181078956166357, -0.1964571771738422, -0.6854923955283982, 0.1757738831998859, 0.6494894923055597, 0.14818237407405027, -0.2042455776838082, -0.4985260986299417, 0.18839758041503424, 0.0055898404629133], [-0.31280457238295767, 0.4965697675501257, -0.4621019574455226, -0.2617677303042797, -0.5497562460116866, 0.013660410905367272, 0.3226132611608846, -0.24612204406573107, -0.629692567661116, 0.1690265482923584, 0.6008080476909364, 0.7016971506179941, -0.0043981983911965256], [-0.6557737521776414, -0.49981954674955015, -0.23270564782926517, 0.638012602886312, 0.5471113164535054, 0.09226219486250334, -0.6882366178758863, 0.11650333716322783, -0.08732422806508314, 0.5939658717771473, 0.14546879951103414, 0.015803191261616313, -0.0858712538100583]], "inverted": false, "swapped": false, "error_lsq": 0.04225116935241339, "error_max": 0.24339889550299212, "target": "425.xyz", "model": "10.xyz", "model_rescale": 4.260839863003843, "target_rescale": 4.191726679860636},
{"mapping": [4, 2, 1, 5, 11, 9, 3, 8, 0, 6, 7, 12], "R": [[-0.3057547979525235, 0.9482572460093919, 0.08556984819254526], [-0.7466927129504342, -0.18305611371897662, -0.6394845202636461], [-0.5907317461891921, -0.259419842380626, 0.7640270606617799]], "T": [-0.0642649149915846, 0.04203323726773168, -0.025281674712133443], "aligned_model": [[0.43389414712558644, 0.11374444942177414, -0.529766195139314, -0.16666755944555842, -0.5962574584744671, -0.2999867425196188, 0.1691489126478602, 0.5929689019760351, 0.44238936908238546, -0.4100809047886432, 0.2948755882831513, -0.085363859075061], [0.1409337282233101, -0.5812943517507976, -0.4731569586168477, -0.36804125673165367, 0.3222948497557617, 0.3671796302857537, 0.6278571923795369, 0.03857392381363167, -0.3987596151585725, -0.02517113873534698, 0.5621316326144739, -0.03946913054631535], [-0.6972293900969846, -0.16335950647145595, 0.26488245985833225, -0.6191411509707936, 0.21829376100101702, -0.3968493053916553, -0.3873612293557254, -0.07783624475657527, 0.3753012663523582, 0.7393787702012355, 0.2966220812499193, -0.03652343422416765]], "inverted": true, "swapped": true, "error_lsq": 0.04751388284442722, "error_max": 0.2677103261623451, "target": "425.xyz", "model": "11.xyz", "model_rescale": 3.890672605050136, "target_rescale": 4.191726679860636},
{"mapping": [7, 4, 12, 6, 9, 10, 3, 8, 5, 11, 2, 0, 13], "R": [[0.15137646820501993, 0.8718048249089883, 0.4658771427524459], [-0.7163184314172315, -0.22802699601763565, 0.6594631103398659], [0.681155686818903, -0.4335435806843201, 0.5899719433682309]], "T": [0.01682396716306564, 0.04274227175362181, 0.1443229926601774], "aligned_model": [[0.06382965255833087, -0.3150757305644968, -0.4370314146194917, 0.3626017908607454, -0.13728337690627934, -0.8690872609479835, 0.3838624531102721, 0.6894144476457484, 0.14051105951521894, -0.36074869269542065, -0.5433804676423682, 0.31449525426591873, -0.03785178110504836], [-0.3449093339574144, 0.4467289161305867, -0.40360942451767023, 0.021688908372489192, -0.6096309019076975, -0.011565186586335062, 0.37472116993717675, -0.07274932620144711, -0.6963933349061388, 0.11893049308597164, 0.4785417373100666, 0.5226768480417979, 0.01330130515379039], [-0.6136221692127499, -0.32225435959615933, -0.24286895251407598, 0.6048148997234781, 0.5398992619336916, 0.035914043223388425, -0.635507704989287, -0.08692315801911782, -0.06388901465024932, 0.5372560726532634, 0.18691349291234052, -0.028156417893184765, -0.012179726163475929]], "inverted": true, "swapped": false, "error_lsq": 0.05157869928868904, "error_max": 0.3202281367511233, "target": "425.xyz", "model": "12.xyz", "model_rescale": 4.124412569039231, "target_rescale": 4.191726679860636},
{"mapping": [5, 10, 4, 6, 1, 2, 7, 3, 0, 8, 11, 9, 12], "R": [[0.8615274647531748, 0.4302485053412416, 0.2695489772334421], [-0.18694681901233257, -0.22478150683639728, 0.956307566134206], [0.47203952624450557, -0.8742765568377011, -0.11322185224980412]], "T": [0.0768426780187504, -0.058997037175043225, -0.048291609992558555], "aligned_model": [[0.09446039795707778, -0.4406519613575059, -0.49643767347687023, 0.30605244226665457, -0.216628204505584, -0.7550871464834005, 0.2474348068206742, 0.7566003498197899, 0.24495984051059583, -0.22589475596960173, -0.5950981080329287, 0.36850147568526176, -0.033955529759016806], [-0.28147957229604925, 0.32954792822404644, -0.5199058766479068, -0.02997000445162917, -0.5103248737552752, -0.046086854035503964, 0.31030434697483267, -0.21310360173210421, -0.5996705144996197, 0.2847501176587268, 0.6505342540897391, 0.4848835904887505, -0.021747070062831046], [-0.7721265473798866, -0.4030334603251201, -0.3261205790263193, 0.5795882591932384, 0.5624802982898446, 0.17558694620263512, -0.5253581543779908, 0.10314831259715179, -0.1754773166874009, 0.5040525404284253, 0.1404245474844215, 0.11835256361142549, -0.0821211426025622]], "inverted": true, "swapped": false, "error_lsq": 0.04785781452768394, "error_max": 0.23667301652799586, "target": "425.xyz", "model": "13.xyz", "model_rescale": 3.9028299243045295, "target_rescale": 4.191726679860636},
{"mapping": [9, 3, 1, 13, 12, 2, 7, 14, 11, 5, 0, 4, 15], "R": [[0.09186252217760732, 0.1934199456276828, 0.9768060204833674], [-0.09134735331003024, -0.9751806541832919, 0.2016887521650605], [0.9915729615426295, -0.10775628213719562, -0.07191415436162751]], "T": [-0.13685044965641616, 0.02062651887073253, 0.01564416881971968], "aligned_model": [[0.2837619615279361, -0.40074867937289627, -0.4204531345387693, 0.39222840983309504, -0.12276505904073566, -0.8668659989757239, 0.38533158317990024, 0.6325532392555817, 0.0715804154280941, -0.002565256124053311, -0.6455477295629013, 0.019339843847880983, -0.07159366198226205], [-0.2462779741659767, 0.42727446813459163, -0.5147795990356222, -0.13013605075476375, -0.46235567882259326, -0.06490248328416934, 0.3678565400166466, -0.41644846724919193, -0.6793297565808091, 0.21123802325125896, 0.6559764375959036, 0.6791119052375966, 0.010504505612305176], [-0.5782351519333815, -0.376382124877727, -0.21910795955992513, 0.5900983095798236, 0.5164136641400865, 0.05936895696329279, -0.6381028715828434, 0.021481358197325183, -0.09604502167808236, 0.4714254484384871, 0.1730416511261088, 0.05258820810932403, -0.07714819951462645]], "inverted": false, "swapped": false, "error_lsq": 0.05148087855523782, "error_max": 0.31032661407578394, "target": "425.xyz", "model": "14.xyz", "model_rescale": 3.942246331269136, "target_rescale": 4.191726679860636},
{"mapping": [8, 6, 0, 3, 1, 2, 11, 13, 12, 5, 9, 10, 14], "R": [[-0.29172080635711667, 0.565401013922786, -0.7715054533789373], [-0.8148466625875014, -0.569314273080364, -0.10911542025299518], [-0.5009230356136206, 0.5968274054716848, 0.6267959480321909]], "T": [-0.012860572091689795, 0.0736984384246504, -0.010436859933770849], "aligned_model": [[-0.1315679848770137, -0.1825453335857981, -0.5010358182594469, 0.2620432873791292, -0.11427631250406868, -0.7349765356499689, 0.3951049067803053, 0.715028710435265, 0.3675250931675925, -0.3603611769399613, -0.5574829457604757, 0.1604313659748256, -0.063631322685238], [-0.20180033260869112, 0.3631106884128749, -0.44691963362327136, -0.11318860867590236, -0.542847209955721, -0.11571407179624876, 0.3194308719433475, -0.22368038821582847, -0.636514840604468, 0.02028318239289889, 0.6653580432245483, 0.7597110639754875, -0.009496894513849816], [-0.7237740197654486, -0.45791537406809446, -0.18752224881273066, 0.6267829060612355, 0.5055357622473436, 0.14868370688775057, -0.5464319754173664, -0.2170109927617786, 0.12733143147869308, 0.5179282583719914, 0.028133702413279154, 0.08098030382205787, -0.003325193049070665]], "inverted": true, "swapped": false, "error_lsq": 0.057006216313834505, "error_max": 0.3532614786379258, "target": "425.xyz", "model": "15.xyz", "model_rescale": 4.355366556412066, "target_rescale": 4.191726679860636},
{"mapping": [0, 7, 6, 5, 1, 2, 10, 4, 11, 8, 9, 12], "R": [[0.8814616516509874, 0.21223053031075406, 0.42188097690311854], [-0.4446499874501963, 0.07201956008958817, 0.8928043299766429], [0.15909665404795215, -0.9745621503878131, 0.15785078302697125]], "T": [0.06784685986078526, 0.01668286017510165, -0.0187542778281577], "aligned_model": [[-0.24050247371544192, 0.663819535756953, 0.185542728620817, -0.48241895388941575, -0.37168136697842197, -0.5640658948285873, -0.32380283921745834, 0.009191676367051121, 0.38342960385782743, 0.07232088733330072, 0.2804543434471055, -0.014478692121949147], [-0.6076158545895609, -0.2511093335223701, -0.6113696306325347, 0.49202177962149407, -0.2512816199108604, -0.06254051653305112, 0.36808087342813633, 0.524109409552652, 0.011059528756464349, -0.1199665789987738, 0.5089199358898988, 0.01246843467948587], [0.3371043994846061, 0.257307636634922, -0.5669408101650432, 0.032009051845871564, -0.5676782980437391, 0.16482140606735002, -0.7322092060132989, 0.6509735451923166, -0.585558953597229, 0.6262551435755898, -0.12760362440137993, -0.03922182937054511]], "inverted": false, "swapped": true, "error_lsq": 0.05686272346170417, "error_max": 0.2792066156169969, "target": "425.xyz", "model": "16.xyz", "model_rescale": 3.795458400668931, "target_rescale": 4.191726679860636},
{"mapping": [7, 0, 4, 9, 10, 2, 3, 8, 11, 5, 1, 6, 12], "R": [[0.7420378045231315, 0.3303961851616036, -0.5832823137119366], [0.5376471037616232, 0.22637817009399794, 0.8122121126415385], [0.4003941663851125, -0.916292139514223, -0.00965539171751087]], "T": [-0.06362122016509317, -0.05575859805615958, -0.10159627694957325], "aligned_model": [[0.03486661094223699, -0.3177525132002277, -0.45991130658797696, 0.3531213078934524, -0.33307473557685396, -0.737291953956633, 0.3532482937301977, 0.6110134811715915, 0.3402376318660215, -0.14788781413617053, -0.5564181658518957, 0.2776179569281194, -0.16351285974671537], [-0.2158405386645082, 0.38484728833820975, -0.532688087321965, -0.10477733713026875, -0.41416818831559976, -0.107006009692119, 0.4244544912854272, -0.10630236332503042, -0.7542513136057911, 0.33290607918865006, 0.5826637530388815, 0.5036534250828378, -0.15575932892354782], [-0.7308407437196793, -0.40539576056208937, -0.27763098391349844, 0.6869902481455304, 0.47964466422235635, 0.1107461110805819, -0.5995893832067023, -0.10194248431697622, -0.03566962692682814, 0.5650486914012944, 0.1521056820059677, 0.06570543676567618, -0.00977558356777114]], "inverted": true, "swapped": false, "error_lsq": 0.05061462814724435, "error_max": 0.27436126235245006, "target": "425.xyz", "model": "17.xyz", "model_rescale": 3.7474275329858107, "target_rescale": 4.191726679860636},
{"mapping": [7, 6, 12, 3, 10, 5, 2, 1, 11, 8, 4, 0, 13], "R": [[0.1787537302970047, 0.373720341568784, -0.9101539486277128], [0.717571750946667, -0.6824166207729924, -0.13927791618237478], [-0.6731551724143849, -0.6282043154822177, -0.3901556764437476]], "T": [-0.05761439659307756, -0.0550304141183502, -0.043021752020148185], "aligned_model": [[0.11322709791517181, -0.2973733948742467, -0.5426034700175649, 0.3343235804233615, -0.3017921218603097, -0.7412571518580858, 0.2639088050499967, 0.6333919614718568, 0.2560300868135493, -0.16085933910288058, -0.563040670671018, 0.2807652251350432, -0.020464674949727236], [-0.48436451924206525, 0.5532093638692325, -0.5568071009825417, -0.19925875572168306, -0.4692046513255839, -0.13539416666414678, 0.3428494501634439, -0.05692329046577995, -0.7009393649004032, 0.23173401446300868, 0.5808720492287702, 0.6962409047664103, 0.03571793676651475], [-0.6379206442431071, -0.45236122809979323, -0.31180173358862734, 0.4919287026575237, 0.4522320315904192, 0.17922627861391532, -0.5351062653041679, -0.07503810631987548, 0.03549848189616113, 0.6081011976331827, 0.12843716609541828, 0.09922109595877696, -0.08302070948196404]], "inverted": false, "swapped": false, "error_lsq": 0.0422775273952524, "error_max": 0.24330859694018936, "target": "425.xyz", "model": "18.xyz", "model_rescale": 3.922800546911778, "target_rescale": 4.191726679860636},
{"mapping": [9, 3, 11, 6, 4, 13, 0, 1, 10, 8, 12, 5, 14], "R": [[0.1835125437022167, 0.20043191924427822, 0.9623669736914277], [0.8508641996797808, -0.5226653854316154, -0.05339483659406463], [0.4922938756548044, 0.8286422271521503, -0.2664559989437205]], "T": [-0.051481881539135035, 0.007309385780781139, 0.004542270206440334], "aligned_model": [[-0.08661699770149693, -0.15190188856135195, -0.5169072200853231, 0.3296116160897205, -0.2153212572211562, -0.6712304264282518, 0.37673005432491613, 0.6767289756779566, 0.12316067619346165, -0.054931454425400164, -0.5586536450016627, 0.12108805550541392, -0.11750055489167988], [-0.405065565456639, 0.32083042546732343, -0.5219030639490473, -0.3304418078870988, -0.553104174844056, -0.07041577506100649, 0.5192971164118967, 0.08870871217559696, -0.7748431525487515, 0.21600493132171333, 0.601910655177223, 0.7457672688347645, 0.0009863003132578856], [-0.6964966795810705, -0.5438824041551648, -0.09820523613276369, 0.46979451270940686, 0.4322810212403892, 0.29034690155471976, -0.4983948405177932, 0.10973790238508362, -0.08677054968535587, 0.5797160906641293, -0.08400250572620775, 0.09075881136638753, -0.06548675671389825]], "inverted": true, "swapped": false, "error_lsq": 0.04857103512674317, "error_max": 0.2933142334986188, "target": "425.xyz", "model": "19.xyz", "model_rescale": 3.9282355846067225, "target_rescale": 4.191726679860636},
{"mapping": [10, 9, 11, 5, 3, 4, 12, 2, 1, 6, 8, 7, 13], "R": [[-0.8413509572161554, 0.4835537514497755, 0.2414629086429378], [-0.5257140712451918, -0.8358894584686617, -0.15784019930224685], [0.12551207944363146, -0.25973945152751876, 0.9574874073500492]], "T": [-0.0965988734202616, 0.0399731546712243, 0.03704579477372789], "aligned_model": [[0.22424609815270038, -0.3667105414830677, -0.5500692201783756, 0.3206066499835283, -0.2568973393862062, -0.6827156932475936, 0.17627614028017305, 0.6649482858789079, 0.19028740061009422, -0.08754974627569417, -0.7062636710012427, 0.37829836633245106, -0.050200796190528967], [-0.3032233925442375, 0.4196869486043772, -0.23072520813733322, -0.13602522255851063, -0.47861533677014534, -0.15492502807340391, 0.5037007000516994, -0.25902340259424156, -0.6452790107322425, 0.29545571856426184, 0.49190609395229107, 0.4431141266849511, -0.10831511649228953], [-0.6851099939500042, -0.47411166307170366, -0.4471547962108318, 0.5686981950339557, 0.5583187055364935, 0.1706482529028668, -0.6212021340653625, -0.05971779996438583, 0.13516068604641848, 0.6382868669749088, 0.08888238524322914, 0.030136037997640718, -0.0034384750653629614]], "inverted": true, "swapped": false, "error_lsq": 0.04424945018891194, "error_max": 0.25741495918232415, "target": "425.xyz", "model": "20.xyz", "model_rescale": 4.067790424073018, "target_rescale": 4.191726679860636},
{"mapping": [0, 2, 8, 10, 1, 5, 3, 12, 9, 13, 6, 11, 14], "R": [[-0.9272479053905772, 0.2754326509644096, -0.25366942411631965], [0.36194535944033934, 0.8328786039828489, -0.41869892262481967], [0.09595248161663718, -0.4800521698839605, -0.8719765108426433]], "T": [-0.15869570249269843, -0.011500689994749775, -0.05982626982583869], "aligned_model": [[-0.05222625943039988, -0.3631033432887478, -0.5503285685089696, 0.2979596449090341, -0.2356574283177825, -0.6592245043987324, 0.29987780779560164, 0.6041815756539182, 0.35519537825252695, -0.17486227154373982, -0.42114379081534326, 0.2562098269675018, -0.1026221337997211], [-0.2697546518373454, 0.2935328056548143, -0.4102320825385027, -0.16745610325869528, -0.6698320447482389, -0.08392734716636831, 0.5268982550015329, -0.02965030637751967, -0.5451474997491533, 0.12058926994682768, 0.6794312651987578, 0.42051025699043637, -0.02722994716136911], [-0.7128401888257067, -0.707046490813203, -0.17298488231757364, 0.6023146700931061, 0.4238904048766974, 0.24462638437730824, -0.5326707773963255, -0.12840262734397762, 0.17509273544691947, 0.6274978091972581, -0.09575588050613626, 0.1835914725173637, -0.00791636189786836]], "inverted": true, "swapped": false, "error_lsq": 0.05259784949701162, "error_max": 0.2849977902543845, "target": "425.xyz", "model": "21.xyz", "model_rescale": 4.186013935880536, "target_rescale": 4.191726679860636},
{"mapping": [8, 5, 11, 7, 10, 4, 2, 1, 9, 6, 3, 0, 12], "R": [[-0.4460627308555341, 0.29506009288644314, -0.8449660240077983], [0.4361763820991095, -0.7527238298817462, -0.49310952092520777], [-0.7815230027584825, -0.5885120028631531, 0.2070638033200522]], "T": [-0.03774999582437021, -0.03839835655870588, -0.027633014581000193], "aligned_model": [[0.0008749721493484935, -0.20446808487528284, -0.5582222117032715, 0.19183241270930335, -0.1346055773425356, -0.5530170702553852, 0.31324155467034853, 0.6705774595094424, 0.1985899119561243, -0.1925614359391769, -0.7659679409789121, 0.3689083789832492, -0.08092643540810589], [-0.37553970492365085, 0.5651894437758129, -0.2756406759302762, -0.16341623718986667, -0.7156669041533801, -0.18855979672975404, 0.2136560716402881, -0.0072229109151119575, -0.6017762474073567, 0.33619973128470154, 0.5268913507590056, 0.5487559493754028, -0.025138199630637955], [-0.7150280638614792, -0.48197388021538834, -0.29557094229778236, 0.6579223712888971, 0.45009676615874394, 0.461823349829072, -0.6301051712584544, 0.15243237226942963, -0.13808463444945276, 0.3538935763806746, 0.022215013385419435, 0.08038192988610769, -0.01860641970792511]], "inverted": false, "swapped": false, "error_lsq": 0.052839360856196595, "error_max": 0.3025891078649815, "target": "425.xyz", "model": "22.xyz", "model_rescale": 4.166573947596378, "target_rescale": 4.191726679860636},
{"mapping": [13, 12, 14, 4, 8, 9, 6, 0, 7, 3, 11, 2, 15], "R": [[-0.6816738334576147, 0.25695410482773895, -0.6850513650751858], [0.7183787289737179, 0.05749173732401475, -0.6932724586319379], [-0.13875441087513496, -0.964712023430641, -0.2237809762045299]], "T": [-0.06878229036359375, -0.02291117475989638, -0.03060633064838765], "aligned_model": [[-0.03291216649362734, -0.3964640056544043, -0.6174743130390351, 0.3412582024001571, -0.06673561205284761, -0.6045099418220281, 0.28383082356657335, 0.6416517366731608, 0.258329540403056, -0.1926211250840516, -0.6009502369905435, 0.24444326973665953, -0.0035902381679228934], [-0.4937202910479768, 0.3609704347229757, -0.2388075139370996, 0.032477800265777144, -0.4950009262684875, -0.15172728245568703, 0.4701439463115546, -0.34989723323888333, -0.6494329434627609, 0.27440685956094907, 0.5440723244882524, 0.550885622996276, -0.016638927979713433], [-0.7333617995914149, -0.4485069870179711, -0.558151208552117, 0.5765611660971638, 0.6260566101740976, 0.20782911164790924, -0.49068053274686607, 0.20416882482324838, -0.1395006425482322, 0.4770279683294611, 0.10137971251369919, 0.12894373225895356, -0.05236968798007001]], "inverted": false, "swapped": false, "error_lsq": 0.047561272917862905, "error_max": 0.29049871661240445, "target": "425.xyz", "model": "23.xyz", "model_rescale": 4.274766983524099, "target_rescale": 4.191726679860636},
{"mapping": [2, 9, 10, 1, 11, 6, 0, 7, 8, 3, 12], "R": [[0.07854807025292904, 0.9082038676083815, -0.4110911523259997], [0.018598671195654892, -0.41362847867894065, -0.9102557723274821], [-0.9967368208756495, 0.06385308517935909, -0.0493811039141559]], "T": [0.025038558265907132, 0.13001235648339324, 0.03145578419114613], "aligned_model": [[0.2264364429224075, 0.06982392317734772, -0.49087981094526917, -0.5408344324899543, -0.5361768928258824, -0.7106722636428786, 0.1758573767422134, 0.1409461843916722, 0.583347491289035, 0.4503244237609284, 0.011722261578455411], [-0.2733323799241968, 0.6741615145617226, 0.43779634266917666, -0.15409397930803084, 0.417666768755545, -0.20686306859205242, -0.6348992411254051, 0.10116955042847961, -0.15344146166035708, 0.6131171031382304, 0.09430538230037155], [-0.4543857746961467, -0.003806460305969969, -0.6204531352262777, -0.375212327469924, 0.18371801586673414, 0.26395364971883345, 0.09168473760617214, 0.730626567892762, 0.23803581259239998, 0.36985652529073776, -0.04445117724774346]], "inverted": true, "swapped": true, "error_lsq": 0.05286051575711464, "error_max": 0.2861344220739388, "target": "425.xyz", "model": "24.xyz", "model_rescale": 3.7841303162186577, "target_rescale": 4.191726679860636},
{"mapping": [14, 7, 9, 5, 2, 8, 11, 3, 12, 4, 0, 6, 15], "R": [[-0.4154342353227999, 0.15798372582810194, -0.8957988270226926], [-0.8777622523477825, 0.18873490039035082, 0.4403550450806629], [0.23863743309696583, 0.9692369574815622, 0.06026521199477913]], "T": [-0.16419042278901252, 0.03548772215239372, -0.10106261734322729], "aligned_model": [[-0.07221114974567944, -0.293802355326039, -0.36686394848480736, 0.33078890656522114, -0.28838187818575406, -0.6506679516273363, 0.31803483505040864, 0.6004987409268606, 0.21231759952218537, 0.06410627133143615, -0.724060858973455, 0.23935429992133783, -0.11485657749923243], [-0.554390594962817, 0.5801123952094825, -0.5027262813366357, -0.4134986424803527, -0.4703405456391859, -0.032924800685402, 0.38928273123703655, 0.10261609894255176, -0.6219277836095983, 0.1719105495370804, 0.5128166900572745, 0.5964703440518818, 0.08033170963386022], [-0.6234440360769994, -0.431804620333074, -0.20778579643976086, 0.46704428573891876, 0.44437965626290876, 0.22774906780982362, -0.5824309393287805, 0.1433676417455126, -0.06615605138278574, 0.5960555752757843, -0.09539689257962326, 0.10983215960118071, -0.08201378288524275]], "inverted": true, "swapped": false, "error_lsq": 0.05102564129758762, "error_max": 0.29205832785593544, "target": "425.xyz", "model": "25.xyz", "model_rescale": 4.19342608120988, "target_rescale": 4.191726679860636},
{"mapping": [0, 7, 6, 5, 1, 2, 10, 4, 11, 8, 9, 12], "R": [[0.8814616516509874, 0.21223053031075406, 0.42188097690311854], [-0.4446499874501963, 0.07201956008958817, 0.8928043299766429], [0.15909665404795215, -0.9745621503878131, 0.15785078302697125]], "T": [0.06784685986078526, 0.01668286017510165, -0.0187542778281577], "aligned_model": [[-0.24050247371544192, 0.663819535756953, 0.185542728620817, -0.48241895388941575, -0.37168136697842197, -0.5640658948285873, -0.32380283921745834, 0.009191676367051121, 0.38342960385782743, 0.07232088733330072, 0.2804543434471055, -0.014478692121949147], [-0.6076158545895609, -0.2511093335223701, -0.6113696306325347, 0.49202177962149407, -0.2512816199108604, -0.06254051653305112, 0.36808087342813633, 0.524109409552652, 0.011059528756464349, -0.1199665789987738, 0.5089199358898988, 0.01246843467948587], [0.3371043994846061, 0.257307636634922, -0.5669408101650432, 0.032009051845871564, -0.5676782980437391, 0.16482140606735002, -0.7322092060132989, 0.6509735451923166, -0.585558953597229, 0.6262551435755898, -0.12760362440137993, -0.03922182937054511]], "inverted": false, "swapped": true, "error_lsq": 0.05686272346170417, "error_max": 0.2792066156169969, "target": "425.xyz", "model": "26.xyz", "model_rescale": 3.795458400668931, "target_rescale": 4.191726679860636},
{"mapping": [10, 3, 7, 1, 6, 0, 4, 8, 5, 1, 2, 9, 12], "R": [[-0.05256011479950512, -0.704552723412979, -0.7077025464583392], [-0.7995407235095894, -0.39490672610630523, 0.4525298985987143], [-0.5983076681624814, 0.589622029445436, -0.5425622513690206]], "T": [0.08615330041229206, 0.07554843015472087, -0.026060523784367122], "aligned_model": [[0.17310620738621524, -0.4972104687198259, -0.40547551723156205, 0.053945451599008196, -0.01917294024022055, -0.7231395618957799, 0.25972065916412085, 0.5974095277724651, 0.14715455079395112, 0.053945451599008196, -0.44237450697668657, 0.06845703324713727, -0.012109953022685263], [-0.23087989996055766, 0.27946223984299834, -0.42407944157972066, 0.09574822883998788, -0.5727843414729537, 0.05082626041368643, 0.3886894560343479, -0.31325156988126457, -0.6694761660175099, 0.09574822883998788, 0.6807201628195174, 0.5043247230950079, -0.04731601101835045], [-0.6634201545900672, -0.43001897453176674, -0.4370120952348664, 0.5646236499998344, 0.4736973775433187, 0.16290261927114527, -0.7814943412187961, 0.3177466024705047, -0.11593636275409974, 0.5646236499998344, 0.3334675623219751, -0.011499519141382204, -0.07828374672777229]], "inverted": true, "swapped": false, "error_lsq": 0.06476581946627011, "error_max": 0.39342937349192203, "target": "425.xyz", "model": "27.xyz", "model_rescale": 3.6321398670334006, "target_rescale": 4.191726679860636},
{"mapping": [6, 7, 4, 11, 2, 1, 12, 9, 13, 0, 3, 8, 14], "R": [[-0.2162619673950415, -0.6788785104704613, 0.7016799337873602], [0.11793950351758808, -0.7315894392723475, -0.671466429432773], [0.9691857587523927, -0.062456868049720005, 0.23828156593611893]], "T": [-0.009738768926826194, 0.08026158832975769, 0.06060147350525074], "aligned_model": [[0.13781097823561367, -0.3503981775226979, -0.5498432741282746, 0.2872319415047652, -0.27883659210514694, -0.5671011777397114, 0.30770150971215077, 0.6142154756002939, 0.19637342289313414, -0.07218999033151144, -0.5671135410849656, 0.12573691119957747, -0.029331552758081383], [-0.3757153030387481, 0.5327441076990406, -0.21573796516383373, -0.2561778022002441, -0.43904349096838924, -0.28577727031908173, 0.3606332996089332, -0.13593024357971856, -0.7092948460381243, 0.3138573561448462, 0.4620998880190065, 0.5666519296285567, 0.0194222101629331], [-0.5511350578470794, -0.4686414962205587, -0.49359942883227187, 0.5201042156779933, 0.6003720357891252, 0.111883978783933, -0.6494218386979085, -0.041938049472207535, 0.036193826230304225, 0.6358792815456693, 0.183454866679142, -0.04940030729892204, 0.06564424107064298]], "inverted": true, "swapped": false, "error_lsq": 0.04617572858962403, "error_max": 0.23416333976845158, "target": "425.xyz", "model": "28.xyz", "model_rescale": 4.156811204709835, "target_rescale": 4.191726679860636},
