[{"mapping": [9, 1, 8, 0, 10, 5, 3, 12, 2, 13, 6, 4, 7, 14], "R": [[-0.19256679966358822, 0.9746570869093801, 0.11384898157051931], [-0.9290121101246184, -0.14371639516569573, -0.3410016085040972], [-0.31599766915141553, -0.17143267103413673, 0.9331432432338425]], "T": [0.013499457204063668, 0.14477350060639418, 0.19858488326452733], "aligned_model": [[0.0758134654759529, 0.19313423989834252, -0.6482848421372711, -0.4359260194068513, -0.5826632698661384, 0.06728299167531879, -0.6775899673509166, -0.031132344111455428, -0.22446847329034222, 0.40477586589395714, 0.41704721634799047, 0.2252679230674305, 0.6528712061019398, -0.06463589116965318], [-0.5777369635607619, -0.4108905401960068, -0.3960863679252563, -0.2855687453773613, 0.27301630528549414, 0.06867421175920077, 0.22529748535430233, 0.3346726018172814, 0.7240579037375209, -0.11526133858590457, 0.6753723129960643, 0.6173038298736891, 0.005800395191310648, 0.09662224144046185], [0.27466813590197436, -0.32145206963087164, 0.2560574697157463, -0.3360741184779881, 0.6143825635399647, -0.6807092250953979, -0.0465094737582889, 0.7847275716038089, 0.20223621901671893, 0.6526692055296401, 0.46645381877486664, -0.16880840226418653, 0.03744169340936143, 0.16250469891448516]], "inverted": false, "swapped": true, "error_lsq": 0.04695602850731556, "error_max": 0.3401149244888565, "target": "426.xyz", "model": "0.xyz", "model_rescale": 3.8414455957264533, "target_rescale": 4.056331840203363},
{"mapping": [1, 0, 10, 3, 12, 11, 8, 13, 4, 7, 5, 2, 6, 9, 14], "R": [[0.9279675678760788, 0.2669150384717169, -0.2600625986330922], [0.020438635541084868, -0.7332554378887632, -0.6796460291826744], [-0.37210006066564094, 0.6253741480459517, -0.6858926445213029]], "T": [0.10812788019115835, -0.030482678527392792, 0.06526217316081949], "aligned_model": [[0.45200438657199593, 0.7638660251871311, -0.4470755440268792, 0.3389152588701817, -0.3569783226027423, 0.1637967839454597, -0.5480760151543458, 0.11425112824730607, 0.55546069842323, 0.5473409098762527, -0.10573835861210046, 0.22825976258409592, -0.41455470438551034, 0.03219637042725673, 0.10725230185924162], [-0.3740702182519809, 0.21396295795251996, -0.35776858481758916, -0.7209679720503441, 0.16595005850976524, 0.26459704677397317, 0.4083321803831227, 0.7059065395501789, -0.32279996682156326, 0.22264324951025033, -0.6403487809374484, -0.4137968054878783, -0.28771142695979457, 0.4461420098321815, -0.07760381813139587], [-0.6504154372714589, -0.1238705461405691, -0.1649863744801166, -0.2234316565464411, -0.5069090807569236, -0.7322930481253548, 0.03149288484581296, -0.11512747723984774, 0.16655969309633367, 0.4601978403840318, 0.19428679877084992, 0.6843286788964156, 0.5855154389302871, 0.5475203947232461, -0.011176237552598611]], "inverted": true, "swapped": false, "error_lsq": 0.0476735113329497, "error_max": 0.3322525017897837, "target": "426.xyz", "model": "1.xyz", "model_rescale": 4.316132596720782, "target_rescale": 4.056331840203363},
{"mapping": [10, 12, 11, 0, 8, 3, 9, 5, 13, 2, 7, 14], "R": [[-0.6704404265188316, 0.6347120413697659, 0.3842528581929767], [0.3646774912493962, 0.7329056529967125, -0.5743340762844471], [-0.6461578459364969, -0.24492841473721913, -0.7228347735056878]], "T": [0.12602640519291125, 0.08042555962006014, 0.066003752439115], "aligned_model": [[-0.10251300462629481, 0.4373439383757963, 0.10550835838252987, -0.6488821970422469, -0.5878986767463643, -0.5018359509769854, -0.0789688054652467, -0.26778144905785567, 0.5411535943562096, 0.17142564736316682, 0.5020173748181357, 0.028239725250936806], [-0.6194232873247607, -0.44787598190002853, -0.4506943799036852, 0.34250826300646553, -0.21292755036045047, -0.14911971565789434, 0.23676388925481456, 0.8134951932494068, 0.01868361640803716, -0.20394737656092743, 0.6101243593259467, 0.07518939820405698], [0.11820772366421003, -0.008801275355761085, -0.6136508958698084, 0.0038163693359398176, -0.3055415135500102, 0.3778655439400887, -0.6160727521291585, 0.36494552857735785, -0.43476092940633476, 0.6221363174681032, -0.11323591198973199, 0.0543502565245266]], "inverted": false, "swapped": true, "error_lsq": 0.048758741268019073, "error_max": 0.2550237989662947, "target": "426.xyz", "model": "2.xyz", "model_rescale": 3.795458400668931, "target_rescale": 4.056331840203363},
{"mapping": [0, 9, 11, 6, 3, 2, 13, 5, 7, 4, 10, 14], "R": [[-0.2203166353052034, 0.39457952288715004, -0.8920580588313428], [-0.610462239223329, -0.7690648548790676, -0.18940724239658321], [-0.760786720895044, 0.5028381937641453, 0.4103136802518031]], "T": [0.05448373615986492, 0.0071247427154531385, 0.11360061041012126], "aligned_model": [[0.15763902231691818, -0.31511134031064114, -0.7990072350534637, 0.20328375118223735, 0.06951842644151175, 0.23593661043286185, -0.3128459205653809, 0.7677810587166768, 0.3335460739599139, 0.6421622274322161, -0.42684410230719294, 0.03724525349790808], [-0.09768768003714216, -0.5586198574521117, -0.11910359016887732, 0.17685090749193652, 0.48230294117708306, 0.5931664221243265, -0.37440990287228737, -0.21464991302377912, -0.5377595748838411, 0.16507285598124885, 0.5534936012733316, 0.017112835679821817], [-0.6934999402179788, -0.1603073935252235, 0.12130719247471472, 0.7956499082988174, -0.45043802877228256, 0.23946757319721199, 0.49623379614332774, -0.3595429524170337, 0.39520703258486806, 0.2946945249263018, -0.007016582962001125, 0.017016300908378384]], "inverted": false, "swapped": true, "error_lsq": 0.04391915821696799, "error_max": 0.27163273024584533, "target": "426.xyz", "model": "3.xyz", "model_rescale": 3.7530521520055578, "target_rescale": 4.056331840203363},
{"mapping": [8, 13, 12, 6, 10, 7, 3, 1, 5, 4, 14], "R": [[-0.9789941778424895, -0.2006421907129458, 0.03623687426390679], [-0.2020622722269182, 0.9310475937048187, -0.3038440659268533], [0.027225684435898095, -0.30478367666654504, -0.9520323904913215]], "T": [-0.027184668958669785, -0.04411168392124721, -0.0247876871443186], "aligned_model": [[-0.504382253389058, -0.09766042727840502, 0.37009756115088593, 0.5641023228989728, 0.25029298438623127, -0.2185739906038319, -0.04315073608997444, -0.7385897965825142, -0.42980300120343196, 0.2710339720025609, -0.0851670328462304], [-0.7545035313927537, 0.09945109108460087, -0.27721072679368564, 0.30581236173845827, -0.725182212743783, 0.5780771729472394, -0.5685800836986388, 0.2293894470301534, 0.32644734176903545, 0.3627557104122724, -0.10925321203855243], [0.012853286488027235, -0.6582944467293056, -0.43642901557733965, -0.23472223827857097, -0.08718169074863301, -0.1989371600204361, 0.4937081479702404, 0.1500536395779727, 0.6697815220491642, 0.36074206148042004, 0.021256671033776958]], "inverted": false, "swapped": true, "error_lsq": 0.046824037701800596, "error_max": 0.24561022282991968, "target": "426.xyz", "model": "4.xyz", "model_rescale": 3.7855080009869324, "target_rescale": 4.056331840203363},
{"mapping": [4, 0, 13, 6, 12, 1, 14, 2, 7, 5, 8, 10, 15, 9, 16], "R": [[0.7112132136221061, -0.2039391538572185, 0.6727440719124312], [-0.29904425388802935, 0.7783141811523795, 0.5520865599103579], [-0.6361983173397022, -0.5938315055140666, 0.4925604978812539]], "T": [0.06836298397128943, -0.06064620748044937, -0.01483767574643982], "aligned_model": [[0.6646186601587154, 0.677869755508576, -0.504291895255337, 0.17436631647577844, -0.37441827611871353, 0.2820534018979518, -0.4725178198237821, 0.03372447005462248, 0.6031037111629671, 0.820158259700055, -0.1724755051572435, 0.24846816862970794, -0.5053891513989934, -0.07983152157500673, 0.03548210695127541], [-0.24332291508769488, 0.35533321201281987, -0.45513194777199006, -0.6175798633601836, 0.13679706836862082, 0.26094838958901434, 0.33616937272694464, 0.6772023586905209, -0.5601703659330334, 0.04732270337730142, -0.6326301198442797, -0.2228042769369138, -0.20128224107158627, 0.3728750294224969, -0.021259935128039503], [-0.41246711753540016, -0.2676943571466949, -0.2180986628540779, -0.3383577902885485, -0.49235853554761116, -0.6660037524207607, 0.07281362158301134, -0.027696693274222278, 0.14608914514014207, 0.2648940212408767, 0.31703745154524454, 0.672353096196544, 0.5599214911223009, 0.5301501635023557, 0.0011097902705067778]], "inverted": true, "swapped": false, "error_lsq": 0.030112709761066996, "error_max": 0.22051103178213494, "target": "426.xyz", "model": "5.xyz", "model_rescale": 4.2253639853439635, "target_rescale": 4.056331840203363},
{"mapping": [2, 10, 13, 6, 12, 9, 7, 4, 8, 3, 11, 1, 5, 14], "R": [[0.39157042787496, 0.013000797476941939, 0.9200562913641669], [-0.7498180532550145, 0.5840683962520721, 0.31086491521622917], [-0.533334310753285, -0.8116003251382398, 0.2384521444835888]], "T": [0.08378218419566706, -0.08922583000772301, 0.041418193634171735], "aligned_model": [[0.48466143216457447, -0.10864904266633206, -0.44197379919182556, 0.2310712049441923, -0.21472495058596858, -0.4654342065527687, 0.08055314892121834, 0.6650586774590573, -0.2979668883798967, 0.3470764153559621, -0.7400637366640074, 0.07969497242743394, 0.6739753661215244, 0.08078355940461975], [-0.20602633757920283, 0.11485376740358826, -0.4444112929534917, -0.7746790430528206, -0.40222648870684585, 0.19767439570608386, -0.4289450521113681, -0.3304175183682663, 0.6559713904248722, 0.4922656492838211, -0.002211573138345843, 0.2797437302776664, 0.2844082387155454, 0.00909928073375442], [-0.42534294215851565, -0.6412718281700143, 0.1974048923050608, -0.11542407529849844, -0.399649823298982, 0.42579129936409965, 0.6233608956406749, 0.1253993183490248, -0.13952296443496437, -0.3283165167256805, -0.19971711932701994, 0.7308486629738817, 0.5835542374804311, 0.03444417223195102]], "inverted": true, "swapped": true, "error_lsq": 0.031537656432969415, "error_max": 0.20540823974782535, "target": "426.xyz", "model": "6.xyz", "model_rescale": 3.89814844738969, "target_rescale": 4.056331840203363},
{"mapping": [13, 7, 4, 11, 2, 1, 9, 10, 8, 0, 5, 3, 14], "R": [[-0.9650997268455669, -0.052909772777774505, -0.256482110852232], [0.21944003517726957, 0.3711342365651505, -0.9022779224887428], [0.14292861226504322, -0.9270706199604254, -0.34657102793248856]], "T": [0.1031801563298269, 0.026465577906664886, -0.1312768755771958], "aligned_model": [[-0.07964784774422844, 0.020511968595702354, 0.5665726425990202, -0.3367476030385206, 0.6528977421933897, -0.46782035457004345, -0.6010687569461324, 0.19877188285102196, -0.4984106201780705, -0.41073661830485386, -0.03232042761730482, 0.09210464143811624, 0.044525151626125636], [-0.3445484987133975, 0.3151352714130928, 0.45439793882282625, -0.715554919363746, 0.0005676044125127316, 0.5443477432001496, -0.07067383815772972, -0.5016484416756304, -0.20030768942906835, 0.4285812923229302, 0.8915245886252245, 0.11968555501755572, 0.04227465899576583], [-0.6370736659921329, -0.7345286171758417, -0.20373320458399133, -0.148854404990168, 0.16764177333716046, -0.2625250877334895, -0.2934202374090658, 0.3753805325039504, 0.43480914021781547, 0.3659458680882339, -0.008173670645892861, 0.6003974491965873, -0.05359084397686931]], "inverted": false, "swapped": true, "error_lsq": 0.04830500579239713, "error_max": 0.3072678597933496, "target": "426.xyz", "model": "7.xyz", "model_rescale": 3.7474275329858107, "target_rescale": 4.056331840203363},
{"mapping": [11, 12, 8, 9, 4, 13, 2, 1, 7, 10, 5, 6, 3, 0, 14], "R": [[-0.4809347194525164, 0.7661363232522016, 0.42630614564972863], [0.2628880027632892, 0.5898690476415256, -0.7635079597735761], [-0.8364159812128523, -0.25512671523789493, -0.48509655280538105]], "T": [0.13508988092434288, 0.002068012863502222, -0.012415234779335966], "aligned_model": [[0.6117034765829256, 0.5668894213565077, -0.4276282258134257, 0.20273011323809756, -0.38127317761007223, 0.1985755452290266, -0.6173069971463738, -0.06940914986763377, 0.4822360761207874, 0.8068735879125897, -0.08271672130463198, 0.22626266306003712, -0.3508687962182263, 0.16091586582212436, 0.10393699984884155], [-0.27114371515120583, 0.34996270146626013, -0.3388157861703187, -0.702924355894879, 0.03620875778550434, 0.3223824639385401, 0.37256078122295094, 0.7073411569088035, -0.542278990353255, -0.016850235090973206, -0.6128030186076621, -0.2853777478054208, -0.12317476627238183, 0.29940285037204417, 0.037976372705990816], [-0.30340456052597103, -0.2828982496322413, -0.19229542758069856, -0.29304131883672824, -0.5992963532034005, -0.849959294248961, -0.08468931251566679, 0.1474964869406513, 0.2045029322182325, 0.3391699051337789, 0.2834147209468267, 0.7465317705305513, 0.49973020097966475, 0.5750694463271505, -0.04863907499952273]], "inverted": false, "swapped": false, "error_lsq": 0.038662607765330585, "error_max": 0.24092820791065764, "target": "426.xyz", "model": "8.xyz", "model_rescale": 4.019505241142653, "target_rescale": 4.056331840203363},
{"mapping": [13, 7, 9, 11, 12, 8, 0, 6, 2, 4, 5, 3, 14], "R": [[-0.18456314461346668, 0.956964720586795, -0.22395305133582427], [-0.6722326203764799, 0.043312000223031374, 0.739071968578468], [0.7169656545136318, 0.28695399315729675, 0.6353091027672453]], "T": [-0.023354357737632676, -0.11313065600629572, 0.06151129295368945], "aligned_model": [[-0.22064470692957733, -0.661511630494438, 0.021534785727729537, 0.4267313730805413, 0.182244198290959, 0.6782902946255157, 0.27954580208319413, -0.37802363733012145, 0.13824650373645625, -0.390743408591357, -0.3423914748631241, 0.542158366343112, 0.044264306062286006], [-0.5242312096982368, -0.08161731254622723, 0.06748920824858003, -0.5113617820605625, -0.6956642866616338, 0.20283668006649597, 0.6377911584858784, -0.650350806991456, -0.26769395150331654, -0.01168108786002063, 0.6876517708814107, 0.25343748902718705, -0.043227641274040066], [-0.4064425190704164, -0.15258935946405375, -0.6435096267539022, -0.5575804825755675, 0.060662566001561495, -0.3148533955884596, -0.07042004354334147, 0.3804844449895342, 0.6464966236787295, 0.5692926355598344, 0.2585004348469322, 0.3614831293739276, 0.045179086589100186]], "inverted": true, "swapped": true, "error_lsq": 0.0487350521402847, "error_max": 0.3062216605774772, "target": "426.xyz", "model": "9.xyz", "model_rescale": 3.877068213659057, "target_rescale": 4.056331840203363},
{"mapping": [4, 7, 12, 3, 0, 1, 11, 8, 13, 2, 6, 14, 10, 9, 15], "R": [[0.6796849820905364, 0.6281881155411744, -0.3786925093178042], [0.7047746805216435, -0.41622104769568274, 0.5745021228426608], [0.20327561294017182, -0.6573733573456839, -0.725630273786769]], "T": [0.10655532637181048, -0.11844875376401655, -0.004875726743283331], "aligned_model": [[0.6778711316622501, 0.6516078420034088, -0.54052323223029, 0.21639213836369564, -0.4319811705181193, 0.21082604353756917, -0.536681159173481, 0.06697424658274617, 0.5315520027527463, 0.6646139448125639, -0.14922317226230392, 0.21166314070718065, -0.3402615119118849, 0.15546813696232717, 0.042622299922164916], [-0.21613417928713233, 0.40086043641122526, -0.3683107912803394, -0.6414986180217807, 0.23099941444496375, 0.2557072063858911, 0.22761862166570213, 0.6520551877928589, -0.6132623556460635, 0.08464686067122686, -0.6548001643339482, -0.19537915448491355, -0.14966706687983783, 0.3023214229196648, -0.08269035130351995], [-0.3543703447428671, -0.3203472620995007, -0.28246087929858416, -0.3470979600356556, -0.4756521650733054, -0.7807890886784117, 0.10066796842716265, -0.013817201797690897, 0.4100650165217577, 0.29122916637851803, 0.16007608179778984, 0.7649006092460409, 0.5452069119686129, 0.5012915373832828, -0.05721051846348317]], "inverted": true, "swapped": false, "error_lsq": 0.029220352314217646, "error_max": 0.2625162318128579, "target": "426.xyz", "model": "10.xyz", "model_rescale": 4.260839863003843, "target_rescale": 4.056331840203363},
{"mapping": [6, 7, 9, 13, 8, 10, 2, 4, 1, 0, 3, 14], "R": [[0.5000078278217941, -0.42380244756952573, 0.7552374842067962], [0.396681122476883, 0.8872919775614472, 0.2352807548984334], [-0.7698287206823422, 0.18194623378673155, 0.6117673649545329]], "T": [0.045195002986860855, 0.004587808605118248, -0.14224910707145522], "aligned_model": [[0.4009271292478408, 0.32381244571095275, -0.45323208777385626, -0.24233141019799154, -0.6281647648802031, -0.37995579842657223, 0.3251762571571283, 0.674822644674988, 0.07598175723202066, -0.09842717590165934, -0.042338744479216206, 0.0026283967306985484], [-0.003104871900361345, -0.6060488386309708, -0.45816670884039823, -0.4379367027482705, 0.23572355971600478, 0.5885638826254042, 0.5326165859941868, 0.08298288878038138, -0.492179953282811, 0.09200521562135498, 0.6001769695054363, 0.03844647869297743], [-0.7663766078622298, -0.20201607634625127, 0.12066106688424594, -0.5274873916311418, 0.33414762047040014, -0.293783479579959, -0.329354947359248, -0.16531132053258535, 0.46086247487927334, 0.6607258754351394, 0.28409739891685826, -0.05998653587899691]], "inverted": true, "swapped": true, "error_lsq": 0.047869297667551124, "error_max": 0.2664767517546542, "target": "426.xyz", "model": "11.xyz", "model_rescale": 3.890672605050136, "target_rescale": 4.056331840203363},
{"mapping": [0, 5, 4, 3, 2, 11, 9, 10, 8, 13, 6, 7, 12, 14], "R": [[0.41011867679900516, 0.5291968345089608, 0.7428010374833417], [0.6031656327529691, -0.768280687618779, 0.21432686368658116], [0.6841007896548165, 0.36013260804558034, -0.6342796025539091]], "T": [0.08952169228983825, 0.09635969427628777, 0.08763857611743485], "aligned_model": [[0.27094415493352, 0.42317184658670687, 0.4884865644057534, 0.6229266490517726, 0.623364401278353, -0.4776505797950155, -0.4921807434224332, 0.29484733316465944, 0.02318379424992452, -0.5138991005786717, 0.12938077339844473, -0.26636062804434113, -0.029453286086066593, 0.11311465565108747], [-0.4310420960634591, 0.22584119750465315, 0.573347953436335, -0.407841565155428, 0.1987953905198065, -0.4101570009561821, -0.2398846224142348, -0.3963487903671076, -0.7508990770238299, 0.22517278056057163, 0.6752806742996432, 0.5838421878872577, 0.07545603691095729, 0.01058945068878217], [-0.5140018459324186, -0.7209119876688651, -0.040493593551872306, 0.014016631120624137, 0.398655260722073, 0.49531034678769875, -0.19565474108149955, 0.5973675780213188, -0.019798904190086578, 0.3025768297016876, 0.5111966155557514, -0.21200367299061407, 0.6934643836332396, 0.04506753522982421]], "inverted": true, "swapped": true, "error_lsq": 0.04854259520701954, "error_max": 0.2990051794742381, "target": "426.xyz", "model": "12.xyz", "model_rescale": 4.124412569039231, "target_rescale": 4.056331840203363},
{"mapping": [4, 7, 13, 5, 6, 2, 1, 3, 9, 0, 10, 11, 14], "R": [[-0.5060468932553559, -0.36068830101285315, 0.7834669688883279], [0.592461288927812, 0.5147827929212061, 0.6196678926927217], [-0.6268222738133978, 0.7777548621671897, -0.04681037733983398]], "T": [0.18029863721345793, 0.07473217504183126, 0.05215593929211541], "aligned_model": [[-0.08428668430241329, -0.11408751360569527, 0.48218531813998444, -0.6857783568927348, 0.5041811725550384, 0.3706192241208448, -0.4864121260369716, 0.08124506268308271, 0.058423808595553545, -0.3646791266892636, 0.7074679727127471, 0.7518832824462393, 0.1465362737833459], [-0.3343633986492193, 0.43503969808951337, 0.6088073963462222, -0.10325421941102277, -0.10267864865132657, -0.5173030753124062, 0.46395288874645824, -0.3834239620365314, 0.7301179280743151, 0.06656159817002989, -0.1797076270504528, 0.5954903358054173, 0.06824646238748], [0.4592726801514156, 0.5395902097279001, 0.2769580904958429, 0.04358955093995054, 0.6684068323284504, 0.1262155399173865, -0.07223701854913489, -0.5174415432567727, -0.2433252084334925, -0.5610083407950125, -0.39739584175502285, -0.33065178359861885, -0.040275086205052664]], "inverted": false, "swapped": true, "error_lsq": 0.03794018252787039, "error_max": 0.21992510498948048, "target": "426.xyz", "model": "13.xyz", "model_rescale": 3.9028299243045295, "target_rescale": 4.056331840203363},
{"mapping": [12, 1, 10, 13, 9, 11, 7, 6, 8, 2, 4, 0, 4, 3, 15], "R": [[-0.4310770558225576, -0.2920680399008898, 0.853738151901277], [0.8830824666783124, -0.33087012582043135, 0.3327015432559933], [0.18530496212649883, 0.8973411948127782, 0.40055068481188827]], "T": [0.15959661289237356, -0.07066839092951235, -0.016152705266539627], "aligned_model": [[0.6179854567022091, 0.5272515277743487, -0.4931028111623603, 0.10679187545941812, -0.2898838409080561, 0.3021725424194576, -0.6970559738050859, 0.07908858712223421, 0.7094768084647817, 0.7606886442764745, -0.26561366480578563, 0.2915459612618718, -0.26561366480578563, -0.026842152024942, 0.07403138524179344], [-0.3705675677302105, 0.4001568326051327, -0.38042964504939314, -0.7148242551052264, 0.39492370449091285, 0.17348633893951151, 0.22347569185078978, 0.5907763984112248, -0.5319870561154236, 0.1667137933110157, -0.36041890249516806, -0.23268962893872583, -0.36041890249516806, 0.24179343923770566, -0.007523771862979797], [-0.4453151926601048, -0.2717935239741265, -0.19886567506800618, -0.4797540794533617, -0.4428103886580846, -0.6987340268246367, -0.00022913446546503347, 0.004280373058066583, 0.26902095976226903, 0.33667563538584533, 0.4249868811117446, 0.7860660287103948, 0.4249868811117446, 0.49010576316911, -0.05692862967172347]], "inverted": true, "swapped": false, "error_lsq": 0.04122129316532835, "error_max": 0.36778373299160605, "target": "426.xyz", "model": "14.xyz", "model_rescale": 3.942246331269136, "target_rescale": 4.056331840203363},
{"mapping": [1, 3, 8, 0, 13, 12, 11, 4, 2, 5, 7, 9, 6, 10, 14], "R": [[-0.21589288326903194, 0.47274127173571806, 0.8543453358867714], [-0.7469919596450022, 0.4835122283260727, -0.4563101327878609], [-0.6288030495946277, -0.7367032069000732, 0.24874707990978412]], "T": [0.07961012896366068, 0.02104190796290674, 0.03782906955187358], "aligned_model": [[0.7055941684758362, 0.6139799981951005, -0.49038811991110887, 0.17327354863569047, -0.2955667384772125, 0.21447276951663616, -0.596588703972049, 0.043388276190162306, 0.49971415405485, 0.693004697040791, -0.0790165892053192, 0.18411507097214844, -0.3328166198027066, -0.020646931245113895, 0.11840170074286843], [-0.10635813436071394, 0.4213323605945133, -0.453387240578606, -0.6568734463044914, 0.44311536851028654, 0.1215823112712796, 0.2573262571763649, 0.6060921734263881, -0.6005809851138908, -0.09342802846556435, -0.7431449914139914, -0.19700078477817023, -0.1797411453027845, 0.4645091998880617, -0.05097644549468412], [-0.4607234826154755, -0.22818658203690834, -0.18321369911894914, -0.23119773047389847, -0.5470009557923533, -0.7620333896549686, 0.07001399319178232, 0.029574302119073553, 0.1783477713125295, 0.1536880169691823, 0.3868784288589789, 0.8057472991638451, 0.3577973988623404, 0.5876343068077818, -0.01563380605929421]], "inverted": true, "swapped": false, "error_lsq": 0.039692003484585535, "error_max": 0.3041598633332779, "target": "426.xyz", "model": "15.xyz", "model_rescale": 4.355366556412066, "target_rescale": 4.056331840203363},
{"mapping": [10, 12, 11, 0, 8, 3, 9, 5, 13, 2, 7, 14], "R": [[-0.6704404265188316, 0.6347120413697659, 0.3842528581929767], [0.3646774912493962, 0.7329056529967125, -0.5743340762844471], [-0.6461578459364969, -0.24492841473721913, -0.7228347735056878]], "T": [0.12602640519291125, 0.08042555962006014, 0.066003752439115], "aligned_model": [[-0.10251300462629481, 0.4373439383757963, 0.10550835838252987, -0.6488821970422469, -0.5878986767463643, -0.5018359509769854, -0.0789688054652467, -0.26778144905785567, 0.5411535943562096, 0.17142564736316682, 0.5020173748181357, 0.028239725250936806], [-0.6194232873247607, -0.44787598190002853, -0.4506943799036852, 0.34250826300646553, -0.21292755036045047, -0.14911971565789434, 0.23676388925481456, 0.8134951932494068, 0.01868361640803716, -0.20394737656092743, 0.6101243593259467, 0.07518939820405698], [0.11820772366421003, -0.008801275355761085, -0.6136508958698084, 0.0038163693359398176, -0.3055415135500102, 0.3778655439400887, -0.6160727521291585, 0.36494552857735785, -0.43476092940633476, 0.6221363174681032, -0.11323591198973199, 0.0543502565245266]], "inverted": false, "swapped": true, "error_lsq": 0.048758741268019073, "error_max": 0.2550237989662947, "target": "426.xyz", "model": "16.xyz", "model_rescale": 3.795458400668931, "target_rescale": 4.056331840203363},
{"mapping": [13, 7, 4, 11, 2, 1, 9, 10, 8, 0, 5, 3, 14], "R": [[-0.9650997268455669, -0.052909772777774505, -0.256482110852232], [0.21944003517726957, 0.3711342365651505, -0.9022779224887428], [0.14292861226504322, -0.9270706199604254, -0.34657102793248856]], "T": [0.1031801563298269, 0.026465577906664886, -0.1312768755771958], "aligned_model": [[-0.07964784774422844, 0.020511968595702354, 0.5665726425990202, -0.3367476030385206, 0.6528977421933897, -0.46782035457004345, -0.6010687569461324, 0.19877188285102196, -0.4984106201780705, -0.41073661830485386, -0.03232042761730482, 0.09210464143811624, 0.044525151626125636], [-0.3445484987133975, 0.3151352714130928, 0.45439793882282625, -0.715554919363746, 0.0005676044125127316, 0.5443477432001496, -0.07067383815772972, -0.5016484416756304, -0.20030768942906835, 0.4285812923229302, 0.8915245886252245, 0.11968555501755572, 0.04227465899576583], [-0.6370736659921329, -0.7345286171758417, -0.20373320458399133, -0.148854404990168, 0.16764177333716046, -0.2625250877334895, -0.2934202374090658, 0.3753805325039504, 0.43480914021781547, 0.3659458680882339, -0.008173670645892861, 0.6003974491965873, -0.05359084397686931]], "inverted": false, "swapped": true, "error_lsq": 0.04830500579239713, "error_max": 0.3072678597933496, "target": "426.xyz", "model": "17.xyz", "model_rescale": 3.7474275329858107, "target_rescale": 4.056331840203363},
{"mapping": [5, 3, 0, 2, 7, 13, 1, 8, 4, 9, 12, 10, 11, 14], "R": [[-0.8286445469411959, -0.1892660639075618, 0.5268079079489593], [-0.4017269685296051, 0.8564514824107892, -0.3242010194807776], [-0.38982516283666707, -0.48028035076328146, -0.7857271327185192]], "T": [-0.07880099401448068, -0.16970846077860915, -0.0007573750034123652], "aligned_model": [[0.6573172001298375, 0.08834173136832726, 0.622827194202884, -0.43096153518945235, 0.11121095305548015, -0.28884282638736963, 0.6666418193562051, 0.23316089272411808, -0.0892311632744078, 0.30528355636800253, -0.6551149991425269, -0.46383262678946513, -0.3239746646288858, -0.017977883909869742], [-0.4728211767611532, 0.3270673989932569, 0.20646431390176553, -0.16919679088603112, -0.7311130259696098, -0.2719645293071101, -0.2941717944481096, 0.6230871092681877, -0.643927188361624, 0.060876503656883935, -0.010163658604629339, 0.43985178597031127, 0.392009443061611, -0.09559014900251522], [-0.3855879676011665, -0.5198305906439168, -0.19887321217369197, -0.5186330158099901, 0.3198627415013458, 0.6094344328902416, 0.19997504474256675, 0.08838251378290407, -0.4227957991331601, 0.5745709661406773, 0.15424114439437744, -0.1586525059232786, 0.606533897052555, -0.023832930557808538]], "inverted": true, "swapped": true, "error_lsq": 0.03620497016556251, "error_max": 0.27531617513488754, "target": "426.xyz", "model": "18.xyz", "model_rescale": 3.922800546911778, "target_rescale": 4.056331840203363},
{"mapping": [5, 0, 4, 8, 6, 1, 10, 2, 12, 3, 13, 7, 11, 9, 14], "R": [[0.5903947429197236, -0.799411893031462, 0.11124150669875038], [-0.47973186882495894, -0.23673138626222, 0.8448760765887979], [-0.6490696276721521, -0.5521764899361636, -0.5232683273381944]], "T": [0.099865165396055, -0.10077807410087963, -0.06239766649172724], "aligned_model": [[0.7498982877785336, 0.7934545133469775, -0.5932244211560818, 0.05958466835591736, -0.3746530295921088, 0.17223244192664183, -0.5689126931918107, 0.06225820455501843, 0.6510298189365671, 0.6011038677750211, -0.12011416572018674, 0.24576954146645266, -0.3683909656341454, 0.0023315805455566413, 0.11855303181822087], [-0.2839007680672802, 0.35130145765018433, -0.3083206898750257, -0.5500467804396085, -0.03712239421552671, 0.29666615285797854, 0.3353651584602925, 0.6100018212412326, -0.5821821824005755, 0.08841710255434435, -0.6830054660530611, -0.20535773529661006, -0.17418495294084535, 0.4722228195351413, -0.09738707395664306], [-0.4180052296085551, -0.17641761675321033, -0.08289222047024575, -0.47582935986385294, -0.5589338776149647, -0.6827073372856517, 0.05212702000435559, 0.01826595394241242, 0.2258412166698881, 0.28705074451189183, 0.2281778052232767, 0.7160533766486552, 0.4691954473278625, 0.5076026507305669, 0.0321632980712371]], "inverted": true, "swapped": false, "error_lsq": 0.035469765057940666, "error_max": 0.2516001408938715, "target": "426.xyz", "model": "19.xyz", "model_rescale": 3.9282355846067225, "target_rescale": 4.056331840203363},
{"mapping": [6, 12, 11, 2, 4, 10, 3, 8, 5, 1, 13, 7, 9, 14], "R": [[0.7424944721982993, -0.4387132038651678, 0.5061943139836017], [0.5054533983835757, -0.12894675590093313, -0.853164460233266], [0.4395666284165163, 0.8893275318446998, 0.12600682634504917]], "T": [-0.10936913368429901, -0.10474642160443638, 0.030865162784147412], "aligned_model": [[-0.6566750728934423, -0.05484656335267321, 0.5856667871733067, -0.44921253624416924, -0.7106816683489272, 0.22403645650636572, 0.10405634277245465, 0.6804108847766357, -0.3512891798488189, 0.07991988653084411, 0.03988511640902945, -0.3766710015999673, 0.4600144502143888, -0.04209108301035071], [-0.5690144027906181, -0.6681680657490766, -0.6159724744130075, -0.12472103365705971, 0.09485041944750928, -0.32266864883122354, 0.33246389128842135, 0.14005268168440316, 0.7112523642568481, 0.4122918111188275, -0.6123743098444536, -0.1367206414571156, -0.0800567229099955, -0.0383327807186231], [-0.0015556759243179306, -0.2165216955102141, 0.034444690676906906, -0.49479629149743565, -0.010280410008682284, -0.5904998992625597, -0.523622580087758, -0.1929916573152066, 0.27057868363020154, 0.5861225323881896, 0.4141992380084235, 0.6486064076656483, 0.4857121930645546, 0.002787621415933004]], "inverted": false, "swapped": true, "error_lsq": 0.03892139399671277, "error_max": 0.24375708720639785, "target": "426.xyz", "model": "20.xyz", "model_rescale": 4.067790424073018, "target_rescale": 4.056331840203363},
{"mapping": [1, 7, 11, 13, 12, 9, 3, 0, 5, 8, 6, 4, 6, 2, 14], "R": [[-0.24574187059290403, 0.9112901710840279, -0.33039545566357864], [0.5502959968323329, -0.14944187803950687, -0.8214873346305068], [-0.7979882511088805, -0.38368913090374146, -0.4647552064458472]], "T": [0.11089221465493507, -0.06660996591442668, -0.017494260625859993], "aligned_model": [[0.7700403353378811, 0.6385232884660832, -0.42969662936246233, 0.13208136715772653, -0.3155472910043695, 0.2937603479628256, -0.664146991627607, 0.14681501621425397, 0.5037302277666668, 0.634011663205953, -0.3061882404119959, 0.36530543757925404, -0.3061882404119959, -0.1326137692454642, 0.10103415958382359], [-0.22412755232527365, 0.3952667274836752, -0.3098310264694598, -0.7054004568407954, 0.26034595523302767, 0.1355588761961276, 0.2628837644207055, 0.6271281834815329, -0.4639886721471565, 0.06113176351812409, -0.41569699931234083, -0.1704539476578964, -0.41569699931234083, 0.2797852300702061, -0.08443837728413812], [-0.4801140464654418, -0.27232621947976193, -0.27564048160452725, -0.30318856157612406, -0.5636288965329365, -0.7453245324400075, 0.10289314338961922, 0.13047520217561817, 0.1728595681906747, 0.17011168233521298, 0.4842417653977623, 0.7354750841639538, 0.4842417653977623, 0.5944184255822283, -0.09280202700036697]], "inverted": false, "swapped": false, "error_lsq": 0.042453430401324606, "error_max": 0.37056275260399846, "target": "426.xyz", "model": "21.xyz", "model_rescale": 4.186013935880536, "target_rescale": 4.056331840203363},
{"mapping": [2, 4, 12, 8, 0, 10, 3, 5, 13, 7, 1, 9, 14], "R": [[0.03464724023753757, 0.49018701793931385, -0.8709283875197118], [0.12425056223822342, -0.8668032290488705, -0.48292231248300854], [-0.9916457868248156, -0.09148141644188754, -0.09093835229636732]], "T": [0.030132141941600705, 0.06228678367815637, -0.12047064929548641], "aligned_model": [[0.009370429712799711, -0.4739467987946883, 0.5418570887723222, 0.4335592024537314, -0.2043725285766265, 0.604356117518356, 0.049056462922810254, -0.7732026394620817, 0.34730477739342935, -0.32693178466731604, -0.40071518501433084, 0.21643631886475925, 0.0358025743000602], [-0.25697984678398433, 0.05037933095345109, 0.18810067276887593, -0.4354034799218499, -0.4605434656860848, -0.3687936036728322, -0.6737494945309719, -0.17490667332165066, 0.623904032724737, 0.6220599630658005, 0.14732037762236372, 0.271403498153369, -0.013834651825130155], [-0.6588480799946481, -0.5063090293705574, -0.4428452164156835, 0.4481610089864512, 0.46663585356788434, -0.29129351233297435, -0.07516705196262895, 0.16278611105335966, -0.016089126927376074, -0.005421855703335837, 0.5265297236001284, 0.5527707793004658, -0.058030042465739506]], "inverted": true, "swapped": true, "error_lsq": 0.04689690282695675, "error_max": 0.2737388933889649, "target": "426.xyz", "model": "22.xyz", "model_rescale": 4.166573947596378, "target_rescale": 4.056331840203363},
{"mapping": [2, 12, 8, 4, 9, 11, 10, 14, 1, 6, 0, 5, 7, 13, 15], "R": [[-0.48612280891499654, -0.4755057494008914, 0.733197720222377], [-0.5994743194021506, -0.42902330309606385, -0.6756993013004171], [0.6358578103868213, -0.7680060466475769, -0.07649547230286041]], "T": [0.09749130931548629, -0.030811931889770404, -0.12077110480009787], "aligned_model": [[0.6392512852079093, 0.49245863749697993, -0.5574229644667443, 0.04682271094354569, -0.25984459705084734, 0.3954320771608398, -0.4411863800673172, -0.06333530592618596, 0.48454478567039944, 0.8037170136360464, -0.06864248261195839, 0.2048185641249407, -0.3215929554725914, -0.05412840868187262, 0.13002870124742932], [-0.38023426687154316, 0.4845241506565747, -0.45186846780109, -0.7373109256197625, 0.22415517049125608, 0.2813183511511265, 0.2981493037195957, 0.7317319667156155, -0.5117098032279145, -0.007474543113560238, -0.71956736678838, -0.11544736907513206, -0.20102200209163487, 0.40363837704575045, -0.06641610613690421], [-0.31366848561699445, -0.2091503270425231, -0.33958113149869174, -0.31607952336449463, -0.5303464861487187, -0.7809978179001775, 0.28240638158975717, 0.015754957729561148, 0.2356358320728539, 0.16173243997217737, 0.28514917914177484, 0.6992165075141704, 0.4331120585648204, 0.589916962551519, -0.07140867603136784]], "inverted": true, "swapped": false, "error_lsq": 0.041847188790819626, "error_max": 0.2831427052135889, "target": "426.xyz", "model": "23.xyz", "model_rescale": 4.274766983524099, "target_rescale": 4.056331840203363},
{"mapping": [9, 8, 11, 13, 12, 6, 7, 4, 5, 3, 14], "R": [[0.695176105697153, -0.06741623835218111, -0.7156711765009004], [0.017926468720201927, -0.9936569716847119, 0.11101560404551915], [-0.7186159083870637, -0.0900048522514746, -0.6895580488865503]], "T": [-0.053572444714273235, 0.08868273347756743, 0.13335598463208354], "aligned_model": [[0.14556098492362646, 0.29414957606313846, -0.4217216899963922, -0.4593351580135649, -0.628912705816761, -0.6096725509893131, -0.03762818593660493, 0.023447887984512375, 0.7313587288739557, 0.3237761387551671, 0.018871678110310805], [-0.014476799857908965, 0.6911878715192681, 0.41517968605236494, -0.18780456418635738, 0.3055113511708467, -0.17972455195420817, -0.5801598847389504, -0.17130447128665588, -0.2055220514738672, 0.6929937848421686, 0.1497061611567828], [-0.5604718439194213, -0.36651190725135524, -0.5753792935431484, -0.29771165744336764, 0.07347400130893189, 0.5005750761277331, 0.05290589063932871, 0.7074493073358227, 0.4147249533916661, 0.32460490214028814, 0.10590700523509936]], "inverted": false, "swapped": true, "error_lsq": 0.05061864317766856, "error_max": 0.26232720431827694, "target": "426.xyz", "model": "24.xyz", "model_rescale": 3.7841303162186577, "target_rescale": 4.056331840203363},
{"mapping": [0, 8, 6, 7, 4, 1, 3, 2, 10, 9, 11, 14, 13, 12, 15], "R": [[-0.5473568596502113, 0.4568230522844287, -0.7012226230630307], [-0.7586619464879479, -0.6245759602803164, 0.18530224173236332], [-0.35331645750654933, 0.633417373255154, 0.6884402022787192]], "T": [0.14673762600695628, -0.05752974238298496, -0.010794744697666938], "aligned_model": [[0.5415152042024838, 0.5269495922935895, -0.42922231135194766, 0.21579662165025285, -0.28838329996728057, 0.2817043802883531, -0.6459571336041446, 0.24518560672308937, 0.6442865634146696, 0.5023596573955358, -0.2619504781518771, 0.354511093868495, -0.2976981730211694, -0.04244097964170876, 0.08426433711223269], [-0.32540710535561135, 0.26502467144345015, -0.2676373484574968, -0.6503075790503737, 0.385475523975875, 0.15430515527908784, 0.051072611942046126, 0.6900834334335093, -0.580965249982455, 0.20885416060328393, -0.6778268449701068, -0.09573283484834554, -0.21543487013030532, 0.3644525744446187, -0.07348982927317911], [-0.5709039586126848, -0.3283719706638877, -0.3930922684539609, -0.2689630068387152, -0.4244618289767929, -0.7107564187730752, 0.08323947435747593, 0.00245525023491998, 0.2785414430593075, 0.36961726292957126, 0.18319779949866644, 0.7538422097385117, 0.6133388855806369, 0.5902994957320435, -0.03629049727835062]], "inverted": false, "swapped": false, "error_lsq": 0.040901606116703355, "error_max": 0.22254209102804406, "target": "426.xyz", "model": "25.xyz", "model_rescale": 4.19342608120988, "target_rescale": 4.056331840203363},
{"mapping": [10, 12, 11, 0, 8, 3, 9, 5, 13, 2, 7, 14], "R": [[-0.6704404265188316, 0.6347120413697659, 0.3842528581929767], [0.3646774912493962, 0.7329056529967125, -0.5743340762844471], [-0.6461578459364969, -0.24492841473721913, -0.7228347735056878]], "T": [0.12602640519291125, 0.08042555962006014, 0.066003752439115], "aligned_model": [[-0.10251300462629481, 0.4373439383757963, 0.10550835838252987, -0.6488821970422469, -0.5878986767463643, -0.5018359509769854, -0.0789688054652467, -0.26778144905785567, 0.5411535943562096, 0.17142564736316682, 0.5020173748181357, 0.028239725250936806], [-0.6194232873247607, -0.44787598190002853, -0.4506943799036852, 0.34250826300646553, -0.21292755036045047, -0.14911971565789434, 0.23676388925481456, 0.8134951932494068, 0.01868361640803716, -0.20394737656092743, 0.6101243593259467, 0.07518939820405698], [0.11820772366421003, -0.008801275355761085, -0.6136508958698084, 0.0038163693359398176, -0.3055415135500102, 0.3778655439400887, -0.6160727521291585, 0.36494552857735785, -0.43476092940633476, 0.6221363174681032, -0.11323591198973199, 0.0543502565245266]], "inverted": false, "swapped": true, "error_lsq": 0.048758741268019073, "error_max": 0.2550237989662947, "target": "426.xyz", "model": "26.xyz", "model_rescale": 3.795458400668931, "target_rescale": 4.056331840203363},
{"mapping": [2, 4, 6, 10, 11, 0, 5, 3, 1, 12, 8, 9, 14], "R": [[-0.6527447596726988, 0.7057047051514276, 0.2755088888710628], [0.5008913516286067, 0.12918972662473238, 0.855814155292079], [0.568359158088878, 0.6966282248529441, -0.43780930067180834]], "T": [0.07256791393889298, -0.07658183731755663, -0.031155864692049402], "aligned_model": [[0.11087046582514846, 0.31992926742608974, 0.7233261634962125, -0.23604910559422113, -0.04584158261558477, -0.6670845003127561, -0.21431857700775422, -0.5621377340310827, -0.1821076282984981, 0.3135950464869155, -0.6891992421441687, -0.14571394258324313, -0.02559224782580083], [-0.5538925258945769, -0.643379145052882, -0.2713895689548659, 0.00531954160549189, 0.6975536209284453, -0.13028967516980372, -0.5542768239487273, -0.378252162168219, 0.055789810330581446, 0.132778749837179, 0.29453319099317876, 0.5388343073686211, -0.07144781661750838], [-0.43478924908521743, 0.11258624538058856, -0.26504324904245613, -0.6965817616987543, -0.39327919283387774, 0.3196542407703474, 0.6553902301912512, -0.2554407376446232, 0.696228303994768, -0.5600140530042598, -0.15675598456147927, 0.29335772171488833, -0.023175852081750003]], "inverted": false, "swapped": true, "error_lsq": 0.05328222511851074, "error_max": 0.3635772526415067, "target": "426.xyz", "model": "27.xyz", "model_rescale": 3.6321398670334006, "target_rescale": 4.056331840203363},
