[{"mapping": [7, 8, 3, 12, 10, 6, 0, 9, 4, 11, 5, 1, 2, 13], "R": [[-0.3850681513107218, 0.9166722097067235, 0.10693258996927046], [-0.5267989910981663, -0.12318633747389385, -0.8410160219863365], [-0.7577633811580613, -0.3801804653203015, 0.5303371304790396]], "T": [0.05093671359659153, -0.12103458825663871, 0.18492731587762162], "aligned_model": [[-0.44226553903396754, -0.7275825268183075, 0.16558768833702528, 0.36138128999298985, -0.21674273316139658, -0.3931560783380856, 0.7182418316204168, 0.13763290023093677, -0.5389549427469602, -0.4449956549898546, -0.19224436444469026, 0.5431163765703053, 0.2273367380773243, -0.06151411316522953], [0.4005530100675291, -0.08079486703288467, -0.5331321844748971, 0.2439450913305789, 0.6888159903056669, -0.5837192382027592, 0.11784688012334801, 0.5790115266274634, 0.01694505290170273, 0.0192325244435686, -0.697668523248201, -0.30821655576880364, -0.1368325007836803, -0.0034969869309143115], [-0.05191102086294469, 0.13137651044629858, -0.11545748896432456, 0.5097869878101018, 0.7215078585990864, -0.23130674212767038, -0.12011687453494302, -0.01296755526098009, -0.5542571529886802, 0.6554993759558476, 0.6100832034534898, 0.4210760059360849, -0.5633317988230873, 0.17600621221399324]], "inverted": true, "swapped": false, "error_lsq": 0.05516980354441232, "error_max": 0.33183955725206926, "target": "428.xyz", "model": "0.xyz", "model_rescale": 3.8414455957264533, "target_rescale": 4.0600015516238095},
{"mapping": [6, 5, 1, 12, 8, 4, 13, 9, 2, 10, 3, 11, 7, 14], "R": [[-0.4931009342989864, 0.8330454684951134, 0.25077223931931486], [0.7748942146469839, 0.289537117949819, 0.5618782905896497], [0.3954622923871514, 0.47138466749467967, -0.7882931374500413]], "T": [-0.036846453288512354, -0.01342586518433321, 0.030648391098488992], "aligned_model": [[-0.6744484812737302, -0.6524176113669776, 0.1756309446258806, 0.2835111609797556, 0.13123618679205704, -0.18770778786114928, 0.6437822965726738, 0.060741036923765174, -0.6337078479616153, -0.3400578945145981, -0.3602091159563915, 0.6380447243337052, 0.08514282041643587, -0.033699559579304504], [0.4339802063552159, -0.16351078023855153, -0.7883224451957024, 0.12072402643035356, 0.6504106579121406, -0.42345265612919997, 0.3196094942263126, 0.5491891298601522, -0.008240056877440394, 0.04486894163507592, -0.7050579064535548, -0.2718872165760774, 0.0419445887658703, -0.07776676435687725], [0.08825598471537091, 0.2119477363747435, 0.35140770402791016, 0.7101072562457356, 0.42482055425476994, -0.2932900649184035, 0.004591628368813272, -0.34278263211544235, -0.40332662034746186, 0.6414231759561138, 0.20517228608758503, 0.4822954107215833, -0.5978480146711935, 0.09321311615214789]], "inverted": false, "swapped": false, "error_lsq": 0.0518736892289262, "error_max": 0.3523516395361156, "target": "428.xyz", "model": "1.xyz", "model_rescale": 4.316132596720782, "target_rescale": 4.0600015516238095},
{"mapping": [2, 5, 12, 3, 6, 11, 7, 9, 8, 10, 0, 13], "R": [[0.8778015505879881, 0.18246398015731824, 0.44291233187897816], [0.4196267325961939, -0.738847902626895, -0.527273346637663], [0.23103645399799289, 0.6486992159151949, -0.7251285983844833]], "T": [-0.025270803227616066, 0.006720500585929863, -0.14193492534203633], "aligned_model": [[-0.23906310076589546, 0.4040911278038566, 0.19876248684662093, -0.5864134572910794, -0.5957885466621138, -0.6499325804000691, -0.09247320214056981, -0.08450228445572941, 0.7147738043407594, 0.30369032514702504, 0.3408855606549605, -0.11622157844598505], [-0.5650213489221638, -0.3972052855667746, -0.5635768481999578, 0.36156486244036357, -0.19993443454287316, -0.14628499511298618, 0.2883346495795849, 0.5532737668257482, 0.16482332133247776, -0.15148442474146392, 0.6338416587389938, 0.03444550591003177], [0.31829229806319637, -0.00966473593689049, -0.5809722104334804, 0.017015643549001425, -0.42558948689882825, 0.3932315172821088, -0.6632331141485635, 0.4150295460599883, -0.4141977389943122, 0.6701615985162888, -0.1979620150926099, -0.07285284075647802]], "inverted": true, "swapped": true, "error_lsq": 0.04480192315921758, "error_max": 0.22582636232789066, "target": "428.xyz", "model": "2.xyz", "model_rescale": 3.795458400668931, "target_rescale": 4.0600015516238095},
{"mapping": [12, 5, 8, 9, 6, 3, 1, 2, 10, 11, 7, 13], "R": [[0.6418570079439273, -0.57573908457287, 0.5065018142597942], [0.5415693754138093, 0.8079731903131416, 0.23212482708469737], [-0.5428832222192596, 0.12531492421255266, 0.8304059108667498]], "T": [-0.0499184184678658, 0.09010274189041598, 0.006416395806004331], "aligned_model": [[-0.219090331489107, -0.09193856699032382, -0.7840734280854339, 0.08676455681228057, 0.2598998121942053, 0.27559851442000405, -0.18833902087437213, 0.6132196743917188, 0.27429644347656557, 0.7590459769323805, -0.4333262274700808, 0.041246422425727756], [-0.14196070182996956, -0.48384131841465894, -0.23815031477491647, 0.13418175092934187, 0.5388089827852156, 0.5954594469034064, -0.31962992761498477, -0.25745973103638553, -0.6170184015334924, 0.2107001178861878, 0.5281602858396566, 0.13651885615030862], [-0.6905134003194981, -0.1775010702000917, 0.013894059892741499, 0.7757102725792046, -0.38259779597899785, 0.3300121463988386, 0.4040708812540773, -0.14802836241026146, 0.4395554015066639, 0.18262371336957406, -0.1227289996648449, 0.0642745842116946]], "inverted": false, "swapped": true, "error_lsq": 0.04400170481248373, "error_max": 0.2345887866992198, "target": "428.xyz", "model": "3.xyz", "model_rescale": 3.7530521520055578, "target_rescale": 4.0600015516238095},
{"mapping": [8, 12, 5, 2, 1, 6, 0, 7, 4, 3, 13], "R": [[0.026964850988745848, -0.8336372925118618, 0.5516536606827216], [0.9694732401636985, 0.15634985862560064, 0.18888186338093654], [-0.2437099370515179, 0.5297202905696998, 0.8124049977327183]], "T": [0.00021492211585773247, -0.0010357725545823704, -0.03394412346825752], "aligned_model": [[-0.39318301248685716, -0.2442272326417786, 0.20993981581347904, 0.6474260402554111, 0.24503505302061257, -0.12924643671849473, -0.30552937170981465, -0.5739139023979952, -0.2785317327379045, 0.09443863994004979, 0.06599174210849736], [-0.6928433147718693, -0.024759473984861655, -0.3620841421579887, 0.22776625667937994, -0.5119285547012062, 0.6415519866073389, -0.463379207813061, 0.10794149249634913, 0.03523119790828365, 0.44147303340713356, 0.06823408464484787], [-0.14983179493720394, -0.7465933624084644, -0.4705934739929914, -0.37035516089701304, 0.12168968417595173, -0.17170259479645017, 0.438548669352224, 0.0846920495583625, 0.8451525965828497, 0.4772982166658278, 0.03452594794222383]], "inverted": false, "swapped": true, "error_lsq": 0.05212284758890417, "error_max": 0.30545478207669613, "target": "428.xyz", "model": "4.xyz", "model_rescale": 3.7855080009869324, "target_rescale": 4.0600015516238095},
{"mapping": [8, 6, 1, 14, 15, 4, 2, 10, 7, 13, 11, 12, 5, 16], "R": [[0.36292206946963745, -0.7733022658166098, -0.5198953521380751], [0.7996878581789724, 0.5448722621166372, -0.25221726240887377], [0.47831673708224315, -0.3242187897991048, 0.8161466016398037]], "T": [0.006642441797336147, 0.014732003149008376, 0.07513840679964487], "aligned_model": [[-0.5387474092752266, -0.5648431381919221, 0.2952170172943942, 0.4406042994114484, -0.07977227811707155, -0.22599412047300993, 0.7445255259620032, -0.14792161878697824, -0.5224579990877254, -0.3546389764705309, -0.2506792666890293, 0.2195749493217059, 0.07243146645417753, 0.048542420778271186], [0.42767439524014583, -0.29980781697939957, -0.6843710531291491, 0.23618986192890215, 0.7361587693424517, -0.5289669499755608, -0.02130942990716355, 0.6276158689655492, 0.037513898601107064, 0.0032234271384513832, -0.5864184553811117, -0.3235658497377715, 0.06089759095619262, 0.03765496229507298], [0.2404815806070845, 0.09850508146448403, 0.04222078129898071, 0.5445326136808151, 0.46423225651670375, -0.3690152401871055, 0.07123241325280469, -0.28741861253903145, -0.4548645937303064, 0.7030005957933493, 0.527730820402684, 0.6258466534981411, -0.7302458414672442, 0.09974901226091323]], "inverted": false, "swapped": false, "error_lsq": 0.04723741083402584, "error_max": 0.2734798586619966, "target": "428.xyz", "model": "5.xyz", "model_rescale": 4.2253639853439635, "target_rescale": 4.0600015516238095},
{"mapping": [7, 6, 10, 9, 12, 2, 1, 0, 3, 11, 5, 8, 4, 13], "R": [[0.2001710102389665, -0.5710684831368537, 0.7961233285287431], [-0.9743973599803708, -0.0311259613397174, 0.22266782298743262], [-0.1023784719713858, -0.8203121126122983, -0.5626781374625751]], "T": [-0.006926989239124742, -0.03712309231815768, 0.12339628613129189], "aligned_model": [[-0.5326242677472272, -0.6479664283877146, 0.3270122514523749, 0.40539211807691533, -0.4185084952560961, -0.28909463316577855, 0.6600365824305652, 0.161976354112126, -0.48387425945994544, -0.39652696751425087, -0.1909457723790098, 0.47042555875499625, 0.1189688711015924, -0.048430039888040934], [0.5465611412622557, -0.08162667458614808, -0.7340879820491454, 0.33078458534461724, 0.5975661081963232, -0.5450834171114186, -0.04704181300765732, 0.6819269071244107, 0.12129989419973035, -0.0972475846036862, -0.591720700745097, -0.2905585864242787, -0.1392274373399564, -0.029055220902232795], [0.012282367715407722, 0.1517835499037441, 0.017391567378794007, 0.3826901771975312, 0.6703094850249762, -0.21205764691173973, -0.1828176831838927, -0.1888558687580083, -0.377036458071166, 0.7943289885453397, 0.36691188446027, 0.627152051209368, -0.5655422069747809, 0.07944731331642882]], "inverted": true, "swapped": false, "error_lsq": 0.04821281523863293, "error_max": 0.27507908184504976, "target": "428.xyz", "model": "6.xyz", "model_rescale": 3.89814844738969, "target_rescale": 4.0600015516238095},
{"mapping": [7, 0, 4, 12, 3, 1, 5, 6, 2, 10, 9, 11, 13], "R": [[0.43763295086345033, 0.774518515184462, 0.45672581485504565], [-0.6523551385058084, -0.0760711530860526, 0.7540861707611581], [0.6187973606792591, -0.6279603883244667, 0.4719698900478382]], "T": [-0.10330414135006315, -0.0560544703044957, -0.1148600123532626], "aligned_model": [[0.264836912700269, 0.04020662470578039, 0.6191595022283475, -0.5057357769776208, 0.4851347420443426, -0.41450120253498357, -0.7060457863824012, 0.2590792730839624, -0.4329284398932608, -0.6634670990849724, 0.13212721320537218, 0.10924295198406174, -0.03847711417467502], [-0.2891340867869127, 0.38033748109175625, 0.43990675652810396, -0.6782048669767601, 0.1392419535556249, 0.42724294946860086, -0.09731583013188544, -0.5391023949426091, -0.11801736683240151, 0.5362307330869133, 0.6811830652889089, 0.09178395063726644, -0.010371078516120347], [-0.5219479017446833, -0.6800654523337224, -0.40450596714883996, -0.2532846538042638, 0.17090189909934062, -0.23631044083381658, -0.11662666804523464, 0.17496688688938128, 0.5720995260423394, 0.24313535782268547, 0.0012914276480702758, 0.6807426983597927, -0.028121681114753744]], "inverted": false, "swapped": true, "error_lsq": 0.045371675849592, "error_max": 0.2151267625959121, "target": "428.xyz", "model": "7.xyz", "model_rescale": 3.7474275329858107, "target_rescale": 4.0600015516238095},
{"mapping": [7, 9, 4, 12, 10, 8, 1, 0, 5, 11, 9, 13, 2, 14], "R": [[0.5365600211474832, 0.5239910316080625, -0.6614656019027225], [-0.8428682894126549, 0.37081348712676193, -0.38996205516367355], [0.0409437468827375, 0.7667664289463965, 0.6406191169735673]], "T": [-0.011483774555864738, 0.07801807410612493, 0.0712692388604649], "aligned_model": [[-0.6362863302742455, -0.6208385183161818, 0.24621490459974327, 0.3317317054237419, -0.21462915611956118, -0.21204522356006103, 0.6486847239441031, 0.11525988512621926, -0.6459961930482712, -0.2623802817547128, -0.6208385183161818, 0.5047732104947303, 0.46558217564951626, 0.03660848828166731], [0.27256504448816077, -0.3188626574846215, -0.6513258358481205, 0.19026737565809004, 0.7050376997707423, -0.46075175302379234, 0.30685744549391003, 0.6489371913959944, 0.01927053087643793, 0.014160450744890751, -0.3188626574846215, -0.4639686984281677, -0.2641794782569512, 0.04334456145576594], [0.2600836308091936, 0.29823382032019585, -0.046521667493269275, 0.5715150258520394, 0.44655806452545266, -0.29576276846895144, -0.20551933702552436, -0.2323763503884322, -0.2557845502404732, 0.636471063170985, 0.29823382032019585, 0.5691054493523285, -0.5319706886652278, 0.06372200878375966]], "inverted": false, "swapped": false, "error_lsq": 0.056868662526762204, "error_max": 0.4431170892016491, "target": "428.xyz", "model": "8.xyz", "model_rescale": 4.019505241142653, "target_rescale": 4.0600015516238095},
{"mapping": [7, 6, 3, 4, 0, 9, 11, 8, 1, 5, 2, 10, 13], "R": [[0.5595198563289638, 0.024393365915441445, -0.8284579012073767], [-0.5995863415346923, 0.7020176130011608, -0.3842752790399041], [0.5722182707836752, 0.71174169101962, 0.4074187229937681]], "T": [-0.16519891950393845, -0.09876741832888046, 0.035636183536411764], "aligned_model": [[-0.37858603523501333, -0.5852303563987045, 0.11307541005679073, 0.39199398918823386, 0.2500057491446424, 0.5998039160045545, 0.05357087511559844, -0.16970959724581436, 0.27106565413078776, -0.2753060887062694, -0.22313905027940314, 0.3794129037912301, -0.10725659782545753], [-0.5308753919250654, 0.17391849285162014, 0.11342457975751875, -0.48668981890369944, -0.6962621930493328, -0.0436758535805296, 0.6618652985858262, -0.771315606046865, -0.20964552179705964, -0.034761888407852215, 0.6213923495354516, 0.2876712758834373, -0.02166749478939134], [-0.31553774912461796, -0.40919260818286896, -0.5505368593064681, -0.5895664296849008, 0.002537212026004071, -0.11984321949682161, -0.23564556263604605, 0.4765989391070645, 0.4131934393138422, 0.626214556805537, 0.28547180174213316, 0.6245403217327138, -0.031530348251692084]], "inverted": true, "swapped": true, "error_lsq": 0.05471220379141802, "error_max": 0.35096021113669273, "target": "428.xyz", "model": "9.xyz", "model_rescale": 3.877068213659057, "target_rescale": 4.0600015516238095},
{"mapping": [7, 4, 6, 0, 1, 13, 11, 8, 2, 5, 3, 12, 14, 15], "R": [[-0.5083179631246502, -0.8364179496620179, 0.20498258913379158], [0.6671760628563947, -0.23198910343811002, 0.7078539093890927], [-0.5445079884778978, 0.4965743341828774, 0.6759622630846973]], "T": [-0.025742903168085446, -0.07859677656761863, 0.015593521378305025], "aligned_model": [[-0.5807869801852452, -0.6822482842255178, 0.20825589655683344, 0.3825204474796541, -0.3154143340554183, -0.35858256629163376, 0.6530796824354866, 0.09208246311719058, -0.44505539451626397, -0.1270202397754464, -0.2881368884229448, 0.47848967131710807, 0.095491014265181, 0.023166384431522552], [0.5196853476234897, -0.07220158731324156, -0.648045948900425, 0.34636670064181163, 0.4647365004010646, -0.6369766475043853, 0.20895197265219087, 0.6718816942161742, 0.07446890654751928, -0.05783509729084221, -0.5062150702951629, -0.2848949652707944, -0.32290977133017396, -0.034522814819508], [0.03205990708836623, 0.18006377991159495, 0.05132553757704192, 0.5508440376692667, 0.6269739450668558, -0.4028179678856896, 0.049811796616957144, -0.11939604769226456, -0.4754291758581717, 0.7903885239472795, 0.4042493255287657, 0.5268525397626779, -0.7159357292279308, 0.07699704834752347]], "inverted": true, "swapped": false, "error_lsq": 0.047913439479154045, "error_max": 0.2779770695908556, "target": "428.xyz", "model": "10.xyz", "model_rescale": 4.260839863003843, "target_rescale": 4.0600015516238095},
{"mapping": [2, 6, 7, 12, 0, 1, 10, 11, 3, 4, 9, 13], "R": [[-0.6316785054660248, 0.4758188598031263, -0.6120283313604545], [0.7738811288412519, 0.43359482870683524, -0.4616313712715807], [0.045719406772169346, -0.76523979063712, -0.6421197697237314]], "T": [-0.12236433599457085, -0.07232471583795476, -0.16633130331851978], "aligned_model": [[0.48275795317785, 0.1877994101283899, -0.47166995716932075, -0.3865309399638215, -0.6111655152011732, -0.25814991987046315, 0.1736717370416594, 0.7086620726556206, 0.2842870051327465, -0.22789928530622566, 0.09856029679383012, -0.021424208324962543], [0.03336440217251578, -0.6650305093804448, -0.4541052070599908, -0.43848058849254423, 0.24137521700840397, 0.4987682742600783, 0.7161699577568744, -0.030924223186582625, -0.1689183160178938, 0.02881884083034776, 0.4729721476232509, -0.06093148998108102], [-0.6213717538389316, -0.13234658659474285, 0.1299856427443485, -0.7699285208916913, 0.27316411638377214, -0.1905239736949893, -0.4550938002186705, -0.0785973519684934, 0.3734512879751274, 0.7449635937162459, 0.34969379387802946, -0.10721837009449992]], "inverted": true, "swapped": true, "error_lsq": 0.044920717977476064, "error_max": 0.28751047950454595, "target": "428.xyz", "model": "11.xyz", "model_rescale": 3.890672605050136, "target_rescale": 4.0600015516238095},
{"mapping": [0, 6, 9, 7, 3, 11, 12, 4, 1, 8, 6, 5, 10, 13], "R": [[0.08875254526885185, -0.10685870080036836, -0.9903051064048685], [-0.9633717075019754, 0.243384365039858, -0.11260108364875321], [0.25305718502549734, 0.9640255540790412, -0.0813436671755628]], "T": [-0.12269324318879318, -0.07304629728125911, 0.06140580368357684], "aligned_model": [[-0.5336532788359648, -0.5150848736185187, 0.2234398416576874, 0.48213147855730465, -0.1787683480155972, -0.1587513945479752, 0.6167533283502792, -1.5710326168733024e-06, -0.8583825514207517, -0.29625672157241095, -0.5150848736185187, 0.4214838635432131, 0.4460182736069137, 0.001997699077462542], [0.3428492013085443, -0.46139778516173174, -0.7683279357798788, 0.33809165742295, 0.7638906848462045, -0.36101148345624173, -0.008799563041201053, 0.5351053449771275, 0.04014610386883642, 0.06309313138357742, -0.46139778516173174, -0.31305318320913933, -0.02600523720838325, 0.03930606856878455], [0.14409391105597946, 0.22654294115205226, 0.11235427532635615, 0.49971711821104403, 0.448000199100882, -0.40607470411008295, -0.0035809005232967234, -0.26440913984586, -0.1649722263133651, 0.7473597531381478, 0.22654294115205226, 0.5626444225579047, -0.6269944096906699, 0.07476333964112819]], "inverted": true, "swapped": false, "error_lsq": 0.0539973975356695, "error_max": 0.36441429454324187, "target": "428.xyz", "model": "12.xyz", "model_rescale": 4.124412569039231, "target_rescale": 4.0600015516238095},
{"mapping": [7, 8, 5, 4, 12, 6, 0, 3, 1, 9, 2, 10, 13], "R": [[0.40972699280319574, -0.8586965323578688, -0.3078377116030816], [-0.9110149902994127, -0.40244207484377725, -0.08995589944632437], [-0.0466420284530126, 0.31730213001492386, -0.9471767941993624]], "T": [0.1758494499518749, 0.01782477554869015, 0.062024255423853154], "aligned_model": [[-0.21713985881193248, -0.09172701566969821, 0.5701527309533763, -0.6795117632651017, 0.6083680162133827, 0.3462132523427522, -0.4694354911513917, -0.09248207091471428, 0.08233566360888993, -0.2164470543731284, 0.8540016645436516, 0.5013963961745753, 0.17157383785909663], [-0.24477453596539167, 0.5887659868589723, 0.4484079477069589, -0.14641356043658066, 0.022580385074112752, -0.6260416129441531, 0.3528721273638647, -0.41658411334877415, 0.5638484839604814, 0.21055185553142813, -0.011810953891559756, 0.6421845068678063, -0.03610114026868795], [0.4255837385565545, 0.5612421748637653, 0.21735025449999673, -0.24327723140531904, 0.6793481516171699, 0.1332205803484036, 0.10493208020979605, -0.39112913456274523, -0.13363742974625759, -0.5871274902764391, -0.2895952598390725, -0.48289692984456145, -0.04231542345345187]], "inverted": false, "swapped": true, "error_lsq": 0.0406414119340121, "error_max": 0.24780935840843696, "target": "428.xyz", "model": "13.xyz", "model_rescale": 3.9028299243045295, "target_rescale": 4.0600015516238095},
{"mapping": [0, 5, 14, 1, 2, 10, 9, 3, 4, 12, 13, 11, 7, 15], "R": [[0.6894704066239368, -0.7209451027232996, -0.06977619399991558], [0.47006769184775044, 0.37208247758591195, 0.8003692866136589], [-0.5510598184142548, -0.5846304719502908, 0.5954328575048815]], "T": [-0.1039807406061769, 0.08526646528557633, 0.16763976220375532], "aligned_model": [[-0.695719907595573, -0.5532247646982922, 0.2761527870932295, 0.37017339904156804, -0.18926570892262384, -0.1638769533630386, 0.5789090477704013, -0.09617792218025176, -0.5219704208162668, -0.18337506701777648, -0.37351667295774654, 0.44985424504915505, 0.2549960564952089, -0.017117245767487202], [0.6388065300967444, -0.15653779843504256, -0.7138093386484542, 0.2953081430519361, 0.7030472020419047, -0.46596594010121206, -0.1384078841624416, 0.5657843015195922, 0.09246709755565033, -0.22990047690973284, -0.6377943138465593, -0.23157677224918585, -0.057381889998959795, 0.05845035944347742], [-0.007444686403971806, 0.21021133158056865, 0.17283721051419437, 0.5591229689940407, 0.5590771199353018, -0.3302637234215756, -0.12300913043762407, -0.22951407489686043, -0.36583568429353786, 0.7829499510043252, 0.36047347981411715, 0.5401097070725652, -0.6517594455787622, 0.09903249696949135]], "inverted": true, "swapped": false, "error_lsq": 0.04498762554276233, "error_max": 0.3153458127023132, "target": "428.xyz", "model": "14.xyz", "model_rescale": 3.942246331269136, "target_rescale": 4.0600015516238095},
{"mapping": [10, 6, 0, 5, 10, 8, 1, 4, 11, 9, 7, 2, 13, 14], "R": [[0.26217383466873856, 0.7806238435849873, 0.5673546467965965], [-0.9097380237995718, 0.39606030612651355, -0.12455104160231889], [-0.32193416791067575, -0.4834900709813741, 0.8139998420110948]], "T": [0.013207252160763315, 0.04513113960859747, 0.03857709172483163], "aligned_model": [[-0.43022036751727233, -0.4916416654067926, 0.3013646939467984, 0.4416429950744227, -0.43022036751727233, -0.27213327365082485, 0.8205974703964491, -0.055942533898840206, -0.5633589148347795, -0.3464759332039277, -0.26319393037033073, 0.3119930623562368, 0.03171900290484866, 0.08171063385179064], [0.5658889685788153, -0.17574942883823214, -0.6250052376546166, 0.1378479633528157, 0.5658889685788153, -0.6082156860951713, -0.023823548920726724, 0.5759002105434623, 0.08493994699580931, 0.06321191128721833, -0.6209217951275124, -0.38017841787077844, 0.18697343215840334, -0.024268067630584887], [0.24151487952212403, 0.13412150156598135, 0.1313133170098884, 0.4975171346257739, 0.24151487952212403, -0.2623541894012204, 0.04135597779199095, -0.20051803024434678, -0.3858021473845125, 0.7586211167634238, 0.4978758861428744, 0.5975822246011036, -0.7617153083602377, 0.044960278697305324]], "inverted": true, "swapped": false, "error_lsq": 0.056805902573290115, "error_max": 0.42948593114681394, "target": "428.xyz", "model": "15.xyz", "model_rescale": 4.355366556412066, "target_rescale": 4.0600015516238095},
{"mapping": [2, 5, 12, 3, 6, 11, 7, 9, 8, 10, 0, 13], "R": [[0.8778015505879881, 0.18246398015731824, 0.44291233187897816], [0.4196267325961939, -0.738847902626895, -0.527273346637663], [0.23103645399799289, 0.6486992159151949, -0.7251285983844833]], "T": [-0.025270803227616066, 0.006720500585929863, -0.14193492534203633], "aligned_model": [[-0.23906310076589546, 0.4040911278038566, 0.19876248684662093, -0.5864134572910794, -0.5957885466621138, -0.6499325804000691, -0.09247320214056981, -0.08450228445572941, 0.7147738043407594, 0.30369032514702504, 0.3408855606549605, -0.11622157844598505], [-0.5650213489221638, -0.3972052855667746, -0.5635768481999578, 0.36156486244036357, -0.19993443454287316, -0.14628499511298618, 0.2883346495795849, 0.5532737668257482, 0.16482332133247776, -0.15148442474146392, 0.6338416587389938, 0.03444550591003177], [0.31829229806319637, -0.00966473593689049, -0.5809722104334804, 0.017015643549001425, -0.42558948689882825, 0.3932315172821088, -0.6632331141485635, 0.4150295460599883, -0.4141977389943122, 0.6701615985162888, -0.1979620150926099, -0.07285284075647802]], "inverted": true, "swapped": true, "error_lsq": 0.04480192315921758, "error_max": 0.22582636232789066, "target": "428.xyz", "model": "16.xyz", "model_rescale": 3.795458400668931, "target_rescale": 4.0600015516238095},
{"mapping": [7, 0, 4, 12, 3, 1, 5, 6, 2, 10, 9, 11, 13], "R": [[0.43763295086345033, 0.774518515184462, 0.45672581485504565], [-0.6523551385058084, -0.0760711530860526, 0.7540861707611581], [0.6187973606792591, -0.6279603883244667, 0.4719698900478382]], "T": [-0.10330414135006315, -0.0560544703044957, -0.1148600123532626], "aligned_model": [[0.264836912700269, 0.04020662470578039, 0.6191595022283475, -0.5057357769776208, 0.4851347420443426, -0.41450120253498357, -0.7060457863824012, 0.2590792730839624, -0.4329284398932608, -0.6634670990849724, 0.13212721320537218, 0.10924295198406174, -0.03847711417467502], [-0.2891340867869127, 0.38033748109175625, 0.43990675652810396, -0.6782048669767601, 0.1392419535556249, 0.42724294946860086, -0.09731583013188544, -0.5391023949426091, -0.11801736683240151, 0.5362307330869133, 0.6811830652889089, 0.09178395063726644, -0.010371078516120347], [-0.5219479017446833, -0.6800654523337224, -0.40450596714883996, -0.2532846538042638, 0.17090189909934062, -0.23631044083381658, -0.11662666804523464, 0.17496688688938128, 0.5720995260423394, 0.24313535782268547, 0.0012914276480702758, 0.6807426983597927, -0.028121681114753744]], "inverted": false, "swapped": true, "error_lsq": 0.045371675849592, "error_max": 0.2151267625959121, "target": "428.xyz", "model": "17.xyz", "model_rescale": 3.7474275329858107, "target_rescale": 4.0600015516238095},
{"mapping": [4, 5, 11, 2, 6, 10, 1, 0, 8, 9, 12, 7, 3, 13], "R": [[-0.2721176209084405, -0.6850494485171206, 0.675765679416704], [-0.7816883723262686, 0.5669183955568483, 0.2599361870712851], [-0.5611731363501282, -0.45750495720334894, -0.6897636734225155]], "T": [-0.02281495554961921, -0.06285448543309022, 0.10084078335893482], "aligned_model": [[-0.660907577804612, -0.7150135401911295, 0.3532149453169684, 0.37419615422226127, -0.2084373040847799, -0.346897398130905, 0.6242491742155812, 0.10482301389183313, -0.3966561687171344, -0.31155199546166984, -0.28545542545354496, 0.41891660841138695, 0.17617658493872235, 0.00918380097752837], [0.4679877588520741, -0.269607542682726, -0.6522391085769054, 0.41530699629454093, 0.5243216744048311, -0.5445481975963862, 0.05111154784029347, 0.722273353549535, 0.1576485167091189, 0.026273930461000045, -0.6179039243827211, -0.4163889309765407, -0.17704291516612053, 0.03529606062772313], [0.11727669302779004, 0.13736788847982379, -0.08071896290091696, 0.4437350818233727, 0.5653483855600345, -0.2724970107851194, -0.1155805003467362, -0.15689011504520484, -0.4722871470391688, 0.6978426368896522, 0.5276627921680459, 0.5981393890790251, -0.5378708500394369, 0.12445923998111119]], "inverted": true, "swapped": false, "error_lsq": 0.04491137443395749, "error_max": 0.25820057765463506, "target": "428.xyz", "model": "18.xyz", "model_rescale": 3.922800546911778, "target_rescale": 4.0600015516238095},
{"mapping": [11, 9, 0, 6, 4, 3, 8, 13, 7, 10, 2, 1, 12, 14], "R": [[0.9229221823984592, 0.34676880655259384, 0.16723049972703918], [-0.12270134465956711, 0.6766769340627363, -0.7259839577609066], [-0.3649096124461503, 0.6495072914983675, 0.6670691516138754]], "T": [0.0682306130203805, -0.0168327756062807, 0.0882058251429972], "aligned_model": [[-0.5044180597995452, -0.6799443372639657, 0.19350554101674985, 0.3439409117380854, -0.03258807096186997, -0.16766616604078216, 0.5920226111811102, -0.026560083598036688, -0.5333868545154993, -0.3910686781671049, -0.2859849171334682, 0.48115259557127055, 0.15758331071121318, -0.01074693060764971], [0.40632222599899986, -0.3096980310101374, -0.8311750173300567, 0.22441449385529016, 0.6108413942790568, -0.46997085235290625, 0.29671118363401794, 0.5769338546223001, 0.023484951259595613, 0.14552308457410668, -0.49179030380441824, -0.40438978702416783, -0.030610573740881816, -0.024107403603081952], [0.10423563808069715, 0.2193826975681074, -0.05177825051090733, 0.6726297791964241, 0.4342229757453983, -0.29671992953710175, 0.046699412285138756, -0.24386293201698694, -0.43585707443561145, 0.7310785831931935, 0.49079204869458587, 0.5649426741099342, -0.693100972639056, 0.033322871118456304]], "inverted": true, "swapped": false, "error_lsq": 0.04518664454822594, "error_max": 0.2783233728562957, "target": "428.xyz", "model": "19.xyz", "model_rescale": 3.9282355846067225, "target_rescale": 4.0600015516238095},
{"mapping": [6, 5, 10, 9, 8, 1, 11, 4, 3, 7, 2, 12, 0, 13], "R": [[0.24342647304441756, 0.05045116013264997, -0.968606335237606], [0.5121958469806687, -0.8547310792767804, 0.08420330429446299], [-0.8236497839233075, -0.516613455650954, -0.233905046725095]], "T": [-0.1036943556410759, 0.05573536572739538, 0.18769373346194673], "aligned_model": [[-0.6589698900497383, -0.7572952071700578, 0.42645191767523727, 0.4668004669112724, 0.09391567719855529, -0.3000051207618325, 0.5294602811580568, 0.020918479842013657, -0.5026809247425784, -0.30111150739696607, -0.32598522080883674, 0.37424378162677685, 0.15361571812703387, -0.08351757947842983], [0.3792289896782425, -0.16894690618577005, -0.6218118195762106, 0.25473005690676515, 0.7722563293932493, -0.4405952608943238, 0.13477862689765013, 0.503488883181822, 0.15509249452019713, -0.16395673613634168, -0.736354504110345, -0.21032812301033552, -0.07369988280235637, -0.061392928504526136], [0.30544351141242343, 0.08762397870497647, 0.14176890828588803, 0.5243858711206344, 0.3494638254958627, -0.3382518805340322, -0.13823653529087082, -0.2405074736590342, -0.4426180527012341, 0.7362004562565794, 0.23124393120291822, 0.8385237436590857, -0.5587880349506046, 0.07973527184968]], "inverted": true, "swapped": false, "error_lsq": 0.05328289157787549, "error_max": 0.36169414796363847, "target": "428.xyz", "model": "20.xyz", "model_rescale": 4.067790424073018, "target_rescale": 4.0600015516238095},
{"mapping": [4, 8, 9, 3, 2, 1, 11, 6, 5, 0, 7, 12, 13, 14], "R": [[0.5695943162524658, -0.5193265228704369, 0.6370732120692159], [-0.6589357288029347, -0.7518249001337601, -0.02372814459260114], [0.49129015886727434, -0.40627488500049297, -0.7704379907675926]], "T": [-0.04922086392845941, 0.00230109263168235, 0.07655376852458617], "aligned_model": [[-0.6601990828849079, -0.6004593251947835, 0.17469333618578536, 0.4792260308476301, -0.23184636121737118, -0.3162668480701159, 0.5705771035124397, 0.06388339388554713, -0.4251896784884461, -0.2521711132264178, -0.4044399908560847, 0.559903207923119, 0.1753511062601804, 0.0027790934539319023], [0.5165883291196998, -0.14193881645836195, -0.7392867546180218, 0.4250503632706153, 0.5528821990421654, -0.6828584537103948, 0.12397431291125444, 0.7118969829286216, 0.04864974867919473, -0.05417958960217653, -0.5865218654232637, -0.30411184439727346, -0.09699826242620217, -0.05065712995813993], [0.008093932981379559, 0.09888993138853125, 0.13948067268836956, 0.5920845146751713, 0.5426334876099785, -0.2875175702113166, -0.06157067175329195, -0.10018898814003277, -0.3761772481054143, 0.7548451206478853, 0.36598571759204035, 0.42597163299337654, -0.5790608845818547, 0.05251787306745009]], "inverted": false, "swapped": false, "error_lsq": 0.04573804532575099, "error_max": 0.261300992838661, "target": "428.xyz", "model": "21.xyz", "model_rescale": 4.186013935880536, "target_rescale": 4.0600015516238095},
{"mapping": [10, 11, 2, 8, 0, 5, 1, 9, 6, 3, 4, 7, 13], "R": [[-0.14414428294395573, 0.24196528351813484, 0.9595182266463527], [-0.9529223344179619, -0.29533434906442074, -0.06867784817622741], [0.2667610358766716, -0.9242458676319216, 0.2731448807928159]], "T": [0.18316095448452244, 0.027055979842187543, 0.042544609940444525], "aligned_model": [[-0.05085514565950175, -0.22300756387495949, 0.2726694995913075, 0.4746505728314191, -0.12666400943447007, 0.5555894734066246, -0.00230243721695933, -0.5630654848914476, 0.30398033364295496, -0.3644523982122063, -0.5583095645769649, 0.2485229973206478, 0.09181776249678078], [-0.5467668769592637, 0.4307892865668065, 0.14049767752655626, -0.5788173226349851, -0.38103227917342863, -0.357415325626264, -0.522962874805528, -0.19949145605194207, 0.6851041087667482, 0.43460250846506804, 0.09603037233427292, 0.2366533745363117, 0.08176546660174137], [-0.596758745539363, -0.5674084133491922, -0.7081378713446034, 0.48383919019073995, 0.5601959686627673, -0.23760164669758804, -0.04830033102035754, -0.02272884619666725, 0.010419764146069571, 0.05183577002625227, 0.5877877084629, 0.5969553137330083, -0.007218299738620246]], "inverted": true, "swapped": true, "error_lsq": 0.05238688284899984, "error_max": 0.41458350677722255, "target": "428.xyz", "model": "22.xyz", "model_rescale": 4.166573947596378, "target_rescale": 4.0600015516238095},
{"mapping": [2, 1, 10, 12, 11, 7, 9, 3, 4, 6, 5, 14, 8, 15], "R": [[0.3728036949243824, -0.2033040919061395, 0.9053644853123786], [0.7315682407413656, -0.5358134444361008, -0.42155884749356765], [0.5708111020200217, 0.8194945997233549, -0.051022415024643275]], "T": [-0.025989245932532296, -0.012435723547545944, 0.10427116281880318], "aligned_model": [[-0.5386949640326918, -0.7253641267430738, 0.40150917996106383, 0.15933361181571384, 0.2487751631546666, -0.08997362362707109, 0.5043942492868697, -0.051251405929685634, -0.46184653878567383, -0.5091293844460117, -0.4170886919162252, 0.5933418518701626, 0.10929491803763514, -0.087459366515172], [0.4115954373295697, -0.14108861015677085, -0.6247745032860721, 0.19055420921022126, 0.6860257519186307, -0.6747091814093298, 0.19393426934737862, 0.5233541754716559, 0.19812681677441063, 0.018518231301413078, -0.7073022876741298, -0.26053749359564987, -0.04995504733452264, -0.04125254853908769], [0.20496704367644863, 0.15348774260139442, 0.047459651741302934, 0.6991088556596633, 0.34665394730437255, -0.15781568170616433, -0.0869196850622956, -0.16723879905614553, -0.4484904044455003, 0.6914041044966215, 0.33935340930183744, 0.529538450784563, -0.6922020856601693, 0.11668097121634387]], "inverted": false, "swapped": false, "error_lsq": 0.0565333578368432, "error_max": 0.4883984959731701, "target": "428.xyz", "model": "23.xyz", "model_rescale": 4.274766983524099, "target_rescale": 4.0600015516238095},
{"mapping": [6, 3, 4, 7, 0, 8, 12, 5, 2, 10, 13], "R": [[0.6494191982206465, -0.7177453337730594, 0.251189850172041], [-0.3590204661840447, 0.0017941291400641879, 0.9333279627020826], [-0.6703424571392177, -0.6963033943243623, -0.25652012242498173]], "T": [-0.013977113673312114, 0.056996795387611, 0.019058130950427514], "aligned_model": [[0.29736852285069604, 0.13608252639826515, -0.4977604721824592, -0.42523181247374486, -0.6637824447026156, -0.6627580261199207, 0.026525454625353106, 0.08633447885205527, 0.7160222774560892, 0.31521972378015356, 0.05187447547420304], [-0.23504924778626513, 0.4614330412482108, 0.6546936506556403, -0.15043119104010788, 0.38233598067780944, -0.12063817918149226, -0.6654508539652028, -0.145154202776562, 0.05892258643929307, 0.5387029865024316, 0.1362219604697283], [-0.49711012782048847, -0.5100678560846316, -0.4913712619881552, -0.3596471583539987, 0.06802659918740633, 0.45987408605151, 0.2302752105154358, 0.5794826752823844, 0.24599901842655011, 0.691615618526342, -0.037510369720777405]], "inverted": false, "swapped": true, "error_lsq": 0.0533948825156112, "error_max": 0.2871515839728951, "target": "428.xyz", "model": "24.xyz", "model_rescale": 3.7841303162186577, "target_rescale": 4.0600015516238095},
{"mapping": [8, 9, 13, 7, 0, 12, 6, 4, 2, 10, 14, 11, 5, 15], "R": [[0.9137365836264462, -0.21928474187062919, 0.34205212720490746], [0.1627053707826912, -0.5739290152622547, -0.802578624035406], [0.3723068869375608, 0.7889991682016086, -0.48874113241677564]], "T": [-0.06389518831203322, 0.06276404849913456, 0.16106781783797053], "aligned_model": [[-0.4704629586143355, -0.5800414702985157, 0.2461203083696894, 0.22866020071106186, -0.13681800751640114, -0.2489376508140919, 0.6100616455503013, 0.17692811270954198, -0.518085225222781, -0.28939615580159883, -0.39263325152500617, 0.5413086218703682, -0.03309107315985463, 0.0022277758721282737], [0.4802110410839504, -0.2093663334260081, -0.6525073340072349, 0.27755366682151905, 0.668452662862168, -0.5260323343681995, 0.2949757142482432, 0.4116756993299965, 0.13521283943364198, -0.15884037621802954, -0.6409924093633379, -0.2660874509355199, -0.16475831984084313, 0.07299215373737085], [0.06157691286585726, 0.12009490787382267, 0.09566721802686612, 0.7005882755731052, 0.5723505845835136, -0.27967021435536493, 0.043227329790310354, -0.45291030918115194, -0.4366408160216748, 0.8719095005523732, 0.32217987859820957, 0.500202906885048, -0.6854683147862324, 0.14287966044759043]], "inverted": false, "swapped": false, "error_lsq": 0.04266273011441366, "error_max": 0.3146805581066584, "target": "428.xyz", "model": "25.xyz", "model_rescale": 4.19342608120988, "target_rescale": 4.0600015516238095},
{"mapping": [2, 5, 12, 3, 6, 11, 7, 9, 8, 10, 0, 13], "R": [[0.8778015505879881, 0.18246398015731824, 0.44291233187897816], [0.4196267325961939, -0.738847902626895, -0.527273346637663], [0.23103645399799289, 0.6486992159151949, -0.7251285983844833]], "T": [-0.025270803227616066, 0.006720500585929863, -0.14193492534203633], "aligned_model": [[-0.23906310076589546, 0.4040911278038566, 0.19876248684662093, -0.5864134572910794, -0.5957885466621138, -0.6499325804000691, -0.09247320214056981, -0.08450228445572941, 0.7147738043407594, 0.30369032514702504, 0.3408855606549605, -0.11622157844598505], [-0.5650213489221638, -0.3972052855667746, -0.5635768481999578, 0.36156486244036357, -0.19993443454287316, -0.14628499511298618, 0.2883346495795849, 0.5532737668257482, 0.16482332133247776, -0.15148442474146392, 0.6338416587389938, 0.03444550591003177], [0.31829229806319637, -0.00966473593689049, -0.5809722104334804, 0.017015643549001425, -0.42558948689882825, 0.3932315172821088, -0.6632331141485635, 0.4150295460599883, -0.4141977389943122, 0.6701615985162888, -0.1979620150926099, -0.07285284075647802]], "inverted": true, "swapped": true, "error_lsq": 0.04480192315921758, "error_max": 0.22582636232789066, "target": "428.xyz", "model": "26.xyz", "model_rescale": 3.795458400668931, "target_rescale": 4.0600015516238095},
{"mapping": [12, 5, 8, 7, 4, 11, 2, 6, 10, 0, 3, 9, 13], "R": [[0.9086818491389989, 0.04920718256690271, 0.4145792448123249], [0.3807571439091443, -0.5049726575590813, -0.7746138473328956], [0.17123461801715598, 0.8617315523418803, -0.4775954745294101]], "T": [-0.07890813280727538, -0.1585570333886765, -0.1157709387512842], "aligned_model": [[0.09667952697140478, 0.2874542166675821, 0.6898921255478673, -0.07923822369937839, -0.17914982551696815, -0.74825653011817, -0.38990112969378016, -0.6533024169638192, 0.1791315244389865, 0.36620732508555554, -0.599080361118256, -0.10123196235088056, -0.16952788642888714], [-0.8594171441627387, -0.539536490065956, -0.17216797401434425, -0.05458837854008616, 0.7072600097786079, -0.06712304282730325, -0.5269158037233022, -0.38682445351214334, -0.0791336561465375, 0.3767305312134555, 0.2833298048221646, 0.5412911975928192, -0.10102309715772162], [-0.3305913233831464, 0.1768660275065278, -0.35146240627874925, -0.7029377828722883, -0.4193141560154624, 0.3778166292370718, 0.4775250736523341, -0.3738830448546694, 0.7326702488850911, -0.3298501692432741, -0.13052755794632254, 0.23373208532233658, -0.06790696191002296]], "inverted": true, "swapped": true, "error_lsq": 0.047436669604054175, "error_max": 0.270624482044906, "target": "428.xyz", "model": "27.xyz", "model_rescale": 3.6321398670334006, "target_rescale": 4.0600015516238095},
