[{"mapping": [2, 7, 9, 6, 8, 11, 5, 1, 3, 13], "R": [[0.20620675513098352, 0.7664777822159685, -0.6082685126715355], [0.9776041352656583, -0.1880941006767748, 0.09439684317857677], [-0.04205863585324765, -0.6141110800660469, -0.7880981236434192]], "T": [0.022103032876127658, 0.25694445366296925, 0.18936419040820113], "aligned_model": [[-0.6478242690883848, -0.045950890566950266, -0.39468896827950867, 0.09212199197204762, 0.40298082159926635, 0.6180938775751147, 0.6632106826428332, -0.012972442948325925, -0.14612200739085043, 0.04173528579577098], [-0.12037802677006387, 0.14250729984045812, 0.5809932068059036, -0.5043550218846763, -0.17267300057900697, 0.36126189814168286, 0.05980640182371366, 0.5614226418877463, -0.102687647349887, 0.2579748750486128], [0.19849661900723653, -0.5547240327242955, -0.3185925057022219, 0.19753352854891693, -0.34067362398876827, -0.1584498758049117, 0.539391089901986, 0.6783497293702623, 0.5293132947546972, 0.027644138675379792]], "inverted": false, "swapped": false, "error_lsq": 0.0505579236457941, "error_max": 0.24389721147194104, "target": "429.xyz", "model": "0.xyz", "model_rescale": 3.8414455957264533, "target_rescale": 3.74903799468952},
{"mapping": [6, 9, 2, 8, 13, 0, 11, 3, 10, 14], "R": [[0.7112908480106681, -0.7027943818053081, -0.012057629914685338], [0.700049643914168, 0.7067617387821221, 0.10207027309318785], [-0.06321254299513158, -0.08104259063335835, 0.9947041132475136]], "T": [0.05407008455131653, 0.1964584780474932, 0.0722972363721661], "aligned_model": [[-0.6949743243727516, -0.06119891556970244, -0.5258558163617291, 0.0015861272538966464, 0.5787393686701597, 0.6290879002460429, 0.7943443090030055, -0.00678427311465038, -0.2258542222484243, 0.0814939278051658], [-0.022341705624491115, -0.08465782061640273, 0.5827480205909678, -0.5915358022993964, -0.24085556904871183, 0.567509165480867, -0.016444713377076675, 0.7474624245315203, -0.09225136584840501, 0.21423999317561118], [0.03934079742100007, -0.5386007618485296, -0.1707481634818035, 0.04754151243685986, -0.25683126004509704, -0.1668539051598225, 0.4368952421588915, 0.6255316172200538, 0.6260754491168357, 0.1559378342198936]], "inverted": true, "swapped": false, "error_lsq": 0.04453883455392667, "error_max": 0.17235925300357052, "target": "429.xyz", "model": "1.xyz", "model_rescale": 4.316132596720782, "target_rescale": 3.74903799468952},
{"mapping": [10, 3, 6, 9, 5, 4, 0, 2, 1, 11], "R": [[-0.6586652559771959, -0.704055854345722, 0.2654532624211091], [-0.2102693159025996, -0.16650659824929853, -0.9633599366432567], [0.722458922955726, -0.6903483951607058, -0.03836923169272893]], "T": [-0.025006181598948705, 0.02105600278799835, 0.08650031898952949], "aligned_model": [[-0.6493687876748422, 0.021170162012434574, -0.37898358370403734, 0.03503384612009878, 0.48732390653069196, 0.4018045303901801, 0.6170525486589475, 0.13546156251366429, -0.08601344712619022, -0.012896656409934416], [-0.04860012406954124, 0.08481810268895146, 0.666682694589397, -0.6978333464647701, -0.262247174107357, 0.6223781437879833, 0.05295637769985301, 0.622572814585985, -0.10909474749785969, 0.1322398857518408], [0.03595174121909008, -0.5652812001915651, -0.2795080642915426, 0.25838633888189744, -0.18371639528823663, -0.13838638584486074, 0.3875933470830842, 0.646101096302067, 0.609889427739152, 0.027258456429196172]], "inverted": false, "swapped": false, "error_lsq": 0.039479291807599, "error_max": 0.20265421528416788, "target": "429.xyz", "model": "2.xyz", "model_rescale": 3.795458400668931, "target_rescale": 3.74903799468952},
{"mapping": [8, 5, 9, 2, 10, 4, 0, 7, 1, 11], "R": [[-0.32469685020971994, 0.5003038127091504, -0.8026630989727723], [0.9452449448499014, 0.20118970194727404, -0.25697217371940173], [0.032923391374432454, -0.8421512921198036, -0.5382353123693684]], "T": [0.015565260974392571, 0.03064360716350706, 0.07060830824520854], "aligned_model": [[-0.737679883162823, -0.019100089940088515, -0.44310882584095695, 0.1474021464006485, 0.5610868079661974, 0.5097062678562325, 0.6146835618415772, -0.05269853878447547, -0.1120811240492395, 0.10237375902394064], [0.08936279327585267, 0.16538971155985713, 0.6846105012150256, -0.7243446916196565, -0.2316030814220641, 0.38677903559249954, 0.10983349402761346, 0.6852011628626158, -0.21223003533518717, 0.11087373680792581], [0.2699490894399868, -0.6182069183179155, -0.2707126937104115, 0.08896629714887874, -0.34489578498822004, -0.12925903590859739, 0.5675933860495714, 0.45816057121842535, 0.6371660159233113, 0.13952743518325236]], "inverted": false, "swapped": false, "error_lsq": 0.04845448090806171, "error_max": 0.23632525912942046, "target": "429.xyz", "model": "3.xyz", "model_rescale": 3.7530521520055578, "target_rescale": 3.74903799468952},
{"mapping": [5, 9, 3, 8, 6, 4, 0, 1, 7, 10], "R": [[0.0751220530967727, 0.9750442538032749, -0.20891476794075847], [-0.55415852661058, 0.2149972967929815, 0.8041669539072731], [0.8290144778731654, 0.05536122737914978, 0.5564801254130801]], "T": [0.016707680419583336, 0.20440921310436047, 0.028571526114892914], "aligned_model": [[-0.6488404580230508, -0.17828157259170088, -0.4322685760759836, -0.004745549699407249, 0.5925567895756749, 0.6734720731458713, 0.6937415580175175, -0.19017763378400396, -0.026381862756002038, 0.09150931350209762], [0.010077489569303905, 0.025288940658984543, 0.7373961836022453, -0.7114672265056641, -0.24077134695607974, 0.3819076195036165, 0.17616344525069255, 0.6811131332910075, -0.20877152060735213, 0.21293590915772792], [0.22051057538196978, -0.44814525359020796, -0.2786987058914222, -0.018221618028530867, -0.1000660075536575, -0.24867520981569494, 0.49872861789698086, 0.6242876582242374, 0.4605158664086132, 0.08805243900599381]], "inverted": true, "swapped": false, "error_lsq": 0.05552738576303613, "error_max": 0.2270350144692257, "target": "429.xyz", "model": "4.xyz", "model_rescale": 3.7855080009869324, "target_rescale": 3.74903799468952},
{"mapping": [10, 3, 5, 15, 14, 1, 13, 6, 8, 16], "R": [[-0.032650720807781974, 0.7786984407435249, -0.6265482174696021], [0.9825567709673511, 0.13983538885569646, 0.12258978689021804], [0.183074089529199, -0.6116165485066437, -0.7696811517348439]], "T": [0.13036171810443936, 0.20725368938462208, 0.04211469835555187], "aligned_model": [[-0.5376781582935235, -0.17196938988294008, -0.5040999916356232, 0.00746325946574343, 0.4981527753862464, 0.5767405409705741, 0.5219945581771932, 0.1587764036048562, -0.12766914574032479, 0.14887322925881125], [-0.08327953016632561, 0.13763030955699523, 0.579311721813561, -0.5804503819693559, -0.30322820008301843, 0.752181836900236, -0.04587701814793954, 0.5619461524405878, -0.12191395323926824, 0.16755168985901037], [0.058771407329418046, -0.5793071322263339, -0.29572313848059467, 0.2512471241590506, -0.2065525034261619, -0.23519956296401184, 0.5965659607366671, 0.5893467609817904, 0.6081346717810274, 0.011004774147430566]], "inverted": true, "swapped": false, "error_lsq": 0.04704645727215456, "error_max": 0.20207886094841895, "target": "429.xyz", "model": "5.xyz", "model_rescale": 4.2253639853439635, "target_rescale": 3.74903799468952},
{"mapping": [5, 9, 12, 10, 1, 0, 4, 3, 2, 13], "R": [[0.1325765210811962, -0.3181613081937923, -0.9387208573513333], [0.9021006803587058, -0.35365553895504076, 0.24726933142381413], [-0.41065536469692876, -0.8796028318137878, 0.24012711156968108]], "T": [-0.056745454428608184, 0.11581465672453135, 0.021534365213528223], "aligned_model": [[-0.5269016045075187, 0.08521123469901348, -0.4944572288896639, -0.023312263178947863, 0.5370679522404255, 0.512565098709622, 0.5119568289233105, 0.1262829844282815, -0.11544509082902676, -0.04238383028448331], [-0.24269418812375776, 0.16080636152812364, 0.8381852167587858, -0.6380424859293395, -0.2607325364071706, 0.6208001131499448, 0.00025203864619427474, 0.5502774636627034, -0.1139755126834011, 0.14899615636239988], [0.24773310340454324, -0.5704288704659972, -0.37587341146300246, 0.21925665677860215, -0.18894991297137595, -0.23132494786562044, 0.42666928893613243, 0.5513948493556811, 0.6491667757590363, 0.07064483057028281]], "inverted": false, "swapped": false, "error_lsq": 0.05092255898287494, "error_max": 0.2762456017113738, "target": "429.xyz", "model": "6.xyz", "model_rescale": 3.89814844738969, "target_rescale": 3.74903799468952},
{"mapping": [7, 2, 0, 11, 10, 5, 9, 6, 8, 12], "R": [[-0.4020100029045537, 0.9141670575325103, 0.051831925364904274], [-0.4248926759598861, -0.13610636724508576, -0.8949532226384759], [-0.8110820990999175, -0.3818031531007805, 0.4431390084408885]], "T": [-0.10856981551793735, 0.1171107621474076, 0.02992298068010646], "aligned_model": [[-0.7293745193523461, 0.08741573079218734, -0.43333176891930614, -0.009014058432041477, 0.47680503010413466, 0.5424570312560839, 0.6919700331354877, 0.04921773014642733, -0.08937335708040577, -0.016187770339208776], [-0.07982170777114136, 0.18335079205329657, 0.5815485646218459, -0.6346068316904662, -0.17137550626651707, 0.5385339788986372, 0.030357492981805706, 0.6197271113139513, -0.041870974678416384, 0.03802970750148646], [0.1141476892566742, -0.6473877077019354, -0.14281262284143342, 0.31338317112783354, -0.3062549872203358, -0.0038870945541989166, 0.41664730114837767, 0.45401701154058605, 0.6872228176297549, -0.08678721634704128]], "inverted": false, "swapped": false, "error_lsq": 0.050402245811509795, "error_max": 0.247982184740084, "target": "429.xyz", "model": "7.xyz", "model_rescale": 3.7474275329858107, "target_rescale": 3.74903799468952},
{"mapping": [0, 2, 1, 5, 8, 4, 9, 12, 7, 14], "R": [[0.6347449952764563, -0.30005926169683905, 0.7120837243199983], [0.5620451256311029, 0.8116853237932355, -0.15897236204129367], [-0.5302867787582578, 0.5011300974882851, 0.683860042454282]], "T": [-0.011879332947672842, 0.16746541719782904, 0.19584598671094539], "aligned_model": [[-0.6523902033918886, 0.014990535951234181, -0.48300203255653745, 0.1424838385081426, 0.4510922730432866, 0.5581784201161926, 0.5873289978652299, -0.08821933383682906, 0.035701239163325245, 0.0044203464488568045], [0.044645516122122655, 0.27441571016175403, 0.5409614594059395, -0.5317371047797143, -0.13923793332516232, 0.39863380927492587, -0.17222195411564145, 0.7125088801720338, -0.27131387111314176, 0.20721811516136623], [0.10164230116994216, -0.6386773148391864, -0.25509295418680555, 0.21343315761001994, -0.20013464751331478, -0.2877046089062996, 0.5212723318997728, 0.47466931165469134, 0.7145814272111346, 0.15429935793832739]], "inverted": false, "swapped": false, "error_lsq": 0.05187932918456134, "error_max": 0.21631159243764136, "target": "429.xyz", "model": "8.xyz", "model_rescale": 4.019505241142653, "target_rescale": 3.74903799468952},
{"mapping": [5, 2, 6, 4, 0, 1, 7, 9, 8, 12], "R": [[0.8790400147946349, 0.4765521005279022, 0.013665572519743013], [0.4611593551625215, -0.8426778990261024, -0.2778956776184929], [-0.1209160929567916, 0.25058342717625637, -0.9605140522078095]], "T": [-0.02149675066157008, 0.22938945006434236, 0.01760074722930688], "aligned_model": [[-0.5909027959708347, -0.028828262559100953, -0.5561248325018505, 0.06980850772698749, 0.46124507297072287, 0.507137961404941, 0.5949317650935938, 0.1696124654947611, -0.001130840792670923, -0.055164959555536595], [-0.12551086966913666, 0.1099692484138877, 0.5977778734549405, -0.5763394349624429, -0.18138969085280326, 0.6105148727905978, -0.23131763849579096, 0.5856691519302332, 0.06041917224628654, 0.21407994210871015], [-0.0010335695087795305, -0.5617585770140501, -0.3087803514673993, 0.19097601901629774, -0.12685307644673782, -0.1601464201761018, 0.49441187712250373, 0.5688557725750243, 0.6711841055818606, 0.031432582355664096]], "inverted": true, "swapped": false, "error_lsq": 0.051036169246891736, "error_max": 0.21822103275714974, "target": "429.xyz", "model": "9.xyz", "model_rescale": 3.877068213659057, "target_rescale": 3.74903799468952},
{"mapping": [3, 7, 1, 13, 9, 8, 10, 12, 6, 15], "R": [[0.3356837591200281, -0.9372592215152178, -0.094135888733974], [-0.19452214201761714, -0.16675382501858596, 0.9666200381259167], [-0.921671063952821, -0.30616713332158796, -0.23829422222478674]], "T": [0.04383528338118167, 0.07059948999641358, 0.08513525559067563], "aligned_model": [[-0.5489417676668664, -0.07337585814372957, -0.3598142707243994, -0.06529370159147832, 0.6498548765688472, 0.4911639057378526, 0.5851929099473278, -0.09788907609256964, -0.05600887653097829, 0.045695939807006605], [-0.034637360823089255, 0.1943243527891993, 0.6800328316728363, -0.6889358180685585, -0.07327154948115894, 0.4758392010027772, -0.0224691292716703, 0.5142057005494576, -0.1408455815816146, 0.15962998017630367], [0.2858886259449454, -0.7131380535247813, -0.3823737279881522, 0.17913247047045838, -0.13323754622299394, -0.39549018698603566, 0.5340015293583531, 0.6693637653401171, 0.6557723561735639, 0.09836912947280677]], "inverted": true, "swapped": false, "error_lsq": 0.04819380427657873, "error_max": 0.21263192781517404, "target": "429.xyz", "model": "10.xyz", "model_rescale": 4.260839863003843, "target_rescale": 3.74903799468952},
{"mapping": [10, 8, 7, 4, 2, 1, 3, 0, 5, 11], "R": [[0.4561551753402661, 0.8013758986139451, 0.38693555681919883], [-0.8378496173667264, 0.2402275396356043, 0.4902027620067587], [0.29988410209399546, -0.5478023350820226, 0.78101352548465]], "T": [-0.0186530702996378, 0.05931621046676694, 0.04874758381199971], "aligned_model": [[-0.6246593349120092, -0.0863824500883991, -0.3157038068415958, -0.0010764857764991517, 0.559530886039679, 0.5109109619838065, 0.5671263989023767, 0.020955254351898635, -0.05493181991393547, -0.005185522434309276], [-0.10109814904438202, 0.08658440434135778, 0.6309219462576073, -0.6608360211292512, -0.2066997406018165, 0.5081047248109332, 0.07943580464740763, 0.7971190419762203, -0.18901877180404317, 0.1193593875104492], [0.02984169702007531, -0.6655930798597464, -0.0722208914744884, 0.17979980853557118, -0.20678314340165885, -0.15475044626629633, 0.44911077743021843, 0.5221527294219306, 0.6761425879002355, 0.04058832273244097]], "inverted": true, "swapped": false, "error_lsq": 0.0406756425361929, "error_max": 0.2359112491232413, "target": "429.xyz", "model": "11.xyz", "model_rescale": 3.890672605050136, "target_rescale": 3.74903799468952},
{"mapping": [7, 8, 3, 5, 6, 1, 11, 4, 12, 13], "R": [[0.4295036040271974, -0.5881248326402387, 0.6852998142123927], [-0.891354244122807, -0.15427395877226951, 0.42624776495483463], [-0.14496298014289127, -0.7939198491514263, -0.5904887869481253]], "T": [0.24337806434402534, 0.08198474734775009, 0.11272003808237138], "aligned_model": [[-0.5920187099781917, -0.09527522098967453, -0.45362930678164526, -0.1764529766076339, 0.6314194551046497, 0.7129693052920131, 0.6870965744136787, -0.04563854298955153, -0.19112564430772114, 0.09323914815508885], [-0.07257364344389027, -0.009152205506056846, 0.5981524253473559, -0.5723503008148729, -0.09560040431194221, 0.6186982455081534, 0.06800085256503827, 0.6259560697521224, -0.20020433729925835, 0.10294592516783278], [0.18474852941972283, -0.5167234097311296, -0.20479344003629432, 0.0890615589570368, -0.2745082368513193, -0.19827992607773912, 0.43780540902902776, 0.4468182944564044, 0.6481712444672619, 0.18598833840531073]], "inverted": true, "swapped": false, "error_lsq": 0.04581887993965623, "error_max": 0.2293659573330042, "target": "429.xyz", "model": "12.xyz", "model_rescale": 4.124412569039231, "target_rescale": 3.74903799468952},
{"mapping": [8, 3, 9, 1, 0, 5, 4, 10, 2, 12], "R": [[0.2480331172340299, -0.7432831692160824, 0.6212967914895963], [0.3373013979675228, -0.5349463669220103, -0.7746354958598896], [0.9081339877376714, 0.40169953308043416, 0.11802603712163001]], "T": [0.025125121559097373, 0.17604212797742474, -0.0569070848788923], "aligned_model": [[-0.5867766517278176, -0.011909838570954297, -0.4976484640281688, -0.059678578880228685, 0.4899081683017126, 0.6872907644366524, 0.583314396989477, 0.026227750706857282, -0.0890035195486732, 0.028860053632156178], [-0.028602511232794225, 0.0633273174959922, 0.47202564217440657, -0.6124952696327945, -0.07773075482292768, 0.5438309723504593, -0.025550837278073668, 0.6183767642639293, -0.09855121023334351, 0.20924251387962867], [0.2570879985050531, -0.760239978317147, -0.27540836527841434, 0.1271619344335188, -0.2942748097487153, -0.060636216079950636, 0.4589041838071749, 0.5338115673132993, 0.7517762063656351, 0.06010584103782787]], "inverted": false, "swapped": false, "error_lsq": 0.04883522224536646, "error_max": 0.22381622068997464, "target": "429.xyz", "model": "13.xyz", "model_rescale": 3.9028299243045295, "target_rescale": 3.74903799468952},
{"mapping": [8, 13, 12, 4, 10, 14, 7, 1, 3, 15], "R": [[-0.5561471155843639, 0.1951630642594222, 0.807843898396259], [-0.02667037674630901, 0.9673448234558273, -0.2520569053555657], [-0.8306558112909357, -0.16172622199905404, -0.532780960889661]], "T": [-0.05839517255455604, 0.13834084526160575, 0.21890592676211168], "aligned_model": [[-0.7833208304770066, -0.013726700221441936, -0.37455606641765304, 0.05489490209327071, 0.4944507351421007, 0.524566604045354, 0.7670704906773814, -0.14291040671852664, -0.006390018730005768, 0.050505371917540225], [-0.008838159960611797, 0.19063052243129258, 0.5601000430156798, -0.5284761917535721, -0.1721813966670603, 0.5237850220808121, -0.16458026795068378, 0.713203381379759, -0.20457693371647398, 0.15480660810534078], [-0.003193804136250006, -0.5735092857598021, -0.2354086748768997, 0.1755046362824778, -0.1726166672980895, -0.3239006744897464, 0.43678936769431126, 0.5097478004749941, 0.7369718550710258, 0.24790380907626067]], "inverted": false, "swapped": false, "error_lsq": 0.04700971274988023, "error_max": 0.18954058802967155, "target": "429.xyz", "model": "14.xyz", "model_rescale": 3.942246331269136, "target_rescale": 3.74903799468952},
{"mapping": [13, 8, 11, 12, 0, 7, 5, 10, 3, 14], "R": [[-0.188910610180006, 0.3325590562377476, -0.9239682112906681], [0.5469702021070062, 0.817072393166568, 0.18225340142800728], [0.8155589367841166, -0.47095347799895926, -0.3362535385572102]], "T": [0.0892161596220511, 0.19482971899347068, 0.17456675247949013], "aligned_model": [[-0.6462662551221589, 0.01668679480429658, -0.470179333334366, -0.1885576061095473, 0.5393124189450087, 0.6725929898895081, 0.5760440171000414, -0.09518045202564002, 0.020902346624163043, 0.14522916053970725], [-0.1319954955836662, 0.19151609439900416, 0.5332880092234322, -0.572925229960015, -0.15268465248634883, 0.5025194135214776, 0.02809004903648582, 0.77532474289173, -0.23253848342236216, 0.12327817934474541], [0.05975933449637061, -0.5958678245086999, -0.11976926789723566, 0.1362218494092495, -0.2916570154975665, -0.36947188026399036, 0.5460180653525767, 0.5460824760839856, 0.7483590258835472, 0.13861359898004502]], "inverted": false, "swapped": false, "error_lsq": 0.048824434593099056, "error_max": 0.223692862733357, "target": "429.xyz", "model": "15.xyz", "model_rescale": 4.355366556412066, "target_rescale": 3.74903799468952},
{"mapping": [10, 3, 6, 9, 5, 4, 0, 2, 1, 11], "R": [[-0.6586652559771959, -0.704055854345722, 0.2654532624211091], [-0.2102693159025996, -0.16650659824929853, -0.9633599366432567], [0.722458922955726, -0.6903483951607058, -0.03836923169272893]], "T": [-0.025006181598948705, 0.02105600278799835, 0.08650031898952949], "aligned_model": [[-0.6493687876748422, 0.021170162012434574, -0.37898358370403734, 0.03503384612009878, 0.48732390653069196, 0.4018045303901801, 0.6170525486589475, 0.13546156251366429, -0.08601344712619022, -0.012896656409934416], [-0.04860012406954124, 0.08481810268895146, 0.666682694589397, -0.6978333464647701, -0.262247174107357, 0.6223781437879833, 0.05295637769985301, 0.622572814585985, -0.10909474749785969, 0.1322398857518408], [0.03595174121909008, -0.5652812001915651, -0.2795080642915426, 0.25838633888189744, -0.18371639528823663, -0.13838638584486074, 0.3875933470830842, 0.646101096302067, 0.609889427739152, 0.027258456429196172]], "inverted": false, "swapped": false, "error_lsq": 0.039479291807599, "error_max": 0.20265421528416788, "target": "429.xyz", "model": "16.xyz", "model_rescale": 3.795458400668931, "target_rescale": 3.74903799468952},
{"mapping": [7, 2, 0, 11, 10, 5, 9, 6, 8, 12], "R": [[-0.4020100029045537, 0.9141670575325103, 0.051831925364904274], [-0.4248926759598861, -0.13610636724508576, -0.8949532226384759], [-0.8110820990999175, -0.3818031531007805, 0.4431390084408885]], "T": [-0.10856981551793735, 0.1171107621474076, 0.02992298068010646], "aligned_model": [[-0.7293745193523461, 0.08741573079218734, -0.43333176891930614, -0.009014058432041477, 0.47680503010413466, 0.5424570312560839, 0.6919700331354877, 0.04921773014642733, -0.08937335708040577, -0.016187770339208776], [-0.07982170777114136, 0.18335079205329657, 0.5815485646218459, -0.6346068316904662, -0.17137550626651707, 0.5385339788986372, 0.030357492981805706, 0.6197271113139513, -0.041870974678416384, 0.03802970750148646], [0.1141476892566742, -0.6473877077019354, -0.14281262284143342, 0.31338317112783354, -0.3062549872203358, -0.0038870945541989166, 0.41664730114837767, 0.45401701154058605, 0.6872228176297549, -0.08678721634704128]], "inverted": false, "swapped": false, "error_lsq": 0.050402245811509795, "error_max": 0.247982184740084, "target": "429.xyz", "model": "17.xyz", "model_rescale": 3.7474275329858107, "target_rescale": 3.74903799468952},
{"mapping": [0, 2, 1, 4, 9, 7, 5, 3, 8, 13], "R": [[-0.36304594431919274, 0.3873066141429862, 0.8474616386329719], [-0.4286499301928531, 0.7381368646590579, -0.5209733259745243], [-0.8273190918013726, -0.5524016253346761, -0.10195864195133453]], "T": [0.17941904350880744, 0.2143294371431528, 0.1087309151913016], "aligned_model": [[-0.5843928039755302, -0.13650875066873092, -0.2866242625400531, 0.06361152632047373, 0.5653266865713771, 0.533340693912022, 0.6305557912152684, -0.17517819087428133, -0.14812239455537135, 0.10857578590583847], [-0.10880469140706325, 0.12308038526243059, 0.6801515010376863, -0.5909742760899367, -0.2112676320288522, 0.6298206908544148, -0.1804203929211365, 0.5998445504794793, -0.048739492349398644, 0.1711819841268589], [0.0023439451737061467, -0.5203127742346927, -0.10182040512220777, 0.273959152597253, -0.2342947275734443, -0.410427794166064, 0.5135372185060417, 0.5402724312316223, 0.6921396877557813, 0.042891627870286164]], "inverted": false, "swapped": false, "error_lsq": 0.049846270474985646, "error_max": 0.22700549644657894, "target": "429.xyz", "model": "18.xyz", "model_rescale": 3.922800546911778, "target_rescale": 3.74903799468952},
{"mapping": [5, 8, 1, 12, 13, 4, 7, 2, 3, 14], "R": [[0.7228891413202564, -0.2267497447544478, 0.652698891231673], [0.49399821360903645, -0.49086201245051037, -0.7176491132051346], [0.48311184451671585, 0.8412128375071484, -0.2428248498420801]], "T": [0.07097845620582625, 0.23051187544506946, 0.05479581197523323], "aligned_model": [[-0.567950180743383, -0.06896439675253176, -0.5061979809165087, 0.01778268923400665, 0.5703203790468712, 0.5823051766998526, 0.5323396401224937, -0.031745705917211556, -0.07951279049943875, 0.12220725103686204], [-0.17950104405173117, 0.06293127749790667, 0.6779463582854552, -0.5464920090154587, -0.1546205080890628, 0.5050658548671896, -0.18740527655983208, 0.7437587771144453, -0.04867677185852465, 0.19086596877409495], [-0.023901855827890756, -0.5168014195778645, -0.06625280607540676, 0.16456474417393618, -0.21749895122617566, -0.37767642572849136, 0.5554974507720105, 0.5438298877109554, 0.6102733789993117, 0.12625435881789682]], "inverted": false, "swapped": false, "error_lsq": 0.04636860789933365, "error_max": 0.21227158009606614, "target": "429.xyz", "model": "19.xyz", "model_rescale": 3.9282355846067225, "target_rescale": 3.74903799468952},
{"mapping": [0, 2, 10, 3, 5, 7, 6, 9, 4, 13], "R": [[-0.572596349461324, -0.5995846010114678, 0.5591348020052811], [-0.5511657268685068, -0.22335286279224853, -0.8039464162542289], [0.6069182499390477, -0.7685127226744046, -0.20257944855907173]], "T": [0.11465117853715245, 0.19894961448598406, 0.1939452976761284], "aligned_model": [[-0.5884703685116188, 0.09016114842840696, -0.4726950365628304, 0.014800871215404132, 0.4545695313382279, 0.5534090146097453, 0.6723196924644741, -0.019057321451415865, -0.1333288212760752, -0.0011246289433054085], [-0.18289775783253623, 0.2171803237564024, 0.6076853409169928, -0.5469232344287597, -0.25500436015520356, 0.5243225376171212, -0.1149719142738703, 0.7835798873379842, -0.11769155123021627, 0.1485933552565678], [0.19083683728187584, -0.6293311382945899, -0.28583994442507027, 0.20160548834695907, -0.2135733578294371, -0.10559067438335173, 0.32548676038744606, 0.5385527647072239, 0.681400051275198, 0.0947415749720274]], "inverted": true, "swapped": false, "error_lsq": 0.04677352164492245, "error_max": 0.21564626038915705, "target": "429.xyz", "model": "20.xyz", "model_rescale": 4.067790424073018, "target_rescale": 3.74903799468952},
{"mapping": [13, 8, 1, 6, 2, 0, 3, 12, 11, 14], "R": [[0.15962499411338404, -0.6520238412673959, -0.7412049457965135], [0.8238153992789486, 0.5016805918295828, -0.26390295885492987], [0.5439191568286315, -0.5684905401151631, 0.6172280426506895]], "T": [-0.01898302289273631, 0.11738954022424075, -0.01835093095613327], "aligned_model": [[-0.6680220233002526, -0.033112461526123814, -0.6163407310901056, 0.10027411866403568, 0.6366518395601864, 0.5871494610508698, 0.6000625835362052, 0.15116090164582827, -0.12273841848126624, -0.06450118874836454], [-0.047783326336722554, 0.23584983604118026, 0.5854516690970912, -0.597863161368423, -0.20471288105382113, 0.4349513216730772, -0.039061482428614264, 0.5633399332441401, -0.024473690343182752, 0.15817440843975733], [0.1855848559456374, -0.5759667610792766, -0.330419374171754, 0.12912181143199736, -0.16017789906191812, -0.20865583470891275, 0.543832874682841, 0.5809763242272935, 0.6038563461456296, 0.03013601862674438]], "inverted": false, "swapped": false, "error_lsq": 0.04874941843681365, "error_max": 0.20610821111730657, "target": "429.xyz", "model": "21.xyz", "model_rescale": 4.186013935880536, "target_rescale": 3.74903799468952},
{"mapping": [4, 9, 11, 7, 1, 2, 0, 5, 6, 12], "R": [[-0.01482653029384795, 0.120578671621629, -0.9925930475020511], [0.9619796190772598, 0.27247818805085267, 0.01873097745699101], [0.27271851143517145, -0.9545765663300602, -0.12003413070496538]], "T": [-0.009502905327404047, 0.147633429575046, 0.011842301565336], "aligned_model": [[-0.651957930235453, 0.006975437270616988, -0.4900612701648153, -0.03790640203822098, 0.578989667812316, 0.5581456639498944, 0.5504064978257612, 0.20073622308747557, -0.10001663388397547, -0.04472717231258635], [-0.13992329738167403, 0.046165146181803784, 0.5320319898362434, -0.5843988176442984, -0.2677273856744669, 0.6186389004004722, 0.021801155081483253, 0.7449694646323106, -0.06558016738057237, 0.1578956389131807], [0.1912268564211046, -0.6004349329688112, -0.13052125966355185, 0.05241039600479154, -0.11573167872452261, -0.06317870292637992, 0.45054053493631097, 0.45628346327324326, 0.5180044060666797, 0.03968927961941733]], "inverted": false, "swapped": false, "error_lsq": 0.05254764995487573, "error_max": 0.25092034883954584, "target": "429.xyz", "model": "22.xyz", "model_rescale": 4.166573947596378, "target_rescale": 3.74903799468952},
{"mapping": [3, 0, 2, 8, 7, 5, 10, 12, 9, 15], "R": [[0.5154797733241414, -0.6192367682980859, -0.5923060257007643], [-0.4603010754816021, -0.7831255112499638, 0.41813556837461624], [-0.7227748772641259, 0.057098672639787046, -0.6887207114488442]], "T": [-0.016465400614954627, 0.20605932743012997, 0.17400096353634947], "aligned_model": [[-0.5852692255130808, 0.14708623071141672, -0.5163782712893499, -0.09673591576487403, 0.5564650963592641, 0.6073178639421108, 0.6533980595862086, -0.0617611860439519, -0.1335558751952814, 1.7304518550833453e-05], [0.013976633119539783, -0.058429795709782045, 0.5266336837642409, -0.584394678740246, -0.07502044742438238, 0.5020191318526845, -0.060272159105325934, 0.7078864173067267, -0.1458924040244645, 0.2373662459254913], [0.20551444229878632, -0.5810170034479982, -0.1424298234995321, 0.022943859274564327, -0.14869774029561061, -0.2889938682123849, 0.37720459802947903, 0.5929272326071411, 0.6460909610694054, 0.11474570421443109]], "inverted": true, "swapped": false, "error_lsq": 0.04935367543372453, "error_max": 0.2316001635728553, "target": "429.xyz", "model": "23.xyz", "model_rescale": 4.274766983524099, "target_rescale": 3.74903799468952},
{"mapping": [3, 6, 0, 5, 7, 8, 9, 1, 4, 10], "R": [[0.5321781764697353, 0.27243415859360115, 0.8016021567590399], [0.7855186887202729, 0.19431235568033003, -0.5875398693715557], [-0.3158271333507162, 0.9423493713381244, -0.11059332790955974]], "T": [-0.025278177852727755, 0.15829740847340312, 0.05357333508971], "aligned_model": [[-0.550801986225942, -0.11345240059814002, -0.39945321589141086, -0.06301632439890684, 0.49987906309998104, 0.5387200708399554, 0.669733089796966, 0.025757311484553937, -0.04811427420907135, 0.011332747413027679], [-0.0397543475166747, -0.03622840797723803, 0.7624404250261941, -0.6566951901862425, -0.18743597610421298, 0.45801029842341545, 0.2369038441186032, 0.5563503872658203, -0.24829620839451283, 0.21857780230933005], [0.028783970957495346, -0.5862704499814294, -0.14933945065700455, 0.02900007650302311, -0.021996338359650022, -0.3166823694899154, 0.5418824811809957, 0.5673170313103033, 0.6208834357718578, 0.0847099748026059]], "inverted": false, "swapped": false, "error_lsq": 0.05086003890404248, "error_max": 0.26525717047631553, "target": "429.xyz", "model": "24.xyz", "model_rescale": 3.7841303162186577, "target_rescale": 3.74903799468952},
{"mapping": [7, 6, 11, 1, 4, 3, 2, 14, 8, 15], "R": [[-0.5077178648819209, -0.6765061845909252, 0.5334434851884244], [0.047375584072241905, 0.5963256546152484, 0.8013434143246636], [-0.8602198112770698, 0.43212856403844063, -0.2707153125120887]], "T": [-0.019157762694179896, 0.16609376768609327, 0.22713160294539353], "aligned_model": [[-0.6150261306121699, -0.02140914038756924, -0.39298091306045024, 0.03551689411001669, 0.5099057114919809, 0.4116069938344147, 0.6202750355874364, -0.047664250038047855, 0.0816836075511232, -0.011323727165721463], [0.06275397380321876, 0.05347152968050785, 0.6332747541476189, -0.5703639970100295, -0.1893293143383021, 0.4737338129130194, -0.047173679180252115, 0.8083382525564832, -0.32751187575742935, 0.16667917014964742], [-0.011756101248972861, -0.48654732700008557, -0.2539356972338627, 0.1395129033126258, -0.16077381839427368, -0.38015845521362707, 0.5654150942896715, 0.6918986027888021, 0.5363924482630941, 0.15824071247491045]], "inverted": false, "swapped": false, "error_lsq": 0.04976938895043738, "error_max": 0.24987998714718465, "target": "429.xyz", "model": "25.xyz", "model_rescale": 4.19342608120988, "target_rescale": 3.74903799468952},
{"mapping": [10, 3, 6, 9, 5, 4, 0, 2, 1, 11], "R": [[-0.6586652559771959, -0.704055854345722, 0.2654532624211091], [-0.2102693159025996, -0.16650659824929853, -0.9633599366432567], [0.722458922955726, -0.6903483951607058, -0.03836923169272893]], "T": [-0.025006181598948705, 0.02105600278799835, 0.08650031898952949], "aligned_model": [[-0.6493687876748422, 0.021170162012434574, -0.37898358370403734, 0.03503384612009878, 0.48732390653069196, 0.4018045303901801, 0.6170525486589475, 0.13546156251366429, -0.08601344712619022, -0.012896656409934416], [-0.04860012406954124, 0.08481810268895146, 0.666682694589397, -0.6978333464647701, -0.262247174107357, 0.6223781437879833, 0.05295637769985301, 0.622572814585985, -0.10909474749785969, 0.1322398857518408], [0.03595174121909008, -0.5652812001915651, -0.2795080642915426, 0.25838633888189744, -0.18371639528823663, -0.13838638584486074, 0.3875933470830842, 0.646101096302067, 0.609889427739152, 0.027258456429196172]], "inverted": false, "swapped": false, "error_lsq": 0.039479291807599, "error_max": 0.20265421528416788, "target": "429.xyz", "model": "26.xyz", "model_rescale": 3.795458400668931, "target_rescale": 3.74903799468952},
{"mapping": [0, 7, 3, 6, 5, 10, 8, 9, 1, 12], "R": [[0.4181675532993935, -0.6097021775540501, -0.6733492051331527], [-0.186074698035387, -0.7830479627024504, 0.5934745949563313], [-0.8891074761347126, -0.12287856930071829, -0.44089539925924626]], "T": [0.10588457313475802, 0.2815617917622858, 0.2592599794482019], "aligned_model": [[-0.6459543032005388, -0.029366432724890007, -0.39238443863480554, 0.14886247503675448, 0.4785046429098427, 0.46054534888943427, 0.628736002776201, -0.08409085932643257, -0.07497147561804582, 0.08070312120349271], [0.022051509741841058, 0.12530501130503965, 0.6187972540689355, -0.5404204151284359, -0.19069096022250498, 0.499762840477092, -0.1597639912341458, 0.5808039147594198, -0.10547616603593468, 0.21350362923317565], [0.017049513841404906, -0.5265511191018919, -0.168614761242178, 0.1985548628679063, -0.19350054193571598, -0.31891859589862126, 0.5094791751360188, 0.5016187568852074, 0.6689499590719846, 0.11022111241416652]], "inverted": true, "swapped": false, "error_lsq": 0.04132302905349154, "error_max": 0.21307032056230396, "target": "429.xyz", "model": "27.xyz", "model_rescale": 3.6321398670334006, "target_rescale": 3.74903799468952},
{"mapping": [11, 3, 1, 10, 8, 7, 12, 6, 9, 14], "R": [[0.6013487137463289, 0.5384608467880245, 0.5902877611402422], [0.4834600586600555, -0.8334198812680952, 0.2677268630292637], [0.636117989178149, 0.12438335090918694, -0.7615002861854686]], "T": [-0.05129505721840585, 0.1111160104568705, 0.012477129054212832], "aligned_model": [[-0.5861284006112226, 0.09326439779530163, -0.3953607720148248, -0.0735937090956055, 0.3855109119777516, 0.61156928783908, 0.6660410853071315, 0.054703119658637174, -0.08528721317818119, -0.1001346263670552], [-0.18634810422734635, 0.21516464822517517, 0.6211775548291887, -0.6581156602209882, -0.1493923202694081, 0.4211855338712921, 0.1834787662775846, 0.5948943089468337, -0.1286856437943006, 0.15051354332645164], [0.20739821998361865, -0.6507245935814819, -0.2496739743202716, 0.1240882393757936, -0.07898636470901807, -0.24316937435414676, 0.4170784402935156, 0.6113346927116033, 0.6353028359512847, 0.02564024068738417]], "inverted": false, "swapped": false, "error_lsq": 0.05075249031901573, "error_max": 0.23604219465073156, "target": "429.xyz", "model": "28.xyz", "model_rescale": 4.156811204709835, "target_rescale": 3.74903799468952},
{"mapping": [2, 8, 3, 6, 7, 4, 5, 1, 0, 9], "R": [[0.5672515010829752, 0.31675590133174075, -0.7601917083806087], [-0.6493842844661943, 0.7397334788261289, -0.1763361318395132], [0.506483746636988, 0.5936834840850046, 0.6253112306022096]], "T": [-0.004159602213393843, 0.19275448847947502, -0.008813564484007622], "aligned_model": [[-0.5596426393838636, 0.010287084220900633, -0.5715360005097243, -0.1687936765655437, 0.5477987295976607, 0.6864306949685338, 0.5452445946991858, -0.060276211320606204, -0.01780345859567467, 0.1588749642001443], [0.08233303079660131, 0.027817365669701888, 0.5058034036827994, -0.4922832372222649, -0.21035891736318885, 0.6555800424575622, 0.051457722944041356, 0.45453882863053424, -0.15341573810050657, 0.1424001254692023], [0.35415677598129336, -0.7100258045592921, -0.3376329538199899, 0.15935080376030547, -0.36033090111471267, -0.10815679268863194, 0.5603450377854154, 0.5939591254766439, 0.6922593965336176, -0.0456363253163668]], "inverted": true, "swapped": false, "error_lsq": 0.06419013711535713, "error_max": 0.29741376322947904, "target": "429.xyz", "model": "29.xyz", "model_rescale": 4.117894457231895, "target_rescale": 3.74903799468952},
{"mapping": [2, 3, 0, 11, 12, 4, 10, 8, 9, 14], "R": [[-0.871230677785865, -0.07154901391167903, -0.48563138767284064], [-0.22541735043212416, 0.9371528218416606, 0.2663298831118541], [0.436055184820618, 0.3415045052740583, -0.8326046773040477]], "T": [0.13054116735781598, 0.17678633148112066, 0.18264779192763259], "aligned_model": [[-0.6432149304597524, -0.0912482163260219, -0.4353609249574345, 0.07300544165563258, 0.47523183221202225, 0.5188176901346575, 0.6334868783006795, -0.0014067747542068076, -0.13605612475350723, 0.17732921025894371], [-0.02953810441309085, 0.12960662193025071, 0.5468987410436956, -0.5433128482611727, -0.25307941874230233, 0.5539491871015838, -0.07564883975930942, 0.7729357952143694, -0.21125274026169444, 0.17331423311215224], [-0.07130610405749366, -0.31568918778956157, -0.18756036225545408, 0.12222890488673838, -0.3504391664652844, -0.3709925374896277, 0.627218439697079, 0.5417929493780816, 0.59273994651029, 0.2102954796235139]], "inverted": true, "swapped": false, "error_lsq": 0.054929172252175404, "error_max": 0.3001096308327638, "target": "429.xyz", "model": "30.xyz", "model_rescale": 4.100398675895297, "target_rescale": 3.74903799468952},
{"mapping": [3, 7, 4, 6, 9, 10, 8, 2, 1, 11], "R": [[-0.3034712162648646, 0.07388172591407213, 0.9499719529937092], [-0.9491653502114882, -0.11092217014144634, -0.2945868464969463], [0.08360836594879201, -0.9910790900564244, 0.10378766013502227]], "T": [0.007352844263127677, 0.21168689116744394, 0.10030971316424199], "aligned_model": [[-0.7869593446385958, -0.007113939710798356, -0.38460013298985496, -0.09567829225842192, 0.5576446579343207, 0.49095732020401917, 0.6613930396329416, 0.08834572892036996, -0.006772810224754809, 0.05336785444178701], [-0.047697906640345844, -0.06607473279459486, 0.57391227135049, -0.6123174228849781, -0.2670301443645042, 0.6376599234681015, 0.10140139544552308, 0.5746517435360305, -0.08275511330855545, 0.2521226131573158], [0.022385738406089636, -0.4858710363875416, -0.24700938613966078, 0.034530702782124154, -0.12807734435506724, -0.21182429391552315, 0.4128902318663194, 0.6819137705966947, 0.6513146405328211, 0.06803533865202552]], "inverted": false, "swapped": false, "error_lsq": 0.04932688503794076, "error_max": 0.19194097894390302, "target": "429.xyz", "model": "31.xyz", "model_rescale": 3.8381024199148657, "target_rescale": 3.74903799468952},
{"mapping": [2, 10, 1, 4, 14, 11, 12, 0, 3, 15], "R": [[0.23072966642159007, -0.4832163982509051, -0.844550610380695], [0.15641976580372785, 0.8751016526372366, -0.45796283082525824], [0.960362784524103, -0.02643879749534475, 0.27749650824489924]], "T": [0.15119306141777744, 0.2603085373895645, 0.13623227789330034], "aligned_model": [[-0.5236098464975293, 0.07241831730535876, -0.5070227076147015, -0.17194329916582318, 0.6672424946392377, 0.6357308869597295, 0.5654446164496372, -0.21450782305772897, -0.09499421165937816, 0.14182565395221078], [-0.007439001293093994, 0.054229875369366604, 0.6781412987426084, -0.60426206646568, -0.17349380153992466, 0.634040396433371, -0.061667267515356894, 0.5628422945669302, -0.14316377958196325, 0.12464467824822462], [0.2513189038086886, -0.5599078245630409, -0.1158167111914527, 0.1997469092191445, -0.23919940545289997, -0.38300938689519043, 0.4647597802340599, 0.49545278126921216, 0.6396457328368685, 0.045297582772892]], "inverted": true, "swapped": false, "error_lsq": 0.05092053732205666, "error_max": 0.2450367403157389, "target": "429.xyz", "model": "32.xyz", "model_rescale": 4.180218895210482, "target_rescale": 3.74903799468952},
