[{"mapping": [5, 3, 7, 8, 4, 11, 12, 1, 10, 0, 9, 13, 2, 15], "R": [[-0.9272120231722659, 0.30886094570883454, -0.21185556471482603], [-0.09379194373700708, 0.3561457533921528, 0.9297113926540699], [0.3626029996770953, 0.8819099265551897, -0.3012539561044671]], "T": [-0.01081950496384522, 0.09623534445166945, 0.20669988879395845], "aligned_model": [[0.0477263847975648, 0.2714157099760609, -0.6743495425652563, -0.26380356727328363, -0.6554835490293079, -0.009923127035069854, -0.639677695657494, 0.03794738444791406, -0.39915841958509646, 0.43134469363444056, 0.7036941220062675, -0.01513279629368354, 0.5674272805621429, -0.030534776856894843], [-0.6528307561751614, -0.38669952493379267, -0.3446724952789494, -0.34757094629637963, 0.26504055954019723, 0.2065560800074307, 0.15491089367565936, 0.44880700408641816, 0.749899179167047, -0.16308451526574166, 0.49862357866879337, 0.7187373466416235, -0.11597887186448111, 0.2035357998373713], [0.2399758603302851, -0.38476129685882726, 0.32375603893034316, -0.212505892376124, 0.5791306832321474, -0.5512652427409301, -0.19162001915430743, 0.7603400670467475, 0.110924867533386, 0.6639031517499967, 0.4923921037952046, -0.2465665167531254, 0.12651843972203852, 0.1873658427229991]], "inverted": false, "swapped": true, "error_lsq": 0.042028967429453924, "error_max": 0.3125435368572991, "target": "43.xyz", "model": "0.xyz", "model_rescale": 3.8414455957264533, "target_rescale": 4.062332849158152},
{"mapping": [6, 4, 9, 10, 1, 13, 14, 0, 3, 2, 11, 7, 8, 5, 15], "R": [[0.7663634620586887, 0.6201422482671715, -0.16766226747708968], [-0.38039211618099045, 0.6483794902849321, 0.6594739377149031], [0.5176764259349359, -0.44161932531535564, 0.7327915730541948]], "T": [-0.06139339937934509, 0.020858843737488336, -0.07363225335829747], "aligned_model": [[-0.5376506745041085, -0.6979299181470131, 0.03679768917403501, -0.16082496487135323, -0.5199859882074069, 0.33755930113968047, 0.6122398174178926, -0.24957662263444882, 0.5894524943708245, 0.28692241499811455, 0.6032507804848298, -0.4877256666811509, 0.18015530853392833, -0.06737665200197937, -0.05326316556729948], [0.20093737288520894, 0.05116553051286328, -0.6955993919584869, -0.371171041999942, -0.4396796493276873, -0.41836987349723154, -0.3531126009518626, -0.04127738316241494, 0.46818922789718853, -0.012553837555493386, 0.10171991034725061, 0.6554032241692466, 0.6144300664470193, 0.64780309782769, -0.06084012359033343], [0.1374337773797285, -0.49398257393581235, 0.40710901021993073, -0.7245410861405797, 0.030288704746955317, -0.5644404219079767, 0.03927328032328982, 0.5840279595294323, 0.12386278139044231, 0.43958599411198673, -0.4456432893358159, -0.326551614696612, -0.23495761321559788, 0.3417471365363647, -0.14803025766620098]], "inverted": true, "swapped": true, "error_lsq": 0.04173235094516978, "error_max": 0.23011651193431393, "target": "43.xyz", "model": "1.xyz", "model_rescale": 4.316132596720782, "target_rescale": 4.062332849158152},
{"mapping": [3, 2, 14, 12, 11, 8, 10, 7, 9, 5, 1, 15], "R": [[-0.3469908223401461, 0.8705102604267858, -0.34901182745488574], [0.8683749765372561, 0.43878299188690656, 0.23107225310429452], [0.35429122108179506, -0.22289318635271166, -0.9081829981572581]], "T": [0.06428405975325802, 0.12388049245518216, -0.038574398246741096], "aligned_model": [[-0.19873794571511305, 0.38481481388177596, 0.1072703737173342, -0.650114309823608, -0.4993491108577045, -0.42502456377167946, -0.25350320713485697, -0.2971913484518567, 0.7598094867020654, 0.11449543153013939, 0.5166582368794876, 0.0386806976757966], [-0.5927578022078817, -0.40380894332702955, -0.4897634212845319, 0.3409426345923561, -0.32401779794302, -0.08791092490796977, 0.531725160088713, 0.5469878682531121, -0.09239099950332015, -0.1141228714560711, 0.5409891736714519, 0.15690435176517115], [0.24419426694821905, 0.029522432624774317, -0.5160441205261195, -0.04769520653760352, -0.30008420543388664, 0.3518355310993054, -0.6041982628495034, 0.5433960941567294, -0.5113714774555719, 0.673091360033885, -0.2721988481223288, -0.14118910272847857]], "inverted": false, "swapped": true, "error_lsq": 0.048352424002206386, "error_max": 0.2236466111006719, "target": "43.xyz", "model": "2.xyz", "model_rescale": 3.795458400668931, "target_rescale": 4.062332849158152},
{"mapping": [13, 1, 4, 5, 11, 8, 6, 14, 0, 3, 12, 15], "R": [[0.9292156605252978, 0.23464630353656032, 0.28548094239574573], [-0.23365452141266238, 0.971575091460256, -0.03804479303945661], [-0.2862932427738286, -0.031352095474206865, 0.9576289601152537]], "T": [0.013002789807786123, -0.09863898896049582, 0.061040970384040334], "aligned_model": [[0.05388598562424906, -0.29137518096224063, -0.7494193529814331, 0.24363469384411543, 0.33192931134207937, 0.10621475559620508, -0.2511933923526004, 0.6296034137712568, 0.24721765109115248, 0.6500462094436068, -0.3542512053821588, -0.022989063290666613], [0.05177126937906125, -0.6753056952167636, -0.10829439841642083, 0.09367677445469257, 0.4581271962201995, 0.5102002339013473, -0.3003961669902851, -0.13377921277693725, -0.60269561729004, 0.3773116870850746, 0.5239804004364256, -0.10882742549664456], [-0.6930698305571951, -0.028468763509812083, 0.09860260307906238, 0.7505759633905865, -0.3572650153620737, 0.3004669017185397, 0.5006914640106346, -0.413250972357503, 0.46460150613380324, 0.23527005585713753, -0.1261321903820542, -0.043250291382025734]], "inverted": true, "swapped": true, "error_lsq": 0.04301269461384479, "error_max": 0.2617643868056884, "target": "43.xyz", "model": "3.xyz", "model_rescale": 3.7530521520055578, "target_rescale": 4.062332849158152},
{"mapping": [2, 1, 6, 4, 5, 10, 3, 14, 11, 12, 15], "R": [[0.9172034650528165, -0.1641733977974119, -0.363021898996135], [0.3628355876522562, -0.03220365388280805, 0.9312965483720201], [-0.16458475029038755, -0.9859056852114454, 0.030030648338018433]], "T": [-0.05428652947563001, -0.08021017368026276, -0.078065740644413], "aligned_model": [[-0.4524398662303065, -0.09990456589403482, 0.32671604516013225, 0.5063775678222471, 0.26839675776034894, -0.07772895901013327, -0.2298973572829348, -0.7917840473735951, -0.33343428689687954, 0.31739893644670664, -0.09550062205634607], [-0.5544505065917328, 0.08429265172990463, -0.3003272262320393, 0.342686625324252, -0.7324293112402067, 0.6841331642346551, -0.5249022640884299, -0.078495412560292, 0.14425976201734036, 0.3804751842640861, 0.021960691456808693], [-0.029042170555889507, -0.7137230750956733, -0.4100049811653481, -0.377407843247227, 0.1119885340696082, -0.12792645066832384, 0.5808112741615183, 0.1718912205313075, 0.5989663016580602, 0.37710797184887723, -0.08983000429159332]], "inverted": false, "swapped": true, "error_lsq": 0.045595534290549994, "error_max": 0.29249581781176925, "target": "43.xyz", "model": "4.xyz", "model_rescale": 3.7855080009869324, "target_rescale": 4.062332849158152},
{"mapping": [3, 2, 5, 7, 14, 10, 9, 15, 8, 0, 12, 6, 13, 11, 4, 16], "R": [[-0.913528807704371, 0.11763084891404399, -0.3893945311351868], [-0.17181917429682905, 0.7560996554067542, 0.6314993922702885], [0.3687048804100462, 0.6437983337020601, -0.6705075813771716]], "T": [-0.01853194067820844, -0.06390838398190235, 0.05737262517908001], "aligned_model": [[-0.10194134307452894, 0.12026933621061432, -0.616408642956901, -0.5422580811475545, 0.5749863628350318, 0.008244565723274134, 0.3591938768197401, 0.6809009629506813, 0.22719707700402744, -0.607325657317655, 0.27274926582077, -0.3044970518234475, 0.3932553046936374, -0.05789173129365714, -0.7308412463697135, 0.023227793144810407], [0.4839790251303009, 0.6606865342444384, 0.1464058569400383, -0.48292289218562273, 0.24554899850662915, -0.21714449701486782, 0.32702783845602224, -0.3045524409432627, -0.6745709040505449, 0.44500485132670975, 0.079212511663594, -0.5894427603404822, -0.5330446569513085, -0.33069674650562997, -0.14459258132658223, -0.030312212232313437], [-0.3612905615563268, 0.09587064582023078, -0.44603040774492486, -0.2765543781910963, 0.1557064970187536, -0.6545023543234756, -0.4024165613298182, -0.30622352146757215, -0.191662333041565, 0.11031751628428202, 0.6554837611565698, 0.31836044585286594, 0.4250818320380332, 0.8055109845785671, 0.23932398458449533, 0.05360777849058168]], "inverted": true, "swapped": false, "error_lsq": 0.03284187389146607, "error_max": 0.2382165853176557, "target": "43.xyz", "model": "5.xyz", "model_rescale": 4.2253639853439635, "target_rescale": 4.062332849158152},
{"mapping": [11, 10, 7, 8, 12, 6, 5, 3, 1, 13, 4, 0, 2, 15], "R": [[-0.9086570444320494, -0.41642445864907174, 0.030545799102994757], [-0.37401343064919623, 0.8442690108070465, 0.3838278143711191], [-0.18562416140694576, 0.3373433082628421, -0.9228993244510745]], "T": [0.05091439034307241, 0.07772849062466858, 0.06836391246925472], "aligned_model": [[0.5827944691764261, -0.17886905734601696, -0.48582729972994554, 0.18327025704619895, -0.11480633065194057, -0.3676676278541229, 0.09482171028103789, 0.6848578618405516, -0.3176478880272743, 0.346247553651134, -0.6739057309361963, 0.04995385832200297, 0.5239462532831559, 0.046894123702772905], [-0.21931066324515497, 0.2788579519346125, -0.5190760158474992, -0.5695890534242704, -0.40905925698896733, 0.05033947782158296, -0.3938585388224209, -0.4000158520060533, 0.6207089192378149, 0.2830047242783562, 0.03912784843486311, 0.3563511247937746, 0.19548524413397156, 0.13213323633438068], [-0.3959139478882917, -0.6344894741504403, 0.13244757194712584, 0.05570025690456823, -0.4730587731962775, 0.4259070205281454, 0.6525836960362461, 0.24887750415805748, 0.11872791510827571, -0.6125309194670596, -0.16814699469788352, 0.6961849832613041, 0.45334116764087184, -0.02807179725319356]], "inverted": false, "swapped": true, "error_lsq": 0.04490886390314723, "error_max": 0.3929181742593064, "target": "43.xyz", "model": "6.xyz", "model_rescale": 3.89814844738969, "target_rescale": 4.062332849158152},
{"mapping": [2, 5, 6, 14, 1, 8, 3, 9, 13, 12, 4, 10, 15], "R": [[-0.21288616815009975, -0.9574924473138036, 0.1946476117176655], [-0.9489865076209001, 0.25004628388993755, 0.19209753841817157], [-0.23260285416102613, -0.1438230483957852, -0.9618788088872157]], "T": [-0.012113328728987807, 0.11085712006837775, -0.06579871750428755], "aligned_model": [[-0.03972625778394152, -0.0762471892638706, 0.3859186808240365, -0.3387078346327926, 0.5867873116089716, -0.5205180870195723, -0.6201478070694282, 0.42403233497436915, -0.3698352111145286, -0.4821240938923887, 0.286627189955834, -0.06863978665675755, -0.018787449025708714], [-0.3579359875183018, 0.33039976833450757, 0.41844104274227845, -0.5913406788443342, 0.04088036271561539, 0.4249209615238616, -0.082879254755617, -0.635627880414829, -0.18945719169288808, 0.5939656531668179, 0.7090307511047407, 0.21623624789015922, 0.08714747121847495], [-0.4723744567968814, -0.7822642143170189, -0.29110026651026655, 0.015676994626082255, 0.19806433047601457, -0.3479103119031428, -0.5712385546497714, 0.015461112430459473, 0.5464301209410064, 0.2555425637297448, 0.3026222870902917, 0.6911401010901533, 0.04222532462962379]], "inverted": true, "swapped": true, "error_lsq": 0.048807366457453254, "error_max": 0.3175487134283637, "target": "43.xyz", "model": "7.xyz", "model_rescale": 3.7474275329858107, "target_rescale": 4.062332849158152},
{"mapping": [13, 10, 12, 11, 7, 3, 14, 2, 8, 5, 9, 0, 1, 4, 15], "R": [[-0.9782541209089898, 0.12552411917582298, 0.16511381053598564], [-0.16580766606837485, -0.9515465875249679, -0.2589727971091695], [0.1246061507211336, -0.28071834153600034, 0.9516672317190183]], "T": [0.023942837633556042, 0.005179247456536182, 0.066625872539619], "aligned_model": [[-0.28578318982912226, 0.15998215402364407, 0.46270732051639674, -0.23152121430950484, 0.7905455664027276, -0.26683987613925536, -0.7073850479462024, -0.46476558842784266, 0.2599137729818124, 0.19759536352848556, -0.6596177432994393, -0.16929624938035948, 0.03992678672283975, 0.6715843622163596, 0.005107305278207928], [-0.01629091682356386, 0.2621354561815993, -0.342491750370051, -0.5550162651912077, -0.2039976783856941, -0.728933412961651, -0.16134031866801357, -0.13106444313065674, -0.6110399044220961, -0.3850522744396663, 0.5277463017061269, 0.27210170550353824, 0.6629230033204492, 0.35129048554086256, 0.0481479741196165], [-0.6380631379949179, -0.6424038781163365, -0.42751459228587985, -0.3890074389991896, 0.19677673177173183, 0.26469947991571074, -0.14269390584429215, 0.4250041844180871, 0.10254412674823894, 0.6856566425073256, 0.1838208463317133, 0.6692881730560403, 0.08451711760039289, -0.14208228136333323, -0.03374741204903024]], "inverted": true, "swapped": true, "error_lsq": 0.04060812307231046, "error_max": 0.3553852442455735, "target": "43.xyz", "model": "8.xyz", "model_rescale": 4.019505241142653, "target_rescale": 4.062332849158152},
{"mapping": [8, 2, 6, 7, 12, 4, 1, 11, 13, 14, 9, 10, 15], "R": [[0.8499520291358947, 0.1724712908182534, 0.49783049526044576], [-0.21407992154709976, 0.976436851577633, 0.027218781595562708], [-0.4814055830151567, -0.1297101720168653, 0.8668471237289724]], "T": [-0.05598299905526212, -0.029762309884861782, -0.09609108084926865], "aligned_model": [[-0.17078672731852737, -0.6610958060847173, 0.09059725200741643, 0.3418930460314906, 0.37491157537284775, 0.6763344713718309, 0.23158178417533853, -0.24290989167019805, 0.08371121002326797, -0.5491729572651346, -0.3888402016895845, 0.5311935630311029, 0.0022834537560426638], [-0.6543049744818548, 0.11047878295898547, 0.156606837535707, -0.4403384152849738, -0.6263670978424458, 0.006681813868327259, 0.5621925272846076, -0.5736009660825747, -0.13858403668646693, 0.008801124791855429, 0.703124415817016, -0.03899811112308038, -0.012313672641043015], [-0.2790255241110255, -0.09403925239985939, -0.593664099600194, -0.6630971572193579, 0.030229091180560747, -0.30863419494358063, -0.10601065006798557, 0.409854036383862, 0.6533227843387273, 0.505291109091901, 0.2297143608166325, 0.3962449436638804, -0.0034819530896819106]], "inverted": false, "swapped": true, "error_lsq": 0.053020275319755464, "error_max": 0.31738523659089607, "target": "43.xyz", "model": "9.xyz", "model_rescale": 3.877068213659057, "target_rescale": 4.062332849158152},
{"mapping": [13, 6, 2, 7, 12, 4, 3, 5, 1, 14, 11, 8, 0, 11, 9, 15], "R": [[-0.8257086430413305, 0.3232361900234917, 0.46230250082163904], [-0.5223840962200428, -0.12886778951387934, -0.842916335612364], [-0.21288516346428035, -0.9375027777478334, 0.2752606926022729]], "T": [-0.04489652779703451, 0.036945610649383606, -0.020847427989674937], "aligned_model": [[-0.34543068466479365, 0.21525451906900583, -0.6459975722069258, -0.3438746454507957, 0.6115032737670283, -0.05533367720246448, 0.3773288224881899, 0.6390161573910464, 0.28619599162381676, -0.6172588241204142, 0.06651907404695623, -0.3647968234760423, 0.421691085677447, 0.06651907404695623, -0.6230081346651797, 0.010533154895297749], [0.6274393894949293, 0.5925997133594051, -0.01571421740250585, -0.6277162607501136, 0.14828934653302334, -0.15801867847403517, 0.23994955644138793, -0.27302654929324843, -0.7320252276502274, 0.540419682502725, -0.10206571440762703, -0.5791734918556593, -0.4571235406298457, -0.10206571440762703, -0.00614587386171081, -0.015036494881751343], [-0.4191372893521808, 0.04139826327383206, -0.2969992609880968, -0.38843857490257344, 0.3181763008253787, -0.6688988701019964, -0.4489554684393042, -0.2380481216852933, -0.24881278419929986, 0.14778473785489193, 0.6953352941108651, 0.3158779618474467, 0.3938304088188526, 0.6953352941108651, 0.2947082689429175, 0.027427168053295054]], "inverted": true, "swapped": false, "error_lsq": 0.039913775338260585, "error_max": 0.2962866033235922, "target": "43.xyz", "model": "10.xyz", "model_rescale": 4.260839863003843, "target_rescale": 4.062332849158152},
{"mapping": [1, 4, 12, 10, 11, 13, 9, 0, 5, 3, 2, 15], "R": [[-0.04132592779577268, -0.7267217075190626, 0.6856877769892042], [0.9708560828435322, -0.1913566121019952, -0.1442952300339811], [0.2360733659215532, 0.6597410149637695, 0.7134501798142908]], "T": [0.05895344908540857, -0.05159414172737232, -0.01616531349675722], "aligned_model": [[0.41772839009137164, 0.10193690226822838, -0.5154321168695338, -0.4024039051893815, -0.6366627381233372, -0.5715349614283968, 0.38820996344131686, 0.69900818423441, 0.3936092724548743, -0.17287437518608856, 0.2626167229359563, -0.005302689535289236], [-0.028407474346290207, -0.6852339412492319, -0.5280982940115719, -0.19877629202243088, 0.1534674967230585, 0.2297947286597382, 0.6652566546540385, 0.1793101393197244, -0.2245141598355558, 0.20296031761042688, 0.44136167279475624, -0.034042342763728035], [-0.5674777039055044, -0.4397743953306575, 0.008108285858891354, -0.6100871790755348, 0.230310757022976, -0.35716743876903784, -0.37918203398799505, 0.077664004048642, 0.6347871285604929, 0.7215114625231417, 0.30218845068138267, -0.10470326023129206]], "inverted": true, "swapped": true, "error_lsq": 0.04910213385877926, "error_max": 0.2790684867121317, "target": "43.xyz", "model": "11.xyz", "model_rescale": 3.890672605050136, "target_rescale": 4.062332849158152},
{"mapping": [8, 3, 11, 7, 12, 1, 2, 4, 6, 9, 13, 14, 10, 15], "R": [[-0.6111755367017477, 0.7871290497878158, -0.08302001154818725], [0.6191221196353642, 0.4100887155812069, -0.6697126595273305], [-0.4931047194212854, -0.4607115196444371, -0.737965196571877]], "T": [0.018302703413062713, -0.11083414439909584, 0.06395685401318416], "aligned_model": [[0.551803718257778, 0.20486961914213958, 0.36596860025001215, 0.6239013623920314, 0.7215242082780573, -0.38935777527447085, -0.36496162588315934, 0.3224115070295621, -0.02680997385963521, -0.8198427542516291, 0.08526063992424633, -0.29818320598789205, 0.21700517044360995, 0.01628634433304306], [-0.09511194479844429, 0.18320689863311979, 0.545632080351133, -0.6415164829537603, 0.04225210807487309, -0.3436491789897048, 0.015542792913320447, -0.5109777591630087, -0.6596219103013978, 0.09750002311349307, 0.577806341901945, 0.5698740359037238, 0.19547055057149682, -0.044255035429024134], [-0.3256941771107219, -0.6718704285213749, -0.12275985318892593, 0.06466113309889493, 0.26297521383465944, 0.5252729337688165, -0.4082407814719373, 0.6385824278648816, 0.08834891104054057, 0.15437323702843042, 0.4019933860262216, -0.1430625995921062, 0.7377158165186438, 0.15249521606083888]], "inverted": true, "swapped": true, "error_lsq": 0.03976871549478221, "error_max": 0.21580189617652087, "target": "43.xyz", "model": "12.xyz", "model_rescale": 4.124412569039231, "target_rescale": 4.062332849158152},
{"mapping": [14, 2, 8, 9, 11, 13, 0, 10, 6, 1, 12, 7, 15], "R": [[-0.5157296283266276, 0.8458708818868117, -0.13610805134930962], [-0.259410514159661, -0.002763473241063852, 0.9657631947631193], [0.8165348342903072, 0.5333805530685138, 0.22085300541044803]], "T": [0.09976724064847725, 0.196870038079274, -0.035479714421839004], "aligned_model": [[-0.12622518005012096, -0.24904088370805916, 0.6446513153183797, -0.7103567566286764, 0.5292316927217668, 0.23616193836657534, -0.45640256356380077, 0.3097627468067827, -0.011011803020233024, -0.3485253711381619, 0.8088023461083145, 0.6376735997917184, 0.10257722650527176], [-0.2568147331658922, 0.34102140664083913, 0.45217226798680543, -0.08819234995342035, -0.19845801438529959, -0.5520582258973223, 0.5973936167300773, -0.4287900269212111, 0.622907805889959, 0.08486338857770667, 0.010547148670864648, 0.6716704980550383, 0.09122259428033243], [0.5556899447104338, 0.45786251839204845, 0.2376879319638796, 0.0929905149679417, 0.46046244364663275, 0.08062680331752661, 0.009761899727089976, -0.42497650077365595, -0.3671692710610422, -0.5041914342894214, -0.17731480618407117, -0.400986551868238, -0.06874541158128461]], "inverted": true, "swapped": true, "error_lsq": 0.04436662049374441, "error_max": 0.28107326849339115, "target": "43.xyz", "model": "13.xyz", "model_rescale": 3.9028299243045295, "target_rescale": 4.062332849158152},
{"mapping": [10, 4, 14, 11, 0, 12, 5, 8, 12, 7, 3, 1, 2, 6, 9, 15], "R": [[0.4739117773366468, -0.6409066588661869, -0.6038594885588879], [-0.10922137111830255, -0.7232453379848145, 0.68189945972575], [-0.8737724643135985, -0.2572058236203306, -0.4127551876150424]], "T": [0.036119608324936534, -0.05061612340611543, 0.02397518238177061], "aligned_model": [[-0.3116738734281773, 0.25579330448866766, -0.6772174231183674, -0.49055864919043213, 0.7609685162263793, 0.09619752783390977, 0.29922579046758746, 0.7351569131257952, 0.09619752783390977, -0.5349390644283767, 0.17171220438530832, -0.15675000963529706, 0.5115658955089104, -0.27605626394567484, -0.7144425878122195, -0.06631901709279402], [0.5401181292371353, 0.588628104008378, -0.0266831934111596, -0.5310888468216411, 0.21614508022138218, -0.49499824373292034, 0.14505937921074108, -0.22926569771355337, -0.49499824373292034, 0.5669430869271702, 0.1910897285540561, -0.6349561799591338, -0.5038323909121306, -0.21940480914800548, -0.013972889236204489, -0.018197088774074846], [-0.26830095221193995, 0.07371006766082489, -0.49911959604415085, -0.16996466255002465, 0.32505479012368194, -0.5081483593660198, -0.3692017094228107, -0.25159392991883944, -0.5081483593660198, 0.36033892870845685, 0.5824394822792373, 0.23265379776507947, 0.3566846839393227, 0.5883020970215435, 0.21413069658790823, 0.061746352963350626]], "inverted": false, "swapped": false, "error_lsq": 0.04965926543685883, "error_max": 0.3535833566667832, "target": "43.xyz", "model": "14.xyz", "model_rescale": 3.942246331269136, "target_rescale": 4.062332849158152},
{"mapping": [1, 4, 6, 12, 11, 7, 2, 0, 9, 5, 3, 14, 10, 13, 15], "R": [[0.053414203506975844, 0.9457729923663596, 0.32040656949272706], [0.5842359778958837, -0.28981412219326014, 0.7580739388142763], [0.8098242062298191, 0.14670112981068828, -0.5680347995647024]], "T": [-0.079979684172482, 0.01894380248283412, -0.08257128831733061], "aligned_model": [[-0.7295844640091614, -0.3555554704843742, -0.24116622111401056, 0.294437870617812, 0.42412106994398613, 0.22498322479248703, 0.01332204942582535, -0.34000379152542193, -0.674446322799498, 0.35629792898166457, 0.6225157572594409, -0.011771712587048733, -0.3512573137198236, -0.12812975527093776, -0.1294688129787303], [0.015435382644704277, -0.48247145255487855, 0.1761008563252242, -0.6194739560666797, -0.24692249717300263, -0.23352455684431772, 0.5710292797393649, 0.6352634905215215, 0.4424385705204318, 0.4839291888932125, 0.34553588855376477, 0.19160856369188178, -0.6720232314944492, -0.4481830188942514, -0.06059781798087599], [-0.18841906892636898, -0.5879744491818331, -0.5856803210698283, -0.18155842576767672, 0.4291709800328396, -0.7837355543165924, 0.18637051888836997, -0.23854659903916364, 0.38788344157594734, -0.4814263613491766, 0.16752249976532724, 0.6736816882721053, 0.1077688855433084, 0.5277170738636349, -0.023411827930377244]], "inverted": true, "swapped": true, "error_lsq": 0.03348733923609375, "error_max": 0.22377775926756635, "target": "43.xyz", "model": "15.xyz", "model_rescale": 4.355366556412066, "target_rescale": 4.062332849158152},
{"mapping": [3, 2, 14, 12, 11, 8, 10, 7, 9, 5, 1, 15], "R": [[-0.3469908223401461, 0.8705102604267858, -0.34901182745488574], [0.8683749765372561, 0.43878299188690656, 0.23107225310429452], [0.35429122108179506, -0.22289318635271166, -0.9081829981572581]], "T": [0.06428405975325802, 0.12388049245518216, -0.038574398246741096], "aligned_model": [[-0.19873794571511305, 0.38481481388177596, 0.1072703737173342, -0.650114309823608, -0.4993491108577045, -0.42502456377167946, -0.25350320713485697, -0.2971913484518567, 0.7598094867020654, 0.11449543153013939, 0.5166582368794876, 0.0386806976757966], [-0.5927578022078817, -0.40380894332702955, -0.4897634212845319, 0.3409426345923561, -0.32401779794302, -0.08791092490796977, 0.531725160088713, 0.5469878682531121, -0.09239099950332015, -0.1141228714560711, 0.5409891736714519, 0.15690435176517115], [0.24419426694821905, 0.029522432624774317, -0.5160441205261195, -0.04769520653760352, -0.30008420543388664, 0.3518355310993054, -0.6041982628495034, 0.5433960941567294, -0.5113714774555719, 0.673091360033885, -0.2721988481223288, -0.14118910272847857]], "inverted": false, "swapped": true, "error_lsq": 0.048352424002206386, "error_max": 0.2236466111006719, "target": "43.xyz", "model": "16.xyz", "model_rescale": 3.795458400668931, "target_rescale": 4.062332849158152},
{"mapping": [2, 5, 6, 14, 1, 8, 3, 9, 13, 12, 4, 10, 15], "R": [[-0.21288616815009975, -0.9574924473138036, 0.1946476117176655], [-0.9489865076209001, 0.25004628388993755, 0.19209753841817157], [-0.23260285416102613, -0.1438230483957852, -0.9618788088872157]], "T": [-0.012113328728987807, 0.11085712006837775, -0.06579871750428755], "aligned_model": [[-0.03972625778394152, -0.0762471892638706, 0.3859186808240365, -0.3387078346327926, 0.5867873116089716, -0.5205180870195723, -0.6201478070694282, 0.42403233497436915, -0.3698352111145286, -0.4821240938923887, 0.286627189955834, -0.06863978665675755, -0.018787449025708714], [-0.3579359875183018, 0.33039976833450757, 0.41844104274227845, -0.5913406788443342, 0.04088036271561539, 0.4249209615238616, -0.082879254755617, -0.635627880414829, -0.18945719169288808, 0.5939656531668179, 0.7090307511047407, 0.21623624789015922, 0.08714747121847495], [-0.4723744567968814, -0.7822642143170189, -0.29110026651026655, 0.015676994626082255, 0.19806433047601457, -0.3479103119031428, -0.5712385546497714, 0.015461112430459473, 0.5464301209410064, 0.2555425637297448, 0.3026222870902917, 0.6911401010901533, 0.04222532462962379]], "inverted": true, "swapped": true, "error_lsq": 0.048807366457453254, "error_max": 0.3175487134283637, "target": "43.xyz", "model": "17.xyz", "model_rescale": 3.7474275329858107, "target_rescale": 4.062332849158152},
{"mapping": [13, 12, 11, 4, 9, 0, 14, 8, 1, 2, 6, 7, 5, 15], "R": [[0.7032810623087786, 0.4988549510970144, -0.506497270638087], [-0.3066875646789258, 0.8556507502222674, 0.4168987063009205], [0.6413567533511642, -0.13786055059394925, 0.7547555786615874]], "T": [0.016786645752628972, -0.0685990142120633, 0.011369532580667885], "aligned_model": [[0.6228619367634444, 0.1297541489333244, 0.69917006378371, -0.49010653383848174, 0.19835318484781359, -0.29110015527988137, 0.7237820027409182, 0.11382529643641008, -0.3067511782805548, 0.23444436426147022, -0.5257540269533906, -0.5000419590342345, -0.25760120403201464, 0.06401170753434357], [-0.28079237418920566, 0.3848192363767038, 0.2439173699107645, -0.08642056236762874, -0.8355980729460728, -0.32188480397860253, -0.296581208364496, 0.584950036676657, -0.6319652895651029, -0.1402314871806416, -0.05444900524026541, 0.4941610825929085, 0.42736968152496646, -0.12688636173875095], [-0.4136298806165005, -0.5710516435498737, -0.14149965745011892, -0.5591857442358162, 0.3758034657658464, 0.5706930688956333, 0.24496254638459675, 0.023842896700703407, -0.09419631355810949, 0.5887144812404973, 0.10753363090521947, -0.24272344831043455, 0.5056986692268873, -0.07016735273687552]], "inverted": true, "swapped": true, "error_lsq": 0.03665017654430601, "error_max": 0.23468941946557562, "target": "43.xyz", "model": "18.xyz", "model_rescale": 3.922800546911778, "target_rescale": 4.062332849158152},
{"mapping": [14, 13, 11, 2, 4, 9, 10, 5, 1, 8, 12, 7, 0, 6, 15], "R": [[0.4815237794373087, -0.8409777585695599, -0.2467615436564803], [-0.7465611980259703, -0.24608967969868634, -0.6181312539807592], [0.4591091672341536, 0.4818674912640578, -0.7463393955999141]], "T": [0.060426196552587984, 0.07187621826676828, 0.029685784177470812], "aligned_model": [[-0.24764612012254225, -0.07078929372114379, 0.3699756210636454, -0.15637591235469692, 0.20158296907305148, -0.7785998438578481, -0.013694098934039882, 0.4357765194602487, -0.44666598156633863, 0.6872020934568842, 0.6342407854588633, 0.6897807708354575, -0.3051267140662862, 0.07514499520716411, 0.02124504695519905], [0.4668695142405315, -0.16338944252806636, 0.2357438013893231, 0.6537955199950813, -0.6220754488737019, 0.28125879810049265, -0.5765689991452907, 0.5492628190625364, -0.2674505282265761, 0.272122708816476, -0.31263878298277537, -0.19803427855826383, 0.41798786295697005, -0.018692535299775173, -0.0005795039123824147], [-0.5665153191305988, -0.6917089382686842, -0.651496407160575, 0.015541696986165619, 0.31481290712853266, -0.0494362396214546, -0.37191271922348734, 0.473362584418033, 0.27650011451735307, -0.031565865097363976, -0.25394994086351746, 0.4532836120199838, 0.49698503601881844, 0.5731734068004198, -0.044414761360295665]], "inverted": false, "swapped": true, "error_lsq": 0.03537590611666808, "error_max": 0.1873449858320541, "target": "43.xyz", "model": "19.xyz", "model_rescale": 3.9282355846067225, "target_rescale": 4.062332849158152},
{"mapping": [9, 1, 4, 0, 2, 6, 5, 7, 3, 11, 10, 14, 12, 15], "R": [[-0.9370558870364329, 0.34035743452684364, -0.07799411088453745], [0.2420462004519339, 0.7941344991271876, 0.557462136958909], [0.2516741969633487, 0.5034949990400268, -0.8265306313286503]], "T": [-0.021360441388405295, -0.1271575767342095, 0.03642444637680054], "aligned_model": [[-0.7794418953792682, -0.10889879556981527, 0.6001222186573586, -0.4165315436697348, -0.5664170327049215, 0.1623922392995992, 0.023503733787741843, 0.6979752366137738, -0.24448128125946425, -0.04953472311198173, 0.2724579799852593, -0.6289087169316077, 0.5870860851101383, -0.016800685742401494], [-0.5480719616212913, -0.740217095539462, -0.5522271522989746, -0.16585045350351998, 0.1439941224011497, -0.22454194418221485, 0.44097538482955545, 0.07892079103852825, 0.6430240170615831, 0.25713336065984616, -0.6143412502903218, -0.008351072015681998, 0.01304277073457466, -0.20060742984893493], [-0.010582421046028988, -0.1865049025339307, -0.08953898557634138, -0.5240516485930424, -0.08695850087085219, -0.47401592763127154, -0.4543372864105845, -0.26100094747730984, 0.17694683657755728, 0.6983982329392407, 0.5498240759085582, 0.5088163589585107, 0.44593742554672977, 0.11925084745244696]], "inverted": true, "swapped": true, "error_lsq": 0.04001436349533539, "error_max": 0.2344044404570934, "target": "43.xyz", "model": "20.xyz", "model_rescale": 4.067790424073018, "target_rescale": 4.062332849158152},
{"mapping": [1, 5, 10, 13, 4, 7, 12, 0, 6, 2, 3, 11, 14, 8, 15], "R": [[-0.9805561926476003, 0.1951533827191108, -0.0206085000359255], [0.05304766400623019, 0.16249278394074468, -0.9852827211063171], [-0.18893252341490752, -0.9672183064750557, -0.16968573662980835]], "T": [0.09063820616251299, 0.05049247823571902, -0.08531398386015708], "aligned_model": [[0.09017830643733486, 0.03515330933491356, -0.17753722765255758, 0.2553622842919611, -0.5791370489856473, -0.6390166034067872, -0.4428124485058826, 0.40329137990367864, -0.16695745393090783, 0.6377598386324649, 0.4015872533804841, 0.24155011698940632, 0.7634705342596421, -0.14458404581893758, 0.09013575897834945], [0.01072449976802782, 0.724601057867591, -0.6391512194035469, -0.6959264007199596, -0.0593403193991152, 0.3456573612609942, -0.31502038240457975, 0.577079689312143, 0.45993272632393584, 0.318110262546199, 0.2548317980754283, -0.39271950126289124, -0.28067553395438205, 0.18792951457113077, -0.0551384126531282], [-0.7422924675543464, 0.243523337149271, -0.2846375477607314, 0.00797383331401924, -0.43478428467655583, 0.08455516260578282, 0.2880423350733078, -0.3963520746205982, -0.3495133351978743, 0.03663651493854907, 0.6387476648659776, 0.5208801642550782, 0.12446784976947985, 0.5167491354825414, -0.11874671402276009]], "inverted": false, "swapped": true, "error_lsq": 0.04091460602118577, "error_max": 0.24955167557970626, "target": "43.xyz", "model": "21.xyz", "model_rescale": 4.186013935880536, "target_rescale": 4.062332849158152},
{"mapping": [11, 13, 12, 5, 0, 8, 2, 14, 4, 1, 9, 6, 15], "R": [[-0.7533768605851339, 0.4252389056617535, 0.501592642536234], [-0.6565615569561187, -0.5290433828574383, -0.5376244237217235], [0.03674544682331449, -0.7343602468586875, 0.6777645608700729]], "T": [0.055380865928397714, 0.0027836125484365093, 0.0173662908291242], "aligned_model": [[-0.058555596149446505, -0.39238419324186685, 0.4504153231853217, 0.5303455573138829, -0.06352604691962765, 0.523329123342365, -0.2208991369996879, -0.5702808147467283, 0.42400255067683673, -0.19536054189214855, -0.7245999177589375, 0.3612633861311609, -0.005175657517898571], [-0.33991403859380587, 0.14932258136241966, 0.17509565859898119, -0.4813198712922631, -0.1588995843703549, -0.36134490641489764, -0.49711369266639716, -0.3854567496279603, 0.6712202556061022, 0.49690505023810433, 0.010382200328246757, 0.16951997554436923, 0.0705597808335487], [-0.6581034800121995, -0.5917400742791014, -0.5924045919725589, 0.3424621128082993, 0.6742608651214088, -0.2744098160016907, 0.26150831419686255, -0.23601266303933552, 0.007260117032729073, 0.3725777530258648, 0.3989921474176439, 0.44448806174471567, -0.045999184707292064]], "inverted": true, "swapped": true, "error_lsq": 0.0561746389077444, "error_max": 0.3307009167780375, "target": "43.xyz", "model": "22.xyz", "model_rescale": 4.166573947596378, "target_rescale": 4.062332849158152},
{"mapping": [10, 14, 7, 0, 11, 8, 9, 3, 4, 13, 12, 1, 2, 6, 5, 15], "R": [[-0.7910311296089005, 0.6044270209458554, 0.09453955965724133], [-0.3300709051459265, -0.2915459565123945, -0.8978051864505027], [-0.5150950878874846, -0.7413966088348337, 0.4301257012111613]], "T": [0.07164854217916403, -0.03284800837147495, 0.006231972756417289], "aligned_model": [[-0.3611996941804483, 0.026997233295773977, -0.5635237834088387, -0.4555485460236941, 0.8117114419872551, 0.11226988393662057, 0.449771765924022, 0.5787702779878914, 0.1468392621819407, -0.5804897237284531, 0.3013281430775414, -0.28383761949633757, 0.2970191138827182, -0.08255565300378762, -0.7222793328377553, 0.023588021624680093], [0.4997825111536832, 0.7450672150382687, 0.005264078849361885, -0.5798663881925503, 0.0956852739218946, -0.20712437966618297, 0.29864129618956015, -0.3156855755718866, -0.6875607113040929, 0.4842543023089324, 0.2970311494459255, -0.5894330308758117, -0.5682141312091717, -0.24145163463605485, -0.08225443642101826, -0.07354961431373833], [-0.29358191460507876, 0.1434614485355462, -0.32010103701276804, -0.29308372206489985, 0.24681340823500098, -0.782473798252873, -0.3217723487220221, -0.14951496193752845, -0.3186543852346859, 0.16158325638076862, 0.5237340282093996, 0.2744515888328848, 0.34593840354164246, 0.721643200837239, 0.24768489847869896, 0.03445526294827515]], "inverted": true, "swapped": false, "error_lsq": 0.038759761397220226, "error_max": 0.33410371024476054, "target": "43.xyz", "model": "23.xyz", "model_rescale": 4.274766983524099, "target_rescale": 4.062332849158152},
{"mapping": [13, 2, 3, 12, 5, 7, 4, 6, 1, 0, 15], "R": [[0.38511891571697265, -0.8009664527044481, -0.45840611077846305], [0.7608103446419651, -0.005593581853045715, 0.6489501763061842], [-0.5223514528004662, -0.5986830993807213, 0.6072293687505042]], "T": [0.032396965851164736, 0.08672601258729065, -0.053380944801352796], "aligned_model": [[0.30128332478686154, 0.13276201043778368, -0.4389578912438304, -0.4135306961055352, -0.4836132107883368, -0.5836839807926875, -0.008847297107165544, -0.03670892261093704, 0.5580216764186601, 0.25884843964168874, 0.09432125132157348], [-0.21264021310475142, 0.6936581506248354, 0.6256831347826362, -0.4454830663540936, 0.5306609062964086, -0.24887615512164227, -0.5753462449075809, 0.07083213926938575, -0.10070826971798755, 0.5631417321251383, 0.014664417351134745], [-0.7099308442784419, -0.1393665307759194, -0.4407553862429582, -0.32809208352953767, 0.2664475128910039, 0.3418271376457084, 0.324442907842244, 0.4932175358694172, 0.29560255783712736, 0.38654925877519736, -0.11037563201226394]], "inverted": true, "swapped": true, "error_lsq": 0.0490592377547048, "error_max": 0.24226118738643632, "target": "43.xyz", "model": "24.xyz", "model_rescale": 3.7841303162186577, "target_rescale": 4.062332849158152},
{"mapping": [9, 10, 12, 5, 0, 2, 8, 1, 4, 14, 7, 3, 6, 11, 13, 15], "R": [[0.2488991501503415, -0.32050030453221673, -0.9139632201840477], [-0.38244433275630735, 0.8344523210183812, -0.39676902133309166], [0.8898233225742178, 0.44829552612288337, 0.08512094842743818]], "T": [0.04563412798406953, 0.014438671843052087, 0.03243116638499469], "aligned_model": [[-0.21909862207340025, 0.040351712021196404, -0.6419191448848968, -0.41530355812026676, 0.7447784666683019, -0.04942224493372642, 0.42309641343149873, 0.7045888669957885, 0.20039424343579043, -0.5774839498669256, 0.4015966365275631, -0.34203037556896015, 0.22427493461145714, -0.181264695646013, -0.6629334579545914, 0.04923556657631291], [0.3908199788368663, 0.7190953410901786, -0.04368328991679532, -0.5564399471219397, 0.22024794591302893, -0.12254914325307159, 0.12249072017935839, -0.20617895909350467, -0.6600427606755006, 0.5051903469349845, 0.15414533280539752, -0.6705704060847937, -0.5712376528360692, -0.07593645337427525, -0.0798337827676204, -0.044931345919125364], [-0.328670469333761, 0.3621070372708384, -0.2823135570918178, -0.4481651271723809, 0.13327602616559847, -0.7030901809667494, -0.4095018167176416, -0.23241389522111164, -0.24654633577502913, 0.018807042181764065, 0.5583382888832877, 0.20413056497036183, 0.41596363849250967, 0.7602888652107493, 0.35030642136684703, 0.06806682590613464]], "inverted": false, "swapped": false, "error_lsq": 0.038762663395037075, "error_max": 0.24596481269512768, "target": "43.xyz", "model": "25.xyz", "model_rescale": 4.19342608120988, "target_rescale": 4.062332849158152},
{"mapping": [3, 2, 14, 12, 11, 8, 10, 7, 9, 5, 1, 15], "R": [[-0.3469908223401461, 0.8705102604267858, -0.34901182745488574], [0.8683749765372561, 0.43878299188690656, 0.23107225310429452], [0.35429122108179506, -0.22289318635271166, -0.9081829981572581]], "T": [0.06428405975325802, 0.12388049245518216, -0.038574398246741096], "aligned_model": [[-0.19873794571511305, 0.38481481388177596, 0.1072703737173342, -0.650114309823608, -0.4993491108577045, -0.42502456377167946, -0.25350320713485697, -0.2971913484518567, 0.7598094867020654, 0.11449543153013939, 0.5166582368794876, 0.0386806976757966], [-0.5927578022078817, -0.40380894332702955, -0.4897634212845319, 0.3409426345923561, -0.32401779794302, -0.08791092490796977, 0.531725160088713, 0.5469878682531121, -0.09239099950332015, -0.1141228714560711, 0.5409891736714519, 0.15690435176517115], [0.24419426694821905, 0.029522432624774317, -0.5160441205261195, -0.04769520653760352, -0.30008420543388664, 0.3518355310993054, -0.6041982628495034, 0.5433960941567294, -0.5113714774555719, 0.673091360033885, -0.2721988481223288, -0.14118910272847857]], "inverted": false, "swapped": true, "error_lsq": 0.048352424002206386, "error_max": 0.2236466111006719, "target": "43.xyz", "model": "26.xyz", "model_rescale": 3.795458400668931, "target_rescale": 4.062332849158152},
