[{"mapping": [8, 5, 3, 10, 12, 9, 1, 7, 6, 0, 2, 13], "R": [[-0.7134629721149929, 0.25872567503385047, -0.6511770976463465], [-0.1942433573040521, 0.819880187692052, 0.5385777529505801], [0.6732310937294053, 0.5107421099814701, -0.5346984117496372]], "T": [-0.08867011074381248, 0.04872715936785508, -0.12762811821899017], "aligned_model": [[-0.4022947840756903, -0.6691548576080715, -0.4345189889369413, 0.5670426074303341, 0.40554485294689463, 0.5546731519937743, -0.015002748364660395, 0.13530967453446188, -0.7379668699288042, 0.38988253621246616, -0.09726915874845984, -0.034467956115704385], [-0.6641038384033499, 0.14568175552220627, 0.299804405013683, -0.488647064965426, 0.19765689881293838, -0.21476314036300123, 0.5969263851539822, -0.6514849034802843, -0.1852819375800734, 0.49376126705421264, 0.12116459668199281, -0.10483694217742884], [-0.19158642117240968, -0.6030632088297709, 0.17328561687662042, -0.672328677139671, -0.3897183895886433, 0.1035114067483473, -0.29223322746703645, 0.048242872294284256, 0.20130917860995695, 0.28266987308437147, 0.6378371778320311, -0.13210644443082517]], "inverted": true, "swapped": false, "error_lsq": 0.04781641566277806, "error_max": 0.25875020107872587, "target": "430.xyz", "model": "0.xyz", "model_rescale": 3.8414455957264533, "target_rescale": 3.704953246324888},
{"mapping": [13, 9, 6, 0, 4, 1, 2, 12, 8, 5, 10, 14], "R": [[0.7605238975433172, 0.29302335457170403, 0.5794313720718508], [-0.32714122502754805, 0.9437614901472452, -0.04788390755281603], [-0.5608761183657202, -0.15313903287730668, 0.8136131860143405]], "T": [0.005838924563295045, -0.04110954711876786, -0.14030250729648705], "aligned_model": [[-0.33737015628242806, -0.5647080209314562, -0.43124309140449607, 0.37013938336805535, 0.41213802551114687, 0.7832074905582624, 0.001486563848560496, -0.12073986293256805, -0.6531953732064454, 0.16798463556608126, -0.03715816225631419, 0.07123602750120059], [-0.666253053575042, 0.00353453189379533, 0.5382178434275693, -0.37052889559808205, 0.2115205174454557, -0.3587316643527889, 0.6705938572065866, -0.5798637564204036, -0.3328452394585868, 0.4696413739685275, 0.02720646829800446, -0.06661450156558373], [-0.3976935013112698, -0.511776287244912, 0.148429651743593, -0.6734867513146989, -0.3989844082780485, 0.06781331241803548, -0.3354026068514092, 0.38506522713618563, 0.1835284326686785, 0.2433184644899545, 0.5393043444737052, -0.08429612111255894]], "inverted": true, "swapped": false, "error_lsq": 0.03665835796916234, "error_max": 0.2102238171366133, "target": "430.xyz", "model": "1.xyz", "model_rescale": 4.316132596720782, "target_rescale": 3.704953246324888},
{"mapping": [7, 10, 6, 9, 1, 0, 8, 5, 3, 2, 4, 11], "R": [[-0.24747423379747546, 0.9246377548183792, -0.28948493219989757], [-0.5248962224188657, 0.12319109186441068, 0.8422041976715974], [0.8143957633096806, 0.3603733858787038, 0.45485224354020914]], "T": [-0.005620464700043702, -0.05877305350713239, -0.11730208269460415], "aligned_model": [[-0.5083981953511018, -0.38670092475727647, -0.6148127227782307, 0.2940453109465269, 0.40480540387082964, 0.5940766031345144, -0.03238085571937987, 0.11609963309464227, -0.5161604370680941, 0.4296167677462341, -0.05220868853331142, -0.06620443524575412], [-0.7215014554937015, 0.16716418875020858, 0.3961048169253752, -0.5210620759032206, 0.13666675511680645, -0.19607590588668486, 0.6685969564273638, -0.644587704436414, -0.35871116041939055, 0.5756624757878136, 0.057437436635623305, -0.013816846234327503], [-0.44664497170461004, -0.5655942241749169, 0.19585423400345717, -0.6137301116275208, -0.41386767580629613, 0.23685242051764807, -0.3565777938173058, 0.12304203407644193, 0.16625228153813423, 0.2125244056378949, 0.6433912789943125, -0.01568212081998374]], "inverted": true, "swapped": false, "error_lsq": 0.04654639740742696, "error_max": 0.27747142232590505, "target": "430.xyz", "model": "2.xyz", "model_rescale": 3.795458400668931, "target_rescale": 3.704953246324888},
{"mapping": [10, 5, 9, 2, 6, 1, 3, 0, 4, 8, 7, 11], "R": [[0.4229126348986705, 0.8992027157518341, -0.11215783177108302], [-0.5686907740803195, 0.16700624418833065, -0.8054189703986583], [-0.7055038672601242, 0.4044049831377383, 0.5819973392502537]], "T": [-0.007286184017843998, -0.11099621175344776, -0.06810081811728208], "aligned_model": [[-0.3508450613541798, -0.5458993628912656, -0.45433077772236774, 0.4123329574832721, 0.3531297113626881, 0.5790743764594629, -0.052772286682152565, 0.04268258190005272, -0.5597823526466317, 0.39631195870838554, -0.11406130706657483, -0.04406297821109017], [-0.5739545559742476, 0.14955871475577925, 0.596331670630247, -0.4608360229018777, 0.21653481457743068, -0.22168344583095057, 0.6191687766719725, -0.7717254894314569, -0.402423259257085, 0.5407784292895979, 0.03959298300887504, -0.18546513426883282], [-0.5226859088537633, -0.43665419195187744, 0.16512233864342316, -0.6059271786059397, -0.39994431401345687, 0.1323947461445295, -0.38725615596718743, 0.34800960980718093, 0.07602757241497757, 0.08309869746554743, 0.67299584503452, 0.040638696699301605]], "inverted": true, "swapped": false, "error_lsq": 0.04662512210187916, "error_max": 0.23181058971687354, "target": "430.xyz", "model": "3.xyz", "model_rescale": 3.7530521520055578, "target_rescale": 3.704953246324888},
{"mapping": [8, 7, 0, 3, 1, 5, 2, 10, 9, 4, 11], "R": [[-0.10344406278710075, 0.0720792439883979, 0.9920201149473531], [-0.9922720525982398, 0.061233595349508924, -0.10791950904747866], [-0.06852371492100093, -0.9955174681474122, 0.06518796750008238]], "T": [-0.11070017153967071, -0.017898131008266684, 0.10917188274338446], "aligned_model": [[-0.3553616766531134, -0.305161898392026, 0.3209845017421977, 0.5970456259607011, 0.3207599480884753, -0.15677572717208596, -0.279474928343156, -0.7427708036418034, -0.41947809060589, 0.413202324679635, -0.05476967321772914], [-0.64146531606508, 0.0073138963014505905, -0.35211470127590844, 0.32690251997789055, -0.68647919981261, 0.6684143585525948, -0.4816170414334934, -0.004411758006071818, 0.3113758286966041, 0.3088701370551341, 0.010414634323835492], [-0.20239125632502136, -0.5228625607526951, -0.5516099114398991, -0.3211357439000086, 0.12673853503332053, -0.04896206571341946, 0.523009697023362, -0.0189843904129815, 0.6705597280835143, 0.33962467695139875, 0.09884406869774583]], "inverted": true, "swapped": true, "error_lsq": 0.04241369343752877, "error_max": 0.25900310409935673, "target": "430.xyz", "model": "4.xyz", "model_rescale": 3.7855080009869324, "target_rescale": 3.704953246324888},
{"mapping": [5, 10, 8, 2, 14, 12, 15, 4, 7, 13, 6, 16], "R": [[0.17087763111061055, -0.9045373212913856, 0.390657227729157], [0.7136729107274526, 0.3869889059749395, 0.5838754688682553], [-0.6793171657479528, 0.17903022382638037, 0.7116715304667207]], "T": [0.04271429989651296, -0.11534382278150068, -0.09088276543036977], "aligned_model": [[-0.5003466597487877, -0.5738505539895272, -0.3348888538584296, 0.4684239632264725, 0.5100131852288742, 0.6975527787681648, -0.06363315811372909, -0.14811712740735836, -0.6308273707495042, 0.281842792614073, -0.11715432156468505, 0.07276278493403618], [-0.6663437554673339, 0.07551361327570202, 0.44858559424906685, -0.3945984635470059, 0.20094904488218046, -0.02181579257298774, 0.6413920383200358, -0.687777696480175, -0.28597015087453725, 0.43631154909050307, -0.10220040661998087, -0.09816809298601588], [-0.3287632247132532, -0.4290920115021487, 0.09542167586265343, -0.6262086621859, -0.4640958040089904, 0.0688180084078599, -0.39968555263205885, 0.33678955125712084, 0.18947012993682255, 0.31329733493429124, 0.5418465151870707, -0.13197820372621225]], "inverted": false, "swapped": false, "error_lsq": 0.03875983801157492, "error_max": 0.1918570287178284, "target": "430.xyz", "model": "5.xyz", "model_rescale": 4.2253639853439635, "target_rescale": 3.704953246324888},
{"mapping": [0, 4, 10, 7, 6, 11, 2, 9, 1, 5, 8, 13], "R": [[-0.2944754983429437, -0.13311921662945192, -0.9463421448079106], [0.8817679744391747, 0.34395882458672744, -0.3227654972923097], [0.3684690219395792, -0.9295007268167561, 0.01609281572665186]], "T": [-0.005962507261755835, -0.0814277054737089, -0.07893658207153964], "aligned_model": [[-0.28232993653207183, -0.5697203347848439, -0.3790774630040816, 0.3533789824974384, 0.481549488530967, 0.7268351147607792, -0.06438255646016618, -0.10579836348510481, -0.703589816571622, 0.24857071091036143, -0.03937776245613875, -0.004280604065917931], [-0.7457897677976583, 0.11133224002899098, 0.5027173528411062, -0.46436515924460386, 0.1325591504374713, -0.044955361158686175, 0.5390893334542749, -0.5915516498479204, -0.19832589623629204, 0.44535948041283535, -0.07104397535015473, -0.06914826626991148], [-0.43292350769137833, -0.4609470891557954, 0.27893525956583015, -0.6735993573181649, -0.43985159641501786, 0.1803532211824117, -0.3273662789455947, 0.24106777832629972, 0.11691216635381493, 0.16282645911417531, 0.6590610293525803, -0.13864832755190593]], "inverted": true, "swapped": false, "error_lsq": 0.03733422166432104, "error_max": 0.20732308106282601, "target": "430.xyz", "model": "6.xyz", "model_rescale": 3.89814844738969, "target_rescale": 3.704953246324888},
{"mapping": [8, 3, 0, 9, 5, 10, 1, 11, 7, 2, 4, 12], "R": [[-0.006935039607045612, -0.9993824772526638, -0.034446616466322244], [-0.23797526226208232, -0.03180833527555321, 0.9707502275860107], [-0.9712464567641637, 0.014929633864471936, -0.23760771505936204]], "T": [-0.11507352118670333, -0.04770768590903431, -0.046709025889056996], "aligned_model": [[-0.31502816799092137, -0.8251667701786677, -0.426066323374682, 0.48639615117468815, 0.4200720616733361, 0.593157572459026, 0.10730245953746156, -0.0020061620388386603, -0.6795068433540113, 0.3044460861720893, -0.027892418243281134, 0.026069813503399736], [-0.5889162540320823, -0.01041182977628493, 0.45452530154465165, -0.4532184930431069, 0.21935029287010646, -0.12276556334987265, 0.7214537352094038, -0.8132504452491527, -0.1789680704676079, 0.4102656760464195, -0.047464565146795694, -0.04472230333622647], [-0.399976909125468, -0.4297997899662829, -0.0920509575740157, -0.5679969478300584, -0.5415583414797899, 0.13127607483450499, -0.3182532092071157, 0.19098915487860396, 0.26225766457881095, 0.2936019250098376, 0.5919576982841518, 0.045373394414076756]], "inverted": true, "swapped": false, "error_lsq": 0.03954853575038348, "error_max": 0.2227815440369851, "target": "430.xyz", "model": "7.xyz", "model_rescale": 3.7474275329858107, "target_rescale": 3.704953246324888},
{"mapping": [6, 5, 8, 10, 11, 12, 9, 0, 3, 4, 1, 14], "R": [[0.24183028928023942, 0.9407633039219784, 0.23766050824745683], [0.7588628339892791, -0.33600537706386674, 0.5578777516391282], [0.6046861255034681, 0.04543998875409755, -0.7951665844624205]], "T": [0.0685832925321081, -0.009689898666474937, -0.00845407669183175], "aligned_model": [[-0.4158653971939027, -0.5188103976169893, -0.3772486660999679, 0.3384019059522687, 0.4478019726692889, 0.6761919585534548, -0.035323059843406696, -0.11080623438196624, -0.6146843072096768, 0.04630263411753319, 0.14332932889679983, 0.08248772149616335], [-0.5447408872908618, 0.09270393042270722, 0.4989003073980546, -0.5481674584029963, 0.16154323550185642, -0.101781636871849, 0.4936796564858117, -0.6274015577791678, -0.18939183172222968, 0.6554090990328367, -0.3616073109828493, 0.016731935478139105], [-0.3905116705079503, -0.40532385452754605, 0.07975126789709337, -0.4694347630556809, -0.4703548907068882, 0.046075177194757164, -0.5707378137589846, 0.1346016518084645, 0.11396789594273075, 0.4030951200823934, 0.65137088873928, 0.04332074770958602]], "inverted": false, "swapped": false, "error_lsq": 0.056830697315186814, "error_max": 0.3458031456921365, "target": "430.xyz", "model": "8.xyz", "model_rescale": 4.019505241142653, "target_rescale": 3.704953246324888},
{"mapping": [6, 2, 4, 10, 1, 9, 0, 11, 5, 7, 8, 12], "R": [[-0.7779318929008451, 0.11985559597307677, 0.6168116455788161], [-0.37345097897051116, -0.8776425055616212, -0.30046297398762334], [0.505327949270249, -0.46408864298262986, 0.7275062852930317]], "T": [-0.07174827182593749, -0.06128283800263368, -0.13419463484910352], "aligned_model": [[-0.3226530453741935, -0.42300198665409483, -0.44263721357660735, 0.421397464824361, 0.4124012043264952, 0.5294660184516287, -0.10019866414720541, -0.04294359841141668, -0.656530727090941, 0.2419199207764179, 0.1403074571290801, -0.09574937091392527], [-0.6652006600526654, 0.07688810608739247, 0.5119237338711582, -0.6337955995309117, 0.10770361167390752, -0.21246541209996864, 0.584873942920239, -0.5268747000129539, -0.2555872766851626, 0.6469980699482987, -0.010420872867170639, -0.07816546198271138], [-0.45104143819094256, -0.5897182678752602, 0.33641166567277103, -0.6511242030967405, -0.5739083675634681, 0.15394642068757117, -0.19990664071748912, 0.277684027880875, 0.1318880294950043, 0.33435035814246705, 0.5050098392482051, -0.10777166686573797]], "inverted": false, "swapped": false, "error_lsq": 0.04661741986673517, "error_max": 0.2531564793990133, "target": "430.xyz", "model": "9.xyz", "model_rescale": 3.877068213659057, "target_rescale": 3.704953246324888},
{"mapping": [12, 5, 4, 11, 8, 14, 7, 6, 3, 2, 13, 15], "R": [[-0.4898743691065912, 0.8338353415081332, 0.2544439540339569], [-0.8717438622382965, -0.4654189178343895, -0.1531269720582359], [-0.009259651304298094, -0.2968229340429761, 0.954887639821483]], "T": [0.011487671541650736, -0.06986860222077643, -0.09289048796467067], "aligned_model": [[-0.2948769328174857, -0.6823250212046026, -0.3867475090541501, 0.34911472401821686, 0.42858226688301854, 0.6002675004562587, -0.018986025254400705, -0.11996473228411184, -0.569394797324295, 0.3161380033751758, 0.04647352882370973, -0.006503546277734459], [-0.6654405983867915, -0.08516841293442348, 0.43669334717276065, -0.4510500398907883, 0.29145407298100023, -0.20672638624228923, 0.7206421815644148, -0.5937446496012027, -0.16300150961408238, 0.423863988454269, -0.0696513508056593, -0.09199316142775615], [-0.4239946140220606, -0.4525921774503462, 0.11421917406832188, -0.627085172771168, -0.6321501274057751, 0.4012044489195191, -0.2940138927183523, 0.2047312982579408, 0.14514976420478629, 0.22924560465541446, 0.6793882431653102, -0.17828279208633557]], "inverted": false, "swapped": false, "error_lsq": 0.040369200783832514, "error_max": 0.27903822311097565, "target": "430.xyz", "model": "10.xyz", "model_rescale": 4.260839863003843, "target_rescale": 3.704953246324888},
{"mapping": [0, 3, 2, 6, 5, 10, 4, 7, 1, 9, 8, 11], "R": [[0.10647725565493528, 0.8907196423993614, 0.44190622610701874], [-0.894699943216647, -0.10806553322817282, 0.43339802968661434], [0.4337909699801534, -0.44152050821231925, 0.7854202920676376]], "T": [-0.02285055718679581, -0.021875383840452293, -0.02999413190179287], "aligned_model": [[-0.25920806867061924, -0.5320732677574844, -0.5000216731531836, 0.37426077155132104, 0.16534995554076043, 0.5954390836957478, 0.22112495903677087, 0.045853971167108334, -0.692897775716893, 0.34891727176984005, -0.04814452552394845, -0.05682324259982101], [-0.7608420063595044, 0.0990556708724395, 0.44928883178199097, -0.5352201912912795, 0.11755740899717998, -0.06744257197945025, 0.6410632774166256, -0.6384571784800529, -0.24248356710570634, 0.5331087546454992, 0.022871951393558295, -0.07262289862184847], [-0.4399913599692361, -0.5094740401960145, 0.1137735075228328, -0.5610638409846478, -0.6638316233287995, 0.06474415700317465, -0.22258472745448019, 0.18145848119372407, 0.13009770910759763, 0.4053385552916762, 0.686226014571313, -0.018873075939884926]], "inverted": false, "swapped": false, "error_lsq": 0.04176092764232445, "error_max": 0.2869197761421832, "target": "430.xyz", "model": "11.xyz", "model_rescale": 3.890672605050136, "target_rescale": 3.704953246324888},
{"mapping": [8, 0, 4, 6, 11, 9, 2, 5, 7, 10, 12, 13], "R": [[0.8011241629102314, -0.5933657123733654, 0.07821257559388907], [-0.5970791182512402, -0.801364597227329, 0.03621199882638748], [0.04118983065882606, -0.0757094029188537, -0.9962788184840466]], "T": [-0.017247756669091494, -0.07180422818014258, -0.23875752274154716], "aligned_model": [[-0.4107592911684641, -0.4564611302837418, -0.4503969943404349, 0.25755712315087903, 0.4226734745308749, 0.6264992502447604, 0.05171427325615731, 0.047515642799617924, -0.5276964428847878, 0.23028488994138546, -0.010075601994549606, -0.1190777339120979], [-0.6556332925197691, 0.009317339872712105, 0.4584141658249637, -0.3696086732550819, 0.2531670495639081, -0.38161646277135824, 0.6355739855627681, -0.6282574277134272, -0.32525539481906324, 0.5819116545986701, 0.010192280029303252, -0.04232774310417378], [-0.39200027684887156, -0.6250287271846164, -0.08940145025528598, -0.6484563565967295, -0.29896668214571787, 0.07015441682773521, -0.25935933861214666, 0.3008142710482008, 0.39541029033827235, 0.3188477479538546, 0.5017539758753585, -0.10794811358279807]], "inverted": true, "swapped": false, "error_lsq": 0.049392574613331346, "error_max": 0.25271804293251493, "target": "430.xyz", "model": "12.xyz", "model_rescale": 4.124412569039231, "target_rescale": 3.704953246324888},
{"mapping": [7, 9, 8, 5, 0, 4, 6, 10, 11, 1, 2, 12], "R": [[-0.04686226136658117, 0.41971441795966835, -0.9064456607080138], [0.7304837463469538, -0.6045397766147207, -0.3176871964897916], [-0.681320354005757, -0.6770313625286505, -0.2782644594087961]], "T": [0.019971922073626552, 0.010234182766777546, -0.2724132873605563], "aligned_model": [[-0.21287229415306289, -0.5761347385467657, -0.43411147187394983, 0.4373689753302289, 0.5538483067596108, 0.5982251003512287, -0.21138872685967014, -0.19459302424582017, -0.6398936799925734, 0.305436352715019, 0.030171790849559288, 0.005720869005794268], [-0.4876376161903381, 0.07888071409323952, 0.3219732214387231, -0.5752267569008979, 0.10688274795646435, -0.2646452991099823, 0.6373438459880422, -0.5774039242990996, -0.22476005543160696, 0.6198143687795046, -0.02605214061239195, -0.06329162444220476], [-0.5740503495545586, -0.4928350986706943, 0.18750318767310026, -0.5106590997652242, -0.4783318492131083, 0.18403034333719231, -0.3010233416030017, 0.11906214128404796, 0.4346284062897314, 0.18561111653950652, 0.5883856317032963, -0.17650133120303202]], "inverted": true, "swapped": false, "error_lsq": 0.05062635222087919, "error_max": 0.26515334134070206, "target": "430.xyz", "model": "13.xyz", "model_rescale": 3.9028299243045295, "target_rescale": 3.704953246324888},
{"mapping": [10, 9, 6, 13, 12, 8, 1, 4, 7, 2, 3, 15], "R": [[-0.8477354148995393, 0.13066620114119556, 0.5140729619464873], [0.35587442164676397, -0.578554292434118, 0.7339130239501397], [0.39331674556607327, 0.8051094798754923, 0.4439602043786437]], "T": [0.05200014241789118, -0.02797129335943909, -0.06644441288397393], "aligned_model": [[-0.2861095185950493, -0.652280053071431, -0.41692721737873145, 0.3344562123244559, 0.5181097323446903, 0.8070525864724617, -0.0010712068566278848, -0.0206333934412323, -0.784298737422546, 0.42375663612749365, -0.2007477470698456, -0.05952983409403913], [-0.6502774280661068, 0.10047601903592557, 0.413073082476433, -0.4710836471144587, 0.10983530927474683, -0.06621291085426556, 0.6018796641775331, -0.588538718540351, -0.3600269022063099, 0.4798309580435733, 0.005994533965513853, -0.02907247892278199], [-0.298326999304635, -0.363658394122394, 0.1067469611129773, -0.6635385112619918, -0.5644318418513935, 0.09148134491450136, -0.21700987678173278, 0.3075232396975731, 0.038299140846717844, 0.3157646299323341, 0.5024617939478528, -0.089491730312554]], "inverted": true, "swapped": false, "error_lsq": 0.04197967198041885, "error_max": 0.2237989952670639, "target": "430.xyz", "model": "14.xyz", "model_rescale": 3.942246331269136, "target_rescale": 3.704953246324888},
{"mapping": [9, 5, 1, 10, 4, 11, 3, 6, 2, 12, 8, 14], "R": [[-0.2651636628184145, 0.11330133204373502, -0.9575233887889307], [0.17838349774292742, 0.9816935048590282, 0.06676219177495951], [0.9475587367829614, -0.1531034639539967, -0.28052053342236116]], "T": [0.01635962067096345, -0.058036785911915044, -0.040171131917623934], "aligned_model": [[-0.32691574360219106, -0.5143694848701222, -0.4370108567366612, 0.3079902916198404, 0.4468152742341048, 0.6525984172584419, -0.04424732263299019, 0.11998192583161699, -0.7313122608117218, 0.11424038655377464, 0.12647742286259198, -0.05247059036708524], [-0.7041552164449627, 0.10753891252097345, 0.6126607823386923, -0.418696410211915, 0.11315964226722489, -0.3372600673237996, 0.5421334735966015, -0.5814950087468852, -0.1636334676351337, 0.6932220387670212, -0.29966217892846564, -0.017935018929899835], [-0.37611056714517516, -0.346260763903313, -0.004654685888735063, -0.5822750916936551, -0.39942548501141495, 0.13687569095996033, -0.43090171496107854, 0.1272901954331051, 0.071560766341884, 0.2665955419160345, 0.6866934809078143, 0.016432389861828538]], "inverted": true, "swapped": false, "error_lsq": 0.05224522806669735, "error_max": 0.29079302512771177, "target": "430.xyz", "model": "15.xyz", "model_rescale": 4.355366556412066, "target_rescale": 3.704953246324888},
{"mapping": [7, 10, 6, 9, 1, 0, 8, 5, 3, 2, 4, 11], "R": [[-0.24747423379747546, 0.9246377548183792, -0.28948493219989757], [-0.5248962224188657, 0.12319109186441068, 0.8422041976715974], [0.8143957633096806, 0.3603733858787038, 0.45485224354020914]], "T": [-0.005620464700043702, -0.05877305350713239, -0.11730208269460415], "aligned_model": [[-0.5083981953511018, -0.38670092475727647, -0.6148127227782307, 0.2940453109465269, 0.40480540387082964, 0.5940766031345144, -0.03238085571937987, 0.11609963309464227, -0.5161604370680941, 0.4296167677462341, -0.05220868853331142, -0.06620443524575412], [-0.7215014554937015, 0.16716418875020858, 0.3961048169253752, -0.5210620759032206, 0.13666675511680645, -0.19607590588668486, 0.6685969564273638, -0.644587704436414, -0.35871116041939055, 0.5756624757878136, 0.057437436635623305, -0.013816846234327503], [-0.44664497170461004, -0.5655942241749169, 0.19585423400345717, -0.6137301116275208, -0.41386767580629613, 0.23685242051764807, -0.3565777938173058, 0.12304203407644193, 0.16625228153813423, 0.2125244056378949, 0.6433912789943125, -0.01568212081998374]], "inverted": true, "swapped": false, "error_lsq": 0.04654639740742696, "error_max": 0.27747142232590505, "target": "430.xyz", "model": "16.xyz", "model_rescale": 3.795458400668931, "target_rescale": 3.704953246324888},
{"mapping": [8, 3, 0, 9, 5, 10, 1, 11, 7, 2, 4, 12], "R": [[-0.006935039607045612, -0.9993824772526638, -0.034446616466322244], [-0.23797526226208232, -0.03180833527555321, 0.9707502275860107], [-0.9712464567641637, 0.014929633864471936, -0.23760771505936204]], "T": [-0.11507352118670333, -0.04770768590903431, -0.046709025889056996], "aligned_model": [[-0.31502816799092137, -0.8251667701786677, -0.426066323374682, 0.48639615117468815, 0.4200720616733361, 0.593157572459026, 0.10730245953746156, -0.0020061620388386603, -0.6795068433540113, 0.3044460861720893, -0.027892418243281134, 0.026069813503399736], [-0.5889162540320823, -0.01041182977628493, 0.45452530154465165, -0.4532184930431069, 0.21935029287010646, -0.12276556334987265, 0.7214537352094038, -0.8132504452491527, -0.1789680704676079, 0.4102656760464195, -0.047464565146795694, -0.04472230333622647], [-0.399976909125468, -0.4297997899662829, -0.0920509575740157, -0.5679969478300584, -0.5415583414797899, 0.13127607483450499, -0.3182532092071157, 0.19098915487860396, 0.26225766457881095, 0.2936019250098376, 0.5919576982841518, 0.045373394414076756]], "inverted": true, "swapped": false, "error_lsq": 0.03954853575038348, "error_max": 0.2227815440369851, "target": "430.xyz", "model": "17.xyz", "model_rescale": 3.7474275329858107, "target_rescale": 3.704953246324888},
{"mapping": [12, 10, 8, 7, 1, 2, 3, 9, 5, 0, 4, 13], "R": [[-0.7996571866996937, -0.41258395173282275, 0.4362600904644599], [0.21665893962188815, 0.47934518635206114, 0.8504628717369305], [-0.5600065067849211, 0.7745983960050753, -0.293921821688888]], "T": [-0.0015726430025870541, -0.05183935515510946, -0.14358216372749552], "aligned_model": [[-0.34678902558736513, -0.6279495700472151, -0.3804423032790646, 0.3386248326225383, 0.49753630793431514, 0.6707570388624912, -0.11596486933790728, 0.01478349005400223, -0.6439347522923068, 0.40931730137174627, -0.23550360575254817, 0.08134261479091273], [-0.6764666836398028, 0.07789926916610801, 0.4810112827407231, -0.5446663563971099, 0.3070033265730419, -0.14081852373464973, 0.5409209370773473, -0.6308361224674743, -0.28229928412828403, 0.4650784421266246, -0.01494658596381404, -0.03600222008325815], [-0.36697256866614714, -0.4029259608170407, 0.1553867802026234, -0.6005356695258497, -0.4608211929696274, 0.06591301581556383, -0.453644795812975, 0.1914094573756914, 0.0961657838275044, 0.36935821803857904, 0.6521194450863108, -0.07963275573737773]], "inverted": true, "swapped": false, "error_lsq": 0.03670188871534366, "error_max": 0.22637841444730636, "target": "430.xyz", "model": "18.xyz", "model_rescale": 3.922800546911778, "target_rescale": 3.704953246324888},
{"mapping": [5, 0, 2, 12, 7, 13, 9, 8, 1, 11, 6, 14], "R": [[-0.23685972480149586, 0.08521055351498918, -0.9677998927136896], [-0.9560377234952251, -0.19770587658235322, 0.21657390798263554], [-0.17288534356916274, 0.9765508424728703, 0.128293063119173]], "T": [-0.020019493969096774, -0.06385791181813763, 0.015115883810864872], "aligned_model": [[-0.31058724916340286, -0.6362377721887118, -0.4734513013100645, 0.3313832636084002, 0.48694158698717427, 0.6492208298841902, -0.05474051398216817, 0.06458284735072939, -0.7110102748418023, 0.5068561648181071, -0.22078249625599675, 0.029602374433144577], [-0.657619382984181, -0.08807390602939909, 0.4895556988634524, -0.42831350382386746, 0.2881874772811266, -0.20147462202857871, 0.7192313989232137, -0.6125755678925606, -0.20025890426305967, 0.3922829869272294, -0.1446816019197629, -0.010382591784160983], [-0.3663961280390805, -0.5489153696576743, -0.020407832093518263, -0.5867996152329769, -0.4920976072047551, 0.08577546787267813, -0.20467667313060847, 0.272296815796527, 0.24295252253434702, 0.16202106900908528, 0.6700429942164567, -0.04797588725322513]], "inverted": true, "swapped": false, "error_lsq": 0.038906604121880274, "error_max": 0.2812579184984665, "target": "430.xyz", "model": "19.xyz", "model_rescale": 3.9282355846067225, "target_rescale": 3.704953246324888},
{"mapping": [7, 6, 3, 12, 11, 10, 4, 2, 5, 0, 1, 13], "R": [[-0.13396262299089656, -0.3638986741578742, 0.9217547236589244], [-0.9848097700751574, 0.15257309906523964, -0.08289249788819497], [-0.11047050468751707, -0.9188575539156056, -0.3788100621767001]], "T": [-0.07730066983295626, -0.027127117148543677, -0.2730559136646349], "aligned_model": [[-0.23868917744223067, -0.714633096169376, -0.4335108435900944, 0.40507736542795597, 0.5219298430928084, 0.6436826091310707, -0.06756447703366167, -0.03720208905629334, -0.6139753885593445, 0.2687255244234773, -0.06022130997753829, -0.011841500907174077], [-0.6103985384133181, 0.007721145217842847, 0.44990721795967326, -0.614597781365251, 0.3646824962967356, -0.34701285567875306, 0.6010333085661216, -0.6019613763180524, -0.1952842209497461, 0.4899801299142411, 0.019893841660854207, -0.01808588562089637], [-0.4208597536927065, -0.4124726666294046, 0.18727833922268577, -0.6538235528491751, -0.30082623084936, 0.07348495655232501, -0.34152146015013085, 0.3157342770354288, 0.14094117203734868, 0.22999771779069555, 0.47460585559081314, -0.12671889724126456]], "inverted": false, "swapped": false, "error_lsq": 0.04242862851909692, "error_max": 0.3050131765687233, "target": "430.xyz", "model": "20.xyz", "model_rescale": 4.067790424073018, "target_rescale": 3.704953246324888},
{"mapping": [2, 4, 5, 3, 11, 12, 13, 0, 8, 10, 7, 14], "R": [[-0.8209003885298343, 0.3575865869470014, -0.445257661300917], [0.24021165195345173, -0.49114259298881935, -0.8373035982354387], [-0.5180935382509236, -0.7942989274749235, 0.3172826806411362]], "T": [-0.05846378643642092, 0.003013567045193774, -0.08154180343604461], "aligned_model": [[-0.28939622117538644, -0.7903481812952177, -0.5168786551622763, 0.42313503544710296, 0.45947395344663733, 0.6706759048801196, 0.04526237768517233, -0.09324052702831537, -0.5295852208588762, 0.44776322199640073, -0.16536965859601777, 0.0002854300002558402], [-0.5985975200224215, -0.13627659774001316, 0.37491939814391445, -0.516049764850555, 0.19561585574360496, -0.1764060339920161, 0.6888436604232171, -0.6656260428046554, -0.06321300538071802, 0.5868920795407913, -0.18996073580713413, 0.04573618801543726], [-0.45363889028541476, -0.37720373418222913, -0.08436700851046816, -0.5531145432042649, -0.4172159161884453, 0.07070071430507777, -0.1764178856217558, 0.15545963110519273, 0.23282507118260415, 0.19068405891496892, 0.6311965848560692, -0.053088325554079635]], "inverted": true, "swapped": false, "error_lsq": 0.04483085842277285, "error_max": 0.268364528044679, "target": "430.xyz", "model": "21.xyz", "model_rescale": 4.186013935880536, "target_rescale": 3.704953246324888},
{"mapping": [4, 11, 5, 10, 9, 1, 8, 6, 3, 2, 0, 12], "R": [[-0.7256119943205921, 0.4455368608418443, -0.5243893013108566], [0.6636991816350377, 0.6543191549629637, -0.36244977548004476], [0.18163322932512826, -0.6110346545653107, -0.7704842768838163]], "T": [0.030208801843327422, -0.06352366249688203, -0.0870898572385908], "aligned_model": [[-0.27748018816583886, -0.3965823576679496, -0.44610507180570513, 0.3033439020164822, 0.44237776655061517, 0.6895280773896239, 0.0625600168744243, -0.18127532017816966, -0.836422894150564, 0.12808521050306926, 0.18576450722545193, -0.012016189251840337], [-0.6437025136100101, 0.09870937755304356, 0.3326362465188982, -0.534362930715621, 0.10632195737646262, -0.09655161353029586, 0.6253583682212404, -0.4775427514231047, -0.27407959840641954, 0.5914087491664388, -0.1008599835394509, -0.08145782634172957], [-0.3974704863323791, -0.523548017422403, 0.37629032832496834, -0.7195509494762944, -0.5192009195597191, 0.22807753205793402, -0.42184809439386056, 0.21904003211344836, 0.1515612606900671, 0.24635121348565164, 0.6173225664596624, -0.09120470912982051]], "inverted": false, "swapped": false, "error_lsq": 0.05264181085719848, "error_max": 0.3100275565521942, "target": "430.xyz", "model": "22.xyz", "model_rescale": 4.166573947596378, "target_rescale": 3.704953246324888},
{"mapping": [6, 1, 0, 11, 3, 9, 4, 14, 5, 8, 10, 15], "R": [[-0.550211936253187, 0.7198510028804526, -0.4231800548897899], [0.6707723150430147, 0.6828531827544746, 0.2894408958214418], [0.49732416649138783, -0.124603629377682, -0.8585700955481479]], "T": [0.015810698232742837, -0.11890540031957392, -0.08297978774401961], "aligned_model": [[-0.49486436621247165, -0.5910464702532824, -0.4849100804833347, 0.5715006108715133, 0.40475036043869295, 0.5881491798789152, -0.01155130856440964, 0.19298215017584952, -0.7651634028535431, 0.3292122467115505, -0.02667162544295215, -0.050609834926928624], [-0.48333125831755325, 0.09686730915412398, 0.5186564852902698, -0.4483009470749215, 0.14089785951776268, -0.14010337471419715, 0.5560049912404295, -0.7439209708162389, -0.18904285451322017, 0.569597049431458, -0.2240560072805056, -0.10739080064795592], [-0.5136912973919234, -0.38837391959766954, 0.014740765967059907, -0.5355288151384725, -0.4606765673928261, 0.09709929097034097, -0.37211781241899944, 0.36862133766793703, 0.19310384478976017, 0.20306738724482587, 0.6573443541931049, -0.09776881207588274]], "inverted": true, "swapped": false, "error_lsq": 0.04758886432439833, "error_max": 0.2951064663407199, "target": "430.xyz", "model": "23.xyz", "model_rescale": 4.274766983524099, "target_rescale": 3.704953246324888},
{"mapping": [5, 4, 3, 7, 1, 8, 10, 2, 9, 6, 11], "R": [[0.6628031510352206, 0.7021094912868495, 0.2602580358465506], [0.05045063238875358, 0.3049071886323919, -0.9510448675072414], [-0.7470921741454384, 0.6434857174523867, 0.16667157755727205]], "T": [-0.059924955287300796, 0.04161821176321051, 0.02781883102960539], "aligned_model": [[0.277259378675738, 0.19189343496757183, -0.3213262589537511, -0.4567554828993815, -0.5805419003142942, -0.6286000320880788, 0.007360641088783801, -0.016416428781644878, 0.6342621384393151, 0.3354339651241947, -0.06267475130037806], [-0.1083274652850228, 0.5888718444752508, 0.5141373899626711, -0.37360217217529185, 0.49556679070880844, -0.2556471164975093, -0.5923695029611362, 0.0709570659799578, -0.06083599285503194, 0.5492149319279462, 0.08762075796284113], [-0.5738265418214219, -0.2395026546934387, -0.688666507984789, -0.3008696421694794, 0.423237282660028, 0.39389103378459156, 0.12606048548935023, 0.6697129988661884, 0.19069569125738942, 0.3947498997663381, -0.01591561113317979]], "inverted": false, "swapped": true, "error_lsq": 0.04793101205360595, "error_max": 0.28120932364336937, "target": "430.xyz", "model": "24.xyz", "model_rescale": 3.7841303162186577, "target_rescale": 3.704953246324888},
{"mapping": [7, 1, 4, 10, 9, 13, 2, 11, 6, 5, 3, 15], "R": [[-0.48719446183830684, 0.6601505745106758, 0.571701648875799], [-0.7423136708873238, -0.6578901718723402, 0.12708633194631408], [0.46001301108541337, -0.36246619252974127, 0.8105592445374514]], "T": [-0.00158543975970038, -0.064484986312683, -0.23963616894980816], "aligned_model": [[-0.2815184560740771, -0.6542715470856086, -0.4533814747657465, 0.33324656419201715, 0.44904907955762124, 0.528116449187034, 0.07520471835070255, 0.08165586562414862, -0.4873899729321814, 0.14405905405740832, -0.03485867111327817, -0.03813414965844099], [-0.6374140423700386, 0.19595969158522886, 0.39791502745450535, -0.5977591022428661, 0.1817161798187818, -0.2712055562498437, 0.6820990645330635, -0.7030996539638459, -0.2580875084823134, 0.61113398626938, 0.024359847466746992, -0.079740452549347], [-0.3668971731994273, -0.48295860700600035, 0.13288351224740674, -0.6965402635755373, -0.5197329813580842, 0.29765566244366976, -0.31385580629301413, 0.17829894623133274, 0.25890015991866505, 0.30042441168129036, 0.5603646905616977, -0.18272279483474374]], "inverted": false, "swapped": false, "error_lsq": 0.04256892817176499, "error_max": 0.22927201320942217, "target": "430.xyz", "model": "25.xyz", "model_rescale": 4.19342608120988, "target_rescale": 3.704953246324888},
{"mapping": [7, 10, 6, 9, 1, 0, 8, 5, 3, 2, 4, 11], "R": [[-0.24747423379747546, 0.9246377548183792, -0.28948493219989757], [-0.5248962224188657, 0.12319109186441068, 0.8422041976715974], [0.8143957633096806, 0.3603733858787038, 0.45485224354020914]], "T": [-0.005620464700043702, -0.05877305350713239, -0.11730208269460415], "aligned_model": [[-0.5083981953511018, -0.38670092475727647, -0.6148127227782307, 0.2940453109465269, 0.40480540387082964, 0.5940766031345144, -0.03238085571937987, 0.11609963309464227, -0.5161604370680941, 0.4296167677462341, -0.05220868853331142, -0.06620443524575412], [-0.7215014554937015, 0.16716418875020858, 0.3961048169253752, -0.5210620759032206, 0.13666675511680645, -0.19607590588668486, 0.6685969564273638, -0.644587704436414, -0.35871116041939055, 0.5756624757878136, 0.057437436635623305, -0.013816846234327503], [-0.44664497170461004, -0.5655942241749169, 0.19585423400345717, -0.6137301116275208, -0.41386767580629613, 0.23685242051764807, -0.3565777938173058, 0.12304203407644193, 0.16625228153813423, 0.2125244056378949, 0.6433912789943125, -0.01568212081998374]], "inverted": true, "swapped": false, "error_lsq": 0.04654639740742696, "error_max": 0.27747142232590505, "target": "430.xyz", "model": "26.xyz", "model_rescale": 3.795458400668931, "target_rescale": 3.704953246324888},
{"mapping": [11, 8, 6, 4, 9, 3, 1, 10, 5, 0, 7, 12], "R": [[0.38355162469978454, 0.08103265699939705, -0.9199575314598898], [0.5738702138663627, -0.8013881965701972, 0.16867108831967148], [-0.7235752406122884, -0.5926302952917487, -0.35387597301213297]], "T": [0.018875507080288935, 0.024445956804088197, -0.22222389673665283], "aligned_model": [[-0.184560145030139, -0.6771547077095087, -0.568800655080235, 0.3954930574408265, 0.34812245512097134, 0.6357910590250768, -0.13489461288712581, -0.060046158365127465, -0.5500719687439496, 0.4046044431745702, 0.05421740139664786, -0.0009227090024080745], [-0.5017785828942645, 0.0985210228019067, 0.4788272152644308, -0.7123898596263493, 0.07331609388727311, -0.08648639096840072, 0.5751248464451614, -0.610209192863334, -0.1316208558474329, 0.5302034686824709, -0.17736502517187658, 0.00973474155986703], [-0.6618558575891322, -0.42423017090470794, 0.13744450619045878, -0.3409478750321248, -0.4934847435663698, 0.16788605550014724, -0.37539269662785396, 0.09189493465232279, 0.24553927798134162, 0.313215846961063, 0.5640530116674056, -0.05830253241529504]], "inverted": false, "swapped": false, "error_lsq": 0.053986873472321124, "error_max": 0.36405716965145685, "target": "430.xyz", "model": "27.xyz", "model_rescale": 3.6321398670334006, "target_rescale": 3.704953246324888},
{"mapping": [12, 10, 11, 7, 3, 4, 0, 6, 9, 2, 13, 14], "R": [[-0.004072522469245332, -0.7336423784990513, 0.6795235647356113], [-0.9870632199363456, -0.10596653592854849, -0.12032162362683263], [0.16027980037930856, -0.6712227303463125, -0.7237198573044755]], "T": [-0.010728777433212183, -0.0013327211159185406, -0.15803184362830247], "aligned_model": [[-0.19819245171189406, -0.6877998591393212, -0.3672345631151568, 0.39333876419091196, 0.47755449765718816, 0.6528863091096836, -0.08570946776517091, 0.006430879701556036, -0.5813626220973543, 0.18336811695497696, -0.14372837956493337, 0.012226235119113076], [-0.771778189721816, 0.2773618850857378, 0.4027962229857244, -0.4697985134309876, 0.21492260029445592, -0.4227782495956487, 0.564454483120278, -0.610586519991933, -0.2180286465249378, 0.6027826187655803, -0.033559813467536705, 0.010089603750535536], [-0.3920850033816474, -0.419901467273409, 0.1914095072924259, -0.6251042226449897, -0.5897414209959363, 0.10362811852895404, -0.4103697714548139, 0.3240706266650247, 0.11398295827625843, 0.3223999574019133, 0.6467972390131077, -0.09926676460963244]], "inverted": false, "swapped": false, "error_lsq": 0.0444400708744839, "error_max": 0.2721691730272733, "target": "430.xyz", "model": "28.xyz", "model_rescale": 4.156811204709835, "target_rescale": 3.704953246324888},
{"mapping": [6, 1, 2, 8, 3, 4, 9, 5, 7, 11], "R": [[0.7645128499912615, 0.6058257644634814, -0.2202163602243884], [-0.2434282029654889, -0.044993275623875104, -0.9688747675265503], [-0.5968775520986125, 0.7943240826393674, 0.11307713977588765]], "T": [-0.09039365151618503, 0.09091126914776355, -0.015656994839566618], "aligned_model": [[-0.5758899011608084, 0.25479917371404903, -0.0011999906877986771, 0.6155106091311127, -0.22241243725286092, -0.6057693472464472, -0.6177979616629766, -0.4516388908956873, 0.36475407352716516, -0.11742995335516004], [-0.18449582966860878, -0.5439068319014096, 0.08950833729610908, 0.107120865727606, -0.45469325709775515, -0.28933270351758966, 0.4930271407033668, 0.37009943974742754, 0.28327343509257136, 0.04811973424448643], [-0.5025305276771768, -0.3492959608727002, -0.6534848756963966, -0.23292019873963465, 0.6842308515332658, 0.1397850535851565, -0.2968490577074354, 0.5225901400635944, 0.4245201204194507, 0.02274118206697593]], "inverted": true, "swapped": true, "error_lsq": 0.05927519687887284, "error_max": 0.3592181674510645, "target": "430.xyz", "model": "29.xyz", "model_rescale": 4.117894457231895, "target_rescale": 3.704953246324888},
