[{"mapping": [6, 11, 7, 8, 5, 1, 2, 4, 9, 12, 13], "R": [[0.7679355500010892, 0.0005936167526361391, -0.640526844608152], [0.6191909097264051, -0.2566394418348628, 0.7421177899813998], [-0.16394391832791974, -0.9665070328320644, -0.19745011301452153]], "T": [0.20188049332858665, -0.015977235040594614, 0.12452407081434738], "aligned_model": [[-0.28128228649865916, 0.4365149240427686, -0.26573201785527584, -0.13599314975152027, 0.5826801497423625, 0.6236507806693798, -0.42162332252449203, -0.7125423505637407, -0.042875108108736265, 0.5653087335251534, 0.13700466787976262], [-0.6070346429920317, -0.09299813189829997, 0.2739222719535361, -0.28482591913624433, -0.6509570784505835, 0.0009561568396784549, 0.05548673083827971, -0.10560631761758504, 0.6656893890130425, 0.43462150077911127, 0.04785864919336913], [0.08267729216903176, -0.5282211369152439, -0.39383034240536374, -0.5267369505853018, -0.03101846542501585, 0.5180557701460093, 0.5688146723435907, -0.13853812094903725, 0.014213232812824661, 0.12523222257441352, -0.01059058202464308]], "inverted": false, "swapped": false, "error_lsq": 0.04470499606312461, "error_max": 0.2894603576126908, "target": "431.xyz", "model": "0.xyz", "model_rescale": 3.8414455957264533, "target_rescale": 3.9277317340930407},
{"mapping": [7, 5, 1, 4, 6, 8, 13, 0, 11, 10, 14], "R": [[0.9066972758626359, -0.20054014687804878, -0.3710575419438419], [-0.1707504510627446, 0.6299030224809508, -0.7576717400901476], [0.3856738692278031, 0.7503371453949841, 0.5368890340055028]], "T": [0.06787211508510146, -0.11924108382616856, -0.03241325770431033], "aligned_model": [[-0.3440356222759826, 0.5386622572581383, -0.2417658147948891, -0.1845100813974371, 0.745934607298446, 0.4578344458226914, -0.282755032456374, -0.6535497934552066, -0.2707555592295774, 0.6476408246715871, 0.07241078911560661], [-0.608494225136476, -0.17086928481425717, 0.5260260489229248, -0.29620390652235096, -0.5067998233595887, 0.02765203351141747, 0.019250211216237476, -0.08210611125604476, 0.633946558618516, 0.23674373522971642, -0.042032627887822055], [0.030183721098105715, -0.4906860540580966, -0.5184714547776029, -0.4805255440012156, -0.02488638263311873, 0.6388945630345245, 0.6254072081096801, -0.09314869379760242, 0.1780744511692089, -0.10673924506109009, -0.07804497734152856]], "inverted": false, "swapped": false, "error_lsq": 0.0415589830145851, "error_max": 0.20958514876498197, "target": "431.xyz", "model": "1.xyz", "model_rescale": 4.316132596720782, "target_rescale": 3.9277317340930407},
{"mapping": [2, 3, 5, 4, 6, 10, 1, 0, 9, 7, 11], "R": [[-0.06251403015424031, 0.9852174689927877, -0.15949462318623997], [0.012582687504335166, 0.16057249874336912, 0.9869438426893798], [0.9979647649135932, 0.05969096614025149, -0.02243471756453297]], "T": [0.03877623478922278, -0.019141020291812888, 0.05908538491933191], "aligned_model": [[-0.47352195888794746, 0.4756208599881071, -0.12363888465847224, -0.09438689443721561, 0.5497278107091147, 0.5087523650502656, -0.2956080885901028, -0.6237876108933781, -0.12853564618043462, 0.617214868695264, 0.07327419976180186], [-0.6642932722315265, 0.015863692783848124, 0.36833070073401486, -0.517104922051908, -0.6506420481563713, -0.03162368590727241, 0.026767390600644807, -0.002145809242441704, 0.6699329063236052, 0.6401721029082892, -0.11814444723860953], [0.20759307602395757, -0.42974838267088733, -0.4300433060169825, -0.5141765662820613, -0.06831517187103425, 0.47885010310474285, 0.4841463281878088, -0.19514752361556875, 0.2761921866949033, -0.11748208705893748, -0.011811064754676595]], "inverted": false, "swapped": false, "error_lsq": 0.050384965645078245, "error_max": 0.21210532070733515, "target": "431.xyz", "model": "2.xyz", "model_rescale": 3.795458400668931, "target_rescale": 3.9277317340930407},
{"mapping": [3, 1, 7, 8, 2, 10, 5, 9, 4, 0, 11], "R": [[0.830631061868556, 0.2522865820191073, 0.49639049103727934], [-0.4307711444990083, -0.2737275682989035, 0.8599473468882752], [0.35282893890117567, -0.928129677839409, -0.11868884104070214]], "T": [0.12024054442389626, -0.04823264689799498, -0.033570606688111196], "aligned_model": [[-0.4473275353314567, 0.4793549967553545, -0.20512136290512423, -0.23938990259856613, 0.7347834432312224, 0.4137015921933998, -0.3055374992700314, -0.7459361477921662, 0.045357978852317016, 0.6136012510236706, 0.14162420639838244], [-0.6059931810982878, -0.16224188296946931, 0.44760451589966077, -0.4766968429502973, -0.46892898487357, 0.04511241875452534, -0.1497996383519363, -0.0008170139538618906, 0.48545743157669197, 0.5401768217275622, 0.0832389647612547], [0.028394600221850655, -0.5378597560624825, -0.5148059273618588, -0.5791412357610234, 0.1483000290792038, 0.6328962323673024, 0.5161764436035577, -0.07878496747559696, 0.3135925175556612, -0.18382856684630589, -0.06488177757904381]], "inverted": true, "swapped": false, "error_lsq": 0.045178323879062565, "error_max": 0.2539288901113177, "target": "431.xyz", "model": "3.xyz", "model_rescale": 3.7530521520055578, "target_rescale": 3.9277317340930407},
{"mapping": [5, 2, 0, 1, 3, 9, 8, 7, 6, 4, 10], "R": [[-0.9731667417327445, 0.21170468153883654, 0.09015331718696659], [0.14138397259411667, 0.859263549057417, -0.49160627086598296], [-0.1815408083015499, -0.46566863870760283, -0.8661383572186537]], "T": [0.0931569651159567, -0.07817311693020355, -0.002917839928472679], "aligned_model": [[-0.25374198337911813, 0.5334543979735986, -0.1981125635650097, -0.06092592465002514, 0.6209713119614644, 0.30819522761209284, -0.47645195452048805, -0.5051077957510889, -0.037718249296786355, 0.491529792527139, 0.06301876164522377], [-0.6759359748522809, -0.09241519667227084, 0.5227972639848764, -0.4774993103618681, -0.6257897012676996, -0.16001857765070415, 0.1711487449394049, -0.04676287527108912, 0.612169203944027, 0.5253796133874189, -0.01596058165754234], [0.19683307299047414, -0.5199200805528253, -0.4868775993038568, -0.6675402328182197, -0.042891292582518406, 0.49147434757583836, 0.6715180576322772, 0.012690272610202127, 0.22650469798425804, -0.13227817588248159, -0.0694554759118838]], "inverted": true, "swapped": false, "error_lsq": 0.05194239289408123, "error_max": 0.27560003436028485, "target": "431.xyz", "model": "4.xyz", "model_rescale": 3.7855080009869324, "target_rescale": 3.9277317340930407},
{"mapping": [15, 12, 6, 13, 14, 3, 10, 8, 4, 1, 16], "R": [[0.011405938238479796, -0.9718346442515242, -0.23538761395921767], [-0.9781932588041327, 0.03797744708578332, -0.2041951565120928], [0.20738334794059896, 0.23258361452466986, -0.9502089292632377]], "T": [0.08274534584411347, 0.04342021206246814, 0.040392146314296135], "aligned_model": [[-0.2757615434636433, 0.4964041538254413, -0.27102577348163537, -0.14853018569676496, 0.42196569370268144, 0.37098646262403084, -0.3820930719091165, -0.565273705077932, 0.07210267484252791, 0.6542086983170581, 0.1121276168743545], [-0.6964767199734138, -0.1318378963171603, 0.4106423032990254, -0.25402800812188286, -0.5381908544085106, 0.004352885006747201, -0.11423791457346356, -0.20500806887584694, 0.7815013315336914, 0.4808285651964668, -0.0004330142433803946], [0.09821469354823611, -0.4707206093833233, -0.3671259501008435, -0.578400083513329, -0.025604228510934357, 0.6711119002093424, 0.5789396693432363, -0.07650341748410242, -0.005692325033500034, -0.1945706345220653, 0.05040857718854722]], "inverted": false, "swapped": false, "error_lsq": 0.041179141690598005, "error_max": 0.24812005646069005, "target": "431.xyz", "model": "5.xyz", "model_rescale": 4.2253639853439635, "target_rescale": 3.9277317340930407},
{"mapping": [7, 2, 4, 3, 11, 8, 9, 0, 1, 10, 13], "R": [[0.7822810673912093, -0.26627942652076514, -0.5631443852273081], [0.5650820731660557, -0.07709159463783313, 0.821425064520525], [-0.26214229377882325, -0.9608080729510804, 0.09016243543964789]], "T": [0.10673717324344019, -0.09195078796442303, 0.00835723300319587], "aligned_model": [[-0.38368232793784646, 0.4401263696671203, -0.13467489315488823, -0.1937573610906158, 0.5194439139660425, 0.49223783945492766, -0.15634391227529815, -0.6912988601550226, -0.1170936911754263, 0.6247203567172734, 0.08543358654073611], [-0.6808079483302546, 0.017986961641627816, 0.3621769163180998, -0.3080698375543378, -0.6924780721510898, 0.15768800632215485, -0.010370182408420733, -0.0749903572809454, 0.5925242030710696, 0.48193745265812427, -0.10848453376375523], [-0.19689181954979182, -0.5634267707576323, -0.47785214021671685, -0.5966262906881958, 0.28147610075623414, 0.5870925648573467, 0.5530859496363301, 0.08525640409936523, 0.15012998334236408, -0.09584537398247274, -0.04634101575556612]], "inverted": true, "swapped": false, "error_lsq": 0.0477144952096701, "error_max": 0.26426787659219897, "target": "431.xyz", "model": "6.xyz", "model_rescale": 3.89814844738969, "target_rescale": 3.9277317340930407},
{"mapping": [10, 6, 1, 5, 8, 7, 4, 2, 0, 3, 12], "R": [[-0.6216413103578009, -0.6949867662230502, 0.36132461309944547], [0.2314572351009806, -0.6036636445240886, -0.7629008799308755], [0.7483245482917462, -0.39061950675141943, 0.5361219743390788]], "T": [0.09388441500788225, -0.10548592069807806, 0.07421794925605553], "aligned_model": [[-0.44350534968357824, 0.44805977250301343, -0.32151796180440506, -0.16138000339115438, 0.692294553244882, 0.39287193666760345, -0.29023257087037424, -0.6053151841105456, 0.06880781565885014, 0.756317590741419, -0.05128957839870801], [-0.5991582366516368, -0.0036927510834738886, 0.33782939959835767, -0.260178316599829, -0.41871319566187926, 0.16327343674983086, -0.1264861353216596, 0.004552142519642352, 0.4773909946930701, 0.34925790596803014, -0.1869626356881801], [-0.005804224658633575, -0.49285684104129746, -0.5137522916260928, -0.6423620835207485, 0.035737395873080016, 0.5934958606117388, 0.5914305946252892, 0.05056652737725313, -0.028913293039852364, -0.00807589295924721, 0.10059184009977507]], "inverted": false, "swapped": false, "error_lsq": 0.05020001448549618, "error_max": 0.2660892845842547, "target": "431.xyz", "model": "7.xyz", "model_rescale": 3.7474275329858107, "target_rescale": 3.9277317340930407},
{"mapping": [9, 2, 3, 8, 13, 12, 7, 5, 0, 1, 14], "R": [[0.627787925179278, 0.6356874555316214, -0.44920349495393547], [-0.6218145886748958, 0.06243172359677321, -0.7806720804536351], [-0.46821889999247984, 0.7694177920794847, 0.4344736159093706]], "T": [0.06771653761491964, -0.019055308722984825, 0.09088749303371607], "aligned_model": [[-0.42349478015714226, 0.4335927922724089, -0.2801437692489354, -0.14524632108003363, 0.7432561158835205, 0.49909276623665366, -0.5169670261239079, -0.6126611838026907, 0.05434705579947513, 0.616710840606479, 0.11662453017117486], [-0.5967883939024494, 0.08045618582898112, 0.3674706280582359, -0.3458016547433304, -0.6072449705172486, -0.08847279363775812, -0.07817881332756282, -0.04956808464980685, 0.6395517208218382, 0.4503078910880282, -0.034619106496654575], [0.16352607555052065, -0.6606585964243348, -0.4027980790550343, -0.4686605049390678, 0.16698630145802246, 0.5264771864007105, 0.4351652492436607, -0.13087046223668194, 0.10735792766954183, -0.11673057457079589, 0.06026306864472236]], "inverted": false, "swapped": false, "error_lsq": 0.04774440185722681, "error_max": 0.24181217305722336, "target": "431.xyz", "model": "8.xyz", "model_rescale": 4.019505241142653, "target_rescale": 3.9277317340930407},
{"mapping": [6, 0, 4, 2, 1, 9, 11, 5, 8, 7, 12], "R": [[-0.9484007215055088, -0.27351944805507666, 0.16038448485896778], [0.3165916360921426, -0.7889813325093677, 0.5265721155817527], [-0.017487349837258123, 0.5501777608077125, 0.8348644345690387]], "T": [0.02725441893585174, -0.1630261642506256, -0.014589453229225263], "aligned_model": [[-0.42956210044362714, 0.3726961684805416, -0.06881188068154503, -0.07234596779138391, 0.6123654348020432, 0.3601432883954735, -0.30087526313158225, -0.611670112486594, 0.07488717719000398, 0.5557700293255525, -0.0074857531018799744], [-0.6983106021117222, 0.046482711554742984, 0.5092671223800544, -0.5140814249960217, -0.5002997155990394, 0.026414924383290878, 0.01731684916311782, 0.007461220468738483, 0.4359080489524774, 0.5525930151905809, -0.14563954086394723], [0.16665920517310606, -0.5239244183566589, -0.4903915907530699, -0.4802203468385573, -0.0005554643657916698, 0.5516588456269692, 0.48245866642536545, -0.12962950686324004, 0.29386777230128996, -0.18235246961243115, -0.007513100995717232]], "inverted": false, "swapped": false, "error_lsq": 0.0561057456631128, "error_max": 0.28734490498292414, "target": "431.xyz", "model": "9.xyz", "model_rescale": 3.877068213659057, "target_rescale": 3.9277317340930407},
{"mapping": [1, 11, 12, 0, 8, 2, 4, 5, 6, 10, 15], "R": [[0.4750734942597712, -0.8240048463313072, -0.30874129667786593], [-0.6530017932449377, -0.09495291848033294, -0.7513804637405492], [0.5898252563859119, 0.5585695628071639, -0.5831862570694778]], "T": [0.11012434014689974, 0.09193531979124717, 0.146940845068476], "aligned_model": [[-0.37981164676441714, 0.42436151791410287, -0.20391678115621537, -0.07904388287557297, 0.4910661796907423, 0.42365885115489266, -0.2845768344673836, -0.601951513988815, 0.003863327336774622, 0.6035960040055312, 0.08786579970736294], [-0.6182970433865407, -0.012086783418778474, 0.3147555612038968, -0.31158872672387594, -0.56039752087748, -0.06273746450989015, -0.1158622339405753, -0.10832186776164304, 0.6834407149047977, 0.4776083800157972, 0.05059959301656445], [0.05507502320003965, -0.5126724313415505, -0.493312643685018, -0.512717978048725, -0.010120021088947606, 0.7109690342159845, 0.6559809605467615, -0.10572589004485172, 0.00861319117028922, -0.18615491750664687, 0.0701232643239296]], "inverted": true, "swapped": false, "error_lsq": 0.035986902841011886, "error_max": 0.15589682543660643, "target": "431.xyz", "model": "10.xyz", "model_rescale": 4.260839863003843, "target_rescale": 3.9277317340930407},
{"mapping": [7, 2, 3, 1, 8, 10, 6, 0, 5, 4, 11], "R": [[0.4370332245150244, 0.0689900397747078, -0.8967955926976252], [0.8283899942708257, -0.4192863038879453, 0.3714418026608842], [-0.35038832466562286, -0.9052289046334469, -0.2403927040368493]], "T": [0.15403410106597754, -0.05194311765948245, -0.017169958379556143], "aligned_model": [[-0.19620002308949125, 0.46571815347651174, -0.1590248512708065, -0.1255109158149989, 0.5724763512482427, 0.3480835802944222, -0.4251072620336816, -0.719327569509522, -0.027546140477250153, 0.6411920878753123, 0.11035760985826414], [-0.5502301888548176, 0.022052961116423436, 0.3520079416615447, -0.38496540737920776, -0.6299829054710449, -0.08064973023776606, 0.16566864509540516, -0.13297656329998042, 0.5754506983427408, 0.49323777830336724, -0.0925006207543922], [0.22501113551274604, -0.6235813352024078, -0.5097658429015262, -0.5952801392517991, -0.09710426908472011, 0.5785267111156245, 0.5489534706639758, 0.009424073135596518, 0.1560827985138608, 0.022298322128236098, -0.034507332888322154]], "inverted": true, "swapped": false, "error_lsq": 0.04677513242692613, "error_max": 0.2567259486103024, "target": "431.xyz", "model": "11.xyz", "model_rescale": 3.890672605050136, "target_rescale": 3.9277317340930407},
{"mapping": [3, 5, 6, 8, 7, 12, 4, 0, 11, 9, 13], "R": [[0.5593504345973862, 0.001758896171949409, -0.8289294286005122], [0.5495340899144583, -0.7494551359709193, 0.36922795558936095], [-0.6205959839844304, -0.6620527965737077, -0.4201746294236831]], "T": [-0.05638724987209491, 0.15492923366134165, -0.02594126655205876], "aligned_model": [[-0.3962650166812982, 0.6296594250000372, -0.19026151270777403, -0.12353223688443167, 0.37936509583974426, 0.5449024336754744, -0.2889284200178396, -0.5817592292300957, -0.05808307042106506, 0.5650697126046862, 0.004943839379564698], [-0.6994919735307195, -0.10060065337759999, 0.43911668899683143, -0.32734685213832043, -0.5669215992780665, -0.028699891248581022, -0.1324203292724807, -0.11181593159200853, 0.6671993845979813, 0.565529255086207, 0.032564510279029624], [0.060722799422745555, -0.2886514082706767, -0.5090287492316453, -0.5570649561225794, 0.10061085104268379, 0.3738877064966095, 0.569383751143427, -0.0650032668417898, 0.17490340115726877, -0.2518157498750633, 0.07211321282028443]], "inverted": true, "swapped": false, "error_lsq": 0.04859838316127463, "error_max": 0.27093988354290593, "target": "431.xyz", "model": "12.xyz", "model_rescale": 4.124412569039231, "target_rescale": 3.9277317340930407},
{"mapping": [8, 7, 3, 9, 10, 4, 1, 6, 0, 5, 12], "R": [[-0.7646113182518637, 0.636019264337097, 0.10415866451354504], [0.4860448031999713, 0.6751845717100982, -0.5548749799792317], [-0.423237499854926, -0.373637912311839, -0.825387623604693]], "T": [0.04702629176880575, -0.016818149705191514, -0.05445767868953695], "aligned_model": [[-0.3236655450527576, 0.46598767035822597, -0.351655376244995, -0.15771262615139187, 0.5999465735398903, 0.4638358211194393, -0.46041689164406024, -0.6150736792317619, 0.05129120967285696, 0.6908617665580848, 0.12171209763347174], [-0.616680978373182, -0.06472447828203606, 0.43765301440624177, -0.32381544555142816, -0.5011656989208128, 0.10154196872693522, -0.014105250483219138, -0.0981158053837099, 0.5332626858277495, 0.38081288571797445, -0.09755028916224046], [0.07838911199332076, -0.5184124409765342, -0.43295769764179415, -0.5764499275135565, 0.011088380478934887, 0.6016954698640329, 0.5822199121634478, -0.10571325756934302, 0.13036731488189174, -0.08779414735940318, -0.0023751265797325727]], "inverted": true, "swapped": false, "error_lsq": 0.03008554651347789, "error_max": 0.15400597905024058, "target": "431.xyz", "model": "13.xyz", "model_rescale": 3.9028299243045295, "target_rescale": 3.9277317340930407},
{"mapping": [9, 2, 12, 1, 3, 4, 10, 14, 13, 8, 15], "R": [[-0.005493895690132339, -0.7731277317094257, -0.6342265585514251], [0.99863288009262, -0.03721152789975459, 0.03671066587907029], [-0.0519825731189299, -0.6331578102283855, 0.7722752096492099]], "T": [0.13593398576955634, -0.07989606409497806, -0.044395337364610765], "aligned_model": [[-0.4283017278046863, 0.6495370001833389, -0.11567500299627365, -0.01024730828122361, 0.545390184434674, 0.4328551866169396, -0.2295374699710957, -0.7292853456231168, -0.29475126503080956, 0.5972106699278409, 0.06791609910141438], [-0.605451898192177, -0.12036681188284863, 0.4413127083346552, -0.3213705848789425, -0.5197254191585876, -0.05575578554400554, -0.022160060200987874, 0.039301548619461515, 0.5605914639813168, 0.5043072945634044, -0.16356984711901612], [0.03481691697412653, -0.5704408028087592, -0.4307560771862408, -0.629647283815539, 0.1216926063194268, 0.5643889604959188, 0.602481599109504, 0.09786530543777139, 0.14779543483056332, -0.2503987740879508, -0.0077402935275565285]], "inverted": false, "swapped": false, "error_lsq": 0.04483110456562316, "error_max": 0.24162927701797568, "target": "431.xyz", "model": "14.xyz", "model_rescale": 3.942246331269136, "target_rescale": 3.9277317340930407},
{"mapping": [3, 9, 11, 10, 5, 0, 12, 13, 8, 7, 14], "R": [[0.1216848543108465, -0.5831651689606263, 0.8031881360817477], [0.6070134673077738, -0.5965173186251672, -0.5250730797586509], [0.7853199645611604, 0.5514394565964287, 0.2814019882131133]], "T": [0.027482806107210666, -0.08746580082933267, -0.07613112183502752], "aligned_model": [[-0.21022991310986996, 0.6534296750983261, -0.3892480085808189, -0.034941457591479694, 0.4118685001134824, 0.415957767858024, -0.4372731283063894, -0.7520931762207689, 0.0370294072657988, 0.7245344294781583, 0.06607692455253979], [-0.7295735675918756, -0.12393705404812722, 0.37415443932702386, -0.26386778896190266, -0.5669383487112529, 0.19191815182331748, -0.19589982510929652, 0.06641370047068126, 0.6580581840304623, 0.40760836198502937, -0.0808236446917867], [0.14235963194253487, -0.5811288159101902, -0.4329969322231743, -0.7645975813867727, 0.08240364488839663, 0.48221401691084104, 0.5874351837957978, 0.09566012754147774, 0.13109768092386048, -0.07579082986637645, 0.013401465124869255]], "inverted": true, "swapped": false, "error_lsq": 0.04958880452052475, "error_max": 0.226828708109541, "target": "431.xyz", "model": "15.xyz", "model_rescale": 4.355366556412066, "target_rescale": 3.9277317340930407},
{"mapping": [2, 3, 5, 4, 6, 10, 1, 0, 9, 7, 11], "R": [[-0.06251403015424031, 0.9852174689927877, -0.15949462318623997], [0.012582687504335166, 0.16057249874336912, 0.9869438426893798], [0.9979647649135932, 0.05969096614025149, -0.02243471756453297]], "T": [0.03877623478922278, -0.019141020291812888, 0.05908538491933191], "aligned_model": [[-0.47352195888794746, 0.4756208599881071, -0.12363888465847224, -0.09438689443721561, 0.5497278107091147, 0.5087523650502656, -0.2956080885901028, -0.6237876108933781, -0.12853564618043462, 0.617214868695264, 0.07327419976180186], [-0.6642932722315265, 0.015863692783848124, 0.36833070073401486, -0.517104922051908, -0.6506420481563713, -0.03162368590727241, 0.026767390600644807, -0.002145809242441704, 0.6699329063236052, 0.6401721029082892, -0.11814444723860953], [0.20759307602395757, -0.42974838267088733, -0.4300433060169825, -0.5141765662820613, -0.06831517187103425, 0.47885010310474285, 0.4841463281878088, -0.19514752361556875, 0.2761921866949033, -0.11748208705893748, -0.011811064754676595]], "inverted": false, "swapped": false, "error_lsq": 0.050384965645078245, "error_max": 0.21210532070733515, "target": "431.xyz", "model": "16.xyz", "model_rescale": 3.795458400668931, "target_rescale": 3.9277317340930407},
{"mapping": [10, 6, 1, 5, 8, 7, 4, 2, 0, 3, 12], "R": [[-0.6216413103578009, -0.6949867662230502, 0.36132461309944547], [0.2314572351009806, -0.6036636445240886, -0.7629008799308755], [0.7483245482917462, -0.39061950675141943, 0.5361219743390788]], "T": [0.09388441500788225, -0.10548592069807806, 0.07421794925605553], "aligned_model": [[-0.44350534968357824, 0.44805977250301343, -0.32151796180440506, -0.16138000339115438, 0.692294553244882, 0.39287193666760345, -0.29023257087037424, -0.6053151841105456, 0.06880781565885014, 0.756317590741419, -0.05128957839870801], [-0.5991582366516368, -0.0036927510834738886, 0.33782939959835767, -0.260178316599829, -0.41871319566187926, 0.16327343674983086, -0.1264861353216596, 0.004552142519642352, 0.4773909946930701, 0.34925790596803014, -0.1869626356881801], [-0.005804224658633575, -0.49285684104129746, -0.5137522916260928, -0.6423620835207485, 0.035737395873080016, 0.5934958606117388, 0.5914305946252892, 0.05056652737725313, -0.028913293039852364, -0.00807589295924721, 0.10059184009977507]], "inverted": false, "swapped": false, "error_lsq": 0.05020001448549618, "error_max": 0.2660892845842547, "target": "431.xyz", "model": "17.xyz", "model_rescale": 3.7474275329858107, "target_rescale": 3.9277317340930407},
{"mapping": [5, 3, 0, 8, 11, 7, 9, 4, 2, 1, 13], "R": [[0.37042831326816167, -0.7419614266763404, 0.5588167016596002], [-0.8869691338084453, -0.10391148997922711, 0.44998684194250993], [-0.2758054031385191, -0.6623410326823387, -0.6965886419005785]], "T": [0.07372097708825699, -0.10096426720008443, 0.032499027140312095], "aligned_model": [[-0.36220199693945027, 0.4566128863589607, -0.20418359569514244, -0.198852217759643, 0.7480026694300943, 0.49400071816121527, -0.35488463423341055, -0.7313152133283458, 0.0282359987737925, 0.5722976583411031, 0.03739874744782809], [-0.674567173234589, -0.21409289354473493, 0.5071392624912303, -0.30042882727059184, -0.3545999413191606, 0.022592556838101283, -0.07180288391729615, -0.09170000424135537, 0.5836768638036838, 0.3328310410695239, -0.0019353921525388645], [0.09708078597284879, -0.5163041078959612, -0.4696180273239929, -0.6021443325074413, 0.08493761973054069, 0.6452942070442839, 0.5455009857376347, -0.1701255705075565, 0.2142415986399372, -0.17185688846736036, 0.02305132131833127]], "inverted": true, "swapped": false, "error_lsq": 0.042526120153131744, "error_max": 0.2869917153964365, "target": "431.xyz", "model": "18.xyz", "model_rescale": 3.922800546911778, "target_rescale": 3.9277317340930407},
{"mapping": [5, 6, 13, 8, 1, 2, 3, 12, 11, 10, 14], "R": [[-0.4062080460205126, 0.5493474066946636, 0.7302139755619891], [-0.8424804927809636, 0.084311218686933, -0.5320885618833289], [-0.3538667017843614, -0.8313296849995027, 0.42856657849963736]], "T": [0.030643536116882537, -0.020642360545400303, -0.020092168529188298], "aligned_model": [[-0.3327715425720947, 0.5671115660548328, -0.35736379965128445, -0.07719779702291288, 0.5199816315055203, 0.5036847172956199, -0.2873738471051514, -0.7485902989047489, 0.03628260948181034, 0.6794466819333569, -0.018098900457945523], [-0.6911991740881841, -0.1153614361789821, 0.38093705912934145, -0.2880900308296198, -0.5748032860781749, 0.019191841723688655, -0.07365571345123005, -0.10865344196778304, 0.6902904340020742, 0.4573467378459989, 0.041109618415143726], [0.008486854871686697, -0.44317386451558527, -0.4200896984015262, -0.5597519173967446, 0.017814571635652615, 0.5163537653974252, 0.532360337997298, 0.04042827818807296, -0.06235770126341822, 0.014281470511945726, 0.03570549471645775]], "inverted": true, "swapped": false, "error_lsq": 0.035422206152514284, "error_max": 0.23272086084208804, "target": "431.xyz", "model": "19.xyz", "model_rescale": 3.9282355846067225, "target_rescale": 3.9277317340930407},
{"mapping": [3, 7, 8, 6, 2, 10, 0, 4, 9, 12, 13], "R": [[0.9186624751781618, -0.3202373337415577, 0.23131646456236382], [-0.03159841039106745, 0.524104155208543, 0.8510677851698399], [-0.393777598601407, -0.7891532706459737, 0.47135582978093277]], "T": [0.019870492456059874, -0.0639411621688832, -0.09740392853247543], "aligned_model": [[-0.46938323708982366, 0.5383460158726788, -0.4196865052008116, -0.16041324372299637, 0.6492303546445484, 0.5164889532240604, -0.35873080784251077, -0.596353710016577, 0.09462884595870061, 0.6509930246457779, 0.03999133008395562], [-0.6261018274000806, -0.06577880355193125, 0.4482746801683752, -0.33204544180032086, -0.5345783035608531, 0.07683259606783398, -0.23874454945542728, 0.022149010891780327, 0.6231775551802071, 0.5054983378458706, -0.1415706458631822], [0.007292030003744954, -0.4427697216730714, -0.44818328339503793, -0.6652612378714435, 0.14982684497349263, 0.5923693693037029, 0.5854590294629194, 0.013158539462588562, -0.07087315229242669, -0.0826611183203525, 0.041700292087147706]], "inverted": false, "swapped": false, "error_lsq": 0.04409757123775442, "error_max": 0.26424861849138587, "target": "431.xyz", "model": "20.xyz", "model_rescale": 4.067790424073018, "target_rescale": 3.9277317340930407},
{"mapping": [11, 5, 2, 6, 13, 9, 12, 3, 0, 8, 14], "R": [[0.2901519412681449, -0.950518314578688, -0.11102605382889819], [-0.08358892905089488, -0.1407462428240063, 0.9865107125982211], [-0.9533229997846749, -0.2769574494058903, -0.12029060354047721]], "T": [0.15834903634312864, 0.0008557171360558564, -0.05601333551993434], "aligned_model": [[-0.1853593637035575, 0.6331930414378887, -0.3101726771653132, -0.1729037226023083, 0.48121869480490487, 0.37812113904339584, -0.2533569824056076, -0.6915293956740223, -0.10921653842656404, 0.5447286179915511, 0.1703882072566345], [-0.5239515557389414, -0.09644794805220075, 0.3913179988239474, -0.3021553702674831, -0.6200845753026635, 0.003197347295011494, -0.09541706315287046, -0.019332157627762785, 0.645944041269763, 0.3977920150862652, -0.04375012381079288], [0.1004287178225198, -0.3929425393957411, -0.48233310058968926, -0.6442418568421604, -0.038354288317683415, 0.6894694872947781, 0.5829260769435579, -0.023700533793539473, 0.07332245529408501, -0.19136580494633965, 0.006848978271477069]], "inverted": true, "swapped": false, "error_lsq": 0.03723701100863524, "error_max": 0.2147870038349294, "target": "431.xyz", "model": "21.xyz", "model_rescale": 4.186013935880536, "target_rescale": 3.9277317340930407},
{"mapping": [6, 2, 1, 0, 5, 11, 4, 7, 9, 8, 12], "R": [[0.8965534922290695, 0.4399760626564868, -0.05111653217066775], [-0.4354921190676142, 0.8966654613843351, 0.07960945038383589], [0.08086068143330605, -0.04911328384167295, 0.9955146586306144]], "T": [0.02866718146486546, -0.01147270507749288, 0.03841525954169088], "aligned_model": [[-0.2744880053866043, 0.5549835692009941, -0.30410367080014916, -0.11844646959887584, 0.5586489416925716, 0.3865330977604781, -0.34205751335782786, -0.6991844207148694, 0.03426635273797213, 0.658124227512898, 0.030834911510414904], [-0.4759734412095313, 0.001009319818124521, 0.2069253046317167, -0.4015728482477748, -0.5448542281442955, 0.045015511788174145, -0.161094178307565, 0.07431849037641472, 0.6093185891859233, 0.4259304535883292, -0.04191036495724362], [0.08520038362017911, -0.4836330733929999, -0.5753347752201963, -0.5514727747288753, -0.14368982218788606, 0.5558194014086634, 0.6448744619333682, 0.003837002387295979, 0.04454538891545647, 0.026994459514429223, 0.07291693949182988]], "inverted": false, "swapped": false, "error_lsq": 0.04619679096345981, "error_max": 0.2272170675407001, "target": "431.xyz", "model": "22.xyz", "model_rescale": 4.166573947596378, "target_rescale": 3.9277317340930407},
{"mapping": [5, 2, 12, 6, 0, 8, 10, 13, 9, 3, 15], "R": [[-0.13252104450922322, -0.7796315387238262, -0.6120562364597747], [0.7772718085079977, -0.4649159104121854, 0.4239124106986203], [-0.6150501674342438, -0.4195567423754837, 0.6675967581305207]], "T": [0.08635131385569782, 0.07884262974229508, -0.0484679098221141], "aligned_model": [[-0.3024250275600574, 0.49114838234313973, -0.2850964566158048, -0.08191708684159672, 0.4261767179361911, 0.5486744408462642, -0.4195061867301745, -0.6741373255215929, 0.10040433910337658, 0.5932407264390744, 0.08854849715818287], [-0.6559461947057148, -0.039855731557924656, 0.37532143020105935, -0.24836723379170592, -0.6087963573398072, 0.1260808101202205, 0.013561561114844495, -0.2395392719311583, 0.6102503912291103, 0.39068024715732275, 0.013722958026025897], [-0.04790132087290278, -0.5727381374316051, -0.4995867743351149, -0.7145963377545205, 0.23158044497441824, 0.6134271126591199, 0.49997333979715997, 0.14415382560931847, 0.2305616043785422, -0.13359766837846482, -0.07121849690468615]], "inverted": false, "swapped": false, "error_lsq": 0.04435490711061151, "error_max": 0.2448390391485059, "target": "431.xyz", "model": "23.xyz", "model_rescale": 4.274766983524099, "target_rescale": 3.9277317340930407},
{"mapping": [8, 3, 5, 6, 0, 1, 9, 7, 4, 2, 10], "R": [[-0.1384825766940703, 0.12099376158420858, -0.9829461254869847], [-0.8391594210371058, 0.5127633783794013, 0.18134272490952857], [0.5259601144923833, 0.8499613093845197, 0.03052426104777009]], "T": [0.060140939868628285, -0.12014231337046034, -0.07123553342025264], "aligned_model": [[-0.358350906539262, 0.3915284126255492, -0.31631465640225387, -0.133041583916775, 0.6135279733473575, 0.35068440868116657, -0.34698151845833686, -0.5653628826886905, 0.030085464740071344, 0.7515638489296015, 0.06777246023857438], [-0.6804869461734182, 0.07861037608008588, 0.4109141465534053, -0.44224840276076166, -0.6098713213838456, -0.01942697968812676, 0.070813682404038, -0.02970761301338995, 0.5674740027314095, 0.5345764143777497, -0.14353475060487364], [0.16517426900635984, -0.479517292904895, -0.5636796104704059, -0.631541910144896, -0.06135464033888167, 0.5035899138204235, 0.6536455379596365, -0.03124791759601102, 0.04692146872438829, 0.0762408007190269, 0.0018269729665186807]], "inverted": false, "swapped": false, "error_lsq": 0.04660597603976519, "error_max": 0.2449956834964051, "target": "431.xyz", "model": "24.xyz", "model_rescale": 3.7841303162186577, "target_rescale": 3.9277317340930407},
{"mapping": [4, 9, 13, 12, 8, 0, 6, 3, 11, 10, 15], "R": [[-0.44804399158950386, 0.4878962966906987, -0.7491420327788627], [0.5737912325238128, 0.7995268945205076, 0.17753976010234218], [0.6855801944917521, -0.3503055075414819, -0.6381738386260882]], "T": [0.15966948300682515, -0.07027453157167073, -0.00845273531869472], "aligned_model": [[-0.29848563520364746, 0.46694136396210917, -0.295691388847574, -0.10108922044740476, 0.5193288796075737, 0.6067241957020315, -0.3722351289145741, -0.6436288561625212, -0.19144246057396413, 0.6941952266571393, 0.1004940447778341], [-0.6140575623612212, -0.1745400836727928, 0.3705448924656053, -0.18091511601506566, -0.5242909562739282, -0.0962207705360455, -0.001405506982695176, -0.07003672942612077, 0.6016898933162537, 0.48850537588729603, -0.06216082787901303], [0.21759647600758703, -0.4951285970021911, -0.4670644545829177, -0.7119692355338842, 0.10975042951299613, 0.5753270398467383, 0.4756557169024349, -0.06939212628267338, 0.11242647680087392, -0.09390652208339018, 0.02676238815569048]], "inverted": false, "swapped": false, "error_lsq": 0.039248653399600895, "error_max": 0.19512173706905048, "target": "431.xyz", "model": "25.xyz", "model_rescale": 4.19342608120988, "target_rescale": 3.9277317340930407},
{"mapping": [2, 3, 5, 4, 6, 10, 1, 0, 9, 7, 11], "R": [[-0.06251403015424031, 0.9852174689927877, -0.15949462318623997], [0.012582687504335166, 0.16057249874336912, 0.9869438426893798], [0.9979647649135932, 0.05969096614025149, -0.02243471756453297]], "T": [0.03877623478922278, -0.019141020291812888, 0.05908538491933191], "aligned_model": [[-0.47352195888794746, 0.4756208599881071, -0.12363888465847224, -0.09438689443721561, 0.5497278107091147, 0.5087523650502656, -0.2956080885901028, -0.6237876108933781, -0.12853564618043462, 0.617214868695264, 0.07327419976180186], [-0.6642932722315265, 0.015863692783848124, 0.36833070073401486, -0.517104922051908, -0.6506420481563713, -0.03162368590727241, 0.026767390600644807, -0.002145809242441704, 0.6699329063236052, 0.6401721029082892, -0.11814444723860953], [0.20759307602395757, -0.42974838267088733, -0.4300433060169825, -0.5141765662820613, -0.06831517187103425, 0.47885010310474285, 0.4841463281878088, -0.19514752361556875, 0.2761921866949033, -0.11748208705893748, -0.011811064754676595]], "inverted": false, "swapped": false, "error_lsq": 0.050384965645078245, "error_max": 0.21210532070733515, "target": "431.xyz", "model": "26.xyz", "model_rescale": 3.795458400668931, "target_rescale": 3.9277317340930407},
{"mapping": [10, 9, 0, 3, 11, 8, 5, 7, 6, 1, 12], "R": [[-0.7971100341502745, -0.4094127919437627, -0.44384316965541104], [-0.30857963208566963, 0.9080051961596297, -0.2833816762054059], [0.5190319875680317, -0.08892541560164888, -0.850116501628602]], "T": [0.21156858039017262, -0.07951314774037113, -0.11655737642731623], "aligned_model": [[-0.21927788974917195, 0.46357225647636746, -0.23476529584217826, -0.23483179472772098, 0.547517443591701, 0.4722571615276149, -0.2375653887904528, -0.599866607852414, -0.0060596030624331665, 0.4842555342879124, 0.04987520469777773], [-0.5996177158713579, -0.16225203342644295, 0.4338359701543566, -0.23468885126222944, -0.6311635764540201, 0.09799418035439511, -0.004968483390300149, -0.11068397215597832, 0.5573646708953061, 0.4453747118642002, -0.054082292185656584], [0.11048664108245801, -0.4542298718276369, -0.5946075267013471, -0.6837643624376768, 0.19067992200336337, 0.5401650323904251, 0.4830943880370492, -0.0881071810609278, 0.3611575778841922, -0.09447275361113572, -0.09034427401749906]], "inverted": true, "swapped": false, "error_lsq": 0.04768545839621969, "error_max": 0.2416715407844211, "target": "431.xyz", "model": "27.xyz", "model_rescale": 3.6321398670334006, "target_rescale": 3.9277317340930407},
{"mapping": [9, 0, 2, 11, 8, 7, 6, 13, 1, 3, 14], "R": [[-0.2750556470180993, 0.49330313423345057, 0.8252250655420673], [-0.26258380073725357, -0.8642440015483651, 0.42910610969554863], [0.9248752016536249, -0.09866267553195651, 0.36724860493001577]], "T": [0.13221484154740304, -0.09518314876256201, 0.007313369199482934], "aligned_model": [[-0.2724009629452854, 0.4304583399679758, -0.2237070758108981, -0.23041724192764634, 0.5408252178583793, 0.6110303432369896, -0.40623507810912174, -0.6808894758692464, -0.04018559806470828, 0.6756026132382241, 0.08102993898233982], [-0.6269403979793147, -0.052817063455331575, 0.37467967193446444, -0.22518406338558813, -0.38628683179603723, 0.03289142170792228, -0.1518722231292291, -0.045007602594204776, 0.5509732962824838, 0.32380348032306855, -0.05712707938596073], [0.01692793525292845, -0.5391915481484261, -0.5274689998096687, -0.506616169405212, 0.1311108727684626, 0.6033167280359975, 0.5647767940177384, -0.0458008047954271, 0.0021044254865706206, -0.019889832571583315, 0.0007881909098838109]], "inverted": false, "swapped": false, "error_lsq": 0.04380339070439358, "error_max": 0.22397653965831482, "target": "431.xyz", "model": "28.xyz", "model_rescale": 4.156811204709835, "target_rescale": 3.9277317340930407},
{"mapping": [7, 0, 3, 1, 5, 6, 2, 8, 9, 10], "R": [[0.8287582810056141, -0.39353047737819125, -0.3978611253177581], [0.06820460794664707, 0.7766972495818619, -0.6261705150730232], [0.5554348234666818, 0.49180803761880915, 0.6705348693498886]], "T": [-0.1290814118645972, -0.055793756581044504, -0.009862356655943691], "aligned_model": [[-0.6560868787809081, -0.19873839408755467, 0.16108667915964892, 0.5485970809402059, -0.004069176504164884, -0.6242085010229993, -0.34246172074019987, -0.4878239700629323, 0.31941543488216934, -0.07278517967267675], [-0.15648972036457387, -0.6030542963666132, 0.05242170650478385, 0.24290519421973866, -0.3983934603416713, -0.4589780203412593, 0.5119878616090396, 0.34487486782004845, 0.41944801064183374, -0.036001812755122875], [-0.4412170166566519, -0.4906914256624859, -0.6713921590575813, -0.08296082234486184, 0.6791374730311098, 0.17873877361160612, -0.2751103293978655, 0.359681954936873, 0.49264182034396664, 0.009958458170990066]], "inverted": false, "swapped": true, "error_lsq": 0.04908187534033097, "error_max": 0.22797432413607718, "target": "431.xyz", "model": "29.xyz", "model_rescale": 4.117894457231895, "target_rescale": 3.9277317340930407},
{"mapping": [0, 7, 12, 4, 8, 9, 2, 3, 11, 10, 14], "R": [[-0.01206348486384137, -0.45160854055172783, 0.8921346302177035], [0.09718549611342464, 0.8874459774349236, 0.4505492386851417], [-0.9951931730463829, 0.09213774055896767, 0.03318410894631619]], "T": [0.12874363081474752, -0.04985073051847626, -0.02007442758016194], "aligned_model": [[-0.35853634234972154, 0.5410511346420853, -0.29629940664442056, -0.15021788336131367, 0.5103165370217103, 0.32370165387693367, -0.4402269393167476, -0.4161187520885635, -0.07994430436762628, 0.6800634552795637, 0.17132186786510228], [-0.6126236145311982, -0.11874325827303585, 0.46048722031487915, -0.27447115134499717, -0.6418862547960504, 0.22527317403016706, -0.1495005100356232, -0.10216728853322733, 0.5967613826949911, 0.3826150160035506, -0.028632107007182796], [0.1802437193648397, -0.5223293456858563, -0.4030516006702674, -0.7065540210955309, 0.05532943106974862, 0.5053989009532235, 0.5899282484872345, -0.0320811971803176, 0.2326027400939125, -0.1728513693298364, -0.04657791426588552]], "inverted": false, "swapped": false, "error_lsq": 0.045669609102270685, "error_max": 0.2735089177257724, "target": "431.xyz", "model": "30.xyz", "model_rescale": 4.100398675895297, "target_rescale": 3.9277317340930407},
