[{"mapping": [10, 11, 8, 9, 6, 1, 2, 5, 0, 7, 14, 13, 12, 15], "R": [[-0.14132212625299262, -0.3780022123027965, -0.9149548535996325], [0.6306069066100529, 0.6780824075089251, -0.37754361067643605], [0.7631271099672933, -0.6303321157303441, 0.14254275818811354]], "T": [0.021653228751760005, 0.013101739482968167, 0.006042429902562707], "aligned_model": [[0.14637377371447566, 0.08111685296152638, -0.3966597712094973, -0.3759178273560552, -0.6402914249516717, 0.0717940391028333, -0.7126901863230731, -0.10903229937565476, -0.39057731271929247, 0.28617524169639025, 0.5603760981519782, 0.19338494294931102, 0.63102618166819, 0.026413792818842784], [-0.5279944669801893, -0.6669587162436115, -0.31424380550372305, -0.36394430211277523, 0.2616431010527954, 0.47615916785870915, 0.20244559740504056, 0.44960526761282865, 0.6422913473801508, -0.1659572381374372, 0.4433678310458999, 0.6994788486989756, 0.0025739503307899148, 0.09680674940258047], [0.23284956970597237, -0.3961431366143641, 0.5027848851926888, -0.1759000915601161, 0.5442753972214769, -0.5831937974304118, -0.152596411460662, 0.5963007931046163, 0.09056021813602422, 0.712091854666306, 0.4747848362673785, -0.0711640564899633, 0.07974662992277849, 0.04319139651810934]], "inverted": true, "swapped": true, "error_lsq": 0.04365628848404533, "error_max": 0.34516679651502774, "target": "432.xyz", "model": "0.xyz", "model_rescale": 3.8414455957264533, "target_rescale": 4.08641428087494},
{"mapping": [8, 10, 3, 11, 9, 4, 1, 2, 13, 0, 12, 7, 14, 5, 15], "R": [[-0.03028269791584076, -0.6187011908431441, 0.7850425432141965], [-0.8670716858999217, 0.4069905775010482, 0.28730708542608385], [-0.4972621539164283, -0.6719877277708567, -0.5487830573257119]], "T": [-0.0275387857589831, 0.016962847733392995, -0.09289202392933474], "aligned_model": [[-0.706816794978163, -0.473961231940053, 0.052878455712924356, -0.3062846878609949, -0.40844792583272854, 0.32655161106403424, 0.6190036560435572, -0.16499436465860423, 0.5963766461331916, 0.19653578271946975, 0.2220123437365619, -0.3701874274205896, 0.3229448780798338, -0.052051918580430206, 0.018485131286535332], [0.20552624744212344, 0.04739805662345108, -0.801565795985171, -0.5763029052201986, -0.4026133068388937, -0.41555345819338196, -0.30957888832600033, -0.2664214148973828, 0.26008037403494166, 0.2084764777288093, 0.2568937743005009, 0.6462636779899361, 0.7498496847462511, 0.6618913922084338, 0.08270061242959598], [0.08576734226342062, -0.4923447686388289, 0.08622602239152605, -0.5379850977863523, 0.017532705078765032, -0.43133379807660044, 0.10582631945531551, 0.6149758686242339, 0.14833310226992438, 0.6042951502372429, -0.5998791277448945, -0.3880397435780528, -0.28026536409204617, 0.2805852196910874, -0.04851204275520539]], "inverted": false, "swapped": true, "error_lsq": 0.04305914128687248, "error_max": 0.3056643854460407, "target": "432.xyz", "model": "1.xyz", "model_rescale": 4.316132596720782, "target_rescale": 4.08641428087494},
{"mapping": [0, 13, 5, 9, 8, 2, 10, 3, 12, 1, 4, 15], "R": [[-0.003285091029012699, 0.07432307826118378, -0.9972288043446765], [-0.9709727308996018, -0.23874451534481692, -0.014594938922037476], [-0.23916764836888083, 0.9682340297833735, 0.07294997973371165]], "T": [0.004159262616878795, 0.04766227396780932, -0.17655150942506975], "aligned_model": [[-0.109469137682836, 0.4624796505676396, -0.039069378991286124, -0.4729426384012898, -0.6001511253260507, -0.5347625225891507, -0.15879363865987037, -0.22599245362155537, 0.5247389177026266, 0.3580811825978142, 0.3568726675271279, 0.03681703150861188], [-0.5853391100629012, -0.3928358850723511, -0.6691090722439365, 0.3495605103863065, -0.0958051338367624, -0.18072266130036127, 0.35922886025395984, 0.5238418214445042, 0.15882899996244415, 0.052956367164234505, 0.5297186924630091, -0.03754696141716562], [0.22264101680223392, 0.14355777367825623, -0.3775218914624219, -0.05588347659884571, -0.554863545407255, 0.33107163874544926, -0.6625087214570601, 0.47829394860979985, -0.48235752789687814, 0.4859036676038741, 0.08841652994378263, -0.16749095135151412]], "inverted": true, "swapped": true, "error_lsq": 0.04950849155638696, "error_max": 0.28661737985353347, "target": "432.xyz", "model": "2.xyz", "model_rescale": 3.795458400668931, "target_rescale": 4.08641428087494},
{"mapping": [9, 10, 4, 14, 2, 13, 12, 8, 7, 5, 1, 15], "R": [[-0.8375352364164393, 0.20725096040260557, -0.5055509540818385], [-0.28799836984214844, -0.9537497135382135, 0.08613026700319411], [-0.46431849707837897, 0.2177349841848435, 0.8584869305545088]], "T": [-0.018431043748672556, -0.0026369365282532106, -0.031186902514583566], "aligned_model": [[-0.04597395326379523, 0.003360554015251198, -0.6708540003446433, 0.19008464066851555, 0.25433816331008197, -0.0346874694841248, -0.2647118694615534, 0.5455771152767143, 0.40777997687509254, 0.6300389597472419, -0.44856774128892424, 0.02691944969370877], [-0.12740865385406214, -0.5979414964478384, 0.03313542881119412, 0.009533468089005084, 0.45957581090434246, 0.5632581581149925, -0.23718627718647334, -0.34511898038090294, -0.5200215065528725, 0.1828920824335492, 0.6117898410290487, 0.05326117032972677], [-0.5942170526352589, -0.10132537167569872, -0.02358281891643694, 0.7759337660919191, -0.5899658978043127, 0.40016519234418907, 0.4799010555455906, -0.33695607172264724, 0.3576539075957306, 0.2867511580425083, 0.00878522387280744, 0.025628339900710013]], "inverted": false, "swapped": true, "error_lsq": 0.046674807184830254, "error_max": 0.2275703005679895, "target": "432.xyz", "model": "3.xyz", "model_rescale": 3.7530521520055578, "target_rescale": 4.08641428087494},
{"mapping": [8, 0, 5, 13, 7, 1, 10, 9, 11, 12, 15], "R": [[-0.48674357602085794, 0.20465579109530785, 0.8492330059374642], [0.47934310029601246, -0.750155705666006, 0.4555179573357604], [0.7302813727605506, 0.6287944214350907, 0.26703312935116413]], "T": [-0.09630689666372586, 0.02583906805607429, 0.042960641194560584], "aligned_model": [[-0.3964682027838221, -0.08053889416436932, 0.23833049241756446, 0.3448069204283686, 0.2918467886165559, -0.054132040341003246, -0.1767627813209139, -0.6619575249005567, -0.5345897328787168, 0.4052230650500266, -0.0375584876779284], [-0.6309275305824453, 0.10469432368463685, -0.3686087030581835, 0.38981555208612967, -0.6267234489637579, 0.743542293113218, -0.35876862199889853, -0.032319691766334216, 0.14388152074683547, 0.07771757994635382, 0.024900085106792057], [-0.04338033324950688, -0.7096946964548433, -0.4941126744277816, -0.38072069979367873, 0.19800476714596157, -0.1744306573317281, 0.496155492252058, 0.1428929617174918, 0.6923800055530909, 0.3931817951795741, -0.0274451833453212]], "inverted": false, "swapped": true, "error_lsq": 0.045727370594544355, "error_max": 0.2458613325655779, "target": "432.xyz", "model": "4.xyz", "model_rescale": 3.7855080009869324, "target_rescale": 4.08641428087494},
{"mapping": [12, 2, 1, 0, 3, 13, 11, 8, 6, 4, 7, 5, 10, 14, 15, 16], "R": [[-0.3706718673519332, 0.06055993099831555, -0.926787387436466], [-0.1297364060124174, 0.9847122616565362, 0.11623350075709916], [0.9196579971428576, 0.16332255355813122, -0.35714830503649225]], "T": [-0.08901318969910796, -0.03156301168247305, 0.003595078464144544], "aligned_model": [[-0.5399992128003839, 0.1374963396028466, 0.04982211492880656, 0.541451039544567, 0.44987420933583855, -0.7957865675186869, -0.5799634212453354, -0.4227692069300212, -0.27367396053538584, 0.28064191775027225, 0.2565951477578442, 0.697180036401778, 0.1919937337384611, -0.41267560826951766, -0.507319272528529, -0.10056539112466858], [-0.5108480811285944, -0.6862017791178097, -0.5549755933207317, -0.37473978395008833, -0.2633854660424214, 0.09789133634045968, -0.18014964802827707, 0.5616271905759249, 0.33145108222447167, 0.07845577442793013, 0.5892352556376261, 0.1605988517828485, 0.4538929497336957, -0.45377954778360474, 0.22315304072252323, -0.06577472645504229], [-0.16950227039907462, 0.2603580136491934, -0.5254304091647763, -0.3017218747839082, 0.37544898286091183, -0.08903646615678094, -0.6041269878988315, 0.182598371367988, -0.5065012216655801, -0.627476828773635, -0.2341734229159012, -0.005195489317273691, 0.46871000252049005, 0.4215343491492333, 0.6665112574799962, 0.043380219036081705]], "inverted": false, "swapped": false, "error_lsq": 0.03318774174666481, "error_max": 0.24204870918651838, "target": "432.xyz", "model": "5.xyz", "model_rescale": 4.2253639853439635, "target_rescale": 4.08641428087494},
{"mapping": [0, 6, 7, 14, 5, 10, 12, 13, 9, 2, 8, 4, 1, 15], "R": [[-0.0819940662844314, -0.9041148805211675, 0.4193486090525874], [0.6802257748981321, -0.35828980599819477, -0.6394695536786815], [0.7284022709041896, 0.2328190235740445, 0.6443798833014951]], "T": [-0.001103219424482077, 0.05782085313664971, 0.17391703964923544], "aligned_model": [[0.45634144071990657, -0.1218437290022811, -0.5408574707313036, 0.10356870442498334, 0.019481617286756243, -0.571312977729018, -0.03307751105530593, 0.612842668776784, -0.22033057747133725, 0.22242776618696922, -0.5649312069196243, 0.24917152786682487, 0.7157107175985586, 0.04687118280587088], [-0.00897984198935467, 0.013006662903119928, -0.4924151890082487, -0.7689200807046255, -0.43306056003536963, 0.06294500000563823, -0.3663520525452771, -0.292309872940925, 0.5861736552428838, 0.5391214208972818, 0.13416461759335058, 0.2631193219609322, 0.2138234841586535, -0.0052174189030688295], [-0.4254483652343558, -0.7053165344293878, 0.09363348511353223, 0.19869404021895226, -0.3870024513310103, 0.3599717958463508, 0.6165608354390337, 0.08998206317827423, 0.09573631795784421, -0.3905838830519729, -0.27903281275458336, 0.7415509780897165, 0.3350895349514872, 0.12772320493756706]], "inverted": false, "swapped": true, "error_lsq": 0.04616801209311568, "error_max": 0.23710692521629126, "target": "432.xyz", "model": "6.xyz", "model_rescale": 3.89814844738969, "target_rescale": 4.08641428087494},
{"mapping": [5, 14, 12, 6, 10, 13, 0, 8, 2, 1, 4, 9, 15], "R": [[0.32210777069483676, 0.9423532661729446, 0.09064714993416051], [0.5609096539108696, -0.2671024941819335, 0.783604886247769], [0.7626447037825617, -0.20156036151727344, -0.6146108333388169]], "T": [0.05775322536978701, 0.15849009540837122, 0.05720019185442808], "aligned_model": [[-0.16034136442839403, 0.12840032569716858, 0.3863141830688037, -0.28341598860161993, 0.6313901667404972, -0.43941758091350497, -0.6220250013378957, 0.28600996543922447, -0.5043171835535046, -0.4895964301615948, 0.10206395827412715, 0.10867617878939509, 0.004890571891520423], [-0.2965379668439384, 0.2541568055217664, 0.5286789060808974, -0.6522314143348824, 0.017911099889862725, 0.41715510796378485, -0.11042061308669354, -0.5244402591624966, -0.21640489574036925, 0.6676643218458191, 0.7680028708343412, -0.03556381452479257, 0.1458111170271868], [-0.4918017982379543, -0.7679831519424134, -0.30596159126696243, -0.06918201086500199, 0.1618902255934797, -0.3815249611939932, -0.13912971388090417, 0.1591753362057141, 0.43642074879990606, 0.1299021599138802, 0.28855259414320006, 0.5985683439548041, -0.01665115038745915]], "inverted": false, "swapped": true, "error_lsq": 0.04306165434559907, "error_max": 0.24509594400976112, "target": "432.xyz", "model": "7.xyz", "model_rescale": 3.7474275329858107, "target_rescale": 4.08641428087494},
{"mapping": [12, 4, 11, 10, 3, 8, 7, 5, 9, 6, 14, 0, 13, 1, 15], "R": [[0.6513299510901139, -0.7008812622912591, -0.2907486044368255], [-0.2400777713729133, -0.5538356493691415, 0.7972632797140962], [-0.7198138360059256, -0.4494791759991481, -0.528995757863484]], "T": [0.021613138191233845, -0.08188772525461072, -0.03627791405491315], "aligned_model": [[-0.3115113976009957, 0.38733732219234107, 0.38720338245860453, -0.21217900782442944, 0.8555977917615183, -0.2257460617011726, -0.7199885919107953, -0.47047155956107156, 0.37644503046762523, -0.1821049610324504, -0.6549514431860017, 0.0982296800206929, -0.015534372339112569, 0.5074288911711966, -0.01760098057720247], [0.18505824267977491, 0.15373879153768003, -0.5036038701973088, -0.5326480645691113, -0.16711727270663473, -0.6951433895936489, -0.29889810632640623, 0.05097770725820952, -0.5364922517946072, -0.34838910124524036, 0.4052347013126947, 0.21500103158633724, 0.5914676011241325, 0.4905866571074321, -0.02065471419371062], [-0.47746543999816554, -0.523842437296536, -0.5986573610059363, -0.3555554525897862, -0.11207283263050882, 0.2664180638363653, -0.09521153285359349, 0.5079815826403016, -0.008735293867263905, 0.7865915851551704, -0.04281946198717734, 0.6557797498104148, 0.19127169846245826, -0.016485235258876546, 0.019597023279394908]], "inverted": false, "swapped": true, "error_lsq": 0.04912348550187425, "error_max": 0.3233970452676828, "target": "432.xyz", "model": "8.xyz", "model_rescale": 4.019505241142653, "target_rescale": 4.08641428087494},
{"mapping": [0, 2, 13, 14, 5, 12, 4, 6, 8, 9, 3, 10, 15], "R": [[-0.001412769036494621, 0.7876680757683268, 0.6160982117317589], [0.9613012109773209, -0.1686631329851584, 0.21783647386323418], [0.2754958908172429, 0.5925637096439949, -0.756947993032389]], "T": [0.1159432465745466, 0.04645627484907594, 0.032815878119456555], "aligned_model": [[-0.39359617000807734, -0.6384254154414889, 0.02587939784917162, 0.6426398272305626, 0.11403291869447114, 0.6741262989709803, 0.19224630038890492, -0.30832440572116804, 0.057617620016731125, -0.18766946687104255, -0.4478792872016507, 0.47895058829429293, 0.11010256553948888], [-0.39674985305664723, -0.09223671320256666, -0.12082570628656625, -0.39181942870692693, -0.6818929718687314, 0.15196406613699714, 0.660663532786673, -0.703781284616753, -0.36564178748601517, 0.2514520688351788, 0.6667424354716018, 0.1043957728738254, -0.018891902766010646], [-0.3090828637189112, 0.14222248952430908, -0.6530933004152379, -0.4421323324109921, -0.1269423708529146, -0.19994650111328582, -0.17675627360437238, 0.2491000052964238, 0.6291943208495618, 0.4790507803134847, 0.10955294333477442, 0.5067889597144175, -0.03125236287337862]], "inverted": false, "swapped": true, "error_lsq": 0.05330400024347638, "error_max": 0.2981712183307166, "target": "432.xyz", "model": "9.xyz", "model_rescale": 3.877068213659057, "target_rescale": 4.08641428087494},
{"mapping": [11, 9, 10, 14, 2, 0, 12, 5, 12, 6, 3, 13, 4, 8, 1, 15], "R": [[0.2495180835331054, 0.20036347067050045, -0.9474150123419188], [-0.4333343321591726, 0.8980403166200502, 0.07579542398538397], [0.866003511864779, 0.3916351227173474, 0.31090166949059334]], "T": [0.01895421560461727, -0.03369468021133187, 0.013951657423675781], "aligned_model": [[-0.49423055337266975, 0.16781734353070163, 0.07434917398653951, 0.5893337517174306, 0.4718741289087659, -0.7767861686177746, -0.4598434891803953, -0.467361739937871, -0.4598434891803953, 0.193995558085421, 0.1195940393225756, 0.772230171665758, 0.22490699629373434, -0.36050350114558616, -0.5524602216216057, -0.07077010234674273], [-0.4860372332681609, -0.6606104980615264, -0.5249401504164033, -0.524053367088479, -0.2455252862506619, -0.04027102085864113, 0.17283433387262714, 0.5773100246847978, 0.17283433387262714, 0.12463333313382893, 0.5762350501663829, 0.07888153905243347, 0.4223617336937777, -0.5264363999936236, 0.3226763225428554, -0.03344185946292329], [-0.2629650879122871, 0.15699581274970492, -0.4947919578175787, -0.19518248523705134, 0.45023906777043077, -0.00885247148056044, -0.521112581661354, 0.04809084637303372, -0.521112581661354, -0.5557827927700443, -0.1296404475529262, -0.11848861152849176, 0.46967819736556105, 0.47061386802666616, 0.5611187795434617, 0.006568670780923547]], "inverted": true, "swapped": false, "error_lsq": 0.043408705652021956, "error_max": 0.32966868055447524, "target": "432.xyz", "model": "10.xyz", "model_rescale": 4.260839863003843, "target_rescale": 4.08641428087494},
{"mapping": [7, 8, 9, 10, 4, 12, 14, 5, 2, 1, 13, 15], "R": [[0.9675220843048238, 0.08504045934302443, 0.23805280224600883], [0.2241677030756418, 0.14660394829701162, -0.96346049386652], [-0.1168326036696986, 0.9855330550612978, 0.12277923318421799]], "T": [-0.08876809946401198, -0.04567233429473318, 0.0003607335623201091], "aligned_model": [[0.21288166830132255, 0.24080396981334729, -0.28369072578593024, -0.28670366213576454, -0.6706104494534157, -0.27751875517909974, 0.2884447162301863, 0.638229861726418, 0.1906072410824805, -0.26401604013264957, 0.18600746778378263, -0.015536643156547056], [0.014798787968076946, -0.6050244040063404, -0.5787695122852374, -0.28700223105667605, 0.18655853843416076, 0.4277407638716315, 0.6149041368604026, 0.07974914451319164, -0.5052839001336147, 0.3086616061531635, 0.5102143887332734, 0.0065311864809024095], [-0.7108990389451323, -0.3273608737638747, 0.10591693574971633, -0.5118532760167882, 0.18616035684815682, -0.3418844528797844, -0.3408428721053324, -0.10809381793422282, 0.5580203586270294, 0.6390087057475309, 0.3497237225334887, 0.018282329534717]], "inverted": true, "swapped": true, "error_lsq": 0.040749874574771326, "error_max": 0.25374291836635865, "target": "432.xyz", "model": "11.xyz", "model_rescale": 3.890672605050136, "target_rescale": 4.08641428087494},
{"mapping": [10, 11, 9, 7, 8, 13, 4, 5, 12, 1, 2, 3, 0, 15], "R": [[-0.28141857242452306, 0.7279898350566805, -0.6251674872773619], [0.3841614075003288, -0.5115382641498034, -0.7686017286592401], [-0.8793313369156758, -0.45646402307821926, -0.13570923164375032]], "T": [0.09889047746756818, -0.07170554884593643, 0.0786975116763261], "aligned_model": [[0.5287009475399279, 0.14763978955735152, 0.30213750024003194, 0.6472685774513817, 0.7993390322924313, -0.396819350484902, -0.3852670968036672, 0.3520578387498117, -0.04418663215446708, -0.6231248882218839, 0.12050531161948935, -0.2724461064975549, -0.045330504970522184, 0.07940141647626532], [-0.19112168890286352, 0.20793060663749113, 0.42521129828889753, -0.6185788375095885, 0.09001474942522149, -0.30465791494447697, -0.04222580430107768, -0.3413271478591959, -0.6203291935790132, 0.09831036547774642, 0.5919794380253919, 0.6310034605399774, 0.1159907969536275, -0.11004760842437224], [-0.32228196779924695, -0.6610311555246726, -0.1336555858325294, 0.10609949358094378, 0.18875343299695238, 0.5331984697154214, -0.35915587296302687, 0.7261768188272526, -0.15671611650424683, 0.19669757533402982, 0.47786247373066104, -0.19851817577387137, 0.7976740262672314, 0.15968701930196327]], "inverted": false, "swapped": true, "error_lsq": 0.03609665640322102, "error_max": 0.20938899813704898, "target": "432.xyz", "model": "12.xyz", "model_rescale": 4.124412569039231, "target_rescale": 4.08641428087494},
{"mapping": [9, 10, 7, 3, 8, 2, 4, 0, 12, 1, 5, 14, 15], "R": [[-0.9197747869320672, 0.37557536487465887, -0.11383095634904142], [0.16628588703053787, 0.6356991462784614, 0.75381403488878], [0.35547622297213877, 0.6744106617781945, -0.6471529295161693]], "T": [0.05688013537972167, 0.14743382150089016, 0.01556010966589628], "aligned_model": [[-0.1866744419718915, 0.10916711970060411, 0.6561234161793634, -0.6699790980623036, 0.4773257668917532, 0.026547618693675848, -0.5346010624602602, 0.3532410012650057, 0.06812149098232842, -0.37963089463379074, 0.7557989360531306, 0.5763090102808663, 0.1155494445912759], [-0.16715839371875144, 0.4400733841082941, 0.562110837811262, -0.27346481934337374, -0.08652490181058439, -0.626739623956251, 0.38528051521231443, -0.3896965104071015, 0.7433785657488197, -0.019153891213774976, 0.011314624355728775, 0.6309494233183252, 0.13711616640357027], [0.4339408563885146, 0.5365303154531323, 0.279170173146724, 0.07087138091351351, 0.5608881993291718, 0.011948383463813337, -0.12786980839549839, -0.42785626604810356, -0.13141619086799244, -0.5725234465463583, -0.2058062086743726, -0.4220207283587804, -0.05415857883592493]], "inverted": false, "swapped": true, "error_lsq": 0.044869065305164955, "error_max": 0.28952861089951454, "target": "432.xyz", "model": "13.xyz", "model_rescale": 3.9028299243045295, "target_rescale": 4.08641428087494},
{"mapping": [6, 2, 3, 0, 8, 9, 7, 14, 10, 4, 13, 5, 12, 1, 11, 15], "R": [[-0.7325116526723412, 0.6093318858185803, 0.30354790663749937], [-0.5671416962096565, -0.2996025317431861, -0.7671952941679889], [-0.37653283405258214, -0.7341341675047184, 0.5650398649497972]], "T": [-0.018481743931177387, -0.09163980380999026, -0.018559976204921592], "aligned_model": [[-0.5339778611194211, 0.2306093046285197, -0.056403481269749145, 0.5822879892546704, 0.696515754883286, -0.7721777865549343, -0.5699201535275729, -0.4844803453512403, -0.1433480659111987, 0.264277308763905, 0.1951288738470328, 0.3946776518296829, 0.15906437117171973, -0.36063694583205197, -0.5079494578164513, -0.12136525888831123], [-0.5140921602361697, -0.6821004731814059, -0.5815761783013875, -0.5743230954932755, -0.16045824462966346, 0.03832694837106734, -0.019028765784347035, 0.6551072193387838, 0.44714992561569145, -0.06446823826296899, 0.6644184905049669, 0.2041537122805941, 0.2496833522900695, -0.34554748864357065, 0.16691294989581212, -0.0777070981452859], [-0.032913441398032144, 0.34401362599010143, -0.4022443986481593, -0.32402515730142956, 0.2652529171770284, -0.14464080394830928, -0.7335923345047449, 0.07235118744367633, -0.5180263225682743, -0.6339235256839366, 0.10552753873998724, -0.08106872110067723, 0.561281527210149, 0.4720105703400469, 0.470754359322862, -0.06538079608215469]], "inverted": true, "swapped": false, "error_lsq": 0.04201596507480008, "error_max": 0.35624411958633395, "target": "432.xyz", "model": "14.xyz", "model_rescale": 3.942246331269136, "target_rescale": 4.08641428087494},
{"mapping": [12, 13, 4, 13, 0, 1, 9, 11, 10, 3, 2, 8, 14, 5, 15], "R": [[0.15062390770263245, 0.8302409783216051, 0.536667826820253], [-0.7817745956591577, -0.23224025990487174, 0.5786993548132554], [0.6050957940775571, -0.5067192315226469, 0.6140803696542896]], "T": [-0.15123423076890627, 0.06033395900409144, 0.01462826008097521], "aligned_model": [[-0.6839204058559499, 0.04504935513410441, -0.2744105867528412, 0.04504935513410441, 0.447774042153544, 0.2137492772374108, 0.06591702981630837, -0.3765400754714885, -0.5759285221109288, 0.31854843460798676, 0.5943065392463343, -0.11956128509556943, -0.5559486396706654, -0.04040847546130433, -0.12938200637883615], [-0.15945314385118986, -0.5645866782159491, 0.24132609773401986, -0.5645866782159491, -0.38094513901325383, -0.1419780570906662, 0.5865542470427669, 0.7794703684226467, 0.40581233155828056, 0.5832091397178303, 0.19736179211077726, 0.3006738159640776, -0.6643444177900624, -0.49273006464436175, -0.027638923847316407], [-0.197073434481822, -0.26378350392978916, -0.6010523629268141, -0.26378350392978916, 0.15397920252007471, -0.6098655360974101, 0.11089394314947831, -0.23001735494857886, 0.2597022298313882, -0.44845395782040565, 0.17484674523427307, 0.7002867146454258, 0.0928470591168443, 0.5023339196421572, 0.028502320355483304]], "inverted": true, "swapped": true, "error_lsq": 0.046217605303711946, "error_max": 0.3807054715617844, "target": "432.xyz", "model": "15.xyz", "model_rescale": 4.355366556412066, "target_rescale": 4.08641428087494},
{"mapping": [0, 13, 5, 9, 8, 2, 10, 3, 12, 1, 4, 15], "R": [[-0.003285091029012699, 0.07432307826118378, -0.9972288043446765], [-0.9709727308996018, -0.23874451534481692, -0.014594938922037476], [-0.23916764836888083, 0.9682340297833735, 0.07294997973371165]], "T": [0.004159262616878795, 0.04766227396780932, -0.17655150942506975], "aligned_model": [[-0.109469137682836, 0.4624796505676396, -0.039069378991286124, -0.4729426384012898, -0.6001511253260507, -0.5347625225891507, -0.15879363865987037, -0.22599245362155537, 0.5247389177026266, 0.3580811825978142, 0.3568726675271279, 0.03681703150861188], [-0.5853391100629012, -0.3928358850723511, -0.6691090722439365, 0.3495605103863065, -0.0958051338367624, -0.18072266130036127, 0.35922886025395984, 0.5238418214445042, 0.15882899996244415, 0.052956367164234505, 0.5297186924630091, -0.03754696141716562], [0.22264101680223392, 0.14355777367825623, -0.3775218914624219, -0.05588347659884571, -0.554863545407255, 0.33107163874544926, -0.6625087214570601, 0.47829394860979985, -0.48235752789687814, 0.4859036676038741, 0.08841652994378263, -0.16749095135151412]], "inverted": true, "swapped": true, "error_lsq": 0.04950849155638696, "error_max": 0.28661737985353347, "target": "432.xyz", "model": "16.xyz", "model_rescale": 3.795458400668931, "target_rescale": 4.08641428087494},
{"mapping": [5, 14, 12, 6, 10, 13, 0, 8, 2, 1, 4, 9, 15], "R": [[0.32210777069483676, 0.9423532661729446, 0.09064714993416051], [0.5609096539108696, -0.2671024941819335, 0.783604886247769], [0.7626447037825617, -0.20156036151727344, -0.6146108333388169]], "T": [0.05775322536978701, 0.15849009540837122, 0.05720019185442808], "aligned_model": [[-0.16034136442839403, 0.12840032569716858, 0.3863141830688037, -0.28341598860161993, 0.6313901667404972, -0.43941758091350497, -0.6220250013378957, 0.28600996543922447, -0.5043171835535046, -0.4895964301615948, 0.10206395827412715, 0.10867617878939509, 0.004890571891520423], [-0.2965379668439384, 0.2541568055217664, 0.5286789060808974, -0.6522314143348824, 0.017911099889862725, 0.41715510796378485, -0.11042061308669354, -0.5244402591624966, -0.21640489574036925, 0.6676643218458191, 0.7680028708343412, -0.03556381452479257, 0.1458111170271868], [-0.4918017982379543, -0.7679831519424134, -0.30596159126696243, -0.06918201086500199, 0.1618902255934797, -0.3815249611939932, -0.13912971388090417, 0.1591753362057141, 0.43642074879990606, 0.1299021599138802, 0.28855259414320006, 0.5985683439548041, -0.01665115038745915]], "inverted": false, "swapped": true, "error_lsq": 0.04306165434559907, "error_max": 0.24509594400976112, "target": "432.xyz", "model": "17.xyz", "model_rescale": 3.7474275329858107, "target_rescale": 4.08641428087494},
{"mapping": [5, 0, 13, 2, 7, 10, 14, 1, 8, 12, 9, 3, 4, 15], "R": [[-0.6959540748628499, -0.059584848737094256, 0.7156099296982769], [0.45332078652556085, -0.8093282206149488, 0.37348105148733834], [0.5569094990980511, 0.584326515842999, 0.5902663235329793]], "T": [-0.03330241921948829, -0.0551079375556913, 0.09469895245812626], "aligned_model": [[0.45517460533352777, 0.2512570889538596, 0.5425572701607879, -0.34555842319591895, 0.2501683647758675, -0.2834387354522486, 0.7603014664166855, 0.10979675679695616, -0.3074645614628164, 0.31299382067359255, -0.5993701290446012, -0.627022764113817, -0.1510642617421434, 0.046517149783144696], [-0.4285769746350718, 0.08102303157136279, 0.3094938799151048, 0.09230007170288382, -0.7430490218822644, -0.4674598366537451, -0.2537555113124131, 0.6727479903404268, -0.6808027662448308, -0.06553266324779491, -0.08166255933223407, 0.5314753269412259, 0.4488093790898776, -0.05460210474129407], [-0.3271185999132248, -0.5933788658792152, -0.11028224692824629, -0.5988749055935916, 0.31131193019628944, 0.4513213469626681, 0.2553311323974469, -0.023131385265692167, -0.15477056423499805, 0.6015014569125741, -0.01571727465345646, -0.014642593635771889, 0.4936885324388234, 0.04955675585804947]], "inverted": false, "swapped": true, "error_lsq": 0.044145774664249994, "error_max": 0.27028691989639336, "target": "432.xyz", "model": "18.xyz", "model_rescale": 3.922800546911778, "target_rescale": 4.08641428087494},
{"mapping": [11, 3, 9, 10, 0, 4, 2, 7, 1, 8, 6, 5, 12, 13, 15], "R": [[0.6854771474879848, -0.38049063306528286, 0.620764011860639], [-0.347206506287857, -0.9202263332707957, -0.18064090773234776], [0.639975563801553, -0.0917080896353563, -0.7629029453556446]], "T": [0.020654896717546695, 0.12281509425639874, 0.043535519665806675], "aligned_model": [[-0.3118848088804408, -0.42678889120877517, 0.09554726606619843, 0.18130444181767516, 0.2695789935598578, -0.6189393770491652, 0.25681139774072104, 0.4947457651890552, -0.5349921161698329, 0.6812178107382697, 0.8088679378107887, 0.5650712251559816, -0.23345277667161327, -0.17580931401944266, 0.04477328280834034], [0.5667484615919958, -0.1744752676604252, 0.13877325439577878, 0.6777648205502417, -0.5719428316084478, 0.21475112822139747, -0.48262055632654116, 0.614537782469366, -0.3782328215624203, 0.2849755936368044, -0.28615068796999127, -0.11804910625736655, 0.4948824213741954, -0.3347410468444132, 0.07139036102440456], [-0.5222487904105918, -0.6045013968667418, -0.5287109424396491, -0.11772303854407731, 0.21177658776280714, -0.05372767546160543, -0.3783120947796856, 0.40957711475644715, 0.10943694272451687, -0.21386406795630228, 0.010287197829012294, 0.4925502977101417, 0.4605172142368138, 0.5520729822961002, 0.11552883630614375]], "inverted": true, "swapped": true, "error_lsq": 0.050049098731602945, "error_max": 0.33185522234257586, "target": "432.xyz", "model": "19.xyz", "model_rescale": 3.9282355846067225, "target_rescale": 4.08641428087494},
{"mapping": [14, 7, 8, 5, 13, 6, 2, 9, 1, 4, 10, 12, 11, 15], "R": [[-0.5299311317377846, -0.19488854572902262, 0.8253432318488699], [-0.37941028793325116, 0.924884850376426, -0.02521600592051751], [-0.7584331407747938, -0.32650645979490633, -0.5640679947370522]], "T": [-0.009988398784177028, -0.045586574810495, 0.08919594403560122], "aligned_model": [[-0.7483245783896766, -0.14688090210026392, 0.4169867897939827, -0.36703688342516894, -0.6354589483326857, 0.10997033249981063, 0.314165267094611, 0.5543141783119815, -0.3040466993036366, -0.040584890153450806, 0.2981162189067732, -0.38352068092226627, 0.5489057454933707, -0.08408213038870421], [-0.4322951759503445, -0.8075212121483265, -0.49671633226809064, -0.3535850228012087, 0.2479595053481657, -0.23771248538367007, 0.36906220268952333, 0.07247898987520754, 0.6409925669333362, 0.3201268594877122, -0.4933714938712376, -0.28065275384181027, 0.020283938888609, -0.04616749953302942], [0.0695280316313856, 0.05375791405820266, -0.28904745501027695, -0.48844781150288613, -0.08163569743928248, -0.7700687400761268, -0.47937104586157203, 0.05833063710402819, 0.16840713299350524, 0.6298536335143277, 0.34285320978940853, 0.5159230990977919, 0.6469322498997869, 0.03516799904539057]], "inverted": true, "swapped": true, "error_lsq": 0.04962226252398866, "error_max": 0.347444025412992, "target": "432.xyz", "model": "20.xyz", "model_rescale": 4.067790424073018, "target_rescale": 4.08641428087494},
{"mapping": [13, 3, 5, 7, 6, 2, 8, 1, 0, 4, 11, 10, 12, 9, 15], "R": [[0.4553476234823016, 0.16185861028388882, 0.8754772024821598], [0.5483848575825688, -0.8256498474673363, -0.1325759305127086], [0.7013790628206449, 0.5404665758898815, -0.46471850682181914]], "T": [0.14625828619522008, -0.008232124026694546, 0.021869625273393076], "aligned_model": [[0.2884100005185226, 0.10963490542411858, -0.22234592697556155, 0.14181716114615664, -0.6828497011240371, -0.4879811405518172, -0.40352880469522234, 0.380152808808254, -0.30874759176556854, 0.6588075584375502, 0.39540067375078924, 0.21375350994221937, 0.6842855417791416, -0.12972427850734813, 0.13135923772031818], [0.11423949113887572, 0.78214042370957, -0.43319032416079395, -0.7813211699441502, -0.22707481610994773, 0.43012231283550223, -0.3700507634438774, 0.5919706629839436, 0.16390311599096058, 0.377275463047112, 0.2291016378304277, -0.3500224008698061, -0.2946437111446844, 0.23882273871018647, -0.030377520645471626], [-0.6646868202223246, 0.30911396655322776, -0.46757948835667645, 0.07528691178903166, -0.21120993533119592, -0.05470300056943035, 0.33124862505748753, -0.3643758681559762, -0.5580406683931359, 0.14705086322526595, 0.7355727373358265, 0.5101375835476093, -0.05143531456376989, 0.46473197638506036, -0.06586199467985851]], "inverted": false, "swapped": true, "error_lsq": 0.04753489761723469, "error_max": 0.31081062659265996, "target": "432.xyz", "model": "21.xyz", "model_rescale": 4.186013935880536, "target_rescale": 4.08641428087494},
{"mapping": [13, 1, 0, 7, 10, 5, 12, 4, 2, 3, 11, 8, 15], "R": [[0.8945372083574827, -0.1591204155639406, 0.417712671838862], [-0.2596541904410829, 0.5756842367799206, 0.7753498313081048], [-0.36384458804603353, -0.8020401192420984, 0.4736546873786145]], "T": [-0.0012964225403368996, -0.07566573924024897, 0.049612337639308376], "aligned_model": [[0.06152712480113016, -0.381983317953395, 0.4425898392329711, 0.4214643285329336, -0.027663621817783736, 0.684891351741662, -0.2156225319246611, -0.6461918705817923, 0.25089402633671104, -0.5214718533908009, -0.5697971089511029, 0.5070855820072604, 0.05285208739009272], [-0.23915536472876128, 0.11453287452958064, 0.2116844496706957, -0.6174152360016977, -0.2531142868588183, -0.25408088924342376, -0.650713640613518, -0.10403256039850653, 0.6370886890142521, 0.5841764164438675, 0.09753385119779337, 0.09462565483610494, -0.10217329830147578], [-0.6402358366099913, -0.5692879688875312, -0.4920071727893379, 0.4078310321802805, 0.6219746192413929, -0.18132779602521093, 0.03340218176343278, -0.05186861158546162, -0.11967656419551766, -0.0010354515836899642, 0.5736163904712757, 0.5409803435194047, -0.019485604163699974]], "inverted": true, "swapped": true, "error_lsq": 0.043789818937123005, "error_max": 0.263957008189096, "target": "432.xyz", "model": "22.xyz", "model_rescale": 4.166573947596378, "target_rescale": 4.08641428087494},
{"mapping": [7, 13, 10, 14, 12, 0, 8, 4, 8, 9, 3, 11, 2, 5, 1, 15], "R": [[0.9570115513061974, 0.11863708611825959, 0.26467741207718154], [0.26705434090537106, -0.7164971197691394, -0.6444484900797933], [0.11318511240487139, 0.6874279010630107, -0.7173785689369321]], "T": [0.04105909437885753, -0.007662976249861113, 0.006148310162880616], "aligned_model": [[-0.5083475476860368, -0.012878971560735405, -0.07154203289900453, 0.5331618766102957, 0.6284239296441919, -0.7685475026392521, -0.4029869705360248, -0.4460712819876168, -0.4029869705360248, 0.33248154805615443, 0.1368292977600769, 0.7176769488445642, 0.03368714074701666, -0.3994500458214649, -0.39571798641880235, -0.001429533469451294], [-0.4442642483641418, -0.8472987806249236, -0.6504982735187075, -0.5991569927372071, -0.13664486456646519, 0.03794007362764102, 0.2347121716632212, 0.5410628822788758, 0.2347121716632212, 0.06538267920065177, 0.5659174702193095, 0.3963572953605445, 0.486117224318681, -0.5611432690058542, 0.09963546118254268, -0.01638014507847931], [-0.13140647344490428, 0.10057044713235438, -0.361309170132605, -0.17810000977516097, 0.26643195930209707, 0.1021341567478884, -0.6248481400085174, -0.03202814812689994, -0.6248481400085174, -0.5136463146598496, -0.14636461253093935, -0.026243456884959042, 0.4632434939213972, 0.44280978560130135, 0.5591509212612195, 0.05982992659422856]], "inverted": false, "swapped": false, "error_lsq": 0.05044386349970037, "error_max": 0.4081883280413342, "target": "432.xyz", "model": "23.xyz", "model_rescale": 4.274766983524099, "target_rescale": 4.08641428087494},
{"mapping": [13, 2, 6, 5, 8, 7, 12, 10, 4, 9, 15], "R": [[0.7260229019375553, -0.6221466115460821, 0.29295791439027496], [0.15804366297354627, -0.26365227716375156, -0.9515827222791893], [0.6692629875139334, 0.7371709913501052, -0.09309126197354874]], "T": [0.10509931221554294, 0.03655836772448471, 0.07172280912479104], "aligned_model": [[0.2558702321822386, 0.1764768033094793, -0.49778231149171026, -0.4631813065596161, -0.46676735334207897, -0.5699818622027198, 0.11405026237954835, -0.14246730157588344, 0.6955370821845037, 0.20285071644446934, 0.07528974262984385], [-0.306858122778503, 0.7036366272631673, 0.5130843756199112, -0.05106072100310726, 0.4497319961656365, -0.2707629570510933, -0.549307181481191, 0.035630457325365926, -0.1580672283081248, 0.5465789944486804, 0.002980291042741251], [-0.5331733827966323, -0.315820064892557, -0.3744777866634901, -0.4030392431464427, 0.24821645839202044, 0.2961305057222999, 0.2549166352659465, 0.6180667560744739, 0.27296225770733473, 0.32401860088722145, -0.008234302528597942]], "inverted": false, "swapped": true, "error_lsq": 0.049573546728165746, "error_max": 0.21345286892937912, "target": "432.xyz", "model": "24.xyz", "model_rescale": 3.7841303162186577, "target_rescale": 4.08641428087494},
{"mapping": [3, 4, 6, 1, 8, 13, 11, 14, 11, 7, 10, 0, 9, 5, 12, 15], "R": [[0.13448643427746326, 0.16670984929843638, 0.976791290472139], [0.24049341227496518, -0.961765593203391, 0.1310338215212918], [0.961288883555655, 0.21728959909996326, -0.16943704575829938]], "T": [0.043017376046931746, -0.004852146269603265, 0.0126672268917142], "aligned_model": [[-0.5638847371077784, 0.05943308415428572, -0.07601923856849521, 0.6517991434189635, 0.5425917105280187, -0.7201950533299045, -0.39319379331310395, -0.3747583723994681, -0.39319379331310395, 0.2638374827668541, 0.15800891300907288, 0.7148613859233802, 0.014487532680571825, -0.4154914629313066, -0.5145906306278663, 0.018609727217765812], [-0.5215768439652672, -0.739162181543057, -0.5245573691787363, -0.4318768773575916, -0.08736055824327107, 0.14737057729572614, 0.11589794538637943, 0.6115921340955643, 0.11589794538637943, 0.14732004871131882, 0.731341262218642, 0.037094768198650964, 0.34275395106907347, -0.5297299430942756, 0.046045918311557514, -0.05459992167218301], [-0.1042399990304824, 0.14390609111412692, -0.4749424714376934, 0.021095308394684466, 0.31775021547060195, -0.06692565813013657, -0.6074672748523093, 0.28608784704623513, -0.6074672748523093, -0.5796904890563013, -0.21105428973720355, -0.2843109408434258, 0.4822380497252769, 0.545219279204903, 0.5241890781768633, -0.02901124620469584]], "inverted": true, "swapped": false, "error_lsq": 0.04991958804189182, "error_max": 0.33205805824177825, "target": "432.xyz", "model": "25.xyz", "model_rescale": 4.19342608120988, "target_rescale": 4.08641428087494},
{"mapping": [0, 13, 5, 9, 8, 2, 10, 3, 12, 1, 4, 15], "R": [[-0.003285091029012699, 0.07432307826118378, -0.9972288043446765], [-0.9709727308996018, -0.23874451534481692, -0.014594938922037476], [-0.23916764836888083, 0.9682340297833735, 0.07294997973371165]], "T": [0.004159262616878795, 0.04766227396780932, -0.17655150942506975], "aligned_model": [[-0.109469137682836, 0.4624796505676396, -0.039069378991286124, -0.4729426384012898, -0.6001511253260507, -0.5347625225891507, -0.15879363865987037, -0.22599245362155537, 0.5247389177026266, 0.3580811825978142, 0.3568726675271279, 0.03681703150861188], [-0.5853391100629012, -0.3928358850723511, -0.6691090722439365, 0.3495605103863065, -0.0958051338367624, -0.18072266130036127, 0.35922886025395984, 0.5238418214445042, 0.15882899996244415, 0.052956367164234505, 0.5297186924630091, -0.03754696141716562], [0.22264101680223392, 0.14355777367825623, -0.3775218914624219, -0.05588347659884571, -0.554863545407255, 0.33107163874544926, -0.6625087214570601, 0.47829394860979985, -0.48235752789687814, 0.4859036676038741, 0.08841652994378263, -0.16749095135151412]], "inverted": true, "swapped": true, "error_lsq": 0.04950849155638696, "error_max": 0.28661737985353347, "target": "432.xyz", "model": "26.xyz", "model_rescale": 3.795458400668931, "target_rescale": 4.08641428087494},
