[{"mapping": [13, 12, 9, 1, 8, 2, 0, 10, 3, 6, 7, 4, 5, 14], "R": [[0.35451966942504376, -0.8609060216088187, 0.36490632489508007], [0.45669416528250867, -0.18111562392651104, -0.8709922905322546], [0.8159327444021782, 0.47543448836552316, 0.3289617058031876]], "T": [-0.08985710443540079, 0.16634411541334915, 0.2316298106334806], "aligned_model": [[0.16672367678664424, 0.33286033006911464, -0.4865170359803604, -0.44530108955588754, -0.6744898987739114, -0.14377068729391743, -0.7294262461106005, -0.05997646804524881, -0.36830888756518676, 0.09408962463248799, 0.5629172433482956, 0.40424499757484667, 0.7050463595921908, 0.013400182449836581], [-0.579921243970791, -0.2679525489165745, -0.378772212233518, -0.3637109107672385, 0.19023037607721915, 0.4858816942635876, 0.15812136098037932, 0.5741592827402754, 0.8424111713371171, -0.26387515260366073, 0.5633932338363983, 0.3709400011405186, -0.13565032805863708, 0.04001860798495918], [0.21629712290232772, -0.30928346943417745, 0.37999429016217184, -0.21281857363009554, 0.6570565640982995, -0.46952322124643503, -0.05863980178589201, 0.3798168318007564, 0.08535914679912776, 0.7510378219372014, 0.4250673021069321, -0.2706881498445535, 0.14319964642397848, 0.18071257689019177]], "inverted": false, "swapped": true, "error_lsq": 0.05221389259389405, "error_max": 0.37731382104521194, "target": "434.xyz", "model": "0.xyz", "model_rescale": 3.8414455957264533, "target_rescale": 3.9302681539839854},
{"mapping": [13, 11, 0, 9, 4, 3, 10, 2, 8, 12, 9, 6, 1, 1, 14], "R": [[-0.7592085739641686, 0.6407644245059112, -0.11411964557823606], [-0.6396935190151183, -0.766959708651305, -0.05064589850678926], [-0.11997726013436172, 0.03455079728622641, 0.9921752362650148]], "T": [0.0379720233252112, -0.09285571611512114, -0.0065474404412620354], "aligned_model": [[-0.4027780712733529, -0.7177409015645182, -0.5361055981517341, 0.24909585882337648, 0.008944320727688516, -0.016559905314521103, 0.27582537166828525, 0.6051783441097079, 0.16391222063467087, -0.2435110697829188, 0.24909585882337648, 0.8023734180070425, -0.5401457737579788, -0.5401457737579788, -0.0005781438446813836], [0.36950182943619436, 0.20067019381550802, -0.4258984358016331, 0.14521545257404475, -0.6356701313248603, -0.6173911328498739, 0.19965264926672924, -0.5389935618373386, 0.6854999193396497, 0.505352699011616, 0.14521545257404475, 0.05975709306080021, -0.41536145667792757, -0.41536145667792757, -0.10386125188943227], [-0.41497351064546656, 0.2561423337867809, -0.2981547121104567, -0.6100857778457385, -0.02463439625504074, 0.5724739299672803, 0.564631989575275, -0.16095838530879453, -0.057576539571321146, 0.37450833530936234, -0.6100857778457385, 0.04271727378248611, 0.5504693915920771, 0.5504693915920771, 0.0738065380593832]], "inverted": true, "swapped": false, "error_lsq": 0.053610905132612095, "error_max": 0.46524250008530166, "target": "434.xyz", "model": "1.xyz", "model_rescale": 4.316132596720782, "target_rescale": 3.9302681539839854},
{"mapping": [13, 9, 6, 4, 5, 12, 7, 2, 11, 0, 10, 14], "R": [[0.3502944260297875, 0.9016845792805271, -0.2534930661382291], [0.21073297705077226, -0.3395730485482869, -0.9166688371941862], [-0.9126255680594209, 0.26768463569529277, -0.30896522188896586]], "T": [0.13557930893071615, 0.06456222137432224, 0.019620799291916617], "aligned_model": [[-0.22742446753032328, 0.40601995509999245, 0.23286951681384513, -0.5048508568775238, -0.5777717291672954, -0.6149902424389323, -0.14203992416914638, -0.19730252444483568, 0.5018636166657765, 0.42680729709515886, 0.29553741025752545, -0.0009094966724613185], [-0.6361677938549172, -0.5127461388135809, -0.4919795320814141, 0.4224705319909391, -0.1725783250986748, -0.17949963201104197, 0.40915098518918525, 0.5724048140585591, 0.10706200999948855, 0.12036414887090105, 0.412339179089104, -0.03804381959756717], [0.005965058588111659, 0.28434678007766545, -0.3920897689776206, 0.011221930282849062, -0.38754834567871654, 0.21189653596869032, -0.6325805192732032, 0.4970222015655129, -0.6306584326342809, 0.6563665510367297, -0.18684965834784617, 0.012166128601529387]], "inverted": false, "swapped": true, "error_lsq": 0.051086098870938845, "error_max": 0.2938859848577502, "target": "434.xyz", "model": "2.xyz", "model_rescale": 3.795458400668931, "target_rescale": 3.9302681539839854},
{"mapping": [11, 6, 5, 1, 10, 2, 13, 8, 9, 0, 4, 14], "R": [[-0.1685286117136976, 0.8454005462357324, -0.5068491131078154], [-0.20519671092558078, -0.5330284276084971, -0.820837989609726], [-0.964101870581723, -0.03433091588551823, 0.26330395241105686]], "T": [0.07650426660200704, 0.08647426736750623, -0.03462653991583841], "aligned_model": [[0.038184046320540274, -0.1425843171614437, -0.7690214639969467, 0.26671527235217846, 0.14812567144565314, 0.12798364923244784, -0.33226672169641996, 0.6916745455210433, 0.361526764208218, 0.6683966353684101, -0.4098389514340578, -0.05559130441605786], [-0.19576018120386568, -0.5652366846568945, -0.0003465135594790253, -0.017713192093791463, 0.27940214660032664, 0.795565918226869, -0.416357591692786, -0.24093219944196897, -0.44165082429518737, 0.22571664001791458, 0.6231594919659625, 0.039922035422609393], [-0.7257913410724474, -0.1610493519013652, 0.057245359201751896, 0.7122321282367435, -0.4177905572221987, 0.26730957364801544, 0.41598102311635654, -0.22885453391820804, 0.3064731436971297, 0.3170092574974661, 0.0826719726675309, 0.06333475668832578]], "inverted": false, "swapped": true, "error_lsq": 0.051065165846919, "error_max": 0.23733118391669403, "target": "434.xyz", "model": "3.xyz", "model_rescale": 3.7530521520055578, "target_rescale": 3.9302681539839854},
{"mapping": [9, 6, 13, 5, 1, 7, 0, 10, 3, 4, 14], "R": [[0.6021438202826104, 0.7186731160901365, -0.3477524577982974], [-0.6841598387753156, 0.6889827187395545, 0.23922401276875677], [0.41151930052234215, 0.09387100450908767, 0.906553969606916]], "T": [-0.1763986220507878, -0.039798618689199886, 0.0626440418845176], "aligned_model": [[-0.2500283595312235, -0.25913857525490724, 0.3052747090092134, 0.4453525486857093, 0.1911523493137605, -0.14580508520715726, -0.3044685136087217, -0.4495722922558947, -0.5221538002622406, 0.3558908493380981, -0.028304227781431462], [-0.6660405804499254, -0.10094896586709914, -0.3318914425069681, 0.3467036880873036, -0.7155586984332077, 0.7344705700229014, -0.5678741005947266, 0.2683689541172697, 0.16604754845622283, 0.3857403509526022, -0.05181396547002672], [-0.21825202044978825, -0.6288213839309428, -0.49021521655477157, -0.37886870254918015, 0.17704562266681795, -0.08141037001249567, 0.5077363209169607, 0.20255240243756228, 0.6904002676152036, 0.3344973130639824, -0.021833455958032447]], "inverted": true, "swapped": true, "error_lsq": 0.04664028254693774, "error_max": 0.24166312297253448, "target": "434.xyz", "model": "4.xyz", "model_rescale": 3.7855080009869324, "target_rescale": 3.9302681539839854},
{"mapping": [7, 6, 4, 5, 1, 12, 15, 2, 10, 8, 3, 9, 11, 13, 16], "R": [[0.7610137921430455, -0.3323017694780831, -0.5571656326172644], [0.28970641906912065, 0.9425326968361474, -0.16644009776771373], [0.5804551652954847, -0.03475125028706186, 0.8135503375239158]], "T": [-0.021785883322475857, -0.08298092689130872, 0.07282467022245573], "aligned_model": [[-0.45322076458554206, -0.6702922738750005, -0.5296045548201095, 0.04486703886295787, -0.182016540334123, -0.029375103140506537, 0.3235283638107377, 0.5648243016470929, 0.19300723244661336, -0.23316652215596725, 0.5214470752665268, 0.6629357004892311, -0.5672924142630469, -0.31491177669840986, 0.026130392696009593], [0.37969496850401097, -0.030671134642856354, -0.2515039552154566, 0.16193459173531066, -0.7783746491745819, -0.6304636165818711, 0.4135182798901186, -0.5065539843581268, 0.592322142602292, 0.4849961718421823, -0.05050663552335968, 0.11200180755101992, -0.5550538836209641, -0.08811487317319233, -0.0948973678149321], [-0.328628229786464, 0.12555241542763726, -0.43778376064035796, -0.6957304815521582, -0.17987603526132354, 0.47689195576026533, 0.6327931649416598, -0.07637333062498025, -0.09686314850656227, 0.43063763086565454, -0.3587538029455518, 0.08004306206706371, 0.40749760986061145, 0.7353339094814517, 0.09400912499521934]], "inverted": false, "swapped": false, "error_lsq": 0.035044543345084035, "error_max": 0.24976091813367848, "target": "434.xyz", "model": "5.xyz", "model_rescale": 4.2253639853439635, "target_rescale": 3.9302681539839854},
{"mapping": [5, 4, 1, 13, 12, 0, 9, 6, 3, 10, 2, 8, 11, 14], "R": [[0.8334779222950555, -0.07128147747195085, 0.5479356750715669], [0.5511518903516248, 0.03668139090806561, -0.8335982661467576], [0.03932107333922247, 0.9967815340035477, 0.06986005053666972]], "T": [0.06407566973529852, 0.05970602107136157, 0.054178258251942696], "aligned_model": [[0.4588690641589852, -0.09306009881892624, -0.45677422461883577, 0.25672482044730305, -0.11123196371791164, -0.5312310132042828, 0.01145107864279754, 0.6317531326370608, -0.2684286432437446, 0.16904682678095942, -0.5721346508062698, 0.08813733357439399, 0.7008781199900778, 0.0900623709361768], [-0.36220826368462994, 0.0921288380525614, -0.49089149181712777, -0.7039829627165435, -0.5257392783069788, 0.0854982738104088, -0.3853665636536303, -0.2837055251396576, 0.7271173217290126, 0.4801382479039013, 0.24231700330657935, 0.24704115747556077, 0.41004108112994575, -0.08728869145441186], [-0.5759158355081897, -0.6617664381220991, 0.22850808921737742, 0.0027368741992523996, -0.4809963242205163, 0.4260888140497413, 0.5791963317359324, 0.27445196970369296, 0.053726221828641264, 0.01698611923672745, -0.3439626339357307, 0.752519552484131, 0.22905390162150757, -0.029068433359019527]], "inverted": false, "swapped": true, "error_lsq": 0.049008487420770075, "error_max": 0.3233992347927837, "target": "434.xyz", "model": "6.xyz", "model_rescale": 3.89814844738969, "target_rescale": 3.9302681539839854},
{"mapping": [10, 7, 4, 8, 2, 5, 6, 0, 9, 13, 12, 1, 14], "R": [[-0.39111049119071634, -0.3875100670383721, -0.8347865185929113], [-0.22438543493625202, -0.8395177738642582, 0.49483440053665384], [-0.8925714314658664, 0.38084886150534436, 0.2413925939648054]], "T": [-0.045366475356795846, -0.07400068525743417, -0.12838892571885382], "aligned_model": [[0.08837031506765151, -0.021803573841131664, 0.4178100856078022, -0.2974435149016649, 0.7037055768580595, -0.25057563153354556, -0.7357810199343863, 0.24550566765396964, -0.454530482527025, -0.5232598721207025, 0.06040791245425485, 0.011456976416175504, -0.09523063829523498], [-0.2670912180810705, 0.23115352534048186, 0.46567686959781196, -0.7431514740263911, 0.05379822467145115, 0.7330914763419613, 0.02376436155929132, -0.4759690744422831, -0.2550651808713595, 0.4284352367072075, 0.6667491109772336, 0.02179033393381162, 0.08059907376233982], [-0.49444353011040043, -0.8546850857658544, -0.3087643875885686, -0.01862386637686224, 0.01012104518622689, -0.32173705697225025, -0.17818302347145032, 0.3687906787342774, 0.3972567671301922, 0.24864797018300847, 0.18782669201250693, 0.641304714363385, -0.07523588648791478]], "inverted": false, "swapped": true, "error_lsq": 0.044394932905254765, "error_max": 0.24720160202686645, "target": "434.xyz", "model": "7.xyz", "model_rescale": 3.7474275329858107, "target_rescale": 3.9302681539839854},
{"mapping": [8, 5, 9, 4, 11, 10, 0, 12, 2, 3, 14, 1, 7, 6, 14], "R": [[0.2969167355079351, 0.7374767239945228, -0.6066040996742581], [0.29149872161220025, -0.6749300325076646, -0.6778627785309177], [-0.9093233459412355, 0.024444483743972456, -0.41537154421159705]], "T": [0.04583892394850743, -0.10485139667452764, 0.0014721422143265245], "aligned_model": [[-0.35341961492515717, -0.6321217563634587, -0.5914056706561294, 0.0781596604078616, -0.10150722623706611, 0.08727437029665522, 0.25676733534148183, 0.4945790103816155, 0.2946998735862738, -0.2287781846159801, 0.08094861485735369, 0.6781357300268618, -0.45961845196309825, -0.32780214964810417, 0.08094861485735369], [0.3145229093473263, 0.05678477884060429, -0.37925975912317866, 0.23950457430403704, -0.6842623189776669, -0.6538105652883266, 0.0801128750635971, -0.5148052051827378, 0.6611608368670194, 0.4621624568634723, -0.07764942807566966, 0.2680670321533945, -0.48427536641101915, -0.0522755302855889, -0.07764942807566966], [-0.3589833008596812, 0.1665918767637291, -0.31310665133956256, -0.7003826726096941, -0.168974479140228, 0.5231907394188335, 0.5977192898591457, -0.1044185019284684, -0.24323785280002852, 0.34383929975762867, -0.03852087486130328, 0.16251379680554828, 0.25529870554049394, 0.725741584337055, -0.03852087486130328]], "inverted": false, "swapped": false, "error_lsq": 0.04485446535722841, "error_max": 0.35283747840459023, "target": "434.xyz", "model": "8.xyz", "model_rescale": 4.019505241142653, "target_rescale": 3.9302681539839854},
{"mapping": [4, 2, 10, 7, 5, 6, 8, 12, 13, 1, 0, 9, 14], "R": [[0.6763637142334676, 0.30552134918215385, 0.6702155110576186], [-0.012373113310454986, 0.9145012975793174, -0.404393722494244], [-0.7364638702172125, 0.2652245876981646, 0.6223157445742665]], "T": [0.04881490926870791, 0.04508091874681651, -0.11910127542236154], "aligned_model": [[-0.3703106028821111, -0.7120040685725195, 0.05674545847837745, 0.23968402069633132, 0.2433208618886923, 0.7081912495913806, 0.30190464705617875, -0.2105651140107313, 0.3379471357738488, -0.2626566474440382, -0.35637337382190537, 0.2771582689528391, 0.0666589360348332], [-0.5284913066058985, -0.050960814237577465, 0.1340268067300474, -0.43977766039930377, -0.7819689458361787, -0.05404598925507738, 0.7226003631912639, -0.5883027037142293, -0.3354162288624662, 0.1533951381299767, 0.5596497046929475, 0.3622817366478292, -0.08961187236727398], [-0.302590796797534, -0.2116052283676109, -0.5447668622102855, -0.7104231464906718, -0.02398024282819408, 0.0909139569942809, -0.10276214280982099, 0.3184349961682477, 0.5090748555152089, 0.5852328944505016, 0.1346981893992087, 0.44988543967507394, -0.015408418654525635]], "inverted": false, "swapped": true, "error_lsq": 0.04858190411071117, "error_max": 0.25543665200971477, "target": "434.xyz", "model": "9.xyz", "model_rescale": 3.877068213659057, "target_rescale": 3.9302681539839854},
{"mapping": [4, 1, 2, 13, 9, 11, 12, 10, 3, 5, 6, 6, 8, 0, 15], "R": [[0.772004339173208, 0.3801875869058676, 0.5093787383278106], [0.47501528386797276, -0.8775795325859267, -0.0649202901880131], [0.4223384666231196, 0.29208143170862466, -0.8580901216431013]], "T": [-0.06902785908214806, -0.08447458722317241, -0.03682100803948029], "aligned_model": [[-0.4904535375964705, -0.741339788548983, -0.3882993217205545, 0.21612979012625108, -0.14826561033834154, 0.11206007238928875, 0.3413408404732218, 0.46160700835212554, 0.06485821365569078, -0.23410872934694094, 0.5171488448512258, 0.5171488448512258, -0.573353633788728, -0.2165959315471583, -0.08101690646538898], [0.34855646177972177, 0.24790408622942967, -0.31868432538279357, 0.031102116321005707, -0.7180954184393864, -0.5209984023017181, 0.1492391054999393, -0.5512336326208285, 0.5311584595936822, 0.5262548812578607, 0.0999955841757525, 0.0999955841757525, -0.596750558663526, -0.08662117078446055, -0.08349490882083793], [-0.3417393378151221, 0.3995592127931153, -0.5693309982231757, -0.7460217107037347, -0.2038279687458797, 0.5300205890653652, 0.5421182426358316, 0.024607083761892336, -0.11318732209260066, 0.42225770508499383, -0.08851436113932296, -0.08851436113932296, 0.24344989280387874, 0.7454737521383993, 0.05239966565784745]], "inverted": false, "swapped": false, "error_lsq": 0.040505742459086974, "error_max": 0.3151166706070244, "target": "434.xyz", "model": "10.xyz", "model_rescale": 4.260839863003843, "target_rescale": 3.9302681539839854},
{"mapping": [7, 6, 9, 13, 1, 12, 4, 10, 8, 0, 2, 14], "R": [[0.821258285381155, -0.10276253792249429, -0.5612260591709313], [-0.4704650335556019, -0.6784724804238936, -0.5642142726916575], [-0.3227963458503396, 0.7274028829384562, -0.6055473268031911]], "T": [0.14326484826456284, -0.021268338259441258, -0.011701398922150594], "aligned_model": [[0.6922397514822883, 0.022535510852664614, -0.3423686558068242, -0.47715125178627193, -0.5807011199280913, -0.4022692595728885, 0.19088411142094155, 0.573085729750836, 0.24788211010901287, -0.10254057268709363, 0.10969866384660756, 0.027603631412949234], [0.10279227183070047, -0.6175617565079569, -0.4552266334687428, -0.2514383497107223, 0.08831767654513026, 0.37714305599823555, 0.6130124101577374, 0.015761796364273037, -0.5148323955342169, 0.09915783590687068, 0.7204299647134585, -0.004477370761832883], [-0.5634404090833348, -0.35603885891733955, 0.21708502656822032, -0.4419180929828829, 0.2504003100960567, -0.4628684375534988, -0.37740624582745097, 0.04350942740306152, 0.5067614542494198, 0.6351756992766908, 0.20133252199011425, -0.13641431782355157]], "inverted": false, "swapped": true, "error_lsq": 0.05261082459858037, "error_max": 0.30191487843041753, "target": "434.xyz", "model": "11.xyz", "model_rescale": 3.890672605050136, "target_rescale": 3.9302681539839854},
{"mapping": [12, 1, 2, 5, 4, 11, 9, 7, 13, 8, 3, 0, 10, 14], "R": [[-0.2717947494124321, -0.9549993884073206, -0.11875934629946963], [-0.38022585118297797, 0.21992956965995492, -0.8983647847513656], [0.8840565119289681, -0.19901545801980092, -0.4228911576105082]], "T": [0.00114566766369735, -0.0018406662380008832, 0.147445969430884], "aligned_model": [[0.6101896423642649, -0.004425750948756007, 0.5142447648186619, 0.5608747371117352, 0.7286053833631443, -0.3410599512206045, -0.4586339743659879, 0.3688240119678681, 0.0735769869565492, -0.6983387506729916, 0.018624331452721812, -0.22908860865754205, -0.022295803935058, 0.08877881655968854], [-0.2534355901342055, 0.15105672701243844, 0.5665428716169169, -0.6475921357777062, 0.04420362157323162, -0.3105828628467367, -0.12776235511116044, -0.2984553456233488, -0.586051963793268, 0.17967907427872282, 0.6376837529812767, 0.5559354777399641, 0.1364489574073666, -0.11551770949572611], [-0.3275869028909461, -0.6150659780453542, 0.045976844950575135, 0.122941615628267, 0.23112382002874715, 0.7360095395215636, -0.35180280602346187, 0.7783285114110561, -0.37832169695475865, 0.18100356968923004, 0.5304605648009912, -0.21206856404949886, 0.5591399501698637, 0.05465196712058672]], "inverted": false, "swapped": true, "error_lsq": 0.051114117820794246, "error_max": 0.3213577857889763, "target": "434.xyz", "model": "12.xyz", "model_rescale": 4.124412569039231, "target_rescale": 3.9302681539839854},
{"mapping": [1, 9, 8, 12, 0, 2, 13, 4, 6, 5, 10, 11, 14], "R": [[-0.5090799564808456, -0.383543220396604, 0.7705401975220129], [-0.5310376077042196, -0.5645734361796412, -0.6318669910385349], [0.6773748276347741, -0.7308566434316067, 0.08373714610998834]], "T": [0.26083064643675874, 0.09468133888662941, -0.04189754077976635], "aligned_model": [[-0.18116375117645955, 0.028105975990191795, 0.679120223901647, -0.4697959901286978, 0.42963170385455984, 0.3092384069042739, -0.47751263832539775, 0.045671680559512456, 0.0015011768852806195, -0.36404023051564033, 0.6391524334995389, 0.6339553947624184, 0.09343392129853051], [-0.06831958990422976, 0.47983090036139064, 0.511133520967236, -0.24762942858213907, -0.12298191946558382, -0.6704788186039106, 0.36952105164139604, -0.4793207350438471, 0.7311811312739089, 0.08466591532210091, 0.06022147093191399, 0.6064292045318512, 0.09323267307839019], [0.5768954563557744, 0.48155443773174333, 0.3763791495254909, -0.1362312836914167, 0.6042461410324443, 0.05198075779921401, 0.00598879716564947, -0.44506988062017205, -0.1696705442955809, -0.6252740344617639, -0.25367714156692445, -0.43904430180789644, -0.07637947219872326]], "inverted": true, "swapped": true, "error_lsq": 0.04132622345741436, "error_max": 0.2652614743199885, "target": "434.xyz", "model": "13.xyz", "model_rescale": 3.9028299243045295, "target_rescale": 3.9302681539839854},
{"mapping": [8, 5, 0, 2, 3, 7, 14, 6, 12, 13, 1, 11, 4, 10, 15], "R": [[0.5110179127865488, -0.8528523327336114, 0.10725479645273109], [-0.8595392177265159, -0.5059489431817876, 0.07216647478796227], [-0.007281895451637939, -0.12906806515970473, -0.9916089998353997]], "T": [-0.02855474954726961, -0.07463959677851827, 0.007833791392332402], "aligned_model": [[-0.49617093119485456, -0.4498505452690666, -0.6407967709165565, 0.004927857602110869, -0.12842041847203373, 0.08457279829082544, 0.33075009741427325, 0.45767219044549295, 0.06531919406802725, -0.23937892144876646, 0.5382811615037002, 0.6048142194113606, -0.5794744102064917, -0.23069081830242233, 0.035305452420864816], [0.33945069922026194, 0.19382900668712671, -0.3749526482246719, -0.06699109019386024, -0.655967325250586, -0.7476919870694398, 0.2681846636439998, -0.508724094852798, 0.6122105676556188, 0.5313001292900325, 0.020703681378615696, 0.2683383946009359, -0.4145450546941276, -0.17054309949110116, -0.13627398068041324], [-0.44644750139727746, 0.11979938930301609, -0.46353462889638225, -0.7276729624320557, -0.19409284260592546, 0.6035103761940072, 0.7402422882017622, -0.13203140658812365, -0.05270399257600471, 0.47798437228025575, -0.2951603752117038, 0.1723528934064234, 0.20861994893566535, 0.7186756373219626, 0.0792088881465455]], "inverted": true, "swapped": false, "error_lsq": 0.04338569232173898, "error_max": 0.2885333283694689, "target": "434.xyz", "model": "14.xyz", "model_rescale": 3.942246331269136, "target_rescale": 3.9302681539839854},
{"mapping": [2, 1, 0, 7, 8, 13, 4, 11, 9, 5, 6, 10, 12, 3, 14], "R": [[-0.6085953395071667, -0.5237924804174314, -0.5960311654505254], [-0.5865734908202811, -0.20887502354656656, 0.7824977727797896], [-0.5343624730434074, 0.8258405790445128, -0.18012241783397626]], "T": [0.018782062870285894, -0.04817951523213336, 0.10295251899727448], "aligned_model": [[-0.4510380038845898, -0.7422926058690227, -0.5275560508800186, -0.027201986807574456, 0.013607773318253642, 0.09044121952646444, 0.31323862495988913, 0.5735112768319603, 0.3265574804394101, -0.3471757426999747, 0.3801728472300687, 0.6324409555243778, -0.5141368475603764, -0.29097711096317475, -0.07273167381922885], [0.35755450059351523, 0.032657324975152294, -0.16245693066442013, 0.10694439031302551, -0.5942672145431465, -0.7373886759371268, -0.09096309069709983, -0.5007069114204208, 0.579811697934224, 0.46438817977353786, -0.10187365603885443, 0.26758887970643247, -0.5300496955786764, 0.12517331310317975, -0.05808424949972898], [-0.34122867366617315, 0.3691708310069335, -0.37576746246802156, -0.7365720781603549, -0.44531965581796057, 0.528141353014538, 0.6080553556903678, 0.06288408337693027, -0.2958753068353267, 0.18123917665927233, -0.32048936551731855, 0.2838215331142249, 0.4926637227891778, 0.7278893011079182, 0.07013726978795723]], "inverted": true, "swapped": false, "error_lsq": 0.05296968120890893, "error_max": 0.33918993735588654, "target": "434.xyz", "model": "15.xyz", "model_rescale": 4.355366556412066, "target_rescale": 3.9302681539839854},
{"mapping": [13, 9, 6, 4, 5, 12, 7, 2, 11, 0, 10, 14], "R": [[0.3502944260297875, 0.9016845792805271, -0.2534930661382291], [0.21073297705077226, -0.3395730485482869, -0.9166688371941862], [-0.9126255680594209, 0.26768463569529277, -0.30896522188896586]], "T": [0.13557930893071615, 0.06456222137432224, 0.019620799291916617], "aligned_model": [[-0.22742446753032328, 0.40601995509999245, 0.23286951681384513, -0.5048508568775238, -0.5777717291672954, -0.6149902424389323, -0.14203992416914638, -0.19730252444483568, 0.5018636166657765, 0.42680729709515886, 0.29553741025752545, -0.0009094966724613185], [-0.6361677938549172, -0.5127461388135809, -0.4919795320814141, 0.4224705319909391, -0.1725783250986748, -0.17949963201104197, 0.40915098518918525, 0.5724048140585591, 0.10706200999948855, 0.12036414887090105, 0.412339179089104, -0.03804381959756717], [0.005965058588111659, 0.28434678007766545, -0.3920897689776206, 0.011221930282849062, -0.38754834567871654, 0.21189653596869032, -0.6325805192732032, 0.4970222015655129, -0.6306584326342809, 0.6563665510367297, -0.18684965834784617, 0.012166128601529387]], "inverted": false, "swapped": true, "error_lsq": 0.051086098870938845, "error_max": 0.2938859848577502, "target": "434.xyz", "model": "16.xyz", "model_rescale": 3.795458400668931, "target_rescale": 3.9302681539839854},
{"mapping": [10, 7, 4, 8, 2, 5, 6, 0, 9, 13, 12, 1, 14], "R": [[-0.39111049119071634, -0.3875100670383721, -0.8347865185929113], [-0.22438543493625202, -0.8395177738642582, 0.49483440053665384], [-0.8925714314658664, 0.38084886150534436, 0.2413925939648054]], "T": [-0.045366475356795846, -0.07400068525743417, -0.12838892571885382], "aligned_model": [[0.08837031506765151, -0.021803573841131664, 0.4178100856078022, -0.2974435149016649, 0.7037055768580595, -0.25057563153354556, -0.7357810199343863, 0.24550566765396964, -0.454530482527025, -0.5232598721207025, 0.06040791245425485, 0.011456976416175504, -0.09523063829523498], [-0.2670912180810705, 0.23115352534048186, 0.46567686959781196, -0.7431514740263911, 0.05379822467145115, 0.7330914763419613, 0.02376436155929132, -0.4759690744422831, -0.2550651808713595, 0.4284352367072075, 0.6667491109772336, 0.02179033393381162, 0.08059907376233982], [-0.49444353011040043, -0.8546850857658544, -0.3087643875885686, -0.01862386637686224, 0.01012104518622689, -0.32173705697225025, -0.17818302347145032, 0.3687906787342774, 0.3972567671301922, 0.24864797018300847, 0.18782669201250693, 0.641304714363385, -0.07523588648791478]], "inverted": false, "swapped": true, "error_lsq": 0.044394932905254765, "error_max": 0.24720160202686645, "target": "434.xyz", "model": "17.xyz", "model_rescale": 3.7474275329858107, "target_rescale": 3.9302681539839854},
{"mapping": [3, 4, 7, 2, 8, 9, 11, 5, 0, 6, 1, 12, 13, 14], "R": [[-0.9755673073459064, 0.11211236841341099, 0.1889424401414192], [-0.009040301952097724, 0.8387858666134854, -0.5443863911874353], [-0.2195146960421399, -0.532793662516926, -0.8172785396688984]], "T": [0.10498678396182663, -0.136687048619775, 0.004722669550868693], "aligned_model": [[0.327660007954325, 0.07663053741980183, 0.7306973354292745, -0.19086987247928333, 0.19124571854156247, -0.28581582681871254, 0.7889069454692762, 0.15126716713046015, -0.3365712344223566, 0.25594216400574826, -0.6643628947457569, -0.37905565588709744, -0.28008494584544236, 0.02925820213107741], [-0.5779748472393547, 0.36142153322071396, 0.29907948627940617, -0.13927463006151314, -0.7747996638439716, -0.3612841408953864, -0.2113771272591024, 0.7126244439043031, -0.663381812042068, 0.05984613825627594, -0.20212150102157825, 0.5068975069100515, 0.34103650446092065, 0.009716350842536775], [-0.5535594104395272, -0.5332396535398352, -0.19471215067056466, -0.7087818196363277, 0.33445842242743923, 0.5275346781110518, 0.2971403681211444, 0.09086307675577038, -0.14016311702558454, 0.6584021625797473, 0.09774163494800725, -0.10201361736368902, 0.5011909414046795, 0.049933202989343325]], "inverted": true, "swapped": true, "error_lsq": 0.03694922867534293, "error_max": 0.26476330704943596, "target": "434.xyz", "model": "18.xyz", "model_rescale": 3.922800546911778, "target_rescale": 3.9302681539839854},
{"mapping": [1, 6, 2, 0, 9, 11, 13, 7, 5, 8, 3, 12, 10, 4, 14], "R": [[-0.19755688345613429, 0.6947281415151806, 0.691609779562119], [-0.9734513356657485, -0.22222922086815236, -0.054833114838614416], [0.11560179449156516, -0.6840811229519475, 0.7201869495701327]], "T": [-0.059032992244869145, 0.02544067215489256, 0.08094968294518129], "aligned_model": [[-0.6034136466061463, -0.6806690338440271, -0.3974119201635904, 0.05066616195792949, -0.06010818525290526, 0.02824013186198425, 0.2890643827485284, 0.5621350806483001, 0.2025165539685012, -0.1069974160481587, 0.35758323351178284, 0.6946231945755381, -0.6107663542533085, -0.3773153548869569, 0.008713327128992282], [0.35236684374539357, 0.19291050465105744, -0.3892960283114905, 0.18041951061719286, -0.7315168734569801, -0.5449681560106403, -0.015283285522883362, -0.47595415779049943, 0.6527067551978685, 0.5456456493705968, -0.13571980032119288, 0.2497297349358976, -0.5403057776727127, -0.1397132704775676, -0.04269378693444633], [-0.2995132001619779, 0.3285183782637698, -0.39509877384742387, -0.7329239502884708, -0.2186455506888489, 0.4983952282900301, 0.6716979572667827, 0.11200558062780197, -0.2664158538100036, 0.3995039950347307, -0.3768793966605955, 0.06331979495191892, 0.2425723887065671, 0.7096687394052903, 0.0725447469925935]], "inverted": false, "swapped": false, "error_lsq": 0.03833682038521053, "error_max": 0.19115005116636757, "target": "434.xyz", "model": "19.xyz", "model_rescale": 3.9282355846067225, "target_rescale": 3.9302681539839854},
{"mapping": [13, 12, 4, 1, 9, 2, 0, 10, 8, 11, 5, 6, 7, 14], "R": [[0.3669154157645357, -0.5799172491827591, -0.7273713369212726], [0.3708388069443733, 0.8082739284369095, -0.4573530757229467], [0.8531422255042893, -0.10192762485934437, 0.5116239853174605]], "T": [0.029391166869927147, 0.0158265774507457, 0.011138751990085922], "aligned_model": [[-0.5501476495156313, -0.09368168870794139, 0.502897266236862, -0.48443182795367445, -0.6408956939708195, 0.4504924164875621, -0.14822022066429671, 0.3778498041116938, -0.25344569083754764, 0.1650248131032787, 0.06408378082866478, -0.40549585242613023, 0.5850153936613078, -0.03652203126865126], [-0.4944440936014075, -0.7664223621410474, -0.5287427561345964, -0.18597707465241758, 0.1558075162924078, -0.18622546227031286, 0.32435614287988335, 0.24528530427255177, 0.6816171469364019, 0.3697924939781233, -0.740132915275885, -0.021332720764662583, -0.19048090876120632, -0.14021822333299663], [0.17466054805632036, -0.1700530451839433, -0.12135997203006664, -0.5366699186244548, -0.07617557496455722, -0.6040646482309616, -0.5943663684192996, 0.1339830729509129, 0.020094740729498555, 0.6554563363745578, 0.40889963851155336, 0.557217653723418, 0.5306571389677538, 0.03390355538295116]], "inverted": false, "swapped": true, "error_lsq": 0.04914502844616657, "error_max": 0.32611293381286904, "target": "434.xyz", "model": "20.xyz", "model_rescale": 4.067790424073018, "target_rescale": 3.9302681539839854},
{"mapping": [3, 12, 11, 6, 13, 1, 8, 5, 2, 0, 6, 4, 9, 7, 14], "R": [[0.947347950154384, -0.23563412769638592, 0.21681425046119568], [-0.018415516398427284, 0.6358946048687607, 0.771556167919473], [-0.31967597672340986, -0.7349249004922652, 0.5980741262940306]], "T": [-0.04963205245801302, -0.08845989832770398, 0.06451471848660628], "aligned_model": [[-0.4844405675025955, -0.8132725799824903, -0.436072434832623, 0.2504305083125806, -0.015832366097471066, -0.002332857116259489, 0.3173820831088756, 0.4505686605068557, 0.16178833564996845, -0.18011696453356768, 0.2504305083125806, 0.6987698436786621, -0.5889550510318867, -0.1457732017053902, -0.10571376142077563], [0.4808630926135393, -0.02756524563657954, -0.2420517482827158, 0.08578509739271128, -0.7354434644021428, -0.6937459636771, -0.05592561574756852, -0.3994928298277095, 0.6073856246557384, 0.49936919814122394, 0.08578509739271128, 0.19372760433304112, -0.42711347662078636, -0.07058727766498021, -0.14266223064978878], [-0.3943511702883842, 0.05191103277754201, -0.43056671772031746, -0.5890585702772154, -0.20080273572387142, 0.6165080757769709, 0.4997273578666441, 0.10355166418982087, -0.0930364134518919, 0.4411958443558453, -0.5890585702772154, 0.012195410985455957, 0.5100417733188205, 0.8041777539702148, 0.06631534857974589]], "inverted": true, "swapped": false, "error_lsq": 0.04762004950175001, "error_max": 0.32231047415806213, "target": "434.xyz", "model": "21.xyz", "model_rescale": 4.186013935880536, "target_rescale": 3.9302681539839854},
{"mapping": [11, 7, 3, 9, 13, 8, 6, 5, 2, 4, 12, 1, 14], "R": [[-0.26167365937283993, 0.8440791512481814, -0.46803555678877307], [-0.4460790381033048, -0.5357997692914276, -0.7168905767214989], [-0.8558857328845115, 0.0211894703898603, 0.516730702193454]], "T": [0.12555562071719678, -0.02585722199742771, -0.07926300026590029], "aligned_model": [[0.021666864775962552, -0.4605866527932672, 0.487793347614677, 0.4496191922946767, -0.2299879379398732, 0.7221003832394408, -0.09721995722718943, -0.7054257811600166, 0.1984474828601089, -0.3530363288210032, -0.3700806950181959, 0.3907881898103218, 0.004495927787583592], [-0.47732000884937265, 0.041516596682409077, 0.43758966016728684, -0.45133516342910074, -0.3884597791145079, -0.4013145971556721, -0.684807150956238, -0.07362716801676891, 0.7364983540058542, 0.5298378998633961, 0.2290829408062399, 0.06475518766745819, -0.04346011212489034], [-0.6659673415465146, -0.6018320564039128, -0.5375183694172966, 0.3571476477226558, 0.5249629001156849, -0.24211288812196985, -0.00950819461728046, 0.11587796658788278, 0.021371312960531283, -0.057528822951103065, 0.5117031193633184, 0.6461845851040723, 0.04009970253927826]], "inverted": false, "swapped": true, "error_lsq": 0.046321189524623226, "error_max": 0.2571410916828061, "target": "434.xyz", "model": "22.xyz", "model_rescale": 4.166573947596378, "target_rescale": 3.9302681539839854},
{"mapping": [14, 12, 13, 10, 5, 1, 3, 0, 9, 11, 7, 8, 6, 2, 15], "R": [[0.6693991386163427, 0.7425230560591429, 0.02375509293371106], [-0.6175165994499499, 0.5739109709036945, -0.5378656401743367], [-0.41301094734094934, 0.345377632015986, 0.8426958221562284]], "T": [-0.01656094467179145, 0.024561556150605048, 0.11941468723846949], "aligned_model": [[-0.4913911791245362, -0.6439539428917983, -0.3401123256708769, 0.03841901267374907, -0.14530461783837437, 0.02927179224717237, 0.21124948279840763, 0.5406771525525621, 0.09200895808491161, -0.3465345758985927, 0.30463036629412965, 0.7582779885300845, -0.5419662800946891, -0.08931392700395474, -0.01909774931173118], [0.34709365853067425, 0.2007758327279247, -0.27109313546126385, 0.06320237794545072, -0.7057425834315704, -0.6342764574283135, 0.32826042597731786, -0.5717554041794471, 0.6044966067012812, 0.5904098289360331, -0.3433932106667371, 0.2330965933030892, -0.447119386292424, -0.19178320397850293, -0.043844080663918365], [-0.42509156121428215, 0.18802889672935602, -0.6049581077208799, -0.626524535678103, -0.25627522682638804, 0.38761404025231094, 0.5855649394296346, 0.093967709765236, 0.00834228004262838, 0.5587624564454503, -0.40292148706559305, 0.018335974862536186, 0.4032702033238049, 0.7524322126795479, 0.1282022890569055]], "inverted": true, "swapped": false, "error_lsq": 0.04187074294184177, "error_max": 0.33235495125619724, "target": "434.xyz", "model": "23.xyz", "model_rescale": 4.274766983524099, "target_rescale": 3.9302681539839854},
{"mapping": [13, 4, 7, 6, 10, 8, 9, 0, 1, 2, 14], "R": [[0.9233555741907047, 0.3324677117488478, -0.19204089214393588], [-0.12852965019196091, 0.7389773125745318, 0.6613566817698713], [0.3617936050187813, -0.5859844299506665, 0.725070779457362]], "T": [-0.14915429783186274, 0.14380408147984175, 0.029866902378730447], "aligned_model": [[0.26586289178685185, 0.18308339607271873, -0.5042821457674637, -0.35696136615568863, -0.4896235942628973, -0.5395953057625427, 0.0017314184847711522, 0.08290857224968329, 0.49783755906228855, 0.275111874470115, -0.03617859621976155], [-0.3096384591795774, 0.7517534397734782, 0.6467034605775908, -0.3468557727724571, 0.4016385614313284, -0.29273184346941106, -0.5187020331754046, -0.009504442068573177, -0.2138939756715722, 0.6910004740228277, 0.11581712177525387], [-0.4652405302696098, -0.2116603002001162, -0.4622274389789195, -0.42265804687172015, 0.11213169139142211, 0.4545387589726757, 0.1516128649495845, 0.6748599794769501, 0.2712934142511871, 0.3722129785307485, -0.09529693723062473]], "inverted": true, "swapped": true, "error_lsq": 0.04652503777116059, "error_max": 0.22651816863243626, "target": "434.xyz", "model": "24.xyz", "model_rescale": 3.7841303162186577, "target_rescale": 3.9302681539839854},
{"mapping": [4, 1, 2, 5, 9, 10, 11, 14, 3, 6, 12, 13, 8, 7, 15], "R": [[0.09935090580122441, 0.6232492576361841, 0.7756866380004376], [0.699077948394168, -0.5984656598005059, 0.39131684874094863], [0.7081097510876951, 0.5033877401124215, -0.49515791775859946]], "T": [-0.1175480355100882, -0.12823463044213318, 0.1607526567726219], "aligned_model": [[-0.4929479463577152, -0.8533991994664594, -0.3764913375779176, -0.018098085662225996, 0.025416968641126816, 0.15297205690546034, 0.38303901002684515, 0.5129020291901223, 0.18022330209745863, -0.21116056072700615, 0.3435526563626748, 0.6302780936251331, -0.6241045619590967, -0.17970192448663763, -0.11562034526529849], [0.3869225610837482, -0.021961136316722252, -0.28740821785157666, 0.2083342580164544, -0.6171962968806368, -0.6503700368913043, 0.2349769999913302, -0.591071161687122, 0.5666495166706946, 0.561679520307435, -0.20208534350441337, 0.07594616826294498, -0.39584163325069677, -0.05057564661329858, -0.059671689317242774], [-0.22705182723074196, 0.17704384315157762, -0.5294684406393877, -0.6430942417352294, -0.1266811701647242, 0.6701136311403493, 0.6156344991461723, 0.02803482234495891, -0.1175819264610139, 0.3538371252340785, -0.4368292460346736, 0.0555562723583837, 0.014996829449679422, 0.8033345865030048, 0.170905327019731]], "inverted": false, "swapped": false, "error_lsq": 0.04609428109682035, "error_max": 0.39349257333032095, "target": "434.xyz", "model": "25.xyz", "model_rescale": 4.19342608120988, "target_rescale": 3.9302681539839854},
{"mapping": [13, 9, 6, 4, 5, 12, 7, 2, 11, 0, 10, 14], "R": [[0.3502944260297875, 0.9016845792805271, -0.2534930661382291], [0.21073297705077226, -0.3395730485482869, -0.9166688371941862], [-0.9126255680594209, 0.26768463569529277, -0.30896522188896586]], "T": [0.13557930893071615, 0.06456222137432224, 0.019620799291916617], "aligned_model": [[-0.22742446753032328, 0.40601995509999245, 0.23286951681384513, -0.5048508568775238, -0.5777717291672954, -0.6149902424389323, -0.14203992416914638, -0.19730252444483568, 0.5018636166657765, 0.42680729709515886, 0.29553741025752545, -0.0009094966724613185], [-0.6361677938549172, -0.5127461388135809, -0.4919795320814141, 0.4224705319909391, -0.1725783250986748, -0.17949963201104197, 0.40915098518918525, 0.5724048140585591, 0.10706200999948855, 0.12036414887090105, 0.412339179089104, -0.03804381959756717], [0.005965058588111659, 0.28434678007766545, -0.3920897689776206, 0.011221930282849062, -0.38754834567871654, 0.21189653596869032, -0.6325805192732032, 0.4970222015655129, -0.6306584326342809, 0.6563665510367297, -0.18684965834784617, 0.012166128601529387]], "inverted": false, "swapped": true, "error_lsq": 0.051086098870938845, "error_max": 0.2938859848577502, "target": "434.xyz", "model": "26.xyz", "model_rescale": 3.795458400668931, "target_rescale": 3.9302681539839854},
