[{"mapping": [8, 7, 6, 4, 2, 5, 12, 11, 1, 0, 9, 3, 13], "R": [[0.2188778377133701, -0.44666877554742346, 0.8675133988065459], [-0.7494845660277585, -0.6462499163655174, -0.1436451561443835], [0.6247922674330263, -0.6187471620529077, -0.4762211377158415]], "T": [-0.14698260517415918, -0.010471403498150851, 0.2164362607430329], "aligned_model": [[-0.40250899864478057, 0.17714879548531903, -0.49736552742783924, 0.06848225858258933, 0.25848544818000213, -0.8972438652617107, 0.1150379041216093, -0.4534017988590182, -0.20706576511984517, 0.450820635260355, 0.5325572216663242, -0.2871284533819245, -0.09509204839022097], [-0.2434031144580102, -0.3036978410867069, 0.43015283269959675, 0.2642354126163963, 0.607030123299757, -0.058374351236220666, -0.36820862026403334, -0.5992651409139269, 0.08388404609112277, 0.2852635517047021, -0.2535642541611592, 0.4929359242666587, -0.1097457108700442], [-0.48429779144218077, -0.40029023769944383, -0.30089185028107945, -0.673235186633792, 0.003021716906059846, 0.3013751190555899, 0.588577557057473, 0.0008184197261918991, 0.7825909891050937, 0.6044885208547189, 0.09044157252815394, 0.22828992602225817, 0.09814913436030712]], "inverted": false, "swapped": false, "error_lsq": 0.056008631926264374, "error_max": 0.34096288410194503, "target": "435.xyz", "model": "0.xyz", "model_rescale": 3.8414455957264533, "target_rescale": 3.8158070569154687},
{"mapping": [9, 13, 6, 8, 10, 2, 0, 7, 4, 1, 11, 5, 14], "R": [[-0.27089535150132665, 0.8223958745497721, -0.5002806552910963], [0.6008628057821697, -0.26156911165306296, -0.755344615693133], [-0.7520502623911198, -0.5052193833895763, -0.4232892362025109]], "T": [-0.09690224180784376, 0.03013949718917402, 0.07168097372846259], "aligned_model": [[-0.42356725364198033, 0.27311032899654, -0.6131662900491025, 0.11776059688225848, 0.09037845066266989, -0.804858585016017, 0.08556428020967252, -0.45051503205744636, -0.3164139768407337, 0.46284177210587885, 0.7411253184773172, -0.3633098837978881, -0.03622391972030961], [-0.32299992588815024, -0.47875098616245176, 0.5041925377627043, 0.1687109350311043, 0.6749654329576165, 0.14190011559564977, -0.5691313399829816, -0.5036817376508285, -0.07946716061151413, 0.13506437644218755, -0.11523219306653965, 0.5971196695183121, 0.07455313374302305], [-0.4121497796403777, -0.3513653287494219, -0.2729526302630533, -0.6759955738511033, -0.06063212161174818, 0.24749936839507408, 0.43650668768648704, 0.12597541120512679, 0.5570861793008836, 0.7229683909032741, 0.12499403033443805, 0.27633491934744897, 0.12076833650232259]], "inverted": false, "swapped": false, "error_lsq": 0.053917623489910596, "error_max": 0.3520568617444068, "target": "435.xyz", "model": "1.xyz", "model_rescale": 4.316132596720782, "target_rescale": 3.8158070569154687},
{"mapping": [3, 11, 2, 6, 0, 1, 7, 10, 5, 4, 8, 12], "R": [[-0.28865207928463493, 0.7358553773105044, 0.6125331344571264], [0.24064153878120212, -0.5634684950290378, 0.7903131688911215], [0.9266993185158129, 0.37552645551668695, -0.014431017614906061]], "T": [-0.07516311749814814, 0.014526356191039385, 0.08206119678089507], "aligned_model": [[-0.23148609755443905, 0.5409713822905322, 0.2614246839788065, -0.31778485256044586, -0.4388264636488847, -0.605075465680533, -0.20182025027682599, -0.3266957272305146, 0.34379408043172627, 0.20944340934869599, 0.3710887307641793, -0.007224875230516431], [-0.6718373325414431, -0.20797759783700337, -0.6673761704301336, 0.5987309536810529, -0.31118083259129586, 0.009805356453922125, 0.3154005747290014, 0.6447247277692025, 0.039925840757510475, -0.19735668221521463, 0.46750738174819223, -0.007589791782810674], [0.09786037466494257, -0.036077835329978866, -0.4389685737737854, -0.03246440696686842, -0.40869795208054355, 0.3017005589244346, -0.6370293809232406, 0.6589890559209419, -0.6129595747322715, 0.6729759633580165, -0.13632207022300297, 0.02025230237077716]], "inverted": false, "swapped": true, "error_lsq": 0.04976066607053836, "error_max": 0.27508884477154166, "target": "435.xyz", "model": "2.xyz", "model_rescale": 3.795458400668931, "target_rescale": 3.8158070569154687},
{"mapping": [4, 11, 9, 7, 1, 6, 8, 3, 5, 0, 10, 12], "R": [[-0.4812007675890534, -0.21031903838469218, -0.8510063004259395], [0.6055096649687288, -0.7817296737221296, -0.1491870063100364], [-0.6338800098608283, -0.5870814418078905, 0.5035191295110891]], "T": [0.10856838774135466, 0.03289196185886676, -0.027731877741985343], "aligned_model": [[-0.20529304818492936, -0.012772928202947315, -0.6847681719556159, 0.3436855131684357, 0.28377161025530107, -0.09373170699020769, -0.3226088960809357, 0.6441966034546075, 0.2228052733063902, 0.77365632878537, -0.47421264641755634, 0.11857589460565328], [-0.1464184979051498, -0.6215856274980317, -0.10880806633733145, 0.08640524880225803, 0.5357920558583182, 0.47972017557223107, -0.18936303743915178, -0.15273075283806994, -0.49518560746979023, 0.05398872725198534, 0.6952536171500495, -0.05129918985760778], [-0.61460010528927, -0.02304867685550418, -0.14262512655916645, 0.7242753356933868, -0.2409598315228614, 0.38783478486249184, 0.43779216900782436, -0.44537792841926416, 0.5783276532420508, 0.16303945531679967, -0.14982896933329307, 0.013942670495906112]], "inverted": false, "swapped": true, "error_lsq": 0.053651095209336745, "error_max": 0.2596827565247774, "target": "435.xyz", "model": "3.xyz", "model_rescale": 3.7530521520055578, "target_rescale": 3.8158070569154687},
{"mapping": [4, 8, 6, 7, 1, 5, 3, 11, 2, 0, 12], "R": [[0.02212654889014215, -0.9598050989976359, -0.2797938308332598], [-0.9616337274178952, -0.0969774833109272, 0.2566241259567082], [-0.2734428461791929, 0.26338097818334855, -0.9251267319695206]], "T": [-0.04089282621768629, -0.25021916609003003, -0.06663249769984468], "aligned_model": [[-0.5598469846888458, -0.21482020483859476, 0.4019423589901576, 0.4104033918891864, 0.3522658703765941, -0.1695651862008012, -0.1310844087908976, -0.6182215375987885, -0.3850756520111452, 0.3395826275521032, -0.08738067223376336], [-0.702609334485714, 0.12712415388703158, -0.21651830225982602, 0.3812547775446966, -0.6474587022846827, 0.54994380921437, -0.3396197786203168, 0.07791147232874285, 0.33955432806291086, 0.06616641742656076, -0.16854548249942702], [-0.03338681540275824, -0.5952013756470781, -0.5314310373769083, -0.2123409931290851, 0.06258756333423694, -0.11569141204410592, 0.6259385168814043, -0.020715121446625975, 0.5526088395372242, 0.41743292760006767, -0.05697031506105496]], "inverted": false, "swapped": true, "error_lsq": 0.049325901153341005, "error_max": 0.2512838937569405, "target": "435.xyz", "model": "4.xyz", "model_rescale": 3.7855080009869324, "target_rescale": 3.8158070569154687},
{"mapping": [4, 3, 11, 1, 14, 6, 10, 7, 8, 15, 9, 13, 16], "R": [[-0.7726529395811035, 0.32869709140250225, 0.5431074084011515], [-0.3176171674820838, 0.5405853089721719, -0.7790294337469669], [-0.5496605951651782, -0.7744196186997053, -0.31328498894084533]], "T": [-0.06015733517878447, 0.014240265496784935, -0.0230688005683293], "aligned_model": [[-0.5778601964774353, 0.4753277886647132, -0.6016137594755039, -0.22800633595218137, 0.43731421025739575, -0.707367115787854, 0.15452405335227115, -0.4967214576845157, -0.2625205812838087, 0.2974138578409051, 0.6254398766339246, -0.34128515437030316, -0.01191937950674845], [-0.31444311019290366, -0.37162775463171727, 0.5595673358126427, 0.185278173687136, 0.46944262083240623, 0.03798348164667277, -0.5000065403559791, -0.5694280055481641, 0.0056111634104052815, 0.2068410703839279, -0.0951021659020312, 0.5752447253326916, 0.03788186321304499], [-0.43653194259403527, -0.23935139021359936, -0.22771374985580758, -0.7411751199184734, 0.03179717897373737, 0.05837337301380417, 0.446427097350803, 0.15046098993494286, 0.6509375266917644, 0.6941242547279114, 0.13477515750253594, 0.33902066930927155, -0.02210615536350424]], "inverted": true, "swapped": false, "error_lsq": 0.04805618549081444, "error_max": 0.33218398997204174, "target": "435.xyz", "model": "5.xyz", "model_rescale": 4.2253639853439635, "target_rescale": 3.8158070569154687},
{"mapping": [8, 9, 4, 1, 0, 2, 11, 5, 6, 7, 12, 3, 13], "R": [[-0.9199559776380566, -0.3917705949006709, 0.014028548719741442], [-0.3059087026409386, 0.7397937421264067, 0.59927046044265], [-0.24515477734799604, 0.547010987167335, -0.8004237097073477]], "T": [-0.15531467059417084, -0.015789462862426072, -0.02310697684248919], "aligned_model": [[-0.15678921719431696, 0.3067434839908665, -0.5228719965629421, -0.25534335586037066, 0.38153545469008576, -0.7695045435923525, 0.04361256377228484, -0.5710186749599169, -0.21684835672019664, 0.3048671346914934, 0.6254146966493518, -0.23908974229175867, -0.16798164040136837], [-0.5822698144571299, -0.10489835952662974, 0.5704909900608063, 0.25524137014868714, 0.5618217477670341, 0.08476309920352859, -0.6501597905816284, -0.46338527747918107, -0.055639153519377336, 0.32753350860674973, -0.2529937692050716, 0.5088436775708314, 0.02789462909951272], [-0.49740931983496894, -0.41189778666461074, -0.1717278194364601, -0.6978234592552759, -0.16877743254317984, 0.22755533425689078, 0.381313635329954, 0.14299369727574623, 0.6159106878189802, 0.524390291984045, 0.4302577070986675, 0.4467347816459873, 0.017517571883575368]], "inverted": true, "swapped": false, "error_lsq": 0.055861145412693, "error_max": 0.4156730003040215, "target": "435.xyz", "model": "6.xyz", "model_rescale": 3.89814844738969, "target_rescale": 3.8158070569154687},
{"mapping": [10, 11, 5, 9, 8, 1, 4, 2, 0, 3, 7, 6, 12], "R": [[0.020666945125465574, -0.642090677006817, 0.7663500765838736], [-0.9709545209605748, -0.1956429505023753, -0.13773581286269238], [0.23836987142968064, -0.74124449301135, -0.6274841878286217]], "T": [-0.02277288370203899, -0.035816992748766846, 0.11590844953536819], "aligned_model": [[-0.3637529059447879, 0.5393898031810307, -0.6595677951110952, -0.19518987691775835, 0.43644093431036424, -0.801199472801524, 0.05865019370400501, -0.5565841446512098, -0.2224818457510926, 0.304599607258427, 0.48954775173269993, -0.17476005203106465, -0.09236639076713503], [-0.3477980375772969, -0.2111705475466367, 0.30715645386722057, 0.38881205593941315, 0.40530556287984, 0.10265170445858501, -0.6752107257714768, -0.5011630706907565, 0.020648283230475975, 0.4799963532731035, -0.2059591798901877, 0.6188986094848098, -0.15492460396896113], [-0.4544459272788717, -0.43957747604616115, -0.1659391329355677, -0.650843420690741, -0.11260923594409766, 0.41536642206320196, 0.10944895874375454, 0.12272093431191503, 0.6708304175220272, 0.6442509340072999, 0.4898788791263122, 0.1908966611624508, 0.019059875517828062]], "inverted": false, "swapped": false, "error_lsq": 0.052312105226925164, "error_max": 0.33189993060666484, "target": "435.xyz", "model": "7.xyz", "model_rescale": 3.7474275329858107, "target_rescale": 3.8158070569154687},
{"mapping": [7, 12, 6, 10, 1, 5, 4, 9, 8, 2, 13, 3, 14], "R": [[-0.6069054341637318, -0.6873528896685545, 0.39901353241064397], [0.4053180640471984, 0.1641778317316461, 0.8993124632322885], [-0.6836541969004236, 0.7075250134321635, 0.17895612431055127]], "T": [-0.03350072443158141, 0.01954798645274446, -0.0211009087137934], "aligned_model": [[-0.5906224580028973, 0.42933026008828684, -0.6490345577259763, -0.17861616983843112, 0.48835714259500446, -0.7270835066579809, 0.25005683327413164, -0.5048776163733731, -0.27827486630745857, 0.2754483354604394, 0.6590791667415469, -0.42447937927057716, 0.013442622228144567], [-0.17532924432928135, -0.16904910131168233, 0.47217104092138407, 0.08660828550153529, 0.5552939942810329, 0.032601220115715354, -0.28126769321171097, -0.5716989494270691, -0.11534412675030332, 0.3759525127554305, -0.5300165132993756, 0.5302324283435403, 0.01708900409891638], [-0.3609771668272984, -0.382848385628978, -0.30952519519315885, -0.7625237189132912, 0.05267172692006597, 0.15720781600800554, 0.6432264836023056, 0.07148055079309938, 0.6010727431882045, 0.6761191339360435, 0.14145303201785486, 0.2958716914515645, 0.01580917820493316]], "inverted": true, "swapped": false, "error_lsq": 0.05580479052984396, "error_max": 0.4491079039757267, "target": "435.xyz", "model": "8.xyz", "model_rescale": 4.019505241142653, "target_rescale": 3.8158070569154687},
{"mapping": [5, 11, 4, 8, 9, 3, 6, 2, 2, 1, 10, 0, 12], "R": [[0.4564245061600281, -0.633250741730659, -0.6250361335748078], [0.5879339759493041, 0.7419132225903915, -0.3223327629484526], [0.6678400333171242, -0.2203594069766722, 0.7109370025929665]], "T": [-0.035155993180163755, 0.05708059284604019, 0.05580141628587848], "aligned_model": [[-0.41984467741016407, 0.22644735672387123, -0.6993522627413866, 0.06421334675217007, 0.5222624627708297, -0.8751888690821943, 0.12821559962739237, -0.3693405052783095, -0.3693405052783095, 0.29399779454069597, 0.7316986176529635, -0.4241208616240802, -0.046921690442619284], [-0.35005172850207433, -0.17084606446993425, 0.42283879631013715, 0.3968050132806549, 0.36231114774097506, -0.11189165631922343, -0.6418515799969403, -0.16357806311987969, -0.16357806311987969, 0.33862049034850766, -0.25183812056518784, 0.52245808841781, 0.037844597683166586], [-0.3140399122335881, -0.4607860885927652, -0.2798456056624661, -0.5193941885546656, -0.1961093511580389, 0.1210237602913104, 0.1692270676854156, 0.4912352592950045, 0.4912352592950045, 0.5741626535653144, 0.4490990040818286, 0.2898445657323937, 0.023385465814602595]], "inverted": true, "swapped": false, "error_lsq": 0.06466042436011683, "error_max": 0.5239245133918508, "target": "435.xyz", "model": "9.xyz", "model_rescale": 3.877068213659057, "target_rescale": 3.8158070569154687},
{"mapping": [8, 9, 0, 11, 6, 1, 2, 7, 4, 3, 13, 5, 15], "R": [[-0.27245185722480325, -0.22642392278663798, -0.9351482196340142], [-0.9621544639907798, 0.058695756704341295, 0.2661082403224676], [-0.005364039277526489, 0.9722587183125775, -0.23384655598878037]], "T": [0.056920147752073366, 0.05436529631583221, 0.022138245656918465], "aligned_model": [[-0.4403253541445705, 0.18180802973646887, -0.5428288849660162, -0.09854032266447367, 0.518028903919849, -0.7769220865176135, 0.1714623085213366, -0.5018447655644338, -0.1356065576652446, 0.12779406098538115, 0.702838732835117, -0.43523888835840296, -0.007899369906538334], [-0.3369101586022269, -0.4282918282875333, 0.4500313671247035, 0.2808091865456104, 0.4623083636610336, 0.10537699233350081, -0.5843913832395445, -0.48755800295672513, -0.15274182411215767, 0.40923245793715296, -0.15603763850468527, 0.5624488099606586, 0.10296651582834493], [-0.4194196384651053, -0.4104012564729056, -0.3206670836455524, -0.6628511578955558, 0.05771554059685345, 0.2566836472766741, 0.16079377450161686, 0.26787688480174465, 0.6370616458574234, 0.543489882034949, 0.3911345632901753, 0.35474321943161113, -0.017122131752578068]], "inverted": true, "swapped": false, "error_lsq": 0.04556214866561486, "error_max": 0.2668398189101332, "target": "435.xyz", "model": "10.xyz", "model_rescale": 4.260839863003843, "target_rescale": 3.8158070569154687},
{"mapping": [9, 11, 5, 8, 7, 6, 10, 4, 3, 0, 1, 12], "R": [[0.6781228295527915, 0.6684840414889788, -0.3054153144717484], [0.674198312593753, -0.7312489670856037, -0.10359335611888278], [-0.29258513860934865, -0.13566146988293643, -0.9465674314353676]], "T": [0.06572008866810436, 0.03944641801250506, 0.03713164689983973], "aligned_model": [[0.35149350738258217, 0.1297235068111761, -0.5144283437736732, -0.2846607472369342, -0.7205252754931228, -0.32770218989627464, 0.261550940021797, 0.7154284940120665, 0.37482982761115924, -0.25956160666701295, 0.20418962009951136, 0.028560916222855906], [-0.030394718885929345, -0.6022011553622507, -0.5260207621907478, -0.1695889610657529, 0.03555408602080962, 0.4800010862112326, 0.7529070395925265, -0.08366971027827015, -0.16850859532367002, -0.003985989688473503, 0.5362557224772476, -0.04726953597378801], [-0.7218927415880195, -0.12803044422383628, -0.016708902842725602, -0.49724766877746507, 0.11103469618779607, -0.21665355169223638, -0.4587399242384932, -0.15728276981630404, 0.6346159421284749, 0.6466283154637078, 0.28828406647793814, 0.03217106031666784]], "inverted": false, "swapped": true, "error_lsq": 0.04425176161344697, "error_max": 0.24617927962630026, "target": "435.xyz", "model": "11.xyz", "model_rescale": 3.890672605050136, "target_rescale": 3.8158070569154687},
{"mapping": [8, 6, 3, 0, 2, 7, 9, 5, 12, 10, 11, 4, 13], "R": [[0.28158368771042214, -0.8030933465303256, 0.5251206562059068], [-0.9500616411618921, -0.31006496464299316, 0.03525047082964988], [0.1345120991144367, -0.5088229500127348, -0.8502974189847726]], "T": [0.021512371282354642, -0.044056050133215084, -0.05493189700774767], "aligned_model": [[-0.4905410990572838, 0.26316913634385297, -0.6839199540684306, -0.09067399939461593, 0.4318195333581506, -0.7690268865494487, 0.20749749631289713, -0.44872049550209503, -0.2664113025330723, 0.27735993509907375, 0.536279254858632, -0.10555031882867619, -0.09855549382812492], [-0.28724652149745716, -0.4244048808428425, 0.45069674496984935, 0.2941098643202815, 0.4953173360221336, 0.009860251970904593, -0.6826169369640868, -0.5632825685426534, -0.018784528902292243, 0.319547562802385, -0.028174101933173077, 0.6303472148542468, 0.03187342143083654], [-0.49973599319943485, -0.4140908016995126, -0.3875699316488941, -0.525838015340665, 0.1602157655947261, 0.25987738568664875, 0.349382266853161, 0.28308741517892466, 0.6317947261956748, 0.7208740975500348, 0.13878176588103916, 0.08681559955265358, 0.03544360895499429]], "inverted": true, "swapped": false, "error_lsq": 0.0494347622248044, "error_max": 0.41899519845033284, "target": "435.xyz", "model": "12.xyz", "model_rescale": 4.124412569039231, "target_rescale": 3.8158070569154687},
{"mapping": [0, 1, 5, 4, 2, 7, 6, 3, 9, 11, 8, 10, 12], "R": [[0.19461534868768238, 0.9518353962749929, 0.2369266647154762], [0.9753736852059193, -0.16223554055199013, -0.1494182170608003], [-0.10378362232547429, 0.26017111250066066, -0.9599687244682362]], "T": [-0.21342397657025292, -0.06884546918939402, 0.044922766124996155], "aligned_model": [[-0.43161194501326816, 0.4325216070992325, -0.7852777265912471, -0.07000194005039914, 0.49193922680398827, -0.6799777127006592, 0.12199289044465811, -0.5366748621977746, -0.2596320984547159, 0.37895712973535944, 0.41253382898853264, -0.14458006080498226, -0.16746253104786524], [-0.26898834367929747, -0.36304310795948647, 0.3022219028854817, 0.38871260042528555, 0.4037669375862388, 0.20860954415641267, -0.6166053054649251, -0.7034955316624929, -0.22795210303313787, 0.509868981941577, -0.09050956607024105, 0.6408909259212193, 0.04376592264149748], [-0.45418066364848686, -0.3539084653360356, -0.2852865206017474, -0.5782521596546863, -0.10169161903653481, 0.3586487634348807, 0.23218595489786914, 0.08341353008002657, 0.6623295692452854, 0.5969436627229536, 0.3950707540741055, 0.23503966967385695, 0.048725413707863555]], "inverted": false, "swapped": false, "error_lsq": 0.05400292244049777, "error_max": 0.4216616314121426, "target": "435.xyz", "model": "13.xyz", "model_rescale": 3.9028299243045295, "target_rescale": 3.8158070569154687},
{"mapping": [9, 1, 14, 11, 12, 10, 3, 7, 4, 8, 2, 13, 15], "R": [[0.16662844981228833, 0.07387426684173831, -0.983248469315742], [0.927480422737248, 0.32673488384687477, 0.181726115670548], [0.3346864579756549, -0.9422244469213081, -0.014073609044776891]], "T": [0.011272937444822634, -0.030598902924956366, 0.15575054995371612], "aligned_model": [[-0.43942121674447954, 0.37464350819118175, -0.5787773607447921, -0.0083186395937166, 0.2502498616550359, -0.7151218142529677, 0.05142310697768587, -0.7229948837728424, -0.31373910489041357, 0.5145233186162078, 0.7251987550698643, -0.3072049313829829, -0.06773479291692198], [-0.3131440526763097, -0.13125630531820473, 0.38551684586324625, 0.19667732058757878, 0.5874640147362237, 0.08464001636783627, -0.6073290296926543, -0.5574104850834152, -0.18896665932196693, 0.3588926437585986, -0.19905303737263264, 0.697689181033134, -0.08647759519330209], [-0.408065443252611, -0.3734268034937977, -0.35585377176350025, -0.5469715691466785, -0.0566842599717329, 0.27584742016734387, 0.38911672145924603, 0.0929152138351341, 0.7290306734130632, 0.5934062919136855, 0.21964813262852603, 0.18438035307540457, 0.09569493069526744]], "inverted": false, "swapped": false, "error_lsq": 0.044048701894592784, "error_max": 0.2230567008879567, "target": "435.xyz", "model": "14.xyz", "model_rescale": 3.942246331269136, "target_rescale": 3.8158070569154687},
{"mapping": [3, 5, 13, 4, 6, 12, 2, 1, 0, 7, 9, 8, 14], "R": [[-0.49563823910028787, -0.814874513147422, 0.3005366263275047], [0.14076231115899818, -0.41682029885597593, -0.8980238361083701], [0.8570465026465854, -0.4027907226890502, 0.32129569872142616]], "T": [-0.03883229145260531, 0.1086108657242951, -0.07327803118323373], "aligned_model": [[-0.37719380757830584, 0.0807462557319191, -0.6757676737869334, -0.14033604005024206, 0.31804855736616056, -0.8471572878518836, 0.1908284596155868, -0.5237060384068751, -0.19722296471484785, 0.4319506134652495, 0.7517421472401269, -0.1683758224829399, -0.0808305923361557], [-0.3803569776874446, -0.5138675761047029, 0.528115213009312, 0.20499270885185847, 0.49659418861084903, -0.011311673127305563, -0.37401109910357044, -0.5247615091070826, -0.053142984707796465, 0.18592716998709588, -0.02151551378590119, 0.6277212710861745, 0.06285963976664602], [-0.47697329126816035, -0.04163757131780996, -0.3548082566385331, -0.64255081839387, 0.11352237097566484, -0.055798241875532194, 0.47168058846047, 0.06947462236690663, 0.6263401285025936, 0.6362042826634804, 0.005598380839636458, 0.48581389945162123, 0.0021717957928834714]], "inverted": true, "swapped": false, "error_lsq": 0.06955722693461365, "error_max": 0.45070940315286184, "target": "435.xyz", "model": "15.xyz", "model_rescale": 4.355366556412066, "target_rescale": 3.8158070569154687},
{"mapping": [3, 11, 2, 6, 0, 1, 7, 10, 5, 4, 8, 12], "R": [[-0.28865207928463493, 0.7358553773105044, 0.6125331344571264], [0.24064153878120212, -0.5634684950290378, 0.7903131688911215], [0.9266993185158129, 0.37552645551668695, -0.014431017614906061]], "T": [-0.07516311749814814, 0.014526356191039385, 0.08206119678089507], "aligned_model": [[-0.23148609755443905, 0.5409713822905322, 0.2614246839788065, -0.31778485256044586, -0.4388264636488847, -0.605075465680533, -0.20182025027682599, -0.3266957272305146, 0.34379408043172627, 0.20944340934869599, 0.3710887307641793, -0.007224875230516431], [-0.6718373325414431, -0.20797759783700337, -0.6673761704301336, 0.5987309536810529, -0.31118083259129586, 0.009805356453922125, 0.3154005747290014, 0.6447247277692025, 0.039925840757510475, -0.19735668221521463, 0.46750738174819223, -0.007589791782810674], [0.09786037466494257, -0.036077835329978866, -0.4389685737737854, -0.03246440696686842, -0.40869795208054355, 0.3017005589244346, -0.6370293809232406, 0.6589890559209419, -0.6129595747322715, 0.6729759633580165, -0.13632207022300297, 0.02025230237077716]], "inverted": false, "swapped": true, "error_lsq": 0.04976066607053836, "error_max": 0.27508884477154166, "target": "435.xyz", "model": "16.xyz", "model_rescale": 3.795458400668931, "target_rescale": 3.8158070569154687},
{"mapping": [10, 11, 5, 9, 8, 1, 4, 2, 0, 3, 7, 6, 12], "R": [[0.020666945125465574, -0.642090677006817, 0.7663500765838736], [-0.9709545209605748, -0.1956429505023753, -0.13773581286269238], [0.23836987142968064, -0.74124449301135, -0.6274841878286217]], "T": [-0.02277288370203899, -0.035816992748766846, 0.11590844953536819], "aligned_model": [[-0.3637529059447879, 0.5393898031810307, -0.6595677951110952, -0.19518987691775835, 0.43644093431036424, -0.801199472801524, 0.05865019370400501, -0.5565841446512098, -0.2224818457510926, 0.304599607258427, 0.48954775173269993, -0.17476005203106465, -0.09236639076713503], [-0.3477980375772969, -0.2111705475466367, 0.30715645386722057, 0.38881205593941315, 0.40530556287984, 0.10265170445858501, -0.6752107257714768, -0.5011630706907565, 0.020648283230475975, 0.4799963532731035, -0.2059591798901877, 0.6188986094848098, -0.15492460396896113], [-0.4544459272788717, -0.43957747604616115, -0.1659391329355677, -0.650843420690741, -0.11260923594409766, 0.41536642206320196, 0.10944895874375454, 0.12272093431191503, 0.6708304175220272, 0.6442509340072999, 0.4898788791263122, 0.1908966611624508, 0.019059875517828062]], "inverted": false, "swapped": false, "error_lsq": 0.052312105226925164, "error_max": 0.33189993060666484, "target": "435.xyz", "model": "17.xyz", "model_rescale": 3.7474275329858107, "target_rescale": 3.8158070569154687},
{"mapping": [0, 1, 6, 2, 7, 4, 3, 8, 5, 12, 11, 9, 13], "R": [[0.36228932914844836, -0.8943675507226387, 0.2623987922982028], [-0.4952166893718506, -0.4232035073929521, -0.7587220979369769], [0.7896245136473103, 0.14493265865460292, -0.5962278523371387]], "T": [-0.02425339462028145, -0.020979258278214584, 0.11397666299082837], "aligned_model": [[-0.5092945330775976, 0.33547000453079456, -0.5649959865470804, -0.08646532982326163, 0.5488007784422763, -0.8483157650010685, 0.17989077910838175, -0.456201331563829, -0.35266454981743867, 0.20552866724039612, 0.6567745050929059, -0.27339317545392616, -0.07240825691969334], [-0.32790783979721466, -0.2989616223944892, 0.4281035821976875, 0.2612717126631222, 0.4525595522385745, 0.024992301121043788, -0.668214079383729, -0.569278645068791, 0.08665037030031444, 0.45454532000498427, -0.2052229824144292, 0.593915837027478, -0.005210648806419235], [-0.4940301878189582, -0.40740927674402777, -0.2037037788476876, -0.5343263435814498, -0.00763415768821174, 0.20360727979895066, 0.11278335230695041, 0.28614870902034695, 0.7494150257487044, 0.6434230746409038, 0.2688698898754067, 0.20091087507814082, 0.020983427770282254]], "inverted": true, "swapped": false, "error_lsq": 0.043522471952080186, "error_max": 0.24551560653350854, "target": "435.xyz", "model": "18.xyz", "model_rescale": 3.922800546911778, "target_rescale": 3.8158070569154687},
{"mapping": [11, 8, 10, 4, 1, 9, 12, 7, 3, 0, 5, 2, 14], "R": [[0.9648222060124153, 0.19429567802198622, 0.1771081598552508], [-0.23009626652447956, 0.29818611440078185, 0.9263588663741821], [0.12717633001794043, -0.9345235313680126, 0.33240329481313424]], "T": [0.00034782797469912197, 5.572581893023565e-05, -0.045391981630204914], "aligned_model": [[-0.6157097031598482, 0.48582719234653987, -0.5411956486454841, -0.20897137226340395, 0.40148496873105005, -0.7187469426804647, 0.17434281685930353, -0.5419162592885893, -0.1387874007066835, 0.23317754452446735, 0.6420486497100937, -0.33794237527707727, -0.07088566393904398], [-0.19915650413386918, -0.151792525150284, 0.48284997679128294, 0.027555937676491588, 0.6174888109132451, 0.21274901959114498, -0.6894668399086941, -0.5147756634913319, -0.15499901963346913, 0.24080234448395507, -0.14900761124985928, 0.5545018787371696, -0.049506946937650176], [-0.34209253528395844, -0.38545454862093226, -0.39787038014772547, -0.7377043026614252, 0.031082874842897235, 0.27147937951767076, 0.29061161918674133, 0.23587180790558576, 0.5593795931297008, 0.720293348234218, 0.34000897466304403, 0.2567307826326397, -0.003298723839105587]], "inverted": true, "swapped": false, "error_lsq": 0.05030803605963236, "error_max": 0.28831954829622064, "target": "435.xyz", "model": "19.xyz", "model_rescale": 3.9282355846067225, "target_rescale": 3.8158070569154687},
{"mapping": [6, 7, 3, 5, 2, 4, 9, 8, 11, 10, 12, 0, 13], "R": [[-0.8848285236282252, 0.2997225955284988, -0.3567139603429549], [0.20535727746101906, 0.9381207592354328, 0.27885090942174295], [0.4182186896441781, 0.17348143076766162, -0.8916262225905605]], "T": [-0.10928134991417869, -0.03025659511772299, -0.003717061286120038], "aligned_model": [[-0.35172498194055646, 0.3850704953981485, -0.6550573439397283, -0.10386317774897828, 0.4727514592011066, -0.7037547906506283, 0.04777574730123797, -0.504046935712952, -0.29002639423757554, 0.4385247970767707, 0.5847171456009561, -0.46692665286125046, -0.0907135612756918], [-0.2367494461834496, -0.2426388447033405, 0.42499685628139366, 0.30587383622320957, 0.510054440962221, -0.04532242493217706, -0.5048703713566676, -0.6630599662198444, 0.041486079767471214, 0.36727591909192064, -0.40168101827300745, 0.5491488175031186, 0.12272897952728393], [-0.574178139542709, -0.3177358656225355, -0.2511598394716475, -0.6158258169705481, -0.22284716821683126, 0.2101571867447753, 0.47429931589803126, 0.14575402260279718, 0.6858823796060584, 0.529303270836919, 0.3175372482165836, 0.4164926402944219, 0.04135865518403549]], "inverted": true, "swapped": false, "error_lsq": 0.04140894667566653, "error_max": 0.2481446472838674, "target": "435.xyz", "model": "20.xyz", "model_rescale": 4.067790424073018, "target_rescale": 3.8158070569154687},
{"mapping": [10, 11, 1, 13, 6, 7, 12, 9, 0, 2, 3, 8, 14], "R": [[-0.26666884830256904, -0.9405684839104782, 0.21028231599287284], [-0.948297037929281, 0.217099785946256, -0.23151762523972635], [0.17210593597994794, -0.2611486358693739, -0.9498320571469631]], "T": [-0.051136271945415035, 0.16455419016495848, 0.06887405132070709], "aligned_model": [[-0.33296467318268597, 0.33500531584587934, -0.8107138548067706, -0.09106002486901299, 0.6092674879861586, -0.7093988372018603, -0.002377506359251158, -0.5911879960644243, -0.13577283030469084, 0.38780272643243824, 0.6145733450763955, -0.4351465680909125, -0.07530077825040392], [-0.3057372898034117, -0.22278753859425843, 0.19501791633780713, 0.18475209756317204, 0.47191345882136815, 0.0650578358004725, -0.5974001629899934, -0.3847309136552772, 0.045759516118955484, 0.3928067180018108, -0.2546192860561557, 0.5299843165318343, 0.10722618961180741], [-0.5399654165843168, -0.27593504559958515, -0.2400255412348439, -0.6297829772465482, -0.06133369243752432, 0.4057046138576703, 0.13260797779962583, -0.03446959611912856, 0.7639873571409597, 0.6247115012807346, 0.39270937874531286, 0.2790283087669697, 0.021801021190024902]], "inverted": false, "swapped": false, "error_lsq": 0.04611572865446468, "error_max": 0.2643691281772623, "target": "435.xyz", "model": "21.xyz", "model_rescale": 4.186013935880536, "target_rescale": 3.8158070569154687},
{"mapping": [9, 2, 10, 9, 11, 7, 0, 1, 6, 3, 5, 4, 12], "R": [[0.9973445015994656, 0.04171570724978424, -0.05969710962822159], [0.06046798505095226, -0.01746739629319581, 0.9980172908575354], [0.040590244064201204, -0.9989768214705418, -0.01994347641264758]], "T": [-0.04807429934368229, 0.006570446365314035, 0.021117728656657418], "aligned_model": [[-0.2921916851982376, 0.4187891251342244, -0.6943565864743644, -0.2921916851982376, 0.2668070469629895, -0.7496029613485611, -0.037378571403003574, -0.45224304327896525, -0.13815769489580743, 0.4343054396563261, 0.6479251856436841, -0.31577680528008334, -0.03320195810910436], [0.035923360900679976, -0.5170006871809549, 0.47895655445372776, 0.035923360900679976, 0.5241161463204677, -0.02150348159531309, -0.5968490555142342, -0.597069083902837, 0.03728444185292722, 0.39666772583514665, -0.1977616462631764, 0.6086574505407755, 0.039897771340242714], [-0.5489663603777145, -0.21890521580246786, -0.21440297715088177, -0.5489663603777145, -0.157661925996458, 0.23417436627998817, 0.41805468481169766, -0.06484842663580431, 0.5695650655488889, 0.7048373749219283, 0.290137967550014, 0.3268018082009718, 0.04921788858690262]], "inverted": false, "swapped": false, "error_lsq": 0.05610986904093797, "error_max": 0.34183235640912374, "target": "435.xyz", "model": "22.xyz", "model_rescale": 4.166573947596378, "target_rescale": 3.8158070569154687},
{"mapping": [8, 10, 3, 9, 12, 4, 7, 0, 1, 6, 13, 2, 15], "R": [[0.25319466580523403, 0.774296796400713, 0.5799628714765876], [0.9284672981411888, -0.026099880416353083, -0.37049598179285725], [-0.27173689019008246, 0.6322841665942973, -0.725517605013123]], "T": [-0.0313358712612347, 0.11941690828723919, -0.019303874288331732], "aligned_model": [[-0.5479688454630792, 0.4139453036810535, -0.5005344478707582, -0.02741024785141745, 0.40385907302312263, -0.7468369867088983, 0.056683480863793975, -0.45151400704308203, -0.256597994674601, 0.17078874256331422, 0.6788996635940786, -0.3938135604010121, -0.036774367501655525], [-0.3304217416163868, -0.42383258110698696, 0.43089661052259554, 0.20234764743595343, 0.6085783462343062, -0.00028559370080880053, -0.5823968841901319, -0.461138642082521, 0.0249037843293638, 0.4476844587339338, -0.3140954721313546, 0.5245011819185825, 0.10050174334158703], [-0.44920467591752794, -0.2791998161939463, -0.2296838705309293, -0.6139098347925854, 0.007300699079980627, 0.09724216028833012, 0.08605096418734316, 0.3720544653235523, 0.6503402894450395, 0.6368163035578214, 0.1370471408933292, 0.3773394104418469, 0.04684465377709676]], "inverted": false, "swapped": false, "error_lsq": 0.04930861292935698, "error_max": 0.26167869668722643, "target": "435.xyz", "model": "23.xyz", "model_rescale": 4.274766983524099, "target_rescale": 3.8158070569154687},
{"mapping": [1, 6, 7, 0, 5, 2, 3, 11, 4, 9, 12], "R": [[-0.9820772074122683, -0.1550412302138409, -0.10717544315326921], [0.05024152150487995, 0.3327162736330969, -0.9416876715645061], [0.18165942914749988, -0.9301946560766113, -0.3189635615682762]], "T": [0.09539742198720694, 0.1032844992109118, -0.03831465901640344], "aligned_model": [[0.3616083408711239, 0.14635912808183343, -0.5163497589488155, -0.41743242377597145, -0.6140532734826867, -0.6025747378337685, -0.03349371029717402, -0.13472696234684597, 0.5876371657339052, 0.5794941739068353, 0.02342676204963884], [-0.1253177911706707, 0.5776594112196956, 0.46918538582109154, -0.23140879730583297, 0.40044789459361074, -0.31074051520880047, -0.5849925980157887, 0.1340156208621885, -0.10232732761709463, 0.5711390521767306, 0.11792619588835403], [-0.49212472225518084, -0.46918329251794055, -0.37822716452646354, -0.36106330875876097, 0.22168104765999894, 0.3989182048779892, 0.035464164351746534, 0.5855322197871877, 0.39814767588962047, 0.419314782362115, 0.021106827151265453]], "inverted": true, "swapped": true, "error_lsq": 0.052479104188317666, "error_max": 0.31850738055875644, "target": "435.xyz", "model": "24.xyz", "model_rescale": 3.7841303162186577, "target_rescale": 3.8158070569154687},
{"mapping": [11, 6, 10, 7, 8, 14, 3, 13, 12, 2, 4, 9, 15], "R": [[-0.0722821592505683, 0.9356497571819771, 0.3454487246168133], [0.6042117646550906, -0.23448870037736758, 0.7615400139504915], [0.7935385516195523, 0.2637699400626246, -0.5483812413028937]], "T": [-0.0201075561080738, 0.13218464596316795, -0.011681214639144247], "aligned_model": [[-0.3830834998698887, 0.33878232484274406, -0.6232872545663732, -0.09059101739855248, 0.3164495855304589, -0.7391318577885077, 0.12811711041620497, -0.5279974683980194, -0.29568803204715083, 0.29446315340810414, 0.6380274122373295, -0.30166302678008905, 0.008328376624599246], [-0.40243694647392925, -0.40141746744641293, 0.4793629081381612, 0.13993272165790402, 0.6083247157046602, 0.20350725786524046, -0.6349015749492463, -0.42798979805217563, -0.07712277792128783, 0.35341943899752315, -0.14788738607464333, 0.4615708752866473, 0.07288089095569084], [-0.42623614020743145, -0.34106441117315933, -0.3593831141423037, -0.6580383984839604, 0.0856723062911774, 0.3157574833410919, 0.18481322689350738, 0.18894885922131333, 0.6631652197562523, 0.6370818106580409, 0.20073903667781773, 0.3812207290985316, -0.03363871837152706]], "inverted": true, "swapped": false, "error_lsq": 0.04128751087320271, "error_max": 0.2523185205782287, "target": "435.xyz", "model": "25.xyz", "model_rescale": 4.19342608120988, "target_rescale": 3.8158070569154687},
{"mapping": [3, 11, 2, 6, 0, 1, 7, 10, 5, 4, 8, 12], "R": [[-0.28865207928463493, 0.7358553773105044, 0.6125331344571264], [0.24064153878120212, -0.5634684950290378, 0.7903131688911215], [0.9266993185158129, 0.37552645551668695, -0.014431017614906061]], "T": [-0.07516311749814814, 0.014526356191039385, 0.08206119678089507], "aligned_model": [[-0.23148609755443905, 0.5409713822905322, 0.2614246839788065, -0.31778485256044586, -0.4388264636488847, -0.605075465680533, -0.20182025027682599, -0.3266957272305146, 0.34379408043172627, 0.20944340934869599, 0.3710887307641793, -0.007224875230516431], [-0.6718373325414431, -0.20797759783700337, -0.6673761704301336, 0.5987309536810529, -0.31118083259129586, 0.009805356453922125, 0.3154005747290014, 0.6447247277692025, 0.039925840757510475, -0.19735668221521463, 0.46750738174819223, -0.007589791782810674], [0.09786037466494257, -0.036077835329978866, -0.4389685737737854, -0.03246440696686842, -0.40869795208054355, 0.3017005589244346, -0.6370293809232406, 0.6589890559209419, -0.6129595747322715, 0.6729759633580165, -0.13632207022300297, 0.02025230237077716]], "inverted": false, "swapped": true, "error_lsq": 0.04976066607053836, "error_max": 0.27508884477154166, "target": "435.xyz", "model": "26.xyz", "model_rescale": 3.795458400668931, "target_rescale": 3.8158070569154687},
{"mapping": [8, 1, 5, 6, 0, 10, 9, 11, 4, 3, 2, 7, 12], "R": [[0.725819199405676, -0.5561783309428968, -0.4047865535855627], [-0.687084697687805, -0.6145520678096115, -0.38760853209673884], [-0.033182947086743214, 0.5594563612476889, -0.8281953102270829]], "T": [-0.08218449137285952, -0.11386253915396216, 0.05391609245969996], "aligned_model": [[-0.43439035042452967, 0.2699113265762937, -0.5751907106368901, -0.09620355271525469, 0.5249870972147705, -0.6503204613309337, 0.17023959671205133, -0.6002037265670421, -0.4328733376480778, 0.18299375041431623, 0.7803674772953693, -0.2621562996235976, -0.11443500305561638], [-0.3432445879551241, -0.2553835841957075, 0.32348052821411954, 0.23476942257360145, 0.45406947859636604, 0.17555070045520377, -0.3688787688456122, -0.578915221580894, -0.2403040789157826, 0.2987142363785364, -0.1872531748205135, 0.6661599898448775, 0.04847791793906117], [-0.5411356856601784, -0.4003453953908972, -0.3101393663268682, -0.6940452573819446, 0.04560481584724306, 0.3719537079833324, 0.2897615767577146, 0.21810094641914402, 0.8021761092703015, 0.6057652233113537, 0.21345552282794783, 0.1931392985664045, 0.04474639333579776]], "inverted": false, "swapped": false, "error_lsq": 0.04874724260644049, "error_max": 0.3550628991499513, "target": "435.xyz", "model": "27.xyz", "model_rescale": 3.6321398670334006, "target_rescale": 3.8158070569154687},
{"mapping": [6, 13, 12, 9, 10, 7, 1, 4, 3, 0, 2, 8, 14], "R": [[0.7588496321571737, 0.10891567129147675, 0.6420939279591805], [0.1529308239089261, -0.9881497545516781, -0.013123478121122762], [0.6330556048827459, 0.10815469997455285, -0.7665136411049417]], "T": [-0.044935465827630354, 0.08108642928734794, 0.09788544589613946], "aligned_model": [[-0.36081176994425296, 0.3100047546217816, -0.7216110046673229, 0.08833314096922024, 0.3188046184193663, -0.7745807165824486, 0.03606478821473257, -0.5236097584332985, -0.2159378247351466, 0.35057476031510926, 0.5925762590682312, -0.3180619716180718, -0.019019469417040556], [-0.29456000904412016, -0.3863935632104288, 0.3439895103090131, 0.2899743178267289, 0.7605116476053206, 0.09676970187805228, -0.5330836115729423, -0.594941689718054, 0.04244477612269241, 0.33594740385110244, -0.3657852488198535, 0.5081708408262101, 0.024198781634411366], [-0.5046254262109718, -0.4695273037276696, -0.2977177846079567, -0.5227412451865231, -0.005778225764520889, 0.35915011441379546, 0.34988012024670323, 0.1158897862481873, 0.7618320520709285, 0.5077991427651007, 0.26319777955086865, 0.1980374955495083, 0.08364138421190079]], "inverted": true, "swapped": false, "error_lsq": 0.03859595230488667, "error_max": 0.23060440384097813, "target": "435.xyz", "model": "28.xyz", "model_rescale": 4.156811204709835, "target_rescale": 3.8158070569154687},
