[{"mapping": [1, 4, 0, 3, 7, 2, 10, 9, 12, 8, 15, 11, 6, 16], "R": [[-0.456423014093277, -0.8897204607361107, -0.008691027185066147], [-0.27047505756324886, 0.14804493321340778, -0.9512759541720768], [0.8476563427723325, -0.43183353215951276, -0.30821830747130124]], "T": [-0.0197949661497729, 0.15128854589177543, 0.03725624158194078], "aligned_model": [[0.18807054904182285, 0.33058132538863616, -0.4127934238981308, -0.5201610332362178, -0.6500048401077355, -0.0514702524431738, -0.7053008114353637, 0.0028238462319921318, -0.31845567708166667, 0.06373277274700596, 0.6262177808283916, 0.20688403332459449, 0.622040244052544, -0.010672412284395421], [-0.5659492643627515, -0.29445457276738285, -0.5048066305085505, -0.33613131933244367, 0.2501381073591873, 0.017370168850369738, 0.3542637742032442, 0.5405088905609711, 0.7052889965802022, -0.2594606738111823, 0.4646833246544193, 0.8125554167804268, -0.11776989443455532, 0.16903700803808103], [0.20198659262101448, -0.30978926143022495, 0.40146981699863643, -0.23335861071132008, 0.5534688680635671, -0.6811559016412598, -0.11552888160236839, 0.6094656476753039, 0.23247910296723545, 0.6321653224939703, 0.27511130808256445, 0.03301983059119944, 0.2573621508855704, 0.04089210218594471]], "inverted": true, "swapped": true, "error_lsq": 0.046050652709153504, "error_max": 0.2971204433874593, "target": "436.xyz", "model": "0.xyz", "model_rescale": 3.8414455957264533, "target_rescale": 4.249962074979501},
{"mapping": [2, 14, 1, 5, 4, 6, 8, 3, 7, 0, 9, 13, 12, 10, 16], "R": [[0.8982290146130365, -0.32318227092613666, -0.29788900125100154], [0.05641563598031937, 0.7569155165469111, -0.6510730963781711], [0.4358920890819539, 0.5680071483437056, 0.6981160119251112]], "T": [-0.01173263467615058, 0.06237122022345386, -0.12179262641530686], "aligned_model": [[-0.7201576772000775, -0.5667887974185728, 0.1322164894521842, -0.3844746403016344, -0.3949498634493174, 0.1318585987636179, 0.571909879616979, -0.21680866251520406, 0.5755372781108452, 0.40181134450347156, 0.5507385575916182, -0.3304935214065449, 0.2137594628986906, -0.08276627279488012, -0.009348022346630739], [0.04473401101030623, 0.08311086798353688, -0.6083490604789097, -0.5113696114604971, -0.4726478472569464, -0.5926984540981337, -0.33633732743867956, 0.08153456113884926, 0.5297798154998324, -0.16347523421507354, 0.2805811507630589, 0.5976347348661823, 0.6509501153780017, 0.6951267853657426, 0.06847002098574483], [0.05952574269789013, -0.5830979626475521, 0.21612332783258092, -0.6151295517219502, -0.028036519046319208, -0.4099883448778179, 0.05141686736069531, 0.5984526884317749, 0.20995193099654685, 0.5821498095182048, -0.4615547135917072, -0.23703357447522783, -0.31402915607274823, 0.23742195866209492, -0.1409907157269307]], "inverted": true, "swapped": true, "error_lsq": 0.04234259117612154, "error_max": 0.2873573485363522, "target": "436.xyz", "model": "1.xyz", "model_rescale": 4.316132596720782, "target_rescale": 4.249962074979501},
{"mapping": [6, 15, 5, 3, 4, 8, 2, 7, 14, 9, 13, 16], "R": [[-0.4563995070259701, -0.05998097023727644, -0.8877509635003766], [0.12357204480690331, 0.9837836520013642, -0.12999875305978845], [0.8811523362782923, -0.16903256864951835, -0.4415864026519088]], "T": [-0.05514138213076694, 0.11431651287713118, 0.014062966540596848], "aligned_model": [[-0.15950451103980753, 0.39867868882452295, 0.12177084744650293, -0.633764450789579, -0.35793388066670007, -0.4785366794581224, -0.12935919182210398, -0.17520240491048528, 0.4187558432308054, 0.2742572010425187, 0.35462664744845374, -0.035979554674224576], [-0.6080523165789817, -0.47951743625390886, -0.560247702412149, 0.5407401785641119, -0.21969705254354294, -0.22688539508802574, 0.31336995324481803, 0.5795363037537742, -0.01572627951137906, 0.024851913486694868, 0.5554083570611493, 0.10899590401841926], [0.023179118754545404, 0.13039169614573776, -0.4604490449483322, -0.1969700312260882, -0.47444772485776326, 0.49772224682518895, -0.6858819652962825, 0.6793201301707605, -0.5149269974155274, 0.6164916765628111, -0.18322909122070263, 0.01805844771507385]], "inverted": true, "swapped": true, "error_lsq": 0.045486747760935815, "error_max": 0.24893818342186658, "target": "436.xyz", "model": "2.xyz", "model_rescale": 3.795458400668931, "target_rescale": 4.249962074979501},
{"mapping": [4, 8, 15, 12, 2, 13, 9, 3, 7, 10, 14, 16], "R": [[-0.2887392953782396, -0.8905047396494397, -0.3516118996370306], [0.8899468178567342, -0.3850552411331423, 0.24439133098899], [-0.3530216433749496, -0.24235051049622572, 0.9036824383438402]], "T": [-0.004084829549431922, -0.04391443892563953, -0.02185308743652132], "aligned_model": [[-0.11766833653759054, -0.11385184363222936, -0.7500431834195143, 0.06883656451540185, 0.24116851946814719, 0.18425759755409704, -0.2763321868059486, 0.6638243561663538, 0.4243497034864636, 0.612410616092992, -0.32522018055770446, -0.018427800586902972], [0.03614758007357264, -0.7590931071562566, -0.03635866923750954, 0.06515946149138882, 0.490290795405117, 0.4808181164965699, -0.319765915935552, -0.10647269062692516, -0.4692913795501279, 0.14780062645178796, 0.5935123760466697, -0.03697814816902538], [-0.6719145573908699, -0.0998229170542671, 0.10309823872624269, 0.6239116063647451, -0.457202401678554, 0.2791101737091086, 0.551919542529374, -0.3552605096229662, 0.5339431936438166, 0.321132626995913, -0.1308449766345264, -0.009298588948916164]], "inverted": false, "swapped": true, "error_lsq": 0.04200664968559442, "error_max": 0.20248421634278663, "target": "436.xyz", "model": "3.xyz", "model_rescale": 3.7530521520055578, "target_rescale": 4.249962074979501},
{"mapping": [15, 8, 9, 7, 11, 3, 14, 4, 2, 10, 16], "R": [[-0.40091540266403686, -0.5591414189573273, 0.725691197075671], [-0.37094427182545053, -0.625218829273013, -0.6866598595537458], [0.8376557688613027, -0.544483506755595, 0.04324955218855281]], "T": [-0.09881797232172544, -0.02541298898114413, -0.016755647530919238], "aligned_model": [[-0.24942647258955836, -0.23655020321972325, 0.3289198056177824, 0.5579949145946824, 0.18652610775676542, -0.17261876922235497, -0.29276380387867157, -0.7430682475557178, -0.39784305547915416, 0.4490294891288598, -0.09200016270770495], [-0.7449152349293598, 0.08550931816024437, -0.3948965452863011, 0.28396721123567137, -0.6276106319839114, 0.7080455055598234, -0.44323379072780805, 0.07092080324060418, 0.2063927536543359, 0.36744969610740785, -0.044425726716360206], [-0.19496167154953736, -0.7226838971099292, -0.4166931260736966, -0.3992369151373307, 0.19445975257457104, 0.1165440282038164, 0.5392397499980166, 0.11572996679105158, 0.6092663651216965, 0.26605625239978137, -0.014889727973123386]], "inverted": false, "swapped": true, "error_lsq": 0.04507053509845706, "error_max": 0.23768367366771448, "target": "436.xyz", "model": "4.xyz", "model_rescale": 3.7855080009869324, "target_rescale": 4.249962074979501},
{"mapping": [5, 4, 8, 7, 6, 11, 1, 3, 0, 2, 10, 14, 9, 15, 13, 12, 16], "R": [[0.20328251843079292, 0.23089522586186864, 0.95150597075091], [-0.4823491916492646, -0.8220766418566828, 0.30253801782410905], [0.8520654170987906, -0.520458826025495, -0.05574168454960876]], "T": [0.03661433411743056, 0.030224412410225963, -0.0017659786391090461], "aligned_model": [[-0.6440444975936486, -0.2050888287572166, 0.5156331132742604, -0.06855026660407373, 0.3826465371037656, 0.5233765396698845, -0.1964996354041125, -0.5867296433438157, -0.6298144029634396, -0.4105812941358661, -0.1307382785479468, 0.16220528577152757, -0.24357920955903303, 0.43418562883825573, 0.7542561029198034, 0.3325849631134727, 0.03226853717121632], [-0.21953422278627488, 0.3288175044479738, -0.46424430058566735, -0.3008686700653478, 0.14967801410810203, 0.6271465276194246, 0.7446189535456391, -0.14140777096265503, 0.38846636645780347, 0.2857682810610194, -0.6768726957455522, 0.09307057407281571, -0.3376705465159061, -0.5424519532340023, 0.10861162787901354, 0.5583627016096877, 0.029034847372188165], [-0.3615262093175346, -0.6337648159078789, -0.14788776020128913, -0.6656087682872444, -0.5422006366735395, -0.19971236511844614, -0.09342979810568913, 0.2520081035534812, -0.19152720774949222, 0.5278556682417724, -0.05627337947691023, 0.6600305696744699, 0.5395831661166649, 0.43788951436920215, 0.059171489282115595, 0.30893741249672324, 0.051773270325624406]], "inverted": false, "swapped": false, "error_lsq": 0.04020301664807108, "error_max": 0.25203037632663083, "target": "436.xyz", "model": "5.xyz", "model_rescale": 4.2253639853439635, "target_rescale": 4.249962074979501},
{"mapping": [2, 3, 12, 13, 10, 9, 11, 14, 8, 1, 7, 15, 5, 16], "R": [[0.8739915485374049, 0.22768044651255473, -0.4293022098254714], [-0.4522030678193526, 0.7045027850763773, -0.5469809971785072], [0.17790772479000289, 0.6721885450492829, 0.7186872764732747]], "T": [0.04603807994336649, 0.026921143726728505, -0.020512353460598896], "aligned_model": [[0.6113078006998002, 0.05688970914486445, -0.39771096924512406, 0.0696106116436938, -0.28709080179416047, -0.46387628553865434, 0.04879630981219234, 0.5986740645313514, -0.28050376696183166, 0.1901846690507819, -0.7509874366175545, 0.1834273257366147, 0.750317890063305, 0.04502303223250478], [-0.25903718294087674, 0.042574894858374915, -0.40971304370235645, -0.6061910658776378, -0.4889146295857111, 0.042548331749475435, -0.3749808478941663, -0.3348687839518835, 0.6771731467064439, 0.7345415844422208, -0.040977722523323254, 0.18479216158917866, 0.25880943115049737, 0.01934287261475406], [-0.38623279479131256, -0.769387460943574, 0.19550628679352242, -0.023557829728287426, -0.41724791301974906, 0.44764448208627, 0.5514512571081155, 0.27107229427084933, -0.008208937512051949, -0.2720462679698415, -0.20368240201719146, 0.7063471419946186, 0.381624734835429, -0.001724382175348517]], "inverted": false, "swapped": true, "error_lsq": 0.03955601212042226, "error_max": 0.29708455950209195, "target": "436.xyz", "model": "6.xyz", "model_rescale": 3.89814844738969, "target_rescale": 4.249962074979501},
{"mapping": [14, 11, 15, 2, 6, 12, 13, 4, 3, 7, 9, 0, 16], "R": [[-0.08417476915310149, -0.9827798170941839, 0.1644944964135423], [0.6912573323928035, -0.17649088995781428, -0.700724101323113], [0.7176892841970038, 0.054724737315235306, 0.6942098346138372]], "T": [-0.057185886038270545, 0.052564168165556, 0.03229347902108473], "aligned_model": [[0.03940035890823376, -0.03650504070740787, 0.5159951477513004, -0.2658721886322001, 0.6694470347749675, -0.42503854797486196, -0.5214241991180397, 0.2816705311839909, -0.4589417168946468, -0.5030771057075962, 0.0277602982304352, -0.12205485352807163, -0.05272791738188076], [-0.29918335844328214, 0.3141757708081475, 0.3051093490007387, -0.6342049074226405, 0.026025610830764746, 0.5207406008744415, -0.003304466343374897, -0.5077214083156006, -0.3298613631313852, 0.6467341717689643, 0.7281027183122082, 0.13475308563934432, 0.06241546189215903], [-0.5908155522371681, -0.6156315648804662, -0.3917445185862293, -0.10860267751675154, 0.09626062716509931, -0.2500572464728167, -0.39520797533146, 0.14695583535322423, 0.535800867024092, 0.38093975221957577, -0.09364104699793205, 0.8728868383259687, 0.015131692771158913]], "inverted": true, "swapped": true, "error_lsq": 0.044350421135839424, "error_max": 0.2692321340295939, "target": "436.xyz", "model": "7.xyz", "model_rescale": 3.7474275329858107, "target_rescale": 4.249962074979501},
{"mapping": [15, 6, 4, 14, 3, 13, 11, 12, 2, 10, 9, 7, 8, 0, 16], "R": [[0.13119067337151857, 0.21332940252954552, 0.9681320019691091], [0.8683514249925892, -0.4958782207651806, -0.008401957158838957], [0.4782831901015002, 0.8417810619081106, -0.25029948837180305]], "T": [0.025522549689078862, -0.0756600736901101, -0.027361234027724283], "aligned_model": [[-0.49749404888348914, 0.047230691582763586, 0.4442774947732928, -0.24517037900746524, 0.6810478078668918, -0.24357372545072598, -0.643379820046397, -0.46429687381672874, 0.35821656120071815, 0.05739983717331707, -0.5001166523483846, -0.04743050924380295, 0.21768423434230663, 0.6320214780479013, 0.005737626148549106], [0.08588311053036118, 0.24368736749633926, -0.2567281215591495, -0.6475582059193329, -0.20961500129976784, -0.5584082367802012, -0.2680815931937668, -0.06943180574853688, -0.7213652589719789, -0.31298314444793934, 0.3536738011286963, 0.3581833358963047, 0.6182590157188933, 0.4507183143839135, -0.0771156152542415], [-0.5493585774342487, -0.6833623476394762, -0.5108379270270664, -0.3751800873555932, 0.30956522330155545, 0.2823764208765645, -0.0923132864188507, 0.4133936028824025, -0.11357591610755455, 0.6633790208611676, 0.10976478470751197, 0.6653645009686303, -0.1329964720328795, 0.24216620293253854, -0.03159048681844064]], "inverted": true, "swapped": true, "error_lsq": 0.038201203129550984, "error_max": 0.27972305439473005, "target": "436.xyz", "model": "8.xyz", "model_rescale": 4.019505241142653, "target_rescale": 4.249962074979501},
{"mapping": [14, 2, 13, 11, 15, 9, 7, 5, 6, 1, 3, 8, 16], "R": [[0.6469327395395952, -0.3617750747198667, -0.671265093553381], [0.6768215347710521, 0.6779300495322308, 0.2869206475863747], [0.35127003940266777, -0.6399450314305614, 0.683432305473912]], "T": [0.0016808205549923086, 0.04330115705088246, -0.0276308454798799], "aligned_model": [[-0.31171766042978866, -0.7090881584810427, -0.13247485133294198, 0.2763050531851585, 0.3679389257124906, 0.6835712809373167, 0.4922961124708286, -0.2541654905836183, 0.11280748062220344, -0.1355068765294109, -0.46106717255402496, 0.3782340806990777, 0.012568048024928148], [-0.5236598116273291, -0.018414829841457633, 0.04024992110100743, -0.4000031793953551, -0.6131910729464258, -0.005643248988636648, 0.6839066983057038, -0.7132463606844078, -0.40564390961925295, 0.1399848829754637, 0.6221712186291283, 0.22752212577721465, 0.029345794428405597], [-0.3464673900223699, -0.1890373459800215, -0.6468149495927505, -0.49318211725980354, 0.05601568244314306, -0.13743766201104377, -0.17707104297515125, 0.2438005179537666, 0.5370732232247132, 0.71842949412279, 0.08168736467026252, 0.5672463655139394, -0.03753864604359508]], "inverted": true, "swapped": true, "error_lsq": 0.04277447548000958, "error_max": 0.2361280819002993, "target": "436.xyz", "model": "9.xyz", "model_rescale": 3.877068213659057, "target_rescale": 4.249962074979501},
{"mapping": [7, 0, 2, 6, 1, 8, 15, 3, 10, 13, 11, 12, 9, 5, 14, 16], "R": [[-0.362643057849152, 0.7440511085699816, 0.5611398759931413], [0.25049763821837934, -0.5021426595912611, 0.8277099024813155], [0.8976307402494805, 0.4407274636942838, -0.004284495859866566]], "T": [-0.06018166623069082, 0.005651533398274513, -0.05627127959064186], "aligned_model": [[0.06986565872049141, -0.17883784990834314, -0.6955804725490793, 0.350460772381404, -0.057413863906693174, 0.32488466573021607, 0.5564073853620068, -0.6866676161177345, -0.4602645320092178, -0.31326172134379354, 0.2653510290211765, 0.12694511725864915, 0.5365883534566935, 0.09201027647047966, -0.1681635558509298, -0.04691512139823136], [0.21264577193559148, -0.5397487113255652, 0.01652870301701198, -0.4914939064209157, -0.7572816394997144, -0.5068470002844688, 0.045432797807579195, -0.23754933041275766, 0.44385978309972723, 0.5811445735831458, 0.5472939194043422, 0.5837357367211018, 0.26046475168326866, -0.2628170480768763, 0.28788210344011533, 0.018548372461962944], [-0.8396308874725311, -0.6934678583137281, 0.30594896709909997, 0.2857969766892464, -0.10822847716840729, -0.40076771232486214, 0.3800304299315548, -0.3872477422343653, -0.48331663022600463, 0.022177783688061004, 0.2426052509689849, -0.31127893828804604, -0.2978565837572052, 0.7287501850252477, 0.5994770767716134, -0.0479575132786165]], "inverted": false, "swapped": true, "error_lsq": 0.03738417082708757, "error_max": 0.26271308368601654, "target": "436.xyz", "model": "10.xyz", "model_rescale": 4.260839863003843, "target_rescale": 4.249962074979501},
{"mapping": [10, 2, 14, 13, 15, 9, 7, 3, 4, 6, 8, 16], "R": [[-0.35619319164822416, -0.509086749385555, -0.7835541409650653], [-0.9320095534096761, 0.25365939169382257, 0.25887275901225415], [0.06696717536635555, 0.8224886592565088, -0.5648254622605842]], "T": [0.0009275094666879292, 0.03181779369032079, -0.035994536209654676], "aligned_model": [[0.29634457088120264, 0.23779544657022328, -0.41530751376016767, -0.1445174869831397, -0.679193517779865, -0.4026477388689787, 0.23507930263857513, 0.7289948739496205, 0.17979813701654487, -0.22740124437633943, 0.1688846951119538, -0.018930875305499667], [0.008738984443478572, -0.6596967380867316, -0.5581279756124536, -0.2795446245729529, 0.12360854333135302, 0.5708619439590688, 0.6575215128057845, -0.11326592847335398, -0.35790946477171454, 0.13231692628374375, 0.6157679466500465, 0.03280737957666523], [-0.7043182822221771, -0.0634662619509542, -0.030294997193533638, -0.5682493686231697, 0.2820206141392052, -0.19719662922192543, -0.5125225945807609, -0.13622103333724242, 0.47195134405393613, 0.6499773270567096, 0.36450667708666895, -0.04000871781125177]], "inverted": false, "swapped": true, "error_lsq": 0.04488258047775993, "error_max": 0.22802611844293674, "target": "436.xyz", "model": "11.xyz", "model_rescale": 3.890672605050136, "target_rescale": 4.249962074979501},
{"mapping": [13, 12, 11, 2, 14, 1, 7, 4, 3, 8, 15, 9, 6, 16], "R": [[-0.9546612989997956, 0.21797375075097603, -0.2027541569871615], [0.03977235600072711, -0.5815876289943707, -0.8125109165413459], [-0.29502536143554603, -0.7837367375491963, 0.5465498717642954]], "T": [0.07687756789424659, -0.06572219709768537, 0.06294622642071693], "aligned_model": [[0.5335607399822379, 0.10776188216904868, 0.45527684816925496, 0.6085168850989155, 0.7636040092817429, -0.35769283867613644, -0.46289690251519255, 0.23857750606346168, -0.053038020398603655, -0.6015528994098152, 0.18569639739605553, -0.21062936702792512, -0.0819294184367866, 0.08462101309743578], [-0.06400898533166674, 0.2620892438188237, 0.49384945985230466, -0.5568596384907312, 0.08372194443744924, -0.3571869693066635, -0.041680978310345645, -0.3754277609340352, -0.7934720998493241, 0.017330946963040994, 0.6005890987028858, 0.5151684642650087, 0.19519736473808344, -0.04715757072706511], [-0.3761819489036159, -0.5078536540635062, -0.11696690801156748, 0.1687626385020718, 0.22845554121596304, 0.6205940415446112, -0.5546918048475159, 0.6284784079895895, -0.05820963745701227, 0.31283199131862616, 0.4039909576634041, -0.18063844820590688, 0.7258887699496059, 0.06033048866211383]], "inverted": true, "swapped": true, "error_lsq": 0.041785650785986846, "error_max": 0.2984839469796086, "target": "436.xyz", "model": "12.xyz", "model_rescale": 4.124412569039231, "target_rescale": 4.249962074979501},
{"mapping": [11, 10, 7, 14, 9, 15, 2, 6, 3, 4, 8, 0, 16], "R": [[-0.9544751248055132, 0.2835034827928059, 0.09275241976276921], [-0.29460193960048253, -0.8471927830791928, -0.442124513550386], [-0.04676465878345959, -0.4493218930153315, 0.8921451132780953]], "T": [0.06335950282046143, 0.11073073456688019, 0.02167466099084881], "aligned_model": [[-0.12222158855769516, -0.0011640455074312661, 0.6530953115769483, -0.5685542214506596, 0.5261210903684812, 0.10734980973003865, -0.5922133180161167, 0.2144937269312952, -0.001801977318383663, -0.2393579901331332, 0.7063060930692576, 0.6238218618810772, 0.06142355493607909], [-0.33828442478594006, 0.6847288316962206, 0.5055793363737671, -0.22700561465707986, -0.19976640416861657, -0.6430653651122868, 0.3705098837657852, -0.4165307914839963, 0.8081001451511006, 0.0528466674423053, 0.04003166995491381, 0.6153192184896021, 0.09502222384270242], [0.5242880668107737, 0.4698078970918146, 0.43364244407218183, 0.11077737427485684, 0.43261374616868165, 0.06617277646165393, -0.17272835653611718, -0.4599322556181058, -0.24404438438600706, -0.567309726661469, -0.3118368733731549, -0.3641136265127425, 0.03436099917547293]], "inverted": false, "swapped": true, "error_lsq": 0.04167348757244826, "error_max": 0.20674040729712131, "target": "436.xyz", "model": "13.xyz", "model_rescale": 3.9028299243045295, "target_rescale": 4.249962074979501},
{"mapping": [1, 9, 8, 6, 4, 3, 15, 14, 0, 11, 2, 12, 7, 10, 13, 16], "R": [[0.5097194641552041, 0.765872755536291, 0.39195023942916535], [0.2392076485661887, 0.31145218454037055, -0.9196614799003303], [-0.8264174300731841, 0.5625268518677838, -0.024449380338858337]], "T": [-0.024780759900132576, 0.01567952573371348, 0.09812258482434011], "aligned_model": [[0.06628657875039169, -0.21132414462755064, 0.050208434430031285, -0.5110219538524976, -0.16237316788541073, 0.6332263474425696, -0.746629694002501, -0.4987881863019811, 0.589381472791292, -0.4954136469311599, 0.07147746126535724, 0.025305631943967528, 0.5040893632968388, 0.526473351066422, 0.027214707327080385, -0.04027328313225296], [-0.6191571491598844, 0.5416586612778211, -0.15838143290034765, -0.3800889917443596, -0.6206028948295832, -0.3075769406656125, 0.12330554839154237, -0.015722070624272916, -0.26933717151559633, 0.49465558760017203, -0.33969191262474874, 0.6716947657166437, 0.5202900574309186, 0.3950623639163673, 0.3874391823337143, 0.028704679518325667], [-0.3183667589279144, -0.31172519958640876, -0.6045067787924226, -0.2756798690917013, 0.23267393268861242, 0.25209864791846726, -0.10055943463415926, 0.6418605635291253, -0.4109259698644586, 0.2924465625506862, 0.7301818847787181, 0.13502845816401005, -0.2748060958444355, 0.3924830243032166, 0.6085020889573493, 0.09945505347564765]], "inverted": true, "swapped": true, "error_lsq": 0.04147666591844243, "error_max": 0.24026916844118484, "target": "436.xyz", "model": "14.xyz", "model_rescale": 3.942246331269136, "target_rescale": 4.249962074979501},
{"mapping": [9, 8, 7, 1, 4, 0, 13, 12, 11, 10, 2, 14, 6, 5, 16], "R": [[-0.2866865425276044, 0.5288985879428021, 0.7987972896834831], [-0.1989770829962491, 0.7827419923102865, -0.5896805015569255], [-0.9371333665897678, -0.3279958187938278, -0.1191628972369109]], "T": [-0.044262583262326016, 0.027711974801804127, -0.04942424617117305], "aligned_model": [[-0.6978303622267839, -0.2520257567679255, -0.2559403336099326, 0.19870176990004018, 0.35256267926720886, 0.2269158770531835, 0.010922068011458952, -0.4154572049970511, -0.5192318144426606, 0.1804139594216141, 0.5631503968740625, -0.015381662548655445, -0.26219375058443156, -0.07955696827143846, -0.060754860546479134], [0.11258608639130385, -0.515860528872684, 0.31063198426993144, -0.6746809236606636, -0.3955981752987993, -0.3340187253274772, 0.6321454928793814, 0.5483974769075274, 0.3761259964281623, 0.6372914483477239, 0.18231738696029678, 0.21465946778685144, -0.6258021984801884, -0.40407066073290865, 0.034020562283193216], [-0.26172882756556237, -0.4864276971727908, -0.7900726074235291, -0.229387511033531, 0.27496638640834203, -0.7657854260595484, 0.1322644590769432, -0.20857149219482018, 0.3269892093292387, -0.3846761181932702, 0.32767004057268523, 0.647380329954182, 0.1918571752144072, 0.6743260758374864, -0.039441516389716845]], "inverted": true, "swapped": true, "error_lsq": 0.03697131541769612, "error_max": 0.26726075856120896, "target": "436.xyz", "model": "15.xyz", "model_rescale": 4.355366556412066, "target_rescale": 4.249962074979501},
{"mapping": [6, 15, 5, 3, 4, 8, 2, 7, 14, 9, 13, 16], "R": [[-0.4563995070259701, -0.05998097023727644, -0.8877509635003766], [0.12357204480690331, 0.9837836520013642, -0.12999875305978845], [0.8811523362782923, -0.16903256864951835, -0.4415864026519088]], "T": [-0.05514138213076694, 0.11431651287713118, 0.014062966540596848], "aligned_model": [[-0.15950451103980753, 0.39867868882452295, 0.12177084744650293, -0.633764450789579, -0.35793388066670007, -0.4785366794581224, -0.12935919182210398, -0.17520240491048528, 0.4187558432308054, 0.2742572010425187, 0.35462664744845374, -0.035979554674224576], [-0.6080523165789817, -0.47951743625390886, -0.560247702412149, 0.5407401785641119, -0.21969705254354294, -0.22688539508802574, 0.31336995324481803, 0.5795363037537742, -0.01572627951137906, 0.024851913486694868, 0.5554083570611493, 0.10899590401841926], [0.023179118754545404, 0.13039169614573776, -0.4604490449483322, -0.1969700312260882, -0.47444772485776326, 0.49772224682518895, -0.6858819652962825, 0.6793201301707605, -0.5149269974155274, 0.6164916765628111, -0.18322909122070263, 0.01805844771507385]], "inverted": true, "swapped": true, "error_lsq": 0.045486747760935815, "error_max": 0.24893818342186658, "target": "436.xyz", "model": "16.xyz", "model_rescale": 3.795458400668931, "target_rescale": 4.249962074979501},
{"mapping": [14, 11, 15, 2, 6, 12, 13, 4, 3, 7, 9, 0, 16], "R": [[-0.08417476915310149, -0.9827798170941839, 0.1644944964135423], [0.6912573323928035, -0.17649088995781428, -0.700724101323113], [0.7176892841970038, 0.054724737315235306, 0.6942098346138372]], "T": [-0.057185886038270545, 0.052564168165556, 0.03229347902108473], "aligned_model": [[0.03940035890823376, -0.03650504070740787, 0.5159951477513004, -0.2658721886322001, 0.6694470347749675, -0.42503854797486196, -0.5214241991180397, 0.2816705311839909, -0.4589417168946468, -0.5030771057075962, 0.0277602982304352, -0.12205485352807163, -0.05272791738188076], [-0.29918335844328214, 0.3141757708081475, 0.3051093490007387, -0.6342049074226405, 0.026025610830764746, 0.5207406008744415, -0.003304466343374897, -0.5077214083156006, -0.3298613631313852, 0.6467341717689643, 0.7281027183122082, 0.13475308563934432, 0.06241546189215903], [-0.5908155522371681, -0.6156315648804662, -0.3917445185862293, -0.10860267751675154, 0.09626062716509931, -0.2500572464728167, -0.39520797533146, 0.14695583535322423, 0.535800867024092, 0.38093975221957577, -0.09364104699793205, 0.8728868383259687, 0.015131692771158913]], "inverted": true, "swapped": true, "error_lsq": 0.044350421135839424, "error_max": 0.2692321340295939, "target": "436.xyz", "model": "17.xyz", "model_rescale": 3.7474275329858107, "target_rescale": 4.249962074979501},
{"mapping": [2, 4, 14, 1, 10, 7, 13, 15, 3, 12, 8, 6, 9, 16], "R": [[0.8469982026987772, -0.38782616889913296, 0.3635724237920998], [0.24610660606382667, 0.8922938273261323, 0.378474918808931], [-0.47119590732176936, -0.23109000071985722, 0.8512178501949492]], "T": [0.04216121688561934, -0.043619224761788734, 0.019357267814202387], "aligned_model": [[0.5116658692340318, 0.04434597572975647, 0.6696888509924537, -0.5295042382727335, 0.25803976474514295, -0.32272390638599346, 0.5947684519093881, 0.08526069870999538, -0.07914062259002484, 0.2281625360332048, -0.6739401012078763, -0.26952236065452095, -0.15323380550846394, 0.05098053514851645], [-0.32262164967710466, 0.0419703421767826, 0.2524300991572947, -0.017464579586030905, -0.6521387563124985, -0.436253378550717, -0.23684243387339646, 0.706008251740023, -0.7216404535231413, -0.09483005356812599, 0.08590777086765275, 0.5254692267982178, 0.2594424782753293, -0.02902862241305182], [-0.4672395789864062, -0.6398549192130312, -0.18035241212954015, -0.4878791458356418, 0.36222886679932925, 0.6407335345552019, 0.2616092944034141, 0.11059799563885636, -0.2751759246738877, 0.649442694969213, 0.024859888222813712, -0.3149826407660939, 0.6104596964807961, 0.03034736919663135]], "inverted": false, "swapped": true, "error_lsq": 0.04214308240294966, "error_max": 0.2586997513139027, "target": "436.xyz", "model": "18.xyz", "model_rescale": 3.922800546911778, "target_rescale": 4.249962074979501},
{"mapping": [3, 4, 2, 10, 15, 0, 6, 12, 8, 13, 14, 11, 7, 9, 16], "R": [[-0.7989736467006752, 0.1620962303343367, -0.5791078690444663], [0.21307353934367432, 0.976820003485793, -0.020551097819222895], [0.5623528951729374, -0.13981234888740426, -0.8149918578668146]], "T": [0.05908524890067268, 0.021073616777350288, -0.05171476112590509], "aligned_model": [[-0.2853680794383423, -0.017103623658754286, 0.3546202833094927, 0.1519655879613515, 0.317359561656558, -0.7556455567094673, -0.1342028175277391, 0.31891665515524825, -0.5853414676586045, 0.5690341983258589, 0.7048643942252554, 0.6356633256055438, -0.2984291429072299, 0.046604351070467676, 0.07311316747797955], [0.5161474236580764, -0.283422500362493, 0.20614870239461044, 0.7408976072340041, -0.6255643474262175, 0.24533664027950344, -0.6794091528267275, 0.32279610114643886, -0.24311629941802373, 0.39510867203285177, -0.18964600499126355, -0.1264957121852288, 0.5192479038558129, -0.09371400980327153, 0.013296481446506747], [-0.496046343083857, -0.637691232505132, -0.6947230963148564, 0.035961726453617004, 0.24371291512518203, -0.11070634938813637, -0.12067203442491187, 0.47333558691197686, 0.1592983056939079, -0.013690353875483258, -0.2964322032697852, 0.3149679424864915, 0.4936447864384158, 0.6309972717056745, -0.039297754789774854]], "inverted": true, "swapped": true, "error_lsq": 0.039758145025818835, "error_max": 0.25692047932782164, "target": "436.xyz", "model": "19.xyz", "model_rescale": 3.9282355846067225, "target_rescale": 4.249962074979501},
{"mapping": [13, 12, 7, 11, 14, 9, 15, 8, 5, 4, 3, 2, 1, 16], "R": [[-0.8923525078562327, 0.31546307381685934, -0.3227848366647839], [0.3957331288850815, 0.8907634842660536, -0.2234629853041074], [0.2170306255474465, -0.32714440871917555, -0.9197142183408199]], "T": [0.01169607180634253, -0.1657595609452402, 0.06732944353332981], "aligned_model": [[-0.509147163613904, -0.1245065742852183, 0.44386437143323204, -0.4145338368652413, -0.6454124926160553, 0.23098270325253778, -0.06976502585717884, 0.7171812595079734, -0.27520603253395154, -0.043638182540759345, 0.15188967790152563, -0.4743139242717858, 0.5422913008282985, 0.0028367387452037547], [-0.5135087019503083, -0.5911862253845379, -0.811442322719329, -0.10251606498562377, 0.13224662004322607, -0.24744691265583163, 0.3825747163117403, 0.001184595396563376, 0.6251063976703453, 0.2871769652918456, -0.5306806204585655, -0.15060543176751182, 0.2031638953098261, -0.16118482267700251], [-0.028529140713412726, -0.41711629915257337, -0.19674541085621267, -0.4831281076804492, 0.04048282960709118, -0.5843363002641931, -0.44727467540325205, 0.00385568674904338, 0.12827765596219995, 0.5507316344275165, 0.7063561233536301, 0.6137890477885095, 0.4761551078231185, 0.049665005602666984]], "inverted": false, "swapped": true, "error_lsq": 0.03716041484662451, "error_max": 0.2006875526418962, "target": "436.xyz", "model": "20.xyz", "model_rescale": 4.067790424073018, "target_rescale": 4.249962074979501},
{"mapping": [3, 14, 0, 7, 1, 6, 8, 2, 4, 13, 11, 9, 10, 15, 16], "R": [[0.20494255678219367, -0.8568157922064545, 0.4731440020175709], [0.9784190414822638, 0.19235877505077334, -0.07546045935385402], [-0.026357687389185175, 0.4783981604130515, 0.877747385315902]], "T": [0.08968930901030171, 0.049696687998818455, 0.027937437513495242], "aligned_model": [[0.2217153024773919, 0.2560100715863866, -0.20890680854568922, 0.3656864824715221, -0.5675775918350948, -0.5946443647565648, -0.46228369288219484, 0.31190686525293465, -0.2869847924175115, 0.6898213120225467, 0.35887238205930755, 0.09310931165079735, 0.7344743661474518, -0.23615758621734384, 0.09340269689357543], [-0.13092804156786628, 0.7331331127174537, -0.5809367819537918, -0.7201874752058529, -0.06670326199898918, 0.2321388825214249, -0.42409389437556155, 0.560995268029038, 0.4597015387847646, 0.23907867646766692, 0.3015287103728571, -0.3127136998917251, -0.22236256090042542, 0.3167993542576957, 0.05544531267115847], [-0.6869895297401157, 0.19094709160741158, -0.4523770240241465, 0.09513217141080123, -0.34519191018194956, 0.20455499406772593, 0.049312854200062525, -0.44560937406732276, -0.3352480499591064, 0.10123171103249994, 0.6219040158716939, 0.6179160016415939, -0.18347802142049802, 0.6561123779734593, 0.04703226520903165]], "inverted": false, "swapped": true, "error_lsq": 0.040655173646801775, "error_max": 0.309964444827074, "target": "436.xyz", "model": "21.xyz", "model_rescale": 4.186013935880536, "target_rescale": 4.249962074979501},
{"mapping": [11, 9, 15, 2, 3, 14, 13, 7, 6, 8, 0, 4, 16], "R": [[-0.9133063544941126, -0.36407201914788534, 0.1825460701145234], [0.40359635996808063, -0.8691492401003412, 0.28581388464088836], [0.05460294004163262, 0.33471056646987024, 0.9407376656816866]], "T": [-0.010735124387861006, -0.08152900169980698, 0.023629275244319594], "aligned_model": [[0.17255446567983115, -0.37165533554758806, 0.3127668742888897, 0.4468888074748888, -0.20791147364484078, 0.620490224188252, 0.04691442613278184, -0.8221770048488704, 0.3102840971728135, -0.3574939616963775, -0.5592078386911155, 0.4732146306464998, -0.0060938757319392205], [-0.28828753337607643, 0.09346199682177656, 0.28737372482063916, -0.48397812323823836, -0.2969071403589648, -0.3538951571768952, -0.6854131213493315, -0.17672313661106398, 0.5706430520299746, 0.5512409307778454, 0.2515796297601261, 0.1327978014215175, -0.08293626397521552], [-0.6185007943424748, -0.540766369151104, -0.5520277619678605, 0.4281889180179748, 0.7134919203193099, -0.19703183752704043, -0.15911784097497836, -0.05325601650818684, -0.04277678170175567, 0.11833482156588221, 0.57659990567408, 0.42580798021406674, 0.003933417717432858]], "inverted": true, "swapped": true, "error_lsq": 0.042316823000345324, "error_max": 0.25371681233102067, "target": "436.xyz", "model": "22.xyz", "model_rescale": 4.166573947596378, "target_rescale": 4.249962074979501},
{"mapping": [15, 14, 13, 12, 11, 4, 2, 6, 9, 7, 8, 10, 3, 1, 0, 16], "R": [[0.21404816442733846, 0.963710074524022, 0.15951888780389245], [-0.37169097974819965, -0.07066542251525379, 0.9256631210297641], [0.9033433449575583, -0.2574282236306742, 0.34307653781517194]], "T": [-0.08024815759141296, 0.07091687202711199, -0.047206000913552496], "aligned_model": [[-0.7866816041046156, -0.32141929355327137, 0.2275425164581834, 0.11290294107650709, -0.3401516867201437, -0.28701498845801077, 0.16296788910817311, -0.7386407425458033, -0.29039335912102343, 0.3693900585487317, -0.30152490833847034, 0.6052299004412935, 0.5078264000992161, -0.27780744436480126, 0.23620236005758893, -0.09119479756279805], [-0.1673475282720403, 0.17771470538815964, -0.1556616913923809, -0.545305907944548, -0.3985096003808179, 0.6996894264556863, 0.5790596908711011, 0.302252399092598, -0.5577578238261632, -0.44285685422297477, 0.07534680366554426, -0.1563467762445156, 0.49810883785462406, 0.5906739589626788, 0.2937850273160858, 0.05686277029864124], [-0.17489958129854977, -0.7193300936167913, -0.5525010282920503, -0.17831215543026663, -0.49527310868283375, -0.10871703338673296, -0.5137789247816598, 0.16679065950683158, 0.15288101232708567, 0.40806669712233773, 0.6460656590350535, -0.16092304987820305, 0.1340453806476712, 0.47776746147085797, 0.7062852412677644, -0.056906602846421114]], "inverted": true, "swapped": true, "error_lsq": 0.03742751857445849, "error_max": 0.242023291165642, "target": "436.xyz", "model": "23.xyz", "model_rescale": 4.274766983524099, "target_rescale": 4.249962074979501},
{"mapping": [8, 15, 5, 4, 14, 2, 3, 13, 7, 11, 16], "R": [[0.8673756292727705, 0.01181132195106288, -0.4975138293730478], [-0.41557612834515023, -0.5327971456109537, -0.7371727634540465], [-0.2737809330346453, 0.8461605605927215, -0.457226756001976]], "T": [0.06561008482650045, 0.004665766054623821, 0.02816958356386303], "aligned_model": [[0.4588636869766711, 0.09135014412780905, -0.5161470522163518, -0.48903953351109564, -0.45634427596844906, -0.5885523685042005, -0.08947222580177837, -0.02872079691847347, 0.7988298953178582, 0.1297058402126946, 0.06942139024339089], [-0.17869058698054968, 0.6928322431900518, 0.4597837968858099, -0.12450919908488772, 0.45607139527890755, -0.19041174706270664, -0.7172097918465619, 0.14231524244145255, -0.29080672989999135, 0.6420098193200197, 0.02420208900193911], [-0.5560740911138768, -0.2847012178353032, -0.3791664915413994, -0.31471331762010213, 0.24057648829076586, 0.2909807544262175, 0.15474714959948258, 0.6393572106688549, 0.24838745389421832, 0.30809722139971585, 0.032075273853003766]], "inverted": true, "swapped": true, "error_lsq": 0.04690397933554266, "error_max": 0.2230702677618005, "target": "436.xyz", "model": "24.xyz", "model_rescale": 3.7841303162186577, "target_rescale": 4.249962074979501},
{"mapping": [0, 8, 9, 5, 6, 15, 4, 3, 8, 12, 10, 2, 11, 14, 13, 16], "R": [[-0.44537433373798113, 0.07767454908298005, 0.8919688151904221], [-0.17664513129154413, 0.9690254788717978, -0.17258655477260273], [-0.8777460910983557, -0.23442757031125666, -0.4178582461068805]], "T": [-0.004108250271372847, 0.008120950293466607, 0.04693111678280005], "aligned_model": [[0.16648611830920823, -0.10732836531359752, -0.6726720689655938, 0.33408860364138, 0.11883436933536845, -0.3101680453527561, 0.597650455754163, 0.4675338436213988, -0.10732836531359752, -0.5727520664773033, -0.13140119323012522, 0.5806682483984834, -0.4463742126066923, 0.1499603446892633, -0.13118837049671406, -0.018166747520106802], [-0.10608087034727798, -0.5093969688189258, -0.16587440952763632, -0.48885466495302177, -0.7015156305846351, -0.5069025133836398, -0.24488157997709298, 0.36455473826691986, -0.5093969688189258, 0.3374479963880602, 0.6936652327633992, 0.35521288289953257, 0.06850876801753425, 0.0960094048375077, 0.5488764231551073, 0.005440628451055548], [-0.7749056689460379, -0.45419704092901914, 0.0002864290529635896, 0.6386528355188991, 0.16564307085877913, 0.5086691626169665, 0.17249876414602508, -0.41316171564104165, -0.45419704092901914, 0.0960696172295126, -0.1728097409131117, 0.31640671850758534, 0.5849174739943835, 0.746830093513453, 0.3516115571466005, 0.06130550059031468]], "inverted": true, "swapped": true, "error_lsq": 0.042917404721218, "error_max": 0.3659375790494658, "target": "436.xyz", "model": "25.xyz", "model_rescale": 4.19342608120988, "target_rescale": 4.249962074979501},
{"mapping": [6, 15, 5, 3, 4, 8, 2, 7, 14, 9, 13, 16], "R": [[-0.4563995070259701, -0.05998097023727644, -0.8877509635003766], [0.12357204480690331, 0.9837836520013642, -0.12999875305978845], [0.8811523362782923, -0.16903256864951835, -0.4415864026519088]], "T": [-0.05514138213076694, 0.11431651287713118, 0.014062966540596848], "aligned_model": [[-0.15950451103980753, 0.39867868882452295, 0.12177084744650293, -0.633764450789579, -0.35793388066670007, -0.4785366794581224, -0.12935919182210398, -0.17520240491048528, 0.4187558432308054, 0.2742572010425187, 0.35462664744845374, -0.035979554674224576], [-0.6080523165789817, -0.47951743625390886, -0.560247702412149, 0.5407401785641119, -0.21969705254354294, -0.22688539508802574, 0.31336995324481803, 0.5795363037537742, -0.01572627951137906, 0.024851913486694868, 0.5554083570611493, 0.10899590401841926], [0.023179118754545404, 0.13039169614573776, -0.4604490449483322, -0.1969700312260882, -0.47444772485776326, 0.49772224682518895, -0.6858819652962825, 0.6793201301707605, -0.5149269974155274, 0.6164916765628111, -0.18322909122070263, 0.01805844771507385]], "inverted": true, "swapped": true, "error_lsq": 0.045486747760935815, "error_max": 0.24893818342186658, "target": "436.xyz", "model": "26.xyz", "model_rescale": 3.795458400668931, "target_rescale": 4.249962074979501},
