[{"mapping": [5, 11, 7, 12, 9, 6, 8, 1, 0, 3, 2, 4, 13], "R": [[0.5122454589143957, 0.8588385475872373, -0.00096902003327997], [0.8541067129615718, -0.5095408386694126, -0.10425860445090854], [-0.09003506370053549, 0.052578350167311445, -0.9945497495842649]], "T": [-0.0073028572776419965, -0.09291957651136001, -0.027113778814218364], "aligned_model": [[-0.2386856933309212, -0.6889878417656043, -0.32437693389681493, -0.193307421328828, -0.0770270014317534, 0.20183280756625765, -0.4433514818720236, 0.18431506651411114, 0.514977545703156, 0.42963143373537976, 0.637826924685434, 0.12164490933221696, -0.11131654913122042], [0.0597401719140801, 0.025928307241847776, 0.2694429215519755, -0.6180775624866746, -0.27186520520539376, 0.6158602561619453, 0.5506332087400603, -0.5542572926674137, -0.5478555549736106, 0.09079427729451772, 0.15013919928555214, 0.7179564042930717, -0.032820797615327434], [-0.7310727583238344, -0.11790256278179555, 0.555597069213229, 0.13014778639510188, 0.6798941259913078, -0.22317424569511432, 0.05213608684615606, -0.3160674020076748, 0.3129874866104144, -0.24742708085127854, 0.31345668576262087, 0.46202510110830486, 0.08292780849527949]], "inverted": true, "swapped": false, "error_lsq": 0.04732788707790244, "error_max": 0.3344612955373028, "target": "437.xyz", "model": "0.xyz", "model_rescale": 3.8414455957264533, "target_rescale": 3.889402312352919},
{"mapping": [8, 9, 2, 7, 4, 10, 6, 13, 0, 12, 1, 5, 14], "R": [[-0.537099567877258, 0.4143924216153273, -0.7347128521360219], [0.648771458822033, -0.35372015412993896, -0.6737786333657545], [-0.5390915028119013, -0.8385469417212597, -0.07886303396350353]], "T": [0.02789156298184784, 0.014742299388440318, 0.09832659021118292], "aligned_model": [[-0.14965344870225641, -0.5393747422558884, -0.47387216652717784, -0.31270486133601283, 0.0722888502279585, 0.20076864363802238, -0.5284474605947986, 0.06692812526271105, 0.29391655144259404, 0.45111228331333175, 0.8480930343185406, -0.02589829360431247, 0.11001924959667841], [0.14223545126657203, -0.28138059606266075, 0.2130378761541009, -0.4699098540260601, -0.07711607195837909, 0.6328550187977489, 0.5598242100045905, -0.5274999265561822, -0.6117003708883643, 0.18856256169450433, 0.03059650425153634, 0.6063849563173516, 0.04972857453987174], [-0.6609662798665245, -0.13837966176587257, 0.601831060501962, 0.3474477817379119, 0.6325626385520705, -0.13922652279434694, 0.04001899766549838, -0.4301585239095871, 0.3479616355836097, -0.512378152001471, 0.37312848571779234, 0.38361311778133067, 0.10807352356034336]], "inverted": false, "swapped": false, "error_lsq": 0.043811938658754886, "error_max": 0.23474081118310697, "target": "437.xyz", "model": "1.xyz", "model_rescale": 4.316132596720782, "target_rescale": 3.889402312352919},
{"mapping": [5, 11, 6, 7, 0, 9, 1, 8, 2, 10, 4, 12], "R": [[-0.12966135810134982, 0.3359464601773618, 0.9329136659464335], [-0.10473569717475437, -0.940232926092715, 0.3240254286756661], [0.9860113416957392, -0.055695786065296654, 0.1570974648488544]], "T": [-0.11843205383702948, 0.06475053572719959, -0.06573138476059227], "aligned_model": [[-0.16704024748595922, 0.5045628704839688, 0.1848966330491501, -0.6217776861643377, -0.6652721961689746, -0.579616525546564, -0.16272922149628077, -0.0682303757170658, 0.6105870354580294, 0.2342349483746965, 0.4055988634878078, -0.07740554364268988], [-0.6088797020294721, -0.4442056251788514, -0.48139191942248527, 0.3692151222984029, -0.22012826636450356, -0.19858333113870602, 0.28106762543327934, 0.7759636790155202, 0.24168636857523834, -0.05919190001845896, 0.33362916631963124, 0.023595210251385543], [0.15844792065251023, 0.0847514049036656, -0.4881194962767701, 0.014826170987750437, -0.4345120389893069, 0.32086612569032524, -0.7410573790284147, 0.4299629202535606, -0.5561686849258829, 0.6599576968566934, 0.0219220745463114, -0.0216182534610211]], "inverted": false, "swapped": true, "error_lsq": 0.042669974017879954, "error_max": 0.22842912669070636, "target": "437.xyz", "model": "2.xyz", "model_rescale": 3.795458400668931, "target_rescale": 3.889402312352919},
{"mapping": [5, 0, 9, 3, 11, 4, 7, 6, 1, 2, 10, 12], "R": [[0.8336299395533833, -0.2882497795701894, -0.4711403065520508], [-0.5063302689655986, -0.058041427481156246, -0.8603841301565103], [0.2206598799271125, 0.9557945685520961, -0.1943346601017568]], "T": [-0.0287278540000487, -0.024595823856913866, 0.13085909980589844], "aligned_model": [[-0.2104126192012011, -0.09054733834746834, -0.6131296115573209, 0.04229776972740421, 0.2735999098912717, 0.23367221806228508, -0.4241137741340997, 0.5064205572337998, 0.4519622590075189, 0.810299471127269, -0.35203215646825364, -0.0347128595976397], [-0.03518529346762314, -0.7198196338110356, -0.17455325876961975, 0.0386211042136492, 0.4545638793559816, 0.47319203740325533, -0.3024171638328256, -0.15521697302173942, -0.4473288373754679, 0.24765020744472135, 0.679023591796596, 0.027239385353817463], [-0.5570909884364021, -0.03952707776751588, -0.12891162785557858, 0.7755036979390006, -0.4597406135672915, 0.3256428172818406, 0.4758667911126833, -0.3841611752318627, 0.43916793106711444, 0.2896643674321754, -0.1275096888026961, 0.07986699746763269]], "inverted": true, "swapped": true, "error_lsq": 0.055198257510816535, "error_max": 0.2620340969195189, "target": "437.xyz", "model": "3.xyz", "model_rescale": 3.7530521520055578, "target_rescale": 3.889402312352919},
{"mapping": [0, 5, 9, 10, 7, 11, 1, 6, 2, 4, 12], "R": [[0.7190806400216404, -0.6511800737511793, 0.2426675600394022], [0.21173776230860242, 0.5378996701834166, 0.8159847209532283], [-0.6618837912795674, -0.5353769292432955, 0.5246726507789458]], "T": [0.048294749268512176, -0.1571334880903622, 0.06057504125826216], "aligned_model": [[-0.36916221940738936, -0.1865910354105563, 0.22853972686732513, 0.5103200492753869, 0.3419180006347263, -0.20045247371142907, -0.34381146061267975, -0.6447706803239266, -0.2894138228412305, 0.23761662957717938, 0.05400688839779831], [-0.6953603394605147, 0.04475924003493306, -0.3908005837796367, 0.4208319002998395, -0.6729435181506608, 0.5929151855632381, -0.461977831111279, 0.13450683089316573, 0.3123557265289319, 0.27814314095776677, -0.0952263934614371], [-0.16796550185889197, -0.5801002346586777, -0.526285175415132, -0.2841698165462193, 0.04413031585995317, -0.15239426556629504, 0.5686529561454526, 0.003148348838644982, 0.7452915260717963, 0.42012855754050793, 0.022394066834177093]], "inverted": false, "swapped": true, "error_lsq": 0.041203411320951594, "error_max": 0.20050243118174818, "target": "437.xyz", "model": "4.xyz", "model_rescale": 3.7855080009869324, "target_rescale": 3.889402312352919},
{"mapping": [7, 8, 15, 13, 14, 5, 10, 6, 12, 4, 2, 3, 16], "R": [[-0.48047510956038003, -0.8346534622245161, -0.2692531654216326], [0.1392566904785743, 0.2305099486605851, -0.9630538602411856], [0.8658817720970313, -0.5002187137294272, 0.005476786008417667]], "T": [0.08139323538771569, -0.008644427370049834, 0.0790968775796814], "aligned_model": [[-0.164630751286433, -0.5998753210656266, -0.5973338431664919, -0.2428543413789545, 0.09179637165007866, 0.2301259896257637, -0.42076430048861047, -0.02945203699439493, 0.3738122371280768, 0.4379723583782931, 0.5607656539202502, 0.2886977885832655, 0.08491595987417322], [0.22583363657388353, -0.14520807070372496, -0.0036787109404647356, -0.6475129369997135, -0.11327524422043422, 0.6776177905132175, 0.515719117937697, -0.3912836997794509, -0.5288901700263176, -0.0035991513633986533, 0.2523728242474842, 0.6190838094584175, -0.0015608611625653303], [-0.5886318902489718, -0.03285578773486994, 0.5466682637694988, 0.18669880711588013, 0.7474093534874691, -0.32342763191260604, 0.017089171694112337, -0.4379887834741737, 0.40605369075131703, -0.5688434422821367, 0.576950034933322, 0.2921665570553337, 0.13223975760854184]], "inverted": false, "swapped": false, "error_lsq": 0.04478167530496772, "error_max": 0.2315841302440848, "target": "437.xyz", "model": "5.xyz", "model_rescale": 4.2253639853439635, "target_rescale": 3.889402312352919},
{"mapping": [2, 5, 8, 11, 9, 4, 10, 6, 12, 3, 0, 1, 13], "R": [[0.8176869788492602, -0.4656983647668401, -0.3383977506926728], [-0.46024342601191714, -0.17576784570414733, -0.8702193132936868], [0.3457802675590123, 0.867312341356915, -0.35805768962110524]], "T": [0.0190436764947239, 0.0388113157609277, 0.09990847775770943], "aligned_model": [[-0.20743787684602885, -0.5461096253741915, -0.5209763904582548, -0.29799300511913523, 0.14178311892180356, 0.24800120426848424, -0.5803749576347126, 0.06970897697811228, 0.3620158995016401, 0.47589141315484423, 0.7612467278945507, 0.05332960901060775, 0.05409067048167039], [0.20623355605554144, -0.10869835483590132, 0.08848291295397251, -0.669125030109822, 0.048782709602643505, 0.6206948000011361, 0.5209184796760773, -0.4077670779866298, -0.780484115182838, 0.011872875854940047, 0.17999617445117364, 0.7064827489147473, 0.03822865413958888], [-0.5090640269486401, -0.14418967651176112, 0.6016812702834531, 0.16209900372132519, 0.6977646712214268, -0.23160528281751702, -0.02963864860652375, -0.36022056249935636, 0.3870823197931475, -0.44191616053617483, 0.36872833471772043, 0.40280303720060756, 0.050003821745009315]], "inverted": false, "swapped": false, "error_lsq": 0.037821487251616964, "error_max": 0.22752472336040575, "target": "437.xyz", "model": "6.xyz", "model_rescale": 3.89814844738969, "target_rescale": 3.889402312352919},
{"mapping": [2, 4, 11, 7, 8, 5, 10, 0, 3, 1, 6, 9, 12], "R": [[0.7713836671985665, 0.19292110028305132, 0.6064228615783449], [0.32264500516667116, -0.9399430351389878, -0.11138802150458879], [0.5485138454226022, 0.28158220781733506, -0.7873017348008483]], "T": [-0.053754733117692716, -0.05235915799382082, 0.08238877467588764], "aligned_model": [[-0.26594283696684773, -0.6414318445911702, -0.5956059461794182, -0.2575992051326358, 0.08866768165940123, 0.3761977766023562, -0.39731313588827943, 0.2551185789295146, 0.4577743141764363, 0.4462014440461105, 0.5957092141962912, 0.11687098822723263, -0.16547126429960157], [0.16898961769971532, -0.16255938207769444, 0.10117085087838698, -0.6561009654242834, -0.05030389243487806, 0.5587119796127071, 0.572132558885977, -0.4091994953804433, -0.6110261683231262, 0.1193747410019805, 0.038816739253282495, 0.7333339168721775, 0.05227783297082843], [-0.5559910281099142, -0.15841677269860294, 0.6639093405222268, 0.24119035129118271, 0.7437497986010035, -0.1281094633084796, -0.09334221999031282, -0.2757629224959936, 0.36276556047312153, -0.5774202135057651, 0.24749294763436508, 0.47164336277697955, 0.011819359572905822]], "inverted": true, "swapped": false, "error_lsq": 0.039930062152081024, "error_max": 0.23661394002539832, "target": "437.xyz", "model": "7.xyz", "model_rescale": 3.7474275329858107, "target_rescale": 3.889402312352919},
{"mapping": [3, 8, 9, 4, 11, 0, 6, 2, 13, 1, 12, 10, 14], "R": [[0.14721556391847884, 0.8816634779931906, -0.4483269892758129], [-0.9890883558024958, 0.12863794119568947, -0.07180880517631415], [-0.005639340039382046, 0.45400637843304015, 0.8909805868738304]], "T": [-0.002785929146977847, 0.08073381882972913, 0.11782723433026066], "aligned_model": [[-0.3834856474064635, -0.519166847829131, -0.5734135042191295, -0.108924772649801, -0.013865853015923336, 0.1990952655410503, -0.32319881200999495, 0.029338678891461738, 0.4214664973141514, 0.5272606377699148, 0.5245828628136564, 0.2120701556295247, 0.0214171039500739], [0.2574728794394193, -0.3302704763128243, -0.024054591576678136, -0.6910939323262799, 0.13384574837867586, 0.5435279162098292, 0.7968667124522741, -0.436137512532033, -0.6207535740987062, 0.010976596627793142, 0.046172185221992415, 0.7399521847295591, 0.02911419732160824], [-0.4635208248877646, -0.05432540739176661, 0.6115315990063012, 0.04542340645585338, 0.7371303215311182, -0.30558609126121666, -0.10894878196104735, -0.5458003210232992, 0.48665937080548616, -0.4103643851603729, 0.4361513923008759, 0.4252867740800173, 0.09989104826853183]], "inverted": false, "swapped": false, "error_lsq": 0.052544979603832115, "error_max": 0.276858352165211, "target": "437.xyz", "model": "8.xyz", "model_rescale": 4.019505241142653, "target_rescale": 3.889402312352919},
{"mapping": [7, 1, 10, 2, 6, 8, 9, 0, 3, 4, 5, 11, 12], "R": [[-0.9142752246982938, 0.3899747172731759, 0.10963819311987498], [-0.1824240848147035, -0.1547025828071099, -0.9709729986731491], [-0.3616936089874997, -0.9077372035785004, 0.2125815195568087]], "T": [-0.04807723761682103, 0.02850928450550078, 0.1327434384717609], "aligned_model": [[-0.01923268092094453, -0.6897502007176664, -0.7657035246298272, -0.00997749260970967, -0.03977541536542784, 0.1385832007613383, -0.3872611618460907, -0.03978261407563567, 0.5750460098765612, 0.5425453499650299, 0.5780304693769053, 0.14440333207413225, -0.0139495071092752], [0.1671442325154625, -0.14459087432680529, 0.17108620347831965, -0.5380719245531802, -0.021755284145854478, 0.5686993614733309, 0.5987549793064466, -0.3530399727254206, -0.5597648993052189, -0.08994071594048542, 0.04011238483871239, 0.5723176030230529, 0.04466723989627015], [-0.7614222804053328, 0.011923549346798512, 0.6830743321911061, 0.29859368775904543, 0.8576340445996764, -0.22710304667998404, -0.031920384318378014, -0.3935620256818349, 0.06862081503120374, -0.4371067415541697, 0.3743613733351998, 0.3661385262425794, 0.14429625089680678]], "inverted": true, "swapped": false, "error_lsq": 0.05560961686118693, "error_max": 0.35272017526085964, "target": "437.xyz", "model": "9.xyz", "model_rescale": 3.877068213659057, "target_rescale": 3.889402312352919},
{"mapping": [12, 3, 13, 4, 2, 11, 10, 5, 7, 0, 8, 9, 15], "R": [[0.5583961375801912, -0.29580653397463175, 0.7750433845878817], [-0.16236207328668092, -0.9551672817437459, -0.24757629338107856], [0.8135307681296231, 0.012407995171599635, -0.5813894830165462]], "T": [-0.09616334676337347, 0.051985179916010676, 0.10065533136861081], "aligned_model": [[-0.20131325941132333, -0.5231886527062737, -0.7201237148896543, -0.1582200032288945, -0.03182792731714697, 0.27406481289272866, -0.22156270765225838, -0.03148633995586832, 0.42924898586225535, 0.4135025688909235, 0.6512311620903886, 0.1749215621179262, -0.04207072191341256], [0.20078187747118412, -0.3545069682466303, 0.041593844912789446, -0.5847656241861295, -0.034164586900860716, 0.5791295499411747, 0.7491691435287547, -0.46209321634985134, -0.4552847004534476, 0.06865879390889354, 0.17802944936709156, 0.4731603086478352, 0.05591046189382641], [-0.6239123013478477, -0.13423797269670085, 0.5569490691387428, 0.32153553557118075, 0.755479376003184, -0.2594907490100775, 0.06296845527412294, -0.4846101891651643, 0.4652176972426262, -0.5106781951539195, 0.24500638291270221, 0.5305038942534965, 0.028797097740371314]], "inverted": true, "swapped": false, "error_lsq": 0.04770208251649974, "error_max": 0.25064844737584546, "target": "437.xyz", "model": "10.xyz", "model_rescale": 4.260839863003843, "target_rescale": 3.889402312352919},
{"mapping": [2, 11, 10, 4, 7, 3, 1, 6, 5, 9, 0, 12], "R": [[0.6102221920860116, -0.784960046699636, 0.10708221780971895], [0.614487329831853, 0.5542833348004446, 0.5614047615033368], [-0.5000341965924558, -0.2767809781177236, 0.8205839947198177]], "T": [-0.09239950222637673, 0.07464063819163605, -0.009138922103784784], "aligned_model": [[0.2840633265905634, 0.32005349533803656, -0.3994436396157407, -0.2137334653603879, -0.48383764076192304, -0.47652194772528006, 0.1907266087684915, 0.6481270537598175, 0.22482425467704198, -0.2737906015665652, 0.2209049724589624, -0.08247376746888596], [0.011834849535338393, -0.6232380411028766, -0.6789490667675504, -0.20525613238935128, 0.461343873650756, 0.38725027132533285, 0.6377533748186114, -0.05683165176893759, -0.3152823371573388, 0.00263407632687776, 0.5489036919217553, 0.002915597140316986], [-0.820085923039144, -0.12162000151435401, 0.055566868057989466, -0.520532231053528, 0.21397947971994152, -0.4326160067951513, -0.3371086951267927, -0.0641575299285159, 0.49457327353625197, 0.6180817739833062, 0.43029720077292005, -0.00020013121741852338]], "inverted": true, "swapped": true, "error_lsq": 0.047207629853677054, "error_max": 0.2862330708959643, "target": "437.xyz", "model": "11.xyz", "model_rescale": 3.890672605050136, "target_rescale": 3.889402312352919},
{"mapping": [6, 0, 3, 2, 4, 5, 8, 11, 10, 9, 12, 7, 13], "R": [[-0.45484485378145767, 0.42624907845490706, 0.7819385411302265], [-0.26698893722786393, -0.9028992578021146, 0.3368825279801949], [0.8496075955324672, -0.05553965589318596, 0.5244828693454214]], "T": [-0.08451272419603369, -0.01149235705911962, -0.07563423683480493], "aligned_model": [[-0.2841585000283138, -0.6460186879399901, -0.6023917121232045, -0.03377114729393057, -0.17933530406993792, 0.3761720583785801, -0.4548996091522864, 0.12372144513555146, 0.5432361564140602, 0.5170005850055922, 0.5375446196581823, 0.14741631095347857, -0.03134045015839228], [0.04539649045638568, -0.03865946572663467, 0.3474917002248279, -0.6744578818182457, -0.2937384088633421, 0.6142192542462087, 0.6055112637347886, -0.47233279394598576, -0.5277041143244616, 0.12764386275742318, 0.1186707079088868, 0.569598400101335, 0.03397931878344375], [-0.6131875524810225, 0.10510740372938242, 0.5996397493970947, 0.17629063097508962, 0.5587181009177461, -0.11065840587462929, -0.11184381039959172, -0.29249084002677433, 0.2971891382322149, -0.5495997073174902, 0.31325441589273983, 0.5035951001930317, 0.07751387752492482]], "inverted": false, "swapped": false, "error_lsq": 0.0483504771159163, "error_max": 0.27336957498208037, "target": "437.xyz", "model": "12.xyz", "model_rescale": 4.124412569039231, "target_rescale": 3.889402312352919},
{"mapping": [11, 8, 1, 6, 0, 10, 2, 9, 3, 7, 5, 4, 12], "R": [[0.0036297349451609867, -0.9734746067930632, -0.22876628893549608], [0.9359580456815871, -0.07724082254152725, 0.3435351394792281], [-0.3520928311512921, -0.2153625902105547, 0.9108510267819149]], "T": [0.10068506004790037, -0.05411086406845554, 0.1360875251064529], "aligned_model": [[-0.3854587905574195, -0.5289620115544839, -0.5763801527348638, -0.341596691628992, 0.29235691555131627, 0.1656041725653556, -0.4931695573742746, 0.09382748628564336, 0.29201522155158965, 0.6015526092220116, 0.7449893226837954, 0.07085469052097948, 0.07754255024873238], [0.31755344279469166, -0.11062245546720337, -0.010242850864171774, -0.5528854338788239, -0.047411420140851604, 0.49437326832953266, 0.5585790244570541, -0.47795883495147945, -0.6874959807640482, -0.04048163548692647, 0.3091856465396039, 0.6516677946271408, 0.05135776834011185], [-0.6488218077843362, -0.20339314615270054, 0.5861126288125369, 0.1928642406523633, 0.6837958513650226, -0.3533614892301615, 0.016323976754370695, -0.34239668911678633, 0.4024884241541284, -0.24077268349699693, 0.29928538539094385, 0.4814321207399436, 0.07997128867438834]], "inverted": false, "swapped": false, "error_lsq": 0.05144292171418636, "error_max": 0.3181814701258569, "target": "437.xyz", "model": "13.xyz", "model_rescale": 3.9028299243045295, "target_rescale": 3.889402312352919},
{"mapping": [13, 10, 7, 4, 3, 11, 9, 5, 0, 12, 2, 6, 15], "R": [[-0.2740204955873123, -0.1014278371850615, 0.9563603723712335], [0.46704321511135244, -0.8833230554904127, 0.04013744956436932], [0.8407041115734685, 0.45766010693859027, 0.28941980460988376]], "T": [0.10801074692319215, 0.03966941037338734, 0.044332014479638665], "aligned_model": [[-0.1254640704262909, -0.5994248573450425, -0.6818715562683055, -0.22735489422429098, 0.08468572411280714, 0.10759296340862298, -0.3772314639282952, 0.07839411669834989, 0.4110145959310285, 0.41353839122373715, 0.7987858312955208, 0.1079123470459116, 0.022598637255636628], [-0.10777825419356174, -0.11602833168021937, 0.16200222728834268, -0.5114454038370436, -0.10224565511272368, 0.6989446891175912, 0.62752379066003, -0.35916048789330296, -0.6182201318905595, 0.16213467945122043, 0.0213194902302723, 0.49320478379513394, 0.10536693759945019], [-0.7015902654347046, -0.1307270640682062, 0.470651829697882, 0.25209539474249487, 0.6509665854835659, -0.28915354837370766, 0.1850895394984817, -0.27529182868269353, 0.44755208703419225, -0.5687710807651494, 0.2985815627524483, 0.5329155975254651, 0.08120929135264773]], "inverted": true, "swapped": false, "error_lsq": 0.04739674714637808, "error_max": 0.256359162637712, "target": "437.xyz", "model": "14.xyz", "model_rescale": 3.942246331269136, "target_rescale": 3.889402312352919},
{"mapping": [1, 12, 8, 4, 6, 2, 0, 3, 10, 5, 9, 7, 14], "R": [[0.7172114391668998, 0.43931333883137413, -0.540935801970044], [-0.696842221743921, 0.44732429126721057, -0.5606352615000986], [-0.0043208243588988005, 0.7790409288138319, 0.6269581817870642]], "T": [-0.03817021968988527, -0.1098308886923797, 0.14638735413990067], "aligned_model": [[-0.24497442053635332, -0.7025010939922662, -0.5087375725575893, -0.015742834391415696, 0.06857100630606244, 0.2139817842957154, -0.29629105563061936, -0.03068356690193797, 0.4545951487527648, 0.30947524234560664, 0.6861025564737521, 0.15579045544311707, -0.07640988482744626], [0.07454461220540062, -0.21850016550910334, 0.28756918682285304, -0.6950733440382286, 0.051058231984797114, 0.560731139650115, 0.5657708275664932, -0.4528219319942387, -0.5448255612796021, 0.07917512198722462, 0.14251323614202308, 0.6409260439330473, -0.035449063936150854], [-0.6151105992135963, -0.31721995370534095, 0.6148747847966476, 0.12084801640297704, 0.6712781912279828, -0.11707773210632505, 0.013521113470648993, -0.48515759655274915, 0.42380841052797713, -0.349797005591666, 0.3911600946608552, 0.5065578592424828, 0.09584251760282225]], "inverted": false, "swapped": false, "error_lsq": 0.045519929389112535, "error_max": 0.24365971297554356, "target": "437.xyz", "model": "15.xyz", "model_rescale": 4.355366556412066, "target_rescale": 3.889402312352919},
{"mapping": [5, 11, 6, 7, 0, 9, 1, 8, 2, 10, 4, 12], "R": [[-0.12966135810134982, 0.3359464601773618, 0.9329136659464335], [-0.10473569717475437, -0.940232926092715, 0.3240254286756661], [0.9860113416957392, -0.055695786065296654, 0.1570974648488544]], "T": [-0.11843205383702948, 0.06475053572719959, -0.06573138476059227], "aligned_model": [[-0.16704024748595922, 0.5045628704839688, 0.1848966330491501, -0.6217776861643377, -0.6652721961689746, -0.579616525546564, -0.16272922149628077, -0.0682303757170658, 0.6105870354580294, 0.2342349483746965, 0.4055988634878078, -0.07740554364268988], [-0.6088797020294721, -0.4442056251788514, -0.48139191942248527, 0.3692151222984029, -0.22012826636450356, -0.19858333113870602, 0.28106762543327934, 0.7759636790155202, 0.24168636857523834, -0.05919190001845896, 0.33362916631963124, 0.023595210251385543], [0.15844792065251023, 0.0847514049036656, -0.4881194962767701, 0.014826170987750437, -0.4345120389893069, 0.32086612569032524, -0.7410573790284147, 0.4299629202535606, -0.5561686849258829, 0.6599576968566934, 0.0219220745463114, -0.0216182534610211]], "inverted": false, "swapped": true, "error_lsq": 0.042669974017879954, "error_max": 0.22842912669070636, "target": "437.xyz", "model": "16.xyz", "model_rescale": 3.795458400668931, "target_rescale": 3.889402312352919},
{"mapping": [2, 4, 11, 7, 8, 5, 10, 0, 3, 1, 6, 9, 12], "R": [[0.7713836671985665, 0.19292110028305132, 0.6064228615783449], [0.32264500516667116, -0.9399430351389878, -0.11138802150458879], [0.5485138454226022, 0.28158220781733506, -0.7873017348008483]], "T": [-0.053754733117692716, -0.05235915799382082, 0.08238877467588764], "aligned_model": [[-0.26594283696684773, -0.6414318445911702, -0.5956059461794182, -0.2575992051326358, 0.08866768165940123, 0.3761977766023562, -0.39731313588827943, 0.2551185789295146, 0.4577743141764363, 0.4462014440461105, 0.5957092141962912, 0.11687098822723263, -0.16547126429960157], [0.16898961769971532, -0.16255938207769444, 0.10117085087838698, -0.6561009654242834, -0.05030389243487806, 0.5587119796127071, 0.572132558885977, -0.4091994953804433, -0.6110261683231262, 0.1193747410019805, 0.038816739253282495, 0.7333339168721775, 0.05227783297082843], [-0.5559910281099142, -0.15841677269860294, 0.6639093405222268, 0.24119035129118271, 0.7437497986010035, -0.1281094633084796, -0.09334221999031282, -0.2757629224959936, 0.36276556047312153, -0.5774202135057651, 0.24749294763436508, 0.47164336277697955, 0.011819359572905822]], "inverted": true, "swapped": false, "error_lsq": 0.039930062152081024, "error_max": 0.23661394002539832, "target": "437.xyz", "model": "17.xyz", "model_rescale": 3.7474275329858107, "target_rescale": 3.889402312352919},
{"mapping": [3, 8, 4, 5, 9, 1, 0, 10, 12, 11, 7, 2, 13], "R": [[0.05293166791781223, -0.991287326699733, -0.12061374074265091], [-0.7212744941092207, -0.12148472803611221, 0.6819124320625629], [-0.6906238793141504, 0.05090085243381298, -0.7214206543637249]], "T": [0.029581119744940685, 0.054477400698174874, 0.08357003328963054], "aligned_model": [[-0.10572987167982595, -0.6189684645933204, -0.6711318183166709, -0.22434151002864908, 0.1073136664022056, 0.224867084413134, -0.5249824274969018, -0.042965868357671605, 0.4451137045926768, 0.5309046082457755, 0.7637121156368986, 0.13146473442700587, -0.002080188465266263], [0.13143465590490838, -0.06831736299805034, -0.061243260474977135, -0.597306498002362, -0.10534643201313536, 0.6122793741713175, 0.6793088484739934, -0.5054943944442573, -0.5173342450180588, -0.06150644532413606, 0.13886872003794387, 0.6663695006882524, 0.14390587253319123], [-0.5770037307821245, -0.20131473970141017, 0.5134955257081637, 0.2677465360088597, 0.728657747901929, -0.27592790439952675, 0.11802761187240675, -0.3134285732893574, 0.327703267542059, -0.4233413683825755, 0.22968323641334637, 0.4285925120337435, 0.13063797983720263]], "inverted": true, "swapped": false, "error_lsq": 0.044209979802556525, "error_max": 0.23463899581085143, "target": "437.xyz", "model": "18.xyz", "model_rescale": 3.922800546911778, "target_rescale": 3.889402312352919},
{"mapping": [8, 5, 0, 12, 3, 6, 1, 13, 7, 4, 9, 2, 14], "R": [[0.9342765314794867, -0.2138933612640279, 0.28526652929118057], [0.16327070272062857, -0.454612343163445, -0.8755971077365173], [0.3169700937939919, 0.8646254954895897, -0.38981112373765037]], "T": [0.037340568694589925, 0.06405626102585826, -0.007742917791895218], "aligned_model": [[-0.26620276554612204, -0.7083833101528888, -0.48776604063548834, -0.27000186178285324, -0.08833264421978437, 0.08866300810421515, -0.3505200555737148, 0.2973887486120403, 0.4072312356259132, 0.5145899379253711, 0.5640337455850596, 0.22841118863375556, 0.08406457820388646], [0.008851848717273722, -0.08711794862434458, 0.20266118109823, -0.6515923869222368, -0.19397677832859056, 0.5807768854127939, 0.6943899609557662, -0.44516109009481697, -0.5327035633925423, 0.18015031367397302, 0.16266917281744891, 0.5340194792777144, 0.0026512589439608644], [-0.5361410358064411, 0.052056539053654524, 0.6274691417964584, 0.10180929663024595, 0.5638989611344035, -0.4617622736120325, 0.00730988296807529, -0.388382353819548, 0.37339960874624384, -0.5393652927919731, 0.6051298071355503, 0.4979798861968188, 0.05012593313126093]], "inverted": false, "swapped": false, "error_lsq": 0.04855793599521914, "error_max": 0.3143275672667143, "target": "437.xyz", "model": "19.xyz", "model_rescale": 3.9282355846067225, "target_rescale": 3.889402312352919},
{"mapping": [0, 10, 12, 2, 7, 4, 9, 1, 5, 3, 6, 8, 13], "R": [[-0.25184799866957497, 0.3531329354411147, -0.9010381320859132], [-0.5110502574453538, 0.7421177284427338, 0.43369218519133446], [0.8218273662583692, 0.5697002782496587, -0.006432187115898408]], "T": [0.029253545946351187, 0.1155612674466485, 0.1324825960242239], "aligned_model": [[-0.07371881855085076, -0.7428616435578921, -0.6553348762278594, -0.19802831043352223, -0.047669283458571396, 0.25374568967008815, -0.4223829827929496, 0.06455208404885268, 0.48100497227368455, 0.5590631398112039, 0.6258752967474858, 0.19030547186932137, -0.02137497461960069], [0.08706804340334282, -0.20095453311926958, 0.17079060900236548, -0.6752072411861577, -0.13832152297929762, 0.5362477684425936, 0.597386754282499, -0.44420753877322094, -0.41536082845563926, -0.04161785994825713, 0.11959852070617778, 0.8419811841049849, 0.0182149780545086], [-0.6604750425229509, -0.0817374570063171, 0.6335641835166326, 0.17424781929722927, 0.6961528750185124, -0.28223898555300964, 0.33813636180908657, -0.3644215125295503, 0.17410625687395925, -0.3783516092730456, 0.3986972483523246, 0.29059003091197183, 0.01525793186787365]], "inverted": false, "swapped": false, "error_lsq": 0.04739745469245059, "error_max": 0.32846102686790457, "target": "437.xyz", "model": "20.xyz", "model_rescale": 4.067790424073018, "target_rescale": 3.889402312352919},
{"mapping": [10, 7, 0, 8, 2, 11, 12, 5, 4, 13, 6, 3, 14], "R": [[0.7328420185717863, 0.43278718674755245, -0.5250122158605157], [-0.6574330511140763, 0.6491962264518689, -0.3825258721491789], [0.17528365331218376, 0.6254914152470783, 0.7602868737086951]], "T": [-0.020625811280472556, -0.0007371110278329498, 0.029965631026727488], "aligned_model": [[-0.13542715024897048, -0.7099819987316272, -0.49366182102868883, -0.22673297610176535, 0.11725962821967092, 0.245408742147575, -0.38379835465878365, 0.22946583474999935, 0.3423148854973683, 0.3181539748672323, 0.664170478117023, 0.08725167672730372, -0.04124715477694692], [0.3041494529743009, -0.2825269373708558, 0.0008767822979035209, -0.5274250236918621, -0.013876009372665428, 0.5565993253443754, 0.6691734526642492, -0.48999293787252324, -0.580850314931282, 0.017792170581361975, 0.08819741693046826, 0.6740065314373258, 0.03949442454383366], [-0.7218000620024777, -0.015272602815496097, 0.5597697064647874, 0.10268135139027663, 0.7610859401845763, -0.16143438739911947, -0.04965476389550805, -0.18578660034568156, 0.44735659405248485, -0.5824136854903805, 0.2958633453072889, 0.5367481101879569, -0.03361484487599116]], "inverted": true, "swapped": false, "error_lsq": 0.045407882903716765, "error_max": 0.244543787035478, "target": "437.xyz", "model": "21.xyz", "model_rescale": 4.186013935880536, "target_rescale": 3.889402312352919},
{"mapping": [1, 9, 8, 10, 11, 0, 2, 7, 4, 6, 3, 5, 12], "R": [[0.12884112040061863, -0.9585978130487863, 0.25394920459020415], [0.6868109002750719, -0.09846506993778577, -0.7201356936477263], [0.7153256272197008, 0.2671981714387863, 0.6456890770506425]], "T": [-0.03704801972934011, 0.034008486587412595, 0.0749026372369926], "aligned_model": [[-0.3168309051920182, -0.592810888533572, -0.6331980861743174, -0.17871636122264448, -0.04131560475881516, 0.17617665470283542, -0.3782357410955777, 0.10775241351740417, 0.40346317877816984, 0.4901752469468069, 0.7616286224446471, 0.21486618236334024, 0.00022105300313125797], [0.1370889134704679, -0.24268350498214922, 0.23048195422987536, -0.7860076906603266, -0.11277597401553943, 0.5051462373669129, 0.6918587275839012, -0.4248873494424835, -0.5234771637796577, 0.025167822832182878, 0.215828036495785, 0.7136644077004871, 0.026213916735174335], [-0.5930937688372698, 0.07043769624166757, 0.5149837723630184, 0.01323430899302215, 0.689233239238371, -0.42943147722493585, 0.0977762481186993, -0.4789666488647292, 0.22581911212541317, -0.10345183777525337, 0.5008086447708023, 0.3453575129460511, 0.10082129866785987]], "inverted": false, "swapped": false, "error_lsq": 0.052555020508470926, "error_max": 0.35503819086053734, "target": "437.xyz", "model": "22.xyz", "model_rescale": 4.166573947596378, "target_rescale": 3.889402312352919},
{"mapping": [1, 4, 8, 3, 9, 13, 7, 2, 11, 6, 14, 10, 15], "R": [[0.720298390292534, 0.6304160575813696, 0.2893887062163063], [-0.6654151677160044, 0.5101182303078757, 0.5449789405849028], [0.19594102050225803, -0.585111088128677, 0.7869257468360082]], "T": [0.030710314089698834, 0.009686192412226666, 0.07362915040435444], "aligned_model": [[-0.21440036185139505, -0.6351985482980784, -0.6445653085684134, -0.19135830201585208, 0.08342053082901735, 0.3887123014212085, -0.27880649974973903, -0.05516734870661959, 0.4094784745750351, 0.3744494207153649, 0.6515176232155645, 0.10972221539261935, 0.015371567820677732], [0.03849760383451843, -0.2662236080954586, 0.057696460818644046, -0.5270770333473854, -0.12146578635186474, 0.7730542165896277, 0.6534585364542337, -0.48161229516497406, -0.6402604953613817, -0.0832692977064375, 0.34741269761606386, 0.675772997489394, 0.02963433675965032], [-0.5950933032179961, -0.0688232358228317, 0.5160960845276046, 0.22854016108198671, 0.6571271862190875, -0.0032927296163830777, 0.03977418551649228, -0.37810092644031246, 0.3106888708991572, -0.59891106058667, 0.42932123049463455, 0.4068358740139897, 0.009365763693957502]], "inverted": false, "swapped": false, "error_lsq": 0.040825221949655, "error_max": 0.29548924869985654, "target": "437.xyz", "model": "23.xyz", "model_rescale": 4.274766983524099, "target_rescale": 3.889402312352919},
{"mapping": [7, 4, 10, 9, 11, 5, 0, 6, 1, 2, 12], "R": [[-0.7216449457410535, -0.6884047578956932, 0.07298946220492486], [0.07431892813428903, 0.027785215519300355, 0.9968473698212363], [-0.6882625002187484, 0.724794364702926, 0.031110443383523645]], "T": [0.03438468778745421, 0.045482349607836856, -0.09446776229156359], "aligned_model": [[0.24339237352722456, 0.14062168676834041, -0.5629040564906547, -0.3859195712674556, -0.4884919359723574, -0.6134413233549297, 0.1038250846044109, -0.11490798182685669, 0.6458390732933563, 0.4402660112450073, -0.028384656568010327], [-0.31604991692802464, 0.6304043388269012, 0.5032147677230016, -0.37112256954181905, 0.5118858161812101, -0.14326295990117838, -0.6294611740566785, 0.07314523486809082, -0.0873630048708466, 0.662397801126284, 0.08179819781654263], [-0.5165521583573824, -0.12863230246975188, -0.41083396524509574, -0.37956099025745593, 0.3284648116879899, 0.13157091163641046, 0.1417916612949174, 0.6442054089646645, 0.24212719776338962, 0.4134491047662072, -0.08646324576231577]], "inverted": false, "swapped": true, "error_lsq": 0.053676410169893045, "error_max": 0.3257514370117311, "target": "437.xyz", "model": "24.xyz", "model_rescale": 3.7841303162186577, "target_rescale": 3.889402312352919},
{"mapping": [3, 4, 1, 2, 8, 11, 6, 12, 9, 13, 10, 7, 15], "R": [[-0.14528362225982416, 0.9814525338001481, 0.12507434988971236], [0.9609874585505354, 0.17005347843925595, -0.2181396776821966], [-0.23536306764581358, 0.08850275909811506, -0.9678695614701257]], "T": [0.0565175599776208, 0.03381720312384598, 0.16863398380733452], "aligned_model": [[-0.27310370054605865, -0.6614883559962169, -0.5170146212744102, -0.24864146838491852, -0.1718956624882041, 0.3213781906369904, -0.3864392510939901, 0.22716166473668276, 0.37406778085368475, 0.4104056850942078, 0.7461957153524204, 0.17523054610880906, 0.017319241780393013], [0.13691963270663457, -0.06758833887706489, 0.0758320116795535, -0.6550043846835493, -0.23962758768633016, 0.623613735125825, 0.5339555199662839, -0.5094514181551513, -0.4498041444960572, 0.06494507335276978, 0.2347105980389678, 0.6311332465332025, 0.07598439002954567], [-0.5591857749640649, -0.007118010595082325, 0.6401549130708388, 0.20321454925313795, 0.6403469577866598, -0.24539073324207739, -0.10646123569731519, -0.3322768875787152, 0.25473251964851695, -0.5283554335208763, 0.4673662906566096, 0.39650748228810856, 0.1299934636569762]], "inverted": false, "swapped": false, "error_lsq": 0.03861440755857443, "error_max": 0.25289756378795036, "target": "437.xyz", "model": "25.xyz", "model_rescale": 4.19342608120988, "target_rescale": 3.889402312352919},
{"mapping": [5, 11, 6, 7, 0, 9, 1, 8, 2, 10, 4, 12], "R": [[-0.12966135810134982, 0.3359464601773618, 0.9329136659464335], [-0.10473569717475437, -0.940232926092715, 0.3240254286756661], [0.9860113416957392, -0.055695786065296654, 0.1570974648488544]], "T": [-0.11843205383702948, 0.06475053572719959, -0.06573138476059227], "aligned_model": [[-0.16704024748595922, 0.5045628704839688, 0.1848966330491501, -0.6217776861643377, -0.6652721961689746, -0.579616525546564, -0.16272922149628077, -0.0682303757170658, 0.6105870354580294, 0.2342349483746965, 0.4055988634878078, -0.07740554364268988], [-0.6088797020294721, -0.4442056251788514, -0.48139191942248527, 0.3692151222984029, -0.22012826636450356, -0.19858333113870602, 0.28106762543327934, 0.7759636790155202, 0.24168636857523834, -0.05919190001845896, 0.33362916631963124, 0.023595210251385543], [0.15844792065251023, 0.0847514049036656, -0.4881194962767701, 0.014826170987750437, -0.4345120389893069, 0.32086612569032524, -0.7410573790284147, 0.4299629202535606, -0.5561686849258829, 0.6599576968566934, 0.0219220745463114, -0.0216182534610211]], "inverted": false, "swapped": true, "error_lsq": 0.042669974017879954, "error_max": 0.22842912669070636, "target": "437.xyz", "model": "26.xyz", "model_rescale": 3.795458400668931, "target_rescale": 3.889402312352919},
{"mapping": [8, 11, 4, 9, 3, 5, 10, 1, 2, 6, 0, 7, 12], "R": [[0.07470137416958983, -0.9883751723011545, -0.13241685495373356], [-0.9970167885745399, -0.07661208983830725, 0.00938674550194668], [-0.019422358190655173, 0.13132062469113645, -0.9911496685834303]], "T": [-0.06548706397025464, -0.06934277719466767, 0.02630686972990247], "aligned_model": [[-0.17114950775295962, -0.7617662501685968, -0.7064259658067518, -0.15954026113164047, 0.1134839442088208, 0.038273613079862615, -0.40503333396942354, 0.2825602928142842, 0.3859743467808553, 0.47047136036372217, 0.6824195321967244, 0.22790646054555339, 0.016001533618939842], [0.015207088384973935, -0.05624325951369177, 0.06558137503739614, -0.43212706331451345, 0.039919379798538684, 0.5932740971710057, 0.5249909246919208, -0.4055955583220855, -0.7163195761583657, 0.20735668750125222, -0.07128807715503264, 0.6196960300919835, 0.07116628532124827], [-0.6895412135325336, -0.13678294980778138, 0.5457835101033355, 0.23586795381672326, 0.7341964925726268, -0.31579409136813547, 0.22420131088646278, -0.31450139773232005, 0.41674064145630757, -0.5370517490009183, 0.38949433001852746, 0.34151134376952835, 0.05940391958089408]], "inverted": false, "swapped": false, "error_lsq": 0.050481234955598274, "error_max": 0.27417127469254354, "target": "437.xyz", "model": "27.xyz", "model_rescale": 3.6321398670334006, "target_rescale": 3.889402312352919},
{"mapping": [13, 6, 12, 7, 8, 11, 9, 1, 3, 2, 0, 10, 14], "R": [[0.9767252558194142, 0.045158496833827194, -0.2096866347867914], [0.20156064234669982, -0.5275644887622917, 0.8252569403850947], [-0.07335585935210476, -0.8483138690135221, -0.5243877358768254]], "T": [0.020753726874205927, -0.008969386031587256, 0.11057489014221149], "aligned_model": [[-0.25727955165211996, -0.6851045794371097, -0.6748758592379775, -0.21890068132329643, -0.021830242288091228, 0.24093935855209278, -0.361831273229215, 0.20180654479273089, 0.43252712632278795, 0.4921266411574473, 0.6113378588643932, 0.23494171090942853, 0.019318711348319504], [0.27885824384463476, -0.07122507588130794, -0.06750091578562188, -0.6036289448783976, -0.004883615932474078, 0.5002564670867895, 0.536258498414078, -0.4323962575003474, -0.5099870228967215, 0.054916506026756184, 0.14595166693545275, 0.6445487590635276, -0.015549974961738534], [-0.6009938580654294, -0.20847952157062238, 0.5535006963558416, 0.5462733612291302, 0.6255501593034061, -0.2130501313520859, 0.05646913315648176, -0.37439599330157236, 0.3363714247012872, -0.5275237168210456, 0.23949945959593177, 0.4734924765485114, 0.046814610982882254]], "inverted": true, "swapped": false, "error_lsq": 0.04598603832116304, "error_max": 0.33699371539843803, "target": "437.xyz", "model": "28.xyz", "model_rescale": 4.156811204709835, "target_rescale": 3.889402312352919},
