[{"mapping": [11, 1, 2, 6, 5, 0, 12, 10, 7, 9, 13], "R": [[0.8341021029385577, -0.1398940259759678, -0.5335759958709828], [-0.011631962114813987, -0.9715521101788526, 0.23654004875364834], [-0.5514874244539357, -0.19109201632526165, -0.8120009002248155]], "T": [0.001255501240034226, 0.05233237128558356, -0.1987011102751822], "aligned_model": [[-0.14939606995304525, -0.456520790846066, 0.556373921701239, 0.5726118314344602, -0.25731945047351973, -0.06747285087316955, -0.4262569009398104, -0.3040963787137292, 0.4690308597047327, 0.14650340873123924, 0.06902169930411656], [0.7059769009257525, -0.23872862483297996, -0.47520369830078857, 0.2588246286465009, 0.5179532231344376, -0.6931945165932918, -0.07798642812935307, 0.49377250355478514, 0.31947312742264744, -0.17315287797736706, 0.13604475230789048], [-0.006049160345212717, -0.39559823154754303, -0.26803710352344423, -0.6628769129452526, -0.7360440893039197, -0.011943225177741296, 0.1692254645669651, 0.6541293322352137, 0.3315974027334907, 0.4830632328071456, -0.07647246421005188]], "inverted": true, "swapped": false, "error_lsq": 0.049664063087692605, "error_max": 0.26950780046150125, "target": "442.xyz", "model": "0.xyz", "model_rescale": 3.8414455957264533, "target_rescale": 3.9241184351349125},
{"mapping": [3, 7, 8, 6, 2, 13, 0, 1, 10, 12, 14], "R": [[0.9208894884157941, 0.20069294393940443, -0.33419289695957394], [-0.06963264398004246, -0.7588176814522021, -0.6475700898032994], [-0.3835542269583872, 0.6196112237269751, -0.6848124461587382]], "T": [-0.025141506367071027, 0.058011161203399844, -0.11516031730070583], "aligned_model": [[-0.1830828987319174, -0.491946487826318, 0.584858638974832, 0.5140816131955438, -0.11427661780093651, -0.1018097147366748, -0.6994917679133582, -0.32473058752351436, 0.5624175502024232, 0.4251521998172039, -0.01869264858083613], [0.7666137574650768, -0.14873789827857975, -0.4436043323987668, 0.2646923926659266, 0.45407865777150297, -0.674973423035589, -0.12133013454773565, 0.4306731923399293, 0.3278395154974824, -0.18594603484336253, 0.10447329752234952], [0.17863171660954272, -0.5054204072705497, -0.09099180965784467, -0.641039076782336, -0.7314315219585079, 0.0628918821597935, 0.08132325427189355, 0.6058579100484898, 0.10922398400511846, 0.45053395395798757, -0.03858564009393782]], "inverted": false, "swapped": false, "error_lsq": 0.04800479446778612, "error_max": 0.2767577651454564, "target": "442.xyz", "model": "1.xyz", "model_rescale": 4.316132596720782, "target_rescale": 3.9241184351349125},
{"mapping": [5, 2, 6, 4, 0, 8, 1, 9, 3, 10, 11], "R": [[-0.6261166262892718, 0.6872971985131551, -0.36823977406047476], [-0.6496732791069155, -0.1986929114817603, 0.733788632605718], [0.4311642386592473, 0.6986728045679683, 0.5709235600835907]], "T": [0.006086144973043937, 0.12111347513131557, 0.05979829290464899], "aligned_model": [[0.06062301655305788, -0.3080728311114691, 0.6401947751189466, 0.36277068045047095, -0.36551754826474414, -0.14778105337225778, -0.5096911753867166, -0.428352625408819, 0.6168618688292097, 0.13198203255697435, 0.09946213911179472], [0.7613802552953864, -0.28130908812823363, -0.3637755113991775, 0.2045971615948942, 0.48510796375215437, -0.6288064351836432, -0.0440949054031223, 0.4911569533678085, 0.3569428715502838, -0.29938682994553656, 0.09196655465741929], [0.00646854723118228, -0.6035912005832615, -0.13739419913150425, -0.6185352145844372, -0.4232470114014121, 0.02847531093512356, 0.09553637075587983, 0.5333827988122491, 0.10832168697136021, 0.5120874896681998, -0.020510333383730255]], "inverted": false, "swapped": false, "error_lsq": 0.03983099637482786, "error_max": 0.24017871140528774, "target": "442.xyz", "model": "2.xyz", "model_rescale": 3.795458400668931, "target_rescale": 3.9241184351349125},
{"mapping": [6, 7, 4, 9, 8, 0, 1, 2, 5, 10, 11], "R": [[-0.25288977872469354, -0.9477263325632089, -0.1945804676293731], [0.14628005302485567, 0.16135142586765727, -0.9759958316804019], [0.9563727860534412, -0.275282611032306, 0.09782933179581255]], "T": [0.00319648078905071, 0.08309847383063212, -0.01545239954287271], "aligned_model": [[-0.1824780563621789, -0.11103771819813776, 0.4337600928777272, 0.44865860344763253, -0.33048135325193323, -0.26999794253414494, -0.6259367524202822, -0.2688102976666285, 0.6623533862076054, 0.40396447845737965, -0.007515161480591632], [0.6372762127387399, -0.2898677227866333, -0.3917554334996139, 0.3165572953466049, 0.5948742485042144, -0.635473218991258, 0.06635277505157548, 0.2864548231187405, 0.3261714412736638, -0.08802877558452732, -0.04878265501327278], [0.06010087022937223, -0.6720718179113664, -0.006315881500076413, -0.723700321347206, -0.502594675021308, 0.1302441121378487, -0.0020435068360306306, 0.6718494403305226, 0.00043224986142357397, 0.5754039382861152, -0.050310162939645506]], "inverted": true, "swapped": false, "error_lsq": 0.05465397190772008, "error_max": 0.25272635580676533, "target": "442.xyz", "model": "3.xyz", "model_rescale": 3.7530521520055578, "target_rescale": 3.9241184351349125},
{"mapping": [2, 6, 7, 0, 4, 8, 9, 3, 1, 5, 10], "R": [[0.7833888521780279, -0.012582189679536171, 0.6214045339278272], [-0.559500868154441, 0.421118582524663, 0.7138752818152799], [-0.2706671107054176, -0.9069183138272635, 0.3228598569458495]], "T": [-0.02741623276912481, 0.08963235617106037, 0.015754200919225407], "aligned_model": [[0.012095270505688198, -0.23128067861005, 0.3797745099899823, 0.38204351250433993, -0.3466563477002807, -0.12976432818540945, -0.4965652544504589, -0.26211993544650714, 0.6122483635772289, 0.20665425087967565, 0.026049916012239042], [0.7664727178280369, -0.2123409848939246, -0.34122390568902294, 0.19032946766585956, 0.4187486238391822, -0.8057249342954915, -0.10711414252529398, 0.5238873467964139, 0.4830882711155426, -0.25412759030602056, 0.11178412062295212], [-0.025257370228774202, -0.6273530464726396, -0.072049678155955, -0.693063966530736, -0.5582485305956323, -0.15553409940264024, 0.21210536477973935, 0.5957598562028629, 0.26262971202959967, 0.6027804779057006, -0.060774474241875535]], "inverted": true, "swapped": false, "error_lsq": 0.045537549596724375, "error_max": 0.22841098823724543, "target": "442.xyz", "model": "4.xyz", "model_rescale": 3.7855080009869324, "target_rescale": 3.9241184351349125},
{"mapping": [14, 6, 5, 1, 12, 7, 8, 15, 3, 10, 16], "R": [[0.16981335060909, 0.3791204840888547, 0.9096323897592624], [-0.6611817511525322, 0.7282859153871266, -0.18010640574839637], [-0.7307544853764398, -0.5708478641397963, 0.37434021706096093]], "T": [0.011774008473533151, 0.11758967891109229, -0.1378060212980727], "aligned_model": [[-0.036434540632039665, -0.3716617157840394, 0.6172382507246446, 0.31708858899808, -0.1858959183166845, 0.00784423168130773, -0.5349266830558888, -0.40322118601257684, 0.6332796117949476, 0.08771148068127337, 0.02145715899742348], [0.7729231563913085, -0.29874548509865073, -0.3950025265809999, 0.23884783657732792, 0.624556775488358, -0.6265089038446593, -0.11801594772684626, 0.39079546150712596, 0.2110441030627277, -0.19262801919709938, 0.16651253957964124], [0.02316406169777968, -0.4629508269447472, 0.022710416624476704, -0.8198495720394312, -0.5464332671357924, -0.05021990441215582, 0.23758473050785042, 0.5198076157224656, 0.15785199236942624, 0.5171464610771284, -0.11781746217735105]], "inverted": true, "swapped": false, "error_lsq": 0.04538497430833555, "error_max": 0.22223314629337715, "target": "442.xyz", "model": "5.xyz", "model_rescale": 4.2253639853439635, "target_rescale": 3.9241184351349125},
{"mapping": [4, 9, 11, 8, 1, 12, 0, 3, 5, 6, 13], "R": [[-0.6733833189244024, 0.256315960676269, 0.6934385582709963], [-0.7225118529789392, -0.42688275511551044, -0.5438269354214916], [0.15662543886385943, -0.8672215643580323, 0.47264704612756325]], "T": [0.05026196340900716, 0.15266027931161408, -0.05719804464781999], "aligned_model": [[-0.2680688911027547, -0.218890935880189, 0.5606595248415658, 0.39209584743632014, -0.2852091620245512, -0.056939874248403764, -0.7385449078871933, -0.2136612054528518, 0.6746451829996165, 0.2747226946013937, 0.03167100579349534], [0.7585856192105265, -0.11837960105454826, -0.4314204872419122, 0.0952854111757484, 0.6047872980061031, -0.7624590357674141, 0.00832658128121877, 0.2643913566888851, 0.24408835128280143, -0.0555121159390935, 0.16608561251591808], [0.12288877258410513, -0.5333183314879202, 0.0052341284613325115, -0.7096722555066742, -0.5280972535291277, 0.09249554119070527, -0.060960056791565735, 0.5915470516607155, -0.00692111952325402, 0.5084870286317138, -0.0006892604003808228]], "inverted": false, "swapped": false, "error_lsq": 0.05431613027847327, "error_max": 0.2883770691829742, "target": "442.xyz", "model": "6.xyz", "model_rescale": 3.89814844738969, "target_rescale": 3.9241184351349125},
{"mapping": [8, 0, 4, 7, 3, 2, 5, 9, 11, 10, 12], "R": [[-0.6654834913517613, 0.13930169646472668, -0.7332985477282219], [0.7110176114273391, 0.41725095559184255, -0.5659996433725517], [0.22712480925348424, -0.8980516006442746, -0.37671958218524426]], "T": [-0.010833119643708542, 0.05694414950783595, -0.1381316386744933], "aligned_model": [[0.02235555728086435, -0.2943319946763226, 0.5049079260485291, 0.378290530177637, -0.2691543100631925, -0.03225051516295175, -0.6254367818494612, -0.2792045977059198, 0.5994556658073386, 0.10002619491811232, 0.047821604301814175], [0.7277804645228096, -0.16056702406357926, -0.32949390459881117, 0.21027201822381447, 0.5260530916621465, -0.6342050699010995, -0.08178157431529944, 0.3983324519099516, 0.44105926032951387, -0.2709975958872689, -0.05267312772394395], [-0.0571136005850575, -0.6107072037380467, -0.15126908556569524, -0.6444398742096132, -0.7427711177370465, 0.014845144533148169, 0.3152932349019928, 0.6424941716727689, 0.22975903695366906, 0.5092230454471418, -0.02431950638361191]], "inverted": true, "swapped": false, "error_lsq": 0.036209832421435516, "error_max": 0.16974155017457132, "target": "442.xyz", "model": "7.xyz", "model_rescale": 3.7474275329858107, "target_rescale": 3.9241184351349125},
{"mapping": [4, 0, 7, 3, 2, 10, 12, 13, 9, 11, 14], "R": [[-0.3158757322889309, -0.7004830452015014, 0.6399578307483733], [0.8846321408971192, -0.46126786833233796, -0.06824902150156249], [0.34299926682532644, 0.5445690562540005, 0.7653731416295689]], "T": [0.0020772719505514226, 0.054701438395559264, -0.11819996760287918], "aligned_model": [[-0.05149514247666584, -0.21581602619413578, 0.5280545914180539, 0.24766244500980114, -0.2881582884511058, -0.00790929110517549, -0.42470961509008087, -0.4314421461776831, 0.6516394666129189, 0.17925194047095808, -0.03459865494043747], [0.8180710324698084, -0.3085294934411111, -0.36041292475953585, 0.14403007253768216, 0.7098322887771221, -0.695426877292663, -0.1304397955932078, 0.5008619477990136, 0.1565089014730496, -0.1623795730837272, 0.101663411271803], [0.04496468880554921, -0.6229761936750431, 0.003888348103981226, -0.7859146183934497, -0.5599650456777682, -0.0065257169926913605, 0.28703859833901, 0.5307326503530808, 0.2665657218959804, 0.43674590982993944, -0.11356009729893954]], "inverted": false, "swapped": false, "error_lsq": 0.04765644096536155, "error_max": 0.2674880527466563, "target": "442.xyz", "model": "8.xyz", "model_rescale": 4.019505241142653, "target_rescale": 3.9241184351349125},
{"mapping": [0, 5, 10, 2, 3, 11, 8, 7, 1, 9, 12], "R": [[-0.7031471448528749, 0.6388389090560597, -0.3122001616932859], [-0.3909548887782456, -0.7140993961923648, -0.5807033040185753], [-0.5939178121808101, -0.28626369073594327, 0.7518741462110508]], "T": [0.05763003966315663, 0.0314451175289293, -0.11214827579680409], "aligned_model": [[-0.02887085107770889, -0.38858633395965125, 0.841469478159568, 0.2783857643332998, -0.3063524037869262, -0.19685621836979303, -0.42317681140070895, -0.36368016860155006, 0.6182541911459792, 0.09438216593910342, 0.02751046669483553], [0.6664274482640685, -0.14774081386231208, -0.43050764483827775, 0.3428429301899979, 0.5032735398985163, -0.5324651831577255, -0.13447635088955512, 0.5233019450735534, 0.25081524040117903, -0.27887114879622876, 0.01117902787501774], [-0.002781399521136957, -0.5804516700235827, -0.010289853382523681, -0.5641111885583715, -0.7313053870747904, -0.04513006002778386, 0.3321846733235661, 0.5204325962546542, 0.19425442023528977, 0.49587570193651953, -0.127683587872191]], "inverted": false, "swapped": false, "error_lsq": 0.053712511585300174, "error_max": 0.2711116622720676, "target": "442.xyz", "model": "9.xyz", "model_rescale": 3.877068213659057, "target_rescale": 3.9241184351349125},
{"mapping": [2, 1, 11, 8, 7, 12, 3, 13, 9, 10, 15], "R": [[-0.2576618649010475, 0.9613802932920401, -0.09673828117878569], [-0.8571120901088345, -0.18119451919266, 0.48221096130615493], [0.4460596690634333, 0.20716292594055583, 0.8706975902980141]], "T": [-0.07325389361952221, 0.039249919869854634, 0.036932942090532266], "aligned_model": [[-0.021698949549698324, -0.35986865635315757, 0.5115053212566149, 0.43073185842962564, -0.1897267267013662, -0.10180685917274461, -0.6679051631855529, -0.33157176316677034, 0.4830149978280231, 0.4526554057596582, -0.05285018606818411], [0.7008166996557098, -0.08921382023194599, -0.39632885768620746, 0.1947129163354337, 0.5212474682184904, -0.7048319465786614, -0.1344230868224651, 0.45637684854489063, 0.3931297140385817, -0.13856048406112634, -0.029146461254466356], [0.03175205652568463, -0.7719277724120537, -0.07701031318995669, -0.5262300487651314, -0.611448899077619, 0.09794212086011783, 0.17473314919553773, 0.6343569955152112, 0.06822696047218949, 0.47853643906522697, -0.017936442899557807]], "inverted": false, "swapped": false, "error_lsq": 0.039704655646529426, "error_max": 0.2164879235566578, "target": "442.xyz", "model": "10.xyz", "model_rescale": 4.260839863003843, "target_rescale": 3.9241184351349125},
{"mapping": [5, 7, 1, 0, 6, 8, 10, 4, 3, 2, 11], "R": [[0.17884361253987358, 0.7389723383863941, 0.6495651201792105], [0.502076277425605, -0.636323390609858, 0.5856722242084058], [0.8461290527455811, 0.22138750114339972, -0.48482285469782327]], "T": [-0.048790430949531005, 0.009742159860224989, 0.026410643151725872], "aligned_model": [[-0.07033829157847196, -0.14465410100961223, 0.5646667578637194, 0.3171203053190288, -0.2714761372601525, -0.21354814618252363, -0.6678866158201477, -0.2613093383100293, 0.5625991987332477, 0.354130334376662, -0.016824687055273305], [0.6829843294280546, -0.25356845247474685, -0.3422133943963267, 0.24910525230850689, 0.5549762884308209, -0.6777022385129248, 0.07050614860252884, 0.34041972723780595, 0.35514835877770434, -0.18988507987148495, -0.01599194937170488], [0.0801839921809159, -0.5661121897219443, -0.12543865208074773, -0.7344105661425626, -0.5705702241304929, 0.15246024241854306, -0.05334801526836646, 0.6441411014009258, 0.12999804527428127, 0.5442532332961658, -0.020162721937068334]], "inverted": true, "swapped": false, "error_lsq": 0.04516647357447998, "error_max": 0.2671675293198771, "target": "442.xyz", "model": "11.xyz", "model_rescale": 3.890672605050136, "target_rescale": 3.9241184351349125},
{"mapping": [0, 11, 5, 6, 1, 12, 4, 3, 8, 7, 13], "R": [[-0.7254742208167463, -0.6858073615543856, 0.0579259679949094], [0.33816875135059155, -0.4284983353476242, -0.8378729451499776], [0.5994406146903268, -0.5882664697584994, 0.5427831150814807]], "T": [0.005728317608760842, 0.015196038436131258, -0.23615535437874235], "aligned_model": [[-0.16248993729463124, -0.24179791814268395, 0.5839874733534945, 0.331047910919428, -0.2817005386493458, -0.04739377144865743, -0.5846452769409256, -0.10838328098809884, 0.5084524855486557, 0.19132112497170808, -0.035918992252496354], [0.5484141875054814, -0.170070848118649, -0.4281642427613077, 0.28297571678968786, 0.6606911234195589, -0.6496963318987162, 0.023764392159968693, 0.4472208645847752, 0.39597570764964257, -0.2807974663001545, -0.056534112872053656], [-0.04621967061308055, -0.6913136864526159, 0.03591116632708674, -0.6292451024142327, -0.5617610027367409, 0.09585116102382707, 0.14126039250801264, 0.5721739403142921, 0.11236480331794263, 0.5416025290820888, -0.0896302850669301]], "inverted": false, "swapped": false, "error_lsq": 0.039468147874173055, "error_max": 0.2413005264195741, "target": "442.xyz", "model": "12.xyz", "model_rescale": 4.124412569039231, "target_rescale": 3.9241184351349125},
{"mapping": [7, 4, 8, 10, 5, 1, 0, 3, 9, 6, 12], "R": [[0.20521056455594278, 0.61356272923086, -0.7625151811560276], [-0.044452990616635324, -0.7724488741583277, -0.633519272348339], [-0.9777078069750025, 0.16390092772864365, -0.13123997131141635]], "T": [0.014724348980471178, 0.09429829748689612, -0.03587490664697949], "aligned_model": [[0.1404779459092932, -0.36589424460639997, 0.5922980992145436, 0.36297861951456767, -0.4465484896302727, -0.10916833941202767, -0.5593180902439765, -0.2312328394961911, 0.4974489795612093, 0.20886895243531675, 0.06256868583038518], [0.6895915046420431, -0.2097317210709686, -0.3249378236144315, 0.23639651656119476, 0.535088096215555, -0.6993736632793685, 0.04847520571545298, 0.2870412514689176, 0.361756826818626, -0.22519162262481557, 0.0746644193260283], [-0.1871683463277752, -0.653103786221796, 0.03859494431906282, -0.6708054000777075, -0.4441365883769054, 0.09678902728023661, 0.03583921765066118, 0.6053025967737712, 0.28674582752674066, 0.518964600490402, -0.14602784774704103]], "inverted": false, "swapped": false, "error_lsq": 0.05037110147766066, "error_max": 0.29893107918247774, "target": "442.xyz", "model": "13.xyz", "model_rescale": 3.9028299243045295, "target_rescale": 3.9241184351349125},
{"mapping": [3, 5, 11, 2, 0, 14, 10, 7, 6, 9, 15], "R": [[-0.36560746751332734, 0.6668694907370469, -0.6493198457021028], [-0.5709979711294257, -0.7116173786358301, -0.4093434052107707], [-0.7350459146642274, 0.22110130878758083, 0.6409537538604856]], "T": [0.019085360092388294, 0.04269854447847245, -0.24085872032256622], "aligned_model": [[0.009149809165909233, -0.37253237892971, 0.4735556182755613, 0.4594748936160016, -0.24298632577740462, -0.07089771557221267, -0.5528344074380007, -0.2685326172179868, 0.46832769220173115, 0.22228878533662114, 0.02746592541593791], [0.6485752085610134, -0.11973103473002038, -0.49333859626204857, 0.39649689083606243, 0.6919771356024118, -0.7039147508800843, -0.18049608615513413, 0.26581445485899624, 0.33754104572911864, -0.10932023690149555, 0.040174959499413854], [-0.09421562302115838, -0.5278326075257824, -0.012872631905810228, -0.7131230090775739, -0.6846741682490727, 0.22553412489563374, 0.18156824190083132, 0.5886731630310085, 0.1536758012930441, 0.4915647327019959, -0.1273037787534669]], "inverted": false, "swapped": false, "error_lsq": 0.04796001074093217, "error_max": 0.2380498949266252, "target": "442.xyz", "model": "14.xyz", "model_rescale": 3.942246331269136, "target_rescale": 3.9241184351349125},
{"mapping": [9, 8, 12, 0, 7, 13, 11, 10, 5, 4, 14], "R": [[-0.0975777644144382, -0.7199862712070917, -0.6870941341367927], [0.3332206850808408, 0.6269059822027997, -0.7042392097239392], [0.937785985673776, -0.2976720657899419, 0.17874223429904035]], "T": [0.08407802850256625, 0.09342435639861058, 0.017471943456936583], "aligned_model": [[-0.13604395306244016, -0.32132402146798206, 0.5390867104600382, 0.3081507639287595, -0.17732412234164724, -0.025982562772955117, -0.5513661988133879, -0.255160908842387, 0.5956308966835212, 0.032318788401146006, 0.14449388690378237], [0.8648168963109186, -0.13055107392203125, -0.5705832188913331, 0.15560739844585778, 0.6160665613770597, -0.7017074509840744, -0.22315588727904317, 0.35449542735310463, 0.46589108755437736, -0.14694659364805435, 0.08984584384145206], [0.0857520191151756, -0.6024676590691092, -0.12443400237917798, -0.6801254772583575, -0.6066222395301532, 0.14624275397602773, 0.11796377367401178, 0.5882252661304908, 0.06606983875179998, 0.5496436867507646, -0.05925371487182315]], "inverted": false, "swapped": false, "error_lsq": 0.04672097798322883, "error_max": 0.2220025075100796, "target": "442.xyz", "model": "15.xyz", "model_rescale": 4.355366556412066, "target_rescale": 3.9241184351349125},
{"mapping": [5, 2, 6, 4, 0, 8, 1, 9, 3, 10, 11], "R": [[-0.6261166262892718, 0.6872971985131551, -0.36823977406047476], [-0.6496732791069155, -0.1986929114817603, 0.733788632605718], [0.4311642386592473, 0.6986728045679683, 0.5709235600835907]], "T": [0.006086144973043937, 0.12111347513131557, 0.05979829290464899], "aligned_model": [[0.06062301655305788, -0.3080728311114691, 0.6401947751189466, 0.36277068045047095, -0.36551754826474414, -0.14778105337225778, -0.5096911753867166, -0.428352625408819, 0.6168618688292097, 0.13198203255697435, 0.09946213911179472], [0.7613802552953864, -0.28130908812823363, -0.3637755113991775, 0.2045971615948942, 0.48510796375215437, -0.6288064351836432, -0.0440949054031223, 0.4911569533678085, 0.3569428715502838, -0.29938682994553656, 0.09196655465741929], [0.00646854723118228, -0.6035912005832615, -0.13739419913150425, -0.6185352145844372, -0.4232470114014121, 0.02847531093512356, 0.09553637075587983, 0.5333827988122491, 0.10832168697136021, 0.5120874896681998, -0.020510333383730255]], "inverted": false, "swapped": false, "error_lsq": 0.03983099637482786, "error_max": 0.24017871140528774, "target": "442.xyz", "model": "16.xyz", "model_rescale": 3.795458400668931, "target_rescale": 3.9241184351349125},
{"mapping": [8, 0, 4, 7, 3, 2, 5, 9, 11, 10, 12], "R": [[-0.6654834913517613, 0.13930169646472668, -0.7332985477282219], [0.7110176114273391, 0.41725095559184255, -0.5659996433725517], [0.22712480925348424, -0.8980516006442746, -0.37671958218524426]], "T": [-0.010833119643708542, 0.05694414950783595, -0.1381316386744933], "aligned_model": [[0.02235555728086435, -0.2943319946763226, 0.5049079260485291, 0.378290530177637, -0.2691543100631925, -0.03225051516295175, -0.6254367818494612, -0.2792045977059198, 0.5994556658073386, 0.10002619491811232, 0.047821604301814175], [0.7277804645228096, -0.16056702406357926, -0.32949390459881117, 0.21027201822381447, 0.5260530916621465, -0.6342050699010995, -0.08178157431529944, 0.3983324519099516, 0.44105926032951387, -0.2709975958872689, -0.05267312772394395], [-0.0571136005850575, -0.6107072037380467, -0.15126908556569524, -0.6444398742096132, -0.7427711177370465, 0.014845144533148169, 0.3152932349019928, 0.6424941716727689, 0.22975903695366906, 0.5092230454471418, -0.02431950638361191]], "inverted": true, "swapped": false, "error_lsq": 0.036209832421435516, "error_max": 0.16974155017457132, "target": "442.xyz", "model": "17.xyz", "model_rescale": 3.7474275329858107, "target_rescale": 3.9241184351349125},
{"mapping": [11, 2, 4, 9, 7, 0, 1, 3, 5, 8, 13], "R": [[-0.21355106888718214, -0.5555992151314535, 0.8035579961163072], [-0.6874616591311844, 0.6698753310541019, 0.280470155399388], [-0.6941126768772786, -0.4925206117417529, -0.5250057512140113]], "T": [0.04578828716739029, 0.16699832903299633, -0.06291909008117152], "aligned_model": [[-0.32025015571242876, -0.31125570345537906, 0.6429038800423078, 0.4314336037852383, -0.27674257736856184, -0.1737268856958616, -0.6354000018558833, -0.2577435647914072, 0.744507149881315, 0.296092808308484, 0.012660725938624155], [0.760739868057688, -0.2345937723252597, -0.4091978025781475, 0.12313950608906499, 0.6101312585550238, -0.6292318583990955, 0.08271327244535483, 0.2235212526077177, 0.31889889740373933, -0.14749529274497797, 0.07515366104712556], [0.12476017083159502, -0.526682064774614, -0.036903543141028144, -0.6079679496128358, -0.5796649949814565, 0.06736125488898084, 0.02308649661666992, 0.5414506272825157, 0.04634254493633433, 0.5331479026100865, -0.1039361993665984]], "inverted": false, "swapped": false, "error_lsq": 0.04792501503342108, "error_max": 0.27923197813558664, "target": "442.xyz", "model": "18.xyz", "model_rescale": 3.922800546911778, "target_rescale": 3.9241184351349125},
{"mapping": [3, 13, 6, 11, 7, 8, 5, 0, 2, 1, 14], "R": [[-0.7105343167800588, 0.5064177787246913, 0.48855093702647323], [-0.5134738832835954, -0.847875929941678, 0.13210215218231416], [0.48112945852811784, -0.15699503437078657, 0.862477248000987]], "T": [0.04916312465224453, 0.010691516272426121, -0.09874307954676324], "aligned_model": [[-0.24277174142452312, -0.17196879912201468, 0.4916643981075645, 0.3238068068066723, -0.18713263492287796, -0.17391299867268561, -0.5410592833288134, -0.1899390504221472, 0.5225975297951608, 0.2912781966330653, 0.029916855627046518], [0.5674542970712461, -0.18742479084159194, -0.5021276558113752, 0.17667187990713595, 0.5791594046736142, -0.5587488136931837, -0.09894736623741744, 0.4497946882972498, 0.4522053149431735, -0.19336999988898065, 0.08911203173836343], [0.019318275142272315, -0.7181495276594582, 0.03155232193316733, -0.7345614337243946, -0.607879203704307, -0.07962743588517752, 0.3725854096672346, 0.5709293701398812, 0.20793980618063745, 0.5703773980037865, -0.1514907348039926]], "inverted": true, "swapped": false, "error_lsq": 0.04763893697960663, "error_max": 0.21563006508933347, "target": "442.xyz", "model": "19.xyz", "model_rescale": 3.9282355846067225, "target_rescale": 3.9241184351349125},
{"mapping": [4, 7, 10, 9, 8, 2, 5, 3, 11, 1, 13], "R": [[-0.27537335833139415, -0.3969909505895378, 0.8755385192390481], [-0.8038806490107496, 0.5945547321663621, 0.01675030162838237], [-0.5272052879736184, -0.6992158862673251, -0.48285787631978583]], "T": [-0.06733405111690813, 0.11165005579176923, -0.15030908301980128], "aligned_model": [[0.02465323259617319, -0.31675655442863326, 0.6231350078162331, 0.3355514627867495, -0.114178357583582, -0.0696446213409777, -0.5946853059895006, -0.32430737014190125, 0.5772597995457639, 0.0035413543205471965, 0.007910631495575568], [0.6959058240827117, -0.31860370297693513, -0.39812665166969985, 0.28001801624296563, 0.7489474841847221, -0.671624877765427, -0.1784952641150942, 0.35159667998792715, 0.4138482170263778, -0.19532083266342865, 0.0456340978241138], [0.07229231363723185, -0.5254995603599608, -0.07537887431068663, -0.6867420404505272, -0.5629580595647228, 0.10501668944762393, 0.20381871816084307, 0.5150820801223792, -0.0694498821812764, 0.5295779273368575, -0.02476506654811228]], "inverted": false, "swapped": false, "error_lsq": 0.04763849401377315, "error_max": 0.242448097457633, "target": "442.xyz", "model": "20.xyz", "model_rescale": 4.067790424073018, "target_rescale": 3.9241184351349125},
{"mapping": [5, 2, 11, 6, 4, 12, 7, 1, 13, 10, 14], "R": [[0.15859264393896666, 0.35341099996102127, -0.9219268075042614], [0.8426146430229531, -0.5351424753170579, -0.06019214628864383], [-0.5146347604386529, -0.7672829961742169, -0.38265894361711617]], "T": [-0.06375185257138723, 0.021173421648428038, -0.11605226741522415], "aligned_model": [[-0.011628296357464415, -0.29669590728182943, 0.4894639258598746, 0.37432527523735387, -0.25627295476931594, 0.01880499010251835, -0.6971700613571433, -0.24946031351182202, 0.4771113678895051, 0.3353181102068476, -0.03131685694207671], [0.6055509335067643, -0.0799187863373739, -0.31273636904632435, 0.1670624128634912, 0.5850784740605078, -0.700332827787891, -0.008593007107343033, 0.3562900102152114, 0.2888976154469756, -0.11954719317343979, -0.007972272482344316], [-0.05084353042576842, -0.8155087452596615, -0.09394326128587463, -0.694292472717888, -0.6521671914836583, 0.12813406850417067, 0.2770880252368496, 0.609560811905508, 0.238791695313167, 0.5855371388089593, -0.05136229330615437]], "inverted": true, "swapped": false, "error_lsq": 0.04394142238535268, "error_max": 0.2427639651605649, "target": "442.xyz", "model": "21.xyz", "model_rescale": 4.186013935880536, "target_rescale": 3.9241184351349125},
{"mapping": [6, 9, 2, 1, 7, 8, 11, 3, 0, 5, 12], "R": [[-0.11458348253851043, 0.1338331120335852, 0.9843573150298385], [0.4813297897190318, 0.8742842392107988, -0.06283870301516076], [-0.86901798546312, 0.46660022202202256, -0.16459639652987462]], "T": [-0.09135679689007203, 0.08752762190796755, -0.11818305753408392], "aligned_model": [[-0.049688144211431015, -0.2508621761301061, 0.4584130720243582, 0.41480580286748014, -0.1478562279371358, -0.12966705352199287, -0.5705143237193973, -0.28218357533862476, 0.5603530865140535, 0.26653800315043985, -0.1168591846211966], [0.6035027602410022, -0.2700828150584726, -0.38560521991527585, 0.19500533105829915, 0.6327945955738744, -0.6780422241377904, -0.20342652135574724, 0.4385648152248894, 0.3908955603316853, -0.05520444764792644, 0.10537715584369567], [0.0864781967944947, -0.5999750973235524, 0.035432072212511434, -0.6352625490775201, -0.6058463446507527, -0.1080210810586714, 0.17288348075628968, 0.7141009590562342, -0.04725659691256548, 0.5526952060421848, -0.08423400054900307]], "inverted": true, "swapped": false, "error_lsq": 0.042853126988965304, "error_max": 0.19985766991638532, "target": "442.xyz", "model": "22.xyz", "model_rescale": 4.166573947596378, "target_rescale": 3.9241184351349125},
{"mapping": [9, 2, 5, 12, 11, 1, 4, 8, 10, 7, 15], "R": [[0.08840755549666454, -0.7875444458379428, -0.6098834724444595], [-0.5008975853974497, 0.49408394675201106, -0.7106213214539517], [0.860979507929259, 0.3683134526347952, -0.3507983573709087]], "T": [0.037298091473119195, 0.1259591057990601, -0.1115460547917875], "aligned_model": [[-0.0335260564474252, -0.4054152943442602, 0.5462066972893636, 0.2882457239804403, -0.24686185565638807, -0.09041060213935292, -0.5874745973471651, -0.3352735071595443, 0.6142107831806376, 0.3591242564494448, 0.043653731270697216], [0.7176255826364119, -0.22616223553381115, -0.5048990662260117, 0.2733839519567704, 0.5756318744998055, -0.5751518956476216, -0.12399650504158852, 0.3630505822048076, 0.32953316183454234, -0.11251171193277335, 0.057275251407702454], [-0.03830749568322528, -0.4759972287302774, 0.07309407875641205, -0.6986342557493292, -0.693904065780531, -0.12680757808954993, 0.18347054351777234, 0.565991527877418, 0.3205078573073009, 0.4808636313859094, -0.10928276952225036]], "inverted": true, "swapped": false, "error_lsq": 0.04141172810956703, "error_max": 0.1821686217607891, "target": "442.xyz", "model": "23.xyz", "model_rescale": 4.274766983524099, "target_rescale": 3.9241184351349125},
{"mapping": [1, 7, 6, 8, 9, 5, 4, 2, 0, 3, 10], "R": [[-0.5313227696522372, 0.7319332202430684, 0.4265792722972931], [-0.5552560249743208, -0.6811723594947533, 0.47717393410586384], [0.6398334636284605, 0.016672665202748294, 0.7683327150761218]], "T": [0.11945624671664455, 0.06141301478835155, -0.055351936144370825], "aligned_model": [[-0.10077626086364334, -0.13688330898532702, 0.5584887896429381, 0.43123427720677043, -0.4146482553132077, -0.2793724299580455, -0.548143207504979, -0.3434722601052375, 0.6982904639597848, 0.17131081745663418, 0.11645065354076041], [0.6711358258132695, -0.21955550413981212, -0.44468468509780695, 0.17914790043821754, 0.45022889208704187, -0.6469011000114328, 0.008621407152852326, 0.382801871237497, 0.43200414254657604, -0.1713819248803427, 0.1323621650121742], [0.013343892146583172, -0.5616909530447357, -0.1336500877082516, -0.7140962599218648, -0.59500001639035, 0.018592299936775095, 0.14264963404326214, 0.7262348608856883, 0.21627742002991385, 0.4536980646904587, -0.08536460937782991]], "inverted": true, "swapped": false, "error_lsq": 0.0416496125272448, "error_max": 0.22574536133642686, "target": "442.xyz", "model": "24.xyz", "model_rescale": 3.7841303162186577, "target_rescale": 3.9241184351349125},
{"mapping": [7, 3, 2, 4, 6, 12, 13, 10, 8, 9, 15], "R": [[0.6031231974591118, 0.5313125547901946, 0.5949364485464091], [-0.6530024304055201, -0.09944525238973323, 0.750798553316152], [0.45807230277673583, -0.8413189709613466, 0.2869706509895388]], "T": [0.04358413110826991, 0.18072378215680723, 0.026039145870709678], "aligned_model": [[-0.18655467928573471, -0.3327657743781238, 0.5939528571277688, 0.3453973313365766, -0.18596332103918545, -0.0856762012223618, -0.6205985819086643, -0.21508239369914423, 0.6237817533229881, 0.20117725268432238, 0.014811036138005815], [0.7852341870482373, -0.1293273108113439, -0.3280522085376479, 0.06198094134556324, 0.4652850098158681, -0.5653354842962617, -0.2318810392177943, 0.45400513085692334, 0.25498155882463935, -0.1890093209902563, 0.19589752612030675], [0.09243838102211052, -0.6152337726458833, -0.057831496429033076, -0.6459082276507432, -0.5971456799785795, 0.06915809592076674, 0.0011678294813694187, 0.7069679517483136, 0.11156274155985607, 0.4510127321031744, -0.03519430984170217]], "inverted": true, "swapped": false, "error_lsq": 0.04871656296233892, "error_max": 0.2813783585246239, "target": "442.xyz", "model": "25.xyz", "model_rescale": 4.19342608120988, "target_rescale": 3.9241184351349125},
{"mapping": [5, 2, 6, 4, 0, 8, 1, 9, 3, 10, 11], "R": [[-0.6261166262892718, 0.6872971985131551, -0.36823977406047476], [-0.6496732791069155, -0.1986929114817603, 0.733788632605718], [0.4311642386592473, 0.6986728045679683, 0.5709235600835907]], "T": [0.006086144973043937, 0.12111347513131557, 0.05979829290464899], "aligned_model": [[0.06062301655305788, -0.3080728311114691, 0.6401947751189466, 0.36277068045047095, -0.36551754826474414, -0.14778105337225778, -0.5096911753867166, -0.428352625408819, 0.6168618688292097, 0.13198203255697435, 0.09946213911179472], [0.7613802552953864, -0.28130908812823363, -0.3637755113991775, 0.2045971615948942, 0.48510796375215437, -0.6288064351836432, -0.0440949054031223, 0.4911569533678085, 0.3569428715502838, -0.29938682994553656, 0.09196655465741929], [0.00646854723118228, -0.6035912005832615, -0.13739419913150425, -0.6185352145844372, -0.4232470114014121, 0.02847531093512356, 0.09553637075587983, 0.5333827988122491, 0.10832168697136021, 0.5120874896681998, -0.020510333383730255]], "inverted": false, "swapped": false, "error_lsq": 0.03983099637482786, "error_max": 0.24017871140528774, "target": "442.xyz", "model": "26.xyz", "model_rescale": 3.795458400668931, "target_rescale": 3.9241184351349125},
{"mapping": [9, 7, 6, 0, 3, 5, 10, 11, 1, 8, 12], "R": [[0.5829320604414121, -0.6919510483815445, 0.42590369751061297], [0.7905948182242661, 0.36208471450399454, -0.49381625420747405], [0.1874834560873829, 0.6245785828590689, 0.7581237019954514]], "T": [0.02441073422490382, 0.24629800743297092, 0.04067199463429918], "aligned_model": [[0.04158340890343315, -0.30515757258557696, 0.5344099714563362, 0.3368900310265184, -0.2839263457649525, -0.0739211422506909, -0.6187444982780392, -0.36418645177781, 0.6129220448691616, 0.2845217504367745, -0.011911916958706525], [0.6752730336693855, -0.22319819963401732, -0.3997424797565978, 0.2627654618188181, 0.4841228564274484, -0.5001272149459551, -0.05893015518097372, 0.3130049096485197, 0.26320802126436044, -0.17183493429527785, 0.1292376911425232], [0.04840608962085418, -0.534798370654132, -0.020315107371683606, -0.7296258075885378, -0.5865792669442967, 0.04705144175718092, 0.011116214139906412, 0.6374273950798351, 0.10167739789687388, 0.5775693892946582, -0.07093512994100915]], "inverted": false, "swapped": false, "error_lsq": 0.04103401483509004, "error_max": 0.19799570550997167, "target": "442.xyz", "model": "27.xyz", "model_rescale": 3.6321398670334006, "target_rescale": 3.9241184351349125},
{"mapping": [9, 1, 7, 6, 13, 3, 0, 10, 12, 8, 14], "R": [[0.9055952031874401, 0.2101027628823447, 0.36844830979813786], [0.3092049755518598, 0.2675891021653949, -0.9125723837024063], [-0.29032673155924366, 0.9403472238654845, 0.17736258768580176]], "T": [-0.07558965636345105, 0.036782741335288346, -0.06092335665961998], "aligned_model": [[0.008322369055991818, -0.27671553674904026, 0.5343739761217392, 0.38460529449875747, -0.2682363959820312, -0.12477454550434477, -0.5597070034821309, -0.33717715119337743, 0.7085026536443623, 0.1831494885920789, -0.09986386992555725], [0.6961459591491747, -0.296010750795365, -0.4365280240732904, 0.41478134087161667, 0.5796227073121537, -0.6398459625558472, -0.1623444896341652, 0.3891615873854414, 0.2383226365224605, -0.05615152561398752, 0.046625511590042266], [0.008149649676817125, -0.6050410534687859, 0.008421220617005426, -0.5601678890185338, -0.6394467675658829, 0.0454463933309341, 0.2787683187241846, 0.5810055836457477, 0.10667930111914131, 0.3766230896621907, -0.11944360143316951]], "inverted": false, "swapped": false, "error_lsq": 0.041833586071363386, "error_max": 0.2418273800081352, "target": "442.xyz", "model": "28.xyz", "model_rescale": 4.156811204709835, "target_rescale": 3.9241184351349125},
{"mapping": [0, 0, 7, 9, 3, 4, 6, 1, 5, 10], "R": [[0.7127291127290003, -0.39653983997860714, 0.5785960310771866], [-0.6214689522778816, -0.7394795240746136, 0.25873997532081383], [0.32525920928263397, -0.5439909822636068, -0.7734857839629065]], "T": [0.03570359768874426, 0.052700129076160035, 0.04996039980075549], "aligned_model": [[-0.27113590418257355, -0.27113590418257355, -0.023271879685278107, 0.5555413048113169, -0.10859424753292879, -0.778234473443254, -0.27047683630055486, -0.46382476438094955, 0.2706494467512766, 0.003408632256106464], [-0.41050798181064785, -0.41050798181064785, 0.09685469516175599, 0.16058876691582596, -0.49572301790868567, -0.37666575010890835, 0.484850634419395, 0.2610713650807128, 0.6025011166653098, 0.006258484022093794], [-0.37014689214858576, -0.37014689214858576, -0.791361240613072, -0.1445299820557744, 0.5652373997012772, 0.08803683497223751, -0.2748081312243066, 0.5579732834305098, 0.40476337085124137, 0.09376897621015765]], "inverted": false, "swapped": true, "error_lsq": 0.0593950075336863, "error_max": 0.4182981471355309, "target": "442.xyz", "model": "29.xyz", "model_rescale": 4.117894457231895, "target_rescale": 3.9241184351349125},
{"mapping": [9, 1, 7, 8, 5, 4, 3, 11, 10, 13, 14], "R": [[-0.37911658413885574, 0.30960649757945935, -0.8720174495315252], [0.8555477198774134, -0.2417803968349021, -0.457799452510503], [-0.35257441008026225, -0.919611905296434, -0.17322017490355313]], "T": [-0.06036020387314035, 0.13025345355471935, -0.010657344605438039], "aligned_model": [[-0.03772932056514468, -0.20182014618301097, 0.49477601826942574, 0.16792623189404576, -0.24711147081864238, -0.09119618841177231, -0.5615134170879289, -0.24595779701838288, 0.5677068734344451, 0.3155990353215618, -0.008200539758148717], [0.7506021990415783, -0.40478385506989106, -0.2118370878475948, 0.11547657587874977, 0.6654474503258156, -0.6421635622041533, -0.06674764106886552, 0.5086088357873619, 0.31114585576852744, -0.37900938655728805, 0.1270396061039932], [0.05627015126839744, -0.6694081252199189, -0.05310139250913852, -0.6810726142614992, -0.6227383209838778, 0.03349226445739193, 0.0882983356934624, 0.5791768426566641, 0.28452166873524315, 0.4608957410329744, 0.0046596944199500424]], "inverted": true, "swapped": false, "error_lsq": 0.05026265703591228, "error_max": 0.25787214762821936, "target": "442.xyz", "model": "30.xyz", "model_rescale": 4.100398675895297, "target_rescale": 3.9241184351349125},
