[{"mapping": [2, 7, 4, 9, 0, 12, 6, 8, 3, 1, 11, 5, 13], "R": [[0.30972736020948705, 0.9384461443976647, 0.15293069150049815], [0.9049680928429907, -0.24160435252950407, -0.35022862215261574], [-0.2917219794149615, 0.24687278283350114, -0.924095295855498]], "T": [-0.0894510388566298, 0.14511097248683957, 0.13368283271685835], "aligned_model": [[-0.6113728056606196, 0.37567889703025215, 0.03624455169451768, 0.029078778578948306, -0.6531942572246336, -0.010074265017064224, -0.15405004819785562, 0.4892106572858315, -0.4974711883753933, -0.4179266834182989, 0.5834462336613968, 0.07679497951562764, 0.03904181815659932], [-0.33352314491941637, -0.2596032709560757, -0.7684519574452074, 0.15018895825931286, 0.3490180740557204, 0.6425793961419121, -0.5196667035384402, -0.3633761090779941, -0.08225605586133461, 0.5996385494521084, 0.23213908533981545, 0.24097697466334622, 0.08776921339173713], [-0.16592573925771012, -0.3036442832635745, -0.1173303505645237, -0.5892750278831975, -0.35214420672669733, -0.1515263943683918, 0.5057633262101531, 0.2647197012764674, 0.36825499177359483, 0.2698905642553051, 0.2970756387222978, 0.8655115226735058, 0.051576982646011904]], "inverted": false, "swapped": false, "error_lsq": 0.04548544531424692, "error_max": 0.24325839575816982, "target": "443.xyz", "model": "0.xyz", "model_rescale": 3.8414455957264533, "target_rescale": 4.186281995873279},
{"mapping": [1, 5, 3, 10, 12, 8, 4, 2, 0, 13, 6, 7, 14], "R": [[0.6980208821734157, -0.6985293731195114, 0.15755495212499576], [0.5688280245940559, 0.6745481381703506, 0.4705523219869798], [-0.43497301811292993, -0.2388336747198283, 0.8681917699065987]], "T": [-0.06308868327010571, 0.06175707463546911, 0.14032041854807753], "aligned_model": [[-0.6393947382434092, 0.38639083074690556, -0.1028084860181299, 0.12226502864890935, -0.4103697279571427, 0.0015212713567074737, -0.04700916607617709, 0.5453006914006265, -0.5934086198896587, -0.5196423460997177, 0.6830999469348691, -0.036073750451340286, -0.10446426632313445], [-0.4959837610992065, -0.2880946144204725, -0.660192947857939, 0.09818160299748263, 0.4273796781792736, 0.7944617193803588, -0.42343833785592155, -0.2466228919432301, -0.14724481123101388, 0.6290388542864925, 0.21986131182861823, 0.05225050276478995, 0.015836704476251365], [-0.1841705402224798, -0.19118334783509627, -0.1606569632125487, -0.5174778450721891, -0.4323972532990581, -0.14824821251385445, 0.38556335049986773, 0.42204527123080854, 0.5882002529180279, 0.3515007587129773, -0.027705627403253552, 0.7822976927807306, 0.07517918890930873]], "inverted": false, "swapped": false, "error_lsq": 0.043171317523313345, "error_max": 0.2306421734486633, "target": "443.xyz", "model": "1.xyz", "model_rescale": 4.316132596720782, "target_rescale": 4.186281995873279},
{"mapping": [10, 1, 7, 9, 11, 5, 8, 4, 2, 3, 0, 12], "R": [[0.0843002156297657, -0.8226583294788954, -0.5622514976269678], [-0.9869641797317368, 0.0086977352051692, -0.1607048764934061], [0.13709551988024682, 0.5684695438994898, -0.8112010824003324]], "T": [0.029065975510965243, -0.04764773288167996, -0.03345792409676586], "aligned_model": [[-0.21951995844708888, 0.3480410087523612, 0.10350698910142392, -0.6448728753654795, -0.5183419443227351, -0.44356422198015527, -0.19314584460426304, -0.20764583593140382, 0.733082514774869, 0.3468468107088295, 0.34619466080700023, -0.05277274886157766], [-0.7078077928090981, -0.48346983804975635, -0.6249675029127135, 0.5352367215246471, -0.2228812579206393, -0.17155416023126435, 0.4243586532507046, 0.5337214179755315, 0.08166248057034677, 0.06383379071495539, 0.5571105537277912, 0.027533361900475395], [0.03788805237036129, 0.08929752456480648, -0.506133752740354, -0.09385690776452595, -0.4381510243874457, 0.5355369739431722, -0.5925893149510977, 0.4766223172556159, -0.2676857220718785, 0.5430217193502231, -0.2598304666596254, -0.07486093769983117]], "inverted": false, "swapped": true, "error_lsq": 0.04802188103919433, "error_max": 0.29944582215357657, "target": "443.xyz", "model": "2.xyz", "model_rescale": 3.795458400668931, "target_rescale": 4.186281995873279},
{"mapping": [0, 3, 4, 10, 8, 11, 5, 2, 1, 7, 9, 12], "R": [[-0.4952649675440211, 0.8077712456601134, -0.3197158529199461], [0.29199266855104783, -0.19183065329755505, -0.9369852090443431], [-0.8182010104100691, -0.5574106342187438, -0.14085627931973854]], "T": [0.10095589476115269, -0.05261807106056185, 0.07217890600713693], "aligned_model": [[0.08428380588986402, -0.16781929570563797, -0.6736918291212564, 0.2849008935647659, 0.08946848726767118, 0.1719434808253289, -0.4503009554195007, 0.5532671894995027, 0.4275169281539724, 0.7636134176313916, -0.5335439175394185, 0.0436656206968823], [-0.036874037053671926, -0.6608611137460537, -0.15625794436494914, -0.017558710482880185, 0.5571204028918076, 0.590892663481571, -0.12787570798675313, -0.3720636206883795, -0.42438209465797183, 0.14082708024671348, 0.5482931661244177, 0.044508961525859245], [-0.6468634315034205, 0.012665322301546107, -0.13610960641762587, 0.756014849998268, -0.3892136238832921, 0.3460281739830562, 0.5751097894570433, -0.4383033303924285, 0.32098461652975663, 0.3649689351682192, -0.1119720439026587, 0.03546177930063694]], "inverted": true, "swapped": true, "error_lsq": 0.05164605840010258, "error_max": 0.2866691196224263, "target": "443.xyz", "model": "3.xyz", "model_rescale": 3.7530521520055578, "target_rescale": 4.186281995873279},
{"mapping": [3, 2, 0, 8, 4, 7, 5, 1, 10, 11, 12], "R": [[-0.7960238749895794, 0.236926463183398, 0.5569666430675903], [0.42367122808356084, -0.4390668024505107, 0.7922897408650774], [0.4322599691629354, 0.8666522913079328, 0.24912873184353485]], "T": [-0.06774074731780597, -0.05543098447454518, 0.005614827616844198], "aligned_model": [[-0.4184111709938251, -0.28254395142169875, 0.26859200209003053, 0.6279579948925142, 0.2568953232994694, -0.31216019062645417, -0.12494814086188812, -0.6078222508053333, -0.4160974883536621, 0.2972672206550755, 0.049470254570976785], [-0.6130049543084767, 0.03475823209964684, -0.21417176564503432, 0.16252574330034464, -0.7887990287323355, 0.6523873091739537, -0.439090996741823, 0.06607192647215299, 0.2597400008717011, 0.40500192173978544, -0.05821502991556916], [-0.1033947625748371, -0.7105894511506297, -0.6102011857799632, -0.22524044889209088, 0.11043446880372235, 0.04453036777987974, 0.6475023640478592, -0.011817658801282846, 0.536662236624714, 0.3915026955376354, 0.023442151650309544]], "inverted": false, "swapped": true, "error_lsq": 0.04563652158128943, "error_max": 0.2305966324348234, "target": "443.xyz", "model": "4.xyz", "model_rescale": 3.7855080009869324, "target_rescale": 4.186281995873279},
{"mapping": [13, 4, 11, 7, 10, 5, 12, 1, 14, 9, 0, 2, 16], "R": [[-0.8587232187103974, -0.3697452359123748, -0.35479979448663423], [0.2523248528775042, 0.29752938121862404, -0.9207651361405953], [0.44601188579229745, -0.8802072073277778, -0.16219947564722154]], "T": [-0.16947093544584552, -0.010112742729977265, 0.006269343187144616], "aligned_model": [[-0.5820581097827824, 0.48564844997326767, 0.007115803072344273, 0.035977912440114695, -0.47306869533884716, 0.2715709010560022, -0.1851256136620902, 0.4538071967505765, -0.5499135448916127, -0.5079824150528802, 0.5461386347515513, -0.021290795676233015, -0.19541305561010253], [-0.5964942082421499, -0.09035770154509916, -0.7851650577200177, 0.2089167012137068, 0.5663339762699969, 0.6255069754012059, -0.5398474493559855, -0.30475744857104253, -0.07183148458641982, 0.49933561990951875, 0.24161757861678163, 0.222267139800862, -9.16316858740121e-05], [-0.0976356102648315, -0.32746726148514904, -0.017124269369017786, -0.6801608029049111, -0.32007687544638097, -0.2315812758938584, 0.4331198259746846, 0.3190197328510773, 0.5622833864941663, 0.37066797549417624, 0.18795223087079022, 0.6917092923814583, 0.05224037679103655]], "inverted": false, "swapped": false, "error_lsq": 0.04111793784967267, "error_max": 0.24680551612215235, "target": "443.xyz", "model": "5.xyz", "model_rescale": 4.2253639853439635, "target_rescale": 4.186281995873279},
{"mapping": [8, 4, 10, 1, 9, 0, 5, 2, 11, 12, 3, 6, 13], "R": [[-0.17070106225240417, -0.9446134388256436, -0.28029733950912417], [0.9827904119771705, -0.14284529717321187, -0.11712483597103007], [0.07059853731944266, -0.2954668716886703, 0.9527408746678534]], "T": [-0.06666710257664851, 0.020138472816012883, 0.05197715168096498], "aligned_model": [[-0.6461529272144199, 0.5659684497361313, 0.032753536001243394, 0.03741767747173079, -0.4783867712413935, 0.08648057105836257, -0.1721705201302604, 0.39936365793189466, -0.5861718507905601, -0.5547752991875394, 0.5222142964432929, 0.09314513349413484, -0.014279285543308803], [-0.3579197617141884, -0.04633294760135398, -0.7154282441023648, -0.08774750059185205, 0.28273230061129556, 0.7187703167515458, -0.5089858483036676, -0.397408240172456, -0.021970110680768703, 0.6727296395532906, 0.3048055273250829, 0.09284426651413864, 0.0393436119167815], [-0.2071232650429002, -0.2582890572818024, -0.18795953991876227, -0.6665162423473898, -0.3142575046854106, -0.3106824490826452, 0.3830930651234188, 0.294137604211073, 0.6298140426738156, 0.5071902028633474, 0.3261902780330578, 0.6707597345708609, 0.07658985637657742]], "inverted": false, "swapped": false, "error_lsq": 0.04732971987804578, "error_max": 0.2429311957053932, "target": "443.xyz", "model": "6.xyz", "model_rescale": 3.89814844738969, "target_rescale": 4.186281995873279},
{"mapping": [5, 8, 9, 11, 10, 4, 6, 3, 1, 2, 7, 0, 12], "R": [[0.035345547717565054, 0.8854295897688736, -0.46342759285380225], [-0.9993376151328693, 0.027295341738882026, -0.02406855417151589], [-0.008661595528243249, 0.46397134165924714, 0.8858078634115998]], "T": [0.02253782833175364, 0.06631666762754261, 0.08039845493272768], "aligned_model": [[-0.6165449604514152, 0.4281588280743789, -0.34937499920860215, 0.31781638879555085, -0.5406783381162767, 0.0034886614003189695, 0.00313401438895914, 0.5874865695632121, -0.5690688659994665, -0.5345848547609557, 0.604473757167244, 0.044495945360158086, -0.09339547818379709], [-0.37042320265435885, -0.3904215438277024, -0.5411916548221298, 0.1327681949973672, 0.21030480586014216, 0.6884715411563765, -0.5579938966078986, -0.2860332715066417, -0.03896786272882603, 0.4883360017019698, 0.35107547013592283, 0.13536948230099252, 0.15413894550027007], [0.1387772080206751, -0.21037393557089468, -0.45863806136272367, -0.6704245171876351, -0.3678856390880402, -0.08710148825476416, 0.33969685912426345, 0.5376340362724115, 0.6751364635751598, 0.1946868715458029, 0.18781204192396658, 0.6684120069453917, -0.0047851204503722156]], "inverted": true, "swapped": false, "error_lsq": 0.060199990902817975, "error_max": 0.380436865758485, "target": "443.xyz", "model": "7.xyz", "model_rescale": 3.7474275329858107, "target_rescale": 4.186281995873279},
{"mapping": [6, 1, 0, 12, 11, 13, 3, 2, 5, 9, 4, 8, 14], "R": [[0.7742144326008853, 0.11651414697439785, -0.6221064747350875], [0.5921981202357101, 0.21353019528481257, 0.7769853551328505], [0.2233683029030331, -0.96996356078796, 0.09631870016648172]], "T": [-0.11648082769551421, 0.0014008100409269668, -0.03835522956371816], "aligned_model": [[-0.6662534742250725, 0.46260574401720517, -0.1290656139850772, 0.008299182748970721, -0.4726889772913107, 0.40256918036102846, -0.1359374428487701, 0.6000376112903048, -0.5676049723627934, -0.5749900715466851, 0.41252606194244695, 0.004874828133628245, -0.05896538820456742], [-0.5932106829812493, -0.4095017788789431, -0.6302545288778236, 0.2343437794628682, 0.4562944725980589, 0.6910885849047633, -0.5362464103284216, -0.2050836004020371, -0.12689984953266872, 0.49534077409566823, 0.42618800382831035, 0.1561359318831498, 0.01723831373380811], [0.06712134552084108, -0.28456575925489624, -0.22561545918134396, -0.595858719050303, -0.26784916307125983, -0.2894123765092735, 0.4356610608108887, 0.3522276818484341, 0.5029833067267291, 0.3167968861571756, 0.3514311177540602, 0.614745193589778, -0.034718389847589494]], "inverted": false, "swapped": false, "error_lsq": 0.05076721613474462, "error_max": 0.3369766241658144, "target": "443.xyz", "model": "8.xyz", "model_rescale": 4.019505241142653, "target_rescale": 4.186281995873279},
{"mapping": [9, 2, 1, 0, 7, 4, 6, 2, 11, 8, 3, 5, 12], "R": [[-0.2008144980242986, 0.07243813798303289, 0.9769474159589147], [-0.5313025499446422, 0.829798792286951, -0.1707382931314435], [-0.8230377499274077, -0.5533413778895167, -0.128149060510646]], "T": [-0.11440240318936963, -0.1333631395189275, 0.10253803759091301], "aligned_model": [[-0.7843479858913768, 0.45638115974115484, -0.1851935724911014, 0.12755138872225702, -0.42503649067254234, 0.06106412481954958, 0.09018006986109244, 0.45638115974115484, -0.5049552247567684, -0.6307569976516265, 0.6136632489078145, 0.1264304799749189, -0.11595469227521867], [-0.2265675673147758, -0.278423736958779, -0.5917733543460046, 0.13633753594656375, 0.44221012846736274, 0.6581030399860326, -0.5665767989377882, -0.278423736958779, -0.04755186722679193, 0.3017429945881096, 0.3185819693219535, 0.21888558640916375, -0.11111118347078386], [0.0034122978067398224, 0.04654063072784779, -0.3885362821017819, -0.43724523957144307, -0.5234059430884883, -0.07178194259334, 0.6489204814709975, 0.04654063072784779, 0.5793550288006832, 0.11659208420564868, 0.16677846546054428, 0.6206548937254823, 0.13512161992250293]], "inverted": true, "swapped": false, "error_lsq": 0.06323913704626404, "error_max": 0.3957423536599054, "target": "443.xyz", "model": "9.xyz", "model_rescale": 3.877068213659057, "target_rescale": 4.186281995873279},
{"mapping": [9, 0, 8, 11, 10, 12, 7, 1, 2, 13, 5, 4, 15], "R": [[0.4009525012273214, -0.39963632137773974, -0.8243348242038686], [0.8494005884476629, -0.1748864697871391, 0.49792907429688854], [-0.34315555088664823, -0.8998363925298087, 0.2693301590513416]], "T": [-0.14777182296065547, 0.14584080768738283, 0.10723156395448716], "aligned_model": [[-0.6307135664022838, 0.4841750377934574, -0.10713597436996977, -0.02408633530455681, -0.5178489364585633, 0.323549213222711, -0.019524214714096183, 0.5578694869201981, -0.6079978966022047, -0.692803833646923, 0.6076053606483841, -0.011441738539145957, -0.07623993451769878], [-0.23338718247659335, -0.07324222981912679, -0.5815276972961404, 0.0016615287248585298, 0.3408821921414446, 0.5450982340337105, -0.5266530087318362, -0.29866316804400284, -0.1824459109517761, 0.5316617957334778, 0.27219059389079836, 0.054280576242765624, 0.12557728605790394], [-0.13484013579045342, -0.32452279154610686, -0.1469469590867941, -0.6059090336311669, -0.4656668283239147, -0.31306024428340196, 0.551743866679349, 0.34680027550100667, 0.45475875635117147, 0.49674506625458814, 0.2635532970940482, 0.7638300042849552, 0.05646145198995958]], "inverted": false, "swapped": false, "error_lsq": 0.04219370066936593, "error_max": 0.2701744708435756, "target": "443.xyz", "model": "10.xyz", "model_rescale": 4.260839863003843, "target_rescale": 4.186281995873279},
{"mapping": [4, 3, 2, 0, 6, 8, 9, 5, 1, 7, 11, 12], "R": [[0.3326940571768491, 0.8817346442000713, -0.33445280913244146], [-0.22497891906608614, 0.41862652468435, 0.8798501683846851], [0.9158051923280752, -0.21747609075040208, 0.3376462640943328]], "T": [0.07457216143537122, -0.057128997698411906, 0.03706417706534489], "aligned_model": [[0.45725920726355973, 0.35462771978403557, -0.5101184006141085, -0.4335758203449121, -0.604510677129916, -0.39571670902588446, 0.21278038531892962, 0.813873882232851, 0.1288983128103516, -0.1959528526211221, 0.06902620165252925, 0.06230739976781727], [-0.06342232524770064, -0.6124498501641178, -0.5316499001795912, -0.16358447986451752, 0.15374531431207725, 0.4565830385907466, 0.6008740671603945, 0.049712596590272905, -0.42974946635995964, 0.06979285210908642, 0.6028220193087916, 0.04040463927745116], [-0.6754773605635277, -0.20568920331488083, 0.023282306252087263, -0.4609323843848275, 0.27671555084359106, -0.27872745657826276, -0.5507507195004807, -0.030056160167497244, 0.4432138230972214, 0.7247916530092248, 0.27908199024934494, -0.029273961546487932]], "inverted": false, "swapped": true, "error_lsq": 0.03841094609330415, "error_max": 0.20742972293867362, "target": "443.xyz", "model": "11.xyz", "model_rescale": 3.890672605050136, "target_rescale": 4.186281995873279},
{"mapping": [5, 11, 9, 6, 8, 0, 12, 10, 7, 3, 2, 4, 13], "R": [[-0.1070682336267938, -0.927410005091865, 0.35839513920189403], [-0.6935204490297551, 0.3279572664027554, 0.6414619382248636], [-0.7124365095400467, -0.17987416120482347, -0.6782916083848125]], "T": [0.00740138108187384, 0.04446282009051244, -0.08758406750277642], "aligned_model": [[-0.5742012675093517, 0.5081296272686674, -0.019571503484922842, 0.017854978065188834, -0.6205874914318296, -0.029900529591146488, -0.13750050737797065, 0.5030288252375074, -0.6365814988332572, -0.481458249568607, 0.6274898692154832, 0.18538494099327807, -0.05668052495373144], [-0.47161272718096864, -0.1650915358857744, -0.6741508385949686, 0.08382963455416348, 0.3241672294412781, 0.6335600407816423, -0.45903159825806744, -0.40086652199292094, -0.08158087428675753, 0.6852319814796163, 0.1338926879205131, 0.33677720353980206, 0.030308327987926063], [-0.0681786431278204, -0.17769710350375456, -0.3853881794122907, -0.6623877906732618, -0.30342304736239206, -0.07122644599646441, 0.4421601728223719, 0.5087176330833048, 0.45680844508381696, 0.36351935670836266, 0.24865498330895036, 0.5239150718711614, 0.06747227269125666]], "inverted": true, "swapped": false, "error_lsq": 0.04184155389217358, "error_max": 0.23070030842714165, "target": "443.xyz", "model": "12.xyz", "model_rescale": 4.124412569039231, "target_rescale": 4.186281995873279},
{"mapping": [3, 8, 6, 9, 7, 10, 1, 1, 0, 5, 2, 4, 12], "R": [[-0.49972280468848995, -0.865977660090264, -0.01896867678201948], [-0.8324073509010406, 0.4740644144861984, 0.28698594579485914], [-0.2395310431659774, 0.15920308772900485, -0.9577469687852682]], "T": [-0.16657539182924339, 0.027475379250097826, 0.0026163618827876323], "aligned_model": [[-0.6783126433733672, 0.459970688997028, -0.015383710707025877, -0.16827178208497207, -0.45444252510019445, 0.17090012065786533, 0.26843962856525105, 0.26843962856525105, -0.5149639178024306, -0.6196990396629699, 0.6264644767682682, 0.026941374069488905, -0.08467563086288428], [-0.4458222569710729, -0.1932888347573142, -0.5903757080872902, -0.06365089397609211, 0.4732790184733452, 0.6766472417375639, -0.5036082246773589, -0.5036082246773589, -0.11388076749783652, 0.5557623081800188, 0.20619071642111667, 0.3615618627752877, 0.11622677256247489], [-0.1486043665093389, -0.2686755313122938, -0.2047816232075324, -0.6301034786378001, -0.33125382749283977, -0.09379859402981239, 0.44031081761570484, 0.44031081761570484, 0.44466982939642646, 0.30151058994325386, 0.28817565296541287, 0.687608141827186, 0.01757829731916937]], "inverted": true, "swapped": false, "error_lsq": 0.04531278129358685, "error_max": 0.3319914538060691, "target": "443.xyz", "model": "13.xyz", "model_rescale": 3.9028299243045295, "target_rescale": 4.186281995873279},
{"mapping": [9, 3, 7, 6, 1, 2, 10, 4, 14, 12, 0, 5, 15], "R": [[-0.07141485052041782, -0.957247580637607, -0.2803158727018411], [0.49201687388648085, 0.21065577308621516, -0.8447150650227709], [0.8676516091935296, -0.1982453394884668, 0.4559380116144972]], "T": [-0.05722247949518346, 0.1186496459752519, 0.1252829822366824], "aligned_model": [[-0.5200077663478565, 0.40431321838970824, -0.027860460432582994, -0.1374805098123161, -0.41054019887930204, 0.20935075682851198, -0.14104233084166198, 0.45376260559586257, -0.8012383821553597, -0.46419498408414384, 0.7491682053295646, 0.07259138545611904, -0.10141487101723484], [-0.39229268400057477, -0.06354946512762152, -0.7572482331748351, -0.015649162288866647, 0.43009015140760326, 0.7172436601251169, -0.5153289322110053, -0.25442559198873543, -0.2631126100613725, 0.5748123653116597, 0.31012858295780343, 0.1788942207134898, 0.02587070784282197], [-0.22913650110928843, -0.25217923935559805, -0.10399574109829593, -0.5227376508589688, -0.3223442694896316, -0.21053495274542525, 0.5079028941207351, 0.3683310917033463, 0.4146764328148579, 0.45774236766156173, 0.14220306984386788, 0.6168323544630809, 0.07618686954299926]], "inverted": false, "swapped": false, "error_lsq": 0.0434325651166608, "error_max": 0.28776509343403395, "target": "443.xyz", "model": "14.xyz", "model_rescale": 3.942246331269136, "target_rescale": 4.186281995873279},
{"mapping": [11, 12, 13, 8, 7, 0, 4, 3, 10, 9, 1, 5, 14], "R": [[-0.40018347383864916, -0.853239670190859, -0.3344177813439735], [-0.33592000680251316, 0.4760853586832748, -0.8127118064093921], [0.8526493630421774, -0.2128962105346453, -0.47714176849627954]], "T": [-0.12070636239424348, -0.002678510424943508, 0.10475533689769534], "aligned_model": [[-0.5630961690676475, 0.5941714454933531, 0.10286241645559535, -0.2695566744552892, -0.4647229736545576, 0.17659129103323656, -0.15876235904491592, 0.39776450038115696, -0.6366293770219084, -0.6612828093243571, 0.6588875775897599, 0.16108841945565094, -0.05190861981076911], [-0.4612704437611695, -0.3081151075744408, -0.7109402743964245, 0.09985273481487959, 0.7047100626818338, 0.52012947537059, -0.5183158686367502, -0.2225924190865417, -0.23242711847966466, 0.4869211657743672, 0.1838826155861076, 0.3777950624735756, 0.055803124739121024], [-0.2240238021713168, -0.14770151698888206, -0.22586849969748157, -0.6476885843593587, -0.23025732845089486, -0.3183325950067597, 0.3810411180336012, 0.5512682345062155, 0.5406905799299401, 0.4456828485806127, 0.22337097997366337, 0.5273794245182661, 0.0673858666256355]], "inverted": false, "swapped": false, "error_lsq": 0.05164022607500944, "error_max": 0.2678560725171767, "target": "443.xyz", "model": "15.xyz", "model_rescale": 4.355366556412066, "target_rescale": 4.186281995873279},
{"mapping": [10, 1, 7, 9, 11, 5, 8, 4, 2, 3, 0, 12], "R": [[0.0843002156297657, -0.8226583294788954, -0.5622514976269678], [-0.9869641797317368, 0.0086977352051692, -0.1607048764934061], [0.13709551988024682, 0.5684695438994898, -0.8112010824003324]], "T": [0.029065975510965243, -0.04764773288167996, -0.03345792409676586], "aligned_model": [[-0.21951995844708888, 0.3480410087523612, 0.10350698910142392, -0.6448728753654795, -0.5183419443227351, -0.44356422198015527, -0.19314584460426304, -0.20764583593140382, 0.733082514774869, 0.3468468107088295, 0.34619466080700023, -0.05277274886157766], [-0.7078077928090981, -0.48346983804975635, -0.6249675029127135, 0.5352367215246471, -0.2228812579206393, -0.17155416023126435, 0.4243586532507046, 0.5337214179755315, 0.08166248057034677, 0.06383379071495539, 0.5571105537277912, 0.027533361900475395], [0.03788805237036129, 0.08929752456480648, -0.506133752740354, -0.09385690776452595, -0.4381510243874457, 0.5355369739431722, -0.5925893149510977, 0.4766223172556159, -0.2676857220718785, 0.5430217193502231, -0.2598304666596254, -0.07486093769983117]], "inverted": false, "swapped": true, "error_lsq": 0.04802188103919433, "error_max": 0.29944582215357657, "target": "443.xyz", "model": "16.xyz", "model_rescale": 3.795458400668931, "target_rescale": 4.186281995873279},
{"mapping": [5, 8, 9, 11, 10, 4, 6, 3, 1, 2, 7, 0, 12], "R": [[0.035345547717565054, 0.8854295897688736, -0.46342759285380225], [-0.9993376151328693, 0.027295341738882026, -0.02406855417151589], [-0.008661595528243249, 0.46397134165924714, 0.8858078634115998]], "T": [0.02253782833175364, 0.06631666762754261, 0.08039845493272768], "aligned_model": [[-0.6165449604514152, 0.4281588280743789, -0.34937499920860215, 0.31781638879555085, -0.5406783381162767, 0.0034886614003189695, 0.00313401438895914, 0.5874865695632121, -0.5690688659994665, -0.5345848547609557, 0.604473757167244, 0.044495945360158086, -0.09339547818379709], [-0.37042320265435885, -0.3904215438277024, -0.5411916548221298, 0.1327681949973672, 0.21030480586014216, 0.6884715411563765, -0.5579938966078986, -0.2860332715066417, -0.03896786272882603, 0.4883360017019698, 0.35107547013592283, 0.13536948230099252, 0.15413894550027007], [0.1387772080206751, -0.21037393557089468, -0.45863806136272367, -0.6704245171876351, -0.3678856390880402, -0.08710148825476416, 0.33969685912426345, 0.5376340362724115, 0.6751364635751598, 0.1946868715458029, 0.18781204192396658, 0.6684120069453917, -0.0047851204503722156]], "inverted": true, "swapped": false, "error_lsq": 0.060199990902817975, "error_max": 0.380436865758485, "target": "443.xyz", "model": "17.xyz", "model_rescale": 3.7474275329858107, "target_rescale": 4.186281995873279},
{"mapping": [9, 11, 12, 7, 2, 1, 5, 10, 4, 0, 3, 8, 13], "R": [[-0.8516761152606012, 0.30291064666925277, -0.4276598354171537], [0.42594351802754754, -0.07532253959600893, -0.901608914374256], [-0.3053193641827, -0.9500377124952584, -0.06487241857560927]], "T": [-0.06145426805581205, 0.006361264461885773, 0.038067453383255005], "aligned_model": [[-0.5813335870219959, 0.5813442309478094, 0.0013978521279212688, -0.0031870037912976185, -0.5211484136155385, 0.16436644396959715, -0.11771864993394959, 0.43942475562849853, -0.6263698268344686, -0.4344169091065168, 0.4793242712201062, 0.042975585344249424, -0.13925208090510668], [-0.3829037751690988, -0.024115994898616364, -0.687264333332933, -0.11929526505741435, 0.42236840632386197, 0.6020532056783694, -0.6012590776320481, -0.34997209078250513, -0.10648342565062181, 0.6788365902207464, 0.33729489226149156, 0.1282418966377534, 0.07793198090649851], [-0.12293685863484041, -0.2899842013094451, -0.23427436196225854, -0.7023612363233175, -0.3075509406116615, -0.23151469365128358, 0.42646386927276303, 0.352051711008989, 0.6358653367717931, 0.3664242645001662, 0.2802051967427542, 0.7388484237569892, 0.031710215932592524]], "inverted": false, "swapped": false, "error_lsq": 0.041856189195152965, "error_max": 0.25898598901269765, "target": "443.xyz", "model": "18.xyz", "model_rescale": 3.922800546911778, "target_rescale": 4.186281995873279},
{"mapping": [13, 10, 11, 6, 8, 1, 7, 9, 12, 5, 2, 3, 14], "R": [[0.7119101685385285, 0.05578094962815339, -0.70005171065431], [-0.7010303618700252, -0.0027691927908583963, -0.7131260500834821], [-0.041717426428602655, 0.9984391905518678, 0.03713272279682234]], "T": [-0.10468072934815201, 0.06782160869807584, 0.018986183715509662], "aligned_model": [[-0.553281628608088, 0.5216772729434226, 0.03260980249229453, 0.034036351253477204, -0.5701023221422439, 0.1713125985664443, -0.1485642000302256, 0.5386776552200643, -0.6878580700545558, -0.5165634972034556, 0.5892608272222448, -0.030728036121047547, -0.09507008550902288], [-0.43588480740147006, -0.23975596810697614, -0.6226490820113719, 0.2637138260672526, 0.2717700917402144, 0.7235643969713487, -0.5341925773287659, -0.30084307773105456, -0.028541622319153262, 0.6334099947939437, 0.1711709374189243, 0.07423059847353738, -0.000559701060945314], [-0.11082454921329424, -0.3855781924662625, -0.08892650278144618, -0.6276602286588729, -0.3218633597012888, -0.18549389480087228, 0.542306525267403, 0.35502118769704455, 0.537862239783855, 0.3239387755114163, 0.1635302776985954, 0.6543122162370971, 0.08632223091986624]], "inverted": false, "swapped": false, "error_lsq": 0.04187181336696891, "error_max": 0.22888847899074496, "target": "443.xyz", "model": "19.xyz", "model_rescale": 3.9282355846067225, "target_rescale": 4.186281995873279},
{"mapping": [4, 1, 3, 0, 11, 10, 6, 5, 8, 9, 2, 7, 13], "R": [[-0.5333772314773599, 0.7160183129793074, 0.45036263657170056], [-0.41687131531505806, 0.24076570219232454, -0.8764988209434915], [-0.7360210835356829, -0.6552477791844119, 0.17006855225130815]], "T": [-0.10680745361319602, 0.017200415172796746, 0.2062529269150574], "aligned_model": [[-0.5368291978423294, 0.4366511316258884, 0.043095598457208256, -0.10667705605059091, -0.4976007732617487, 0.1879664306928566, -0.09086448449084258, 0.43352384425203705, -0.8244311707020257, -0.5898352669614388, 0.6805458913304026, 0.16424275387036194, -0.01438103289047074], [-0.290483976695823, -0.11017595072632247, -0.6021310955620542, -0.040008544893516365, 0.3210087021955092, 0.7345630937748444, -0.5142099493735974, -0.41094330364824855, -0.11742213956351163, 0.4952050788921115, 0.2573920888510681, 0.20812707245799913, 0.044511933797024825], [-0.13983876531459385, -0.2936758918650557, -0.19413766230055082, -0.5918223239738832, -0.3117666454761254, -0.16889170315644284, 0.5859803294623275, 0.31772129386259335, 0.41959431426422333, 0.3351734382093614, 0.1731035609839373, 0.7336773982288578, 0.0778293825685919]], "inverted": true, "swapped": false, "error_lsq": 0.03959833157772355, "error_max": 0.2763167065624338, "target": "443.xyz", "model": "20.xyz", "model_rescale": 4.067790424073018, "target_rescale": 4.186281995873279},
{"mapping": [0, 5, 7, 4, 2, 6, 9, 10, 12, 3, 13, 11, 14], "R": [[-0.4589849288924866, 0.5378276372602828, 0.7071592943945381], [-0.4740632148102669, -0.8214302713671608, 0.3170431794652387], [0.7513966352155924, -0.1897201673009341, 0.631988413427012]], "T": [-0.01418967590982513, -0.026955859242353435, -0.005992391573621289], "aligned_model": [[-0.6598836503303586, 0.46190413316287654, -0.19844730595371352, 0.04759337031501944, -0.5239301229939506, 0.06615001602066954, -0.008598052829165606, 0.4119157071978422, -0.37829583484929863, -0.6218169072378532, 0.6256196710145377, 0.052024464918773425, 0.011171179593929471], [-0.24911512067319896, -0.05406603631935343, -0.7389796966788865, 0.23819173368063445, 0.34858112927352813, 0.693498697339877, -0.6397582897505837, -0.2897359094454093, -0.14131969364373526, 0.47852508293236407, 0.05600752160386962, 0.32731742563621125, -0.05371383444983391], [-0.2013960340127421, -0.3539375655872661, -0.13143216956110532, -0.759883699324681, -0.3969637184018565, -0.15447696483221446, 0.472015782397724, 0.6425965917244425, 0.6583580319989416, 0.3086870985391201, 0.26582479350484783, 0.5307928365715185, 0.06276174247651121]], "inverted": false, "swapped": false, "error_lsq": 0.04739503731657209, "error_max": 0.2404587892536929, "target": "443.xyz", "model": "21.xyz", "model_rescale": 4.186013935880536, "target_rescale": 4.186281995873279},
{"mapping": [1, 6, 7, 0, 2, 5, 10, 4, 9, 8, 3, 11, 12], "R": [[0.21867448589097346, -0.843417189360447, 0.4907432260476373], [0.9749915873240496, 0.16841202041784892, -0.1450130891544213], [0.03965947387004215, 0.5101811796510158, 0.859152076213664]], "T": [-0.0910468960802841, 0.0010966293543616737, 0.08443490617236435], "aligned_model": [[-0.538005215935369, 0.37261338079961115, -0.03402851425732996, -0.0677301746355814, -0.49240979745533914, 0.13649957802834484, -0.14398310077663468, 0.4368228301084333, -0.5931573882200678, -0.5786231413576661, 0.7604646322364192, 0.07480116679849463, -0.04785758730400702], [-0.33389440431610734, -0.15961767738824464, -0.7163793534856634, 0.015271421865476704, 0.5390323486010066, 0.6730943955540565, -0.6497691270799988, -0.3552748423664754, -0.17101509021258013, 0.47875545443907164, 0.35712946675364493, 0.28879939826057016, 0.009301018880726713], [-0.3879341271109956, -0.17832526635973164, -0.058046173493972564, -0.6373987635637518, -0.230576500324899, -0.2240782709501167, 0.6039259628531694, 0.43367561841170044, 0.4064805083922777, 0.4334042208169626, 0.06190957434893199, 0.6217313937050084, 0.09817854876865797]], "inverted": false, "swapped": false, "error_lsq": 0.04153290111042482, "error_max": 0.3069080014904663, "target": "443.xyz", "model": "22.xyz", "model_rescale": 4.166573947596378, "target_rescale": 4.186281995873279},
{"mapping": [8, 1, 4, 7, 10, 13, 3, 2, 9, 14, 6, 12, 15], "R": [[0.006875418306288503, 0.5649747959494447, -0.8250795165103767], [0.1282886952401915, 0.8177824377781828, 0.5610471416335188], [0.9917130327351168, -0.10970580843080223, -0.06685728307268632]], "T": [-0.06520138868088932, -0.03402332091079122, 0.13050042768404296], "aligned_model": [[-0.5887488914743657, 0.5543716570814248, 0.03851984013735832, -0.17682488292707357, -0.4921626358144193, -0.07286650796668503, -0.15483835511564717, 0.44787645920085006, -0.6079321126868319, -0.3933593554155781, 0.6503707731707014, 0.08850877661249695, -0.007508096772922496], [-0.5288305613536834, -0.19653843564256426, -0.7211998249922733, 0.13839717997137188, 0.4475603479712994, 0.7293534718086094, -0.5491397557229418, -0.4080528370795933, -0.08395413623859185, 0.6552950558415049, 0.17947008449037063, 0.34543141975533276, -0.03235899930335748], [-0.2371175089637635, -0.1822568892817948, -0.10800297333023834, -0.5544820641053689, -0.25254329882289783, -0.23557368664189493, 0.4272274484469957, 0.3533507860787878, 0.38229288424853286, 0.33817875481612514, 0.2770769571835504, 0.6421337339696103, 0.0926625818955967]], "inverted": false, "swapped": false, "error_lsq": 0.047067339338113974, "error_max": 0.2792322222437551, "target": "443.xyz", "model": "23.xyz", "model_rescale": 4.274766983524099, "target_rescale": 4.186281995873279},
{"mapping": [3, 1, 10, 5, 11, 9, 4, 8, 0, 6, 12], "R": [[-0.22469868756237416, -0.8211198040841073, -0.5246644328984231], [0.6681295497598466, -0.5217635575903589, 0.5304391526917648], [-0.7093048741870112, -0.2313548298858913, 0.6658539916100368]], "T": [0.03196180559202716, 0.1645998458911322, -0.061083847760735756], "aligned_model": [[0.32617949048303846, 0.19636115675033414, -0.40706683427907986, -0.49576694507908275, -0.5121812423171848, -0.4307291109565357, -0.056199921177550766, 0.001864429755768171, 0.5308090070698945, 0.24708164492741963, -0.02045697121894595], [-0.225635437629098, 0.47288122735468435, 0.5673027921648539, -0.19258412547758208, 0.45044903123858765, -0.3599667042543052, -0.6393582006290877, 0.12456493771248939, -0.08526810805085466, 0.6839534384244405, 0.11924768038935551], [-0.5159398096041595, -0.4908399676034194, -0.44550641483843495, -0.4565699747322089, 0.2799987097900571, 0.49420251921515906, -0.051951858313458256, 0.7019937288212752, 0.39308043028998657, 0.4359569540862023, 0.03514211691057808]], "inverted": false, "swapped": true, "error_lsq": 0.05271095520543583, "error_max": 0.2816175972011841, "target": "443.xyz", "model": "24.xyz", "model_rescale": 3.7841303162186577, "target_rescale": 4.186281995873279},
{"mapping": [11, 12, 13, 14, 10, 8, 3, 5, 6, 7, 2, 4, 15], "R": [[-0.8616052119139038, -0.4295182339092479, 0.2704635752597334], [-0.29372436745032027, -0.012656877676057054, -0.9558063608353957], [0.413959484453136, -0.9029694846377556, -0.11525473979112505]], "T": [-0.107429148635524, 0.19161957290511425, 0.053963795073411196], "aligned_model": [[-0.7030316326237355, 0.4179107633603206, -0.16261914889007503, 0.04036294775902405, -0.5103419440596443, 0.16930090428031297, -0.049273509070889704, 0.5696032289049878, -0.4445975961784336, -0.7341422169478273, 0.6306256664474181, 0.19548079277627572, -0.1338715877284256], [-0.28797887456294313, -0.27983245471656537, -0.5345297514456144, -0.06889068984379379, 0.41145611438911683, 0.7012371251302675, -0.5095773863889387, -0.28637255492776725, -0.07999520676990865, 0.3619745887924588, 0.3055054600127689, 0.08889229051161066, 0.1535443493247917], [-0.014377842425168284, -0.22338592809886987, -0.23180047821477218, -0.6806046915609943, -0.5741988268558724, 0.16871662473832322, 0.44631903397911754, 0.341173528430969, 0.6323834538736823, 0.08583005730888542, 0.1593114223737365, 0.7280535633567613, 0.1055268085874429]], "inverted": false, "swapped": false, "error_lsq": 0.05240074551987873, "error_max": 0.3448936934670693, "target": "443.xyz", "model": "25.xyz", "model_rescale": 4.19342608120988, "target_rescale": 4.186281995873279},
{"mapping": [10, 1, 7, 9, 11, 5, 8, 4, 2, 3, 0, 12], "R": [[0.0843002156297657, -0.8226583294788954, -0.5622514976269678], [-0.9869641797317368, 0.0086977352051692, -0.1607048764934061], [0.13709551988024682, 0.5684695438994898, -0.8112010824003324]], "T": [0.029065975510965243, -0.04764773288167996, -0.03345792409676586], "aligned_model": [[-0.21951995844708888, 0.3480410087523612, 0.10350698910142392, -0.6448728753654795, -0.5183419443227351, -0.44356422198015527, -0.19314584460426304, -0.20764583593140382, 0.733082514774869, 0.3468468107088295, 0.34619466080700023, -0.05277274886157766], [-0.7078077928090981, -0.48346983804975635, -0.6249675029127135, 0.5352367215246471, -0.2228812579206393, -0.17155416023126435, 0.4243586532507046, 0.5337214179755315, 0.08166248057034677, 0.06383379071495539, 0.5571105537277912, 0.027533361900475395], [0.03788805237036129, 0.08929752456480648, -0.506133752740354, -0.09385690776452595, -0.4381510243874457, 0.5355369739431722, -0.5925893149510977, 0.4766223172556159, -0.2676857220718785, 0.5430217193502231, -0.2598304666596254, -0.07486093769983117]], "inverted": false, "swapped": true, "error_lsq": 0.04802188103919433, "error_max": 0.29944582215357657, "target": "443.xyz", "model": "26.xyz", "model_rescale": 3.795458400668931, "target_rescale": 4.186281995873279},
{"mapping": [6, 10, 5, 7, 0, 3, 8, 11, 1, 2, 4, 9, 12], "R": [[0.3895113451623956, -0.8933626472255387, 0.2240180629591275], [-0.43016730133185666, 0.03860922481366577, 0.9019231788928346], [-0.8143936424448863, -0.4476745562364096, -0.36925666797484497]], "T": [-0.04578308017019778, -0.010580931971494473, 0.20433973679474687], "aligned_model": [[-0.6262213176820896, 0.5113709838292403, -0.045441052286102644, 0.02365271275468569, -0.5803659853634598, 0.07659431983915233, -0.17401540459768125, 0.5162054946552789, -0.5779987228104032, -0.5143210497244327, 0.742883328281453, -0.005383461277342079, -0.061553177588991134], [-0.5251388473682349, -0.15892586370997813, -0.5799559219998593, 0.023312385813052044, 0.4519524608381257, 0.599219594487643, -0.6976710242785396, -0.29197551890020723, -0.09856936256522668, 0.6998970672010054, 0.2666147650362936, 0.3136874050251429, -0.027014130073733097], [-0.07763289275024299, -0.21430039351486269, -0.2882782405744927, -0.6045100714514224, -0.2333327093382807, -0.193458765898473, 0.409803568481965, 0.5457493440792862, 0.4479741275567131, 0.42912429515461015, 0.19876978374952498, 0.48289351352404486, 0.0401451664748711]], "inverted": true, "swapped": false, "error_lsq": 0.040521674279961714, "error_max": 0.23542929687661288, "target": "443.xyz", "model": "27.xyz", "model_rescale": 3.6321398670334006, "target_rescale": 4.186281995873279},
{"mapping": [6, 11, 13, 9, 12, 8, 1, 2, 4, 7, 0, 3, 14], "R": [[0.9309971213164456, -0.22420390283003513, 0.2880572339939962], [-0.001035949646277845, -0.7907602479247324, -0.6121251155689874], [0.36502504970045835, 0.56958830769056, -0.7364277784232356]], "T": [0.027086600923019948, 0.08833218919282454, 0.04670872521496581], "aligned_model": [[-0.5895331386679405, 0.49805671249600014, -0.028905137554942596, 0.00416708631669379, -0.6011422317599197, -0.021424476677518685, -0.037106234729408556, 0.4758092057846044, -0.6252058094957101, -0.5099276935711067, 0.6029349448853284, 0.09351933690484093, 0.02416410409838778], [-0.28732092565862294, -0.2573984298025865, -0.6683196844129544, -0.048476547225087985, 0.469080693514845, 0.594863313443897, -0.33876721720056663, -0.5070258115991806, -0.20859492547272035, 0.5509768064509024, 0.2566640610182875, 0.39421315677167557, 0.02553851967759578], [-0.24064518756498512, -0.22009331659262157, -0.2546551732618254, -0.6069962745442327, -0.33259173761407557, -0.043305225423489184, 0.557328518266134, 0.3253492436461457, 0.46242034670942017, 0.36049685379053653, 0.21839087310300112, 0.6579235853298427, 0.05932421964939065]], "inverted": true, "swapped": false, "error_lsq": 0.04261476455928061, "error_max": 0.25337541503335087, "target": "443.xyz", "model": "28.xyz", "model_rescale": 4.156811204709835, "target_rescale": 4.186281995873279},
