[{"mapping": [9, 7, 4, 0, 3, 12, 1, 8, 11, 6, 5, 13], "R": [[0.9786363407439207, 0.20529141227243292, 0.011240490315762255], [0.16220560224155345, -0.737338345521477, -0.6557602510255603], [-0.1263339035128881, 0.6435740829701279, -0.7548855175139841]], "T": [0.09891182830259433, 0.1336722254096059, -0.07656868295136629], "aligned_model": [[0.33937043425336705, 0.10077547734794966, -0.5371835651492427, 0.10725211035342383, -0.35077981325943347, 0.6222755303422774, 0.2803144781850153, -0.06845414080544428, 0.46602041013019346, -0.5776184651630837, 0.08194501847837356, 0.135253060032632], [-0.22375335055033072, -0.6006222061135782, -0.5607976202747212, 0.4820754828368756, 0.3986732587217, 0.24325085719016537, 0.6807831019073005, -0.5283480977162972, -0.2558109634074016, -0.04694242113961958, 0.33911923346864664, -0.0243952274593692], [-0.6691644880648899, -0.25601978247920065, -0.23935231381030683, -0.7650147915829766, -0.04914267977001541, -0.29838564988136507, -0.10497433127228592, 0.3032955767197719, 0.3713107378984255, 0.23040264415068587, 0.6513769981853342, -0.09186108221561688]], "inverted": false, "swapped": false, "error_lsq": 0.04186313367046247, "error_max": 0.20983773060707156, "target": "444.xyz", "model": "0.xyz", "model_rescale": 3.8414455957264533, "target_rescale": 3.8318047481643536},
{"mapping": [9, 7, 2, 8, 10, 13, 12, 4, 0, 5, 1, 14], "R": [[-0.5398701733502413, 0.713743950278066, 0.44621717735676913], [0.37635429048407754, 0.6788447437284572, -0.6304976304051206], [-0.7529260547763021, -0.17245111583781422, -0.6351086274687865]], "T": [0.016714104976714675, -0.023408540282661323, -0.07690403011960642], "aligned_model": [[0.21903811497122727, 0.28133333618366296, -0.46435130089655263, 0.11593121889131237, -0.4156868231562697, 0.6977163547450159, 0.17809879496294984, -0.07191458607517104, 0.5656896884683803, -0.6293857127972239, 0.11975262523432602, 0.0029488242143708328], [-0.28709272941936576, -0.5959658693669134, -0.5742616472223411, 0.4834880297529543, 0.5070566619739458, 0.14700028906821716, 0.721871701726379, -0.4246592066537823, -0.3281124078103513, -0.004944600314757498, 0.22975102451160057, 0.029100801217785313], [-0.6727608278256496, -0.1998258325896027, -0.1756038653034659, -0.6748289661217413, -0.08107619442372252, -0.36333686226198725, -0.10522163199663323, 0.2794105678234915, 0.2854476379472318, 0.051691822752244654, 0.7439438176969324, -0.005368827819537528]], "inverted": false, "swapped": false, "error_lsq": 0.04067423143387755, "error_max": 0.2717769640606773, "target": "444.xyz", "model": "1.xyz", "model_rescale": 4.316132596720782, "target_rescale": 3.8318047481643536},
{"mapping": [8, 10, 6, 2, 4, 1, 0, 7, 9, 3, 5, 11], "R": [[-0.7456727602616938, 0.38110949745901324, -0.5465598645621953], [0.4288369171804479, 0.9023047320151957, 0.044102936933448834], [0.5099716002552265, -0.20149868865460274, -0.8362578821174717]], "T": [0.10041301489776908, -0.023500298352304945, -0.05538732147818366], "aligned_model": [[0.2377620545384931, 0.1526581722680273, -0.558068370299023, 0.15203831999397768, -0.48110985803938133, 0.5945179831138788, 0.26583219436943106, 0.00211131360995212, 0.6755788876036268, -0.45164134071696427, 0.025197696909314032, -0.015706518605304046], [-0.26467337076016667, -0.6248060710959638, -0.2767784712554568, 0.4682064580218273, 0.462524160465356, 0.04915847509278189, 0.6620239146690381, -0.5610177193566308, -0.1183685689018826, -0.16879281209897745, 0.27547925878657675, 0.0002767938968689862], [-0.7695349996708769, -0.23687453806876818, -0.47770047007725946, -0.7308758079490894, -0.19660029828508235, -0.26793907148372953, 0.02589679142732426, 0.6530425744328626, 0.40301832350173333, 0.26887041973254816, 0.51092863474231, -0.0997607204244123]], "inverted": true, "swapped": false, "error_lsq": 0.046399592068088774, "error_max": 0.2571154734381405, "target": "444.xyz", "model": "2.xyz", "model_rescale": 3.795458400668931, "target_rescale": 3.8318047481643536},
{"mapping": [9, 8, 7, 5, 4, 3, 10, 1, 6, 0, 2, 11], "R": [[-0.24769344920789932, -0.026246193576669963, 0.9684828819045952], [-0.4573955478519356, 0.8843855346406622, -0.0930136491251593], [-0.8540709970633131, -0.4660186299291976, -0.23106139559474667]], "T": [0.006776314718278949, 0.0135682347570616, -0.017640592593554], "aligned_model": [[0.18630574744938833, 0.41183213993778534, -0.46097619886577823, 0.3150487707568596, -0.41659708966336345, 0.6981775812752993, -0.041736918918199216, -0.07142213986263318, 0.5444832105832543, -0.7094396976556413, 0.27249845186115446, -0.12900332215209753], [-0.20022992373047538, -0.6428425408848157, -0.4578366137819467, 0.44834092922747876, 0.4022518405751187, -0.11119728293600323, 0.7320568795035144, -0.4175430945289759, -0.1573962414696585, 0.0413563402961595, 0.2623329391875782, 0.003938816005397302], [-0.8402061966749897, -0.14261102552994517, -0.394850549283039, -0.47564213466530175, -0.3016031752592425, -0.39641213288413457, 0.12529739722266336, 0.4343515151052799, 0.15247330639380038, 0.2961593261213643, 0.6570691072602416, -0.03155459992913599]], "inverted": false, "swapped": false, "error_lsq": 0.05756604061064297, "error_max": 0.30508877251486877, "target": "444.xyz", "model": "3.xyz", "model_rescale": 3.7530521520055578, "target_rescale": 3.8318047481643536},
{"mapping": [10, 7, 9, 2, 4, 1, 6, 8, 5, 0, 11], "R": [[0.7723886200760798, -0.03553350280428694, 0.6341554933574473], [-0.35033952982498134, 0.8089774159818809, 0.4720357552911538], [-0.5297905561813844, -0.5867647830346814, 0.6123961593374692]], "T": [-0.037436384951517646, -0.10845353358111395, 0.0006906235293776385], "aligned_model": [[-0.6214712188611473, -0.2924110762019695, 0.3133322969339393, 0.5964575897504097, 0.4299841645604244, -0.12479749189898232, -0.1495963387005289, -0.642643277212643, -0.33952264769391594, 0.1493058323850897, 0.019561769384529096], [-0.5813311742737652, 0.05810032292861464, -0.3837458298405573, 0.2564966979889901, -0.6299042247918022, 0.586007867104647, -0.5474480870126804, 0.13990213043980576, 0.13204292275494264, 0.5300665433749392, -0.0929838103587882], [-0.19306112266541112, -0.616643107875059, -0.5587470254287968, -0.2759627564934079, 0.1744350508193175, -0.14478583384972724, 0.5104639820022797, 0.03625791626136844, 0.6541127804436542, 0.4136946271735952, 0.09306626685750358]], "inverted": true, "swapped": true, "error_lsq": 0.05090033028197345, "error_max": 0.3220177926294985, "target": "444.xyz", "model": "4.xyz", "model_rescale": 3.7855080009869324, "target_rescale": 3.8318047481643536},
{"mapping": [10, 7, 8, 9, 14, 3, 2, 6, 4, 13, 1, 16], "R": [[-0.5041324355058258, -0.07173959544725517, -0.8606415734299782], [0.4825411349495775, -0.8498761126013868, -0.2118127623896361], [-0.7162433528854129, -0.5220766454023958, 0.4630674203319026]], "T": [0.017101784915818763, 0.0013024268044185237, -0.029504405180042784], "aligned_model": [[0.1633011621866348, 0.33043547791115296, -0.4025453541011412, 0.07818848290085817, -0.32589016669716936, 0.5072396856201737, 0.2649042722062353, -0.11642970199344127, 0.473839745077081, -0.6737145167539316, 0.2971436973177694, 0.0026977510718058702], [-0.2798415944391518, -0.6746401912712119, -0.46737974078155475, 0.405863907543958, 0.561563785966654, 0.3387281329804834, 0.6962791567615598, -0.5220292046535948, -0.3531420327561693, -0.1295346295168331, 0.2789107582455842, 0.04845369938364737], [-0.685666012925349, -0.10883312494077389, -0.34500904613705646, -0.6121813678962276, -0.19124842853567559, -0.3877296646243648, -0.06674631288431064, 0.3370612964155357, 0.4317551147215848, 0.14520146454366256, 0.6167262661766174, -0.050859346036082415]], "inverted": false, "swapped": false, "error_lsq": 0.0429195269025863, "error_max": 0.26044809872923863, "target": "444.xyz", "model": "5.xyz", "model_rescale": 4.2253639853439635, "target_rescale": 3.8318047481643536},
{"mapping": [10, 8, 1, 2, 3, 5, 6, 9, 11, 0, 12, 13], "R": [[-0.423698469562663, 0.41640574771631045, 0.8044164718347567], [0.16907819095581722, -0.8361038843184573, 0.5218647908900315], [0.8898832351681684, 0.35712259505162713, 0.2838508056536499]], "T": [-0.011924124105952803, -0.015727535962711047, -0.09571769603281613], "aligned_model": [[0.20590381825545048, 0.3613474685517871, -0.4480618264123697, 0.11999352766539176, -0.32781654807891186, 0.5505137435121367, 0.23888427629023354, -0.16129667940987427, 0.650463922325559, -0.716386994634486, 0.1620296966526364, -0.03640386997152506], [-0.3011722804684149, -0.6527043059566636, -0.5192793519688254, 0.36010747415287647, 0.6174878793405963, 0.05103017990042753, 0.5667336406123522, -0.4867859050355947, 0.09245183076181095, -0.039002312557577704, 0.17496948992812916, 0.03939570875425488], [-0.7882382803837867, -0.12389194316590861, -0.40381712021613136, -0.6356412002070493, -0.14325386118199812, -0.37846903359399897, 0.011762963606993013, 0.2625954074587461, 0.2981009035443437, 0.28671268736755884, 0.8013433258764564, -0.10473301122766417]], "inverted": false, "swapped": false, "error_lsq": 0.04493803488929166, "error_max": 0.3085984972597571, "target": "444.xyz", "model": "6.xyz", "model_rescale": 3.89814844738969, "target_rescale": 3.8318047481643536},
{"mapping": [9, 8, 11, 10, 4, 5, 2, 3, 6, 7, 0, 12], "R": [[-0.6837566185923413, 0.414759828357725, -0.6003758583686043], [0.7276309419276719, 0.44959852966098496, -0.5180872267062082], [0.05504633394347952, -0.7910976216039025, -0.6092080549467744]], "T": [0.0015885120419974752, 0.02956545497571574, -0.005311211001149271], "aligned_model": [[0.4836818570868753, -0.02352422126881379, -0.4793565803432903, 0.09993420765573695, -0.48358486535707645, 0.7278011308097475, 0.08659798117471942, 0.052895434384239784, 0.5427923940233172, -0.5260677212071888, 0.13506038881952093, -0.017059471031759074], [-0.2885706370381119, -0.6351637028822186, -0.3124763173343287, 0.38958232382820146, 0.43623336938392576, 0.1620662323916169, 0.7251995130121489, -0.47565935152309646, -0.32952961529554614, -0.12920117200268091, 0.2143909805361726, 0.14636042438728825], [-0.6867224764321105, -0.12856407966502875, -0.5594227641459298, -0.6374659716001884, -0.12665283468538424, -0.24538490875143737, -0.10736262930831282, 0.6227790940409811, 0.18316939718708258, 0.3519656245439767, 0.541529872568013, -0.12539748587410135]], "inverted": false, "swapped": false, "error_lsq": 0.048381544163816105, "error_max": 0.26342315447028214, "target": "444.xyz", "model": "7.xyz", "model_rescale": 3.7474275329858107, "target_rescale": 3.8318047481643536},
{"mapping": [0, 3, 5, 10, 11, 1, 12, 8, 2, 9, 4, 14], "R": [[0.28508887647320247, 0.23508293709092723, -0.9292256696841463], [0.20885043090533337, 0.9309283514153075, 0.29958955596254405], [0.9354709135092889, -0.27947883143429814, 0.21630014507210912]], "T": [0.03731737735734075, 0.07743045163672051, -0.11786232698111142], "aligned_model": [[0.392157477387427, 0.1713359570654337, -0.40828015096385517, -0.16381941948233136, -0.42751889931318393, 0.7849216148315891, 0.1647649967181758, -0.10603247786278208, 0.6340041512480634, -0.68008667739266, 0.16177698788975922, 0.07594697462039221], [-0.1193932032667575, -0.6149518253718318, -0.479540326828841, 0.37176482169656533, 0.4900573113638031, 0.10152933946097549, 0.6785358984475381, -0.3669012806478333, -0.30037611446768886, 0.019394881960524676, 0.035078919380294615, 0.0880336257366224], [-0.6370561153761927, -0.247401277733733, -0.1830379260301035, -0.7873207851746075, -0.1299563797640661, -0.19072499071250593, -0.17328763647937634, 0.3793604063586884, 0.3401950802530933, 0.13174483431242168, 0.6534625066053467, -0.07350687838140485]], "inverted": false, "swapped": false, "error_lsq": 0.05211527285380791, "error_max": 0.30388141246366424, "target": "444.xyz", "model": "8.xyz", "model_rescale": 4.019505241142653, "target_rescale": 3.8318047481643536},
{"mapping": [11, 9, 1, 6, 2, 11, 5, 7, 8, 0, 4, 12], "R": [[-0.672608132749446, -0.07544461041597045, -0.7361429280503116], [-0.7282007732368168, -0.10944801137418558, 0.6765683754533155], [-0.13161281706811817, 0.9911252411100319, 0.01867679892207097]], "T": [-0.051761132911327626, 0.026856919321093176, -0.17493032868978], "aligned_model": [[0.5434189828360857, 0.23566710572838934, -0.5414364995583275, 0.02230269982806042, -0.487886206175232, 0.5434189828360857, 0.31167848151359234, -0.058317031679727085, 0.4452949141540612, -0.45328526976424083, 0.05733292119347601, -0.019018546166195346], [0.003501291473250335, -0.5822625303742298, -0.3939773390900626, 0.42533923661297274, 0.42478142149551745, 0.003501291473250335, 0.5799338707874209, -0.47629014055426394, -0.29923526647809223, -0.040460437970899085, 0.21008982974437396, 0.04831082034413299], [-0.35510987375446845, -0.29197119790126413, -0.3734797291351485, -0.7780789251836647, -0.21265529729743832, -0.35510987375446845, -0.06293813447368189, 0.5776545810751039, 0.14559440330845655, 0.33191562325502466, 0.6263928639983595, -0.16974360225924975]], "inverted": true, "swapped": false, "error_lsq": 0.05817548663845051, "error_max": 0.4842292462834747, "target": "444.xyz", "model": "9.xyz", "model_rescale": 3.877068213659057, "target_rescale": 3.8318047481643536},
{"mapping": [6, 12, 10, 13, 2, 3, 4, 0, 5, 8, 1, 15], "R": [[0.6473935757287033, -0.7597009785495572, -0.06112267415656149], [-0.6963352141354686, -0.6221810368715481, 0.3577820941751509], [-0.3098367758354631, -0.18906395888241284, -0.9318025497880946]], "T": [-0.06129049092210859, 0.022447755671143963, -0.15626755641996926], "aligned_model": [[0.2191917794990223, 0.30131517351267967, -0.41605911682444163, 0.029306320728742452, -0.40317221291185446, 0.5570506396222145, 0.2548080810360791, -0.00858913866382622, 0.5541636894032156, -0.6239434412089796, 0.18831031950046162, -0.05321155894728509], [-0.24860609386679292, -0.628770150551692, -0.4293333304419057, 0.4310440336093305, 0.5833064133630527, 0.12119726570667431, 0.5937250597719125, -0.5030235492966696, -0.12195418710841846, 0.0031758258586106237, 0.14258315967896348, -0.040112399259694134], [-0.6339327966823531, -0.10500756765600827, -0.5724932785537195, -0.8062520141860237, -0.250659358028274, -0.2595347984337667, 0.022098960534091994, 0.43944085443165015, 0.30347114445706286, 0.3713432718075024, 0.6660301575156277, -0.09203373732822963]], "inverted": false, "swapped": false, "error_lsq": 0.03547735329777408, "error_max": 0.19145396077837304, "target": "444.xyz", "model": "10.xyz", "model_rescale": 4.260839863003843, "target_rescale": 3.8318047481643536},
{"mapping": [6, 5, 10, 7, 8, 0, 1, 4, 3, 9, 2, 11], "R": [[-0.07749957683395503, -0.18395464903739558, -0.9798747382640737], [0.5707143166411257, -0.8140569698726222, 0.10768666854656644], [-0.8174833236044704, -0.5508828703992652, 0.1680746225021953]], "T": [0.012811576117187216, 0.009973842636494697, -0.06453872167776406], "aligned_model": [[0.3281572723031977, 0.3097929984338337, -0.4144421664017015, 0.02540306141594599, -0.5040132668029825, 0.6997506112493234, 0.37668478072294953, -0.2181572092232845, 0.6265739113748476, -0.7126406682208738, 0.03969808668306294, 0.04236312321170977], [-0.40920939690225705, -0.5968652379992576, -0.2887001770819761, 0.3456554013949546, 0.5040681886759096, 0.150035516439893, 0.6168778709103805, -0.5229349097222938, -0.05303000821334347, -0.12690673024168986, 0.22654450216243235, 0.05769702804061898], [-0.7188305818143439, -0.05191860837262993, -0.4132246283201382, -0.6273574979190221, 0.001614630551491733, -0.5922998030376428, 0.08554270480851117, 0.3812914482961489, 0.2864019884285465, 0.2366522660868461, 0.5856392471304235, -0.09104032796063083]], "inverted": false, "swapped": false, "error_lsq": 0.049044538111843845, "error_max": 0.27402221654986986, "target": "444.xyz", "model": "11.xyz", "model_rescale": 3.890672605050136, "target_rescale": 3.8318047481643536},
{"mapping": [11, 9, 6, 2, 0, 10, 4, 5, 12, 8, 7, 13], "R": [[-0.041622668394751317, -0.6684815200319636, -0.7425631359362355], [-0.9952755318174262, -0.037507423767373316, 0.08955338590960377], [-0.08771641375045097, 0.7427823709122949, -0.6637621412981232]], "T": [-0.0983349750752898, -0.016219755645648322, -0.16515518902894333], "aligned_model": [[0.16188013920582753, 0.17646000617476612, -0.49650992977962183, 0.28396511366339494, -0.4937558216004815, 0.7658625489319799, 0.17020704423056968, 0.05003418797515005, 0.531650758453986, -0.6508750136869861, 0.11076892456488077, -0.010517423387437053], [-0.14250662036852935, -0.7444417126761513, -0.36199570077830334, 0.3773571416600948, 0.42124109240103624, 0.13287494328340313, 0.6301918760047283, -0.4838983360968049, -0.0645941298566432, -0.060838980669524735, 0.13601244575189322, 0.06383002880817212], [-0.6332383931640435, -0.16611205884620944, -0.3974352896733584, -0.6173807983483032, -0.19621803350255945, -0.3397229830045848, -0.13207603910983645, 0.4383640887724892, 0.22969926797306106, 0.29517043086135397, 0.647288708289101, -0.04586806236954957]], "inverted": true, "swapped": false, "error_lsq": 0.036697945597760434, "error_max": 0.1892220554097141, "target": "444.xyz", "model": "12.xyz", "model_rescale": 4.124412569039231, "target_rescale": 3.8318047481643536},
{"mapping": [7, 5, 10, 9, 8, 3, 6, 4, 0, 2, 1, 12], "R": [[0.775620998075595, 0.588111789414197, -0.22920861784900082], [0.6297159589017807, -0.745854821870753, 0.21715983928101995], [-0.04324209116854792, -0.31277005586241585, -0.9488440407712916]], "T": [0.12587164996673986, -0.006852370217367749, -0.13209498847869783], "aligned_model": [[0.1474212595785377, 0.33982995093703516, -0.4684565454291588, 0.08621971562234844, -0.37239457299910717, 0.7681096638719951, 0.23179949057576538, -0.10413276729065132, 0.5542774917566121, -0.6228905550220172, 0.02310353451549238, 0.016283868629176426], [-0.30509385953077595, -0.7285930060294706, -0.3797847015886083, 0.3690645514864288, 0.507664503337538, 0.28392702451914853, 0.6454681629960733, -0.5431095940148236, -0.21664784222228192, -0.029560701213640576, 0.3594780553713006, -0.059580545647517205], [-0.6831533364725773, -0.2161079585229626, -0.3607981687647987, -0.6476097448920152, -0.08851427282284452, -0.2404049735106672, -0.02783555573460289, 0.39497465940159904, 0.19839205822748035, 0.29362206043132566, 0.5877001439328496, -0.1277940733952259]], "inverted": true, "swapped": false, "error_lsq": 0.03533622267625171, "error_max": 0.23110886226654276, "target": "444.xyz", "model": "13.xyz", "model_rescale": 3.9028299243045295, "target_rescale": 3.8318047481643536},
{"mapping": [10, 13, 14, 7, 6, 4, 3, 12, 5, 11, 2, 15], "R": [[0.3929458561797433, -0.919327195895313, 0.020762008535529175], [-0.8365451781471746, -0.36675512633623103, -0.40704157309150535], [0.3818189610664725, 0.1425769413101437, -0.9131736399922872]], "T": [0.09043118546833348, 0.0661431629400293, 0.06174351284779446], "aligned_model": [[0.2346386361755304, 0.1756773294400827, -0.3781440988750999, 0.008794986722042486, -0.32025319961886944, 0.6589230732227729, 0.283151978257571, -0.08498653440814219, 0.461023932258008, -0.5946201820257114, 0.12642055571177344, 0.028544057886070437], [-0.20682260214607912, -0.7124623570888048, -0.5117574603489787, 0.40087577703104077, 0.5869903308505113, 0.18462484354799902, 0.6514142597798304, -0.4924725294842317, -0.28671829413260813, -0.20893537945894836, 0.4009176148509471, 0.09757784406269375], [-0.6165237680234422, -0.07666852027725778, -0.41733761315029705, -0.7760616936025022, -0.005075838948022701, -0.2877451690868479, -0.03315582576304647, 0.43779858952086353, 0.07760673429276128, 0.09162842114812152, 0.7165569222500527, -0.028551400482821634]], "inverted": false, "swapped": false, "error_lsq": 0.04151790926999763, "error_max": 0.2186515414828964, "target": "444.xyz", "model": "14.xyz", "model_rescale": 3.942246331269136, "target_rescale": 3.8318047481643536},
{"mapping": [12, 13, 8, 1, 2, 3, 5, 11, 4, 6, 10, 14], "R": [[0.5775573210570826, -0.8110371973838391, 0.09298497380294074], [0.27203717552390017, 0.08381727423908145, -0.9586294590049429], [0.7696904027115998, 0.578958831868811, 0.26904154878895015]], "T": [-0.026079903348447064, 0.04139168445691775, -0.0014655509130084288], "aligned_model": [[0.32472651632497646, 0.3291820003626746, -0.6243660768550499, 0.2602792433128563, -0.42050498243713036, 0.6181241381289775, 0.1078977265020209, -0.11960150052917158, 0.4671761197463973, -0.4591273039225014, 0.1734403534313589, -0.058055699319380365], [-0.25014754167629216, -0.6646198294493377, -0.41014822531467265, 0.3660876207520347, 0.6304958015965952, 0.25390835472107454, 0.6415328729300843, -0.5750871464131997, -0.15359851566783161, -0.09831219660966144, 0.0946257054708994, 0.06849514712367843], [-0.6797103398382984, -0.1919033846243356, -0.19383574289212496, -0.6864563711854161, -0.2843667965703109, -0.2389223855264487, -0.15850091886169848, 0.3525381024669099, 0.24821683624830726, 0.3237146511433443, 0.6814387778068827, -0.08974159028925066]], "inverted": false, "swapped": false, "error_lsq": 0.04267242952387149, "error_max": 0.2420873351418258, "target": "444.xyz", "model": "15.xyz", "model_rescale": 4.355366556412066, "target_rescale": 3.8318047481643536},
{"mapping": [8, 10, 6, 2, 4, 1, 0, 7, 9, 3, 5, 11], "R": [[-0.7456727602616938, 0.38110949745901324, -0.5465598645621953], [0.4288369171804479, 0.9023047320151957, 0.044102936933448834], [0.5099716002552265, -0.20149868865460274, -0.8362578821174717]], "T": [0.10041301489776908, -0.023500298352304945, -0.05538732147818366], "aligned_model": [[0.2377620545384931, 0.1526581722680273, -0.558068370299023, 0.15203831999397768, -0.48110985803938133, 0.5945179831138788, 0.26583219436943106, 0.00211131360995212, 0.6755788876036268, -0.45164134071696427, 0.025197696909314032, -0.015706518605304046], [-0.26467337076016667, -0.6248060710959638, -0.2767784712554568, 0.4682064580218273, 0.462524160465356, 0.04915847509278189, 0.6620239146690381, -0.5610177193566308, -0.1183685689018826, -0.16879281209897745, 0.27547925878657675, 0.0002767938968689862], [-0.7695349996708769, -0.23687453806876818, -0.47770047007725946, -0.7308758079490894, -0.19660029828508235, -0.26793907148372953, 0.02589679142732426, 0.6530425744328626, 0.40301832350173333, 0.26887041973254816, 0.51092863474231, -0.0997607204244123]], "inverted": true, "swapped": false, "error_lsq": 0.046399592068088774, "error_max": 0.2571154734381405, "target": "444.xyz", "model": "16.xyz", "model_rescale": 3.795458400668931, "target_rescale": 3.8318047481643536},
{"mapping": [9, 8, 11, 10, 4, 5, 2, 3, 6, 7, 0, 12], "R": [[-0.6837566185923413, 0.414759828357725, -0.6003758583686043], [0.7276309419276719, 0.44959852966098496, -0.5180872267062082], [0.05504633394347952, -0.7910976216039025, -0.6092080549467744]], "T": [0.0015885120419974752, 0.02956545497571574, -0.005311211001149271], "aligned_model": [[0.4836818570868753, -0.02352422126881379, -0.4793565803432903, 0.09993420765573695, -0.48358486535707645, 0.7278011308097475, 0.08659798117471942, 0.052895434384239784, 0.5427923940233172, -0.5260677212071888, 0.13506038881952093, -0.017059471031759074], [-0.2885706370381119, -0.6351637028822186, -0.3124763173343287, 0.38958232382820146, 0.43623336938392576, 0.1620662323916169, 0.7251995130121489, -0.47565935152309646, -0.32952961529554614, -0.12920117200268091, 0.2143909805361726, 0.14636042438728825], [-0.6867224764321105, -0.12856407966502875, -0.5594227641459298, -0.6374659716001884, -0.12665283468538424, -0.24538490875143737, -0.10736262930831282, 0.6227790940409811, 0.18316939718708258, 0.3519656245439767, 0.541529872568013, -0.12539748587410135]], "inverted": false, "swapped": false, "error_lsq": 0.048381544163816105, "error_max": 0.26342315447028214, "target": "444.xyz", "model": "17.xyz", "model_rescale": 3.7474275329858107, "target_rescale": 3.8318047481643536},
{"mapping": [4, 6, 0, 8, 3, 5, 10, 2, 9, 1, 7, 13], "R": [[0.11928404629944439, 0.06457771561935355, -0.9907578084193018], [0.9802896363145757, -0.16594833423892805, 0.10720717931912005], [-0.15749141320297094, -0.9840177178327183, -0.08309985414319415]], "T": [0.05870284741632473, 0.10500137493723134, 0.03023786696001267], "aligned_model": [[0.3777327552381151, 0.2853684798919891, -0.4344673670143615, -0.0679763461141846, -0.4287772415418537, 0.6616269500894193, 0.2327572588851319, -0.18653000831191338, 0.5965460069005626, -0.5869713400052585, 0.1320104153172474, 0.01785097141113444], [-0.2944845027330083, -0.6234671780033413, -0.41763089113285884, 0.26572782857292426, 0.5341207880464721, 0.31290804874652284, 0.736777519872511, -0.5130268118236891, -0.2731573766350134, 0.0765849691642799, 0.09111397917014541, 0.007765674218426319], [-0.6238697491689115, -0.08358247345156265, -0.39729113187129755, -0.6589455921035761, -0.16676181190099815, -0.3110498094534409, -0.18656465839986414, 0.27870261425842585, 0.1545152191260813, 0.2768463996390379, 0.7798060244770973, 0.02066580672656908]], "inverted": true, "swapped": false, "error_lsq": 0.044218925279024816, "error_max": 0.24270409966152065, "target": "444.xyz", "model": "18.xyz", "model_rescale": 3.922800546911778, "target_rescale": 3.8318047481643536},
{"mapping": [10, 6, 4, 9, 7, 2, 3, 8, 1, 13, 5, 14], "R": [[0.09933223016590881, -0.11038534648341675, 0.988912626743133], [-0.13069807315052376, -0.986664977499589, -0.09700637015410853], [0.9864335363951326, -0.11961311574184334, -0.11243478473106588]], "T": [0.026688572726826905, 0.004990800814661862, 0.024393543595203543], "aligned_model": [[0.15023087223301648, 0.21529073784066124, -0.3096235358770791, 0.17108473368415955, -0.4265192543890779, 0.5535686115128192, 0.12739922295002834, -0.13396549809472974, 0.691967997779728, -0.6551355236925479, 0.2298876424489381, -0.015015471649888298], [-0.2922909736114896, -0.6517538169489743, -0.5391487546100876, 0.44727441350502994, 0.6144895873483033, 0.18585161176736426, 0.6345717378169059, -0.40082452133662144, -0.28117791331399966, -0.07624165492727841, 0.17932856078158144, 0.08315377099263721], [-0.71517490765868, -0.06985878935194954, -0.31424113998094116, -0.6436469795479096, -0.223245132127217, -0.42595715816753177, 0.07572045934222324, 0.45322316927110207, 0.17767034415900557, 0.04258520366849325, 0.7391314002248216, -0.013735631953856409]], "inverted": true, "swapped": false, "error_lsq": 0.04226679590147444, "error_max": 0.24192448258360297, "target": "444.xyz", "model": "19.xyz", "model_rescale": 3.9282355846067225, "target_rescale": 3.8318047481643536},
{"mapping": [1, 0, 10, 5, 7, 3, 6, 11, 4, 9, 8, 13], "R": [[0.7494899941755996, -0.02022183371244074, 0.6617067523245977], [-0.5342949840351315, -0.6086530999329399, 0.5865750369534334], [0.3908882431917834, -0.7931787196989902, -0.46698383264424936]], "T": [-0.04819886403446673, 0.10191291964377427, -0.06184986138663909], "aligned_model": [[0.21582494647814565, 0.34298331148422195, -0.5663897755483174, 0.22569910290278483, -0.4756272411082236, 0.6606087087677098, 0.2650711361717262, -0.054780701648188004, 0.4252518152356478, -0.4758680152846801, 0.06515575283384024, -0.02875850553863901], [-0.2265559126042219, -0.58476464341184, -0.5134044916340271, 0.45007023959282866, 0.5193926748446137, 0.033055660502394585, 0.6750992457247886, -0.5374172564424562, -0.12073450712783218, -0.047199797045660824, 0.26979451433532675, -0.014103679270543401], [-0.6814468675371292, -0.18693950184222483, -0.37022789496603514, -0.6017170084905579, -0.2382398068176766, -0.3051718121912902, -0.0490671925876244, 0.2615334663919139, 0.2926080664277372, 0.4609209488430478, 0.6713541212311904, -0.17113568058379025]], "inverted": true, "swapped": false, "error_lsq": 0.04355637146229802, "error_max": 0.2861002857548354, "target": "444.xyz", "model": "20.xyz", "model_rescale": 4.067790424073018, "target_rescale": 3.8318047481643536},
{"mapping": [9, 12, 11, 1, 5, 7, 8, 3, 0, 6, 2, 14], "R": [[-0.5685894240240458, -0.3025201606179774, 0.7649755677848002], [0.7324672535737291, -0.6094540968800183, 0.30340966734486274], [0.3744299525013495, 0.7328350811852793, 0.5681152651126377]], "T": [-0.0560293998477257, 0.0484250263248233, -0.08049294735065489], "aligned_model": [[0.3521713273691161, 0.18822130712718027, -0.42879365993399565, 0.15815888924425656, -0.300212068725216, 0.6175540906994264, 0.2215783424899509, -0.08782492534149276, 0.5478871831208606, -0.6384760949091597, 0.028606874321632614, -0.059700730716530905], [-0.20612920269462448, -0.6565130427311953, -0.470665574882623, 0.410350909503761, 0.5676045019109559, 0.25092165498638574, 0.5465164678740899, -0.6207265568454378, -0.018704118513681048, 0.03208085767009072, 0.06096919012521758, 0.007526961060431388], [-0.690922476663291, -0.2548998790807851, -0.1785949764814318, -0.7850766068119103, -0.21939441317395092, -0.32937917407242895, -0.07789410633874709, 0.4438830818022122, 0.2872521658048523, 0.3756272322713065, 0.6586966606581497, -0.14682667003641514]], "inverted": true, "swapped": false, "error_lsq": 0.04403424925335025, "error_max": 0.24831172867077406, "target": "444.xyz", "model": "21.xyz", "model_rescale": 4.186013935880536, "target_rescale": 3.8318047481643536},
{"mapping": [7, 1, 9, 4, 11, 6, 3, 2, 0, 8, 5, 12], "R": [[0.21356386291471569, 0.8906668709898703, 0.4013763836825213], [-0.5250205510571012, 0.4511193382899537, -0.7216957555566835], [-0.8238591490204152, -0.056602716736464165, 0.5639611999361387]], "T": [-0.002222706369966687, -0.03883222998835924, -0.13957285796328336], "aligned_model": [[0.35705498973726785, 0.2529749667515416, -0.4655433508800985, 0.09051774644780933, -0.43834784560677653, 0.4935511033321507, 0.3413230577378997, -0.11287704503564708, 0.5883941855919221, -0.6748557666196613, 0.1608437271964379, 0.0061347660931826056], [-0.2865888410177597, -0.7234834569921439, -0.3900985881763297, 0.4349573708137855, 0.4180296819169339, 0.19386935658745397, 0.7931792149282547, -0.3309558936789181, -0.310798628886229, -0.15145048374744324, 0.25035452535432823, 0.006217790361438227], [-0.7293693810557457, -0.17492934149779074, -0.3572806580403791, -0.6822871210441094, -0.1334055986228029, -0.2391276179486439, 0.06554154481696647, 0.5328247813183086, 0.17506090660462623, 0.2104986002891733, 0.5592254927024565, -0.1442807696444989]], "inverted": true, "swapped": false, "error_lsq": 0.03827960010493893, "error_max": 0.22239216795801647, "target": "444.xyz", "model": "22.xyz", "model_rescale": 4.166573947596378, "target_rescale": 3.8318047481643536},
{"mapping": [6, 2, 12, 5, 10, 1, 7, 3, 4, 9, 8, 15], "R": [[0.5783868652305464, 0.06317523441391043, 0.8133126851866563], [0.8035353482086157, -0.21609280184399182, -0.5546483977895111], [0.1407109743695929, 0.9743268397965645, -0.17574877224037444]], "T": [-0.07698223778172755, -0.04712817636472251, -0.06592325903791121], "aligned_model": [[0.17543576958500665, 0.3505498100504403, -0.4629436296032, 0.2425373114805565, -0.4306919858332009, 0.5690360468278538, 0.10307067064828165, 0.01429921337321216, 0.510741498992255, -0.5195725801049452, 0.06884941343696604, -0.02214100410719736], [-0.33474387899797803, -0.5571856319448198, -0.39234340876488744, 0.46936868750917865, 0.6123386748231717, -0.05274123812748867, 0.6447788784701799, -0.46927368939659647, -0.14238463435164106, -0.0971886751726058, 0.2563197305837521, -0.033712767166894204], [-0.7236998085763161, -0.16525592875277187, -0.46747226298555977, -0.633550098122355, -0.0964866263550998, -0.36713403300670966, -0.08126031500708178, 0.3522722867515776, 0.36461190771250274, 0.33663965731606293, 0.66942131154965, -0.10561525264633909]], "inverted": true, "swapped": false, "error_lsq": 0.04211107487606017, "error_max": 0.25356387618972626, "target": "444.xyz", "model": "23.xyz", "model_rescale": 4.274766983524099, "target_rescale": 3.8318047481643536},
{"mapping": [2, 3, 4, 9, 6, 10, 7, 8, 1, 5, 11], "R": [[0.2961588268676719, -0.7001955127248876, -0.649627734343521], [0.3435797399707816, 0.7127098645699138, -0.6115534410224059], [0.8912030697601835, -0.04208197838347122, 0.451648309578768]], "T": [-0.0680578664249863, 0.04916087569834364, 0.02083111290305773], "aligned_model": [[0.3490045128652026, 0.15561465849310957, -0.4784272890377986, -0.36192991976533323, -0.4412997701131489, -0.6503369114905333, -0.034554756132221046, 0.08383948819816538, 0.5755602898877217, 0.2130547770823396, -0.030630376029428724], [-0.18796963576093378, 0.8116326322423545, 0.3749390157598663, -0.3981907645071849, 0.6030203292385341, -0.14677947800976138, -0.6181521023507569, -0.04720568490921724, -0.22188599454371322, 0.6011449148777409, 0.145033299206555], [-0.5967248988727002, -0.2019988493184435, -0.4751985837149386, -0.4538379569911784, 0.15901626851573772, 0.4949705237378079, 0.18643348955932224, 0.6508006599917103, 0.17367502903224494, 0.4594020569313826, -0.016971304849367964]], "inverted": false, "swapped": true, "error_lsq": 0.047528656694412835, "error_max": 0.25419051016046407, "target": "444.xyz", "model": "24.xyz", "model_rescale": 3.7841303162186577, "target_rescale": 3.8318047481643536},
{"mapping": [2, 4, 1, 9, 10, 12, 14, 6, 3, 7, 11, 15], "R": [[0.2739129206341873, 0.24006117907638147, -0.9313121615280813], [0.2503099443766229, -0.952769880679819, -0.17197234142598458], [-0.9286100600660223, -0.18601124904107538, -0.32106568109089095]], "T": [-0.04225844127062764, 0.0019203170966854387, -0.1238388653950335], "aligned_model": [[0.30164868420325264, 0.21695907694672154, -0.4227132471991829, 0.10395915040010234, -0.45522706656239564, 0.6496181196990378, 0.25813852284541383, -0.024714509741907892, 0.5561863387697707, -0.5501916543361597, -0.007116565805392133, -0.027376314473232237], [-0.22196848619482856, -0.6951946164445122, -0.5834014586887035, 0.37135886401463936, 0.6565078585544496, 0.2460309142131356, 0.7296359642723331, -0.4895735778323447, -0.3204556761414755, 0.045199484130810125, 0.2060914486575709, -0.04099867107770323], [-0.7566063746242988, -0.18334844900511382, -0.3801374280919553, -0.5531130021227032, -0.04492644324170124, -0.3159033003755227, -0.22125838662232816, 0.40545539487711046, 0.308526086768367, 0.2798148536092838, 0.6154220944754438, -0.07145420776902138]], "inverted": true, "swapped": false, "error_lsq": 0.042235825727928895, "error_max": 0.21725922441231962, "target": "444.xyz", "model": "25.xyz", "model_rescale": 4.19342608120988, "target_rescale": 3.8318047481643536},
{"mapping": [8, 10, 6, 2, 4, 1, 0, 7, 9, 3, 5, 11], "R": [[-0.7456727602616938, 0.38110949745901324, -0.5465598645621953], [0.4288369171804479, 0.9023047320151957, 0.044102936933448834], [0.5099716002552265, -0.20149868865460274, -0.8362578821174717]], "T": [0.10041301489776908, -0.023500298352304945, -0.05538732147818366], "aligned_model": [[0.2377620545384931, 0.1526581722680273, -0.558068370299023, 0.15203831999397768, -0.48110985803938133, 0.5945179831138788, 0.26583219436943106, 0.00211131360995212, 0.6755788876036268, -0.45164134071696427, 0.025197696909314032, -0.015706518605304046], [-0.26467337076016667, -0.6248060710959638, -0.2767784712554568, 0.4682064580218273, 0.462524160465356, 0.04915847509278189, 0.6620239146690381, -0.5610177193566308, -0.1183685689018826, -0.16879281209897745, 0.27547925878657675, 0.0002767938968689862], [-0.7695349996708769, -0.23687453806876818, -0.47770047007725946, -0.7308758079490894, -0.19660029828508235, -0.26793907148372953, 0.02589679142732426, 0.6530425744328626, 0.40301832350173333, 0.26887041973254816, 0.51092863474231, -0.0997607204244123]], "inverted": true, "swapped": false, "error_lsq": 0.046399592068088774, "error_max": 0.2571154734381405, "target": "444.xyz", "model": "26.xyz", "model_rescale": 3.795458400668931, "target_rescale": 3.8318047481643536},
{"mapping": [5, 10, 7, 6, 0, 8, 1, 4, 11, 3, 9, 12], "R": [[0.13548405881529801, 0.4828951762274071, 0.8651336998309769], [0.7536966469715143, -0.6170088163246223, 0.22636582101011898], [0.6431060831237951, 0.6213794085371596, -0.4475513339217978]], "T": [0.11201450808085639, 0.09318140618867533, 0.047271550018324254], "aligned_model": [[0.21556568262307807, 0.054429860973484415, -0.4227508515746316, 0.20369571200948167, -0.6120874396836329, 0.7299301059002898, 0.2361989625208642, 0.04887534244703845, 0.6448383714476043, -0.5739820094689665, 0.05925111060672236, 0.015205686944695901], [-0.19652047481507284, -0.6034109487195486, -0.30478799416926305, 0.4201709566950707, 0.45410837451511865, 0.195694987339878, 0.659731626880661, -0.5755311098930873, -0.3067695686283397, -0.09621532314203872, 0.2209767880951778, 0.03578473330481545], [-0.6399041496932204, -0.0910379869274929, -0.41732985454336613, -0.7049646830771639, -0.14425203827113325, -0.32478085187847916, -0.07084804725718744, 0.5449664357015599, 0.3074878832935187, 0.24377655167528248, 0.45379172708923676, -0.07443414823399401]], "inverted": false, "swapped": false, "error_lsq": 0.04291070772294791, "error_max": 0.28773412760115147, "target": "444.xyz", "model": "27.xyz", "model_rescale": 3.6321398670334006, "target_rescale": 3.8318047481643536},
{"mapping": [0, 3, 1, 11, 13, 10, 9, 7, 8, 4, 12, 14], "R": [[0.28957479951711596, -0.9555992108863938, -0.05455807582680816], [-0.3458926261935994, -0.1576233096820152, 0.9249395566142592], [-0.8924711348999008, -0.24896795054422005, -0.3761784589424199]], "T": [0.052295877331535935, -0.014075081751722656, -0.11039157779141381], "aligned_model": [[0.38623563901530855, 0.08113826867142239, -0.5180676645325915, 0.10637448648739503, -0.4506528691274585, 0.7411396980125857, 0.19410710442696466, 0.04079560937811148, 0.4649742590872152, -0.6528866460571262, 0.20963938190793777, -0.0036267325237363396], [-0.25403189720400693, -0.6987448320087052, -0.2824717718871272, 0.3682890940695138, 0.591258009373118, 0.2598289700858986, 0.6332443342090922, -0.48883727847736214, -0.15580350223416717, -0.24284131364042513, 0.17097345034192946, 0.002368784835612512], [-0.579770589363544, -0.1546129471403026, -0.33381011547992356, -0.6236156784521559, -0.3273978890789461, -0.3452157547687295, -0.024140138324775073, 0.5022714490031702, 0.16644632397355116, 0.25954202735101495, 0.6798677424304673, -0.13709359227226683]], "inverted": true, "swapped": false, "error_lsq": 0.03672868819586932, "error_max": 0.1781412065814729, "target": "444.xyz", "model": "28.xyz", "model_rescale": 4.156811204709835, "target_rescale": 3.8318047481643536},
{"mapping": [3, 5, 6, 10, 1, 0, 4, 2, 9, 11], "R": [[0.2281152912365364, 0.00012125555972508639, 0.973634119780711], [-0.9140123581199455, 0.34458834456508736, 0.21410343760413852], [-0.33547700831515537, -0.9387538857906167, 0.07871669965726036]], "T": [0.02012142194124944, 0.014506207742421055, 0.049273147178317545], "aligned_model": [[-0.643719061169277, -0.1420569694581942, 0.03354329478622124, 0.7553059782965211, -0.10513388407292687, -0.5668841169372624, -0.23538868974738147, -0.4900494804790272, 0.11220545348954522, -0.07489715059763051], [-0.11994533312303929, -0.5997667516188884, 0.04587729629958379, 0.0854247148289364, -0.46242476759591505, -0.49435523707608586, 0.580005723569572, 0.24253371608965568, 0.6426619239382155, -0.0012909546858311041], [-0.42219728258018574, -0.3659642205464135, -0.6319027906735526, -0.1888946988667543, 0.566882993277876, 0.14744329916495383, -0.31883661893578696, 0.5963347900716433, 0.37902445799856055, -0.003103201935240718]], "inverted": false, "swapped": true, "error_lsq": 0.04536091619327382, "error_max": 0.23700274402610857, "target": "444.xyz", "model": "29.xyz", "model_rescale": 4.117894457231895, "target_rescale": 3.8318047481643536},
