[{"mapping": [5, 11, 4, 10, 8, 1, 3, 9, 7, 12, 0, 6, 2, 13], "R": [[0.2644905161890043, -0.8049984581006564, -0.5310576704103241], [0.2469065580379085, -0.475790234471503, 0.8441923977266235], [-0.9322456320326459, -0.3544025045581909, 0.07291739380240134]], "T": [0.15751909228764144, 0.05049928066999157, -0.0463067077724586], "aligned_model": [[0.24870676352215454, -0.26129565788628967, -0.5575421402148839, -0.3171945882803783, -0.5662470393277064, 0.7164325859045277, 0.3749382802239666, -0.08412617223986174, -0.5383549372497536, 0.34468050052053756, 0.605005800000538, -0.1258354079849915, 0.19038676298323906, 0.007356327038395893], [-0.6950395249646137, -0.2663265705696841, 0.2245574064145596, 0.32841695384388003, -0.23769977403436213, 0.016994936933656835, -0.08835590357065407, 0.7231406251192538, 0.34517466036842737, 0.329174123332696, 0.6660930268553786, -0.3231164677686935, 0.44629078477545614, 0.096701379670062], [-0.1371800171066647, -0.5059559499846953, 0.5634435929616519, -0.8906038196121246, 0.0143812087906625, -0.1860825248036467, 0.4082793020478368, -0.2072550213179835, -0.06420190518519424, -0.5179323509565437, 0.08102129644633371, 0.557570584300609, 0.6121210004162867, -0.08939234616957302]], "inverted": false, "swapped": false, "error_lsq": 0.061325847967236814, "error_max": 0.40901744529695877, "target": "445.xyz", "model": "0.xyz", "model_rescale": 3.8414455957264533, "target_rescale": 4.207517433317891},
{"mapping": [7, 9, 11, 8, 13, 2, 4, 10, 12, 5, 3, 0, 1, 14], "R": [[0.12053607913077916, 0.9869510168628243, 0.10676490032410202], [-0.3060121297967905, -0.06537075362885372, 0.9497806278226715], [0.9443662584214934, -0.14715418744783512, 0.2941394483430548]], "T": [0.03979227457401463, 0.06647200022181854, -0.10669523645562519], "aligned_model": [[0.188625207139036, -0.12422248084792153, -0.5731778605298563, -0.553432189592812, -0.6326535980212225, 0.6948063498325392, 0.477847694384706, -0.008281739864321881, -0.5633565206263567, 0.5139730401799059, 0.5239964556192798, -0.020765426178086313, 0.07481297985256158, 0.038739165662043364], [-0.5557028645737606, -0.4586564611977222, 0.31911745867142705, 0.18090964762580086, -0.27719568428291863, -0.12605821482578594, -0.060939475072494004, 0.7017736033168153, 0.5339116386335024, 0.47738366192881215, 0.5238414662337607, -0.33134700965682357, 0.49934559606950146, 0.1396222935352484], [-0.04584954691379915, -0.510240697345064, 0.42875157502568595, -0.6159016361318214, -0.0391965572380876, -0.3868619816724216, 0.18943142560977627, -0.35661935024038954, -0.1055731148189285, -0.30825662359389033, 0.305295497248776, 0.49628914954948744, 0.6415640043081837, -0.05461909396055202]], "inverted": true, "swapped": false, "error_lsq": 0.04615288315555869, "error_max": 0.3165134271422097, "target": "445.xyz", "model": "1.xyz", "model_rescale": 4.316132596720782, "target_rescale": 4.207517433317891},
{"mapping": [12, 2, 11, 9, 6, 10, 5, 7, 4, 8, 1, 13], "R": [[0.9109797415628758, 0.3941051935591906, 0.1216429483024351], [-0.14024587240521397, 0.018628916997191, 0.9899414420685761], [0.38787498725148084, -0.9188765204646294, 0.07224219268183177]], "T": [0.0683835522689065, 0.01292400724574019, -0.17472785024438414], "aligned_model": [[-0.24311915511007384, 0.5213641948452202, 0.17596616426630787, -0.5193504335277087, -0.5099848348211649, -0.6381533864506046, -0.36596499788878845, -0.14618756975459343, 0.7094109094746912, 0.3565080749824432, 0.3268880994984791, -0.06956851088242702], [-0.5791925533117022, -0.44715655845295893, -0.5264430416020797, 0.43005201936052057, -0.24867125931861975, -0.13325102432903616, 0.40861072723069075, 0.5228267097735924, -0.07724037299347017, -0.030755905054821623, 0.5923278251342767, 0.1016698613045885], [0.1357079675389396, 0.1662080256250077, -0.43936396394306737, 0.0056983255870598215, -0.4821126108562054, 0.2740627496195942, -0.572658344843087, 0.5083516772494443, -0.3635087639637371, 0.5000954679307501, -0.22172034551808692, -0.06150172321719097]], "inverted": true, "swapped": true, "error_lsq": 0.04901359513832285, "error_max": 0.237653221683867, "target": "445.xyz", "model": "2.xyz", "model_rescale": 3.795458400668931, "target_rescale": 4.207517433317891},
{"mapping": [5, 6, 10, 2, 1, 8, 12, 0, 11, 4, 7, 13], "R": [[0.5047677407766968, 0.8619798208907133, 0.04690752869639919], [0.5757353912267378, -0.37663814383303723, 0.7257220321162916], [0.6432249118000521, -0.33931474619771296, -0.6863870743629988]], "T": [0.11297137521804368, 0.018568665894646324, 0.006499370689674731], "aligned_model": [[-0.004147153976926096, -0.16834742730058022, -0.7208322944363225, 0.27941857247765156, 0.3441849545623044, -0.05474151084456466, -0.31700310179194746, 0.6669721444566783, 0.3609748079563613, 0.7418307368109339, -0.469025742904714, -0.06598015926530926], [-0.18100997335441915, -0.6061010999727727, -0.12261336695897025, 0.1507472948373532, 0.4747858940663558, 0.5444275286918961, -0.3064588274100502, -0.3199370370398524, -0.43619316835500294, 0.1419632016298935, 0.6652693970386574, 0.08088920211662136], [-0.6643411012578719, -0.16105623408398625, 0.08904428105686663, 0.7050170880831294, -0.3718494117589614, 0.4919424985084959, 0.5099727390714206, -0.2814302153433818, 0.3293136763213145, 0.21624591636452706, -0.1187870697874559, -0.05530073653499649]], "inverted": true, "swapped": true, "error_lsq": 0.04223028456661665, "error_max": 0.21813157492542892, "target": "445.xyz", "model": "3.xyz", "model_rescale": 3.7530521520055578, "target_rescale": 4.207517433317891},
{"mapping": [10, 11, 6, 0, 9, 4, 7, 8, 3, 1, 13], "R": [[0.6284453005903397, -0.656553017122737, -0.41712664728227195], [-0.740218595064629, -0.6695631599820255, -0.06133193552653739], [-0.23902496875110052, 0.34730866747306455, -0.9067765732591572]], "T": [-0.024976398787005576, 0.016544078897749018, -0.11530609369155412], "aligned_model": [[-0.2808058178779204, -0.11394277237744735, 0.2439707464208158, 0.49033686254564596, 0.19632157550074386, -0.08563591925224295, -0.2648278382328472, -0.6744501581697172, -0.3799609203997733, 0.24283056062097746, -0.03563671633302967], [-0.7924000804877414, 0.22046220193905075, -0.4228850390130954, 0.41135846631391654, -0.6104329762497273, 0.6866101132161159, -0.4230981191418161, 0.07190824419522557, 0.2204920167200144, 0.2584700238416584, -0.15328149301925553], [-0.16151478855520476, -0.6836594062762621, -0.596966709838542, -0.4033690242002329, 0.2162170583975582, -0.16020435384328102, 0.6070685999623145, 0.2244420941690848, 0.6537186375669269, 0.40861465354973914, -0.011515983686784137]], "inverted": false, "swapped": true, "error_lsq": 0.044578606853231534, "error_max": 0.2179558972181906, "target": "445.xyz", "model": "4.xyz", "model_rescale": 3.7855080009869324, "target_rescale": 4.207517433317891},
{"mapping": [15, 10, 2, 5, 9, 8, 13, 4, 0, 6, 11, 14, 12, 16], "R": [[-0.10572721981376529, 0.3951070074245568, 0.9125306612243029], [-0.9126505035674799, -0.4029232185132204, 0.068716361377575], [0.39483010691749126, -0.8255563776429564, 0.40319456098087864]], "T": [-0.009705449137045744, 0.14220733511554878, -0.05408410875191123], "aligned_model": [[0.20954534552888915, -0.14939404790748195, -0.6121639072068893, -0.5240495605456484, -0.4609899314750618, 0.4891455504877167, 0.6425099383850713, -0.016706190498356994, -0.5682446218940574, 0.5024571047900845, 0.5168422161893667, -0.1211287340091056, 0.16142861516122325, -0.03234069999625608], [-0.6476205185782904, -0.3511420777816388, 0.1371718739500722, 0.295135828363796, -0.39904688136752536, -0.2680979237960904, 0.016483736660009046, 0.7916433450308225, 0.6765850979420995, 0.4720785215568143, 0.6245254993792526, -0.2131673182731258, 0.31987692398226353, 0.11157954933690409], [0.03205042122065764, -0.5718270239538841, 0.3734718969475171, -0.6600265611608999, 0.047405833553940166, -0.333560670642973, 0.23518445840698937, -0.4078985269305217, -0.15871814916380228, -0.28850165668216743, 0.2959915585843594, 0.5107088673464717, 0.5801176826669097, -0.0161850803656422]], "inverted": false, "swapped": false, "error_lsq": 0.03612075325459657, "error_max": 0.20985986500704007, "target": "445.xyz", "model": "5.xyz", "model_rescale": 4.2253639853439635, "target_rescale": 4.207517433317891},
{"mapping": [2, 4, 8, 1, 10, 3, 6, 0, 9, 7, 12, 5, 11, 13], "R": [[0.48479097403435456, -0.6554950734731253, 0.5790543326383839], [0.8393599516259143, 0.5347906335302233, -0.09733370379722257], [-0.24587107007813014, 0.5332215177023568, 0.809457985294994]], "T": [-0.05580167699964911, 0.11390622513645159, -0.02540266935315017], "aligned_model": [[0.09762225712766129, -0.09438200305491495, -0.6644796172051773, -0.6311787856733312, -0.5751044558436084, 0.5212664294818391, 0.5229033181611346, 0.06966412453219295, -0.3634602400967857, 0.6409259379815793, 0.4442345385183316, -0.10289666534003686, 0.17916434274710757, -0.007368104326497413], [-0.5392513724438127, -0.2701670715357544, 0.2361839369547306, 0.10485078935380275, -0.4608792981364062, -0.08807171851786351, -0.04860331903518568, 0.619127464393814, 0.6393341619253678, 0.44848247406120895, 0.8258538024502005, -0.28605718483809217, 0.2939570279079429, 0.09124596386541024], [-0.0296289203287635, -0.618623179308208, 0.3751272320254265, -0.4809956498251576, 0.06656852456118492, -0.38485612038316347, 0.20352776713835993, -0.6353801126867761, -0.06862441480761974, -0.2043456217288162, 0.31288447908227396, 0.46301579795274383, 0.6942684130163562, -0.05472514488088572]], "inverted": false, "swapped": false, "error_lsq": 0.04469414046709939, "error_max": 0.2808007433135657, "target": "445.xyz", "model": "6.xyz", "model_rescale": 3.89814844738969, "target_rescale": 4.207517433317891},
{"mapping": [8, 2, 12, 3, 10, 11, 4, 7, 1, 0, 6, 5, 13], "R": [[0.4879967323397276, 0.8346381631973082, 0.25541794330150663], [0.4346832661902299, -0.4861458318358485, 0.758098072997699], [0.7569079516823309, -0.2589234765780316, -0.6000408202420928]], "T": [-0.1225899186248296, 0.13483900424714876, 0.020854047645586123], "aligned_model": [[0.031689022171389, -0.20439356694778832, 0.420025391699547, -0.2348410239736115, 0.7260521655803499, -0.2492794017134442, -0.7258714146744857, 0.3300616514143742, -0.47270662821714826, -0.6544653319236462, 0.2231619829642651, -0.0747720129041222, 0.03397096742854383], [-0.37308399224341526, 0.085089490945674, 0.4221264781826526, -0.7102958727238675, 0.14314748289531085, 0.6472697150753717, 0.1325529047843821, -0.6061979530209771, -0.3046055504103524, 0.5368438618312505, 0.6903652837031129, 0.2610698530750738, 0.03949956337626952], [-0.48759695701782285, -0.7029801944185998, -0.387852310605602, -0.158462817955341, 0.06223242673100278, -0.2855568626290877, -0.28036038064131125, 0.1572723654649486, 0.3192639214439343, 0.26561321285977, 0.2840529099375321, 0.7175279617724002, 0.09912175589447214]], "inverted": false, "swapped": true, "error_lsq": 0.044813355901410765, "error_max": 0.243964082692739, "target": "445.xyz", "model": "7.xyz", "model_rescale": 3.7474275329858107, "target_rescale": 4.207517433317891},
{"mapping": [13, 11, 8, 9, 4, 12, 1, 7, 5, 10, 0, 2, 3, 14], "R": [[0.3484209130629709, -0.767019098781997, 0.5387806320238497], [0.9051252280134862, 0.42470714199867327, 0.019291582331510404], [-0.24362099448508193, 0.48094235167946287, 0.8422251868752962]], "T": [0.06759545791675946, 0.12648220327211043, -0.04172739717877472], "aligned_model": [[0.04922255595075441, 0.0031788381843810137, -0.5555943570843878, -0.5414702008269862, -0.38697594559322895, 0.4665743957935383, 0.561848527297747, -0.09285931712754748, -0.41603521688186723, 0.5315751779291407, 0.5205619214066876, -0.06751802692648064, -0.10161442871932337, 0.06601715360706675], [-0.7514682651685185, 0.049834303792014506, 0.07339010127580417, 0.22185911229124522, -0.45559304535309775, -0.2310270974343158, -0.08854378905590146, 0.6094190693886208, 0.6544041661755279, 0.5113212878512096, 0.5021656954652124, -0.1887756875480909, 0.5844046477642215, 0.0746151569614317], [-0.23402206723178542, -0.6552871368923663, 0.2303497959870145, -0.4892569589435831, 0.21668910750772358, -0.34774296187847287, 0.4819896505489837, -0.4943904953379485, -0.02120337467061681, -0.5020371386418634, 0.25474609956922223, 0.7270029224645705, 0.4834483696646562, -0.012072762318579462]], "inverted": true, "swapped": false, "error_lsq": 0.05311038239633719, "error_max": 0.27278068720310444, "target": "445.xyz", "model": "8.xyz", "model_rescale": 4.019505241142653, "target_rescale": 4.207517433317891},
{"mapping": [1, 4, 5, 9, 7, 10, 6, 3, 8, 2, 11, 12, 13], "R": [[-0.5832498937359816, -0.7914089672131319, -0.18300657931235767], [-0.31706779909579974, 0.4292347939365219, -0.8457100581468906], [0.747855315039956, -0.4352348082230046, -0.5012814473702099]], "T": [-0.10526876382333313, 0.02938109422063777, -0.051218581165084154], "aligned_model": [[-0.4180385607497928, -0.7418614367277114, 0.03140908901686727, 0.4438140236454347, 0.35543255491066755, 0.7418123949454021, 0.27522383429107494, -0.24569846366109227, -0.020502281979664194, -0.27852406490531034, -0.2659113085377345, 0.38331765917711613, 0.05922733231591877], [-0.45564639561476566, 0.06668221203630026, 0.04573546088205875, -0.2715288661181023, -0.7181626416163244, 0.041710671732867785, 0.5412028771662053, -0.7786644439630483, -0.39084477134206047, 0.0923834602880401, 0.5817909951096331, 0.38377973943865357, -0.07506006988539898], [-0.31892190196775244, 0.16796699534265253, -0.7473701603216677, -0.4511459617616487, -0.01157225396452416, 0.014173162462694525, -0.35236856209319856, 0.2426346421262271, 0.5458869803132147, 0.6552629567778524, 0.15264504650798602, 0.37268148073733165, -0.09316893011528835]], "inverted": true, "swapped": true, "error_lsq": 0.0493577155047953, "error_max": 0.2797970764541866, "target": "445.xyz", "model": "9.xyz", "model_rescale": 3.877068213659057, "target_rescale": 4.207517433317891},
{"mapping": [1, 4, 12, 3, 5, 7, 8, 13, 6, 2, 9, 0, 11, 15], "R": [[-0.9561593590549501, 0.2895649325773249, -0.043719902940377864], [0.12420322391710609, 0.5361850110221716, 0.8349126859281459], [0.2652033922487116, 0.792879425749365, -0.5486432146332743]], "T": [-0.008183045932534608, 0.25977368973274223, -0.04665209320533123], "aligned_model": [[0.07162409058068601, 0.046302202196222886, -0.6030448599836387, -0.5080493741433989, -0.4610111560570259, 0.5520936832292995, 0.6022337789168076, -0.075364590805678, -0.5049715483030268, 0.5147039708540553, 0.5373988226082611, -0.131095720544521, 0.022305201991930965, -0.026213423530479875], [-0.6038771073968765, -0.09274873801854405, 0.1547150504451548, 0.10885908355489704, -0.3772809954476148, -0.2705038462098464, -0.009481547118902423, 0.7725132985200165, 0.6250758615452627, 0.4075543870136136, 0.5821664325489777, -0.24312565787499957, 0.3067817989220748, 0.2053576359221499], [-0.02126052408546661, -0.6218476907316489, 0.3930038179438311, -0.4073732851131525, -0.03647992463774638, -0.31345218887844295, 0.3409248064893099, -0.6213026214160011, -0.054403370931424944, -0.4275791087039761, 0.13787066419497307, 0.5581212165804311, 0.6892256008937928, 0.022765658222476157]], "inverted": false, "swapped": false, "error_lsq": 0.03784976395221102, "error_max": 0.30201413666402743, "target": "445.xyz", "model": "10.xyz", "model_rescale": 4.260839863003843, "target_rescale": 4.207517433317891},
{"mapping": [10, 6, 11, 12, 2, 8, 7, 9, 0, 4, 1, 13], "R": [[-0.7781004103951292, 0.05357817631842368, 0.6258507253054224], [0.5436942250314203, -0.44152939978428285, 0.7137565262704182], [0.3145732681116033, 0.8956456710934981, 0.31442406212162344]], "T": [0.03014532050323067, -0.007390606215477371, 0.07757473837347237], "aligned_model": [[0.21834273867895254, 0.2869936875592003, -0.34828351064125396, -0.3063373298543438, -0.6868699006219995, -0.3843180432271672, 0.3245372347545705, 0.6387871499946727, 0.13216198483982092, -0.36995649800961794, 0.30919733972217095, 0.14464379589912502], [-0.0868064198520762, -0.6115486746853855, -0.4758452073136029, -0.295453256438038, 0.11905780458261324, 0.5339120020139718, 0.6786582727265859, 0.13279924744132082, -0.38801502795978543, 0.07199116524315537, 0.4271566333304662, 0.06717196644370893], [-0.7471976232474319, -0.1802030930508521, 0.17689749975850233, -0.5121757940626652, 0.022776626921624896, -0.19723754761401016, -0.3864398194354318, -0.32477156743951696, 0.6684419480905048, 0.6145114112853423, 0.4491125519363184, -0.0675365157468795]], "inverted": true, "swapped": true, "error_lsq": 0.05411931020567787, "error_max": 0.2762461858712329, "target": "445.xyz", "model": "11.xyz", "model_rescale": 3.890672605050136, "target_rescale": 4.207517433317891},
{"mapping": [7, 4, 9, 2, 12, 3, 8, 1, 11, 0, 6, 5, 6, 13], "R": [[-0.2897296846676673, 0.8554317341872696, 0.4292939062783617], [0.27697556443699717, -0.35440309369137746, 0.8931310004063167], [0.9161556890218939, 0.3776704851154529, -0.13425259083338975]], "T": [-0.0522563843496004, 0.17438564111445973, -0.010668458318119509], "aligned_model": [[0.11426841491213269, -0.08524226942481097, -0.5086615647598717, -0.4421099033570525, -0.4715810047922977, 0.622510678386614, 0.5930524467684062, 0.23418317157559382, -0.494025914955992, 0.4123973618869337, 0.10835058362766203, -0.09360036486515955, 0.10835058362766203, -0.06098114162032576], [-0.6601787912661489, -0.0902098070799329, 0.1877379422689926, 0.3333451121752673, -0.4402298713743338, -0.29227049251789683, 0.019183247886149946, 0.8057083033250759, 0.49557582946533607, 0.29506746795283156, 0.6162737700814617, -0.33659120324955094, 0.6162737700814617, 0.016320378656649953], [0.04163708357252108, -0.6587102964780913, 0.6196778301376371, -0.5836521002698445, 0.028660681563123104, -0.43491440112921714, 0.26983069579014174, -0.3637723628149634, -0.07729209248940419, -0.35451047513183526, 0.32249610650945976, 0.5742807032625998, 0.32249610650945976, -0.06801442920463165]], "inverted": true, "swapped": false, "error_lsq": 0.053344439402027044, "error_max": 0.37081242943765963, "target": "445.xyz", "model": "12.xyz", "model_rescale": 4.124412569039231, "target_rescale": 4.207517433317891},
{"mapping": [11, 6, 10, 0, 12, 2, 5, 4, 9, 1, 8, 7, 13], "R": [[0.38003322158832514, -0.9106070698767191, -0.16238692921456135], [-0.8049395058952739, -0.41206815604287084, 0.42693351546171765], [-0.45568316003367015, -0.03153726471912577, -0.8895831937462423]], "T": [0.03584159553103043, 0.035279045619127175, -0.04116575636452159], "aligned_model": [[-0.10037952757381478, -0.1838758499408238, 0.5289284773523416, -0.6386650619979558, 0.4846010172555603, 0.4589683800850126, -0.4284355022957082, -0.14768715702881108, 0.1339844588796904, -0.15208766083151715, 0.6927944076049141, 0.5892370158675831, 0.1299153101332864], [-0.3659399281501856, 0.355294530690041, 0.5979118669573585, -0.1828473449652612, 0.015753877636445285, -0.5566155451776176, 0.5719187386817755, -0.5715422401269777, 0.7689099877018538, 0.11843507413374771, -0.16524439992623113, 0.5519170871886954, 0.2095336718648338], [0.3981407939714442, 0.5476821010660599, 0.36167940431885154, 0.002055262006717379, 0.5438471530505823, 0.019886504165916682, -0.04748542339026608, -0.27088089666689685, -0.10546381752425484, -0.6432532493910111, -0.3029166619507693, -0.48779515092618075, -0.06379793776235394]], "inverted": true, "swapped": true, "error_lsq": 0.050251509119198616, "error_max": 0.383590638188836, "target": "445.xyz", "model": "13.xyz", "model_rescale": 3.9028299243045295, "target_rescale": 4.207517433317891},
{"mapping": [2, 12, 4, 13, 8, 1, 6, 14, 10, 11, 9, 3, 7, 15], "R": [[0.6649289430643175, -0.6737310525316622, 0.3224220363590995], [0.18746249993455188, -0.2673218211524791, -0.9451967282285791], [0.7229988324981294, 0.6889307024587457, -0.05145070860582407]], "T": [-0.06572896810639069, -0.013666036861220851, 0.0033539012316778673], "aligned_model": [[0.1392160379623803, -0.10470851252247595, -0.5657462079255008, -0.5031685559159044, -0.4874210746790046, 0.5243969770415509, 0.5189407348360925, 0.03011885406745747, -0.4065565066044206, 0.42509553373731895, 0.42832942611669095, 0.008042148725250622, 0.03967650195885121, -0.009304279788792225], [-0.7206770851031926, -0.11616087755434731, 0.09063201891315471, 0.33866717166810506, -0.5974650940047527, -0.1905959358581384, -0.0004082118184919742, 0.7447201048465809, 0.6402046508870023, 0.25457741269522366, 0.571172337710322, -0.1771288894061871, 0.652869301114831, 0.07559875231525344], [0.020167339519076028, -0.6838256180420642, 0.4488513191008192, -0.5598150511970825, -0.27568299183140477, -0.20315502217599293, 0.3233442616888671, -0.44241992912743733, 0.11125345986846735, -0.47934004786843215, 0.12466274340687966, 0.6004528573498628, 0.607711647890597, 0.046008081244800186]], "inverted": true, "swapped": false, "error_lsq": 0.04602626095886558, "error_max": 0.3487117665069192, "target": "445.xyz", "model": "14.xyz", "model_rescale": 3.942246331269136, "target_rescale": 4.207517433317891},
{"mapping": [8, 12, 2, 1, 0, 11, 6, 3, 5, 4, 10, 7, 9, 14], "R": [[0.47484438954108277, 0.2768713198259185, 0.8353831923011201], [0.8717574352564117, -0.278130181645697, -0.4033392816635825], [0.12067219976663884, 0.9197749041562209, -0.3734331879840019]], "T": [0.0964518158583357, 0.14246594868489, -0.08798212984982787], "aligned_model": [[0.1686619238231239, -0.17886335842865012, -0.5481140834476698, -0.5917276014758107, -0.46047528522366943, 0.7499811022212567, 0.3759406197321019, -0.13751642308725634, -0.3934991773872524, 0.47311482810274263, 0.5998888567033301, -0.14301209805658455, 0.11398195675323156, 0.008549816780600683], [-0.6196557359008474, -0.062273555347104576, 0.1098809180128304, 0.2604930026827713, -0.32250626458052123, -0.15028784774973353, -0.11036185820923866, 0.6202604176169084, 0.5324582980394901, 0.46672493447427665, 0.5865593445747102, -0.26782634271256994, 0.42134990823348684, 0.10119043727090472], [0.025142423098250433, -0.8298443464768831, 0.3195972315847613, -0.4992243210982872, 0.03181155879743133, -0.12411675584258228, 0.3252411728676464, -0.5712204138498803, 0.015136975323052082, -0.3988600194856343, 0.15353954138371745, 0.622860171706156, 0.6670534569929799, -0.09890362517377291]], "inverted": false, "swapped": false, "error_lsq": 0.04255822761257511, "error_max": 0.2503540389311327, "target": "445.xyz", "model": "15.xyz", "model_rescale": 4.355366556412066, "target_rescale": 4.207517433317891},
{"mapping": [12, 2, 11, 9, 6, 10, 5, 7, 4, 8, 1, 13], "R": [[0.9109797415628758, 0.3941051935591906, 0.1216429483024351], [-0.14024587240521397, 0.018628916997191, 0.9899414420685761], [0.38787498725148084, -0.9188765204646294, 0.07224219268183177]], "T": [0.0683835522689065, 0.01292400724574019, -0.17472785024438414], "aligned_model": [[-0.24311915511007384, 0.5213641948452202, 0.17596616426630787, -0.5193504335277087, -0.5099848348211649, -0.6381533864506046, -0.36596499788878845, -0.14618756975459343, 0.7094109094746912, 0.3565080749824432, 0.3268880994984791, -0.06956851088242702], [-0.5791925533117022, -0.44715655845295893, -0.5264430416020797, 0.43005201936052057, -0.24867125931861975, -0.13325102432903616, 0.40861072723069075, 0.5228267097735924, -0.07724037299347017, -0.030755905054821623, 0.5923278251342767, 0.1016698613045885], [0.1357079675389396, 0.1662080256250077, -0.43936396394306737, 0.0056983255870598215, -0.4821126108562054, 0.2740627496195942, -0.572658344843087, 0.5083516772494443, -0.3635087639637371, 0.5000954679307501, -0.22172034551808692, -0.06150172321719097]], "inverted": true, "swapped": true, "error_lsq": 0.04901359513832285, "error_max": 0.237653221683867, "target": "445.xyz", "model": "16.xyz", "model_rescale": 3.795458400668931, "target_rescale": 4.207517433317891},
{"mapping": [8, 2, 12, 3, 10, 11, 4, 7, 1, 0, 6, 5, 13], "R": [[0.4879967323397276, 0.8346381631973082, 0.25541794330150663], [0.4346832661902299, -0.4861458318358485, 0.758098072997699], [0.7569079516823309, -0.2589234765780316, -0.6000408202420928]], "T": [-0.1225899186248296, 0.13483900424714876, 0.020854047645586123], "aligned_model": [[0.031689022171389, -0.20439356694778832, 0.420025391699547, -0.2348410239736115, 0.7260521655803499, -0.2492794017134442, -0.7258714146744857, 0.3300616514143742, -0.47270662821714826, -0.6544653319236462, 0.2231619829642651, -0.0747720129041222, 0.03397096742854383], [-0.37308399224341526, 0.085089490945674, 0.4221264781826526, -0.7102958727238675, 0.14314748289531085, 0.6472697150753717, 0.1325529047843821, -0.6061979530209771, -0.3046055504103524, 0.5368438618312505, 0.6903652837031129, 0.2610698530750738, 0.03949956337626952], [-0.48759695701782285, -0.7029801944185998, -0.387852310605602, -0.158462817955341, 0.06223242673100278, -0.2855568626290877, -0.28036038064131125, 0.1572723654649486, 0.3192639214439343, 0.26561321285977, 0.2840529099375321, 0.7175279617724002, 0.09912175589447214]], "inverted": false, "swapped": true, "error_lsq": 0.044813355901410765, "error_max": 0.243964082692739, "target": "445.xyz", "model": "17.xyz", "model_rescale": 3.7474275329858107, "target_rescale": 4.207517433317891},
{"mapping": [1, 7, 10, 12, 11, 2, 0, 9, 5, 6, 4, 3, 8, 13], "R": [[0.8858164270451571, -0.35055780251056623, -0.3040369791257551], [0.016006683163785784, -0.6317280872001181, 0.7750247802080745], [-0.46375968310219273, -0.6913963052703151, -0.5539838493923004]], "T": [-0.03257371860485747, 0.06454237770870709, -0.03083412047494259], "aligned_model": [[0.18403513572324082, -0.22126228930693387, -0.6142031850525234, -0.5710731746478993, -0.5498575820174045, 0.5568115938490045, 0.7227641848633473, 0.0701361884413409, -0.37136497356910003, 0.5577935648290194, 0.3528636110927206, -0.18341342827724127, 0.03142680961345956, 0.07225462146846341], [-0.5873633568657641, -0.28927937674025034, 0.19658392362975213, 0.3293498381601517, -0.4394280790455629, -0.1452847452472052, 0.010246329047397043, 0.506507156993034, 0.6979320136089853, 0.4588674214694992, 0.7660975044762508, -0.3068288464979011, 0.3119124719231351, 0.05669340149384185], [0.05051656646293397, -0.6685065061098909, 0.31660157771112546, -0.4770765075742683, -0.04378962810436633, -0.3661403323848779, 0.3236499856072548, -0.5226084332677039, 0.054359725336595846, -0.3324514972526832, 0.18935736665020012, 0.5168153816032299, 0.6411527991111615, -0.043667447961756076]], "inverted": false, "swapped": false, "error_lsq": 0.037337034604461986, "error_max": 0.2657253355964852, "target": "445.xyz", "model": "18.xyz", "model_rescale": 3.922800546911778, "target_rescale": 4.207517433317891},
{"mapping": [12, 7, 0, 9, 3, 13, 8, 10, 2, 4, 6, 5, 1, 14], "R": [[0.2750953618216836, 0.8016944518448296, -0.5306680203153529], [-0.4603551817886037, 0.594414161985585, 0.6593518868035161], [0.8440353360520985, 0.06291112709364965, 0.5325847740812988]], "T": [0.07641098733994076, 0.1085564264330029, -0.008547145209240364], "aligned_model": [[0.051867010908691974, -0.18891302920681127, -0.6053722678635596, -0.5082607797686027, -0.4587594953908316, 0.5432000611629817, 0.5860816917824704, 0.06065808814330799, -0.47846383812007054, 0.6158186441866796, 0.45302912667005757, -0.009789379606137155, -0.05545302964725443, 0.031268273758572274], [-0.6774008207026337, -0.3478476106128919, -0.027904307894236702, 0.3259452529617779, -0.23938185428425668, -0.2230580114700249, 0.004219936787519155, 0.7940911209785365, 0.5565958065894827, 0.4508669209126551, 0.6546870571295812, -0.3128560117561576, 0.5453267458189938, 0.06272143194701843], [0.008270805392051734, -0.6081382894653609, 0.4551259040268216, -0.5316572758333747, -0.049544106198256416, -0.38795928517562583, 0.3135403025175104, -0.4332760893660623, -0.07565604691017551, -0.3487383329204627, 0.18031228202591273, 0.6219405817637306, 0.5743993300895696, -0.0804067301193234]], "inverted": true, "swapped": false, "error_lsq": 0.035249203986308805, "error_max": 0.2096660982796628, "target": "445.xyz", "model": "19.xyz", "model_rescale": 3.9282355846067225, "target_rescale": 4.207517433317891},
{"mapping": [5, 7, 10, 12, 2, 6, 3, 9, 10, 8, 4, 1, 0, 13], "R": [[0.5744032262703628, -0.6016508420055682, 0.5550470232009082], [0.5185499072375248, -0.25721314587515154, -0.8154430644091363], [0.6333773972555012, 0.7562127094296943, 0.16424192748152952]], "T": [0.11218590086465709, 0.12891114462528278, -0.11933331413009876], "aligned_model": [[0.22911084529097298, -0.15139572013633062, -0.6808153907209511, -0.5100964440993245, -0.4827517048663521, 0.5921809310562285, 0.5521051942304095, -0.06024577872326024, -0.6808153907209511, 0.5930875729715109, 0.5668324078937169, -0.07458578758928826, 0.10938426709936686, 0.034916075323746965], [-0.5446408197810947, -0.19770315632850902, 0.3300454993937947, 0.3822910514357307, -0.4064761378292535, -0.24991423736510618, -0.1247719177343771, 0.6922168014447769, 0.3300454993937947, 0.5892652734349123, 0.4723784758326961, -0.20081015890995416, 0.38459165391077377, 0.10948782950717867], [0.023307706841447146, -0.5797088172387898, 0.1507190361038456, -0.6402533187742113, 0.07592526681547385, -0.3494205910671181, 0.4360683318324955, -0.48179555782926375, 0.1507190361038456, -0.48734042952455003, 0.1539697977792687, 0.5271193095738346, 0.6388333009464263, 0.020069978264250804]], "inverted": true, "swapped": false, "error_lsq": 0.04610809736384568, "error_max": 0.30110008157693363, "target": "445.xyz", "model": "20.xyz", "model_rescale": 4.067790424073018, "target_rescale": 4.207517433317891},
{"mapping": [3, 11, 4, 13, 6, 12, 0, 1, 5, 9, 7, 2, 8, 14], "R": [[-0.9073643117959863, -0.0626774352473727, 0.4156459368137837], [0.09884999369422322, -0.9929068183477477, 0.06606609436924006], [0.40855683132906795, 0.10103261448346619, 0.9071238759866193]], "T": [-0.03534263681227249, 0.1035847804182668, -0.0466304663367817], "aligned_model": [[0.19390443444532476, -0.07887634999942861, -0.5467912339573466, -0.4084942422320733, -0.592107236542819, 0.5517285356698892, 0.45829208570309293, 0.07161677140340103, -0.482567198310289, 0.5314258134349115, 0.47502380293786156, -0.07997725853481294, -0.04817431557053798, -0.008092531437679282], [-0.7150382590406877, -0.3043098539907703, 0.15659720174351444, 0.2961310854923197, -0.3773565855421276, -0.2022799866142418, -0.0054351978822966, 0.8793378293305892, 0.4845070251297812, 0.4449790683777738, 0.6058985431564299, -0.34548002003734457, 0.5311597108870743, 0.11729509539534932], [-0.014271290858759299, -0.5463894452612273, 0.5682536775471283, -0.6068155293759109, 0.032524354681309424, -0.43238693047738, 0.4522657499041135, -0.2917263524226316, 0.011288062086634014, -0.45439677615395757, 0.16282343825653822, 0.5450370814249491, 0.33044104356537557, -0.11843403308922654]], "inverted": true, "swapped": false, "error_lsq": 0.04571718872542581, "error_max": 0.32034587331156505, "target": "445.xyz", "model": "21.xyz", "model_rescale": 4.186013935880536, "target_rescale": 4.207517433317891},
{"mapping": [0, 5, 1, 2, 12, 4, 11, 6, 3, 9, 10, 8, 13], "R": [[0.9634948944009589, 0.13856478584592213, 0.22907943728488414], [-0.12176501292073671, -0.535229463552812, 0.8358843837358025], [0.23843420495327058, -0.8332641966798067, -0.4988185125272105]], "T": [0.019221517720937137, -0.06218378285957666, -0.053158505711507736], "aligned_model": [[0.014761098006868117, -0.46518614709963857, 0.30967859382033935, 0.5004656369723792, -0.2540522733722096, 0.5766011221338355, 0.002113876675304896, -0.6416016435631885, 0.6350345298282691, -0.4583727287972811, -0.5549635245064859, 0.469201129325733, -0.07510563400070011], [-0.4444997986633166, 0.162744140673324, 0.3407288647296149, -0.37373653508960814, -0.3310069871787184, -0.3739045859262205, -0.669650445645585, -0.30837893187148896, 0.534069674609789, 0.5064621310371963, 0.1980124004805784, 0.17868470318967639, 0.09943202920085159], [-0.6516741516768193, -0.5204185675682463, -0.4506981453585268, 0.3989939477830091, 0.5769699533147288, -0.2695887232294764, 0.003539701332599815, -0.06447945284028864, 0.10261041862483691, -0.03021985323227236, 0.5165642967238554, 0.4758130508477507, 0.015467086614195297]], "inverted": true, "swapped": true, "error_lsq": 0.048450254846650144, "error_max": 0.3154223665648534, "target": "445.xyz", "model": "22.xyz", "model_rescale": 4.166573947596378, "target_rescale": 4.207517433317891},
{"mapping": [7, 5, 14, 6, 13, 0, 8, 2, 12, 4, 3, 10, 9, 15], "R": [[-0.511717665290348, -0.8130144582787368, -0.27776342750536437], [0.8213111773359906, -0.3680142014281995, -0.4359053768080107], [0.25217648782700725, -0.4511906893730155, 0.8560572298686219]], "T": [-0.0016854738272524322, 0.24129292274236935, 0.0077273851023262514], "aligned_model": [[0.14536948249295717, -0.23926522700922456, -0.6189961763193035, -0.4167157526765626, -0.5301920985993638, 0.5208222580589661, 0.7061709086974041, 0.12086801023534793, -0.5784422005853828, 0.6784930262703368, 0.3572303491260775, -0.17566176561115104, 0.0687480179819821, -0.001517755052589582], [-0.45770591106533753, -0.39104349888230805, 0.069831740063198, 0.38951988411840044, -0.41953433418440234, -0.2168125524710336, 0.05170372747881388, 0.6836787083434157, 0.5507609681654466, 0.34923840563038455, 0.7162291721514791, -0.3764942462233384, 0.4004426650224925, 0.21619092825815264], [-0.02640643694184173, -0.4768017594970848, 0.4719539705573993, -0.6126646421887699, 0.036033267359790414, -0.42108586858351355, 0.3498887782775509, -0.48429365045545825, 0.03875257213616415, -0.2483165449051253, 0.09164188353380216, 0.3937487535037895, 0.582322589612269, -0.05655986258201674]], "inverted": false, "swapped": false, "error_lsq": 0.0430956318173466, "error_max": 0.28558474852890253, "target": "445.xyz", "model": "23.xyz", "model_rescale": 4.274766983524099, "target_rescale": 4.207517433317891},
{"mapping": [12, 8, 4, 11, 1, 5, 6, 9, 10, 7, 13], "R": [[-0.05107768096369894, -0.9503746179784847, -0.306886226490568], [0.7548186891202857, -0.23794761760082994, 0.6112525483241954], [-0.6539417535699217, -0.20042209653713033, 0.7295143358135994]], "T": [-0.2081968520127644, 0.10987318595390982, -0.07632848575458973], "aligned_model": [[0.3787886617291637, 0.23443195096236602, -0.6306397938895758, -0.30795950146958573, -0.5478922857602716, -0.46426560169705644, -0.11636512596611537, 0.08009280266025076, 0.534712050056376, 0.2977220436839867, -0.07873049635146287], [-0.21878843234449508, 0.6557024408925769, 0.38871252289821495, -0.23215074247055612, 0.5431941936694462, -0.20565084831601654, -0.5768106412513058, 0.023788220772931357, -0.18522758668154027, 0.5983057625048055, 0.12451164156942218], [-0.3787121861556024, -0.2918751241192124, -0.5218332630194276, -0.5718990161727973, 0.24239019317357202, 0.5054349551397846, 0.055806752832725626, 0.6029793054966713, 0.2117279069425339, 0.45104127302349617, 0.07450563687983297]], "inverted": true, "swapped": true, "error_lsq": 0.053339519117344254, "error_max": 0.29625586075806387, "target": "445.xyz", "model": "24.xyz", "model_rescale": 3.7841303162186577, "target_rescale": 4.207517433317891},
{"mapping": [12, 9, 11, 10, 13, 2, 4, 0, 7, 8, 1, 3, 6, 15], "R": [[-0.5037302254284246, -0.8360940421086899, -0.21726162279652864], [0.48211457398589175, -0.06340205511670227, -0.8738110304621823], [0.7168133631149958, -0.5449100220745909, 0.43503065443993505]], "T": [-0.018893222432472392, 0.1121185180572998, -0.10061549948022373], "aligned_model": [[0.035755407387341884, 0.03703327818707323, -0.6709727333970973, -0.5932621035367925, -0.4886489966725128, 0.6250237230801882, 0.5511683389338126, 0.04856243804647488, -0.3985391945846114, 0.4365312800929082, 0.5211946927500897, -0.008739066016088606, -0.0354084334111886, -0.022787553850102848], [-0.6424864810282274, -0.2130603741473933, 0.12660680875998057, 0.2917957091689004, -0.45981616040742723, -0.2320457589014661, 0.09263241523377964, 0.8239929599866737, 0.6331829720083637, 0.3342028075984601, 0.6203142675336187, -0.27082049305249156, 0.3408786092630731, 0.12062837438951884], [-0.1531200615875703, -0.5835975106556962, 0.30436594450867827, -0.5936384205401025, 0.1528016140078557, -0.2895994820668889, 0.3803776926833866, -0.27386232383404757, -0.015961316136480677, -0.40512309294444393, -0.045131106258707324, 0.6080850681157659, 0.5845286610589169, -0.031912616523711454]], "inverted": false, "swapped": false, "error_lsq": 0.043888264183881656, "error_max": 0.2854220568340191, "target": "445.xyz", "model": "25.xyz", "model_rescale": 4.19342608120988, "target_rescale": 4.207517433317891},
{"mapping": [12, 2, 11, 9, 6, 10, 5, 7, 4, 8, 1, 13], "R": [[0.9109797415628758, 0.3941051935591906, 0.1216429483024351], [-0.14024587240521397, 0.018628916997191, 0.9899414420685761], [0.38787498725148084, -0.9188765204646294, 0.07224219268183177]], "T": [0.0683835522689065, 0.01292400724574019, -0.17472785024438414], "aligned_model": [[-0.24311915511007384, 0.5213641948452202, 0.17596616426630787, -0.5193504335277087, -0.5099848348211649, -0.6381533864506046, -0.36596499788878845, -0.14618756975459343, 0.7094109094746912, 0.3565080749824432, 0.3268880994984791, -0.06956851088242702], [-0.5791925533117022, -0.44715655845295893, -0.5264430416020797, 0.43005201936052057, -0.24867125931861975, -0.13325102432903616, 0.40861072723069075, 0.5228267097735924, -0.07724037299347017, -0.030755905054821623, 0.5923278251342767, 0.1016698613045885], [0.1357079675389396, 0.1662080256250077, -0.43936396394306737, 0.0056983255870598215, -0.4821126108562054, 0.2740627496195942, -0.572658344843087, 0.5083516772494443, -0.3635087639637371, 0.5000954679307501, -0.22172034551808692, -0.06150172321719097]], "inverted": true, "swapped": true, "error_lsq": 0.04901359513832285, "error_max": 0.237653221683867, "target": "445.xyz", "model": "26.xyz", "model_rescale": 3.795458400668931, "target_rescale": 4.207517433317891},
{"mapping": [5, 11, 0, 1, 3, 10, 6, 9, 12, 4, 7, 8, 13], "R": [[0.4646410546157844, 0.8076749547999925, -0.3630011814779152], [0.8853589271808741, -0.4310322221403406, 0.1742147913866457], [-0.015756282133295607, -0.4023336809982366, -0.9153574977612549]], "T": [0.03205901587235807, -0.0805836755734737, -0.04733502873001084], "aligned_model": [[-0.19884529912335938, 0.4835909240318069, 0.5609645459438997, 0.0027397514112162957, -0.20632398882010936, -0.6648061386745223, -0.08340830392467097, -0.654763883146929, -0.1253243017863911, 0.627083164688109, -0.7281348379223777, -0.1460091558826295, -0.16708609397278615], [-0.6496611512492607, -0.23054861431106663, -0.4762589673365274, 0.07746560780344788, 0.6679232991770643, -0.2137573218522613, -0.7027761836778557, -0.3147458754337125, -0.07588533015996905, 0.19552019360431325, 0.31250539441997693, 0.6147116882744814, -0.08261123600171584], [-0.4028759489107145, 0.3349640132827172, -0.30830708374224647, -0.6628855826975358, -0.4240559613012819, 0.4202313563667577, 0.26406703717210434, -0.20678091615179317, 0.6732305628900108, -0.2035298983192978, -0.24789788929301615, 0.11130377263889427, -0.05532679983517235]], "inverted": true, "swapped": true, "error_lsq": 0.0512788604010698, "error_max": 0.28052748241721065, "target": "445.xyz", "model": "27.xyz", "model_rescale": 3.6321398670334006, "target_rescale": 4.207517433317891},
