[{"mapping": [11, 7, 2, 6, 12, 10, 8, 4, 3, 1, 5, 0, 13], "R": [[-0.855848978005557, 0.3503987336438475, -0.38045138231794084], [-0.4745731118653292, -0.8244873520753703, 0.3082222700620489], [-0.20567665969015947, 0.44434371125124855, 0.8719264750712447]], "T": [0.07205776888534515, 0.021230784088848237, 0.13804534994131748], "aligned_model": [[0.01911448785211678, 0.07644474619186692, -0.06643566140918522, -0.6660612103851531, 0.6288943744156679, 0.6662938001074632, -0.39040981944994013, -0.4191902099461147, -0.2520491009602045, 0.31016488033417927, -0.36258908663226824, 0.5573448272475641, 0.08618437370664209], [0.69567652978882, 0.13764722478118877, -0.7014398171333452, -0.12984369703531187, 0.15902586009061698, 0.6894554170955439, 0.4006148220275493, -0.2657863559899206, -0.33002842178251024, -0.0643278078925913, 0.4549719010564255, -0.5722869070125802, 0.08535539309329597], [-0.03336581055859489, -0.6088297729822593, -0.0851698316752367, 0.008033205195539211, 0.21592551265776572, -0.32648484679736434, -0.3647176291247347, -0.6298744448329094, 0.3496393314419143, 0.6567252553151597, 0.5800317919075468, 0.2254847913645139, -0.011046352750847227]], "inverted": true, "swapped": false, "error_lsq": 0.045249365302279805, "error_max": 0.24874583625783564, "target": "446.xyz", "model": "0.xyz", "model_rescale": 3.8414455957264533, "target_rescale": 3.761171680697304},
{"mapping": [0, 13, 6, 2, 1, 11, 7, 9, 5, 3, 4, 10, 14], "R": [[0.010647563367439508, -0.7053428996178313, 0.7087863030230245], [0.9605153467176364, -0.1898669131005166, -0.20337360701325063], [0.2780231970793725, 0.6829655549648102, 0.6754710597926262]], "T": [0.02642313196381614, -0.005323676793225915, -0.09264275809445317], "aligned_model": [[-0.02657497083140012, 0.21846593835324685, -0.27764113701253773, -0.6073160328834605, 0.5558820519112622, 0.7594592609782519, -0.4916224056654907, -0.3781112906468807, -0.03792059731303153, 0.1869059217431029, -0.2405939448336173, 0.4305339514454493, 0.09623965582773954], [0.7168944196651723, 0.2796389953965906, -0.7239218261879624, -0.22026483432044464, 0.44080729074087793, 0.40057887102212014, 0.3293710593178386, -0.09393209026136974, -0.42103372608232675, 0.09295780061609293, 0.27344328693745557, -0.5211338074446149, 0.005628701687751359], [-0.12595329329403626, -0.7684850744759008, -0.05816386887252238, 0.2184515963351416, 0.4261426532886257, -0.2480987240993513, -0.2730956790933361, -0.6348697677307586, 0.4146715669598417, 0.6675959592982844, 0.2905126874875212, 0.10488105086454284, -0.03723790750755866]], "inverted": true, "swapped": false, "error_lsq": 0.04396084302921263, "error_max": 0.22483596283001414, "target": "446.xyz", "model": "1.xyz", "model_rescale": 4.316132596720782, "target_rescale": 3.761171680697304},
{"mapping": [8, 11, 9, 6, 10, 3, 0, 7, 4, 2, 1, 12], "R": [[-0.9168998632686413, 0.3316247427471116, 0.22208032496342234], [0.05636994565604489, -0.44325021923913105, 0.8946237602317507], [0.3951165270710424, 0.8327990592828348, 0.38772239668729996]], "T": [0.010008264617140349, 0.019938466501293745, -0.05698356100749612], "aligned_model": [[-0.10691405099948398, 0.5814752286204213, 0.026152787951974725, -0.34413960443380487, -0.4445429932354168, -0.614216151639333, -0.1612280351846557, -0.31781243998186226, 0.3333469990078531, 0.137766304799389, 0.40913611439159264, 0.09878439533510605], [-0.5516130909558425, -0.3063831642741014, -0.6048035362492726, 0.4126190866074625, -0.2707040167948589, -0.10899056243183444, 0.36501265759684076, 0.5734935915688169, -0.12318152160344956, -0.12111082344950283, 0.6884478405495214, 0.05998996717720085], [0.22237771167384845, 0.10939616419381083, -0.49152214027164126, -0.02951290558325441, -0.43249751609138287, 0.30067993937387827, -0.6017573757967638, 0.5563047051050306, -0.708880739206777, 0.613694032917124, 0.03870651485133038, -0.1277299299557822]], "inverted": true, "swapped": true, "error_lsq": 0.05416067172930181, "error_max": 0.34040119640306676, "target": "446.xyz", "model": "2.xyz", "model_rescale": 3.795458400668931, "target_rescale": 3.761171680697304},
{"mapping": [4, 11, 9, 3, 0, 6, 8, 1, 2, 7, 10, 12], "R": [[0.11512754251384155, 0.039852089757922926, 0.9925509860438659], [0.5556266778134016, -0.8308504722697849, -0.031088384183132645], [0.8234225184294917, 0.5550669362076992, -0.11779665730500122]], "T": [0.06642524838831293, -0.014930206751261388, 0.01742666649501179], "aligned_model": [[-0.3198085299222946, -0.06937530820116328, -0.6806851108466045, 0.03921183903255347, 0.09453979972570051, 0.37809488179288764, -0.32019091205049804, 0.7480386252457656, 0.2699857933997527, 0.7940526455092212, -0.42068050703459575, 0.0801206090928403], [-0.00837786534227765, -0.6693915514287758, -0.0494719717557756, 0.25818313699060524, 0.5128770828568416, 0.39819933129441537, -0.2701698092740013, -0.1288115526560873, -0.49344840301195225, 0.15336344114066944, 0.41888483892214845, -0.036067632446100735], [-0.615646579196707, -0.10081489882780988, -0.12406527708357101, 0.6948264950149227, -0.38976568860237143, 0.1294955911679644, 0.468830500314085, -0.3537857495388335, 0.48176371474919866, 0.49934762188281834, 0.09887062732633586, -0.10028492656693165]], "inverted": true, "swapped": true, "error_lsq": 0.06084998490679842, "error_max": 0.40052345438544085, "target": "446.xyz", "model": "3.xyz", "model_rescale": 3.7530521520055578, "target_rescale": 3.761171680697304},
{"mapping": [10, 3, 8, 2, 9, 1, 4, 0, 5, 11, 12], "R": [[0.2767714080146183, -0.9254473806317648, 0.25873680331064464], [0.10909357821740687, -0.2372532272178509, -0.9653028008694667], [0.9547230901666346, 0.2953947390467887, 0.03529545645194904]], "T": [-0.07235480913105681, 0.030826086279297407, -0.10368455877844727], "aligned_model": [[-0.3207347846364315, -0.10106775779524274, 0.4012088520044161, 0.46091804029092204, 0.10260667474406128, -0.2572198125285247, -0.18131525386216119, -0.6909709924202743, -0.5045713700969385, 0.5230438485251118, -0.09369784177973306], [-0.5650441741804545, -0.12242037290456333, -0.297383389442027, 0.3295583643279281, -0.662564771386573, 0.741211976402421, -0.2944303978899869, -0.06494323838833632, 0.2468242928971433, 0.09795022102230894, 0.058444847856485536], [-0.22756615564503718, -0.8177525423654783, -0.3976245701645674, -0.43895243397765193, 0.15705398875337573, 0.17297630203607067, 0.5538388553191119, 0.12722414879988247, 0.7368350608403067, 0.21527829111686186, 0.011519832532442015]], "inverted": false, "swapped": true, "error_lsq": 0.059653934363305634, "error_max": 0.3054713278840727, "target": "446.xyz", "model": "4.xyz", "model_rescale": 3.7855080009869324, "target_rescale": 3.761171680697304},
{"mapping": [14, 13, 4, 1, 9, 15, 12, 11, 0, 3, 2, 7, 16], "R": [[0.4329710314234412, 0.8793951512631373, -0.1979905398826066], [0.8997675528927032, -0.4083844909688829, 0.15375453911206566], [0.054354730333236324, -0.24471672495146485, -0.9680698775498755]], "T": [0.13593997600764396, -0.021137052570076253, -0.050495958203316975], "aligned_model": [[0.035068673032128156, 0.12715207057925762, -0.13585632552541682, -0.589315411029213, 0.42992211485086435, 0.710492381013115, -0.3815638601686103, -0.39064664647487135, -0.27299339817297635, 0.22241490501578454, -0.20456062899774258, 0.5050808597984056, 0.1325116671519098], [0.6474772383489585, 0.20253584366716493, -0.706813534560191, -0.2018491564292538, 0.4575391896016686, 0.5286460971459787, 0.32263259394029564, -0.12982329729709935, -0.38042150139490993, 0.08763909858236969, 0.3746547848082419, -0.6730540678916268, 0.029870852565583736], [-0.02864856138521763, -0.7395248742020759, 0.004050502579739879, 0.06971925748163174, 0.3869484113690268, -0.2671665119861954, -0.3281242577175192, -0.6364396905957156, 0.508218694937624, 0.6300232854575348, 0.472183529661237, -0.060921164403942095, -0.033967422035635214]], "inverted": false, "swapped": false, "error_lsq": 0.039760447559806456, "error_max": 0.25885555013519757, "target": "446.xyz", "model": "5.xyz", "model_rescale": 4.2253639853439635, "target_rescale": 3.761171680697304},
{"mapping": [6, 2, 1, 8, 7, 3, 5, 10, 9, 12, 11, 0, 13], "R": [[-0.6244576919718967, 0.7481533375236542, 0.22431935825815183], [0.0871634769679362, 0.35215664565207333, -0.9318735027920582], [-0.776179824022753, -0.5623631215462987, -0.2851185723601864]], "T": [-0.00010884013404998186, -0.02190958498833462, -0.053823436233964454], "aligned_model": [[0.19196582703387843, 0.009473517247260855, -0.04862260014043794, -0.6799837692118753, 0.642153008691323, 0.617022815508193, -0.4482094565743052, -0.4958927576574299, -0.09579057825420395, 0.18707598695937705, -0.3462739268650692, 0.6045551662628084, 0.0502331680731148], [0.5913336781014386, 0.31736511296976055, -0.7055751698251602, -0.272708083343702, 0.26238968873193863, 0.2580925875089931, 0.3718347427839262, -0.1435466207728467, -0.4564079676415331, 0.290367353371181, 0.5089186497181329, -0.46712910667401114, 0.004099276159063178], [-0.026291806597385413, -0.6325914984054121, -0.3164135448786547, 0.09017333328815244, 0.3150462650596638, -0.2630046392599118, -0.2657491504446722, -0.6436668163272455, 0.3640911339205637, 0.8057047591987638, 0.3977791620536336, 0.2276435533130814, -0.0763695517600835]], "inverted": true, "swapped": false, "error_lsq": 0.05682455303675939, "error_max": 0.37631477770352373, "target": "446.xyz", "model": "6.xyz", "model_rescale": 3.89814844738969, "target_rescale": 3.761171680697304},
{"mapping": [5, 0, 7, 8, 2, 1, 6, 3, 11, 10, 9, 4, 12], "R": [[0.8068139244237309, 0.32187190180163433, -0.49542887500283794], [-0.5829922018439335, 0.569668652201857, -0.5793079658417294], [0.09576734279043532, 0.7562249040656616, 0.6472654096471867]], "T": [0.0282571981571984, -0.05513446901940254, -0.031809023892605016], "aligned_model": [[0.04956785123000018, 0.2449255967506382, -0.03225022353865671, -0.6370534264138737, 0.6962472815626858, 0.4431970078061833, -0.37476092056285826, -0.4197941060015926, -0.3025303562123116, 0.31433897184468923, -0.4068205646625108, 0.47768456576271695, 0.13495472350752455], [0.7071839099260188, 0.029435480654591603, -0.6410165217379732, -0.15158836838413103, 0.1335137677350674, 0.5993483528011331, 0.40481772692960094, -0.15297923157002535, -0.5009839848488169, 0.171127212718498, 0.4650816031735361, -0.4624603349735565, -0.042445471336762366], [0.11308110417850867, -0.5767063684735831, -0.3222496404873749, 0.04398801064650256, 0.10872188289421514, -0.3698531073257188, -0.3205930685571506, -0.6966837248347676, 0.5573753040828813, 0.6052675281740072, 0.5495931239934878, 0.1863571250768137, 0.09805302979267261]], "inverted": false, "swapped": false, "error_lsq": 0.05336612759742591, "error_max": 0.33924268743690816, "target": "446.xyz", "model": "7.xyz", "model_rescale": 3.7474275329858107, "target_rescale": 3.761171680697304},
{"mapping": [1, 3, 7, 10, 4, 2, 0, 6, 11, 13, 12, 9, 14], "R": [[0.7625124357017528, -0.6357511851088791, 0.11998006514766077], [0.36884549882028883, 0.27481623777798325, -0.8879352642245761], [0.5315334264185022, 0.7213157880472405, 0.4440447618355561]], "T": [0.03778924262403362, 0.03573968069274695, 0.002283830410636229], "aligned_model": [[-0.07114491532430367, 0.1878007912591712, -0.21174859254546563, -0.6840476088192682, 0.7564240955423184, 0.5816631445853722, -0.3756675019731256, -0.3639958057767851, -0.11671800840760664, 0.3486442253609183, -0.2570081250420489, 0.32093256408116916, 0.07257213813228842], [0.7755546930178371, 0.1129131876804254, -0.582914072161076, -0.19568291375625368, 0.21548541201380056, 0.6389909619502756, 0.33604323677383113, -0.22553950297819553, -0.40003949139776185, 0.2703060853878465, 0.19849369338076012, -0.6628352735752112, 0.07825812475090255], [-0.07260887163947172, -0.6946202677836011, -0.13510625228392398, 0.02794513133589743, 0.2542387194056721, -0.21880114482817295, -0.41375046166050583, -0.6589574730932681, 0.41786051183131406, 0.812505781599713, 0.5192444306215753, 0.11257133138939762, 0.02582976426586732]], "inverted": false, "swapped": false, "error_lsq": 0.04679915146096921, "error_max": 0.255586803912207, "target": "446.xyz", "model": "8.xyz", "model_rescale": 4.019505241142653, "target_rescale": 3.761171680697304},
{"mapping": [2, 5, 11, 10, 0, 3, 6, 6, 9, 7, 1, 8, 12], "R": [[-0.4319459917781566, 0.9018806099505137, 0.005833145127129846], [0.27959471707328176, 0.12775428183390009, 0.9515805996644825], [0.8574668823759296, 0.4126623424403951, -0.3073440039436428]], "T": [0.03859073655752825, 0.05575506805453739, 0.0302345964176286], "aligned_model": [[-0.004983308594122909, 0.3459330634709867, -0.007998514766244046, -0.8710117840286768, 0.41811235643069283, 0.5856837526976951, -0.4311650805211003, -0.4311650805211003, -0.14385344501779324, 0.6421624002068408, -0.349532738322093, 0.3801429172720205, 0.055381862765529005], [0.613027275964708, -0.022899280150022072, -0.5081741027433717, -0.021396774632212526, 0.44224374952147455, 0.5786451232406289, 0.09417911259037226, 0.09417911259037226, -0.4746270527289171, -0.0718365455776418, 0.29484593465638775, -0.49520051001639837, 0.03604809837180053], [-0.16346917509109446, -0.5612710305529812, -0.22873037414260466, 0.09988088799908973, 0.3897285702445725, -0.3768723055379979, -0.522861148539061, -0.522861148539061, 0.42106574665133123, 0.6928095861705121, 0.5287333706643671, 0.21977876073770908, 0.0004194590957120256]], "inverted": true, "swapped": false, "error_lsq": 0.06143850601214419, "error_max": 0.4479678112050628, "target": "446.xyz", "model": "9.xyz", "model_rescale": 3.877068213659057, "target_rescale": 3.761171680697304},
{"mapping": [6, 2, 1, 5, 10, 14, 3, 4, 0, 11, 12, 8, 15], "R": [[-0.5503791987205091, 0.7825566835556408, 0.29101164003896307], [0.5900619432913783, 0.11798452682038407, 0.7986905248656532], [0.5906857376769586, 0.6112975449430226, -0.5266931467673189]], "T": [0.06989832959287, 0.09904115249092349, -0.11615268688894244], "aligned_model": [[-0.08316473322597902, 0.42477934301004205, -0.376225788649858, -0.6405912873094345, 0.5167854532970468, 0.6717643477495765, -0.5033138812302758, -0.2803462210521762, -0.12948608323232047, 0.35208645427948704, -0.2943768343006725, 0.4837203003624044, 0.04607533137479411], [0.6746378357145625, -0.005961678557635408, -0.6446683861487642, -0.1588494513946041, 0.49747403953319796, 0.5579011856874677, 0.32807092051371256, -0.10672167057509202, -0.3493373748879919, -0.018881827256390094, 0.2679777266546749, -0.5350556598292896, 0.05244848163333256], [0.04373706321189015, -0.6669604843440018, -0.08829584819669418, 0.08307678619198523, 0.26431270266764245, -0.3077937909393072, -0.26357883603112764, -0.657522334294783, 0.5107193795980397, 0.5555014721818319, 0.5138943388112652, 0.03215626402724796, -0.04289551372349486]], "inverted": false, "swapped": false, "error_lsq": 0.04564925849856023, "error_max": 0.29798483858107855, "target": "446.xyz", "model": "10.xyz", "model_rescale": 4.260839863003843, "target_rescale": 3.761171680697304},
{"mapping": [4, 8, 3, 10, 6, 0, 5, 11, 2, 7, 1, 12], "R": [[-0.8122774976689662, 0.58158735356861, -0.044287887166846535], [-0.45600519431541653, -0.5858664637822277, 0.6699401087953063], [0.3636819070809022, 0.5643727817536635, 0.7410929993446369]], "T": [0.024870846365740072, -0.04942000638677573, -0.06496241070958293], "aligned_model": [[0.278659601240609, 0.15339524032301144, -0.45774187710515674, -0.352030001207542, -0.4344613161700596, -0.33209479273231884, 0.23856596261417826, 0.6914063613141525, 0.2898868908190294, -0.3795825161920514, 0.1797476388673044, 0.08314745732297399], [0.2179832213002882, -0.6833463377726298, -0.5354941220443338, -0.3076522130301301, 0.13463645896991797, 0.39678494299025285, 0.8172142363857066, -0.17635955341330237, -0.39321683649889677, 0.039297851044245054, 0.617308523289457, 0.04592233431235918], [-0.7084590935435184, -0.06306032539066238, 0.1900256460482937, -0.537574839794224, 0.12348015743868339, -0.4094232251208386, -0.4434054029093159, -0.04600800936693829, 0.48056090667157175, 0.7215226860927416, 0.31824857704258885, -0.10972899977287678]], "inverted": true, "swapped": true, "error_lsq": 0.047542112593666704, "error_max": 0.26548088153556293, "target": "446.xyz", "model": "11.xyz", "model_rescale": 3.890672605050136, "target_rescale": 3.761171680697304},
{"mapping": [2, 6, 5, 12, 0, 1, 11, 9, 7, 3, 4, 8, 13], "R": [[0.15275635881128805, -0.5730427803335649, -0.8051630063225055], [0.4666017474982609, 0.7600180646269621, -0.45238849529166425], [0.8711763909073102, -0.3065852464621621, 0.38348035487812027]], "T": [0.019958554240264118, 0.08060399491782154, -0.11482919597896209], "aligned_model": [[-0.2297337338088306, 0.360105055489115, -0.2769851774081323, -0.6414908470528987, 0.49694662092944447, 0.5822914835481484, -0.21458619069922563, -0.39533545860087926, -0.23048386932352477, 0.40617909071928454, -0.1139235761778649, 0.5055081415279963, -0.06078513806999848], [0.7363534691913894, 0.011260493827636511, -0.6376691554838263, -0.14983632939138053, 0.2638010931906021, 0.6060122675065202, 0.44872860957279376, -0.25441571153534887, -0.46749295952109804, -0.06086350382619281, 0.4495972980130148, -0.42828894294599607, 0.0418475124890669], [0.00010783872019494434, -0.5747750411458452, -0.1444987676286596, 0.13916705046231703, 0.1811703769392552, -0.22896119894750783, -0.449844411456782, -0.6814976133164147, 0.48835609171519073, 0.7121434758808795, 0.46566762679506785, 0.041569723183474835, 0.02774604795932241]], "inverted": false, "swapped": false, "error_lsq": 0.051234260384756015, "error_max": 0.2845561761516961, "target": "446.xyz", "model": "12.xyz", "model_rescale": 4.124412569039231, "target_rescale": 3.761171680697304},
{"mapping": [8, 10, 5, 3, 2, 11, 9, 7, 0, 1, 6, 4, 12], "R": [[0.8582171997977542, 0.367010230907308, 0.35884081203322754], [-0.1402906396999672, 0.8402044145256807, -0.5238082456626012], [-0.493742619574081, 0.3991992387529345, 0.7725659799623602]], "T": [-0.11253390330884092, -0.03127775461639905, 0.011603533086755142], "aligned_model": [[0.12984722237817514, 0.37839078133264314, -0.07617762085370441, -0.7793787020290635, 0.7033529256796978, 0.47603786802980896, -0.464223409732371, -0.2983093829534813, -0.2199080232142108, 0.1977735147685247, -0.37066477528080344, 0.515623406163764, -0.0046574032163453905], [0.636478662135071, 0.014967468223992766, -0.7173739306600294, -0.08884095447254253, 0.22601947680761914, 0.6462856529293751, 0.4241800470609256, -0.15692762374118613, -0.5010698207141465, 0.15130280121825224, 0.43075550918742234, -0.4861165413374303, -0.020626605550142292], [0.11284027886799007, -0.5374538461293091, -0.3072947845892125, 0.2580946449103554, 0.11418194520881338, -0.4185638297788365, -0.266809745984529, -0.5738682903751189, 0.3349201061234343, 0.741834966144797, 0.4208791503153682, 0.14128131992708062, -0.0436907154803396]], "inverted": false, "swapped": false, "error_lsq": 0.053514782749784974, "error_max": 0.28899217041973657, "target": "446.xyz", "model": "13.xyz", "model_rescale": 3.9028299243045295, "target_rescale": 3.761171680697304},
{"mapping": [6, 4, 8, 2, 9, 7, 3, 0, 12, 11, 1, 13, 15], "R": [[-0.036735095472145096, -0.16570407551210542, -0.9854910918518396], [0.9959783956282606, -0.08671046107548525, -0.022546205486347337], [-0.08171638882383525, -0.9823560735796136, 0.16822299634365262]], "T": [0.04758192699932807, -0.01600427324404525, -0.01911699787135075], "aligned_model": [[-0.10316030018897104, 0.22380375044625295, -0.395726799775184, -0.6861954741623588, 0.4894127273059348, 0.6146835129491289, -0.18154970460461872, -0.4468752227649356, 0.01911704587884478, 0.23778029974492693, -0.24129742624093808, 0.5404911187847221, 0.11722287369983006], [0.6158452276313531, -0.0539028248636876, -0.6364019080033213, -0.022133265573913957, 0.5519208494852562, 0.6130856361663661, 0.3938211568354863, -0.13939697518536676, -0.5220878505646872, 0.07686126500871929, 0.22748005631297186, -0.6191608455705957, 0.07310361940860047], [0.13072041880104784, -0.6724720641323255, -0.1419636791789083, 0.041570155243666904, 0.2691399280419626, -0.34047292659897077, -0.4292770367547007, -0.6729539633293689, 0.4576528126976748, 0.6887369836445242, 0.5095254675761967, 0.14179922165915615, -0.0056541185094616375]], "inverted": true, "swapped": false, "error_lsq": 0.048519467017010924, "error_max": 0.2607963134432654, "target": "446.xyz", "model": "14.xyz", "model_rescale": 3.942246331269136, "target_rescale": 3.761171680697304},
{"mapping": [3, 2, 6, 10, 12, 1, 5, 9, 11, 13, 4, 8, 14], "R": [[-0.9387359613483376, -0.34412224598562774, -0.018832808851046396], [0.31846107931160944, -0.8452506562675818, -0.42910822532655707], [0.13174724222957274, -0.408816839057578, 0.9030567292633797]], "T": [-0.002647509850601217, -0.001105446036502096, -0.025844261230012], "aligned_model": [[-0.009731639905556658, 0.20721420978947228, -0.15216883160116984, -0.7025950417708456, 0.610666402459479, 0.46996874075804157, -0.05231677633400264, -0.5310217614442684, -0.14190093222716113, 0.2676859350631743, -0.31279178677410213, 0.4542737864919938, 0.08042409656757996], [0.7094869386505485, 0.02508587307925097, -0.5369834020979987, -0.058491712652699555, 0.4093427799069233, 0.6215267004725299, 0.4228677458567039, -0.2545763586851665, -0.4693453564462096, 0.06053754478827605, 0.23498079326280963, -0.6210958125634394, 0.015698407515652463], [0.08165554540600849, -0.759274552445322, -0.0830070103568387, 0.09977733327417802, 0.325516745356585, -0.23939642248061274, -0.49548162634484383, -0.5778727503736858, 0.4990089518805439, 0.7383872591540555, 0.4120344800074585, 0.049493648551104705, -0.07449040246813755]], "inverted": false, "swapped": false, "error_lsq": 0.046898163360254826, "error_max": 0.4025852764186906, "target": "446.xyz", "model": "15.xyz", "model_rescale": 4.355366556412066, "target_rescale": 3.761171680697304},
{"mapping": [8, 11, 9, 6, 10, 3, 0, 7, 4, 2, 1, 12], "R": [[-0.9168998632686413, 0.3316247427471116, 0.22208032496342234], [0.05636994565604489, -0.44325021923913105, 0.8946237602317507], [0.3951165270710424, 0.8327990592828348, 0.38772239668729996]], "T": [0.010008264617140349, 0.019938466501293745, -0.05698356100749612], "aligned_model": [[-0.10691405099948398, 0.5814752286204213, 0.026152787951974725, -0.34413960443380487, -0.4445429932354168, -0.614216151639333, -0.1612280351846557, -0.31781243998186226, 0.3333469990078531, 0.137766304799389, 0.40913611439159264, 0.09878439533510605], [-0.5516130909558425, -0.3063831642741014, -0.6048035362492726, 0.4126190866074625, -0.2707040167948589, -0.10899056243183444, 0.36501265759684076, 0.5734935915688169, -0.12318152160344956, -0.12111082344950283, 0.6884478405495214, 0.05998996717720085], [0.22237771167384845, 0.10939616419381083, -0.49152214027164126, -0.02951290558325441, -0.43249751609138287, 0.30067993937387827, -0.6017573757967638, 0.5563047051050306, -0.708880739206777, 0.613694032917124, 0.03870651485133038, -0.1277299299557822]], "inverted": true, "swapped": true, "error_lsq": 0.05416067172930181, "error_max": 0.34040119640306676, "target": "446.xyz", "model": "16.xyz", "model_rescale": 3.795458400668931, "target_rescale": 3.761171680697304},
{"mapping": [5, 0, 7, 8, 2, 1, 6, 3, 11, 10, 9, 4, 12], "R": [[0.8068139244237309, 0.32187190180163433, -0.49542887500283794], [-0.5829922018439335, 0.569668652201857, -0.5793079658417294], [0.09576734279043532, 0.7562249040656616, 0.6472654096471867]], "T": [0.0282571981571984, -0.05513446901940254, -0.031809023892605016], "aligned_model": [[0.04956785123000018, 0.2449255967506382, -0.03225022353865671, -0.6370534264138737, 0.6962472815626858, 0.4431970078061833, -0.37476092056285826, -0.4197941060015926, -0.3025303562123116, 0.31433897184468923, -0.4068205646625108, 0.47768456576271695, 0.13495472350752455], [0.7071839099260188, 0.029435480654591603, -0.6410165217379732, -0.15158836838413103, 0.1335137677350674, 0.5993483528011331, 0.40481772692960094, -0.15297923157002535, -0.5009839848488169, 0.171127212718498, 0.4650816031735361, -0.4624603349735565, -0.042445471336762366], [0.11308110417850867, -0.5767063684735831, -0.3222496404873749, 0.04398801064650256, 0.10872188289421514, -0.3698531073257188, -0.3205930685571506, -0.6966837248347676, 0.5573753040828813, 0.6052675281740072, 0.5495931239934878, 0.1863571250768137, 0.09805302979267261]], "inverted": false, "swapped": false, "error_lsq": 0.05336612759742591, "error_max": 0.33924268743690816, "target": "446.xyz", "model": "17.xyz", "model_rescale": 3.7474275329858107, "target_rescale": 3.761171680697304},
{"mapping": [8, 10, 7, 1, 4, 5, 3, 11, 2, 6, 0, 9, 13], "R": [[-0.020148489902492905, -0.3316457391301024, 0.9431888157052636], [-0.3406605596295962, -0.8846523890799901, -0.31834027958760835], [0.9399704364859035, -0.3277213057033588, -0.0951542133622374]], "T": [0.011897906844418212, -0.012277862298934489, -0.07761132913474172], "aligned_model": [[0.04166023823562248, 0.14696546962301793, -0.10420405873345945, -0.6649036467227377, 0.5363844688380665, 0.6470273741040685, -0.46430838611219477, -0.3608174386599518, -0.2012062684841453, 0.35705863759374384, -0.2820459561446303, 0.5476790855066573, -0.01158311797142306], [0.7060061451885719, 0.2957302548719837, -0.7438584678168315, -0.11247559452708031, 0.4517040288048596, 0.22694292417326914, 0.37603623509863615, -0.2334844010253685, -0.3318518579372781, -0.11459486617507694, 0.3858281077881356, -0.3311455104488389, -0.015802856907800818], [-0.08367263563980443, -0.680377555548707, -0.21446684877248887, 0.024459667505331878, 0.3683264165612645, -0.3278190664419377, -0.3657587039623894, -0.6554414081859135, 0.5192905016372535, 0.6045866715415524, 0.5963701489289939, 0.16525924835608125, 0.025594763181256988]], "inverted": false, "swapped": false, "error_lsq": 0.05321460133791331, "error_max": 0.37665887542290666, "target": "446.xyz", "model": "18.xyz", "model_rescale": 3.922800546911778, "target_rescale": 3.761171680697304},
{"mapping": [6, 2, 3, 5, 4, 10, 1, 0, 12, 13, 8, 7, 14], "R": [[-0.9311763590742178, 0.1631145663953465, -0.32604328935118654], [0.03866909766845598, 0.9334707446661591, 0.3565628552414201], [0.362512467629447, 0.3194151015247472, -0.8755333824196224]], "T": [0.040690172551900466, 0.06673358917367084, 0.022196741022756483], "aligned_model": [[0.048993994675917224, 0.21715633053388408, -0.05396628346358415, -0.6928686930767883, 0.4956733851218095, 0.6561105969981617, -0.383314797113532, -0.474351208183011, -0.2206039089405709, 0.3200921612204086, -0.2732155479277396, 0.4554804904868537, 0.09251988074082558], [0.7561462983813356, 0.07766325746697283, -0.5183930340267491, -0.1304491049321087, 0.5427144757071796, 0.467644402001149, 0.4928215467259824, -0.29668861319935846, -0.5494111160472477, -0.030076197860476106, 0.3671598210688249, -0.605506020807212, -0.014591573391110932], [0.0019746037916899273, -0.6719712503351439, -0.21825332394244068, 0.09665542747674209, 0.32269567783702374, -0.31116322747331326, -0.40983550553270726, -0.5265284311990862, 0.4353615383757573, 0.6421774993392314, 0.45300752531332655, 0.14158651436547687, 0.020644151143937056]], "inverted": true, "swapped": false, "error_lsq": 0.041520254390421646, "error_max": 0.2587110615055608, "target": "446.xyz", "model": "19.xyz", "model_rescale": 3.9282355846067225, "target_rescale": 3.761171680697304},
{"mapping": [6, 9, 10, 2, 4, 8, 7, 12, 1, 3, 5, 0, 13], "R": [[-0.9148473578321029, 0.33548287736414084, 0.22473440071136713], [0.17079977894240234, 0.8258052796912215, -0.5374691391580825], [-0.3658985479348708, -0.45331763591281177, -0.8127861795020711]], "T": [0.05086475572059523, 0.12357181388213008, -0.05621202017704764], "aligned_model": [[-0.008173808992206509, 0.2613328526820326, -0.19936178921686598, -0.6495423511654697, 0.6592931398167241, 0.5768377530617947, -0.4839241933075852, -0.2860810387554351, -0.12025795135977427, 0.2876532058594436, -0.33856082687275335, 0.45837428040024175, 0.030117128922487784], [0.7255389557517841, 0.059820434343656706, -0.6664599004145507, -0.24861271576264565, 0.1563750749881268, 0.5511771194826548, 0.33920049952528475, -0.05419173132390041, -0.3195106801806374, 0.15209321771214085, 0.3249477346726893, -0.44733131172473545, -0.014012555982687039], [0.1907577391923871, -0.7120044926911483, -0.2917346636862737, 0.16655415965388476, 0.11143848661251597, -0.4013608110171464, -0.2920145356529489, -0.8162528077985186, 0.5233530916811598, 0.6575616334036688, 0.48737385748735373, 0.3287588834825909, 0.023920658492968316]], "inverted": false, "swapped": false, "error_lsq": 0.05375910360694125, "error_max": 0.34323261384276876, "target": "446.xyz", "model": "20.xyz", "model_rescale": 4.067790424073018, "target_rescale": 3.761171680697304},
{"mapping": [7, 5, 6, 2, 9, 1, 8, 4, 3, 12, 0, 11, 14], "R": [[-0.3815052411255393, -0.4155380204363647, -0.8257008565852235], [-0.3344482060852215, -0.7706918199843409, 0.5423822600856354], [-0.8617413466000814, 0.4830758451641439, 0.1550470231214604]], "T": [0.07630977964481095, -0.010811531185039969, -0.05124733168315196], "aligned_model": [[0.05369654150913572, 0.13051499254203408, -0.1688495708231628, -0.6290608259158232, 0.5882083882203826, 0.5599801006187047, -0.14413312593525673, -0.5037566230958115, -0.20990728427829258, 0.36062193025646666, -0.4166781543736696, 0.41758983407138167, 0.14948019827654557], [0.7276770700077008, 0.0396658612008166, -0.6795782333606706, -0.21726717849132976, 0.46536733878498593, 0.5786888169067937, 0.41479661731072337, -0.09468006197911616, -0.49820891085351005, -0.013899632484107402, 0.32883699590532806, -0.4878859298952089, -0.004478611965224734], [0.05261404024209572, -0.6368922314394607, -0.25175891148497864, 0.06515845015476766, 0.28825730422238804, -0.35432729058415957, -0.36016564780972793, -0.5980210807698065, 0.5845738721645707, 0.6602095760369356, 0.3309303815321699, 0.22070890840902854, -0.02493617151332961]], "inverted": true, "swapped": false, "error_lsq": 0.0445715265374517, "error_max": 0.26997927270138566, "target": "446.xyz", "model": "21.xyz", "model_rescale": 4.186013935880536, "target_rescale": 3.761171680697304},
{"mapping": [6, 5, 8, 1, 4, 3, 0, 2, 9, 10, 7, 11, 12], "R": [[-0.43931847733092283, 0.20283304831279303, -0.875133149862225], [0.2633375082914356, 0.9604576126834463, 0.09041311279495609], [0.8588670631724666, -0.19073523206412477, -0.47536032548683205]], "T": [-0.0019716197433310885, 0.009364523433829715, 0.005346581565743394], "aligned_model": [[0.1031140871673223, 0.13072880686241403, 0.018390576095791394, -0.717367402823735, 0.5030289369424599, 0.6713546456343604, -0.46254755920665597, -0.34753032876715345, -0.1833221780190802, 0.1330824696748984, -0.2488754734484564, 0.5481920282965661, 0.03945779266390306], [0.5547497757469275, 0.07643006027657176, -0.7312831907360072, 0.10176191254793121, 0.3257193807126902, 0.4810189630302911, 0.437442581231354, -0.31080330477481355, -0.46259698295351764, -0.06459683283591969, 0.42297247901427526, -0.30045646096258793, 0.028675760789986203], [-0.031596209066011065, -0.7538843363120153, -0.19136253154094698, 0.12698058983653396, 0.4206900428018374, -0.4147873074483025, -0.3501916321696391, -0.5671749841965792, 0.36564516849052187, 0.825462148634201, 0.5587819309851454, -0.01188410950937612, -0.00032757134487585403]], "inverted": true, "swapped": false, "error_lsq": 0.04980379897659019, "error_max": 0.2893914800025355, "target": "446.xyz", "model": "22.xyz", "model_rescale": 4.166573947596378, "target_rescale": 3.761171680697304},
{"mapping": [9, 12, 1, 4, 10, 14, 3, 2, 0, 7, 8, 5, 15], "R": [[-0.0018826175139422252, -0.7928563912194507, -0.6094056109470654], [-0.44092460265095823, 0.5476273206574164, -0.7111187048915772], [0.8975421720055226, 0.2673631623317783, -0.3506208620426917]], "T": [0.032230423141385724, 0.11105495329678379, -0.12922041080868651], "aligned_model": [[-0.019147999856624846, 0.3352681403306062, -0.12336743236451417, -0.6241109728573178, 0.580882044920048, 0.7068836046747247, -0.5104367978010121, -0.3944476203864824, -0.20938753969923152, 0.2953508706988081, -0.38290681749390515, 0.4976503229658396, 0.03547659794169566], [0.7086375010947022, 0.20683323736213516, -0.5842124275318493, -0.09414688545661533, 0.32378290357549977, 0.5028510092971512, 0.32061375715890217, -0.24981115686519562, -0.40830327499805946, -0.09603636755408786, 0.40946702643742267, -0.5231637802527589, 0.04252259881993439], [-0.1026775680882826, -0.7022614368194424, -0.10704751328041967, 0.1295491597271306, 0.33410393583622966, -0.26081333755532743, -0.28095717976926976, -0.504094705602134, 0.45271047303681466, 0.5026581080188163, 0.4974297677301922, 0.1395041620601808, -0.12175266613399549]], "inverted": true, "swapped": false, "error_lsq": 0.04054029628866383, "error_max": 0.2918570279627418, "target": "446.xyz", "model": "23.xyz", "model_rescale": 4.274766983524099, "target_rescale": 3.761171680697304},
{"mapping": [1, 6, 0, 4, 10, 9, 11, 8, 2, 3, 12], "R": [[0.317551547090713, 0.623803391316115, 0.7141640875336766], [0.8616710480801004, -0.5042235190387857, 0.057285667916897265], [0.3958333233077229, 0.597183365333176, -0.6976302805415676]], "T": [0.01215522518283163, 0.08696448730241885, -0.015863084201992776], "aligned_model": [[0.38426637962205196, 0.16050317193832553, -0.37154531493018506, -0.6192124558419199, -0.4783299587988249, -0.6248273540792089, 0.08389741255860869, 0.043636480154640334, 0.5862841496031773, 0.2464573181308547, -0.03123512439944475], [-0.07937080455065934, 0.5468657502281481, 0.3914616931143522, -0.2274025966809491, 0.44384041221562986, -0.10540031749836948, -0.5678490127218803, -0.0033811627561663865, -0.1177073858300155, 0.6144202817390985, 0.020109673984294668], [-0.6861095117940098, -0.23232817266310388, -0.46888838612210887, -0.24509961480280304, 0.2374440181193992, 0.35377994372364296, 0.14788931838670016, 0.6238488240003353, 0.3225314436966542, 0.43257298706433456, -0.10607441558746314]], "inverted": true, "swapped": true, "error_lsq": 0.040170696518269274, "error_max": 0.2637871533975548, "target": "446.xyz", "model": "24.xyz", "model_rescale": 3.7841303162186577, "target_rescale": 3.761171680697304},
{"mapping": [8, 10, 13, 12, 1, 0, 9, 14, 3, 4, 2, 6, 15], "R": [[-0.7578942217475646, 0.1724256556043754, 0.6291786248205311], [0.6513378107842507, 0.14556835764211012, 0.7446938360804113], [0.03681582383205606, 0.9742069834192219, -0.22263276617063127]], "T": [0.09439272179578093, 0.03550365841409026, -0.07651367101538675], "aligned_model": [[0.14341544440222712, 0.13953447568094096, -0.29575480963571166, -0.6290533122269124, 0.5307034586023905, 0.6838800658395944, -0.3879718803947759, -0.5136585097655313, -0.0036525526487909132, 0.19366679319063296, -0.35801856952142497, 0.5569746408669515, 0.12764115668304438], [0.6075340836903641, 0.09717613410502807, -0.6299636362982914, -0.15475628518159834, 0.502143951201424, 0.44628985897405404, 0.30087520236268317, -0.09937084133725904, -0.5950189110818124, 0.03517149800927794, 0.44473436289081314, -0.3829627804864619, -0.012818495761040063], [0.0643257725555102, -0.8507318786774909, -0.2066604368497211, 0.048381869929584626, 0.3041648966737186, -0.23490975049108945, -0.27410679524295034, -0.5678196158442237, 0.4152487728012637, 0.6629786489423735, 0.3669356292765464, 0.28808235187207204, -0.03953826578510001]], "inverted": true, "swapped": false, "error_lsq": 0.04394030101825636, "error_max": 0.2346360385171922, "target": "446.xyz", "model": "25.xyz", "model_rescale": 4.19342608120988, "target_rescale": 3.761171680697304},
{"mapping": [8, 11, 9, 6, 10, 3, 0, 7, 4, 2, 1, 12], "R": [[-0.9168998632686413, 0.3316247427471116, 0.22208032496342234], [0.05636994565604489, -0.44325021923913105, 0.8946237602317507], [0.3951165270710424, 0.8327990592828348, 0.38772239668729996]], "T": [0.010008264617140349, 0.019938466501293745, -0.05698356100749612], "aligned_model": [[-0.10691405099948398, 0.5814752286204213, 0.026152787951974725, -0.34413960443380487, -0.4445429932354168, -0.614216151639333, -0.1612280351846557, -0.31781243998186226, 0.3333469990078531, 0.137766304799389, 0.40913611439159264, 0.09878439533510605], [-0.5516130909558425, -0.3063831642741014, -0.6048035362492726, 0.4126190866074625, -0.2707040167948589, -0.10899056243183444, 0.36501265759684076, 0.5734935915688169, -0.12318152160344956, -0.12111082344950283, 0.6884478405495214, 0.05998996717720085], [0.22237771167384845, 0.10939616419381083, -0.49152214027164126, -0.02951290558325441, -0.43249751609138287, 0.30067993937387827, -0.6017573757967638, 0.5563047051050306, -0.708880739206777, 0.613694032917124, 0.03870651485133038, -0.1277299299557822]], "inverted": true, "swapped": true, "error_lsq": 0.05416067172930181, "error_max": 0.34040119640306676, "target": "446.xyz", "model": "26.xyz", "model_rescale": 3.795458400668931, "target_rescale": 3.761171680697304},
{"mapping": [1, 3, 10, 11, 6, 0, 9, 4, 5, 6, 8, 7, 12], "R": [[-0.26062635619337793, -0.9004117835275218, -0.3483281822393208], [0.9238365100434078, -0.33737013099582325, 0.18085214243319786], [-0.28035692459466577, -0.2746634573376081, 0.9197608276259501]], "T": [-0.10348085756137126, 0.16577723734428795, -0.09026973708577887], "aligned_model": [[0.026978791917577294, 0.2604117325097065, -0.1752924244308393, -0.7752730689277145, 0.3471257222911184, 0.6657000238556545, -0.2591669273091718, -0.5264871554846297, 0.127959242425993, 0.3471257222911184, -0.33892793856047176, 0.4629160732028108, 0.024636607291482565], [0.6802760895831486, -0.035063871228570964, -0.5415950684701557, -0.07009194449558648, 0.2574531957905333, 0.36289809176752474, 0.40372922544687945, -0.32283832502457543, -0.3044034897822679, 0.2574531957905333, 0.22311041873633186, -0.4149722227000259, 0.06307884567341167], [0.17169282026537017, -0.7004513418940889, -0.13668038607651106, -0.022184896342476557, 0.5951032916456339, -0.33680032850780567, -0.4120071908581294, -0.6205372985722458, 0.45030961124045565, 0.5951032916456339, 0.596774139581965, -0.13645068671404278, -0.06751982625326536]], "inverted": false, "swapped": false, "error_lsq": 0.06302071984860816, "error_max": 0.37584134731407487, "target": "446.xyz", "model": "27.xyz", "model_rescale": 3.6321398670334006, "target_rescale": 3.761171680697304},
{"mapping": [3, 0, 9, 12, 1, 5, 8, 10, 6, 4, 7, 13, 14], "R": [[0.5139499100521839, 0.8185620466025725, 0.25653784480883235], [0.39126832214409335, 0.04244302809863307, -0.9192973890163971], [-0.7633901951452472, 0.5728479425009985, -0.29846380807138884]], "T": [0.014814793877004455, 0.02007919457956465, -0.08312955356182522], "aligned_model": [[0.07730007665412914, 0.17155875600065412, -0.18745317175984885, -0.6997058391873379, 0.5722891318811005, 0.6922449897558963, -0.4526113904325021, -0.27194548541578417, -0.04388398479121281, 0.20646876671075867, -0.40973965681752955, 0.46304251568146904, 0.07014169279284191], [0.703652851334659, 0.30577844231246315, -0.6060439514698879, -0.15522960877326944, 0.21943348490854372, 0.5298169292193533, 0.20757680354138358, -0.16379000773271057, -0.47653609009973186, 0.15526538132347628, 0.48124028711102496, -0.6393914970529534, -0.0027388835351700724], [-0.0635661901244167, -0.6153127592367904, -0.1998755910898455, 0.2940134156849562, 0.22791292832871773, -0.31383519537533905, -0.19883186404013495, -0.7821519363633891, 0.5117108868476408, 0.7115154627628921, 0.37290920480692263, 0.09199225603868649, -0.06012941907940689]], "inverted": true, "swapped": false, "error_lsq": 0.049222070083273034, "error_max": 0.32591487448962714, "target": "446.xyz", "model": "28.xyz", "model_rescale": 4.156811204709835, "target_rescale": 3.761171680697304},
