[{"mapping": [12, 13, 11, 10, 0, 2, 1, 3, 6, 4, 7, 5, 9, 14], "R": [[0.5246004141982928, 0.8436885519048432, 0.11394750022571112], [0.2799071043319899, -0.0445240200053611, -0.95899406910942], [-0.804018916672649, 0.5349834007025555, -0.2595117388583199]], "T": [-0.051557907126143644, 0.08576707647884856, 0.04947147595864443], "aligned_model": [[0.21653836160704218, 0.33131127295467927, -0.5495771373355731, -0.2487516277283285, -0.6922696336679443, -0.13631042920859418, -0.656027337631464, -0.014675188421330643, -0.17564115908398228, 0.23703572287891042, 0.41867719184788804, 0.08763575926116693, 0.5691109089674288, -0.015564603311595072], [-0.6793568547221458, -0.3271629634094864, -0.35506711305032285, -0.43543942172057265, 0.34738587505543356, 0.10545386372857314, 0.44551486179339855, 0.37650207991804013, 0.7304270322711743, -0.150325748496779, 0.5328921221615336, 0.7501330825843279, -0.17203212347274727, 0.06634863916960718], [0.2763908253825489, -0.3948767217966263, 0.3370403891863666, -0.22187983108931864, 0.5001653428390251, -0.7130769439146404, -0.09994084590040736, 0.799220260093634, 0.3309459348464307, 0.6442808803898656, 0.3930052314168107, -0.25196060919867413, 0.18182144541107045, 0.11645272951374841]], "inverted": false, "swapped": true, "error_lsq": 0.049839272491888305, "error_max": 0.31355302615124014, "target": "448.xyz", "model": "0.xyz", "model_rescale": 3.8414455957264533, "target_rescale": 4.025319449958021},
{"mapping": [12, 8, 6, 11, 1, 9, 13, 0, 7, 4, 5, 10, 3, 2, 14], "R": [[0.07891596099500042, -0.5353889735989386, 0.840910766995471], [-0.9914146570926965, -0.13036963691897463, 0.01003670620206043], [0.10425568954262077, -0.834483316021531, -0.5410807208538324]], "T": [0.04086297714049149, 0.06786080900016697, -0.03963374111425935], "aligned_model": [[-0.5968107676060684, -0.1023204829083532, 0.33406291518179243, -0.641222848380084, -0.5943276054218202, 0.5572725259418955, 0.003474943171139125, 0.09533465166726952, 0.5840200360109645, 0.2133359764502904, -0.007549769493769773, -0.3939285641179922, -0.2866805415791043, 0.5900458781980304, -0.03967088577011284], [-0.23040413428970838, -0.5809853998286066, -0.5608638944007213, 0.32465037168460786, 0.6213716705887715, -0.17275941777051887, 0.07387124518962891, 0.73197327986149, 0.3602493764471014, 0.48775448711240443, -0.1313051212564704, -0.3766906102605576, 0.4170996952691479, 0.035493888876659, 0.09169110520728686], [-0.3340819754989466, -0.4671843130441069, 0.3192063589995452, -0.48131626199347954, 0.15697892657613619, -0.41504386933271276, -0.7968741324115336, -0.32512425273922474, -0.2197568577890184, 0.2599653216991109, 0.58671434355658, 0.24621875877639762, 0.5801439010304408, 0.4522557294847509, -0.007846747315452582]], "inverted": false, "swapped": false, "error_lsq": 0.04592653302010692, "error_max": 0.2942521937305489, "target": "448.xyz", "model": "1.xyz", "model_rescale": 4.316132596720782, "target_rescale": 4.025319449958021},
{"mapping": [1, 10, 2, 7, 5, 6, 8, 3, 13, 11, 9, 14], "R": [[-0.12098136050127196, -0.03051181654669642, 0.9921857383888776], [-0.12312454981303325, 0.9922701518694111, 0.015501320666117605], [-0.9849892667661914, -0.12028705150628913, -0.1238029466342549]], "T": [0.04500202163227198, -0.024808966657076558, 0.031383344559003094], "aligned_model": [[-0.29703029446917906, 0.6010725747973892, 0.1582261033554634, -0.44440336175519773, -0.5522046041427464, -0.6419962144888617, -0.15159702130989422, -0.372560730766508, 0.538901314402889, 0.4161423287251275, 0.29011482806824146, 0.05314363221505704], [-0.6200199296543725, -0.2985838959239527, -0.5694951685237497, 0.512493882974001, -0.16779178057527264, -0.005021064539558119, 0.26295571534224055, 0.4457721446255445, 0.032193545977095145, -0.18925797460692292, 0.562734798772307, 0.046796153873620835], [0.24554124809649, 0.028946737403275753, -0.49733955172674854, -0.07275749475362711, -0.3863708054474672, 0.2259414220603157, -0.615223852190649, 0.5335836850496373, -0.4856848810170577, 0.6316043142081312, -0.2214382467002925, 0.06245588622741259]], "inverted": false, "swapped": true, "error_lsq": 0.0530516117390275, "error_max": 0.284228048264015, "target": "448.xyz", "model": "2.xyz", "model_rescale": 3.795458400668931, "target_rescale": 4.025319449958021},
{"mapping": [0, 4, 7, 13, 1, 2, 9, 11, 12, 10, 5, 14], "R": [[-0.34178504987823777, -0.6219274915476569, 0.7045489159291707], [0.6547488438657381, -0.6953861703332056, -0.29621280452707827], [0.6741564589442199, 0.3600614799816236, 0.6448789029711184]], "T": [0.0064843821988805825, 0.06061819003831084, 0.02042160571830167], "aligned_model": [[0.10305966936160404, -0.1411587965694, -0.7020229195275943, 0.18172641978810422, 0.1519623174906109, 0.22829705165123826, -0.22080232851778997, 0.5757004470938151, 0.3536048774350288, 0.582398118399391, -0.5018092056897595, -0.017651825171683545], [-0.0018471762249751278, -0.625638502424622, -0.12905790458945077, 0.11388442327170706, 0.530047605725481, 0.7203955424219531, -0.3484791022523146, -0.25737710858935225, -0.5813248811631394, 0.07845441993872904, 0.6007688506184067, -0.014057121442713427], [-0.7974122196199832, 0.02922936918717125, -0.012709625017695715, 0.7139620042568461, -0.5045526768978278, 0.3437536907251038, 0.5206084485608667, -0.29568894090650855, 0.440182353849364, 0.24884740637440517, -0.018221132012813814, 0.020772752140172265]], "inverted": false, "swapped": true, "error_lsq": 0.04460675847731998, "error_max": 0.2462591567094247, "target": "448.xyz", "model": "3.xyz", "model_rescale": 3.7530521520055578, "target_rescale": 4.025319449958021},
{"mapping": [3, 1, 5, 2, 7, 10, 4, 11, 12, 13, 14], "R": [[-0.984001639972992, -0.15452616275128211, 0.08867038714151684], [-0.1664334523328193, 0.6197209135798422, -0.7669718998870461], [0.06356633130078662, -0.769459325953705, -0.6355247180305645]], "T": [-0.03295036208571567, -0.057269045630683135, -0.0525561414574173], "aligned_model": [[-0.4206111537247144, -0.18806119008686215, 0.4971762280284957, 0.44277625949708743, 0.18895473005826283, -0.15674450988012278, -0.3404735329354688, -0.7029207704414239, -0.2883963711139625, 0.36932148286600025, -0.06282156982208666], [-0.7605139952077175, 0.014526440757175796, -0.3448328914658151, 0.4658502628618041, -0.7449243765324577, 0.536363717695746, -0.39679130503101967, 0.21659781196597905, 0.20463989435740793, 0.37774747402064246, -0.10145967510739941], [0.0038004730253513863, -0.7510630079580926, -0.4860203289234223, -0.3510205829618456, 0.07761901702527921, 0.07569462978454453, 0.4794010632559832, -0.01805378778375588, 0.7056876677319118, 0.3517745871990764, 0.0050110468502863326]], "inverted": true, "swapped": true, "error_lsq": 0.04811020354141038, "error_max": 0.22711586611043816, "target": "448.xyz", "model": "4.xyz", "model_rescale": 3.7855080009869324, "target_rescale": 4.025319449958021},
{"mapping": [4, 6, 13, 5, 3, 8, 7, 10, 15, 9, 12, 1, 2, 14, 16], "R": [[-0.7373610474387031, -0.3823393627331575, -0.5568799668015558], [-0.5495724153712981, -0.1397977120293067, 0.8236666558592308], [-0.392770729539583, 0.9133855765317155, -0.10704177969732048]], "T": [-0.03509963616646909, 0.0089233218660041, -0.01680584168513149], "aligned_model": [[-0.6221750569685002, -0.044462701838434496, 0.5010402863019641, -0.5758971949288804, -0.32671920005249844, 0.522593334424775, -0.21420082073922525, 0.16926770029715166, 0.732542726362146, 0.14978828297406527, 0.05109486343555221, -0.6089161991339721, -0.2958025189003565, 0.2934009878030008, -0.01651902769270968], [-0.3033079649247725, -0.5261645043334715, -0.47259319893658924, 0.4426999763699816, 0.6277064622164007, -0.050899532942555545, -0.008513051983774042, 0.5368283152378972, 0.3089897926274008, 0.6586155616984966, -0.37556964406402754, -0.331907745125234, 0.36800627227062016, 0.18117030808025475, 0.03608549623988741], [-0.340618839732526, -0.3905309001456322, 0.0577827808058808, -0.43451274737769563, 0.10353559164630119, -0.44190541891297114, -0.7441215987174639, -0.47562452464613664, -0.014955689761073681, 0.20820631377844512, 0.5379922570848964, 0.34050729105301136, 0.573854068281381, 0.5489818519992098, 0.0256644946428607]], "inverted": true, "swapped": false, "error_lsq": 0.028928655451209814, "error_max": 0.1681666211344752, "target": "448.xyz", "model": "5.xyz", "model_rescale": 4.2253639853439635, "target_rescale": 4.025319449958021},
{"mapping": [1, 10, 4, 3, 11, 9, 7, 6, 13, 2, 12, 8, 5, 14], "R": [[-0.24637972624140791, 0.5676521683907642, 0.7855367885837508], [-0.8671182687121796, 0.23292519158729708, -0.4402860015826229], [-0.4329006104902155, -0.7896308446643181, 0.4348335205477083]], "T": [0.07731206629957296, -0.03722886080226241, -0.05608087632109686], "aligned_model": [[0.6922054547105352, -0.1969978139554274, -0.42674321980856555, 0.08416305741776844, -0.16327535944051166, -0.45320470219053166, 0.14741400018251646, 0.59433922028067, -0.3084394918982005, 0.3583998019664363, -0.7565255154389772, 0.1085596485376489, 0.6690761310930246, 0.0250909413013978], [-0.144727477208073, 0.24408784319354726, -0.4650217205972367, -0.7768286096044564, -0.38550210268407703, 0.0739947565125731, -0.2893359729423535, -0.4480312975175752, 0.5666815949431263, 0.647074728127661, -0.03749784164967003, 0.3702442276963124, 0.17549757460327492, -0.08553655623806254], [-0.4131186498644358, -0.5354430678780604, 0.18002475795977024, 0.2616543782040663, -0.6441941781057934, 0.3627126127435702, 0.6299111198401606, 0.21619703879457403, -0.023936754997169782, -0.26045537394273754, -0.1722593832739695, 0.554287728322109, 0.33911669969874914, -0.02293871856938423]], "inverted": true, "swapped": true, "error_lsq": 0.03997971501934855, "error_max": 0.24979360844679813, "target": "448.xyz", "model": "6.xyz", "model_rescale": 3.89814844738969, "target_rescale": 4.025319449958021},
{"mapping": [4, 3, 7, 12, 8, 0, 11, 13, 10, 1, 5, 2, 14], "R": [[-0.7115340762823643, -0.6665313337660776, 0.22238533988780812], [-0.05077644900656947, 0.364442143171525, 0.929840672646034], [-0.7008145336073487, 0.6503213862303463, -0.29315709798017026]], "T": [-0.07232408278392155, 0.08679902315244332, 0.010664793040196383], "aligned_model": [[0.006154242505591087, -0.04577534198349337, 0.47265104989842766, -0.1569421289405547, 0.6433125416880446, -0.6265289081025179, -0.7397655747919122, 0.1882568156540576, -0.4085010064930794, -0.4612872760495851, 0.35623220157318025, -0.0216129853979556, -0.05756182865598065], [-0.23926296845335715, 0.34476487695179775, 0.3191253572768515, -0.7212078790100385, 0.08674647390345926, 0.5783555594294645, -0.12550288342721355, -0.44452307572868727, -0.31905398031514626, 0.6515211844066402, 0.6439452249638372, 0.1335339886374985, 0.055339386835379645], [-0.6060596697258777, -0.751410793178928, -0.4230215857558425, -0.21012303015327566, 0.17626908565766797, -0.35445170504958157, -0.1750865767528608, 0.41605321215957164, 0.33691856633432626, 0.22728039324117397, 0.25055224527217324, 0.7750566296304479, -0.05970174084269886]], "inverted": true, "swapped": true, "error_lsq": 0.048210940737534846, "error_max": 0.278242653685912, "target": "448.xyz", "model": "7.xyz", "model_rescale": 3.7474275329858107, "target_rescale": 4.025319449958021},
{"mapping": [2, 3, 6, 4, 13, 5, 8, 9, 7, 11, 0, 1, 12, 10, 14], "R": [[-0.826187106973696, -0.20233854100598853, 0.5258079298508183], [0.4172205722814712, 0.40743850382120017, 0.8123551314967267], [-0.3786051483215155, 0.8905352213290109, -0.2522006368686121]], "T": [-0.0504292779761302, 0.09504647975499154, 0.02861380717764331], "aligned_model": [[-0.71007230952671, 0.06502874441553111, 0.5742929899020045, -0.6026551658034216, -0.6655872141488215, 0.44599132199080926, -0.14905848837341795, 0.3645817467949831, 0.6190057251997992, 0.2316490302167424, 0.028634874470368527, -0.5883483484244919, -0.23763762138504949, 0.44833459754002936, -0.1091244215242774], [-0.28830793568516155, -0.5273682894360684, -0.42835941303349984, 0.34650685011432486, 0.7469454925465249, -0.08908054874432488, 0.08189959681340989, 0.5542044748627354, 0.2173405263446011, 0.633537331565842, -0.4710696479766327, -0.3245989076330003, 0.4278158115271976, 0.10991883887297738, 0.10176236229158928], [-0.3270545199744182, -0.3081410549147379, 0.08063743459084201, -0.46539033936126234, 0.09731765989165157, -0.45376082868784623, -0.6461526369953406, -0.4155485785952476, 0.0007108572332521525, 0.15876520422330972, 0.3564470381763171, 0.3438004860551073, 0.5132376064171393, 0.599820222672628, 0.01956637926709255]], "inverted": false, "swapped": false, "error_lsq": 0.045861859867834705, "error_max": 0.32393746227247044, "target": "448.xyz", "model": "8.xyz", "model_rescale": 4.019505241142653, "target_rescale": 4.025319449958021},
{"mapping": [10, 11, 1, 2, 13, 5, 6, 12, 9, 4, 0, 7, 14], "R": [[0.8709570119212521, 0.223490647549947, -0.4375909206586782], [-0.4338297252790413, -0.0683828833194712, -0.8983960990193733], [-0.23070685479524836, 0.9723043308175796, 0.03739833450654226]], "T": [0.05124470419481906, -0.07481711711779004, -0.016664659487728686], "aligned_model": [[-0.28004377280001846, -0.6677882180628364, -0.003890376282212525, 0.36984972241824027, 0.2170118438211181, 0.7091120669832138, 0.2671269329169922, -0.39507697396978775, 0.19062037200619958, -0.20901265283305645, -0.3699367957030071, 0.4630257545607964, 0.028702868685534573], [-0.533705666552555, -0.05254293889622369, 0.34537490295468065, -0.4432015499429236, -0.7724469163299134, 0.20056925836460832, 0.6058824522245458, -0.6236069257081097, -0.4348290591262446, -0.03775769343010417, 0.6137765005193293, 0.2625375815098617, -0.06667171747289267], [-0.2693351034557009, -0.1035515622140755, -0.5976333269265766, -0.6098209662549705, 0.002810104122349652, -0.2240079641051838, -0.0007290815605250252, 0.4398540544066944, 0.5491732554792438, 0.634270851997927, -0.1913811379139596, 0.4889888481599397, 0.05806552230871641]], "inverted": false, "swapped": true, "error_lsq": 0.05357697617766466, "error_max": 0.35205139460286067, "target": "448.xyz", "model": "9.xyz", "model_rescale": 3.877068213659057, "target_rescale": 4.025319449958021},
{"mapping": [14, 9, 8, 6, 3, 11, 10, 12, 0, 5, 7, 2, 4, 1, 15], "R": [[0.03448201664907646, 0.30441705718127976, -0.9519145160280427], [0.8476877679406875, -0.5134270166395926, -0.13348463083180495], [-0.529373628556947, -0.8023234720994129, -0.2757546146609237]], "T": [-0.1376947332310386, 0.08561655852206156, -0.049590901385009684], "aligned_model": [[-0.631162031308806, -0.14451434016002276, 0.3897924501909515, -0.42091077720956843, -0.37017248826881577, 0.40443597980590146, -0.17471555288668797, 0.21037796710793533, 0.6332079151884975, 0.22593236984110315, 0.042983293376555654, -0.4741480236517637, -0.3557931443766376, 0.43138478069631275, -0.05166293700087794], [-0.35686852297065375, -0.5453781969515609, -0.4628084562327435, 0.457263733141139, 0.6439775077060469, -0.03692087871738858, -0.08927053695144503, 0.6343623526849251, 0.2783948253851424, 0.695516985070949, -0.2701874164992335, -0.41293954918494397, 0.19561119222869533, 0.2498412403679997, 0.11055226335358673], [-0.46216637935576677, -0.24309649671953962, 0.07812053242115174, -0.4520478868575647, 0.14262898980000632, -0.5351155070648361, -0.7360708662847456, -0.41826238710208175, -0.09767085686338153, 0.2771999213890961, 0.6624804092834091, 0.2307595021863301, 0.5816182108404714, 0.5845111179338415, -0.05863337360790298]], "inverted": false, "swapped": false, "error_lsq": 0.037323055679572774, "error_max": 0.24474791322694694, "target": "448.xyz", "model": "10.xyz", "model_rescale": 4.260839863003843, "target_rescale": 4.025319449958021},
{"mapping": [13, 5, 6, 7, 3, 4, 12, 10, 1, 0, 11, 14], "R": [[0.3888112944985401, -0.6513148930260391, 0.6516246522292182], [-0.6846362597429951, 0.26903565592099465, 0.6774164211829257], [-0.6165216696236171, -0.7095130202932431, -0.3413096906313505]], "T": [0.12459320122203452, -0.04752814067678127, -0.11129928617434826], "aligned_model": [[0.5907333275508979, 0.013473025684782203, -0.38941034326651947, -0.505945147564697, -0.6494323492621988, -0.3324894585443682, 0.23615553009911563, 0.6572196951250404, 0.23738903448899482, -0.2031661624873102, 0.23568959627559655, 0.06868190099479676], [0.053316011807154416, -0.7783738525750817, -0.4447914781065264, -0.2767415699971896, 0.0911878566933644, 0.4465128962307678, 0.7082514990282119, 0.2673146088862428, -0.39872885927236734, -0.0017966311468548893, 0.5051305817023654, 0.0017974422828470338], [-0.6471063291312406, -0.18295974097065418, 0.1856740796552358, -0.4095272031297068, 0.06090041111611161, -0.3108568690332199, -0.4650415843675405, -0.07447307150245794, 0.5060020653817772, 0.645379841644955, 0.3439805659557015, -0.1357940882234561]], "inverted": false, "swapped": true, "error_lsq": 0.046168482317307406, "error_max": 0.24116966002814358, "target": "448.xyz", "model": "11.xyz", "model_rescale": 3.890672605050136, "target_rescale": 4.025319449958021},
{"mapping": [11, 0, 3, 12, 4, 2, 1, 13, 10, 5, 7, 6, 8, 14], "R": [[0.5849358207072408, -0.6641592930018185, -0.465556139657583], [0.11830153798572274, -0.49799468672406016, 0.8590727781188376], [-0.8024056528737563, -0.5575784478563797, -0.2127238649571581]], "T": [0.06960580813980823, -0.07051080408313923, 0.11328805995022362], "aligned_model": [[0.4016530048941592, 0.02347828908524159, 0.423330000541045, 0.8012176114251846, 0.7283331273683963, -0.5064100730343347, -0.4511442717331636, 0.13797150477984266, 0.15136093282684587, -0.5252123662592642, 0.16981601361337917, -0.1824783012122566, -0.10231002028446438, 0.14027038278308268], [-0.3708269636744721, 0.22726354054962458, 0.6007427658441831, -0.4561661654621204, 0.17078174567749152, -0.5231236425589493, -0.03863525284907196, -0.5479591543548444, -0.6809973286791995, 0.300132990485114, 0.5962745162659429, 0.5571768115890463, 0.13440927932135335, -0.0369206223263329], [-0.4564563385190351, -0.655661590940405, -0.15561388694800626, 0.2707578731883661, 0.13937555151652034, 0.3421941003354476, -0.3816150688773082, 0.644244321889049, 0.044039147172444226, 0.359119070495634, 0.40382643471157637, -0.11621758697095971, 0.797403013839611, 0.11939539446392677]], "inverted": true, "swapped": true, "error_lsq": 0.04801606684277941, "error_max": 0.2806928735457418, "target": "448.xyz", "model": "12.xyz", "model_rescale": 4.124412569039231, "target_rescale": 4.025319449958021},
{"mapping": [10, 1, 5, 11, 2, 13, 0, 9, 6, 4, 8, 7, 14], "R": [[-0.9382609225079969, -0.26778008411848003, 0.21899832840444827], [0.1859655344305787, 0.1433677406979904, 0.9720403854424481], [-0.2916903517403208, 0.9527536499413968, -0.08471848219222528]], "T": [0.05356559376361465, 0.06262791295078082, 0.011383350036698936], "aligned_model": [[-0.17284921569583933, -0.11687988728988928, 0.6232200539511188, -0.6541497551610148, 0.42655909640674905, 0.3750147681084846, -0.5198447237247491, 0.29166754107379655, 0.10854388312596895, -0.18485616910147745, 0.7633241304715699, 0.39510658659056, 0.03244199875447959], [-0.42270603824464525, 0.5320157571663104, 0.5077741216668777, -0.07070846060359995, -0.13989892971238377, -0.5739562488391531, 0.6520373835351163, -0.32726201899338836, 0.7664846162526121, -0.04833977097967056, 0.0008630401529918508, 0.415846416892831, 0.05533550821457903], [0.32340962925264677, 0.5288282196301661, 0.18155096636643708, 0.09147212924492434, 0.6508435733732969, 0.08869040674893713, 0.0880511902554533, -0.4990086805010125, -0.0971252299956431, -0.6395126239865729, -0.16746989382217614, -0.5341840010894254, -0.06384760450919215]], "inverted": true, "swapped": true, "error_lsq": 0.047017666991932036, "error_max": 0.3068686928249169, "target": "448.xyz", "model": "13.xyz", "model_rescale": 3.9028299243045295, "target_rescale": 4.025319449958021},
{"mapping": [13, 5, 0, 11, 9, 2, 12, 1, 2, 6, 4, 10, 7, 3, 15], "R": [[0.1837193643934214, 0.43193912915402455, 0.8829925163060788], [0.7310393984136222, -0.6605543751581544, 0.1710243123841464], [0.6571366624332622, 0.6140818399570888, -0.4371211510794117]], "T": [-0.02097486534644162, 0.02767835421934961, -0.06993265782237983], "aligned_model": [[-0.6110621471344745, -0.13361498146025977, 0.6226494987706095, -0.3955509371422073, -0.4525338249463122, 0.656598931051405, -0.19618988353377276, 0.12989002392069215, 0.656598931051405, 0.15780551286377248, -0.00289284292267393, -0.617621966757336, -0.38640016565423974, 0.3671101806521218, -0.07975086741465187], [-0.3866267865011185, -0.46046904501821617, -0.43028806906572953, 0.5213143730938747, 0.6116751583195738, 0.12345065097432509, -0.07077872972006838, 0.5694580330612363, 0.12345065097432509, 0.6270259637283413, -0.4208138060641385, -0.2021216717491894, 0.272011526636857, 0.11420617980884123, 0.09965211395160092], [-0.40578917784222107, -0.17541324615321396, 0.18152477854235033, -0.47226701584526765, 0.20126847354226657, -0.3417252021738964, -0.7361504817993776, -0.3953759255714665, -0.3417252021738964, 0.1607798940513906, 0.43789713306431594, 0.3128947007765209, 0.7221491602927206, 0.4102676938113926, -0.004080652523131098]], "inverted": true, "swapped": false, "error_lsq": 0.04512781857706418, "error_max": 0.3389318266926627, "target": "448.xyz", "model": "14.xyz", "model_rescale": 3.942246331269136, "target_rescale": 4.025319449958021},
{"mapping": [4, 10, 9, 13, 12, 6, 11, 8, 7, 0, 5, 3, 1, 2, 14], "R": [[0.2322427208231551, -0.9074248847741395, 0.35020479311011427], [0.967220091440526, 0.17743675493188893, -0.1816631297567604], [0.1027064425361856, 0.38091505154283506, 0.9188879747660652]], "T": [-0.054605353776778984, 0.014918310820665415, -0.07042910701565955], "aligned_model": [[-0.5048003697100569, -0.043789486457861224, 0.5630367655800715, -0.669460162156462, -0.644071227942998, 0.3696570766309949, -0.09574388119760709, 0.27948253645121457, 0.7766886826046252, 0.28792457405506044, -0.005967565793385823, -0.6219463998023526, -0.3727833148075237, 0.43538212373576224, -0.03857388984540423], [-0.2924734610592381, -0.6336969690225337, -0.4957240831690408, 0.3448311092459303, 0.5486271913637981, -0.009234606277445885, 0.048252175434632866, 0.610662563964219, 0.20888740611169368, 0.5750646608399186, -0.18436556443101604, -0.1478845420520673, 0.3010270052495022, 0.13131714800724723, 0.08585650822491454], [-0.2860647328569701, -0.367383231100896, 0.006544031085897767, -0.48761126932957044, 0.11867687434294236, -0.43403248444573994, -0.7854867967778867, -0.4341803856900155, -0.02241115956127751, 0.2606702707667228, 0.5301538271690116, 0.3396529568346802, 0.6177177057119467, 0.5031661346155756, -0.00515681076593405]], "inverted": true, "swapped": false, "error_lsq": 0.04102053926196045, "error_max": 0.2526240818718782, "target": "448.xyz", "model": "15.xyz", "model_rescale": 4.355366556412066, "target_rescale": 4.025319449958021},
{"mapping": [1, 10, 2, 7, 5, 6, 8, 3, 13, 11, 9, 14], "R": [[-0.12098136050127196, -0.03051181654669642, 0.9921857383888776], [-0.12312454981303325, 0.9922701518694111, 0.015501320666117605], [-0.9849892667661914, -0.12028705150628913, -0.1238029466342549]], "T": [0.04500202163227198, -0.024808966657076558, 0.031383344559003094], "aligned_model": [[-0.29703029446917906, 0.6010725747973892, 0.1582261033554634, -0.44440336175519773, -0.5522046041427464, -0.6419962144888617, -0.15159702130989422, -0.372560730766508, 0.538901314402889, 0.4161423287251275, 0.29011482806824146, 0.05314363221505704], [-0.6200199296543725, -0.2985838959239527, -0.5694951685237497, 0.512493882974001, -0.16779178057527264, -0.005021064539558119, 0.26295571534224055, 0.4457721446255445, 0.032193545977095145, -0.18925797460692292, 0.562734798772307, 0.046796153873620835], [0.24554124809649, 0.028946737403275753, -0.49733955172674854, -0.07275749475362711, -0.3863708054474672, 0.2259414220603157, -0.615223852190649, 0.5335836850496373, -0.4856848810170577, 0.6316043142081312, -0.2214382467002925, 0.06245588622741259]], "inverted": false, "swapped": true, "error_lsq": 0.0530516117390275, "error_max": 0.284228048264015, "target": "448.xyz", "model": "16.xyz", "model_rescale": 3.795458400668931, "target_rescale": 4.025319449958021},
{"mapping": [4, 3, 7, 12, 8, 0, 11, 13, 10, 1, 5, 2, 14], "R": [[-0.7115340762823643, -0.6665313337660776, 0.22238533988780812], [-0.05077644900656947, 0.364442143171525, 0.929840672646034], [-0.7008145336073487, 0.6503213862303463, -0.29315709798017026]], "T": [-0.07232408278392155, 0.08679902315244332, 0.010664793040196383], "aligned_model": [[0.006154242505591087, -0.04577534198349337, 0.47265104989842766, -0.1569421289405547, 0.6433125416880446, -0.6265289081025179, -0.7397655747919122, 0.1882568156540576, -0.4085010064930794, -0.4612872760495851, 0.35623220157318025, -0.0216129853979556, -0.05756182865598065], [-0.23926296845335715, 0.34476487695179775, 0.3191253572768515, -0.7212078790100385, 0.08674647390345926, 0.5783555594294645, -0.12550288342721355, -0.44452307572868727, -0.31905398031514626, 0.6515211844066402, 0.6439452249638372, 0.1335339886374985, 0.055339386835379645], [-0.6060596697258777, -0.751410793178928, -0.4230215857558425, -0.21012303015327566, 0.17626908565766797, -0.35445170504958157, -0.1750865767528608, 0.41605321215957164, 0.33691856633432626, 0.22728039324117397, 0.25055224527217324, 0.7750566296304479, -0.05970174084269886]], "inverted": true, "swapped": true, "error_lsq": 0.048210940737534846, "error_max": 0.278242653685912, "target": "448.xyz", "model": "17.xyz", "model_rescale": 3.7474275329858107, "target_rescale": 4.025319449958021},
{"mapping": [1, 11, 0, 10, 5, 8, 6, 4, 2, 7, 13, 12, 9, 14], "R": [[-0.5185299481036815, -0.15477597237358293, -0.8409346534038217], [-0.7307721291581863, 0.5908532409141974, 0.34185456402803893], [0.44395809280291826, 0.7917934364952777, -0.41948106722210265]], "T": [0.04650905991317099, -0.06327959207699874, -0.02098215154889508], "aligned_model": [[0.5056506902226696, 0.15900356998171233, 0.7896060630350028, -0.3533534193297945, 0.2545699300842226, -0.24190041658561717, 0.6945876739880484, 0.07344433645700818, -0.3192775689735683, 0.3006482646821673, -0.6656740559451496, -0.4730386418092416, -0.36200866148753663, 0.05258988356295318], [-0.4791696879641256, 0.34062329188647666, 0.059117899137091756, -0.023604496371839784, -0.6586555826213428, -0.33977828175275065, -0.2131817787220249, 0.5978234855909912, -0.7087658122810805, 0.03933001785144968, -0.1356993782698373, 0.5904236992600888, 0.2842440243063752, 0.007700841461761504], [-0.386153611054146, -0.6119654522449752, -0.35996087069844634, -0.49290268884445426, 0.3712632728733442, 0.5954016665820437, 0.23927623437285403, 0.21362719280829204, -0.21744673842683251, 0.6601506023785354, 0.02479919618594311, -0.1283358803062448, 0.4051015591678293, 0.011940235867912256]], "inverted": false, "swapped": true, "error_lsq": 0.034404528537011925, "error_max": 0.25420178984833536, "target": "448.xyz", "model": "18.xyz", "model_rescale": 3.922800546911778, "target_rescale": 4.025319449958021},
{"mapping": [5, 8, 4, 0, 3, 6, 1, 2, 10, 9, 13, 12, 7, 11, 14], "R": [[0.6514606442989713, -0.7524667960202095, -0.09691619997012833], [0.6202455354197173, 0.6017905085546241, -0.5031338386607237], [0.4369147568135888, 0.26766005436121304, 0.8587570032191151]], "T": [-0.030971796578679964, -0.0032917334425733857, -0.07116399650229846], "aligned_model": [[-0.6891781624696349, -0.07092135393513786, 0.6010483455611799, -0.6047587671177242, -0.4940995609378328, 0.4671575826396497, 0.011300428615970495, 0.1559356394300333, 0.7106942936803244, 0.1633681295720776, 0.04506668323351862, -0.6851760629565565, -0.22965745706162258, 0.386822261394081, -0.05256653830424903], [-0.21835334840542409, -0.5938120114832778, -0.31092215088042713, 0.4525354988686956, 0.4108226879973041, -0.26346652725855, 0.060361836190001406, 0.6432197084910017, 0.31375982342046016, 0.7445608492666069, -0.40752561393041403, -0.18964909765829646, 0.29828528512638786, 0.10389956287860247, 0.04743003980784404], [-0.3921727220159643, -0.22634288717809548, 0.10140832250827847, -0.47295085840790196, 0.08105677547154835, -0.471093953039049, -0.807468489213004, -0.31655659745311043, -0.07438395208507378, 0.18513991207872607, 0.4789513243839475, 0.3236799666300584, 0.6414272813338596, 0.4955826522610126, 0.007978154723254749]], "inverted": false, "swapped": false, "error_lsq": 0.03748583448934371, "error_max": 0.20607632581677024, "target": "448.xyz", "model": "19.xyz", "model_rescale": 3.9282355846067225, "target_rescale": 4.025319449958021},
{"mapping": [9, 12, 11, 13, 8, 10, 2, 1, 5, 6, 3, 7, 0, 14], "R": [[0.6482139862751225, 0.7564976814230844, 0.08677491572345855], [-0.6581190660753069, 0.4992726927600732, 0.5635655003034444], [0.3830116484723166, -0.4224192659735154, 0.8215010899986167]], "T": [-0.003764629310068917, -0.11424445432575277, -0.015575802820705077], "aligned_model": [[-0.5820702835649095, -0.18777524441968071, 0.5567913573533605, -0.417217408374668, -0.6788584664405007, 0.1870263333028215, -0.02726395968543385, 0.5495817680962388, -0.2260865848016039, 0.11636610696503442, 0.04522536896120799, -0.4495589139552605, 0.6751331314495841, -0.028770385801513705], [-0.47983691527852274, -0.8707959138466415, -0.5605984232520663, -0.1875161936453612, 0.17516000553042188, -0.299510391431872, 0.4079912458784876, 0.3363124335776552, 0.5583824994595221, 0.20169103126942017, -0.38959590372571495, -0.06950758250678164, -0.12196236638106568, -0.17733143822264547], [-0.04891412809532032, -0.33581417212064385, -0.1232741612609534, -0.5971541719569204, -0.008231930255570483, -0.5754404741300421, -0.5775084563895222, 0.0734863025761432, 0.20750332650594935, 0.6136811861500271, 0.7392698607811076, 0.5660799063411553, 0.454657265146082, 0.023842803952191332]], "inverted": true, "swapped": true, "error_lsq": 0.04651491088923117, "error_max": 0.32864935036955784, "target": "448.xyz", "model": "20.xyz", "model_rescale": 4.067790424073018, "target_rescale": 4.025319449958021},
{"mapping": [7, 8, 4, 9, 12, 5, 1, 10, 13, 11, 2, 0, 3, 6, 14], "R": [[0.8249813066143814, 0.03215563106437014, -0.5642445029662945], [-0.555043129951579, 0.23415825596915982, -0.7981835848068014], [0.10645641188008903, 0.9716665716964509, 0.21102394607551844]], "T": [0.01912338610079672, 0.04399415017170601, 0.006200312258954146], "aligned_model": [[-0.5133673458570077, -0.02764048689135407, 0.4181290878685998, -0.4650379945017909, -0.4968037938228966, 0.4544512548556434, -0.03462256209118032, 0.01958854472200355, 0.4851855579533063, 0.14270144995516512, -0.04394463964788059, -0.5540821794540512, -0.22236418807485012, 0.5480770797116321, 0.004765676618738654], [-0.24081468555073085, -0.4530452338775562, -0.6245250659058881, 0.3950413030109396, 0.5979563439386776, -0.2095542197413817, 0.024219433332238798, 0.7008801495907482, 0.4392363035288117, 0.6392313362260053, -0.3588673825566641, -0.30389188169713705, 0.32843751425685436, 0.04665448517069786, 0.11018814270489896], [-0.43197945071767857, -0.2693589147898921, 0.19685445574411672, -0.4901902129179015, 0.12434810017966293, -0.3014829528980333, -0.8123505016223121, -0.4834805929725772, -0.3354035478699353, 0.22632166163541348, 0.6286526727772871, 0.24044103879568676, 0.7707398735620338, 0.5236535133588404, -0.03251021226622461]], "inverted": true, "swapped": false, "error_lsq": 0.04049241499951637, "error_max": 0.28121770575363303, "target": "448.xyz", "model": "21.xyz", "model_rescale": 4.186013935880536, "target_rescale": 4.025319449958021},
{"mapping": [6, 3, 0, 2, 8, 1, 5, 7, 11, 4, 9, 10, 14], "R": [[0.10266894020778589, 0.9703855236779881, -0.21865732128791565], [0.8017303548689863, -0.21084345563846113, -0.5592615446247681], [-0.5888017720746594, -0.1178854217052683, -0.7996346043982286]], "T": [0.07469808059005195, -0.00251251889735446, 0.12871956808952498], "aligned_model": [[-0.08483733751331426, -0.38320220146398837, 0.3443781628896339, 0.5188880374563869, -0.37204902755748703, 0.5905546839951077, -0.02428145304319343, -0.5806627075691919, 0.44103591253565905, -0.41727805819581043, -0.4663751629413459, 0.47746811916614923, 0.014935067664619786], [-0.3044360039562445, 0.22603183638206745, 0.1866256207896399, -0.46939010963857786, -0.48775679020998364, -0.2628590820528516, -0.7236279572041895, -0.22068058566123303, 0.6021881877309072, 0.4918410386972052, 0.1659747310008752, 0.26803500557157856, 0.047010768096900045], [-0.4986572266401226, -0.49265409231175383, -0.6286312695458834, 0.5455783568004623, 0.45200826461396804, -0.299342851604125, -0.018975879878457586, -0.1202025641343056, -0.02998602242284598, 0.04872974471650718, 0.5135032903763206, 0.5144052459102276, 0.11710456545535422]], "inverted": true, "swapped": true, "error_lsq": 0.04934198748740266, "error_max": 0.2824689475302092, "target": "448.xyz", "model": "22.xyz", "model_rescale": 4.166573947596378, "target_rescale": 4.025319449958021},
{"mapping": [14, 12, 2, 10, 7, 6, 13, 5, 1, 0, 3, 9, 8, 4, 15], "R": [[0.04594588824673068, -0.21779565314783958, 0.9749123185308131], [0.9926842118220538, -0.09913033239849539, -0.06892918683541993], [0.11165585946311701, 0.9709470792316491, 0.21164767510908994]], "T": [-0.05440728291112104, -0.06344423033833231, 0.02267212591104149], "aligned_model": [[-0.6178621276455999, -0.056292796361105964, 0.5604905963122024, -0.6290865436930031, -0.21957987955097572, 0.528374000876062, -0.34602796185109574, 0.18116708588179145, 0.5822489357302364, 0.27115929719559895, 0.05426282287935906, -0.5399455913171669, -0.35278996680750385, 0.3002984746882841, -0.001380884993005975], [-0.2738326466980003, -0.5791176535396761, -0.28738105885079973, 0.3191957116006815, 0.6210444420187412, -0.21714048530327262, 0.29685765637900713, 0.5115549100547087, 0.24576645382548723, 0.6550542234590458, -0.3555441375557589, -0.310667780495003, 0.31194458847653705, 0.17947730646705884, -0.026064987408241952], [-0.4913639773221473, -0.38162815936223754, 0.179395238920989, -0.267623680404132, -0.10215943413814914, -0.4419256231622607, -0.6858143375716834, -0.5295440333204958, -0.061924995383788844, 0.23367481936874665, 0.5367685218594289, 0.27482730353034374, 0.6739248793645335, 0.6185130995328068, -0.0008646919134668932]], "inverted": true, "swapped": false, "error_lsq": 0.046319629394782146, "error_max": 0.36585907511596694, "target": "448.xyz", "model": "23.xyz", "model_rescale": 4.274766983524099, "target_rescale": 4.025319449958021},
{"mapping": [1, 5, 2, 10, 13, 12, 11, 4, 3, 7, 14], "R": [[0.36360669158894243, -0.07102109697504944, 0.9288413091676124], [-0.8851522748245659, -0.33710341117713927, 0.3207284529717197], [0.2903370872014799, -0.9387850094442269, -0.18543754160946763]], "T": [-0.025091427593479404, 0.11188932071170045, -0.017833247610215104], "aligned_model": [[0.3152899228384175, 0.29180037541353154, -0.4252733168045123, -0.5430405723385744, -0.6940856135740453, -0.5601282978498584, -0.08932738388166145, 0.060948843731755936, 0.6230402714415163, 0.41126743804641197, -0.010596963064906269], [-0.057289405307796706, 0.7050728833070155, 0.40386379680210693, -0.18858451380378455, 0.36057016055368646, -0.21226914309823786, -0.6098627243007334, -0.07667248285124985, -0.04071367269429717, 0.5344540623316663, 0.09701757030510767], [-0.6282797221827536, -0.3330017978287802, -0.6040550598127439, -0.17788719875250703, 0.05393002130909303, 0.5455844201592008, -0.016590826055489977, 0.6528871493001946, 0.434547171489992, 0.39458313838841413, 0.05784913800695745]], "inverted": true, "swapped": true, "error_lsq": 0.05008105112064443, "error_max": 0.22871530918129068, "target": "448.xyz", "model": "24.xyz", "model_rescale": 3.7841303162186577, "target_rescale": 4.025319449958021},
{"mapping": [3, 6, 7, 5, 12, 1, 4, 2, 8, 9, 11, 13, 14, 10, 15], "R": [[-0.039088247338481874, 0.10471959485033941, -0.9937333220609978], [-0.9985592199089779, 0.03249587520532987, 0.04270248739140925], [0.03676402119980224, 0.9939707362639107, 0.10329851013543273]], "T": [0.1237587927469685, 0.05065592371064353, 0.006675282461000572], "aligned_model": [[-0.5641703372486087, -0.040359558500240894, 0.46293867422890944, -0.5236268657743499, -0.47700552466450014, 0.6033367777321545, -0.05713547397139748, 0.02677939670985187, 0.5359093045861325, 0.10784882181915856, -0.17009188901977323, -0.558951375133395, -0.17050201302587592, 0.44525661146838724, 0.09480891213762394], [-0.2518320319812569, -0.5660034050494827, -0.45835818922380966, 0.38246709075152363, 0.5066826069164357, -0.0016939328887885033, -0.017096816382615322, 0.6654255176604125, 0.3651731589474443, 0.5913892734122304, -0.5506476125907196, -0.05182248211113923, 0.4406000473209037, 0.04157265476588738, -0.004709337116510802], [-0.2835943101559573, -0.3321799835155475, 0.22728172146881273, -0.4833572715714553, 0.08600879087700425, -0.5592759898538263, -0.7140127036582598, -0.4192899403287645, -0.2773469842164154, 0.2291500582709816, 0.38285795513397536, 0.37464946672401744, 0.6316977788227749, 0.715062007392973, -0.02339566539182651]], "inverted": false, "swapped": false, "error_lsq": 0.04110554729848382, "error_max": 0.3395733807231444, "target": "448.xyz", "model": "25.xyz", "model_rescale": 4.19342608120988, "target_rescale": 4.025319449958021},
{"mapping": [1, 10, 2, 7, 5, 6, 8, 3, 13, 11, 9, 14], "R": [[-0.12098136050127196, -0.03051181654669642, 0.9921857383888776], [-0.12312454981303325, 0.9922701518694111, 0.015501320666117605], [-0.9849892667661914, -0.12028705150628913, -0.1238029466342549]], "T": [0.04500202163227198, -0.024808966657076558, 0.031383344559003094], "aligned_model": [[-0.29703029446917906, 0.6010725747973892, 0.1582261033554634, -0.44440336175519773, -0.5522046041427464, -0.6419962144888617, -0.15159702130989422, -0.372560730766508, 0.538901314402889, 0.4161423287251275, 0.29011482806824146, 0.05314363221505704], [-0.6200199296543725, -0.2985838959239527, -0.5694951685237497, 0.512493882974001, -0.16779178057527264, -0.005021064539558119, 0.26295571534224055, 0.4457721446255445, 0.032193545977095145, -0.18925797460692292, 0.562734798772307, 0.046796153873620835], [0.24554124809649, 0.028946737403275753, -0.49733955172674854, -0.07275749475362711, -0.3863708054474672, 0.2259414220603157, -0.615223852190649, 0.5335836850496373, -0.4856848810170577, 0.6316043142081312, -0.2214382467002925, 0.06245588622741259]], "inverted": false, "swapped": true, "error_lsq": 0.0530516117390275, "error_max": 0.284228048264015, "target": "448.xyz", "model": "26.xyz", "model_rescale": 3.795458400668931, "target_rescale": 4.025319449958021},
{"mapping": [11, 4, 12, 10, 2, 6, 3, 1, 7, 13, 5, 8, 14], "R": [[-0.04119388616890196, 0.6214318483361635, 0.7823845100817137], [0.9990742639899598, 0.015903476787288207, 0.03997117034809394], [0.012396724374757306, 0.7833067964083906, -0.6215116925088381]], "T": [-0.12011555722396457, -0.08248703303409463, -0.11640871528497178], "aligned_model": [[-0.02008082667285467, 0.3337593127239434, 0.6795026788828479, 0.1305663728115854, -0.30976125679607747, -0.6567618148433149, -0.2059597123136792, -0.7861684986802483, -0.13898212552915346, 0.36026507510124206, -0.6112478843758374, -0.002859397441535294, -0.07259554004566127], [-0.6900579954805288, -0.4617545039287836, -0.3039520429084551, -0.09631386347200718, 0.49026437629841046, -0.22126694960693072, -0.5961926480619797, -0.20330615565071256, 0.003410456241702081, 0.38346946461305165, 0.39551454908832895, 0.5436438282725146, -0.12157701214769562], [-0.49838305270397676, 0.26171576267857716, -0.25905007126165813, -0.6831013107550084, -0.5907935632557189, 0.3341042278853113, 0.4973890841583757, -0.3591061033324038, 0.6125103267626013, -0.3746030958077482, 0.1698112936382729, 0.24933942249963548, -0.06769625840683369]], "inverted": false, "swapped": true, "error_lsq": 0.05187364772006339, "error_max": 0.32543908540985017, "target": "448.xyz", "model": "27.xyz", "model_rescale": 3.6321398670334006, "target_rescale": 4.025319449958021},
