[{"mapping": [8, 6, 9, 10, 2, 12, 13, 1, 11, 3, 0, 4, 7, 14], "R": [[0.9084243227711352, 0.09012798638630429, 0.4082183188782137], [0.2834820612757174, 0.5848733851827225, -0.7599743707782345], [-0.30725098979934173, 0.8061017735837412, 0.5057635414820565]], "T": [-0.07591567299855685, 0.11080263185742631, 0.10407652261498934], "aligned_model": [[0.034967475372085874, 0.2703909955259851, -0.48232703936303895, -0.38662235332781314, -0.6185911505593871, -0.17700742368408595, -0.6851886226770705, 0.06074341893015846, -0.3733651353270713, 0.1733446036470358, 0.5669365936580607, 0.2947369754269963, 0.6609875511085304, 0.0324862123979182], [-0.6007141935535557, -0.49087284423175515, -0.40357790255666715, -0.30583174135956404, 0.24356595324735109, 0.3646109321675023, 0.17622435736613726, 0.4253537235712447, 0.6796380323308718, -0.20257884201744117, 0.5583212479570742, 0.6934653135015824, -0.04161287657990809, 0.1392821719671623], [0.22710151031863043, -0.317959814335439, 0.40396699292309424, -0.23871897103595163, 0.5685529805660751, -0.7146169888317034, -0.1287594762045931, 0.6804391285945456, 0.14798944504666517, 0.6801824649847442, 0.44156238891868105, -0.20837107231855534, 0.26461458842881785, 0.09160491012482211]], "inverted": true, "swapped": true, "error_lsq": 0.03360682578776182, "error_max": 0.2068233660684352, "target": "45.xyz", "model": "0.xyz", "model_rescale": 3.8414455957264533, "target_rescale": 4.110329023064157},
{"mapping": [3, 5, 6, 10, 4, 0, 11, 1, 12, 8, 13, 2, 7, 9, 14], "R": [[0.8971444474189286, 0.2082022211000646, 0.38959424481681604], [-0.3962276400013859, 0.7691801460085635, 0.5013637006058351], [-0.19528312206721188, -0.6041636683178202, 0.7725611717659887]], "T": [-0.024826844397600075, 0.024339892126901123, 0.01912521460317306], "aligned_model": [[-0.6179170835867966, -0.03921884478921736, 0.5287001449856322, 0.17295727443263906, -0.4457498732134135, -0.5322346657798956, -0.32637823964117035, -0.7694828920581187, 0.15010322539866952, 0.6506951960093026, 0.17932444718809432, 0.019153139792170943, -0.08340928319302654, 0.45221019978638055, -0.07893521805503628], [-0.45624884512130076, -0.6317093748128686, -0.5115500227698159, -0.37144514513698723, -0.1403661776821289, 0.49328462341256124, 0.5369708053444893, 0.015037839323020767, 0.23031520149340548, 0.2424091539916979, 0.7496835083396747, -0.4665732007227825, 0.27160293784972706, 0.2999572441536514, 0.0028216896414462247], [-0.1559613806825207, -0.041825705447406776, 0.14741022900457235, -0.5030021137631541, 0.3216362875059276, 0.238546068914379, -0.591236731270201, -0.4212141246171504, -0.6945015691427272, -0.3278879947344671, -0.06481458050379313, 0.5683745422111877, 0.6093659165373699, 0.4215931185798936, -0.049235958070580045]], "inverted": false, "swapped": false, "error_lsq": 0.046284734620675644, "error_max": 0.2923960308273336, "target": "45.xyz", "model": "1.xyz", "model_rescale": 4.316132596720782, "target_rescale": 4.110329023064157},
{"mapping": [11, 13, 2, 7, 1, 4, 3, 5, 9, 12, 10, 14], "R": [[0.7612517333723344, 0.6398873646081698, 0.10507120943639897], [-0.4073007567573712, 0.5979117606029482, -0.6903677426397874], [-0.5045809072710632, 0.48274805763202616, 0.715787972007086]], "T": [-0.032776626594435754, 0.040285548313372936, -0.07612552560355637], "aligned_model": [[-0.10210084062781347, 0.49446623220919256, 0.17371464038968054, -0.5925072160703309, -0.4946257782074089, -0.5189592559226734, -0.2633585560220047, -0.1538038971272399, 0.4511002474351191, 0.1921163565496986, 0.5407603468719582, -0.12899372484639718], [-0.5805876628481111, -0.31360618256930894, -0.5047686013203888, 0.5551613910447278, -0.2653923854856702, -0.09967397724729035, 0.2785411950639391, 0.48858474558545134, 0.11028347522334236, -0.001587369608075491, 0.2591150911147318, 0.08670670878763291], [0.07778629732918432, 0.08660659285571712, -0.5098748588243206, -0.19288961795869866, -0.45436924626446273, 0.488268368844025, -0.6944320120066136, 0.5101782712721318, -0.6058946150035354, 0.7560806182845711, 0.027800235778742285, -0.04000157309731933]], "inverted": false, "swapped": true, "error_lsq": 0.045995373854686744, "error_max": 0.29988427007068397, "target": "45.xyz", "model": "2.xyz", "model_rescale": 3.795458400668931, "target_rescale": 4.110329023064157},
{"mapping": [12, 10, 13, 3, 4, 1, 9, 5, 8, 7, 11, 14], "R": [[0.8489754955806507, -0.09005421819920914, 0.520702262034762], [0.3082353010799811, 0.8847663146152631, -0.3495419398158947], [-0.429222095274372, 0.4572513600927332, 0.7789028094837145]], "T": [0.005994979624718011, 0.04393274155611838, 0.08667936253198039], "aligned_model": [[-0.08797741999049863, -0.18658325845092222, -0.5857268659310977, 0.2739089171219156, 0.26849876832706704, 0.0335938932941082, -0.304701194797244, 0.4822931695126858, 0.25335528396285756, 0.7453801104358528, -0.40545575178121723, 0.10671817404005776], [-0.11870437528181596, -0.5376089775157129, -0.13421572760954342, 0.07971724217066128, 0.49357945601370967, 0.6020035352568757, -0.3595830463644443, -0.1651905675705913, -0.4970303963210565, 0.14212136821042987, 0.49393552053458945, 0.08674501376660806], [-0.7557074947877862, -0.02447118318505391, -0.13203166176893824, 0.7341191528798401, -0.46414935770671406, 0.45763386036043024, 0.5969094313973847, -0.45070261391270705, 0.5107762575109609, 0.2756183511447533, -0.11870816085970942, 0.059484849566640005]], "inverted": true, "swapped": true, "error_lsq": 0.04459070620267103, "error_max": 0.27251203008507413, "target": "45.xyz", "model": "3.xyz", "model_rescale": 3.7530521520055578, "target_rescale": 4.110329023064157},
{"mapping": [6, 7, 3, 1, 9, 4, 10, 5, 12, 11, 14], "R": [[-0.6623270893943544, 0.7481778185957498, 0.0394053094862646], [0.5398878872389062, 0.51308242876873, -0.6672836656936024], [-0.5194650092808111, -0.4206855988147044, -0.743760533426452]], "T": [0.06987917928378043, -0.06047892850135349, 0.06344158001136396], "aligned_model": [[-0.5906898915697638, -0.2127748763825071, 0.34798908060057043, 0.5446188247390146, 0.415230363511363, -0.25230815863635514, -0.14407106541709913, -0.6662247020988903, -0.49861220842064047, 0.38537823068729493, 0.009664005432218022], [-0.5088274398254825, -0.026490243407142053, -0.3472456924915098, 0.22594712266652106, -0.6887490326570643, 0.6250359706490156, -0.5118983702234687, 0.06958068325670726, 0.2300198949105614, 0.4031923065628532, -0.0033618411266453443], [-0.0871853495974152, -0.6513876118854427, -0.5133221466352971, -0.31391016110307385, 0.13894696295038833, 0.0357408891862645, 0.4350292184525005, 0.038794350532816754, 0.6442386502089208, 0.37879467507357084, -0.01290869993791674]], "inverted": true, "swapped": true, "error_lsq": 0.040923895649075524, "error_max": 0.2179543505328175, "target": "45.xyz", "model": "4.xyz", "model_rescale": 3.7855080009869324, "target_rescale": 4.110329023064157},
{"mapping": [11, 6, 7, 4, 13, 14, 2, 1, 0, 5, 3, 8, 15, 10, 16], "R": [[0.21066400964783716, -0.6922638346234733, 0.6902111693615949], [-0.6936288985699575, 0.3916712859804873, 0.6045432613196666], [-0.6888393325788849, -0.6061059206201467, -0.39766315756112086]], "T": [-0.10279869489352701, 0.043902729735936744, 0.0033938605718369375], "aligned_model": [[-0.6699769706816232, -0.09941534703237039, 0.5106761005304692, 0.14255131212195754, -0.5736892776121754, -0.5448580902694331, -0.29977000882306515, -0.4141702891295043, 0.10974270705262089, 0.6138350880641233, 0.2224868096634055, 0.04632422166834062, -0.15048747825427058, 0.4930577562763815, -0.12648900629864296], [-0.49218192709505, -0.6087823505067977, -0.3862344374744732, -0.4113076054027704, -0.2974473341402438, 0.5140657944749989, 0.667398507841619, -0.049394613086607184, 0.16629027382890094, 0.15175602714047526, 0.614765328363027, -0.23182889053952532, 0.31154576859263683, 0.22476965567009305, 0.09077603963750605], [-0.14944027332758048, 0.011628364366714855, 0.0037996186254239256, -0.5253666794703975, 0.43537746196663235, 0.20643962400444324, -0.34046803576439927, -0.6803072986450889, -0.7370933606752093, -0.35703218174763635, -0.2218212353100945, 0.6335083765925127, 0.7814755339063133, 0.38182023224354683, 0.014725857756147988]], "inverted": true, "swapped": false, "error_lsq": 0.04181107370323078, "error_max": 0.26087574968118976, "target": "45.xyz", "model": "5.xyz", "model_rescale": 4.2253639853439635, "target_rescale": 4.110329023064157},
{"mapping": [7, 1, 9, 8, 3, 13, 10, 6, 11, 4, 2, 12, 5, 14], "R": [[-0.8938410927028957, 0.39017440886955074, -0.2209344510459838], [-0.3552575627679527, -0.3156288614175617, 0.8798695846183273], [0.27356930582919503, 0.8649522255613604, 0.42073445592746744]], "T": [-0.012726181032074596, 0.004550627086448891, -0.0030825008079940347], "aligned_model": [[0.5712865306061241, -0.21429690316835365, -0.43484893347062215, 0.126224086735467, -0.026929866456466778, -0.43915038320069943, -0.05899539303749727, 0.5748818591022589, -0.3727664537409119, 0.374643137207603, -0.7239268018316721, 0.2542579814911139, 0.6605343282343294, 0.08314896428711097], [-0.19487100209171726, 0.1307817968683463, -0.5727954498897658, -0.7119917719285876, -0.4690845421832836, 0.1416289259678219, -0.28768048550893915, -0.4457179353754887, 0.5364338698434132, 0.6510872966616373, -0.0036667115509979864, 0.49287795705949206, 0.14350724880374327, 0.03458994995931633], [-0.46263607325390627, -0.6301765017597125, 0.08733716712918226, 0.02767829463187417, -0.5204843487621367, 0.4755385094970771, 0.544723787460215, 0.3316283740171205, -0.041154253195820154, -0.0833198495088515, -0.15136367211147017, 0.6565788796070346, 0.29150747977776464, -0.05429958459692269]], "inverted": false, "swapped": true, "error_lsq": 0.043828991411186694, "error_max": 0.27315229504172533, "target": "45.xyz", "model": "6.xyz", "model_rescale": 3.89814844738969, "target_rescale": 4.110329023064157},
{"mapping": [1, 0, 7, 2, 8, 4, 11, 9, 13, 12, 5, 10, 14], "R": [[-0.11870586875037852, 0.16821987634286092, -0.9785760010992559], [-0.8735626953671, 0.45080998880291745, 0.18346272443872996], [0.4720139129169667, 0.8766255912296348, 0.09343681723019107]], "T": [-0.03324565800578308, 0.03668657701135438, -0.009350607571724224], "aligned_model": [[-0.034201051231420046, 0.030303281244447006, 0.5044661337616649, -0.2576935642071887, 0.6362549774598388, -0.4227463442922641, -0.6253200277914949, 0.27940111784674637, -0.4611579622731312, -0.5525014616989482, 0.018785139755476535, 0.039987784963235073, -0.00694622263273886], [-0.24946419566582315, 0.2832520650697915, 0.4012056672798523, -0.651442564962217, -0.06507357172451494, 0.586301572496252, -0.12662154758500008, -0.5196495768843284, -0.19964240603468378, 0.5926794741215872, 0.766509342875578, 0.02298820663469541, 0.12273879984929636], [-0.6159219329710708, -0.8233503931212807, -0.4216868554458878, -0.072299593359171, 0.26469352076415403, -0.35679162136527215, -0.2010708133703611, 0.3259610452135132, 0.42739394403005626, 0.39825529246139146, 0.1456443576009556, 0.6087762484169642, -0.07732816801769576]], "inverted": false, "swapped": true, "error_lsq": 0.03705038698666308, "error_max": 0.20463234470978817, "target": "45.xyz", "model": "7.xyz", "model_rescale": 3.7474275329858107, "target_rescale": 4.110329023064157},
{"mapping": [13, 4, 2, 8, 12, 11, 7, 9, 5, 3, 6, 1, 10, 0, 14], "R": [[-0.2182591509157375, -0.5655352043764948, -0.7953193545063377], [-0.9635776901054025, -0.004165365586461078, 0.2673961197561931], [-0.15453471510530747, 0.8247136365674861, -0.544027976750235]], "T": [-0.07990260098211482, 0.0011144771669285534, 0.024494792430570636], "aligned_model": [[-0.6498698425325384, -0.14615814456941914, 0.4508338007532698, 0.09372053573505099, -0.4855891673591439, -0.6644324009606166, -0.27470999620099024, -0.47749364086313123, 0.14330023624536828, 0.5822985088119266, 0.33794853141442666, 0.32305648201506004, -0.2817587965452998, 0.38583298204582384, -0.07716156071357305], [-0.6770226447903197, -0.7085889831155189, -0.6502781093976261, -0.287059893594029, -0.09414333036669714, 0.20336572632974317, 0.5977325713098189, 0.17413283390590836, 0.35920887918459277, 0.12654729831294606, 0.6997082967787026, -0.3323800082929562, 0.6336958814521392, 0.2770955915312651, -0.057823871944179886], [0.177397428364389, -0.29823891707712413, -0.02645681099426532, -0.5688186612257097, 0.47945300893452464, -0.03794958873411795, -0.24003225804510253, -0.6018648912385444, -0.5542714442480221, -0.2202312473598515, -0.04111926667953879, 0.5641309899264163, 0.39104383819876043, 0.4001782081449279, 0.034025616554586934]], "inverted": false, "swapped": false, "error_lsq": 0.05487243705786396, "error_max": 0.3165343877504211, "target": "45.xyz", "model": "8.xyz", "model_rescale": 4.019505241142653, "target_rescale": 4.110329023064157},
{"mapping": [10, 13, 8, 6, 5, 7, 3, 12, 4, 11, 2, 0, 14], "R": [[-0.8161931731278875, -0.17635519146738077, -0.5502068252774893], [0.4496382309423719, -0.7918998881979091, -0.4131828025791409], [-0.3628417911630969, -0.5846310062891316, 0.7256393188567672]], "T": [-0.048921209753972336, 0.021982536915279224, 0.017523588382129883], "aligned_model": [[-0.3773378723723946, -0.6921693342860508, 0.14033071978489986, 0.2698451030846761, 0.27961582248690564, 0.7146618894449689, 0.31978638570779594, -0.3083103777310396, 0.21330814441661217, -0.38111801083522856, -0.514100161292094, 0.602161993238337, 0.05302647009378801], [-0.2725409362578952, -0.10343850507022655, 0.10911399943867171, -0.46529913992267696, -0.6499063082575726, 0.05277326396015293, 0.540943932277144, -0.7622899725771127, -0.33571592393685573, 0.12769163859902571, 0.5739906403872562, 0.25600297907344627, -0.007947439599298133], [-0.4218282206264607, 0.03192998411597011, -0.682675118014374, -0.5490458796581875, 0.018366735407577668, -0.07204259515085301, -0.2773839728773812, 0.2675858834978503, 0.6321700419313907, 0.5583092311283047, 0.09972304209267002, 0.5162757852589148, 0.05531857693845663]], "inverted": false, "swapped": true, "error_lsq": 0.052025341702891345, "error_max": 0.3369023332334822, "target": "45.xyz", "model": "9.xyz", "model_rescale": 3.877068213659057, "target_rescale": 4.110329023064157},
{"mapping": [5, 1, 7, 0, 3, 6, 10, 12, 11, 8, 9, 4, 13, 2, 15], "R": [[0.9583119710149042, -0.22889572362019328, 0.1710114438215108], [-0.036057497524852544, -0.6906176542826454, -0.7223206438039701], [0.28343962863681377, 0.6860422751562215, -0.670080572481176]], "T": [-0.07206706880974444, 0.10670896474449912, 0.025889822915398708], "aligned_model": [[-0.4315787320487455, 0.1275957091154249, 0.5507398652370334, -0.11101788495670757, -0.5536082906356355, -0.6148836746539895, -0.1753760339236745, -0.637097822077466, -0.0328459696019681, 0.5779286190725247, 0.4271578754402271, 0.018730190572111657, -0.22205115569077133, 0.41700597277532975, -0.08088114134747985], [-0.5752438035945232, -0.7230416666489623, -0.3797033671237591, -0.30423945806171937, -0.1658257526143909, 0.39614268719727064, 0.7280799945660841, -0.0049725272674212145, 0.27511960217550824, -0.012495515640213645, 0.5247059918110698, -0.3232250595967968, 0.5066669111432888, 0.25997340400246616, 0.06224879695588797], [-0.10328923108485571, -0.13081140559539273, 0.2303430834091955, -0.6548232321587324, 0.33670202062450244, 0.06928138720747415, -0.3003556069153192, -0.44999115791618755, -0.6915743495982669, -0.37237997684195717, -0.0822685993261193, 0.5406745081454596, 0.6702320539996252, 0.44740249129343235, -0.051895980721529206]], "inverted": true, "swapped": false, "error_lsq": 0.034352092703637045, "error_max": 0.17985504379788947, "target": "45.xyz", "model": "10.xyz", "model_rescale": 4.260839863003843, "target_rescale": 4.110329023064157},
{"mapping": [5, 7, 3, 8, 9, 10, 12, 4, 1, 2, 11, 14], "R": [[0.7762524609955812, 0.27894087117941785, -0.5653530818735947], [-0.4328181691965402, -0.4162267048251202, -0.799639770524064], [-0.4583672645506648, 0.8654174256253974, -0.20236632677461724]], "T": [-0.0018677289499665886, 0.05842282506463786, -0.020555703951082978], "aligned_model": [[0.36401635307687613, 0.1942437383183078, -0.3046827593043712, -0.5616941183354215, -0.7128362478752871, -0.39303786303589655, 0.3992116581200424, 0.7505038539962811, 0.14941047307772518, -0.3041776938936607, 0.2987741563400966, 0.07916709860943855], [0.086547209861808, -0.63376425731326, -0.5556781858834698, -0.27208227444635263, 0.05984454945868267, 0.40108522935628205, 0.6931932312608959, 0.10819151735483629, -0.318891498691212, 0.21944556756182793, 0.3943886071167784, -0.009201190103882581], [-0.672253310374042, -0.2934048470355608, 0.13247924715204945, -0.3537931658005341, 0.09866497744637251, -0.3629005527494821, -0.4461131239696447, -0.09777464196549288, 0.5128866612174663, 0.6201794323865246, 0.4384864404399609, -0.06027903935211216]], "inverted": true, "swapped": true, "error_lsq": 0.04573724725602312, "error_max": 0.27399035737686855, "target": "45.xyz", "model": "11.xyz", "model_rescale": 3.890672605050136, "target_rescale": 4.110329023064157},
{"mapping": [1, 0, 4, 2, 11, 8, 7, 9, 3, 6, 12, 5, 10, 14], "R": [[-0.4285030542347941, 0.5871880294095535, -0.6867280033824009], [0.5739063656210208, -0.4101523836922581, -0.7088063950411497], [-0.697865757872619, -0.6978432777276603, -0.16123939878079208]], "T": [0.17280665453812954, -0.007387593250275394, 0.16482701159459068], "aligned_model": [[0.47102320096892236, 0.19622342573627122, 0.29714171915799686, 0.7258990895266859, 0.7906816037826885, -0.39313671181996984, -0.35363255157215795, 0.11807943618370084, -0.0655710984345258, -0.5970563377224201, 0.2129914315930342, -0.2828653620856551, -0.03383093211746227, 0.12392892159658461], [-0.33438603449876403, 0.03243692465884519, 0.6041967945223417, -0.4539409997033864, 0.15910057343406678, -0.4205833765043821, -0.07293826789220827, -0.5835678998321228, -0.6019806552976875, 0.14774366243397524, 0.7985584514014341, 0.583406312393854, 0.036416060754976214, 0.03769097395682321], [-0.33910836236980035, -0.6868151204397566, -0.2652985680727421, 0.31496017577459, 0.09781598505478765, 0.3713790965786848, -0.39248276834008267, 0.5946095297993512, -0.12130552407368161, 0.3729174331802715, 0.47098614970936825, 0.11288967398446997, 0.7505007606148745, 0.07374197395652646]], "inverted": true, "swapped": true, "error_lsq": 0.044448223347922415, "error_max": 0.27673178461110953, "target": "45.xyz", "model": "12.xyz", "model_rescale": 4.124412569039231, "target_rescale": 4.110329023064157},
{"mapping": [10, 2, 3, 12, 8, 6, 11, 5, 1, 4, 7, 0, 14], "R": [[0.30123024154763073, 0.1614109751628051, 0.9397908483668845], [-0.2599225853509533, 0.9621467803662321, -0.0819379195206343], [-0.9174424184664848, -0.21959068770757534, 0.33178206502233015]], "T": [0.02068105049077594, 0.14087075983757555, 0.10981788679738289], "aligned_model": [[-0.1412149164960359, -0.17663996407860116, 0.6510878594548333, -0.6027607870606546, 0.5385198800523058, 0.3584368873263333, -0.4606296236550189, 0.024508248372176952, 0.2399915289446034, -0.20193400842587111, 0.6795457015214109, 0.38649489715405894, 0.07189260440021675], [-0.3110537133919614, 0.6913832029339134, 0.3914741893787611, -0.36713791511368776, -0.17153551771857747, -0.5977098876058946, 0.5446166558173801, -0.45515343197617286, 0.758465135040565, 0.139995501417641, 0.052775799813340435, 0.5447667412353635, 0.12659861667780695], [0.5062842270888935, 0.5409346002852264, 0.2887644342050254, -0.2034626941721823, 0.5196125638941476, 0.1316348252568108, -0.02913363950075834, -0.3419701476251804, -0.032632287069353755, -0.6147126200907868, -0.2776946538093491, -0.5462895161910134, 0.010362988696359363]], "inverted": true, "swapped": true, "error_lsq": 0.044160224445815036, "error_max": 0.2660520776866502, "target": "45.xyz", "model": "13.xyz", "model_rescale": 3.9028299243045295, "target_rescale": 4.110329023064157},
{"mapping": [7, 3, 0, 6, 10, 14, 11, 9, 1, 2, 12, 4, 13, 8, 15], "R": [[0.32301299653591226, -0.34502509626418953, -0.88126062377527], [0.6425078253488142, 0.7636455646338592, -0.06347555419665543], [0.6948714258295767, -0.5457134179795489, 0.46834876641521106]], "T": [0.03508595926697384, 0.014488423584280964, -0.013153096146204024], "aligned_model": [[-0.664030838206693, 0.15959845224731475, 0.6401730836205737, -0.08651836153386575, -0.5583227015910656, -0.7097683692002448, -0.28950918947617277, -0.6269936562869194, 0.12175116329514524, 0.6979039499893396, 0.17077653934286496, -0.0045206600076962075, -0.21768957959612184, 0.6908337633760084, -0.0638660686962535], [-0.5590307968933867, -0.574892183192259, -0.48965219823692147, -0.24024518298541672, -0.1139777042766128, 0.4858387876768557, 0.553472160187677, -0.03899401501970331, 0.2791220737301798, 0.0031040538950908234, 0.6908459720313883, -0.4796883860639923, 0.5354415497133027, 0.23255737474682286, -0.01971126800923595], [-0.06736898929593399, -0.17382849776602094, 0.24555178323559596, -0.6170830929966653, 0.41895246648875134, 0.06476683979062137, -0.4004400820202222, -0.4126974214627355, -0.6002279886122504, -0.33360976538142273, 0.07832817023207309, 0.44899825395265097, 0.5321575668011707, 0.33173516039882844, -0.057988398843112236]], "inverted": false, "swapped": false, "error_lsq": 0.03917173907144897, "error_max": 0.2442517447096256, "target": "45.xyz", "model": "14.xyz", "model_rescale": 3.942246331269136, "target_rescale": 4.110329023064157},
{"mapping": [8, 8, 7, 0, 11, 4, 3, 12, 1, 2, 5, 6, 10, 9, 14], "R": [[0.04148499100663086, -0.5221588701258708, 0.8518386642258344], [-0.7792727741173611, 0.5166722472521171, 0.3546600237394678], [-0.6253102742164185, -0.6785277468669366, -0.38547004772234433]], "T": [-0.13701931052239935, 0.10486525586321191, 0.010111890419822897], "aligned_model": [[-0.21324475904180779, -0.21324475904180779, 0.5008987070104536, 0.20937993981912506, -0.5966198491358057, -0.552072271354377, -0.30563426404205807, -0.5972563003227541, -0.04036073564924375, 0.5592484544123675, 0.29551746222604375, -0.014174016713514703, -0.1687642703799503, 0.49694700798464697, -0.10080281849510381], [-0.6645536856418692, -0.6645536856418692, -0.45173676125679973, -0.3355439182691736, -0.21425880814326495, 0.46935565536944723, 0.702871876725238, 0.11068072334139531, 0.36887133143456996, 0.01666792001176201, 0.48993304750713573, -0.26154250631582043, 0.43893533756388303, 0.18526633991782207, 0.07379737070133373], [-0.021905288391039876, -0.021905288391039876, 0.1294194994559962, -0.4660863892611495, 0.4584847278384237, 0.2064324581018629, -0.35114288028278123, -0.6653319279102193, -0.7498876804652664, -0.29002199320702987, -0.24953073752857013, 0.4143936918187771, 0.6397069619374701, 0.49979002839805414, -0.07516917759215913]], "inverted": true, "swapped": false, "error_lsq": 0.05011713907422644, "error_max": 0.4068454225129532, "target": "45.xyz", "model": "15.xyz", "model_rescale": 4.355366556412066, "target_rescale": 4.110329023064157},
{"mapping": [11, 13, 2, 7, 1, 4, 3, 5, 9, 12, 10, 14], "R": [[0.7612517333723344, 0.6398873646081698, 0.10507120943639897], [-0.4073007567573712, 0.5979117606029482, -0.6903677426397874], [-0.5045809072710632, 0.48274805763202616, 0.715787972007086]], "T": [-0.032776626594435754, 0.040285548313372936, -0.07612552560355637], "aligned_model": [[-0.10210084062781347, 0.49446623220919256, 0.17371464038968054, -0.5925072160703309, -0.4946257782074089, -0.5189592559226734, -0.2633585560220047, -0.1538038971272399, 0.4511002474351191, 0.1921163565496986, 0.5407603468719582, -0.12899372484639718], [-0.5805876628481111, -0.31360618256930894, -0.5047686013203888, 0.5551613910447278, -0.2653923854856702, -0.09967397724729035, 0.2785411950639391, 0.48858474558545134, 0.11028347522334236, -0.001587369608075491, 0.2591150911147318, 0.08670670878763291], [0.07778629732918432, 0.08660659285571712, -0.5098748588243206, -0.19288961795869866, -0.45436924626446273, 0.488268368844025, -0.6944320120066136, 0.5101782712721318, -0.6058946150035354, 0.7560806182845711, 0.027800235778742285, -0.04000157309731933]], "inverted": false, "swapped": true, "error_lsq": 0.045995373854686744, "error_max": 0.29988427007068397, "target": "45.xyz", "model": "16.xyz", "model_rescale": 3.795458400668931, "target_rescale": 4.110329023064157},
{"mapping": [1, 0, 7, 2, 8, 4, 11, 9, 13, 12, 5, 10, 14], "R": [[-0.11870586875037852, 0.16821987634286092, -0.9785760010992559], [-0.8735626953671, 0.45080998880291745, 0.18346272443872996], [0.4720139129169667, 0.8766255912296348, 0.09343681723019107]], "T": [-0.03324565800578308, 0.03668657701135438, -0.009350607571724224], "aligned_model": [[-0.034201051231420046, 0.030303281244447006, 0.5044661337616649, -0.2576935642071887, 0.6362549774598388, -0.4227463442922641, -0.6253200277914949, 0.27940111784674637, -0.4611579622731312, -0.5525014616989482, 0.018785139755476535, 0.039987784963235073, -0.00694622263273886], [-0.24946419566582315, 0.2832520650697915, 0.4012056672798523, -0.651442564962217, -0.06507357172451494, 0.586301572496252, -0.12662154758500008, -0.5196495768843284, -0.19964240603468378, 0.5926794741215872, 0.766509342875578, 0.02298820663469541, 0.12273879984929636], [-0.6159219329710708, -0.8233503931212807, -0.4216868554458878, -0.072299593359171, 0.26469352076415403, -0.35679162136527215, -0.2010708133703611, 0.3259610452135132, 0.42739394403005626, 0.39825529246139146, 0.1456443576009556, 0.6087762484169642, -0.07732816801769576]], "inverted": false, "swapped": true, "error_lsq": 0.03705038698666308, "error_max": 0.20463234470978817, "target": "45.xyz", "model": "17.xyz", "model_rescale": 3.7474275329858107, "target_rescale": 4.110329023064157},
{"mapping": [12, 11, 4, 13, 6, 8, 5, 1, 10, 7, 9, 2, 3, 14], "R": [[0.9270727347263605, -0.023849042740622918, -0.37412212937400974], [0.0032323886259361997, 0.9984457879255839, -0.05563775909785346], [0.37486757153794764, 0.05037094136519387, 0.925708956462681]], "T": [0.031383317420364154, 0.01711354572386431, -0.007020909904087314], "aligned_model": [[0.5010791258905072, 0.10857733266372366, 0.7509257123047486, -0.23763495472249863, 0.15678223397764737, -0.3324616507210807, 0.6080945287106404, 0.008711091665474714, -0.2352122766555752, 0.3774021449105831, -0.670134993293377, -0.4999314967978241, -0.24857422987886835, 0.1272250798287754], [-0.46587871495030225, 0.3870460731104369, 0.16619215645325006, -0.16524919909906835, -0.6633011987928272, -0.32590636781931276, -0.4485200680954772, 0.671077574082831, -0.5319118597143182, 0.09779541458725027, -0.10139241696594194, 0.42257754071336406, 0.28496774680470677, 0.03291156119664216], [-0.5464665370828675, -0.5277600474958266, -0.19286222859407287, -0.5763003933555121, 0.41885142315922674, 0.5255582777346816, 0.09278604963231647, 0.1400469998128626, -0.1300228855681779, 0.6754677175073015, 0.10925558650121044, -0.2919150488444895, 0.5778847142684851, 0.05027109098651687]], "inverted": true, "swapped": true, "error_lsq": 0.036085268802676825, "error_max": 0.2903362361416522, "target": "45.xyz", "model": "18.xyz", "model_rescale": 3.922800546911778, "target_rescale": 4.110329023064157},
{"mapping": [6, 4, 13, 8, 10, 2, 0, 1, 5, 12, 3, 11, 9, 7, 14], "R": [[0.22694424190097884, -0.39963055525228985, -0.8881394768710242], [0.0004482773202221513, -0.9118909208415229, 0.4104323909418506], [-0.9739076496852432, -0.09354340059857968, -0.20676924841237743]], "T": [-0.048486191559658845, -0.02754909194776191, -0.11103185263653709], "aligned_model": [[-0.5326370531488742, -0.14662978791687004, 0.47504628280383177, 0.05828733829236067, -0.557538469440383, -0.5619060199634763, -0.20952900935018487, -0.6605085124771791, 0.1307232187650874, 0.670188431514654, 0.17265484505234646, 0.12762228981418627, -0.21449712039019997, 0.5021091758875418, 0.00643191783337288], [-0.5026855590468311, -0.6872616646586304, -0.4416469839098286, -0.4307028816970647, -0.2674503827312152, 0.3663368905979515, 0.7312807850735215, 0.07312064414150189, 0.27058684635892394, 0.2119423905751831, 0.5680720503886744, -0.27833829539801563, 0.38356755441086055, 0.25125180083155185, 0.016117042367206486], [-0.23597605125394927, 0.17006296231643392, 0.05098799485011779, -0.5587561976919895, 0.4668208935957407, 0.196186108009612, -0.4219740727592308, -0.5151077203523604, -0.7903938104519301, -0.322608459364383, -0.036995778232826126, 0.5318788651072179, 0.5717321333136918, 0.39624107448435225, -0.04485193704916823]], "inverted": true, "swapped": false, "error_lsq": 0.04025962719131549, "error_max": 0.3005598012510825, "target": "45.xyz", "model": "19.xyz", "model_rescale": 3.9282355846067225, "target_rescale": 4.110329023064157},
{"mapping": [13, 11, 4, 2, 9, 1, 3, 7, 8, 6, 12, 10, 5, 14], "R": [[0.9825994939162895, 0.18311835607140772, 0.031078967569035346], [0.0005013346594477802, -0.16994201335332818, 0.9854539363973219], [0.18573632713879978, -0.9682909582182014, -0.16707673989477523]], "T": [-0.03253105316264912, -0.1475602663391401, -0.02615441980141155], "aligned_model": [[-0.5382142338946188, -0.10687150627995173, 0.5633788316104664, -0.5490737652318268, -0.6349432669575193, 0.12745085259834774, 0.003951976736954389, 0.5693269383270012, -0.20495737103128595, 0.1273553350476303, 0.07961789562365984, -0.42227514760679064, 0.43834284514433675, 0.07943343499827266], [-0.5232080351975028, -0.729404197720622, -0.6110360406458702, -0.30261161317746244, 0.23961046217603016, -0.15319143532222343, 0.4229346383711172, 0.32520113137365136, 0.5433310362324747, 0.34446427445355415, -0.6977612142138135, -0.03839534257365178, -0.16282721212871587, -0.13422436420212952], [0.15517237414073778, -0.29055823364049616, 0.04155305250306279, -0.5129848419146842, -0.1091615202674929, -0.6774500746630455, -0.4328991096796499, -0.10548246275954896, 0.137016613081727, 0.6002676032956823, 0.6292834424645762, 0.4469355852501903, 0.554721302688089, -0.024230573255464995]], "inverted": true, "swapped": true, "error_lsq": 0.041131968056600465, "error_max": 0.2863136788449713, "target": "45.xyz", "model": "20.xyz", "model_rescale": 4.067790424073018, "target_rescale": 4.110329023064157},
{"mapping": [3, 2, 4, 0, 11, 10, 9, 12, 7, 8, 1, 6, 13, 5, 14], "R": [[0.7251330908121746, -0.48362543676780134, 0.49019224547144363], [-0.28059085965213704, -0.8575989480574667, -0.43103690534616784], [0.6288487656733194, 0.1750156598761377, -0.7575742529344981]], "T": [-0.021992543048993687, -0.02585579187909496, -0.005654466961326394], "aligned_model": [[-0.5750643646376076, 0.1440279211123941, 0.6513215487967797, 0.050325940088729273, -0.5877186746310428, -0.4759806815788151, -0.34498269806480747, -0.7165241233750307, 0.20009908144534383, 0.49421809798795524, 0.2162869647908504, -0.012194004100138711, -0.1389985345103606, 0.43022702870314083, -0.07522597475117683], [-0.6664578879269336, -0.7392013565548574, -0.413957356049862, -0.3442758120802983, -0.05987903658385916, 0.6377471003336332, 0.5603921470845896, 0.03521219527549809, 0.31551385985601627, 0.0892034617836546, 0.7500878236756517, -0.5271612641827382, 0.41085888556165134, 0.185010645509385, 0.03109683160225802], [-0.09217343224979967, -0.137173448009641, 0.1905541066188924, -0.6363974869406862, 0.3055185023726402, 0.1518663033351604, -0.4006742301284149, -0.3233185218564175, -0.6307992729163157, -0.21885821681541975, -0.1258188664407391, 0.538545601734241, 0.5288671823169467, 0.30978003553529687, -0.0026722520344151894]], "inverted": true, "swapped": false, "error_lsq": 0.042971191642675835, "error_max": 0.26474721124431067, "target": "45.xyz", "model": "21.xyz", "model_rescale": 4.186013935880536, "target_rescale": 4.110329023064157},
{"mapping": [6, 3, 9, 12, 4, 10, 5, 7, 2, 1, 0, 11, 14], "R": [[-0.7124099679342595, -0.44601182798443595, -0.5417983821366484], [-0.5922635304481556, 0.7962570434008409, 0.12328272926747877], [0.376425222439988, 0.40871526779964273, -0.8314179946203188]], "T": [0.09949633436385509, 0.006068718672109487, -0.01885195396921217], "aligned_model": [[-0.009410684626701013, -0.34985504182523425, 0.3706496060367812, 0.517864919885145, -0.13744838894005496, 0.5452056027207416, -0.042926147452144, -0.6287968302807755, 0.39315808160640303, -0.2797228365389558, -0.6473560529895342, 0.32248572069089265, 0.004726087136661533], [-0.6347917425017737, 0.3489637404577262, 0.3358731303250415, -0.6255936019415849, -0.30605250325435845, -0.2535233769747505, -0.7210064127374645, -0.1892794764500045, 0.6705007232170392, 0.5242006939141356, 0.12910855429479443, 0.28481530220662393, -0.04425837100933114], [-0.5061849893945097, -0.43447562421283314, -0.5997106118123418, 0.39450951062770545, 0.6299471111248695, -0.3675449200482167, 0.08337085501870901, -0.17201026579497566, -0.006440548488498187, 0.17491085703502154, 0.374214667369377, 0.5164557294999542, 0.015837790411084327]], "inverted": true, "swapped": true, "error_lsq": 0.045996573838636416, "error_max": 0.3185415705087361, "target": "45.xyz", "model": "22.xyz", "model_rescale": 4.166573947596378, "target_rescale": 4.110329023064157},
{"mapping": [11, 12, 14, 6, 3, 4, 0, 2, 5, 13, 7, 9, 8, 10, 15], "R": [[-0.19840882633690693, 0.5977112074528484, 0.7767723283671151], [-0.9770043391636299, -0.18374776931554848, -0.10816320320237882], [0.07807982381544043, -0.7803704695571316, 0.6204236225000881]], "T": [-0.10109838753469232, -0.030512938152424916, -0.0133824296429099], "aligned_model": [[-0.4336988813969971, 0.032481693951098636, 0.553382696473785, -0.1731431332405285, -0.6302168586203337, -0.6756092218632639, -0.2322090980862237, -0.6637109852828024, 0.33045388650094065, 0.7026725157161672, 0.3032001999031721, -0.05982426093502598, -0.2710155225979851, 0.5823368352609755, -0.10528233850676541], [-0.7161743980888678, -0.6431034885099421, -0.4508705607398062, -0.2555452245325208, -0.1347507714527619, 0.4229243344326009, 0.7492928824258152, -0.12547046755903024, 0.36697933089350027, 0.05760049201281723, 0.5588035817199467, -0.2392358764258299, 0.49314898869004625, 0.17726713656971302, 0.0033242778681088075], [0.18993653471305125, -0.20383067634563123, 0.1312956372090461, -0.736761760747685, 0.25231433300373723, 0.05131265853490665, -0.21702089999904078, -0.3701167448597232, -0.6023005156487155, -0.26438342049266067, -0.038647806178395895, 0.5480268219677534, 0.5790578574820452, 0.21175079734674895, -0.0733868114641078]], "inverted": false, "swapped": false, "error_lsq": 0.0471460095743972, "error_max": 0.35444546782181385, "target": "45.xyz", "model": "23.xyz", "model_rescale": 4.274766983524099, "target_rescale": 4.110329023064157},
{"mapping": [1, 13, 9, 3, 10, 6, 7, 5, 4, 12, 14], "R": [[-0.3578755100165005, -0.5304111944559655, 0.7684979402225004], [0.6859779064970213, 0.4090407025366873, 0.6017640862217167], [-0.6335293451201719, 0.7425292374473139, 0.2174647107176631]], "T": [0.003089746445261797, 0.1200285244571612, -0.10163664246134585], "aligned_model": [[0.283419375381677, 0.04871423743132416, -0.5544558165726435, -0.33513808731534955, -0.4057876524173348, -0.5455134372285485, -0.1164625855336838, 0.030956866805008164, 0.6274005422584424, 0.3080110832783366, 0.038750177870846746], [-0.24028967555187705, 0.7719402767806913, 0.34900589076017996, -0.3569966637776948, 0.5366940557353858, -0.02917546610655214, -0.6189256865349225, -0.018979347744590674, -0.06963422745987538, 0.5641436249855327, 0.027803750157206264], [-0.5929593919441065, -0.15297478354118507, -0.4971162727281527, -0.4893035004390038, 0.11479048236020989, 0.4787331301501061, 0.07636120432995475, 0.6327148726777294, 0.2840662959663538, 0.5726644897299594, -0.0474100925402879]], "inverted": false, "swapped": true, "error_lsq": 0.049166399325125225, "error_max": 0.25814321477330765, "target": "45.xyz", "model": "24.xyz", "model_rescale": 3.7841303162186577, "target_rescale": 4.110329023064157},
{"mapping": [2, 8, 0, 9, 4, 3, 13, 12, 14, 10, 11, 1, 6, 7, 15], "R": [[0.30072654589610176, 0.6663343996861546, -0.6823210478860314], [0.7025694259299098, 0.3290353697039617, 0.6309769625210532], [0.644949413785234, -0.6691294293921538, -0.3691965064561333]], "T": [-0.009584493723902077, -0.021163793298837927, -0.03748565458591846], "aligned_model": [[-0.5269900894031065, 0.025751180347967917, 0.5271694659821258, -0.05359275334817471, -0.5563779692414341, -0.5978493275252528, -0.2587175108515962, -0.5443133360328851, 0.030623418523697488, 0.6569348798331758, 0.1859854238298524, 0.018323462257307244, -0.14488579601771032, 0.5297393939302375, -0.0319829150079905], [-0.5472709225924302, -0.6042616535408388, -0.342804126731973, -0.2772954091282193, -0.16531240165518252, 0.48484987635862825, 0.6240087628935539, 0.08172789987131547, 0.16369115390602523, 0.08167693954574055, 0.7175166827391342, -0.5203611747821046, 0.3483453480180418, 0.19870661889770713, 0.020972643504391306], [-0.19335664609339812, 0.05310164672033357, 0.3495190378927578, -0.5615091053813923, 0.44928165809925197, 0.1790704329886523, -0.4031153987042927, -0.565359002187035, -0.8078822632214562, -0.4253397684203204, 0.03688591814868723, 0.5130227596244408, 0.5684706180310838, 0.2516376861294338, 0.012818430894582455]], "inverted": false, "swapped": false, "error_lsq": 0.04372401463688095, "error_max": 0.27805541207074386, "target": "45.xyz", "model": "25.xyz", "model_rescale": 4.19342608120988, "target_rescale": 4.110329023064157},
{"mapping": [11, 13, 2, 7, 1, 4, 3, 5, 9, 12, 10, 14], "R": [[0.7612517333723344, 0.6398873646081698, 0.10507120943639897], [-0.4073007567573712, 0.5979117606029482, -0.6903677426397874], [-0.5045809072710632, 0.48274805763202616, 0.715787972007086]], "T": [-0.032776626594435754, 0.040285548313372936, -0.07612552560355637], "aligned_model": [[-0.10210084062781347, 0.49446623220919256, 0.17371464038968054, -0.5925072160703309, -0.4946257782074089, -0.5189592559226734, -0.2633585560220047, -0.1538038971272399, 0.4511002474351191, 0.1921163565496986, 0.5407603468719582, -0.12899372484639718], [-0.5805876628481111, -0.31360618256930894, -0.5047686013203888, 0.5551613910447278, -0.2653923854856702, -0.09967397724729035, 0.2785411950639391, 0.48858474558545134, 0.11028347522334236, -0.001587369608075491, 0.2591150911147318, 0.08670670878763291], [0.07778629732918432, 0.08660659285571712, -0.5098748588243206, -0.19288961795869866, -0.45436924626446273, 0.488268368844025, -0.6944320120066136, 0.5101782712721318, -0.6058946150035354, 0.7560806182845711, 0.027800235778742285, -0.04000157309731933]], "inverted": false, "swapped": true, "error_lsq": 0.045995373854686744, "error_max": 0.29988427007068397, "target": "45.xyz", "model": "26.xyz", "model_rescale": 3.795458400668931, "target_rescale": 4.110329023064157},
{"mapping": [5, 10, 12, 4, 11, 3, 8, 7, 9, 13, 1, 2, 14], "R": [[0.37245897830036345, 0.6844866054067689, 0.6266996062725487], [0.5259470757083342, -0.7120587053124907, 0.4651366183634128], [0.7646266952162348, 0.1563665156208887, -0.6252163863457845]], "T": [-0.11121101121002899, -0.06024640954037131, -0.06817603654089416], "aligned_model": [[0.061554768583784364, 0.3634922027528398, 0.5650991730156681, -0.13591066460936072, 0.033890133589649346, -0.699953431746832, -0.25563773729777817, -0.7110988967259612, -0.05561091041273111, 0.4620804235729963, -0.6449118328331069, -0.10957087130158275, -0.17374597376632833], [-0.6522562612400851, -0.30292576061995385, -0.2512852941220342, -0.07850782224203118, 0.4943978683797713, -0.11698779220700489, -0.5073602463418067, -0.5192606464903364, 0.01570560211413024, 0.2315605042338087, 0.3409515583984173, 0.582073262572822, -0.11422346917878279], [-0.4913169510610772, 0.25337517839608703, -0.5691809669939472, -0.8255129060207078, -0.36022675641000196, 0.30918250419816173, 0.49121340809250474, -0.21470171543487215, 0.6465489090101582, 0.05788659710926719, -0.13154459181335765, 0.27135879554651726, -0.14494484251930617]], "inverted": false, "swapped": true, "error_lsq": 0.04573157254589618, "error_max": 0.30779867335013117, "target": "45.xyz", "model": "27.xyz", "model_rescale": 3.6321398670334006, "target_rescale": 4.110329023064157},
