[{"mapping": [7, 9, 11, 8, 4, 12, 15, 0, 5, 1, 3, 6, 2, 16], "R": [[-0.9471716584238955, 0.10218570999003973, 0.3040130427339581], [0.0932062028312664, -0.8192794887476694, 0.5657682591584071], [0.3068850814756312, 0.5642155616350805, 0.7664739700580224]], "T": [-0.057913500641087065, 0.17724170675665035, 0.16917190085654205], "aligned_model": [[0.08771126617920376, 0.2770545389353943, -0.5874700214850119, -0.42739907962184825, -0.6744154526844995, -0.1287330180054499, -0.6862301650723366, -0.023271154874055774, -0.39564560495865, 0.4119006769548462, 0.4945958443125161, 0.44350627412340043, 0.602939827479322, -0.023051830154527414], [-0.6529401926299856, -0.2339115898970251, -0.41887815358734287, -0.3493667785259211, 0.30904669530103446, 0.022763457840090456, 0.08015390208668843, 0.47688835014782066, 0.882609742264957, 0.028811132242923948, 0.5771779315878626, 0.6488534979640621, -0.25531358966597045, 0.11937892668083971], [0.16733390021965688, -0.3898343484054982, 0.33180357186896337, -0.2293915198245336, 0.5368487633608916, -0.5910180342108771, -0.029267841688431995, 0.6219973895459596, 0.12947686682190004, 0.5895826084671869, 0.5886434448649907, 0.04841185022225547, 0.029724316533821737, 0.09327711940354841]], "inverted": true, "swapped": true, "error_lsq": 0.047754529165901956, "error_max": 0.31004232202024073, "target": "450.xyz", "model": "0.xyz", "model_rescale": 3.8414455957264533, "target_rescale": 4.304542976745304},
{"mapping": [10, 7, 6, 2, 1, 13, 6, 0, 14, 5, 12, 11, 8, 4, 16], "R": [[-0.10727060960103867, -0.9360638839730473, -0.3350782318162655], [0.8565986468265334, 0.08407170394965117, -0.5090881130511241], [0.5047095942923747, -0.34163775218247705, 0.7928126334216243]], "T": [-0.030085897234321174, 0.04364039980647032, 0.004540346324997127], "aligned_model": [[-0.6110318266328745, -0.5135317869543078, 0.2881442132965223, -0.224818602579412, -0.5032069046080669, 0.36371087197195295, 0.2881442132965223, -0.23377381638543226, 0.6916431992671377, 0.43494600552228746, 0.5108197941852469, -0.45049990726092837, 0.03257802326159029, -0.19689632317900738, -0.004182999696686146], [0.1625485170705201, 0.13436132379073512, -0.5575002331401571, -0.4581568178403274, -0.3986804069948788, -0.47253024869946664, -0.5575002331401571, -0.10872836041251698, 0.3350101784273848, 0.17476646588464684, 0.2149843936124638, 0.7028741749697627, 0.5751776148254508, 0.5680636790280328, 0.03235448066152197], [0.15774604130035497, -0.6799022901985463, 0.16510808322124743, -0.5900650357187904, 0.0012273044362387103, -0.4006038439006572, 0.16510808322124743, 0.4855124023988055, 0.1301299685830008, 0.6207659703816877, -0.5291542663350759, -0.22107203573427214, -0.5304646183896311, 0.4839024152313936, -0.09305639115746807]], "inverted": true, "swapped": true, "error_lsq": 0.04978340286005361, "error_max": 0.4519691150962421, "target": "450.xyz", "model": "1.xyz", "model_rescale": 4.316132596720782, "target_rescale": 4.304542976745304},
{"mapping": [4, 15, 5, 1, 0, 10, 6, 7, 14, 11, 12, 16], "R": [[0.24707094268120872, -0.5113550096536266, -0.8230868747494147], [-0.9017805487674337, 0.1895109964749307, -0.38842943256116047], [0.35460935005626304, 0.8382133596628119, -0.4143073406729074]], "T": [-0.08451101776584072, 0.0990631458535892, -0.10394994494952485], "aligned_model": [[-0.06704159144873675, 0.42228009952246603, 0.11344707567512505, -0.6876926620897192, -0.49218837319527475, -0.49164047188304105, -0.2628336821283529, -0.14140872339988145, 0.5677536389937443, 0.07653702092261722, 0.5984165972189018, -0.037820373556067446], [-0.5990655976592096, -0.2382300925045422, -0.46132388936568447, 0.32555192722117243, -0.22404125194990532, -0.12296345032683194, 0.3177998328071397, 0.5910459546457113, -0.13199611312554377, -0.10334663098959031, 0.4719003072740102, 0.18744543171425465], [0.1080513845863001, 0.16620230626173976, -0.6138143382248333, -0.03779183237313473, -0.26345495494216314, 0.29612391871527255, -0.7433072402978828, 0.5780526239412412, -0.48173880957053977, 0.6676275745221429, -0.14096338252385793, -0.08572878888486354]], "inverted": true, "swapped": true, "error_lsq": 0.04688118133965304, "error_max": 0.2141491017145742, "target": "450.xyz", "model": "2.xyz", "model_rescale": 3.795458400668931, "target_rescale": 4.304542976745304},
{"mapping": [6, 1, 0, 11, 14, 15, 10, 9, 7, 8, 5, 16], "R": [[0.31121744043343835, -0.06034507584336263, 0.9484208857841114], [-0.666791567808322, 0.697232313924017, 0.2631655477449153], [-0.6771504337071486, -0.7143007575535815, 0.1767532683958082]], "T": [-0.02419819315004463, -0.017322044976290304, -0.02393824437150869], "aligned_model": [[-0.21272478130213068, -0.2584358088611226, -0.565061748281438, 0.2075385916158387, 0.13622515612049846, 0.18404064983582408, -0.31150432784937054, 0.6736195534708674, 0.489676800529442, 0.6092517104752522, -0.4309864015765527, 0.07166443156645685], [-0.1342001831225257, -0.6211721002217249, -0.0760809549552168, 0.04490995892331687, 0.7000940130507279, 0.5049833139154658, -0.27318811983689967, -0.2604641911159313, -0.532814143915879, 0.17241082343938618, 0.6043021184448318, -0.04301148931584191], [-0.6866747593932264, -0.024039043062546984, -0.016649111956308978, 0.7536627441554906, -0.3087900278363773, 0.3330209975368921, 0.45260874691945535, -0.2422749038504721, 0.40104684222421255, 0.344072011451905, -0.2715053836827874, -0.04570668186713618]], "inverted": false, "swapped": true, "error_lsq": 0.04290154588864311, "error_max": 0.22714527024137193, "target": "450.xyz", "model": "3.xyz", "model_rescale": 3.7530521520055578, "target_rescale": 4.304542976745304},
{"mapping": [8, 14, 4, 0, 11, 6, 7, 9, 2, 1, 16], "R": [[-0.520677047222758, -0.36915551966972815, -0.7698179101532796], [0.6219623725855954, 0.4536807805064005, -0.6382292350611968], [0.5848574352635751, -0.811109087420722, -0.006620326308936275]], "T": [0.010994229216969471, 0.036871546164183214, -0.10573326543390993], "aligned_model": [[-0.3847134563769154, -0.3462595063286288, 0.5237127744161054, 0.4916076277225452, 0.17579362366424572, -0.13007148034346322, -0.17379378696902034, -0.6734420901242871, -0.347498498135305, 0.28281452723444506, -0.07995013231451642], [-0.6075929865120554, 0.019749431289210542, -0.31284063337991663, 0.2837731120722563, -0.7486745624973615, 0.7194407464635336, -0.4161289452536854, -0.017451854708586498, 0.22597481954882404, 0.30065735950891226, 0.02029687178321475], [-0.07798828686694903, -0.8083274523371642, -0.489731406037432, -0.16968249648252867, 0.02841787260700243, -0.15694082687599648, 0.5806018428595706, 0.24403022677921438, 0.586364813565928, 0.41965509593132966, -0.06356860589765831]], "inverted": false, "swapped": true, "error_lsq": 0.047450120812462054, "error_max": 0.22241510261793823, "target": "450.xyz", "model": "4.xyz", "model_rescale": 3.7855080009869324, "target_rescale": 4.304542976745304},
{"mapping": [13, 12, 1, 11, 15, 8, 6, 2, 3, 0, 14, 9, 5, 4, 7, 10, 16], "R": [[-0.8433411340853131, -0.5329313421083901, 0.06899214562722412], [-0.5249759890367232, 0.8444827025693508, 0.10606213271512008], [-0.1147865083300836, 0.05322733940105872, -0.9919631585122868]], "T": [0.023268985926162146, -0.009903711952168933, 0.04082222131567209], "aligned_model": [[-0.10021274636104174, 0.2745026700190891, 0.735910872932265, 0.5167715293163632, -0.7591892034067258, -0.4494127775950928, 0.288026779488788, 0.11113483053352721, -0.09562215746694272, 0.5703847907222594, -0.2455995531758163, -0.4720550113749216, 0.12291326904551819, 0.6183696362952708, 0.05613420965324966, -0.5263569157152597, -0.0005945136629229505], [0.03940934154946209, -0.4472548168283778, -0.26430372513269035, 0.014807718096936862, -0.09300947514773626, 0.41336809606352776, 0.4891842775756103, -0.6718212251686735, -0.2842040790355578, -0.11306758219756151, -0.6026577335221556, -0.39575964075116254, 0.28462948822590756, 0.38648189341578515, 0.698232999966447, 0.29624257434347245, -0.05803631183753204], [-0.6713491930370068, -0.41598289035757474, 0.06375937823411218, -0.5822996072160129, -0.20447498770929162, -0.26368196738651917, -0.28612052217916645, 0.35694005793265954, 0.667751890449171, 0.5871695424757781, -0.14370359564944724, 0.3765056423501108, 0.7881002522076515, 0.22985780434884678, 0.2833747850588081, 0.4084498776563313, 0.04155598655226715]], "inverted": false, "swapped": false, "error_lsq": 0.039135852486068816, "error_max": 0.2918073763095259, "target": "450.xyz", "model": "5.xyz", "model_rescale": 4.2253639853439635, "target_rescale": 4.304542976745304},
{"mapping": [1, 10, 8, 9, 7, 15, 12, 13, 4, 0, 11, 14, 6, 16], "R": [[0.7687214247911666, 0.32448686003099286, -0.5511584606392844], [-0.6376517072392937, 0.32189485411819135, -0.6998456995274331], [-0.049675661262361115, 0.8894335166607199, 0.4543570711661611]], "T": [0.12540501783999242, 0.07608184850846526, 0.00670367881726034], "aligned_model": [[0.45697043391615527, -0.0820862188921288, -0.4611359717110946, 0.20433225097866764, -0.16908993354687535, -0.4663411438057627, -0.016476827446420372, 0.6388079850525854, -0.3383674441227706, 0.3084791026095539, -0.6324324427627122, 0.009356206017290841, 0.7961149676238652, 0.12593118884743018], [0.0015262876415182286, 0.24753170440858657, -0.36530932546660033, -0.6693619217991292, -0.5836771951199948, 0.1634950014439927, -0.4234402768105638, -0.4083453778666063, 0.6347190345385479, 0.5261396087373148, -0.03848245322538234, 0.24630105706763677, 0.1360939568982265, -0.022090953812556213], [-0.5446655288833121, -0.5434432395601079, 0.19063950802053806, 0.18509281744285588, -0.42735007935690134, 0.29958868169440594, 0.5873196096189712, 0.3023343678429441, -0.06727662267545848, -0.23818612939497655, -0.266783909852932, 0.7677030770833491, 0.19370413889011265, 0.03288151806195978]], "inverted": false, "swapped": true, "error_lsq": 0.04328184192227288, "error_max": 0.318166389568143, "target": "450.xyz", "model": "6.xyz", "model_rescale": 3.89814844738969, "target_rescale": 4.304542976745304},
{"mapping": [15, 11, 10, 14, 0, 7, 12, 5, 13, 2, 1, 6, 16], "R": [[0.5579228326522796, 0.08811532647024059, 0.8252016735600456], [-0.4068204230066004, 0.8957174968358894, 0.1794082196745173], [-0.7233389635779257, -0.4358048360253613, 0.5355883574788763]], "T": [0.015454773714405026, 0.05991549065685567, -0.0291016048020885], "aligned_model": [[-0.028518588468090564, 0.030196783510355443, 0.40529309677905073, -0.15407968860534976, 0.5264528470148747, -0.3960533632494505, -0.6832967390782418, 0.38735980789100294, -0.5500940407477712, -0.474256384631016, 0.1817651296535701, -0.01161171530709619, -0.08452534385761558], [-0.31169879687760194, 0.2623127744038435, 0.45668887777799405, -0.7096714346014147, 0.11206677965717751, 0.6927842344432356, -0.2679884098644232, -0.612897654900663, 0.060937967019338804, 0.6287771944965951, 0.6268523823153243, -0.05228991768706137, 0.0779072692881406], [-0.5800601955850839, -0.8171727118477496, -0.2854339268987696, -0.052681689763647524, 0.15034292245204775, -0.404001782686541, -0.1339492380551751, 0.1198676948865695, 0.4864595862242103, 0.2534867492061033, 0.23627659019200525, 0.6601732413009389, -0.031032208588612522]], "inverted": true, "swapped": true, "error_lsq": 0.048138096562357804, "error_max": 0.28803445646678283, "target": "450.xyz", "model": "7.xyz", "model_rescale": 3.7474275329858107, "target_rescale": 4.304542976745304},
{"mapping": [13, 6, 3, 2, 0, 7, 9, 8, 10, 11, 12, 15, 14, 5, 16], "R": [[0.47613863553550945, -0.09171573176800295, 0.874574310334258], [0.2307755683626359, -0.9466552469469993, -0.22491438476588832], [0.8485485471069323, 0.3089208118174873, -0.42957338747731905]], "T": [0.12262381609255496, -0.0869638336818946, 0.02271293994567819], "aligned_model": [[-0.3467834516733084, 0.22248717041612875, 0.5816402983014972, -0.37826284012775085, 0.6462481125884127, -0.41710466393912965, -0.6225795289288321, -0.4338156537074867, 0.4151527070328936, -0.016236539221289537, -0.5398290888036541, 0.03342312504177969, 0.044278989499802524, 0.5912751839576618, 0.02225990190202154], [0.05588653526507477, 0.11331152559645476, -0.2977203955774012, -0.5416262399615009, -0.18739729002696842, -0.6977563513563652, -0.1355416455883552, -0.04457329280026333, -0.5634260708075908, -0.38646042146802945, 0.3199771947723709, 0.21523123729483745, 0.6897298135308129, 0.5403366818044988, -0.09085331869798201], [-0.5645693071470141, -0.6393592259766632, -0.5986222973494928, -0.40818320584934237, -0.0857759681898896, 0.23727669555826178, -0.16715748524009555, 0.5338558247086023, 0.27275270231819476, 0.7665258550713374, 0.07090857212343413, 0.6094902229350518, 0.1330354506807701, 0.029247019781242792, 0.007369802271863464]], "inverted": true, "swapped": true, "error_lsq": 0.03911231325720113, "error_max": 0.24481895763473024, "target": "450.xyz", "model": "8.xyz", "model_rescale": 4.019505241142653, "target_rescale": 4.304542976745304},
{"mapping": [15, 5, 12, 8, 11, 7, 13, 4, 10, 0, 6, 1, 16], "R": [[-0.4326428993429953, 0.8256698702891808, -0.3620626837230462], [-0.8984837398090219, -0.3616920236279377, 0.24880886106150224], [0.0744787952834988, 0.4329528211486503, 0.8983344386766791]], "T": [-0.018652864288821215, 0.01315610993370582, 0.05400239469068646], "aligned_model": [[-0.1815305573049663, -0.8006607004362818, 0.05427131626506689, 0.30261783877400267, 0.3363869773076434, 0.8022922736072824, 0.12240832883881489, -0.3564850111191273, 0.19836332746679505, -0.2563437669586909, -0.2674232564501612, 0.32195694940499986, 0.043847052345798464], [-0.5227945630235011, -0.026605964589567183, 0.11533239581857214, -0.3864287195201847, -0.7156460713114858, -0.15009561465779747, 0.6836896279448192, -0.5950667585887959, -0.32160733187052326, 0.018946815785231455, 0.6608250139107965, 0.25716169677218365, 0.04566770144431162], [-0.3062946179439107, 0.04591183449992384, -0.7147691847132175, -0.5025997878195664, -0.016935243926375687, -0.04504250426759071, -0.286785500791222, 0.27438358688696207, 0.5187030604489663, 0.543398582596121, 0.13803063259280854, 0.5479137110232561, -0.019211074542275428]], "inverted": true, "swapped": true, "error_lsq": 0.04360679582138956, "error_max": 0.22992302473306894, "target": "450.xyz", "model": "9.xyz", "model_rescale": 3.877068213659057, "target_rescale": 4.304542976745304},
{"mapping": [5, 0, 2, 11, 10, 4, 8, 1, 6, 13, 12, 14, 15, 7, 9, 16], "R": [[0.8206427812749457, -0.12385700916077946, -0.5578573893237126], [-0.40236060301422893, -0.8184469347645484, -0.4101835688037018], [-0.40577256028882464, 0.5610740203005854, -0.7214877497646031]], "T": [-0.06842139781247153, -0.027148160148365914, -0.17011578272310546], "aligned_model": [[0.16829890714207732, -0.25413417883654565, -0.6087428342023924, 0.481823513811743, -0.074929200872148, 0.4146847918654399, 0.4565020806020262, -0.602057712333604, -0.584813300796676, -0.49364864207971626, 0.20751719758339193, 0.3729526357488297, 0.596580657545789, -0.09342390892644492, -0.1959354213404369, -0.07526605959423842], [0.23304192332470125, -0.30840131887708216, 0.0390422045559115, -0.5039752402046141, -0.6395743648148874, -0.41159380571975307, 0.056433251634196595, -0.3837181492495157, 0.35722433627400024, 0.5520467900196623, 0.5825838351234055, 0.5652716586401348, 0.003895932848419513, -0.3332092796946147, 0.368778150658934, 0.0239529526146501], [-0.8697209236527099, -0.597253406788314, 0.4189074897563202, 0.19334608603048054, -0.1711600748320605, -0.5592731316138269, 0.36854772965267313, -0.08298205394366004, -0.44218130513695, 0.09325629082054243, 0.22844720642505573, -0.4454150937533877, -0.1502478513195737, 0.6148131328909774, 0.47851441840473397, -0.0825641858302589]], "inverted": true, "swapped": true, "error_lsq": 0.04162400985046414, "error_max": 0.2575219622376608, "target": "450.xyz", "model": "10.xyz", "model_rescale": 4.260839863003843, "target_rescale": 4.304542976745304},
{"mapping": [2, 6, 14, 12, 15, 8, 7, 1, 0, 4, 10, 16], "R": [[0.5587160322840514, -0.46411147290223603, -0.6873404803947486], [-0.31310266321640284, -0.8854688565984464, 0.34338262373194683], [-0.7679864045382331, 0.023354757861236863, -0.6400401844647572]], "T": [0.03612413455623756, -0.06779049171354505, 0.015586398200214055], "aligned_model": [[0.4879996829471258, 0.33501068942679646, -0.6173148258886242, -0.4820094645040023, -0.5757375604309889, -0.47726773805000633, 0.18545138341584508, 0.6711393931060998, 0.3298184250741373, -0.22697676773284134, 0.3096052721962421, 0.019180159534346694], [0.0658751543086281, -0.6836071981613192, -0.5087621359400565, -0.1609882063687696, 0.14776613469557592, 0.38337211701702234, 0.6256947292842603, 0.058309760579034906, -0.19483377331076873, 0.12848715948591316, 0.36408392515833893, -0.05231916121492532], [-0.6334273292081001, -0.12533582622642558, 0.026700524806756984, -0.558538527503052, 0.16640685787805864, -0.3093289381208584, -0.43959659580621147, -0.0032950152770748614, 0.4556350256731827, 0.6674195716072306, 0.3529317014365437, -0.08339337186454603]], "inverted": false, "swapped": true, "error_lsq": 0.04377214843291746, "error_max": 0.224167102788682, "target": "450.xyz", "model": "11.xyz", "model_rescale": 3.890672605050136, "target_rescale": 4.304542976745304},
{"mapping": [9, 12, 8, 2, 7, 0, 14, 1, 6, 4, 11, 15, 10, 16], "R": [[0.6509043753444705, -0.5988110500834112, 0.4666356399327288], [-0.7262826853979725, -0.3122553177488815, 0.6123806638265573], [-0.22099084833661037, -0.737510639133801, -0.6381544500478845]], "T": [-0.0333593918065027, -0.12284779900197443, 0.12285396611886518], "aligned_model": [[0.6040667758803038, 0.22153984093051526, 0.28548950693119496, 0.7040214789228069, 0.7218984690360212, -0.3585109015983805, -0.4666494305316516, 0.2470943146767327, -0.12265307734391813, -0.5518918900140241, 0.13317173894590756, -0.24731775651169613, -0.009541387833980425, 0.04915815330386211], [-0.14584639031538568, 0.07282663009988219, 0.49787024528351886, -0.43835724499769824, 0.19845125977686992, -0.3440504811940485, 0.009484215043486344, -0.4687233605443799, -0.7887637000611198, 0.30004314349942796, 0.6303817909078362, 0.4721615865779757, 0.05261305342280076, -0.1159382276714006], [-0.30946253038181265, -0.5867272975511932, -0.16994866266629866, 0.12312872870907729, 0.3145944560796744, 0.49886592775538313, -0.5223669032348406, 0.5931921151583004, -0.06951316308895897, 0.4142656785679499, 0.38198834140662735, -0.08636327333192509, 0.709160618104026, 0.06397639983085203]], "inverted": false, "swapped": true, "error_lsq": 0.04146338058697501, "error_max": 0.2602649572606614, "target": "450.xyz", "model": "12.xyz", "model_rescale": 4.124412569039231, "target_rescale": 4.304542976745304},
{"mapping": [6, 9, 7, 14, 1, 0, 12, 4, 8, 15, 10, 11, 16], "R": [[0.062094087062738126, 0.9219876218488712, 0.38220825410933834], [-0.191340086124008, 0.386840788556458, -0.9020771451217882], [-0.9795577041674997, -0.017118103472088975, 0.20043371657387532]], "T": [0.09246974470939182, -0.04271903852195258, 0.08192075094154624], "aligned_model": [[-0.1835421523260469, -0.10267671370686396, 0.5557828200238719, -0.6438279256981541, 0.5927246335315127, 0.31475393316634936, -0.4685136176743714, 0.23469746943968137, -0.014371088096519491, -0.11614354939178775, 0.6674929241924277, 0.46546683718092174, 0.06545473686873621], [-0.40388033943038587, 0.5841671420687932, 0.6520830986400942, -0.09411200694387101, -0.1660087272975437, -0.5386597894668874, 0.4959500762736698, -0.3166986710274873, 0.6340815679883683, 0.17848179671877068, -0.12550578862502282, 0.402902215371403, 0.04468480223857643], [0.6127713979044702, 0.48524467033246266, 0.19595110420197936, -0.19518300796209218, 0.4744087875050659, 0.05600478410923336, 0.12552032318443537, -0.579396058454482, -0.2393499536425381, -0.5106472941402156, -0.11199674510639807, -0.4877571617138903, 0.12612723474980866]], "inverted": true, "swapped": true, "error_lsq": 0.046350363285021, "error_max": 0.2630004794222926, "target": "450.xyz", "model": "13.xyz", "model_rescale": 3.9028299243045295, "target_rescale": 4.304542976745304},
{"mapping": [11, 2, 7, 10, 4, 15, 1, 0, 8, 3, 5, 13, 12, 14, 6, 16], "R": [[-0.23673929212026174, 0.5318658907511351, 0.8130640699366187], [0.9327777550537522, 0.35854222183687506, 0.03705583405024909], [-0.2718090639461457, 0.7671806497923281, -0.5809937033573956]], "T": [-0.035017878663885935, 0.02547063570721263, 0.10666983922078618], "aligned_model": [[0.10637239482262491, -0.26290394739242545, -0.10819770411861095, -0.45236603539546283, -0.02392862647382428, 0.46433965596999954, -0.6393166413998956, -0.43907474094453797, 0.49942848873503876, -0.6831987179492623, 0.17476797802405386, 0.10220897962464097, 0.6491939268974397, 0.6261349485742309, -0.19695892310720076, 0.011338235713787836], [-0.6118815708479548, 0.5693794079348793, -0.006177044650111697, -0.38905974705050367, -0.6552536766019147, -0.41500790928556835, 0.17312908811504774, -0.12398530096947967, -0.17509719531909962, 0.3446232660071581, -0.10513091352874764, 0.7731894880283442, 0.33056818287846645, 0.06534693337553964, 0.5945275384775341, 0.08308173555751054], [-0.37915833250644626, -0.4369366560474067, -0.7324100583464385, -0.06390089699269375, 0.36958603540637003, 0.09228554068488085, -0.07366913821490836, 0.4389951335615183, -0.3901485538393408, 0.45188735700061233, 0.8497148346292086, 0.01872010392970748, -0.10672501227861123, 0.5342780825564738, 0.4786534430180306, 0.03698822706337561]], "inverted": false, "swapped": true, "error_lsq": 0.043233564255740424, "error_max": 0.36410455094118, "target": "450.xyz", "model": "14.xyz", "model_rescale": 3.942246331269136, "target_rescale": 4.304542976745304},
{"mapping": [6, 0, 1, 4, 15, 10, 9, 2, 13, 7, 8, 12, 5, 14, 16], "R": [[-0.64439894492571, -0.528115976195868, 0.5530312065926453], [0.7644782034994706, -0.4279176712648368, 0.48214058426303547], [-0.017974319259811578, 0.7334711871000554, 0.6794828485997141]], "T": [-0.08642153062363081, -0.07887875525473852, -0.11890337361444134], "aligned_model": [[-0.7816755685037663, -0.2843957469470353, -0.2948579127708504, 0.2963088910250522, 0.421103028901207, 0.192678795509753, -0.08742772936710272, -0.27872418232023294, -0.5695387117598852, 0.37702826387964794, 0.5136337938089192, 0.016168607154443487, -0.32810983574544283, -0.1404305597421262, -0.07746709659037052], [-0.05116399485632593, -0.4297451219304601, 0.16360191358559284, -0.6867926550563125, -0.3297990531673563, -0.17214761154635883, 0.6175733019931762, 0.6827119816498364, 0.42246126846041887, 0.5889155508028181, 0.20193890133575354, 0.26016264964905067, -0.7642555094078727, -0.4158166047770928, 0.010499673146782754], [-0.053510890656889715, -0.4846056140089452, -0.6821613605355545, -0.24771176570218018, 0.2318729505773748, -0.656037646033549, 0.21078151703137912, -0.2810023376337281, 0.19875338863403494, -0.3417867283069417, 0.246834157298814, 0.574850084176866, 0.17269258583028155, 0.5918130960007277, -0.07141895631117348]], "inverted": false, "swapped": true, "error_lsq": 0.035012626392786995, "error_max": 0.3269688852601948, "target": "450.xyz", "model": "15.xyz", "model_rescale": 4.355366556412066, "target_rescale": 4.304542976745304},
{"mapping": [4, 15, 5, 1, 0, 10, 6, 7, 14, 11, 12, 16], "R": [[0.24707094268120872, -0.5113550096536266, -0.8230868747494147], [-0.9017805487674337, 0.1895109964749307, -0.38842943256116047], [0.35460935005626304, 0.8382133596628119, -0.4143073406729074]], "T": [-0.08451101776584072, 0.0990631458535892, -0.10394994494952485], "aligned_model": [[-0.06704159144873675, 0.42228009952246603, 0.11344707567512505, -0.6876926620897192, -0.49218837319527475, -0.49164047188304105, -0.2628336821283529, -0.14140872339988145, 0.5677536389937443, 0.07653702092261722, 0.5984165972189018, -0.037820373556067446], [-0.5990655976592096, -0.2382300925045422, -0.46132388936568447, 0.32555192722117243, -0.22404125194990532, -0.12296345032683194, 0.3177998328071397, 0.5910459546457113, -0.13199611312554377, -0.10334663098959031, 0.4719003072740102, 0.18744543171425465], [0.1080513845863001, 0.16620230626173976, -0.6138143382248333, -0.03779183237313473, -0.26345495494216314, 0.29612391871527255, -0.7433072402978828, 0.5780526239412412, -0.48173880957053977, 0.6676275745221429, -0.14096338252385793, -0.08572878888486354]], "inverted": true, "swapped": true, "error_lsq": 0.04688118133965304, "error_max": 0.2141491017145742, "target": "450.xyz", "model": "16.xyz", "model_rescale": 3.795458400668931, "target_rescale": 4.304542976745304},
{"mapping": [15, 11, 10, 14, 0, 7, 12, 5, 13, 2, 1, 6, 16], "R": [[0.5579228326522796, 0.08811532647024059, 0.8252016735600456], [-0.4068204230066004, 0.8957174968358894, 0.1794082196745173], [-0.7233389635779257, -0.4358048360253613, 0.5355883574788763]], "T": [0.015454773714405026, 0.05991549065685567, -0.0291016048020885], "aligned_model": [[-0.028518588468090564, 0.030196783510355443, 0.40529309677905073, -0.15407968860534976, 0.5264528470148747, -0.3960533632494505, -0.6832967390782418, 0.38735980789100294, -0.5500940407477712, -0.474256384631016, 0.1817651296535701, -0.01161171530709619, -0.08452534385761558], [-0.31169879687760194, 0.2623127744038435, 0.45668887777799405, -0.7096714346014147, 0.11206677965717751, 0.6927842344432356, -0.2679884098644232, -0.612897654900663, 0.060937967019338804, 0.6287771944965951, 0.6268523823153243, -0.05228991768706137, 0.0779072692881406], [-0.5800601955850839, -0.8171727118477496, -0.2854339268987696, -0.052681689763647524, 0.15034292245204775, -0.404001782686541, -0.1339492380551751, 0.1198676948865695, 0.4864595862242103, 0.2534867492061033, 0.23627659019200525, 0.6601732413009389, -0.031032208588612522]], "inverted": true, "swapped": true, "error_lsq": 0.048138096562357804, "error_max": 0.28803445646678283, "target": "450.xyz", "model": "17.xyz", "model_rescale": 3.7474275329858107, "target_rescale": 4.304542976745304},
{"mapping": [7, 1, 2, 10, 8, 15, 9, 6, 11, 12, 4, 0, 14, 16], "R": [[0.8827652409504856, -0.14380814795876917, 0.4472636201954059], [0.44493724368438037, 0.5615795984086236, -0.6976096357087936], [-0.15085217450264987, 0.8148297805258949, 0.5597285504741958]], "T": [-0.04623676223629239, 0.10637571989601957, 0.014645925744223569], "aligned_model": [[0.4350356533288383, 0.13296697306462987, 0.6964534146076274, -0.30162674522209, 0.14053514043708182, -0.3457089114037133, 0.6772461274788929, 0.16280988799160093, -0.24127687357320798, 0.37800444155870294, -0.7424899524592016, -0.39842414454726194, -0.2240021840840787, 0.04532482070505629], [-0.48506626202757386, 0.29051061271231804, 0.1239755070763883, -0.10438240293950987, -0.5671934361479246, -0.3507114802567854, -0.08048150095817674, 0.7690042987079081, -0.6703220124351232, -0.12186918705002575, -0.11171797906602646, 0.4068544345332005, 0.1885776860840781, 0.07322996327848601], [-0.3444991439162185, -0.5798980360416384, -0.2876426503470294, -0.5005882622307888, 0.30466271586053595, 0.3954003444559115, 0.20278283043047035, 0.08978131374589687, -0.13005391752625342, 0.6267662850377365, -0.0026780656272656425, -0.2712136831787268, 0.778324052574773, 0.04365093542425157]], "inverted": false, "swapped": true, "error_lsq": 0.03786844786048187, "error_max": 0.21920219941207136, "target": "450.xyz", "model": "18.xyz", "model_rescale": 3.922800546911778, "target_rescale": 4.304542976745304},
{"mapping": [4, 10, 11, 15, 2, 5, 1, 12, 6, 8, 7, 9, 14, 13, 16], "R": [[-0.18784143162479416, 0.5751018380732675, -0.7962245113094026], [0.746467827673897, -0.4432779702852209, -0.4962765592969589], [-0.638358346708932, -0.6875772806780078, -0.34602905121170835]], "T": [-0.07639331771852388, -0.0034594323342876238, -0.06388832585967381], "aligned_model": [[-0.32314206871813544, -0.036875064388540976, 0.430447859016172, 0.08632000244716602, 0.37418302567237066, -0.723394359884284, -0.08391018991633643, 0.33015362657937264, -0.4805315272460454, 0.5570473756019391, 0.7031249132923334, 0.4999329134660213, -0.28837507558418896, 0.047241990487999194, 0.0038274160617748215], [0.42580950504524934, -0.17231727345177317, 0.3189665392274404, 0.6289400600858062, -0.61010364184752, 0.42470785410205464, -0.6191101625279133, 0.3421755368105305, -0.33620080594003604, 0.41022110771219794, -0.2604103746201367, -0.144096214901473, 0.6242235798014949, -0.3019190952043748, -0.013275109256967933], [-0.6000568818014973, -0.6512848149160876, -0.6128797388251417, -0.19496639979435193, 0.20488778238858585, 0.04215488133808812, -0.26493517373030884, 0.503583013497794, 0.3991213369453015, -0.04627614303380444, -0.25556377501038174, 0.42785142059029424, 0.3634754073438519, 0.6298594589253244, -0.0023112067543376025]], "inverted": true, "swapped": true, "error_lsq": 0.04352324789595971, "error_max": 0.23431304384163876, "target": "450.xyz", "model": "19.xyz", "model_rescale": 3.9282355846067225, "target_rescale": 4.304542976745304},
{"mapping": [11, 10, 1, 4, 15, 0, 5, 6, 14, 12, 2, 8, 13, 16], "R": [[0.8086884129554457, 0.23630662465730826, -0.53868565035155], [-0.1435023933349813, 0.9673468146597712, 0.20891913094479056], [0.570464822630401, -0.09164780035911527, 0.816192726523951]], "T": [0.023179398891458466, -0.1527318961747003, -0.005632191660715571], "aligned_model": [[-0.7034330228288558, -0.1529330524358224, 0.3990463644208705, -0.4678235897205804, -0.5931122251374886, 0.19551337219554155, 0.014456713506347349, 0.6729591216537901, -0.15985578056026722, -0.1301572803278761, 0.4342930096504568, -0.5466855100226705, 0.542362893929688, 0.0278918047615435], [-0.5123700960203738, -0.6565582657310636, -0.6732096628111559, -0.12155580928880858, 0.09926188094762417, -0.25671545960623277, 0.45936554896101256, 0.10196032515941955, 0.6131159248563097, 0.2653152355794459, -0.5550255860875966, -0.14086730295042793, 0.052854774261455933, -0.15268941984477302], [0.06460178085016996, -0.30605304985145965, -0.09124222994560435, -0.544684697340909, 0.010798708568628943, -0.5111295174735784, -0.49393882478035017, -0.04224702798053276, 0.03357530704105727, 0.6335016982590518, 0.5533152304010466, 0.4921650634213775, 0.5176578503893929, 0.09586286568539239]], "inverted": false, "swapped": true, "error_lsq": 0.03564293680104464, "error_max": 0.2649271870454096, "target": "450.xyz", "model": "20.xyz", "model_rescale": 4.067790424073018, "target_rescale": 4.304542976745304},
{"mapping": [6, 4, 2, 9, 1, 10, 7, 5, 0, 14, 15, 8, 12, 11, 16], "R": [[-0.06589858440072408, 0.8817679588464167, 0.46705743043634906], [-0.7851175766435146, 0.243062923678558, -0.5696584994347464], [-0.6158309568537426, -0.4042346866421236, 0.6762740204206785]], "T": [0.030832621064978916, 0.08526637361672741, -0.10345241540694601], "aligned_model": [[0.20299963455515055, -0.033511106041704875, -0.2481605272889259, 0.20819936594356955, -0.5276085488226696, -0.5147986112295937, -0.39598252165529635, 0.49096484367565696, -0.21847310012864615, 0.7940242383318126, 0.3365521383479612, 0.228049730909567, 0.61492885847348, -0.2258322969573749, 0.057091855794529016], [0.0019359891815775437, 0.7293427581032741, -0.640699192176287, -0.660717305158544, -0.05546753422672494, 0.298585396926376, -0.4960502639841996, 0.6842824414334963, 0.4875367520710561, 0.27334499693901115, 0.2943282279465628, -0.2233022175120966, -0.37525826341421176, 0.1339414609922785, -0.01090810719372133], [-0.7756406542624719, 0.23368106383877402, -0.2994464331190413, -0.027373532574741635, -0.3998298554254575, 0.07512768104233945, 0.33279492019526874, -0.30994896197206895, -0.37190041078218666, -0.042403446274368414, 0.45009516326664073, 0.558801105765024, 0.12788351984438645, 0.6672562927355774, -0.08384687865653341]], "inverted": false, "swapped": true, "error_lsq": 0.047636286057004526, "error_max": 0.26989296186123235, "target": "450.xyz", "model": "21.xyz", "model_rescale": 4.186013935880536, "target_rescale": 4.304542976745304},
{"mapping": [15, 5, 12, 7, 1, 8, 10, 0, 13, 6, 3, 2, 16], "R": [[-0.30644556599805317, 0.2719359946954368, -0.9122181372178126], [-0.6782979845193309, -0.734733802096764, 0.008836529491077882], [-0.6678345298628593, 0.6214636391981727, 0.40960955296161866]], "T": [-0.05298226387398229, -0.09651846936629821, -0.0847712257643935], "aligned_model": [[0.12290722110814277, -0.5826776223869892, 0.5490626441833245, 0.5912532632382691, -0.18891861524839398, 0.5911256206401534, -0.2237788393184072, -0.5712577725326913, 0.2573858997356696, -0.31724484303655853, -0.6057991655768941, 0.39511390699246535, 0.04140233762513461], [-0.38526767615570184, 0.11892944180304918, 0.24734227897814348, -0.4637647702112595, -0.1683424495302224, -0.34799560461468204, -0.6265069298087433, -0.19275390271315287, 0.5700855576225057, 0.5201366637040039, 0.17754177263283794, 0.13091259600416294, -0.061360318164847855], [-0.6585943593954562, -0.6197364211492618, -0.43983373467813974, 0.31585662792166674, 0.5444066379933246, -0.39229874275326915, 0.17027790641059698, 0.05001885070916237, 0.12726773978161782, 0.11099444556824567, 0.4255780598950471, 0.5403381780073051, -0.071395626975494]], "inverted": true, "swapped": true, "error_lsq": 0.04473522495195932, "error_max": 0.2271211295084027, "target": "450.xyz", "model": "22.xyz", "model_rescale": 4.166573947596378, "target_rescale": 4.304542976745304},
{"mapping": [9, 12, 15, 11, 8, 13, 14, 2, 7, 10, 1, 4, 5, 6, 3, 16], "R": [[-0.8439410957197611, 0.23792299762940539, -0.48078693217928375], [0.4044350185167044, 0.871006597455474, -0.2788903422250954], [0.35241416366644823, -0.4298140928216242, -0.8313026541875119]], "T": [0.022653011957827734, 0.08015795733573094, 0.0497365343765739], "aligned_model": [[-0.704351885770847, -0.3886239469030437, 0.29748578209155985, 0.1364069637679387, -0.2109335145185465, -0.5851520999432616, 0.2468466440535557, -0.7298642989325147, -0.5298621705476184, 0.23004055977248963, -0.1692582915226981, 0.6936099630177975, 0.6167364890075712, -0.11931602975968353, 0.07344105824459032, -0.06997198103653317], [0.08888912668328963, 0.22997650116294568, -0.15909088724740264, -0.6827874548805091, -0.33871183083480905, 0.5439765686937853, 0.5083206949780004, 0.025934772333519387, -0.5560471878544639, -0.3830045899425892, -0.03451345911075952, -0.19124846173996718, 0.5562145037465607, 0.7118191541623429, 0.45436058244488203, 0.07561940502685323], [-0.20546192361495466, -0.5946029241710931, -0.5077696475310479, -0.20951699695314777, -0.535647378417433, 0.016644384329610955, -0.5731405604597375, 0.32186587410881917, 0.06927939398063612, 0.39263616695000114, 0.6576203043859912, -0.04401213285865269, -0.13361482898489305, 0.3129311117852124, 0.7558278217763881, 0.008221868838394118]], "inverted": false, "swapped": true, "error_lsq": 0.046563042936671274, "error_max": 0.29027821071541876, "target": "450.xyz", "model": "23.xyz", "model_rescale": 4.274766983524099, "target_rescale": 4.304542976745304},
{"mapping": [3, 5, 4, 10, 15, 8, 2, 12, 13, 14, 16], "R": [[0.680420820468199, 0.652929724435771, -0.3327315464779542], [-0.7014664459229032, 0.7116948230854714, -0.03788540665784704], [0.21206681097633773, 0.2591780348362255, 0.942260268684167]], "T": [-0.06479439123920493, 0.006384657649469147, -0.07875654839762472], "aligned_model": [[0.43902936203957055, 0.1840792582325514, -0.5148397981760202, -0.4714895051807557, -0.49148748823430377, -0.5346710142431668, 0.14340860236948433, 0.0301202046090467, 0.5192271915500554, 0.1313686494968484, -0.054850758505235506], [-0.19256937778475913, 0.7302110142988216, 0.48420974085301016, -0.17141387921393747, 0.4284661994948938, -0.01561077922173933, -0.7409799694259349, 0.07382209900405517, -0.2893290625906026, 0.6545201147542079, -0.04573956892453185], [-0.6684605875924199, -0.24404432032574355, -0.39777975861307413, -0.5007708405658083, 0.20997581391924444, 0.5140512198228919, 0.12465058563003581, 0.6914454262845782, 0.31762967132758735, 0.3249791083657303, 0.007890115768555958]], "inverted": false, "swapped": true, "error_lsq": 0.04963516422788115, "error_max": 0.2210584186677246, "target": "450.xyz", "model": "24.xyz", "model_rescale": 3.7841303162186577, "target_rescale": 4.304542976745304},
{"mapping": [9, 13, 14, 0, 6, 5, 3, 2, 12, 15, 7, 1, 4, 10, 11, 16], "R": [[0.6644183235821086, -0.43371199417195405, -0.6086396285156986], [-0.2395529440389313, -0.8950065233293795, 0.37626813604149084], [-0.7079284415042394, -0.10419802929635498, -0.698555718894445]], "T": [-0.023320961731118754, -0.055370700247863676, 0.14409761898055679], "aligned_model": [[0.010692559866946557, 0.1998425334202389, -0.6576908946268638, 0.21430257168494432, 0.31158550270670293, -0.3848883768096148, 0.6347472949436778, 0.5049292194054844, -0.45852318477065557, -0.6564311833142682, 0.1613192543251361, 0.6041973100792939, -0.3757763085060036, 0.189273834142115, -0.3520677040477721, -0.027669880026583344], [0.07860935762692658, -0.3936339825384046, -0.5107297711105906, -0.2094818802136043, -0.6513538072527518, -0.6341381909810474, -0.4411858260331863, 0.13867511652278405, -0.11549381246126322, 0.13372766790813506, 0.6746475110220609, 0.08633496613646854, 0.08354774651201469, 0.35511900946894986, 0.6748106751392312, -0.032642311377761274], [-0.6139465961159483, -0.5050755897825592, 0.03553936424973082, 0.6086661573030306, -0.001037690997705898, 0.5281287785945872, 0.38754123606341084, -0.4273696168672059, -0.4991378800748631, 0.22776038564909007, -0.23457551032223278, 0.2192140795797267, 0.767884746756679, 0.545857434284597, 0.28900723058432465, 0.045163486912591796]], "inverted": false, "swapped": true, "error_lsq": 0.04888799972727817, "error_max": 0.2957678952564968, "target": "450.xyz", "model": "25.xyz", "model_rescale": 4.19342608120988, "target_rescale": 4.304542976745304},
{"mapping": [4, 15, 5, 1, 0, 10, 6, 7, 14, 11, 12, 16], "R": [[0.24707094268120872, -0.5113550096536266, -0.8230868747494147], [-0.9017805487674337, 0.1895109964749307, -0.38842943256116047], [0.35460935005626304, 0.8382133596628119, -0.4143073406729074]], "T": [-0.08451101776584072, 0.0990631458535892, -0.10394994494952485], "aligned_model": [[-0.06704159144873675, 0.42228009952246603, 0.11344707567512505, -0.6876926620897192, -0.49218837319527475, -0.49164047188304105, -0.2628336821283529, -0.14140872339988145, 0.5677536389937443, 0.07653702092261722, 0.5984165972189018, -0.037820373556067446], [-0.5990655976592096, -0.2382300925045422, -0.46132388936568447, 0.32555192722117243, -0.22404125194990532, -0.12296345032683194, 0.3177998328071397, 0.5910459546457113, -0.13199611312554377, -0.10334663098959031, 0.4719003072740102, 0.18744543171425465], [0.1080513845863001, 0.16620230626173976, -0.6138143382248333, -0.03779183237313473, -0.26345495494216314, 0.29612391871527255, -0.7433072402978828, 0.5780526239412412, -0.48173880957053977, 0.6676275745221429, -0.14096338252385793, -0.08572878888486354]], "inverted": true, "swapped": true, "error_lsq": 0.04688118133965304, "error_max": 0.2141491017145742, "target": "450.xyz", "model": "26.xyz", "model_rescale": 3.795458400668931, "target_rescale": 4.304542976745304},
