[{"mapping": [11, 3, 5, 6, 0, 12, 1, 2, 7, 8, 9, 10, 4, 13], "R": [[0.928593721758049, 0.242633897231964, -0.28078905218253114], [-0.3562401991293949, 0.7947885748119393, -0.4913288530838136], [0.10395489616071243, 0.5562732361550711, 0.8244716285608501]], "T": [-0.0844732178949643, -0.02027462043417915, 0.15490503790363347], "aligned_model": [[-0.48684120195230707, 0.2969876929923337, -0.2828533029065564, 0.513049896452787, 0.025924468698983585, -0.5459454862774185, -0.3359301860092193, 0.5978224144620616, 0.07319309654467525, 0.08333452920684979, -0.10987979026945512, -0.7763507658524447, 0.6723186241453829, -0.0907237730092666], [-0.49079257479897465, -0.04636672515956817, -0.6325419170135188, -0.4922610549919654, 0.7318412905056367, 0.3206393801832933, 0.21667580351878168, 0.33430834305259416, -0.08965691315575208, -0.617446553736381, 0.46027358408753327, 0.012279827358229863, -0.2141493653951293, -0.04998894197465655], [-0.16723577116792615, 0.5112855667401071, 0.5526176978125406, 0.22376153796895826, 0.2873680209838214, 0.07782846772469931, 0.6171474020355578, 0.15626057512832192, -0.5811125659776784, -0.3202847912293398, -0.3975178987810816, -0.5769928997918496, -0.39562463223103345, -0.005150739597684528]], "inverted": true, "swapped": false, "error_lsq": 0.056651201245735396, "error_max": 0.33400185947803995, "target": "452.xyz", "model": "0.xyz", "model_rescale": 3.8414455957264533, "target_rescale": 4.015372124794232},
{"mapping": [5, 8, 6, 9, 11, 10, 12, 13, 0, 2, 1, 3, 7, 14], "R": [[0.2511135401883447, -0.3312133087951637, -0.9095272035574506], [0.5004218328487094, -0.759898977725885, 0.41488737370459167], [-0.828565012019223, -0.5593311074203854, -0.02507455143108961]], "T": [0.01402685148061569, -0.09584491353218696, -0.04392881060205523], "aligned_model": [[-0.5540169795849728, 0.1330767941821722, -0.23981442750995904, 0.5538130537621835, 0.0330065962410703, -0.5555020995440728, -0.17807292559067067, 0.595872511916272, 0.4145507338363392, -0.07206971573444079, -0.3838573328032192, -0.5893986302307097, 0.5283495995884648, -0.05183096230205085], [-0.4248494627326018, -0.039464735134316135, -0.741739150091951, -0.42767311786611106, 0.7514238933461417, -0.0567619065665072, 0.430035418241685, 0.2859472415829646, 0.2536055281419348, -0.7724388764019968, 0.5359426002564497, 0.015618877487694277, -0.3297123432867877, -0.037119784496474954], [-0.10228116767745077, 0.7351416509912153, 0.31441796843042236, 0.20911383131508732, 0.04574136453870841, 0.3335504509761521, 0.4745662194316349, 0.25696548705752614, -0.5368612380032423, -0.3257314332661109, -0.4809992906007649, -0.5305810410017393, -0.35008749203031153, -0.0606053405437143]], "inverted": true, "swapped": false, "error_lsq": 0.04471243719057612, "error_max": 0.28942803391939953, "target": "452.xyz", "model": "1.xyz", "model_rescale": 4.316132596720782, "target_rescale": 4.015372124794232},
{"mapping": [2, 9, 3, 6, 1, 5, 7, 10, 12, 11, 8, 13], "R": [[-0.37203900357436187, 0.3572858281908834, 0.8566993736389391], [-0.17094391037104267, -0.9335379174572744, 0.3150954397902196], [0.912340484318466, -0.02921974749188455, 0.4083883532007954]], "T": [-0.05847068228364785, 0.053560160418707176, -0.026046759024680392], "aligned_model": [[-0.28578207520395593, 0.46549983967163067, 0.1630299628914966, -0.6489391659377757, -0.46096899540328784, -0.48455988726001364, -0.09538145142843055, -0.012714274475439796, 0.536870931573088, 0.18861894162609846, 0.30887667745971037, -0.07674194888133977], [-0.7564851164998893, -0.48574500747556204, -0.4211123879390598, 0.27261733463277593, -0.2810756023910336, -0.013236983827608656, 0.2858585413315312, 0.7160535491104502, 0.11196792937997925, 0.19677697423531026, 0.4019506545095246, -0.014793457325437756], [-0.05335571435053293, -0.06914415507429894, -0.6436912365170294, -0.10525634729710331, -0.3661762807735238, 0.4713279946039255, -0.6437648581627019, 0.46517666347589615, -0.49391781367432847, 0.7877832566415837, 0.029490835669594685, 0.07078611666794024]], "inverted": true, "swapped": true, "error_lsq": 0.05475805646897783, "error_max": 0.25739386662053504, "target": "452.xyz", "model": "2.xyz", "model_rescale": 3.795458400668931, "target_rescale": 4.015372124794232},
{"mapping": [5, 11, 10, 12, 6, 7, 8, 2, 9, 3, 4, 13], "R": [[-0.2484573748808117, 0.7933256515339058, -0.5557907371355157], [-0.5305567887114013, -0.591514812660244, -0.6071406100367214], [-0.8104186737850885, 0.1440299865369033, 0.5678705276368885]], "T": [0.08225691342367109, 0.018445370533176096, 0.020498837768626613], "aligned_model": [[-0.053856705400150584, -0.4556466561689458, -0.7350896553393671, 0.19465792091991366, -0.01206192121637456, 0.17765302988064952, -0.2852913572238866, 0.8254460004296458, 0.521221683990633, 0.76907360986389, -0.45040762451680755, 0.09760550052436523], [-0.1396305063449987, -0.6305026875886762, -0.05790151899985616, 0.06125014118687105, 0.4893442492708979, 0.5845541427105582, -0.06011473377632796, -0.20644014681326375, -0.47414390443257987, 0.1272260203373278, 0.4639997082174939, -0.07187171847773685], [-0.6039053698916441, -0.16228464092238803, -0.07119264885297298, 0.7703522858280886, -0.3945571079464599, 0.3480977261748808, 0.3642153230621826, -0.3045951241770478, 0.3837044185787457, 0.4356022709914677, -0.019770054619759468, -0.05689564758599264]], "inverted": true, "swapped": true, "error_lsq": 0.05087978898298062, "error_max": 0.2898958301434827, "target": "452.xyz", "model": "3.xyz", "model_rescale": 3.7530521520055578, "target_rescale": 4.015372124794232},
{"mapping": [9, 7, 1, 6, 2, 4, 0, 8, 11, 5, 13], "R": [[-0.3985685921376933, 0.075510607759261, 0.9140247400793943], [-0.10471628270737243, 0.9863407399378024, -0.1271473353039634], [-0.9111408110151401, -0.14639020750984635, -0.38521724993553624]], "T": [-0.14927039711973797, -0.012726644098879754, -0.08351035553388403], "aligned_model": [[-0.49702371377057886, -0.17565758253218325, 0.33456432076843734, 0.3545958728345393, 0.30015284504793527, -0.127924311790598, 0.022269086398762267, -0.6012312390467339, -0.43302246426299096, 0.27443326021612513, -0.11295647141750942], [-0.676850173349348, 0.10785073420088226, -0.2745498578643936, 0.34664007129388974, -0.7171713061008358, 0.6626116811958207, -0.4765092614863015, 0.22182579262907948, 0.19599671282903397, 0.13230913798987293, -0.05495017302335396], [-0.010983628073911678, -0.7328680419784468, -0.37851314853774304, -0.22453368873772106, 0.01830352675597277, -0.24884109233776028, 0.617289994248772, -0.07251056929489763, 0.7037652995372381, 0.3990197961645238, 0.022702329499290116]], "inverted": false, "swapped": true, "error_lsq": 0.04677966473777872, "error_max": 0.26207722010373524, "target": "452.xyz", "model": "4.xyz", "model_rescale": 3.7855080009869324, "target_rescale": 4.015372124794232},
{"mapping": [5, 8, 10, 15, 11, 4, 6, 13, 12, 9, 1, 0, 14, 16], "R": [[-0.7755199378962878, 0.12941710901787176, -0.6179158824781852], [0.6156181189085895, 0.3719756475227296, -0.6947290474145269], [0.13993983563227386, -0.9191764409206225, -0.3681460482739287]], "T": [-0.04627580215461876, -0.08321225400122298, -0.014564519588277234], "aligned_model": [[-0.7628389612885937, 0.23512340893299535, -0.1467759786248052, 0.5895016339493315, 0.11659820493549358, -0.6817965041865052, -0.1831614865021964, 0.5032976040374801, 0.33845215040953397, 0.15842476980105688, -0.3343860462165898, -0.6838133369782797, 0.49763036921828735, -0.012149611260802884], [-0.45955254198537354, -0.21559516331596915, -0.7131836251288565, -0.5323702464311431, 0.6942581871842379, 0.2843848327889946, 0.3693953622323266, 0.2809269028080842, 0.3644503365694438, -0.7084923604410432, 0.426514286962952, -0.021738932734070876, -0.2202558621231913, -0.10592699390626892], [-0.011653981622910679, 0.6167825507971427, 0.3375719030710602, 0.25629015780029424, 0.02348806504975467, 0.0748032762757336, 0.4354196170377173, 0.2858341897298878, -0.353161434118678, -0.28666097965468235, -0.49443458501497023, -0.4598069319704179, -0.39282702731042585, -0.049294850452092934]], "inverted": true, "swapped": false, "error_lsq": 0.04077426965548082, "error_max": 0.2730441571843354, "target": "452.xyz", "model": "5.xyz", "model_rescale": 4.2253639853439635, "target_rescale": 4.015372124794232},
{"mapping": [3, 5, 2, 10, 11, 6, 11, 8, 9, 4, 12, 7, 1, 13], "R": [[0.45851053329225644, -0.6986160505085253, 0.5492756182754889], [-0.4592868787802873, -0.7154144311966997, -0.5265337165042374], [0.7608046095025401, -0.010853829157150219, -0.6488902376768472]], "T": [0.037236079967605445, -0.09124234376590154, -0.08672305192366643], "aligned_model": [[-0.5619748513892141, 0.08721069298800582, -0.14367289296227023, 0.5351158182979998, -0.16047965752742796, -0.5380329354438182, -0.16047965752742796, 0.6663066893935903, 0.3647936714978375, 0.03542802204392484, -0.4181350881366348, -0.651439660778799, 0.5927286168174078, -0.013262551046767289], [-0.45194786619231786, -0.04138599994348788, -0.5534069929940556, -0.4698130741261425, 0.5515924381846535, -0.014775650056318063, 0.5515924381846535, 0.2390155099392354, 0.23735593502759098, -0.7809712470314325, 0.6834491510800318, 0.06510608937567916, -0.4479762968218275, -0.12502025214613952], [-0.2043974269248574, 0.5423700647806952, 0.36477156881340017, 0.3794447747908239, 0.3047175170961607, 0.190651014607084, 0.3047175170961607, 0.11592144965776684, -0.48336599323266155, -0.24541168772723765, -0.33937686951165524, -0.4482090234197615, -0.4074639289560929, -0.09201900745241225]], "inverted": true, "swapped": false, "error_lsq": 0.055424085888572415, "error_max": 0.40982234774530146, "target": "452.xyz", "model": "6.xyz", "model_rescale": 3.89814844738969, "target_rescale": 4.015372124794232},
{"mapping": [7, 4, 6, 12, 1, 10, 8, 3, 9, 11, 5, 0, 13], "R": [[0.010805430755861711, -0.05983933094815458, 0.9981495364612749], [-0.8748952568637265, 0.4827863191319025, 0.038414314733227095], [-0.4841916275438216, -0.8736913783085801, -0.047136432679182105]], "T": [-0.028043256173336542, 0.05985639923866421, -0.03060774343280195], "aligned_model": [[0.1759455335462191, -0.07133956934523655, 0.414356064667782, -0.34738160997892137, 0.5718335247146273, -0.5160952503234049, -0.48451164615736, 0.22204527334568014, -0.2459721630127577, -0.6270259690781753, 0.1415865579830285, -0.05651965667145957, -0.02828928878579941], [-0.3454923033408246, 0.33132873638304444, 0.3735501902048108, -0.6120429411859974, -0.09413488329697042, 0.6183686786779944, 0.00977286904680122, -0.686964457579059, -0.4085297113006752, 0.618386465230541, 0.6629785116448798, 0.36962114729665724, 0.1269389636892835], [-0.5112131903871053, -0.669591280727724, -0.36044449254719263, -0.18331897605566372, 0.04754985399082545, -0.3941471146851951, -0.2509091107835292, 0.15800720766948145, 0.5174561219692289, 0.2398502152729093, 0.1715430871366335, 0.7686895331340916, 0.06880317684953552]], "inverted": false, "swapped": true, "error_lsq": 0.04667551730477648, "error_max": 0.3118665056988318, "target": "452.xyz", "model": "7.xyz", "model_rescale": 3.7474275329858107, "target_rescale": 4.015372124794232},
{"mapping": [8, 0, 3, 6, 12, 2, 1, 10, 11, 5, 13, 4, 7, 14], "R": [[-0.8552749467302634, 0.36829077270456934, 0.36450880954541626], [0.36261964498086396, 0.9278971753650139, -0.08668232243993568], [-0.3701509942840861, 0.0580408364024847, -0.927156676479333]], "T": [-0.007166039752215976, 0.010243838749734259, -0.03749793413006633], "aligned_model": [[-0.4673605844293916, 0.19093376623471292, -0.15619048962300838, 0.4898257339714647, 0.13966553941248827, -0.7839212601210426, -0.31130824065127, 0.7248183900896452, 0.3461672946360777, 0.11525601789088508, -0.4172108029497624, -0.7161769823384675, 0.5395899045377914, -0.05998207043371678], [-0.42291763655767606, -0.05864678326632821, -0.5763328260070739, -0.5259093902033545, 0.6072482987496001, -0.06699850339726213, 0.32838586477492393, 0.15733722527344962, 0.19957622925326096, -0.6817294832409375, 0.6860950222642955, 0.06875406774665091, -0.31022189253838, 0.038173989628954026], [-0.2940177836844414, 0.5871810127643705, 0.3470200325348207, 0.32647595275182417, -0.08915817899614742, 0.27758053872910604, 0.5716695247502646, 0.09601494838818508, -0.5126702779234917, -0.1760880689792364, -0.46551697413740467, -0.36323691282498594, -0.2869719495656095, -0.03593189418984114]], "inverted": false, "swapped": false, "error_lsq": 0.05177974685628806, "error_max": 0.33075699516180046, "target": "452.xyz", "model": "8.xyz", "model_rescale": 4.019505241142653, "target_rescale": 4.015372124794232},
{"mapping": [9, 11, 8, 12, 3, 7, 4, 2, 1, 5, 10, 6, 13], "R": [[0.8003513586394552, 0.3259513007562699, 0.5031833187410669], [-0.24728646640740604, 0.9440521105391259, -0.21820865271194312], [-0.5461566682333169, 0.0502131668182588, 0.8361767346813499]], "T": [0.005426767177412594, -0.0651380236303409, 0.023566578023985478], "aligned_model": [[-0.23791347643690672, -0.7695624290503837, -0.039324891346207494, 0.3065547707471242, 0.38802154886638396, 0.6523901256739825, 0.2867743568989629, -0.1413846844232828, 0.326423100601757, -0.3676715362542648, -0.2737658182128457, 0.2881657680230537, -0.0990060633461969], [-0.6964561611374, 0.2835699344082519, 0.1811100007596898, -0.3165574744589543, -0.7611495357409724, -0.056763635688360556, 0.5710012509950722, -0.7547488319155456, -0.38779868227782915, 0.14774539323058666, 0.6933292004567525, 0.2497108469186618, -0.08961407743589397], [-0.30730423155907916, -0.12366839789457801, -0.4200139028936017, -0.6267076823113812, -0.13470683284499035, -0.11159582446171229, 0.017076698227735117, 0.4834284375270425, 0.4507966456337055, 0.5224391283071129, -0.1469343309990519, 0.4966860986026345, 0.07720768871004298]], "inverted": false, "swapped": true, "error_lsq": 0.052997924659382696, "error_max": 0.3122037407056601, "target": "452.xyz", "model": "9.xyz", "model_rescale": 3.877068213659057, "target_rescale": 4.015372124794232},
{"mapping": [3, 0, 5, 1, 9, 6, 11, 8, 2, 4, 14, 13, 7, 15], "R": [[-0.7934671110480059, 0.018385591672681563, -0.6083353628583307], [-0.2286770002863489, 0.9172980650804203, 0.32599246822550065], [0.5640184156791058, 0.3977766079328475, -0.7236414837170884]], "T": [-0.13304970645853834, -0.0009298377600025914, 0.012363136009834217], "aligned_model": [[-0.4879547468789909, 0.1532072851032041, -0.10958651222790247, 0.4488016430125932, 0.1313953353208139, -0.7448195168599467, -0.03550841408035171, 0.5636335946798412, 0.13964713123697112, 0.041018091280258295, -0.37862478388771653, -0.5713119879524625, 0.5894758677269724, -0.10526677024687704], [-0.5228527032833573, -0.1336279623916975, -0.6774310660114065, -0.5863468387913384, 0.5826709811130686, 0.03051166743462959, 0.4069464882198532, 0.276971066784522, 0.16772638337713108, -0.5152260092442135, 0.622506962372034, 0.06435358847280843, -0.25781721814952696, -0.015571157422383797], [-0.0539714511696469, 0.743262703758401, 0.4032480409797843, 0.280024399971459, -0.14614304049016988, 0.08345255827059361, 0.6196339777683295, 0.19326753334821523, -0.5686247052847286, -0.39172909298253256, -0.38831252362694174, -0.6211214674674064, -0.2673728785848444, 0.09673591512690106]], "inverted": false, "swapped": false, "error_lsq": 0.03928995198251411, "error_max": 0.24172827033333394, "target": "452.xyz", "model": "10.xyz", "model_rescale": 4.260839863003843, "target_rescale": 4.015372124794232},
{"mapping": [10, 0, 2, 5, 1, 6, 4, 8, 9, 3, 7, 13], "R": [[0.18556213188069212, 0.16117896691744013, -0.9693234939045475], [0.6227248740737064, 0.7437870535804691, 0.2428879374031797], [0.7601186923249416, -0.6486926541510326, 0.03764855945065744]], "T": [0.08225297706766593, 0.044860982789397305, -0.04252104702053923], "aligned_model": [[0.5574240515412358, -0.07554953300703673, -0.5104208079575747, -0.19399945095096577, -0.49843476250187696, -0.32634684787720764, 0.20961529415763303, 0.5742365171430674, 0.2504255289130175, -0.10557620656647854, 0.021589315816845506, 0.05593555038347157], [0.1964741575687421, -0.7851783214239917, -0.4691580795316377, -0.22144476935625362, 0.11954462095712631, 0.397636395335469, 0.6033307416398159, 0.17238279586455796, -0.44479760256818796, 0.04618217051929265, 0.6208425945607206, -0.06273619803271928], [-0.7009414939584521, -0.19008243128854685, 0.2626211938523764, -0.5774615642857028, 0.17403883080579335, -0.37645056951849437, -0.43718816008910005, -0.07560921699993478, 0.5044753150635624, 0.7452477749015853, 0.27601575738551964, -0.0884873584731013]], "inverted": false, "swapped": true, "error_lsq": 0.04988544030539844, "error_max": 0.3150253245359519, "target": "452.xyz", "model": "11.xyz", "model_rescale": 3.890672605050136, "target_rescale": 4.015372124794232},
{"mapping": [3, 1, 0, 2, 9, 8, 6, 11, 12, 4, 5, 7, 10, 13], "R": [[0.08890878308500305, -0.9960290337441732, -0.004625173401389099], [0.9817975900442709, 0.08841900145387349, -0.16809393910894666], [0.1678353969626378, 0.010404043471120367, 0.9857601307650079]], "T": [-0.014072376870448239, 0.028352592424222993, 0.10858589065778276], "aligned_model": [[-0.6572416545900052, 0.07356312034543724, -0.27666949804837826, 0.5567946963047843, 0.20706865963053928, -0.7222622871974944, -0.08831237989751857, 0.5141427638919063, 0.11372145627468694, 0.10671028444667377, -0.3405746816636671, -0.487662219076474, 0.6833951375239835, -0.0485671817180675], [-0.6088031718178194, -0.3323864978972285, -0.41980884642251187, -0.39517648869521504, 0.7600597150284814, 0.1009921279947262, 0.3415204855591977, 0.117884108257543, 0.12814846983143777, -0.6054813591920226, 0.5526260621728644, -0.04396438059509477, -0.11450964864734936, -0.03828639309688573], [-0.07425001471333928, 0.7923150905110689, 0.3894570647342689, 0.09132217503349654, -0.038117022492799274, 0.21985850463446965, 0.5865740041098844, 0.23402526500749088, -0.6186291159308261, -0.16476939889928802, -0.36417806283010346, -0.5967133983316479, -0.4324038974926252, -0.04214122372263715]], "inverted": true, "swapped": false, "error_lsq": 0.04329356419810181, "error_max": 0.27718786645201726, "target": "452.xyz", "model": "12.xyz", "model_rescale": 4.124412569039231, "target_rescale": 4.015372124794232},
{"mapping": [5, 10, 11, 6, 0, 2, 4, 1, 8, 7, 9, 12, 13], "R": [[0.014903493057132733, 0.8556195983719096, 0.5173905572936062], [-0.2429686586180847, -0.49883979627857167, 0.8319405559161556], [0.9699196445190832, -0.13810850998633428, 0.20045429066330805]], "T": [0.09385747806887151, 0.10699465397723917, -0.07651390819809609], "aligned_model": [[-0.08084278335007228, -0.19678724670782827, 0.34881183586375, -0.5007510983171737, 0.5998082725005027, 0.4364448833306136, -0.497853699831094, -0.05976159352645022, 0.1556781511872946, -0.20532918874304368, 0.8189887951603676, 0.4056329787110912, 0.14325900123179988], [-0.14467256283571928, 0.7104496059457334, 0.47954668533091693, -0.1039562887373707, -0.2807757934638267, -0.6618893002640301, 0.47172704685355804, -0.4470992284463917, 0.6119513080402518, 0.18070386143377443, 0.013780294098608481, 0.4618852604234284, 0.05583448812954429], [0.5061857959941601, 0.40686932965065115, 0.658392134625502, -0.006846302428104745, 0.497323276513187, -0.07011596190086612, -0.04968248934273068, -0.3195267220236404, -0.10103788422886645, -0.6612829940724907, -0.25747858327967116, -0.6711525573785031, 0.02005103883921215]], "inverted": true, "swapped": true, "error_lsq": 0.06524256052571767, "error_max": 0.5033252099455608, "target": "452.xyz", "model": "13.xyz", "model_rescale": 3.9028299243045295, "target_rescale": 4.015372124794232},
{"mapping": [10, 3, 4, 0, 1, 9, 6, 2, 12, 5, 11, 14, 8, 15], "R": [[-0.3791172315186085, 0.3158387325713843, 0.8697792937138523], [0.37092218395674814, -0.8092594555685652, 0.45553909494315215], [0.8477540080792437, 0.4953231557080403, 0.18965261191190153]], "T": [-0.010736901954638571, -0.06881052823304683, 0.00381341599784143], "aligned_model": [[-0.5980333107988686, 0.07499731633794167, -0.0655882612242034, 0.5714147506888305, 0.07430040460223176, -0.6858909063921401, -0.16393719450638408, 0.6409438872441996, 0.16623736664883007, 0.10567527288842933, -0.31462503451551815, -0.7246840200494964, 0.6660254992102388, -0.11272955390768495], [-0.5171268746168585, -0.1626683610089784, -0.6926323826011348, -0.5094532314275018, 0.575357908750119, 0.2724058334290611, 0.3780331985317707, 0.22062942073471464, 0.12436930391862634, -0.4660491440030285, 0.5041068021349495, 0.050852671538479235, -0.2929094519046425, -0.04210151099545318], [-0.09338732357092784, 0.6141656063588793, 0.26304477266934795, 0.39643265991068133, 0.007613025323037032, 0.17288121686406807, 0.4742053977133313, 0.18735206175535868, -0.6408585545910813, -0.2974365156944473, -0.3501278556710552, -0.5051177030815874, -0.29330522080639154, 0.046888402438199646]], "inverted": true, "swapped": false, "error_lsq": 0.03967606698141813, "error_max": 0.2389316454837604, "target": "452.xyz", "model": "14.xyz", "model_rescale": 3.942246331269136, "target_rescale": 4.015372124794232},
{"mapping": [1, 13, 12, 4, 6, 0, 8, 11, 9, 3, 7, 2, 10, 14], "R": [[0.7799208765299365, 0.15170666471676636, 0.6072137302740205], [-0.3225525163358562, 0.9288441641465375, 0.18223170123863736], [-0.5363611661540973, -0.3379846248151466, 0.7733583211101964]], "T": [0.03436918775904467, -0.08279384254364625, -0.03997167651670336], "aligned_model": [[-0.5549568541692764, 0.2607812980346778, -0.3043479252905121, 0.5059716671089677, 0.19492784260922652, -0.6595935075559188, -0.1978033313762907, 0.5201137020660022, 0.16524146428079284, 0.003554031866080762, -0.34209979847712196, -0.5683620332624517, 0.6734333061619733, -0.06275364576974297], [-0.638830913280658, -0.34473335642375297, -0.5822628568974542, -0.41739269710174765, 0.45263706409459264, 0.1490677321218461, 0.4874555567330427, 0.23712844323621524, 0.3150124900669834, -0.7967973512367414, 0.6386165801328194, 0.07662294939015285, -0.04553233407652886, -0.08817712427864602], [-0.05258230901159383, 0.695592796452257, 0.5112793363536206, 0.056458012490452625, -0.05797311833881283, 0.03333228362930293, 0.42880595762417495, 0.3793289585157718, -0.7275652156844721, -0.11611198280639781, -0.3023027890159942, -0.48036840708467493, -0.3549465145590534, -0.030597038947168226]], "inverted": false, "swapped": false, "error_lsq": 0.050546351563839506, "error_max": 0.3054007388282252, "target": "452.xyz", "model": "15.xyz", "model_rescale": 4.355366556412066, "target_rescale": 4.015372124794232},
{"mapping": [2, 9, 3, 6, 1, 5, 7, 10, 12, 11, 8, 13], "R": [[-0.37203900357436187, 0.3572858281908834, 0.8566993736389391], [-0.17094391037104267, -0.9335379174572744, 0.3150954397902196], [0.912340484318466, -0.02921974749188455, 0.4083883532007954]], "T": [-0.05847068228364785, 0.053560160418707176, -0.026046759024680392], "aligned_model": [[-0.28578207520395593, 0.46549983967163067, 0.1630299628914966, -0.6489391659377757, -0.46096899540328784, -0.48455988726001364, -0.09538145142843055, -0.012714274475439796, 0.536870931573088, 0.18861894162609846, 0.30887667745971037, -0.07674194888133977], [-0.7564851164998893, -0.48574500747556204, -0.4211123879390598, 0.27261733463277593, -0.2810756023910336, -0.013236983827608656, 0.2858585413315312, 0.7160535491104502, 0.11196792937997925, 0.19677697423531026, 0.4019506545095246, -0.014793457325437756], [-0.05335571435053293, -0.06914415507429894, -0.6436912365170294, -0.10525634729710331, -0.3661762807735238, 0.4713279946039255, -0.6437648581627019, 0.46517666347589615, -0.49391781367432847, 0.7877832566415837, 0.029490835669594685, 0.07078611666794024]], "inverted": true, "swapped": true, "error_lsq": 0.05475805646897783, "error_max": 0.25739386662053504, "target": "452.xyz", "model": "16.xyz", "model_rescale": 3.795458400668931, "target_rescale": 4.015372124794232},
{"mapping": [7, 4, 6, 12, 1, 10, 8, 3, 9, 11, 5, 0, 13], "R": [[0.010805430755861711, -0.05983933094815458, 0.9981495364612749], [-0.8748952568637265, 0.4827863191319025, 0.038414314733227095], [-0.4841916275438216, -0.8736913783085801, -0.047136432679182105]], "T": [-0.028043256173336542, 0.05985639923866421, -0.03060774343280195], "aligned_model": [[0.1759455335462191, -0.07133956934523655, 0.414356064667782, -0.34738160997892137, 0.5718335247146273, -0.5160952503234049, -0.48451164615736, 0.22204527334568014, -0.2459721630127577, -0.6270259690781753, 0.1415865579830285, -0.05651965667145957, -0.02828928878579941], [-0.3454923033408246, 0.33132873638304444, 0.3735501902048108, -0.6120429411859974, -0.09413488329697042, 0.6183686786779944, 0.00977286904680122, -0.686964457579059, -0.4085297113006752, 0.618386465230541, 0.6629785116448798, 0.36962114729665724, 0.1269389636892835], [-0.5112131903871053, -0.669591280727724, -0.36044449254719263, -0.18331897605566372, 0.04754985399082545, -0.3941471146851951, -0.2509091107835292, 0.15800720766948145, 0.5174561219692289, 0.2398502152729093, 0.1715430871366335, 0.7686895331340916, 0.06880317684953552]], "inverted": false, "swapped": true, "error_lsq": 0.04667551730477648, "error_max": 0.3118665056988318, "target": "452.xyz", "model": "17.xyz", "model_rescale": 3.7474275329858107, "target_rescale": 4.015372124794232},
{"mapping": [8, 1, 3, 11, 2, 0, 2, 7, 9, 10, 6, 4, 12, 13], "R": [[-0.25884629244495194, 0.8954446099428903, 0.36218441077954683], [0.9591369597419872, 0.1939217434674827, 0.20603555486233333], [0.1142579946629564, 0.400715994108991, -0.9090499451189924]], "T": [0.01892453838905019, -0.12946065613639332, -0.0333286043848175], "aligned_model": [[-0.564602446866455, 0.008967649628600322, -0.1583547556739088, 0.511645194209862, -0.07084672128353595, -0.7068851005469838, -0.07084672128353595, 0.6906788232741846, 0.16814135153246654, 0.11763097383508671, -0.2697324370140216, -0.5897894095867738, 0.6064120977160696, -0.03831228171464836], [-0.5361548539050145, -0.06434214889432008, -0.6369571931930995, -0.5188805040286851, 0.5156589516000372, 0.16510541124823533, 0.5156589516000372, 0.15821061130693867, 0.3084160126950585, -0.78149592645052, 0.5247535205258642, 0.03192110342021745, -0.1934717912767476, -0.0456079621678786], [-0.1379734236481658, 0.6552778559322874, 0.38092795631304815, 0.32348395032858923, 0.24879643254114142, 0.2592010364278146, 0.24879643254114142, 0.14945734874699673, -0.516777186371019, -0.23715798482683748, -0.3226031678459119, -0.574299101956269, -0.491583844974082, -0.003196333591321019]], "inverted": false, "swapped": false, "error_lsq": 0.04311999400180875, "error_max": 0.33844233825952513, "target": "452.xyz", "model": "18.xyz", "model_rescale": 3.922800546911778, "target_rescale": 4.015372124794232},
{"mapping": [13, 6, 4, 10, 0, 8, 1, 2, 3, 11, 5, 12, 9, 14], "R": [[-0.7653608770337914, -0.25454796132366636, 0.5911244059350207], [0.6357761445874877, -0.4418124695506449, 0.6329221403324666], [0.10005709309956859, 0.8602366401958975, 0.4999815006427124]], "T": [-0.09211176043526216, -0.037229974365585713, -0.0031986794278543885], "aligned_model": [[-0.4962673830598885, -0.10932572032707376, -0.1646247940251518, 0.47182629105946505, 0.16283784851322114, -0.636772679848168, 0.059576998694878744, 0.6000039984086316, 0.10633200359421367, 0.09973163264871386, -0.49719136869653835, -0.5444106997390868, 0.6437545845497936, -0.061364495546604086], [-0.5528962107463726, -0.14685247921575523, -0.6501207883051292, -0.48298868926402216, 0.7250588604540602, -0.012944685650503482, 0.4635539097232052, 0.13003529978796002, 0.2518046744608936, -0.701627710027592, 0.5986603203841196, 0.09809034336147023, -0.20852285751861327, -0.06843580496359775], [-0.2095001873669878, 0.677576142321841, 0.3749201500957235, 0.3626888571619165, -0.23201971185975362, 0.2745518590737516, 0.5204319592157877, 0.07507690559114476, -0.5382017522047057, -0.17353767715306842, -0.12189056710236583, -0.6322679329138255, -0.30635318857202304, -0.08912488667002236]], "inverted": true, "swapped": false, "error_lsq": 0.04924212150467185, "error_max": 0.3730650274476786, "target": "452.xyz", "model": "19.xyz", "model_rescale": 3.9282355846067225, "target_rescale": 4.015372124794232},
{"mapping": [11, 1, 0, 3, 2, 10, 2, 5, 7, 4, 12, 9, 6, 13], "R": [[0.08741950542312432, 0.24431603345890235, -0.965747123146885], [0.9773660100469634, -0.208518005288086, 0.03572007664545068], [-0.19264867629043153, -0.9470110438984258, -0.2570147277063287]], "T": [0.028136807335758105, -0.1035129402145126, -0.18490869896919931], "aligned_model": [[-0.5569980455829905, 0.1111398677830229, -0.2323074182252027, 0.4565904926573984, 0.047986004790910086, -0.6505708131694471, 0.047986004790910086, 0.6091383990404008, 0.1503567059858067, 0.029096517314278557, -0.5182958723574093, -0.48518311290242794, 0.6423346342864904, -0.01716714818533432], [-0.5094677714792807, -0.09837566856272505, -0.591614840345577, -0.5391072006773289, 0.5101515226263854, 0.22384650967946942, 0.5101515226263854, 0.10508368709500521, 0.4713908432976439, -0.7349887003054426, 0.44500469932087505, -0.11160210147151053, -0.1339380616595652, -0.10372025766421188], [-0.10628904367548384, 0.5597958711141162, 0.39312445635775445, 0.2544546460286667, 0.3643982705537225, 0.23273481579517125, 0.3643982705537225, 0.1416104425223182, -0.39141708247215057, -0.20951130684217908, -0.5360982075673865, -0.6484408447742183, -0.4055427747850534, -0.030867543191588076]], "inverted": false, "swapped": false, "error_lsq": 0.052645909237358283, "error_max": 0.41027984203641643, "target": "452.xyz", "model": "20.xyz", "model_rescale": 4.067790424073018, "target_rescale": 4.015372124794232},
{"mapping": [2, 8, 4, 5, 9, 0, 7, 1, 11, 6, 12, 3, 13, 14], "R": [[-0.25362969765856147, 0.6371205272940486, 0.7278388627753951], [0.9399636257621833, 0.33995662911944585, 0.029964521717424752], [-0.22834263445453462, 0.6917419490086583, -0.6850932179434166]], "T": [0.0004444509090022024, -0.06527213783275757, -0.025502300010424254], "aligned_model": [[-0.6187254333806835, 0.033254300785765425, -0.09707205370534065, 0.41704164906075447, 0.18251110200122084, -0.6190472292504927, -0.0748900246410261, 0.5728335470293945, 0.083591502039314, -0.06755371746245244, -0.23572119249968787, -0.6316279784485955, 0.6495473224997887, 0.03996442219844719], [-0.4763228562216316, -0.14058536546680106, -0.7671114292128306, -0.38403964521952383, 0.6876587323099764, 0.11137352224271657, 0.4030952084833074, 0.32434010709365757, 0.020908304483629334, -0.6970283107980386, 0.5382902624722509, -0.08077711977390464, -0.09051704039187491, -0.006470187520809904], [0.011752133814556861, 0.5387842656806796, 0.3491770764425592, 0.24523774428377226, 0.037717466005119715, 0.27363712987240646, 0.5503628777067525, 0.4148136348871199, -0.6608697159436253, -0.4047348008773208, -0.4341000052280425, -0.5947026656390922, -0.2865610329893719, -0.05816413839810125]], "inverted": false, "swapped": false, "error_lsq": 0.04514386323601559, "error_max": 0.2828967092627249, "target": "452.xyz", "model": "21.xyz", "model_rescale": 4.186013935880536, "target_rescale": 4.015372124794232},
{"mapping": [6, 4, 7, 2, 0, 1, 5, 10, 12, 8, 11, 9, 13], "R": [[-0.5568414781834781, 0.6327866419661089, -0.5380600653493017], [-0.7188548648498511, -0.042594231810128724, 0.6938540298205434], [0.4161433063935329, 0.7731537991666088, 0.47859999099257994]], "T": [0.05305514352256514, 0.002254559068392885, -0.031337529448688964], "aligned_model": [[-0.017167258214294254, -0.34645802165550593, 0.36055629180154886, 0.6184783764159513, 0.003493339807137355, 0.5405896821846382, -0.2618842870077009, -0.7554034451855263, 0.3468680275347228, -0.2302750882082365, -0.6563667838079326, 0.4293832765960647, 0.026759925162358554], [-0.3847375870076848, 0.08491359977376539, 0.28889215679783475, -0.48891216098131385, -0.4566864782299995, -0.339841307117156, -0.5686036456696673, 0.11122912467288881, 0.7022585322390084, 0.4254844784210129, -0.03606344404813611, 0.25624750158484044, -0.07522411088930009], [-0.5295534744037694, -0.5947454414821544, -0.5414184289452989, 0.35290382682427973, 0.6915441986009024, -0.21829894079024975, 0.05992900222903971, -0.1609941687865663, -0.010969535503270109, -0.02913329265770108, 0.4576776973723523, 0.5695928150597754, 0.0563453038180063]], "inverted": true, "swapped": true, "error_lsq": 0.05301511317602143, "error_max": 0.3969052921459738, "target": "452.xyz", "model": "22.xyz", "model_rescale": 4.166573947596378, "target_rescale": 4.015372124794232},
{"mapping": [3, 12, 11, 14, 5, 2, 6, 13, 7, 9, 0, 4, 10, 15], "R": [[0.12209046876602009, -0.5128357062449139, -0.8497608227241205], [0.6449477266163498, -0.6097768216434296, 0.46066762173918807], [-0.7544112587766012, -0.6042944366670255, 0.25630428487324725]], "T": [-0.08431350993220846, -0.11113662800045601, -0.02864307841374099], "aligned_model": [[-0.5703929637712819, 0.06662654380784505, -0.3441312037115707, 0.6092633080467768, 0.2475164258428327, -0.6773215534976003, -0.22563131923124893, 0.6767021937236287, 0.27390330298917376, 0.036490215983394914, -0.2902834053188803, -0.6762692753978048, 0.6054045813579274, -0.09777063459678614], [-0.45730310530089624, -0.2863987888149988, -0.7103897187853166, -0.3792454016004282, 0.6508979460013286, 0.04888429107778, 0.33876783017098777, 0.25090777318252344, 0.29847006285671485, -0.6799892464298377, 0.47942490262317317, 0.016507195243082723, -0.08396054388266469, -0.043759013861325316], [-0.10159639612428983, 0.5844487828866551, 0.4134924512718623, 0.24162835237595687, -0.012699962319439012, 0.2462096183407111, 0.5686197508827453, 0.0525486037773132, -0.4926395454215205, -0.17784872372596827, -0.5535899743755084, -0.44475476953092896, -0.3193175494344917, -0.022150668985684734]], "inverted": true, "swapped": false, "error_lsq": 0.039502844962417, "error_max": 0.18471615167533614, "target": "452.xyz", "model": "23.xyz", "model_rescale": 4.274766983524099, "target_rescale": 4.015372124794232},
{"mapping": [6, 8, 10, 5, 11, 0, 2, 9, 3, 12, 13], "R": [[-0.9212047393165824, -0.008717581282333492, -0.3889805034153428], [-0.34709324181111517, -0.4333288330640789, 0.8317165406100654], [-0.17580702417627786, 0.9011937229097359, 0.39615876115311655]], "T": [0.06810876238554399, 0.10781275856767211, -0.08185435446855477], "aligned_model": [[0.15291164939479066, 0.02996081297474333, -0.3938398269539469, -0.4343844631365281, -0.7372113923792741, -0.5642023460655134, 0.0590742050246031, 0.09128783747074354, 0.666146141362154, 0.5418432522886427, -0.031691166022340025], [-0.1415489456008, 0.6150103134300355, 0.6376815837423014, -0.21559766282202678, 0.41050924222057006, -0.3126783614478206, -0.6373259702340356, 0.07466131192491693, -0.10665562506984064, 0.5424345956263188, 0.049096049473864284], [-0.6593839601917915, -0.05540028474239336, -0.5155986554619769, -0.3580821088035098, -0.020879609559445483, 0.3169076308930466, 0.30965075490238647, 0.6702202891709566, 0.4203566274115294, 0.32240536436522665, -0.05062961396245115]], "inverted": true, "swapped": true, "error_lsq": 0.06052179850106126, "error_max": 0.3209335729320659, "target": "452.xyz", "model": "24.xyz", "model_rescale": 3.7841303162186577, "target_rescale": 4.015372124794232},
{"mapping": [3, 11, 13, 14, 0, 6, 7, 10, 8, 12, 1, 4, 9, 15], "R": [[0.5947996040202868, -0.7654323735854607, 0.245614968038672], [-0.27222682493070954, 0.09569340193587877, 0.9574629646174744], [-0.756376881485318, -0.636361575123189, -0.1514528271815318]], "T": [0.012166509848017228, -0.008280099820655723, -0.06442055387125989], "aligned_model": [[-0.6180178708139883, -0.18729478764789434, -0.024824436093846967, 0.593132811599788, 0.0715418581622531, -0.6617922880409335, -0.022202201326404315, 0.6238448931550081, 0.1440384228488397, 0.1374365193452432, -0.25688566896969994, -0.6061741641539667, 0.49433435904716094, -0.053031230885152075], [-0.499657050675258, -0.16110915812826024, -0.6790935823667814, -0.5203466540273268, 0.7245527267823159, 0.09607177379802602, 0.42759654899643706, 0.16348695077101752, 0.3282796692115375, -0.7260975552388074, 0.5587875136288717, -0.022642493465855562, -0.23480729457395566, -0.012207212231837652], [0.0376491584415975, 0.661035191781598, 0.3363798189126301, 0.1075240959505307, -0.03684219972792456, 0.17415161018687123, 0.41686511889331457, 0.38457915771348283, -0.5321759430110999, -0.27469996761808935, -0.4632709527093456, -0.4817368312699586, -0.3059579293682952, -0.04115035855789922]], "inverted": true, "swapped": false, "error_lsq": 0.03912980031687052, "error_max": 0.299919062917407, "target": "452.xyz", "model": "25.xyz", "model_rescale": 4.19342608120988, "target_rescale": 4.015372124794232},
{"mapping": [2, 9, 3, 6, 1, 5, 7, 10, 12, 11, 8, 13], "R": [[-0.37203900357436187, 0.3572858281908834, 0.8566993736389391], [-0.17094391037104267, -0.9335379174572744, 0.3150954397902196], [0.912340484318466, -0.02921974749188455, 0.4083883532007954]], "T": [-0.05847068228364785, 0.053560160418707176, -0.026046759024680392], "aligned_model": [[-0.28578207520395593, 0.46549983967163067, 0.1630299628914966, -0.6489391659377757, -0.46096899540328784, -0.48455988726001364, -0.09538145142843055, -0.012714274475439796, 0.536870931573088, 0.18861894162609846, 0.30887667745971037, -0.07674194888133977], [-0.7564851164998893, -0.48574500747556204, -0.4211123879390598, 0.27261733463277593, -0.2810756023910336, -0.013236983827608656, 0.2858585413315312, 0.7160535491104502, 0.11196792937997925, 0.19677697423531026, 0.4019506545095246, -0.014793457325437756], [-0.05335571435053293, -0.06914415507429894, -0.6436912365170294, -0.10525634729710331, -0.3661762807735238, 0.4713279946039255, -0.6437648581627019, 0.46517666347589615, -0.49391781367432847, 0.7877832566415837, 0.029490835669594685, 0.07078611666794024]], "inverted": true, "swapped": true, "error_lsq": 0.05475805646897783, "error_max": 0.25739386662053504, "target": "452.xyz", "model": "26.xyz", "model_rescale": 3.795458400668931, "target_rescale": 4.015372124794232},
{"mapping": [3, 9, 12, 7, 4, 5, 0, 1, 11, 8, 6, 10, 13], "R": [[-0.5066872705797572, 0.202832355150996, 0.8379302151947596], [0.08649525848983433, -0.9550666188101677, 0.2834895481200153], [0.8577800301308096, 0.21611753593453253, 0.466376061317874]], "T": [-0.1224958915012114, -0.08781807034680598, -0.08072546058191157], "aligned_model": [[0.09557657294829633, 0.3088274778361475, 0.5286138998727601, -0.043326883694995266, -0.22442149704527756, -0.6130067186547742, -0.29968194697211914, -0.5275921988171004, 0.039922488695916775, 0.28626984992580395, -0.6551524407930266, -0.03274633954877901, -0.1636058809315959], [-0.7128139337676161, -0.686853187004347, -0.21325317438093294, 0.003931033439970491, 0.5675991959993151, 0.013983899706637284, -0.538012779293408, -0.4342863052840151, 0.1994450876766743, 0.21317947240065538, 0.1832717019299846, 0.6556074978397247, -0.1299170060057284], [-0.5472936072765322, 0.06883936688887105, -0.4509530969037302, -0.7305061642147388, -0.29027531005142393, 0.3463939629548042, 0.6274913611860826, -0.40558053805344396, 0.7161332346831327, -0.039306969502464734, -0.2945023781880898, 0.26792197196253054, 0.02377482861442856]], "inverted": true, "swapped": true, "error_lsq": 0.05489959409125763, "error_max": 0.39577985530058946, "target": "452.xyz", "model": "27.xyz", "model_rescale": 3.6321398670334006, "target_rescale": 4.015372124794232},
