[{"mapping": [5, 4, 1, 0, 2, 8, 3, 10, 12, 6, 14, 13, 7, 15], "R": [[0.016291887080635503, 0.977866406843407, -0.208594977845865], [0.4325322852522025, 0.18119967150191213, 0.8832227925399725], [0.9014712400458819, -0.1046134284629093, -0.4200067070361811]], "T": [-0.013437664122207996, 0.04605258211296159, 0.2095013658737669], "aligned_model": [[0.10901505311847914, 0.20609343931681795, -0.5252732832165852, -0.4738059883753964, -0.5983112687717932, -0.09036659106343232, -0.7331824017897504, -0.11052248459071393, -0.1953866127651135, 0.36581530609551194, 0.5068273622016836, 0.48947609520071195, 0.4796439108150146, -0.05853043504713048], [-0.6584561921453762, -0.28053909681657085, -0.4843477142794037, -0.34321597377077806, 0.08458448435317224, 0.2826926009008264, 0.2881064205049645, 0.4966074242015964, 0.6836016198355239, -0.10698061546844018, 0.5971787289764962, 0.591310513402554, -0.005086092622889629, 0.08981722473836007], [0.25087300752457475, -0.2906721605563005, 0.40367427794440336, -0.21546859591459455, 0.4198476683390295, -0.6228834974134448, -0.019539228756869892, 0.7153101408875245, 0.05687019041845523, 0.6786109361285796, 0.4966263248480337, -0.22457650019013276, 0.08749572134851535, 0.16141980257205973]], "inverted": false, "swapped": true, "error_lsq": 0.04270549754177926, "error_max": 0.29553667096338576, "target": "454.xyz", "model": "0.xyz", "model_rescale": 3.8414455957264533, "target_rescale": 4.059791720213297},
{"mapping": [6, 9, 4, 1, 5, 0, 8, 7, 12, 13, 3, 10, 11, 14, 15], "R": [[-0.492643136021616, -0.17671810519759026, 0.8520994377572146], [0.8586692962256247, 0.060371376246856234, 0.5089620188672739], [-0.1413852193483403, 0.9824082696239045, 0.12200086690014861]], "T": [-0.07771307153880304, -0.02156424081078764, -0.019208083270796455], "aligned_model": [[-0.6589160448604111, -0.5923020622279949, 0.06971474640602819, -0.31548808437262704, -0.5115665540313643, 0.22278059078030749, 0.7221407545496342, -0.18488087972085288, 0.43066536500653874, 0.3587676799327988, 0.48266416067035034, -0.21055262507447364, 0.2702201605588384, -0.20954133090531885, -0.0016617232069090215], [0.09844144145958586, 0.21259542305479073, -0.577608717703662, -0.33825555928530143, -0.5887619864136848, -0.5655526391351748, -0.28328798833511565, -0.1480358083555731, 0.4302678301818574, 0.17487920578857305, 0.07676227998542826, 0.6366649258158718, 0.6505162947014591, 0.578719510328392, -0.010299684044431438], [0.16818856533997875, -0.6065349565601842, 0.2530219019946255, -0.670493694384364, -0.07485668443528218, -0.41650979783092557, 0.19646680120912854, 0.46364798677964125, -0.0027880950763695678, 0.6946172319429862, -0.5718303729035046, -0.1509489736361326, -0.5880122873534588, 0.5091262782741347, -0.03791211602073865]], "inverted": false, "swapped": true, "error_lsq": 0.041461233314422224, "error_max": 0.2453890684572282, "target": "454.xyz", "model": "1.xyz", "model_rescale": 4.316132596720782, "target_rescale": 4.059791720213297},
{"mapping": [1, 2, 9, 4, 5, 0, 7, 8, 10, 3, 12, 15], "R": [[0.7683020353482921, -0.2238741869288032, 0.5996601795239028], [-0.2803048015593882, 0.7245587523806951, 0.6296378582735342], [-0.575448695108803, -0.6518396756684104, 0.49392695464215947]], "T": [-0.03144887140850284, 0.10013129260306837, -0.21721174070536461], "aligned_model": [[-0.2073157661371046, 0.2917137745048699, 0.25281048929133754, -0.604638791122391, -0.6315089384218844, -0.3958354016804336, -0.29353424449668736, -0.19793645665013598, 0.6055884714099462, 0.2996450901256279, 0.4816915418440848, -0.002871214035448308], [-0.6083773245821991, -0.3376834938383465, -0.6386602860589683, 0.3375068799224306, -0.25314544881614437, -0.13189030220176168, 0.42586659937269544, 0.6836086932385039, -0.00028806862852039095, -0.03915802216642904, 0.4473996129274719, 0.12759758857224773], [0.0020818293817755906, 0.08559434398644342, -0.4120682334394383, -0.07531130678132567, -0.3850281691252746, 0.38066525926913575, -0.5101925387608978, 0.4045736932105841, -0.44605015688692295, 0.4899356396163448, 0.06379021857628339, -0.1487321178372866]], "inverted": false, "swapped": true, "error_lsq": 0.04534788589893798, "error_max": 0.23182513006914385, "target": "454.xyz", "model": "2.xyz", "model_rescale": 3.795458400668931, "target_rescale": 4.059791720213297},
{"mapping": [0, 3, 9, 14, 4, 7, 10, 8, 12, 13, 5, 15], "R": [[0.48674160784404785, -0.5404085217234221, -0.6863244399277189], [0.2541184660250485, -0.6641012908692594, 0.7031310551318719], [-0.8357669605927645, -0.5166508541699018, -0.18591794552179094]], "T": [-0.06932416669896443, 0.06580465289363029, 0.07032357005728936], "aligned_model": [[-0.10217892187517619, -0.04198117098664492, -0.8543566652882553, 0.1740328829123581, 0.24424673037057534, 0.18710251316286944, -0.2799209584481925, 0.670683129261512, 0.29628890310085065, 0.7297079262668541, -0.40325695054893673, -0.027063592184249044], [-0.059713351567607945, -0.6512415728343612, -0.10932230351394835, 0.1403722572258303, 0.44069338129818686, 0.48791163621382067, -0.2878252047839804, -0.13691795295145326, -0.4670808158080139, 0.1325472066089779, 0.5928187179823408, 0.0035270474199179253], [-0.6557854208086011, -0.267580577333498, 0.20313907708159434, 0.8397866869297285, -0.33730533040350336, 0.19955604809473176, 0.6170068056148464, -0.3371980440033169, 0.28299851350921107, 0.37975078394017275, -0.2815058840371283, 0.045908772054863274]], "inverted": true, "swapped": true, "error_lsq": 0.043985743739534316, "error_max": 0.21007265634499928, "target": "454.xyz", "model": "3.xyz", "model_rescale": 3.7530521520055578, "target_rescale": 4.059791720213297},
{"mapping": [10, 3, 12, 8, 14, 0, 6, 1, 5, 4, 15], "R": [[0.4093978082007159, -0.7217395584037338, -0.5581088106056322], [0.9094130583732509, 0.37191236509617365, 0.18614263871767972], [0.0732210618651492, -0.5837578286616413, 0.8086194862700169]], "T": [-0.05998071940150697, -0.11550003736915405, 0.08228698837819304], "aligned_model": [[-0.25874662714820224, -0.21573657964883824, 0.2223865652122674, 0.5660536963052405, 0.2943677350293519, -0.2135443221730911, -0.22586201563790892, -0.7269491274858441, -0.33137938356154856, 0.2616719173226417, -0.03406225576886335], [-0.7196288298512067, 0.13860708292341117, -0.34500198379503394, 0.3476304045948694, -0.8385209232591933, 0.5828578140048764, -0.47830548244682247, 0.2534825794318246, 0.2542549930487048, 0.36558251449581364, -0.09375481083289733], [-0.17027619379142483, -0.6527312600241241, -0.4925765122031798, -0.30290416286861166, 0.1746690258512023, -0.09877378132623718, 0.5599598560047017, 0.08516210315355621, 0.6324350377906481, 0.34710531524427257, 0.010761349414513344]], "inverted": true, "swapped": true, "error_lsq": 0.042269032678458426, "error_max": 0.21420132978352058, "target": "454.xyz", "model": "4.xyz", "model_rescale": 3.7855080009869324, "target_rescale": 4.059791720213297},
{"mapping": [9, 3, 5, 10, 14, 2, 1, 12, 15, 0, 4, 7, 6, 13, 11, 16], "R": [[-0.999722944676884, -0.020633313308116453, -0.011326970844356452], [0.0005883349988714225, -0.5029764965064689, 0.8642998888256362], [-0.023530570509634897, 0.8640537658872897, 0.5028492834910715]], "T": [-0.006162543334623179, -0.058904042324517084, 0.1467614655792568], "aligned_model": [[-0.5822312631416701, -0.16816838194759023, 0.32128955897271644, -0.2742839134366768, -0.5586947661383694, -0.2267697186526204, 0.4760367565753749, -0.0702199431370989, -0.7465557294119649, 0.47671607619271666, 0.7259113855089194, 0.4106371825778639, 0.4315691736823332, -0.17551452919757346, 0.3496399768804584, -0.05079910281943385], [-0.3891338084455003, -0.5606803374278577, -0.7852357712894531, -0.6658551022041614, 0.21390333644642123, -0.08898532235106167, 0.23879681544968578, 0.5730104066877149, -0.07031602015030398, -0.3285779697457235, -0.16349233684408276, -0.49870311898583153, 0.15040838993824757, 0.5139509911730692, 0.6452844046302311, -0.051313492293028395], [-0.11015710299178505, -0.30533505434421565, 0.004211176864664462, 0.44790199071637354, -0.1324905270448789, -0.5576626100803352, -0.35519667354808254, -0.0974639255459619, 0.5087087040798461, -0.4033095252874728, 0.13536693959454782, 0.5874702498382494, 0.583403558928713, 0.5566695703492806, 0.24655838980238226, 0.11783546856336152]], "inverted": false, "swapped": false, "error_lsq": 0.04176191085632683, "error_max": 0.3650505834696916, "target": "454.xyz", "model": "5.xyz", "model_rescale": 4.2253639853439635, "target_rescale": 4.059791720213297},
{"mapping": [5, 7, 8, 0, 4, 12, 3, 1, 14, 6, 13, 10, 9, 15], "R": [[0.22963521071849682, -0.5035033655043081, -0.8329177816111903], [0.8607169710867822, 0.5045608054944758, -0.06771033334699539], [0.4543500475200448, -0.7013577934867488, 0.5492388185788876]], "T": [0.06384228917350163, -0.012002021991705539, 0.01669903936649372], "aligned_model": [[0.5630753237089307, -0.12857452382646098, -0.5914550312093181, 0.23299287433833127, -0.07252963239214602, -0.4357537115308424, -0.02524039278477755, 0.7292568747269353, -0.3259481524404807, 0.3416947644849756, -0.7557982542406523, 0.07490277061049194, 0.750546217524462, 0.016893025788335014], [-0.2016032314522298, 0.13280881864242294, -0.5821346780082144, -0.7287254178255443, -0.40533542062159267, 0.035904828238196185, -0.46174863508261466, -0.34724522178039946, 0.6977362266731765, 0.4765487951954451, 0.1442846928555671, 0.49949731406081344, 0.2390902546037914, -0.053979178863826305], [-0.46064428812342656, -0.43345157032109455, -0.001057518987432702, 0.058700520301195686, -0.4646751635104483, 0.4760238056434369, 0.6639041087668754, 0.17744331297216168, -0.017819063809993266, -0.25056836394835164, -0.18925216143385057, 0.4711368678359651, 0.377220629606939, 0.06459709393947265]], "inverted": false, "swapped": true, "error_lsq": 0.04110270715044889, "error_max": 0.2883443601157741, "target": "454.xyz", "model": "6.xyz", "model_rescale": 3.89814844738969, "target_rescale": 4.059791720213297},
{"mapping": [6, 9, 5, 14, 4, 2, 10, 13, 12, 3, 0, 8, 15], "R": [[-0.6614667351525431, 0.4570367777301975, -0.5946252114472055], [-0.3848640226881547, -0.8873607042098258, -0.25391074153043175], [-0.6436935935108623, 0.06089634164907021, 0.7628566007100107]], "T": [0.010821877466355004, 0.06073626702065614, -0.09631174292254238], "aligned_model": [[0.14975559229062252, -0.32800414240823145, 0.5763208735965647, -0.21244913356608058, 0.5689613488409977, -0.4278342799273462, -0.571252276266793, 0.06651860553808304, -0.4953508973282491, -0.47837142881699135, 0.20409664332286942, 0.12359925659132372, -0.027358360962547297], [-0.23541956941264064, 0.37186043530063706, 0.3426457444215546, -0.7127115632663623, 0.134376353679877, 0.48866197277802265, -0.1826340014415247, -0.588873685561483, -0.11898852315235801, 0.5519454864914033, 0.7160683842265858, 0.11613792620943221, 0.08071230519734181], [-0.6257500370770449, -0.7693526880188171, -0.43361994861397424, -0.19003996116698163, 0.20048289111775355, -0.20707172576611374, -0.3613178503244665, 0.4636497189169676, 0.321250938585385, 0.28902649014508885, 0.18163276959642286, 0.7633352996703772, -0.02995086622830169]], "inverted": false, "swapped": true, "error_lsq": 0.04909428620528465, "error_max": 0.3453892301207403, "target": "454.xyz", "model": "7.xyz", "model_rescale": 3.7474275329858107, "target_rescale": 4.059791720213297},
{"mapping": [10, 14, 7, 6, 4, 1, 9, 2, 5, 0, 11, 3, 12, 8, 15], "R": [[0.7936128922207549, -0.6004164887439527, -0.09837996414611926], [-0.12251858495070692, 0.0006769297778921601, -0.9924659883883943], [0.5959595402732346, 0.7996871774703275, -0.07302495838311779]], "T": [0.08430676667059576, -0.11561207804939327, -0.07227749527519971], "aligned_model": [[-0.45047420760841317, 0.055718239921360865, 0.46485097149712273, -0.06758507580814814, 0.6639708970809075, -0.2799443790954861, -0.6641619779962992, -0.41759970823727577, 0.22216867556277403, 0.23514330830548702, -0.5935502069523525, -0.16220968406931635, 0.014567770234571134, 0.6889724583642688, 0.09228664113954617], [0.1681788901397177, 0.20165976348709314, -0.22719064636443645, -0.4795551965873609, -0.3110989337127166, -0.5627877071454124, -0.4374364677281876, -0.023931013198796647, -0.8082704908423113, -0.2525419345878922, 0.5091923162221339, 0.327566800001389, 0.5611306011907378, 0.37513382089359176, -0.050931839787956], [-0.39124401530405073, -0.8175141987089308, -0.393783812721754, -0.5537232747175761, 0.10323310794631639, 0.4260781555601252, -0.04383397100895828, 0.28478255662121565, 0.047126486916753654, 0.6366421215318638, 0.14316947036641275, 0.5375620439754324, -0.06715015628902452, 0.31285752375211845, -0.02740738222368236]], "inverted": true, "swapped": true, "error_lsq": 0.04715753226073241, "error_max": 0.26944160061218797, "target": "454.xyz", "model": "8.xyz", "model_rescale": 4.019505241142653, "target_rescale": 4.059791720213297},
{"mapping": [2, 10, 12, 3, 0, 8, 13, 1, 5, 6, 14, 7, 15], "R": [[-0.9605017735137081, 0.18426417140510076, 0.20852591736619475], [0.255033972884142, 0.8826904245829043, 0.3947344512765298], [-0.11132841394698913, 0.4323243336732782, -0.894819341969095]], "T": [0.004646500611615666, -0.07702492819710469, 0.10754234483324232], "aligned_model": [[-0.2783802045925461, -0.5882745800995922, 0.004930230584724325, 0.0924231222635798, 0.4393320843513317, 0.7581879516293596, 0.3798587434899675, -0.141224549834498, 0.11863641684733811, -0.37547975946503476, -0.32073323759492944, 0.193126358425731, 0.03729819573574453], [-0.5182226564686023, 0.11133410389910861, 0.17903317235040603, -0.485731754398983, -0.6673194221751703, 0.032538305640559456, 0.6674549893744052, -0.8125412528340064, -0.4180860810283743, 0.11272436838383829, 0.6643498813529313, 0.2818231440687248, -0.08397857005077883], [-0.22868355627522696, -0.17747188648138057, -0.5227787160360555, -0.5665022656908181, 0.02587641150762726, -0.31073065012462664, -0.10130563788150815, 0.24443890433418647, 0.7269957189668201, 0.5623115112603233, 0.07082876195567611, 0.4179185441813913, 0.03580635432747026]], "inverted": false, "swapped": true, "error_lsq": 0.050444177930029574, "error_max": 0.3640388648356474, "target": "454.xyz", "model": "9.xyz", "model_rescale": 3.877068213659057, "target_rescale": 4.059791720213297},
{"mapping": [3, 5, 1, 4, 6, 12, 11, 10, 13, 0, 8, 7, 2, 14, 9, 15], "R": [[0.6071510847213775, -0.43330423887551245, 0.66604429048988], [-0.05343028037104283, -0.8585940014800946, -0.5098642424821249], [0.7927879700532334, 0.273977694703259, -0.5444478463029874]], "T": [-0.036938701092359943, -0.05703752356323911, 0.10020810748440596], "aligned_model": [[-0.5418221916643788, -0.10995713728423387, 0.38038438516129713, -0.17135408669137003, -0.5522032292157845, -0.19138493972564377, 0.3699414363143473, -0.05921895575117553, -0.6058800497080447, 0.4048383183102774, 0.731647017337668, 0.44040705958221227, 0.07972508877801485, -0.18267905682364746, 0.3365530430604071, 0.00956606082744002], [-0.429125080455523, -0.7008621164178074, -0.8034851395002832, -0.6010040309081753, 0.17879002646499637, -0.07252187287326828, 0.29580390176538196, 0.621092002561128, 0.1503152937150584, -0.27641113058621924, -0.029509623376909634, -0.5430050077024282, 0.008355806384463642, 0.6115985295136289, 0.4029814264142769, -0.07995192040995515], [0.003229482612888343, -0.3370031044650044, -0.04663878061697761, 0.4798442790305214, -0.1430867914145899, -0.6306145864790517, -0.40437762221835744, -0.10680569763630958, 0.5807796910864643, -0.524671337931459, 0.1621850705015383, 0.5499449177882206, 0.7501839766372054, 0.4759834710670801, 0.39095161405155293, 0.026606047880964448]], "inverted": true, "swapped": false, "error_lsq": 0.03779897336949511, "error_max": 0.3060648197669672, "target": "454.xyz", "model": "10.xyz", "model_rescale": 4.260839863003843, "target_rescale": 4.059791720213297},
{"mapping": [0, 8, 12, 3, 10, 2, 1, 4, 13, 14, 6, 15], "R": [[0.7729160633303769, -0.39835155365683317, 0.49387933621995195], [-0.4559320376806755, 0.19264835582479745, 0.8689146034072335], [-0.44127852436099846, -0.8967734667669365, -0.032720226780850695]], "T": [0.07489902240567886, 0.14567973830256853, 0.017087370035693557], "aligned_model": [[0.3514391105094492, 0.3147197945844049, -0.3766054196314866, -0.3179656777995225, -0.5549219497141749, -0.3444211985190205, 0.09652797225485152, 0.6739294898202075, 0.16600227978895737, -0.21272779881502818, 0.11469689105077471, 0.048225155564717986], [0.042784765497532184, -0.6602176673832499, -0.3616969204751883, -0.18335304078364834, 0.27567993185427786, 0.28964925622507226, 0.6210829401718594, -0.05481407499383989, -0.52970865466036, 0.04090440306596657, 0.6118635630446061, 0.08090400396990655], [-0.6589353183712207, -0.20153670837834176, 0.05687601266548762, -0.5882859855793805, 0.2509530103729499, -0.42023486596389426, -0.5783345638478951, -0.06033560203108109, 0.5407311133404478, 0.7675201853356037, 0.427458586236098, -0.019697786383268898]], "inverted": true, "swapped": true, "error_lsq": 0.04216833795504701, "error_max": 0.21432772698347102, "target": "454.xyz", "model": "11.xyz", "model_rescale": 3.890672605050136, "target_rescale": 4.059791720213297},
{"mapping": [2, 3, 0, 9, 1, 14, 12, 6, 10, 13, 4, 8, 7, 15], "R": [[-0.028639400153929906, -0.6534516811296043, -0.7564262589226511], [-0.9991330410160482, -0.004160653673594805, 0.04142288390530885], [-0.030215080818150608, 0.7569567949294749, -0.6527660066986104]], "T": [0.1266124168701906, -0.0005467274199784508, 0.19518486540976182], "aligned_model": [[0.45332140339789484, 0.19740629366083962, 0.5062444325435127, 0.7153232230273034, 0.8668266605786308, -0.46083379854025636, -0.35006210992105447, 0.23518929521705628, -0.0043509263215359695, -0.7075988788960033, 0.10159495546769355, -0.3252452513631031, -0.11398749036392014, 0.09604802630663548], [-0.19188898898781592, 0.1345639737102398, 0.5570496963118863, -0.5519254915187612, 0.046317791999143626, -0.49753388694184614, -0.10788721850502381, -0.3813686281881004, -0.6404555426557724, 0.16710824993707832, 0.5815117753115719, 0.6717366249534934, 0.11738667913886737, 0.027537485262804518], [-0.29924084683324215, -0.5831566197484097, -0.10320117969816128, 0.07692042095247226, 0.019429679427723168, 0.4496788274378392, -0.2782387140791119, 0.6752905884223195, -0.00885668893494257, 0.3161616290488968, 0.45133250386761814, -0.11888656070566228, 0.6297344910553218, 0.12782290514420003]], "inverted": false, "swapped": true, "error_lsq": 0.04039259206204194, "error_max": 0.2867909063227569, "target": "454.xyz", "model": "12.xyz", "model_rescale": 4.124412569039231, "target_rescale": 4.059791720213297},
{"mapping": [4, 14, 12, 5, 8, 0, 6, 1, 10, 9, 3, 11, 15], "R": [[-0.19190565465025605, -0.4763688901595953, 0.8580471433443342], [0.8491187600071531, 0.35780370099468656, 0.38855352650364644], [-0.49210725570465996, 0.8031495452545689, 0.33582920784262943]], "T": [-0.0007219975647358989, 0.10543385111891451, 0.10523550038648408], "aligned_model": [[-0.09331286937811556, -0.1523085363508486, 0.5661864323706763, -0.514688689339269, 0.5908896064148985, 0.27396704301631786, -0.5633544548821051, -0.07513034034829419, 0.08276184495755545, -0.21454415773647742, 0.7188330929972282, 0.6704978208952598, 0.0775015148929316], [-0.36822628500163, 0.8419523012251249, 0.4620740054985983, -0.38277953113414187, -0.20300405204698507, -0.566527044387058, 0.3589592787636972, -0.34078197910190383, 0.7129952695570032, 0.24116898480995846, -0.03972310479500357, 0.5319178082277076, 0.0994597248931104], [0.5200879953431395, 0.4075905290372611, 0.22478926856756176, 0.002644921701747807, 0.661691148977804, -0.02546628572745438, 0.024703895434422668, -0.5082448387877837, -0.19835503938550145, -0.6696460976073092, -0.19518432563261431, -0.40844084949718173, 0.11552775854374712]], "inverted": false, "swapped": true, "error_lsq": 0.04883499039124883, "error_max": 0.33302886381643604, "target": "454.xyz", "model": "13.xyz", "model_rescale": 3.9028299243045295, "target_rescale": 4.059791720213297},
{"mapping": [10, 14, 9, 7, 5, 13, 12, 8, 4, 11, 1, 6, 3, 0, 2, 15], "R": [[-0.33856562021498915, 0.672455610246993, -0.6581616617942617], [0.580592700578016, -0.40114220595738614, -0.7085174991735689], [-0.7404629881661647, -0.6220035231789177, -0.2546098590177681]], "T": [0.043271296275165134, -0.013411607218396626, 0.10358692421435198], "aligned_model": [[-0.5351511642155254, -0.04621753436872022, 0.23098615055859206, -0.26791545004781775, -0.33863991318109565, -0.33758383274265646, 0.2208096251861954, -0.04060010135516295, -0.5538734622579671, 0.500476002331949, 0.6878545717564488, 0.4780764914887531, 0.020204320190562293, -0.21815792915708354, 0.48936720299782965, 0.04892778532308384], [-0.46616141898193764, -0.6459938836386973, -0.7646523683491774, -0.7576045831050486, 0.2329296266010456, -0.037033331841991535, 0.21765046529482668, 0.7343143156275137, 0.028020898582208797, -0.37420358138174037, -0.07204973912719237, -0.33287360861545673, -0.007582778235669829, 0.5804772738371602, 0.522117224133188, -0.12429344621066551], [-0.02210184695056952, -0.5086892108193867, 0.13888435699152568, 0.515858169138194, -0.1321282816318632, -0.5942975480458204, -0.5283392972500359, -0.07070791943109489, 0.42149376387370663, -0.3510004672482502, 0.046379178245189265, 0.49511819260539036, 0.7265824174606142, 0.6195008378600318, 0.34098339081037005, 0.12897489428668554]], "inverted": false, "swapped": false, "error_lsq": 0.04279156731010565, "error_max": 0.2635781136737276, "target": "454.xyz", "model": "14.xyz", "model_rescale": 3.942246331269136, "target_rescale": 4.059791720213297},
{"mapping": [0, 5, 4, 6, 10, 7, 12, 8, 3, 13, 14, 11, 1, 9, 15], "R": [[0.6609934528834152, 0.7436704648718813, 0.10020925567282107], [-0.30766167649242215, 0.1467786906634834, 0.9401065411882772], [0.6844208851745635, -0.6522348163386815, 0.32581865553174444]], "T": [-0.04865837600168549, -0.05652250288187467, -0.10058460483258022], "aligned_model": [[-0.7792550727264969, -0.2998667444828598, -0.29559826044416737, 0.3686631422375586, 0.3518842735235087, 0.22080853486584945, 0.07283606153864364, -0.3795330496370725, -0.5505444935561856, 0.3829806513621952, 0.74168889640048, -0.10142340961256732, -0.5933201144695031, -0.08343043569720987, -0.08159594276996308], [-0.019593338467330954, -0.6019750360627774, 0.03833031856286878, -0.5116721455597601, -0.0725705424050543, -0.03804712049047758, 0.520384472010458, 0.6915080703682094, 0.3176108083555702, 0.6076526761938825, 0.11503515581131578, 0.24388617251535755, -0.5444816186675352, -0.6587348498300013, 0.01081166754692485], [-0.19510007736665672, -0.4909879646427371, -0.6794224252971397, -0.17802695158351212, 0.454010464848565, -0.5338007461354322, 0.23895613661302342, -0.3934213012211063, 0.38646439937310795, -0.4340679422171565, -0.047900373903505114, 0.7956622817832525, 0.11445675663008215, 0.44779175010607886, -0.07525152662634785]], "inverted": false, "swapped": true, "error_lsq": 0.04666212511191966, "error_max": 0.29565821475577736, "target": "454.xyz", "model": "15.xyz", "model_rescale": 4.355366556412066, "target_rescale": 4.059791720213297},
{"mapping": [1, 2, 9, 4, 5, 0, 7, 8, 10, 3, 12, 15], "R": [[0.7683020353482921, -0.2238741869288032, 0.5996601795239028], [-0.2803048015593882, 0.7245587523806951, 0.6296378582735342], [-0.575448695108803, -0.6518396756684104, 0.49392695464215947]], "T": [-0.03144887140850284, 0.10013129260306837, -0.21721174070536461], "aligned_model": [[-0.2073157661371046, 0.2917137745048699, 0.25281048929133754, -0.604638791122391, -0.6315089384218844, -0.3958354016804336, -0.29353424449668736, -0.19793645665013598, 0.6055884714099462, 0.2996450901256279, 0.4816915418440848, -0.002871214035448308], [-0.6083773245821991, -0.3376834938383465, -0.6386602860589683, 0.3375068799224306, -0.25314544881614437, -0.13189030220176168, 0.42586659937269544, 0.6836086932385039, -0.00028806862852039095, -0.03915802216642904, 0.4473996129274719, 0.12759758857224773], [0.0020818293817755906, 0.08559434398644342, -0.4120682334394383, -0.07531130678132567, -0.3850281691252746, 0.38066525926913575, -0.5101925387608978, 0.4045736932105841, -0.44605015688692295, 0.4899356396163448, 0.06379021857628339, -0.1487321178372866]], "inverted": false, "swapped": true, "error_lsq": 0.04534788589893798, "error_max": 0.23182513006914385, "target": "454.xyz", "model": "16.xyz", "model_rescale": 3.795458400668931, "target_rescale": 4.059791720213297},
{"mapping": [6, 9, 5, 14, 4, 2, 10, 13, 12, 3, 0, 8, 15], "R": [[-0.6614667351525431, 0.4570367777301975, -0.5946252114472055], [-0.3848640226881547, -0.8873607042098258, -0.25391074153043175], [-0.6436935935108623, 0.06089634164907021, 0.7628566007100107]], "T": [0.010821877466355004, 0.06073626702065614, -0.09631174292254238], "aligned_model": [[0.14975559229062252, -0.32800414240823145, 0.5763208735965647, -0.21244913356608058, 0.5689613488409977, -0.4278342799273462, -0.571252276266793, 0.06651860553808304, -0.4953508973282491, -0.47837142881699135, 0.20409664332286942, 0.12359925659132372, -0.027358360962547297], [-0.23541956941264064, 0.37186043530063706, 0.3426457444215546, -0.7127115632663623, 0.134376353679877, 0.48866197277802265, -0.1826340014415247, -0.588873685561483, -0.11898852315235801, 0.5519454864914033, 0.7160683842265858, 0.11613792620943221, 0.08071230519734181], [-0.6257500370770449, -0.7693526880188171, -0.43361994861397424, -0.19003996116698163, 0.20048289111775355, -0.20707172576611374, -0.3613178503244665, 0.4636497189169676, 0.321250938585385, 0.28902649014508885, 0.18163276959642286, 0.7633352996703772, -0.02995086622830169]], "inverted": false, "swapped": true, "error_lsq": 0.04909428620528465, "error_max": 0.3453892301207403, "target": "454.xyz", "model": "17.xyz", "model_rescale": 3.7474275329858107, "target_rescale": 4.059791720213297},
{"mapping": [5, 4, 0, 7, 9, 10, 1, 8, 6, 2, 14, 13, 12, 15], "R": [[0.5084902770235529, 0.7704566874248517, 0.3844920427978129], [0.6500825074341701, -0.05068391771675482, -0.7581714014739568], [-0.5646506634199705, 0.6354743372373158, -0.5266326945910038]], "T": [0.030993018301398795, -0.057762298880365326, 0.014827213958090467], "aligned_model": [[0.43114287634980974, 0.21790578877050684, 0.7088001596687173, -0.24289184802640548, 0.2715362161865378, -0.32725119156221455, 0.7086241688664975, 0.09801995531577216, -0.22193936121978372, 0.3571385412977596, -0.7709775901372282, -0.5990541000081717, -0.257731584421009, 0.041525616802087745], [-0.3901332591104334, 0.24125213172676585, 0.22894179396095538, -0.025865152711954484, -0.7275868429651186, -0.3272043445891638, -0.38432107723954967, 0.8027815347578381, -0.5905949480489842, -0.16410228807828167, -0.1618371329573708, 0.4940260464147589, 0.3562943535742621, 0.008757426777509902], [-0.47756341308417477, -0.5149685704616346, -0.03463704846844483, -0.4148233800776269, 0.41239416894918823, 0.531866588744274, 0.13802901276477209, -0.08392914798206283, -0.1837435373002712, 0.5345659102215814, 0.06838131324882746, -0.1781036168165198, 0.470969366663746, 0.05635707226000081]], "inverted": true, "swapped": true, "error_lsq": 0.04015409558138434, "error_max": 0.23320772277526192, "target": "454.xyz", "model": "18.xyz", "model_rescale": 3.922800546911778, "target_rescale": 4.059791720213297},
{"mapping": [4, 0, 5, 7, 11, 8, 2, 14, 3, 6, 9, 10, 13, 12, 15], "R": [[0.8037216284203298, 0.09545150885861584, -0.5872993729487433], [-0.2650090123226868, 0.9411670591154134, -0.20970166957799452], [0.5327304828871046, 0.3241813941185674, 0.7817318314551446]], "T": [0.12108203031320847, 0.11905820937969666, -0.09104637263272122], "aligned_model": [[-0.2592083638587887, -0.33293935980597594, 0.29722630639831926, 0.12455901843250283, 0.12218671857297597, -0.7330235122532414, 0.18344330713555487, 0.4314261288213727, -0.30107853102282617, 0.6823583174454599, 0.7377370848264393, 0.5157583922958244, -0.2648756052484598, -0.16533041412390553, 0.0578113492723662], [0.49666713827435593, -0.16651645439679155, 0.3173627282220438, 0.6293244351655937, -0.6747186801936477, 0.22212490237775634, -0.4996979833371493, 0.47555343150812357, -0.5459265865385307, 0.38589750312243554, -0.38558649498664577, -0.15846465050507172, 0.6394409981001806, -0.09995578721679588, 0.08210700543872206], [-0.4342959896524514, -0.5973863372030591, -0.7563939551102209, -0.07535337202202266, 0.4249042374430555, 0.0300407772785444, -0.12359253975722415, 0.5673259889979735, 0.0020010546246426453, -0.12393230736957775, -0.2632546758771966, 0.394215697293809, 0.47365754227512225, 0.4859035836897334, -0.06118053744779875]], "inverted": false, "swapped": true, "error_lsq": 0.04807698241786269, "error_max": 0.29123785098556926, "target": "454.xyz", "model": "19.xyz", "model_rescale": 3.9282355846067225, "target_rescale": 4.059791720213297},
{"mapping": [11, 12, 13, 10, 2, 14, 6, 7, 1, 0, 8, 3, 4, 15], "R": [[-0.4959413796655575, 0.8467506921605841, -0.19249782663966641], [-0.014046319581353939, -0.229474396010321, -0.9732133386272082], [-0.8682423906039383, -0.4799528798760041, 0.12569957938309928]], "T": [0.047690015188870095, 0.040404920398856264, -0.013771575304772136], "aligned_model": [[-0.7938195467295334, -0.1867197810838344, 0.5516517221889045, -0.36997930264892964, -0.5599218486677756, 0.23721030531103393, 0.19589007275242212, 0.5390884495215688, -0.3582681133527041, -0.06502610459531119, 0.3054129504274864, -0.5231191306145234, 0.5394627206458614, 0.020660425930011148], [-0.38729174051257, -0.598179753690378, -0.6474915942200582, -0.15375875034029665, 0.10645750439863585, -0.3502132164974817, 0.36811442049175014, 0.02488560050600301, 0.6142311050176882, 0.22497911307365873, -0.5223015552889876, -0.2598526526187327, 0.12182716292077596, -0.018523555815170976], [-0.0860573016936211, -0.02526646825031208, -0.12088384262213897, -0.5198550218606135, 0.10561136700467558, -0.6981369749255187, -0.5216682088559617, -0.15130960763680967, 0.2810585501668983, 0.6914205366315036, 0.5959180422818134, 0.4478608011399091, 0.3819045691048562, 0.031586716759002154]], "inverted": false, "swapped": true, "error_lsq": 0.04773711482261774, "error_max": 0.2786993935343229, "target": "454.xyz", "model": "20.xyz", "model_rescale": 4.067790424073018, "target_rescale": 4.059791720213297},
{"mapping": [12, 0, 10, 14, 9, 1, 6, 3, 2, 8, 4, 7, 13, 5, 15], "R": [[0.5055598439257958, -0.4257067982874104, -0.7504551726129995], [0.667016403845922, 0.744553987549878, 0.026990306112197437], [0.5472644344466202, -0.5142111254294855, 0.660370015426475]], "T": [0.03287224517588975, -0.010097136599472336, 0.05613267627971912], "aligned_model": [[0.44392375984390403, 0.06072012827685899, -0.1691534504799791, 0.21687253109772098, -0.7332193984079219, -0.5306919631694074, -0.33406595403501077, 0.16480862328596507, -0.26567411463432333, 0.8156732274683324, 0.32571884667726386, 0.2297206534471813, 0.7975749597912519, -0.3373183888310606, 0.08355449357673958], [-0.0836627358703359, 0.7192136417365541, -0.39942710993371544, -0.7851366227412875, -0.006771606448486997, 0.5030331456456547, -0.4599791295744467, 0.5267241112639118, 0.29385161474279975, 0.36671570796122777, 0.23111250357263555, -0.2863318562091652, -0.40048206191236335, 0.19401859453998438, 0.028016943154880267], [-0.48098483975112455, 0.1628976284297394, -0.46910577921849944, -0.09324656973570045, -0.22257499869231867, 0.06593021086750678, 0.28036093998064615, -0.512636065866657, -0.3980618145151388, 0.06011026574816213, 0.5671007419568158, 0.4376756813729146, 0.09462193589133394, 0.6343493800287832, 0.008812857124677435]], "inverted": true, "swapped": true, "error_lsq": 0.040907961316069996, "error_max": 0.257748794383664, "target": "454.xyz", "model": "21.xyz", "model_rescale": 4.186013935880536, "target_rescale": 4.059791720213297},
{"mapping": [7, 6, 14, 8, 0, 13, 4, 5, 10, 9, 1, 3, 15], "R": [[-0.07707954904111611, -0.2285009519865891, -0.9704875362727957], [-0.918740358894079, 0.3943612990193689, -0.019882624950827876], [0.387265924215903, 0.8900935236125352, -0.24033023772347917]], "T": [0.013929812424850061, -0.004633418395963422, -0.008662098863520134], "aligned_model": [[0.021419599365967355, -0.29007157586848975, 0.43515776674197704, 0.5340910226799362, -0.20522556451313487, 0.6904003812928604, -0.10445617082108169, -0.6548541557632744, 0.24852268235918726, -0.4318844650566795, -0.5620406028162817, 0.3063978035718013, 0.07111731425043717], [-0.31207366501327455, 0.20461388059427507, 0.23691973183700188, -0.6113021053504495, -0.3317419692276279, -0.3796365594626504, -0.6298072487334858, -0.2568940857249718, 0.6220785067396172, 0.6676282097530484, 0.1722295628094921, 0.15104602038408527, -0.01410361905896678], [-0.4161598028371703, -0.5097753472082609, -0.6575654472542947, 0.33217002775720034, 0.6150681214480183, -0.3833783493819826, 0.00445382644356675, -0.05482976409325824, -0.15172150346405652, 0.10923347747466051, 0.45822210713931877, 0.7119685475599947, 0.04519366775161006]], "inverted": true, "swapped": true, "error_lsq": 0.04182420806354817, "error_max": 0.21538787519962074, "target": "454.xyz", "model": "22.xyz", "model_rescale": 4.166573947596378, "target_rescale": 4.059791720213297},
{"mapping": [4, 2, 1, 0, 9, 11, 12, 9, 8, 6, 5, 5, 7, 10, 14, 15], "R": [[-0.0648403434214826, -0.9978674909489766, 0.007496690748519053], [-0.4047792199422029, 0.019433932676246823, -0.9142079114532522], [0.9121126646242594, -0.062312059570598655, -0.4051761274607677]], "T": [-0.0331044515842384, -0.031867524325617534, -0.005941067197951289], "aligned_model": [[-0.5268767160398602, -0.05715906011527651, 0.2009839577380279, -0.14211256653539756, -0.39487645424129325, -0.2149056700949613, 0.3429286600430409, -0.39487645424129325, -0.721132477596946, 0.543608293201792, 0.576834945614385, 0.576834945614385, 0.07523273944799187, 0.13543724851666056, 0.3357823807005437, 0.002858990495586529], [-0.5698512895521172, -0.5520962092270587, -0.7005981000602998, -0.6206639866072606, 0.4407728472481723, 0.223860238219019, 0.234432755508675, 0.4407728472481723, -0.0301769587148212, -0.410094658799698, -0.321739276298499, -0.321739276298499, -0.08666770642671212, 0.4268839699040737, 0.6678673901680934, -0.08790152172287533], [0.075397315941131, -0.4320780526887996, 0.07216843648548874, 0.5492091104273752, -0.08456207923791442, -0.7295742310581593, -0.47184300446512, -0.08456207923791442, 0.4191397693851143, -0.3275841562201671, 0.4788375218037684, 0.4788375218037684, 0.6987926702739744, 0.5615816151445284, 0.010530654801409134, 0.012219616736203535]], "inverted": true, "swapped": false, "error_lsq": 0.056023819406115866, "error_max": 0.380945638697401, "target": "454.xyz", "model": "23.xyz", "model_rescale": 4.274766983524099, "target_rescale": 4.059791720213297},
{"mapping": [3, 0, 8, 12, 7, 14, 10, 6, 9, 5, 15], "R": [[0.1216927412478081, -0.8323649337946137, -0.5407027776113995], [-0.8836051562253073, 0.15730136528457744, -0.44101951019388963], [0.4521424605361062, 0.5314366354220383, -0.7163395130185541]], "T": [-0.05675507591741706, 0.14838283698503485, 0.07058992751474338], "aligned_model": [[0.21002218374491127, 0.3091069245523912, -0.4920433983135672, -0.3613069498223714, -0.4237759591143194, -0.6161139532678047, -0.03388163168687139, -0.03496393602738489, 0.6128706856271519, 0.2807864155125091, -0.07080567724656925], [-0.054290018250989835, 0.5979338258808367, 0.4772540931734495, -0.2717349006334304, 0.37708890648861954, -0.32106517196900447, -0.5264694632490602, 0.05539120077522047, -0.228469636098113, 0.6743420591049231, 0.13560563602103215], [-0.6483229667545921, -0.38560890632083167, -0.6055379392090875, -0.3694324739302477, 0.34191848473259356, 0.4221474372579176, 0.1815801225484362, 0.6855642893404382, 0.34292976414358023, 0.42054925647998054, -0.006220634266610375]], "inverted": false, "swapped": true, "error_lsq": 0.04359343469536284, "error_max": 0.2160251312043255, "target": "454.xyz", "model": "24.xyz", "model_rescale": 3.7841303162186577, "target_rescale": 4.059791720213297},
{"mapping": [9, 14, 12, 2, 0, 10, 11, 7, 1, 13, 3, 5, 4, 6, 6, 15], "R": [[-0.39946992395854164, 0.11621645532122246, -0.9093500510612662], [-0.9069509536552206, 0.09451696325856507, 0.4104954461626405], [0.1336553310438577, 0.9887164806803566, 0.06764594085832071]], "T": [-0.11514679199354326, -0.08499381756158095, 0.035817876822497124], "aligned_model": [[-0.2986017714438532, 0.01275170931931359, 0.27795932112889377, -0.24555700348969384, -0.687918428169731, -0.4161810546315112, 0.3747404634075092, -0.24739290986421425, -0.538893823002697, 0.5555026038921741, 0.637673769019955, 0.3705044786712962, 0.08296502507941116, 0.26442040059720695, 0.26442040059720695, -0.06783041860388137], [-0.6145303981149415, -0.6172508959363561, -0.7333797021574391, -0.6457055773999432, 0.3758024520826434, -0.03298284895546212, 0.32666818753811766, 0.4867315936417177, 0.19567474887831945, -0.27551085122375185, -0.024341255738464268, -0.5765804396569211, -0.013589501659432346, 0.46158326417893536, 0.46158326417893536, -0.04111097506759305], [-0.13174103489772276, -0.5383278696499777, 0.020480507075631076, 0.5230432117997724, 0.06630393963180953, -0.6796737982792243, -0.38841371053941276, -0.24426528688573976, 0.5786806618121318, -0.3190520218075926, 0.3161468929673943, 0.5760254126105531, 0.7516093789129829, 0.31725826530259127, 0.31725826530259127, 0.06117781653889878]], "inverted": true, "swapped": false, "error_lsq": 0.05392432961010567, "error_max": 0.5082787782139342, "target": "454.xyz", "model": "25.xyz", "model_rescale": 4.19342608120988, "target_rescale": 4.059791720213297},
{"mapping": [1, 2, 9, 4, 5, 0, 7, 8, 10, 3, 12, 15], "R": [[0.7683020353482921, -0.2238741869288032, 0.5996601795239028], [-0.2803048015593882, 0.7245587523806951, 0.6296378582735342], [-0.575448695108803, -0.6518396756684104, 0.49392695464215947]], "T": [-0.03144887140850284, 0.10013129260306837, -0.21721174070536461], "aligned_model": [[-0.2073157661371046, 0.2917137745048699, 0.25281048929133754, -0.604638791122391, -0.6315089384218844, -0.3958354016804336, -0.29353424449668736, -0.19793645665013598, 0.6055884714099462, 0.2996450901256279, 0.4816915418440848, -0.002871214035448308], [-0.6083773245821991, -0.3376834938383465, -0.6386602860589683, 0.3375068799224306, -0.25314544881614437, -0.13189030220176168, 0.42586659937269544, 0.6836086932385039, -0.00028806862852039095, -0.03915802216642904, 0.4473996129274719, 0.12759758857224773], [0.0020818293817755906, 0.08559434398644342, -0.4120682334394383, -0.07531130678132567, -0.3850281691252746, 0.38066525926913575, -0.5101925387608978, 0.4045736932105841, -0.44605015688692295, 0.4899356396163448, 0.06379021857628339, -0.1487321178372866]], "inverted": false, "swapped": true, "error_lsq": 0.04534788589893798, "error_max": 0.23182513006914385, "target": "454.xyz", "model": "26.xyz", "model_rescale": 3.795458400668931, "target_rescale": 4.059791720213297},
