[{"mapping": [0, 1, 5, 12, 11, 8, 10, 9, 7, 2, 6, 13], "R": [[-0.08396749873600722, -0.12389188421887377, 0.9887366991169673], [-0.3273032338984232, 0.9406171532155692, 0.09006644300888665], [-0.9411812005324229, -0.3160540651555302, -0.11953148398230141]], "T": [-0.06698459475578894, -0.08836256032567338, 0.030075808334172276], "aligned_model": [[0.2948301727922956, -0.3735292872783461, -0.7762305250301771, 0.0008773792321391388, -0.24540157489527947, 0.017160483600635268, 0.22403662307783817, 0.5970424426127283, 0.49820020652502, 0.3917118662387708, -0.14897480258060247, 0.032180031282508445], [-0.7685406062521453, -0.5685042425315889, 0.16952297861111956, -0.371067158599924, 0.4383130799681869, 0.6859857818960662, 0.22747252044849955, -0.17367310700591487, 0.39917601273694925, -0.3109534587084073, 0.32018566701742945, 0.025557109322976113], [0.0732074023737932, -0.06232781669047922, 0.08361569662407436, -0.4705165113978251, -0.3916373548019074, 0.09239259828307139, -0.8815073075497442, -0.26746977814449635, -0.08936774591930488, 0.6056703653254086, 0.6711001728815001, -0.030986029709129587]], "inverted": false, "swapped": false, "error_lsq": 0.05260075950925549, "error_max": 0.2758771476223431, "target": "455.xyz", "model": "0.xyz", "model_rescale": 3.8414455957264533, "target_rescale": 3.774334085178652},
{"mapping": [5, 3, 11, 10, 12, 13, 8, 6, 9, 4, 0, 14], "R": [[0.5155145649364493, -0.5368177821080085, 0.6678857702863734], [-0.08117930370262788, 0.745336073727791, 0.661728084525961], [-0.853026760417714, -0.39534896738537173, 0.34065310801250637]], "T": [0.12053388135389384, -0.007068308223511589, 0.05025644620042279], "aligned_model": [[0.2518737032321602, -0.23562420878071125, -0.65986334152822, -0.03308200080321891, -0.3585714905154631, -0.02160604463645341, 0.21500125475008924, 0.7048746772203064, 0.6318382957506168, 0.13362761423803826, -0.1595554533228231, 0.042990009973209814], [-0.6315120651927971, -0.6726758181080869, 0.3239503437498146, -0.3508177052168214, 0.1906939077047863, 0.7357442739276511, 0.40045450902233787, -0.3111855282498561, 0.44441452958324035, -0.2813906273583723, 0.2766881976663682, -0.05088944062501765], [-0.11449376033529785, 0.2588108507498865, -0.03733481303027986, -0.521250170757087, -0.5097772067742241, -0.003341220509150901, -0.6200445804198568, -0.3693692495729629, 0.0347411963530087, 0.5197168324225417, 0.6556898277319398, 0.0388259854164443]], "inverted": false, "swapped": false, "error_lsq": 0.053730122354306374, "error_max": 0.2653624891742735, "target": "455.xyz", "model": "1.xyz", "model_rescale": 4.316132596720782, "target_rescale": 3.774334085178652},
{"mapping": [7, 3, 6, 10, 8, 2, 1, 9, 0, 5, 4, 11], "R": [[-0.06584145283743491, 0.542883011974008, -0.8372233503661284], [-0.22459923957874772, 0.8094498054822663, 0.5425368134839973], [0.972224297510047, 0.22376113986738266, 0.06863576047765087]], "T": [0.08386780554380827, -0.010387434405082791, -0.09114902503912287], "aligned_model": [[0.18015839846456275, -0.19110889090664038, -0.7288786428360275, -0.23533599485783543, -0.31844434724163595, -0.04683175144747129, 0.3488849153993897, 0.7094178137287996, 0.5383305595992312, 0.47270042264991385, -0.20337032826447773, -0.013619138710278422], [-0.8998081779483399, -0.4421901968638534, 0.013659615949747277, -0.26393130017164745, 0.37785766386202413, 0.8164237693517596, 0.28152997841856575, -0.3048543109265232, 0.41091062460933314, -0.2413321141623048, 0.3083356215904218, 0.016873403194063306], [-0.08019537497688786, 0.31988771246895403, 0.031165786062007456, -0.571836283587322, -0.6150257196969378, -0.08602448706521032, -0.46417371454231054, -0.35934289358103494, 0.25509598825852875, 0.3684525770939084, 0.5493504669200533, -0.0151803660787872]], "inverted": true, "swapped": false, "error_lsq": 0.051654325240538895, "error_max": 0.2569978293087295, "target": "455.xyz", "model": "2.xyz", "model_rescale": 3.795458400668931, "target_rescale": 3.774334085178652},
{"mapping": [3, 6, 2, 8, 1, 0, 7, 9, 4, 5, 10, 11], "R": [[0.8350500455347023, 0.5466021891656327, -0.06258968167221629], [-0.11025475048111903, 0.05480178147842781, -0.9923913818363885], [-0.5390132757630721, 0.8355972783261854, 0.10602771809783423]], "T": [0.0010577554620892007, 0.06814330645948993, -0.041060409498216446], "aligned_model": [[0.15397846469999368, -0.3310052986753428, -0.6904415659402814, -0.06435308046681068, -0.4541107572485147, -0.09332632783399511, 0.44195106379964266, 0.7118107677571947, 0.43280850233563584, 0.39751401560335814, -0.044476537993431896, 0.05155376954008236], [-0.7151877383407779, -0.41674999994219164, 0.06820911906791914, -0.47342175190089797, 0.19351061040009024, 0.8367829059536416, 0.30308989995409674, -0.3857059816848316, 0.4538163726688833, -0.27348943369992795, 0.293476873909855, 0.18914370051738738], [-0.03224244633963547, -0.0847514395234923, 0.28992900964345286, -0.6005169736187274, -0.4574418525274817, -0.15283140343478668, -0.6187415373571926, -0.24940056878489636, 0.23426178702501316, 0.4279109331179291, 0.6561928779804165, -0.08019469490563738]], "inverted": false, "swapped": false, "error_lsq": 0.05125268963825877, "error_max": 0.27962840876166284, "target": "455.xyz", "model": "3.xyz", "model_rescale": 3.7530521520055578, "target_rescale": 3.774334085178652},
{"mapping": [10, 5, 2, 4, 1, 6, 9, 8, 7, 3, 11], "R": [[-0.7741064376578672, -0.4478798214922796, -0.44739567351136744], [0.35199961520583306, 0.28287767885901133, -0.8922311862394653], [0.5261705940772363, -0.8481650100678414, -0.061323907450735904]], "T": [-0.03403120980796163, -0.12442280898428809, 0.06114900597995164], "aligned_model": [[-0.43831120406475205, -0.2991546721152499, 0.4531891227647465, 0.2558210915757597, 0.4211082394000816, -0.11922934157381362, -0.3338017768867269, -0.5923331592999146, -0.4131251210429637, 0.40348426413884925, 0.0005521595491887049], [-0.615562604520361, 0.043366084467758914, -0.4650497565616616, 0.3085583011143252, -0.5568171756934304, 0.6321871399879404, -0.39675684772361913, 0.08901568065230575, 0.3050364883551356, 0.23774806078722543, -0.11452201255127306], [-0.27571331198037363, -0.6666363649011041, -0.5404424276736883, -0.3810450375610364, 0.29733872297844854, 0.10660207111522166, 0.4487037356316425, -0.04302150187306743, 0.7623895011633529, 0.3889213873686579, -0.004265997022736875]], "inverted": false, "swapped": true, "error_lsq": 0.05594431082278106, "error_max": 0.33084873244451635, "target": "455.xyz", "model": "4.xyz", "model_rescale": 3.7855080009869324, "target_rescale": 3.774334085178652},
{"mapping": [8, 6, 0, 10, 3, 2, 9, 15, 14, 13, 12, 16], "R": [[-0.890750954298406, -0.08209667910618067, -0.44701551728795286], [-0.28254278386822806, 0.8704227780019749, 0.4031547628632417], [0.3559948211708578, 0.4854114984372143, -0.7985257444093256]], "T": [-0.10451552596065264, -0.06614170826161472, 0.013053662251346763], "aligned_model": [[0.27297859950529024, -0.3049690023992716, -0.7821157696685206, 0.009045766517781995, -0.25677812060846844, -0.1105147087750803, 0.22765535586651495, 0.6553146083568792, 0.40880237962489974, 0.3580339543988127, 0.10423925627865552, -0.06978930351996238], [-0.6494323543914594, -0.5810036773256155, 0.3130728182555007, -0.34031860408210246, 0.36572557060339117, 0.6657897996378239, 0.3010564455348851, -0.22270696581005703, 0.3703962275722644, -0.3649505578763219, 0.24189393421872926, -0.02604805943379187], [-0.09910729949449135, 0.36063476740836525, -0.06129777301355797, -0.6524500092059589, -0.5091755605197372, -0.08707607922592181, -0.49855364845056893, -0.2652691607395959, 0.07335919198144134, 0.4838284369435794, 0.5827910990273529, 0.004489726564054631]], "inverted": true, "swapped": false, "error_lsq": 0.04541849849792237, "error_max": 0.22062641008939912, "target": "455.xyz", "model": "5.xyz", "model_rescale": 4.2253639853439635, "target_rescale": 3.774334085178652},
{"mapping": [10, 4, 3, 5, 6, 7, 11, 8, 9, 1, 0, 13], "R": [[0.001844420195393659, 0.9886515052474578, -0.15021584232722995], [0.938454570270391, 0.050173125834965804, 0.34173919439034894], [0.3453977672955615, -0.14160105443069657, -0.9277119831776222]], "T": [0.0681906285314818, 0.005369627946722388, -0.0754706224868285], "aligned_model": [[0.17349861087932733, -0.35309128500324327, -0.6111400359826908, 0.08269854691454026, -0.35246773001455134, -0.3334950446785254, 0.2853550420084544, 0.7439406089979705, 0.5628473659303197, 0.30109537278946774, 0.004254795149093743, 0.008406768587367365], [-0.7589553720565253, -0.3617038664861956, 0.179214511211303, -0.3008288436480972, 0.2538038778326987, 0.6857035485961892, 0.3439811122396504, -0.24735555340398682, 0.22199803363174456, -0.39150449322804953, 0.4335592452962645, 0.015562376918250666], [-0.19049234918661528, 0.3589138975180319, 0.0308180293618006, -0.6293418013252584, -0.493854342284885, -0.0034595651521383136, -0.7416054954947888, -0.23470887859848782, 0.20910497991380916, 0.49632662654655174, 0.5995319776047209, -0.06905938762777902]], "inverted": false, "swapped": false, "error_lsq": 0.05297774324290558, "error_max": 0.25389194554454464, "target": "455.xyz", "model": "6.xyz", "model_rescale": 3.89814844738969, "target_rescale": 3.774334085178652},
{"mapping": [1, 0, 7, 6, 8, 11, 9, 5, 10, 2, 4, 12], "R": [[-0.07128330147547898, 0.9828887521592606, -0.16984814337980791], [0.13177599840544563, 0.17806861671451052, 0.9751546820815808], [0.9887131925765956, 0.047130336516860716, -0.14221446552585115]], "T": [-0.10019554550733609, 0.0066932765405568, -0.025297562427555834], "aligned_model": [[0.28839153916027493, -0.3080800664454212, -0.7129598328103381, -0.09745193158438903, -0.3484138122869884, -0.15655687840877772, 0.4789190466449046, 0.531416757915104, 0.5554269688908025, 0.34900020185639813, -0.09443269473888698, 0.026643717384848054], [-0.7426456395177512, -0.5324050482647951, 0.11647864691916444, -0.3378678218495424, 0.3303697645532492, 0.8119258981977692, 0.3172225816984366, -0.2992034447315201, 0.28898616197683796, -0.19924834245332956, 0.2530198529718646, 0.06684196740286302], [0.022534210944623642, 0.10572689946683618, 0.1838477942094779, -0.6072305251360011, -0.5650271201316052, -0.08665059328696512, -0.6303956692078715, -0.35706509867126524, 0.14608945137001167, 0.4820081389374887, 0.5703414185659027, 0.06799478421432888]], "inverted": false, "swapped": false, "error_lsq": 0.043240139897433784, "error_max": 0.2995738216148537, "target": "455.xyz", "model": "7.xyz", "model_rescale": 3.7474275329858107, "target_rescale": 3.774334085178652},
{"mapping": [6, 3, 2, 5, 4, 13, 11, 10, 12, 0, 1, 14], "R": [[-0.610946158143529, 0.7362148669879003, 0.29108840834985317], [0.7885651561731868, 0.5984627159713324, 0.1414474180102784], [-0.07006986741260635, 0.31595893280330767, -0.9461818886781628]], "T": [0.06721887869866629, 0.023438214677281945, -0.13996225475679772], "aligned_model": [[0.2800751484350827, -0.3232158771223598, -0.6657081218096391, -0.12443729301877977, -0.5448685984580546, -0.006381702468906389, 0.4682359654240408, 0.7898886056073463, 0.4598940516687822, 0.21477061818938303, -0.06823222574149139, 0.0318824448721266], [-0.7623884808889169, -0.5521626942162003, 0.14968326059103224, -0.5456651832155532, 0.4837842959864856, 0.9149492411984219, 0.22269560223640542, -0.20106787532466067, 0.47931874356664284, -0.35596276711674874, 0.17304918932473642, 0.0672412447616017], [-0.07587862683864872, 0.03433298933375503, 0.254334202440043, -0.5303603827893615, -0.30013794447501607, -0.228860357861351, -0.5711950749911507, -0.0888854395659899, -0.003500645826660098, 0.3782043370010567, 0.5839654865412085, -0.11984485169292396]], "inverted": false, "swapped": false, "error_lsq": 0.05496292640882919, "error_max": 0.3268137223366434, "target": "455.xyz", "model": "8.xyz", "model_rescale": 4.019505241142653, "target_rescale": 3.774334085178652},
{"mapping": [6, 5, 4, 2, 0, 7, 1, 10, 9, 11, 8, 12], "R": [[-0.49458299726756844, 0.7421663143918598, 0.4523016920107993], [-0.5956423728921083, -0.6684151767686531, 0.4454562998553157], [0.6329279757044141, -0.04909494115826531, 0.7726524861303298]], "T": [0.04115240575229688, -0.05992584007132254, -0.10325356951635889], "aligned_model": [[0.3002532712719796, -0.3525214690759595, -0.7082541487587063, -0.18563528180604566, -0.3521725940012634, -0.273837817361221, 0.4204015729594465, 0.8944521289126796, 0.5083305118846094, 0.23410410512201257, 0.000533166462526366, 0.026249569967472332], [-0.7384082144192475, -0.4872432498514636, 0.23991278098248006, -0.3495777320554776, 0.3357569164263058, 0.7808832663345036, 0.22620973947100978, -0.29428742706383065, 0.32963340261652396, -0.21808176985040204, 0.32698923699301574, -0.0783123726801714], [-0.12754857215168997, 0.23281998005048044, 0.08669718363724666, -0.5665475242131552, -0.43698501671663426, 0.012527240653670918, -0.5834637333646616, -0.33805984544303813, 0.20872122917343922, 0.4668392892172365, 0.44881864670713434, -0.07164518627506747]], "inverted": false, "swapped": false, "error_lsq": 0.038711259085346804, "error_max": 0.19461197476626785, "target": "455.xyz", "model": "9.xyz", "model_rescale": 3.877068213659057, "target_rescale": 3.774334085178652},
{"mapping": [1, 4, 13, 5, 6, 10, 12, 0, 11, 8, 9, 15], "R": [[-0.051534805426093344, -0.5271845265274202, 0.8481866768699886], [-0.363309043954026, -0.7812234028645444, -0.5076381914296377], [0.9302422815648117, -0.33431492609035823, -0.15127071025909805]], "T": [-0.1141847678572454, 0.009419941272085269, 0.00686799161675284], "aligned_model": [[0.2817512563710295, -0.4747499963618823, -0.8539754434691316, 0.09831986652123303, -0.3440127565948378, 0.018342036981442156, 0.24066645781477636, 0.6218015668862892, 0.5304886376673243, 0.4320595028220777, -0.007144753577799909, -0.031643359482990394], [-0.7577006542382783, -0.5628807551241555, 0.22301228624972713, -0.4868160006356654, 0.401579574703739, 0.7045845760867315, 0.19366600463695957, -0.15501255334586667, 0.3685505581756435, -0.14767490352985058, 0.2981210775396968, -0.005954633615435096], [-0.080694939270505, 0.03043297926257785, 0.0756179909500774, -0.5584523711591924, -0.4098987208549031, 0.055791973079283255, -0.6242652839179321, -0.24818515072476988, -0.0018885188484619314, 0.5286546743662917, 0.5906825111008944, -0.025621452708398613]], "inverted": true, "swapped": false, "error_lsq": 0.04159666444534348, "error_max": 0.2427019323326355, "target": "455.xyz", "model": "10.xyz", "model_rescale": 4.260839863003843, "target_rescale": 3.774334085178652},
{"mapping": [6, 10, 9, 7, 8, 2, 1, 0, 3, 5, 4, 11], "R": [[-0.0725171563303591, -0.13901951803513474, -0.9876309207609073], [-0.548182657414565, -0.8216975506258201, 0.15591314699355555], [-0.8332088790619461, 0.5527085207419976, -0.01662091909398644]], "T": [0.004595521833645033, 0.02238299264503891, -0.06714798741984164], "aligned_model": [[0.3538154691710003, -0.40137698693706486, -0.7244364144946582, 0.022526859477856397, -0.5307603874599491, 0.004376293498132136, 0.342582297247867, 0.7018714982221113, 0.6093161940545282, 0.32186355544656176, -0.22113999198810966, 0.03326462933925539], [-0.7275450825599135, -0.4296644412158323, 0.22090577887517035, -0.3736758702844171, 0.24680689075410023, 0.70693975219588, 0.40265654625340974, -0.3865567257753793, 0.3492930872703365, -0.18003800585628105, 0.2275356680816761, 0.016816979164496697], [0.07036072159641664, 0.08832944407559405, 0.1874780134481796, -0.5890880927073748, -0.48980786415373023, -0.025445217324341532, -0.5813635134519224, -0.4086282780732971, 0.10970158151819424, 0.4940806972186217, 0.5984785716671887, -0.12192237253856722]], "inverted": false, "swapped": false, "error_lsq": 0.04986968406859907, "error_max": 0.25642062076636324, "target": "455.xyz", "model": "11.xyz", "model_rescale": 3.890672605050136, "target_rescale": 3.774334085178652},
{"mapping": [3, 4, 10, 0, 11, 9, 6, 8, 5, 7, 12, 13], "R": [[0.34737207023619604, 0.9376697724634118, 0.01039435559490623], [0.9236555760792324, -0.3402251861811534, -0.1763723319167196], [-0.1618425827696817, 0.07086762657528187, -0.9842686411270176]], "T": [0.0007503583242379416, 0.043925132356629065, -0.24409880855927518], "aligned_model": [[0.298272983299006, -0.39734508427513204, -0.7318185687952992, 0.07067946684846543, -0.42866262041933956, 0.098482187096466, 0.23744776607638585, 0.6797058418336239, 0.47995222237567703, 0.3426939288991661, -0.12947002482866715, -0.008035082532822016], [-0.8008019756057229, -0.47352203929082926, 0.220739694454006, -0.47934359996924125, 0.3450770011958333, 0.8037127101481681, 0.285771006260004, -0.19144625021708953, 0.3919880211972756, -0.2056054375852587, 0.2045596469415513, -0.027654200625450223], [-0.018312279502025797, 0.01050968886529885, 0.2371702244064927, -0.508663154793418, -0.4104544801682555, -0.10628827812018443, -0.7105141324722914, -0.2971158767166649, 0.2600737618336307, 0.4960182494007122, 0.47170238680201376, -0.09195241826034703]], "inverted": true, "swapped": false, "error_lsq": 0.04900514797957841, "error_max": 0.24881989983385072, "target": "455.xyz", "model": "12.xyz", "model_rescale": 4.124412569039231, "target_rescale": 3.774334085178652},
{"mapping": [2, 8, 9, 10, 7, 3, 5, 4, 0, 1, 6, 12], "R": [[-0.17728151449333834, 0.2457088249761287, -0.9529944585084421], [0.7372251104603157, 0.6746443038692629, 0.03679945330481771], [0.6519742334829836, -0.6960475821275498, -0.3007446795683476]], "T": [0.012712428362258776, 0.09445450477966309, -0.06847357785321442], "aligned_model": [[0.21080980401225838, -0.3214334673550119, -0.6153663938079685, -0.12509393931641244, -0.292922474249071, -0.07887779406377846, 0.35299761513520983, 0.6701172792026628, 0.4905527623326254, 0.40677234114281274, -0.2037134353135262, 0.01806071785772995], [-0.7420244145721482, -0.41198295275374264, 0.18795980384176475, -0.40110490105560587, 0.2774631304847362, 0.7321806787762847, 0.3455633467578243, -0.2562053190435725, 0.4204665233332973, -0.21551857155606807, 0.14700495081224874, -0.010327698121772436], [-0.00968615666866203, 0.31462398528292124, 0.005113270081448462, -0.5976615903902682, -0.5843929744059584, 0.23758186470827083, -0.6968812641648136, -0.31973600201825036, -0.022082065874202375, 0.5730073462552723, 0.5624076399192331, -0.1301203614500291]], "inverted": true, "swapped": false, "error_lsq": 0.0520777855870446, "error_max": 0.257724210819038, "target": "455.xyz", "model": "13.xyz", "model_rescale": 3.9028299243045295, "target_rescale": 3.774334085178652},
{"mapping": [8, 12, 14, 5, 10, 7, 4, 0, 3, 2, 6, 15], "R": [[-0.27187187392582474, -0.7554724473474747, -0.5961099441100424], [-0.8247887282753376, -0.1362093099268195, 0.5487901034085901], [-0.49579152662990517, 0.6408653565204449, -0.5860736787588327]], "T": [-0.01753290493258116, -0.03694872467889141, 0.04216434930387956], "aligned_model": [[0.2653851092294253, -0.41065908788023314, -0.8783445364212712, -0.06268379267410545, -0.36426325336635657, -0.09325425314255739, 0.2817332322071922, 0.7503076661682588, 0.4990415334173193, 0.4712421121247143, 0.11310280718432328, -0.059704521269178974], [-0.7271946255287453, -0.6067997167513107, 0.15265057107255967, -0.3019516818499747, 0.3616943500815865, 0.8512324052633969, 0.20966166890859136, -0.1877395819239375, 0.3085267845360935, -0.41785310998428216, 0.36491628619938354, 0.06633122687988552], [-0.1578985237641243, 0.11260538901777609, -0.03597715648713031, -0.3935381451598152, -0.4833966523595611, -0.11916919859262465, -0.5137010721955816, -0.23151316893166848, 0.0920338531542568, 0.43985845475623286, 0.5577679625580443, 0.06510194927915731]], "inverted": false, "swapped": false, "error_lsq": 0.04076868334952278, "error_max": 0.21471958719177503, "target": "455.xyz", "model": "14.xyz", "model_rescale": 3.942246331269136, "target_rescale": 3.774334085178652},
{"mapping": [7, 8, 13, 6, 4, 3, 10, 9, 5, 2, 1, 14], "R": [[0.3747301502211269, 0.39830504160991714, -0.8372158672310112], [0.5788576160404543, -0.8058969881366005, -0.12431373562208764], [-0.7242245334612837, -0.4380446761923702, -0.5325558062703926]], "T": [-0.04777593113164778, 0.028656639036249393, -0.0870096685547785], "aligned_model": [[0.33836123689272846, -0.4174323536346102, -0.831426904030199, -0.0033924829800636228, -0.24829219615184256, -0.03704636368537368, 0.16597430189216023, 0.6462071537924555, 0.4442517491976019, 0.4943922809186464, 0.0026977351622105225, -0.04239114179618344], [-0.72269882976885, -0.6394286307135029, 0.23827973213162582, -0.4410895098372673, 0.4558849904567152, 0.7150162091890498, 0.19738598982818356, -0.2269056385288801, 0.29351105148439083, -0.21785888163992664, 0.4134649435354396, 0.007913150766268612], [0.04468146666632576, 0.03891542002372288, -0.1406674547707381, -0.3872729771475809, -0.43476409358414697, 0.12593010542539074, -0.7464349942033786, -0.4051884017493625, 0.21388975016463635, 0.39041220625556944, 0.6243386382400948, 0.008334025954428323]], "inverted": false, "swapped": false, "error_lsq": 0.05054643278562207, "error_max": 0.2675135569984542, "target": "455.xyz", "model": "15.xyz", "model_rescale": 4.355366556412066, "target_rescale": 3.774334085178652},
{"mapping": [7, 3, 6, 10, 8, 2, 1, 9, 0, 5, 4, 11], "R": [[-0.06584145283743491, 0.542883011974008, -0.8372233503661284], [-0.22459923957874772, 0.8094498054822663, 0.5425368134839973], [0.972224297510047, 0.22376113986738266, 0.06863576047765087]], "T": [0.08386780554380827, -0.010387434405082791, -0.09114902503912287], "aligned_model": [[0.18015839846456275, -0.19110889090664038, -0.7288786428360275, -0.23533599485783543, -0.31844434724163595, -0.04683175144747129, 0.3488849153993897, 0.7094178137287996, 0.5383305595992312, 0.47270042264991385, -0.20337032826447773, -0.013619138710278422], [-0.8998081779483399, -0.4421901968638534, 0.013659615949747277, -0.26393130017164745, 0.37785766386202413, 0.8164237693517596, 0.28152997841856575, -0.3048543109265232, 0.41091062460933314, -0.2413321141623048, 0.3083356215904218, 0.016873403194063306], [-0.08019537497688786, 0.31988771246895403, 0.031165786062007456, -0.571836283587322, -0.6150257196969378, -0.08602448706521032, -0.46417371454231054, -0.35934289358103494, 0.25509598825852875, 0.3684525770939084, 0.5493504669200533, -0.0151803660787872]], "inverted": true, "swapped": false, "error_lsq": 0.051654325240538895, "error_max": 0.2569978293087295, "target": "455.xyz", "model": "16.xyz", "model_rescale": 3.795458400668931, "target_rescale": 3.774334085178652},
{"mapping": [1, 0, 7, 6, 8, 11, 9, 5, 10, 2, 4, 12], "R": [[-0.07128330147547898, 0.9828887521592606, -0.16984814337980791], [0.13177599840544563, 0.17806861671451052, 0.9751546820815808], [0.9887131925765956, 0.047130336516860716, -0.14221446552585115]], "T": [-0.10019554550733609, 0.0066932765405568, -0.025297562427555834], "aligned_model": [[0.28839153916027493, -0.3080800664454212, -0.7129598328103381, -0.09745193158438903, -0.3484138122869884, -0.15655687840877772, 0.4789190466449046, 0.531416757915104, 0.5554269688908025, 0.34900020185639813, -0.09443269473888698, 0.026643717384848054], [-0.7426456395177512, -0.5324050482647951, 0.11647864691916444, -0.3378678218495424, 0.3303697645532492, 0.8119258981977692, 0.3172225816984366, -0.2992034447315201, 0.28898616197683796, -0.19924834245332956, 0.2530198529718646, 0.06684196740286302], [0.022534210944623642, 0.10572689946683618, 0.1838477942094779, -0.6072305251360011, -0.5650271201316052, -0.08665059328696512, -0.6303956692078715, -0.35706509867126524, 0.14608945137001167, 0.4820081389374887, 0.5703414185659027, 0.06799478421432888]], "inverted": false, "swapped": false, "error_lsq": 0.043240139897433784, "error_max": 0.2995738216148537, "target": "455.xyz", "model": "17.xyz", "model_rescale": 3.7474275329858107, "target_rescale": 3.774334085178652},
{"mapping": [5, 4, 0, 9, 2, 1, 7, 12, 11, 10, 3, 13], "R": [[-0.7177109070815993, 0.6101921013619056, 0.3354946397360917], [0.12994705357046543, 0.5906977165529322, -0.7963604528902137], [-0.6841087757984563, -0.5279600430853586, -0.5032428596421847]], "T": [0.023209676539644664, 0.00916043681474835, -0.0350743342456685], "aligned_model": [[0.23546690512228563, -0.5002056803882566, -0.7856343339890773, 0.0001256115110863272, -0.4167807997777192, -0.11601716732275665, 0.4265285809911595, 0.6220901780251263, 0.5880721474089202, 0.4631372755433397, 0.06706991254815355, -0.07194961409473087], [-0.6700206996773501, -0.6323505036568534, 0.16649239201293467, -0.39867788463220566, 0.314250299437877, 0.6837140109433552, 0.34803771497273067, -0.3211321444520075, 0.42990572577681324, -0.21822449145342868, 0.3384689546077028, 0.033011203023678035], [0.0948479094926987, 0.02596581162476952, 0.10691303591871495, -0.5650358379015127, -0.5010799997523255, 0.02904881592736444, -0.5735121985313858, -0.33754066132050364, 0.12505203030976506, 0.4457574164684214, 0.5567206987814086, -0.07496332974245386]], "inverted": false, "swapped": false, "error_lsq": 0.04310937397527992, "error_max": 0.22327999364439946, "target": "455.xyz", "model": "18.xyz", "model_rescale": 3.922800546911778, "target_rescale": 3.774334085178652},
{"mapping": [5, 1, 10, 8, 4, 11, 13, 12, 7, 3, 9, 14], "R": [[-0.30201544577595735, 0.7382156365862931, 0.6031785344425349], [0.8459288526438025, -0.08419591449297681, 0.5266074669499394], [0.43953503475546757, 0.6692897144601775, -0.5990494398130461]], "T": [-0.032728783718622485, -0.1134410392975398, -0.05910888775020708], "aligned_model": [[0.3235382345183874, -0.4996834837563519, -0.6506299746523381, -0.06341749570147176, -0.43006483549914276, -0.04565647459988965, 0.24550348376921283, 0.7367431987822466, 0.5301872422066932, 0.41228618598619504, -0.07550866711251611, 0.028605601636505294], [-0.7858196002752778, -0.6648384505021132, 0.3681284849500789, -0.38343687238546564, 0.3162655132548285, 0.5973520473063916, 0.2845920406493147, -0.20538939802366468, 0.40723372940215075, -0.16612661364492307, 0.3572598199566038, -0.0517461237846771], [-0.11839297195272885, 0.10181726601422733, 0.1329576601490157, -0.6073343040650745, -0.4849533191347113, -0.10211674300176968, -0.5448765476626223, -0.1935425592773486, 0.16502132452522136, 0.3973285675264301, 0.6037287760779733, -0.01746345792365169]], "inverted": false, "swapped": false, "error_lsq": 0.0435351158817178, "error_max": 0.23749016397040448, "target": "455.xyz", "model": "19.xyz", "model_rescale": 3.9282355846067225, "target_rescale": 3.774334085178652},
{"mapping": [12, 7, 6, 9, 4, 3, 11, 10, 1, 2, 5, 13], "R": [[-0.005765580868094311, -0.8949412194660185, 0.44614680518628536], [-0.7856500920251537, -0.2719613487237098, -0.5556896235321014], [0.6186442361956679, -0.35371915201336857, -0.701542636281518]], "T": [-0.08634683981257821, 0.003806664345949032, -0.11712064614327691], "aligned_model": [[0.11909370927916221, -0.20415571972403446, -0.6535146636160368, -0.0944885092453279, -0.2293736679887855, -0.12814654185992594, 0.27176737654687333, 0.7258213785133825, 0.4072973963630425, 0.42476049270815885, -0.18327954536502838, 0.056121309966050054], [-0.8103334285547494, -0.4813136155316441, 0.15093713120055136, -0.45213583540791613, 0.4522320531377826, 0.7366744772000139, 0.10899020386702382, -0.27759274330055417, 0.4442518241436321, -0.13375046608406768, 0.2647592601721127, 0.07075571606106121], [-0.2504039353737423, 0.25554161146422016, 0.17187302060784723, -0.6371927328532149, -0.5388146608607717, 0.04874864858244762, -0.7287200267683956, -0.17569971671372073, 0.23476601971377695, 0.5141982438570728, 0.5233463284732608, -0.08546910885381911]], "inverted": false, "swapped": false, "error_lsq": 0.049430408279355686, "error_max": 0.24595169639444256, "target": "455.xyz", "model": "20.xyz", "model_rescale": 4.067790424073018, "target_rescale": 3.774334085178652},
{"mapping": [2, 8, 1, 0, 9, 10, 12, 3, 11, 6, 13, 14], "R": [[0.05198870458414338, -0.964607325433507, 0.2585147622780546], [0.521881347385333, 0.24694694754374646, 0.816490700712565], [-0.8514323424952404, 0.09246573862162444, 0.5162490225988088]], "T": [-0.011729365395592974, -0.11223087694335376, 0.02784352380753314], "aligned_model": [[0.34008156550983587, -0.48888247880628705, -0.7460725371755734, -0.04346110369619411, -0.3501753179927416, -0.13834015643297243, 0.2781925740539995, 0.7577068762729203, 0.47236278553995914, 0.5142779671741378, -0.06669749207701939, -0.017089666792534073], [-0.7607684217315116, -0.42352123954309817, 0.25202668945150625, -0.541920573693392, 0.41939545369368936, 0.6972481012628091, 0.31049038377989113, -0.2239325326722583, 0.3134631173581871, -0.3401965375288344, 0.40714515738017165, -0.03595502085391385], [-0.06885215052454685, 0.05215634429497224, 0.06474383089339794, -0.5367960876370068, -0.4269945586052, 0.027284069730854683, -0.541599951575252, -0.3174615974479652, 0.07755938241762006, 0.4957162056047009, 0.49405221645139674, 0.012365987671989785]], "inverted": false, "swapped": false, "error_lsq": 0.040278702129801655, "error_max": 0.2352171888682298, "target": "455.xyz", "model": "21.xyz", "model_rescale": 4.186013935880536, "target_rescale": 3.774334085178652},
{"mapping": [4, 3, 5, 11, 8, 2, 9, 10, 1, 6, 0, 12], "R": [[-0.9930897714164456, 0.10980929475247281, 0.04140802692711244], [0.021372913700540508, 0.5161649243226137, -0.8562224999723961], [-0.11539455995834971, -0.8494207965931816, -0.5149450512889931]], "T": [0.10670253496366516, 0.021738396046724954, -0.06137341332926961], "aligned_model": [[0.3127490889918351, -0.4812341417759641, -0.6175433507070451, -0.1882260331360326, -0.19047392054817291, -0.30770805801443896, 0.4333557436357931, 0.7712246684442443, 0.5315871988664758, 0.11237820030343465, 0.04871644090348265, 0.08707717861391884], [-0.6747010921197771, -0.6095795049560251, 0.1294316463364519, -0.3059502161902905, 0.3828600360029816, 0.6365122164608363, 0.25721802526940385, -0.3290849830885252, 0.547033826059437, -0.28616766523396653, 0.34548814827752306, -0.019585859914802783], [-0.07290622148525312, 0.2674226127331371, 0.1884441942286022, -0.5137043672122645, -0.6687822098973967, -0.05734687313134658, -0.5339173644318999, -0.4241856559623005, 0.21909221650850846, 0.4023231396736146, 0.5817534418342447, -0.05601922158268446]], "inverted": false, "swapped": false, "error_lsq": 0.05366039738302975, "error_max": 0.2497446065752791, "target": "455.xyz", "model": "22.xyz", "model_rescale": 4.166573947596378, "target_rescale": 3.774334085178652},
{"mapping": [5, 7, 8, 13, 9, 3, 12, 6, 2, 1, 4, 15], "R": [[0.4191798897122475, 0.5749389308118159, -0.7026616866585186], [0.66269452727593, -0.7227710738336982, -0.19605595718522442], [-0.620583744211335, -0.3834673397647431, -0.6839799819836773]], "T": [-0.014106613164983989, 0.08782510552606376, -0.16572206619551408], "aligned_model": [[0.18987695007990277, -0.36675915702395123, -0.7002974649634887, -0.06832050051098834, -0.41247138836067965, -0.04369676152773774, 0.37905764676512066, 0.7215151816946629, 0.4920233032740633, 0.4020678299956333, -0.10443587355351866, 0.023343249708512162], [-0.7082170262607432, -0.5048431244404123, 0.24379752286820558, -0.6550080778556902, 0.4386860809294249, 0.6492847096214451, 0.20038140550760636, -0.10701280656026124, 0.3611152818157533, -0.19645610098528854, 0.30727373715598993, 0.044472975107216706], [-0.04014495224722958, 0.023408048139615528, 0.23289286096812992, -0.5683047968006764, -0.4461703646470806, 0.047149228499172746, -0.6777125927458546, -0.16319325062751958, 0.18349738689672865, 0.3383434943732887, 0.5296457761426308, -0.12723714667624403]], "inverted": false, "swapped": false, "error_lsq": 0.04666807050424033, "error_max": 0.28654244532097395, "target": "455.xyz", "model": "23.xyz", "model_rescale": 4.274766983524099, "target_rescale": 3.774334085178652},
{"mapping": [10, 4, 2, 1, 3, 0, 9, 7, 8, 6, 11], "R": [[-0.49614659312769005, -0.8538693814508148, -0.1573074618337904], [0.3979878507026851, -0.38468670710552066, 0.8328396052478346], [-0.7716503280766774, 0.3506040741307985, 0.5306906390563546]], "T": [-0.019955026046494274, 0.07929104697002984, -0.06522942119935701], "aligned_model": [[0.34218019886009204, 0.06597659156401106, -0.23721570300332617, -0.6317922307432983, -0.44117994844763225, -0.5535524433719482, -0.027440992232962633, 0.08420422117544743, 0.5554021835108678, 0.23855010689964581, -0.015237280252821738], [-0.31259652957663375, 0.7491472985806965, 0.37607112725147096, -0.11156081541565346, 0.40067888617772174, -0.2697954311721448, -0.4547779572555394, -0.1475768453104791, -0.0021390249724552862, 0.552514012607593, 0.1356218103289069], [-0.5483640194298384, -0.16978050792611424, -0.8268343090053519, -0.263050528707501, 0.3211663401810533, 0.4868972023805157, 0.10489156237985717, 0.805154128945143, 0.10924629391603982, 0.47423182736631064, -0.11399155607853674]], "inverted": true, "swapped": true, "error_lsq": 0.0702969582010886, "error_max": 0.4590522777866954, "target": "455.xyz", "model": "24.xyz", "model_rescale": 3.7841303162186577, "target_rescale": 3.774334085178652},
{"mapping": [5, 3, 11, 4, 7, 10, 8, 2, 9, 12, 14, 15], "R": [[0.9740027978534385, 0.16553107730239672, 0.1546544930507415], [0.03552600669034128, -0.785857949039575, 0.6173857682032772], [0.22373299404046715, -0.5958412090300743, -0.7713084992396153]], "T": [-0.0199977330648995, 0.10655327010862126, -0.18328872940804325], "aligned_model": [[0.2918288132613954, -0.3677730580872408, -0.7302486829840911, 0.03926273543571209, -0.49752508150620944, -0.12588265239809862, 0.4154599952212256, 0.6457879674887534, 0.4485394018572175, 0.29612060138245455, 0.16806015141026767, -0.07172717550385554], [-0.6841897902511799, -0.5913959269688128, 0.150207872092338, -0.5379542322540765, 0.48335594408392135, 0.8376191977439563, 0.2014311608563935, -0.2447677942595467, 0.27349674268118584, -0.23969342397481913, 0.36244568007579947, 0.06291914707808707], [0.03310989106518014, 0.019000986686772525, 0.10492201471371104, -0.5545064810439804, -0.41305586473408296, 0.06081391004038153, -0.5716603766249894, -0.2290701513684954, 0.12451565439847584, 0.4128273095396225, 0.5436584962682611, -0.19838169766589486]], "inverted": true, "swapped": false, "error_lsq": 0.04615310358006026, "error_max": 0.23733536838457503, "target": "455.xyz", "model": "25.xyz", "model_rescale": 4.19342608120988, "target_rescale": 3.774334085178652},
{"mapping": [7, 3, 6, 10, 8, 2, 1, 9, 0, 5, 4, 11], "R": [[-0.06584145283743491, 0.542883011974008, -0.8372233503661284], [-0.22459923957874772, 0.8094498054822663, 0.5425368134839973], [0.972224297510047, 0.22376113986738266, 0.06863576047765087]], "T": [0.08386780554380827, -0.010387434405082791, -0.09114902503912287], "aligned_model": [[0.18015839846456275, -0.19110889090664038, -0.7288786428360275, -0.23533599485783543, -0.31844434724163595, -0.04683175144747129, 0.3488849153993897, 0.7094178137287996, 0.5383305595992312, 0.47270042264991385, -0.20337032826447773, -0.013619138710278422], [-0.8998081779483399, -0.4421901968638534, 0.013659615949747277, -0.26393130017164745, 0.37785766386202413, 0.8164237693517596, 0.28152997841856575, -0.3048543109265232, 0.41091062460933314, -0.2413321141623048, 0.3083356215904218, 0.016873403194063306], [-0.08019537497688786, 0.31988771246895403, 0.031165786062007456, -0.571836283587322, -0.6150257196969378, -0.08602448706521032, -0.46417371454231054, -0.35934289358103494, 0.25509598825852875, 0.3684525770939084, 0.5493504669200533, -0.0151803660787872]], "inverted": true, "swapped": false, "error_lsq": 0.051654325240538895, "error_max": 0.2569978293087295, "target": "455.xyz", "model": "26.xyz", "model_rescale": 3.795458400668931, "target_rescale": 3.774334085178652},
{"mapping": [4, 11, 8, 10, 5, 6, 7, 3, 0, 9, 1, 12], "R": [[-0.19645365651046084, 0.3182904238433711, 0.9274142369692613], [0.06892239656236555, 0.9479889039036293, -0.31075189674030235], [-0.978087758892713, 0.0028712654357855583, -0.20817322531734805]], "T": [0.041093940650209895, -0.04068252792354299, 0.10933719989550147], "aligned_model": [[0.1808432927753994, -0.41850811880750605, -0.6472674690464076, -0.04661781372239922, -0.3302514196111296, -0.25861868983567704, 0.3249323502408935, 0.720720952884945, 0.6968292198363553, 0.24701564754157918, -0.03870278558275077, 0.08152784890422862], [-0.8160582773156986, -0.5886319247932781, 0.18604463132624954, -0.3426902684121896, 0.2948220266040285, 0.7194912855100456, 0.18413468324171015, -0.17072498946970355, 0.46858624407235694, -0.2671416839425975, 0.3677457324647515, 0.03789711761757207], [-0.1701726361956958, 0.09974568564310897, 0.1835333925550781, -0.5300252961418038, -0.45315705357191494, -0.006831092563895497, -0.6180561444748778, -0.14809753218966162, 0.06540823913645193, 0.4104796768088236, 0.5302552550439146, -0.030908802774566035]], "inverted": true, "swapped": false, "error_lsq": 0.0413348911211485, "error_max": 0.25410125633007086, "target": "455.xyz", "model": "27.xyz", "model_rescale": 3.6321398670334006, "target_rescale": 3.774334085178652},
{"mapping": [12, 9, 11, 6, 1, 5, 4, 7, 3, 8, 0, 14], "R": [[-0.25614143172806914, -0.1914756325317276, -0.94748543476872], [0.771821048415603, 0.5496089705440563, -0.31972214299316604], [0.5819654939727394, -0.8131832890831427, 0.007007294840933959]], "T": [-0.035338745263690914, -0.02679952812991335, 0.02590163266706142], "aligned_model": [[0.34971559781552036, -0.4484096464405166, -0.6410477104608572, -0.16361748826584932, -0.06490046918158363, -0.09163872412534652, 0.25884839497562107, 0.7101178700385271, 0.4600095200541226, 0.3134194074871925, -0.09692782223006037, -0.07366591408923966], [-0.7491238581437618, -0.5482708611805431, 0.07157383325716549, -0.48563589001170826, 0.46720665645327075, 0.8480554457556321, 0.06125278237258809, -0.147423512951292, 0.4407661583850653, -0.2473599579530354, 0.36517862483115593, -0.002744843911290859], [-0.0902467465977031, 0.08924388260810426, 0.2155464788082065, -0.588037447575947, -0.4239329927441804, 0.08445424675645205, -0.743622876034265, -0.1491174319854203, 0.11292177287990432, 0.3369489980000512, 0.5075359414735516, -0.01952013431379259]], "inverted": true, "swapped": false, "error_lsq": 0.04577395029143037, "error_max": 0.26756364597267845, "target": "455.xyz", "model": "28.xyz", "model_rescale": 4.156811204709835, "target_rescale": 3.774334085178652},
{"mapping": [5, 10, 2, 1, 7, 8, 4, 6, 3, 11], "R": [[-0.3352507399027146, -0.894053768250515, 0.2971107552273007], [-0.542757092902975, -0.0744890357545338, -0.8365800150947137], [0.7700790086076843, -0.44172303882570396, -0.46028151980325227]], "T": [-0.011345903304531807, -0.08490962988652972, -0.007417432391953489], "aligned_model": [[-0.668029338731311, -0.10192650022684738, 0.1229626758891347, 0.6366656453044832, -0.08899669576537965, -0.5000514339100518, -0.38322510070972393, -0.5118355403488961, 0.1736518630738215, -0.036290200464641355], [-0.09020286093228078, -0.6243500090354486, 0.2393452893171506, 0.02041182528826499, -0.28924478068265713, -0.4152056784815407, 0.4620313778941312, 0.24104420423370848, 0.4146900012054797, -0.03979903818060371], [-0.4510997020865199, -0.4753234770012928, -0.7769254413566261, -0.14486128620958091, 0.8712766066632296, 0.13463880650419957, -0.17941733648478084, 0.46697432439125364, 0.37494142771583716, -0.06141719516061968]], "inverted": false, "swapped": true, "error_lsq": 0.06129292066945972, "error_max": 0.2977766701540657, "target": "455.xyz", "model": "29.xyz", "model_rescale": 4.117894457231895, "target_rescale": 3.774334085178652},
