[{"mapping": [12, 1, 5, 6, 0, 2, 11, 7, 8, 4, 13], "R": [[-0.5018578122963173, 0.12477026441454578, -0.8559036846252498], [-0.7277080555939515, -0.595776267992383, 0.33984058662958294], [-0.4675251031343933, 0.7933996594497587, 0.3897913009857741]], "T": [-0.03388703470440877, -0.021130431505510597, -0.11997137349643432], "aligned_model": [[-0.4152509825404943, 0.06969120982903068, 0.6287991201308075, 0.4599562464899357, -0.4464577583219927, -0.14728796372342803, -0.005643570931346133, -0.46131230743136764, 0.08888135222983945, -0.12957994104362178, -0.12454131935121301], [-0.323517040862165, -0.10241144663678506, -0.3857597525011283, 0.3548268402297245, 0.38351433255791295, 0.7390211863653338, -0.6098452468503972, 0.0034146605306040884, -0.15542646632002022, 0.5281191873453697, -0.05848978705344208], [-0.43340986147496496, -0.6818513048532789, -0.10283139387018751, 0.3264826864428338, -0.6313034060450968, -0.09613877909999806, 0.2537651831725872, 0.5030050764330094, 0.6399441677483564, 0.6562837073111556, 0.010128363181310981]], "inverted": false, "swapped": false, "error_lsq": 0.055759369031555865, "error_max": 0.2972541552772895, "target": "456.xyz", "model": "0.xyz", "model_rescale": 3.8414455957264533, "target_rescale": 3.7836751063380034},
{"mapping": [4, 0, 1, 12, 7, 13, 3, 6, 10, 8, 14], "R": [[-0.3635413070329595, 0.6756815857613868, -0.6413206005920481], [0.29421534457499177, 0.7364652099707693, 0.6091439284104619], [0.883897646278904, 0.032762618419300726, -0.46653141559483957]], "T": [-0.15860610570287545, 0.047129080925372484, 0.02986906536686225], "aligned_model": [[-0.28363252367229536, 0.04005976641427836, 0.5290435511693841, 0.4299621235166119, -0.5399690274582318, 0.07065245931912387, 0.08090130669137949, -0.6897901171784628, 0.05461273251210272, -0.08909417578617788, -0.0854920101915626], [-0.3624322370946366, 0.062193498465439305, -0.43335059285069544, 0.33990596764319636, 0.17676905157465236, 0.7312897100391862, -0.6985328773820384, 0.000633810016412599, -0.10573336790619842, 0.6650729467541789, -0.002369442454489591], [-0.3054593653389753, -0.6671404783893736, -0.18173226652934515, 0.4173721982888147, -0.47084123216594603, -0.20296509143573027, 0.028717813256554328, 0.6005781940124869, 0.6619704015289213, 0.5173276459502564, 0.04624661976806432]], "inverted": false, "swapped": false, "error_lsq": 0.04017252897869436, "error_max": 0.22130306569989272, "target": "456.xyz", "model": "1.xyz", "model_rescale": 4.316132596720782, "target_rescale": 3.7836751063380034},
{"mapping": [8, 1, 9, 5, 2, 0, 10, 6, 3, 4, 11], "R": [[0.1406433439342888, 0.011316798302358877, -0.9899956463960662], [0.6188287076695816, 0.7795357699077348, 0.09682465594233064], [0.7728327635206578, -0.6262554698448062, 0.10263335772780813]], "T": [0.05309273529375306, -0.0332304885595343, 0.05320993416599334], "aligned_model": [[-0.5337093194569296, 0.08198282757420583, 0.7152663180257963, 0.5361647991916282, -0.5170959953350697, 0.21731903790233004, -0.10289917381441999, -0.6227489286493125, 0.09696076566359396, -0.3167456257778668, -0.03724061998780622], [-0.3531151597046195, -0.08636974143725695, -0.21496488590654234, 0.31793846725264013, 0.38161900884842903, 0.6041633036448342, -0.6437404209395946, -0.16935049342188327, -0.029513136678172104, 0.555085020397225, 0.011694504749948272], [-0.32145426417656114, -0.48617753859957963, -0.22687980214139442, 0.2962770596112755, -0.39791101160049824, -0.21263388046450654, 0.06662430509313201, 0.5013230365792707, 0.7082509909292867, 0.38702751869016216, 0.12962802502513965]], "inverted": true, "swapped": false, "error_lsq": 0.04227340443255148, "error_max": 0.22040468152408518, "target": "456.xyz", "model": "2.xyz", "model_rescale": 3.795458400668931, "target_rescale": 3.7836751063380034},
{"mapping": [4, 7, 9, 8, 0, 7, 5, 2, 6, 1, 11], "R": [[-0.749453054222374, 0.2189050818823946, -0.6248205219443567], [-0.057575909698957095, 0.9186300157460416, 0.3909014054627655], [0.6595491900829639, 0.32893686217341156, -0.6758664117741146]], "T": [-0.14512778352877104, -0.04641159235798913, 0.12180360501130616], "aligned_model": [[-0.3624501877286175, 0.19364524834847435, 0.6196753025742494, 0.5026456591531987, -0.6803618434981225, 0.19364524834847435, 0.04004547289259139, -0.6404771840381545, 0.06907286787181716, -0.23054026336181344, -0.18764623522594762], [-0.3354281790667965, 0.32731379145779, -0.3270448756291869, 0.27229266137669156, 0.3426326661846712, 0.32731379145779, -0.7238584822908025, -0.027394849525384044, -0.02767416118074794, 0.5404418769184002, 0.004852227102582034], [-0.40753099480584687, -0.4516634533106342, -0.17965259846607662, 0.4207686575487305, -0.2957811290480913, -0.4516634533106342, 0.09728438854969335, 0.7066049784040263, 0.6704959470695363, 0.3329352128929489, 0.0022768834220746464]], "inverted": true, "swapped": false, "error_lsq": 0.057084163475098836, "error_max": 0.41466579489893257, "target": "456.xyz", "model": "3.xyz", "model_rescale": 3.7530521520055578, "target_rescale": 3.7836751063380034},
{"mapping": [4, 9, 3, 5, 6, 8, 2, 0, 1, 7, 10], "R": [[-0.33596279633024617, -0.9079441996702677, 0.25053209328762466], [0.6874265100947221, -0.41820364794084425, -0.593759633242242], [0.6438740503397795, -0.027258744176647753, 0.7646457795377933]], "T": [0.022418282443472846, 0.007836878186128625, 0.009405851440125075], "aligned_model": [[-0.5232971560257507, 0.26597067766429094, 0.6154764677962631, 0.5895062996029922, -0.5933571985024162, -0.12431604071368271, -0.03270768813377189, -0.7239409379722882, 0.20054906595517755, -0.09740107249350857, -0.0592283318411554], [-0.3728878054384989, 0.11983389134882819, -0.4598842781649261, 0.3881101145382427, 0.268548059988663, 0.8712537675563206, -0.6517343472960135, -0.020799473043249868, -0.2673606956311101, 0.5031097406465435, -0.004742507699792226], [-0.3019689707707288, -0.4654653612776418, -0.08851602447220047, 0.2360403335881088, -0.30553188746854204, -0.2634673894832268, 0.16199323267105126, 0.3591890117817483, 0.7287538827437242, 0.3248405585447172, 0.05820705308871745]], "inverted": true, "swapped": false, "error_lsq": 0.05731741755933583, "error_max": 0.2899667763429022, "target": "456.xyz", "model": "4.xyz", "model_rescale": 3.7855080009869324, "target_rescale": 3.7836751063380034},
{"mapping": [7, 10, 3, 14, 8, 15, 0, 11, 12, 13, 16], "R": [[0.6337399826454132, -0.4762363927516828, -0.6095674963574225], [0.7634239818010425, 0.25799591101575603, 0.5921333751024271], [-0.1247295410383322, -0.840617040106858, 0.5270726074027676]], "T": [-0.041465598166305226, -0.07930294786719813, 0.05598887325461326], "aligned_model": [[-0.4953726770123864, 0.07736559443800066, 0.5337986076362986, 0.4257465322344854, -0.3815950388604358, 0.15322749980601214, 0.14122078385274794, -0.5361405704997204, -0.004275422541631421, -0.40181155000114077, 0.005090326283919616], [-0.3490815463781962, 0.04780632114176955, -0.37289500491974137, 0.31299930152035593, 0.4212269902357315, 0.6722722686642104, -0.8333192369931522, -0.035640375172535016, 0.08926654456089003, 0.4771483220911633, -0.05633711794548891], [-0.47557235881067544, -0.6516032800869347, -0.19953295156118556, 0.3484083816063803, -0.3033043476658425, -0.22068313144330265, 0.13697655675048503, 0.6771381949100087, 0.7142186812014241, 0.3481881512026798, 0.06984054284268959]], "inverted": false, "swapped": false, "error_lsq": 0.04510867141834867, "error_max": 0.2205350146444386, "target": "456.xyz", "model": "5.xyz", "model_rescale": 4.2253639853439635, "target_rescale": 3.7836751063380034},
{"mapping": [3, 2, 1, 8, 6, 5, 0, 12, 9, 11, 13], "R": [[-0.6123702505603397, 0.4299013869351476, -0.6634662566701515], [-0.5540639774995616, 0.36525532572243447, 0.7480652751389839], [0.5639288829861724, 0.8256956730797581, 0.014521377046720296]], "T": [0.037095216239787766, -0.00026740751420831904, -0.012272834607071861], "aligned_model": [[-0.41767490335815666, 0.03341249957449385, 0.6647290562717909, 0.5333369625275319, -0.5204389684621709, 0.09343398721017446, -0.09869339940999047, -0.6538447488726935, 0.22478291229801534, -0.3418353719403418, 4.605949749656585e-05], [-0.31091529827585146, 0.20801960711001363, -0.38076500178436595, 0.3785157451940613, 0.22647475455126304, 0.5976724142477895, -0.753970624077685, 0.03524522642387292, -0.19769263881792953, 0.5944543861223746, -0.023592103888535804], [-0.45914138237537866, -0.6500616469690674, -0.014040759823521562, 0.3828630003463842, -0.23912431234902282, -0.2123607624974408, 0.2255412998096719, 0.6143726647864645, 0.5339808008759421, 0.31677334198268164, -0.054727804840986105]], "inverted": false, "swapped": false, "error_lsq": 0.042542940980217436, "error_max": 0.2220605996121719, "target": "456.xyz", "model": "6.xyz", "model_rescale": 3.89814844738969, "target_rescale": 3.7836751063380034},
{"mapping": [8, 7, 0, 2, 11, 4, 6, 9, 5, 10, 12], "R": [[-0.48771638649706117, 0.2359418071537297, 0.8405142413899254], [-0.8158261822939294, -0.4658795916395171, -0.3426132606562523], [0.3107416396718689, -0.8528116261700641, 0.41970461475090953]], "T": [0.04699581736928011, -0.013406212750578232, -0.059536265067584374], "aligned_model": [[-0.499116806643412, 0.15891017352497624, 0.5800052833977861, 0.4551758755242152, -0.6243301308002747, 0.20166606763890582, -0.022303518302883678, -0.6297573277369182, 0.016696744755802025, -0.15811100371745973, 0.038418727695412824], [-0.3493066612146703, -0.0020106921528180374, -0.2650244372206812, 0.4276141829019348, 0.34189423648670353, 0.5822860636130327, -0.6470348351050719, -0.12459645251585727, -0.2168642730452014, 0.49226618994402777, 0.13422314511360825], [-0.2754498193672803, -0.7065447646582143, -0.11953264584866731, 0.31521417891360826, -0.3395781035650557, -0.25117032766227204, 0.16649077321837252, 0.5128165895635626, 0.6889711750589256, 0.4315139117462343, 0.021343471546513546]], "inverted": true, "swapped": false, "error_lsq": 0.038912984237426035, "error_max": 0.15954127592778097, "target": "456.xyz", "model": "7.xyz", "model_rescale": 3.7474275329858107, "target_rescale": 3.7836751063380034},
{"mapping": [11, 9, 13, 2, 5, 8, 12, 0, 1, 3, 14], "R": [[0.9946666227356349, 0.0571759660593914, -0.08584415251408858], [0.03940979532710225, -0.9798186077990718, -0.19596521079764387], [-0.09531619824543303, 0.19153695391716033, -0.9768461586330641]], "T": [-0.12560686213322003, -0.04589142634073872, 0.033739061110024074], "aligned_model": [[-0.2145139371140951, -0.18593000117795344, 0.634174963070168, 0.4207236838470959, -0.4829160242454925, 0.16133392931857404, 0.014162393144965757, -0.5033761558871459, 0.09646302552160446, -0.3540496205927564, -0.06881817054881462], [-0.42913665701289033, 0.10349810649136021, -0.49531975361686953, 0.4186156520455992, 0.4892620320818193, 0.5205496811952973, -0.6441152467069853, -0.008865925520642977, -0.11630676029022483, 0.5808918028394825, -0.04562646470093807], [-0.44761172654411646, -0.7108308324959394, -0.13613614433490373, 0.4745855247543238, -0.2808438415259728, -0.2152986263007201, 0.0906199438805092, 0.5723787464402482, 0.7482518082262731, 0.29659116155897375, 0.05236842528705149]], "inverted": false, "swapped": false, "error_lsq": 0.05045803851957069, "error_max": 0.30346877738032696, "target": "456.xyz", "model": "8.xyz", "model_rescale": 4.019505241142653, "target_rescale": 3.7836751063380034},
{"mapping": [11, 9, 10, 1, 8, 7, 6, 3, 2, 0, 12], "R": [[0.8695730374839999, -0.49259655183859297, 0.03451622223793839], [0.4929409758712001, 0.8617979385446671, -0.11963907149134541], [0.029187784910802747, 0.1210493710718512, 0.9922172760918399]], "T": [-0.087935128264505, -0.010690846680748017, 0.06804480365138713], "aligned_model": [[-0.30759121227922936, 0.15643827044484254, 0.6782368074301177, 0.5462091344830555, -0.3844825939506025, -0.2575259752440077, 0.011189520174654799, -0.6414511128424867, -0.036497706212644726, -0.1255202507698833, -0.12175079589766605], [-0.3236364359170144, 0.13392867808827266, -0.4769351087901359, 0.20893004899526335, 0.2624380908078603, 0.8524387683777639, -0.7211201668627101, 0.03594136213066852, -0.11841772701481015, 0.5480500622720039, -0.02817110528215491], [-0.42293970417535875, -0.5538128138859939, -0.11573933935832945, 0.145070892591279, -0.4738012219754496, -0.14603509336235856, 0.18434752530701154, 0.7237172063494136, 0.64745939880999, 0.39825993549727656, 0.05754765314824638]], "inverted": true, "swapped": false, "error_lsq": 0.054948340752290784, "error_max": 0.3895485961570451, "target": "456.xyz", "model": "9.xyz", "model_rescale": 3.877068213659057, "target_rescale": 3.7836751063380034},
{"mapping": [4, 3, 13, 10, 5, 12, 2, 8, 9, 11, 15], "R": [[0.3705875944607344, 0.2853521650449877, 0.8838772407613769], [0.7822728483440979, 0.417132470490822, -0.462655047314774], [-0.5007135164696661, 0.8628873877664235, -0.0686391321202408]], "T": [-0.038634942607867664, 0.013953710828146955, 0.013834972979226371], "aligned_model": [[-0.2935920661592336, 0.03295651896892114, 0.5548224215247548, 0.43929833183903194, -0.49664263236223005, -0.022976822656138665, -0.0013453705369483732, -0.5425390759399272, 0.06452145300007257, -0.12208749468201903, -0.09516117766013389], [-0.4516142846513519, 0.04153054365604354, -0.433971519621794, 0.32908124321493215, 0.33855921493960245, 0.7301102438479314, -0.6147981255140266, -0.03195024067235979, -0.1921493763734767, 0.5752085224789861, 0.08344024550052029], [-0.4060864321439061, -0.6161456010456451, -0.197848377444936, 0.432744513295699, -0.5300911847563153, -0.19846165724883408, 0.2227272276480324, 0.596326507214363, 0.6323214961879309, 0.4857290121604777, 0.02285893507886064]], "inverted": false, "swapped": false, "error_lsq": 0.03744958185512705, "error_max": 0.1858258883837705, "target": "456.xyz", "model": "10.xyz", "model_rescale": 4.260839863003843, "target_rescale": 3.7836751063380034},
{"mapping": [5, 4, 9, 8, 3, 2, 10, 0, 7, 1, 11], "R": [[0.039330645425466326, -0.15638065476794716, 0.9869134668980682], [-0.1708379030290234, -0.9741876901260412, -0.14755593954678528], [0.9845138451129382, -0.1627987568172333, -0.06503117375306305]], "T": [-0.047690874798509475, -0.012841587060853532, 0.06124052838472113], "aligned_model": [[-0.47984145637271397, 0.13131356026100732, 0.666378961177454, 0.5798597996745096, -0.5644146542431268, 0.1254027350265277, 0.2013628165048052, -0.7745085731449548, -0.09734737567876975, -0.20183450798080116, -0.0691172198877873], [-0.31696803696605724, -0.16241230763679187, -0.15414219130678897, 0.19188545996090156, 0.3798403357738342, 0.5670173136856358, -0.58701110550812, -0.029974093796387186, -0.14713796334579174, 0.6200618433928762, 0.01228721255169626], [-0.35990538405066297, -0.6327975616194508, -0.264138742230672, 0.34387172667138244, -0.22621471099715126, -0.26149680073024206, 0.10168079268193041, 0.5526433977682449, 0.7008531803228363, 0.3757776982240829, 0.11380084290542947]], "inverted": false, "swapped": false, "error_lsq": 0.04719305494196932, "error_max": 0.26044539410452777, "target": "456.xyz", "model": "11.xyz", "model_rescale": 3.890672605050136, "target_rescale": 3.7836751063380034},
{"mapping": [8, 3, 1, 2, 7, 4, 6, 9, 11, 12, 13], "R": [[-0.5642021654025957, -0.5160461494237589, 0.6444938232597223], [-0.5508238970296335, -0.3462231067124095, -0.7594225403815031], [0.6150357314954232, -0.783470441078232, -0.08891072455317606]], "T": [-0.050207133142273326, -0.0561136225996716, 0.10630038780344224], "aligned_model": [[-0.3684410540705205, 0.006562433931995959, 0.6115147590288579, 0.5034530839653689, -0.5947842215800134, 0.3078299934033087, -0.050266064340163126, -0.5447894964755693, 0.19698562227868455, -0.45120293513906506, -0.09960803566673486], [-0.3943584984964322, 0.1885049738803815, -0.4473140842101085, 0.3173224169001699, 0.429927436750904, 0.4922066235938612, -0.6210469199717504, -0.19069227992204169, -0.043656090900700086, 0.5521094710819271, 0.09044341809879622], [-0.44461577763223653, -0.7825202434334596, -0.013635539455563339, 0.35037009518573803, -0.33434011606614705, -0.14312167909198725, 0.21991689183776675, 0.6920454576882525, 0.5977296456489798, 0.26250276242818377, 0.039742941836200085]], "inverted": true, "swapped": false, "error_lsq": 0.05105561958564713, "error_max": 0.3042742411938097, "target": "456.xyz", "model": "12.xyz", "model_rescale": 4.124412569039231, "target_rescale": 3.7836751063380034},
{"mapping": [7, 5, 3, 1, 10, 4, 9, 11, 8, 2, 12], "R": [[-0.7812525440016087, -0.025033193698398515, 0.6237129160954362], [0.6164596255581092, 0.12607606947042177, 0.7772273507562926], [-0.09809175575842294, 0.9917046757579333, -0.08306529679765218]], "T": [0.1314597920246853, -0.059746969604586635, -0.052900775840006756], "aligned_model": [[-0.2560339893220389, 0.0047826423650667305, 0.6605460570222125, 0.5727737908810852, -0.5742186180830651, 0.06463506220652296, -0.0554491193167613, -0.6671112402854363, -0.05122781003237123, -0.21376911232290416, 0.032326422223839565], [-0.3725478177257397, 0.1268181974215945, -0.5216804815855571, 0.3875092775348859, 0.1514843103969922, 0.6980935740666413, -0.6331852787095021, 0.03133833729542108, -0.07649848686250763, 0.5729946305493234, 0.009120204423455604], [-0.4337969209351604, -0.7760136420502685, -0.17715265898798888, 0.46485216014087327, -0.09772264722221342, -0.25161771422814194, 0.15893603992260463, 0.5340750622986449, 0.6408144017528165, 0.4191697535160979, -0.03746939526153698]], "inverted": false, "swapped": false, "error_lsq": 0.046070082621711105, "error_max": 0.3304904450760037, "target": "456.xyz", "model": "13.xyz", "model_rescale": 3.9028299243045295, "target_rescale": 3.7836751063380034},
{"mapping": [7, 9, 14, 12, 6, 1, 10, 0, 5, 2, 15], "R": [[-0.6013690040808407, -0.7423753571257455, -0.2953542788978004], [0.08399220882079039, -0.42636076998877026, 0.9006452146500241], [-0.7945442906397494, 0.516812657494962, 0.3187538976464016]], "T": [-0.07142776483876383, 0.06708027069232841, 0.16869831547953162], "aligned_model": [[-0.39036395718771283, 0.031531321063551776, 0.6208152725477316, 0.5307660801285374, -0.36155204745005143, 0.059269461179654606, 0.0649762084377261, -0.6984289084610704, 0.08254649178667754, -0.3440227457831107, -0.07828309092578384], [-0.5159203998957487, -0.07582563679245014, -0.2949018568409522, 0.30830450907391127, 0.3385079243473354, 0.6262726402513419, -0.6507824073710327, 0.09173678034503313, -0.1828131775068278, 0.7023690820189572, 0.026499009175439667], [-0.44694596423155053, -0.5861677552242548, -0.24701693480526565, 0.42051914238153615, -0.3666176582405324, -0.13530971842890333, 0.022343494694358645, 0.710434442826411, 0.5881587146818056, 0.42217390034508584, 0.06250277494703618]], "inverted": true, "swapped": false, "error_lsq": 0.040572422979437694, "error_max": 0.18713535244786383, "target": "456.xyz", "model": "14.xyz", "model_rescale": 3.942246331269136, "target_rescale": 3.7836751063380034},
{"mapping": [11, 6, 10, 5, 8, 7, 4, 12, 3, 0, 14], "R": [[-0.7492549223101377, -0.29021476184971523, 0.5953087042858878], [0.6610035308876282, -0.3835117631802041, 0.644975239568543], [0.04112655526685566, 0.8767520285160019, 0.4791810586249816]], "T": [0.008441628150746658, -0.0019386565411516204, 0.0762194206513171], "aligned_model": [[-0.2903671419370152, 0.025431087674717787, 0.4784944765404023, 0.4150830547441231, -0.5496744364770901, 0.10174669445446648, 0.06867657082484803, -0.5711022186125368, 0.1308822164326024, -0.26586599960212803, -0.026050218706240053], [-0.38459645444028795, 0.10863852374404279, -0.4413916884103931, 0.2519199489327149, 0.32447677287128124, 0.7155287732206557, -0.5799372343303751, -0.09105773800833526, -0.2775789616217709, 0.6719273828786331, 0.07551714196884175], [-0.45141430958413015, -0.47175269068618503, -0.23189073585908493, 0.49212580049428317, -0.3489868259321788, -0.37931780061834336, 0.15337752247664332, 0.6456603545154094, 0.7285833183778105, 0.18288417181842387, 0.12480563394307913]], "inverted": true, "swapped": false, "error_lsq": 0.04913476148475163, "error_max": 0.24020649700139923, "target": "456.xyz", "model": "15.xyz", "model_rescale": 4.355366556412066, "target_rescale": 3.7836751063380034},
{"mapping": [8, 1, 9, 5, 2, 0, 10, 6, 3, 4, 11], "R": [[0.1406433439342888, 0.011316798302358877, -0.9899956463960662], [0.6188287076695816, 0.7795357699077348, 0.09682465594233064], [0.7728327635206578, -0.6262554698448062, 0.10263335772780813]], "T": [0.05309273529375306, -0.0332304885595343, 0.05320993416599334], "aligned_model": [[-0.5337093194569296, 0.08198282757420583, 0.7152663180257963, 0.5361647991916282, -0.5170959953350697, 0.21731903790233004, -0.10289917381441999, -0.6227489286493125, 0.09696076566359396, -0.3167456257778668, -0.03724061998780622], [-0.3531151597046195, -0.08636974143725695, -0.21496488590654234, 0.31793846725264013, 0.38161900884842903, 0.6041633036448342, -0.6437404209395946, -0.16935049342188327, -0.029513136678172104, 0.555085020397225, 0.011694504749948272], [-0.32145426417656114, -0.48617753859957963, -0.22687980214139442, 0.2962770596112755, -0.39791101160049824, -0.21263388046450654, 0.06662430509313201, 0.5013230365792707, 0.7082509909292867, 0.38702751869016216, 0.12962802502513965]], "inverted": true, "swapped": false, "error_lsq": 0.04227340443255148, "error_max": 0.22040468152408518, "target": "456.xyz", "model": "16.xyz", "model_rescale": 3.795458400668931, "target_rescale": 3.7836751063380034},
{"mapping": [8, 7, 0, 2, 11, 4, 6, 9, 5, 10, 12], "R": [[-0.48771638649706117, 0.2359418071537297, 0.8405142413899254], [-0.8158261822939294, -0.4658795916395171, -0.3426132606562523], [0.3107416396718689, -0.8528116261700641, 0.41970461475090953]], "T": [0.04699581736928011, -0.013406212750578232, -0.059536265067584374], "aligned_model": [[-0.499116806643412, 0.15891017352497624, 0.5800052833977861, 0.4551758755242152, -0.6243301308002747, 0.20166606763890582, -0.022303518302883678, -0.6297573277369182, 0.016696744755802025, -0.15811100371745973, 0.038418727695412824], [-0.3493066612146703, -0.0020106921528180374, -0.2650244372206812, 0.4276141829019348, 0.34189423648670353, 0.5822860636130327, -0.6470348351050719, -0.12459645251585727, -0.2168642730452014, 0.49226618994402777, 0.13422314511360825], [-0.2754498193672803, -0.7065447646582143, -0.11953264584866731, 0.31521417891360826, -0.3395781035650557, -0.25117032766227204, 0.16649077321837252, 0.5128165895635626, 0.6889711750589256, 0.4315139117462343, 0.021343471546513546]], "inverted": true, "swapped": false, "error_lsq": 0.038912984237426035, "error_max": 0.15954127592778097, "target": "456.xyz", "model": "17.xyz", "model_rescale": 3.7474275329858107, "target_rescale": 3.7836751063380034},
{"mapping": [3, 10, 7, 9, 8, 5, 1, 0, 2, 4, 13], "R": [[0.06445751917642045, 0.7509325017170203, 0.6572256888517358], [-0.05731737296685224, -0.6547221013266344, 0.7536933652292654], [0.9962730283299854, -0.08625165447371758, 0.0008397158723579268]], "T": [0.058784737299514965, -0.012286858981205066, -0.011983843842141226], "aligned_model": [[-0.3934542113568061, -0.01760710799935126, 0.7049521347663407, 0.4820811997694872, -0.571932096944604, 0.14133641410232742, -0.1269161995517704, -0.5735209037739303, 0.11815030652356417, -0.2734996079087464, 0.027664157709638884], [-0.3410730429393403, 0.17009576300912221, -0.3948296350902103, 0.3927430030497301, 0.27254562310802777, 0.6414236089551733, -0.6680167673643461, -0.08260458735685317, -0.2718499979941238, 0.6811993595538853, -0.02618686012605834], [-0.3966509205015647, -0.6733008900697611, 0.04758125444588206, 0.3112731461513993, -0.2067174654041697, -0.31042610197214987, 0.10655672353489212, 0.5305909289990378, 0.645994445971548, 0.30088961404782333, 0.08828370374278975]], "inverted": false, "swapped": false, "error_lsq": 0.043872426383629565, "error_max": 0.20975028664300083, "target": "456.xyz", "model": "18.xyz", "model_rescale": 3.922800546911778, "target_rescale": 3.7836751063380034},
{"mapping": [2, 1, 6, 8, 0, 5, 10, 7, 13, 12, 14], "R": [[0.42390396944837877, 0.9041476688319117, -0.053126430632291013], [0.8853254146153087, -0.42602503307526274, -0.1862836048326667], [-0.19106107641835307, 0.031932180305156134, -0.9810586123870577]], "T": [-0.026753427473785563, -0.015204691062273686, 0.09358744040625888], "aligned_model": [[-0.3975675093350307, 0.21801025845437566, 0.5415515230020351, 0.5088734242434059, -0.4824477030843076, 0.01240316385616752, 0.006080948709368775, -0.6293981617156832, 0.13070408326350963, -0.28309560577795845, -0.10786033627973288], [-0.4084683486810648, 0.004562380431305517, -0.3255166471997319, 0.26708645988323243, 0.37919066475749225, 0.7066301349229425, -0.8162763937588398, -0.030268762050825467, 0.009356115695168622, 0.6111184701702951, -0.023967607364967565], [-0.3764865698064714, -0.6047556163153454, -0.14411772372765452, 0.18194034550286603, -0.4854096806232673, -0.15126959040157117, 0.005232032293378347, 0.6178043965555423, 0.7617323692233706, 0.4943642235317618, 0.1450402527131178]], "inverted": true, "swapped": false, "error_lsq": 0.041646491027135905, "error_max": 0.2139362949646987, "target": "456.xyz", "model": "19.xyz", "model_rescale": 3.9282355846067225, "target_rescale": 3.7836751063380034},
{"mapping": [2, 7, 12, 8, 5, 6, 10, 0, 11, 4, 13], "R": [[0.3069844562806368, 0.7490871530631689, 0.5870510886778074], [-0.35868155849142513, 0.6624148004640502, -0.6576885066080564], [-0.8815373407861092, -0.008664250797945583, 0.47203479485930494]], "T": [-0.018981980578627232, 0.1270995579969731, 0.021466451777616257], "aligned_model": [[-0.42997437871296595, 0.22198953325190277, 0.5894336559244889, 0.5075515133613048, -0.4922814884658567, -0.04046746822718902, -0.10665690043604628, -0.5378743731693258, 0.05077678867608577, -0.10077664223133323, -0.14446615463491552], [-0.38578919115063065, 0.0065902140620443805, -0.43553799666585363, 0.5715466681292842, 0.33802602666729464, 0.6988054979762564, -0.7227540204530385, -0.04726959264581765, -0.14357984227244086, 0.46083922214652356, 0.03256948101138535], [-0.4752694841415294, -0.5402345397883758, -0.1684381048004408, 0.343725392976508, -0.44670846521021895, -0.29402482555025544, 0.13235537194176442, 0.6050271362076514, 0.681185746408153, 0.5518392591860249, 0.05461695171644636]], "inverted": false, "swapped": false, "error_lsq": 0.045919224207539716, "error_max": 0.26931312896455695, "target": "456.xyz", "model": "20.xyz", "model_rescale": 4.067790424073018, "target_rescale": 3.7836751063380034},
{"mapping": [0, 12, 9, 13, 3, 11, 7, 4, 5, 6, 14], "R": [[-0.3821303860195274, -0.6035049077712933, -0.6998272603839679], [0.23475750470221995, 0.6690597910562944, -0.7051580744611063], [0.8937926392998292, -0.43375202856894024, -0.11399077000255395]], "T": [-0.05159345351418128, -0.0006656555685095669, 0.11506623806229617], "aligned_model": [[-0.48654240674479976, 0.17445127059080479, 0.5247781455460474, 0.48988964459895273, -0.47945326954177275, 0.15993221457174184, 0.07657705140132547, -0.5960273131963971, 0.05342661484763904, -0.4189721999474672, 0.019194333210075368], [-0.43377847116630547, 0.07161733961358915, -0.3518927834609208, 0.33815985411789257, 0.4212525659610908, 0.5416636281560843, -0.7255394762695431, -0.04960837000180219, -0.0451047328308735, 0.5975155023109571, 0.009161410374838308], [-0.242272154178865, -0.6134204249655817, -0.2702715149519823, 0.40162658689086284, -0.48715133791913817, -0.16630201482832568, -0.006565266659039434, 0.7012990227747391, 0.6942571172301524, 0.3490941460614487, 0.08378027949145653]], "inverted": true, "swapped": false, "error_lsq": 0.042222467816706216, "error_max": 0.185733146950859, "target": "456.xyz", "model": "21.xyz", "model_rescale": 4.186013935880536, "target_rescale": 3.7836751063380034},
{"mapping": [11, 9, 7, 0, 8, 2, 4, 3, 6, 5, 12], "R": [[-0.8093507493381434, -0.16126352373239655, -0.5647525479882284], [0.5233297459591126, 0.23847005243509883, -0.8180819097657469], [0.26660334120216134, -0.957667014157328, -0.10861191672570719]], "T": [0.03635881671147969, 0.009065153898105808, -0.05154768464659175], "aligned_model": [[-0.5498342279164546, 0.1293922896561109, 0.6305435050964081, 0.45132900979007295, -0.368547819096832, -0.04212992776731609, -0.07925583030321104, -0.48247932105738667, 0.16442900258684223, -0.34454651612646575, 0.008353920474381993], [-0.18053342194908195, -0.041460862938854245, -0.41893414657780054, 0.4117099671267657, 0.37107484486737063, 0.7414370247450063, -0.6827725980808985, -0.1557850671902108, -0.17753743044616607, 0.5204796947343308, -0.014231537485454134], [-0.19081747023704188, -0.6633014380251745, -0.005887036798652864, 0.3814249868267287, -0.5925354207611441, -0.13622449757282643, 0.13715824292530981, 0.6940863047478402, 0.457009442943892, 0.3865220255043648, -0.023360700607568622]], "inverted": false, "swapped": false, "error_lsq": 0.0576850805389271, "error_max": 0.3181201628938142, "target": "456.xyz", "model": "22.xyz", "model_rescale": 4.166573947596378, "target_rescale": 3.7836751063380034},
{"mapping": [6, 2, 0, 8, 11, 3, 5, 14, 10, 9, 15], "R": [[-0.8323654613035786, -0.49786526338162274, -0.24351163903770273], [0.47003402619909873, -0.8669344489842795, 0.1658091534849293], [-0.2936592464812678, 0.02355505640560597, 0.9556199068007023]], "T": [-0.06179246324667596, 0.035783302117167064, 0.03336648228853666], "aligned_model": [[-0.37288460976204646, -0.030793089716508418, 0.671288146113383, 0.582568318741812, -0.5581533578671728, 0.057132360207700544, 0.06795273441858186, -0.6386857118897101, -0.04929791924201456, -0.17258215809310273, -0.039290627574772516], [-0.4482671653726737, 0.04637409241513111, -0.31499829398320317, 0.434831314631201, 0.5801844757144622, 0.5411256984014507, -0.779465993943656, -0.02840705087593092, -0.1763832249317529, 0.5403752578915629, -0.021922643141584174], [-0.4646540526959053, -0.6387466876394847, -0.046011441944689487, 0.3155703209671941, -0.24831871771996866, -0.26980442809052274, 0.13132948630781516, 0.5710016201589644, 0.751538108206878, 0.3392451640656422, 0.0029250673298041943]], "inverted": false, "swapped": false, "error_lsq": 0.04196583113553917, "error_max": 0.2436628830011664, "target": "456.xyz", "model": "23.xyz", "model_rescale": 4.274766983524099, "target_rescale": 3.7836751063380034},
{"mapping": [2, 1, 0, 8, 4, 9, 3, 5, 6, 7, 10], "R": [[0.9140850054600689, -0.2409339249652725, -0.3261892803172631], [0.40212712939451484, 0.4346666522987795, 0.8058279426678495], [-0.05236768658240265, -0.8677647983066611, 0.4942083368598782]], "T": [0.03895358152894276, -0.007366594694014052, 0.09259362042597039], "aligned_model": [[-0.42962813262158756, 0.14412764164363545, 0.5979539182503559, 0.5650320948665787, -0.5876373786140218, -0.01669785308204797, -0.20378631381967735, -0.6585003422474687, 0.16396336702116204, -0.13943889102825935, 0.08186597496748095], [-0.44720358190994985, 0.11286318129937734, -0.45688364715509844, 0.45088177601820334, 0.10978643389736509, 0.7613484234283299, -0.5118413457667598, 0.010546235984835582, -0.2032117780209401, 0.5170911509335155, 0.03006961809612834], [-0.6253521453602012, -0.5394400800579351, -0.08523322021484234, 0.33396668488929726, -0.19260726223308325, -0.27298208278771485, 0.1435529427149444, 0.5162421815214482, 0.7258647107305414, 0.3994366996505395, 0.04062601009273352]], "inverted": false, "swapped": false, "error_lsq": 0.05524327780550218, "error_max": 0.29989422411567973, "target": "456.xyz", "model": "24.xyz", "model_rescale": 3.7841303162186577, "target_rescale": 3.7836751063380034},
{"mapping": [9, 10, 0, 6, 14, 11, 8, 5, 4, 3, 15], "R": [[0.7192786459517919, -0.10950463527757232, -0.6860371450078215], [0.6861908636613745, 0.2662614171155102, 0.6769394037750331], [0.10853721990825893, -0.9576604787754197, 0.26665723182809065]], "T": [-0.01650624316057233, -0.027246592074775373, -0.017323128975301208], "aligned_model": [[-0.46696385537811796, 0.08819508838462958, 0.6058741447764039, 0.3932102784734899, -0.5941485678305335, 0.1887762540170458, 0.055457058150207385, -0.6063444982906108, 0.02867837048760228, -0.18657716151694645, 0.0110969740629796], [-0.2867142923192692, 0.017591111804116537, -0.3841983928266877, 0.3604327400863341, 0.14273453965642932, 0.6948984516360307, -0.609950787559886, 0.016347470534445067, -0.12118259446404328, 0.5262539320586181, 0.017234288198919277], [-0.28547450534921487, -0.7869219314436582, -0.18028942611363363, 0.4341893952787111, -0.5337867984776424, -0.1779257483783639, 0.05148738960555989, 0.6303875594759999, 0.7214858591961637, 0.5427794867538429, 0.028143158397962782]], "inverted": false, "swapped": false, "error_lsq": 0.04357430575185768, "error_max": 0.2870393227686641, "target": "456.xyz", "model": "25.xyz", "model_rescale": 4.19342608120988, "target_rescale": 3.7836751063380034},
{"mapping": [8, 1, 9, 5, 2, 0, 10, 6, 3, 4, 11], "R": [[0.1406433439342888, 0.011316798302358877, -0.9899956463960662], [0.6188287076695816, 0.7795357699077348, 0.09682465594233064], [0.7728327635206578, -0.6262554698448062, 0.10263335772780813]], "T": [0.05309273529375306, -0.0332304885595343, 0.05320993416599334], "aligned_model": [[-0.5337093194569296, 0.08198282757420583, 0.7152663180257963, 0.5361647991916282, -0.5170959953350697, 0.21731903790233004, -0.10289917381441999, -0.6227489286493125, 0.09696076566359396, -0.3167456257778668, -0.03724061998780622], [-0.3531151597046195, -0.08636974143725695, -0.21496488590654234, 0.31793846725264013, 0.38161900884842903, 0.6041633036448342, -0.6437404209395946, -0.16935049342188327, -0.029513136678172104, 0.555085020397225, 0.011694504749948272], [-0.32145426417656114, -0.48617753859957963, -0.22687980214139442, 0.2962770596112755, -0.39791101160049824, -0.21263388046450654, 0.06662430509313201, 0.5013230365792707, 0.7082509909292867, 0.38702751869016216, 0.12962802502513965]], "inverted": true, "swapped": false, "error_lsq": 0.04227340443255148, "error_max": 0.22040468152408518, "target": "456.xyz", "model": "26.xyz", "model_rescale": 3.795458400668931, "target_rescale": 3.7836751063380034},
{"mapping": [1, 8, 11, 10, 6, 5, 9, 0, 3, 7, 12], "R": [[0.3100906878942767, -0.9499472083442325, -0.03800087683533154], [0.9382235015009833, 0.3122305960798017, -0.149160035206776], [0.153559195467055, 0.01059982219905134, 0.9880825963738353]], "T": [0.01107612065701881, -0.15488998116180702, 0.029959479595615582], "aligned_model": [[-0.43685796626107304, 0.06662945364493948, 0.6723646313670265, 0.49858203557599745, -0.4941942520200747, 0.035748702623367296, 0.035659032000655615, -0.6788703242462354, -0.0702309274610136, -0.08019109491947542, -0.03138520496796462], [-0.3436547517789724, 0.025363669089918106, -0.2667985210090025, 0.30806847500099016, 0.32431575066257734, 0.5627842753679988, -0.5597639179157076, -0.05511151135972825, -0.13154455452982233, 0.5175044190154032, -0.007716865738647577], [-0.3077920351336799, -0.6737266428133988, -0.21853312803194191, 0.26595498653505084, -0.4130424129029083, -0.19630451023427087, 0.17083909459607544, 0.4830503669705778, 0.7633902628530133, 0.47690932532851166, 0.09332913177869763]], "inverted": true, "swapped": false, "error_lsq": 0.037207367675101015, "error_max": 0.2024011202104152, "target": "456.xyz", "model": "27.xyz", "model_rescale": 3.6321398670334006, "target_rescale": 3.7836751063380034},
{"mapping": [13, 6, 4, 7, 9, 12, 1, 0, 3, 8, 14], "R": [[0.5881769545228852, -0.3725238780941624, 0.7178257660587769], [0.4161478907051545, 0.9004788951682594, 0.12632771832896447], [-0.6934470442866095, 0.22441862580061656, 0.6846659602783889]], "T": [-0.20762088782809607, 0.027352098538032686, 0.1244453292417561], "aligned_model": [[-0.4292984770250212, 0.10322461024964896, 0.5144552682753873, 0.4747075545476769, -0.5522357482592717, 0.17458203576087927, 0.052695382533629986, -0.5753119683051046, 0.10276861001709581, -0.14066601706444432, -0.20766716539432656], [-0.3855297116272207, 0.0318019294543929, -0.3000972200702052, 0.33252307656551233, 0.29815649749208173, 0.68437406235396, -0.5876940252546158, -0.06565797569840698, -0.09527739149029793, 0.4896556090557293, -0.028808383975922953], [-0.5440342809159159, -0.5877784505286058, -0.11607539936359705, 0.32983752699683117, -0.3800125349028787, -0.20075121920771888, 0.1593867250195971, 0.6199895650552993, 0.724595683540622, 0.34540262203518224, 0.09351420121691181]], "inverted": false, "swapped": false, "error_lsq": 0.03656460557924168, "error_max": 0.18394706494631316, "target": "456.xyz", "model": "28.xyz", "model_rescale": 4.156811204709835, "target_rescale": 3.7836751063380034},
{"mapping": [4, 1, 5, 3, 6, 0, 9, 7, 8, 10], "R": [[0.9683366565004541, 0.030990328351935277, 0.24771701440587632], [-0.22231200772672133, 0.5585036290635017, 0.7991564725029844], [-0.11358473003901579, -0.8289229734248763, 0.5477090589267499]], "T": [-0.041608835030581354, -0.12465589396366626, -0.0067326927517011755], "aligned_model": [[-0.6473387238116816, -0.10080816693235736, -0.013473992102688896, 0.5641985859787583, -0.01547189992558242, -0.5466946189668084, -0.17412560410986397, -0.5328244014310201, 0.18494198394408018, -0.07547778853224785], [-0.08360375306851751, -0.6560321794096647, 0.04083403062723938, 0.21603620490810732, -0.3759541547037804, -0.5617968107654115, 0.5793927057460962, 0.49935976807469007, 0.3295666896952804, -0.06908217047783485], [-0.4362657193045554, -0.41690139209918825, -0.6856342404051566, -0.12033968703083651, 0.6163827705437701, 0.13400583445872608, -0.23589713648507596, 0.4630673928926896, 0.44032067939304653, 4.8225011679928556e-05]], "inverted": false, "swapped": true, "error_lsq": 0.06013391191124908, "error_max": 0.31091048970203305, "target": "456.xyz", "model": "29.xyz", "model_rescale": 4.117894457231895, "target_rescale": 3.7836751063380034},
{"mapping": [3, 12, 11, 10, 4, 13, 9, 8, 6, 7, 14], "R": [[0.05473709587527248, -0.729216282053328, -0.6820905103602182], [-0.9260371683764602, 0.21841277836680126, -0.3078165379433053], [0.37344211481894884, 0.6484901481398281, -0.6633260997768258]], "T": [-0.1522237677893153, -0.11134898929537401, 0.05464234700823338], "aligned_model": [[-0.3560951490867602, 0.15794272539714654, 0.43955675148227796, 0.39049018455646417, -0.5425451299616308, 0.0688888232471569, 0.23929062351487068, -0.5964796251531397, 0.014896848359667536, -0.1746989829559391, -0.12399298406396397], [-0.29927177134364175, 0.10928051993987514, -0.399740994310631, 0.24565700685046538, 0.41926825169833465, 0.5899718721939886, -0.5206453368986029, -0.06406256332163467, -0.1398917335323278, 0.503386057519279, -0.07050484199009745], [-0.41745688931494424, -0.610862941490978, -0.24888606807474412, 0.3584996314993134, -0.3523253052061442, -0.2322628180809846, 0.3173532029901127, 0.6043608329387223, 0.6735490077002767, 0.2750949445776453, 0.0770108414074516]], "inverted": true, "swapped": false, "error_lsq": 0.04669160763692251, "error_max": 0.3158636085355855, "target": "456.xyz", "model": "30.xyz", "model_rescale": 4.100398675895297, "target_rescale": 3.7836751063380034},
