[{"mapping": [8, 5, 7, 6, 14, 1, 0, 11, 4, 10, 13, 2, 9, 15], "R": [[0.4871129074240928, -0.6793160876556374, -0.5488630689644602], [-0.3983525111862901, -0.7321044090286826, 0.5525743489453164], [-0.7771977176062885, -0.050525115863321646, -0.6272247766268277]], "T": [-0.08740503136273156, 0.06971936069927095, 0.1459069543570253], "aligned_model": [[0.27960465700467174, 0.05296652570139995, -0.5016520637063422, -0.5045212503409275, -0.5981889937552183, 0.1533726447035624, -0.7864703569377343, -0.12416795277621694, -0.20664344148106367, 0.2715185779675393, 0.5129337432086242, 0.25519098304002796, 0.5783584732878039, -0.01080944478782328], [-0.5752837060812879, -0.5130121910905415, -0.5804096530368399, -0.3065245352305741, 0.1771042026172469, 0.33633162223381385, 0.21709056213581604, 0.4922607357161276, 0.8369154814565481, 0.01799582152831594, 0.513977229419181, 0.5784593341549272, -0.08369190400750343, 0.12406033199480496], [0.3022042232356419, -0.2801162843036493, 0.3060118800056, -0.3287340027596978, 0.6122744813675652, -0.6813806141530985, -0.022133319328615758, 0.6006439781428015, 0.17334283290660504, 0.7365233087031576, 0.46683128055058387, -0.12672286257144774, 0.004009600665393354, 0.13483358471899376]], "inverted": true, "swapped": true, "error_lsq": 0.04274814433183565, "error_max": 0.2581013797055518, "target": "457.xyz", "model": "0.xyz", "model_rescale": 3.8414455957264533, "target_rescale": 4.163543798961929},
{"mapping": [8, 10, 1, 13, 9, 2, 3, 5, 0, 6, 4, 12, 14, 7, 15], "R": [[0.25507449492948775, -0.02400699495898795, -0.9666233321358976], [0.6917142086917802, -0.6939918255838294, 0.19976686290956217], [-0.6756244929917586, -0.719582524951699, -0.16041363487486465]], "T": [-0.004193660862846452, 0.062447287442782246, -0.068188331846793], "aligned_model": [[-0.7131793224046861, -0.5187572982363765, 0.33760581542579066, -0.2637990271788939, -0.4877496869891225, 0.19195113299543934, 0.5932350823755642, -0.2842675335983142, 0.6248225300159723, 0.23740453333169834, 0.5388530468916253, -0.3871091287094918, 0.21411073042346, -0.19360316997422206, -0.01747355086389832], [0.12531314841762686, 0.2001991238575607, -0.7166172116109633, -0.3078876915996417, -0.4392279878060661, -0.5225579782141708, -0.29848428087038925, -0.10328023189395433, 0.3948738395138618, 0.18492628066652084, -0.10009375235145188, 0.59585667105794, 0.6753287959435732, 0.6753553029235804, -0.016659499991011698], [0.19361525678932656, -0.5115593441124042, 0.2312984502100967, -0.7436298011050415, -0.030686237916720982, -0.3324069264814223, -0.028958477564888063, 0.5912576860412145, 0.1120319586449144, 0.615521150545142, -0.5994520113544249, -0.27551188600177773, -0.32635471239227465, 0.3882869992955255, -0.11827031725772993]], "inverted": false, "swapped": true, "error_lsq": 0.03388715118412929, "error_max": 0.21456211732067038, "target": "457.xyz", "model": "1.xyz", "model_rescale": 4.316132596720782, "target_rescale": 4.163543798961929},
{"mapping": [13, 8, 12, 3, 11, 2, 0, 1, 7, 9, 6, 15], "R": [[0.4297743609056107, 0.705790742108603, -0.5631637657573165], [0.42209643199165237, 0.39431711235378364, 0.8163017928467942], [0.7982033580536294, -0.588534997479981, -0.1284443690207885]], "T": [-0.018468070461817667, -0.025580314675355247, -0.11120103105784149], "aligned_model": [[-0.44419770487775395, 0.6376970592511556, 0.24141040039385722, -0.4813840540916291, -0.4495446033209574, -0.5089086156289554, -0.19020200221438097, -0.26184421389559753, 0.6122919036033085, 0.16310029366333562, 0.34898157113251815, -0.06959147938311976], [-0.6104764519778213, -0.34356283311741365, -0.5319729034679417, 0.48008146509784044, -0.40031770834421415, 0.031121925578910404, 0.47481225171314445, 0.5614678573548108, 0.051863758212504704, -0.24240418310953, 0.5976198946162796, -0.055456644815589436], [0.25949413786793707, 0.09733756077777614, -0.4987092355568322, 0.02571733256099698, -0.3570127382606296, 0.3435168313151674, -0.6198884303537324, 0.528801472708497, -0.5760087291608457, 0.5267106073955882, -0.24323022314379614, -0.037470124940705896]], "inverted": true, "swapped": true, "error_lsq": 0.05086219761799496, "error_max": 0.2764829441429444, "target": "457.xyz", "model": "2.xyz", "model_rescale": 3.795458400668931, "target_rescale": 4.163543798961929},
{"mapping": [1, 9, 13, 12, 3, 14, 10, 5, 8, 7, 4, 15], "R": [[-0.2938725902229435, -0.9544955175914417, -0.0507662054274689], [0.688125166070844, -0.17440147613156715, -0.7043208650488098], [0.6634174074710666, -0.2419141005005216, 0.7080642000859754]], "T": [0.09701260453060633, 0.09801680353897321, 0.025470546702839318], "aligned_model": [[0.013800733068501617, -0.09329015028332234, -0.6720208872373271, 0.15239939152692866, -0.03176695346754273, 0.14086495710330044, -0.2357727540053996, 0.6126688823049633, 0.36127609546631506, 0.7806423903018264, -0.45228169950063013, 0.016783820465951782], [-0.031173333512098028, -0.555510136210153, -0.14142675844754407, 0.05885953434060778, 0.43853496534308867, 0.6240003262020895, -0.18152339951364074, -0.36793970799033204, -0.5426763498560951, 0.11134512208064187, 0.6114472460073102, 0.06183153684583467], [-0.8632624847753096, -0.12814689950870006, 0.13509896673438063, 0.7106945204862465, -0.5713501036124455, 0.48519735234047406, 0.565322693018402, -0.2148608243626901, 0.33341696139529003, 0.4158224359709197, -0.17004252674739478, -0.009118660300072294]], "inverted": false, "swapped": true, "error_lsq": 0.04131504560219847, "error_max": 0.28163200368193064, "target": "457.xyz", "model": "3.xyz", "model_rescale": 3.7530521520055578, "target_rescale": 4.163543798961929},
{"mapping": [10, 4, 2, 3, 9, 0, 8, 14, 7, 6, 15], "R": [[-0.8789159239409486, 0.20983454081443073, -0.4283412939750563], [0.24608455026234421, -0.5697989651172725, -0.7840736786000824], [-0.40859416633771023, -0.7945430163512122, 0.44916834528081917]], "T": [-0.05937888280145774, -0.09845380200230824, 0.018641725312647815], "aligned_model": [[-0.49687418101526193, -0.09437790550366752, 0.3326224610119234, 0.37398016570412473, 0.29141589218081354, -0.12989207062700692, -0.10924435720913274, -0.6653933878597232, -0.37520385686904245, 0.2322363116447267, -0.021069469012548546], [-0.635277786310843, 0.0918363102598741, -0.2717184639374718, 0.26687965956645315, -0.6932492151142116, 0.6289354788318953, -0.5675394441731048, 0.23897147078870046, 0.1628885189979623, 0.4058742599236014, -0.16039743051850922], [-0.008690193245679524, -0.7337711634455696, -0.49791389621108245, -0.39058080419414093, 0.11900288131616135, -0.04904031428914971, 0.6124649300984562, -0.07527864362797868, 0.6908445983601478, 0.4674660025682159, -0.04167262008406377]], "inverted": false, "swapped": true, "error_lsq": 0.04337141270805992, "error_max": 0.2257002340187467, "target": "457.xyz", "model": "4.xyz", "model_rescale": 3.7855080009869324, "target_rescale": 4.163543798961929},
{"mapping": [12, 15, 9, 14, 2, 8, 13, 6, 7, 10, 5, 0, 4, 3, 1, 16], "R": [[0.5943910071329168, 0.7677007055684981, 0.23944719106547643], [-0.4988252536115072, 0.11842393264810051, 0.8585738981215151], [0.6307715093430681, -0.6297709098122811, 0.4533386197482842]], "T": [-0.010106877023247538, -0.031957566780680735, -0.03292591270822663], "aligned_model": [[0.25163985157088453, -0.7444553062682793, -0.22440089966916746, -0.08494493306414481, 0.3915636258436866, -0.6663728364977313, -0.3269661079729101, -0.0405495950705299, -0.17258823071080318, -0.5147521174555699, 0.1703864781650002, 0.6609841197716368, 0.42855976814405644, 0.14888914914261747, 0.7249972793589421, -0.013835875448303546], [-0.2985920304635494, 0.1384935799738404, 0.61382074233661, 0.20316288514048253, 0.48036511483372435, -0.2666427228099417, -0.5640966490439138, -0.6260339625962156, -0.17524107219253843, 0.3481937884114018, 0.3820431071393484, 0.21731288635389906, -0.3105551103481524, 0.6359290464470423, -0.1956836661895067, 0.0003682979126040792], [-0.601661330857098, -0.36608788190831226, -0.24259819647717218, -0.6628584781382706, -0.3821707617879814, 0.06478663478786865, -0.40881933346127847, 0.23581847313021298, 0.6843182010052692, 0.33009254760599904, 0.6387353377342521, 0.27687240642124, 0.4933399583124781, 0.07226125824862313, -0.10986473666187256, -0.0756796872592827]], "inverted": true, "swapped": false, "error_lsq": 0.03806566915826706, "error_max": 0.28810933922465193, "target": "457.xyz", "model": "5.xyz", "model_rescale": 4.2253639853439635, "target_rescale": 4.163543798961929},
{"mapping": [7, 0, 1, 5, 6, 2, 9, 8, 4, 14, 3, 13, 10, 15], "R": [[0.2860606766610157, -0.41922177253928505, 0.8616393646400224], [0.9143121681036048, 0.38847677281751225, -0.11453844873655478], [-0.28670986820464917, 0.8205723017567135, 0.4944274962658952]], "T": [0.0976059130724202, 0.004856965383690383, 0.006416241652033177], "aligned_model": [[0.6311136107718051, -0.15972391965847918, -0.6825356479890422, 0.17841689912347453, -0.022996379961107344, -0.4282441077158169, 0.12750668912137844, 0.6629809381738847, -0.4011824455500972, 0.34668517266063315, -0.5900983762457126, 0.06764742390591963, 0.5877193354770129, 0.056772960643930434], [-0.2513511807680655, 0.16994716732465615, -0.4088455639276883, -0.72478542114136, -0.4735761191031205, 0.1038303568914089, -0.36045541605748704, -0.4411016404218427, 0.5982337200310786, 0.513161844100066, 0.047578742141531204, 0.38573634850840555, 0.2691891727327035, 0.017537136324704876], [-0.5128417364907146, -0.6607979041994009, 0.18996479176832623, -0.0367995851060747, -0.5389151421095328, 0.41163399813025175, 0.6001870112303521, 0.2443782274192611, 0.05813291141273556, -0.4053070920043953, -0.1117757291560851, 0.7239101480746456, 0.4190255934571151, 0.09076271650496427]], "inverted": false, "swapped": true, "error_lsq": 0.037013435670637036, "error_max": 0.2180223206204869, "target": "457.xyz", "model": "6.xyz", "model_rescale": 3.89814844738969, "target_rescale": 4.163543798961929},
{"mapping": [10, 13, 11, 8, 14, 2, 9, 7, 5, 1, 3, 6, 15], "R": [[-0.9363257398891682, 0.31809432782441116, 0.14869467854277085], [-0.05958346758507693, -0.5612651951626062, 0.8254884560607857], [0.34604034332941586, 0.7640663448320556, 0.5444802122055883]], "T": [0.03438912067767823, 0.07979590992203292, 0.0012542652420077828], "aligned_model": [[0.11755863336200753, -0.12094561675701689, 0.4372182770631755, -0.2889788291165358, 0.7316742175582123, -0.2793655945812237, -0.589305668421872, 0.301144522502228, -0.4643901255785102, -0.5994197621389918, -0.050115958335584604, -0.028325095166994135, -0.01811719948467204], [-0.2641704684946997, 0.2728011114877724, 0.2584013030352179, -0.6010224113278213, 0.020305887578824074, 0.6192325334980263, -0.06111281580853245, -0.5285035135251478, -0.2646739810839305, 0.6595844386514382, 0.7305390321446599, -0.0029854858962506114, 0.12538563521092916], [-0.5946476751297975, -0.7729448259682867, -0.43750224024841644, -0.0828497552754211, -0.01234211923891531, -0.24589248175763956, -0.27813875598658244, 0.4240015804968331, 0.41759041915774686, 0.276194750293441, 0.2423433820024318, 0.7292952085749894, -0.06283245608408707]], "inverted": true, "swapped": true, "error_lsq": 0.04327082113043128, "error_max": 0.24927863615825913, "target": "457.xyz", "model": "7.xyz", "model_rescale": 3.7474275329858107, "target_rescale": 4.163543798961929},
{"mapping": [7, 6, 0, 14, 3, 11, 12, 10, 4, 13, 8, 9, 9, 1, 15], "R": [[-0.32975400698189206, 0.3146059296185275, -0.8901041534159072], [-0.9410026345809661, -0.1854357751715852, 0.28306821615680267], [-0.07600221438265714, 0.9309332319427509, 0.3571931985264517]], "T": [0.005314434431042637, -0.04849274370530125, -0.037851476576077736], "aligned_model": [[-0.45935720166619454, 0.20974717855132433, 0.30642854108554574, -0.24538923132904905, 0.69534567239103, -0.10403467369698426, -0.6508787888288582, -0.5379498265520799, 0.45028978702653394, -0.05708784351906589, -0.5425078970219648, -0.04802292456979211, -0.04802292456979211, 0.7960771416207532, 0.037516713417340405], [0.09293642713334234, 0.2663164553696877, -0.3931419490500729, -0.6319093512317158, -0.15623212520014562, -0.6043632513382083, -0.2519644278819054, -0.17153496779620303, -0.6338439840116455, -0.2327302766463299, 0.47273578501543617, 0.45848828600046315, 0.45848828600046315, 0.35701536571995246, -0.0411423101035255], [-0.6575126628436403, -0.6702531439054964, -0.6116069593763367, -0.3323054879222747, -0.06916917179663928, 0.21852566376423188, -0.08413980813481084, 0.3745242182573842, 0.21298965768760708, 0.7514055211620634, 0.02016074437594159, 0.43863176646766516, 0.43863176646766516, 0.11615573887890673, 0.05075681261399369]], "inverted": false, "swapped": true, "error_lsq": 0.04727224307411699, "error_max": 0.4446889595427152, "target": "457.xyz", "model": "8.xyz", "model_rescale": 4.019505241142653, "target_rescale": 4.163543798961929},
{"mapping": [11, 2, 0, 14, 12, 7, 6, 10, 8, 9, 1, 5, 15], "R": [[-0.034186637342503656, 0.9671612248489607, -0.2518540032953027], [0.7190112521278608, 0.19883200808387363, 0.6659494364250639], [0.6941571098395074, -0.1583192903912617, -0.7021972010406118]], "T": [-0.053340730391858465, -0.06722982518315927, -0.040343198086510365], "aligned_model": [[-0.32419721881563357, -0.6978566800140836, 0.17530909586537186, 0.19390315648418532, 0.2940028707750223, 0.732136273032537, 0.41924057108996826, -0.1222702838893911, 0.309040234597049, -0.30117491119832174, -0.5167516262281504, 0.2994730908161203, -0.14115380077349726], [-0.5373702999605459, 0.11766923676412507, 0.19422143519852797, -0.457407962564833, -0.6604956732822095, -0.12129517835561095, 0.48782261004913724, -0.7005604062521573, -0.23532492901194885, -0.017515723721891654, 0.6956761968182157, 0.3692577578336407, -0.07129883540039099], [-0.34412467126808916, -0.009897601880393611, -0.6868806134089693, -0.5662347384946426, -0.0013439883495138666, -0.04252039850961474, -0.13736461409479822, 0.23254918289469317, 0.6043101785844536, 0.6100548693983736, 0.08882897971538363, 0.43481680948954626, -0.005489900032549802]], "inverted": true, "swapped": true, "error_lsq": 0.04905805806327623, "error_max": 0.2607253230673925, "target": "457.xyz", "model": "9.xyz", "model_rescale": 3.877068213659057, "target_rescale": 4.163543798961929},
{"mapping": [10, 13, 2, 14, 9, 3, 6, 12, 5, 4, 1, 8, 0, 7, 11, 15], "R": [[0.23243668119210648, -0.7713276064661816, 0.5924752423009341], [0.9700238926474025, 0.22824872558065304, -0.08340363879345025], [-0.07090018991215485, 0.5941012058344598, 0.8012595835910241]], "T": [-0.051816590841753746, 0.027291364708114274, -0.04491796375280791], "aligned_model": [[0.23700152161408475, -0.6426837533153597, -0.15483109617559365, -0.07746296162364455, 0.33142881153611914, -0.5865337997392633, -0.33300275949307345, 0.0639510144878246, -0.18637340846913744, -0.49065055282992565, 0.1029968075189667, 0.6047253296121714, 0.4746962817916891, 0.037216781924321235, 0.6012710042094841, 0.006405148790721328], [-0.30313818681220844, 0.158967450947798, 0.634565517833491, 0.15625428859579893, 0.3501144842907129, -0.20074623338363262, -0.4583624219325539, -0.6775444294323889, -0.25569257571107223, 0.41348032309093824, 0.23306668543266568, 0.40994231900580874, -0.2837232242433976, 0.7288602685989019, -0.31085489142724704, -0.012345139948479661], [-0.602242993568806, -0.5257255142204145, -0.291821735668479, -0.8144843186349859, -0.4745148665801381, 0.20971452257529002, -0.3006117517211897, 0.17417010202922203, 0.671189566257421, 0.2962176719904021, 0.7836928853628355, 0.08870048433664363, 0.4648076055924942, 0.3627101768903331, -0.10647264607294668, 0.011155222126993089]], "inverted": true, "swapped": false, "error_lsq": 0.03417565706243882, "error_max": 0.24700879356775193, "target": "457.xyz", "model": "10.xyz", "model_rescale": 4.260839863003843, "target_rescale": 4.163543798961929},
{"mapping": [7, 0, 4, 14, 13, 10, 8, 5, 1, 2, 9, 15], "R": [[-0.7485623526721505, -0.6523004463149712, -0.11898962937678481], [-0.32690130020916264, 0.20693335447017874, 0.9221247891306679], [-0.5768794883539319, 0.7291657661636406, -0.36814038269591826]], "T": [0.014549268736820766, -0.0438756419926935, -0.106228213388297], "aligned_model": [[0.4253303227272535, 0.12627952101073334, -0.5319225828934638, -0.30974676337589296, -0.6084313244901658, -0.4074922420747828, 0.31197672258661574, 0.7017886193689667, 0.36094298013903864, -0.2079721579724557, 0.12555822736474817, -0.027412673296464365], [-0.006695319161370637, -0.7354853058598941, -0.5053859878694428, -0.3518400592472281, 0.33047455515345586, 0.4683664362259316, 0.6191663642398322, 0.21116423352758135, -0.25695285357829106, -0.10743578776042681, 0.5200870420974177, -0.012384812234631205], [-0.7768834711777071, -0.32495305785454875, 0.19698314789099416, -0.6446708120207504, 0.2578064438565518, -0.3057731364364107, -0.323175468356768, -0.047638349075338045, 0.6987998649467042, 0.5238191890188736, 0.2894155927131056, -0.027551866109202017]], "inverted": false, "swapped": true, "error_lsq": 0.04326980231731913, "error_max": 0.29673427030702715, "target": "457.xyz", "model": "11.xyz", "model_rescale": 3.890672605050136, "target_rescale": 4.163543798961929},
{"mapping": [3, 1, 5, 0, 6, 11, 2, 14, 4, 10, 8, 9, 12, 15], "R": [[0.22299356031896364, 0.8251828944803269, 0.5189865727678733], [0.7373270239594049, 0.20548408130178872, -0.6435255644267194], [-0.6376697670388964, 0.5261648819416117, -0.5626080209310296]], "T": [0.09620816639126557, 0.018740704926809387, 0.15133104691287846], "aligned_model": [[0.29263915765139087, 0.2576840225824632, 0.4597484626410696, 0.6422439796535091, 0.8129092734066579, -0.2941257019971708, -0.21548572560514428, 0.17684905192006276, -0.14238109754202882, -0.4664765577292091, 0.003298683385694237, -0.2553092532637608, -0.08540547052716944, 0.02368701021732908], [-0.35479548976914044, 0.09217373367377267, 0.6417781141149983, -0.46931695784054367, 0.1660633633878736, -0.42200263034581703, -0.1428729234378112, -0.44355797390977253, -0.6680528126413785, 0.15950050283335354, 0.7166946750534526, 0.5482797536777381, 0.08711613379918874, 0.02114503123185118], [-0.4059994283386067, -0.7329731125595333, 0.008366452982856931, 0.19921363731471003, 0.07740537452033708, 0.3514891604012297, -0.4207208384731618, 0.6706646679005118, -0.12243936957954277, 0.5306748756420787, 0.4330791388724755, -0.13665301301964194, 0.8119929648135169, 0.09068992487963114]], "inverted": true, "swapped": true, "error_lsq": 0.04636322250689159, "error_max": 0.36007919591540005, "target": "457.xyz", "model": "12.xyz", "model_rescale": 4.124412569039231, "target_rescale": 4.163543798961929},
{"mapping": [6, 5, 2, 7, 3, 0, 8, 14, 9, 12, 11, 13, 15], "R": [[-0.25150837154792566, -0.798061578419481, 0.5475776256312137], [0.6009400241275565, -0.5722626432931507, -0.5580202097529338], [0.7586927088373017, 0.18871455731273945, 0.6235159897030504]], "T": [0.14807037507914558, 0.10794125550429019, 0.00645759029897733], "aligned_model": [[-0.22186324449394154, -0.3645226035319986, 0.7203594288912631, -0.5601915937986496, 0.6420131589971702, 0.22837828686366776, -0.4616917371238636, 0.14303010400128843, 0.09120322128404579, -0.19673603356805106, 0.5117968929052138, 0.6235028336438212, 0.21201959343979138], [-0.21378249960131657, 0.3591820357446818, 0.4048532604259641, -0.23161928128049408, -0.0646921289726931, -0.5867286778977857, 0.5397421579998855, -0.45151579531158975, 0.7978104163280668, 0.024089583449902766, -0.022861820781646655, 0.6154316033377526, 0.17757652306774963], [0.5546112093165985, 0.47003341363929807, 0.19312281730977748, -0.04799928092670465, 0.4700845119706442, 0.22924102089121232, -0.12351183263000867, -0.4141524841415954, 0.0945347553971253, -0.5836358936524036, -0.48064821161452254, -0.41447191153619095, 0.004489966944608982]], "inverted": true, "swapped": true, "error_lsq": 0.05260621264463989, "error_max": 0.33432752697671014, "target": "457.xyz", "model": "13.xyz", "model_rescale": 3.9028299243045295, "target_rescale": 4.163543798961929},
{"mapping": [11, 7, 10, 9, 14, 3, 6, 2, 0, 4, 5, 13, 8, 10, 12, 15], "R": [[0.8069664091890356, 0.5875571376763365, -0.05984834505769454], [0.22809509668320233, -0.21658213389386266, 0.9492443342717731], [0.5447732017175908, -0.7796594059225939, -0.30879340900801877]], "T": [0.010456424580541553, -0.09668975232521183, 0.028486437082626315], "aligned_model": [[0.41573316738159516, -0.6352878395772615, -0.08832204796029622, -0.1994840889634053, 0.4022053769093249, -0.5821057612662607, -0.37841617944641126, 0.004804415971439735, -0.35721221116772944, -0.3757478872388482, 0.24005991339628577, 0.603951248111446, 0.3679132031855699, -0.08832204796029622, 0.7015957479189541, -0.043210639454722526], [-0.19529354917180128, 0.39064910991740365, 0.6334749769504248, 0.07495793455995366, 0.4347856692571117, -0.2516441166903384, -0.42845697358742163, -0.7830272355345489, -0.2865979932269096, 0.30298457697937325, 0.18040028545560993, 0.4293624146476003, -0.31641953245281446, 0.6334749769504248, -0.17757496420438054, -0.05823134494455254], [-0.5813370958594303, -0.3791201557155532, -0.08311501242995664, -0.6976729867517948, -0.5606801670168805, 0.1448850887363747, -0.3994351339820792, 0.2950547838463409, 0.7467976813001709, 0.4163909793475376, 0.39263638221706393, 0.08918539803306928, 0.6769080859439324, -0.08311501242995664, 0.033416669883355385, -0.064315094427519]], "inverted": false, "swapped": false, "error_lsq": 0.04836455940551075, "error_max": 0.4455968975556644, "target": "457.xyz", "model": "14.xyz", "model_rescale": 3.942246331269136, "target_rescale": 4.163543798961929},
{"mapping": [12, 11, 10, 4, 3, 13, 5, 8, 7, 9, 1, 6, 14, 0, 15], "R": [[0.5595392733598508, -0.62688554115134, 0.5421534098973478], [0.8043440084577315, 0.25298476218278093, -0.5376145702652325], [0.19986624934210107, 0.7368943129097368, 0.645786539016731]], "T": [-0.05428446081322661, 0.007660244680397264, -0.028542490651718225], "aligned_model": [[-0.6937080900279428, -0.18067789687346686, -0.3770931045946354, 0.28846244370837715, 0.500900416320061, 0.1857891537380313, 0.006495382435408405, -0.36882306827006645, -0.6875609994844389, 0.23587643440683545, 0.7999184136972154, -0.07023384096973156, -0.5481387723865999, -0.13066792613710523, 0.01375549097026866], [0.004518500753564068, -0.4871903259981472, 0.056428711583514354, -0.677826029981121, -0.29799142995521555, -0.13625881693783787, 0.6758214238567909, 0.6674208318877706, 0.2680224781771016, 0.5163587970418553, 0.16643327079518594, 0.237573571800134, -0.48184634712573643, -0.4201395691898937, 0.006819623173685807], [-0.2840037088421746, -0.3832622375132937, -0.6398896718802582, -0.15579633254217568, 0.2665481525655039, -0.7917043899990348, 0.27252641285574186, -0.23086731799051302, 0.36014023145093466, -0.4079411687709661, 0.2135097426788003, 0.6698234068670318, 0.05159268439505478, 0.5628972945269088, -0.09421061744104339]], "inverted": true, "swapped": true, "error_lsq": 0.0388227727621072, "error_max": 0.27697244953055744, "target": "457.xyz", "model": "15.xyz", "model_rescale": 4.355366556412066, "target_rescale": 4.163543798961929},
{"mapping": [13, 8, 12, 3, 11, 2, 0, 1, 7, 9, 6, 15], "R": [[0.4297743609056107, 0.705790742108603, -0.5631637657573165], [0.42209643199165237, 0.39431711235378364, 0.8163017928467942], [0.7982033580536294, -0.588534997479981, -0.1284443690207885]], "T": [-0.018468070461817667, -0.025580314675355247, -0.11120103105784149], "aligned_model": [[-0.44419770487775395, 0.6376970592511556, 0.24141040039385722, -0.4813840540916291, -0.4495446033209574, -0.5089086156289554, -0.19020200221438097, -0.26184421389559753, 0.6122919036033085, 0.16310029366333562, 0.34898157113251815, -0.06959147938311976], [-0.6104764519778213, -0.34356283311741365, -0.5319729034679417, 0.48008146509784044, -0.40031770834421415, 0.031121925578910404, 0.47481225171314445, 0.5614678573548108, 0.051863758212504704, -0.24240418310953, 0.5976198946162796, -0.055456644815589436], [0.25949413786793707, 0.09733756077777614, -0.4987092355568322, 0.02571733256099698, -0.3570127382606296, 0.3435168313151674, -0.6198884303537324, 0.528801472708497, -0.5760087291608457, 0.5267106073955882, -0.24323022314379614, -0.037470124940705896]], "inverted": true, "swapped": true, "error_lsq": 0.05086219761799496, "error_max": 0.2764829441429444, "target": "457.xyz", "model": "16.xyz", "model_rescale": 3.795458400668931, "target_rescale": 4.163543798961929},
{"mapping": [10, 13, 11, 8, 14, 2, 9, 7, 5, 1, 3, 6, 15], "R": [[-0.9363257398891682, 0.31809432782441116, 0.14869467854277085], [-0.05958346758507693, -0.5612651951626062, 0.8254884560607857], [0.34604034332941586, 0.7640663448320556, 0.5444802122055883]], "T": [0.03438912067767823, 0.07979590992203292, 0.0012542652420077828], "aligned_model": [[0.11755863336200753, -0.12094561675701689, 0.4372182770631755, -0.2889788291165358, 0.7316742175582123, -0.2793655945812237, -0.589305668421872, 0.301144522502228, -0.4643901255785102, -0.5994197621389918, -0.050115958335584604, -0.028325095166994135, -0.01811719948467204], [-0.2641704684946997, 0.2728011114877724, 0.2584013030352179, -0.6010224113278213, 0.020305887578824074, 0.6192325334980263, -0.06111281580853245, -0.5285035135251478, -0.2646739810839305, 0.6595844386514382, 0.7305390321446599, -0.0029854858962506114, 0.12538563521092916], [-0.5946476751297975, -0.7729448259682867, -0.43750224024841644, -0.0828497552754211, -0.01234211923891531, -0.24589248175763956, -0.27813875598658244, 0.4240015804968331, 0.41759041915774686, 0.276194750293441, 0.2423433820024318, 0.7292952085749894, -0.06283245608408707]], "inverted": true, "swapped": true, "error_lsq": 0.04327082113043128, "error_max": 0.24927863615825913, "target": "457.xyz", "model": "17.xyz", "model_rescale": 3.7474275329858107, "target_rescale": 4.163543798961929},
{"mapping": [7, 14, 12, 0, 5, 1, 8, 13, 6, 9, 3, 4, 2, 15], "R": [[0.05520506190657183, -0.24272984552889237, 0.9685218754521819], [0.6307262460334285, 0.7604431776593971, 0.15463045015732801], [-0.7740392778822472, 0.6023357831316342, 0.19507639696982948]], "T": [0.08065326879117675, -0.003597914123109114, -0.01408249047938298], "aligned_model": [[0.4912262651880788, 0.13049463616740326, 0.648671484342303, -0.3659402177030544, 0.2591023329072714, -0.5496404736080451, 0.7507295853494544, 0.1825054382672927, -0.10401941612790812, 0.32232559898767904, -0.6118840493049781, -0.4724073581747722, -0.3283870201391491, 0.06207084173130086], [-0.4950515187923271, 0.21547290243345127, 0.17365241730562675, -0.20792230933586553, -0.64986318222123, -0.2576796514981557, -0.26387070082238845, 0.6947949547752532, -0.6951078060055, -0.0073352438096999165, -0.024981868542477234, 0.5328066931097257, 0.29422031244809743, 0.05127324246672246], [-0.4721273513950073, -0.6769959434974633, -0.3605944079698069, -0.5594758653532887, 0.2880320078967389, 0.5789039995258298, 0.2275985188330191, 0.38920110398127306, -0.18301891759145944, 0.6405100823721506, 0.07901139362149548, -0.1138544996992494, 0.42694557292310326, 0.06065902501431952]], "inverted": false, "swapped": true, "error_lsq": 0.04042814675426514, "error_max": 0.2621703018092257, "target": "457.xyz", "model": "18.xyz", "model_rescale": 3.922800546911778, "target_rescale": 4.163543798961929},
{"mapping": [6, 0, 3, 5, 11, 7, 14, 9, 12, 2, 4, 13, 8, 10, 15], "R": [[-0.14056216514488193, 0.9186857245529202, -0.36913251987932316], [-0.9895000041387515, -0.14302200074056462, 0.02084344293960866], [-0.033645498052395195, 0.36818642941700325, 0.9291430103347732]], "T": [0.07462906564638401, 0.09207206562231358, -0.03867530914052007], "aligned_model": [[-0.2987491719728432, -0.09748428288789736, 0.5251412477046613, -0.20935632337827137, 0.2694801775948182, -0.7089227520179098, -0.2247901822235031, 0.3167024718201891, -0.3660129432434868, 0.7401810446339521, 0.6376585752869135, 0.6388328526489103, -0.3208234485744306, 0.0341877143146538, 0.1600058571818618], [0.48105064532650016, -0.13192524131430006, 0.17114285270230245, 0.7702582068146595, -0.4852098127844137, 0.13754548220870555, -0.5210776266664506, 0.542496542331623, -0.2740547655183954, 0.17624671882853643, -0.36769127105202615, -0.14169782869543107, 0.44743260107359634, -0.19004621601970856, 0.10314121779938122], [-0.5387890999276637, -0.7160602335047561, -0.5673701797105424, -0.024822797525203888, 0.08565153361354827, -0.10097011584905626, -0.1946432533222308, 0.4361185156431857, 0.3433176825134296, -0.060368574872403255, -0.31285747323653124, 0.4977851689553616, 0.5021482319622994, 0.5930706304000286, 0.0004491320238631316]], "inverted": false, "swapped": true, "error_lsq": 0.04270301372561576, "error_max": 0.2660875827347188, "target": "457.xyz", "model": "19.xyz", "model_rescale": 3.9282355846067225, "target_rescale": 4.163543798961929},
{"mapping": [11, 10, 9, 12, 14, 8, 7, 5, 0, 3, 2, 4, 1, 15], "R": [[0.9970112434837586, 0.03854226754191812, -0.06695576136298304], [0.008399223247140333, 0.8074541263549775, 0.5898705679055065], [0.07679865503909705, -0.5886699647893099, 0.8047171174637325]], "T": [-0.020058125315318524, -0.08223950138002725, 0.011712002472618978], "aligned_model": [[-0.5678267059183381, -0.2520359660830017, 0.4855135234515154, -0.38788894723644485, -0.6658727053852461, 0.34544422447056405, -0.042662118060316515, 0.6320921779512018, -0.31161196097065497, 0.05142065053052584, 0.11505213342145199, -0.45412149429254933, 0.5840585610392297, 0.000961446166739547], [-0.3535559716843476, -0.6264289652157836, -0.5598327487585217, -0.21547824754850137, 0.13775963173371095, -0.29288637282309987, 0.38517528604018314, 0.1301605857838453, 0.5552266606168721, 0.13780726265969673, -0.4025222486981572, -0.19619011011373735, -0.017642458998076788, -0.15871021556924658], [0.12579724183027452, -0.3493603845955004, -0.04497059864829644, -0.5549279229797396, -0.14466683356138849, -0.618517980647054, -0.6214660147838361, -0.2535467773727743, 0.2291548391862808, 0.671410333498731, 0.5858893152508271, 0.6458765426873039, 0.6782935501375285, 0.06321784724132631]], "inverted": true, "swapped": true, "error_lsq": 0.0414984212636712, "error_max": 0.2376548571004387, "target": "457.xyz", "model": "20.xyz", "model_rescale": 4.067790424073018, "target_rescale": 4.163543798961929},
{"mapping": [6, 4, 5, 8, 1, 2, 9, 0, 3, 14, 11, 10, 12, 13, 15], "R": [[0.7314593740053141, -0.6313021850511534, 0.2577299659127613], [0.5368373213692427, 0.30009743489255336, -0.7885094926226356], [0.4204436639608814, 0.7151217244081939, 0.5584156558645187]], "T": [0.11606168794405955, -0.009452387329147046, -0.04163499377672857], "aligned_model": [[0.17098777051041417, -0.028325351777230806, -0.08924404628339916, 0.19097700106716228, -0.7000843244211132, -0.45417490513687875, -0.36351789785465216, 0.402556566982498, -0.2747725596247621, 0.7368575305609509, 0.32489802370913967, 0.3136195198947931, 0.6821014043959616, -0.1854396248309497, 0.04200484671558166], [-0.10243006913913832, 0.7142142896174988, -0.5583502169339787, -0.7598386934384811, 0.1556628966216046, 0.2817121103032334, -0.46048958629445325, 0.47193877321686445, 0.5036637323185672, 0.30539414386221875, 0.3476004697909863, -0.2671635999606152, -0.2542767419194253, 0.06234909619077822, 0.000908535692187639], [-0.769074148394465, 0.20130396362177283, -0.4858610212799929, 0.038751517741281834, -0.3881942784743552, 0.15978216037032555, 0.1896219742974258, -0.5157988566420834, -0.3112497567337994, 0.031949069357843675, 0.42267000175971814, 0.5706435325322531, 0.26462136444441403, 0.7098339854070215, 0.016250065613780736]], "inverted": false, "swapped": true, "error_lsq": 0.040202962015690284, "error_max": 0.22614995489716083, "target": "457.xyz", "model": "21.xyz", "model_rescale": 4.186013935880536, "target_rescale": 4.163543798961929},
{"mapping": [0, 14, 7, 1, 2, 5, 3, 4, 8, 10, 13, 9, 15], "R": [[-0.8472997777538157, -0.5117992783714947, 0.1419316218351357], [0.21644115151405902, -0.08869958842669529, 0.9722579960813915], [-0.48501166434386184, 0.8545138276653879, 0.18592956671558453]], "T": [0.007462936272349994, 0.0017374418688382506, -0.08262241258018978], "aligned_model": [[-0.10894844576942478, -0.4281151205534398, 0.3669431184839627, 0.32361906161395976, -0.18347992134750246, 0.7418975273311668, -0.08716041578007402, -0.6324949506215918, 0.4768442909139263, -0.25195765693870276, -0.44902671299525454, 0.30841203928237326, -0.01795877819617321], [-0.4615110378140324, 0.11915127563120725, 0.30860806168529226, -0.6871870832151172, -0.3455905565742469, 0.02450002824861531, -0.6811829719244221, -0.41675732948243693, 0.5904813584874432, 0.6173682163256085, 0.2416662028849982, 0.21609350674898423, -0.006683011455799881], [-0.6398453214928737, -0.6178010545439141, -0.7123099119117894, 0.4061403227532926, 0.45905968364992866, -0.05323310363163565, 0.0331265027072421, 0.05476915534970313, 0.008017801068075092, 0.10184673177717206, 0.5457210532607254, 0.5093168022846009, 0.008070900064818767]], "inverted": false, "swapped": true, "error_lsq": 0.04543577268346783, "error_max": 0.3307597610482973, "target": "457.xyz", "model": "22.xyz", "model_rescale": 4.166573947596378, "target_rescale": 4.163543798961929},
{"mapping": [1, 8, 3, 4, 2, 10, 7, 13, 14, 9, 12, 6, 12, 11, 6, 15], "R": [[-0.35113987100596356, -0.599287120766842, 0.7194134679535157], [-0.6268388641748817, 0.7212126916261826, 0.294830954611725], [-0.6955385175170815, -0.3474294177531682, -0.6289029896016038]], "T": [-0.07606114006905332, 0.05240760071192341, -0.05104611026787455], "aligned_model": [[0.3782086836159487, -0.7519524506086274, -0.12948268890318582, -0.14834135132825485, 0.42792812989170115, -0.5383812821933971, -0.3841496314020244, -0.10385167756293531, -0.22344125861571842, -0.506608919212453, 0.2866305287298251, 0.6692228490210922, 0.2866305287298251, 0.09095246561131576, 0.6692228490210922, -0.034432404954819126], [-0.1623314865434314, 0.20515398210465902, 0.6281222734120645, 0.3276882790146991, 0.3833183607962448, -0.4802654707348708, -0.5396063036950335, -0.7252359339826542, -0.21064011966213098, 0.3542929348438281, 0.14039636616793022, -0.10046990410309517, 0.14039636616793022, 0.7076966231288995, -0.10046990410309517, 0.014798172093190329], [-0.556639931987519, -0.4680816237792637, -0.21574403306593554, -0.7284305155933017, -0.34988071973259866, 0.2008679985979125, -0.30793259521252864, 0.2825874579911791, 0.6804337327103378, 0.23868311019987298, 0.4875577198026416, -0.03407919851947823, 0.4875577198026416, 0.35490472424764863, -0.03407919851947823, -0.09124023624745553]], "inverted": true, "swapped": false, "error_lsq": 0.04935949074006893, "error_max": 0.43291104585661344, "target": "457.xyz", "model": "23.xyz", "model_rescale": 4.274766983524099, "target_rescale": 4.163543798961929},
{"mapping": [1, 9, 13, 4, 10, 14, 0, 7, 6, 8, 15], "R": [[0.8923629747117727, 0.4168001151184213, 0.17310686121822866], [0.3160989933826467, -0.30343150954767933, -0.8988941791980268], [-0.3221331211565086, 0.8568587882789599, -0.40252114131195504]], "T": [-0.054333484156911915, 0.06542948111606672, 0.03153403155260207], "aligned_model": [[0.4896571937528093, 0.18678080745247772, -0.5355626728415024, -0.5170952327842713, -0.4910040541841361, -0.5277803180409548, -0.03878402555598574, 0.15775208836648452, 0.525364263654853, 0.20215536580564558, -0.07158871166734476], [-0.11172088292403709, 0.6477598049977111, 0.5069027449273205, -0.33443570832757796, 0.5894266696635567, -0.25799700301037964, -0.6462584121688321, 0.0256357082825987, -0.29816645231291883, 0.6890935725268905, 0.10534648958915152], [-0.6657124092211189, -0.2679091375426122, -0.4524948380553929, -0.447548224289645, 0.1543139954171506, 0.43299864470278443, 0.21015847249896585, 0.7887249527178084, 0.30093701206262785, 0.3785361564745909, -0.05243819074358152]], "inverted": true, "swapped": true, "error_lsq": 0.046438011038517746, "error_max": 0.21431495071551798, "target": "457.xyz", "model": "24.xyz", "model_rescale": 3.7841303162186577, "target_rescale": 4.163543798961929},
{"mapping": [6, 0, 10, 7, 11, 8, 1, 4, 2, 9, 12, 13, 5, 14, 3, 15], "R": [[0.4617216611180681, -0.06729586407366112, 0.8844684134173201], [-0.09429050706891279, 0.9877447949475568, 0.1243765264456941], [-0.8819990974661253, -0.1408243115821571, 0.4497178063367654]], "T": [-0.07751216472423893, 0.07238037455349591, -0.05319969540038923], "aligned_model": [[0.31918173626397106, -0.6213961374670215, -0.3349263427825052, -0.15842154427046923, 0.45956650203714444, -0.59569620521988, -0.512245186664363, 0.08497534512890316, -0.2690651963145902, -0.2839760071748953, 0.2748519579913312, 0.598526088594177, 0.3462495316869356, 0.048501035277299945, 0.6610595769030425, -0.029030784149696176], [-0.3419090402056435, -0.04067382162031215, 0.7680208630252169, 0.21848331655978942, 0.37097333812499234, -0.1745454996211991, -0.5033624979601236, -0.6478780510022004, -0.2673449504131403, 0.3642937614266266, 0.2209076090923447, 0.43487103384927794, -0.35900555343105334, 0.7480348558340074, -0.24378896629939625, 0.035767837545947874], [-0.49254543850064403, -0.5356299206896176, -0.2878853511414496, -0.6816208620862426, -0.5134347624890371, 0.08811801926248518, -0.23365395051169863, 0.05417792059153882, 0.5923134087207287, 0.4097257465996073, 0.6017438838881356, 0.1003346631143585, 0.5821513502706762, 0.34291980381859216, 0.006387367016239917, -0.0866174671689984]], "inverted": false, "swapped": false, "error_lsq": 0.043517821050148696, "error_max": 0.3591179235691977, "target": "457.xyz", "model": "25.xyz", "model_rescale": 4.19342608120988, "target_rescale": 4.163543798961929},
{"mapping": [13, 8, 12, 3, 11, 2, 0, 1, 7, 9, 6, 15], "R": [[0.4297743609056107, 0.705790742108603, -0.5631637657573165], [0.42209643199165237, 0.39431711235378364, 0.8163017928467942], [0.7982033580536294, -0.588534997479981, -0.1284443690207885]], "T": [-0.018468070461817667, -0.025580314675355247, -0.11120103105784149], "aligned_model": [[-0.44419770487775395, 0.6376970592511556, 0.24141040039385722, -0.4813840540916291, -0.4495446033209574, -0.5089086156289554, -0.19020200221438097, -0.26184421389559753, 0.6122919036033085, 0.16310029366333562, 0.34898157113251815, -0.06959147938311976], [-0.6104764519778213, -0.34356283311741365, -0.5319729034679417, 0.48008146509784044, -0.40031770834421415, 0.031121925578910404, 0.47481225171314445, 0.5614678573548108, 0.051863758212504704, -0.24240418310953, 0.5976198946162796, -0.055456644815589436], [0.25949413786793707, 0.09733756077777614, -0.4987092355568322, 0.02571733256099698, -0.3570127382606296, 0.3435168313151674, -0.6198884303537324, 0.528801472708497, -0.5760087291608457, 0.5267106073955882, -0.24323022314379614, -0.037470124940705896]], "inverted": true, "swapped": true, "error_lsq": 0.05086219761799496, "error_max": 0.2764829441429444, "target": "457.xyz", "model": "26.xyz", "model_rescale": 3.795458400668931, "target_rescale": 4.163543798961929},
