[{"mapping": [7, 0, 8, 1, 6, 2, 4, 12, 9, 13, 10, 3, 5, 14], "R": [[-0.7472021930453325, -0.218915709836718, 0.6275068084849217], [0.05530172021114415, -0.9613976101631475, -0.2695484277718523], [0.6622919314395538, -0.16670497040962823, 0.7304648180376594]], "T": [-0.10909090050219572, 0.06448457678418856, 0.14415033666656654], "aligned_model": [[0.025554298319856283, 0.29457487506917057, -0.6190186408342223, -0.32256807870677706, -0.6734366626199138, 0.004947105316414013, -0.6911207650118277, -0.026333743091078166, -0.3365568553381538, 0.3379816817442671, 0.5911840084903974, 0.29391047333799847, 0.5746736507873155, -0.08229924633514321], [-0.7044740136572001, -0.3654885646602312, -0.486447619536908, -0.4008866934236135, 0.23271304878223303, 0.22620529646858634, 0.21761242186536442, 0.5830864537525768, 0.7027049352108412, -0.09805985415167173, 0.43185548504006427, 0.734726446073142, 0.0690047945446639, 0.09272119550218712], [0.2730722369565255, -0.1359682315365184, 0.30439737250278176, -0.1915064124978141, 0.563152476524821, -0.46740825015586174, -0.18994648492990848, 0.7183813960232749, 0.17971675450854108, 0.5768571347449148, 0.3846822175728809, -0.12149970820440423, -0.15454733069278567, 0.1582049163633863]], "inverted": false, "swapped": true, "error_lsq": 0.04450395720101468, "error_max": 0.3163733325974703, "target": "458.xyz", "model": "0.xyz", "model_rescale": 3.8414455957264533, "target_rescale": 3.973335082861895},
{"mapping": [3, 4, 0, 11, 7, 1, 9, 5, 2, 13, 12, 6, 8, 10, 14], "R": [[0.6717360735450449, -0.1585605412231383, 0.7236222787237218], [-0.09936715915762692, -0.9872828325919337, -0.12409180533053224], [0.7340959168795512, 0.011452651931903066, -0.6789492039795745]], "T": [0.04254129870440235, -0.009640168097662112, 0.03733553544625234], "aligned_model": [[-0.5420205429035057, -0.15331194303358672, -0.28651579705318264, -0.5468492143421673, 0.29547928238131405, -0.8219237391375994, 0.6525392298846684, 0.014982046383892639, 0.3800444603123553, 0.15406188230467557, -0.18741100971962674, 0.5946462807130751, 0.43054313414986367, -0.05242994574754098, -0.03878782709904863], [0.4787059334742696, 0.42090676505851243, -0.08830114556629098, -0.6245935017818918, 0.12397191722919831, 0.02410424661977613, -0.17959543259348945, 0.4767904064084178, 0.6449040115173474, -0.6907175229986805, -0.6018695659418684, 0.28637991914779776, -0.5924111862217628, -0.03940477254187886, -0.00979498986051896], [0.21949596049934544, -0.23115670075197403, -0.6037972494450137, 0.01056572686778414, -0.5380992473077865, 0.04504293403111625, -0.21668692816551216, 0.481124414058271, -0.010290722596771017, -0.2765813272958064, 0.4600361624231022, 0.5037895745240978, 0.4035798714108148, 0.7144439694949787, 0.07540847063198045]], "inverted": false, "swapped": false, "error_lsq": 0.04414044735215035, "error_max": 0.26884321692585456, "target": "458.xyz", "model": "1.xyz", "model_rescale": 4.316132596720782, "target_rescale": 3.973335082861895},
{"mapping": [4, 1, 2, 12, 9, 6, 10, 11, 0, 8, 13, 14], "R": [[-0.5568519299544312, 0.8109842332049273, 0.1795007008316164], [0.10514880492574102, -0.1455407774772035, 0.983748753958052], [0.8239294004517099, 0.5666766764075856, -0.004229360109867408]], "T": [0.027095294243951774, -0.057964798221404816, -0.10858002325449109], "aligned_model": [[-0.18424166411252083, 0.4769714378694117, 0.15628305638853326, -0.6033631481662368, -0.6141886221318001, -0.47181216094505435, -0.13218840867166634, -0.10304831424953725, 0.6425900294578574, 0.261438077008086, 0.16235606250862958, 0.007012209676078705], [-0.6798129310138051, -0.3969155388299511, -0.5090973324479511, 0.3938799151590263, -0.23508290764057352, -0.059636342792583875, 0.4931697917039712, 0.6295891559144291, -0.0038751467959995747, -0.15293291495803416, 0.568121115862936, -0.03463043642048369], [0.09750048551917145, 0.13127874528694894, -0.5478431809822699, -0.1710017407229021, -0.2416779966100079, 0.4143332662232171, -0.7036273187721985, 0.475534371605176, -0.31960114427322805, 0.6161931928396656, -0.16559503602853037, -0.13623518287562142]], "inverted": false, "swapped": true, "error_lsq": 0.043488387011878016, "error_max": 0.2510270592435758, "target": "458.xyz", "model": "2.xyz", "model_rescale": 3.795458400668931, "target_rescale": 3.973335082861895},
{"mapping": [10, 0, 2, 8, 12, 6, 1, 13, 7, 11, 9, 14], "R": [[0.4773870361627641, 0.19227678437675266, 0.857397956548456], [0.7447694247245383, -0.606336082663446, -0.27870245577645614], [0.46628330626263303, 0.7716127221929944, -0.4326588555094013]], "T": [-0.10362779874434055, 0.012930634681534225, 0.05842728953969161], "aligned_model": [[0.06973792046553076, -0.13494898369970598, -0.7075235654480933, 0.18589188809488413, 0.22865397094891263, 0.13373066011771484, -0.2576442822400926, 0.4158806684545525, 0.3320496455785207, 0.7771227798513177, -0.35154469354597256, -0.09810218283400354], [-0.055416116271645624, -0.6388332864253778, -0.18122339925830638, -0.004421432878169439, 0.5503979088861022, 0.6321311636015987, -0.31583748244383836, -0.1992837320946952, -0.5549848262749043, 0.22184293958785248, 0.6092693023957391, 0.022128006465353983], [-0.7468521446734573, 0.035796613462809164, -0.045381559431599806, 0.7691374656885407, -0.3957265589703292, 0.3458319140824492, 0.5513764004852877, -0.25558827372178133, 0.3956285550603708, 0.16562566697118392, -0.14953511874255684, 0.018458470428183542]], "inverted": false, "swapped": true, "error_lsq": 0.04473919027507305, "error_max": 0.2486263300380145, "target": "458.xyz", "model": "3.xyz", "model_rescale": 3.7530521520055578, "target_rescale": 3.973335082861895},
{"mapping": [5, 7, 1, 8, 2, 11, 3, 13, 12, 6, 14], "R": [[0.39373833675881037, 0.2969593936406881, -0.869934043876293], [0.8859381441825104, 0.1297683542309706, 0.445279439142023], [0.24511982141160035, -0.9460313381536258, -0.2119928781407642]], "T": [0.02255407915725565, -0.12875881261098415, 0.0558455867589807], "aligned_model": [[-0.4697489815960269, -0.13152249425990462, 0.3717589080268127, 0.43221970882358485, 0.17402843382982508, -0.2596501510783816, -0.24910909188119784, -0.560890480232259, -0.3110931102367152, 0.35068917706279257, -0.008482316013324928], [-0.6766024649522364, 0.08124956137299827, -0.2487731267932956, 0.33135194147576824, -0.7518060028908762, 0.7318177545590305, -0.6621343745657189, 0.10460587578999778, 0.24697640038335095, 0.4433016513312383, -0.13278385739591128], [-0.06365219320790184, -0.6912851863553658, -0.4324790285269438, -0.40208875748855116, 0.10089979436971132, -0.047237726327017046, 0.6249798841052093, -0.08076746991675134, 0.650017755539576, 0.35152097351539235, 0.08292273153795839]], "inverted": false, "swapped": true, "error_lsq": 0.04502761221797181, "error_max": 0.22666217912369552, "target": "458.xyz", "model": "4.xyz", "model_rescale": 3.7855080009869324, "target_rescale": 3.973335082861895},
{"mapping": [6, 8, 13, 12, 15, 11, 9, 7, 10, 14, 1, 5, 2, 4, 16], "R": [[-0.4919529646270395, -0.10248797459908102, 0.8645683869175677], [0.2173670368680574, -0.9760573103338277, 0.007981116907705144], [0.843050325827508, 0.19185500255784838, 0.5024517948178319]], "T": [0.024699613686743456, -0.040057180654198984, 0.09941624037637284], "aligned_model": [[-0.5105770890130552, -0.0822897621530781, -0.497390922178525, -0.36149907057753206, 0.26277162559641215, -0.7455609118294453, 0.6592043841971073, 0.016421373008443464, 0.531422941370211, 0.17427089564409126, -0.26688272817682895, 0.4971476909204881, 0.4075447781817573, -0.24213450208696335, 0.05059759419050377], [0.31078972220451484, 0.49043078350038954, -0.012567948716404705, -0.573601431190492, 0.12522977380387795, -0.23625463295686877, -0.20620950596401955, 0.6333263785997628, 0.46359439025471133, -0.5207148814207125, -0.5170699420365683, 0.2658402971471869, -0.6634576377608464, 0.14680866456554614, -0.0770689480811396], [0.22772200941363033, -0.3505233859160283, -0.40211486869143487, -0.07159946651150487, -0.6721536181050948, 0.12474430468863576, -0.1775514838132384, 0.4278298891999971, -0.04386962206882619, -0.3525727028958642, 0.6098498818823882, 0.6810714578481941, 0.2023100578811201, 0.7634053174062003, 0.07032713806045277]], "inverted": true, "swapped": false, "error_lsq": 0.03711402078955986, "error_max": 0.27453669628422517, "target": "458.xyz", "model": "5.xyz", "model_rescale": 4.2253639853439635, "target_rescale": 3.973335082861895},
{"mapping": [5, 7, 4, 2, 1, 6, 9, 3, 11, 13, 8, 12, 10, 14], "R": [[0.779372296019909, 0.5205550484521686, -0.3487137303399679], [-0.40932929578834787, 0.0016495013390648355, -0.9123852293602454], [-0.4743715335115194, 0.8538265167329325, 0.21436400704791037]], "T": [-0.00013267167427571946, -0.10838178589305889, -0.011939960454358717], "aligned_model": [[0.6794143978598384, -0.1788462886845291, -0.4187658508409901, 0.2698109023868677, -0.3059616393506677, -0.5286392394094457, 0.017401433153030818, 0.6586077475615695, -0.32646546723023534, 0.2743516738873591, -0.6949606345674317, 0.16374132349359885, 0.7321834354241117, 0.0321903590747071], [-0.20692268340033299, 0.2189665483790457, -0.6110833291705241, -0.6873259397271758, -0.37700180293795593, 0.09657418466901568, -0.27726777747391107, -0.3985005373692534, 0.7412172756458866, 0.4528488408287238, 0.027880828893868975, 0.3372728998844021, 0.22274749406200559, -0.09430685564880492], [-0.3039676342469726, -0.7097594291553988, 0.20222120784745104, -0.08346825294736146, -0.469236698887299, 0.43641660435602636, 0.6449474222935869, 0.39314816219534277, 0.03851562534718611, -0.1642826222371809, -0.308382702970993, 0.6045624143830322, 0.18111038885991892, 0.009733724094109768]], "inverted": true, "swapped": true, "error_lsq": 0.04188857444843292, "error_max": 0.31411764085025645, "target": "458.xyz", "model": "6.xyz", "model_rescale": 3.89814844738969, "target_rescale": 3.973335082861895},
{"mapping": [2, 1, 4, 5, 9, 8, 0, 3, 13, 11, 6, 12, 14], "R": [[0.17346179571206938, -0.6157267183880479, -0.7686296986790389], [0.9169761065438027, 0.38567820901424144, -0.10201538667934257], [0.35925732484684714, -0.6871192963049813, 0.6315071236250899]], "T": [-0.08572678321368488, 0.06963642501755143, -0.07237660820101458], "aligned_model": [[0.20098352515567047, -0.244787573823713, 0.4307280122601934, -0.3055909088741437, 0.5267241877242558, -0.3430915616071233, -0.5297242150774572, 0.35539776955672653, -0.5793186067644904, -0.554372390749733, 0.17548937173068868, 0.0967022023354166, -0.08050801096206833], [-0.35925441318672946, 0.22650010752042646, 0.3534997045201467, -0.6416187683989674, 0.08918601895861122, 0.7309860150516783, -0.272295844430021, -0.5868663322450446, -0.0527715399127886, 0.6256908868798989, 0.687161246131485, 0.11793867701125045, 0.04562550757053953], [-0.45579806175017223, -0.6423782117169726, -0.4280782656377461, -0.12287914813970716, 0.2189180504724708, -0.36497153023794215, -0.4073959756891786, 0.1655676618596366, 0.3212134841201749, 0.4771979135355241, 0.19739916335955807, 0.6825568465562204, -0.03907689589557023]], "inverted": false, "swapped": true, "error_lsq": 0.04709706857890934, "error_max": 0.25810749382000775, "target": "458.xyz", "model": "7.xyz", "model_rescale": 3.7474275329858107, "target_rescale": 3.973335082861895},
{"mapping": [11, 12, 9, 5, 4, 7, 2, 12, 13, 8, 6, 1, 3, 0, 14], "R": [[-0.63077545380311, 0.07963582511497157, 0.7718681637674523], [-0.323796699986576, -0.9309912370090317, -0.16855566940983058], [0.705179426782492, -0.3562491431156719, 0.6130322373840266]], "T": [-0.027971780499507427, 0.01330563354709701, 0.11845929917568442], "aligned_model": [[-0.5132941272938123, -0.0450903135855977, -0.5368548260328929, -0.3516749032116911, 0.43222833939246846, -0.6830014830895645, 0.7657348793657075, -0.0450903135855977, 0.26610639673768566, 0.14472155149450627, -0.39557624577393435, 0.5920475737785805, 0.15227572758702224, 0.08664208867874808, 0.023871952631958165], [0.3468686995036344, 0.6205879396972882, -0.13495825709020912, -0.6092286728994628, 0.051896811649143886, -0.1714254202071212, -0.23028297812718648, 0.6205879396972882, 0.709459157919467, -0.4070656424923844, -0.5225068064290452, 0.1468082890817172, -0.6581020414095569, -0.16679323168511634, 0.03322929474048121], [-0.08073371355721758, 0.22596639317994688, -0.4287118849981112, -0.025376682641694667, -0.5131675024007153, 0.14469207309791327, -0.020406903328903395, 0.22596639317994688, -0.3683672868581379, -0.39014203706151807, 0.6131411006146094, 0.5216402279603183, 0.294121209738301, 0.7418703171734579, 0.09638320428043158]], "inverted": true, "swapped": false, "error_lsq": 0.058878800553510295, "error_max": 0.48676419113764374, "target": "458.xyz", "model": "8.xyz", "model_rescale": 4.019505241142653, "target_rescale": 3.973335082861895},
{"mapping": [13, 10, 0, 7, 8, 1, 2, 11, 6, 9, 3, 4, 14], "R": [[-0.11156849600855293, -0.737392094351654, 0.6661871883232753], [0.6636749827007048, 0.4436702339552284, 0.6022393551066988], [-0.7396539650644816, 0.509322709772296, 0.4398890647363228]], "T": [0.02819596880984117, -0.024301683866426387, 0.029435374486442043], "aligned_model": [[-0.414879761818208, -0.7570134824573145, 0.1356404893057693, 0.2722001796092149, 0.5685927820298757, 0.5929696430986139, 0.1955870456815524, -0.2428822605023417, 0.08980143852972942, -0.17399365513643528, -0.44728795440716873, 0.5128301464694036, -0.011863838661514536], [-0.3664267614320739, 0.13544334889295112, 0.050748861943500555, -0.5237825618229356, -0.5672847390014806, -0.05681872313653496, 0.5821376779638077, -0.8872047341713537, -0.3903163026130469, 0.25052648068652017, 0.646461463604772, 0.20416200611023588, -0.014267788910302816], [-0.2870517297644569, -0.17336886678848432, -0.6101836242717203, -0.5336172850595198, 0.07814249814860372, -0.20461956990926825, -0.1023739228686297, 0.14245017143456526, 0.6495868206519566, 0.6158821261482709, 0.10815040330352946, 0.4615946536042912, 0.03211181941474093]], "inverted": true, "swapped": true, "error_lsq": 0.05187323532638734, "error_max": 0.35194411222007455, "target": "458.xyz", "model": "9.xyz", "model_rescale": 3.877068213659057, "target_rescale": 3.973335082861895},
{"mapping": [11, 10, 12, 5, 6, 0, 13, 9, 14, 3, 1, 2, 4, 8, 15], "R": [[-0.357192967467008, -0.360381562825054, 0.861706628248782], [-0.14636792709724883, 0.9327666433810116, 0.3294280178020309], [-0.9224909831046411, -0.008456841697252027, -0.385925987618274]], "T": [0.054267219022455154, -0.039215794726395414, 0.07567155800071752], "aligned_model": [[-0.5448775252608545, -0.035312531793393276, -0.4901649709805128, -0.3517212951881703, 0.13779105247910597, -0.7285938893797512, 0.7782431129796994, 0.1610185102304191, 0.5229911435323816, 0.1896029796944734, -0.36762949523252475, 0.5548161265829272, 0.38605137107591614, -0.28438792554739367, -0.034780366098736096], [0.39109985632698746, 0.5981306613557318, -0.1254712647761377, -0.6953355311107883, 0.036735180213201754, -0.15404861051105104, 0.023520587752055733, 0.5166469205759934, 0.5784425622956373, -0.5388084403334821, -0.6482199254419818, 0.08144374470486637, -0.5836291473120858, 0.20001252636754327, -0.051444038157552746], [0.05310405659062235, -0.2226164615763377, -0.4286584927483927, -0.04953091840631392, -0.5305955397171761, 0.1634664610647702, -0.18807367370214695, 0.41518018449162253, -0.015529227255996134, -0.2915514846679896, 0.5273614311168182, 0.4942971958130218, 0.3028808397599481, 0.7263676769771933, 0.08077286063898341]], "inverted": false, "swapped": false, "error_lsq": 0.03866536896497655, "error_max": 0.3240716754222859, "target": "458.xyz", "model": "10.xyz", "model_rescale": 4.260839863003843, "target_rescale": 3.973335082861895},
{"mapping": [3, 9, 6, 12, 11, 13, 5, 2, 4, 8, 1, 14], "R": [[-0.665022605097292, -0.06281530984701117, -0.7441768415897094], [-0.6322563122986391, 0.5777070052780862, 0.5162427448508611], [0.3974882265780173, 0.8138236006048545, -0.42390359379275555]], "T": [0.03473168160284787, 0.10070927625982251, -0.008070293299183663], "aligned_model": [[0.46123410663351583, 0.133261863063309, -0.36012687825728307, -0.4044298858119756, -0.8735959913749115, -0.40344991122459073, 0.3564138915378041, 0.671362178149355, 0.36890390627317926, -0.2670751799979081, 0.2478507790663274, 0.028549771037308845], [-0.08163142284042013, -0.5221731695759733, -0.457872950242582, -0.30139778263950256, 0.11317588073277124, 0.45909225161864053, 0.5966702077024184, 0.14348739778101927, -0.3548149842697309, 0.13892090697387072, 0.34350323665737376, 0.09611893363504935], [-0.6914821514781131, -0.2583505734028596, 0.22521572247891822, -0.5090543193089173, 0.06704859405629807, -0.3131740356691667, -0.4633921583008792, -0.08574787210179596, 0.38519063617265803, 0.6966879541633647, 0.5119678986631354, -0.048731617877137264]], "inverted": false, "swapped": true, "error_lsq": 0.047687004550381974, "error_max": 0.3078334666822006, "target": "458.xyz", "model": "11.xyz", "model_rescale": 3.890672605050136, "target_rescale": 3.973335082861895},
{"mapping": [5, 0, 7, 10, 13, 9, 2, 12, 3, 4, 8, 1, 6, 14], "R": [[0.0933960502502254, -0.04752405790765449, -0.9944941637423759], [-0.305577397319254, -0.9520190804711685, 0.016796567102297072], [-0.9475756603275796, 0.3023262051804657, -0.10343709980432914]], "T": [0.055771840371152376, 0.0453664229845201, 0.13281019453320342], "aligned_model": [[0.3254937645758791, 0.2848331385279485, 0.4776867938430035, 0.5751507878056922, 0.6972982764964448, -0.27987134580383255, -0.31945565980330415, 0.324016452673791, -0.056999231268359665, -0.6102321163157688, -0.011798756096310994, -0.16212408680825538, -0.10842830848976476, 0.07430612545653068], [-0.27388899247533055, 0.2403456761628516, 0.6765190296408559, -0.5886701343101824, 0.004278425625077763, -0.4222440458486114, -0.16939984128925023, -0.43716335370641013, -0.7423216072475216, 0.15833198496206513, 0.7709261613777292, 0.5462774996212414, 0.1605763572497914, 0.008585360065459076], [-0.48533279358323933, -0.4466752543782472, -0.09008363423190535, 0.025828555429421043, 0.14970300819377566, 0.4919968557690464, -0.3428387704664984, 0.6812149775220459, -0.08862708650913823, 0.2651170265776409, 0.3741170081821686, -0.1436275674130989, 0.8271550176416251, 0.1368430926232651]], "inverted": true, "swapped": true, "error_lsq": 0.04186308623472499, "error_max": 0.3193285849338539, "target": "458.xyz", "model": "12.xyz", "model_rescale": 4.124412569039231, "target_rescale": 3.973335082861895},
{"mapping": [9, 12, 11, 3, 6, 4, 10, 2, 13, 5, 1, 7, 14], "R": [[0.5295370304667614, 0.8411451473500717, -0.10984249839597968], [0.07497415514473443, 0.08257264953555676, 0.9937608533289143], [0.8449671055282436, -0.5344685197821334, -0.019338871143833522]], "T": [0.20297060161662164, 0.04173636364962556, -0.05470940986366135], "aligned_model": [[-0.12335771121662656, -0.16476286717122593, 0.5684947528087946, -0.5956081490479918, 0.4975229411790558, 0.42222713526256495, -0.4954437126573771, -0.07192045724451021, 0.0911702289018656, -0.28290770589000347, 0.6466697809440328, 0.7089649705896444, 0.16624910105153443], [-0.27513751348235427, 0.34672314850449215, 0.7455169880166922, -0.16915176043117203, -0.0068940966937498654, -0.5851387168101786, 0.48372290733898676, -0.41697108308200787, 0.6728048263290437, 0.18836330064809587, -0.17159890341647388, 0.47776946022384376, 0.05747681936325907], [0.4487106283077862, 0.5595324972258662, 0.3946705547793401, -0.056257025323121615, 0.6034879380510115, 0.12634801824480238, -0.06291056492704143, -0.4113388353654304, -0.10746385043767238, -0.6016988997952423, -0.41861527694831197, -0.47884657755036913, -0.043920525293778004]], "inverted": false, "swapped": true, "error_lsq": 0.04315777407893268, "error_max": 0.2500101592166728, "target": "458.xyz", "model": "13.xyz", "model_rescale": 3.9028299243045295, "target_rescale": 3.973335082861895},
{"mapping": [1, 11, 12, 8, 13, 2, 10, 6, 9, 5, 0, 7, 4, 3, 15], "R": [[-0.17991179776459743, -0.19374546251977523, 0.9644140401187188], [-0.5942734921459869, 0.8026827533993509, 0.05039259794703066], [-0.7838818543363054, -0.5640594766052919, -0.2595498897977803]], "T": [-0.03950541287848328, -0.03105144206576063, 0.0568086198312325], "aligned_model": [[-0.4521977509954587, -0.10897076177898743, -0.33374449848076204, -0.5127914656082606, 0.23972420327389746, -0.7319129442856044, 0.6882122788348568, -0.11562444455494988, 0.36202185525705877, 0.05256335839813887, -0.27289483159249944, 0.7113843501463706, 0.3541337806049732, -0.02230682326408904, 0.03544999113890238], [0.47051540207684406, 0.5788563008024626, -0.022223000129719513, -0.6033009430503027, -0.23372948270459074, -0.10874083304388643, -0.11324415497778229, 0.47298321425809464, 0.6271854623019886, -0.4574926138601556, -0.6706112296848257, 0.24194254775069887, -0.5057374900349925, -0.09637018422552629, 0.04904208647063063], [0.03907473533915345, -0.354340743331897, -0.5737353580781621, -0.15541291647465968, -0.659852935647665, 0.2948967096969989, -0.08111861156469127, 0.4864168372693622, 0.13646718582154935, -0.21109640440196306, 0.5297875480486733, 0.48373578123671207, 0.33802848950575387, 0.6765885127578206, 0.08743607820164165]], "inverted": false, "swapped": false, "error_lsq": 0.04438739311872933, "error_max": 0.270359834876708, "target": "458.xyz", "model": "14.xyz", "model_rescale": 3.942246331269136, "target_rescale": 3.973335082861895},
{"mapping": [10, 5, 3, 13, 1, 4, 0, 9, 2, 12, 11, 7, 8, 6, 14], "R": [[0.8597404317708311, -0.2756942846696438, 0.42992912366923725], [-0.5050837903208956, -0.3341212812331692, 0.7957721622312404], [-0.07574136738653829, -0.9013077337000936, -0.42650628886197983]], "T": [-0.08465231947359657, -0.023710839193060173, 0.0852010219426904], "aligned_model": [[-0.6474823819965577, 0.03137242446960896, -0.38483558257058775, -0.37921465928475406, 0.1862413336804245, -0.6531039842241178, 0.6409166872707853, -0.04446245857502808, 0.5085601381621457, 0.008994913470037877, -0.3564030596793073, 0.5692852840319712, 0.39803729493369217, 0.015493470944389118, -0.000353123539115513], [0.26645701197435456, 0.46843285380741717, 0.051836910689412694, -0.7680952514340613, 0.010289249532302137, -0.13907581270721822, -0.06961989292282407, 0.6592791245842986, 0.44000103763345955, -0.5626850876058188, -0.46066997244052976, 0.25469469757931107, -0.4818008795256646, -0.010625403431081159, -0.02934350378442035], [0.4138732825800104, -0.29835132444809864, -0.563436377954035, -0.056413671090595655, -0.6777551094489873, 0.0002445351330104123, -0.025068910975881112, 0.5095496882451989, -0.04017120000170911, -0.5220989150510913, 0.5845298471929643, 0.5604225239235264, 0.4801759292206176, 0.6352819081502524, 0.03609270290344491]], "inverted": true, "swapped": false, "error_lsq": 0.04609648267654406, "error_max": 0.3206299965835396, "target": "458.xyz", "model": "15.xyz", "model_rescale": 4.355366556412066, "target_rescale": 3.973335082861895},
{"mapping": [4, 1, 2, 12, 9, 6, 10, 11, 0, 8, 13, 14], "R": [[-0.5568519299544312, 0.8109842332049273, 0.1795007008316164], [0.10514880492574102, -0.1455407774772035, 0.983748753958052], [0.8239294004517099, 0.5666766764075856, -0.004229360109867408]], "T": [0.027095294243951774, -0.057964798221404816, -0.10858002325449109], "aligned_model": [[-0.18424166411252083, 0.4769714378694117, 0.15628305638853326, -0.6033631481662368, -0.6141886221318001, -0.47181216094505435, -0.13218840867166634, -0.10304831424953725, 0.6425900294578574, 0.261438077008086, 0.16235606250862958, 0.007012209676078705], [-0.6798129310138051, -0.3969155388299511, -0.5090973324479511, 0.3938799151590263, -0.23508290764057352, -0.059636342792583875, 0.4931697917039712, 0.6295891559144291, -0.0038751467959995747, -0.15293291495803416, 0.568121115862936, -0.03463043642048369], [0.09750048551917145, 0.13127874528694894, -0.5478431809822699, -0.1710017407229021, -0.2416779966100079, 0.4143332662232171, -0.7036273187721985, 0.475534371605176, -0.31960114427322805, 0.6161931928396656, -0.16559503602853037, -0.13623518287562142]], "inverted": false, "swapped": true, "error_lsq": 0.043488387011878016, "error_max": 0.2510270592435758, "target": "458.xyz", "model": "16.xyz", "model_rescale": 3.795458400668931, "target_rescale": 3.973335082861895},
{"mapping": [2, 1, 4, 5, 9, 8, 0, 3, 13, 11, 6, 12, 14], "R": [[0.17346179571206938, -0.6157267183880479, -0.7686296986790389], [0.9169761065438027, 0.38567820901424144, -0.10201538667934257], [0.35925732484684714, -0.6871192963049813, 0.6315071236250899]], "T": [-0.08572678321368488, 0.06963642501755143, -0.07237660820101458], "aligned_model": [[0.20098352515567047, -0.244787573823713, 0.4307280122601934, -0.3055909088741437, 0.5267241877242558, -0.3430915616071233, -0.5297242150774572, 0.35539776955672653, -0.5793186067644904, -0.554372390749733, 0.17548937173068868, 0.0967022023354166, -0.08050801096206833], [-0.35925441318672946, 0.22650010752042646, 0.3534997045201467, -0.6416187683989674, 0.08918601895861122, 0.7309860150516783, -0.272295844430021, -0.5868663322450446, -0.0527715399127886, 0.6256908868798989, 0.687161246131485, 0.11793867701125045, 0.04562550757053953], [-0.45579806175017223, -0.6423782117169726, -0.4280782656377461, -0.12287914813970716, 0.2189180504724708, -0.36497153023794215, -0.4073959756891786, 0.1655676618596366, 0.3212134841201749, 0.4771979135355241, 0.19739916335955807, 0.6825568465562204, -0.03907689589557023]], "inverted": false, "swapped": true, "error_lsq": 0.04709706857890934, "error_max": 0.25810749382000775, "target": "458.xyz", "model": "17.xyz", "model_rescale": 3.7474275329858107, "target_rescale": 3.973335082861895},
{"mapping": [5, 7, 13, 1, 3, 9, 10, 11, 2, 12, 4, 8, 6, 14], "R": [[0.3819068676667334, 0.3166202827629364, -0.8682734252366029], [-0.7351894170385134, -0.46522225514575405, -0.4930159981092602], [-0.5600389856997059, 0.8266316288772269, 0.055104306875483705]], "T": [-0.0302423527759029, -0.07293914698516767, -0.03337532325635762], "aligned_model": [[0.45537953292926214, 0.10897735663395985, 0.5517406943247176, -0.3908886686053833, 0.24995005410827245, -0.18799046170503744, 0.7221713132399564, 0.2558231528325705, -0.18517252185469335, 0.31900234704598823, -0.6912803643584634, -0.4464976150491691, -0.3477157450390888, 0.0013485733799844975], [-0.5389381469932639, 0.3950931793482869, 0.19490177039412837, -0.007187081724198116, -0.7766966724295381, -0.3121400565863609, -0.3254091701010329, 0.766381767932593, -0.6697521068995, 0.060851814020906045, -0.2136912643665873, 0.5218932708091703, 0.35161650320489884, -0.08651556509826897], [-0.35554143967812035, -0.6559595454886105, -0.08893371409782534, -0.5237010097150149, 0.2958992999836547, 0.5816282666299393, 0.1975672686363254, 0.17772738455285897, -0.21496028037032464, 0.6490219817113713, 0.0971818481927566, -0.2826495681521426, 0.4578607669420481, -0.010346540485261135]], "inverted": true, "swapped": true, "error_lsq": 0.03164741358284726, "error_max": 0.1795373459959911, "target": "458.xyz", "model": "18.xyz", "model_rescale": 3.922800546911778, "target_rescale": 3.973335082861895},
{"mapping": [6, 4, 8, 5, 13, 1, 7, 10, 11, 12, 0, 9, 3, 2, 14], "R": [[0.6100472160814038, 0.5551738429240083, 0.5653533393235757], [0.6528718833671774, -0.756494921155478, 0.038389297656540616], [0.4489996637637097, 0.3456840152494126, -0.823955013056611]], "T": [-0.07610518468574132, -0.036095663931667576, 0.01662902386866736], "aligned_model": [[-0.5850790071319197, -0.09983217534946218, -0.46562393470156116, -0.4078258538505889, 0.24061353229958135, -0.7151786350191663, 0.7096903226988819, 0.0009880907124102112, 0.4488244585564374, 0.24888363050085907, -0.19975937770684926, 0.4602355446571612, 0.27303372948256477, -0.034429831269536554, 0.018505803214774227], [0.42929913888041576, 0.6315245849789886, -0.05252318350087909, -0.7104484618411799, 0.13105756627032417, -0.08385739271286854, -0.17148795040500417, 0.6763270727999637, 0.43599820823543284, -0.6256338269837627, -0.6828622891952456, 0.1340567118279936, -0.5061958176914179, 0.07568543180505025, -0.0518647105188732], [0.005624593254598444, -0.26191607526374017, -0.45495971010250735, -0.11657541219167336, -0.569513278618021, 0.38715158226236124, -0.032415531347177916, 0.3869142090158778, -0.07728507665259307, -0.39011545227733346, 0.5312601623264364, 0.6049571440416287, 0.27403358411098466, 0.7229555166050786, 0.026758653214707946]], "inverted": false, "swapped": false, "error_lsq": 0.03372144214702722, "error_max": 0.19874244129067173, "target": "458.xyz", "model": "19.xyz", "model_rescale": 3.9282355846067225, "target_rescale": 3.973335082861895},
{"mapping": [7, 8, 6, 1, 0, 4, 2, 9, 5, 10, 11, 13, 12, 14], "R": [[-0.5582562611892902, 0.7578456148754439, 0.33766843331442126], [0.8256967723249521, 0.5472639331689401, 0.13684673041259848], [-0.0810850603694143, 0.35520727957985687, -0.9312641953379107]], "T": [-0.0015440815867871216, -0.06213357379469701, -0.04151003205382228], "aligned_model": [[-0.6857309171757091, -0.19397914524697482, 0.5073917040818404, -0.3821854628498008, -0.6240365158260168, 0.31490801140293034, -0.06934537416140349, 0.6554641006371977, -0.38885978546893496, 0.04658123589593732, 0.033246001815039034, -0.2389096858246743, 0.5444102775263961, 0.013568374278849328], [-0.44395086780469833, -0.7681050693479617, -0.5752184273056106, -0.255365477351894, 0.13378732843294, -0.17613287903074434, 0.4355326269057785, 0.10024127813310876, 0.5512150184812435, 0.45010045011176675, -0.7366971103995584, -0.09563502763786157, -0.05899482520043862, -0.03789493056123415], [0.06872348261167743, -0.27346841525648524, -0.03267541942155584, -0.4803516302717451, -0.06169771068681296, -0.6420846049165915, -0.4426253527137737, -0.08952682651104521, 0.13331771269530307, 0.6054074098964163, 0.5705447940376297, 0.5552017756416316, 0.5129824831800684, -0.011564541041035034]], "inverted": true, "swapped": true, "error_lsq": 0.03865862516374925, "error_max": 0.2285601881854404, "target": "458.xyz", "model": "20.xyz", "model_rescale": 4.067790424073018, "target_rescale": 3.973335082861895},
{"mapping": [7, 9, 0, 2, 12, 8, 11, 1, 10, 3, 4, 13, 6, 5, 14], "R": [[0.10537277521870927, -0.3489009531222373, 0.9312167863355459], [0.5204395172145008, 0.8172955804291716, 0.2473269963681297], [-0.8473719886591983, 0.458580482708693, 0.267702547082424]], "T": [-0.010669647578841989, -0.07764306923524064, 0.09664268188881035], "aligned_model": [[-0.5592898331258908, 0.01655996426980361, -0.5450455536308472, -0.31322640834967796, 0.26222475881956664, -0.5069958474422336, 0.59967771511672, -0.159777217577728, 0.505586679927106, 0.23239955515250582, -0.396811340234507, 0.5032634345762698, 0.2974988347075372, -0.07928972621104081, 0.03627128109600242], [0.40179813615512106, 0.6265281787727544, -0.21027927927097553, -0.7378002259373371, 0.1422582229408103, 0.03904142239237238, -0.13965802335461552, 0.6716291608106646, 0.5574893735668601, -0.6068425020189969, -0.5728283263695473, 0.19963759528180572, -0.7106561252002772, -0.012565034278505638, -0.01867749154119596], [-0.06403083737601718, -0.23115497091902304, -0.35203098163448354, -0.06575764602278887, -0.5846692375382979, 0.3520109051818106, -0.10747124780559285, 0.3960807541673403, 0.059588586784814365, -0.523526923683502, 0.5947979278173533, 0.48279255593867987, 0.3244223126692791, 0.6793280644346286, 0.07649564636442621]], "inverted": false, "swapped": false, "error_lsq": 0.04196877171133161, "error_max": 0.2852906816838188, "target": "458.xyz", "model": "21.xyz", "model_rescale": 4.186013935880536, "target_rescale": 3.973335082861895},
{"mapping": [3, 10, 5, 4, 6, 2, 9, 12, 0, 13, 11, 1, 14], "R": [[-0.5338628219756725, 0.47973335821385277, -0.6963091212450339], [-0.36855732323102863, 0.6091205043987977, 0.70223764539772], [0.7610229870410952, 0.6315283969369977, -0.14837754903365735]], "T": [0.08327969184622945, -0.011020871609268318, 0.1268917830528414], "aligned_model": [[0.07280080184031935, -0.35485394825738703, 0.2655188013649215, 0.4349156582355652, -0.2817423817482752, 0.59415252097255, -0.11110172677652007, -0.6267479236018451, 0.41975672174517253, -0.339104064845586, -0.6437655297058712, 0.5710971033042319, 0.0576480028959493], [-0.35366891358529484, 0.14511461504919831, 0.33383443486140396, -0.5278507778036925, -0.4035439384444657, -0.17551194217494062, -0.6451753741291217, -0.2791472764162396, 0.5192717905588359, 0.45115806050471263, 0.29146840823250975, 0.1785211906423902, -0.015513617749202875], [-0.6245646223355366, -0.5563816185552847, -0.5092201685842267, 0.41510451963065587, 0.611695123602265, -0.22682251299299086, -0.01591888750714751, -0.04488417502698108, -0.05160828357015104, -0.01977912654033223, 0.5859809969980847, 0.4445651337204982, 0.09471318249649316]], "inverted": false, "swapped": true, "error_lsq": 0.038991612694212446, "error_max": 0.2398545521372877, "target": "458.xyz", "model": "22.xyz", "model_rescale": 4.166573947596378, "target_rescale": 3.973335082861895},
{"mapping": [4, 3, 2, 6, 11, 1, 14, 8, 9, 12, 5, 10, 13, 7, 15], "R": [[-0.3526088217376307, -0.06222006418480954, -0.9336999959546096], [0.13002602273361477, 0.9848500805586007, -0.11473252475124679], [0.9266931812875702, -0.16186099726789077, -0.33917659901379776]], "T": [-0.002803999511133035, 0.030848816707219125, 0.0298080191422141], "aligned_model": [[-0.5717232547640392, -0.17326072194424136, -0.5481782497663203, -0.35371059326510584, 0.19367185498842984, -0.645289539977925, 0.7232658417314008, -0.029006574580108448, 0.434565100062821, 0.2632875199219, -0.21435093767218322, 0.5012201384799458, 0.3734216763060873, -0.006205063054840762, -0.05466089937223436], [0.4907168429879923, 0.47111617201659167, -0.026628571501563163, -0.6016380622353746, 0.15440805223267495, -0.2410205614346579, -0.2834346007093143, 0.7576096824005747, 0.41533222861074376, -0.3715004183413608, -0.5446521278650731, -0.044736061565511125, -0.5321063614810131, -0.007445654599003655, -0.0069454765667675], [0.09840680026621548, -0.3423959755197419, -0.3601567436151162, -0.2066925990225273, -0.7239981106693146, 0.1760900494363854, 0.034934655005281735, 0.38365997883381364, -0.1162397230210504, -0.41369141893055195, 0.5911533112329465, 0.5786138387204369, 0.5380883031417766, 0.7438889766563914, 0.055213565863681854]], "inverted": true, "swapped": false, "error_lsq": 0.042832378132781915, "error_max": 0.23681034165212717, "target": "458.xyz", "model": "23.xyz", "model_rescale": 4.274766983524099, "target_rescale": 3.973335082861895},
{"mapping": [7, 6, 11, 13, 12, 10, 5, 3, 2, 9, 14], "R": [[-0.13829409252565078, 0.4457668247513115, -0.8844018780642884], [0.9110308269583849, -0.2929919640255596, -0.29013538451551646], [-0.38845537234543204, -0.8458413840476116, -0.3655882612015779]], "T": [0.16724175178209744, 0.09519831122027983, -0.06064135972826853], "aligned_model": [[0.14073054074781532, 0.10371389682259556, -0.43878622402619105, -0.3974715702746502, -0.447032612365731, -0.4853300665937639, 0.03333118534744539, 0.029007977696657916, 0.5691595188447354, 0.13704181887403322, 0.13553023888512805], [-0.2710538059293384, 0.7994068667744152, 0.4400494161077429, -0.1380299323943809, 0.4946921229948837, -0.20745145420765282, -0.580542725465284, -0.0686374286348147, -0.19878438869090126, 0.554364059916644, 0.09157380077216982], [-0.761500862144216, -0.2103219300953787, -0.6477233241569216, -0.2612235354070953, 0.20129310408359716, 0.346488913621307, 0.22609318997046726, 0.7370136352747167, 0.3458047544552551, 0.43794237032541544, -0.03429988190557014]], "inverted": false, "swapped": true, "error_lsq": 0.0499341231957044, "error_max": 0.25544418161245325, "target": "458.xyz", "model": "24.xyz", "model_rescale": 3.7841303162186577, "target_rescale": 3.973335082861895},
{"mapping": [8, 1, 4, 5, 6, 2, 11, 0, 7, 3, 12, 10, 13, 9, 15], "R": [[0.7416972240859169, 0.6600693712819324, 0.11913711797219362], [0.13999331903116224, 0.021367122288849197, -0.9899218740444788], [-0.6559627263876242, 0.7509007066054529, -0.0765573667882265]], "T": [0.031564570560456875, 0.040666421587966954, 0.15455305613245546], "aligned_model": [[-0.42286853223738013, -0.36229657651809305, -0.40725374343549914, -0.49561267433571726, 0.24903028302214353, -0.6961763514835556, 0.745643911597108, 0.07926852175208374, 0.5219710538193809, 0.0994758640310883, -0.19187498972664302, 0.5056896588597303, 0.41415884851332424, -0.19855575403535058, 0.05244677727096593], [0.40927898820609876, 0.5633196420061628, -0.06972884700800122, -0.6170851649149526, 0.01730394524758453, -0.13360167841501663, -0.16693325138817416, 0.7713090831499232, 0.4488084418914133, -0.5569514335774848, -0.637101782633083, 0.3037902250940136, -0.6380525017532256, -0.08988523670265791, 0.024604652746337406], [0.2386548661699757, -0.19863726340031662, -0.4387055003433244, -0.08790466876047351, -0.5340609945852199, 0.24845091356862278, -0.036288867059352165, 0.08233405933825375, 0.029145191385082703, -0.38139735485697784, 0.4112180725912952, 0.7124297180846442, 0.22499621653385407, 0.6762249925557329, 0.09041552715682988]], "inverted": false, "swapped": false, "error_lsq": 0.0454091454194632, "error_max": 0.34327328963712056, "target": "458.xyz", "model": "25.xyz", "model_rescale": 4.19342608120988, "target_rescale": 3.973335082861895},
{"mapping": [4, 1, 2, 12, 9, 6, 10, 11, 0, 8, 13, 14], "R": [[-0.5568519299544312, 0.8109842332049273, 0.1795007008316164], [0.10514880492574102, -0.1455407774772035, 0.983748753958052], [0.8239294004517099, 0.5666766764075856, -0.004229360109867408]], "T": [0.027095294243951774, -0.057964798221404816, -0.10858002325449109], "aligned_model": [[-0.18424166411252083, 0.4769714378694117, 0.15628305638853326, -0.6033631481662368, -0.6141886221318001, -0.47181216094505435, -0.13218840867166634, -0.10304831424953725, 0.6425900294578574, 0.261438077008086, 0.16235606250862958, 0.007012209676078705], [-0.6798129310138051, -0.3969155388299511, -0.5090973324479511, 0.3938799151590263, -0.23508290764057352, -0.059636342792583875, 0.4931697917039712, 0.6295891559144291, -0.0038751467959995747, -0.15293291495803416, 0.568121115862936, -0.03463043642048369], [0.09750048551917145, 0.13127874528694894, -0.5478431809822699, -0.1710017407229021, -0.2416779966100079, 0.4143332662232171, -0.7036273187721985, 0.475534371605176, -0.31960114427322805, 0.6161931928396656, -0.16559503602853037, -0.13623518287562142]], "inverted": false, "swapped": true, "error_lsq": 0.043488387011878016, "error_max": 0.2510270592435758, "target": "458.xyz", "model": "26.xyz", "model_rescale": 3.795458400668931, "target_rescale": 3.973335082861895},
