[{"mapping": [3, 1, 2, 0, 11, 5, 8, 8, 12, 9, 4, 6, 7, 13], "R": [[0.792034908053543, -0.009285953944197872, -0.6104051732119922], [0.09370190119963151, -0.9861866920122118, 0.13658609815638534], [-0.6032417907739736, -0.16537708292673892, -0.7802241743924963]], "T": [-0.22134742089087422, -0.07792055273640612, -0.13447814600770916], "aligned_model": [[-0.028391368403977046, -0.643319794173899, 0.39897237913951666, -0.17011780359837989, -0.4529578381761153, -0.5766201197503067, 0.12673377817907833, 0.12673377817907833, -0.6024262444283386, -0.003962575927822787, 0.69582666567989, 0.28494847968440107, 0.2341717145874549, -0.15911169195836303], [-0.27946524527806466, -0.4365468983030091, -0.5221170693894559, -0.8205208957009335, 0.5521670471017911, 0.33180274483398764, 0.6207134826997157, 0.6207134826997157, -0.2585702408140408, -0.26256259635886264, 0.18391678823708946, 0.19620560720378993, 0.2670973105353223, 0.017769007635110926], [-0.5764600511969312, -0.2968683362114496, -0.23013924412630957, 0.06882628464164373, 0.05633084743436437, -0.6620285126219076, -0.09802139070826041, -0.09802139070826041, 0.2620876473007422, 0.5403509558184789, -0.07416953628990677, -0.6375343990100611, 0.36035462747435876, -0.01824525765185693]], "inverted": true, "swapped": false, "error_lsq": 0.06076790470740791, "error_max": 0.5098068239822218, "target": "461.xyz", "model": "0.xyz", "model_rescale": 3.8414455957264533, "target_rescale": 4.024186792579642},
{"mapping": [1, 11, 4, 0, 8, 12, 6, 10, 13, 7, 2, 5, 9, 14], "R": [[0.007052417407524174, -0.9980464151995234, 0.06207750410648455], [0.9947069208851247, 0.0006378188633503323, -0.10275083810038839], [0.10251051142173043, 0.062473564765251795, 0.9927681747284094]], "T": [-0.001692197748342457, 0.0005847667727003694, -0.08870913246649557], "aligned_model": [[-0.14882852988303352, -0.7237146635010476, 0.3912062013009814, -0.11592269741550151, -0.5080877923165841, -0.6485387841415468, 0.3797154611370771, -0.08328854044165676, -0.6286908461764688, 0.20927955254801944, 0.7102397603286902, 0.4463166947553119, -0.02861121181399822, -0.020595245348025624], [-0.5094316767549693, -0.3174383894707922, -0.36782417223646285, -0.7008572017135266, 0.574478108543285, 0.25356644898027675, 0.6758671971607743, 0.48845234707789004, -0.12526648845093385, -0.3211625445504229, 0.10610699141881635, 0.2970609786575484, 0.17428240417055224, -0.017231477729879128], [-0.7718870143289569, -0.4109050870830684, -0.16435922520148016, 0.054287116781955594, 0.10753645748099656, -0.40474600690673657, 0.003751728098190507, -0.5616875266417736, 0.31857597291702866, 0.42599912506232274, 0.07445543106605372, -0.47043242623641124, 0.5705436092324516, -0.1746699100959289]], "inverted": false, "swapped": false, "error_lsq": 0.03626110109402809, "error_max": 0.2694651066195836, "target": "461.xyz", "model": "1.xyz", "model_rescale": 4.316132596720782, "target_rescale": 4.024186792579642},
{"mapping": [9, 2, 3, 4, 8, 12, 5, 6, 0, 10, 11, 13], "R": [[0.5723754506476741, -0.4158591192100777, -0.7067160225052852], [-0.0673357999129611, 0.8351096060745726, -0.545946733566613], [0.817222266917608, 0.36007379634151543, 0.44999403067402505]], "T": [-0.055304570350178814, -0.019982483087330992, -0.0292445279482349], "aligned_model": [[-0.10432268199806137, 0.4774001554142023, 0.10601074918080956, -0.5499593916797961, -0.5147570874425127, -0.5862035695116162, -0.2681027951127661, -0.21958089735098318, 0.47481938382300687, 0.315595927272215, 0.42857529109102316, 0.03833347094625937], [-0.5703579593132825, -0.3518715106142858, -0.6877567206729586, 0.41822282822055856, -0.18594921830036445, -0.16955062040580285, 0.49708874583897134, 0.5823890773065602, 0.0774162398339717, -0.006557864292283968, 0.36319728178120136, 0.046506148358695605], [0.20576718412273298, 0.026299642187015262, -0.4217488475064657, -0.10577906194484982, -0.4552531076136535, 0.3486952435492066, -0.7325224302868316, 0.5115267373579888, -0.4716950620664508, 0.6070106075899389, 0.06370917427266248, -0.12675161845187244]], "inverted": false, "swapped": true, "error_lsq": 0.038921425693748034, "error_max": 0.20583195313557093, "target": "461.xyz", "model": "2.xyz", "model_rescale": 3.795458400668931, "target_rescale": 4.024186792579642},
{"mapping": [3, 8, 5, 6, 2, 11, 4, 9, 12, 10, 0, 13], "R": [[0.8143555106478357, -0.1247144777396133, 0.566808081558157], [0.553925869082548, -0.12440260151175622, -0.8232193658425748], [0.17317977317991481, 0.9843628862260312, -0.03222536861093414]], "T": [0.07132332522631128, -0.019428430206399974, 0.054250962535852904], "aligned_model": [[0.059368668489266585, -0.2779161145628994, -0.8117086179521362, 0.24339900038026824, 0.3379729533913181, 0.030037154050313083, -0.25904142446876327, 0.5291731096574487, 0.41000189255388114, 0.6657268995263249, -0.29949809353096, -0.03421160179049702], [-0.08662146904586024, -0.523279449632573, -0.08865592440723094, 0.030341416521991574, 0.3867211784131461, 0.5621268797872225, -0.35742341094264884, -0.22687464042720082, -0.5560375875318118, 0.36109953950760804, 0.49794757462757755, 0.08642493841948923], [-0.7340046351506707, -0.15620294340847982, 0.20494167073118488, 0.8605912716746696, -0.34693512582983155, 0.2771763239406949, 0.5224211742891982, -0.274209217200417, 0.26498844424835566, 0.26508466987349455, -0.23051901159991392, 0.03543880907081542]], "inverted": false, "swapped": true, "error_lsq": 0.04901123503573062, "error_max": 0.2416765944669347, "target": "461.xyz", "model": "3.xyz", "model_rescale": 3.7530521520055578, "target_rescale": 4.024186792579642},
{"mapping": [7, 10, 6, 12, 4, 2, 5, 0, 1, 8, 13], "R": [[0.2307880845654492, -0.30959503493093227, -0.9224357833305935], [-0.24695652539861895, 0.8983471184426348, -0.3632973015986437], [0.941142568682159, 0.3116462243184239, 0.13087129663305935]], "T": [0.0014312348928718424, 0.11940614159591743, -0.0702524794424392], "aligned_model": [[-0.29547521639423385, -0.12515730042710518, 0.1958809817769451, 0.6480644636519188, 0.32648482816237434, -0.389847344716812, -0.16069515258692302, -0.6543231450004087, -0.3893935255565855, 0.31491133827684287, -0.13225032474080792], [-0.6953668180433418, 0.22882527874872383, -0.4817905145877128, 0.14250366130885506, -0.434460604737419, 0.5796037468633606, -0.4640244838306943, 0.14376341823836708, 0.22966980448252994, 0.1431500002339291, 0.07532986963774861], [-0.12619522446691533, -0.7875883785687198, -0.6022521470132769, -0.23876009926668243, 0.10334651486878116, -0.24949824236375492, 0.5935014568625031, 0.1656994425284381, 0.754563390974918, 0.4965731873790752, -0.01655912368904988]], "inverted": true, "swapped": true, "error_lsq": 0.05591787816905012, "error_max": 0.25615121638233385, "target": "461.xyz", "model": "4.xyz", "model_rescale": 3.7855080009869324, "target_rescale": 4.024186792579642},
{"mapping": [5, 0, 7, 4, 14, 2, 15, 9, 1, 6, 8, 10, 13, 16], "R": [[-0.14359588020760722, -0.9690871892830362, -0.20062463147606657], [-0.9731614343203496, 0.1751102221896066, -0.149309185371384], [0.1798250425801763, 0.17379997023075583, -0.9682233855928218]], "T": [-0.08997377798528103, 0.04003874921091688, -0.026417575965752366], "aligned_model": [[-0.04950882617404012, -0.5996172576346579, 0.3909789203788563, -0.18918655228279327, -0.34505512618338163, -0.7024777605984955, 0.37474976527909043, -0.13095409846225994, -0.7326501508728338, 0.1799216517133118, 0.5782521663162851, 0.4265564506516474, 0.1414665705379421, -0.11199639363645364], [-0.42189736882067674, -0.43300395998276103, -0.5040887701573113, -0.692422091325733, 0.6636006959691949, 0.31751818750080335, 0.720576379498639, 0.5529609091530112, -0.3135978180144878, -0.3827005112816412, 0.18881105165322853, 0.13839508902553044, 0.28855153615139845, 0.08789919573296137], [-0.689803478101243, -0.37992571201087066, -0.21075209926060912, -0.0007519109269672614, 0.035237941948988605, -0.3324073146629376, -0.041205029567886436, -0.5185003844675156, 0.1606978885007131, 0.39134436908546877, 0.1368330391997464, -0.5308844503954211, 0.6135389840271289, -0.03695959922395112]], "inverted": true, "swapped": false, "error_lsq": 0.03782874380104743, "error_max": 0.2584504438537385, "target": "461.xyz", "model": "5.xyz", "model_rescale": 4.2253639853439635, "target_rescale": 4.024186792579642},
{"mapping": [6, 7, 2, 3, 9, 12, 8, 11, 0, 4, 10, 5, 1, 13], "R": [[-0.9989977888608003, -0.03064824503842184, 0.03262059054182537], [-0.03033002255779918, 0.9994878334869702, 0.010205902369044766], [-0.03291667636435927, 0.009206290653022628, -0.9994156976101268]], "T": [-0.030587330145885393, 0.0551251295229648, -0.06534525843929848], "aligned_model": [[-0.09031836080591993, -0.6737064678462692, 0.4604725898352047, -0.20616451727489432, -0.35549156920633695, -0.7776818118267272, 0.23795878489622513, -0.1057118251098246, -0.6759464291842213, 0.16448175439850535, 0.7174020795948645, 0.4584700151319884, 0.11692416111668442, -0.04020904468706165], [-0.28606689931189966, -0.33566288749467144, -0.3809068742298595, -0.627859404978108, 0.5026335369766909, 0.27044744533510334, 0.7411414660181808, 0.38545600821858406, -0.10616725770228957, -0.4398742294660856, 0.1583507557714038, 0.15116544146257932, 0.18257909646096648, -0.004633671958439049], [-0.6073214309404042, -0.316490070262777, -0.20285110823738975, -0.1409379147662213, 0.19305344160418483, -0.5819010639669917, -0.009403809082284185, -0.7659104657182368, 0.382492936044162, 0.4013827127194576, 0.13053426420266048, -0.4556533905131578, 0.6422574748903052, -0.07278933182866379]], "inverted": false, "swapped": false, "error_lsq": 0.04376175868090174, "error_max": 0.34058432886920026, "target": "461.xyz", "model": "6.xyz", "model_rescale": 3.89814844738969, "target_rescale": 4.024186792579642},
{"mapping": [5, 1, 0, 4, 11, 3, 8, 7, 12, 9, 2, 10, 13], "R": [[-0.3672742699272793, -0.15005525799233665, 0.9179286629135391], [-0.36977218457973093, 0.9291141260761744, 0.00393347643191419], [-0.8534507262639816, -0.3379798222890833, -0.3967259728892505]], "T": [-0.1299175351682833, 0.06463324602644513, 0.09830882056893632], "aligned_model": [[0.05312880339475631, -0.050246973077678725, 0.3770044917678369, -0.2557411799280481, 0.48060214006821655, -0.3801259232703654, -0.5706656705783844, 0.4557317475114714, -0.6650495677660339, -0.5139741467877661, 0.09142297413215408, 0.13612741151044477, -0.009582306072380656], [-0.45217835917350346, 0.2659804729706775, 0.3204500948111825, -0.5799260161767305, 0.04614803355875174, 0.7082774869505122, -0.06431713632440397, -0.5736085612341439, -0.14778145961707848, 0.46672576531802834, 0.64785876613377, 0.25503413548615433, 0.07111804276726878], [-0.6134814229948254, -0.7951872256248484, -0.3064975425742724, -0.007882468831962655, 0.22688123727942222, -0.2878550814454287, -0.3591163237250682, 0.029024475601835756, 0.4382743282388275, 0.3249551748570742, 0.18700029658929113, 0.7582600192682762, 0.007899564197973927]], "inverted": true, "swapped": true, "error_lsq": 0.04638908690155042, "error_max": 0.2441736743922046, "target": "461.xyz", "model": "7.xyz", "model_rescale": 3.7474275329858107, "target_rescale": 4.024186792579642},
{"mapping": [0, 6, 12, 10, 8, 3, 4, 2, 5, 11, 13, 1, 9, 14], "R": [[-0.6256726039134324, -0.7797157150445702, -0.024024912585066123], [-0.7741489756753972, 0.6168240584680411, 0.14220212500433332], [-0.09605808749355069, 0.10757083530190453, -0.9895460369379143]], "T": [-0.017492783315850982, -0.043522371313216825, -0.09069671558143605], "aligned_model": [[-0.26052345231289703, -0.7207354278570295, 0.5242978324706468, -0.0809500709300359, -0.26466437775621005, -0.6183086314526649, 0.275542825232115, 0.02933125275073252, -0.674059389496257, 0.1766588729956921, 0.8107873655121555, 0.22987108139786766, -0.2180687924066102, 0.021300270884712327], [-0.3297229636301157, -0.43084081837042665, -0.33861007871385473, -0.7989225435820172, 0.5594254842651196, 0.18730407521375766, 0.6694526314265495, 0.6490419212304273, 0.06093616318547546, -0.3384055904089483, 0.2351523457770127, 0.03780077782807687, 0.04990681783928221, -0.0019156969581826597], [-0.6322117684758741, -0.2402704494576273, -0.0960625692953087, -0.06605707124188541, 0.11072424214595836, -0.40672520353146735, 0.04355164916346185, -0.5668812451388372, 0.1758181437435497, 0.4209955523268159, 0.12002638662784895, -0.795678618822568, 0.6382619192394492, -0.10902872313887217]], "inverted": true, "swapped": false, "error_lsq": 0.049901614503550136, "error_max": 0.32333968881903885, "target": "461.xyz", "model": "8.xyz", "model_rescale": 4.019505241142653, "target_rescale": 4.024186792579642},
{"mapping": [4, 5, 8, 12, 6, 9, 3, 7, 11, 0, 1, 2, 13], "R": [[0.7651521468523506, -0.29405191278052745, 0.572778896920402], [-0.3254034464160044, -0.944249056969511, -0.05006311489286475], [0.5555670879631245, -0.1480783272538647, -0.8181796989475307]], "T": [0.17833006419243302, -0.10604064949710598, -0.010243157904069235], "aligned_model": [[-0.2252574933742562, -0.7166195660337096, -0.12296401308115501, 0.48073148935839, 0.20574011969675368, 0.6889694264523679, 0.30556996113520873, -0.3984644072401571, 0.09212703016822293, -0.14251479393763838, -0.43086740756472686, 0.5066882631618677, 0.0765621630000086], [-0.5015195830123657, -0.0977926949911496, 0.17329034985051703, -0.3613540447081809, -0.9309514072445272, 0.14130972154134125, 0.6733278641840471, -0.6726398836289849, -0.33074267732859586, 0.2281966944072726, 0.5802997141058919, 0.23322979720699136, -0.07127562226819872], [-0.36135328099958197, -0.08925378230230915, -0.5115623719898823, -0.5491599364278624, 0.02204771348346189, -0.20674170896464095, -0.05922717650955661, 0.3082084913333965, 0.5656777384723942, 0.5109327894569439, 0.0448806529210197, 0.406993301964022, 0.09526106360647438]], "inverted": false, "swapped": true, "error_lsq": 0.047965740053934273, "error_max": 0.23038668528199202, "target": "461.xyz", "model": "9.xyz", "model_rescale": 3.877068213659057, "target_rescale": 4.024186792579642},
{"mapping": [10, 6, 11, 12, 4, 13, 7, 2, 3, 0, 8, 9, 1, 15], "R": [[0.5196355774057263, -0.6222580233620337, 0.5854688882048238], [0.8335346846276482, 0.5196905255739712, -0.18746116171446467], [-0.1876134222727802, 0.5854201140977517, 0.7887233315890123]], "T": [-0.13105348885629778, 0.011935391628651357, -0.14683507213896846], "aligned_model": [[0.004266182999616397, -0.5656211534537376, 0.3780677615178476, -0.22839151650510597, -0.4045982731717419, -0.6798238087066708, 0.19855915996848358, -0.053927422948460646, -0.6932485303341359, 0.3023744359583921, 0.6193093055256467, 0.3063397941010818, 0.13195937208637729, -0.08478594800537512], [-0.446912363882256, -0.3819017326278992, -0.5207863107019266, -0.6676321357140551, 0.5495851789873231, 0.2762639306470957, 0.68558498783478, 0.5926977285151428, -0.007603830611028501, -0.39812225976170346, 0.1770929883989657, 0.15163345676432144, 0.23908525532606728, -0.03838236807267103], [-0.6706271140136886, -0.3374861659425581, -0.18755873291721903, 0.14796740388233248, 0.1600796340449535, -0.6228813466495093, 0.17540442370665182, -0.4584791575332307, 0.14696128056171676, 0.38019338265341557, -0.07611321664526671, -0.6209836464495625, 0.6482333429074534, -0.08824784346084438]], "inverted": true, "swapped": false, "error_lsq": 0.03729247304027868, "error_max": 0.19821132351573417, "target": "461.xyz", "model": "10.xyz", "model_rescale": 4.260839863003843, "target_rescale": 4.024186792579642},
{"mapping": [7, 6, 10, 11, 2, 0, 5, 4, 12, 9, 8, 13], "R": [[-0.6153982136526304, 0.7111522914672573, 0.3399227220619724], [-0.7881882190170805, -0.551566310401947, -0.2730090413013209], [-0.006661083683204866, -0.4359323612333141, 0.8999547801938235]], "T": [-0.056130441818747025, 0.06215815491975244, 0.09121172183014142], "aligned_model": [[0.2694554339891301, 0.3099255773757834, -0.43926493690136614, -0.3223083316229309, -0.6837639442116475, -0.4416450193120207, 0.4314589156427645, 0.587493204749754, 0.3126661050597059, -0.2821873536839564, 0.3173115979613804, -0.10024259995246668], [-0.08380456092381505, -0.610976456869532, -0.5663600754721707, -0.14059519361192174, 0.07896224271624222, 0.4489219033515182, 0.6137035324967163, 0.03704276084791494, -0.2488072038284974, -0.021081715855636167, 0.5296503122142411, 0.13642296046787417], [-0.7011434575900994, -0.21727580626116355, 0.06399426846243528, -0.4357107145001186, 0.14416090112363647, -0.34246178046807546, -0.42386095568925136, -0.07516928843136833, 0.554193901357791, 0.6412261229345635, 0.3404445615629993, -0.03221967510584464]], "inverted": false, "swapped": true, "error_lsq": 0.04451382072375812, "error_max": 0.23595688496983466, "target": "461.xyz", "model": "11.xyz", "model_rescale": 3.890672605050136, "target_rescale": 4.024186792579642},
{"mapping": [8, 3, 5, 7, 2, 0, 11, 1, 4, 12, 9, 6, 10, 13], "R": [[0.9838568785368433, -0.09485193431789203, -0.15175227547517522], [0.03284328427122851, -0.7378749474762863, 0.6741378794913895], [-0.17591748416237213, -0.6682392329420821, -0.7228480935320777]], "T": [0.015833353903215927, 0.08669409487088231, -0.1821675288633547], "aligned_model": [[-0.040489474246809085, -0.7306706837182513, 0.4647174438853071, -0.15202138542916627, -0.29650737115453596, -0.4686182961493109, 0.2021528462615017, -0.31284505444135446, -0.5891856282973534, 0.1267019457670373, 0.7734102005404273, 0.3170930883572098, -0.005087572039476046, -0.05817070030300772], [-0.37057048581634, -0.41375266122508403, -0.5430580211645235, -0.7178651600377306, 0.5566706326548168, 0.14536615712665427, 0.5447864557867426, 0.6567498089617532, 0.08711499066968131, -0.3156994746956982, 0.04494477603273228, 0.3029319783684314, 0.2617217541842326, -0.028738225743511592], [-0.7361782581062588, -0.3951180445469441, -0.09917639713870374, 0.04470988759971445, 0.2504170976199637, -0.5146712545857209, 0.05907633019452094, -0.597264237005765, 0.1713984449645224, 0.43501940979840253, -0.00851635024031458, -0.6232367910872902, 0.6944556158091733, -0.0844532091306557]], "inverted": true, "swapped": false, "error_lsq": 0.044427023898427107, "error_max": 0.2970467580704766, "target": "461.xyz", "model": "12.xyz", "model_rescale": 4.124412569039231, "target_rescale": 4.024186792579642},
{"mapping": [9, 12, 6, 3, 10, 2, 8, 0, 4, 1, 11, 7, 13], "R": [[0.6593487680158898, 0.5763669759335085, -0.48276320403401773], [-0.4991755779911006, 0.8157596595276833, 0.2921642007921723], [0.5622125438418986, 0.048345495555850576, 0.8255784448532317]], "T": [0.07414582043902859, 0.12719716942819592, 0.05880366574663438], "aligned_model": [[-0.21051192707672797, -0.08488622676971158, 0.7035721902249568, -0.5240604865321682, 0.5978288149941651, 0.12615309581063394, -0.48755082639349556, 0.16212781839642762, 0.1037274426240462, -0.42843261049424375, 0.6234680803724558, 0.6718942016631255, 0.11396874069029407], [-0.13364300607657076, 0.49206768939813916, 0.6076504442248234, -0.3845555913998192, -0.1627395833636564, -0.4990687627819348, 0.40967468395170675, -0.2671154974633314, 0.780507926785251, -0.05828914950169878, -0.060711057640189414, 0.5391229664878695, 0.08458431388788805], [0.5186719235475972, 0.5960570114863623, 0.2938757090024089, -0.020335652263487318, 0.48805976368737686, 0.10458610497723514, -0.09876604369658218, -0.5095774404846727, -0.06315863977278674, -0.6883462757486308, -0.1704176164487148, -0.4188489462600608, -0.08010181705820585]], "inverted": false, "swapped": true, "error_lsq": 0.047244857114145423, "error_max": 0.30354374325366557, "target": "461.xyz", "model": "13.xyz", "model_rescale": 3.9028299243045295, "target_rescale": 4.024186792579642},
{"mapping": [4, 0, 5, 8, 6, 3, 9, 7, 2, 12, 14, 10, 1, 15], "R": [[-0.43756580343840307, -0.4877481250816691, -0.7554058075899478], [0.8881651411413964, -0.36557060290195836, -0.2784256029088954], [-0.14035259072275091, -0.7927546283518092, 0.593162076926869]], "T": [-0.04521474607080275, -0.03332919989768297, -0.041585692716487196], "aligned_model": [[-0.13606935997488595, -0.6683393679308741, 0.15173639353634658, -0.23226310270427394, -0.3518099672702525, -0.551353569153985, 0.22449484167787462, 0.07044166105270563, -0.6367289086100957, 0.30626958784623437, 0.7867081508399003, 0.4572513775181104, -0.17490916603565795, -0.014949211758929635], [-0.17162775691734605, -0.4533877379677014, -0.4685311537092936, -0.7691641857225598, 0.5399379634106317, 0.17717107039323204, 0.6932991218592656, 0.641474305003751, -0.246283665448275, -0.3945482021738834, 0.2578763021394892, 0.10054349716300363, 0.23068187586632233, 0.07316109120552038], [-0.6988392375082422, -0.39156131968349567, -0.2257360162599295, 0.1000721537814911, 0.1059690159828132, -0.3385748730136385, -0.030933145566575795, -0.6347903632149515, 0.34170422454365273, 0.4382266501493138, 0.0368636665029143, -0.5754007334152321, 0.5377900619080211, -0.0683278400614969]], "inverted": true, "swapped": false, "error_lsq": 0.042033646753306245, "error_max": 0.2292123121496947, "target": "461.xyz", "model": "14.xyz", "model_rescale": 3.942246331269136, "target_rescale": 4.024186792579642},
{"mapping": [5, 9, 1, 2, 11, 10, 13, 4, 6, 0, 12, 3, 8, 14], "R": [[-0.46072465931379564, -0.8836339440821124, -0.08320962183592301], [0.2619033313369814, -0.22493347456776677, 0.9385156242990647], [-0.8480208920390926, 0.41060441410774207, 0.3350590720760439]], "T": [-0.11584809576145316, 0.0368044717192119, -0.11437044364115587], "aligned_model": [[0.011225579822438186, -0.7914686901506909, 0.5807919704130087, -0.10960233939276327, -0.3980762507320246, -0.6406852676642619, 0.2951536428552734, -0.09595899078501957, -0.5798524888582187, 0.1375319822254933, 0.6770572860947496, 0.3550015892706514, -0.15582957988999901, -0.054809084176418985], [-0.4661494912038891, -0.3697759877671291, -0.33960151938392297, -0.7199975519377649, 0.6344212103177604, 0.2968532276656233, 0.7228811600095224, 0.49052176360158434, 0.07819042269657489, -0.45663616703591114, 0.21184576880202216, 0.05102326702402702, 0.10523595487508491, -0.028209532561426047], [-0.47997836251417747, -0.2768248942830833, -0.28656969986117165, -0.015074894115641474, 0.1636808590806462, -0.5217045860389509, 0.031595974222489026, -0.4850576695780191, 0.19510736749725596, 0.3683638051671533, -0.020893933748107787, -0.6571837913638278, 0.6554084462537004, -0.07440637657362173]], "inverted": false, "swapped": false, "error_lsq": 0.04652686282550252, "error_max": 0.2760319673499241, "target": "461.xyz", "model": "15.xyz", "model_rescale": 4.355366556412066, "target_rescale": 4.024186792579642},
{"mapping": [9, 2, 3, 4, 8, 12, 5, 6, 0, 10, 11, 13], "R": [[0.5723754506476741, -0.4158591192100777, -0.7067160225052852], [-0.0673357999129611, 0.8351096060745726, -0.545946733566613], [0.817222266917608, 0.36007379634151543, 0.44999403067402505]], "T": [-0.055304570350178814, -0.019982483087330992, -0.0292445279482349], "aligned_model": [[-0.10432268199806137, 0.4774001554142023, 0.10601074918080956, -0.5499593916797961, -0.5147570874425127, -0.5862035695116162, -0.2681027951127661, -0.21958089735098318, 0.47481938382300687, 0.315595927272215, 0.42857529109102316, 0.03833347094625937], [-0.5703579593132825, -0.3518715106142858, -0.6877567206729586, 0.41822282822055856, -0.18594921830036445, -0.16955062040580285, 0.49708874583897134, 0.5823890773065602, 0.0774162398339717, -0.006557864292283968, 0.36319728178120136, 0.046506148358695605], [0.20576718412273298, 0.026299642187015262, -0.4217488475064657, -0.10577906194484982, -0.4552531076136535, 0.3486952435492066, -0.7325224302868316, 0.5115267373579888, -0.4716950620664508, 0.6070106075899389, 0.06370917427266248, -0.12675161845187244]], "inverted": false, "swapped": true, "error_lsq": 0.038921425693748034, "error_max": 0.20583195313557093, "target": "461.xyz", "model": "16.xyz", "model_rescale": 3.795458400668931, "target_rescale": 4.024186792579642},
{"mapping": [5, 1, 0, 4, 11, 3, 8, 7, 12, 9, 2, 10, 13], "R": [[-0.3672742699272793, -0.15005525799233665, 0.9179286629135391], [-0.36977218457973093, 0.9291141260761744, 0.00393347643191419], [-0.8534507262639816, -0.3379798222890833, -0.3967259728892505]], "T": [-0.1299175351682833, 0.06463324602644513, 0.09830882056893632], "aligned_model": [[0.05312880339475631, -0.050246973077678725, 0.3770044917678369, -0.2557411799280481, 0.48060214006821655, -0.3801259232703654, -0.5706656705783844, 0.4557317475114714, -0.6650495677660339, -0.5139741467877661, 0.09142297413215408, 0.13612741151044477, -0.009582306072380656], [-0.45217835917350346, 0.2659804729706775, 0.3204500948111825, -0.5799260161767305, 0.04614803355875174, 0.7082774869505122, -0.06431713632440397, -0.5736085612341439, -0.14778145961707848, 0.46672576531802834, 0.64785876613377, 0.25503413548615433, 0.07111804276726878], [-0.6134814229948254, -0.7951872256248484, -0.3064975425742724, -0.007882468831962655, 0.22688123727942222, -0.2878550814454287, -0.3591163237250682, 0.029024475601835756, 0.4382743282388275, 0.3249551748570742, 0.18700029658929113, 0.7582600192682762, 0.007899564197973927]], "inverted": true, "swapped": true, "error_lsq": 0.04638908690155042, "error_max": 0.2441736743922046, "target": "461.xyz", "model": "17.xyz", "model_rescale": 3.7474275329858107, "target_rescale": 4.024186792579642},
{"mapping": [9, 6, 5, 4, 1, 2, 11, 7, 0, 8, 10, 12, 3, 13], "R": [[-0.914751209055706, 0.0476525601380782, 0.40119753120303603], [-0.17290549893502474, 0.8513126296706097, -0.49534886191586386], [-0.36514916673758746, -0.5224902296460655, -0.770499867589377]], "T": [-0.03499049343090292, 0.07055080005153017, -0.095427331425562], "aligned_model": [[-0.09793319954328124, -0.5412538101378156, 0.4695205746758299, -0.17679928713632925, -0.4003315600127784, -0.7068367900046681, 0.3195615218449664, -0.05789245611983032, -0.7063331673323177, 0.08370186413098417, 0.6108398230937967, 0.4711031071496736, 0.10186224720742242, -0.1387295087834348], [-0.25387726211046935, -0.4011120843648305, -0.4329621772409974, -0.7455551320854442, 0.588987219281555, 0.16558901645350477, 0.6951881010197608, 0.6036540093595734, -0.18955158562414073, -0.33463986872251483, 0.042250619068708, 0.09224500691275209, 0.33112932893936087, 0.04925733421533854], [-0.6772424344309204, -0.43635311379070807, -0.2185662794725214, -0.03986479387319902, 0.18073928693090072, -0.30380922846302116, -0.01889124510676668, -0.6271187366285771, 0.3297645710674092, 0.48645504278209795, 0.1465265329316797, -0.6455505468542059, 0.5160948177821896, -0.09572162872971343]], "inverted": false, "swapped": false, "error_lsq": 0.03809666788915796, "error_max": 0.20708718502596107, "target": "461.xyz", "model": "18.xyz", "model_rescale": 3.922800546911778, "target_rescale": 4.024186792579642},
{"mapping": [8, 5, 13, 12, 2, 1, 10, 6, 3, 7, 11, 4, 9, 14], "R": [[0.5592829160077519, -0.44095084750464664, 0.7019722002663636], [0.5638403680742179, -0.41840498114329283, -0.7120542894220997], [0.6076896076055575, 0.7940400631198749, 0.014619130233669037]], "T": [-0.12878854168423884, -0.012809883252621937, -0.16663742908927057], "aligned_model": [[-0.10661472428755103, -0.7178643515870107, 0.42990489645394425, -0.2011787495070305, -0.3659452136443696, -0.6564102436893854, 0.24859022370577075, -0.036838536805887584, -0.4211905917087889, 0.18408012401734272, 0.5177646741504704, 0.47759666836010084, -0.02299056621897616, -0.09842425020641195], [-0.23816642582979158, -0.45217948464787683, -0.40257020229717083, -0.7776276446539309, 0.5396000571492406, 0.399288280514668, 0.6904746899111753, 0.43349479384201806, -0.24441003582159007, -0.36447323935922465, 0.07951451904920133, 0.2392670194214213, 0.35204318158970155, -0.043652983765685285], [-0.735068079706689, -0.37273877246888865, -0.2547412468261479, 0.0019671207395426382, 0.22288655409763394, -0.4825068117914656, -0.05011822961624968, -0.6844454086718876, 0.35298902718155534, 0.478852385743317, 0.1174202351308867, -0.4709749904744993, 0.5533849423531718, -0.08044448154563584]], "inverted": false, "swapped": false, "error_lsq": 0.04309937546529596, "error_max": 0.2632113282450261, "target": "461.xyz", "model": "19.xyz", "model_rescale": 3.9282355846067225, "target_rescale": 4.024186792579642},
{"mapping": [7, 12, 5, 2, 11, 9, 4, 8, 10, 1, 3, 6, 0, 13], "R": [[0.2955344896920068, -0.05392090704751307, 0.9538091534398583], [0.8092999337881984, -0.5163920367735904, -0.2799515699674522], [0.5076346940201224, 0.8546530290942618, -0.10897347056554707]], "T": [-0.031063190366950287, 0.034260991356058895, -0.21058469421542583], "aligned_model": [[-0.16397494127322568, -0.798930003166647, 0.5090195434051015, -0.08020861001046184, -0.40725651784367006, -0.6110522045927607, 0.17464639035872437, -0.07188153516842827, -0.6522091399535284, 0.22955749148985413, 0.6140209276500486, 0.4817058967513782, 0.04052713295030846, -0.03348507156447614], [-0.41925323257583835, -0.19347329584564116, -0.4082587231846948, -0.7378520630753451, 0.48894376082702695, 0.3395496796870925, 0.6051873494704555, 0.6639212881973894, -0.27993798915685475, -0.28980318704621055, 0.15128764314448956, 0.018650125087250058, 0.2898554042125413, -0.01821423463950439], [-0.6164875046788422, -0.49573728056374344, -0.19727698319251963, 0.0725095820681986, 0.19574685862554994, -0.4315742536798376, -0.03424834813864197, -0.6354180173405561, 0.2970481051073717, 0.41276116866614443, 0.15890997772853774, -0.6151439830807759, 0.5442287330106133, -0.05885581038685478]], "inverted": true, "swapped": false, "error_lsq": 0.045852443716126005, "error_max": 0.32342771231004247, "target": "461.xyz", "model": "20.xyz", "model_rescale": 4.067790424073018, "target_rescale": 4.024186792579642},
{"mapping": [0, 2, 8, 4, 11, 3, 10, 12, 6, 5, 1, 7, 13, 14], "R": [[-0.18351633440865145, -0.9809769830991153, 0.0632922873261102], [-0.738606191128596, 0.09511481105589303, -0.6673934874901839], [0.6486776159477992, -0.16922568170215968, -0.7420107945446074]], "T": [-0.05821585305719724, 0.0076936612051881105, -0.09618031943380903], "aligned_model": [[-0.09555404399278601, -0.5697277666162972, 0.30502408629089006, -0.20912721332287093, -0.4025813459540935, -0.7896187654159017, 0.29429978673612034, -0.15755950393269486, -0.6707734713673694, 0.18700165432971333, 0.7423502226677869, 0.5293880828458826, 0.09710325832299227, -0.02974562155915482], [-0.2260841650880616, -0.44563336211290294, -0.4261654727014302, -0.7532576564600807, 0.5257056192740952, 0.2405019068264947, 0.7036493676786784, 0.6457306802603977, -0.1769825484825764, -0.29787055512189936, 0.10495127650654132, -0.08914331245611595, 0.325418304257475, 0.07978244272154088], [-0.7658159046234104, -0.3904116973587326, -0.166826586944914, 0.105441475574901, 0.08019505463707069, -0.46305239143542, 0.15414986228977387, -0.508555716667394, 0.2756055927803336, 0.3453680976500363, 0.05527929875867213, -0.5456335119378957, 0.508013796653532, -0.0872951252319089]], "inverted": true, "swapped": false, "error_lsq": 0.035720407532473415, "error_max": 0.31701021581994115, "target": "461.xyz", "model": "21.xyz", "model_rescale": 4.186013935880536, "target_rescale": 4.024186792579642},
{"mapping": [7, 5, 4, 10, 2, 6, 11, 0, 12, 8, 3, 9, 13], "R": [[0.5258417083661542, 0.6197886009366489, 0.5825397736563194], [-0.6769666866796846, -0.10969998093909818, 0.7277925661257413], [0.5149821383975315, -0.7770637067389988, 0.3618914102331705]], "T": [0.019892305381514583, 0.017628611348917085, 0.08055105222453086], "aligned_model": [[0.05757726800099032, -0.46035125271318494, 0.2040492312345395, 0.4676334083017969, -0.18003975186644106, 0.6741254374231954, -0.010441831652937009, -0.56430661123902, 0.5367834612835027, -0.22787700054135984, -0.5083155485481041, 0.1626552158115997, -0.0929179900713525], [-0.4097374335125397, 0.15710685190756285, 0.2671681445535454, -0.4746431045296156, -0.3060588007916654, -0.25221593637286577, -0.5912123064479865, -0.3620964610041966, 0.43825747857142905, 0.5975866367907438, 0.2796806860445641, 0.24128219174356752, -0.06616128740644983], [-0.675144729547432, -0.6658787793621018, -0.5079904246872825, 0.3964061764931828, 0.5828093901213134, -0.34540046939371527, -0.05361086568152344, 0.052251080453782364, 0.1349361135969726, -0.06906158887379442, 0.6081208379070452, 0.6192014697433328, 0.02624135056556605]], "inverted": false, "swapped": true, "error_lsq": 0.04766959424752248, "error_max": 0.31789316540206397, "target": "461.xyz", "model": "22.xyz", "model_rescale": 4.166573947596378, "target_rescale": 4.024186792579642},
{"mapping": [6, 13, 1, 5, 9, 14, 3, 11, 10, 0, 4, 2, 8, 15], "R": [[-0.11878770324574134, -0.3825265663287205, -0.9162766545156332], [0.6500316659049636, -0.7275283751340907, 0.21945682193900373], [-0.7505653301867997, -0.56954006832488, 0.33507580589184854]], "T": [-0.0910233140748134, 0.09385413561015643, -0.13211079570216405], "aligned_model": [[0.11279016019027316, -0.732686497805231, 0.38438718997799154, -0.20875916132420266, -0.3452133564684087, -0.8514503807429101, 0.2901292870609253, -0.03859038682118548, -0.7211591914910276, 0.3086418463917591, 0.5470630449698624, 0.4972951294591021, 0.04880444858542854, -0.06077277295015904], [-0.3055331789791129, -0.4580041582276472, -0.42909203149316666, -0.7290666039194322, 0.6108960450515006, 0.1663380288006335, 0.5572340284592234, 0.7381873149007886, -0.11419531238792, -0.41775551662559907, 0.13054596738063917, 0.09581669833298787, 0.33278301439078745, 0.03244822941847348], [-0.74697457949499, -0.15521752768912453, -0.22490745412984006, -0.1334176720884127, 0.03672122884082696, -0.3382042811080631, -0.09431633093929008, -0.5839723559518113, 0.2151433421920766, 0.3631457904089676, 0.23031577789175678, -0.45874024405990455, 0.6277841495996506, -0.14089759932719806]], "inverted": false, "swapped": false, "error_lsq": 0.04825551087953605, "error_max": 0.2854890106276397, "target": "461.xyz", "model": "23.xyz", "model_rescale": 4.274766983524099, "target_rescale": 4.024186792579642},
{"mapping": [11, 4, 5, 0, 8, 3, 2, 9, 10, 12, 13], "R": [[0.7843518291002447, 0.5970429610543283, 0.16832085682582792], [-0.5945970269673372, 0.646300241717271, 0.47827855176434725], [0.17676703230157093, -0.4752217379410139, 0.8619267463535507]], "T": [0.01444622585782937, 0.12746808363442008, 0.04287220853638478], "aligned_model": [[0.2761891577294284, 0.05779850462720706, -0.4752081007893547, -0.3200097172426286, -0.4787434788992577, -0.5743918044741991, -0.007730287935036537, 0.03463389736623164, 0.642307662801911, 0.27027126513408073, -0.04522239436030706], [-0.21224758712507497, 0.7385033568030462, 0.5204887224834825, -0.3267767896164202, 0.525913618625496, -0.22319737079115903, -0.4849292443571037, -0.010411724595980387, -0.2437023120607501, 0.5682730825040334, 0.06367277937391347], [-0.41065920594922456, -0.21659127037038473, -0.5997933078853456, -0.3671048766848751, 0.17751972383315578, 0.4382305506483479, 0.1894584329414863, 0.6269339016069125, 0.1457826083171419, 0.4756623980531252, -0.0798725204887622]], "inverted": false, "swapped": true, "error_lsq": 0.04609740908216122, "error_max": 0.23353095010581693, "target": "461.xyz", "model": "24.xyz", "model_rescale": 3.7841303162186577, "target_rescale": 4.024186792579642},
{"mapping": [11, 13, 6, 3, 9, 14, 8, 10, 12, 4, 1, 7, 2, 15], "R": [[-0.4332188358564413, 0.5013931809663704, 0.7489501440947954], [0.6316787669133967, -0.42382397806137634, 0.6491187649814179], [0.6428867518388919, 0.7543063791992317, -0.13311089590782704]], "T": [0.014794790229870985, 0.09259077016677894, -0.12312334445362896], "aligned_model": [[-0.10494228502522018, -0.6026261883605468, 0.39027194006767196, -0.14147885630843368, -0.38050724715437756, -0.7211829163177049, 0.3006773358803094, -0.16044612578410228, -0.6543124380713232, 0.3287518875770846, 0.6804202177416965, 0.3649513898064167, -0.10781373273091105, 0.03871637771165755], [-0.3636389987521842, -0.3363637496113693, -0.5171379640916502, -0.6813348761156257, 0.48840289990807706, 0.3298558206736737, 0.486909638774929, 0.5510483346350273, -0.028883765210922646, -0.3169240879650689, 0.2154530961336809, 0.09385543619027059, 0.26154758182950766, 0.02781315870381068], [-0.7288831977983288, -0.33943181037530706, -0.21942616275260046, 0.03693767221543612, 0.04778530282802193, -0.30015744733635863, 0.21190140626021994, -0.7267477212092603, 0.21260178227655943, 0.4157948913233025, 0.18490917478891164, -0.6710232591215352, 0.6015929957908577, -0.12939138274527473]], "inverted": true, "swapped": false, "error_lsq": 0.04381294472377177, "error_max": 0.3329542994877482, "target": "461.xyz", "model": "25.xyz", "model_rescale": 4.19342608120988, "target_rescale": 4.024186792579642},
{"mapping": [9, 2, 3, 4, 8, 12, 5, 6, 0, 10, 11, 13], "R": [[0.5723754506476741, -0.4158591192100777, -0.7067160225052852], [-0.0673357999129611, 0.8351096060745726, -0.545946733566613], [0.817222266917608, 0.36007379634151543, 0.44999403067402505]], "T": [-0.055304570350178814, -0.019982483087330992, -0.0292445279482349], "aligned_model": [[-0.10432268199806137, 0.4774001554142023, 0.10601074918080956, -0.5499593916797961, -0.5147570874425127, -0.5862035695116162, -0.2681027951127661, -0.21958089735098318, 0.47481938382300687, 0.315595927272215, 0.42857529109102316, 0.03833347094625937], [-0.5703579593132825, -0.3518715106142858, -0.6877567206729586, 0.41822282822055856, -0.18594921830036445, -0.16955062040580285, 0.49708874583897134, 0.5823890773065602, 0.0774162398339717, -0.006557864292283968, 0.36319728178120136, 0.046506148358695605], [0.20576718412273298, 0.026299642187015262, -0.4217488475064657, -0.10577906194484982, -0.4552531076136535, 0.3486952435492066, -0.7325224302868316, 0.5115267373579888, -0.4716950620664508, 0.6070106075899389, 0.06370917427266248, -0.12675161845187244]], "inverted": false, "swapped": true, "error_lsq": 0.038921425693748034, "error_max": 0.20583195313557093, "target": "461.xyz", "model": "26.xyz", "model_rescale": 3.795458400668931, "target_rescale": 4.024186792579642},
{"mapping": [9, 8, 12, 10, 6, 0, 1, 2, 5, 4, 11, 7, 13], "R": [[-0.48506181129895687, 0.4184550424572147, 0.7678609357569286], [0.18556107556546883, 0.9073340363440714, -0.3772426721973031], [-0.8545654606022652, -0.04050091275151946, -0.5177620588764036]], "T": [-0.06606126965497774, -0.17022417119601857, -0.14877782195839093], "aligned_model": [[0.02654860957328803, 0.3544182670993187, 0.5050877675190549, -0.371850378864623, 0.1289085134649734, -0.6409429772552935, -0.2750780588131531, -0.5778833977325541, 0.056157301159224654, 0.40188870005558797, -0.5521267266828912, -0.18408631324099958, -0.1713649234606765], [-0.6209874531933544, -0.4574812513973152, -0.19346666385553826, 0.03721776520798717, 0.5703613316697997, -0.21650852969653242, -0.5637618244428355, -0.47117269394833533, 0.10553667450000404, 0.2252014899056305, 0.2207530394156389, 0.6236833562877482, -0.13749373719598282], [-0.5345009335077392, 0.25222742944540266, -0.49563717351348313, -0.7859817616313652, -0.45828011012486425, 0.2432032663368863, 0.6553760104349429, -0.35967566960943975, 0.6975460670417896, 0.11050232461547102, -0.1707786295845893, 0.1842671212358035, -0.046131279039389406]], "inverted": false, "swapped": true, "error_lsq": 0.05627950461173148, "error_max": 0.3446919431787945, "target": "461.xyz", "model": "27.xyz", "model_rescale": 3.6321398670334006, "target_rescale": 4.024186792579642},
