[{"mapping": [5, 11, 6, 1, 3, 7, 0, 12, 10, 2, 13], "R": [[-0.43985078974140035, -0.5058443938774605, -0.7420597900079285], [-0.6274488754403339, 0.7642571975498, -0.14905986952223743], [0.6425256348757821, 0.4000404794218589, -0.653550627994039]], "T": [-0.08894625112388316, 0.015231504525045072, -0.09873481365316888], "aligned_model": [[-0.4713383092032593, 0.2873000557732587, -0.40277034784150595, -0.4135244744958881, -0.5498118171869774, 0.5429442359263426, -0.15926766547913748, 0.17304631953792554, 0.8254778647429384, -0.26819102561023156, 0.05980763809197959], [-0.37361111716466877, -0.3435706851886567, -0.6075440042181461, 0.4283925727687835, -0.05944784701782907, -0.2779767792412159, 0.687446862027402, 0.46919881568741334, 0.11705960032619657, 0.09370275805593913, -0.047349931498002706], [-0.6231192050273655, -0.5643113874261577, 0.2146521455788334, -0.3374627383359289, 0.1362678039241931, 0.19475760052774538, 0.27354713111676193, -0.3444854622538033, -0.5096952738781381, 0.644885935518297, -0.07647034501259192]], "inverted": true, "swapped": false, "error_lsq": 0.053296610396482105, "error_max": 0.31841787742455874, "target": "462.xyz", "model": "0.xyz", "model_rescale": 3.8414455957264533, "target_rescale": 3.843066746549085},
{"mapping": [13, 8, 11, 7, 0, 10, 4, 2, 6, 3, 14], "R": [[0.8674106678794553, -0.33568067450596495, -0.36731079212587514], [-0.20206532067585814, -0.9121966923332787, 0.35646430491199055], [-0.4547178679456967, -0.23498016780027708, -0.8590785652729754]], "T": [-0.015287063183262305, 0.007027654450647238, -0.10631822965613287], "aligned_model": [[-0.44904020831499075, 0.2819823097360006, -0.4358694106995548, -0.3905278703553509, -0.7256202540541111, 0.5383234862095089, -0.19946148774039835, 0.2579442514935751, 0.686685027556781, 0.07109693989881344, -0.011840309474828458], [-0.4343179282008639, -0.546990457856659, -0.6784913880359323, 0.4222633385673794, 0.10724561580853985, -0.3157897317413658, 0.4397257529097445, 0.6898479496547795, 0.2268440635488504, 0.20603345948626522, -0.030070429603522436], [-0.5444041646068705, -0.5848547994814791, 0.17553196721437087, -0.42211668659357676, -0.0019128290502592044, 0.13386002744384007, 0.16693874056991648, -0.16719368247366412, -0.3688884181712543, 0.6462183977672089, -0.024612347886387415]], "inverted": false, "swapped": false, "error_lsq": 0.04740529512803495, "error_max": 0.2382635859662887, "target": "462.xyz", "model": "1.xyz", "model_rescale": 4.316132596720782, "target_rescale": 3.843066746549085},
{"mapping": [3, 5, 4, 10, 6, 0, 8, 1, 9, 2, 11], "R": [[-0.17682647656560885, 0.6547892400236508, -0.7348356607668425], [-0.9780340184930267, -0.20061849650397184, 0.05658336797034558], [-0.11037144492926548, 0.7286997118221852, 0.6758808135570135]], "T": [0.004497912313430011, 0.031633887184059885, -0.19975966472043882], "aligned_model": [[-0.37065659622286257, 0.31210417253328704, -0.27171870831576767, -0.31598627904295673, -0.7990560804515868, 0.4967433121877562, -0.2845679238805761, 0.3430575025745605, 0.5889667342724935, 0.017151412176739336, -0.09236507157564204], [-0.3887829764416635, -0.48028056308331746, -0.549228238310835, 0.5154422544167144, -0.012888299841882389, -0.31649553265799013, 0.6223781502958888, 0.402956496978609, 0.21426160644371883, 0.11129858336863496, -0.032361236630662114], [-0.5366955107551313, -0.44282728123485776, 0.2252501008032275, -0.4456359455520901, -0.031193005581282907, 0.17495947267375306, 0.1933030195410077, 0.005409013937848928, -0.6180834837264957, 0.6334382870701487, -0.14935846244428302]], "inverted": true, "swapped": false, "error_lsq": 0.03813237460350411, "error_max": 0.2346542177472248, "target": "462.xyz", "model": "2.xyz", "model_rescale": 3.795458400668931, "target_rescale": 3.843066746549085},
{"mapping": [2, 10, 0, 6, 1, 4, 8, 3, 5, 7, 11], "R": [[0.43071283928036264, 0.894107778899899, 0.12270994169071209], [0.4184056846971347, -0.3183027521162166, 0.8506585925083956], [0.7996393769019698, -0.3150470404652802, -0.5111968595383756]], "T": [-0.02281410999762763, -0.012557115666168602, -0.06711424684681268], "aligned_model": [[-0.42942006401941685, 0.279930108097295, -0.2536156763372214, -0.2667333441284451, -0.6403898809043505, 0.43913921552219237, -0.3080471276789995, 0.20461095357175046, 0.599176752452789, 0.014596984578701327, -0.015575446898850088], [-0.22991992846403872, -0.502480466834263, -0.6769740195840868, 0.40457802072724863, -0.014868815855970623, -0.42040082879410956, 0.6955769353589092, 0.7136627184121827, 0.15779486945261145, 0.059854797536296495, -0.10052303741756441], [-0.6796094037106095, -0.5224512470900184, 0.2756520860084709, -0.4044538114223075, 0.05480238528699817, 0.10957011586474603, 0.09947275274957305, -0.30784774802113124, -0.3462776107459854, 0.6922665676625688, 0.03744211814954006]], "inverted": false, "swapped": false, "error_lsq": 0.0474267345141633, "error_max": 0.25899561096174734, "target": "462.xyz", "model": "3.xyz", "model_rescale": 3.7530521520055578, "target_rescale": 3.843066746549085},
{"mapping": [4, 2, 0, 9, 6, 1, 8, 5, 3, 7, 10], "R": [[-0.09699943017410595, -0.5600467252224485, 0.8227628917941733], [-0.025827460037877392, -0.8249663000808463, -0.5645914859780579], [0.9949492714977438, -0.07601492812948579, 0.06555667660565562]], "T": [0.005694133529698442, 0.044592788688690585, -0.14575504027490235], "aligned_model": [[-0.46105927092879945, 0.26501482364317436, -0.33924904633946673, -0.12461468882854174, -0.7213764288279736, 0.645742776262364, -0.5398888388443763, 0.4392490131305944, 0.5419816373994839, -0.05925152250654819, -0.02287597990446569], [-0.4113280217280736, -0.49131219513730845, -0.5832804849636734, 0.4711044581232085, -0.028046270990035663, -0.33428457244115034, 0.6423691112608775, 0.5494724834876232, 0.1419102360280008, 0.16453343385340904, -0.03483793295566193], [-0.48337669015371754, -0.47273303803092326, 0.2629132123025899, -0.45955621218953235, -0.034276311354054234, 0.12204255300986341, 0.286080785568256, 0.12753308999075721, -0.6777276079238147, 0.4378092183572553, -0.10014279484483474]], "inverted": true, "swapped": false, "error_lsq": 0.049501856565243196, "error_max": 0.264323616583243, "target": "462.xyz", "model": "4.xyz", "model_rescale": 3.7855080009869324, "target_rescale": 3.843066746549085},
{"mapping": [2, 9, 5, 12, 1, 10, 11, 13, 15, 6, 16], "R": [[-0.5942893411992478, -0.7908576520111049, -0.14616549932335568], [0.015369315297832753, 0.170540097659321, -0.9852308659586467], [0.8041044478699516, -0.5877586659044945, -0.08919522167655097]], "T": [-0.02501026737332409, -0.044506525869209626, -0.027306632383453044], "aligned_model": [[-0.40510949201259555, 0.22627227515994733, -0.13442764669569413, -0.33853930633499757, -0.7737550593710706, 0.5273571111255833, -0.3595685086469464, 0.22785129047761069, 0.700152653819691, -0.02532679197533886, -0.021234051290744682], [-0.3198472295657883, -0.44799946088044235, -0.772439110339395, 0.4621992577488239, 0.06335763309412616, -0.5105489928966223, 0.6530521762809842, 0.6339480767273056, 0.06519077688217388, 0.30720241573871526, -0.04781529825266544], [-0.5978307457171392, -0.5573675293217937, 0.3092126600621424, -0.35596154804113306, 0.001856677729653717, 0.06574696599690052, 0.156864126834121, -0.052367032464083224, -0.4033695874611101, 0.5225822548221097, -0.08080003770782275]], "inverted": true, "swapped": false, "error_lsq": 0.04159608758841359, "error_max": 0.23267059532600287, "target": "462.xyz", "model": "5.xyz", "model_rescale": 4.2253639853439635, "target_rescale": 3.843066746549085},
{"mapping": [8, 9, 1, 5, 10, 0, 2, 6, 12, 4, 13], "R": [[0.9664682625302841, -0.21969465180368897, 0.1329411805670089], [-0.2365441349751795, -0.5602159270508706, 0.7938545126705383], [-0.09992982402935699, -0.7986816481223227, -0.5933983950282242]], "T": [0.025993171250428555, 0.04155724499315562, -0.1109617438934246], "aligned_model": [[-0.40945597508556647, 0.18224115549767148, -0.264302601016998, -0.3994874098647722, -0.7461154195452953, 0.6072149884516841, -0.31183231042076376, 0.2578072432229591, 0.7718511989598311, -0.11545833286391333, 0.05120993692060796], [-0.30129525838453003, -0.49728060828419673, -0.5461955065284961, 0.43451872208793296, 0.039408894804393343, -0.4050235456168341, 0.5249663441390627, 0.6392752769840855, 0.12403623968628515, -0.0034137920779344494, 0.07730347772744703], [-0.5995321865949846, -0.351454493845499, 0.21916073283400545, -0.36647851254872604, 0.00019662511245434333, 0.21432189540315366, 0.2089776235401597, -0.1630516507037978, -0.6661525060688075, 0.5810500985016799, -0.06847142089779293]], "inverted": false, "swapped": false, "error_lsq": 0.03976840402624198, "error_max": 0.22185043495633355, "target": "462.xyz", "model": "6.xyz", "model_rescale": 3.89814844738969, "target_rescale": 3.843066746549085},
{"mapping": [9, 10, 11, 6, 8, 4, 3, 0, 2, 7, 12], "R": [[-0.8691051766562867, -0.2161065404994115, 0.44492039182602244], [0.2586188039239101, 0.5682199178742211, 0.7811801579584443], [-0.42163076994713183, 0.7939924987582629, -0.43795365707960365]], "T": [0.021862189831682227, 0.062063693998416075, -0.09508395903579617], "aligned_model": [[-0.49886619467398663, 0.25062731562453455, -0.2742596100286432, -0.42354612296986327, -0.6285836620064233, 0.5095674067626902, -0.3824552124764067, 0.2484984890058599, 0.654423755299987, 0.04760957418326495, 0.12065673553443093], [-0.3487062226788695, -0.48762297164881896, -0.6267813799336566, 0.4697634453451379, -0.034664214694806544, -0.26333078153320233, 0.6750813072437369, 0.6078851900328358, -0.02313769696153764, 0.17736592574625773, -0.059552356379861546], [-0.6934616860257522, -0.5245193440272193, 0.21011222866976617, -0.3996626823026722, 0.06382065959176564, 0.17279258912782244, 0.24124739649288582, -0.05354759145641494, -0.4019299031050362, 0.5509169288110976, -0.15720239104439732]], "inverted": true, "swapped": false, "error_lsq": 0.044143067618043215, "error_max": 0.23730631793124216, "target": "462.xyz", "model": "7.xyz", "model_rescale": 3.7474275329858107, "target_rescale": 3.843066746549085},
{"mapping": [9, 11, 4, 5, 8, 12, 3, 0, 10, 2, 14], "R": [[0.32449274848708476, -0.9086571585727969, 0.26276724368480286], [0.699318823687431, 0.4175186297318816, 0.5801994283548026], [-0.6369125834961383, -0.004512427420240384, 0.7709228229745515]], "T": [0.08416683907007676, -0.012358454446653186, -0.07250486328170543], "aligned_model": [[-0.3718137558162627, 0.2103977114353926, -0.3738486009660215, -0.4281032603335239, -0.5844252150361852, 0.5851840364669815, -0.27155259035828777, 0.3950824490383175, 0.6278309970756112, -0.2435229213625993, 0.0784436241120225], [-0.310063918715912, -0.40902095322579646, -0.4636684845278901, 0.3178335431013428, -0.06182052936444376, -0.3707339550871957, 0.5964979421948005, 0.5570636800220946, 0.17434386274862052, 0.09581463727042171, -0.03994557987882632], [-0.6052276746195752, -0.5342456829132867, 0.37332801940208454, -0.44876814083370997, 0.052988101410825425, -0.037988385295864534, 0.057464797718682806, 0.04283443566749799, -0.5673127934347204, 0.695289053720631, -0.019795526090719565]], "inverted": true, "swapped": false, "error_lsq": 0.051276285036684355, "error_max": 0.21847198303143917, "target": "462.xyz", "model": "8.xyz", "model_rescale": 4.019505241142653, "target_rescale": 3.843066746549085},
{"mapping": [1, 9, 6, 0, 2, 11, 3, 4, 8, 5, 12], "R": [[0.409784713302395, -0.22338363009198245, 0.8844072831849602], [0.23512234140112862, -0.9109229288210059, -0.33902345394118644], [0.8813591624971769, 0.34687054005073564, -0.3207598090895833]], "T": [-0.071628911255735, -0.09912256170012215, -0.1496644334849091], "aligned_model": [[-0.4320130531551367, 0.35718904723507877, -0.28961844504015144, -0.2839262039710493, -0.6072775949515887, 0.4308221274799082, -0.35757496843343783, 0.17558088619263595, 0.5693464551869866, 0.1086005735941617, -0.04745634988196259], [-0.33398594240613755, -0.438463812647893, -0.558113862574491, 0.4214197312108041, 0.05498803550009268, -0.3708570056208782, 0.5736113144815566, 0.6918756434773986, 0.02448695192883865, 0.11437404737924156, -0.09303485619131688], [-0.6704981543991081, -0.5599115971696997, 0.36982511101912086, -0.4761788418467353, 0.04858433372979651, 0.09722191618542009, 0.30213728404598583, -0.12131259589724899, -0.32289318150362656, 0.4606316011116721, -0.11903967054373142]], "inverted": false, "swapped": false, "error_lsq": 0.047649659934457245, "error_max": 0.3091064082992732, "target": "462.xyz", "model": "9.xyz", "model_rescale": 3.877068213659057, "target_rescale": 3.843066746549085},
{"mapping": [5, 4, 6, 0, 12, 2, 11, 8, 7, 10, 15], "R": [[0.9496556768823672, 0.09694565938357097, -0.29791883876616093], [0.2805942659539602, -0.6861721363090381, 0.6711442894541004], [-0.13935908036023847, -0.7209503023647161, -0.6788296606965352]], "T": [0.03479012903534813, -0.13156044528517308, -0.00470361667357562], "aligned_model": [[-0.41298752792674825, 0.3373377901371836, -0.36328568244443415, -0.4090478365889734, -0.7055748077839389, 0.687220464846958, -0.2972507550403501, 0.35200367571370733, 0.6100303273974518, -0.15547876827535206, -0.01929440578005901], [-0.20299695794679995, -0.5063269022936254, -0.46765098733689175, 0.4284478202960944, -0.0345598668195259, -0.2247876437369657, 0.489447093361671, 0.5573362463446574, 0.04350247519619432, 0.07386848025468243, -0.06997951278227516], [-0.6414040460960868, -0.4802093424099874, 0.3252711868841242, -0.355651815678663, -0.03011746761027896, 0.07274768629212759, 0.21609892975585604, -0.1465480732917619, -0.5567346461254269, 0.647068953114068, -0.041955160102125896]], "inverted": true, "swapped": false, "error_lsq": 0.04351657711954222, "error_max": 0.22768344362303347, "target": "462.xyz", "model": "10.xyz", "model_rescale": 4.260839863003843, "target_rescale": 3.843066746549085},
{"mapping": [3, 0, 1, 4, 2, 7, 9, 10, 6, 8, 11], "R": [[0.7826137037813677, 0.6104784763103901, -0.12178596230828116], [-0.37802344262634685, 0.621500592406982, 0.6861743877927065], [0.49458474246435724, -0.49097153033502355, 0.7171700557900827]], "T": [-0.04534113812128408, 0.04221692311113177, -0.1084793013414127], "aligned_model": [[-0.4239814372813317, 0.434880333217771, -0.25291003380456933, -0.4434444607909797, -0.7084513847614916, 0.49356559955904106, -0.29791212637102865, 0.3439932828312339, 0.6163708614549362, -0.11489549152851594, -0.02354266826962055], [-0.35306024247219203, -0.612065519899766, -0.6142206569297824, 0.5989141360874377, -0.06513568362858088, -0.2309116507689671, 0.705033700135538, 0.5307087861952804, 0.021276973676502477, 0.11901290052133537, -0.013252498379589812], [-0.5603869884116482, -0.4421499363809265, 0.11347902852286909, -0.3686807927763827, 0.02978618519951981, 0.1456583375380297, 0.2556842294338931, -0.05254898394247784, -0.6232162077205288, 0.6020683584495801, -0.09112702518008224]], "inverted": false, "swapped": false, "error_lsq": 0.04268578845266964, "error_max": 0.23955080770202328, "target": "462.xyz", "model": "11.xyz", "model_rescale": 3.890672605050136, "target_rescale": 3.843066746549085},
{"mapping": [6, 11, 5, 0, 8, 12, 3, 4, 2, 7, 13], "R": [[-0.27122537844276634, -0.8510674472860206, -0.4495786852806023], [-0.9540844336179967, 0.17603096845083016, 0.2423550941781283], [-0.12712075997414737, 0.49466887744866217, -0.8597342694503203]], "T": [-0.04397336281555757, -0.11220633871131735, -0.2571647750306808], "aligned_model": [[-0.42638650663936273, 0.305923876612841, -0.21776577035001787, -0.28133922689547824, -0.7033761740447791, 0.3968251802665578, -0.31457478170122855, 0.36033904122569876, 0.548599296989295, -0.06483681914867616, 0.02026435794059514], [-0.35551372056612907, -0.32622648448904285, -0.5693000844250492, 0.4101276398065583, 0.011926981720016161, -0.3002071605844428, 0.6539776710132166, 0.4438811300492489, 0.14463542861097345, 0.024242463978479206, -0.051243620576613434], [-0.613001885668832, -0.6239473576827462, 0.3476770956659715, -0.3968759098857655, 0.005456429634563442, 0.31334769822190867, 0.18192529698362941, -0.12168322333087347, -0.55457708660714, 0.5842094643603041, -0.11396431695917447]], "inverted": true, "swapped": false, "error_lsq": 0.038848047793136956, "error_max": 0.23394000077730376, "target": "462.xyz", "model": "12.xyz", "model_rescale": 4.124412569039231, "target_rescale": 3.843066746549085},
{"mapping": [2, 8, 1, 10, 4, 6, 5, 7, 9, 0, 12], "R": [[-0.7553542306202121, 0.09400711759107155, -0.6485388562964951], [0.2557213175820388, -0.8689124452852228, -0.42378977118680106], [-0.6033627383409201, -0.48595660739481006, 0.6322970676122681]], "T": [0.08242277009654683, 0.06513667469657602, 0.0037101633973581766], "aligned_model": [[-0.4825029103998002, 0.2184322043114599, -0.1505827473230318, -0.2591481287894736, -0.6996803907719233, 0.5062730339541058, -0.2794425103145435, 0.22677460123218365, 0.644296240901281, -0.1024503122236016, 0.0017033936787884535], [-0.36214140847624393, -0.4400971066427892, -0.6967998245978344, 0.35604947843212587, 0.05074994316870135, -0.4489060209293383, 0.6844874225225657, 0.648899454537705, 0.12872072403089765, 0.08886150067003007, 0.07647608182139573], [-0.48688939714547474, -0.48734622938916117, 0.17111834361489198, -0.5822153727882808, 0.08360962187499392, 0.06473373003845923, 0.2470289852599568, -0.17366300322034195, -0.2944450704599133, 0.5532795124880825, -0.08664491554136716]], "inverted": false, "swapped": false, "error_lsq": 0.04633853050215011, "error_max": 0.2893665287589431, "target": "462.xyz", "model": "13.xyz", "model_rescale": 3.9028299243045295, "target_rescale": 3.843066746549085},
{"mapping": [7, 4, 14, 6, 9, 5, 1, 2, 0, 11, 15], "R": [[0.733355417315534, -0.5488648048733814, -0.4011698616113431], [-0.33598934760111965, 0.22038152476179082, -0.9157200127998963], [0.5910169119344498, 0.8063370322110808, -0.022794742650306423]], "T": [0.12014748209583113, -0.0004255541155943048, -0.05354506366771682], "aligned_model": [[-0.5031525793800296, 0.3380566746719694, -0.3757415646206623, -0.3695988999190446, -0.6484878064827613, 0.5076867063355505, -0.1564638244546298, 0.43704921008176123, 0.7136248458339126, -0.33178225453551485, 0.012481966724893268], [-0.3991880723329093, -0.3919725769854012, -0.5200505492590052, 0.39384168084625315, -0.10039455874454212, -0.32193644328658255, 0.5157581166649047, 0.662799732660361, 0.16841330322811934, 0.10631706148222007, -0.027287449736202195], [-0.5761476308890655, -0.5620426413957873, 0.46330556325632055, -0.27515303055545254, -0.04637235644773011, 0.038899143697102366, 0.22794980102935425, -0.09661806375208402, -0.6071644891091432, 0.5211045822049538, -0.07919467330662329]], "inverted": false, "swapped": false, "error_lsq": 0.044405024899694355, "error_max": 0.2502444640942056, "target": "462.xyz", "model": "14.xyz", "model_rescale": 3.942246331269136, "target_rescale": 3.843066746549085},
{"mapping": [10, 6, 13, 5, 3, 8, 1, 2, 7, 12, 14], "R": [[-0.7407664157911668, 0.6716817781194904, 0.010426225498603892], [-0.20444142890076114, -0.21063010545660937, -0.9559490890336956], [-0.6398975069375743, -0.7102665328012979, 0.29334729076216065]], "T": [-0.07879899489908007, -0.10031959833786122, -0.17268990969067805], "aligned_model": [[-0.4028048425526416, 0.3056061962765, -0.28040918057790476, -0.2740966562072826, -0.6953274271899722, 0.6069292344798327, -0.2851724777256198, 0.2634899402808024, 0.6749872796983868, -0.25334774511553215, -0.03618184711112399], [-0.4290196036015842, -0.37691618191905696, -0.6062491510251355, 0.4850847845763373, 0.18297423683251188, -0.35620151976714787, 0.5305861243355648, 0.5623999523464224, 0.11752333673756957, 0.005071140758949461, -0.028952874737215223], [-0.7167276227851722, -0.4702069147288728, 0.4308980849327408, -0.32081178566282215, 0.06434431912879579, 0.07859113616497065, 0.2920781942757886, -0.334828741047419, -0.5122929367608631, 0.6188287471161282, -0.1213062759014294]], "inverted": false, "swapped": false, "error_lsq": 0.04212146831580522, "error_max": 0.2451798513055558, "target": "462.xyz", "model": "15.xyz", "model_rescale": 4.355366556412066, "target_rescale": 3.843066746549085},
{"mapping": [3, 5, 4, 10, 6, 0, 8, 1, 9, 2, 11], "R": [[-0.17682647656560885, 0.6547892400236508, -0.7348356607668425], [-0.9780340184930267, -0.20061849650397184, 0.05658336797034558], [-0.11037144492926548, 0.7286997118221852, 0.6758808135570135]], "T": [0.004497912313430011, 0.031633887184059885, -0.19975966472043882], "aligned_model": [[-0.37065659622286257, 0.31210417253328704, -0.27171870831576767, -0.31598627904295673, -0.7990560804515868, 0.4967433121877562, -0.2845679238805761, 0.3430575025745605, 0.5889667342724935, 0.017151412176739336, -0.09236507157564204], [-0.3887829764416635, -0.48028056308331746, -0.549228238310835, 0.5154422544167144, -0.012888299841882389, -0.31649553265799013, 0.6223781502958888, 0.402956496978609, 0.21426160644371883, 0.11129858336863496, -0.032361236630662114], [-0.5366955107551313, -0.44282728123485776, 0.2252501008032275, -0.4456359455520901, -0.031193005581282907, 0.17495947267375306, 0.1933030195410077, 0.005409013937848928, -0.6180834837264957, 0.6334382870701487, -0.14935846244428302]], "inverted": true, "swapped": false, "error_lsq": 0.03813237460350411, "error_max": 0.2346542177472248, "target": "462.xyz", "model": "16.xyz", "model_rescale": 3.795458400668931, "target_rescale": 3.843066746549085},
{"mapping": [9, 10, 11, 6, 8, 4, 3, 0, 2, 7, 12], "R": [[-0.8691051766562867, -0.2161065404994115, 0.44492039182602244], [0.2586188039239101, 0.5682199178742211, 0.7811801579584443], [-0.42163076994713183, 0.7939924987582629, -0.43795365707960365]], "T": [0.021862189831682227, 0.062063693998416075, -0.09508395903579617], "aligned_model": [[-0.49886619467398663, 0.25062731562453455, -0.2742596100286432, -0.42354612296986327, -0.6285836620064233, 0.5095674067626902, -0.3824552124764067, 0.2484984890058599, 0.654423755299987, 0.04760957418326495, 0.12065673553443093], [-0.3487062226788695, -0.48762297164881896, -0.6267813799336566, 0.4697634453451379, -0.034664214694806544, -0.26333078153320233, 0.6750813072437369, 0.6078851900328358, -0.02313769696153764, 0.17736592574625773, -0.059552356379861546], [-0.6934616860257522, -0.5245193440272193, 0.21011222866976617, -0.3996626823026722, 0.06382065959176564, 0.17279258912782244, 0.24124739649288582, -0.05354759145641494, -0.4019299031050362, 0.5509169288110976, -0.15720239104439732]], "inverted": true, "swapped": false, "error_lsq": 0.044143067618043215, "error_max": 0.23730631793124216, "target": "462.xyz", "model": "17.xyz", "model_rescale": 3.7474275329858107, "target_rescale": 3.843066746549085},
{"mapping": [0, 4, 2, 3, 1, 9, 11, 10, 5, 7, 13], "R": [[0.2307319187515659, 0.21164101835949506, -0.9497214649659007], [0.951327021261675, -0.25400912397449454, 0.17451722996626565], [-0.2043029130644235, -0.9437623876196095, -0.2599478321277653]], "T": [0.0029825071248961027, 0.026266290184705693, -0.0791599004444231], "aligned_model": [[-0.4571884356411899, 0.3890295438957193, -0.33418975348007923, -0.4048532161138554, -0.6745489255042433, 0.47687780545334346, -0.21324086440446538, 0.2662293098079248, 0.6702323388352136, -0.05044381015438519, -0.04423151843853813], [-0.4921451473969122, -0.45079553882807955, -0.54783658439423, 0.47266778949703625, 0.06811244621865277, -0.3795545415711695, 0.6328117872410651, 0.6221352936376863, 0.15786773863756418, 0.07109013740833922, -0.06805313591273676], [-0.5467437705674213, -0.638271265666101, 0.16691626639912926, -0.3873561132233312, 0.05395085732655917, 0.1626186440777005, 0.2480811046438513, -0.3073716925686929, -0.3254902833003677, 0.6708772542208263, -0.08864479661030718]], "inverted": true, "swapped": false, "error_lsq": 0.043818109117705034, "error_max": 0.25528652100043975, "target": "462.xyz", "model": "18.xyz", "model_rescale": 3.922800546911778, "target_rescale": 3.843066746549085},
{"mapping": [9, 7, 10, 0, 2, 13, 1, 5, 12, 6, 14], "R": [[-0.5102379067007301, -0.05608194566581004, 0.8582028279701686], [-0.8533170338331033, 0.15747706984742932, -0.4970422640405371], [-0.10727216943798695, -0.98592889593652, -0.1282064499994553]], "T": [0.06640117701860083, 0.0044893075457469196, 0.010450236841954494], "aligned_model": [[-0.46308337899353047, 0.2603640425070112, -0.4600629868251128, -0.2763349514622138, -0.6314279640018365, 0.6286596730193869, -0.3666101504726995, 0.32014104416814837, 0.6534433111406647, -0.1157107548418365, 0.07429459001746319], [-0.44928400839797056, -0.46650345887060285, -0.5159934289895233, 0.5841066969895227, -0.04589770346736968, -0.3853002296986061, 0.5240400572368524, 0.6995064871884368, 0.1494374959711752, 0.04348124331527188, -0.051292906739970966], [-0.4096438818946249, -0.6049807014879723, 0.33065931294755513, -0.4845429588337468, -0.14325272946523515, 0.07163231877737632, 0.3113675555450794, -0.17690215840872386, -0.49252650218691224, 0.6745907680039341, -0.06783481826488422]], "inverted": false, "swapped": false, "error_lsq": 0.04835529399002099, "error_max": 0.23684075160929982, "target": "462.xyz", "model": "19.xyz", "model_rescale": 3.9282355846067225, "target_rescale": 3.843066746549085},
{"mapping": [3, 5, 6, 0, 4, 7, 11, 10, 2, 9, 13], "R": [[-0.9430762052436704, 0.3178170692999031, -0.09797745436997043], [0.26297356057336746, 0.5322608235433691, -0.8047007656019103], [-0.20359807843534403, -0.7846596244121113, -0.5855400039919393]], "T": [-0.025907933865431554, -0.073327609867362, 0.039119894103428074], "aligned_model": [[-0.4549368748535711, 0.15945622754170347, -0.13200977006719122, -0.4320667833816299, -0.6544183769347226, 0.5136962347309529, -0.3684531509234393, 0.39894023406647305, 0.6324545143704968, -0.03144292257687605, -0.007546857716751548], [-0.267915480448031, -0.5246268310341571, -0.7178233858718158, 0.4272758642642537, -0.008712781253713692, -0.32628770391894557, 0.5459118224897791, 0.6648844123667388, 0.027334758080842528, 0.2438319719864452, 0.022427597875819577], [-0.5477572630249044, -0.4605392826247352, 0.024571728442552496, -0.43482961675598175, 0.026181895189973426, 0.2206035254051008, 0.1512290864591082, -0.09042312356023986, -0.44579472187729563, 0.6537775132509233, -0.08845353617265601]], "inverted": true, "swapped": false, "error_lsq": 0.049972691933695516, "error_max": 0.31866228080352477, "target": "462.xyz", "model": "20.xyz", "model_rescale": 4.067790424073018, "target_rescale": 3.843066746549085},
{"mapping": [6, 4, 3, 13, 11, 0, 10, 1, 8, 12, 14], "R": [[0.012328042149514454, 0.544017182122368, -0.8389835069489736], [0.2305805723096908, 0.8148875134577477, 0.5317809136138537], [0.9729751379403769, -0.20000911470802463, -0.11539382558706077]], "T": [0.045069056064279786, -0.019443358038892036, -0.1312373797662026], "aligned_model": [[-0.4046620520216927, 0.3061370787804486, -0.32848439087232795, -0.3802350204110866, -0.5648848725580837, 0.5245220442324028, -0.30144577405804607, 0.37646697070370716, 0.5585006550457742, -0.1758581004965693, 0.013615935910918316], [-0.4547352611210704, -0.40486597976660316, -0.64669946012679, 0.4796637100771511, 0.0017488609846542241, -0.4106915794300916, 0.6728443011321449, 0.728987972319522, 0.05277686757288878, 0.028032025762639995, 0.039238787132769744], [-0.5259775376248002, -0.7837443796611359, 0.3055149772120918, -0.3764558174238166, 0.08216212536478593, 0.21734215336194823, 0.13700148956195907, -0.1889527779662699, -0.3685981366426141, 0.6008494636646318, -0.09057535511493531]], "inverted": false, "swapped": false, "error_lsq": 0.048801209255385294, "error_max": 0.2762217519891063, "target": "462.xyz", "model": "21.xyz", "model_rescale": 4.186013935880536, "target_rescale": 3.843066746549085},
{"mapping": [7, 4, 9, 0, 1, 11, 2, 5, 3, 8, 12], "R": [[0.6812965528316308, -0.23004166170996831, 0.6949214638917509], [0.6402675832820421, -0.2728832051343492, -0.7180474762533314], [0.35481323100740014, 0.9341389565976369, -0.03862616818645237]], "T": [-0.05574773229974929, -0.06752173302384071, -0.10490293598813666], "aligned_model": [[-0.46543172002538247, 0.2952882255063601, -0.32634102956355343, -0.39811346198445063, -0.776615167752116, 0.480916019916401, -0.2076303373553935, 0.2962042367364972, 0.7021252536182306, 0.038206240548174286, -0.0149357853893224], [-0.45201453538510317, -0.5565328442080454, -0.4292377672307055, 0.4700383927487386, 0.04110024652024255, -0.26085972709723615, 0.5226309182870769, 0.6205565077065669, 0.2070504874877563, -0.005233799173686077, -0.07119763511838917], [-0.5767589044938448, -0.5114223552463103, 0.3209979190378811, -0.44490772907670834, -0.16552176141884592, 0.16635048024254923, 0.3174129710023501, -0.07001852342733, -0.5549888029909619, 0.6533588888364992, -0.12593597773343307]], "inverted": false, "swapped": false, "error_lsq": 0.0421642619526945, "error_max": 0.218177224443157, "target": "462.xyz", "model": "22.xyz", "model_rescale": 4.166573947596378, "target_rescale": 3.843066746549085},
{"mapping": [8, 9, 2, 7, 0, 12, 5, 13, 14, 6, 15], "R": [[-0.7737520850315525, -0.3701489559814355, -0.5140986882838535], [0.5804072654517435, -0.7394073594760493, -0.34118054306112794], [-0.25384073179880895, -0.5623757704049047, 0.7869551294332704]], "T": [-0.02206484228631564, -0.17802297853725796, -0.11509631926324809], "aligned_model": [[-0.5084011197763402, 0.23161995652901893, -0.23360790329655917, -0.35387081440498613, -0.7876362658027676, 0.5619079992898046, -0.22343885501566244, 0.2531214358248247, 0.6664517900963827, 0.07673938323748727, -0.05921313242575815], [-0.3545283223015563, -0.456932805947576, -0.5315103914792562, 0.3971014164842807, 0.10528364293419812, -0.23153467312566556, 0.5753384044434211, 0.6205977425173941, 0.13488878764399487, -0.028923595490453535, -0.14347996114156586], [-0.7367087620609922, -0.5823248471872865, 0.4169801991239866, -0.3806643421268998, -0.09525906735082185, 0.17729652277124047, 0.17292644864245932, -0.17246002849853193, -0.34749433289065235, 0.6245757235777449, -0.06830130926840147]], "inverted": true, "swapped": false, "error_lsq": 0.0456755486157901, "error_max": 0.23274680279062793, "target": "462.xyz", "model": "23.xyz", "model_rescale": 4.274766983524099, "target_rescale": 3.843066746549085},
{"mapping": [9, 1, 8, 5, 7, 0, 5, 3, 2, 6, 10], "R": [[0.10154493466520823, -0.0009536937334630458, 0.9948304964726916], [0.9444743009430552, 0.3142170735496139, -0.09610372286256486], [-0.312501073761302, 0.9493506839720399, 0.032807891426514746]], "T": [0.019599417427916606, -0.05561446134515732, -0.04279507392248898], "aligned_model": [[-0.4625069431291973, 0.2506026433329611, -0.3621090349999465, -0.36329823538447903, -0.6128089478300671, 0.6141422727813698, -0.36329823538447903, 0.3634000567547727, 0.6312805569043447, -0.09505563150551855, 0.023323972715683993], [-0.48257839901875366, -0.428135575074546, -0.5983828514625371, 0.6643080775594261, -0.02630316135865461, -0.38183995656242087, 0.6643080775594261, 0.3834502535487263, 0.25583262157285636, 0.1620401129156394, -0.12639895514194618], [-0.6022061116022164, -0.5253392791007178, 0.2807976635406229, -0.07942667312656344, -0.058058878383500025, 0.2509140706043063, -0.07942667312656344, 0.028180839777282737, -0.719048294928062, 0.585293902397054, -0.07311436131979757]], "inverted": true, "swapped": false, "error_lsq": 0.06128924753864574, "error_max": 0.37805635116186825, "target": "462.xyz", "model": "24.xyz", "model_rescale": 3.7841303162186577, "target_rescale": 3.843066746549085},
{"mapping": [3, 12, 4, 11, 6, 9, 7, 10, 14, 0, 15], "R": [[-0.8360833794902102, 0.5435743597878007, -0.07410464170017858], [0.5330469073364981, 0.7729923467183276, -0.34401137552977473], [-0.12971344232277612, -0.3271234435135693, -0.9360366849566316]], "T": [0.020201017516283178, -0.05925169447181572, 0.02139872219073076], "aligned_model": [[-0.4947136538287636, 0.34928671554564533, -0.42859303436084867, -0.3496948240685285, -0.7004402837834802, 0.5885519991124374, -0.24605202955832078, 0.42051088967863165, 0.617076200206803, -0.08561583649886537, -0.04664366818926576], [-0.3963200352296895, -0.47902676239061087, -0.638848972872514, 0.4194573823611566, -0.05837050104365231, -0.18044023690735855, 0.5086991883916065, 0.6077050809536069, 0.08923525789013154, 0.278831244634201, -0.06462140124966216], [-0.49845674091945674, -0.5177333600807975, 0.16052182138193244, -0.4512980678329305, -0.03058002925786313, -0.045168592815660824, 0.19270741922157952, 0.008140847523758557, -0.4795909020301515, 0.6662496111901702, 0.0037741983512646488]], "inverted": false, "swapped": false, "error_lsq": 0.04617984911187514, "error_max": 0.2484900907754939, "target": "462.xyz", "model": "25.xyz", "model_rescale": 4.19342608120988, "target_rescale": 3.843066746549085},
{"mapping": [3, 5, 4, 10, 6, 0, 8, 1, 9, 2, 11], "R": [[-0.17682647656560885, 0.6547892400236508, -0.7348356607668425], [-0.9780340184930267, -0.20061849650397184, 0.05658336797034558], [-0.11037144492926548, 0.7286997118221852, 0.6758808135570135]], "T": [0.004497912313430011, 0.031633887184059885, -0.19975966472043882], "aligned_model": [[-0.37065659622286257, 0.31210417253328704, -0.27171870831576767, -0.31598627904295673, -0.7990560804515868, 0.4967433121877562, -0.2845679238805761, 0.3430575025745605, 0.5889667342724935, 0.017151412176739336, -0.09236507157564204], [-0.3887829764416635, -0.48028056308331746, -0.549228238310835, 0.5154422544167144, -0.012888299841882389, -0.31649553265799013, 0.6223781502958888, 0.402956496978609, 0.21426160644371883, 0.11129858336863496, -0.032361236630662114], [-0.5366955107551313, -0.44282728123485776, 0.2252501008032275, -0.4456359455520901, -0.031193005581282907, 0.17495947267375306, 0.1933030195410077, 0.005409013937848928, -0.6180834837264957, 0.6334382870701487, -0.14935846244428302]], "inverted": true, "swapped": false, "error_lsq": 0.03813237460350411, "error_max": 0.2346542177472248, "target": "462.xyz", "model": "26.xyz", "model_rescale": 3.795458400668931, "target_rescale": 3.843066746549085},
{"mapping": [0, 6, 7, 9, 3, 5, 4, 11, 8, 10, 12], "R": [[-0.25909166024321967, 0.12544526737821668, 0.9576716537962372], [0.48423663910983616, 0.8747829926718347, 0.01641928974466128], [-0.8356951531126781, 0.46799380404500723, -0.28739417259134037]], "T": [-0.04005245245813678, 0.1251392623621805, -0.27483848212781314], "aligned_model": [[-0.5795286859134973, 0.40908362881522503, -0.23416220725577497, -0.3025400484016281, -0.7169477636498565, 0.42003470061022696, -0.31404443310324637, 0.30272225268711905, 0.6743661693999847, 0.02125070287863849, -0.05656184181174644], [-0.4626181912584555, -0.5223760197578772, -0.46917705271068966, 0.4213605672166225, -0.020431030438883307, -0.3557725664672763, 0.6296869432387179, 0.6817315515061548, 0.10257838124730864, 0.098143619519648, -0.01682595755805441], [-0.5088892487215531, -0.5201702974214196, 0.24411972366531387, -0.441354219046419, -0.01852112729530353, 0.07716164905623879, 0.3327989220046702, 0.015480509519973762, -0.4157240722065553, 0.4345271407511826, -0.19086277557428347]], "inverted": false, "swapped": false, "error_lsq": 0.04087472460861562, "error_max": 0.20646016421306948, "target": "462.xyz", "model": "27.xyz", "model_rescale": 3.6321398670334006, "target_rescale": 3.843066746549085},
{"mapping": [13, 2, 9, 4, 6, 0, 7, 3, 5, 8, 14], "R": [[-0.9488249863267634, 0.12019605232220973, 0.2920343375840828], [0.2626458672549492, -0.2131262745850196, 0.941060220971754], [0.17535191397847072, 0.9696030631591814, 0.17065053816621717]], "T": [-0.03605069774590622, -0.04793464688512595, 0.04028812353244339], "aligned_model": [[-0.4372991324857681, 0.3096004895694544, -0.41455164325435445, -0.45104730114387515, -0.7896262090035562, 0.5702581463129943, -0.19881951804894568, 0.40358178064411543, 0.6632611552142359, 0.01769284272426786, -0.04937813627312355], [-0.541485897132177, -0.3433019497466464, -0.5605272642836597, 0.49718187165426364, -0.06020310961687706, -0.18035440335426622, 0.6687426583924009, 0.4785576246836637, 0.06924701584851417, 0.12127349047027208, -0.0628297923782725], [-0.471458091805231, -0.6129553814794378, 0.2416783021856243, -0.42564433159670423, -0.14913434291685984, 0.10560495086246408, 0.2867984382074199, 0.007284307310134519, -0.47855743325419264, 0.5255816985002257, -0.020631911281597866]], "inverted": false, "swapped": false, "error_lsq": 0.0496844943821958, "error_max": 0.19752774880344282, "target": "462.xyz", "model": "28.xyz", "model_rescale": 4.156811204709835, "target_rescale": 3.843066746549085},
{"mapping": [6, 3, 7, 8, 0, 4, 9, 2, 5, 10], "R": [[0.7633647243883455, -0.04358845033903669, -0.6444954185690901], [0.6125412544045877, -0.2679454234646472, 0.743638663395607], [-0.20510365479912696, -0.9624475554758255, -0.17784036028598327]], "T": [-0.11058987017177839, 0.08495156976382669, 0.004257555264953004], "aligned_model": [[-0.5274739350222136, -0.11137907634653653, 0.17537370233190186, 0.8009233260386656, -0.07670604434518923, -0.6488461828052268, -0.5778073175977068, -0.47631222948233903, 0.21688302751299887, -0.1317298961737664], [-0.12096263275552362, -0.467278711578169, 0.043534642377221114, 0.06204727407409312, -0.5548511671544554, -0.374127529937214, 0.44862999527468317, 0.3251926863751991, 0.5710099734513343, -0.01447419950096479], [-0.5799342869491045, -0.2825059373147594, -0.631633635693218, -0.16294884773445859, 0.6052704476957771, 0.12122801504271713, -0.18096209513821454, 0.6143363786242985, 0.22100156890441083, 0.034935119537650716]], "inverted": false, "swapped": true, "error_lsq": 0.042814648642556845, "error_max": 0.22132948446849768, "target": "462.xyz", "model": "29.xyz", "model_rescale": 4.117894457231895, "target_rescale": 3.843066746549085},
{"mapping": [11, 9, 10, 3, 12, 6, 4, 0, 5, 7, 14], "R": [[-0.6297449331837855, -0.7635257040169797, 0.14300286163124598], [0.21846148257936968, -0.35073928135412424, -0.9106352382509786], [0.745450132308375, -0.5422273101021086, 0.3876772425882883]], "T": [-0.011163872253502505, 0.0458084356618408, -0.06635872755101907], "aligned_model": [[-0.4056006296873399, 0.191731658872778, -0.12389903984615065, -0.2441490354538485, -0.7742253340182933, 0.43918120633883956, -0.3787805540210613, 0.2468597011073383, 0.741086121039162, -0.04862438958888278, -0.01990723048709654], [-0.3407265217355005, -0.421988559789828, -0.5763082290729152, 0.44359053180656227, 0.07472676762141468, -0.3862687640019652, 0.5784708060508499, 0.7038207778423465, 0.036655468024971445, -0.03608135602429939, 0.010409323815578804], [-0.5359479112038972, -0.4266688538391073, 0.27214179259675525, -0.36172886615178557, -0.13476090958821174, 0.0829330905700979, 0.35867876093026957, -0.3741346920948238, -0.4268971336946355, 0.5808618164003199, -0.025910889193136145]], "inverted": false, "swapped": false, "error_lsq": 0.046734503029196434, "error_max": 0.297626982441098, "target": "462.xyz", "model": "30.xyz", "model_rescale": 4.100398675895297, "target_rescale": 3.843066746549085},
