[{"mapping": [1, 4, 5, 3, 6, 11, 7, 9, 8, 0, 2, 10, 12, 15], "R": [[0.6894606078676957, -0.05042699516828303, -0.7225656982980895], [0.7112588032212213, -0.1414785771476858, 0.6885453703631897], [-0.1369488409553859, -0.9886561234152976, -0.061677261567064864]], "T": [-0.09205433136842575, 0.12713625085696384, 0.0656702093300434], "aligned_model": [[0.053185354020982595, 0.21575893031004847, -0.48598762726032785, -0.3221392480008387, -0.6094261348231121, 0.03868132644117808, -0.7091168889571438, 0.061497314699754974, -0.44171304006178136, 0.2678295202574329, 0.5594245404035558, 0.14351679215453714, 0.5862518726845416, 0.01372938925947556], [-0.6594796999482411, -0.3335490232239378, -0.3664881268283999, -0.339049754377647, 0.3020752635358398, 0.14445439972493196, 0.12008625692383934, 0.5301989217300935, 0.772179229159385, -0.07729424470403495, 0.46615217107772117, 0.7098723269952278, -0.15658028147971237, 0.12269589322496827], [0.23250446237682432, -0.3807104235177642, 0.25345218688755017, -0.3516694654338608, 0.6727543587968294, -0.7001970489327284, -0.07457938496835421, 0.7138703054267028, 0.17991978823281854, 0.8332892606623248, 0.3715098090284022, -0.07502591533065807, 0.1349606303144866, 0.0875095236372606]], "inverted": false, "swapped": true, "error_lsq": 0.03860524945045579, "error_max": 0.2110551978668993, "target": "463.xyz", "model": "0.xyz", "model_rescale": 3.8414455957264533, "target_rescale": 4.080269492589017},
{"mapping": [12, 4, 10, 11, 13, 14, 8, 2, 6, 9, 7, 1, 5, 0, 15], "R": [[-0.2907764296938899, -0.2972789616174913, 0.909436246756253], [-0.7621704222063805, -0.5026315983443653, -0.4079923085788946], [0.5783989241416531, -0.8117799549911384, -0.08042381007117]], "T": [0.037867936749097844, 0.03948664531335366, -0.13826836997350006], "aligned_model": [[-0.6453609461078748, -0.5580056255019871, 0.06920124585718311, -0.2769336440005358, -0.48880449332781595, 0.2675216723205373, 0.6618574443349848, -0.26973402785876727, 0.7230842113516879, 0.27443201112226157, 0.5156228803944135, -0.4011617138401311, 0.1941645572479374, -0.1465868401189827, -0.04725257836836615], [0.1569417215386229, 0.043029474594312805, -0.5351925888510809, -0.4801745803348162, -0.45637740290300205, -0.4603391316000798, -0.3021548975271674, -0.1575969197889865, 0.3945061011223576, 0.11096885023361394, 0.08363219053184412, 0.7056446852231014, 0.6091778037438601, 0.6001936351313508, 0.03478558692908445], [0.1162864145366811, -0.5270584693492864, 0.15092445449824832, -0.6228264811401917, -0.0015054418317832496, -0.458526454483338, 0.07459960161944504, 0.5684377040120052, 0.1286927671188714, 0.6000599596584149, -0.550927110039763, -0.3148450389588747, -0.43004549275675863, 0.5037061848216546, -0.0717908103657904]], "inverted": false, "swapped": true, "error_lsq": 0.02785523993200735, "error_max": 0.18508804967425319, "target": "463.xyz", "model": "1.xyz", "model_rescale": 4.316132596720782, "target_rescale": 4.080269492589017},
{"mapping": [0, 5, 1, 10, 12, 9, 11, 8, 3, 6, 7, 15], "R": [[0.9457928994216208, -0.2258935221023883, -0.23334075528253057], [-0.3223680272033973, -0.5657511299164161, -0.7589496123164491], [0.039429005067763236, 0.7930307532942694, -0.607904250592879]], "T": [-0.06333855784117952, 0.07653205922818865, -0.10890519395531784], "aligned_model": [[-0.33463644237090223, 0.5126588730573396, 0.22567569160165962, -0.5611367246883674, -0.48090114776558784, -0.4805046765172895, -0.09867738624265726, -0.13565672827719216, 0.4268698838346839, 0.20630593396767366, 0.469117997089418, -0.151306719056998], [-0.6876200730230813, -0.23749359777335374, -0.6119312072799548, 0.4759696590808332, -0.39970048634966604, -0.12866115473174652, 0.5398366914478323, 0.5595971622849365, 0.11633476078451545, -0.01723136382910559, 0.3818462552193377, 0.021829781910433048], [0.2120561725207511, -0.04786925949058694, -0.44084190863267575, -0.022204115109842368, -0.4886940637845328, 0.5156499786394253, -0.7318372711138872, 0.4503915172234496, -0.5589632936812643, 0.6561625639815525, 0.04523470980412381, -0.13982656914709166]], "inverted": true, "swapped": true, "error_lsq": 0.04170246923746915, "error_max": 0.19330864268398795, "target": "463.xyz", "model": "2.xyz", "model_rescale": 3.795458400668931, "target_rescale": 4.080269492589017},
{"mapping": [3, 12, 13, 9, 7, 8, 2, 5, 0, 6, 14, 15], "R": [[0.7758088136079262, 0.6023876646881365, -0.1877492640726865], [-0.03696857100421702, -0.25365041087178913, -0.9665892580731895], [-0.62988412385626, 0.7568292875517871, -0.17451481317551787]], "T": [0.0018071991997501355, 0.019318058475139947, -0.055701071605425916], "aligned_model": [[0.018290699452448527, -0.2889031016131468, -0.7031594007711007, 0.21495454938429653, 0.3024095554703239, 0.08693278964208542, -0.3185067500466943, 0.5501045978071906, 0.37020007550958134, 0.6930299274490295, -0.2827079918383816, -0.04934112470206727], [0.0029501406949215617, -0.6537759299688017, -0.16140648546149755, -0.02606426189936214, 0.482071966603407, 0.646163155244498, -0.3015191904305825, -0.09357990123635421, -0.6037071025578059, 0.2973385708570954, 0.5603206574304924, -0.06302257398630096], [-0.721960217852102, 0.032772333099024574, 0.055338712143297435, 0.6917677513886035, -0.3655121350131851, 0.33316070487804683, 0.5980242597875277, -0.4031698505284005, 0.4307899967079517, 0.2785804569708976, -0.23318115560088173, -0.007839425341679453]], "inverted": true, "swapped": true, "error_lsq": 0.04402388788185968, "error_max": 0.2196005588209701, "target": "463.xyz", "model": "3.xyz", "model_rescale": 3.7530521520055578, "target_rescale": 4.080269492589017},
{"mapping": [4, 7, 14, 8, 13, 6, 12, 5, 0, 9, 15], "R": [[0.8551761825715465, -0.020383335190831853, 0.5179364984328245], [-0.3422333736241032, -0.7726669620221873, 0.5346607183787386], [0.38929425212841506, -0.6344842672958109, -0.6677422405493574]], "T": [-0.07624420207287, -0.11985876583502253, -0.05086333385941353], "aligned_model": [[-0.39792476951398015, -0.19851683136592588, 0.2521259020206169, 0.4576093046525531, 0.2905664873763738, -0.0971603358303322, -0.21296321681698174, -0.6634050615623562, -0.2951587907439135, 0.263492505367365, -0.06046559113821383], [-0.7544223894818927, 0.129351314823899, -0.2717591618867191, 0.3239312509388482, -0.7102561636396749, 0.6950635741689083, -0.5280354145152325, 0.14045974463684258, 0.21941862786789723, 0.3890692930975508, -0.16561731769608046], [-0.04157811567865192, -0.619572038660904, -0.5745342521276661, -0.3143884314699455, 0.1917267158165696, -0.0987434008182563, 0.5492160559697049, -0.19778827096065857, 0.7221272709565777, 0.43056390850451703, 0.04580133571402955]], "inverted": false, "swapped": true, "error_lsq": 0.04521946556241755, "error_max": 0.2936690459066882, "target": "463.xyz", "model": "4.xyz", "model_rescale": 3.7855080009869324, "target_rescale": 4.080269492589017},
{"mapping": [9, 2, 15, 1, 12, 0, 5, 4, 7, 10, 8, 11, 14, 13, 6, 16], "R": [[-0.5143029489559177, -0.588098955258485, -0.6242051710128051], [0.4875677250638712, 0.3982694468924965, -0.7769550573540186], [0.7055283057194006, -0.703932572407204, 0.0819069187119657]], "T": [0.05236670878037805, -0.031121049747028534, -0.05952906334609582], "aligned_model": [[0.07095901300966281, -0.40784208022458, 0.7376334891691942, -0.5387318600086539, 0.04291669783189547, -0.7165033513239101, -0.41496757452166055, -0.37284469694479583, 0.07969044787849833, 0.2911776572597236, 0.7061183660189572, 0.11524653148948574, 0.18745991608308402, 0.6144677848903695, 0.22361753699092485, 0.054598429382898085], [-0.6143045003594546, -0.2056243357510961, -0.38052080110558284, 0.43396779845815536, 0.47426681872494136, -0.06299244782351118, -0.5130128007106299, 0.23347311674395985, -0.18593374219966732, -0.6731698475674724, -0.12618620745835685, 0.7616326067347055, -0.0785616140565195, 0.40949510754694984, 0.3897576674294917, -0.04791556233857133], [-0.4675307893280728, -0.6104756680865772, -0.3555820318027257, -0.14554524926539408, -0.5151155674313083, 0.06813035847772447, 0.39266807576814894, 0.4847006412506934, 0.6730389644937568, 0.18887976535772197, 0.18312554800664946, -0.054630458314875854, -0.7207375151459307, -0.18105034149472407, 0.4090980030211926, -0.11051647322098508]], "inverted": true, "swapped": false, "error_lsq": 0.03217361362982298, "error_max": 0.21099680453620004, "target": "463.xyz", "model": "5.xyz", "model_rescale": 4.2253639853439635, "target_rescale": 4.080269492589017},
{"mapping": [0, 6, 10, 2, 9, 14, 13, 12, 7, 5, 8, 11, 4, 15], "R": [[-0.2815244368418155, -0.06459122385651966, -0.9573776502831137], [-0.8705222433452049, 0.4369043763805234, 0.22650737237621715], [0.40365209686329023, 0.8971859003017508, -0.17922735560624123]], "T": [0.057482713972902735, 0.0779155890097508, 0.027601244382953166], "aligned_model": [[0.5355250221001113, -0.2524113204439069, -0.342729114765861, 0.14494228327183478, -0.10366282443136597, -0.4272715626246717, 0.1420658646892886, 0.6496943844702642, -0.26826989301633114, 0.310198100896125, -0.6477010407131579, -0.015412025490242787, 0.5313199880314355, 0.11777429078426174], [-0.34836568333321255, 0.19433085422707408, -0.3671988212324528, -0.7119824421761314, -0.4661423330494666, 0.25852509755429304, -0.38962580826781845, -0.3288386395106426, 0.6123794173696393, 0.5853167721781692, -0.023276552220475685, 0.21628952395099094, 0.22371010444229955, -0.010022343297275998], [-0.5642661821871577, -0.7188849103165691, 0.26545443880703784, -0.008541518914638647, -0.5055348378121581, 0.3984453935434946, 0.5899355167487392, 0.19857455962717396, -0.06577705238809363, -0.3082402531787133, -0.18185196132642759, 0.7888393141545168, 0.5379519004855128, 0.04545380168873121]], "inverted": false, "swapped": true, "error_lsq": 0.040585347180644285, "error_max": 0.25149134588372596, "target": "463.xyz", "model": "6.xyz", "model_rescale": 3.89814844738969, "target_rescale": 4.080269492589017},
{"mapping": [5, 6, 8, 1, 14, 9, 0, 3, 12, 2, 10, 13, 15], "R": [[-0.15583762166887216, 0.6944867495009184, 0.702426359442923], [0.7552220943357002, -0.37457806337763694, 0.5378948434995989], [0.6366743468208755, 0.6143121594140133, -0.46611838292037333]], "T": [0.06677635723637833, 0.001532904125930712, -0.024606248943857736], "aligned_model": [[0.054250172075740635, 0.020931830131011367, 0.39020400292435026, -0.3618191937442487, 0.6623361434435279, -0.3816793157558805, -0.7672084955764301, 0.3840632929453553, -0.5011269199144132, -0.48033001924869834, 0.17334177759359312, -0.025652674018078678, -0.01867879995160643], [-0.48816524933556377, 0.23337454267170368, 0.595040887019008, -0.6931128180222454, 0.16888200745096826, 0.5633573425817475, 0.038900210900388754, -0.5785149365639188, -0.1524167615152871, 0.49696801033195237, 0.5639295817398118, 0.1972012496890007, 0.018337198522919505], [-0.4652300705135178, -0.8062558761245545, -0.33207568636610074, -0.06289544642461001, 0.12517594256149067, -0.3236744668410693, -0.2768366432421501, 0.06091782608674967, 0.4216906341602529, 0.27223216437232856, 0.27073131446179843, 0.6790555122429388, 0.039439826462738914]], "inverted": false, "swapped": true, "error_lsq": 0.0417448785434609, "error_max": 0.1998114467738099, "target": "463.xyz", "model": "7.xyz", "model_rescale": 3.7474275329858107, "target_rescale": 4.080269492589017},
{"mapping": [6, 5, 1, 0, 4, 2, 9, 10, 12, 13, 8, 14, 7, 3, 15], "R": [[-0.42400834824459754, 0.6679051535493313, -0.6116531913438632], [-0.48360208316694847, 0.4040489280231586, 0.7764492829025761], [0.7657322938047451, 0.6250177354488279, 0.15168020503329743]], "T": [0.011937112522715872, 0.010365660480353464, 0.03560013623796966], "aligned_model": [[-0.5337334283622497, 0.2636561123779711, 0.5774347237729682, -0.2126200684445488, 0.6761070411897665, -0.3622387639698684, -0.6655849147379305, -0.3575486900001409, 0.2833246498078759, 0.12605479110122692, -0.6202462465729595, -0.015126684531593075, 0.025330948490126265, 0.6018426594197877, 0.015501592798315153], [0.2756526704647295, 0.23328716519862047, -0.2910949837993555, -0.638717738241876, -0.16260239043199104, -0.6569382893491538, -0.32334981859418266, -0.07373067403292614, -0.6744544299506751, -0.38896910771303017, 0.37280908731320805, 0.4674806704566844, 0.6273878533728976, 0.31768322905298824, -0.09532528176634468], [-0.510929706354989, -0.5310162126251226, -0.47137798940808795, -0.5018122158008393, 0.2232059848134746, 0.25375656466724655, -0.15360575913536284, 0.5564441977582126, 0.08819089556343913, 0.643447156283572, 0.17833620571583514, 0.4776921003882886, -0.10436439401668605, -0.009213056652752911, 0.05804088450003303]], "inverted": false, "swapped": true, "error_lsq": 0.04467233761302443, "error_max": 0.28331039955148674, "target": "463.xyz", "model": "8.xyz", "model_rescale": 4.019505241142653, "target_rescale": 4.080269492589017},
{"mapping": [3, 7, 5, 1, 4, 12, 0, 11, 13, 10, 6, 2, 15], "R": [[-0.32260589207948753, 0.27804618531366443, 0.9047738707699939], [-0.01886448053382908, 0.953803073854636, -0.2998396699565232], [-0.9463453755208966, -0.11379813327980101, -0.3024572946586771]], "T": [-0.11105617757283619, -0.00625284615194098, 0.055417343885939996], "aligned_model": [[-0.2703372866070147, -0.6980542122903312, -0.23310072546047317, 0.3446441104382285, 0.19823267942020362, 0.6131151208471812, 0.5016545355959084, -0.220241496347992, 0.264100016866875, -0.14805732334256405, -0.4596440056195633, 0.4364464749449933, -0.009057116704275545], [-0.5206203276759471, -0.04206713446476616, 0.0529963832238661, -0.1541412323780313, -0.6291117689373201, -0.14855061017893229, 0.5729054744771366, -0.7265020781374049, -0.36216161799254365, 0.03415796183764755, 0.6959699325700517, 0.29465245547106655, -0.004149209700764295], [-0.33764306715272435, -0.17832716424996586, -0.5893346984545267, -0.6065185752096653, -0.09499130097306341, 0.08230259106130466, -0.16753656112360504, 0.3260905744987498, 0.5793981425140557, 0.697187061132545, -0.17305169314633323, 0.5479528453608906, 0.09117533978621743]], "inverted": true, "swapped": true, "error_lsq": 0.05296761530479676, "error_max": 0.2942356830061886, "target": "463.xyz", "model": "9.xyz", "model_rescale": 3.877068213659057, "target_rescale": 4.080269492589017},
{"mapping": [1, 7, 3, 9, 2, 8, 0, 11, 12, 5, 6, 14, 4, 13, 10, 15], "R": [[-0.621480385030743, 0.5070717215555869, -0.5971937710833], [0.3009790085580609, -0.5492448449205815, -0.7795779221704352], [-0.7233075192678742, -0.6642351763696498, 0.18872695367576403]], "T": [0.09702187939262533, 0.025082953407562947, -0.05496260043089149], "aligned_model": [[-0.24101944867379324, -0.34325596763302124, 0.6384038413449217, -0.3277879036595476, -0.044035335923661434, -0.6720355483880985, -0.3031399441392616, -0.32776008281851154, 0.2731054942189064, 0.24506625333232854, 0.5935425455548884, 0.165935885059832, 0.2730002767033689, 0.6289939642359887, 0.058877870235698515, 0.05510440753105486], [-0.7279961350661507, -0.20593368788359517, -0.292274368568808, 0.529704488130038, 0.4025290092273712, 0.004622755462754147, -0.525849269551105, 0.027332894487379966, -0.34750999712236497, -0.7409931796206533, 0.15228759028577699, 0.802380937433947, -0.23107636488347155, 0.5043198168829898, 0.49959642342679733, -0.03676965637356415], [-0.3223697006098639, -0.7023213095573093, -0.14957361558712662, -0.07818024064588262, -0.5822127259906583, -0.11374175390773168, 0.3574816216491924, 0.5485359485391103, 0.5682261908022649, -0.007998103288201622, 0.2879525254462153, -0.030874211319022474, -0.6562151988265953, -0.3464694195574972, 0.47095828791223127, -0.004741032773831116]], "inverted": true, "swapped": false, "error_lsq": 0.039956708008647264, "error_max": 0.27048698604401733, "target": "463.xyz", "model": "10.xyz", "model_rescale": 4.260839863003843, "target_rescale": 4.080269492589017},
{"mapping": [0, 9, 8, 6, 7, 5, 1, 12, 10, 14, 4, 15], "R": [[0.6033492050456485, -0.10072697481577214, -0.7910902687527177], [-0.6276030663918609, 0.5520560386034135, -0.5489522031079209], [0.4920204546828491, 0.8277005538151884, 0.26986601376926483]], "T": [-6.16787467213665e-05, 0.0545990485768602, 0.06775608274960535], "aligned_model": [[0.4283691279512861, 0.15414853209271875, -0.4050004737849832, -0.4914547976727424, -0.6211140296915074, -0.3287540350547959, 0.23477865094121125, 0.7065790638341772, 0.16549540788788564, -0.31380515208155574, 0.3228229229808298, 0.10683343169160608], [-0.11089725166038297, -0.595088277288742, -0.5538617280311132, -0.3288318101747828, 0.16013126881782325, 0.445257327897312, 0.6841482239033128, 0.23778977422290898, -0.4264197711007965, -0.022532821804306442, 0.6408392182623739, 0.04254435248932732], [-0.6735975714698428, -0.3326519325595362, 0.1988845628918188, -0.45982517632804665, 0.128111521363035, -0.3487267892342941, -0.3972285876006276, -0.044027451727015526, 0.4628285246465398, 0.6161606722036338, 0.3092174515357661, 0.057032853674074374]], "inverted": false, "swapped": true, "error_lsq": 0.04362407507044969, "error_max": 0.21714321167547282, "target": "463.xyz", "model": "11.xyz", "model_rescale": 3.890672605050136, "target_rescale": 4.080269492589017},
{"mapping": [9, 2, 13, 8, 10, 5, 0, 7, 6, 1, 11, 12, 3, 15], "R": [[0.6578870144915341, 0.22901168730241578, 0.7174526627188142], [0.4893141220957921, 0.5941976287774309, -0.6383579465103437], [-0.5725001013808124, 0.7710271234101815, 0.2788562512922752]], "T": [0.11187188062038766, -0.009614109533811189, 0.1966000723528368], "aligned_model": [[0.2409574222468947, 0.26690901220097163, 0.3744244243080206, 0.6969422318559069, 0.6863080780022317, -0.38462560683845537, -0.38256238507501716, 0.2030390912542665, 0.09498049678177073, -0.6905873754197985, 0.3942807336416889, -0.2286482217166672, -0.1533292626058328, 0.09178719615771287], [-0.3610591599398742, 0.24350458326600194, 0.6477492315784571, -0.46190924766500213, 0.15568609953294613, -0.34124832081072126, -0.16925402527362288, -0.3964174199678638, -0.811424451442285, 0.13751661269028514, 0.5589176848858368, 0.5189626489806364, 0.15208488761026578, 0.05904339638270517], [-0.48605964429186066, -0.5414980176451335, -0.005658922491396962, 0.12939579548106814, -0.04333613622228619, 0.47520289683730854, -0.5038262809160005, 0.6891014325902967, 0.04283641454821105, 0.24247578745478218, 0.6448870632986221, -0.19076049595635056, 0.7864836646187143, 0.11554687805088701]], "inverted": false, "swapped": true, "error_lsq": 0.04527873391042595, "error_max": 0.3032905083006478, "target": "463.xyz", "model": "12.xyz", "model_rescale": 4.124412569039231, "target_rescale": 4.080269492589017},
{"mapping": [0, 6, 8, 1, 9, 2, 5, 13, 7, 4, 10, 14, 15], "R": [[0.7734788180465622, 0.02234403633176041, 0.6334281822540727], [-0.6183121276344116, 0.2463325461320174, 0.7463312867194604], [-0.1393579235404322, -0.9689277685960512, 0.20434859527282442]], "T": [0.06479134849542213, 0.15468895039763741, -0.09974995342434455], "aligned_model": [[-0.23764984042026127, 0.09681839914677044, 0.6538240737646308, -0.7256122487854346, 0.3641818597999479, 0.39549648525502445, -0.4812129609588205, 0.3611243153853718, 0.03534571374483271, -0.2906160221521686, 0.6787442376332417, 0.4522004484466444, 0.064653846649978], [-0.3625803047554994, 0.5431566725962508, 0.4985646053746621, -0.0524145882742898, -0.1124744795512077, -0.5318126429825861, 0.482103534783601, -0.36467163343740117, 0.7866337061286242, -0.0729742943488568, -0.02399761174722026, 0.5113686398073067, 0.046583772915093635], [0.5338974777747707, 0.6178122407701536, 0.19382219303692272, -0.10769765358951248, 0.5674756551070806, 0.12881962040231465, 0.06992480292346999, -0.5291919845801907, -0.1160174483602806, -0.6725419253326542, -0.17723189063301156, -0.457277119749577, -0.10009588680164719]], "inverted": false, "swapped": true, "error_lsq": 0.046259054252830764, "error_max": 0.2426727191138668, "target": "463.xyz", "model": "13.xyz", "model_rescale": 3.9028299243045295, "target_rescale": 4.080269492589017},
{"mapping": [7, 4, 6, 5, 0, 10, 14, 13, 11, 9, 1, 8, 3, 2, 12, 15], "R": [[0.4867190628769926, -0.3707826266070876, 0.7909644730570969], [-0.7435696029227551, 0.2993768711936402, 0.5978944176053185], [-0.4584853317625749, -0.8791437497933177, -0.12999026024247362]], "T": [0.08013819357733949, 0.04552396680961426, -0.07635340950130773], "aligned_model": [[-0.17027074657258762, -0.3673897095459053, 0.5749710453709153, -0.32309408604412665, 0.08329284305150865, -0.5605836012942556, -0.2879267870662012, -0.5100069533987761, 0.31037479448126953, 0.17030721641513724, 0.6561182307792892, 0.04054837767828419, 0.26563898437687544, 0.6448525723448842, 0.06664513998576183, 0.0795189864190198], [-0.7493065252969481, 0.054058721082551935, -0.37504106012162175, 0.3585601229838856, 0.5309382924037772, -0.334987304100498, -0.43629181804815126, 0.1932150401024393, -0.23719149628180322, -0.7059203055799986, -0.0379240290043581, 0.8168427943566828, -0.07958055566435288, 0.49096232213132257, 0.39439245571739, -0.06835539841297608], [-0.43155448966267285, -0.5852828818040234, -0.22693152596383606, -0.037444191389585824, -0.7483499793879314, -0.08262687233032778, 0.5681870254356465, 0.4360599043044384, 0.5662349212915381, 0.091117511189373, 0.21257942781954417, -0.07901279027849378, -0.6582707234793835, -0.23393548835947572, 0.525600910952384, -0.07791349605189976]], "inverted": true, "swapped": false, "error_lsq": 0.04190378604665493, "error_max": 0.2763191980389121, "target": "463.xyz", "model": "14.xyz", "model_rescale": 3.942246331269136, "target_rescale": 4.080269492589017},
{"mapping": [11, 13, 4, 2, 9, 12, 5, 3, 7, 1, 0, 6, 10, 8, 15], "R": [[0.0029022855869518804, 0.8616826810885634, 0.5074391922687846], [0.9753435158599888, -0.1144183140812694, 0.1887153291936709], [0.22067306770026862, 0.4943798200926336, -0.8407686903524225]], "T": [-0.14498118798383494, 0.03161564886067507, 0.015177411922258223], "aligned_model": [[-0.7723245761910448, -0.2547898830824475, -0.30803283612275323, 0.31331311246075655, 0.3979132104283205, 0.2581940310633001, -0.026513066185218204, -0.5006306756116903, -0.5191167105968141, 0.24227500790952103, 0.7270879840973231, 0.14013868733779258, -0.30692872999649, -0.33479820274684735, -0.08149331623149869], [-0.07834852797047459, -0.4755042639795873, 0.23740133368527883, -0.5963094012966945, -0.36929962976526987, -0.09543662804101367, 0.6656727019047324, 0.5344247574958142, 0.3674043940546024, 0.6189065251884979, 0.03292934026293742, 0.1845244969203853, -0.5899587391921242, -0.3169862151077573, -0.02127545427767609], [-0.4301230943300968, -0.5070682638972309, -0.6461107303895458, -0.15385170047244312, 0.40342166594069434, -0.5903826604888005, 0.1495183831690117, -0.24004270228109195, 0.39956573174149096, -0.400532767875125, 0.008785583918237229, 0.7649466741506168, 0.06301841858264284, 0.6427448298512144, -0.05452688725905853]], "inverted": true, "swapped": true, "error_lsq": 0.04148560873729611, "error_max": 0.25981689813600667, "target": "463.xyz", "model": "15.xyz", "model_rescale": 4.355366556412066, "target_rescale": 4.080269492589017},
{"mapping": [0, 5, 1, 10, 12, 9, 11, 8, 3, 6, 7, 15], "R": [[0.9457928994216208, -0.2258935221023883, -0.23334075528253057], [-0.3223680272033973, -0.5657511299164161, -0.7589496123164491], [0.039429005067763236, 0.7930307532942694, -0.607904250592879]], "T": [-0.06333855784117952, 0.07653205922818865, -0.10890519395531784], "aligned_model": [[-0.33463644237090223, 0.5126588730573396, 0.22567569160165962, -0.5611367246883674, -0.48090114776558784, -0.4805046765172895, -0.09867738624265726, -0.13565672827719216, 0.4268698838346839, 0.20630593396767366, 0.469117997089418, -0.151306719056998], [-0.6876200730230813, -0.23749359777335374, -0.6119312072799548, 0.4759696590808332, -0.39970048634966604, -0.12866115473174652, 0.5398366914478323, 0.5595971622849365, 0.11633476078451545, -0.01723136382910559, 0.3818462552193377, 0.021829781910433048], [0.2120561725207511, -0.04786925949058694, -0.44084190863267575, -0.022204115109842368, -0.4886940637845328, 0.5156499786394253, -0.7318372711138872, 0.4503915172234496, -0.5589632936812643, 0.6561625639815525, 0.04523470980412381, -0.13982656914709166]], "inverted": true, "swapped": true, "error_lsq": 0.04170246923746915, "error_max": 0.19330864268398795, "target": "463.xyz", "model": "16.xyz", "model_rescale": 3.795458400668931, "target_rescale": 4.080269492589017},
{"mapping": [5, 6, 8, 1, 14, 9, 0, 3, 12, 2, 10, 13, 15], "R": [[-0.15583762166887216, 0.6944867495009184, 0.702426359442923], [0.7552220943357002, -0.37457806337763694, 0.5378948434995989], [0.6366743468208755, 0.6143121594140133, -0.46611838292037333]], "T": [0.06677635723637833, 0.001532904125930712, -0.024606248943857736], "aligned_model": [[0.054250172075740635, 0.020931830131011367, 0.39020400292435026, -0.3618191937442487, 0.6623361434435279, -0.3816793157558805, -0.7672084955764301, 0.3840632929453553, -0.5011269199144132, -0.48033001924869834, 0.17334177759359312, -0.025652674018078678, -0.01867879995160643], [-0.48816524933556377, 0.23337454267170368, 0.595040887019008, -0.6931128180222454, 0.16888200745096826, 0.5633573425817475, 0.038900210900388754, -0.5785149365639188, -0.1524167615152871, 0.49696801033195237, 0.5639295817398118, 0.1972012496890007, 0.018337198522919505], [-0.4652300705135178, -0.8062558761245545, -0.33207568636610074, -0.06289544642461001, 0.12517594256149067, -0.3236744668410693, -0.2768366432421501, 0.06091782608674967, 0.4216906341602529, 0.27223216437232856, 0.27073131446179843, 0.6790555122429388, 0.039439826462738914]], "inverted": false, "swapped": true, "error_lsq": 0.0417448785434609, "error_max": 0.1998114467738099, "target": "463.xyz", "model": "17.xyz", "model_rescale": 3.7474275329858107, "target_rescale": 4.080269492589017},
{"mapping": [0, 12, 1, 2, 6, 8, 5, 4, 9, 7, 10, 13, 14, 15], "R": [[0.9054180568090069, 0.12473526407990694, 0.4057822769652688], [-0.07844638995558269, -0.8902374486664153, 0.44869081659295024], [0.41721014645756027, -0.4380849220035172, -0.7962520297029287]], "T": [0.05775698895463596, 0.020683255731094016, 0.12850739649716675], "aligned_model": [[0.33509953789210656, 0.11331703865984702, 0.7684943547626676, -0.3775808201727542, 0.2326629885386447, -0.3818145801081748, 0.6839250310551438, 0.25348437229802556, -0.1806459836551556, 0.22634092315466714, -0.5848704095269727, -0.4147518466357626, -0.2921856856540116, 0.03337272727460625], [-0.44444626034273776, 0.29457638417747894, 0.22329826376533635, -0.15463553150644482, -0.7421684765113025, -0.43904928005386673, -0.08561795089799051, 0.6832729437939556, -0.6404538523679564, -0.06130962886424547, -0.00024077639594830003, 0.46005037678073973, 0.2283487766673617, 0.03878325326685381], [-0.5550735174921284, -0.5550795948102323, -0.22005026534146294, -0.5138621934257965, 0.3615171208116671, 0.5116750542061816, 0.30379052595960243, -0.041496403119357095, -0.2065489214354866, 0.7329430631306202, 0.09026213841544209, -0.22597960560598823, 0.6179428285257025, 0.02475448884289115]], "inverted": true, "swapped": true, "error_lsq": 0.03591891482780408, "error_max": 0.22568149225657577, "target": "463.xyz", "model": "18.xyz", "model_rescale": 3.922800546911778, "target_rescale": 4.080269492589017},
{"mapping": [6, 8, 9, 5, 13, 7, 10, 1, 14, 0, 2, 12, 3, 4, 15], "R": [[0.36222906806618016, -0.5679693878692855, -0.7390540417934914], [-0.9035885765379272, -0.40855006234185237, -0.12889736580175248], [-0.22873081689634417, 0.7144911622993371, -0.6611993590423947]], "T": [-0.009313553650726822, 0.04421824230019025, 0.01574319102526064], "aligned_model": [[-0.12106815184859653, -0.33990517695301037, 0.40793012417940633, -0.14030596634555248, 0.25688331441351164, -0.587599206526714, 0.004048861822853675, 0.3361049406250518, -0.5382852053452861, 0.7459377988570448, 0.6325229794095112, 0.6288520917234742, -0.3492411317772317, 0.07061632459603275, 0.08955924005712297], [0.5150055361908666, -0.15104887447016035, 0.04168765361624299, 0.6779299626069613, -0.5904885640881017, 0.2880872349631952, -0.5436566906769802, 0.5895059629515493, -0.3097761180949036, 0.4098043133558025, -0.3521096106778182, -0.07297480627668454, 0.2518969155263456, -0.04128785715164843, 0.005036447259912327], [-0.6420551362708431, -0.6198467352734337, -0.6416016946116812, 0.13968262105117613, 0.277000915863582, -0.06549392603693324, -0.24711608158126205, 0.5167823649248345, 0.012764813120636844, -0.22193188408770229, -0.23697102118910887, 0.36845545059031054, 0.5503081307533194, 0.7175519375664648, 0.03512941234396909]], "inverted": false, "swapped": true, "error_lsq": 0.03638915072612034, "error_max": 0.2409068881429521, "target": "463.xyz", "model": "19.xyz", "model_rescale": 3.9282355846067225, "target_rescale": 4.080269492589017},
{"mapping": [1, 5, 6, 3, 4, 7, 14, 8, 13, 2, 0, 12, 9, 15], "R": [[-0.1766985759084555, 0.5606275129377568, -0.8089959239756092], [-0.8381104561570102, -0.5166710550331252, -0.17499109740568508], [-0.5160896012827737, 0.6471072651641173, 0.5611628202399058]], "T": [-0.015112307866245733, -0.04950897014469197, -0.049695455735729616], "aligned_model": [[-0.5975247192100022, -0.12995259398873357, 0.634475704043355, -0.4707914178959829, -0.7142370696998906, 0.18025747649422214, 0.114123166747374, 0.683197517206273, -0.30527845647857654, 0.10704386128213442, 0.041342560544382345, -0.4927338953667134, 0.5365683125324422, -0.05396762712560789], [-0.6000930236968672, -0.6542180917030456, -0.5433345793093695, -0.18178082044221694, 0.06903364509976123, -0.22725942772747956, 0.3641472905328687, 0.14414660997903364, 0.563857163412684, 0.25112369467278395, -0.5164836795456357, 0.012338725862791507, -0.1373257598620339, -0.021269659848439385], [0.10950841152155463, -0.28474678191866604, -0.08131962714453286, -0.5179919118100484, -0.10807191472221447, -0.6247791655391861, -0.5158698612178358, -0.21173102959516374, 0.23588236874455562, 0.6766599988839826, 0.6846714081390597, 0.5101688325254476, 0.4926491706427444, 0.04715325873398507]], "inverted": true, "swapped": true, "error_lsq": 0.03931342652223542, "error_max": 0.2658488648037359, "target": "463.xyz", "model": "20.xyz", "model_rescale": 4.067790424073018, "target_rescale": 4.080269492589017},
{"mapping": [0, 3, 9, 2, 6, 7, 8, 1, 5, 4, 11, 10, 13, 14, 15], "R": [[0.42302364025461414, 0.33086363833639476, -0.8435521635397175], [-0.8167504590676984, 0.5423733135592546, -0.19684988278243606], [0.3923897136756252, 0.7722437708169345, 0.4996697619788524]], "T": [0.03815714494144263, 0.05558515666538784, 0.006845335232391504], "aligned_model": [[0.16764280675670837, 0.12595692235684042, -0.17359009497092723, 0.40176306506251547, -0.6787861722496482, -0.4586230983479059, -0.5199321091714001, 0.36809320469369944, -0.2115151885980036, 0.6095991431636294, 0.40317872633854956, 0.10296087797012074, 0.63647189494959, -0.13067648695337153, 0.1259004629071183], [-0.2600054061913034, 0.7005312397604224, -0.6001540335169288, -0.6314085794534056, -0.1015299642143813, 0.3955780691054627, -0.3464288486128148, 0.5456508142860228, 0.5462898902425075, 0.46703714166141597, 0.29895955237768534, -0.4542298242649078, -0.22626999873167725, 0.10418609998894804, 0.0026889874908018613], [-0.7957649576026241, 0.15098628519654916, -0.35560495113786394, -0.16263834144038714, -0.3511148922046746, 0.20203770306767208, 0.2866948424782906, -0.5576639525201469, -0.35507057939820774, 0.10881053474873714, 0.6483065861338685, 0.3951231347136671, 0.3301814339428742, 0.6186173836885228, -0.027650656045135696]], "inverted": false, "swapped": true, "error_lsq": 0.0396439719507019, "error_max": 0.23102654224163333, "target": "463.xyz", "model": "21.xyz", "model_rescale": 4.186013935880536, "target_rescale": 4.080269492589017},
{"mapping": [6, 8, 9, 1, 3, 0, 5, 14, 2, 10, 11, 12, 15], "R": [[0.005419621973248731, 0.689404242172561, 0.7243565548624133], [-0.999957913188753, -0.0016260684283894017, 0.009029271989508703], [0.007402671738055866, -0.72437500424569, 0.6893664146701632]], "T": [-0.07877006731585479, -0.07778866606916703, 0.050038300204985856], "aligned_model": [[0.004875818580323321, -0.450857570887659, 0.31433639130870283, 0.4416785065144172, -0.32090285183097533, 0.761627568103826, 0.039295116316052967, -0.7024879487694905, 0.3674454175670335, -0.28649996698617697, -0.5700895041841187, 0.4625982895960119, -0.0024452299047214854], [-0.39829419147233386, 0.11774177383168787, 0.22368752810511605, -0.5541348289901745, -0.5088678414561905, -0.0773604617616494, -0.7257267413363947, 0.047904081599663986, 0.5722867006963854, 0.5162560601514784, 0.13107730527207634, 0.18470699058260748, -0.010319715676179161], [-0.6963583635466074, -0.5621000497288384, -0.5506116858727601, 0.4622524476227295, 0.49723325062480955, -0.18293992445717205, 0.03139957745121611, 0.06762305955485622, -0.05573567507927228, -0.08718283591415506, 0.6147724011349628, 0.478304423067389, 0.0862229364781879]], "inverted": true, "swapped": true, "error_lsq": 0.04549783505727621, "error_max": 0.295433509912065, "target": "463.xyz", "model": "22.xyz", "model_rescale": 4.166573947596378, "target_rescale": 4.080269492589017},
{"mapping": [11, 3, 6, 8, 4, 9, 14, 10, 13, 12, 5, 0, 2, 1, 7, 15], "R": [[-0.15837911575849253, 0.7531257472736794, -0.6385277319623793], [-0.923672070775831, -0.34153798448791833, -0.17372884279997697], [-0.34892113917079703, 0.5622752119250791, 0.7497337025200088]], "T": [-0.020663423193604556, -0.06639424739409326, -0.09131181818032046], "aligned_model": [[-0.27699084336953367, -0.28663779826878427, 0.681813649830446, -0.5636976523423947, -0.0381023549473545, -0.5983858183344668, -0.21013782741791706, -0.23705422662764866, 0.22533396317809498, 0.11481763381212834, 0.5937726639098518, 0.2507083120308645, 0.3347290779877419, 0.591744868557481, 0.04901666753401158, 0.04206599144857218], [-0.6716323057078101, -0.06349791367598183, -0.33925459889901144, 0.5266730527744017, 0.47490533140388114, -0.22957528698209595, -0.5694694106517502, 0.051062541159591204, -0.12668118932630426, -0.7064825402133373, 0.2064713495010621, 0.7037096621096777, -0.10306239872309446, 0.2505565703183059, 0.44829316315958223, -0.037644769979774464], [-0.5272894252440304, -0.6304554864825879, -0.19705122625053317, -0.17770709388922606, -0.5878439551231548, -0.0836994102972488, 0.4891988134857756, 0.616021311339217, 0.7165643539070233, -0.055073498440409145, 0.3976407788036714, -0.0985996660302172, -0.6615405932971782, -0.271859108974451, 0.40024814970148265, -0.09009668092283901]], "inverted": false, "swapped": false, "error_lsq": 0.04042576149209772, "error_max": 0.2958311134805145, "target": "463.xyz", "model": "23.xyz", "model_rescale": 4.274766983524099, "target_rescale": 4.080269492589017},
{"mapping": [0, 12, 2, 9, 10, 8, 6, 7, 5, 4, 15], "R": [[0.788017665388796, -0.07835824230003874, 0.6106456786867813], [-0.49622221806940714, -0.6679278577510372, 0.5546493370900102], [0.3644059128629353, -0.7400894288555663, -0.5652220519112576]], "T": [-0.0004980409886799556, 0.17723595749685245, 0.2017914696122487], "aligned_model": [[0.2164291635551724, 0.21375743028984792, -0.3850542694554819, -0.37247799392213493, -0.6131483364609597, -0.5955436296415014, -0.07783754184578767, 0.06236833275904324, 0.5437487210118629, 0.3934743163941598, -0.005821488726145199], [-0.07509434725705749, 0.6452328591543718, 0.3851377857778726, -0.21353847837612344, 0.3700210227263028, -0.2296822344634803, -0.6326653966486881, -0.1621764189198835, -0.17154551523598882, 0.762248382370688, 0.23764887211547017], [-0.6043221869996701, -0.32780180138378034, -0.4628796612614122, -0.35957048503477684, 0.15317025770184578, 0.37992893108056325, 0.1317428874622995, 0.7321997169842213, 0.3292963137679207, 0.29550293936482763, 0.11229952233953933]], "inverted": true, "swapped": true, "error_lsq": 0.04989031741518566, "error_max": 0.2598758404745651, "target": "463.xyz", "model": "24.xyz", "model_rescale": 3.7841303162186577, "target_rescale": 4.080269492589017},
{"mapping": [7, 1, 11, 2, 4, 8, 10, 9, 14, 11, 13, 5, 6, 3, 12, 15], "R": [[-0.585399915173284, -0.09121110086538531, -0.8055975883740198], [0.5637489165571252, 0.668316567606694, -0.48532476193068386], [0.5826612209472839, -0.7382638420926032, -0.3398123026950154]], "T": [-0.08897145149449409, -0.08955390844777938, -0.06536312175478948], "aligned_model": [[-0.04338846782164163, -0.5612317014345461, 0.5527219011959739, -0.4296720998264482, -0.045493858461349776, -0.6520115010609475, -0.207243095525738, -0.3284357894270712, 0.059276685914993965, 0.5527219011959739, 0.5946499981181139, 0.16060615086223312, 0.31581962581133655, 0.5797203915187776, 0.16594635322547474, -0.04099018730404197], [-0.6954941487331072, -0.01394894549398562, -0.5104739001786933, 0.5777702790945831, 0.42583902507561006, 0.048971067168325416, -0.7148672180070952, 0.0814991319220284, -0.1112143338995722, -0.5104739001786933, -0.018764612166288774, 0.75128231358824, -0.13392848676205635, 0.28951400009613065, 0.43488543675990193, -0.08622445201798554], [-0.29680248077286764, -0.6348282565141696, -0.08735336588258337, 0.020628301505520363, -0.6031215859713508, -0.18049138654509392, 0.38213010543789216, 0.44014493630648527, 0.7136441170013255, -0.08735336588258337, 0.30833540170037266, -0.07201244937077511, -0.6621893383170683, -0.30652826731444816, 0.4195618131196982, -0.11530691621505973]], "inverted": true, "swapped": false, "error_lsq": 0.04079678024720785, "error_max": 0.38187292524228916, "target": "463.xyz", "model": "25.xyz", "model_rescale": 4.19342608120988, "target_rescale": 4.080269492589017},
{"mapping": [0, 5, 1, 10, 12, 9, 11, 8, 3, 6, 7, 15], "R": [[0.9457928994216208, -0.2258935221023883, -0.23334075528253057], [-0.3223680272033973, -0.5657511299164161, -0.7589496123164491], [0.039429005067763236, 0.7930307532942694, -0.607904250592879]], "T": [-0.06333855784117952, 0.07653205922818865, -0.10890519395531784], "aligned_model": [[-0.33463644237090223, 0.5126588730573396, 0.22567569160165962, -0.5611367246883674, -0.48090114776558784, -0.4805046765172895, -0.09867738624265726, -0.13565672827719216, 0.4268698838346839, 0.20630593396767366, 0.469117997089418, -0.151306719056998], [-0.6876200730230813, -0.23749359777335374, -0.6119312072799548, 0.4759696590808332, -0.39970048634966604, -0.12866115473174652, 0.5398366914478323, 0.5595971622849365, 0.11633476078451545, -0.01723136382910559, 0.3818462552193377, 0.021829781910433048], [0.2120561725207511, -0.04786925949058694, -0.44084190863267575, -0.022204115109842368, -0.4886940637845328, 0.5156499786394253, -0.7318372711138872, 0.4503915172234496, -0.5589632936812643, 0.6561625639815525, 0.04523470980412381, -0.13982656914709166]], "inverted": true, "swapped": true, "error_lsq": 0.04170246923746915, "error_max": 0.19330864268398795, "target": "463.xyz", "model": "26.xyz", "model_rescale": 3.795458400668931, "target_rescale": 4.080269492589017},
