[{"mapping": [8, 0, 7, 3, 11, 4, 6, 12, 13, 9, 10, 5, 2, 14], "R": [[-0.7518007837753383, -0.2651469072403652, -0.6037323074804396], [0.42900322718623457, -0.891996651622223, -0.14247176758410202], [-0.5007512482047177, -0.36611349480128647, 0.7843526606991306]], "T": [0.037708945074081394, 0.07477944516119446, 0.12088872675060135], "aligned_model": [[0.15834531878745764, 0.3257249090600604, -0.5725899388863557, -0.3818286829511561, -0.6565578474587509, 0.02000562805743055, -0.6516105160111733, -0.0015888520142530796, -0.43000381905635165, 0.34358303763332815, 0.4425594419233654, 0.18500587342917701, 0.6178715708433143, -0.027424022227789425], [-0.6739182275071175, -0.4011538122390849, -0.32170537446526026, -0.12349253429710559, 0.3626192172277918, 0.2663028389461375, 0.11300794174223452, 0.42449279276056906, 0.6516361808628155, -0.14759130613728577, 0.5220229141982544, 0.7015991199595586, -0.2108551039701645, 0.07230868472869183], [0.2412929444181633, -0.3773805029209964, 0.4616407360906758, -0.4072292133076797, 0.574737934271564, -0.5900907798881903, -0.029818171403585933, 0.7643428954569687, 0.1050408079507081, 0.6895215068831952, 0.35437728706363936, -0.18848539522590058, 0.1736266049364631, 0.1260114328548089]], "inverted": false, "swapped": true, "error_lsq": 0.04182766107204277, "error_max": 0.29741416693894396, "target": "464.xyz", "model": "0.xyz", "model_rescale": 3.8414455957264533, "target_rescale": 4.278657557595835},
{"mapping": [9, 6, 8, 7, 2, 5, 4, 0, 13, 12, 10, 1, 1, 3, 14], "R": [[-0.5188267004292133, -0.8541973455313352, 0.034143078492672674], [-0.26087703741180085, 0.19623403794180505, 0.945217104005369], [-0.8141019753525831, 0.481496726095075, -0.3246519312844869]], "T": [0.017310735781458572, 0.06887526386388532, -0.029176066385354832], "aligned_model": [[-0.14384022854461026, -0.016070178766615012, -0.7263855850970898, 0.3268014765787054, 0.5564169224338877, 0.27208784744727266, 0.5487811231713386, 0.2745561137237962, -0.4803896420246848, -0.6417716696429044, -0.27151949878262804, 0.20701144268451366, 0.20701144268451366, 0.48698465938568486, 0.01673665000520029], [0.6197778673800842, -0.1394546057847704, 0.11599329373491281, 0.6297859750082413, 0.08303645048282837, -0.45176928914923853, 0.07569915043797858, 0.46692793179407427, 0.5771917888766814, -0.22337623909741772, -0.5306869562177545, -0.36004038398190696, -0.36004038398190696, -0.5009362277552617, -0.0015646007228734549], [-0.3980207059414874, -0.7811810888019284, -0.2918509054418499, -0.07967020089052212, -0.532930677207976, -0.342769206889868, 0.08619245942591523, 0.5193640493656535, 0.23303690997139917, 0.220801904131985, -0.18881171485655338, 0.6978334933882755, 0.6978334933882755, 0.2317801589571926, 0.02651859197529096]], "inverted": false, "swapped": false, "error_lsq": 0.05292909618928677, "error_max": 0.449077149777695, "target": "464.xyz", "model": "1.xyz", "model_rescale": 4.316132596720782, "target_rescale": 4.278657557595835},
{"mapping": [2, 0, 1, 12, 10, 9, 13, 7, 4, 8, 3, 14], "R": [[-0.4005332780317403, -0.7524035211932292, 0.5229359755124706], [-0.723214591919036, -0.09083292524484299, -0.6846240090201682], [0.5626133194517627, -0.6524096266821139, -0.5077675962366779]], "T": [-0.06407123094453589, 0.06977657877952248, -0.08669945351846448], "aligned_model": [[-0.09674288719250405, 0.5264188221874475, 0.17990370863726657, -0.7755941359438714, -0.5358400359553818, -0.5300858857552369, -0.2085974346851101, -0.08476791571927296, 0.4879108049692538, 0.12497294499977722, 0.5657485036178298, -0.055517934528417426], [-0.529587784563987, -0.34602906127236777, -0.6056563919984742, 0.24549047051002565, -0.23547407672301102, -0.17910325032256522, 0.6023899706166022, 0.6645845571089406, 0.011708132592513132, -0.13013892440605881, 0.38051261438273026, 0.13408017181663268], [0.1595767625973369, 0.10347166179920503, -0.37052848236890046, -0.11384339363384394, -0.40717376625878887, 0.34601306344989796, -0.583896829872451, 0.45325608907914744, -0.570879548365959, 0.6301649733304269, -0.11835977430254167, -0.07854229424410869]], "inverted": true, "swapped": true, "error_lsq": 0.05091428557437385, "error_max": 0.31958584767229564, "target": "464.xyz", "model": "2.xyz", "model_rescale": 3.795458400668931, "target_rescale": 4.278657557595835},
{"mapping": [7, 6, 11, 5, 9, 10, 13, 0, 4, 1, 12, 14], "R": [[0.4234896277240593, -0.40101543399169903, 0.8123073044793989], [0.7942887745713046, 0.5955541260229748, -0.12008590911104461], [-0.43561666382285363, 0.696061710394603, 0.5707330527684435]], "T": [0.1547181349088665, 0.0241811550314639, -0.03472145392627799], "aligned_model": [[-0.3008982478315439, -0.2595145960588695, -0.7144775982950209, 0.1695639563525682, 0.13859753347473036, 0.1161073900258423, -0.40915835344606494, 0.8436251898195362, 0.4677446397279927, 0.8236612909356313, -0.3890288091275836, 0.10708143016634672], [-0.2191971757270833, -0.5466881791173567, -0.07757223540638052, 0.013745262105005363, 0.5981177703181252, 0.5438236941930724, -0.20630058355729977, -0.21550149384753092, -0.45947273306943803, 0.15705961574998806, 0.5148222641563658, -0.01706716050775838], [-0.650316752578406, -0.07778831423049307, -0.10530645005962078, 0.6794090179697152, -0.4044346373752983, 0.34859094486317566, 0.3903568375010305, -0.19502486552003254, 0.4241682936888065, 0.32742596834556786, 0.003847606970598237, -0.05215621893594269]], "inverted": true, "swapped": true, "error_lsq": 0.048114197812397286, "error_max": 0.25806065866140526, "target": "464.xyz", "model": "3.xyz", "model_rescale": 3.7530521520055578, "target_rescale": 4.278657557595835},
{"mapping": [9, 0, 1, 4, 10, 3, 12, 7, 11, 13, 14], "R": [[0.3531128800152813, -0.582841678811062, -0.7318516730923124], [0.8535307200433577, 0.5210331499909012, -0.003125148448758719], [0.38314044932580693, -0.6235543553302008, 0.6814567939636061]], "T": [-0.0806368855503864, -0.08800873323347798, -0.06261330986983625], "aligned_model": [[-0.4575216336886187, -0.08668339711665657, 0.4117277070104498, 0.4441863849809611, 0.2747437631540634, -0.08941045213860692, -0.1682209278625913, -0.7732661554937105, -0.33104312846015277, 0.22054723496762751, -0.10685979290756015], [-0.6570400793449396, 0.04387451806079691, -0.3157482852882414, 0.3482106523355676, -0.5917638133993635, 0.5855877694338889, -0.4910977796898344, 0.2142104783410687, 0.14217886835839527, 0.22906638990806455, -0.04027536040105709], [-0.03998227063882699, -0.7976698614179951, -0.6121623897511635, -0.3396686455397685, 0.13330240396123438, -0.26366786441255613, 0.5437902403588201, 0.21070905364971393, 0.7467985743706782, 0.5378211758300728, -0.026439639164893017]], "inverted": false, "swapped": true, "error_lsq": 0.04582464144676743, "error_max": 0.2524574936664429, "target": "464.xyz", "model": "4.xyz", "model_rescale": 3.7855080009869324, "target_rescale": 4.278657557595835},
{"mapping": [11, 1, 12, 6, 4, 0, 7, 8, 13, 14, 2, 10, 9, 5, 16], "R": [[-0.6351923361557178, 0.630325301197191, -0.4463414732687434], [-0.23752561524482985, 0.3904690454995198, 0.8894467418621866], [0.7349233144972385, 0.6709872868969761, -0.09830454023608787]], "T": [0.010367635292866557, -0.00313903162856727, 0.07905360642286938], "aligned_model": [[-0.22824978278642125, -0.06482600510553196, -0.5560030497674859, 0.28400476844580697, 0.5391527750783724, 0.3184451523719093, 0.7286876656582234, 0.10967402823075409, -0.3612744434956471, -0.6215291008092986, -0.34289489255331385, 0.3699607759595235, -0.20475632903629945, 0.6786735529689366, -0.03265423990314762], [0.5567066272342265, -0.12369485691972412, 0.15140556473990113, 0.5576880974608989, 0.08857454072118906, -0.4862250140296918, 0.1848812112977584, 0.4578456122292111, 0.6114348397015149, -0.18889546865812437, -0.6253964907279475, -0.17127929154513732, -0.5214743069829186, -0.45958332424231435, -0.03144396925517133], [-0.4328748986850205, -0.6645297099723912, -0.26504736400256734, -0.11244761734363767, -0.42984292574670324, -0.4502762155203742, 0.1792244310263783, 0.6014914232131583, 0.17417858120607874, 0.23364487247106536, -0.1047586037091065, 0.6901067139797845, 0.5171908469579272, 0.06769346739267362, 0.09437355930653685]], "inverted": false, "swapped": false, "error_lsq": 0.034202349552959685, "error_max": 0.22507607024524973, "target": "464.xyz", "model": "5.xyz", "model_rescale": 4.2253639853439635, "target_rescale": 4.278657557595835},
{"mapping": [8, 7, 6, 3, 7, 13, 4, 0, 12, 9, 11, 5, 1, 14], "R": [[0.6785800306325281, -0.3764494369177284, 0.6307257434662727], [0.5775216842970428, 0.8040268838709258, -0.14145484855428542], [-0.45386985600881685, 0.460246229161233, 0.7630043003479088]], "T": [0.13088397606967297, 0.06407338033182185, 0.07760068463235437], "aligned_model": [[0.5931604045814213, -0.23876323472945457, -0.3908720064867264, 0.060053595468587476, -0.23876323472945457, -0.5442968457915289, 0.22215028457010258, 0.7602005365415989, -0.2763786958844815, 0.32583505488290215, -0.7058128820795457, 0.001350111910372681, 0.7270165572079359, 0.07918250729605389], [-0.12088402462462443, -0.22036947363874615, -0.4107927627527638, -0.6275547887203106, -0.22036947363874615, 0.0493969740176082, -0.3536107409810481, -0.333950658372005, 0.6459931744134602, 0.5309792914701998, 0.11844211911892726, 0.21360153378332603, 0.1442993700229317, 0.02991860653678126], [-0.5069416811102818, -0.5767922204333861, 0.03749897205613956, 0.18183930864599762, -0.5767922204333861, 0.38693147953270096, 0.6773480584460579, 0.13483194861997, -0.1051107787723965, -0.381031953965157, -0.18282132782148808, 0.7640217992021555, 0.5618342264896177, 0.05674259847490501]], "inverted": true, "swapped": true, "error_lsq": 0.047213416134572604, "error_max": 0.3766959108216498, "target": "464.xyz", "model": "6.xyz", "model_rescale": 3.89814844738969, "target_rescale": 4.278657557595835},
{"mapping": [5, 13, 6, 1, 3, 12, 10, 0, 2, 9, 7, 8, 14], "R": [[-0.7342440896750305, -0.6780353732624401, 0.0339654144998876], [-0.07558690501875448, 0.03192806538958243, -0.9966279237660183], [0.6746645363193262, -0.7343355031900214, -0.07469358866520259]], "T": [-0.05892131420966179, 0.08069912893745028, -0.0515857925127612], "aligned_model": [[-0.14352806520154823, 0.11954707465191913, 0.5173196108043774, -0.2463403701611476, 0.6353323058871589, -0.5440815632547549, -0.6243636537635722, 0.19201145833888333, -0.42406706088542206, -0.5784895850982936, 0.26920748421376167, -0.008734676256796747, -0.015181158370342528], [-0.2996243414866164, 0.3259911163987257, 0.4118303083523806, -0.6664017484423376, -0.029518468889722774, 0.5640483322716674, -0.042329841065203766, -0.44440258656553994, -0.2334332338021688, 0.32952302119124083, 0.7670311838955286, 0.15395745914032677, 0.12711006447220513], [-0.6503406611335479, -0.7296351674476527, -0.29165629234814444, 0.003248168321020692, -0.04178018746136313, -0.31401690719514763, -0.34069889559243344, 0.4164300387203901, 0.38309396795084544, 0.31513812640007355, 0.2073672414704253, 0.7111153506492721, -0.06598975149744225]], "inverted": true, "swapped": true, "error_lsq": 0.052026202954399185, "error_max": 0.2776062640270831, "target": "464.xyz", "model": "7.xyz", "model_rescale": 3.7474275329858107, "target_rescale": 4.278657557595835},
{"mapping": [5, 6, 7, 8, 3, 0, 4, 4, 9, 11, 10, 13, 12, 1, 14], "R": [[-0.5137315986088629, 0.2501381273412456, 0.8206770143247569], [-0.3373957414567997, 0.8205813748486783, -0.46131369034342495], [-0.788824415340701, -0.5138843493449355, -0.3371630425487552]], "T": [0.06906430468933138, -0.07445460458442907, 0.01759754484323698], "aligned_model": [[-0.12723621034008242, -0.15489016481714296, -0.531976274956835, 0.29767343558601433, 0.3918728325836641, 0.2502269123693078, 0.47830310353394817, 0.47830310353394817, -0.42625453236180283, -0.4839371811948629, -0.46097045410814924, 0.1887109595511774, -0.06651661663069354, 0.6685876667935609, 0.11451429571432865], [0.42688091880801404, -0.13888387396543206, 0.061827057962973136, 0.5681461504900696, 0.15604853084406903, -0.48634377137031326, 0.3809765056111968, 0.3809765056111968, 0.49561142708691375, -0.06713961669766147, -0.563832541500898, -0.10319271392088353, -0.5109014541315324, -0.5275900368989312, -0.07203931690510967], [-0.4547902881985335, -0.7651101676732863, -0.27232513794638824, 0.014068989207863598, -0.579727739956375, -0.4637969518951269, 0.5047648212809313, 0.5047648212809313, 0.1177195168833349, 0.301526766925003, -0.21657279703237134, 0.9080865272257844, 0.43205451497859, 0.011129289882064804, 0.05633439561138011]], "inverted": true, "swapped": false, "error_lsq": 0.053302620819612255, "error_max": 0.4061777446840593, "target": "464.xyz", "model": "8.xyz", "model_rescale": 4.019505241142653, "target_rescale": 4.278657557595835},
{"mapping": [12, 9, 10, 5, 13, 4, 0, 11, 6, 7, 8, 3, 14], "R": [[0.6998281375368233, 0.09409585771856542, -0.7080865395359167], [-0.5403670444014802, 0.718048733209546, -0.43864504335621474], [0.46716596112789566, 0.6896027742812337, 0.5533570081485151]], "T": [0.007542105258213114, 0.02563436513558265, -0.08376811499129258], "aligned_model": [[-0.48170650589931047, -0.6354641831366395, -0.12018046269198016, 0.47904953271047995, 0.2632123323803482, 0.7389961281127045, 0.2895041634248892, -0.24210493517152384, 0.2465640132506329, -0.363191730905086, -0.35805060833650787, 0.49308185351969247, 0.009991174483476865], [-0.49288691451020333, 0.16148407477258098, -0.22048183989150158, -0.3071164655158344, -0.6610084197107262, 0.1011630000096655, 0.7170931593606704, -0.6938398843640428, -0.285978536888071, -0.06125663934237152, 0.6494360170943978, 0.16216684509896553, -0.005396167999470375], [-0.25595547981720046, -0.269344836725284, -0.6682005853860729, -0.5048016857716309, 0.03839775899555266, -0.12568367802786526, -0.07281275597660428, 0.3531190286467504, 0.5036850604406131, 0.623892289363319, 0.17471202376930892, 0.40596874552870676, -0.026272390995714226]], "inverted": false, "swapped": true, "error_lsq": 0.048480921215687894, "error_max": 0.3012482446085225, "target": "464.xyz", "model": "9.xyz", "model_rescale": 3.877068213659057, "target_rescale": 4.278657557595835},
{"mapping": [5, 1, 0, 3, 4, 7, 13, 10, 12, 11, 8, 14, 9, 2, 15], "R": [[-0.2929682674322417, -0.5618596620069397, 0.7736170334779335], [0.9418107459879189, -0.30905424076581245, 0.1322043683330742], [0.1648093232175608, 0.7673325201463281, 0.6197085528750227]], "T": [0.10015280475552943, 0.0654363657155245, 0.06257970703288669], "aligned_model": [[-0.14372106352663463, -0.18346049811489182, -0.6382414933241686, 0.35366803585728745, 0.5411100944872754, 0.2363614021421711, 0.7971421551490493, -0.12431717452652236, -0.3985946100248092, -0.5801422497410116, -0.2990878892600549, 0.4189173646148764, 0.07028826279838529, 0.5503990348512899, 0.01608950387413835], [0.47639833674319, -0.06899619969272644, 0.11582447481184269, 0.5783548285561985, 0.028449978694024533, -0.5070815690580023, 0.20290677853127206, 0.10515253744586689, 0.6215083234284844, -0.01192152118379751, -0.5852896541426562, -0.1392924809710179, -0.4704875271922335, -0.42031212045437016, 0.07532958550759591], [-0.5559922265210693, -0.7463689872587362, -0.2306794525152469, -0.21202186034211484, -0.4495524590653773, -0.5030677112211243, 0.3674505436210364, 0.7343286434399937, 0.07775237353337687, 0.3380242067523838, -0.04915860837227344, 0.7452192908182548, 0.44668775699270874, 0.10359310018337171, 0.03191195052861817]], "inverted": false, "swapped": false, "error_lsq": 0.04108197545332991, "error_max": 0.37695098687907114, "target": "464.xyz", "model": "10.xyz", "model_rescale": 4.260839863003843, "target_rescale": 4.278657557595835},
{"mapping": [7, 8, 2, 9, 10, 12, 11, 6, 4, 5, 13, 14], "R": [[0.7285269986551777, 0.6609100755869621, 0.1801285213899093], [0.5176219152809203, -0.7033603312978411, 0.48718764062474246], [0.4486824768713291, -0.2616908793676758, -0.8545185302873086]], "T": [-0.0049320968208057935, -0.12312039980533093, 0.023505468556373317], "aligned_model": [[0.4640291795418015, 0.0652828635230382, -0.4255515836251782, -0.4567204640034509, -0.5856911291902585, -0.3776143466421116, 0.2741062594877816, 0.6269546460239618, 0.2827837843120722, -0.17313466367918942, 0.21685225802851638, 0.047601845317147486], [0.00042552726999905977, -0.721263285038744, -0.6140815458956674, -0.2322048481191045, 0.11345382138712534, 0.41398834916991534, 0.6189706113017444, 0.19180916201702383, -0.23541135544720596, 0.1749555038019879, 0.5531782814493499, -0.09074171636348997], [-0.6172664073888239, -0.45282788482375563, -0.031206981055779064, -0.4768332213206293, 0.18224783020237778, -0.308908643678855, -0.35368910153612454, -0.0060550091187180285, 0.692158435113466, 0.6505383938137606, 0.2361127907783459, 0.0019078764102401988]], "inverted": false, "swapped": true, "error_lsq": 0.04209211210696751, "error_max": 0.2405996845724006, "target": "464.xyz", "model": "11.xyz", "model_rescale": 3.890672605050136, "target_rescale": 4.278657557595835},
{"mapping": [13, 13, 5, 12, 10, 8, 3, 9, 7, 0, 1, 4, 2, 14], "R": [[0.11179791852246079, 0.9667979876404122, -0.22978876497447628], [-0.16841634813691686, 0.24632712360234904, 0.9544416597456433], [0.9793554814745615, -0.0680044062707921, 0.1903634461588858]], "T": [0.07602095674366723, -0.06383853225369081, 0.10204844295655269], "aligned_model": [[0.42326548889700455, 0.42326548889700455, 0.41311267884313485, 0.7212114852723895, 0.6450649392563673, -0.41383389053171393, -0.47525194956517264, 0.29947488426807944, -0.15587408802667946, -0.5319914298102436, -0.005971224611983322, -0.19744219558078885, 0.0008676046708019081, 0.06397804281549398], [-0.04603519116711764, -0.04603519116711764, 0.5100527420845126, -0.4123506859647077, 0.16260081099861584, -0.41156152067739615, 0.027549807671983076, -0.42386443380154254, -0.800874471918046, 0.2508892693871569, 0.6134270841128239, 0.5371031648030896, 0.07349060103203363, -0.10223946556652268], [-0.5543617608953627, -0.5543617608953627, -0.1574310616221195, 0.1141095450329015, 0.31028322147834797, 0.5803051389643546, -0.32454095198217753, 0.6375861565322519, -0.11881256238598409, 0.4003858943757098, 0.4638231710130366, -0.22440746175329074, 0.7316909880689969, 0.05052187942555897]], "inverted": true, "swapped": true, "error_lsq": 0.047802254082896255, "error_max": 0.30671412451103064, "target": "464.xyz", "model": "12.xyz", "model_rescale": 4.124412569039231, "target_rescale": 4.278657557595835},
{"mapping": [7, 8, 0, 12, 3, 6, 9, 13, 2, 10, 4, 1, 14], "R": [[0.5213629520621448, 0.40115381749149825, -0.7531641832489405], [-0.8522257840856015, 0.19978662634741506, -0.4835250943564361], [-0.0434958061970091, 0.8939580072043184, 0.4460349719456493]], "T": [0.07497063460143964, 0.07699227716429247, -0.04652562596460683], "aligned_model": [[-0.2280668118509706, -0.030429577764260196, 0.5728056853513745, -0.5753170500431615, 0.6260189218145449, 0.25451851320342556, -0.5002846006149827, 0.09570506327157942, 0.004668726061008391, -0.18788102149358027, 0.7806452813401642, 0.4821533145580355, 0.07276186367658011], [-0.28029479045582206, 0.5355997731164626, 0.5691582256124725, -0.14016650558004934, -0.18434555649653078, -0.5436590308190642, 0.4370818320613315, -0.607990639661462, 0.7216361993739405, 0.214723007661383, -0.011306741694436406, 0.6163095432744055, 0.02074006011584642], [0.6063841144941323, 0.5602432552772906, 0.2136105454550057, -0.30699635339346554, 0.30316063289571527, 0.2396383475209534, 0.029420914334917607, -0.3331238934223018, -0.06771305162717073, -0.6213184633915482, -0.23813213128057006, -0.42019866271598094, -0.013277173179138867]], "inverted": false, "swapped": true, "error_lsq": 0.04706359628018922, "error_max": 0.3135578562167187, "target": "464.xyz", "model": "13.xyz", "model_rescale": 3.9028299243045295, "target_rescale": 4.278657557595835},
{"mapping": [10, 7, 9, 5, 4, 3, 8, 12, 14, 11, 6, 2, 1, 2, 15], "R": [[-0.41306737033240526, 0.7763940535071444, 0.47601220703403946], [-0.7739309060509135, -0.02376851306111169, -0.6328238383990258], [-0.4800065626904325, -0.6297994374922936, 0.6106933504701904]], "T": [0.12279181283441168, 0.031287885936076884, 0.006867350782183617], "aligned_model": [[-0.11531220217278085, -0.30698988648108505, -0.599627844121112, 0.4045227679485034, 0.4626168607009302, 0.32182539399648, 0.7644267854076608, 0.07772344588294469, -0.5906923578977251, -0.4927701186430533, -0.19587751635101167, 0.5139004670579166, -0.17110520973996243, 0.5139004670579166, 0.0298698226107581], [0.5125323715088411, -0.06494570550163421, -0.11308561398843738, 0.4587560132160894, 0.18846339120739647, -0.4200868736721745, 0.2109961866964305, 0.3849791182327845, 0.5545739304804537, 0.07193357380110947, -0.5473009529373523, -0.44665952277277493, -0.35242734258835223, -0.44665952277277493, 0.009474720114066727], [-0.5099138652002033, -0.7847479236091423, -0.23419610191745757, 0.006158305386310236, -0.5580911178400085, -0.3743621144963371, 0.3974011497885896, 0.6044555396360553, 0.01962299591398428, 0.4134237735719821, -0.08309417664396922, 0.4078038353477031, 0.4411321539416949, 0.4078038353477031, -0.0552697286531028]], "inverted": true, "swapped": false, "error_lsq": 0.04677160856185219, "error_max": 0.39854740802706407, "target": "464.xyz", "model": "14.xyz", "model_rescale": 3.942246331269136, "target_rescale": 4.278657557595835},
{"mapping": [9, 7, 6, 5, 2, 0, 1, 3, 10, 11, 8, 12, 13, 12, 14], "R": [[-0.37248458102963367, -0.6100456958551987, -0.6993564798182146], [0.867047270329312, 0.03992370455287428, -0.4966237296276367], [0.3308840701962963, -0.7913598086732238, 0.5140674910038674]], "T": [-0.053775207462470116, 0.08257109497424889, 0.0558996616241468], "aligned_model": [[-0.2950551331964638, -0.1283557389271529, -0.4883361718655308, 0.41586010499449405, 0.4009660183697737, 0.36378800640777453, 0.7430633702939654, 0.39117718527873313, -0.54885878222626, -0.6862891917247825, -0.25676193710639617, 0.4321220968659114, -0.1855286482043479, 0.4321220968659114, 0.026497599430750356], [0.5930207159920788, -0.0747629443458735, -0.01911595331390141, 0.48096840366371696, 0.17988640145654775, -0.3221028062324126, 0.054284274882407196, 0.3743429995477905, 0.5851706791811382, -0.20074772197840676, -0.6001389006076837, -0.3555377829782258, -0.37848592258643365, -0.3555377829782258, 0.03930011132115424], [-0.518023232128066, -0.7811566402616336, -0.2811550843236682, -0.09740335827941735, -0.5494003196184852, -0.39420863531425787, 0.20043191611708533, 0.5390502120699192, 0.16213726324113995, 0.23965910309508945, -0.24666334967890827, 0.5458391261178578, 0.7124035107492233, 0.5458391261178578, 0.020776922670066582]], "inverted": false, "swapped": false, "error_lsq": 0.050869877268091515, "error_max": 0.3995877238999466, "target": "464.xyz", "model": "15.xyz", "model_rescale": 4.355366556412066, "target_rescale": 4.278657557595835},
{"mapping": [2, 0, 1, 12, 10, 9, 13, 7, 4, 8, 3, 14], "R": [[-0.4005332780317403, -0.7524035211932292, 0.5229359755124706], [-0.723214591919036, -0.09083292524484299, -0.6846240090201682], [0.5626133194517627, -0.6524096266821139, -0.5077675962366779]], "T": [-0.06407123094453589, 0.06977657877952248, -0.08669945351846448], "aligned_model": [[-0.09674288719250405, 0.5264188221874475, 0.17990370863726657, -0.7755941359438714, -0.5358400359553818, -0.5300858857552369, -0.2085974346851101, -0.08476791571927296, 0.4879108049692538, 0.12497294499977722, 0.5657485036178298, -0.055517934528417426], [-0.529587784563987, -0.34602906127236777, -0.6056563919984742, 0.24549047051002565, -0.23547407672301102, -0.17910325032256522, 0.6023899706166022, 0.6645845571089406, 0.011708132592513132, -0.13013892440605881, 0.38051261438273026, 0.13408017181663268], [0.1595767625973369, 0.10347166179920503, -0.37052848236890046, -0.11384339363384394, -0.40717376625878887, 0.34601306344989796, -0.583896829872451, 0.45325608907914744, -0.570879548365959, 0.6301649733304269, -0.11835977430254167, -0.07854229424410869]], "inverted": true, "swapped": true, "error_lsq": 0.05091428557437385, "error_max": 0.31958584767229564, "target": "464.xyz", "model": "16.xyz", "model_rescale": 3.795458400668931, "target_rescale": 4.278657557595835},
{"mapping": [5, 13, 6, 1, 3, 12, 10, 0, 2, 9, 7, 8, 14], "R": [[-0.7342440896750305, -0.6780353732624401, 0.0339654144998876], [-0.07558690501875448, 0.03192806538958243, -0.9966279237660183], [0.6746645363193262, -0.7343355031900214, -0.07469358866520259]], "T": [-0.05892131420966179, 0.08069912893745028, -0.0515857925127612], "aligned_model": [[-0.14352806520154823, 0.11954707465191913, 0.5173196108043774, -0.2463403701611476, 0.6353323058871589, -0.5440815632547549, -0.6243636537635722, 0.19201145833888333, -0.42406706088542206, -0.5784895850982936, 0.26920748421376167, -0.008734676256796747, -0.015181158370342528], [-0.2996243414866164, 0.3259911163987257, 0.4118303083523806, -0.6664017484423376, -0.029518468889722774, 0.5640483322716674, -0.042329841065203766, -0.44440258656553994, -0.2334332338021688, 0.32952302119124083, 0.7670311838955286, 0.15395745914032677, 0.12711006447220513], [-0.6503406611335479, -0.7296351674476527, -0.29165629234814444, 0.003248168321020692, -0.04178018746136313, -0.31401690719514763, -0.34069889559243344, 0.4164300387203901, 0.38309396795084544, 0.31513812640007355, 0.2073672414704253, 0.7111153506492721, -0.06598975149744225]], "inverted": true, "swapped": true, "error_lsq": 0.052026202954399185, "error_max": 0.2776062640270831, "target": "464.xyz", "model": "17.xyz", "model_rescale": 3.7474275329858107, "target_rescale": 4.278657557595835},
{"mapping": [4, 13, 5, 6, 0, 8, 1, 12, 3, 2, 7, 11, 9, 14], "R": [[-0.07816536620249015, -0.5208227119285784, -0.8500787482732362], [-0.15402572928374536, -0.8361404535045298, 0.5264458345659597], [-0.9849701773378934, 0.17208383059602234, -0.014862873287439626]], "T": [0.06993783079637132, -0.009394470624007674, 0.07566426853365307], "aligned_model": [[0.47377224681362406, 0.0632613635151371, 0.6558074309934304, -0.33257589768296564, 0.22937862593311237, -0.3104044573814027, 0.7448492246258525, -0.04602289791647403, -0.10668746249528784, 0.30114258716749687, -0.7312304802779134, -0.462420428865493, -0.0841079163807354, 0.020085709834495293], [-0.45997879835910593, 0.3176466219503804, 0.12625886782556553, -0.11981901024215622, -0.6882600677604966, -0.3639373731793583, -0.3076364656404782, 0.7136220088609542, -0.5580217378162413, -0.12873605405719687, 0.010125447687666815, 0.5123664190191534, 0.3148693072123439, -0.008090923989797431], [-0.3443095457692724, -0.5912462414581608, -0.30990883802115876, -0.49453256236665266, 0.34298059822307336, 0.6406754095079885, 0.3033454264362305, 0.11661899183044448, -0.3268823563951546, 0.6700202215512874, 0.016291025853471086, -0.38822954924488984, 0.6565892725860354, 0.03338286592841302]], "inverted": false, "swapped": true, "error_lsq": 0.03792259051562651, "error_max": 0.21022425631677888, "target": "464.xyz", "model": "18.xyz", "model_rescale": 3.922800546911778, "target_rescale": 4.278657557595835},
{"mapping": [11, 4, 13, 9, 10, 6, 2, 3, 7, 12, 8, 0, 5, 1, 14], "R": [[-0.33996147322769, 0.07532176274244973, 0.9374181717772643], [-0.8146683829240247, -0.5215690982085742, -0.253537180030561], [0.4698314831775464, -0.8498778193665633, 0.23867565766940319]], "T": [0.016273016190210144, -0.08347467629020389, -0.0006988140755364311], "aligned_model": [[-0.14474507688941912, -0.06329673143845964, -0.5854684408360673, 0.3910742460672317, 0.49414472460523573, 0.3049137586509373, 0.6632276260405812, 0.006245029777580822, -0.3470519180633614, -0.6110385905312282, -0.2697347838081765, 0.36685452932093054, -0.14642991356925927, 0.5706438436814172, -0.012927427751562408], [0.4424019332974847, -0.10128933380176947, 0.03798036940929092, 0.6386535197243343, 0.21782293248657597, -0.49203971827719606, 0.20987491142841996, 0.25885163559713326, 0.610780059354387, -0.005105936975509429, -0.6071087953529996, -0.12003765576855166, -0.5360097164517176, -0.5598299610785791, 0.0055995274323678845], [-0.45321464579677256, -0.7198778128875292, -0.3088702559552334, 0.02755171721936619, -0.5764235994593212, -0.47559764558704803, 0.09163056893146548, 0.5395431495511582, 0.15491729448444655, 0.46722482642289576, -0.13633620462486662, 0.7570599779285672, 0.5919845029323049, 0.11652597944846953, 0.02200870796589962]], "inverted": true, "swapped": false, "error_lsq": 0.03939596441975303, "error_max": 0.24729001901294034, "target": "464.xyz", "model": "19.xyz", "model_rescale": 3.9282355846067225, "target_rescale": 4.278657557595835},
{"mapping": [5, 10, 9, 1, 4, 2, 0, 8, 3, 6, 12, 13, 7, 14], "R": [[0.6281571492484752, -0.43119877452095046, -0.6476775530305645], [-0.43958022488748216, -0.8834977470300273, 0.16186709634986635], [-0.6420185524857516, 0.18302827061548937, -0.7445218804169584]], "T": [-0.0024463524817834627, -0.1341923945590336, 0.05730224139553754], "aligned_model": [[-0.6808095993136725, -0.1944675166371689, 0.5313663848694435, -0.3599137112851364, -0.6173917228447378, 0.22659459693639686, 0.012053341206054082, 0.6324081725898796, -0.19160488159719025, -0.1083324545989974, 0.16553161956800455, -0.42805354112522026, 0.5401830494218768, 0.004959081895143994], [-0.35685345146755554, -0.737631489122436, -0.5301482394860448, -0.17256148396455365, 0.24041597358713956, -0.2758470165392114, 0.33975603807542665, 0.16030822789506394, 0.5301513202687831, 0.2667450809592675, -0.7488895435750667, -0.23765956163729024, 0.1508816984775525, -0.10578546604623902], [0.03370147339993175, -0.074745798580006, -0.09958587314167942, -0.6260990222442526, -0.09760817996036912, -0.5329784235035799, -0.5196730859229175, -0.2586528673208439, 0.18806399884178004, 0.6294670608631486, 0.4203557160633346, 0.6572381930578615, 0.5769780687109127, 0.11572189698036173]], "inverted": true, "swapped": true, "error_lsq": 0.041686937050023305, "error_max": 0.22202564456221438, "target": "464.xyz", "model": "20.xyz", "model_rescale": 4.067790424073018, "target_rescale": 4.278657557595835},
{"mapping": [10, 9, 12, 13, 1, 7, 5, 6, 11, 3, 0, 4, 2, 8, 14], "R": [[0.6660936758234165, -0.7449775112444033, 0.03643793034935311], [0.1159722520227772, 0.05518586116960347, -0.9917181845099619], [0.7367968863864822, 0.6648029997428291, 0.12315567280527913]], "T": [0.05364918557727361, -0.0013424224475520425, 0.06493858913382555], "aligned_model": [[-0.006690949788235943, -0.07177939088746679, -0.6006830837187165, 0.2828697199383318, 0.5660298210078017, 0.2307491161356541, 0.6173720106431958, -0.014651657035097958, -0.36719403039288756, -0.724690419495768, -0.1875467707856979, 0.5153437403795632, -0.14891496848043517, 0.4927653102714099, 0.03343242746472996], [0.5553166815745393, 0.011509184973703835, 0.052752764052677904, 0.646353710153524, 0.06601449368688339, -0.4991997059319671, 0.141112929012193, 0.2740050471169684, 0.48885620099715094, -0.0590456250841936, -0.6689985285126511, -0.261297883330232, -0.4301500809351702, -0.3604490884503551, 0.04376367170059905], [-0.5332056506002564, -0.7019723625819578, -0.3299498242859057, -0.06949046843200715, -0.5724264801659324, -0.46178495988076096, 0.1668658681030099, 0.7483679333957082, 0.09000951101473136, 0.40346896625091083, 0.04218195957012265, 0.6663816796747907, 0.638361371252031, 0.00673783148404606, 0.004581185775272459]], "inverted": true, "swapped": false, "error_lsq": 0.04237871356798629, "error_max": 0.2758716344393414, "target": "464.xyz", "model": "21.xyz", "model_rescale": 4.186013935880536, "target_rescale": 4.278657557595835},
{"mapping": [13, 5, 12, 7, 3, 11, 6, 4, 9, 2, 0, 8, 14], "R": [[0.2591232797241183, 0.03840613960736933, -0.9650803564188197], [0.9337564880383239, 0.2454556888263999, 0.2604809510676229], [0.2468885314293724, -0.9686467226307107, 0.027741301076752573]], "T": [-0.04315628319842483, 0.07190068731073973, -0.018416384888964927], "aligned_model": [[-0.004476367240984526, -0.511854541338835, 0.4763162181050385, 0.5792783374724195, -0.3179228726771947, 0.5661438079227267, 0.07322043938423109, -0.717970317706429, 0.40121839643703644, -0.15351300064558912, -0.4987174019346635, 0.1802654716136927, -0.013414133968223923], [-0.44939384985309183, 0.00820956192307204, 0.2122593055950295, -0.31458920829186365, -0.47373669414850317, -0.4511694651271444, -0.6240108812720548, -0.22321572115688992, 0.5875759101119019, 0.6680747672546737, 0.23095480023641263, 0.3341364454512268, 0.013861688823324426], [-0.5461719622255006, -0.5537452749452579, -0.5167383573461379, 0.31170113269273947, 0.32945618810186905, -0.37336459428429225, 0.020298646901326513, -0.022752390519919376, 0.03600014624973698, 0.2125704396482006, 0.55158689800084, 0.6678150935371973, -0.013776404475456114]], "inverted": true, "swapped": true, "error_lsq": 0.05582515363376229, "error_max": 0.35992206785787384, "target": "464.xyz", "model": "22.xyz", "model_rescale": 4.166573947596378, "target_rescale": 4.278657557595835},
{"mapping": [3, 4, 2, 9, 8, 0, 10, 14, 11, 6, 1, 13, 5, 7, 15], "R": [[-0.5594246425701493, -0.2476239230679508, 0.7910287365258599], [0.786557198124686, -0.45964682322139466, 0.41237431052470247], [0.26148010127637694, 0.8528816979082843, 0.4519081389061035]], "T": [0.00039029302648255215, 0.11724608235524958, 0.018130381825818054], "aligned_model": [[-0.18780447931779767, -0.06026070467715941, -0.60100697684262, 0.27799326329501983, 0.5468671463962674, 0.18925805376905214, 0.6444312904102764, 0.258042116840025, -0.4087616376044453, -0.6183925172033111, -0.33903677942163535, 0.34842253297822146, 0.07381148561534889, 0.5161578865723493, -0.023309805553211], [0.43124890625335394, -0.10593476090388723, 0.007451497708525351, 0.6442527210024652, 0.15493349265441902, -0.5740978554068404, 0.04253213077171769, 0.4490169042502007, 0.7910076001810297, -0.19980546831026963, -0.49512582755580925, -0.20541680211633634, -0.6181308680356767, -0.37388160845293755, 0.052493708983716955], [-0.45874654806528603, -0.6792685578380498, -0.26307365826844287, -0.05703450360576337, -0.5768669694768467, -0.3731857199508778, 0.39305737769533433, 0.6885939696849575, -0.008951755912720669, 0.32747449434708903, -0.11561926231697481, 0.7192547372966542, 0.39877726610823994, 0.08268290632749088, 0.021032784548998082]], "inverted": false, "swapped": false, "error_lsq": 0.04311612275755297, "error_max": 0.2814908291756204, "target": "464.xyz", "model": "23.xyz", "model_rescale": 4.274766983524099, "target_rescale": 4.278657557595835},
{"mapping": [3, 1, 5, 13, 10, 12, 7, 9, 8, 2, 14], "R": [[-0.2832054698355665, 0.9261244322118527, -0.24917503469547253], [-0.4056955476507538, -0.3511074692280245, -0.8438807188629487], [-0.8690257674382108, -0.13790243330908164, 0.47516011450443035]], "T": [-0.021354120939986065, 0.04984395454411354, -0.03372449038882217], "aligned_model": [[0.3174593240629406, 0.16870674565120833, -0.4542346129562803, -0.5963711505813656, -0.47328467352054654, -0.5976344709021997, 0.13458008296278226, -0.0057995065659059986, 0.6284576552195649, 0.28679952667366193, -0.02878421608578513], [-0.20795830057231118, 0.7852051930748901, 0.4482620274066154, -0.21978759435533518, 0.45617987128230963, -0.10758627899377883, -0.7194021098281065, 0.08200729658283183, -0.0746177909020747, 0.48488571182354395, -0.011601494275101265], [-0.593166716647166, -0.17305540093347563, -0.43892710145415825, -0.4189832647803178, 0.18785495722586565, 0.3917090407137375, 0.13867588179156545, 0.6482392356068428, 0.35595800195418303, 0.33605524226036115, -0.05479344171586044]], "inverted": false, "swapped": true, "error_lsq": 0.04476921256571644, "error_max": 0.22359186697900083, "target": "464.xyz", "model": "24.xyz", "model_rescale": 3.7841303162186577, "target_rescale": 4.278657557595835},
{"mapping": [1, 4, 6, 8, 2, 5, 9, 10, 7, 11, 3, 14, 13, 12, 15], "R": [[0.9964027157106465, -0.08196905486003393, -0.021510513006473532], [0.010115698872227581, -0.13697068645919283, 0.9905234493373817], [-0.08413858069147193, -0.9871778487670043, -0.13564878968488595]], "T": [0.02448558753239294, 0.14448803286185938, 0.038936723617690135], "aligned_model": [[-0.04188117336474892, -0.08181951383943545, -0.6115200472921072, 0.33595911219202024, 0.6157787037841884, 0.3158191685023471, 0.5744891658278242, 0.05716476670276184, -0.4645357704704011, -0.5659264551387191, -0.30921837729418444, 0.4355841665954722, -0.0783821774564781, 0.4678711583994368, -0.03297185189159579], [0.6061323639675444, -0.058464892379884476, -0.013701437829888502, 0.5380210907701108, 0.01629308740750343, -0.52788546961536, 0.12103259537540823, 0.48963200160022924, 0.5048504002759336, -0.11981681446597406, -0.5441088091523423, -0.13940489032656997, -0.5224237167090809, -0.4657074195626264, 0.1160956816686681], [-0.5403010154922628, -0.6711433270924391, -0.26520037717203315, -0.273431263551854, -0.41132046351030815, -0.443118629230324, 0.23664007422324845, 0.7354012362595598, 0.2708906752311221, 0.4524390050027168, -0.2130115660376326, 0.6551361465048, 0.4347232045407537, 0.11794717745462688, 0.01247568344382819]], "inverted": true, "swapped": false, "error_lsq": 0.03887346614538098, "error_max": 0.24412952057082346, "target": "464.xyz", "model": "25.xyz", "model_rescale": 4.19342608120988, "target_rescale": 4.278657557595835},
{"mapping": [2, 0, 1, 12, 10, 9, 13, 7, 4, 8, 3, 14], "R": [[-0.4005332780317403, -0.7524035211932292, 0.5229359755124706], [-0.723214591919036, -0.09083292524484299, -0.6846240090201682], [0.5626133194517627, -0.6524096266821139, -0.5077675962366779]], "T": [-0.06407123094453589, 0.06977657877952248, -0.08669945351846448], "aligned_model": [[-0.09674288719250405, 0.5264188221874475, 0.17990370863726657, -0.7755941359438714, -0.5358400359553818, -0.5300858857552369, -0.2085974346851101, -0.08476791571927296, 0.4879108049692538, 0.12497294499977722, 0.5657485036178298, -0.055517934528417426], [-0.529587784563987, -0.34602906127236777, -0.6056563919984742, 0.24549047051002565, -0.23547407672301102, -0.17910325032256522, 0.6023899706166022, 0.6645845571089406, 0.011708132592513132, -0.13013892440605881, 0.38051261438273026, 0.13408017181663268], [0.1595767625973369, 0.10347166179920503, -0.37052848236890046, -0.11384339363384394, -0.40717376625878887, 0.34601306344989796, -0.583896829872451, 0.45325608907914744, -0.570879548365959, 0.6301649733304269, -0.11835977430254167, -0.07854229424410869]], "inverted": true, "swapped": true, "error_lsq": 0.05091428557437385, "error_max": 0.31958584767229564, "target": "464.xyz", "model": "26.xyz", "model_rescale": 3.795458400668931, "target_rescale": 4.278657557595835},
