[{"mapping": [5, 11, 10, 12, 6, 8, 1, 3, 4, 7, 9, 2, 0, 13], "R": [[0.6280440147496555, -0.7385857031046559, -0.2450548402022198], [0.15999231954789905, -0.18562556667836366, 0.969507919865031], [-0.7615531322388592, -0.6481005386240143, 0.0015870136877704222]], "T": [0.10987425577243312, -0.0796647636999894, 0.06994198451998362], "aligned_model": [[-0.0012205543952432396, -0.20111559889843397, 0.058675184796591964, 0.5212013270953022, -0.46076515191914724, -0.6419416063707394, 0.6454699222908201, 0.10666343490436668, -0.6832534742495922, -0.41561773595889673, 0.15112246108800256, 0.03281370752857676, 0.6494402974300139, 0.004668375588356061], [-0.8134611586809433, -0.23831653966488944, 0.34740962559017086, 0.12953863424040352, -0.34930218772563915, -0.1192856226176564, -0.29019384536372883, -0.2870726701625106, 0.30836552297471664, 0.42425614537748635, 0.6369576352692798, 0.2758983462917586, 0.3566497547243853, 0.013121598295131598], [-0.07703438877981372, -0.5343565883049544, -0.8413291308925881, -0.2795773806956662, 0.5014655761599628, -0.1393000489992032, 0.11305696107708131, 0.5497043806744963, 0.43570847711373506, -0.13332229295207818, -0.07666665989773319, 0.7473597227930939, 0.4074483730264867, -0.012896871446303124]], "inverted": false, "swapped": false, "error_lsq": 0.04544518271631233, "error_max": 0.38480814450290335, "target": "465.xyz", "model": "0.xyz", "model_rescale": 3.8414455957264533, "target_rescale": 3.983169185870753},
{"mapping": [2, 4, 1, 0, 6, 5, 7, 9, 10, 3, 11, 8, 13, 14], "R": [[0.5504849279465577, -0.4198415969869086, -0.7215950232250468], [0.1433542053529836, -0.8039710468426727, 0.5771309449737657], [-0.822445083827053, -0.42114556780070644, -0.3823878852821213]], "T": [0.0016361865491521486, 0.021940818145785343, 0.08810703759946961], "aligned_model": [[-0.22116867934470913, 0.03011557640369294, -0.09456127039065287, 0.5788578336897972, -0.49878591277508727, -0.6139334585556602, 0.4749950700772819, 0.3562332806023906, -0.5952417774743375, -0.4299442983963072, 0.25119123746638544, -0.028877131928929493, 0.5963888002028273, -0.039128680646714945], [-0.6719638721540749, -0.2366406465815193, 0.5548007009160377, 0.09902430754602433, -0.4037431099710603, -0.17344038983476584, -0.40509727882550245, -0.3241460504844523, 0.3042236666037386, 0.10507110897436055, 0.8273726312437163, 0.29395196512195076, 0.33967484025661954, 0.08547736573689295], [-0.02790589328456579, -0.38953486309726115, -0.5866553544920942, -0.34362282613628237, 0.5104790177716586, -0.04312931626671221, 0.007330597623043583, 0.5571427081450656, 0.26820253987542364, -0.5601248050317411, -0.035453769865723905, 0.829309621794059, 0.43475011106946404, 0.03947236077218207]], "inverted": true, "swapped": false, "error_lsq": 0.048199586660896854, "error_max": 0.38017328884116147, "target": "465.xyz", "model": "1.xyz", "model_rescale": 4.316132596720782, "target_rescale": 3.983169185870753},
{"mapping": [11, 7, 12, 9, 10, 8, 3, 5, 6, 4, 1, 13], "R": [[-0.4558740634844528, 0.8738189539370662, -0.16917232037926566], [0.29736584843733443, 0.3286816885123887, 0.8964049864987309], [0.8388995115181066, 0.3583417131412095, -0.4096813715531934]], "T": [-0.0045498951438711355, 0.13841254430059596, -0.07112166437720967], "aligned_model": [[-0.1646352954943826, 0.4257241471197625, 0.10569418083855694, -0.5459941080237795, -0.5378205777719899, -0.4353961625252123, -0.055138027773671716, -0.14860264390842198, 0.5580839154320455, 0.2377421189233351, 0.23313642393168585, -0.07498541611614737], [-0.6602532744201262, -0.3607614417413041, -0.45654431326400774, 0.3885728348245859, -0.14286527174536695, -0.1135190207374076, 0.24895987071625322, 0.5966698177371477, 0.048529998796052326, -0.08810608439731471, 0.5185781745777325, 0.033515137394736216], [0.15608302294650905, 0.20709403824434203, -0.6200448026371413, 0.031955106775981124, -0.482635019237022, 0.4566572950304859, -0.7278364296633595, 0.5078852806158979, -0.4178527101629233, 0.7214200066138131, -0.25313492994560705, -0.13033239737155494]], "inverted": true, "swapped": true, "error_lsq": 0.03518219941934039, "error_max": 0.22347099461509784, "target": "465.xyz", "model": "2.xyz", "model_rescale": 3.795458400668931, "target_rescale": 3.983169185870753},
{"mapping": [8, 11, 4, 6, 9, 1, 7, 10, 12, 3, 5, 13], "R": [[-0.580683992294868, -0.647801300725398, 0.49311213316139035], [0.34159416922601804, 0.3559300843900285, 0.8698432034435253], [-0.738999001787743, 0.6735482535086779, 0.014602244763375238]], "T": [0.06928866765068574, 0.1430404901454786, 0.09585568977482875], "aligned_model": [[-0.2653913221902049, -0.12350788722839047, -0.7668789275562936, 0.1671749715565377, 0.19677011144778422, 0.16697603213323958, -0.3807513753493307, 0.6377210535519541, 0.49901273155614123, 0.700015371398241, -0.38285718410513225, 0.14502025052901926], [-0.0814910241672066, -0.6424483240701088, -0.035351389832635194, 0.03786796350911979, 0.3943196200762049, 0.5139829634320069, -0.3357142039619246, -0.16586457678328015, -0.4817060783290795, 0.2150630455318851, 0.632782222592839, 0.03432882729188877], [-0.5084815944075687, -0.15103134210218822, 0.011366049174225151, 0.7471736659199547, -0.43984395341734484, 0.39082752215056216, 0.3786494300498212, -0.24222766424094463, 0.3999493997547352, 0.3033423885794, -0.2530241314728904, 0.05207166065133853]], "inverted": true, "swapped": true, "error_lsq": 0.04681275992541458, "error_max": 0.3073385603874451, "target": "465.xyz", "model": "3.xyz", "model_rescale": 3.7530521520055578, "target_rescale": 3.983169185870753},
{"mapping": [6, 4, 11, 8, 12, 5, 3, 1, 2, 9, 13], "R": [[0.21984766438165493, -0.831136746079661, -0.5107628743184498], [0.9372325627200169, 0.03468263077931931, 0.34697584714140456], [-0.2706697763755701, -0.5549854272306064, 0.7865933178704612]], "T": [-0.12534466033809435, -0.06605911306605185, -0.010722634345189072], "aligned_model": [[-0.5151412494891381, -0.07791224624063639, 0.546544154260723, 0.41180217916060924, 0.1364879802518, -0.2682779950555909, -0.22443735153825342, -0.5717561333878803, -0.20876933781380788, 0.11872627123269514, -0.009066668935315297], [-0.6040925485205443, 0.20769403982250595, -0.32405388616390696, 0.32531187811654405, -0.8343197901595061, 0.6551828565560734, -0.4077031484979252, -0.06532778900065679, 0.25170438702560594, 0.39870266837831325, -0.13589530924215687], [-0.06934631830019318, -0.8237095880299506, -0.4547051939252649, -0.3038960807036685, 0.08235384347348239, -0.17003380318312686, 0.5545331883492771, 0.17600118164303272, 0.7890058018800884, 0.29059562636661207, 0.022032119675028078]], "inverted": true, "swapped": true, "error_lsq": 0.0557845914584349, "error_max": 0.26208639027151365, "target": "465.xyz", "model": "4.xyz", "model_rescale": 3.7855080009869324, "target_rescale": 3.983169185870753},
{"mapping": [12, 14, 15, 9, 11, 13, 2, 1, 6, 8, 10, 4, 5, 16], "R": [[-0.17368114173559662, 0.32850420859553675, 0.9283963840625621], [0.08006907546774605, -0.934892441455687, 0.345781818583288], [0.9815415447953084, 0.1343916211824442, 0.13607015836249486]], "T": [0.022231425269263506, 0.07309486755170705, 0.08862945166619134], "aligned_model": [[-0.18599911833029667, 0.14558598143033236, -0.1279348457471721, 0.5165923247909331, -0.5573436042148001, -0.6256358335425195, 0.6075672151477839, 0.13605111855273327, -0.5091188220135145, -0.4277377641763814, 0.2235326077089164, -0.01698875567726902, 0.5413633837031493, 0.046206701298082284], [-0.5723554049236002, -0.3500150442259784, 0.2641162714915466, 0.12647958071344262, -0.3820588199398388, -0.11783898946396945, -0.3659125628333456, -0.44383939913094017, 0.2180343427286162, 0.502003955918064, 0.7140486553583533, 0.1936385826889313, 0.5622854712658653, 0.045978598900818374], [0.03295854827908576, -0.42465317473241787, -0.6989484942996205, -0.42095017182145117, 0.3875677969177416, -0.17343908150828585, -0.013547731367466134, 0.6298576663219876, 0.4389671905909829, -0.24133205583125955, -0.193541329810196, 0.817280104594455, 0.47111841567650026, 0.04892244586645949]], "inverted": true, "swapped": false, "error_lsq": 0.04351621200172243, "error_max": 0.3363037432859803, "target": "465.xyz", "model": "5.xyz", "model_rescale": 4.2253639853439635, "target_rescale": 3.983169185870753},
{"mapping": [11, 5, 2, 10, 12, 6, 8, 9, 7, 3, 4, 0, 1, 13], "R": [[0.5748560240394153, -0.5461738755641452, 0.6092902832614658], [0.039865137103892556, 0.7624318392643631, 0.6458393463700154], [-0.8172828901116697, -0.346975198144194, 0.46006183215249924]], "T": [0.04082576108130508, 0.020782431767448862, 0.054573449907392955], "aligned_model": [[-0.2589121525157037, 0.11025990967666272, -0.025092075916935665, 0.6244709843255923, -0.5678228337113495, -0.5243799445035622, 0.6028055351758731, 0.27898461564424704, -0.6816151528889333, -0.4819157547349796, 0.16532301057602716, -0.11258915933055297, 0.6389746451922546, -0.0023510380586631713], [-0.6840760039580724, -0.28202136150281526, 0.2881193878029412, 0.09838840582203312, -0.5064013234070674, -0.06662689044339239, -0.4585814474538225, -0.171020715565522, 0.13292000940080143, 0.4891639659939606, 0.7074654291873087, 0.4038831878346326, 0.38187754341093844, 0.061475051426041274], [-0.08285128422832153, -0.496997060762514, -0.5572740823589253, -0.4571374455837081, 0.5267682622529484, -0.23973945991489634, 0.07050707489494157, 0.5828615721965633, 0.3626245910045854, -0.047257384008735866, -0.06323235694970467, 0.742149134630446, 0.27937116951830987, 0.04046739818552729]], "inverted": true, "swapped": false, "error_lsq": 0.04535303352754304, "error_max": 0.2739077800487141, "target": "465.xyz", "model": "6.xyz", "model_rescale": 3.89814844738969, "target_rescale": 3.983169185870753},
{"mapping": [10, 3, 9, 12, 8, 1, 6, 11, 7, 0, 5, 4, 13], "R": [[-0.6872091435400595, 0.7225569341082206, 0.0752001995148056], [-0.5371989535075788, -0.4357588822876618, -0.7221713652989642], [-0.48904077272278645, -0.5366802339191713, 0.6876143171394584]], "T": [-0.08459137849725369, 0.14823511635928138, -0.11202003637968556], "aligned_model": [[0.2973033803929181, -0.2773512306368174, 0.43076092809672945, -0.318747251872524, 0.5261345274068087, -0.4077373084860192, -0.7206924290436952, 0.2240585265458141, -0.3384647902784086, -0.43139236690571997, 0.20529794763139114, -0.011507777546153425, -0.029030354400100898], [-0.2543398390047821, 0.048394874062050564, 0.41059888233442215, -0.5863438438663855, 0.0670223000324128, 0.4561792030351625, -0.03728507157444422, -0.5423058150638724, -0.23373588539174522, 0.6619024257893709, 0.7617955567883592, 0.1827272530541093, 0.029171225275828327], [-0.5862856480616457, -0.7436288701578609, -0.2907491100055525, -0.38222145852091244, 0.27277470876936455, -0.2988265378072993, -0.18828148315297924, 0.2661397889405642, 0.4369433882525599, 0.31929219007208587, 0.21279949808758247, 0.7433205327875984, -0.15900196836720976]], "inverted": false, "swapped": true, "error_lsq": 0.04962927114611493, "error_max": 0.2895188196366177, "target": "465.xyz", "model": "7.xyz", "model_rescale": 3.7474275329858107, "target_rescale": 3.983169185870753},
{"mapping": [6, 3, 2, 8, 10, 0, 5, 7, 12, 1, 4, 11, 9, 14], "R": [[0.2090638186363241, -0.7751902114873241, 0.5961312403753353], [0.9455183143705386, 0.31581750749068327, 0.0790848857384723], [-0.249574511773725, 0.5471192173344032, 0.7989825561902443]], "T": [-0.08378784162712086, 0.1254206641810777, 0.08687314126375895], "aligned_model": [[-0.0795493666199478, 0.10120476211703111, -0.05093251178763772, 0.5041728998896381, -0.45697938562953366, -0.5065412750183671, 0.4605654335150159, 0.17235058598842182, -0.500195009604554, -0.6410619244019417, 0.27057057172489063, 0.018101569461477673, 0.565649271881637, -0.0912150325861534], [-0.6890235121583022, -0.3004059882576965, 0.4646379286319128, 0.26218020864013314, -0.32181912643431554, -0.3023435232307532, -0.3349739443736335, -0.3379316749506709, 0.42446186289915444, 0.28065970839663035, 0.7645999302407049, 0.20250533100403337, 0.10461654113331063, 0.1774014970074574], [0.026866330365103816, -0.4595552031853178, -0.6828291847360246, -0.230631676480695, 0.5726385176170521, -0.18240473036844634, 0.018041605775504344, 0.5153300791744333, 0.4301253091019606, -0.3928645535949799, -0.19260105534774696, 0.695277988087549, 0.4845401679959543, 0.058326534472169386]], "inverted": false, "swapped": false, "error_lsq": 0.048011732349912836, "error_max": 0.27618230216430856, "target": "465.xyz", "model": "8.xyz", "model_rescale": 4.019505241142653, "target_rescale": 3.983169185870753},
{"mapping": [10, 8, 9, 2, 3, 1, 5, 12, 6, 7, 4, 0, 13], "R": [[-0.18650826330099907, 0.5065693797826991, 0.8417850861039394], [0.8249605156080071, 0.5460544749161288, -0.14582406561278488], [-0.5335305196595749, 0.6672420654385052, -0.51974340852111]], "T": [0.022562533194347235, -0.0807770511478509, 0.030761197924535296], "aligned_model": [[-0.2947666585682134, -0.530289260659263, -0.0024587425732547005, 0.4848970469049578, 0.30878212194042676, 0.5014219425163975, 0.17857334363553504, -0.274424263184642, 0.2724077108699999, -0.33273498049157885, -0.33362427838132325, 0.41835636777715474, -0.07643957804502022], [-0.620448052407216, 0.29101671931928774, 0.022368254080076463, -0.3412953738281882, -0.6768493932480757, -0.11154483441945429, 0.5844658347052547, -0.7619675728730559, -0.36498029465926923, 0.09013464797977776, 0.6339890878401412, 0.49507154779087464, -0.17658234216609464], [-0.34459925075547454, -0.25867434904071845, -0.5651429966704994, -0.6517898195749277, -0.06320828375244639, 0.0931833989339555, -0.2840601725090678, 0.37020537044453417, 0.5800006707148821, 0.6276424799580361, 0.34758722479247356, 0.3169445283817169, 0.008614693121414649]], "inverted": true, "swapped": true, "error_lsq": 0.05304234232408055, "error_max": 0.31428826052701975, "target": "465.xyz", "model": "9.xyz", "model_rescale": 3.877068213659057, "target_rescale": 3.983169185870753},
{"mapping": [12, 6, 14, 13, 0, 11, 3, 5, 8, 9, 2, 7, 4, 15], "R": [[0.14486566186824645, -0.8518435461724645, 0.5033651883630768], [-0.9413941854264671, 0.037958963113158384, 0.33516578698401295], [-0.3046160331576684, -0.5224190750381295, -0.7964216109446001]], "T": [0.004650848932322749, 0.018890976051788556, 0.010616857502003842], "aligned_model": [[-0.15266310096935182, 0.2072608603173864, -0.04460070170271198, 0.5472740831111266, -0.4882575102928078, -0.6806053578809061, 0.540374784922033, 0.19152442064190883, -0.5928435151772768, -0.39196086187001167, 0.1368533335582974, 0.029948084039650314, 0.514226912569123, -0.05039084233648247], [-0.7110122107343453, -0.35638692712180264, 0.4132647753156722, 0.28447457345094973, -0.42745437616548565, -0.24205286346283197, -0.3113436311116852, -0.5079042980991426, 0.36039326029050045, 0.4926207255451366, 0.6684067330892205, 0.5316176048153461, 0.23519350242199027, -0.03525162968555708], [-0.015629567003246435, -0.43482702650699784, -0.6613691080157296, -0.47173558054047837, 0.44831905260024346, -0.07297452905796184, 0.09250892895891688, 0.5570237110198539, 0.359471570133359, -0.22159980684202732, -0.02111864892716405, 0.6452490529266373, 0.40002170107648083, 0.056920379054629905]], "inverted": false, "swapped": false, "error_lsq": 0.0405558591319715, "error_max": 0.25727563282219834, "target": "465.xyz", "model": "10.xyz", "model_rescale": 4.260839863003843, "target_rescale": 3.983169185870753},
{"mapping": [3, 12, 11, 10, 8, 9, 2, 6, 7, 4, 0, 13], "R": [[-0.7224149210630911, 0.6081538540871744, 0.3290373407142777], [0.5906239913929271, 0.2952779118394237, 0.7509821939106394], [0.3595552566942881, 0.7368580898237227, -0.5725034260551104]], "T": [0.057301201569603166, 0.1286634502401243, -0.03508739418028581], "aligned_model": [[0.39092965622592235, 0.2664938309224632, -0.41402869263782344, -0.23560539465057423, -0.6360904167804832, -0.36245623763588314, 0.048009970152910864, 0.6664072560762097, 0.11844855905759882, -0.22548872890810706, 0.3400955294298197, 0.0021833178420766347], [0.04739641482058546, -0.6105067903013308, -0.5379209232610378, -0.1844786677194746, 0.10491225646657351, 0.47041639884542363, 0.6457679794271899, -0.1359599684423837, -0.3212958751544467, 0.1136105218564473, 0.5593387854733829, 0.021798373522004824], [-0.6079240870371756, -0.3131338465795628, 0.18543425820462733, -0.6258376052075104, 0.18006974367152065, -0.3059664109364638, -0.7279188812121181, 0.026737807391438453, 0.5176440081615274, 0.776048644997271, 0.5169102423878693, -0.10588579644591903]], "inverted": true, "swapped": true, "error_lsq": 0.050336817915960036, "error_max": 0.34556242292770234, "target": "465.xyz", "model": "11.xyz", "model_rescale": 3.890672605050136, "target_rescale": 3.983169185870753},
{"mapping": [4, 2, 1, 11, 7, 3, 10, 12, 8, 0, 6, 5, 9, 13], "R": [[-0.5406391241079762, 0.8295356909403663, 0.13992810632553182], [-0.6982570559077855, -0.34971984992015276, -0.6246063643982644], [-0.46919763571308837, -0.4353924253221626, 0.7683013826704551]], "T": [0.020496817627718204, 0.14727519248082002, 0.011250240457896049], "aligned_model": [[-0.16341955061337865, 0.3172385479791224, -0.11450256294159614, 0.5187212405955876, -0.38928088831747254, -0.8384953710749499, 0.5922398733469587, 0.22090866038002802, -0.5704129419000717, -0.44049794594708325, 0.07948023589905193, 0.013376001108873818, 0.5741066978770702, -0.033321407462163825], [-0.47656016071486307, -0.28947817379648766, 0.40494873491782446, 0.14168555316320236, -0.27949482348466714, -0.1910317834689493, -0.5402087915161071, -0.3642771215149836, 0.4784148168415059, 0.1560357072862217, 0.7122943516082969, 0.21404967682279416, 0.4227034118339932, 0.005483840570184223], [-0.2496353003859075, -0.4649377226199022, -0.710329833521496, -0.222209272490034, 0.6251832624232532, -0.016025495527726114, 0.01526949749122633, 0.5145210125828377, 0.25693957907723086, -0.35766929153271687, -0.08535540186937765, 0.7861454876029718, 0.4839825246268955, 0.08438108301926052]], "inverted": false, "swapped": false, "error_lsq": 0.05210062930629139, "error_max": 0.28652177254227645, "target": "465.xyz", "model": "12.xyz", "model_rescale": 4.124412569039231, "target_rescale": 3.983169185870753},
{"mapping": [7, 6, 3, 4, 12, 11, 0, 8, 1, 5, 10, 2, 13], "R": [[-0.4217812005891113, -0.8737480381603997, 0.2422085560843399], [-0.30413793917255877, 0.3879945822459996, 0.8700346648861879], [-0.8541666891101976, 0.2932994544123891, -0.42938874840395846]], "T": [0.11420745565870707, 0.1632978627399248, -0.0450668761625938], "aligned_model": [[-0.2647772583524468, 0.052989687088254245, 0.626715208431411, -0.5970540187259327, 0.5835890308732372, 0.19426763705587863, -0.5830672082607977, 0.022855647461975853, 0.033829770971153236, -0.3308021167074118, 0.8109450435307733, 0.5946077876961219, 0.22319909644754093], [-0.23378576472282292, 0.43966062229923203, 0.54722084821556, -0.31619852718966107, -0.02695015399052958, -0.6494763379060509, 0.448991840972137, -0.43432082655573995, 0.6384538177363024, 0.21647403254008973, -0.0482911726838792, 0.6834085358663167, 0.08229846192752333], [0.41363736004954244, 0.5588653260267135, 0.14465159435836275, -0.09332386100262088, 0.5959718585085291, 0.17426132872460373, -0.09346378601037797, -0.4477521116954116, -0.001297391377868766, -0.6493339867207346, -0.09630051465199732, -0.5412516191647424, -0.012966116076158773]], "inverted": true, "swapped": true, "error_lsq": 0.040498931757289865, "error_max": 0.22113999153453823, "target": "465.xyz", "model": "13.xyz", "model_rescale": 3.9028299243045295, "target_rescale": 3.983169185870753},
{"mapping": [2, 6, 7, 9, 8, 0, 1, 12, 5, 4, 10, 13, 14, 15], "R": [[-0.31429897193203826, 0.9217131525607798, 0.22729060833860376], [0.07954088670720494, -0.21301353895596903, 0.9738061817236967], [0.9459859425933852, 0.32414517830429396, -0.006363945142911387]], "T": [-0.036837961017921014, -0.05274021455188515, 0.024200485349094688], "aligned_model": [[-0.2561675140712212, 0.28573483771372005, 0.15025345653178124, 0.5931671514087212, -0.5490731747873602, -0.8167480399507989, 0.39946546524923937, 0.15252153611029418, -0.3388419969398552, -0.5373911791454481, 0.002635455395260042, 0.0384724686702089, 0.6067170337694408, 0.03539508897599457], [-0.7549555243584057, -0.29530365686798593, 0.5432896414979917, 0.20829118504482075, -0.3718028017360563, -0.2622278009802482, -0.5328446245100539, -0.21557751180105522, 0.16058132429297206, 0.3530425594914651, 0.6911110045600336, 0.39102870637997356, 0.47977853746088417, 0.00015420007362956095], [-0.006425898481781836, -0.5063822397932122, -0.6318278433178738, -0.344312232483738, 0.506197695705694, -0.16307372311555243, -0.012375893764497135, 0.6737135987138834, 0.3783040253015751, -0.18591874269671782, 0.0022957992897617227, 0.6799815736631729, 0.31628163883550836, -0.04619762897970679]], "inverted": false, "swapped": false, "error_lsq": 0.04941222899799153, "error_max": 0.31677306042157666, "target": "465.xyz", "model": "14.xyz", "model_rescale": 3.942246331269136, "target_rescale": 3.983169185870753},
{"mapping": [7, 6, 10, 11, 2, 9, 8, 0, 5, 10, 4, 1, 13, 14], "R": [[0.4924435493085845, 0.21010924725399888, -0.8446025425978316], [-0.658671657128044, 0.7242883331123177, -0.2038579373327835], [0.5689033299608646, 0.6567042825623559, 0.4950641235473454]], "T": [0.0226106040089935, 0.13064628230109848, 0.10429787259264978], "aligned_model": [[-0.188308206687808, 0.08334269716718379, -0.2223709877387358, 0.5217099148428873, -0.45230871701176206, -0.5974904322365426, 0.5304709734116981, 0.055070407069524645, -0.5160785876055192, -0.2223709877387358, 0.12427157482570839, -0.11235204388757736, 0.7407246573411661, 0.021830327178489484], [-0.6926813871072621, -0.23960157431034185, 0.4207413655070224, 0.13623714351205812, -0.3442133370966229, -0.1714733120324496, -0.45240782094675774, -0.42852858796548005, 0.19429994245320525, 0.4207413655070224, 0.6679725146367648, 0.29063895053443867, 0.508411161129396, 0.08442881472697117], [0.011430697498952452, -0.3104520844581981, -0.49971320217970805, -0.4104638634101365, 0.46707590255880166, -0.3108656634980169, 0.07320632770054328, 0.5807297234547475, 0.43375458382503207, -0.49971320217970805, -0.10691184304364704, 0.8871317410251169, 0.15465409600143665, 0.19039691558129967]], "inverted": true, "swapped": false, "error_lsq": 0.04841016427218848, "error_max": 0.3291171575289922, "target": "465.xyz", "model": "15.xyz", "model_rescale": 4.355366556412066, "target_rescale": 3.983169185870753},
{"mapping": [11, 7, 12, 9, 10, 8, 3, 5, 6, 4, 1, 13], "R": [[-0.4558740634844528, 0.8738189539370662, -0.16917232037926566], [0.29736584843733443, 0.3286816885123887, 0.8964049864987309], [0.8388995115181066, 0.3583417131412095, -0.4096813715531934]], "T": [-0.0045498951438711355, 0.13841254430059596, -0.07112166437720967], "aligned_model": [[-0.1646352954943826, 0.4257241471197625, 0.10569418083855694, -0.5459941080237795, -0.5378205777719899, -0.4353961625252123, -0.055138027773671716, -0.14860264390842198, 0.5580839154320455, 0.2377421189233351, 0.23313642393168585, -0.07498541611614737], [-0.6602532744201262, -0.3607614417413041, -0.45654431326400774, 0.3885728348245859, -0.14286527174536695, -0.1135190207374076, 0.24895987071625322, 0.5966698177371477, 0.048529998796052326, -0.08810608439731471, 0.5185781745777325, 0.033515137394736216], [0.15608302294650905, 0.20709403824434203, -0.6200448026371413, 0.031955106775981124, -0.482635019237022, 0.4566572950304859, -0.7278364296633595, 0.5078852806158979, -0.4178527101629233, 0.7214200066138131, -0.25313492994560705, -0.13033239737155494]], "inverted": true, "swapped": true, "error_lsq": 0.03518219941934039, "error_max": 0.22347099461509784, "target": "465.xyz", "model": "16.xyz", "model_rescale": 3.795458400668931, "target_rescale": 3.983169185870753},
{"mapping": [10, 3, 9, 12, 8, 1, 6, 11, 7, 0, 5, 4, 13], "R": [[-0.6872091435400595, 0.7225569341082206, 0.0752001995148056], [-0.5371989535075788, -0.4357588822876618, -0.7221713652989642], [-0.48904077272278645, -0.5366802339191713, 0.6876143171394584]], "T": [-0.08459137849725369, 0.14823511635928138, -0.11202003637968556], "aligned_model": [[0.2973033803929181, -0.2773512306368174, 0.43076092809672945, -0.318747251872524, 0.5261345274068087, -0.4077373084860192, -0.7206924290436952, 0.2240585265458141, -0.3384647902784086, -0.43139236690571997, 0.20529794763139114, -0.011507777546153425, -0.029030354400100898], [-0.2543398390047821, 0.048394874062050564, 0.41059888233442215, -0.5863438438663855, 0.0670223000324128, 0.4561792030351625, -0.03728507157444422, -0.5423058150638724, -0.23373588539174522, 0.6619024257893709, 0.7617955567883592, 0.1827272530541093, 0.029171225275828327], [-0.5862856480616457, -0.7436288701578609, -0.2907491100055525, -0.38222145852091244, 0.27277470876936455, -0.2988265378072993, -0.18828148315297924, 0.2661397889405642, 0.4369433882525599, 0.31929219007208587, 0.21279949808758247, 0.7433205327875984, -0.15900196836720976]], "inverted": false, "swapped": true, "error_lsq": 0.04962927114611493, "error_max": 0.2895188196366177, "target": "465.xyz", "model": "17.xyz", "model_rescale": 3.7474275329858107, "target_rescale": 3.983169185870753},
{"mapping": [12, 5, 4, 8, 7, 9, 10, 11, 2, 6, 0, 1, 3, 13], "R": [[0.7912641886716524, 0.4068305670859137, 0.456497396937097], [-0.6106028144100986, 0.4858522537050272, 0.6253893112327815], [0.03263719902593443, -0.7735867612972056, 0.6328493785929175]], "T": [-0.0012530612676524833, 0.0024024389487285677, 0.09815181764306498], "aligned_model": [[-0.206456861291931, 0.1483140026066868, -0.041314310339099936, 0.5503696617237914, -0.4579948925221957, -0.5358685650420295, 0.5413753726150555, 0.2592381599809336, -0.5276907717561446, -0.5638727894622004, 0.007258046485192765, 0.05254094883016655, 0.5961770471133223, -0.05593446001157034], [-0.7055952278067178, -0.3753596832532673, 0.3198581984002447, 0.2867892116816121, -0.3627896462510052, -0.17558310828329987, -0.40533099503415254, -0.3843564711632625, 0.43503598082503403, 0.3478769103518049, 0.833851827245572, 0.33963131407902086, 0.1474527087862349, 0.09308421897014688], [-0.027814954316604842, -0.5003006943440996, -0.6679048115525201, -0.2647407094125081, 0.5729580123436122, -0.2627243023159307, -0.027336030445838697, 0.6497844226506545, 0.2969589584325246, -0.3007281674594589, 0.01005036177261133, 0.6997341537082374, 0.3856007107165948, 0.09672317909924208]], "inverted": true, "swapped": false, "error_lsq": 0.0395357026750169, "error_max": 0.22025888931071042, "target": "465.xyz", "model": "18.xyz", "model_rescale": 3.922800546911778, "target_rescale": 3.983169185870753},
{"mapping": [4, 11, 9, 7, 6, 10, 13, 8, 1, 2, 3, 5, 12, 14], "R": [[-0.2138570069415174, 0.42702289221392015, 0.8785878613475576], [-0.1649390003199292, 0.8706979629458793, -0.4633359294241696], [-0.9628397097936284, -0.24400103861900974, -0.1157721313501931]], "T": [-0.02847863433997399, 0.0521022984985378, 0.14676948416133045], "aligned_model": [[-0.1418858886423849, 0.14886657163136707, -0.17342360070103044, 0.5366569078450995, -0.5277784460747231, -0.5365000458941874, 0.4849843117368271, 0.0606228239593335, -0.6426699405873135, -0.5261616252945276, 0.21074697512513144, 0.15019610080834744, 0.6939307385957458, 0.028555706422292285], [-0.6438281515575343, -0.31183339857838427, 0.3415912765733243, 0.2233563966497178, -0.38102932210077034, -0.27183804250385907, -0.39748795430743233, -0.2691321225606351, 0.2378779078325764, 0.3994230374731198, 0.619595386674869, 0.45973640276249816, 0.3060694912215837, 0.0820643309688914], [-0.016591289736526404, -0.4391853767971928, -0.6001778193446077, -0.3912870852477464, 0.3439102185410441, -0.3894930897117877, 0.06906392188821263, 0.6598582005421663, 0.5158758187623494, -0.23376817176836384, -0.02606554189891283, 0.7668045607870897, 0.32632283968973275, 0.07499294317105774]], "inverted": false, "swapped": false, "error_lsq": 0.04018932526623072, "error_max": 0.24720730180318742, "target": "465.xyz", "model": "19.xyz", "model_rescale": 3.9282355846067225, "target_rescale": 3.983169185870753},
{"mapping": [2, 1, 0, 3, 12, 10, 5, 7, 9, 11, 4, 8, 6, 13], "R": [[-0.07404427595636115, 0.1870642871196128, -0.9795531622543664], [-0.8482632405513594, 0.5046686610502127, 0.16049615971446857], [0.5243728825248354, 0.8428027616460547, 0.12131193277818347]], "T": [0.029399850282607352, 0.048380202535494, 0.15002205759135906], "aligned_model": [[0.007955394115032897, 0.1766086018968227, -0.10438597589946949, 0.5543281502543053, -0.6204567136437937, -0.6500804882529303, 0.6003077193807643, 0.04731636219152532, -0.5163497567326448, -0.48068846368772594, 0.12058443434331162, 0.013144769595008342, 0.619371229140119, -0.0015146737703478144], [-0.7189685665966857, -0.23011236224586037, 0.32354194515698176, 0.25119527836042405, -0.2781714398379139, -0.33233008432259564, -0.32297918018055144, -0.4249244757648574, 0.2751350252984233, 0.45930455095424905, 0.6433964026035973, 0.6608026482036854, 0.09010880871211158, -0.0014333117930427908], [-0.14903013211953992, -0.5298840176251371, -0.5892913781766673, -0.34964922840425205, 0.5903001702117419, -0.21821766869510129, -0.004401276523505804, 0.5546940932939031, 0.5094166068464012, -0.14034712664394966, -0.042355015434517196, 0.6009057449452224, 0.42757664611871044, 0.0005427110832067206]], "inverted": false, "swapped": false, "error_lsq": 0.050900673451276114, "error_max": 0.38702749916870693, "target": "465.xyz", "model": "20.xyz", "model_rescale": 4.067790424073018, "target_rescale": 3.983169185870753},
{"mapping": [12, 9, 10, 1, 3, 11, 7, 0, 6, 13, 5, 2, 8, 14], "R": [[-0.054337677641522614, -0.7769093513855682, 0.6272633231093478], [0.9176691075644446, -0.286484388432394, -0.27533634741238394], [0.3936125325880793, 0.5606590362369747, 0.728512607492434]], "T": [-0.027572542148613023, 0.10639196323098615, 0.1335272670180614], "aligned_model": [[-0.24460998833582306, 0.2604406459387578, -0.14866931733996516, 0.5224102008641308, -0.5911952752564267, -0.6065940930619251, 0.6591974020113099, 0.29511230665630783, -0.5785697981643827, -0.2682953769325235, 0.14670640650633696, -0.12910411307901512, 0.48966487491326505, -0.04035328579006998], [-0.5853830146263248, -0.33758208753121927, -0.010547565313629437, 0.2603532217581644, -0.3957255545975011, -0.04684899169390336, -0.16834866057218062, -0.3431846924087462, 0.4596401456035173, 0.46794213926946154, 0.663480685098429, 0.04448508415954455, 0.30722601973435143, 0.07905850966800135], [-0.11417415377063367, -0.43566983874270904, -0.668312828796364, -0.4556416514931959, 0.5258949895242035, -0.10995478014517165, 0.03591276686767719, 0.578738844334395, 0.47874408035276417, -0.41552418056890505, 0.04552087587679218, 0.8680889117879, 0.2650530548492448, 0.0615840388005178]], "inverted": true, "swapped": false, "error_lsq": 0.055007954133532995, "error_max": 0.40017635819549624, "target": "465.xyz", "model": "21.xyz", "model_rescale": 4.186013935880536, "target_rescale": 3.983169185870753},
{"mapping": [10, 11, 12, 2, 5, 3, 9, 8, 6, 7, 4, 1, 13], "R": [[0.7024952782452046, -0.021252290564469242, -0.7113710172539756], [0.518855410555508, -0.6688629137348501, 0.5323640348177194], [-0.48712364650103773, -0.7430819219816145, -0.45884617274598916]], "T": [0.04713827153214191, -0.012121980412551428, 0.09821685174901824], "aligned_model": [[0.16737084060089427, -0.534248187972177, 0.2912516451819089, 0.5513861605161864, -0.29019764818605426, 0.6576642797624208, -0.05214413490513316, -0.6176002169242637, 0.43363828801243826, -0.31930121254060145, -0.6906374546933908, 0.4236529098793991, 0.03773876669159792], [-0.39143669358816624, 0.17592524955376, 0.32087900596495106, -0.7042058022644355, -0.31897352993256517, -0.11850373058656312, -0.6060701701659261, -0.28905588398309673, 0.5296656167525438, 0.5916370104370635, 0.3197121010158925, 0.043827295654260065, -0.03444380931162461], [-0.5137492826749813, -0.486372251251648, -0.6067391995381799, 0.21760253135833935, 0.6965867785162495, -0.15077124031519756, 0.15933459899374802, 0.0029330410030429105, 0.054148362780021095, -0.015412292632191696, 0.38754630009483754, 0.39697415656415685, -0.03920194156285088]], "inverted": false, "swapped": true, "error_lsq": 0.04140263788666142, "error_max": 0.20200582434015477, "target": "465.xyz", "model": "22.xyz", "model_rescale": 4.166573947596378, "target_rescale": 3.983169185870753},
{"mapping": [9, 3, 11, 2, 10, 14, 4, 7, 13, 12, 6, 5, 1, 15], "R": [[0.3558561536412046, 0.40111405186897614, 0.8440816994278101], [-0.31332978474988965, -0.7997178878499692, 0.5121286418873408], [0.8804492284648079, -0.44672006586455976, -0.1589035520360959]], "T": [0.019456753880110762, -0.06593191618979666, -0.0033288562870130503], "aligned_model": [[-0.255464774628578, 0.3390790192818666, -0.10621716472860618, 0.5198852468545193, -0.4914044115808813, -0.770368643591875, 0.7103551850158134, -0.005857850165968202, -0.5384709976249761, -0.3593673271994626, 0.1360051129468165, 0.007725893741346926, 0.5256777003149499, 0.05456360029501205], [-0.4971912815193318, -0.27775299876730886, 0.01423058757319301, 0.2889387087588827, -0.3427676044460227, -0.019687918067652466, -0.3159575206607862, -0.269824945705567, 0.1437711110308644, 0.35479675534631, 0.6858504280813735, 0.32401629597768444, 0.3305623421050331, -0.024418721158707503], [-0.3177850205772158, -0.46636242791136595, -0.7778437797057824, -0.27982008970497846, 0.4692429418935568, 0.0005566766423048333, -0.003590252030952555, 0.6816357055605962, 0.5979650846193568, -0.33326984460294906, 0.015310317725423676, 0.7307452271331385, 0.30429383045274966, 0.03918175938263315]], "inverted": true, "swapped": false, "error_lsq": 0.052866014131866236, "error_max": 0.3519344277740266, "target": "465.xyz", "model": "23.xyz", "model_rescale": 4.274766983524099, "target_rescale": 3.983169185870753},
{"mapping": [12, 1, 2, 10, 9, 8, 11, 4, 7, 0, 13], "R": [[-0.6185935081709872, 0.7093760587787825, -0.3378278835149523], [0.14424485928930503, 0.5251879776365278, 0.8386721699893603], [0.7723571014869479, 0.47006722431747494, -0.4272017233171529]], "T": [-0.012139151328364864, 0.20119482248609621, -0.024514973833679135], "aligned_model": [[0.31382931350224047, 0.14238363042469349, -0.5731205181363583, -0.4002282895069788, -0.6078620816369986, -0.4281115683625702, 0.008189533411163921, 0.17754567920714992, 0.4919531554529384, 0.30091932868756444, -0.04560347908476975], [-0.3277319338745873, 0.6349148720086812, 0.6751702785758992, -0.1907374390508083, 0.30357641306190053, -0.16891059879726078, -0.6193959575490111, 0.015714901924057834, -0.18310411497788015, 0.6920260818099747, 0.08406402811251798], [-0.5550100979500501, -0.1733744717637568, -0.48074524861655, -0.5026509327120843, 0.0070924237691105535, 0.4420014513603238, 0.17879245750671224, 0.7926479680684732, 0.3070263808719032, 0.45635333452701127, -0.09256683103951562]], "inverted": true, "swapped": true, "error_lsq": 0.05059727956606834, "error_max": 0.23113185017739277, "target": "465.xyz", "model": "24.xyz", "model_rescale": 3.7841303162186577, "target_rescale": 3.983169185870753},
{"mapping": [13, 14, 10, 9, 3, 11, 12, 5, 6, 7, 8, 4, 2, 15], "R": [[-0.9984913674303569, -0.04414836276927779, 0.0326482960022179], [-0.020495980471925218, -0.251945132855187, -0.9675244517918278], [0.05094019975962649, -0.9667339717292316, 0.25066017624081205]], "T": [-0.04354836712934249, 0.20468732119478392, -0.015495631999602091], "aligned_model": [[-0.17547464372223004, 0.2963901397189179, -0.10667395784442874, 0.47835909811549526, -0.3240684520511459, -0.6726801818022702, 0.4038109186084433, 0.32384046708453795, -0.6325215559902068, -0.5674109273853354, 0.29276966909384616, -0.055803422374023616, 0.602086435432702, -0.09648299795432522], [-0.5604754377212972, -0.3014877749263263, 0.25710289242665413, 0.09598044274332757, -0.32842737292405044, -0.18494816274146467, -0.3986525359355392, -0.23875991855007575, 0.18797803807406777, 0.45943845801809025, 0.6810046849098299, 0.29040994451716734, 0.24564201634615185, 0.18975996431142936], [-0.11100169035879019, -0.5229673513486921, -0.7891382322786373, -0.2561948651208826, 0.5193866844992676, -0.21995814344558945, 0.08949290399493008, 0.6461075236014834, 0.4026644269535284, -0.30441679140044725, 0.08181691176218389, 0.7255885658686522, 0.37215297510862705, 0.026727211040881757]], "inverted": false, "swapped": false, "error_lsq": 0.043013204374251816, "error_max": 0.225093018337498, "target": "465.xyz", "model": "25.xyz", "model_rescale": 4.19342608120988, "target_rescale": 3.983169185870753},
{"mapping": [11, 7, 12, 9, 10, 8, 3, 5, 6, 4, 1, 13], "R": [[-0.4558740634844528, 0.8738189539370662, -0.16917232037926566], [0.29736584843733443, 0.3286816885123887, 0.8964049864987309], [0.8388995115181066, 0.3583417131412095, -0.4096813715531934]], "T": [-0.0045498951438711355, 0.13841254430059596, -0.07112166437720967], "aligned_model": [[-0.1646352954943826, 0.4257241471197625, 0.10569418083855694, -0.5459941080237795, -0.5378205777719899, -0.4353961625252123, -0.055138027773671716, -0.14860264390842198, 0.5580839154320455, 0.2377421189233351, 0.23313642393168585, -0.07498541611614737], [-0.6602532744201262, -0.3607614417413041, -0.45654431326400774, 0.3885728348245859, -0.14286527174536695, -0.1135190207374076, 0.24895987071625322, 0.5966698177371477, 0.048529998796052326, -0.08810608439731471, 0.5185781745777325, 0.033515137394736216], [0.15608302294650905, 0.20709403824434203, -0.6200448026371413, 0.031955106775981124, -0.482635019237022, 0.4566572950304859, -0.7278364296633595, 0.5078852806158979, -0.4178527101629233, 0.7214200066138131, -0.25313492994560705, -0.13033239737155494]], "inverted": true, "swapped": true, "error_lsq": 0.03518219941934039, "error_max": 0.22347099461509784, "target": "465.xyz", "model": "26.xyz", "model_rescale": 3.795458400668931, "target_rescale": 3.983169185870753},
{"mapping": [12, 7, 6, 3, 2, 8, 11, 10, 4, 1, 9, 5, 13], "R": [[-0.45417983567305376, 0.8905922775123211, 0.023792269824785273], [0.5732693824595952, 0.2717021058799889, 0.7730072320455832], [0.681969861505912, 0.36472367745431167, -0.6339509027533685]], "T": [-0.023756390800638585, 0.001333815413165948, -0.059903231403260926], "aligned_model": [[0.01724246764643124, 0.28917160057487834, 0.5370679579483255, -0.006573180629737722, -0.35748480249760317, -0.5294142936589871, -0.340065750478767, -0.5678958581090292, 0.11668189134933184, 0.2905535087949997, -0.5176492922296216, -0.12455238300856955, -0.10740548288039445], [-0.7261297966022682, -0.4680112114304346, -0.2620338815545785, -0.057312622408187144, 0.5431360437934257, -0.03397133403457554, -0.6753579745739796, -0.2917957202807587, -0.04462970900292003, 0.2791371853351671, 0.35038280153717405, 0.6116630598618392, -0.10319533738298943], [-0.4294432389382969, 0.37998961346116056, -0.3068275132092715, -0.7249742697928091, -0.6452019440775343, 0.460396952405828, 0.33652205245751754, -0.44826567474636947, 0.7864435372531716, -0.30111702918176986, -0.08442739441488337, 0.36827704226649477, -0.09923547138381186]], "inverted": true, "swapped": true, "error_lsq": 0.049633874070609076, "error_max": 0.30992170580410644, "target": "465.xyz", "model": "27.xyz", "model_rescale": 3.6321398670334006, "target_rescale": 3.983169185870753},
