[{"mapping": [10, 9, 0, 11, 10, 12, 5, 8, 7, 6, 2, 1, 3, 13], "R": [[-0.9095026328215556, -0.2661867856943325, 0.31929540556102315], [-0.41519799732116836, 0.5440197698722393, -0.7291454676596756], [0.020385875285348798, -0.7957305354891664, -0.6053076333394243]], "T": [0.023192502269031336, 0.0038758416836760998, 0.22805855706123643], "aligned_model": [[-0.6513082273791011, 0.03056851581245474, 0.16414879834205195, -0.39295618301567303, -0.6513082273791011, -0.4209852762715464, -0.21036328631170623, 0.1740637234396678, 0.19277028982297803, 0.5976024737656891, 0.7203983686430051, -0.2269685653528, 0.39568356940545546, 0.01893093089521173], [-0.3105409678540008, -0.6371404706641272, -0.6513643007474291, 0.3157592094497024, -0.3105409678540008, -0.36495035979346246, 0.7047272566527515, 0.4101666493285661, -0.17480502468263592, 0.4995516641112954, -0.2951443459394956, -0.07283985585742939, 0.16876046734585756, -0.02323191174377364], [-0.4513674950047043, -0.12660586671489785, 0.6104250212351577, -0.23735618001744094, -0.4513674950047043, 0.2704040660121089, 0.39133821959724313, -0.4221297124949315, -0.486581915091273, 0.1336925256009413, 0.35355418526088156, 0.7424302664505252, 0.5555700391829211, 0.06747564710833501]], "inverted": false, "swapped": false, "error_lsq": 0.05754767906358273, "error_max": 0.4317979270168013, "target": "466.xyz", "model": "0.xyz", "model_rescale": 3.8414455957264533, "target_rescale": 3.8972833652942565},
{"mapping": [6, 9, 8, 5, 2, 10, 1, 4, 7, 0, 13, 12, 11, 14], "R": [[0.606131585850393, -0.5113004004358044, -0.6092424814051247], [0.7805359875913029, 0.23516665463851585, 0.5791892752986697], [-0.1528661921726218, -0.8266005958504475, 0.5416303003251646]], "T": [-0.027699090252788227, -0.040039515325856076, 0.01369550670708794], "aligned_model": [[-0.605601427166089, 0.24842743033192966, -0.05525285349982287, -0.6578603640769751, -0.3435483960830192, -0.5851201715337835, -0.010873758102219699, -0.013423007065888828, 0.38151856565807696, 0.5755303160559763, 0.5889863040791296, -0.06920269440043335, 0.3429294745964638, -0.05623251437675915], [-0.5124609243600025, -0.6112953248244982, -0.680832015019183, 0.0895934785142767, -0.08739624054589101, -0.08887331927089613, 0.7547580846065763, 0.3507153930560239, -0.11326616903942403, 0.34508390129920846, -0.3437261197760326, -0.13478823201219625, 0.26424361012308106, 0.026650919000775666], [-0.21624812782098482, -0.23716426435489338, 0.4751369005679711, -0.1291850058298417, -0.6515873535872576, 0.4077491809015731, 0.3550334250642633, -0.36435743915168994, -0.47633895066489274, -0.10168043029270014, 0.3335713753413734, 0.7697310054742555, 0.7181894020779307, 0.06663158839505644]], "inverted": true, "swapped": false, "error_lsq": 0.03564509532822682, "error_max": 0.2485232776816641, "target": "466.xyz", "model": "1.xyz", "model_rescale": 4.316132596720782, "target_rescale": 3.8972833652942565},
{"mapping": [8, 7, 9, 2, 10, 1, 11, 0, 6, 4, 3, 13], "R": [[0.40365417377414203, -0.8725104945437517, 0.27529755702826864], [0.8378849498582718, 0.23169272188537088, -0.4942340472148288], [0.36743995263949747, 0.4301673157462875, 0.8245871461937287]], "T": [0.019619965190404563, -0.022085487580161604, -0.08301337674086787], "aligned_model": [[-0.14296849988701898, 0.4436929460625192, 0.08658439771905885, -0.7058604686406672, -0.5392989487985623, -0.4896427399808333, -0.1803860649687688, -0.12720184310292348, 0.5869581953234029, 0.242944985489892, 0.4613027485012314, -0.03831615308554946], [-0.5531104803429696, -0.3589114088238631, -0.7006491716282778, 0.3563589527784772, -0.2942076062146383, -0.003778073823954276, 0.39352527576425156, 0.5870673156645637, 0.21430995488150847, -0.04512741927635794, 0.36997472671361853, 0.04732436204862203], [0.21172925226030656, -0.0075154231090200085, -0.5019067316154926, -0.2233448112360387, -0.41176180414859664, 0.34667237340055934, -0.6242594518888365, 0.5818877809496762, -0.5946019000524514, 0.6857419705608838, 0.1200231246008345, -0.13340591851240324]], "inverted": true, "swapped": true, "error_lsq": 0.045304820927568136, "error_max": 0.28064457497738854, "target": "466.xyz", "model": "2.xyz", "model_rescale": 3.795458400668931, "target_rescale": 3.8972833652942565},
{"mapping": [9, 7, 6, 0, 10, 2, 3, 8, 4, 1, 11, 13], "R": [[0.35467147315965764, -0.7266221697857329, -0.588411733824736], [0.16075243183632332, -0.5725633400151686, 0.8039464393411931], [-0.9210682937684189, -0.37972548511595605, -0.08626560246115139]], "T": [0.0016950005272154817, -0.02610023475815149, 0.020628877045634715], "aligned_model": [[-0.03433904984540696, -0.06744414010964901, -0.7879667445437927, 0.2801781912329157, 0.24029060479200187, 0.1955111344127241, -0.29901735793929257, 0.5212739255758377, 0.3870853744704233, 0.5940833124899235, -0.41092551273647976, -0.02542591205563997], [-0.14769427172774993, -0.5283910753512876, -0.13509639372809357, 0.013781611787652161, 0.46189945667748356, 0.7603234759540004, -0.31476576358413344, -0.2484648567907254, -0.5763845673843084, 0.17690703291123216, 0.5528201788553453, 0.07083421767029437], [-0.769510976827168, -0.18409832197360218, -0.0428727408268851, 0.8898664058029504, -0.42596351784261616, 0.20285955309376905, 0.4856697392453873, -0.254847954610179, 0.45657748898423783, 0.24905314299554146, 0.037287187476793306, 0.04475142512087145]], "inverted": false, "swapped": true, "error_lsq": 0.04529768552291421, "error_max": 0.24766676780686803, "target": "466.xyz", "model": "3.xyz", "model_rescale": 3.7530521520055578, "target_rescale": 3.8972833652942565},
{"mapping": [8, 9, 7, 6, 4, 12, 1, 10, 2, 5, 13], "R": [[0.8565577902073551, -0.5063736735626744, 0.09947087391661352], [-0.03214694270638788, -0.2447374345461521, -0.9690563256108492], [0.5150488579831285, 0.8268550603669363, -0.22591012158791177]], "T": [0.04567529527071417, -0.09168761959025062, 0.021362346055926358], "aligned_model": [[-0.3267955831764823, -0.3487369954360216, 0.21912151748755485, 0.5467947672817703, 0.3525276489813403, -0.2694294236915957, -0.2823749857717178, -0.6186377500448368, -0.36206407166369386, 0.4000916598065862, 0.027702818672301475], [-0.5608678818740922, 0.019414910713392547, -0.3220853996724125, 0.43288888944841164, -0.8198885657107088, 0.6204941446799254, -0.4443892977583128, 0.13893991663208455, 0.23451888728849618, 0.18242338484018383, -0.014245630272621462], [-0.16950696907234708, -0.666023807420086, -0.44320498626732663, -0.31505562419445843, 0.1515729232169756, -0.2713825489932685, 0.4821204685852889, 0.025292453862495824, 0.6667869267308878, 0.5445864319619879, 0.08764550883516725]], "inverted": true, "swapped": true, "error_lsq": 0.047124990805887584, "error_max": 0.21037104551633112, "target": "466.xyz", "model": "4.xyz", "model_rescale": 3.7855080009869324, "target_rescale": 3.8972833652942565},
{"mapping": [15, 8, 13, 9, 10, 14, 2, 5, 7, 4, 6, 12, 1, 16], "R": [[-0.9646062410801767, 0.1636431187169302, 0.20677458587981506], [-0.2627696815758351, -0.5308979320291095, -0.8056671025999197], [-0.022065677277314545, -0.8314856074904796, 0.5551079088091627]], "T": [0.006796571549672472, -0.02490869266044098, 0.10110542701693083], "aligned_model": [[-0.6070256983613262, -0.035038091629830403, 0.009238547073528832, -0.6459558813367939, -0.22767274172435595, -0.571585715648833, -0.3964003346710877, 0.21287429996132032, 0.48234041533853256, 0.6954993608491948, 0.5635263489561629, -0.059517702831254043, 0.363013780802038, -0.04301968236071059], [-0.5398051238332927, -0.648603926345876, -0.6703838147531866, 0.17436546087680532, -0.09834324029729256, -0.05880663094029036, 0.5297911703977829, 0.5018812281544385, -0.09615264200446476, 0.2367944449818049, -0.36551531649792285, -0.10494189052278556, 0.4141090931345468, -0.0159817705984483], [-0.09234222174785976, -0.222258130605675, 0.4300788946253297, -0.10167047448953008, -0.5848944143973811, 0.45042227197043494, 0.37592537592145786, -0.47779663188409915, -0.47348296843871274, 0.03629246824625354, 0.11188275571723001, 0.7736099751527862, 0.6045700460096587, 0.1191443600402698]], "inverted": false, "swapped": false, "error_lsq": 0.039077148208491265, "error_max": 0.2044992134369569, "target": "466.xyz", "model": "5.xyz", "model_rescale": 4.2253639853439635, "target_rescale": 3.8972833652942565},
{"mapping": [10, 1, 4, 5, 8, 2, 6, 11, 9, 12, 0, 3, 7, 13], "R": [[0.9444544322275084, 0.18138183878602984, -0.2740555673662074], [0.2658419636372481, 0.06862956934296889, 0.9615706071741642], [0.1932197604162349, -0.9810150920196884, 0.016598596756819142]], "T": [-0.027366118861563066, -0.08974202015324106, 0.023215127878601666], "aligned_model": [[-0.6805889955888114, 0.023408005987940378, -0.1743133621374763, -0.5769164105576241, -0.16816148258012759, -0.596759794638681, -0.15377056593408933, -0.07716944617433011, 0.4141245087074784, 0.594334775009497, 0.6762092851966333, 0.020014419090506594, 0.468788978953522, -0.028923010917851762], [-0.44907165155156825, -0.801392294252245, -0.6229789026264884, 0.17970224396218648, -0.1591591627324827, -0.1031973418786728, 0.42561598929218014, 0.6301850152446768, -0.2319045495994237, 0.6025606496740765, -0.38259445328721375, -0.023036743448440533, 0.27813602084540545, -0.08445777789017202], [-0.2063378370520643, -0.14906852653714978, 0.464776275479189, -0.13844974735023347, -0.6987424896241029, 0.3778718750857005, 0.38673404895954244, -0.2679523172538013, -0.37361262880626067, -0.05127498139051266, 0.2727782512331099, 0.7277113758327342, 0.5210977263795067, 0.08395028116450548]], "inverted": false, "swapped": false, "error_lsq": 0.04478589194269627, "error_max": 0.2789608849163577, "target": "466.xyz", "model": "6.xyz", "model_rescale": 3.89814844738969, "target_rescale": 3.8972833652942565},
{"mapping": [11, 12, 6, 2, 3, 9, 10, 5, 1, 8, 7, 4, 13], "R": [[-0.8135107216155348, 0.5629530240602204, 0.1458910501642398], [0.4224481735605996, 0.7444596279392494, -0.5170274683456073], [-0.39967217375229586, -0.3589759811881672, -0.8434443659531476]], "T": [-0.043130338334893756, 0.11663468420071904, 0.05267525043811383], "aligned_model": [[0.09443105813772011, -0.16381216693012737, 0.5789064015300853, -0.36376450277779016, 0.5325843390041586, -0.38726803803128174, -0.6274722139402014, 0.3619958452701772, -0.45594208668940306, -0.5195694947266671, 0.07264892762568818, 0.06771372541784566, -0.04181999298598201], [-0.3060487304393496, 0.15636038306152544, 0.3094359468213331, -0.6231931951619476, 0.07452023958283643, 0.7094492582145342, -0.0017098218560692158, -0.44048393944331893, -0.23522946603549594, 0.4163786331567452, 0.6398198561446118, 0.23564804495987457, 0.028834056465205926], [-0.5023901743178824, -0.7695480695580974, -0.4114112255135817, -0.14501998806625913, 0.2909979254677484, -0.36029530029819756, -0.32022618250097123, 0.05098385471785993, 0.4400918070672914, 0.33277356279725545, 0.16158793455568513, 0.8368558372959403, -0.002124950810495241]], "inverted": false, "swapped": true, "error_lsq": 0.04047495635472102, "error_max": 0.20965276277032996, "target": "466.xyz", "model": "7.xyz", "model_rescale": 3.7474275329858107, "target_rescale": 3.8972833652942565},
{"mapping": [6, 7, 5, 0, 10, 3, 1, 12, 11, 13, 9, 8, 4, 14], "R": [[-0.6289451601765912, -0.18974538097736074, -0.7539394378119496], [-0.5582549619612707, -0.564712352323042, 0.607825103610732], [-0.5410909192881198, 0.8031790893266166, 0.24924680044567182]], "T": [-0.018432821796902976, 0.03595354246705197, 0.07065929030581497], "aligned_model": [[-0.6312513470497548, -0.002926523588035135, -0.14889796947924622, -0.6552604181136212, -0.23297640904017258, -0.5424264236133152, -0.41281457821204515, 0.20301792963898832, 0.41498145897210137, 0.6838858660319123, 0.46687541769584817, 0.1599474137522105, 0.4383299736283028, -0.00020748620658705974], [-0.4839798716583842, -0.579422912557006, -0.617295540956052, 0.12843379081830664, -0.15684947432732121, -0.19803958114952974, 0.6705541328369827, 0.4088582039125641, -0.17520386756840833, 0.5970759161339756, -0.5472221200121761, -0.17551802825108065, 0.3027569114522228, 0.08425948307772471], [-0.07446409988519484, -0.22080083602692824, 0.3338435304665561, -0.07115486223659784, -0.6308115968848371, 0.5005574879529217, 0.15157245956085943, -0.3681394072310427, -0.3218258240647433, 0.06925529978687398, 0.13937973457648845, 0.6940937954464699, 0.6472089905564007, 0.10076663410293725]], "inverted": true, "swapped": false, "error_lsq": 0.050985694174350664, "error_max": 0.32264262477029, "target": "466.xyz", "model": "8.xyz", "model_rescale": 4.019505241142653, "target_rescale": 3.8972833652942565},
{"mapping": [10, 8, 1, 2, 11, 5, 0, 12, 6, 7, 4, 3, 13], "R": [[0.8015853946941169, 0.12801083033545824, -0.5840154812416389], [0.5618054506212204, 0.1729005077848535, 0.8089994128922636], [0.20453725984613189, -0.9765851942992819, 0.0666773395545263]], "T": [-0.08853572128250532, -0.06884508003402007, 0.08892338641119042], "aligned_model": [[-0.3430915371684883, -0.661421273825864, -0.15313915438472328, 0.26755165685529764, 0.3841019042398863, 0.5911547275514715, 0.41923696928354803, -0.09423681251571044, 0.24198333599950422, -0.41026754219354256, -0.20138856048912912, 0.29535133754029785, -0.01613427915137164], [-0.5775690520351975, 0.10306724627042077, 0.18840103766355554, -0.3765276961352237, -0.5955054496472234, -0.0016702887007843392, 0.5851538652749149, -0.8926303450668323, -0.35812320307042267, 0.09198955021192476, 0.7239910568842567, 0.2990139080013451, -0.12621240153667485], [-0.3244984142933004, -0.1048395228805075, -0.5226028513842956, -0.5950123947098298, 0.018748158657532613, -0.0006293212314195384, -0.2973014248577997, 0.20527955308159512, 0.7571700549978477, 0.5007612094155183, 0.08086882294675243, 0.41653474850404804, 0.04222487579773756]], "inverted": true, "swapped": true, "error_lsq": 0.049297089241396135, "error_max": 0.2431395810246835, "target": "466.xyz", "model": "9.xyz", "model_rescale": 3.877068213659057, "target_rescale": 3.8972833652942565},
{"mapping": [14, 2, 9, 6, 13, 10, 12, 3, 4, 1, 8, 11, 0, 15], "R": [[0.5339384226153842, 0.43493354630985226, 0.725081079017603], [-0.8363130479258716, 0.3978943330011331, 0.37717447638264534], [-0.12445981971678544, -0.8077827121571243, 0.576191672289826]], "T": [0.005086275218415821, -0.030895481335820315, 0.002989904619986855], "aligned_model": [[-0.5455326491417818, 0.12279744740595544, -0.07588378384902705, -0.5315966669967515, -0.43592153287375285, -0.562552635610082, -0.18645227220702754, -0.03446507399149242, 0.397751933549284, 0.8175769487013107, 0.46849023428999453, -0.08998866257167887, 0.35538532777057863, 0.040668289941055945], [-0.580858002811268, -0.6064972431245328, -0.6369531927768606, 0.259502058003639, -0.2532140138975825, -0.19591770834883215, 0.5978869931280912, 0.4413670588964058, 0.00462174823065176, 0.26679935778920993, -0.42112086249220093, 0.005099848911361452, 0.3614341465576848, 0.01625685368605136], [-0.0593123565538439, -0.3055259778195901, 0.25155217817958564, -0.08614630466505363, -0.591758007730277, 0.3951180864240762, 0.3581529662842339, -0.41910620599619275, -0.5471399772410874, 0.06735836323963226, 0.48080143485575055, 0.7339621124831246, 0.6005968594755935, 0.07092813518421058]], "inverted": true, "swapped": false, "error_lsq": 0.043680432817912736, "error_max": 0.27232178140000973, "target": "466.xyz", "model": "10.xyz", "model_rescale": 4.260839863003843, "target_rescale": 3.8972833652942565},
{"mapping": [9, 8, 1, 10, 5, 11, 6, 7, 4, 0, 3, 13], "R": [[-0.13531150365197267, -0.7545264820717792, 0.6421686576218334], [0.5552233669062383, -0.5945485460778591, -0.5815832177754142], [0.8206203810659002, 0.27785214451050977, 0.499379991559702]], "T": [0.014921150490000945, 0.007466961047079447, -0.10678018132377104], "aligned_model": [[0.413082519531176, 0.2553500509457319, -0.32694404899377344, -0.30755744043642436, -0.42567446640541207, -0.47688634058697205, 0.2351585823312444, 0.5616036265075902, 0.32251595079652845, -0.3653470189855991, 0.15375072207363433, -0.08015348768359393], [-0.14819468254519724, -0.5704094997848813, -0.5063499786480907, -0.3109086532350753, 0.41284674839930036, 0.4340396791429145, 0.7552602685492563, 0.007372839554068396, -0.2850042103031005, -0.056796171700901274, 0.39806392301358245, 0.04315824309105832], [-0.7832722568193848, -0.16634954515680536, 0.1450805857988165, -0.6445169710381675, 0.23388677723214485, -0.39286258285826414, -0.28504664660018497, -0.11808490982330924, 0.5723632733796786, 0.721461148025802, 0.3603162508385886, -0.12679704558340954]], "inverted": true, "swapped": true, "error_lsq": 0.047096931798092906, "error_max": 0.2896727151901013, "target": "466.xyz", "model": "11.xyz", "model_rescale": 3.890672605050136, "target_rescale": 3.8972833652942565},
{"mapping": [9, 12, 10, 6, 5, 11, 1, 8, 7, 3, 4, 2, 4, 13], "R": [[0.8603104981996852, -0.30237106603215447, 0.4104114826780415], [0.21220900224792466, -0.5195895245858652, -0.8276436825745577], [0.4635010097641107, 0.7991235601377384, -0.38284246052447823]], "T": [-0.15533057731503586, 0.04816021435276695, 0.05177113426785129], "aligned_model": [[-0.7063503809097965, 0.11883218522772754, -0.01513968787158379, -0.6228658048991679, -0.1672463798072828, -0.48933232865283993, -0.2912806597017455, -0.004355904612314887, 0.46174712255535744, 0.6633251945121973, 0.4231803877519339, -0.043224907309541, 0.4231803877519339, -0.010192319618291562], [-0.40719089771898304, -0.6223027372782405, -0.710577396803325, 0.369368120807188, -0.30496457081732314, -0.16563792155458779, 0.6467603999470698, 0.49625795673947415, -0.22830771548720868, 0.4440888580972813, -0.040732367462704325, -0.14609236939239673, -0.040732367462704325, -0.031529949861721196], [-0.2562109379422262, -0.12271771027594924, 0.5036607849313323, -0.04969135013194628, -0.6411452254644062, 0.4332096628423415, 0.5297812631309868, -0.491925570990122, -0.46759845125777844, -0.10980359246446275, 0.4371024410943336, 0.726502477935563, 0.4371024410943336, 0.021215073618163275]], "inverted": false, "swapped": false, "error_lsq": 0.05039765706018965, "error_max": 0.3695564285156058, "target": "466.xyz", "model": "12.xyz", "model_rescale": 4.124412569039231, "target_rescale": 3.8972833652942565},
{"mapping": [1, 8, 9, 0, 10, 2, 4, 5, 7, 3, 11, 6, 13], "R": [[-0.5308184969080654, -0.3584236724835662, -0.7679610630387819], [-0.2696986375586198, -0.7876122131596606, 0.5540123162717288], [-0.8034266414796605, 0.5011980373915434, 0.32141275499827104]], "T": [0.14404544115532603, 0.19126591718103536, 0.008530403795349547], "aligned_model": [[-0.22330054473910715, -0.048439061941304956, 0.6486358803658804, -0.5829309581291392, 0.570510561904912, 0.3077587156069696, -0.6330488193996319, 0.0455282968732052, 0.07190527651111286, -0.16344963514108324, 0.6367821936170699, 0.5475376524119002, 0.1898087495689742], [-0.1852877471053535, 0.4403202000095787, 0.6952432609925886, -0.3190618079649453, -0.03778305677461116, -0.5998121253165609, 0.3847558565945004, -0.30058524162471406, 0.7324370156045066, 0.2504225453475904, -0.24871368826217594, 0.43493730213720094, 0.10061286287087245], [0.41789304585139947, 0.5527890275560576, 0.37157293143213505, -0.20545150763731793, 0.5186092180012366, 0.19991603612977496, 0.017244350743347285, -0.46357981229497924, -0.02178748211816866, -0.5318083649227503, -0.2547384172570663, -0.6374545661381954, -0.011506378377634333]], "inverted": true, "swapped": true, "error_lsq": 0.04817140673684468, "error_max": 0.25397565157650015, "target": "466.xyz", "model": "13.xyz", "model_rescale": 3.9028299243045295, "target_rescale": 3.8972833652942565},
{"mapping": [0, 3, 7, 5, 8, 4, 13, 12, 1, 11, 9, 10, 14, 15], "R": [[0.517996636705818, -0.8550877722056132, 0.02245854371732091], [-0.8369433445099026, -0.5120777600738085, -0.1931377894622646], [0.17665028288128992, 0.081248196670653, -0.9809145773693688]], "T": [-0.01874855880967641, -0.12053423672119225, -0.06314582423057974], "aligned_model": [[-0.6652204255834627, -0.128892455605297, 0.1515929035910142, -0.43202682938985093, -0.5275266890955372, -0.5470074699739285, -0.1958222822173103, 0.06213431068638221, 0.5194375092278762, 0.6224306955241621, 0.5915137357380387, -0.15915888268854977, 0.39724675246485674, 0.05157603173819192], [-0.527346255389161, -0.7333262937068907, -0.6139541389077825, 0.17285964274970145, 0.1645357126053163, -0.38900050488297766, 0.5903580400298132, 0.5248945855583181, -0.11509484509089975, 0.24626515054869985, -0.2757278965756102, -0.02322284038439862, 0.3990733325539021, -0.16190664735621194], [-0.3853173875039965, -0.09545158427524156, 0.6772247195855154, 0.009124060302547185, -0.5694926398534583, 0.2658399802010885, 0.24657730879238776, -0.3103701874188667, -0.42718555411150533, -0.048860809415711956, 0.3888943468361205, 0.662228586084664, 0.5199549627115965, 0.01631550418502352]], "inverted": true, "swapped": false, "error_lsq": 0.05139747854360065, "error_max": 0.3691129081580398, "target": "466.xyz", "model": "14.xyz", "model_rescale": 3.942246331269136, "target_rescale": 3.8972833652942565},
{"mapping": [13, 4, 3, 8, 11, 12, 0, 6, 10, 9, 5, 1, 2, 14], "R": [[-0.6923446698307324, -0.3510835071049016, 0.6303960891343605], [0.599311732284281, -0.766337754611658, 0.23141282030859125], [0.4018510989202198, 0.5380212048754999, 0.7409783245149125]], "T": [0.015150723200068092, -0.052142545050470446, 0.010872806787454448], "aligned_model": [[-0.6530689722450556, 0.02418344056435419, 0.09173008034647577, -0.49885065939467915, -0.29637194119631066, -0.5889562487338058, -0.20535503308376385, 0.060061939017063234, 0.4570887763433541, 0.7100249774547678, 0.42712120352689265, -0.0898214321282619, 0.31687849234879134, -0.014387718403236285], [-0.4752172508914966, -0.5839951898559304, -0.644266321278647, 0.49948010953497524, -0.06375480309269349, -0.380855516350948, 0.480603348555952, 0.33306112345980415, -0.29749584490097297, 0.3069205629201873, -0.09828993744163841, -0.24074720916319234, 0.4330916149869454, -0.010127644730526145], [-0.1773294206225085, -0.23553163950574624, 0.41096400412247913, -0.163356788650822, -0.6348282151159432, 0.45255007258505625, 0.4672460171750134, -0.39210424689983253, -0.49260810792486437, -0.17987771457693935, 0.4914248848225985, 0.7919301433903896, 0.516991450878743, 0.09401086644253921]], "inverted": true, "swapped": false, "error_lsq": 0.051097453015817355, "error_max": 0.3112593156474427, "target": "466.xyz", "model": "15.xyz", "model_rescale": 4.355366556412066, "target_rescale": 3.8972833652942565},
{"mapping": [8, 7, 9, 2, 10, 1, 11, 0, 6, 4, 3, 13], "R": [[0.40365417377414203, -0.8725104945437517, 0.27529755702826864], [0.8378849498582718, 0.23169272188537088, -0.4942340472148288], [0.36743995263949747, 0.4301673157462875, 0.8245871461937287]], "T": [0.019619965190404563, -0.022085487580161604, -0.08301337674086787], "aligned_model": [[-0.14296849988701898, 0.4436929460625192, 0.08658439771905885, -0.7058604686406672, -0.5392989487985623, -0.4896427399808333, -0.1803860649687688, -0.12720184310292348, 0.5869581953234029, 0.242944985489892, 0.4613027485012314, -0.03831615308554946], [-0.5531104803429696, -0.3589114088238631, -0.7006491716282778, 0.3563589527784772, -0.2942076062146383, -0.003778073823954276, 0.39352527576425156, 0.5870673156645637, 0.21430995488150847, -0.04512741927635794, 0.36997472671361853, 0.04732436204862203], [0.21172925226030656, -0.0075154231090200085, -0.5019067316154926, -0.2233448112360387, -0.41176180414859664, 0.34667237340055934, -0.6242594518888365, 0.5818877809496762, -0.5946019000524514, 0.6857419705608838, 0.1200231246008345, -0.13340591851240324]], "inverted": true, "swapped": true, "error_lsq": 0.045304820927568136, "error_max": 0.28064457497738854, "target": "466.xyz", "model": "16.xyz", "model_rescale": 3.795458400668931, "target_rescale": 3.8972833652942565},
{"mapping": [11, 12, 6, 2, 3, 9, 10, 5, 1, 8, 7, 4, 13], "R": [[-0.8135107216155348, 0.5629530240602204, 0.1458910501642398], [0.4224481735605996, 0.7444596279392494, -0.5170274683456073], [-0.39967217375229586, -0.3589759811881672, -0.8434443659531476]], "T": [-0.043130338334893756, 0.11663468420071904, 0.05267525043811383], "aligned_model": [[0.09443105813772011, -0.16381216693012737, 0.5789064015300853, -0.36376450277779016, 0.5325843390041586, -0.38726803803128174, -0.6274722139402014, 0.3619958452701772, -0.45594208668940306, -0.5195694947266671, 0.07264892762568818, 0.06771372541784566, -0.04181999298598201], [-0.3060487304393496, 0.15636038306152544, 0.3094359468213331, -0.6231931951619476, 0.07452023958283643, 0.7094492582145342, -0.0017098218560692158, -0.44048393944331893, -0.23522946603549594, 0.4163786331567452, 0.6398198561446118, 0.23564804495987457, 0.028834056465205926], [-0.5023901743178824, -0.7695480695580974, -0.4114112255135817, -0.14501998806625913, 0.2909979254677484, -0.36029530029819756, -0.32022618250097123, 0.05098385471785993, 0.4400918070672914, 0.33277356279725545, 0.16158793455568513, 0.8368558372959403, -0.002124950810495241]], "inverted": false, "swapped": true, "error_lsq": 0.04047495635472102, "error_max": 0.20965276277032996, "target": "466.xyz", "model": "17.xyz", "model_rescale": 3.7474275329858107, "target_rescale": 3.8972833652942565},
{"mapping": [11, 12, 7, 3, 10, 1, 0, 8, 5, 4, 9, 2, 6, 13], "R": [[0.33780891040323674, -0.3768180596874423, 0.862492486892245], [0.22754988861546865, -0.8564811700463367, -0.4633152852509251], [0.9132941411414321, 0.3527721010077887, -0.20358206332406775]], "T": [-0.06578607553941773, -0.08809338816100382, 0.06159684908954832], "aligned_model": [[-0.6079901554396479, 0.2514986468363774, -0.18189623201143296, -0.6347367607102091, -0.17365168363475397, -0.6540541656007496, -0.12012390209222223, -0.08066663040183375, 0.42265817256293337, 0.5568075874323288, 0.5385065491420225, -0.03207780418079326, 0.506421170425339, -0.0504178879107723], [-0.5237199467970681, -0.7167164608045289, -0.7490249384298309, 0.15310209550846576, -0.17913205134089835, -0.009424660487011016, 0.6507585023805451, 0.4984500614300254, -0.12492918145441301, 0.45351511853942755, -0.3055844458379338, 0.0025068182797443467, 0.14032467871248225, -0.03171854794718795], [-0.13329003850553606, -0.19019743361088876, 0.403806140985, -0.21895446138746938, -0.6140630822813283, 0.4169421773428189, 0.44926639294044896, -0.35385447422949273, -0.4706486558219237, -0.029305176838139047, 0.2493526198191361, 0.7647953124301545, 0.5257119919706441, 0.14991999330673875]], "inverted": false, "swapped": false, "error_lsq": 0.04310562927514561, "error_max": 0.24774194949324976, "target": "466.xyz", "model": "18.xyz", "model_rescale": 3.922800546911778, "target_rescale": 3.8972833652942565},
{"mapping": [10, 2, 9, 4, 6, 11, 13, 8, 1, 5, 3, 7, 12, 14], "R": [[-0.6668065292655015, 0.6554748270622515, -0.35457270568475524], [-0.6708499125997562, -0.3207540292034131, 0.668638353308181], [0.3245449850079272, 0.6837174883221053, 0.6536061114071048]], "T": [0.05246201849948682, -0.006984036440616875, 0.008872778574759918], "aligned_model": [[-0.558185569690147, 0.09163628225653511, -0.10976768636366677, -0.6336384695139226, -0.26580983019749477, -0.5419147971607005, -0.3111033880826609, 0.05932861852135284, 0.334371637895745, 0.7411036272232187, 0.46811995148705354, -0.021590351001275453, 0.44116679630936406, 0.04656008273318433], [-0.5005826947254405, -0.7148776943585591, -0.7146835526005242, 0.15295679696488568, 0.03118577574586298, -0.10651091530560877, 0.4628309639700704, 0.5314810976657547, -0.22193807867106544, 0.305137790024377, -0.24818886413106525, -0.10125516869266818, 0.41671802706224503, -0.033866441196445995], [-0.17570927591838859, -0.09350353180237321, 0.37709296216337174, -0.15711574286416413, -0.6018758339310455, 0.38841752449789074, 0.35370289232071606, -0.28164194252826097, -0.6409770118818451, -0.0954652315857864, 0.4310077776312586, 0.79870834326775, 0.5455283493626762, 0.1013120273883637]], "inverted": false, "swapped": false, "error_lsq": 0.04275236978294324, "error_max": 0.2121548144526014, "target": "466.xyz", "model": "19.xyz", "model_rescale": 3.9282355846067225, "target_rescale": 3.8972833652942565},
{"mapping": [3, 1, 0, 6, 5, 4, 8, 7, 2, 12, 10, 11, 9, 13], "R": [[0.575421632654744, -0.43567235209212296, 0.6921557240213118], [0.4606928646092775, 0.8719295634467831, 0.16583401606908085], [-0.6757603341207937, 0.2234467229789231, 0.7024382768748679]], "T": [-0.06568292713090726, 0.04952565940832156, 0.04815019288844785], "aligned_model": [[-0.6170430799667674, -0.030120090185064785, -0.13630309079080977, -0.5586722446349689, -0.3048114599691708, -0.4975447425520394, -0.40984521157837195, 0.2099503853506808, 0.4040039636465814, 0.6586407579704009, 0.6997582173509306, 0.09280979152781385, 0.2433744110916828, -0.013920702844311426], [-0.45059709532446546, -0.6540905537155388, -0.6618931110010768, 0.3095569222828186, -0.1516339786495831, -0.10009965687551255, 0.5458605674834224, 0.416299150754188, -0.3059925982341669, 0.48525137072996627, -0.3236005994135087, -0.1916086595884609, 0.44313927745314236, -0.10218399414940572], [-0.06245849214515303, -0.2071149742695768, 0.40744549454248646, -0.292715365964068, -0.5763836308934385, 0.48458516175315586, 0.5105629523557548, -0.37327745152517333, -0.52779876619951, 0.13921417568116978, 0.17895920749915456, 0.7039683610265985, 0.5256192564079791, 0.03887537785078345]], "inverted": false, "swapped": false, "error_lsq": 0.05011160527569784, "error_max": 0.3027158689712948, "target": "466.xyz", "model": "20.xyz", "model_rescale": 4.067790424073018, "target_rescale": 3.8972833652942565},
{"mapping": [1, 9, 7, 13, 10, 5, 6, 11, 12, 3, 0, 8, 2, 14], "R": [[0.5405895857005166, -0.6460399901182997, -0.5388833185394509], [-0.5006028456046484, -0.7618230859753425, 0.4111233107566813], [-0.676135852329007, 0.04751754247594625, -0.735243083852119]], "T": [-0.03515566924352994, 0.012311461966860865, 0.16350864291572026], "aligned_model": [[-0.5561896338655294, -0.014115615519199202, 0.04746073150172717, -0.6002838478647134, -0.3564645115079324, -0.5684252648484274, -0.06695832295872617, 0.03788303481524239, 0.43363642373263095, 0.669853645002457, 0.5356862202969931, -0.20004476215881747, 0.42799497312955975, -0.04975616533867904], [-0.6067214446038918, -0.582371932344558, -0.7189939970345419, 0.17326949848585668, -0.1832520655164888, 0.028301042331335215, 0.7327548581672853, 0.38673840034913476, -0.1228952143883861, 0.45604910385345065, -0.28542656813962175, -0.32741739798552905, 0.3178953361573388, -0.009522577579565785], [0.027027986514653934, -0.336450231531386, 0.2861088597647659, -0.21707795338721214, -0.5643665910046591, 0.4161625417200789, 0.32936040438734693, -0.3585086647496864, -0.4272256417924601, -0.009129095282367883, 0.463424684659198, 0.5907834789148423, 0.659323033432035, 0.09004849447501356]], "inverted": false, "swapped": false, "error_lsq": 0.047344722785127955, "error_max": 0.3383813770300679, "target": "466.xyz", "model": "21.xyz", "model_rescale": 4.186013935880536, "target_rescale": 3.8972833652942565},
{"mapping": [2, 1, 10, 6, 3, 12, 5, 0, 9, 8, 4, 7, 13], "R": [[0.5051358337659523, 0.6486930400823026, 0.5692408358457397], [0.7458032566561934, 0.003809038617514471, -0.6661553824640515], [-0.4342986205441972, 0.7610406237341018, -0.481873299965683]], "T": [0.03641368952446436, -0.013397044285456981, 0.051717057285927986], "aligned_model": [[-0.09209382803083135, -0.4748732208344012, 0.30820291365240493, 0.5617034066171991, -0.17707982137705316, 0.800115699043401, -0.17089394354514933, -0.7927839600346, 0.6397106849015313, -0.1171127857952888, -0.6290367157744445, 0.15141401363035492, 0.05130159297010228], [-0.330270378785073, 0.1449177157784851, 0.22043215944229705, -0.4440079318124704, -0.38276338670510424, -0.1181647042361906, -0.6671330987695426, -0.39642684342891177, 0.5123658742775831, 0.5929791589582281, 0.19342714613762982, 0.28045032735257586, -0.08684937866341316], [-0.7047960448031405, -0.34556828122148664, -0.5532381885957436, 0.4737635789290412, 0.507795712205053, -0.26129476506882976, -0.012811716230810427, 0.030818217042906312, 0.05497897758415389, -0.011791137312589878, 0.4464185795232357, 0.49827968779478016, -0.019675058511223656]], "inverted": false, "swapped": true, "error_lsq": 0.05137046090662979, "error_max": 0.31620572022310456, "target": "466.xyz", "model": "22.xyz", "model_rescale": 4.166573947596378, "target_rescale": 3.8972833652942565},
{"mapping": [11, 12, 14, 3, 2, 9, 8, 1, 6, 5, 13, 10, 7, 15], "R": [[-0.4603432700758287, 0.887735439228381, -0.0031406422729425842], [-0.821134685433449, -0.4271460091826414, -0.37852888293689546], [-0.33737501696777095, -0.17167433348446925, 0.9255841513058983]], "T": [-0.11106253470382729, -0.005118934213699064, 0.04857019106340536], "aligned_model": [[-0.6624360019744389, -0.06495679459794185, 0.06804949917000597, -0.6629011001555558, -0.22620556089933952, -0.5555880228356325, -0.4989171494916843, 0.2644061366761764, 0.30826648586360283, 0.7006537953635948, 0.595559990859059, 0.20746332334052722, 0.3269838194112641, -0.0601015163130523], [-0.501569243769361, -0.6278964577782142, -0.6404873116335515, 0.11240100727753297, 0.11250446632659432, -0.1941487734593122, 0.563552433116205, 0.3758851519397956, -0.20955004220963408, 0.17424101548026483, -0.24312664842786424, -0.06996723259292813, 0.3809460288579225, 0.02562264862436832], [-0.21904467615901824, -0.14993364290802025, 0.4846936455080027, -0.15901090886657437, -0.6038990100127597, 0.40510066179213877, 0.47314152074557625, -0.42255423412978793, -0.5526608182503012, 0.04563946606773771, 0.44963137497107436, 0.7233125189623634, 0.4614368566894878, 0.013628551710243665]], "inverted": false, "swapped": false, "error_lsq": 0.05107079138638309, "error_max": 0.2929010689350533, "target": "466.xyz", "model": "23.xyz", "model_rescale": 4.274766983524099, "target_rescale": 3.8972833652942565},
{"mapping": [1, 3, 4, 8, 7, 9, 10, 12, 11, 6, 13], "R": [[0.5247486950328833, 0.37169166650939167, -0.7658225069223008], [0.7613030691680236, -0.6074218120848596, 0.2268399856261975], [-0.38086276260174595, -0.7020570113965227, -0.6017138097238166]], "T": [-0.008918652639269442, 0.12039837431713307, -0.05799333142858789], "aligned_model": [[0.05250029415067339, 0.1462117070598099, -0.31627687834736506, -0.5187227227118973, -0.4716655365618699, -0.5274088433949855, 0.01736106979211638, 0.16475094610557334, 0.5824713542430209, 0.1640447650639368, 0.08662854855906212], [-0.24245743335410214, 0.710474803221728, 0.47043053487089803, -0.16978574939258845, 0.3877746184994295, -0.16670187130976039, -0.5548111956931927, -0.20997672007641682, -0.010748568970133016, 0.6167465777503314, 0.08464153569728981], [-0.6137602645631879, -0.19127158596847016, -0.7094518389183053, -0.28424264910645636, 0.05761290022402716, 0.47972957336721267, 0.13673145164531222, 0.6855687643811161, 0.3144853546690328, 0.54466777305409, -0.04050304476279356]], "inverted": true, "swapped": true, "error_lsq": 0.055325895074616424, "error_max": 0.30348881503712616, "target": "466.xyz", "model": "24.xyz", "model_rescale": 3.7841303162186577, "target_rescale": 3.8972833652942565},
{"mapping": [13, 3, 6, 14, 12, 11, 10, 9, 2, 8, 1, 7, 0, 15], "R": [[-0.28525542441823176, -0.729940822630994, -0.6211406751266274], [-0.5375304601105337, 0.6583921156022626, -0.5268593992386726], [0.7935303064743858, 0.18359253135562137, -0.5801753486120406]], "T": [0.041896305387904655, -0.04491410347273371, 0.07757568891726714], "aligned_model": [[-0.6534225190269609, -0.17650544145822272, 0.0777898667018807, -0.5291793845576609, -0.24619905103811093, -0.5623807255808606, -0.34962482129368333, -0.01805130254353146, 0.47344570431449484, 0.5704440956303467, 0.7471909797392546, -0.06683203944500274, 0.4366106200201544, 0.03699092295448794], [-0.3051479572267787, -0.7974228941196223, -0.6725348870638053, 0.34608815384058156, -0.12318806728044988, -0.3290108850055625, 0.55849642132334, 0.3640583061448592, -0.022270143370396074, 0.21161842812366816, -0.10711278788762334, 0.018527141519233167, 0.22608634665581906, -0.10978013390144477], [-0.16902129209768452, -0.10959558186665623, 0.43370804704238636, -0.31009524556151197, -0.6195944184623674, 0.45647654366550894, 0.37399102456052563, -0.33629453349671895, -0.5405225195287728, 0.012107549326809755, 0.30501170143921574, 0.7155090048398838, 0.6362252348815582, 0.10157579137798671]], "inverted": false, "swapped": false, "error_lsq": 0.048303359979956016, "error_max": 0.28218910101216077, "target": "466.xyz", "model": "25.xyz", "model_rescale": 4.19342608120988, "target_rescale": 3.8972833652942565},
{"mapping": [8, 7, 9, 2, 10, 1, 11, 0, 6, 4, 3, 13], "R": [[0.40365417377414203, -0.8725104945437517, 0.27529755702826864], [0.8378849498582718, 0.23169272188537088, -0.4942340472148288], [0.36743995263949747, 0.4301673157462875, 0.8245871461937287]], "T": [0.019619965190404563, -0.022085487580161604, -0.08301337674086787], "aligned_model": [[-0.14296849988701898, 0.4436929460625192, 0.08658439771905885, -0.7058604686406672, -0.5392989487985623, -0.4896427399808333, -0.1803860649687688, -0.12720184310292348, 0.5869581953234029, 0.242944985489892, 0.4613027485012314, -0.03831615308554946], [-0.5531104803429696, -0.3589114088238631, -0.7006491716282778, 0.3563589527784772, -0.2942076062146383, -0.003778073823954276, 0.39352527576425156, 0.5870673156645637, 0.21430995488150847, -0.04512741927635794, 0.36997472671361853, 0.04732436204862203], [0.21172925226030656, -0.0075154231090200085, -0.5019067316154926, -0.2233448112360387, -0.41176180414859664, 0.34667237340055934, -0.6242594518888365, 0.5818877809496762, -0.5946019000524514, 0.6857419705608838, 0.1200231246008345, -0.13340591851240324]], "inverted": true, "swapped": true, "error_lsq": 0.045304820927568136, "error_max": 0.28064457497738854, "target": "466.xyz", "model": "26.xyz", "model_rescale": 3.795458400668931, "target_rescale": 3.8972833652942565},
{"mapping": [7, 8, 4, 3, 5, 12, 9, 6, 10, 1, 11, 2, 13], "R": [[-0.011638991087607325, 0.5832713283387181, 0.8121939986385334], [0.3866036837639787, 0.7517093364009007, -0.5342945491653823], [-0.9221725031611951, 0.30777854230875984, -0.2342439824364988]], "T": [-0.036535828118848215, -0.11288635443014677, -0.11060563042613313], "aligned_model": [[0.002632854659738601, 0.42728200517631426, 0.6095078693291817, -0.0867957484159624, -0.21768086224829353, -0.7134283875839073, -0.2525088795661337, -0.7351182716689221, -0.10057834622748059, 0.4998474344364166, -0.5892230255925126, -0.059190413875230954, -0.08506984560195169], [-0.6420636843753778, -0.4051110690638935, -0.255821807750902, -0.09475834401608454, 0.4313748468536744, -0.12725786856786708, -0.6837876210440139, -0.31244054384871683, 0.033116137457521067, 0.24118828627164451, 0.31981646494327926, 0.6413839355674016, -0.023757229169750566], [-0.2426158690118283, 0.19724742370863252, -0.5618115440451413, -0.7328306935926036, -0.4920207162057251, 0.3729265250412068, 0.40691918648430747, -0.44472983610468586, 0.5743017769105624, 0.06613613773814762, 0.003355610466695483, 0.2355129405705364, -0.09025427986067844]], "inverted": true, "swapped": true, "error_lsq": 0.04590713467180834, "error_max": 0.31783946039974237, "target": "466.xyz", "model": "27.xyz", "model_rescale": 3.6321398670334006, "target_rescale": 3.8972833652942565},
