[{"mapping": [2, 3, 4, 1, 13, 5, 10, 11, 9, 12, 6, 7, 0, 14], "R": [[0.4961318713589562, -0.8679273513781988, 0.02356435765059181], [0.8166430175260441, 0.4756895991768212, 0.32682348012490214], [-0.294868357318681, -0.14290387666057208, 0.9447915822484674]], "T": [0.004885163828694479, 0.15385181377978557, 0.12039798809907618], "aligned_model": [[0.06604660053866458, 0.33250539482451086, -0.44938624821760276, -0.30414884990720825, -0.5467760706505086, -0.33362483737807425, -0.6600089368501126, -0.07673776376360339, -0.17385994171220578, 0.1606631958026073, 0.622844611896071, 0.14824069493395275, 0.5896684400302825, -0.0039341884184698125], [-0.5617544706188402, -0.35250058963674064, -0.43973889837343466, -0.4678367811633208, 0.2693921599228205, 0.3191077949373842, 0.25281450984350556, 0.4359171132781533, 0.7223091348670452, -0.12573031780668215, 0.38303761549026166, 0.8740161159438291, -0.15055309474507028, 0.07679303987112321], [0.3416452124506975, -0.3117146060662297, 0.37169506394386365, -0.31534041406340774, 0.46974696380526004, -0.5562443250678746, -0.1251060007055483, 0.6833628066388281, 0.1910942034419727, 0.7382233095805881, 0.49971425453595597, -0.30348403318952966, 0.16859208823375993, 0.04540356364149753]], "inverted": false, "swapped": true, "error_lsq": 0.047353039685161934, "error_max": 0.32977146806295754, "target": "469.xyz", "model": "0.xyz", "model_rescale": 3.8414455957264533, "target_rescale": 4.025096383661016},
{"mapping": [4, 9, 2, 7, 6, 13, 3, 11, 0, 12, 8, 10, 5, 10, 14], "R": [[-0.7353056527066634, 0.5398365675036244, -0.40975855998811345], [0.6122940527403488, 0.7883382811866627, -0.060156025421043924], [0.29055393660459433, -0.29512579487663065, -0.9102083141358412]], "T": [-0.030486446093317028, -0.07231090458325651, -0.09734867201604881], "aligned_model": [[0.03354180427605668, -0.4304699072190125, -0.5817354496106486, -0.159760663624477, -0.7543722007390737, 0.23059112748925215, 0.2353269082440424, 0.7442311501127602, 0.4537006219224886, 0.3052605825130245, -0.225541318302169, -0.10804402244903494, -0.3186644006952691, -0.10804402244903494, 0.03110061708635941], [-0.61201249040413, 0.09028148876821085, -0.5585352686825784, -0.4093745350011988, 0.04845263192168972, 0.3644525074013647, -0.5294152093232689, 0.2826853806528873, -0.40692692201591724, 0.5754919418733815, 0.6894548133466047, 0.267504621805118, -0.26195311496597923, 0.267504621805118, -0.07291457376985518], [-0.07637687511492768, -0.6256351704651311, -0.031659011522258265, -0.6289794535423866, 0.16992039887582322, -0.6594191508379844, 0.4803846551203793, -0.10481095901063088, -0.5205653701163597, 0.1260678644618105, -0.17460788062552374, 0.4916263111416477, 0.4641778932549844, 0.4916263111416477, -0.03199832159767574]], "inverted": false, "swapped": false, "error_lsq": 0.03880201359576825, "error_max": 0.30967672991552436, "target": "469.xyz", "model": "1.xyz", "model_rescale": 4.316132596720782, "target_rescale": 4.025096383661016},
{"mapping": [0, 3, 2, 9, 12, 6, 13, 7, 1, 8, 5, 14], "R": [[-0.26227349034994596, 0.036631491427325996, -0.9642980608170207], [0.37513759850975964, 0.924551169591662, -0.06690976753076064], [0.8890918953876407, -0.3792931170513113, -0.25622711197980785]], "T": [-0.10984102975689627, 0.07290112201731207, -0.1253550287587359], "aligned_model": [[-0.10241850052321053, 0.451401264835117, 0.05957753996576626, -0.42715017303774383, -0.5138120426054199, -0.659494606759827, -0.3602192566140259, -0.14935232298947085, 0.63103642334408, 0.2383485474974538, 0.43573959246356775, -0.005847910944506013], [-0.5236589020822134, -0.3640731421428178, -0.5508851604886627, 0.5734435533709255, -0.41487775763206636, -0.258994812833873, 0.3905732873040093, 0.6356141362057404, -0.0531100397437239, -0.07551870672820533, 0.6087810425562383, 0.045482929955629345], [0.1592807796930984, 0.08561806303858299, -0.508723561485452, -0.031207933629207513, -0.4134874232546814, 0.2820843837459523, -0.6508258033588763, 0.5076191569326491, -0.45259877957059663, 0.6086541958888747, -0.0032162731812598877, -0.1339383436096626]], "inverted": false, "swapped": true, "error_lsq": 0.04545100125732124, "error_max": 0.26644167242179523, "target": "469.xyz", "model": "2.xyz", "model_rescale": 3.795458400668931, "target_rescale": 4.025096383661016},
{"mapping": [10, 5, 1, 0, 13, 12, 3, 9, 8, 6, 4, 14], "R": [[0.7678654567042246, -0.038528937194230284, 0.6394514535123805], [-0.6371826089060962, -0.1490697231614613, 0.7561590709263406], [0.06618884579771606, -0.9880757757557104, -0.1390154597759465]], "T": [0.1593891963401993, 0.02668251435951858, 0.029627223427328698], "aligned_model": [[-0.13932439157230328, -0.11016903839468936, -0.6486968109333725, 0.18008478251815438, 0.1508304371571584, 0.2344404566295398, -0.279568587992163, 0.574562290530525, 0.23453176150277508, 0.7575647571876845, -0.424799460090455, 0.06384762920071166], [-0.12180296086949755, -0.5979509780767882, -0.10961920831550842, 0.07716440387358486, 0.4027705310061153, 0.6672040703258235, -0.2535089599036521, -0.0734514963694301, -0.6240136897338422, 0.19375945818682339, 0.5397920944205958, -0.014574219254514714], [-0.6035175032277342, -0.3403926928024902, 0.04652488869942349, 0.688398633926237, -0.5164578866214682, 0.2908561193851032, 0.5580757711251811, -0.39191278092825615, 0.532600397682654, 0.4684348514275138, -0.10192064707058919, 0.05808227904352553]], "inverted": false, "swapped": true, "error_lsq": 0.04176906525686835, "error_max": 0.20907179730634626, "target": "469.xyz", "model": "3.xyz", "model_rescale": 3.7530521520055578, "target_rescale": 4.025096383661016},
{"mapping": [1, 8, 0, 6, 2, 9, 4, 10, 13, 11, 14], "R": [[0.03605850971303968, -0.7544630125825033, 0.6553513153433111], [0.7532620355326872, 0.4514691252386842, 0.47830109218082456], [-0.6567313679903123, 0.4764044412063669, 0.5845876484295766]], "T": [-0.08125691404550472, 0.029561005107626104, -0.06201602591804685], "aligned_model": [[-0.5344067341600425, -0.09585945921878875, 0.39077219198451196, 0.5893018095094454, 0.20180280212317675, -0.2191370598173807, -0.1454303207559338, -0.7260789926079365, -0.22394326557474922, 0.23334539924524966, -0.1321667682823473], [-0.6534581849725056, -0.01727098972231067, -0.2666942869161518, 0.3140419255798576, -0.6400428606836959, 0.6030968138913, -0.5112089169042928, 0.09114465030932796, 0.20502621031537405, 0.40133881558985784, -0.05876981817241453], [-0.05942520372935463, -0.8864112582404501, -0.41751261486833446, -0.28042492064683733, 0.1284866509512133, 0.04815309389836896, 0.5083455567675733, 0.2422238966607579, 0.5613433911838416, 0.3453648358176033, -0.09731265054906574]], "inverted": false, "swapped": true, "error_lsq": 0.04856092218193898, "error_max": 0.3131828274758803, "target": "469.xyz", "model": "4.xyz", "model_rescale": 3.7855080009869324, "target_rescale": 4.025096383661016},
{"mapping": [14, 10, 15, 9, 8, 5, 12, 0, 2, 4, 7, 11, 13, 6, 16], "R": [[0.43452316435951965, 0.8283788607624756, 0.3535223934588209], [0.8352575831596025, -0.5174741941357697, 0.18591726164591563], [0.3369486450623745, 0.2144969031137728, -0.916764249491237]], "T": [-0.009769896217263867, -0.028139237229284946, -0.04018522452962923], "aligned_model": [[0.01545823314477919, -0.4651793426949834, -0.6679943158228177, -0.08183663206856859, -0.7040925840075409, 0.1847861561299773, 0.24682596109891974, 0.6661695913562394, 0.5086324392674423, 0.3221605294282633, -0.2579511691683498, 0.14220585920900625, -0.385483597247948, -0.17287045483993765, -0.0037098472292173947], [-0.7040010840273171, 0.11848747691770568, -0.5001193753370905, -0.46096181582529977, 0.04380225873087262, 0.49538998118905014, -0.43857177884212, 0.27925742201258363, -0.4607384835114278, 0.6167128024181585, 0.6661960642545792, 0.006383621094036691, -0.25651968159016925, 0.4084047362730086, -0.0790262503451227], [-0.056668672728192045, -0.5897915534884564, -0.19280720640814153, -0.6008856974117888, 0.04953824142170556, -0.6259909470833172, 0.43811275560780993, -0.2791140556620856, -0.34002284434878355, 0.10468997472358774, -0.17312888457251685, 0.7396530730142542, 0.5356178897088657, 0.4168756412669988, -0.05632647287652582]], "inverted": true, "swapped": false, "error_lsq": 0.036590960136277675, "error_max": 0.24942078215346655, "target": "469.xyz", "model": "5.xyz", "model_rescale": 4.2253639853439635, "target_rescale": 4.025096383661016},
{"mapping": [5, 1, 0, 8, 3, 12, 6, 7, 4, 10, 2, 11, 9, 14], "R": [[0.6674551301629473, 0.7280357938946896, -0.15642100890638738], [-0.6367435799334661, 0.6669123279227988, 0.38702139511673933], [0.3860845278338373, -0.15871934246563102, 0.9087061723651936]], "T": [0.07233493237781939, 0.006430483907430062, 0.09934644702180982], "aligned_model": [[0.6178104802913028, -0.16048636474351796, -0.3830899611520871, 0.196882076605724, -0.2590113380873744, -0.4871902929154128, -0.09338274849296545, 0.8239950925464533, -0.40089175780571684, 0.46804079163191836, -0.646845583750834, 0.0816275005493351, 0.5726894775197028, 0.043914780561256014], [-0.016354531430941927, 0.1279137836131141, -0.46617317462436786, -0.7830796273847664, -0.4430548346975476, 0.1728209003512103, -0.3845580046893038, -0.369631509911422, 0.5691310863450827, 0.47526040788528956, 0.10819233219408088, 0.31510416260315405, 0.15376585134923948, -0.01423769496783081], [-0.4499081841810635, -0.6771216703832306, 0.17802584739136995, -0.10848945500970954, -0.3891427172869835, 0.4780109990834666, 0.7301764504115303, 0.21091606117307515, -0.18576265735664266, -0.269117071095725, -0.0935455469767482, 0.6541317484317913, 0.39604345100564964, -0.0026590462753312283]], "inverted": false, "swapped": true, "error_lsq": 0.041513225010877154, "error_max": 0.2685053800516497, "target": "469.xyz", "model": "6.xyz", "model_rescale": 3.89814844738969, "target_rescale": 4.025096383661016},
{"mapping": [5, 10, 1, 7, 3, 13, 9, 8, 6, 12, 2, 0, 14], "R": [[0.2970583305038097, 0.3131522492972592, 0.9020487886130975], [0.9457370760761635, 0.03377942243786147, -0.32317229700992856], [-0.131672818809344, 0.9491020068358469, -0.28612523378228966]], "T": [-0.16342761959701962, 0.11269421722567106, -0.03741038955792383], "aligned_model": [[0.17534454653283216, -0.12320127169833797, 0.5450883372986448, -0.33778026257531457, 0.5289908264723071, -0.55113603501459, -0.6229299411562792, 0.27610264660226763, -0.5300571616784895, -0.4002378552159829, 0.1747716056384021, 0.07113453836717587, -0.057458172668413895], [-0.25236850815423306, 0.18793488983653253, 0.41409656843220455, -0.6906646327702561, 0.06227236438174667, 0.47805172182651723, -0.15652656756226474, -0.5179429396513144, -0.08749134240992103, 0.6001623902385065, 0.7051759127588649, 0.096134405759088, 0.1249470027850148], [-0.6304584535351819, -0.7479529083197927, -0.3185303770340277, -0.2449654723704471, 0.2242447241670699, -0.43227805661509117, -0.313941181760455, 0.2644900751686052, 0.598033834376436, 0.39898024280882566, 0.27781989833142806, 0.5803783012112189, -0.053545595592292536]], "inverted": true, "swapped": true, "error_lsq": 0.04309150333853724, "error_max": 0.2261487779632427, "target": "469.xyz", "model": "7.xyz", "model_rescale": 3.7474275329858107, "target_rescale": 4.025096383661016},
{"mapping": [7, 0, 6, 10, 3, 1, 9, 13, 12, 4, 2, 8, 5, 8, 14], "R": [[-0.6324891974822688, -0.5877700877172936, -0.5044638134227675], [-0.7273250488202916, 0.22670355694007882, 0.6477683001114497], [-0.26637508972649127, 0.7766156200177291, -0.5708874585394939]], "T": [0.03025436016433939, -0.06603782981836469, -0.1330538659439777], "aligned_model": [[-0.11430651926274812, -0.46506852602375287, -0.6745911962604301, -0.05428449132371916, -0.6343390449027525, -0.10116908933086805, 0.223785842058403, 0.8677606069435326, 0.48052359089416885, 0.3902154663326488, -0.12738272480928295, -0.050406573624337224, -0.40026194181482083, -0.050406573624337224, 0.05705200130355972], [-0.6953890486489377, -0.061353301633565824, -0.4769508519536617, -0.6967315291089228, 0.13239926321511108, 0.4490521478526551, -0.44301435087195784, 0.25792187384198484, -0.1553509074357005, 0.5043758942962232, 0.7572102450130279, 0.23824288675419147, -0.3012145585775534, 0.23824288675419147, -0.012744756085638145], [0.08350288740201348, -0.567618626642479, -0.16884951128861042, -0.5457789559888324, 0.04880559362402037, -0.6642901710620501, 0.5000138304192282, -0.17482976453031934, -0.5452715424497808, 0.26353412080466265, -0.0555770785991799, 0.47202247232992556, 0.3888360496533666, 0.47202247232992556, -0.13677053483847648]], "inverted": true, "swapped": false, "error_lsq": 0.05118827997944568, "error_max": 0.35756509076385434, "target": "469.xyz", "model": "8.xyz", "model_rescale": 4.019505241142653, "target_rescale": 4.025096383661016},
{"mapping": [4, 12, 13, 10, 1, 5, 9, 2, 3, 0, 6, 8, 14], "R": [[0.4140808154678056, 0.5124623596837717, -0.7522761515353641], [0.8745170434402754, 0.00528356530322166, 0.4849660036231063], [0.25250152275579885, -0.8586934341457535, -0.4459692446357435]], "T": [0.03437004976922731, 0.06719058840837581, -0.03960959445001925], "aligned_model": [[-0.27603217733858965, -0.6594309935490125, -0.10152279707788359, 0.4609967826030752, 0.29969570583924904, 0.7900170503467534, 0.2073037336506489, -0.4223116641468386, 0.17150758420980933, -0.26192739635726897, -0.39115529836844654, 0.423869306564424, 0.0786909353652559], [-0.6023624086330758, 0.014459112201956156, -0.00509848214971316, -0.18822508347602157, -0.700055607764441, -0.07240520446864122, 0.5000256055606764, -0.48798450569718604, -0.3178071501815566, 0.06812409128837052, 0.615815099956386, 0.2579958947911521, -0.01910313331384704], [-0.31747990816590066, -0.03883815459753418, -0.6846148816334391, -0.554296347957451, 0.07353746267709776, -0.13580733518500018, -0.4175504395862774, 0.1794927491113784, 0.5795988552403184, 0.5512909485673059, 0.2705841588172624, 0.663183143953959, 0.007603242802159259]], "inverted": false, "swapped": true, "error_lsq": 0.0522234290782672, "error_max": 0.3756537717784275, "target": "469.xyz", "model": "9.xyz", "model_rescale": 3.877068213659057, "target_rescale": 4.025096383661016},
{"mapping": [4, 12, 5, 3, 0, 10, 7, 14, 13, 9, 11, 8, 1, 8, 15], "R": [[-0.5465618132743498, 0.08277834273058592, 0.8333174246618348], [0.023594698848053434, 0.9962295875686621, -0.0834859212025798], [-0.8370863004831249, -0.02596834279563006, -0.5464541798869548]], "T": [0.043775732092251794, -0.06592999927523685, -0.1588823904521499], "aligned_model": [[0.1431871503058284, -0.566190977096573, -0.6209444109171656, -0.11914584920634774, -0.6814666028388021, 0.1855378093375536, 0.11625742059980873, 0.7079522457991434, 0.6624977976803721, 0.43982654495467555, -0.3038763067466396, -0.03377306641064446, -0.5097212236156853, -0.03377306641064446, -0.039246638879614736], [-0.7002951116723275, 0.09478282046698938, -0.47718444725972525, -0.5749211259050622, 0.17507664133070847, 0.5453497054681866, -0.3873795552722869, 0.28277048054392256, -0.3282178209860461, 0.3871810785992567, 0.5838328386478784, 0.2990892595463025, -0.4267006336514252, 0.2990892595463025, -0.03777749599122675], [0.05510114594063639, -0.5592662299928941, -0.16239703595961552, -0.5011482726073686, 0.06406466703320907, -0.489716813515664, 0.5879128674312952, -0.3752133421271997, -0.5410166601797418, 0.11218846493086815, -0.11886251277910406, 0.5164472034116383, 0.40360519127502326, 0.5164472034116383, -0.1383946351093067]], "inverted": false, "swapped": false, "error_lsq": 0.05001183017362556, "error_max": 0.34935248333024055, "target": "469.xyz", "model": "10.xyz", "model_rescale": 4.260839863003843, "target_rescale": 4.025096383661016},
{"mapping": [4, 11, 6, 12, 8, 3, 1, 10, 9, 7, 5, 14], "R": [[0.4297990654740543, -0.899145778063909, -0.08252050113442733], [0.15535291020698358, -0.016389852172208286, 0.9877230614073936], [-0.8894595193755871, -0.43734224874304173, 0.13264057017567782]], "T": [-0.01427348635802323, -0.059016473957065795, -0.07913378269548316], "aligned_model": [[0.39382134066542507, 0.13882067017401856, -0.5744236926022136, -0.15066376622081853, -0.6362288571907917, -0.42460441150164885, 0.19452079059759997, 0.6366448476740982, 0.22731725839418507, -0.1140651263391288, 0.2869925285509868, -0.019232933107582124], [0.031743835971678035, -0.6751885832797959, -0.5685803811405439, -0.5030176417892318, 0.3634253695604577, 0.5116562209216772, 0.6387924015938709, 0.1918656817910331, -0.3526281977966342, -0.01653069778734418, 0.5087710798719076, 0.042769417615859485], [-0.7477770717394883, -0.08596264291204533, -0.009440080788332444, -0.5972088215985873, 0.2625508301845642, -0.31664225292407144, -0.45507847139328406, 0.08059553583025009, 0.3851049071940724, 0.7617585919843841, 0.3528378161059239, -0.11456026254788117]], "inverted": true, "swapped": true, "error_lsq": 0.05154613177581571, "error_max": 0.3348642071472438, "target": "469.xyz", "model": "11.xyz", "model_rescale": 3.890672605050136, "target_rescale": 4.025096383661016},
{"mapping": [9, 13, 10, 7, 5, 0, 11, 8, 6, 2, 1, 4, 3, 14], "R": [[-0.5669690717386918, -0.6795985220098891, 0.46550179438294365], [0.8219927229806815, -0.4299893084722775, 0.37341285190300755], [-0.05361002759345529, 0.5943526255359749, 0.8024156787226445]], "T": [0.05749095669580119, -0.056455880121220596, 0.037313802268349495], "aligned_model": [[0.42531488907710024, 0.06105107027913713, 0.5055548524596108, 0.7668355167065801, 0.7468734455009219, -0.35633156932698756, -0.1339404220421277, 0.3095829450662549, -0.26169754969027303, -0.5716350827433633, 0.06879190696678696, -0.35072565172642717, -0.0640440530050486, 0.06424553727152874], [-0.26212288870219913, 0.2511868520272714, 0.45261469670012433, -0.5208433827748359, 0.22989726908102082, -0.34738417646412273, -0.25481517743225895, -0.4533911079583245, -0.7446594249096251, 0.2785431033775933, 0.6285456976523439, 0.6086359395086708, 0.05717629006411878, 0.00876882965798783], [-0.389884196164754, -0.5501108065015041, -0.19123790298978752, 0.04347342432344684, 0.24346190015941774, 0.46283482770659434, -0.5346653396661305, 0.7162291308937501, -0.015368447842346165, 0.2755563623806932, 0.487326927430128, -0.07615311694116336, 0.7603394156152761, 0.12298825695324034]], "inverted": true, "swapped": true, "error_lsq": 0.048617766875065506, "error_max": 0.31057011144259516, "target": "469.xyz", "model": "12.xyz", "model_rescale": 4.124412569039231, "target_rescale": 4.025096383661016},
{"mapping": [0, 2, 1, 6, 3, 8, 11, 7, 13, 9, 5, 10, 14], "R": [[0.17614465890766778, -0.34402976943218244, 0.9222887708753376], [0.8261487508699252, -0.4577585687461172, -0.3285351338526351], [0.5352114540762034, 0.8198174250916761, 0.20358803732461886]], "T": [0.028845274613482894, 0.16193044855911734, -0.0017822582776870425], "aligned_model": [[-0.16571493215635968, 0.013264775786278032, 0.7084045128550723, -0.6171229113917825, 0.41319926109140337, 0.27515117096237574, -0.5062994103338171, 0.13576454284934536, -0.08221428351868061, -0.11977347836741674, 0.7080496035415388, 0.48530723602677855, 0.11928222016502198], [-0.17561753045979125, 0.47127048030079, 0.413395879824075, -0.22687164670441737, -0.1341134596731531, -0.6090252020245127, 0.40364574938997233, -0.41150619126564514, 0.7332503258652332, 0.14066615525354156, 0.04418537446203574, 0.5389302777850059, 0.15927516375534317], [0.5322254079114859, 0.6829435282331526, 0.38140315956387194, 0.09740884279885355, 0.5595367986915277, 0.16251856155635572, -0.2433322570776076, -0.6170887579735723, -0.3195616918213698, -0.5827743318974203, -0.35471420254534775, -0.40385637507089606, 0.05698939859880556]], "inverted": true, "swapped": true, "error_lsq": 0.045400014455394086, "error_max": 0.23177765100955888, "target": "469.xyz", "model": "13.xyz", "model_rescale": 3.9028299243045295, "target_rescale": 4.025096383661016},
{"mapping": [6, 11, 9, 1, 14, 12, 3, 8, 2, 5, 13, 4, 7, 10, 15], "R": [[0.29278792580965474, -0.6227148546230119, -0.7256041898527886], [0.9109073077907401, -0.04908168261305312, 0.4096814189651489], [-0.290728579801688, -0.7809079320020468, 0.5528649876984262]], "T": [0.08114560819755007, -0.04033256698356869, -0.03865792189337293], "aligned_model": [[-0.09562206512920268, -0.4357302127579961, -0.6154579803798546, -0.019924582552610426, -0.723538251265972, 0.06526601841296303, 0.3088556680138034, 0.720897921541457, 0.6476303109876922, 0.24285228490043786, -0.17350492774305076, 0.2568560201353068, -0.4548342386892918, -0.3630109670579535, -0.013614171860464402], [-0.6815032136620376, -0.07273751886875773, -0.37548346010972067, -0.4065396842726673, 0.30911011034288327, 0.3837177923550461, -0.4909028827857024, 0.33446561150942583, -0.352233181064331, 0.4330383254916016, 0.7084935376124469, 0.09736940902066857, -0.3508917534263255, 0.29021835983349786, -0.09142555856458079], [-0.08406335938490786, -0.5655791618740509, 0.018462789599806753, -0.5657972958082237, -0.15452143800075074, -0.5901734886128911, 0.3271616571542706, -0.25487647458272217, -0.39074151707581295, 0.0703043767338186, -0.12270505995265517, 0.6012852715417172, 0.6223311485793098, 0.4601542907544882, -0.0014904979079831127]], "inverted": false, "swapped": false, "error_lsq": 0.045037728402876974, "error_max": 0.30509618836394437, "target": "469.xyz", "model": "14.xyz", "model_rescale": 3.942246331269136, "target_rescale": 4.025096383661016},
{"mapping": [6, 0, 7, 8, 2, 12, 10, 13, 11, 3, 1, 5, 9, 5, 14], "R": [[0.485215099381772, -0.4201253004558196, 0.766851380157097], [-0.1301096704471104, -0.9019349872882172, -0.41180669295380307], [0.864660500420877, 0.10004004509350677, -0.4922948388817494]], "T": [0.08214273707810138, -0.05701485857495189, -0.01591332372996031], "aligned_model": [[-0.0190315197706942, -0.5189432641975399, -0.6297929576189765, -0.10854392206906532, -0.6621706318483019, 0.28284212362543737, 0.41611357424668294, 0.7146712915861806, 0.5300628268330623, 0.31254031783140745, -0.1574136674297545, -0.2610526249381644, -0.30410436698460197, -0.2610526249381644, 0.012996272227757025], [-0.6027074944130064, 0.08409158684993318, -0.5161218094577102, -0.4139011130982301, 0.07377999928491544, 0.5743092302956915, -0.4192428716870036, 0.10182376750433611, -0.5492875392056502, 0.5755371895693847, 0.7142960202792931, 0.311224542205659, -0.5059605023339245, 0.311224542205659, -0.004369654587899424], [-0.08499809977816943, -0.4152904299820227, -0.13144635968230042, -0.6755433151974718, 0.091502841879929, -0.4946887504322123, 0.500085574021744, -0.501307766531359, -0.2826458222282201, 0.23576661522440914, -0.08174411440559469, 0.3706047811401415, 0.5294519572381063, 0.3706047811401415, -0.06060065124370677]], "inverted": false, "swapped": false, "error_lsq": 0.05426889532837588, "error_max": 0.42341884790216516, "target": "469.xyz", "model": "15.xyz", "model_rescale": 4.355366556412066, "target_rescale": 4.025096383661016},
{"mapping": [0, 3, 2, 9, 12, 6, 13, 7, 1, 8, 5, 14], "R": [[-0.26227349034994596, 0.036631491427325996, -0.9642980608170207], [0.37513759850975964, 0.924551169591662, -0.06690976753076064], [0.8890918953876407, -0.3792931170513113, -0.25622711197980785]], "T": [-0.10984102975689627, 0.07290112201731207, -0.1253550287587359], "aligned_model": [[-0.10241850052321053, 0.451401264835117, 0.05957753996576626, -0.42715017303774383, -0.5138120426054199, -0.659494606759827, -0.3602192566140259, -0.14935232298947085, 0.63103642334408, 0.2383485474974538, 0.43573959246356775, -0.005847910944506013], [-0.5236589020822134, -0.3640731421428178, -0.5508851604886627, 0.5734435533709255, -0.41487775763206636, -0.258994812833873, 0.3905732873040093, 0.6356141362057404, -0.0531100397437239, -0.07551870672820533, 0.6087810425562383, 0.045482929955629345], [0.1592807796930984, 0.08561806303858299, -0.508723561485452, -0.031207933629207513, -0.4134874232546814, 0.2820843837459523, -0.6508258033588763, 0.5076191569326491, -0.45259877957059663, 0.6086541958888747, -0.0032162731812598877, -0.1339383436096626]], "inverted": false, "swapped": true, "error_lsq": 0.04545100125732124, "error_max": 0.26644167242179523, "target": "469.xyz", "model": "16.xyz", "model_rescale": 3.795458400668931, "target_rescale": 4.025096383661016},
{"mapping": [5, 10, 1, 7, 3, 13, 9, 8, 6, 12, 2, 0, 14], "R": [[0.2970583305038097, 0.3131522492972592, 0.9020487886130975], [0.9457370760761635, 0.03377942243786147, -0.32317229700992856], [-0.131672818809344, 0.9491020068358469, -0.28612523378228966]], "T": [-0.16342761959701962, 0.11269421722567106, -0.03741038955792383], "aligned_model": [[0.17534454653283216, -0.12320127169833797, 0.5450883372986448, -0.33778026257531457, 0.5289908264723071, -0.55113603501459, -0.6229299411562792, 0.27610264660226763, -0.5300571616784895, -0.4002378552159829, 0.1747716056384021, 0.07113453836717587, -0.057458172668413895], [-0.25236850815423306, 0.18793488983653253, 0.41409656843220455, -0.6906646327702561, 0.06227236438174667, 0.47805172182651723, -0.15652656756226474, -0.5179429396513144, -0.08749134240992103, 0.6001623902385065, 0.7051759127588649, 0.096134405759088, 0.1249470027850148], [-0.6304584535351819, -0.7479529083197927, -0.3185303770340277, -0.2449654723704471, 0.2242447241670699, -0.43227805661509117, -0.313941181760455, 0.2644900751686052, 0.598033834376436, 0.39898024280882566, 0.27781989833142806, 0.5803783012112189, -0.053545595592292536]], "inverted": true, "swapped": true, "error_lsq": 0.04309150333853724, "error_max": 0.2261487779632427, "target": "469.xyz", "model": "17.xyz", "model_rescale": 3.7474275329858107, "target_rescale": 4.025096383661016},
{"mapping": [12, 6, 11, 0, 4, 1, 13, 7, 2, 10, 3, 8, 5, 14], "R": [[-0.031006488865192694, 0.5451398472015287, 0.8377715348717375], [0.9688511690759822, 0.22242644690286734, -0.10887556152906211], [-0.24569495279381562, 0.8083000820928204, -0.5350560414203215]], "T": [0.10648485498424726, 0.028025622758899776, 0.01124130969310077], "aligned_model": [[0.3380262637308305, 0.2073306001177953, 0.6948692667200502, -0.28739583625071247, 0.19964213797069252, -0.37927243175532693, 0.6762612676210247, 0.0986163815348805, -0.12566257196212632, 0.2909890814867168, -0.6165372122430088, -0.5593450297070863, -0.139960132387201, 0.017285863006348073], [-0.42810081869578975, 0.24217028868961302, 0.011103877734622652, -0.08775531986511373, -0.7184346290729245, -0.4124529470557625, -0.17654570371761522, 0.8674328413874425, -0.6639808315550714, 0.026932256822671433, -0.1331369620252447, 0.4842215133455543, 0.3583010379188495, -0.0093463623999986], [-0.46043478346126027, -0.7114294582828199, -0.2268132239225895, -0.5068409947183179, 0.2478453729443428, 0.5030595421333056, 0.28185137607521904, 0.13039250281125345, -0.16769457056716316, 0.7026941163273036, -0.03016856603520402, -0.16365821347655457, 0.6669290391296816, 0.059062579704458]], "inverted": false, "swapped": true, "error_lsq": 0.0336793466052173, "error_max": 0.17263437997027822, "target": "469.xyz", "model": "18.xyz", "model_rescale": 3.922800546911778, "target_rescale": 4.025096383661016},
{"mapping": [8, 10, 4, 6, 11, 2, 5, 0, 1, 3, 9, 12, 13, 7, 14], "R": [[0.6600343208892226, -0.4674784030110284, 0.5880634642337181], [-0.6360468503362411, -0.7642907190120986, 0.10632074590274893], [0.3997487954023755, -0.44421125554203156, -0.8017962715204666]], "T": [-0.01990906218769584, -0.10113360816476237, -0.03099327991729938], "aligned_model": [[0.013645618500967193, -0.5020777511673616, -0.6449169034803486, -0.1573363700648393, -0.6834516998277695, 0.11710863226257207, 0.635555316652899, 0.7409379056420157, 0.45217663136688546, 0.2835174773570894, -0.20653373999797953, 0.15909817518336083, -0.5104734649190731, -0.301495437383725, -0.0486335635694287], [-0.691982083872551, 0.07389516328637162, -0.40802081165588355, -0.5687340482045921, 0.15502829048380434, 0.36175386736816667, -0.3229439189079021, 0.24188645059044184, -0.3377155999564774, 0.40407432421668565, 0.648893519091746, -0.017467930466107603, -0.2644079290314679, 0.48131147693064236, -0.020874876461429617], [0.1244506526734693, -0.653471337197428, -0.22861054067218006, -0.5190827547447229, 0.005556172653430065, -0.5602288599665542, 0.2910321139647051, -0.07448772223799549, -0.5497871532781946, 0.21769633334357713, -0.2866761380179964, 0.7303020030777552, 0.42122548322561637, 0.43770476276137793, 0.014128225578554844]], "inverted": true, "swapped": false, "error_lsq": 0.041210949435557635, "error_max": 0.33775244218479317, "target": "469.xyz", "model": "19.xyz", "model_rescale": 3.9282355846067225, "target_rescale": 4.025096383661016},
{"mapping": [6, 0, 3, 12, 11, 2, 4, 1, 13, 10, 8, 9, 5, 14], "R": [[-0.3429706098245451, 0.011420048212588907, -0.9392767128463273], [-0.5356426043693384, 0.819047269263563, 0.20554457204298354], [0.7716593556622069, 0.5736123719121851, -0.274792077047838]], "T": [-0.09958671933733071, -0.12178623271650807, 0.1217472068138452], "aligned_model": [[-0.656713264886245, -0.07875435437885735, 0.469147679855121, -0.455270197409931, -0.6907119378368536, 0.1299387201891033, 0.13951641714157728, 0.6678214579523472, -0.3304999691393338, 0.17073566343952845, 0.20510064431182012, -0.4497785763576678, 0.40588454507801436, 0.006105991126053617], [-0.6286937133937691, -0.6846296852524454, -0.5515517904494116, -0.13333275285017693, 0.09534477177782219, -0.14306168908477068, 0.36725216751551876, 0.06405031803223599, 0.49867414467032484, 0.46854312284458505, -0.8282091597312944, 0.07954044231826751, 0.05129443229793482, -0.13233852126998483], [0.017173503507564553, -0.22427267737569645, -0.08390253133683266, -0.47616334896420165, 0.040644646160610545, -0.5935491216130879, -0.44880848977474685, -0.09828949849214332, 0.08390031526649154, 0.4227240334655447, 0.42202412527677036, 0.5655092226651687, 0.6823587161871364, 0.10283426227110545]], "inverted": false, "swapped": true, "error_lsq": 0.04290725364748075, "error_max": 0.2798651439644675, "target": "469.xyz", "model": "20.xyz", "model_rescale": 4.067790424073018, "target_rescale": 4.025096383661016},
{"mapping": [11, 9, 10, 12, 1, 0, 6, 2, 3, 4, 8, 5, 13, 5, 14], "R": [[0.37459485536255693, 0.8447473380081594, 0.3822049571421514], [0.34592280572514517, -0.5097856213222511, 0.7876903152713826], [0.8602418885494642, -0.16285132858289844, -0.4831804403777499]], "T": [-0.011369095963930646, 0.007975871058153863, -0.0683946658356904], "aligned_model": [[0.023129459064883486, -0.6476483315683156, -0.6793100704483974, -0.13693976858593776, -0.7821538702808883, 0.2496852577324432, 0.5386546148460971, 0.6939456892964682, 0.5895663201017001, 0.4269033079855047, -0.11974476660056377, -0.16861704584954287, -0.40133006310120767, -0.16861704584954287, -0.07040286018743624], [-0.6376266441746614, -0.0919970950352533, -0.4665093785835455, -0.4568087374188695, 0.27525420841442955, 0.3671303232365402, -0.23858535084345753, 0.2158303291698251, -0.44052627370831177, 0.5107091148356215, 0.5639893832093832, 0.25988555102849653, -0.3455164901427341, 0.25988555102849653, -0.040418597604512316], [-0.062110081113186916, -0.5033705730513388, -0.07072362072225638, -0.6643989785699225, 0.01968611152259804, -0.622756220615214, 0.3608353239093449, -0.18262911543436908, -0.4702248146656751, 0.37618275180228056, -0.0030373017183368545, 0.4417824761962683, 0.39322974833580715, 0.4417824761962683, -0.08449694090885382]], "inverted": true, "swapped": false, "error_lsq": 0.04700364273536019, "error_max": 0.301930238099035, "target": "469.xyz", "model": "21.xyz", "model_rescale": 4.186013935880536, "target_rescale": 4.025096383661016},
{"mapping": [0, 6, 12, 1, 5, 2, 3, 8, 11, 9, 7, 10, 14], "R": [[-0.9675490976360402, 0.16348650885939883, 0.19266786209601772], [0.24921773190844165, 0.49157502905620737, 0.8344126754255361], [0.04170450534530433, 0.8553514787672696, -0.5163667127193123]], "T": [0.06075757416538566, 0.05159477325382538, 0.020450701165123177], "aligned_model": [[-0.0812008917686238, -0.30119232357791825, 0.4204388982156061, 0.46182482204716546, -0.137976414795418, 0.5859422719021464, -0.004526920604475362, -0.593314317563216, 0.1779140454574244, -0.16665984233819423, -0.68361640061811, 0.2979913392788356, 0.08294976978800274], [-0.29918085144469553, 0.2837480167174707, 0.20719198815674222, -0.5831634329635292, -0.17131948974582079, -0.33124318347423903, -0.6793222948774901, -0.44924706459093094, 0.6379004585178615, 0.5514542387914281, 0.2490997750571079, 0.15200381098562116, -0.04896531158343246], [-0.5215463051124999, -0.6067478194150403, -0.5544927249698035, 0.349226868433117, 0.7349837047250294, -0.3569079373287627, -0.08885273197712087, -0.03769895967699574, -0.1932606159540314, 0.262345982019546, 0.3750808723425258, 0.688124389938713, 0.0526248383106688]], "inverted": false, "swapped": true, "error_lsq": 0.052116687412629994, "error_max": 0.27036654787992226, "target": "469.xyz", "model": "22.xyz", "model_rescale": 4.166573947596378, "target_rescale": 4.025096383661016},
{"mapping": [2, 8, 3, 4, 9, 7, 6, 5, 1, 13, 10, 12, 11, 14, 15], "R": [[-0.3721492209981425, 0.8328327807715983, -0.40974933384048656], [-0.303319394063464, 0.3080970478703924, 0.9017059134099776], [0.8772128034265396, 0.4598540729033462, 0.1379562580630369]], "T": [-0.10442767618534798, -0.04838309697456089, -0.04343214605987242], "aligned_model": [[0.06173426184028011, -0.5668665760282352, -0.5129941017113291, -0.19478048947435758, -0.6710737501219681, 0.17178356633734304, 0.49501658142173044, 0.6557932067694041, 0.4648467347170535, 0.3558979434186165, -0.08841378422815377, -0.04899727932495907, -0.5531891358622132, -0.1807688114418194, -0.040867539756128474], [-0.6987700851635271, 0.04051550590513153, -0.48462551713309165, -0.5075694585540576, 0.1267293813600111, 0.40991956681125913, -0.3620806913870096, 0.2419283574488767, -0.3961112925358469, 0.649385596133424, 0.6933297555917262, -0.06553804074011578, -0.4000650171038588, 0.5528929517120931, -0.06524511893356678], [0.003431647375405328, -0.7009475014237794, -0.10818304414796966, -0.6098575761340693, 0.0498256316631277, -0.5178324680676768, 0.3049470055100876, -0.21327162837005514, -0.2946507918060771, 0.09085230482832671, -0.14612991967957217, 0.6092657428883892, 0.5015690528280412, 0.46511176311982005, -0.0643789774205839]], "inverted": false, "swapped": false, "error_lsq": 0.042236857669896564, "error_max": 0.2820295690638488, "target": "469.xyz", "model": "23.xyz", "model_rescale": 4.274766983524099, "target_rescale": 4.025096383661016},
{"mapping": [3, 5, 7, 6, 9, 11, 12, 13, 4, 10, 14], "R": [[0.7749404953913286, 0.024067395042907835, 0.6315757983793324], [-0.3743950168300554, -0.7876051017617844, 0.4893940897187377], [0.5092107618417594, -0.6157101299919128, -0.6013363749598699]], "T": [-0.023478917936846942, 0.024722676404398944, -0.06464277967662838], "aligned_model": [[0.4409064843846871, 0.21086444758133815, -0.5357703555026158, -0.5906875216464265, -0.4652107623082832, -0.43789233558637153, -0.06995144234232856, -0.04041463041455897, 0.561758664387939, 0.23352323549244478, 0.07276891991225048], [-0.10955363682039328, 0.7468766892516431, 0.6170134927290888, -0.43071878765364857, 0.3631773598008127, -0.1727119709201959, -0.6235468457755716, 0.12643707975838486, -0.22504504212190923, 0.5831535047680773, 0.04050468822719529], [-0.6274616990966667, -0.21735214075027645, -0.38962350260621903, -0.2862918578148328, 0.1598853888715146, 0.3740297652942084, 0.18380846805573164, 0.5904081785198662, 0.4011637560246726, 0.30176531509534066, -0.1107652375717617]], "inverted": true, "swapped": true, "error_lsq": 0.05142361822004462, "error_max": 0.2790186378273844, "target": "469.xyz", "model": "24.xyz", "model_rescale": 3.7841303162186577, "target_rescale": 4.025096383661016},
{"mapping": [12, 11, 14, 13, 10, 6, 2, 4, 3, 1, 7, 8, 9, 0, 15], "R": [[0.04601509546693014, 0.9854885566850309, -0.16338578772960677], [-0.6165325744318018, 0.15670847841325988, 0.771576332878281], [0.7859835848500045, 0.06522850171708433, 0.6147967525207663]], "T": [-0.0655294726157826, 0.009522037418366464, 0.0011312416327231498], "aligned_model": [[0.02595554060091808, -0.3633664865748305, -0.5825111991311606, -0.2424575369755597, -0.8336591390701004, 0.2916486240008781, 0.3836839480440981, 0.6757710201547337, 0.3895231530770984, 0.35266263010842835, -0.37837602996448705, 0.1062342450328457, -0.2645768811067807, -0.1833595362514326, -0.030051525389384798], [-0.7417518593764143, 0.10912974425583305, -0.592084864582844, -0.4975999438095483, 0.09819669840733673, 0.36554344952937234, -0.3721276040352909, 0.07580235118157727, -0.23057254837685973, 0.5124614741463451, 0.5416349088958823, 0.16368352033009456, -0.40284416390600164, 0.6741364724526042, 0.03108825829936064], [-0.04775567665490311, -0.6994392309231969, 0.011030343826676996, -0.5676602434199433, 0.08697252126244748, -0.5162651380017054, 0.47160321933656635, -0.05164036326986923, -0.6187748684799171, 0.3549725648357237, -0.20329107530766288, 0.5453639548398974, 0.3651023307379598, 0.29393438061749017, -0.05440147823614949]], "inverted": true, "swapped": false, "error_lsq": 0.04373928750299686, "error_max": 0.25507371257551553, "target": "469.xyz", "model": "25.xyz", "model_rescale": 4.19342608120988, "target_rescale": 4.025096383661016},
{"mapping": [0, 3, 2, 9, 12, 6, 13, 7, 1, 8, 5, 14], "R": [[-0.26227349034994596, 0.036631491427325996, -0.9642980608170207], [0.37513759850975964, 0.924551169591662, -0.06690976753076064], [0.8890918953876407, -0.3792931170513113, -0.25622711197980785]], "T": [-0.10984102975689627, 0.07290112201731207, -0.1253550287587359], "aligned_model": [[-0.10241850052321053, 0.451401264835117, 0.05957753996576626, -0.42715017303774383, -0.5138120426054199, -0.659494606759827, -0.3602192566140259, -0.14935232298947085, 0.63103642334408, 0.2383485474974538, 0.43573959246356775, -0.005847910944506013], [-0.5236589020822134, -0.3640731421428178, -0.5508851604886627, 0.5734435533709255, -0.41487775763206636, -0.258994812833873, 0.3905732873040093, 0.6356141362057404, -0.0531100397437239, -0.07551870672820533, 0.6087810425562383, 0.045482929955629345], [0.1592807796930984, 0.08561806303858299, -0.508723561485452, -0.031207933629207513, -0.4134874232546814, 0.2820843837459523, -0.6508258033588763, 0.5076191569326491, -0.45259877957059663, 0.6086541958888747, -0.0032162731812598877, -0.1339383436096626]], "inverted": false, "swapped": true, "error_lsq": 0.04545100125732124, "error_max": 0.26644167242179523, "target": "469.xyz", "model": "26.xyz", "model_rescale": 3.795458400668931, "target_rescale": 4.025096383661016},
{"mapping": [7, 11, 9, 5, 1, 0, 6, 8, 12, 10, 3, 4, 14], "R": [[-0.09361366117458893, 0.8391852515494252, 0.5357280989675803], [-0.9263360733797285, 0.12378947733770497, -0.3557775210098081], [-0.36488074983056573, -0.5295698999021622, 0.7657791845700027]], "T": [-0.03768582993966983, -0.07305442782820652, -0.004020614762534715], "aligned_model": [[0.03615678129051643, 0.3979188595488456, 0.4108009765746048, 0.022570337330282256, -0.29196725576940435, -0.6149895504945866, -0.23760833089458788, -0.6984122634204502, -0.039924224714067855, 0.4167473957215082, -0.7182891512154694, 0.11703415261113716, -0.1003613437470717], [-0.7074694724686695, -0.3010734328420748, -0.4385609009937437, 0.04181959006207314, 0.6458991687000691, -0.16568394565499694, -0.6457654043117024, -0.4084495306812, 0.015009817612425189, 0.24879489494259727, 0.18540072496389992, 0.6511728970613175, 0.0007870968669193429], [-0.5616299926267846, 0.39773604075350877, -0.1632565905125479, -0.7675103229531354, -0.30454244153095006, 0.30435689156292256, 0.45457939850859014, -0.36869125276784004, 0.6861828115370152, -0.4535241694712969, -0.14695108493343587, 0.2669391213018606, -0.05155174676848081]], "inverted": false, "swapped": true, "error_lsq": 0.04986808929552525, "error_max": 0.4004239807071123, "target": "469.xyz", "model": "27.xyz", "model_rescale": 3.6321398670334006, "target_rescale": 4.025096383661016},
