[{"mapping": [5, 4, 8, 6, 11, 3, 1, 9, 2, 0, 10, 12, 13], "R": [[0.1463241351463574, -0.5567567339366682, 0.8176864843507226], [-0.13050435695576643, -0.8302231473578483, -0.5419392386668366], [0.9805905671019033, -0.02741285843181218, -0.1941408635588216]], "T": [-0.018752847815504986, 0.13064037754753624, 0.043119021684790475], "aligned_model": [[-0.7639665950298016, 0.18963738395388155, -0.33524048913072935, -0.3312566728787417, -0.41027858624795654, -0.09016336711789866, -0.03938589174462584, 0.6159230564925989, 0.45469071096356095, 0.6304003350919177, 0.12999356170967044, 0.21051043505852762, 0.013948563770862572], [0.2510882377876893, -0.31535714116305935, -0.48625397027793216, 0.13216947177176408, -0.3983394924615512, 0.5152640966961868, 0.5963064899749542, -0.21634705992213507, 0.37126371659573193, 0.5326694134917112, -0.6509587419118545, 0.09922720985763865, -0.028343823747366936], [0.09361698568327803, -0.7760659093400505, -0.3172364530043226, -0.6546526496944312, 0.27538984230884817, -0.3035298470555456, 0.38337401820640804, 0.15943491265910142, -0.5129473869082964, 0.15440798771281175, 0.6615090658763983, 0.5737520097237112, 0.029172564275114263]], "inverted": false, "swapped": false, "error_lsq": 0.04945500807209023, "error_max": 0.251087317398798, "target": "47.xyz", "model": "0.xyz", "model_rescale": 3.8414455957264533, "target_rescale": 4.007444606213976},
{"mapping": [8, 11, 13, 12, 9, 10, 6, 4, 3, 5, 7, 2, 14], "R": [[-0.6403413233342945, -0.6593304078539319, -0.3940132014408303], [0.71100868363224, -0.31476183997557, -0.6288017460970852], [0.29056779145327505, -0.6827945499008918, 0.670344658512026]], "T": [0.07080460906288555, -0.0478395616351594, -0.016019656604306244], "aligned_model": [[-0.6880313704599091, -0.03311958276893098, -0.45132699603993864, -0.32972164561351497, -0.3781125310004227, -0.036185474893122405, -0.13837706341727798, 0.5755361150688357, 0.7623676970539148, 0.3657661046784416, 0.13924410649303412, 0.3744173299942032, 0.11235575579595282], [0.1410901116133791, -0.31151692737056813, -0.5531655210631565, 0.14664321356015228, -0.297800686255166, 0.5758544547891324, 0.5272894281673748, -0.17886388174987863, 0.2373288520915785, 0.5244134344393048, -0.5309337407058691, 0.13984604195639638, -0.017796372780902764], [-0.12905032610799552, -0.8197232159350543, -0.23251737557670674, -0.635733068863794, 0.4328706613237183, -0.27667305907972306, 0.4692605168736145, 0.13856355474683582, -0.24796006528926104, 0.12485975839493055, 0.4021801179946616, 0.6298891275994587, -0.08974148563766002]], "inverted": false, "swapped": false, "error_lsq": 0.04187212166435817, "error_max": 0.26392155700949954, "target": "47.xyz", "model": "1.xyz", "model_rescale": 4.316132596720782, "target_rescale": 4.007444606213976},
{"mapping": [0, 2, 4, 9, 6, 5, 11, 8, 10, 1, 7, 12], "R": [[-0.09159374585893282, 0.9923099792772497, 0.08325557486627178], [-0.9935167965937982, -0.08541006751354768, -0.07502996237056796], [-0.06734211613490362, -0.08958808734488856, 0.9936996598572216]], "T": [-0.022722238658793678, -0.06393428323507826, -0.015338974566040716], "aligned_model": [[-0.23984311334172642, 0.45103558810683314, 0.21806493993236914, -0.5269581911721337, -0.6008067954475668, -0.5769716066577334, -0.20210953169951312, -0.12896242748489434, 0.5456161726610295, 0.34127684500288163, 0.33034187411266297, -0.012875199380427953], [-0.6830292132497022, -0.5176319063049699, -0.47586147212011304, 0.4684612678413756, -0.26948414172337176, 0.01717006019087934, 0.3054768507437386, 0.4995639554080989, 0.1620392001841895, 0.016825494001852043, 0.5395225109743785, -0.050276178205375124], [0.0535781148533374, 0.12392235523472916, -0.483383037781417, -0.1051220924503129, -0.35298728286042136, 0.34382421788583306, -0.7006708256944381, 0.4765569519144063, -0.5112038201052866, 0.6885159238342526, -0.038442235044442864, -0.045329808576818606]], "inverted": true, "swapped": true, "error_lsq": 0.04127528959551773, "error_max": 0.22372530149426545, "target": "47.xyz", "model": "2.xyz", "model_rescale": 3.795458400668931, "target_rescale": 4.007444606213976},
{"mapping": [10, 7, 1, 5, 4, 0, 8, 11, 9, 6, 2, 12], "R": [[0.12719777351862369, -0.590863857414766, -0.7966810079403474], [0.9910562545707542, 0.1083850850688535, 0.07784711690747331], [0.04035129103378654, -0.7994576757624885, 0.599365662994091]], "T": [0.02048592593557929, 0.07240754815652409, 0.07072853371999542], "aligned_model": [[0.009850271107929014, -0.20652446011475156, -0.7486069412960747, 0.1189645225158654, 0.21694277570554008, 0.12320531331124865, -0.28561986705576947, 0.645836902812047, 0.4139546949356042, 0.6601450376083237, -0.39098057682406984, 0.036136153037673015], [-0.14073581362044557, -0.5226950527599468, 0.0007739000164744547, -0.02123999974251939, 0.4893989967688147, 0.6863473951416935, -0.49296292921886187, -0.3016972093780299, -0.4716528300071934, 0.2641502970312851, 0.5371273188903015, 0.05895497216813679], [-0.6871707341307114, -0.21852448676054292, 0.26513525828354, 0.7221121212090226, -0.41326584371683517, 0.28912304726812976, 0.467508462614202, -0.2568472881788866, 0.3788527937256223, 0.2817020351941677, -0.18306780465927863, 0.04321386979067098]], "inverted": true, "swapped": true, "error_lsq": 0.0440637116555086, "error_max": 0.2643189457681427, "target": "47.xyz", "model": "3.xyz", "model_rescale": 3.7530521520055578, "target_rescale": 4.007444606213976},
{"mapping": [6, 3, 8, 1, 9, 2, 11, 4, 10, 7, 12], "R": [[-0.8467632787766876, -0.016124018002153517, 0.5317254608901287], [0.20951211748654597, 0.9086476845985875, 0.3611980867888555], [-0.48897507333365925, 0.41725220348979836, -0.766031315509523]], "T": [-0.11705315364953826, -0.0560782051411724, -0.05456110758978], "aligned_model": [[-0.5413829990818885, -0.15081217813715808, 0.6127205239708688, 0.399350383662443, 0.20427971959312585, -0.34940033141966653, -0.2416724979496475, -0.6969163211404774, -0.166500702508393, 0.39118086038000577, -0.12264685492400752], [-0.6082355709455842, 0.06396561569981982, -0.1997540796909537, 0.4362215496834827, -0.7064307831821088, 0.5548732298461481, -0.5158742547185533, 0.16923939916916722, 0.2612404000607204, 0.07122319361352891, -0.0592653412213207], [-0.1287588493315424, -0.8926933821053351, -0.18709965929669775, -0.4086762450510902, 0.08524817564698842, -0.2043438257118266, 0.586829370046358, 0.18981238443217202, 0.6643396871909846, 0.4089479772272246, -0.02077485580191918]], "inverted": true, "swapped": true, "error_lsq": 0.06492467829818349, "error_max": 0.4307989908286129, "target": "47.xyz", "model": "4.xyz", "model_rescale": 3.7855080009869324, "target_rescale": 4.007444606213976},
{"mapping": [9, 8, 10, 15, 5, 14, 2, 6, 13, 12, 4, 1, 16], "R": [[0.5041597749097523, 0.14425523532205384, -0.8514771567371181], [-0.5720045245725472, 0.7944547586941152, -0.2040893438100319], [0.6470191227710987, 0.5899424238605443, 0.483046779616699]], "T": [0.04510014122989082, -0.01361219321407332, 0.028944421054620452], "aligned_model": [[-0.5893256779815502, 0.1206201633004727, -0.48380874416528863, -0.21820667586811038, -0.42401443687069384, -0.09729356123357652, -0.31109448336034673, 0.5696812145504655, 0.5531277383413019, 0.446924592903358, 0.3210774335222222, 0.367212980604, 0.01991190114901203], [0.27083368842247957, -0.2997768037758608, -0.3937299207208626, 0.17659094739094228, -0.529712213206628, 0.6185894374123411, 0.5128403120521245, -0.3979320763406787, 0.16616405906538553, 0.5321758184711957, -0.4754086541309649, 0.18881759730865905, 0.03293621474364407], [-0.12438020053936386, -0.6095823331946432, -0.2977514287191219, -0.7285583129731613, 0.43964568304014007, -0.16532994746814017, 0.4054531682181559, -0.027535602089396115, -0.4552622482147695, 0.08991834456386155, 0.5364691462542651, 0.6834438004344957, 0.019695071130702554]], "inverted": true, "swapped": false, "error_lsq": 0.0402576386079366, "error_max": 0.26070383975301614, "target": "47.xyz", "model": "5.xyz", "model_rescale": 4.2253639853439635, "target_rescale": 4.007444606213976},
{"mapping": [11, 7, 6, 12, 5, 9, 8, 4, 0, 1, 2, 10, 13], "R": [[-0.007249254159130358, 0.45965002241094743, 0.8880705519336581], [-0.1805407392021375, -0.8741011329912155, 0.4509459510759792], [0.9835407921395444, -0.1570638920983724, 0.08932213609418865]], "T": [0.053312387749663036, 0.03441993852735473, -0.003386529593234525], "aligned_model": [[-0.7185070730463552, 0.028920971501024482, -0.2640591483867724, -0.4872409109224192, -0.34719521266081793, 0.07894130215456227, -0.22476256072059284, 0.6931606950151166, 0.5386652389618055, 0.6151822150732884, 0.1253867146943292, 0.1613598450652488, 0.07496036816284823], [0.019145884840898332, -0.2740878845548777, -0.49237288515178784, 0.15222735623369935, -0.16787048374991867, 0.6099598248734787, 0.5925967488944612, -0.22499893765477416, 0.24108617896659482, 0.43215244289562177, -0.5133337419013155, 0.04630610055369439, -0.018422197553997786], [-0.10144371716107951, -0.7338789648294657, -0.19175477822782858, -0.7552291381870313, 0.44317087267326677, -0.2051126445523547, 0.39281776998005236, 0.15220043186710466, -0.6073603073431908, 0.2512051711170058, 0.37732702284422753, 0.7690750814328796, -0.024791659170561198]], "inverted": true, "swapped": false, "error_lsq": 0.04128328316957252, "error_max": 0.19168266460037345, "target": "47.xyz", "model": "6.xyz", "model_rescale": 3.89814844738969, "target_rescale": 4.007444606213976},
{"mapping": [5, 0, 2, 1, 10, 6, 9, 7, 3, 8, 4, 11, 12], "R": [[-0.06299498183051805, 0.9116888031367381, -0.40602359352539474], [0.9890466404437404, 0.0026148677821546396, -0.1475801663281108], [-0.13348548719289183, -0.4108730810135707, -0.9018674714209912]], "T": [0.10527682144164671, -0.029110613286338, -0.012109702032807295], "aligned_model": [[-0.5683433514637326, 0.1713900817390741, -0.39954718198238404, -0.4545729951141839, -0.4686773352426382, 0.04163129543681075, -0.3578317828022006, 0.7178968871429814, 0.6611852797013883, 0.44497009774907303, 0.13638597153662785, 0.35705990123059783, -0.0067344230401476385], [0.32538629451051787, -0.17598498626034914, -0.5193520146959875, -0.07006483518965013, -0.1685189692671621, 0.5478359541868797, 0.6042763048103478, -0.2628727174868685, 0.31443283973644703, 0.5036813073729249, -0.6206731522045923, 0.040325578952562544, -0.11608319777329353], [-0.16424256844313395, -0.5822564751050089, -0.09188399884452135, -0.6443181697430537, 0.42383249523614436, -0.3591799489976227, 0.4148531906099983, -0.04853240492247145, -0.4867944590983467, 0.22960918350672624, 0.24201973686247466, 0.754130642221111, 0.07898791716072893]], "inverted": true, "swapped": false, "error_lsq": 0.045905108931090025, "error_max": 0.31114639198150107, "target": "47.xyz", "model": "7.xyz", "model_rescale": 3.7474275329858107, "target_rescale": 4.007444606213976},
{"mapping": [2, 12, 4, 1, 8, 0, 3, 11, 10, 6, 9, 5, 14], "R": [[-0.7088692290334757, 0.3829290545642272, 0.5923425995992802], [-0.687088976891531, -0.18508311210541473, -0.7026044260090623], [-0.15941503681784538, -0.9050467285084909, 0.3943060553078579]], "T": [0.056361676463696005, -0.0369743979402868, -0.10407195401424701], "aligned_model": [[-0.7788135883253211, 0.23947466671941367, -0.5376432724904263, -0.38284001306688187, -0.3393628328810376, 0.07866538688016994, -0.2164417982229792, 0.5313052099732302, 0.7330019934133536, 0.4136164580352066, 0.34898606199187093, 0.1784797985626829, 0.006384374301984422], [0.0682479277956428, -0.25945190186075434, -0.5363158728174482, 0.3136038735693888, -0.23183560662261143, 0.5990939271131637, 0.47908222834091063, -0.4373539419321525, 0.22235925070394952, 0.6126911402538402, -0.48852560247683585, 0.12033093590111181, -0.05953795127642819], [-0.10388460096942387, -0.6496138972672689, -0.003861885004005111, -0.6030695206502246, 0.4161602421359509, -0.2747554857105353, 0.31233933264205566, -0.1286649676606204, -0.3280525331888644, 0.23833395704012145, 0.43519877462235207, 0.5839423337893936, -0.12784660933590578]], "inverted": false, "swapped": false, "error_lsq": 0.04490381625319701, "error_max": 0.2537028433107536, "target": "47.xyz", "model": "8.xyz", "model_rescale": 4.019505241142653, "target_rescale": 4.007444606213976},
{"mapping": [11, 1, 9, 10, 8, 6, 5, 0, 2, 3, 7, 4, 12], "R": [[-0.2713781984949052, -0.4986779895420368, -0.8232096550259673], [0.7304788306198333, 0.45020661058360556, -0.5135315820892642], [0.6267013255115557, -0.7406985017759479, 0.2420974557258403]], "T": [0.0030741249686292924, 0.052405376844512214, -0.09005119742052131], "aligned_model": [[-0.581142974769685, 0.18527296489900985, -0.4754882116666274, -0.36204981112317386, -0.35505058122165867, -0.2225107205491045, -0.07555259265539974, 0.5544786870296841, 0.4667738858531604, 0.5947097269155437, 0.21180878685974797, 0.3485432249807437, -0.014979939660974426], [0.17970931065898577, -0.34290889708877414, -0.4310761721691868, 0.04694247959700987, -0.28635586176959116, 0.6387218412402824, 0.581408267558339, -0.24180757449542808, 0.37055867843864465, 0.5180636494551257, -0.6720467329495298, -0.0342047624291405, 0.07538418064503949], [0.08238317502796144, -0.6066124326319711, -0.1576066794183586, -0.9295953750933108, 0.37160283907743913, -0.4552994951825791, 0.31553294925442404, 0.08893993720124724, -0.27371711874791355, 0.32418363380444776, 0.4111303780746856, 0.6587775252891106, -0.06349419621215768]], "inverted": false, "swapped": false, "error_lsq": 0.055678195306870834, "error_max": 0.3410777394269607, "target": "47.xyz", "model": "9.xyz", "model_rescale": 3.877068213659057, "target_rescale": 4.007444606213976},
{"mapping": [11, 13, 9, 10, 8, 12, 0, 4, 3, 5, 7, 1, 15], "R": [[-0.12211483582295227, 0.9825531946312036, -0.14027539553303697], [-0.894776216593234, -0.0478251090350099, 0.44394625932075094], [0.4294921292538798, 0.17972751226733755, 0.8850053854317288]], "T": [0.032610251882429775, -0.04331119969432749, -0.1777821601440134], "aligned_model": [[-0.6044428366753809, 0.3309762310339699, -0.46883926594616404, -0.5248215121443849, -0.42906129203341853, -0.04569877231123706, -0.2170022272437624, 0.6232425271417419, 0.5928999275739961, 0.4600646594482802, 0.23331066398525108, 0.31993277026011585, 0.004251571802259338], [0.3023869309558481, -0.4061078067403504, -0.4716114462694759, 0.0681105002723042, -0.28120899265660504, 0.6984963184134511, 0.4891239779119717, -0.30406931263887726, 0.21588324679156662, 0.4833162214559886, -0.5184127601980647, 0.10622682102615448, 0.02025470836786493], [-0.038816548974801635, -0.7917812321013802, -0.20521542011783087, -0.6021237827670806, 0.3928201194256815, -0.2200257220457202, 0.3588484647234228, 0.025317327055182914, -0.3249387466515004, 0.21073004170764695, 0.4548981866390045, 0.6271965731126731, -0.12068411956227304]], "inverted": true, "swapped": false, "error_lsq": 0.034960877260365106, "error_max": 0.21617914640351646, "target": "47.xyz", "model": "10.xyz", "model_rescale": 4.260839863003843, "target_rescale": 4.007444606213976},
{"mapping": [11, 4, 2, 7, 1, 8, 9, 6, 0, 3, 5, 12], "R": [[-0.368343242266946, 0.6170882217974699, 0.6953598941520219], [0.5616940698148766, 0.7437192494582838, -0.3624657913790044], [-0.7408259092466157, 0.25706770412489394, -0.62055875441805]], "T": [-0.013100020397981629, -0.06953397500991423, -0.09560526206014361], "aligned_model": [[0.46940095357676714, 0.23408004525759027, -0.32014508768118594, -0.40393661470294107, -0.755326438156234, -0.4103234255521723, 0.2621742628688102, 0.6705371502549942, 0.2558588744373996, -0.1583070769119495, 0.11867494341419409, -0.0037889377111421808], [-0.050648824548333055, -0.68989126513795, -0.585458748592265, 0.04667025944883643, 0.06658437545409893, 0.5636829324357507, 0.5361615502695647, 0.030848420372783958, -0.26297616022399567, 0.09057171305106787, 0.5093483313006194, -0.08181407829724466], [-0.7321272916777608, -0.12365106665345471, 0.20310309778251448, -0.6640166124881061, 0.1593475413696164, -0.20528096441250535, -0.41672350585583307, 0.01842312394576559, 0.47484263711686625, 0.7237218884909333, 0.20489284045449632, -0.12635361067702786]], "inverted": false, "swapped": true, "error_lsq": 0.047604788904259863, "error_max": 0.32446085738785674, "target": "47.xyz", "model": "11.xyz", "model_rescale": 3.890672605050136, "target_rescale": 4.007444606213976},
{"mapping": [0, 2, 4, 1, 3, 6, 8, 12, 11, 9, 7, 5, 13], "R": [[-0.6032697374849783, 0.5195995132211066, 0.6050470805608389], [-0.777561973171006, -0.2144612279743594, -0.5911038483838027], [-0.17737813200396804, -0.8270566652630997, 0.5333987914596958]], "T": [0.06144552703398533, 0.11862510814581141, -0.08801562441358199], "aligned_model": [[-0.5203095161059177, 0.12327998785183494, -0.1431473703375336, -0.464297710529307, -0.6290988938540572, -0.017492007432048193, -0.3536621997220232, 0.5635027875653406, 0.3598531491863248, 0.735995158427291, 0.09581758077325016, 0.4504583558772155, 0.07391312319089595], [0.05212463680645753, -0.26703846458570685, -0.5276342996818034, 0.34848951554644186, -0.35268123178687927, 0.685413270434122, 0.35209900331470534, -0.35229040755399316, 0.19175856588170573, 0.4808796093693788, -0.3656356668015827, 0.18654906256129816, -0.029645186812367344], [-0.16439164709183407, -0.6821572252041804, -0.26563197491254087, -0.6134246962395858, 0.3045170401147146, -0.15567941594066556, 0.4526936887115538, 0.19713211092024566, -0.5444874771013801, 0.05189465809567789, 0.6128939518125497, 0.5820795458771836, -0.009213418598713427]], "inverted": false, "swapped": false, "error_lsq": 0.058351666171856845, "error_max": 0.307084134260996, "target": "47.xyz", "model": "12.xyz", "model_rescale": 4.124412569039231, "target_rescale": 4.007444606213976},
{"mapping": [6, 7, 9, 3, 8, 0, 1, 10, 5, 4, 11, 2, 12], "R": [[-0.8592943594163408, 0.5006689692661157, -0.10461255703435648], [0.22591113692090267, 0.18801265860273958, -0.955832306641827], [-0.45888709078635703, -0.8449744513410661, -0.2746649131041288]], "T": [-0.016954013582622607, 0.07775301266159551, -0.1528103289568359], "aligned_model": [[-0.667317611227827, 0.26619180406260423, -0.34508213959004236, -0.5108402802098113, -0.3266407831341529, 0.023899507131483214, -0.33905205653529574, 0.5440545104033666, 0.5867261101187458, 0.5550772049092605, 0.16092007675675185, 0.2563540737205334, 0.07052202848565005], [0.08456380109123245, -0.3120533620704675, -0.45171996265415604, 0.251436012777952, -0.24302778211871484, 0.6142350063465118, 0.55402150786132, -0.33739481956813844, 0.26368836826836856, 0.513725509710643, -0.6332450367399427, 0.06129130324115015, 0.036867860546018594], [0.004013198624434, -0.5540049334623137, -0.2964472787070195, -0.6372315783602515, 0.4094084072689258, -0.3702625160949401, 0.423631749759648, 0.08704668200495702, -0.5708345278442883, 0.16497029134125127, 0.5205361220397093, 0.6641518581648009, -0.07875233429188835]], "inverted": true, "swapped": false, "error_lsq": 0.03301107359037116, "error_max": 0.20071955688817736, "target": "47.xyz", "model": "13.xyz", "model_rescale": 3.9028299243045295, "target_rescale": 4.007444606213976},
{"mapping": [10, 12, 5, 14, 4, 9, 7, 2, 1, 6, 0, 3, 15], "R": [[0.2924597597960561, -0.26020791179488534, 0.9201951594848663], [0.8028728393833707, -0.45592309810773357, -0.38409547301723107], [0.5194829089397626, 0.8511321702598201, 0.07557470521471588]], "T": [0.06579328262909082, -0.07537408692045038, -0.08136911067545285], "aligned_model": [[-0.6503755079942217, 0.1266313438811868, -0.24520268760448236, -0.4288552114978129, -0.3519477095990392, -0.04270010152743134, -0.3699434555381801, 0.7291198774112754, 0.5941035770306599, 0.44072216455233515, 0.20929648872519813, 0.22774822154880991, 0.036215445502968326], [0.126555447470304, -0.36508672089235844, -0.4768878623501995, 0.34771633752375225, -0.2402290728890168, 0.685292225484695, 0.5966891964085396, -0.37283804032272144, 0.1763364678512626, 0.4439266298470183, -0.5976223886940459, 0.04451673640441456, 0.03401945085013269], [-0.040389499563957376, -0.7111354236686388, -0.14594486691399988, -0.6808422233206854, 0.42625138821744035, -0.18365011198989825, 0.3418239824269458, 0.03551884694528515, -0.36373197152767256, 0.10346422320622606, 0.546229447623929, 0.5086192226669508, -0.06998787365889961]], "inverted": true, "swapped": false, "error_lsq": 0.0368938364749427, "error_max": 0.25073495710933796, "target": "47.xyz", "model": "14.xyz", "model_rescale": 3.942246331269136, "target_rescale": 4.007444606213976},
{"mapping": [4, 12, 3, 13, 5, 11, 10, 0, 8, 6, 2, 9, 14], "R": [[-0.7885940280209711, 0.610199461648819, -0.0760004998217218], [0.35462837263251246, 0.5522754678441002, 0.7544736741209705], [0.5023526413722494, 0.5680215001398028, -0.6519151778301011]], "T": [3.1889849313997826e-05, 0.030684785568821045, 0.005206134581671119], "aligned_model": [[-0.5230175288397563, -0.12351122959002815, -0.5708833786324686, -0.22398424795920066, -0.13951918977353747, 0.048331619173372364, -0.3830232606324418, 0.5933909417626699, 0.6664550037784052, 0.33814174681651965, 0.40188795971415153, 0.13815140509130844, 0.05239260398227191], [0.2572392674712997, -0.4004149340943528, -0.3930318907864432, 0.2275549910825191, -0.4658171527670545, 0.6863985407309864, 0.50865264907342, -0.3978768772171032, 0.24320657935845955, 0.4454157327963412, -0.4681760029165168, 0.20899603851333054, -0.04975853455310924], [-0.131747687057339, -0.6781432544634043, -0.09999778594161095, -0.7510932364928177, 0.3750586451773535, -0.2808316812659975, 0.3710148129771002, -0.06534469511511366, -0.3257857787232907, 0.1679001890882835, 0.4202935126890527, 0.7780517871637616, -0.013149687592952982]], "inverted": false, "swapped": false, "error_lsq": 0.054813793986256514, "error_max": 0.31923584439564195, "target": "47.xyz", "model": "15.xyz", "model_rescale": 4.355366556412066, "target_rescale": 4.007444606213976},
{"mapping": [0, 2, 4, 9, 6, 5, 11, 8, 10, 1, 7, 12], "R": [[-0.09159374585893282, 0.9923099792772497, 0.08325557486627178], [-0.9935167965937982, -0.08541006751354768, -0.07502996237056796], [-0.06734211613490362, -0.08958808734488856, 0.9936996598572216]], "T": [-0.022722238658793678, -0.06393428323507826, -0.015338974566040716], "aligned_model": [[-0.23984311334172642, 0.45103558810683314, 0.21806493993236914, -0.5269581911721337, -0.6008067954475668, -0.5769716066577334, -0.20210953169951312, -0.12896242748489434, 0.5456161726610295, 0.34127684500288163, 0.33034187411266297, -0.012875199380427953], [-0.6830292132497022, -0.5176319063049699, -0.47586147212011304, 0.4684612678413756, -0.26948414172337176, 0.01717006019087934, 0.3054768507437386, 0.4995639554080989, 0.1620392001841895, 0.016825494001852043, 0.5395225109743785, -0.050276178205375124], [0.0535781148533374, 0.12392235523472916, -0.483383037781417, -0.1051220924503129, -0.35298728286042136, 0.34382421788583306, -0.7006708256944381, 0.4765569519144063, -0.5112038201052866, 0.6885159238342526, -0.038442235044442864, -0.045329808576818606]], "inverted": true, "swapped": true, "error_lsq": 0.04127528959551773, "error_max": 0.22372530149426545, "target": "47.xyz", "model": "16.xyz", "model_rescale": 3.795458400668931, "target_rescale": 4.007444606213976},
{"mapping": [5, 0, 2, 1, 10, 6, 9, 7, 3, 8, 4, 11, 12], "R": [[-0.06299498183051805, 0.9116888031367381, -0.40602359352539474], [0.9890466404437404, 0.0026148677821546396, -0.1475801663281108], [-0.13348548719289183, -0.4108730810135707, -0.9018674714209912]], "T": [0.10527682144164671, -0.029110613286338, -0.012109702032807295], "aligned_model": [[-0.5683433514637326, 0.1713900817390741, -0.39954718198238404, -0.4545729951141839, -0.4686773352426382, 0.04163129543681075, -0.3578317828022006, 0.7178968871429814, 0.6611852797013883, 0.44497009774907303, 0.13638597153662785, 0.35705990123059783, -0.0067344230401476385], [0.32538629451051787, -0.17598498626034914, -0.5193520146959875, -0.07006483518965013, -0.1685189692671621, 0.5478359541868797, 0.6042763048103478, -0.2628727174868685, 0.31443283973644703, 0.5036813073729249, -0.6206731522045923, 0.040325578952562544, -0.11608319777329353], [-0.16424256844313395, -0.5822564751050089, -0.09188399884452135, -0.6443181697430537, 0.42383249523614436, -0.3591799489976227, 0.4148531906099983, -0.04853240492247145, -0.4867944590983467, 0.22960918350672624, 0.24201973686247466, 0.754130642221111, 0.07898791716072893]], "inverted": true, "swapped": false, "error_lsq": 0.045905108931090025, "error_max": 0.31114639198150107, "target": "47.xyz", "model": "17.xyz", "model_rescale": 3.7474275329858107, "target_rescale": 4.007444606213976},
{"mapping": [2, 4, 0, 6, 1, 9, 7, 10, 5, 12, 3, 11, 13], "R": [[-0.882905119036262, -0.21400258362864816, 0.4179490937660087], [0.20587861269774338, 0.6235492116535739, 0.7541885556542604], [-0.42201012738229055, 0.751923716108536, -0.5064762359087669]], "T": [0.049549028833954574, -0.010216702579626199, 0.023862750546221827], "aligned_model": [[-0.6447211701857745, 0.11197279502406113, -0.4891528259440097, -0.3657261694909408, -0.3947083347574683, 0.00028060157123236534, -0.15830546648622712, 0.7066894645578286, 0.6417581858377641, 0.4711477206142623, 0.18858590891814483, 0.25255934495808124, -0.04556760972568811], [0.10926980371937886, -0.18447920946209503, -0.5560792488252888, 0.1943362417493739, -0.2709612716751338, 0.5126418762657462, 0.5735008185145154, -0.1583000734489039, 0.12209392695215582, 0.605545319167739, -0.5593768396982165, 0.041649867020931736, -0.02745280358842594], [-0.06299684521179649, -0.7854342741179531, -0.3092690297537853, -0.5931489301235106, 0.48556187485952734, -0.3907644247075603, 0.4522196652554398, 0.17445203792114058, -0.369840371544567, 0.07211830956516058, 0.39760205953790373, 0.7151176473181051, -0.01939257855507953]], "inverted": false, "swapped": false, "error_lsq": 0.035247446465169655, "error_max": 0.21106879253558777, "target": "47.xyz", "model": "18.xyz", "model_rescale": 3.922800546911778, "target_rescale": 4.007444606213976},
{"mapping": [4, 1, 8, 6, 13, 10, 11, 3, 2, 9, 12, 7, 14], "R": [[-0.11762583994813991, -0.8635058990109887, 0.49043014196694634], [-0.9660992098143918, 0.21379516911787777, 0.14472022131639467], [-0.22981835995521074, -0.45678133503360513, -0.8593802030489271]], "T": [0.03445688685245578, -0.11887092828475672, -0.08619539360756581], "aligned_model": [[-0.5798710436220489, 0.16774935487948683, -0.4186895788043011, -0.39029298039661725, -0.42107511426806166, -0.08879666481722137, -0.17373864345373102, 0.6043632905443093, 0.5128948717307572, 0.5244937902778554, 0.16714430337832104, 0.2932224275213637, 0.07740843192115421], [0.2638099866715499, -0.22743900997803426, -0.5092097153504389, 0.04416754127220644, -0.14500739355280273, 0.6491350162697583, 0.4117539506105428, -0.229710515865575, 0.3237093508782803, 0.5054608167496429, -0.6512935072661826, 0.056648585180015906, -0.08963669892718697], [-0.09105854683168979, -0.8062156110602084, -0.2153641436847444, -0.6046293620447524, 0.42724518519256627, -0.29968093970622695, 0.34081218457656826, 0.1822641386147741, -0.38343057643312695, 0.09495893656019691, 0.4773064177941123, 0.6489537847324994, -0.004936327266943208]], "inverted": true, "swapped": false, "error_lsq": 0.03800550605806582, "error_max": 0.21840335859437748, "target": "47.xyz", "model": "19.xyz", "model_rescale": 3.9282355846067225, "target_rescale": 4.007444606213976},
{"mapping": [6, 9, 7, 8, 5, 4, 3, 10, 11, 0, 2, 1, 13], "R": [[-0.23489611622580714, -0.6574128680765721, 0.7159833346310288], [-0.969382040919057, 0.10420209473365782, -0.22235193319762642], [0.0715700588628792, -0.7462909917320812, -0.6617608951380481]], "T": [-0.06392181671866498, -0.036700948517131265, -0.1134807415459782], "aligned_model": [[-0.7045860627371201, 0.16028540523265966, -0.3089569739497018, -0.3277845386374892, -0.4268955636485563, -0.03440261993206996, -0.19607484995022734, 0.7084782622645209, 0.5118770489955651, 0.4756682112773288, 0.14345085524377085, 0.22360166654694308, 0.05015160418564209], [0.05646560858820854, -0.17590598565557738, -0.6094354313139002, 0.270458230981934, -0.10278953879240191, 0.5768977400808504, 0.5193299842229047, -0.4014243801415085, 0.28041927634275976, 0.48368313885002334, -0.5534650674947382, 0.07932630719955888, -0.02117147617633658], [-0.025654944835638238, -0.7528381568450722, -0.11902693987469179, -0.7574149629997196, 0.47945476044702495, -0.261781487706352, 0.37613160182937044, -0.0011896670904745221, -0.3985309135385114, 0.16623338305121627, 0.4936993228668245, 0.5686986474773768, -0.0015555023383282823]], "inverted": false, "swapped": false, "error_lsq": 0.03808433074021346, "error_max": 0.22318697557226108, "target": "47.xyz", "model": "20.xyz", "model_rescale": 4.067790424073018, "target_rescale": 4.007444606213976},
{"mapping": [13, 12, 11, 10, 6, 1, 5, 0, 7, 8, 2, 4, 14], "R": [[-0.25340229767305344, -0.14920386558923887, 0.9557852698316948], [0.28523132313079147, -0.9556318882383219, -0.07355804841835822], [0.9243540273288559, 0.2539801186614572, 0.28471693220747674]], "T": [0.021572032203883096, -0.033753298835846934, -0.01074477449846378], "aligned_model": [[-0.5993459794431018, 0.04960159436619292, -0.4561318599623281, -0.42503432638318833, -0.363166394739096, 0.05070174276525008, -0.14881741658610403, 0.6888701347506849, 0.5967544436035774, 0.37524116187385376, 0.35233640274670414, 0.16607011889580514, -0.01226717699698407], [0.2652559959343078, -0.44780495444771723, -0.39695326422856136, 0.2013706486172696, -0.3772492324324251, 0.7073359694301917, 0.436499664796148, -0.27634362494571296, 0.3276779305824031, 0.36724950020229, -0.48774239555299753, 0.10641366012571868, -0.023321491389138013], [-0.13394286511113235, -0.6547862615377271, -0.2514043484346191, -0.6561487653114496, 0.5198622261446003, -0.3618049654947332, 0.30277668695873183, -0.02866698240669099, -0.31928426504453833, 0.18745411199467085, 0.4773236251959735, 0.7651070291948182, -0.08026008570487918]], "inverted": true, "swapped": false, "error_lsq": 0.04020963074898777, "error_max": 0.20410650710565903, "target": "47.xyz", "model": "21.xyz", "model_rescale": 4.186013935880536, "target_rescale": 4.007444606213976},
{"mapping": [6, 11, 4, 3, 7, 5, 0, 9, 8, 2, 10, 1, 12], "R": [[0.13979003682845648, 0.9760989469370869, -0.16640189720014942], [0.5928529262861539, -0.21710757245544404, -0.7754932042103584], [-0.7930852119397027, 0.009754371882107316, -0.6090325925857685]], "T": [0.05794535619690306, 0.02638514362789438, -0.009228567435448604], "aligned_model": [[-0.49440076126832827, 0.2001163726474935, -0.39342682314755467, -0.5790527380570233, -0.2763269994521265, -0.033977161294482756, -0.21810674150694648, 0.5571811294384273, 0.7652337499604264, 0.4700222825811261, 0.0801327896041584, 0.16961421259189158, 0.02780313279420508], [0.08784290607770423, -0.20159002234260007, -0.5056095017742669, 0.2184309285949523, -0.33929108092147825, 0.6828573338128585, 0.5779881875464855, -0.2947793425121346, 0.10884531147268056, 0.6427368903723563, -0.7870851710946358, 0.1935767396608585, 0.01846522779899656], [0.022228688848950708, -0.580875927696992, -0.21136961162422604, -0.6492992659757275, 0.5319429681510222, -0.4081437092972966, 0.366693980836693, 0.1726169048663951, -0.29315035150641605, -0.0107562754487401, 0.1753606995924368, 0.6941207573383308, -0.043143717641405385]], "inverted": false, "swapped": false, "error_lsq": 0.051998204284324494, "error_max": 0.3849188473446577, "target": "47.xyz", "model": "22.xyz", "model_rescale": 4.166573947596378, "target_rescale": 4.007444606213976},
{"mapping": [2, 5, 6, 1, 12, 0, 3, 10, 7, 8, 14, 9, 15], "R": [[-0.5604157679965238, -0.0999798448696746, 0.8221546068719084], [-0.3812532890560239, -0.8501114303937541, -0.36325815269288797], [0.7352415226065722, -0.5170247446048607, 0.4382982054508645]], "T": [-0.017671466828026436, 0.04336048846508843, 0.10276654374270641], "aligned_model": [[-0.645387405109356, 0.14914165651484623, -0.5684912062726339, -0.3377478422258684, -0.32135251749757177, 0.1529503057648341, -0.2878816289940541, 0.6755957100957215, 0.5286533435859238, 0.4373420053109854, 0.3122153898711329, 0.21685712499571796, -0.03708249114841135], [0.2458547759212364, -0.27970915684544484, -0.32829426588383775, 0.1653962411427772, -0.477795571200998, 0.4968375777562799, 0.47076081652854224, -0.2351252996466492, 0.07883726555572831, 0.7040918601652129, -0.6040517033247138, 0.12451373111128537, 0.041072135412358525], [-0.030567636287429367, -0.6448037655666371, -0.26814852763466157, -0.5223394071549883, 0.35880469747526345, -0.5545024293902672, 0.4279466167015603, 0.05015931682434763, -0.3572989379701019, 0.20511855810714746, 0.4158318387201576, 0.6494471242531843, 0.03657769236544976]], "inverted": false, "swapped": false, "error_lsq": 0.044365936354828425, "error_max": 0.2841088307198275, "target": "47.xyz", "model": "23.xyz", "model_rescale": 4.274766983524099, "target_rescale": 4.007444606213976},
{"mapping": [7, 9, 8, 1, 5, 3, 2, 0, 4, 6, 12], "R": [[-0.013585855646939635, -0.3167507214646527, 0.9484115166835348], [0.3437122182955849, 0.889221384333424, 0.30190601292203123], [-0.938976749190665, 0.3300822777668797, 0.096790259755617]], "T": [0.08998933982111507, 0.06255496451542707, -0.0015927107776490743], "aligned_model": [[0.21356574784666035, 0.0754829185277559, -0.3956242444010628, -0.5062786124754843, -0.3862925408208016, -0.6127738394170386, 0.051689925116241514, -0.04675863815566231, 0.5885634456523459, 0.27646492858444827, 0.12185561350067275], [0.02338553084976562, 0.7562877961577281, 0.3066131076963683, -0.35957641678658075, 0.5129657049045494, -0.08478886427299671, -0.5796009899203578, -0.033283178834623825, -0.2373706838087447, 0.5451011998734216, 0.06585332538495402], [-0.6890101659642328, -0.25513609742552024, -0.5263725834192996, -0.31892348223239547, 0.11266231264068177, 0.44832907160916613, 0.1877498744871786, 0.636595829236515, 0.3273391756360776, 0.4704399838034384, -0.014107484350031951]], "inverted": false, "swapped": true, "error_lsq": 0.05061516943296072, "error_max": 0.29524990534658585, "target": "47.xyz", "model": "24.xyz", "model_rescale": 3.7841303162186577, "target_rescale": 4.007444606213976},
{"mapping": [2, 3, 4, 5, 8, 12, 9, 11, 13, 14, 7, 10, 15], "R": [[-0.6118205407564001, -0.7019240848773974, -0.36466176791319116], [0.779573025809463, -0.45701618482646406, -0.42825471887294103], [0.13394597171555614, -0.5462955114914375, 0.8268129720713652]], "T": [-0.014840175702817586, -0.11009227159121114, 0.12765490314751546], "aligned_model": [[-0.6593166984933709, 0.15354441454747805, -0.4656428583462748, -0.3737008705981138, -0.5390818184803425, -0.02790755908354655, -0.1508612577739214, 0.7064446592390028, 0.5362477180316744, 0.3276109737371987, 0.3376962812402045, 0.4266541055839359, 0.0031253552873422297], [0.2223879419240628, -0.253091154948779, -0.4408728370124111, 0.153764061468608, -0.13139356915762018, 0.5058972642810213, 0.4388125135619353, -0.31932139833482437, 0.21669036566423838, 0.6022207713716501, -0.5373297914420496, 0.10372624625403483, -0.15910200693808915], [-0.07946812097065636, -0.6470707494275622, -0.36637495599001557, -0.627949214500856, 0.4000052993997921, -0.3145645464650365, 0.2771290166063609, -0.03171550994017722, -0.32124958406406834, 0.19574529441355235, 0.4682304575521501, 0.7314922540084521, 0.08201549982108972]], "inverted": true, "swapped": false, "error_lsq": 0.03941445616298811, "error_max": 0.22087174458530823, "target": "47.xyz", "model": "25.xyz", "model_rescale": 4.19342608120988, "target_rescale": 4.007444606213976},
{"mapping": [0, 2, 4, 9, 6, 5, 11, 8, 10, 1, 7, 12], "R": [[-0.09159374585893282, 0.9923099792772497, 0.08325557486627178], [-0.9935167965937982, -0.08541006751354768, -0.07502996237056796], [-0.06734211613490362, -0.08958808734488856, 0.9936996598572216]], "T": [-0.022722238658793678, -0.06393428323507826, -0.015338974566040716], "aligned_model": [[-0.23984311334172642, 0.45103558810683314, 0.21806493993236914, -0.5269581911721337, -0.6008067954475668, -0.5769716066577334, -0.20210953169951312, -0.12896242748489434, 0.5456161726610295, 0.34127684500288163, 0.33034187411266297, -0.012875199380427953], [-0.6830292132497022, -0.5176319063049699, -0.47586147212011304, 0.4684612678413756, -0.26948414172337176, 0.01717006019087934, 0.3054768507437386, 0.4995639554080989, 0.1620392001841895, 0.016825494001852043, 0.5395225109743785, -0.050276178205375124], [0.0535781148533374, 0.12392235523472916, -0.483383037781417, -0.1051220924503129, -0.35298728286042136, 0.34382421788583306, -0.7006708256944381, 0.4765569519144063, -0.5112038201052866, 0.6885159238342526, -0.038442235044442864, -0.045329808576818606]], "inverted": true, "swapped": true, "error_lsq": 0.04127528959551773, "error_max": 0.22372530149426545, "target": "47.xyz", "model": "26.xyz", "model_rescale": 3.795458400668931, "target_rescale": 4.007444606213976},
{"mapping": [5, 11, 8, 10, 6, 10, 7, 9, 4, 3, 1, 0, 12], "R": [[-0.7077396451723182, -0.31240606600165743, 0.6336458352871335], [0.6669676505588372, 0.000261170102025865, 0.7450866291232199], [-0.2329350719822713, 0.9499486205661576, 0.20817989942611703]], "T": [0.14800120258328875, -0.12506224713169378, 0.006234082803033177], "aligned_model": [[-0.5813917928001522, 0.15125074249974343, -0.36511975768167915, -0.10105177397542647, -0.5168775002044661, -0.10105177397542647, -0.20269863600402466, 0.5683388997465463, 0.49942652405101207, 0.500747050222073, 0.11211693240248635, 0.25879514737600134, 0.05232838323457813], [0.05897781030221791, -0.27317543792121757, -0.6125127295020191, 0.3980413807897246, -0.33999357774954353, 0.3980413807897246, 0.5795811993255415, -0.21092672611945307, 0.3225914228318761, 0.4875364535663491, -0.5853174030280575, 0.18328100144026838, -0.0037363680336346405], [-0.02500024807708464, -0.6934990912982179, -0.16653922960332965, -0.40852083016597096, 0.445469547416239, -0.40852083016597096, 0.20796493123508988, -0.01159291097209561, -0.6061135454572872, 0.21923586149166796, 0.3766806797311656, 0.7703821934139751, 0.06627861289484412]], "inverted": true, "swapped": false, "error_lsq": 0.053400016792917504, "error_max": 0.4726561814430696, "target": "47.xyz", "model": "27.xyz", "model_rescale": 3.6321398670334006, "target_rescale": 4.007444606213976},
{"mapping": [6, 7, 12, 4, 9, 1, 13, 0, 3, 2, 10, 11, 14], "R": [[0.9252656263029414, -0.11696200942384363, -0.3608370950079306], [0.19359833390025497, 0.9636590904077281, 0.18406749464692482], [0.32619504271719235, -0.24016878611944356, 0.9142842819827114]], "T": [0.08558413632535403, -0.05789944299429935, -0.03568141704553596], "aligned_model": [[-0.6692859898168739, -0.02228198054628633, -0.49144026568022536, -0.29520355987617697, -0.3260630938919824, 0.17597592635609327, -0.35646946221155906, 0.6816338786861781, 0.5613411595755222, 0.40084376425136936, 0.34187190587150695, 0.20344092780768022, 0.07044923436601966], [0.12106822228598403, -0.32003001712639584, -0.5854069845158542, 0.39186446020984406, -0.254996679735374, 0.5618061620404771, 0.457267479993165, -0.11216971362844429, -0.02853962903562003, 0.6055607718143634, -0.5606785390751609, 0.12354869686385915, 0.0030941766009330227], [-0.08094845342862428, -0.7571658915424357, -0.3045463719726109, -0.6180733934283975, 0.45244909659160293, -0.27033325174926254, 0.417826013317235, 0.140928708872369, -0.5300025030966001, 0.2707097938245032, 0.49929651962267496, 0.5690600034493882, -0.022975130016817384]], "inverted": true, "swapped": false, "error_lsq": 0.04513800671715514, "error_max": 0.24525981771568833, "target": "47.xyz", "model": "28.xyz", "model_rescale": 4.156811204709835, "target_rescale": 4.007444606213976},
