[{"mapping": [10, 4, 5, 8, 9, 7, 11, 1, 12, 3, 0, 13], "R": [[0.3773999580312276, 0.48218041294955316, -0.7906145211453086], [0.8396220227364416, -0.5383125925947626, 0.0724873202006458], [-0.3906457866328441, -0.6911740750503472, -0.6080084434975414]], "T": [0.005677417048769513, 0.025076880948912722, 0.22709220017409112], "aligned_model": [[0.2098879239712646, -0.5821339446050167, 0.6695740885347607, 0.106877607236461, -0.47327477676051405, -0.3122827348840712, 0.4719784886640885, 0.1872363978156143, 0.08004781851587922, -0.11795902195469576, -0.5040942343938514, -0.026198523819223177], [0.37334312808614845, -0.6824635386856854, -0.2564837745390416, -0.6082276553358987, 0.3233096491900379, -0.239127560451619, -0.12985032025197513, 0.43430555061387977, 0.5634281477535958, -0.18033180915399463, 0.5493961075857238, -0.018045419572789115], [-0.6961832812554918, -0.032269678877357516, 0.4559285331997115, -0.21929666331799322, -0.2402462037226313, -0.40575204401443465, -0.2685111833714061, 0.5912519808337863, 0.027676140417060874, 0.6915506017328124, 0.4733332336048855, 0.07326029890879612]], "inverted": false, "swapped": false, "error_lsq": 0.043700151255942954, "error_max": 0.22937604581320403, "target": "471.xyz", "model": "0.xyz", "model_rescale": 3.8414455957264533, "target_rescale": 3.8017174142484667},
{"mapping": [3, 7, 11, 0, 5, 4, 1, 12, 10, 13, 8, 14], "R": [[0.5248013253692773, -0.48968503277974695, 0.6962701613326171], [-0.7813362813228665, 0.047467960563988276, 0.6223025053850021], [-0.33778274730839175, -0.87060631825837, -0.35769743391503567]], "T": [-0.2302697726012176, 0.004132397594945769, 0.02354299607329858], "aligned_model": [[0.16423839899082113, -0.5661648860972462, 0.529837003885891, 0.04452310371136728, -0.33099264021005503, -0.22083298698411555, 0.5662273417592817, 0.228119998551819, -0.06827054160994306, -0.12874306692136547, -0.357572471694653, -0.15071016506110618], [0.16019083492231828, -0.5417745251989464, -0.09945046898058843, -0.6648015987774419, 0.46627565373559177, -0.25923843197967855, -0.057570689496478256, 0.37857035440230136, 0.6690471458691182, -0.33086807136029095, 0.373518200944185, 0.035354101158292545], [-0.6347775555777199, -0.022447291056868178, 0.39472176731479336, -0.0267914169290387, -0.43537017624458935, -0.4522342501823225, -0.30854579781702224, 0.5051700074329945, 0.028634861754931414, 0.6960859422655087, 0.7103111873781484, -0.0040155442010775845]], "inverted": true, "swapped": false, "error_lsq": 0.04900074525851581, "error_max": 0.3145086788142534, "target": "471.xyz", "model": "1.xyz", "model_rescale": 4.316132596720782, "target_rescale": 3.8017174142484667},
{"mapping": [7, 4, 8, 6, 5, 3, 10, 1, 9, 2, 0, 11], "R": [[0.8526160667358964, 0.5165636081049578, -0.07879011058119596], [0.240560275543886, -0.254175610757107, 0.9367633173467572], [0.46387131467041504, -0.8176532258102082, -0.3409788934055914]], "T": [0.00021509601581929522, 0.062097143113336105, 0.03833018796311066], "aligned_model": [[0.12553353474303536, -0.5765219435938918, 0.5375761619946378, 0.11683430536373246, -0.5017975985420858, -0.2265761483725536, 0.5909111180024418, 0.21992296519479793, 0.12465584773566005, -0.11870180109379472, -0.5343329846579408, -0.04784436845334292], [0.37076726615214123, -0.44110379823046103, -0.28536544273963493, -0.7358347849887941, 0.3733417116083194, -0.1877590003432684, -0.058365874641798675, 0.3281932778750263, 0.7868069571476497, -0.26717616336695554, 0.3002086814435684, -0.05446032467741025], [-0.7920186326164929, 0.13048728703684587, 0.4596957679709776, -0.1222953427777855, -0.22026206830548178, -0.5248346616900592, -0.1455248352258, 0.45727954372168983, -0.057907486498422395, 0.7987006654057578, 0.44017008561944665, 0.02725141149706209]], "inverted": false, "swapped": false, "error_lsq": 0.03988779783777006, "error_max": 0.20775008587461635, "target": "471.xyz", "model": "2.xyz", "model_rescale": 3.795458400668931, "target_rescale": 3.8017174142484667},
{"mapping": [2, 7, 5, 4, 1, 0, 10, 3, 6, 9, 8, 11], "R": [[-0.4547840950723107, 0.8310381699818596, 0.32022958467708934], [-0.5153483898949225, -0.5388138345896617, 0.6664050485159123], [0.7263521624542535, 0.1380406160808707, 0.6733181450176754]], "T": [-0.02602984231626934, 0.001851955507003752, -0.037983974712919234], "aligned_model": [[0.25853114111819187, -0.6165859280901363, 0.5279756349671089, 0.1798384178505549, -0.4840006838984543, -0.3106984564576829, 0.6002197452806318, 0.16486352129559764, 0.021059436551139704, -0.08935431417952723, -0.4539359234651935, -0.08825350265153481], [0.49819904214189736, -0.42628457615956844, -0.13318775421926846, -0.6016741503144107, 0.3136668610373739, -0.40176905495749665, -0.17709049139812022, 0.38039567057462864, 0.5682917604616365, -0.23402118115021794, 0.4523188835875032, -0.10959250436557481], [-0.5482681384009999, 0.18838942572083103, 0.3727066917092485, -0.1037808771591574, -0.336820075124571, -0.6448297576019194, -0.3768081033260996, 0.6382810658205372, 0.11765934766105443, 0.7956277559351063, 0.43587135073233063, -0.08728695182862253]], "inverted": false, "swapped": false, "error_lsq": 0.05349122549963628, "error_max": 0.29435065116455406, "target": "471.xyz", "model": "3.xyz", "model_rescale": 3.7530521520055578, "target_rescale": 3.8017174142484667},
{"mapping": [3, 1, 9, 10, 2, 4, 6, 5, 0, 8, 11], "R": [[-0.14963784195508079, -0.5315087201570756, -0.8337307698843878], [0.6813501923638448, -0.6664809174036308, 0.3025972605668572], [-0.7164987310671095, -0.5227826193876401, 0.4618743349066061]], "T": [-0.030575780822172185, -0.07168270975088152, 0.053381564921207506], "aligned_model": [[-0.37963554270771405, -0.41456817611584734, 0.353717193685656, 0.603945506337367, 0.27262624066174246, -0.17567477773252407, -0.2726858218360207, -0.5834135402943729, -0.3832421301337515, 0.3064232748450909, 0.010707375735579141], [-0.6136296734554327, -0.06294549230987709, -0.3335907638478728, 0.3711685910914947, -0.6586149512352556, 0.6246398491181254, -0.46685216006339736, 0.03187810957177209, 0.35829772903367446, 0.3052686095118474, -0.08841648910073253], [-0.212367390504912, -0.6737937315729967, -0.5826070212462799, -0.28807354539453855, 0.10813140118311403, -0.05154773719479601, 0.543840379673545, 0.07808894356328287, 0.636346740262816, 0.5417408648491668, -0.006928126373085097]], "inverted": true, "swapped": true, "error_lsq": 0.04067725073853398, "error_max": 0.2529121066901776, "target": "471.xyz", "model": "4.xyz", "model_rescale": 3.7855080009869324, "target_rescale": 3.8017174142484667},
{"mapping": [13, 1, 9, 2, 6, 12, 14, 10, 8, 5, 7, 16], "R": [[-0.9899197852378339, -0.015927408918691804, 0.1407307231553155], [-0.049093144120157375, -0.8934623140872933, -0.4464470366193247], [0.13284834208630056, -0.44885566828426704, 0.8836740954978852]], "T": [-0.06310725264412465, -0.0008298321366253542, 0.029255594279039232], "aligned_model": [[-0.002571712233518278, -0.5378193664533848, 0.5695177479615762, 0.21538239900536388, -0.5578282126021545, -0.06173978904284036, 0.4702187280227915, 0.2560521922490113, 0.1113495717277595, -0.2815659405768702, -0.45369019857991366, -0.017646331157124856], [0.3830832912201978, -0.5543459849181719, -0.1937761629858826, -0.684051307054078, 0.38871976658090246, -0.2793933668859596, -0.25600496311134907, 0.3569052096491645, 0.6798353744156088, -0.12035923836844745, 0.4355035547802355, -0.02686366808383791], [-0.5821475468128291, -0.17414601978050942, 0.29282976082327533, 0.06717152383983005, -0.1427308877019033, -0.5916032867570692, -0.29960068042249977, 0.5780061411473856, -0.010362166673622525, 0.799380108453127, 0.4966179907998657, 0.017326797222687648]], "inverted": true, "swapped": false, "error_lsq": 0.038860527357429966, "error_max": 0.21985373469407632, "target": "471.xyz", "model": "5.xyz", "model_rescale": 4.2253639853439635, "target_rescale": 3.8017174142484667},
{"mapping": [1, 12, 5, 11, 0, 9, 8, 2, 4, 6, 3, 13], "R": [[-0.9388826491707443, 0.34150527060783303, 0.043284191492921315], [-0.26435615774805515, -0.6347522187471148, -0.7260891423622173], [-0.22048853246101166, -0.6931549400694521, 0.6862368658928956]], "T": [0.018450184321107906, 0.032296591782522206, 0.007150070979988543], "aligned_model": [[0.19614431424268317, -0.5910360127881297, 0.511882765327611, 0.07742471563340245, -0.6448584128773152, -0.12003973512474894, 0.5213804723648032, 0.3144156705269466, 0.012076029289061697, -0.15836741510352295, -0.3968189572813369, -0.012544345888759165], [0.5053508729771483, -0.6746414666378657, -0.18583770616315506, -0.706973221609384, 0.29308435819664774, -0.14752318309228002, -0.2919750318435992, 0.336092789330807, 0.7367495093273884, -0.16181296395743489, 0.3644891328422523, 0.06224941586785758], [-0.5251564433452793, 0.017586620178036916, 0.3383342833327093, 0.24285313943090986, -0.3603742072629475, -0.5594907484649564, -0.42617880536897546, 0.5270384372350698, 0.07509688338998505, 0.5943255004959522, 0.47641452562724823, 0.05029254888998536]], "inverted": false, "swapped": false, "error_lsq": 0.045363994459835986, "error_max": 0.2528885854991075, "target": "471.xyz", "model": "6.xyz", "model_rescale": 3.89814844738969, "target_rescale": 3.8017174142484667},
{"mapping": [3, 9, 2, 5, 8, 6, 0, 4, 7, 10, 11, 12], "R": [[-0.6042882941453793, 0.18771615069396225, 0.7743373323865442], [-0.40914394986041025, 0.7608242113904471, -0.5037338063449054], [-0.6836935613646583, -0.6212158772365258, -0.3829542374981169]], "T": [0.05203095682958686, 0.06527248740019184, 0.03169639334751481], "aligned_model": [[0.07895461209407435, -0.6465391130549007, 0.5093481927345129, -0.02361339572388854, -0.5307096890995233, -0.11059656551851957, 0.5457164735711828, 0.293056224096062, 0.1792056479697411, -0.09130855277767497, -0.5562497987289212, 0.062395052758550715], [0.3729133369204931, -0.48675300538896804, -0.25585186759769774, -0.7033683439518267, 0.2516477504192458, -0.2510965542756083, 0.06265285866659923, 0.3381333089685358, 0.7008959476963388, -0.33367120141787165, 0.4255295071225631, 0.008220768076578983], [-0.7146374201458427, 0.10390159958003865, 0.4667687308874163, -0.04605840283941812, -0.2570324989224412, -0.5434894631126648, -0.29583701803701923, 0.5636264460578749, -0.07358463153596086, 0.6310305081698836, 0.42609437937297046, 0.18995950466290124]], "inverted": true, "swapped": false, "error_lsq": 0.03582918013927998, "error_max": 0.2024660184659903, "target": "471.xyz", "model": "7.xyz", "model_rescale": 3.7474275329858107, "target_rescale": 3.8017174142484667},
{"mapping": [6, 2, 9, 8, 0, 3, 5, 11, 10, 13, 12, 14], "R": [[0.2898740172047759, 0.40835982087511324, -0.8655722447285441], [0.7247912441169313, -0.6842953439324492, -0.08010951706134362], [-0.6250205649424634, -0.6041375166029803, -0.49433506291966345]], "T": [-0.0982746649235659, 0.02250072092063344, 0.09741104474382184], "aligned_model": [[0.1450721906877746, -0.6024370326077559, 0.6249579696327012, 0.1382304340986949, -0.4270360397938779, -0.10833541744227759, 0.4387804066212569, 0.28342994368354163, 0.025841114263691747, -0.3377651265420245, -0.33424930247383133, -0.13683005180719782], [0.35962109276682286, -0.6320121016912353, -0.13349317110431558, -0.6103285492742141, 0.32185681816766315, -0.23612688246648067, -0.1522752202491583, 0.29897725323975277, 0.7670257384480541, -0.20022323822734134, 0.3607576375842532, -0.014526871955418748], [-0.6054902720483042, -0.06390469502623863, 0.2789073313507604, 0.0035879730735150217, -0.38891716034135565, -0.5712780317406134, -0.3430962588710972, 0.5028025523445074, 0.0229722690902964, 0.9347581564649989, 0.5562583478432268, 0.12414152199804214]], "inverted": true, "swapped": false, "error_lsq": 0.04501992586260964, "error_max": 0.2875882871007274, "target": "471.xyz", "model": "8.xyz", "model_rescale": 4.019505241142653, "target_rescale": 3.8017174142484667},
{"mapping": [3, 1, 11, 6, 0, 2, 5, 8, 4, 9, 7, 12], "R": [[-0.943544425686442, -0.2414176093519268, -0.22680708686203555], [-0.23424866404824252, 0.9704192551464306, -0.05842972387972453], [0.23420392854872452, -0.002001783167006558, -0.972185431240613]], "T": [-0.04970561369671786, -0.144813354504442, 0.04630025088176819], "aligned_model": [[0.12805411092815827, -0.6631478706965594, 0.4466500055564948, 0.3061604356165589, -0.47706291374807785, -0.1798820294063655, 0.54463994048857, 0.1369071842567182, 0.04673199915002833, -0.1412468775402079, -0.42667862883129837, -0.011466267453323728], [0.30211218562094067, -0.41450055321562146, -0.24824922020006532, -0.723532819819447, 0.3049386088448136, -0.22787948712097628, 0.026255992459193828, 0.22820588091250077, 0.6681803858186597, -0.23938791145056715, 0.5880770441108439, -0.13496760072189268], [-0.6658232283173734, 0.1315218112336753, 0.40710718667506224, -0.21158533106994276, -0.14795470433789065, -0.5247744207871649, -0.21449346049098655, 0.5774963022931575, -0.08536461256704787, 0.7171325038502905, 0.42092940024626535, 0.04655028740969339]], "inverted": true, "swapped": false, "error_lsq": 0.04776100723896138, "error_max": 0.276846396120756, "target": "471.xyz", "model": "9.xyz", "model_rescale": 3.877068213659057, "target_rescale": 3.8017174142484667},
{"mapping": [11, 1, 3, 5, 8, 0, 12, 13, 10, 4, 2, 15], "R": [[0.9137797528026204, -0.0021763073228951713, 0.4062041691740977], [-0.2695888850417648, 0.7447667599191834, 0.6104459897332607], [-0.3038558810191449, -0.6673213146647711, 0.6799660775098721]], "T": [0.0004911986052670257, 0.1376660817075848, 0.12970500449149186], "aligned_model": [[0.007577646471222301, -0.4601692883127293, 0.3718892975836878, 0.1170308743211787, -0.6587483532459912, -0.10616739433494526, 0.4915455991513703, 0.2817117615976648, 0.29525129036747555, -0.21747990451009025, -0.4060235588827178, -0.006758881885430036], [0.32791593871922514, -0.5781482632973636, -0.2841802811470965, -0.6205103987568047, 0.24597750802459514, -0.2462042096077839, -0.13912353537396702, 0.4507746005339869, 0.7000100080959911, -0.25252491132453014, 0.4305174692191063, 0.09474858015302376], [-0.5833237820433841, -0.038545848347494416, 0.4244429235818543, -0.02056931366431075, -0.2562934203915965, -0.5595217939074522, -0.3606502741521517, 0.7781774760369284, -0.18667542508385881, 0.6379670106539213, 0.5648362200191379, 0.050897961436145]], "inverted": false, "swapped": false, "error_lsq": 0.03776965592469458, "error_max": 0.21576392932805266, "target": "471.xyz", "model": "10.xyz", "model_rescale": 4.260839863003843, "target_rescale": 3.8017174142484667},
{"mapping": [9, 7, 3, 1, 10, 8, 2, 5, 4, 0, 6, 11], "R": [[-0.8211451798969062, -0.5397436649008724, -0.18546527904557444], [-0.5706549278513302, 0.7813731232000368, 0.25260442525738447], [0.008575946074407648, 0.31326158165340856, -0.9496281559689214]], "T": [-0.026700435737933976, 0.0077312069218307446, -0.0052146291222506455], "aligned_model": [[0.01235137918841404, -0.5664926431316015, 0.5169246879309838, 0.20952616306092414, -0.4861246980851637, -0.16713843975613205, 0.5814048711591222, 0.11736187932782251, 0.33786599399197165, -0.291577765300957, -0.5107341837494579, -0.043708156315230506], [0.4110570609179535, -0.3545415016220169, -0.11883013231104295, -0.6739502222399831, 0.4077551002567958, -0.26948131080865984, -0.1529508750397379, 0.47278803014572984, 0.6209237316242597, -0.4029907678323498, 0.23867845923584582, -0.04920506708841173], [-0.6918997625032406, 0.07838254046872098, 0.43329081410542725, 0.047397786685446815, -0.15435893498084252, -0.6525505497227145, -0.2786123803960717, 0.4633780541312202, -0.17010581919701534, 0.7236075228411869, 0.6394791214979574, 0.012733341207663514]], "inverted": false, "swapped": false, "error_lsq": 0.04662702278015473, "error_max": 0.23950367003826956, "target": "471.xyz", "model": "11.xyz", "model_rescale": 3.890672605050136, "target_rescale": 3.8017174142484667},
{"mapping": [10, 1, 5, 6, 4, 11, 9, 7, 12, 8, 3, 13], "R": [[0.8124873853050198, 0.06389038160417093, -0.5794672275967689], [-0.57276017825448, -0.09780651116797218, -0.8138671049864625], [-0.10867394778008418, 0.993152508687172, -0.04287269016832025]], "T": [-0.08273983803924678, -0.1252361611149223, -0.009759558044982429], "aligned_model": [[0.031335263214847364, -0.7035539917566493, 0.5910853469207056, -0.00902679073852991, -0.5336173879306905, -0.05059960120563865, 0.642538073419535, 0.15300971317512702, 0.32434030389311, -0.07361161565866454, -0.5845297749083473, -0.07771045010410906], [0.45842487406502075, -0.5791702645411873, 0.05594260540237056, -0.6948518374910395, 0.40189250539482757, -0.25038435048029795, -0.2998635598989603, 0.5167236565188255, 0.49193279624982056, -0.2924487866015069, 0.2835239291934148, 0.03753093742709479], [-0.6774924175996905, -0.12736868473579832, 0.3339060592518572, 0.0367454075584684, -0.10926758672952075, -0.5446119673787161, -0.23179027385995576, 0.49942990759847317, -0.10206547797821872, 0.6910597191386485, 0.6491677549646238, 0.03302929390756746]], "inverted": true, "swapped": false, "error_lsq": 0.05405474416113353, "error_max": 0.2874980508372485, "target": "471.xyz", "model": "12.xyz", "model_rescale": 4.124412569039231, "target_rescale": 3.8017174142484667},
{"mapping": [2, 0, 7, 5, 1, 4, 10, 9, 8, 3, 6, 12], "R": [[-0.58318977693613, 0.17475246249135987, 0.7933166208585276], [0.08503897713618938, -0.9580875211178752, 0.2735629255689374], [0.8078725496294683, 0.22700193552349107, 0.5438860770637278]], "T": [-0.021428218883845603, -0.0327948029825805, 0.1209764233967171], "aligned_model": [[0.05086338412950825, -0.43933099879080667, 0.4951633921972922, 0.16537555474254906, -0.6489918465398495, -0.13701604732569345, 0.594597994602961, 0.2805756768232437, 0.04188431309022099, -0.3725860163822075, -0.37147133221144907, 0.05059501398492634], [0.38337771205827575, -0.43437275886569005, -0.3117441822131517, -0.7529927404371202, 0.354145490756831, -0.32853167043238807, -0.01679666369920068, 0.281736503522118, 0.6737138906860369, -0.15589059389690813, 0.4514890810057526, -0.01488156324617287], [-0.6300028542849303, 0.09165398678577455, 0.34097193631349804, -0.021027661464874947, -0.22442971614458762, -0.5983673156436667, -0.28505982638165905, 0.588421581898312, 0.012656942396579898, 0.7294901892896527, 0.42189460713637233, 0.02453986423726709]], "inverted": true, "swapped": false, "error_lsq": 0.039794001056583796, "error_max": 0.21904578214323583, "target": "471.xyz", "model": "13.xyz", "model_rescale": 3.9028299243045295, "target_rescale": 3.8017174142484667},
{"mapping": [0, 13, 1, 12, 4, 5, 2, 6, 3, 11, 7, 15], "R": [[-0.22616377881018362, 0.21835706349494374, -0.949299814587659], [-0.7800044272630778, -0.6243482213175665, 0.04221838447393367], [-0.5834749682756718, 0.7500063275462789, 0.3115244292768187]], "T": [-0.05060011381721792, -0.02081258762635981, 0.035700912292976894], "aligned_model": [[0.13812384119737275, -0.5751236879237309, 0.45389365528238007, 0.0320834804412518, -0.4514010409300874, -0.327205703054727, 0.6356364287750922, 0.280287683372101, 0.10277365305927076, 0.04925080594695136, -0.5394910456778664, -0.08916898216731259], [0.3819789983658949, -0.6120113159575219, -0.18014560853410097, -0.710673183245761, 0.38282023870203236, -0.2330900802233747, -0.00035823834494717183, 0.3475735538420569, 0.5771287928593242, -0.4551162796783195, 0.6029862272775018, 0.02815940017559756], [-0.663840806478837, -0.053800124691965656, 0.4129246935301902, -0.0029781623214946776, -0.3328129032123946, -0.33917166311691804, -0.23040206920518463, 0.4820339479227058, -0.05166062601274424, 0.6249943750347692, 0.4744361982070856, 0.13101887448252633]], "inverted": false, "swapped": false, "error_lsq": 0.04589114584910379, "error_max": 0.31659710655382056, "target": "471.xyz", "model": "14.xyz", "model_rescale": 3.942246331269136, "target_rescale": 3.8017174142484667},
{"mapping": [9, 8, 4, 11, 2, 6, 10, 3, 5, 12, 1, 14], "R": [[-0.9513517700253677, 0.13896399659801034, -0.2749887585322495], [-0.2429800885181455, 0.2103993974140157, 0.9469386306152755], [0.1894478457341593, 0.9676885352309011, -0.16639835494787475]], "T": [-0.024297909314598503, -0.04575492286739994, 0.029954075917003952], "aligned_model": [[0.1107519617195269, -0.5679468383280719, 0.499353742844286, 0.17845642938506034, -0.5105753692219267, -0.08381290708026307, 0.6076781750486563, 0.24290607813301932, -0.056005637675179645, -0.2704915577492188, -0.3298515998420539, -0.11080338891313922], [0.26630657168631894, -0.5744377364071092, -0.16958011215663513, -0.7232020377634406, 0.48326182322840433, -0.3375218361545646, -0.07982354961177893, 0.3460810713560822, 0.5877512621161625, -0.11776170493315183, 0.4584113001540489, -0.01023254627595424], [-0.6998003088474363, -0.12425763225728341, 0.2625916623284873, -0.08865076932147979, -0.22757928692317314, -0.4434584531633468, -0.29935743846990903, 0.5699675139198328, 0.05102756017799384, 0.806021063341243, 0.585917022119318, 0.058320801233491884]], "inverted": true, "swapped": false, "error_lsq": 0.04297883794207946, "error_max": 0.24782839419611943, "target": "471.xyz", "model": "15.xyz", "model_rescale": 4.355366556412066, "target_rescale": 3.8017174142484667},
{"mapping": [7, 4, 8, 6, 5, 3, 10, 1, 9, 2, 0, 11], "R": [[0.8526160667358964, 0.5165636081049578, -0.07879011058119596], [0.240560275543886, -0.254175610757107, 0.9367633173467572], [0.46387131467041504, -0.8176532258102082, -0.3409788934055914]], "T": [0.00021509601581929522, 0.062097143113336105, 0.03833018796311066], "aligned_model": [[0.12553353474303536, -0.5765219435938918, 0.5375761619946378, 0.11683430536373246, -0.5017975985420858, -0.2265761483725536, 0.5909111180024418, 0.21992296519479793, 0.12465584773566005, -0.11870180109379472, -0.5343329846579408, -0.04784436845334292], [0.37076726615214123, -0.44110379823046103, -0.28536544273963493, -0.7358347849887941, 0.3733417116083194, -0.1877590003432684, -0.058365874641798675, 0.3281932778750263, 0.7868069571476497, -0.26717616336695554, 0.3002086814435684, -0.05446032467741025], [-0.7920186326164929, 0.13048728703684587, 0.4596957679709776, -0.1222953427777855, -0.22026206830548178, -0.5248346616900592, -0.1455248352258, 0.45727954372168983, -0.057907486498422395, 0.7987006654057578, 0.44017008561944665, 0.02725141149706209]], "inverted": false, "swapped": false, "error_lsq": 0.03988779783777006, "error_max": 0.20775008587461635, "target": "471.xyz", "model": "16.xyz", "model_rescale": 3.795458400668931, "target_rescale": 3.8017174142484667},
{"mapping": [3, 9, 2, 5, 8, 6, 0, 4, 7, 10, 11, 12], "R": [[-0.6042882941453793, 0.18771615069396225, 0.7743373323865442], [-0.40914394986041025, 0.7608242113904471, -0.5037338063449054], [-0.6836935613646583, -0.6212158772365258, -0.3829542374981169]], "T": [0.05203095682958686, 0.06527248740019184, 0.03169639334751481], "aligned_model": [[0.07895461209407435, -0.6465391130549007, 0.5093481927345129, -0.02361339572388854, -0.5307096890995233, -0.11059656551851957, 0.5457164735711828, 0.293056224096062, 0.1792056479697411, -0.09130855277767497, -0.5562497987289212, 0.062395052758550715], [0.3729133369204931, -0.48675300538896804, -0.25585186759769774, -0.7033683439518267, 0.2516477504192458, -0.2510965542756083, 0.06265285866659923, 0.3381333089685358, 0.7008959476963388, -0.33367120141787165, 0.4255295071225631, 0.008220768076578983], [-0.7146374201458427, 0.10390159958003865, 0.4667687308874163, -0.04605840283941812, -0.2570324989224412, -0.5434894631126648, -0.29583701803701923, 0.5636264460578749, -0.07358463153596086, 0.6310305081698836, 0.42609437937297046, 0.18995950466290124]], "inverted": true, "swapped": false, "error_lsq": 0.03582918013927998, "error_max": 0.2024660184659903, "target": "471.xyz", "model": "17.xyz", "model_rescale": 3.7474275329858107, "target_rescale": 3.8017174142484667},
{"mapping": [12, 4, 3, 8, 9, 5, 10, 1, 7, 0, 2, 13], "R": [[-0.8125318091735092, 0.31026721191473006, -0.49348385616135826], [0.288705717641485, 0.9496500915106043, 0.1217115947435414], [0.5064001063214137, -0.043577068563189596, -0.8611968250133648]], "T": [0.023639443476893757, 0.07448317099075451, 0.04409455084754151], "aligned_model": [[0.0379552850304872, -0.5568901186913228, 0.5842397056385674, 0.12667743905841236, -0.5217157863169227, -0.08401142099086367, 0.4915385098786553, 0.29770157390734886, 0.08311373950969435, -0.30228701735503394, -0.3982291690753744, -0.04843365227295261], [0.3861357998967372, -0.5098833901530192, -0.19207837454485294, -0.6332470389359365, 0.263239161084221, -0.2772334463022441, -0.2233253795000456, 0.30654687854204116, 0.8203398496947939, -0.288666667676096, 0.39996855915060575, 0.07745655398217781], [-0.6355411007262278, -0.059476543992595284, 0.31843279064499524, 0.11727632892353995, -0.29455425750182224, -0.5787430276346889, -0.36678243972066366, 0.6353261476952978, -0.0429680988954979, 0.7230912574571416, 0.5130496229464983, 0.12163105494176107]], "inverted": false, "swapped": false, "error_lsq": 0.03246631542911896, "error_max": 0.14843488435554825, "target": "471.xyz", "model": "18.xyz", "model_rescale": 3.922800546911778, "target_rescale": 3.8017174142484667},
{"mapping": [9, 5, 13, 12, 2, 3, 7, 4, 10, 8, 6, 14], "R": [[-0.5019851358463844, -0.027016589471972996, -0.8644541788218678], [-0.7525379474079996, 0.5062600876013483, 0.4211737900354553], [0.42625996891596757, 0.861957555564761, -0.27446604763536847]], "T": [-0.12137922144346, -0.010795400063472424, 0.08661227695392809], "aligned_model": [[0.09001561454531906, -0.5560511989510022, 0.47196816107035944, 0.13535857963347028, -0.38686467959197646, -0.12157306714385088, 0.492402685675398, 0.2197309201481671, 0.006802144596676357, -0.21726239922665042, -0.36991279400790333, -0.05495487842731156], [0.40298289382095354, -0.6374638762276447, -0.18526951157799718, -0.7436256185944407, 0.44278652278818625, -0.3039267694200334, -0.1992063474785245, 0.4214989665158852, 0.7847328013320282, -0.24195435263489623, 0.4135450421144197, -0.02484724539955383], [-0.581850835523009, 0.11628740353279758, 0.38546243153879955, -0.03852611392812336, -0.40012160676658126, -0.4819149486985442, -0.38876557743808626, 0.5563277131695767, 0.05048658737116282, 0.6449693391335858, 0.5702795431129448, 0.018107798633215183]], "inverted": true, "swapped": false, "error_lsq": 0.035858222742136354, "error_max": 0.24483766714973057, "target": "471.xyz", "model": "19.xyz", "model_rescale": 3.9282355846067225, "target_rescale": 3.8017174142484667},
{"mapping": [2, 6, 0, 3, 7, 5, 1, 11, 10, 4, 9, 13], "R": [[-0.49251440445377115, -0.8667258524413212, 0.07884071356483435], [0.5059535887134768, -0.21143862947492903, 0.8362443853525818], [-0.7081246553210112, 0.451752147394596, 0.5426596261478002]], "T": [-0.2143983954016811, 0.029909757595705855, 0.0962529598812083], "aligned_model": [[0.08812863218415856, -0.6061659489765046, 0.5347448751531767, 0.16694830379306225, -0.6109778557869898, -0.176434909903046, 0.42342355771016466, 0.1705523388687344, 0.28669072294452663, -0.048677815938687, -0.45716075074899304, -0.06141206097890653], [0.3009643092620346, -0.46322719026656967, -0.10012222505415175, -0.61619119958646, 0.2802703923307285, -0.36166742984753975, -0.11834855701872843, 0.26722330111122583, 0.7223223814659774, -0.32708245475441006, 0.4956730938276631, 0.049438083768612515], [-0.6204917910314997, -0.07746574572109935, 0.34539756019868795, 0.037233325155806685, -0.3137983302706414, -0.48073597614046626, -0.268031852570382, 0.6520032505466562, -0.011954261557894641, 0.5906830305723337, 0.5463149319318213, 0.051587593024415276]], "inverted": false, "swapped": false, "error_lsq": 0.0398113134942043, "error_max": 0.20099483921252578, "target": "471.xyz", "model": "20.xyz", "model_rescale": 4.067790424073018, "target_rescale": 3.8017174142484667},
{"mapping": [3, 10, 5, 13, 12, 11, 6, 8, 0, 1, 7, 14], "R": [[0.9428303486924732, 0.276058951962433, 0.18671472525173907], [-0.2601356016588128, 0.2593785204429801, 0.9300818522487244], [0.20832763219034775, -0.9254805444601273, 0.31636270243464154]], "T": [0.08725984257241154, 0.06650665818604806, 0.03463520650059926], "aligned_model": [[0.06180627012482207, -0.5114087431648946, 0.41241130410658067, 0.0252402341200407, -0.5527017087461445, -0.10045704802994809, 0.6571667514418864, 0.2450192189493986, 0.003694658399853362, -0.2713183469682157, -0.2812503388181875, 0.021456836905504234], [0.4118000961132764, -0.49271067631138155, -0.24493769985112135, -0.6302388062181745, 0.19575570260168457, -0.2510455395070472, -0.10397570024035013, 0.25182840993504374, 0.7709805536771783, -0.22786506188501576, 0.42450307937883314, 0.025158147545457032], [-0.7424552477097651, 0.04723357157517083, 0.41640091968984705, 0.06332023877801829, -0.3663108799615073, -0.4963593553378578, -0.4054770330288015, 0.5503247683678928, 0.06915216011353023, 0.7114454263458584, 0.575655322423669, 0.027811842881683507]], "inverted": true, "swapped": false, "error_lsq": 0.03681841955378993, "error_max": 0.20775433278255018, "target": "471.xyz", "model": "21.xyz", "model_rescale": 4.186013935880536, "target_rescale": 3.8017174142484667},
{"mapping": [4, 5, 1, 0, 11, 6, 7, 9, 10, 2, 8, 12], "R": [[-0.9569942652865836, -0.056247699534356224, -0.28460177881679716], [-0.2609660825148401, 0.5954353936365729, 0.7598377430621075], [0.12672284713282767, 0.8014317739533119, -0.5845069988568125]], "T": [-0.0668884613641485, 0.006554961983758781, 0.018080019018475443], "aligned_model": [[-0.01352682633954111, -0.6451407234181072, 0.516768391767007, 0.1379169542200055, -0.5433756839311541, 0.01992773690731771, 0.606890734110936, 0.1394041306153319, 0.3740246674591681, -0.33267962730279493, -0.45896990874585347, -0.09158075702161958], [0.3328433405976592, -0.5054260783844834, -0.2685634841416628, -0.6845703848306476, 0.40800516447364654, -0.2860142908685593, 0.050768680733229925, 0.45037104354534513, 0.6800426644924806, -0.35891872395854635, 0.30137325459497527, 0.009341318984944943], [-0.628684682134485, 0.06322990105362875, 0.36272150567804223, 0.06486610396303805, -0.08566794656672663, -0.4474508918997153, -0.26895740484842, 0.40007663219722994, -0.2017138845335168, 0.6058582457823729, 0.6071661278892334, -0.02070197244294342]], "inverted": false, "swapped": false, "error_lsq": 0.04906639483451863, "error_max": 0.27136244671380855, "target": "471.xyz", "model": "22.xyz", "model_rescale": 4.166573947596378, "target_rescale": 3.8017174142484667},
{"mapping": [6, 0, 3, 4, 5, 1, 2, 9, 12, 8, 10, 15], "R": [[0.8400521580730814, -0.4202569183739348, -0.3430692266520021], [0.541886854310464, 0.6198166076598094, 0.5676143144729491], [-0.025903838369416815, -0.6627303338673507, 0.7484099783740202]], "T": [0.021836637654975295, 0.14873500569092032, 0.12639505694478503], "aligned_model": [[0.09939088862565573, -0.47609405745576194, 0.5055856456110966, 0.10638427291701102, -0.6607050893118825, -0.15884590196237278, 0.40947913204228736, 0.24247975336737543, 0.3287445040684846, -0.12474462222828386, -0.5519698358933756, -0.010045601459538235], [0.3211441713604989, -0.4749189545324518, -0.17393863345331753, -0.5809559433701573, 0.2249119703293237, -0.202522759806417, -0.14852377395828756, 0.27478961404381186, 0.6914470484445276, -0.3927480484786041, 0.46326990698099846, 0.12729790767845708], [-0.6107399711988791, -0.04645321062610233, 0.27902294403933614, 0.11038476042862622, -0.34200204190289624, -0.46696053873320686, -0.33640052822834304, 0.6703399231617737, -0.0752297317418526, 0.708966234157893, 0.4907508718956721, 0.06906302288571722]], "inverted": false, "swapped": false, "error_lsq": 0.04181686793151501, "error_max": 0.1860736272085383, "target": "471.xyz", "model": "23.xyz", "model_rescale": 4.274766983524099, "target_rescale": 3.8017174142484667},
{"mapping": [8, 7, 10, 4, 9, 1, 5, 3, 6, 2, 11], "R": [[0.9351326944669714, 0.2116197504935493, -0.2841547552654887], [0.27676483471590846, 0.06440418216570079, 0.9587769957525281], [0.2211969032414734, -0.9752277593058021, 0.0016575511355845147]], "T": [0.009265487385052687, -0.0057661987883363824, 0.01727017518057617], "aligned_model": [[0.3052239149340938, 0.19776107759401146, -0.4738964793891223, -0.3742495352621333, -0.45731766143897307, -0.6633783976602441, -0.01924633955611961, -0.01621302410200195, 0.6148302645280502, 0.3046086861801007, -0.03822780186958717], [0.02186829214336418, 0.6463378959084797, 0.42846265402680583, -0.4140416986076386, 0.578732315885075, -0.19223527722423006, -0.5398424106234141, -0.018993654216634032, -0.1488300595875408, 0.5037623528976392, 0.05036612064157683], [-0.619754479377087, -0.298934489930445, -0.5243255671613279, -0.43345848708537166, 0.2651008681350597, 0.4521148568105318, 0.1930955483004842, 0.7139391180950306, 0.2783258163861794, 0.32152585128015243, 0.03193739856837107]], "inverted": false, "swapped": true, "error_lsq": 0.04610080223783488, "error_max": 0.25250599048221156, "target": "471.xyz", "model": "24.xyz", "model_rescale": 3.7841303162186577, "target_rescale": 3.8017174142484667},
{"mapping": [2, 13, 6, 3, 9, 5, 4, 7, 8, 11, 10, 15], "R": [[0.42304942769334997, -0.8083133943783025, -0.4094614001306542], [-0.4589736073203296, 0.19846817686945195, -0.8659986204108409], [0.7812633419735583, 0.5542921966244362, -0.28703266582318565]], "T": [-0.045526256523900736, 0.1617787195836804, 0.084071895323617], "aligned_model": [[-0.008145293268690165, -0.5119511272754962, 0.4730942404522922, 0.12615937393061327, -0.4871704954370169, 0.008688938710185341, 0.529061155375873, 0.11231976080533049, 0.16963876499432728, -0.16733813424232324, -0.5310967240581843, -0.003601371666214742], [0.29881467789775534, -0.46255381917436333, -0.2804236099972703, -0.612669241713008, 0.39901882158132396, -0.32303402701572304, -0.0954225046884869, 0.26911720802142136, 0.6411391169171559, -0.3254958034598482, 0.5114363962997454, 0.10932529056968013], [-0.6566148384864854, 0.15231204672536722, 0.3238975237964218, -0.05648516487611188, -0.2172721087068691, -0.6448698436268672, -0.316429264696642, 0.7056574838095956, -0.1868070566497986, 0.6647206487039199, 0.5812800362960467, 0.10135227184916135]], "inverted": false, "swapped": false, "error_lsq": 0.04306567313175674, "error_max": 0.251428306845587, "target": "471.xyz", "model": "25.xyz", "model_rescale": 4.19342608120988, "target_rescale": 3.8017174142484667},
{"mapping": [7, 4, 8, 6, 5, 3, 10, 1, 9, 2, 0, 11], "R": [[0.8526160667358964, 0.5165636081049578, -0.07879011058119596], [0.240560275543886, -0.254175610757107, 0.9367633173467572], [0.46387131467041504, -0.8176532258102082, -0.3409788934055914]], "T": [0.00021509601581929522, 0.062097143113336105, 0.03833018796311066], "aligned_model": [[0.12553353474303536, -0.5765219435938918, 0.5375761619946378, 0.11683430536373246, -0.5017975985420858, -0.2265761483725536, 0.5909111180024418, 0.21992296519479793, 0.12465584773566005, -0.11870180109379472, -0.5343329846579408, -0.04784436845334292], [0.37076726615214123, -0.44110379823046103, -0.28536544273963493, -0.7358347849887941, 0.3733417116083194, -0.1877590003432684, -0.058365874641798675, 0.3281932778750263, 0.7868069571476497, -0.26717616336695554, 0.3002086814435684, -0.05446032467741025], [-0.7920186326164929, 0.13048728703684587, 0.4596957679709776, -0.1222953427777855, -0.22026206830548178, -0.5248346616900592, -0.1455248352258, 0.45727954372168983, -0.057907486498422395, 0.7987006654057578, 0.44017008561944665, 0.02725141149706209]], "inverted": false, "swapped": false, "error_lsq": 0.03988779783777006, "error_max": 0.20775008587461635, "target": "471.xyz", "model": "26.xyz", "model_rescale": 3.795458400668931, "target_rescale": 3.8017174142484667},
{"mapping": [4, 0, 5, 7, 9, 3, 10, 8, 11, 6, 1, 12], "R": [[0.8373102103481083, -0.44219326226158, -0.3215225193625926], [-0.5458239775271159, -0.7099026246197744, -0.4451004932758832], [-0.031429241213965425, 0.5481818880339058, -0.8357684011903639]], "T": [-0.13529452161611383, 0.1414217851162524, 0.036150942826235724], "aligned_model": [[0.19374821488912292, -0.6310986578886125, 0.4247525347026459, 0.18257064017921465, -0.42716792467820996, -0.3174561810588189, 0.47826114648839985, 0.16488136538942783, 0.2925930169300378, -0.06577094351170665, -0.5110540130800724, -0.07460011004073298], [0.33632787448175705, -0.5259927452241647, -0.2044733000573419, -0.5923478892965457, 0.3496278866734459, -0.3061552035080256, -0.03839503074141795, 0.4238807799629384, 0.6933014887115093, -0.20685546332148316, 0.21295483700542692, -0.01262072944771589], [-0.7072235768594853, 0.033102133472357145, 0.40161551380634936, -0.1079042634607366, -0.20014215054450823, -0.522032295842716, -0.27833559644192535, 0.6368697316091475, -0.11849587689490011, 0.7811720096317768, 0.48785991729253647, 0.04425618836984309]], "inverted": true, "swapped": false, "error_lsq": 0.04553998311154241, "error_max": 0.2565444114729079, "target": "471.xyz", "model": "27.xyz", "model_rescale": 3.6321398670334006, "target_rescale": 3.8017174142484667},
{"mapping": [10, 7, 6, 12, 0, 8, 9, 13, 11, 4, 1, 14], "R": [[-0.49813399425400073, -0.1711901462396271, 0.8500332097036036], [0.8038063990985983, 0.2764990908324441, 0.5267290817270079], [-0.3252042381899417, 0.9456437947764937, -0.00012986151392807566]], "T": [-0.13576509736133077, 0.06467828773298753, -0.006737512386799031], "aligned_model": [[0.07623299237733475, -0.5007626181339673, 0.38011363003587795, 0.17465980490905822, -0.45986025847049483, -0.24024667114235193, 0.5127841796006687, 0.4380630559511528, 0.15367058578270623, -0.2802165912814193, -0.422260760901053, -0.12251826040681665], [0.29971532390453015, -0.6163196269894623, -0.2666337927107497, -0.6920509605588214, 0.4668808580908286, -0.25613869682330404, 0.0784219435937685, 0.40879691965187437, 0.6299304456642442, -0.2948973027159886, 0.2744956104252616, 0.09705178370620121], [-0.7170093156927307, 0.05576075940819028, 0.47076524269619047, -0.12718233664289846, -0.3568904977560764, -0.39813204346127934, -0.16725887699561767, 0.46100274624646065, -0.10287709682378027, 0.7255919305666823, 0.5599759266787354, 0.04699529591386208]], "inverted": true, "swapped": false, "error_lsq": 0.04500825914919715, "error_max": 0.26645410570992606, "target": "471.xyz", "model": "28.xyz", "model_rescale": 4.156811204709835, "target_rescale": 3.8017174142484667},
{"mapping": [0, 4, 5, 1, 10, 8, 6, 7, 9, 11], "R": [[-0.7264975842112459, -0.6619502008636597, 0.18445376578368988], [0.6866868312367818, -0.6892903489541885, 0.2309545640263484], [-0.025738219464666492, 0.29444990476339716, 0.9553202592029623]], "T": [-0.1348445803363399, 0.12267433779235912, -0.0611360790095503], "aligned_model": [[-0.5823755617905337, 0.008148149644730956, 0.011020884446688195, 0.6750457745870333, -0.005380490728243037, -0.7037865121571973, -0.5265989164621723, -0.4961911635247397, 0.3531165535853319, -0.09007334349031026], [-0.2664578831438038, -0.5639821806422616, 0.05930732539593847, 0.12307517799449005, -0.3725379257280875, -0.2649481012786328, 0.5461806866217406, 0.18252378521030588, 0.34063935666130307, 0.13492008953521184], [-0.6064774973917634, -0.21920216708864926, -0.6012034582132642, -0.20392215246436723, 0.6121617707107825, 0.08102365293051576, -0.4111316904336162, 0.5920120041602512, 0.5177797897689826, -0.002253525003772683]], "inverted": false, "swapped": true, "error_lsq": 0.050930876554926986, "error_max": 0.24413483681867926, "target": "471.xyz", "model": "29.xyz", "model_rescale": 4.117894457231895, "target_rescale": 3.8017174142484667},
