[{"mapping": [0, 2, 3, 8, 9, 5, 7, 6, 13, 10, 11, 12, 1, 15], "R": [[-0.04704238374805189, -0.9985440094274887, 0.02639839706832614], [0.2523843325537076, 0.013688417178145146, 0.9675302454789603], [-0.9664828828348286, 0.05217747092024533, 0.2513729275710621]], "T": [0.0663314379418882, 0.063879313367744, 0.08428396707340638], "aligned_model": [[0.0862547312877507, 0.20737089671558684, -0.5603126732700111, -0.40685208463217426, -0.597321455824837, 0.03162481246113531, -0.5768204381653621, -0.07473956111477392, -0.33894580378581785, 0.09886876152902803, 0.6248557189210672, 0.1246464866787155, 0.7584530852989173, -0.005590374970921089], [-0.650322809785247, -0.310470258771832, -0.39820523171119343, -0.3535828423522735, 0.1970420287987364, 0.23856220189145438, 0.16734226560987467, 0.4806826203335633, 0.7536789276983819, -0.01770579923518245, 0.5157947567880046, 0.7252669621013413, -0.2263188868651359, 0.11350939730954246], [0.10516734120056079, -0.42652684452821354, 0.40673744101084663, -0.2225025856179992, 0.5400670896359973, -0.6287942569055361, 0.0017819928560543624, 0.6399243820144749, 0.19779411025481236, 0.8217790426999734, 0.3341995343780845, -0.2027419837709162, 0.2145175686242423, 0.11618525532745222]], "inverted": false, "swapped": true, "error_lsq": 0.04096874749144875, "error_max": 0.25517589483556896, "target": "473.xyz", "model": "0.xyz", "model_rescale": 3.8414455957264533, "target_rescale": 4.231676747621454},
{"mapping": [4, 12, 8, 14, 5, 7, 3, 2, 10, 0, 9, 11, 6, 1, 15], "R": [[0.7732911316081832, -0.5840437720080602, 0.2468070058866484], [0.629385030043011, 0.6599229918726157, -0.4103366042112908], [0.07678092037670149, 0.472646291825602, 0.8779010041511596]], "T": [-0.03907976842799093, 0.0781392203891579, -0.0008945614021245371], "aligned_model": [[-0.5724361990332492, -0.5585303019632034, 0.1809721609456762, -0.2658611541151703, -0.6047099840640278, 0.21366925004390702, 0.7353080531115769, -0.3233028574574235, 0.5055721075770769, 0.26906972628700293, 0.5976697247405174, -0.361737898791144, 0.2591662579496095, -0.20521599593671236, 0.0024112642101087253], [0.30374208923307755, 0.07615273893174011, -0.5561564508194453, -0.49593647882894387, -0.38886607407532836, -0.40383001158733367, -0.2477133940241969, -0.2548143594406381, 0.5814893720477486, -0.057435422587042276, -0.04694197286064865, 0.7415148823889885, 0.45114811866887394, 0.5838853504903165, 0.060806140505846484], [0.16992228600673762, -0.5042685380497303, 0.20292260242671697, -0.673945063705794, -0.047453438212886494, -0.3682895628190962, 0.06486855366146352, 0.47797553129782444, -0.04097888985497274, 0.629645786821278, -0.49567785239289885, -0.1865264369060348, -0.5246081890102804, 0.5439244607771531, -0.0823294626999447]], "inverted": true, "swapped": true, "error_lsq": 0.042890509135608414, "error_max": 0.23596180623624372, "target": "473.xyz", "model": "1.xyz", "model_rescale": 4.316132596720782, "target_rescale": 4.231676747621454},
{"mapping": [1, 0, 10, 12, 11, 4, 13, 5, 9, 2, 7, 15], "R": [[-0.2873613869410301, 0.716032816403694, -0.6361764213866479], [0.7227099153845924, 0.5979716488706712, 0.3465837349785567], [0.6285807915456241, -0.36017622489537654, -0.6893179785265955]], "T": [0.03347553939931867, -0.03415435680379935, -0.01900977563343952], "aligned_model": [[-0.2466180470540116, 0.5068092159179877, 0.17987910839701535, -0.5015311574815007, -0.6354223467235347, -0.4751671815776195, -0.12566632145772874, -0.17072407043206653, 0.4905634121789073, 0.10680794894402679, 0.4124545393275389, 0.05642345459276658], [-0.6927960667217091, -0.43427189356517915, -0.5251662170117826, 0.44393330941457604, -0.28885084660316157, -0.14601798968516816, 0.5148299702038489, 0.49300254112702274, 0.18420770537229708, -0.02239609360680469, 0.4681313373888912, 0.018170671428149605], [0.24165637467310663, 0.3370504904708339, -0.5566780215973561, -0.11076042122879602, -0.27657539300214057, 0.28646238658932366, -0.5901908152531848, 0.4506787799189329, -0.6587709915248394, 0.625537753489374, -0.20673162571879006, -0.09242005560704326]], "inverted": false, "swapped": true, "error_lsq": 0.04929178453953276, "error_max": 0.29007006729698614, "target": "473.xyz", "model": "2.xyz", "model_rescale": 3.795458400668931, "target_rescale": 4.231676747621454},
{"mapping": [10, 0, 1, 5, 6, 12, 2, 9, 8, 14, 11, 15], "R": [[0.18669040972588744, 0.9430835727025002, 0.2752091310532201], [0.17316666740833347, -0.30733759469007815, 0.9357119792910684], [0.9670367088249918, -0.1270314047344413, -0.22068762084929622]], "T": [-0.002622841318228958, -0.024476162774514722, 0.05300423788078994], "aligned_model": [[-0.10569224946622749, -0.25575506380354696, -0.7582232848369049, 0.1313555872046987, 0.23196740015178938, 0.17599231406424637, -0.22611213407204273, 0.638524820910447, 0.32651363640561437, 0.752786407967275, -0.3974843998463913, 0.07943079106460739], [-0.05282342980367463, -0.6917476318864026, -0.06805195747271062, 0.09239590090901767, 0.35249212804109864, 0.6044106760971745, -0.35902041204888036, -0.0896998512382059, -0.5878505521279486, 0.2887513363405555, 0.5961069829298856, 0.0008058555498002933], [-0.681969859726793, 0.013122035110302535, -0.03288686178799362, 0.7661591413408236, -0.49946713740933674, 0.3625460499616303, 0.5620131745834946, -0.4475766973142135, 0.31102315745543335, 0.4594954233574267, -0.1408917138319784, 0.01720471890030402]], "inverted": false, "swapped": true, "error_lsq": 0.04070950094868996, "error_max": 0.20321229193539322, "target": "473.xyz", "model": "3.xyz", "model_rescale": 3.7530521520055578, "target_rescale": 4.231676747621454},
{"mapping": [14, 3, 8, 0, 5, 10, 12, 6, 11, 1, 15], "R": [[-0.3205117898757248, 0.43104371519109874, 0.8434888903506166], [0.9182410337031881, 0.3600466811519569, 0.16492359265781814], [-0.23260609745739694, 0.8273860664681973, -0.5112012328231652]], "T": [-0.001672292444437097, -0.03855834107652612, 0.03810390210730112], "aligned_model": [[-0.40333355461980536, -0.08104154984202719, 0.28869858770408763, 0.5240941142114436, 0.24334791476339288, -0.32983065898337816, -0.312685331205396, -0.6684496977548869, -0.2530774605591749, 0.4145648310221349, -0.0840875922911854], [-0.8498943722968305, 0.16164820832543986, -0.3154202463390803, 0.26965378122129413, -0.7114747497387327, 0.61680233112452, -0.5148341063458808, 0.19972417613213922, 0.2116034830732122, 0.45988067985591047, -0.06048582669764512], [-0.08186175501817396, -0.776634749442014, -0.537506663972265, -0.3353833117966781, 0.20347566487592283, -0.08201383347229248, 0.48492651613034615, 0.06959402672656163, 0.7110446382865983, 0.4362412660807166, 0.0009489788465943672]], "inverted": true, "swapped": true, "error_lsq": 0.044820624550979814, "error_max": 0.2394845099351709, "target": "473.xyz", "model": "4.xyz", "model_rescale": 3.7855080009869324, "target_rescale": 4.231676747621454},
{"mapping": [11, 13, 6, 1, 8, 7, 9, 0, 4, 2, 14, 15, 10, 3, 5, 16], "R": [[0.5475329580555592, -0.7850717846313304, 0.2896030953196243], [0.45057833371594574, 0.5682395989869673, 0.6885367988197091], [-0.70511476018354, -0.24650771005976427, 0.6648662450842275]], "T": [-0.0221217513723018, 0.06326087637174693, 0.026983932994126505], "aligned_model": [[-0.23206189014429446, -0.25876491115672523, 0.3149512177920608, -0.23043861503608273, 0.23676985117993823, 0.7249832784801004, -0.25702135436811563, 0.10991371521183341, 0.4304393851408988, -0.5049453681515358, -0.645886813607907, -0.21298918561667077, 0.39066609383096373, -0.03147636118569999, 0.5439598412339699, -0.0666600902826194], [-0.06999983352869665, -0.5324987137878817, -0.1567451270050999, 0.612655755087054, -0.5854632862137443, 0.03099221342448341, 0.10711975441607657, 0.8283803284215429, 0.44911380162357595, 0.5511816040139998, -0.05003132213519826, -0.5803662902327521, -0.12379259541724941, 0.516160658727752, 0.5598309479358083, 0.06384374271821273], [-0.7283987181367861, -0.31056334448781897, -0.4868800957175844, -0.45037682214191166, 0.11325080362999833, -0.019516385679467715, 0.6976646279437755, -0.048067669116974784, -0.41268266985152346, 0.300114682262614, 0.2631606114036249, 0.505138510133666, 0.5975813984795706, 0.5534921321860884, 0.32375495442060176, 0.057029711894281576]], "inverted": true, "swapped": false, "error_lsq": 0.038629466549894034, "error_max": 0.24097493909019913, "target": "473.xyz", "model": "5.xyz", "model_rescale": 4.2253639853439635, "target_rescale": 4.231676747621454},
{"mapping": [9, 10, 2, 8, 0, 4, 5, 7, 11, 6, 1, 12, 14, 15], "R": [[0.048505217024470304, 0.9260790756212492, 0.3741988637314412], [-0.2574423061406693, -0.35039031246115543, 0.9005276719470356], [0.9650754907935354, -0.1400149085985722, 0.22141617474735328]], "T": [-0.030194922249385213, -0.05593293065555186, -0.014193908070943187], "aligned_model": [[0.673522817167863, -0.021172708450775634, -0.3531927739711919, 0.2129342387471641, -0.3228456204472838, -0.49104893182117737, 0.0011301120806252798, 0.5918191655871757, -0.3436921566105829, 0.31354148772648616, -0.7648227036646047, 0.14484543603403668, 0.6750248219678577, 0.05801896841219122], [0.003033330939299715, 0.22818795784480359, -0.5349617922067331, -0.7132434117676352, -0.611150844278886, 0.1342850209609181, -0.25511515571119076, -0.25880512169578196, 0.6359294661317496, 0.47759377472667913, 0.037967065403181365, 0.36553438603371796, -0.03483283880140312, -0.029322690943728694], [-0.4231071632019242, -0.7003482019247548, 0.28103677110289194, 0.01936840560964634, -0.3562558365063571, 0.3263568878490311, 0.6925906406808808, 0.04145537415336953, 0.02680169152059178, -0.32972018160335764, -0.19227527892324386, 0.5470051093902246, 0.5656419156482234, -0.026991924863773574]], "inverted": false, "swapped": true, "error_lsq": 0.04371721760054446, "error_max": 0.289370222766069, "target": "473.xyz", "model": "6.xyz", "model_rescale": 3.89814844738969, "target_rescale": 4.231676747621454},
{"mapping": [4, 2, 5, 1, 12, 8, 0, 11, 10, 3, 7, 6, 15], "R": [[0.6607431087098923, -0.1122064016810297, 0.7421780566105298], [0.35200306010616045, 0.9196178203050507, -0.17434709706010748], [-0.6629573062937661, 0.3764475899765904, 0.6471281341685978]], "T": [-0.04572806515539292, 0.07250309930599995, -0.009990363166595226], "aligned_model": [[0.24012616605970089, -0.128316873871189, 0.43159038725427906, -0.29209949959900966, 0.6757684306469257, -0.3215803118621759, -0.6841452828501823, 0.2951787080278665, -0.4522111006677863, -0.6645478310751743, 0.018767476826411597, 0.053830227257687754, -0.02372869524313173], [-0.3474834626955123, 0.13683972454420162, 0.3329874240537083, -0.6019505267207883, 0.0696904506186906, 0.6482033869149343, 0.09480429086934403, -0.5665756358984545, -0.2004100861533033, 0.5839169855411003, 0.697471862070305, -0.009724132517024628, 0.12601098484328474], [-0.3362460575105695, -0.6503006814258216, -0.5044741611399739, -0.2641981202493092, 0.04151748882665342, -0.3011432495340316, -0.3306831112208956, 0.22237932813050765, 0.5484930561407002, 0.2463280833888209, 0.1808233276682631, 0.6869236365111875, 0.06285549125076435]], "inverted": false, "swapped": true, "error_lsq": 0.04370734774266331, "error_max": 0.24601116515441535, "target": "473.xyz", "model": "7.xyz", "model_rescale": 3.7474275329858107, "target_rescale": 4.231676747621454},
{"mapping": [8, 2, 5, 14, 4, 13, 7, 9, 12, 6, 3, 10, 0, 1, 15], "R": [[-0.1987373027675557, 0.9750106829586409, -0.09928571198919628], [0.5183839176043306, 0.19055326816732632, 0.8336471471551604], [0.8317340911961368, 0.11420866914238936, -0.5432999000872913]], "T": [0.11806299545940671, 0.0005575507205034108, 0.039418732523623524], "aligned_model": [[-0.3280333720487192, 0.3160402904103976, 0.26316260164938315, -0.2745773985902902, 0.7041743236937147, -0.20687260995741089, -0.47204446052146676, -0.6052616897095461, 0.3248960959703958, -0.08407630460063867, -0.6195072043216912, -0.022086456713398622, 0.037874960766174096, 0.7203001810425095, 0.04816476526933304], [0.21545529846988226, 0.23582678008192154, -0.3710729606410245, -0.7548694541679218, -0.09162510541416714, -0.6939916892001214, -0.24383111673914915, -0.12416630135603975, -0.6907255989037063, -0.26200508624628877, 0.4049737981145872, 0.2911300349618275, 0.6816384495498945, 0.4433521423109857, -0.05097122884108653], [-0.45768515532536347, -0.5319049907199853, -0.5778624693745827, -0.29096474954528, -0.07247407636355879, 0.2943224572046602, -0.11290612949755321, 0.39600124407913023, -0.011235377312257898, 0.6659671019482432, 0.0905940293985946, 0.7084027062147501, -0.16211641079065262, 0.18588198078295112, 0.07277449499716568]], "inverted": true, "swapped": true, "error_lsq": 0.04667486028815516, "error_max": 0.2864908431051566, "target": "473.xyz", "model": "8.xyz", "model_rescale": 4.019505241142653, "target_rescale": 4.231676747621454},
{"mapping": [12, 7, 6, 11, 4, 1, 10, 5, 2, 8, 3, 0, 15], "R": [[-0.3886500053981969, -0.8829301912109149, -0.2634111819043353], [-0.8288025567101889, 0.45990572422950676, -0.31870526636939517], [0.4025388121593193, 0.09445105753346655, -0.9105171620766814]], "T": [0.014035524420894105, -0.07823045616902492, -0.012254004434078127], "aligned_model": [[-0.2509046509491347, -0.6197759131168522, -0.1177619459842383, 0.4136317741811662, 0.37223611306629456, 0.7723099445238173, 0.2670838060487955, -0.2685037472888849, 0.14211323111807656, -0.3369066526143724, -0.2919501987722295, 0.2980335485878809, -0.05990453705914292], [-0.6551620167504967, 0.08311291617805779, 0.18305532942628183, -0.3625206242392668, -0.5640366150291701, -0.1295434209436495, 0.49889626459541736, -0.6838341719509735, -0.32781284532508226, 0.10950009420951663, 0.66682015162195, 0.2939129099020271, -0.04900974358055297], [-0.3589164355461731, 0.04611441016405752, -0.6577936695430641, -0.5937492053965435, -0.027381666676841818, 0.03868757578410708, -0.40532538464755746, 0.2937115398368667, 0.5727777454835752, 0.5655799814464654, 0.23564424244145538, 0.5279053822357033, -0.06055102153817143]], "inverted": false, "swapped": true, "error_lsq": 0.04500375516440559, "error_max": 0.2501648282987111, "target": "473.xyz", "model": "9.xyz", "model_rescale": 3.877068213659057, "target_rescale": 4.231676747621454},
{"mapping": [7, 1, 8, 2, 0, 11, 3, 14, 9, 13, 4, 5, 12, 6, 10, 15], "R": [[0.24304925575847425, 0.9320213030558898, -0.2688184330087001], [-0.15382091725940483, 0.31065405749468256, 0.9379942334447295], [0.9577401446575826, -0.18662890240284793, 0.21886860921379556]], "T": [-0.004851600649877327, 0.15353549264807667, 0.09280520933949167], "aligned_model": [[-0.3929612691265295, -0.24060750430905323, 0.3115080015203714, -0.29619272544662045, 0.4105619103327857, 0.7107731541324784, -0.4185849478633914, 0.16044438732288943, 0.29596527411155893, -0.3979747763391893, -0.6568254917148939, -0.21208536658923846, 0.35184307809530135, 0.07490963203922404, 0.5670170839827531, 0.043648353171668], [-0.14764737037385464, -0.6423880500397511, -0.09718214931863436, 0.5113060490259022, -0.5254990233199343, -0.02420686533795574, 0.02660957774164399, 0.9097254721161899, 0.503465459768475, 0.7951534573205687, 0.01395312382608821, -0.5312205250269838, -0.19673985096310184, 0.39850208028891687, 0.5486465447741362, 0.07790370756617739], [-0.5590738727560026, -0.15984371365155864, -0.5647510254643705, -0.3841391647134734, 0.10328264466193189, 0.062078335369590204, 0.556998996735329, -0.009054978912379594, -0.3791095391792767, 0.2700594112901085, -0.023545499418792845, 0.40770011999209665, 0.648027061869158, 0.6531034262065145, 0.2344535184866946, 0.09851600670658413]], "inverted": false, "swapped": false, "error_lsq": 0.039347748674992446, "error_max": 0.28073418796554606, "target": "473.xyz", "model": "10.xyz", "model_rescale": 4.260839863003843, "target_rescale": 4.231676747621454},
{"mapping": [10, 11, 4, 1, 2, 0, 3, 6, 12, 5, 7, 15], "R": [[0.41968411224138624, -0.5062144239953535, -0.7534004266465557], [0.05557966850543267, -0.8141476949714677, 0.5779917224506528], [-0.905966967599253, -0.284447688884439, -0.31354962271914094]], "T": [0.002976877113660016, 0.05370847673346037, -0.01672096431221564], "aligned_model": [[0.3947158228099914, 0.18277391925197378, -0.3230053551910225, -0.42132501465700134, -0.6159710040493555, -0.443235321639986, 0.20418588993144648, 0.6765407676461109, 0.2140868567148416, -0.31393200664496146, 0.3164945626992387, 0.08756953222285392], [0.036498124094182426, -0.6737069350434584, -0.44406086850224774, -0.3609823052962167, 0.1727682001915513, 0.4376928144277521, 0.8149799660846777, -0.09138965757691163, -0.35211633543754556, 0.019180124557521994, 0.530591459638558, 0.08362391839506991], [-0.6474809795199334, -0.14777276160621608, 0.08577486498128112, -0.49443177753603734, 0.1371806893347271, -0.4221447274759366, -0.31699061718035704, -0.18291516089804122, 0.5435976607608571, 0.6455295677367138, 0.3080016487243456, 0.007829670074101697]], "inverted": true, "swapped": true, "error_lsq": 0.04055357315503601, "error_max": 0.23554756599478044, "target": "473.xyz", "model": "11.xyz", "model_rescale": 3.890672605050136, "target_rescale": 4.231676747621454},
{"mapping": [9, 3, 8, 13, 7, 11, 10, 12, 6, 1, 2, 0, 4, 15], "R": [[-0.5779810229152452, -0.8008939116465204, -0.15654673243917505], [-0.3015175505853439, 0.03132858383462128, 0.9529457941162927], [-0.7583040972056404, 0.5979861721833148, -0.2595908974495939]], "T": [0.061578738212649656, 0.057057096873306415, 0.1863989780997999], "aligned_model": [[0.43105424615622595, 0.28074994887427124, 0.4686843010135791, 0.5535024238494108, 0.6620440790710665, -0.3779678513023143, -0.34247586455986007, 0.35454968813401805, 0.04084947129268646, -0.6595390195474005, 0.07401771835130444, -0.18497353068128192, -0.2114437860237655, 0.12082401016575332], [-0.29304176673304777, 0.2814484463973574, 0.5775740504264046, -0.5839330598083696, 0.018614763282949927, -0.46301750884121384, -0.26693999942932406, -0.35030046547697336, -0.5904902909749699, 0.22772389494582518, 0.6447988401801916, 0.6502281041725604, 0.08084489969872068, -0.0013573880123464513], [-0.45142886836833995, -0.5957734545821358, -0.04944514034842215, 0.17637851179715364, -0.0765060530285657, 0.5254504953695336, -0.345935084462324, 0.7074037786178287, -0.10102922540884188, 0.3626663449329831, 0.46092098320879016, -0.12709402094764713, 0.7243924479055276, 0.14478972067132084]], "inverted": true, "swapped": true, "error_lsq": 0.04474037889083605, "error_max": 0.2887868711143511, "target": "473.xyz", "model": "12.xyz", "model_rescale": 4.124412569039231, "target_rescale": 4.231676747621454},
{"mapping": [10, 11, 4, 9, 1, 0, 13, 8, 12, 7, 2, 5, 15], "R": [[0.48338086994683394, -0.6524139338723562, -0.583694263684884], [0.5543749584226478, -0.2878932027945961, 0.7808878980100517], [-0.6775037564791279, -0.701051754632899, 0.22251988064621148]], "T": [0.11445063037251622, 0.062496542997371195, 0.0313366087279766], "aligned_model": [[-0.3066004588399189, 0.09095211355143216, 0.5485361334204806, -0.6480472150472677, 0.5856308133439807, 0.4357255813413522, -0.5192257718450225, 0.21157763194734014, 0.037461373667163386, -0.27327953292667173, 0.7010141987371722, 0.476300559147134, 0.02725288101258337], [-0.2625191328313143, 0.5342910317925148, 0.41892051325050617, -0.16752892319640236, -0.04720329367669918, -0.5760049952674992, 0.5229243688559105, -0.3343537341434826, 0.7703307414696845, 0.0026085614502450866, -0.05037111498229955, 0.4612415174498473, 0.07514983633746594], [0.5496941931585768, 0.6275685361488392, 0.2528673319468549, -0.1464020973304776, 0.6196930841237792, 0.035326240576433146, -0.1672034064981529, -0.5390768286177704, -0.09618423305734487, -0.49519377416639154, -0.221964572459306, -0.4689296097026797, 0.0015032168454791744]], "inverted": false, "swapped": true, "error_lsq": 0.04316889113776476, "error_max": 0.21751674688705405, "target": "473.xyz", "model": "13.xyz", "model_rescale": 3.9028299243045295, "target_rescale": 4.231676747621454},
{"mapping": [3, 6, 7, 0, 9, 10, 12, 5, 4, 8, 2, 11, 14, 12, 13, 15], "R": [[0.06557731659874677, -0.009097963947238163, 0.9978060145137042], [0.7979769862815542, -0.5998988957694887, -0.05791411071195185], [0.5991096267902194, 0.800024088328947, -0.03207979396319899]], "T": [-0.06605096577599903, 0.0914262450797726, 0.021668388661650884], "aligned_model": [[-0.23912520612131363, -0.26765532726358454, 0.5197665878670018, -0.43524109170461, 0.2946308869185148, 0.6687007493807373, -0.15373271306577477, 0.1016922947101555, 0.22105086527689158, -0.45425604683582654, -0.7983934581812099, -0.004250683695545619, 0.5978864486340852, -0.15373271306577477, 0.4178000245512794, -0.0037018240849118825], [-0.016033775700226002, -0.5023414155127776, -0.34892127960582386, 0.5952627448683638, -0.5946807440862117, 0.14721316068206264, 0.2790177309627361, 0.565480026810476, 0.4372206370030222, 0.7371415641064321, 0.15872026878750115, -0.3756135477121426, -0.19868259944681455, 0.2790177309627361, 0.4575072665547565, 7.386937379300074e-05], [-0.5675574564105129, -0.20461441871193198, -0.5108161718508282, -0.5233672447076967, 0.018313240661482228, -0.08959858384498011, 0.6860189245817477, 0.11777793159805922, -0.4856402461980527, 0.1915380486108478, -0.014328246552375482, 0.590800399201901, 0.5296788421533613, 0.6860189245817477, 0.5359876053650308, -0.005509821255646061]], "inverted": false, "swapped": false, "error_lsq": 0.04721130738098517, "error_max": 0.32548440463517075, "target": "473.xyz", "model": "14.xyz", "model_rescale": 3.942246331269136, "target_rescale": 4.231676747621454},
{"mapping": [1, 2, 4, 8, 7, 5, 6, 11, 10, 12, 13, 9, 0, 3, 15], "R": [[-0.6205661796980775, -0.6725361491721649, -0.4032279066131327], [0.2515755773283005, 0.3162845203386887, -0.9146987652151162], [0.7427027302406164, -0.6690734117051742, -0.02708180648207953]], "T": [-0.11887286145638296, -0.00897563976822183, -0.10116533661427209], "aligned_model": [[-0.8181880880610661, -0.18766300184911822, -0.29316404501312704, 0.1177190974209954, 0.4207155350791324, 0.3325751475951393, -0.047228495147285776, -0.3688550307175199, -0.5283776553519702, 0.34157359872434223, 0.4917227805119033, 0.20197990647950345, -0.5393670851308038, -0.09272150873141488, -0.05642711927650075], [0.05683445051724825, -0.49848796618669583, 0.16534887962537104, -0.6566538472394118, -0.18836050380488564, -0.2040099162142441, 0.5356856447454972, 0.6709146373841234, 0.27252071926892185, 0.4209619757607229, 0.4639585031400922, 0.07446245196196752, -0.5760602893190304, -0.45981363090873406, 0.02084358115070839], [-0.39584381731310275, -0.5214069518911127, -0.6523256373706614, 0.028574676364569465, 0.2271956337452894, -0.6473846524964589, 0.3466889523195326, -0.3333136885607418, 0.45081239683468344, -0.4566380744225986, 0.13645613059585193, 0.6444869370060222, 0.010715554288521625, 0.6103418132210088, -0.038996791960287006]], "inverted": true, "swapped": true, "error_lsq": 0.046030418309226495, "error_max": 0.2793551419308351, "target": "473.xyz", "model": "15.xyz", "model_rescale": 4.355366556412066, "target_rescale": 4.231676747621454},
{"mapping": [1, 0, 10, 12, 11, 4, 13, 5, 9, 2, 7, 15], "R": [[-0.2873613869410301, 0.716032816403694, -0.6361764213866479], [0.7227099153845924, 0.5979716488706712, 0.3465837349785567], [0.6285807915456241, -0.36017622489537654, -0.6893179785265955]], "T": [0.03347553939931867, -0.03415435680379935, -0.01900977563343952], "aligned_model": [[-0.2466180470540116, 0.5068092159179877, 0.17987910839701535, -0.5015311574815007, -0.6354223467235347, -0.4751671815776195, -0.12566632145772874, -0.17072407043206653, 0.4905634121789073, 0.10680794894402679, 0.4124545393275389, 0.05642345459276658], [-0.6927960667217091, -0.43427189356517915, -0.5251662170117826, 0.44393330941457604, -0.28885084660316157, -0.14601798968516816, 0.5148299702038489, 0.49300254112702274, 0.18420770537229708, -0.02239609360680469, 0.4681313373888912, 0.018170671428149605], [0.24165637467310663, 0.3370504904708339, -0.5566780215973561, -0.11076042122879602, -0.27657539300214057, 0.28646238658932366, -0.5901908152531848, 0.4506787799189329, -0.6587709915248394, 0.625537753489374, -0.20673162571879006, -0.09242005560704326]], "inverted": false, "swapped": true, "error_lsq": 0.04929178453953276, "error_max": 0.29007006729698614, "target": "473.xyz", "model": "16.xyz", "model_rescale": 3.795458400668931, "target_rescale": 4.231676747621454},
{"mapping": [4, 2, 5, 1, 12, 8, 0, 11, 10, 3, 7, 6, 15], "R": [[0.6607431087098923, -0.1122064016810297, 0.7421780566105298], [0.35200306010616045, 0.9196178203050507, -0.17434709706010748], [-0.6629573062937661, 0.3764475899765904, 0.6471281341685978]], "T": [-0.04572806515539292, 0.07250309930599995, -0.009990363166595226], "aligned_model": [[0.24012616605970089, -0.128316873871189, 0.43159038725427906, -0.29209949959900966, 0.6757684306469257, -0.3215803118621759, -0.6841452828501823, 0.2951787080278665, -0.4522111006677863, -0.6645478310751743, 0.018767476826411597, 0.053830227257687754, -0.02372869524313173], [-0.3474834626955123, 0.13683972454420162, 0.3329874240537083, -0.6019505267207883, 0.0696904506186906, 0.6482033869149343, 0.09480429086934403, -0.5665756358984545, -0.2004100861533033, 0.5839169855411003, 0.697471862070305, -0.009724132517024628, 0.12601098484328474], [-0.3362460575105695, -0.6503006814258216, -0.5044741611399739, -0.2641981202493092, 0.04151748882665342, -0.3011432495340316, -0.3306831112208956, 0.22237932813050765, 0.5484930561407002, 0.2463280833888209, 0.1808233276682631, 0.6869236365111875, 0.06285549125076435]], "inverted": false, "swapped": true, "error_lsq": 0.04370734774266331, "error_max": 0.24601116515441535, "target": "473.xyz", "model": "17.xyz", "model_rescale": 3.7474275329858107, "target_rescale": 4.231676747621454},
{"mapping": [9, 10, 6, 0, 14, 5, 13, 11, 8, 12, 2, 1, 4, 15], "R": [[-0.3271161086344765, 0.42916554612098384, 0.8419097252642441], [-0.4405913515118876, -0.8574279224543915, 0.26588835771517744], [0.835987028873514, -0.2839617787981748, 0.46956511341560586]], "T": [-0.04419065591880132, -0.03071091653158701, -0.046849221906881656], "aligned_model": [[0.5642705840067965, 0.2886425970650289, 0.6242135611709559, -0.5674913421945103, 0.3518751657148307, -0.29404644945051744, 0.6856894551805081, 0.2084283720205512, -0.33603819943326246, 0.26312747575582845, -0.6565921394842379, -0.4572421953388659, -0.2980876546688891, 0.03809841753865989], [-0.395288298637814, 0.31743193383569424, 0.14946181659140473, -0.09967759851606661, -0.6646099989325174, -0.3573295260192629, -0.24544805911327602, 0.6356267342138184, -0.6424597825395227, -0.018892744449837552, -0.18512895232102244, 0.6004279287263968, 0.3396235776738458, -0.07332878900060699], [-0.4502894020619863, -0.6122096167387343, -0.19895406405199498, -0.5288427012905178, 0.47783497095879424, 0.5623236445958743, 0.22540192357406627, 0.21925694703387985, -0.2281876422398548, 0.6078522826104694, 0.10173378348455542, -0.1529639943028375, 0.35680014113559266, -0.054961554045651465]], "inverted": false, "swapped": true, "error_lsq": 0.035761308879229514, "error_max": 0.26154245870011217, "target": "473.xyz", "model": "18.xyz", "model_rescale": 3.922800546911778, "target_rescale": 4.231676747621454},
{"mapping": [0, 10, 1, 2, 13, 3, 6, 5, 9, 4, 11, 12, 8, 14, 15], "R": [[0.4461684762070498, -0.776271013821459, 0.4453504282468852], [0.43029108385870485, -0.2502634822298614, -0.8673048902282781], [0.7847185954154399, 0.5785944197473638, 0.22236281938856395]], "T": [0.09213290818806091, 0.11077321286342229, -0.06406528882349573], "aligned_model": [[-0.2806977635792699, -0.19174861545247535, 0.42074281141571596, 0.18445046252662006, 0.10846373497388628, -0.7500588990972201, 0.006285217316852998, 0.41517753229796245, -0.5091826954122807, 0.6600694388266966, 0.6708117057689786, 0.592493591472077, -0.3823631365196621, 0.09959078162863372, 0.05201667072110276], [0.6255856422846933, -0.29973628475346537, 0.38262059892878514, 0.7451624069202889, -0.5527500234700644, 0.11175435447517779, -0.5837845450661066, 0.43670680552082736, -0.4190485146120923, 0.2925275201132457, -0.26711942648797016, -0.17691888849855664, 0.5178156967032155, -0.13404099591201632, 0.038837158888616885], [-0.3909952176336463, -0.6140716774227013, -0.6951933988943855, 0.03586086374025253, 0.39683374799498705, -0.09395188907131663, -0.17623475463464305, 0.5100502735150813, 0.08960386540215874, -0.15870989151999593, -0.3818116240983504, 0.37192852386437225, 0.25447074730513014, 0.8157074473325939, -0.02082784871620756]], "inverted": false, "swapped": true, "error_lsq": 0.042269908090632996, "error_max": 0.25133065989901654, "target": "473.xyz", "model": "19.xyz", "model_rescale": 3.9282355846067225, "target_rescale": 4.231676747621454},
{"mapping": [4, 2, 0, 5, 12, 8, 7, 3, 13, 6, 1, 11, 10, 15], "R": [[0.7013514894483478, -0.42127903610109524, 0.575004401713862], [0.12875357541448956, -0.7185276689690726, -0.6834767777648749], [0.7010910105446864, 0.5533913286884817, -0.4496992686961226]], "T": [-0.026463231699455542, -0.13896749141261744, 0.03871734682278459], "aligned_model": [[-0.4776002585847536, -0.09455838116853489, 0.4967443519826078, -0.5355385764919677, -0.6905475926872806, 0.29754168435605544, 0.11154210056722662, 0.7412372945900418, -0.30204894183958353, 0.03564943966165833, -0.02182707098412311, -0.44149485287748025, 0.42930847038839387, -0.015884847827583815], [-0.5101623154171437, -0.6463068255801586, -0.6019194238909067, -0.24132609060154045, 0.1471852370667242, -0.17985809186728152, 0.3455224518187129, 0.10805220664522447, 0.6204499059849572, 0.4104669918883681, -0.7607361148213885, -0.15422784642042864, 0.03249858825103036, -0.046756585631333086], [0.1911441078020623, -0.35993948174859025, -0.1124350869687832, -0.48144053825123523, 0.020641375483949218, -0.5822851165963208, -0.38244713072768366, -0.20581973109777202, 0.05590560137735788, 0.4821427168734116, 0.47870648997258514, 0.6760168103512225, 0.599507266221133, 0.032485874552346264]], "inverted": true, "swapped": true, "error_lsq": 0.03954026187189843, "error_max": 0.2541167711501004, "target": "473.xyz", "model": "20.xyz", "model_rescale": 4.067790424073018, "target_rescale": 4.231676747621454},
{"mapping": [7, 10, 14, 5, 13, 6, 12, 3, 9, 0, 1, 4, 2, 11, 15], "R": [[-0.11851445302615038, 0.14932403252519932, 0.9816601538894841], [0.9864230941677656, -0.0954823103678566, 0.13361365087186072], [0.11368290863803387, 0.9841673951707756, -0.13598064041019553]], "T": [0.15687559860564143, 0.04129499594691802, 0.07337038851473814], "aligned_model": [[0.016296645100672774, -0.03628933599055406, -0.26142606689493997, 0.2549446344898945, -0.5686273064021443, -0.4490603746456821, -0.3400709733326687, 0.39015949104727626, -0.21217444599830432, 0.8099472418869351, 0.45775138784664554, 0.19528830184366147, 0.7071225278603139, -0.28630458083612803, 0.0908868079325368], [-0.04025298258297315, 0.7523425644487158, -0.5401287120804644, -0.6821500916735697, -0.09247559844366937, 0.4054244642563263, -0.4764878247804767, 0.5465355174264591, 0.4474105116433432, 0.3287630505859459, 0.2347991733480452, -0.2741325258949716, -0.29737827926128413, 0.07276332470897477, 0.05586254822744591], [-0.5628237477407212, 0.166710936875087, -0.49316281647972676, -0.011534760367581554, -0.25633958418828773, 0.022246804749032345, 0.16372091957552765, -0.5594738678027574, -0.5305981367307927, 0.03121268515172676, 0.7458568596860383, 0.5867650462118388, 0.13241398128245224, 0.6908133446338782, 0.009441908765426985]], "inverted": true, "swapped": true, "error_lsq": 0.04114708480845734, "error_max": 0.2687987843102792, "target": "473.xyz", "model": "21.xyz", "model_rescale": 4.186013935880536, "target_rescale": 4.231676747621454},
{"mapping": [6, 10, 11, 14, 8, 12, 7, 3, 4, 1, 0, 2, 15], "R": [[0.7618547369004179, -0.28749050823949485, 0.5804537600314017], [-0.12205725918778337, -0.9437734687892202, -0.3072355205524406], [0.6361441545294284, 0.16322024164226634, -0.7541085912362216]], "T": [0.021080069783266042, 0.00024243168996216508, 0.011079481690986968], "aligned_model": [[-0.0403310393139662, -0.47791849703581896, 0.3575711336645475, 0.5457619095662571, -0.23239440276190648, 0.706401215348486, -0.02281591518709579, -0.6877128292459547, 0.4157955589634214, -0.09091034969569425, -0.5218692024458778, 0.08718073481985517, 0.019815718746972147], [-0.2792192698983552, 0.05237299181037084, 0.36905024421465155, -0.7307004736773993, -0.29960659409613766, -0.16802002204147828, -0.6389173128681102, -0.4340024163144474, 0.4567158014348371, 0.7487028433798812, 0.262324587622803, 0.2648170330346627, -0.0845607530551846], [-0.6373741613808831, -0.5365487038620519, -0.5628449842233487, 0.1673520642933997, 0.5925745718760651, -0.1477941705301147, 0.15496644224209175, 0.14973462959059827, 0.030467033685000294, -0.07536887982845189, 0.3950544248531122, 0.5997970699677262, -0.02713577534779729]], "inverted": false, "swapped": true, "error_lsq": 0.049511205678821314, "error_max": 0.2887365484409899, "target": "473.xyz", "model": "22.xyz", "model_rescale": 4.166573947596378, "target_rescale": 4.231676747621454},
{"mapping": [14, 11, 9, 13, 3, 8, 6, 7, 10, 5, 6, 2, 4, 0, 0, 15], "R": [[-0.45384278185228627, -0.8604904732913405, 0.23147975016278075], [-0.8125248957595419, 0.5062738491565228, 0.28894650617577045], [-0.3658278599717691, -0.0569467737021477, -0.9289386641933862]], "T": [0.010670885862135788, -0.015519688722775968, -0.01465086186171001], "aligned_model": [[-0.27885683995807314, -0.14476539631222338, 0.31797560063799724, -0.33073292163995094, 0.28709263494484644, 0.8160067908632591, -0.6654483427317378, 0.23186289922303976, 0.13890411878249173, -0.32485231885982446, -0.6654483427317378, -0.1846667037707455, 0.4629622501938419, 0.3334946738091975, 0.3334946738091975, -0.015583982939463784], [0.11307897585923087, -0.760305663386994, -0.28364043446860354, 0.6667765519347877, -0.5236828448063322, 0.052714649876952346, -0.013771752526477735, 0.6643825811059227, 0.5311156960082651, 0.7121045131168469, -0.013771752526477735, -0.3667057041505796, -0.1253971777398909, 0.4732354227841097, 0.4732354227841097, 0.021013154183013992], [-0.739643167110082, -0.22256127899776412, -0.45524619122792326, -0.38170456243340944, 0.1490191581459832, 0.014628744916137151, 0.33458740266774134, -0.0006278679820469341, -0.5103193269054521, 0.20681963547755883, 0.33458740266774134, 0.5250906020202586, 0.5538673634599165, 0.5542595051992332, 0.5542595051992332, 0.03768480212502803]], "inverted": false, "swapped": false, "error_lsq": 0.045038558372001394, "error_max": 0.36803202283629527, "target": "473.xyz", "model": "23.xyz", "model_rescale": 4.274766983524099, "target_rescale": 4.231676747621454},
{"mapping": [0, 4, 5, 7, 12, 13, 9, 6, 10, 11, 15], "R": [[-0.7555537778627942, -0.510546255526461, -0.4104643830165645], [0.46622105226869387, -0.859244348446972, 0.21056371977007438], [-0.4601917200240908, -0.03227492261568051, 0.8872327260597529]], "T": [0.044510123463740975, 0.11785987109414332, -0.14591684550477335], "aligned_model": [[0.49251622747761836, 0.09587124177825294, -0.5060850810641828, -0.41033765630207875, -0.49005689370844885, -0.5142653065452615, -0.1157691608712598, 0.05479796574943335, 0.5532299903222413, 0.22429304712324555, -0.004299670001484762], [-0.0957529452306654, 0.7184224613283374, 0.45827307446259286, -0.35488703002086697, 0.49873408411073694, -0.059873422311977856, -0.601135089553067, -0.11768232035287256, -0.20635741673265556, 0.617265269532295, 0.058579866011626416], [-0.6602881327254058, -0.1809987866421905, -0.49400158609461203, -0.17383384220844403, 0.15804219988660873, 0.410085491209242, 0.205170785402078, 0.5224964477037116, 0.2873279374249074, 0.39897495990023546, -0.09340903983455329]], "inverted": false, "swapped": true, "error_lsq": 0.045142255856936785, "error_max": 0.19804039875609444, "target": "473.xyz", "model": "24.xyz", "model_rescale": 3.7841303162186577, "target_rescale": 4.231676747621454},
{"mapping": [10, 0, 7, 14, 1, 6, 2, 13, 11, 12, 9, 8, 4, 5, 3, 15], "R": [[0.8784266100383117, -0.45544556915290124, 0.14469286200635684], [-0.014519382669794412, 0.27720618360693056, 0.9607007438828022], [-0.4776566531552647, -0.8460059487433119, 0.23689249964370038]], "T": [-0.010170956634863056, 0.03194445591138462, -0.003475174811318954], "aligned_model": [[-0.3619460517925516, 0.052589220995246766, 0.2746656369366952, -0.5425483705809108, 0.15737283495281207, 0.7105073517955212, -0.36011225043985906, 0.08557145812018366, 0.43628292175345434, -0.31061538363211744, -0.5757545735298902, -0.2666758493228882, 0.382901189122526, 0.040794707811919656, 0.5308054587649905, 0.05760049236498213], [-0.0009474989739397255, -0.6568018363589988, -0.23211273753140144, 0.563232222723949, -0.6268851931640855, 0.01716096372644335, 0.0019169014362176856, 0.7946062720665923, 0.4057609716408591, 0.6468193983629265, 0.16481544667409284, -0.4353257747192272, -0.07479558496792638, 0.4688527644082957, 0.5401863166428856, 0.043899006081200245], [-0.6966039557804979, -0.25451233209929924, -0.5249610074606149, -0.2556785853076853, 0.298035961305944, 0.045826715210941865, 0.6639320957435864, -0.14900984925955385, -0.503842755898055, 0.32337931553513577, 0.06435682825360103, 0.2521056445636547, 0.621668964376693, 0.7553742018488648, 0.30963282031888895, 0.004997665870549544]], "inverted": false, "swapped": false, "error_lsq": 0.04895816683720158, "error_max": 0.3039819673897056, "target": "473.xyz", "model": "25.xyz", "model_rescale": 4.19342608120988, "target_rescale": 4.231676747621454},
{"mapping": [1, 0, 10, 12, 11, 4, 13, 5, 9, 2, 7, 15], "R": [[-0.2873613869410301, 0.716032816403694, -0.6361764213866479], [0.7227099153845924, 0.5979716488706712, 0.3465837349785567], [0.6285807915456241, -0.36017622489537654, -0.6893179785265955]], "T": [0.03347553939931867, -0.03415435680379935, -0.01900977563343952], "aligned_model": [[-0.2466180470540116, 0.5068092159179877, 0.17987910839701535, -0.5015311574815007, -0.6354223467235347, -0.4751671815776195, -0.12566632145772874, -0.17072407043206653, 0.4905634121789073, 0.10680794894402679, 0.4124545393275389, 0.05642345459276658], [-0.6927960667217091, -0.43427189356517915, -0.5251662170117826, 0.44393330941457604, -0.28885084660316157, -0.14601798968516816, 0.5148299702038489, 0.49300254112702274, 0.18420770537229708, -0.02239609360680469, 0.4681313373888912, 0.018170671428149605], [0.24165637467310663, 0.3370504904708339, -0.5566780215973561, -0.11076042122879602, -0.27657539300214057, 0.28646238658932366, -0.5901908152531848, 0.4506787799189329, -0.6587709915248394, 0.625537753489374, -0.20673162571879006, -0.09242005560704326]], "inverted": false, "swapped": true, "error_lsq": 0.04929178453953276, "error_max": 0.29007006729698614, "target": "473.xyz", "model": "26.xyz", "model_rescale": 3.795458400668931, "target_rescale": 4.231676747621454},
