[{"mapping": [12, 11, 4, 5, 2, 1, 0, 9, 3, 6, 10, 8, 13, 14], "R": [[-0.13140301469603782, -0.0728691819961414, -0.9886472222405759], [0.8390198899745287, 0.5229975936541316, -0.15006379063291014], [0.5279951438753229, -0.8492135181137908, -0.00758476742398978]], "T": [0.008318280212066737, 0.17255766830915614, 0.09087653876292137], "aligned_model": [[0.18954784051589837, 0.221639089703121, -0.34406607765433983, -0.38434682387496133, -0.6079548764272138, 0.02107617871501725, -0.7036726362829631, 0.0011561304388917407, -0.35881100270136035, 0.03605550588192163, 0.6944252123758718, 0.054779559215869356, 0.5499179313987186, 0.0017460698238323802], [-0.6434557124644742, -0.3673731074086813, -0.47776060975440987, -0.31413446316602534, 0.21674495234429686, 0.28357368894032, 0.20377044262849647, 0.5355974745619329, 0.7726282728165315, -0.05867989713857982, 0.3222810007103869, 0.7710619097871749, -0.20090201562810767, 0.19192139558117305], [0.1859663143344135, -0.2298998940138182, 0.3532836033699126, -0.2995946548582288, 0.5504029667114088, -0.6462275722969516, -0.21206291831965415, 0.7583749792105805, 0.29266922928976125, 0.7504660744967174, 0.18789948714333243, -0.22598552924725393, 0.2678664497726503, 0.16442955158696312]], "inverted": true, "swapped": true, "error_lsq": 0.047874212284895794, "error_max": 0.3301937971848461, "target": "474.xyz", "model": "0.xyz", "model_rescale": 3.8414455957264533, "target_rescale": 4.218402893244936},
{"mapping": [13, 8, 0, 11, 7, 9, 4, 3, 12, 1, 5, 6, 2, 5, 14], "R": [[0.6390089879252179, -0.44738513925002227, 0.6257108361927475], [-0.6131154313716509, -0.7874690206237349, 0.06310316451534291], [0.46449648132654725, -0.4239564585380606, -0.7774985145317789]], "T": [0.05372232393803508, 0.0945591072151517, -0.05875246448847009], "aligned_model": [[-0.056991151650073985, 0.2626555201719706, -0.3085948718391206, -0.6938183429398634, 0.31239505455270977, 0.5740025718761589, -0.014025753025223228, -0.34943779792902074, -0.32686368572139113, -0.759635714253295, 0.19102966040291686, 0.6870859129233825, 0.5702110786182972, 0.19102966040291686, -0.02233738213410559], [-0.3404510874809531, -0.6669310367406021, 0.4304532195330593, -0.2605157857292839, 0.4333277728626457, -0.06629996953309863, 0.6341827161197109, 0.5497895096685744, -0.5539955367455489, 0.32733582162366504, 0.28245472072184297, -0.026955836338202935, 0.5806463532742978, 0.28245472072184297, 0.09494683227578712], [-0.6697808251011246, -0.08671811610412977, -0.5892416391768044, -0.2621490571202499, -0.5396674379992624, -0.4697786206228291, -0.05293923571346471, 0.4348101747563288, 0.07094220354224266, 0.12224917668494596, 0.5578225258901193, 0.3818288065892593, 0.14511828654241676, 0.5578225258901193, -0.011016002021238744]], "inverted": false, "swapped": false, "error_lsq": 0.041885412546462324, "error_max": 0.3872102740476095, "target": "474.xyz", "model": "1.xyz", "model_rescale": 4.316132596720782, "target_rescale": 4.218402893244936},
{"mapping": [1, 11, 5, 3, 0, 8, 2, 9, 4, 10, 6, 14], "R": [[0.6239913835029165, 0.7054499093052921, 0.3361178049066601], [-0.7371107381471255, 0.6741678878333259, -0.04653405981162627], [-0.2594272788708156, -0.2187191909172756, 0.9406696564162025]], "T": [0.016062645969350302, -0.03889254181158922, 0.06261138238007727], "aligned_model": [[-0.27208923005012026, 0.482752280489509, 0.13674558449390803, -0.605279580426735, -0.4242443487244759, -0.5525091412390548, -0.1830789434997445, -0.11130261367448702, 0.4709749238245342, 0.23591528770465997, 0.4032092440077538, 0.01671509172603322], [-0.7199640441868358, -0.5070443338141957, -0.5034589612113858, 0.34486087819125544, -0.2553023722465274, -0.19292286058083366, 0.4720809436329269, 0.6974622290892546, 0.07805055741455125, 0.028826300279083943, 0.5327414768676779, 0.03744661430600885], [0.1570565852817593, 0.008175963484441592, -0.49697465941384356, 0.01511316083746414, -0.5365331350983357, 0.3999069965644566, -0.4779053908694185, 0.20031798106331972, -0.5661375317407599, 0.7331725097121718, -0.04986342069804846, 0.06292940208621346]], "inverted": false, "swapped": true, "error_lsq": 0.05175001613675471, "error_max": 0.37517409262889245, "target": "474.xyz", "model": "2.xyz", "model_rescale": 3.795458400668931, "target_rescale": 4.218402893244936},
{"mapping": [0, 5, 1, 13, 3, 10, 11, 2, 12, 6, 8, 14], "R": [[-0.3810470737805625, 0.9036160308313108, -0.19565581102522417], [-0.7970694335368473, -0.21383196578378888, 0.5647620813495625], [0.46849060362457634, 0.37115220494253864, 0.8017247626721855]], "T": [0.05471660956909627, 0.09181210385737919, 0.05282379310589803], "aligned_model": [[-0.11744338615186228, -0.16443902535442298, -0.6806131683857487, 0.1977185926136638, 0.20572913846635701, -0.0006350069563283711, -0.19499608738602991, 0.6005447609293434, 0.2631912823075157, 0.7297996554465195, -0.36903914464207266, 0.12348621485663072], [-0.26683146241400935, -0.5964388880165804, 0.013950354560747683, 0.048984470770750285, 0.4994089608685289, 0.5455395103440541, -0.3600939309265906, -0.027983183171472067, -0.5117750531164315, 0.06450118827610499, 0.5529042309167972, 0.12360284719780963], [-0.6115656599674689, -0.09483882139498914, -0.042241747452721905, 0.7175372448885243, -0.535945218465806, 0.5947102113633439, 0.46918065309427537, -0.47692178359670356, 0.6005325764119975, 0.23397432738762333, -0.20907820916647368, 0.04342785753749896]], "inverted": false, "swapped": true, "error_lsq": 0.051336204985494065, "error_max": 0.2623130070403509, "target": "474.xyz", "model": "3.xyz", "model_rescale": 3.7530521520055578, "target_rescale": 4.218402893244936},
{"mapping": [9, 10, 8, 1, 3, 11, 2, 6, 4, 5, 14], "R": [[-0.0702672785011427, 0.937301363787856, 0.34136294909299725], [-0.982767817023178, -0.006396246688887025, -0.18473360780267517], [-0.1709676208980535, -0.3484612481607105, 0.9215990620300887]], "T": [-0.036792093586427474, 0.0019433461955537037, -0.0636660295012337], "aligned_model": [[-0.4537889229955758, -0.3330505011426906, 0.43701836207444894, 0.6163051425792393, 0.1682063710601545, -0.05851266850497801, -0.15962126138798916, -0.6868592417245262, -0.36347214361180097, 0.26026686077778566, -0.08829239467886274], [-0.6325937476708555, 0.04668582185143764, -0.3002101726604266, 0.2945377706053371, -0.6961878015349993, 0.6648534224354173, -0.4611472776327365, -0.14211494193294782, 0.27792035534717674, 0.46872709191852624, -0.053267162411583364], [-0.09332553192075504, -0.7061629695448384, -0.44442113558244445, -0.2726212741576689, 0.014930794718322843, -0.061024514969720486, 0.5391355359472498, 0.15071315219481118, 0.5944091192038996, 0.42356264393284204, -0.05236504257638196]], "inverted": true, "swapped": true, "error_lsq": 0.04741924776869873, "error_max": 0.27792426916373747, "target": "474.xyz", "model": "4.xyz", "model_rescale": 3.7855080009869324, "target_rescale": 4.218402893244936},
{"mapping": [13, 15, 11, 12, 6, 8, 4, 0, 14, 1, 3, 10, 7, 5, 16], "R": [[-0.10932809571660959, -0.9823549415510936, 0.15174365323507796], [0.979203918154358, -0.08019091053759567, 0.1863574644018982], [-0.1709007143289146, 0.16896208650848, 0.9706929273279825]], "T": [0.0001471766337226947, 0.04780314362130893, 0.005077839426018981], "aligned_model": [[-0.020743365815892357, 0.38061410004299756, -0.4087558066110519, -0.5747658908160111, 0.14950825579208418, 0.5582363872676438, -0.03683272111556396, -0.31650736441256827, -0.31477345512785126, -0.6340935092123168, -0.013518577762842644, 0.6457425892124449, 0.561132915691767, 0.3026238637953305, -0.021162661471911325], [-0.23432834240407058, -0.6755239437227628, 0.25390327084689523, -0.1422305534243909, 0.4336337800099935, -0.17019299851613318, 0.7859285658083276, 0.5759562370370472, -0.5480569769064209, 0.46062678036455496, -0.008891764271708555, -0.09261593374584039, 0.5442344914381976, 0.515406444235657, 0.002593357484391136], [-0.6618802167549303, -0.1015099253112086, -0.6451200659469994, -0.30544981131193694, -0.4998014096261825, -0.36414294675864217, -0.0232793845043221, 0.483886877426204, 0.06401094547380624, 0.025555543227857032, 0.6971873249664322, 0.31241042807055663, -0.009767676870679576, 0.592409305974177, 0.02479377798219686]], "inverted": true, "swapped": false, "error_lsq": 0.03479368783045349, "error_max": 0.24185033963624275, "target": "474.xyz", "model": "5.xyz", "model_rescale": 4.2253639853439635, "target_rescale": 4.218402893244936},
{"mapping": [1, 5, 2, 3, 0, 6, 9, 8, 12, 11, 4, 7, 10, 14], "R": [[-0.08409029701313858, -0.7378542518323971, 0.6697013700158424], [0.740496336382343, 0.4034504412015771, 0.5374875973439582], [-0.6667788222136112, 0.5411089026684989, 0.5124521028353022]], "T": [0.13847986180706592, -0.04150007134860363, 0.013837553606774598], "aligned_model": [[0.6333253208902901, -0.14176620509195495, -0.4701994320769465, 0.1369499493640243, -0.09456400130524328, -0.35440068658684265, -0.04882860239909417, 0.6824321836169054, -0.2626294337455395, 0.15030502538622853, -0.5856255430236403, 0.050499799257460704, 0.5756734965522732, 0.10289028191986317], [-0.08390450814212057, 0.08320012392834018, -0.5006256320174121, -0.7430756109485565, -0.5200975284586823, 0.12134955439358165, -0.3486486289715561, -0.4467499766545298, 0.6868999215703405, 0.5189219256319988, 0.20378244216503505, 0.24449974779233374, 0.29318436422284655, -0.06363704787662897], [-0.542165707820075, -0.6565614851313335, 0.12164708187331533, 0.2221122575902082, -0.5485792393707162, 0.4827163070411047, 0.6831496393338695, -0.011773645208500265, -0.11386851470926704, -0.3407268001581721, -0.16351496897897733, 0.8010735115886838, 0.46040368025038797, 0.07764609263092079]], "inverted": false, "swapped": true, "error_lsq": 0.04196161489625413, "error_max": 0.24971112608891005, "target": "474.xyz", "model": "6.xyz", "model_rescale": 3.89814844738969, "target_rescale": 4.218402893244936},
{"mapping": [10, 8, 1, 7, 11, 3, 9, 13, 6, 2, 0, 4, 14], "R": [[0.8697156823103359, -0.44596753200345784, 0.21144169962950032], [-0.09569101242298955, -0.5726427079699482, -0.8142011785488326], [0.484187837605335, 0.687890463233493, -0.5407114281273148]], "T": [0.043193357740902216, 0.12341165965237447, -0.06285140409240658], "aligned_model": [[0.09200706994022803, 0.04355647794571514, 0.6117677672312221, -0.38774466776566363, 0.624432675052655, -0.5112180696076536, -0.6858530549440229, 0.2262457494476314, -0.3929050517444695, -0.5408839959459228, 0.07497663206933247, 0.023481488545031196, -0.02923121931986053], [-0.47044344371202407, 0.37769749330259483, 0.4668075145287073, -0.6001691052313752, -0.05720377233750848, 0.5042647871672913, -0.07191581974849429, -0.5163847960488592, -0.2514911951188783, 0.4612465061040425, 0.8771203193825567, 0.14271241408828708, 0.10154036309414519], [-0.4469433056607246, -0.6922210336472985, -0.4013956686706777, -0.06322067002021897, 0.20071538420276136, -0.3512396757053114, -0.15083929675741647, 0.08302547362932516, 0.3353502379688422, 0.30813500951436507, 0.11205055939092273, 0.7214858888493152, -0.05262787225758832]], "inverted": false, "swapped": true, "error_lsq": 0.04230464659652889, "error_max": 0.2087092199118463, "target": "474.xyz", "model": "7.xyz", "model_rescale": 3.7474275329858107, "target_rescale": 4.218402893244936},
{"mapping": [12, 1, 11, 10, 4, 13, 9, 5, 0, 7, 3, 2, 4, 8, 14], "R": [[0.9207280313920623, -0.12516828379868808, -0.3695846221635699], [0.25332107205440946, -0.5286835320216487, 0.8101371226047595], [-0.29679677670436777, -0.8395395307548094, -0.45506598382860075]], "T": [-0.06233007486035261, 0.039445086116277145, -0.043892261595249504], "aligned_model": [[-0.05511408826038014, 0.3083336192428183, -0.35459958177371864, -0.7350871116920075, 0.6405750145290763, 0.505833732739441, -0.2701112055320978, -0.3529526541722189, -0.2747346870768782, -0.6704409002273259, -0.06661910290897505, 0.6687975411268015, 0.6405750145290763, 0.2764704041424916, -0.004221235209843709], [-0.21231752602194662, -0.6078129791574463, 0.3257011314622055, -0.2313907705346682, 0.379509548403021, 0.14487436795728692, 0.7680367736983815, 0.4710688332893227, -0.49819689085608776, 0.34469445913691754, -0.004870022511625993, -0.11005384927987885, 0.379509548403021, 0.5205829964075328, 0.03110679383770206], [-0.6071028221017823, 0.0481253609656484, -0.5119905070751858, -0.26594916383857564, -0.09395664659689064, -0.7325041863807287, -0.12340071782118178, 0.44830782098530475, 0.2723965667458031, -0.013864336824770507, 0.671755914794733, 0.3455842759602273, -0.09395664659689064, 0.3009712803521872, -0.05511342653156939]], "inverted": false, "swapped": false, "error_lsq": 0.05508642244426175, "error_max": 0.47507496096493185, "target": "474.xyz", "model": "8.xyz", "model_rescale": 4.019505241142653, "target_rescale": 4.218402893244936},
{"mapping": [11, 10, 8, 1, 5, 0, 3, 12, 4, 6, 9, 2, 14], "R": [[-0.00425765494003566, -0.3948618465975017, -0.9187306430483433], [-0.9998416163778601, 0.017557331880754756, -0.0029124313102886212], [0.017280466814287965, 0.9185727310337706, -0.39487406000880865]], "T": [-0.05199156039215613, -0.05244482045813108, -0.079081913021929], "aligned_model": [[-0.1819222255348528, -0.7174877312139621, 0.05541281696018628, 0.19470994418519838, 0.41381414649827863, 0.7208610834642603, 0.2669576007538921, -0.3131820688475448, 0.14222291872141235, -0.3189863012057286, -0.24603660430495766, 0.3727792015027926, -0.06944200923779881], [-0.7026769767679723, 0.033139871621301845, 0.2657042544148736, -0.362179048124004, -0.6157728411668364, -0.09631431651954322, 0.6035288300964794, -0.7016238387180835, -0.4024374146334563, 0.11013359490196063, 0.6118824546988809, 0.31558225432713793, 0.004411403983320121], [-0.09472465288376511, -0.3079123267438981, -0.6690081910775344, -0.7107565659912011, 0.01688397866971432, -0.1003392719616648, -0.13873870725967763, 0.38794075997331895, 0.5959973313140304, 0.5466820906156049, 0.23463636462351284, 0.4472597343059487, -0.031217049540510307]], "inverted": false, "swapped": true, "error_lsq": 0.05150822973075738, "error_max": 0.29709368529726343, "target": "474.xyz", "model": "9.xyz", "model_rescale": 3.877068213659057, "target_rescale": 4.218402893244936},
{"mapping": [7, 8, 4, 2, 5, 1, 3, 6, 9, 13, 10, 0, 12, 12, 15], "R": [[-0.3509902583638879, -0.11578263722502719, 0.9291933165121611], [-0.7984026989337465, 0.5554793289889882, -0.23237006132729943], [-0.4892432614446117, -0.8234300795958096, -0.2874090032477727]], "T": [-0.08473364502633188, 0.09111593788716166, 0.028903811973558746], "aligned_model": [[-0.061210261857239906, 0.20534751379936414, -0.26232399514008853, -0.5850970210549314, 0.4676287325917293, 0.49078956857517253, -0.10349795570178157, -0.20502845239240292, -0.31523443598848055, -0.8099649587313157, -0.16713582749204953, 0.7045297104529045, 0.4466166071733657, 0.4466166071733657, 0.004668928048646714], [-0.3349075893123293, -0.6160511901973511, 0.24672130843796372, -0.2624853281510565, 0.5135914821563344, 0.011530187143240223, 0.6873793872635465, 0.556374505699559, -0.48590679297194517, 0.3561754437345004, -0.030085678557411427, -0.007093220275644019, 0.49085366646539985, 0.49085366646539985, 0.08349256633353029], [-0.666967709310071, -0.07640767865847835, -0.605398415633433, -0.22596477089796058, -0.328035483326242, -0.6155694218288686, -0.18761210501841602, 0.41538563499084447, 0.25152334691462314, 0.06660654324569874, 0.7229721284640807, 0.06331823604835181, 0.3695970369604355, 0.3695970369604355, 0.03625838712532797]], "inverted": true, "swapped": false, "error_lsq": 0.044977647076975595, "error_max": 0.37832188068128064, "target": "474.xyz", "model": "10.xyz", "model_rescale": 4.260839863003843, "target_rescale": 4.218402893244936},
{"mapping": [9, 13, 11, 10, 1, 8, 3, 2, 4, 5, 0, 14], "R": [[0.4421005547132783, -0.7295169072988519, 0.521873721782703], [0.5303495690082176, 0.6818251854314548, 0.5038290892397539], [-0.7233784861156773, 0.05403238359059001, 0.688334270066884]], "T": [-0.03666767081402948, -0.029864329754435044, -0.09941548122218721], "aligned_model": [[0.5014775951975426, -0.13530851980642955, -0.37210702759038405, -0.3249914010042499, -0.6789742517148262, -0.38309774180988093, 0.27252502670254214, 0.6705402029521819, 0.4274883460248409, -0.12036290730471809, 0.07423009298091394, 0.027479234466597474], [0.035982379466034047, -0.6890048209976306, -0.4564187656038354, -0.3742103375582119, 0.26605698915788956, 0.4718873857601739, 0.5713533334020886, 0.24360065160118127, -0.36383896633299123, -0.022479152711238855, 0.5241715413184475, -0.03402173196897315], [-0.6318319055252448, -0.24059459442592143, 0.28197707420701823, -0.6479302983965126, 0.13655617067073447, -0.39774243197502945, -0.37964061932986914, 0.034687408019202476, 0.4381402834782149, 0.6330211606822616, 0.43013485317429, -0.14059902318364]], "inverted": true, "swapped": true, "error_lsq": 0.05235760198774301, "error_max": 0.3348435555097041, "target": "474.xyz", "model": "11.xyz", "model_rescale": 3.890672605050136, "target_rescale": 4.218402893244936},
{"mapping": [3, 9, 7, 8, 10, 5, 2, 1, 0, 4, 13, 6, 11, 14], "R": [[0.42480621315984746, 0.4920383538374181, -0.759893373845143], [-0.06927226159113803, -0.8192687519579095, -0.569210036664304], [-0.9026300654392359, 0.2944434927423141, -0.3139458465195354]], "T": [0.14110646733322493, -0.052861711176476346, 0.1579695005010387], "aligned_model": [[0.29778160914314833, 0.2752513476074407, 0.35126398589619534, 0.666838637916456, 0.6844038664274267, -0.3987756124246672, -0.3195157223067062, 0.3687357365830234, -0.2489122964057646, -0.613893618085621, 0.19330499008765964, -0.13275221497888426, -0.0509068075548684, 0.1370519328888552], [-0.39157305287949457, 0.2398404412713561, 0.7062615366879302, -0.47385655141538485, 0.3847556923290225, -0.3646671503068819, -0.15491122414304975, -0.5783926024803563, -0.716034496202267, 0.1595845172348833, 0.5564381045539551, 0.49504512089433966, 0.0856422278568216, -0.015980043573108685], [-0.47156720030123916, -0.5303138469381583, -0.1400951794558873, 0.07349123724004973, 0.2840337516889415, 0.5514508544943957, -0.45057199599878256, 0.6352660429340505, 0.06985118093992543, 0.18603259119794058, 0.4582307118893441, -0.17981452295770756, 0.7775468494197708, 0.09124996120421774]], "inverted": true, "swapped": true, "error_lsq": 0.04455112852817738, "error_max": 0.2799067451093721, "target": "474.xyz", "model": "12.xyz", "model_rescale": 4.124412569039231, "target_rescale": 4.218402893244936},
{"mapping": [5, 0, 8, 4, 1, 11, 2, 13, 3, 6, 10, 9, 14], "R": [[-0.19983633403273848, -0.5674732582390459, 0.7987737732198753], [-0.9046467016962393, -0.2063118773151313, -0.3728937575085185], [0.376403752253443, -0.7971257808290153, -0.4721342021367031]], "T": [0.18811203257968268, 0.07836590017236428, -0.0008762026885194649], "aligned_model": [[-0.23520876472401486, -0.1955857853501891, 0.6887250482120456, -0.5435159640824706, 0.5351687504009144, 0.14545182543308532, -0.4012548648359252, 0.2954326658221482, 0.1989126794609808, -0.1712449611259288, 0.7351019451014474, 0.1478740750007752, 0.167441658196889], [-0.23597309227232094, 0.37073556752073905, 0.4454410252817509, -0.19329701219113943, -0.05886592453876588, -0.562814469834386, 0.5616011768922377, -0.4436557308549594, 0.8099666986581058, 0.07452665283237694, -0.11595976869961871, 0.5763703784110452, 0.11940987530341196], [0.5144036904321799, 0.6049072398386622, 0.2737326259440145, -0.08373634120181382, 0.644514262265808, 0.16342951844854472, -0.1106030690969297, -0.42526216465152367, 0.014373334957119862, -0.6009981338544355, -0.4078317545094448, -0.5733932869205809, -0.061837840683762024]], "inverted": false, "swapped": true, "error_lsq": 0.05740247390056707, "error_max": 0.48589328415221467, "target": "474.xyz", "model": "13.xyz", "model_rescale": 3.9028299243045295, "target_rescale": 4.218402893244936},
{"mapping": [10, 13, 7, 4, 9, 14, 6, 2, 5, 3, 2, 11, 11, 1, 15], "R": [[-0.20434179248187606, -0.9625070919890113, -0.17839430965182412], [0.9016445863825993, -0.25602264093832683, 0.34855336345230736], [-0.3811580665448989, -0.08962424447559698, 0.9201554342120319]], "T": [-0.088223264339227, 0.0318559930285644, 0.0812500956926702], "aligned_model": [[-0.07637878864327116, 0.3007454225599769, -0.266389363302407, -0.6324819660547022, 0.2660536618231178, 0.606713057585121, -0.07353677887591714, -0.282480458444697, -0.17368287625346907, -0.5966823980930109, -0.282480458444697, 0.6260719955382646, 0.6260719955382646, 0.2773014683214727, -0.06213975379778784], [-0.2803476947982885, -0.6451168359141295, 0.3403021349667944, -0.21610639904991175, 0.47051224997263924, -0.15711135036000162, 0.69413796773373, 0.28583846913190664, -0.47226600517296086, 0.38535188603839626, 0.28583846913190664, 0.22039940111068462, 0.22039940111068462, 0.47554642494816, 0.09306429538412736], [-0.5953156200746714, -0.07061333400806272, -0.7516639302072626, -0.23759217190122037, -0.45064651484027596, -0.43295366196170504, 0.006583132619303822, 0.7445048083984823, 0.10693081445054597, 0.00914317393279862, 0.7445048083984823, 0.07174465918234407, 0.07174465918234407, 0.38411842711596844, -0.011186484250742854]], "inverted": true, "swapped": false, "error_lsq": 0.04948933873569778, "error_max": 0.4048222948067034, "target": "474.xyz", "model": "14.xyz", "model_rescale": 3.942246331269136, "target_rescale": 4.218402893244936},
{"mapping": [3, 13, 5, 1, 10, 4, 9, 7, 12, 2, 8, 11, 10, 6, 14], "R": [[0.5784914438017925, 0.15934988461286903, 0.7999720393376153], [0.3941455906230835, 0.8040296355581389, -0.44518041122294116], [-0.7141406744056091, 0.572838510767312, 0.40231721034699736]], "T": [0.009695268131355492, 0.08895767279215577, -0.02025553641744124], "aligned_model": [[-0.11584058365937924, 0.3864429451668196, -0.42887119959082537, -0.6195251137353662, 0.5477284090704146, 0.451630992119918, 0.0031102483469604737, -0.3415681823062772, -0.22908146487364275, -0.6645970306210995, -0.033001255805751833, 0.61756541907856, 0.5477284090704146, 0.21682421474961977, -0.08184104755410665], [-0.23747582568121556, -0.6247334091672936, 0.285523688229985, -0.29380474168389586, 0.471296508320126, -0.09602054938202428, 0.892957589479217, 0.6346619967056584, -0.6900383360858859, 0.4433440658120131, -0.028742691002959564, -0.008428179191443841, 0.471296508320126, 0.41775256314249326, 0.06285322641883725], [-0.6481327947173869, 0.0779079694554062, -0.43474415285183576, -0.35821423343318437, -0.2910651930796956, -0.35810143339798706, -0.06152389734926483, 0.5363415237416966, -0.08527205808916782, 0.02861264264615429, 0.7433965816926159, 0.3473324123477506, -0.2910651930796956, 0.3819644393305799, 0.001866152820342356]], "inverted": false, "swapped": false, "error_lsq": 0.049819792791040166, "error_max": 0.36893905054822174, "target": "474.xyz", "model": "15.xyz", "model_rescale": 4.355366556412066, "target_rescale": 4.218402893244936},
{"mapping": [1, 11, 5, 3, 0, 8, 2, 9, 4, 10, 6, 14], "R": [[0.6239913835029165, 0.7054499093052921, 0.3361178049066601], [-0.7371107381471255, 0.6741678878333259, -0.04653405981162627], [-0.2594272788708156, -0.2187191909172756, 0.9406696564162025]], "T": [0.016062645969350302, -0.03889254181158922, 0.06261138238007727], "aligned_model": [[-0.27208923005012026, 0.482752280489509, 0.13674558449390803, -0.605279580426735, -0.4242443487244759, -0.5525091412390548, -0.1830789434997445, -0.11130261367448702, 0.4709749238245342, 0.23591528770465997, 0.4032092440077538, 0.01671509172603322], [-0.7199640441868358, -0.5070443338141957, -0.5034589612113858, 0.34486087819125544, -0.2553023722465274, -0.19292286058083366, 0.4720809436329269, 0.6974622290892546, 0.07805055741455125, 0.028826300279083943, 0.5327414768676779, 0.03744661430600885], [0.1570565852817593, 0.008175963484441592, -0.49697465941384356, 0.01511316083746414, -0.5365331350983357, 0.3999069965644566, -0.4779053908694185, 0.20031798106331972, -0.5661375317407599, 0.7331725097121718, -0.04986342069804846, 0.06292940208621346]], "inverted": false, "swapped": true, "error_lsq": 0.05175001613675471, "error_max": 0.37517409262889245, "target": "474.xyz", "model": "16.xyz", "model_rescale": 3.795458400668931, "target_rescale": 4.218402893244936},
{"mapping": [10, 8, 1, 7, 11, 3, 9, 13, 6, 2, 0, 4, 14], "R": [[0.8697156823103359, -0.44596753200345784, 0.21144169962950032], [-0.09569101242298955, -0.5726427079699482, -0.8142011785488326], [0.484187837605335, 0.687890463233493, -0.5407114281273148]], "T": [0.043193357740902216, 0.12341165965237447, -0.06285140409240658], "aligned_model": [[0.09200706994022803, 0.04355647794571514, 0.6117677672312221, -0.38774466776566363, 0.624432675052655, -0.5112180696076536, -0.6858530549440229, 0.2262457494476314, -0.3929050517444695, -0.5408839959459228, 0.07497663206933247, 0.023481488545031196, -0.02923121931986053], [-0.47044344371202407, 0.37769749330259483, 0.4668075145287073, -0.6001691052313752, -0.05720377233750848, 0.5042647871672913, -0.07191581974849429, -0.5163847960488592, -0.2514911951188783, 0.4612465061040425, 0.8771203193825567, 0.14271241408828708, 0.10154036309414519], [-0.4469433056607246, -0.6922210336472985, -0.4013956686706777, -0.06322067002021897, 0.20071538420276136, -0.3512396757053114, -0.15083929675741647, 0.08302547362932516, 0.3353502379688422, 0.30813500951436507, 0.11205055939092273, 0.7214858888493152, -0.05262787225758832]], "inverted": false, "swapped": true, "error_lsq": 0.04230464659652889, "error_max": 0.2087092199118463, "target": "474.xyz", "model": "17.xyz", "model_rescale": 3.7474275329858107, "target_rescale": 4.218402893244936},
{"mapping": [2, 0, 3, 5, 6, 13, 9, 8, 4, 7, 11, 1, 10, 14], "R": [[-0.9584417202999694, 0.15619644825843895, -0.23873026272319164], [-0.22575860641714476, -0.9268606261799869, 0.2999373789073841], [-0.17442052751045112, 0.34136790884424356, 0.9236045855203862]], "T": [-0.01900310559053529, 0.03597100436939431, 0.02031519671436621], "aligned_model": [[0.520056632720553, 0.05910077065010087, 0.6502545022185198, -0.46420871335173325, 0.23257994961458958, -0.35258590514556043, 0.6579046050533508, 0.17385835130600083, -0.17487301702096128, 0.2497821137647573, -0.6688233783160209, -0.4166994030496616, -0.09494056839264223, 0.04344170783158381], [-0.3609645684566308, 0.1181441401828567, 0.26002693295493906, -0.1324044005185473, -0.563841069331125, -0.24246444989064003, -0.14867446270774565, 0.6865715650058238, -0.6766247817158749, -0.3075124106277675, -0.09629336871505743, 0.6089908294126956, 0.215826417649792, -0.00037213173148526596], [-0.3601666125812923, -0.7457298263596027, -0.1732878145530343, -0.5426808580695565, 0.27766702512892977, 0.5450284135702941, 0.3120434402428289, 0.003258919252920347, -0.269267058219059, 0.7407667849370517, 0.03328743328740556, -0.2429256178395366, 0.7018273266122144, 0.04497316325209179]], "inverted": false, "swapped": true, "error_lsq": 0.04470673043329917, "error_max": 0.37539144480426295, "target": "474.xyz", "model": "18.xyz", "model_rescale": 3.922800546911778, "target_rescale": 4.218402893244936},
{"mapping": [3, 5, 9, 7, 2, 0, 10, 4, 12, 11, 8, 1, 1, 6, 14], "R": [[-0.5087717318233229, -0.07302870646686549, -0.857798422083693], [0.7235520218937941, -0.5761953118493074, -0.380093980768286], [-0.4665016575650076, -0.8140428555270638, 0.34599195489844053]], "T": [-0.03209473659593949, 0.065469746787998, 0.06664532608635389], "aligned_model": [[-0.06164185856828194, 0.39377398565284544, -0.266557285281071, -0.6691949762585631, 0.21847415185209945, 0.5048453449982981, -0.14949972201450135, -0.3453320671488631, -0.3053764624989083, -0.6597014978152398, 0.08490648856980514, 0.6847765850345111, 0.6847765850345111, 0.24415765924206528, -0.10170217134244823], [-0.27428411008479214, -0.5646740468636657, 0.42565294881763205, -0.15042624474976132, 0.47146323310030686, -0.27513111465172074, 0.8574603340349237, 0.5420807813302797, -0.670246314202171, 0.39714076663725173, -0.11980769791982651, 0.2450718917054156, 0.2450718917054156, 0.5240815764137396, 0.04698851896070973], [-0.4745048637023225, 0.13058553970964237, -0.6247580006012865, -0.364287643780667, -0.4676892919215734, -0.4756913199564644, -0.031168918144449775, 0.5122813160970123, 0.01513784648273038, 0.00878600848943635, 0.6379365266258622, 0.1093255521954039, 0.1093255521954039, 0.5015333294092826, 0.002491132938317764]], "inverted": false, "swapped": false, "error_lsq": 0.04546917777809726, "error_max": 0.28175009376790655, "target": "474.xyz", "model": "19.xyz", "model_rescale": 3.9282355846067225, "target_rescale": 4.218402893244936},
{"mapping": [7, 9, 3, 6, 13, 2, 4, 0, 11, 1, 8, 10, 1, 14], "R": [[-0.14204835467593308, -0.6290082391990355, -0.7643107352076048], [0.9812596277055945, 0.012081207114194845, -0.19231117354366628], [0.1301991089406473, -0.7773047532688792, 0.6155042750271265]], "T": [-0.012017739059386204, -0.05902448977364672, 0.06821428563952818], "aligned_model": [[-0.730742568108511, -0.1954451998196559, 0.39534947807162973, -0.4185553222833961, -0.6630276272165018, 0.294482942377851, -0.06187597350645181, 0.7231730148757158, -0.21786482023548226, 0.3572608847341407, 0.2967802207971996, -0.5699032967334238, 0.3572608847341407, -0.03436979860257826], [-0.44751609578836277, -0.7102092731625166, -0.6548017450751836, -0.19811443974291582, 0.13877768065796647, -0.29382902131092636, 0.386864174298068, 0.11140515389180605, 0.5549983952989342, 0.22030848432509004, -0.4142489327857209, -0.2783488799354822, 0.22030848432509004, -0.11271189757101041], [-0.1362013049082283, -0.27778587308198815, -0.052989440329330034, -0.483763703283498, 0.10268417373709225, -0.5979942567071678, -0.5757139104493695, -0.10535388251935664, 0.21150212857318484, 0.652522576649222, 0.5573226199916477, 0.44667665835292303, 0.652522576649222, 0.01875479456932927]], "inverted": false, "swapped": true, "error_lsq": 0.04861956497222775, "error_max": 0.33664206035578087, "target": "474.xyz", "model": "20.xyz", "model_rescale": 4.067790424073018, "target_rescale": 4.218402893244936},
{"mapping": [6, 4, 11, 13, 3, 2, 12, 9, 5, 10, 7, 0, 0, 7, 14], "R": [[0.052168818809013764, 0.41518536049177024, 0.9082397980585257], [-0.968413218004259, 0.24309549015175141, -0.05550154828935616], [-0.24383242921873263, -0.8766559753410679, 0.4147529956011085]], "T": [-0.03110167428220974, 0.017210849781631454, -0.049151085976113285], "aligned_model": [[0.03670680351916526, 0.3404358261341387, -0.34613019297747866, -0.7083902373802491, 0.3514579391536316, 0.6360802772039753, -0.08860889473909166, -0.33896032025229045, -0.2479519111783429, -0.7567969166117166, 0.13559847063984817, 0.5994689887342637, 0.5994689887342637, 0.13559847063984817, -0.09127253216370632], [-0.3201635942716494, -0.6898099059065955, 0.3302391020901402, -0.12591486953572592, 0.4751907974110375, -0.1166253825652166, 0.7773849220011161, 0.5490347334142424, -0.512850037613229, 0.3769849274287023, 0.18667869951683172, 0.2589568938953096, 0.2589568938953096, 0.18667869951683172, 0.06570053495663233], [-0.7042368800011186, -0.1166346509878948, -0.519047457152241, -0.1536438409578835, -0.6554905341303682, -0.3502790289857558, -0.1255851517992586, 0.42670215859440136, 0.0939487088181139, 0.07420145703450581, 0.6580657596927938, 0.17084327445003897, 0.17084327445003897, 0.6580657596927938, -0.03845008268183793]], "inverted": true, "swapped": false, "error_lsq": 0.04638675305800425, "error_max": 0.3081786380095684, "target": "474.xyz", "model": "21.xyz", "model_rescale": 4.186013935880536, "target_rescale": 4.218402893244936},
{"mapping": [1, 8, 0, 12, 13, 5, 11, 10, 2, 9, 7, 4, 14], "R": [[0.5128097882193929, 0.13358041469859144, -0.8480462215677479], [-0.8473789200002099, 0.2372575850608551, -0.47503452955587244], [0.137750089094923, 0.9622188478407829, 0.23486123948897433]], "T": [-0.05865984911759143, 0.005790150306501915, -0.08872781865211452], "aligned_model": [[-0.017317267910558355, -0.41763317904610575, 0.5134043181398408, 0.2997498694917062, -0.26566112741416376, 0.6095590067757543, 0.17021003585405087, -0.6908145339309221, 0.3075368242151024, -0.3902777564137142, -0.5569697251775325, 0.5746371039999121, -0.07784953316014513], [-0.4198087994369919, 0.08371863006230552, 0.22774913203385816, -0.45574268701026993, -0.37785478503687464, -0.2757688849532862, -0.5998399895828627, -0.24116399263515287, 0.6724951448129282, 0.627740667657489, 0.1720340201932607, 0.03845629195449053, 0.06694191148719937], [-0.6994373374159296, -0.6595455199373111, -0.5611200455994296, 0.5164944299743721, 0.43481280122395305, -0.22188538752306877, 0.05535285168506254, 0.11613154016143079, 0.030913747652811407, 0.19519203419524003, 0.5695480237124492, 0.3736723958483318, -0.04724997264256601]], "inverted": false, "swapped": true, "error_lsq": 0.05116582083695672, "error_max": 0.3587369607402866, "target": "474.xyz", "model": "22.xyz", "model_rescale": 4.166573947596378, "target_rescale": 4.218402893244936},
{"mapping": [0, 2, 7, 5, 8, 4, 10, 14, 6, 13, 12, 3, 9, 9, 15], "R": [[-0.28655477725789225, 0.9352611834706308, 0.20778084205189618], [0.12609523291036107, 0.25180632564819105, -0.9595277831312855], [-0.9497296204014919, -0.24875709649509992, -0.19008828231999483]], "T": [0.0828895148669093, 0.05974734628266349, 0.04380310734688561], "aligned_model": [[-0.008914158632280234, 0.30596632508965355, -0.29757605928893904, -0.6536635253305612, 0.5393903751033161, 0.5309326479767256, -0.3257895963420391, -0.2996401130427716, -0.29273196421632414, -0.7058550076043466, -0.08718536759262548, 0.6686960091940282, 0.41861643326343956, 0.41861643326343956, 0.04584232761554346], [-0.1295435665804463, -0.5741779690187631, 0.32929888556015036, -0.10716658368837484, 0.45208925705452485, -0.21598977105347827, 0.6730659255496587, 0.5509499181614547, -0.5653503771119289, 0.36747301880228933, -0.04661276657794947, -0.0673036047745621, 0.5106276841136601, 0.5106276841136601, 0.012454679683841952], [-0.7451815557977914, 0.07822215076654394, -0.49839386996450985, -0.3036034846441593, -0.4963394015121111, -0.4691100493969127, -0.0894745632939877, 0.5320334631946024, 0.2612173953435246, 0.04344584038947025, 0.6676167141060442, 0.08979722714159503, 0.2546194338101602, 0.2546194338101602, 0.009834032083699137]], "inverted": true, "swapped": false, "error_lsq": 0.042586248101037914, "error_max": 0.3105003475736503, "target": "474.xyz", "model": "23.xyz", "model_rescale": 4.274766983524099, "target_rescale": 4.218402893244936},
{"mapping": [10, 6, 9, 8, 2, 0, 1, 5, 11, 4, 14], "R": [[-0.7403843619998686, -0.3576541503191593, -0.5691348744063466], [0.23073978546798496, -0.93047587232977, 0.28455896122656554], [-0.6313399622297292, 0.07936094613620712, 0.7714348270075252]], "T": [-0.025433373135095253, 0.028266889450517918, -0.06094417442019572], "aligned_model": [[0.3289851593682261, 0.10607811281581772, -0.3480883765341272, -0.39992351728477454, -0.51823677290784, -0.5113314155586584, -0.03583868407109814, 0.089352197809479, 0.5377802946372174, 0.18115262406469995, -0.05003491838086673], [-0.10102995310578575, 0.6992632665957231, 0.5154444971953067, -0.472301313813409, 0.5818039232009901, -0.08422454924383682, -0.6827666080327081, -0.0678477275692354, -0.13432868100048842, 0.5712836706610486, 0.09029000635587835], [-0.661146708123735, -0.20848098993609762, -0.5466962640782016, -0.3254364304002319, 0.14798456722822972, 0.5314462253155289, 0.1629595689907892, 0.6609347080480005, 0.24934855037096848, 0.46669307511101366, -0.09803986850468709]], "inverted": true, "swapped": true, "error_lsq": 0.047793021772728546, "error_max": 0.26970340163684714, "target": "474.xyz", "model": "24.xyz", "model_rescale": 3.7841303162186577, "target_rescale": 4.218402893244936},
{"mapping": [5, 9, 3, 13, 4, 2, 6, 7, 14, 11, 10, 8, 1, 0, 15], "R": [[0.5715829761347203, 0.5199202716985052, 0.6348037590231554], [-0.8103152297541276, 0.47943226025364816, 0.33694797262573617], [-0.1291593195301503, -0.7069848788376104, 0.6953346325859786]], "T": [0.03450559409491451, 0.08607516083841742, 0.041772766755370366], "aligned_model": [[0.1173579127525733, 0.17557935882797515, -0.3615692110342658, -0.6502550315780712, 0.32535506156094873, 0.5572918993204389, -0.18412868258566828, -0.1636545206448679, -0.31339123816672243, -0.6851484660081656, -0.20521304673712987, 0.618314671482311, 0.6355438542535277, 0.38446953094401587, 0.006152667069358526], [-0.12013455587784995, -0.47882166437707613, 0.3056628028864742, -0.17783037646460104, 0.44422178848717875, -0.24919261229025846, 0.7251871993541529, 0.49276010971977796, -0.6165525783083323, 0.3351534313173462, -0.16610678482687585, 0.06318802051009557, 0.5238532374289314, 0.47936354660828423, 0.13969085006648962], [-0.8067269630433667, 0.0977234440669183, -0.6244913729330925, -0.22925629105907683, -0.5446075903822974, -0.38610925822021247, -0.21466690944090086, 0.5088332354100625, 0.16252464704883338, 0.1391669047466481, 0.7376135134749793, 0.1317778977565058, 0.05359474989784299, 0.5557566554865288, 0.008170103226955584]], "inverted": true, "swapped": false, "error_lsq": 0.04035174214644597, "error_max": 0.2526538785161816, "target": "474.xyz", "model": "25.xyz", "model_rescale": 4.19342608120988, "target_rescale": 4.218402893244936},
{"mapping": [1, 11, 5, 3, 0, 8, 2, 9, 4, 10, 6, 14], "R": [[0.6239913835029165, 0.7054499093052921, 0.3361178049066601], [-0.7371107381471255, 0.6741678878333259, -0.04653405981162627], [-0.2594272788708156, -0.2187191909172756, 0.9406696564162025]], "T": [0.016062645969350302, -0.03889254181158922, 0.06261138238007727], "aligned_model": [[-0.27208923005012026, 0.482752280489509, 0.13674558449390803, -0.605279580426735, -0.4242443487244759, -0.5525091412390548, -0.1830789434997445, -0.11130261367448702, 0.4709749238245342, 0.23591528770465997, 0.4032092440077538, 0.01671509172603322], [-0.7199640441868358, -0.5070443338141957, -0.5034589612113858, 0.34486087819125544, -0.2553023722465274, -0.19292286058083366, 0.4720809436329269, 0.6974622290892546, 0.07805055741455125, 0.028826300279083943, 0.5327414768676779, 0.03744661430600885], [0.1570565852817593, 0.008175963484441592, -0.49697465941384356, 0.01511316083746414, -0.5365331350983357, 0.3999069965644566, -0.4779053908694185, 0.20031798106331972, -0.5661375317407599, 0.7331725097121718, -0.04986342069804846, 0.06292940208621346]], "inverted": false, "swapped": true, "error_lsq": 0.05175001613675471, "error_max": 0.37517409262889245, "target": "474.xyz", "model": "26.xyz", "model_rescale": 3.795458400668931, "target_rescale": 4.218402893244936},
{"mapping": [4, 11, 12, 6, 9, 0, 5, 2, 1, 13, 3, 8, 14], "R": [[0.6000374470220835, 0.21580873123677702, 0.7703126986446435], [-0.7146968847359398, -0.28798369401751217, 0.6373960738259775], [0.3593931344919702, -0.9330015988743005, -0.018563172628516506]], "T": [-0.05182612209943533, 0.07014037948559054, -5.073269145803444e-05], "aligned_model": [[-0.061403617909523485, 0.4421229152388245, 0.4997781182902497, 0.003471002159375354, -0.3249812188187779, -0.6383314091135069, -0.09444279121339949, -0.6602519979113688, -0.00235793046016719, 0.5762530360234568, -0.6923746524192365, -0.2712633128953113, -0.07654175814935821], [-0.625424814045815, -0.3208252408029956, -0.5136653672122933, -0.020393619094915535, 0.4654176169788705, -0.31201182746592154, -0.5976234837965138, -0.14677769548941572, 0.06917494035437932, 0.05765194212040531, 0.4163514067857258, 0.5567505063365192, 0.09325713858888507], [-0.3634284963613956, 0.20752759570320345, -0.2503858453992272, -0.6914582421685477, -0.5887319401114096, 0.33108195391054196, 0.3094619653738195, -0.41918574678508036, 0.7438321595003039, -0.26365717486438883, -0.07370150049032789, 0.4192647230209092, -0.06848278922897502]], "inverted": false, "swapped": true, "error_lsq": 0.05747400452042784, "error_max": 0.3141460416871828, "target": "474.xyz", "model": "27.xyz", "model_rescale": 3.6321398670334006, "target_rescale": 4.218402893244936},
