[{"mapping": [10, 11, 12, 0, 9, 1, 8, 2, 3, 5, 4, 13], "R": [[0.14242014714892653, -0.7254536283199575, 0.6733747358221032], [0.8475634660527525, -0.2619916172025733, -0.46151550735400554], [0.5112266353572779, 0.6364569315146072, 0.5775551070056327]], "T": [0.0871642589123787, -0.15745418341515968, 0.15099624531741462], "aligned_model": [[0.09526009561578438, 0.5780734130263994, -0.14486449342418867, -0.6371473511023181, -0.45930663171214736, -0.004390609267825973, 0.5411937520983824, -0.4112290694307922, 0.08265695661721253, 0.7862027439704177, 0.005086595581738268, 0.0904523437596785], [-0.4362236571845074, -0.2262087793485743, -0.6139666408909951, -0.3344708270625304, -0.07328197353288818, -0.6416418925269382, 0.36313801271804325, 0.323501037361802, 0.01920706442819403, -0.32741584259114065, 0.7842897236792232, -0.08423865720741822], [-0.8173275448292792, -0.34027033077785607, -0.11896457078765538, 0.3496170751675697, -0.329657243744923, 0.4513694829411498, -0.21427093944624498, 0.48497889648376497, 0.6429015141793994, 0.38521727609711853, 0.010333893410912814, 0.005502130400144856]], "inverted": true, "swapped": false, "error_lsq": 0.049900174961737896, "error_max": 0.23336461772950373, "target": "475.xyz", "model": "0.xyz", "model_rescale": 3.8414455957264533, "target_rescale": 3.967166503295351},
{"mapping": [3, 1, 10, 6, 2, 8, 0, 9, 13, 11, 7, 14], "R": [[-0.7184952744456367, 0.6183616308696268, -0.3184233566614494], [-0.5483023198559501, -0.22188565678422828, 0.8063072127632339], [0.4279358674379523, 0.7539201872756073, 0.49847291258245957]], "T": [-0.002231590766119347, -0.09950688189018775, 0.01616973164119169], "aligned_model": [[0.1725294767591904, 0.6797377820557162, -0.11628543171151501, -0.7398162502544792, -0.5884989518349653, -0.13719602668729358, 0.49897940396887663, -0.33483042009778785, 0.3430562835958843, 0.7911927437216006, -0.09911247851539662, 0.05223161473251002], [-0.3346222790228799, -0.31739503876597264, -0.773383446799145, -0.3542342524708496, 0.14390123483291273, -0.4523278471421418, 0.41514549839154824, 0.2656617013126505, 0.10925168323698228, -0.32823977512042474, 0.535086993070214, -0.15615690368062374], [-0.7101609102489921, -0.4695672515040157, -0.019374565264167073, 0.04948655244007863, -0.36019152789160813, 0.7101469394915142, -0.08097879245601793, 0.4868496702005876, 0.6580756016439079, 0.22694091355944446, 0.045490536315952304, -0.02728752719258265]], "inverted": false, "swapped": false, "error_lsq": 0.041624447774390005, "error_max": 0.23308554223913264, "target": "475.xyz", "model": "1.xyz", "model_rescale": 4.316132596720782, "target_rescale": 3.967166503295351},
{"mapping": [9, 5, 1, 8, 10, 2, 3, 6, 4, 0, 6, 11], "R": [[-0.80931093834538, -0.368695002252067, 0.45725244711085905], [-0.5437120098863691, 0.7647763243100129, -0.3456796552882319], [-0.22224548449821296, -0.5283759732323323, -0.8194057453611978]], "T": [0.08010510891996253, -0.15632683734088407, -0.09961037886510973], "aligned_model": [[0.2254180597929577, 0.7015373147155002, -0.13045183612403566, -0.6229966317511668, -0.45844867697288, -0.09348025199940319, 0.3356205041556175, -0.25106874678440555, 0.42277922776516824, 0.5556052277708732, -0.25106874678440555, 0.08854230194852075], [-0.558694966255652, -0.14115606082710805, -0.6563559212443727, -0.2731045574377345, 0.03713482726054576, -0.5153445444583196, 0.4430103158194837, 0.4787402288748933, 0.12405466537688112, -0.5940562909842594, 0.4787402288748933, -0.07028035715698042], [-0.7053624241561046, -0.27093388296498444, -0.11490585365943891, 0.18154264382378302, -0.3637470908523295, 0.6363922095784598, -0.180380846724992, 0.3042579928917015, 0.5314921423975871, 0.19399926159699618, 0.3042579928917015, -0.007182505728278693]], "inverted": false, "swapped": false, "error_lsq": 0.06262643398973415, "error_max": 0.40048937506307736, "target": "475.xyz", "model": "2.xyz", "model_rescale": 3.795458400668931, "target_rescale": 3.967166503295351},
{"mapping": [1, 2, 0, 7, 8, 4, 6, 9, 5, 10, 3, 11], "R": [[-0.9031771279317523, 0.40186090409752306, 0.15092676813233719], [0.15986277958783274, -0.011425223582235633, 0.9870731259478944], [0.3983904708742453, 0.91562944362008, -0.05392360051572781]], "T": [0.07661874324719875, -0.1684206224555718, 0.019305951736551533], "aligned_model": [[-0.02849421793290688, 0.7303577901187375, 0.012571621757433427, -0.6542965491379619, -0.34171130923299775, 0.061776284429879265, 0.2342787925949643, -0.47195195956081215, 0.2638668893083679, 0.6797708320873229, 0.02289812940093358, 0.012921441899380368], [-0.3270361311223122, -0.2107974853297251, -0.9425590295147416, -0.37915512525059075, 0.36267590989277043, -0.5225231349541216, 0.29328288850612216, 0.32910525919574707, 0.20261420127550586, -0.3900078945250619, 0.6232887735285888, -0.28620066385991094], [-0.5807450692291594, -0.3788834146501156, -0.07458567259973845, 0.08754158249661002, -0.37248401438154277, 0.5534836800087689, -0.3112533824626341, 0.4732804266964063, 0.5859592027858394, 0.3744360321081803, 0.10521493551790548, 0.047465332803581284]], "inverted": false, "swapped": false, "error_lsq": 0.05894056958183045, "error_max": 0.30587566453517917, "target": "475.xyz", "model": "3.xyz", "model_rescale": 3.7530521520055578, "target_rescale": 3.967166503295351},
{"mapping": [6, 7, 8, 5, 9, 3, 1, 4, 0, 2, 11], "R": [[0.32722301343214805, -0.6521563170464725, 0.6838254438208375], [-0.8862819580337863, -0.4628233455981522, -0.017287036563024882], [0.3277642298118913, -0.60040543710539, -0.7294408274494263]], "T": [-0.22108179836644093, -0.08643317162503873, -0.09060450706914404], "aligned_model": [[-0.3972247459968653, -0.22863568275724916, 0.3627758127680014, 0.43866997218263315, 0.341204183877018, -0.13090835457347763, -0.21849559501014043, -0.6917512989023493, -0.3233815338290543, 0.25631431547926087, -0.07036747079257247], [-0.6645482125392029, 0.09964748482477619, -0.33938273602521957, 0.23670163127401328, -0.5670943577711696, 0.6874054180772596, -0.5422300976699567, 0.24151811413278873, 0.10021623614799462, 0.27327676537094214, -0.05830688750787971], [-0.07692063841405289, -0.7017189890421596, -0.5039807074307753, -0.25787617788789086, 0.17560517496515393, -0.21543785962487727, 0.5596706987587177, -0.003711597563876637, 0.7757867273479625, 0.3704596157344521, -0.029045469597336886]], "inverted": false, "swapped": true, "error_lsq": 0.037756720288727195, "error_max": 0.2013170552932213, "target": "475.xyz", "model": "4.xyz", "model_rescale": 3.7855080009869324, "target_rescale": 3.967166503295351},
{"mapping": [5, 0, 10, 8, 6, 15, 1, 13, 14, 2, 11, 16], "R": [[-0.03933933259502856, 0.8213960888841111, 0.5689998963768477], [0.4776848260456653, 0.5156162637968993, -0.7113065973782677], [-0.8776500577546271, 0.24382028970947428, -0.4126524475261086]], "T": [0.051531615735463054, -0.12669311593702998, 0.016863737032237845], "aligned_model": [[0.2455090103790281, 0.6133369593416611, -0.1966470430098453, -0.606218372240867, -0.4071349037517318, -0.29655358067839643, 0.5207827130178059, -0.39939492437366286, 0.3172401510395089, 0.7595659478379342, -0.10897712611987542, 0.08047891429078169], [-0.5932533985760724, -0.08836401233086028, -0.8088753278059844, -0.3099087472271298, 0.2329365925157975, -0.5198787915024417, 0.40342145253795775, 0.26118217740964605, -0.1322010513950609, -0.2049416980132724, 0.651846348799626, -0.13927597656993523], [-0.6154316983857121, -0.5229320753197872, -0.04637436245885426, 0.18747106316956402, -0.277021554819191, 0.6521273258310543, -0.2512517063485278, 0.43048874970898754, 0.6390100505682405, 0.21269588849352547, 0.04030459742424247, 0.06034336123055961]], "inverted": true, "swapped": false, "error_lsq": 0.041084901516439974, "error_max": 0.19531897356518227, "target": "475.xyz", "model": "5.xyz", "model_rescale": 4.2253639853439635, "target_rescale": 3.967166503295351},
{"mapping": [12, 7, 11, 8, 9, 5, 3, 10, 2, 6, 4, 13], "R": [[-0.3035438145611279, 0.8369080167257219, -0.45546253872508435], [0.08677832402848418, 0.5003122856463614, 0.8614854260578768], [0.9488575631360523, 0.22197429664610496, -0.22449217471435384]], "T": [-0.054822858630755346, -0.009426293257258384, -0.005222677097627942], "aligned_model": [[0.2046444824560891, 0.5615773206949024, 0.018386434425443375, -0.728798372594899, -0.4680262371878154, -0.07951362193505296, 0.6014697644311751, -0.4307905481003315, 0.2479045883828855, 0.5041223709033493, 0.08952684668557415, 0.0014847175710211089], [-0.61749486776492, -0.07493603695275664, -0.7841469731805101, -0.28878052381027886, -0.037955638529418106, -0.3572563631286385, 0.25838076548204436, 0.16191879788323993, 0.12945128158992691, -0.30680835743826407, 0.6565983527791268, 0.013717130912718402], [-0.6642166619522513, -0.5003494370643651, -0.0037886887242438716, 0.1113238631667213, -0.45360362215746886, 0.5231198965715843, -0.029073146741576777, 0.6564431226881114, 0.5772210747500509, 0.10818854989344502, 0.18578948391240488, -0.0016247952483107756]], "inverted": true, "swapped": false, "error_lsq": 0.04923974737995284, "error_max": 0.25940810040691753, "target": "475.xyz", "model": "6.xyz", "model_rescale": 3.89814844738969, "target_rescale": 3.967166503295351},
{"mapping": [1, 2, 0, 3, 6, 7, 10, 8, 11, 4, 9, 12], "R": [[0.795833512766321, 0.5917350993751018, 0.12844684552590918], [-0.5696363632020369, 0.6597036952098663, 0.4902095962385937], [0.20533736551337956, -0.4632932189164727, 0.8620881391308189]], "T": [0.0525990373401782, -0.14583763902133517, 0.06872138362518139], "aligned_model": [[0.034779018808398045, 0.6135355333236387, -0.12848843332198737, -0.6756922839351382, -0.5251136361679101, -0.0522492009406822, 0.6136323434875199, -0.39355804146575624, 0.2455326066264716, 0.6125501117898837, -0.033832039350880645, 0.21089176687878367], [-0.3292185029221873, -0.2862245616113976, -0.6311875551928338, -0.4741068047563583, 0.026726150675178417, -0.5857589588640368, 0.29508228156611077, 0.19708072415910438, 0.27601892233676284, -0.37262225399902327, 0.730744083931068, -0.09384595748011706], [-0.7564152824661665, -0.340166870009544, -0.21877326729863583, 0.18793985053613071, -0.2376210006142393, 0.5449049184341994, -0.10371676782243207, 0.44427115334916517, 0.7321624501145737, 0.2934864187536818, -0.07987212566252087, 0.04323016177988871]], "inverted": false, "swapped": false, "error_lsq": 0.055002614795618375, "error_max": 0.2947610713867603, "target": "475.xyz", "model": "7.xyz", "model_rescale": 3.7474275329858107, "target_rescale": 3.967166503295351},
{"mapping": [5, 8, 6, 10, 11, 0, 4, 12, 1, 2, 13, 14], "R": [[-0.5925172088104285, 0.6602101823640583, 0.4615689248273932], [-0.8053190027095352, -0.4994150396314363, -0.31944627414457405], [0.01961277997680394, -0.5609876409447427, 0.8275918109604721]], "T": [-0.0063814462141122755, -0.12039443317815926, 0.0030188416036305704], "aligned_model": [[0.10515842546760784, 0.5274226141812199, -0.20890952665521176, -0.7083434367526947, -0.47945472549467094, -0.05723695746422531, 0.568197386801893, -0.3635662011303793, 0.2628034041820275, 0.7880969981376292, 0.055432618577546174, 0.03238714588159857], [-0.5931773566403068, -0.11187907762785634, -0.9093524108981363, -0.37312231014123387, 0.1487616469754264, -0.6005889642075438, 0.3816980969832673, 0.28624293529670886, -0.1150916024231316, -0.05302394506594302, 0.7726606999579377, -0.08044014436691826], [-0.5233428480449399, -0.42147029804758923, -0.055852071609873016, 0.13955214791791454, -0.2973752870622972, 0.4513938709840818, -0.1701518881736266, 0.29917373387217977, 0.7046691935261844, 0.27293496680144874, 0.0851369228389398, 0.02476119609167814]], "inverted": true, "swapped": false, "error_lsq": 0.04573694948833295, "error_max": 0.2771267131626763, "target": "475.xyz", "model": "8.xyz", "model_rescale": 4.019505241142653, "target_rescale": 3.967166503295351},
{"mapping": [10, 1, 6, 11, 9, 5, 0, 8, 3, 2, 7, 12], "R": [[0.41596214573986234, 0.1403562232774328, 0.8984851829044177], [0.3667345644733202, 0.8782213637744642, -0.3069739328195217], [-0.832154584516635, 0.45719510801999574, 0.3138333644954449]], "T": [0.059380039870510666, -0.12222805001777914, 0.041588462008641344], "aligned_model": [[0.036225251405033666, 0.3834795065060159, 0.04329050059010379, -0.5320903994231493, -0.40244096391065637, -0.11502509957294943, 0.47331220208650665, -0.47573255396445535, 0.49408884315257123, 0.585907682836816, -0.003981568092308672, 0.034954344118812236], [-0.6372787563593945, -0.0015128860841169822, -0.8485742291452257, -0.3077489406528712, 0.10494987724483579, -0.3781274893115729, 0.3649159671399844, 0.2823930472220477, -0.13097481056220758, -0.3422681883046618, 0.780001656356028, -0.13308767970057497], [-0.7149605343464596, -0.5386637995928163, 0.02661539420004988, 0.096308134638478, -0.40835776951425956, 0.6370908074673192, 0.15989716710542076, 0.11951927089546725, 0.7828121517749789, 0.19754724166433868, 0.0809693412356917, 0.07065223356589218]], "inverted": true, "swapped": false, "error_lsq": 0.05516490374653757, "error_max": 0.3357455513883495, "target": "475.xyz", "model": "9.xyz", "model_rescale": 3.877068213659057, "target_rescale": 3.967166503295351},
{"mapping": [5, 0, 4, 13, 6, 2, 11, 14, 9, 8, 10, 15], "R": [[0.3120614170089532, -0.3634232202751638, 0.8778047818160903], [-0.4452890802484404, -0.8721248611120032, -0.20277046540822316], [0.8392468689401602, -0.32760004516971464, -0.4339849114646022]], "T": [0.009729183791708014, -0.18879784518917736, -0.03681045850098235], "aligned_model": [[0.1840157644016175, 0.66094348685572, -0.15801344862950803, -0.7104869655312133, -0.42587438433189573, -0.10609072415605397, 0.5016336765785285, -0.3518496494525494, 0.19168608019205147, 0.7010944018698606, -0.04590635843668802, 0.08083586637247123], [-0.5402196796407348, -0.09220070265247163, -0.8444215341713757, -0.22293226522870685, 0.1491224958485476, -0.4477302648835236, 0.35207840413698227, 0.21996309487443572, 0.06387990351044376, -0.21567866829734442, 0.5055326455558702, -0.17470586120985204], [-0.712918677895287, -0.48442073449158846, -0.026290598295373013, 0.24204799230641144, -0.31315073728020854, 0.5631021258841995, -0.13749873564738607, 0.5214876588759422, 0.5451611448132162, 0.30467818316792267, 0.09743050217262189, -0.09019848451636944]], "inverted": true, "swapped": false, "error_lsq": 0.04108893847246149, "error_max": 0.2491445570082155, "target": "475.xyz", "model": "10.xyz", "model_rescale": 4.260839863003843, "target_rescale": 3.967166503295351},
{"mapping": [6, 5, 0, 7, 10, 1, 4, 8, 2, 3, 9, 11], "R": [[0.8959484976545947, 0.028860898844988353, 0.44321928891727486], [0.443129583708395, -0.12594877489511755, -0.8875658162327142], [0.030206979208454054, 0.9916168386127169, -0.12563273373934708]], "T": [0.022976587073143945, -0.07149174022994259, 0.061716626892504955], "aligned_model": [[-0.03287884614515517, 0.5076588058269983, -0.057973479120093804, -0.5296361539310496, -0.26950938736940244, -0.015703403798570627, 0.49122343649891226, -0.4601537253615134, 0.3587834663525984, 0.6056250306376673, -0.07005123206693624, -0.005396765791114078], [-0.5225269468751679, -0.16319282523527803, -0.9309388523189215, -0.41832045235341225, 0.21879407590438066, -0.4752494891131072, 0.46235579089282436, 0.2730697376191977, 0.1365574371200252, -0.42692171212706564, 0.7200392512873022, -0.12097844695850708], [-0.643054788249116, -0.40011121990820836, -0.09586515428873738, -0.0010100198284313522, -0.4110622767694762, 0.6606691973555219, -0.11676183152248085, 0.46603815272058924, 0.62234699154826, 0.2567125183923412, 0.08533389792409227, 0.08619417171974691]], "inverted": true, "swapped": false, "error_lsq": 0.04342821456508714, "error_max": 0.23155304308934005, "target": "475.xyz", "model": "11.xyz", "model_rescale": 3.890672605050136, "target_rescale": 3.967166503295351},
{"mapping": [10, 12, 11, 1, 4, 6, 7, 0, 8, 5, 3, 13], "R": [[0.5121995729148102, 0.35135837587260865, -0.783708421040663], [-0.7358813321747296, 0.6500509457664904, -0.1895057594503057], [0.4428659644436811, 0.6737811659673001, 0.5915138865023493]], "T": [0.011247992285997203, -0.26231331230792504, 0.10926443839347258], "aligned_model": [[0.07580668608329738, 0.5358750919392302, -0.17370547761688326, -0.7221870377164387, -0.2603318308679498, -0.08438250332259528, 0.5872320077692766, -0.3999096636737018, 0.19663454093689467, 0.7813214900850536, -0.09456507301628259, 0.08019951513243931], [-0.504251817957692, -0.1957444108898902, -0.7331773216917792, -0.3038544509493961, 0.1359794251668096, -0.5528305410482088, 0.33477400761075354, 0.12315782322405594, 0.16216267490813407, -0.21827566892627942, 0.654554023361857, -0.14980617496609408], [-0.7491285013385048, -0.4155851918993434, -0.10716444723203292, 0.36547856945562673, -0.3993261029614513, 0.5976422553101278, -0.08744172972661504, 0.28549135280959337, 0.6612091907866748, 0.20936276898882913, 0.14420782110273977, 0.004683653798457144]], "inverted": true, "swapped": false, "error_lsq": 0.043892328258777986, "error_max": 0.23068243059228644, "target": "475.xyz", "model": "12.xyz", "model_rescale": 4.124412569039231, "target_rescale": 3.967166503295351},
{"mapping": [1, 6, 0, 4, 2, 5, 9, 10, 7, 3, 11, 12], "R": [[-0.8820927623414357, -0.021112821165011647, -0.47060238780451336], [0.3995535094878502, 0.4956562049261601, -0.7711562225477655], [0.24953827698531095, -0.8682621581646011, -0.42877904918331955]], "T": [0.14577644618267785, -0.16570745193769837, 0.0677695295026016], "aligned_model": [[-0.033189139870841294, 0.5756536929933203, 0.10095630360566546, -0.5928005747450242, -0.5187561361409276, -0.15028586454541834, 0.6169995591250009, -0.33115188135590135, 0.23773827234656286, 0.7637411415843366, -0.1922174968788037, 0.04529986961437077], [-0.3837887270262495, -0.12019134608925303, -0.7438571368618079, -0.4346981855495417, 0.17231690254295534, -0.4912944390558775, 0.26087034380788326, 0.31822211108501147, 0.04062542285805315, -0.5218507673110907, 0.7542264143541841, -0.09789302491199675], [-0.6959556667381699, -0.4428640490710902, 0.09016350269974993, 0.047172803111022066, -0.3641233929413519, 0.684280763023824, 0.13575065928270685, 0.3557994250367522, 0.6526177506875243, 0.07368137506132612, -0.10553551208452447, 0.07844198102633204]], "inverted": false, "swapped": false, "error_lsq": 0.051507665903481374, "error_max": 0.32152135725750225, "target": "475.xyz", "model": "13.xyz", "model_rescale": 3.9028299243045295, "target_rescale": 3.967166503295351},
{"mapping": [8, 5, 12, 1, 3, 11, 10, 9, 14, 13, 7, 15], "R": [[-0.7326085480735791, 0.20105361931348767, -0.6502785229810915], [0.658185909596419, 0.45268218474887445, -0.6015564379338989], [0.17342440341041193, -0.868709549718393, -0.4639694974131485]], "T": [-0.06674123858582909, -0.12117090464001302, -0.15402266239052173], "aligned_model": [[0.13675328471192227, 0.3916422971177799, 0.16809515340286624, -0.5589459355917408, -0.4109593098800029, -0.18895208940470026, 0.4552696173872775, -0.27360235487257806, 0.33416591954596264, 0.6480016246446496, -0.08833082689814603, -0.09114963443094931], [-0.6570942586684819, -0.2383552634641704, -0.7398858270709948, -0.42742828303795166, 0.26981203010592025, -0.39327286080054813, 0.3613912479886041, 0.2817806658892507, -0.05898401696742035, -0.354247184388342, 0.7477135523842754, -0.03874223412787063], [-0.6715970987301859, -0.3496094561624482, 0.06111450947859562, 0.13947301077170163, -0.49656566607053765, 0.5219076015669845, 0.06956409290959467, 0.4750114915631902, 0.6323976414821845, 0.10572613755860236, 0.10132346711858722, -0.07931609239216778]], "inverted": true, "swapped": false, "error_lsq": 0.04744691063843606, "error_max": 0.26024729702647603, "target": "475.xyz", "model": "14.xyz", "model_rescale": 3.942246331269136, "target_rescale": 3.967166503295351},
{"mapping": [12, 1, 4, 11, 8, 10, 2, 6, 9, 5, 7, 14], "R": [[0.1478419091082095, -0.36924316448689953, -0.9174978230987473], [-0.6086645456652354, 0.6972317652004577, -0.37867576691093696], [0.7795320652554149, 0.6144325439583699, -0.1216651476942899]], "T": [0.028714981691965014, -0.2158262410551836, 0.009639233920281702], "aligned_model": [[0.10990887654518562, 0.6406597914582204, -0.08343969066935814, -0.6700101315956246, -0.485111409819652, -0.10105618445874343, 0.5322874825760056, -0.3379537686337675, 0.19824375116304366, 0.6567230426274218, -0.012107379795226247, 0.07384336633483568], [-0.5114116255966623, -0.29124207306513583, -0.7770326309360827, -0.34352119181681245, 0.27041153306083726, -0.5060307959078917, 0.35764977854708097, 0.10658302254607782, 0.15299619268124837, -0.1636685745159563, 0.6216817528406164, -0.16372781999504926], [-0.7480632736951931, -0.5161719849244732, 0.13665377776065163, 0.10755879411016428, -0.30404244022827137, 0.648342041822195, -0.004068790518793143, 0.2823949554314515, 0.7049034389723744, 0.08490550399117325, 0.17665241631101558, -0.059634799938193546]], "inverted": false, "swapped": false, "error_lsq": 0.04426995230233178, "error_max": 0.23874236414350952, "target": "475.xyz", "model": "15.xyz", "model_rescale": 4.355366556412066, "target_rescale": 3.967166503295351},
{"mapping": [9, 5, 1, 8, 10, 2, 3, 6, 4, 0, 6, 11], "R": [[-0.80931093834538, -0.368695002252067, 0.45725244711085905], [-0.5437120098863691, 0.7647763243100129, -0.3456796552882319], [-0.22224548449821296, -0.5283759732323323, -0.8194057453611978]], "T": [0.08010510891996253, -0.15632683734088407, -0.09961037886510973], "aligned_model": [[0.2254180597929577, 0.7015373147155002, -0.13045183612403566, -0.6229966317511668, -0.45844867697288, -0.09348025199940319, 0.3356205041556175, -0.25106874678440555, 0.42277922776516824, 0.5556052277708732, -0.25106874678440555, 0.08854230194852075], [-0.558694966255652, -0.14115606082710805, -0.6563559212443727, -0.2731045574377345, 0.03713482726054576, -0.5153445444583196, 0.4430103158194837, 0.4787402288748933, 0.12405466537688112, -0.5940562909842594, 0.4787402288748933, -0.07028035715698042], [-0.7053624241561046, -0.27093388296498444, -0.11490585365943891, 0.18154264382378302, -0.3637470908523295, 0.6363922095784598, -0.180380846724992, 0.3042579928917015, 0.5314921423975871, 0.19399926159699618, 0.3042579928917015, -0.007182505728278693]], "inverted": false, "swapped": false, "error_lsq": 0.06262643398973415, "error_max": 0.40048937506307736, "target": "475.xyz", "model": "16.xyz", "model_rescale": 3.795458400668931, "target_rescale": 3.967166503295351},
{"mapping": [1, 2, 0, 3, 6, 7, 10, 8, 11, 4, 9, 12], "R": [[0.795833512766321, 0.5917350993751018, 0.12844684552590918], [-0.5696363632020369, 0.6597036952098663, 0.4902095962385937], [0.20533736551337956, -0.4632932189164727, 0.8620881391308189]], "T": [0.0525990373401782, -0.14583763902133517, 0.06872138362518139], "aligned_model": [[0.034779018808398045, 0.6135355333236387, -0.12848843332198737, -0.6756922839351382, -0.5251136361679101, -0.0522492009406822, 0.6136323434875199, -0.39355804146575624, 0.2455326066264716, 0.6125501117898837, -0.033832039350880645, 0.21089176687878367], [-0.3292185029221873, -0.2862245616113976, -0.6311875551928338, -0.4741068047563583, 0.026726150675178417, -0.5857589588640368, 0.29508228156611077, 0.19708072415910438, 0.27601892233676284, -0.37262225399902327, 0.730744083931068, -0.09384595748011706], [-0.7564152824661665, -0.340166870009544, -0.21877326729863583, 0.18793985053613071, -0.2376210006142393, 0.5449049184341994, -0.10371676782243207, 0.44427115334916517, 0.7321624501145737, 0.2934864187536818, -0.07987212566252087, 0.04323016177988871]], "inverted": false, "swapped": false, "error_lsq": 0.055002614795618375, "error_max": 0.2947610713867603, "target": "475.xyz", "model": "17.xyz", "model_rescale": 3.7474275329858107, "target_rescale": 3.967166503295351},
{"mapping": [7, 11, 2, 6, 9, 0, 10, 4, 8, 3, 5, 13], "R": [[0.7675557694350545, -0.21377097434728315, 0.6042847932337658], [0.6329384608547336, 0.40165596241393176, -0.6618620646540936], [-0.10122769175380192, 0.890491133242747, 0.44359722275758884]], "T": [0.11645470811089031, -0.1353493932798981, -0.04277508873681777], "aligned_model": [[0.0958480294347247, 0.7151338651371769, -0.2730220664784874, -0.6272488425596644, -0.4813053768694946, -0.0890531172123723, 0.5559773058693434, -0.4160559859326459, 0.2924431525813636, 0.7285769798335395, -0.03375536103595428, 0.054449162964811906], [-0.4162965110369227, -0.1980044614418861, -0.7287560731813361, -0.26539336175144035, 0.03462924551860663, -0.573045711116885, 0.3968716594821274, 0.20107562932797624, 0.14952293683326928, -0.21059562994099967, 0.5717011413881343, -0.20902129623837357], [-0.7413904076743967, -0.44201720973855535, -0.04578807952505599, 0.11531477951701494, -0.29079587216539615, 0.6393765497305512, -0.04286180666528412, 0.4980357718356826, 0.5934090624076899, 0.240480113578478, -0.015638154074929224, 0.0013048918683020577]], "inverted": true, "swapped": false, "error_lsq": 0.04385740649517506, "error_max": 0.264504496222821, "target": "475.xyz", "model": "18.xyz", "model_rescale": 3.922800546911778, "target_rescale": 3.967166503295351},
{"mapping": [0, 5, 3, 9, 2, 7, 8, 11, 13, 12, 4, 14], "R": [[-0.9164358299185636, -0.04377336113183174, 0.3977804199513801], [0.04368758228860449, -0.9990021075348149, -0.009283549686133428], [0.39778985004050876, 0.008870287268219658, 0.9174336778255577]], "T": [0.06605001224055407, 0.05382862918242824, -0.06619642051608104], "aligned_model": [[0.07783535633198374, 0.6562984597888731, 0.005234666719804396, -0.6636054933534712, -0.5431892631189993, -0.10419167922692849, 0.5704701298687274, -0.3109024125563463, 0.3027534674347839, 0.580585012391476, -0.08246438812189805, 0.0331638895743358], [-0.5509319758184549, -0.2555526624615332, -0.5827261912214171, -0.28590575610653, -0.10543167596067386, -0.45570579112055154, 0.3986491262765257, 0.17387618141440359, 0.20241799972319352, -0.4522285049165077, 0.6784297841721535, -0.01220296613833731], [-0.6428838158876902, -0.4382497859533912, -0.08196658078556801, 0.055977948823994206, -0.4076530405322681, 0.5250763254070272, -0.0985974041026691, 0.5260358543657031, 0.5612638731134025, 0.2464918511120306, 0.26799515502502635, -0.004060741491496239]], "inverted": false, "swapped": false, "error_lsq": 0.0472221945366568, "error_max": 0.2621553976945069, "target": "475.xyz", "model": "19.xyz", "model_rescale": 3.9282355846067225, "target_rescale": 3.967166503295351},
{"mapping": [6, 5, 7, 9, 4, 12, 1, 11, 10, 2, 0, 13], "R": [[-0.4427277749534789, 0.7214022182596742, 0.5325138089991317], [0.8434925758214871, 0.5365317615594364, -0.025572316515353674], [-0.30415849785724397, 0.4378498696219403, -0.8460349282702667]], "T": [-0.04902374945379647, -0.172276257813388, -0.09109184334172124], "aligned_model": [[0.0030871289979683206, 0.5274362127303882, 0.16959748767091182, -0.5875479055527367, -0.422961359016663, -0.2034907232884663, 0.5323145209217256, -0.4406974933274969, 0.18681919386261367, 0.7082315011426134, 0.0022255254846500205, 0.046973656106832275], [-0.4381014319862732, -0.23724843925693317, -0.7465628005626772, -0.3565018182956896, 0.26053177610039824, -0.670390864751346, 0.29952112615527077, 0.30310985357933085, 0.027872845178472272, -0.24876784085025705, 0.6186683934918804, -0.059443230959905904], [-0.6856214785828966, -0.4798882937957698, 0.011365454469384847, 0.3019444163095877, -0.3598216609539546, 0.5803365874064627, -0.060207540148363936, 0.2749175756365655, 0.7129932215928737, 0.22423296305409704, 0.018347905318030502, -0.02916951121191584]], "inverted": true, "swapped": false, "error_lsq": 0.043602012233926325, "error_max": 0.2067736062950096, "target": "475.xyz", "model": "20.xyz", "model_rescale": 4.067790424073018, "target_rescale": 3.967166503295351},
{"mapping": [4, 2, 6, 13, 5, 11, 0, 9, 12, 3, 7, 14], "R": [[0.24423400831980743, -0.7348216922396406, -0.6327612739367916], [0.502786261787402, 0.653919953012335, -0.5653270469473364], [0.8291897998274522, -0.18007158483896574, 0.5291677429659642]], "T": [-0.04428373694529885, -0.07611810689289883, 0.0072612978794859215], "aligned_model": [[0.030908167127684606, 0.5803524573388141, 0.09736087458913567, -0.6522486705680194, -0.4798486277358987, -0.04706899953626963, 0.5234396427344354, -0.26241791869638065, 0.21937203853431753, 0.6568185836002766, -0.0632050716278788, -0.0814747300278762], [-0.26842665835902996, -0.25202957050490876, -0.7709886818348604, -0.3618845598581505, -0.146964739914704, -0.48840331876156406, 0.3362718639873334, 0.45788894668371655, 0.065807058726498, -0.42186594440075514, 0.6680459008231716, -0.06476272874447649], [-0.7672295628355753, -0.35689074907215823, -0.20404083367260856, 0.20433914778144086, -0.38482300601182307, 0.5053028627772934, -0.10266006311727618, 0.5281296545216398, 0.7124965397086477, 0.34290841262214244, -0.04299673553381431, 0.07489397192619254]], "inverted": false, "swapped": false, "error_lsq": 0.05153700353783849, "error_max": 0.2836550165911234, "target": "475.xyz", "model": "21.xyz", "model_rescale": 4.186013935880536, "target_rescale": 3.967166503295351},
{"mapping": [3, 6, 5, 8, 11, 2, 7, 9, 1, 0, 10, 12], "R": [[-0.4529121087151104, -0.7829354584912018, -0.4264770681014438], [-0.8470412137188674, 0.22861372277412206, 0.47985096438480257], [-0.2781938245915969, 0.5785739655364113, -0.7667205242867648]], "T": [0.025846842759587502, -0.0611644843978234, 0.023841436491832232], "aligned_model": [[0.1610979900115002, 0.4772348605055444, 0.003969490244090341, -0.663679114129344, -0.48409895620239385, -0.14373395769572483, 0.524654154811398, -0.31527192164375034, 0.4101407042892733, 0.5925831324382849, -0.06698881628444049, 0.02608017938790302], [-0.49881171110128963, -0.11968761650059591, -0.8222745851754399, -0.22813487455444684, -0.06522585133395137, -0.6209529107682936, 0.47497014470713983, 0.3174169379968229, 0.055654043371069724, -0.4341641347022269, 0.7614430241831031, -0.06754489827962104], [-0.7777262068561228, -0.2965906927671603, -0.1131679502524896, 0.31426005554192765, -0.3488578607056483, 0.4794492422673695, 0.06938992492980961, 0.3784748464068014, 0.6352291166857146, 0.271772232966146, -0.08102924517853555, -0.021773823943711048]], "inverted": false, "swapped": false, "error_lsq": 0.04937479375290676, "error_max": 0.22767608007440093, "target": "475.xyz", "model": "22.xyz", "model_rescale": 4.166573947596378, "target_rescale": 3.967166503295351},
{"mapping": [13, 5, 10, 9, 12, 8, 1, 3, 4, 0, 2, 15], "R": [[-0.8343719259085268, 0.3160465788183754, -0.45159500581040146], [0.49366835064666204, 0.06403981999009073, -0.8672891449945869], [-0.24518370424133096, -0.9465798759073835, -0.209455221232755]], "T": [-0.10317177850841866, -0.07489600479073702, -0.003692388463746768], "aligned_model": [[0.1193724978067196, 0.5673885826720877, -0.06647521252724028, -0.6035749750732207, -0.48366656610556524, -0.03244661114436216, 0.5115206620910352, -0.34640442023724183, 0.221877193803907, 0.6453846219981799, 0.029407437844788914, -0.0403954653967471], [-0.5616875829117052, -0.22686407138230033, -0.7829814050990817, -0.3301215231468859, 0.1770008345279732, -0.48544997319703287, 0.2841973646288386, 0.20885590354466851, 0.12937519622138635, -0.1789788624256963, 0.5717401743711044, -0.05239848728899839], [-0.6596810647727308, -0.47093589023903804, -0.24495917237615988, 0.20821736102800575, -0.47396151798626085, 0.6895049354984527, -0.039806324498533066, 0.4672103494022567, 0.6227818371835335, 0.30547720390452, 0.12705026861203778, -0.0214683466619824]], "inverted": false, "swapped": false, "error_lsq": 0.04301052808834763, "error_max": 0.23709396843968655, "target": "475.xyz", "model": "23.xyz", "model_rescale": 4.274766983524099, "target_rescale": 3.967166503295351},
{"mapping": [1, 4, 10, 6, 7, 8, 9, 5, 2, 3, 11], "R": [[0.16949297346288533, 0.7628403770215025, 0.6239765148885024], [0.928237227648146, -0.3362965275403342, 0.15899778228767003], [0.33113106340963194, 0.5522492234037139, -0.7650967351225603]], "T": [-0.029804566690541948, 0.15928903819750084, -0.07233913622152624], "aligned_model": [[0.29361051771929825, 0.2060852604649222, -0.6610161209289678, -0.3179598585536806, -0.45836292924729305, -0.5053990422147845, -0.03996644602794312, 0.002972813998958143, 0.557847231918167, 0.2623235337872981, 0.03975974304210016], [-0.4013526645691685, 0.6424034634424448, 0.4377613054414966, -0.12197700169608233, 0.5271383344719867, -0.21771459652827718, -0.6217625382026568, 0.024163383229965696, -0.08129226543110596, 0.6693296273255909, 0.0588894837592895], [-0.5324466604474724, -0.2904873515523808, -0.39734011392608237, -0.523212210785023, 0.22627199395344308, 0.38310705103845166, 0.0166747262655024, 0.6681573270586657, 0.3359063947541231, 0.4540262778600873, 0.03890899980226295]], "inverted": true, "swapped": true, "error_lsq": 0.04587673400284865, "error_max": 0.26027254967103425, "target": "475.xyz", "model": "24.xyz", "model_rescale": 3.7841303162186577, "target_rescale": 3.967166503295351},
{"mapping": [0, 7, 1, 2, 9, 4, 11, 12, 3, 6, 13, 15], "R": [[0.9982246252870185, 0.03333384254704164, -0.049360433665444195], [0.011051998595837283, 0.7106736085817901, 0.7034350541395947], [0.05852735085094225, -0.7027317247758108, 0.7090434910469068]], "T": [-0.024525262771459853, -0.08841986781851652, -0.10288481538156988], "aligned_model": [[0.1950964460801298, 0.5022418001609963, -0.002440270020388418, -0.6668344802086231, -0.549888693910683, -0.00601917924981453, 0.5958396317477098, -0.48254234248972544, 0.24920775699664863, 0.5666297995171216, 0.09231653688655472, 0.028380740222414574], [-0.5923345091319587, -0.14989394990329927, -0.8315135267862089, -0.33394696005622443, 0.11769727843228364, -0.5399529751710868, 0.3631540623564608, 0.3681145508305439, 0.10257473108485604, -0.275922589037809, 0.6208063054324426, -0.09609485020772945], [-0.5919311205742845, -0.4791067694746377, -0.12187062324944273, 0.20687048174791697, -0.25666939123094634, 0.4908152104695138, -0.07727324773665131, 0.2933077964920643, 0.6303226482407827, 0.26779681905554753, 0.20589702718615213, -0.05872919183191315]], "inverted": false, "swapped": false, "error_lsq": 0.04513953805549434, "error_max": 0.21790356577461265, "target": "475.xyz", "model": "25.xyz", "model_rescale": 4.19342608120988, "target_rescale": 3.967166503295351},
{"mapping": [9, 5, 1, 8, 10, 2, 3, 6, 4, 0, 6, 11], "R": [[-0.80931093834538, -0.368695002252067, 0.45725244711085905], [-0.5437120098863691, 0.7647763243100129, -0.3456796552882319], [-0.22224548449821296, -0.5283759732323323, -0.8194057453611978]], "T": [0.08010510891996253, -0.15632683734088407, -0.09961037886510973], "aligned_model": [[0.2254180597929577, 0.7015373147155002, -0.13045183612403566, -0.6229966317511668, -0.45844867697288, -0.09348025199940319, 0.3356205041556175, -0.25106874678440555, 0.42277922776516824, 0.5556052277708732, -0.25106874678440555, 0.08854230194852075], [-0.558694966255652, -0.14115606082710805, -0.6563559212443727, -0.2731045574377345, 0.03713482726054576, -0.5153445444583196, 0.4430103158194837, 0.4787402288748933, 0.12405466537688112, -0.5940562909842594, 0.4787402288748933, -0.07028035715698042], [-0.7053624241561046, -0.27093388296498444, -0.11490585365943891, 0.18154264382378302, -0.3637470908523295, 0.6363922095784598, -0.180380846724992, 0.3042579928917015, 0.5314921423975871, 0.19399926159699618, 0.3042579928917015, -0.007182505728278693]], "inverted": false, "swapped": false, "error_lsq": 0.06262643398973415, "error_max": 0.40048937506307736, "target": "475.xyz", "model": "26.xyz", "model_rescale": 3.795458400668931, "target_rescale": 3.967166503295351},
{"mapping": [2, 1, 0, 3, 9, 7, 8, 10, 5, 6, 11, 12], "R": [[0.0730631301186449, -0.5140414488544887, 0.8546479789228103], [-0.02556969504793019, 0.8556911284909943, 0.5168547990654291], [-0.9969994833059956, -0.05961611763094961, 0.0493755891731021]], "T": [0.00289155720190349, 0.017635236005006008, -0.056238728652597346], "aligned_model": [[-0.15754455898477504, 0.4629711768154631, -0.030313999543285834, -0.5766685445539096, -0.2174929051833856, -0.1859066594908904, 0.6141602642482341, -0.32944034218852186, 0.3409419052979464, 0.7264657436054935, -0.12680833683722165, 0.0016240025471936162], [-0.5291097723402828, -0.15324547691420715, -0.8125113324006916, -0.4329073228654506, 0.03286931044251869, -0.4012998883443069, 0.3973745904688477, 0.22872256638613403, 0.03588897933137315, -0.2580828473506095, 0.720171688736305, -0.07518292730735933], [-0.7271821408504124, -0.3871158903299983, -0.08828959538659753, 0.022488966265455636, -0.42444098534121094, 0.6138781966592938, 0.05734076141257472, 0.5376333755157604, 0.6162560526557439, 0.22943047682281711, -0.021669062711231403, 0.08109948438190623]], "inverted": false, "swapped": false, "error_lsq": 0.046624390203976414, "error_max": 0.24385184690247563, "target": "475.xyz", "model": "27.xyz", "model_rescale": 3.6321398670334006, "target_rescale": 3.967166503295351},
{"mapping": [2, 13, 1, 3, 0, 7, 9, 8, 12, 6, 10, 14], "R": [[0.6784952339317569, -0.2262488233079878, -0.6988960491257922], [-0.14251904530110288, 0.8927727174393061, -0.4273700933880373], [0.7206473057316963, 0.3895745691748737, 0.5734972674685198]], "T": [0.003271218636103128, -0.10106457962621046, 0.029871338927101955], "aligned_model": [[-0.028318026271864506, 0.6796617335760663, -0.030487366637794965, -0.6012533000887899, -0.48452865023344777, -0.21753243435211633, 0.5113185127476579, -0.22333522432093297, 0.3150412164199697, 0.7096021221571532, -0.1429203435507286, 0.03473950628716877], [-0.37582807703552823, -0.23029535710566573, -0.7138573919818825, -0.4062758878216282, 0.10386811748990105, -0.3824028313094506, 0.33186077583489443, 0.17124687172977093, 0.07414951774270376, -0.32747489430881666, 0.6477171671144939, -0.14002044250652174], [-0.7164200276516358, -0.40861766819321, -0.23585883096678859, 0.14369683507067774, -0.3009844783157139, 0.7176081483031398, -0.0023116498252259907, 0.40607023481240584, 0.7752633293757477, 0.2616955423167109, -0.12054659846707971, -0.010165197364926805]], "inverted": false, "swapped": false, "error_lsq": 0.04665477578304411, "error_max": 0.2651270151788134, "target": "475.xyz", "model": "28.xyz", "model_rescale": 4.156811204709835, "target_rescale": 3.967166503295351},
{"mapping": [1, 1, 0, 2, 8, 6, 4, 7, 3, 11], "R": [[0.12336362201791029, 0.9559245196357911, -0.26643897898337715], [0.9656830772443834, -0.05380214456509802, 0.2540895975124029], [0.22855548798145445, -0.2886410261887222, -0.9297573591611313]], "T": [-0.24004409068768684, 0.03759630386274129, 0.10672739142431233], "aligned_model": [[-0.2669106172765611, -0.2669106172765611, 0.07763994775211353, 0.47846912393733254, -0.07185284348993848, -0.6865126870681043, -0.39131051957326457, -0.351273545019802, 0.2100306645260201, -0.08844353240064623], [-0.45081959683984496, -0.45081959683984496, 0.10557166503422885, 0.01215652852191447, -0.4125586227645739, -0.355128497603874, 0.544371850700137, 0.29690764027757865, 0.6571105576588434, -0.02807159751836083], [-0.518847118321885, -0.518847118321885, -0.7241716459844018, -0.12342471450806787, 0.693945682721936, -0.0021928066640007904, -0.1318710471855981, 0.679902426860314, 0.2969261896618651, 0.10736687871682277]], "inverted": true, "swapped": true, "error_lsq": 0.06544240062765674, "error_max": 0.42458402882076635, "target": "475.xyz", "model": "29.xyz", "model_rescale": 4.117894457231895, "target_rescale": 3.967166503295351},
