[{"mapping": [6, 3, 7, 5, 8, 4, 2, 11, 1, 0, 12, 9, 13], "R": [[0.7446021900359532, 0.6664691855139235, -0.037234437743434434], [-0.11862927976922788, 0.18701754779041946, 0.9751674373151991], [0.6568825409272929, -0.7216947149445294, 0.21831643512580054]], "T": [0.08523868013708272, -0.06310428147951214, 0.0847885244037703], "aligned_model": [[-0.3260746123496392, -0.3855815275093345, 0.27594285551363834, 0.26364762324464586, 0.307530261527619, -0.28369169152081997, -0.6048094410470696, 0.700232080761175, 0.0424398328146268, -0.2780490247204007, 0.4195497586257403, 0.2019162166082767, 0.16585256650391808], [-0.05849854672147699, -0.2606724316215117, 0.6295332638661508, -0.6629786227336543, 0.24722031045499543, 0.6303724402090627, 0.26890619473778715, -0.04642060331761784, -0.49398121554338764, 0.07241007618432302, -0.05205951479733559, 0.5616050158123902, 0.06957653819366222], [-0.5596852507172382, -0.02699458665950802, -0.15032768249603404, -0.3403259121491994, -0.5970210033283347, -0.45962367600646037, 0.1545085325928643, -0.24470595645301998, 0.46630843185625903, 0.7519244452976814, 0.5572648983128714, 0.44929890577074516, 0.03542189933086538]], "inverted": false, "swapped": false, "error_lsq": 0.04707423846680509, "error_max": 0.22886758456638287, "target": "477.xyz", "model": "0.xyz", "model_rescale": 3.8414455957264533, "target_rescale": 3.885595643605509},
{"mapping": [7, 0, 6, 3, 2, 9, 13, 5, 1, 12, 10, 8, 14], "R": [[-0.550784626150236, 0.5810068775481163, 0.5992222491182496], [-0.808616143142185, -0.1935462489359592, -0.5555895810512266], [-0.20682414908903307, -0.7905509836592504, 0.5764138388250142]], "T": [-0.007580257416830084, 0.05270966620228932, -0.031131626257741293], "aligned_model": [[-0.38405414505328805, -0.5794241487044776, 0.5590353497116771, 0.4120227677860945, 0.35202740097810653, -0.2953882837326599, -0.6610004898209646, 0.6372431025225522, -0.005994645551459878, -0.025401707126560903, 0.5168003437558505, -0.04760126969674953, 0.020640623384256103], [0.11275819526709127, -0.3615991582308917, 0.5588318638189974, -0.6082888498294486, 0.12816050329047937, 0.612887460763441, 0.31789972329340466, -0.041051818424511034, -0.7476661177281023, 0.13639787214427213, 0.12400414726505601, 0.6859714300776348, -0.013292346984035523], [-0.5484483457054767, -0.19502223459441176, -0.21227866217516947, -0.05090901446877938, -0.671127119073771, -0.29357601743848694, 0.24737014060248502, -0.1297947067871767, 0.29734056663164976, 0.72713496537315, 0.4028307943435811, 0.4396977000274298, 0.02282497861646803]], "inverted": true, "swapped": false, "error_lsq": 0.04480887598996461, "error_max": 0.22589258276458218, "target": "477.xyz", "model": "1.xyz", "model_rescale": 4.316132596720782, "target_rescale": 3.885595643605509},
{"mapping": [11, 7, 2, 1, 5, 9, 0, 8, 4, 10, 3, 12], "R": [[-0.9074948533402586, 0.24632869981213643, 0.34025764180956347], [0.33755250382302937, 0.9097564503070567, 0.24166404012080062], [-0.25002279560821367, 0.33416369158477793, -0.9087481658318147]], "T": [-0.10743588205916191, 0.07723380582516544, -0.03936908477523102], "aligned_model": [[-0.27918051248256676, 0.45653650682117886, 0.22701332545205785, -0.3108881240736022, -0.4850581746131549, -0.5121934890924094, -0.3075461898834342, -0.1834669782058715, 0.44202175898674534, 0.18188956784089025, 0.461265860160746, -0.09258499627879863], [-0.6655908744616633, -0.11394203785335398, -0.5955884435236093, 0.5715322988323495, -0.32556730964193736, -0.07657084053226064, 0.2924184619978993, 0.5998974855343332, 0.08242623966991706, -0.24189419431674425, 0.5503897314245414, -0.06473408938849097], [0.1443357036157336, 0.03541439179715339, -0.4152256061572239, -0.1095990415885898, -0.5684611821290508, 0.5250824141196739, -0.7500278924204091, 0.5589595120686193, -0.5891618859619387, 0.6179482167387369, 0.010766564486937275, -0.010772733360221116]], "inverted": true, "swapped": true, "error_lsq": 0.047947861684563726, "error_max": 0.2756254282872631, "target": "477.xyz", "model": "2.xyz", "model_rescale": 3.795458400668931, "target_rescale": 3.885595643605509},
{"mapping": [0, 4, 2, 10, 6, 9, 7, 1, 3, 8, 11, 12], "R": [[0.4546136196015324, 0.8600748265389739, -0.23151187793879507], [0.4192659870543318, -0.4359677159212647, -0.7963342154985886], [-0.7858387168956176, 0.2649593241015491, -0.5587969824538248]], "T": [0.0948326272716844, 0.0073470346549367955, -0.005092620834300676], "aligned_model": [[0.06712921010476315, -0.2653470934217184, -0.7350746421047233, -0.014353723960509462, 0.18028906308409826, 0.28942977590649505, -0.20228382466656414, 0.5596806681202731, 0.3715162281910187, 0.8058424914651353, -0.44026421497607804, -0.02326011199862507], [-0.2733607284549873, -0.6720608997629601, -0.12316411990351564, 0.24163599220921905, 0.522529896575725, 0.6503985561383093, -0.2996690120969383, -0.09271775258416798, -0.612238773973144, 0.11422921394314833, 0.557041318300353, 0.07314535489866804], [-0.7205087129376773, -0.11857483248406003, 0.0008183064207785695, 0.7370697309303078, -0.43798448640851567, 0.22880217337506079, 0.4164148975070943, -0.25917803772772124, 0.29385786936382174, 0.3413122466830907, 0.15781759046105193, 0.04892468545586856]], "inverted": true, "swapped": true, "error_lsq": 0.056542718248781355, "error_max": 0.3049415512382314, "target": "477.xyz", "model": "3.xyz", "model_rescale": 3.7530521520055578, "target_rescale": 3.885595643605509},
{"mapping": [11, 10, 9, 8, 6, 3, 5, 7, 4, 1, 12], "R": [[0.824891081233868, 0.4923218196942918, -0.2778019617528314], [-0.3975402184129999, 0.8546015597247753, 0.3340927249434291], [0.40189112809934563, -0.16515265656017403, 0.9006709283562743]], "T": [-0.040210669776077755, -0.024853994161414972, 0.10259476928318127], "aligned_model": [[-0.3671995051852442, -0.320911802686807, 0.2695143369629893, 0.4852960700129974, 0.37203150256793854, -0.1282495007406935, -0.14465057766831807, -0.5575707352303736, -0.5492618500937444, 0.41769178027899545, -0.13849011577253492], [-0.6653694072075784, -0.004253477716490695, -0.36752743750606925, 0.3501734113811995, -0.5514158129675346, 0.7113386264777537, -0.6181969799475892, 0.22911069784782967, 0.3105261135853869, 0.18796123497835188, -0.11514361061091372], [-0.2102158446165554, -0.6311629727603915, -0.4384555201760531, -0.3666091000505668, 0.21617554774352116, 0.09357399218159067, 0.5735747994281417, -0.06487500374950879, 0.584870483014057, 0.29151561589263164, 0.044438780338449814]], "inverted": true, "swapped": true, "error_lsq": 0.04868847961578124, "error_max": 0.2118102491608141, "target": "477.xyz", "model": "4.xyz", "model_rescale": 3.7855080009869324, "target_rescale": 3.885595643605509},
{"mapping": [14, 3, 13, 10, 15, 12, 1, 8, 5, 4, 7, 6, 16], "R": [[-0.12353234780744461, -0.9334418031393306, -0.33678800334509573], [0.2176522253481135, 0.3056370579020871, -0.926937698897812], [0.9681772915361085, -0.18780944861468474, 0.16540962234662618]], "T": [-0.037079410869558495, 0.08286047346595521, -0.024986184533573454], "aligned_model": [[-0.27645543465493116, -0.3637322910152195, 0.28441637509054635, 0.40347097850887376, 0.42564869807166994, -0.3780154847899139, -0.6492495797641797, 0.6485641038640273, -0.09424056246126472, -0.1368160257234656, 0.4090687092718081, 0.28628074399710085, -0.0600353319426751], [0.16756869040101768, -0.5244328297299152, 0.6785658947203888, -0.49146463725853523, -0.011058769190557871, 0.6219225390278882, 0.3660139240707198, 0.1469391171184779, -0.5702570792138089, 0.1368679603920466, -0.1568037159802423, 0.4665614948003824, 0.07459031556552534], [-0.6520595739811376, -0.10810865553410107, -0.28313952960849353, -0.1088330430561098, -0.7005451973077038, -0.26213581236804656, 0.3187808102688886, -0.17023346366488293, 0.4496434708290145, 0.7058602992636461, 0.5271753888010171, 0.3924929221753613, -0.07285457046596057]], "inverted": true, "swapped": false, "error_lsq": 0.04426641240095714, "error_max": 0.2397280140674367, "target": "477.xyz", "model": "5.xyz", "model_rescale": 4.2253639853439635, "target_rescale": 3.885595643605509},
{"mapping": [3, 6, 1, 12, 0, 4, 2, 9, 11, 5, 8, 10, 13], "R": [[0.31752146269436876, 0.8309917603196547, -0.45676341251163116], [-0.5910806810887753, -0.2032108667443433, -0.780595267780072], [-0.7414875246233468, 0.517839780161639, 0.4266593640248474]], "T": [0.06566681082763473, 0.06839992963933536, -0.014504536100800842], "aligned_model": [[-0.463350342326902, -0.4373732132607858, 0.43799417006740804, 0.27420972344217254, 0.36795209477555735, -0.19638726856073954, -0.5282295941898799, 0.6643670552695052, 0.04432669549296722, -0.20789187569758225, 0.5550000428750487, -0.02866295382837976, 0.016950364393986415], [0.03971453957351598, -0.33216953581600295, 0.6925212902170026, -0.812037931917873, 0.0881412821228881, 0.6477612969169358, 0.3234453258912501, 0.0024940415984093245, -0.5971754442601385, 0.017867082481232116, 0.13393225204436715, 0.632011357793392, 0.06850734807840858], [-0.4860206787336733, -0.029092395198523514, -0.11722087750023437, -0.24403185474467579, -0.7569979942788803, -0.325276764249757, 0.16552467818179492, -0.11355431506150622, 0.3881216055607499, 0.5541371286014779, 0.535152973929696, 0.5164912529062542, -0.051189714061230504]], "inverted": false, "swapped": false, "error_lsq": 0.04222610632250993, "error_max": 0.24456162389122318, "target": "477.xyz", "model": "6.xyz", "model_rescale": 3.89814844738969, "target_rescale": 3.885595643605509},
{"mapping": [1, 0, 9, 3, 6, 5, 2, 8, 7, 4, 11, 10, 12], "R": [[0.6067771192605751, 0.17736968539468118, -0.7748299957053997], [0.16129808342174984, -0.9819804247917259, -0.0984752436419012], [-0.7783344113080881, -0.06522606862944759, -0.62445264363668]], "T": [0.0354945362438314, -0.0107353405622415, 0.06801453514387458], "aligned_model": [[-0.5835492340869346, -0.35123475516637015, 0.5181129281216033, 0.26597606212490926, 0.23097115433651172, -0.08906083966959824, -0.5796254089198395, 0.696942149322897, 0.11689755185716336, -0.23533071779643197, 0.6129799139300194, -0.07805892485852398, -0.026114980743029294], [0.16914447068647975, -0.36153732341036976, 0.6996730236553341, -0.6563811065692736, -0.020093024081120157, 0.5614197860541056, 0.304530195621241, -0.09955774688371673, -0.5981555679917737, -0.019477905935706058, 0.14397765208347335, 0.667298272879993, 0.11417217861472066], [-0.4789997936937114, -0.21196548461377474, -0.17763831524796553, -0.35907064106180214, -0.5793471694432806, -0.44159421030946233, 0.22223171731807378, -0.042820511668959546, 0.350123919960559, 0.6528846384223643, 0.6138303444497772, 0.3254629640889135, 0.1629455871507601]], "inverted": true, "swapped": false, "error_lsq": 0.051077583638489056, "error_max": 0.3207832999713257, "target": "477.xyz", "model": "7.xyz", "model_rescale": 3.7474275329858107, "target_rescale": 3.885595643605509},
{"mapping": [1, 2, 10, 13, 12, 0, 3, 11, 4, 8, 9, 5, 14], "R": [[-0.08988532649161476, 0.47865085873616064, 0.8733922277606045], [-0.9923172029810321, -0.11789529087255499, -0.03751358497900292], [0.08501292107319358, -0.8700540533904842, 0.4855705380574396]], "T": [0.07817005385282882, 0.14365786727793722, -0.03904148604893522], "aligned_model": [[-0.4449042553282422, -0.6276060116837782, 0.4459484742300206, 0.3912636472637195, 0.40126217167428235, -0.2994572462920884, -0.4918901907521377, 0.6994619680327547, -0.06350597666514948, -0.13824998786512455, 0.5508787401926822, 0.019511399456995565, 0.05619216618844197], [-0.004580323811858272, -0.3107030826612858, 0.7073325265955954, -0.6650412180258731, -0.0387173644021048, 0.579478626596897, 0.4509985838450245, 0.14732599030877766, -0.5736137144930833, -0.12018202002037137, 0.13502785271283732, 0.5082347208770142, 0.08945232720181782], [-0.5579061368269809, 0.024407456699072058, -0.38871743837657463, -0.275874802722086, -0.5319850701137393, -0.35790058590162466, 0.2687044131041929, -0.01752735492678413, 0.2396612699580563, 0.5515185830970744, 0.5582963252403341, 0.5746883764363077, -0.05132199031575591]], "inverted": false, "swapped": false, "error_lsq": 0.051709459686516586, "error_max": 0.3005044843542241, "target": "477.xyz", "model": "8.xyz", "model_rescale": 4.019505241142653, "target_rescale": 3.885595643605509},
{"mapping": [6, 5, 1, 3, 2, 10, 11, 0, 4, 8, 7, 9, 12], "R": [[0.6853074271468433, 0.6031002715591414, 0.4081957774679498], [0.7277754787524235, -0.5468478036993285, -0.41388444294984267], [-0.026392855549465882, 0.580712960105516, -0.8136804502637596]], "T": [0.01732699899623931, 0.1212875398913846, -0.05077564239877593], "aligned_model": [[-0.4682780567026382, -0.37802050910392687, 0.43174435499636316, 0.20837079508726242, 0.23486502519634594, -0.21151081130250526, -0.5490216906295318, 0.6218922036634538, 0.28918628291258747, -0.12443726663001244, 0.5556789014042246, -0.0989447453584049, -0.012619585080841725], [0.20107591183878049, -0.41806767905812603, 0.6354402132226885, -0.6718767911925854, -0.09024255808590789, 0.9147159116220408, 0.16966329066213862, -0.09774104885312052, -0.5490866372712773, 0.08763569687137507, 0.013857164439183806, 0.6124942699705678, 0.09714516055762953], [-0.5854562793668368, -0.10840388870969508, -0.19293958199914285, -0.32068936863924885, -0.5586185187132291, -0.4461039031243453, 0.20251958552612462, 0.04500258419458562, 0.3545460367464374, 0.6086994350976431, 0.6690993006848114, 0.41024159287566314, -0.04185394922127569]], "inverted": true, "swapped": false, "error_lsq": 0.0568577507384438, "error_max": 0.4095050110361691, "target": "477.xyz", "model": "9.xyz", "model_rescale": 3.877068213659057, "target_rescale": 3.885595643605509},
{"mapping": [9, 8, 6, 4, 13, 10, 11, 3, 1, 0, 5, 12, 15], "R": [[-0.4507323460370862, 0.829892836880607, -0.3288133688434255], [-0.769586237611278, -0.5479066434708038, -0.32792580398601623], [-0.45230230500763746, 0.1052434764477865, 0.8856333527763972]], "T": [0.05278820609151447, 0.034781962081042714, -0.1468902410164426], "aligned_model": [[-0.4908430755821386, -0.6135451966643404, 0.35717247208704495, 0.4692720618251282, 0.45326104069769524, -0.2915543149135138, -0.5024976453946867, 0.6721102782814067, 0.07867102087858893, -0.2401262059922809, 0.4288791615577024, 0.15662819931536784, 0.021477102356402746], [0.010473560251717244, -0.327109897290414, 0.5673437253999636, -0.4950127153889849, 0.15100858220421748, 0.6254658813407102, 0.3853991817103379, 0.06495891033036626, -0.573514906236651, 0.05134177584979914, -0.11515712453316009, 0.5186192517271896, 0.04119667935829567], [-0.5204132457778874, -0.004212231846945025, -0.21039427230463392, -0.2097351086084963, -0.7978521273668686, -0.3359180570008058, 0.18982991683332318, -0.011646515021479897, 0.4713424094453548, 0.5931725640179266, 0.5217421735166536, 0.4128542977409004, -0.06272675827554951]], "inverted": true, "swapped": false, "error_lsq": 0.04456937332921876, "error_max": 0.27248189692040614, "target": "477.xyz", "model": "10.xyz", "model_rescale": 4.260839863003843, "target_rescale": 3.885595643605509},
{"mapping": [9, 11, 5, 6, 0, 1, 8, 10, 2, 4, 3, 12], "R": [[0.7703024940797747, -0.06525948188476706, 0.6343305665334207], [0.02492140442399946, -0.990908734676528, -0.13220742469051328], [0.6371914870868993, 0.11764811756205042, -0.7616731117862123]], "T": [0.0015982411517073002, 0.08978181977545424, -0.03676696193266274], "aligned_model": [[0.3003417162704484, 0.32404814532609866, -0.46280564190211154, -0.3547571506462321, -0.7364993427631974, -0.33047667351949045, 0.25183086610083516, 0.7788445581987038, 0.10947879196584774, -0.1607057532944441, 0.15772229354823547, 0.08187683980943657], [-0.05604346700808738, -0.6109761033863392, -0.515445458740176, -0.21330755344879493, 0.07209563400511675, 0.46835045529532143, 0.6795246585879611, 0.027538979111799193, -0.5099909401200333, 0.14642297889347727, 0.7156107053552183, -0.030701383012528824], [-0.6657164083157519, -0.17817617458928572, 0.016287318598111805, -0.5279484126146363, 0.17836943174643113, -0.229297741421617, -0.5127314321927474, -0.13490932142663983, 0.5415483495820745, 0.7212910684253581, 0.32898605732757047, -0.021524657723363164]], "inverted": false, "swapped": true, "error_lsq": 0.04371766803426724, "error_max": 0.23164239415055166, "target": "477.xyz", "model": "11.xyz", "model_rescale": 3.890672605050136, "target_rescale": 3.885595643605509},
{"mapping": [8, 6, 7, 9, 5, 3, 0, 12, 11, 2, 10, 4, 13], "R": [[-0.1964264734325905, 0.3074464765893022, 0.9310710523733725], [0.8604070826466681, -0.40134218685179907, 0.3140447439210941], [0.47023004228386533, 0.862786829457798, -0.18569489558917585]], "T": [-0.09220373870477916, -0.051148629623706865, 0.009168565989114698], "aligned_model": [[-0.3998996052894034, -0.44013402959559594, 0.3554988732197447, 0.34634554778125715, 0.3894474942535435, -0.3460695871423423, -0.5721466473994508, 0.6276627912990441, -0.001502213924250928, -0.026080866943061054, 0.5709590701742838, -0.014040983819050154, 0.008865055837657343], [0.18009496701297348, -0.467803106945268, 0.5456609099790923, -0.6436721605109301, -0.08007359942866313, 0.818453827840923, 0.2862146824870205, 0.1397872421595414, -0.4260929156818837, 0.005959738895116362, -0.03089141743708454, 0.49393738141603155, 0.0834373549365176], [-0.5999625352849889, -0.18422715048383523, -0.40356005549412494, -0.24065297969685623, -0.6008704637020759, -0.1708504690338181, 0.07651349736923994, -0.012460548456423913, 0.40153596989782814, 0.7148104962496328, 0.6086226832630055, 0.4425608457341525, 0.0045837549897567356]], "inverted": false, "swapped": false, "error_lsq": 0.043094637745783454, "error_max": 0.25263436130551536, "target": "477.xyz", "model": "12.xyz", "model_rescale": 4.124412569039231, "target_rescale": 3.885595643605509},
{"mapping": [11, 10, 6, 7, 9, 8, 2, 3, 5, 4, 0, 1, 12], "R": [[0.9190696699640405, 0.39409154855177375, 0.0016712606782507827], [0.36891119792360627, -0.8588388890208846, -0.3553875219418129], [-0.13861987519385327, 0.3272424392792562, -0.9347175595525116]], "T": [0.1758845520199149, 0.020716739757167382, 0.0255854906148406], "aligned_model": [[-0.6372097966114928, -0.4540130866013796, 0.4447748268756365, 0.20187752257655828, 0.33049568761529763, -0.1550392289241175, -0.6076681126092949, 0.8830603841450413, 0.18591286152285702, -0.2809737250311136, 0.4661770906810011, 0.06484764931688156, 0.05666282549650144], [0.14887262151714126, -0.32921229213442593, 0.5867046478144009, -0.5446127845841698, 0.021198204954404373, 0.5243378955815892, 0.35672194614732566, 0.099893589249773, -0.632550440247032, -0.06345419402347104, -0.010178204372401065, 0.7509257850436488, -0.003633870223396115], [-0.5338843580191006, -0.13375160423830484, -0.2088681781666276, -0.24423772726250037, -0.5946857701586715, -0.3639672060902674, 0.15024998708473744, -0.02326883087760453, 0.40884428517810506, 0.6599923193501466, 0.5271262544805089, 0.36811994921522034, 0.02437392485585034]], "inverted": true, "swapped": false, "error_lsq": 0.05005654479381706, "error_max": 0.30660434849916485, "target": "477.xyz", "model": "13.xyz", "model_rescale": 3.9028299243045295, "target_rescale": 3.885595643605509},
{"mapping": [9, 3, 13, 4, 10, 11, 1, 5, 0, 2, 8, 12, 15], "R": [[-0.8291044670097227, 0.41999006687093876, -0.3690448841459096], [-0.42424336192763257, -0.9025200012936823, -0.07399471011627456], [-0.364147432566623, 0.09521549765976156, 0.926461362583751]], "T": [-0.0262939399673957, 0.04749625245358814, -0.02827778515739025], "aligned_model": [[-0.4851234248592553, -0.28369758710401843, 0.5832186241797662, 0.32911666071238416, 0.3202302534867794, -0.3318922092558122, -0.543064052256557, 0.48248903473290794, 0.18464211012521906, -0.28390492282086666, 0.4095533138722999, 0.20259329838966467, -0.0852562007501354], [0.22007228482422214, -0.5202208512078166, 0.5177280457422554, -0.49134800651499067, -0.003759794044505098, 0.7042665941840057, 0.37574483988086205, 0.058555540285357525, -0.6221545460628667, -0.06993126972416434, 0.04287353061880234, 0.6474058335418518, 0.04578070320037325], [-0.6287263452428838, -0.016871738987844175, -0.22834738935180465, -0.23490170290107684, -0.686036405851405, -0.17360192069296124, 0.18943824925315317, 0.027573897564948897, 0.41250583529864365, 0.6514259209559767, 0.6093137465624544, 0.23997473691214813, -0.1257038381678574]], "inverted": true, "swapped": false, "error_lsq": 0.04797149138270462, "error_max": 0.28426291606233967, "target": "477.xyz", "model": "14.xyz", "model_rescale": 3.942246331269136, "target_rescale": 3.885595643605509},
{"mapping": [9, 5, 11, 3, 10, 6, 7, 4, 1, 0, 12, 8, 14], "R": [[0.21535399106684483, -0.6418002516223524, 0.7360129724054237], [-0.2852088266427124, 0.6794990492804759, 0.6759711289929602], [-0.9339585556847098, -0.3554904767281608, -0.03671426451553153]], "T": [0.09809098342886075, 0.06772238222092598, -0.03287080754564365], "aligned_model": [[-0.506712584747562, -0.22567502283043184, 0.460628195875641, 0.41055493411327376, 0.19778404991731732, -0.11545589245640017, -0.6560667833214873, 0.5846468053611595, 0.08016878896463653, -0.335111269507711, 0.5579302519740539, -0.010763243111261311, 0.05697666822114797], [0.13577040747466984, -0.4769032144080295, 0.6669257111143013, -0.5794932638222144, 0.1447865925256156, 0.5595809751928513, 0.45165878301954354, -0.03515705353428654, -0.5800468203605321, 0.09463795757547631, -0.2076898268561509, 0.6918671925276474, 0.03907546427449544], [-0.5598854338251188, -0.06945073204770313, -0.18660162713288792, -0.0277602752547754, -0.7350979189757029, -0.19181182068493355, 0.08886008878298152, -0.34326286731051436, 0.4536631490423702, 0.5607021388748193, 0.5841966282811506, 0.4114657084186985, 0.051026007183107715]], "inverted": false, "swapped": false, "error_lsq": 0.053729537742439465, "error_max": 0.26954105348238955, "target": "477.xyz", "model": "15.xyz", "model_rescale": 4.355366556412066, "target_rescale": 3.885595643605509},
{"mapping": [11, 7, 2, 1, 5, 9, 0, 8, 4, 10, 3, 12], "R": [[-0.9074948533402586, 0.24632869981213643, 0.34025764180956347], [0.33755250382302937, 0.9097564503070567, 0.24166404012080062], [-0.25002279560821367, 0.33416369158477793, -0.9087481658318147]], "T": [-0.10743588205916191, 0.07723380582516544, -0.03936908477523102], "aligned_model": [[-0.27918051248256676, 0.45653650682117886, 0.22701332545205785, -0.3108881240736022, -0.4850581746131549, -0.5121934890924094, -0.3075461898834342, -0.1834669782058715, 0.44202175898674534, 0.18188956784089025, 0.461265860160746, -0.09258499627879863], [-0.6655908744616633, -0.11394203785335398, -0.5955884435236093, 0.5715322988323495, -0.32556730964193736, -0.07657084053226064, 0.2924184619978993, 0.5998974855343332, 0.08242623966991706, -0.24189419431674425, 0.5503897314245414, -0.06473408938849097], [0.1443357036157336, 0.03541439179715339, -0.4152256061572239, -0.1095990415885898, -0.5684611821290508, 0.5250824141196739, -0.7500278924204091, 0.5589595120686193, -0.5891618859619387, 0.6179482167387369, 0.010766564486937275, -0.010772733360221116]], "inverted": true, "swapped": true, "error_lsq": 0.047947861684563726, "error_max": 0.2756254282872631, "target": "477.xyz", "model": "16.xyz", "model_rescale": 3.795458400668931, "target_rescale": 3.885595643605509},
{"mapping": [1, 0, 9, 3, 6, 5, 2, 8, 7, 4, 11, 10, 12], "R": [[0.6067771192605751, 0.17736968539468118, -0.7748299957053997], [0.16129808342174984, -0.9819804247917259, -0.0984752436419012], [-0.7783344113080881, -0.06522606862944759, -0.62445264363668]], "T": [0.0354945362438314, -0.0107353405622415, 0.06801453514387458], "aligned_model": [[-0.5835492340869346, -0.35123475516637015, 0.5181129281216033, 0.26597606212490926, 0.23097115433651172, -0.08906083966959824, -0.5796254089198395, 0.696942149322897, 0.11689755185716336, -0.23533071779643197, 0.6129799139300194, -0.07805892485852398, -0.026114980743029294], [0.16914447068647975, -0.36153732341036976, 0.6996730236553341, -0.6563811065692736, -0.020093024081120157, 0.5614197860541056, 0.304530195621241, -0.09955774688371673, -0.5981555679917737, -0.019477905935706058, 0.14397765208347335, 0.667298272879993, 0.11417217861472066], [-0.4789997936937114, -0.21196548461377474, -0.17763831524796553, -0.35907064106180214, -0.5793471694432806, -0.44159421030946233, 0.22223171731807378, -0.042820511668959546, 0.350123919960559, 0.6528846384223643, 0.6138303444497772, 0.3254629640889135, 0.1629455871507601]], "inverted": true, "swapped": false, "error_lsq": 0.051077583638489056, "error_max": 0.3207832999713257, "target": "477.xyz", "model": "17.xyz", "model_rescale": 3.7474275329858107, "target_rescale": 3.885595643605509},
{"mapping": [5, 12, 8, 11, 10, 4, 6, 3, 7, 2, 1, 0, 13], "R": [[0.4827445864548241, -0.03796920042319141, 0.8749377143933075], [-0.31055933407821973, 0.9267106440968695, 0.21156625944242247], [-0.8188470945576187, -0.3738525403642313, 0.43557285704891807]], "T": [0.02618473397079017, 0.015920894349460403, 0.007614298878550762], "aligned_model": [[-0.3060112223349292, -0.3720676184254692, 0.29791842451913003, 0.4655523239507437, 0.2712635392776458, -0.38896545451439984, -0.5627806049593668, 0.6898493705515463, -0.12476414028153, -0.15676133021231942, 0.5065336320861868, 0.17447505602350186, 0.00466292277163631], [0.11326371089053347, -0.5028256518430854, 0.5764572447475607, -0.550566755400739, -0.10084999976261705, 0.7063036302877082, 0.3910833243534476, 0.0935596892167804, -0.6517727241411442, 0.11212005469939579, -0.06823977955499436, 0.7121485150515672, 0.07433164617897413], [-0.6275157345415933, -0.3550618761559426, -0.3512927260207362, -0.08061565840216742, -0.6270039390732803, -0.1930042968191981, 0.3352906515693131, -0.11117395387784591, 0.32196911628267055, 0.686664505385816, 0.49822650200536767, 0.4462707377209047, 0.09328971727818317]], "inverted": true, "swapped": false, "error_lsq": 0.04257808598945155, "error_max": 0.27231206195842533, "target": "477.xyz", "model": "18.xyz", "model_rescale": 3.922800546911778, "target_rescale": 3.885595643605509},
{"mapping": [4, 8, 9, 12, 7, 10, 6, 3, 5, 1, 0, 2, 14], "R": [[0.14203721114885598, 0.9897287435768499, 0.016200147741478627], [0.8648333023357397, -0.1161182869484686, -0.48844641733481114], [-0.48154832552934357, 0.0833879941834766, -0.8724434953657128]], "T": [-0.03914576916346837, 0.004956498514863017, -0.06104421258504889], "aligned_model": [[-0.6013407298268345, -0.46485501795339496, 0.4263851494954071, 0.39725743389179813, 0.5373913585832233, -0.31094096258538034, -0.6769022969786725, 0.5952830863698589, 0.1364619944562052, -0.27477297935907735, 0.5069581527395235, 0.1917638687653837, 0.036215840854336594], [0.21451883548360706, -0.43227300610379216, 0.6546844243361027, -0.6131916003871992, 0.02926876098922032, 0.7487920159190466, 0.19645776558117156, -0.03445760797387293, -0.5844039646466743, 0.1333204999035079, -0.041734979027341024, 0.6137745780892335, 0.020257182560376574], [-0.4658745378091851, -0.016405106329874693, -0.21556855401913158, -0.2756583238484594, -0.6135158166350928, -0.21413484960802998, 0.11884922213174337, 0.010340653188253411, 0.39100653457087653, 0.6288728294560767, 0.569854391062142, 0.23753617505407282, -0.11925957186189931]], "inverted": false, "swapped": false, "error_lsq": 0.044643966281568005, "error_max": 0.26609603044849484, "target": "477.xyz", "model": "19.xyz", "model_rescale": 3.9282355846067225, "target_rescale": 3.885595643605509},
{"mapping": [8, 9, 3, 7, 6, 4, 11, 5, 12, 10, 2, 0, 13], "R": [[-0.4387932621490952, 0.374254898515972, 0.8169417017323546], [0.8818495957684933, 0.35400863768037605, 0.31147901195847805], [-0.17263187288418352, 0.8570946011873393, -0.48537313592741754]], "T": [0.06990982805666349, 0.04164016096881357, -0.070439749522508], "aligned_model": [[-0.44851199569311717, -0.5341262373690515, 0.3879406968053468, 0.3353974239642562, 0.401479387501286, -0.2428578117549933, -0.516886500245392, 0.7537912827275995, -0.23868314965434487, -0.07274376855076728, 0.6412644289411837, -0.0775489641052958, 0.11039010588566639], [-0.005276138085195781, -0.2935927075759718, 0.7056747373899577, -0.521897108209626, 0.02112842164910808, 0.5320492198789458, 0.3317887832341155, 0.14573671353423595, -0.6772341681547462, -0.06872191525836807, -0.12462578085315495, 0.7342503773966853, 0.1257324697774016], [-0.6251101495541052, -0.03602782208388475, -0.22622651719456185, -0.07675315159560163, -0.6330097006013438, -0.31750897740274486, 0.22084536409425118, -0.16614876659901326, 0.26240318385924566, 0.7719998699739019, 0.4993196444307837, 0.302043781537204, 0.06021628648736094]], "inverted": true, "swapped": false, "error_lsq": 0.04711855613744039, "error_max": 0.25352270972307084, "target": "477.xyz", "model": "20.xyz", "model_rescale": 4.067790424073018, "target_rescale": 3.885595643605509},
{"mapping": [12, 11, 7, 2, 0, 9, 10, 8, 6, 13, 5, 1, 14], "R": [[0.5639147890580333, -0.28453644434571507, 0.775267129782201], [-0.4753528732905847, -0.8794952506368908, 0.02297280917821079], [0.6753071571781389, -0.381480164551515, -0.6312155951160664]], "T": [0.0959675381050252, -0.060644864908328155, 0.0011903634292486395], "aligned_model": [[-0.47297908817242995, -0.5076640968631132, 0.39356334659106373, 0.4641294834812346, 0.4202507269881641, -0.23731742497426037, -0.5340020286683488, 0.6059161048077374, 0.07582211649242038, -0.2719200945288377, 0.3734862272810817, 0.15796401983278202, 0.03165560618488268], [0.07850260770392356, -0.2888362554276076, 0.5533762017229003, -0.6096640857703068, -0.03687569395250377, 0.6099961504938689, 0.4060181343701407, 0.1880528436022879, -0.7556682992490371, 0.06055806082815249, 0.017669906608737643, 0.6988343307359335, -0.01695099694310248], [-0.49272418809845436, 0.04106256599843053, -0.30060231659029063, -0.3405062983042882, -0.630263094428743, -0.20668378434877546, 0.23920467307776538, 0.05837257941002175, 0.25435728544053476, 0.5843644760449983, 0.5162789913158669, 0.30557973399882776, 0.0076024218355975615]], "inverted": true, "swapped": false, "error_lsq": 0.04622258385506534, "error_max": 0.2737756986219521, "target": "477.xyz", "model": "21.xyz", "model_rescale": 4.186013935880536, "target_rescale": 3.885595643605509},
{"mapping": [2, 5, 9, 11, 8, 1, 0, 11, 3, 6, 4, 7, 12], "R": [[-0.21443234306636613, 0.4455886128251597, 0.8691775183284589], [-0.8865430495186141, 0.2847036518842291, -0.36467143013131764], [-0.40995145029296465, -0.8487606368843539, 0.3339838164916998]], "T": [0.06634255199579996, 0.15275169261871888, 0.00016870009992969335], "aligned_model": [[-0.3792667229944703, -0.4054457111302955, 0.4201394834208923, 0.5109598908160207, 0.27720686747745954, -0.30436181403008034, -0.6342442869415866, 0.5109598908160207, -0.0447351974833501, -0.14379901871427175, 0.4982688940180096, 0.11557753224426433, 0.07764509095376393], [0.05204556437318128, -0.43712599654227946, 0.5264887366994107, -0.2777659582761599, 0.015981282198555075, 0.7784875991082043, 0.27432600003928226, -0.2777659582761599, -0.6364494911917554, 0.0446615730407767, 0.030327680614412267, 0.694580344252939, 0.11722152868298019], [-0.5837746641413558, -0.16716008619041253, -0.34710513052130754, -0.12606898444886006, -0.7240537974749298, -0.07829201791538105, 0.12739373650905128, -0.12606898444886006, 0.4661750088333863, 0.5041626438396583, 0.5711924694130367, 0.49243018434283675, 0.02721266755462892]], "inverted": false, "swapped": false, "error_lsq": 0.04734304738103191, "error_max": 0.36680090502471696, "target": "477.xyz", "model": "22.xyz", "model_rescale": 4.166573947596378, "target_rescale": 3.885595643605509},
{"mapping": [11, 9, 6, 4, 2, 12, 14, 1, 8, 10, 7, 13, 15], "R": [[0.6567137807509843, -0.24965496974856416, 0.7116174578041153], [-0.3118618532273395, -0.9490539193772337, -0.0451535448920784], [0.6866361443103309, -0.19227338399933333, -0.7011146490639655]], "T": [0.034284951310642506, 0.01604971836737725, -0.0365327087175494], "aligned_model": [[-0.4758873593552369, -0.5034300174647783, 0.399987824729722, 0.45181434741626375, 0.3694292553431282, -0.28335773829527944, -0.526808715466362, 0.7254265569413425, 0.025622211386665802, -0.1674873769152887, 0.33762362087710157, 0.04652223873462495, 0.09945005052047329], [0.028192310923360803, -0.24701908467323866, 0.5838846304839539, -0.558421526520097, 0.0034590534215261787, 0.515789862631334, 0.47363136338916806, 0.12653413816730147, -0.736961807759158, 0.12991258977424894, -0.03326112197803554, 0.5805619488983281, 0.038710547964694905], [-0.6379228468992962, 0.009364823936395685, -0.38715009693646313, -0.2249617551772308, -0.6199099535770776, -0.31714679457243405, 0.2824824922715786, -0.17149764792338015, 0.2583871764695674, 0.6756922607839052, 0.6091791002346297, 0.5943312459297404, -0.034804959188443334]], "inverted": true, "swapped": false, "error_lsq": 0.04695867237528289, "error_max": 0.2382160985540999, "target": "477.xyz", "model": "23.xyz", "model_rescale": 4.274766983524099, "target_rescale": 3.885595643605509},
{"mapping": [9, 7, 3, 1, 4, 0, 6, 5, 11, 2, 12], "R": [[0.30340853032104537, 0.592106536692836, 0.7465608568188119], [0.9312937863199411, -0.018518941326531813, -0.3637979279407899], [-0.20158161446493808, 0.8056468817154074, -0.5570439432324431]], "T": [-0.07539394396471111, 0.04825773644064749, -0.12860991519894072], "aligned_model": [[0.41544385509281423, 0.05303640217885458, -0.5070199716842421, -0.49520470377289844, -0.4540094228699241, -0.6226838202543741, 0.041912446846061296, 0.008131442266972572, 0.6584486937249734, 0.22654370468679486, 0.05529607774304285], [-0.3652188634990651, 0.6305017653284708, 0.4981214470509024, -0.24697337538252526, 0.6324047847214035, -0.12657632846944356, -0.5792599147225147, -0.1864809914051889, 0.019937491866819403, 0.5492781801875459, 0.08985233556707892], [-0.43553896337746956, -0.19718953321890226, -0.5300241637399352, -0.2936964935898183, 0.21725903401151947, 0.3825567440143024, 0.10067671562064573, 0.5943748850850665, 0.14653571870462512, 0.47440446901047495, -0.07979197849893131]], "inverted": false, "swapped": true, "error_lsq": 0.0488581811155615, "error_max": 0.2836108604841404, "target": "477.xyz", "model": "24.xyz", "model_rescale": 3.7841303162186577, "target_rescale": 3.885595643605509},
{"mapping": [2, 9, 3, 14, 12, 4, 1, 13, 10, 7, 11, 6, 15], "R": [[0.4015176246487542, 0.3782186451849132, 0.8341068597793156], [0.47270459257048736, -0.8656415487985019, 0.16496992803690208], [0.7844322566411913, 0.32804780966837715, -0.5263560290455391]], "T": [-0.09657500607032066, 0.0321279093851586, 0.055463749901849276], "aligned_model": [[-0.43866842644374227, -0.16857347637896328, 0.42555450954053076, 0.30068261628961945, 0.2638606870478584, -0.27071071335530783, -0.7340190844711854, 0.6646352372711304, -0.014361160857797178, -0.084707708197295, 0.5316306101246753, 0.09164717730172792, -0.06806536941887488], [0.10730958720025188, -0.4139327420030811, 0.6088987648275792, -0.5960754711002274, -0.09422602831861979, 0.7102231153305217, 0.3944643811784106, -0.03486392172104196, -0.6363115378461457, 0.008288218282656454, 0.09814773279125619, 0.6609179822828049, 0.09217282381902234], [-0.6124530375689723, -0.31600202790606463, -0.15362483628435833, -0.22174710222018074, -0.599740569361465, -0.20254398250287547, 0.17961576125605078, -0.11208044506809806, 0.4449309427662526, 0.7051532114675957, 0.4918427776531599, 0.35749339439897587, 0.07519895872147163]], "inverted": false, "swapped": false, "error_lsq": 0.0393847880344963, "error_max": 0.2870602360109741, "target": "477.xyz", "model": "25.xyz", "model_rescale": 4.19342608120988, "target_rescale": 3.885595643605509},
{"mapping": [11, 7, 2, 1, 5, 9, 0, 8, 4, 10, 3, 12], "R": [[-0.9074948533402586, 0.24632869981213643, 0.34025764180956347], [0.33755250382302937, 0.9097564503070567, 0.24166404012080062], [-0.25002279560821367, 0.33416369158477793, -0.9087481658318147]], "T": [-0.10743588205916191, 0.07723380582516544, -0.03936908477523102], "aligned_model": [[-0.27918051248256676, 0.45653650682117886, 0.22701332545205785, -0.3108881240736022, -0.4850581746131549, -0.5121934890924094, -0.3075461898834342, -0.1834669782058715, 0.44202175898674534, 0.18188956784089025, 0.461265860160746, -0.09258499627879863], [-0.6655908744616633, -0.11394203785335398, -0.5955884435236093, 0.5715322988323495, -0.32556730964193736, -0.07657084053226064, 0.2924184619978993, 0.5998974855343332, 0.08242623966991706, -0.24189419431674425, 0.5503897314245414, -0.06473408938849097], [0.1443357036157336, 0.03541439179715339, -0.4152256061572239, -0.1095990415885898, -0.5684611821290508, 0.5250824141196739, -0.7500278924204091, 0.5589595120686193, -0.5891618859619387, 0.6179482167387369, 0.010766564486937275, -0.010772733360221116]], "inverted": true, "swapped": true, "error_lsq": 0.047947861684563726, "error_max": 0.2756254282872631, "target": "477.xyz", "model": "26.xyz", "model_rescale": 3.795458400668931, "target_rescale": 3.885595643605509},
{"mapping": [11, 9, 5, 1, 8, 10, 4, 6, 2, 3, 0, 7, 12], "R": [[-0.15083144581876312, -0.8873628950862162, 0.435702842974923], [-0.988523764333886, 0.13913356719655656, -0.05884401266335748], [-0.008404897345335283, -0.4395781419763387, -0.8981650264830202]], "T": [-0.012924345807436913, -0.023066588656046424, -0.07666660246398611], "aligned_model": [[-0.48370685043809075, -0.28393453645079797, 0.40492267414850064, 0.37941956950799666, 0.3109564706520716, -0.2630356960258179, -0.7841901071491911, 0.7890107876411933, -0.004988068823528022, -0.2301103766490155, 0.3929163203765907, 0.20551513774596064, 0.06612957391650388], [0.11581448163306919, -0.33732931686466744, 0.568669323430715, -0.45419762641468103, 0.01225140393605239, 0.6441081713560161, 0.2886360151534161, 0.08346875695322253, -0.7079590257340487, 0.11477303458834277, -0.14242099301094757, 0.6187764235338945, 0.1004222561630033], [-0.5969073865076562, 0.03363618236818314, -0.28188099314121273, -0.1793576485553947, -0.728284255873529, -0.07959586926937738, 0.00612104635460696, -0.24018180528166638, 0.4762296618028217, 0.615364484351471, 0.6390994710022724, 0.37113897851651517, 0.0006611795844578688]], "inverted": false, "swapped": false, "error_lsq": 0.04400421731172029, "error_max": 0.2635041051247761, "target": "477.xyz", "model": "27.xyz", "model_rescale": 3.6321398670334006, "target_rescale": 3.885595643605509},
{"mapping": [4, 1, 12, 3, 7, 6, 13, 8, 5, 11, 10, 9, 14], "R": [[-0.08527655097779568, 0.9070242541277046, 0.4123528977434412], [0.7767955786100823, 0.3196969325262773, -0.5425702723013092], [-0.6239523530728603, 0.2740453863092214, -0.7318350820625306]], "T": [0.10056619512389181, 0.03169067210232996, 0.06417753185169771], "aligned_model": [[-0.3698696012237139, -0.41690693924176664, 0.4356849707106599, 0.2968899074886604, 0.40401750291800503, -0.31250874804934875, -0.5874373338686885, 0.6000927826365324, -0.14725636442852258, -0.1089026493831175, 0.585161176140524, 0.08302948044994982, 0.03691071430320275], [0.018357681393998855, -0.34477970861191826, 0.6410865874839602, -0.554052810419656, -0.01018177722160079, 0.6151714695798995, 0.3795687397132382, 0.09382647208085523, -0.7950389450365757, 0.05643789377298803, 0.15809043093473457, 0.6193738553309913, 0.027153015722472057], [-0.6177166279946797, -0.13013871502682495, -0.3828591058250815, -0.23569186073211462, -0.6478978755241742, -0.240497192137888, 0.33270932900634825, -0.05262121182120351, 0.2287115425943128, 0.6708374156574385, 0.6590409097269931, 0.3818142756470301, 0.07035216178133566]], "inverted": false, "swapped": false, "error_lsq": 0.03431205322657024, "error_max": 0.2604318950078776, "target": "477.xyz", "model": "28.xyz", "model_rescale": 4.156811204709835, "target_rescale": 3.885595643605509},
