[{"mapping": [5, 15, 6, 14, 2, 11, 9, 1, 8, 4, 0, 10, 13, 16], "R": [[0.4237957223789623, -0.6481734919194638, -0.6326676142068777], [-0.8587405965117646, -0.5096530846142551, -0.05308786345101879], [-0.2880308552844862, 0.5657957738584692, -0.7726016882507982]], "T": [-0.1624958884562424, 0.08060408279726047, 0.11435977011365489], "aligned_model": [[0.08989675212883386, 0.27780114157258695, -0.6253063034814634, -0.3355783176707011, -0.5640112022369732, 0.05091277873417671, -0.7745593905310828, -0.009145538401521103, -0.3818237957371945, 0.3463985183514342, 0.47609257511454794, 0.1973426461138938, 0.6822264088487093, -0.05875417167694247], [-0.5777817915713969, -0.2906361791467924, -0.5308174051081567, -0.49192290025501106, 0.3673886277943512, 0.32994262216860254, 0.27917652741232096, 0.4214094684989719, 0.7214176389511561, -0.03982662894705302, 0.42692099504358594, 0.7761275912505095, -0.18756446985211542, 0.031439235571062304], [0.42426518017267106, -0.4374469753139339, 0.309850101877812, -0.19456050828712868, 0.606782478727979, -0.6929984994942997, -0.06975889943927416, 0.5452666098079284, 0.18757972545978496, 0.6423728902746288, 0.3775509686632976, -0.026113278197837403, 0.136858722450589, 0.0879395704776165]], "inverted": false, "swapped": true, "error_lsq": 0.042839413497508645, "error_max": 0.28591879376942325, "target": "478.xyz", "model": "0.xyz", "model_rescale": 3.8414455957264533, "target_rescale": 4.352039474844493},
{"mapping": [10, 9, 4, 2, 1, 3, 5, 0, 15, 13, 14, 7, 12, 11, 16], "R": [[0.9423546700082853, 0.333146101561136, 0.03132652116328016], [0.1801375899392798, -0.5839762998374843, 0.7915315091131806], [0.28198958243957184, -0.7402603300479759, -0.6103249291589015]], "T": [-0.02081448034113511, -0.012107618259126787, -0.18093239969812114], "aligned_model": [[-0.6289844151185263, -0.29596631009218893, 0.12398102029074795, -0.4205101805764254, -0.3761155905787948, 0.09631435942088126, 0.6329496052698793, -0.2841621869447087, 0.474413452717717, 0.377970437541764, 0.5454360295130238, -0.45260202300703134, 0.17603934865308843, -0.14392418716407715, 0.04720479357919561], [0.18116423675079676, 0.21901857588260845, -0.5723854553269813, -0.4541179334067915, -0.41300757720837855, -0.5753228897353176, -0.3981313532199049, -0.2680503105301016, 0.4786172099078975, -0.10031658872539964, 0.2450800959280197, 0.49761958309954424, 0.6968162649137694, 0.8056358391575816, 0.004424830555672183], [0.29419360418770013, -0.7455779378693388, 0.28532711705283503, -0.5426094309361824, 0.014990261724387194, -0.35883196521982896, -0.0513424148009026, 0.4988775444827893, 0.2065078258574946, 0.6059386836750613, -0.43859739886181737, -0.17480295061256923, -0.4368765450467004, 0.094167545576889, -0.08618215187028122]], "inverted": false, "swapped": true, "error_lsq": 0.049733733787502205, "error_max": 0.3282865096240162, "target": "478.xyz", "model": "1.xyz", "model_rescale": 4.316132596720782, "target_rescale": 4.352039474844493},
{"mapping": [12, 7, 11, 5, 15, 14, 13, 3, 10, 9, 1, 16], "R": [[0.9322169621511982, 0.35842535788843327, 0.050027975175302025], [0.11117536374882134, -0.4151794993261719, 0.9029208281098554], [0.34440031064577936, -0.8361562331058822, -0.42688544114934723]], "T": [0.02171925514172296, 0.12688874531844674, 0.07674736096553997], "aligned_model": [[-0.18220363673633816, 0.4543836336600514, 0.1552965872908042, -0.6281027660697709, -0.4595819446595144, -0.5522622185491042, -0.3510498764066321, -0.10221967354134778, 0.6455748929554448, 0.2785083223003797, 0.38257318040994165, -0.04310794602213351], [-0.6191742026118418, -0.37217336421036734, -0.6144085613070142, 0.5350642549943704, -0.26774122100342956, -0.17617139000607862, 0.38230180984185236, 0.6400805150611998, 0.035736913603232556, -0.22033118837149934, 0.5583777238445746, 0.13121513790598172], [0.16968518725008294, -0.023444546624281082, -0.3616311757786165, 0.010872769331549514, -0.4220390019099591, 0.2552865282922599, -0.6860000913972484, 0.3663198250673636, -0.4084998809819215, 0.5880692981505158, -0.017841493079224224, -0.021518957111100218]], "inverted": true, "swapped": true, "error_lsq": 0.04730113558936808, "error_max": 0.22238832338343822, "target": "478.xyz", "model": "2.xyz", "model_rescale": 3.795458400668931, "target_rescale": 4.352039474844493},
{"mapping": [9, 1, 10, 13, 12, 15, 0, 6, 4, 5, 11, 16], "R": [[0.6075469845063248, 0.7926170395207683, -0.05142849675622352], [0.6215392800875679, -0.4341029988669045, 0.6521069771770495], [0.49454583703181665, -0.4281504584093, -0.7563805920556177]], "T": [0.07620515079291001, -0.08139104647883481, -0.11308239541380039], "aligned_model": [[-0.027791020825306906, -0.13769308401858282, -0.6902382678635852, 0.14176077902917095, 0.059451791866160716, 0.14750454717466044, -0.3038760208533676, 0.8052966387197606, 0.23887116299507477, 0.7244577251735753, -0.45453646421368565, 0.090096038559691], [-0.06029582735084492, -0.5794935160822491, -0.14482163893912442, 0.10248891351583007, 0.6092293449702842, 0.6180138201196884, -0.3615355470619803, -0.11184905809223773, -0.4625414951139162, -0.10721714938754288, 0.6098702901090471, -0.026079091397244708], [-0.773909315892345, 0.0643628643144083, 0.09065872712385442, 0.7517106173756104, -0.4730750447001114, 0.2636412694836748, 0.4985200884436004, -0.4192589746988934, 0.5037960631605184, 0.30202840906004724, -0.10969940988292998, -0.010003863148333639]], "inverted": false, "swapped": true, "error_lsq": 0.04622754512999757, "error_max": 0.3094183001453362, "target": "478.xyz", "model": "3.xyz", "model_rescale": 3.7530521520055578, "target_rescale": 4.352039474844493},
{"mapping": [0, 5, 3, 6, 1, 14, 10, 15, 11, 9, 16], "R": [[0.6509152650333553, -0.7432333395885662, -0.1546399711283723], [-0.5099243107803169, -0.27714915701660026, -0.8143497664027457], [0.5623935588373818, 0.6089273747246176, -0.5593933654318843]], "T": [0.022536213659171668, -0.06524460727334189, 0.051557720860381975], "aligned_model": [[-0.33560373623498324, -0.15519259833117302, 0.36913438545641797, 0.4087985670458519, 0.16047170443826828, -0.07877445191421426, -0.23430022663434782, -0.6875226337114055, -0.5115592965428271, 0.49031765947397354, -0.08756977060035542], [-0.749483988988768, 0.03178182692875639, -0.21943992724746572, 0.4158051333268241, -0.6176010553512084, 0.565238235436462, -0.5834080293763674, 0.29671032658611785, 0.1773462211659548, 0.21820634672858266, -0.06795173089454243], [0.028052799949374777, -0.6915531108653187, -0.416066458524829, -0.4440618180666541, 0.01660775761523682, -0.16152429650047762, 0.5979194234040885, 0.020307918213869847, 0.696097880890289, 0.4372888531757196, 0.009761827954017206]], "inverted": true, "swapped": true, "error_lsq": 0.04959936917095147, "error_max": 0.2251372853508055, "target": "478.xyz", "model": "4.xyz", "model_rescale": 3.7855080009869324, "target_rescale": 4.352039474844493},
{"mapping": [1, 2, 9, 14, 12, 13, 15, 5, 3, 10, 0, 7, 7, 11, 8, 6, 16], "R": [[-0.24007265289842772, 0.31477742417712573, 0.9183029426930556], [0.9694213364163817, 0.12730674053829116, 0.20979815612677105], [-0.050866431278278584, 0.9405892658551502, -0.33571481815237486]], "T": [0.051139072670471436, -0.06353380147476106, -0.05986980946922252], "aligned_model": [[-0.023320077379868867, -0.5380411328457018, -0.4771227203349552, -0.10532226392612476, 0.2576727066947011, 0.6803319953276211, 0.1463254501572414, -0.44258719113031475, -0.6380263653085568, -0.17156640609281906, -0.4191523193846183, 0.19062175581300078, 0.19062175581300078, 0.6516282213819922, 0.4757598675312472, 0.604615035135054, 0.024613982132274486], [-0.5949022585044077, 0.012093965765532552, 0.40921935559792616, 0.4530657266668947, 0.026290943465653666, 0.24794531409192322, 0.7261215425897283, -0.49560082466499433, -0.05197003704590941, 0.18414443955535012, -0.6717091988258248, -0.43648104441809776, -0.43648104441809776, -0.3079112075104126, 0.28283897268438957, -0.38114711340075225, -0.02472978754822716], [-0.5939178755054955, -0.499110989037873, 0.006144959920221488, -0.4677204882808368, -0.7020073618855938, -0.23865645751473163, 0.15623687209614476, 0.4141087855370821, 0.025768288633482767, 0.5882212587637292, -0.1918644151782254, 0.5748146845592934, 0.5748146845592934, -0.5204441183481909, 0.3817555474303981, 0.07747359637273865, -0.08589710804043377]], "inverted": false, "swapped": false, "error_lsq": 0.04151062195873727, "error_max": 0.3188679125832326, "target": "478.xyz", "model": "5.xyz", "model_rescale": 4.2253639853439635, "target_rescale": 4.352039474844493},
{"mapping": [11, 12, 2, 8, 9, 3, 1, 10, 5, 15, 6, 4, 0, 16], "R": [[0.030830976481650906, 0.9915452362255947, 0.12604560844201532], [-0.958873903419511, -0.006257017665480379, 0.28376343504927537], [0.2821529518367978, -0.12961054836803917, 0.9505739411121672]], "T": [-0.012104954142087065, -0.02893128938849758, -0.019028979981399075], "aligned_model": [[0.6406980713167385, 0.046872712615586745, -0.3664206689087342, 0.1440986231789184, -0.2556245698943064, -0.46418317972833784, 0.08425075479077229, 0.681581806191929, -0.32854201306642045, 0.3512458877294936, -0.758566258267592, 0.043923996422709936, 0.5077017233958883, 0.04702526698113794], [-0.06399194877235101, -0.004108423905421363, -0.5215878870985975, -0.6805066690024832, -0.5363712554621355, 0.0292971599454055, -0.23930045687523394, -0.3765117231761312, 0.6356808979708448, 0.5580015690623134, 0.18754481076411328, 0.3366980268876361, 0.047514631264136714, 0.07274041503289429], [-0.595361611425732, -0.7953906018006833, 0.32403063205534766, 0.10408833657782438, -0.3811826882124989, 0.37443459924768774, 0.5023209370680694, 0.15691396434976834, 0.20762846182513928, -0.41860059611780404, -0.16795784033935196, 0.625525818659927, 0.5475019333058033, -0.012393136262048236]], "inverted": true, "swapped": true, "error_lsq": 0.0462555039860492, "error_max": 0.3153553635715233, "target": "478.xyz", "model": "6.xyz", "model_rescale": 3.89814844738969, "target_rescale": 4.352039474844493},
{"mapping": [1, 2, 3, 10, 5, 9, 7, 0, 11, 12, 14, 15, 16], "R": [[0.45403915385286225, 0.4643825702658408, -0.7603928426819053], [0.2797682418798065, 0.7359614654107958, 0.6165147624070949], [0.8459185407614964, -0.49265560979622064, 0.2042358257805302]], "T": [0.009643540866463407, 0.11945755566630936, -0.0904548685961076], "aligned_model": [[0.176998486460114, 0.04623863638392611, 0.47656447198538104, -0.36510312340042844, 0.7125710342183889, -0.4672160716927617, -0.6334303963045154, 0.23385361866581778, -0.6378803012282086, -0.5048822657534262, 0.05853873069284382, -0.005720708953384918, 0.05809968983047579], [-0.2767324902257742, 0.16495883242616727, 0.26997488292181143, -0.5808937059508593, 0.31367208027533544, 0.47477724826632306, -0.05838929694682554, -0.6199485677161802, -0.08843658237517013, 0.5159674872304857, 0.663448603828032, 0.10800355033045815, 0.07737922340668192], [-0.46511620233883466, -0.7850990071346727, -0.4396084749353677, -0.13564830890219848, 0.15731321912788668, -0.3975464783332636, -0.05689476878239126, -0.08751170274698453, 0.4545526939561203, 0.3395160329239417, 0.3030669376163111, 0.7069184671940506, 0.00833262319169846]], "inverted": false, "swapped": true, "error_lsq": 0.048192963104817736, "error_max": 0.27475571263931603, "target": "478.xyz", "model": "7.xyz", "model_rescale": 3.7474275329858107, "target_rescale": 4.352039474844493},
{"mapping": [14, 15, 13, 5, 0, 3, 6, 2, 4, 2, 9, 8, 7, 10, 16], "R": [[-0.051284909485115104, -0.8041671355724251, -0.5921866902627455], [-0.30472016634112764, -0.5520901003704228, 0.7761070424226368], [-0.9510601864677859, 0.2202538061832709, -0.2167320524925722]], "T": [-0.05561441602571951, 0.010622382122375845, -0.020056229850958823], "aligned_model": [[-0.490122932159647, 0.13955764657888595, 0.5530508917228785, -0.1491511323099903, 0.6752456670729216, -0.2577471074253569, -0.7535416664249692, -0.2589008275723147, 0.3399296999778777, -0.2589008275723147, -0.4974710532408778, 0.06492670511813245, 0.09045662917402372, 0.5940673175012057, 0.010754711898291872], [0.023320681564551943, 0.16363511350759535, -0.3640780009657121, -0.6414228096837726, -0.20001342170461342, -0.5115190192692979, -0.33594770375844063, -0.1460013065928327, -0.6185025541743688, -0.1460013065928327, 0.42257881710972833, 0.32939508093298164, 0.6520986949899744, 0.381062614009412, -0.01948691739277925], [-0.5340771580545691, -0.7781238132843776, -0.5445583758021654, -0.419184427705702, 0.11587144792930383, 0.2015054874223238, -0.158016059744513, 0.6280824138221711, -0.01540913419282806, 0.6280824138221711, 0.26805319143179507, 0.5698265645498604, 0.09600953485394484, 0.2513421467019435, -0.11260957605309735]], "inverted": false, "swapped": true, "error_lsq": 0.040250818257336125, "error_max": 0.32114247341048224, "target": "478.xyz", "model": "8.xyz", "model_rescale": 4.019505241142653, "target_rescale": 4.352039474844493},
{"mapping": [3, 9, 1, 4, 5, 13, 10, 6, 14, 12, 7, 15, 16], "R": [[-0.6703505286757068, 0.4852695858853919, 0.5613765204555861], [0.41290999824474595, 0.8725227391222692, -0.261169299620183], [-0.6165512971795006, 0.05672300000170393, -0.7852687433083545]], "T": [-0.07561666962288024, -0.025077367865462767, -0.048533236427593746], "aligned_model": [[-0.15846351355027305, -0.7124347857057712, -0.04571280228674807, 0.4278046373422115, 0.35115255734054696, 0.8093701394387219, 0.06472247852735993, -0.34114382109266717, -0.05930206487639497, -0.24306732573862674, -0.28601512493635484, 0.4738849406134381, 0.03890545666573311], [-0.5310891633848589, 0.09911745187130291, 0.02871926484702319, -0.30940752719439185, -0.6639709941086764, -0.058332851705295, 0.6832532147106645, -0.7222745447493086, -0.3356421356325442, 0.20304133422780785, 0.5943625131412443, 0.10068602065981436, -0.025084354568723384], [-0.36423456012978384, 0.1157554259616593, -0.6155932211802168, -0.5154360923441651, 0.005302894900461069, -0.08938364195823725, -0.3825124399095645, 0.21539405340634535, 0.5485092836048379, 0.6772449963560351, 0.08684252127144518, 0.5157388978252136, -0.02092462376015098]], "inverted": true, "swapped": true, "error_lsq": 0.04683799265478848, "error_max": 0.26761757498117605, "target": "478.xyz", "model": "9.xyz", "model_rescale": 3.877068213659057, "target_rescale": 4.352039474844493},
{"mapping": [2, 9, 15, 10, 11, 8, 0, 12, 14, 5, 4, 3, 1, 13, 13, 16], "R": [[-0.741005789993751, -0.12768405319725623, -0.6592474510795299], [0.35827787801939137, 0.755160548979251, -0.5489713174540892], [0.5679325499719656, -0.6429847026364442, -0.5138319675320566]], "T": [-0.04979133175928736, 0.01653552766469863, -0.2203470950247907], "aligned_model": [[0.4071255037054552, -0.13706357538380665, -0.60032647036554, 0.4378758704688028, -0.3517305392781308, 0.4289844843727229, 0.49510710490101756, -0.6850785807727829, -0.7045236969724412, -0.2861310164672385, 0.29956686936563065, 0.13687490275531672, 0.5099891268499098, -0.07567712526039623, -0.07567712526039623, -0.08390720734102833], [0.19083302593121054, -0.2588787656054512, -0.14579082680568223, -0.5464910773932454, -0.7508804889682272, -0.3559152161720854, -0.010107095622398359, -0.4143250242666356, 0.16353483858369042, 0.6876210001195279, 0.49641708868183027, 0.5621627797908336, 0.1143392438897819, 0.21944599753790167, 0.21944599753790167, 0.03038739989459668], [-0.7171241415714433, -0.8240713312168674, 0.33348745323311213, 0.05920816059129538, 0.06151406641878479, -0.5304471882629042, 0.3268056266691316, -0.3530166231430828, -0.27413505431553176, 0.0746159702321341, 0.22679657693762026, -0.3936257179712751, -0.17109654647612785, 0.6422846931450692, 0.6422846931450692, -0.10844631030494273]], "inverted": false, "swapped": true, "error_lsq": 0.04997109480651758, "error_max": 0.43532770819410505, "target": "478.xyz", "model": "10.xyz", "model_rescale": 4.260839863003843, "target_rescale": 4.352039474844493},
{"mapping": [0, 8, 9, 7, 14, 15, 13, 4, 3, 6, 5, 16], "R": [[0.2275650869960801, -0.07872886378522498, 0.9705750342902675], [-0.9609972679023226, 0.14270581950109726, 0.23689512482276073], [-0.1571571896692532, -0.9866290159363891, -0.043183360773041274]], "T": [-0.05536704798922348, -0.11274201092995023, -0.06518502043442873], "aligned_model": [[0.5405446878609625, 0.03779848783723635, -0.45820928236398667, -0.3940113662517867, -0.520192855240916, -0.40124399947134004, 0.30264909298725023, 0.6112346773503009, 0.31709517411523025, -0.229646413148078, 0.19273222513006677, -0.03985177971080944], [-7.347588776453196e-05, -0.7421681900170853, -0.6251638756361799, -0.4417019613619991, 0.25236341788093425, 0.5442863519299475, 0.6305262725352077, 0.21482251024745141, -0.14465880833200798, 0.004897467383782134, 0.4843062291690469, -0.004357432378399084], [-0.5439284180860254, -0.30859984031537, 0.08678338939274119, -0.5378426646894604, 0.257012755471247, -0.3564827304682777, -0.3897663455989352, -0.0403142964060741, 0.40686590233706244, 0.6977264042823933, 0.3533786156424594, -0.1086546941662556]], "inverted": true, "swapped": true, "error_lsq": 0.0457324848890914, "error_max": 0.2623856040749085, "target": "478.xyz", "model": "11.xyz", "model_rescale": 3.890672605050136, "target_rescale": 4.352039474844493},
{"mapping": [3, 1, 4, 6, 5, 12, 8, 14, 9, 11, 13, 0, 15, 16], "R": [[-0.4122660224282075, -0.7866332497885304, 0.45961381297602505], [-0.23096991748059859, 0.5782414970979193, 0.7824894045627473], [-0.8812999625384257, 0.21643682995528457, -0.4200779388026431]], "T": [0.03655962158715188, -0.07950794081311915, 0.0032579658828184033], "aligned_model": [[0.5658786243224547, 0.07441424447030907, 0.461758924174153, 0.6369770907656097, 0.7175144746570944, -0.3216391818409987, -0.37195331066180715, 0.2519873662192033, -0.20680823425874706, -0.7052177893908135, 0.21031384195656, -0.06543075302216177, -0.08778893723368457, 0.04986947463652213], [-0.11692912685021309, 0.20675331507613318, 0.5076990534995851, -0.5704823792139939, 0.1392977649729619, -0.49806527552764046, -0.18795313289930485, -0.39109710597245995, -0.6832666710684309, -0.008839150186883776, 0.7057277773675483, 0.6417335180099055, 0.17903758943388096, 0.008536343186676926], [-0.28134686668277537, -0.48864331098438596, -0.1600467418976791, 0.16038577845536392, 0.2889849666536311, 0.5540167900882569, -0.5310310299073633, 0.5597465021807231, -0.15230524696624703, 0.45526740886651124, 0.3763406281007063, -0.2544413900911853, 0.7474777827033352, 0.08038516483796933]], "inverted": true, "swapped": true, "error_lsq": 0.04768860969693528, "error_max": 0.3065804057309846, "target": "478.xyz", "model": "12.xyz", "model_rescale": 4.124412569039231, "target_rescale": 4.352039474844493},
{"mapping": [9, 3, 5, 8, 14, 12, 1, 11, 4, 10, 15, 13, 16], "R": [[0.9913660782534859, -0.029501402535282398, 0.12776136402197386], [0.13095170566091724, 0.272575602404374, -0.9531810907473931], [-0.006704451715135645, 0.9616819683358654, 0.2740854649645901]], "T": [0.02059681481619277, 0.0979543139457977, 0.0982141013304643], "aligned_model": [[-0.2923738261664518, -0.07764732654907795, 0.5418742328348011, -0.6276264973619436, 0.5651013152229695, 0.35667811441332054, -0.3845317393603912, 0.21058362612902262, 0.09282695544094685, -0.3804823662367791, 0.7126383410178004, 0.5404340943766811, 0.10982338374885894], [-0.3938874477942349, 0.5466767848837324, 0.6160869820885373, -0.07393715586806365, -0.13399049106564268, -0.6034444196359814, 0.4709600672508567, -0.5378935379716416, 0.8177127641989494, 0.011894204142659487, -0.08600132059255833, 0.5780287244657888, 0.13528022240607568], [0.4269898457244721, 0.487540564987333, 0.3284829864206457, -0.02165151791780022, 0.41898328391804296, 0.14204427645927437, -0.05038908797790971, -0.46671320610947326, -0.07209593580186598, -0.5834739116939486, -0.25308397946990874, -0.43589646605564364, 0.030961228484621225]], "inverted": false, "swapped": true, "error_lsq": 0.03737905460365514, "error_max": 0.20058202234121095, "target": "478.xyz", "model": "13.xyz", "model_rescale": 3.9028299243045295, "target_rescale": 4.352039474844493},
{"mapping": [8, 15, 11, 9, 2, 1, 12, 6, 10, 14, 3, 15, 13, 4, 5, 16], "R": [[0.16415047469815847, 0.41298058001425264, 0.8958245711005368], [-0.9676181263363118, 0.24394739585538738, 0.06484465776592838], [-0.19175448688824637, -0.8774603743682483, 0.4396515758777159]], "T": [-0.01569466927011864, -0.07090247301583241, 0.0794330323265609], "aligned_model": [[0.10925908334505247, -0.10611281434584217, -0.16128616625495346, -0.4977324976433699, 0.040656623298788955, 0.45550357188565727, -0.6377576343697434, -0.5147765586174576, 0.46600702079505235, -0.5327490391015942, 0.08355189491065806, -0.10611281434584217, 0.534793178272603, 0.5925287846998357, 0.07138995744858587, 0.030676681603165685], [-0.6819612212782612, 0.6606847934848118, 0.17978561245117597, -0.515907747432417, -0.6977052599316589, -0.3751031228234617, 0.1541878876665791, 0.005401066290655426, -0.2892465957041087, 0.339491021840473, -0.21106301234226527, 0.6606847934848118, 0.6240345162893599, 0.13022231699030123, 0.4321911417418788, 0.03655609139322623], [-0.19461381112009002, -0.2251586970015113, -0.7424543941271944, -0.053089677308732125, 0.3792377096567535, 0.18325753554628904, -0.33191098992265616, 0.6888107670333232, -0.5149226902423962, 0.2113738146902222, 0.6565673366742077, -0.2251586970015113, 0.07800276882214355, 0.4561132382829575, 0.6560858311169764, 0.06602006452554998]], "inverted": true, "swapped": true, "error_lsq": 0.049629522850329316, "error_max": 0.3147301432420424, "target": "478.xyz", "model": "14.xyz", "model_rescale": 3.942246331269136, "target_rescale": 4.352039474844493},
{"mapping": [2, 4, 1, 13, 15, 0, 7, 8, 9, 10, 11, 12, 5, 14, 16], "R": [[-0.387156639116633, 0.9210916744917521, -0.04122940661583124], [0.8101515602653335, 0.31849640018647696, -0.4921529157364626], [-0.44018653567272964, -0.22394233688660983, -0.8695318531038441]], "T": [-0.21204714513929668, -0.021214697832720886, 0.009287599394243715], "aligned_model": [[-0.7957380763788232, -0.20510595193728323, -0.33974248789549316, 0.3577439298278281, 0.4282276812672119, 0.12910897409934885, 0.09341791034638391, -0.33554330673458316, -0.5128110584160221, 0.23953092501531165, 0.5149213348593835, 0.05750765116470702, -0.3212094489372528, -0.21114908888740735, -0.12486495086110037], [0.23628074909142155, -0.5222318783578079, 0.052614417590294324, -0.6303259887134339, -0.34692974490821604, -0.105458086350169, 0.564779361670435, 0.5862492416247357, 0.4785706951864168, 0.4420390907053192, 0.354628892188915, 0.19021204190611352, -0.7834367688004668, -0.31887001563072326, -0.09997731732118358], [-0.2716768788067647, -0.5395370842062032, -0.5417010633155589, -0.2912084925269591, 0.3558844052344132, -0.6788372368852315, 0.10727705829993574, -0.27327950211226826, 0.3374766610730824, -0.4537918463115821, 0.3089520231756346, 0.7089095352808722, 0.027077308011850196, 0.6130896508270541, 0.0007279426222414134]], "inverted": true, "swapped": true, "error_lsq": 0.04129960341573587, "error_max": 0.24121733751125207, "target": "478.xyz", "model": "15.xyz", "model_rescale": 4.355366556412066, "target_rescale": 4.352039474844493},
{"mapping": [12, 7, 11, 5, 15, 14, 13, 3, 10, 9, 1, 16], "R": [[0.9322169621511982, 0.35842535788843327, 0.050027975175302025], [0.11117536374882134, -0.4151794993261719, 0.9029208281098554], [0.34440031064577936, -0.8361562331058822, -0.42688544114934723]], "T": [0.02171925514172296, 0.12688874531844674, 0.07674736096553997], "aligned_model": [[-0.18220363673633816, 0.4543836336600514, 0.1552965872908042, -0.6281027660697709, -0.4595819446595144, -0.5522622185491042, -0.3510498764066321, -0.10221967354134778, 0.6455748929554448, 0.2785083223003797, 0.38257318040994165, -0.04310794602213351], [-0.6191742026118418, -0.37217336421036734, -0.6144085613070142, 0.5350642549943704, -0.26774122100342956, -0.17617139000607862, 0.38230180984185236, 0.6400805150611998, 0.035736913603232556, -0.22033118837149934, 0.5583777238445746, 0.13121513790598172], [0.16968518725008294, -0.023444546624281082, -0.3616311757786165, 0.010872769331549514, -0.4220390019099591, 0.2552865282922599, -0.6860000913972484, 0.3663198250673636, -0.4084998809819215, 0.5880692981505158, -0.017841493079224224, -0.021518957111100218]], "inverted": true, "swapped": true, "error_lsq": 0.04730113558936808, "error_max": 0.22238832338343822, "target": "478.xyz", "model": "16.xyz", "model_rescale": 3.795458400668931, "target_rescale": 4.352039474844493},
{"mapping": [1, 2, 3, 10, 5, 9, 7, 0, 11, 12, 14, 15, 16], "R": [[0.45403915385286225, 0.4643825702658408, -0.7603928426819053], [0.2797682418798065, 0.7359614654107958, 0.6165147624070949], [0.8459185407614964, -0.49265560979622064, 0.2042358257805302]], "T": [0.009643540866463407, 0.11945755566630936, -0.0904548685961076], "aligned_model": [[0.176998486460114, 0.04623863638392611, 0.47656447198538104, -0.36510312340042844, 0.7125710342183889, -0.4672160716927617, -0.6334303963045154, 0.23385361866581778, -0.6378803012282086, -0.5048822657534262, 0.05853873069284382, -0.005720708953384918, 0.05809968983047579], [-0.2767324902257742, 0.16495883242616727, 0.26997488292181143, -0.5808937059508593, 0.31367208027533544, 0.47477724826632306, -0.05838929694682554, -0.6199485677161802, -0.08843658237517013, 0.5159674872304857, 0.663448603828032, 0.10800355033045815, 0.07737922340668192], [-0.46511620233883466, -0.7850990071346727, -0.4396084749353677, -0.13564830890219848, 0.15731321912788668, -0.3975464783332636, -0.05689476878239126, -0.08751170274698453, 0.4545526939561203, 0.3395160329239417, 0.3030669376163111, 0.7069184671940506, 0.00833262319169846]], "inverted": false, "swapped": true, "error_lsq": 0.048192963104817736, "error_max": 0.27475571263931603, "target": "478.xyz", "model": "17.xyz", "model_rescale": 3.7474275329858107, "target_rescale": 4.352039474844493},
{"mapping": [6, 5, 3, 15, 9, 7, 2, 0, 12, 8, 11, 13, 10, 16], "R": [[-0.3995757295785305, 0.8543212027218573, -0.3323770733845287], [0.08314154139870839, -0.3273114710124523, -0.9412516587170041], [-0.9129220779593581, -0.40373566045563014, 0.05975613818532899]], "T": [0.11767683665016364, -0.056654114406079925, -0.00971948217636049], "aligned_model": [[0.5678322208776213, 0.3024334254251806, 0.6718577704917522, -0.5523391847541407, 0.2592563823574025, -0.266554053063007, 0.7233198647205641, -0.010542762394828306, -0.35490701957415743, 0.2449464732721956, -0.7008663622115308, -0.27624309220616433, -0.23889696702488122, 0.0455509519668697], [-0.4343664699319816, 0.22091781578229674, 0.0903471438905658, -0.025382821402274297, -0.6390729133846874, -0.300216917424148, -0.09828082877549826, 0.6683076995056302, -0.6655946883232405, -0.11042370304493239, -0.25879481668181925, 0.6280209046806059, 0.2749947497168977, 0.009953086903818784], [-0.5397569265853914, -0.7040063063702625, -0.19371128951156608, -0.441312031156648, 0.28809926411760317, 0.47950812980879254, 0.33292287598914333, 0.2247807082246574, -0.12235954580573125, 0.6573780949856598, 0.21088539091784714, -0.4122409635148698, 0.6194335616319578, -0.0748262440695373]], "inverted": false, "swapped": true, "error_lsq": 0.041902438180322236, "error_max": 0.28765899804942996, "target": "478.xyz", "model": "18.xyz", "model_rescale": 3.922800546911778, "target_rescale": 4.352039474844493},
{"mapping": [12, 15, 14, 9, 4, 7, 13, 2, 10, 6, 5, 3, 8, 1, 16], "R": [[-0.3364103680641234, -0.9042090986574987, 0.2631234884307272], [0.4453186918638894, -0.39894041292763216, -0.8015845617336732], [0.829770647188484, -0.15248754978070939, 0.5368689041342218]], "T": [0.05164269506930019, 0.07566562547116297, 0.004755264765030118], "aligned_model": [[-0.20136557403358252, -0.13820970727732562, 0.3299232521167749, -0.03867195313605565, 0.32557040595039666, -0.558714756490504, 0.02882638646331298, 0.25619060726822546, -0.6465938359404045, 0.7505289250312512, 0.6576468954626842, 0.5772926187541932, -0.3138251015097269, 0.024705372495522057, 0.042747301732856444], [0.48487228534664223, -0.24885514445106693, 0.2446546482053768, 0.7358087703618841, -0.5665816864494252, 0.34682622353569614, -0.7731584984622544, 0.36739590965731705, -0.13554426300223182, 0.3820421746610009, -0.3373477836277037, 0.025976402230524206, 0.353070031763648, -0.13849458828355832, -0.02305297645127044], [-0.6079180845329107, -0.6986747788442706, -0.5844637554622655, 0.06805394866755031, 0.25922909095492946, -0.010593459455392099, -0.2501042215028718, 0.603916043949066, 0.32228562370604885, -0.20485779212229616, -0.23060446157667736, 0.2942410180666667, 0.5083304741994479, 0.5327279238844133, -0.05890840276810912]], "inverted": true, "swapped": true, "error_lsq": 0.04153979278492312, "error_max": 0.33492110489656884, "target": "478.xyz", "model": "19.xyz", "model_rescale": 3.9282355846067225, "target_rescale": 4.352039474844493},
{"mapping": [10, 11, 15, 7, 8, 12, 9, 14, 2, 3, 13, 1, 5, 16], "R": [[-0.8866535644860605, -0.4022038505891592, -0.22820499371270772], [0.4344141614003647, -0.8936113863059296, -0.11288501512252463], [-0.15852379303745381, -0.19922538200653073, 0.9670467693991696]], "T": [-0.009460240565395558, -0.021318591405585674, 0.09475492559146535], "aligned_model": [[-0.6719075062048101, -0.09488946274941452, 0.45353272578735043, -0.3785634571856715, -0.6450159659966682, 0.30543480435095866, -0.14823706708579482, 0.6188940547027424, -0.3788277447422616, 0.07879828738121476, 0.22358754945374842, -0.4353964940111564, 0.5641134169295892, 0.040999678454849926], [-0.4595049756594303, -0.6603022438025338, -0.6559552277099783, -0.2401992690411156, 0.14492608499471113, -0.18639267757112518, 0.3719738343095579, 0.0058554694237586, 0.5561334589220874, 0.40540909561934985, -0.6905113802712409, 0.05475800991020917, -0.005377773988017906, -0.11793031771139606], [0.04864948148746161, -0.4917108295201743, -0.043249943916880376, -0.41725477782328957, -0.08563225234483414, -0.5983710113237383, -0.4287090092755752, -0.14526353634231298, 0.22147044492202617, 0.5103181288612615, 0.627526991251702, 0.466421448180372, 0.6085394305557762, 0.13944859253188838]], "inverted": true, "swapped": true, "error_lsq": 0.04087601294804393, "error_max": 0.24079777419486006, "target": "478.xyz", "model": "20.xyz", "model_rescale": 4.067790424073018, "target_rescale": 4.352039474844493},
{"mapping": [9, 4, 7, 12, 10, 0, 11, 3, 1, 5, 5, 15, 14, 13, 16], "R": [[-0.43724587644428103, -0.8519342026759278, -0.2881391293167311], [0.12641875348913373, -0.3754305497780294, 0.9181885433066679], [-0.8904124562800806, 0.3650479647995562, 0.2718559197387025]], "T": [0.10846533520410738, 0.030030046671575456, -0.16425962788996445], "aligned_model": [[0.25621811989757576, -0.0011945823003123163, -0.2972748296212268, 0.2869159057559809, -0.6816889661248269, -0.49281798621807604, -0.32218695970333, 0.4199614110516535, -0.19939708489855368, 0.5543613185004403, 0.5543613185004403, 0.09927192383887182, 0.6346082702639196, -0.13121816333658526, 0.08852425830154406], [-0.32697383419686743, 0.6846034127323148, -0.45242175096003395, -0.7244354487553124, -0.026055877870804527, 0.45179123445311753, -0.6914800139224977, 0.529083917537352, 0.4748859417258846, 0.421072604612696, 0.421072604612696, -0.3610502619006896, -0.2956527776699332, 0.3006071021867351, 0.035848287343190136], [-0.7107665120832527, 0.17008052765576603, -0.3854271064260907, -0.08830491940648072, -0.23828630034140363, 0.07569058437945453, 0.06704574451774822, -0.2926897304604779, -0.34500615815947255, 0.32714433804091575, 0.32714433804091575, 0.5308253773247764, 0.10084548682590799, 0.6452564081504071, -0.048302504437572655]], "inverted": true, "swapped": true, "error_lsq": 0.04481701428195526, "error_max": 0.34544142806354083, "target": "478.xyz", "model": "21.xyz", "model_rescale": 4.186013935880536, "target_rescale": 4.352039474844493},
{"mapping": [6, 14, 5, 2, 7, 3, 9, 12, 13, 15, 11, 0, 16], "R": [[-0.26364830750778834, 0.33004972565873003, -0.9063976768178943], [0.7300754982152207, -0.5458611651238969, -0.4111269333373565], [-0.6304596234923185, -0.770131655629204, -0.09704584557694934]], "T": [0.09885280493679216, -0.11611278010264348, 0.07944806070753388], "aligned_model": [[0.10742275937741211, -0.30238095164396, 0.38982468169586537, 0.5040373039217811, -0.3158025303689531, 0.5769607575714655, -0.20899666973709152, -0.6729459713484662, 0.3013189001966399, -0.36288558821080535, -0.5992164269779959, 0.5473478066647598, 0.09388996428257368], [-0.38294007821970844, -0.026508019201505584, 0.26972262434582067, -0.6798160233793045, -0.2601727137066253, -0.28181237542701043, -0.709063331885425, -0.15082931980868725, 0.7469743893857457, 0.5229741909630513, 0.1620954162732966, 0.30726119619092906, 0.001070704015516094], [-0.665519008901576, -0.45361748070072416, -0.5202866934821235, 0.14272698066000672, 0.5830426996632964, -0.24694938456070023, 0.11933258018525454, -0.020318258540276163, 0.07142601700117951, -0.04112138296471249, 0.5208547766457037, 0.5448585742651124, 0.06845014206490495]], "inverted": false, "swapped": true, "error_lsq": 0.04284091676588376, "error_max": 0.24740147935387208, "target": "478.xyz", "model": "22.xyz", "model_rescale": 4.166573947596378, "target_rescale": 4.352039474844493},
{"mapping": [10, 8, 9, 12, 7, 1, 2, 0, 11, 15, 13, 14, 6, 4, 5, 16], "R": [[-0.44236662429891926, -0.7679888459276616, -0.4631467394218356], [0.2983242465689395, -0.6130243288256714, 0.7315762545195887], [-0.8457626224984489, 0.18545701604019738, 0.5002911967904419]], "T": [-0.008543592092057115, 0.11356719582472091, -0.0637749235088041], "aligned_model": [[-0.7720709200198859, -0.3899355619362277, 0.2120353035713719, 0.3111042481213683, -0.31085658966118784, -0.3941580749808389, -0.019514496706334636, -0.6827993679848823, -0.29479455089177053, 0.04925688079792606, -0.30590686682079105, 0.5672100721333715, 0.7473853041516796, -0.24650966991908557, 0.3474531290789141, -0.030665597912870886], [-0.06065672802976685, 0.1888478750304175, -0.03634527449128416, -0.5850827962014808, -0.34892892042851525, 0.5283313531870425, 0.6244720209754544, 0.3312912506596382, -0.7095121359970695, -0.45749501807816645, 0.08922044016414649, -0.17421930078483838, 0.3475077990338745, 0.6116087083481873, 0.41893315770828304, 0.08173500652575649], [-0.20392285584730888, -0.6232218747029681, -0.6776345433260023, -0.19240367048831974, -0.4392800045715354, -0.13172718347449536, -0.5379014312030455, 0.24440622635103976, -0.07565533032910335, 0.49004683863666465, 0.771065572263822, 0.13336224328913948, -0.05431532862238134, 0.43382102329991407, 0.5471533305537992, 0.04746752133487411]], "inverted": true, "swapped": true, "error_lsq": 0.043390492696806116, "error_max": 0.2932353409332803, "target": "478.xyz", "model": "23.xyz", "model_rescale": 4.274766983524099, "target_rescale": 4.352039474844493},
{"mapping": [0, 7, 8, 3, 9, 6, 5, 14, 15, 12, 16], "R": [[-0.537082585235949, 0.8425756440617892, 0.040107114956463574], [0.5517737349649273, 0.3868854822217559, -0.7388270224138352], [-0.638034514771046, -0.3746810746220054, -0.6727005650963701]], "T": [-0.06915667832620413, 0.06908136032238293, -0.0900439903292824], "aligned_model": [[0.2728515601044091, 0.12289505154366541, -0.30739967586880534, -0.4988961643615376, -0.4536098215631664, -0.5382411088058155, -0.03401160738007312, -0.005000670734088275, 0.625031549379132, 0.16520782815749968, 0.031067763486855263], [-0.16582457000414308, 0.6998836041165475, 0.5265592163910298, -0.3478961735953674, 0.5864126237137943, -0.23202167485266428, -0.65606555249677, -0.019795024146145812, -0.01574377376547441, 0.5321284243800829, 0.00794943150259387], [-0.7418490265560267, -0.19730318215323067, -0.5350857769656427, -0.1535465327253684, 0.09027953942633729, 0.47168810349440565, 0.167137164871831, 0.5741558342766673, 0.2934646695236425, 0.4908971445794396, -0.08027150375047751]], "inverted": true, "swapped": true, "error_lsq": 0.0463516911035777, "error_max": 0.2616998023355389, "target": "478.xyz", "model": "24.xyz", "model_rescale": 3.7841303162186577, "target_rescale": 4.352039474844493},
{"mapping": [0, 4, 15, 6, 5, 14, 3, 1, 13, 11, 10, 2, 12, 9, 7, 16], "R": [[-0.5791992431882388, 0.6900001538403027, -0.4340829694776448], [-0.8147941503780736, -0.5065264350586095, 0.28203096123739635], [-0.02527309240763473, 0.5170403836134803, 0.8555878169498327]], "T": [0.05828117109170669, -0.012477085359051926, 0.14647899632544797], "aligned_model": [[0.08467618688913311, 0.2965065576993273, -0.6809897202229704, 0.3230767311184025, 0.11827143015625749, -0.2417230295310903, 0.5716977521885531, 0.4363132938257325, -0.32004845009715543, -0.7095068753298692, -0.10016280858439322, 0.7140791209254742, -0.505065303516905, 0.18333558347572942, -0.2356476094407907, -0.016970311082657175], [0.11825396516685241, -0.3679362999946625, -0.2996756814267899, -0.5512732393629262, -0.7661901168952475, -0.4351283465010535, -0.32601354261851645, 0.16263299113024404, -0.4364739348639398, 0.39874104899782803, 0.6108960356320534, 0.2035333253401038, 0.07569205189508056, 0.3440381054064009, 0.5776946963096611, -0.0719785898471274], [-0.6145814034306925, -0.4611165439641352, 0.061820820633979284, 0.6620642965060617, -0.00026296319336785445, 0.5760599585394222, 0.1204565682139691, -0.24310221545666988, -0.5340132552039116, 0.17716292860869204, -0.3217846648792529, 0.24244043583165706, 0.6772321031865856, 0.6989378124440973, 0.2541962746476576, 0.07810986333316161]], "inverted": false, "swapped": true, "error_lsq": 0.04395686687216524, "error_max": 0.32813596051505195, "target": "478.xyz", "model": "25.xyz", "model_rescale": 4.19342608120988, "target_rescale": 4.352039474844493},
{"mapping": [12, 7, 11, 5, 15, 14, 13, 3, 10, 9, 1, 16], "R": [[0.9322169621511982, 0.35842535788843327, 0.050027975175302025], [0.11117536374882134, -0.4151794993261719, 0.9029208281098554], [0.34440031064577936, -0.8361562331058822, -0.42688544114934723]], "T": [0.02171925514172296, 0.12688874531844674, 0.07674736096553997], "aligned_model": [[-0.18220363673633816, 0.4543836336600514, 0.1552965872908042, -0.6281027660697709, -0.4595819446595144, -0.5522622185491042, -0.3510498764066321, -0.10221967354134778, 0.6455748929554448, 0.2785083223003797, 0.38257318040994165, -0.04310794602213351], [-0.6191742026118418, -0.37217336421036734, -0.6144085613070142, 0.5350642549943704, -0.26774122100342956, -0.17617139000607862, 0.38230180984185236, 0.6400805150611998, 0.035736913603232556, -0.22033118837149934, 0.5583777238445746, 0.13121513790598172], [0.16968518725008294, -0.023444546624281082, -0.3616311757786165, 0.010872769331549514, -0.4220390019099591, 0.2552865282922599, -0.6860000913972484, 0.3663198250673636, -0.4084998809819215, 0.5880692981505158, -0.017841493079224224, -0.021518957111100218]], "inverted": true, "swapped": true, "error_lsq": 0.04730113558936808, "error_max": 0.22238832338343822, "target": "478.xyz", "model": "26.xyz", "model_rescale": 3.795458400668931, "target_rescale": 4.352039474844493},
