[{"mapping": [9, 2, 0, 3, 7, 4, 1, 12, 6, 5, 11, 13], "R": [[-0.6093980821025805, 0.3210904593654636, -0.7249378555670632], [-0.19112298673802425, 0.8278757860667937, 0.5273458891321954], [0.7694842308131037, 0.4599158615972755, -0.4431381486412588]], "T": [0.05042387640399423, -0.028635814727451664, 0.09536626505244698], "aligned_model": [[-0.6214274960562164, -0.04862560944453628, -0.47738150139299385, 0.3524635129082586, -0.20232551197574314, 0.16070155399691213, 0.005594921621408094, -0.4004507899738279, 0.6446188106737489, 0.6931150758363783, 0.17038450214985265, -0.003951532181672289], [0.22740657364570468, -0.11033555959595281, -0.48205170451785595, -0.2808811285442413, 0.6677595349832207, 0.6382083370641144, -0.5753009083178962, -0.17789253888007875, 0.2059867126196727, -0.11563099224258674, 0.4229308966747476, 0.12457964677995889], [-0.04535047326864862, -0.6627713190648868, -0.23817226141006115, -0.24864632982683, -0.054786144353755936, -0.5803274064120562, 0.27478687057428575, 0.4263561040015, -0.3246705594487665, 0.4849572322255468, 0.6137857807608602, 0.10576816639846252]], "inverted": false, "swapped": false, "error_lsq": 0.051827277552448696, "error_max": 0.23710195577130724, "target": "479.xyz", "model": "0.xyz", "model_rescale": 3.8414455957264533, "target_rescale": 3.7679785584340317},
{"mapping": [1, 12, 10, 8, 0, 11, 6, 2, 13, 9, 7, 14], "R": [[0.2809257152354853, 0.5497512286611262, 0.7866729492648219], [-0.9581108929375334, 0.20823376476774197, 0.19662709895915953], [-0.05571588062548599, -0.808957530279702, 0.5852208598895734]], "T": [-0.06845873760625018, 0.03817470591952917, 0.08047424634034914], "aligned_model": [[-0.6733657831393389, 0.03713878539889323, -0.3300235266536571, 0.46349290471136395, -0.030438400445268812, -0.04423912587576187, -0.04594529057976961, -0.2641760866382366, 0.5624607287470758, 0.535994541429248, 0.1969712972617685, -0.13515410805474765], [0.4891060437004132, -0.11186032332647422, -0.4720875596105492, -0.39621699848130126, 0.7596021181746868, 0.45832682463771535, -0.6859675637701843, -0.19064157031243445, 0.33233295699978566, -0.05288809830642479, 0.36519110061449517, 0.04988193934907933], [-0.34290063014656946, -0.6602201555565478, -0.2931533515657575, -0.3102093787118223, 0.14059339733368015, -0.6605729921500303, 0.3722589130643882, 0.7542268408716504, -0.2199563628478108, 0.3835476353786825, 0.565821726323289, 0.02149401818249802]], "inverted": false, "swapped": false, "error_lsq": 0.04724183985823915, "error_max": 0.253303669858819, "target": "479.xyz", "model": "1.xyz", "model_rescale": 4.316132596720782, "target_rescale": 3.7679785584340317},
{"mapping": [5, 9, 0, 1, 3, 7, 2, 4, 10, 8, 6, 11], "R": [[-0.871026351379856, -0.41479839075140723, 0.2631641887338371], [0.40800494089771644, -0.9092267435099997, -0.08269641521403688], [0.27357825828261034, 0.03534153245466855, 0.9612002458794988]], "T": [0.03940001595437349, 0.03455087116255004, -0.07400187824252073], "aligned_model": [[-0.535705472980499, 0.042967225871658785, -0.4549846822849813, 0.28107767318198745, -0.23381370999129264, -0.010427958109677102, 0.08760100046597853, -0.43853535517357034, 0.6056265969478447, 0.679389615138365, 0.24221945159577507, 0.007301551499979728], [0.1467878297725304, -0.041100682390207005, -0.47315294855023116, -0.40968409948336115, 0.6124556937177595, 0.7691548113201001, -0.6268858556376714, 0.0062070368029487274, 0.30964565880470396, -0.2208992506916936, 0.403247347062647, 0.06900332894128168], [-0.3431048764345905, -0.8117115926224201, -0.11565113012390534, -0.2710918684931818, 0.07565534631222516, -0.5822688788292514, 0.4367852822039054, 0.5302366005184178, -0.10476086681255586, 0.2609528410761616, 0.632413826696478, 0.04347497668436663]], "inverted": true, "swapped": false, "error_lsq": 0.04884730538055839, "error_max": 0.2520002616729974, "target": "479.xyz", "model": "2.xyz", "model_rescale": 3.795458400668931, "target_rescale": 3.7679785584340317},
{"mapping": [8, 9, 7, 4, 6, 3, 0, 1, 5, 10, 2, 11], "R": [[0.3380439465462145, -0.940513557622604, 0.03406667185876966], [0.3840058861123936, 0.10479307194548523, -0.9173646447859565], [0.859223934509797, 0.3231913674594379, 0.39658740570674106]], "T": [0.03467299194257084, 0.01247870616117707, 0.04679903312714201], "aligned_model": [[-0.5866253071121017, -0.055649578189362545, -0.39054419586135863, 0.4485112471021878, -0.14460554464894768, -0.017100859413630987, -0.0009578756659808091, -0.45802966765496234, 0.5378446241837036, 0.7241443055605021, 0.19215047158981707, 0.02357831627170297], [0.3929436034271181, 0.054468262647503755, -0.509938337480613, -0.45282768040314103, 0.5712735717473911, 0.6322797546231373, -0.6422781622784135, 0.010873267878257674, 0.24001107822649748, -0.013506717074972287, 0.3851942229835273, -0.12371399462748561], [-0.23568605067645138, -0.8161223730728184, -0.3131635653808999, -0.10545929509334534, 0.10068596227505791, -0.4534370653075572, 0.4736852342163592, 0.43860300675820224, -0.3877949655881498, 0.2977269129599046, 0.6979589968371187, 0.05393286224822953]], "inverted": true, "swapped": false, "error_lsq": 0.046250022484886265, "error_max": 0.23059564726492943, "target": "479.xyz", "model": "3.xyz", "model_rescale": 3.7530521520055578, "target_rescale": 3.7679785584340317},
{"mapping": [1, 8, 4, 10, 0, 9, 2, 3, 6, 7, 11], "R": [[0.5221543750937206, -0.6333993158819232, -0.5711042945126553], [-0.5963542975218382, 0.20754712797531819, -0.7754261676629387], [0.6096854602151188, 0.74547266637316, -0.26935876316312846]], "T": [-0.05685473765984565, -0.0931366236050808, 0.013090419090931244], "aligned_model": [[-0.37692747921672726, -0.29870347604451397, 0.321876667235166, 0.5270643105314302, 0.365611507479003, -0.3134894314421051, -0.31852282548152794, -0.7368606341374461, -0.23452336924701933, 0.4905953894631316, -0.08792105669418623], [-0.6269679240368871, 0.04667331370695714, -0.28909442681496084, 0.3904004555282649, -0.7298853993137023, 0.6290359905619052, -0.4051455818298039, 0.039006643990470755, 0.349318820739167, 0.1450696215182231, -0.08120815573528771], [-0.13380747089667286, -0.6826711126144228, -0.4230417503797366, -0.2546419863000874, 0.08593966909408302, -0.11822635100264185, 0.4960847685406983, -0.04660035666382606, 0.5863897025875401, 0.4750379866317689, 0.10836767824861344]], "inverted": true, "swapped": true, "error_lsq": 0.05124503393620745, "error_max": 0.3165438869729112, "target": "479.xyz", "model": "4.xyz", "model_rescale": 3.7855080009869324, "target_rescale": 3.7679785584340317},
{"mapping": [1, 6, 7, 8, 12, 11, 10, 3, 13, 15, 14, 16], "R": [[0.663492429305627, 0.3724945960108064, 0.6488648335338137], [0.052131665490252055, -0.8881630081105149, 0.4565618911793824], [0.7463645796173143, -0.2690989538568068, -0.6087081955468007]], "T": [-0.10587484939016428, 0.0201636001772761, 0.038639216045412664], "aligned_model": [[-0.6391776584783422, -0.048369805208547056, -0.27426755790378277, 0.45927899786808873, 0.01933966995841585, -0.02084787378924896, 0.039574849119151795, -0.46952927781105047, 0.4824416555141176, 0.6210405302652706, 0.19428699105805308, -0.091054584430557], [0.522438235935551, -0.056162820704838176, -0.6036773361441455, -0.35211104385151826, 0.6859818564742618, 0.5449809406067462, -0.642389726089745, -0.15199015561026125, 0.2877733106761821, -0.15570336584123506, 0.4217567948512639, 0.04388217936654553], [-0.15218070713327603, -0.6070731931864056, -0.34061775984951786, -0.15455134352220645, -0.0251779974326012, -0.5527772200679566, 0.3047815635407708, 0.6047974505146853, -0.2886777126021906, 0.385024763910353, 0.4928673240078645, 0.08451449199613092]], "inverted": false, "swapped": false, "error_lsq": 0.04031052558536326, "error_max": 0.19459849577744642, "target": "479.xyz", "model": "5.xyz", "model_rescale": 4.2253639853439635, "target_rescale": 3.7679785584340317},
{"mapping": [0, 1, 4, 10, 9, 9, 2, 6, 8, 5, 11, 13], "R": [[0.7216876982637458, -0.6498514998713304, -0.23845312807711144], [-0.685417997344297, -0.7190289546846368, -0.11488921290378963], [-0.0967937760980029, 0.24635419712296625, -0.9643342649043375]], "T": [-0.06158039975911041, 0.06139248634100699, 0.04793321322144095], "aligned_model": [[-0.7211212885530474, -0.018725290984975343, -0.35420928465629575, 0.4973160048363559, -0.0442270851374833, -0.0442270851374833, 0.02135975078247561, -0.22078556456147685, 0.5793700794915306, 0.43120083548028026, 0.25388067178537144, -0.1071158071836828], [0.34378127630601196, -0.04574417830607349, -0.48280291345119725, -0.4179139603297912, 0.568845753749141, 0.568845753749141, -0.5706575323512855, -0.06425273012824786, 0.34483992719561557, -0.164249975414065, 0.43673134500195404, 0.027356103647604067], [-0.3102916276782429, -0.6769053596335933, -0.29722039718320026, -0.2097732350859567, -0.29086830884396386, -0.29086830884396386, 0.25723041180862827, 0.6583305946065143, -0.18595758826514586, 0.37503166949987754, 0.6522169564516338, 0.0700048533430629]], "inverted": true, "swapped": false, "error_lsq": 0.04860494453243852, "error_max": 0.3124598384471103, "target": "479.xyz", "model": "6.xyz", "model_rescale": 3.89814844738969, "target_rescale": 3.7679785584340317},
{"mapping": [2, 5, 10, 9, 0, 1, 11, 4, 6, 8, 7, 12], "R": [[-0.8845946550556676, -0.42799350666277913, 0.18523999163637067], [0.11960445535435692, -0.5921204188903, -0.7969242020371599], [0.45076276521728453, -0.6827993612970606, 0.5749764879592851]], "T": [0.050340063663764076, 0.11610773533301713, 0.1040106409042932], "aligned_model": [[-0.5892227348088339, 0.1139090502738748, -0.36604365858853294, 0.3786212460024206, 0.0170791340755483, -0.13580970454580027, 0.1190048821885805, -0.503551611234377, 0.5894899660740043, 0.6401441821529894, 0.09476957161093903, -0.08567438703924381], [0.19349204386680668, 0.026200915588617785, -0.3920876902762912, -0.53989575173114, 0.7047065822461902, 0.5985096455401916, -0.5687122298443239, 0.021289327150140133, 0.29499584757328834, -0.1614100256301357, 0.34244941770617554, 0.025240787479286833], [-0.19013037990649545, -0.6643983333598288, -0.22350373784146887, -0.40573122447132465, 0.045227178572445556, -0.5648938910416607, 0.5302114471147811, 0.41977838835876546, -0.2629938237251161, 0.2851232204725833, 0.7188847265429843, 0.06335608945998418]], "inverted": false, "swapped": false, "error_lsq": 0.04403423193957293, "error_max": 0.22711584177666375, "target": "479.xyz", "model": "7.xyz", "model_rescale": 3.7474275329858107, "target_rescale": 3.7679785584340317},
{"mapping": [10, 7, 11, 8, 0, 6, 13, 12, 3, 4, 1, 14], "R": [[0.4597123384459112, -0.8234220999298862, -0.3326268347978689], [-0.6341430614740404, -0.0421577841668484, -0.7720656052554555], [0.6217130716535753, 0.5658610841727838, -0.5415478648779611]], "T": [0.04997420605721793, 0.012464634575520467, -0.016849057763147716], "aligned_model": [[-0.620108174295723, -0.23747231460740992, -0.38955538105656284, 0.6493278689671387, -0.016346159237603117, -0.01867729273661832, -0.03768263149187592, -0.4141674317547111, 0.5400848896922124, 0.5669969436066813, 0.1728916992896709, 0.07742391978636996], [0.28895524047597454, -0.025100128179701836, -0.38960920491958917, -0.2561206944220804, 0.6672702665616953, 0.5879020269814338, -0.6305957338460726, -0.12116236146665194, 0.45903045797062014, -0.4822009663482343, 0.45106841658483665, -0.0046584497234229486], [-0.24002143077916127, -0.633161493367818, -0.1946982220432117, -0.2008257510159513, 0.015468601392631672, -0.5922592397483012, 0.6051649855581791, 0.3670245995479017, -0.2898051350849531, 0.2997252273029724, 0.5809132966172756, 0.03340422179608579]], "inverted": false, "swapped": false, "error_lsq": 0.05160241142416431, "error_max": 0.28951527502937013, "target": "479.xyz", "model": "8.xyz", "model_rescale": 4.019505241142653, "target_rescale": 3.7679785584340317},
{"mapping": [7, 8, 9, 11, 0, 4, 10, 1, 5, 6, 2, 12], "R": [[0.843574019504372, 0.4550544803954111, -0.2851460914852244], [0.1742036110251584, -0.7341568479335828, -0.6562521044065472], [-0.5079724161044897, 0.5039237467159976, -0.6985877768560501]], "T": [0.07084248884822879, 0.05771810382692303, 0.043770484041132734], "aligned_model": [[-0.6147957460803811, -0.12113705495809247, -0.29939413790210423, 0.3443283554426914, -0.3137976655939732, 0.002446191837665007, 0.04338328024016444, -0.4152355626660656, 0.6497610233369274, 0.6432209514454137, 0.25361414282596606, 0.10032215823335727], [0.38777619753619696, -0.0671425818541537, -0.4514355238714995, -0.3419404200166433, 0.5805010216560564, 0.7129013739431335, -0.6714846366540564, -0.09385426796179777, 0.2613125514765206, -0.23812644356669319, 0.40786860288004845, 0.05840299610169491], [-0.44668425969846737, -0.5915960206766325, -0.2227393376249994, -0.34703390319786276, 0.08113424305740927, -0.45986777935650924, 0.5966620768108518, 0.48768404107331587, -0.2281253608216934, 0.37980729348207265, 0.4841808753033595, 0.017507791824805448]], "inverted": false, "swapped": false, "error_lsq": 0.049764000438570766, "error_max": 0.29821354686017487, "target": "479.xyz", "model": "9.xyz", "model_rescale": 3.877068213659057, "target_rescale": 3.7679785584340317},
{"mapping": [4, 1, 5, 0, 2, 7, 12, 6, 8, 11, 14, 15], "R": [[-0.26766640132088054, 0.8606153358075398, -0.43323889642644614], [-0.8518057812534746, -0.001214081332355954, 0.5238563133433406], [0.45031278976627703, 0.5092541308417576, 0.7334020872574054]], "T": [-0.05323826976314369, 0.11429654936079496, 0.13933779261628929], "aligned_model": [[-0.5365044201002047, -0.047275791639547676, -0.3242742155835413, 0.36240550742478816, -0.09281406676311355, -0.021399343174778734, 0.0013227196213182607, -0.2958870702950494, 0.5778456197121804, 0.5906783140307694, 0.06598358658904055, -0.007364903660292674], [0.3365552467478488, -0.12142242974932947, -0.4600339065684656, -0.46039506265723024, 0.772814325141775, 0.5193174785213911, -0.6172331588975707, -0.15389189699177191, 0.3088383643595506, -0.22446791673974936, 0.5983745382434273, 0.046323288258931714], [-0.2791661848070778, -0.6957116801368769, -0.31638085491512324, -0.22223631762234838, 0.06761992021482255, -0.5686388306647315, 0.2810508833536986, 0.638838635426661, -0.2596729120894674, 0.26289080102358586, 0.7401507387866182, 0.10218546160588904]], "inverted": false, "swapped": false, "error_lsq": 0.04135398148564413, "error_max": 0.21085214604654076, "target": "479.xyz", "model": "10.xyz", "model_rescale": 4.260839863003843, "target_rescale": 3.7679785584340317},
{"mapping": [10, 8, 7, 1, 4, 9, 0, 6, 2, 3, 5, 11], "R": [[-0.5623516757112963, -0.7657293437388527, -0.3121204334258869], [-0.7836202438365784, 0.37298430101278934, 0.4968118604134799], [-0.26400739814292906, 0.5239668723643389, -0.8097893617420113]], "T": [0.0192602587398691, 0.057365326926780286, -0.06186688747145337], "aligned_model": [[-0.5595844338460634, -0.04647279912817144, -0.3509594366982066, 0.4852219197447733, 0.1324073604674448, -0.12349578349108555, -0.043855818689026674, -0.48126663957637345, 0.6297051229391608, 0.5941990537626731, 0.012212855890840202, 0.024604534785603968], [0.2961691888170106, 0.0027865633028811565, -0.4748455891674289, -0.4680315314804616, 0.7744701173991959, 0.6679032239814754, -0.653844049733615, -0.1456493306933076, 0.23023836876368312, -0.02031664752919779, 0.34017664033887696, -0.004278084330304716], [-0.09715611321543811, -0.7748281281594354, -0.1582751193925213, -0.23535612284541862, 0.03332403359449683, -0.5544087129277246, 0.4482623635770922, 0.5796260645611844, -0.3223071019549583, 0.3470878340260662, 0.5517934398816403, -0.06683277696933373]], "inverted": false, "swapped": false, "error_lsq": 0.04449810972414015, "error_max": 0.26223691926835296, "target": "479.xyz", "model": "11.xyz", "model_rescale": 3.890672605050136, "target_rescale": 3.7679785584340317},
{"mapping": [8, 7, 5, 12, 0, 3, 9, 6, 4, 10, 1, 13], "R": [[0.5284872368224001, 0.7840489674269284, 0.3255279668363253], [0.7319512554597016, -0.22657905784171478, -0.6425801819061394], [-0.43005650808561297, 0.5778660287855033, -0.6936297662506137]], "T": [0.015566537211374163, 0.04303821577080419, 0.15978169908689638], "aligned_model": [[-0.5905097831075202, 0.00047996422507607175, -0.3067501565412362, 0.36010768967122936, -0.055813069201138835, -0.04117000667640175, -0.15085548676108254, -0.40577908170166493, 0.5567237557092254, 0.8307327123234315, -0.013163945609024032, 0.088713343830675], [0.249538148597916, -0.12129979077268527, -0.526441473102695, -0.4480122062128997, 0.6257310178916897, 0.6521062564864868, -0.6873676977473735, 0.05742009114066321, 0.3786015753186501, -0.32408915455998016, 0.6589842103878947, 0.029607892241140882], [-0.17070327414069242, -0.6767167080826824, -0.26066688840506785, -0.28213800411305573, 0.09599620001288278, -0.532230036628955, 0.37104297678820236, 0.5526167471989394, -0.13279844450075962, 0.14359203109327984, 0.6342112317493438, 0.008723829204214606]], "inverted": false, "swapped": false, "error_lsq": 0.048686649006371215, "error_max": 0.3186972960264834, "target": "479.xyz", "model": "12.xyz", "model_rescale": 4.124412569039231, "target_rescale": 3.7679785584340317},
{"mapping": [2, 10, 4, 5, 8, 11, 0, 1, 9, 3, 6, 12], "R": [[0.5396143030970593, 0.5190289720217158, 0.6628916428008097], [0.06977268527109529, -0.8122250525149315, 0.5791564870198536], [0.8390161954832195, -0.26626939416537904, -0.47450230078226835]], "T": [0.1758597551037072, -0.04675327479104088, 0.00959656988509033], "aligned_model": [[-0.6013200138698639, -0.013728153126213338, -0.43686696185685603, 0.2969047665597504, -0.09485195152071715, -0.1629296580086715, 0.13133476094431887, -0.43388862923683813, 0.609477435294539, 0.6594538393395476, 0.2145369619946872, 0.10459353964788598], [0.22510048647144973, 0.06293445250510903, -0.49200540572422, -0.7004178892042983, 0.6164400855967003, 0.6838851386955449, -0.5464303077569471, 0.07964635252444649, 0.420716805786976, -0.14620333202169705, 0.36907601836025716, -0.027963535564513507], [-0.24433777760367342, -0.6951265671205848, -0.201573423181443, -0.3534689285277805, 0.05185600117030553, -0.5751615883626334, 0.3013289489853893, 0.5340909367922416, -0.03610576255753317, 0.524377905575153, 0.5322847057830498, -0.08723479077684107]], "inverted": true, "swapped": false, "error_lsq": 0.04997154788093644, "error_max": 0.33903683428963277, "target": "479.xyz", "model": "13.xyz", "model_rescale": 3.9028299243045295, "target_rescale": 3.7679785584340317},
{"mapping": [9, 11, 1, 12, 10, 14, 2, 3, 13, 8, 4, 15], "R": [[0.987507081008304, -0.15632161357524285, -0.019832248679645115], [-0.020844937069237568, -0.2543479893897768, 0.9668880953305596], [-0.15618979978551212, -0.9543954387058913, -0.2544289547601672]], "T": [-0.005866273279478692, 0.006198668899928331, 0.11542540573823376], "aligned_model": [[-0.5964881654006582, -0.1494658499094254, -0.2828590219352405, 0.4660815466094443, 0.025492185562521658, 0.006130504242604837, 0.00275775838847799, -0.38406192922909166, 0.5800955902628356, 0.6256112151591969, 0.07575165414288462, -0.0963295517319809], [0.30048662137531157, -0.1120312927254805, -0.47064583544306055, -0.22756660354843167, 0.7477007832733967, 0.49870345008892963, -0.6867634449411076, -0.02400007418449418, 0.3756975307468619, -0.3590257760878702, 0.43640453437940624, 0.06581897673534601], [-0.2912757597859216, -0.5995973394270376, -0.22822134837537814, -0.33939251569860096, 0.04801722012473009, -0.6196567465536118, 0.3641801130595973, 0.6101430292115784, -0.27543344009114334, 0.369107186590073, 0.6327499664475044, 0.08030929467385972]], "inverted": false, "swapped": false, "error_lsq": 0.038134919325673214, "error_max": 0.18984960907972023, "target": "479.xyz", "model": "14.xyz", "model_rescale": 3.942246331269136, "target_rescale": 3.7679785584340317},
{"mapping": [9, 2, 5, 1, 6, 7, 3, 4, 8, 12, 11, 14], "R": [[0.8706656473898148, 0.36661893870671897, -0.3279205456156015], [0.16377932393500777, -0.8447125361937803, -0.5095459392915062], [-0.4638077872423732, 0.3899375398427684, -0.7955067891066064]], "T": [-0.0054521972933938845, 0.06263890794450401, 0.09274762628742769], "aligned_model": [[-0.6561914181794101, -0.05456547149246099, -0.2534322427136124, 0.29947828686698574, -0.10660912456200115, -0.025329196029154274, -0.053293410390765975, -0.17660465086959395, 0.5148069075962891, 0.6414506681664586, 0.08852697522183142, 0.05447861254700315], [0.3382123548801063, -0.06229052461234445, -0.39140062923640206, -0.6396963328123548, 0.6069526617905036, 0.5655991899214772, -0.626092336308985, -0.08358493561969697, 0.6132758030844092, -0.39868264658364144, 0.593104420121888, 0.02938184504384768], [-0.29294661514878173, -0.6586699951575031, -0.2748575340939917, -0.1725522892823668, 0.013506205439040797, -0.5983495939384543, 0.2925185501453791, 0.6340325809377149, -0.06527262487634569, 0.28451666484766014, 0.5659127984845042, 0.023091512818794735]], "inverted": true, "swapped": false, "error_lsq": 0.05376482417821752, "error_max": 0.3374200692087219, "target": "479.xyz", "model": "15.xyz", "model_rescale": 4.355366556412066, "target_rescale": 3.7679785584340317},
{"mapping": [5, 9, 0, 1, 3, 7, 2, 4, 10, 8, 6, 11], "R": [[-0.871026351379856, -0.41479839075140723, 0.2631641887338371], [0.40800494089771644, -0.9092267435099997, -0.08269641521403688], [0.27357825828261034, 0.03534153245466855, 0.9612002458794988]], "T": [0.03940001595437349, 0.03455087116255004, -0.07400187824252073], "aligned_model": [[-0.535705472980499, 0.042967225871658785, -0.4549846822849813, 0.28107767318198745, -0.23381370999129264, -0.010427958109677102, 0.08760100046597853, -0.43853535517357034, 0.6056265969478447, 0.679389615138365, 0.24221945159577507, 0.007301551499979728], [0.1467878297725304, -0.041100682390207005, -0.47315294855023116, -0.40968409948336115, 0.6124556937177595, 0.7691548113201001, -0.6268858556376714, 0.0062070368029487274, 0.30964565880470396, -0.2208992506916936, 0.403247347062647, 0.06900332894128168], [-0.3431048764345905, -0.8117115926224201, -0.11565113012390534, -0.2710918684931818, 0.07565534631222516, -0.5822688788292514, 0.4367852822039054, 0.5302366005184178, -0.10476086681255586, 0.2609528410761616, 0.632413826696478, 0.04347497668436663]], "inverted": true, "swapped": false, "error_lsq": 0.04884730538055839, "error_max": 0.2520002616729974, "target": "479.xyz", "model": "16.xyz", "model_rescale": 3.795458400668931, "target_rescale": 3.7679785584340317},
{"mapping": [2, 5, 10, 9, 0, 1, 11, 4, 6, 8, 7, 12], "R": [[-0.8845946550556676, -0.42799350666277913, 0.18523999163637067], [0.11960445535435692, -0.5921204188903, -0.7969242020371599], [0.45076276521728453, -0.6827993612970606, 0.5749764879592851]], "T": [0.050340063663764076, 0.11610773533301713, 0.1040106409042932], "aligned_model": [[-0.5892227348088339, 0.1139090502738748, -0.36604365858853294, 0.3786212460024206, 0.0170791340755483, -0.13580970454580027, 0.1190048821885805, -0.503551611234377, 0.5894899660740043, 0.6401441821529894, 0.09476957161093903, -0.08567438703924381], [0.19349204386680668, 0.026200915588617785, -0.3920876902762912, -0.53989575173114, 0.7047065822461902, 0.5985096455401916, -0.5687122298443239, 0.021289327150140133, 0.29499584757328834, -0.1614100256301357, 0.34244941770617554, 0.025240787479286833], [-0.19013037990649545, -0.6643983333598288, -0.22350373784146887, -0.40573122447132465, 0.045227178572445556, -0.5648938910416607, 0.5302114471147811, 0.41977838835876546, -0.2629938237251161, 0.2851232204725833, 0.7188847265429843, 0.06335608945998418]], "inverted": false, "swapped": false, "error_lsq": 0.04403423193957293, "error_max": 0.22711584177666375, "target": "479.xyz", "model": "17.xyz", "model_rescale": 3.7474275329858107, "target_rescale": 3.7679785584340317},
{"mapping": [5, 6, 9, 2, 8, 4, 7, 11, 0, 1, 3, 13], "R": [[0.5837107411839098, -0.0520989014965553, -0.8102885134872534], [-0.4482480735277673, -0.8527653893124596, -0.26807621186784636], [-0.6770195235036992, 0.5196892294954951, -0.521121549680305]], "T": [-0.07239823205158179, 0.027167873780415887, 0.07607288672870594], "aligned_model": [[-0.6899765949248137, 0.09350168547787703, -0.3563284714011645, 0.4393926591473899, -0.023320472794240515, -0.13486999750096323, -0.14923920230155657, -0.18433014156435212, 0.6257717103733397, 0.4961928185485922, 0.1445292924625099, 0.0113926506389508], [0.3184657287148694, -0.1402959727195097, -0.29665427407971995, -0.3677583673076768, 0.7418883213763314, 0.4562077787097069, -0.6874859132552209, -0.13966537008716778, 0.33237456515018055, -0.11054559716260243, 0.4275034938013918, 0.010744476528224613], [-0.16259521355220383, -0.6583873837689568, -0.4360276908868753, -0.2170756619551898, 0.015902241449862395, -0.6319157152420518, 0.3014275228091786, 0.7698845169133681, -0.26823801611692294, 0.44520380375936247, 0.5793253301006613, 0.013425926665417517]], "inverted": false, "swapped": false, "error_lsq": 0.05058860726859183, "error_max": 0.29772917009256994, "target": "479.xyz", "model": "18.xyz", "model_rescale": 3.922800546911778, "target_rescale": 3.7679785584340317},
{"mapping": [9, 11, 7, 13, 2, 10, 12, 0, 6, 8, 1, 14], "R": [[0.45802104427703244, 0.8669818537257572, -0.1963649365585075], [-0.35557139344616784, 0.3811365149210855, 0.853407253986372], [0.8147304506167224, -0.3210567275483559, 0.48284249039807337]], "T": [0.11178912596623757, 0.003103798431055696, 0.062148350026494215], "aligned_model": [[-0.5671875391197754, 0.005404117575974976, -0.4153752576426877, 0.3579601469568905, -0.34578292487333007, 0.07425455385433374, -0.0428188596439948, -0.38687196401067303, 0.6194024865914751, 0.6735031343665114, 0.2624138398645249, 0.037814202242319156], [0.26027690406960213, -0.08578404034443969, -0.4737319621509985, -0.49500886555373885, 0.554107238743644, 0.5844764488005615, -0.7368480080913056, 0.12290298210871249, 0.46489700367775544, -0.1638092789696463, 0.5556263246714702, -0.04232587729280966], [-0.3060850921265578, -0.636439364492184, -0.30245607828316223, -0.34170477825478585, 0.04981993399075357, -0.4957025660451915, 0.27936193011842514, 0.7220179648824024, -0.007446790722294788, 0.23823938154469282, 0.5312049324297425, 0.020120187133809753]], "inverted": true, "swapped": false, "error_lsq": 0.051863566554831375, "error_max": 0.3186057319792901, "target": "479.xyz", "model": "19.xyz", "model_rescale": 3.9282355846067225, "target_rescale": 3.7679785584340317},
{"mapping": [6, 4, 8, 11, 5, 3, 12, 7, 0, 10, 2, 13], "R": [[-0.3627559398938899, -0.7992011842715178, 0.47925525049883827], [-0.024879985593707243, -0.5057968583968516, -0.8622937575749532], [0.9315519923163482, -0.32472604622185586, 0.16359670081197752]], "T": [-0.06497974724353908, 0.0029504259685895692, -0.0226932635332166], "aligned_model": [[-0.6386925354760847, 0.024891251694897518, -0.43006181018288137, 0.46329360637073036, -0.27165749663554484, 0.022978141123048884, -0.028803860102134177, -0.39276058552542215, 0.6047159751900764, 0.6411306764521351, 0.20299846802011276, 0.07468410523263572], [0.2800239818595752, -0.04552060443813432, -0.48268311717364776, -0.37572542578301715, 0.6545562628904327, 0.5938702739055369, -0.6034971578633765, -0.02736602363721634, 0.2019890349988548, -0.1658090164003697, 0.43536870341951955, 0.07957195789064964], [-0.16735817047829193, -0.6463450956486447, -0.4804013891146362, -0.3241812972713449, 0.12008031050704987, -0.48033090657607497, 0.5720394314831816, 0.5062097628507769, -0.41267821153282047, 0.44116303873193424, 0.625317785624401, -0.0025855983998805017]], "inverted": false, "swapped": false, "error_lsq": 0.04871688571119515, "error_max": 0.2865225507701639, "target": "479.xyz", "model": "20.xyz", "model_rescale": 4.067790424073018, "target_rescale": 3.7679785584340317},
{"mapping": [8, 2, 0, 3, 5, 4, 12, 9, 6, 11, 13, 14], "R": [[0.21526814766269325, 0.7557087508180451, -0.6185175086761108], [0.8417958985466671, -0.4646505515190914, -0.27473538207339343], [-0.4950144339227717, -0.4615237251865111, -0.7361769904704193]], "T": [-0.04460900982003359, 0.0890269218829085, 0.04036051567046235], "aligned_model": [[-0.5170109482116492, 0.0886909489989685, -0.40532600872613356, 0.4582636204555661, -0.13736124998172955, -0.07378333101287064, 0.05053872024572649, -0.428927127975504, 0.5725348701939933, 0.4894894423675896, 0.21590138404664866, -0.04029438423903681], [0.3430096477053718, -0.08122148585112077, -0.3635759703856757, -0.5349679826066024, 0.6719586196657282, 0.5804599541685707, -0.5887638046708377, -0.23185304720696087, 0.31226133330299943, -0.1126073059925699, 0.48039603991480584, 0.06968287162509865], [-0.15328111289294638, -0.6716567117768882, -0.37133342177730705, -0.24511188849786736, 0.04769389980824801, -0.5921858687929499, 0.38468667987929106, 0.6348229021704097, -0.30148262323176794, 0.3438646103693522, 0.5590974945099882, 0.1158157004080878]], "inverted": true, "swapped": false, "error_lsq": 0.04227073743519385, "error_max": 0.1904878673782384, "target": "479.xyz", "model": "21.xyz", "model_rescale": 4.186013935880536, "target_rescale": 3.7679785584340317},
{"mapping": [5, 6, 0, 7, 11, 3, 1, 2, 4, 9, 8, 12], "R": [[-0.6991901656441452, 0.26495259072300525, 0.6640280392691871], [0.7066849125601721, 0.11542730468725126, 0.698049404908033], [0.10830303147343295, 0.9573278759138921, -0.26794363469181437]], "T": [0.10041649672535602, 0.035618313208104095, 0.018210890487494757], "aligned_model": [[-0.6130552630044868, 0.016731716954454426, -0.40052009803578836, 0.5271227853331375, 0.24530561206780183, -0.21895609231692903, 0.04841893214197773, -0.4873870626129788, 0.5718830243166714, 0.4703216884510947, 0.01131443341312155, 0.1015362594534929], [0.3227929339078112, -0.05704945413276639, -0.4420980258316034, -0.47509231775473, 0.6455478814886566, 0.5767296675609561, -0.670815704841388, -0.014477362487721697, 0.270038035376994, -0.0484762799972465, 0.37037760393660996, 0.0673018924432352], [-0.06561966127519496, -0.5242486854699665, -0.18827898444582952, -0.2906906060530208, 0.0954057394363833, -0.6582048886716243, 0.20088674371444293, 0.4672950716503976, -0.4821718190336414, 0.5096872467512559, 0.7020713808567414, -0.015201877284293255]], "inverted": false, "swapped": false, "error_lsq": 0.059539807023507335, "error_max": 0.33181253066550775, "target": "479.xyz", "model": "22.xyz", "model_rescale": 4.166573947596378, "target_rescale": 3.7679785584340317},
{"mapping": [2, 12, 6, 14, 3, 11, 5, 0, 9, 10, 8, 15], "R": [[-0.06477192239645818, 0.11474595561472903, -0.9912809711374116], [-0.2719817911701935, 0.95372855187611, 0.1281708024791583], [0.9601200463176053, 0.2779122433545539, -0.030566021211776234]], "T": [0.017157607549410748, 0.05885050154796735, 0.0140184289463102], "aligned_model": [[-0.6091927562753112, 0.06552307481479663, -0.5121472828729107, 0.6332842606623874, -0.14305631219844706, 0.03486979892189622, -0.16298952876402817, -0.33414274347737777, 0.47514939002397033, 0.6164580356474401, 0.24231926686108687, -0.0333592671819334], [0.22850796585123567, -0.12151248256962734, -0.36799999372467895, -0.2832640860653693, 0.6319572530494361, 0.4915193391965634, -0.6878509007001807, -0.04571978137110248, 0.43009174699310376, -0.29715118828655507, 0.5480773088440657, 0.018123688451916156], [-0.16405685213423507, -0.6140829408703891, -0.3276577622455471, -0.34559708724592025, -0.07146141264528952, -0.645206329865888, 0.33189577378243135, 0.7436819693104258, -0.09943918934445838, 0.28795825230275807, 0.617374458517628, 0.03752078061413436]], "inverted": true, "swapped": false, "error_lsq": 0.04838968138106747, "error_max": 0.21863466599294612, "target": "479.xyz", "model": "23.xyz", "model_rescale": 4.274766983524099, "target_rescale": 3.7679785584340317},
{"mapping": [8, 4, 10, 9, 7, 6, 3, 2, 1, 0, 11], "R": [[0.03335746869194711, -0.3919940449050965, 0.9193627945710043], [0.6730520738629726, -0.6712103600316337, -0.310608368295119], [0.7388424630130683, 0.6291401444393339, 0.24144252629484467]], "T": [-0.023254916216438805, 0.09976484800728225, 0.06020956469347055], "aligned_model": [[0.28710470092026785, 0.2646415839728799, -0.4292696989778506, -0.4764313871095399, -0.5991606060532075, -0.6352430220110471, 0.07652804144235584, 0.047702977327718964, 0.570688888302587, 0.34774137485050105, -0.0744081487065905], [-0.16845050834884512, 0.5225890560227121, 0.513528225465772, -0.3607528960725961, 0.5476595631621408, -0.20603057143060122, -0.5881825239067707, -0.05937770309481072, -0.04458251638437408, 0.6932398312878169, 0.06594657454304], [-0.5673724383116698, -0.27203056117131535, -0.49692782077551817, -0.3724487744492698, 0.25401971047946337, 0.3567980863095065, 0.045904811541106344, 0.6674508228187974, 0.24834781906484918, 0.3754601651828454, 0.14036461333278255]], "inverted": true, "swapped": true, "error_lsq": 0.04098400578317694, "error_max": 0.1998857272567742, "target": "479.xyz", "model": "24.xyz", "model_rescale": 3.7841303162186577, "target_rescale": 3.7679785584340317},
{"mapping": [10, 13, 11, 3, 9, 14, 6, 0, 12, 4, 8, 15], "R": [[-0.4033684914720499, -0.7389441879484832, 0.5396807826713118], [-0.9137695134889203, 0.35633127253903646, -0.1950725517055974], [-0.04815741174300049, -0.5718299671299745, -0.8189574789855376]], "T": [-0.006713006196717764, 0.08360428356135047, 0.10962353735836447], "aligned_model": [[-0.6939066836928309, 0.10509497228550087, -0.3335407353188423, 0.4843857631205316, 0.06577561673547856, -0.1075798532018422, 0.07864920320950523, -0.46037272619352854, 0.48070970988118744, 0.5740693862608384, 0.07022533788972847, 0.009205945185842602], [0.37391540292792014, -0.08188534557491817, -0.4324146289490797, -0.4641890267765925, 0.6413488453484393, 0.5499245815717627, -0.6266774497014769, 0.05088461861586954, 0.36469019046293333, -0.24323686443533893, 0.3962730374830182, 0.016145508696269892], [-0.11114649878489485, -0.6467574221237606, -0.3554954652324931, -0.21862389303101784, -0.051022383437794555, -0.5241510449256574, 0.21081446996337078, 0.6879419888449687, -0.3988857695581246, 0.4451395868192487, 0.6053820725034189, 0.10773401913838598]], "inverted": false, "swapped": false, "error_lsq": 0.042440026444717, "error_max": 0.23935186999318608, "target": "479.xyz", "model": "25.xyz", "model_rescale": 4.19342608120988, "target_rescale": 3.7679785584340317},
{"mapping": [5, 9, 0, 1, 3, 7, 2, 4, 10, 8, 6, 11], "R": [[-0.871026351379856, -0.41479839075140723, 0.2631641887338371], [0.40800494089771644, -0.9092267435099997, -0.08269641521403688], [0.27357825828261034, 0.03534153245466855, 0.9612002458794988]], "T": [0.03940001595437349, 0.03455087116255004, -0.07400187824252073], "aligned_model": [[-0.535705472980499, 0.042967225871658785, -0.4549846822849813, 0.28107767318198745, -0.23381370999129264, -0.010427958109677102, 0.08760100046597853, -0.43853535517357034, 0.6056265969478447, 0.679389615138365, 0.24221945159577507, 0.007301551499979728], [0.1467878297725304, -0.041100682390207005, -0.47315294855023116, -0.40968409948336115, 0.6124556937177595, 0.7691548113201001, -0.6268858556376714, 0.0062070368029487274, 0.30964565880470396, -0.2208992506916936, 0.403247347062647, 0.06900332894128168], [-0.3431048764345905, -0.8117115926224201, -0.11565113012390534, -0.2710918684931818, 0.07565534631222516, -0.5822688788292514, 0.4367852822039054, 0.5302366005184178, -0.10476086681255586, 0.2609528410761616, 0.632413826696478, 0.04347497668436663]], "inverted": true, "swapped": false, "error_lsq": 0.04884730538055839, "error_max": 0.2520002616729974, "target": "479.xyz", "model": "26.xyz", "model_rescale": 3.795458400668931, "target_rescale": 3.7679785584340317},
{"mapping": [1, 0, 6, 7, 9, 2, 5, 8, 3, 10, 11, 12], "R": [[0.514756983886506, -0.4002443257475246, 0.7581752615635629], [-0.8201042777805942, -0.4876557533449004, 0.29936739935334933], [0.24990842544027492, -0.7758842348807758, -0.5792662884696773]], "T": [0.009917183376663832, 0.17792730130534834, 0.07112495264658018], "aligned_model": [[-0.543502843060049, 0.05509675318118393, -0.4959378012553104, 0.49620768651959535, 0.03940305666730419, -0.13048977169987266, 0.0118545747832163, -0.4973471410756052, 0.5783899576679024, 0.5668678959088027, 0.11569946995744876, 0.07647409856695245], [0.21621909253991456, 0.019819314588803094, -0.4579400101620033, -0.4162651778473115, 0.5972386093376478, 0.695510913723637, -0.5479917582492349, -0.10118086470564192, 0.2600971323582488, -0.13427398697098775, 0.3757920056837169, 0.03775359937201794], [-0.13530465669778113, -0.7438804848209456, -0.07368684385540737, -0.1947038322899391, -0.01652720276296242, -0.6268922427156632, 0.2708703740463252, 0.5133163669799398, -0.3927321186611851, 0.3873885893767152, 0.7502672487380073, 0.01281446283854612]], "inverted": true, "swapped": false, "error_lsq": 0.045418843227949306, "error_max": 0.24148125847992197, "target": "479.xyz", "model": "27.xyz", "model_rescale": 3.6321398670334006, "target_rescale": 3.7679785584340317},
{"mapping": [3, 0, 8, 9, 1, 2, 12, 7, 13, 6, 4, 14], "R": [[-0.4011555079020226, 0.26977364102292023, 0.8753835965387444], [0.37358772977463284, 0.9207413140807629, -0.11255061397729593], [-0.836365031933848, 0.281882271798116, -0.47014457159923356]], "T": [-0.020174701243074824, -0.02344668921286759, -0.15157020636192634], "aligned_model": [[-0.650887851114018, -0.36033743400698465, -0.3332456939478684, 0.503118576103885, -0.014195450656902319, 0.1664120758641641, 0.0507259235780476, -0.468971407432108, 0.7486493589787879, 0.5563655191282053, 0.05575012123062037, 0.019332198435740227], [0.23659833610710712, 0.055946155444766055, -0.42977193131140784, -0.42186683926004415, 0.6310112224055675, 0.6253526883114396, -0.625113000833841, -0.15374319027049582, 0.24539973256583025, -0.056562139334246565, 0.4104935313716488, 0.02703430447248295], [-0.07322745080367449, -0.6686754042429804, -0.0889925190048427, -0.2698820449077467, -0.014033714372458705, -0.5731012325808994, 0.4109957735198452, 0.4668889453448545, -0.20732411057329217, 0.3684415035045544, 0.5501409583279555, -0.150301044035665]], "inverted": true, "swapped": false, "error_lsq": 0.05141148395114622, "error_max": 0.302863467449296, "target": "479.xyz", "model": "28.xyz", "model_rescale": 4.156811204709835, "target_rescale": 3.7679785584340317},
{"mapping": [0, 1, 5, 8, 6, 2, 4, 7, 10, 11], "R": [[0.9937567777037292, 0.10211077181430808, -0.04495394362441915], [-0.05771445664259808, 0.8153221686219322, 0.5761239474697083], [0.0954804077408073, -0.5699325851652245, 0.816125198792767]], "T": [-0.06544384045222372, -0.08989044914483185, 0.07730915426178007], "aligned_model": [[-0.6604134277387896, -0.09632386907742724, -0.044426163169454, 0.6085704297921242, -0.14070154599591111, -0.4425399434153228, -0.049617540492881154, -0.5209852987155305, 0.09963031613405383, -0.1102675832102738], [0.09480907026230415, -0.43860000693107287, 0.08602091218317282, 0.022769283522921818, -0.3772030301179197, -0.5964704905169165, 0.3761375812747097, 0.2545289763672863, 0.6506913406343788, -0.1539633060526605], [-0.37116718024093853, -0.4579005947449928, -0.7757284518201898, -0.23112931281494709, 0.7612629464937788, 0.09399779143313329, -0.3159027606551797, 0.5709655643212938, 0.34327783307307136, 0.14111089193007026]], "inverted": false, "swapped": true, "error_lsq": 0.07316402098845784, "error_max": 0.39736447076756237, "target": "479.xyz", "model": "29.xyz", "model_rescale": 4.117894457231895, "target_rescale": 3.7679785584340317},
