[{"mapping": [6, 3, 7, 4, 8, 5, 11, 9, 0, 2, 12, 13], "R": [[-0.3982891854609719, -0.8453343450209228, 0.3560555713268413], [-0.6011044217488308, 0.5337476400298548, 0.5947999083024178], [-0.6928486118185123, 0.022875792677160167, -0.7207201254374352]], "T": [0.052620981140981515, 0.21579752220911427, 0.0005300917864311475], "aligned_model": [[-0.032972293514952775, -0.26416712816434507, 0.1556287225513803, -0.20143544730326318, 0.463949046810678, 0.5313765080151602, 0.7261211305520061, -0.14850314852821134, -0.580956338562904, -0.6581290158368949, 0.14057686534806474, 0.11269126398970294], [-0.25359256625958315, 0.23784517406534914, -0.43561510908275436, -0.7011515002142023, -0.4352779250602379, 0.4103266954434346, 0.05913898090175265, -0.00315044388426039, 0.506362360184228, -0.06693120404841382, 0.5528197493868883, 0.09322522206813681], [-0.5968751478697636, -0.41463192556115225, 0.3699153533743856, -0.08926995305854113, -0.13171632963259677, -0.5520572829243896, 0.09496255983666413, 0.6701225382586198, 0.3315350607369941, -0.07793744643446804, 0.46291476799779624, 0.08945396154041772]], "inverted": true, "swapped": false, "error_lsq": 0.049705003389001585, "error_max": 0.3485522748739695, "target": "48.xyz", "model": "0.xyz", "model_rescale": 3.8414455957264533, "target_rescale": 3.7579436423947965},
{"mapping": [6, 8, 4, 2, 5, 10, 1, 0, 13, 9, 11, 14], "R": [[0.19938446250362862, 0.21305851072924467, 0.9564789109635276], [-0.08019317117956906, -0.969255570183425, 0.23262135534934925], [0.976634471748926, -0.1230841609397415, -0.1761686632674958]], "T": [-0.0029875052133754403, -0.03557053177703828, 0.03480314426455961], "aligned_model": [[-0.1036384682613825, -0.33035548807808984, 0.16797517848303709, -0.06588670808876272, 0.41069735253972794, 0.40082877642068493, 0.6975413915833861, -0.09066976357170227, -0.48608325334191094, -0.6727282083535471, 0.23604633764266436, 0.08045301838231617], [-0.35439132895629855, 0.48935003867188487, -0.44725013600952473, -0.7495994170458525, -0.38235187914097724, 0.17207483845607224, 0.16640394867889707, -0.01982505138927397, 0.5004912463472555, -0.09794995989850182, 0.6919874526857474, -0.004940318899090416], [-0.671065013897524, -0.4567159255742783, 0.34642615222529183, -0.1407279609500034, -0.34325812136409384, -0.4772487196304815, 0.5005965160143185, 0.7542343577406703, 0.26740423801452656, -0.07950292511930623, 0.4086849482399562, 0.04758861056489025]], "inverted": true, "swapped": false, "error_lsq": 0.04219755917453578, "error_max": 0.22647388547579972, "target": "48.xyz", "model": "1.xyz", "model_rescale": 4.316132596720782, "target_rescale": 3.7579436423947965},
{"mapping": [9, 1, 3, 7, 5, 0, 4, 6, 8, 10, 2, 11], "R": [[0.8246108337326852, 0.565101337392664, -0.026027895952391467], [-0.47512300140829966, 0.7168170213102623, 0.5103248881767888], [0.30704251566103175, -0.4084529794687579, 0.859587725098282]], "T": [-0.005493053154749201, -0.009734076096409269, -0.037141912776927515], "aligned_model": [[-0.1583623363678297, -0.20302001103401943, 0.18841187295467463, -0.19848857962517152, 0.46731151112651537, 0.5486420881093326, 0.5913212744188254, -0.10889947014166328, -0.5009390371396639, -0.6037759528526676, 0.17679995842005683, 0.045178847488031484], [-0.22633901638344903, 0.36922242221712753, -0.5335758090581801, -0.8705428232421393, -0.3574602855213677, 0.3009396073099146, 0.1287192497870513, -0.013607385921146095, 0.5068213613585666, -0.12381846024249904, 0.7866809439205621, -0.003040370724103415], [-0.7297202746430627, -0.3717645908812525, 0.3078330533832551, -0.18621286024678063, -0.30416664794345055, -0.3538912872694882, 0.43080366749010873, 0.7785713171001171, 0.23624402834259972, 0.12496337341802419, 0.14511553032857727, 0.07864084718531875]], "inverted": true, "swapped": false, "error_lsq": 0.0349854021590254, "error_max": 0.1852456005726492, "target": "48.xyz", "model": "2.xyz", "model_rescale": 3.795458400668931, "target_rescale": 3.7579436423947965},
{"mapping": [2, 6, 4, 10, 0, 1, 7, 9, 3, 5, 8, 11], "R": [[-0.25772424341215844, 0.5683006047571482, 0.7814170698099002], [-0.2402527155121565, 0.7456450411680036, -0.6215240182572203], [-0.9358722386344546, -0.3479193803372075, -0.05563504056894586]], "T": [0.05651931159662375, -0.045223178806992295, -0.03891674690839147], "aligned_model": [[-0.14184998727811626, -0.2447396477445295, 0.12074516795405764, -0.2657775630477252, 0.6890520371688063, 0.45751018977382024, 0.6066484397354457, -0.15631840526892293, -0.5175328129785892, -0.5332039581024716, 0.06158796743496707, 0.16805873770967866], [-0.10254073719703487, 0.3981532937007701, -0.6042783445883457, -0.666965502092467, -0.4711325963946637, 0.26682229737163105, 0.0823159109543229, 0.23359707864104612, 0.44703984968561, -0.23098835888013247, 0.7255242186244987, -0.11354767632489761], [-0.7772186026416184, -0.2837771962752966, 0.2681452896769445, -0.25930718097990063, -0.21416361069230475, -0.4105385686234093, 0.4752758430538199, 0.7557618127138902, 0.2164482753361297, 0.29506286114728925, 0.0894798851031651, 0.0012473484452567851]], "inverted": true, "swapped": false, "error_lsq": 0.05015464339665578, "error_max": 0.25304537667920085, "target": "48.xyz", "model": "3.xyz", "model_rescale": 3.7530521520055578, "target_rescale": 3.7579436423947965},
{"mapping": [7, 6, 10, 5, 8, 4, 9, 2, 3, 1, 11], "R": [[-0.1094342563122987, 0.8174486990470367, -0.5655101837913107], [0.5754875056143505, -0.411770879716444, -0.706582531272405], [-0.8104555968263453, -0.4027683789026313, -0.4253696727894447]], "T": [-0.030602789054436124, -0.0022163264289900425, 0.07425696706948273], "aligned_model": [[-0.3477808087471983, -0.3253366430251564, 0.35465278236458375, 0.48904523875843686, 0.25329399980862666, -0.22414922258003211, -0.1173827195895034, -0.7176582440998974, -0.5084723621877076, 0.5624121122357263, -0.08042453049267319], [-0.5975901991182299, 0.05710065565988527, -0.3881665853645747, 0.41840270932271467, -0.6706155043025672, 0.6375358453329512, -0.40489594410087054, 0.11040285050345074, 0.22937147696171706, 0.038564543938385445, 0.03709350948148415], [-0.14820116200904884, -0.6564194699814089, -0.5005054639275455, -0.26540326631523437, 0.18231030501694867, -0.12227830809160264, 0.6126338753086249, -0.01625805238965483, 0.6188650171961932, 0.3883072031832502, -0.0002199007452056978]], "inverted": false, "swapped": true, "error_lsq": 0.046486948819528244, "error_max": 0.3326519146777063, "target": "48.xyz", "model": "4.xyz", "model_rescale": 3.7855080009869324, "target_rescale": 3.7579436423947965},
{"mapping": [12, 1, 8, 13, 14, 2, 10, 7, 4, 6, 5, 16], "R": [[0.8398850967478464, 0.029824770274627266, -0.5419441920889332], [-0.5135907527105291, -0.27927614194706907, -0.8113133644094572], [-0.17554931783146557, 0.9597475291019124, -0.21924214328381497]], "T": [0.0893300938345288, -0.019592831038427266, -0.015489695217359272], "aligned_model": [[-0.09730687205392649, -0.322872572752409, 0.11419919276892881, -0.1552897168288494, 0.4928953009822262, 0.47560688067682266, 0.5258236212307275, -0.1634045165665267, -0.4677707395452251, -0.4932426953869541, 0.20493603968480198, 0.13060624314680477], [-0.25235827862484705, 0.3880203719304012, -0.5488326810956048, -0.6916698562953458, -0.28667261801927235, 0.32956933269497013, -0.012622484926401584, 0.16657755014860443, 0.4331753187937939, -0.18395528972011407, 0.6517741292519839, -0.029006060637830657], [-0.6270877269211885, -0.5023617291374441, 0.44775600955848344, -0.130994064088076, -0.4882485232671078, -0.539571477902559, 0.567939039839963, 0.6648302866661735, 0.1623879251018891, 0.22878677827481914, 0.4215513949947405, -0.04857175685572717]], "inverted": false, "swapped": false, "error_lsq": 0.0410586670186941, "error_max": 0.2424535365044362, "target": "48.xyz", "model": "5.xyz", "model_rescale": 4.2253639853439635, "target_rescale": 3.7579436423947965},
{"mapping": [8, 9, 2, 10, 5, 11, 6, 3, 0, 1, 7, 13], "R": [[0.10356289154018353, 0.12479603613994769, -0.9867627257145422], [-0.9860230658936414, -0.1172983024957133, -0.11831999728417728], [-0.1305114593495137, 0.9852243691643954, 0.11090401878687367]], "T": [-0.020701854738233338, 0.010897578009003274, -0.004794599802427675], "aligned_model": [[-0.11479398041186621, -0.370168594158877, 0.23170957527174946, -0.12062050711937106, 0.42083220149805334, 0.6212861559020886, 0.5422816327773027, 0.10535412330762091, -0.5333641359435722, -0.7105705448639179, 0.1802893251907883, -0.008055086093578103], [-0.20118934074499417, 0.33181226588704965, -0.49071505766716716, -0.7458695036254787, -0.40380727130764565, 0.2189492114278917, 0.12060446503150875, 0.1346402661367942, 0.5651382512842417, -0.2289594920769225, 0.6472000704287556, 0.016195568726304364], [-0.7062435903771832, -0.3888300000303532, 0.3624176627482032, -0.16551896463211263, -0.18866638009367273, -0.3922474367245524, 0.28629294690437407, 0.6820875663892366, 0.26549655958564344, -0.07728982910983813, 0.4242891912664756, 0.05462843033774548]], "inverted": true, "swapped": false, "error_lsq": 0.04759822307233811, "error_max": 0.24070499337781162, "target": "48.xyz", "model": "6.xyz", "model_rescale": 3.89814844738969, "target_rescale": 3.7579436423947965},
{"mapping": [9, 8, 2, 5, 10, 11, 4, 0, 3, 6, 7, 12], "R": [[0.83101512051132, 0.339487067834196, 0.44063862773807805], [0.0541584142825092, -0.8377767641255234, 0.543320310363759], [0.553607022755276, -0.42764310384327187, -0.7145912398646742]], "T": [0.03875249188562832, 0.03189135013181989, 0.09823501178599194], "aligned_model": [[-0.12838101117761128, -0.2349732935223459, 0.3980654122734677, -0.2757196546769787, 0.4717110087720393, 0.46281431429911923, 0.6492153227224614, -0.22447158811106568, -0.5725795416217702, -0.6182970934952154, 0.14435980006633767, 0.17243648982798332], [-0.34199160350595903, 0.41977687974392464, -0.4931056649204548, -0.646579117175809, -0.47237465747984164, 0.39984836378491095, 0.08446385092232268, 0.005727538121222744, 0.5182845324465858, -0.06746288202428682, 0.6247325415080157, -0.06732034792029412], [-0.695631354907745, -0.3837460901620601, 0.40939446279066605, -0.10999970686702741, -0.21348020965024372, -0.4849627043428163, 0.29840257337274534, 0.6283660579616305, 0.30336120142382217, -0.027424965658340586, 0.3602676391674565, 0.07186925313587839]], "inverted": false, "swapped": false, "error_lsq": 0.03726196783254359, "error_max": 0.21001434264296237, "target": "48.xyz", "model": "7.xyz", "model_rescale": 3.7474275329858107, "target_rescale": 3.7579436423947965},
{"mapping": [2, 3, 12, 1, 4, 8, 11, 10, 6, 0, 7, 14], "R": [[-0.6335592866496214, -0.040634377748751505, -0.7726263506022787], [0.5455165868713701, 0.6846874757138635, -0.48333706049587094], [0.5486476863600488, -0.7277031729665262, -0.41162338163206424]], "T": [0.11711923599100178, -0.028038998859768446, 0.048735796030612184], "aligned_model": [[-0.0067005188147900435, -0.32863681650761983, 0.24978813567811486, -0.3222993863009547, 0.6117135399693931, 0.38646459549272755, 0.519112933556739, -0.15956555029153435, -0.4574925891315514, -0.5377878483449523, 0.15539624821006742, 0.13418742184078172], [-0.3539323445465469, 0.31707635897884096, -0.47831467408756206, -0.5994047919000262, -0.26302145499857005, 0.2445973247054664, 0.08016868200959128, 0.0909730881970002, 0.5311518457500822, -0.06900722465057536, 0.5372682382246602, -0.0735556141820234], [-0.7174571897156409, -0.3943572736843035, 0.4491023757464034, -0.16399460841682229, -0.5101788357555245, -0.5154741190225028, 0.5104414603971743, 0.7448284707962944, 0.20386460744743187, 0.10899816396529091, 0.4266778947171286, 0.013965209789036766]], "inverted": true, "swapped": false, "error_lsq": 0.04396061827466658, "error_max": 0.2709100933349563, "target": "48.xyz", "model": "8.xyz", "model_rescale": 4.019505241142653, "target_rescale": 3.7579436423947965},
{"mapping": [4, 8, 2, 3, 0, 7, 1, 6, 11, 5, 9, 12], "R": [[-0.9664601362009168, -0.19937949743864064, -0.16187223707486306], [-0.19988748079108293, 0.18824666366151632, 0.9615654884839111], [-0.1612445352794942, 0.9616709466451729, -0.2217863616660793]], "T": [0.05296701162508856, 0.030635119642514586, 0.16382708867374587], "aligned_model": [[-0.08663158198135797, -0.11241338414414441, 0.14707496383353574, -0.1919870416616471, 0.44655624649640324, 0.4233537663495203, 0.6816835669402712, -0.29490719849779423, -0.4126467615498207, -0.5645774107826831, 0.19422288935000825, 0.014452111004129214], [-0.23234096248133834, 0.5016083161664564, -0.5255243335408086, -0.7328180639589776, -0.27009859117499735, 0.24325457755983276, 0.1150979779502084, -0.09564298716555938, 0.4400723499461036, -0.21058033324910658, 0.6989318702116565, 0.032039613236867874], [-0.6100918244799589, -0.29111302193130306, 0.3421596941686963, -0.14536145569507777, -0.25723445960920044, -0.6344151102329177, 0.39596243886768306, 0.7892063429181173, 0.21687888095392593, 0.05904774537889956, 0.1361451158876254, 0.15523181003747652]], "inverted": false, "swapped": false, "error_lsq": 0.049466176187349546, "error_max": 0.3194218590507131, "target": "48.xyz", "model": "9.xyz", "model_rescale": 3.877068213659057, "target_rescale": 3.7579436423947965},
{"mapping": [2, 9, 3, 13, 4, 7, 5, 12, 11, 10, 0, 15], "R": [[-0.15561327166374894, -0.8621860549229062, -0.4820992806244163], [-0.2553100550205201, 0.5065664050850338, -0.8235333952212531], [0.9542543086030701, -0.005067932093161531, -0.2989532247305185]], "T": [-0.022370725165709305, -0.04767238400088357, -0.011292459418880721], "aligned_model": [[-0.01937889548987497, -0.4358902037471416, 0.3170101022956654, -0.20578199902096966, 0.5497649711397435, 0.5245876437368204, 0.572316554943824, -0.08442900233044286, -0.4051467485477815, -0.7177329177983018, 0.15364030678257184, -0.004779646607691861], [-0.1899773409754757, 0.1858489264803878, -0.47689880837073884, -0.7574259353746546, -0.3185695293538628, 0.21920757122300094, 0.052244654482463584, 0.09093468901837527, 0.5225212596842072, 0.012363183640539524, 0.6002119817982252, 0.02353878124786969], [-0.6594403639323144, -0.4696752059141029, 0.31018331463342097, -0.2567485591572693, -0.25080480022338386, -0.5552577171366783, 0.4860595955071772, 0.7202347548786525, 0.258924122027616, 0.11550632265351736, 0.4165299345945439, 0.04090475833278725]], "inverted": false, "swapped": false, "error_lsq": 0.04014917491493062, "error_max": 0.21116783822475627, "target": "48.xyz", "model": "10.xyz", "model_rescale": 4.260839863003843, "target_rescale": 3.7579436423947965},
{"mapping": [4, 5, 8, 9, 2, 3, 1, 7, 6, 10, 0, 11], "R": [[-0.13411652656420234, -0.9506681583696505, -0.27971916266929386], [0.12425773151064048, 0.2639083936245509, -0.9565105205560149], [0.9831443299242402, -0.16304113725243208, 0.08273339169434804]], "T": [0.022322812997684793, -0.04494591960725406, 0.022089321780707452], "aligned_model": [[-0.17794644547105604, -0.23875872533957432, 0.1533765372553304, -0.2256571902862447, 0.5603963449880586, 0.4679920202320693, 0.6824171877916293, -0.07791320967564658, -0.49614378304744167, -0.5776727825514346, 0.12188868993947369, 0.05220152152125738], [-0.29817538171936536, 0.36082323938087574, -0.6482543929208436, -0.7716833251429219, -0.339881688859112, 0.3670717515892823, 0.06387750550016855, 0.11271119790944925, 0.6025477988101106, -0.20461929558809738, 0.7395282765867998, -0.01994625204600832], [-0.6350787862647247, -0.45098437459377266, 0.38877340167097163, -0.1926009726524583, -0.2842550797164769, -0.3459507137556792, 0.29721387839929114, 0.650342934852054, 0.14537601226131774, 0.1106528039092828, 0.40251164119629257, 0.07041541095786802]], "inverted": false, "swapped": false, "error_lsq": 0.03185162851934608, "error_max": 0.18385580471305762, "target": "48.xyz", "model": "11.xyz", "model_rescale": 3.890672605050136, "target_rescale": 3.7579436423947965},
{"mapping": [12, 7, 11, 10, 9, 5, 6, 0, 3, 4, 8, 13], "R": [[0.9613335080933167, 0.08504805353138906, 0.26192501752890807], [-0.09150215031483294, 0.9957261601438754, 0.012520802406198572], [-0.25974072207637855, -0.03600336922643951, 0.9650070024096127]], "T": [0.11038937793033124, -0.07065227044216658, 0.17432084218893829], "aligned_model": [[-0.10486076281378756, -0.25153833016876836, 0.2441235658402896, -0.24699387265212705, 0.7125094555826326, 0.38746172031556736, 0.5955270300589031, -0.17803561196806314, -0.5442981214785448, -0.5796852226514899, 0.22339830236215807, -0.013427987070348757], [-0.2041721422212926, 0.39802296981126084, -0.5982770068235085, -0.7715119374284525, -0.295716928333809, 0.25032164938024026, 0.005874484601716315, 0.1957466054481677, 0.5736368787130975, -0.1909664446377643, 0.6380471198744774, -0.03700581488379588], [-0.5263730763623757, -0.4391251811577993, 0.25487807921849115, -0.25066556210836394, -0.2645615200421108, -0.47773654923765774, 0.4757233275655318, 0.6153845607984982, 0.27095896303456435, 0.1937782044102877, 0.2388592261299041, 0.06529568401499655]], "inverted": true, "swapped": false, "error_lsq": 0.03810302413669975, "error_max": 0.18216079784390085, "target": "48.xyz", "model": "12.xyz", "model_rescale": 4.124412569039231, "target_rescale": 3.7579436423947965},
{"mapping": [5, 4, 9, 7, 3, 0, 6, 8, 2, 10, 1, 12], "R": [[-0.9815571351188528, -0.020051279295635105, 0.19011453573011894], [0.16081345863647772, 0.45111919850460447, 0.8778556260923189], [-0.10336644532266792, 0.8922384294229719, -0.4395747525076755]], "T": [0.07572324636158163, -0.07186279124823053, -0.019448837735889443], "aligned_model": [[-0.16612089758393916, -0.3440193136969732, 0.18667402211688733, -0.14680747932444987, 0.7493454224107593, 0.3512359104523853, 0.5424749011145166, -0.03637742687529255, -0.4924828111459714, -0.6493058410630337, 0.2923987097978575, -0.042835030846325256], [-0.22684672071388068, 0.46472304236967416, -0.5533409522996333, -0.6298113030480745, -0.2864270897439014, 0.16209996013867597, 0.039485941693566035, 0.08790661824156676, 0.4861392926996047, -0.20061594231600632, 0.6699870531583871, -0.0493004666796412], [-0.7203320453524344, -0.4120912732743773, 0.38614945835304565, -0.19903505330387716, -0.1140464144054759, -0.47345500100141374, 0.4467669569791041, 0.6710606087958458, 0.30944485963533896, 0.02918366966254722, 0.236627031504625, -0.003856641328962027]], "inverted": false, "swapped": false, "error_lsq": 0.042290220166119254, "error_max": 0.2538413099992966, "target": "48.xyz", "model": "13.xyz", "model_rescale": 3.9028299243045295, "target_rescale": 3.7579436423947965},
{"mapping": [9, 14, 3, 7, 6, 11, 2, 5, 13, 10, 12, 15], "R": [[-0.29610112803161737, 0.2441437746671351, -0.9234272788204207], [0.7872023363387872, 0.6099193167832506, -0.09116418527803516], [0.5409589666889336, -0.7539179294233134, -0.372788347528333]], "T": [0.12659665814221077, -0.028045868576346868, 0.1994430075601093], "aligned_model": [[0.01221003766593276, -0.37984601223691306, 0.2971792577813107, -0.3061803154157644, 0.5014648339966807, 0.24915655336061104, 0.7933558986924046, -0.1831110510625108, -0.42577704088608004, -0.5899626732529714, 0.17910495449433778, 0.09658572221938277], [-0.23104057922252963, 0.3534859387473488, -0.6161554046486456, -0.6846763709162452, -0.3956597918562104, 0.39200593897815456, -0.011812047792624812, 0.1837664210573626, 0.5432118573008996, -0.1531969248251703, 0.6655162110634574, -0.08144581438545942], [-0.5398501041143811, -0.41780892998446345, 0.31656770828264336, -0.25018843083362985, -0.21133931483408264, -0.39586551698172606, 0.5114018954916362, 0.5477510931315497, 0.23407332726111735, 0.03747838253579222, 0.22076926979223127, 0.1034267765172792]], "inverted": false, "swapped": false, "error_lsq": 0.0402892491386125, "error_max": 0.21734878029725505, "target": "48.xyz", "model": "14.xyz", "model_rescale": 3.942246331269136, "target_rescale": 3.7579436423947965},
{"mapping": [7, 0, 10, 9, 6, 8, 4, 3, 1, 5, 12, 14], "R": [[0.07182647453148183, 0.15852682855532563, 0.9847386466390813], [-0.7340630023127828, -0.6600132599516897, 0.1597936335511749], [0.6752721423188746, -0.7343376207958666, 0.06896225411008572]], "T": [0.12519992338923494, -0.01993833083416017, 0.06463543299899578], "aligned_model": [[-0.08670037975556841, -0.22586719195490937, 0.35894488215116904, -0.1256310650713118, 0.3845291510688934, 0.4546946864146072, 0.40794800449804325, -0.1633865841779548, -0.45158805375235334, -0.48573092925624306, 0.11297661763553163, 0.06399102755651742], [-0.2479042357779396, 0.35329418960483716, -0.6339254437404894, -0.7424477430396943, -0.3115635300849886, 0.2628082744529581, -0.10384553795946455, 0.18929751817118626, 0.502979056684101, -0.1060263006345811, 0.7565569997487269, 0.044776186075685516], [-0.7316743784684653, -0.46277981998384354, 0.34281457578560787, -0.18681291285891682, -0.3359796992306886, -0.5759334427866264, 0.5712685153616883, 0.6887236620514519, 0.28938967886903516, 0.2134034165526672, 0.31955081217838743, 0.024445748793668294]], "inverted": false, "swapped": false, "error_lsq": 0.04551514301612033, "error_max": 0.3144161333989998, "target": "48.xyz", "model": "15.xyz", "model_rescale": 4.355366556412066, "target_rescale": 3.7579436423947965},
{"mapping": [9, 1, 3, 7, 5, 0, 4, 6, 8, 10, 2, 11], "R": [[0.8246108337326852, 0.565101337392664, -0.026027895952391467], [-0.47512300140829966, 0.7168170213102623, 0.5103248881767888], [0.30704251566103175, -0.4084529794687579, 0.859587725098282]], "T": [-0.005493053154749201, -0.009734076096409269, -0.037141912776927515], "aligned_model": [[-0.1583623363678297, -0.20302001103401943, 0.18841187295467463, -0.19848857962517152, 0.46731151112651537, 0.5486420881093326, 0.5913212744188254, -0.10889947014166328, -0.5009390371396639, -0.6037759528526676, 0.17679995842005683, 0.045178847488031484], [-0.22633901638344903, 0.36922242221712753, -0.5335758090581801, -0.8705428232421393, -0.3574602855213677, 0.3009396073099146, 0.1287192497870513, -0.013607385921146095, 0.5068213613585666, -0.12381846024249904, 0.7866809439205621, -0.003040370724103415], [-0.7297202746430627, -0.3717645908812525, 0.3078330533832551, -0.18621286024678063, -0.30416664794345055, -0.3538912872694882, 0.43080366749010873, 0.7785713171001171, 0.23624402834259972, 0.12496337341802419, 0.14511553032857727, 0.07864084718531875]], "inverted": true, "swapped": false, "error_lsq": 0.0349854021590254, "error_max": 0.1852456005726492, "target": "48.xyz", "model": "16.xyz", "model_rescale": 3.795458400668931, "target_rescale": 3.7579436423947965},
{"mapping": [9, 8, 2, 5, 10, 11, 4, 0, 3, 6, 7, 12], "R": [[0.83101512051132, 0.339487067834196, 0.44063862773807805], [0.0541584142825092, -0.8377767641255234, 0.543320310363759], [0.553607022755276, -0.42764310384327187, -0.7145912398646742]], "T": [0.03875249188562832, 0.03189135013181989, 0.09823501178599194], "aligned_model": [[-0.12838101117761128, -0.2349732935223459, 0.3980654122734677, -0.2757196546769787, 0.4717110087720393, 0.46281431429911923, 0.6492153227224614, -0.22447158811106568, -0.5725795416217702, -0.6182970934952154, 0.14435980006633767, 0.17243648982798332], [-0.34199160350595903, 0.41977687974392464, -0.4931056649204548, -0.646579117175809, -0.47237465747984164, 0.39984836378491095, 0.08446385092232268, 0.005727538121222744, 0.5182845324465858, -0.06746288202428682, 0.6247325415080157, -0.06732034792029412], [-0.695631354907745, -0.3837460901620601, 0.40939446279066605, -0.10999970686702741, -0.21348020965024372, -0.4849627043428163, 0.29840257337274534, 0.6283660579616305, 0.30336120142382217, -0.027424965658340586, 0.3602676391674565, 0.07186925313587839]], "inverted": false, "swapped": false, "error_lsq": 0.03726196783254359, "error_max": 0.21001434264296237, "target": "48.xyz", "model": "17.xyz", "model_rescale": 3.7474275329858107, "target_rescale": 3.7579436423947965},
{"mapping": [4, 5, 2, 6, 0, 8, 1, 7, 12, 9, 11, 13], "R": [[-0.03776829316785235, -0.1624273617740925, -0.9859974179369313], [-0.9831727088591853, 0.18252061525049867, 0.007592730936321235], [0.1787315881026046, 0.9696925168091624, -0.16658764137424298]], "T": [0.0835849832256044, 0.12449706531373433, 0.03647022933200043], "aligned_model": [[-0.10750458654916159, -0.38774904186001224, 0.18637102797564148, -0.1905860685484088, 0.603358409662906, 0.3947662761373948, 0.6402739652088709, -0.17421656755856904, -0.5675186934570683, -0.508328050450449, 0.24131983177606592, 0.11399366301921053], [-0.25285537049591633, 0.39047595862805745, -0.5107762692579805, -0.5763423651680193, -0.4612081600709151, 0.25232474130217974, 0.029564786982856167, 0.13802177034862897, 0.45076142004997394, -0.18717744320184243, 0.6681543502418863, 0.023056014141428882], [-0.6778936398078267, -0.44344580684325907, 0.3359623714600703, -0.13280215031534298, -0.2566634686756036, -0.5988885192595647, 0.4359744929876211, 0.744124611642526, 0.20633045526011662, 0.021566298237818603, 0.48512726527746236, 0.03702424629994822]], "inverted": false, "swapped": false, "error_lsq": 0.036759003324875014, "error_max": 0.21453957606540147, "target": "48.xyz", "model": "18.xyz", "model_rescale": 3.922800546911778, "target_rescale": 3.7579436423947965},
{"mapping": [6, 10, 5, 1, 8, 13, 12, 3, 9, 2, 7, 14], "R": [[-0.596623374910348, -0.07559277045842994, 0.7989532411630897], [0.7778531471898052, 0.1904675716284362, 0.5988877904623555], [-0.1974462709637791, 0.9787787478344563, -0.05483733099004978]], "T": [0.06094561147552108, -0.038707818084602864, -0.04769847056186281], "aligned_model": [[-0.09225479698404718, -0.5030663716965789, 0.37604689435213334, -0.3067422337279152, 0.49718031210282215, 0.5832063788689015, 0.6410061885986713, -0.026398746622290456, -0.5261169586759287, -0.643513936392871, 0.1844485606788402, 0.06038487485468416], [-0.32553010808381744, 0.27863781106918173, -0.593872814682475, -0.6734276558011519, -0.36601816813831073, 0.36288486331215114, 0.06378237215104351, 0.08012221919603466, 0.47381453296884235, -0.012531077518698898, 0.6348039852686763, 0.0413334737588617], [-0.655999695877528, -0.5291368173504934, 0.370675439078441, -0.1472946554013311, -0.32511129423435864, -0.24207119475542943, 0.47349202468870544, 0.5747158841356079, 0.1877193798930406, 0.07950407052200288, 0.36381081407282406, 0.006112201492484509]], "inverted": false, "swapped": false, "error_lsq": 0.03834846455412732, "error_max": 0.23987659342578327, "target": "48.xyz", "model": "19.xyz", "model_rescale": 3.9282355846067225, "target_rescale": 3.7579436423947965},
{"mapping": [2, 7, 0, 1, 10, 12, 11, 4, 6, 5, 8, 13], "R": [[-0.17878976375020286, -0.09055845927857092, 0.9797108684868403], [0.2918315165279956, 0.946063619960873, 0.14070534086345038], [-0.9396108696365306, 0.3110671831608422, -0.142718678599762]], "T": [-0.019723259955331838, 0.11768822293453324, 0.05538795731423893], "aligned_model": [[-0.18571031501701937, -0.1822860576258804, 0.21945680439064988, -0.20001213857013267, 0.5535356281516516, 0.4978349645377953, 0.5947148328011014, 0.05889317360815394, -0.5913251125229928, -0.6595558895219695, 0.13402887391567533, 0.004605401209388019], [-0.3657450318239464, 0.3899988710524021, -0.5304283452667418, -0.607814469824365, -0.3466015673966036, 0.4497867842358151, -0.06842248670281745, 0.08340410554603112, 0.407088967858359, -0.11545632318868981, 0.7082325845906166, -0.0400436555797235], [-0.5907210088094709, -0.48081911473421257, 0.45903978629472675, 0.003982127352859521, -0.3896329262317805, -0.5316711326492044, 0.37349455148366717, 0.6814964947168699, 0.18330427775778954, -0.0993633884098952, 0.509523638993742, 0.037782850498874795]], "inverted": false, "swapped": false, "error_lsq": 0.04457623531333907, "error_max": 0.22079477369045, "target": "48.xyz", "model": "20.xyz", "model_rescale": 4.067790424073018, "target_rescale": 3.7579436423947965},
{"mapping": [5, 4, 10, 1, 13, 6, 11, 12, 0, 7, 3, 14], "R": [[-0.16159162819879103, -0.47660423509707484, 0.8641391952594191], [-0.170897441334012, -0.848902764791686, -0.5001581354676934], [0.9719476376027425, -0.22850054489336294, 0.05572513563809989]], "T": [-0.029286206428037007, 0.05209854492507711, -0.034154504762211914], "aligned_model": [[-0.024433431993119568, -0.1943782569139071, 0.29258427265965103, -0.32143948537094313, 0.44672700011572863, 0.4633132351865392, 0.5385235534263972, 0.07190030859695581, -0.571753958713406, -0.7013081664931229, 0.24729263611436628, -0.0028475412587185937], [-0.21449032114869515, 0.38490428275202077, -0.6064360508663243, -0.7124071582290589, -0.44175366116055786, 0.48190107193995996, 0.07105321860504536, 0.05936765685342549, 0.44232976119525597, -0.21878582464710367, 0.7208493656339426, -0.0025329074275729363], [-0.5608165861043853, -0.7444061858387959, 0.33193073448049004, -0.09316800090104072, -0.17431488010942564, -0.3808135311671222, 0.2744958652989363, 0.7252678520897297, 0.20648290941047168, 0.14381206715664216, 0.41308312816903336, 0.014862783779432724]], "inverted": false, "swapped": false, "error_lsq": 0.04413790096749549, "error_max": 0.2702554799890572, "target": "48.xyz", "model": "21.xyz", "model_rescale": 4.186013935880536, "target_rescale": 3.7579436423947965},
{"mapping": [10, 9, 6, 4, 7, 1, 0, 5, 8, 11, 2, 12], "R": [[-0.47190218539338874, -0.49351647640407736, -0.7305818331567299], [0.22398405188636428, 0.7343562348758996, -0.6407433689079111], [0.8527247339684189, -0.46600687528897755, -0.23600449203753124]], "T": [-0.005383157809655443, -0.018730056896681176, 0.04923546922531434], "aligned_model": [[-0.18496697730617753, -0.19654198007702814, 0.2798105914080647, -0.1872409408984628, 0.4337284563943546, 0.5856986605339957, 0.6356940787807918, -0.0324770841099359, -0.5055110362618381, -0.621318567883341, 0.06058419873821157, -0.023279233962213812], [-0.3417329523595253, 0.29692001534929297, -0.4550268179656409, -0.6991254020414587, -0.357476019030747, 0.30990563267099713, 0.08732030619844311, 0.12373988894790955, 0.5621972967320547, -0.13004038171638532, 0.6229890241914763, -0.055671157476079064], [-0.6989077082049993, -0.45003809987162324, 0.24458774258057886, -0.1285454909583036, -0.43113512030933665, -0.22959082705659223, 0.3647695216179518, 0.8091742890019662, 0.057213295022395305, 0.13408569561129444, 0.41467237445308286, 0.07013048437755175]], "inverted": false, "swapped": false, "error_lsq": 0.0469932738952493, "error_max": 0.26254297999232934, "target": "48.xyz", "model": "22.xyz", "model_rescale": 4.166573947596378, "target_rescale": 3.7579436423947965},
{"mapping": [9, 14, 4, 8, 3, 12, 2, 1, 5, 7, 6, 15], "R": [[-0.752934693404657, 0.2865560422292372, 0.5924314155491343], [-0.34659320859179127, -0.9379230030431853, 0.013175284456149655], [0.5594305097379678, -0.19541257642324106, 0.805513146851092]], "T": [0.01693640277172364, -0.008609226626171114, -0.0883690147220262], "aligned_model": [[0.06607965227608928, -0.2462811344798806, 0.17940848939176254, -0.22491730533516413, 0.47198656996287086, 0.30797127020645226, 0.545396765243044, 0.04333482784938008, -0.515898351347557, -0.6613296294983368, 0.2740576373608931, 0.004371373726867158], [-0.2826859455519917, 0.41762011794185827, -0.5624711987289862, -0.7797020642315553, -0.39977480297297735, 0.5036598030915471, 0.023183645251664366, 0.12164387490526504, 0.4166129113377533, -0.09616138380670196, 0.5871545987556374, 0.014919877508823952], [-0.6202675571651339, -0.7007600965745907, 0.36626627899405245, -0.12001960539283711, -0.12504992578819651, -0.3751799321546343, 0.32699600280295965, 0.6119425684764829, 0.3873780182580868, 0.12062729359915174, 0.30920081192058924, -0.024717700711963886]], "inverted": true, "swapped": false, "error_lsq": 0.04308292116920862, "error_max": 0.2224285928301528, "target": "48.xyz", "model": "23.xyz", "model_rescale": 4.274766983524099, "target_rescale": 3.7579436423947965},
{"mapping": [5, 1, 0, 4, 3, 2, 6, 7, 10, 8, 11], "R": [[-0.004569038556808999, 0.9949287465760529, 0.10047842118221607], [-0.9248403250023794, 0.03401127960832105, -0.3788318969000607], [-0.3803281440232369, -0.09465739324537215, 0.9199948264897098]], "T": [-0.06424716892370637, 0.1606541762086352, 0.062124332464246326], "aligned_model": [[0.27519824370131635, 0.22683672019405082, -0.40342592854064346, -0.43352686736862994, -0.7774126365159285, -0.5989601504157367, 0.005301003836127957, 0.08123301174662166, 0.6666766617760166, 0.4261825387961985, -0.08820789325131852], [-0.0828189016494657, 0.6345424927405808, 0.493748240695125, -0.2602804672826358, 0.42062238392309526, -0.18773647956663153, -0.6124424804309249, 0.018091448847049718, -0.11515175512393605, 0.5412139763699529, 0.06579807272127411], [-0.5606285819372793, -0.3155757288195912, -0.5187575397560203, -0.35238225109329446, 0.11113162457903392, 0.3547456311776815, 0.20963438588588168, 0.7426174988147106, 0.1940817184813593, 0.4541489641359925, 0.06055071255310299]], "inverted": false, "swapped": true, "error_lsq": 0.046096136441768194, "error_max": 0.27228338890240295, "target": "48.xyz", "model": "24.xyz", "model_rescale": 3.7841303162186577, "target_rescale": 3.7579436423947965},
{"mapping": [2, 4, 14, 12, 9, 8, 10, 11, 6, 3, 7, 15], "R": [[0.4203801461472078, -0.6185318095540644, 0.6638515898113276], [-0.6142177981442176, 0.34452657399454983, 0.7099562917915775], [-0.6678450637446695, -0.7062009914899249, -0.23508111461903022]], "T": [0.08846661378016939, 0.07950609291426457, -0.0076878579204565], "aligned_model": [[0.04351797361651788, -0.45596076440763966, 0.36266713168911435, -0.12686218358087603, 0.41728841806612627, 0.3725079459344629, 0.6989173719775604, -0.17703068537657596, -0.46675452952201946, -0.6997660503470343, 0.24738285724511438, 0.028272680061670656], [-0.2181734679409939, 0.29049949957653814, -0.6115311735119555, -0.6380604951622169, -0.37233762238363677, 0.2512351935411361, 0.014413644114453741, 0.13569275920051427, 0.5106372031146562, -0.052278519149809535, 0.5450013917613065, 0.1089010203403453], [-0.699178658093301, -0.47221445035941695, 0.26904402441189307, -0.12560141579850148, -0.1804714986334611, -0.4968579932156963, 0.47019073566024916, 0.7104916543428754, 0.15929088351274834, 0.09391908504705711, 0.41759477094481084, 0.010209018444708664]], "inverted": true, "swapped": false, "error_lsq": 0.04151315143508135, "error_max": 0.20444673771112734, "target": "48.xyz", "model": "25.xyz", "model_rescale": 4.19342608120988, "target_rescale": 3.7579436423947965},
{"mapping": [9, 1, 3, 7, 5, 0, 4, 6, 8, 10, 2, 11], "R": [[0.8246108337326852, 0.565101337392664, -0.026027895952391467], [-0.47512300140829966, 0.7168170213102623, 0.5103248881767888], [0.30704251566103175, -0.4084529794687579, 0.859587725098282]], "T": [-0.005493053154749201, -0.009734076096409269, -0.037141912776927515], "aligned_model": [[-0.1583623363678297, -0.20302001103401943, 0.18841187295467463, -0.19848857962517152, 0.46731151112651537, 0.5486420881093326, 0.5913212744188254, -0.10889947014166328, -0.5009390371396639, -0.6037759528526676, 0.17679995842005683, 0.045178847488031484], [-0.22633901638344903, 0.36922242221712753, -0.5335758090581801, -0.8705428232421393, -0.3574602855213677, 0.3009396073099146, 0.1287192497870513, -0.013607385921146095, 0.5068213613585666, -0.12381846024249904, 0.7866809439205621, -0.003040370724103415], [-0.7297202746430627, -0.3717645908812525, 0.3078330533832551, -0.18621286024678063, -0.30416664794345055, -0.3538912872694882, 0.43080366749010873, 0.7785713171001171, 0.23624402834259972, 0.12496337341802419, 0.14511553032857727, 0.07864084718531875]], "inverted": true, "swapped": false, "error_lsq": 0.0349854021590254, "error_max": 0.1852456005726492, "target": "48.xyz", "model": "26.xyz", "model_rescale": 3.795458400668931, "target_rescale": 3.7579436423947965},
{"mapping": [8, 1, 10, 11, 5, 6, 7, 3, 2, 9, 0, 12], "R": [[0.890141754825253, 0.4429469260608822, -0.10698447088168689], [-0.4155082769097988, 0.88536527324162, 0.20852147313224562], [0.1870842808363899, -0.1411607368605277, 0.9721487119946843]], "T": [-0.1172738970725397, -0.0852882873274943, -0.008386664447237664], "aligned_model": [[0.028151440148638532, -0.25307115435182886, 0.2806163316854966, -0.329896524874339, 0.5812580434420633, 0.4121380061850228, 0.576785732840278, -0.05657167408567912, -0.610189935768903, -0.5162933222281706, 0.0946779405872784, 0.036575281776564286], [-0.2723469980946597, 0.3287792314853025, -0.5930999960626615, -0.753413267128578, -0.24742608130012117, 0.2723613328529785, -0.025444724895613655, 0.10204167846504347, 0.5938043481538904, -0.02946019332664146, 0.6436322106313879, -0.055428107279989806], [-0.6973077195227847, -0.4089617077672951, 0.2940981497824674, -0.1497203874074474, -0.23778791057904822, -0.5308775692004544, 0.4098334651378411, 0.7031604407316655, 0.25751159641588783, 0.14007549364064023, 0.3307659829859137, 0.04562632204657966]], "inverted": true, "swapped": false, "error_lsq": 0.03405754479606851, "error_max": 0.17337710094042538, "target": "48.xyz", "model": "27.xyz", "model_rescale": 3.6321398670334006, "target_rescale": 3.7579436423947965},
{"mapping": [0, 3, 9, 10, 11, 1, 6, 12, 7, 8, 4, 14], "R": [[-0.08100549851075217, 0.7086103336575826, 0.7009347360808382], [-0.26439333537472914, 0.6627756535263742, -0.7005887504821312], [-0.9610069060212059, -0.2420740137362483, 0.13366337738203443]], "T": [0.05775057765191509, -0.03775047318629942, -0.059795485454925815], "aligned_model": [[-0.1518318114381731, -0.3338921544115061, 0.2867579538504117, -0.21017077376743204, 0.42246118299875457, 0.40978586374328285, 0.49020117154938014, -0.24467435330654447, -0.4271651405359737, -0.4290037116279046, 0.3135370786384547, 0.11817485966367117], [-0.26044451463534624, 0.3806644413831451, -0.5320428125660982, -0.7600423204555635, -0.4984979315881394, 0.4480371142275198, 0.13677373463556425, -0.0014150190890229383, 0.48873687745382566, -0.12865358359180032, 0.7108729811652521, -0.019989533438998834], [-0.6037571387966184, -0.43808771330265295, 0.32724826671962515, -0.16555119366300008, -0.3190709959500358, -0.3553437444711728, 0.5618436557376532, 0.7087932386168402, 0.23778677186920089, 0.08797630542840225, 0.1863821777617939, -0.07180347368606961]], "inverted": true, "swapped": false, "error_lsq": 0.0428748073930622, "error_max": 0.23647788192371477, "target": "48.xyz", "model": "28.xyz", "model_rescale": 4.156811204709835, "target_rescale": 3.7579436423947965},
{"mapping": [8, 7, 9, 3, 6, 10, 1, 5, 4, 11], "R": [[0.00583949792567906, -0.9950240819956712, 0.0994634430966867], [-0.10587178506066619, -0.09952128755634537, -0.98938702157002], [0.99436264279791, -0.0047528488087743015, -0.10592613009147864]], "T": [-0.06051671720339369, 0.05096095615298013, -0.029978252008076436], "aligned_model": [[-0.49849149808647036, -0.06727160100748572, 0.0674013449592929, 0.6273871626541836, -0.04214223345985583, -0.7314038793444259, -0.45153190994960596, -0.4887056125423011, 0.2577106879691779, -0.03002708708192141], [-0.20485942241451527, -0.6303412878070386, 0.029341337560444672, 0.2719692119812157, -0.4525906819144715, -0.33672392812570545, 0.5407853147357181, 0.4054041588774962, 0.2831974579593495, 0.012538169773710243], [-0.5607930942745919, -0.23082940975968588, -0.6953359660398871, -0.26774656529094093, 0.5786043067698562, 0.13537638488979883, -0.2731582678890415, 0.47335842074714435, 0.5446230910229972, 0.05468782679945028]], "inverted": false, "swapped": true, "error_lsq": 0.047592184716809136, "error_max": 0.2802217568861271, "target": "48.xyz", "model": "29.xyz", "model_rescale": 4.117894457231895, "target_rescale": 3.7579436423947965},
