[{"mapping": [4, 10, 9, 2, 7, 8, 1, 5, 11, 6, 12, 0, 3, 13], "R": [[0.8567998089047371, 0.5012030777121669, 0.12120050475413813], [0.06336600489183242, 0.13092415194856924, -0.989365259073006], [-0.51174098612956, 0.8553679566878805, 0.0804165516964382]], "T": [0.09301863030485126, -0.08071442518874145, 0.06269033451475671], "aligned_model": [[0.49736668265672973, -0.8593342711498941, -0.17170999533499964, 0.7081585235352857, -0.1143701986044131, -0.001118239079751046, 0.09512570019888122, 0.08330376642158442, -0.428846355403924, 0.6371130065573254, -0.3391622473320877, 0.277739732760895, 0.5957624357177336, 0.011626301272352257], [0.4934027902641355, 0.2217546452111911, 0.5894202321401918, 0.37090937246253236, 0.47991108396054943, -0.007963388470741975, -0.3792068126589436, -0.7941454534376524, -0.2588231039543908, -0.17917201918511222, -0.00047693091148745537, 0.289317900689872, -0.2173879047766083, 0.017964286713157307], [-0.5856122970478166, -0.06756071992916814, 0.19528546103792666, 0.15701478819032583, -0.4000011335395086, -0.7095950195491557, 0.5565951515612926, -0.1889503811753493, -0.3650900718654506, -0.46533778604562626, 0.4393884118800105, 0.7141246187621503, 0.10475376155121281, -0.03819406887569163]], "inverted": true, "swapped": false, "error_lsq": 0.06070520454630201, "error_max": 0.4082290811393919, "target": "480.xyz", "model": "0.xyz", "model_rescale": 3.8414455957264533, "target_rescale": 3.9019588623742796},
{"mapping": [10, 9, 6, 5, 8, 12, 0, 11, 13, 1, 7, 2, 3, 14], "R": [[-0.18367208308832694, -0.4230590413805727, -0.8872911660780501], [0.9077856431159211, -0.41926301923616394, 0.011989447593195812], [-0.3770806174369198, -0.8032680550147175, 0.46105383606067585]], "T": [0.04441948025584733, 0.05187959524892562, 0.02966740825100926], "aligned_model": [[0.4078215654797185, -0.5919299839259614, 0.03633808096211515, 0.5346363884095592, -0.37528136484164765, 0.07723494250492588, -0.06541374656179533, 0.10785363061268163, -0.550618947536491, 0.6701215415942355, -0.32554698683090133, 0.1440853801795746, 0.8036040430281907, 0.11875029914151368], [0.41970118830613923, 0.24893596158040798, 0.8302404047538077, 0.4797482337366896, 0.36917443100943087, -0.02024720461843764, -0.6178091809892108, -0.567476662396265, -0.29633669880244595, -0.5243226846082417, -0.10783980281344506, 0.4628493115116225, -0.07211531643325722, 0.021002717809897806], [-0.4186934960952395, 0.17710494728771148, 0.09382592285353576, 0.1342551519944135, -0.5598048856905583, -0.7292860910131721, 0.28456145442443115, -0.5522598525077772, -0.28580316509439946, -0.12840141945716543, 0.5302366135054531, 0.6344610328253617, 0.17677601970917511, -0.010151517786617478]], "inverted": false, "swapped": false, "error_lsq": 0.0425914489420044, "error_max": 0.22977955440120656, "target": "480.xyz", "model": "1.xyz", "model_rescale": 4.316132596720782, "target_rescale": 3.9019588623742796},
{"mapping": [0, 4, 5, 12, 9, 3, 6, 11, 8, 2, 10, 13], "R": [[-0.980878815813161, 0.139514768728696, -0.13569221788868255], [-0.17157048400401004, -0.29075127099585474, 0.9412902142447488], [0.09187120173155991, 0.9465724101836446, 0.3091283787870754]], "T": [0.0868601868680477, 0.06711121438591036, -0.13989263005720623], "aligned_model": [[-0.19549625543919225, 0.47379797667182094, 0.077236757546188, -0.6132820558685994, -0.47411388862764464, -0.4664592906086132, -0.11672214109774204, -0.2019335551053169, 0.49001274665000205, 0.27422897197359586, 0.3235837946607055, 0.02695549387657653], [-0.6244469702578196, -0.5126544849758075, -0.6062785046617469, 0.30833649660558293, -0.15426287263808122, -0.036174752200336446, 0.4356485874383612, 0.5245414135622967, 0.10348552514103987, -0.007773120401422667, 0.5729699160902588, 0.009385194038655065], [0.2474454627027247, 0.11120928157276813, -0.37154223358214916, -0.11310463585681908, -0.5436678984664909, 0.3393737761195442, -0.6407847746549008, 0.6183592075862436, -0.582718584581135, 0.5756136318658314, -0.11429237055108288, -0.07663240094511285]], "inverted": false, "swapped": true, "error_lsq": 0.0429548911655847, "error_max": 0.21889916221921768, "target": "480.xyz", "model": "2.xyz", "model_rescale": 3.795458400668931, "target_rescale": 3.9019588623742796},
{"mapping": [2, 10, 1, 7, 0, 5, 8, 12, 6, 9, 4, 13], "R": [[-0.9369732861141108, 0.3371020480952511, -0.09188726940393685], [-0.2199315049957693, -0.3646706959261462, 0.9047902611340575], [0.27149805564464086, 0.8679732096687818, 0.41582606108618564]], "T": [0.04285748955006637, -0.09687197050942699, -0.014993145355735156], "aligned_model": [[-0.28866845434645094, -0.18201448479478724, -0.6465456952118984, 0.22661006894897512, 0.2234841542956091, 0.0836794008653203, -0.2601814702087455, 0.7282338836601571, 0.35331184488713663, 0.6691596463296078, -0.4009283690715057, 0.08716330039014708], [0.031102757218426688, -0.6081867190981594, -0.17866970162518303, 0.07573484747447172, 0.6366013905848088, 0.5539954181603872, -0.18799179223850748, -0.30524048030087425, -0.4980846308464777, 0.11249261581862023, 0.4854832307985113, -0.031467890656314876], [-0.6679686071198457, -0.03899916320648742, -0.07434408547275262, 0.8216607796459321, -0.3856675549270726, 0.271211461258074, 0.4947268463044304, -0.20459313481639851, 0.3982924635802157, 0.28607984507668915, -0.12820895942754532, -0.08341846025613883]], "inverted": true, "swapped": true, "error_lsq": 0.0402422160398038, "error_max": 0.24991277107874174, "target": "480.xyz", "model": "3.xyz", "model_rescale": 3.7530521520055578, "target_rescale": 3.9019588623742796},
{"mapping": [10, 3, 2, 0, 1, 9, 8, 6, 7, 5, 13], "R": [[-0.1912141188058088, 0.7416377843265227, -0.6429701063257641], [0.8161926415640037, -0.24372702753310055, -0.523857526343426], [-0.5452217279475314, -0.6249564248082626, -0.5587152534742384]], "T": [-0.10674774660281146, -0.1334780283939228, -0.048111662238014954], "aligned_model": [[-0.4034081972250347, -0.0018863515722972735, 0.37065296089991573, 0.5195494986846427, 0.18284137451903093, -0.3406043141463689, -0.1979851256416542, -0.717458794412302, -0.328074367432095, 0.3077655640189853, -0.05319264524761756], [-0.6067806279328828, 0.19481596903550857, -0.46171750322902844, 0.3479052925811727, -0.7426725666557112, 0.5475649529304858, -0.3210717335729764, -0.026146767410011748, 0.2846003554349394, 0.3260838907324149, -0.07537790359956477], [-0.07185386452516875, -0.7021406082506032, -0.5139564300689076, -0.33799187921628426, 0.1265603433847654, 0.04257698406596892, 0.5144132219982279, 0.160863256388808, 0.6865807265603936, 0.304293531722764, -0.11651450481464787]], "inverted": false, "swapped": true, "error_lsq": 0.047564576654025074, "error_max": 0.2543843278545358, "target": "480.xyz", "model": "4.xyz", "model_rescale": 3.7855080009869324, "target_rescale": 3.9019588623742796},
{"mapping": [5, 2, 0, 4, 3, 10, 13, 15, 14, 8, 12, 1, 6, 16], "R": [[-0.6578406577954181, 0.7216102313820031, 0.21569502292844805], [-0.5844288664765075, -0.30844038690880027, -0.7505380921395891], [-0.4750669100035031, -0.6197928699883225, 0.6246344765791927]], "T": [0.1061009141635911, 0.0007471590577905057, -0.04088741724478066], "aligned_model": [[0.3377264451626046, -0.556360601506672, 0.051858592965196904, 0.5848532632795833, -0.24678418846728942, 0.2668824045442538, 0.2027003034864331, -0.09543515520601989, -0.5046908341694417, 0.4628688397224896, -0.229258377307649, -0.012991385274036468, 0.6757302317319741, 0.05455530325429144], [0.6454965043153358, 0.3273344283035478, 0.7698814575761624, 0.49819250440201485, 0.43640455234275083, -0.04989073052959585, -0.6419572733742941, -0.6652964391882119, -0.2890564204834864, -0.5416608641992476, -0.19582923493042897, 0.4589315458484379, -0.11552848381681312, -0.011516848219479249], [-0.47187597834437084, -0.02441977014058179, 0.07728231134158621, 0.22433909062468643, -0.4508768627389136, -0.7497945977440283, 0.2792175802013765, -0.4825742346441922, -0.015496001644050489, -0.31258588533470705, 0.5176438083466351, 0.5498646719646497, 0.2558944614264725, -0.049797878359409936]], "inverted": false, "swapped": false, "error_lsq": 0.04309140449454515, "error_max": 0.3372591425223836, "target": "480.xyz", "model": "5.xyz", "model_rescale": 4.2253639853439635, "target_rescale": 3.9019588623742796},
{"mapping": [2, 1, 10, 5, 4, 3, 12, 7, 0, 6, 9, 8, 11, 13], "R": [[0.3081993104949009, 0.05844928004268063, -0.9495245476937182], [0.9513211191654473, -0.017733444775728052, 0.30769084023770865], [0.0011459669578968157, -0.9981328601939117, -0.06106946995719645]], "T": [0.04476792066833984, 0.08116374064370871, -0.009120261154124044], "aligned_model": [[0.35838958590455366, -0.5746964642103293, 0.11150780559486226, 0.5742270075475763, -0.30771409599588306, 0.08286200886382733, 0.2670196110217709, 0.0769913369675844, -0.5894081962612626, 0.5469689760630801, -0.3262660545996723, 0.05668446206266799, 0.6642525900125812, 0.050836269244360785], [0.4771023928563076, 0.4651987402609914, 0.8549993844406789, 0.41263528857946397, 0.4012010106754905, -0.13913376467115388, -0.7866994927384472, -0.6253415218888597, -0.38053054681876997, -0.17351507555078857, -0.11714412772831903, 0.382302407172883, -0.21257213293071484, 0.0670021363879294], [-0.4507599862873683, 0.07740590190718624, 0.06324449918170624, 0.0935488903996134, -0.5328032625256148, -0.682193304957651, 0.25310361027550743, -0.36856870179993334, -0.17561857035636436, -0.32000732853597497, 0.4331513816446673, 0.6654450619695296, 0.3589989720246311, -0.06812644798478248]], "inverted": true, "swapped": false, "error_lsq": 0.045623391743239504, "error_max": 0.2742506591303608, "target": "480.xyz", "model": "6.xyz", "model_rescale": 3.89814844738969, "target_rescale": 3.9019588623742796},
{"mapping": [6, 10, 11, 7, 3, 1, 8, 9, 5, 4, 2, 0, 13], "R": [[-0.7820410171624649, -0.20509022596924384, -0.5885149502666707], [0.43192093529160125, -0.8591028648166209, -0.27456615472542], [-0.4492840450453652, -0.46891392267212484, 0.7604364404681794]], "T": [-0.05376431436351353, 0.05558227848332364, -0.1277092120658905], "aligned_model": [[0.021212304172384747, -0.05382707838405848, 0.6869376627283434, -0.5025212217219285, 0.5765015661884856, -0.4874831552744836, -0.5689207650737793, 0.1447151065913189, -0.39217318775310783, -0.46674466264650644, 0.08641564797055654, 0.10171783619874158, 0.0028017479082557], [-0.446946458523625, 0.23926986788174504, 0.5981183358696236, -0.6938483301576196, 0.17830985083176956, 0.5633819183353176, -0.11742686742073638, -0.5933404319189567, -0.2038711232256416, 0.41903511221707646, 0.758431568192028, 0.18788837425707197, 0.07477944913243258], [-0.5400220487217153, -0.6557672878727439, -0.28456988074717127, -0.10492950177029672, 0.23866434857372268, -0.32649967178020667, -0.381936609619401, 0.12965842876048603, 0.44270399752614786, 0.36852718214739266, 0.06981645764702882, 0.6885806134499478, -0.04195099675689515]], "inverted": true, "swapped": true, "error_lsq": 0.04510995514027177, "error_max": 0.30440161102646257, "target": "480.xyz", "model": "7.xyz", "model_rescale": 3.7474275329858107, "target_rescale": 3.9019588623742796},
{"mapping": [2, 9, 4, 2, 8, 3, 10, 6, 7, 0, 11, 13, 1, 14], "R": [[-0.14504051242793975, -0.26398377689296687, 0.9535595499453429], [-0.9383730688335323, 0.3422783480709573, -0.047974119374463], [-0.31371839831699266, -0.9017527920550847, -0.29735949384252025]], "T": [0.046365381430158475, -0.0206882740072701, 0.04265701779577659], "aligned_model": [[0.5742933971763873, -0.6989633229466298, 0.05858156201126397, 0.5742933971763873, -0.16297033078518056, 0.20434411274728093, -0.05885368226642265, -0.035733042862376344, -0.491174283033306, 0.47431527895783165, -0.4158103480383919, 0.09485833419525497, 0.7963901387303904, 0.07808363115322835], [0.5558995495504824, 0.12896016829860116, 0.7605037816314134, 0.5558995495504824, 0.49619797053816944, -0.05406726648597284, -0.7398689458175975, -0.6332858792275659, -0.4220869459862864, -0.45963121033837895, -0.14349671123890562, 0.5416415554560164, 0.0115322585869507, 0.027306823529283805], [-0.2694775489619434, -0.006647203482355243, 0.08526667614389213, -0.2694775489619434, -0.35004832421975196, -0.6559581125135744, 0.25938604127330506, -0.49112394964759887, -0.07484977854386167, -0.19900642891894582, 0.4398869744012717, 0.7423322461128019, 0.07767873628481335, 0.05885893598904152]], "inverted": true, "swapped": false, "error_lsq": 0.054992843812463964, "error_max": 0.42384811436768716, "target": "480.xyz", "model": "8.xyz", "model_rescale": 4.019505241142653, "target_rescale": 3.9019588623742796},
{"mapping": [9, 3, 6, 7, 5, 8, 10, 0, 4, 2, 11, 1, 13], "R": [[-0.8630206003917231, -0.42374736869028207, -0.27501565560449776], [-0.33743299359107903, 0.07840845847183597, 0.9380784020945333], [-0.3759447009011729, 0.9023803417451713, -0.21065445804965793]], "T": [0.051643658863157, 0.0032159322176921468, -0.04570903291001654], "aligned_model": [[-0.185448910019563, -0.6769513284907045, 0.1715264719841641, 0.5076129665336209, 0.16633093019847273, 0.6349596475323268, 0.23867391083308118, -0.4088035101640807, 0.22159082653691614, -0.19931299999598914, -0.6095780836100456, 0.4933456040317945, -0.034244753628817085], [-0.45496973573621446, -0.05067570177008489, 0.1309752293377489, -0.5049264670373493, -0.6942757199032544, -0.024412214028084744, 0.5269830634439526, -0.5632427539065268, -0.3623500334064308, 0.21309025339374452, 0.6138526003459531, 0.2748907345201348, -0.04156102713952977], [-0.5561851583313403, 0.0673031758429839, -0.6761566304418272, -0.5910815723844774, 0.0412397332658803, -0.18329190190035427, -0.10292916012275177, 0.37276634606975045, 0.5758863132242734, 0.6218517963517775, 0.19407989224940872, 0.41967505308408976, -0.006454392863534213]], "inverted": false, "swapped": true, "error_lsq": 0.054211081781271035, "error_max": 0.3158057405057135, "target": "480.xyz", "model": "9.xyz", "model_rescale": 3.877068213659057, "target_rescale": 3.9019588623742796},
{"mapping": [8, 4, 1, 0, 7, 9, 6, 14, 13, 10, 3, 5, 12, 15], "R": [[-0.39467684595399055, -0.7768578340231391, 0.4906343781113256], [0.41711786525458816, 0.3242986844695941, 0.8490247639125412], [-0.8186836225021639, 0.5397427803761417, 0.19604809940054707]], "T": [0.053134691331147774, -0.01706825979089064, -0.08059420874454126], "aligned_model": [[0.34175575853569373, -0.5430483179999163, 0.01951713285592037, 0.639718486704827, -0.31398158319090796, 0.18234947288279557, 0.13095686258459838, -0.013743819326653403, -0.47818590479279977, 0.5048037495999664, -0.24688056428220817, 0.08688541409711499, 0.5603448663193101, 0.12116328822797717], [0.4813611198236232, 0.27461487416269076, 0.819846746987157, 0.47018077569716393, 0.6439813711525297, -0.11365341620644143, -0.5291465815065057, -0.6224844836302168, -0.5755804347072367, -0.5208230063452711, -0.08237991474390663, 0.4244030662082634, -0.0792418114714303, 0.03442639262627286], [-0.5940033719963261, 0.05198576145059988, 0.14601060452141731, 0.14804057438077495, -0.3880443605210901, -0.7206099520574668, 0.2541057721565123, -0.5689793102401857, -0.13891290701856923, -0.293753765383151, 0.47482147059371427, 0.5635792145475511, 0.4644447839646365, -0.05186379944326543]], "inverted": true, "swapped": false, "error_lsq": 0.04092202537486551, "error_max": 0.26335372707301014, "target": "480.xyz", "model": "10.xyz", "model_rescale": 4.260839863003843, "target_rescale": 3.9019588623742796},
{"mapping": [9, 5, 4, 0, 2, 3, 12, 6, 8, 1, 10, 13], "R": [[0.02928750191192389, -0.9969386947365475, 0.07249469752159754], [0.28484907254536074, 0.0778427209038833, 0.9554064667314787], [-0.9581248603923223, -0.007331421367579138, 0.2862568814175899]], "T": [0.06702115088056446, 0.061043366831006717, 0.039554100513532454], "aligned_model": [[0.45941515128236043, 0.043761045799302636, -0.43707551177479154, -0.48278807344861696, -0.6499504072877123, -0.3113897178357613, 0.2519667454935751, 0.6934156791833334, 0.4150114230521894, -0.20269720116839315, 0.18005696603335536, -0.0008274502347105084], [-0.058412328265633924, -0.584110718432282, -0.4737302232415334, -0.2459312511426999, 0.20721173992894168, 0.3852692231614638, 0.5501036774990651, 0.24923467405971234, -0.24437752417762074, -0.0699452866022183, 0.3956560696486663, 0.06211045309707271], [-0.5591863712441364, -0.2611833875120822, 0.13338933600370964, -0.5185543854687849, 0.17089536426261037, -0.5065315444748847, -0.4855378276686143, 0.02025573498813165, 0.4210914548461012, 0.6685088980213854, 0.4729635021985519, -0.039932696556482704]], "inverted": false, "swapped": true, "error_lsq": 0.047734226840927964, "error_max": 0.23714644602707902, "target": "480.xyz", "model": "11.xyz", "model_rescale": 3.890672605050136, "target_rescale": 3.9019588623742796},
{"mapping": [1, 10, 4, 0, 2, 11, 5, 9, 12, 6, 7, 3, 8, 13], "R": [[-0.1682420283590262, -0.5660503315444805, -0.807020224066302], [0.8920358597987983, 0.26096700971647957, -0.3690098164990431], [0.4194837836277574, -0.7819739394621937, 0.46103157513918536]], "T": [0.1607246427701861, 0.004563499390696522, -0.13131133626377428], "aligned_model": [[0.6508528625769723, -0.6848826061565458, -0.18324424494873293, 0.5031938069828739, -0.20274818946239564, -0.0199591553418067, -0.009369916214137963, -0.024960668001758696, -0.5052873617494864, 0.6232329950027615, -0.16848982290365216, 0.3137334980300907, 0.6501521331498838, 0.0494315112516526], [0.5113664102334964, 0.15230225282548612, 0.5774583995753599, 0.44757517730460644, 0.5100211434261193, 0.0395461664666616, -0.6575342811457697, -0.689971618453105, -0.22214498339285715, -0.20863178838164384, -0.15972622213265883, 0.4630975097283921, -0.16842646731560043, 0.03057299930820543], [-0.4602846301654741, -0.3816354176835613, 0.07971918628913865, 0.05617216845752382, -0.47477050993900644, -0.6498590601998928, 0.23972309859055724, -0.4295769083075896, 0.1139709917069534, -0.4009261306062477, 0.6378381246794604, 0.6557070927312008, 0.36841483767323074, -0.007672128271141304]], "inverted": false, "swapped": false, "error_lsq": 0.05379289632700448, "error_max": 0.4308166262153665, "target": "480.xyz", "model": "12.xyz", "model_rescale": 4.124412569039231, "target_rescale": 3.9019588623742796},
{"mapping": [5, 9, 3, 8, 0, 4, 6, 1, 12, 10, 2, 11, 13], "R": [[0.3205434080835378, 0.9432314389270675, 0.08698491911684264], [0.7383321674678469, -0.3063227143137227, 0.6008593888570805], [0.5933949224727335, -0.12837775241468652, -0.7946078395463586]], "T": [-0.016585063362185112, 0.08586424818494409, -0.046564530136407704], "aligned_model": [[-0.06801613418056891, -0.23590033072567324, 0.5715603677467053, -0.5243647356764742, 0.5770858066701634, 0.28986059220477334, -0.5435603434229269, 0.018492952498491998, 0.08543468208885126, -0.16348868861760474, 0.6446130745955835, 0.6461829732073969, 0.06939809112103973], [-0.2530725415763278, 0.4596524371813093, 0.4833774742025153, -0.22088811349275617, -0.05377597747377419, -0.5576808921636078, 0.4714010250766316, -0.4490448367445804, 0.8063082315863832, 0.15115553198842288, -0.13868358678679887, 0.544823486341134, 0.10391313836992609], [0.5776826648313039, 0.5356004554398816, 0.15982081368703, -0.13607819351372635, 0.5331459034561317, 0.15552951202401183, -0.08919020297474603, -0.4916846911396315, 0.09364542599479925, -0.5820482731289195, -0.30163163552287425, -0.5131317913367467, 0.010038093151325492]], "inverted": false, "swapped": true, "error_lsq": 0.04169963893227405, "error_max": 0.30213908148699314, "target": "480.xyz", "model": "13.xyz", "model_rescale": 3.9028299243045295, "target_rescale": 3.9019588623742796},
{"mapping": [1, 13, 12, 2, 11, 9, 4, 7, 10, 3, 5, 8, 0, 15], "R": [[-0.5143658549369566, -0.314380183095705, -0.797867700656998], [0.4352777668507735, 0.7059165810867165, -0.5587620658493606], [0.738891759975964, -0.634702198691286, -0.22625668170480664]], "T": [0.10970936408705319, 0.07271361325108572, -0.06839974643663076], "aligned_model": [[0.3565509377069952, -0.6294173391885585, -0.20554386498581168, 0.7227525444798315, -0.16332489296597458, -0.06626486804912761, 0.08248388112801062, -0.013020195842001134, -0.4482949066420609, 0.5864072262499941, -0.1636088198939722, 0.2266079752921506, 0.6176186338117835, 0.08870853111445892], [0.5347426489320164, 0.23143186632427323, 0.6717968686068936, 0.43151275661917265, 0.5401072038868073, -0.09319496898364987, -0.5240342034836929, -0.6707908671527949, -0.4169736723934998, -0.32690082886795047, 0.0432129761176452, 0.39557412617195065, -0.21138573383070292, 0.020406526100223907], [-0.4528437130473531, 0.17888871759183017, 0.09270563420692755, 0.1254842478692917, -0.5712438716345641, -0.8048458533776641, 0.2517784698470987, -0.5711586335546475, -0.1331314865266523, -0.11031503120632372, 0.3634899575031461, 0.6234116176304966, 0.5219663636680412, -0.16736570401447529]], "inverted": false, "swapped": false, "error_lsq": 0.03988593743583447, "error_max": 0.2212251456285282, "target": "480.xyz", "model": "14.xyz", "model_rescale": 3.942246331269136, "target_rescale": 3.9019588623742796},
{"mapping": [10, 1, 3, 4, 5, 9, 8, 7, 0, 6, 12, 13, 11, 14], "R": [[-0.52047580167053, -0.4573169399851538, -0.7210867883119442], [-0.7380246885107962, 0.6656583289497808, 0.11053754225749807], [0.42944673595681443, 0.5897119682543344, -0.6839702445820559]], "T": [0.09739000321985951, 0.0792930468367414, -0.07813368136412974], "aligned_model": [[0.6563929462224949, -0.6582321769502378, -0.21743298951229983, 0.41006500465583556, -0.34487054032552816, 0.2861528354973823, 0.1649022416160862, 0.0012262463739250579, -0.4371937759265037, 0.44968308350711195, -0.33754127671632245, 0.2935877427961215, 0.7171428931319253, 0.007772607845727489], [0.3877939431066114, 0.32973753155779395, 0.7120701259846541, 0.5400213141468669, 0.33394094578186806, -0.03978445252820606, -0.6353045675428666, -0.6391754594874515, -0.42550948397284394, -0.31996401416049436, 0.23773219188356629, 0.21257953811952937, -0.11066396924914615, 0.04203105440681079], [-0.3964784987528242, 0.0733724791984498, 0.05235609544941899, 0.10524511812214327, -0.45541291134490275, -0.8516654831847921, 0.2110604981718624, -0.5314934120621688, -0.06754733024168477, -0.24922656305121227, 0.5955191054724234, 0.6994722630138726, 0.22835239032908555, -0.0667330361645189]], "inverted": true, "swapped": false, "error_lsq": 0.052930953631617185, "error_max": 0.35824441221216974, "target": "480.xyz", "model": "15.xyz", "model_rescale": 4.355366556412066, "target_rescale": 3.9019588623742796},
{"mapping": [0, 4, 5, 12, 9, 3, 6, 11, 8, 2, 10, 13], "R": [[-0.980878815813161, 0.139514768728696, -0.13569221788868255], [-0.17157048400401004, -0.29075127099585474, 0.9412902142447488], [0.09187120173155991, 0.9465724101836446, 0.3091283787870754]], "T": [0.0868601868680477, 0.06711121438591036, -0.13989263005720623], "aligned_model": [[-0.19549625543919225, 0.47379797667182094, 0.077236757546188, -0.6132820558685994, -0.47411388862764464, -0.4664592906086132, -0.11672214109774204, -0.2019335551053169, 0.49001274665000205, 0.27422897197359586, 0.3235837946607055, 0.02695549387657653], [-0.6244469702578196, -0.5126544849758075, -0.6062785046617469, 0.30833649660558293, -0.15426287263808122, -0.036174752200336446, 0.4356485874383612, 0.5245414135622967, 0.10348552514103987, -0.007773120401422667, 0.5729699160902588, 0.009385194038655065], [0.2474454627027247, 0.11120928157276813, -0.37154223358214916, -0.11310463585681908, -0.5436678984664909, 0.3393737761195442, -0.6407847746549008, 0.6183592075862436, -0.582718584581135, 0.5756136318658314, -0.11429237055108288, -0.07663240094511285]], "inverted": false, "swapped": true, "error_lsq": 0.0429548911655847, "error_max": 0.21889916221921768, "target": "480.xyz", "model": "16.xyz", "model_rescale": 3.795458400668931, "target_rescale": 3.9019588623742796},
{"mapping": [6, 10, 11, 7, 3, 1, 8, 9, 5, 4, 2, 0, 13], "R": [[-0.7820410171624649, -0.20509022596924384, -0.5885149502666707], [0.43192093529160125, -0.8591028648166209, -0.27456615472542], [-0.4492840450453652, -0.46891392267212484, 0.7604364404681794]], "T": [-0.05376431436351353, 0.05558227848332364, -0.1277092120658905], "aligned_model": [[0.021212304172384747, -0.05382707838405848, 0.6869376627283434, -0.5025212217219285, 0.5765015661884856, -0.4874831552744836, -0.5689207650737793, 0.1447151065913189, -0.39217318775310783, -0.46674466264650644, 0.08641564797055654, 0.10171783619874158, 0.0028017479082557], [-0.446946458523625, 0.23926986788174504, 0.5981183358696236, -0.6938483301576196, 0.17830985083176956, 0.5633819183353176, -0.11742686742073638, -0.5933404319189567, -0.2038711232256416, 0.41903511221707646, 0.758431568192028, 0.18788837425707197, 0.07477944913243258], [-0.5400220487217153, -0.6557672878727439, -0.28456988074717127, -0.10492950177029672, 0.23866434857372268, -0.32649967178020667, -0.381936609619401, 0.12965842876048603, 0.44270399752614786, 0.36852718214739266, 0.06981645764702882, 0.6885806134499478, -0.04195099675689515]], "inverted": true, "swapped": true, "error_lsq": 0.04510995514027177, "error_max": 0.30440161102646257, "target": "480.xyz", "model": "17.xyz", "model_rescale": 3.7474275329858107, "target_rescale": 3.9019588623742796},
{"mapping": [3, 12, 11, 1, 10, 8, 6, 4, 5, 0, 9, 7, 2, 13], "R": [[0.502372079532269, 0.0021277585811347866, -0.8646489266458637], [-0.6496793453782548, 0.6607999841261938, -0.37584588486200654], [0.5705602876956177, 0.7505590274070673, 0.33334982298248084]], "T": [0.0761029477416657, 0.1028384020461047, -0.03700669801095392], "aligned_model": [[0.3497425605848312, -0.5895055592482386, 0.04148572417568672, 0.6816639824027992, -0.3378300024666591, 0.1215835321028497, 0.15821381606188767, -0.06291832662492591, -0.5628465909638918, 0.7329499698810622, -0.2647409755933188, 0.021463928686662262, 0.5500917744236218, 0.15230100879335168], [0.5032418055692917, 0.2620313966695791, 0.8229919398186493, 0.4258456757775074, 0.4291653173527703, -0.08402973578621878, -0.6056598019333469, -0.6571446826472052, -0.11343053320242719, -0.3628119879447036, -0.31204252275776356, 0.4544588550473445, -0.17228559720191536, 0.035174569285130616], [-0.5117567986316117, 0.2644229441926304, 0.0067790493542062985, 0.04948348193116907, -0.4826630987747321, -0.72973050063935, 0.256739641067378, -0.34085636194714475, -0.29814109119713567, -0.26253739345812455, 0.3622719064941927, 0.6269186868510855, 0.4140743379771717, -0.008184088264582876]], "inverted": false, "swapped": false, "error_lsq": 0.048850146894172164, "error_max": 0.3193277557453162, "target": "480.xyz", "model": "18.xyz", "model_rescale": 3.922800546911778, "target_rescale": 3.9019588623742796},
{"mapping": [3, 13, 12, 0, 7, 9, 6, 10, 4, 2, 8, 5, 1, 14], "R": [[0.0973778840017901, -0.4222750448681119, 0.9012221336546101], [0.39938678145462086, -0.8128355186623514, -0.42401487992784503], [0.9115962628854138, 0.4012258791286276, 0.08949886820964353]], "T": [0.02082896076847049, 0.025474593511599034, 0.007042777263386785], "aligned_model": [[0.3178335074077775, -0.6500965887645003, -0.1852937249704043, 0.7670616496189538, -0.22689331538430738, 0.26740544716785536, -0.012586107390322426, 0.010343347256128121, -0.48536724845293244, 0.55692432999905, -0.2404315633290666, 0.3008729957693026, 0.5675552637624265, 0.004326849525757952], [0.5218894305193631, 0.1687004610344314, 0.7782444121468698, 0.39849648473343907, 0.5054929182118998, -0.026559010349578454, -0.5994325207276386, -0.6440012736321468, -0.4898784346590505, -0.22690825013334465, -0.017837698045959412, 0.489602270738356, -0.31114416446262066, 0.07884007267267266], [-0.2659221517279394, -0.027001380479144507, 0.10433143612004811, 0.05637915772585468, -0.581537804227592, -0.7670603982495002, 0.29711570551806354, -0.44272689988782477, -0.038165554019554404, -0.39549121895433226, 0.5586383156517353, 0.5443458182730789, 0.3755006246900635, -0.07158493547780442]], "inverted": true, "swapped": false, "error_lsq": 0.042443887375817814, "error_max": 0.25379844263502654, "target": "480.xyz", "model": "19.xyz", "model_rescale": 3.9282355846067225, "target_rescale": 3.9019588623742796},
{"mapping": [1, 6, 3, 0, 5, 2, 9, 12, 7, 10, 8, 4, 11, 13], "R": [[0.44922829652683655, 0.7033185013474363, -0.5509419418250832], [0.5287345969637944, 0.2877916983301034, 0.7985083996714181], [0.720162248089367, -0.6500146337080971, -0.242584649951719]], "T": [-0.034594462932663356, 0.020168769983857103, -0.009262839329503274], "aligned_model": [[0.3573283613806517, -0.617558498846384, 0.03423603088253088, 0.6452535289509937, -0.3237683966921473, 0.11891469980245217, 0.06588253260144733, 0.007330422175585244, -0.4083916963262504, 0.635701267306201, -0.2974157032502256, 0.12188026359868334, 0.5590131010855588, 0.09324892954662115], [0.5036648696172958, 0.3091155097447713, 0.7666981805837907, 0.42158767687926924, 0.48853855825811116, 0.0537582659725302, -0.5806142264567573, -0.8072836986328158, -0.2985112126979385, -0.3409113017960034, -0.16311455736440755, 0.312979317295067, -0.1203019633553801, 0.07989927999915938], [-0.42655029148705265, 0.04995513488263079, 0.05639743307344503, 0.12060847126483115, -0.4390282750204022, -0.8179796581699852, 0.3184397541818388, -0.19994336129333617, -0.39242921745375037, -0.4124491049418924, 0.6806312081026173, 0.5284596618549481, 0.36658447586836246, -0.08587551590710285]], "inverted": true, "swapped": false, "error_lsq": 0.04794763566694986, "error_max": 0.3282183588526343, "target": "480.xyz", "model": "20.xyz", "model_rescale": 4.067790424073018, "target_rescale": 3.9019588623742796},
{"mapping": [13, 7, 9, 11, 1, 5, 2, 4, 8, 6, 0, 12, 3, 14], "R": [[0.13565029015352945, 0.7071461265744995, -0.6939332492768633], [-0.6699187649835018, -0.4505564862358312, -0.5900912650038136], [-0.7299368788492899, 0.5449249566513753, 0.41261234168921057]], "T": [0.10467037021810174, 0.0447688642489921, -0.07490468179028614], "aligned_model": [[0.414887491571185, -0.602231653725, -0.19950986020515252, 0.6753281634863525, -0.39073844113467726, -0.000391837482820942, 0.15750189007947082, -0.010185337909405318, -0.3930855890723681, 0.6719630700610303, -0.29101818979002014, 0.2556277805308297, 0.5852399816845053, 0.11826737412178912], [0.4434920037935267, 0.23712488922728495, 0.7315280723437868, 0.3152390859124225, 0.5614350906579566, -0.04917804295351053, -0.6319089645127597, -0.662405316776248, -0.13615974964677596, -0.4050264286665586, -0.22591512553264656, 0.49919309715870847, -0.17338063191338857, 0.12146671895489403], [-0.5595784903340879, 0.06634915146206444, 0.12481030759598027, 0.0637596472734393, -0.47606701975481386, -0.6481428800970446, 0.23011642913541858, -0.43432830196304056, -0.2862615799261965, -0.2279409189085143, 0.44913612833384103, 0.5231959315798875, 0.5923349022497715, -0.07056259169155324]], "inverted": true, "swapped": false, "error_lsq": 0.04061830763204909, "error_max": 0.2745438516165039, "target": "480.xyz", "model": "21.xyz", "model_rescale": 4.186013935880536, "target_rescale": 3.9019588623742796},
{"mapping": [0, 5, 4, 11, 12, 2, 3, 9, 1, 8, 6, 10, 13], "R": [[-0.46418433098937295, 0.7854049796091787, 0.40947762438142354], [-0.8857190808918454, -0.41466480027997643, -0.2086978992536163], [0.005883588025477199, -0.45955643985681804, 0.8881290795701229]], "T": [-0.035853203662215546, 0.07213857402019061, 0.06654502652598518], "aligned_model": [[-0.02289379650453842, -0.3918214524537549, 0.23173659449125256, 0.5527023320141493, -0.3131838302055947, 0.6338456874776311, 0.05441436585212457, -0.7080479600663927, 0.47889011055836384, -0.18829325707418826, -0.4667292734388076, 0.22564319736893312, -0.027688682595952585], [-0.42598594620015584, 0.13754848796478025, 0.21757371952361657, -0.5436695602700654, -0.5115253340177682, -0.1615358293912291, -0.6581284633854995, -0.19811020396780168, 0.5331967961720421, 0.6516678276684814, 0.19900000603309384, 0.295512623787708, -0.016587464371109514], [-0.6114761364803073, -0.5468194751647348, -0.6088404987374911, 0.4433377878389604, 0.42921644739404385, -0.15608382262866852, -0.004788998391782151, 0.02350231957500326, -0.022644604708745283, 0.09583286057515641, 0.5423711393839938, 0.5073512560661055, 0.011921286613811657]], "inverted": false, "swapped": true, "error_lsq": 0.04220413760587986, "error_max": 0.27571719571414444, "target": "480.xyz", "model": "22.xyz", "model_rescale": 4.166573947596378, "target_rescale": 3.9019588623742796},
{"mapping": [4, 10, 7, 1, 8, 3, 12, 11, 9, 2, 14, 5, 6, 15], "R": [[-0.00809986558360215, 0.2314620032969067, -0.9728102246621952], [-0.9970929002026483, -0.07557803618017606, -0.009680331224699301], [-0.07576371521381109, 0.9699037588734931, 0.23140129208815957]], "T": [0.037689677662819665, 0.031805666892528894, -0.05833316769083871], "aligned_model": [[0.37265609285834705, -0.5451168290985577, -0.14979853583897257, 0.6641936786775078, -0.28567431395801796, 0.1475846121188938, 0.06165890058082978, 0.03449232370645901, -0.4430609097931561, 0.6573540982730337, -0.5084973992867756, 0.26223960690526227, 0.6338764876477738, 0.08974702942309086], [0.39530635935630143, 0.33091228205318435, 0.6740057210337469, 0.34423479178594424, 0.5103574556752388, -0.15470192324622925, -0.5499807127365597, -0.6997127947868103, -0.18261918252819576, -0.13489807740771617, -0.29257838914758877, 0.5022518301900116, -0.18323231478448085, 0.06615965258984582], [-0.6019490804767038, 0.3047274905300912, 0.19428691842493093, 0.07575575615473465, -0.6244630596742011, -0.6191938225932775, 0.24221872476702247, -0.35322949621388877, -0.34703720800501225, -0.26090440616061283, 0.4132942534590184, 0.5892158404291938, 0.36288837259776774, -0.028789568283911035]], "inverted": false, "swapped": false, "error_lsq": 0.048303171918992346, "error_max": 0.29836326044530287, "target": "480.xyz", "model": "23.xyz", "model_rescale": 4.274766983524099, "target_rescale": 3.9019588623742796},
{"mapping": [12, 3, 11, 10, 2, 1, 8, 4, 5, 0, 13], "R": [[-0.6668517592773949, 0.3958062539385369, 0.6313843049140404], [-0.5375478303837067, -0.8422972763260522, -0.03971936987772964], [0.5160921053440106, -0.36588619492522073, 0.7744522136095487]], "T": [-0.0012170336599514608, -0.1146816477001476, -0.03570690639421386], "aligned_model": [[0.27859874943790813, 0.16143248837756902, -0.478290336453804, -0.4621701577760434, -0.43750189675804246, -0.5561055500138248, -0.04902607454953588, -0.026057643893166893, 0.5223511066419453, 0.38842524937884665, 0.038238769566223504], [0.1266847769133057, 0.5576556806030806, 0.5194074663558033, -0.34259245674373573, 0.4445691826757478, -0.24750162433105538, -0.6733209077137021, 0.11414723739750782, -0.10782292371260878, 0.5425318841617859, -0.01817178436264598], [-0.678008837014224, -0.2965409016657682, -0.523479518384985, -0.25517295468386075, 0.18690927234152005, 0.36422776613964103, 0.17780275550053032, 0.6685100877113271, 0.4470323848286313, 0.3167954995109236, -0.02850912026215811]], "inverted": true, "swapped": true, "error_lsq": 0.047129304314921745, "error_max": 0.3118650776422854, "target": "480.xyz", "model": "24.xyz", "model_rescale": 3.7841303162186577, "target_rescale": 3.9019588623742796},
{"mapping": [13, 9, 10, 11, 14, 12, 4, 5, 2, 3, 8, 7, 6, 15], "R": [[-0.8961705518704136, 0.10559993761602132, -0.4309605493960796], [-0.17746232030686565, -0.9755039959479962, 0.1299964567240029], [-0.4066761203114609, 0.1929782554200979, 0.8929579643541088]], "T": [0.00618285868446633, 0.08944749261202199, 0.12543852081233442], "aligned_model": [[0.4100777386003242, -0.4681835901615357, -0.15780634922089276, 0.664317448235032, -0.21453740422032708, -0.1122888361102165, 0.1714239333212911, 0.03478101117192903, -0.4770422017421997, 0.6066442491245155, -0.4582558041602217, 0.28711265831670696, 0.6359535699423671, 0.06945841911894528], [0.3059832975986391, 0.21837574929133635, 0.8449403454807614, 0.47649713694920864, 0.5662318942828797, -0.03787436498759496, -0.6347299510941287, -0.5777115076179516, -0.4352649497172236, -0.2986780746918419, -0.13900987594125191, 0.45483175570421075, -0.18045142473059828, 0.06236466752024748], [-0.5085813277788537, -0.1915704465134967, 0.2125774571842284, 0.04494626020144235, -0.46891672832505027, -0.6127521784910327, 0.19591376567496405, -0.4432615403184247, -0.11943577707894054, -0.24578452565569925, 0.4110286866927701, 0.5841087161198414, 0.3547197409373769, 0.13382861230602677]], "inverted": true, "swapped": false, "error_lsq": 0.04367339473566582, "error_max": 0.2916106602075472, "target": "480.xyz", "model": "25.xyz", "model_rescale": 4.19342608120988, "target_rescale": 3.9019588623742796},
{"mapping": [0, 4, 5, 12, 9, 3, 6, 11, 8, 2, 10, 13], "R": [[-0.980878815813161, 0.139514768728696, -0.13569221788868255], [-0.17157048400401004, -0.29075127099585474, 0.9412902142447488], [0.09187120173155991, 0.9465724101836446, 0.3091283787870754]], "T": [0.0868601868680477, 0.06711121438591036, -0.13989263005720623], "aligned_model": [[-0.19549625543919225, 0.47379797667182094, 0.077236757546188, -0.6132820558685994, -0.47411388862764464, -0.4664592906086132, -0.11672214109774204, -0.2019335551053169, 0.49001274665000205, 0.27422897197359586, 0.3235837946607055, 0.02695549387657653], [-0.6244469702578196, -0.5126544849758075, -0.6062785046617469, 0.30833649660558293, -0.15426287263808122, -0.036174752200336446, 0.4356485874383612, 0.5245414135622967, 0.10348552514103987, -0.007773120401422667, 0.5729699160902588, 0.009385194038655065], [0.2474454627027247, 0.11120928157276813, -0.37154223358214916, -0.11310463585681908, -0.5436678984664909, 0.3393737761195442, -0.6407847746549008, 0.6183592075862436, -0.582718584581135, 0.5756136318658314, -0.11429237055108288, -0.07663240094511285]], "inverted": false, "swapped": true, "error_lsq": 0.0429548911655847, "error_max": 0.21889916221921768, "target": "480.xyz", "model": "26.xyz", "model_rescale": 3.795458400668931, "target_rescale": 3.9019588623742796},
{"mapping": [8, 4, 1, 10, 11, 9, 5, 6, 0, 2, 12, 3, 13], "R": [[-0.6415929246162569, 0.7522217682102068, -0.15006975215901547], [0.545361214758479, 0.5849293689465048, 0.6003655376360306], [0.5393882317213776, 0.3033480587947678, -0.785519121795219]], "T": [-0.1303153951166772, -0.16297057142202148, -0.13784978872611692], "aligned_model": [[-0.10383371073015059, 0.45890182718658423, 0.4711513540211152, -0.06255317557218003, -0.0025267752582572023, -0.7432959308245662, -0.10984533008811402, -0.6799295584768317, 0.06441949302271785, 0.4638883308557129, -0.7026943374764835, -0.23128927493633072, -0.12271652890195986], [-0.7171610960293915, -0.34647775060102903, -0.3464312079622851, -0.1168533688340124, 0.727922688745362, -0.2484348307442748, -0.5436959713098877, -0.3383789832575054, 0.08529293139911237, 0.2790497937155189, 0.3053304271351938, 0.4801204250391739, -0.0984015540390607], [-0.36615109351682995, 0.27208858406890574, -0.43796659696960144, -0.6909030873249244, -0.3777858832058891, 0.24120639495212148, 0.4636791043806147, -0.4465805138043318, 0.6421836963701013, -0.07301257006466431, -0.09112811738478588, 0.21252853395237176, -0.05602178935366231]], "inverted": false, "swapped": true, "error_lsq": 0.04439083601509308, "error_max": 0.25469924133917254, "target": "480.xyz", "model": "27.xyz", "model_rescale": 3.6321398670334006, "target_rescale": 3.9019588623742796},
