[{"mapping": [3, 4, 0, 2, 12, 8, 10, 6, 1, 11, 9, 7, 13], "R": [[0.243417107951599, -0.7846255067257166, 0.5701849925698609], [-0.7459168087581705, 0.22432249812364857, 0.6271264077102742], [-0.6199646973566374, -0.5779638665444219, -0.5306614203053723]], "T": [0.046337466602408055, 0.22006500477945865, -0.08068047136571103], "aligned_model": [[0.04571587153603452, 0.11174017259564417, -0.7045451940902585, -0.38969490094149095, -0.23844515740319033, 0.5889311864033199, 0.057054567168291014, 0.4435289759265338, -0.1298195376264527, 0.5434585643291319, -0.45903127471702027, 0.05205785737323725, 0.06711296651470183], [0.10699204217732095, -0.7332067683713251, 0.30711852573382803, -0.2865900919068891, 0.5986820298794765, -0.26587795637880485, 0.37489222701209857, -0.2917901938172581, 0.7178684830339274, 0.3020001343383633, -0.0056719050822265915, -0.333081431473243, 0.13079906664550567], [-0.5909886376198691, -0.060689494055847545, -0.23562997585403062, -0.4607260381935765, 0.2519872507572872, 0.20221637442096096, 0.9149814188624985, -0.48662313329962503, -0.31349911392218166, 0.4022471521788771, 0.399307502012311, 0.4344804546232794, 0.05400372647449138]], "inverted": true, "swapped": false, "error_lsq": 0.053084653015900804, "error_max": 0.30157770169384923, "target": "481.xyz", "model": "0.xyz", "model_rescale": 3.8414455957264533, "target_rescale": 4.233001917817309},
{"mapping": [4, 11, 3, 1, 5, 13, 6, 0, 2, 9, 10, 12, 14], "R": [[-0.0802398241817493, 0.30280632894455445, 0.9496683093409006], [0.3292004343786909, -0.8912298384112232, 0.31198789901274443], [0.9408446442533238, 0.3376650741143174, -0.02817184948151863]], "T": [0.10544239215188626, 0.09567511535651926, 0.06840831676969356], "aligned_model": [[0.002793621639501087, 0.030634083939537135, -0.563895357699465, -0.419711132230508, -0.4203007601100584, 0.6689662393160217, -0.019055445704308963, 0.39393713507422773, 0.06873123321196166, 0.7098190684904754, -0.41209420348644027, -0.08300597070803468, 0.031245585335572132], [0.32328441733287117, -0.7487072596934111, 0.15021857939305652, -0.3853801632841741, 0.48144179797244624, -0.3955205990199353, 0.6689107422229987, -0.17406276542088403, 0.8224418532736261, 0.31209165792947047, 0.029042435442854037, -0.5100853045268309, 0.048458770168686285], [-0.41478364344314395, -0.019270208864686306, -0.3345667062712899, -0.42281208782422874, 0.16380742271765297, 0.1949572973853671, 0.5840907561098068, -0.5394811702976963, -0.054339909633157504, 0.2994978950551104, 0.5112370179093151, 0.4924732553171237, 0.050257568224401396]], "inverted": false, "swapped": false, "error_lsq": 0.04657211008916383, "error_max": 0.24863635268989695, "target": "481.xyz", "model": "1.xyz", "model_rescale": 4.316132596720782, "target_rescale": 4.233001917817309},
{"mapping": [10, 1, 11, 8, 6, 2, 9, 0, 5, 3, 7, 12], "R": [[-0.3812821615417686, 0.8938931770437994, 0.2357517790485996], [-0.6054344265745453, -0.43416635186225994, 0.6670447766297016], [0.6986222644665634, 0.11160003111630096, 0.7067335881691574]], "T": [-0.03524738929901854, -0.012235398505995582, -0.0018305531464394079], "aligned_model": [[-0.24684102249894313, 0.6396985074377358, 0.1589614011182317, -0.666146177970744, -0.6235583774703153, -0.3933433362054387, -0.2932187525205204, -0.12733765443168435, 0.5249226146986811, 0.13629904594782866, 0.5745924076144304, -0.08622010108748074], [-0.6135824662524252, -0.2862052152860331, -0.5005787072324897, 0.3882864620157045, -0.18292856386665535, -0.20080752413293307, 0.39066809115669004, 0.5892854244341951, -0.022491729872721848, -0.02880155902744829, 0.4730705649673471, 0.006861650837750291], [0.016512076143061737, 0.19100115943484577, -0.4255075527290751, -0.05513515602680046, -0.5607224150714977, 0.5513371299804676, -0.7054828322075283, 0.3773959655597284, -0.512093012460616, 0.6034743088885315, -0.0033822941037377832, -0.028138916197958774]], "inverted": true, "swapped": true, "error_lsq": 0.045438664974365, "error_max": 0.21940167511627937, "target": "481.xyz", "model": "2.xyz", "model_rescale": 3.795458400668931, "target_rescale": 4.233001917817309},
{"mapping": [7, 0, 3, 4, 5, 10, 2, 9, 8, 6, 1, 12], "R": [[-0.5072743435426229, -0.5505210860995472, -0.66302283078577], [0.13066757412347418, 0.7113304686686707, -0.6906047707743523], [0.8518208294330958, -0.4369616666292184, -0.28890444171131807]], "T": [0.012802097299912052, 0.06707409856286156, 0.017941163442817223], "aligned_model": [[-0.2128930945510856, -0.21820726666842263, -0.6023112933455947, 0.2133153103403759, 0.20814087063782188, 0.030391191026188258, -0.33307944255572086, 0.7943486340001669, 0.38860849609976533, 0.7570444328057788, -0.49329985256833814, 0.06124584052263019], [-0.08617224450970956, -0.6027246234968935, -0.038390495685731746, -0.06215177805639019, 0.4748116310379814, 0.48201082031764014, -0.1000317008017648, -0.16067249208010567, -0.5229036381508181, 0.1403339082363605, 0.5240139171516022, 0.0376457413275386], [-0.712131506017182, -0.09217248484345363, 0.09923894405253579, 0.7275982812231321, -0.5902169338798932, 0.5019295458121781, 0.5855926864884817, -0.2296946123952791, 0.2862474134533925, 0.3761902878763079, -0.30278038546361935, 0.03897019433249948]], "inverted": true, "swapped": true, "error_lsq": 0.04796215500339146, "error_max": 0.21521759095538362, "target": "481.xyz", "model": "3.xyz", "model_rescale": 3.7530521520055578, "target_rescale": 4.233001917817309},
{"mapping": [0, 9, 8, 6, 2, 11, 3, 7, 1, 10, 12], "R": [[0.682009709153861, -0.48407463197606315, -0.5482102765336535], [-0.33296694572920094, 0.46187546242932837, -0.8220730321920684], [0.6511495754983129, 0.7431976909833165, 0.15382269808267462]], "T": [-0.0916342807899915, -0.024300207006499572, 0.0411933555942828], "aligned_model": [[-0.3445807065272879, -0.13323616698437854, 0.1974264274544765, 0.4694135150752029, 0.3292702666843943, 0.011482822364275058, -0.2020380648288738, -0.8688308162999827, -0.48395226702072225, 0.42475594600656064, -0.061511353478459055], [-0.6743708431097531, 0.20215295498702904, -0.4211861999073688, 0.29146377767928755, -0.4665483148796184, 0.633036904403857, -0.41715391693044557, -0.07771132679774637, 0.21223684611138796, 0.21762437464168158, -0.032340897883964964], [-0.12477936395891875, -0.7779496261499276, -0.5246845805189264, -0.4814198527731948, 0.35270998822934113, 0.15509342771180418, 0.520331707422214, 0.017919734128417318, 0.6394678023053803, 0.32674587967800195, -0.010604338828874918]], "inverted": true, "swapped": true, "error_lsq": 0.06123500163724018, "error_max": 0.3457566358947704, "target": "481.xyz", "model": "4.xyz", "model_rescale": 3.7855080009869324, "target_rescale": 4.233001917817309},
{"mapping": [9, 8, 5, 10, 0, 13, 1, 15, 2, 12, 4, 6, 16], "R": [[-0.5690643759290189, 0.38301419425510996, -0.7276440496888741], [-0.020106242526813756, 0.878150601043911, 0.47796156843167903], [0.8220471245980785, 0.28662108939386594, -0.49202324747384074]], "T": [0.03060724746792094, 0.028272609791785887, 0.04700243548109531], "aligned_model": [[0.08158205152681149, 0.15243846098845654, -0.7558277643734767, -0.3091169095221756, -0.4777698033419106, 0.6066685285046355, -0.01002918564018784, 0.4504972686083204, 0.11627622961736424, 0.5811669124631045, -0.47232798498026424, -0.03712504224587963, 0.06163133546368356], [0.27366313379905777, -0.6385895856786238, 0.1511154543530987, -0.2910213283126442, 0.5720604141841336, -0.3656637155592892, 0.5401914384084892, -0.3363920997042771, 0.730786916038367, 0.29024880162378447, 0.039184034556594305, -0.4006997794814921, 0.05725047756357479], [-0.6194051570083934, -0.1421055802879853, -0.09973833018887432, -0.5130003790845253, 0.280072127471626, 0.24151518810834455, 0.6032323629403451, -0.561298580859271, -0.16494133676771244, 0.3491907760962615, 0.5891628145547044, 0.5343135211730415, 0.014070060237012905]], "inverted": true, "swapped": false, "error_lsq": 0.037237691464023656, "error_max": 0.2241148313639128, "target": "481.xyz", "model": "5.xyz", "model_rescale": 4.2253639853439635, "target_rescale": 4.233001917817309},
{"mapping": [2, 1, 3, 4, 7, 8, 12, 10, 6, 11, 0, 9, 13], "R": [[-0.5509712021315867, 0.6964624600235407, 0.45975077618165283], [0.26155754733857506, -0.3790381687661561, 0.8876472925935325], [0.7924761093256398, 0.6093193812741861, 0.026674102641696562]], "T": [0.0668138440040048, 0.007857153339006974, 0.016837261791452854], "aligned_model": [[0.0809344574509962, -0.06924068077120095, -0.4858822624388389, -0.3852171080732158, -0.45425104914532466, 0.6808139744610049, 0.03950484610382633, 0.4626438001696753, 0.02523156106182041, 0.5676558729916369, -0.594816182214069, 0.09874770915587541, 0.02193915831629612], [0.1878150932215611, -0.7091396939337424, 0.37256153442584106, -0.2679237426564256, 0.5232523226457446, -0.3608418608827216, 0.5559283211235673, -0.3723717655519028, 0.637275511201414, 0.5296346839430202, -0.1914827968499954, -0.3218202148847747, 0.03924676998918757], [-0.6293727351803831, -0.06133222872369162, -0.2371847865376871, -0.4527628105835882, 0.320564792004749, 0.19830282962569357, 0.7719637267931689, -0.5374704951721967, -0.10894593523508232, 0.3039944650260549, 0.4237425849219283, 0.5295647611738111, -0.009996681728202079]], "inverted": false, "swapped": false, "error_lsq": 0.034290559558926174, "error_max": 0.2539953271071998, "target": "481.xyz", "model": "6.xyz", "model_rescale": 3.89814844738969, "target_rescale": 4.233001917817309},
{"mapping": [10, 7, 2, 4, 1, 8, 6, 11, 5, 9, 0, 3, 12], "R": [[-0.637633385424375, 0.11515147430587405, 0.7616848454298104], [-0.3839407441609588, 0.809699146534954, -0.44382068121449253], [-0.667842175042412, -0.5754367298545955, -0.47207986524408097]], "T": [-0.027910495533068205, -0.0508947856133164, 0.0237942374145355], "aligned_model": [[0.05733616333942074, -0.12464408479824138, -0.5266731329101374, -0.2972279728622398, -0.5605973020819259, 0.5804810934374867, 0.1648799653016388, 0.5623790617532671, 0.026090614586560066, 0.6436980383755231, -0.49625572789550193, 0.01035501586456192, -0.05175763504193007], [0.39478697128008977, -0.6969725261887136, 0.28140937147175205, -0.2950548704474233, 0.5391548878464975, -0.23351350998422438, 0.2304161314135424, -0.35760423667348434, 0.7127710352847041, 0.5325770611323528, -0.0913011696072136, -0.4112486251572799, 0.01671364142017414], [-0.5532711330380767, 0.09088257758495846, -0.35350885462370724, -0.5085118190634335, 0.3116879000967618, 0.2565964029838435, 0.6078078136269617, -0.43753852796429876, 0.15214920663204656, -0.05650806810009269, 0.3843915958688432, 0.7456410339256181, -0.12875064154484983]], "inverted": false, "swapped": false, "error_lsq": 0.05607345009855254, "error_max": 0.3493137527779935, "target": "481.xyz", "model": "7.xyz", "model_rescale": 3.7474275329858107, "target_rescale": 4.233001917817309},
{"mapping": [3, 4, 9, 8, 7, 1, 10, 2, 6, 0, 11, 12, 14], "R": [[-0.07384893938952225, 0.18716870718910272, -0.9795479616640537], [-0.9745054622989954, -0.22221051240169445, 0.03100954897442909], [-0.21186183729134367, 0.9568648615281764, 0.19880693818928932]], "T": [-0.009218452756714231, -0.014812144739779425, 0.09528656249272503], "aligned_model": [[0.2522406167613728, -0.14443344386293458, -0.7540490678011639, -0.24887005981176896, -0.4426024263030101, 0.7094598394864239, -0.013433351692441, 0.44580359720204743, 0.09915823887794273, 0.5214397279773906, -0.4945162745545166, 0.0472472458096638, 0.010619454979475758], [0.32398201930233717, -0.6925713484173615, 0.05555138979031043, -0.2042119972607972, 0.5029108132716384, -0.23136400232483606, 0.5035405958754026, -0.46346561594696767, 0.7819450238374074, 0.3743729487033476, -0.0033054837368773522, -0.25493872982773125, -0.07031145147509918], [-0.48003265877695533, -0.27157201224146343, -0.04829884062798885, -0.5145536780272579, 0.18483488545384016, 0.13281821959443557, 0.648961585057364, -0.4526682647283816, -0.04743906740231195, 0.12919962617910008, 0.4836595488096671, 0.6607894067108289, 0.08536873638369796]], "inverted": false, "swapped": false, "error_lsq": 0.04747051794535224, "error_max": 0.2806406651892738, "target": "481.xyz", "model": "8.xyz", "model_rescale": 4.019505241142653, "target_rescale": 4.233001917817309},
{"mapping": [1, 8, 0, 7, 3, 11, 5, 9, 2, 6, 4, 5, 12], "R": [[-0.03805196919572229, -0.9403616762647526, -0.33804136648178573], [0.16889774096671387, -0.33947166978686916, 0.9253283409192956], [-0.9848987768987577, -0.02188385762748485, 0.17174252833433934]], "T": [0.12317592853462216, 0.10990968182547659, -0.06517494057651393], "aligned_model": [[0.18063387774857972, 0.027681936186418996, -0.4819528328814186, -0.53214452547515, -0.44051201387321987, 0.49919896700170824, 0.08993353513039036, 0.39142756437779996, -0.03127366120104243, 0.6726058415021596, -0.6050078501170117, 0.08993353513039036, 0.1275397235388772], [0.32699730733801713, -0.557995822864762, 0.2093420756881491, -0.4137902029413052, 0.48173307865396864, -0.2989844039873151, 0.09090821479820275, -0.4002644859396808, 0.6732043393836274, 0.47412538047172526, -0.14859362963068248, 0.09090821479820275, 0.09454409602262592], [-0.7022595888706082, -0.034842357172178956, -0.28099537341112035, -0.4055828184632957, 0.46629855160978717, 0.21529221458125344, 0.6049434121594242, -0.43273913883721393, 0.028721892243282462, 0.24066085452112765, 0.23568897171266304, 0.6049434121594242, -0.029062545847970453]], "inverted": true, "swapped": false, "error_lsq": 0.0662421015455924, "error_max": 0.4302912521557631, "target": "481.xyz", "model": "9.xyz", "model_rescale": 3.877068213659057, "target_rescale": 4.233001917817309},
{"mapping": [11, 1, 12, 0, 6, 7, 13, 8, 10, 14, 3, 4, 15], "R": [[0.9261834842029814, -0.31159187333450833, -0.2123550283405545], [-0.36737524467011407, -0.6187600232886923, -0.6943856732273148], [0.0849681304560703, 0.7211425227038473, -0.687556454958523]], "T": [0.034861573617079054, 0.07513248423895888, 0.10598138461514854], "aligned_model": [[-0.009574682010990536, -0.08898954322251951, -0.6147736502955771, -0.2688648579547804, -0.3606267630208502, 0.4854733768177111, 0.15364815475232285, 0.5184907847036644, 0.08549591536305647, 0.45931594709827833, -0.441367961694025, 0.0728705327661931, -0.003033156234001737], [0.26632553783315005, -0.7624111294091689, 0.18604493941715736, -0.25610824874688165, 0.523754717394564, -0.6010985544331089, 0.46051490840100473, -0.2259160063218684, 0.7152204034472032, 0.7099571767464915, -0.04280567348167462, -0.3924161385000805, 0.04107222944398572], [-0.6054438832147127, -0.0839875767923789, -0.2459670758898338, -0.5511303769668657, 0.2564195533978404, 0.18309918132628233, 0.7655332258322407, -0.4143987921046343, -0.1955719250657268, 0.26833175034921447, 0.5085448744885572, 0.5938792060329114, 0.031759324991679855]], "inverted": true, "swapped": false, "error_lsq": 0.03711312571558728, "error_max": 0.28827524950082667, "target": "481.xyz", "model": "10.xyz", "model_rescale": 4.260839863003843, "target_rescale": 4.233001917817309},
{"mapping": [1, 10, 6, 11, 9, 5, 7, 3, 4, 8, 0, 12], "R": [[0.7075439960823378, 0.29994768005308514, 0.6398537980184297], [-0.6852554261848012, 0.07000903166209163, 0.7249301596498956], [0.172645574782917, -0.9513832690963766, 0.25507524535197046]], "T": [0.08146600998976536, 0.023112324327007758, -0.05194939132779469], "aligned_model": [[0.40724210862528387, 0.14712310227800032, -0.5315175816212437, -0.24039931283959784, -0.6996890351851192, -0.3336585914418667, 0.10697245043839018, 0.7024334043933645, 0.11242080615698849, -0.11768185015921376, 0.36009054824808207, 0.045562600201062384], [0.12721631048677104, -0.6028109589014252, -0.43927341682454885, -0.32224853568231854, 0.21607701329485052, 0.2702286349300553, 0.7460385257708451, 0.11867264116589464, -0.5260334442422383, 0.05643156538292869, 0.5153994959382936, 0.013380674213826198], [-0.7233864971156478, -0.15507942231789162, 0.26119056400429125, -0.5344709263520713, 0.22476056559815705, -0.635788836224596, -0.3420459144780205, -0.08888601349001993, 0.4559864570475943, 0.6695229788742718, 0.38866651533031543, -0.00429139348087787]], "inverted": true, "swapped": true, "error_lsq": 0.05400015560453609, "error_max": 0.3281711316465535, "target": "481.xyz", "model": "11.xyz", "model_rescale": 3.890672605050136, "target_rescale": 4.233001917817309},
{"mapping": [5, 10, 7, 12, 3, 11, 0, 9, 8, 6, 4, 2, 13], "R": [[0.7607878428939827, -0.24727717278687, 0.6000465464638999], [0.009719204878191674, 0.9288073082324881, 0.37043558310515373], [-0.6489278813252334, -0.27599091288021066, 0.7090286459983769]], "T": [0.156176936789734, 0.09525992866516383, 0.10823712447078139], "aligned_model": [[0.04304938181505541, -0.10365703195717324, -0.5417557130516862, -0.2628991258240489, -0.5726951848727472, 0.466315215167621, -0.004003576767379613, 0.5765975972341372, 0.06089832044496654, 0.6710934898612798, -0.397777568911284, 0.05706512630181815, -0.004166832372077434], [0.2350291145608627, -0.7584312090236461, 0.2661494843607404, -0.2939031273700621, 0.6032532887545267, -0.34399612121687173, 0.4309766542607426, -0.14322561184515478, 0.795045952453746, 0.3531516045099313, -0.1381207898639915, -0.4522950053091447, 0.06849992751909473], [-0.648491963654265, 0.05133146078623875, -0.35073013614363685, -0.3693186485092184, 0.3607273864025779, 0.22498700593574472, 0.5668557274288143, -0.5018378965392533, -0.03463537818709615, 0.12851447253340098, 0.46841054056016634, 0.5508708070672214, 0.06438410870387937]], "inverted": true, "swapped": false, "error_lsq": 0.041144036978183474, "error_max": 0.21456555665842506, "target": "481.xyz", "model": "12.xyz", "model_rescale": 4.124412569039231, "target_rescale": 4.233001917817309},
{"mapping": [9, 1, 3, 6, 5, 2, 5, 8, 7, 10, 0, 4, 12], "R": [[-0.8078984172195678, -0.47028028781759956, 0.3551571459851439], [-0.1141193871180938, 0.7160908619679474, 0.6886150179089857], [-0.578166855620337, 0.5158006672118579, -0.6321967721887658]], "T": [-0.05135620422539779, 0.07054706886027028, -0.03169081519283598], "aligned_model": [[0.03717491869463987, -0.09133386207014021, -0.6904354778426149, -0.2245563159951202, -0.19064189989757974, 0.6217445375949652, -0.19064189989757974, 0.39088223806045624, 0.03693586003445374, 0.5994185601475975, -0.5074164698977135, 0.13679228206555283, 0.06014162607156479], [0.34178718206192477, -0.7425850656259525, 0.14457880877354784, -0.29963035645128333, 0.5106593134025652, -0.42137197294241024, 0.5106593134025652, -0.2894039775369602, 0.6911952932493061, 0.33640486296622746, -0.04714094706656331, -0.18472446889146066, 0.07170617644926744], [-0.60373304550915, -0.02262342042583701, -0.33966867037763604, -0.5613918722587476, 0.5688477649644024, 0.18590183477891833, 0.5688477649644024, -0.46730133533733687, -0.02286089630785379, 0.19285653319030077, 0.30731649796740756, 0.6878318355067906, 0.017044495228913915]], "inverted": true, "swapped": false, "error_lsq": 0.05264699558609046, "error_max": 0.4354992326320893, "target": "481.xyz", "model": "13.xyz", "model_rescale": 3.9028299243045295, "target_rescale": 4.233001917817309},
{"mapping": [5, 3, 10, 4, 14, 2, 11, 0, 13, 12, 9, 6, 15], "R": [[-0.4512348725325124, -0.043498631410923916, 0.891344467013704], [-0.749094217389995, -0.5243895861904826, -0.4048128152218572], [0.4850205596502465, -0.8503666450186951, 0.20403829482773744]], "T": [0.08146329497045032, -0.010981970916512145, 0.037479177618973444], "aligned_model": [[0.15204246205676927, -0.0077403331852684, -0.5661875698887211, -0.20146679587775898, -0.43197806033729913, 0.7253552155419833, 0.03815002046571267, 0.4114220564302282, -0.02193546437938179, 0.4509380549060663, -0.49447675096681887, -0.04959378213984714, -0.016464955557182], [0.2695469589748632, -0.6204594438573807, 0.23771069663509836, -0.22638091561156315, 0.6458101096945771, -0.35258485077018425, 0.38220947808224515, -0.5118016496810422, 0.7409128681960824, 0.5666736435015168, -0.03037209581638544, -0.44912470997187137, -0.030005927585182272], [-0.3849233961451479, -0.05879837916151476, -0.23464747745583847, -0.5395105382335632, 0.33421608177693396, 0.1416925964006483, 0.6614832906053072, -0.5348173140205011, -0.20045820758140936, 0.15598099981059435, 0.5559023088600532, 0.5225186038531818, 0.092428917675831]], "inverted": true, "swapped": false, "error_lsq": 0.049983682944774586, "error_max": 0.278740648355589, "target": "481.xyz", "model": "14.xyz", "model_rescale": 3.942246331269136, "target_rescale": 4.233001917817309},
{"mapping": [12, 4, 5, 3, 2, 11, 7, 13, 0, 8, 9, 6, 14], "R": [[0.508271120278497, -0.08958915035613349, -0.8565245194559862], [0.8530840592563518, -0.08382047862051854, 0.5149968108702547], [-0.11793242189299491, -0.9924454199109862, 0.03382354748040725]], "T": [-0.04114725309256421, -0.05829909532764362, 0.016121174884415328], "aligned_model": [[0.20968525194166468, -0.024090309525890564, -0.6336838549592296, -0.4021822692007196, -0.4580457614428087, 0.5338964592095335, -0.0392625297592181, 0.5498002389700992, 0.02340781035374353, 0.5810522078589074, -0.484860442749314, 0.18051612917383333, -0.048168832802119206], [0.15629157404126634, -0.597287217173416, 0.13863979398678866, -0.2159585900777813, 0.5512227690803733, -0.4313114133208517, 0.4839686671998393, -0.32198128367499695, 0.6739684794177718, 0.3281283305454253, -0.1028183110840929, -0.07508060788499255, 0.03435197073544017], [-0.7316155148672682, -0.21380238221214426, -0.09743501170626273, -0.5849987227729173, 0.2093222338447705, 0.22659104024215765, 0.6771216511856307, -0.4759993506766667, 0.03440574838691151, 0.2658862677468957, 0.6864188333059749, 0.52932007895274, -0.014147385045247079]], "inverted": true, "swapped": false, "error_lsq": 0.04372668665602398, "error_max": 0.28823333276228313, "target": "481.xyz", "model": "15.xyz", "model_rescale": 4.355366556412066, "target_rescale": 4.233001917817309},
{"mapping": [10, 1, 11, 8, 6, 2, 9, 0, 5, 3, 7, 12], "R": [[-0.3812821615417686, 0.8938931770437994, 0.2357517790485996], [-0.6054344265745453, -0.43416635186225994, 0.6670447766297016], [0.6986222644665634, 0.11160003111630096, 0.7067335881691574]], "T": [-0.03524738929901854, -0.012235398505995582, -0.0018305531464394079], "aligned_model": [[-0.24684102249894313, 0.6396985074377358, 0.1589614011182317, -0.666146177970744, -0.6235583774703153, -0.3933433362054387, -0.2932187525205204, -0.12733765443168435, 0.5249226146986811, 0.13629904594782866, 0.5745924076144304, -0.08622010108748074], [-0.6135824662524252, -0.2862052152860331, -0.5005787072324897, 0.3882864620157045, -0.18292856386665535, -0.20080752413293307, 0.39066809115669004, 0.5892854244341951, -0.022491729872721848, -0.02880155902744829, 0.4730705649673471, 0.006861650837750291], [0.016512076143061737, 0.19100115943484577, -0.4255075527290751, -0.05513515602680046, -0.5607224150714977, 0.5513371299804676, -0.7054828322075283, 0.3773959655597284, -0.512093012460616, 0.6034743088885315, -0.0033822941037377832, -0.028138916197958774]], "inverted": true, "swapped": true, "error_lsq": 0.045438664974365, "error_max": 0.21940167511627937, "target": "481.xyz", "model": "16.xyz", "model_rescale": 3.795458400668931, "target_rescale": 4.233001917817309},
{"mapping": [10, 7, 2, 4, 1, 8, 6, 11, 5, 9, 0, 3, 12], "R": [[-0.637633385424375, 0.11515147430587405, 0.7616848454298104], [-0.3839407441609588, 0.809699146534954, -0.44382068121449253], [-0.667842175042412, -0.5754367298545955, -0.47207986524408097]], "T": [-0.027910495533068205, -0.0508947856133164, 0.0237942374145355], "aligned_model": [[0.05733616333942074, -0.12464408479824138, -0.5266731329101374, -0.2972279728622398, -0.5605973020819259, 0.5804810934374867, 0.1648799653016388, 0.5623790617532671, 0.026090614586560066, 0.6436980383755231, -0.49625572789550193, 0.01035501586456192, -0.05175763504193007], [0.39478697128008977, -0.6969725261887136, 0.28140937147175205, -0.2950548704474233, 0.5391548878464975, -0.23351350998422438, 0.2304161314135424, -0.35760423667348434, 0.7127710352847041, 0.5325770611323528, -0.0913011696072136, -0.4112486251572799, 0.01671364142017414], [-0.5532711330380767, 0.09088257758495846, -0.35350885462370724, -0.5085118190634335, 0.3116879000967618, 0.2565964029838435, 0.6078078136269617, -0.43753852796429876, 0.15214920663204656, -0.05650806810009269, 0.3843915958688432, 0.7456410339256181, -0.12875064154484983]], "inverted": false, "swapped": false, "error_lsq": 0.05607345009855254, "error_max": 0.3493137527779935, "target": "481.xyz", "model": "17.xyz", "model_rescale": 3.7474275329858107, "target_rescale": 4.233001917817309},
{"mapping": [7, 3, 2, 1, 6, 10, 4, 11, 9, 5, 0, 8, 13], "R": [[0.8486931004744018, -0.06765696008908612, -0.524540329201341], [-0.5282831965769184, -0.06111972206508935, -0.8468655405606959], [0.025236588945820912, 0.9958347831473805, -0.08761392156609382]], "T": [0.060321749568949375, 0.04373558004856125, -0.031676826022699875], "aligned_model": [[0.0769787742800922, 0.10208949972507464, -0.5830792139300921, -0.3659314626857248, -0.37052535757868205, 0.6699121138903532, -0.04198662679245401, 0.36675169308146877, 0.09141845909888274, 0.6036930193985105, -0.644990762801218, 0.12489530683076619, -0.04116134544849554], [0.26884217006018074, -0.6315739549188786, 0.2773993554540404, -0.3850616589948809, 0.6304147366541233, -0.24634499051033543, 0.38935618190068666, -0.3598408575387763, 0.7118863375295663, 0.31186379463895664, -0.11559487216879501, -0.29755850193418676, 0.06834642161907235], [-0.7503344974472872, 0.02125396216517885, -0.21947768875087142, -0.36777137171032276, 0.22362133089864533, 0.11217108245768044, 0.7161902863189741, -0.5464227930290304, -0.013463485031949642, 0.3633862832834856, 0.38819274619129673, 0.5977698012022048, -0.014048170163429598]], "inverted": true, "swapped": false, "error_lsq": 0.04628922665218926, "error_max": 0.25922035576907004, "target": "481.xyz", "model": "18.xyz", "model_rescale": 3.922800546911778, "target_rescale": 4.233001917817309},
{"mapping": [9, 12, 11, 7, 4, 5, 6, 3, 10, 1, 13, 8, 14], "R": [[-0.4627612833694536, 0.3002565766836385, -0.834085117222744], [0.6238706517183388, -0.5581391122373656, -0.547052229056258], [-0.6297915564206872, -0.7735158172585146, 0.07096390569931194]], "T": [0.09942566488878289, 0.042406367388608195, 0.07586577639931436], "aligned_model": [[0.0321511919080814, 0.0022645679560430038, -0.5285508072829718, -0.3145775404150451, -0.4238338300404797, 0.5950120660574432, 0.13063877030445115, 0.3084190257074388, -0.1297403278987348, 0.7175869208293202, -0.5222361607998431, 0.062297576644847724, 0.058632644097930786], [0.3685118543157467, -0.7305808272018923, 0.2483698570273126, -0.28089812597110103, 0.43802532507696135, -0.4953536408008437, 0.5341917579901482, -0.2825099797417364, 0.7992205496858648, 0.3555543224274296, -0.21329816779962346, -0.13163467053075853, 0.012535907313265687], [-0.6670154675395581, -0.03213682916392008, -0.18959270265790007, -0.5260366821687111, 0.38172894903720983, 0.29436523350273913, 0.5585050242380211, -0.4339384861233735, -0.08324389799778908, 0.33624635141378706, 0.21716514648226984, 0.6612903028798155, -0.006269455518015762]], "inverted": false, "swapped": false, "error_lsq": 0.043786298541533236, "error_max": 0.26902989947716327, "target": "481.xyz", "model": "19.xyz", "model_rescale": 3.9282355846067225, "target_rescale": 4.233001917817309},
{"mapping": [7, 10, 1, 2, 3, 9, 4, 12, 6, 8, 0, 11, 13], "R": [[0.22124675826619952, 0.8345318194804777, 0.5045854875353648], [-0.14469004697662532, 0.5397717159030184, -0.8292835974604911], [-0.9644245238807443, 0.11046780972625023, 0.2401711905114457]], "T": [0.0508492436652053, 0.16006406706779236, -0.018226829628096262], "aligned_model": [[0.2520003093914055, -0.15223272847673072, -0.6876272134666377, -0.44619399208050764, -0.5114764973179453, 0.6321200439764734, 0.03623362454124404, 0.5662553775420884, 0.09921093221840435, 0.6462375053994609, -0.4662081646545107, 0.10522771992695445, -0.08548281993121748], [0.1652723093757677, -0.6700829058930129, 0.033791272964183106, -0.14410059770545874, 0.559118843417147, -0.18472324286928932, 0.34667346248346453, -0.40338837491600116, 0.7934243436696431, 0.43107342772511115, -0.09731121577209656, -0.2844363042424319, 0.07682314355374792], [-0.6078104957424978, -0.12707564618766856, -0.03266636001801842, -0.6005910531709624, 0.28326963078574396, 0.12898320009010475, 0.5853716811056802, -0.39195428119159864, -0.17106648796380097, 0.36995910952137717, 0.535493847682788, 0.5410812898824986, -0.0019269484090714724]], "inverted": false, "swapped": false, "error_lsq": 0.044486910496861085, "error_max": 0.2922768440174128, "target": "481.xyz", "model": "20.xyz", "model_rescale": 4.067790424073018, "target_rescale": 4.233001917817309},
{"mapping": [11, 5, 10, 13, 9, 4, 7, 6, 12, 0, 1, 8, 14], "R": [[0.3110751211573895, 0.699881887548764, 0.6429600395655201], [-0.9479041970554707, 0.277336515852065, 0.15672297272468216], [-0.0686287272324031, -0.6582171377715844, 0.7496934689206275]], "T": [0.14517501607721817, 0.04031300663004517, -0.013164611374346373], "aligned_model": [[0.01098697439591606, -0.020070111090875586, -0.6134078970901772, -0.3900882863248676, -0.41892327105988525, 0.622586128397549, -0.03356614145113457, 0.5387781932934143, -0.0005336039438592621, 0.5735471363950925, -0.5348321743260025, 0.17462219807556134, 0.07896495179775126], [0.25559940451129676, -0.5149171520013869, 0.24726501024885872, -0.24591505830040594, 0.5209121532035821, -0.5765059627641551, 0.27799350958530444, -0.30980959917925455, 0.7667479190450435, 0.4192647560668471, -0.08765149655093485, -0.20657083112990027, 0.0757215090558788], [-0.6078725988238177, 0.10032388914972148, -0.24340286536854117, -0.3620058317382545, 0.22107347739574335, 0.17145793211593346, 0.6711040013276729, -0.5328256571359017, -0.2082932432402388, 0.4079659237974872, 0.4278800668662847, 0.5000109247244928, -0.034348532686007384]], "inverted": true, "swapped": false, "error_lsq": 0.04301031738150191, "error_max": 0.3134986150774676, "target": "481.xyz", "model": "21.xyz", "model_rescale": 4.186013935880536, "target_rescale": 4.233001917817309},
{"mapping": [3, 0, 4, 6, 10, 2, 9, 5, 11, 8, 7, 1, 12], "R": [[-0.769114575673363, -0.5075849983719372, 0.3883558148329226], [-0.11188578935764454, -0.491330521956977, -0.8637568456072005], [0.6292410822781674, -0.7077794766883574, 0.32109791770136953]], "T": [0.01747217013243389, 0.058697608444173696, 0.07087936096287537], "aligned_model": [[-0.04767351043809802, 0.051507806340020904, -0.5535384873632624, -0.32310169056806, -0.5620023344018727, 0.6918756513430561, 0.07597350945117658, 0.5278032977378054, 0.17555086753850477, 0.6476235417562974, -0.6416772463968782, -0.05900086801989045, 0.004723560089682426], [0.08885027414775291, -0.6593819927077319, 0.4011579157818782, -0.19828515061355578, 0.5316054336900016, -0.2332457446078569, 0.35133574310667903, -0.19648693403353612, 0.6192770635413329, 0.4219378158101014, -0.12921692053098593, -0.4498287832755914, 0.07441544148228535], [-0.8495474486154628, 0.00022737667484454271, -0.21943756188690147, -0.28664288445946484, 0.44083465563217283, 0.1691047446715824, 0.6152976520566765, -0.4515972084565846, -0.17351331212948853, 0.31302380400656205, 0.3326691934047876, 0.5911446964337052, 0.029503779052145795]], "inverted": true, "swapped": false, "error_lsq": 0.05446075551251099, "error_max": 0.313657047131356, "target": "481.xyz", "model": "22.xyz", "model_rescale": 4.166573947596378, "target_rescale": 4.233001917817309},
{"mapping": [8, 1, 3, 4, 11, 5, 12, 7, 9, 14, 2, 6, 15], "R": [[-0.4037263998548392, 0.5944857215967787, 0.6954075933420686], [0.6138174140729695, -0.38762712866890187, 0.6877306095417562], [0.6784048763393608, 0.704508293732203, -0.20841038319027366]], "T": [0.05721320342467932, 0.09992184893482214, 0.012605391411673293], "aligned_model": [[-0.036508671708600816, -0.06573804675882991, -0.49789053239881303, -0.41220668129514887, -0.42426722384163407, 0.5993954735361262, 0.07108495980470558, 0.5770168846701054, 0.017723694059584662, 0.5982002356163452, -0.4887865878810253, -0.014036140242909688, 0.06407673350857641], [0.21390280484008128, -0.5980072309890804, 0.2736072168384935, -0.226998044354895, 0.6111699751769434, -0.5193660854479843, 0.3453749482343591, -0.20191897418250704, 0.6694862838708362, 0.5840572624807099, -0.22173465608984733, -0.33957613633613515, 0.03213679774979951], [-0.7825698672788944, 0.08926731378535557, -0.13944686101173867, -0.44850399752511355, 0.3716252780471802, 0.1291507538505981, 0.6200111089089667, -0.37480382132567563, -0.17309894183937743, 0.3271267667925074, 0.23894707970292334, 0.6297542259212842, 0.023608448356558388]], "inverted": false, "swapped": false, "error_lsq": 0.04477546704687006, "error_max": 0.25006338290963115, "target": "481.xyz", "model": "23.xyz", "model_rescale": 4.274766983524099, "target_rescale": 4.233001917817309},
{"mapping": [9, 11, 6, 8, 10, 2, 0, 3, 7, 1, 12], "R": [[0.8036690833135033, -0.5389108102307609, -0.2523710425989055], [-0.16292264642018423, -0.6071587244913776, 0.7776982027479858], [-0.5723392488808342, -0.583895043556998, -0.5757554709250225]], "T": [-0.02185150546597566, 0.11079681480269887, 0.06085716416448785], "aligned_model": [[0.15632631011749928, 0.07403949054289527, -0.4118847132776034, -0.3708242447175818, -0.4602607336003497, -0.5834190002002102, 0.03081435679991785, -0.07890238199382008, 0.6998626902210098, 0.3726663206466498, -0.048523390580331574], [-0.061875560212675706, 0.7546954415553214, 0.2919877363258361, -0.4099954284923979, 0.5709356878969137, -0.033112433361179416, -0.5860951841388649, -0.046391873971940584, -0.13490155134932663, 0.4818375902337522, 0.08850210675804485], [-0.7530493986503389, -0.11774271483639334, -0.6481209988220428, -0.34936946780172057, 0.11373607963590734, 0.42653286278428976, 0.2211335461297342, 0.6675972293754583, 0.2226897832384482, 0.5847654779486756, 0.011394035019559247]], "inverted": false, "swapped": true, "error_lsq": 0.05979894747824532, "error_max": 0.3106988068276276, "target": "481.xyz", "model": "24.xyz", "model_rescale": 3.7841303162186577, "target_rescale": 4.233001917817309},
{"mapping": [9, 0, 2, 8, 5, 7, 3, 10, 12, 13, 4, 6, 15], "R": [[0.49163025536910754, 0.8492008322633594, 0.19276316683672645], [-0.43530953994678534, 0.047947013131013023, 0.8990031637114146], [0.7541918167396303, -0.5258888004274591, 0.39323742592477606]], "T": [0.071456265806368, -0.0452556705286437, -0.024306096123005147], "aligned_model": [[0.023547504590378174, 0.019112721385128068, -0.5722358505146792, -0.37242380947096265, -0.4329107977055483, 0.4563686255099262, 0.036899867238220835, 0.6612620932783478, 0.0070979564738824635, 0.5258558989623476, -0.5113641471407723, 0.07319854216840949, 0.07365549229380355], [0.25295807180299884, -0.7662976076925742, 0.277992686462209, -0.29046305178718956, 0.6153015382875486, -0.5549178013490516, 0.374445401077439, -0.24149026274689356, 0.7045326498425731, 0.5467929416281828, -0.009534016834517232, -0.23713324980197845, -0.05005313709797302], [-0.5252192852181112, -0.1610124513516532, -0.24783235188743957, -0.3281178842204725, 0.2560807519441092, 0.09772893104255585, 0.6624680686821774, -0.4921481378146735, -0.11836665684273164, 0.2102134371827032, 0.44018144145775356, 0.6722614966404769, 0.044830126769880074]], "inverted": false, "swapped": false, "error_lsq": 0.03743345030845949, "error_max": 0.20466221403924903, "target": "481.xyz", "model": "25.xyz", "model_rescale": 4.19342608120988, "target_rescale": 4.233001917817309},
{"mapping": [10, 1, 11, 8, 6, 2, 9, 0, 5, 3, 7, 12], "R": [[-0.3812821615417686, 0.8938931770437994, 0.2357517790485996], [-0.6054344265745453, -0.43416635186225994, 0.6670447766297016], [0.6986222644665634, 0.11160003111630096, 0.7067335881691574]], "T": [-0.03524738929901854, -0.012235398505995582, -0.0018305531464394079], "aligned_model": [[-0.24684102249894313, 0.6396985074377358, 0.1589614011182317, -0.666146177970744, -0.6235583774703153, -0.3933433362054387, -0.2932187525205204, -0.12733765443168435, 0.5249226146986811, 0.13629904594782866, 0.5745924076144304, -0.08622010108748074], [-0.6135824662524252, -0.2862052152860331, -0.5005787072324897, 0.3882864620157045, -0.18292856386665535, -0.20080752413293307, 0.39066809115669004, 0.5892854244341951, -0.022491729872721848, -0.02880155902744829, 0.4730705649673471, 0.006861650837750291], [0.016512076143061737, 0.19100115943484577, -0.4255075527290751, -0.05513515602680046, -0.5607224150714977, 0.5513371299804676, -0.7054828322075283, 0.3773959655597284, -0.512093012460616, 0.6034743088885315, -0.0033822941037377832, -0.028138916197958774]], "inverted": true, "swapped": true, "error_lsq": 0.045438664974365, "error_max": 0.21940167511627937, "target": "481.xyz", "model": "26.xyz", "model_rescale": 3.795458400668931, "target_rescale": 4.233001917817309},
{"mapping": [11, 3, 10, 4, 5, 2, 6, 9, 8, 1, 7, 0, 12], "R": [[0.9649936716999734, -0.18749801545722536, 0.18338949745993216], [-0.18171035296932422, 0.026255295530137238, 0.9830015295412257], [-0.1891257814333307, -0.9819140255929882, -0.008734136534585225]], "T": [0.09292595270309799, 0.08497983868028974, -0.046405898227406775], "aligned_model": [[-0.045067168099640356, -0.12808539623955856, -0.593038420210347, -0.30108285055544054, -0.43272232786432585, 0.7223309043521599, 0.08293300426053316, 0.3670258400133898, 0.14946699244773926, 0.5688944789223747, -0.561490856539872, 0.18735405707017977, -0.028454160488709995], [0.3633600230882665, -0.6095655231877157, 0.06313227049582938, -0.2833441466787712, 0.5231217426998351, -0.4911849120453842, 0.591109379677492, -0.17011659565113318, 0.8112949605154107, 0.2922472196655608, -0.1399072730444223, -0.3936190856299227, 0.06560610188572832], [-0.6906395229889805, 0.07122608209276818, -0.2378791114117101, -0.6851215528035083, 0.26757821754737704, 0.16973873103750642, 0.6054529732986712, -0.25657095498824817, -0.04180538473424193, 0.23793081304882896, 0.37947263538256915, 0.6268693759715357, 0.06481518493200693]], "inverted": false, "swapped": false, "error_lsq": 0.048425313562337244, "error_max": 0.31095938125664574, "target": "481.xyz", "model": "27.xyz", "model_rescale": 3.6321398670334006, "target_rescale": 4.233001917817309},
{"mapping": [0, 7, 5, 3, 2, 12, 13, 8, 11, 9, 1, 4, 14], "R": [[-0.5724827121470705, -0.7386632072845715, 0.35586543875010507], [0.5243857424071064, 0.003801198493395941, 0.851472338981227], [-0.6303040039955975, 0.6740639562341871, 0.3851683339178257]], "T": [0.1184364788205041, 0.04729373384220035, -0.0045183782554822916], "aligned_model": [[-0.1254287660699055, 0.15056938208423581, -0.7042576009470026, -0.33200729956890107, -0.46731165079313175, 0.7627617467156482, 0.12442614792602262, 0.3973853748430164, 0.10478659842631739, 0.6572735584031821, -0.4766063138682437, -0.1884506815185808, 0.08492360143582497], [0.30642084571758943, -0.7249280540216052, 0.23609803889996436, -0.32949184548701616, 0.5676739550510974, -0.4483460090909632, 0.5339629274254005, -0.21503390345277354, 0.689411685568947, 0.38565443144773126, 0.0030501409627324075, -0.4549736729448415, 0.07263562171451086], [-0.5171533131219099, -0.06391846983897778, -0.24843784667887858, -0.3604581339474756, 0.13529298666569228, 0.1461332902946787, 0.6509162499074901, -0.3515073404914897, 0.0003860334508128116, 0.19978238337535031, 0.29753091491468303, 0.5785896522649902, 0.04391107958960887]], "inverted": true, "swapped": false, "error_lsq": 0.047808018376389295, "error_max": 0.2875463628321881, "target": "481.xyz", "model": "28.xyz", "model_rescale": 4.156811204709835, "target_rescale": 4.233001917817309},
