[{"mapping": [5, 11, 4, 12, 2, 13, 3, 0, 6, 9, 10, 7, 8, 14], "R": [[-0.9851580682341522, -0.050271577844409034, -0.1641229693071235], [-0.06404254584095545, -0.7794591046623952, 0.6231709689010764], [-0.15925493058415052, 0.6244327606875945, 0.7646709059881294]], "T": [-0.0156131095588288, 0.05848975274410475, 0.13836732729464568], "aligned_model": [[0.21545767622072837, 0.13533567208962474, -0.46454926247194533, -0.4954301642688076, -0.7686458021371524, -0.18469555404234536, -0.5852841293445828, -0.1070263983254863, -0.19779899129347087, 0.21309170213778444, 0.6101972719393052, 0.3427040363875594, 0.6349658914522718, 0.02317015278482096], [-0.6785754545154353, -0.4484885504094882, -0.46177994877428485, -0.33501406815710855, 0.05434352244828657, 0.2871916745254714, 0.37660332370293725, 0.45090323445739583, 0.8064097710208024, -0.13681153077189598, 0.4793100889403149, 0.6874610611894123, 0.09936517791519592, 0.05435503023843128], [0.36347772925678223, -0.22696353558055404, 0.3890689653136459, -0.30633725073404267, 0.42703700423918994, -0.5719437765054671, -0.022026389442705047, 0.6098413846006208, 0.08585198905973634, 0.7876913518801467, 0.46913979465503197, -0.17422296960244332, -0.05980529330392231, 0.12677908334381416]], "inverted": true, "swapped": true, "error_lsq": 0.04553535459901981, "error_max": 0.27994067027202024, "target": "482.xyz", "model": "0.xyz", "model_rescale": 3.8414455957264533, "target_rescale": 4.075128964416591},
{"mapping": [10, 5, 6, 8, 2, 4, 12, 11, 0, 3, 1, 7, 9, 13, 14], "R": [[0.9063177202553094, -0.03609096820825955, 0.42105300374775734], [-0.03045099955697446, -0.9993338797016217, -0.02011301833355102], [0.42149843010051613, 0.00540730009293148, -0.906813009681988]], "T": [-0.07322535380900087, -0.03197498408561169, -0.005223868596964498], "aligned_model": [[-0.24575105979648276, -0.16421484402879122, -0.7259523693699489, -0.6308689802452927, -0.2955864733070577, 0.2545026775490541, -0.08524597612398398, 0.4130959513578527, 0.4638699372642784, 0.4471600120179796, 0.7220798036202016, -0.07336472780520444, -0.5557890126159654, -0.12940450557120453, -0.012914199938875034], [0.022918833957801157, -0.5022441330894529, -0.38442944595685025, 0.5056996725181797, -0.7240015933569236, -0.4403718543203881, 0.5925047438950488, 0.650367511669098, 0.07377442420147445, -0.4406551161483039, 0.04141530771921883, -0.2073530248769559, 0.05622716389369855, 0.6236637435099404, -0.021014737702683837], [-0.6652260276271662, -0.4578723250697984, -0.24966295967610425, -0.16092212498266525, 0.12228861006474315, 0.14182567643056565, -0.4435959911679983, -0.16067710516029773, 0.470026676338028, -0.42421850189242327, -0.33779185082624497, 0.6129973907578077, 0.4689726901042904, 0.3713777278195861, -0.0708473155154858]], "inverted": true, "swapped": false, "error_lsq": 0.04808149913131287, "error_max": 0.3229066458686601, "target": "482.xyz", "model": "1.xyz", "model_rescale": 4.316132596720782, "target_rescale": 4.075128964416591},
{"mapping": [7, 0, 10, 11, 8, 13, 5, 12, 9, 3, 4, 14], "R": [[-0.30327360484380994, -0.4203211731027072, -0.8551930963511136], [-0.4992221100721526, -0.694358030580594, 0.5183089910307817], [-0.8116664372882179, 0.5841207382124036, 0.0007468400420891363]], "T": [0.011647973590545889, -0.00502095020462939, -0.01255653106070051], "aligned_model": [[-0.30771541272240127, 0.5359553028353106, 0.0889828831054266, -0.46921359915869104, -0.4522238071219729, -0.4846429292015684, -0.03629495855381124, -0.22670911539683364, 0.43376258998423833, 0.1937385854751403, 0.33919981408264915, -0.017030798695705715], [-0.7137407590386472, -0.3362494111864926, -0.6725251888755287, 0.3980998166838294, -0.3206084416348055, -0.10528827550570732, 0.5439636108378503, 0.578338851338647, 0.04155794844486507, -0.031736303899876306, 0.6489190540825671, -0.017954473505720582], [0.11947391122356399, -0.01725204400926852, -0.48857776718102075, -0.15235985389380874, -0.39911018943923493, 0.5610958981361983, -0.5987740230031393, 0.4183832151300386, -0.5885077685517742, 0.6336452625929342, -0.0003989984586156674, -0.03835918133645177]], "inverted": false, "swapped": true, "error_lsq": 0.04320945709729218, "error_max": 0.2238220350262555, "target": "482.xyz", "model": "2.xyz", "model_rescale": 3.795458400668931, "target_rescale": 4.075128964416591},
{"mapping": [5, 12, 2, 6, 9, 0, 3, 8, 13, 7, 1, 14], "R": [[0.8272170989041863, 0.5237375899229288, 0.20349645741944405], [0.39098644967845936, -0.276437546969791, -0.8779019756175276], [-0.4035362033924282, 0.8057798828011572, -0.43344816647965906]], "T": [0.11272840711891999, -0.029041757385874323, -0.04141639224710312], "aligned_model": [[-0.01062636495051339, -0.28248739050373795, -0.6486076338911997, 0.22190595979655392, 0.01960781150090045, -0.0014504541098574186, -0.2228847156837158, 0.7649774954944468, 0.2905686442370366, 0.7461526980497512, -0.43318685361640796, 0.14933462942030842], [-0.03542430034968973, -0.6813875156771818, 0.05997784757538903, 0.1487227400729211, 0.5416766423591037, 0.5173883120432872, -0.1903640423932837, -0.046232142532960055, -0.629567264155908, -0.006573872567638934, 0.43975853477416094, -0.032205893858490646], [-0.8364487087084522, -0.074299666459262, 0.20927974313649553, 0.7014254182528956, -0.46293653886452124, 0.2287870192379908, 0.5178567175511364, -0.23755879425700013, 0.3981029725380143, 0.4276013467045768, -0.12414319960399389, -0.058894878888779485]], "inverted": false, "swapped": true, "error_lsq": 0.047828822849811936, "error_max": 0.23387279949605566, "target": "482.xyz", "model": "3.xyz", "model_rescale": 3.7530521520055578, "target_rescale": 4.075128964416591},
{"mapping": [0, 1, 9, 5, 10, 12, 7, 3, 13, 11, 14], "R": [[-0.7565706446616003, 0.4977970137008392, -0.42402711326854725], [0.6023794034695578, 0.2782446851287454, -0.74814366900567], [-0.2544403936327537, -0.8214487375047406, -0.5103744289635576]], "T": [-0.05876235028155689, -0.03090308390077829, 0.03098984202606301], "aligned_model": [[-0.3174214151295047, -0.2028817498202317, 0.3093510914243169, 0.5929098073861612, 0.21690075137335071, -0.24779838600367415, -0.18897230562657116, -0.718004173414963, -0.40647780995777466, 0.3274652882109328, -0.02687149599683694], [-0.5028331726039129, -0.11942774310459409, -0.3217391301456329, 0.27777051589933116, -0.8013838614675323, 0.7054231154083541, -0.5039692600456686, 0.0948835866995433, 0.23707717953643476, 0.4423894278182653, -0.04098729968024176], [-0.27724707376222874, -0.6733068950656119, -0.5093591742404704, -0.32591004389718636, 0.12322887875637378, 0.101139184029543, 0.6482114700961423, 0.0630115738932144, 0.6576602847238381, 0.23124363982770443, 0.05415893288399802]], "inverted": true, "swapped": true, "error_lsq": 0.049680275749230215, "error_max": 0.2881327084023707, "target": "482.xyz", "model": "4.xyz", "model_rescale": 3.7855080009869324, "target_rescale": 4.075128964416591},
{"mapping": [6, 4, 1, 12, 0, 5, 13, 15, 10, 7, 8, 3, 2, 14, 16], "R": [[0.24790553175235763, 0.9557183286643676, -0.1585727706183154], [0.7826383510102182, -0.10110000423769139, 0.6142116904383583], [0.5709816624503696, -0.27637160743847555, -0.7730450670868328]], "T": [-0.04869871494816838, 0.04453668364483078, -0.07459270415935634], "aligned_model": [[0.0289070072939326, -0.1870943575439334, -0.7322715972325752, -0.6027336502610621, -0.4176485290354208, 0.2073503710498046, -0.05407170036662383, 0.42303735620703475, 0.6203282085396536, 0.4383794864550389, 0.5207366136020952, -0.030391803733289022, -0.4929206177781742, -0.2770548333908647, -0.0629357207990568], [-0.08955483803933158, -0.5950224204120413, -0.26372117686932134, 0.4132547621689251, -0.604338075256757, -0.66506544490528, 0.5946136711493032, 0.6943047769708469, -0.0365678827971949, -0.45014550699549255, 0.3430723360851407, -0.21185229608742334, 0.057649178058457026, 0.5816510809489427, 0.0782233318941282], [-0.7086856656048137, -0.4192832645085257, -0.17855974233009686, -0.2165699277992428, 0.1519276376775339, 0.2186766759948943, -0.5460310115985123, 0.11137667706342105, 0.20251611747026202, -0.35639729577740675, -0.36082642821106914, 0.5706562039938189, 0.5155603701485161, 0.26754616517778174, -0.03523194209972347]], "inverted": false, "swapped": false, "error_lsq": 0.040694184496512145, "error_max": 0.2638017360331152, "target": "482.xyz", "model": "5.xyz", "model_rescale": 4.2253639853439635, "target_rescale": 4.075128964416591},
{"mapping": [12, 13, 0, 2, 3, 10, 1, 4, 8, 11, 7, 9, 5, 14], "R": [[0.4204943546046086, 0.7232572147571678, -0.5477987760550016], [-0.784785167580487, -0.01304534865342618, -0.6196305831898371], [-0.45529851580179886, 0.6904555164383978, 0.5621160390243856]], "T": [-0.01410469341050527, 0.0023867226453468254, -0.0013943909220211007], "aligned_model": [[0.5409545765281923, -0.14196632766280134, -0.36301752750937744, 0.25150342811734394, -0.09962925334848516, -0.6433856216466853, 0.1667420613205612, 0.6241669034481214, -0.28008797213500103, 0.41648073001262076, -0.7188867026097439, 0.0632070184226487, 0.5818245077981589, -0.023843667977769475], [-0.1307705066157035, 0.033432721180140415, -0.3737628478871897, -0.7585834247063071, -0.5427088813377003, 0.29513359593979666, -0.4898921974575537, -0.31069105894408405, 0.629391312907424, 0.4300827740624653, 0.22281652952128028, 0.034431669880078106, 0.3643949576331304, 0.04182450245921375], [-0.5083561093236446, -0.755133639403919, 0.3470361638450987, 0.026576492559612412, -0.38480512544378, 0.4418251885702935, 0.4982022730120801, 0.17084734134531465, 0.016335914311535575, -0.21341197193010572, -0.2778031414899088, 0.7092857000543926, 0.40004295887582564, 0.0009161639486537695]], "inverted": true, "swapped": true, "error_lsq": 0.046903394448168274, "error_max": 0.2927578153301779, "target": "482.xyz", "model": "6.xyz", "model_rescale": 3.89814844738969, "target_rescale": 4.075128964416591},
{"mapping": [3, 6, 0, 12, 9, 7, 13, 4, 11, 8, 10, 5, 14], "R": [[-0.098027817597286, -0.6167894236901282, -0.7810002265051609], [0.8615080215011238, 0.34026828845032236, -0.3768572949596535], [0.49819120412381046, -0.7097804580989023, 0.49801327837175197]], "T": [-0.034320221669534835, 0.04033019689221356, -0.014278915138773458], "aligned_model": [[-0.043789499055480775, -0.03874990858876324, 0.4447178284897138, -0.34138092043173296, 0.5349809931399339, -0.42837301986009946, -0.6778405851908417, 0.32304170118171177, -0.42593282378106534, -0.392307761902669, 0.1252490920537496, 0.1244575337689808, -0.05544082891921505], [-0.2751882223716385, 0.29795548379296427, 0.2850968485501203, -0.6585984819846823, 0.2540022792865435, 0.6110924716531526, -0.11984530953615846, -0.5561074943935086, -0.19758533436520198, 0.5438860074287493, 0.8475456779395653, -0.13522080684309867, 0.06674814631367848], [-0.6074112098857133, -0.7415639345193977, -0.3228957478647993, -0.007626555169976724, 0.3629617761470778, -0.3893277060829415, -0.3959340672257934, 0.21294361791129734, 0.43662566875090575, 0.27290167474700855, 0.01857858607756292, 0.7546846667884313, 0.008338261162633937]], "inverted": false, "swapped": true, "error_lsq": 0.04619875441236283, "error_max": 0.28628547904275525, "target": "482.xyz", "model": "7.xyz", "model_rescale": 3.7474275329858107, "target_rescale": 4.075128964416591},
{"mapping": [12, 1, 1, 0, 2, 4, 10, 7, 9, 13, 11, 8, 3, 6, 14], "R": [[0.2985603717634526, 0.11379662326729825, 0.9475822037931219], [-0.9539954589596535, 0.007011023176367648, 0.29973906958950214], [0.027465773188260045, -0.9934793274582925, 0.1106546755279236]], "T": [0.0018084892331924063, 0.020944785186482143, -0.05964088900933842], "aligned_model": [[0.15057442903977908, -0.5949073479384306, -0.5949073479384306, -0.5948491295629558, -0.4204205868900607, 0.2359804633237746, -0.013395068410525804, 0.27684770891987265, 0.6399341565043042, 0.45723309490782094, 0.5402130712321231, 0.13604777474217492, -0.47289428155267754, -0.36081982197729345, -0.0030208813929151826], [-0.06489015990382946, -0.33141438977065274, -0.33141438977065274, 0.2771499107102984, -0.647650884670131, -0.6828671234719518, 0.6564033608776578, 0.6264438862296713, 0.21360091890262395, -0.6388157733477386, 0.24363690768196317, -0.2671248229928155, 0.1261068953728064, 0.7054810396680861, -0.0381438796024335], [-0.6522146617618639, -0.3504587728162817, -0.3504587728162817, -0.17176518260710122, 0.22896252984590812, 0.18943365731488476, -0.47343384460884896, 0.08733495320307763, 0.30916758025315694, -0.4663548703786671, -0.2764557414777089, 0.5438539584632712, 0.4673626659824561, 0.19891069695886296, -0.06720962595802704]], "inverted": false, "swapped": false, "error_lsq": 0.050098584488260316, "error_max": 0.4134137650139747, "target": "482.xyz", "model": "8.xyz", "model_rescale": 4.019505241142653, "target_rescale": 4.075128964416591},
{"mapping": [3, 0, 4, 12, 13, 11, 5, 6, 7, 10, 9, 8, 14], "R": [[0.16412483654067866, 0.08552455512468601, 0.9827250828696805], [0.5452293383895914, -0.8380910361914442, -0.01812135797339287], [0.8220632619146437, 0.5387847116671705, -0.18418205092782552]], "T": [0.013608539844315938, -0.04964015389748856, -0.028334608784379885], "aligned_model": [[-0.21819263857093485, -0.5934910646950337, -0.05008097983870653, 0.4134955372883093, 0.3890024260225015, 0.6188547643979802, 0.3084335280226464, -0.4054320231691838, 0.037654484336638205, -0.2643968817991084, -0.31265711403962754, 0.35897223388502325, 0.03753849990067228], [-0.6231344609365578, -0.03862308458217923, 0.20174019789628872, -0.32435359494797183, -0.7149142710770907, 0.10441766875443921, 0.6519602222635899, -0.6260744630522099, -0.4502145325625215, 0.20922830471284887, 0.586637156792606, 0.12198799061155173, -0.03527890575873431], [-0.2906701814004884, 0.09792390006911786, -0.7123134877203132, -0.6177875240842511, 0.015541187182043177, -0.18072348259762683, -0.2894258943171726, 0.2674058243170475, 0.6503926835439697, 0.7023082046233613, -0.0005483147393502072, 0.5333271429357848, 0.0012734362317569567]], "inverted": false, "swapped": true, "error_lsq": 0.04585768034256142, "error_max": 0.2651500312946975, "target": "482.xyz", "model": "9.xyz", "model_rescale": 3.877068213659057, "target_rescale": 4.075128964416591},
{"mapping": [8, 0, 11, 10, 12, 5, 9, 2, 4, 1, 7, 3, 6, 13, 15], "R": [[0.6005457448405656, 0.7707656076449624, 0.21275616659825042], [0.5612799142809285, -0.2168539672536878, -0.7987109706966159], [-0.5694819278771577, 0.5990782377603351, -0.5628459814756498]], "T": [-0.07962825252422534, 0.0763252430828825, 0.005574431484995257], "aligned_model": [[0.06616790717122084, -0.1845587983667275, -0.5809425949526705, -0.7458545891900707, -0.5114473230836916, 0.1745109500535132, -0.21820417241116372, 0.25943567817837293, 0.5505911423458354, 0.5072870226056271, 0.6495524822327482, 0.07647705605416907, -0.49667748142541, -0.06943363671069172, -0.09528740949450104], [0.06795181443020623, -0.6028951365618753, -0.1784051820066145, 0.29073492630776715, -0.5169631719869717, -0.6380244605936032, 0.5377321573757329, 0.6350794391135204, 0.09436607030486588, -0.5053019128092504, 0.12507421621689954, -0.16379425268988854, 0.05969466281518701, 0.6427441142543473, -0.0014917882574210367], [-0.7520510045444166, -0.39619078858540335, -0.4723916937508459, -0.11010502015655715, 0.14606059649276146, 0.19560918834015067, -0.4455859366435584, -0.10925046679131142, 0.2517221973244032, -0.2592782097166981, -0.3580263978518856, 0.5719092292077729, 0.4595545407384018, 0.531601263645608, -0.03690292811158408]], "inverted": true, "swapped": false, "error_lsq": 0.03958380480257793, "error_max": 0.2536187807987349, "target": "482.xyz", "model": "10.xyz", "model_rescale": 4.260839863003843, "target_rescale": 4.075128964416591},
{"mapping": [12, 13, 6, 3, 0, 1, 4, 11, 8, 10, 9, 14], "R": [[0.21271360266047934, -0.2534905281041832, 0.9436606781066288], [0.013335807401206053, -0.9649194412781711, -0.26220722355492165], [0.9770235818464967, 0.06835952022129058, -0.20187098977058915]], "T": [0.059442091783731, 0.005718215668081299, -0.012773894434061218], "aligned_model": [[0.42992846372460475, 0.1994714671073664, -0.5542405140586546, -0.30158012467979606, -0.5252707199217048, -0.3276705590033571, 0.17048894801616482, 0.6973447801911932, 0.36160490060304457, -0.2204703129039714, -0.053116669760438606, 0.08240898977967931], [-0.0833917548995196, -0.687379336975798, -0.46195371518994044, -0.26576526507317777, 0.16180964673806233, 0.5954817157253651, 0.5486164337548307, -0.0022312912526841876, -0.2288784486529215, -0.024409469235177297, 0.6254022224255601, -0.004222231831665943], [-0.6743108065754904, -0.3050800059101719, -0.016019563302068614, -0.5101742744953509, 0.12279494298844873, -0.17698022832315372, -0.49027328033418877, -0.0921221104255755, 0.5510153095689111, 0.7610995980794939, 0.3269207156331771, 0.019307780491474427]], "inverted": false, "swapped": true, "error_lsq": 0.0446950708648249, "error_max": 0.2463964763075243, "target": "482.xyz", "model": "11.xyz", "model_rescale": 3.890672605050136, "target_rescale": 4.075128964416591},
{"mapping": [9, 5, 1, 10, 0, 13, 11, 7, 8, 12, 2, 4, 3, 14], "R": [[0.4251885651243519, -0.12012541263978, -0.8970978593919492], [-0.7771376213810939, -0.5565367247434015, -0.2938094475098151], [-0.4639739233207296, 0.8220929140006074, -0.32998702887895437]], "T": [0.07344249198982783, -0.06849342157064582, 0.11782960505263122], "aligned_model": [[0.5760739962898804, -0.04174293645560742, 0.46818371817917814, 0.7210885827100495, 0.6331967546653954, -0.4474389488271921, -0.4389766413528194, 0.2194251416142841, 0.10214901595504888, -0.6163862864864067, 0.1106138127008815, -0.09434558478107924, -0.054068083613564105, 0.07210329419564493], [0.08883797658997354, 0.05940455410587041, 0.5254361837702712, -0.5734211572323581, 0.10196887910477472, -0.3133991737937448, -0.20705189978505878, -0.6992881956797276, -0.7172997127232091, 0.25423897321928085, 0.6961035305716844, 0.5781702549189626, 0.2435476397840579, -0.1050953330230125], [-0.3666067407947711, -0.6681143788015468, -0.008929610528052204, 0.05666313511068062, 0.3233783490794827, 0.6219516174476168, -0.24480982167599047, 0.5678249345906986, -0.08813776259844243, 0.17085679160096529, 0.371631502988696, -0.18007775272548154, 0.6990514975503797, 0.10010867411262606]], "inverted": false, "swapped": true, "error_lsq": 0.05001862127229427, "error_max": 0.3523217592513407, "target": "482.xyz", "model": "12.xyz", "model_rescale": 4.124412569039231, "target_rescale": 4.075128964416591},
{"mapping": [8, 13, 12, 10, 11, 5, 6, 9, 3, 0, 4, 2, 14], "R": [[0.5880784587288249, 0.6524630309739503, -0.47797041706722365], [0.7748066615206586, -0.6239979505448726, 0.10149480271920573], [-0.23203095406074953, -0.43002157030558896, -0.8724924558009507]], "T": [0.060922494703971555, 0.07673458034243316, 0.035242118290545466], "aligned_model": [[-0.31054647540303576, -0.005140902629178337, 0.6721572024327345, -0.6453939049025819, 0.42719131779840075, 0.5481026514245877, -0.4704376840374121, 0.0701266601902892, 0.10473925165569417, -0.2459082308029098, 0.7267074188289069, 0.45138784425609724, 0.04431315869816512], [-0.30355813093627615, 0.6269501236375488, 0.4328040801697127, -0.3253572856827457, -0.13068392541544546, -0.562802109609658, 0.6099513121156283, -0.4748579845820815, 0.732086909806658, 0.13608411342903926, 0.04350447277397437, 0.5126837588880061, 0.050680041914116764], [0.4613694261345169, 0.562815610507516, 0.3223631174086379, -0.0973402675457124, 0.5211473421943202, 0.0665764120863877, -0.13408061319406345, -0.4205331517689311, -0.10632368003938517, -0.5004490758813994, -0.26592517371643204, -0.5196369083713659, 0.06171504315375003]], "inverted": true, "swapped": true, "error_lsq": 0.04281894976891705, "error_max": 0.2984900733991547, "target": "482.xyz", "model": "13.xyz", "model_rescale": 3.9028299243045295, "target_rescale": 4.075128964416591},
{"mapping": [6, 1, 11, 14, 12, 8, 9, 7, 4, 2, 3, 5, 13, 10, 15], "R": [[0.34917973532365565, 0.8759177092776583, 0.332928939885197], [0.5057824942765081, 0.12291727409229491, -0.8538591290213823], [-0.7888330500953517, 0.4665399343073421, -0.4001036225451667]], "T": [0.05548548147066204, -0.09161751871082721, -0.042708399503917804], "aligned_model": [[0.17095260202559168, -0.1800961433121184, -0.6020536130137197, -0.7090248123495297, -0.4615903225527639, 0.20931189723791666, -0.24927714754811223, 0.21380129228569056, 0.5040508386192213, 0.35997995086606704, 0.6168428475377082, 0.03697707164648124, -0.4775690871709045, -0.08466269804923351, 0.03397355678426438], [0.06532315307015277, -0.3603181424309828, -0.10780383356996709, 0.34500330126113177, -0.5195059633602158, -0.7276818553417022, 0.4658080148349135, 0.7840475405511265, 0.23012989264139197, -0.7021838344131349, 0.059863026246266104, -0.17510135172054136, -0.05426383194663928, 0.5373766303736996, 0.005808749717402528], [-0.6802389727793685, -0.585386967921642, -0.37921550310481633, 0.046381010601495576, 0.14109688004468696, 0.3674949074502658, -0.4868277201470005, -0.21233965803520766, 0.3505230813531467, -0.31955070442335204, -0.2676995044390267, 0.462058598275195, 0.5464510701905869, 0.33156082210489324, -0.0976327695730196]], "inverted": true, "swapped": false, "error_lsq": 0.04288492782429224, "error_max": 0.2596609410812891, "target": "482.xyz", "model": "14.xyz", "model_rescale": 3.942246331269136, "target_rescale": 4.075128964416591},
{"mapping": [0, 8, 8, 6, 11, 13, 2, 5, 3, 12, 1, 4, 10, 9, 14], "R": [[0.009906494333908195, -0.9353034928955696, -0.3537078420778367], [0.31226386365585956, 0.3389291237251417, -0.8874786355432014], [0.9499437566639023, -0.10165837529812854, 0.29541908182617094]], "T": [-0.05625198326540245, 0.024030231270331097, 0.02485594601081431], "aligned_model": [[-0.028483938067555205, -0.49175322245577874, -0.49175322245577874, -0.6143276560713464, -0.5097009077543906, 0.13743289831948824, -0.01162230411957351, 0.29858266338799117, 0.6202588519385634, 0.5501856370661163, 0.669593550548504, 0.09609885398218862, -0.32587647742036036, -0.5000469613241322, -0.01697153256737667], [0.13446403809616228, -0.3434292208513384, -0.3434292208513384, 0.030334669910962557, -0.4837466535142152, -0.7572192456293457, 0.6058728743176505, 0.5478537973643713, 0.06789142870340734, -0.4533200183946872, 0.15088018678819037, -0.2019092637158017, 0.17510900809631721, 0.6787877662171382, 0.03836134937542878], [-0.7016086387034737, -0.49874041379116185, -0.49874041379116185, -0.01121602113876731, 0.24992867384524475, 0.1391593492617429, -0.467196133662198, -0.02495171733528309, 0.2635130550857712, -0.24430276173266136, -0.312336559256045, 0.5438978941402252, 0.6678787693908315, 0.17485892602319342, -0.06346943873941942]], "inverted": false, "swapped": false, "error_lsq": 0.0595923210861931, "error_max": 0.37028512143862274, "target": "482.xyz", "model": "15.xyz", "model_rescale": 4.355366556412066, "target_rescale": 4.075128964416591},
{"mapping": [7, 0, 10, 11, 8, 13, 5, 12, 9, 3, 4, 14], "R": [[-0.30327360484380994, -0.4203211731027072, -0.8551930963511136], [-0.4992221100721526, -0.694358030580594, 0.5183089910307817], [-0.8116664372882179, 0.5841207382124036, 0.0007468400420891363]], "T": [0.011647973590545889, -0.00502095020462939, -0.01255653106070051], "aligned_model": [[-0.30771541272240127, 0.5359553028353106, 0.0889828831054266, -0.46921359915869104, -0.4522238071219729, -0.4846429292015684, -0.03629495855381124, -0.22670911539683364, 0.43376258998423833, 0.1937385854751403, 0.33919981408264915, -0.017030798695705715], [-0.7137407590386472, -0.3362494111864926, -0.6725251888755287, 0.3980998166838294, -0.3206084416348055, -0.10528827550570732, 0.5439636108378503, 0.578338851338647, 0.04155794844486507, -0.031736303899876306, 0.6489190540825671, -0.017954473505720582], [0.11947391122356399, -0.01725204400926852, -0.48857776718102075, -0.15235985389380874, -0.39911018943923493, 0.5610958981361983, -0.5987740230031393, 0.4183832151300386, -0.5885077685517742, 0.6336452625929342, -0.0003989984586156674, -0.03835918133645177]], "inverted": false, "swapped": true, "error_lsq": 0.04320945709729218, "error_max": 0.2238220350262555, "target": "482.xyz", "model": "16.xyz", "model_rescale": 3.795458400668931, "target_rescale": 4.075128964416591},
{"mapping": [3, 6, 0, 12, 9, 7, 13, 4, 11, 8, 10, 5, 14], "R": [[-0.098027817597286, -0.6167894236901282, -0.7810002265051609], [0.8615080215011238, 0.34026828845032236, -0.3768572949596535], [0.49819120412381046, -0.7097804580989023, 0.49801327837175197]], "T": [-0.034320221669534835, 0.04033019689221356, -0.014278915138773458], "aligned_model": [[-0.043789499055480775, -0.03874990858876324, 0.4447178284897138, -0.34138092043173296, 0.5349809931399339, -0.42837301986009946, -0.6778405851908417, 0.32304170118171177, -0.42593282378106534, -0.392307761902669, 0.1252490920537496, 0.1244575337689808, -0.05544082891921505], [-0.2751882223716385, 0.29795548379296427, 0.2850968485501203, -0.6585984819846823, 0.2540022792865435, 0.6110924716531526, -0.11984530953615846, -0.5561074943935086, -0.19758533436520198, 0.5438860074287493, 0.8475456779395653, -0.13522080684309867, 0.06674814631367848], [-0.6074112098857133, -0.7415639345193977, -0.3228957478647993, -0.007626555169976724, 0.3629617761470778, -0.3893277060829415, -0.3959340672257934, 0.21294361791129734, 0.43662566875090575, 0.27290167474700855, 0.01857858607756292, 0.7546846667884313, 0.008338261162633937]], "inverted": false, "swapped": true, "error_lsq": 0.04619875441236283, "error_max": 0.28628547904275525, "target": "482.xyz", "model": "17.xyz", "model_rescale": 3.7474275329858107, "target_rescale": 4.075128964416591},
{"mapping": [10, 9, 8, 1, 6, 3, 7, 11, 0, 13, 2, 4, 12, 14], "R": [[-0.8293577240143363, -0.4833649756238378, -0.2802214587748894], [-0.036987697138132464, 0.5479429420460378, -0.8356975783872721], [0.5574923101516094, -0.6827274951267889, -0.4723192686305765]], "T": [0.08227585744547783, 0.044210231819685364, 0.0005378669572415062], "aligned_model": [[0.6179711983295314, -0.013994290423894218, 0.7460969312021056, -0.4820251291870473, 0.1316902941973023, -0.280420848722767, 0.6808134935429883, 0.2271084197622364, -0.0797332343058848, 0.26339748016180575, -0.6978344601493234, -0.5451583786687985, -0.2731483790441962, 0.12008455118881806], [-0.3585325701746812, 0.07332586306349426, 0.1582451952476686, -0.10709021423327725, -0.6742845360059135, -0.29309773126623356, -0.40719745846821576, 0.6519182580566085, -0.47736670292383915, 0.009968320225160643, -0.14584971563658097, 0.39761321880402667, 0.4756002980303362, 0.05715601679267971], [-0.477967672517124, -0.7079496133743286, -0.10209659921762362, -0.4276133703389423, 0.27740858054051415, 0.4545443609133049, 0.24485850252559593, 0.15217446431675968, -0.29330404979305763, 0.7431398838651568, 0.07610716270461085, -0.12794618325177626, 0.5205456050386952, -0.007106352750130043]], "inverted": true, "swapped": true, "error_lsq": 0.04360126576853205, "error_max": 0.27543512154912486, "target": "482.xyz", "model": "18.xyz", "model_rescale": 3.922800546911778, "target_rescale": 4.075128964416591},
{"mapping": [11, 7, 9, 2, 3, 12, 10, 6, 8, 13, 4, 5, 0, 1, 14], "R": [[0.4178186986206747, 0.6869271522827711, -0.5946079570100025], [-0.1242839214208066, 0.6915346630940028, 0.7115710200786225], [0.8999894676934799, -0.22340746898021854, 0.37431011320115326]], "T": [0.024440594024137813, 0.011048743685378082, 0.0014217170114209504], "aligned_model": [[0.08016958574936028, -0.20300860044508987, -0.6289338882004241, -0.6042001836648393, -0.4426417096825951, 0.14008287478142123, -0.1453602678891858, 0.3127648872011106, 0.5683997298696836, 0.5107926636862746, 0.466485024498137, 0.06399337690233384, -0.5837684943948607, -0.13568614526142023, -0.017472620143347065], [-0.127326760309404, -0.6450585480943335, -0.03466335799336729, 0.3306242801356712, -0.40446131083730297, -0.7239046650155173, 0.5165716005389653, 0.6367018238757519, 0.08820611190067655, -0.35375043553524826, 0.3008306417539666, -0.1960675373799899, -0.06684759358578926, 0.5868248276473741, -0.06117758118855202], [-0.6949905977449201, -0.39354803457399795, -0.4820608324698211, -0.12432092458995396, 0.13682762434073764, 0.25653815024672194, -0.6037352508534352, -0.033148459809192884, 0.2707650909449093, -0.31826089120413215, -0.4930378992676532, 0.7349557269045938, 0.5692742516373975, 0.438256185018479, -0.04683956898289528]], "inverted": true, "swapped": false, "error_lsq": 0.04411910356535271, "error_max": 0.28480368586476856, "target": "482.xyz", "model": "19.xyz", "model_rescale": 3.9282355846067225, "target_rescale": 4.075128964416591},
{"mapping": [12, 4, 5, 2, 3, 1, 0, 9, 6, 7, 11, 13, 8, 14], "R": [[0.8731631707755885, -0.47687304039935496, -0.10088696913574091], [0.261285380525648, 0.6326510863328967, -0.7290284993643069], [0.4114802876501962, 0.6102005459699958, 0.6770075823602206]], "T": [0.03548455300061839, -0.08643974324742049, 0.09936744809138492], "aligned_model": [[-0.4868534109495538, -0.07205824307617875, 0.527002141974699, -0.4323378679131097, -0.5943530133786576, 0.10941260224325325, 0.10363522332054445, 0.6060789767465637, -0.329999019657239, 0.009448019346909687, 0.09966356085023884, -0.5260324154492512, 0.4565524820438832, 0.062363782982573654], [-0.6379351650390856, -0.6130390204487299, -0.7119848164559135, -0.15922550305096742, 0.09095597691887031, -0.09797707356325236, 0.3726075358944211, -0.10348210229713486, 0.5930747280862108, 0.5169735703890972, -0.6241955065558988, -0.039527070302968925, 0.022851047046319323, -0.08621451319613119], [0.1758375463867899, -0.39682131768119505, -0.020788042746834767, -0.5535108141941141, -0.05321976508474208, -0.6210785554598053, -0.3120491271136725, -0.33214353986621764, 0.10333624612050246, 0.6062434186031807, 0.4457472510515764, 0.6169900920134046, 0.6237275789009356, 0.1299121863138746]], "inverted": false, "swapped": true, "error_lsq": 0.04708533887706873, "error_max": 0.35569182944527716, "target": "482.xyz", "model": "20.xyz", "model_rescale": 4.067790424073018, "target_rescale": 4.075128964416591},
{"mapping": [12, 12, 9, 7, 10, 13, 0, 2, 6, 11, 3, 5, 1, 8, 14], "R": [[0.4846464635004473, 0.8486202377796661, -0.2120412635486141], [0.2707971503139742, 0.08493977104207812, 0.9588817125574722], [0.8317371632903876, -0.5221388008241703, -0.18863818244341996]], "T": [0.035937705199862585, 0.0700952462337724, 0.053761350548461775], "aligned_model": [[-0.09309745268987568, -0.09309745268987568, -0.606751538916053, -0.6477021067022304, -0.30593517731887643, 0.045855079043301356, -0.11713881571363557, 0.4791096529148855, 0.7556321472769851, 0.3454232431798462, 0.5677079241056561, -0.006950723591585148, -0.6759677498186678, -0.26792402486661093, 0.0024532287932962638], [-0.22659762908369274, -0.22659762908369274, -0.24761981095647811, 0.35544682839266806, -0.6720924520495053, -0.5378856489591758, 0.6357153629916666, 0.6460990746089238, 0.06346877270041433, -0.4329674341696632, 0.1311861982641364, 0.06360658755693759, -0.15205198942789128, 0.44361359305698306, 0.0031776720712707457], [-0.6407436045540292, -0.6407436045540292, -0.24633459644382827, -0.034980067913676416, -0.005964475263891836, 0.4007258759017447, -0.34761066116232586, -0.10605149622730363, 0.22567092732411076, -0.20925746122305233, -0.6074748754069288, 0.6424757132425125, 0.39602781119215297, 0.35924455845442643, 0.031690526230955085]], "inverted": true, "swapped": false, "error_lsq": 0.0509376538604316, "error_max": 0.33034678783535654, "target": "482.xyz", "model": "21.xyz", "model_rescale": 4.186013935880536, "target_rescale": 4.075128964416591},
{"mapping": [2, 1, 0, 13, 11, 6, 12, 4, 10, 9, 5, 8, 14], "R": [[-0.22407820274952955, -0.9504646072967234, 0.21542049421730064], [-0.8185387433427426, 0.303516648947782, 0.4877212005422696], [-0.5289454458632049, -0.06704233056654714, -0.8460035704491923]], "T": [0.08871620425499377, -0.05908117017856816, 0.06392063608035227], "aligned_model": [[-0.20403568640873188, -0.31734249389131153, 0.2310981947578649, 0.5319231942739273, -0.18340605115982384, 0.7321095960662445, -0.19835694328284942, -0.5772643203415166, 0.47891387003189473, -0.2869067842429672, -0.6014689300434615, 0.3546731449941555, 0.09863724466980069], [-0.3950499283010048, 0.1324004743749292, 0.2495685125181657, -0.6440438292377456, -0.26557915501469864, -0.13543202216013123, -0.7555084314266843, -0.26693590813516904, 0.6654963133304489, 0.530025119379658, 0.17290991925492066, 0.27113245272769093, -0.040026857764286466], [-0.6082600939195305, -0.5044912075219213, -0.4548232880842471, 0.2803035322286388, 0.60851886806918, -0.35506552212499426, 0.18805726454774152, -0.1559472601278547, 0.0934514018138577, -0.09077687926780424, 0.4062043425020454, 0.5972330149111948, 0.0984753883090398]], "inverted": true, "swapped": true, "error_lsq": 0.045695586469452584, "error_max": 0.29238801957929555, "target": "482.xyz", "model": "22.xyz", "model_rescale": 4.166573947596378, "target_rescale": 4.075128964416591},
{"mapping": [10, 14, 13, 5, 12, 11, 7, 0, 4, 9, 8, 2, 6, 1, 15], "R": [[-0.0770683635985498, -0.995942804506645, -0.04645855662502829], [-0.9219811642816218, 0.08892594002894166, -0.3768858048532401], [0.3794880762845484, 0.013787941884425642, -0.9250938831364333]], "T": [0.041180067041530696, -0.10764259231107352, -0.01911498505188232], "aligned_model": [[-0.1580287271957464, -0.3653209207744955, -0.6171408873978326, -0.5572137623995211, -0.3438075285895133, 0.21647520531361525, -0.07147654930690071, 0.17612268416984833, 0.5625542635965798, 0.37755952155745376, 0.7235612722652454, 0.09796517784979425, -0.5107006561134172, -0.15705569571315486, 0.00812283574460447], [-0.03860867122593996, -0.5879360241355311, 0.022506707826305775, 0.4566309404731095, -0.6105262457242409, -0.7994580902457636, 0.42416286750076493, 0.6976756183138547, 0.32016476504161595, -0.5137407796626885, 0.1641909052090169, -0.029761629479040444, -0.04033982028613735, 0.4351256971076142, -0.05358474480003876], [-0.7377883511523804, -0.49875331699703235, -0.5353395674920649, -0.13987170862235976, 0.1490335729831787, 0.31667700225864204, -0.48374503935041463, -0.01614302333632596, 0.2724383128647752, -0.30613813932936706, -0.3575549067582493, 0.6468574212893567, 0.5005056806789904, 0.39826281411060444, 0.008233818449483454]], "inverted": false, "swapped": false, "error_lsq": 0.042012915305545386, "error_max": 0.3212233040429225, "target": "482.xyz", "model": "23.xyz", "model_rescale": 4.274766983524099, "target_rescale": 4.075128964416591},
{"mapping": [8, 9, 5, 11, 4, 12, 13, 3, 6, 1, 14], "R": [[0.41800814560157223, 0.5124219236748808, -0.7501286305348366], [0.04348224477692261, -0.8360690225125946, -0.5468984219980839], [-0.9074020523449869, 0.19599071848475172, -0.3717649172097015]], "T": [0.06433589604408088, 0.06068121704817812, -0.008353354971832996], "aligned_model": [[0.24198451710603824, 0.16963568434845447, -0.4495950909958695, -0.45823285734633823, -0.4614924217444205, -0.5805877427486983, -0.011895373780183044, 0.118123669309488, 0.6586037475845223, 0.08422473259751714, 0.06912583962756452], [-0.1974896759808353, 0.7155407925327056, 0.48042873082828325, -0.1425913485856552, 0.498365053011752, -0.19662525709008502, -0.6675385687267799, -0.13857499658096742, -0.2032784447998354, 0.7198213179201418, 0.04752892871475887], [-0.6133202812759161, -0.2769442373922375, -0.46334839461561667, -0.3228073833438815, 0.25051530470677597, 0.30897723489763257, 0.21372780890210147, 0.6310614524560745, 0.4069837701867082, 0.29127920682939684, -0.046558047329459895]], "inverted": false, "swapped": true, "error_lsq": 0.042791762552846224, "error_max": 0.26035827312639914, "target": "482.xyz", "model": "24.xyz", "model_rescale": 3.7841303162186577, "target_rescale": 4.075128964416591},
{"mapping": [6, 3, 13, 11, 12, 2, 7, 0, 8, 4, 1, 9, 14, 10, 15], "R": [[0.2713523236040546, 0.6491757764333382, 0.7105904078770364], [-0.45575855133290777, -0.5636064927209492, 0.6889353120937555], [0.847733483685533, -0.5108018526346231, 0.1429314800295126]], "T": [-0.010009414078991467, 0.025865362229575438, -0.023784220404693433], "aligned_model": [[-0.004949740993047756, -0.311212614396707, -0.7435434584599955, -0.6067500105758816, -0.3574606499508377, 0.3724049175721682, -0.06244472377659651, 0.45039590126852824, 0.5333720125457657, 0.3828825069531733, 0.7020060300297432, -0.06373258940514323, -0.570730374721478, -0.31958698899044874, -0.019033984092682456], [0.022842521542968876, -0.47924594994138064, -0.23576529790213444, 0.28318541747899817, -0.5826594652737376, -0.5465863409877426, 0.6209380393017014, 0.5967486490618307, 0.034726251075554014, -0.4383677127829957, 0.11210335987468553, -0.12524847957912352, -0.05337547635067819, 0.6217513212051338, 0.015454659189822431], [-0.7462741610858601, -0.5743667138318386, -0.09779233269066873, -0.43258076982953353, 0.26629693967180224, 0.28419525027250997, -0.280581041645512, -0.08251383616152702, 0.20884400979741666, -0.4560201898824578, -0.2203380525118469, 0.5387272334989712, 0.5317442272087718, 0.36907294738650154, -0.09173894059989138]], "inverted": true, "swapped": false, "error_lsq": 0.04543714819728484, "error_max": 0.2690261448255894, "target": "482.xyz", "model": "25.xyz", "model_rescale": 4.19342608120988, "target_rescale": 4.075128964416591},
{"mapping": [7, 0, 10, 11, 8, 13, 5, 12, 9, 3, 4, 14], "R": [[-0.30327360484380994, -0.4203211731027072, -0.8551930963511136], [-0.4992221100721526, -0.694358030580594, 0.5183089910307817], [-0.8116664372882179, 0.5841207382124036, 0.0007468400420891363]], "T": [0.011647973590545889, -0.00502095020462939, -0.01255653106070051], "aligned_model": [[-0.30771541272240127, 0.5359553028353106, 0.0889828831054266, -0.46921359915869104, -0.4522238071219729, -0.4846429292015684, -0.03629495855381124, -0.22670911539683364, 0.43376258998423833, 0.1937385854751403, 0.33919981408264915, -0.017030798695705715], [-0.7137407590386472, -0.3362494111864926, -0.6725251888755287, 0.3980998166838294, -0.3206084416348055, -0.10528827550570732, 0.5439636108378503, 0.578338851338647, 0.04155794844486507, -0.031736303899876306, 0.6489190540825671, -0.017954473505720582], [0.11947391122356399, -0.01725204400926852, -0.48857776718102075, -0.15235985389380874, -0.39911018943923493, 0.5610958981361983, -0.5987740230031393, 0.4183832151300386, -0.5885077685517742, 0.6336452625929342, -0.0003989984586156674, -0.03835918133645177]], "inverted": false, "swapped": true, "error_lsq": 0.04320945709729218, "error_max": 0.2238220350262555, "target": "482.xyz", "model": "26.xyz", "model_rescale": 3.795458400668931, "target_rescale": 4.075128964416591},
