[{"mapping": [11, 12, 7, 3, 10, 4, 9, 8, 5, 3, 1, 0, 2, 13], "R": [[-0.6618693466994755, 0.5006350661284785, -0.5579368230025183], [-0.3784039979298705, -0.8656385831665881, -0.32784181808309987], [-0.6471007512360807, -0.005862925538986097, 0.7623819540452307]], "T": [0.05244956581874255, 0.07025972436785, -0.19968763633678369], "aligned_model": [[0.26356835129888756, -0.4316040366833188, -0.015751856253875596, 0.293696444021419, -0.39310975944844834, 0.3452852934347517, -0.5306287236881839, 0.5320850982677479, 0.6410791358454415, 0.293696444021419, -0.1315586317897274, -0.5600279542930433, -0.03953165260880784, 0.03725668915396564], [-0.5579621000656618, -0.07363951047783784, -0.46525495146262685, 0.521027676559604, -0.8207682902483433, -0.08611223419338734, -0.1902907666389278, -0.46109342734470204, 0.05172230513912676, 0.521027676559604, 0.4108578700234593, 0.5217950876837786, 0.5306147695419566, -0.07095609296365338], [-0.41838386073514605, -0.4827157764380955, 0.3294315189325382, -0.0910207010158317, -0.35126233567079357, 0.6965262186210636, 0.15930584787432342, 0.11366953335970928, -0.6746327424491844, -0.0910207010158317, -0.6276806267137457, -0.07162695691684659, 0.4093040986227583, -0.11989332770863925]], "inverted": false, "swapped": false, "error_lsq": 0.049206575714394345, "error_max": 0.3351207945303286, "target": "483.xyz", "model": "0.xyz", "model_rescale": 3.8414455957264533, "target_rescale": 3.963133891825248},
{"mapping": [13, 8, 11, 4, 12, 1, 10, 0, 7, 2, 6, 5, 3, 14], "R": [[0.7987405030260211, 0.1619609468471822, -0.579467221266314], [-0.17314864431906873, 0.984222061842243, 0.03642087249741023], [0.5762231822794078, 0.0712431377703721, 0.814181343144403]], "T": [0.06480562815649471, 0.008261336744084065, -0.18635175920728675], "aligned_model": [[0.2487613689228158, -0.42776739621270693, 0.04212039614621574, 0.41835446485030836, -0.42819816831587837, 0.14202633634444833, -0.5961554443302766, 0.7111237546489195, 0.6288790464949902, 0.190206217683495, -0.39408309482906106, -0.28690013989716046, 0.021236119004072684, 0.03485138076804479], [-0.6615950070950544, -0.4036930582367479, -0.730252270452629, 0.3352414648338257, -0.556853509589371, -0.17096423932050966, 0.05152908954801609, -0.23824874086516853, 0.1177390281951265, 0.7123181439803106, 0.4935425207955862, 0.5303585198208166, 0.3583896439777924, -0.006543573479605528], [-0.49016052257152176, -0.6467513569702799, 0.23832274481186516, 0.06644153729216162, -0.04534817420174431, 0.6565082803485147, -0.014190025262646844, 0.03049618408839938, -0.4740856917449642, -0.36851496062031164, -0.5912597562953915, 0.008687644820778079, 0.5128540390995715, -0.10299975404815159]], "inverted": true, "swapped": false, "error_lsq": 0.04905516748388445, "error_max": 0.2690584269720161, "target": "483.xyz", "model": "1.xyz", "model_rescale": 4.316132596720782, "target_rescale": 3.963133891825248},
{"mapping": [6, 12, 11, 0, 1, 2, 8, 7, 9, 5, 3, 13], "R": [[-0.2950271701847664, -0.8409652145940536, -0.45358183020877973], [-0.9419311733911659, 0.1762956905266037, 0.28580674256512756], [-0.16038900662673233, 0.5115636200361842, -0.8441433700555638]], "T": [-0.044752701287320285, -0.0682986306843484, -0.029459709107983997], "aligned_model": [[-0.2422765747263366, 0.44294797473071645, 0.29516787185082943, -0.6414187441049621, -0.6265037580715596, -0.41579374135020525, -0.11654405162162884, -0.09356083835776463, 0.570976288937697, 0.21778055895019127, 0.36898156897634876, -0.16194800058154524], [-0.6546040123200706, -0.2623808148173128, -0.5330872957073032, 0.47748361966791586, -0.3427831887139615, -0.07812808196765351, 0.5545051846436342, 0.5148244473779751, 0.007219474096133369, -0.0694909108867486, 0.41708676398383576, -0.017868757615463984], [0.05467402974458463, 0.12097422802363648, -0.4319481981236352, -0.11113180261835907, -0.4268497121954208, 0.5181346941196958, -0.49062467985468944, 0.3582103777319266, -0.5350717897112123, 0.6840515207734991, -0.1467353262846003, -0.1444248803960046]], "inverted": true, "swapped": true, "error_lsq": 0.04342793823205734, "error_max": 0.2766356970570632, "target": "483.xyz", "model": "2.xyz", "model_rescale": 3.795458400668931, "target_rescale": 3.963133891825248},
{"mapping": [4, 6, 5, 9, 0, 3, 12, 1, 11, 10, 7, 13], "R": [[0.3063393615036294, -0.2745582397362854, 0.9114680293825238], [-0.9276853502454707, 0.1285835853371532, 0.3505226847463393], [-0.21343871844978646, -0.9529344335130071, -0.21531344336050479]], "T": [-0.03232547671493947, -0.003753967693254599, 0.04838377333370668], "aligned_model": [[-0.010224035360922458, -0.01428005044884751, -0.7881374853469518, 0.27874319087123023, 0.16710863774234158, -0.0698785156638155, -0.2948518659665791, 0.5285204322903171, 0.2964254160647315, 0.8291836507007562, -0.43535971675503804, 0.10605416761634315], [-0.12473870905035513, -0.5962438874796024, -0.06124241948950566, 0.1166735576549437, 0.5429320137505389, 0.49226750643882544, -0.206219846302058, -0.2488273912957642, -0.43202951667642236, 0.002532002781164823, 0.5455783938077949, 0.05508734115014926], [-0.7751468383262683, -0.1477748988404215, 0.10726241927362042, 0.7758466554038195, -0.5189956711239593, 0.4644138979611171, 0.4822474339148323, -0.3955596494308803, 0.4979106219270097, 0.35358789030478344, -0.12043628651289541, -0.0345841439116573]], "inverted": true, "swapped": true, "error_lsq": 0.03932711690481292, "error_max": 0.23269699960138535, "target": "483.xyz", "model": "3.xyz", "model_rescale": 3.7530521520055578, "target_rescale": 3.963133891825248},
{"mapping": [9, 7, 8, 0, 10, 2, 11, 12, 6, 1, 13], "R": [[-0.03851261529157057, -0.3851083916610097, -0.9220674081300531], [-0.1696211453492244, -0.9068412167105565, 0.3858337397446402], [-0.9847565412394177, 0.1712615962415037, -0.030397699567424774]], "T": [-0.19170998574442907, 0.044409396672066254, -0.016439623270306694], "aligned_model": [[-0.33628622748785114, -0.2105929485050314, 0.31714891502149867, 0.46692490123653063, 0.2784166031281301, -0.2367735905330768, -0.3485354474965968, -0.7048392511961854, -0.26536276204229325, 0.3990781857278747, -0.020978775407794165], [-0.7420138886145335, 0.3068476884911385, -0.3300210010111514, 0.3024806359864859, -0.6788418582353595, 0.6995757765467173, -0.4279937813149437, -0.13050307558914653, 0.29910070634752517, 0.14263781957070745, 0.025934336136906454], [-0.049679302683010365, -0.6671872174634, -0.4709461875967244, -0.4166374286115045, 0.2856789888199431, -0.09615153063146624, 0.4793551880584157, 0.04878458244815104, 0.5488530199208913, 0.4450962828121797, -0.014335617828158388]], "inverted": false, "swapped": true, "error_lsq": 0.05462057875238127, "error_max": 0.30112698971441937, "target": "483.xyz", "model": "4.xyz", "model_rescale": 3.7855080009869324, "target_rescale": 3.963133891825248},
{"mapping": [14, 8, 12, 3, 13, 1, 6, 2, 9, 5, 10, 7, 4, 16], "R": [[-0.36872924251731504, 0.6705355403787546, 0.6437552600185714], [0.443374422616713, -0.48182237640612496, 0.7558216184812728], [0.8169809465843763, 0.5641181495780169, -0.11963630817929288]], "T": [-0.011533806993352807, -0.0639099084770954, -0.08308350225685676], "aligned_model": [[0.37536167164153633, -0.5336745791227442, 0.09506595117578621, 0.5668172985580661, -0.4518324370760346, 0.21339907018569482, -0.6075834706360681, 0.713983127156913, 0.4951928331372548, 0.1636556661588068, -0.060059724795680045, -0.46191590583303166, -0.2326441228726661, 0.028689463600393487], [-0.5654939021608828, -0.10942285645460079, -0.669726248758356, 0.2929191583419588, -0.6328029661169928, -0.14097493533663913, -0.03761773910104213, -0.16732996784553925, -0.034612778180283826, 0.7248197327193509, 0.3754197502281905, 0.5348376919350951, 0.35273720442754, -0.09178413158541023], [-0.32061830902203714, -0.5527721859720809, 0.20792906863425406, -0.22660918351193612, -0.16890566834371618, 0.6356446253327507, 0.18170053874234945, 0.010271503822719602, -0.5823667981794819, -0.034943641288039076, -0.6623925392635508, -0.08825534151557271, 0.4865797275424083, -0.10526160823178865]], "inverted": true, "swapped": false, "error_lsq": 0.043568616956201074, "error_max": 0.24631900819936173, "target": "483.xyz", "model": "5.xyz", "model_rescale": 4.2253639853439635, "target_rescale": 3.963133891825248},
{"mapping": [4, 2, 7, 9, 3, 12, 6, 0, 1, 8, 10, 5, 11, 13], "R": [[0.48199068169446435, 0.44864860145611746, -0.7525951203477041], [-0.48037086414609237, 0.8536637180933837, 0.20125130879205805], [0.732754266885729, 0.2645235127969719, 0.626975673801072]], "T": [0.052000590577509505, 0.027818113615333255, -0.1173547608973229], "aligned_model": [[0.08524826093799026, -0.49086997814956146, 0.03382412697153037, 0.6029039323138176, -0.20373608024084833, 0.14963087418153842, -0.4636293125877974, 0.6503221142487926, 0.5535568894910422, 0.2461530250411357, -0.14779072451318906, -0.4502827631861047, -0.2869014477854936, 0.0260259245553742], [-0.3957952545386379, -0.10103175357218375, -0.5635621157842164, 0.2216767696558003, -0.6336778146302403, -0.037095418922124805, -0.2002810627341176, -0.4890095729066216, 0.08100928387163858, 0.7382313736442734, 0.4271405280966507, 0.40573254872323633, 0.40490133363070036, -0.027270832421768927], [-0.6833561910575079, -0.48999516312571556, 0.411162274280379, 0.06018609926544495, -0.11175433130560375, 0.8087112872255617, 0.192184472211418, 0.016671900937692205, -0.6505693146983141, -0.17636923171246877, -0.7569933417351888, -0.19241059824349704, 0.47299042828391547, -0.12045810157983664]], "inverted": false, "swapped": false, "error_lsq": 0.04819888917475079, "error_max": 0.3441786908138972, "target": "483.xyz", "model": "6.xyz", "model_rescale": 3.89814844738969, "target_rescale": 3.963133891825248},
{"mapping": [1, 4, 0, 11, 8, 2, 6, 10, 12, 5, 7, 3, 13], "R": [[-0.4953570978910086, 0.08673828801056621, 0.864348202382578], [-0.5850667202931299, 0.7021762216768557, -0.40576530965208935], [-0.6421201432554803, -0.7067000941733427, -0.2970802896877378]], "T": [-0.1466402042110514, 0.05061305612516856, 0.03753818167069768], "aligned_model": [[0.07951886292999844, -0.09244671013143826, 0.4909181346477868, -0.3499864701163391, 0.6096042734019628, -0.3672368087284284, -0.5619983601182794, 0.33593531316373765, -0.5347500160287408, -0.6634722616974177, 0.05911760328890131, 0.14629378063385778, -0.0028655403413783143], [-0.2829105138319572, 0.35109463910013017, 0.4302106582493752, -0.6088606499483028, 0.04860518287041016, 0.5675360183108126, -0.16395576173482188, -0.7248635497694225, -0.052228747694314515, 0.5562022029302232, 0.6963604031647507, 0.1318494704398625, 0.014741913383739702], [-0.6022344215666313, -0.7371245405410569, -0.2941001564669862, 0.1691292532013584, 0.22139132724764288, -0.31139661339906927, -0.3763289369195425, 0.07136046429788291, 0.4075983799968415, 0.27267143839409497, 0.22023175870006084, 0.6103548396373895, -0.049277761745688944]], "inverted": true, "swapped": true, "error_lsq": 0.04533391608525956, "error_max": 0.3347676674815623, "target": "483.xyz", "model": "7.xyz", "model_rescale": 3.7474275329858107, "target_rescale": 3.963133891825248},
{"mapping": [1, 12, 4, 3, 13, 8, 11, 2, 0, 6, 10, 7, 5, 14], "R": [[0.021363262848253683, 0.5123580371678623, 0.8585061751379381], [0.9151587545377051, 0.33570821548401186, -0.22312428834516665], [-0.40252709845856754, 0.7904361048219115, -0.46171712032422085]], "T": [-0.03592958436181638, -0.035264827760779716, -0.10483074673222945], "aligned_model": [[0.45262181952629427, -0.3909166887140879, 0.030693535033950156, 0.5735335220327531, -0.44532834566684565, 0.1649796820463314, -0.6519546307868438, 0.615008696283408, 0.3800646779316182, 0.22476187920693547, -0.346506429080644, -0.3623475952789143, 0.0804492103198962, -0.020604491575623805], [-0.40282042283343594, -0.32798992242000663, -0.6356047335888533, 0.286336373916685, -0.8348547947989582, -0.11777030916673986, 0.0474695912331977, -0.5237778552098582, 0.22727119504251364, 0.7289254540790988, 0.42422714246201565, 0.5538893762366184, 0.4983702434704524, -0.09270332631034015], [-0.541891646767447, -0.5158523927555159, 0.3925415517302432, 0.09331547707257776, -0.07076657866135153, 0.5417283209992774, -0.09266055032301379, 0.11016663151462555, -0.5432789741166396, -0.22726959825254567, -0.62220151563354, -0.003705883394201498, 0.35853849148105255, -0.09866314414724323]], "inverted": true, "swapped": false, "error_lsq": 0.046163455704331904, "error_max": 0.2913795141491432, "target": "483.xyz", "model": "8.xyz", "model_rescale": 4.019505241142653, "target_rescale": 3.963133891825248},
{"mapping": [8, 0, 7, 3, 9, 12, 2, 10, 11, 1, 4, 6, 13], "R": [[0.11034758066426384, -0.5018088449320214, -0.8579110062177396], [0.2645115006500664, 0.846879420680855, -0.46133384099923747], [0.9580485778212887, -0.17602025444604474, 0.2261853057989311]], "T": [0.1546636946409125, -0.0024579461224996796, -0.011474472851307052], "aligned_model": [[-0.3812020353616257, -0.5854609599660319, 0.035857767580152564, 0.21163322572468288, 0.3735902906678407, 0.6869735391321685, 0.11638434307337331, -0.1789879014985049, 0.4416754977749111, -0.3569050454192105, -0.32878404025307606, 0.29528738661288984, -0.010361296326393654], [-0.46487315307205396, 0.15401094909090163, 0.19326311378548777, -0.4467981769871855, -0.7721815951941267, -0.12345911555418819, 0.6426425543341164, -0.7303176472286289, -0.40629028288768415, 0.08906799887725468, 0.6502755169594471, 0.31379285450882505, -0.03575478851810672], [-0.3350974269265284, -0.30861407435750543, -0.6750114145865487, -0.48035060776880223, -0.0033874946145390356, -0.02393077571575554, -0.15292318272152583, 0.4293020135460152, 0.4866371126504079, 0.5377206698851564, 0.1716805529905811, 0.508197130647375, 0.022480991015548214]], "inverted": true, "swapped": true, "error_lsq": 0.05181491718287459, "error_max": 0.3295101614487233, "target": "483.xyz", "model": "9.xyz", "model_rescale": 3.877068213659057, "target_rescale": 3.963133891825248},
{"mapping": [7, 3, 0, 9, 5, 11, 12, 8, 2, 14, 13, 6, 10, 15], "R": [[-0.921466962142033, 0.37720245593661983, -0.09282750086108973], [0.09186236949554696, 0.4437824913679124, 0.8914137117107592], [0.3774386609124678, 0.8128809307584177, -0.4435816155544907]], "T": [-0.004590009280189818, -0.03448141096638239, -0.17260927588593833], "aligned_model": [[0.5188796357393807, -0.5412900373777049, -0.06810585480561779, 0.560721620990801, -0.46034675895121385, 0.10394023639789038, -0.5507336793807076, 0.6405458745211488, 0.4766288004441101, 0.249710984567048, -0.12681160350360204, -0.4956295630021376, 0.012691600204587254, -0.01574641456575536], [-0.5303153325336513, -0.14457610867107762, -0.6026191371630306, 0.26595572941759854, -0.669382365615465, -0.0707582257848178, -0.1894886635066531, -0.3447152734394623, 0.15622593111260988, 0.7034165153500402, 0.5397122140499212, 0.32851908488004333, 0.4854071588002296, -0.09641351478389658], [-0.5552511742492995, -0.4929116019868634, 0.38142257976234706, -0.011968094186152245, -0.18610020459810558, 0.5564726500616117, 0.3130810153311949, 0.11527538472486565, -0.5878375562260414, -0.19156188797018603, -0.6756023760968611, -0.08649672267418371, 0.3097059741938413, -0.1082277973398885]], "inverted": false, "swapped": false, "error_lsq": 0.039590059174996126, "error_max": 0.26458887162176425, "target": "483.xyz", "model": "10.xyz", "model_rescale": 4.260839863003843, "target_rescale": 3.963133891825248},
{"mapping": [2, 12, 3, 7, 8, 0, 4, 6, 11, 10, 1, 13], "R": [[0.868503048604677, 0.08162422558427164, -0.48891710990938975], [0.31429321545869693, 0.6720467357094115, 0.6705020206822329], [0.3833043559379615, -0.7359963796243106, 0.5580206984502387]], "T": [0.059237149411005635, -0.13028166053717033, -0.07626082295082712], "aligned_model": [[0.2793562999377819, 0.23946279244511723, -0.4783059932790915, -0.3636743229659254, -0.6662704881806165, -0.4198804478092183, 0.30173676185678167, 0.6592506452683526, 0.335822726254952, -0.16903866621509342, 0.25292839467113615, -0.012489052890046273], [0.07724702913823989, -0.6432009654550559, -0.48950194395312535, -0.18080690702449354, 0.07326635606267023, 0.47366764368179054, 0.5791993525613115, 0.028554759687948017, -0.3541078276343876, 0.06040076504020819, 0.5338469014010607, 0.014513342026767101], [-0.6645695042591475, -0.0254403815646449, -0.02589460548940753, -0.6341998345309473, 0.11846614834031047, -0.3336526026893526, -0.4384197379434339, -0.008415679235230386, 0.5295227593382282, 0.7879830128024977, 0.22888149457914334, -0.018082991952511236]], "inverted": true, "swapped": true, "error_lsq": 0.04047971310136705, "error_max": 0.24451816472426058, "target": "483.xyz", "model": "11.xyz", "model_rescale": 3.890672605050136, "target_rescale": 3.963133891825248},
{"mapping": [6, 5, 11, 0, 9, 2, 12, 1, 8, 3, 7, 7, 4, 13], "R": [[-0.25667549082997737, 0.18958396571096944, 0.9477212735569949], [-0.8254596298786778, 0.4670467117193299, -0.31699174833537447], [-0.5027266571883238, -0.863669664291541, 0.036614466195622836]], "T": [0.08475728676615733, -0.16290596277315547, -0.05242522631632313], "aligned_model": [[0.4041366570959059, -0.47379160874252446, 0.047352141501910805, 0.5691595510295738, -0.382732802671247, 0.11311336733618821, -0.6317143994408899, 0.818804946739014, 0.30847124486253547, 0.3117980086624459, -0.41431443621035546, -0.41431443621035546, 0.06460229018640586, -0.01611568286038076], [-0.560472117681959, -0.1519111076850664, -0.5666765909845911, 0.17364401016520373, -0.7400270318512479, -0.1586407181737232, 0.021468813548128823, -0.2567925077429545, 0.11582986461444708, 0.7202355239399637, 0.45791171074842063, 0.45791171074842063, 0.34791248586174717, -0.02942603339440128], [-0.32074651548354494, -0.5936039641864312, 0.31950527632732306, -0.024441269503882465, -0.2852442631783649, 0.6580266538626942, 0.03592867266487303, 0.18769482689091213, -0.6780844381253824, -0.1993155971681553, -0.3565255417467969, -0.3565255417467969, 0.42686104771230254, -0.033529157572471505]], "inverted": true, "swapped": false, "error_lsq": 0.05471913916019605, "error_max": 0.43254113932491534, "target": "483.xyz", "model": "12.xyz", "model_rescale": 4.124412569039231, "target_rescale": 3.963133891825248},
{"mapping": [2, 12, 11, 7, 6, 4, 3, 0, 9, 8, 1, 10, 13], "R": [[0.9121690871689114, -0.08633544080873898, 0.4006167096787098], [-0.07305845673736774, -0.996155937162725, -0.04833022609720951], [0.40324932524753104, 0.014816899669430068, -0.9149701859468411]], "T": [0.0534822410464535, 0.11214960365711603, 0.1364455724459214], "aligned_model": [[-0.08819578726592667, -0.06301583713925626, 0.49089386754556014, -0.5761257687565536, 0.5292595850299922, 0.3186018241973696, -0.40985898903625045, -0.0924219020226795, 0.030501855069781987, -0.14885410465670065, 0.6921787835626461, 0.5640736053843034, 0.12026117559747107], [-0.46392470409167674, 0.4965641844364473, 0.6517211271970096, -0.17839087824314298, -0.02964883190565666, -0.6770926512049277, 0.47179548205328353, -0.4421362858493598, 0.876732603048517, 0.1845570172743331, -0.18574765317419528, 0.5877139731652442, 0.055341993802601866], [0.4291799746179631, 0.5063156048768815, 0.24182641963711993, 0.027437146107901073, 0.5150975099169904, 0.12475286264950045, -0.14013776904458117, -0.439781896561666, -0.09882764852725423, -0.6115710652530565, -0.13745008317929183, -0.45391197360511615, -0.01123100066755145]], "inverted": true, "swapped": true, "error_lsq": 0.04111863286056398, "error_max": 0.24254899836253938, "target": "483.xyz", "model": "13.xyz", "model_rescale": 3.9028299243045295, "target_rescale": 3.963133891825248},
{"mapping": [13, 12, 9, 4, 11, 7, 1, 10, 5, 0, 8, 2, 3, 15], "R": [[-0.18119991199386334, 0.6270077748167676, -0.757646251368501], [0.04795924706223598, 0.7751164125302912, 0.6299956012921002], [0.982276184438287, 0.07781900375549072, -0.170521846517868]], "T": [-0.027617355158047547, -0.0011820113454107783, -0.07248969082132672], "aligned_model": [[0.30658348891245124, -0.2832698052738957, -0.07437835939272348, 0.5711048401047637, -0.4400586774278944, 0.4378136427694519, -0.6534040041271661, 0.6138069207046062, 0.2880864433865622, 0.15452575783698322, -0.09090634720292841, -0.54702291921873, 0.03317836003291662, -0.011604499826169689], [-0.4571944664787319, -0.2771466965217108, -0.5422025134525815, 0.2985496331890567, -0.613901053880018, -0.2363797858079401, -0.1409861251317472, -0.3643990175595047, 0.0531948209272967, 0.8054621198595318, 0.43364596533390043, 0.5101168456316609, 0.42757008397753776, -0.06536179797436151], [-0.6319660427622116, -0.6579174030507663, 0.4806429164676772, 0.032657577555232575, -0.09049577139707977, 0.6682423450008426, 0.03260376988496118, 0.03705895946664056, -0.4718342855658192, -0.1305029757294548, -0.7076481700535125, -0.1770894443226068, 0.3760244862218872, 0.020224227030488165]], "inverted": true, "swapped": false, "error_lsq": 0.04793891718918921, "error_max": 0.26911347208711367, "target": "483.xyz", "model": "14.xyz", "model_rescale": 3.942246331269136, "target_rescale": 3.963133891825248},
{"mapping": [10, 5, 6, 13, 9, 8, 2, 11, 4, 12, 3, 1, 0, 14], "R": [[-0.13913581880905712, 0.08925343601937147, -0.986242895073556], [0.487547228441571, 0.8730367173255265, 0.010226937000463093], [0.8619390488678857, -0.47941705680983526, -0.1649859438755901]], "T": [0.044734493986081834, -0.0722105543457148, -0.10246128691013023], "aligned_model": [[0.26384160544022467, -0.5220572587830374, 0.1710181897019913, 0.7165463760890816, -0.33766810692597965, 0.2499693797101834, -0.6814993791367419, 0.6995450566336123, 0.42382988446242115, 0.17971722422927808, -0.06842244536407954, -0.40210067990803056, -0.37206608068597996, -0.016198924184716447], [-0.6010646779487931, 0.005906498448892267, -0.516387009850663, 0.3855884361320062, -0.7781490446711394, -0.06834275629686472, -0.10558226551132081, -0.3039246485663749, -0.04468323968560682, 0.7334148091786614, 0.37004697041060086, 0.591166831281395, 0.17611888454980468, -0.013140775358208928], [-0.5282615989126034, -0.3770963051519929, 0.21305272848350199, -0.09813394498686606, -0.1623061264964521, 0.6436651153219978, 0.13017277994678583, 0.07542274902697599, -0.5487716148096757, -0.07376121121236297, -0.6575754367693887, -0.23250054017689487, 0.4501029660045266, -0.05400937152127332]], "inverted": true, "swapped": false, "error_lsq": 0.050432238389055375, "error_max": 0.4079014780196214, "target": "483.xyz", "model": "15.xyz", "model_rescale": 4.355366556412066, "target_rescale": 3.963133891825248},
{"mapping": [6, 12, 11, 0, 1, 2, 8, 7, 9, 5, 3, 13], "R": [[-0.2950271701847664, -0.8409652145940536, -0.45358183020877973], [-0.9419311733911659, 0.1762956905266037, 0.28580674256512756], [-0.16038900662673233, 0.5115636200361842, -0.8441433700555638]], "T": [-0.044752701287320285, -0.0682986306843484, -0.029459709107983997], "aligned_model": [[-0.2422765747263366, 0.44294797473071645, 0.29516787185082943, -0.6414187441049621, -0.6265037580715596, -0.41579374135020525, -0.11654405162162884, -0.09356083835776463, 0.570976288937697, 0.21778055895019127, 0.36898156897634876, -0.16194800058154524], [-0.6546040123200706, -0.2623808148173128, -0.5330872957073032, 0.47748361966791586, -0.3427831887139615, -0.07812808196765351, 0.5545051846436342, 0.5148244473779751, 0.007219474096133369, -0.0694909108867486, 0.41708676398383576, -0.017868757615463984], [0.05467402974458463, 0.12097422802363648, -0.4319481981236352, -0.11113180261835907, -0.4268497121954208, 0.5181346941196958, -0.49062467985468944, 0.3582103777319266, -0.5350717897112123, 0.6840515207734991, -0.1467353262846003, -0.1444248803960046]], "inverted": true, "swapped": true, "error_lsq": 0.04342793823205734, "error_max": 0.2766356970570632, "target": "483.xyz", "model": "16.xyz", "model_rescale": 3.795458400668931, "target_rescale": 3.963133891825248},
{"mapping": [1, 4, 0, 11, 8, 2, 6, 10, 12, 5, 7, 3, 13], "R": [[-0.4953570978910086, 0.08673828801056621, 0.864348202382578], [-0.5850667202931299, 0.7021762216768557, -0.40576530965208935], [-0.6421201432554803, -0.7067000941733427, -0.2970802896877378]], "T": [-0.1466402042110514, 0.05061305612516856, 0.03753818167069768], "aligned_model": [[0.07951886292999844, -0.09244671013143826, 0.4909181346477868, -0.3499864701163391, 0.6096042734019628, -0.3672368087284284, -0.5619983601182794, 0.33593531316373765, -0.5347500160287408, -0.6634722616974177, 0.05911760328890131, 0.14629378063385778, -0.0028655403413783143], [-0.2829105138319572, 0.35109463910013017, 0.4302106582493752, -0.6088606499483028, 0.04860518287041016, 0.5675360183108126, -0.16395576173482188, -0.7248635497694225, -0.052228747694314515, 0.5562022029302232, 0.6963604031647507, 0.1318494704398625, 0.014741913383739702], [-0.6022344215666313, -0.7371245405410569, -0.2941001564669862, 0.1691292532013584, 0.22139132724764288, -0.31139661339906927, -0.3763289369195425, 0.07136046429788291, 0.4075983799968415, 0.27267143839409497, 0.22023175870006084, 0.6103548396373895, -0.049277761745688944]], "inverted": true, "swapped": true, "error_lsq": 0.04533391608525956, "error_max": 0.3347676674815623, "target": "483.xyz", "model": "17.xyz", "model_rescale": 3.7474275329858107, "target_rescale": 3.963133891825248},
{"mapping": [9, 2, 4, 10, 6, 8, 0, 5, 12, 11, 7, 1, 3, 13], "R": [[-0.756086964200275, -0.060315117243948946, 0.651685959031082], [-0.5508080010439261, 0.5964339465982554, -0.5838468063895049], [-0.35347283990768896, -0.8003927998033705, -0.4841779811913334]], "T": [0.026276752167917923, 0.04504100083789208, -0.10200204443945107], "aligned_model": [[0.1586202799174246, -0.5947190584707647, 0.07938248318444507, 0.59977540343941, -0.27364642825248314, 0.12450326768682346, -0.6310357551050514, 0.6521917356908722, 0.6089049656914004, 0.19623436727292154, -0.021829395750574986, -0.5007977492779291, -0.026072619761288766, -0.06705665498697883], [-0.46061103348213706, -0.1411149425604849, -0.7064955108184721, 0.29437939226504, -0.6423532420965626, -0.08363262085228906, -0.24281703671435972, -0.29561668823853915, 0.028546276614042847, 0.7339825230902923, 0.33341914399010253, 0.49242096359812804, 0.5258355901153976, -0.004974802797769871], [-0.5197643892084678, -0.3910399168997022, 0.2467076844199396, 0.19017775296919662, -0.28237402698499914, 0.598461446364207, 0.3272070057679721, 0.022105606190391397, -0.5705201467500387, -0.23694888504870473, -0.7962232823174237, -0.07829433143422074, 0.374112739503798, -0.10360706782566989]], "inverted": false, "swapped": false, "error_lsq": 0.04703210390318307, "error_max": 0.2685782314460519, "target": "483.xyz", "model": "18.xyz", "model_rescale": 3.922800546911778, "target_rescale": 3.963133891825248},
{"mapping": [5, 1, 3, 13, 0, 7, 2, 12, 8, 4, 6, 10, 11, 14], "R": [[-0.4931443373219983, -0.011532630384030074, 0.8698710599874401], [0.5301926790356714, -0.7967363170583448, 0.29001200695364704], [0.6897132633669044, 0.604217046694919, 0.39902051929574406]], "T": [0.028585204628215094, -0.009772637646252967, -0.12478564626491417], "aligned_model": [[0.2815791067467074, -0.4250692352207577, -0.017942637335884512, 0.5924859816420825, -0.29809764921406845, 0.25769177280033173, -0.6604655387511007, 0.6367477606644883, 0.4056042854533203, 0.09980774522519428, -0.18521035757564633, -0.5054152928765077, 0.08182484764735229, 0.040914052072716055], [-0.6353020827191024, -0.18681292571789165, -0.5164612395806951, 0.32693438812826, -0.7784502200219402, -0.09077891209329983, -0.0957551621308993, -0.44869392475374853, 0.0872085559487564, 0.7070462566153374, 0.4171091183584582, 0.5753169791895072, 0.4930526890831513, -0.023445508193504962], [-0.48149381693588, -0.6823135913409181, 0.2628366753020839, 0.0763561924892927, -0.15403839033120015, 0.6362394406929733, 0.05112638095166236, 0.11206969719568721, -0.5968469927065594, -0.19524954931227276, -0.6226121179248496, 0.02724808748847951, 0.37678772222614454, -0.03010954904836516]], "inverted": false, "swapped": false, "error_lsq": 0.032751329717661655, "error_max": 0.18269139697419925, "target": "483.xyz", "model": "19.xyz", "model_rescale": 3.9282355846067225, "target_rescale": 3.963133891825248},
{"mapping": [3, 2, 6, 11, 5, 8, 7, 4, 0, 10, 10, 12, 9, 13], "R": [[-0.988831586360771, 0.01795313364429634, 0.14795194763027308], [0.1428249467692653, -0.16947529717980953, 0.9751303288413152], [0.04258084540726693, 0.9853708990213609, 0.16501837160218608]], "T": [-0.0005988511859780499, -0.11428230685849987, -0.0013313898953286607], "aligned_model": [[0.38285347424499494, -0.522779849535218, -0.13928888570701023, 0.5333820887093934, -0.288333397673904, 0.3154211970510671, -0.610796586832798, 0.6051690628231716, 0.6072655477398045, -0.10722378174598088, -0.10722378174598088, -0.45452878461850166, 0.05987875500784304, 0.030659783561346333], [-0.6732198968380263, -0.06944711535136515, -0.6908789268611255, 0.359275146022964, -0.672887897964335, -0.10609418606723363, -0.08802737090202384, -0.24477954185020068, -0.03186938234935749, 0.5640396506517771, 0.5640396506517771, 0.5724855722148041, 0.4368057094417736, -0.0884733986870394], [-0.32829951337377217, -0.636967308425258, 0.27279534390341387, -0.06434619747918296, -0.3060587706658788, 0.6905398863680734, 0.12141704442885135, 0.12269905377208844, -0.5150491826466465, -0.5216628180581542, -0.5216628180581542, 0.21101700561230324, 0.41227383574511123, -0.1566953723765165]], "inverted": false, "swapped": false, "error_lsq": 0.054336714270656485, "error_max": 0.49166355962423886, "target": "483.xyz", "model": "20.xyz", "model_rescale": 4.067790424073018, "target_rescale": 3.963133891825248},
{"mapping": [11, 12, 2, 5, 3, 4, 0, 6, 13, 1, 10, 7, 8, 14], "R": [[-0.7927650244032823, 0.037351437947819636, 0.6083818588403943], [0.03083739584302741, 0.9993002313547111, -0.021168434803764593], [-0.6087468037702405, 0.0019793174709923367, -0.7933620933734264]], "T": [0.02752941404653373, -0.014104274563519868, -0.08053992050890676], "aligned_model": [[0.15487866717173004, -0.47546080529012014, -0.10010302778238483, 0.47651740938691095, -0.2639149482071744, 0.3850443523156779, -0.5750554281054644, 0.5129717777333572, 0.5337532891863493, 0.03897950278842258, 0.09150172004424542, -0.4781934196970411, -0.015238093111644528, 0.018773844845363145], [-0.3753206820385804, -0.22232057443958084, -0.5191969464144244, 0.3132979339590942, -0.8052645984875243, -0.07045621425033644, -0.1200967139591321, -0.5533251403914138, 0.19238688207077598, 0.7880874019559927, 0.3071938469894086, 0.5144420615643154, 0.372579831411243, 0.008960924142551311], [-0.6014402264009399, -0.619669476937855, 0.45079169362132177, 0.11866774689531231, -0.19398833261684875, 0.634638394699421, 0.2801748425942656, 0.06486803006236597, -0.5178296363123508, -0.25276799856076027, -0.831513876585656, 0.06624953144523102, 0.3363704286586654, -0.15455093181589413]], "inverted": false, "swapped": false, "error_lsq": 0.050770724094497836, "error_max": 0.3756121590328287, "target": "483.xyz", "model": "21.xyz", "model_rescale": 4.186013935880536, "target_rescale": 3.963133891825248},
{"mapping": [7, 0, 2, 12, 9, 5, 3, 8, 6, 1, 10, 11, 13], "R": [[0.3295018889691542, 0.014069726586390385, -0.9440500770401662], [0.8604922609637544, 0.4070255021714225, 0.30640383385915293], [0.3885634748496637, -0.9133084272992807, 0.12200878098263737]], "T": [0.09767261947284576, -0.0038377431274266155, -0.025909367424825195], "aligned_model": [[0.036464827637663524, -0.469416734504324, 0.39631698985684327, 0.4784644410515943, -0.12928600867467738, 0.7181858352810372, -0.1387936927808751, -0.6314923041683662, 0.4365481765797754, -0.22797251361206583, -0.527508087365728, 0.17229707577899522, -0.055233969656646995], [-0.4207375166029014, 0.09477623314688739, 0.17214080227272394, -0.2643298188943503, -0.41038411529084556, -0.3305166588023482, -0.6019721912363145, -0.2697246252451843, 0.5073153169646056, 0.6774603144207747, 0.16900017739556222, 0.124786624255997, 0.07114211716148643], [-0.5872925162086025, -0.5997071633414168, -0.5893548337891842, 0.26613802617520366, 0.624996599666611, -0.31962290897652007, 0.05684003309601186, -0.08365363694768106, 0.09128309428109757, 0.01260145312320093, 0.6180340928941408, 0.6607189494997803, -0.048101628137295585]], "inverted": true, "swapped": true, "error_lsq": 0.04860612563591159, "error_max": 0.4168555187133829, "target": "483.xyz", "model": "22.xyz", "model_rescale": 4.166573947596378, "target_rescale": 3.963133891825248},
{"mapping": [7, 1, 13, 9, 5, 14, 6, 10, 8, 3, 4, 2, 12, 15], "R": [[-0.10109867902427366, -0.5304967692812614, 0.8416366406482617], [0.6673748225534666, -0.6635581191792995, -0.3380850021709922], [0.7378278276951041, 0.5275071565897234, 0.42112503656912775]], "T": [0.050212910432614014, 0.10241624555216233, -0.0693929441899334], "aligned_model": [[0.2329938258504457, -0.5395300710609929, 0.11322267466672671, 0.5641101615367904, -0.3006841735573769, 0.37375943047488003, -0.6706504552054257, 0.5248627865205904, 0.5946353307946348, 0.0971262502152251, -0.04697182660296988, -0.49162463577786364, -0.14337530913962399, -0.003419147436813319], [-0.5175911396667344, -0.08592002766920837, -0.66777517341864, 0.3749582307113284, -0.6475077868714074, -0.15613058926800916, 0.009968537822410084, -0.46008044595192643, 0.1918674716329058, 0.6684315915405261, 0.35673992605028115, 0.4661835595665439, 0.2304071774125987, 0.06741668022172101], [-0.37528774127426073, -0.4227082776178188, 0.27650890120937627, 0.07919927604775627, -0.14387222481373896, 0.6047353424093285, 0.1562551477217336, 0.06933773115153997, -0.6607319726507622, -0.2665031130604877, -0.7518356932830782, -0.2333888403595099, 0.5434065971231825, -0.09511494385698202]], "inverted": false, "swapped": false, "error_lsq": 0.04738334381018943, "error_max": 0.234146978884898, "target": "483.xyz", "model": "23.xyz", "model_rescale": 4.274766983524099, "target_rescale": 3.963133891825248},
{"mapping": [8, 12, 11, 1, 6, 4, 0, 2, 7, 5, 13], "R": [[0.9610994618758679, 0.1394632619837053, 0.2384068433136553], [-0.2741603905197283, 0.5864689908580683, 0.7621615334245028], [-0.033524687201933044, -0.7978747529022233, 0.6018903338891806]], "T": [-0.007231500848143307, 0.19168263045424155, -0.08012828595729174], "aligned_model": [[0.33130080996716527, 0.12602132995189327, -0.32622134923762547, -0.6392430722715974, -0.560277789723942, -0.43394081397056494, 0.10936656359195678, -0.048520839010312455, 0.5518712993365514, 0.3280980097045644, -0.0585594443800138], [-0.36169423079910806, 0.7188696011168121, 0.5981773200547131, -0.20921404788075343, 0.40688671171431734, -0.2932381215416127, -0.601312968935408, 0.08006429320257655, -0.06715045964111294, 0.6049930437849631, 0.03920539016809643], [-0.5101069419126352, -0.12980518274635447, -0.5561314654819272, -0.18754386260680872, 0.11397264885856137, 0.44532340170827134, 0.054489071865116284, 0.5706130138793338, 0.25619350183076295, 0.462782416658594, -0.14022016803133702]], "inverted": false, "swapped": true, "error_lsq": 0.054633348684891996, "error_max": 0.24722365932426016, "target": "483.xyz", "model": "24.xyz", "model_rescale": 3.7841303162186577, "target_rescale": 3.963133891825248},
{"mapping": [3, 12, 4, 7, 5, 1, 2, 6, 11, 10, 14, 9, 8, 15], "R": [[-0.9699786442470709, -0.08515416679558055, 0.22779420006217158], [0.19833922122262818, -0.8190242947128864, 0.5383871822349233], [0.14072307212897092, 0.5674045933435943, 0.8113254861171163]], "T": [0.07885388461964496, 0.09619641847195909, -0.0540910091642424], "aligned_model": [[0.21007788065700478, -0.4769142634449236, 0.039505354329966935, 0.6637100094412911, -0.42003621494962484, 0.16981001835797546, -0.5812407835798861, 0.6152475249479152, 0.6438565541688516, 0.21971953674638695, -0.2991471648482795, -0.43026504689897094, -0.17410975964560568, 0.12424119599612556], [-0.6152401671068837, -0.1298400909346217, -0.572532278266505, 0.37244068841678274, -0.6118910165353977, -0.03806155168169312, -0.16074946914596566, -0.38586533158219044, 0.07281250807737683, 0.8285626310692622, 0.45939093408673554, 0.36236899382632326, 0.20532636420705397, 0.04424579768211125], [-0.40854853157991394, -0.5179888087282243, 0.27447856669583787, 0.012527131619763064, -0.19214751346646483, 0.6716762903118361, 0.20484309013133026, -0.010218648922903813, -0.5733719979358457, -0.275567201957031, -0.6494933208317879, -0.1640491022028713, 0.46893655537013473, -0.061076319757580586]], "inverted": true, "swapped": false, "error_lsq": 0.042659846013199734, "error_max": 0.2405128187585304, "target": "483.xyz", "model": "25.xyz", "model_rescale": 4.19342608120988, "target_rescale": 3.963133891825248},
{"mapping": [6, 12, 11, 0, 1, 2, 8, 7, 9, 5, 3, 13], "R": [[-0.2950271701847664, -0.8409652145940536, -0.45358183020877973], [-0.9419311733911659, 0.1762956905266037, 0.28580674256512756], [-0.16038900662673233, 0.5115636200361842, -0.8441433700555638]], "T": [-0.044752701287320285, -0.0682986306843484, -0.029459709107983997], "aligned_model": [[-0.2422765747263366, 0.44294797473071645, 0.29516787185082943, -0.6414187441049621, -0.6265037580715596, -0.41579374135020525, -0.11654405162162884, -0.09356083835776463, 0.570976288937697, 0.21778055895019127, 0.36898156897634876, -0.16194800058154524], [-0.6546040123200706, -0.2623808148173128, -0.5330872957073032, 0.47748361966791586, -0.3427831887139615, -0.07812808196765351, 0.5545051846436342, 0.5148244473779751, 0.007219474096133369, -0.0694909108867486, 0.41708676398383576, -0.017868757615463984], [0.05467402974458463, 0.12097422802363648, -0.4319481981236352, -0.11113180261835907, -0.4268497121954208, 0.5181346941196958, -0.49062467985468944, 0.3582103777319266, -0.5350717897112123, 0.6840515207734991, -0.1467353262846003, -0.1444248803960046]], "inverted": true, "swapped": true, "error_lsq": 0.04342793823205734, "error_max": 0.2766356970570632, "target": "483.xyz", "model": "26.xyz", "model_rescale": 3.795458400668931, "target_rescale": 3.963133891825248},
{"mapping": [4, 7, 0, 1, 10, 12, 5, 6, 3, 8, 11, 9, 13], "R": [[0.7406981875883782, -0.4194587485472211, -0.524805252613282], [0.06748267449238034, 0.823648902091981, -0.5630706658369174], [0.6684401869626386, 0.38165015963559257, 0.6383814471798813]], "T": [-0.1667664224711683, -0.1616827095877991, -0.00958318477727138], "aligned_model": [[0.016372251044419917, 0.3463252335707329, 0.5673144203223874, -0.15960655017838082, -0.15178354402350702, -0.543684823236438, -0.34382062162519944, -0.6428143010301919, 0.1394162830617814, 0.4845108004956558, -0.677544503951, -0.270951064242796, -0.06405719738620798], [-0.7228331039557633, -0.48117466483130134, -0.3188389012902618, -0.09738242748620082, 0.6653856124684325, -0.0873686410989371, -0.6738098847843483, -0.3730004611611731, 0.16983670926989694, 0.263394376219136, 0.31340647449133885, 0.5736884282657635, -0.10942201284966727], [-0.5968641319021128, 0.3472987252132648, -0.3210092754676545, -0.7629151761134486, -0.39832544780763124, 0.37843762834539674, 0.5237093957234631, -0.3539251547955972, 0.45611588531492303, -0.03889479647349564, -0.09305474650515627, 0.28848325015956405, -0.13691949359208921]], "inverted": false, "swapped": true, "error_lsq": 0.048721056784690124, "error_max": 0.38318980906018213, "target": "483.xyz", "model": "27.xyz", "model_rescale": 3.6321398670334006, "target_rescale": 3.963133891825248},
