[{"mapping": [5, 8, 1, 11, 9, 12, 6, 3, 7, 4, 2, 13], "R": [[0.04440268018713643, -0.250690221192437, -0.9670485070515782], [-0.28604309082935797, 0.9242849448730537, -0.25273838424308276], [0.9571874174794541, 0.28783980558550876, -0.030667476901596883]], "T": [-0.07901021894870328, 0.1449300342219753, -0.05073379515393889], "aligned_model": [[-0.6589501680763017, 0.2509018371422086, -0.5116128747734784, -0.0024734341110853736, 0.5545031578943272, -0.034765378139846204, -0.11540445240558553, -0.3218865226796196, 0.628739832683686, 0.5744069683859472, 0.18384385634587005, 0.060881507415597474], [-0.33935648624671744, -0.5549705683991317, 0.4927188374906098, -0.4079308721126264, 0.4533420931545719, 0.4375010440015933, -0.27180126652315273, 0.2295357853964587, -0.12022914270584334, -0.1708840287797136, 0.5061517115779617, 0.07201633086319814], [-0.0899445327114348, 0.058244704189640534, -0.2086641719574344, -0.46971921215181456, -0.2514474594374738, -0.5482922402354584, 0.5892324281250814, 0.40429727384238967, -0.06396095587652242, 0.571127671345731, 0.5751135347268128, -0.09140023110206538]], "inverted": true, "swapped": false, "error_lsq": 0.0508555275316982, "error_max": 0.2707627425929489, "target": "484.xyz", "model": "0.xyz", "model_rescale": 3.8414455957264533, "target_rescale": 3.8335509256217453},
{"mapping": [1, 4, 11, 0, 9, 13, 10, 12, 2, 6, 8, 14], "R": [[-0.42666891004843166, 0.5640985119922828, -0.7069275139405569], [-0.4101793441501873, -0.8173297316607578, -0.4046294791236499], [-0.8060437623545051, 0.11732424519870764, 0.5801107434429637]], "T": [0.13285050275909155, -0.05985731795816768, 0.02107424909046579], "aligned_model": [[-0.6213824357170001, 0.18927626826908264, -0.6481208742078142, -0.08174163345665245, 0.6457476293493847, -0.004475938027412585, -0.0814333076064396, -0.3972382888948472, 0.7200302254208428, 0.668446460294905, 0.16507433080685358, 0.0540018934508181], [-0.46915207485369814, -0.5419735443260154, 0.23276927285258925, -0.15651573035832353, 0.3512928125540658, 0.5893914122999337, -0.05059297301009008, 0.3861314155576708, -0.5012040754098345, -0.06675241718445554, 0.6467385116642099, -0.09403917206884368], [-0.08896377917381587, -0.22427715626036693, -0.15419351417153007, -0.6645821779149346, -0.16168731062228045, -0.34561981352642984, 0.6709803353354726, 0.34105778992792624, 0.09205129185923265, 0.5895077119175567, 0.37319121256536497, 0.04712221882125628]], "inverted": true, "swapped": false, "error_lsq": 0.056618179892322595, "error_max": 0.35839875857643766, "target": "484.xyz", "model": "1.xyz", "model_rescale": 4.316132596720782, "target_rescale": 3.8335509256217453},
{"mapping": [9, 1, 7, 10, 6, 3, 0, 5, 8, 2, 4, 11], "R": [[-0.24607071476051856, 0.11009920330928147, 0.9629783843721049], [0.8922102015591994, -0.3624501423310442, 0.26942689278893217], [0.37869533872354505, 0.9254772065020658, -0.009043266787629567]], "T": [0.014850528616525485, -0.015480106033291467, 0.028256964870261022], "aligned_model": [[-0.598494303924383, 0.07137820248620323, -0.6501926814915485, 0.15026263315178484, 0.6062340722178263, -0.1333300010918888, -0.08750485020123035, -0.4913525782644048, 0.6453362706547126, 0.6608829344732041, 0.3420269147738964, 0.09293771689754794], [-0.4299119637208069, -0.5446632455053985, 0.25617530453818027, -0.1606505239456092, 0.4656007798526512, 0.597711496458126, -0.1018935797185812, 0.2476316157959632, -0.378514607411371, -0.23587879453558197, 0.527402667686147, 0.08308428822348984], [-0.01652982962379231, 0.1348735226375007, -0.5050178108093601, -0.5699277142195535, -0.2798382291725461, -0.15355502067649174, 0.7253725554140104, 0.3287407719832845, -0.2120132906933799, 0.512810316354392, 0.467077699882219, 0.042593837681168374]], "inverted": true, "swapped": false, "error_lsq": 0.0611843966392552, "error_max": 0.3673066578873595, "target": "484.xyz", "model": "2.xyz", "model_rescale": 3.795458400668931, "target_rescale": 3.8335509256217453},
{"mapping": [10, 4, 2, 0, 7, 1, 5, 6, 7, 9, 8, 11], "R": [[-0.9464364344309607, 0.23710634961178284, 0.21917722179867444], [0.13574707362567504, 0.9080792110207977, -0.39618793332699026], [-0.2929689532760697, -0.34521402851799216, -0.8916257437572691]], "T": [-0.04227376200409785, 0.037722673249384386, 0.04958051673423667], "aligned_model": [[-0.5604579014262869, 0.0861466967786802, -0.750760789284988, 0.05282329876678754, 0.7011921397255586, -0.03211314754989035, -0.15216451181041024, -0.28283929925432105, 0.7011921397255586, 0.5440260321181631, 0.26860987635683065, 0.03252979553603838], [-0.4785822511749319, -0.5784855385546636, 0.26342959819547296, -0.1594079494735684, 0.029223273650656204, 0.5408666537333744, -0.3694598828921669, 0.4840607148508553, 0.029223273650656204, -0.08493327383917082, 0.6710737900425909, -0.020914970471895715], [-0.013070565192969306, -0.07187053840681581, -0.1370416352763065, -0.7016211943882423, -0.12502907575066116, -0.32858841215375484, 0.6116757085214135, 0.34992510471241056, -0.12502907575066116, 0.6786772603780719, 0.38540884086370164, -0.04884960879873509]], "inverted": true, "swapped": false, "error_lsq": 0.05923047450348082, "error_max": 0.4290101965890647, "target": "484.xyz", "model": "3.xyz", "model_rescale": 3.7530521520055578, "target_rescale": 3.8335509256217453},
{"mapping": [10, 6, 8, 1, 4, 0, 5, 7, 2, 3, 11], "R": [[0.6013521513428313, -0.5495045826776113, -0.5800175029183631], [-0.7260012960206559, -0.6789192802238808, -0.10950218772525], [-0.33361311163033874, 0.4869428349987217, -0.8072106089439928]], "T": [-0.03647963974047218, -0.027828971042329075, -0.028174395806879964], "aligned_model": [[-0.4630428065996759, -0.27460043661099015, 0.4172762836448687, 0.3467120148712365, 0.2414648989583552, -0.14184694513695734, -0.10265877919074735, -0.6473833565098933, -0.5229062892880868, 0.5178253757339418, -0.032640357426846615], [-0.6888194833491982, 0.13646191132096203, -0.43627839061991963, 0.3798512884203728, -0.7349946448697509, 0.6340751696642658, -0.30462734727399454, -0.006649573261032032, 0.2987906379516921, 0.2573485986384969, -0.0679548083075481], [-0.10575400395892642, -0.6653450219039228, -0.3834499582732335, -0.3527160331034127, 0.18036547708028672, 0.1799754081321071, 0.4459049657806729, -0.07905386415931137, 0.5863252550571748, 0.32083084052473, -0.03425228793084849]], "inverted": false, "swapped": true, "error_lsq": 0.054830562992170775, "error_max": 0.2835431210630999, "target": "484.xyz", "model": "4.xyz", "model_rescale": 3.7855080009869324, "target_rescale": 3.8335509256217453},
{"mapping": [8, 10, 13, 15, 2, 12, 7, 6, 3, 5, 1, 16], "R": [[0.10670315066695601, -0.4670882547167985, -0.8777488250879975], [-0.3524782908304491, -0.8432259513387177, 0.40586826616792765], [-0.9297168881605788, 0.2660799828895996, -0.2546133354215372]], "T": [0.06005068176614263, 0.09779634818225404, 0.033472957268880436], "aligned_model": [[-0.47035604559774985, 0.1460176335386313, -0.5725572930664528, -0.17623132534605485, 0.6919981448050749, -0.058291604500556884, -0.1194430478372414, -0.4577210861192769, 0.7200517660969897, 0.5326766102263482, 0.2875629783022048, 0.08447759917980396], [-0.34928449299915487, -0.6257773215583523, 0.2681492399263575, -0.3682628534100064, 0.35755973373090155, 0.6900236113011762, -0.31820889679438835, 0.1944058075697278, -0.11671921282821145, -0.27173300149644364, 0.7636326553373695, 0.10230816893823308], [-0.08525908970778609, 0.03735905239676692, -0.27580795279189674, -0.6039262429283524, -0.24750938215061646, -0.28009878111006586, 0.6302066575581297, 0.41903239082566646, 0.00521967134119649, 0.576774012018888, 0.3127651089457496, -0.01416863564022832]], "inverted": false, "swapped": false, "error_lsq": 0.04580251963275355, "error_max": 0.2451036709546905, "target": "484.xyz", "model": "5.xyz", "model_rescale": 4.2253639853439635, "target_rescale": 3.8335509256217453},
{"mapping": [1, 0, 10, 4, 6, 2, 9, 8, 7, 12, 11, 13], "R": [[-0.6565897370154834, 0.45328569666046403, -0.6028449174115813], [0.6320450518780741, -0.10549650184360015, -0.7677170966542337], [-0.4115932089361789, -0.8851003136943298, -0.21722906125980923]], "T": [0.016531829181414964, 0.06111604630633512, 0.01371700953185307], "aligned_model": [[-0.5793445616056614, 0.21211328487670353, -0.6202516267901134, -0.16703597812998597, 0.5534925312274364, 0.0008472397608029758, -0.15250631889469318, -0.5059940871206029, 0.7570072708054996, 0.7055292536470575, 0.3492339097564181, 0.05509341214885874], [-0.35315777073402566, -0.7156693267389126, 0.4173642532131035, -0.22496428260800755, 0.38094750776681435, 0.4266452054973589, -0.28448130059858695, 0.28569352641400775, -0.22351573014449827, -0.013294893533598681, 0.5780607283178772, 0.05246552086567676], [-0.09589281382191328, 0.0513338639679539, -0.2621570915827824, -0.6070665419042911, -0.13826657129649458, -0.5487010195826504, 0.48762101436053323, 0.48530634128132727, 0.005226531749583582, 0.6390883596758139, 0.49082424080616344, -0.03272950489579202]], "inverted": true, "swapped": false, "error_lsq": 0.046689426696653165, "error_max": 0.23644723765683384, "target": "484.xyz", "model": "6.xyz", "model_rescale": 3.89814844738969, "target_rescale": 3.8335509256217453},
{"mapping": [5, 9, 1, 6, 7, 0, 10, 2, 8, 11, 4, 12], "R": [[-0.021035060819709905, -0.6200823285366175, 0.7842546984576616], [0.7938526270137785, -0.48719803524471034, -0.36391768442467476], [0.6077462733737117, 0.614927621993272, 0.5025022257762302]], "T": [0.15202990593027566, 0.11934263970269378, -0.011073864182113688], "aligned_model": [[-0.4618241608497038, 0.022894948654499203, -0.6319638778930494, 0.019501104245516265, 0.6439421144680603, -0.06632451541470269, -0.17765405778983906, -0.39704868158379303, 0.6341006408584761, 0.7283893752451452, 0.21203194143624526, 0.08213949830486622], [-0.3466746785088808, -0.7519626179997796, 0.22675477581878678, -0.2393430556325873, 0.5427504026239542, 0.5061044574618617, -0.14686914211607027, 0.3887794839666828, -0.3113468239465801, -0.17526396524682297, 0.5182587210810924, 0.11490588021555205], [-0.10374342687343473, 0.13757737107687779, -0.3087532084020377, -0.5688879368923906, -0.11118842324046874, -0.40317975609274637, 0.5883787480724324, 0.3459476144540948, -0.210576156755456, 0.47509182740277317, 0.4916800558792988, 0.1422401001285088]], "inverted": false, "swapped": false, "error_lsq": 0.052284438583703824, "error_max": 0.3291515880001447, "target": "484.xyz", "model": "7.xyz", "model_rescale": 3.7474275329858107, "target_rescale": 3.8335509256217453},
{"mapping": [7, 8, 10, 9, 13, 12, 3, 0, 4, 2, 1, 14], "R": [[-0.9902125533799647, 0.043362202720698184, 0.1326605386086604], [0.0125351159402236, -0.9190387785294364, 0.393967758106532], [0.1390034891543948, 0.39177473493620135, 0.9095001853043095]], "T": [-0.031809874557059456, 0.04231985375987256, 0.0010937996153426721], "aligned_model": [[-0.574508440785531, 0.3075612307756522, -0.6830764991448739, -0.09572992666705242, 0.6704050491783365, 0.044314683364129026, -0.18439048809300307, -0.3887821558654159, 0.7137373405179046, 0.572952485144121, 0.2005424206992626, 0.025158630558191217], [-0.23363490425966182, -0.5430760180336126, 0.37910985593677093, -0.5037030744304138, 0.37321539785721247, 0.5774252755734027, -0.343152611402878, 0.28665587429590317, -0.18968690196361632, -0.05217257100080795, 0.518343915381015, 0.056769199763894856], [-0.3042009262872819, 0.08682151980504282, -0.19303924193076233, -0.5262709971972239, -0.4522429057950909, -0.29641226423281347, 0.5861277062899553, 0.49816918330788246, -0.04948348024580253, 0.5789546529367573, 0.5342122889745866, 0.011951273132201876]], "inverted": true, "swapped": false, "error_lsq": 0.05063389811818314, "error_max": 0.2983630791991783, "target": "484.xyz", "model": "8.xyz", "model_rescale": 4.019505241142653, "target_rescale": 3.8335509256217453},
{"mapping": [0, 7, 3, 4, 11, 5, 1, 2, 8, 9, 6, 12], "R": [[0.15628668249390248, 0.2875931290168615, 0.944915162867726], [0.6155299420036288, 0.7198268892786737, -0.3208927234581638], [-0.7724618847374022, 0.6317748345840305, -0.06452282552912127]], "T": [0.07652978757704385, 0.09497355548451657, 0.17979449727557323], "aligned_model": [[-0.3634228587450845, 0.10738156177987859, -0.5590365221844495, -0.1503389137736695, 0.6283818555503575, 0.07060247264108617, -0.06227081867462672, -0.46808146521930316, 0.5559816910040943, 0.6468472842504933, 0.11074426421639497, 0.09139577883654867], [-0.3658155378079695, -0.7523938199081878, 0.2838272198498277, -0.2453351070171424, 0.3286028228840138, 0.5207252348280066, -0.20745012360675175, 0.3134866064828165, -0.2331012717196721, -0.2182548332019379, 0.7865142017874283, 0.1152880451467768], [0.05032960408852166, -0.1373816197703242, -0.36687776934650324, -0.5415343305255162, 0.012085867560400781, -0.33907455519894586, 0.767654695111442, 0.2547797764153208, -0.16463214432060436, 0.3894751853216116, 0.40039083012393145, 0.14937126929811645]], "inverted": false, "swapped": false, "error_lsq": 0.06478459294996002, "error_max": 0.3477944426069856, "target": "484.xyz", "model": "9.xyz", "model_rescale": 3.877068213659057, "target_rescale": 3.8335509256217453},
{"mapping": [13, 3, 14, 6, 11, 10, 4, 2, 0, 1, 8, 15], "R": [[-0.34372672433757556, -0.1182590315371459, 0.9315936562880068], [0.5390947892065673, -0.8371348152353549, 0.09263967493031927], [0.7689140050919138, 0.5340600177702548, 0.35149843554808047]], "T": [0.052092171929996274, -0.010356289949928522, 0.04390051011766372], "aligned_model": [[-0.6752484019146962, 0.029195096794689936, -0.5579820797780913, -0.0726483464974445, 0.5249792528192377, -0.03090013386644646, -0.12529742688770304, -0.4449589532822049, 0.842013560883981, 0.6296328457182778, 0.3478643247018366, 0.14153459099028376], [-0.2338572991605664, -0.6433636022456302, 0.3652925242846468, -0.2820429706385136, 0.4478199171461468, 0.37818882978965057, -0.40498959620355346, 0.21530780641761552, 0.08852415655920107, -0.19806593149910992, 0.5942668254892561, -0.0009872222219346454], [-0.0927065339348716, 0.004672850760454199, -0.2662912409099224, -0.4954794354899943, -0.289427628872747, -0.5437692496667106, 0.5643696865071973, 0.4212216630966739, 0.04749108179260642, 0.6636734288492668, 0.42109098949038537, 0.03974119713511318]], "inverted": true, "swapped": false, "error_lsq": 0.045693366714802695, "error_max": 0.2805832096916193, "target": "484.xyz", "model": "10.xyz", "model_rescale": 4.260839863003843, "target_rescale": 3.8335509256217453},
{"mapping": [8, 1, 9, 2, 5, 4, 7, 10, 3, 0, 6, 11], "R": [[-0.270048151604761, 0.015359500089346279, -0.9627243019535017], [-0.36413463716697375, 0.9239829024389183, 0.11688268484180364], [0.8913360543757489, 0.3821252173797974, -0.24392694892593197]], "T": [0.010719955317560065, 0.01731298646877112, 0.027255588145705518], "aligned_model": [[-0.6163944412607785, 0.20410019568424742, -0.6345626613518831, 0.010858648512630756, 0.4609170663551373, -0.044792661077110246, -0.09632364318294082, -0.3369384765443436, 0.635571598419923, 0.606674805658996, 0.39417898505638316, 0.024894913411459087], [-0.33102274272299614, -0.6796933639946771, 0.2751794763267524, -0.319388503394348, 0.5137054541213575, 0.49592625406891183, -0.19605507672373707, 0.4766139245086938, -0.14756341449574195, -0.19026646765060917, 0.45905156848120443, -0.030393670807602025], [-0.0044171198434904795, 0.020409188315245522, -0.3637028229286324, -0.5702301553073098, -0.05950835320721365, -0.5240615148897031, 0.6376827884831303, 0.2752677957347065, -0.26635855989561935, 0.6369955786638315, 0.6281561891835414, 0.06435379444896451]], "inverted": false, "swapped": false, "error_lsq": 0.060063316909149504, "error_max": 0.34075152134721376, "target": "484.xyz", "model": "11.xyz", "model_rescale": 3.890672605050136, "target_rescale": 3.8335509256217453},
{"mapping": [11, 6, 10, 1, 3, 4, 5, 12, 8, 8, 7, 13], "R": [[0.2988307455644693, -0.8974023222672283, -0.3246063115448764], [0.7358831450199963, 0.00012346924383465838, 0.6771085449400451], [-0.6075987017603499, -0.44121316474549094, 0.6604201396644456]], "T": [-0.03806228153846965, -0.11946204287241201, -0.02916699490410868], "aligned_model": [[-0.514058941560143, 0.07969887716470352, -0.7937158110282461, 0.16891735463095903, 0.6749848251632359, -0.05547141346186729, -0.009860821116415022, -0.38569638403844225, 0.6263762077659648, 0.6263762077659648, 0.22107357998036298, -0.03043935158435717], [-0.30601769503193027, -0.6835425861739315, 0.3520422343135164, -0.44614812470206217, 0.4529684173581985, 0.4750488436199982, -0.044333787430365854, 0.38705788495558935, -0.20766083850707534, -0.20766083850707534, 0.5118740598522676, 0.04246586797007966], [-0.2326033048165736, -0.027219147090218276, -0.10798301109105457, -0.704247674927023, -0.15936049637992533, -0.39972167614943277, 0.7444818949027323, 0.39240178980038964, 0.23528245625351535, 0.23528245625351535, 0.48193720283614316, 0.016336319165383216]], "inverted": false, "swapped": false, "error_lsq": 0.05429387339336066, "error_max": 0.4053193290895115, "target": "484.xyz", "model": "12.xyz", "model_rescale": 4.124412569039231, "target_rescale": 3.8335509256217453},
{"mapping": [8, 6, 11, 9, 5, 10, 1, 2, 0, 0, 4, 12], "R": [[-0.34444140138396995, -0.889464808685638, 0.3003539164427005], [0.9382068961705616, -0.33757413489644206, 0.07623334852228422], [0.03358483274706378, 0.3080520370955864, 0.9507765255046065]], "T": [0.1999070238347486, -0.06663982285840911, -0.0772789414459441], "aligned_model": [[-0.49180574122401166, -0.043750760629268526, -0.7032335132155688, -0.022351046052772078, 0.7537411243288016, -0.11798674532533118, -0.08167876737530319, -0.4351869420994493, 0.6726342772439057, 0.6726342772439057, 0.2724604280314293, 0.1327077387553825], [-0.2534058062720339, -0.6805132732542664, 0.2739356741217128, -0.3730894746663672, 0.44334143091809375, 0.5561978115093985, -0.32351442830968946, 0.3391191359954373, -0.1031870713839218, -0.1031870713839218, 0.5156291796423967, 0.03476733080036992], [-0.037933814775050756, 0.029506290460210235, -0.319968789873319, -0.5923820702241018, -0.1605423127366979, -0.3131316604080587, 0.6421577674948711, 0.340346291738948, 0.25732625263130626, 0.25732625263130626, 0.4461473360905553, -0.07426473427251756]], "inverted": false, "swapped": false, "error_lsq": 0.048956421181097394, "error_max": 0.3770953124493305, "target": "484.xyz", "model": "13.xyz", "model_rescale": 3.9028299243045295, "target_rescale": 3.8335509256217453},
{"mapping": [2, 1, 0, 6, 7, 3, 12, 5, 9, 14, 10, 15], "R": [[-0.4823169694328212, 0.4779929352809997, 0.7340933829006999], [0.041612842391559435, -0.8245612748194796, 0.5642402639090642], [0.8750078355907647, 0.30269036636392854, 0.37780925050246783]], "T": [-0.06367009318605467, 0.02508100596605529, 0.1060333552569586], "aligned_model": [[-0.6243236192959872, 0.0027764920638998353, -0.7187180406163535, 0.20412832649139634, 0.6216060665474551, -0.14865997176958334, -0.21227223145605628, -0.27865904474597775, 0.6772883016698982, 0.6414515211357806, 0.400471418651872, 0.043095111005376455], [-0.33789909443450916, -0.5975123634547062, 0.4187602947214397, -0.23678210939197908, 0.49046544989681046, 0.2573264430245968, -0.36600303545148705, 0.2932358362742082, -0.10572171833324208, -0.06963383528515125, 0.5465290374459142, 0.03332853270531412], [-0.20390670335031452, -0.06763616827762685, -0.2151289299154075, -0.445437385111451, -0.26062978726670105, -0.4662674596489746, 0.6621007666478722, 0.4854731678026685, -0.08029098795142157, 0.6322303341972417, 0.36683444709431734, 0.06724551453724842]], "inverted": false, "swapped": false, "error_lsq": 0.0468809477694729, "error_max": 0.29209578251816365, "target": "484.xyz", "model": "14.xyz", "model_rescale": 3.942246331269136, "target_rescale": 3.8335509256217453},
{"mapping": [7, 8, 9, 0, 3, 5, 11, 10, 12, 13, 4, 14], "R": [[-0.2523594714467017, -0.9469320073287202, 0.19908407939245742], [0.8693750266603568, -0.31221771235765966, -0.3830237108971897], [0.42485498724911486, 0.07641906559590123, 0.9020301359838285]], "T": [0.03279945177178159, 0.06934737712706021, 0.026790172520687133], "aligned_model": [[-0.5940115039783566, -0.0650179358735056, -0.7180141520033541, 0.05320636621315224, 0.5371491705964857, 0.02346118166374181, -0.06209719110806558, -0.32785649122445626, 0.8236250468746737, 0.6308756567739542, 0.2429235721448548, 0.0639406096025956], [-0.37003790189518637, -0.696147315044708, 0.31850552824023365, -0.40352208712894544, 0.564222320020991, 0.45184978320178204, -0.2175736489628516, 0.506838805521231, -0.1078920350591597, -0.15607650203528708, 0.40795635628004423, 0.0279701345790649], [-0.35403539182495936, 0.08415358611239285, -0.12274729520035077, -0.5359668891724366, -0.10465594768762224, -0.4795538451664503, 0.6770070414299743, 0.4598364251384469, -0.07931037913098085, 0.5292031244028167, 0.4567387626998166, -0.056082382843195624]], "inverted": false, "swapped": false, "error_lsq": 0.04949813505927639, "error_max": 0.24886553256164268, "target": "484.xyz", "model": "15.xyz", "model_rescale": 4.355366556412066, "target_rescale": 3.8335509256217453},
{"mapping": [9, 1, 7, 10, 6, 3, 0, 5, 8, 2, 4, 11], "R": [[-0.24607071476051856, 0.11009920330928147, 0.9629783843721049], [0.8922102015591994, -0.3624501423310442, 0.26942689278893217], [0.37869533872354505, 0.9254772065020658, -0.009043266787629567]], "T": [0.014850528616525485, -0.015480106033291467, 0.028256964870261022], "aligned_model": [[-0.598494303924383, 0.07137820248620323, -0.6501926814915485, 0.15026263315178484, 0.6062340722178263, -0.1333300010918888, -0.08750485020123035, -0.4913525782644048, 0.6453362706547126, 0.6608829344732041, 0.3420269147738964, 0.09293771689754794], [-0.4299119637208069, -0.5446632455053985, 0.25617530453818027, -0.1606505239456092, 0.4656007798526512, 0.597711496458126, -0.1018935797185812, 0.2476316157959632, -0.378514607411371, -0.23587879453558197, 0.527402667686147, 0.08308428822348984], [-0.01652982962379231, 0.1348735226375007, -0.5050178108093601, -0.5699277142195535, -0.2798382291725461, -0.15355502067649174, 0.7253725554140104, 0.3287407719832845, -0.2120132906933799, 0.512810316354392, 0.467077699882219, 0.042593837681168374]], "inverted": true, "swapped": false, "error_lsq": 0.0611843966392552, "error_max": 0.3673066578873595, "target": "484.xyz", "model": "16.xyz", "model_rescale": 3.795458400668931, "target_rescale": 3.8335509256217453},
{"mapping": [5, 9, 1, 6, 7, 0, 10, 2, 8, 11, 4, 12], "R": [[-0.021035060819709905, -0.6200823285366175, 0.7842546984576616], [0.7938526270137785, -0.48719803524471034, -0.36391768442467476], [0.6077462733737117, 0.614927621993272, 0.5025022257762302]], "T": [0.15202990593027566, 0.11934263970269378, -0.011073864182113688], "aligned_model": [[-0.4618241608497038, 0.022894948654499203, -0.6319638778930494, 0.019501104245516265, 0.6439421144680603, -0.06632451541470269, -0.17765405778983906, -0.39704868158379303, 0.6341006408584761, 0.7283893752451452, 0.21203194143624526, 0.08213949830486622], [-0.3466746785088808, -0.7519626179997796, 0.22675477581878678, -0.2393430556325873, 0.5427504026239542, 0.5061044574618617, -0.14686914211607027, 0.3887794839666828, -0.3113468239465801, -0.17526396524682297, 0.5182587210810924, 0.11490588021555205], [-0.10374342687343473, 0.13757737107687779, -0.3087532084020377, -0.5688879368923906, -0.11118842324046874, -0.40317975609274637, 0.5883787480724324, 0.3459476144540948, -0.210576156755456, 0.47509182740277317, 0.4916800558792988, 0.1422401001285088]], "inverted": false, "swapped": false, "error_lsq": 0.052284438583703824, "error_max": 0.3291515880001447, "target": "484.xyz", "model": "17.xyz", "model_rescale": 3.7474275329858107, "target_rescale": 3.8335509256217453},
{"mapping": [7, 1, 12, 11, 8, 10, 2, 9, 0, 0, 4, 13], "R": [[0.013635032833261035, 0.732205558965018, 0.6809472118309621], [0.32713713096741603, 0.6402653942074319, -0.6950118866054086], [-0.9448785019366477, 0.23223962711201368, -0.23080158616619006]], "T": [0.00032281706444200337, 0.055773577805063784, -0.03704940291914387], "aligned_model": [[-0.6291523305833623, 0.21318100924680056, -0.6572718843250943, -0.21186177579557636, 0.6109810246612943, 0.03814971501775072, -0.018120136534976412, -0.41978206552876657, 0.6604323107329383, 0.6604323107329383, 0.32443482508027904, 0.036761326977495005], [-0.3573786603394776, -0.5985327316693139, 0.3596780193566428, -0.2765042193635111, 0.41076430333496083, 0.41325821146435227, -0.37427137975374547, 0.3389131746277563, -0.1298923243624897, -0.1298923243624897, 0.6532261018709932, 0.01672526691353065], [-0.059084571314873505, -0.10841508243356177, -0.22265172624277296, -0.6422814459139623, -0.1709620218206374, -0.626297426209991, 0.5273564047675366, 0.4000638800962601, 0.4414127376122663, 0.4414127376122663, 0.43963467460788824, 0.05439864799703281]], "inverted": true, "swapped": false, "error_lsq": 0.05548149733714511, "error_max": 0.37440886899544723, "target": "484.xyz", "model": "18.xyz", "model_rescale": 3.922800546911778, "target_rescale": 3.8335509256217453},
{"mapping": [1, 6, 0, 2, 7, 3, 8, 5, 11, 13, 12, 14], "R": [[0.6572151894537586, -0.07926348185821395, 0.7495235121028379], [-0.24596868262739394, 0.9174525011715982, 0.31269844141044756], [-0.712437788103498, -0.38986947628365487, 0.5834673851591914]], "T": [0.08440306438498786, -0.08912595632406156, 0.042834706642876585], "aligned_model": [[-0.5688759806790086, -0.06810105495381354, -0.5270962467968332, -0.07231296808256353, 0.644904306612004, 0.023480352330049706, -0.0631885306397154, -0.4771450527106725, 0.7715170334815685, 0.6232930043821726, 0.17515579054531455, 0.14655367619321769], [-0.4103485140379689, -0.7535707547644359, 0.3633549938640646, -0.19695552598338226, 0.4487058601172829, 0.48104791685060927, -0.26007312656406667, 0.3080611789791712, -0.20073898083552327, -0.03032979680046452, 0.6025757917204988, -0.025635604828576602], [-0.09142467527084297, 0.1478269698023044, -0.3032465234431927, -0.6477750470259384, -0.1436761877950381, -0.24060738813129534, 0.6115037141389926, 0.3736515924296289, -0.10769947220216794, 0.46468111354388564, 0.4060518304312267, 0.005300882279888716]], "inverted": false, "swapped": false, "error_lsq": 0.04539485444202088, "error_max": 0.2374980114399125, "target": "484.xyz", "model": "19.xyz", "model_rescale": 3.9282355846067225, "target_rescale": 3.8335509256217453},
{"mapping": [4, 6, 0, 5, 2, 1, 9, 11, 7, 12, 10, 13], "R": [[-0.9961995564716462, 0.0840932831419018, 0.02268839827117733], [0.06936532482743836, 0.9235094360012495, -0.37725160480538467], [-0.05267727590982275, -0.3742440932694464, -0.9258328484427685]], "T": [0.014702896111334726, -0.1453592169619668, 0.03826500236520339], "aligned_model": [[-0.6079918278638344, 0.06238439716199057, -0.5532691681638873, 0.23792614720786032, 0.5657446181275599, -0.05213970339997874, 0.010628871704128358, -0.44747102390186677, 0.6168670190063064, 0.5469913754689667, 0.23442070368308437, -0.005907079348609089], [-0.25269190643796546, -0.6901572767577562, 0.39960309279156686, -0.2045412904406744, 0.36213790007748986, 0.3949239778867552, -0.2071712446378454, 0.20945759074651876, -0.30206884400127376, -0.0216247668602636, 0.6347688465017283, 0.003457358848928588], [0.04820579927233937, -0.31917814354385454, -0.10533445218764462, -0.6207941866286609, -0.30454092983829684, -0.4766397777264565, 0.7271681165964504, 0.4552343920728231, 0.06889567769163718, 0.6895353808323453, 0.3304270098605546, -0.018392077643784963]], "inverted": true, "swapped": false, "error_lsq": 0.05617321646357771, "error_max": 0.3180338506022148, "target": "484.xyz", "model": "20.xyz", "model_rescale": 4.067790424073018, "target_rescale": 3.8335509256217453},
{"mapping": [2, 8, 3, 0, 9, 12, 5, 11, 7, 1, 10, 14], "R": [[-0.4297157558246583, -0.8986098869941846, 0.08856997342407674], [-0.6755476010722742, 0.25485419212968285, -0.6918704932568107], [0.5991492367361728, -0.3571408850162996, -0.7165686152548381]], "T": [-0.08573163560356267, -0.05430766547871106, 0.14299231162075338], "aligned_model": [[-0.6015715438235837, 0.20376903142955555, -0.6814360692424029, -0.03336122867933465, 0.5559913210551424, 0.007903145394240987, 0.013386291616649532, -0.36279978452796435, 0.5516228454930217, 0.6752664730452117, 0.32689571523269007, -0.047481867311506054], [-0.4233735109623972, -0.5455882464897985, 0.287453428980751, -0.29967890213804016, 0.35423440470051965, 0.5777897414300468, -0.3827727416572328, 0.5200412903892674, -0.2638739658369387, -0.08961525104702499, 0.5793309680704586, 0.012146222277597638], [-0.24613687300037518, 0.14379930222880744, -0.3590839761161993, -0.5214686174185854, -0.0161771680534874, -0.2797360442585335, 0.6233593078772537, 0.24971049996799172, -0.18338965538884594, 0.4478535166192629, 0.4584722205998606, 0.15738429570030105]], "inverted": true, "swapped": false, "error_lsq": 0.056484977201273455, "error_max": 0.3099353956279046, "target": "484.xyz", "model": "21.xyz", "model_rescale": 4.186013935880536, "target_rescale": 3.8335509256217453},
{"mapping": [7, 0, 10, 1, 8, 9, 6, 4, 2, 5, 11, 12], "R": [[0.8142505217086402, 0.3552857207063477, -0.4590949188995435], [0.16582802650787934, 0.6155358787724707, 0.7704652150281052], [0.5563246835452382, -0.7034825076759005, 0.4422840805097073]], "T": [0.06791449483300402, 0.03971203232219527, 0.08157141720001426], "aligned_model": [[-0.5863837283105789, 0.20343595631585493, -0.6066769608529793, 0.00011332873906969021, 0.613519115544317, 0.02544933398450682, -0.1933042881402495, -0.5063393306281182, 0.7591851832946259, 0.6632204870314713, 0.17796840787651413, 0.05799682482728677], [-0.21647545018346892, -0.6697974874200536, 0.45570541370586576, -0.4290413628197669, 0.5070646520667363, 0.38231776657808336, -0.2917408381003675, 0.27280086840226575, -0.14510988170055494, -0.18403456817823094, 0.5944538629595006, 0.049950462407199435], [-0.1295814868278805, 0.07725680492925607, -0.1795325988516573, -0.47591983147706773, -0.18594541849447932, -0.4344409675422777, 0.4445543246871446, 0.46040949238065204, -0.11255456827270358, 0.5221244906565016, 0.3628464005825432, 0.12537016698741993]], "inverted": false, "swapped": false, "error_lsq": 0.04564513963142191, "error_max": 0.23796479083276098, "target": "484.xyz", "model": "22.xyz", "model_rescale": 4.166573947596378, "target_rescale": 3.8335509256217453},
{"mapping": [8, 9, 0, 3, 6, 1, 10, 7, 12, 14, 5, 15], "R": [[0.8228585791818819, 0.5670400534505284, -0.037004546336860455], [-0.488628728593195, 0.6728224147631325, -0.555474539277639], [-0.2900788242188193, 0.47515847459045646, 0.8307097566326631]], "T": [0.11408028202153017, -0.06858677738715271, -0.06514369547878746], "aligned_model": [[-0.6220340180461937, 0.08361249016370423, -0.5285233227259547, 0.02398601725067398, 0.5971809372811332, 0.00930798521335463, -0.06369500692728172, -0.34920006275589044, 0.7639749630165967, 0.5322463279395312, 0.05438112880521232, 0.10694689046683499], [-0.4011990754279179, -0.6618399722920264, 0.43013499727057325, -0.3887145283864436, 0.4901199517061211, 0.5832470324593888, -0.14076435359256337, 0.22557594144187162, -0.14017575628094642, -0.3296340101041586, 0.6597356573724371, -0.00039244644912660165], [-0.1049423970786171, 0.021870824439225195, -0.13650868329355026, -0.5659709097070074, -0.24835990578917838, -0.33390848303404724, 0.6588228626137513, 0.39336395401492213, -0.021631893120326533, 0.5537014091736965, 0.3311446128681322, -0.07299458232954899]], "inverted": false, "swapped": false, "error_lsq": 0.04413600834106751, "error_max": 0.2688828430098478, "target": "484.xyz", "model": "23.xyz", "model_rescale": 4.274766983524099, "target_rescale": 3.8335509256217453},
{"mapping": [1, 8, 9, 6, 10, 7, 0, 5, 3, 4, 11], "R": [[-0.2221827697951735, 0.4114943099666535, 0.883915861194499], [-0.9187190940367889, -0.39192514160284264, -0.048475866488533415], [0.3264813058329179, -0.8228408814860013, 0.4651266931675426]], "T": [-0.025997394903145402, -0.03144405523933522, 0.10638280611463785], "aligned_model": [[0.2534209968909256, 0.12613853106887907, -0.3453715165976125, -0.47816204140848545, -0.5742140901522542, -0.5767448158482938, 0.11567308842206853, 0.06491992491966558, 0.6720753581988517, 0.15609678948020342, -0.033937521015873204], [-0.245368718585215, 0.5470359926495487, 0.608243767118477, -0.16056718651369378, 0.4690227536551187, -0.23220774534330219, -0.7173404553703211, 0.13447168105081805, -0.1817941571040869, 0.6857541155469409, 0.008336484139198484], [-0.4363214533106186, -0.2693319605228304, -0.5610707928348779, -0.41183892645884485, 0.37818165917848534, 0.28697034004487165, 0.15134171905351557, 0.6259540428797807, 0.1281596208930298, 0.3771111335033204, 0.11041105159574557]], "inverted": true, "swapped": true, "error_lsq": 0.05229605510883351, "error_max": 0.23117258872653204, "target": "484.xyz", "model": "24.xyz", "model_rescale": 3.7841303162186577, "target_rescale": 3.8335509256217453},
{"mapping": [5, 4, 12, 3, 11, 13, 8, 9, 7, 0, 10, 15], "R": [[-0.8441850544443253, -0.2160575511472115, 0.4905820302916748], [0.10271656451592052, -0.9634160015669423, -0.24754578424770735], [0.5261187140055734, -0.15858355058780796, 0.8354940791268877]], "T": [0.0878985615972239, 0.006738222731918542, 0.1469785252506404], "aligned_model": [[-0.6009323120834469, -0.08097180401597237, -0.5740361408462826, -0.037771535298302655, 0.5363456507045635, -0.07823627904513833, -0.040375405180232554, -0.3396373890068095, 0.728949338490263, 0.5918933549193494, 0.3872962523491149, 0.11566059869461426], [-0.3339315141681574, -0.6833692377414038, 0.2350714707396966, -0.2241851733092392, 0.3297758580471862, 0.4486545154368043, -0.2841536084418921, 0.30498225625832764, 0.10142015504492162, -0.19540643212185166, 0.6538612248112396, -0.02662607683842299], [-0.27586293826546315, -0.08092240821625543, -0.14436025346475947, -0.6145221638759283, -0.3859093274949068, -0.4768076578584016, 0.6453614258826608, 0.4123164530580449, 0.2007818080367874, 0.6434226169365335, 0.45818255515623285, 0.09290669886290676]], "inverted": true, "swapped": false, "error_lsq": 0.0461775285048401, "error_max": 0.28278784115375455, "target": "484.xyz", "model": "25.xyz", "model_rescale": 4.19342608120988, "target_rescale": 3.8335509256217453},
{"mapping": [9, 1, 7, 10, 6, 3, 0, 5, 8, 2, 4, 11], "R": [[-0.24607071476051856, 0.11009920330928147, 0.9629783843721049], [0.8922102015591994, -0.3624501423310442, 0.26942689278893217], [0.37869533872354505, 0.9254772065020658, -0.009043266787629567]], "T": [0.014850528616525485, -0.015480106033291467, 0.028256964870261022], "aligned_model": [[-0.598494303924383, 0.07137820248620323, -0.6501926814915485, 0.15026263315178484, 0.6062340722178263, -0.1333300010918888, -0.08750485020123035, -0.4913525782644048, 0.6453362706547126, 0.6608829344732041, 0.3420269147738964, 0.09293771689754794], [-0.4299119637208069, -0.5446632455053985, 0.25617530453818027, -0.1606505239456092, 0.4656007798526512, 0.597711496458126, -0.1018935797185812, 0.2476316157959632, -0.378514607411371, -0.23587879453558197, 0.527402667686147, 0.08308428822348984], [-0.01652982962379231, 0.1348735226375007, -0.5050178108093601, -0.5699277142195535, -0.2798382291725461, -0.15355502067649174, 0.7253725554140104, 0.3287407719832845, -0.2120132906933799, 0.512810316354392, 0.467077699882219, 0.042593837681168374]], "inverted": true, "swapped": false, "error_lsq": 0.0611843966392552, "error_max": 0.3673066578873595, "target": "484.xyz", "model": "26.xyz", "model_rescale": 3.795458400668931, "target_rescale": 3.8335509256217453},
{"mapping": [11, 8, 4, 9, 0, 3, 5, 10, 1, 6, 7, 12], "R": [[-0.33236768423976343, 0.9398989241849938, -0.0782415157636184], [0.39649263794114314, 0.21451410936433163, 0.8926238205101302], [0.8557600776687182, 0.26565712713857165, -0.44396056161432884]], "T": [0.06522334747502599, -0.06646035253510314, -0.10340482325015285], "aligned_model": [[-0.5612325457605191, 0.09215980971029877, -0.6821167689203447, 0.026848347763088233, 0.6959950136408873, 0.05897360454152641, 0.06270292605043949, -0.449883096333319, 0.551246509723504, 0.6161632635685732, 0.09843010849561017, 0.09889715720197584], [-0.4114293130922539, -0.6827929560884739, 0.24425696498756527, -0.059953276878753056, 0.4714623349582036, 0.6432077491626526, -0.06365546235551801, 0.24223671976508293, -0.39201500980509096, -0.28062532409900814, 0.5720851031201427, 0.04331590804265943], [-0.11454133149594808, 0.2841003494966682, -0.3126909471433921, -0.5310253413253728, -0.16696172323147243, -0.30689606383270485, 0.6494870999016082, 0.2800764639199591, -0.1936756459950434, 0.47260345228565326, 0.3979584290071023, 0.0161520671703939]], "inverted": true, "swapped": false, "error_lsq": 0.06359084490707453, "error_max": 0.3851271817525159, "target": "484.xyz", "model": "27.xyz", "model_rescale": 3.6321398670334006, "target_rescale": 3.8335509256217453},
{"mapping": [9, 13, 10, 11, 5, 0, 7, 8, 1, 4, 3, 14], "R": [[0.23937294018175115, 0.9230978448826854, -0.3009833289099004], [0.6764927181923743, -0.38093132055239615, -0.6302768687290533], [-0.696461196149101, -0.05274180310862697, -0.7156536204501549]], "T": [-0.0312118997637173, -0.018000725361620375, 0.09326493093968093], "aligned_model": [[-0.5006202302409564, 0.13426934758390008, -0.6410274633651285, -0.09853608000228739, 0.6198882887130425, -0.020565194478948806, 0.016183293778634117, -0.3794665196545196, 0.6327848115648971, 0.5241270552120915, 0.3073376972988253, 0.013809323272170451], [-0.44713455753457415, -0.7161052545370705, 0.24788441291899013, -0.13577875964787908, 0.44487993458574426, 0.4896709873613789, 0.16799045595595474, 0.25928229011289644, -0.09308493940768917, -0.36448621311973745, 0.5293992730971513, -0.056424192067956465], [-0.1118499992418036, -0.2962775635779899, -0.30935362877608785, -0.5345261376600424, -0.2724936790492326, -0.2694577923453679, 0.8442964616393129, 0.35568151739837783, 0.0661001689828103, 0.6012154248053995, 0.3326338762487574, 0.0686181603333177]], "inverted": true, "swapped": false, "error_lsq": 0.06489166587184476, "error_max": 0.5089536723482508, "target": "484.xyz", "model": "28.xyz", "model_rescale": 4.156811204709835, "target_rescale": 3.8335509256217453},
{"mapping": [1, 3, 8, 4, 2, 0, 6, 7, 10, 11], "R": [[-0.6310083796823763, -0.6572610398082059, 0.4121120603923864], [-0.36315422908174805, -0.2191661463758855, -0.9055855598356155], [0.6855271188440784, -0.7210923143627173, -0.10039145131113908]], "T": [-0.12324590965007975, -0.019185386797285472, -0.037393267337274605], "aligned_model": [[-0.5184375960740415, -0.0713099015739253, 0.18735889081954854, 0.6480970883553742, -0.25732024917715324, -0.6270326363895611, -0.6074356086095506, -0.32114154840597375, 0.30061589957636314, -0.09046896441049221], [-0.1495753060303484, -0.6621012061577598, 0.26072247536525894, 0.0683888949791439, -0.43650131737643355, -0.46795941479797115, 0.47347789911875515, 0.2689481244003072, 0.5590866826326323, 0.004233498492619385], [-0.5325582018818458, -0.34455259357888274, -0.606710699242494, -0.17224896805249054, 0.6897742242675196, 0.15585917679746175, -0.14929785537012935, 0.466647439589498, 0.29551177719975513, -0.04363757275329278]], "inverted": true, "swapped": true, "error_lsq": 0.05605805509823346, "error_max": 0.26477657041286995, "target": "484.xyz", "model": "29.xyz", "model_rescale": 4.117894457231895, "target_rescale": 3.8335509256217453},
