[{"mapping": [12, 9, 13, 14, 7, 10, 8, 3, 2, 0, 1, 11, 4, 16], "R": [[0.4247255328856321, 0.8087303465952024, -0.406894885948472], [-0.6428276625712889, 0.5858789890673036, 0.49347584176189185], [0.6374800529806006, 0.05197149858796207, 0.768712004190368]], "T": [-0.028512936110610225, 0.09908006202645757, 0.1425235916838842], "aligned_model": [[0.19742975559464393, 0.2988105803663389, -0.3086632348339881, -0.6646079300987396, -0.7404626091276384, -0.15151601326178663, -0.6702782230156544, -0.030741555040968475, -0.2287827633616555, 0.18077036659479892, 0.6073478480432648, 0.34742892025266026, 0.5860385075358088, -0.05128154851878011], [-0.5765621565216895, -0.36576145501704355, -0.40019732484647463, -0.2408385292485301, 0.004778659325274617, 0.20360797118840468, 0.3342862248072062, 0.5354975679640093, 0.7362248668859228, -0.0589069909704648, 0.4536542673906985, 0.6018325102122613, -0.07503168493224184, 0.08268940557270198], [0.2800827633731974, -0.3543907183284941, 0.37974007033866364, -0.2925149486027392, 0.45519531965992055, -0.6395250150697946, -0.03694398049627484, 0.6988874043409801, 0.059373178908876195, 0.737629796994515, 0.4159927334639856, -0.08636541711063739, 0.15864823459491484, 0.12177866511272067]], "inverted": true, "swapped": true, "error_lsq": 0.043776879458267526, "error_max": 0.29674832302173354, "target": "485.xyz", "model": "0.xyz", "model_rescale": 3.8414455957264533, "target_rescale": 4.248222898585508},
{"mapping": [11, 4, 6, 0, 3, 5, 7, 2, 14, 8, 13, 9, 15, 10, 16], "R": [[0.024847851987100322, 0.9788073559408736, -0.2032701262056554], [0.18736066734706236, 0.19517021500552917, 0.9627068959480654], [0.9819768656047305, -0.06200602495509153, -0.17854043879854786]], "T": [-0.14233618992044308, 0.053560094845942326, -0.11137468089893052], "aligned_model": [[-0.7253348828240727, -0.6050802193944006, 0.1676106649291094, -0.2020033266440177, -0.29006572209968395, 0.20579319536108984, 0.5587468719976619, -0.26386278887498843, 0.5369634836955792, 0.3019302062421456, 0.35505789167949087, -0.2639498921033453, 0.36410603405921516, -0.15131394496363607, -0.11655341755560257], [0.07483728558659748, 0.21601976437031756, -0.5667335465863267, -0.3575742959694688, -0.6352826609115172, -0.6158183838344258, -0.28397855924996046, -0.20383943092085394, 0.49314370468827917, 0.0002965997832989134, 0.03819236949401236, 0.7541975427813692, 0.6921610946166374, 0.665649034473656, 0.07577400972140008], [0.21442017341351052, -0.5209149113893573, 0.36131608384078717, -0.611693729895874, -0.05073194491182865, -0.31413739030726096, -0.02149198946923722, 0.49850421453260796, 0.12258733522546561, 0.4356021022326899, -0.4806939428792676, -0.36526329012178993, -0.4000256879320083, 0.4013849060495751, -0.10368014104847767]], "inverted": false, "swapped": true, "error_lsq": 0.03840805083820373, "error_max": 0.2545416818146715, "target": "485.xyz", "model": "1.xyz", "model_rescale": 4.316132596720782, "target_rescale": 4.248222898585508},
{"mapping": [13, 9, 14, 3, 7, 0, 2, 1, 10, 4, 11, 16], "R": [[-0.3376985633117678, 0.2014591461316394, -0.9194421639108568], [-0.3705027521928923, 0.8695169569963441, 0.32660063091382746], [0.8652672367278564, 0.45094841604747726, -0.21899345905668313]], "T": [-0.041022239746061465, -0.02692869341634502, -0.0471453990184559], "aligned_model": [[-0.3083185863216061, 0.5959346112037054, 0.1454977760354323, -0.6008397708242323, -0.5950990874596859, -0.4824009135782372, -0.11962346897905045, -0.08208734133042879, 0.6110734869722417, 0.20682561074007083, 0.2559754989662136, -0.029129260792642324], [-0.5820974521760975, -0.34404113334695036, -0.6246426447150872, 0.40217175051826265, -0.3878468618803907, -0.04833466980406727, 0.4643939234040299, 0.5743026590208629, -0.029703816455287167, 0.06959158256730243, 0.5714554641451125, -0.05247237353670978], [0.01899134619445165, 0.20557543979510876, -0.6104999390210751, 0.002684704113019472, -0.46698539644161235, 0.42996827272675087, -0.5003555381096572, 0.44444558311893045, -0.5080351103330429, 0.5338052535841212, -0.03261181553469625, -0.06772433888287763]], "inverted": true, "swapped": true, "error_lsq": 0.04357080231397209, "error_max": 0.2185507583602345, "target": "485.xyz", "model": "2.xyz", "model_rescale": 3.795458400668931, "target_rescale": 4.248222898585508},
{"mapping": [11, 2, 10, 7, 4, 13, 8, 3, 6, 5, 9, 16], "R": [[-0.6038732293758439, -0.17377421487385014, -0.7779072213883649], [-0.7909233548620379, 0.25170497534321806, 0.5577498114040459], [0.0988805824060936, 0.9520751691082207, -0.2894399813270184]], "T": [0.018927282033256776, 0.14318666169277383, -0.03287712624110182], "aligned_model": [[-0.12884549654553867, -0.017552333589785862, -0.7565542504557661, 0.2625900943425603, 0.06741165165656249, 0.18300983063688409, -0.18782278473739114, 0.6131987983934263, 0.356766024576528, 0.6991604583768817, -0.4929762118939808, -0.0050819550168152705], [-0.20413805002128832, -0.5272240489670655, -0.047113138858138504, -0.005315985804974388, 0.5271274882443132, 0.5222138055156336, -0.31760660297538756, -0.22927749651773133, -0.5148735687265013, 0.07036819388446153, 0.6626347055273692, 0.14897374398901878], [-0.5842492622921227, -0.07971956306699546, -0.041258223219184105, 0.6965775320617051, -0.5412933819165742, 0.4291283912065347, 0.4614074163832741, -0.12297548336793482, 0.3634680903062467, 0.3444219984478665, -0.22850609792657575, -0.008229985977139954]], "inverted": false, "swapped": true, "error_lsq": 0.0453379662888287, "error_max": 0.21199817221804673, "target": "485.xyz", "model": "3.xyz", "model_rescale": 3.7530521520055578, "target_rescale": 4.248222898585508},
{"mapping": [10, 11, 2, 3, 8, 4, 14, 9, 15, 13, 16], "R": [[-0.08645534725961768, 0.1548347265139376, -0.9841502326350247], [-0.9377062179877313, -0.34630784534313697, 0.027891306906265956], [-0.3365004036808343, 0.9252551452000406, 0.17512965084042]], "T": [0.044391861983125634, 0.08662082406506134, -0.050946145241039346], "aligned_model": [[-0.4884434154158076, -0.15274106924874628, 0.29171770326044777, 0.6406769441568492, 0.2937814114781212, -0.3022198600623059, -0.10954319180239278, -0.672719674388156, -0.39815997346408416, 0.20255916868406723, 0.03329155924721219], [-0.5062433784352969, 0.0019029918653471756, -0.3644777051028775, 0.2352204048023266, -0.5599519249815528, 0.5920736148615331, -0.47003196566315675, 0.20932482894657933, 0.023101545358675632, 0.2409165478229588, 0.06536839883980923], [-0.09842739059763003, -0.6837525755188382, -0.48489953263444463, -0.4007577568939611, 0.08740762139935837, -0.2315733077683698, 0.5621294557330072, 0.15113533211518324, 0.6891400262104543, 0.5280268155989568, -0.02559791039839963]], "inverted": false, "swapped": true, "error_lsq": 0.04610549871369088, "error_max": 0.22010038234627757, "target": "485.xyz", "model": "4.xyz", "model_rescale": 3.7855080009869324, "target_rescale": 4.248222898585508},
{"mapping": [0, 2, 12, 1, 3, 4, 11, 6, 13, 10, 15, 14, 5, 7, 8, 10, 16], "R": [[-0.5666557191157331, 0.06981861735059455, -0.820991264670144], [0.3809442039640507, -0.8613159295784709, -0.33617909352095393], [-0.7306044137969787, -0.5032496697719988, 0.4614725998526317]], "T": [0.04007422077879455, 0.05432916187160709, -0.05001809048724856], "aligned_model": [[-0.6247565775155792, -0.09455234965852252, 0.46482836319894816, -0.1853347397784738, -0.39405592498857667, -0.4621843915507433, 0.3942086619144919, 0.09270212739643505, 0.7031690110503186, -0.15598786878332196, 0.5795854105137423, 0.4659607376879312, -0.7374909360732376, -0.3775057131445575, 0.3765092388296377, -0.15598786878332196, 0.0615558251335905], [-0.24095412806677602, -0.6702719452018718, -0.28420899925880055, -0.27789689560354874, -0.3491149799745521, 0.32176908960240325, 0.17357173909765877, 0.5843667540275812, 0.2896662467953342, 0.32245129727918204, 0.12376712264708481, -0.4406892433365145, 0.1442872775281243, 0.6733462929794741, 0.5903652456423487, 0.32245129727918204, 0.010531939315727996], [-0.33158810246108017, 0.001115164238676719, -0.4599462487851568, -0.6918284878978671, 0.3121703222833112, -0.522472273727805, -0.7520196814244318, -0.42733430059954225, -0.2226141346185216, 0.5985452846853733, 0.569194435581128, 0.12682888221254288, 0.1559023040745985, 0.01174162174866758, 0.2578563473741551, 0.5985452846853733, -0.027499294637559724]], "inverted": true, "swapped": false, "error_lsq": 0.04459733340459241, "error_max": 0.3256707559354813, "target": "485.xyz", "model": "5.xyz", "model_rescale": 4.2253639853439635, "target_rescale": 4.248222898585508},
{"mapping": [11, 10, 12, 4, 9, 13, 0, 1, 8, 2, 14, 5, 3, 16], "R": [[-0.12065589354946663, 0.9117767437827197, 0.3925625107530779], [-0.6845292025657638, -0.3628130788568852, 0.6322866759983696], [0.7189310997491063, -0.1924313885710131, 0.6679133435605044]], "T": [0.01804970265989331, -0.028499356135139882, 0.01340105775365652], "aligned_model": [[0.5585877155489238, -0.1754088403373187, -0.36977507436477247, 0.20569979125822707, -0.3193416546577095, -0.4669971118783956, 0.1629738196353275, 0.7128177966570193, -0.17918421624302044, 0.40319234080578553, -0.7090223561299432, 0.0434434434714035, 0.5198620641404621, -0.012785565148205131], [-0.08065252785849547, 0.1072904086974869, -0.5788758455676456, -0.6390351615108771, -0.5700085762477047, -0.0548166184969808, -0.2714893342842349, -0.3638152538113231, 0.6328609813003412, 0.48118304375644916, 0.30994110300661615, 0.2653768071644587, 0.22596315338280348, -0.018823032895903605], [-0.3759332268537899, -0.7493510618867232, 0.283850120131855, -0.0033875106532494093, -0.39042686159031925, 0.39820067582892393, 0.5989466803512026, 0.11182727260328287, -0.1385677457950444, -0.19841135154758427, -0.2439786200549695, 0.7368416506950911, 0.44169894869004117, 0.0002492390127318417]], "inverted": true, "swapped": true, "error_lsq": 0.03997200164116927, "error_max": 0.2442231153426512, "target": "485.xyz", "model": "6.xyz", "model_rescale": 3.89814844738969, "target_rescale": 4.248222898585508},
{"mapping": [4, 1, 11, 12, 10, 3, 0, 9, 13, 6, 2, 14, 16], "R": [[0.6238945327644375, -0.31978071260192414, 0.7130889901228669], [0.6670083383470333, -0.2576048274731063, -0.6990991556553913], [0.40725359244845716, 0.9118004434690504, 0.05257815827384241]], "T": [-0.07368053259565177, 0.0730223375744303, 0.01454202101424926], "aligned_model": [[0.04455532332055262, -0.06349423277403163, 0.3646132575900413, -0.29719087214213363, 0.6428629283567452, -0.48809984053832306, -0.6046647324429304, 0.3710288624935895, -0.49170662524020725, -0.43165439788757204, 0.0974501370166852, 0.06967313359543326, -0.06474114044362667], [-0.30683475125125104, 0.20669404359538965, 0.3740420700976168, -0.6156669284034103, 0.11567072085006405, 0.5472456262864401, -0.07354798473894622, -0.53686440125831, -0.25816785556865496, 0.791351781083574, 0.7237193787065848, -0.06730478032376944, 0.06344434639515838], [-0.4854352343389887, -0.7515227867832367, -0.39014076338107007, -0.03252448701691006, 0.3644026333702733, -0.30697750858374123, -0.33112215912979337, 0.034885855867665336, 0.33013827970089216, 0.2597467025732667, 0.031369135773361326, 0.8325750570083993, 0.046880305776177744]], "inverted": false, "swapped": true, "error_lsq": 0.04143783765417473, "error_max": 0.25883593395759946, "target": "485.xyz", "model": "7.xyz", "model_rescale": 3.7474275329858107, "target_rescale": 4.248222898585508},
{"mapping": [2, 11, 1, 3, 4, 5, 6, 7, 0, 13, 8, 14, 10, 9, 16], "R": [[-0.562974322786676, -0.39776244292150564, 0.7244618353536639], [0.7328969145022908, 0.16488291754203488, 0.6600573734273774], [-0.38199741438379553, 0.9025511966109969, 0.19869401827974667]], "T": [0.10718800996813718, -0.033294731628598764, 0.02676016768648442], "aligned_model": [[-0.3592921535284914, 0.22490741351994387, 0.4302637549671171, -0.20564291960869616, 0.714802207505873, -0.2954515843548806, -0.6933002409419742, -0.5115226591530039, 0.2575441051484266, 0.06825820980355321, -0.5244553205332204, -0.19456243835582124, 0.08980455866504597, 0.7014422030633239, 0.09935858614155091], [0.11480849968346336, 0.15009252535754197, -0.3968018405056042, -0.5586045014068826, -0.1658380483809378, -0.6762454790803649, -0.23885998338898345, -0.21996639468037676, -0.662940438211659, -0.24156400245965431, 0.2676151336476008, 0.48981909306167504, 0.7623484694595555, 0.37494531238019857, -0.009690383495978915], [-0.43523245904072655, -0.6048993433415104, -0.5801268236303863, -0.3284754633262427, -0.11981963160652268, 0.21349534481752155, -0.1189426151497156, 0.46934292725257676, 0.08880961674777144, 0.6091192821077157, 0.12612408449339277, 0.6138875941963093, -0.038856722599358635, 0.25113523840001234, 0.05123362637542421]], "inverted": false, "swapped": true, "error_lsq": 0.035184534700106074, "error_max": 0.25928254896211117, "target": "485.xyz", "model": "8.xyz", "model_rescale": 4.019505241142653, "target_rescale": 4.248222898585508},
{"mapping": [0, 6, 13, 12, 4, 9, 14, 1, 11, 2, 8, 10, 16], "R": [[0.07433271080414766, -0.0386877621335715, -0.9964827671192329], [-0.6594958878645322, -0.7514415051365942, -0.020020945228001297], [-0.7480239448000844, 0.658664498374663, -0.08137110412532345]], "T": [-0.0068432928851014305, -0.10128871220530117, -0.009871853158845617], "aligned_model": [[-0.2619619349451998, -0.7693001237092916, -0.010770892819101395, 0.3655415619279035, 0.32877283929598994, 0.7453892561297835, 0.23966518733030442, -0.1452537476930231, 0.02799672700658616, -0.3863773823161629, -0.2701376468916414, 0.44805437006788496, 0.008082558357143742], [-0.5638431870929044, 0.23333192629127936, 0.045583955836783346, -0.34766935815061284, -0.6449890303145218, -0.1410867236765248, 0.6737512403405848, -0.7997837481578145, -0.33647191282877864, 0.09768003161468253, 0.5423156256009869, 0.3755389955843539, -0.07097958693345549], [-0.3891720529215402, 0.09480107994387185, -0.6119073587594647, -0.5817906676290429, -0.009475200095646324, -0.061876298994969554, -0.22888478141973287, 0.30281713959588896, 0.6145939321553409, 0.5091086967210671, 0.11599621847096223, 0.4410819332004343, -0.01858914622328988]], "inverted": true, "swapped": true, "error_lsq": 0.0431298055191225, "error_max": 0.30545733514155715, "target": "485.xyz", "model": "9.xyz", "model_rescale": 3.877068213659057, "target_rescale": 4.248222898585508},
{"mapping": [4, 9, 8, 13, 14, 12, 5, 10, 11, 2, 3, 1, 0, 7, 6, 16], "R": [[0.9520576265978385, -0.0458205171482828, 0.3024677765401708], [-0.1299318757586804, 0.8345432644052025, 0.5354019494713662], [-0.2769548398181942, -0.5490337148519866, 0.7885797338615202]], "T": [-0.03943906776760296, 0.00022333538375795235, -0.15442002222064977], "aligned_model": [[0.2093964820355586, -0.14785263200765242, -0.4615583177661519, 0.33514307473265065, -0.3925208840089192, 0.46167752933462924, 0.4768628548833763, -0.7752682641232277, -0.3853565252925143, -0.4698946946323738, 0.21205201683700892, 0.17116907019971056, 0.5871563913703887, 0.09456881481408332, -0.145826734562731, -0.05433965649674177], [0.10752654885406814, -0.4420598452528133, -0.12768268984336237, -0.44182476948595784, -0.7016966847849458, -0.4230782481918414, 0.13687036937890978, -0.25276455051160596, 0.4867746694747241, 0.4218788781356525, 0.5714969023637934, 0.6541890519606479, 0.17359415849815174, -0.24844707608971983, 0.31738222635382823, -0.03036006372598081], [-0.7330522637687849, -0.7567274512931991, 0.39771095811088353, 0.06538773051761787, 0.14899642086038456, -0.4645215517018772, 0.4157854194499635, -0.3338869759715467, -0.45457230647552915, 0.1453966780785267, 0.17785192107238956, -0.5188376798669617, -0.13920510896286742, 0.5761507237030894, 0.6152290638797475, -0.14667125052179544]], "inverted": true, "swapped": true, "error_lsq": 0.034967399688751996, "error_max": 0.21320811351138186, "target": "485.xyz", "model": "10.xyz", "model_rescale": 4.260839863003843, "target_rescale": 4.248222898585508},
{"mapping": [3, 11, 10, 2, 14, 7, 5, 0, 9, 15, 13, 16], "R": [[0.8121079824380557, 0.5783080051220095, 0.07772049969083367], [0.46538706174841815, -0.722287900809017, 0.5115809526380729], [0.3519879367500612, -0.3792888603119079, -0.8557128331547502]], "T": [0.09374102522687103, -0.09014605708675172, -0.061256139996137965], "aligned_model": [[0.3667676384221745, 0.1754630451282027, -0.4925637730726161, -0.2054882272343602, -0.6180873117926392, -0.2586767404767448, 0.2742562977843016, 0.6416069610199833, 0.11484526330635828, -0.19634251862443372, 0.09138716840662735, 0.06573084622727643], [0.06908246226225609, -0.6992553336414359, -0.5763248495683441, -0.3246899517932118, 0.16400307056410168, 0.5814996670264628, 0.5650496472000397, 0.2478868906664341, -0.3905465214463569, 0.15301044493047078, 0.46580222112768055, -0.08243924179516311], [-0.6937975579115617, -0.3235343940468606, 0.17860367185223144, -0.616617745743818, 0.3104005041476141, -0.2567617425575266, -0.4466224052571247, -0.1533834862945328, 0.6311717075438316, 0.7161374669445291, 0.21251333962369304, -0.04193128090497045]], "inverted": true, "swapped": true, "error_lsq": 0.041380192933763, "error_max": 0.22902650868317231, "target": "485.xyz", "model": "11.xyz", "model_rescale": 3.890672605050136, "target_rescale": 4.248222898585508},
{"mapping": [11, 1, 4, 10, 9, 7, 3, 14, 2, 5, 12, 0, 13, 16], "R": [[-0.23998432534007838, 0.2031056681779207, -0.9492921632169244], [0.9640494099448693, 0.16478379605564913, -0.2084587147193414], [0.11408881968018134, -0.9651913738277454, -0.23534942768677486]], "T": [0.1275835321470634, -0.05236401076357287, 0.08905778300344168], "aligned_model": [[0.39772476211752483, 0.10510756383408217, 0.4231879957531127, 0.7340755254868933, 0.7985399201090388, -0.4460854155464218, -0.44383929928179644, 0.28800848011236013, -0.014098928854786502, -0.6379976590423141, 0.24084366909477053, -0.2667251610446769, -0.10752752989075773, 0.13866191194666472], [-0.23713785883173288, 0.25127079599202107, 0.44975869441614236, -0.5569886610951912, 0.21404408003711858, -0.2953761471132248, -0.06944837395334882, -0.44010835154869293, -0.615411134634175, 0.07392016889756575, 0.5760798091422239, 0.45334073214048876, 0.19420223628545535, -0.06599346990688552], [-0.49349249191688693, -0.6265733443347252, -0.17312377902009302, 0.21225392093060347, 0.3103865125217012, 0.5637974389992433, -0.3271032081065546, 0.8193578472683238, -0.2513530184654982, 0.18022838466821162, 0.4335799734880672, -0.019081815585205567, 0.6067078877908747, 0.1192061271187995]], "inverted": true, "swapped": true, "error_lsq": 0.04301251694337286, "error_max": 0.2167327462464507, "target": "485.xyz", "model": "12.xyz", "model_rescale": 4.124412569039231, "target_rescale": 4.248222898585508},
{"mapping": [9, 10, 2, 15, 11, 4, 14, 0, 8, 13, 3, 6, 16], "R": [[0.14217198911687867, -0.7620703115235538, -0.6316929363266175], [0.8393249549081957, 0.4311063012958495, -0.33118118462764135], [0.5247101538744088, -0.48311095752156785, 0.7009158702324325]], "T": [0.1594757832707812, 0.006832794352613386, -0.018737986367754242], "aligned_model": [[-0.35355926792808307, -0.12833243293674346, 0.604799541208555, -0.7042904071938834, 0.5995127281071497, 0.2022428668781069, -0.5084947275841016, 0.3464152804374452, 0.08949742268403074, -0.2453585401019508, 0.7713649494263595, 0.5637709562171722, 0.12972993829570043], [-0.3269414213957411, 0.39408352024128146, 0.4871879916453187, -0.03151557111489761, -0.013154001527912004, -0.5926240608609693, 0.5197456991774042, -0.4203411250233541, 0.7061353621388774, -0.05459156732934138, 0.03675608083135287, 0.6178877515763971, 0.02485671815006088], [0.4234519739933633, 0.6175474606526368, 0.13592659348584085, -0.011545067979886567, 0.4837065349867179, 0.19822015872728888, -0.031218783550164067, -0.4720445849400716, -0.09271216894334376, -0.48389384742310154, -0.3718698930728438, -0.42791406813102223, -0.01595622683757526]], "inverted": false, "swapped": true, "error_lsq": 0.039722241918699955, "error_max": 0.21984767100602112, "target": "485.xyz", "model": "13.xyz", "model_rescale": 3.9028299243045295, "target_rescale": 4.248222898585508},
{"mapping": [4, 2, 11, 9, 12, 0, 10, 15, 1, 14, 13, 8, 3, 5, 7, 16], "R": [[0.4939045349444959, 0.3599793100542138, 0.7915006043548882], [-0.7535363994978326, -0.27700410110920193, 0.59619763719804], [0.4338677275312188, -0.8908892323412463, 0.13444393145590774]], "T": [-0.0005144500788738203, 0.02540253239204179, -0.006966421519702795], "aligned_model": [[0.07513596217294458, 0.06628728205736367, -0.006113970947824104, -0.5420806381739368, -0.022404870238028365, 0.5526361616341733, -0.7295161816478348, -0.6014957872879014, 0.4715095265716572, -0.6206163955593841, 0.031048042384724497, -0.21755020188754592, 0.6471216120126163, 0.6127477658694875, 0.13991397842772857, -0.0287830138076435], [-0.5659340521500745, 0.5786578461445678, 0.04786203230486567, -0.5004607828848924, -0.5737585138209625, -0.25829658489846247, 0.21509639068468114, -0.24763209159517022, -0.26624342515127536, 0.33215541651843394, -0.07057398580060921, 0.6817552365270164, 0.27584210903956385, 0.25386943732091405, 0.5159450932429668, 0.033968156639537055], [-0.2368499579769931, -0.38435426393041955, -0.6747588279600004, -0.02474251387295749, 0.40167998228402724, 0.18395245370018004, -0.271973175402137, 0.5515028197366211, -0.5519096996285984, 0.47344617916565895, 0.6044467560353248, 0.13962771943466495, -0.14058321609533636, 0.4197497145542403, 0.5873201704516849, 0.01160596912837162]], "inverted": true, "swapped": true, "error_lsq": 0.040475244379206056, "error_max": 0.28976856202338047, "target": "485.xyz", "model": "14.xyz", "model_rescale": 3.942246331269136, "target_rescale": 4.248222898585508},
{"mapping": [11, 4, 11, 12, 13, 0, 8, 2, 10, 6, 7, 14, 9, 15, 16], "R": [[0.5083899597449287, -0.55602728900473, 0.6575509886789013], [-0.8051164525074586, -0.03602070055944259, 0.59202196499202], [-0.30549492095999786, -0.8303831422983354, -0.46597928092822666]], "T": [-0.06289741627403678, -0.014841557190807025, -0.16279126765116642], "aligned_model": [[-0.5995666648291564, -0.30094055423607274, -0.5995666648291564, 0.15564343368696648, 0.4312784707986567, 0.36049807733190764, 0.037962031157525084, -0.2381148832592669, -0.6616832972503708, 0.3309519465034504, 0.5752880495382365, 0.019185049503886498, -0.47233642316860935, -0.0015890703058152877, -0.06271546410997116], [0.16529852640830445, -0.5292034988902602, 0.16529852640830445, -0.694178333571632, -0.2513631274340658, -0.3032259620251806, 0.5741577764149082, 0.6151593637215188, 0.1898047299065779, 0.7178078069467115, 0.3277207280667227, 0.13248690078427725, -0.5519011066429312, -0.4471294858317982, -0.012588154379806508], [-0.5177816193592206, -0.4577754008283111, -0.5177816193592206, -0.0316178164868435, 0.1268317564826456, -0.5633926859557672, 0.21443597000065212, -0.32208086594347485, 0.324272619357968, -0.2740360525685274, 0.13536824147288457, 0.66242192655282, 0.17494959732771748, 0.583521535712628, -0.12797310604543483]], "inverted": true, "swapped": true, "error_lsq": 0.04726438755358813, "error_max": 0.3548242406873646, "target": "485.xyz", "model": "15.xyz", "model_rescale": 4.355366556412066, "target_rescale": 4.248222898585508},
{"mapping": [13, 9, 14, 3, 7, 0, 2, 1, 10, 4, 11, 16], "R": [[-0.3376985633117678, 0.2014591461316394, -0.9194421639108568], [-0.3705027521928923, 0.8695169569963441, 0.32660063091382746], [0.8652672367278564, 0.45094841604747726, -0.21899345905668313]], "T": [-0.041022239746061465, -0.02692869341634502, -0.0471453990184559], "aligned_model": [[-0.3083185863216061, 0.5959346112037054, 0.1454977760354323, -0.6008397708242323, -0.5950990874596859, -0.4824009135782372, -0.11962346897905045, -0.08208734133042879, 0.6110734869722417, 0.20682561074007083, 0.2559754989662136, -0.029129260792642324], [-0.5820974521760975, -0.34404113334695036, -0.6246426447150872, 0.40217175051826265, -0.3878468618803907, -0.04833466980406727, 0.4643939234040299, 0.5743026590208629, -0.029703816455287167, 0.06959158256730243, 0.5714554641451125, -0.05247237353670978], [0.01899134619445165, 0.20557543979510876, -0.6104999390210751, 0.002684704113019472, -0.46698539644161235, 0.42996827272675087, -0.5003555381096572, 0.44444558311893045, -0.5080351103330429, 0.5338052535841212, -0.03261181553469625, -0.06772433888287763]], "inverted": true, "swapped": true, "error_lsq": 0.04357080231397209, "error_max": 0.2185507583602345, "target": "485.xyz", "model": "16.xyz", "model_rescale": 3.795458400668931, "target_rescale": 4.248222898585508},
{"mapping": [4, 1, 11, 12, 10, 3, 0, 9, 13, 6, 2, 14, 16], "R": [[0.6238945327644375, -0.31978071260192414, 0.7130889901228669], [0.6670083383470333, -0.2576048274731063, -0.6990991556553913], [0.40725359244845716, 0.9118004434690504, 0.05257815827384241]], "T": [-0.07368053259565177, 0.0730223375744303, 0.01454202101424926], "aligned_model": [[0.04455532332055262, -0.06349423277403163, 0.3646132575900413, -0.29719087214213363, 0.6428629283567452, -0.48809984053832306, -0.6046647324429304, 0.3710288624935895, -0.49170662524020725, -0.43165439788757204, 0.0974501370166852, 0.06967313359543326, -0.06474114044362667], [-0.30683475125125104, 0.20669404359538965, 0.3740420700976168, -0.6156669284034103, 0.11567072085006405, 0.5472456262864401, -0.07354798473894622, -0.53686440125831, -0.25816785556865496, 0.791351781083574, 0.7237193787065848, -0.06730478032376944, 0.06344434639515838], [-0.4854352343389887, -0.7515227867832367, -0.39014076338107007, -0.03252448701691006, 0.3644026333702733, -0.30697750858374123, -0.33112215912979337, 0.034885855867665336, 0.33013827970089216, 0.2597467025732667, 0.031369135773361326, 0.8325750570083993, 0.046880305776177744]], "inverted": false, "swapped": true, "error_lsq": 0.04143783765417473, "error_max": 0.25883593395759946, "target": "485.xyz", "model": "17.xyz", "model_rescale": 3.7474275329858107, "target_rescale": 4.248222898585508},
{"mapping": [3, 11, 2, 4, 5, 13, 6, 10, 0, 8, 12, 9, 14, 16], "R": [[-0.7003574774270481, 0.22510095016206363, 0.6773691504993111], [-0.6892372722447627, 0.033499595928958514, -0.7237608442166485], [-0.1856108465597337, -0.9737593847089399, 0.1316862723697742]], "T": [-0.008300475681553014, -0.01828511004773991, -0.041593496402698014], "aligned_model": [[0.4402970301386217, 0.2857247621396454, 0.6467174304963617, -0.40677233148718805, 0.1802684764766686, -0.3358832264787225, 0.7106837556066208, 0.0683757698329121, -0.18376787386681387, 0.4427599620688377, -0.7039589289617458, -0.6049580464148973, -0.10843947346377547, -0.01619965820364874], [-0.5253190173765995, 0.2731309326815162, 0.1258256631830257, -0.03495696099865924, -0.7348743061648947, -0.31484832637566895, -0.31716271332333446, 0.7665514376797407, -0.620453652924392, 0.16641133851842527, -0.21979999113184995, 0.43603558128678654, 0.3599195239139253, -5.1267456787087995e-05], [-0.24575713874916896, -0.5661012002868525, -0.09779958892259594, -0.540783451172022, 0.20602719585396603, 0.39288729346519535, 0.27145868282920477, 0.08413721119418291, -0.21339292436757726, 0.47009482214099335, 0.0021798084416306818, -0.1295400973212086, 0.7042975529999219, -0.012913447444015139]], "inverted": true, "swapped": true, "error_lsq": 0.03867056179679795, "error_max": 0.23653932127202715, "target": "485.xyz", "model": "18.xyz", "model_rescale": 3.922800546911778, "target_rescale": 4.248222898585508},
{"mapping": [12, 4, 0, 13, 2, 15, 11, 7, 10, 5, 3, 6, 14, 8, 16], "R": [[-0.15439654587484752, -0.17537053893568216, -0.9723203590871299], [-0.6125298611037975, 0.789161453587659, -0.0450707158538276], [0.7752218236595765, 0.5886164916520962, -0.22926349442747973]], "T": [0.007231157795474133, -0.04968244011056004, -0.11877568100079988], "aligned_model": [[-0.24423437964174033, -0.17880915259281055, 0.40028093089383543, 0.021470374691597294, 0.2817760986129828, -0.629133532250996, -0.016239461153688475, 0.36298938370147904, -0.5877272364160527, 0.6771335045354556, 0.6942527470327023, 0.6494358781648603, -0.4092707346443926, 0.08826771743694338, -0.01414130148255728], [0.47698429564120765, -0.1419121773327485, 0.2276821360587838, 0.5688150334457617, -0.5335255097256337, 0.5212270803182812, -0.7058508391198395, 0.4312691490678571, -0.38847705074507227, 0.35013292979847366, -0.1990075724959008, -0.11322729514169629, 0.3188098219922393, -0.06035081995345652, -0.03495767677367787], [-0.5498815451102069, -0.7230364358976185, -0.55637318220354, -0.08283299649522241, 0.26003358059162424, 0.010517272189134397, -0.24277021336961882, 0.38684310277107675, 0.29219704932330276, -0.07690864432136141, -0.19433518752038922, 0.4176970229059355, 0.5138060512443057, 0.5831591404916239, -0.09545584743571682]], "inverted": false, "swapped": true, "error_lsq": 0.03671961537985092, "error_max": 0.2768302777686199, "target": "485.xyz", "model": "19.xyz", "model_rescale": 3.9282355846067225, "target_rescale": 4.248222898585508},
{"mapping": [14, 15, 9, 13, 7, 12, 0, 4, 3, 2, 10, 8, 11, 16], "R": [[-0.20119491665537387, -0.8139952211310069, 0.544915025933329], [-0.23327539468815095, -0.500470147168838, -0.8337339036082732], [0.9513691164553979, -0.29485829099532745, -0.08919300693546728]], "T": [0.035543751474831596, 0.00020012428277443872, 0.06037832528410925], "aligned_model": [[-0.49730351901417225, -0.14656689928219954, 0.43839398687350656, -0.3331174787996537, -0.736889425020367, 0.16637728455444686, 0.0773969226079897, 0.6111790276361072, -0.07043293182787516, -0.08704245389223844, 0.11920843912434331, -0.5209984245684665, 0.4948951514098998, 0.017423139283355656], [-0.6478636097439616, -0.7536530930959928, -0.6090630705496889, -0.12937140006282893, 0.08574002994443586, -0.22518762062822448, 0.43239138704230623, 0.017917955427746823, 0.6956896527405909, 0.2528360081413953, -0.5999180278311098, -0.12133407991556575, 0.15425677225491727, -0.0295588162991844], [0.13458886751086313, -0.32192444023993877, -0.1310693155031024, -0.4205934764195817, -0.03738983581609681, -0.6167833867178079, -0.4237392531672156, -0.21634986034967502, 0.13157633555905873, 0.6720344620569692, 0.5804882056475984, 0.4785690418781829, 0.5205362573714524, 0.062239555432976094]], "inverted": false, "swapped": true, "error_lsq": 0.03848474984026303, "error_max": 0.21491584727586563, "target": "485.xyz", "model": "20.xyz", "model_rescale": 4.067790424073018, "target_rescale": 4.248222898585508},
{"mapping": [2, 0, 8, 10, 7, 13, 14, 3, 5, 1, 4, 9, 11, 12, 16], "R": [[-0.20024737445977242, 0.9675370663313826, -0.15418500023293402], [0.7968731517433866, 0.25239712567718187, 0.5488978693531784], [0.5699948851108488, -0.012950529902635788, -0.8215461732140875]], "T": [0.0934056993138648, 0.0015922261133700343, 0.03301859628954102], "aligned_model": [[0.3521661762326851, 0.03804535627549992, -0.2135747115064879, 0.21785605681536435, -0.5674622222199353, -0.47532458333372773, -0.5154881576121585, 0.2530832929610955, -0.28998782424262015, 0.7428509855833696, 0.44954475650790837, 0.15159902012866622, 0.7354747252531898, -0.18034656586698836, 0.07000764893165402], [-0.2003345633956127, 0.6443915288994113, -0.3945199190535539, -0.7849613968080906, 0.07800064859097613, 0.1825549746114567, -0.5799466822566272, 0.48475166950938303, 0.5697886855625, 0.4293174822113518, 0.2292629850994489, -0.3190652822864651, -0.14126270892044795, 0.2666247774727752, -0.023707059308658008], [-0.5545561516996518, 0.11459735615758987, -0.4652297632405467, 0.0921909791608631, -0.38043520306180517, 0.19984816776427308, 0.05494553532421612, -0.45796604360229376, -0.34186341515934887, 0.04297353871256979, 0.5121630201009391, 0.714145935060033, -0.08454974696420114, 0.6504993467294263, 0.03848601833907767]], "inverted": true, "swapped": true, "error_lsq": 0.041697411640211304, "error_max": 0.22829064784224656, "target": "485.xyz", "model": "21.xyz", "model_rescale": 4.186013935880536, "target_rescale": 4.248222898585508},
{"mapping": [14, 8, 10, 12, 0, 9, 13, 7, 11, 2, 3, 4, 16], "R": [[0.1754550937108925, 0.3193606741822928, -0.9312487690605199], [-0.6377600718643923, 0.7574771188157738, 0.13960839948254974], [0.7499850670689564, 0.5694182770656255, 0.3365787053828383]], "T": [0.020092245533928486, 0.010480453853117765, 0.07321726529256835], "aligned_model": [[-0.04613259847487137, -0.4218495412922196, 0.35166894241333096, 0.3603724784836718, -0.11967045374723717, 0.7240197772596156, -0.12630380946265585, -0.6339551349601353, 0.22843442877096826, -0.31904636767509975, -0.47643141040106723, 0.5150802425700995, 0.022387481938825428], [-0.37132504311574605, 0.09128393860529271, 0.2751116047800902, -0.5842762785717357, -0.23031097609676907, -0.19601254197960236, -0.591644895694922, -0.360627822795933, 0.6409405197598973, 0.5628926403774548, 0.2679232735103329, 0.02074075901199135, -0.00573851824425764], [-0.6746188491912238, -0.47226553540733884, -0.603305544488009, 0.311835842596405, 0.6609218513368548, -0.10563693413206675, 0.0663605039635671, -0.14593877958735108, 0.14802449656376637, -0.10789395584318039, 0.5058757356468633, 0.47711080368366743, 0.042409926193391546]], "inverted": true, "swapped": true, "error_lsq": 0.04347231110448619, "error_max": 0.241123647038165, "target": "485.xyz", "model": "22.xyz", "model_rescale": 4.166573947596378, "target_rescale": 4.248222898585508},
{"mapping": [1, 11, 9, 12, 4, 2, 10, 3, 0, 13, 5, 15, 14, 6, 7, 16], "R": [[0.09022140448865407, 0.8334904228512816, 0.5451181644261056], [0.9677675867771973, 0.05585329259455879, -0.24557342626959153], [-0.23512974323877994, 0.5497036699182012, -0.8015858526214937]], "T": [-0.10029889169963321, 0.07683202833992053, -0.08471453897535011], "aligned_model": [[-0.8023742630568166, -0.5173267004762637, 0.32253101412085916, 0.18984166280257433, -0.28840820306466175, -0.40439722939039324, 0.2935090970181352, -0.693642974578304, -0.4018629230909817, 0.2629758257939241, -0.3133179981288888, 0.7251349094426742, 0.6756375028032453, -0.34655470609639444, 0.15237006623035562, -0.06688183930830807], [-0.14272039843163287, 0.32366532086495764, -0.22130396554725906, -0.5882078469616525, -0.3956066097193698, 0.6767859794098909, 0.5566217623060892, 0.1483499782732527, -0.408343600460666, -0.22439404125224854, -0.0496833362166208, -0.1722122177012614, 0.37657464817340713, 0.6124123231598321, 0.2709795245587688, 0.08678991716619149], [-0.3371310207525978, -0.5447619433564977, -0.6346890400151296, -0.08237872486730244, -0.47158015087743377, -0.061157059898170746, -0.5870818779918666, 0.2932191594634531, 0.22604992085573836, 0.31694214438852075, 0.6562247674261636, -0.14990940414389278, 0.04756204681018361, 0.5125957950881562, 0.6308229152131153, -0.08346699417834579]], "inverted": false, "swapped": true, "error_lsq": 0.04045648404807097, "error_max": 0.2578589614315442, "target": "485.xyz", "model": "23.xyz", "model_rescale": 4.274766983524099, "target_rescale": 4.248222898585508},
{"mapping": [8, 13, 5, 3, 0, 1, 11, 4, 9, 12, 16], "R": [[0.33507784476973657, 0.5444768749713905, 0.7689393802933084], [-0.7791276486921951, 0.6190289092760192, -0.09880949612215276], [-0.5297951915484322, -0.5659930583513644, 0.6316398601341031]], "T": [0.07226807532926732, -0.007990208828700121, -0.0572666224245243], "aligned_model": [[0.2812780020565078, 0.19142250055043075, -0.43442229153293105, -0.6013922393892592, -0.4035957530467908, -0.498347201696327, -0.08134376785541245, -0.022848181997232986, 0.622435507528581, 0.22309969006050856, 0.1036084392800005], [-0.16190492009669893, 0.5858163677973806, 0.44305105495362057, -0.062404444048179186, 0.39843188689590164, -0.28256160375404743, -0.6202357331737427, 0.01357909195844234, 0.033470032463251004, 0.5694128771014558, -0.001068078853900034], [-0.7145476461391608, -0.1885286853698536, -0.44482433869172355, -0.2651771071150389, 0.11961045991024019, 0.3942153042947653, 0.1619166374802613, 0.5741888742509491, 0.458232162094357, 0.3554324610387505, -0.0709516877319692]], "inverted": false, "swapped": true, "error_lsq": 0.04602443612261772, "error_max": 0.2279752541695856, "target": "485.xyz", "model": "24.xyz", "model_rescale": 3.7841303162186577, "target_rescale": 4.248222898585508},
{"mapping": [8, 6, 11, 0, 3, 1, 5, 7, 2, 10, 14, 13, 4, 12, 9, 16], "R": [[0.5298286108223125, -0.6493328382859922, 0.545571726061346], [-0.04493091354503037, -0.6638706811104169, -0.7464964378816554], [0.8469137241550095, 0.3710021346103668, -0.3809127983573717]], "T": [-0.07495593432333593, -0.011402087238070874, 0.13897532575361204], "aligned_model": [[0.024015244414245837, 0.24216987380941946, -0.6639499891458313, 0.31765331133481595, 0.13150876699598657, -0.3693023980253545, 0.6074283917339028, 0.5655386728747378, -0.31840420812548137, -0.6236924770008201, 0.09601287124768061, 0.46847999531642104, -0.3054825391062287, 0.21184061239512653, -0.39530337730133847, -0.07067020294450382], [0.09345441876006366, -0.44965632184888205, -0.32665341779942203, -0.3281792050813921, -0.6831410291069545, -0.6042683395870001, -0.384617762444605, 0.037698823910985585, -0.37204606575587185, 0.4416341353582621, 0.673764854774555, 0.2718518669543406, -0.049851134908305644, 0.336151993451719, 0.5611749293784491, 0.01949472231201909], [-0.5528361015007771, -0.5026104137734536, 0.1253707738435836, 0.5493666550233353, 0.060585151934278575, 0.5472606935691396, 0.06524592676590785, -0.30922603480936306, -0.37448777511424114, -0.2233812001346407, -0.320084529494626, 0.2310532518476077, 0.7336412291367133, 0.7076746618898232, 0.5127068172300434, 0.12334090940392256]], "inverted": true, "swapped": true, "error_lsq": 0.04432797935929555, "error_max": 0.36303983769644455, "target": "485.xyz", "model": "25.xyz", "model_rescale": 4.19342608120988, "target_rescale": 4.248222898585508},
{"mapping": [13, 9, 14, 3, 7, 0, 2, 1, 10, 4, 11, 16], "R": [[-0.3376985633117678, 0.2014591461316394, -0.9194421639108568], [-0.3705027521928923, 0.8695169569963441, 0.32660063091382746], [0.8652672367278564, 0.45094841604747726, -0.21899345905668313]], "T": [-0.041022239746061465, -0.02692869341634502, -0.0471453990184559], "aligned_model": [[-0.3083185863216061, 0.5959346112037054, 0.1454977760354323, -0.6008397708242323, -0.5950990874596859, -0.4824009135782372, -0.11962346897905045, -0.08208734133042879, 0.6110734869722417, 0.20682561074007083, 0.2559754989662136, -0.029129260792642324], [-0.5820974521760975, -0.34404113334695036, -0.6246426447150872, 0.40217175051826265, -0.3878468618803907, -0.04833466980406727, 0.4643939234040299, 0.5743026590208629, -0.029703816455287167, 0.06959158256730243, 0.5714554641451125, -0.05247237353670978], [0.01899134619445165, 0.20557543979510876, -0.6104999390210751, 0.002684704113019472, -0.46698539644161235, 0.42996827272675087, -0.5003555381096572, 0.44444558311893045, -0.5080351103330429, 0.5338052535841212, -0.03261181553469625, -0.06772433888287763]], "inverted": true, "swapped": true, "error_lsq": 0.04357080231397209, "error_max": 0.2185507583602345, "target": "485.xyz", "model": "26.xyz", "model_rescale": 3.795458400668931, "target_rescale": 4.248222898585508},
