[{"mapping": [5, 3, 12, 6, 4, 0, 1, 2, 9, 11, 7, 13], "R": [[0.1892083398069358, -0.918812831706596, 0.34638588949148813], [0.8801309082691677, 0.3151038926171442, 0.3550762188133883], [-0.4353961282060201, 0.23768154566316152, 0.8682958564880852]], "T": [-0.04997312874044309, -0.004803015886291215, -0.232464785142152], "aligned_model": [[-0.5893530033032074, 0.05325740700244398, 0.1974332548998326, -0.4062715822922473, -0.24159034419782632, 0.7211866751240831, 0.23818087491128753, 0.3920817088697044, 0.2977367438828814, -0.6298227413246282, -0.24585654525599288, -0.11258400415560525], [-0.21526110512074614, -0.513300491660895, 0.48573597395017776, -0.6299091797513128, -0.34374340880692844, 0.01209015563034982, -0.007485295812565698, -0.46309634004561306, 0.4386240988422497, 0.3831645622456516, 0.2653443299356628, 0.08265703325093908], [-0.7194740294425414, -0.29550508510039347, -0.41489665943462084, 0.026069506746183274, 0.6403504756079355, -0.21149785307374513, -0.7324689741014518, 0.19859552964705315, 0.235737532417276, -0.25028123674413905, 0.44580107803763247, -0.11011087086042777]], "inverted": false, "swapped": false, "error_lsq": 0.046333975243263874, "error_max": 0.2825721312207119, "target": "486.xyz", "model": "0.xyz", "model_rescale": 3.8414455957264533, "target_rescale": 3.850704265734292},
{"mapping": [9, 6, 13, 2, 3, 12, 8, 10, 11, 7, 0, 14], "R": [[-0.37453102553345796, -0.6652588599947947, 0.645877047208896], [0.6417793738449117, -0.688748072229844, -0.33726151323106346], [0.6692127809748477, 0.2881956665151296, 0.6849069364386747]], "T": [-0.09582480109240193, -0.08123279983623269, -0.02978726093873299], "aligned_model": [[-0.37063835159975417, -0.1185658664938039, 0.06007914801685721, -0.6403991773385684, -0.07645076397527023, 0.6464018893017891, 0.4013568923714129, 0.44120625209057146, 0.4517242318399373, -0.6740394800683893, -0.40412865199934384, -0.04214767798471207], [0.02572881395313789, -0.7624938154584749, 0.5512238020435227, -0.5789901380501362, -0.35550872660692623, 0.08401848107641882, -0.06620342245830181, -0.5022190921428861, 0.5165950384562665, 0.1542338995942209, 0.5118264251396147, -0.0833909328894864], [-0.6450485108371463, -0.411092186584079, -0.41778159856517283, -0.04655355476709222, 0.703543663487557, -0.09367073368627929, -0.6436983937589938, 0.022648318751714774, 0.23300036134845017, -0.1820312119224946, 0.2508314495817243, 0.04217181065057271]], "inverted": true, "swapped": false, "error_lsq": 0.0486587285787815, "error_max": 0.2559788421451115, "target": "486.xyz", "model": "1.xyz", "model_rescale": 4.316132596720782, "target_rescale": 3.850704265734292},
{"mapping": [7, 5, 6, 9, 1, 4, 3, 0, 4, 10, 8, 11], "R": [[-0.7647387777657759, -0.5185339347652976, -0.38248811782606407], [0.16913379376942622, 0.4112528013899271, -0.8956924099009091], [0.6217462195996596, -0.7496623852413533, -0.22679935310264132]], "T": [-0.0985433515181356, -0.07211199761885033, -0.02526453337573714], "aligned_model": [[-0.5025325979665447, 0.16873477758207917, 0.0931497570902899, -0.525949308691353, -0.3196041076682808, 0.6395553250233461, 0.0933596275922881, 0.35956434028133927, 0.6395553250233461, -0.6113764447889939, -0.34990681608830637, -0.010151433228484372], [-0.33680062981456665, -0.5799118217332037, 0.6905118451055209, -0.6778675490398096, -0.19856157023909948, 0.14022169325727268, 0.029782858033573584, -0.49633923099599375, 0.14022169325727268, 0.28025570169793135, 0.49123934290576965, 0.012068000222302033], [-0.7783871903979276, -0.31930810540396376, -0.265586379282142, -0.006937915369465225, 0.4540473808088465, -0.09200641335659339, -0.6447866829710742, 0.31249670738728613, -0.09200641335659339, -0.12563894004262827, 0.42914474428184474, -0.05871137859882816]], "inverted": false, "swapped": false, "error_lsq": 0.060526890847052976, "error_max": 0.4442900127008099, "target": "486.xyz", "model": "2.xyz", "model_rescale": 3.795458400668931, "target_rescale": 3.850704265734292},
{"mapping": [3, 5, 2, 9, 7, 10, 10, 4, 0, 6, 1, 11], "R": [[0.3762587295465622, -0.6045314442802664, 0.7021190079441103], [0.7678468787888163, 0.6275439741299103, 0.12883994437871787], [-0.5184983502136528, 0.4906427350013992, 0.7003064810610187]], "T": [-0.08829402908608049, 0.010981254533920619, -0.04031470804906081], "aligned_model": [[-0.6777578396114362, -0.030866434281692903, 0.07982110387530787, -0.5275951631487228, -0.24648793913078637, 0.5245018816139674, 0.5245018816139674, 0.4096162171950858, 0.4281384927665111, -0.510001279386287, -0.2827643724162646, -0.016708104928923814], [-0.2789191903379745, -0.495096365818287, 0.6449015121207884, -0.7377923758484264, -0.3058213218118052, 0.008999980115527818, 0.008999980115527818, -0.3759528934161447, 0.2539067319895065, 0.2541738612535659, 0.5293182509685733, -0.01189783667388198], [-0.4937021512805355, -0.5244759715582905, -0.4373130965915737, -0.010194833172334682, 0.6363780664516353, -0.44465117904956375, -0.44465117904956375, 0.07510662932831272, 0.49493533347516816, -0.3724542084130594, 0.2593132039548018, 0.07402879960376432]], "inverted": true, "swapped": false, "error_lsq": 0.06028068999078238, "error_max": 0.3490878703316982, "target": "486.xyz", "model": "3.xyz", "model_rescale": 3.7530521520055578, "target_rescale": 3.850704265734292},
{"mapping": [2, 8, 10, 4, 9, 7, 0, 6, 1, 3, 11], "R": [[0.7504147557932345, 0.11909326865559494, -0.65014958867072], [-0.47777135163217543, 0.7774441493346067, -0.40904172186337395], [0.4567408782311306, 0.6175737915636608, 0.6403049134016854]], "T": [-0.07552588150026236, -0.012995430533708524, -0.1245316009645254], "aligned_model": [[-0.47008105541587547, -0.2553780970577107, 0.2792312116236215, 0.6104285444633826, 0.22579055383023255, -0.23781735312275515, -0.1601545535585729, -0.658177057315498, -0.33764880738879777, 0.4501269064308358, -0.10812069004365725], [-0.6310997964874456, 0.10199782985065504, -0.4174868827819409, 0.4810964170907135, -0.6278696430893901, 0.6498623699028755, -0.4377445664044406, -0.12321547239543015, 0.3102040772327125, 0.19785406485823978, -0.03639503946220304], [-0.2447269524949848, -0.6759297619840166, -0.5153319840768634, -0.24910307956715835, 0.17245926138610493, -0.16859125235676564, 0.6549087455738711, 0.20155526997109244, 0.4820236766513082, 0.48306311425671566, -0.047496260113987346]], "inverted": true, "swapped": true, "error_lsq": 0.05120351935794704, "error_max": 0.3178566926573547, "target": "486.xyz", "model": "4.xyz", "model_rescale": 3.7855080009869324, "target_rescale": 3.850704265734292},
{"mapping": [12, 13, 2, 6, 7, 9, 14, 10, 3, 1, 0, 16], "R": [[0.8443481057490523, 0.3158231797134191, -0.43281866349973036], [-0.07756647949075199, -0.7272452416027981, -0.6819807913904166], [-0.5301506555474568, 0.6094014093533042, -0.5895508499703894]], "T": [-0.047944207250600834, -0.15907277847877108, -0.07236866001523491], "aligned_model": [[-0.33886571431838275, -0.19522781326987754, 0.12972508739352967, -0.5141451689181455, -0.15068559365406015, 0.6059916719463172, 0.26421499287059197, 0.5126322467085276, 0.34024034077452153, -0.6320196680479233, -0.3322032774518579, -0.015258659872514763], [-0.07007837684065646, -0.701599718054029, 0.5084650300971718, -0.5853201097843338, -0.4461591353307902, 0.10611160828614566, -0.004772259524672778, -0.3421391581980784, 0.37522840114536393, 0.30932796166350707, 0.48295938389040527, -0.13720329469306358], [-0.6810639337053117, -0.5293584827776916, -0.3343086978883645, 0.09209089112760656, 0.6120253077440074, -0.16702132064403807, -0.6524077812502274, 0.355655888296378, 0.14269321835010812, -0.1844424826409106, 0.2674332923222845, -0.10897648523508]], "inverted": false, "swapped": false, "error_lsq": 0.045388287517022514, "error_max": 0.30744859601071345, "target": "486.xyz", "model": "5.xyz", "model_rescale": 4.2253639853439635, "target_rescale": 3.850704265734292},
{"mapping": [0, 3, 1, 12, 11, 2, 4, 6, 5, 9, 8, 13], "R": [[0.7363701141184656, 0.6448535938052815, -0.2047508182879156], [0.6270016546847685, -0.5367026260697535, 0.56464078509473], [0.2542203376123171, -0.5441637012207298, -0.7995360443519955]], "T": [-0.01966677305217443, 0.01373321883801662, -0.10479840369148725], "aligned_model": [[-0.4949066293993486, 0.2841337674124488, -0.11813305664839434, -0.6262806028468786, -0.15121964501353388, 0.6505622104672671, 0.3489743668697034, 0.24737262597186674, 0.36620270977808056, -0.5929150533926062, -0.2508364612846392, 0.011444212246760468], [-0.19248408293428362, -0.5101373734690261, 0.5884544964020986, -0.6145298308041885, -0.2623832786863882, -0.01659459778538179, 0.13234386133429635, -0.5288518517707153, 0.1255657510278984, 0.2199649538490861, 0.5826698926639682, -0.029197607170394428], [-0.716912896834289, -0.4739519040509084, -0.5505624960857995, 0.22482102295856532, 0.6107484574481323, -0.11150252381169462, -0.6972058121953345, 0.11431199917543648, 0.38442495369754376, -0.14289444084031477, 0.30597709705929876, -0.13493404282187516]], "inverted": true, "swapped": false, "error_lsq": 0.05038014602368417, "error_max": 0.2335576607342836, "target": "486.xyz", "model": "6.xyz", "model_rescale": 3.89814844738969, "target_rescale": 3.850704265734292},
{"mapping": [9, 10, 6, 11, 7, 1, 5, 2, 0, 8, 3, 12], "R": [[-0.35685947634797904, -0.2778458673196716, 0.8918817119741979], [0.700447837425952, 0.5521155937105512, 0.4522623113050136], [-0.6180810150667576, 0.7861107079763164, -0.0024111447532988994]], "T": [-0.04491197730093679, -0.10807976312837214, 0.03502574492832572], "aligned_model": [[-0.35204456274366813, 0.08295044119558684, -0.06415112064201106, -0.7202637185154946, -0.2713183034707673, 0.7131626377117284, 0.2802308830911976, 0.5436001143886002, 0.353520121545987, -0.660218813326053, -0.23624657053781214, 0.005177335463432665], [-0.1492072542017756, -0.6712049057630516, 0.48914532998233445, -0.5531169699608491, -0.059395011363125305, 0.17231880903177632, 0.03949338910735495, -0.4967310320662571, 0.23317922449541723, 0.143827356392567, 0.606374936980534, -0.25986353997795486], [-0.8027832926643017, -0.4182345982752445, -0.2817200435996165, 0.0006414549658744009, 0.64955373449576, -0.21295838931777944, -0.6542353732990556, -0.029406805922500265, 0.3103520121872461, -0.08998254675729753, 0.3595677169336183, -0.01847445504794263]], "inverted": true, "swapped": false, "error_lsq": 0.05395109466268313, "error_max": 0.34226942985585, "target": "486.xyz", "model": "7.xyz", "model_rescale": 3.7474275329858107, "target_rescale": 3.850704265734292},
{"mapping": [2, 8, 0, 4, 13, 7, 3, 9, 11, 1, 12, 14], "R": [[0.6704865077102728, 0.2775410523268923, -0.6880543635874738], [0.6639430774787618, -0.6383285242605834, 0.38950774701324864], [-0.33110033652431303, -0.7179886206539678, -0.6122621234119416]], "T": [0.04679843820894945, 0.06609961781720752, -0.10549943833744434], "aligned_model": [[-0.5986462247546467, 0.06133460679391667, -0.025099889906661746, -0.3657117661953385, -0.45423391891215137, 0.7223860633209531, 0.11179709588901372, 0.6005229553300937, 0.38868863743274573, -0.5982970376594088, -0.1607204688089387, -0.007621608368851132], [-0.27417819078823313, -0.5701577355103271, 0.5727502803194582, -0.5897449596900257, -0.2201348699101323, 0.14336135009020512, -0.010805327666577325, -0.40567685766362604, 0.06660806525165794, 0.37992391104957157, 0.3599144698051077, 0.042960197369890936], [-0.5252632956100008, -0.35080658457667396, -0.5206487780059207, 0.0037208311285161083, 0.5838105237592236, -0.0669038758241755, -0.8154257308809296, 0.12067871359203942, 0.4137218909102922, -0.32948149128195214, 0.3957503544613009, -0.0968331439729586]], "inverted": true, "swapped": false, "error_lsq": 0.05759865977941087, "error_max": 0.32132964856350105, "target": "486.xyz", "model": "8.xyz", "model_rescale": 4.019505241142653, "target_rescale": 3.850704265734292},
{"mapping": [0, 2, 4, 1, 10, 5, 3, 6, 11, 7, 8, 12], "R": [[-0.8825456870591465, -0.4070246166690693, 0.2354656486171535], [-0.4503584681830154, 0.587626735376894, -0.6722143036310239], [0.13524185886458204, -0.6993037832699688, -0.7019144237833851]], "T": [-0.04481851841198603, -0.08824693944542322, -0.007381938985174724], "aligned_model": [[-0.42624997769127576, 0.10602306843237985, -0.06717030446998792, -0.5657376112645254, -0.12259642972283885, 0.5556015410301435, 0.33052655649680235, 0.4965155777972672, 0.25478959347951424, -0.686579105916038, -0.18736634922259293, -0.01335811478812228], [-0.059025752709493756, -0.5166374767931864, 0.46305662582688295, -0.5016475061918554, -0.6860302495243233, 0.15030864964811425, -0.08070254726177978, -0.4880787260613662, 0.25128639649452017, 0.47646994485024213, 0.5502368041396892, -0.06441582976047425], [-0.5330265358269053, -0.3864604604102573, -0.6263806852045694, 0.1111447343249832, 0.6816648438394921, -0.1893481508864577, -0.7803760946099522, 0.26675995248658024, 0.41946887461050464, -0.30541243909136595, 0.16041423646239908, -0.0061288619956906465]], "inverted": true, "swapped": false, "error_lsq": 0.05548248723790326, "error_max": 0.31664561004159214, "target": "486.xyz", "model": "9.xyz", "model_rescale": 3.877068213659057, "target_rescale": 3.850704265734292},
{"mapping": [13, 3, 10, 4, 1, 12, 6, 5, 0, 2, 8, 15], "R": [[-0.8854374046657002, -0.20773759042544754, 0.41574715386049027], [0.23589496097053436, -0.9716316086459428, 0.01689924462240485], [0.4004424675375718, 0.113035881932804, 0.9093232206361466]], "T": [-0.10934451678027932, 0.050823191253493404, -0.1643738571395918], "aligned_model": [[-0.4828751732944708, 0.0672763678179498, 0.10770304314252901, -0.467883611657689, -0.046116666730990435, 0.6368335334765103, 0.22153015505767157, 0.32505411644074667, 0.4279019816631604, -0.7687375680966374, -0.30120729859812906, -0.045080435059925456], [-0.150494883722061, -0.5336743862314476, 0.6076300519174124, -0.5023422498058724, -0.3029053228650372, 0.013950122266227681, -0.032470272674436675, -0.47599279115325716, 0.18194173836054478, 0.11367578683087781, 0.5100402442262459, 0.06546229550777304], [-0.8105815461188282, -0.3373738217817833, -0.5465613191383132, -0.010919003820916873, 0.6254267426836013, -0.17171618728515048, -0.6780748650497017, 0.21609715408076996, 0.4082867422983207, -0.2044452066850403, 0.425228811630008, -0.10304808711420493]], "inverted": true, "swapped": false, "error_lsq": 0.039099760730041906, "error_max": 0.22077862191892378, "target": "486.xyz", "model": "10.xyz", "model_rescale": 4.260839863003843, "target_rescale": 3.850704265734292},
{"mapping": [6, 7, 3, 10, 9, 1, 0, 8, 2, 5, 4, 11], "R": [[-0.29444708038947204, 0.9551006575547198, 0.03291885156953775], [0.8205688837813832, 0.23501564853104012, 0.5209936198412697], [0.48986490364169843, 0.180417235551585, -0.8529255520243448]], "T": [-0.013676570889849152, -0.0625248445474533, -0.06366035580680966], "aligned_model": [[-0.5333123141537925, 0.1473300461224909, 0.13883233638526482, -0.4717285582587764, -0.19261699486306888, 0.6674049300983143, 0.09771116437872233, 0.3745997226117339, 0.3773034109348038, -0.5268097110835877, -0.43364744060888677, 0.029331852597508104], [-0.19453673700045485, -0.5676885406430038, 0.5874742967200517, -0.4753045022147898, -0.2501174940750539, 0.06691117212207412, -0.061244228780573645, -0.4990130314453174, 0.34531671772989325, 0.33194349069953666, 0.2901450993578305, -0.07906590981322337], [-0.7084912555221798, -0.44900713301867257, -0.3046483658115057, 0.050948208993615254, 0.690344010008608, -0.2701426788800634, -0.93407715361693, 0.3538716665124739, 0.3251288416164422, -0.25782527326173765, 0.42146976885512066, -0.10525122217641007]], "inverted": true, "swapped": false, "error_lsq": 0.04978963161876559, "error_max": 0.33178279862197824, "target": "486.xyz", "model": "11.xyz", "model_rescale": 3.890672605050136, "target_rescale": 3.850704265734292},
{"mapping": [10, 2, 9, 4, 3, 6, 11, 1, 6, 12, 5, 13], "R": [[0.41215568852433304, -0.015317243037974104, 0.9109846708275331], [0.8657679843160108, 0.3180871405374387, -0.38635005934787675], [-0.2838546912602027, 0.9479377369270787, 0.14436260304920953]], "T": [0.03229275552035138, -0.017541068057214275, 0.001113793014437467], "aligned_model": [[-0.49333844369143764, -0.06313214283999202, 0.08402242979933261, -0.38485453965310346, -0.33458157595596477, 0.5693246454798829, 0.2011830992633648, 0.6074112429668612, 0.5693246454798829, -0.6398841439806319, -0.309296379379665, -0.1317803933278038], [-0.1926767127285484, -0.5488545582734509, 0.6539388296918198, -0.5805671155351687, -0.4228529191513117, 0.18446972420030802, -0.08798539633662639, -0.5373927366086706, 0.18446972420030802, 0.21503419574530253, 0.6644083847675673, -0.037171087314559044], [-0.7007265398414726, -0.4616649851872506, -0.38909026096160576, -0.005730753425190208, 0.7455522956918028, 0.05446857648826508, -0.5178041314195536, 0.06662149097234048, 0.05446857648826508, -0.22074000837176283, 0.15354078716343794, 0.03342436610148502]], "inverted": true, "swapped": false, "error_lsq": 0.05090988372968289, "error_max": 0.2788627289003088, "target": "486.xyz", "model": "12.xyz", "model_rescale": 4.124412569039231, "target_rescale": 3.850704265734292},
{"mapping": [5, 4, 3, 10, 11, 1, 0, 2, 6, 7, 9, 12], "R": [[0.33235703408996714, -0.6148656464292106, -0.7151776273990326], [0.9306952341247876, 0.09096762158388166, 0.3543039274419332], [-0.15279130560449883, -0.7833678118639805, 0.6024862556665604]], "T": [-0.03283602662966484, 0.06796046572216285, -0.1516142950719468], "aligned_model": [[-0.46188939728112977, 0.12991658582198645, 0.06203902584889302, -0.4556044829886533, -0.2028994179490898, 0.7652900099223572, 0.16844543665792233, 0.2751649597694746, 0.3972000983293993, -0.6564134905267003, -0.2840851194117845, -0.06276576403194885], [-0.1790593400020992, -0.6242584367187372, 0.7306881207428814, -0.4739562313318687, -0.3985110889068364, -0.07677742402058063, 0.1066716890185759, -0.6376755706626235, 0.4875175091254951, 0.1285266734584611, 0.4728883583686855, -0.04123392641438364], [-0.7248858710154754, -0.48720457203658885, -0.39767151494947295, 0.11709148837790384, 0.7109606831133906, -0.08154238943701525, -0.6945273701785686, 0.2351785308455544, 0.14275559697702989, -0.17529034871754096, 0.27447086910700025, -0.10701568838745606]], "inverted": true, "swapped": false, "error_lsq": 0.047094904989727245, "error_max": 0.2606009099554326, "target": "486.xyz", "model": "13.xyz", "model_rescale": 3.9028299243045295, "target_rescale": 3.850704265734292},
{"mapping": [7, 4, 14, 3, 2, 13, 10, 5, 12, 9, 11, 15], "R": [[-0.9723610045672471, 0.11999856751138564, -0.2002858472089085], [-0.05899504408332994, -0.9562574570623841, -0.2865157248497702], [-0.2259063114890347, -0.2667808456538788, 0.9369067823543712]], "T": [-0.061386575148793004, -0.16111570927859423, 0.07309531783842177], "aligned_model": [[-0.530244260846451, 0.060230182985679614, 0.11564690267945696, -0.47997111197767695, -0.2162440503540965, 0.6197841867289858, 0.1263375798036863, 0.42561566563641373, 0.3912589286036646, -0.5413215770183554, -0.1623636766972524, -0.1343303253833284], [-0.1785750207687907, -0.6696242513476178, 0.5849962825127213, -0.6175746658820256, -0.43197714031604495, 0.1829477771568577, -0.07294390386380165, -0.29542421312859046, 0.23796820249145004, 0.310277261816285, 0.5602247634555987, -0.11547475946907201], [-0.7018211930462639, -0.35817223330170994, -0.36852295195596013, 0.0015296018676672907, 0.7400308597801957, -0.15113238397373646, -0.6426825642075715, -0.009922011189413521, 0.4196272330495459, -0.3119975505017592, 0.19690257003476752, -0.0015199628570012752]], "inverted": true, "swapped": false, "error_lsq": 0.039725202786520426, "error_max": 0.26956082168216766, "target": "486.xyz", "model": "14.xyz", "model_rescale": 3.942246331269136, "target_rescale": 3.850704265734292},
{"mapping": [7, 0, 9, 8, 13, 5, 2, 1, 3, 6, 10, 14], "R": [[0.13948248533451468, -0.6686512541102254, -0.7303767087344242], [0.9407902955364227, 0.3196207980948198, -0.11294319479154497], [0.30896319539614636, -0.6713777221520338, 0.6736421142480252]], "T": [-0.07071631745809165, 0.005858687092010824, 0.07183411941249504], "aligned_model": [[-0.37452667538713863, 0.016336541162227436, -0.16127600637908596, -0.6190912802026469, -0.2644088338067528, 0.48775709495480574, 0.24693961574422602, 0.6358969422366798, 0.5448237969769638, -0.5611927068614244, -0.24892786421885238, -0.027932180058275732], [-0.09877514170802687, -0.5469956917410771, 0.569750852884572, -0.5034511863958605, -0.3403258909287121, 0.13916968204684996, -0.12034280598249325, -0.3907857052592743, 0.056554875250924896, 0.118500599108883, 0.68138958220512, -0.0698688368239358], [-0.720460356407391, -0.40512638050271665, -0.4956047532713116, -0.12496343974530377, 0.7814602840629074, -0.19856407666351242, -0.6106728841315103, 0.07535022811785605, 0.43937757878577965, -0.1721619880020996, 0.21639957307269855, 0.027285628383364555]], "inverted": false, "swapped": false, "error_lsq": 0.0510350343162308, "error_max": 0.28579360924034847, "target": "486.xyz", "model": "15.xyz", "model_rescale": 4.355366556412066, "target_rescale": 3.850704265734292},
{"mapping": [7, 5, 6, 9, 1, 4, 3, 0, 4, 10, 8, 11], "R": [[-0.7647387777657759, -0.5185339347652976, -0.38248811782606407], [0.16913379376942622, 0.4112528013899271, -0.8956924099009091], [0.6217462195996596, -0.7496623852413533, -0.22679935310264132]], "T": [-0.0985433515181356, -0.07211199761885033, -0.02526453337573714], "aligned_model": [[-0.5025325979665447, 0.16873477758207917, 0.0931497570902899, -0.525949308691353, -0.3196041076682808, 0.6395553250233461, 0.0933596275922881, 0.35956434028133927, 0.6395553250233461, -0.6113764447889939, -0.34990681608830637, -0.010151433228484372], [-0.33680062981456665, -0.5799118217332037, 0.6905118451055209, -0.6778675490398096, -0.19856157023909948, 0.14022169325727268, 0.029782858033573584, -0.49633923099599375, 0.14022169325727268, 0.28025570169793135, 0.49123934290576965, 0.012068000222302033], [-0.7783871903979276, -0.31930810540396376, -0.265586379282142, -0.006937915369465225, 0.4540473808088465, -0.09200641335659339, -0.6447866829710742, 0.31249670738728613, -0.09200641335659339, -0.12563894004262827, 0.42914474428184474, -0.05871137859882816]], "inverted": false, "swapped": false, "error_lsq": 0.060526890847052976, "error_max": 0.4442900127008099, "target": "486.xyz", "model": "16.xyz", "model_rescale": 3.795458400668931, "target_rescale": 3.850704265734292},
{"mapping": [9, 10, 6, 11, 7, 1, 5, 2, 0, 8, 3, 12], "R": [[-0.35685947634797904, -0.2778458673196716, 0.8918817119741979], [0.700447837425952, 0.5521155937105512, 0.4522623113050136], [-0.6180810150667576, 0.7861107079763164, -0.0024111447532988994]], "T": [-0.04491197730093679, -0.10807976312837214, 0.03502574492832572], "aligned_model": [[-0.35204456274366813, 0.08295044119558684, -0.06415112064201106, -0.7202637185154946, -0.2713183034707673, 0.7131626377117284, 0.2802308830911976, 0.5436001143886002, 0.353520121545987, -0.660218813326053, -0.23624657053781214, 0.005177335463432665], [-0.1492072542017756, -0.6712049057630516, 0.48914532998233445, -0.5531169699608491, -0.059395011363125305, 0.17231880903177632, 0.03949338910735495, -0.4967310320662571, 0.23317922449541723, 0.143827356392567, 0.606374936980534, -0.25986353997795486], [-0.8027832926643017, -0.4182345982752445, -0.2817200435996165, 0.0006414549658744009, 0.64955373449576, -0.21295838931777944, -0.6542353732990556, -0.029406805922500265, 0.3103520121872461, -0.08998254675729753, 0.3595677169336183, -0.01847445504794263]], "inverted": true, "swapped": false, "error_lsq": 0.05395109466268313, "error_max": 0.34226942985585, "target": "486.xyz", "model": "17.xyz", "model_rescale": 3.7474275329858107, "target_rescale": 3.850704265734292},
{"mapping": [10, 3, 4, 11, 7, 0, 8, 1, 2, 5, 9, 13], "R": [[-0.6450593995247675, 0.2865036451300709, 0.7083883344691166], [-0.5148918874632548, 0.5220175042999486, -0.6799882862439475], [-0.5646102330894065, -0.8033762422001511, -0.18921389525901788]], "T": [-0.07950218406667686, -0.04087877482384724, -0.041955941007364966], "aligned_model": [[-0.5415322582401211, 0.07907915964408174, 0.0756746783370427, -0.36194918247006236, -0.30614652292259026, 0.7133541352027942, 0.08459295978360296, 0.3695672209582434, 0.42076714932126924, -0.5818244131356353, -0.2897560661456273, 0.012571583827728106], [-0.26657639381605025, -0.5667534918699373, 0.6765745542220478, -0.6971770383224817, -0.2661923527577778, 0.14848816299170334, 0.02970678993168422, -0.5318492121219888, 0.11779806903344447, 0.3388517449963292, 0.5110277662978526, 0.0009217340721435277], [-0.5024211034290066, -0.4405747071333709, -0.4297789470759912, 0.06402964399196195, 0.6401623898557439, -0.2281316930206101, -0.7383358036050701, 0.14726117232943797, 0.4359404673331365, -0.39790122777288073, 0.2725542190731759, -0.010484996847766298]], "inverted": true, "swapped": false, "error_lsq": 0.04635657230784918, "error_max": 0.262093237016456, "target": "486.xyz", "model": "18.xyz", "model_rescale": 3.922800546911778, "target_rescale": 3.850704265734292},
{"mapping": [0, 1, 12, 2, 10, 8, 5, 6, 13, 3, 7, 14], "R": [[0.5364903534242921, 0.7603321506194726, -0.3661599669776122], [0.09849285681518238, -0.4873350002425362, -0.8676426422756038], [-0.8381391637664131, 0.42941776660144754, -0.3363378121590891]], "T": [0.03378807632719204, -0.05174062092770432, -0.012491212363449036], "aligned_model": [[-0.4682034002560005, 0.07057604356274251, 0.04422579983698678, -0.530990382946732, -0.13600295236593152, 0.6209597528827534, 0.15983579004142223, 0.4299363448127467, 0.37403923164121167, -0.475246748823566, -0.3852757979199579, -0.029455236304949436], [-0.18390480777133433, -0.699491457658844, 0.6519374281488486, -0.4843982875443468, -0.5011383921971204, -0.03967829180117291, 0.06391592388016094, -0.5880292556182405, 0.4496824634390227, 0.22884691757239023, 0.582177746643471, 0.014900345564135067], [-0.667456723539928, -0.36892987877974887, -0.36369243921532507, 0.07094498029777578, 0.6354387969868808, -0.18417282608079877, -0.7563119284612443, 0.164225571193657, 0.3109555198689517, -0.27951822149791916, 0.23397174959132522, 0.01686481333513424]], "inverted": true, "swapped": false, "error_lsq": 0.041831160602390345, "error_max": 0.19166038604802046, "target": "486.xyz", "model": "19.xyz", "model_rescale": 3.9282355846067225, "target_rescale": 3.850704265734292},
{"mapping": [5, 2, 3, 7, 12, 0, 1, 10, 11, 6, 8, 13], "R": [[0.5294037088441752, 0.708290125572885, -0.46696553521430106], [0.8446092888232551, -0.4918009603065536, 0.2115820518735625], [-0.0797926205579628, -0.5064157515890462, -0.8585896716400649]], "T": [-0.13009811797361293, 0.04208071448237368, -0.004250182128831159], "aligned_model": [[-0.38005803745589983, -0.0015077638954568984, 0.023282817939878075, -0.5497858459696346, -0.18671187060868222, 0.594101170587341, 0.29854279543610746, 0.48187230882124665, 0.4567560498350085, -0.6750663643873969, -0.387916374977071, 0.0008895588352864914], [-0.08864009618646315, -0.66367244514459, 0.4477692564993298, -0.41381605764026536, -0.5207551062042408, 0.28974013667880594, -0.12709022282990143, -0.5381639802548098, 0.25567663722443856, 0.27935806843793065, 0.5817971755693809, -0.007383033492645685], [-0.6430946550321215, -0.4093343818632686, -0.6192673888117133, 0.05992240171597314, 0.6304190760144679, -0.23748223233200522, -0.5951384605933641, 0.17193903419650258, 0.34695081280081125, -0.2754569699450632, 0.46570456794355775, -0.08284239039501647]], "inverted": true, "swapped": false, "error_lsq": 0.042254183116263354, "error_max": 0.2443060372231588, "target": "486.xyz", "model": "20.xyz", "model_rescale": 4.067790424073018, "target_rescale": 3.850704265734292},
{"mapping": [3, 0, 6, 9, 1, 4, 2, 8, 5, 11, 13, 14], "R": [[-0.7785044690583665, 0.1866260205243983, -0.5992507990143843], [-0.6228159877228456, -0.3478430790332211, 0.7007891536014985], [-0.07765975207897241, 0.9187904662282447, 0.38703106086607225]], "T": [-0.07893646976864202, -0.07223943672819841, -0.08510238483238423], "aligned_model": [[-0.4009190961787481, 0.0886567680785178, 0.09070641868387766, -0.5721138120460487, -0.09900735982089987, 0.6831997630930285, 0.30406322731092383, 0.37364084780941587, 0.28414730061880156, -0.6038574744957118, -0.3266608313737425, -0.14745730751868819], [-0.01452986099830781, -0.6424321655678751, 0.5480801811456095, -0.5415452094463212, -0.3374259269915958, 0.14660296459703784, -0.08957904840091377, -0.33262258197195127, 0.1747229630376338, 0.27360987416450055, 0.3857841468869708, -0.0758450037978178], [-0.8704314940661793, -0.474012127738405, -0.45113758091843076, 0.2898350769216124, 0.6911568412210715, -0.20227260578423018, -0.7228582169836333, 0.1441186569850587, 0.30941741142760737, -0.2363586142264718, 0.3828404990721166, -0.04797843221135567]], "inverted": false, "swapped": false, "error_lsq": 0.04291138213569574, "error_max": 0.2580082549200605, "target": "486.xyz", "model": "21.xyz", "model_rescale": 4.186013935880536, "target_rescale": 3.850704265734292},
{"mapping": [2, 0, 9, 5, 3, 7, 1, 6, 4, 8, 11, 12], "R": [[0.8875115943696763, 0.4501215540624526, -0.09855839095580597], [0.31027288832056366, -0.7419157458064518, -0.5943835133124666], [-0.3406668528527686, 0.4969422629369118, -0.7981193411229495]], "T": [0.0012987438939615244, 0.03810102584890473, -0.11920933739872627], "aligned_model": [[-0.5497899699058936, 0.12325971106076496, -0.009743817602823949, -0.5319241598457123, -0.13560697917466108, 0.7257941732826866, 0.301901064059557, 0.3106522443767975, 0.40234528482597304, -0.6319947054596088, -0.3315817447174883, 0.001087343261135056], [-0.21870003498229307, -0.6079645298067171, 0.567689874712067, -0.5011229593007771, -0.4177833119127412, 0.07948843634659411, -0.10811501055220671, -0.3362628446449019, 0.22618400040437436, 0.4140741249242818, 0.3667020677158466, 0.03063051975344304], [-0.54353662563669, -0.41839700641184185, -0.44303718245488, 0.0339233007996087, 0.6718437254935622, -0.227455330063563, -0.7698877155107974, 0.1528291768324517, 0.45646645283159115, -0.33193396333829484, 0.30526435353820547, -0.07375977238059107]], "inverted": true, "swapped": false, "error_lsq": 0.0410888725718457, "error_max": 0.20724501654302133, "target": "486.xyz", "model": "22.xyz", "model_rescale": 4.166573947596378, "target_rescale": 3.850704265734292},
{"mapping": [0, 8, 5, 3, 11, 10, 7, 9, 14, 1, 6, 15], "R": [[0.028712394047747225, -0.1224289025406289, -0.992061874204802], [0.08841421484970859, -0.9882700701389907, 0.12451985817524935], [-0.9956698875835086, -0.09128763492484526, -0.01755114438638422]], "T": [-0.060866470947893866, -0.07890164204056221, 0.010387074312355651], "aligned_model": [[-0.3570135526830224, 0.04822681317136536, -0.039608452310570974, -0.3621803623089127, -0.16837730468895307, 0.6151121302435322, 0.2095347662471746, 0.2860833607798644, 0.6127752363965645, -0.5975493377244178, -0.47367603269503616, -0.09892882026686224], [-0.0355234962975802, -0.7153817985614828, 0.6130991719197285, -0.5683053447730488, -0.36689906364544733, 0.06113031640156402, 0.10134358223565301, -0.5209430952739884, 0.16648486888546127, 0.27089503655848163, 0.5214016574017644, -0.03248150219413554], [-0.7493306399010766, -0.4765120999900509, -0.44977045450061065, 0.1867974102926388, 0.7367425198096991, -0.2801042585191492, -0.6266250744722723, 0.22175011310924408, 0.3450063708298182, -0.3022034645987743, 0.23023212514510183, -0.02366313350580753]], "inverted": true, "swapped": false, "error_lsq": 0.04558595485962653, "error_max": 0.2582249831926827, "target": "486.xyz", "model": "23.xyz", "model_rescale": 4.274766983524099, "target_rescale": 3.850704265734292},
{"mapping": [7, 6, 5, 8, 2, 10, 4, 9, 3, 0, 11], "R": [[0.3028036742393174, 0.9241624229215383, 0.2328814095778392], [-0.15863651172369422, -0.1920702035230305, 0.9684748288245597], [0.9397576240793727, -0.330201231037096, 0.08844633969972315]], "T": [-0.07597192582556493, 0.020428787679373034, -0.008444718954412796], "aligned_model": [[0.17326518881435676, 0.042810770668204476, -0.33397639501921067, -0.5275584460009998, -0.5482563546329209, -0.5389684071060945, 0.18108330926127675, -0.05934943229980624, 0.644052024650078, 0.37391280361983276, -0.027120357996641586], [-0.18458548690865073, 0.6616597278124219, 0.3417098088039998, -0.13138743997282745, 0.5635971037050701, -0.2309818470172951, -0.7943449187344727, 0.20415767469844026, -0.22349509598678519, 0.6196370203432136, 0.08961998450036884], [-0.6113628279401518, -0.18921266449015772, -0.5686294250350362, -0.3586327386919852, 0.17618819733111868, 0.3972864982172623, 0.007198014833777654, 0.7147653836919328, 0.326228779922065, 0.47493330959974134, 0.010803906583010635]], "inverted": true, "swapped": true, "error_lsq": 0.05359323514961309, "error_max": 0.3097455035400489, "target": "486.xyz", "model": "24.xyz", "model_rescale": 3.7841303162186577, "target_rescale": 3.850704265734292},
{"mapping": [2, 9, 3, 8, 0, 13, 12, 10, 11, 4, 6, 15], "R": [[0.18792636028164772, 0.8553924306365072, 0.4826877590337889], [0.6724569111528752, -0.4702524841550529, 0.5715455395580795], [0.7158808460589142, 0.21717824650680453, -0.6635873894900379]], "T": [-0.040387812630167316, -0.12836375243139586, -0.02388233853259615], "aligned_model": [[-0.47380237862754576, 0.09242558891038428, 0.011861994955437286, -0.5055948668704318, -0.355418573087785, 0.5789674304223673, 0.2068308919876597, 0.4756136254185992, 0.50132711606013, -0.6127277676517179, -0.19663736584815394, -0.04844725150821748], [-0.30973492974764244, -0.561641097107661, 0.6260345142062553, -0.4929379257933008, -0.40755831158012545, 0.2376586019718286, -0.0742675908903156, -0.6010053799958881, 0.31468401836496834, 0.30941314521749547, 0.5157012061305183, -0.061525918119162526], [-0.6138394030275004, -0.3937093947191831, -0.30165040821398703, -0.03510073598688902, 0.5795544580408604, -0.33117164236775565, -0.738814799553734, 0.3161287099672895, 0.29184092318425087, -0.21748684940255725, 0.26385514341031746, -0.007286587632350683]], "inverted": false, "swapped": false, "error_lsq": 0.040551917502473306, "error_max": 0.20472848232846266, "target": "486.xyz", "model": "25.xyz", "model_rescale": 4.19342608120988, "target_rescale": 3.850704265734292},
{"mapping": [7, 5, 6, 9, 1, 4, 3, 0, 4, 10, 8, 11], "R": [[-0.7647387777657759, -0.5185339347652976, -0.38248811782606407], [0.16913379376942622, 0.4112528013899271, -0.8956924099009091], [0.6217462195996596, -0.7496623852413533, -0.22679935310264132]], "T": [-0.0985433515181356, -0.07211199761885033, -0.02526453337573714], "aligned_model": [[-0.5025325979665447, 0.16873477758207917, 0.0931497570902899, -0.525949308691353, -0.3196041076682808, 0.6395553250233461, 0.0933596275922881, 0.35956434028133927, 0.6395553250233461, -0.6113764447889939, -0.34990681608830637, -0.010151433228484372], [-0.33680062981456665, -0.5799118217332037, 0.6905118451055209, -0.6778675490398096, -0.19856157023909948, 0.14022169325727268, 0.029782858033573584, -0.49633923099599375, 0.14022169325727268, 0.28025570169793135, 0.49123934290576965, 0.012068000222302033], [-0.7783871903979276, -0.31930810540396376, -0.265586379282142, -0.006937915369465225, 0.4540473808088465, -0.09200641335659339, -0.6447866829710742, 0.31249670738728613, -0.09200641335659339, -0.12563894004262827, 0.42914474428184474, -0.05871137859882816]], "inverted": false, "swapped": false, "error_lsq": 0.060526890847052976, "error_max": 0.4442900127008099, "target": "486.xyz", "model": "26.xyz", "model_rescale": 3.795458400668931, "target_rescale": 3.850704265734292},
{"mapping": [4, 9, 7, 11, 8, 0, 3, 1, 6, 10, 5, 12], "R": [[-0.47835161387821273, 0.85455898963115, 0.2022589101639226], [0.8770217489498001, 0.45311739813048413, 0.15974190239412586], [0.044861847589498016, 0.2537982599468499, -0.9662162583390987]], "T": [0.009219280280282838, -0.2096977529220513, -0.09707671674278615], "aligned_model": [[-0.5869577222673432, 0.09040426308990661, 0.01543945261543946, -0.640695849255761, -0.17810159108884036, 0.717156201425772, 0.18230007743063537, 0.4370293985733069, 0.33655331141691835, -0.5288418651393071, -0.19756146785413564, 0.027674235214134733], [-0.28566319387558226, -0.5526380307535903, 0.570587559103413, -0.497643816705033, -0.2585290348375945, 0.13238610666994818, 0.04369829587315702, -0.41394019046331565, 0.19242317546171947, 0.21565647820059416, 0.3939376492452744, -0.04545466526202044], [-0.6781665687025744, -0.34238316696869486, -0.3236252544181838, -0.01788088045470318, 0.6052608852423058, -0.36740455618704493, -0.7685750703972326, 0.25734774621729317, 0.5450589003128952, -0.29008037050367763, 0.3025812511891641, -0.10981350163078622]], "inverted": true, "swapped": false, "error_lsq": 0.046230428761018016, "error_max": 0.29338122786213, "target": "486.xyz", "model": "27.xyz", "model_rescale": 3.6321398670334006, "target_rescale": 3.850704265734292},
{"mapping": [10, 0, 13, 8, 7, 2, 11, 5, 1, 9, 6, 14], "R": [[-0.629913146934975, -0.7753882558625904, 0.04452504900442916], [0.5657434680176217, -0.49736766905899055, -0.6576927323379977], [0.5321125404591318, -0.3890995431058701, 0.7519692745324986]], "T": [-0.13145511738798382, -0.09783837927462632, 0.003269185808376998], "aligned_model": [[-0.44556104428123816, 0.12095020946224627, 0.07769682737368128, -0.5113550646745053, -0.3964774549109937, 0.5934048099011666, 0.07168497498159643, 0.6787591971439202, 0.4530627796040511, -0.5208273561569225, -0.3600332601395694, -0.08690617414270715], [-0.3954423517932808, -0.5601038702366998, 0.6518795611158755, -0.44222794771807217, -0.3526752929214835, 0.06071841474875353, 0.07450517470362417, -0.43506445994480125, 0.06253473814674396, 0.28767474822764927, 0.5947500657494526, -0.05172844742079188], [-0.6428275370035036, -0.33141553308847993, -0.243014808338801, 0.06731191368280863, 0.6856977110479371, -0.28462227396737017, -0.5811601415640072, -0.03916495860660975, 0.2859111633185567, -0.3792763009245185, 0.2715614063741823, 0.003318772768565903]], "inverted": false, "swapped": false, "error_lsq": 0.05643392221292017, "error_max": 0.32232713993989837, "target": "486.xyz", "model": "28.xyz", "model_rescale": 4.156811204709835, "target_rescale": 3.850704265734292},
{"mapping": [0, 3, 1, 7, 10, 9, 6, 2, 8, 11], "R": [[0.49287581333102937, -0.45708001263705833, 0.7403724027008187], [0.8678642398095086, 0.1972963889312366, -0.45594494862270213], [0.062330521361052826, 0.867266969832474, 0.4939260158611395]], "T": [0.018038674480091027, -0.01580978168018613, 0.0853446252347763], "aligned_model": [[-0.7005416693552623, 0.04038410690750556, 0.010509321011014233, 0.6018609702097804, -0.12165863401480667, -0.6052807470985456, -0.3130856860150253, -0.5497062108379626, 0.32084137631039555, -0.04039745300650503], [-0.14175071010885928, -0.648048199396437, 0.125663251665309, 0.20132666542896124, -0.3021480245112534, -0.42161446428829213, 0.46802397466870843, 0.34837090774755314, 0.29223260132791046, -0.0033356719073967533], [-0.42737583112440986, -0.45290714294145545, -0.6364616815905431, -0.1969026574581813, 0.6690277089334908, 0.14748094345709423, -0.2526273437322927, 0.3971328316302536, 0.48911512364369497, 0.022304776157448067]], "inverted": false, "swapped": true, "error_lsq": 0.0563931476139806, "error_max": 0.2638308294364653, "target": "486.xyz", "model": "29.xyz", "model_rescale": 4.117894457231895, "target_rescale": 3.850704265734292},
