[{"mapping": [4, 2, 6, 11, 5, 8, 3, 9, 0, 12, 13], "R": [[-0.1008529398197347, -0.9882778388377582, 0.11461063559673365], [-0.5968562459080182, 0.15226613001122613, 0.7877675084515684], [-0.7959844886995628, 0.011042595418410017, -0.6052162876493997]], "T": [-0.06995835573478391, 0.16483602111072354, 0.0744972035074193], "aligned_model": [[0.06598213506200708, -0.6057949964317478, 0.05985717223468144, 0.606360930611668, 0.3107408193299072, 0.5712382356900654, -0.35438448538157186, -0.19063422571340388, -0.7781128037205757, -0.14006324158396283, 0.030817369873340814], [-0.7537284410737233, -0.35705839815975443, -0.20493774454338604, 0.27058410607811, 0.6113597616254196, -0.24659112801356486, 0.12406532318265417, -0.21337692116313972, 0.13217323310685328, 0.4356131906343233, 0.06345793119973361], [-0.15169682467371137, -0.1037261255789469, -0.5819794336394345, 0.2104067553602494, -0.40308624229386214, -0.09920876567992769, -0.36212601250650167, 0.6902369833378904, 0.37923127554134783, 0.5813352816136989, 0.15264192994212133]], "inverted": true, "swapped": false, "error_lsq": 0.04928678326330698, "error_max": 0.299156742815145, "target": "487.xyz", "model": "0.xyz", "model_rescale": 3.8414455957264533, "target_rescale": 3.652204449586445},
{"mapping": [6, 8, 9, 3, 0, 2, 13, 10, 12, 11, 14], "R": [[-0.41189429277990947, -0.9098640750158427, -0.04990447445774375], [-0.9040816081148131, 0.4148962064446563, -0.10245771687075148], [0.1139277729259735, 0.0029159686895591994, -0.9934847556368089]], "T": [0.09751931761462843, 0.003506352596556973, -0.0133005922428957], "aligned_model": [[0.15423845943669154, -0.6209783736087973, -0.09511162199116413, 0.6069178177182369, 0.2574241638317429, 0.6727396916427559, -0.4776217007834238, -0.10346602760865425, -0.5415241641365223, -0.37707165852781466, 0.10046032399735663], [-0.7748552459984068, -0.32332180811777056, -0.2504023958841749, 0.18299342047393707, 0.6514051900321297, -0.4216078345352378, 0.3143252930618592, -0.31545398975766065, 0.10806362241744481, 0.6485280624145073, 0.04188659876689835], [0.01773703922768995, -0.048610910441231295, -0.6165694780185336, 0.5538629138089577, -0.2964523291492427, -0.1949711094454544, -0.397294597200536, 0.5578828208751223, 0.39040815131617296, 0.2782054992160391, 0.06783082123393962]], "inverted": false, "swapped": false, "error_lsq": 0.046667511759643183, "error_max": 0.25597492342268335, "target": "487.xyz", "model": "1.xyz", "model_rescale": 4.316132596720782, "target_rescale": 3.652204449586445},
{"mapping": [1, 9, 0, 6, 4, 8, 5, 10, 7, 3, 11], "R": [[0.22212761040814882, -0.17594437117938627, -0.9590114196111825], [-0.9407070316187305, 0.21995732638911075, -0.2582422413758657], [0.25637785660513324, 0.9595115178141659, -0.1166535118396062]], "T": [-0.016491551933455983, -0.07376282723746216, -0.011571520677927594], "aligned_model": [[0.04925479087623218, -0.6299826701610598, -0.0694593971435366, 0.5501379901442054, 0.3386755275472692, 0.5969097263127728, -0.5013418496346941, 0.07720810947688209, -0.7182188272540408, -0.17923194128444717, 0.06205545109082443], [-0.5812860447150882, -0.4859041641146332, -0.05366916245049134, 0.35136997929383096, 0.5266132824640818, -0.47320790941096, 0.235078242416246, -0.3081610964904198, 0.11929131561830383, 0.5061500504035107, 0.025286419859145037], [-0.19238873648747537, -0.07256063056612552, -0.7191764320484427, 0.4059078463034786, -0.33980101918394956, 0.21474377705112838, -0.3036284747659483, 0.5659348631933637, 0.5087841738014641, 0.24964415430955283, -0.005430700184122318]], "inverted": false, "swapped": false, "error_lsq": 0.04604316213395652, "error_max": 0.2893984358684081, "target": "487.xyz", "model": "2.xyz", "model_rescale": 3.795458400668931, "target_rescale": 3.652204449586445},
{"mapping": [5, 10, 4, 8, 7, 9, 0, 6, 2, 1, 11], "R": [[-0.8872431058249889, 0.15568035180467513, -0.4342387583208113], [-0.11707076501727978, 0.8345248712380223, 0.5383889627986732], [0.4461996270104854, 0.5285185591321603, -0.7222008207614894]], "T": [-0.06582642465515373, -0.017722578067097827, 0.051005800542851226], "aligned_model": [[0.10325533394088748, -0.6075713509826873, -0.15644626122637678, 0.4986036875212436, 0.40991179096330455, 0.7419598396338442, -0.4752930331048598, 0.01052717835007344, -0.6866598307306743, -0.1851889897462627, -0.0770914546480851], [-0.6923387340836421, -0.4657715606659587, -0.19954379054818214, 0.20328312180251973, 0.42313617105075385, -0.29405413303163025, 0.46990240534260785, -0.10482539551178376, -0.06375283955346259, 0.530097249668093, 0.05542841840421117], [-0.049637214618438646, -0.16059589933374172, -0.5570105028860204, 0.5440961230244581, -0.3522546737691995, -0.10923422493200238, -0.40371050254636076, 0.6288288903568717, 0.49841211290683984, 0.33721351594323645, -0.0640788027227191]], "inverted": true, "swapped": false, "error_lsq": 0.051230368557979376, "error_max": 0.2591297369602062, "target": "487.xyz", "model": "3.xyz", "model_rescale": 3.7530521520055578, "target_rescale": 3.652204449586445},
{"mapping": [9, 8, 5, 2, 1, 3, 7, 4, 6, 0, 10], "R": [[-0.6659940158724538, -0.1471941209789435, 0.7312905452495048], [0.6195020138930849, 0.43695898224579943, 0.6521381008782782], [-0.4155348668938551, 0.8873560382304001, -0.1998250129777424]], "T": [0.014824801589547978, -0.06551795979327651, 0.008699975737702967], "aligned_model": [[-0.010330825775000649, -0.818214342114596, 0.03604161810767792, 0.5532850756644165, 0.43632995623223014, 0.7107078677713031, -0.4188758692002315, -0.005849898975773496, -0.576900327674786, -0.31787707711642127, -0.012309266948410967], [-0.6097374147948693, -0.36680956834853445, -0.16995742329273714, 0.18899135099527659, 0.5325659415481367, -0.3466713358266707, 0.1953736595421195, -0.045497227362155016, -0.11014621459263574, 0.5778894413795788, 0.015559703626016719], [-0.01488281571859329, -0.22951976258167295, -0.702778757009026, 0.335260118731552, -0.2905573088447032, -0.12079644290391302, -0.31222093612448326, 0.7427862318691103, 0.449387203724389, 0.4031068237911302, 0.05224446648913425]], "inverted": true, "swapped": false, "error_lsq": 0.050614226847933375, "error_max": 0.30125949967040083, "target": "487.xyz", "model": "4.xyz", "model_rescale": 3.7855080009869324, "target_rescale": 3.652204449586445},
{"mapping": [10, 7, 8, 2, 12, 9, 6, 5, 4, 1, 16], "R": [[0.8692403545177406, -0.4464689655006516, -0.21233621670042796], [-0.2783608869290442, -0.7969225690057612, 0.536124645616422], [-0.4085785392136363, -0.40691507941342786, -0.8169967536288104]], "T": [0.04112349097523332, 0.04736890034627104, -0.06436278352283514], "aligned_model": [[0.09130048743299138, -0.5605916301723224, -0.10670492776454996, 0.590387784372602, 0.24759051044406818, 0.6531119123195659, -0.5494798438822592, -0.19668082790219932, -0.585044240292534, -0.10243084468684341, 0.09454853010188863], [-0.6786603165022204, -0.3940926928687327, -0.31563596671782823, 0.24823373892614486, 0.6756084115558507, -0.2982836414596021, 0.1744863197572796, -0.4268977754555011, 0.17301607441570918, 0.6508134835615931, 0.05297327766083322], [-0.1008061558027018, 0.002120647302909673, -0.648900292211791, 0.3870214654266185, -0.2248362998330264, 0.049252848027816515, -0.3115589214466649, 0.5468846874465592, 0.30863526450515305, 0.36963114119279517, -0.06541556318474413]], "inverted": false, "swapped": false, "error_lsq": 0.0409857220994063, "error_max": 0.20800645129594378, "target": "487.xyz", "model": "5.xyz", "model_rescale": 4.2253639853439635, "target_rescale": 3.652204449586445},
{"mapping": [6, 3, 7, 8, 9, 11, 0, 2, 4, 1, 13], "R": [[-0.11035799037789129, 0.8204214552749607, 0.561007798238375], [0.10009532112846647, 0.5707600995268454, -0.8149931505701721], [-0.9888387333877768, -0.033786750548426225, -0.14510828659809882]], "T": [0.053914667509124575, 0.009623807024777551, 0.09868822214320085], "aligned_model": [[0.06267767700698776, -0.4889475883847302, -0.19857552050472801, 0.6197020341777895, 0.24934745938851205, 0.7049719117488827, -0.3926254850472457, -0.18125222523487802, -0.5927700278160387, -0.21398708248305695, 0.0074657571189131675], [-0.6150467621001539, -0.4086661542738919, -0.32126885976761616, 0.4001697929506817, 0.5176186553755694, -0.36685527603465506, 0.37807146766068056, -0.41718682999044204, 0.08583093332808311, 0.6373738096339219, -0.02847986390865198], [-0.05437339243336088, -0.08391394679499832, -0.5767005281678027, 0.36928638214062626, -0.17761538875008287, -0.10116610869516061, -0.45620894207145235, 0.5598832185655666, 0.37600156646568167, 0.3686222298814119, 0.08821373128249548]], "inverted": false, "swapped": false, "error_lsq": 0.04365812734927746, "error_max": 0.21867267961473277, "target": "487.xyz", "model": "6.xyz", "model_rescale": 3.89814844738969, "target_rescale": 3.652204449586445},
{"mapping": [5, 6, 9, 4, 11, 10, 8, 0, 3, 7, 12], "R": [[0.7189072769997866, 0.6745671003339457, 0.16772463809412327], [0.337472630369564, -0.5496630701013651, 0.7641876295244445], [0.6076878728658321, -0.4927775730629331, -0.6228047147043813]], "T": [0.011892014812850266, -0.013571678005708876, 0.15095383060647996], "aligned_model": [[0.02609851470845611, -0.5351478313875522, 0.032288090950607036, 0.5365715020812375, 0.23962976230590788, 0.6243147956098036, -0.3983298341071938, -0.21919445769042106, -0.7522490477802246, -0.15366397329617448, 0.175689388575962], [-0.7296455060153009, -0.3696922221438545, -0.3211808494635248, 0.2714149592809454, 0.5703904026710706, -0.23923741374247962, 0.2751875517818101, -0.21613785679455608, 0.13255146496679718, 0.5293393279377184, -0.04142894560509989], [-0.14840056175353475, -0.02596823059440423, -0.6874413487378628, 0.3938320729257563, -0.3613587457777474, -0.1850773827166803, -0.3029436404107896, 0.6574875144866227, 0.36802156247115436, 0.4812772084844259, 0.12260037304598381]], "inverted": false, "swapped": false, "error_lsq": 0.04054819802809126, "error_max": 0.19453247746991698, "target": "487.xyz", "model": "7.xyz", "model_rescale": 3.7474275329858107, "target_rescale": 3.652204449586445},
{"mapping": [12, 10, 11, 2, 8, 13, 7, 1, 0, 3, 14], "R": [[0.9959467710571025, -0.08131833753132992, 0.03843640464549545], [-0.08076240756428418, -0.9966080792639053, -0.015804109286202357], [0.03959119530087488, 0.012635835035741554, -0.9991360632704624]], "T": [-0.041871040340777294, 0.023909967764750212, -0.033137863520148136], "aligned_model": [[0.02041774566926055, -0.6901220902572047, -0.10066557170480456, 0.4814760467805296, 0.3400708887599925, 0.6798421565391944, -0.50476776351208, 0.06272512646558981, -0.48872174858658024, -0.2354536978176569, 0.011205817634167205], [-0.5887458159255796, -0.3403205195281155, -0.25745958801843727, 0.3292290711142247, 0.5797531111173907, -0.4897169690136647, 0.16645873684344956, -0.19489650023212102, 0.021064983332260777, 0.6228716419613849, 0.013322761222733329], [-0.07076254488144502, -0.18270419695422468, -0.5843676992057023, 0.5512229559923875, -0.13496653649177737, -0.18620405821212432, -0.5119740610192879, 0.6781884972327776, 0.45114468647599276, 0.31023540939486166, -0.007783630908533939]], "inverted": false, "swapped": false, "error_lsq": 0.04848302720786459, "error_max": 0.2329888913042881, "target": "487.xyz", "model": "8.xyz", "model_rescale": 4.019505241142653, "target_rescale": 3.652204449586445},
{"mapping": [8, 4, 7, 6, 1, 11, 0, 5, 3, 2, 12], "R": [[0.14138037816018006, -0.814633162677816, -0.562480576497379], [0.6170188122848888, -0.37180899800314743, 0.6935746926542528], [-0.7741442849739513, -0.4451189495735211, 0.45007748974230594]], "T": [0.13658558887223182, 0.07094068506979101, 0.007566967364911036], "aligned_model": [[0.1861519646358608, -0.5644893089098202, -0.29704203919694305, 0.5121640264853912, 0.2823430707147185, 0.5229446775407883, -0.41360542302342396, -0.03693941440082488, -0.5970690819623123, -0.15469435998963527, 0.13624279807660836], [-0.5349471578589909, -0.3658534476148892, -0.28238276985130695, 0.2920594922081845, 0.5716430038904657, -0.38597220774147933, 0.20586791570255875, -0.2706381480270792, 0.08821579253130996, 0.5029798427310952, 0.04058859690365743], [-0.28667787553104934, -0.06523100372800067, -0.7042712210272379, 0.5890385043266522, -0.4218014601947936, 0.17846690001272875, -0.3113853346084346, 0.5586909943871629, 0.4546835096294719, 0.2876925103898147, 0.03282329776660939]], "inverted": true, "swapped": false, "error_lsq": 0.051365320190355085, "error_max": 0.2866281391615954, "target": "487.xyz", "model": "9.xyz", "model_rescale": 3.877068213659057, "target_rescale": 3.652204449586445},
{"mapping": [9, 11, 8, 4, 1, 2, 0, 6, 12, 5, 15], "R": [[-0.7106379072691837, -0.5715971745939039, 0.41020779459725243], [0.2109928875421072, -0.7293550485019928, -0.6507866122096396], [0.671174914726943, -0.37592270910510617, 0.6389102837021479]], "T": [0.0629609446263227, -0.14168195781469825, 0.17527263177862162], "aligned_model": [[0.1568095816789572, -0.5621788697671343, 0.04389518574396109, 0.6069481719905159, 0.12567279120738042, 0.644768659407971, -0.49590215121320214, -0.1958347957856509, -0.6076833303116475, -0.1371828724443956, -0.003305460536347782], [-0.6747508149806748, -0.3177271424897572, -0.19589821334610438, 0.2526059181710094, 0.6078155546694192, -0.4139796637973411, 0.2623562010030339, -0.28116476509821264, 0.10978132028924184, 0.6093243728044477, -0.09680185435153581], [-0.2024512498370049, -0.17524638578896012, -0.5941557471381499, 0.2571606471427022, -0.257425084048431, 0.008812125091144984, -0.2224599944436051, 0.7173739934645855, 0.38787011993799525, 0.25850355211991477, 0.13404684492273178]], "inverted": false, "swapped": false, "error_lsq": 0.042143446197669986, "error_max": 0.22452508240513847, "target": "487.xyz", "model": "10.xyz", "model_rescale": 4.260839863003843, "target_rescale": 3.652204449586445},
{"mapping": [5, 4, 3, 7, 1, 6, 2, 10, 9, 8, 11], "R": [[-0.7347784393139208, -0.1807984151817846, 0.6537679849817932], [-0.46101125030664625, 0.8401093149091378, -0.2858058188588931], [-0.4975633348731616, -0.5113983496948877, -0.7006443146984379]], "T": [0.008411722047637252, 0.010879690532001015, 0.028496247253486078], "aligned_model": [[0.03920853991668592, -0.587427294616882, 0.04920425628119392, 0.5390388295821338, 0.20955442500337013, 0.6274775042045435, -0.459834572314834, -0.004526298716620844, -0.6625099399319273, -0.2299548368809043, 0.05577629744364904], [-0.6286700433695838, -0.41321877210324504, -0.10267193499427975, 0.2616716015716227, 0.5657337345129239, -0.5374908457068919, 0.3054070109008396, -0.2589806694321351, 0.03436297930047796, 0.5861906845245735, 0.04922716766922348], [-0.18746346223754537, -0.006421066673860904, -0.6709857531610423, 0.3202905573229489, -0.38976114487123137, 0.16743021358913415, -0.3769124249695125, 0.5944836903835712, 0.45866588796794466, 0.3860043602167971, 0.01669796385571997]], "inverted": true, "swapped": false, "error_lsq": 0.04023265904599126, "error_max": 0.28154593358373753, "target": "487.xyz", "model": "11.xyz", "model_rescale": 3.890672605050136, "target_rescale": 3.652204449586445},
{"mapping": [6, 9, 11, 3, 4, 1, 12, 8, 5, 7, 13], "R": [[0.7244169499134018, -0.02406560694710541, -0.6889418910477368], [0.6892210506678318, 0.005069605694132964, 0.7245333963416982], [-0.013943672202628266, -0.9996975270852548, 0.020259031199250446]], "T": [0.020126690011282367, -0.11028280085552666, -0.07922652567746537], "aligned_model": [[0.03521037017915346, -0.685544969733616, -0.03212403739446633, 0.5026279694229526, 0.37944599894246234, 0.6910632041447251, -0.47953699492878116, 0.08711775327392829, -0.6461632545780467, -0.27027000901051523, -0.00581912034738899], [-0.6769736568316651, -0.40656279024338665, -0.2920409935614869, 0.42930423117160077, 0.46218991807967846, -0.48204332594266586, 0.4310879010270223, -0.20552499039632674, 0.008202656333982872, 0.5402787202357656, 0.053643243001007146], [0.02417705398582458, -0.22088136160836996, -0.5959430676664803, 0.49444716749339324, -0.2642175095909913, -0.20936720486594057, -0.1905194357858189, 0.63185164767097, 0.3041676422604435, 0.3891788914016168, -0.050865001871723485]], "inverted": false, "swapped": false, "error_lsq": 0.05125499097289598, "error_max": 0.2454517889380394, "target": "487.xyz", "model": "12.xyz", "model_rescale": 4.124412569039231, "target_rescale": 3.652204449586445},
{"mapping": [7, 3, 5, 2, 4, 10, 0, 9, 6, 1, 12], "R": [[-0.9783029031480881, -0.12789405048810099, 0.16299245854262764], [-0.09471830372849024, -0.4235909140244914, -0.9008879955325712], [0.18426033927793736, -0.8967797106344698, 0.4022863134181132]], "T": [-0.0904976015893782, -0.07026836041868341, 0.05861392916882944], "aligned_model": [[0.07532015480783066, -0.7833925179120071, 0.07938135784012396, 0.5421688344866293, 0.3320157626433931, 0.6248989836554353, -0.3859001516547934, -0.20106927806322022, -0.5068924835207458, -0.2307934706120609, 0.030269718299822557], [-0.6371707064705298, -0.23456733601467566, -0.22217377181710507, 0.4373296504164334, 0.44643558276660006, -0.25062402181836363, 0.19491132567227126, -0.5539371832495014, 0.06036185578767443, 0.6774758680675576, -0.05648035046683529], [-0.15163324969536557, 0.01792170241368842, -0.6637514660455581, 0.3492562414842196, -0.35704909287067305, 0.04160706235993685, -0.36468792635932445, 0.46170156999102974, 0.5657271943269422, 0.3485448464740032, 0.06439193934402518]], "inverted": true, "swapped": false, "error_lsq": 0.049633409713631886, "error_max": 0.3183533343768171, "target": "487.xyz", "model": "13.xyz", "model_rescale": 3.9028299243045295, "target_rescale": 3.652204449586445},
{"mapping": [11, 14, 12, 3, 8, 1, 13, 9, 10, 4, 15], "R": [[-0.3663929675970936, -0.05280223511734278, -0.9289607727250965], [0.3385894471511258, -0.9375053096016537, -0.08025572095871378], [-0.866667975393859, -0.3439414462307804, 0.36137363211970663]], "T": [0.12329160167655842, 0.10407941582657143, 0.0684797529730448], "aligned_model": [[0.02917040029462037, -0.5655717400270514, 0.013720990859558704, 0.44669849889203406, 0.31927035549253713, 0.5161726499936534, -0.5316323041927657, -0.07679357527060354, -0.5608009514323028, -0.10346265538340346, 0.08923524074413078], [-0.599945291243122, -0.4482376421741141, -0.09633948818694996, 0.3435422979868332, 0.571345521923261, -0.39922929009902886, 0.10660355635659363, -0.4863299672522564, 0.17512521541890538, 0.6557061698981335, 0.03931983024527058], [-0.13486010938497717, 0.009625554470678241, -0.5888381557439586, 0.5446676908075836, -0.5144112091318733, -0.05203408090325472, -0.38287338818217925, 0.5291620065949564, 0.35539868784883893, 0.39043270758033805, 0.1557591174667713]], "inverted": false, "swapped": false, "error_lsq": 0.04727587158166444, "error_max": 0.20273630259853515, "target": "487.xyz", "model": "14.xyz", "model_rescale": 3.942246331269136, "target_rescale": 3.652204449586445},
{"mapping": [4, 3, 10, 8, 7, 11, 5, 12, 1, 0, 14], "R": [[-0.19633268654151417, 0.6278575711009, 0.7531589119214285], [-0.5645592594350295, 0.5556342440301866, -0.6103633585391365], [-0.8017021384414308, -0.5450371154997443, 0.24537364150649066]], "T": [0.016348922195870537, -0.039702680473231625, -0.06936186419896685], "aligned_model": [[-0.011653922048529296, -0.5917762602066337, 0.15104042805071405, 0.5934767924384001, 0.30662407832031696, 0.6605266750246426, -0.5566296465279269, -0.24826313840162845, -0.6608562147087382, -0.044273651451921546, -0.022208230518287915], [-0.6132141310788612, -0.40922643869497327, -0.36974868692593404, 0.2963603603486595, 0.7509576206843703, -0.3545766191922974, 0.17906974543003212, -0.2835573315299984, 0.06664978642124796, 0.5744827723860957, 0.02436383502518487], [-0.18753306907162248, 0.03155337319483502, -0.6873653819222395, 0.3215677717595485, -0.21625001906292274, -0.06869094500444058, -0.23249905688274386, 0.6645261549886179, 0.3627536193422821, 0.3304113414171158, -0.006444967335506244]], "inverted": false, "swapped": false, "error_lsq": 0.042697128499438027, "error_max": 0.23025843121860082, "target": "487.xyz", "model": "15.xyz", "model_rescale": 4.355366556412066, "target_rescale": 3.652204449586445},
{"mapping": [1, 9, 0, 6, 4, 8, 5, 10, 7, 3, 11], "R": [[0.22212761040814882, -0.17594437117938627, -0.9590114196111825], [-0.9407070316187305, 0.21995732638911075, -0.2582422413758657], [0.25637785660513324, 0.9595115178141659, -0.1166535118396062]], "T": [-0.016491551933455983, -0.07376282723746216, -0.011571520677927594], "aligned_model": [[0.04925479087623218, -0.6299826701610598, -0.0694593971435366, 0.5501379901442054, 0.3386755275472692, 0.5969097263127728, -0.5013418496346941, 0.07720810947688209, -0.7182188272540408, -0.17923194128444717, 0.06205545109082443], [-0.5812860447150882, -0.4859041641146332, -0.05366916245049134, 0.35136997929383096, 0.5266132824640818, -0.47320790941096, 0.235078242416246, -0.3081610964904198, 0.11929131561830383, 0.5061500504035107, 0.025286419859145037], [-0.19238873648747537, -0.07256063056612552, -0.7191764320484427, 0.4059078463034786, -0.33980101918394956, 0.21474377705112838, -0.3036284747659483, 0.5659348631933637, 0.5087841738014641, 0.24964415430955283, -0.005430700184122318]], "inverted": false, "swapped": false, "error_lsq": 0.04604316213395652, "error_max": 0.2893984358684081, "target": "487.xyz", "model": "16.xyz", "model_rescale": 3.795458400668931, "target_rescale": 3.652204449586445},
{"mapping": [5, 6, 9, 4, 11, 10, 8, 0, 3, 7, 12], "R": [[0.7189072769997866, 0.6745671003339457, 0.16772463809412327], [0.337472630369564, -0.5496630701013651, 0.7641876295244445], [0.6076878728658321, -0.4927775730629331, -0.6228047147043813]], "T": [0.011892014812850266, -0.013571678005708876, 0.15095383060647996], "aligned_model": [[0.02609851470845611, -0.5351478313875522, 0.032288090950607036, 0.5365715020812375, 0.23962976230590788, 0.6243147956098036, -0.3983298341071938, -0.21919445769042106, -0.7522490477802246, -0.15366397329617448, 0.175689388575962], [-0.7296455060153009, -0.3696922221438545, -0.3211808494635248, 0.2714149592809454, 0.5703904026710706, -0.23923741374247962, 0.2751875517818101, -0.21613785679455608, 0.13255146496679718, 0.5293393279377184, -0.04142894560509989], [-0.14840056175353475, -0.02596823059440423, -0.6874413487378628, 0.3938320729257563, -0.3613587457777474, -0.1850773827166803, -0.3029436404107896, 0.6574875144866227, 0.36802156247115436, 0.4812772084844259, 0.12260037304598381]], "inverted": false, "swapped": false, "error_lsq": 0.04054819802809126, "error_max": 0.19453247746991698, "target": "487.xyz", "model": "17.xyz", "model_rescale": 3.7474275329858107, "target_rescale": 3.652204449586445},
{"mapping": [8, 3, 0, 9, 2, 4, 1, 10, 11, 7, 13], "R": [[0.5186347878449307, -0.4756590732897341, 0.7104691427741213], [0.5648645412387554, 0.8144107390258095, 0.13290296539417462], [-0.6418302009785563, 0.332390725136226, 0.6910646850731412]], "T": [0.0019343999680624321, 0.011840703170923823, 0.13087245980698048], "aligned_model": [[0.03566093963408747, -0.5462620246249988, 0.15687165623095367, 0.5740043665495104, 0.1656918671374269, 0.695741370312458, -0.49431540700037224, -0.22919489186989547, -0.6393985156896879, -0.18489413354758055, 0.04210168283850613], [-0.6804388780291769, -0.35717487124135766, -0.15309498436017333, 0.29383649147491553, 0.5004374732775078, -0.40112949284010596, 0.23887708156922943, -0.4549992180651239, 0.13605622560034544, 0.6943702876571349, 0.04482079783033041], [-0.06008814658677061, -0.023715273256778885, -0.6740704303294816, 0.3332050932855823, -0.3572765051590131, -0.06229411889841649, -0.2942263860833009, 0.5837290694068198, 0.43909195478996965, 0.3890734423801907, 0.03860012187412287]], "inverted": false, "swapped": false, "error_lsq": 0.03825871405111349, "error_max": 0.20671814161479402, "target": "487.xyz", "model": "18.xyz", "model_rescale": 3.922800546911778, "target_rescale": 3.652204449586445},
{"mapping": [13, 12, 7, 6, 2, 4, 3, 8, 5, 1, 14], "R": [[-0.6507326557165006, 0.7569515111000595, 0.059761364002901884], [-0.11798335737746515, -0.17854832707414203, 0.9768318290683238], [0.7500846206702894, 0.6286055239515178, 0.20549490770222534]], "T": [0.014468257418481442, 0.03291703203772569, 0.008255353966686151], "aligned_model": [[0.11600084640883306, -0.6232081354166957, -0.16901133425864512, 0.5057787056695213, 0.1796650784174143, 0.6580098032647028, -0.4527553092401315, -0.017269500630129005, -0.6483341176521802, 0.03294519469750849, -0.005814321289790793], [-0.6427657318759813, -0.4086542277318805, -0.2987560682821519, 0.17233026346198344, 0.6558629023039494, -0.27796489838218574, 0.1814551514124097, -0.2507014049956765, 0.10129370637204024, 0.6217841454988746, 0.007677075092144197], [-0.06215546013907072, -0.12211981672433624, -0.6949794667161714, 0.4718777933031794, -0.3044384512771818, 0.12259626178366344, -0.4025825817653275, 0.5494983224294615, 0.3804802351788163, 0.4564485594133629, -0.08259657406347214]], "inverted": true, "swapped": false, "error_lsq": 0.044253795945691024, "error_max": 0.22293951411568047, "target": "487.xyz", "model": "19.xyz", "model_rescale": 3.9282355846067225, "target_rescale": 3.652204449586445},
{"mapping": [6, 5, 3, 9, 11, 8, 1, 7, 2, 10, 13], "R": [[-0.3704966520373492, 0.7746085000815185, 0.51255624318759], [-0.24608168104743144, -0.6139683200284729, 0.7499911387838428], [0.8956428066377723, 0.15173850402213446, 0.4180901688812344]], "T": [0.06693154854537817, -0.055493370819327294, 0.03990146167459081], "aligned_model": [[0.04978791225101506, -0.49416688437997636, -0.20665003322982958, 0.6126008948157639, 0.40750861272283234, 0.7893458252239448, -0.5549680636661091, -0.10095589537678284, -0.6859851372003039, -0.20056906581864223, -0.03994125537150452], [-0.6993093221792311, -0.45145104539093756, -0.21038034070202824, 0.20290163931511526, 0.5377545568496349, -0.2806544942117424, 0.19446410907881112, -0.30430332126085397, 0.11367876512329642, 0.7065771637694611, 0.0522832024820005], [-0.06987636197942783, -0.08689057579285515, -0.6438515740155534, 0.3773948816345302, -0.17323542156879057, -0.03782665738045135, -0.2951551408283089, 0.5857999789048459, 0.32836890022914594, 0.33977855419400205, -0.012477761974213283]], "inverted": false, "swapped": false, "error_lsq": 0.040697449520663107, "error_max": 0.21658075344211208, "target": "487.xyz", "model": "20.xyz", "model_rescale": 4.067790424073018, "target_rescale": 3.652204449586445},
{"mapping": [9, 10, 12, 2, 3, 0, 11, 5, 13, 6, 14], "R": [[0.05432284339832266, -0.23613176461806418, -0.9702014318807619], [-0.4132747288020533, -0.8898252412706464, 0.19342967334725436], [-0.9089846133014083, 0.390452083790054, -0.1459251282175007]], "T": [0.03131914510240885, -0.08427663018643869, 0.1900078069568954], "aligned_model": [[-0.14012085112844008, -0.6312941849082956, 0.0019163297117814337, 0.6124004836502303, 0.3040611176629302, 0.7064708109110308, -0.3567242001633235, -0.18032291431861908, -0.6598107657864702, -0.05809429158841066, -0.0224746240720061], [-0.6999889970463571, -0.42138766299675146, -0.15484231027983006, 0.3719628526426946, 0.5015194749881269, -0.2017937979195448, 0.24528430791635317, -0.1767055806043744, -0.1049018436376905, 0.6183286585287381, -0.1159141887178386], [-0.25220990917059555, -0.1543561690965794, -0.5723371452384669, 0.2789569150930052, -0.36334538605542027, 0.0034120595112718255, -0.20854482978125927, 0.7332670900497393, 0.2997235848651716, 0.40426920876312766, 0.14319340248292972]], "inverted": false, "swapped": false, "error_lsq": 0.04605939717365735, "error_max": 0.1944512632787324, "target": "487.xyz", "model": "21.xyz", "model_rescale": 4.186013935880536, "target_rescale": 3.652204449586445},
{"mapping": [1, 2, 0, 4, 3, 7, 5, 9, 8, 11, 12], "R": [[-0.7024231130062285, -0.5885258314817876, 0.40029878340223546], [0.6539555021606267, -0.3116245490972084, 0.6893709753056074], [-0.2809696985592608, 0.7460076984044015, 0.6037619915271961]], "T": [0.01834131067320602, -0.033434402610091445, 0.08024627537183121], "aligned_model": [[0.05193817529620634, -0.6560108639695849, 0.0075699919415660455, 0.6085680895776188, 0.1773460616475559, 0.6509636843602575, -0.42967390211920575, -0.10239260853205215, -0.6412498024343328, -0.12599049494835413, 0.03493857915073238], [-0.7454778936471314, -0.2157839485989418, -0.34069074560725293, 0.3468587638677023, 0.7625926880584428, -0.4045206881567332, 0.32023541757232804, -0.3426823400245674, -0.004265360237535761, 0.4762988578395029, 0.008996161807711886], [-0.08403565757161402, -0.16814251362072893, -0.5734095663271195, 0.26632584373676527, -0.3595229991642171, 0.10043639351437843, -0.4419977322659407, 0.6048792844329871, 0.4698061054111233, 0.42420312119599196, 0.07348654208129811]], "inverted": false, "swapped": false, "error_lsq": 0.043937575940314395, "error_max": 0.2334528209438705, "target": "487.xyz", "model": "22.xyz", "model_rescale": 4.166573947596378, "target_rescale": 3.652204449586445},
{"mapping": [7, 0, 5, 9, 12, 10, 1, 8, 4, 3, 15], "R": [[-0.40494060826061296, -0.2012068041047379, -0.8919298883676239], [-0.9139127404770959, 0.05914570102732408, 0.4015784964905749], [-0.028046507361328188, 0.9777615292247614, -0.2078359578920042]], "T": [0.07115492406341418, 0.1730977850212878, -0.0027629913950348757], "aligned_model": [[0.044798144326073416, -0.5246433817314117, -0.07497254432803084, 0.4520980768506349, 0.41163365402713614, 0.5583601307591358, -0.5291938305284455, -0.07685678777067574, -0.5620296468367492, -0.1476932141981278, 0.02450630940086805], [-0.5314914853933509, -0.38472865013401936, -0.31083929868151056, 0.25241204534660644, 0.6412689868890235, -0.39205495048932026, 0.09310438845358635, -0.25420643931503895, 0.088027719707236, 0.50523607452439, 0.15483252196592395], [-0.12213186434213173, -0.027457320540634624, -0.6626975663341598, 0.4544467293411648, -0.3097993335651886, -0.06737495017616253, -0.37863729250207606, 0.6677463472762907, 0.36013354554908156, 0.44803219606982114, -0.050231669353081335]], "inverted": true, "swapped": false, "error_lsq": 0.04194773969993351, "error_max": 0.1966225889723318, "target": "487.xyz", "model": "23.xyz", "model_rescale": 4.274766983524099, "target_rescale": 3.652204449586445},
{"mapping": [9, 7, 8, 2, 0, 1, 6, 4, 5, 3, 10], "R": [[0.27849831185136603, 0.6480948611628294, -0.7088100882678463], [-0.25673782624035907, -0.6609158660179444, -0.7051779255075459], [-0.9254860230567044, 0.3783692230878237, -0.017673487109288954]], "T": [-0.052331020014389155, 0.05228581480676118, -0.05469013317316279], "aligned_model": [[0.13188186998997226, -0.4887450959083601, -0.18407090328197662, 0.5370092223191332, 0.37660802163342344, 0.5470698047027046, -0.5635835233616717, -0.015205819333210573, -0.6782515270612859, -0.09006347460364031, 0.0033583348753195297], [-0.7805136642485916, -0.4049552475858547, -0.24819158451931664, 0.23035538733293437, 0.5272747587758212, -0.19744385287766064, 0.41038987636711843, -0.22490340170451426, 0.028323252996909944, 0.5105911869312674, 0.010634201405412408], [-0.06796020787722457, -0.09349530944490869, -0.7160289747326434, 0.6865526252240741, -0.42423870077647663, 0.0030777204350977833, -0.3104193161613794, 0.5852070965714, 0.4686551286779173, 0.26864673689334767, -0.08796797738628044]], "inverted": false, "swapped": false, "error_lsq": 0.05174956110693818, "error_max": 0.2605580587179021, "target": "487.xyz", "model": "24.xyz", "model_rescale": 3.7841303162186577, "target_rescale": 3.652204449586445},
{"mapping": [5, 4, 3, 10, 11, 12, 6, 8, 1, 7, 15], "R": [[-0.3603287329462614, 0.8101081620108089, 0.4624802374770313], [0.7706167566546452, 0.5378899630693954, -0.34179555584044724], [-0.5256548473822129, 0.2332362610587684, -0.8181001332055319]], "T": [0.06994234753194843, 0.008970323930212637, 0.176197028702795], "aligned_model": [[0.026602383054933273, -0.4975133616800261, -0.048475837045910034, 0.5451710505091953, 0.24776357869731602, 0.5383301081067794, -0.40571201370561427, -0.18955547705738096, -0.599529434975396, -0.07373364302274611, 0.032659557089257066], [-0.7408315812199825, -0.38555677758227136, -0.1639875265070827, 0.5073517453440015, 0.560935983208538, -0.5185632874135143, 0.24286714986227853, -0.23122698004706488, -0.07407507525215176, 0.6396918117792401, 0.024955450701535695], [-0.27685649568030957, -0.10495546926449792, -0.6016619579821606, 0.5381759561741797, -0.3269342562387825, -0.10217879832691726, -0.3147934556221257, 0.6499310446171224, 0.48916250268400685, 0.2421756207148705, 0.11996413034753793]], "inverted": false, "swapped": false, "error_lsq": 0.04438647812564063, "error_max": 0.23476776757176182, "target": "487.xyz", "model": "25.xyz", "model_rescale": 4.19342608120988, "target_rescale": 3.652204449586445},
{"mapping": [1, 9, 0, 6, 4, 8, 5, 10, 7, 3, 11], "R": [[0.22212761040814882, -0.17594437117938627, -0.9590114196111825], [-0.9407070316187305, 0.21995732638911075, -0.2582422413758657], [0.25637785660513324, 0.9595115178141659, -0.1166535118396062]], "T": [-0.016491551933455983, -0.07376282723746216, -0.011571520677927594], "aligned_model": [[0.04925479087623218, -0.6299826701610598, -0.0694593971435366, 0.5501379901442054, 0.3386755275472692, 0.5969097263127728, -0.5013418496346941, 0.07720810947688209, -0.7182188272540408, -0.17923194128444717, 0.06205545109082443], [-0.5812860447150882, -0.4859041641146332, -0.05366916245049134, 0.35136997929383096, 0.5266132824640818, -0.47320790941096, 0.235078242416246, -0.3081610964904198, 0.11929131561830383, 0.5061500504035107, 0.025286419859145037], [-0.19238873648747537, -0.07256063056612552, -0.7191764320484427, 0.4059078463034786, -0.33980101918394956, 0.21474377705112838, -0.3036284747659483, 0.5659348631933637, 0.5087841738014641, 0.24964415430955283, -0.005430700184122318]], "inverted": false, "swapped": false, "error_lsq": 0.04604316213395652, "error_max": 0.2893984358684081, "target": "487.xyz", "model": "26.xyz", "model_rescale": 3.795458400668931, "target_rescale": 3.652204449586445},
{"mapping": [1, 8, 6, 3, 7, 0, 5, 9, 11, 10, 12], "R": [[0.1364772311237309, -0.5944697079167156, -0.7924517220337242], [-0.8766902031656703, 0.3000106206768999, -0.37604243796996795], [0.4612897712481122, 0.7460558919078892, -0.4802211501916468]], "T": [-0.0701125309956185, -0.11504734135227568, 0.19357722203854139], "aligned_model": [[-0.032777654244967105, -0.6571166829594828, -0.11761868982393676, 0.5438093716756398, 0.29068121912531203, 0.7115690887828199, -0.3032003187073592, 0.04701977768826192, -0.6755958145171711, -0.22747114422832043, -0.003292242820388522], [-0.6549630514618063, -0.3175949741132305, -0.28962332604140273, 0.22546413511905805, 0.5126184998393373, -0.19434847585828113, 0.26735562160752596, -0.30323294504191417, 0.04345839176783395, 0.5796234488421137, -0.007196411785707957], [-0.04611070737419304, -0.1874113501605344, -0.6116887899842351, 0.4221125380395294, -0.17530156605358566, -0.07837565523899614, -0.41164878948066425, 0.561327804555767, 0.5397571141139623, 0.21247665592994014, 0.08689156707593294]], "inverted": false, "swapped": false, "error_lsq": 0.04337688058542683, "error_max": 0.20436061704700215, "target": "487.xyz", "model": "27.xyz", "model_rescale": 3.6321398670334006, "target_rescale": 3.652204449586445},
{"mapping": [0, 11, 10, 4, 12, 3, 9, 1, 13, 6, 14], "R": [[-0.1075870738496229, -0.061048217864773824, -0.9923195738450448], [-0.9912009775436974, -0.0708253726652926, 0.11182302403012384], [-0.07710799995392853, 0.9956188435753703, -0.052891158625496426]], "T": [0.0590829745574655, -0.07438835830783355, -0.03338093146461968], "aligned_model": [[0.06782467474654696, -0.5182187070092774, -0.23724290053267658, 0.38022655267429184, 0.2935872243412301, 0.6363499141546224, -0.45141007391094456, 0.13822536896910054, -0.6142036877710877, -0.14640678011846447, 0.027275324427066205], [-0.6631937925597194, -0.3531388768711502, -0.3063833048679415, 0.29815730306438837, 0.6545581403042583, -0.4321263541769723, 0.2639443469465764, -0.2607591468275846, 0.1292391256801426, 0.6084908258699088, -0.07722735368838027], [-0.23988380673055618, -0.07270971582933577, -0.7138520576112333, 0.6333602362954691, -0.3450770813517735, 0.06833674999695001, -0.3007757504886448, 0.604011888340894, 0.3809839439884686, 0.27541903239667004, 0.022215382416015464]], "inverted": true, "swapped": false, "error_lsq": 0.047448038005077485, "error_max": 0.28501770377915864, "target": "487.xyz", "model": "28.xyz", "model_rescale": 4.156811204709835, "target_rescale": 3.652204449586445},
{"mapping": [1, 7, 8, 9, 5, 0, 6, 2, 4, 10], "R": [[-0.34281721005202076, -0.7432397963494404, -0.5745180289726266], [0.3460573130058301, -0.6684855637950061, 0.658309491890295], [-0.8733388211956081, 0.02686365798092144, 0.4863719227839436]], "T": [-0.05905737618029891, -0.02192018210843293, 0.05711433651336768], "aligned_model": [[-0.5946865939276623, 0.04383679629258483, -0.016873064415027117, 0.5790600490851002, -0.10032963219358679, -0.6265518300950852, -0.23889591612689345, -0.6230392042571508, 0.2686650022146039, -0.048260232466295225], [0.021643694547058525, -0.6266099094799681, -0.04820120401654841, 0.22527534902364066, -0.46693188275901243, -0.3571482391264873, 0.5026933362680035, 0.23655786073631657, 0.495173573418064, -0.06373224798486322], [-0.42586399884636306, -0.3211696982932419, -0.74763336969379, -0.2928733295796552, 0.6747560105021642, 0.17040043875077804, -0.20329110410085222, 0.35934806656108, 0.4989297305132659, 0.046183981161714086]], "inverted": true, "swapped": true, "error_lsq": 0.059019183376685304, "error_max": 0.3224204354724823, "target": "487.xyz", "model": "29.xyz", "model_rescale": 4.117894457231895, "target_rescale": 3.652204449586445},
{"mapping": [8, 6, 5, 4, 3, 1, 9, 7, 10, 12, 14], "R": [[0.3212629928229784, -0.3911003136352191, -0.8624561635914351], [0.11415960566522869, 0.9200869166826038, -0.37471008817999374], [0.9400838653422269, 0.02192282883052274, 0.3402377340908636]], "T": [-0.06414531719168444, 0.1089499641126109, -0.010760342349544472], "aligned_model": [[0.09624702917889026, -0.48776341635934906, -0.13582061391272582, 0.524400649940557, 0.30243107325246893, 0.6775109187814888, -0.5762581884155357, -0.06857623305713052, -0.6390274567056758, -0.022826078080453185, -0.09431077465212749], [-0.5708261050134448, -0.366168022757293, -0.3127367525368756, 0.19885472772416884, 0.48427366004599925, -0.32677965143426324, 0.12206397292293984, -0.22542836974790972, -0.013982722234355455, 0.780251903937447, 0.09203827196711262], [-0.12894865702749742, -0.0920010208907301, -0.7269968510331501, 0.48427386880058826, -0.1673172786431922, -0.028484834902063095, -0.36768112138902237, 0.5506442868470414, 0.39999389681115755, 0.35724013173720653, 0.031306401112585314]], "inverted": false, "swapped": false, "error_lsq": 0.04393093049040813, "error_max": 0.22097379038510717, "target": "487.xyz", "model": "30.xyz", "model_rescale": 4.100398675895297, "target_rescale": 3.652204449586445},
