[{"mapping": [12, 1, 3, 11, 10, 0, 6, 8, 7, 5, 9, 4, 13], "R": [[-0.3786801765510899, -0.3911813515912542, -0.8387958476616794], [-0.381634141350745, -0.7596596971168732, 0.5265667353069127], [-0.8431824867979144, 0.5195135173828879, 0.13837990899601277]], "T": [0.14213609593529972, 0.0007191639832331911, -0.11709327687200005], "aligned_model": [[-0.10885403151655518, 0.47157480296872567, 0.5668349385831046, -0.1372380670232944, -0.705786166344933, 0.11348967634701324, 0.44498864149079975, -0.13218090686397352, -0.5063460184599713, 0.6220836750862289, -0.5006833559753888, -0.17457659505767528, -0.003984978177452053], [-0.07058912726779848, 0.013226479785482172, 0.2536753202683419, -0.626431863445942, -0.47121688342955864, 0.6266740945047672, 0.06997452864907414, -0.3312948006942165, 0.03786671991571045, -0.5691318637966388, 0.3168805955062778, 0.3639667420863601, -0.029660075630759154], [-0.6338513358262514, -0.5907575237627054, 0.0527430615506449, 0.008180450257815719, -0.38863172520591216, -0.5673956665849353, 0.5814983880533757, 0.5349006194622254, 0.269540256170791, 0.014517466788932454, -0.27061289524948223, 0.7082239318285586, -0.05178174836431189]], "inverted": false, "swapped": false, "error_lsq": 0.06282204656274792, "error_max": 0.3576056768802928, "target": "488.xyz", "model": "0.xyz", "model_rescale": 3.8414455957264533, "target_rescale": 3.8578220323802146},
{"mapping": [5, 10, 12, 6, 2, 1, 13, 9, 7, 8, 4, 0, 14], "R": [[0.395286328624187, 0.8409769951749708, -0.36946774147317474], [-0.8783274966082311, 0.22831654495729314, -0.42001471879052327], [-0.26886711793138485, 0.49053975260445687, 0.828903627697472]], "T": [-0.019373260143175086, 0.006848893785171867, -0.022553382824989775], "aligned_model": [[-0.17195056200602726, 0.3908378227238588, 0.732300955077377, -0.08098106181227614, -0.6303767008629124, 0.07392732135710745, 0.35370301971062706, -0.10171389725058538, -0.480490090442796, 0.6098912108659549, -0.4953939698975508, -0.263145400962979, 0.01271296855683035], [-0.1677874487028966, -0.14397755987813934, 0.12077614478494408, -0.6986683479938142, -0.3463745484372367, 0.8052668674184966, 0.07376885185273854, -0.4552304245453618, -0.034484872651903614, -0.43466571216326233, 0.24783557389906097, 0.5485635765541055, 0.06891776631436879], [-0.6394367590162563, -0.5492027431956205, -0.08809725759048595, -0.35191196265814834, -0.23822146788076673, -0.3424309094499568, 0.6340917338567781, 0.4726358769993491, 0.42311217642508014, 0.16018543560275914, -0.12813244675727367, 0.3929435670312638, -0.07896196424797641]], "inverted": false, "swapped": false, "error_lsq": 0.04577130599478074, "error_max": 0.26290103463015063, "target": "488.xyz", "model": "1.xyz", "model_rescale": 4.316132596720782, "target_rescale": 3.8578220323802146},
{"mapping": [8, 6, 7, 0, 3, 10, 1, 5, 9, 11, 2, 12], "R": [[0.7429990693567818, 0.19810869590257293, 0.6393006550463862], [0.5185926834524629, 0.4334263806671699, -0.7370232026275236], [-0.4231004745973823, 0.8791441958800272, 0.21929767724700214]], "T": [-0.07879094195198832, -0.01830270535110515, -0.014105135846452115], "aligned_model": [[-0.23987556655917103, 0.5648108748675416, 0.07294483719163791, -0.48992476920851696, -0.4819334956511803, -0.5420805541271414, -0.1192954408754861, -0.13446379675360984, 0.4663195593632139, 0.20316375519327023, 0.40267428762096014, -0.1045311364297373], [-0.6511316927141784, -0.26283618738108916, -0.5824298129209741, 0.3967498912368427, -0.3229728381620058, -0.02303890686044086, 0.38204076176322926, 0.552804182540312, 0.10191703383561315, -0.208300423397468, 0.64347818826194, -0.013503768460800553], [0.18773441198865215, 0.0009017885251626015, -0.3661233165296579, -0.13372052836150525, -0.5275698378738801, 0.38441033415727205, -0.5359704996742367, 0.47139441972563145, -0.6202313764361329, 0.7471043885203994, -0.09767064885169896, -0.0610006739805846]], "inverted": false, "swapped": true, "error_lsq": 0.043061366363072805, "error_max": 0.21697030264728445, "target": "488.xyz", "model": "2.xyz", "model_rescale": 3.795458400668931, "target_rescale": 3.8578220323802146},
{"mapping": [10, 8, 11, 9, 0, 2, 6, 3, 7, 1, 5, 12], "R": [[0.1541771885552347, -0.8582399923859989, -0.48954418595105814], [0.5090584563446807, 0.49364477948618946, -0.7051058925509006], [0.8468110075767641, -0.14049536346553176, 0.5130030899434367]], "T": [0.03531828654323243, -0.011283615680687677, 0.0035799391763818578], "aligned_model": [[-0.16378002438193395, -0.13598251699204328, -0.7873529355469207, 0.4046903114919026, 0.3262372855744426, -0.019082286106498376, -0.23253978475456372, 0.6389325104526914, 0.2669721933537771, 0.5615999823000883, -0.3549999873452626, 0.08860907769788592], [-0.002212331674197411, -0.633769111890112, -0.14501429355300535, 0.08363952080190235, 0.38475250418163365, 0.6557415018465875, -0.23802665799935457, -0.3582602926529981, -0.5927634887436555, 0.35370329359127306, 0.5881244941110458, -0.010146092729410052], [-0.5741326628842355, -0.22075870733635006, -0.015543089673987986, 0.7340189641546752, -0.3342499762287, 0.48197724653288054, 0.5961040117902322, -0.1814899475952578, 0.2744997878052151, 0.15872856736453328, -0.2273614507996885, -0.0030213124902160465]], "inverted": false, "swapped": true, "error_lsq": 0.0546045676144896, "error_max": 0.33963208937243583, "target": "488.xyz", "model": "3.xyz", "model_rescale": 3.7530521520055578, "target_rescale": 3.8578220323802146},
{"mapping": [3, 10, 8, 11, 7, 5, 9, 1, 2, 6, 12], "R": [[0.17395929227001317, -0.23062095829417165, -0.9573672953618135], [-0.18337012934675986, -0.962773056225132, 0.19860372068587082], [-0.9675296172708454, 0.14100360209014798, -0.20977231443003763]], "T": [-0.10599554082787774, -0.03758632326647817, -0.06999931259962569], "aligned_model": [[-0.35673950252585795, -0.1537420403936294, 0.34738823261104235, 0.5454000091621624, 0.19556049135756262, -0.2967290304764756, -0.1963294716166405, -0.6597669314636482, -0.3526937445238413, 0.41159503070200754, -0.1457434403874769], [-0.6913289284873563, 0.15566597711141744, -0.34029806167656373, 0.445733627041565, -0.6341740919137293, 0.6796242461164561, -0.28897328528376154, -0.1604548883588804, 0.43405882825048453, -0.05906444677730396, -0.07358561770798198], [-0.2395336172381089, -0.6477952076735688, -0.48227196996743926, -0.26267309695886665, 0.06537769228691837, -0.18917186695400734, 0.7095079934223162, 0.26541017844488024, 0.5572460626296926, 0.3837449112754818, -0.06701030202198179]], "inverted": true, "swapped": true, "error_lsq": 0.06365557781090457, "error_max": 0.3325303413085685, "target": "488.xyz", "model": "4.xyz", "model_rescale": 3.7855080009869324, "target_rescale": 3.8578220323802146},
{"mapping": [4, 0, 5, 12, 11, 7, 9, 14, 13, 3, 6, 8, 16], "R": [[0.10832654682925916, -0.044522275690525, -0.9931178813310056], [-0.19169903428595714, 0.9793113469048862, -0.0648133171282681], [0.9754572463751962, 0.19740074161632448, 0.09755053922683023]], "T": [0.006786972759292908, -0.05017877077875982, 0.0451995353274753], "aligned_model": [[0.029995971432848836, 0.4830496349696401, 0.6594811191351515, -0.38328776762094624, -0.669974001255842, 0.09618380027766696, 0.4770416392722922, -0.01722705602826495, -0.6772969670961173, 0.6861085813984577, -0.4462192991794302, -0.30889879609918486, 0.02036475585035631], [0.12393097736310182, -0.26908080672165163, 0.288119185381514, -0.6077402696212721, -0.2936646543574132, 0.6234441535247239, -0.17834937609852727, -0.5234553176854267, -0.05831850351277434, -0.17260534769389252, 0.2675526729945505, 0.469800382869544, -0.08569322999137656], [-0.6732348192574765, -0.5324938596190855, -0.2933977014654054, 0.05086830379452592, -0.29413133100853656, -0.2704107226781567, 0.564185916462621, 0.5280349473493787, 0.2835911183548901, 0.12233895910015294, -0.30107942055761744, 0.3991402776489062, 0.08316161099454825]], "inverted": false, "swapped": false, "error_lsq": 0.04779036585035852, "error_max": 0.25252342020757623, "target": "488.xyz", "model": "5.xyz", "model_rescale": 4.2253639853439635, "target_rescale": 3.8578220323802146},
{"mapping": [6, 3, 2, 7, 12, 5, 1, 0, 9, 4, 11, 8, 13], "R": [[-0.5894691777330253, -0.6989341336777881, -0.40499032739416285], [-0.8074654194250266, 0.49559752068486046, 0.3199729581133153], [-0.022927820121352138, 0.5156298810882662, -0.8565046064052334]], "T": [0.03313108768509717, 0.046721363956833385, 0.043899854985531485], "aligned_model": [[0.004729577906452946, 0.36444809337859, 0.5675061932007421, -0.1881530882705629, -0.7761867529344999, 0.09632975456373444, 0.329505651957724, -0.05467532357197811, -0.35939410953321616, 0.6835581785620236, -0.5305874827889823, -0.2529602637302618, 0.06520118631686239], [-0.023216358583281492, -0.42952445343803786, 0.2521066610146751, -0.600928477367171, -0.2906412575596061, 0.6017976209090736, 0.027437158710529354, -0.6844330700907452, -0.05431464353652069, -0.19050423522501708, 0.36148883660448355, 0.6047775436804346, 0.009894541332283131], [-0.5948646065582404, -0.364056559169867, -0.3060026148469036, -0.35731606260938187, -0.2763107927565755, -0.25382072529627975, 0.7150898571745508, 0.3613362691558627, 0.5003120833755148, 0.19080093310518506, -0.39049236441861435, 0.43452744555783657, 0.0073704164056581645]], "inverted": false, "swapped": false, "error_lsq": 0.04553606152394753, "error_max": 0.22662366457302585, "target": "488.xyz", "model": "6.xyz", "model_rescale": 3.89814844738969, "target_rescale": 3.8578220323802146},
{"mapping": [2, 4, 11, 0, 1, 10, 8, 3, 6, 7, 5, 9, 12], "R": [[0.4889405794232494, -0.33381572367069223, 0.8059182169571983], [-0.2582805436725507, 0.8270571060516421, 0.49926716704555596], [-0.8332036189032483, -0.45226497317357606, 0.3181636740528933]], "T": [0.0775268626312386, -0.09496023850354177, -0.03695104921246886], "aligned_model": [[-0.13075785687354913, 0.4797677524633061, 0.7208814294406906, -0.19866634700750146, -0.6924562907231536, 0.033593425391760356, 0.2670213276795021, 0.00987428030108499, -0.4018186974304007, 0.5444830353306815, -0.5972464778475283, -0.17999128418423532, 0.09463731851597165], [-0.029007843385501525, -0.1140175245221449, 0.3638177326791707, -0.6113176147410225, -0.2682984683131131, 0.5146222227537451, 0.06909140017013357, -0.6568285296062468, -0.13244227418377857, -0.5466227667360629, 0.2883263913425369, 0.6976056918078124, 0.00901144918557191], [-0.7106094208816499, -0.5402748761678254, 0.1389979313071892, -0.12696637247970344, -0.34006227248002063, -0.4436238157852499, 0.5914323368499639, 0.539338017339465, 0.43865254841715107, 0.05910920747285994, -0.05562997812152429, 0.2847157492063861, -0.16850577555829604]], "inverted": false, "swapped": false, "error_lsq": 0.0523197300238859, "error_max": 0.34208330066335335, "target": "488.xyz", "model": "7.xyz", "model_rescale": 3.7474275329858107, "target_rescale": 3.8578220323802146},
{"mapping": [0, 3, 2, 7, 10, 1, 4, 9, 11, 8, 12, 13, 14], "R": [[0.41464943544879335, -0.8131477770960989, -0.4084807685628177], [0.5874745615063057, 0.5820171756980533, -0.5622540767085955], [0.6949384758847151, -0.00683372490919848, 0.7190367271140569]], "T": [-0.03607852694184579, -0.06268247598301854, -0.07578372485901168], "aligned_model": [[-0.04475073047212046, 0.48566685133674903, 0.6876931690241688, -0.3372818314287295, -0.6837562776230274, 0.13566771606581488, 0.44198908992182384, -0.07855277664500948, -0.5120940487996548, 0.5341495598557956, -0.5027294963240446, -0.1674063987296358, -0.009273211125501266], [-0.0046862222182111335, -0.3297123956776393, 0.3647382498772732, -0.6734430869038602, -0.2605659138474451, 0.5480360680988386, 0.223830752800761, -0.6183791127241369, -0.24551176386438525, -0.2697093612409056, 0.32617062716838885, 0.5368900309172823, -0.013718005934860333], [-0.732117835706634, -0.4888349556009411, -0.12112191045775887, -0.0869943197495157, -0.41727901908688686, -0.4786831018467936, 0.47338598414150385, 0.4435789866588267, 0.2798321212911522, 0.2359695648815197, 0.03225680338632182, 0.5810097188914166, -0.05442875768346578]], "inverted": false, "swapped": false, "error_lsq": 0.044927708209206295, "error_max": 0.24787330235268043, "target": "488.xyz", "model": "8.xyz", "model_rescale": 4.019505241142653, "target_rescale": 3.8578220323802146},
{"mapping": [2, 2, 3, 6, 10, 0, 8, 11, 9, 5, 1, 7, 12], "R": [[-0.8027481856307913, 0.44461091377537953, 0.397387073038737], [0.5275028329748076, 0.8402308974452913, 0.12551015967575063], [-0.2780937102309662, 0.31037585977344023, -0.9090273450231698]], "T": [-0.018853252462629845, -0.04339732345041705, -0.0037827201775478617], "aligned_model": [[0.1872217849182495, 0.1872217849182495, 0.7568145055330343, -0.0163185384717733, -0.7610068753471759, 0.12176375298575617, 0.002507267710833559, -0.01013745659166599, -0.5123893002399047, 0.5659795615355683, -0.5721890857155605, -0.008432115797764518, 0.00828632961878219], [-0.005260704256452552, -0.005260704256452552, 0.13303170845247592, -0.6989151059181785, -0.5020046340707524, 0.576036353617716, 0.07579413405496253, -0.47611450073112294, -0.041500403419953064, -0.3595623085751042, 0.21921601255569487, 0.7330160412677481, -0.06453602226948098], [-0.557001338321932, -0.557001338321932, -0.32885676351160825, -0.31739370541312595, -0.2813923253836978, -0.1422560228884683, 0.660652420390562, 0.44335193893706737, 0.4692486029599672, 0.08860234893003371, -0.2886668958710782, 0.4616822914756649, 0.015604066137292094]], "inverted": true, "swapped": false, "error_lsq": 0.0632361469346031, "error_max": 0.37724850750404726, "target": "488.xyz", "model": "9.xyz", "model_rescale": 3.877068213659057, "target_rescale": 3.8578220323802146},
{"mapping": [1, 0, 12, 8, 7, 3, 10, 9, 2, 11, 4, 13, 15], "R": [[-0.8009567171974733, -0.5362228330053431, 0.26633326968287524], [-0.5885117122298762, 0.6233102886853923, -0.5149157684390651], [0.1101013248989613, -0.5691654920870179, -0.8148179802095904]], "T": [0.01813981732731676, 0.08067604473453988, 0.048258617194739874], "aligned_model": [[-0.15194320544135115, 0.4829225790781114, 0.7016802769774543, -0.0880395774929855, -0.6138159210136516, 0.009981332899895522, 0.46087240845572497, -0.11093777874413871, -0.5692338827352192, 0.58432477446651, -0.5233088785088329, -0.30756321991642643, 0.07438270703153743], [-0.14197228432230524, -0.28544151360415193, 0.24556751103664415, -0.6727219122930324, -0.2722560332017408, 0.6618338382051367, -0.05806380520260543, -0.39718627255863737, -0.05834167209675642, -0.39144929824572344, 0.3364411679592155, 0.5753165953745365, 0.04221354540051995], [-0.7729637017527559, -0.4843772372961205, -0.20428535932331285, -0.07996146808979351, -0.32904426188029345, -0.20659506817876963, 0.5848682390354429, 0.484872730346459, 0.323978708648672, 0.08271919015519566, -0.26719057247638645, 0.5451356172223456, -0.010583537291937554]], "inverted": true, "swapped": false, "error_lsq": 0.04028568127614399, "error_max": 0.2501844357242569, "target": "488.xyz", "model": "10.xyz", "model_rescale": 4.260839863003843, "target_rescale": 3.8578220323802146},
{"mapping": [4, 10, 11, 8, 6, 7, 3, 0, 5, 2, 1, 12], "R": [[0.2232534209619476, 0.04130660262542035, 0.973884836419755], [-0.5129887979463552, 0.8545315323119327, 0.08135326340211362], [-0.8288548746374971, -0.5177544059340933, 0.21196691233655623]], "T": [-0.05534697091054884, 0.041328464243220495, 0.006911973239253862], "aligned_model": [[0.5356597522175731, 0.24903361651805012, -0.5092593635469469, -0.32801972101584786, -0.7132455301624752, -0.4510203588361069, 0.1676725921093471, 0.5332106130591767, 0.24712670814589177, -0.03938265829880726, 0.2918718011314292, -0.024748802227153685], [-0.054732281572359695, -0.4255117406754622, -0.6558290845704119, -0.15537554264741538, 0.14026343434067867, 0.437762562035321, 0.49675809650825004, 0.07514410039494818, -0.4716913883308477, 0.17132547021438238, 0.53171831088469, 0.08324656895116055], [-0.662755555900065, -0.2438607470764398, 0.0614318415000611, -0.5881654096491152, 0.1847503483225245, -0.38226988128926576, -0.5047910003925081, 0.09671173425732293, 0.46548875739040907, 0.8190645651603845, 0.27749631630051164, -0.006922891228315322]], "inverted": true, "swapped": true, "error_lsq": 0.0492027412292233, "error_max": 0.25706486909049264, "target": "488.xyz", "model": "11.xyz", "model_rescale": 3.890672605050136, "target_rescale": 3.8578220323802146},
{"mapping": [7, 12, 9, 4, 3, 5, 11, 2, 0, 10, 8, 6, 13], "R": [[0.5098596587444817, -0.6838416370947263, -0.5219231205460868], [0.85404022673409, 0.4751825736630169, 0.2116998176829059], [0.10323962177838908, -0.5536805370090192, 0.8263046916437418]], "T": [-0.039936888955223175, 0.059704164220025356, 0.12256523243211534], "aligned_model": [[-0.11576118258319767, 0.4229751526349376, 0.5714428139968367, -0.16727694295277903, -0.7653223081446023, 0.20496172122426815, 0.33762703071740785, 0.1601208386294172, -0.5903659561895056, 0.6289072205424988, -0.5662920879798058, -0.13716240321539933, -0.0345322816234482], [-0.06451569711106109, -0.16647359630139794, 0.5374831858120451, -0.6215293990612372, -0.2877086327413917, 0.46397428409624586, -0.03028159308517337, -0.5317094155599126, -0.11409278555391528, -0.5319506330169882, 0.44290232639099075, 0.5245064340433561, -0.03666461146046062], [-0.7175444466117018, -0.41566167988407077, 0.061226163591575095, 0.018823308736075045, -0.331509098638172, -0.4951422410069546, 0.5125783270057475, 0.46281663500415005, 0.2471324911323363, 0.07638447302747517, -0.18614242669982015, 0.44900725375516937, -0.015395480293064284]], "inverted": true, "swapped": false, "error_lsq": 0.05394501939725039, "error_max": 0.3831837512227656, "target": "488.xyz", "model": "12.xyz", "model_rescale": 4.124412569039231, "target_rescale": 3.8578220323802146},
{"mapping": [9, 7, 3, 10, 11, 6, 0, 4, 2, 5, 8, 1, 12], "R": [[0.5104473106535157, 0.8564236079372385, -0.07734433925218116], [0.8291688900447913, -0.5140390042381213, -0.21964255940907612], [-0.22786508031833685, 0.047984433826439084, -0.9725096396858357]], "T": [0.138846886676177, 0.0027392463387564264, -0.041027219598909606], "aligned_model": [[0.08850369944061462, 0.3775961710029473, 0.6542782666809408, -0.23220683341194598, -0.741189980372652, -0.0045190897333799995, 0.5303615230027336, -0.007097779424499073, -0.6326045437419241, 0.594459827500842, -0.4995712259958672, -0.23369539619046714, 0.05500697629928551], [0.13787128249966613, -0.42835851794642726, 0.4672921889836507, -0.6258836520469326, -0.30253856903434023, 0.6385135398251833, 0.1005003156037488, -0.37156456240071306, -0.1677178024093227, -0.5607135871833547, 0.26374197077632205, 0.5167223539079248, -0.08392509412430484], [-0.6638001864996605, -0.42862388028862103, -0.20617694485536048, -0.14948025427960165, -0.3915888110666652, -0.19218958043668094, 0.37601768958027554, 0.6348966436796518, 0.30277882846726606, 0.17961645608932914, -0.23900704722504873, 0.46877461593994246, -0.024644249986080894]], "inverted": true, "swapped": false, "error_lsq": 0.04702920535798817, "error_max": 0.29430696068497164, "target": "488.xyz", "model": "13.xyz", "model_rescale": 3.9028299243045295, "target_rescale": 3.8578220323802146},
{"mapping": [5, 8, 0, 12, 13, 4, 6, 1, 11, 2, 10, 7, 15], "R": [[-0.1997723213801007, -0.5397813048368527, -0.8177573983517548], [-0.4870511072739662, -0.6694703441867136, 0.560883835707294], [-0.8502189356357628, 0.5103387122325211, -0.12915943745326064]], "T": [0.012464489127509477, -0.020020169779287448, 0.025835017010980073], "aligned_model": [[-0.07588127304456432, 0.37991077101810705, 0.7097279134801341, -0.22452468405943765, -0.5789480907078531, 0.11555836779386913, 0.17174506594089956, 0.08956563727232486, -0.43632822279390443, 0.6491855281546779, -0.5228223630772544, -0.2838779477520153, -0.043989087168354486], [-0.020982863978939215, -0.38345768593958457, 0.2338310325800162, -0.6321179323872311, -0.20368215258128872, 0.5553545775515741, 0.07525081741242987, -0.45401018001757354, -0.45904655620369295, -0.38183087882894085, 0.46516761254751277, 0.7514424304104785, 0.03802164588633962], [-0.47844261800892246, -0.5481018796332703, -0.34375894041462013, -0.20527696831951445, -0.4733150488819856, -0.3172084586567285, 0.6661172978049642, 0.5032309111187213, 0.41531880625936135, 0.10218355224862916, -0.15695831926387183, 0.3968533082715598, 0.10593163659442323]], "inverted": false, "swapped": false, "error_lsq": 0.048905254565211415, "error_max": 0.3443109312155977, "target": "488.xyz", "model": "14.xyz", "model_rescale": 3.942246331269136, "target_rescale": 3.8578220323802146},
{"mapping": [4, 3, 12, 9, 10, 13, 0, 2, 6, 1, 11, 8, 14], "R": [[-0.38699187513855354, -0.8308422463358444, -0.3999230554498639], [-0.4913419281272663, -0.18120466354610315, 0.851908433796335], [-0.7802694395149199, 0.5261806074084756, -0.3381028987546856]], "T": [-0.045873281783500454, -0.08766362218877746, -0.04469320645265507], "aligned_model": [[-0.10407345925304698, 0.4750811406233748, 0.6395389546506234, -0.5431266450278626, -0.5577280265295314, 0.12254490181981462, 0.26581165743723045, 0.16476471649608337, -0.5421754763123675, 0.7473551693954166, -0.5268427646287098, -0.216649865219351, 0.024821311604954453], [0.008798630143069724, -0.26966931836616415, 0.3458170018639485, -0.6921906049416704, -0.3239384736726957, 0.6218894404260991, -0.05581565681144232, -0.5619077346743305, -0.01039469349156373, -0.2437429171756204, 0.42306443978074226, 0.4316077827618263, -0.08957802939109864], [-0.6199946492982168, -0.5051585654476078, -0.14657977514539744, 0.1435845829921326, -0.48193390776074474, -0.4039975527538453, 0.6205553851524315, 0.5151032512826961, 0.20128043787176558, 0.010708180689953654, -0.19280204462587333, 0.5030599248377062, 0.02274801132374519]], "inverted": false, "swapped": false, "error_lsq": 0.05324035897461521, "error_max": 0.41985457672040155, "target": "488.xyz", "model": "15.xyz", "model_rescale": 4.355366556412066, "target_rescale": 3.8578220323802146},
{"mapping": [8, 6, 7, 0, 3, 10, 1, 5, 9, 11, 2, 12], "R": [[0.7429990693567818, 0.19810869590257293, 0.6393006550463862], [0.5185926834524629, 0.4334263806671699, -0.7370232026275236], [-0.4231004745973823, 0.8791441958800272, 0.21929767724700214]], "T": [-0.07879094195198832, -0.01830270535110515, -0.014105135846452115], "aligned_model": [[-0.23987556655917103, 0.5648108748675416, 0.07294483719163791, -0.48992476920851696, -0.4819334956511803, -0.5420805541271414, -0.1192954408754861, -0.13446379675360984, 0.4663195593632139, 0.20316375519327023, 0.40267428762096014, -0.1045311364297373], [-0.6511316927141784, -0.26283618738108916, -0.5824298129209741, 0.3967498912368427, -0.3229728381620058, -0.02303890686044086, 0.38204076176322926, 0.552804182540312, 0.10191703383561315, -0.208300423397468, 0.64347818826194, -0.013503768460800553], [0.18773441198865215, 0.0009017885251626015, -0.3661233165296579, -0.13372052836150525, -0.5275698378738801, 0.38441033415727205, -0.5359704996742367, 0.47139441972563145, -0.6202313764361329, 0.7471043885203994, -0.09767064885169896, -0.0610006739805846]], "inverted": false, "swapped": true, "error_lsq": 0.043061366363072805, "error_max": 0.21697030264728445, "target": "488.xyz", "model": "16.xyz", "model_rescale": 3.795458400668931, "target_rescale": 3.8578220323802146},
{"mapping": [2, 4, 11, 0, 1, 10, 8, 3, 6, 7, 5, 9, 12], "R": [[0.4889405794232494, -0.33381572367069223, 0.8059182169571983], [-0.2582805436725507, 0.8270571060516421, 0.49926716704555596], [-0.8332036189032483, -0.45226497317357606, 0.3181636740528933]], "T": [0.0775268626312386, -0.09496023850354177, -0.03695104921246886], "aligned_model": [[-0.13075785687354913, 0.4797677524633061, 0.7208814294406906, -0.19866634700750146, -0.6924562907231536, 0.033593425391760356, 0.2670213276795021, 0.00987428030108499, -0.4018186974304007, 0.5444830353306815, -0.5972464778475283, -0.17999128418423532, 0.09463731851597165], [-0.029007843385501525, -0.1140175245221449, 0.3638177326791707, -0.6113176147410225, -0.2682984683131131, 0.5146222227537451, 0.06909140017013357, -0.6568285296062468, -0.13244227418377857, -0.5466227667360629, 0.2883263913425369, 0.6976056918078124, 0.00901144918557191], [-0.7106094208816499, -0.5402748761678254, 0.1389979313071892, -0.12696637247970344, -0.34006227248002063, -0.4436238157852499, 0.5914323368499639, 0.539338017339465, 0.43865254841715107, 0.05910920747285994, -0.05562997812152429, 0.2847157492063861, -0.16850577555829604]], "inverted": false, "swapped": false, "error_lsq": 0.0523197300238859, "error_max": 0.34208330066335335, "target": "488.xyz", "model": "17.xyz", "model_rescale": 3.7474275329858107, "target_rescale": 3.8578220323802146},
{"mapping": [9, 6, 2, 4, 5, 7, 3, 8, 10, 0, 12, 11, 13], "R": [[-0.7711969281254089, -0.016060660402400003, 0.6363940235713812], [0.0943655303587222, -0.9915215896122286, 0.0893313159701368], [0.6295636939421221, 0.12894569601300432, 0.7661739768157568]], "T": [0.027216156344601426, 0.04654066737501101, 0.03382137946754352], "aligned_model": [[-0.09237082547701822, 0.3526880295762184, 0.6490310645330507, 0.01488336517027775, -0.5802587753023338, 0.0469354772535564, 0.06931391830048464, -0.04939173723451423, -0.5498454743511352, 0.7060296101181596, -0.5646110768818002, -0.17566514135414907, 0.12258318070583142], [-0.011787006086492573, -0.28822479583556787, 0.15328971557690563, -0.7286636374175287, -0.30858745713114744, 0.7471116023180595, 0.0420076829168879, -0.5497690031625815, -0.016300351121379446, -0.43073239410467906, 0.3438034172137268, 0.614531150800911, 0.017260942483985686], [-0.6219384867513635, -0.5801810275609962, -0.2914225051363985, -0.26304897963482854, -0.1337440085921128, -0.24227786995593767, 0.7111664996237622, 0.42803002813398067, 0.40730531652049107, 0.13660810303963797, -0.3134714463774589, 0.43126653491384864, -0.0017188791038789258]], "inverted": true, "swapped": false, "error_lsq": 0.05055760238236763, "error_max": 0.3317030946846701, "target": "488.xyz", "model": "18.xyz", "model_rescale": 3.922800546911778, "target_rescale": 3.8578220323802146},
{"mapping": [5, 8, 1, 13, 12, 0, 10, 11, 7, 6, 3, 9, 14], "R": [[-0.1138777915343919, -0.7919206294681214, -0.5999112977916523], [0.11466801902469634, 0.5893270269311843, -0.7997155123801234], [0.9868551535094712, -0.15986047651394653, 0.023696709487447676]], "T": [0.08125437597323541, -0.07180746163426663, -0.04114296734467156], "aligned_model": [[0.001754762122453582, 0.32354202641980345, 0.6621811825795586, -0.20285299156942954, -0.5591125320794017, -0.05115226927368356, 0.4360157664422285, -0.14309426392284524, -0.6615611942756372, 0.7446370243409713, -0.4071594505695084, -0.18867829453693596, -0.005198150620945238], [0.09552729547361219, -0.4748860044385911, 0.3212273177569175, -0.692176604046301, -0.22470470132748635, 0.6652155711111141, -0.023707279149221272, -0.3761448081303813, -0.10547010405900828, -0.24080897986759217, 0.33311666308301857, 0.36816796105758376, -0.06141646101256474], [-0.7815567777554033, -0.43256989129528967, -0.27785108188861507, 0.03784359905189659, -0.47145297388857377, -0.4122334754072414, 0.6816511773056002, 0.5624215114587844, 0.2509235904114022, 0.043294705482992024, -0.12261462406601452, 0.5883815887556909, 0.00033593095351628494]], "inverted": false, "swapped": false, "error_lsq": 0.0506198573419986, "error_max": 0.2934557526808477, "target": "488.xyz", "model": "19.xyz", "model_rescale": 3.9282355846067225, "target_rescale": 3.8578220323802146},
{"mapping": [0, 1, 5, 10, 11, 3, 7, 12, 9, 2, 4, 8, 13], "R": [[0.5887892703272307, -0.36916603531713266, -0.7190574619011737], [-0.4213412640148432, 0.6189999312046983, -0.6628051179697951], [0.6897816570378646, 0.6932211216753348, 0.20891563387475115]], "T": [0.020494593841764035, 0.08684122225846011, 0.0856689736426138], "aligned_model": [[-0.2128586418947885, 0.3916481362068705, 0.6696590925995065, -0.043542904594425405, -0.5845188430267598, 0.2133877593199233, 0.37402253926723444, -0.14186306162322407, -0.5163016118245549, 0.6493764760046343, -0.38501437027751934, -0.5201802670203035, 0.05550731192003515], [-0.027559902091057895, -0.10266963220157191, 0.29816444821419275, -0.7498317487519248, -0.1517725879959003, 0.5089802177260322, -0.07639345109577181, -0.5175740253794362, -0.14075792229249964, -0.42846958753552244, 0.452300633703803, 0.5183012338172627, 0.0012221903334938972], [-0.6710711655833201, -0.537092200755947, -0.06136197538807017, -0.10955368735286744, -0.21497261045776947, -0.506737950995343, 0.5719510004519601, 0.6610962456781844, 0.45778896533843694, -0.047291764760246324, -0.23271718112034342, 0.4021093825439551, -0.04557377847988442]], "inverted": false, "swapped": false, "error_lsq": 0.06025496520941712, "error_max": 0.3438744799438404, "target": "488.xyz", "model": "20.xyz", "model_rescale": 4.067790424073018, "target_rescale": 3.8578220323802146},
{"mapping": [8, 5, 6, 1, 7, 2, 11, 10, 12, 13, 0, 3, 14], "R": [[-0.761037665730941, -0.1880059181577984, 0.6208666894563146], [-0.15868067286678614, -0.8740560631011633, -0.45918018534627514], [0.6290008866427332, -0.447972960449332, 0.6353566803842681]], "T": [0.028575260054985282, -0.004095176136447758, -0.08227097743452653], "aligned_model": [[-0.1122540244400228, 0.38649458765751904, 0.618142409835127, -0.1352433593139133, -0.5870173408844895, 0.0018820407480236688, 0.24915707478269944, 0.04103677124434918, -0.3986153669425874, 0.4882682725424692, -0.5452647349845143, -0.0743295558772999, 0.01706484068926829], [-0.14058257234494945, -0.2806188146686413, 0.44065434591552227, -0.7821057482310063, -0.3016301536127279, 0.7023708827311219, 0.04677247462639457, -0.6399115696975235, 0.022877737716184444, -0.4785068175243198, 0.36580431626980314, 0.6852985237305951, -0.05648273845935302], [-0.6177205082307549, -0.4616053327457122, -0.03573775027332812, -0.2851702404592715, -0.38090561048224986, -0.31446725485965316, 0.5233596022891578, 0.4343227178149735, 0.5531772871955742, 0.14954669631586925, -0.27807714468066824, 0.4054706981401494, -0.02561988090534103]], "inverted": false, "swapped": false, "error_lsq": 0.046460786606518874, "error_max": 0.2591738171867095, "target": "488.xyz", "model": "21.xyz", "model_rescale": 4.186013935880536, "target_rescale": 3.8578220323802146},
{"mapping": [7, 1, 0, 9, 10, 6, 2, 8, 11, 2, 4, 3, 12], "R": [[-0.16001639850055607, 0.08953937396467318, 0.98304499018149], [-0.2235397854900724, 0.966718589060065, -0.1244392778377052], [-0.9614700809250197, -0.23966199130386023, -0.1346752145359522]], "T": [-0.015663540184263147, -0.02481082455677716, -0.008567930337047454], "aligned_model": [[-0.11432437783905415, 0.47313579513282844, 0.6177265143596736, -0.16237707231401538, -0.6396782302008163, -0.0014061932623117453, 0.5645523003282619, -0.007377806424126684, -0.470710985568696, 0.5645523003282619, -0.6217132170308387, -0.21150881898857532, -0.041548593463963585], [0.05510764554297924, -0.27252395136425667, 0.26972719273545964, -0.6173448288141126, -0.2940060910598221, 0.49742269764857316, -0.2573421521935268, -0.5899534086023084, -0.0634676751697984, -0.2573421521935268, 0.3185934619221039, 0.7847998241140728, 0.010269303885262843], [-0.7312039501499424, -0.4931674067432616, -0.1925593328012878, -0.12183466652694705, -0.4927569510446277, -0.20071819799477297, 0.3901524766536484, 0.5093252410969963, 0.4277845064175138, 0.3901524766536484, -0.21446458885912678, 0.38957008475999755, 0.006293587656907101]], "inverted": true, "swapped": false, "error_lsq": 0.053380061066935935, "error_max": 0.41884858247336637, "target": "488.xyz", "model": "22.xyz", "model_rescale": 4.166573947596378, "target_rescale": 3.8578220323802146},
{"mapping": [9, 14, 7, 12, 11, 8, 5, 6, 2, 13, 3, 0, 15], "R": [[0.541684568144651, -0.5159701163517211, -0.6635907380802826], [0.7326826890182386, 0.6767649100160623, 0.07187025660142148], [0.41201202148353133, -0.5251324552938454, 0.7446354803191368]], "T": [-0.05501711037586025, 0.0009284446617065858, -0.062004189155347535], "aligned_model": [[-0.1109276289253853, 0.3972756169884685, 0.5360719621419816, -0.14643184476781868, -0.620187753093747, -0.04305400271903272, 0.5106234751330729, -0.1796798610200438, -0.6015775862943341, 0.7338587254340344, -0.5944353403955814, 0.1124345172488792, -0.04464866467386456], [0.05028477730642283, -0.49997761596446355, 0.36253469428971047, -0.6417919405588267, -0.3890475970773719, 0.7510667925002723, -0.04901079393103495, -0.4755967431831143, -0.0544744388247713, -0.2845244511951319, 0.19246750176054453, 0.6166524078582877, 0.005357273470576846], [-0.6577282298197153, -0.4749232737488722, 0.11475631613410603, -0.15108397354683406, -0.4500688215373452, -0.364044721830027, 0.5451356478469974, 0.518073888277465, 0.32659767117762445, 0.052033957172665256, -0.2457633106817181, 0.44750510064154636, 0.006083029032852592]], "inverted": true, "swapped": false, "error_lsq": 0.05278024388051035, "error_max": 0.37545038657585256, "target": "488.xyz", "model": "23.xyz", "model_rescale": 4.274766983524099, "target_rescale": 3.8578220323802146},
{"mapping": [8, 3, 4, 10, 0, 5, 11, 2, 6, 9, 12], "R": [[0.32624803137294595, -0.42902044536641865, 0.8423204137873407], [0.23916589016522832, -0.8246213143857577, -0.5126396052220109], [0.9145282384960843, 0.3687019735752781, -0.16642402373138238]], "T": [-0.0027800274356951094, 0.10685215528900384, 0.05077504026854854], "aligned_model": [[0.22188676518677314, 0.0806127805994836, -0.477650598117245, -0.45387049785928896, -0.5139833419167492, -0.566094488767273, 0.06299999838355053, -0.06203919213024911, 0.5960531581511384, 0.5002341422550556, -0.008254021827120948], [-0.12351434981973873, 0.671111389250156, 0.3874022585421809, -0.12267493127535438, 0.4079193914869905, -0.24888380662852294, -0.7234059038579473, 0.1299859676967931, -0.14425629725152633, 0.5222757365203369, 0.15962707658011546], [-0.552230840481221, -0.3892828708247694, -0.6582812296551136, -0.2917289454202725, 0.1110843639856898, 0.39877088172760755, 0.01359887160279502, 0.8709573928743741, 0.28009684718805744, 0.5541509009461061, 0.04243106207832351]], "inverted": false, "swapped": true, "error_lsq": 0.05227577124646347, "error_max": 0.28527847031105336, "target": "488.xyz", "model": "24.xyz", "model_rescale": 3.7841303162186577, "target_rescale": 3.8578220323802146},
{"mapping": [9, 8, 10, 4, 5, 14, 7, 6, 3, 0, 12, 11, 15], "R": [[0.052874517658590664, 0.4161091842296136, -0.9077760914356233], [-0.013544628258029795, 0.9092629151958292, 0.41600179578330454], [0.9985093031252755, -0.009700404597126983, 0.05371288228096569]], "T": [0.07679453496997182, -0.05859697872766359, -0.06019795414774434], "aligned_model": [[0.09116891932825506, 0.3497621678340689, 0.6088064877586836, -0.320506419495046, -0.7176492897450094, -0.030185214178541114, 0.5075520127739933, -0.1389764349379756, -0.6421265187596736, 0.7300090696637532, -0.5001452513133137, -0.03251022658946667, 0.04412231271690047], [0.18987113103071016, -0.43913900135868356, 0.5090419404651906, -0.6872128845198746, -0.29646589040366067, 0.6500279799356464, 0.011446517658117245, -0.36462421849031157, -0.13314929576588183, -0.3638071281381018, 0.2350473723075153, 0.3541274873284952, -0.08122414359806057], [-0.5895349772564106, -0.42093916895321526, -0.05808968834175594, 0.000616003333898385, -0.345883332972059, -0.40035227727491696, 0.42182638551803686, 0.5577152026237129, 0.295605865620454, 0.08638814926331578, -0.4552743828759859, 0.5778761429458291, -0.0033806425121577707]], "inverted": false, "swapped": false, "error_lsq": 0.05575514648524827, "error_max": 0.3512859856552498, "target": "488.xyz", "model": "25.xyz", "model_rescale": 4.19342608120988, "target_rescale": 3.8578220323802146},
{"mapping": [8, 6, 7, 0, 3, 10, 1, 5, 9, 11, 2, 12], "R": [[0.7429990693567818, 0.19810869590257293, 0.6393006550463862], [0.5185926834524629, 0.4334263806671699, -0.7370232026275236], [-0.4231004745973823, 0.8791441958800272, 0.21929767724700214]], "T": [-0.07879094195198832, -0.01830270535110515, -0.014105135846452115], "aligned_model": [[-0.23987556655917103, 0.5648108748675416, 0.07294483719163791, -0.48992476920851696, -0.4819334956511803, -0.5420805541271414, -0.1192954408754861, -0.13446379675360984, 0.4663195593632139, 0.20316375519327023, 0.40267428762096014, -0.1045311364297373], [-0.6511316927141784, -0.26283618738108916, -0.5824298129209741, 0.3967498912368427, -0.3229728381620058, -0.02303890686044086, 0.38204076176322926, 0.552804182540312, 0.10191703383561315, -0.208300423397468, 0.64347818826194, -0.013503768460800553], [0.18773441198865215, 0.0009017885251626015, -0.3661233165296579, -0.13372052836150525, -0.5275698378738801, 0.38441033415727205, -0.5359704996742367, 0.47139441972563145, -0.6202313764361329, 0.7471043885203994, -0.09767064885169896, -0.0610006739805846]], "inverted": false, "swapped": true, "error_lsq": 0.043061366363072805, "error_max": 0.21697030264728445, "target": "488.xyz", "model": "26.xyz", "model_rescale": 3.795458400668931, "target_rescale": 3.8578220323802146},
{"mapping": [10, 5, 6, 11, 4, 7, 1, 9, 9, 8, 3, 0, 12], "R": [[-0.19503694861214182, -0.4777415645682531, 0.8565766668313716], [-0.27191574561635623, -0.8127756635524258, -0.5152257253115524], [0.9423494128835471, -0.3334047363502683, 0.028615831583972795]], "T": [-0.01245180342933384, -0.10792692901689635, 0.0829870452789207], "aligned_model": [[-0.16689554443392068, 0.49230002720946, 0.7496778656653319, -0.10089773351638316, -0.6724549098938769, -0.032909383582489585, 0.33638204516452175, -0.3218345971062059, -0.3218345971062059, 0.6213461011386533, -0.5674518070819343, -0.08524677479207267, 0.019140923391750813], [-0.12072069644365854, 0.058100107599840134, 0.20867433609874528, -0.7630619659518987, -0.3966153095038367, 0.49718145599021535, -0.06158981773000846, -0.22142158357331887, -0.22142158357331887, -0.4630274569448697, 0.36999439616588814, 0.6767024868838415, 0.021145497433479432], [-0.6124767416207064, -0.4504181294797103, 0.09342572760460335, -0.19005139993446746, -0.341180493631786, -0.4588924878626977, 0.5589292568382809, 0.35826061916355756, 0.35826061916355756, 0.028622154617064577, -0.009979409579816786, 0.34818652480420026, -0.01611296096333406]], "inverted": false, "swapped": false, "error_lsq": 0.0656932837486577, "error_max": 0.42678285811199956, "target": "488.xyz", "model": "27.xyz", "model_rescale": 3.6321398670334006, "target_rescale": 3.8578220323802146},
{"mapping": [4, 1, 13, 3, 7, 6, 11, 0, 8, 2, 12, 9, 14], "R": [[0.4000930689603051, 0.7003074459978803, 0.5911810359355676], [-0.7355051955452544, -0.13948894262819883, 0.6630044812898361], [0.5467701925817299, -0.7000802210921211, 0.45927120586832454]], "T": [-0.05772303617503728, -0.07495529554830468, 0.07826609350863056], "aligned_model": [[0.008197560287183644, 0.36471289589377165, 0.5808005295465409, -0.24533266888144667, -0.6543177249745098, 0.017043142955478915, 0.4114411414130264, 0.02902852851078315, -0.5503159749294092, 0.6912975384426999, -0.6904239469342869, -0.01286440802608975, 5.5001752886529864e-05], [-0.03335664961303425, -0.3463392015351888, 0.42598023357728054, -0.7069350710084746, -0.22535013300374676, 0.5612436875391444, 0.03223209028196797, -0.5344611657221048, -0.12656483612067418, -0.339984352989941, 0.4205269506112804, 0.5225906845540982, -0.06564237011950708], [-0.7465922458305847, -0.36350970371747743, -0.010213189896703556, -0.11399484658928033, -0.39326710168219425, -0.3616978931055987, 0.5036149799603307, 0.49147332422976286, 0.22563728406432793, 0.12486481927799264, -0.11589011196783125, 0.3740678283992198, 0.05208013597678132]], "inverted": true, "swapped": false, "error_lsq": 0.0441396575690213, "error_max": 0.27070846503294554, "target": "488.xyz", "model": "28.xyz", "model_rescale": 4.156811204709835, "target_rescale": 3.8578220323802146},
