[{"mapping": [7, 6, 2, 9, 10, 8, 11, 11, 1, 5, 12, 0, 3, 13], "R": [[0.3132877999148519, -0.8366583631699079, 0.4492811344385187], [-0.5996522133153465, -0.5411352145354342, -0.5895675556335304], [0.7363884691455441, -0.08470810426128172, -0.6712351000818878]], "T": [-0.025019784065865275, 0.20056486852103628, 0.05095170817330901], "aligned_model": [[-0.13413176020164705, -0.4685936482656925, 0.3547859476918478, 0.4187835521017892, -0.06469605723197216, -0.6438358233465711, -0.5297701075985968, -0.5297701075985968, 0.2305344325401046, -0.6184034507333337, 0.29252247711597157, 0.7375683445672425, -0.014209199607284506, -0.06488460046669915], [-0.33716272467588926, 0.6058630717033721, 0.5323182989784564, -0.3171389571105053, -0.785085974146626, -0.07166989186398598, -0.2489022210349272, -0.2489022210349272, 0.4444571212851772, 0.4795463220596371, -0.13102239376367342, 0.31571862637648584, 0.7045443869747557, 0.0635162217472526], [-0.4689887640481322, -0.42182929576366873, -0.5295183710843782, -0.21693729775480436, 0.25673590177865174, -0.3408825378922302, 0.22492954337933505, 0.22492954337933505, 0.507298862037024, 0.428398966946449, 0.4035656724850802, 0.026225351784834032, -0.08720791704532421, -0.02758698984366669]], "inverted": false, "swapped": false, "error_lsq": 0.048700000800781525, "error_max": 0.4807853287005437, "target": "49.xyz", "model": "0.xyz", "model_rescale": 3.8414455957264533, "target_rescale": 3.8831797659674825},
{"mapping": [8, 11, 13, 9, 6, 12, 5, 10, 4, 3, 2, 7, 0, 14], "R": [[-0.13154194461043517, -0.22982564003291933, 0.9643012454578518], [-0.9767937622005012, 0.19591458907668974, -0.08655298904776576], [-0.1690285861453501, -0.9533087899365927, -0.2502632376025955]], "T": [-0.051874153799780914, 0.09865099846557492, 0.016935648147796453], "aligned_model": [[-0.14750443213074943, -0.486347887397808, 0.17487630625366726, 0.5131669448810272, -0.011334997215626932, -0.5903230833672682, -0.34572643719498486, -0.6272717585805049, 0.07584859560919943, -0.5080032513850186, 0.2807642271461268, 0.5613908855287673, 0.20948917691313304, -0.1331242900933976], [-0.38266718206400857, 0.610817224351512, 0.2792884052838429, -0.17754842858996794, -0.6467049018568102, 0.04447338411904572, -0.21348108008016448, -0.2718049309188096, 0.3847910101742714, 0.3756614733615969, -0.17922128116143843, 0.2750618652267477, 0.7727435343541909, 0.13467057329459392], [-0.6023300916268206, -0.5076439301862438, -0.6836365157031881, -0.2475489700991188, 0.24677979626058777, -0.5210486269183232, 0.5174825351310586, 0.024765156877443628, 0.4614893882411046, 0.5901618907204939, 0.6142156757353616, 0.0926997541680455, -0.03603445592113944, 0.02978106167924316]], "inverted": false, "swapped": false, "error_lsq": 0.042039127995547286, "error_max": 0.25496283276330595, "target": "49.xyz", "model": "1.xyz", "model_rescale": 4.316132596720782, "target_rescale": 3.8831797659674825},
{"mapping": [2, 11, 12, 7, 1, 0, 9, 4, 8, 3, 10, 13], "R": [[0.7846523778449791, 0.15998912550886163, 0.5989358276653101], [-0.39223759026857097, -0.6200374330214781, 0.6794874939485206], [0.48007324308122495, -0.7680866236115856, -0.423760097114428]], "T": [-0.03689562422153061, 0.06629999417326503, 0.02183277678965579], "aligned_model": [[-0.12049318813527019, 0.5359541629817994, 0.2025302758794473, -0.5727134819485723, -0.5420543287228836, -0.4800060795603043, -0.2387270453452123, -0.08605109974778002, 0.38877249126943203, 0.2210453696993114, 0.4184873544981285, -0.1289358762363153], [-0.7605336988723937, -0.415409258509023, -0.5486295870652416, 0.5761097197467598, -0.3288278952818524, -0.06004779335566672, 0.3031576451356652, 0.6933254651220527, 0.10467196177507469, -0.011139078182131057, 0.38460214212184946, 0.07549680510588708], [0.0629193317630044, 0.09408951166342208, -0.48808035539370065, -0.08799141264947871, -0.48271749252537544, 0.3780367694566697, -0.729378383804249, 0.5616140172391942, -0.4416301523145284, 0.5975020423442663, 0.0952357200249574, -0.11034113459476072]], "inverted": false, "swapped": true, "error_lsq": 0.04113482872119324, "error_max": 0.2190505417737167, "target": "49.xyz", "model": "2.xyz", "model_rescale": 3.795458400668931, "target_rescale": 3.8831797659674825},
{"mapping": [1, 9, 12, 10, 0, 3, 8, 7, 6, 4, 2, 13], "R": [[-0.3879569857532081, -0.9156643765962463, 0.10511006915559007], [0.6278710117047567, -0.34604945339812215, -0.6971569181064665], [0.6747350367856487, -0.20447133108450355, 0.7091714213773712]], "T": [0.06461967360798027, 0.11063386819432493, 0.10036995676917554], "aligned_model": [[-0.29049239211183336, -0.024607092425907848, -0.7558282148578825, 0.17452136200106375, 0.30485570286294517, 0.17528547307711298, -0.28915021890126824, 0.6240299922227726, 0.3324420012820792, 0.8349367111826214, -0.5378394417936296, 0.045149943205491774], [-0.1348832601039861, -0.6610940855703659, -0.013716123400737482, 0.022069436016791413, 0.4730222280800399, 0.6514655071534288, -0.300160733304469, -0.25235314075254417, -0.5094475211207073, 0.2583927075726282, 0.5623251376924577, -0.009851106972826512], [-0.5920887788367586, -0.1396930074180759, 0.017442905714740192, 0.6427313372280885, -0.2871261726348003, 0.4152980258658952, 0.4221747075584294, -0.23781433070968383, 0.3384770121798919, 0.3681758128324984, -0.25367612070674767, -0.005129960434376746]], "inverted": false, "swapped": true, "error_lsq": 0.042026538962199295, "error_max": 0.2593534656723348, "target": "49.xyz", "model": "3.xyz", "model_rescale": 3.7530521520055578, "target_rescale": 3.8831797659674825},
{"mapping": [5, 2, 12, 11, 9, 3, 7, 0, 4, 10, 13], "R": [[-0.2978080551433402, -0.5702344036810912, -0.7655998218065436], [-0.8953084947688905, 0.44513276002879154, 0.01671900546723587], [0.3312598096455477, 0.6904270785590758, -0.6430998271699153]], "T": [-0.004952347742513387, -0.018620948232771713, 0.05238412845856599], "aligned_model": [[-0.5889064359732988, -0.1371053020029838, 0.46784586761338004, 0.37508155722517694, 0.31406476668987293, -0.1633258004260452, -0.3313018770512488, -0.579055775624819, -0.34658175274668557, 0.322212320594356, 0.00527203414750025], [-0.5789696306553181, 0.03299014305008742, -0.21377829880315033, 0.4352350320857265, -0.7495529496127703, 0.5966634332655276, -0.48115905419368665, -0.005569977847150839, 0.3169613719906836, 0.29391938893069725, -0.17953609989629998], [-0.024183335987886745, -0.7674954392733262, -0.606288787311471, -0.4113083329394925, 0.21088386735720135, 0.03599971679158977, 0.5408742212839348, -0.04470783671720602, 0.7288564823089955, 0.383079946711002, 0.04712027502197556]], "inverted": true, "swapped": true, "error_lsq": 0.04745779330865508, "error_max": 0.23704688484619904, "target": "49.xyz", "model": "4.xyz", "model_rescale": 3.7855080009869324, "target_rescale": 3.8831797659674825},
{"mapping": [9, 1, 5, 10, 15, 2, 13, 14, 6, 12, 8, 7, 4, 16], "R": [[-0.2738870104285829, 0.9240358513822551, -0.2667276717529781], [-0.9609139454214557, -0.2745545645345385, 0.03555531729322524], [-0.04037691188123864, 0.2660404789755143, 0.9631158645424827]], "T": [-0.10074998549798425, 0.11373922478297249, -0.00933027247072187], "aligned_model": [[-0.1919037891627804, -0.5201770503600448, 0.39317856512742305, 0.454235076420682, -0.04089028450911235, -0.6091783995249611, -0.26786147378793823, -0.6202062458033737, 0.15938593038300247, -0.7205455554012248, 0.305600619906756, 0.6081505334951016, 0.1530485567845477, -0.13693648460151528], [-0.4477094371409329, 0.7283466470036667, 0.3358615326459149, -0.30661363764269994, -0.6745436304298029, 0.03417954685640333, -0.03409653543969676, -0.31911462551019737, 0.4858624732523977, 0.20624014813958585, -0.24105044896743227, 0.3556247239088381, 0.8055004950776892, 0.07759241374086849], [-0.43755965416975756, -0.14876697065954175, -0.6108279963617005, -0.2244100859632075, 0.22379000348350186, -0.5393835651092311, 0.679934536841563, -0.03169400312521519, 0.45963738236731194, 0.2559286457896149, 0.4426800668478634, 0.008584284734882023, -0.07299681565354166, -0.025783160664037172]], "inverted": false, "swapped": false, "error_lsq": 0.038903634288133135, "error_max": 0.2756721408116276, "target": "49.xyz", "model": "5.xyz", "model_rescale": 4.2253639853439635, "target_rescale": 3.8831797659674825},
{"mapping": [9, 11, 8, 1, 0, 12, 3, 7, 2, 6, 4, 10, 5, 13], "R": [[0.7150275258590355, -0.17319175399993725, 0.6773036642528458], [0.6673979913417534, -0.11931726996082197, -0.7350804787518772], [0.208123901599262, 0.9776338810799887, 0.030272696404172045]], "T": [-0.025081636465814856, 0.06966457255884682, -0.033659328097348715], "aligned_model": [[0.01722135038091837, -0.5064475099573615, 0.32754506451171184, 0.5969555277469194, -0.18428795675141268, -0.8604554238544926, -0.32707345902332435, -0.7165794590788014, 0.13377679964249428, -0.5107019126873278, 0.3435749694475574, 0.6456276704055708, 0.05488856876529335, -0.048144230581182675], [-0.27164962161751893, 0.565119997545872, 0.31520716872554905, -0.31377047589171686, -0.7161145967822901, -0.04440212167431502, -0.0975744671474217, -0.2509264979298089, 0.44079781763848996, 0.3641324633087183, -0.20119432195091363, 0.45936094416463813, 0.6975269045334322, 0.05956647257188761], [-0.5379524032460823, -0.3919393952261728, -0.6346818890916202, -0.10260214437403031, -0.017316319277918685, -0.43426285913476487, 0.5858901173909519, 0.18643915638482123, 0.5022471224246695, 0.26830023337234943, 0.5063768543829632, 0.048792100165147345, -0.022043614024819656, 0.02188570861301045]], "inverted": true, "swapped": false, "error_lsq": 0.03846006442970174, "error_max": 0.26191257161734066, "target": "49.xyz", "model": "6.xyz", "model_rescale": 3.89814844738969, "target_rescale": 3.8831797659674825},
{"mapping": [12, 1, 5, 11, 0, 9, 8, 3, 10, 6, 7, 4, 13], "R": [[0.12218156602609065, 0.3705218536098695, 0.9207525296847785], [0.9704047600095331, 0.15009650887766124, -0.18917092740053557], [-0.20829370291550478, 0.9166158377533333, -0.3412171439208511]], "T": [-0.01938841109943945, -0.026477942338837837, 0.012424316703423994], "aligned_model": [[-0.28875484455411765, 0.16420236526916981, 0.5197891331379617, -0.2120334390123335, 0.5571517168527971, -0.42202378472083646, -0.6190735791916436, 0.1799705699230845, -0.4067092381821085, -0.5287885029882599, 0.1141648473440571, 0.12972198854445843, -0.03898543151800653], [-0.33809719176560654, 0.292432148696892, 0.516997108982465, -0.7327405291623519, 0.041832923452623724, 0.5754030427512039, -0.0898462314053307, -0.49445215114386254, -0.17248572712438603, 0.4272098938970441, 0.6879988079446132, 0.15167150649641498, 0.09785766385076652], [-0.7127030664569238, -0.7159115403656657, -0.26103142751732444, -0.15933938792315097, 0.058544051216464485, -0.35741309739751786, -0.1714935948987419, 0.39345135794235364, 0.3902367178523159, 0.23060679090165084, 0.18779417157593414, 0.8080183413992712, -0.0884842854923698]], "inverted": true, "swapped": true, "error_lsq": 0.0522918605347011, "error_max": 0.4177508158624167, "target": "49.xyz", "model": "7.xyz", "model_rescale": 3.7474275329858107, "target_rescale": 3.8831797659674825},
{"mapping": [12, 2, 13, 11, 10, 1, 6, 0, 5, 3, 7, 9, 8, 14], "R": [[-0.16175731070401345, -0.06971252502816627, -0.9843651437794831], [-0.6304586503309844, 0.7746912512706476, 0.04873761819736172], [0.7591814425133421, 0.6284851860298026, -0.16926283787188973]], "T": [-0.070154188291134, 0.07157039923808015, -0.08995181489850711], "aligned_model": [[0.03871427318677477, -0.5694290843821379, 0.26914305543756295, 0.4842111260646011, -0.013699508643493827, -0.7228927180657256, -0.3207128244532293, -0.6290081411839408, 0.06789586114517511, -0.5015350795531561, 0.29385308473336935, 0.6044243720654557, 0.04854468208311659, -0.08360909946780952], [-0.330200249846725, 0.6899068490846952, 0.18827830739656765, -0.2072714423984741, -0.6475881670046981, 0.03111040701294452, -0.1713329019384964, -0.20744565349417196, 0.33706010525360863, 0.3925174028908891, -0.17505138913508164, 0.274471078354849, 0.7295073285058912, 0.10211799081280412], [-0.5453314613790705, -0.3673938967358662, -0.9141899317457856, -0.12745223065445208, 0.14432832816482621, -0.4602182336117075, 0.6483952948810712, 0.11991847666454138, 0.5608007216868746, 0.3844299770000433, 0.4301962703703951, 0.20007494319388575, 0.04510332618854958, -0.1395289156648006]], "inverted": true, "swapped": false, "error_lsq": 0.04767872330214172, "error_max": 0.399177732478933, "target": "49.xyz", "model": "8.xyz", "model_rescale": 4.019505241142653, "target_rescale": 3.8831797659674825},
{"mapping": [1, 7, 0, 2, 12, 11, 3, 9, 8, 6, 4, 10, 13], "R": [[-0.9330861601798985, -0.35953310247013226, 0.009282559395667623], [-0.35946319418735284, 0.931445065761826, -0.05653584254765465], [0.011680312725185497, -0.056089550685926914, -0.9983574172602179]], "T": [0.023804450769460077, 0.010824345148322215, -0.027018990727163926], "aligned_model": [[-0.22577137879863474, -0.7190855630216686, -0.18584182133204705, 0.4576252264497261, 0.4879534239295275, 0.7724037723787217, 0.3733148374414845, -0.40744753833827896, 0.253290537281509, -0.3208849858340531, -0.29310258493708263, 0.20431324529601247, -0.07706639877404006], [-0.6971024258943721, 0.06864170327560044, 0.18463791200391289, -0.3603327678956338, -0.6818646095004812, -0.05992609600141041, 0.5144954925788174, -0.5594418928541701, -0.30036064054244654, 0.0007571798533489923, 0.7668205183771722, 0.3014261781502341, -0.11437232343651356], [-0.3470720053373585, 0.03494604815025528, -0.5418288663189124, -0.6323061504063204, -0.041928608977571766, -0.030911203018137823, -0.19459982027142003, 0.3602455401276196, 0.47094052557422406, 0.600685193494091, 0.09537670493665415, 0.41687858363698677, -0.013722447546230934]], "inverted": true, "swapped": true, "error_lsq": 0.04763705837194413, "error_max": 0.2801592594840319, "target": "49.xyz", "model": "9.xyz", "model_rescale": 3.877068213659057, "target_rescale": 3.8831797659674825},
{"mapping": [10, 8, 11, 6, 13, 9, 4, 2, 5, 7, 3, 12, 0, 15], "R": [[-0.9979996242359296, -0.0025438254295218083, 0.06316865502072468], [0.06312818870469394, -0.09388674411674691, 0.9935794437638196], [0.0034032066948332974, 0.9955796342992059, 0.09385952244099494]], "T": [-0.08270601996440288, 0.006212479710912919, 0.007624346590215729], "aligned_model": [[0.11668657280762465, -0.5658058373157896, 0.11347355495392764, 0.4137920606322225, -0.1547885936281806, -0.5224129672984594, -0.33342670325403345, -0.6839054694698831, 0.30464848754350526, -0.7342742804147524, 0.2728857154203007, 0.607721818694861, 0.17989991645508494, -0.0485942761598659], [-0.19450009367305143, 0.5317255002328347, 0.4168097384118304, -0.3510443951439755, -0.752550823391365, -0.06482982095181171, -0.055936402486696256, -0.2712379970039559, 0.4544255229784488, 0.3361246738423152, -0.15793523689677352, 0.2760137041474868, 0.7504898865571676, 0.08852540887214808], [-0.6428891707890261, -0.2852469007951852, -0.5733909215360694, -0.07087250976488434, 0.13693346615646262, -0.4794650660255435, 0.6332179328403781, 0.051622219658177745, 0.5175821836715665, 0.3721834166377426, 0.5069953385258733, -0.08571329110408764, -0.09656442175478656, -0.0052596073621134585]], "inverted": true, "swapped": false, "error_lsq": 0.03792685951838772, "error_max": 0.29047115887441627, "target": "49.xyz", "model": "10.xyz", "model_rescale": 4.260839863003843, "target_rescale": 3.8831797659674825},
{"mapping": [4, 7, 9, 6, 8, 10, 3, 0, 1, 12, 11, 13], "R": [[0.037549474271847016, 0.4350077063635141, 0.8996434473647117], [-0.9979131963027974, 0.0636472819231178, 0.010875483829867472], [-0.05252894084828327, -0.8981744367928504, 0.4364898526486081]], "T": [0.09725174459102326, 0.0735120406944584, -0.04016715296958982], "aligned_model": [[0.30007170756755086, 0.1958302428836246, -0.3752607037157446, -0.42189441098916247, -0.510005457901656, -0.24608186204228388, 0.35945639685221775, 0.6695949712999011, 0.1967949768781681, -0.2100651057910619, -0.06033046955357019, 0.06078836360614679], [0.09799423525243992, -0.5787813679974113, -0.5663387362861421, -0.2601634785946191, 0.13909566077104202, 0.3471920178581819, 0.6055865667187641, -0.030946814902653885, -0.4403197194898161, 0.20639772747701268, 0.7240787560659097, -0.07071634133977416], [-0.8434141102011926, -0.39210986732236397, 0.12858902192643712, -0.4035851153565267, 0.11604141880388026, -0.38844751622268253, -0.26835761873211306, -0.06669076063757677, 0.5858922748456689, 0.7236209731582872, 0.3024003778755489, 0.022238999258137535]], "inverted": true, "swapped": true, "error_lsq": 0.04811867307959496, "error_max": 0.29687626452259863, "target": "49.xyz", "model": "11.xyz", "model_rescale": 3.890672605050136, "target_rescale": 3.8831797659674825},
{"mapping": [8, 7, 5, 6, 1, 3, 2, 0, 10, 4, 11, 9, 12, 13], "R": [[-0.9659322938700451, 0.25801601121681217, -0.02006343975291073], [0.014091610352573156, 0.12984896005625302, 0.9914336458331343], [0.2584109714710737, 0.957375049564211, -0.12906116493856884]], "T": [0.012803259417823135, -0.024667452090515365, -0.006693300353030215], "aligned_model": [[-0.1430221881557045, -0.3426186259471585, 0.2996268927559829, 0.3618082278199589, -0.16728598999719207, -0.8279896112386055, -0.18517287013374584, -0.44015251412899675, 0.02318642655904222, -0.5792821165856129, 0.2989069021185239, 0.7370688051327575, 0.01831149905490819, -0.08748483828759572], [-0.21751544981768745, 0.5942031707024366, 0.4699128915683033, -0.45917566088852363, -0.7347873332132219, -0.020680494904224342, 0.008142810900837107, -0.3983908511090408, 0.578399134673659, 0.16994185807894363, -0.06499708157579975, 0.2520085171171632, 0.7198124094253339, 0.10920574453642319], [-0.6832427261153046, -0.47321083048867996, -0.5340401206336509, -0.15317364872552658, 0.2552149031642477, -0.3889427069290926, 0.6754306417842523, -0.06879344515042682, 0.6534153166269997, 0.31364896620475397, 0.46158054101996543, -0.07532451318393714, 0.022487889453332938, -0.025917598668429107]], "inverted": false, "swapped": false, "error_lsq": 0.05047540201577475, "error_max": 0.28399448586873743, "target": "49.xyz", "model": "12.xyz", "model_rescale": 4.124412569039231, "target_rescale": 3.8831797659674825},
{"mapping": [1, 8, 6, 2, 9, 5, 11, 0, 10, 3, 7, 4, 13], "R": [[-0.7460595152417565, -0.5229645132380605, 0.41219330126885095], [0.5527580091171371, -0.14123665912730793, 0.8212860582497524], [-0.37128665889591866, 0.8405714270734136, 0.39444377661926755]], "T": [0.041904864611414586, 0.15520602591493715, -0.05224828118243245], "aligned_model": [[-0.0330679592650701, -0.04260467431517832, 0.5909140646334801, -0.6698350949588289, 0.4380931195496924, 0.3423502550651189, -0.6415013775368533, 0.06893390894537223, 0.12552795983253523, -0.2119557651861954, 0.739808992472095, 0.554287490987948, 0.10634738728564203], [-0.48342705408880204, 0.5440833272448313, 0.49941659012444295, -0.2737809841778605, 0.055120229770942775, -0.599799816140584, 0.4678055135279021, -0.28991653658000216, 0.704815145476063, 0.36978875637136754, -0.11287279955855756, 0.39363031407291715, 0.07262269046581671], [0.4501551471792126, 0.4367263822081006, 0.25276431558973406, -0.010691226787270344, 0.650726382110817, -0.028703738650345798, -0.026573642136454495, -0.42685108223475415, -0.12306424275014964, -0.5939442309595602, -0.040774084815975, -0.6585146356322317, 0.07044273784671569]], "inverted": false, "swapped": true, "error_lsq": 0.050908732782261684, "error_max": 0.2938056871617919, "target": "49.xyz", "model": "13.xyz", "model_rescale": 3.9028299243045295, "target_rescale": 3.8831797659674825},
{"mapping": [6, 12, 2, 3, 7, 11, 10, 14, 5, 13, 4, 0, 8, 15], "R": [[-0.2761089088476098, -0.844214125270342, -0.45941961336997067], [0.8764210268988982, -0.024938003386125424, -0.48089944853014166], [0.39452509940999064, -0.5354256313262793, 0.7467726154957693]], "T": [-0.05496750414386868, 0.0720781040481467, -0.09078561648541669], "aligned_model": [[0.04079443085130864, -0.5039972085944154, 0.33916225758582547, 0.4793147316771215, -0.027455711112590195, -0.7001397715312966, -0.2900862523950239, -0.8766232692238465, -0.06475855600621652, -0.5921988557166791, 0.3376397052595351, 0.7259224021980574, 0.18864187619200018, -0.09031578021721762], [-0.40128644221188536, 0.5941447680185078, 0.41243814132561296, -0.24133434227700717, -0.7792202460588141, -0.004374987299228181, -0.254609221202761, -0.15906665980141516, 0.403126785090904, 0.4072474690515382, -0.05655902531436381, 0.31814694157652296, 0.803615724885029, -0.03618924028803784], [-0.5503113724548186, -0.19108024172923876, -0.6113300867270671, -0.16152864591416854, 0.21769805599424732, -0.442587206242372, 0.5363883368881204, 0.14267648887371612, 0.29961512600674634, 0.39056178762694416, 0.4464995423981627, 0.0391277801119321, -0.04590423203360114, -0.09069266444009813]], "inverted": false, "swapped": false, "error_lsq": 0.041170812473791764, "error_max": 0.26738839741650683, "target": "49.xyz", "model": "14.xyz", "model_rescale": 3.942246331269136, "target_rescale": 3.8831797659674825},
{"mapping": [8, 4, 12, 0, 7, 11, 9, 6, 5, 10, 2, 1, 3, 14], "R": [[0.5994619374597241, 0.49303305114595164, 0.6305266021467671], [-0.6212039495647811, 0.7833421146319908, -0.02192679842107237], [-0.5047286781847758, -0.3785413344954482, 0.7758578603689302]], "T": [-0.1487619246738347, 0.14450354854940606, -0.053579504725932946], "aligned_model": [[-0.15010968033106883, -0.4580546876110612, 0.3544620942528948, 0.40533749013840265, -0.0743691024967762, -0.7193509898082362, -0.42118274125061955, -0.5005128206366697, 0.2345715035314191, -0.7543315018066352, 0.34814434240857256, 0.6074851721305254, 0.1506673971014812, -0.05685647665566679], [-0.49451001152124296, 0.627423079842141, 0.4492640760478387, -0.3364929684682811, -0.6512292193053366, 0.011399645581816026, -0.13807082125532777, -0.2884498853648516, 0.32257221177063145, 0.3684715577825919, -0.20853932093194993, 0.43558412780645633, 0.7964684174397574, 0.11218877607035987], [-0.49004345499939467, -0.17519648550274164, -0.6209972219474311, -0.10188759918066773, 0.2501548830206672, -0.4668862847579017, 0.649343627883499, -0.013429528516521065, 0.4198405964401748, 0.2499404025857405, 0.4058688739653888, -0.055544380033850115, -0.010779720910965039, -0.06125103968749264]], "inverted": true, "swapped": false, "error_lsq": 0.039513010689836495, "error_max": 0.22983702076929957, "target": "49.xyz", "model": "15.xyz", "model_rescale": 4.355366556412066, "target_rescale": 3.8831797659674825},
{"mapping": [2, 11, 12, 7, 1, 0, 9, 4, 8, 3, 10, 13], "R": [[0.7846523778449791, 0.15998912550886163, 0.5989358276653101], [-0.39223759026857097, -0.6200374330214781, 0.6794874939485206], [0.48007324308122495, -0.7680866236115856, -0.423760097114428]], "T": [-0.03689562422153061, 0.06629999417326503, 0.02183277678965579], "aligned_model": [[-0.12049318813527019, 0.5359541629817994, 0.2025302758794473, -0.5727134819485723, -0.5420543287228836, -0.4800060795603043, -0.2387270453452123, -0.08605109974778002, 0.38877249126943203, 0.2210453696993114, 0.4184873544981285, -0.1289358762363153], [-0.7605336988723937, -0.415409258509023, -0.5486295870652416, 0.5761097197467598, -0.3288278952818524, -0.06004779335566672, 0.3031576451356652, 0.6933254651220527, 0.10467196177507469, -0.011139078182131057, 0.38460214212184946, 0.07549680510588708], [0.0629193317630044, 0.09408951166342208, -0.48808035539370065, -0.08799141264947871, -0.48271749252537544, 0.3780367694566697, -0.729378383804249, 0.5616140172391942, -0.4416301523145284, 0.5975020423442663, 0.0952357200249574, -0.11034113459476072]], "inverted": false, "swapped": true, "error_lsq": 0.04113482872119324, "error_max": 0.2190505417737167, "target": "49.xyz", "model": "16.xyz", "model_rescale": 3.795458400668931, "target_rescale": 3.8831797659674825},
{"mapping": [12, 1, 5, 11, 0, 9, 8, 3, 10, 6, 7, 4, 13], "R": [[0.12218156602609065, 0.3705218536098695, 0.9207525296847785], [0.9704047600095331, 0.15009650887766124, -0.18917092740053557], [-0.20829370291550478, 0.9166158377533333, -0.3412171439208511]], "T": [-0.01938841109943945, -0.026477942338837837, 0.012424316703423994], "aligned_model": [[-0.28875484455411765, 0.16420236526916981, 0.5197891331379617, -0.2120334390123335, 0.5571517168527971, -0.42202378472083646, -0.6190735791916436, 0.1799705699230845, -0.4067092381821085, -0.5287885029882599, 0.1141648473440571, 0.12972198854445843, -0.03898543151800653], [-0.33809719176560654, 0.292432148696892, 0.516997108982465, -0.7327405291623519, 0.041832923452623724, 0.5754030427512039, -0.0898462314053307, -0.49445215114386254, -0.17248572712438603, 0.4272098938970441, 0.6879988079446132, 0.15167150649641498, 0.09785766385076652], [-0.7127030664569238, -0.7159115403656657, -0.26103142751732444, -0.15933938792315097, 0.058544051216464485, -0.35741309739751786, -0.1714935948987419, 0.39345135794235364, 0.3902367178523159, 0.23060679090165084, 0.18779417157593414, 0.8080183413992712, -0.0884842854923698]], "inverted": true, "swapped": true, "error_lsq": 0.0522918605347011, "error_max": 0.4177508158624167, "target": "49.xyz", "model": "17.xyz", "model_rescale": 3.7474275329858107, "target_rescale": 3.8831797659674825},
{"mapping": [1, 6, 0, 3, 11, 2, 12, 7, 5, 9, 10, 8, 4, 13], "R": [[-0.6107193622794664, -0.6510168942970495, -0.4507758465987134], [0.45290776553150663, -0.7541458071670539, 0.47554038467159765], [-0.6495355390263263, 0.08626183902617376, 0.7554220533381341]], "T": [-0.07505142400207984, 0.012956678274385298, 0.0041718733548834624], "aligned_model": [[-0.06712222535838278, -0.4547398474945473, 0.1378742888148207, 0.4704669247212213, -0.023164402646296142, -0.5191784671636608, -0.40530907438926944, -0.6872105111437912, 0.10124660170533287, -0.5535041585400372, 0.3755820500449183, 0.587201238642256, 0.11025385989925085, -0.10649627812525295], [-0.4258617800283284, 0.6421227627880985, 0.37719365442170527, -0.3558686086631733, -0.6866541991451038, 0.12512572055884835, -0.06330719525063694, -0.4174455469195376, 0.3803231334014964, 0.4195465982128731, -0.160880756660139, 0.28932304835595374, 0.8221965536058153, 0.06026628081673063], [-0.5305186027818952, -0.2303181064391791, -0.7177259426892856, -0.16004390003751884, 0.17618646290243212, -0.5380476387388998, 0.670768174926676, 0.09039518003146475, 0.601817947925195, 0.23545478165906464, 0.49727367698895586, -0.03938833241971103, 0.00848440769386656, -0.08520544066266136]], "inverted": false, "swapped": false, "error_lsq": 0.035622985749594153, "error_max": 0.20991850773466159, "target": "49.xyz", "model": "18.xyz", "model_rescale": 3.922800546911778, "target_rescale": 3.8831797659674825},
{"mapping": [8, 0, 1, 4, 13, 5, 7, 12, 9, 3, 11, 10, 2, 14], "R": [[0.6098316998290623, -0.771045455612771, -0.18328721521833194], [0.2692612673022907, 0.4190840802320921, -0.8671025911775295], [0.7453882664855687, 0.4794344992539815, 0.46318343354520264]], "T": [-0.04476462837074861, 0.022569101205296663, -0.11363425642397856], "aligned_model": [[-0.07323180645221856, -0.5737655350090884, 0.06938348044894416, 0.5654585141722325, -0.025242585621130464, -0.6699756492568716, -0.3099143915854712, -0.7354832659655464, 0.12852951194369516, -0.5178264495037517, 0.316565903878115, 0.6957245739084554, 0.1693097703103737, -0.07363207230117563], [-0.40048639025077426, 0.6514378597643402, 0.4537203528030246, -0.36477280474177676, -0.6107014184082756, 0.04064059747483316, -0.07518456206661443, -0.3035583487082555, 0.5195282351034846, 0.3243569579893954, -0.20085395532566425, 0.2540000352007921, 0.6915290729056681, 0.026424033754424738], [-0.5547740584624696, -0.26570253372434094, -0.7044488055292337, -0.0754098755339984, 0.15169777265548168, -0.5510337541041053, 0.6335945194156258, 0.07388292854471529, 0.5074486253903769, 0.19342574824789704, 0.45800023959941644, 0.10708300923774294, 0.027055725023672206, -0.021686872402275945]], "inverted": false, "swapped": false, "error_lsq": 0.037420807704857416, "error_max": 0.22259795113830758, "target": "49.xyz", "model": "19.xyz", "model_rescale": 3.9282355846067225, "target_rescale": 3.8831797659674825},
{"mapping": [7, 5, 2, 12, 9, 6, 4, 8, 0, 3, 11, 10, 1, 13], "R": [[-0.2964267194952809, 0.6119043766980671, -0.7332831879615244], [0.17661294596961485, 0.7896697731249035, 0.5875623513541329], [0.9385835430504842, 0.04466187625496354, -0.3421494549523444]], "T": [-0.15011636921623972, -5.249417455117922e-05, -0.04761663002979548], "aligned_model": [[-0.06575615846531124, -0.43182372176830575, 0.2889550951503967, 0.43038335930419014, 0.11847251963058536, -0.7481412819861686, -0.43919130500082626, -0.5295955061824396, 0.043044149247142366, -0.5529630088702742, 0.1827794454515997, 0.6990393026331324, 0.03178803700406979, -0.06109092718122823], [-0.16545050139198453, 0.5071267763433924, 0.5017413264693248, -0.5397463044625644, -0.6165469757487837, 0.015545795420835215, -0.0043820035731766665, -0.5912600737812241, 0.45978274758282445, 0.5762645344624047, -0.12506500935875836, 0.13637436095184818, 0.7243094922936726, 0.12738550028679135], [-0.6422800898372596, -0.43633285984736375, -0.531492049019474, -0.35509833939163493, 0.11430738985092194, -0.31023222576866544, 0.5143306822596366, 0.24408657795940975, 0.5780330744708396, 0.22057795709693895, 0.5744086258480575, 0.002947261808423654, 0.013303775944377427, -0.007427113015703306]], "inverted": true, "swapped": false, "error_lsq": 0.054448942685013005, "error_max": 0.35378500590758427, "target": "49.xyz", "model": "20.xyz", "model_rescale": 4.067790424073018, "target_rescale": 3.8831797659674825},
{"mapping": [8, 2, 0, 9, 1, 4, 13, 5, 11, 6, 10, 12, 3, 14], "R": [[-0.9979799574424695, -0.06350457467545036, -0.0017814427908869343], [-0.06338058192008618, 0.9933289955676117, 0.09633487634346705], [-0.004348146570471098, 0.09625318467422256, -0.9953473856204536]], "T": [-0.10503199912584213, 0.06892118619617502, -0.04266479833333783], "aligned_model": [[-0.2887360099483304, -0.37555061470656115, 0.14003970921449807, 0.5673727293010767, 0.06636642073674667, -0.827361475702091, -0.21811349495024385, -0.5491414481860265, 0.07775488203247416, -0.626737068466703, 0.3320385103622159, 0.5997885003871111, 0.1190835882625497, -0.05090422937015452], [-0.292169469531411, 0.6059688364595999, 0.2746030821813148, -0.31375210252395835, -0.7320083987673925, 0.09811163449144417, -0.22480073887007665, -0.3131470352902149, 0.3887570736547563, 0.536380259419188, -0.2850088576588007, 0.32884315182676793, 0.8895617778848096, 0.044740452218575984], [-0.4439555551157568, -0.48098138655440603, -0.6767727110391045, 0.03138204331523767, 0.006726323110844298, -0.3888736077730781, 0.5826859121601331, 0.029838941181063977, 0.488678984117483, 0.19579429287708547, 0.553145335305167, 0.10794231353966541, -0.03452603839685549, 0.008047821631025132]], "inverted": true, "swapped": false, "error_lsq": 0.04611282302690909, "error_max": 0.24229994308812317, "target": "49.xyz", "model": "21.xyz", "model_rescale": 4.186013935880536, "target_rescale": 3.8831797659674825},
{"mapping": [12, 2, 1, 6, 10, 9, 8, 11, 5, 0, 3, 7, 13], "R": [[-0.9468133583723466, 0.09977884214658161, 0.3059226161426547], [-0.31891016780471737, -0.41772801544148064, -0.8507641329922702], [0.042904187190127924, -0.9030766787904612, 0.4273309524786904]], "T": [-0.07846816268872644, -0.015705054540392963, 0.1436919595801504], "aligned_model": [[-0.1898438692556847, -0.48795153143789605, 0.3251845658069755, 0.42102024482107914, -0.20989532619731183, 0.650231167251381, 0.01620100715659445, -0.6869175735202601, 0.3851448044773883, -0.13829189734627675, -0.6391949264226469, 0.5492097625996565, 0.06367760749022622], [-0.36370229731241527, 0.23549892350715274, 0.211979395088417, -0.41188862548718885, -0.4151032946653977, -0.2916580161235075, -0.6198479769392797, -0.3576164287826494, 0.6187592549132768, 0.5632605068321244, 0.09020770612567333, 0.2702980846375211, -0.011230572247633734], [-0.6059532397669478, -0.5356831546081249, -0.527952742773566, 0.4699964298026075, 0.5142130159980192, -0.08869333838729604, -0.00964660925764177, -0.13614307249370905, -0.06457147064896976, 0.16398784468384303, 0.42350163263828056, 0.4322932624540829, 0.06753100369476764]], "inverted": false, "swapped": true, "error_lsq": 0.04734432281061937, "error_max": 0.3066620428312178, "target": "49.xyz", "model": "22.xyz", "model_rescale": 4.166573947596378, "target_rescale": 3.8831797659674825},
{"mapping": [2, 5, 0, 3, 11, 6, 14, 12, 10, 13, 9, 8, 7, 15], "R": [[0.2977815377139878, 0.9520818380520855, -0.06975908147370927], [0.9110503184394254, -0.30525429106118374, -0.2771410021273568], [-0.28515517366534726, 0.018973440386415213, -0.9582935539237384]], "T": [-0.01650830020224231, -0.0033621502112767127, -0.041147437903483575], "aligned_model": [[-0.07578159603520743, -0.4803749207405066, 0.24528415737370207, 0.37961695594904216, -0.024035392079094837, -0.6387523992354329, -0.3970940202131323, -0.5034768199530324, -0.061008331268856485, -0.5339976511956701, 0.2973732812097091, 0.7529862287426716, 0.05003680420994132, -0.0448762977975708], [-0.35616112274578304, 0.6468017668632549, 0.5757621080868051, -0.4297696041009887, -0.7749994546522959, -0.12657964818791162, 0.017387768484458596, -0.3924631525213254, 0.5281267799429253, 0.566945149714771, -0.22444413658537865, 0.23798240067643717, 0.7078223886786157, 0.02966842184101818], [-0.6110849788400199, -0.27174800270343624, -0.553822349953077, -0.1917731884325241, 0.12198606788021157, -0.46154886675169143, 0.6521791185027734, 0.1609501276490406, 0.48466669034212634, 0.3106586083140398, 0.4204262554904402, 0.019763299260326425, -0.006826185406546725, -0.09469392699315848]], "inverted": true, "swapped": false, "error_lsq": 0.03944057565925984, "error_max": 0.20569397854636515, "target": "49.xyz", "model": "23.xyz", "model_rescale": 4.274766983524099, "target_rescale": 3.8831797659674825},
{"mapping": [2, 1, 5, 0, 7, 4, 3, 10, 8, 9, 13], "R": [[0.39192915869871936, 0.8791238525467094, 0.2711692948051926], [-0.9194545003798965, 0.36419138173473065, 0.1482162582219054], [0.03154292777896374, -0.30741810186386076, 0.9510516044640018]], "T": [0.01824140435508012, -0.03728716798246144, 0.08716667173875473], "aligned_model": [[0.36792131664022454, 0.21685289938224653, -0.39563319949390585, -0.40173870154079827, -0.5051394628512809, -0.6593644788316447, -0.13096725970430068, 0.08831934202743313, 0.537410264747, 0.22535530246724092, 0.03687868111586002], [-0.21623240369580243, 0.5553522635976154, 0.47721434116193384, -0.09176298593492245, 0.47667218827906377, -0.28451823127279086, -0.6549847777540977, -0.28143511806134913, 0.0905706570334135, 0.7233453897553321, 0.12136520813508704], [-0.6463407755357519, -0.4374420569382744, -0.38701853368511263, -0.31263455305428, 0.2320332775802576, 0.49541666616505575, 0.07658805990434908, 0.5867252447767356, 0.42120216398270305, 0.2864092939136294, 0.06462764691226579]], "inverted": false, "swapped": true, "error_lsq": 0.05465967687968289, "error_max": 0.29521226331681444, "target": "49.xyz", "model": "24.xyz", "model_rescale": 3.7841303162186577, "target_rescale": 3.8831797659674825},
{"mapping": [9, 0, 10, 13, 5, 8, 4, 2, 6, 1, 3, 11, 7, 15], "R": [[-0.5357213878530274, -0.5434520731223582, -0.6462680858713645], [-0.667332489772759, -0.19645393479946321, 0.7183823491675576], [-0.517368285354366, 0.816128479910375, -0.25741865042895423]], "T": [-0.06381036823076225, 0.07727741985850907, -0.11576482217228226], "aligned_model": [[-0.17954874022564665, -0.4287412732111441, 0.18962593033890685, 0.6308479001317164, -0.14088792782823234, -0.64566932097225, -0.3725696800691159, -0.5729869831927371, 0.12532284585205916, -0.6835600876239818, 0.3194802186142675, 0.6445169523218832, 0.11806110496486888, -0.037990940134032085], [-0.27506631973443596, 0.7108962676337474, 0.41442762728044685, -0.2819792566310971, -0.6818264632354013, 0.11065371905153222, -0.10899686216148301, -0.478037395592448, 0.33758967397930306, 0.37075142572959396, -0.24337415802030032, 0.3391920059524271, 0.7012185692780746, 0.09063083196464279], [-0.5680912827555167, -0.19751162446920537, -0.7694886824373397, -0.09615544012374133, 0.3168540515744931, -0.21467875145233792, 0.5374379963070917, -0.08174044203456304, 0.5311452256151067, 0.17201927570876438, 0.5161155298509261, 0.022440552949842596, -0.13639900252676818, -0.05281473784824722]], "inverted": true, "swapped": false, "error_lsq": 0.046682156656831064, "error_max": 0.3068075642183348, "target": "49.xyz", "model": "25.xyz", "model_rescale": 4.19342608120988, "target_rescale": 3.8831797659674825},
{"mapping": [2, 11, 12, 7, 1, 0, 9, 4, 8, 3, 10, 13], "R": [[0.7846523778449791, 0.15998912550886163, 0.5989358276653101], [-0.39223759026857097, -0.6200374330214781, 0.6794874939485206], [0.48007324308122495, -0.7680866236115856, -0.423760097114428]], "T": [-0.03689562422153061, 0.06629999417326503, 0.02183277678965579], "aligned_model": [[-0.12049318813527019, 0.5359541629817994, 0.2025302758794473, -0.5727134819485723, -0.5420543287228836, -0.4800060795603043, -0.2387270453452123, -0.08605109974778002, 0.38877249126943203, 0.2210453696993114, 0.4184873544981285, -0.1289358762363153], [-0.7605336988723937, -0.415409258509023, -0.5486295870652416, 0.5761097197467598, -0.3288278952818524, -0.06004779335566672, 0.3031576451356652, 0.6933254651220527, 0.10467196177507469, -0.011139078182131057, 0.38460214212184946, 0.07549680510588708], [0.0629193317630044, 0.09408951166342208, -0.48808035539370065, -0.08799141264947871, -0.48271749252537544, 0.3780367694566697, -0.729378383804249, 0.5616140172391942, -0.4416301523145284, 0.5975020423442663, 0.0952357200249574, -0.11034113459476072]], "inverted": false, "swapped": true, "error_lsq": 0.04113482872119324, "error_max": 0.2190505417737167, "target": "49.xyz", "model": "26.xyz", "model_rescale": 3.795458400668931, "target_rescale": 3.8831797659674825},
{"mapping": [7, 0, 5, 9, 12, 10, 4, 6, 3, 1, 8, 11, 13], "R": [[-0.273628590525845, 0.037267709351720246, -0.9611131631012634], [0.5688239953842211, 0.8120470347948057, -0.13045641247595177], [0.7756072825354151, -0.5824008337224801, -0.24339805290385788]], "T": [-0.08421232192666112, -0.03763832477447175, 0.059367728643779545], "aligned_model": [[0.018914381813785283, 0.4233169398899754, 0.5605758536542402, -0.24640433575640613, -0.04831431388275398, -0.604320561882389, -0.26885023796549057, -0.6009990212048566, -0.10012682647243076, 0.4120206905847714, -0.5545400887854275, -0.24166138419725142, -0.04993471297451011], [-0.6877240924293911, -0.26056086100206893, -0.36890524312190764, -0.10939301334651612, 0.733558056132458, -0.09198488519735949, -0.7327417735541486, -0.3733418630436901, -0.016053295424875155, 0.18189204541000364, 0.2799992088853881, 0.6190804453128481, -0.05194322536382594], [-0.295345483969771, 0.23800567163918396, -0.3085535089948443, -0.7341690962678645, -0.2559765736496082, 0.2608913671387053, 0.47129129557026767, -0.3055423154145755, 0.6943529919604653, -0.5500923224548198, -0.21515335985256756, 0.39005182012438977, -0.09762382372953507]], "inverted": false, "swapped": true, "error_lsq": 0.048532062406083515, "error_max": 0.35834118862576003, "target": "49.xyz", "model": "27.xyz", "model_rescale": 3.6321398670334006, "target_rescale": 3.8831797659674825},
