[{"mapping": [9, 10, 2, 0, 12, 3, 7, 11, 4, 8, 6, 5, 13], "R": [[-0.77295119150929, 0.432877076529538, 0.46385762056864965], [-0.2005070049348194, -0.8602911394473668, 0.4687175016578956], [0.6019496627762467, 0.26928904917131624, 0.7517579474006052]], "T": [0.18807089899747245, -0.020079606029846417, 0.19145840384647128], "aligned_model": [[0.09517851727342486, 0.3175270498362261, -0.17930291044052457, 0.47241025574279016, 0.6225550685341559, 0.08791380368043943, -0.35580546230924814, 0.12792900237326812, -0.7489795390250765, -0.4283684468930449, -0.4032721861202272, 0.31167370193753463, 0.09419026119319926], [-0.3492197479269241, 0.399460520907917, -0.678263037219081, -0.7269149132786401, -0.05565088770622853, -0.2392023710931992, 0.03850382931539255, 0.6246351506691682, -0.19301016521156356, 0.44842549903073936, 0.05522814968420979, 0.5553563201963634, 0.026328594765836252], [-0.4564466387128776, -0.7155455165092701, 0.34341004239204215, 0.06919878985726899, -0.1894326544832352, 0.6553054431669543, -0.3302320859943736, -0.06890226063312038, 0.11773103502099297, 0.086174829662553, 0.6701946379048997, 0.6668499291760058, 0.06666831209328088]], "inverted": true, "swapped": false, "error_lsq": 0.05080819062018361, "error_max": 0.2957508935464173, "target": "490.xyz", "model": "0.xyz", "model_rescale": 3.8414455957264533, "target_rescale": 3.8786974073688723},
{"mapping": [4, 2, 11, 0, 7, 13, 5, 6, 1, 10, 12, 8, 14], "R": [[-0.0054814089116638764, -0.05676763508717683, 0.9983723702922435], [0.9728571493665976, -0.23127469910204354, -0.0078090000356533795], [0.23134156799555228, 0.9712308938464986, 0.05649451084389445]], "T": [0.07017224224109973, 0.008617799744020311, 0.025435112501719648], "aligned_model": [[0.08191264748742401, 0.3042500612182158, -0.29910778295581075, 0.27357508641448053, 0.6380039454344774, 0.41142294050943135, -0.2855148476032577, 0.13368878257387212, -0.5664853106513269, -0.45908001810124055, -0.3458228006580124, 0.14179759179960338, -0.014991179684939071], [-0.26080541382577904, 0.29232086703731347, -0.4955859107033773, -0.6866416782050709, -0.2130041653200426, -0.2303997818897514, 0.372387728426406, 0.7601738289528579, -0.5731283954865986, 0.42502734546677545, 0.07566297180089972, 0.4594523987368466, -0.019782852856489078], [-0.44688948957037783, -0.614349907555584, 0.604810883044137, -0.00211322340633964, -0.17804919545536307, 0.6588903652549425, -0.3934693134559893, -0.1774351855895557, -0.04338651090595225, 0.14740410677437263, 0.6616289611471637, 0.6703539997675299, 0.027578372892137163]], "inverted": false, "swapped": false, "error_lsq": 0.04457375249650907, "error_max": 0.2705825145312362, "target": "490.xyz", "model": "1.xyz", "model_rescale": 4.316132596720782, "target_rescale": 3.8786974073688723},
{"mapping": [10, 5, 2, 6, 8, 9, 0, 7, 3, 11, 4, 12], "R": [[0.8781440036564896, -0.3077218891760466, 0.3662927077680862], [0.4632288646757222, 0.3556744545327139, -0.8117356104817002], [0.11950785653417537, 0.8824981140573513, 0.4548790508605837]], "T": [-0.06536756676325534, 0.13516565298076588, -0.07610046818098895], "aligned_model": [[-0.13028246771654628, 0.5600523466425509, 0.08240758989549402, -0.5438952847199843, -0.5075428019580217, -0.5036352340122829, -0.18522571153074213, -0.2121413365479874, 0.434355422481352, 0.1539644223798405, 0.5009746699676363, -0.05122306024952844], [-0.6457740579966617, -0.284179786349164, -0.4527354855592298, 0.4428520927963723, -0.2706862036915425, -0.0813046209176495, 0.3692825232842853, 0.49419315172497824, -0.015707371752717414, -0.05397310362073382, 0.42019033657805654, 0.09061895324498709], [0.11301156629291836, 0.10977362530699966, -0.4303654369485138, -0.023271901262522987, -0.4769304768986744, 0.361237337337838, -0.7165686769741519, 0.5099650393484342, -0.6229874539182999, 0.8130647993915289, -0.11930715449230611, -0.06836280597382895]], "inverted": false, "swapped": true, "error_lsq": 0.03631367390154528, "error_max": 0.21436908988440262, "target": "490.xyz", "model": "2.xyz", "model_rescale": 3.795458400668931, "target_rescale": 3.8786974073688723},
{"mapping": [0, 6, 1, 11, 3, 5, 7, 8, 9, 10, 4, 12], "R": [[-0.6856836762707377, -0.34356751914801464, 0.6417158684981421], [0.7090717314691186, -0.5144866352221138, 0.482204087300402], [0.16448457595541371, 0.7856620532801023, 0.5963891031100933]], "T": [0.04519399906411746, -0.006201163039133906, -0.003359614031823298], "aligned_model": [[-0.08868752801912343, -0.13027219244357702, -0.7569346749412733, 0.0866779019330146, 0.11053100782740881, 0.26728767164417544, -0.31601953938273886, 0.5880436872839511, 0.3269277526582618, 0.7947992839102695, -0.3726227884068535, 0.08357324368004994], [-0.08252212997705002, -0.5480428052770172, -0.21424286178645943, 0.11702302776871185, 0.5914528991349792, 0.6679756381831972, -0.32293648561071325, -0.2697110008941477, -0.4382300449665606, 0.09534994159314877, 0.47251307554486033, 0.01713979157676018], [-0.6783611377442236, -0.04885499793694941, -0.1393523147172139, 0.9227018031377134, -0.4617391598159743, 0.30922619097993115, 0.5095922146472898, -0.39930928940204014, 0.40183098437820164, 0.2752501995225919, -0.01390603482152928, 0.011692972411303269]], "inverted": false, "swapped": true, "error_lsq": 0.04555937538307132, "error_max": 0.24517724385703135, "target": "490.xyz", "model": "3.xyz", "model_rescale": 3.7530521520055578, "target_rescale": 3.8786974073688723},
{"mapping": [8, 10, 9, 11, 6, 5, 0, 2, 3, 4, 12], "R": [[0.364112801991813, 0.8997270982827459, -0.24065123320145487], [0.723589810104144, -0.11060003687147851, 0.6813115429504162], [0.5863784223000706, -0.4222070350666103, -0.6913042495176364]], "T": [0.07920561578246604, -0.13257803943062568, 0.09920502456473793], "aligned_model": [[-0.4702146591110356, -0.3143522062571747, 0.26938167464592966, 0.5872618953366309, 0.3497956481472762, -0.10062309652340212, -0.22152285982989212, -0.587546273289741, -0.4447815221953953, 0.217073234638299, 0.0537277668837101], [-0.5543202039679668, 0.06512193089254426, -0.3490053513498367, 0.3833046219094179, -0.6357005584346251, 0.6055786213393544, -0.49430454867343687, 0.048584886098742286, 0.202074455180979, 0.30167953522642754, -0.10581002990725359], [-0.10369956449089202, -0.5759772475483381, -0.4900271614741508, -0.4926047086281439, 0.0892378365050416, -0.056795688871596056, 0.6072331013178038, -0.025658206813758994, 0.5293402333359304, 0.5422200306662087, 0.06956215324721152]], "inverted": false, "swapped": true, "error_lsq": 0.0456031547768762, "error_max": 0.23055574058620934, "target": "490.xyz", "model": "4.xyz", "model_rescale": 3.7855080009869324, "target_rescale": 3.8786974073688723},
{"mapping": [0, 2, 6, 11, 12, 13, 3, 9, 7, 10, 8, 15, 16], "R": [[0.3503980370157911, -0.7773228385524665, 0.5224848517614809], [0.8872005308995795, 0.09669114843865526, -0.45113860374071124], [0.30016067968170795, 0.6216269190425637, 0.7235216236538237]], "T": [0.00190786451391724, -0.05722993595660065, 0.020376255492217735], "aligned_model": [[-0.16016060413822122, 0.34546207175597976, -0.1527494902714971, 0.43270456097424326, 0.6581359463251031, 0.37130183025884644, -0.1772625747465358, 0.026745929451323553, -0.6943736847196811, -0.5440241175691498, -0.22085360812323662, 0.09316661548697086, 0.0355562410987719], [-0.2755786192122503, 0.2665836325294757, -0.6074898012693144, -0.6965434576749729, -0.2373131550588456, -0.22577850850533812, 0.3799778949738454, 0.6387552913477513, -0.30532635817722037, 0.39616676565745795, 0.045845726979553046, 0.5427315865090104, -0.016354055965162546], [-0.7107403886281225, -0.5478675012964359, 0.33560990106923283, 0.21564185811403636, 0.02033323994455484, 0.6203821851615966, -0.4887051443521993, -0.12761581575930975, 0.14289009697185168, 0.1857666299963907, 0.6799690146871767, 0.5780823775829119, 0.011227409449436575]], "inverted": false, "swapped": false, "error_lsq": 0.044093646745038545, "error_max": 0.2658130663592911, "target": "490.xyz", "model": "5.xyz", "model_rescale": 4.2253639853439635, "target_rescale": 3.8786974073688723},
{"mapping": [10, 8, 4, 1, 9, 0, 5, 11, 2, 6, 3, 12, 13], "R": [[0.4667616418869333, 0.7515847064309806, -0.46610513698313943], [0.35107560414992295, 0.326265085134362, 0.8776656620792648], [0.8117139211777639, -0.5732988080236382, -0.11157502805240409]], "T": [0.03071829216969788, -0.01147934274998719, 0.08249223518938659], "aligned_model": [[-0.18148363627830844, 0.42317485389846193, -0.2167058650938229, 0.3732754779989028, 0.6405357800912658, 0.4430470177259266, -0.3242206253083919, -0.009912292204500985, -0.5992313276614462, -0.4368888344667126, -0.4154122603137507, 0.32906341437548714, -0.011592586980192932], [-0.39988597407452453, 0.07233932067929622, -0.6502253126633458, -0.645847478761523, 0.012728993957392545, -0.2461370718654789, 0.20296221010319157, 0.7411250970341509, -0.19421927753100623, 0.37770298765422894, -0.1077836395465859, 0.7639940544727691, -0.021076967324575268], [-0.5598652234698955, -0.5378440884413165, 0.2605264581028619, -0.05512107960351992, 0.09402546302350505, 0.7290086089759569, -0.3958114881079383, -0.11112982358440898, -0.058721095442174964, 0.2912951493048096, 0.6253573061394961, 0.5079037568067981, 0.12534991923694766]], "inverted": false, "swapped": false, "error_lsq": 0.04207487166166672, "error_max": 0.2613512587000637, "target": "490.xyz", "model": "6.xyz", "model_rescale": 3.89814844738969, "target_rescale": 3.8786974073688723},
{"mapping": [10, 11, 5, 9, 8, 6, 4, 7, 2, 0, 1, 3, 12], "R": [[0.7025797557401419, 0.2636961254860771, -0.660943295773362], [-0.39334672546795624, 0.91792402243506, -0.051902240802067484], [0.5930093088542193, 0.29644534477753337, 0.7486388429489685]], "T": [-0.00519122370243581, 0.0881446637297396, 0.030620054186212914], "aligned_model": [[-0.21062378897540757, 0.4686980703613473, -0.09686960218350009, 0.4502436123912906, 0.6703908202940787, 0.2861008239120921, -0.35980319744133427, 0.07962666306248536, -0.659931760539425, -0.31558071631227125, -0.5467882814248683, 0.33849897020517067, -0.09031249756674119], [-0.48677976640404286, 0.07119359184946658, -0.5985476787399978, -0.6793127512157028, 0.11892190507252604, -0.09025795976086957, 0.2691883584385487, 0.727622907737229, -0.14951532987444838, 0.3605727943359319, -0.2148717463142022, 0.580541196651219, -0.0030785796416677447], [-0.3770109355739353, -0.6254911919884346, 0.38079901662875537, -0.00854760277911179, 0.048742845349641045, 0.6143128654799463, -0.47630135695308795, -0.09245789295212245, -0.09736588794586251, 0.455416080533133, 0.6047718584543231, 0.570809503961539, -0.0827034392736622]], "inverted": true, "swapped": false, "error_lsq": 0.052027387532658016, "error_max": 0.2809132830604364, "target": "490.xyz", "model": "7.xyz", "model_rescale": 3.7474275329858107, "target_rescale": 3.8786974073688723},
{"mapping": [1, 13, 3, 2, 4, 8, 12, 11, 0, 7, 5, 9, 14], "R": [[0.9484782157643259, -0.22839611291940318, 0.21960029559139543], [-0.11295377046313618, 0.40380928904188584, 0.907843325591838], [-0.29602452594114925, -0.8858742990327658, 0.35720611186613804]], "T": [-0.10778854426773862, 0.025811962262610552, 0.01527641971808582], "aligned_model": [[-0.16985684309806198, 0.545954974285852, -0.27094269390754755, 0.33781204327461767, 0.661864005716668, 0.3641509819897717, -0.13071185628828003, -0.1045949631809869, -0.6318584431329707, -0.4480652114452449, -0.2070603054777166, 0.1294201962528651, -0.062462769206048444], [-0.5413063067389075, 0.29423802052254616, -0.5082279379261463, -0.6861350384926291, -0.11490280238136653, -0.1506665412702788, 0.3027951668517733, 0.6466600749335449, -0.3626460892937105, 0.45285238745597506, 0.027486182827585567, 0.5442453759509474, 0.0012844496946555033], [-0.473933366871353, -0.5403121797768763, 0.4650726462988629, -0.040947066009605744, 0.00752057294185959, 0.47499235070498685, -0.5355388351005171, -0.01661993779571392, -0.07780591432771222, 0.42237087675386564, 0.7246168023508925, 0.5205478804997979, -0.014989966727366619]], "inverted": false, "swapped": false, "error_lsq": 0.046562003938611506, "error_max": 0.2283216114530787, "target": "490.xyz", "model": "8.xyz", "model_rescale": 4.019505241142653, "target_rescale": 3.8786974073688723},
{"mapping": [6, 10, 3, 2, 1, 0, 11, 9, 5, 8, 4, 7, 12], "R": [[0.947765251645742, -0.11316023720067063, 0.29822103964940416], [0.31213935284524397, 0.13660402603534516, -0.9401640093495853], [0.06565098764097772, 0.9841413012304803, 0.16479031231884206]], "T": [0.03656426459545418, -0.022200648939149734, 0.003331799152477305], "aligned_model": [[-0.07643593509691951, 0.5059302372783555, -0.23742352922565677, 0.22591370338439015, 0.6982905604949243, 0.29204377273971066, -0.4156311293342999, 0.10971198435318275, -0.5609809467716272, -0.30409473944997795, -0.3285852213308966, 0.10753933095833096, -0.0026289722165993915], [-0.3835479747583761, 0.09699847941240974, -0.6941480164013272, -0.580389591023217, 0.10114535018928732, -0.1136282627373588, 0.26531523325456785, 0.6394487339731587, -0.32790683905229995, 0.5233502601469557, -0.07016339173162241, 0.4743999519832104, -0.025196991121398456], [-0.6169269395684494, -0.7736282446756791, 0.4636341258242602, 0.05377044685483918, -0.053319555506797414, 0.5941086524775074, -0.3130595205578969, -0.15226243794018943, 0.000474380609471102, 0.20939630348109764, 0.7462719713565826, 0.756946006286361, -0.00043132569998619984]], "inverted": true, "swapped": false, "error_lsq": 0.042748901848898097, "error_max": 0.23586726008640732, "target": "490.xyz", "model": "9.xyz", "model_rescale": 3.877068213659057, "target_rescale": 3.8786974073688723},
{"mapping": [4, 13, 1, 7, 2, 8, 6, 10, 5, 12, 0, 11, 15], "R": [[-0.8286405025413591, 0.3795495819846131, 0.41145720599268804], [0.5394556992270321, 0.7377144038411394, 0.40591256070339343], [-0.14947396468775992, 0.5583185230498964, -0.8160502194717582]], "T": [0.06307378665832894, 0.0630874210174312, -0.04107611438393738], "aligned_model": [[0.0378417783775539, 0.3144618422882657, -0.2535936789898523, 0.36154905919351743, 0.646125827775276, 0.4272098667254065, -0.21284190163305958, 0.2266908225672332, -0.6217285382887036, -0.5731367639415774, -0.35638528081569354, 0.004527841012948952, 0.012928241511602115], [-0.5275117462854537, 0.20515789952028807, -0.6417931444900169, -0.6759683426393219, -0.17823919043939546, -0.1521668126791318, 0.5108845703641567, 0.743329427186449, -0.2974675286710577, 0.39135586699458086, 0.004941951831767405, 0.4628344279509235, 0.06031956349020145], [-0.37069202583881333, -0.7581943198342245, 0.35360314118099934, 0.13497972706299263, -0.24642250929174314, 0.6042094548621029, -0.3630276963283091, 0.07601811290081126, 0.06865695376235892, 0.1726320473568842, 0.6330449658092223, 0.576524062882801, 0.03364194841603867]], "inverted": false, "swapped": false, "error_lsq": 0.04581291874705774, "error_max": 0.2855821311403954, "target": "490.xyz", "model": "10.xyz", "model_rescale": 4.260839863003843, "target_rescale": 3.8786974073688723},
{"mapping": [0, 6, 9, 8, 10, 2, 3, 4, 7, 11, 5, 12], "R": [[-0.7902572930274272, -0.032458853455052145, 0.6119148908543954], [-0.4733682075288074, 0.6664613799783146, -0.5759789658471607], [-0.38912202574247456, -0.7448326334350451, -0.5420409553274448]], "T": [0.10386640852600558, -0.06900683356797814, -0.07823828142509784], "aligned_model": [[0.3528861433913478, 0.1446409651411107, -0.3548300973286944, -0.39207422049201573, -0.638142483014207, -0.28719695268411094, 0.2866521688328387, 0.6202016919540984, 0.2592901824492505, -0.09869931919851883, -0.004050152925184361, 0.07022072296821594], [-0.10966058186425319, -0.6305850688887255, -0.44637697286735817, -0.13176628458329165, 0.2050161400488419, 0.43472028377049293, 0.5672854232954283, 0.2753695032558367, -0.5233153574321363, -0.03448773260976555, 0.6045883707647435, -0.03770921735687892], [-0.7229961078216444, -0.17528415062525, 0.1999551355628645, -0.5988182540229613, 0.07725561856973875, -0.37200239171584837, -0.4433309277840233, 0.058334888817563685, 0.434951039499347, 0.8340502811405008, 0.29077846706449284, -0.06671552128927562]], "inverted": true, "swapped": true, "error_lsq": 0.04867349600328652, "error_max": 0.27501996148176333, "target": "490.xyz", "model": "11.xyz", "model_rescale": 3.890672605050136, "target_rescale": 3.8786974073688723},
{"mapping": [8, 3, 9, 5, 7, 12, 0, 4, 6, 2, 11, 10, 13], "R": [[0.2899553029863496, -0.33564498141070287, 0.8962524023532117], [0.8638798561871012, 0.4948158926384953, -0.09417444699345245], [-0.41187075198931966, 0.8015607767637949, 0.4334314303434561]], "T": [-0.1694364182688407, -0.05028109786844202, 0.04281965374041052], "aligned_model": [[-0.028273087920951845, 0.2957745231899016, -0.1882635590791033, 0.33111355625727834, 0.6616671851065662, 0.44999995080918465, -0.29003687273873063, 0.10756393234025097, -0.6195782706072925, -0.3124090065558083, -0.48328575212357455, 0.09960652900802625, -0.010230011902829184], [-0.4169250901234882, 0.271258804053778, -0.6141634252066462, -0.6347890981932627, -0.14104783221036987, -0.04608465688406922, 0.23129854415721185, 0.5909358595768778, -0.3928005832245335, 0.5724184133713485, 0.0807905901241983, 0.4002749172020459, 0.004510499490899322], [-0.5611970206540198, -0.6874227905347459, 0.5790124135814607, 0.15583426515522103, -0.12448955302872589, 0.4568403311124105, -0.4620199003018379, -0.013471225379999625, -0.06723060235317158, 0.3548585797848055, 0.47534823330591386, 0.7668056164820518, 0.04210551577175902]], "inverted": false, "swapped": false, "error_lsq": 0.048434332126596945, "error_max": 0.30214823172105143, "target": "490.xyz", "model": "12.xyz", "model_rescale": 4.124412569039231, "target_rescale": 3.8786974073688723},
{"mapping": [0, 5, 6, 3, 7, 9, 4, 10, 1, 2, 8, 11, 12], "R": [[0.08859862922124681, 0.6532686305255389, 0.7519244505077642], [-0.9844292885044619, -0.05763193929024298, 0.1660648533201558], [0.15181982358939544, -0.75492957018846, 0.6379906623300627]], "T": [0.07528772340022828, -0.11738546187798313, 0.005729547795646939], "aligned_model": [[-0.05283764040971979, 0.406289389068502, -0.16600809356982754, 0.277321509929002, 0.669173975613454, 0.4384605633496391, -0.3311932974219984, 0.2193220089354615, -0.7151547275018395, -0.5210466280085703, -0.24264838044614023, -0.02274664839964212, 0.05471708464459627], [-0.39389765093017215, 0.10236215025090534, -0.568815071133701, -0.8007447810504269, 0.07935669928698322, -0.2375836136292064, 0.3137126110872237, 0.603060586248669, -0.2994595366389623, 0.4792045700836127, 0.01640726331339326, 0.6097967716309792, 0.002276943614691579], [-0.48812497921424114, -0.6391694856667178, 0.4365432562405649, -0.025185913820621235, -0.03512771555264127, 0.5178810533475311, -0.5111881312853965, 0.07516504755301512, 0.07582991884030277, 0.18140307665765426, 0.6349451399858743, 0.6781491508347137, 0.013853445021083035]], "inverted": true, "swapped": false, "error_lsq": 0.04344368899473932, "error_max": 0.24073025414805888, "target": "490.xyz", "model": "13.xyz", "model_rescale": 3.9028299243045295, "target_rescale": 3.8786974073688723},
{"mapping": [12, 2, 14, 11, 1, 9, 8, 3, 13, 4, 10, 7, 15], "R": [[-0.7431472934280018, 0.4672357039782484, -0.4789811031748395], [-0.41515651309007645, -0.8833512255204464, -0.217567649273541], [-0.5247639182618454, 0.03716731493497977, 0.8504360180466249]], "T": [0.00943421717992508, 0.09901708944999181, -0.032562432152022605], "aligned_model": [[-0.139880101242362, 0.34336191604162236, -0.1262326369126366, 0.33963158053191445, 0.571902238006506, 0.3982817063536809, -0.3399818605657104, 0.22521947252473426, -0.585829494116623, -0.4069449771744591, -0.42159019849077445, 0.10061096241794858, 0.055100508409076626], [-0.4707407381633035, 0.3204096892522396, -0.6009595347787899, -0.5540322989282805, -0.1688439882725044, -0.12795279826909645, 0.16602774668677686, 0.67606082889247, -0.42578138752323963, 0.5853807961857266, 0.042726133233910515, 0.3726170115938503, 0.09076548222422984], [-0.4031316445109993, -0.6503224002962184, 0.4915347754505931, 0.06918670009039406, -0.2171672108864256, 0.5984112255356122, -0.7180732898247322, 0.06307590526644107, 0.02128015670912435, 0.18979310558378165, 0.5727489615892364, 0.8261912226104159, 0.07144635562389777]], "inverted": false, "swapped": false, "error_lsq": 0.05256154550485733, "error_max": 0.3527465721499941, "target": "490.xyz", "model": "14.xyz", "model_rescale": 3.942246331269136, "target_rescale": 3.8786974073688723},
{"mapping": [12, 8, 3, 4, 11, 10, 0, 7, 1, 2, 5, 9, 14], "R": [[-0.3244737077307845, -0.4724454854308999, -0.8194584042447784], [0.33753537259612365, -0.86712778507236, 0.36627759500397933], [-0.8836213472058229, -0.1577487484941304, 0.44082723045508676]], "T": [0.11152541309613741, -0.07160465018227222, 0.07961560973864287], "aligned_model": [[-0.24311606121777846, 0.33696288895483645, -0.2818787635981125, 0.3664875775730745, 0.7914456162861908, 0.5605597532812767, -0.3250386072973374, 0.07204318602818412, -0.6457183644051919, -0.43916464234544306, -0.41599406273448136, 0.20519178631030793, 0.0318688089473915], [-0.5928962035863307, 0.30861891863798185, -0.635749660514934, -0.5603125855291771, -0.1382101816180598, -0.14181378093413657, 0.3416726895724619, 0.7768390912681092, -0.32920345556064445, 0.45103120733581314, -0.019836863659267595, 0.4910185864109885, -0.04548081968881505], [-0.44053898190578755, -0.5555606716823804, 0.28823366163475017, 0.2791721820102808, -0.13806131860403367, 0.6295604754631317, -0.3438595128026857, -0.018179479445179086, -0.05025414302839351, 0.15861017862518656, 0.42864692221219736, 0.6478092477764064, 0.02939530268762789]], "inverted": true, "swapped": false, "error_lsq": 0.04716902472520889, "error_max": 0.2775008847995579, "target": "490.xyz", "model": "15.xyz", "model_rescale": 4.355366556412066, "target_rescale": 3.8786974073688723},
{"mapping": [10, 5, 2, 6, 8, 9, 0, 7, 3, 11, 4, 12], "R": [[0.8781440036564896, -0.3077218891760466, 0.3662927077680862], [0.4632288646757222, 0.3556744545327139, -0.8117356104817002], [0.11950785653417537, 0.8824981140573513, 0.4548790508605837]], "T": [-0.06536756676325534, 0.13516565298076588, -0.07610046818098895], "aligned_model": [[-0.13028246771654628, 0.5600523466425509, 0.08240758989549402, -0.5438952847199843, -0.5075428019580217, -0.5036352340122829, -0.18522571153074213, -0.2121413365479874, 0.434355422481352, 0.1539644223798405, 0.5009746699676363, -0.05122306024952844], [-0.6457740579966617, -0.284179786349164, -0.4527354855592298, 0.4428520927963723, -0.2706862036915425, -0.0813046209176495, 0.3692825232842853, 0.49419315172497824, -0.015707371752717414, -0.05397310362073382, 0.42019033657805654, 0.09061895324498709], [0.11301156629291836, 0.10977362530699966, -0.4303654369485138, -0.023271901262522987, -0.4769304768986744, 0.361237337337838, -0.7165686769741519, 0.5099650393484342, -0.6229874539182999, 0.8130647993915289, -0.11930715449230611, -0.06836280597382895]], "inverted": false, "swapped": true, "error_lsq": 0.03631367390154528, "error_max": 0.21436908988440262, "target": "490.xyz", "model": "16.xyz", "model_rescale": 3.795458400668931, "target_rescale": 3.8786974073688723},
{"mapping": [10, 11, 5, 9, 8, 6, 4, 7, 2, 0, 1, 3, 12], "R": [[0.7025797557401419, 0.2636961254860771, -0.660943295773362], [-0.39334672546795624, 0.91792402243506, -0.051902240802067484], [0.5930093088542193, 0.29644534477753337, 0.7486388429489685]], "T": [-0.00519122370243581, 0.0881446637297396, 0.030620054186212914], "aligned_model": [[-0.21062378897540757, 0.4686980703613473, -0.09686960218350009, 0.4502436123912906, 0.6703908202940787, 0.2861008239120921, -0.35980319744133427, 0.07962666306248536, -0.659931760539425, -0.31558071631227125, -0.5467882814248683, 0.33849897020517067, -0.09031249756674119], [-0.48677976640404286, 0.07119359184946658, -0.5985476787399978, -0.6793127512157028, 0.11892190507252604, -0.09025795976086957, 0.2691883584385487, 0.727622907737229, -0.14951532987444838, 0.3605727943359319, -0.2148717463142022, 0.580541196651219, -0.0030785796416677447], [-0.3770109355739353, -0.6254911919884346, 0.38079901662875537, -0.00854760277911179, 0.048742845349641045, 0.6143128654799463, -0.47630135695308795, -0.09245789295212245, -0.09736588794586251, 0.455416080533133, 0.6047718584543231, 0.570809503961539, -0.0827034392736622]], "inverted": true, "swapped": false, "error_lsq": 0.052027387532658016, "error_max": 0.2809132830604364, "target": "490.xyz", "model": "17.xyz", "model_rescale": 3.7474275329858107, "target_rescale": 3.8786974073688723},
{"mapping": [0, 4, 1, 2, 9, 7, 8, 5, 3, 10, 11, 12, 13], "R": [[-0.6991538586954571, -0.15354701716379066, -0.6982887621832072], [0.6430762256588148, 0.2917881647535294, -0.7080343458492535], [0.31246895824012044, -0.9440778465941619, -0.10526238505023605]], "T": [0.01766062033823171, -0.03035540269520308, 0.09248678688187036], "aligned_model": [[-0.029986867838890846, 0.2933189981073553, -0.26918495902072526, 0.4042999221457174, 0.6570981570752755, 0.31102628879486593, -0.396262999270409, 0.11681361294982043, -0.6522923392029789, -0.41157429673268664, -0.383949910246304, 0.3127449960992591, 0.061598512922618115], [-0.5470238299842548, 0.23732771282297982, -0.6406396421191671, -0.6204692111374984, 0.1659948678492465, -0.2259865004419752, 0.17714675680699127, 0.6678934008880256, -0.13680755132134043, 0.49954884589099746, -0.042899457200486754, 0.48056134572214904, -0.10896979564167748], [-0.5632005196095227, -0.6434371429184725, 0.24673067662345693, 0.014330103269830877, 0.07544643110922494, 0.75813259375042, -0.4574809777650289, -0.06825284426443272, 0.07198914399089214, 0.1992493447421641, 0.6927269806595202, 0.5519715098943604, 0.036768563458708554]], "inverted": true, "swapped": false, "error_lsq": 0.04489669536123489, "error_max": 0.30329901872537834, "target": "490.xyz", "model": "18.xyz", "model_rescale": 3.922800546911778, "target_rescale": 3.8786974073688723},
{"mapping": [8, 5, 4, 6, 1, 10, 12, 3, 13, 7, 11, 9, 14], "R": [[-0.11135243093928593, -0.06873639241538196, -0.9914010008476037], [0.14006908631676415, 0.9865608284018045, -0.0841331261842338], [0.9838604002511222, -0.14823306048538548, -0.10022810282968359]], "T": [0.08627416110998154, -0.006057278991663137, 0.005806348794739444], "aligned_model": [[-0.0035571220605813414, 0.2480322006162429, -0.1441288329895724, 0.3900235282377457, 0.7904155408460458, 0.2681868295462728, -0.39797342974544947, 0.07244725245510794, -0.570235998941468, -0.466013587976536, -0.3611634573505951, 0.15595406179137544, 0.03166213135432899], [-0.4465269272413284, 0.18044800032270594, -0.5911416863502774, -0.6155998602958717, -0.17351374826717814, -0.2545269834744093, 0.3797442418441909, 0.6295923247141015, -0.20798578804601636, 0.5199946269152808, -0.053795358756732914, 0.474469868339199, 0.06451823243032602], [-0.40929301708813576, -0.7164012651423299, 0.36421649885740837, 0.11517698223716105, -0.1495199921040789, 0.751307008941966, -0.4792457121615732, -0.06424821201938163, 5.884494598855372e-05, 0.24341664646568456, 0.5578609349503804, 0.6592446075721686, 0.042400537485862574]], "inverted": false, "swapped": false, "error_lsq": 0.039619841246312605, "error_max": 0.2067790120900205, "target": "490.xyz", "model": "19.xyz", "model_rescale": 3.9282355846067225, "target_rescale": 3.8786974073688723},
{"mapping": [7, 12, 5, 2, 10, 1, 9, 11, 6, 4, 3, 0, 13], "R": [[0.2647558305127432, -0.8205092438304403, 0.5066250398453546], [-0.7314595027925782, 0.1714786310619453, 0.6599712682106367], [-0.628387894523711, -0.5453069409772087, -0.5547693161469344]], "T": [-0.1411802114532401, -0.001516272681575474, -0.018945265898494268], "aligned_model": [[-0.08816318090553404, 0.2595311383698327, -0.24048379277081305, 0.4477661831831019, 0.7067196093039498, 0.24949915511088927, -0.07880965582483193, 0.1138600827716385, -0.6956849504964159, -0.43934877040348874, -0.36012834137337335, 0.15818529531585535, -0.01929365649789344], [-0.46065048650117035, 0.02710204361764293, -0.5987023612754983, -0.5657642861661523, 0.12820317253807365, -0.20229779257726446, 0.4314365825161357, 0.6644697590788452, -0.34224224366103817, 0.4616895008577631, -0.051292552886155335, 0.4146543022389216, -0.000928695646113786], [-0.43665658314018574, -0.7682154116821993, 0.32918937267685316, 0.09716904796263617, -0.09940089642425096, 0.5881438627441133, -0.554749861067795, 0.05019390641105764, 0.03827676775836053, 0.29073806712601225, 0.6993437479914779, 0.5953668161282752, 0.08557502645676579]], "inverted": false, "swapped": false, "error_lsq": 0.04839173535036526, "error_max": 0.28560868322687727, "target": "490.xyz", "model": "20.xyz", "model_rescale": 4.067790424073018, "target_rescale": 3.8786974073688723},
{"mapping": [3, 12, 4, 2, 0, 8, 11, 9, 6, 13, 5, 1, 14], "R": [[-0.548232326789817, -0.22595172858982246, 0.805224895423567], [-0.5626886676320816, -0.6126484745081675, -0.5550164952514908], [0.6187267403151864, -0.7573689081485234, 0.20873322157447166]], "T": [0.00326586075338275, 0.012554048322617148, 0.09337485559109737], "aligned_model": [[0.030083721457203293, 0.24522428308459435, -0.12035692405848364, 0.15133706611260278, 0.6379566198740876, 0.27026880590246033, -0.3663781372814204, 0.3619657152754328, -0.5370613235643316, -0.5404453253424054, -0.2621273916862017, 0.1485182895393709, -0.005336283529991892], [-0.3626371370817298, 0.3483477006873755, -0.6118614668380973, -0.7039027934290611, -0.2833418079725654, -0.07076413516781307, 0.18565597828064204, 0.6933836587977356, -0.47576934109203356, 0.43863741654394633, 0.020715629713432965, 0.641809274774231, 0.08540396491792662], [-0.6696830671074164, -0.5513829375314163, 0.5805043724941661, -0.04259000600781096, -0.02524770564867257, 0.5903008101423033, -0.40805439220045436, -0.015507444784349178, -0.03755911224479164, 0.20719319557493324, 0.6205995998952945, 0.5995810321574431, 0.06681951820189244]], "inverted": true, "swapped": false, "error_lsq": 0.04863584987249007, "error_max": 0.2622298626180181, "target": "490.xyz", "model": "21.xyz", "model_rescale": 4.186013935880536, "target_rescale": 3.8786974073688723},
{"mapping": [5, 3, 2, 8, 11, 9, 6, 4, 0, 7, 1, 10, 12], "R": [[-0.36544059294236453, -0.5115377824100326, -0.7776774846920537], [0.6365898927369541, 0.4721960592605149, -0.6097410844645403], [0.6791218458384963, -0.7178857700121006, 0.15308017415409148]], "T": [0.01217757774463376, -0.026685544917882144, 0.10121813538715446], "aligned_model": [[-0.050545188165161826, 0.13393962210077687, -0.11981238452414997, 0.48426065528453377, 0.6190209017034651, 0.24420288040598648, -0.27478819538719473, 0.24013382919646262, -0.6635790780785944, -0.3570879664630159, -0.5574541939827096, 0.28620662294033455, 0.02915161075218425], [-0.5091041739764931, 0.16211779181879452, -0.7561623032503627, -0.5856450690759748, -0.022516889991007295, -0.08827971638141599, 0.2911921915458932, 0.6390543756816779, -0.21086903342100616, 0.5342394946493132, -0.1337675481221332, 0.5909199483075068, -0.005502125650802738], [-0.5003439121928863, -0.7942515510500234, 0.08932226307731478, 0.3300629495233534, -0.07396685596357955, 0.6737748375616732, -0.2543901304457887, -0.07889975465319596, -0.0754675337538318, 0.3967342901544058, 0.5475098843147796, 0.590882275145032, 0.06400710122386756]], "inverted": true, "swapped": false, "error_lsq": 0.05655572561280745, "error_max": 0.344719629441231, "target": "490.xyz", "model": "22.xyz", "model_rescale": 4.166573947596378, "target_rescale": 3.8786974073688723},
{"mapping": [7, 4, 13, 5, 1, 6, 8, 3, 10, 9, 14, 11, 15], "R": [[-0.02017057474704982, -0.22034795049065134, 0.9752127606983735], [-0.5801460613224607, 0.7969820851461826, 0.16807767099790089], [-0.8142626698101844, -0.5623756188443916, -0.14390958231812864]], "T": [0.040543485029700156, 0.09184526587806043, 0.11165819778134801], "aligned_model": [[-0.1678104732585278, 0.37274824746418084, -0.2670618152028169, 0.2434069475488165, 0.6564123276938547, 0.636652463833225, -0.2881168693690395, 0.16304265871994292, -0.5550586527412249, -0.43023377227103626, -0.5028825249187261, 0.06131080323949584, 0.09123977504477311], [-0.4513058815711276, 0.36071546647018454, -0.6652419182091656, -0.7111493550391845, -0.2003918050460291, -0.1728658040614734, 0.33744312707954116, 0.6653834110071024, -0.35843942456754085, 0.46203943095370226, -0.13020119559579774, 0.7222134438548671, 0.04747744685891089], [-0.3042325411639591, -0.4860058587035596, 0.333042736210485, 0.04018767550768172, -0.09667356619228361, 0.5036910622304267, -0.5852945999323416, -0.02053333198970035, 0.052980909695653916, 0.15377969389008864, 0.6420932115942722, 0.5852593022088797, 0.09667916958547734]], "inverted": true, "swapped": false, "error_lsq": 0.04560378301677781, "error_max": 0.2999281122179422, "target": "490.xyz", "model": "23.xyz", "model_rescale": 4.274766983524099, "target_rescale": 3.8786974073688723},
{"mapping": [7, 6, 1, 4, 0, 3, 5, 2, 10, 8, 12], "R": [[-0.6665500687469161, 0.5199890260752548, 0.534155799944913], [-0.6335708006960156, -0.01758743505951671, -0.7734847914687382], [-0.3928091729566552, -0.8539918587957005, 0.3411727696516432]], "T": [0.011008851714895018, 0.09928282107017575, -0.05126797487613496], "aligned_model": [[0.25621600066284933, 0.13540903847011487, -0.4708195817477893, -0.4860586670482804, -0.4521110354584507, -0.5198585447224502, 0.01662738528027563, 0.03705617218390614, 0.599663265091761, 0.2308915098240598, 0.03287916142207887], [0.07986364550803657, 0.5760583724366908, 0.3920694269604649, -0.26053630990151244, 0.5598747832977305, -0.12481438930092392, -0.6424433853454807, -0.059937879370452946, -0.18659498791071646, 0.5126099875625819, 0.06943726730706513], [-0.709608626205194, -0.3405087858561178, -0.6736048103898027, -0.2165056578800096, 0.1784083729232404, 0.43815143467396006, 0.17536060010533783, 0.6320615352180629, 0.4194803634898822, 0.49801486135191747, -0.021682853409699457]], "inverted": false, "swapped": true, "error_lsq": 0.044470816764451325, "error_max": 0.27970719498610225, "target": "490.xyz", "model": "24.xyz", "model_rescale": 3.7841303162186577, "target_rescale": 3.8786974073688723},
{"mapping": [13, 10, 5, 12, 9, 2, 7, 0, 3, 6, 4, 1, 15], "R": [[-0.8402418028272673, 0.4018015012731092, -0.364073160719462], [0.39242503973961007, -0.012704767773801473, -0.9196962417348347], [-0.3741607956039075, -0.9156386527722, -0.14700189312577416]], "T": [0.07677831853243722, 0.07094534419635291, -0.020207942270370524], "aligned_model": [[-0.18534129817614253, 0.44397268469662277, -0.09051083842068808, 0.22215252338319752, 0.5957884715952347, 0.40776301801564907, -0.12791489639915643, 0.17767977815915872, -0.5727364558768968, -0.6228755062420147, -0.2973595650564087, 0.05516083507123817, 0.007870365033123536], [-0.5316979841442784, 0.2973086521665795, -0.6074485350352813, -0.6722889723202863, -0.19741690357118408, -0.24167014906566775, 0.5743803956296537, 0.7985355276793363, -0.38871633499047753, 0.22138751129637751, 0.005045211352058904, 0.5765934522569084, 0.07166507088025023], [-0.4446067200891974, -0.6676514189841738, 0.510013547326808, 0.020301288087526306, -0.04761001367036327, 0.5810521595223339, -0.37722250338738916, 0.02176073290515594, 0.10566336559717547, 0.07918085025553613, 0.621962097059649, 0.5246673361436803, -0.012536857825620333]], "inverted": false, "swapped": false, "error_lsq": 0.049247204268893445, "error_max": 0.32215867557450895, "target": "490.xyz", "model": "25.xyz", "model_rescale": 4.19342608120988, "target_rescale": 3.8786974073688723},
{"mapping": [10, 5, 2, 6, 8, 9, 0, 7, 3, 11, 4, 12], "R": [[0.8781440036564896, -0.3077218891760466, 0.3662927077680862], [0.4632288646757222, 0.3556744545327139, -0.8117356104817002], [0.11950785653417537, 0.8824981140573513, 0.4548790508605837]], "T": [-0.06536756676325534, 0.13516565298076588, -0.07610046818098895], "aligned_model": [[-0.13028246771654628, 0.5600523466425509, 0.08240758989549402, -0.5438952847199843, -0.5075428019580217, -0.5036352340122829, -0.18522571153074213, -0.2121413365479874, 0.434355422481352, 0.1539644223798405, 0.5009746699676363, -0.05122306024952844], [-0.6457740579966617, -0.284179786349164, -0.4527354855592298, 0.4428520927963723, -0.2706862036915425, -0.0813046209176495, 0.3692825232842853, 0.49419315172497824, -0.015707371752717414, -0.05397310362073382, 0.42019033657805654, 0.09061895324498709], [0.11301156629291836, 0.10977362530699966, -0.4303654369485138, -0.023271901262522987, -0.4769304768986744, 0.361237337337838, -0.7165686769741519, 0.5099650393484342, -0.6229874539182999, 0.8130647993915289, -0.11930715449230611, -0.06836280597382895]], "inverted": false, "swapped": true, "error_lsq": 0.03631367390154528, "error_max": 0.21436908988440262, "target": "490.xyz", "model": "26.xyz", "model_rescale": 3.795458400668931, "target_rescale": 3.8786974073688723},
{"mapping": [3, 4, 0, 2, 9, 1, 10, 11, 7, 5, 6, 8, 12], "R": [[0.898081924537442, 0.43677843088544593, 0.05170550388858547], [-0.3529936883533465, 0.6456471549755066, 0.677152277744626], [0.2623819978615632, -0.6263899373276062, 0.7340240688239676]], "T": [0.1231992232407406, 0.03791976101522538, 0.09428457759992576], "aligned_model": [[-0.052740416056849496, 0.23013421471196216, -0.15692785767151124, 0.5517150918000172, 0.49256293753075653, 0.30994628515354516, -0.3046831877773244, 0.37152579543335285, -0.6290465660944693, -0.5266269415298809, -0.32638554985970303, 0.0920666879632513, -0.037891377820229735], [-0.47354608497082223, 0.26192488886538756, -0.7372081686854021, -0.728632381509663, -0.1246311587970707, -0.13091136479476811, 0.3628642609472787, 0.6615963810769481, -0.15321952578622236, 0.36255661846496806, 0.0456415918968185, 0.5585654788790894, 0.0006764065474485145], [-0.40823357188471504, -0.7039946924130616, 0.20373183992527627, 0.15434185927828992, -0.052418984556786286, 0.6299848262239995, -0.3737048911005008, -0.1525675620804658, -0.14613202768743183, 0.29226774416944806, 0.7863834612862997, 0.6029205100932862, 0.08239535168748251]], "inverted": false, "swapped": false, "error_lsq": 0.049511856742673485, "error_max": 0.27569835759168687, "target": "490.xyz", "model": "27.xyz", "model_rescale": 3.6321398670334006, "target_rescale": 3.8786974073688723},
{"mapping": [1, 5, 6, 13, 11, 9, 3, 0, 4, 8, 12, 10, 14], "R": [[-0.5741815599195496, -0.0034037943583571373, -0.8187209234118296], [-0.5822003916832339, 0.7047786944871646, 0.40537599302481786], [0.5756372470334439, 0.7094190623185525, -0.4066526206073485]], "T": [-0.039832009687869395, 0.04836797056365355, 0.09047160508510632], "aligned_model": [[-0.07364485461350223, 0.19223487486362667, -0.21243832035238705, 0.41671839408015243, 0.6014724903304824, 0.2674006724324547, -0.38223252184091794, 0.25125138087664073, -0.5547857775471429, -0.297454132526056, -0.5669490863430434, 0.3874189456996737, -0.015342949277063839], [-0.276852982440227, 0.24840240761469423, -0.6451295080604944, -0.6263143120511094, 0.01556437628482496, -0.14676594152139796, 0.40030185851732386, 0.5385432452648091, -0.5255078320659297, 0.41788703524966636, -0.05319054440870358, 0.5612323371497789, -0.0024931973992458195], [-0.49292810299811474, -0.7329969775924834, 0.3957186293154824, 0.14379025340855334, 0.10382446535229192, 0.6509205292626485, -0.3895955857844599, -0.16332034519890487, -0.2127715852470431, 0.3436832131375091, 0.7192348247433991, 0.4893430074233167, 0.060071537118925496]], "inverted": false, "swapped": false, "error_lsq": 0.04995476166092104, "error_max": 0.2659333073558356, "target": "490.xyz", "model": "28.xyz", "model_rescale": 4.156811204709835, "target_rescale": 3.8786974073688723},
