[{"mapping": [11, 12, 9, 8, 5, 3, 2, 6, 10, 7, 1, 4, 13, 14], "R": [[-0.7737283424639806, -0.5518333691388431, 0.31116616906857797], [-0.4381821875406616, 0.8208922273447874, 0.36624079730007486], [-0.457537782691246, 0.1470234123865567, -0.8769511352522391]], "T": [0.08638806585419556, 0.1716542766377588, 0.039011716688065246], "aligned_model": [[0.11799970821045139, 0.34910351942976725, -0.511689750260976, -0.19981508603458836, -0.7158220471171336, -0.299053505529227, -0.7063725632359662, -0.03995582222008692, -0.35383502089135516, 0.29204679006246526, 0.7152444160114637, 0.30033089460660123, 0.5049216844101029, -0.08161111631321424], [-0.7044817746753744, -0.30213465915065263, -0.4192751822437828, -0.3587289917901747, 0.25702105444109946, 0.3703213595439522, 0.10457813529351435, 0.5647303507308393, 0.7376290715478859, 0.09554685313532574, 0.3396536590920203, 0.7174922550737652, -0.2889464091576518, 0.12186760996926843], [0.1835581943011923, -0.3650702813697973, 0.34178624797615076, -0.24273480641905837, 0.4918950429461986, -0.48072514084517326, -0.09401874339804378, 0.5655946875289305, 0.09255297289868912, 0.8179629819620071, 0.35256195595480866, -0.042806282781282984, 0.21557734075375365, 0.06145391767145894]], "inverted": true, "swapped": true, "error_lsq": 0.04411349678731751, "error_max": 0.3079171310916912, "target": "491.xyz", "model": "0.xyz", "model_rescale": 3.8414455957264533, "target_rescale": 4.045325988872643},
{"mapping": [1, 13, 5, 3, 0, 2, 7, 9, 10, 6, 4, 8, 12, 8, 14], "R": [[0.47986846907625547, -0.5204563211094146, -0.7062941810631491], [-0.5720629876146006, -0.7959828319816536, 0.197876904645094], [-0.6651843282789125, 0.3090898720562033, -0.6797008609707742]], "T": [-0.04617095004899568, -0.0574411287408765, 0.08646969653212581], "aligned_model": [[-0.16304842147620918, 0.6021026094784014, -0.6849850638650782, -0.529146473047859, 0.4919159984644083, -0.33347529810167836, 0.38192308547545323, 0.3225286970292308, -0.5989630991119779, -0.5366809829281906, -0.0836780977526253, 0.015319897122464461, -0.09170625806254773, 0.015319897122464461, -0.0861665138274295], [-0.18001271439731706, 0.3357279918610606, -0.20854329420618598, -0.4215015912161588, -0.39210828277259385, -0.581018514489007, -0.4619071327752176, 0.00856195240125502, 0.33749296722338207, 0.026600178606047235, -0.5834638705062756, 0.6702717534472632, 0.6388304244567242, 0.6702717534472632, -0.04520639599077772], [-0.7619486874219163, 0.08393291469141727, 0.14484305144308357, -0.41109588295093463, -0.2656349773349088, 0.5199759367889493, 0.3435645242980802, 0.6567449314122472, 0.0038307215287212565, 0.688436589382483, -0.04661119565357076, 0.3880575515796026, -0.22243482560859035, 0.3880575515796026, 0.007004828445861741]], "inverted": true, "swapped": false, "error_lsq": 0.047326585337218494, "error_max": 0.33219419429725405, "target": "491.xyz", "model": "1.xyz", "model_rescale": 4.316132596720782, "target_rescale": 4.045325988872643},
{"mapping": [10, 6, 4, 8, 3, 2, 12, 9, 1, 5, 13, 14], "R": [[0.8775632212934895, 0.05630673977944426, 0.4761431966209371], [-0.2560670741717356, 0.8946292140992387, 0.3661532777475926], [-0.40535471646216387, -0.4432472451528479, 0.7995119970996621]], "T": [0.037689636942018094, 0.012268491191536298, -0.2080836061804994], "aligned_model": [[-0.0734852453163527, 0.4580825305828638, 0.18104621078140515, -0.4385131419541303, -0.5677255991910866, -0.5266247310328336, -0.2199830019415302, -0.14975685199566635, 0.6728134248152289, -0.03188932417396951, 0.3405201099975025, -0.046675825939650466], [-0.6188610641837492, -0.3580397181474002, -0.49010070233615777, 0.4600324463659467, -0.290202434412441, -0.07556779724750211, 0.49537011378071316, 0.5050889046956043, -0.01556881929752916, -0.1843604984396081, 0.5527797482637797, 0.032206248699324244], [0.1179626030914144, 0.15784377504453848, -0.48643393193245577, -0.08423647185564202, -0.22008139271280144, 0.3615652397010506, -0.6043098796655639, 0.5134141208557388, -0.5513629565712358, 0.6932640891709025, -0.39420208131283285, -0.054164652603691965]], "inverted": false, "swapped": true, "error_lsq": 0.051683601352913056, "error_max": 0.30878065193513804, "target": "491.xyz", "model": "2.xyz", "model_rescale": 3.795458400668931, "target_rescale": 4.045325988872643},
{"mapping": [1, 13, 12, 2, 4, 3, 8, 6, 9, 5, 0, 14], "R": [[-0.0871929995689952, 0.787917587559003, -0.6095762922238384], [0.06003627757922009, 0.6149506975273386, 0.7862768500884856], [0.9943807249743892, 0.031961145565214066, -0.10092303490069632]], "T": [0.02023576847150209, 0.017297048066194008, -0.06305901273601669], "aligned_model": [[-0.03602762771431526, -0.30369204032129904, -0.6238126381610546, 0.33901134803820787, 0.09662777744098038, -0.03210990133262355, -0.25974036349496765, 0.6356170266661143, 0.28951913700389587, 0.8191246342439217, -0.437530331023593, 0.10631680439829806], [-0.13915842962310387, -0.5054432645224525, -0.1297355836294561, 0.16112966737825848, 0.45673446349289926, 0.5496283178167379, -0.17229266931713275, 0.0064614179820202435, -0.5409326200934638, -0.0878176788040447, 0.498408879136516, -0.011213454527068702], [-0.7661621118139663, -0.26383785002677496, 0.07963184719581093, 0.6638247706692298, -0.45224256403740204, 0.35172233443142187, 0.5098885096898411, -0.3256417605341958, 0.5807058677273786, 0.39153897851392316, -0.16920000674361052, 0.08854341556744474]], "inverted": true, "swapped": true, "error_lsq": 0.049408059388876054, "error_max": 0.28458699257594877, "target": "491.xyz", "model": "3.xyz", "model_rescale": 3.7530521520055578, "target_rescale": 4.045325988872643},
{"mapping": [3, 5, 6, 7, 4, 11, 0, 8, 12, 13, 14], "R": [[-0.9673914921215071, 0.06517564509030901, -0.2447566878718253], [0.12106604309057781, -0.729807619743784, -0.6728475691969932], [-0.2224785701619695, -0.6805387376564057, 0.6981191247686253]], "T": [-0.01688348513733067, -0.1391885678431523, 0.027258207252898986], "aligned_model": [[-0.5317148069363482, -0.19228536347693057, 0.4062790718144447, 0.6039168674837503, 0.2763561983326162, -0.24010434603457437, -0.14928912146995865, -0.5925543909391091, -0.302871309479029, 0.18860000247687864, -0.12813319932653472], [-0.5782463179731405, -0.10232495820131476, -0.27994689301717046, 0.2825968862008339, -0.6432978569710432, 0.7130033510759015, -0.543344789241476, 0.18845566744114894, 0.14004329734974713, 0.39187419877028024, -0.10160922711942096], [0.008894710718382465, -0.8803799996708415, -0.471622286999971, -0.2753254627781795, 0.1286935579363334, 0.1432269147680941, 0.5482292262396486, 0.08932286837861333, 0.5722519284704598, 0.3342560500029713, -0.10471672982019478]], "inverted": true, "swapped": true, "error_lsq": 0.04771127815977168, "error_max": 0.26071778367628606, "target": "491.xyz", "model": "4.xyz", "model_rescale": 3.7855080009869324, "target_rescale": 4.045325988872643},
{"mapping": [10, 5, 13, 8, 7, 11, 4, 0, 14, 12, 6, 2, 9, 3, 16], "R": [[-0.6348152979060466, 0.21100057313451087, -0.74329556414751], [0.6295942076013943, -0.4164010631661762, -0.6559125615117082], [-0.4479069895628215, -0.8843579098594562, 0.13149302631616827]], "T": [-0.14072569425745127, -0.02326706426717897, 0.09584390433807703], "aligned_model": [[0.089433964866903, 0.6375546295878962, -0.7502749770464305, -0.3834040119903078, 0.3770755491111346, -0.45847752351948157, 0.4071944350968245, 0.46675304356683256, -0.6486536294582625, -0.6117917169430035, -0.09497769822329286, -0.13476031011624226, -0.21599476473470788, 0.21139729127851983, -0.16981430495755515], [0.1458039989681151, 0.13566066958701953, -0.41270305907560484, -0.34334986797536227, -0.432331160382173, -0.5632780633272804, -0.4269455296725546, 0.16432308831933334, 0.41495155661772243, -0.03758733764473334, -0.6741004431950562, 0.6190143326540278, 0.6289978384250355, 0.5737603911073297, 0.021778810683643034], [-0.5745334378823568, -0.05947820466915156, 0.05513866297518774, -0.4820523725458284, -0.25900523193179986, 0.5855970301015422, 0.38537458022873683, 0.5477879285982694, 0.18342844341458647, 0.586717610144122, 0.1158464491547492, 0.46084350562509546, -0.17947242825853454, 0.05129925274539414, 0.0992312444801154]], "inverted": false, "swapped": false, "error_lsq": 0.03472499433126587, "error_max": 0.18772699494645104, "target": "491.xyz", "model": "5.xyz", "model_rescale": 4.2253639853439635, "target_rescale": 4.045325988872643},
{"mapping": [7, 5, 8, 11, 9, 3, 12, 13, 10, 6, 2, 0, 1, 14], "R": [[0.8990603577882819, 0.3556406048197084, 0.2553629441737366], [0.4268297865987537, -0.841847694969426, -0.3303161996432006], [0.09750285291041097, 0.40597071160138687, -0.9086698933035002]], "T": [0.09523611987331301, 0.062249658385628695, 0.16171498980936827], "aligned_model": [[0.7158064661670398, -0.29173874718724746, -0.30604253831301753, 0.19775552254202108, -0.21915018615476453, -0.5192299849998019, 0.06906903211683613, 0.5342929922377266, -0.22639361775004227, 0.3029286414761711, -0.6269473769083829, -0.01806018690748641, 0.790360821455659, -0.02858868501692735], [0.0026234248375054253, 0.18613833032390548, -0.46689864015692983, -0.8098204462204573, -0.500376762416889, 0.2576080601667827, -0.43125772486861796, -0.40592831155181774, 0.643150649138964, 0.4744203343712502, 0.01631863109899616, 0.2411733388539355, 0.21948304588390732, 0.018465217174454818], [-0.35422113220650253, -0.6694491988666478, 0.20142991768313065, 0.025733868832327145, -0.4573002583847393, 0.3676924562348961, 0.6227392544302872, 0.24256826749951985, -0.1141452130327194, -0.32278511709005153, -0.19466551581957414, 0.8000210056741865, 0.28036222023737456, 0.04357765373996081]], "inverted": false, "swapped": true, "error_lsq": 0.03894335307862112, "error_max": 0.21677905050533272, "target": "491.xyz", "model": "6.xyz", "model_rescale": 3.89814844738969, "target_rescale": 4.045325988872643},
{"mapping": [13, 11, 8, 1, 3, 9, 7, 4, 6, 5, 2, 10, 14], "R": [[0.4170065935333538, -0.16094495938857203, 0.8945402288310564], [0.9064908256382785, 0.14530894899664237, -0.3964337175053646], [-0.0661806919224952, 0.976207984698395, 0.20648991894946758]], "T": [0.07727942600161107, -0.0885029185449652, -0.04963099176546572], "aligned_model": [[-0.08634907728518128, -0.07689632945558898, 0.33920811600549755, -0.20579444964777915, 0.581838172653489, -0.2593424616628394, -0.6926531912462983, 0.1755058617720805, -0.4493417346618659, -0.4097383992326135, 0.17402008702159638, 0.01142845668477134, 0.04674674995895399], [-0.2804310275759726, 0.24698653997716954, 0.40778778465896404, -0.7429920272482443, 0.2000032561808269, 0.688893425071199, -0.2780324262080289, -0.5093145366589219, -0.16457255241861365, 0.5806001318619957, 0.6633479674003394, 0.06794264196324004, 0.08356208846653249], [-0.6453558570298895, -0.85782899979513, -0.40696648976212696, -0.16586799833388416, 0.2972765956143444, -0.3340738612090236, -0.21129501079817176, 0.3549354021564675, 0.3561334315167245, 0.36394681850589605, 0.22609934188040043, 0.6490670382383826, -0.023795380147693973]], "inverted": true, "swapped": true, "error_lsq": 0.04541517738444439, "error_max": 0.2104012746914193, "target": "491.xyz", "model": "7.xyz", "model_rescale": 3.7474275329858107, "target_rescale": 4.045325988872643},
{"mapping": [1, 13, 6, 0, 12, 7, 11, 9, 3, 5, 10, 8, 2, 4, 14], "R": [[-0.6496971375997875, -0.621395648304994, -0.43790532956594497], [-0.7538142471191043, 0.6010858257665588, 0.265442858074562], [0.09827364974855012, 0.5025567414035457, -0.8589406332424545]], "T": [-0.04054797282558715, -0.03948363738561778, 0.054681296482120216], "aligned_model": [[-0.11523521483448496, 0.8125449378592947, -0.7609254030485791, -0.5083267862940243, 0.42865341292433307, -0.22779005431821883, 0.33702024180538276, 0.09663406917636347, -0.7044944526628175, -0.5121606681626361, -0.13054849779531238, -0.14238387737551633, -0.16281361083855114, 0.32213498961678205, -0.011049109533189223], [0.12889573573021862, 0.20768970592808877, -0.40254669294870576, -0.254573282040448, -0.3334077057149477, -0.4652452290689254, -0.39696037249310023, -0.03766664196296641, 0.2312565418093897, 0.032913635992718966, -0.7917756288866469, 0.5342312557471447, 0.7072406277206726, 0.649979861217481, 0.003963414059488073], [-0.6739283539069443, -0.08406182149815702, 0.18188064439026372, -0.35657612176013037, -0.2175342807107462, 0.5522203420751471, 0.3954636063914574, 0.8040264946172703, 0.0577414052739375, 0.5888737378608744, 0.019752444270067095, 0.4092105418183621, -0.3141594300010046, 0.12766758761632865, 0.026146235743401993]], "inverted": true, "swapped": false, "error_lsq": 0.046433515976380985, "error_max": 0.42793339632131056, "target": "491.xyz", "model": "8.xyz", "model_rescale": 4.019505241142653, "target_rescale": 4.045325988872643},
{"mapping": [8, 13, 0, 3, 2, 10, 4, 9, 5, 7, 1, 6, 14], "R": [[-0.12915294421280307, -0.9643478224403732, -0.23098223818223546], [0.9566718855527028, -0.059874274735238, -0.28494556430652795], [0.2609567404651602, -0.2577757719015493, 0.9302973884873371]], "T": [-0.07036167453236218, 0.009065431247882103, -0.09606366266571889], "aligned_model": [[-0.3109703740211661, -0.7035167627109016, 0.013416074196973785, 0.3707027887484445, 0.334723483610461, 0.6337286769271491, 0.26697620290378254, -0.2559459508998397, 0.3947298013362047, -0.34132801266679824, -0.32254474829897867, 0.2594723701468795, -0.019742777531035025], [-0.5778574858866683, 0.11307665945085135, 0.23049114884453598, -0.28609985766398477, -0.6864095027920187, -0.006611928371284551, 0.47584366483886165, -0.7457953172525095, -0.4914147082905222, 0.282315065775321, 0.6673960671933439, 0.2371778263432074, -0.14873340407507502], [-0.2966346025720289, -0.013631266487116656, -0.725536654029417, -0.5161824640920443, -0.04233882801373094, 0.04885527353982283, -0.232906838627895, 0.34474337339250083, 0.5277483349029763, 0.6158104872060559, 0.062057573300962426, 0.43959988979249465, -0.03488078426870134]], "inverted": false, "swapped": true, "error_lsq": 0.047250642349459186, "error_max": 0.3146044428992647, "target": "491.xyz", "model": "9.xyz", "model_rescale": 3.877068213659057, "target_rescale": 4.045325988872643},
{"mapping": [10, 13, 0, 11, 6, 5, 3, 4, 8, 1, 12, 7, 9, 2, 15], "R": [[0.16799580481880363, -0.3891179234212713, 0.905739836396523], [-0.9637629534629331, 0.12830328025790208, 0.23387868181488117], [-0.20721577907024027, -0.9122091371759986, -0.35346302629402915]], "T": [0.010126751115400456, 0.007926591153701914, 0.04822114473705998], "aligned_model": [[0.025704792253627068, 0.7598606718523102, -0.6974526102157599, -0.5326201384275624, 0.3791244608468768, -0.21804870322235878, 0.35522350574926853, 0.230355683987904, -0.6288376117251058, -0.5250994184405133, -0.19799138668708233, -0.26360958186083633, -0.1177304194145411, 0.2203643278385591, -0.06798359601595907], [-0.059484787260251255, 0.18038316821402473, -0.3519020659553512, -0.16402116177653525, -0.4083241576959247, -0.5163884382929521, -0.3861632998715185, 0.17102105785383745, 0.43863285705519744, -0.04822301098367695, -0.695491362105478, 0.538049062877468, 0.5198491339992046, 0.6326761493691915, -0.036617920337774064], [-0.6577702221751032, -0.02791211401868627, 0.10839439938622175, -0.4213691665102923, -0.21801292411945952, 0.5811612484791607, 0.40649859373591424, 0.6670830774834582, 0.008983518138170742, 0.7288728763926497, -0.09350125809263732, 0.6052895017624935, -0.34830522004884523, 0.12466399131297881, 0.052646730454104146]], "inverted": false, "swapped": false, "error_lsq": 0.0396719432357909, "error_max": 0.27536268716551504, "target": "491.xyz", "model": "10.xyz", "model_rescale": 4.260839863003843, "target_rescale": 4.045325988872643},
{"mapping": [2, 8, 0, 3, 4, 10, 5, 9, 13, 1, 6, 14], "R": [[-0.39459986349443293, 0.3864846829068541, 0.8336189402890049], [0.349223056732625, -0.7760783224864483, 0.5251149340981862], [0.8499024675670126, 0.4983292357919702, 0.17127103776907016]], "T": [-0.043590731749860834, -0.07940787884757865, 0.10493416618424323], "aligned_model": [[0.2226940293284666, 0.3398047757676346, -0.5886199795621658, -0.3227506129937563, -0.5933687109671723, -0.31266854025576063, 0.3940023034298746, 0.786134701494618, 0.2628854110838105, -0.2434377606454962, -0.051909711679066994, 0.06613274409314436], [0.0376406736861455, -0.5113685625446864, -0.47031393185945264, -0.21843100087873946, 0.1180239844734945, 0.43975541564366866, 0.5620918994059829, -0.01804344035729559, -0.3596212426985551, 0.04913324431741699, 0.5828946453968181, -0.03868317905186365], [-0.647433954785141, -0.2252439848458544, 0.055741857847042095, -0.49581748641781775, 0.20069245892253376, -0.31346409781383966, -0.3979795733093666, -0.22119039194635565, 0.6009700981604718, 0.7872362978527836, 0.20005179972390233, -0.02738494599285418]], "inverted": false, "swapped": true, "error_lsq": 0.04645584248326512, "error_max": 0.25583973631289125, "target": "491.xyz", "model": "11.xyz", "model_rescale": 3.890672605050136, "target_rescale": 4.045325988872643},
{"mapping": [3, 0, 12, 2, 8, 6, 4, 5, 10, 7, 11, 13, 9, 14], "R": [[0.9479706709921181, -0.11733173676735006, 0.2959474116898315], [-0.11868822708499599, -0.9928405515495475, -0.013444104663782524], [0.295406011601277, -0.022380856684845334, -0.9551096196583293]], "T": [-0.013199764803553685, 0.03527190769449234, -0.04676270506432251], "aligned_model": [[0.49821504031337815, 0.1576748881464507, 0.31350028545794917, 0.5655067648547575, 0.5659302744264952, -0.47302267132426506, -0.2985772202079283, 0.0931733868657569, -0.02565812678203644, -0.6545508192660687, 0.21922617111630516, -0.19422742518845315, 0.35487669547474177, 0.08780859090661099], [-0.3207363470881366, 0.09837795432500002, 0.5983501936129365, -0.40641662830274916, 0.28318389330437227, -0.3889409253211368, -0.24139165244197902, -0.5762886617743636, -0.6834105340011944, 0.1621998395845362, 0.7166289592248813, 0.6408697130970603, 0.0847834466065051, -0.03505673099796732], [-0.31109816521551253, -0.6941449617794684, -0.22838744859792365, 0.30062140047770075, 0.16712465761681686, 0.1906558498159694, -0.4854217983866778, 0.6392477043198899, -0.06495165525644642, 0.43011364103911226, 0.47404254949344743, 0.09100189665024389, 0.7660321295670307, 0.07995463561267899]], "inverted": true, "swapped": true, "error_lsq": 0.05529600907264598, "error_max": 0.368755701555493, "target": "491.xyz", "model": "12.xyz", "model_rescale": 4.124412569039231, "target_rescale": 4.045325988872643},
{"mapping": [4, 12, 8, 1, 3, 10, 13, 6, 11, 7, 5, 9, 14], "R": [[-0.8747910002684163, -0.4598822190480252, 0.15247639310020544], [-0.4263034970392001, 0.8801496461837732, 0.20881074860918397], [-0.23023039386999455, 0.11766454404808346, -0.965996387577316]], "T": [0.04403563782346879, 0.043624391234907654, 0.135322860178841], "aligned_model": [[-0.1825903305413274, -0.10333103095169469, 0.4127058733246831, -0.6437614545386819, 0.5121660889045974, 0.42906530103869045, -0.372049478636924, 0.03862832850068197, 0.03837491323704698, -0.3073727454421122, 0.7333057062251518, 0.6052008359297104, 0.20695630045993568], [-0.46344614901627984, 0.5916630986231967, 0.5802777485552493, -0.10915295523014207, -0.11378873601819492, -0.5618770466706691, 0.5107565480368985, -0.4297696503043168, 0.8897464248652932, 0.027245892941587434, -0.1774404635207889, 0.5290068079018793, 0.07426385634476489], [0.3400787035312126, 0.5023572816104731, 0.27201664348521415, -0.02465243893835173, 0.5981783495040535, 0.08938085507888041, -0.029478611780823283, -0.3375725253968632, -0.13588337303811293, -0.5934410366981606, -0.44084461730145763, -0.3627380259834407, 0.07429687689521547]], "inverted": false, "swapped": true, "error_lsq": 0.04501368587934552, "error_max": 0.24920300049790906, "target": "491.xyz", "model": "13.xyz", "model_rescale": 3.9028299243045295, "target_rescale": 4.045325988872643},
{"mapping": [14, 11, 4, 10, 9, 3, 6, 1, 5, 0, 7, 8, 13, 12, 15], "R": [[-0.33184783235119464, 0.9127917708193762, -0.23809283754082333], [0.9214476336062267, 0.2596030554867992, -0.28903375599296877], [-0.20201800584427762, -0.3153053071331742, -0.9272385284317926]], "T": [-0.09111630815260613, 0.023391412569471512, 0.22243685870027557], "aligned_model": [[0.2367291670297032, 0.572129773296068, -0.7175869754872102, -0.39229612355171445, 0.3584688688669088, -0.27661758599443287, 0.3150391633718889, 0.5157974079069274, -0.4627795319380237, -0.6884895857089368, -0.18329256523591358, -0.41131377325185475, -0.2357059019417406, 0.14067802134891352, -0.04950038219175633], [0.08813652326594125, 0.16832956564742418, -0.22666685807549602, -0.19814763033522725, -0.47139044930289736, -0.4539415790315926, -0.45824767850124615, 0.06423398258593999, 0.34134041100853574, -0.010271855937891539, -0.7836066821227061, 0.6284785511537487, 0.5257527112638095, 0.6663395021627423, -0.0663432886916226], [-0.5969385545422383, -0.06903227442235355, 0.15634118460512236, -0.4222055020812692, -0.16987619771017026, 0.5780095464680215, 0.4403124680569107, 0.45088024660210113, 0.07118635082615526, 0.7962211046148329, -0.17866857460931868, 0.5799984584583184, -0.37704485639807933, 0.09155740324530176, 0.1659822290667935]], "inverted": false, "swapped": false, "error_lsq": 0.043492034702724516, "error_max": 0.22793449058275214, "target": "491.xyz", "model": "14.xyz", "model_rescale": 3.942246331269136, "target_rescale": 4.045325988872643},
{"mapping": [12, 13, 2, 1, 12, 7, 8, 11, 5, 9, 0, 10, 3, 4, 14], "R": [[-0.24003922084996684, -0.1959781674314517, 0.9507753311608116], [0.937338068741403, -0.3015843005674266, 0.174482820184088], [0.2525440898969476, 0.9330806329259365, 0.25608985750446356]], "T": [-0.08151562648376952, 0.058973349630388736, 0.205794042672363], "aligned_model": [[0.2749420817457734, 0.6663734340255943, -0.697474230967944, -0.34380280180946377, 0.2749420817457734, -0.4117007375393703, 0.3100556789058943, 0.5055663069060001, -0.6563289041288101, -0.6466922603901608, -0.2474956544973086, -0.14166422515656713, -0.21247110184285772, 0.15517575085201302, -0.10816544132973965], [-0.08056117099479206, 0.18678877037533997, -0.3886269050069715, -0.09778277300665643, -0.08056117099479206, -0.5664151879115851, -0.5633910117888026, 0.15566019044824386, 0.11067898767346589, 0.1262852634717099, -0.6372908717998474, 0.6278577175737435, 0.4480152090229659, 0.590740987913762, -0.017402809886322035], [-0.5163861827287424, -0.08619057660668139, 0.15197092264049566, -0.5447220407369712, -0.5163861827287424, 0.6862588984915485, 0.44698989818921897, 0.6059158778132896, -0.05820554260503491, 0.7751856345260022, 0.03731779174948291, 0.6321193152407978, -0.38415936702579956, 0.136049166932146, 0.1509654190291183]], "inverted": false, "swapped": false, "error_lsq": 0.04938278306671946, "error_max": 0.319172320792548, "target": "491.xyz", "model": "15.xyz", "model_rescale": 4.355366556412066, "target_rescale": 4.045325988872643},
{"mapping": [10, 6, 4, 8, 3, 2, 12, 9, 1, 5, 13, 14], "R": [[0.8775632212934895, 0.05630673977944426, 0.4761431966209371], [-0.2560670741717356, 0.8946292140992387, 0.3661532777475926], [-0.40535471646216387, -0.4432472451528479, 0.7995119970996621]], "T": [0.037689636942018094, 0.012268491191536298, -0.2080836061804994], "aligned_model": [[-0.0734852453163527, 0.4580825305828638, 0.18104621078140515, -0.4385131419541303, -0.5677255991910866, -0.5266247310328336, -0.2199830019415302, -0.14975685199566635, 0.6728134248152289, -0.03188932417396951, 0.3405201099975025, -0.046675825939650466], [-0.6188610641837492, -0.3580397181474002, -0.49010070233615777, 0.4600324463659467, -0.290202434412441, -0.07556779724750211, 0.49537011378071316, 0.5050889046956043, -0.01556881929752916, -0.1843604984396081, 0.5527797482637797, 0.032206248699324244], [0.1179626030914144, 0.15784377504453848, -0.48643393193245577, -0.08423647185564202, -0.22008139271280144, 0.3615652397010506, -0.6043098796655639, 0.5134141208557388, -0.5513629565712358, 0.6932640891709025, -0.39420208131283285, -0.054164652603691965]], "inverted": false, "swapped": true, "error_lsq": 0.051683601352913056, "error_max": 0.30878065193513804, "target": "491.xyz", "model": "16.xyz", "model_rescale": 3.795458400668931, "target_rescale": 4.045325988872643},
{"mapping": [13, 11, 8, 1, 3, 9, 7, 4, 6, 5, 2, 10, 14], "R": [[0.4170065935333538, -0.16094495938857203, 0.8945402288310564], [0.9064908256382785, 0.14530894899664237, -0.3964337175053646], [-0.0661806919224952, 0.976207984698395, 0.20648991894946758]], "T": [0.07727942600161107, -0.0885029185449652, -0.04963099176546572], "aligned_model": [[-0.08634907728518128, -0.07689632945558898, 0.33920811600549755, -0.20579444964777915, 0.581838172653489, -0.2593424616628394, -0.6926531912462983, 0.1755058617720805, -0.4493417346618659, -0.4097383992326135, 0.17402008702159638, 0.01142845668477134, 0.04674674995895399], [-0.2804310275759726, 0.24698653997716954, 0.40778778465896404, -0.7429920272482443, 0.2000032561808269, 0.688893425071199, -0.2780324262080289, -0.5093145366589219, -0.16457255241861365, 0.5806001318619957, 0.6633479674003394, 0.06794264196324004, 0.08356208846653249], [-0.6453558570298895, -0.85782899979513, -0.40696648976212696, -0.16586799833388416, 0.2972765956143444, -0.3340738612090236, -0.21129501079817176, 0.3549354021564675, 0.3561334315167245, 0.36394681850589605, 0.22609934188040043, 0.6490670382383826, -0.023795380147693973]], "inverted": true, "swapped": true, "error_lsq": 0.04541517738444439, "error_max": 0.2104012746914193, "target": "491.xyz", "model": "17.xyz", "model_rescale": 3.7474275329858107, "target_rescale": 4.045325988872643},
{"mapping": [1, 7, 13, 6, 0, 3, 12, 9, 4, 8, 10, 5, 2, 14], "R": [[-0.14833443276236435, -0.9888083377057765, 0.015967696784657148], [0.4745410041844599, -0.08533490494970963, -0.8760872041896448], [0.8676449339474483, -0.12237657161713245, 0.48188820624141115]], "T": [0.1049693382527919, -0.1411089833449486, 0.007144676942280048], "aligned_model": [[0.3702505769611648, 0.22691527586823726, 0.7085426823357434, -0.31850241553356806, 0.1885380556685868, -0.25112428432902134, 0.6677688215881714, 0.11709854607835742, -0.14957576072792547, 0.33325350504215656, -0.612161119576236, -0.5335077106008995, -0.3606629698156192, 0.02801444492372858], [-0.44554348452353076, 0.20213491285747276, -0.018237069019469018, -0.017991066551001078, -0.7379891053494607, -0.3115749252664074, -0.23073627874656064, 0.7303173923692128, -0.6388505497345622, 0.19438237502426237, -0.190288725552207, 0.5271581075299906, 0.2972629405991205, 0.0003637178743733094], [-0.5919741368700262, -0.7154656886392675, -0.19059381754203933, -0.4961195236195821, 0.30553149950163677, 0.5569618378793455, 0.3704645303136449, 0.2047201570177422, -0.1874444887061809, 0.5343369061293117, -0.010053000351735605, -0.03406227209856616, 0.4987566550960302, 0.07973606055134143]], "inverted": true, "swapped": true, "error_lsq": 0.03709282509432001, "error_max": 0.2063930418658887, "target": "491.xyz", "model": "18.xyz", "model_rescale": 3.922800546911778, "target_rescale": 4.045325988872643},
{"mapping": [5, 0, 4, 8, 1, 10, 2, 9, 13, 11, 6, 7, 12, 3, 14], "R": [[-0.06885272359947775, 0.5860779541247724, -0.8073239338344029], [-0.11550055915617224, 0.7991195801851643, 0.5899724717300787], [0.9909182223006829, 0.13386757730536591, 0.01267077183309688]], "T": [-0.11134285650800539, -0.039935878809732796, 0.022352528288295356], "aligned_model": [[0.1847834678443679, 0.6766131073336054, -0.6870477193764375, -0.43006896936230204, 0.33413640202317413, -0.18476710116949296, 0.41450776103943393, 0.1998417287404643, -0.7434874657219794, -0.5259405990836301, -0.2741575450733281, -0.21805995068046558, -0.20182678490018602, 0.28778276192803437, -0.1110491170224313], [0.20373388953279273, 0.16309267519228945, -0.4226205721341462, -0.18099598477502452, -0.5571725534277396, -0.5506325842815798, -0.2688201212012989, 0.07329259911764494, 0.22744126217563956, 0.045327023665848946, -0.7026625853655986, 0.6172393530157416, 0.6836970736262982, 0.44843337145766016, 0.03464237849093436], [-0.6375474370149072, -0.16829752018577243, 0.2367901076838026, -0.4805454390087198, -0.2639994868686832, 0.6423512400445357, 0.45156354212368355, 0.7660504855296548, 0.0491182589972757, 0.5951374461077508, -0.07790943617532317, 0.46387624854030574, -0.27223541005600455, 0.12885820741583578, 0.0835122250466936]], "inverted": false, "swapped": false, "error_lsq": 0.047961863646367425, "error_max": 0.3066426466113441, "target": "491.xyz", "model": "19.xyz", "model_rescale": 3.9282355846067225, "target_rescale": 4.045325988872643},
{"mapping": [9, 5, 6, 2, 8, 10, 3, 4, 12, 13, 7, 11, 1, 14], "R": [[0.8520768775165639, -0.42643495925385033, -0.3035098356359959], [-0.07439612237308177, 0.47530516645056625, -0.8766699582632272], [0.5181025108774051, 0.7695701555229167, 0.3732714346838797]], "T": [0.08629345129219052, 0.03294035480934779, 0.03384777187306851], "aligned_model": [[-0.6604918940297524, -0.17391154758541089, 0.44700028415186427, -0.4054472017891422, -0.5572352607133175, 0.34041378178313997, -0.04458852365047039, 0.6374960287663503, -0.2482471369686537, -0.04823791785849582, 0.2745773208342964, -0.6015825477485803, 0.6109421932508017, -0.03816475935795299], [-0.45679015185206306, -0.7540492801100969, -0.5269250162746029, -0.22269661497896628, 0.19609896609286273, -0.2815601984513667, 0.2822638935117989, 0.15099330259481977, 0.5592253871439392, 0.1255490348367237, -0.5409177319195635, 0.010991289535613319, 0.04250362768138076, -0.06180442038564332], [0.06614011086218635, -0.37709326087627215, -0.03097930770885137, -0.5522465864587419, -0.00916179974641241, -0.5607132092918811, -0.5816746871351304, -0.14682883928581153, 0.29439390199983567, 0.6598060327151466, 0.5724468854938682, 0.5958550752158825, 0.5304865697489365, -0.04824772828907214]], "inverted": false, "swapped": true, "error_lsq": 0.03878151139121409, "error_max": 0.2126339012235602, "target": "491.xyz", "model": "20.xyz", "model_rescale": 4.067790424073018, "target_rescale": 4.045325988872643},
{"mapping": [2, 6, 7, 0, 4, 1, 5, 13, 12, 9, 8, 12, 3, 11, 14], "R": [[-0.8373437911230562, -0.2651071750453717, 0.47809367409235864], [0.489971732256643, -0.751807326187316, 0.441263465381515], [0.24245221602842154, 0.603741608662631, 0.7594162184944211]], "T": [-0.015616200927920432, -0.042118054824922285, 0.10672209909568806], "aligned_model": [[0.08478569500863262, 0.6241402579535007, -0.6333639511199667, -0.506177610994484, 0.4320150755815233, -0.26852188370853175, 0.33595238575979547, 0.3437216411315261, -0.49822091331150214, -0.6142427274481961, -0.11820278965811108, -0.49822091331150214, -0.06767253603136231, 0.14571034226640897, -0.040442095598904326], [0.008052035438484345, 0.19351316495255896, -0.4566697364442194, -0.10828887800810824, -0.5177899091094901, -0.5299369175993784, -0.48212909901526824, 0.01315795783977955, 0.5379281169469609, 0.011745682593422395, -0.5949883160783718, 0.5379281169469609, 0.6645754464824826, 0.5468194857272115, -0.009921925583563057], [-0.6288894511631693, -0.18093482204658565, 0.1632780679059244, -0.402619588412534, -0.3578583805505037, 0.7161288384886226, 0.2835155681572159, 0.7050066323782641, 0.23958668089095395, 0.599464302490615, 0.011967876185578125, 0.23958668089095395, -0.36404265089765975, 0.3192275667159826, 0.1733057111464694]], "inverted": false, "swapped": false, "error_lsq": 0.04807475357816403, "error_max": 0.3358189576454546, "target": "491.xyz", "model": "21.xyz", "model_rescale": 4.186013935880536, "target_rescale": 4.045325988872643},
{"mapping": [3, 0, 4, 5, 9, 10, 2, 8, 1, 13, 11, 7, 14], "R": [[0.5494858732202338, -0.7986432285973939, 0.24542670707754755], [0.8341896473352499, 0.5408826454263286, -0.10758064953934925], [-0.04682848929966596, 0.2638464653774003, 0.9634272859421014]], "T": [0.018026472792493083, 0.07779569396861766, -0.09626204429781848], "aligned_model": [[-0.08987148171811919, -0.18021626238378974, 0.39078423382411775, 0.4251337137701484, -0.22673094334780225, 0.5462217717114507, -0.04088571726858356, -0.5479664823649687, 0.27883438336180466, -0.28879616216268017, -0.6070509883281713, 0.392691621841987, 0.006426348487831263], [-0.4146996644265345, 0.21721353296211351, 0.24856783254301038, -0.6154987325957764, -0.42074701262224357, -0.36346475932419453, -0.7220631247339926, -0.23975840131465606, 0.7510257857358036, 0.5415572289547093, 0.17296888252355466, 0.44365062984897485, -0.07979553800467551], [-0.5478886259237903, -0.7235951221535307, -0.5232202928330497, 0.3614915922218031, 0.6038208745405352, -0.304323187363235, -0.010117101964235806, 0.05006338118685158, -0.0690897881165164, 0.23431912661927856, 0.5280196167435917, 0.5206894257601812, -0.01729033738253745]], "inverted": false, "swapped": true, "error_lsq": 0.04680913764148505, "error_max": 0.33114303192493133, "target": "491.xyz", "model": "22.xyz", "model_rescale": 4.166573947596378, "target_rescale": 4.045325988872643},
{"mapping": [4, 2, 10, 8, 3, 14, 12, 6, 7, 13, 9, 5, 0, 1, 15], "R": [[0.621791397992546, -0.040959710281209816, -0.7821110915440048], [-0.7106287564945707, 0.39027284726147893, -0.5854006108071621], [0.32921456198876653, 0.9197876966040031, 0.21356115131373232]], "T": [-0.011847572210810356, -0.14182327791975993, 0.08093411730260834], "aligned_model": [[0.1622502601239456, 0.6064533210231563, -0.7262975851942794, -0.39315351690219325, 0.3340208377095113, -0.34814006961914584, 0.28004057663412846, 0.45131942255515567, -0.6107349638319787, -0.562818804929201, -0.16267272390151893, -0.3043354953639409, -0.23228134997054517, 0.22945051703019892, -0.0018404488444663872], [0.16862048950047007, 0.09631666107083128, -0.2171208413133767, -0.19745161433992614, -0.3629102689480463, -0.5874390507383884, -0.4350035374043961, 0.23280140982791905, 0.2481296902877431, 0.0354776573215049, -0.6943393596494599, 0.5220216698845763, 0.5508694189294849, 0.5289032490824412, -0.07488034842191525], [-0.5618474361125989, -0.03655040964765893, 0.2926714286083479, -0.6301146890048931, -0.3582950227066938, 0.6415692057713618, 0.5890955082421534, 0.5544743059416312, 0.05523932418090469, 0.6988404354246147, -0.0991406430877035, 0.48691771461359823, -0.29100880868511125, 0.08046617356162829, 0.09440594508054738]], "inverted": false, "swapped": false, "error_lsq": 0.04035964718973053, "error_max": 0.25013755993439696, "target": "491.xyz", "model": "23.xyz", "model_rescale": 4.274766983524099, "target_rescale": 4.045325988872643},
{"mapping": [7, 13, 11, 9, 8, 2, 5, 3, 4, 0, 14], "R": [[-0.9190966612117639, 0.2613560124565524, 0.29488025044447924], [-0.06019053669287636, -0.8327065351313566, 0.5504333980075652], [0.38940778965245654, 0.48815249779381603, 0.781068954866116]], "T": [0.15816102062502072, 0.14745773925846095, 0.0744305706201134], "aligned_model": [[0.39448597840339583, 0.13514701596094383, -0.42749625441108974, -0.603695204235185, -0.47147191401157673, -0.4393024309365813, -0.2175749504055758, -0.05575693704581594, 0.6785670241230222, 0.3710988428198668, 0.01589353369667032], [-0.12847775500111724, 0.5388222059382964, 0.4845462489011017, -0.16331216658033088, 0.357969590782441, -0.2821318030375753, -0.6964036176989179, 0.0960573347444961, 0.09094996417274404, 0.5741849303189617, 0.04338159870338337], [-0.6486621217546598, -0.44015956825561375, -0.5025306528581827, -0.27423011624685856, 0.11740599209770834, 0.4048181858265, 0.022929603479927424, 0.7145534663684556, 0.350816678434804, 0.5486095397238078, 0.08601542720568837]], "inverted": true, "swapped": true, "error_lsq": 0.053202994996426604, "error_max": 0.24027085809165352, "target": "491.xyz", "model": "24.xyz", "model_rescale": 3.7841303162186577, "target_rescale": 4.045325988872643},
{"mapping": [1, 0, 5, 4, 8, 12, 9, 10, 3, 13, 2, 11, 6, 7, 15], "R": [[0.17043512625141716, -0.4545548846583018, 0.8742606731249792], [-0.9773449357936603, -0.19097903720045434, 0.09123532116715394], [0.12549400072573086, -0.8700039449239674, -0.476806450877696]], "T": [0.01753684987141775, -0.0066934374797667905, 0.15085567400729213], "aligned_model": [[0.25143281113593013, 0.605290853518152, -0.7051230607182543, -0.41545498754090576, 0.34350600045501073, -0.44149106110514863, 0.16171002813564228, 0.5645990622408642, -0.7652230659341367, -0.4970452329764294, -0.13254177014844953, -0.20883491079901245, -0.345362138761382, 0.3338384367708149, -0.028040987753868277], [-0.04340856969404655, 0.2377584632357679, -0.48267412470148346, -0.10974466080857424, -0.3444950890748564, -0.4770621151270608, -0.48618981528350286, 0.17869434606419565, 0.1751742445812873, 0.12321842660107103, -0.7044275519139598, 0.6388404968878975, 0.5085045451325089, 0.5611980555907031, 0.03860857359951478], [-0.5541131708176699, -0.21808666401504764, 0.007524642956256128, -0.44797890829661213, -0.20843799513579706, 0.5292979951884218, 0.4532428874744171, 0.6720172715826531, 0.09417280125924035, 0.7255975159276921, -0.09294043198065566, 0.4993801849293501, -0.20255883475622963, 0.13478961277951024, 0.12481612508459974]], "inverted": true, "swapped": false, "error_lsq": 0.046419975933610615, "error_max": 0.2674505911176664, "target": "491.xyz", "model": "25.xyz", "model_rescale": 4.19342608120988, "target_rescale": 4.045325988872643},
{"mapping": [10, 6, 4, 8, 3, 2, 12, 9, 1, 5, 13, 14], "R": [[0.8775632212934895, 0.05630673977944426, 0.4761431966209371], [-0.2560670741717356, 0.8946292140992387, 0.3661532777475926], [-0.40535471646216387, -0.4432472451528479, 0.7995119970996621]], "T": [0.037689636942018094, 0.012268491191536298, -0.2080836061804994], "aligned_model": [[-0.0734852453163527, 0.4580825305828638, 0.18104621078140515, -0.4385131419541303, -0.5677255991910866, -0.5266247310328336, -0.2199830019415302, -0.14975685199566635, 0.6728134248152289, -0.03188932417396951, 0.3405201099975025, -0.046675825939650466], [-0.6188610641837492, -0.3580397181474002, -0.49010070233615777, 0.4600324463659467, -0.290202434412441, -0.07556779724750211, 0.49537011378071316, 0.5050889046956043, -0.01556881929752916, -0.1843604984396081, 0.5527797482637797, 0.032206248699324244], [0.1179626030914144, 0.15784377504453848, -0.48643393193245577, -0.08423647185564202, -0.22008139271280144, 0.3615652397010506, -0.6043098796655639, 0.5134141208557388, -0.5513629565712358, 0.6932640891709025, -0.39420208131283285, -0.054164652603691965]], "inverted": false, "swapped": true, "error_lsq": 0.051683601352913056, "error_max": 0.30878065193513804, "target": "491.xyz", "model": "26.xyz", "model_rescale": 3.795458400668931, "target_rescale": 4.045325988872643},
{"mapping": [4, 6, 1, 0, 12, 2, 5, 3, 9, 13, 8, 11, 14], "R": [[0.8936117543041405, 0.23176729729957002, 0.38437215361148275], [-0.2818395292786869, 0.9562323491884338, 0.07865223519734041], [-0.3493200714322679, -0.1786158287163326, 0.9198216530537501]], "T": [-0.018411913244670217, -0.14407214818962033, -0.15669917197929914], "aligned_model": [[0.10608495191128119, 0.29183391544253284, 0.6549770482125762, -0.22654200499182237, -0.15092003786822755, -0.6718711167906108, -0.2521652133897515, -0.6460618709798555, -0.2571295631116376, 0.37224593827851643, -0.45134179078040637, 0.05356623308581669, -0.12300010619715511], [-0.5782541888808207, -0.6541297821448327, -0.18510808005251034, -0.14174306001665476, 0.45595029323096425, -0.28057005021922576, -0.5436588447667482, -0.3359389967667128, 0.17852395776486685, 0.37156082064063833, 0.3279393232399378, 0.6571232932190101, -0.14981318199099775], [-0.5393103372926227, 0.14554235244106964, -0.4152745247607297, -0.7961995603367387, -0.4381104245577936, 0.296097823512505, 0.6443137654308841, -0.3222372607432431, 0.6417447849549602, -0.1538910200974328, 0.023235957548318698, 0.2206764653507334, -0.01445135935048511]], "inverted": false, "swapped": true, "error_lsq": 0.05329971306999574, "error_max": 0.33315335736909646, "target": "491.xyz", "model": "27.xyz", "model_rescale": 3.6321398670334006, "target_rescale": 4.045325988872643},
