[{"mapping": [5, 6, 1, 2, 11, 7, 8, 12, 9, 13], "R": [[-0.30348494437601303, -0.47708425527428844, 0.8247954303380117], [0.67744932971515, -0.7167508779682941, -0.1653196437214091], [0.6700442479460459, 0.5085850885555507, 0.5407235092848846]], "T": [0.006953881268538624, 0.18219100265649196, -0.09706368371963793], "aligned_model": [[-0.6843011490304169, 0.03730578888207598, -0.1680781424286712, 0.6755200248214092, -0.4410128744856443, 0.34118321665041235, -0.10930589609763783, -0.02329673140561856, 0.5275936930553798, 0.044239625276747664], [0.01965120721475999, -0.42997239667059045, 0.6959903439176849, 0.09935544224163384, -0.10902035626094725, -0.28946961307141755, -0.5585464007840897, 0.6266408956809412, 0.28897784671372073, 0.08928171221899221], [-0.35811647230031474, -0.5540987134670124, -0.29306914543689583, -0.46776009189660217, 0.3519169071969533, 0.3899902120833105, 0.12287015845471243, 0.2726240236726956, 0.4071921323926664, 0.031456739947395826]], "inverted": false, "swapped": false, "error_lsq": 0.046520849182388704, "error_max": 0.22059455671669792, "target": "492.xyz", "model": "0.xyz", "model_rescale": 3.8414455957264533, "target_rescale": 3.802335730827054},
{"mapping": [9, 8, 5, 10, 0, 11, 13, 4, 1, 14], "R": [[0.0924829316632722, 0.2905213670855711, -0.9523887035332251], [-0.0987247633758157, -0.9490994396150422, -0.2991047890268597], [-0.990807917029005, 0.12168643716184604, -0.0590938453944263]], "T": [-0.0757568565121361, 0.14747868176594678, -0.08755155693856047], "aligned_model": [[-0.6384774360227641, 0.029616393210573078, 0.1748605742825592, 0.47951940205944327, -0.300508593538592, 0.4111106884959531, -0.2550473603779957, -0.21322637244558953, 0.5056557146825071, 0.006344544891941681], [-0.1308469829714792, -0.43341006040112906, 0.6828866698065441, 0.21182587142607132, 0.03683758516705571, -0.38285719783808736, -0.5750083520600466, 0.5648750925048308, 0.2959440035226848, 0.16264205204424334], [-0.35474072913147353, -0.6126869156481021, -0.3788451797775771, -0.4824047147833248, 0.5927149893167676, 0.36848490054305943, 0.05637342982945605, 0.23291623136396078, 0.5356782252936783, -0.054484486359535345]], "inverted": false, "swapped": false, "error_lsq": 0.047319692989354886, "error_max": 0.21262771044459527, "target": "492.xyz", "model": "1.xyz", "model_rescale": 4.316132596720782, "target_rescale": 3.802335730827054},
{"mapping": [2, 0, 1, 9, 6, 3, 4, 8, 10, 11], "R": [[-0.03780281860839918, 0.5072263124155028, 0.860983399897252], [0.9927024086902145, 0.1177954589318278, -0.025810029749815888], [-0.11451146093691572, 0.8537246030473826, -0.5079777824528179]], "T": [0.1796168746433664, 0.018225242353923327, -0.03953648013513268], "aligned_model": [[-0.6116802527805734, -0.03944381026764937, 0.08899458995546862, 0.7541059946817645, -0.2183401945123865, 0.38462731282479484, -0.3170751712843623, -0.271492251126773, 0.32819692265277267, 0.10195441509498004], [0.1328808366102484, -0.27397620233839126, 0.4234006658035495, 0.22932628459515997, -0.08301129419594222, -0.4441798243555402, -0.5647504778112761, 0.5998206233831445, 0.46451077781049677, -0.05113270830076194], [-0.28738391825251935, -0.6482603835860207, -0.3891330206717475, -0.4582847412111437, 0.6728379282877563, 0.3789958165364464, 0.04858872821490269, 0.17326268627598618, 0.3799739354269262, 0.032408719626322594]], "inverted": false, "swapped": false, "error_lsq": 0.05413297689065659, "error_max": 0.22957792251974402, "target": "492.xyz", "model": "2.xyz", "model_rescale": 3.795458400668931, "target_rescale": 3.802335730827054},
{"mapping": [0, 7, 1, 8, 10, 5, 4, 2, 6, 11], "R": [[-0.3991363467225948, 0.18388146819096896, -0.898263759917361], [0.7006550614053288, 0.6930866185326459, -0.16945035891988403], [0.5914158111278692, -0.697006847073195, -0.40547354227008237]], "T": [0.07369566837088681, 0.014572497971477541, -0.0023060818383925912], "aligned_model": [[-0.6391531680636237, 0.08742228416321429, -0.011307316070492734, 0.727242274625798, -0.33813346352169715, 0.3384278292729652, -0.2900446943649882, -0.1390044442334791, 0.48548892800047155, -0.021090674570132084], [0.027991848974078484, -0.33936275420111817, 0.5184003517962774, 0.25078851121373213, -0.09805151906431543, -0.4138142939088367, -0.5064173754586823, 0.6277105394781102, 0.4086952456960572, -0.04305187332461525], [-0.3246016008708087, -0.6789475776871047, -0.37000273440135245, -0.359575959622622, 0.5949571200345211, 0.48782273293975575, 0.08264822131098601, 0.40579404750547216, 0.14732636006700625, -0.0824148586289442]], "inverted": true, "swapped": false, "error_lsq": 0.04646495886678546, "error_max": 0.29047435033027913, "target": "492.xyz", "model": "3.xyz", "model_rescale": 3.7530521520055578, "target_rescale": 3.802335730827054},
{"mapping": [0, 7, 1, 5, 4, 9, 6, 2, 3, 10], "R": [[-0.2616039110506474, -0.9610055868266896, -0.08961950575011524], [-0.24321668784400452, -0.024219287450607696, 0.9696695668471693], [-0.9340283916868892, 0.2754663104687665, -0.2273967355076324]], "T": [0.10342359084551256, -0.01465907599285926, 0.002861572003116805], "aligned_model": [[-0.6782506337623305, 0.06088755600277791, 0.043133034768454585, 0.6922502493815665, -0.4476195374087375, 0.4627891315607039, -0.33601194696643605, -0.1620077817519045, 0.5515851482282788, 0.013092335185663037], [-0.04758544545082988, -0.23444522070878482, 0.6699439884101555, 0.035940662909330845, -0.1071360783334812, -0.29035176372294064, -0.6035617071604358, 0.5389183551747201, 0.4763344197356253, -0.005168529652671883], [-0.25813966659159293, -0.5530482020467508, -0.3877911687624801, -0.40736101953762965, 0.4798420530014832, 0.3065286906080916, 0.08302167274998186, 0.29347161513646247, 0.37454206749767044, -0.028060291408327144]], "inverted": true, "swapped": false, "error_lsq": 0.04166663066946177, "error_max": 0.2094262794374818, "target": "492.xyz", "model": "4.xyz", "model_rescale": 3.7855080009869324, "target_rescale": 3.802335730827054},
{"mapping": [15, 8, 10, 7, 14, 11, 13, 3, 0, 16], "R": [[-0.9919493451199198, 0.09463893066682753, -0.08414255474135647], [0.08732392099175774, 0.029985110634704548, -0.9957285905119176], [-0.091711665227429, -0.9950599810777562, -0.03800795336173801]], "T": [0.10030954524146807, 0.05636420964026346, 0.09943826262127532], "aligned_model": [[-0.6090681197180219, -0.07968082199168483, -0.07301302228524756, 0.5940762391173386, -0.4975930902354234, 0.3739189045324911, -0.1109830781370037, -0.027909345606786484, 0.5767450759886007, 0.05335481357377364], [-0.049493029064586296, -0.22038802562291532, 0.464784637029689, 0.19937491408751576, -0.0070098707395458495, -0.6351068871559948, -0.627734259408986, 0.7237360414517494, 0.5177933030714947, 0.06693185755226691], [-0.30663522845670954, -0.522109436227115, -0.47858969185088596, -0.4456414217445077, 0.4095891339059944, 0.3812926028469948, -0.011161695903649071, 0.24293515991688086, 0.5100064787528261, 0.1233198494070796]], "inverted": false, "swapped": false, "error_lsq": 0.04533833757947416, "error_max": 0.17682630086936968, "target": "492.xyz", "model": "5.xyz", "model_rescale": 4.2253639853439635, "target_rescale": 3.802335730827054},
{"mapping": [1, 4, 10, 2, 9, 7, 0, 8, 11, 13], "R": [[0.06681213314659518, 0.5230850096996931, -0.8496577025437206], [0.7325292950454607, -0.603896103742687, -0.3141819978684359], [-0.6774488694835956, -0.6014079884004483, -0.4235226802941306]], "T": [0.1142928272860354, 0.052196323688311314, 0.03736636235867616], "aligned_model": [[-0.5374000010464759, -0.008203187508483534, -0.022769096939124545, 0.5089763436385295, -0.37088274339601646, 0.4572821496847257, -0.2558725880434723, -0.25500645972021974, 0.5335491216269176, 0.15017401694165625], [0.037905977802501406, -0.25072732674544485, 0.6026296243714688, 0.1723232853803547, 0.025134672051411136, -0.5875261171165914, -0.6435308302824453, 0.6621051551812438, 0.40481196404657693, 0.009762276511612149], [-0.29997326690640513, -0.5904419687216578, -0.4981237727660337, -0.49175181634198173, 0.4067831460994956, 0.3575299759658698, 0.1857036194732781, 0.231000371464226, 0.5900327704598654, 0.012246691920252639]], "inverted": true, "swapped": false, "error_lsq": 0.04756790457236393, "error_max": 0.20338093385366404, "target": "492.xyz", "model": "6.xyz", "model_rescale": 3.89814844738969, "target_rescale": 3.802335730827054},
{"mapping": [7, 4, 0, 2, 8, 9, 11, 6, 5, 12], "R": [[0.07954783881128091, 0.9207938402606768, -0.38185186274057914], [-0.2940454636840464, -0.34434548394921105, -0.8916072302144136], [-0.9524754099856274, 0.18320723627023908, 0.24336331266428002]], "T": [-0.025224233189673005, 0.08852100023256806, -0.0866540380297538], "aligned_model": [[-0.6009116758892101, 0.03662230299623375, -0.09586801781505927, 0.5381251722078847, -0.42380609325117835, 0.3650025319106829, -0.24975868962045134, -0.057009197375175506, 0.5858261339158651, 0.10162508815844437], [0.046155545656009156, -0.25856266321771726, 0.6221030975808911, 0.122200073213351, -0.08683635050162855, -0.1996960421270982, -0.6717560983777204, 0.5269632533407713, 0.3399817278472723, -0.0076638622134429235], [-0.39980546485477203, -0.6262869919085995, -0.3342625769606148, -0.514498650012118, 0.43109983466279167, 0.6634125505658001, 0.07736846172886674, 0.42728560606175525, 0.3207297556494974, -0.14203677428569786]], "inverted": false, "swapped": false, "error_lsq": 0.05637308237081769, "error_max": 0.380802841487075, "target": "492.xyz", "model": "7.xyz", "model_rescale": 3.7474275329858107, "target_rescale": 3.802335730827054},
{"mapping": [10, 11, 12, 13, 3, 8, 5, 1, 2, 14], "R": [[-0.9795871972402697, 0.10919253891263146, -0.16877770127824038], [-0.19905223514678894, -0.6440792308697287, 0.7386068995381284], [-0.028055849408294725, 0.7571254412632512, 0.6526667875002579]], "T": [-0.04425462507325122, 0.008840525026932215, -0.0474639283121374], "aligned_model": [[-0.6768823335793429, -0.037790407253104695, 0.005843150514979724, 0.6771487730050142, -0.26495569192970336, 0.36263680564607786, -0.23696308640654776, -0.03986467335028752, 0.4059448540973038, 0.004730164493647174], [0.055313639806764826, -0.23183892934217315, 0.38374757870688236, 0.3101735361248764, -0.1421097766466069, -0.3823063317941288, -0.6135981912523808, 0.6988741417180228, 0.3135977168859632, 0.0410352969934674], [-0.46325930072656735, -0.6206232165753832, -0.5348831860169249, -0.49118386516008533, 0.6178477148279056, 0.3354901366391392, 0.2499498531926917, 0.250254321397107, 0.5952124901245477, -0.03579919705552119]], "inverted": true, "swapped": false, "error_lsq": 0.04848707433668814, "error_max": 0.24305416387935994, "target": "492.xyz", "model": "8.xyz", "model_rescale": 4.019505241142653, "target_rescale": 3.802335730827054},
{"mapping": [10, 2, 1, 0, 11, 5, 6, 9, 8, 12], "R": [[-0.24426572313539996, 0.9413138201121629, 0.23294323035234782], [0.7023952334772985, 0.33736857499839124, -0.6267562369788803], [-0.6685620333892074, 0.010523149215025174, -0.7435819193882318]], "T": [0.13276049194466857, 0.032736729023290216, -0.038054676798135054], "aligned_model": [[-0.7502873932148618, 0.22279147726982956, -0.11925528032258628, 0.6398786171133644, -0.09388919663924064, 0.3414744429139768, -0.3651314086570546, -0.14477392270124226, 0.32882493338932695, 0.1402152860865244], [0.12786734110833936, -0.3469894559335301, 0.4141438133104532, 0.22954654423809676, -0.007761145367168272, -0.49258916871565733, -0.49633185007776587, 0.5876375936946361, 0.40549240925645696, 0.011872599686826496], [-0.2602175840922942, -0.48266080401207434, -0.5353694551374286, -0.3940647634973613, 0.5400797062199147, 0.3238788902794537, -0.022182314337219552, 0.24899887309210228, 0.4899120542001401, -0.005368852068323993]], "inverted": true, "swapped": false, "error_lsq": 0.06235839155482884, "error_max": 0.30418115146122526, "target": "492.xyz", "model": "9.xyz", "model_rescale": 3.877068213659057, "target_rescale": 3.802335730827054},
{"mapping": [1, 4, 8, 2, 12, 6, 3, 11, 10, 15], "R": [[0.2860506438883747, -0.3038824263714335, -0.908752166475358], [0.40980741599488124, -0.8184733922696925, 0.4026899402047941], [-0.8661598645323187, -0.487603093805969, -0.10959156894671584]], "T": [0.11509356233023307, 0.011684942752720834, -0.044803740712429374], "aligned_model": [[-0.6330080980355017, 0.012069947553646182, -0.05634483204810434, 0.54133780756876, -0.3160387192337054, 0.28153337356778085, -0.059180501812057446, -0.07885583882838723, 0.47041348445924025, 0.03792093204636486], [0.037916472999486445, -0.40917343710052734, 0.6873797414510636, 0.06738855991748394, -0.04363155151191907, -0.2964614867575832, -0.5938428823732443, 0.593977544831243, 0.3392812214519946, 0.050054498292690056], [-0.4836230916786082, -0.5647605068484567, -0.3755126032381888, -0.5503413836088857, 0.5628641430606667, 0.4627867855389069, 0.0308662420665594, 0.36504285451380963, 0.47446421572287983, -0.018780904881774214]], "inverted": true, "swapped": false, "error_lsq": 0.04286317978834591, "error_max": 0.21082672874717548, "target": "492.xyz", "model": "10.xyz", "model_rescale": 4.260839863003843, "target_rescale": 3.802335730827054},
{"mapping": [8, 7, 10, 6, 2, 3, 1, 4, 5, 11], "R": [[0.0249514262795551, -0.573594706832375, 0.8187591456713615], [0.4155327546900213, -0.7389581727303921, -0.5303520988312225], [0.909235918838636, 0.3534542845246638, 0.21990932823511483]], "T": [-0.022715896047474628, 0.056110311022595824, -0.03980621558432054], "aligned_model": [[-0.6937906174329983, 0.03877442441431516, -0.00013810244086501916, 0.7197157590992971, -0.4088907349649307, 0.28996373179116836, -0.17903268609674497, -0.0738160777638194, 0.5248207510669202, -0.017758892434306006], [-0.006437682198212183, -0.22634714628294395, 0.5483218462583509, 0.17292014232630532, -0.11577939973353836, -0.269638685633392, -0.6418192300692677, 0.626313098997764, 0.3455446648766434, -0.00018892734102202158], [-0.28751546837907305, -0.6280598637534083, -0.4278163183637701, -0.4118358318799211, 0.5002678971675301, 0.507872625457646, 0.06845301017166242, 0.4166589097156559, 0.2304571321410314, -0.0654763416304439]], "inverted": true, "swapped": false, "error_lsq": 0.04218812639634806, "error_max": 0.2470168946123219, "target": "492.xyz", "model": "11.xyz", "model_rescale": 3.890672605050136, "target_rescale": 3.802335730827054},
{"mapping": [1, 11, 4, 10, 8, 5, 6, 3, 7, 13], "R": [[0.18769699564380965, -0.2858590518833289, -0.9397097638540595], [-0.9663329506385003, 0.11767123820256992, -0.22881020128080845], [0.17598427866311717, 0.9510194962019647, -0.25414848318883193]], "T": [-0.009063274049357747, -0.09149668299471729, -0.07875985936781026], "aligned_model": [[-0.7104618164642811, 0.06820162087530952, 0.07238254625300926, 0.6446116270650392, -0.30247453481667974, 0.481729741725195, -0.3616374996602873, -0.24352321145425387, 0.4564287728967133, 0.09459030881827205], [-0.04885341134731576, -0.3272797357278009, 0.5601259287777784, 0.10523007969728011, -0.05677394287688073, -0.3145758612702086, -0.5430567890459482, 0.6824932933116987, 0.3418808987164312, 0.033698220965653156], [-0.41270585271353866, -0.5698796532586697, -0.32332394914226475, -0.656296186308698, 0.578427487750021, 0.48189161679354864, -0.016766069360973287, 0.36736928149985504, 0.48910033132753616, -0.03481125593990733]], "inverted": true, "swapped": false, "error_lsq": 0.04703092098722409, "error_max": 0.20206258065455826, "target": "492.xyz", "model": "12.xyz", "model_rescale": 4.124412569039231, "target_rescale": 3.802335730827054},
{"mapping": [4, 2, 10, 11, 0, 6, 1, 7, 9, 12], "R": [[-0.19314694595602444, 0.6387697299268688, -0.7447600213471558], [0.344759445487713, -0.6664681981286356, -0.66103030613594], [-0.9186050195894128, -0.3844390367955953, -0.09149560083856284]], "T": [-0.04345911578547724, 0.08923786516719857, 0.20638017492233512], "aligned_model": [[-0.6312494685401328, 0.016879795585320455, 0.02671408974513622, 0.5827893195769157, -0.5430252675694177, 0.356442644330354, -0.09522758086653971, 0.005313535623553349, 0.5234892047048563, -0.04227871735200938], [-0.03114834148421479, -0.2270288057014877, 0.5057801459872674, 0.20958247045064332, -0.07384358837984027, -0.37142962365406956, -0.7078118639918143, 0.7111308431484897, 0.29890644899270175, 0.11875099583301157], [-0.3018382015716358, -0.5928257574387465, -0.398746193543198, -0.5577421546308727, 0.4525620038512701, 0.4811107006806618, 0.048595339848022945, 0.26921350149461293, 0.41434641941934536, 0.08833009253744908]], "inverted": false, "swapped": false, "error_lsq": 0.03932365247286414, "error_max": 0.1826574279429656, "target": "492.xyz", "model": "13.xyz", "model_rescale": 3.9028299243045295, "target_rescale": 3.802335730827054},
{"mapping": [11, 1, 13, 8, 7, 3, 6, 10, 4, 15], "R": [[0.35597301508654644, -0.7714101665533105, -0.5274557492988274], [0.7177411899422669, -0.13576143783222325, 0.6829468619577854], [-0.5984403034475974, -0.6216873707386386, 0.505345442517914]], "T": [0.111712982590183, 0.023955795547354063, -0.10982145621287187], "aligned_model": [[-0.502231254838674, -0.14880620641039102, -0.0426852399161432, 0.7404674127003196, -0.3150800367348259, 0.34201659399435125, -0.16232109660485064, -0.1662541656134602, 0.4344478404854992, 0.020293708176211234], [-0.047556715124606616, -0.44499383595757835, 0.7560822775998113, 0.1884131866175292, 0.02133440158215356, -0.34485765766464505, -0.5558819080815389, 0.5611074137907901, 0.2940738918455482, 0.005167626593223836], [-0.5145622652292325, -0.4764476296057128, -0.3796424245596888, -0.5271088783776104, 0.6892209724392568, 0.33697416657476187, 0.07211760814478368, 0.32555769531710904, 0.42144279012245056, -0.04454628417920842]], "inverted": false, "swapped": false, "error_lsq": 0.049918311723350456, "error_max": 0.25258316570333417, "target": "492.xyz", "model": "14.xyz", "model_rescale": 3.942246331269136, "target_rescale": 3.802335730827054},
{"mapping": [11, 6, 10, 9, 12, 0, 8, 3, 5, 14], "R": [[0.0301433783265303, 0.41344963950961555, -0.9100278964583629], [0.8706691367217559, -0.4580404446353344, -0.1792601613255374], [-0.4909446314028255, -0.7869296961404078, -0.37378472712125316]], "T": [-0.009828545038150845, 0.09773552089149606, 0.00928524648454557], "aligned_model": [[-0.5301267535560091, 0.04239277024667389, -0.02930829612486146, 0.6031844606246358, -0.4298954855804523, 0.29911842890107027, -0.1856754796934544, -0.0788506551180754, 0.48272547859762643, 0.026283086940882605], [-0.08447844693688955, -0.20941239680916046, 0.5321860354052896, 0.17928310002655007, 0.04870573619222367, -0.4541237089452491, -0.6512355897695505, 0.6442450919595186, 0.37886253846931617, 0.048856321608638884], [-0.4491892553123303, -0.45517409535335374, -0.5562886264794217, -0.5062022444964192, 0.7087250965349426, 0.3844127456179072, -0.07414770417215262, 0.4709248976756099, 0.29413203333165133, 0.08581290330047518]], "inverted": false, "swapped": false, "error_lsq": 0.04611624177381104, "error_max": 0.1810584906932896, "target": "492.xyz", "model": "15.xyz", "model_rescale": 4.355366556412066, "target_rescale": 3.802335730827054},
{"mapping": [2, 0, 1, 9, 6, 3, 4, 8, 10, 11], "R": [[-0.03780281860839918, 0.5072263124155028, 0.860983399897252], [0.9927024086902145, 0.1177954589318278, -0.025810029749815888], [-0.11451146093691572, 0.8537246030473826, -0.5079777824528179]], "T": [0.1796168746433664, 0.018225242353923327, -0.03953648013513268], "aligned_model": [[-0.6116802527805734, -0.03944381026764937, 0.08899458995546862, 0.7541059946817645, -0.2183401945123865, 0.38462731282479484, -0.3170751712843623, -0.271492251126773, 0.32819692265277267, 0.10195441509498004], [0.1328808366102484, -0.27397620233839126, 0.4234006658035495, 0.22932628459515997, -0.08301129419594222, -0.4441798243555402, -0.5647504778112761, 0.5998206233831445, 0.46451077781049677, -0.05113270830076194], [-0.28738391825251935, -0.6482603835860207, -0.3891330206717475, -0.4582847412111437, 0.6728379282877563, 0.3789958165364464, 0.04858872821490269, 0.17326268627598618, 0.3799739354269262, 0.032408719626322594]], "inverted": false, "swapped": false, "error_lsq": 0.05413297689065659, "error_max": 0.22957792251974402, "target": "492.xyz", "model": "16.xyz", "model_rescale": 3.795458400668931, "target_rescale": 3.802335730827054},
{"mapping": [7, 4, 0, 2, 8, 9, 11, 6, 5, 12], "R": [[0.07954783881128091, 0.9207938402606768, -0.38185186274057914], [-0.2940454636840464, -0.34434548394921105, -0.8916072302144136], [-0.9524754099856274, 0.18320723627023908, 0.24336331266428002]], "T": [-0.025224233189673005, 0.08852100023256806, -0.0866540380297538], "aligned_model": [[-0.6009116758892101, 0.03662230299623375, -0.09586801781505927, 0.5381251722078847, -0.42380609325117835, 0.3650025319106829, -0.24975868962045134, -0.057009197375175506, 0.5858261339158651, 0.10162508815844437], [0.046155545656009156, -0.25856266321771726, 0.6221030975808911, 0.122200073213351, -0.08683635050162855, -0.1996960421270982, -0.6717560983777204, 0.5269632533407713, 0.3399817278472723, -0.0076638622134429235], [-0.39980546485477203, -0.6262869919085995, -0.3342625769606148, -0.514498650012118, 0.43109983466279167, 0.6634125505658001, 0.07736846172886674, 0.42728560606175525, 0.3207297556494974, -0.14203677428569786]], "inverted": false, "swapped": false, "error_lsq": 0.05637308237081769, "error_max": 0.380802841487075, "target": "492.xyz", "model": "17.xyz", "model_rescale": 3.7474275329858107, "target_rescale": 3.802335730827054},
{"mapping": [0, 6, 8, 5, 1, 7, 2, 3, 11, 13], "R": [[0.522213787708677, -0.3416265524125299, -0.7813987833454092], [0.82269789329502, 0.4431511685915214, 0.35606911989655166], [0.22463511812468842, -0.8287993366688331, 0.512475095241134]], "T": [0.16450294580413355, 0.055836004746899454, -0.0451700401657497], "aligned_model": [[-0.6268527079958481, -0.04038310649428983, -0.08048928194579016, 0.6475087069897303, -0.2964835148567179, 0.4564766671482046, -0.25563761882396974, -0.0872640816355657, 0.40193563414380573, 0.08103685870847688], [0.01877180591330993, -0.48938065135493425, 0.6186271242462702, 0.28302278548487636, 0.03307498327644953, -0.41760444818290454, -0.51319856905384, 0.6141788772302651, 0.2896095781957877, -0.004212804554592761], [-0.3126113704505373, -0.5508965620558264, -0.4194686046480013, -0.5333416677617523, 0.4700889585899047, 0.46279134184120346, 0.014111353062411694, 0.2471581691306437, 0.5956983524631796, -0.07052421952431721]], "inverted": true, "swapped": false, "error_lsq": 0.04478628392405099, "error_max": 0.24185127126913855, "target": "492.xyz", "model": "18.xyz", "model_rescale": 3.922800546911778, "target_rescale": 3.802335730827054},
{"mapping": [12, 7, 13, 11, 5, 2, 3, 8, 6, 14], "R": [[0.8064882071618023, -0.5071893770607776, -0.30386791127995544], [-0.3518740843034714, -0.8247465834318288, 0.4426936885851428], [-0.4751435577849456, -0.25010399619803414, -0.8436151910564662]], "T": [0.11088679134166374, 0.059621876293231804, 0.11990753641287032], "aligned_model": [[-0.5841047344570878, -0.0018595676525276217, 0.01707880147212082, 0.5143087417732036, -0.5661000814574197, 0.5217149883320386, -0.1855115563901763, -0.1250786760572911, 0.5045995967749042, 0.10480004290027185], [0.008574167258836737, -0.28823766551575036, 0.4681316561685056, 0.10795106700234743, 0.030021402575759075, -0.4826212746330213, -0.48904722074872375, 0.5983192850966208, 0.4747929524068901, 0.005004311589223154], [-0.24477719734599757, -0.5903691820318873, -0.4242740211605892, -0.4650357360539723, 0.4711144643045822, 0.34423212405094655, -0.022428281279324905, 0.28877450762194423, 0.5051230297534499, 0.04064604278775767]], "inverted": false, "swapped": false, "error_lsq": 0.04620445633374813, "error_max": 0.19735700698156264, "target": "492.xyz", "model": "19.xyz", "model_rescale": 3.9282355846067225, "target_rescale": 3.802335730827054},
{"mapping": [0, 4, 5, 6, 10, 9, 11, 2, 7, 13], "R": [[-0.43514291915324266, -0.8847929753734038, 0.16670941977187043], [-0.5930829172480065, 0.4209910293134603, 0.6863083902344395], [-0.6774240128452702, 0.19976972735495338, -0.7079468644277893]], "T": [0.1516309645113181, 0.02375773969327631, -0.056866175979637876], "aligned_model": [[-0.5791638207716813, 0.02535432933889689, 0.15488027682031869, 0.5934192551874068, -0.4203591005140792, 0.34399115187621576, -0.25575596016977253, -0.1787935250898219, 0.5188887321545333, -0.0026137835939800957], [-0.1830266018262411, -0.392986079123304, 0.6637886965166936, 0.2782860714081333, 0.01145575601731795, -0.509092194058898, -0.5589938899620367, 0.6835740562256134, 0.37299011852272823, 0.0668927474806807], [-0.30861248896624927, -0.5148472299846224, -0.3362225228304148, -0.4653787077739705, 0.5872691946540072, 0.3399881192661482, 0.03144918541867643, 0.30943738047238806, 0.3054268739985076, -0.04550405360756152]], "inverted": true, "swapped": false, "error_lsq": 0.040032910080454356, "error_max": 0.204977744299994, "target": "492.xyz", "model": "20.xyz", "model_rescale": 4.067790424073018, "target_rescale": 3.802335730827054},
{"mapping": [13, 11, 9, 12, 4, 2, 6, 7, 0, 14], "R": [[-0.6583795264829799, 0.5967039846914881, 0.4587818149854546], [-0.5178003382606242, -0.8014384769600463, 0.2992978071171671], [0.5462775931751465, -0.040505830460096814, 0.8366242100809106]], "T": [-0.07141258708738615, 0.05085252852791648, 0.0028186514025984166], "aligned_model": [[-0.5885269089962822, 0.04806974894161689, 0.055312251394500384, 0.4811078561870993, -0.36102708294267594, 0.2995085782416629, -0.17127591606720632, 0.040093384331485044, 0.4710390896795803, -0.07445344553174406], [-0.030683968370737627, -0.27846880063407564, 0.6856307212034417, 0.20352480171463072, -0.2511660134576606, -0.3335904936160962, -0.6772321793842833, 0.759303797874043, 0.2751676381982515, 0.08040317767317401], [-0.46201258983167603, -0.5405998682626586, -0.42735266433593855, -0.5055377232613326, 0.6864711499891768, 0.5208369747992238, 0.08928758411745806, 0.20855434229890907, 0.40267730076165764, -0.0693187556279105]], "inverted": true, "swapped": false, "error_lsq": 0.04921439835753566, "error_max": 0.2606476581326066, "target": "492.xyz", "model": "21.xyz", "model_rescale": 4.186013935880536, "target_rescale": 3.802335730827054},
{"mapping": [3, 6, 11, 10, 2, 1, 0, 8, 9, 12], "R": [[-0.9189843728962896, 0.3658416750976792, 0.14706322155500828], [0.3726235190141014, 0.6838603069065405, 0.6272852570523556], [0.12891638937683952, 0.6312645637127244, -0.7647781476680819]], "T": [0.03749470092691308, 0.027563085713923664, -0.05409971643071414], "aligned_model": [[-0.6458022192287718, -0.10042514925988548, -0.1326413471689189, 0.7612669505068149, -0.3344073292126166, 0.3889939343467229, -0.18445457001326576, -0.061499371678035764, 0.49343043758143684, 0.015386219364556128], [-0.014426501094084575, -0.35880170912517356, 0.59292704402327, 0.2541639741237952, 0.026927841652569874, -0.44482477298762285, -0.6228450524448139, 0.6190432385795617, 0.34567345716578657, 0.0350511613073991], [-0.6735194838276194, -0.4303352932314573, -0.27856195934693273, -0.402101441638752, 0.5872953874702045, 0.37997543350187474, 0.16837773400500755, 0.4234141923287518, 0.22226807448274705, -0.09380689309691528]], "inverted": false, "swapped": false, "error_lsq": 0.052674468614360405, "error_max": 0.2917831832414497, "target": "492.xyz", "model": "22.xyz", "model_rescale": 4.166573947596378, "target_rescale": 3.802335730827054},
{"mapping": [10, 9, 12, 11, 0, 4, 8, 6, 2, 15], "R": [[-0.6662408262030214, 0.5051516749774655, 0.5485844937361761], [-0.425834877993804, -0.8616056069703061, 0.27622533323598814], [0.612199165455424, -0.04957381672608765, 0.7891480333314471]], "T": [-0.05770468704831724, 0.08312124708535473, -0.06043769655415017], "aligned_model": [[-0.7254265822754116, 0.07032936270033635, 0.11275793826679739, 0.5919223613510014, -0.35541459058157976, 0.21720874812927268, -0.1099949667884588, 0.03992482481472446, 0.43587536514467573, -0.07733490552332155], [-0.06490235886623158, -0.2493417140932156, 0.599869647665613, 0.21984155197744745, -0.2047328693640053, -0.34026162070535854, -0.7188677714837441, 0.7763887266441931, 0.3024676090345326, 0.1124274803914565], [-0.36568794769164764, -0.5436817630789548, -0.42553349096657644, -0.48633156084971196, 0.643312673832529, 0.4734378168239802, 0.029886613354408356, 0.23781775128609267, 0.3409039842689538, -0.001118326332164396]], "inverted": true, "swapped": false, "error_lsq": 0.046746943154231294, "error_max": 0.22516767131642987, "target": "492.xyz", "model": "23.xyz", "model_rescale": 4.274766983524099, "target_rescale": 3.802335730827054},
{"mapping": [6, 3, 5, 4, 8, 1, 0, 7, 9, 10], "R": [[-0.3552968932232349, 0.9300068197743608, -0.09408205375679787], [-0.2550302442111553, 0.00038665196941761737, 0.9669329992496136], [0.8992906605783895, 0.36754205973389537, 0.23704249012160236]], "T": [-0.00756565726309763, -0.048566415329949916, -0.04079459533842342], "aligned_model": [[-0.6374087797566653, -0.017943572586347836, 0.0034346431112980066, 0.5769618562003855, -0.39665141455942954, 0.48794307344692667, -0.23215267927701494, -0.07400411758809021, 0.4691342865463476, 0.020534259700626285], [0.061168215930989756, -0.23180632789944738, 0.5541542646198946, 0.23447862541848818, 0.09144563206851765, -0.33515222940443035, -0.7467664350153407, 0.5548779524379774, 0.3227713446831534, -0.07228236163911517], [-0.2559015637664286, -0.5721416731576073, -0.5911106172429116, -0.2974922732056585, 0.5707771729412985, 0.2711718282799165, 0.0500169910065352, 0.13940890762588865, 0.5613107838119378, 0.026966194353938336]], "inverted": false, "swapped": false, "error_lsq": 0.050876588412028835, "error_max": 0.21829813737510095, "target": "492.xyz", "model": "24.xyz", "model_rescale": 3.7841303162186577, "target_rescale": 3.802335730827054},
{"mapping": [12, 13, 9, 10, 4, 6, 3, 8, 0, 15], "R": [[-0.624986302291185, -0.5541439047242347, 0.5498332972868863], [0.7236793974313109, -0.1471808354484746, 0.6742595430619753], [-0.29271189193786784, 0.8193060078710928, 0.4930085331761376]], "T": [0.0887482174461812, 0.11537220672798883, -0.005956058143713045], "aligned_model": [[-0.5057687836842354, -0.052462913732487265, -0.14588656218319657, 0.6471552689778712, -0.34609733358133044, 0.206601834926189, -0.2698730569175838, -0.017050916888092627, 0.5919629169060598, 0.09126710141484251], [0.009148360134594816, -0.4250828812524781, 0.49291981262175844, 0.37393670183237676, -0.09713395496068201, -0.4495351692940818, -0.6014771438496694, 0.6150564326204744, 0.4605311933107336, 0.054525330037660996], [-0.46469120636099853, -0.5536491396942355, -0.3861468444580051, -0.48196138579067954, 0.5618949970232939, 0.4288043742851864, 0.07478846354816264, 0.29166786765394315, 0.40510377883901844, 0.027194845601223348]], "inverted": true, "swapped": false, "error_lsq": 0.04383506633082716, "error_max": 0.1833952687202526, "target": "492.xyz", "model": "25.xyz", "model_rescale": 4.19342608120988, "target_rescale": 3.802335730827054},
{"mapping": [2, 0, 1, 9, 6, 3, 4, 8, 10, 11], "R": [[-0.03780281860839918, 0.5072263124155028, 0.860983399897252], [0.9927024086902145, 0.1177954589318278, -0.025810029749815888], [-0.11451146093691572, 0.8537246030473826, -0.5079777824528179]], "T": [0.1796168746433664, 0.018225242353923327, -0.03953648013513268], "aligned_model": [[-0.6116802527805734, -0.03944381026764937, 0.08899458995546862, 0.7541059946817645, -0.2183401945123865, 0.38462731282479484, -0.3170751712843623, -0.271492251126773, 0.32819692265277267, 0.10195441509498004], [0.1328808366102484, -0.27397620233839126, 0.4234006658035495, 0.22932628459515997, -0.08301129419594222, -0.4441798243555402, -0.5647504778112761, 0.5998206233831445, 0.46451077781049677, -0.05113270830076194], [-0.28738391825251935, -0.6482603835860207, -0.3891330206717475, -0.4582847412111437, 0.6728379282877563, 0.3789958165364464, 0.04858872821490269, 0.17326268627598618, 0.3799739354269262, 0.032408719626322594]], "inverted": false, "swapped": false, "error_lsq": 0.05413297689065659, "error_max": 0.22957792251974402, "target": "492.xyz", "model": "26.xyz", "model_rescale": 3.795458400668931, "target_rescale": 3.802335730827054},
{"mapping": [0, 7, 3, 10, 1, 8, 6, 9, 11, 12], "R": [[0.5598356053463932, -0.7748683610113494, -0.29353554825612316], [-0.4642383778532999, -0.586748501649326, 0.6634824220282011], [-0.6863430800369262, -0.23517061660814742, -0.6882063335726935]], "T": [0.04069244050896587, 0.14559684236915094, 0.10303622115138926], "aligned_model": [[-0.6581829899921461, 0.08170850472260335, -0.18223682929122972, 0.5909411767284406, -0.36182801643969303, 0.3001890798450734, -0.1737914108879049, -0.09901009092237179, 0.6657781107281368, 0.03628002074712762], [0.06805569750710527, -0.11406117912012492, 0.5212497508803828, 0.13899655351218637, -0.08805825953510574, -0.368987710735564, -0.6505780128679179, 0.5271664397958623, 0.33899041868318086, 0.06011498308068211], [-0.3406232153404796, -0.6657963308273324, -0.49216457844590683, -0.34958856052224757, 0.46873520343488345, 0.5486997062895136, 0.1389421684869439, 0.24182431554965456, 0.391898508860349, -0.038921466838469296]], "inverted": true, "swapped": false, "error_lsq": 0.049344026020118295, "error_max": 0.22595874922564538, "target": "492.xyz", "model": "27.xyz", "model_rescale": 3.6321398670334006, "target_rescale": 3.802335730827054},
{"mapping": [0, 8, 3, 7, 13, 6, 9, 1, 4, 14], "R": [[0.8380321533007667, -0.0712792146389977, 0.5409448988524878], [-0.443171436166508, -0.6672564120862471, 0.598638420664681], [0.31827847586696045, -0.741409572429596, -0.5907712397447668]], "T": [-0.10178903061393729, -0.023417221710524322, -0.09838430469938415], "aligned_model": [[-0.5807603297496373, 0.07203121920707317, 0.0006067833804649647, 0.5787260979718338, -0.2971404801868399, 0.3434614736761188, -0.20466248909048518, -0.09045288416144164, 0.4926740604609442, -0.11463589626999439], [0.17022176113828907, -0.19814953831263624, 0.533781325513926, 0.1615220670253192, -0.202314326627059, -0.30090176397671975, -0.6457618970392262, 0.5415919622379902, 0.37403283532937426, -0.0011337440885698241], [-0.44838735203666547, -0.5525701191867854, -0.48646284856600785, -0.420228992789196, 0.6738274336964383, 0.4749059833515625, 0.12224279665336411, 0.2592514177665714, 0.32008234614355896, -0.039654914385931786]], "inverted": false, "swapped": false, "error_lsq": 0.04540704028298581, "error_max": 0.2327808898029857, "target": "492.xyz", "model": "28.xyz", "model_rescale": 4.156811204709835, "target_rescale": 3.802335730827054},
{"mapping": [7, 8, 6, 3, 5, 4, 4, 0, 1, 9], "R": [[-0.8561465865864026, 0.33902371386111246, 0.3899691573910298], [0.31108241206062154, -0.2644414254092555, 0.91285183104054], [0.41260241781041085, 0.9028475253149557, 0.12093630906251213]], "T": [0.1663090488191135, 0.11455930975611336, -0.11305777537486694], "aligned_model": [[-0.5076411341803976, 0.02677545215335686, -0.22622682576190387, 0.7763711112555394, -0.302111573040462, 0.040776091067040054, 0.040776091067040054, -0.07189258467815574, 0.4042980638723751, 0.018722863483604274], [-0.19297433436366115, -0.20265207105005748, 0.6922903100868517, 0.09294180075184238, 0.188367326786688, -0.6159495334211263, -0.6159495334211263, 0.716711427318047, 0.3464795039303059, 0.023623784582923787], [-0.3178431863469285, -0.7447371894368227, -0.3048983269878415, -0.5072591892957803, 0.5356993129963644, 0.2762876182346239, 0.2762876182346239, 0.32534396546605193, 0.4566696002852815, -0.09254447250266412]], "inverted": true, "swapped": false, "error_lsq": 0.07459406454442638, "error_max": 0.39332810375602617, "target": "492.xyz", "model": "29.xyz", "model_rescale": 4.117894457231895, "target_rescale": 3.802335730827054},
{"mapping": [12, 3, 4, 0, 10, 9, 11, 7, 8, 14], "R": [[-0.6991431226536715, -0.630653695125246, -0.33686022453080827], [0.6811386787809007, -0.7307302622142018, -0.04564410315662694], [-0.21736833788452772, -0.26136028908240283, 0.9404476620078763]], "T": [0.09416352697847866, 0.023732322069414696, 0.0343231052011892], "aligned_model": [[-0.5404275695771925, 0.13138398555519992, -0.15881566342339345, 0.6618300461795724, -0.3426248535762857, 0.20752257991001832, -0.24997818138947295, -0.16980597853063292, 0.6000516511441754, 0.06071153894604771], [-0.11741937709425129, -0.08890553800910517, 0.5933375737900386, 0.07646391911189841, 0.03205670988868571, -0.47970509059823097, -0.6134099186928468, 0.556187395326806, 0.43158471577804147, 0.042698291699651426], [-0.3720612705526941, -0.5001706281597237, -0.42511076228422806, -0.48457626160715916, 0.6030652083313635, 0.3857836424672286, 0.0008584984218920205, 0.30601292094304183, 0.31632189497058033, 0.07288250811660767]], "inverted": false, "swapped": false, "error_lsq": 0.0476491610866046, "error_max": 0.2393601760743867, "target": "492.xyz", "model": "30.xyz", "model_rescale": 4.100398675895297, "target_rescale": 3.802335730827054},
{"mapping": [3, 4, 0, 5, 6, 9, 7, 1, 8, 11], "R": [[-0.8273583741488256, -0.051888009421235386, 0.5592725231978718], [0.03026551443746072, -0.9983956319832413, -0.04785562320794026], [0.5608583772768737, -0.022667079985879995, 0.8276014041332131]], "T": [0.10890644292552998, 0.03576121002669964, -0.035819019260449544], "aligned_model": [[-0.6750897019630564, 0.016622096820497728, -0.09495822597275758, 0.6488553458195486, -0.49003280672083127, 0.2283058943726305, -0.09994003165764165, -0.06429664380467337, 0.5616263125140883, 0.16875531583023115], [0.03591256267415391, -0.221915337624639, 0.5305729493082576, 0.2527284935517323, -0.09513503758912958, -0.30634331266929143, -0.5676694101150112, 0.5531457020889591, 0.2497096547273039, 0.0018824168483519213], [-0.3352092236859702, -0.6107549421439982, -0.42884401011698986, -0.6914551780362868, 0.528152035377929, 0.6371297119883994, 0.0791736564160437, 0.2688382245720518, 0.4998196939483563, -0.04384421767262644]], "inverted": false, "swapped": false, "error_lsq": 0.05522915839718449, "error_max": 0.3322164290454352, "target": "492.xyz", "model": "31.xyz", "model_rescale": 3.8381024199148657, "target_rescale": 3.802335730827054},
{"mapping": [11, 9, 8, 0, 14, 5, 10, 12, 3, 15], "R": [[-0.2621625073607655, -0.34745645930621577, -0.9003026316859821], [-0.9631362254933009, 0.15252847347926357, 0.22159349250509008], [0.06032769576930941, 0.9252075840936853, -0.374635149790689]], "T": [0.10288637593666167, 0.14678668693476876, -0.023674977905466167], "aligned_model": [[-0.5983874429947236, -0.05694040629970443, -0.024409872764830226, 0.5767706724843404, -0.5006206446388954, 0.36739431798600736, -0.15769006021254467, -0.07316310182263999, 0.5915349590698792, 0.07535913443114794], [-0.02524197940126016, -0.2737585623042903, 0.38081587641251613, 0.3176477433791949, 0.01891611246520447, -0.5235372597542558, -0.5196227017671264, 0.5936947029726221, 0.41669669845317586, 0.047278050744906625], [-0.37393985216154185, -0.5340983398465442, -0.535496907220231, -0.34076069827122313, 0.4398644788292172, 0.2724241446689137, 0.12221321583097916, 0.36681560606107577, 0.38276608607526835, 0.10321801668099503]], "inverted": false, "swapped": false, "error_lsq": 0.04786768180937505, "error_max": 0.2452228586307637, "target": "492.xyz", "model": "32.xyz", "model_rescale": 4.180218895210482, "target_rescale": 3.802335730827054},
